hfq_hcd_1,hfq_hcd_2,nb_ints,bp_fdr
41592,61714,103306,1.2558312576975497e-17
56597,28619,85216,0.9999986385265557
16227,6675,22902,0.062099160786923215
11035,6600,17635,0.008708563574949531
6899,9628,16527,0.0014153076440300062
3,14545,14548,NaN
5725,7739,13464,0.0608267996489403
7547,5793,13340,0.44866759124185646
7736,3494,11230,4.9101505171694386e-17
10846,1,10847,0.07398859749715625
3697,6178,9875,6.249875857917013e-7
2846,6712,9558,3.422959150634121e-14
8820,94,8914,0.32204760611626027
952,5858,6810,5.609881753859683e-19
3,6750,6753,0.20940303286125617
3411,2439,5850,1.5674625245566799e-9
5469,23,5492,0.818604818593013
839,3339,4178,0.9988805798019055
390,3687,4077,8.728712988428855e-7
897,3156,4053,0.005955443025925246
1068,2917,3985,0.7568905880642025
3461,1,3462,0.4174898299983538
2371,1040,3411,0.12546626889347998
44,3319,3363,0.44866759124185646
628,2719,3347,0.9124073000580284
1262,1964,3226,2.051238682377242e-5
2,3194,3196,0.2890095113059234
1666,1432,3098,6.625904265499224e-9
1418,1502,2920,0.19153638928482689
1722,1115,2837,0.00013160128422571492
2756,8,2764,0.1351035968928952
1694,973,2667,7.515827686866755e-12
1156,1317,2473,1.2618991849783175e-19
1486,862,2348,0.9987537809787899
1039,1236,2275,6.881807885294041e-9
2235,0,2235,NaN
1039,1138,2177,1.0026690181036177e-5
699,1413,2112,0.006531896091517178
2,2069,2071,0.5857933458990237
1059,999,2058,6.573304205259172e-5
1978,4,1982,NaN
1073,852,1925,0.9481906106540485
1840,12,1852,0.3241564350249532
1130,712,1842,0.8950917548841388
907,924,1831,0.22592850128792766
402,1339,1741,2.4649144082583096e-31
24,1715,1739,0.7076083448059517
1708,1,1709,NaN
431,1273,1704,4.3005227363754386e-11
1688,2,1690,0.10305057059282668
545,1098,1643,5.392780104649401e-11
778,845,1623,1.4768326939910967e-13
336,1277,1613,0.9999149485132403
468,1024,1492,4.2727378501809925e-9
1468,3,1471,0.999916779459509
955,513,1468,0.7742996008795586
428,1034,1462,0.2208805808629056
849,547,1396,0.34470055684969636
663,720,1383,0.247647584049356
656,682,1338,1.410059141805216e-16
606,722,1328,0.7099946859060099
897,410,1307,0.7731629344482169
428,841,1269,1.4839266344753648e-12
180,1077,1257,1.2972428588229796e-18
718,535,1253,2.0427772990650728e-7
521,717,1238,2.3476959835029928e-5
324,906,1230,7.003885288221225e-36
563,629,1192,0.004639899262517582
633,553,1186,6.914158309995781e-6
2,1179,1181,0.9712092617215249
829,340,1169,0.0034278607132651935
708,460,1168,0.7094866326432423
360,802,1162,0.5462270710137707
0,1128,1128,0.8460613307452832
158,962,1120,0.9928169178499623
688,421,1109,0.669157251650228
282,817,1099,0.6291723264168632
562,535,1097,0.7435026469914164
1035,48,1083,0.7435026469914164
509,564,1073,0.1621397579903595
584,487,1071,0.004531537018677474
384,672,1056,8.464142141957693e-5
665,371,1036,5.062937896635115e-15
195,819,1014,0.005176379628074935
572,440,1012,0.03376244827358014
56,956,1012,0.6291723264168632
114,883,997,1.344152294719795e-13
184,799,983,0.00048635011412236903
96,887,983,0.9986143439135612
156,816,972,3.392689208653268e-9
657,300,957,0.9947688305796785
682,269,951,0.0034189502582752966
944,0,944,0.08509261982872529
155,787,942,0.00041421173827162926
650,265,915,8.370573312912316e-9
635,271,906,0.9255431095586868
661,245,906,0.964109046255293
459,426,885,0.3237841526897692
598,280,878,0.6369711516550383
770,108,878,0.7238406391820129
136,740,876,7.038069368074896e-11
694,179,873,0.03751314847513015
870,0,870,0.2506505417905184
532,336,868,5.740194481607443e-11
496,369,865,0.0006984542439623547
238,607,845,0.9470756569659818
499,338,837,0.98501910208294
542,286,828,0.005381565807703581
163,665,828,8.433134493643772e-5
495,329,824,1.0012503631399805e-7
367,447,814,6.093130310494899e-6
496,312,808,0.21780701902471042
109,693,802,0.3089837028617113
439,339,778,0.912484067245082
194,570,764,0.006275994094620498
604,144,748,0.0018266928952360266
468,277,745,0.009227843620324198
4,734,738,0.8014889144615878
317,418,735,0.12850144349580897
444,290,734,0.9674467168792132
202,526,728,6.741865846367594e-5
265,449,714,1.9577150353822273e-19
409,302,711,0.012151697973575645
651,60,711,1.464326668966242e-25
375,331,706,0.5929840951368425
309,395,704,0.6648127995531528
326,376,702,3.7402423055628486e-14
323,378,701,0.18376814072236525
500,200,700,0.014763730349295769
695,1,696,0.9370946320424296
503,188,691,7.6581143833759955e-19
213,474,687,4.662273551166912e-15
307,374,681,0.9764973997616925
120,554,674,2.1827647119672653e-5
373,295,668,0.2925302080168306
115,548,663,0.0166184400942462
1,658,659,0.7130854953328053
617,39,656,0.0033916228585057122
434,215,649,0.00055488143470991
246,402,648,0.07797528307509231
427,219,646,0.006514576717819695
173,469,642,0.0007993983590752217
196,433,629,0.49760645166926687
524,95,619,0.0004549991174420013
285,332,617,3.972009571793471e-12
82,535,617,0.006531896091517178
616,0,616,0.5857933458990237
104,500,604,0.3459588858218752
307,295,602,0.9899262932434983
598,2,600,0.21456898732814847
166,433,599,1.648805467550834e-11
311,288,599,4.5734245898147043e-20
346,253,599,0.5738872172437227
271,324,595,0.0053799634449009995
442,153,595,0.44866759124185646
78,516,594,8.334931681820488e-8
150,444,594,0.00027637902964779994
260,331,591,0.6291723264168632
587,2,589,0.33249435169208835
331,256,587,0.015482762081108232
304,274,578,0.8975048543322908
568,6,574,0.6711868417913297
572,1,573,0.5857933458990237
317,253,570,0.007831437166921668
290,278,568,0.5736406735004395
47,520,567,0.06908995558802768
291,272,563,0.9390487177697795
299,256,555,1.1078426326389263e-6
373,172,545,0.1641354473506968
292,246,538,8.783974915329113e-5
462,72,534,4.763210715807501e-15
410,120,530,0.027921078313914882
527,2,529,0.8757209103560832
116,413,529,0.49760645166926687
366,161,527,3.4718268773100804e-11
319,207,526,0.9311141009771507
211,315,526,3.6069185335418124e-5
255,269,524,0.9988805798019055
0,522,522,NaN
213,307,520,0.11695309070951362
296,220,516,0.030717450341832705
513,0,513,0.2765719590406248
275,236,511,0.14701094102636791
222,288,510,0.6629495975221694
110,400,510,0.0033677424135487013
73,436,509,0.23776185102771583
149,356,505,9.665707399493182e-12
199,306,505,0.003029130193085433
195,309,504,3.164054819308706e-13
502,2,504,0.9724933787155045
70,428,498,2.3671503517913137e-19
292,205,497,0.3116547807559916
496,0,496,0.4539939338179454
246,248,494,2.8947399618195955e-19
166,321,487,0.16892676507977705
278,208,486,0.022900589127189248
131,348,479,0.07398859749715625
148,331,479,1.1154973713413175e-10
100,376,476,6.90046861274095e-5
194,279,473,3.920968382951177e-6
315,158,473,6.573971522704517e-5
221,252,473,0.3644288262028045
150,320,470,0.0071777884198368095
208,259,467,0.964109046255293
106,360,466,4.263892612931101e-17
289,175,464,0.8329774528688083
232,231,463,0.8381424853319446
206,256,462,0.4005674250897617
98,364,462,2.6746426287997594e-6
343,117,460,1.1226626090632928e-9
259,197,456,0.00010774002068889398
147,309,456,1.384279705425105e-7
197,255,452,NaN
160,289,449,0.45143545212087605
240,207,447,0.12462707591456636
131,314,445,2.874478691237182e-10
108,337,445,1.1894349378542394e-17
379,65,444,0.8824229336212897
174,270,444,0.49760645166926687
0,444,444,NaN
123,320,443,0.2510410782570532
278,165,443,0.023472319151618425
183,259,442,5.6106239257293166e-8
142,299,441,0.00010885751460442357
71,364,435,0.008017815675681196
209,225,434,0.005906954863475227
243,186,429,8.169951884740813e-18
262,166,428,0.9928169178499623
71,355,426,0.11225219921941293
256,169,425,0.9999986385265557
217,206,423,4.642656379308529e-6
339,81,420,0.4272771801048712
98,320,418,0.0005358454932493739
217,200,417,0.03184441363446245
362,51,413,3.663337920665504e-20
82,328,410,0.016424058592684743
227,176,403,0.4358515277141047
253,149,402,2.420758629774437e-13
364,37,401,0.7099946859060099
318,82,400,0.8650076002264386
117,282,399,0.23219974591128764
169,228,397,1.3779122517590504e-6
215,181,396,0.19363620463332684
395,1,396,0.8824229336212897
344,52,396,0.964109046255293
1,394,395,0.31368522263384657
236,158,394,0.027857608649054268
101,290,391,0.06773123215194844
46,344,390,1.338092197815728e-14
139,249,388,0.0014062172566882444
191,196,387,0.13542272488010584
186,201,387,0.44866759124185646
243,143,386,0.25715901252889756
173,213,386,0.004137816162322828
207,179,386,0.9764973997616925
53,330,383,0.00011154738660285572
221,161,382,0.9987317951883277
148,232,380,0.007082438991615938
204,175,379,0.0002476359113996389
172,205,377,0.0006552155393688505
115,261,376,0.16892676507977705
183,192,375,0.0981462602611937
162,213,375,0.38385788007216465
135,239,374,0.36231907692661275
143,231,374,6.813244778298603e-5
115,257,372,0.004474517707693826
186,185,371,3.880646037317968e-15
256,109,365,0.0030266243781080586
46,319,365,0.012168757804640473
185,175,360,0.013627892583681335
104,255,359,0.35918334633262433
53,305,358,2.2651233541155194e-13
223,134,357,2.846285724307328e-6
21,334,355,0.6711868417913297
179,175,354,0.23191610828556825
179,173,352,0.0007916664414579122
80,271,351,0.0093318047352706
233,115,348,0.16892676507977705
171,177,348,0.04120237361190732
78,268,346,0.03955173643637973
134,211,345,0.02844807736250765
219,125,344,0.8824229336212897
35,309,344,1.2997247466269657e-7
170,173,343,0.8961023619145765
103,235,338,0.003303215975826066
175,162,337,0.22645017835996706
204,132,336,0.14427078946531693
201,135,336,0.0015144652887308005
206,128,334,2.846736115502282e-15
149,185,334,0.3703244603695186
238,96,334,0.31044133387771433
117,217,334,0.36729923121442853
331,1,332,0.24052030754391107
144,187,331,0.035960126418488406
56,275,331,0.022106180909607556
158,172,330,0.7844444410100967
215,115,330,NaN
191,139,330,0.15517545943756
7,323,330,0.2759323853033766
88,240,328,0.009189665523477854
175,153,328,0.0021648749154831964
36,291,327,0.00015170810765797647
325,1,326,NaN
0,326,326,0.9169234607532682
253,67,320,0.03699915555555507
155,164,319,0.17030098950590053
200,115,315,1.802686629487315e-7
114,199,313,0.0010552331911790804
101,212,313,0.7288152190031109
100,213,313,0.47177446907525106
0,313,313,NaN
0,311,311,NaN
310,0,310,0.49760645166926687
169,141,310,0.04606363921371698
142,168,310,0.21780701902471042
139,170,309,7.565343933935086e-18
207,101,308,1.10309487282569e-12
144,163,307,1.0749594130654417e-18
46,261,307,2.1648074162965486e-8
104,203,307,0.0006013263738053795
183,122,305,0.00019732421990230223
152,153,305,0.9104194676520985
0,305,305,0.9255431095586868
83,221,304,0.8418271683663301
59,244,303,2.0234341583639993e-8
48,254,302,0.33273674740894993
1,301,302,0.8460613307452832
44,257,301,2.447153504779366e-8
135,166,301,0.0034721975233201526
160,141,301,0.49373992019550184
62,238,300,2.7575174616657325e-5
52,248,300,0.9370946320424296
48,251,299,0.0001450696386699818
297,0,297,0.02766704178145161
98,198,296,0.5514651321643602
50,241,291,0.3070434194580537
175,115,290,0.0016759765587611426
149,141,290,7.209301625088734e-6
131,159,290,4.02645760652147e-5
47,242,289,2.9350551119714834e-11
1,288,289,NaN
114,174,288,0.44866759124185646
187,100,287,5.404626956362076e-19
217,67,284,1.6104292719195237e-9
153,131,284,0.008664062122812087
66,218,284,NaN
167,116,283,0.8460613307452832
161,121,282,0.0007768787786731697
73,209,282,NaN
93,189,282,0.02482243282106989
51,231,282,0.8824229336212897
168,113,281,0.014063885445509232
66,214,280,1.8789013535624836e-16
63,217,280,0.004645304818771308
39,239,278,0.022716945911235614
85,193,278,1.1854466754017537e-5
144,133,277,0.8460613307452832
133,144,277,0.35918334633262433
102,175,277,0.21780701902471042
47,230,277,8.548423375091364e-11
134,142,276,0.0007341562128730438
149,126,275,3.112807736446545e-5
275,0,275,0.0778781774114049
38,236,274,1.582162917535085e-6
199,74,273,NaN
150,123,273,2.3336478634229154e-7
45,228,273,0.9963401800767422
57,214,271,0.17953084396000635
0,271,271,0.6291723264168632
151,118,269,0.1824860452828969
43,225,268,0.00035278406806214503
40,226,266,0.9979271538572287
149,116,265,0.6711868417913297
2,263,265,0.8824229336212897
130,133,263,0.024432172759579523
40,223,263,0.0981462602611937
245,17,262,3.5472033998462054e-20
41,221,262,0.0003347601116401343
114,147,261,4.878640475386026e-7
188,72,260,0.6711868417913297
258,2,260,0.912484067245082
139,120,259,3.511734968509123e-5
22,237,259,0.005188374343169942
46,212,258,0.49760645166926687
35,223,258,0.15832241812022618
232,25,257,0.002482053770852529
89,168,257,0.7479065933697098
181,75,256,0.8481477512931921
150,105,255,6.579128888410142e-14
53,202,255,0.027564002138835392
81,173,254,0.01382918874587925
96,157,253,0.31684092643810635
81,171,252,0.010196551487692126
105,147,252,0.0035191495711715936
81,170,251,0.14701094102636791
73,178,251,3.2979507610212195e-6
51,200,251,0.8014889144615878
20,230,250,1.7722251369165536e-11
37,213,250,2.2554382468053272e-9
22,227,249,0.9703220335374653
91,158,249,1.110463691767243e-5
147,100,247,0.9564517636473293
133,114,247,0.879520107317563
132,115,247,6.746794275498454e-6
246,0,246,NaN
106,140,246,0.15935985906752242
111,134,245,2.2965231320647555e-11
130,114,244,0.05369429994539129
35,207,242,0.08918649756385427
76,165,241,2.998731673854404e-9
150,89,239,0.8650076002264386
109,130,239,0.4495446043840658
0,239,239,0.5436724551002615
213,25,238,0.12054287796600785
160,77,237,2.8328160831796703e-8
105,132,237,0.9862691009837826
54,183,237,0.0016774876719426303
178,58,236,6.01563189505401e-13
112,124,236,0.2950002440110068
110,126,236,0.10264549602163214
114,121,235,1.1877022352646597e-6
97,136,233,0.5436724551002615
102,131,233,0.21231232342310827
122,110,232,0.9978108610173989
34,197,231,9.602433032083893e-8
117,114,231,0.8975048543322908
129,102,231,4.0524820155086925e-5
28,202,230,0.00025270558135888414
109,120,229,NaN
159,69,228,3.215721710471813e-5
134,94,228,2.202213738694368e-5
149,77,226,1.6172760469904104e-7
18,206,224,4.6393640265531736e-8
220,3,223,0.743526267532972
47,175,222,0.2506505417905184
93,129,222,0.16122484372340423
124,97,221,0.04422282856187942
169,52,221,NaN
194,27,221,0.2954702536051641
100,120,220,0.05631407900959844
59,161,220,0.0007296869217738635
201,19,220,0.04623223466719463
86,133,219,5.805208602947723e-5
92,126,218,0.556548409283419
84,134,218,0.6681629968028858
216,2,218,0.6291723264168632
86,132,218,0.6711868417913297
142,74,216,0.46095371156670006
117,99,216,0.7115618115380308
68,147,215,2.5951893753752686e-12
154,59,213,0.08509261982872529
74,139,213,3.1458005932610105e-5
138,75,213,3.501308239885658e-9
0,213,213,0.8680043342709116
62,150,212,4.3883004403503725e-5
15,197,212,0.0038321241039739815
139,72,211,0.8475395468412751
95,116,211,0.5398195627135921
165,45,210,0.03184441363446245
0,210,210,0.9255431095586868
83,126,209,0.10421480902916178
16,193,209,0.49760645166926687
33,176,209,0.015482762081108232
108,100,208,0.9988805798019055
175,33,208,0.9492959496387576
87,121,208,0.041655030385332976
92,116,208,0.912484067245082
121,87,208,0.0022725260098321646
3,204,207,NaN
23,184,207,0.0010860743841492981
34,173,207,0.0006902086109745803
142,64,206,0.6417441787242331
97,109,206,1.5249168477575109e-13
81,125,206,0.12004596001651816
80,126,206,0.12850144349580897
37,169,206,3.9660965895960506e-9
0,206,206,0.9494980072657516
61,144,205,0.9048384547323681
58,147,205,0.007729792614985622
120,84,204,0.41386026594068637
116,88,204,1.3270658884454109e-5
136,68,204,0.0037139322457399792
104,100,204,9.6069714173059e-10
71,133,204,0.03699915555555507
117,86,203,0.25833126503128084
103,99,202,0.013394786851822627
119,82,201,9.635613539060633e-6
200,0,200,NaN
102,98,200,0.08597140562250248
73,127,200,NaN
94,106,200,NaN
30,170,200,4.633752670566595e-7
68,131,199,0.05432395515523073
120,78,198,0.7435026469914164
103,95,198,1.1874953413913129e-8
83,115,198,0.7647821471473683
136,61,197,0.9370946320424296
144,53,197,0.3771091962415967
92,105,197,0.0640450458600324
130,67,197,0.19778627123287906
89,108,197,0.003313232576794268
39,158,197,0.023201927782906504
70,126,196,0.04865788038130383
94,102,196,0.2513991818975698
196,0,196,0.08313772062739644
90,106,196,0.1779917085610446
39,157,196,0.04368397941442143
195,0,195,0.9963401800767422
108,87,195,0.8807604994762427
120,75,195,0.005613845056063607
1,194,195,0.21780701902471042
80,114,194,0.6030449935256316
102,92,194,9.904955636297025e-17
41,152,193,9.861428656921631e-15
68,124,192,0.027536705350172594
92,99,191,0.7176250446744489
91,100,191,0.0968929820210358
80,111,191,NaN
67,124,191,0.0020044897960118458
105,84,189,0.00011629486622892974
136,53,189,0.3946108593612548
89,100,189,0.32204760611626027
64,125,189,0.01407661865718265
75,114,189,3.61297618125952e-9
41,148,189,0.9564517636473293
21,168,189,5.606494803117635e-9
59,129,188,0.912484067245082
168,20,188,6.239319593606648e-14
74,114,188,6.621404787477591e-13
28,160,188,0.019816688562941366
0,188,188,0.34218663792487075
90,97,187,0.22030875329462135
57,130,187,0.14918967988287754
86,101,187,NaN
120,67,187,0.7606290464031836
121,66,187,5.271712750674222e-16
108,79,187,0.9764973997616925
52,135,187,0.6711868417913297
23,164,187,0.16892676507977705
159,27,186,0.9297853481348709
139,47,186,0.017885932416267757
14,172,186,2.7387942526337073e-8
0,186,186,0.2506505417905184
34,151,185,0.14167778196069591
16,169,185,1.0875159114103595e-7
133,51,184,0.001019001456406515
108,76,184,0.1921949779446829
91,93,184,0.21780701902471042
111,72,183,0.16892676507977705
116,67,183,7.00492516390687e-11
140,43,183,0.04424037067947787
176,7,183,0.9703220335374653
82,101,183,0.11215324175779173
70,113,183,0.32172774393423453
121,60,181,0.44866759124185646
119,62,181,0.16289864734888312
72,109,181,0.529426467315798
72,109,181,4.780644695898329e-7
37,143,180,0.9370946320424296
115,65,180,0.00046973865825764857
56,123,179,0.017549438511396773
67,112,179,0.0681138932339847
130,49,179,0.00031716125012001394
33,145,178,0.023023566940051816
43,135,178,0.0024553408772630576
62,115,177,0.32204760611626027
49,128,177,1.1465250218619378e-8
21,156,177,8.239176449069399e-8
42,134,176,0.005694482596703961
71,105,176,0.002629306814667201
100,76,176,0.6180829931026335
22,154,176,0.06212878236867929
111,64,175,0.031129917879421466
67,108,175,5.0315698929360455e-5
98,77,175,0.014263199529951656
20,155,175,8.200534122072584e-6
94,80,174,0.006720334420711236
96,78,174,0.30732239571103065
87,87,174,5.836295921987679e-7
94,79,173,0.04865788038130383
78,95,173,0.025363220785207485
65,108,173,0.9255431095586868
87,86,173,0.5789543010057
34,138,172,0.01387269906706835
110,62,172,0.00014567040720720397
167,5,172,0.285231730350609
52,120,172,6.271357411377066e-14
85,87,172,0.3889767462909947
0,171,171,NaN
80,90,170,0.6021878169459435
89,80,169,0.0029555743743756744
70,99,169,0.35918334633262433
36,133,169,NaN
78,91,169,0.8269738332287646
84,85,169,2.7063133286276317e-22
26,143,169,0.005613845056063607
168,0,168,0.285231730350609
91,77,168,0.010039874666892186
41,127,168,0.4247771384792312
82,85,167,0.4538367131612745
36,131,167,0.0002917038337258768
75,92,167,0.2959455059617953
74,93,167,0.017142378816222575
25,142,167,0.07232833708807172
48,118,166,0.0018850818092709346
138,28,166,0.9037542882059934
0,166,166,NaN
0,166,166,0.6291723264168632
47,118,165,0.04345302399345231
25,140,165,5.1367160606494174e-15
105,59,164,0.019256169791412755
70,94,164,0.45452726459715714
17,147,164,0.013135794871795524
70,93,163,0.9370946320424296
78,85,163,0.03184441363446245
56,107,163,0.00115221365471762
154,9,163,0.9994542234755575
100,62,162,0.9648751459826931
119,43,162,1.7315999019087076e-7
75,87,162,NaN
77,85,162,0.6291723264168632
120,41,161,0.01394285488926195
81,80,161,0.6711868417913297
46,115,161,0.1921949779446829
105,56,161,0.9968551275750516
80,81,161,NaN
27,133,160,0.10249578190135031
103,56,159,0.004715231185707418
79,79,158,0.05668821187345286
1,157,158,0.7960498888662445
144,13,157,0.04060607128345035
157,0,157,0.5436724551002615
15,142,157,1.619789134149495e-6
42,115,157,1.6535741059959557e-10
81,75,156,0.0031310207784124504
17,139,156,1.6851451097042777e-7
99,56,155,0.6711868417913297
84,71,155,0.008902556399677353
74,81,155,5.393405984817446e-8
82,73,155,NaN
50,105,155,0.4005674250897617
86,69,155,0.0017412174636961331
61,93,154,0.44866759124185646
105,49,154,0.12850144349580897
102,52,154,0.0003815753880003723
73,81,154,0.562772428516205
92,62,154,0.00019128065204696143
58,95,153,0.26642415204606384
109,43,152,8.548423375091364e-11
110,42,152,2.3281038107995092e-7
103,48,151,0.3089837028617113
114,37,151,5.257435627045111e-17
79,72,151,0.9997846055166715
63,88,151,0.02131623521178
62,89,151,0.0002621843042510743
56,95,151,0.16892676507977705
102,48,150,0.019955948490115862
150,0,150,NaN
26,124,150,0.9105185920087568
47,102,149,0.07794755907232402
84,65,149,0.12850144349580897
36,113,149,0.6486784197570317
93,55,148,3.6238933465775635e-8
48,100,148,0.9564517636473293
89,59,148,0.001967727249622014
44,104,148,0.25907035826830416
25,123,148,4.463457049541789e-5
37,111,148,0.6291723264168632
43,105,148,0.04865788038130383
53,94,147,2.5256264854967697e-12
24,123,147,1.2352567813551546e-10
76,70,146,5.183670774338607e-43
82,64,146,0.17993663488239817
90,56,146,0.07385936703085712
53,93,146,0.012114109006255768
45,101,146,0.00046110739037883894
32,114,146,5.674732894222732e-7
34,111,145,0.7840457964975711
79,66,145,1.3544188872710187e-10
90,55,145,0.21780701902471042
77,68,145,7.487848561343649e-5
38,107,145,1.1018475248933947e-6
59,86,145,0.09187555014977301
42,103,145,0.8449808679791557
74,71,145,0.8975048543322908
57,88,145,0.9255431095586868
131,13,144,1.312250341073047e-18
19,125,144,0.16892676507977705
82,62,144,0.0011802328462263384
22,122,144,1.1823017821364045e-6
27,117,144,0.002300049340264029
21,123,144,0.44866759124185646
57,86,143,0.6429797742187295
91,52,143,0.8678696172334219
82,61,143,0.2921329322069749
91,52,143,0.6711868417913297
84,59,143,0.04136381953944775
68,75,143,1.2759780393882211e-20
38,105,143,0.9255431095586868
113,29,142,5.3189454315133445e-6
63,79,142,0.004933094729940879
59,83,142,0.8807871735645849
53,89,142,2.9950024319456556e-11
19,123,142,0.5308859722274537
1,141,142,0.9703220335374653
77,64,141,8.043981590360144e-6
56,85,141,0.23535998208527975
60,81,141,0.08678637673885536
12,129,141,0.00010361419777060141
59,81,140,0.8824229336212897
46,94,140,1.2280093791441685e-26
64,76,140,0.20872759985129818
53,87,140,0.0004981175710908999
75,65,140,0.40869676733342
139,1,140,0.5943029420847269
85,55,140,0.8824229336212897
65,75,140,0.37169844846812433
63,76,139,0.2975557117091046
17,122,139,0.17501881016198634
105,34,139,0.6291723264168632
30,109,139,0.09053432863002192
138,0,138,0.5257604874683859
58,80,138,1.6635065808705296e-10
125,13,138,8.416200805138136e-6
73,65,138,0.004079717861205951
56,82,138,0.05447246844862457
45,93,138,0.28530575676456293
72,66,138,0.011172931809522797
18,120,138,2.770583398885559e-6
96,41,137,0.12435946752666607
77,60,137,4.5734245898147043e-20
82,55,137,1.4250368941242704e-16
97,40,137,0.8850372637740234
26,111,137,NaN
77,59,136,7.147142649984947e-11
79,57,136,0.01528974985693621
71,65,136,0.12237069599004811
106,30,136,9.834524465032467e-18
81,55,136,0.35918334633262433
18,118,136,0.07852668958511672
136,0,136,NaN
31,105,136,0.2506505417905184
17,119,136,0.1921949779446829
46,89,135,0.0981462602611937
16,119,135,0.020724062087912304
135,0,135,0.8029725074042398
45,90,135,1.0155159117323525e-5
15,120,135,7.523466577861128e-7
52,82,134,0.07164355967889185
79,55,134,0.01829016594256218
82,52,134,0.35918334633262433
28,106,134,0.007433825048239662
41,92,133,0.5025036013270863
114,19,133,3.2901830436245624e-25
66,67,133,0.00022582017985177082
108,25,133,0.013135794871795524
29,104,133,0.4380257627772293
68,65,133,0.020724062087912304
67,66,133,0.16892676507977705
113,19,132,0.4035449866374549
45,87,132,9.715736975079852e-5
64,68,132,0.2506505417905184
79,53,132,0.13712083250069837
50,81,131,0.14701094102636791
131,0,131,NaN
62,69,131,0.49123247341127657
17,114,131,0.285231730350609
37,94,131,4.373650682061087e-8
119,11,130,0.8650076002264386
77,53,130,0.001066206485517594
91,39,130,0.02423479068528996
33,97,130,2.709280824277154e-7
27,103,130,0.2712498456667463
25,105,130,1.1753222227631646e-7
36,94,130,0.21780701902471042
0,130,130,0.5436724551002615
107,22,129,0.009189665523477854
52,77,129,0.41519457210622723
15,114,129,0.0029196187499808293
65,64,129,0.6291723264168632
115,14,129,0.9429692730916045
127,1,128,0.8975048543322908
24,104,128,0.16892676507977705
93,35,128,0.0026763578071553468
20,108,128,0.44866759124185646
32,95,127,0.3444800534736777
72,55,127,1.7235637488323637e-6
29,98,127,0.01674932514902875
62,65,127,0.019210881170964433
102,25,127,2.4201853464370615e-7
32,95,127,1.7373799996961967e-12
0,127,127,0.7742996008795586
60,66,126,0.9862691009837826
28,98,126,0.00017460643844826045
53,73,126,9.054250225164709e-7
125,1,126,0.7938189364889608
51,75,126,0.0008297034665827366
26,100,126,0.6711868417913297
91,34,125,5.337214655672337e-5
75,50,125,0.4005674250897617
58,67,125,0.0009115250428759947
81,44,125,0.5155115209204855
76,49,125,0.6291723264168632
58,67,125,0.0003371292489475224
66,58,124,0.8307876333753198
63,61,124,0.21780701902471042
85,39,124,NaN
32,92,124,0.0019901974837216066
32,92,124,0.0640450458600324
14,110,124,0.912484067245082
0,124,124,0.8255935837441757
91,32,123,2.116539913946572e-10
62,61,123,0.964109046255293
68,55,123,0.10652619999484675
76,47,123,0.223693505947438
54,69,123,NaN
6,117,123,0.32204760611626027
58,64,122,0.8975048543322908
94,28,122,0.03699915555555507
65,57,122,NaN
27,95,122,0.0640450458600324
17,105,122,9.807444162014572e-5
75,46,121,NaN
55,66,121,0.6291723264168632
74,47,121,0.026081677591290986
109,12,121,6.800222712750171e-16
66,55,121,0.03255740400861424
28,93,121,0.0005450561910393957
47,73,120,5.7249881571472226e-18
65,55,120,0.7099946859060099
67,53,120,0.9842091269007731
21,99,120,0.03597467146022462
0,120,120,NaN
45,74,119,0.03699915555555507
86,33,119,0.8709318983287624
80,39,119,5.424674180834593e-37
66,53,119,0.7099946859060099
0,119,119,NaN
33,85,118,0.285231730350609
81,37,118,NaN
30,88,118,0.5760015302227088
26,92,118,4.2986474071364674e-8
85,33,118,0.20295332346899403
68,50,118,7.465963509528703e-5
50,68,118,0.9994542234755575
54,64,118,0.07797528307509231
83,34,117,0.9255431095586868
88,29,117,0.004715231185707418
22,95,117,0.01598723011933048
67,50,117,0.0003112984974190062
17,100,117,0.0981462602611937
54,63,117,0.00048416745858742674
50,67,117,0.9965640612738842
116,0,116,NaN
17,99,116,1.921700046190789e-10
75,41,116,NaN
29,87,116,0.24687487979845651
75,41,116,0.0219109906771756
65,51,116,1.6817224014393584e-8
33,83,116,1.4289347458283215e-7
83,33,116,0.32204760611626027
23,93,116,0.12850144349580897
41,74,115,0.21947538382359488
22,93,115,5.35210914248439e-11
27,88,115,8.750462795615408e-5
36,79,115,0.004024605537077534
83,31,114,NaN
63,51,114,0.0014229435186098164
36,78,114,0.14452755277640553
96,18,114,0.00215813354985634
57,57,114,0.7330877534528819
80,34,114,0.9862691009837826
43,71,114,0.011642121182549902
95,19,114,0.4564291187226796
70,44,114,8.646116892758558e-16
46,68,114,0.0981462602611937
113,1,114,0.9703220335374653
25,89,114,0.004536424518520487
13,101,114,4.5901627218944044e-10
47,66,113,1.7804815454672084e-5
48,65,113,0.0005060525530772424
39,74,113,0.00020920695917337772
57,56,113,NaN
18,95,113,0.004034509621593534
45,68,113,0.03873497077525591
25,88,113,9.044273696023543e-6
45,68,113,0.5857933458990237
45,67,112,0.0017227114639656134
56,56,112,0.23211877093475058
45,67,112,3.2441708431065053e-9
49,63,112,0.7481588136933676
25,87,112,0.964109046255293
22,90,112,0.0047253259569480415
29,83,112,0.4488317441651534
67,45,112,0.004127025262825745
69,43,112,0.2506505417905184
10,102,112,0.0981462602611937
13,98,111,0.04279768616509023
49,62,111,0.4005674250897617
60,51,111,0.5436724551002615
70,41,111,0.912484067245082
44,67,111,0.16892676507977705
26,85,111,0.7636178025159289
56,55,111,0.02047010556471891
52,59,111,1.7179450583470994e-10
43,68,111,0.00010425295586996867
55,55,110,0.36333588778152165
25,85,110,0.015573223810573024
58,52,110,1.1120399913185348e-5
45,65,110,0.08407907238343869
20,90,110,0.0029327074383334543
30,80,110,1.570727728190461e-11
64,46,110,0.285231730350609
31,79,110,0.0006818950131498087
18,91,109,0.20616217300687156
21,88,109,0.002762867178136194
60,49,109,0.03184441363446245
41,68,109,0.12157749761029661
36,73,109,0.5821160970356164
55,54,109,0.011230214379834113
55,54,109,0.11513211997567077
80,29,109,4.144646345866669e-17
57,52,109,0.8824229336212897
45,64,109,0.011764417026032797
82,27,109,0.7936331569454874
22,87,109,1.2740873779187829e-8
67,41,108,0.0026885482071623986
68,40,108,0.03699915555555507
64,44,108,NaN
59,49,108,0.9817557942342455
66,42,108,0.08968322142100923
72,36,108,0.03737150858852532
51,57,108,0.041655030385332976
85,23,108,0.4045831486573923
16,92,108,0.21780701902471042
9,99,108,0.45792304288960556
22,86,108,0.0006602678279608779
54,53,107,0.05631407900959844
54,53,107,0.7165662248190724
66,41,107,0.623615741202794
26,81,107,0.49631701335339795
18,89,107,5.610227200077565e-5
46,61,107,0.9967611425464282
78,28,106,0.5674331039646444
46,60,106,0.12721806616944858
47,59,106,0.03184441363446245
55,51,106,0.025318952697715766
14,92,106,3.186363585444722e-7
39,67,106,8.20301247830135e-5
71,35,106,0.05521657547064945
37,69,106,0.006514576717819695
49,57,106,0.78666777655828
21,85,106,0.3871164347091366
40,66,106,0.285231730350609
35,70,105,0.18149768145684916
54,51,105,0.00020620413309366137
101,4,105,NaN
53,52,105,0.9705218157584772
41,64,105,0.5555938322556303
43,62,105,2.5712476081757425e-11
43,62,105,0.0002424076298746338
28,77,105,0.020724062087912304
56,48,104,NaN
18,86,104,0.1469210033090506
69,35,104,0.0007296869217738635
61,43,104,0.27094278220073936
21,83,104,0.04307764093789153
25,79,104,6.08764566750896e-5
46,58,104,0.11381679486289446
64,39,103,0.0743142600646148
75,28,103,NaN
50,53,103,NaN
50,53,103,7.820274331767547e-12
20,83,103,5.890371605855656e-7
25,78,103,0.27034303242308233
54,49,103,0.16892676507977705
36,67,103,0.35918334633262433
15,88,103,1.9252859472806704e-5
56,46,102,0.732409755164555
59,43,102,0.0031791093679601596
101,1,102,0.08509261982872529
54,48,102,0.7610078746086668
79,23,102,7.29013178824151e-6
40,62,102,0.5436724551002615
42,60,102,0.023887454499875376
14,88,102,0.002014919807983445
102,0,102,NaN
42,60,102,0.03593556650208113
22,80,102,0.0003318251450288929
31,70,101,1.5107743891091493e-6
52,49,101,0.4771454424344937
29,72,101,0.022939344288105203
45,56,101,0.32024811950296694
36,65,101,0.26827389241334476
67,34,101,0.12850144349580897
55,46,101,0.6711868417913297
12,89,101,0.003548450576048713
37,63,100,0.03699915555555507
65,35,100,0.6334503654032688
21,79,100,0.0016415532201657045
35,65,100,0.8460613307452832
32,68,100,1.997532769573209e-12
73,27,100,2.43033670481015e-5
28,72,100,0.0002926202854807089
12,88,100,3.960500322445319e-6
68,31,99,0.22303337156458203
41,58,99,0.5436724551002615
92,7,99,0.015819937089049114
48,51,99,0.01766291025333382
44,55,99,NaN
31,68,99,0.05884866813862865
9,90,99,0.49760645166926687
12,87,99,0.005622531975576066
31,68,99,0.00026053757835653636
2,97,99,0.4034646490648176
53,45,98,0.6654856676300908
20,78,98,0.12850144349580897
60,38,98,5.867034304695187e-7
46,52,98,0.0031221948995066875
48,50,98,0.00471726655119569
41,57,98,0.7830811081088553
14,84,98,2.410513339614986e-5
50,48,98,0.5275869099102767
63,35,98,0.35918334633262433
56,42,98,1.3896706909894924e-7
12,86,98,0.03184441363446245
55,43,98,0.7420280092336482
73,25,98,3.09936450227873e-7
49,48,97,0.001011439671866289
40,57,97,0.0981462602611937
19,78,97,0.12381985505860629
37,60,97,0.6291723264168632
15,82,97,0.009127360820750892
52,44,96,0.312832950862177
53,43,96,0.002077903962544128
48,48,96,0.041655030385332976
59,37,96,0.03914841176930656
47,49,96,3.552787401137084e-6
88,8,96,0.00039206326530288725
69,27,96,0.885703415018322
17,79,96,0.00046003798810809795
32,64,96,0.057123749782378504
17,79,96,0.48829181146545597
78,18,96,NaN
16,79,95,0.009189665523477854
35,60,95,5.576728712606318e-16
19,76,95,0.011407949227465118
36,59,95,0.022892085825381974
35,60,95,0.0013259723153666938
13,82,95,0.006296996017576253
59,35,94,0.06321094698282076
50,44,94,0.1921949779446829
55,39,94,0.8282610436936834
34,60,94,8.201244523963398e-14
33,61,94,0.9961557788931509
64,30,94,0.22343986177185585
71,23,94,0.7099946859060099
51,43,94,0.0019127537757870684
15,79,94,0.019591593153674734
38,56,94,0.8452178868705156
21,73,94,0.3809697718451719
50,44,94,0.02371653849600055
72,21,93,2.954325527740552e-9
60,33,93,NaN
44,49,93,0.21780701902471042
89,4,93,0.285231730350609
61,32,93,NaN
50,43,93,0.7742996008795586
45,48,93,0.0007768787786731697
29,64,93,0.03514827940647345
30,63,93,1.1823017821364045e-6
46,47,93,0.14701094102636791
48,45,93,1.0199903686679342e-7
46,46,92,8.291643969748963e-5
45,47,92,0.8460613307452832
43,49,92,0.5121711730107825
39,53,92,0.9764973997616925
54,38,92,3.991596671658086e-8
50,42,92,0.028078729013580925
90,2,92,NaN
86,6,92,1.2612725409173192e-9
50,42,92,0.4050370642349955
91,1,92,0.9263384913021465
61,31,92,0.1805305188811625
27,65,92,0.009189665523477854
40,52,92,0.00030807835152574426
16,76,92,0.05631407900959844
64,28,92,0.4874189526212668
16,76,92,NaN
18,74,92,0.008995397551275722
35,56,91,0.007000251579709905
44,47,91,0.054141138548108696
57,34,91,0.0005895831236074268
46,45,91,0.7742996008795586
43,48,91,6.255312857342773e-12
63,28,91,NaN
10,81,91,0.06620929208782411
41,50,91,NaN
68,23,91,0.8014889144615878
15,76,91,0.005370396017688235
13,78,91,0.12850144349580897
9,82,91,2.293744195095821e-8
0,91,91,NaN
5,85,90,0.002651673512106211
64,26,90,0.5436724551002615
53,37,90,4.205321733756364e-7
55,35,90,NaN
51,39,90,0.9061185264221129
30,60,90,0.004582474294946936
44,46,90,0.003819087864273728
66,24,90,0.19379325682602047
7,83,90,4.701671049755387e-6
51,38,89,4.298314954492876e-8
16,73,89,0.0011762449792266717
32,57,89,NaN
64,25,89,0.35918334633262433
31,58,89,0.12624724613019517
61,28,89,0.9947341607961765
8,81,89,0.00047812184595570064
77,12,89,0.999916779459509
48,41,89,NaN
35,54,89,0.02127878307151236
56,33,89,0.06264473529414907
54,35,89,6.911419038188492e-8
66,23,89,0.7430274634603863
56,33,89,0.7281516149380727
33,56,89,0.9899262932434983
87,1,88,2.1930932162687674e-10
86,2,88,0.5714815171591088
45,43,88,0.1396261103663417
41,47,88,0.34570683372214617
50,38,88,0.964109046255293
55,33,88,0.467063671544388
7,81,88,0.011230029867613402
21,67,88,1.1349442701871885e-5
28,60,88,0.10958585679910808
32,56,88,0.32204760611626027
0,88,88,0.5436724551002615
40,47,87,0.06691677702852893
64,23,87,0.010332972708613898
33,54,87,0.4160000254601245
25,62,87,0.05040793467492885
72,15,87,2.406803447936129e-5
35,52,87,0.042120444641886294
47,40,87,0.5857933458990237
57,30,87,0.0640450458600324
19,68,87,0.7099946859060099
14,73,87,6.198290592286594e-5
5,82,87,5.352423568281058e-8
11,76,87,6.952772584108594e-7
11,76,87,0.003573713952372574
59,27,86,0.5878316751717465
51,35,86,0.9481906106540485
17,69,86,0.7099946859060099
58,28,86,0.07398859749715625
61,25,86,0.0001583114956694355
19,67,86,5.0731080426976595e-5
43,43,86,0.285231730350609
32,54,86,0.2862532416809882
49,37,86,0.9352666263150995
51,35,86,0.6291723264168632
49,37,86,0.012769900319423844
32,54,86,0.0035317705855115863
16,70,86,7.00492516390687e-11
38,48,86,0.0017410183381286507
7,79,86,5.94684266337276e-8
35,51,86,0.0003704967586149451
12,74,86,0.0131377316492528
0,86,86,0.5857933458990237
34,51,85,0.064533975281109
35,50,85,0.6711868417913297
36,49,85,2.767981979319328e-11
12,73,85,3.1684120505940835e-5
53,32,85,0.9255431095586868
31,54,85,3.5775456091829305e-5
51,34,85,0.5120706175569225
58,27,85,0.10889118657248105
24,61,85,0.0019419478676498928
42,43,85,0.5857933458990237
50,35,85,0.3686338110577726
48,37,85,0.6402135121767193
42,43,85,0.005737658385726423
7,78,85,0.1921949779446829
20,65,85,0.5523930710897269
20,65,85,0.1891220963872204
4,81,85,3.9660965895960506e-9
0,85,85,0.44866759124185646
15,69,84,0.2506505417905184
13,71,84,0.49760645166926687
44,40,84,1.1546150533532046e-13
35,49,84,0.31755234629720486
43,41,84,0.012280636740693249
15,69,84,2.372448506712192e-13
13,71,84,2.4514521322010028e-8
37,47,84,9.604197743467876e-6
33,51,84,0.8193546625541634
43,41,84,0.49120389589118646
39,45,84,1.1524901373340901e-5
25,59,84,0.14701094102636791
31,53,84,0.14918967988287754
28,56,84,0.04516031515783673
24,60,84,0.20912318938608326
14,70,84,0.3731643489004341
0,84,84,NaN
38,45,83,0.6711868417913297
30,53,83,0.006606369750229396
61,22,83,1.7534082140860917e-6
40,43,83,0.74037560282665
30,53,83,0.667410140336402
52,31,83,0.6416075677172414
46,37,83,1.0104095484016945e-8
78,5,83,0.0005580132523070402
16,67,83,0.8824229336212897
49,34,83,2.4300836730531535e-11
46,37,83,0.5436724551002615
28,55,83,3.8087673819389936e-5
34,49,83,0.5824916129254311
12,71,83,0.0004693007568285333
32,51,83,0.6711868417913297
62,21,83,0.14701094102636791
34,49,83,0.16892676507977705
48,35,83,0.49760645166926687
38,44,82,0.0005450561910393957
26,56,82,0.9481906106540485
70,12,82,5.367227782439495e-6
39,43,82,7.582610366213496e-5
82,0,82,0.44866759124185646
37,45,82,0.2753901636243977
18,64,82,0.0003605957606692585
43,39,82,NaN
35,47,82,0.022272870045656486
62,20,82,0.32204760611626027
31,51,82,0.1992460317476546
63,19,82,1.8810612748856905e-15
60,22,82,NaN
37,45,82,8.845167770131835e-5
51,31,82,0.9370946320424296
11,71,82,5.928494591922348e-5
81,0,81,NaN
34,47,81,0.03699915555555507
8,73,81,0.09311976662203755
31,50,81,0.7742996008795586
9,72,81,0.7341230514259107
45,36,81,0.044000675096836306
47,34,81,0.5382374982484581
17,64,81,0.001461467461268543
19,62,81,0.5146010694465488
39,42,81,0.7099946859060099
51,30,81,0.0035714918940143348
39,42,81,0.00010406734313703093
48,33,81,0.4934682603008451
23,58,81,0.008172231322491482
42,39,81,0.05631407900959844
27,54,81,0.5267599523725605
0,81,81,NaN
80,0,80,NaN
41,39,80,0.02172782606486736
74,6,80,0.3982249292523219
27,53,80,0.0608267996489403
74,6,80,0.710925966926872
57,23,80,0.013043806278177417
11,69,80,1.1009462581301242e-7
35,45,80,0.008307581414099163
43,37,80,0.1427602537877622
31,49,80,0.00027637902964779994
34,46,80,0.0014333061925772969
67,13,80,3.199569362714501e-11
18,62,80,0.07844605219135649
10,70,80,0.007623128192053489
40,39,79,0.8460613307452832
50,29,79,0.08392104742900565
41,38,79,0.020724062087912304
31,48,79,0.35918334633262433
78,1,79,0.912484067245082
37,42,79,0.4157966753778924
26,53,79,0.0016852957660990655
40,39,79,0.02564553664269331
78,1,79,0.4005674250897617
50,29,79,0.9776672732710835
29,50,79,0.07398859749715625
16,63,79,0.1921949779446829
50,29,79,0.7742996008795586
28,51,79,0.7099946859060099
8,71,79,0.964109046255293
9,70,79,0.0086511623679141
11,68,79,0.49760645166926687
38,40,78,0.1921949779446829
42,36,78,NaN
78,0,78,NaN
14,64,78,0.07398859749715625
8,70,78,0.21780701902471042
42,35,77,0.20573056255291866
34,43,77,0.8460613307452832
54,23,77,0.7742996008795586
19,58,77,0.11225219921941293
28,49,77,0.0009703553362311142
27,50,77,0.7759000400682866
27,50,77,0.06297435868740714
36,41,77,0.0018872732421826948
11,66,77,0.7632086537635641
33,44,77,0.7099946859060099
37,40,77,0.1921949779446829
15,62,77,0.08575801411238024
10,67,77,0.0037195982746130603
9,68,77,0.07754600903528375
35,42,77,0.9788747305298657
58,19,77,0.06697291358200162
10,67,77,0.012710033603567046
29,48,77,NaN
44,33,77,0.5436724551002615
13,64,77,7.897186690808527e-7
8,69,77,2.1914264084008907e-5
8,69,77,0.49760645166926687
3,74,77,0.0640450458600324
25,51,76,0.29246969823140107
15,61,76,0.8824229336212897
14,62,76,4.5132342803345234e-5
4,72,76,0.00010613068022882489
31,45,76,0.8975048543322908
34,42,76,0.0038494366613554213
41,35,76,3.7479879187475526e-5
9,67,76,NaN
43,33,76,NaN
47,29,76,0.08241364897797906
38,38,76,NaN
57,19,76,0.9999322869855681
31,45,76,6.241564636830658e-7
17,59,76,0.6021358596274022
41,35,76,0.013796651516332251
26,50,76,0.1488372145254611
8,68,76,0.03699915555555507
25,51,76,1.5102987173051418e-6
43,32,75,0.2506505417905184
43,32,75,0.43136210992948737
35,40,75,0.7099946859060099
50,25,75,0.20745376233183904
31,44,75,0.40624748175078723
38,37,75,0.8014889144615878
51,24,75,3.767183727691381e-5
31,44,75,0.0012830358676462047
19,56,75,0.009189665523477854
16,59,75,0.06284491636626383
20,55,75,0.005953819212890453
15,60,75,0.026081677591290986
44,31,75,0.014670217836817103
12,63,75,0.4512326158462981
62,13,75,0.015390686967911196
19,56,75,0.00024219469375716388
1,74,75,0.9727072681753954
37,37,74,0.35918334633262433
44,30,74,0.2533932053217776
49,25,74,0.026121629326828613
74,0,74,0.4005674250897617
28,46,74,0.5760364528939315
38,36,74,0.6711868417913297
42,32,74,0.0313868039810965
64,10,74,0.28193705643328537
46,28,74,0.00017460643844826045
9,65,74,0.7054612867148072
20,54,74,0.44866759124185646
35,39,74,1.7373799996961967e-12
9,65,74,0.2506505417905184
6,68,74,4.2408218114952043e-10
44,30,74,0.006531896091517178
22,52,74,3.2411871947727913e-5
17,57,74,0.11296093622417416
7,67,74,0.9703220335374653
62,11,73,0.285231730350609
49,24,73,2.2425513938102235e-11
45,28,73,1.994502933566018e-15
73,0,73,0.7099946859060099
19,54,73,0.013805085237413865
47,26,73,0.14822989439550835
9,64,73,0.08509261982872529
46,27,73,0.011244102757880743
47,26,73,0.0010327406312899297
38,35,73,0.5436724551002615
73,0,73,0.0
51,22,73,0.5436724551002615
6,67,73,0.21780701902471042
21,52,73,NaN
27,46,73,0.5180050949340791
10,62,72,0.5436724551002615
39,33,72,0.023887454499875376
28,44,72,0.27855831965616384
52,20,72,0.7141486223233927
26,46,72,0.07624654010149272
37,35,72,0.008834867270522082
37,35,72,2.2162579880528138e-16
36,36,72,2.0132881732243288e-10
36,36,72,0.0002209754868914929
32,40,72,9.113143277413524e-9
48,24,72,0.0012803107043312324
12,60,72,0.037084897922859565
34,38,72,0.5086347343132979
19,53,72,0.4223798477092019
57,15,72,0.1296040941019581
22,50,72,0.912484067245082
29,43,72,0.8255935837441757
37,35,72,1.111006471508449e-9
27,45,72,0.041655030385332976
6,66,72,0.0027764548959883653
20,52,72,0.14701094102636791
0,72,72,0.8760135041957255
40,31,71,0.01208575584415292
34,37,71,0.05589450482988587
31,40,71,0.03699915555555507
47,24,71,0.0023705545663512072
37,34,71,0.0234361352771495
47,24,71,NaN
28,43,71,0.03688897873303693
37,34,71,0.9817557942342455
60,11,71,6.907370803861486e-5
39,32,71,0.0071562230930075025
19,52,71,0.019691573600028968
24,47,71,0.9703220335374653
10,61,71,0.2506505417905184
26,45,71,0.05631407900959844
4,67,71,0.04865788038130383
27,44,71,0.10269267423929074
24,47,71,0.00019731054175593107
54,17,71,0.03409224013109037
41,30,71,7.76657700700425e-7
40,31,71,0.004639899262517582
27,44,71,0.012769900319423844
3,68,71,NaN
0,71,71,0.0981462602611937
37,33,70,0.9169234607532682
18,52,70,6.156778851720958e-5
44,26,70,1.0220248197879577e-8
27,43,70,0.0640450458600324
44,26,70,0.01909483189891564
30,40,70,0.0077819770623172475
45,25,70,NaN
46,24,70,0.12014958284001422
45,25,70,0.7099946859060099
24,46,70,0.10880990937244805
45,25,70,0.7099946859060099
59,11,70,0.10954780920471523
33,37,70,0.01598723011933048
45,25,70,0.1854442650460688
25,45,70,0.1577775783511702
13,57,70,1.2126049689414745e-9
8,62,70,0.005966613989520915
15,55,70,0.026738293771363116
16,54,70,0.0004731015195773483
0,70,70,0.8475050423559439
25,44,69,0.03184441363446245
44,25,69,0.7951200665717539
48,21,69,0.028887066061251257
46,23,69,0.5857933458990237
32,37,69,5.8038777255849134e-11
9,60,69,0.7742996008795586
48,21,69,1.3741827763231187e-12
36,33,69,0.07398859749715625
28,41,69,0.16394581723591922
31,38,69,NaN
36,33,69,6.913984810994906e-8
40,29,69,0.5704618590985474
19,50,69,0.006531896091517178
31,38,69,0.0003102758347895635
4,65,69,0.023887454499875376
11,58,69,0.010249335252267937
15,54,69,0.0003816230416647552
6,63,69,0.0013738162413718838
1,68,69,0.2766073941182495
0,69,69,0.8611587862581631
40,28,68,NaN
45,23,68,5.2177938033119594e-11
29,39,68,0.06581586929777399
38,30,68,0.26366306370061443
35,33,68,0.0640450458600324
27,41,68,0.11225219921941293
45,23,68,0.964109046255293
45,23,68,0.1382201481343977
11,57,68,0.0005325714712744726
33,35,68,0.7076648068182604
50,18,68,0.9928169178499623
33,35,68,0.8105930531417648
33,35,68,0.6895729062347232
24,44,68,0.07021101448198432
20,48,68,0.251403907690667
6,62,68,0.0011186142607423411
0,68,68,0.912484067245082
39,28,67,NaN
24,43,67,NaN
51,16,67,0.05761666662235252
33,34,67,0.7846948929051238
29,38,67,0.6647312088778987
50,17,67,0.0007341562128730438
29,38,67,1.2832902520045175e-12
32,35,67,0.6711868417913297
63,4,67,0.5857933458990237
49,18,67,0.12850144349580897
42,25,67,0.8406301522719353
37,30,67,0.9564517636473293
28,39,67,1.148391763896194e-13
25,42,67,0.4005674250897617
19,48,67,0.5857933458990237
28,39,67,9.947960424177393e-7
7,60,67,NaN
17,50,67,0.34202706909220787
31,36,67,0.1921949779446829
51,15,66,0.13117306201291254
53,13,66,0.05540339808038941
14,52,66,0.5296405455413663
19,47,66,0.03699915555555507
52,14,66,0.9428551579020901
31,35,66,0.11225219921941293
24,42,66,0.5547607873811298
10,56,66,0.0002357646615734165
33,33,66,0.06628621440911554
27,39,66,0.44866759124185646
39,27,66,6.750134796621274e-6
17,49,66,NaN
36,30,66,0.5069632254520715
37,29,66,NaN
24,42,66,0.0009328062187716887
51,15,66,1.1120399913185348e-5
44,22,66,0.1515566312018809
58,8,66,6.51823238479647e-6
26,40,66,0.024383479686113846
39,27,66,0.4550527386128871
12,54,66,0.0947051809217214
9,57,66,0.0007450265925670206
4,62,66,0.00834535049023755
37,28,65,NaN
29,36,65,0.4005674250897617
42,23,65,NaN
20,45,65,1.0828545609001686e-6
32,33,65,NaN
31,34,65,NaN
14,51,65,0.03071836900829517
17,48,65,0.19981971543485721
34,31,65,NaN
4,61,65,0.7099946859060099
53,12,65,2.1417921165332697e-11
28,37,65,0.6247014651962874
9,56,65,0.0640450458600324
12,53,65,0.01839124053507546
11,54,65,0.04512681731339989
18,46,64,0.0007790824663216172
64,0,64,0.49760645166926687
26,38,64,6.921246460544187e-10
13,51,64,0.028982218009150015
23,41,64,0.4005674250897617
42,22,64,9.235386369275043e-21
43,21,64,1.1729174380565997e-17
40,24,64,0.11225219921941293
13,51,64,0.00501841016157765
28,36,64,NaN
34,30,64,1.1196210381777951e-5
34,30,64,0.14701094102636791
32,32,64,0.5436724551002615
17,47,64,0.07398859749715625
34,30,64,0.7961520234936675
28,36,64,0.35918334633262433
41,23,64,0.05760790249157499
45,19,64,0.8650076002264386
42,22,64,0.00012243550363333084
18,46,64,0.18660969477500328
37,27,64,0.00986561660261143
10,54,64,0.0006037408792677507
35,29,64,NaN
28,36,64,0.1146728995122812
41,23,64,0.08509261982872529
45,19,64,0.01731892865016108
10,54,64,0.0687021089920962
22,42,64,0.014709925090051867
8,56,64,0.017885932416267757
2,62,64,0.44866759124185646
7,57,64,0.4566481635957917
5,59,64,4.481026447173352e-15
31,32,63,0.15045458278679702
21,42,63,0.1479983473577536
26,37,63,0.0006653191164171186
40,23,63,0.08842904026410998
48,15,63,NaN
38,25,63,8.100294463102388e-24
63,0,63,0.8220711179222149
46,17,63,4.2869408868914835e-12
49,14,63,0.00011774429167576674
48,15,63,0.6830262639712071
39,24,63,0.00032020797237681533
48,15,63,NaN
30,33,63,0.44866759124185646
7,56,63,9.216914152429129e-5
63,0,63,0.8203221056141767
44,19,63,NaN
18,45,63,7.160498831260661e-8
10,53,63,0.1225327955014358
36,27,63,0.19774253276187823
27,36,63,0.13761959283735076
46,17,63,0.017885932416267757
21,42,63,0.5766095897724843
37,26,63,0.35918334633262433
11,52,63,0.008801170657258283
26,37,63,NaN
26,36,62,0.0045150812448965716
48,14,62,0.0721294878480522
3,59,62,0.05631407900959844
25,37,62,0.7435026469914164
29,33,62,0.07642016531810283
48,14,62,0.8279695485426591
52,10,62,0.25291727062606995
25,37,62,0.3112736845185457
20,42,62,0.6582923850695215
42,20,62,0.03184441363446245
8,54,62,0.7742996008795586
13,49,62,0.00821876365221453
30,32,62,0.21780701902471042
33,29,62,0.00013892224335607974
20,42,62,0.005623774006070415
23,39,62,0.04865788038130383
12,50,62,0.9677162682949049
9,53,62,0.16892676507977705
24,38,62,0.05631407900959844
27,35,62,0.21780701902471042
0,62,62,0.7099946859060099
52,9,61,0.988653610955692
50,11,61,0.022892085825381974
56,5,61,0.8084381123223844
44,17,61,0.0017926153761529788
40,21,61,0.4782696639024901
33,28,61,0.8471148400074054
25,36,61,NaN
22,39,61,0.1479443487344717
9,52,61,0.19398284709426644
30,31,61,0.1915950728649002
24,37,61,NaN
30,31,61,0.08691154061745218
26,35,61,0.2644946050289128
58,3,61,0.9255431095586868
40,21,61,0.08779223837339908
10,51,61,5.909580652720382e-5
21,40,61,0.039981780087883306
28,33,61,1.9857234185101808e-8
11,50,61,0.6636097207039852
27,34,61,0.07957503538458661
8,53,61,0.8255935837441757
25,36,61,0.02766704178145161
41,20,61,0.25291727062606995
41,20,61,0.6291723264168632
18,43,61,0.054792537807966044
27,34,61,0.6291723264168632
2,59,61,0.7099946859060099
30,30,60,0.42237070932298443
25,35,60,0.000994452884530842
28,32,60,0.6814899615952261
29,31,60,NaN
34,26,60,0.02634924143733654
23,37,60,1.3844791572590009e-5
28,32,60,0.2573133444227113
24,36,60,0.04865788038130383
25,35,60,5.508540014064574e-5
26,34,60,0.3278656033873785
23,37,60,NaN
18,42,60,0.10663828715656835
38,22,60,NaN
25,35,60,0.16662957401796674
19,41,60,0.0010553403806117553
38,22,60,0.19075795199474455
17,43,60,0.11225219921941293
17,43,60,0.46558568440511633
21,39,60,3.069149993459338e-6
9,51,60,0.07398859749715625
14,46,60,0.04867553993224669
5,55,60,0.16019726952148192
13,47,60,0.35918334633262433
24,36,60,0.013135794871795524
13,47,60,0.12850144349580897
43,17,60,0.9012238434364171
4,56,60,0.005730486580937602
0,60,60,NaN
58,1,59,0.9444836862058404
59,0,59,0.28616194977437465
38,21,59,0.2089785430450645
33,26,59,2.3590903855035917e-5
37,22,59,0.12850144349580897
43,16,59,0.16892676507977705
42,17,59,0.10593783362161269
19,40,59,1.4325355418418706e-5
26,33,59,NaN
7,52,59,0.05631407900959844
15,44,59,0.008801170657258283
26,33,59,0.285231730350609
35,24,59,0.037964362915707095
22,37,59,0.41101327012315153
26,33,59,0.9255431095586868
37,22,59,0.32204760611626027
32,27,59,0.8014889144615878
21,38,59,0.023958077662421275
25,34,59,7.49630012311002e-6
5,54,59,0.8824229336212897
27,32,59,0.0251759370889042
11,48,59,9.25521400417935e-5
4,55,59,5.2826005210593627e-5
7,52,59,0.03184441363446245
11,48,59,0.08509261982872529
2,57,59,0.00038718052279191207
5,54,59,0.949278576069153
0,59,59,0.7099946859060099
33,25,58,0.3933540143364824
58,0,58,0.44866759124185646
29,29,58,0.945363355588601
29,29,58,0.009811178774017902
29,29,58,0.023887454499875376
17,41,58,0.4558254909616914
40,18,58,0.8460613307452832
24,34,58,0.007837788026609073
34,24,58,0.00017587258991458817
30,28,58,0.18614141424390776
38,20,58,0.22773671622295888
35,23,58,1.4582405366359856e-12
32,26,58,NaN
39,19,58,0.9481906106540485
43,15,58,0.02856871665047905
32,26,58,0.3154962015657881
39,19,58,0.4201240471671956
39,19,58,0.08509261982872529
4,54,58,0.8975048543322908
20,38,58,2.7332617758585017e-9
34,24,58,0.35149189092922317
12,46,58,0.011088443567678049
12,46,58,0.5436724551002615
10,48,58,0.393893890023416
7,51,58,0.007865610780328554
6,52,58,0.00017959510742792927
0,58,58,NaN
35,22,57,0.5860267934426996
32,25,57,0.08437594572439198
25,32,57,6.265038842156651e-5
21,36,57,0.9178145118497292
31,26,57,0.3762872812266221
26,31,57,0.8824229336212897
25,32,57,0.5436724551002615
37,20,57,0.07398859749715625
26,31,57,0.11071468949409662
24,33,57,5.138041555145649e-31
26,31,57,3.5114012029775e-6
41,16,57,0.4005674250897617
26,31,57,NaN
28,29,57,0.041655030385332976
44,13,57,0.49760645166926687
13,44,57,1.1782800752172646e-6
10,47,57,7.588185045955401e-6
28,29,57,0.1921949779446829
15,42,57,0.03184441363446245
19,38,57,0.14089361231732628
14,43,57,0.49760645166926687
32,25,57,0.49760645166926687
26,31,57,0.5411319770566916
31,26,57,0.0009912617973006194
17,40,57,8.629787952083527e-21
9,48,57,NaN
26,31,57,0.013135794871795524
7,50,57,0.001436856863309681
5,52,57,9.773362108880726e-5
5,52,57,0.0608267996489403
29,28,57,0.5227985382775829
0,57,57,0.7742996008795586
20,36,56,0.21780701902471042
20,36,56,0.38011496273783024
18,38,56,0.10995468791673302
15,41,56,6.490633914562214e-13
56,0,56,0.013135794871795524
15,41,56,0.44866759124185646
23,33,56,NaN
28,28,56,0.5561681902659935
33,23,56,0.00012534857119391636
34,22,56,0.07472647384558057
18,38,56,0.10522451209344597
34,22,56,0.7435026469914164
31,25,56,7.676584758127306e-5
10,46,56,0.013135794871795524
21,35,56,0.997840462624232
32,24,56,0.5436724551002615
31,25,56,0.07398859749715625
24,32,56,0.08509261982872529
18,38,56,0.8014889144615878
13,43,56,NaN
35,21,56,0.7701802913046779
39,17,56,0.8404333002359424
26,30,56,0.9636299980827789
19,37,56,0.09740857799807384
27,29,56,0.49760645166926687
9,47,56,0.0026863722771849822
23,33,56,0.04704489049634319
19,37,56,0.0001583114956694355
23,32,55,3.715210435275507e-10
26,29,55,0.12850313780005496
32,23,55,0.017525770276498175
35,20,55,0.05501963416405308
45,10,55,0.0013634316771580226
16,39,55,0.000339869638472559
21,34,55,NaN
29,26,55,3.5540173667356535e-6
41,14,55,0.48489496335068144
11,44,55,4.549718786284906e-5
14,41,55,0.5857933458990237
24,31,55,NaN
31,24,55,0.025650098264815003
24,31,55,NaN
21,34,55,0.5864052998877292
30,25,55,0.0009912617973006194
43,12,55,0.912484067245082
44,11,55,NaN
27,28,55,0.009073854819958479
22,33,55,0.11225219921941293
16,39,55,NaN
20,35,55,0.013135794871795524
13,42,55,4.3614434316963915e-6
21,34,55,0.3214815328216883
17,38,55,0.07398859749715625
10,45,55,0.9719297762516707
14,41,55,4.190586501807617e-8
31,24,55,0.5901944499468257
17,38,55,0.0005045275867629097
7,48,55,2.1643660608087952e-7
27,28,55,0.8128396062835588
1,54,55,NaN
2,53,55,0.013139068022512069
32,22,54,6.555507087008185e-7
42,12,54,1.5277987145727248e-22
39,15,54,0.08181816685799938
32,22,54,0.1736869014500892
29,25,54,0.6043581196200739
17,37,54,0.49186441057055147
46,8,54,0.9989502177346901
34,20,54,0.00416763807227681
29,25,54,6.268243192272943e-5
35,19,54,0.17086353308806265
20,34,54,0.09383561307174203
22,32,54,0.6711868417913297
23,31,54,NaN
33,21,54,0.003507473569360583
23,31,54,0.08779223837339908
25,29,54,0.9853685268204679
24,30,54,0.1921949779446829
39,15,54,0.0055689579549067
5,49,54,4.9530087518682245e-8
8,46,54,0.285231730350609
18,36,54,0.7099946859060099
16,38,54,0.7380462180477425
7,47,54,0.02477659259978519
25,28,53,0.1992397450173276
20,33,53,3.177870841020121e-5
44,9,53,1.296659759853827e-7
36,17,53,0.49760645166926687
53,0,53,0.8975048543322908
12,41,53,0.0014522455874653036
32,21,53,NaN
23,30,53,0.22486989768687154
12,41,53,0.9106881403861113
33,20,53,0.6452092157368722
20,33,53,0.44585788669922194
39,14,53,0.468579570769083
25,28,53,NaN
45,8,53,0.8454799740380384
34,19,53,5.707658007210813e-8
19,34,53,0.2430653723634959
35,18,53,0.6711868417913297
7,46,53,0.7435026469914164
38,15,53,0.11225219921941293
25,28,53,0.9564517636473293
22,31,53,0.9370946320424296
39,14,53,3.027422514107168e-5
23,30,53,0.004715231185707418
30,23,53,0.06903507721129964
34,19,53,NaN
8,45,53,0.25053889319716666
26,27,53,0.03656257418098627
27,26,53,0.004715231185707418
30,23,53,0.6046373735975251
19,34,53,0.03018046932898454
7,46,53,0.16892676507977705
29,24,53,0.03184441363446245
13,40,53,0.3806560140183419
23,30,53,0.012189631264100288
14,39,53,0.44866759124185646
15,38,53,0.8650076002264386
6,47,53,0.009057389152176212
8,45,53,0.03366780656226025
42,10,52,0.020590454072347036
24,28,52,4.218244896395736e-6
34,18,52,0.0941031040763217
16,36,52,0.14850386010640917
39,13,52,0.2821797578538973
11,41,52,0.00027019705030967387
32,20,52,0.7176250446744489
15,37,52,0.06396219205683133
19,33,52,0.04145865120585377
34,18,52,0.017549438511396773
12,40,52,0.2638861235768417
14,38,52,0.1921949779446829
50,2,52,NaN
30,22,52,0.9370946320424296
31,21,52,0.12850144349580897
26,26,52,0.21780701902471042
44,8,52,0.0007579908600082894
33,19,52,0.972300159292698
36,16,52,0.3196234349791524
19,33,52,0.171662586218386
24,28,52,0.2964284716313821
33,19,52,0.49760645166926687
36,16,52,0.519759691172773
52,0,52,NaN
24,28,52,0.6711868417913297
32,20,52,0.05271816508674006
15,37,52,0.03184441363446245
37,15,52,0.8255935837441757
8,44,52,0.09054050228018232
32,20,52,0.1921949779446829
21,31,52,0.03940922314060841
21,31,52,0.004149260725209072
20,32,52,2.9976208595838525e-5
20,32,52,0.5436724551002615
14,38,52,NaN
17,35,52,0.749420715751155
20,32,52,0.0003753116743089473
7,45,52,0.6291723264168632
15,37,52,0.9817557942342455
5,47,52,0.9059951582499103
37,15,52,8.915111437944817e-10
6,46,52,0.021694514094128908
6,46,52,2.880991834645188e-5
26,26,52,0.8575069718171479
26,26,52,0.00026053757835653636
12,40,52,0.3341812158431565
9,43,52,0.04211574958034947
5,47,52,6.265038842156651e-5
29,22,51,0.0037452001414778847
33,18,51,0.24069433202282264
30,21,51,0.018400012063518174
32,19,51,5.260932413197288e-13
27,24,51,0.9785304678970272
15,36,51,0.44866759124185646
26,25,51,4.2462166229149685e-7
28,23,51,0.6291723264168632
25,26,51,0.8792358180869095
36,15,51,NaN
46,5,51,0.041655030385332976
27,24,51,0.6644546575068047
29,22,51,0.06092843084761049
20,31,51,0.020724062087912304
24,27,51,0.3814535750425198
36,15,51,0.6291723264168632
9,42,51,0.49760645166926687
21,30,51,0.14701094102636791
25,26,51,0.757536688393002
21,30,51,0.11225219921941293
47,4,51,1.774784792957916e-5
21,30,51,0.0002769524595735721
21,30,51,0.1614712707846798
17,34,51,0.0640450458600324
20,31,51,0.012047555067278915
11,40,51,1.0427884821181912e-5
3,48,51,0.0847690192676475
37,13,50,0.12850144349580897
23,27,50,NaN
25,25,50,0.285231730350609
25,25,50,NaN
30,20,50,0.6736295260591882
16,34,50,0.07398859749715625
26,24,50,NaN
25,25,50,0.14701094102636791
25,25,50,0.011568107854439602
20,30,50,0.8460613307452832
26,24,50,7.913932293709342e-11
25,25,50,0.0036320930867729906
50,0,50,NaN
21,29,50,0.06278065309130033
13,37,50,0.7723016358215586
11,39,50,0.00017195022134074535
31,19,50,0.49760645166926687
12,38,50,0.11225219921941293
40,10,50,0.04865788038130383
23,27,50,0.7039310610036192
22,28,50,0.4005674250897617
21,29,50,0.9039275043761796
20,30,50,0.05113272858891661
31,19,50,0.1921949779446829
13,37,50,0.0640450458600324
15,35,50,0.7742996008795586
11,39,50,0.6711868417913297
7,43,50,NaN
16,34,50,5.126826015884167e-7
28,22,50,0.8014889144615878
18,32,50,NaN
23,27,50,0.5347870487793192
23,27,50,0.1645839793869535
5,45,50,1.0490853823570963e-5
4,46,50,0.000490857381392744
4,46,50,0.011172931809522797
0,50,50,NaN
29,20,49,0.5857933458990237
27,22,49,0.001041067103306844
49,0,49,NaN
25,24,49,0.8872383340532239
41,8,49,0.2279367610379375
11,38,49,NaN
16,33,49,0.11837731021914769
49,0,49,0.283356202950121
36,13,49,0.49760645166926687
21,28,49,0.2677319823503157
20,29,49,1.8125865286325414e-6
30,19,49,0.08393366479257097
9,40,49,NaN
49,0,49,NaN
11,38,49,0.08509261982872529
38,11,49,0.15533554823395399
21,28,49,0.8255935837441757
28,21,49,0.00014066264581402558
24,25,49,0.041655030385332976
31,18,49,0.8263290847717991
9,40,49,0.12850144349580897
18,31,49,NaN
30,19,49,NaN
12,37,49,7.809728839163549e-14
26,23,49,0.35918334633262433
22,27,49,0.21578370922404502
15,34,49,0.0011802328462263384
27,22,49,0.7435026469914164
20,29,49,0.004079717861205951
17,32,49,0.048928033987566386
15,34,49,0.8824229336212897
22,27,49,0.006531896091517178
9,40,49,5.118343614876932e-6
26,23,49,0.2176076696806213
29,20,49,0.35918334633262433
35,14,49,0.07398859749715625
16,33,49,0.5857933458990237
24,25,49,0.16892676507977705
14,35,49,0.11121350661627234
27,22,49,0.10951079506319512
30,19,49,0.03699915555555507
16,33,49,0.9316348704715195
13,36,49,0.9252973505178397
15,34,49,NaN
18,31,49,2.8668694836220417e-13
15,34,49,0.12850144349580897
5,44,49,0.6491394604883699
17,32,49,0.11225219921941293
10,39,49,0.08509261982872529
17,31,48,0.1349487487935545
21,27,48,0.7025951734260519
28,20,48,0.017885932416267757
29,19,48,0.5477967426813338
22,26,48,NaN
36,12,48,0.015402123879535922
18,30,48,NaN
27,21,48,0.4005674250897617
26,22,48,0.6099687142208957
48,0,48,0.13999328087530666
48,0,48,0.9766852141464419
48,0,48,0.7581988401366301
6,42,48,0.8014889144615878
32,16,48,0.7468125415102562
31,17,48,0.7099946859060099
28,20,48,0.9963401800767422
36,12,48,0.47144869286090973
19,29,48,0.5905156684060509
24,24,48,0.003165388061407298
27,21,48,0.21780701902471042
7,41,48,0.00010911563071263175
38,10,48,0.4005674250897617
26,22,48,0.5347870487793192
20,28,48,0.23342972615055224
26,22,48,0.5613347070713123
20,28,48,0.07398859749715625
19,29,48,0.03184441363446245
16,32,48,0.3313894849824651
17,31,48,0.13678970847398259
17,31,48,0.04865788038130383
16,32,48,0.12850144349580897
15,33,48,0.6478567534578991
8,40,48,0.42561242212413497
10,38,48,0.019196146445134923
8,40,48,0.0700256978658676
6,42,48,0.24405623072417623
9,39,48,0.07398859749715625
35,13,48,0.0013504659378255142
6,42,48,0.00016918776590703802
16,32,48,0.20220698183467836
25,23,48,0.35918334633262433
21,27,48,0.7778048260452081
1,47,48,0.2599651143293633
10,38,48,0.7212295349751568
29,19,48,NaN
13,35,48,4.861469230606673e-24
5,43,48,0.002300049340264029
5,43,48,0.03184441363446245
1,47,48,0.4005674250897617
27,20,47,0.37591400741294456
37,10,47,0.2759323853033766
16,31,47,0.285231730350609
24,23,47,1.247782637231007e-12
15,32,47,0.12368709298028725
26,21,47,NaN
9,38,47,0.005267406739647393
31,16,47,0.012428851786293854
37,10,47,NaN
7,40,47,0.0640450458600324
22,25,47,NaN
22,25,47,0.005867636077463582
28,19,47,0.6711868417913297
27,20,47,0.45810053926155103
36,11,47,0.0030266243781080586
35,12,47,0.011172931809522797
27,20,47,0.964109046255293
18,29,47,0.2865660694716254
19,28,47,0.49760645166926687
12,35,47,0.10952226545062614
15,32,47,0.5857933458990237
28,19,47,0.9481906106540485
21,26,47,0.7099946859060099
35,12,47,NaN
23,24,47,0.3338883059006303
25,22,47,0.16850245340038797
10,37,47,0.16288979616003263
22,25,47,0.5891572059485143
20,27,47,0.23258484350189593
12,35,47,0.6920080015557831
24,23,47,0.8856455872390313
12,35,47,0.09189760569929836
7,40,47,0.07398859749715625
24,23,47,0.7112266801975158
16,31,47,0.9370946320424296
19,28,47,NaN
24,23,47,0.5524495365661486
11,36,47,2.9084912455286613e-6
8,39,47,0.6711868417913297
14,33,47,0.5857933458990237
9,38,47,0.0002012590819104816
4,43,47,1.2160136649218009e-6
1,46,47,0.7742996008795586
0,47,47,0.5857933458990237
0,47,47,0.1921949779446829
16,30,46,1.5230317181321183e-8
25,21,46,0.6610758940377064
17,29,46,0.012211407514559293
13,33,46,0.8650076002264386
37,9,46,0.40901139842551815
30,16,46,0.0004858147710466309
28,18,46,2.0588420198306384e-5
9,37,46,0.9441878328250093
23,23,46,0.0023154574787019057
28,18,46,0.32934631657551816
22,24,46,0.44866759124185646
23,23,46,0.18923231114875258
40,6,46,0.1921949779446829
46,0,46,0.5857933458990237
46,0,46,0.0010524114515897268
15,31,46,NaN
15,31,46,0.3639944455593362
16,30,46,1.1642919836472884e-6
28,18,46,0.0002926202854807089
24,22,46,0.8824229336212897
13,33,46,0.0010946154316504213
25,21,46,0.9255431095586868
24,22,46,0.028733522738513522
15,31,46,0.19970377090684205
25,21,46,0.9262041918189382
12,34,46,3.393905198122619e-5
22,24,46,0.006045695918433114
23,23,46,0.9764973997616925
27,19,46,0.5979258611535977
18,28,46,0.9255431095586868
19,27,46,NaN
16,30,46,NaN
24,22,46,0.01150972545974804
22,24,46,0.8824229336212897
29,17,46,NaN
11,35,46,0.35918334633262433
20,26,46,8.16523203637565e-5
24,22,46,0.05791152037059114
10,36,46,0.1573439836296555
20,26,46,0.7435026469914164
7,39,46,0.9817557942342455
6,40,46,0.8684472148901718
6,40,46,2.2609468672018e-6
7,39,46,0.11922225620247805
20,25,45,0.9636831011122448
15,30,45,NaN
32,13,45,0.4919189967294486
16,29,45,0.6166494551910356
21,24,45,0.6727128677576598
15,30,45,0.3356568289905823
23,22,45,NaN
45,0,45,0.05631407900959844
35,10,45,0.7435026469914164
44,1,45,0.9981167301190321
14,31,45,0.27501166024272466
19,26,45,0.017375738532170223
45,0,45,NaN
16,29,45,0.1921949779446829
19,26,45,0.011172931809522797
17,28,45,0.0604188460836114
16,29,45,0.5016316239369241
27,18,45,0.49760645166926687
18,27,45,0.6711868417913297
39,6,45,0.19204588719802854
24,21,45,0.18547716579031123
28,17,45,1.284051073127902e-6
21,24,45,0.05631407900959844
29,16,45,0.7126597909910816
19,26,45,0.18452156896296912
24,21,45,0.003902951576027993
19,26,45,NaN
23,22,45,0.8824229336212897
26,19,45,0.7099946859060099
31,14,45,0.6850073248949298
21,24,45,0.0981462602611937
26,19,45,0.004984938342872849
29,16,45,5.8490356988455506e-6
13,32,45,0.41251720323543184
26,19,45,0.04865788038130383
16,29,45,0.0032015847993366146
14,31,45,2.3695590004021255e-7
24,21,45,0.17669668644746753
39,6,45,0.6711868417913297
9,36,45,0.015390686967911196
6,39,45,NaN
5,40,45,0.00028752590315636546
20,25,45,0.9481906106540485
14,31,45,0.38103926943349037
13,32,45,0.8650076002264386
20,25,45,NaN
8,37,45,0.2295771635222944
6,39,45,0.06120995351142586
8,37,45,0.11225219921941293
16,29,45,0.9008075252630765
3,42,45,0.16892676507977705
0,45,45,0.0640450458600324
15,29,44,NaN
33,11,44,0.32204760611626027
29,15,44,0.30097161111167087
21,23,44,0.9817557942342455
19,25,44,0.7099946859060099
26,18,44,0.014893461409332379
11,33,44,0.04865788038130383
10,34,44,0.0001774449106979855
26,18,44,0.07398859749715625
27,17,44,0.11225219921941293
33,11,44,0.6916453277642045
11,33,44,0.0004602154000889603
25,19,44,8.477989789737721e-9
22,22,44,3.7874828028560926e-6
8,36,44,0.9862691009837826
19,25,44,0.019854445374337552
44,0,44,0.35918334633262433
28,16,44,0.06183262903448744
7,37,44,0.8623751147210995
26,18,44,0.08509261982872529
26,18,44,0.44866759124185646
22,22,44,0.1706957546727405
22,22,44,0.49760645166926687
21,23,44,5.393405984817446e-8
20,24,44,0.16892676507977705
15,29,44,0.7099946859060099
16,28,44,0.014304700817937612
28,16,44,0.041655030385332976
9,35,44,0.0009219333639079515
17,27,44,0.013963326086814923
25,19,44,0.08928848214730117
16,28,44,NaN
11,33,44,0.045939317989155584
28,16,44,0.9963412234265302
23,21,44,NaN
13,31,44,0.8321220373275473
20,24,44,NaN
31,13,44,0.4953728146666562
13,31,44,0.011172931809522797
21,23,44,0.0981462602611937
8,36,44,0.036479853852934715
20,24,44,0.9869015959558632
28,16,44,0.16892676507977705
29,15,44,0.8824229336212897
18,26,44,0.15606059288293594
21,23,44,0.31314599495611184
5,39,44,0.06613184984480831
7,37,44,NaN
22,22,44,0.08509261982872529
11,33,44,0.2260221449729651
8,36,44,0.0016711759503834347
2,42,44,0.05427344483413832
0,44,44,0.2506505417905184
23,20,43,0.27056190834709776
24,19,43,NaN
32,11,43,0.9969321873995142
34,9,43,0.21619684793588312
18,25,43,0.35918334633262433
30,13,43,NaN
27,16,43,NaN
18,25,43,0.3664704201080201
17,26,43,0.0640450458600324
39,4,43,0.05109381866117022
27,16,43,0.5434839961891221
22,21,43,0.3971685351561227
35,8,43,7.279117917676146e-11
32,11,43,0.0003781845088226696
35,8,43,0.7099946859060099
23,20,43,NaN
26,17,43,1.0315846355193462e-7
22,21,43,0.7675101866223321
16,27,43,0.9580738763096446
13,30,43,NaN
16,27,43,0.03690314286304449
12,31,43,0.2188733217769413
25,18,43,0.8255935837441757
15,28,43,0.7742996008795586
32,11,43,0.00030317250992742493
37,6,43,0.18590289458329956
16,27,43,0.8640716642618178
27,16,43,0.348151675964894
17,26,43,0.9370946320424296
23,20,43,0.7738449565219877
5,38,43,0.8024101641004021
13,30,43,NaN
24,19,43,0.44516802051301796
31,12,43,0.17475577511575166
10,33,43,0.9564517636473293
17,26,43,0.9255431095586868
11,32,43,0.00030678557719737574
22,21,43,2.4542490601680714e-7
25,18,43,0.04601405397887692
26,17,43,0.10490902926748386
20,23,43,NaN
24,19,43,0.8460613307452832
11,32,43,0.5544199204554792
6,37,43,0.6711868417913297
10,33,43,0.4005674250897617
9,34,43,0.3182549941929074
11,32,43,1.7340593792807965e-6
9,34,43,0.5436724551002615
26,17,43,0.001501174624099597
17,26,43,0.0034911686466444335
6,37,43,0.0030266243781080586
7,36,43,0.14701094102636791
0,43,43,0.8890914314183931
12,30,42,0.5436724551002615
25,17,42,0.019948857313390047
20,22,42,0.7894678677307543
13,29,42,0.02244604795381607
20,22,42,0.7829595153999905
20,22,42,0.11225219921941293
16,26,42,0.1297525665869675
39,3,42,0.5244340236646148
25,17,42,0.8844271197833716
41,1,42,0.7742996008795586
21,21,42,1.576992971836015e-6
11,31,42,0.0005622202243370086
10,32,42,0.1921949779446829
22,20,42,0.6291723264168632
36,6,42,0.00014956354691200385
22,20,42,0.8460613307452832
23,19,42,0.05712258222082143
16,26,42,NaN
35,7,42,0.005448123794493472
18,24,42,0.015390686967911196
21,21,42,0.0008478348942270486
20,22,42,0.7622424772828783
9,33,42,3.4017832121177547e-9
20,22,42,NaN
21,21,42,0.05501963416405308
15,27,42,0.2506505417905184
17,25,42,0.03215046926451476
19,23,42,NaN
14,28,42,3.6670010162814783e-16
31,11,42,0.0726789476094724
20,22,42,8.461613257033659e-5
20,22,42,NaN
9,33,42,0.03464530030209153
7,35,42,0.10402799253704188
15,27,42,0.0047253259569480415
19,23,42,0.9764973997616925
6,36,42,0.0551726734242932
11,31,42,0.6924241725492103
23,19,42,0.07449960377365727
27,15,42,0.0010552331911790804
19,23,42,0.6291723264168632
1,41,42,NaN
10,32,42,NaN
6,36,42,0.5963623284077109
5,37,42,0.9481906106540485
12,30,42,0.7725309319596881
6,36,42,0.49760645166926687
7,35,42,0.35918334633262433
7,35,42,0.7841568476514756
5,37,42,0.2506505417905184
7,35,42,0.0981462602611937
2,40,42,0.09536497245498121
4,38,42,0.26027999968837034
25,16,41,0.3662394549381268
16,25,41,0.49760645166926687
26,15,41,0.24849341773921732
25,16,41,0.11225219921941293
22,19,41,0.3620605768467163
19,22,41,0.02938514469622335
13,28,41,0.2867806085618891
25,16,41,0.9764973997616925
10,31,41,8.728712988428855e-7
30,11,41,0.02852482360786205
12,29,41,0.6711868417913297
40,1,41,0.19241620179394878
25,16,41,0.6711868417913297
14,27,41,0.952680698909459
20,21,41,0.06989330503796903
12,29,41,0.5857933458990237
14,27,41,0.38217810467240504
18,23,41,0.9465279803156685
36,5,41,1.4477005324910953e-10
26,15,41,0.35918334633262433
36,5,41,0.8824229336212897
7,34,41,0.8264810036974988
22,19,41,0.0001700993055637967
21,20,41,0.14546044563120314
23,18,41,0.015555873817866136
13,28,41,NaN
17,24,41,0.7294185663537489
21,20,41,8.038416638238203e-8
36,5,41,0.00258884587774316
10,31,41,0.1921949779446829
9,32,41,0.004715231185707418
9,32,41,0.0981462602611937
18,23,41,NaN
33,8,41,0.0982263638333356
14,27,41,0.03485700004131071
17,24,41,0.9564517636473293
23,18,41,0.8255935837441757
27,14,41,0.32204760611626027
5,36,41,0.11153697164523693
13,28,41,0.0021454061015198193
28,13,41,0.12850144349580897
20,21,41,0.44866759124185646
11,30,41,0.012003224218900389
5,36,41,0.08509261982872529
10,31,41,0.964109046255293
18,23,41,0.7435026469914164
19,22,41,0.732489319012507
6,35,41,0.6711868417913297
10,31,41,0.058901345097128736
3,38,41,0.7099946859060099
3,38,41,0.008629785709289729
2,39,41,NaN
21,19,40,0.9999151862870818
29,11,40,NaN
20,20,40,0.12182653440114304
22,18,40,0.44866759124185646
9,31,40,4.820700164239062e-5
11,29,40,0.08280006031602845
29,11,40,0.8014889144615878
16,24,40,0.009486583746244373
21,19,40,0.26397945642918835
17,23,40,0.005644578014961761
28,12,40,0.0015344919743374003
33,7,40,4.6650358255483204e-5
27,13,40,0.7435026469914164
29,11,40,0.35246387515653105
17,23,40,0.2690800208164008
20,20,40,0.015858426915043508
39,1,40,0.018489484773425213
21,19,40,0.11170008556329376
31,9,40,NaN
12,28,40,NaN
40,0,40,NaN
13,27,40,0.9981465665523673
33,7,40,0.9862691009837826
31,9,40,0.0968929820210358
3,37,40,0.5918082825871049
37,3,40,0.7099946859060099
20,20,40,0.19747346863381715
30,10,40,0.04865788038130383
10,30,40,1.3538937821757602e-7
23,17,40,0.6482788176245688
6,34,40,0.25567678195079774
7,33,40,9.252034137497785e-8
33,7,40,1.8320388609049161e-6
33,7,40,0.8460613307452832
7,33,40,NaN
19,21,40,0.0003846349156231281
15,25,40,0.00030204679941631525
21,19,40,NaN
3,37,40,0.8255935837441757
26,14,40,NaN
17,23,40,0.478611414561121
15,25,40,0.20876728021340932
12,28,40,0.8255935837441757
12,28,40,0.12252685924680808
9,31,40,0.32204760611626027
5,35,40,NaN
13,27,40,0.38146627622123574
0,40,40,NaN
19,20,39,NaN
15,24,39,0.017603073785219
25,14,39,0.24874094401657013
31,8,39,0.0523630574580353
29,10,39,0.028638690204100762
30,9,39,0.4870782114342047
18,21,39,0.020724062087912304
23,16,39,0.18328976703200348
20,19,39,0.30280112801220777
6,33,39,NaN
7,32,39,0.0004896611801010846
3,36,39,0.5074194839704236
9,30,39,0.44866759124185646
19,20,39,0.0859366885531437
16,23,39,0.9255431095586868
19,20,39,0.0022800109171507853
24,15,39,0.5857933458990237
25,14,39,0.16892676507977705
22,17,39,0.0006305031087354719
5,34,39,0.05631407900959844
15,24,39,0.07875717724183443
15,24,39,0.3379407312515505
30,9,39,4.178805730705201e-5
16,23,39,0.6774631747834137
18,21,39,0.0002006594072913077
8,31,39,NaN
7,32,39,0.7435026469914164
16,23,39,0.39967140893688824
18,21,39,0.6291723264168632
26,13,39,0.056034613121195585
24,15,39,0.49760645166926687
21,18,39,NaN
25,14,39,0.10506036800295791
16,23,39,NaN
17,22,39,3.5601089248744306e-11
11,28,39,0.029561368018129718
31,8,39,0.7742996008795586
20,19,39,0.6869380300030786
14,25,39,0.4440795454161194
25,14,39,0.16323698740889034
3,36,39,0.8183125105377306
19,20,39,0.32204760611626027
17,22,39,NaN
19,20,39,0.0975829304420481
9,30,39,0.01923430934988672
21,18,39,0.19153638928482689
2,37,39,0.1921949779446829
4,35,39,0.30168664178244803
4,35,39,0.1921949779446829
6,33,39,0.04547424123752383
14,25,39,0.028982218009150015
14,25,39,0.1919065170832632
11,28,39,0.2506505417905184
4,35,39,0.005002180444410311
7,32,39,0.9764973997616925
3,36,39,0.0086511623679141
6,33,39,0.5447920907862916
21,17,38,0.6711868417913297
18,20,38,0.1921949779446829
7,31,38,0.2834774698800048
29,9,38,0.05461956788085367
24,14,38,9.365940262208721e-6
24,14,38,0.0771822755211224
12,26,38,0.005867636077463582
13,25,38,1.3653981435734678e-5
16,22,38,0.0032568263832081037
11,27,38,0.35918334633262433
22,16,38,NaN
6,32,38,0.722316116949625
18,20,38,0.44866759124185646
18,20,38,0.11225219921941293
22,16,38,NaN
19,19,38,0.7806331914879947
12,26,38,0.9196946032837124
27,11,38,0.0018872732421826948
27,11,38,0.49760645166926687
10,28,38,0.30997140632278397
25,13,38,0.0981462602611937
38,0,38,0.6711868417913297
18,20,38,0.06920784253554949
15,23,38,0.08607215760791105
9,29,38,NaN
16,22,38,0.6560560953908305
16,22,38,0.5121892433412338
13,25,38,NaN
15,23,38,0.7435026469914164
9,29,38,0.27722933720527926
16,22,38,0.7435026469914164
24,14,38,0.0006575253255039974
18,20,38,0.06187510670290511
18,20,38,0.12153528231495675
29,9,38,0.7099946859060099
15,23,38,0.0017926153761529788
22,16,38,0.7099946859060099
24,14,38,0.041085832178589694
21,17,38,0.025134931781909012
13,25,38,NaN
13,25,38,0.17257197033059346
12,26,38,0.03699915555555507
13,25,38,3.0041651634601618e-9
21,17,38,0.00017094229184162987
9,29,38,0.506482515260404
10,28,38,0.6291723264168632
31,7,38,0.19447730559979265
3,35,38,0.0981462602611937
18,20,38,0.8650076002264386
9,29,38,4.7042883470846455e-5
12,26,38,0.047314971272845986
13,25,38,0.285231730350609
10,28,38,0.004715231185707418
10,28,38,0.07398859749715625
4,34,38,0.015858426915043508
12,26,38,0.5060795389272935
20,18,38,0.009189665523477854
28,10,38,0.9196946032837124
10,28,38,0.13287602233783058
4,34,38,0.49760645166926687
0,38,38,0.0
16,21,37,0.16892676507977705
37,0,37,0.4873802538587779
16,21,37,0.10212135699417237
18,19,37,1.4432733335302125e-9
21,16,37,NaN
22,15,37,0.3590517925119788
25,12,37,0.0053688419757461255
14,23,37,0.02766704178145161
22,15,37,0.10813629149494132
21,16,37,0.04865788038130383
20,17,37,7.582610366213496e-5
33,4,37,0.04268512686902887
8,29,37,0.8975048543322908
18,19,37,0.10499812737562551
24,13,37,0.9251111857035039
20,17,37,NaN
22,15,37,0.1921949779446829
31,6,37,NaN
10,27,37,0.7435026469914164
31,6,37,2.948066931827823e-11
15,22,37,0.16573473886393209
13,24,37,0.006903411040743142
21,16,37,0.1568154277391182
7,30,37,0.7124687495160964
24,13,37,0.7381536392362745
16,21,37,0.9181862413469211
8,29,37,0.07398859749715625
25,12,37,0.002367740556061036
18,19,37,0.05332787267447381
16,21,37,0.07398859749715625
25,12,37,0.5609254873290851
19,18,37,0.9686460653784015
20,17,37,0.2983981464761764
15,22,37,0.012030271488230073
20,17,37,NaN
15,22,37,0.5976133520541467
19,18,37,0.09058786117780433
8,29,37,0.43651912286432926
23,14,37,NaN
24,13,37,0.5081726738513095
7,30,37,0.6291723264168632
5,32,37,0.32204760611626027
7,30,37,0.7435026469914164
31,6,37,0.5436724551002615
14,23,37,0.1908698681830574
15,22,37,0.7435026469914164
8,29,37,0.7099946859060099
10,27,37,9.938233474231549e-13
11,26,37,0.9703220335374653
16,21,37,0.39576828344519055
14,23,37,0.543107099066169
15,22,37,0.7742996008795586
6,31,37,0.9208874357800219
5,32,37,0.3688055498354456
15,22,37,NaN
6,31,37,0.6553376239278489
15,22,37,0.35918334633262433
2,35,37,0.05419697943217372
2,35,37,0.5436724551002615
8,29,37,0.6291723264168632
1,36,37,0.00013816406073038594
3,34,37,0.3078772112538775
4,33,37,4.641313197045357e-10
0,37,37,0.9173207427565622
0,37,37,0.8975048543322908
22,14,36,0.0640450458600324
13,23,36,NaN
23,13,36,NaN
18,18,36,0.44866759124185646
23,13,36,0.03862356434905399
10,26,36,0.019948857313390047
21,15,36,0.05800977762601204
4,32,36,0.24491813210698937
18,18,36,0.1736231552648298
15,21,36,0.7099946859060099
15,21,36,0.0981462602611937
22,14,36,0.2987650240743334
28,8,36,0.00020542064109245128
19,17,36,0.2506505417905184
24,12,36,0.8255935837441757
19,17,36,0.1752166534121356
7,29,36,0.8255935837441757
28,8,36,0.4005674250897617
32,4,36,0.006246199891049198
18,18,36,0.7435026469914164
36,0,36,0.6291723264168632
22,14,36,0.014756358300232544
12,24,36,0.5857933458990237
19,17,36,0.03184441363446245
36,0,36,0.8255935837441757
24,12,36,0.0006879461424064831
22,14,36,1.2940762504121977e-11
26,10,36,0.8460613307452832
12,24,36,0.07398859749715625
17,19,36,0.9182904363196678
16,20,36,0.30524122904877843
9,27,36,0.4694329356398077
28,8,36,0.8107729925069059
21,15,36,1.1384266748059606e-5
14,22,36,0.6291723264168632
11,25,36,NaN
34,2,36,0.004711911287201288
14,22,36,NaN
36,0,36,0.8460613307452832
20,16,36,0.63650221504731
22,14,36,0.8975048543322908
14,22,36,0.7742996008795586
12,24,36,NaN
19,17,36,2.041158130222738e-12
17,19,36,0.35918334633262433
10,26,36,0.03840990630401522
15,21,36,0.8266144424503215
2,34,36,0.03494718483661845
9,27,36,NaN
18,18,36,7.831572378674556e-5
7,29,36,0.0007186410995847404
20,16,36,0.7601575442164882
14,22,36,0.38857810769773976
18,18,36,NaN
24,12,36,0.4005674250897617
7,29,36,0.21780701902471042
8,28,36,0.7742996008795586
5,31,36,1.7629528609054817e-5
13,23,36,0.12867296189334534
15,21,36,0.001414028486844574
12,24,36,NaN
2,34,36,1.551085717755082e-6
14,22,36,0.0004017816855637462
3,33,36,0.022240097538267497
17,19,36,0.015316541650887793
21,15,36,0.5468440199471166
4,32,36,1.227010583055301e-7
13,23,36,0.7783553109714937
5,31,36,NaN
5,31,36,0.8014889144615878
7,29,36,0.08620140654018783
2,34,36,6.210993599282679e-7
4,32,36,0.0981462602611937
6,30,36,0.08185061411687172
5,31,36,NaN
2,34,36,0.13117306201291254
0,36,36,NaN
17,18,35,0.045573997784937786
10,25,35,0.032168376021150524
34,1,35,0.8460613307452832
20,15,35,0.2225698309042453
34,1,35,0.017549438511396773
24,11,35,NaN
24,11,35,0.7742996008795586
10,25,35,NaN
21,14,35,0.9481906106540485
14,21,35,0.17701267779650612
35,0,35,0.9564517636473293
22,13,35,0.24654723049630914
8,27,35,0.0981462602611937
9,26,35,0.0003409043843011857
22,13,35,0.15895683384882586
29,6,35,0.8546240538069573
16,19,35,0.019342764663726312
20,15,35,0.3558226624208432
11,24,35,0.19759163115777345
21,14,35,0.7742996008795586
33,2,35,NaN
22,13,35,0.008561160318339317
25,10,35,0.36534454617663936
11,24,35,0.015390686967911196
26,9,35,0.002919173578574972
24,11,35,0.07681172429962552
11,24,35,0.1478288957442496
14,21,35,0.01285912795591984
22,13,35,0.07242504247854752
12,23,35,0.2939726198801696
12,23,35,0.7099946859060099
7,28,35,0.5467791629791107
5,30,35,0.2474488078517264
18,17,35,9.294527187573606e-6
15,20,35,0.07398859749715625
23,12,35,0.49760645166926687
11,24,35,0.9939551754041567
31,4,35,0.07398859749715625
21,14,35,9.521018007168592e-5
8,27,35,0.5179813241316034
19,16,35,NaN
17,18,35,0.037890823635873726
13,22,35,0.12936555405384864
21,14,35,0.7941275431824604
18,17,35,0.4005674250897617
16,19,35,0.6711868417913297
9,26,35,0.2506505417905184
6,29,35,0.08001005078942827
7,28,35,0.08509261982872529
12,23,35,0.594844341160892
23,12,35,0.623575676105116
17,18,35,0.03561006417340214
18,17,35,0.1921949779446829
13,22,35,0.02471025249053671
23,12,35,0.7099946859060099
22,13,35,0.009255657592646885
6,29,35,0.11083121118613799
10,25,35,0.7099946859060099
3,32,35,0.6291723264168632
12,23,35,0.09575499505217593
16,19,35,0.041655030385332976
6,29,35,0.0338379290398617
4,31,35,0.35918334633262433
6,29,35,0.8410739957985841
16,19,35,0.8445235642266778
1,34,35,0.16892676507977705
3,32,35,0.001056144455174615
1,34,35,6.752184568002601e-6
0,35,35,0.8255935837441757
0,35,35,0.8975048543322908
25,9,34,NaN
12,22,34,0.44866759124185646
16,18,34,0.383916260803473
12,22,34,0.7736679054452751
14,20,34,0.06896009883970756
21,13,34,7.853069379997832e-13
10,24,34,0.9255431095586868
15,19,34,0.49760645166926687
14,20,34,0.8620256899709514
19,15,34,0.6711868417913297
20,14,34,0.03699915555555507
20,14,34,0.8099254241710887
13,21,34,0.5259155020388976
21,13,34,3.969457265259432e-6
11,23,34,0.2506505417905184
20,14,34,NaN
15,19,34,0.5857933458990237
27,7,34,0.451450162422395
19,15,34,0.005309389676363271
34,0,34,0.44858133754878193
34,0,34,0.9536795386485484
20,14,34,0.9943857277569491
34,0,34,0.9963401800767422
22,12,34,0.05631407900959844
18,16,34,0.013781645306784608
16,18,34,0.2643579074199844
30,4,34,0.0017572236702085803
6,28,34,0.0027166789675493754
32,2,34,1.2352567813551546e-10
26,8,34,0.5436724551002615
19,15,34,0.05631407900959844
18,16,34,0.4005674250897617
23,11,34,0.2506505417905184
21,13,34,0.0072737542642071365
10,24,34,0.8975048543322908
19,15,34,0.8661403598288855
11,23,34,0.44866759124185646
7,27,34,0.35918334633262433
13,21,34,NaN
24,10,34,0.6289232459261134
18,16,34,0.22941055514446526
7,27,34,NaN
11,23,34,0.8399818758775949
24,10,34,0.8593162968582764
4,30,34,0.5857933458990237
25,9,34,0.8420267522777392
14,20,34,0.6711868417913297
15,19,34,0.5919061205062024
14,20,34,0.8824229336212897
12,22,34,0.06734232377434397
13,21,34,0.21780701902471042
10,24,34,0.402324923801073
19,15,34,0.45406364747362465
15,19,34,0.03027471976876157
22,12,34,0.24332081297175323
5,29,34,7.29013178824151e-6
18,16,34,NaN
11,23,34,0.0010997970562914338
20,14,34,NaN
12,22,34,0.06751277299802554
16,18,34,0.9687566644275933
12,22,34,0.00639636229713819
16,18,34,0.285231730350609
10,24,34,0.16449733256555168
8,26,34,0.44866759124185646
2,32,34,NaN
17,17,34,0.4005674250897617
7,27,34,0.49760645166926687
17,17,34,0.03882912134846588
8,26,34,0.0981462602611937
5,29,34,0.016960016147688693
11,23,34,0.0608267996489403
8,26,34,0.0037652734278901543
5,29,34,0.25745514340154224
4,30,34,0.7099946859060099
3,31,34,0.8295857095782545
1,33,34,NaN
2,32,34,0.49760645166926687
7,27,34,NaN
26,7,33,0.14031715905774622
13,20,33,0.8650076002264386
17,16,33,0.2007401884828492
19,14,33,0.8824229336212897
19,14,33,0.001035375548295755
12,21,33,1.2263349679631297e-6
9,24,33,0.06336071658131355
3,30,33,NaN
13,20,33,0.9513839319150051
18,15,33,0.12850144349580897
16,17,33,0.7585621214526995
23,10,33,1.0779974968218416e-9
17,16,33,0.8397596947537279
24,9,33,0.14701094102636791
33,0,33,NaN
33,0,33,NaN
16,17,33,0.6646214200889705
24,9,33,0.8211611295249762
13,20,33,0.8650076002264386
21,12,33,0.005665396617560408
13,20,33,0.06097739753966271
24,9,33,0.7975633069726206
18,15,33,0.8650076002264386
26,7,33,NaN
19,14,33,0.37247476568107946
22,11,33,0.05074168335079138
24,9,33,2.7002047992942818e-11
22,11,33,2.3122758224924144e-5
22,11,33,NaN
20,13,33,0.6979399865339022
15,18,33,NaN
13,20,33,0.5857933458990237
9,24,33,0.5436724551002615
27,6,33,0.17180862183134266
16,17,33,0.2858790534003801
16,17,33,0.7435026469914164
13,20,33,0.11253489163236031
14,19,33,0.2587545243704262
25,8,33,0.023854146434330148
31,2,33,0.988523507803451
16,17,33,0.035201840282689044
20,13,33,0.38744524756727844
17,16,33,0.02993345971684658
27,6,33,0.32204760611626027
7,26,33,0.3700661618137302
6,27,33,0.44866759124185646
10,23,33,0.8200539554825197
11,22,33,0.5946546524176344
11,22,33,0.9255431095586868
12,21,33,0.912484067245082
10,23,33,0.8460613307452832
25,8,33,0.45658241353112977
30,3,33,0.020413208826475113
16,17,33,0.21780701902471042
14,19,33,0.16892676507977705
10,23,33,0.18943194162254823
14,19,33,0.033785268501514726
15,18,33,0.9127182654405132
24,9,33,0.44511883529085744
11,22,33,0.013342221895210836
16,17,33,NaN
17,16,33,NaN
9,24,33,0.8756020135204221
22,11,33,0.6944858248628341
11,22,33,0.5857933458990237
18,15,33,0.21780701902471042
10,23,33,0.5929840951368425
15,18,33,0.7742996008795586
15,18,33,NaN
5,28,33,0.33205547712618855
14,19,33,0.9838031118011833
9,24,33,0.005641748605798379
16,17,33,0.023208318894585824
18,15,33,0.3294852422477051
14,19,33,0.041655030385332976
21,12,33,0.04865788038130383
19,14,33,1.619629385255085e-13
13,20,33,0.17796774881320557
23,10,33,0.7435026469914164
20,13,33,NaN
33,0,33,0.8975048543322908
18,15,33,NaN
19,14,33,0.2506505417905184
14,19,33,NaN
6,27,33,0.7530807960911364
12,21,33,0.042417172749505426
17,16,33,0.1624869399710174
11,22,33,0.0019901974837216066
12,21,33,0.32204760611626027
13,20,33,NaN
8,25,33,0.05631407900959844
11,22,33,NaN
11,22,33,NaN
3,30,33,0.8360270650542978
12,21,33,0.09308013130096679
10,23,33,0.2506505417905184
5,28,33,0.2211233923041888
11,22,33,0.1921949779446829
1,32,33,0.004832620563234037
4,29,33,0.8014889144615878
8,25,33,9.661250875501684e-7
17,16,33,0.19383632736276307
6,27,33,0.8124877534791738
5,28,33,0.8014889144615878
13,20,33,1.5272835742819963e-5
6,27,33,0.8824229336212897
3,30,33,0.041655030385332976
2,31,33,0.02060192009806615
4,29,33,3.913144495781201e-5
4,29,33,0.1377704493217819
2,31,33,0.008208798485033758
3,30,33,NaN
0,33,33,NaN
0,33,33,0.9564517636473293
0,33,33,NaN
30,2,32,0.21780701902471042
9,23,32,0.00476128331990275
18,14,32,0.19135824748529048
12,20,32,0.14701094102636791
20,12,32,0.32204760611626027
19,13,32,0.0041853540402549795
22,10,32,0.011773118569991076
13,19,32,0.32204760611626027
17,15,32,NaN
24,8,32,0.052001953666659724
19,13,32,0.5881272034719596
18,14,32,0.5919955208393366
15,17,32,0.34202706909220787
13,19,32,0.8014889144615878
15,17,32,0.8547465692728455
22,10,32,0.8824229336212897
26,6,32,5.95015050650041e-5
29,3,32,0.0008363790686369065
22,10,32,0.9370946320424296
8,24,32,0.5931775947743991
25,7,32,5.029348211687306e-11
14,18,32,0.32142988461015604
9,23,32,0.01641745812952761
19,13,32,0.8255935837441757
12,20,32,0.8014889144615878
13,19,32,0.5436724551002615
21,11,32,0.389190166773481
21,11,32,0.6291723264168632
5,27,32,0.07398859749715625
11,21,32,0.21400780674084532
16,16,32,0.32204760611626027
16,16,32,0.9255431095586868
7,25,32,0.35918334633262433
12,20,32,4.706687434256073e-5
15,17,32,0.855740600928709
10,22,32,0.1752166534121356
8,24,32,0.0981462602611937
12,20,32,0.011658703039369788
10,22,32,0.07467187335888731
10,22,32,6.803655436870675e-6
19,13,32,0.02766704178145161
11,21,32,0.07398859749715625
11,21,32,0.7246687797630548
20,12,32,0.9874198050866767
16,16,32,0.7435026469914164
11,21,32,0.6654561633372911
9,23,32,0.003932629385104219
13,19,32,0.6584045062929106
23,9,32,1.2697923648286797e-5
19,13,32,1.7235637488323637e-6
14,18,32,0.03737504119612238
6,26,32,0.008257371443080237
4,28,32,0.6291723264168632
20,12,32,4.095805699719405e-5
9,23,32,1.834424597617682e-8
15,17,32,1.3687256446285392e-5
17,15,32,0.5595741894903115
6,26,32,0.00025629934485607906
5,27,32,0.8863592841414323
23,9,32,NaN
5,27,32,NaN
5,27,32,0.7486616206934282
6,26,32,0.44866759124185646
18,14,32,NaN
12,20,32,0.04865788038130383
15,17,32,0.00352871158179672
12,20,32,NaN
16,16,32,6.646582957832912e-7
6,26,32,NaN
15,17,32,1.691159354858736e-5
13,19,32,0.5783234537274466
9,23,32,0.8014889144615878
3,29,32,0.009189665523477854
4,28,32,0.2506505417905184
1,31,32,0.2873177694156563
4,28,32,0.0054409582701551275
3,29,32,0.05438031540034069
2,30,32,0.17467555380630584
0,32,32,0.8990822695576539
21,10,31,0.49760645166926687
25,6,31,0.9613276947176247
31,0,31,0.00010924499675928142
15,16,31,0.28631099501905694
19,12,31,0.0743142600646148
18,13,31,0.42989064123007786
19,12,31,0.7667510028676167
18,13,31,0.08509261982872529
10,21,31,0.006888653099945588
11,20,31,0.3128300015079088
12,19,31,0.8164998094638553
24,7,31,0.03880396677423385
12,19,31,0.9963401800767422
11,20,31,0.8460613307452832
13,18,31,0.04099845643102978
18,13,31,NaN
17,14,31,0.1538653377397373
13,18,31,0.15200644026835977
20,11,31,1.3402539980421915e-9
17,14,31,0.1921949779446829
15,16,31,0.7742996008795586
23,8,31,0.2760500786602852
13,18,31,NaN
20,11,31,0.9370946320424296
13,18,31,NaN
13,18,31,0.9899262932434983
31,0,31,NaN
10,21,31,0.2506505417905184
16,15,31,0.028284058954670104
28,3,31,0.7610078746086668
9,22,31,4.548709794499046e-5
28,3,31,4.358902263004389e-24
12,19,31,0.5308597106029951
19,12,31,0.7128994386876424
29,2,31,0.034743836069953425
12,19,31,0.11272656784172394
20,11,31,0.002452354180484841
12,19,31,0.750008533576452
15,16,31,8.077872545311008e-5
7,24,31,0.1720129969068327
3,28,31,0.4005674250897617
22,9,31,0.08509261982872529
20,11,31,0.023887454499875376
19,12,31,0.580244311347369
14,17,31,0.00055488143470991
9,22,31,0.9703220335374653
23,8,31,0.023702704620319322
16,15,31,0.6711868417913297
17,14,31,0.15285076219271906
17,14,31,NaN
15,16,31,0.12004596001651816
10,21,31,NaN
12,19,31,0.8255935837441757
24,7,31,1.009609509895648e-6
18,13,31,0.6291723264168632
22,9,31,0.8014889144615878
16,15,31,0.5857933458990237
11,20,31,0.1921949779446829
24,7,31,0.19949792597899527
14,17,31,NaN
15,16,31,0.0005956565751609365
23,8,31,0.7742996008795586
8,23,31,0.08945904528028828
8,23,31,0.08509261982872529
14,17,31,NaN
16,15,31,0.5857933458990237
18,13,31,2.903282440586106e-7
6,25,31,0.21780701902471042
23,8,31,NaN
8,23,31,0.026738293771363116
7,24,31,0.2663600803344218
12,19,31,NaN
17,14,31,0.49760645166926687
18,13,31,0.7729836019112245
20,11,31,1.2091682302021915e-5
10,21,31,0.00011733267174704187
4,27,31,0.3219262789611255
18,13,31,0.7742996008795586
13,18,31,0.6711868417913297
7,24,31,0.001011890170019645
13,18,31,0.5613347070713123
7,24,31,0.02404142389852313
11,20,31,0.07398859749715625
19,12,31,0.6051807231555205
6,25,31,0.31452274207911324
15,16,31,0.9817557942342455
10,21,31,NaN
19,12,31,0.9963401800767422
13,18,31,0.10545058179769778
12,19,31,0.0003570698791625384
17,14,31,0.14850386010640917
17,14,31,0.3333387510921559
12,19,31,0.07398859749715625
11,20,31,0.05631407900959844
20,11,31,0.9987100195043014
14,17,31,0.9990232270098689
12,19,31,0.8014889144615878
14,17,31,0.7677878728729933
14,17,31,0.42050066674742675
9,22,31,0.001461467461268543
4,27,31,NaN
3,28,31,0.14701094102636791
7,24,31,0.6291723264168632
4,27,31,3.545507707851221e-5
10,21,31,0.6385523147354637
2,29,31,0.16892676507977705
7,24,31,NaN
5,26,31,NaN
2,29,31,0.024822459456842704
5,26,31,0.2591615899409879
6,25,31,0.1006300618367419
15,15,30,0.2001816235370029
17,13,30,0.1921949779446829
14,16,30,0.6114018572394683
13,17,30,NaN
15,15,30,0.0057931528121012415
21,9,30,0.4005674250897617
21,9,30,0.02766704178145161
8,22,30,0.07470992875032045
11,19,30,0.9614733248249189
16,14,30,0.3010668164252304
10,20,30,0.7854024788379058
11,19,30,0.001360055625786613
18,12,30,0.4005674250897617
12,18,30,NaN
16,14,30,0.49760645166926687
19,11,30,0.5857933458990237
16,14,30,NaN
14,16,30,0.00872646769032791
19,11,30,0.05010329087977183
8,22,30,0.6291723264168632
10,20,30,NaN
14,16,30,0.011429908479705556
13,17,30,0.4005674250897617
8,22,30,0.8014889144615878
25,5,30,0.3303720177476412
7,23,30,0.06827330453656481
30,0,30,NaN
3,27,30,NaN
14,16,30,NaN
15,15,30,0.20677637550636238
22,8,30,0.004768983343133386
21,9,30,0.08633239018851852
11,19,30,0.32204760611626027
18,12,30,0.8014889144615878
16,14,30,0.038555308422244194
11,19,30,0.3361769432365304
27,3,30,0.003452640381696281
28,2,30,0.38704907089334556
3,27,30,0.0981462602611937
11,19,30,0.7641099632888029
12,18,30,0.010996912672379655
17,13,30,0.9564517636473293
15,15,30,0.17265395731487554
12,18,30,0.08105221125709644
14,16,30,0.8460613307452832
10,20,30,0.21715455884522636
24,6,30,NaN
13,17,30,0.9648713023356998
10,20,30,0.8650076002264386
15,15,30,0.32204760611626027
16,14,30,0.0018459101778140787
16,14,30,0.9827832193304019
10,20,30,2.5801788134656763e-5
5,25,30,0.4942651038895117
23,7,30,NaN
18,12,30,0.04119597206059047
13,17,30,0.12850144349580897
18,12,30,0.0005616435763705361
20,10,30,0.38987958872692063
8,22,30,0.000527112645298727
16,14,30,0.05631407900959844
18,12,30,0.02629213770904586
12,18,30,0.25922109963872697
21,9,30,7.838267265515529e-6
11,19,30,0.1921949779446829
12,18,30,0.03669596226252734
18,12,30,NaN
4,26,30,0.5683622591461565
8,22,30,NaN
8,22,30,0.49760645166926687
18,12,30,NaN
10,20,30,0.0006013263738053795
3,27,30,0.6291723264168632
30,0,30,NaN
5,25,30,0.44866759124185646
10,20,30,0.03635288189987768
12,18,30,0.31248247223649855
12,18,30,0.04724229162323055
19,11,30,0.4993791281770888
19,11,30,0.2928523273729371
8,22,30,NaN
9,21,30,0.343958756837383
12,18,30,0.019294783582502077
14,16,30,0.06122658282986586
4,26,30,0.30616814896304395
17,13,30,0.9963460274881953
10,20,30,0.0077449127932870355
7,23,30,0.00471726655119569
10,20,30,NaN
5,25,30,0.5405287246813284
7,23,30,0.8215869100088511
6,24,30,0.7742996008795586
7,23,30,0.11650270048646884
9,21,30,0.0029614535288182355
15,15,30,0.060235224195803155
12,18,30,1.5514390763988012e-8
6,24,30,0.31782120465986163
9,21,30,0.9703220335374653
11,19,30,0.04865788038130383
5,25,30,3.7396588208186523e-5
4,26,30,0.2073868387608447
4,26,30,0.04865788038130383
16,14,30,0.5413082221903587
5,25,30,0.02026077010511996
4,26,30,0.5436724551002615
2,28,30,0.05631407900959844
4,26,30,0.5655593599130045
2,28,30,0.10506036800295791
4,26,30,0.5436724551002615
1,29,30,NaN
0,30,30,0.0981462602611937
0,30,30,0.5436724551002615
15,14,29,0.4437568944930373
17,12,29,0.0452807676671665
29,0,29,0.5857933458990237
10,19,29,0.8824229336212897
17,12,29,0.2432896584035453
27,2,29,0.48215834430340226
24,5,29,0.5127697528846675
27,2,29,0.006903411040743142
10,19,29,0.32204760611626027
29,0,29,0.49760645166926687
16,13,29,0.12731563241645613
14,15,29,0.7435026469914164
14,15,29,0.35918334633262433
26,3,29,0.5857933458990237
6,23,29,1.2223575105797748e-5
6,23,29,0.07586962734356703
17,12,29,0.0001998821271469099
29,0,29,0.9255431095586868
4,25,29,0.04865788038130383
13,16,29,0.6291723264168632
18,11,29,0.0022150757025555315
18,11,29,0.1921949779446829
7,22,29,0.3865615245931317
18,11,29,0.00020030471491295688
15,14,29,0.023887454499875376
1,28,29,0.6291723264168632
19,10,29,0.13042644610334717
19,10,29,0.26031878279930004
15,14,29,0.5436724551002615
23,6,29,0.13465750497550827
9,20,29,0.03486886938896169
12,17,29,7.982782417841983e-5
18,11,29,0.00017787682220603385
16,13,29,0.11811402654099924
9,20,29,0.0640450458600324
17,12,29,0.0716260641486851
18,11,29,0.011852829007908803
16,13,29,0.7435026469914164
21,8,29,0.5436724551002615
5,24,29,0.04052254073209297
10,19,29,0.17899056336118468
8,21,29,NaN
6,23,29,NaN
22,7,29,0.8650076002264386
9,20,29,0.7924355893098547
6,23,29,0.11225219921941293
6,23,29,0.0006183293276211893
8,21,29,0.00023614478298249918
5,24,29,0.011502624270028608
24,5,29,0.03754382464285204
12,17,29,0.8342755462724833
12,17,29,0.1298577284758039
6,23,29,0.22574126336196387
5,24,29,0.03359943569784628
29,0,29,0.956070515201389
21,8,29,0.229491359948849
19,10,29,NaN
17,12,29,0.01796175433591493
8,21,29,0.4005674250897617
17,12,29,0.799825674924674
21,8,29,0.8669340392453159
11,18,29,0.29576987108789393
17,12,29,0.12850144349580897
12,17,29,0.594777955743314
16,13,29,3.7567821418063496e-13
7,22,29,0.21780701902471042
10,19,29,0.6657620617662067
15,14,29,0.04886199446897707
16,13,29,2.4723011927401406e-5
5,24,29,0.0981462602611937
13,16,29,0.6711868417913297
10,19,29,0.9255431095586868
11,18,29,0.0981462602611937
9,20,29,0.001011890170019645
4,25,29,5.80834018314293e-5
13,16,29,0.35170741706879516
3,26,29,0.5857933458990237
9,20,29,0.25684534049452956
19,10,29,0.5857933458990237
12,17,29,0.2310907801404156
9,20,29,0.019948857313390047
17,12,29,NaN
7,22,29,0.010295348945312475
15,14,29,0.0007357865046179786
9,20,29,0.0913641918771027
7,22,29,0.9817557942342455
2,27,29,0.8255935837441757
12,17,29,0.03699915555555507
10,19,29,0.9492805050384766
12,17,29,0.028828710135746203
5,24,29,0.013069208370789018
2,27,29,0.0005580132523070402
5,24,29,0.0026415713019996875
14,15,29,0.07398859749715625
9,20,29,0.5741000397391358
3,26,29,0.5436724551002615
9,20,29,0.000760766630528321
5,24,29,0.7099946859060099
1,28,29,0.0077189477324166155
1,28,29,0.8783716166898478
19,9,28,0.6711868417913297
15,13,28,0.6291723264168632
21,7,28,0.8014889144615878
16,12,28,NaN
10,18,28,0.6632615608382947
20,8,28,0.8460613307452832
13,15,28,0.4005674250897617
13,15,28,NaN
6,22,28,0.36725182552433183
15,13,28,0.15876977840297204
20,8,28,0.4352164122485624
17,11,28,0.4721623262002878
15,13,28,0.07489688759055237
22,6,28,0.003824174043926797
15,13,28,0.04738579422506279
14,14,28,0.2506505417905184
14,14,28,0.8975048543322908
22,6,28,0.13037693758420527
13,15,28,0.00038718052279191207
6,22,28,0.32204760611626027
20,8,28,NaN
10,18,28,0.07969962293999219
15,13,28,0.8650076002264386
12,16,28,0.07059794515897425
12,16,28,NaN
11,17,28,0.004715231185707418
13,15,28,2.298791246468926e-8
23,5,28,3.3129910598079526e-9
16,12,28,0.7566775889930349
9,19,28,0.7392031843669628
17,11,28,0.4005674250897617
6,22,28,0.8014889144615878
10,18,28,0.14322532753189013
15,13,28,NaN
17,11,28,0.0007853172508300725
28,0,28,NaN
23,5,28,0.1812562702787872
11,17,28,0.33210450955863546
4,24,28,0.16892676507977705
19,9,28,0.4509114345498128
10,18,28,0.32204760611626027
2,26,28,0.964109046255293
28,0,28,0.0005385930649099589
28,0,28,NaN
10,18,28,0.032485863050130764
19,9,28,0.5857933458990237
13,15,28,0.6291723264168632
23,5,28,0.001427652766886734
20,8,28,0.04865788038130383
22,6,28,0.5436724551002615
20,8,28,0.029533147711861163
17,11,28,0.47661926133914906
18,10,28,0.005870571528496567
17,11,28,0.5857933458990237
13,15,28,0.2588734206712852
7,21,28,NaN
10,18,28,0.3193701231835156
10,18,28,NaN
5,23,28,0.00022866249662534388
15,13,28,0.07398859749715625
16,12,28,0.23848790761990898
21,7,28,0.6711868417913297
10,18,28,NaN
13,15,28,0.285231730350609
8,20,28,0.8824229336212897
5,23,28,0.00030317250992742493
16,12,28,0.912484067245082
15,13,28,0.4809511086953344
14,14,28,NaN
15,13,28,NaN
10,18,28,3.3520026627965133e-6
5,23,28,NaN
21,7,28,0.285231730350609
17,11,28,0.09701316832543092
16,12,28,0.16570644567336396
15,13,28,NaN
1,27,28,NaN
14,14,28,0.14701094102636791
13,15,28,0.9370946320424296
14,14,28,0.9703220335374653
11,17,28,0.07398859749715625
8,20,28,9.344555695172561e-5
11,17,28,0.4507372151035773
3,25,28,0.6711868417913297
20,8,28,0.12850144349580897
26,2,28,0.9564517636473293
11,17,28,0.9370946320424296
8,20,28,0.6609269070683205
17,11,28,0.8501047751356421
14,14,28,0.1732223491013043
10,18,28,0.8824229336212897
7,21,28,0.35918334633262433
6,22,28,0.9822483864009526
24,4,28,0.0012359827781325463
11,17,28,0.6291723264168632
14,14,28,0.01833883759224039
13,15,28,0.2506505417905184
9,19,28,0.5812750180503182
6,22,28,0.9477097134414966
11,17,28,0.34916689861267686
11,17,28,0.35918334633262433
8,20,28,0.041012050077042186
7,21,28,0.09404748317379324
8,20,28,0.8255935837441757
6,22,28,0.3567554949477672
3,25,28,0.11225219921941293
3,25,28,0.35918334633262433
1,27,28,0.023887454499875376
0,28,28,0.8824229336212897
0,28,28,0.6850073248949298
19,8,27,0.05897968497745212
21,6,27,0.2677319823503157
13,14,27,0.5408101131016374
12,15,27,4.820712694345114e-6
25,2,27,0.11225219921941293
11,16,27,0.007205777432257641
17,10,27,0.8246098381593806
20,7,27,0.03965355877636018
6,21,27,0.18544625968258865
16,11,27,8.728712988428855e-7
12,15,27,0.17346262248164812
10,17,27,0.0009037750334421243
15,12,27,0.0013259723153666938
9,18,27,0.8255935837441757
16,11,27,0.9564517636473293
17,10,27,0.75158689452763
23,4,27,0.6291723264168632
5,22,27,2.2138333884422275e-11
13,14,27,0.003102121534355711
18,9,27,0.7742996008795586
17,10,27,NaN
6,21,27,0.8948044877448351
14,13,27,0.14219789238455488
15,12,27,0.0006984542439623547
15,12,27,NaN
12,15,27,0.7099946859060099
17,10,27,0.04865788038130383
11,16,27,0.14701094102636791
11,16,27,NaN
6,21,27,0.0017074449673941357
12,15,27,0.24178559606283326
10,17,27,0.6243103072492551
8,19,27,0.7099946859060099
14,13,27,0.07398859749715625
23,4,27,6.152361001655951e-9
12,15,27,0.04514103417891069
7,20,27,0.7435026469914164
9,18,27,0.29789453297030904
21,6,27,0.11382883981905556
9,18,27,0.8511109770295975
14,13,27,0.6620447814311512
9,18,27,0.2506505417905184
5,22,27,0.2506505417905184
18,9,27,NaN
18,9,27,0.08509261982872529
14,13,27,0.0021993473161163405
11,16,27,0.07518074906969482
19,8,27,NaN
11,16,27,0.06174561052480705
16,11,27,0.08863649476805255
10,17,27,0.9381708571918779
17,10,27,0.01311091668217753
14,13,27,0.02947811400452479
9,18,27,0.6578531030061664
18,9,27,0.017579244152669694
10,17,27,0.32204760611626027
7,20,27,0.14792627850417206
16,11,27,0.03465706858412047
15,12,27,0.8255935837441757
6,21,27,0.5436724551002615
20,7,27,0.7742996008795586
25,2,27,0.5436724551002615
9,18,27,0.8255935837441757
16,11,27,0.9928930269620998
17,10,27,0.35918334633262433
16,11,27,0.21407214690811419
16,11,27,0.37972383591761794
16,11,27,0.02766704178145161
11,16,27,0.15436779699235373
16,11,27,4.0524820155086925e-5
5,22,27,0.7897222990849343
15,12,27,0.15066509768184802
16,11,27,0.7099946859060099
13,14,27,0.0011191754924104417
12,15,27,0.285231730350609
12,15,27,NaN
11,16,27,0.6858471001244527
8,19,27,2.9482365344218133e-6
10,17,27,0.35918334633262433
4,23,27,0.30538955789309585
14,13,27,NaN
4,23,27,NaN
10,17,27,0.5436724551002615
15,12,27,0.12805175886855139
20,7,27,8.21932892543439e-6
6,21,27,0.059791748984376974
16,11,27,NaN
16,11,27,2.903282440586106e-7
2,25,27,0.003298795973827736
13,14,27,0.8824229336212897
13,14,27,0.44866759124185646
10,17,27,0.49760645166926687
12,15,27,0.5601693820537865
10,17,27,0.004207069347096586
10,17,27,0.007000973197941084
13,14,27,0.1202914061762515
12,15,27,0.5857933458990237
1,26,27,0.7099946859060099
17,10,27,0.285231730350609
6,21,27,0.8170436708889122
15,12,27,0.9764973997616925
5,22,27,0.2414808111848324
6,21,27,0.44866759124185646
7,20,27,0.10800842795366589
14,13,27,NaN
2,25,27,0.0057655939783901365
12,15,27,0.7189594382461708
5,22,27,0.1921949779446829
15,12,27,0.0073283433923136245
14,13,27,0.44866759124185646
10,17,27,0.9097390785364406
16,11,27,NaN
7,20,27,0.9481906106540485
2,25,27,0.35918334633262433
6,21,27,0.18073363932244407
6,21,27,0.8517090751176781
11,16,27,0.8460613307452832
4,23,27,0.9626265173695182
11,16,27,0.004257923455385488
3,24,27,0.6679319397711765
13,14,27,0.12850144349580897
6,21,27,0.5650014063728548
16,11,27,0.6711868417913297
8,19,27,1.0104095484016945e-8
6,21,27,2.6268106170385108e-11
9,18,27,0.028616184812928398
15,12,27,0.4740608603668501
7,20,27,0.6291723264168632
3,24,27,0.018280285012784756
3,24,27,0.35918334633262433
6,21,27,0.004079477692957387
10,17,27,0.5436724551002615
4,23,27,0.7742996008795586
4,23,27,0.30997140632278397
2,25,27,0.8594335456337924
3,24,27,0.4005674250897617
4,23,27,0.08354259592869034
0,27,27,0.9255431095586868
0,27,27,NaN
0,27,27,NaN
0,27,27,0.5373906453354411
7,19,26,0.010373108997906484
19,7,26,0.32204760611626027
17,9,26,0.1050775856224164
15,11,26,NaN
15,11,26,0.6711868417913297
10,16,26,0.30997140632278397
19,7,26,0.0003650432955210412
15,11,26,0.9481906106540485
26,0,26,0.8255935837441757
8,18,26,0.018447922049636516
12,14,26,NaN
15,11,26,0.012309813611790503
12,14,26,0.32204760611626027
7,19,26,0.5436724551002615
21,5,26,4.966770760556932e-5
12,14,26,0.8036742173272245
11,15,26,0.5436724551002615
10,16,26,0.0011802328462263384
9,17,26,0.3244849907439825
17,9,26,0.4689529251075884
4,22,26,0.00020858443688419407
13,13,26,0.04599999765600425
16,10,26,0.015390686967911196
26,0,26,0.964109046255293
13,13,26,0.9481906106540485
26,0,26,NaN
15,11,26,0.5436724551002615
7,19,26,0.7622932319707106
15,11,26,0.35918334633262433
14,12,26,0.009618845077025895
18,8,26,0.03699915555555507
4,22,26,0.007837788026609073
6,20,26,0.1930550713533974
17,9,26,0.00041988619135297503
14,12,26,0.4354646647928564
12,14,26,NaN
5,21,26,0.03999822300276824
3,23,26,0.20917320245335175
15,11,26,0.1440585248661474
11,15,26,0.529285584503251
13,13,26,0.6609363208979184
11,15,26,0.9255431095586868
13,13,26,0.011658703039369788
8,18,26,0.3490115821417644
21,5,26,0.21159817476550236
20,6,26,3.4610659283528814e-5
11,15,26,0.1876272088507285
20,6,26,0.11225219921941293
10,16,26,0.00029565064987387276
10,16,26,NaN
10,16,26,0.423610818033755
18,8,26,0.5016316239369241
17,9,26,NaN
17,9,26,2.7793002462652803e-13
17,9,26,0.0003622636653108655
9,17,26,0.7535063948662557
9,17,26,0.6364845303799447
9,17,26,0.06407805852225597
6,20,26,NaN
15,11,26,0.8650076002264386
6,20,26,0.0385847566202051
9,17,26,0.29916737281437217
18,8,26,0.15219260621507988
11,15,26,0.9980062290506304
13,13,26,0.043370274680701495
17,9,26,0.8824229336212897
14,12,26,0.285231730350609
12,14,26,0.011240606770572844
13,13,26,NaN
3,23,26,0.2506505417905184
7,19,26,1.5542280573186068e-8
11,15,26,0.8180684213427393
17,9,26,0.30692828573610964
21,5,26,0.7099946859060099
13,13,26,0.285231730350609
18,8,26,0.1225327955014358
8,18,26,NaN
4,22,26,0.07398859749715625
7,19,26,0.6492895938177579
12,14,26,0.8650076002264386
12,14,26,0.6291723264168632
15,11,26,NaN
16,10,26,0.3498505802898879
15,11,26,0.21780701902471042
13,13,26,0.7099946859060099
5,21,26,0.7801296955260828
16,10,26,NaN
13,13,26,0.32204760611626027
8,18,26,0.09093202398096673
16,10,26,5.041566075836538e-9
2,24,26,0.0015273148300051535
2,24,26,0.08509261982872529
11,15,26,0.8460613307452832
7,19,26,0.0005532057617426311
10,16,26,0.0025975891609487465
5,21,26,0.21780701902471042
8,18,26,0.26669787635789516
11,15,26,0.7611214215762617
7,19,26,NaN
14,12,26,0.03184441363446245
7,19,26,0.19588354714643008
18,8,26,0.2136620426672588
6,20,26,0.001461467461268543
9,17,26,0.15856715161246865
4,22,26,NaN
11,15,26,NaN
17,9,26,0.05631407900959844
5,21,26,6.563274910410103e-5
8,18,26,0.0640450458600324
15,11,26,0.9370946320424296
11,15,26,0.0008364500725798333
6,20,26,8.78602292729148e-6
5,21,26,0.44866759124185646
3,23,26,0.8824229336212897
6,20,26,0.1733990102478478
5,21,26,0.008133448554403044
9,17,26,0.25053344363659447
7,19,26,0.005532375120196342
1,25,26,0.49760645166926687
9,17,26,0.8157587457715748
12,14,26,0.001056144455174615
4,22,26,0.01759359891845047
3,23,26,0.041655030385332976
4,22,26,NaN
8,18,26,0.7610078746086668
7,19,26,0.018156458791846266
7,19,26,NaN
4,22,26,NaN
2,24,26,0.9454299329126429
4,22,26,0.0981462602611937
0,26,26,NaN
0,26,26,NaN
0,26,26,NaN
0,26,26,0.07570493720068135
0,26,26,NaN
19,6,25,0.14701094102636791
13,12,25,0.45981814896263384
17,8,25,0.5857933458990237
13,12,25,NaN
12,13,25,NaN
25,0,25,0.999916779459509
9,16,25,0.13540172763785918
19,6,25,0.14318385353475996
20,5,25,0.818229504263802
25,0,25,3.5745980187231094e-18
21,4,25,0.9820266415972185
13,12,25,0.024432172759579523
19,6,25,0.0011474016835973924
25,0,25,0.8824229336212897
25,0,25,NaN
13,12,25,0.02781622860211326
6,19,25,0.6226420870026366
14,11,25,0.37631833216153193
18,7,25,0.1921949779446829
13,12,25,0.11772366303971975
8,17,25,0.0025281601394425853
11,14,25,0.44866759124185646
18,7,25,0.2679786637527137
14,11,25,0.8255935837441757
17,8,25,0.07419055493162045
25,0,25,0.6291723264168632
10,15,25,0.8460613307452832
12,13,25,0.003951587193722852
13,12,25,0.09440793294596497
2,23,25,0.011818697248111548
20,5,25,0.11107493654546653
19,6,25,0.8821651670094939
9,16,25,NaN
7,18,25,0.35918334633262433
9,16,25,0.00020263435523246281
9,16,25,0.2506505417905184
7,18,25,0.7742996008795586
13,12,25,0.11225219921941293
15,10,25,NaN
15,10,25,0.04231183968491598
19,6,25,0.9640925997587694
8,17,25,0.8739160333867766
14,11,25,0.04865788038130383
11,14,25,0.0640450458600324
12,13,25,0.5436724551002615
13,12,25,0.3843311760010741
12,13,25,0.7435026469914164
25,0,25,0.0001231343597937538
11,14,25,0.6475207944098427
14,11,25,0.003163341774408705
13,12,25,NaN
14,11,25,0.25453324730069066
15,10,25,0.2203223518581519
14,11,25,0.14701094102636791
8,17,25,0.8014889144615878
16,9,25,0.8067509638975088
18,7,25,0.08509261982872529
15,10,25,0.028997551393517364
14,11,25,NaN
18,7,25,0.9967611425464282
18,7,25,0.8060689013264735
11,14,25,0.037988357582684464
16,9,25,0.8975048543322908
14,11,25,0.04444672927608418
16,9,25,0.285231730350609
7,18,25,0.16821474699837136
11,14,25,0.14042274109285366
11,14,25,0.03699915555555507
11,14,25,0.3238791711227379
5,20,25,0.30011634471837406
14,11,25,0.02247389331640889
13,12,25,6.02238219257463e-6
7,18,25,0.4685232069399541
15,10,25,0.5246276756877387
15,10,25,NaN
20,5,25,0.05631407900959844
15,10,25,1.30311879830721e-5
13,12,25,0.25313746578911744
7,18,25,0.0640450458600324
11,14,25,0.08509261982872529
25,0,25,NaN
7,18,25,0.285231730350609
9,16,25,NaN
12,13,25,NaN
3,22,25,NaN
10,15,25,0.6711868417913297
9,16,25,0.032536604930348385
11,14,25,0.285231730350609
6,19,25,0.006903411040743142
4,21,25,0.19976751065173842
16,9,25,NaN
14,11,25,NaN
15,10,25,0.3107954733933819
15,10,25,2.2176592438563868e-6
10,15,25,0.9790087113107392
10,15,25,0.9634993498255111
19,6,25,6.574866508299424e-6
11,14,25,0.0640450458600324
13,12,25,0.00039114671111868
15,10,25,0.35918334633262433
7,18,25,0.5646133647194642
19,6,25,0.35918334633262433
7,18,25,1.0982231868179534e-12
13,12,25,2.9187503282480212e-5
4,21,25,0.16096392342455676
8,17,25,0.2506505417905184
14,11,25,0.0003017095293833252
17,8,25,0.07398859749715625
9,16,25,NaN
15,10,25,0.6291723264168632
9,16,25,0.07670217988810986
11,14,25,0.4005674250897617
11,14,25,0.8650076002264386
6,19,25,0.44866759124185646
18,7,25,0.21780701902471042
8,17,25,0.15121978629053093
8,17,25,0.3553690080226246
7,18,25,0.285231730350609
9,16,25,0.7317034563636793
6,19,25,0.04865788038130383
10,15,25,0.7099946859060099
8,17,25,2.975161022335126e-5
6,19,25,0.0608267996489403
15,10,25,0.704475290877889
7,18,25,0.03911600632583863
7,18,25,0.38246438707603336
8,17,25,0.10722649181439944
6,19,25,0.11895296086685461
6,19,25,0.9255431095586868
5,20,25,0.32872286873008133
9,16,25,0.1290445592004385
9,16,25,0.6073659259391393
9,16,25,0.040023214133700476
5,20,25,0.6643522265597759
8,17,25,0.1014039461813657
14,11,25,0.12850144349580897
9,16,25,0.32204760611626027
3,22,25,0.12546626889347998
3,22,25,0.08509261982872529
8,17,25,0.9899262932434983
2,23,25,0.9564517636473293
4,21,25,0.20482692636595265
3,22,25,0.006739961342574518
4,21,25,0.5857933458990237
4,21,25,0.35918334633262433
0,25,25,NaN
0,25,25,0.12850144349580897
0,25,25,0.49760645166926687
0,25,25,0.018603158406126977
0,25,25,0.47072869889620733
0,25,25,NaN
0,25,25,0.5113057076083599
16,8,24,0.5234297489088375
15,9,24,0.6711868417913297
16,8,24,0.05457052385113731
14,10,24,0.5729859932707945
9,15,24,0.43923067527671195
15,9,24,NaN
11,13,24,0.09493473693713184
5,19,24,0.0006305031087354719
14,10,24,0.002326776585848348
16,8,24,0.08390793789723525
11,13,24,0.7099946859060099
15,9,24,0.03867239287954056
15,9,24,0.0425331989428572
12,12,24,0.4005674250897617
11,13,24,0.6711868417913297
13,11,24,0.1900709362200349
10,14,24,NaN
10,14,24,0.07398859749715625
9,15,24,NaN
14,10,24,NaN
12,12,24,0.7435026469914164
9,15,24,0.00352871158179672
6,18,24,0.028078729013580925
17,7,24,0.5581435402660982
24,0,24,0.6291723264168632
7,17,24,0.5436724551002615
9,15,24,0.5436724551002615
20,4,24,0.03699915555555507
7,17,24,0.0981462602611937
11,13,24,0.008623071545615807
16,8,24,1.014291879744641e-5
11,13,24,0.21780701902471042
8,16,24,0.12593913834769804
17,7,24,0.9370946320424296
16,8,24,0.8733590256710839
6,18,24,0.00022276858693002862
15,9,24,0.14701094102636791
14,10,24,0.8014889144615878
14,10,24,7.209301625088734e-6
18,6,24,0.21780701902471042
12,12,24,2.298791246468926e-8
7,17,24,0.6317889206989498
19,5,24,0.9738159893323484
9,15,24,0.1840477907992398
10,14,24,0.2338494088632657
9,15,24,0.16295884645112618
22,2,24,0.05447246844862457
14,10,24,0.890763440062506
13,11,24,0.07398859749715625
8,16,24,9.88420455460833e-6
15,9,24,0.7465720965854327
16,8,24,0.8014889144615878
13,11,24,0.8865951554963554
13,11,24,0.05631407900959844
7,17,24,0.5857933458990237
13,11,24,0.912484067245082
9,15,24,0.14139898684274813
5,19,24,0.002136417588535516
14,10,24,0.013135794871795524
15,9,24,0.5790986806389411
21,3,24,0.007837788026609073
14,10,24,NaN
8,16,24,0.0009245267206403377
15,9,24,NaN
13,11,24,NaN
5,19,24,0.9862691009837826
9,15,24,0.011239383399341258
14,10,24,0.35918334633262433
2,22,24,0.07599145083686219
11,13,24,0.20530874021010082
8,16,24,0.285231730350609
12,12,24,0.11076004438507016
7,17,24,0.006151616966178451
14,10,24,NaN
16,8,24,0.9370946320424296
14,10,24,7.83097378006966e-5
12,12,24,0.005613845056063607
7,17,24,0.8249504956371438
4,20,24,0.11225219921941293
15,9,24,NaN
7,17,24,0.1225327955014358
10,14,24,7.453971363018547e-9
9,15,24,NaN
3,21,24,0.26217891037301294
4,20,24,0.03367122850162343
12,12,24,0.5241109408847017
16,8,24,4.2408218114952043e-10
9,15,24,NaN
13,11,24,0.9180118404666815
18,6,24,0.8975048543322908
7,17,24,0.8933621571363243
21,3,24,6.90819282015823e-5
23,1,24,0.7435026469914164
16,8,24,NaN
5,19,24,7.289219082340195e-8
5,19,24,0.03620820393831907
16,8,24,0.001744377060931096
17,7,24,NaN
24,0,24,0.5436724551002615
18,6,24,0.10423996618083756
4,20,24,0.023887454499875376
20,4,24,0.3497489469127056
21,3,24,0.1926936584291781
7,17,24,0.9481906106540485
17,7,24,NaN
8,16,24,0.0640450458600324
16,8,24,0.2704661228638432
7,17,24,NaN
7,17,24,1.1671293082019895e-5
15,9,24,NaN
7,17,24,NaN
17,7,24,0.12171296334797632
12,12,24,0.4121471120181027
9,15,24,0.44866759124185646
5,19,24,0.00010369783617091497
14,10,24,0.8892343882654673
5,19,24,0.001509625711040939
5,19,24,0.014943509453057401
8,16,24,0.912484067245082
4,20,24,NaN
12,12,24,0.0981462602611937
3,21,24,0.14701094102636791
1,23,24,0.8460613307452832
10,14,24,0.013135794871795524
17,7,24,0.16892676507977705
8,16,24,0.8689255358002319
12,12,24,0.4112408314476584
2,22,24,0.24956013227113635
7,17,24,0.6711868417913297
8,16,24,NaN
3,21,24,0.6711868417913297
7,17,24,0.025082503548546513
5,19,24,0.44866759124185646
8,16,24,0.006531896091517178
5,19,24,0.82233039028379
7,17,24,NaN
2,22,24,NaN
1,23,24,0.005676139395887458
3,21,24,0.008801621616139831
1,23,24,0.2608395222326441
3,21,24,0.6238722182851699
2,22,24,0.003420564277239431
0,24,24,0.5436724551002615
0,24,24,0.8014889144615878
0,24,24,0.04865788038130383
0,24,24,0.6711868417913297
16,7,23,0.7435026469914164
7,16,23,0.3417871482687011
11,12,23,0.6711868417913297
11,12,23,0.022892085825381974
22,1,23,1.2459208229312208e-6
5,18,23,0.013945215844496008
14,9,23,0.5857933458990237
6,17,23,0.7099946859060099
6,17,23,0.5857933458990237
9,14,23,0.49760645166926687
11,12,23,0.9978058439811702
14,9,23,0.6239712421098731
23,0,23,0.6627666724319066
11,12,23,0.9682178893087833
23,0,23,0.8532542559606585
19,4,23,0.2285479614362582
12,11,23,0.6291723264168632
4,19,23,0.7140187322957076
20,3,23,0.5094734863777102
20,3,23,0.8460613307452832
10,13,23,0.16638930977649977
12,11,23,0.026508886885020164
16,7,23,0.6911196219542969
8,15,23,0.15843884634291375
12,11,23,NaN
23,0,23,NaN
15,8,23,NaN
13,10,23,0.5329660433524246
13,10,23,0.8460613307452832
16,7,23,0.08509261982872529
15,8,23,0.7373242786446925
11,12,23,0.6711868417913297
11,12,23,0.9862691009837826
9,14,23,NaN
14,9,23,1.6644899396458996e-6
23,0,23,NaN
5,18,23,NaN
22,1,23,0.009189665523477854
8,15,23,0.1759258587612735
15,8,23,0.0010543720706309462
14,9,23,NaN
7,16,23,0.8014889144615878
10,13,23,0.03522871408612559
9,14,23,0.5857933458990237
12,11,23,0.0981462602611937
10,13,23,0.12850144349580897
10,13,23,0.9585747569188452
12,11,23,0.006442651145902236
3,20,23,0.35918334633262433
16,7,23,0.5857933458990237
14,9,23,0.8255935837441757
18,5,23,0.2640977306364817
12,11,23,0.020724062087912304
12,11,23,0.031398866671006866
7,16,23,0.22768679753068202
14,9,23,0.285231730350609
14,9,23,0.7482520625709371
22,1,23,0.32204760611626027
12,11,23,0.11225219921941293
15,8,23,0.8318972671259924
16,7,23,NaN
4,19,23,NaN
12,11,23,NaN
16,7,23,0.6035415650088962
4,19,23,0.16209068844656482
11,12,23,0.14701094102636791
3,20,23,NaN
12,11,23,0.04865788038130383
7,16,23,0.06028894799088816
6,17,23,0.27055390232133025
14,9,23,0.9255431095586868
20,3,23,0.023887454499875376
12,11,23,0.6711868417913297
6,17,23,0.14701094102636791
14,9,23,0.2982198042625026
7,16,23,NaN
14,9,23,0.016429042629750406
9,14,23,2.406803447936129e-5
12,11,23,0.9422955842511188
14,9,23,0.007831437166921668
8,15,23,0.9564517636473293
9,14,23,0.10784938867240156
7,16,23,0.29766133684669094
11,12,23,NaN
8,15,23,0.21389901745271078
7,16,23,0.285231730350609
6,17,23,0.7742996008795586
13,10,23,0.9817557942342455
12,11,23,NaN
7,16,23,0.02331042308751358
14,9,23,0.003990059331566645
9,14,23,0.8255935837441757
13,10,23,0.10717256486175121
9,14,23,0.0981462602611937
4,19,23,0.015155722718694932
5,18,23,0.059654551366613615
15,8,23,0.6711868417913297
4,19,23,0.8650076002264386
20,3,23,0.4831271014631085
17,6,23,0.7568462303324522
14,9,23,4.3766998526551157e-10
14,9,23,0.2736226055962638
8,15,23,0.08509261982872529
13,10,23,0.28105160896846765
4,19,23,0.8986610694160294
7,16,23,0.5857933458990237
12,11,23,0.01918772368193426
2,21,23,0.16892676507977705
12,11,23,0.0030190040443754417
4,19,23,0.34218663792487075
10,13,23,0.18186959358700894
4,19,23,0.03690314286304449
18,5,23,0.9678991104797484
9,14,23,0.14701094102636791
14,9,23,0.7559525282758153
8,15,23,0.4005674250897617
9,14,23,0.0009464586481632674
16,7,23,0.38755311788170027
13,10,23,0.44866759124185646
14,9,23,0.041655030385332976
7,16,23,0.0008367577922475831
5,18,23,0.08509261982872529
15,8,23,0.6291723264168632
5,18,23,0.10800842795366589
7,16,23,NaN
12,11,23,0.002189509768491057
5,18,23,0.16892676507977705
8,15,23,NaN
11,12,23,0.0744083662862917
8,15,23,0.07398859749715625
6,17,23,0.8697251206374302
16,7,23,0.6970212737772664
16,7,23,0.4005674250897617
7,16,23,0.6711868417913297
8,15,23,0.9481906106540485
9,14,23,0.9961662788323126
11,12,23,NaN
7,16,23,0.46347727260460875
3,20,23,NaN
8,15,23,NaN
6,17,23,0.40995112198935096
6,17,23,0.9255431095586868
7,16,23,0.043275567475341614
10,13,23,0.32204760611626027
7,16,23,0.639330161635253
13,10,23,0.6116590047254673
7,16,23,0.042712795333934746
4,19,23,0.10126767855582246
9,14,23,NaN
11,12,23,NaN
9,14,23,0.34073663818982913
11,12,23,0.8730168712303541
13,10,23,0.003388024908652437
6,17,23,0.5161223126769335
5,18,23,0.04865788038130383
9,14,23,0.8975048543322908
1,22,23,0.28832950120525025
8,15,23,0.15661082415916405
4,19,23,NaN
9,14,23,0.7099946859060099
3,20,23,3.0323870972302008e-6
2,21,23,0.009189665523477854
2,21,23,0.0981462602611937
1,22,23,0.8975048543322908
3,20,23,NaN
2,21,23,0.5436724551002615
0,23,23,0.5857933458990237
0,23,23,0.34827569322381396
0,23,23,0.00020805871330639597
0,23,23,0.1921949779446829
5,17,22,NaN
17,5,22,0.08991897797519546
8,14,22,0.4270981095277127
16,6,22,0.44866759124185646
15,7,22,0.0451798550533813
9,13,22,0.09262884101871166
15,7,22,0.26572027367461515
16,6,22,0.09097463108553622
8,14,22,0.35918334633262433
11,11,22,0.285231730350609
8,14,22,0.009073854819958479
19,3,22,0.33205547712618855
8,14,22,0.4432084496300494
14,8,22,0.005613845056063607
14,8,22,0.22590605880894946
6,16,22,1.8580870295637819e-6
3,19,22,0.01542838469402907
7,15,22,NaN
14,8,22,4.999087779341091e-9
4,18,22,0.7435026469914164
14,8,22,0.5857933458990237
10,12,22,2.0981466308500494e-8
12,10,22,0.942726588204906
11,11,22,0.00974206596002039
13,9,22,0.285231730350609
8,14,22,0.03422220651239843
9,13,22,NaN
14,8,22,4.134132847441891e-5
17,5,22,0.03919009306471448
10,12,22,0.8650076002264386
17,5,22,0.008250160082694524
10,12,22,0.7099946859060099
10,12,22,0.28328494493243356
5,17,22,0.03699915555555507
18,4,22,0.5857933458990237
16,6,22,0.7897105654774669
12,10,22,0.6291723264168632
12,10,22,NaN
12,10,22,0.5436724551002615
4,18,22,0.9188368398110196
12,10,22,0.912484067245082
12,10,22,NaN
4,18,22,0.44866759124185646
4,18,22,0.6291723264168632
18,4,22,0.7882968769531045
4,18,22,0.001744377060931096
16,6,22,0.14701094102636791
13,9,22,0.9106459811868017
11,11,22,0.964109046255293
14,8,22,0.015155722718694932
10,12,22,0.7742996008795586
3,19,22,0.3803283779654692
13,9,22,1.806222019206273e-15
4,18,22,0.5857933458990237
13,9,22,0.2506505417905184
4,18,22,0.4005674250897617
17,5,22,0.8014889144615878
8,14,22,0.8255935837441757
11,11,22,5.7328493568945044e-5
16,6,22,0.1921949779446829
7,15,22,0.06547054785954437
11,11,22,0.0004030955195106866
9,13,22,0.024254363506150612
9,13,22,0.1935723290081134
11,11,22,0.44866759124185646
18,4,22,NaN
12,10,22,0.1921949779446829
9,13,22,0.0654367340692604
5,17,22,0.21780701902471042
5,17,22,0.21780701902471042
15,7,22,7.289219082340195e-8
10,12,22,NaN
21,1,22,0.9598339893167819
13,9,22,NaN
11,11,22,0.1478288957442496
4,18,22,0.1921949779446829
8,14,22,NaN
9,13,22,0.0002839997852321856
5,17,22,0.08996405877878216
13,9,22,NaN
6,16,22,0.7742996008795586
17,5,22,0.6732601514393238
11,11,22,0.6385864421557192
19,3,22,NaN
7,15,22,0.001945130395130174
22,0,22,0.8460613307452832
14,8,22,0.2506505417905184
11,11,22,0.39599255476610273
5,17,22,0.10451890156700068
7,15,22,0.5299255988446558
5,17,22,0.6431999969999486
13,9,22,0.32204760611626027
11,11,22,NaN
11,11,22,0.20940303286125617
6,16,22,0.011172931809522797
21,1,22,0.6210696236078564
19,3,22,NaN
11,11,22,NaN
11,11,22,0.32204760611626027
17,5,22,0.1921949779446829
13,9,22,0.2978032808564716
9,13,22,NaN
4,18,22,0.3341007453963592
14,8,22,0.1921949779446829
14,8,22,0.44866759124185646
15,7,22,0.9255431095586868
9,13,22,0.6759696936723673
5,17,22,0.49760645166926687
10,12,22,0.13429689987416793
5,17,22,NaN
11,11,22,0.34068245546168885
4,18,22,0.4005674250897617
8,14,22,NaN
6,16,22,0.15385829069433019
5,17,22,0.14701094102636791
15,7,22,2.4897802901655036e-6
11,11,22,0.5857933458990237
3,19,22,0.9703220335374653
13,9,22,0.0981462602611937
12,10,22,0.0525269957597993
13,9,22,0.8535971633956493
15,7,22,0.9879425392902276
8,14,22,0.4501835850741128
5,17,22,0.1570394693288758
10,12,22,0.12850144349580897
15,7,22,NaN
6,16,22,0.04865788038130383
13,9,22,0.021528399945746353
14,8,22,0.7759806386975252
18,4,22,0.0002209754868914929
6,16,22,2.355972642438786e-5
10,12,22,0.15505955029822702
13,9,22,0.7435026469914164
12,10,22,0.2550647434959392
3,19,22,NaN
10,12,22,0.08387957435864206
12,10,22,0.8650076002264386
12,10,22,NaN
10,12,22,0.016939583613135654
5,17,22,1.0034162593764249e-5
12,10,22,0.0640450458600324
8,14,22,0.8460613307452832
9,13,22,NaN
17,5,22,0.11225219921941293
7,15,22,0.6291723264168632
11,11,22,0.44866759124185646
7,15,22,0.041800495966326484
5,17,22,0.032476677384986885
4,18,22,3.545507707851221e-5
8,14,22,0.49760645166926687
4,18,22,NaN
9,13,22,NaN
5,17,22,1.227010583055301e-7
7,15,22,0.0041884393178369195
7,15,22,0.816317082887134
6,16,22,0.8712568132145649
11,11,22,0.012306125186255616
7,15,22,0.1415496932907881
2,20,22,0.285231730350609
10,12,22,0.8083965734704118
2,20,22,0.9433315942859586
6,16,22,0.042349209453117605
3,19,22,0.07419055493162045
3,19,22,NaN
4,18,22,8.28217733228716e-5
5,17,22,0.12850144349580897
11,11,22,0.7099946859060099
12,10,22,0.0018208073720725657
6,16,22,0.04865788038130383
14,8,22,0.8460613307452832
6,16,22,0.6698560776194262
2,20,22,0.01560214033718502
6,16,22,0.0036741207029329323
9,13,22,0.5436724551002615
8,14,22,0.0035317705855115863
4,18,22,0.000527112645298727
3,19,22,0.00040920954995138614
2,20,22,2.9944646304095127e-7
1,21,22,NaN
1,21,22,0.6711868417913297
3,19,22,0.041655030385332976
3,19,22,0.11225219921941293
2,20,22,0.40616275699576443
2,20,22,0.49760645166926687
4,18,22,0.01081766912568661
1,21,22,0.004079717861205951
1,21,22,0.35918334633262433
1,21,22,NaN
0,22,22,0.0011937671803206363
0,22,22,0.964109046255293
0,22,22,0.21780701902471042
17,4,21,0.009189665523477854
21,0,21,NaN
14,7,21,0.5857933458990237
12,9,21,0.05631407900959844
8,13,21,0.21780701902471042
6,15,21,0.0016576985656645362
3,18,21,0.7742996008795586
21,0,21,0.007837788026609073
16,5,21,0.9370946320424296
21,0,21,0.03184441363446245
10,11,21,0.565011842276726
11,10,21,0.32204760611626027
11,10,21,0.1442426112386036
12,9,21,NaN
18,3,21,NaN
8,13,21,0.7742996008795586
16,5,21,NaN
12,9,21,0.32204760611626027
4,17,21,0.023887454499875376
19,2,21,0.008881252967045283
10,11,21,0.8650076002264386
14,7,21,0.976578701044674
16,5,21,0.027536705350172594
14,7,21,0.15399271898164393
17,4,21,NaN
11,10,21,0.1743289141184563
11,10,21,NaN
8,13,21,0.018087931934108903
10,11,21,0.44866759124185646
9,12,21,0.44866759124185646
10,11,21,0.4491600610918288
13,8,21,0.5748394179789038
12,9,21,0.6711868417913297
10,11,21,0.0018290419240441687
11,10,21,0.10009690682339492
16,5,21,NaN
20,1,21,0.8807557055370868
18,3,21,0.24202591752485722
2,19,21,0.7099946859060099
1,20,21,0.16892676507977705
13,8,21,0.004808543549358249
5,16,21,NaN
15,6,21,0.07398859749715625
6,15,21,0.5857933458990237
16,5,21,0.7166988293403563
13,8,21,0.5436724551002615
13,8,21,0.05952583122650728
9,12,21,0.2506505417905184
19,2,21,NaN
10,11,21,0.17063623114745863
8,13,21,0.5436724551002615
10,11,21,0.17728741412667962
6,15,21,0.7268032843081513
8,13,21,0.041655030385332976
14,7,21,0.35918334633262433
21,0,21,0.66681077768379
11,10,21,NaN
15,6,21,0.062280767393770864
8,13,21,NaN
15,6,21,0.49760645166926687
14,7,21,0.11225219921941293
17,4,21,0.3355933213003144
11,10,21,0.6711868417913297
10,11,21,0.35918334633262433
8,13,21,NaN
15,6,21,0.1099394283113724
13,8,21,0.5436724551002615
14,7,21,0.4740593204761179
15,6,21,0.1921949779446829
15,6,21,1.3840012662165655e-6
9,12,21,0.03699915555555507
9,12,21,0.14701094102636791
8,13,21,0.285231730350609
16,5,21,0.9251797404507711
8,13,21,0.06287290826996274
6,15,21,9.241629286369147e-5
7,14,21,0.285231730350609
12,9,21,0.07098814327371797
9,12,21,0.08996664515083526
8,13,21,0.0025802627205468377
17,4,21,0.20257391536099287
15,6,21,NaN
21,0,21,0.9817557942342455
17,4,21,0.5857933458990237
8,13,21,0.06501393687630369
7,14,21,0.04865788038130383
13,8,21,0.37728364104806333
11,10,21,0.35918334633262433
2,19,21,0.009664023909743382
14,7,21,0.4005674250897617
10,11,21,0.35918334633262433
12,9,21,NaN
5,16,21,0.12799910313121102
5,16,21,0.7435026469914164
7,14,21,0.16021159356411474
13,8,21,0.8975048543322908
6,15,21,0.35918334633262433
11,10,21,0.4694329356398077
14,7,21,0.011172931809522797
10,11,21,0.7504407478161783
6,15,21,NaN
21,0,21,NaN
6,15,21,0.038799386982024404
12,9,21,0.7022474837864071
14,7,21,0.10022788506809559
12,9,21,0.03695892815999888
10,11,21,2.1420574836596285e-7
11,10,21,0.03699915555555507
18,3,21,0.9481906106540485
21,0,21,NaN
8,13,21,NaN
16,5,21,0.1478288957442496
7,14,21,0.0071777884198368095
6,15,21,0.12850144349580897
5,16,21,NaN
9,12,21,0.03759503811794363
18,3,21,NaN
12,9,21,0.0006207427266726564
8,13,21,0.912484067245082
1,20,21,0.08509261982872529
14,7,21,0.19961788269297406
19,2,21,0.6667294686460489
21,0,21,NaN
13,8,21,9.001280788810327e-14
16,5,21,0.9764973997616925
11,10,21,0.11471675294743872
20,1,21,0.2903169101175334
17,4,21,0.03699915555555507
9,12,21,0.593244806431962
11,10,21,0.9963401800767422
6,15,21,0.05631407900959844
11,10,21,0.08233151013020547
6,15,21,0.21780701902471042
10,11,21,0.964109046255293
13,8,21,0.04865788038130383
7,14,21,0.020724062087912304
10,11,21,0.26110175481816905
7,14,21,0.44866759124185646
9,12,21,0.6031914583872932
6,15,21,1.6713119921013173e-6
3,18,21,0.11027153710067905
11,10,21,NaN
13,8,21,0.877158268927286
18,3,21,0.4464096508513933
13,8,21,0.011364751122008925
9,12,21,0.9564517636473293
16,5,21,0.03699915555555507
4,17,21,NaN
9,12,21,0.8255935837441757
13,8,21,0.37960024528529485
14,7,21,0.7206923869035418
3,18,21,0.17344671896486527
4,17,21,0.005119693836714772
13,8,21,0.8879164654586462
8,13,21,0.7561825499128466
5,16,21,0.03949188383984627
10,11,21,NaN
11,10,21,0.19635254786944334
9,12,21,0.39926568393971923
13,8,21,0.0007993983590752217
3,18,21,0.11225219921941293
8,13,21,0.49760645166926687
10,11,21,0.021997912983487418
17,4,21,0.15640738469484666
7,14,21,0.20403046795086235
7,14,21,0.8460613307452832
11,10,21,0.16962437829298624
11,10,21,0.0011507436578056672
16,5,21,0.5942870662692865
5,16,21,0.44866759124185646
7,14,21,0.7435026469914164
12,9,21,0.38630290871732137
5,16,21,NaN
9,12,21,NaN
7,14,21,0.9760796304750727
7,14,21,0.02156476805401605
8,13,21,0.0031164051977078805
7,14,21,0.7099946859060099
10,11,21,0.011642121182549902
4,17,21,0.8561752812718665
10,11,21,0.8920558027412553
8,13,21,0.020724062087912304
3,18,21,0.9370946320424296
3,18,21,0.5649293524199822
7,14,21,0.12850144349580897
7,14,21,0.0002085627285245523
3,18,21,0.5436724551002615
4,17,21,0.07567244187590082
3,18,21,0.6454009898432908
5,16,21,0.14701094102636791
12,9,21,0.8824229336212897
5,16,21,0.017885932416267757
4,17,21,0.020724062087912304
13,8,21,0.11225219921941293
3,18,21,0.8637182195425541
8,13,21,0.2031584156271796
5,16,21,0.1921949779446829
3,18,21,0.07398859749715625
2,19,21,9.493984553296127e-5
3,18,21,0.08509261982872529
3,18,21,0.36810386404377127
2,19,21,0.300958548138368
2,19,21,NaN
4,17,21,NaN
2,19,21,0.35918334633262433
1,20,21,0.49760645166926687
3,18,21,0.32204760611626027
3,18,21,NaN
0,21,21,0.8975048543322908
0,21,21,NaN
14,6,20,0.9564517636473293
7,13,20,0.0012289870303356899
4,16,20,0.020724062087912304
9,11,20,0.24806097554949352
8,12,20,NaN
10,10,20,0.5857933458990237
10,10,20,0.20970833354001422
9,11,20,0.29581539827473813
18,2,20,0.8183125105377306
11,9,20,NaN
15,5,20,8.003509842670815e-12
14,6,20,0.4801781853991425
20,0,20,NaN
14,6,20,NaN
9,11,20,0.7442800222674267
7,13,20,0.12936555405384864
8,12,20,NaN
15,5,20,0.35918334633262433
20,0,20,0.2541961411898592
6,14,20,0.4005674250897617
13,7,20,0.16258533599946237
20,0,20,NaN
11,9,20,0.2743879887158974
13,7,20,0.5409296178074816
15,5,20,0.6804017048834924
10,10,20,0.0640450458600324
1,19,20,NaN
6,14,20,0.12850144349580897
17,3,20,5.434963364599917e-7
20,0,20,NaN
10,10,20,0.0003650432955210412
6,14,20,0.49760645166926687
17,3,20,0.29000297737525293
9,11,20,0.5808531404224495
20,0,20,0.6711868417913297
14,6,20,0.16839573801909105
7,13,20,1.0034162593764249e-5
19,1,20,0.9973143215797189
15,5,20,0.8912017687600428
17,3,20,0.9899262932434983
18,2,20,0.02766704178145161
6,14,20,0.15200644026835977
20,0,20,NaN
19,1,20,0.0016274538430983117
19,1,20,0.00020438578954776675
19,1,20,NaN
12,8,20,0.6291723264168632
9,11,20,0.007181038724344607
13,7,20,0.00503804635409625
3,17,20,0.285231730350609
12,8,20,0.5232159429303004
4,16,20,0.0039068687954245725
16,4,20,NaN
20,0,20,NaN
10,10,20,0.004715231185707418
6,14,20,0.7742996008795586
10,10,20,0.012376475880912518
12,8,20,0.8014889144615878
12,8,20,NaN
14,6,20,0.059692456946119285
9,11,20,0.002726861903948018
9,11,20,2.25475786500912e-7
20,0,20,0.9481906106540485
8,12,20,0.015313915100192204
6,14,20,0.4419604885062905
5,15,20,0.0002326095638630259
5,15,20,0.285231730350609
14,6,20,0.16567908045324117
12,8,20,0.21780701902471042
4,16,20,NaN
15,5,20,0.4005674250897617
18,2,20,0.6681086794399329
4,16,20,0.00024112649945960704
15,5,20,NaN
13,7,20,0.6711868417913297
6,14,20,NaN
10,10,20,0.009189665523477854
7,13,20,0.0640450458600324
11,9,20,0.8650076002264386
11,9,20,0.25508496946573544
4,16,20,0.1921949779446829
10,10,20,0.02006541401056627
9,11,20,0.5857933458990237
13,7,20,0.07398859749715625
13,7,20,2.4859737646292495e-17
16,4,20,0.8460613307452832
10,10,20,0.4455028737224395
8,12,20,NaN
7,13,20,0.020724062087912304
10,10,20,0.7742996008795586
13,7,20,0.7742996008795586
8,12,20,0.010139536223557677
13,7,20,0.8313575908871352
18,2,20,0.0012797929972425336
13,7,20,NaN
14,6,20,0.39237605674582066
10,10,20,0.5557427152994507
8,12,20,NaN
10,10,20,3.083022923751216e-5
9,11,20,0.46021795529278003
1,19,20,0.025929674393875182
11,9,20,0.44866759124185646
5,15,20,0.08509261982872529
7,13,20,0.4914352874597224
11,9,20,0.09826180451665116
15,5,20,0.001019001456406515
11,9,20,0.5182472259560423
6,14,20,0.5857933458990237
5,15,20,0.2771748316747471
12,8,20,0.8188929145367068
11,9,20,NaN
11,9,20,NaN
17,3,20,NaN
5,15,20,0.8183125105377306
12,8,20,0.285231730350609
9,11,20,0.0232608109386472
12,8,20,0.4005674250897617
15,5,20,0.9400042506525078
4,16,20,0.027320455575582804
6,14,20,0.3558011300198637
18,2,20,0.285231730350609
11,9,20,NaN
10,10,20,0.03613126174033659
12,8,20,0.9968615241017181
9,11,20,0.07398859749715625
17,3,20,0.8975048543322908
8,12,20,0.9991673585198804
9,11,20,0.7742996008795586
14,6,20,NaN
12,8,20,0.9481906106540485
14,6,20,NaN
10,10,20,NaN
5,15,20,0.35918334633262433
6,14,20,NaN
8,12,20,NaN
12,8,20,0.3153644705909923
10,10,20,NaN
6,14,20,0.5911698101818109
1,19,20,NaN
7,13,20,0.21142275939279717
2,18,20,0.6040435271795226
12,8,20,0.9817557942342455
8,12,20,0.44866759124185646
4,16,20,0.35918334633262433
10,10,20,0.02766704178145161
4,16,20,0.7435026469914164
7,13,20,NaN
12,8,20,0.0256717145800418
7,13,20,NaN
12,8,20,NaN
8,12,20,0.6666537887537609
11,9,20,0.7239300711208063
9,11,20,0.9817261689348629
9,11,20,NaN
5,15,20,0.6711868417913297
14,6,20,0.9703220335374653
3,17,20,0.8014889144615878
8,12,20,0.09847166202154646
7,13,20,NaN
10,10,20,0.002508501935082275
11,9,20,0.03184441363446245
12,8,20,0.6291723264168632
9,11,20,0.10997969160224971
10,10,20,0.40403805213976274
5,15,20,0.7435026469914164
7,13,20,0.5857933458990237
6,14,20,0.6711868417913297
11,9,20,0.4312779358603556
13,7,20,0.21145176725373
5,15,20,0.8014889144615878
4,16,20,NaN
8,12,20,0.8824229336212897
6,14,20,NaN
6,14,20,0.8824229336212897
10,10,20,0.8460613307452832
1,19,20,0.0981462602611937
6,14,20,0.31782120465986163
13,7,20,0.44866759124185646
10,10,20,0.3826308559343101
2,18,20,0.16892676507977705
13,7,20,0.49760645166926687
7,13,20,0.8975048543322908
3,17,20,NaN
8,12,20,0.7801073685817169
6,14,20,0.9564517636473293
12,8,20,0.9897298917119957
8,12,20,6.02238219257463e-6
5,15,20,NaN
2,18,20,0.07398859749715625
10,10,20,0.8460613307452832
12,8,20,0.02035024153002233
11,9,20,0.23776185102771583
5,15,20,0.285231730350609
12,8,20,0.6711868417913297
9,11,20,0.014570355554877422
5,15,20,0.34724116888856177
11,9,20,0.001483129053676513
10,10,20,1.4445075824792871e-6
7,13,20,0.04865788038130383
8,12,20,0.7435026469914164
3,17,20,0.016817159462617554
10,10,20,0.011172931809522797
1,19,20,0.10571451001461525
3,17,20,0.0013801282585741198
8,12,20,0.7096218712596714
4,16,20,0.07398859749715625
3,17,20,0.21780701902471042
2,18,20,NaN
1,19,20,0.2506505417905184
0,20,20,0.49760645166926687
0,20,20,0.8975048543322908
0,20,20,0.0640450458600324
0,20,20,0.8255935837441757
0,20,20,0.6334503654032688
0,20,20,0.9835516263368248
0,20,20,NaN
9,10,19,0.4005674250897617
12,7,19,0.4526675159013129
15,4,19,0.6850073248949298
11,8,19,0.007837788026609073
7,12,19,0.9696466195721559
17,2,19,2.7263468655418997e-5
8,11,19,0.9370946320424296
8,11,19,0.0005724156948896191
12,7,19,7.966960827304889e-5
15,4,19,0.8500432719720107
16,3,19,0.011172931809522797
8,11,19,0.8460613307452832
6,13,19,NaN
13,6,19,NaN
7,12,19,0.008053952980328067
12,7,19,0.9862691009837826
14,5,19,0.06098600450890896
11,8,19,NaN
19,0,19,0.7099946859060099
18,1,19,0.8239338893168451
6,13,19,0.4005674250897617
14,5,19,0.13117306201291254
13,6,19,0.49289890908016093
7,12,19,0.4258154125955466
7,12,19,0.8887772467505498
6,13,19,0.285231730350609
10,9,19,0.9255431095586868
10,9,19,2.3336478634229154e-7
5,14,19,0.9494557633993445
9,10,19,0.00121014477614917
8,11,19,0.10246228043676364
19,0,19,0.997840462624232
9,10,19,0.6711868417913297
11,8,19,0.11041206098425949
13,6,19,0.8975048543322908
5,14,19,0.5872156316362623
5,14,19,0.008623071545615807
16,3,19,0.020724062087912304
10,9,19,NaN
3,16,19,NaN
4,15,19,0.7435026469914164
10,9,19,0.05897968497745212
4,15,19,NaN
2,17,19,NaN
9,10,19,NaN
9,10,19,0.8014889144615878
7,12,19,0.08509261982872529
9,10,19,0.13705177693524273
7,12,19,0.8650076002264386
9,10,19,0.8460613307452832
10,9,19,0.005613845056063607
17,2,19,0.0012949369162760216
8,11,19,NaN
15,4,19,0.9481906106540485
10,9,19,0.06594142850444548
6,13,19,0.1921949779446829
15,4,19,0.8650076002264386
11,8,19,0.868973911614176
8,11,19,0.3862962291133993
10,9,19,0.9899199566636422
14,5,19,0.6857871837080346
13,6,19,0.0003603289843666779
7,12,19,0.7608527139277358
6,13,19,NaN
8,11,19,0.8255935837441757
12,7,19,0.4694329356398077
17,2,19,0.002961335086666883
6,13,19,0.04865788038130383
10,9,19,0.6711868417913297
13,6,19,NaN
19,0,19,NaN
9,10,19,0.9605081904993298
6,13,19,0.5857933458990237
11,8,19,0.29319965031541195
15,4,19,0.020682623148186044
12,7,19,0.5129348874144404
14,5,19,0.8925798248078729
13,6,19,0.9255431095586868
7,12,19,0.11225219921941293
6,13,19,0.722316116949625
12,7,19,0.2506505417905184
13,6,19,0.6236807821363195
9,10,19,0.7099946859060099
8,11,19,0.8255935837441757
13,6,19,0.8067509638975088
11,8,19,0.1099394283113724
12,7,19,0.44866759124185646
14,5,19,NaN
2,17,19,NaN
12,7,19,0.0003478895537299837
13,6,19,NaN
10,9,19,0.6291723264168632
10,9,19,0.8255935837441757
7,12,19,0.3487329678553452
10,9,19,0.00198396166236233
10,9,19,0.02404142389852313
16,3,19,0.08509261982872529
5,14,19,0.04340900322121794
9,10,19,NaN
5,14,19,0.01285912795591984
9,10,19,0.32204760611626027
2,17,19,0.06972488209925427
2,17,19,0.00064723259964602
19,0,19,0.8650076002264386
10,9,19,0.12593625791465904
4,15,19,0.04879900358240763
4,15,19,0.5348211344581137
13,6,19,0.17196880187076533
12,7,19,0.7435026469914164
15,4,19,NaN
7,12,19,0.0037478920868972126
13,6,19,0.3593036803450206
12,7,19,0.35918334633262433
11,8,19,0.8157774518649823
6,13,19,0.2506505417905184
14,5,19,0.03184441363446245
5,14,19,0.8824229336212897
13,6,19,NaN
7,12,19,6.876860365833548e-5
7,12,19,0.1921949779446829
7,12,19,0.0053073444523551545
10,9,19,0.4005674250897617
16,3,19,NaN
6,13,19,NaN
2,17,19,0.3427753833028145
9,10,19,0.0011495976640955915
3,16,19,0.09432037326428704
5,14,19,0.9848869243847512
7,12,19,0.6291723264168632
11,8,19,0.3013312666753965
19,0,19,NaN
9,10,19,0.8500419719203225
19,0,19,NaN
11,8,19,0.1672156760939756
4,15,19,0.4005674250897617
3,16,19,0.9862691009837826
7,12,19,0.022601159052301992
1,18,19,NaN
15,4,19,0.02766704178145161
7,12,19,0.04265104563469257
8,11,19,0.4458227714473883
14,5,19,0.5623429159313549
10,9,19,0.11692097825195853
18,1,19,NaN
3,16,19,0.5060404633087751
2,17,19,0.9481906106540485
8,11,19,0.001436856863309681
2,17,19,0.020724062087912304
14,5,19,0.49760645166926687
6,13,19,0.13271554878029496
12,7,19,0.010061984009173556
10,9,19,NaN
9,10,19,0.0004325553978594735
13,6,19,0.5857933458990237
7,12,19,0.21193176500326133
14,5,19,0.285231730350609
9,10,19,0.05631407900959844
17,2,19,0.18122830305168736
10,9,19,0.44866759124185646
14,5,19,0.6291723264168632
3,16,19,0.8255935837441757
6,13,19,0.511980987452731
7,12,19,0.6646753577011978
12,7,19,0.5424987914431505
12,7,19,4.3052454773874705e-8
9,10,19,8.619559934609294e-7
3,16,19,0.4934267206105555
5,14,19,0.0981462602611937
5,14,19,0.239116756104008
4,15,19,0.1921949779446829
6,13,19,0.14701094102636791
11,8,19,0.1921949779446829
9,10,19,NaN
2,17,19,NaN
1,18,19,NaN
5,14,19,0.8824229336212897
10,9,19,0.5283546439774147
6,13,19,0.0033525255979835323
4,15,19,0.8975048543322908
10,9,19,0.21780701902471042
13,6,19,0.18000943154175322
4,15,19,0.14701094102636791
3,16,19,0.7742996008795586
5,14,19,0.03184441363446245
3,16,19,0.13388128114546335
8,11,19,0.8255935837441757
4,15,19,NaN
3,16,19,0.011756288351014539
9,10,19,0.8824229336212897
5,14,19,0.015390686967911196
3,16,19,0.9703220335374653
5,14,19,0.325862185553067
9,10,19,0.1028749998976516
4,15,19,0.07398859749715625
8,11,19,0.041655030385332976
14,5,19,4.528164603318456e-6
5,14,19,NaN
5,14,19,0.7479065933697098
7,12,19,0.033135329286503944
1,18,19,NaN
5,14,19,0.12668090976403015
3,16,19,0.5335159755588744
2,17,19,0.07335688981097711
4,15,19,0.1950185332401079
9,10,19,0.6470910735615448
5,14,19,0.041655030385332976
4,15,19,0.21780701902471042
3,16,19,0.2506505417905184
4,15,19,4.643886829226434e-5
5,14,19,0.009189665523477854
3,16,19,NaN
7,12,19,0.8255935837441757
9,10,19,1.1126394332807674e-9
5,14,19,0.025122482694376634
3,16,19,0.06691677702852893
1,18,19,NaN
2,17,19,5.062937896635115e-15
3,16,19,0.525166588033197
2,17,19,0.002943914799065784
5,14,19,0.13254594798739103
1,18,19,0.01928476875158235
2,17,19,0.03699915555555507
2,17,19,0.0012137434405389705
1,18,19,0.10158684568863446
1,18,19,0.9564517636473293
3,16,19,0.0002608897783932857
1,18,19,0.4005674250897617
0,19,19,NaN
0,19,19,0.22552823071049
0,19,19,NaN
0,19,19,0.35918334633262433
0,19,19,0.04865788038130383
6,12,18,0.0028339939133467246
9,9,18,NaN
5,13,18,0.07398859749715625
11,7,18,0.3686338110577726
10,8,18,0.4372427622811573
16,2,18,0.6711868417913297
12,6,18,0.9936612879600438
2,16,18,0.44656255601515243
8,10,18,0.0902783009568304
5,13,18,NaN
11,7,18,0.13316393798449214
9,9,18,0.285231730350609
11,7,18,NaN
12,6,18,0.1520542983437423
13,5,18,NaN
8,10,18,0.05631407900959844
15,3,18,3.5775456091829305e-5
6,12,18,0.4005674250897617
10,8,18,0.013115266231123838
11,7,18,0.00736012849966332
6,12,18,0.8255935837441757
13,5,18,0.6711868417913297
14,4,18,0.023032982994849967
7,11,18,0.3704014588966018
15,3,18,0.02766704178145161
16,2,18,0.4275238442306251
9,9,18,0.912484067245082
11,7,18,0.5857933458990237
7,11,18,0.42129805458130504
6,12,18,0.023887454499875376
13,5,18,0.21780701902471042
9,9,18,0.7099946859060099
12,6,18,0.8460613307452832
7,11,18,0.4772093108143089
15,3,18,0.6651215278483261
14,4,18,0.2506505417905184
9,9,18,0.8229421460731079
8,10,18,0.017159941633770447
5,13,18,0.6291723264168632
18,0,18,NaN
7,11,18,0.5436724551002615
13,5,18,0.09507717061312576
12,6,18,0.27460210533624735
5,13,18,0.271510067300797
14,4,18,0.6711868417913297
6,12,18,0.6895729062347232
12,6,18,NaN
14,4,18,0.787927562546468
9,9,18,0.05796497854828744
6,12,18,0.11225219921941293
18,0,18,0.6920080015557831
6,12,18,0.35918334633262433
8,10,18,0.07398859749715625
15,3,18,0.0004622346830440248
13,5,18,0.5373906453354411
17,1,18,0.7317371512437268
9,9,18,0.8745614899996982
12,6,18,0.2849395950436068
3,15,18,0.8255935837441757
12,6,18,0.17898099220063943
8,10,18,0.1921949779446829
9,9,18,0.44866759124185646
11,7,18,0.16131068060945902
10,8,18,0.17953084396000635
9,9,18,0.01081766912568661
7,11,18,0.002916579012394221
14,4,18,0.5456257784409826
9,9,18,0.285231730350609
12,6,18,0.6291723264168632
7,11,18,0.527824734164032
4,14,18,0.03699915555555507
9,9,18,0.7626339992436254
8,10,18,0.10473955643094084
9,9,18,0.10786359417565868
6,12,18,NaN
13,5,18,0.03560421897232273
10,8,18,0.037829687080592596
7,11,18,0.12569005453002252
10,8,18,NaN
14,4,18,0.0365901319256518
14,4,18,0.912484067245082
6,12,18,0.8921076842383837
8,10,18,0.6291723264168632
4,14,18,0.32204760611626027
14,4,18,0.025395216224424824
9,9,18,0.35918334633262433
6,12,18,0.4336967812482297
8,10,18,0.060776476687925
13,5,18,0.6291723264168632
4,14,18,0.6711868417913297
7,11,18,0.42538690100625226
7,11,18,0.8824229336212897
9,9,18,NaN
6,12,18,0.6711868417913297
7,11,18,0.4005674250897617
15,3,18,0.35918334633262433
9,9,18,0.4005674250897617
15,3,18,0.017885932416267757
2,16,18,0.0037652734278901543
2,16,18,0.11606410598546864
4,14,18,0.8014889144615878
7,11,18,0.9481906106540485
11,7,18,0.4005674250897617
14,4,18,0.1741631122607565
11,7,18,0.8170772620289061
5,13,18,0.9355077211360352
12,6,18,0.35918334633262433
6,12,18,0.9255431095586868
7,11,18,NaN
14,4,18,0.23474558942476847
6,12,18,0.9670162381727555
14,4,18,0.9862691009837826
6,12,18,0.22906857309214948
7,11,18,NaN
11,7,18,0.912484067245082
8,10,18,0.2908671875684731
7,11,18,0.0640450458600324
9,9,18,0.21821620508190265
11,7,18,0.5331543011339288
9,9,18,0.6291723264168632
5,13,18,0.0008216514172889538
1,17,18,0.01586602518530801
7,11,18,NaN
6,12,18,0.6291723264168632
2,16,18,0.6291723264168632
15,3,18,0.7988920500215407
7,11,18,NaN
10,8,18,0.2506505417905184
12,6,18,0.49760645166926687
8,10,18,0.08278420461066203
7,11,18,0.0033881878221090336
10,8,18,NaN
6,12,18,0.16892676507977705
14,4,18,0.46158709333002634
7,11,18,0.9703220335374653
18,0,18,0.8014889144615878
4,14,18,0.7435026469914164
7,11,18,0.34052328102060836
12,6,18,0.16892676507977705
13,5,18,0.05667824589749549
12,6,18,0.5154814946040298
3,15,18,0.6743016859175012
4,14,18,0.5857933458990237
7,11,18,0.4005674250897617
4,14,18,0.6558343905522988
9,9,18,0.7435026469914164
9,9,18,0.44866759124185646
9,9,18,0.04865788038130383
4,14,18,0.09580118658642339
18,0,18,0.964109046255293
6,12,18,0.8125182139029727
6,12,18,0.14701094102636791
11,7,18,0.08247979839715497
5,13,18,0.6390076897563973
9,9,18,0.5638492441151084
3,15,18,0.004079717861205951
4,14,18,0.9764973997616925
12,6,18,2.293560601048455e-5
6,12,18,0.3663510647211834
9,9,18,0.009189665523477854
8,10,18,0.0020424931931322665
4,14,18,0.9591453800434028
10,8,18,0.012347269821066837
7,11,18,0.7742996008795586
11,7,18,NaN
12,6,18,9.581004536546677e-9
6,12,18,0.1921949779446829
2,16,18,0.0005325714712744726
4,14,18,0.2597224227762313
6,12,18,2.2717298441274153e-15
9,9,18,0.964109046255293
2,16,18,0.2878087861631975
8,10,18,0.9370946320424296
8,10,18,0.8460613307452832
5,13,18,0.5436724551002615
4,14,18,0.08509261982872529
3,15,18,0.6711868417913297
9,9,18,0.7461994803481221
9,9,18,0.16892676507977705
6,12,18,0.6950961973580453
7,11,18,0.11225219921941293
5,13,18,0.32204760611626027
13,5,18,0.07567244187590082
6,12,18,0.8128396062835588
3,15,18,0.0037640782415250336
6,12,18,0.20582891187515834
16,2,18,0.14866215763176976
7,11,18,0.32204760611626027
4,14,18,0.9817557942342455
1,17,18,0.5741000397391358
7,11,18,0.14701094102636791
4,14,18,0.16892676507977705
13,5,18,0.0640450458600324
12,6,18,0.00359800973296116
9,9,18,0.8725520468611468
5,13,18,0.02951965915897651
4,14,18,0.0005724156948896191
7,11,18,NaN
7,11,18,NaN
6,12,18,0.4005674250897617
10,8,18,0.4796031062000045
8,10,18,NaN
3,15,18,NaN
2,16,18,0.001439727911398946
2,16,18,0.022597481278204847
10,8,18,0.1921949779446829
3,15,18,0.14701094102636791
5,13,18,0.16892676507977705
2,16,18,NaN
4,14,18,0.2506505417905184
8,10,18,NaN
4,14,18,0.1921949779446829
8,10,18,0.1755879715150628
1,17,18,0.017885932416267757
7,11,18,0.4758912410351583
4,14,18,0.44866759124185646
1,17,18,NaN
5,13,18,0.0981462602611937
6,12,18,0.1112584967531197
4,14,18,0.6191495825434165
6,12,18,0.8967983371113636
2,16,18,0.2506505417905184
5,13,18,0.7099946859060099
2,16,18,0.5525000757243584
3,15,18,0.005203491347986518
1,17,18,0.004692519452633419
2,16,18,0.015390686967911196
1,17,18,0.35918334633262433
0,18,18,6.488478863192329e-5
0,18,18,0.2506505417905184
0,18,18,NaN
0,18,18,0.07398859749715625
0,18,18,0.21780701902471042
0,18,18,NaN
12,5,17,0.44866759124185646
14,3,17,0.00029156967362976665
6,11,17,0.5436724551002615
13,4,17,NaN
16,1,17,0.0002723508298192544
17,0,17,NaN
3,14,17,0.00039114671111868
17,0,17,NaN
5,12,17,0.38579707931431656
7,10,17,3.074436925376263e-6
10,7,17,0.13594928942812276
7,10,17,0.0981462602611937
5,12,17,0.028489867714919064
1,16,17,0.9481906106540485
10,7,17,0.44866759124185646
7,10,17,0.79002695028589
12,5,17,0.008779790615442191
6,11,17,0.3803603934698832
9,8,17,0.003029130193085433
13,4,17,0.19257664320848106
11,6,17,NaN
14,3,17,0.5579392872870597
15,2,17,0.9255431095586868
9,8,17,0.14701094102636791
8,9,17,0.9238352132266925
11,6,17,0.8975048543322908
17,0,17,NaN
3,14,17,0.21780701902471042
6,11,17,0.49760645166926687
8,9,17,0.5857933458990237
7,10,17,NaN
17,0,17,0.912484067245082
5,12,17,0.11225219921941293
5,12,17,NaN
8,9,17,0.6711868417913297
14,3,17,0.06112723014522256
9,8,17,NaN
6,11,17,0.21780701902471042
15,2,17,0.023887454499875376
7,10,17,0.912484067245082
5,12,17,0.007837788026609073
11,6,17,0.964109046255293
6,11,17,0.013135794871795524
8,9,17,0.0019873582554607297
10,7,17,4.907931764612888e-12
12,5,17,0.0009026561841193764
10,7,17,0.1921949779446829
16,1,17,0.7152343207168563
8,9,17,0.041655030385332976
7,10,17,0.9328668775322213
7,10,17,0.7099946859060099
6,11,17,0.35918334633262433
10,7,17,0.3350528539810562
9,8,17,0.0640450458600324
15,2,17,0.8415204856356652
11,6,17,0.32204760611626027
4,13,17,0.26386086317151974
11,6,17,0.30168664178244803
6,11,17,0.634213934722018
10,7,17,0.006720334420711236
12,5,17,0.6697433194641164
8,9,17,NaN
9,8,17,7.510430705246708e-5
4,13,17,0.9255431095586868
11,6,17,0.017603073785219
8,9,17,0.6711868417913297
11,6,17,0.9446294711049267
3,14,17,NaN
6,11,17,0.6711868417913297
8,9,17,0.5795182129314523
10,7,17,0.121018841272128
5,12,17,0.030943008284648243
14,3,17,0.7112222700502638
5,12,17,0.14701094102636791
13,4,17,0.7435026469914164
4,13,17,0.005748152780902973
16,1,17,0.15936081452242196
8,9,17,0.8881664059629265
9,8,17,0.7228320960428253
11,6,17,0.9565354867094765
1,16,17,0.2506505417905184
11,6,17,NaN
14,3,17,0.9481906106540485
7,10,17,0.12659867481634296
7,10,17,0.8014889144615878
16,1,17,NaN
5,12,17,0.0004549991174420013
5,12,17,0.29422696398721637
10,7,17,0.3686338110577726
2,15,17,3.971925249263185e-5
9,8,17,0.0981462602611937
9,8,17,0.5436724551002615
13,4,17,0.9770579027911971
7,10,17,0.0981462602611937
7,10,17,NaN
8,9,17,0.7913194152282536
10,7,17,0.03912461876594424
13,4,17,0.285231730350609
14,3,17,0.18998895639760724
10,7,17,0.017485657989086585
13,4,17,0.05631407900959844
14,3,17,0.017070261144508804
14,3,17,0.0035317705855115863
2,15,17,0.07398859749715625
8,9,17,0.7435026469914164
8,9,17,0.7603252774166865
7,10,17,0.3760355684477103
6,11,17,NaN
9,8,17,0.3421445630533028
6,11,17,0.029435696532428526
17,0,17,NaN
10,7,17,0.9948126673066375
5,12,17,0.22941055514446526
12,5,17,0.05631407900959844
7,10,17,4.24310374339267e-9
2,15,17,NaN
14,3,17,0.9255431095586868
10,7,17,0.0027166789675493754
8,9,17,0.11225219921941293
4,13,17,0.11220452130838723
13,4,17,0.03699915555555507
8,9,17,0.41333106727342844
6,11,17,0.0016315727703806078
12,5,17,0.012283296068518582
15,2,17,1.1154973713413175e-10
11,6,17,0.5878316751717465
8,9,17,0.9065145838007244
3,14,17,0.5616263346291538
4,13,17,0.3050023213809486
11,6,17,0.44866759124185646
8,9,17,NaN
7,10,17,0.8014889144615878
6,11,17,0.7138627356988686
8,9,17,NaN
8,9,17,0.9703220335374653
6,11,17,0.5467200642455364
13,4,17,0.7075886967217242
2,15,17,0.5436724551002615
4,13,17,0.09845788366090855
2,15,17,0.14701094102636791
10,7,17,0.8320381655987559
10,7,17,0.8824229336212897
3,14,17,0.9876631125710535
9,8,17,0.03699915555555507
8,9,17,0.9255431095586868
5,12,17,0.29766133684669094
1,16,17,0.017885932416267757
8,9,17,NaN
15,2,17,0.8014889144615878
9,8,17,0.022962275523002514
11,6,17,7.277749924709637e-8
8,9,17,0.8014889144615878
15,2,17,0.0269900711059695
8,9,17,0.5857933458990237
16,1,17,NaN
11,6,17,NaN
2,15,17,NaN
9,8,17,NaN
14,3,17,0.13129832783952117
9,8,17,0.35918334633262433
12,5,17,0.35918334633262433
9,8,17,0.4759933004347495
11,6,17,NaN
7,10,17,0.49760645166926687
2,15,17,NaN
12,5,17,0.8650076002264386
13,4,17,0.9703220335374653
8,9,17,NaN
7,10,17,0.19464519028115349
8,9,17,0.9794966210944974
9,8,17,0.15947319881138008
5,12,17,0.1921949779446829
9,8,17,0.8460613307452832
14,3,17,NaN
6,11,17,0.0640450458600324
8,9,17,0.7099946859060099
9,8,17,0.7099946859060099
6,11,17,NaN
6,11,17,NaN
6,11,17,0.006095797568861909
7,10,17,NaN
6,11,17,0.9716145532080689
9,8,17,0.4005674250897617
7,10,17,0.2950002440110068
5,12,17,0.5597016329413753
7,10,17,0.14162112734154153
9,8,17,0.04320696593643543
6,11,17,0.013820186420384666
1,16,17,NaN
6,11,17,0.23202240540181715
12,5,17,0.0011342910216219188
3,14,17,NaN
9,8,17,0.912484067245082
8,9,17,0.6711868417913297
16,1,17,0.8650076002264386
5,12,17,NaN
6,11,17,0.8975048543322908
7,10,17,0.11477943853263654
8,9,17,0.16892676507977705
3,14,17,NaN
6,11,17,0.03184441363446245
9,8,17,0.0014490817590159736
9,8,17,0.6390076897563973
5,12,17,0.28876304541579345
7,10,17,0.8460613307452832
3,14,17,0.11288757770888985
13,4,17,NaN
1,16,17,0.5857933458990237
3,14,17,0.8824229336212897
5,12,17,0.6375070837617166
14,3,17,0.23351032915597308
10,7,17,0.6804017048834924
7,10,17,0.49760645166926687
6,11,17,0.8059250084609626
7,10,17,0.6711868417913297
7,10,17,NaN
11,6,17,0.8824229336212897
12,5,17,0.5844627535442994
4,13,17,0.9896388903466619
8,9,17,NaN
1,16,17,0.8734664774002516
5,12,17,0.0640450458600324
4,13,17,0.017885932416267757
11,6,17,0.9987317951883277
12,5,17,0.12263300361311932
6,11,17,0.7431156722611247
10,7,17,0.21167420173898266
17,0,17,0.9703220335374653
3,14,17,0.5436724551002615
5,12,17,0.7742996008795586
3,14,17,0.9862691009837826
2,15,17,0.21780701902471042
12,5,17,0.21079930348047016
10,7,17,1.2459208229312208e-6
4,13,17,0.14277646240854439
9,8,17,0.1475286767800366
8,9,17,0.007894730599214483
4,13,17,0.001041067103306844
3,14,17,0.00740560408666705
5,12,17,NaN
5,12,17,0.006514576717819695
5,12,17,0.901208698829351
1,16,17,0.5857933458990237
3,14,17,0.24352231573587105
6,11,17,1.9564180741159104e-5
17,0,17,NaN
5,12,17,0.9370946320424296
7,10,17,0.49760645166926687
8,9,17,0.6609363208979184
14,3,17,NaN
1,16,17,NaN
8,9,17,0.17532085637583572
5,12,17,0.7564054272560976
3,14,17,0.006492842131374769
13,4,17,0.16892676507977705
11,6,17,0.8537041046746213
4,13,17,0.07398859749715625
9,8,17,0.32799442295949643
7,10,17,0.0071777884198368095
6,11,17,0.6711868417913297
2,15,17,0.989973721078252
3,14,17,0.5857933458990237
2,15,17,NaN
1,16,17,0.7099946859060099
9,8,17,0.8650076002264386
9,8,17,0.16892676507977705
5,12,17,2.7395120570035947e-7
5,12,17,0.0640450458600324
6,11,17,0.04619889111694129
9,8,17,NaN
4,13,17,NaN
3,14,17,0.0007471148224624153
5,12,17,1.135846862646101e-5
6,11,17,3.697647303768617e-6
5,12,17,0.8583541904670436
3,14,17,0.016747095348513312
7,10,17,0.8733076152259909
5,12,17,NaN
1,16,17,0.0981462602611937
2,15,17,NaN
1,16,17,0.2506505417905184
4,13,17,7.63839237344712e-5
1,16,17,NaN
3,14,17,0.9974648487092417
1,16,17,0.8667514006009018
1,16,17,0.7483601060477024
4,13,17,NaN
6,11,17,0.7472598582352342
12,5,17,0.0032219256233113037
9,8,17,0.9862691009837826
4,13,17,0.32204760611626027
2,15,17,0.009825075475839735
4,13,17,0.44866759124185646
3,14,17,0.04865788038130383
1,16,17,NaN
1,16,17,0.9746660608362511
3,14,17,1.7554830943890205e-7
1,16,17,0.009877168722043667
2,15,17,0.8270457120046512
1,16,17,0.11225219921941293
3,14,17,0.8975048543322908
3,14,17,0.5168731142236935
1,16,17,0.9370946320424296
1,16,17,NaN
1,16,17,0.03184441363446245
0,17,17,0.07797528307509231
0,17,17,0.49760645166926687
0,17,17,0.6711868417913297
0,17,17,0.19672243279996665
0,17,17,0.023887454499875376
0,17,17,NaN
0,17,17,NaN
0,17,17,NaN
0,17,17,0.9281305214769234
0,17,17,0.6291723264168632
0,17,17,NaN
0,17,17,1.5770928525788094e-9
0,17,17,0.0981462602611937
0,17,17,0.11225219921941293
4,12,16,0.15225974176003185
6,10,16,0.05631407900959844
7,9,16,0.5643641149879137
4,12,16,0.7009427131692695
10,6,16,NaN
15,1,16,0.5857933458990237
12,4,16,0.9255431095586868
12,4,16,0.5857933458990237
5,11,16,0.8650076002264386
12,4,16,0.041655030385332976
8,8,16,0.912484067245082
8,8,16,2.6250214954104403e-5
6,10,16,0.36350270168605553
15,1,16,NaN
5,11,16,NaN
9,7,16,0.3886390399370981
9,7,16,0.35918334633262433
6,10,16,NaN
4,12,16,0.07270788279112829
15,1,16,0.2506505417905184
9,7,16,NaN
10,6,16,0.17205973033110952
15,1,16,5.987885258890444e-6
11,5,16,2.9039625125558696e-6
13,3,16,0.776147407784157
3,13,16,0.0017970514693009712
3,13,16,NaN
5,11,16,NaN
3,13,16,0.14701094102636791
9,7,16,0.033404205841601906
13,3,16,0.0018872732421826948
14,2,16,0.3366488233146192
10,6,16,0.0640450458600324
9,7,16,0.3487329678553452
7,9,16,0.5411291251602354
12,4,16,0.6291723264168632
4,12,16,1.3850742199588635e-8
16,0,16,0.912484067245082
8,8,16,0.12850144349580897
11,5,16,NaN
10,6,16,NaN
13,3,16,0.47463732080836213
7,9,16,0.9370946320424296
11,5,16,NaN
11,5,16,0.35918334633262433
1,15,16,0.00011088326738632336
13,3,16,0.2753901636243977
6,10,16,0.4984898158756196
13,3,16,0.3149742872603093
15,1,16,0.07398859749715625
7,9,16,0.17802070798892713
9,7,16,3.212610483760897e-6
8,8,16,0.07398859749715625
16,0,16,0.09988223710518294
8,8,16,0.43499763314662226
11,5,16,0.8255935837441757
6,10,16,0.5416349972322652
12,4,16,0.7172658562005165
3,13,16,0.6711868417913297
16,0,16,NaN
9,7,16,0.9878060006050917
13,3,16,6.914158309995781e-6
11,5,16,0.033135329286503944
11,5,16,0.9947688305796785
10,6,16,0.49760645166926687
7,9,16,0.02182682928829592
4,12,16,0.8650076002264386
10,6,16,0.041655030385332976
11,5,16,NaN
10,6,16,0.5436724551002615
8,8,16,0.909893818108681
9,7,16,NaN
9,7,16,0.006531896091517178
6,10,16,0.1891220963872204
7,9,16,0.21780701902471042
8,8,16,0.9928169178499623
14,2,16,0.8028329467372146
11,5,16,0.5857933458990237
10,6,16,0.2546676047909938
10,6,16,0.577786479210689
2,14,16,0.00013042054880624843
12,4,16,9.59155008492801e-5
7,9,16,0.32204760611626027
8,8,16,0.09190757536276306
13,3,16,0.9481906106540485
8,8,16,0.8975048543322908
3,13,16,1.292627335108221e-9
9,7,16,0.0077819770623172475
7,9,16,0.6544168887551961
7,9,16,0.006531896091517178
11,5,16,0.17953084396000635
7,9,16,0.512373806278664
15,1,16,0.4005674250897617
13,3,16,0.05631407900959844
13,3,16,0.964109046255293
6,10,16,0.0003622636653108655
3,13,16,0.8460613307452832
10,6,16,6.105103425492411e-6
6,10,16,NaN
10,6,16,NaN
9,7,16,0.42698388927876973
11,5,16,0.2227444845765186
10,6,16,0.0007602975637821475
8,8,16,0.0403936112782497
9,7,16,0.7099946859060099
7,9,16,0.5424987914431505
8,8,16,0.007938822129096718
7,9,16,0.23423255695371223
8,8,16,0.7435026469914164
9,7,16,0.5349427819249154
10,6,16,0.285231730350609
1,15,16,NaN
5,11,16,NaN
13,3,16,0.03699915555555507
6,10,16,0.013693159364803855
5,11,16,0.6660088997806559
6,10,16,0.4458227714473883
12,4,16,5.5485807272554226e-5
14,2,16,0.8014889144615878
9,7,16,NaN
9,7,16,0.08214471545511723
6,10,16,0.8824229336212897
9,7,16,0.285231730350609
2,14,16,NaN
8,8,16,0.4005674250897617
8,8,16,0.885703415018322
7,9,16,0.9703220335374653
11,5,16,0.023547968598139454
14,2,16,0.013601237144946144
7,9,16,0.5436724551002615
7,9,16,0.0013670562520054171
13,3,16,0.0004420807111019654
10,6,16,0.8255935837441757
6,10,16,NaN
10,6,16,0.12850144349580897
4,12,16,0.0981462602611937
3,13,16,0.285231730350609
13,3,16,0.05567008016073286
1,15,16,0.8014889144615878
11,5,16,0.7742996008795586
5,11,16,0.49760645166926687
3,13,16,0.0608267996489403
2,14,16,0.5857933458990237
10,6,16,0.8950932466848186
7,9,16,0.6291723264168632
12,4,16,0.0034911686466444335
9,7,16,0.18122830305168736
7,9,16,NaN
7,9,16,0.6711868417913297
5,11,16,0.06892163213792434
7,9,16,0.44866759124185646
6,10,16,0.38342249393726274
2,14,16,0.0013867254447036297
8,8,16,0.9410588069656841
8,8,16,0.7562037793984295
3,13,16,0.5857933458990237
12,4,16,0.8851851395384643
9,7,16,0.5001347371014367
5,11,16,NaN
5,11,16,0.0867143329542188
4,12,16,1.510656954026795e-12
6,10,16,0.9997528840639046
7,9,16,0.43302801250384887
5,11,16,0.33550190518608775
7,9,16,0.586066224721721
5,11,16,NaN
7,9,16,0.05631407900959844
5,11,16,0.49760645166926687
10,6,16,0.18117830598352816
6,10,16,0.8650076002264386
12,4,16,2.6617454086935064e-6
12,4,16,0.012309813611790503
10,6,16,0.13586207363534045
14,2,16,NaN
7,9,16,0.07197806750756051
11,5,16,NaN
11,5,16,0.7544323708298074
4,12,16,NaN
9,7,16,0.1225327955014358
8,8,16,0.36350270168605553
4,12,16,0.1955375177540828
8,8,16,NaN
9,7,16,0.7435026469914164
4,12,16,NaN
10,6,16,0.1927728400630304
3,13,16,0.2363792071638814
6,10,16,0.44866759124185646
7,9,16,NaN
3,13,16,NaN
7,9,16,0.041655030385332976
14,2,16,0.32272069070075216
3,13,16,0.00012180997213626581
10,6,16,0.09821743626796034
4,12,16,0.8460613307452832
5,11,16,0.13976742411142287
6,10,16,NaN
8,8,16,0.6711868417913297
7,9,16,NaN
7,9,16,0.42775972886600894
14,2,16,0.4005674250897617
16,0,16,NaN
6,10,16,0.49760645166926687
8,8,16,NaN
4,12,16,0.9255431095586868
5,11,16,0.731123926739562
5,11,16,0.6654561633372911
13,3,16,0.7568462303324522
6,10,16,0.0981462602611937
10,6,16,0.5732585231211926
5,11,16,0.38862249086340894
3,13,16,0.07398859749715625
7,9,16,0.004480164436601648
5,11,16,NaN
6,10,16,0.09493473693713184
1,15,16,0.18997402001029068
8,8,16,0.9481906106540485
4,12,16,0.8460613307452832
5,11,16,NaN
6,10,16,0.8977338764055861
4,12,16,NaN
7,9,16,0.7742996008795586
5,11,16,0.058178276559122555
13,3,16,0.6291723264168632
10,6,16,NaN
5,11,16,0.8824229336212897
8,8,16,0.16892676507977705
8,8,16,0.326689216871626
4,12,16,0.6291723264168632
5,11,16,0.32204760611626027
5,11,16,0.017550456317405594
3,13,16,0.00010282644226183426
7,9,16,NaN
5,11,16,0.08509261982872529
12,4,16,0.0005833810182763797
4,12,16,0.44866759124185646
11,5,16,0.06865901288759119
2,14,16,0.04853695198236578
1,15,16,0.6272762081355364
16,0,16,NaN
7,9,16,0.7732169013103813
9,7,16,0.285231730350609
8,8,16,0.8255935837441757
2,14,16,NaN
9,7,16,0.26282954019779803
7,9,16,0.18532857231116054
4,12,16,0.21780701902471042
8,8,16,0.05849257333474164
3,13,16,0.21780701902471042
5,11,16,0.6711868417913297
5,11,16,NaN
7,9,16,0.16892676507977705
8,8,16,0.7099946859060099
3,13,16,0.4623766759473196
1,15,16,0.0035191495711715936
11,5,16,0.009189665523477854
3,13,16,0.4005674250897617
2,14,16,0.2506505417905184
2,14,16,0.27907312216026675
8,8,16,0.8694882455592111
6,10,16,0.7676882081689339
7,9,16,NaN
7,9,16,0.18047621315886145
3,13,16,0.0005523735085390256
3,13,16,0.06046994294450161
2,14,16,NaN
4,12,16,0.13842647670743402
7,9,16,0.49760645166926687
3,13,16,0.014297571456254737
4,12,16,0.922167525402645
8,8,16,0.7435026469914164
5,11,16,0.14796312362828254
10,6,16,0.5857933458990237
7,9,16,0.009189665523477854
2,14,16,0.2506505417905184
1,15,16,0.05631407900959844
2,14,16,NaN
11,5,16,NaN
9,7,16,0.35046704756578323
7,9,16,1.0012503631399805e-7
3,13,16,NaN
3,13,16,0.2619558078724047
1,15,16,0.6711868417913297
2,14,16,0.8650076002264386
1,15,16,0.4005674250897617
4,12,16,0.32204760611626027
2,14,16,0.7271206995827098
6,10,16,0.04865788038130383
4,12,16,0.32204760611626027
1,15,16,0.7944488592892044
5,11,16,0.29711265240784196
3,13,16,0.285231730350609
1,15,16,0.5517115101458698
1,15,16,NaN
2,14,16,0.44866759124185646
1,15,16,0.9703220335374653
3,13,16,NaN
3,13,16,0.7961844271067284
8,8,16,0.35918334633262433
4,12,16,NaN
4,12,16,0.0024605044734770064
3,13,16,0.32204760611626027
4,12,16,NaN
1,15,16,0.1921949779446829
3,13,16,0.7435026469914164
4,12,16,0.5857933458990237
2,14,16,0.10786809152697067
1,15,16,0.49760645166926687
1,15,16,0.6291723264168632
2,14,16,0.964109046255293
2,14,16,0.285231730350609
2,14,16,0.8483746871608201
3,13,16,NaN
1,15,16,NaN
0,16,16,0.2506505417905184
0,16,16,0.9791431788477936
0,16,16,0.9703220335374653
0,16,16,0.14151346273818508
0,16,16,NaN
0,16,16,0.5979033314114782
0,16,16,NaN
0,16,16,NaN
0,16,16,0.16892676507977705
0,16,16,0.057761119752762685
0,16,16,NaN
0,16,16,0.7627554657330475
0,16,16,NaN
11,4,15,0.9654888447654635
8,7,15,0.3085184530267134
7,8,15,0.964109046255293
10,5,15,0.03508837319053878
8,7,15,0.8014889144615878
3,12,15,0.8650076002264386
11,4,15,0.912484067245082
14,1,15,NaN
4,11,15,0.6291723264168632
6,9,15,0.285231730350609
6,9,15,NaN
15,0,15,NaN
7,8,15,0.0031573335567868814
7,8,15,0.4005674250897617
12,3,15,0.18319299003395592
8,7,15,0.006400928878525442
10,5,15,0.0014780619767802109
4,11,15,0.5857933458990237
6,9,15,0.0021648749154831964
10,5,15,NaN
7,8,15,0.16892676507977705
6,9,15,0.07567244187590082
11,4,15,0.9934318964859861
7,8,15,0.4005674250897617
5,10,15,0.5403099115184217
11,4,15,0.8975048543322908
5,10,15,0.005688334682097888
10,5,15,0.8014889144615878
9,6,15,0.0016857756372323552
12,3,15,0.8959572835564406
5,10,15,0.23004557452107477
14,1,15,5.622247273607911e-5
7,8,15,0.16892676507977705
4,11,15,0.35918334633262433
4,11,15,0.17899793948557452
8,7,15,NaN
9,6,15,0.6711868417913297
10,5,15,0.7742996008795586
10,5,15,0.8460613307452832
15,0,15,0.7742996008795586
10,5,15,0.9048687659842733
7,8,15,0.2506505417905184
10,5,15,0.2272428437191806
11,4,15,0.33657069768708664
12,3,15,0.49760645166926687
9,6,15,0.2506505417905184
7,8,15,0.49760645166926687
14,1,15,0.8014889144615878
9,6,15,0.0033461812370603546
9,6,15,0.017123148643731205
10,5,15,0.40984254341684667
2,13,15,0.6291723264168632
10,5,15,0.9255431095586868
4,11,15,NaN
6,9,15,0.07797528307509231
9,6,15,0.5347870487793192
5,10,15,0.35918334633262433
8,7,15,0.0981462602611937
9,6,15,NaN
11,4,15,NaN
15,0,15,NaN
9,6,15,0.0003183737029010144
6,9,15,NaN
13,2,15,0.03699915555555507
7,8,15,0.972122591664462
8,7,15,0.41887175966627244
10,5,15,0.4833886501861015
10,5,15,0.11225219921941293
8,7,15,0.5436724551002615
9,6,15,0.2272428437191806
14,1,15,0.013945215844496008
5,10,15,NaN
10,5,15,0.27781241486343355
3,12,15,0.05805529317301848
5,10,15,0.37860085670787874
7,8,15,0.0004013548844418777
11,4,15,NaN
3,12,15,0.5804638092663043
8,7,15,0.8287642423326522
11,4,15,0.46135579032161317
7,8,15,0.6899004744091672
9,6,15,0.4586857815899473
4,11,15,0.0520848716869639
10,5,15,0.19431986607106266
6,9,15,0.31194613028051127
7,8,15,0.3604434740013609
6,9,15,0.1921949779446829
5,10,15,0.03699915555555507
9,6,15,0.49760645166926687
7,8,15,NaN
7,8,15,0.35918334633262433
5,10,15,0.12546626889347998
14,1,15,NaN
4,11,15,0.7099946859060099
7,8,15,0.1921949779446829
8,7,15,0.011239383399341258
8,7,15,0.21780701902471042
10,5,15,NaN
2,13,15,NaN
14,1,15,1.2855136186767465e-5
14,1,15,0.7805272948038248
9,6,15,5.68225464091251e-10
13,2,15,0.16892676507977705
9,6,15,0.21428333454977888
12,3,15,0.6542009089652163
11,4,15,0.028600353510540095
6,9,15,NaN
11,4,15,NaN
15,0,15,NaN
10,5,15,0.0007644543092744171
7,8,15,NaN
5,10,15,0.0640450458600324
9,6,15,NaN
8,7,15,0.860292708582077
5,10,15,0.8650076002264386
2,13,15,0.35918334633262433
6,9,15,NaN
8,7,15,0.8650076002264386
3,12,15,0.0640450458600324
10,5,15,0.3183051122195707
8,7,15,0.14701094102636791
2,13,15,0.25568514912787643
9,6,15,0.008663062202868083
10,5,15,NaN
7,8,15,0.006172002413328879
8,7,15,0.8460613307452832
9,6,15,0.6291723264168632
4,11,15,0.06129690110779648
5,10,15,0.10197034551133806
7,8,15,0.14701094102636791
8,7,15,NaN
5,10,15,0.1921949779446829
15,0,15,0.0991045416265467
15,0,15,NaN
5,10,15,0.44866759124185646
8,7,15,8.37219353286048e-5
4,11,15,0.011162339030415185
11,4,15,0.8760135041957255
4,11,15,0.2791452163590111
5,10,15,0.9764973997616925
8,7,15,0.5857933458990237
12,3,15,1.583990264569316e-6
5,10,15,NaN
4,11,15,0.4005674250897617
9,6,15,0.8650076002264386
11,4,15,0.0016156076374795457
8,7,15,0.35918334633262433
8,7,15,0.32613470955772683
8,7,15,NaN
4,11,15,0.2506505417905184
5,10,15,0.44866759124185646
10,5,15,0.09415332404821963
12,3,15,0.04865788038130383
5,10,15,0.010714995893751812
11,4,15,NaN
10,5,15,0.043548520519423664
5,10,15,NaN
7,8,15,0.7099946859060099
4,11,15,0.2506505417905184
7,8,15,0.2782994527983594
5,10,15,0.0003517712531331093
6,9,15,0.13680809280327252
10,5,15,NaN
3,12,15,NaN
9,6,15,NaN
13,2,15,3.477064002082938e-8
9,6,15,0.6609363208979184
4,11,15,NaN
6,9,15,0.7435026469914164
10,5,15,0.9284554307389257
2,13,15,NaN
4,11,15,NaN
10,5,15,0.0007835297037160103
4,11,15,0.35918334633262433
4,11,15,0.08204063793187072
8,7,15,2.1705502281905035e-6
6,9,15,0.0846648542582575
2,13,15,0.5436724551002615
5,10,15,0.9101578846703543
6,9,15,0.7676898608670041
12,3,15,NaN
9,6,15,0.49760645166926687
10,5,15,0.17480111861060815
7,8,15,0.7099946859060099
8,7,15,0.2736886743461417
10,5,15,0.8255935837441757
9,6,15,0.14701094102636791
3,12,15,0.7435026469914164
8,7,15,0.32204760611626027
7,8,15,0.025688187790312168
8,7,15,0.49760645166926687
7,8,15,0.29494128056351715
6,9,15,0.6681086794399329
10,5,15,0.8975048543322908
12,3,15,0.6711868417913297
14,1,15,4.3614434316963915e-6
9,6,15,0.571109733731001
8,7,15,0.24902737018846388
4,11,15,0.8255935837441757
9,6,15,0.007837788026609073
6,9,15,0.33035660938859907
11,4,15,0.285231730350609
3,12,15,0.4005674250897617
4,11,15,NaN
5,10,15,NaN
4,11,15,0.35918334633262433
14,1,15,0.7435026469914164
7,8,15,0.2925302080168306
6,9,15,0.31696210947054554
10,5,15,0.3627526848682485
9,6,15,0.002726861903948018
5,10,15,0.8745614899996982
7,8,15,0.285231730350609
3,12,15,0.05992317110772797
6,9,15,0.9180379805408941
12,3,15,0.14701094102636791
7,8,15,0.15690815442459455
9,6,15,0.7600805158312255
11,4,15,0.001744377060931096
7,8,15,0.0166184400942462
7,8,15,0.005730486580937602
4,11,15,0.8824229336212897
7,8,15,0.023887454499875376
15,0,15,0.27649369855531697
8,7,15,0.6711868417913297
10,5,15,0.0002443268312906815
8,7,15,0.8832571014145125
7,8,15,NaN
8,7,15,0.0002596093958105829
6,9,15,0.285231730350609
12,3,15,0.0034721975233201526
6,9,15,NaN
12,3,15,0.0001583114956694355
8,7,15,0.21780701902471042
6,9,15,0.35918334633262433
10,5,15,0.3011134469910867
8,7,15,0.6259905070880872
7,8,15,0.9890752530554388
10,5,15,NaN
7,8,15,NaN
10,5,15,0.1296040941019581
3,12,15,0.3487329678553452
2,13,15,NaN
9,6,15,0.060235224195803155
11,4,15,0.7824122738668498
5,10,15,0.4036543781249234
8,7,15,NaN
15,0,15,0.8155252742458531
6,9,15,NaN
4,11,15,0.7099946859060099
10,5,15,0.11290878044139509
6,9,15,0.033549592194674585
10,5,15,0.1952383001465882
8,7,15,NaN
5,10,15,0.1921949779446829
5,10,15,0.5857933458990237
10,5,15,0.9336521296633462
6,9,15,NaN
9,6,15,0.023887454499875376
8,7,15,NaN
3,12,15,0.02556536527860368
4,11,15,0.16587116388648304
2,13,15,0.49760645166926687
8,7,15,0.6711868417913297
6,9,15,0.7667510028676167
2,13,15,NaN
11,4,15,0.1750940086322284
8,7,15,0.00047032449029970583
4,11,15,0.35918334633262433
7,8,15,0.7099946859060099
11,4,15,0.6291723264168632
6,9,15,0.034608295191797034
5,10,15,0.2506505417905184
6,9,15,NaN
9,6,15,0.013096417977752213
2,13,15,0.26695438944381095
6,9,15,0.04865788038130383
13,2,15,NaN
6,9,15,NaN
7,8,15,0.08454970255001701
2,13,15,0.44033983166444646
7,8,15,0.9481906106540485
8,7,15,NaN
4,11,15,NaN
9,6,15,0.7435026469914164
7,8,15,0.6291723264168632
4,11,15,0.6818518101837662
4,11,15,0.9485901921732287
8,7,15,0.12850144349580897
7,8,15,0.285231730350609
5,10,15,1.5034687068670368e-6
1,14,15,NaN
4,11,15,0.38686488562436366
9,6,15,0.052001953666659724
9,6,15,0.8366437403313863
8,7,15,0.9481906106540485
10,5,15,0.21780701902471042
3,12,15,0.1921949779446829
8,7,15,0.1921949779446829
5,10,15,0.14701094102636791
6,9,15,0.2506505417905184
2,13,15,NaN
10,5,15,NaN
6,9,15,0.16892676507977705
7,8,15,0.39830929771479906
11,4,15,0.08588176432131259
3,12,15,0.11225219921941293
3,12,15,0.9496189228922319
8,7,15,0.716438886913189
11,4,15,0.095939292154641
6,9,15,0.00821876365221453
6,9,15,0.8824229336212897
3,12,15,0.8824229336212897
8,7,15,0.5436724551002615
5,10,15,NaN
14,1,15,0.0017459371427880476
8,7,15,0.1794690919652667
7,8,15,NaN
8,7,15,0.5588560588701675
1,14,15,0.000359299633316321
3,12,15,0.49760645166926687
3,12,15,0.5857933458990237
5,10,15,NaN
2,13,15,0.00026419973135812815
1,14,15,NaN
6,9,15,0.32204760611626027
7,8,15,0.8460613307452832
4,11,15,0.041655030385332976
1,14,15,0.18614141424390776
5,10,15,0.0981462602611937
5,10,15,0.42401200702178166
1,14,15,NaN
5,10,15,NaN
3,12,15,NaN
5,10,15,0.12850144349580897
1,14,15,NaN
3,12,15,0.6711868417913297
7,8,15,0.7742996008795586
5,10,15,0.004649942351974021
4,11,15,0.5732585231211926
5,10,15,0.00017195022134074535
9,6,15,0.03733680320863772
4,11,15,NaN
4,11,15,0.825597036145712
5,10,15,0.285231730350609
3,12,15,0.7435026469914164
1,14,15,0.2506505417905184
5,10,15,0.4999956420986924
8,7,15,NaN
5,10,15,0.7742996008795586
7,8,15,0.8014889144615878
4,11,15,NaN
4,11,15,0.49760645166926687
4,11,15,0.6291723264168632
2,13,15,NaN
1,14,15,0.6711868417913297
3,12,15,0.2987650240743334
2,13,15,0.5250862142039893
3,12,15,0.7099946859060099
3,12,15,0.12850144349580897
1,14,15,0.3686338110577726
2,13,15,0.35918334633262433
2,13,15,0.009189665523477854
1,14,15,NaN
3,12,15,0.011531775980929993
5,10,15,0.1921949779446829
4,11,15,0.4513803819194066
2,13,15,NaN
4,11,15,NaN
2,13,15,0.285231730350609
0,15,15,0.8975048543322908
0,15,15,NaN
0,15,15,NaN
0,15,15,NaN
0,15,15,0.35918334633262433
0,15,15,0.7099946859060099
0,15,15,NaN
0,15,15,0.5918082825871049
0,15,15,0.01918772368193426
0,15,15,NaN
0,15,15,0.6711868417913297
0,15,15,NaN
0,15,15,0.05356682475569493
0,15,15,NaN
0,15,15,7.983984511316676e-5
0,15,15,0.02858707799490117
0,15,15,NaN
0,15,15,0.0187219831034098
0,15,15,NaN
0,15,15,0.033159517521540526
11,3,14,NaN
7,7,14,0.734643853623623
10,4,14,0.44866759124185646
7,7,14,0.8014889144615878
10,4,14,0.007837788026609073
9,5,14,0.8636282431331561
6,8,14,0.7099946859060099
10,4,14,0.003269323900668688
9,5,14,0.1921949779446829
9,5,14,0.05631407900959844
14,0,14,0.32204760611626027
4,10,14,0.0030266243781080586
3,11,14,0.029639264657533578
14,0,14,0.009189665523477854
7,7,14,0.6291723264168632
5,9,14,0.8650076002264386
11,3,14,NaN
12,2,14,0.11776678931163158
8,6,14,0.14701094102636791
7,7,14,0.44866759124185646
9,5,14,0.4005674250897617
10,4,14,0.32204760611626027
5,9,14,0.7435026469914164
10,4,14,0.35918334633262433
7,7,14,0.4939636867038267
8,6,14,NaN
12,2,14,0.7742996008795586
5,9,14,0.14701094102636791
8,6,14,0.24006271358225298
9,5,14,0.005613845056063607
6,8,14,0.0640450458600324
5,9,14,0.5436724551002615
10,4,14,0.0640450458600324
10,4,14,0.4005674250897617
13,1,14,0.6609363208979184
7,7,14,0.16892676507977705
7,7,14,0.012490554105262848
7,7,14,NaN
7,7,14,0.7736679054452751
11,3,14,NaN
11,3,14,0.6291723264168632
9,5,14,0.261743243855165
13,1,14,0.9564517636473293
8,6,14,NaN
6,8,14,NaN
11,3,14,0.07930434751112984
7,7,14,NaN
9,5,14,0.058802166486348915
11,3,14,0.6291723264168632
5,9,14,0.14611153288298104
6,8,14,NaN
6,8,14,NaN
13,1,14,NaN
6,8,14,0.011172931809522797
9,5,14,0.7742996008795586
5,9,14,0.009935055799312127
6,8,14,0.9530211134670099
11,3,14,0.00013587058835370022
7,7,14,0.0981462602611937
5,9,14,0.03184441363446245
9,5,14,0.7559548327776376
6,8,14,0.8975048543322908
6,8,14,0.8255935837441757
7,7,14,0.7585621214526995
14,0,14,0.12850144349580897
7,7,14,0.6188139037797941
6,8,14,0.3183567275037828
14,0,14,0.12850144349580897
6,8,14,0.9255431095586868
10,4,14,0.5600037470599741
9,5,14,0.05631407900959844
5,9,14,NaN
6,8,14,0.09347807853630496
11,3,14,0.714131068441608
6,8,14,0.19733801032574788
8,6,14,0.24352231573587105
10,4,14,0.4005674250897617
9,5,14,0.21780701902471042
7,7,14,0.017885932416267757
7,7,14,0.5824038718863883
5,9,14,0.14186620232746816
2,12,14,NaN
8,6,14,NaN
8,6,14,1.3383691685766593e-7
6,8,14,0.5436724551002615
6,8,14,NaN
7,7,14,0.49760645166926687
10,4,14,0.00011340292798197444
10,4,14,0.6681086794399329
7,7,14,0.1573439836296555
5,9,14,0.32204760611626027
7,7,14,0.1921949779446829
12,2,14,NaN
8,6,14,1.8045488383028132e-5
1,13,14,0.593244806431962
6,8,14,0.030652238514253215
6,8,14,0.6291723264168632
5,9,14,8.815167742576614e-9
14,0,14,0.39444461123405444
3,11,14,0.8313621153302901
5,9,14,0.0024937600989278644
9,5,14,0.37217800163088877
9,5,14,5.4582228238588095e-9
4,10,14,0.5436724551002615
8,6,14,NaN
7,7,14,NaN
12,2,14,0.7004767956671178
7,7,14,0.9564517636473293
7,7,14,0.4530494577372124
14,0,14,NaN
12,2,14,1.3763119236288996e-8
5,9,14,0.14842837002390805
3,11,14,0.5436724551002615
1,13,14,0.05631407900959844
5,9,14,NaN
5,9,14,0.2506505417905184
8,6,14,0.16892676507977705
11,3,14,0.8824229336212897
5,9,14,0.6711868417913297
7,7,14,0.6651215278483261
11,3,14,0.49760645166926687
7,7,14,0.016455845474804057
7,7,14,NaN
7,7,14,NaN
8,6,14,0.3474668531057681
5,9,14,NaN
8,6,14,0.01651422823203325
6,8,14,0.13081632365955093
4,10,14,NaN
14,0,14,0.35918334633262433
9,5,14,0.5857933458990237
3,11,14,0.7742996008795586
8,6,14,NaN
9,5,14,0.5636696679654167
5,9,14,NaN
10,4,14,0.16892676507977705
7,7,14,0.9245998548875181
6,8,14,0.6291723264168632
10,4,14,0.0981462602611937
10,4,14,0.30997140632278397
4,10,14,NaN
4,10,14,1.708475828472092e-8
7,7,14,0.0640450458600324
7,7,14,0.16892676507977705
14,0,14,0.912484067245082
7,7,14,0.8975048543322908
7,7,14,0.4005674250897617
3,11,14,0.559500262152875
11,3,14,1.9740316516890132e-6
7,7,14,NaN
10,4,14,0.10752399134856323
8,6,14,0.017463974545295167
8,6,14,0.3489979317670602
9,5,14,NaN
4,10,14,0.7742996008795586
7,7,14,0.8255935837441757
10,4,14,0.03219129735432314
7,7,14,0.06459888276450297
10,4,14,0.16892676507977705
1,13,14,0.004692519452633419
9,5,14,0.8650076002264386
8,6,14,0.023218780354349378
14,0,14,NaN
6,8,14,0.04865788038130383
8,6,14,0.22190748011997197
10,4,14,NaN
9,5,14,0.05631407900959844
10,4,14,0.3746565087427962
10,4,14,0.4560214088388747
9,5,14,0.015337328597902815
14,0,14,0.9862691009837826
9,5,14,0.8014889144615878
3,11,14,0.8838361992734466
10,4,14,0.9588952440176646
9,5,14,0.03184441363446245
6,8,14,NaN
3,11,14,NaN
10,4,14,0.0005452869035593198
2,12,14,0.041655030385332976
12,2,14,0.5436724551002615
4,10,14,0.8824229336212897
4,10,14,0.49760645166926687
7,7,14,0.8650076002264386
3,11,14,2.8620132514136483e-6
5,9,14,0.01470146953194662
4,10,14,NaN
8,6,14,0.050360020270083426
3,11,14,0.02766704178145161
11,3,14,2.5541797540097083e-5
3,11,14,0.9481906106540485
6,8,14,0.03184441363446245
2,12,14,0.4907486565418179
8,6,14,0.006539878897502355
5,9,14,0.054792537807966044
6,8,14,0.9370946320424296
9,5,14,0.08509261982872529
7,7,14,NaN
7,7,14,0.0981462602611937
4,10,14,0.2506505417905184
8,6,14,0.023887454499875376
11,3,14,0.8650076002264386
5,9,14,0.9978058439811702
5,9,14,0.912484067245082
8,6,14,NaN
7,7,14,NaN
9,5,14,0.03699915555555507
4,10,14,0.35918334633262433
9,5,14,0.7435026469914164
6,8,14,0.8567424499610269
7,7,14,0.989499570087297
5,9,14,NaN
9,5,14,0.8792358180869095
6,8,14,NaN
9,5,14,NaN
6,8,14,0.06776497302036101
5,9,14,0.17066961214815907
10,4,14,0.0012532001977648229
8,6,14,0.6047388008779612
1,13,14,0.3541370539104541
9,5,14,0.8460613307452832
11,3,14,0.7099946859060099
13,1,14,0.11370276423634934
7,7,14,0.0893258390841196
11,3,14,0.747794710211608
10,4,14,0.7099946859060099
2,12,14,0.14701094102636791
5,9,14,0.08509261982872529
8,6,14,0.7816088401909453
6,8,14,0.9485901921732287
8,6,14,0.7099946859060099
9,5,14,0.7099946859060099
6,8,14,0.11225219921941293
8,6,14,0.2640541843624116
8,6,14,0.03184441363446245
3,11,14,0.0640450458600324
2,12,14,0.9564517636473293
8,6,14,0.2506505417905184
8,6,14,NaN
4,10,14,0.9348933826562558
5,9,14,NaN
5,9,14,0.1396261103663417
5,9,14,0.18198139408133418
2,12,14,0.49760645166926687
7,7,14,0.964109046255293
4,10,14,0.7435026469914164
4,10,14,0.11225219921941293
9,5,14,0.21079930348047016
7,7,14,4.3052454773874705e-8
7,7,14,0.04457524978624642
3,11,14,0.8460613307452832
7,7,14,0.0006984542439623547
10,4,14,0.4625385104868875
6,8,14,NaN
6,8,14,0.05095590406669875
8,6,14,0.5857933458990237
8,6,14,NaN
3,11,14,0.9255431095586868
6,8,14,0.01627501643377174
2,12,14,0.03219129735432314
6,8,14,NaN
14,0,14,0.7099946859060099
1,13,14,0.593244806431962
2,12,14,0.013511108132040758
7,7,14,0.6743016859175012
12,2,14,0.06528015581357205
10,4,14,0.35918334633262433
5,9,14,NaN
10,4,14,0.4005674250897617
3,11,14,0.008734279918894524
6,8,14,0.35918334633262433
10,4,14,0.32204760611626027
8,6,14,NaN
7,7,14,0.00073189807910671
5,9,14,0.35918334633262433
5,9,14,0.393893890023416
2,12,14,0.013069208370789018
11,3,14,0.9370946320424296
8,6,14,NaN
3,11,14,0.033135329286503944
7,7,14,0.7435026469914164
8,6,14,0.9703220335374653
1,13,14,0.023887454499875376
3,11,14,NaN
5,9,14,0.678311224059523
6,8,14,NaN
6,8,14,0.8824229336212897
4,10,14,0.5857933458990237
7,7,14,NaN
6,8,14,0.5857933458990237
7,7,14,NaN
7,7,14,NaN
10,4,14,0.49628189058042976
3,11,14,9.807444162014572e-5
7,7,14,0.9856647081955799
3,11,14,NaN
3,11,14,0.2997581040228056
5,9,14,NaN
4,10,14,0.07398859749715625
2,12,14,0.11225219921941293
8,6,14,0.8301262081645131
7,7,14,0.3148773108975846
8,6,14,0.8014889144615878
7,7,14,0.9817557942342455
11,3,14,0.8975048543322908
6,8,14,0.6711868417913297
5,9,14,0.42177006142274076
4,10,14,0.7742996008795586
4,10,14,NaN
8,6,14,0.7317589458305866
5,9,14,0.011284589700400903
6,8,14,0.35003864416579944
9,5,14,NaN
9,5,14,NaN
7,7,14,0.41887175966627244
3,11,14,NaN
5,9,14,NaN
8,6,14,9.679411138254232e-5
7,7,14,0.7099946859060099
6,8,14,0.9947688305796785
9,5,14,NaN
14,0,14,2.4695967917279024e-5
4,10,14,NaN
7,7,14,0.44866759124185646
5,9,14,0.5436724551002615
7,7,14,0.8460613307452832
9,5,14,NaN
3,11,14,0.58830700932526
6,8,14,NaN
12,2,14,0.9691315719025277
9,5,14,0.2677319823503157
6,8,14,0.8460613307452832
8,6,14,0.08509261982872529
10,4,14,0.6154625401775798
6,8,14,0.1921949779446829
7,7,14,0.14701094102636791
2,12,14,0.32204760611626027
4,10,14,0.10798972492297984
3,11,14,0.7099946859060099
4,10,14,0.8255935837441757
10,4,14,0.0538691235664188
4,10,14,0.07398859749715625
7,7,14,NaN
10,4,14,0.11225219921941293
3,11,14,0.002014919807983445
8,6,14,0.2506505417905184
3,11,14,0.9587920377669436
9,5,14,0.07398859749715625
4,10,14,0.2014426160056914
6,8,14,0.44866759124185646
7,7,14,0.8975048543322908
3,11,14,0.013308083234690729
4,10,14,0.0002532700782893574
7,7,14,0.8663287199840323
4,10,14,0.6605568957519045
4,10,14,0.09960728713382308
2,12,14,0.006578496013292157
3,11,14,0.14701094102636791
6,8,14,0.5914155402101448
6,8,14,0.16892676507977705
2,12,14,0.0019101919562918863
3,11,14,0.2925302080168306
8,6,14,0.30831905572923596
8,6,14,0.11225219921941293
2,12,14,0.0981462602611937
7,7,14,NaN
8,6,14,0.22329943121056398
11,3,14,0.5652485185788918
9,5,14,0.9978058439811702
4,10,14,0.5795182129314523
2,12,14,0.02766704178145161
4,10,14,0.8460613307452832
10,4,14,0.5436724551002615
2,12,14,0.21780701902471042
5,9,14,0.7742996008795586
6,8,14,0.8373180805551266
3,11,14,0.004715231185707418
8,6,14,0.7435026469914164
7,7,14,0.1478288957442496
5,9,14,0.010977841929596374
7,7,14,0.5436724551002615
8,6,14,0.8200539554825197
4,10,14,0.7099946859060099
5,9,14,0.8014889144615878
6,8,14,NaN
6,8,14,0.5436724551002615
5,9,14,0.6785466900166415
4,10,14,0.011172931809522797
4,10,14,0.09379819919851488
8,6,14,0.8824229336212897
1,13,14,2.1937472650850123e-5
5,9,14,0.9899262932434983
4,10,14,0.25681517608236704
5,9,14,2.3934180520081106e-11
2,12,14,0.11225219921941293
8,6,14,0.26033657334485644
4,10,14,NaN
6,8,14,0.044557114247055864
3,11,14,0.8014889144615878
4,10,14,0.04865788038130383
3,11,14,0.32204760611626027
2,12,14,NaN
3,11,14,NaN
5,9,14,0.8460613307452832
4,10,14,0.008725767579911807
2,12,14,0.912484067245082
3,11,14,0.048724166994155715
4,10,14,0.2618888672063181
1,13,14,NaN
7,7,14,NaN
5,9,14,NaN
4,10,14,NaN
1,13,14,NaN
3,11,14,0.004615167267979569
2,12,14,0.7435026469914164
4,10,14,0.14306980066699373
2,12,14,0.35918334633262433
3,11,14,0.32204760611626027
3,11,14,0.03184441363446245
5,9,14,0.4005674250897617
6,8,14,0.4005674250897617
3,11,14,0.00027637902964779994
3,11,14,0.9133616160879562
3,11,14,0.5857933458990237
1,13,14,0.7435026469914164
2,12,14,0.023061152629636632
1,13,14,0.45363540146204984
2,12,14,NaN
2,12,14,0.5048172192083156
2,12,14,0.6711868417913297
3,11,14,0.9370946320424296
3,11,14,0.04865788038130383
1,13,14,NaN
3,11,14,NaN
1,13,14,0.44866759124185646
0,14,14,NaN
0,14,14,0.8460613307452832
0,14,14,0.12850144349580897
0,14,14,NaN
0,14,14,0.8255935837441757
0,14,14,0.5436724551002615
0,14,14,0.12850144349580897
0,14,14,NaN
0,14,14,0.44799901606627884
0,14,14,NaN
0,14,14,0.14796312362828254
0,14,14,0.08509261982872529
0,14,14,0.9762523608392467
0,14,14,0.9703220335374653
0,14,14,NaN
0,14,14,0.023591765583976503
0,14,14,0.6711868417913297
0,14,14,0.9599271153799703
0,14,14,0.11225219921941293
0,14,14,0.02165126836559894
0,14,14,NaN
6,7,13,0.2506505417905184
13,0,13,0.7742996008795586
10,3,13,0.09962278830786306
6,7,13,0.013135794871795524
13,0,13,NaN
4,9,13,0.912484067245082
6,7,13,NaN
6,7,13,0.1921949779446829
5,8,13,0.2002351374651444
6,7,13,0.28792377909240263
8,5,13,0.32204760611626027
9,4,13,0.7099946859060099
4,9,13,0.15908581505959515
11,2,13,NaN
10,3,13,NaN
11,2,13,0.4259762983501631
1,12,13,0.30009201606910196
9,4,13,NaN
6,7,13,0.239116756104008
9,4,13,NaN
5,8,13,0.7435026469914164
6,7,13,0.4005674250897617
7,6,13,0.6711868417913297
11,2,13,0.5857933458990237
8,5,13,0.7435026469914164
3,10,13,0.0866249324462009
8,5,13,8.08764145437584e-12
5,8,13,0.9899262932434983
9,4,13,0.16852090780160908
8,5,13,0.2979747494852364
11,2,13,NaN
4,9,13,0.7353936415348823
13,0,13,NaN
6,7,13,0.20257391536099287
3,10,13,NaN
3,10,13,0.6711868417913297
13,0,13,0.11225219921941293
8,5,13,0.5857933458990237
4,9,13,0.7435026469914164
12,1,13,0.08779223837339908
4,9,13,0.9659990096827746
6,7,13,0.818604818593013
2,11,13,0.65205004258956
6,7,13,0.7616511801355498
6,7,13,NaN
6,7,13,0.8832571014145125
8,5,13,0.27413413502797707
4,9,13,0.30650506246705067
11,2,13,0.7099946859060099
13,0,13,NaN
7,6,13,NaN
2,11,13,0.6440993839263466
12,1,13,0.0981462602611937
1,12,13,0.001532673148842221
13,0,13,0.5237820130251845
8,5,13,0.005448123794493472
6,7,13,0.2506505417905184
6,7,13,0.44866759124185646
6,7,13,1.3800925483988771e-6
7,6,13,NaN
7,6,13,0.55607974539945
8,5,13,NaN
10,3,13,0.7742996008795586
4,9,13,NaN
3,10,13,0.1225327955014358
9,4,13,0.4005674250897617
10,3,13,NaN
13,0,13,NaN
8,5,13,NaN
7,6,13,0.1968215906327714
4,9,13,0.9255431095586868
10,3,13,0.9944283618336152
7,6,13,0.7846948929051238
6,7,13,NaN
7,6,13,0.7099946859060099
8,5,13,0.0981462602611937
6,7,13,0.8243133852032477
10,3,13,0.9180379805408941
3,10,13,0.285231730350609
6,7,13,0.5857933458990237
8,5,13,0.41887175966627244
11,2,13,NaN
5,8,13,0.7099946859060099
2,11,13,0.5869058376401552
9,4,13,0.5095451458681125
7,6,13,0.5820016221159631
10,3,13,0.9999322869855681
8,5,13,0.7759806386975252
6,7,13,0.912484067245082
6,7,13,0.5857933458990237
9,4,13,0.06619048584846059
6,7,13,0.32871592224328966
3,10,13,0.054292623103235835
5,8,13,0.41078387677079875
6,7,13,0.5857933458990237
13,0,13,NaN
6,7,13,NaN
9,4,13,NaN
1,12,13,0.08842904026410998
5,8,13,0.8975048543322908
7,6,13,0.35918334633262433
5,8,13,0.964109046255293
10,3,13,0.9636465210938656
5,8,13,0.5720006536507067
8,5,13,NaN
12,1,13,0.0020528110080905116
6,7,13,0.16892676507977705
13,0,13,NaN
8,5,13,NaN
4,9,13,NaN
7,6,13,0.35918334633262433
6,7,13,0.8255935837441757
9,4,13,0.5857933458990237
7,6,13,0.6711868417913297
7,6,13,NaN
7,6,13,0.03219129735432314
4,9,13,NaN
10,3,13,0.6088652823891247
7,6,13,0.285231730350609
8,5,13,0.9564517636473293
9,4,13,0.9910983386854781
7,6,13,0.285231730350609
10,3,13,0.15272553483879775
8,5,13,0.4458227714473883
8,5,13,4.224359466241988e-6
12,1,13,0.5545254822933813
4,9,13,0.7931359079871693
5,8,13,NaN
5,8,13,0.35918334633262433
9,4,13,0.006204708732247349
4,9,13,0.8586335437817162
6,7,13,0.08509261982872529
6,7,13,0.00316479362141505
1,12,13,0.5857933458990237
10,3,13,0.13345090259938538
10,3,13,0.12850144349580897
10,3,13,0.8650076002264386
10,3,13,0.0608267996489403
11,2,13,0.1921949779446829
9,4,13,0.9817557942342455
10,3,13,0.16384869272779334
13,0,13,0.8038451694762638
5,8,13,NaN
9,4,13,0.21627268575236883
9,4,13,0.3672714559669959
10,3,13,0.7099946859060099
6,7,13,NaN
10,3,13,0.03201017958990546
4,9,13,0.7112443041073787
13,0,13,NaN
7,6,13,0.7112222700502638
10,3,13,NaN
13,0,13,0.9481906106540485
5,8,13,0.32204760611626027
8,5,13,0.7622932319707106
9,4,13,0.058429256746957085
9,4,13,NaN
9,4,13,NaN
8,5,13,0.964109046255293
7,6,13,0.007200995204900058
3,10,13,0.0640450458600324
5,8,13,0.7742996008795586
10,3,13,0.02685860840451437
8,5,13,0.6385523147354637
2,11,13,0.8460613307452832
4,9,13,0.8309790886566332
10,3,13,0.5436724551002615
3,10,13,0.16892676507977705
7,6,13,0.912484067245082
6,7,13,NaN
13,0,13,0.573340734184012
7,6,13,0.8255935837441757
3,10,13,0.6021358596274022
6,7,13,0.34443431001489666
3,10,13,6.023774205259239e-9
9,4,13,NaN
9,4,13,NaN
5,8,13,NaN
8,5,13,0.014216755905391487
8,5,13,0.05631407900959844
10,3,13,0.49956463876595975
10,3,13,0.05447246844862457
7,6,13,NaN
11,2,13,0.5857933458990237
11,2,13,0.48450424010460136
7,6,13,0.02766704178145161
8,5,13,0.7602031577099693
5,8,13,0.0029196187499808293
9,4,13,0.6695419340314213
9,4,13,0.7742996008795586
8,5,13,0.8975048543322908
3,10,13,0.03909607257877132
12,1,13,0.23410310804699636
9,4,13,0.7441017778242843
7,6,13,0.44866759124185646
6,7,13,0.05683576708400666
6,7,13,0.8460613307452832
8,5,13,NaN
2,11,13,NaN
5,8,13,0.35918334633262433
8,5,13,0.019237805371438033
10,3,13,0.8824229336212897
9,4,13,0.49760645166926687
3,10,13,0.7748652722466313
5,8,13,0.042353020899947136
10,3,13,0.00258884587774316
7,6,13,0.6157371690661448
10,3,13,0.4005674250897617
8,5,13,NaN
8,5,13,0.041655030385332976
8,5,13,NaN
6,7,13,0.285231730350609
13,0,13,NaN
2,11,13,0.32204760611626027
7,6,13,0.2004115338974798
5,8,13,0.6711868417913297
5,8,13,0.0916278105608801
4,9,13,NaN
5,8,13,0.16892676507977705
9,4,13,1.768036776298959e-5
8,5,13,NaN
6,7,13,0.16892676507977705
4,9,13,0.017885932416267757
8,5,13,0.8650076002264386
4,9,13,0.24500290855878
11,2,13,0.40136022483485617
5,8,13,0.33833232604819424
6,7,13,0.006903411040743142
5,8,13,NaN
12,1,13,0.8841104759639216
6,7,13,0.004127317026748275
9,4,13,0.783001197715033
6,7,13,0.9764973997616925
8,5,13,0.49760645166926687
5,8,13,NaN
7,6,13,NaN
7,6,13,NaN
8,5,13,0.7751684710796913
4,9,13,0.9359053397245042
12,1,13,0.6850073248949298
6,7,13,0.02766704178145161
8,5,13,NaN
5,8,13,0.7742996008795586
6,7,13,0.8780201116737283
7,6,13,0.3293384105548075
6,7,13,NaN
6,7,13,0.30375011062156937
2,11,13,0.2646432847943143
6,7,13,NaN
3,10,13,0.31782120465986163
7,6,13,0.6291723264168632
10,3,13,0.5436724551002615
5,8,13,0.7099946859060099
7,6,13,0.8955793319163813
7,6,13,NaN
2,11,13,0.006698330183187864
8,5,13,0.32204760611626027
2,11,13,NaN
6,7,13,0.7944488592892044
4,9,13,NaN
3,10,13,0.00015377190600713808
4,9,13,NaN
4,9,13,0.5650014063728548
2,11,13,0.07170107740691434
6,7,13,NaN
8,5,13,0.028851166600093077
3,10,13,NaN
9,4,13,NaN
9,4,13,0.0011945037442685047
9,4,13,0.507442359507917
4,9,13,0.1921949779446829
5,8,13,0.6170306909979111
9,4,13,0.7610078746086668
6,7,13,0.24320088160774556
3,10,13,NaN
9,4,13,0.8650076002264386
4,9,13,0.7435026469914164
7,6,13,0.003811062921324308
5,8,13,0.049721971477524315
10,3,13,0.0017712086092545561
8,5,13,0.1479977805633184
6,7,13,0.0086511623679141
3,10,13,0.015364430171872317
6,7,13,0.14701094102636791
13,0,13,0.8255935837441757
3,10,13,0.5857933458990237
6,7,13,NaN
6,7,13,0.2574717479519164
7,6,13,0.7468500126200379
5,8,13,NaN
10,3,13,0.014820260770363448
8,5,13,0.9492805050384766
2,11,13,0.07313811919387664
7,6,13,0.5857933458990237
7,6,13,0.02405845782177219
1,12,13,0.12363666125698601
5,8,13,0.02766704178145161
4,9,13,NaN
6,7,13,0.8851851395384643
3,10,13,0.5436724551002615
9,4,13,NaN
6,7,13,0.8975048543322908
4,9,13,0.8792358180869095
2,11,13,0.8014889144615878
8,5,13,0.16892676507977705
8,5,13,0.11225219921941293
6,7,13,0.711165712063613
6,7,13,NaN
6,7,13,0.1436377213917555
10,3,13,0.31755234629720486
11,2,13,0.18660969477500328
7,6,13,0.7367792306100411
9,4,13,NaN
5,8,13,0.037511971263810666
4,9,13,0.8733076152259909
1,12,13,0.5857933458990237
5,8,13,0.8014889144615878
6,7,13,NaN
4,9,13,NaN
9,4,13,0.8312920881679056
6,7,13,0.5857933458990237
6,7,13,0.016429042629750406
5,8,13,0.017885932416267757
4,9,13,0.06301743871618631
9,4,13,0.9481906106540485
7,6,13,0.8460613307452832
2,11,13,0.8255935837441757
5,8,13,0.041655030385332976
3,10,13,0.9370946320424296
6,7,13,0.1921546000124956
10,3,13,0.8243442009183751
7,6,13,0.5960379515917424
7,6,13,0.35918334633262433
6,7,13,0.21780701902471042
6,7,13,0.7866712308463139
2,11,13,0.8460613307452832
6,7,13,0.6711868417913297
5,8,13,0.6711868417913297
3,10,13,2.4811289663355015e-5
9,4,13,0.7099946859060099
7,6,13,0.6695419340314213
5,8,13,0.7742996008795586
2,11,13,NaN
2,11,13,0.32204760611626027
10,3,13,0.912484067245082
6,7,13,NaN
7,6,13,0.01081766912568661
11,2,13,0.7206179569992742
7,6,13,0.972122591664462
6,7,13,0.21780701902471042
3,10,13,0.15947319881138008
1,12,13,0.44511883529085744
7,6,13,0.029429134488281602
9,4,13,NaN
5,8,13,0.942805011977783
3,10,13,NaN
6,7,13,0.08008196710849783
3,10,13,0.6291723264168632
5,8,13,0.33234105096360816
5,8,13,NaN
2,11,13,0.695063769221298
9,4,13,0.13680289465843706
4,9,13,0.5857933458990237
6,7,13,0.08411521738397125
8,5,13,0.6711868417913297
4,9,13,0.6468805602028929
3,10,13,0.041655030385332976
7,6,13,NaN
9,4,13,0.44866759124185646
3,10,13,0.6291723264168632
3,10,13,NaN
5,8,13,0.5105807020145533
5,8,13,0.9481906106540485
3,10,13,0.8460613307452832
10,3,13,0.3337651883668625
5,8,13,NaN
3,10,13,0.009189665523477854
9,4,13,0.053146307793979
8,5,13,0.285231730350609
8,5,13,NaN
4,9,13,0.14701094102636791
2,11,13,0.4005674250897617
8,5,13,0.5436724551002615
2,11,13,0.5857933458990237
2,11,13,0.285231730350609
4,9,13,0.07398859749715625
3,10,13,0.3737296127499572
5,8,13,0.49760645166926687
2,11,13,0.9255431095586868
6,7,13,NaN
5,8,13,0.2506505417905184
7,6,13,0.6644546575068047
8,5,13,3.027422514107168e-5
9,4,13,NaN
4,9,13,0.8460613307452832
2,11,13,0.05217579028161315
3,10,13,0.6349132880578332
1,12,13,0.6291723264168632
6,7,13,0.21780701902471042
5,8,13,0.09815477501282775
4,9,13,0.343879838105955
3,10,13,NaN
2,11,13,0.1298577284758039
6,7,13,0.0009026561841193764
7,6,13,0.001090343115366971
6,7,13,0.44866759124185646
6,7,13,0.0029196187499808293
4,9,13,0.261743243855165
2,11,13,0.017603073785219
8,5,13,0.14701094102636791
5,8,13,NaN
4,9,13,NaN
1,12,13,0.07398859749715625
5,8,13,0.28509806997727516
5,8,13,NaN
5,8,13,0.2925302080168306
1,12,13,NaN
3,10,13,NaN
3,10,13,0.8255935837441757
2,11,13,0.9703220335374653
4,9,13,0.023702704620319322
3,10,13,0.8975048543322908
3,10,13,1.227010583055301e-7
3,10,13,0.5846676016674762
5,8,13,0.32716995640077484
1,12,13,0.21780701902471042
4,9,13,NaN
1,12,13,0.08428636587010295
2,11,13,0.08784214867783963
6,7,13,NaN
3,10,13,0.9481906106540485
7,6,13,0.44866759124185646
6,7,13,0.16892676507977705
3,10,13,0.14701094102636791
1,12,13,NaN
3,10,13,0.16892676507977705
3,10,13,NaN
4,9,13,0.7742996008795586
3,10,13,0.285231730350609
2,11,13,NaN
3,10,13,0.9862691009837826
3,10,13,0.44866759124185646
3,10,13,0.02038764373317863
3,10,13,0.4005674250897617
2,11,13,0.2254278886152348
6,7,13,0.14104056300482468
1,12,13,0.1904027697284333
4,9,13,0.6040435271795226
2,11,13,0.2506505417905184
2,11,13,0.14701094102636791
3,10,13,0.1921949779446829
2,11,13,0.04215404172631912
2,11,13,0.2574717479519164
1,12,13,0.3541370539104541
2,11,13,0.9370946320424296
1,12,13,0.7384520322950348
2,11,13,NaN
1,12,13,NaN
1,12,13,0.011658703039369788
1,12,13,0.02766704178145161
1,12,13,0.2506505417905184
2,11,13,0.32204760611626027
1,12,13,0.8975048543322908
1,12,13,0.7084506177337786
1,12,13,0.6711868417913297
1,12,13,0.4005674250897617
0,13,13,NaN
0,13,13,NaN
0,13,13,NaN
0,13,13,NaN
0,13,13,0.8255935837441757
0,13,13,0.912484067245082
0,13,13,NaN
0,13,13,NaN
0,13,13,NaN
0,13,13,NaN
0,13,13,NaN
0,13,13,NaN
0,13,13,NaN
0,13,13,0.041655030385332976
0,13,13,NaN
0,13,13,NaN
0,13,13,0.6711868417913297
0,13,13,0.8824229336212897
0,13,13,NaN
0,13,13,NaN
0,13,13,NaN
0,13,13,NaN
0,13,13,NaN
12,0,12,NaN
7,5,12,0.8460613307452832
7,5,12,0.8014889144615878
2,10,12,0.9370946320424296
6,6,12,NaN
4,8,12,0.20335583329883689
4,8,12,0.49760645166926687
6,6,12,0.21965516704390217
4,8,12,0.5702673942513053
5,7,12,0.9834919844312308
9,3,12,0.12990051063334446
7,5,12,0.9481906106540485
7,5,12,0.1698594388846696
8,4,12,0.3873173428333978
6,6,12,0.9564517636473293
5,7,12,0.7435026469914164
7,5,12,0.8014889144615878
10,2,12,0.2506505417905184
5,7,12,NaN
9,3,12,0.014602015944842709
5,7,12,0.08169456273330244
5,7,12,0.16892676507977705
12,0,12,3.2421447849048303e-6
5,7,12,0.6711868417913297
3,9,12,0.03762349318966661
5,7,12,0.8650076002264386
7,5,12,0.1593107420880789
8,4,12,0.007552945636909107
5,7,12,0.1921949779446829
7,5,12,0.8460613307452832
5,7,12,0.004478978447088365
10,2,12,0.22355684193975214
9,3,12,0.285231730350609
7,5,12,0.1921949779446829
2,10,12,0.0640450458600324
12,0,12,0.8460613307452832
3,9,12,0.0005325714712744726
10,2,12,NaN
4,8,12,0.7435026469914164
8,4,12,0.008597431850645255
6,6,12,0.8255935837441757
5,7,12,NaN
10,2,12,0.5278098867346116
5,7,12,NaN
6,6,12,NaN
8,4,12,0.7548090505035169
7,5,12,3.5775456091829305e-5
12,0,12,0.9862691009837826
3,9,12,NaN
5,7,12,0.830992463203497
8,4,12,0.49760645166926687
12,0,12,0.7977613658838985
6,6,12,0.8940451483377738
12,0,12,0.7742996008795586
7,5,12,0.9564517636473293
10,2,12,0.12850144349580897
6,6,12,0.353716671103443
4,8,12,0.6291723264168632
9,3,12,0.04054676186190673
2,10,12,0.44866759124185646
10,2,12,0.3621508571602683
5,7,12,0.21780701902471042
3,9,12,0.12850144349580897
4,8,12,0.44866759124185646
5,7,12,0.2591615899409879
3,9,12,0.5857933458990237
9,3,12,0.7499692257451935
5,7,12,NaN
9,3,12,0.8479186584459875
6,6,12,0.10798972492297984
10,2,12,0.8650076002264386
8,4,12,0.6291723264168632
3,9,12,0.30022616015760445
8,4,12,0.2506505417905184
4,8,12,0.7231264112042964
7,5,12,0.017885932416267757
6,6,12,NaN
6,6,12,NaN
5,7,12,0.9318940499961288
9,3,12,0.7435026469914164
6,6,12,0.6711868417913297
12,0,12,NaN
8,4,12,0.0981462602611937
10,2,12,0.6991913272276651
7,5,12,NaN
12,0,12,0.9524992423132396
11,1,12,0.7742996008795586
12,0,12,0.41425906478300834
9,3,12,0.5468598270015065
10,2,12,0.6711868417913297
4,8,12,NaN
3,9,12,0.1351035968928952
9,3,12,NaN
4,8,12,0.03936695334130535
2,10,12,0.285231730350609
6,6,12,0.7467186734006481
8,4,12,0.11330802908172125
3,9,12,0.050232421060718416
9,3,12,0.7099946859060099
10,2,12,0.0011019010797392811
2,10,12,0.1263339416718716
8,4,12,NaN
9,3,12,0.8255935837441757
7,5,12,0.4034646490648176
9,3,12,0.007000251579709905
9,3,12,0.7742996008795586
3,9,12,0.5436724551002615
7,5,12,0.4005674250897617
4,8,12,NaN
9,3,12,0.9370946320424296
7,5,12,0.5857933458990237
4,8,12,0.8318972671259924
12,0,12,0.912484067245082
11,1,12,0.0070667239117713975
7,5,12,0.7435026469914164
8,4,12,0.005221639373457156
4,8,12,9.679411138254232e-5
3,9,12,0.005092605308844215
7,5,12,0.8769229317556921
6,6,12,0.9928169178499623
7,5,12,0.07576675249409673
2,10,12,NaN
5,7,12,0.5973601378544783
9,3,12,NaN
5,7,12,0.006052453783306434
1,11,12,NaN
8,4,12,NaN
1,11,12,NaN
4,8,12,0.12850144349580897
7,5,12,0.46909514903742233
10,2,12,0.2506505417905184
8,4,12,0.11235849913943609
8,4,12,0.1921949779446829
11,1,12,0.8014889144615878
12,0,12,0.5436724551002615
2,10,12,0.25053344363659447
12,0,12,NaN
6,6,12,0.44866759124185646
6,6,12,0.04235935173773284
10,2,12,0.6291723264168632
12,0,12,NaN
4,8,12,NaN
6,6,12,NaN
7,5,12,0.002716846967036673
10,2,12,0.44866759124185646
4,8,12,0.09198757041749914
9,3,12,0.19153638928482689
9,3,12,0.7817189848066457
6,6,12,0.7099946859060099
6,6,12,0.9370946320424296
6,6,12,NaN
4,8,12,0.07398859749715625
6,6,12,0.9823371294772533
2,10,12,0.1054028986269655
8,4,12,0.060235224195803155
9,3,12,0.5436724551002615
9,3,12,0.09379819919851488
4,8,12,0.24297509196410486
9,3,12,0.7435026469914164
8,4,12,0.06805958325875916
6,6,12,0.696451791778727
4,8,12,0.6711868417913297
9,3,12,0.004578551595339431
7,5,12,0.7742996008795586
3,9,12,0.7014036661204367
7,5,12,0.22941055514446526
4,8,12,0.1396261103663417
4,8,12,0.47949950703247934
7,5,12,0.06299293485994334
8,4,12,NaN
3,9,12,0.7742996008795586
9,3,12,0.14701094102636791
6,6,12,0.025416194199162537
3,9,12,NaN
5,7,12,0.023887454499875376
6,6,12,0.40117156756423494
4,8,12,NaN
6,6,12,0.029254241637388902
8,4,12,0.40136022483485617
5,7,12,0.9029425632725053
7,5,12,0.8255935837441757
4,8,12,0.03690314286304449
4,8,12,0.03184441363446245
12,0,12,0.020756651768028777
1,11,12,NaN
12,0,12,0.41670917247005984
5,7,12,0.7099946859060099
11,1,12,NaN
2,10,12,0.004811117137516271
7,5,12,0.1538653377397373
7,5,12,NaN
4,8,12,0.0011515801035610416
7,5,12,0.5857933458990237
2,10,12,0.11225219921941293
8,4,12,0.1416606806179228
5,7,12,0.6609269070683205
8,4,12,0.9180578565143008
9,3,12,0.5436724551002615
4,8,12,0.7610078746086668
8,4,12,0.03184441363446245
7,5,12,0.9764973997616925
11,1,12,0.5436724551002615
3,9,12,0.10451890156700068
8,4,12,0.4005674250897617
3,9,12,NaN
7,5,12,7.564136404729661e-5
6,6,12,0.27559312511510037
4,8,12,NaN
5,7,12,0.5436724551002615
8,4,12,0.3067745417538326
12,0,12,NaN
4,8,12,0.6711868417913297
9,3,12,0.5436724551002615
12,0,12,0.5639268589674294
7,5,12,NaN
5,7,12,0.00906028877652222
4,8,12,0.0004947473900968302
7,5,12,0.33943241863267837
4,8,12,6.471667878133468e-7
6,6,12,NaN
11,1,12,0.9564517636473293
9,3,12,0.6711868417913297
5,7,12,0.32204760611626027
8,4,12,0.7509044943968671
8,4,12,NaN
5,7,12,0.8255935837441757
3,9,12,6.90046861274095e-5
12,0,12,NaN
7,5,12,0.9370946320424296
5,7,12,0.2471205566732664
8,4,12,NaN
6,6,12,0.10344965704208957
5,7,12,0.12850144349580897
9,3,12,0.0006984542439623547
7,5,12,0.964109046255293
4,8,12,0.08320994749602365
4,8,12,0.964109046255293
5,7,12,0.9664870530040918
4,8,12,NaN
2,10,12,9.729013411303934e-7
3,9,12,0.02210999998385185
6,6,12,0.032074920477775985
8,4,12,0.9255431095586868
8,4,12,0.007837788026609073
5,7,12,0.5827557736585954
8,4,12,0.343879838105955
12,0,12,0.6711868417913297
6,6,12,NaN
12,0,12,0.3928575543417454
11,1,12,0.8255935837441757
6,6,12,0.49760645166926687
9,3,12,0.0981462602611937
3,9,12,NaN
12,0,12,NaN
5,7,12,0.593244806431962
6,6,12,0.4005674250897617
4,8,12,0.9620884793186167
5,7,12,0.01651422823203325
6,6,12,0.0981462602611937
6,6,12,0.9509997328521098
6,6,12,0.1717497118335182
7,5,12,NaN
4,8,12,0.5911687548166596
10,2,12,7.763486130703455e-6
6,6,12,0.004798206092759656
3,9,12,0.18621059641810223
3,9,12,0.7099946859060099
8,4,12,0.444414252500559
6,6,12,0.24132742004212837
6,6,12,0.964109046255293
5,7,12,NaN
5,7,12,0.00021655043881442529
4,8,12,0.18945890853298938
1,11,12,NaN
6,6,12,0.644605015181735
2,10,12,0.996152725130974
6,6,12,0.7099946859060099
11,1,12,0.16892676507977705
5,7,12,0.49760645166926687
2,10,12,0.8255935837441757
5,7,12,0.49760645166926687
12,0,12,0.5935759732726942
4,8,12,1.1403801921978633e-9
8,4,12,NaN
6,6,12,0.4005674250897617
5,7,12,0.285231730350609
9,3,12,0.11402706466363315
4,8,12,0.00028106450391043706
8,4,12,0.9664648441197923
5,7,12,NaN
9,3,12,0.44298433512905505
2,10,12,0.5436724551002615
5,7,12,0.35918334633262433
10,2,12,0.017885932416267757
5,7,12,0.9346368913319796
8,4,12,0.00021227534070307773
4,8,12,0.10809308359801358
8,4,12,NaN
3,9,12,NaN
7,5,12,0.42881767695477885
8,4,12,0.11225219921941293
4,8,12,0.08509261982872529
6,6,12,NaN
2,10,12,0.10798972492297984
7,5,12,0.0640450458600324
4,8,12,0.4005674250897617
8,4,12,0.912484067245082
3,9,12,NaN
4,8,12,NaN
9,3,12,0.5105807020145533
2,10,12,0.14701094102636791
6,6,12,0.7099946859060099
6,6,12,0.964109046255293
6,6,12,0.32204760611626027
4,8,12,0.21765835732923872
2,10,12,NaN
10,2,12,0.03985365993363235
10,2,12,0.12363674270680297
7,5,12,0.36362064770547997
6,6,12,0.11225219921941293
5,7,12,0.09283317927841134
4,8,12,NaN
7,5,12,0.49760645166926687
5,7,12,0.4005674250897617
8,4,12,0.8783716166898478
8,4,12,0.02330452099824708
4,8,12,0.5948556391082486
4,8,12,0.5576572182144729
12,0,12,0.9637024838261126
6,6,12,0.21780701902471042
3,9,12,3.976009736747303e-5
10,2,12,NaN
10,2,12,1.60856999045683e-6
2,10,12,0.8650076002264386
5,7,12,NaN
2,10,12,0.9347682314954789
7,5,12,NaN
5,7,12,NaN
5,7,12,0.5857933458990237
6,6,12,0.4005674250897617
5,7,12,0.0009219333639079515
8,4,12,NaN
5,7,12,0.7355026019174716
7,5,12,0.20241272700736776
2,10,12,0.9817557942342455
4,8,12,0.7435026469914164
3,9,12,0.003516722459036624
4,8,12,NaN
3,9,12,0.49760645166926687
5,7,12,0.015390686967911196
5,7,12,0.44182839093581144
4,8,12,0.030529616131042846
4,8,12,0.8975048543322908
5,7,12,NaN
5,7,12,0.33657069768708664
5,7,12,0.7742996008795586
2,10,12,0.49760645166926687
4,8,12,0.44866759124185646
5,7,12,0.1345717101625349
3,9,12,0.8684472148901718
2,10,12,0.07398859749715625
10,2,12,0.8014889144615878
8,4,12,0.009388641692526026
6,6,12,0.08694614543510272
3,9,12,0.16892676507977705
10,2,12,0.8975048543322908
4,8,12,0.004015471621520536
12,0,12,0.07189225570082018
3,9,12,0.056448053041987016
5,7,12,0.8975048543322908
4,8,12,0.6711868417913297
7,5,12,0.6170306909979111
4,8,12,0.5956068165867081
4,8,12,0.11225219921941293
5,7,12,NaN
7,5,12,6.179878223300544e-6
4,8,12,0.023887454499875376
3,9,12,0.06946871245604617
8,4,12,NaN
1,11,12,0.6757651588548769
5,7,12,NaN
4,8,12,NaN
6,6,12,0.4311910235294723
10,2,12,0.9703220335374653
4,8,12,NaN
2,10,12,0.6291723264168632
5,7,12,NaN
4,8,12,0.33165609816882996
5,7,12,0.4330868869882442
3,9,12,NaN
6,6,12,0.35918334633262433
3,9,12,0.5973601378544783
2,10,12,0.35918334633262433
7,5,12,0.1921949779446829
8,4,12,0.8460613307452832
3,9,12,0.7610078746086668
7,5,12,0.9963401800767422
2,10,12,NaN
4,8,12,0.19870016018747694
7,5,12,0.8255935837441757
6,6,12,0.01382595208768772
2,10,12,0.7435026469914164
7,5,12,0.2506505417905184
2,10,12,0.16892676507977705
3,9,12,NaN
6,6,12,0.17862314128222256
1,11,12,0.16892676507977705
4,8,12,7.853069379997832e-13
1,11,12,NaN
5,7,12,NaN
5,7,12,0.35918334633262433
3,9,12,NaN
2,10,12,0.16028710075466415
3,9,12,NaN
2,10,12,0.15948435013794615
5,7,12,0.35918334633262433
8,4,12,0.5436724551002615
3,9,12,0.36725182552433183
5,7,12,0.6711868417913297
5,7,12,0.1573439836296555
2,10,12,0.8075787062713752
5,7,12,0.7435026469914164
2,10,12,0.17523791955256035
6,6,12,0.9508976239791725
4,8,12,0.8124238838051626
7,5,12,0.004811117137516271
6,6,12,0.011375973872751919
9,3,12,0.285231730350609
2,10,12,0.9255431095586868
3,9,12,0.9370946320424296
3,9,12,NaN
8,4,12,0.003477011714727263
5,7,12,0.9481906106540485
9,3,12,NaN
5,7,12,0.44866759124185646
3,9,12,0.012177198934890238
1,11,12,0.9384820254825998
7,5,12,0.0640450458600324
6,6,12,NaN
7,5,12,0.07797528307509231
1,11,12,NaN
5,7,12,0.16895178995962196
4,8,12,0.08096442470195289
4,8,12,0.0016156076374795457
3,9,12,0.6291723264168632
8,4,12,0.35918334633262433
8,4,12,0.7435026469914164
3,9,12,0.1478288957442496
7,5,12,0.8255935837441757
5,7,12,0.051392494290328196
4,8,12,0.8460613307452832
5,7,12,0.020724062087912304
5,7,12,7.383543273951729e-5
1,11,12,0.5857933458990237
4,8,12,0.9370946320424296
1,11,12,0.02642113225033903
3,9,12,NaN
5,7,12,0.8183125105377306
7,5,12,0.14701094102636791
8,4,12,0.6210696236078564
1,11,12,0.1921949779446829
3,9,12,0.05631407900959844
6,6,12,0.2696783374012991
3,9,12,0.04865788038130383
4,8,12,NaN
3,9,12,0.2506505417905184
1,11,12,0.2002351374651444
4,8,12,NaN
5,7,12,0.9255431095586868
8,4,12,0.9255431095586868
2,10,12,0.8650076002264386
3,9,12,NaN
5,7,12,0.35918334633262433
7,5,12,0.4005674250897617
5,7,12,0.3686338110577726
3,9,12,0.7960888846182801
4,8,12,0.7742996008795586
2,10,12,0.9376803520658944
3,9,12,0.1274074966589192
4,8,12,0.4005674250897617
2,10,12,NaN
4,8,12,0.8312920881679056
4,8,12,0.9347648828136352
2,10,12,0.16480508910765582
5,7,12,0.5857933458990237
4,8,12,0.7746403818554657
5,7,12,NaN
2,10,12,0.44866759124185646
4,8,12,0.07398859749715625
4,8,12,0.6711868417913297
1,11,12,0.11225219921941293
2,10,12,0.9817557942342455
3,9,12,0.5857933458990237
7,5,12,0.49760645166926687
5,7,12,0.013644362619582484
3,9,12,0.8824229336212897
7,5,12,0.6020943171858673
9,3,12,0.5436724551002615
4,8,12,0.37217995332681897
3,9,12,7.44015921777665e-5
2,10,12,0.7127780267065258
2,10,12,0.0640450458600324
1,11,12,NaN
8,4,12,0.8650076002264386
3,9,12,NaN
1,11,12,0.7099946859060099
2,10,12,NaN
1,11,12,0.5436724551002615
7,5,12,0.8824229336212897
1,11,12,0.8460613307452832
5,7,12,NaN
3,9,12,0.39651011081272985
5,7,12,0.7742996008795586
1,11,12,0.05631407900959844
1,11,12,NaN
1,11,12,0.21780701902471042
4,8,12,0.8255935837441757
3,9,12,0.03378439827818822
4,8,12,0.21780701902471042
1,11,12,0.5857933458990237
5,7,12,0.13640172468834122
3,9,12,0.7435026469914164
2,10,12,0.884852738993609
2,10,12,0.2536495028511772
2,10,12,0.03086510449772262
5,7,12,0.3149742872603093
2,10,12,0.07398859749715625
2,10,12,0.35017843073122723
4,8,12,0.06819511002659569
2,10,12,0.00031216956784377206
3,9,12,0.04164212227318029
2,10,12,0.0640450458600324
2,10,12,0.5247496453503077
2,10,12,0.8255935837441757
2,10,12,NaN
2,10,12,NaN
2,10,12,0.9198213553055049
1,11,12,0.09097463108553622
2,10,12,NaN
1,11,12,0.03184441363446245
3,9,12,0.876232550069811
3,9,12,NaN
1,11,12,NaN
1,11,12,NaN
2,10,12,0.8014889144615878
2,10,12,0.05010329087977183
2,10,12,0.9834668500674338
4,8,12,0.007837788026609073
3,9,12,NaN
2,10,12,0.6593494717289954
2,10,12,0.5857933458990237
2,10,12,0.21780701902471042
3,9,12,NaN
2,10,12,0.8014889144615878
1,11,12,0.010977922634129242
2,10,12,0.8824229336212897
3,9,12,0.9251111857035039
1,11,12,0.8975048543322908
3,9,12,0.9481906106540485
3,9,12,NaN
1,11,12,0.12850144349580897
2,10,12,0.6511862857571321
1,11,12,0.573340734184012
1,11,12,NaN
1,11,12,0.47861369859328307
1,11,12,0.03184441363446245
1,11,12,4.078152648347985e-5
3,9,12,0.08509261982872529
1,11,12,0.01528974985693621
1,11,12,0.013096417977752213
0,12,12,0.028600353510540095
0,12,12,0.7468125415102562
0,12,12,0.16892676507977705
0,12,12,NaN
0,12,12,NaN
0,12,12,0.6711868417913297
0,12,12,0.8014889144615878
0,12,12,NaN
0,12,12,0.039803630460788664
0,12,12,NaN
0,12,12,0.8650076002264386
0,12,12,0.8255935837441757
0,12,12,NaN
0,12,12,0.8255935837441757
0,12,12,0.5857933458990237
0,12,12,0.0640450458600324
0,12,12,0.04865788038130383
0,12,12,NaN
0,12,12,NaN
0,12,12,NaN
0,12,12,0.573340734184012
0,12,12,0.6711868417913297
0,12,12,0.9363544011838687
0,12,12,0.5725039826488356
0,12,12,0.7742996008795586
0,12,12,NaN
0,12,12,0.0005818936194197816
0,12,12,0.7435026469914164
8,3,11,0.7435026469914164
8,3,11,NaN
6,5,11,NaN
7,4,11,0.10138582082674709
7,4,11,0.0038432830829611135
8,3,11,0.6291723264168632
10,1,11,0.9101578846703543
2,9,11,0.5436724551002615
8,3,11,0.8975048543322908
8,3,11,0.1921949779446829
8,3,11,0.964109046255293
6,5,11,NaN
6,5,11,0.016939583613135654
6,5,11,NaN
5,6,11,0.0981462602611937
6,5,11,NaN
10,1,11,0.647777466637452
9,2,11,NaN
10,1,11,0.285231730350609
9,2,11,0.018967387319778144
9,2,11,NaN
4,7,11,0.901208698829351
6,5,11,0.49760645166926687
9,2,11,0.11225219921941293
9,2,11,0.6711868417913297
10,1,11,0.05631407900959844
6,5,11,0.03699915555555507
7,4,11,0.8255935837441757
5,6,11,NaN
8,3,11,0.010835642310493087
2,9,11,0.6951441371881056
2,9,11,NaN
6,5,11,0.9370946320424296
5,6,11,0.4005674250897617
5,6,11,0.418147007001445
7,4,11,0.7742996008795586
5,6,11,0.285231730350609
4,7,11,0.695820229278345
7,4,11,0.5372689407380479
2,9,11,0.8824229336212897
5,6,11,0.4005674250897617
8,3,11,0.7099946859060099
4,7,11,0.018489484773425213
5,6,11,0.12346016327179858
3,8,11,0.5979258611535977
6,5,11,0.2506505417905184
7,4,11,0.538633791249184
5,6,11,0.44866759124185646
11,0,11,NaN
6,5,11,NaN
8,3,11,0.041655030385332976
7,4,11,0.0021648749154831964
7,4,11,NaN
3,8,11,NaN
8,3,11,NaN
2,9,11,0.023887454499875376
8,3,11,0.10838833270347327
8,3,11,NaN
8,3,11,0.16892676507977705
4,7,11,0.002516579321618953
7,4,11,0.08509261982872529
7,4,11,0.013097620754595555
7,4,11,0.00821876365221453
8,3,11,5.3115542558918713e-5
5,6,11,NaN
10,1,11,0.9255431095586868
8,3,11,0.010997211811667528
11,0,11,NaN
7,4,11,0.49760645166926687
6,5,11,NaN
6,5,11,0.9564517636473293
4,7,11,0.16892676507977705
6,5,11,0.21780701902471042
9,2,11,0.34731862372982186
6,5,11,0.49760645166926687
4,7,11,0.2507430376942815
7,4,11,NaN
10,1,11,0.022194144857593516
7,4,11,NaN
6,5,11,0.23531928851228223
6,5,11,NaN
7,4,11,0.9817557942342455
5,6,11,NaN
6,5,11,0.1921949779446829
9,2,11,NaN
7,4,11,0.35918334633262433
9,2,11,NaN
5,6,11,0.013069208370789018
7,4,11,0.21780701902471042
9,2,11,0.35918334633262433
9,2,11,0.8460613307452832
8,3,11,0.5436724551002615
6,5,11,0.49760645166926687
5,6,11,0.017885932416267757
8,3,11,0.4005674250897617
5,6,11,0.7742996008795586
11,0,11,0.9862691009837826
8,3,11,NaN
7,4,11,NaN
3,8,11,0.7694020551052599
2,9,11,0.08509261982872529
3,8,11,0.16892676507977705
3,8,11,NaN
6,5,11,0.5373906453354411
6,5,11,0.9781859300044641
1,10,11,NaN
8,3,11,0.6711868417913297
4,7,11,0.9564517636473293
9,2,11,0.49760645166926687
7,4,11,0.2915555625975367
8,3,11,0.5569525403374903
9,2,11,0.0012308353972395995
11,0,11,0.6711868417913297
6,5,11,NaN
5,6,11,0.9703220335374653
3,8,11,0.21012339886023607
4,7,11,0.44511883529085744
5,6,11,0.3545439428004494
5,6,11,NaN
11,0,11,0.8752339672241317
6,5,11,0.9947688305796785
7,4,11,NaN
11,0,11,0.4717690918996032
6,5,11,0.7099946859060099
6,5,11,0.8460613307452832
3,8,11,0.6711868417913297
2,9,11,0.8824229336212897
10,1,11,0.5857933458990237
2,9,11,NaN
5,6,11,0.44866759124185646
8,3,11,0.6291723264168632
8,3,11,0.6291723264168632
4,7,11,NaN
8,3,11,0.07396852722743179
4,7,11,0.8650076002264386
8,3,11,0.4689529251075884
5,6,11,0.5436724551002615
5,6,11,0.7759806386975252
9,2,11,NaN
5,6,11,0.285231730350609
7,4,11,0.35918334633262433
9,2,11,0.8927386791613094
5,6,11,NaN
2,9,11,0.8610627684828711
5,6,11,0.03219129735432314
6,5,11,0.24202591752485722
7,4,11,0.14701094102636791
2,9,11,0.027072049582529054
3,8,11,0.574740752791483
8,3,11,0.35918334633262433
7,4,11,0.8255935837441757
4,7,11,0.5436724551002615
8,3,11,0.6711868417913297
7,4,11,0.006531896091517178
10,1,11,0.35918334633262433
4,7,11,0.49760645166926687
10,1,11,0.22453204841657382
5,6,11,0.8255935837441757
7,4,11,NaN
9,2,11,0.7099946859060099
4,7,11,0.02812069897598102
5,6,11,NaN
9,2,11,0.5379316888147908
11,0,11,0.9999958366696516
10,1,11,0.5250862142039893
7,4,11,0.2506505417905184
1,10,11,NaN
5,6,11,NaN
7,4,11,NaN
3,8,11,0.7742996008795586
11,0,11,0.6602128330413324
8,3,11,0.1921949779446829
8,3,11,0.6180829931026335
5,6,11,0.6761696998640224
8,3,11,0.041655030385332976
5,6,11,0.8014889144615878
1,10,11,0.017885932416267757
6,5,11,0.7045205947297254
6,5,11,NaN
11,0,11,0.9994542234755575
9,2,11,0.0981462602611937
2,9,11,0.1099394283113724
8,3,11,0.28618670995618006
4,7,11,1.967152239993626e-7
8,3,11,0.08471701782333108
4,7,11,0.8824229336212897
5,6,11,0.6291723264168632
3,8,11,0.5436724551002615
4,7,11,0.08509261982872529
3,8,11,NaN
3,8,11,0.0981462602611937
9,2,11,0.4317319479399447
11,0,11,NaN
4,7,11,NaN
3,8,11,NaN
10,1,11,0.005623774006070415
7,4,11,0.44866759124185646
10,1,11,NaN
4,7,11,NaN
1,10,11,0.7099946859060099
8,3,11,0.024305540219118838
10,1,11,0.6291723264168632
5,6,11,NaN
3,8,11,0.38936923824745223
8,3,11,0.9532776832728496
5,6,11,0.5682712756025695
11,0,11,0.005517886285586496
6,5,11,0.9799841403827309
9,2,11,0.2506505417905184
6,5,11,0.2632636880149651
4,7,11,0.49760645166926687
6,5,11,0.06813681347549871
4,7,11,0.0005921684410515312
5,6,11,0.7917536904948697
6,5,11,0.7435026469914164
5,6,11,NaN
7,4,11,0.11225219921941293
6,5,11,0.9947688305796785
8,3,11,0.05010329087977183
6,5,11,NaN
5,6,11,0.024038436728630694
11,0,11,0.0035617404038220503
4,7,11,0.8255935837441757
1,10,11,0.26964398155607466
6,5,11,0.285231730350609
7,4,11,0.9255431095586868
9,2,11,0.8255935837441757
4,7,11,0.04865788038130383
7,4,11,0.7099946859060099
5,6,11,0.0640450458600324
2,9,11,0.11225219921941293
2,9,11,0.6291723264168632
5,6,11,0.5888540087144927
5,6,11,0.14701094102636791
4,7,11,0.8336127374253116
9,2,11,0.5857933458990237
10,1,11,0.6711868417913297
6,5,11,0.21780701902471042
4,7,11,NaN
8,3,11,0.6291723264168632
3,8,11,NaN
8,3,11,0.5820469783155943
2,9,11,0.012477097491699755
3,8,11,0.009189665523477854
9,2,11,0.4005674250897617
9,2,11,NaN
3,8,11,0.7523866389252347
11,0,11,0.6711868417913297
4,7,11,0.02457144616090492
7,4,11,0.16389469139753088
11,0,11,0.8255935837441757
5,6,11,0.36005077591261747
1,10,11,0.5424987914431505
6,5,11,NaN
7,4,11,0.22436782874206065
9,2,11,0.8824229336212897
2,9,11,0.8028375327235386
4,7,11,NaN
5,6,11,NaN
5,6,11,0.35918334633262433
10,1,11,NaN
8,3,11,0.13485453021040075
4,7,11,NaN
9,2,11,NaN
2,9,11,0.32204760611626027
6,5,11,NaN
9,2,11,0.912484067245082
6,5,11,0.4550527386128871
5,6,11,0.5763982614546213
1,10,11,0.003990059331566645
7,4,11,NaN
5,6,11,0.14522656920446117
6,5,11,0.0981462602611937
9,2,11,NaN
4,7,11,0.36481182353076336
3,8,11,NaN
7,4,11,0.4005674250897617
3,8,11,0.06046994294450161
5,6,11,0.16892676507977705
7,4,11,NaN
5,6,11,0.8563912342162112
5,6,11,0.05352496603491587
3,8,11,0.5720006536507067
9,2,11,0.000596015651008931
2,9,11,0.2677319823503157
5,6,11,0.5436724551002615
2,9,11,5.309338330351833e-6
1,10,11,0.300958548138368
2,9,11,0.49760645166926687
7,4,11,0.18925194586996474
9,2,11,NaN
9,2,11,0.38664473571889396
6,5,11,0.23924212828899588
3,8,11,0.7544323708298074
6,5,11,0.8283150818598959
7,4,11,0.8014889144615878
5,6,11,0.03699915555555507
4,7,11,0.0636834487745503
7,4,11,0.1921949779446829
9,2,11,0.006974821603480332
10,1,11,0.6711868417913297
7,4,11,0.8507417724764029
3,8,11,0.11225219921941293
3,8,11,0.49760645166926687
5,6,11,NaN
8,3,11,0.8832571014145125
9,2,11,0.7846948929051238
2,9,11,0.3173882028731314
5,6,11,0.7435026469914164
9,2,11,0.8736511171898411
7,4,11,0.9067186615983802
6,5,11,0.11225219921941293
4,7,11,0.47887357737073016
9,2,11,0.028851166600093077
7,4,11,0.6431458288237313
2,9,11,NaN
7,4,11,NaN
7,4,11,0.964109046255293
9,2,11,0.16892676507977705
5,6,11,0.5857933458990237
7,4,11,0.11225219921941293
6,5,11,0.7763228167585632
10,1,11,0.9965700277573437
7,4,11,0.001461467461268543
3,8,11,0.0037810788027485076
11,0,11,NaN
7,4,11,0.34895440385458215
8,3,11,0.7247190612941192
2,9,11,NaN
2,9,11,0.6291723264168632
3,8,11,0.07398859749715625
3,8,11,0.49760645166926687
4,7,11,NaN
5,6,11,0.393893890023416
9,2,11,0.08509261982872529
7,4,11,0.6291723264168632
4,7,11,NaN
1,10,11,0.9703220335374653
7,4,11,NaN
5,6,11,0.7099946859060099
8,3,11,0.35918334633262433
2,9,11,0.44866759124185646
7,4,11,0.8650076002264386
11,0,11,NaN
5,6,11,0.12850144349580897
2,9,11,0.8958502040763117
6,5,11,0.21780701902471042
2,9,11,0.5467791629791107
4,7,11,0.06278065309130033
9,2,11,0.9963401800767422
8,3,11,0.6711868417913297
8,3,11,0.9564517636473293
2,9,11,NaN
4,7,11,0.5857933458990237
11,0,11,NaN
5,6,11,0.95741654224081
10,1,11,0.5857933458990237
4,7,11,NaN
7,4,11,0.023887454499875376
5,6,11,NaN
5,6,11,0.05679685982454394
6,5,11,0.6291723264168632
6,5,11,NaN
5,6,11,NaN
8,3,11,7.2799823532289695e-6
8,3,11,0.025134931781909012
5,6,11,0.12850144349580897
2,9,11,NaN
7,4,11,0.7610078746086668
3,8,11,0.803411851675959
7,4,11,NaN
8,3,11,NaN
8,3,11,0.03184441363446245
3,8,11,0.7435026469914164
1,10,11,NaN
8,3,11,0.6291723264168632
3,8,11,0.529426467315798
9,2,11,0.5155115209204855
4,7,11,0.09403769100591527
9,2,11,0.03894766939810471
5,6,11,NaN
2,9,11,0.7435026469914164
7,4,11,0.8255935837441757
11,0,11,0.5016375810507177
6,5,11,0.8975048543322908
7,4,11,0.08028486438625
4,7,11,0.0444295627560649
2,9,11,0.7630903459330567
4,7,11,NaN
2,9,11,0.03219129735432314
3,8,11,0.7768790064389157
10,1,11,0.1921949779446829
7,4,11,0.8915087585886287
3,8,11,0.009189665523477854
3,8,11,NaN
7,4,11,0.3541370539104541
4,7,11,0.9764973997616925
2,9,11,0.6291723264168632
3,8,11,0.24542441066107207
4,7,11,NaN
2,9,11,0.041655030385332976
5,6,11,0.32934631657551816
3,8,11,0.35918334633262433
10,1,11,0.033936950806620354
3,8,11,0.08698971855021125
6,5,11,0.49840814571099096
4,7,11,0.017885932416267757
7,4,11,0.6801452589951253
8,3,11,0.49760645166926687
6,5,11,0.04865788038130383
7,4,11,0.8452178868705156
6,5,11,0.4922245527422539
6,5,11,9.857128429161233e-5
2,9,11,0.8650076002264386
6,5,11,0.5857933458990237
2,9,11,0.32909174581703143
10,1,11,NaN
1,10,11,NaN
5,6,11,0.8255935837441757
8,3,11,0.7435026469914164
5,6,11,0.1791436762455556
6,5,11,NaN
7,4,11,0.07398859749715625
2,9,11,0.13222299127193157
3,8,11,NaN
11,0,11,0.6711868417913297
3,8,11,0.9564517636473293
3,8,11,0.21780701902471042
3,8,11,0.10800842795366589
5,6,11,NaN
6,5,11,0.16958479232358906
9,2,11,0.08509261982872529
7,4,11,0.9131602282419834
6,5,11,0.7737174441357423
3,8,11,NaN
6,5,11,0.013135794871795524
2,9,11,0.49760645166926687
5,6,11,0.14701094102636791
7,4,11,0.24352329722823615
7,4,11,0.4005674250897617
4,7,11,0.0009219333639079515
6,5,11,0.8249512880916652
8,3,11,0.1921949779446829
4,7,11,0.6291723264168632
8,3,11,0.32618996115539983
4,7,11,NaN
5,6,11,0.1958497239494249
9,2,11,0.6364787557952757
4,7,11,0.49760645166926687
6,5,11,0.2506505417905184
4,7,11,0.9564517636473293
5,6,11,0.5436724551002615
2,9,11,0.07398859749715625
4,7,11,0.6291723264168632
4,7,11,NaN
1,10,11,0.8460613307452832
5,6,11,NaN
3,8,11,0.0516326147862147
7,4,11,0.7869542833443399
5,6,11,0.45106731615939877
5,6,11,0.6940754194647034
5,6,11,NaN
6,5,11,0.07774872302347327
9,2,11,NaN
3,8,11,0.4005674250897617
7,4,11,0.7099946859060099
2,9,11,0.0010552331911790804
7,4,11,0.0005594697580632674
4,7,11,0.1395808671644052
3,8,11,0.5436724551002615
7,4,11,0.4005674250897617
7,4,11,0.21780701902471042
5,6,11,0.0030266243781080586
1,10,11,0.05427344483413832
5,6,11,0.08509261982872529
6,5,11,0.015355178221266239
4,7,11,0.529426467315798
3,8,11,NaN
8,3,11,0.06899851152322153
5,6,11,3.439799494937243e-5
6,5,11,0.8460613307452832
11,0,11,0.7295352225317651
6,5,11,0.9011211549107667
6,5,11,0.285231730350609
11,0,11,NaN
4,7,11,0.9069215682262313
3,8,11,0.16892676507977705
5,6,11,0.11225219921941293
3,8,11,0.9481906106540485
5,6,11,0.35918334633262433
6,5,11,0.12850144349580897
6,5,11,0.053596857994061886
4,7,11,0.2506505417905184
3,8,11,0.0032207313535429177
6,5,11,NaN
6,5,11,0.7435026469914164
5,6,11,0.6272762081355364
6,5,11,0.964109046255293
7,4,11,0.16892676507977705
5,6,11,0.4005674250897617
1,10,11,0.8824229336212897
6,5,11,0.44866759124185646
2,9,11,0.014304700817937612
7,4,11,0.025964333096807953
3,8,11,NaN
3,8,11,NaN
9,2,11,NaN
2,9,11,0.44866759124185646
4,7,11,0.7099946859060099
5,6,11,0.21780701902471042
4,7,11,0.14992040042030175
3,8,11,0.5857933458990237
5,6,11,NaN
7,4,11,0.05922611823327179
2,9,11,0.9817557942342455
2,9,11,0.0981462602611937
6,5,11,0.7742996008795586
6,5,11,0.8014889144615878
5,6,11,0.6291723264168632
6,5,11,0.48064166345816095
1,10,11,NaN
7,4,11,0.6847820902635354
7,4,11,NaN
3,8,11,0.16892676507977705
1,10,11,NaN
2,9,11,NaN
10,1,11,NaN
6,5,11,NaN
9,2,11,0.7435026469914164
1,10,11,0.017885932416267757
2,9,11,0.4005674250897617
4,7,11,0.0981462602611937
10,1,11,NaN
2,9,11,0.7742996008795586
3,8,11,0.21780701902471042
5,6,11,0.32204760611626027
4,7,11,0.6711868417913297
1,10,11,0.5857933458990237
8,3,11,0.011212979002804596
6,5,11,0.6711868417913297
5,6,11,0.2506505417905184
2,9,11,NaN
5,6,11,0.8460613307452832
3,8,11,0.8255935837441757
5,6,11,0.0640450458600324
9,2,11,NaN
6,5,11,0.9361546928760086
2,9,11,0.6613071076180171
4,7,11,0.005641748605798379
3,8,11,0.07794755907232402
4,7,11,0.5330878330630209
7,4,11,0.49760645166926687
9,2,11,0.013135794871795524
8,3,11,0.39599255476610273
3,8,11,0.14701094102636791
5,6,11,0.912484067245082
1,10,11,0.27359279047719476
2,9,11,0.2069343901564002
6,5,11,0.7742996008795586
1,10,11,NaN
4,7,11,NaN
7,4,11,0.007837788026609073
2,9,11,0.4968207579816
6,5,11,0.25022100981864576
6,5,11,NaN
4,7,11,0.7742996008795586
5,6,11,0.6305477339428497
3,8,11,0.07100429228050437
6,5,11,0.17502879170350574
3,8,11,0.7568462303324522
3,8,11,0.9703220335374653
5,6,11,0.7742996008795586
2,9,11,0.689386860287616
7,4,11,0.8014889144615878
3,8,11,0.7568462303324522
4,7,11,0.0010552331911790804
4,7,11,0.8460613307452832
7,4,11,6.198290592286594e-5
3,8,11,0.8520446227296482
3,8,11,0.8824229336212897
5,6,11,NaN
6,5,11,0.6711868417913297
2,9,11,NaN
7,4,11,0.5857933458990237
7,4,11,0.14701094102636791
8,3,11,0.912484067245082
2,9,11,NaN
1,10,11,NaN
5,6,11,0.254410678221166
3,8,11,0.08509261982872529
4,7,11,0.9492805050384766
3,8,11,0.741949201694653
7,4,11,NaN
2,9,11,0.8975048543322908
4,7,11,NaN
3,8,11,0.43344331639979
3,8,11,0.6711868417913297
2,9,11,NaN
1,10,11,0.007000251579709905
4,7,11,0.03184441363446245
5,6,11,0.7415000770479838
3,8,11,0.04865788038130383
6,5,11,2.679802796816324e-5
6,5,11,0.8014889144615878
2,9,11,0.12850144349580897
3,8,11,NaN
4,7,11,0.03699915555555507
5,6,11,0.9899262932434983
3,8,11,0.024822459456842704
3,8,11,0.593244806431962
5,6,11,0.7742996008795586
7,4,11,0.7742996008795586
2,9,11,0.020084929876766588
3,8,11,NaN
4,7,11,NaN
4,7,11,0.8798474984441463
3,8,11,0.6815258896492142
1,10,11,0.11245405620101587
3,8,11,0.07191897083720801
5,6,11,0.8650076002264386
4,7,11,0.033482965283874774
4,7,11,0.2506505417905184
3,8,11,6.397540944389012e-7
6,5,11,0.7435026469914164
2,9,11,0.8563912342162112
3,8,11,NaN
2,9,11,NaN
3,8,11,0.32204760611626027
4,7,11,0.8824229336212897
3,8,11,0.8362532644369972
5,6,11,0.393893890023416
2,9,11,0.35918334633262433
1,10,11,0.8824229336212897
2,9,11,0.14701094102636791
5,6,11,0.6711868417913297
2,9,11,0.9370946320424296
6,5,11,0.8014889144615878
2,9,11,0.45675637246519224
3,8,11,NaN
3,8,11,0.5857933458990237
3,8,11,0.5436724551002615
3,8,11,0.3386786526649123
1,10,11,0.16892676507977705
2,9,11,NaN
4,7,11,0.3955931411525224
1,10,11,0.8975048543322908
2,9,11,0.7099946859060099
4,7,11,0.033192113777794185
4,7,11,0.27781241486343355
1,10,11,NaN
2,9,11,NaN
2,9,11,0.3541370539104541
2,9,11,NaN
4,7,11,0.23049353239757142
2,9,11,0.26953110816106174
3,8,11,0.3149742872603093
4,7,11,0.7435026469914164
6,5,11,NaN
3,8,11,0.8927696376886358
1,10,11,NaN
2,9,11,0.0640450458600324
1,10,11,0.9564517636473293
2,9,11,0.6711868417913297
1,10,11,0.5313437064057326
1,10,11,0.8125182139029727
1,10,11,0.11225219921941293
1,10,11,0.21780701902471042
2,9,11,0.44851628148264844
1,10,11,0.07398859749715625
1,10,11,0.3677801531485067
3,8,11,0.4551387583409872
1,10,11,0.49760645166926687
5,6,11,0.1003302449565029
1,10,11,0.6711868417913297
2,9,11,0.05631407900959844
1,10,11,NaN
1,10,11,0.08509261982872529
1,10,11,0.0640450458600324
1,10,11,0.5222831987591833
2,9,11,0.16892676507977705
1,10,11,0.2189287600943927
0,11,11,0.285231730350609
0,11,11,NaN
0,11,11,0.8460613307452832
0,11,11,NaN
0,11,11,NaN
0,11,11,NaN
0,11,11,0.3795516193113551
0,11,11,NaN
0,11,11,0.2506505417905184
0,11,11,0.285231730350609
0,11,11,NaN
0,11,11,0.2506505417905184
0,11,11,0.428532819895021
0,11,11,0.4005674250897617
0,11,11,0.008629785709289729
0,11,11,NaN
0,11,11,0.4005674250897617
0,11,11,NaN
0,11,11,0.7099946859060099
0,11,11,NaN
0,11,11,NaN
0,11,11,NaN
0,11,11,3.3312468500923633e-6
0,11,11,0.017885932416267757
0,11,11,NaN
0,11,11,0.04498147334908881
0,11,11,NaN
0,11,11,0.44866759124185646
0,11,11,0.44866759124185646
0,11,11,0.08509261982872529
0,11,11,0.21780701902471042
0,11,11,0.4085100024753663
7,3,10,0.7435026469914164
7,3,10,0.7099946859060099
3,7,10,0.8728633420836748
5,5,10,0.39630276970453004
8,2,10,0.1921949779446829
6,4,10,0.00306630928299091
6,4,10,NaN
1,9,10,0.3346081447602456
8,2,10,0.2333266971211931
9,1,10,0.004889345757528407
6,4,10,0.07518074906969482
7,3,10,0.48007673402859113
4,6,10,0.4664591052808626
10,0,10,0.04865788038130383
3,7,10,0.17953084396000635
3,7,10,NaN
5,5,10,NaN
2,8,10,NaN
5,5,10,0.0005964295601635524
8,2,10,NaN
6,4,10,0.285231730350609
1,9,10,0.16892676507977705
5,5,10,0.6291723264168632
7,3,10,0.8014889144615878
5,5,10,0.5725039826488356
8,2,10,NaN
7,3,10,0.3810635751901178
9,1,10,0.6876852366667771
2,8,10,0.9703220335374653
10,0,10,0.5857933458990237
8,2,10,NaN
8,2,10,0.9083129046160273
10,0,10,0.588097493052902
5,5,10,0.4005674250897617
10,0,10,NaN
9,1,10,0.285231730350609
8,2,10,0.0981462602611937
4,6,10,NaN
10,0,10,0.8975048543322908
5,5,10,0.5436724551002615
7,3,10,0.0640450458600324
10,0,10,0.8824229336212897
4,6,10,NaN
6,4,10,NaN
3,7,10,0.010449849922692461
6,4,10,0.912484067245082
3,7,10,NaN
9,1,10,0.14798839967785488
8,2,10,0.7099946859060099
6,4,10,NaN
6,4,10,0.9481906106540485
5,5,10,0.964109046255293
5,5,10,NaN
4,6,10,0.2520710240402416
8,2,10,NaN
6,4,10,NaN
5,5,10,NaN
8,2,10,0.9370946320424296
5,5,10,0.005265326260249541
6,4,10,NaN
7,3,10,0.49760645166926687
7,3,10,0.34874497336146265
7,3,10,0.6711868417913297
10,0,10,0.9515207051229015
4,6,10,0.21780701902471042
3,7,10,0.9481906106540485
6,4,10,0.49760645166926687
5,5,10,NaN
9,1,10,0.6711868417913297
8,2,10,0.3536042129512443
6,4,10,0.8028329467372146
10,0,10,1.4868672992445397e-16
5,5,10,0.08152026527856593
7,3,10,0.8975048543322908
7,3,10,0.003889083042273111
7,3,10,NaN
2,8,10,0.6711868417913297
4,6,10,NaN
10,0,10,0.513795280127832
6,4,10,0.3518426296162541
6,4,10,0.3567934598062181
2,8,10,0.11225219921941293
7,3,10,0.33205547712618855
10,0,10,0.007858483420240711
7,3,10,0.6291723264168632
7,3,10,0.2153942947180488
9,1,10,0.060235224195803155
9,1,10,0.285231730350609
8,2,10,9.498377942122288e-8
8,2,10,0.011762089095562752
8,2,10,0.03699915555555507
4,6,10,0.061615545228332874
5,5,10,NaN
8,2,10,NaN
8,2,10,NaN
6,4,10,0.3205211913150553
7,3,10,0.6711868417913297
2,8,10,0.12850144349580897
5,5,10,0.0005352787373909021
5,5,10,0.21780701902471042
6,4,10,0.8650076002264386
9,1,10,0.16892676507977705
9,1,10,0.7759806386975252
4,6,10,0.03428918239081
8,2,10,1.7102007270493523e-7
7,3,10,0.05631407900959844
5,5,10,NaN
9,1,10,0.17391317430677075
7,3,10,0.7435026469914164
10,0,10,0.9951162791649332
4,6,10,0.9443982477496425
7,3,10,0.49760645166926687
7,3,10,0.0004756304400808043
6,4,10,NaN
8,2,10,0.05631407900959844
6,4,10,0.35918334633262433
6,4,10,0.49760645166926687
3,7,10,NaN
4,6,10,0.7099946859060099
4,6,10,NaN
9,1,10,0.4005674250897617
4,6,10,0.35918334633262433
5,5,10,0.5436724551002615
6,4,10,0.7678396161241289
2,8,10,NaN
3,7,10,0.44866759124185646
8,2,10,0.5436724551002615
5,5,10,0.11225219921941293
8,2,10,0.49760645166926687
6,4,10,NaN
5,5,10,0.004808766951786484
5,5,10,0.5857933458990237
7,3,10,NaN
9,1,10,NaN
5,5,10,0.023887454499875376
3,7,10,0.03012728211855367
6,4,10,NaN
3,7,10,0.0525269957597993
7,3,10,0.8014889144615878
8,2,10,0.1921949779446829
9,1,10,0.6291723264168632
6,4,10,0.005241512692695245
3,7,10,0.16892676507977705
4,6,10,NaN
7,3,10,0.49760645166926687
7,3,10,NaN
2,8,10,0.32204760611626027
8,2,10,0.2506505417905184
4,6,10,0.6291723264168632
10,0,10,0.32204760611626027
10,0,10,0.7742996008795586
3,7,10,0.03699915555555507
5,5,10,0.8014889144615878
3,7,10,0.027042324867372857
1,9,10,0.5436724551002615
3,7,10,NaN
5,5,10,NaN
7,3,10,0.44803315073604827
6,4,10,0.8650076002264386
7,3,10,0.285231730350609
7,3,10,0.21780701902471042
3,7,10,0.9636299980827789
5,5,10,0.0011937671803206363
9,1,10,0.0981462602611937
4,6,10,0.44511883529085744
6,4,10,0.0005874500272829486
3,7,10,0.2506505417905184
6,4,10,NaN
6,4,10,NaN
4,6,10,0.028616184812928398
5,5,10,0.4694329356398077
3,7,10,0.085182543205318
3,7,10,0.05474115627779474
2,8,10,NaN
7,3,10,NaN
9,1,10,0.7742996008795586
6,4,10,0.7099946859060099
7,3,10,0.912484067245082
5,5,10,0.7294185663537489
8,2,10,0.023612638791421812
5,5,10,0.8460613307452832
7,3,10,NaN
4,6,10,0.21780701902471042
7,3,10,0.6291723264168632
1,9,10,0.0002357646615734165
4,6,10,NaN
8,2,10,NaN
6,4,10,0.44866759124185646
6,4,10,0.08428636587010295
7,3,10,0.8460613307452832
9,1,10,0.7742996008795586
4,6,10,NaN
2,8,10,0.44866759124185646
6,4,10,0.11904302835901791
3,7,10,0.006442651145902236
4,6,10,0.05218264564099678
8,2,10,0.9445616078344479
8,2,10,0.6711868417913297
4,6,10,NaN
6,4,10,0.5857933458990237
6,4,10,0.681786568310577
7,3,10,NaN
4,6,10,0.39896927198345944
4,6,10,0.12850144349580897
5,5,10,0.08509261982872529
1,9,10,NaN
10,0,10,0.07282349214977746
10,0,10,0.9073463116932649
8,2,10,0.9370946320424296
1,9,10,NaN
6,4,10,0.14701094102636791
10,0,10,0.5039453226774406
8,2,10,0.006052453783306434
8,2,10,NaN
4,6,10,0.10616197897226783
7,3,10,NaN
3,7,10,0.2506505417905184
7,3,10,0.6291723264168632
5,5,10,0.9669191249339866
7,3,10,0.6695419340314213
10,0,10,0.7099946859060099
8,2,10,0.11225219921941293
5,5,10,0.8975048543322908
4,6,10,0.700417759209225
4,6,10,0.025773798712344538
3,7,10,0.6711868417913297
8,2,10,0.7742996008795586
6,4,10,0.7320673854820158
7,3,10,NaN
1,9,10,NaN
5,5,10,0.45832541393320403
10,0,10,0.5857933458990237
6,4,10,NaN
5,5,10,0.9342188314374582
9,1,10,2.1194922696685307e-5
6,4,10,0.1921949779446829
7,3,10,0.6664242547708482
4,6,10,0.6291723264168632
9,1,10,NaN
4,6,10,0.5398855585850256
8,2,10,0.023124458465943448
3,7,10,0.02766704178145161
8,2,10,0.34218663792487075
9,1,10,NaN
3,7,10,0.03179971168022846
10,0,10,0.5973601378544783
7,3,10,0.33205547712618855
6,4,10,0.2838230758958505
7,3,10,0.8014889144615878
1,9,10,NaN
2,8,10,NaN
5,5,10,0.40984254341684667
1,9,10,0.18165607109256485
8,2,10,0.021649365618442804
10,0,10,0.017885932416267757
6,4,10,0.3409754957657842
5,5,10,NaN
3,7,10,NaN
5,5,10,NaN
8,2,10,0.6291723264168632
9,1,10,0.5436724551002615
7,3,10,0.6747251639061194
4,6,10,0.986373028028731
4,6,10,0.07398859749715625
2,8,10,0.8402590491330568
2,8,10,0.7435026469914164
5,5,10,0.711954309517074
6,4,10,0.0005198842962458738
4,6,10,0.09077112640733578
4,6,10,0.0035191495711715936
6,4,10,0.04460025850543509
5,5,10,NaN
5,5,10,NaN
6,4,10,0.7759806386975252
2,8,10,NaN
5,5,10,NaN
6,4,10,9.041995466478466e-10
9,1,10,0.49760645166926687
8,2,10,NaN
4,6,10,0.40762071748626905
7,3,10,NaN
5,5,10,NaN
6,4,10,0.02766704178145161
3,7,10,NaN
7,3,10,0.5268217733535703
4,6,10,0.7435026469914164
1,9,10,0.32204760611626027
9,1,10,0.5725039826488356
6,4,10,0.035371474728160344
10,0,10,0.21780701902471042
10,0,10,NaN
3,7,10,NaN
4,6,10,0.2703910559884629
6,4,10,0.38509451326499256
4,6,10,0.9564517636473293
9,1,10,NaN
5,5,10,NaN
7,3,10,0.1690623752437373
4,6,10,0.7949584707066021
7,3,10,NaN
4,6,10,0.04828525628331866
4,6,10,0.7268252381490214
3,7,10,NaN
4,6,10,0.5373906453354411
7,3,10,NaN
6,4,10,NaN
6,4,10,0.8453815718838591
10,0,10,0.6686074102208464
2,8,10,0.05631407900959844
7,3,10,NaN
6,4,10,0.30616814896304395
3,7,10,NaN
4,6,10,NaN
6,4,10,0.5857933458990237
8,2,10,0.100573459519635
3,7,10,0.0981462602611937
6,4,10,NaN
6,4,10,NaN
8,2,10,0.21780701902471042
6,4,10,0.38596250309679764
5,5,10,NaN
8,2,10,0.44866759124185646
4,6,10,0.7097098734428137
8,2,10,0.7435026469914164
7,3,10,0.6471734394302001
6,4,10,0.6711868417913297
7,3,10,0.9481906106540485
6,4,10,0.04054409566206061
9,1,10,0.020724062087912304
6,4,10,0.5038742769521944
2,8,10,0.07398859749715625
6,4,10,0.5857933458990237
4,6,10,0.7275070730442621
3,7,10,0.8014889144615878
7,3,10,0.9476695697803788
5,5,10,0.1921949779446829
6,4,10,0.4460001227146462
5,5,10,0.0026543834196871693
8,2,10,NaN
4,6,10,0.12850144349580897
1,9,10,0.4005674250897617
3,7,10,0.057636745959914464
5,5,10,NaN
5,5,10,0.02456744364302267
4,6,10,NaN
4,6,10,0.008734279918894524
9,1,10,0.32204760611626027
7,3,10,0.9370946320424296
7,3,10,NaN
5,5,10,0.9822901821260424
6,4,10,NaN
10,0,10,0.2506505417905184
10,0,10,NaN
5,5,10,0.6291723264168632
3,7,10,0.5857933458990237
4,6,10,NaN
8,2,10,NaN
6,4,10,0.3183938228153263
5,5,10,0.0673450722921413
5,5,10,0.0981462602611937
7,3,10,0.20271798700264276
8,2,10,NaN
8,2,10,0.49760645166926687
4,6,10,0.05221528247970389
8,2,10,0.8975048543322908
3,7,10,0.44866759124185646
5,5,10,0.4953728146666562
2,8,10,0.21780701902471042
8,2,10,0.2501240297604685
4,6,10,NaN
9,1,10,0.3006428094748644
3,7,10,NaN
3,7,10,0.6711868417913297
4,6,10,0.8643931666479748
8,2,10,0.9564517636473293
5,5,10,0.5104299383136152
6,4,10,0.6711868417913297
7,3,10,0.2506505417905184
5,5,10,0.638565742135045
6,4,10,NaN
5,5,10,0.0847690192676475
6,4,10,0.8014889144615878
2,8,10,0.4005674250897617
1,9,10,NaN
6,4,10,0.6711868417913297
4,6,10,0.4005674250897617
5,5,10,NaN
5,5,10,NaN
7,3,10,0.4005674250897617
5,5,10,NaN
6,4,10,0.912484067245082
5,5,10,0.0522456677690533
6,4,10,NaN
5,5,10,0.007706674401584291
4,6,10,0.8824229336212897
7,3,10,0.04865788038130383
6,4,10,NaN
7,3,10,0.4005674250897617
1,9,10,0.24300654808657404
6,4,10,0.3440506477316001
7,3,10,NaN
4,6,10,NaN
3,7,10,0.261743243855165
4,6,10,0.4576525591759072
5,5,10,NaN
3,7,10,0.22135577082993863
5,5,10,NaN
4,6,10,0.2506505417905184
3,7,10,0.0041357240687101594
8,2,10,0.4694329356398077
6,4,10,NaN
6,4,10,0.03095668072217839
5,5,10,0.6291723264168632
1,9,10,0.4324585584113324
3,7,10,0.5857933458990237
2,8,10,0.6291723264168632
3,7,10,0.8824229336212897
6,4,10,NaN
6,4,10,0.0030268999992451593
7,3,10,5.427122236824836e-5
6,4,10,NaN
3,7,10,NaN
6,4,10,0.002226984555099102
2,8,10,NaN
5,5,10,0.6385523147354637
5,5,10,0.9255431095586868
6,4,10,0.06691677702852893
3,7,10,0.17587228428815582
7,3,10,NaN
2,8,10,NaN
6,4,10,0.1955375177540828
5,5,10,NaN
4,6,10,0.22501714046172602
5,5,10,0.35918334633262433
4,6,10,0.44866759124185646
4,6,10,NaN
2,8,10,0.023591765583976503
6,4,10,0.05631407900959844
7,3,10,0.7099946859060099
5,5,10,0.7667510028676167
2,8,10,0.6558343905522988
5,5,10,0.7435026469914164
6,4,10,0.12850144349580897
5,5,10,NaN
5,5,10,0.96969837954565
2,8,10,0.004079717861205951
6,4,10,0.8460613307452832
4,6,10,0.49760645166926687
3,7,10,0.03184441363446245
8,2,10,0.0010554195698406416
1,9,10,NaN
4,6,10,0.08509261982872529
2,8,10,0.08849614883008809
9,1,10,0.9862691009837826
6,4,10,0.013135794871795524
5,5,10,NaN
9,1,10,0.00044057161787110514
8,2,10,0.8255935837441757
5,5,10,0.8255935837441757
6,4,10,0.005837114499605823
2,8,10,0.5467791629791107
9,1,10,4.986732062551797e-5
3,7,10,0.2506505417905184
2,8,10,0.8650076002264386
5,5,10,0.9947688305796785
6,4,10,0.023887454499875376
5,5,10,0.8255935837441757
3,7,10,0.9351739019510207
2,8,10,NaN
4,6,10,NaN
4,6,10,0.8255935837441757
5,5,10,0.8294630025270389
6,4,10,NaN
1,9,10,0.028600353510540095
4,6,10,0.21780701902471042
4,6,10,0.0011802328462263384
6,4,10,0.2859400750179506
6,4,10,0.4005674250897617
6,4,10,0.6711868417913297
7,3,10,0.3988432615477838
5,5,10,NaN
5,5,10,0.7441596490450346
4,6,10,0.49760645166926687
4,6,10,0.9659990096827746
2,8,10,NaN
6,4,10,0.5436724551002615
6,4,10,0.5436724551002615
4,6,10,0.6732294116209098
3,7,10,0.5436724551002615
6,4,10,NaN
2,8,10,0.7944488592892044
7,3,10,0.21780701902471042
5,5,10,0.25364168297597106
5,5,10,0.9745004605242207
8,2,10,NaN
8,2,10,0.21780701902471042
6,4,10,NaN
10,0,10,NaN
7,3,10,NaN
2,8,10,0.912484067245082
7,3,10,0.9928169178499623
4,6,10,NaN
4,6,10,NaN
4,6,10,0.9764973997616925
6,4,10,0.07567244187590082
5,5,10,NaN
1,9,10,0.7435026469914164
1,9,10,0.9211567745986814
4,6,10,0.6291723264168632
7,3,10,0.17387115201939699
5,5,10,0.36067654151509165
3,7,10,0.34061422085661225
3,7,10,0.4005674250897617
6,4,10,0.9764973997616925
2,8,10,0.14701094102636791
3,7,10,0.6850073248949298
3,7,10,NaN
3,7,10,NaN
3,7,10,NaN
3,7,10,NaN
1,9,10,NaN
7,3,10,0.4763449891784559
5,5,10,0.9255431095586868
8,2,10,0.7294185663537489
1,9,10,0.005587801164914353
4,6,10,0.9747884587038907
2,8,10,NaN
2,8,10,0.9255431095586868
2,8,10,0.8460613307452832
3,7,10,0.8975048543322908
4,6,10,0.08509261982872529
4,6,10,0.41151413364611666
2,8,10,0.0029297039416749547
5,5,10,0.8975048543322908
5,5,10,0.2506505417905184
3,7,10,NaN
3,7,10,0.9059951582499103
8,2,10,NaN
5,5,10,0.8650076002264386
6,4,10,0.023591765583976503
4,6,10,0.35918334633262433
3,7,10,NaN
4,6,10,0.285231730350609
1,9,10,0.7099946859060099
1,9,10,NaN
2,8,10,0.08393366479257097
4,6,10,0.00032236258584346475
2,8,10,0.12368709298028725
5,5,10,0.002219270411238485
8,2,10,0.0012064569333907972
1,9,10,0.16892676507977705
4,6,10,NaN
1,9,10,0.06928262508288988
3,7,10,0.11871569996603494
5,5,10,0.12850144349580897
4,6,10,0.525166588033197
3,7,10,0.35918334633262433
6,4,10,0.07762612304458197
8,2,10,0.5533981031839429
3,7,10,0.02947811400452479
2,8,10,0.9944283618336152
4,6,10,0.2506505417905184
7,3,10,NaN
6,4,10,NaN
3,7,10,0.7099946859060099
5,5,10,0.6031005371385894
3,7,10,NaN
5,5,10,0.9928169178499623
6,4,10,0.5330595146058582
3,7,10,0.4437568944930373
6,4,10,0.5857933458990237
1,9,10,NaN
6,4,10,0.5251599842198457
3,7,10,NaN
4,6,10,0.285231730350609
3,7,10,NaN
3,7,10,0.8255935837441757
6,4,10,0.8650076002264386
5,5,10,NaN
4,6,10,0.03233546210655585
3,7,10,0.35918334633262433
4,6,10,0.11753913061881778
3,7,10,0.239116756104008
3,7,10,0.0640450458600324
1,9,10,0.11225219921941293
5,5,10,NaN
7,3,10,0.5857933458990237
4,6,10,NaN
8,2,10,NaN
1,9,10,NaN
3,7,10,0.16892676507977705
3,7,10,NaN
2,8,10,0.44866759124185646
6,4,10,NaN
1,9,10,0.7742996008795586
1,9,10,NaN
3,7,10,0.2506505417905184
5,5,10,0.1921949779446829
6,4,10,0.12850144349580897
2,8,10,0.24352231573587105
2,8,10,0.9255431095586868
1,9,10,0.49760645166926687
7,3,10,0.35918334633262433
6,4,10,0.47054677968999503
1,9,10,NaN
5,5,10,NaN
4,6,10,0.16892676507977705
2,8,10,0.16892676507977705
2,8,10,0.8014889144615878
4,6,10,0.4005674250897617
3,7,10,0.7877514017791641
1,9,10,0.6711868417913297
1,9,10,0.9481906106540485
6,4,10,0.5846676016674762
10,0,10,0.0011223809039422568
2,8,10,0.8210818067322427
3,7,10,0.7099946859060099
3,7,10,NaN
5,5,10,8.433134493643772e-5
7,3,10,0.5600037470599741
7,3,10,0.5467791629791107
6,4,10,0.6711868417913297
3,7,10,0.9564517636473293
6,4,10,0.16019726952148192
2,8,10,0.8460613307452832
5,5,10,0.002014919807983445
4,6,10,0.6291723264168632
1,9,10,0.3421445630533028
6,4,10,NaN
2,8,10,0.4005674250897617
7,3,10,NaN
3,7,10,0.8255935837441757
4,6,10,0.5857933458990237
4,6,10,NaN
4,6,10,0.7742996008795586
1,9,10,0.44866759124185646
3,7,10,0.11225219921941293
7,3,10,0.8650076002264386
5,5,10,0.14701094102636791
3,7,10,0.12850144349580897
8,2,10,0.16892676507977705
8,2,10,0.5436724551002615
6,4,10,0.44866759124185646
4,6,10,0.6609269070683205
2,8,10,0.7749758543689697
3,7,10,0.11225219921941293
4,6,10,0.6894417272245736
4,6,10,0.32204760611626027
4,6,10,0.2506505417905184
9,1,10,0.09659693482563932
6,4,10,0.3253009605186137
6,4,10,0.4005674250897617
2,8,10,0.5316327407557504
5,5,10,0.5436724551002615
2,8,10,0.48171217726242077
6,4,10,0.7742996008795586
3,7,10,NaN
1,9,10,NaN
5,5,10,0.10728561715848975
2,8,10,0.35918334633262433
3,7,10,0.8807770721040051
3,7,10,NaN
3,7,10,0.468579570769083
8,2,10,0.7099946859060099
5,5,10,0.9370946320424296
5,5,10,0.07398859749715625
6,4,10,0.0342358970321798
4,6,10,0.4141460454328372
2,8,10,NaN
3,7,10,0.03184441363446245
3,7,10,NaN
6,4,10,0.38389960126452577
3,7,10,0.5857933458990237
5,5,10,NaN
3,7,10,0.6291723264168632
5,5,10,NaN
2,8,10,0.041655030385332976
2,8,10,0.0981462602611937
3,7,10,0.32204760611626027
3,7,10,0.5560967349008462
1,9,10,0.44866759124185646
3,7,10,0.16892676507977705
4,6,10,0.12850144349580897
2,8,10,NaN
6,4,10,0.3033082128029249
4,6,10,0.002189509768491057
2,8,10,0.9764973997616925
3,7,10,0.8448067458666624
6,4,10,0.08835311382289088
3,7,10,0.8460613307452832
4,6,10,NaN
3,7,10,NaN
4,6,10,0.6963671030802765
3,7,10,0.3530882252712451
4,6,10,0.10800842795366589
3,7,10,0.023887454499875376
1,9,10,0.12850144349580897
6,4,10,0.21811926335616483
3,7,10,NaN
1,9,10,NaN
5,5,10,0.32204760611626027
2,8,10,0.49760645166926687
1,9,10,0.05631407900959844
2,8,10,NaN
7,3,10,0.007831437166921668
5,5,10,0.6291723264168632
2,8,10,0.6291723264168632
1,9,10,0.8014889144615878
1,9,10,0.0024946833780133365
2,8,10,0.3467164576990435
2,8,10,0.7345422187001828
3,7,10,0.20017032599921913
2,8,10,0.9654731062138094
2,8,10,NaN
3,7,10,0.8255935837441757
2,8,10,0.5857933458990237
2,8,10,NaN
3,7,10,0.9598929805256098
4,6,10,0.007837788026609073
2,8,10,0.8266144424503215
1,9,10,NaN
1,9,10,NaN
3,7,10,0.8255935837441757
2,8,10,0.21858045703715595
1,9,10,0.10652765857805731
4,6,10,0.08509261982872529
1,9,10,0.03699915555555507
2,8,10,NaN
2,8,10,0.9963401800767422
3,7,10,0.5857933458990237
5,5,10,0.8255935837441757
1,9,10,0.44866759124185646
2,8,10,0.49760645166926687
4,6,10,0.14701094102636791
7,3,10,NaN
4,6,10,0.04865788038130383
3,7,10,NaN
2,8,10,0.35918334633262433
2,8,10,0.6088676172352735
2,8,10,NaN
2,8,10,0.08509261982872529
1,9,10,NaN
2,8,10,0.49760645166926687
1,9,10,0.5436724551002615
2,8,10,0.8014889144615878
3,7,10,0.8650076002264386
1,9,10,0.5436724551002615
1,9,10,0.1225327955014358
3,7,10,0.4005674250897617
3,7,10,0.04865788038130383
2,8,10,0.423610818033755
2,8,10,0.6291723264168632
4,6,10,NaN
2,8,10,0.9270458189157279
4,6,10,0.8851851395384643
3,7,10,NaN
6,4,10,0.1921949779446829
2,8,10,0.00736012849966332
1,9,10,0.9255431095586868
2,8,10,0.16917880699249035
1,9,10,0.4067342003224283
3,7,10,0.5741000397391358
2,8,10,0.9370946320424296
4,6,10,NaN
1,9,10,0.10800842795366589
1,9,10,NaN
1,9,10,0.8014889144615878
1,9,10,0.5436724551002615
1,9,10,0.05832981350090191
2,8,10,0.006658887774521735
1,9,10,0.9703220335374653
1,9,10,0.6711868417913297
1,9,10,0.03699915555555507
2,8,10,1.611929908308681e-5
1,9,10,0.6711868417913297
1,9,10,0.44866759124185646
1,9,10,0.6291723264168632
1,9,10,NaN
1,9,10,NaN
2,8,10,0.07398859749715625
1,9,10,0.5436724551002615
3,7,10,NaN
1,9,10,0.5436724551002615
1,9,10,0.44866759124185646
2,8,10,0.7742996008795586
1,9,10,NaN
1,9,10,0.3346081447602456
1,9,10,0.7742996008795586
1,9,10,NaN
1,9,10,0.013078037920112199
1,9,10,0.9862691009837826
1,9,10,0.16892676507977705
1,9,10,0.6291723264168632
1,9,10,0.8228641940338677
0,10,10,NaN
0,10,10,NaN
0,10,10,0.8014889144615878
0,10,10,NaN
0,10,10,0.6711868417913297
0,10,10,0.6711868417913297
0,10,10,NaN
0,10,10,0.1099394283113724
0,10,10,0.8824229336212897
0,10,10,0.49760645166926687
0,10,10,0.8650076002264386
0,10,10,NaN
0,10,10,0.5389559291536357
0,10,10,NaN
0,10,10,0.00974206596002039
0,10,10,0.1921949779446829
0,10,10,NaN
0,10,10,NaN
0,10,10,NaN
0,10,10,0.285231730350609
0,10,10,NaN
0,10,10,0.5436724551002615
0,10,10,0.1921949779446829
0,10,10,0.005241512692695245
0,10,10,NaN
0,10,10,0.4689529251075884
0,10,10,NaN
0,10,10,0.5857933458990237
0,10,10,0.8824229336212897
0,10,10,NaN
0,10,10,0.0640450458600324
0,10,10,0.44866759124185646
0,10,10,0.5436724551002615
0,10,10,NaN
0,10,10,0.32204760611626027
0,10,10,0.2506505417905184
0,10,10,NaN
0,10,10,NaN
0,10,10,NaN
0,10,10,0.12850144349580897
0,10,10,0.8824229336212897
0,10,10,NaN
0,10,10,NaN
0,10,10,NaN
0,10,10,NaN
0,10,10,NaN
0,10,10,0.11225219921941293
0,10,10,0.021443726749108764
6,3,9,0.9564517636473293
5,4,9,0.5857933458990237
9,0,9,NaN
7,2,9,0.07061909614900662
5,4,9,0.8783716166898478
3,6,9,0.32204760611626027
9,0,9,NaN
6,3,9,0.020724062087912304
3,6,9,NaN
5,4,9,0.5857933458990237
5,4,9,NaN
7,2,9,0.7099946859060099
4,5,9,0.6654561633372911
7,2,9,0.35918334633262433
8,1,9,0.8336182995579308
6,3,9,0.06663417215820867
5,4,9,NaN
7,2,9,0.0018872732421826948
5,4,9,NaN
9,0,9,NaN
7,2,9,0.007798154020913651
6,3,9,0.44866759124185646
8,1,9,0.4689529251075884
7,2,9,0.9370946320424296
9,0,9,0.8255935837441757
3,6,9,0.5436724551002615
8,1,9,0.3120196014893864
8,1,9,0.2321476851453409
3,6,9,0.44866759124185646
6,3,9,0.5784578228312995
7,2,9,0.8284313806859949
6,3,9,5.257132977683593e-5
3,6,9,0.8600573266177831
3,6,9,0.7277024308764066
6,3,9,NaN
6,3,9,0.912484067245082
4,5,9,0.07398859749715625
1,8,9,NaN
6,3,9,NaN
5,4,9,0.8028329467372146
4,5,9,0.16689137507729043
8,1,9,0.44866759124185646
9,0,9,0.49760645166926687
9,0,9,0.8255935837441757
1,8,9,NaN
5,4,9,NaN
3,6,9,0.35438110045244564
7,2,9,NaN
7,2,9,NaN
4,5,9,NaN
5,4,9,0.4005674250897617
5,4,9,0.912484067245082
2,7,9,0.07398859749715625
9,0,9,NaN
5,4,9,NaN
9,0,9,NaN
6,3,9,NaN
7,2,9,0.7446921556617478
8,1,9,0.12012181790057262
4,5,9,0.9520599094950918
6,3,9,NaN
4,5,9,0.8824229336212897
6,3,9,0.022194144857593516
6,3,9,0.8777669031715676
5,4,9,NaN
2,7,9,NaN
5,4,9,0.49760645166926687
4,5,9,0.38342249393726274
8,1,9,0.0981462602611937
7,2,9,NaN
5,4,9,NaN
4,5,9,0.4005674250897617
7,2,9,0.8975048543322908
3,6,9,0.15225163078851658
4,5,9,0.40984254341684667
3,6,9,NaN
4,5,9,0.08509261982872529
3,6,9,0.004971863234180393
5,4,9,1.782620280514095e-7
5,4,9,0.05631407900959844
1,8,9,0.12850144349580897
6,3,9,NaN
4,5,9,0.6711868417913297
3,6,9,0.8249512880916652
6,3,9,NaN
2,7,9,0.13930182512011707
5,4,9,0.8255935837441757
4,5,9,0.8014889144615878
3,6,9,0.2506505417905184
3,6,9,0.16892676507977705
6,3,9,0.285231730350609
4,5,9,0.5857933458990237
7,2,9,0.21399466816162674
5,4,9,0.9703220335374653
4,5,9,0.16892676507977705
6,3,9,NaN
6,3,9,0.03699915555555507
2,7,9,0.5436724551002615
9,0,9,0.0002612918259020767
5,4,9,0.1921949779446829
3,6,9,0.060235224195803155
3,6,9,0.49760645166926687
5,4,9,NaN
6,3,9,0.8460613307452832
5,4,9,0.0002443268312906815
5,4,9,0.32204760611626027
7,2,9,0.6804017048834924
3,6,9,NaN
8,1,9,0.8312920881679056
6,3,9,NaN
5,4,9,0.21780701902471042
3,6,9,NaN
3,6,9,0.16892676507977705
7,2,9,0.00045569307729732535
6,3,9,0.8824229336212897
6,3,9,0.8124238838051626
4,5,9,0.03699915555555507
1,8,9,0.285231730350609
4,5,9,0.7742996008795586
5,4,9,0.08509261982872529
9,0,9,0.12117838687307086
3,6,9,0.04865788038130383
8,1,9,NaN
6,3,9,0.16892676507977705
9,0,9,0.8631344799365364
8,1,9,0.6850073248949298
6,3,9,0.9367155094491033
3,6,9,0.21780701902471042
6,3,9,0.27849834085143854
3,6,9,0.02766704178145161
3,6,9,0.39254069527863883
2,7,9,0.9444796838658518
5,4,9,NaN
9,0,9,0.0012498800046455484
3,6,9,0.023887454499875376
7,2,9,0.04865788038130383
7,2,9,0.7117732360065966
4,5,9,NaN
2,7,9,NaN
3,6,9,0.8975048543322908
7,2,9,0.5436724551002615
4,5,9,0.020724062087912304
2,7,9,0.005702476908078577
5,4,9,0.5600037470599741
4,5,9,0.912484067245082
1,8,9,0.6711868417913297
4,5,9,0.7435026469914164
4,5,9,NaN
4,5,9,0.7099946859060099
7,2,9,0.7435026469914164
5,4,9,0.21780701902471042
8,1,9,0.023887454499875376
3,6,9,NaN
5,4,9,0.6497161170189026
1,8,9,0.08509261982872529
4,5,9,0.8975048543322908
5,4,9,0.11121350661627234
9,0,9,0.4005674250897617
2,7,9,7.719412536065124e-5
4,5,9,NaN
5,4,9,0.1269701567275104
2,7,9,0.2506505417905184
4,5,9,0.8650076002264386
7,2,9,0.6477161348439594
1,8,9,NaN
7,2,9,0.020724062087912304
5,4,9,0.7742996008795586
4,5,9,0.7627878791144401
9,0,9,0.11225219921941293
8,1,9,0.11225219921941293
3,6,9,NaN
4,5,9,0.07398859749715625
5,4,9,0.7435026469914164
3,6,9,NaN
7,2,9,0.44866759124185646
9,0,9,NaN
2,7,9,NaN
9,0,9,NaN
6,3,9,0.05631407900959844
4,5,9,NaN
3,6,9,0.03367122850162343
9,0,9,0.5436724551002615
2,7,9,NaN
5,4,9,NaN
7,2,9,0.3421445630533028
3,6,9,0.44866759124185646
7,2,9,NaN
9,0,9,0.7435026469914164
3,6,9,NaN
5,4,9,0.8650076002264386
8,1,9,0.003889083042273111
4,5,9,0.006531896091517178
7,2,9,0.6291723264168632
9,0,9,0.00040828915596599163
3,6,9,NaN
4,5,9,0.18957816605822997
9,0,9,0.02643168798751482
4,5,9,0.5857933458990237
9,0,9,0.9988805798019055
4,5,9,0.8650076002264386
9,0,9,0.6291723264168632
9,0,9,0.9370946320424296
7,2,9,0.4005674250897617
2,7,9,0.7099946859060099
7,2,9,NaN
3,6,9,0.28778356066062066
5,4,9,1.2776287401709864e-8
9,0,9,0.9481906106540485
9,0,9,0.389190166773481
2,7,9,0.0011538952818008592
5,4,9,0.08416503349675591
4,5,9,0.285231730350609
4,5,9,0.6291723264168632
5,4,9,0.2506505417905184
8,1,9,0.7099946859060099
7,2,9,0.35918334633262433
2,7,9,0.4005674250897617
6,3,9,0.32204760611626027
4,5,9,0.4005674250897617
4,5,9,0.6711868417913297
5,4,9,0.09218090861788124
9,0,9,0.31233542106077067
5,4,9,0.5952625071166936
7,2,9,NaN
3,6,9,0.912484067245082
3,6,9,0.7435026469914164
7,2,9,0.2506505417905184
6,3,9,0.21780701902471042
3,6,9,NaN
4,5,9,0.8014889144615878
5,4,9,0.9370946320424296
7,2,9,NaN
7,2,9,0.44866759124185646
4,5,9,0.9188368398110196
7,2,9,0.9534798231730359
4,5,9,0.7742996008795586
8,1,9,0.44866759124185646
3,6,9,NaN
7,2,9,0.19305580918770723
4,5,9,0.07398859749715625
8,1,9,0.020209885594673366
3,6,9,0.02423479068528996
5,4,9,0.9978058439811702
6,3,9,0.5686894168866067
6,3,9,0.1921949779446829
5,4,9,0.009189665523477854
3,6,9,NaN
6,3,9,0.06691677702852893
7,2,9,0.8014889144615878
2,7,9,0.9247433191375781
7,2,9,0.6291723264168632
6,3,9,0.49123247341127657
4,5,9,0.9367155094491033
8,1,9,0.3149742872603093
5,4,9,0.0640450458600324
3,6,9,0.11081679036170876
3,6,9,0.5857933458990237
3,6,9,0.005837114499605823
9,0,9,0.5323462950934654
2,7,9,0.06744887054306199
7,2,9,0.44866759124185646
4,5,9,0.8975048543322908
6,3,9,0.6291723264168632
6,3,9,0.07398859749715625
7,2,9,NaN
9,0,9,0.9252776417733807
7,2,9,0.326689216871626
3,6,9,0.15200644026835977
6,3,9,0.27446911948692987
2,7,9,0.05631407900959844
5,4,9,0.49760645166926687
4,5,9,0.6711868417913297
3,6,9,0.05427344483413832
5,4,9,0.8650076002264386
6,3,9,0.0020891370238005033
6,3,9,0.8460613307452832
4,5,9,NaN
2,7,9,0.03184441363446245
3,6,9,NaN
5,4,9,NaN
8,1,9,0.000955851794891037
5,4,9,0.8824229336212897
1,8,9,0.09819967775216346
7,2,9,0.285231730350609
3,6,9,0.912484067245082
5,4,9,0.8579889337996286
7,2,9,0.6291723264168632
3,6,9,0.8650076002264386
6,3,9,0.43823301327747743
3,6,9,NaN
2,7,9,0.12850144349580897
8,1,9,0.11225219921941293
6,3,9,0.49760645166926687
4,5,9,NaN
3,6,9,NaN
5,4,9,0.1933058038777523
8,1,9,0.19401420982391357
9,0,9,0.5425457528945249
6,3,9,NaN
1,8,9,0.6804017048834924
4,5,9,0.1921949779446829
9,0,9,NaN
3,6,9,NaN
4,5,9,0.2089785430450645
3,6,9,0.0981462602611937
3,6,9,0.05285650809260122
3,6,9,0.5335767038389887
7,2,9,0.44866759124185646
7,2,9,0.9255431095586868
6,3,9,NaN
4,5,9,0.5534900066489001
9,0,9,0.21780701902471042
5,4,9,0.7099946859060099
8,1,9,0.8014889144615878
9,0,9,0.9370946320424296
5,4,9,0.524902887005585
5,4,9,0.7099946859060099
7,2,9,0.012126145188771066
6,3,9,NaN
1,8,9,0.4005674250897617
4,5,9,0.0003781845088226696
3,6,9,0.7944488592892044
2,7,9,0.6768192267758153
2,7,9,NaN
3,6,9,0.07398859749715625
8,1,9,NaN
4,5,9,0.02947811400452479
2,7,9,0.3621645689102822
7,2,9,0.5436724551002615
6,3,9,NaN
4,5,9,0.9864700899609014
6,3,9,0.285231730350609
5,4,9,0.5929226168019613
9,0,9,0.49760645166926687
2,7,9,0.7099946859060099
5,4,9,NaN
5,4,9,0.35918334633262433
7,2,9,0.5857933458990237
1,8,9,0.7742996008795586
7,2,9,0.03699915555555507
8,1,9,0.7099946859060099
6,3,9,0.18060841943447506
5,4,9,0.1921949779446829
4,5,9,0.8433632932956963
5,4,9,0.041655030385332976
3,6,9,0.6553629418518464
5,4,9,NaN
3,6,9,NaN
5,4,9,0.6347200760491687
6,3,9,0.2261825341396471
5,4,9,0.7099946859060099
3,6,9,0.912484067245082
8,1,9,0.9947688305796785
5,4,9,NaN
3,6,9,0.11225219921941293
8,1,9,4.133397250407786e-7
6,3,9,0.3197802414258539
2,7,9,0.5280667531302486
8,1,9,0.9196946032837124
2,7,9,NaN
6,3,9,0.44866759124185646
9,0,9,0.16892676507977705
5,4,9,0.3153644705909923
6,3,9,0.285231730350609
8,1,9,NaN
4,5,9,0.285231730350609
6,3,9,0.8460613307452832
6,3,9,0.7742996008795586
4,5,9,0.0640450458600324
5,4,9,NaN
2,7,9,0.433814536335154
7,2,9,0.8763868896355571
4,5,9,0.0851792920268916
7,2,9,NaN
8,1,9,0.8014889144615878
5,4,9,0.8650076002264386
2,7,9,0.10051244386973113
1,8,9,0.21780701902471042
8,1,9,0.285231730350609
2,7,9,NaN
7,2,9,0.5857933458990237
8,1,9,0.5436724551002615
5,4,9,0.5436724551002615
5,4,9,0.08189519670479779
4,5,9,0.285231730350609
3,6,9,0.5857933458990237
8,1,9,0.9481906106540485
6,3,9,0.04865788038130383
7,2,9,0.9370946320424296
5,4,9,NaN
8,1,9,NaN
5,4,9,0.8824229336212897
3,6,9,NaN
6,3,9,0.021894314641676776
8,1,9,NaN
7,2,9,0.2506505417905184
3,6,9,0.8255935837441757
5,4,9,0.13418930467091014
2,7,9,0.5122103883368366
5,4,9,0.49760645166926687
6,3,9,NaN
2,7,9,NaN
3,6,9,0.005329225707175878
3,6,9,0.7190861385316478
4,5,9,NaN
7,2,9,0.4655623113101612
8,1,9,0.7696337110970121
4,5,9,0.004051812178312362
4,5,9,0.6291723264168632
7,2,9,0.9734619631725352
5,4,9,0.07599145083686219
2,7,9,0.9251111857035039
9,0,9,0.8924088177599591
2,7,9,0.7348481571596538
4,5,9,0.35918334633262433
4,5,9,0.21780701902471042
7,2,9,0.9817557942342455
6,3,9,0.8824229336212897
8,1,9,NaN
9,0,9,0.8255935837441757
5,4,9,0.6778366370087895
6,3,9,0.7099946859060099
3,6,9,NaN
6,3,9,0.03699915555555507
6,3,9,0.8255935837441757
2,7,9,0.4694329356398077
2,7,9,0.2506505417905184
6,3,9,0.14701094102636791
8,1,9,0.15505955029822702
4,5,9,0.285231730350609
4,5,9,0.43742141511306093
5,4,9,0.6291723264168632
7,2,9,NaN
2,7,9,0.8255935837441757
6,3,9,0.6291723264168632
8,1,9,0.26637517600804295
4,5,9,0.38596250309679764
6,3,9,NaN
2,7,9,0.6221144892023269
5,4,9,0.8079400773864392
4,5,9,0.7099946859060099
2,7,9,0.11225219921941293
3,6,9,NaN
6,3,9,NaN
8,1,9,0.04865788038130383
7,2,9,0.4694329356398077
5,4,9,0.9564517636473293
6,3,9,0.0981462602611937
4,5,9,NaN
1,8,9,0.6291723264168632
7,2,9,0.6291723264168632
4,5,9,7.277749924709637e-8
5,4,9,NaN
6,3,9,NaN
6,3,9,0.5436724551002615
7,2,9,0.8650076002264386
3,6,9,0.0028069560010977692
2,7,9,0.7099946859060099
2,7,9,NaN
5,4,9,0.5436724551002615
4,5,9,NaN
5,4,9,0.9223876401978922
1,8,9,NaN
3,6,9,NaN
7,2,9,NaN
1,8,9,0.8014889144615878
8,1,9,0.003269323900668688
4,5,9,0.2506505417905184
7,2,9,NaN
5,4,9,0.21780701902471042
7,2,9,0.7099946859060099
7,2,9,0.8650076002264386
6,3,9,0.17502879170350574
8,1,9,NaN
2,7,9,0.6291723264168632
5,4,9,NaN
2,7,9,0.0008458818182283011
6,3,9,0.7099946859060099
4,5,9,0.5857933458990237
4,5,9,0.03778104220764422
3,6,9,0.8161143366824
5,4,9,0.4005674250897617
6,3,9,0.343879838105955
2,7,9,0.21780701902471042
7,2,9,NaN
3,6,9,0.9703220335374653
4,5,9,0.49760645166926687
4,5,9,0.08509261982872529
3,6,9,0.5857933458990237
5,4,9,0.21780701902471042
2,7,9,0.041655030385332976
7,2,9,0.7742996008795586
3,6,9,0.08509261982872529
6,3,9,0.21254429338326244
8,1,9,NaN
1,8,9,0.285231730350609
3,6,9,0.0640450458600324
6,3,9,0.04865788038130383
6,3,9,0.2506505417905184
5,4,9,0.02545072070309252
7,2,9,0.7099946859060099
4,5,9,0.9370946320424296
2,7,9,0.24910910032826963
3,6,9,0.07170107740691434
5,4,9,NaN
3,6,9,0.1921949779446829
4,5,9,0.21655951435691992
6,3,9,0.6711868417913297
6,3,9,0.19636139116469697
5,4,9,0.06691677702852893
4,5,9,0.06616154104309274
3,6,9,0.16636375155813257
5,4,9,0.7435026469914164
3,6,9,0.5436724551002615
6,3,9,0.8227750312313115
6,3,9,0.8014889144615878
1,8,9,0.6711868417913297
3,6,9,0.37624387705879747
6,3,9,0.48721774373970583
9,0,9,0.14864355262654982
3,6,9,0.6590890465169467
3,6,9,0.8014889144615878
3,6,9,0.14701094102636791
3,6,9,0.44866759124185646
7,2,9,0.5436724551002615
3,6,9,0.12850144349580897
4,5,9,0.4005674250897617
5,4,9,0.49760645166926687
6,3,9,0.912484067245082
4,5,9,0.5436724551002615
5,4,9,0.1921949779446829
6,3,9,NaN
4,5,9,0.49760645166926687
4,5,9,0.8255935837441757
3,6,9,0.21780701902471042
6,3,9,NaN
5,4,9,NaN
4,5,9,0.4761969481684567
1,8,9,NaN
5,4,9,0.9101578846703543
2,7,9,0.15225974176003185
6,3,9,0.16892676507977705
3,6,9,0.12123267305519134
3,6,9,0.00565340710434036
1,8,9,0.8650076002264386
5,4,9,NaN
5,4,9,0.6291723264168632
7,2,9,0.6711868417913297
6,3,9,0.7742996008795586
5,4,9,0.0981462602611937
4,5,9,0.8975048543322908
3,6,9,0.8650076002264386
7,2,9,0.9166121839973791
7,2,9,0.07620839506331295
8,1,9,0.020724062087912304
4,5,9,0.8443751802692442
2,7,9,0.4627147381092685
7,2,9,0.964109046255293
6,3,9,NaN
3,6,9,0.0981462602611937
4,5,9,0.21780701902471042
3,6,9,0.9370946320424296
7,2,9,NaN
5,4,9,0.0981462602611937
6,3,9,0.3892766101092161
1,8,9,0.4034646490648176
1,8,9,NaN
7,2,9,NaN
6,3,9,0.8824229336212897
8,1,9,0.8460613307452832
4,5,9,NaN
2,7,9,NaN
5,4,9,NaN
3,6,9,0.6291723264168632
7,2,9,1.292404823132561e-9
5,4,9,0.9248188631309939
5,4,9,0.44866759124185646
8,1,9,NaN
5,4,9,0.614037212155831
9,0,9,0.3378421466959282
6,3,9,0.32204760611626027
5,4,9,NaN
5,4,9,0.5829662015101225
8,1,9,0.07333332776114183
4,5,9,0.0981462602611937
8,1,9,0.1921949779446829
3,6,9,0.285231730350609
3,6,9,0.03588614454609771
6,3,9,NaN
2,7,9,NaN
3,6,9,NaN
3,6,9,0.9817557942342455
5,4,9,NaN
5,4,9,NaN
2,7,9,0.21780701902471042
3,6,9,0.46605207351318106
9,0,9,NaN
6,3,9,0.12577434055519163
2,7,9,NaN
1,8,9,0.003694650534018667
1,8,9,0.5436724551002615
6,3,9,NaN
6,3,9,NaN
5,4,9,0.7099946859060099
5,4,9,0.7550398621516109
5,4,9,0.11089559189844835
3,6,9,0.04192418074988385
6,3,9,NaN
1,8,9,NaN
2,7,9,NaN
6,3,9,0.00021437185059894527
4,5,9,0.2506505417905184
3,6,9,0.12850144349580897
4,5,9,0.6213443615869306
3,6,9,0.003267019220401299
4,5,9,0.16892676507977705
4,5,9,0.35918334633262433
3,6,9,0.7294185663537489
3,6,9,0.12850144349580897
8,1,9,0.5857933458990237
4,5,9,NaN
8,1,9,0.00015027163265091036
5,4,9,0.9059951582499103
1,8,9,NaN
7,2,9,0.0981462602611937
4,5,9,0.2506505417905184
4,5,9,NaN
1,8,9,0.8975048543322908
1,8,9,NaN
5,4,9,NaN
3,6,9,0.9481906106540485
6,3,9,0.0981462602611937
5,4,9,0.8673274626307655
2,7,9,0.285231730350609
4,5,9,0.020724062087912304
4,5,9,0.9481906106540485
5,4,9,0.041655030385332976
5,4,9,0.9817557942342455
5,4,9,0.5086600681651896
9,0,9,0.6711868417913297
8,1,9,0.07398859749715625
3,6,9,0.008734279918894524
2,7,9,0.025099440855639952
4,5,9,NaN
3,6,9,0.0640450458600324
2,7,9,0.030420396027195238
6,3,9,0.35918334633262433
3,6,9,0.0981462602611937
4,5,9,0.5050026152244361
9,0,9,0.24222760656988693
3,6,9,0.4586857815899473
4,5,9,0.8477885022596601
1,8,9,NaN
4,5,9,0.7896667478009416
4,5,9,NaN
7,2,9,0.5857933458990237
2,7,9,0.003922415513183164
2,7,9,0.11225219921941293
1,8,9,0.2506505417905184
8,1,9,NaN
2,7,9,NaN
6,3,9,0.912484067245082
1,8,9,0.9841736510144802
8,1,9,NaN
1,8,9,0.6743016859175012
7,2,9,NaN
4,5,9,0.7742996008795586
5,4,9,0.4005674250897617
2,7,9,0.5857933458990237
5,4,9,0.02766704178145161
6,3,9,0.17507513272463682
8,1,9,0.037343032461963535
7,2,9,0.5857933458990237
5,4,9,0.1921949779446829
4,5,9,NaN
4,5,9,0.0817292849849332
4,5,9,0.9438702917550484
3,6,9,0.35918334633262433
3,6,9,0.0981462602611937
8,1,9,0.14701094102636791
9,0,9,0.004684435545042845
7,2,9,NaN
3,6,9,0.02766704178145161
2,7,9,0.2464547751320804
2,7,9,0.15225974176003185
2,7,9,0.01521942819118006
2,7,9,0.028616184812928398
4,5,9,0.35918334633262433
3,6,9,NaN
2,7,9,0.8030051953682895
9,0,9,0.7860532058335029
4,5,9,NaN
7,2,9,0.8255935837441757
2,7,9,0.9255431095586868
4,5,9,NaN
6,3,9,0.45922163999190946
3,6,9,0.8255935837441757
3,6,9,0.05631407900959844
2,7,9,0.7742996008795586
7,2,9,NaN
5,4,9,0.6291723264168632
3,6,9,NaN
6,3,9,0.027564002138835392
5,4,9,0.010590872004956719
4,5,9,0.03184441363446245
3,6,9,0.004194911667827694
8,1,9,0.525166588033197
7,2,9,0.9862691009837826
5,4,9,NaN
4,5,9,0.038555308422244194
5,4,9,0.285231730350609
2,7,9,NaN
5,4,9,4.925927957140097e-6
1,8,9,NaN
6,3,9,NaN
4,5,9,NaN
6,3,9,0.8320381655987559
3,6,9,NaN
8,1,9,0.2506505417905184
4,5,9,0.6620207103372565
4,5,9,NaN
4,5,9,0.44866759124185646
4,5,9,0.017165566910391988
6,3,9,NaN
3,6,9,0.7373624420132545
3,6,9,NaN
5,4,9,0.44866759124185646
5,4,9,0.8650076002264386
8,1,9,0.2621858592151264
2,7,9,0.6774294741728581
3,6,9,0.017885932416267757
2,7,9,NaN
4,5,9,0.9703220335374653
3,6,9,0.7622932319707106
4,5,9,NaN
5,4,9,0.2506505417905184
4,5,9,0.7435026469914164
1,8,9,0.3128300015079088
2,7,9,0.11225219921941293
1,8,9,0.747794710211608
3,6,9,0.2506505417905184
2,7,9,0.830475907645198
1,8,9,0.4435125150761472
1,8,9,NaN
2,7,9,NaN
5,4,9,0.2847751809883825
7,2,9,NaN
4,5,9,0.21780701902471042
2,7,9,0.2506505417905184
3,6,9,NaN
8,1,9,NaN
2,7,9,NaN
2,7,9,NaN
3,6,9,0.32204760611626027
3,6,9,0.7435026469914164
1,8,9,0.32204760611626027
2,7,9,0.8255935837441757
1,8,9,0.003298795973827736
1,8,9,0.015236073982683262
5,4,9,0.6492389358819357
5,4,9,0.9963401800767422
5,4,9,0.7742996008795586
2,7,9,NaN
5,4,9,0.32204760611626027
6,3,9,0.9255431095586868
2,7,9,0.5290714002264988
3,6,9,0.44866759124185646
5,4,9,NaN
6,3,9,NaN
5,4,9,0.860557968458434
3,6,9,0.8383572362377031
6,3,9,0.2506505417905184
6,3,9,0.6291723264168632
2,7,9,NaN
4,5,9,0.7518417057437864
3,6,9,0.32204760611626027
4,5,9,NaN
4,5,9,NaN
3,6,9,0.0981462602611937
5,4,9,0.0640450458600324
2,7,9,0.7099946859060099
1,8,9,0.03737504119612238
4,5,9,0.49760645166926687
2,7,9,NaN
3,6,9,0.5857933458990237
3,6,9,0.044294216169714046
3,6,9,0.06127998545721719
3,6,9,NaN
1,8,9,NaN
2,7,9,0.0640450458600324
1,8,9,0.14701094102636791
2,7,9,0.020724062087912304
4,5,9,NaN
3,6,9,NaN
3,6,9,0.8030051953682895
2,7,9,0.49760645166926687
3,6,9,0.0036263161617909254
2,7,9,NaN
1,8,9,NaN
2,7,9,0.8460613307452832
1,8,9,NaN
5,4,9,0.03699915555555507
2,7,9,0.03699915555555507
5,4,9,NaN
4,5,9,NaN
4,5,9,0.9481906106540485
1,8,9,0.5857933458990237
4,5,9,NaN
2,7,9,0.0640450458600324
7,2,9,0.8255935837441757
3,6,9,0.0018872732421826948
2,7,9,NaN
4,5,9,0.053158281361156086
4,5,9,0.590221733625613
5,4,9,0.3449774259020194
3,6,9,0.49760645166926687
3,6,9,0.9370946320424296
2,7,9,0.136960755016876
3,6,9,0.050071808033676016
4,5,9,0.8255935837441757
3,6,9,0.1921949779446829
1,8,9,0.300958548138368
1,8,9,NaN
1,8,9,0.16892676507977705
3,6,9,NaN
1,8,9,0.5436724551002615
4,5,9,0.07692418950206077
7,2,9,0.2506505417905184
2,7,9,NaN
1,8,9,0.7435026469914164
4,5,9,0.44866759124185646
3,6,9,2.5161838592089738e-6
3,6,9,0.5436724551002615
3,6,9,0.8650076002264386
3,6,9,0.5929343495419146
2,7,9,0.7099946859060099
3,6,9,0.7099946859060099
1,8,9,0.05631407900959844
2,7,9,0.4358515277141047
1,8,9,NaN
4,5,9,NaN
1,8,9,0.6291723264168632
6,3,9,0.7435026469914164
2,7,9,0.7435026469914164
1,8,9,0.4064156163554101
1,8,9,NaN
1,8,9,0.8650076002264386
2,7,9,0.285231730350609
2,7,9,0.023887454499875376
4,5,9,NaN
1,8,9,0.32430761314441253
2,7,9,0.9180379805408941
2,7,9,0.09575499505217593
5,4,9,0.11980380582889294
1,8,9,0.07398859749715625
1,8,9,0.12850144349580897
1,8,9,NaN
3,6,9,0.35918334633262433
2,7,9,0.7099946859060099
1,8,9,0.08509261982872529
4,5,9,0.1921949779446829
3,6,9,0.39182266129087806
6,3,9,0.8650076002264386
6,3,9,0.4717690918996032
2,7,9,0.49760645166926687
3,6,9,0.014304700817937612
3,6,9,0.4176633931058637
1,8,9,0.9703220335374653
1,8,9,0.9986714817873151
2,7,9,0.1921949779446829
4,5,9,NaN
3,6,9,NaN
3,6,9,0.9370946320424296
4,5,9,0.49760645166926687
2,7,9,0.0016156076374795457
9,0,9,0.6711868417913297
6,3,9,0.8255935837441757
4,5,9,0.9370946320424296
2,7,9,0.8339990739474855
4,5,9,0.14701094102636791
2,7,9,0.0640450458600324
3,6,9,0.8255935837441757
1,8,9,0.10800842795366589
2,7,9,0.7622932319707106
1,8,9,8.957951220625746e-5
4,5,9,0.8014889144615878
1,8,9,0.7543594470103514
2,7,9,0.5857933458990237
5,4,9,0.964109046255293
2,7,9,NaN
2,7,9,0.32204760611626027
6,3,9,0.09446006809837883
1,8,9,0.8124238838051626
4,5,9,0.8255935837441757
1,8,9,NaN
1,8,9,0.03737504119612238
3,6,9,NaN
3,6,9,0.020724062087912304
4,5,9,0.05426046949530974
2,7,9,0.21780701902471042
2,7,9,NaN
2,7,9,0.0005198842962458738
3,6,9,0.5436724551002615
1,8,9,NaN
3,6,9,NaN
3,6,9,0.12850144349580897
2,7,9,NaN
3,6,9,0.0026543834196871693
3,6,9,NaN
4,5,9,0.9481906106540485
1,8,9,0.7099946859060099
2,7,9,0.21780701902471042
2,7,9,0.44866759124185646
4,5,9,0.9764973997616925
1,8,9,0.9928169178499623
1,8,9,NaN
4,5,9,NaN
1,8,9,NaN
2,7,9,0.7435026469914164
5,4,9,0.7099946859060099
1,8,9,0.06041708559184389
2,7,9,NaN
2,7,9,0.8339990739474855
6,3,9,0.9703220335374653
2,7,9,0.005532375120196342
1,8,9,NaN
1,8,9,0.00018556413098629387
4,5,9,NaN
1,8,9,0.05631407900959844
1,8,9,0.03184441363446245
1,8,9,NaN
1,8,9,0.21780701902471042
2,7,9,0.07398859749715625
1,8,9,0.041655030385332976
1,8,9,0.35918334633262433
1,8,9,0.285231730350609
2,7,9,NaN
2,7,9,0.44866759124185646
1,8,9,NaN
2,7,9,0.7435026469914164
3,6,9,0.25635312546880307
1,8,9,0.16892676507977705
2,7,9,0.7435026469914164
2,7,9,0.011642121182549902
1,8,9,NaN
1,8,9,0.5436724551002615
2,7,9,0.017885932416267757
5,4,9,NaN
4,5,9,0.3149742872603093
1,8,9,0.08509261982872529
3,6,9,NaN
1,8,9,NaN
1,8,9,0.38936923824745223
1,8,9,0.1921949779446829
2,7,9,0.8255935837441757
1,8,9,0.8975048543322908
1,8,9,NaN
1,8,9,0.8124238838051626
0,9,9,0.025122482694376634
0,9,9,NaN
0,9,9,7.419857142466581e-5
0,9,9,0.9703220335374653
0,9,9,NaN
0,9,9,NaN
0,9,9,0.285231730350609
0,9,9,NaN
0,9,9,0.4005674250897617
0,9,9,NaN
0,9,9,NaN
0,9,9,NaN
0,9,9,NaN
0,9,9,0.32204760611626027
0,9,9,NaN
0,9,9,0.39577490565369683
0,9,9,0.0640450458600324
0,9,9,0.027710282147793572
0,9,9,0.912484067245082
0,9,9,NaN
0,9,9,0.0640450458600324
0,9,9,0.2506505417905184
0,9,9,NaN
0,9,9,NaN
0,9,9,0.5436724551002615
0,9,9,0.19181016682339208
0,9,9,NaN
0,9,9,0.8460613307452832
0,9,9,NaN
0,9,9,0.1468582447871547
0,9,9,0.07398859749715625
0,9,9,0.05723418747978489
0,9,9,0.4034646490648176
0,9,9,0.2208805808629056
0,9,9,NaN
0,9,9,0.21780701902471042
0,9,9,NaN
0,9,9,0.964109046255293
0,9,9,0.8769924294180903
0,9,9,NaN
0,9,9,0.12850144349580897
0,9,9,NaN
0,9,9,0.1762388629383629
0,9,9,0.0981462602611937
0,9,9,NaN
0,9,9,0.285231730350609
0,9,9,0.03184441363446245
0,9,9,NaN
0,9,9,0.6928104706547061
0,9,9,NaN
0,9,9,NaN
0,9,9,NaN
0,9,9,0.04865788038130383
0,9,9,0.9564517636473293
0,9,9,NaN
0,9,9,0.8014889144615878
0,9,9,NaN
0,9,9,0.7099946859060099
0,9,9,NaN
0,9,9,0.1921949779446829
0,9,9,NaN
0,9,9,0.285231730350609
0,9,9,0.4005674250897617
0,9,9,4.801623845990566e-8
0,9,9,0.7742996008795586
0,9,9,0.35918334633262433
0,9,9,0.49840814571099096
0,9,9,NaN
0,9,9,0.9357256735057992
0,9,9,0.21780701902471042
0,9,9,NaN
0,9,9,0.285231730350609
0,9,9,0.21780701902471042
0,9,9,NaN
0,9,9,0.18794145528328754
0,9,9,0.285231730350609
0,9,9,NaN
0,9,9,NaN
0,9,9,0.07398859749715625
0,9,9,0.35918334633262433
0,9,9,0.9564517636473293
0,9,9,NaN
0,9,9,0.11225219921941293
7,1,8,NaN
3,5,8,0.0981462602611937
3,5,8,0.6711868417913297
5,3,8,NaN
5,3,8,0.8255935837441757
1,7,8,0.1396261103663417
3,5,8,0.32204760611626027
3,5,8,0.9703220335374653
3,5,8,0.11225219921941293
5,3,8,0.9703220335374653
3,5,8,0.7435026469914164
8,0,8,NaN
5,3,8,0.3603755685418837
5,3,8,0.12850144349580897
4,4,8,0.4190050692652784
6,2,8,3.660366671955963e-5
5,3,8,0.5857933458990237
5,3,8,NaN
5,3,8,0.35918334633262433
6,2,8,0.4694329356398077
6,2,8,0.023887454499875376
8,0,8,0.6173915728153099
2,6,8,0.03699915555555507
8,0,8,0.8255935837441757
7,1,8,0.44866759124185646
3,5,8,0.2506505417905184
4,4,8,0.4005674250897617
2,6,8,0.013601237144946144
2,6,8,0.8975048543322908
2,6,8,0.49760645166926687
8,0,8,0.21780701902471042
3,5,8,0.09432037326428704
3,5,8,0.5857933458990237
2,6,8,0.15225974176003185
4,4,8,0.3276267082072146
4,4,8,0.018662574058805562
7,1,8,NaN
8,0,8,0.7236122885737493
3,5,8,0.9862691009837826
7,1,8,NaN
6,2,8,0.41670917247005984
3,5,8,NaN
3,5,8,NaN
5,3,8,0.8650076002264386
6,2,8,0.004079717861205951
5,3,8,0.0981462602611937
2,6,8,0.14701094102636791
8,0,8,0.42401200702178166
6,2,8,0.9928169178499623
5,3,8,0.35918334633262433
1,7,8,0.02332453404467686
5,3,8,0.6423297940369653
3,5,8,0.32204760611626027
6,2,8,0.6711868417913297
3,5,8,0.6959643473799474
2,6,8,NaN
6,2,8,0.7099946859060099
4,4,8,0.9370946320424296
7,1,8,0.06982178491411606
3,5,8,NaN
6,2,8,NaN
5,3,8,NaN
4,4,8,NaN
6,2,8,0.763533738372216
8,0,8,0.011150554131202653
3,5,8,0.7742996008795586
4,4,8,0.6291723264168632
6,2,8,NaN
7,1,8,0.0981462602611937
2,6,8,0.014820260770363448
8,0,8,0.6291723264168632
6,2,8,NaN
4,4,8,0.3951593676692903
4,4,8,NaN
7,1,8,NaN
1,7,8,0.7246687797630548
7,1,8,0.1921949779446829
3,5,8,NaN
5,3,8,NaN
4,4,8,0.7742996008795586
7,1,8,0.8014889144615878
8,0,8,0.2506505417905184
4,4,8,0.7742996008795586
4,4,8,0.44866759124185646
7,1,8,0.7832860406875137
5,3,8,0.9180379805408941
4,4,8,0.7742996008795586
7,1,8,0.588097493052902
6,2,8,0.17953084396000635
5,3,8,0.1874862310138764
5,3,8,NaN
3,5,8,0.876232550069811
2,6,8,0.4005674250897617
7,1,8,0.3562167783035406
2,6,8,NaN
3,5,8,0.285231730350609
2,6,8,0.5773318836269442
4,4,8,0.3154962015657881
3,5,8,0.12850144349580897
6,2,8,0.8460613307452832
4,4,8,0.24017139292446152
7,1,8,0.9481906106540485
6,2,8,0.6291723264168632
6,2,8,NaN
8,0,8,0.1204874454357654
7,1,8,0.964109046255293
7,1,8,NaN
4,4,8,0.35918334633262433
7,1,8,NaN
5,3,8,0.8824229336212897
2,6,8,0.10392787978555999
8,0,8,0.10199479974911917
6,2,8,0.21780701902471042
3,5,8,0.0793966816841033
4,4,8,9.373001889528678e-8
5,3,8,0.03699915555555507
6,2,8,0.11225219921941293
4,4,8,NaN
6,2,8,0.037990888346919736
6,2,8,0.5795182129314523
8,0,8,NaN
7,1,8,NaN
1,7,8,0.7742996008795586
7,1,8,0.9243509314050213
6,2,8,0.7742996008795586
6,2,8,NaN
6,2,8,0.35918334633262433
5,3,8,0.013200901920282025
6,2,8,0.20908127514747638
7,1,8,0.4320723898288851
5,3,8,0.44866759124185646
5,3,8,0.4694329356398077
6,2,8,0.19642514689073237
6,2,8,0.35918334633262433
2,6,8,0.12850144349580897
4,4,8,0.041655030385332976
3,5,8,0.9564517636473293
8,0,8,0.6291723264168632
5,3,8,NaN
3,5,8,0.4435125150761472
5,3,8,0.8542677613919532
5,3,8,0.44866759124185646
3,5,8,0.7759806386975252
1,7,8,0.0002462857646466142
1,7,8,0.44866759124185646
4,4,8,0.07886153930589634
3,5,8,0.9370946320424296
8,0,8,0.0640450458600324
1,7,8,0.08509261982872529
7,1,8,NaN
3,5,8,NaN
3,5,8,0.2771826342958244
2,6,8,0.14934631429431527
3,5,8,0.6711868417913297
6,2,8,0.7099946859060099
7,1,8,0.7628476314580179
6,2,8,NaN
7,1,8,0.529426467315798
4,4,8,NaN
8,0,8,0.6711868417913297
6,2,8,0.9370946320424296
3,5,8,0.24297509196410486
3,5,8,NaN
4,4,8,NaN
4,4,8,0.8460613307452832
2,6,8,0.7127780267065258
5,3,8,0.6716310091932963
1,7,8,0.3509874697750058
2,6,8,0.44866759124185646
6,2,8,0.8996668849240429
7,1,8,0.49760645166926687
7,1,8,NaN
8,0,8,0.08065404419984161
2,6,8,NaN
6,2,8,0.0077819770623172475
5,3,8,0.7122366093465062
7,1,8,0.35918334633262433
6,2,8,NaN
7,1,8,0.5857933458990237
7,1,8,NaN
7,1,8,NaN
6,2,8,0.0640450458600324
5,3,8,NaN
2,6,8,0.8650076002264386
5,3,8,0.21780701902471042
5,3,8,NaN
6,2,8,0.8014889144615878
4,4,8,0.7742996008795586
2,6,8,0.736784769607655
5,3,8,NaN
5,3,8,NaN
6,2,8,0.7742996008795586
3,5,8,0.8975048543322908
5,3,8,NaN
4,4,8,0.1921949779446829
8,0,8,0.03184441363446245
3,5,8,0.5748394179789038
3,5,8,0.5436724551002615
4,4,8,0.5846676016674762
5,3,8,NaN
2,6,8,5.6781724324097014e-6
3,5,8,0.46605934027100304
2,6,8,NaN
6,2,8,2.261580335607132e-5
6,2,8,7.230682201927067e-6
7,1,8,0.326258887220687
4,4,8,0.04721881219427182
8,0,8,0.35918334633262433
5,3,8,0.6021358596274022
3,5,8,0.9348933826562558
1,7,8,0.017885932416267757
7,1,8,0.9841657033275788
8,0,8,0.006531896091517178
6,2,8,0.6711868417913297
7,1,8,NaN
4,4,8,NaN
3,5,8,NaN
8,0,8,NaN
4,4,8,0.8014889144615878
7,1,8,0.5857933458990237
5,3,8,0.7721601492724696
2,6,8,NaN
4,4,8,0.7099946859060099
5,3,8,0.9564517636473293
8,0,8,0.18621059641810223
5,3,8,0.8255935837441757
6,2,8,NaN
4,4,8,0.5973601378544783
3,5,8,0.35918334633262433
8,0,8,0.27222324936018977
6,2,8,0.8650076002264386
3,5,8,0.001461467461268543
7,1,8,NaN
5,3,8,0.24877666473693086
1,7,8,0.6291723264168632
3,5,8,0.1921949779446829
4,4,8,0.0008446752982372086
8,0,8,0.8014889144615878
4,4,8,NaN
5,3,8,0.003990059331566645
3,5,8,NaN
5,3,8,NaN
2,6,8,NaN
6,2,8,0.5857933458990237
4,4,8,NaN
5,3,8,NaN
6,2,8,0.02766704178145161
8,0,8,0.4005674250897617
3,5,8,0.8975048543322908
3,5,8,0.14701094102636791
7,1,8,0.16892676507977705
4,4,8,0.35918334633262433
4,4,8,NaN
4,4,8,0.6711868417913297
4,4,8,NaN
8,0,8,0.9255431095586868
1,7,8,0.5436724551002615
4,4,8,0.011584933151512825
4,4,8,0.045327907533972485
2,6,8,0.4005674250897617
5,3,8,0.04236863890074497
5,3,8,0.04865788038130383
5,3,8,0.9619899253719829
2,6,8,NaN
4,4,8,0.14032597143145725
2,6,8,NaN
8,0,8,0.8013078354581997
5,3,8,0.08509261982872529
4,4,8,0.49760645166926687
3,5,8,0.11225219921941293
4,4,8,0.29543920922857464
8,0,8,0.8975048543322908
8,0,8,0.1921949779446829
7,1,8,NaN
3,5,8,0.38270549509931606
3,5,8,0.00023134818094974361
5,3,8,0.16892676507977705
6,2,8,0.041655030385332976
5,3,8,0.033271156182096855
3,5,8,0.9396090562025898
6,2,8,0.7834962692293777
5,3,8,0.8975048543322908
6,2,8,0.007812727257193439
6,2,8,NaN
4,4,8,NaN
4,4,8,0.9714181771999117
4,4,8,0.8824229336212897
3,5,8,5.285949424435922e-8
4,4,8,NaN
8,0,8,NaN
6,2,8,0.4830835394562083
3,5,8,NaN
7,1,8,0.12850144349580897
8,0,8,0.9370946320424296
5,3,8,0.7435026469914164
3,5,8,6.023630061150636e-6
4,4,8,NaN
8,0,8,0.5523967349713566
8,0,8,NaN
6,2,8,0.8824229336212897
2,6,8,0.38264319807270947
5,3,8,0.8650076002264386
4,4,8,NaN
7,1,8,0.5526198867379161
5,3,8,0.8030051953682895
1,7,8,0.44866759124185646
6,2,8,0.05900900299815698
8,0,8,NaN
5,3,8,1.6851451097042777e-7
6,2,8,NaN
4,4,8,0.23228136079480521
5,3,8,8.042658755057282e-5
3,5,8,NaN
8,0,8,0.14532909440083444
7,1,8,0.4522908194148179
5,3,8,0.9862691009837826
2,6,8,0.7435026469914164
2,6,8,0.4005674250897617
7,1,8,0.8014889144615878
6,2,8,0.8339990739474855
4,4,8,0.11225219921941293
7,1,8,0.6488026644013393
4,4,8,0.16892676507977705
7,1,8,0.8460613307452832
3,5,8,NaN
3,5,8,0.05631407900959844
2,6,8,0.6122503921055191
6,2,8,0.07930434751112984
6,2,8,0.5857933458990237
1,7,8,NaN
5,3,8,0.0981462602611937
4,4,8,0.5725039826488356
6,2,8,0.8460613307452832
5,3,8,0.912484067245082
1,7,8,0.7099946859060099
8,0,8,0.0027357097128129985
5,3,8,0.0014160325109013687
4,4,8,0.07412233993341909
4,4,8,0.0035173836524268177
3,5,8,NaN
6,2,8,NaN
3,5,8,NaN
6,2,8,0.009189665523477854
3,5,8,0.32204760611626027
6,2,8,NaN
7,1,8,NaN
8,0,8,0.593244806431962
4,4,8,0.8650076002264386
3,5,8,0.9964557356210554
6,2,8,0.0003815753880003723
3,5,8,0.8975048543322908
3,5,8,0.1921949779446829
7,1,8,0.8219848020119703
4,4,8,0.14771043410747825
3,5,8,0.2295771635222944
4,4,8,NaN
2,6,8,NaN
4,4,8,0.8014889144615878
8,0,8,NaN
5,3,8,0.10131117565782885
5,3,8,NaN
8,0,8,0.4733652064502353
3,5,8,NaN
7,1,8,0.011787632795379878
8,0,8,0.4101917504775575
6,2,8,0.49760645166926687
5,3,8,0.2506505417905184
6,2,8,0.4159984136617011
7,1,8,0.11225219921941293
7,1,8,0.12850144349580897
4,4,8,0.9564517636473293
6,2,8,0.2506505417905184
6,2,8,0.49760645166926687
1,7,8,0.14701094102636791
6,2,8,0.041655030385332976
7,1,8,0.6711868417913297
2,6,8,0.004079717861205951
3,5,8,0.6274048166422379
6,2,8,0.0828742287762305
5,3,8,NaN
1,7,8,0.42193379342909043
2,6,8,0.35918334633262433
4,4,8,NaN
7,1,8,0.5857933458990237
6,2,8,0.11427426265153248
4,4,8,0.0006879461424064831
3,5,8,0.7508491413866111
3,5,8,0.9370946320424296
2,6,8,NaN
8,0,8,0.8824229336212897
7,1,8,0.8014889144615878
4,4,8,0.5857933458990237
4,4,8,NaN
8,0,8,0.7667510028676167
2,6,8,0.6681086794399329
8,0,8,NaN
3,5,8,0.0007602975637821475
8,0,8,0.5857933458990237
7,1,8,NaN
6,2,8,0.8014889144615878
4,4,8,0.023887454499875376
5,3,8,NaN
5,3,8,0.05679685982454394
6,2,8,0.5857933458990237
8,0,8,NaN
3,5,8,0.7099946859060099
5,3,8,NaN
8,0,8,NaN
8,0,8,0.00028641275507824694
7,1,8,0.4034646490648176
1,7,8,NaN
6,2,8,NaN
4,4,8,0.025416194199162537
3,5,8,0.12850144349580897
4,4,8,0.7099946859060099
5,3,8,NaN
2,6,8,0.01778917275416047
6,2,8,0.49760645166926687
3,5,8,0.912484067245082
5,3,8,0.7435026469914164
6,2,8,0.8255935837441757
6,2,8,0.49760645166926687
4,4,8,0.8537191367727913
3,5,8,0.11225219921941293
6,2,8,0.7435026469914164
4,4,8,0.722316116949625
5,3,8,0.1208263347958628
6,2,8,NaN
6,2,8,0.44511883529085744
8,0,8,0.9764973997616925
5,3,8,0.9564517636473293
4,4,8,0.007729784684007011
8,0,8,NaN
3,5,8,NaN
4,4,8,0.044294216169714046
8,0,8,NaN
1,7,8,0.6291723264168632
6,2,8,0.35918334633262433
1,7,8,0.9492805050384766
5,3,8,0.4679588303537371
3,5,8,0.9255431095586868
6,2,8,0.12850144349580897
3,5,8,NaN
4,4,8,0.0002758419674329257
4,4,8,0.0981462602611937
4,4,8,0.9899262932434983
4,4,8,0.35918334633262433
5,3,8,0.5631701519375749
5,3,8,NaN
3,5,8,0.1921949779446829
8,0,8,NaN
5,3,8,0.6291723264168632
5,3,8,NaN
5,3,8,NaN
5,3,8,0.2506505417905184
2,6,8,NaN
6,2,8,NaN
6,2,8,NaN
3,5,8,0.3487329678553452
1,7,8,0.006514576717819695
6,2,8,NaN
8,0,8,0.8824229336212897
5,3,8,0.7220246360186758
2,6,8,NaN
5,3,8,0.9564517636473293
2,6,8,0.04865788038130383
6,2,8,0.8650076002264386
3,5,8,NaN
4,4,8,0.8255935837441757
6,2,8,0.7742996008795586
3,5,8,0.12850144349580897
2,6,8,0.02766704178145161
6,2,8,NaN
3,5,8,0.9729105037992365
3,5,8,NaN
5,3,8,NaN
6,2,8,0.05631407900959844
2,6,8,0.6711868417913297
4,4,8,0.11225219921941293
2,6,8,0.6301487994068279
6,2,8,0.9648513268551209
1,7,8,0.05631407900959844
1,7,8,0.9947688305796785
3,5,8,0.041655030385332976
8,0,8,NaN
4,4,8,NaN
3,5,8,0.5857933458990237
2,6,8,NaN
2,6,8,NaN
4,4,8,0.4005674250897617
8,0,8,0.04132581053795413
5,3,8,NaN
8,0,8,0.285231730350609
2,6,8,NaN
5,3,8,0.05484207877759006
5,3,8,NaN
4,4,8,0.1924789712975311
5,3,8,0.4005674250897617
3,5,8,0.6291723264168632
4,4,8,0.4425799773485151
4,4,8,0.7099946859060099
1,7,8,0.9481906106540485
3,5,8,0.08509261982872529
2,6,8,0.16892676507977705
4,4,8,0.21145176725373
5,3,8,0.03184441363446245
7,1,8,0.0981462602611937
6,2,8,NaN
8,0,8,0.5857933458990237
5,3,8,0.6711868417913297
6,2,8,0.44866759124185646
4,4,8,0.5857933458990237
3,5,8,0.976848437679245
3,5,8,0.35918334633262433
7,1,8,0.14687594098730328
2,6,8,0.8975048543322908
3,5,8,NaN
3,5,8,0.1543411760222029
4,4,8,0.8460613307452832
4,4,8,0.343879838105955
3,5,8,0.014820260770363448
1,7,8,0.5436724551002615
5,3,8,NaN
3,5,8,0.026913239465797656
6,2,8,0.912484067245082
4,4,8,NaN
3,5,8,0.013135794871795524
2,6,8,0.4005674250897617
4,4,8,NaN
5,3,8,0.05427344483413832
5,3,8,NaN
4,4,8,0.9899262932434983
4,4,8,0.0640450458600324
4,4,8,0.023887454499875376
4,4,8,0.9481906106540485
6,2,8,0.21178185025316695
6,2,8,0.1651757667975257
6,2,8,NaN
4,4,8,0.22376080292712028
2,6,8,0.7435026469914164
8,0,8,NaN
2,6,8,0.20940303286125617
6,2,8,NaN
7,1,8,0.573340734184012
6,2,8,0.574467765601874
8,0,8,NaN
8,0,8,0.017885932416267757
7,1,8,NaN
4,4,8,0.8014889144615878
6,2,8,0.21780701902471042
3,5,8,NaN
6,2,8,0.02006541401056627
5,3,8,NaN
8,0,8,0.9978058439811702
3,5,8,0.8014889144615878
5,3,8,0.285231730350609
6,2,8,0.5857933458990237
2,6,8,0.8125182139029727
8,0,8,0.8761019782831891
4,4,8,NaN
6,2,8,0.0048711318422668464
6,2,8,0.277680116211324
6,2,8,0.964109046255293
4,4,8,0.3204827747934448
4,4,8,0.48675025184808224
3,5,8,0.012126145188771066
5,3,8,0.9370946320424296
7,1,8,0.05631407900959844
5,3,8,0.011479977316049748
7,1,8,0.9899262932434983
2,6,8,NaN
3,5,8,0.7568462303324522
8,0,8,0.2863085483814045
4,4,8,0.44866759124185646
8,0,8,0.8824229336212897
5,3,8,0.6711868417913297
4,4,8,0.6711868417913297
6,2,8,0.01802663432013808
3,5,8,0.5857933458990237
6,2,8,0.001357893890610946
6,2,8,NaN
5,3,8,0.5436724551002615
3,5,8,0.07398859749715625
1,7,8,NaN
5,3,8,NaN
7,1,8,0.9894258723339607
1,7,8,NaN
2,6,8,NaN
4,4,8,NaN
3,5,8,0.5857933458990237
5,3,8,0.2374732341533179
3,5,8,0.004715231185707418
2,6,8,0.8824229336212897
4,4,8,0.4425799773485151
5,3,8,0.020682623148186044
4,4,8,0.5857933458990237
2,6,8,0.4005674250897617
6,2,8,0.7435026469914164
2,6,8,0.30168664178244803
4,4,8,0.7742996008795586
4,4,8,0.06343508684599014
7,1,8,NaN
3,5,8,0.964109046255293
5,3,8,0.7046401913872677
6,2,8,NaN
3,5,8,0.16892676507977705
3,5,8,0.5857933458990237
3,5,8,0.912484067245082
4,4,8,0.5436724551002615
3,5,8,0.00022372708647068685
4,4,8,NaN
5,3,8,0.011172931809522797
4,4,8,0.9841736510144802
3,5,8,NaN
1,7,8,NaN
3,5,8,NaN
4,4,8,NaN
6,2,8,0.05496920752790115
3,5,8,0.04872067837602193
3,5,8,0.20940303286125617
3,5,8,NaN
1,7,8,0.21780701902471042
8,0,8,0.08509261982872529
6,2,8,0.8824229336212897
3,5,8,0.4005674250897617
5,3,8,0.9564517636473293
6,2,8,0.6711868417913297
3,5,8,0.03438337791091513
4,4,8,0.7742996008795586
7,1,8,0.7435026469914164
8,0,8,0.9481906106540485
2,6,8,NaN
4,4,8,NaN
4,4,8,0.6291723264168632
7,1,8,0.32204760611626027
6,2,8,0.8460613307452832
3,5,8,0.7206179569992742
4,4,8,0.7435026469914164
2,6,8,0.9928169178499623
4,4,8,0.7099946859060099
4,4,8,NaN
3,5,8,0.14701094102636791
7,1,8,0.9862691009837826
5,3,8,0.31120881753021207
1,7,8,NaN
4,4,8,0.4566481635957917
3,5,8,0.8975048543322908
8,0,8,NaN
5,3,8,NaN
3,5,8,0.9255431095586868
5,3,8,0.23423255695371223
2,6,8,NaN
3,5,8,0.35918334633262433
4,4,8,0.6291723264168632
2,6,8,0.4435125150761472
3,5,8,NaN
7,1,8,0.5593367105921802
3,5,8,NaN
7,1,8,NaN
4,4,8,0.35918334633262433
1,7,8,0.9841736510144802
1,7,8,0.14701094102636791
1,7,8,NaN
2,6,8,0.4005674250897617
3,5,8,0.44866759124185646
3,5,8,0.6291723264168632
3,5,8,NaN
3,5,8,0.15948435013794615
5,3,8,NaN
4,4,8,0.5436724551002615
4,4,8,0.35918334633262433
4,4,8,0.5436724551002615
6,2,8,NaN
3,5,8,0.30557937030291243
4,4,8,NaN
5,3,8,0.4005674250897617
2,6,8,NaN
7,1,8,0.44866759124185646
2,6,8,NaN
4,4,8,0.8357920069527447
5,3,8,0.5721326229621576
1,7,8,0.1921949779446829
3,5,8,0.964109046255293
5,3,8,0.1921949779446829
5,3,8,0.8650076002264386
3,5,8,0.8912017687600428
1,7,8,NaN
4,4,8,NaN
5,3,8,0.6711868417913297
4,4,8,NaN
7,1,8,0.07398859749715625
4,4,8,NaN
6,2,8,0.9255431095586868
4,4,8,NaN
3,5,8,NaN
4,4,8,0.8783716166898478
3,5,8,0.1345717101625349
4,4,8,0.06046994294450161
4,4,8,0.7099946859060099
4,4,8,0.32816232784758337
2,6,8,NaN
6,2,8,0.16892676507977705
2,6,8,0.2506505417905184
6,2,8,0.6850073248949298
4,4,8,0.49760645166926687
6,2,8,NaN
3,5,8,0.8460613307452832
1,7,8,NaN
4,4,8,NaN
2,6,8,0.8197180276842714
5,3,8,0.7380462180477425
5,3,8,0.3218384899627843
1,7,8,0.609105721160942
3,5,8,0.9182958717560159
3,5,8,0.041655030385332976
2,6,8,0.4689529251075884
4,4,8,0.2506505417905184
2,6,8,0.041655030385332976
3,5,8,0.6711868417913297
5,3,8,0.7435026469914164
2,6,8,0.0981462602611937
2,6,8,NaN
5,3,8,NaN
5,3,8,0.7435026469914164
3,5,8,0.2925302080168306
4,4,8,0.8460613307452832
1,7,8,0.7435026469914164
5,3,8,0.8183125105377306
8,0,8,NaN
6,2,8,0.40035302586881477
6,2,8,NaN
5,3,8,0.326689216871626
2,6,8,NaN
2,6,8,0.6970781427081844
4,4,8,NaN
1,7,8,0.6291723264168632
4,4,8,NaN
5,3,8,0.4825595768763966
5,3,8,0.6291723264168632
2,6,8,0.3824112092473402
2,6,8,NaN
2,6,8,0.11225219921941293
2,6,8,0.44511883529085744
3,5,8,0.9723774699403427
3,5,8,0.7577610379389524
1,7,8,0.285231730350609
5,3,8,0.4005674250897617
3,5,8,0.24428556813855698
4,4,8,0.009189665523477854
5,3,8,0.5436724551002615
2,6,8,NaN
8,0,8,0.0981462602611937
5,3,8,0.05631407900959844
2,6,8,NaN
2,6,8,0.5857933458990237
5,3,8,7.605450772070143e-5
4,4,8,0.7742996008795586
3,5,8,0.5517115101458698
1,7,8,NaN
3,5,8,0.7847284153896225
5,3,8,0.20558647467953609
1,7,8,0.12014958284001422
2,6,8,0.4005674250897617
3,5,8,0.6291723264168632
5,3,8,NaN
6,2,8,0.6853845955430345
3,5,8,0.18294952309895152
5,3,8,0.7742996008795586
7,1,8,0.8395500949694206
2,6,8,0.16892676507977705
5,3,8,0.8975048543322908
6,2,8,0.3396327419560594
3,5,8,0.1949459623965229
3,5,8,0.8183125105377306
3,5,8,NaN
5,3,8,0.44866759124185646
3,5,8,NaN
4,4,8,0.32204760611626027
6,2,8,0.03690314286304449
3,5,8,0.4437568944930373
2,6,8,0.12850144349580897
5,3,8,0.42561242212413497
5,3,8,0.49760645166926687
2,6,8,0.5436724551002615
3,5,8,0.003439575424759879
3,5,8,0.8255935837441757
4,4,8,0.6291723264168632
2,6,8,0.35918334633262433
4,4,8,0.03219129735432314
4,4,8,NaN
4,4,8,NaN
5,3,8,NaN
7,1,8,0.8757218031125134
4,4,8,0.21780701902471042
2,6,8,0.16892676507977705
6,2,8,NaN
4,4,8,NaN
5,3,8,0.21780701902471042
3,5,8,NaN
3,5,8,0.9764973997616925
4,4,8,0.041655030385332976
7,1,8,0.21780701902471042
2,6,8,NaN
5,3,8,0.30997140632278397
1,7,8,0.8824229336212897
3,5,8,0.14701094102636791
7,1,8,0.002919173578574972
3,5,8,NaN
2,6,8,0.018399344840601184
3,5,8,0.03184441363446245
5,3,8,0.6173291337912311
2,6,8,0.08863830863355714
4,4,8,0.6711868417913297
4,4,8,0.49120166726641146
6,2,8,0.7811381904943622
2,6,8,0.5436724551002615
5,3,8,0.5436724551002615
4,4,8,0.5219006714571315
6,2,8,0.074791207984393
6,2,8,NaN
4,4,8,0.07797528307509231
1,7,8,0.7140187322957076
3,5,8,0.017533264681095454
4,4,8,0.5109804505795742
3,5,8,NaN
2,6,8,0.7029076503018906
1,7,8,0.029953311871282518
3,5,8,NaN
5,3,8,0.1546804773420123
2,6,8,0.285231730350609
5,3,8,0.7099946859060099
3,5,8,0.05636576208128776
7,1,8,0.011172931809522797
6,2,8,0.6986044899021137
3,5,8,0.26640865332852887
6,2,8,0.026668599460511862
4,4,8,NaN
4,4,8,0.44866759124185646
1,7,8,0.2506505417905184
2,6,8,NaN
4,4,8,NaN
6,2,8,0.49760645166926687
5,3,8,0.912484067245082
5,3,8,0.7435026469914164
6,2,8,0.025122482694376634
6,2,8,NaN
8,0,8,NaN
7,1,8,0.041655030385332976
3,5,8,0.6711868417913297
2,6,8,NaN
4,4,8,0.285231730350609
4,4,8,0.6306778776663972
5,3,8,NaN
5,3,8,0.9703220335374653
1,7,8,0.08591122857381722
4,4,8,NaN
8,0,8,0.2506505417905184
6,2,8,0.8014889144615878
4,4,8,0.9433315942859586
1,7,8,0.16892676507977705
3,5,8,0.015390686967911196
1,7,8,0.964109046255293
5,3,8,NaN
4,4,8,NaN
2,6,8,NaN
5,3,8,NaN
3,5,8,NaN
3,5,8,0.6711868417913297
2,6,8,NaN
5,3,8,0.03148700039286644
1,7,8,0.16479208636520978
2,6,8,0.4036543781249234
3,5,8,0.07398859749715625
4,4,8,NaN
3,5,8,0.044566951992371
2,6,8,NaN
3,5,8,NaN
3,5,8,0.6291723264168632
2,6,8,NaN
3,5,8,0.49760645166926687
4,4,8,0.025688187790312168
3,5,8,0.4669834907920683
2,6,8,0.4076156148176688
3,5,8,NaN
8,0,8,0.285231730350609
8,0,8,NaN
2,6,8,NaN
8,0,8,NaN
6,2,8,0.9817557942342455
4,4,8,0.6411230269557469
5,3,8,0.7190861385316478
4,4,8,0.8255935837441757
5,3,8,NaN
3,5,8,NaN
4,4,8,0.7562037793984295
7,1,8,0.35918334633262433
2,6,8,NaN
5,3,8,0.35918334633262433
4,4,8,0.35918334633262433
1,7,8,0.2925302080168306
1,7,8,0.21780701902471042
6,2,8,0.03219129735432314
3,5,8,0.7099946859060099
5,3,8,0.44866759124185646
3,5,8,0.32204760611626027
2,6,8,NaN
7,1,8,0.6711868417913297
7,1,8,0.2506505417905184
3,5,8,0.0981462602611937
2,6,8,0.7742996008795586
3,5,8,0.02571516411402175
2,6,8,0.44866759124185646
4,4,8,NaN
2,6,8,0.5857933458990237
3,5,8,0.21780701902471042
4,4,8,NaN
3,5,8,NaN
4,4,8,NaN
3,5,8,0.6999389594931513
2,6,8,0.8460613307452832
2,6,8,0.8607209791216649
1,7,8,0.7142493217102505
6,2,8,NaN
6,2,8,0.017885932416267757
3,5,8,0.6304651857064545
2,6,8,0.14701094102636791
2,6,8,0.014304700817937612
4,4,8,NaN
1,7,8,NaN
6,2,8,NaN
5,3,8,0.8269738332287646
1,7,8,0.08509261982872529
3,5,8,0.03184441363446245
2,6,8,0.0640450458600324
7,1,8,0.011375973872751919
7,1,8,NaN
1,7,8,0.8975048543322908
6,2,8,0.6291723264168632
1,7,8,0.20779535215795014
2,6,8,0.5436724551002615
3,5,8,NaN
5,3,8,0.8890914314183931
5,3,8,0.49760645166926687
3,5,8,NaN
5,3,8,NaN
3,5,8,0.8460613307452832
3,5,8,0.5436724551002615
5,3,8,NaN
5,3,8,0.0608267996489403
5,3,8,NaN
2,6,8,0.8255935837441757
2,6,8,0.18032011569382325
3,5,8,0.5889675776907163
2,6,8,0.017885932416267757
2,6,8,0.5129348874144404
5,3,8,0.44866759124185646
3,5,8,0.7435026469914164
2,6,8,NaN
2,6,8,0.7742996008795586
2,6,8,0.8563912342162112
2,6,8,0.9031609404634824
4,4,8,NaN
1,7,8,0.7383920438154589
4,4,8,NaN
4,4,8,NaN
6,2,8,NaN
2,6,8,NaN
3,5,8,0.07398859749715625
3,5,8,NaN
3,5,8,0.08509261982872529
2,6,8,NaN
4,4,8,NaN
5,3,8,0.06746275636101462
4,4,8,0.6711868417913297
5,3,8,0.4689529251075884
1,7,8,NaN
2,6,8,0.7841429461952462
2,6,8,0.009475629280410567
5,3,8,0.12850144349580897
5,3,8,0.2506505417905184
4,4,8,NaN
4,4,8,NaN
3,5,8,NaN
4,4,8,NaN
4,4,8,0.49760645166926687
3,5,8,0.7099946859060099
4,4,8,0.8312920881679056
1,7,8,0.9255431095586868
2,6,8,0.8014889144615878
4,4,8,0.059792594760248584
7,1,8,0.1921949779446829
2,6,8,0.5436724551002615
5,3,8,0.8460613307452832
2,6,8,0.32204760611626027
2,6,8,NaN
2,6,8,0.8460613307452832
4,4,8,0.9170336508265289
2,6,8,0.6711868417913297
2,6,8,NaN
3,5,8,NaN
1,7,8,0.46781068858275077
3,5,8,0.013135794871795524
1,7,8,0.8255935837441757
2,6,8,0.07599145083686219
3,5,8,0.45981814896263384
2,6,8,0.9703220335374653
4,4,8,0.8028329467372146
3,5,8,0.12850144349580897
2,6,8,0.0005952348322500795
2,6,8,0.44866759124185646
2,6,8,0.8014889144615878
1,7,8,0.8650076002264386
1,7,8,0.4717690918996032
3,5,8,0.5857933458990237
1,7,8,0.912484067245082
1,7,8,0.6711868417913297
1,7,8,0.07398859749715625
1,7,8,0.42050066674742675
1,7,8,0.21780701902471042
2,6,8,0.7610078746086668
2,6,8,0.025369901145524214
4,4,8,NaN
2,6,8,NaN
4,4,8,NaN
3,5,8,0.8014889144615878
1,7,8,NaN
2,6,8,0.7435026469914164
2,6,8,0.12850144349580897
2,6,8,0.14701094102636791
1,7,8,0.1478288957442496
1,7,8,0.6291723264168632
1,7,8,6.911419038188492e-8
4,4,8,0.8824229336212897
1,7,8,0.7944488592892044
2,6,8,0.285231730350609
1,7,8,NaN
4,4,8,NaN
2,6,8,NaN
4,4,8,NaN
1,7,8,NaN
1,7,8,0.03699915555555507
2,6,8,0.9963401800767422
2,6,8,0.6711868417913297
4,4,8,NaN
3,5,8,0.6711868417913297
3,5,8,0.35918334633262433
1,7,8,0.1921949779446829
2,6,8,0.6711868417913297
3,5,8,0.285231730350609
2,6,8,0.2506505417905184
2,6,8,NaN
1,7,8,0.912484067245082
1,7,8,NaN
1,7,8,NaN
2,6,8,NaN
1,7,8,0.7742996008795586
2,6,8,7.410004988334742e-9
2,6,8,0.8255935837441757
1,7,8,NaN
3,5,8,NaN
2,6,8,NaN
1,7,8,0.1921949779446829
1,7,8,NaN
1,7,8,0.8255935837441757
7,1,8,0.5335159755588744
2,6,8,0.285231730350609
1,7,8,0.5857933458990237
2,6,8,0.1921949779446829
1,7,8,0.49760645166926687
3,5,8,0.7742996008795586
1,7,8,0.8824229336212897
2,6,8,0.32204760611626027
2,6,8,0.593244806431962
2,6,8,0.7349609465555121
2,6,8,0.4005674250897617
4,4,8,0.9481906106540485
3,5,8,0.6711868417913297
2,6,8,0.4008347648570948
2,6,8,NaN
2,6,8,0.11225219921941293
4,4,8,0.9764973997616925
1,7,8,0.3983519267654628
4,4,8,0.03184441363446245
3,5,8,0.05631407900959844
2,6,8,0.011584933151512825
1,7,8,1.8870097751111725e-6
1,7,8,NaN
1,7,8,NaN
1,7,8,0.6711868417913297
1,7,8,0.7099946859060099
1,7,8,0.08509261982872529
1,7,8,0.5670401956914495
1,7,8,0.4586857815899473
1,7,8,NaN
1,7,8,0.6711868417913297
1,7,8,NaN
2,6,8,0.5857933458990237
2,6,8,0.6711868417913297
1,7,8,NaN
5,3,8,0.1921949779446829
2,6,8,0.25014888024084597
3,5,8,0.7863834599738388
1,7,8,0.912484067245082
1,7,8,0.1573439836296555
1,7,8,NaN
1,7,8,NaN
3,5,8,0.00018674680867728326
1,7,8,0.5857933458990237
2,6,8,0.9393012620234308
2,6,8,0.8014889144615878
2,6,8,0.015835438815265248
1,7,8,NaN
1,7,8,0.44511883529085744
1,7,8,NaN
4,4,8,0.1921949779446829
3,5,8,NaN
1,7,8,0.9894258723339607
1,7,8,0.4005674250897617
2,6,8,0.49760645166926687
2,6,8,0.8014889144615878
2,6,8,NaN
1,7,8,0.6711868417913297
1,7,8,NaN
1,7,8,0.5436724551002615
1,7,8,0.7099946859060099
1,7,8,0.49760645166926687
1,7,8,0.35918334633262433
2,6,8,0.5436724551002615
2,6,8,NaN
3,5,8,0.2506505417905184
1,7,8,0.04865788038130383
2,6,8,NaN
1,7,8,0.6291723264168632
1,7,8,0.18673657655100206
1,7,8,0.912484067245082
1,7,8,0.285231730350609
1,7,8,0.8255935837441757
1,7,8,0.8014889144615878
1,7,8,0.9255431095586868
2,6,8,0.08509261982872529
1,7,8,0.14701094102636791
2,6,8,0.00172960084946109
1,7,8,0.16892676507977705
1,7,8,0.12850144349580897
1,7,8,NaN
1,7,8,NaN
1,7,8,0.9423994673326692
1,7,8,0.2506505417905184
0,8,8,0.7742996008795586
0,8,8,0.0017345381062915705
0,8,8,NaN
0,8,8,4.919740519919856e-5
0,8,8,0.964109046255293
0,8,8,0.6291723264168632
0,8,8,NaN
0,8,8,0.059654551366613615
0,8,8,NaN
0,8,8,0.49373992019550184
0,8,8,0.4005674250897617
0,8,8,0.6817447532108764
0,8,8,0.5857933458990237
0,8,8,0.0086511623679141
0,8,8,0.5436724551002615
0,8,8,0.07398859749715625
0,8,8,0.6711868417913297
0,8,8,NaN
0,8,8,0.012309813611790503
0,8,8,NaN
0,8,8,NaN
0,8,8,0.3149742872603093
0,8,8,NaN
0,8,8,NaN
0,8,8,NaN
0,8,8,0.16892676507977705
0,8,8,NaN
0,8,8,NaN
0,8,8,NaN
0,8,8,NaN
0,8,8,0.5857933458990237
0,8,8,0.023887454499875376
0,8,8,NaN
0,8,8,NaN
0,8,8,0.0010552331911790804
0,8,8,0.7099946859060099
0,8,8,0.35918334633262433
0,8,8,NaN
0,8,8,0.11225219921941293
0,8,8,NaN
0,8,8,NaN
0,8,8,NaN
0,8,8,NaN
0,8,8,0.8650076002264386
0,8,8,0.912484067245082
0,8,8,2.0588420198306384e-5
0,8,8,0.32204760611626027
0,8,8,0.05631407900959844
0,8,8,0.5436724551002615
0,8,8,NaN
0,8,8,0.0003248658590175451
0,8,8,0.07398859749715625
0,8,8,NaN
0,8,8,0.5857933458990237
0,8,8,0.8014889144615878
0,8,8,NaN
0,8,8,0.12850144349580897
0,8,8,NaN
0,8,8,0.5389559291536357
0,8,8,NaN
0,8,8,0.006531896091517178
0,8,8,NaN
0,8,8,0.285231730350609
0,8,8,0.44866759124185646
0,8,8,NaN
0,8,8,NaN
0,8,8,NaN
0,8,8,0.4005674250897617
0,8,8,NaN
0,8,8,0.44866759124185646
0,8,8,NaN
0,8,8,0.17183230963723786
0,8,8,NaN
0,8,8,0.0640450458600324
0,8,8,NaN
0,8,8,NaN
0,8,8,NaN
0,8,8,0.630251712210152
0,8,8,0.639330161635253
0,8,8,0.4005674250897617
0,8,8,0.9370946320424296
0,8,8,0.5436724551002615
0,8,8,0.912484067245082
0,8,8,NaN
0,8,8,0.16892676507977705
0,8,8,0.968423445457922
0,8,8,0.5872147613936958
0,8,8,0.2506505417905184
0,8,8,0.015390686967911196
0,8,8,NaN
0,8,8,0.32204760611626027
0,8,8,NaN
0,8,8,0.023887454499875376
0,8,8,0.21780701902471042
0,8,8,NaN
0,8,8,0.7099946859060099
0,8,8,0.36696607742649795
0,8,8,0.21780701902471042
0,8,8,0.9899262932434983
0,8,8,0.6291723264168632
0,8,8,0.8255935837441757
0,8,8,NaN
0,8,8,NaN
0,8,8,0.4940661657529939
0,8,8,NaN
0,8,8,0.8162921626571573
0,8,8,NaN
0,8,8,0.9489486199401703
1,6,7,0.593244806431962
5,2,7,0.8460613307452832
2,5,7,0.35918334633262433
3,4,7,0.7099946859060099
4,3,7,0.18452937292258148
5,2,7,NaN
3,4,7,NaN
6,1,7,0.7435026469914164
5,2,7,0.6711868417913297
6,1,7,NaN
1,6,7,0.15411370026862495
5,2,7,0.12850144349580897
4,3,7,0.23454103174878357
5,2,7,0.16892676507977705
2,5,7,NaN
2,5,7,NaN
7,0,7,0.5857933458990237
4,3,7,NaN
2,5,7,0.8650076002264386
5,2,7,NaN
4,3,7,NaN
3,4,7,0.7099946859060099
5,2,7,0.5619324485376144
7,0,7,NaN
6,1,7,0.023887454499875376
1,6,7,NaN
7,0,7,0.7275923289165843
4,3,7,0.07398859749715625
4,3,7,NaN
1,6,7,0.8650076002264386
5,2,7,0.03951943255169536
7,0,7,NaN
3,4,7,NaN
3,4,7,0.16096392342455676
4,3,7,0.0012623316195764492
4,3,7,NaN
6,1,7,NaN
2,5,7,NaN
4,3,7,NaN
5,2,7,0.5436724551002615
4,3,7,0.19162884347646872
5,2,7,0.07398859749715625
3,4,7,NaN
2,5,7,0.5725039826488356
4,3,7,NaN
2,5,7,0.0640450458600324
6,1,7,0.12850144349580897
2,5,7,0.5721326229621576
7,0,7,0.8460613307452832
3,4,7,0.14701094102636791
4,3,7,NaN
5,2,7,NaN
6,1,7,0.6894547720554758
2,5,7,0.35918334633262433
3,4,7,0.6853466076076834
4,3,7,NaN
3,4,7,0.4005674250897617
4,3,7,NaN
3,4,7,NaN
2,5,7,NaN
3,4,7,0.6555895773700705
1,6,7,0.12850144349580897
5,2,7,0.5436724551002615
7,0,7,NaN
4,3,7,NaN
7,0,7,0.44866759124185646
6,1,7,NaN
2,5,7,0.6711868417913297
5,2,7,0.44866759124185646
7,0,7,0.5436724551002615
3,4,7,NaN
6,1,7,NaN
4,3,7,0.35918334633262433
5,2,7,0.0981462602611937
6,1,7,0.006903411040743142
4,3,7,0.8255935837441757
5,2,7,NaN
4,3,7,0.08509261982872529
7,0,7,0.7435026469914164
6,1,7,NaN
6,1,7,0.30557937030291243
6,1,7,0.7099946859060099
6,1,7,0.9564517636473293
6,1,7,0.360793505693492
5,2,7,0.4960758988246045
5,2,7,0.9862691009837826
5,2,7,0.6654561633372911
5,2,7,0.8255935837441757
5,2,7,0.6291723264168632
4,3,7,0.9481906106540485
4,3,7,NaN
4,3,7,0.09198165131774765
1,6,7,NaN
5,2,7,0.18864545672427463
5,2,7,0.23776185102771583
1,6,7,0.8273815488252498
7,0,7,NaN
5,2,7,NaN
6,1,7,0.44866759124185646
3,4,7,0.1490414154371278
3,4,7,0.8255935837441757
4,3,7,NaN
4,3,7,0.16892676507977705
5,2,7,NaN
7,0,7,0.7099946859060099
5,2,7,NaN
5,2,7,0.3327410000187613
3,4,7,NaN
2,5,7,0.964109046255293
4,3,7,0.14701094102636791
1,6,7,0.285231730350609
2,5,7,0.5436724551002615
4,3,7,0.5436724551002615
5,2,7,NaN
5,2,7,0.9899262932434983
3,4,7,0.5543493126529565
7,0,7,0.7435026469914164
3,4,7,0.6473445050031121
7,0,7,0.8014889144615878
6,1,7,0.04192418074988385
2,5,7,NaN
3,4,7,0.11225219921941293
3,4,7,NaN
6,1,7,NaN
2,5,7,0.6711868417913297
4,3,7,NaN
1,6,7,0.8014889144615878
5,2,7,0.9370946320424296
6,1,7,0.6291723264168632
3,4,7,0.8824229336212897
5,2,7,0.05631407900959844
6,1,7,0.3637323638698936
4,3,7,0.9944585928917478
5,2,7,NaN
4,3,7,NaN
1,6,7,0.9623992879783726
1,6,7,0.0981462602611937
5,2,7,0.9834919844312308
7,0,7,0.0007421333386254496
4,3,7,NaN
3,4,7,NaN
5,2,7,0.3266414718391777
7,0,7,0.08509261982872529
4,3,7,0.09667780370259084
4,3,7,2.951211358018635e-5
7,0,7,0.987421185911325
5,2,7,0.017885932416267757
2,5,7,0.9978058439811702
6,1,7,0.9817557942342455
3,4,7,0.9481906106540485
3,4,7,NaN
3,4,7,0.01684214170507637
3,4,7,0.23236315029715646
7,0,7,0.7099946859060099
5,2,7,0.0002769524595735721
5,2,7,0.2506505417905184
5,2,7,0.5857933458990237
2,5,7,0.005587801164914353
4,3,7,0.8975048543322908
5,2,7,0.5857933458990237
4,3,7,NaN
7,0,7,0.285231730350609
6,1,7,2.464718907830294e-7
5,2,7,0.7099946859060099
2,5,7,0.12850144349580897
7,0,7,0.0
7,0,7,NaN
2,5,7,NaN
2,5,7,0.8014889144615878
6,1,7,0.01081766912568661
2,5,7,0.02208966837661346
5,2,7,0.21407214690811419
3,4,7,NaN
5,2,7,0.8014889144615878
7,0,7,0.8377536424686723
1,6,7,0.00013358433909096105
7,0,7,0.49760645166926687
1,6,7,0.6466146616584422
7,0,7,NaN
5,2,7,NaN
4,3,7,0.5436724551002615
4,3,7,0.964109046255293
5,2,7,0.5397797107721384
4,3,7,NaN
4,3,7,0.0981462602611937
7,0,7,NaN
4,3,7,0.32204760611626027
4,3,7,0.08657753574664778
5,2,7,0.10302409911814253
6,1,7,NaN
4,3,7,0.49760645166926687
5,2,7,0.12850144349580897
7,0,7,0.964109046255293
6,1,7,0.5857933458990237
6,1,7,NaN
4,3,7,0.26878873083337335
6,1,7,0.9928169178499623
2,5,7,NaN
6,1,7,0.0640450458600324
1,6,7,NaN
4,3,7,0.414311919789153
7,0,7,0.34060758999539037
7,0,7,0.5718887972048734
5,2,7,0.1921949779446829
3,4,7,NaN
4,3,7,0.7641013394225258
5,2,7,0.11225219921941293
7,0,7,0.017885932416267757
2,5,7,0.44866759124185646
4,3,7,NaN
6,1,7,0.8460613307452832
2,5,7,0.023139110859142276
3,4,7,0.21780701902471042
7,0,7,NaN
6,1,7,NaN
4,3,7,NaN
1,6,7,0.005587801164914353
7,0,7,0.6423191056999474
6,1,7,0.9564517636473293
5,2,7,0.12850144349580897
3,4,7,NaN
2,5,7,0.13272673270506316
4,3,7,NaN
5,2,7,0.14701094102636791
5,2,7,0.5436724551002615
6,1,7,NaN
5,2,7,0.6291723264168632
2,5,7,0.44866759124185646
4,3,7,0.019475188025702497
7,0,7,0.40203594081323873
3,4,7,0.01928476875158235
4,3,7,NaN
4,3,7,NaN
5,2,7,NaN
7,0,7,NaN
5,2,7,NaN
7,0,7,0.7435026469914164
7,0,7,0.03427412855281742
5,2,7,0.17102858473599364
1,6,7,0.7790806015509593
5,2,7,0.9245770120082798
4,3,7,0.36725182552433183
3,4,7,NaN
5,2,7,0.8975048543322908
4,3,7,0.07398859749715625
5,2,7,0.5436724551002615
3,4,7,0.6291723264168632
3,4,7,NaN
2,5,7,0.01684214170507637
2,5,7,0.8552144619797345
7,0,7,0.704475290877889
3,4,7,NaN
4,3,7,0.6291723264168632
3,4,7,NaN
3,4,7,0.14701094102636791
4,3,7,0.05631407900959844
5,2,7,0.44866759124185646
3,4,7,0.1921949779446829
3,4,7,0.011584933151512825
4,3,7,0.7343993800242202
1,6,7,0.7099946859060099
2,5,7,0.16892676507977705
6,1,7,0.0981462602611937
2,5,7,0.12850144349580897
3,4,7,0.2506505417905184
2,5,7,0.009128786981305483
2,5,7,NaN
1,6,7,0.9817557942342455
7,0,7,NaN
5,2,7,NaN
7,0,7,0.4005674250897617
5,2,7,0.285231730350609
4,3,7,0.44866759124185646
4,3,7,0.49760645166926687
7,0,7,NaN
4,3,7,0.7435026469914164
5,2,7,0.4005674250897617
3,4,7,0.49760645166926687
4,3,7,0.11966977375714005
2,5,7,NaN
4,3,7,0.8245918103685728
7,0,7,0.18621059641810223
6,1,7,NaN
1,6,7,NaN
5,2,7,0.0019127537757870684
2,5,7,0.46605934027100304
7,0,7,0.9472479708340868
7,0,7,0.1921949779446829
4,3,7,0.5857933458990237
4,3,7,0.7099946859060099
5,2,7,NaN
7,0,7,0.22599390705056502
4,3,7,0.8460613307452832
6,1,7,0.0981462602611937
7,0,7,NaN
5,2,7,0.5436724551002615
6,1,7,0.0981462602611937
4,3,7,0.6088676172352735
2,5,7,0.5436724551002615
4,3,7,NaN
5,2,7,0.0590712986414511
4,3,7,0.8014889144615878
7,0,7,0.5694016578741445
7,0,7,0.16892676507977705
4,3,7,0.964109046255293
7,0,7,0.8650076002264386
4,3,7,0.5857933458990237
1,6,7,0.21780701902471042
4,3,7,0.7099946859060099
4,3,7,0.006052453783306434
4,3,7,0.6291723264168632
6,1,7,0.4408759182932357
4,3,7,NaN
6,1,7,0.10800842795366589
4,3,7,0.9875589900617497
5,2,7,0.14701094102636791
4,3,7,0.6711868417913297
4,3,7,0.8824229336212897
4,3,7,0.7099946859060099
6,1,7,0.9930842866486421
1,6,7,0.6291723264168632
3,4,7,0.49760645166926687
4,3,7,NaN
1,6,7,0.6291723264168632
3,4,7,0.44866759124185646
6,1,7,0.27595035154744985
6,1,7,0.32204760611626027
4,3,7,0.1921949779446829
3,4,7,NaN
4,3,7,0.013135794871795524
6,1,7,NaN
6,1,7,0.8460613307452832
4,3,7,NaN
4,3,7,0.9262127079931064
5,2,7,0.7435026469914164
6,1,7,0.5436724551002615
3,4,7,0.9370946320424296
5,2,7,NaN
6,1,7,0.5857933458990237
1,6,7,0.6280672087896505
3,4,7,0.3912208394405819
5,2,7,NaN
6,1,7,0.2815542026448296
3,4,7,0.026433513948604485
6,1,7,NaN
2,5,7,0.48905044506968404
7,0,7,0.041655030385332976
5,2,7,0.6482788176245688
7,0,7,NaN
4,3,7,NaN
2,5,7,0.022272870045656486
5,2,7,0.964109046255293
6,1,7,0.49760645166926687
6,1,7,NaN
3,4,7,0.5802920103518439
2,5,7,NaN
3,4,7,0.07398859749715625
1,6,7,0.05631407900959844
4,3,7,0.0981462602611937
3,4,7,NaN
6,1,7,NaN
3,4,7,0.020724062087912304
4,3,7,NaN
3,4,7,0.7742996008795586
2,5,7,0.8453815718838591
3,4,7,0.23423255695371223
2,5,7,NaN
4,3,7,0.5857933458990237
5,2,7,6.579128888410142e-14
4,3,7,NaN
5,2,7,0.7099946859060099
7,0,7,NaN
5,2,7,NaN
4,3,7,0.49760645166926687
4,3,7,0.1921949779446829
3,4,7,0.44866759124185646
5,2,7,0.285231730350609
4,3,7,0.7742996008795586
4,3,7,0.7099946859060099
1,6,7,0.8014889144615878
6,1,7,0.47781765733391274
2,5,7,0.9255431095586868
4,3,7,0.9963401800767422
7,0,7,0.92800734676136
7,0,7,0.9481906106540485
4,3,7,NaN
2,5,7,0.9570208109624704
7,0,7,0.16892676507977705
7,0,7,NaN
7,0,7,NaN
3,4,7,0.07398859749715625
2,5,7,NaN
1,6,7,NaN
2,5,7,0.9370946320424296
4,3,7,0.7435026469914164
7,0,7,0.14701094102636791
5,2,7,9.710367940166672e-5
4,3,7,0.9764973997616925
5,2,7,0.21780701902471042
4,3,7,NaN
3,4,7,0.1478288957442496
5,2,7,NaN
3,4,7,0.5857933458990237
5,2,7,NaN
7,0,7,0.07398859749715625
7,0,7,0.16892676507977705
3,4,7,0.0009125194051537877
7,0,7,0.9197198719812878
3,4,7,0.7742996008795586
6,1,7,0.5306709725197352
6,1,7,NaN
4,3,7,0.9817557942342455
5,2,7,0.019989528085666154
4,3,7,NaN
5,2,7,0.12850144349580897
2,5,7,0.285231730350609
2,5,7,0.3487329678553452
5,2,7,0.8014889144615878
1,6,7,NaN
3,4,7,0.017885932416267757
5,2,7,0.041655030385332976
2,5,7,0.912484067245082
4,3,7,NaN
2,5,7,0.9862691009837826
5,2,7,NaN
4,3,7,0.32204760611626027
6,1,7,0.0019062299352150525
5,2,7,0.5878316751717465
2,5,7,0.07398859749715625
3,4,7,NaN
6,1,7,NaN
2,5,7,0.8975048543322908
3,4,7,NaN
5,2,7,0.5857933458990237
7,0,7,NaN
6,1,7,0.8255935837441757
3,4,7,0.7271206995827098
7,0,7,NaN
4,3,7,NaN
5,2,7,0.44866759124185646
5,2,7,NaN
6,1,7,0.9972555164019583
4,3,7,NaN
6,1,7,0.7435026469914164
4,3,7,NaN
3,4,7,0.8415204856356652
2,5,7,0.04865788038130383
5,2,7,0.7099946859060099
2,5,7,0.04713217347280066
5,2,7,0.2752880256752827
6,1,7,NaN
2,5,7,0.49760645166926687
5,2,7,0.285231730350609
6,1,7,NaN
1,6,7,0.03184441363446245
2,5,7,0.6291723264168632
4,3,7,NaN
6,1,7,NaN
7,0,7,0.2506505417905184
3,4,7,0.8975048543322908
4,3,7,0.5857933458990237
7,0,7,NaN
5,2,7,0.9564517636473293
2,5,7,0.9819408781604225
5,2,7,NaN
4,3,7,NaN
1,6,7,NaN
4,3,7,0.8255935837441757
3,4,7,0.8774918444871417
5,2,7,0.0006152365928449864
4,3,7,0.20940303286125617
4,3,7,0.8460613307452832
2,5,7,0.18538349092192025
2,5,7,0.6291723264168632
5,2,7,0.6711868417913297
7,0,7,0.32204760611626027
3,4,7,0.7435026469914164
1,6,7,NaN
7,0,7,0.8255935837441757
4,3,7,NaN
4,3,7,0.1921949779446829
5,2,7,0.8255935837441757
3,4,7,0.14736895074154355
6,1,7,0.7435026469914164
2,5,7,0.5857933458990237
7,0,7,0.7742996008795586
7,0,7,NaN
3,4,7,0.38449846784246833
3,4,7,0.28246791035672614
5,2,7,0.7435026469914164
3,4,7,0.9481906106540485
2,5,7,0.14701094102636791
4,3,7,NaN
3,4,7,0.7435026469914164
3,4,7,NaN
3,4,7,0.8975048543322908
2,5,7,0.7099946859060099
3,4,7,0.03072239550387676
5,2,7,0.9494980072657516
4,3,7,NaN
6,1,7,0.8460613307452832
6,1,7,0.0981462602611937
6,1,7,0.07028541573404833
6,1,7,0.12850144349580897
4,3,7,0.12850144349580897
3,4,7,0.5436724551002615
1,6,7,0.00821876365221453
3,4,7,NaN
7,0,7,NaN
2,5,7,0.8183125105377306
2,5,7,NaN
3,4,7,0.07398859749715625
5,2,7,NaN
3,4,7,0.09845788366090855
4,3,7,NaN
4,3,7,3.906630503814458e-5
5,2,7,0.7993514950526931
4,3,7,0.26387381798987014
2,5,7,0.4055729880406232
4,3,7,0.0981462602611937
5,2,7,0.4694329356398077
2,5,7,0.8824229336212897
2,5,7,0.7435026469914164
7,0,7,0.964109046255293
2,5,7,0.8460613307452832
5,2,7,0.4689529251075884
7,0,7,0.9669191249339866
6,1,7,0.8460613307452832
3,4,7,0.20364534292509537
5,2,7,0.9255431095586868
3,4,7,0.023612638791421812
6,1,7,0.8502464936228582
6,1,7,0.9168052372144835
4,3,7,NaN
3,4,7,0.5436724551002615
2,5,7,0.6711868417913297
7,0,7,NaN
2,5,7,0.7435026469914164
1,6,7,0.5436724551002615
2,5,7,NaN
7,0,7,NaN
2,5,7,0.21780701902471042
2,5,7,0.4005674250897617
2,5,7,0.2548327790140148
7,0,7,NaN
3,4,7,NaN
3,4,7,NaN
7,0,7,NaN
3,4,7,0.9771818809385099
3,4,7,0.29020545169098383
4,3,7,0.21780701902471042
6,1,7,0.35918334633262433
4,3,7,0.4005674250897617
1,6,7,0.020724062087912304
4,3,7,0.00639636229713819
4,3,7,NaN
3,4,7,NaN
5,2,7,0.4976918965493418
5,2,7,0.9703220335374653
4,3,7,0.9370946320424296
4,3,7,0.8460613307452832
5,2,7,0.2807012136720862
2,5,7,NaN
4,3,7,NaN
6,1,7,0.6291723264168632
5,2,7,0.44866759124185646
4,3,7,NaN
6,1,7,0.7759806386975252
4,3,7,0.04361582925002522
3,4,7,0.5436724551002615
5,2,7,0.8605118949373103
2,5,7,0.08509261982872529
4,3,7,0.06652388457239115
4,3,7,0.01928476875158235
5,2,7,0.041655030385332976
2,5,7,0.9485901921732287
7,0,7,0.8975048543322908
5,2,7,NaN
1,6,7,0.5857933458990237
1,6,7,NaN
2,5,7,0.29475616029155627
4,3,7,0.1159604920911688
6,1,7,2.713444733143561e-7
1,6,7,0.8460613307452832
5,2,7,0.9703220335374653
3,4,7,0.09492460065418291
5,2,7,0.602996141792755
1,6,7,0.7944488592892044
3,4,7,0.49760645166926687
2,5,7,0.9988805798019055
6,1,7,NaN
4,3,7,0.6711868417913297
4,3,7,0.1225327955014358
2,5,7,0.1282047217592813
4,3,7,NaN
3,4,7,NaN
3,4,7,0.01684214170507637
6,1,7,0.8364302453523494
3,4,7,0.4005674250897617
7,0,7,0.01977583123522651
6,1,7,0.5128412662459827
4,3,7,0.285231730350609
6,1,7,0.343879838105955
5,2,7,NaN
7,0,7,NaN
1,6,7,0.8349960820602481
5,2,7,0.17113693710859243
3,4,7,0.5397797107721384
4,3,7,NaN
7,0,7,0.9564517636473293
7,0,7,0.04865788038130383
5,2,7,0.08509261982872529
3,4,7,0.4451592197593329
6,1,7,NaN
2,5,7,0.000914918184206044
6,1,7,NaN
4,3,7,NaN
5,2,7,0.020724062087912304
3,4,7,NaN
4,3,7,NaN
7,0,7,0.32204760611626027
7,0,7,0.5857933458990237
4,3,7,0.5436724551002615
4,3,7,0.020724062087912304
5,2,7,0.326689216871626
3,4,7,0.4005674250897617
3,4,7,NaN
4,3,7,NaN
3,4,7,0.9370946320424296
3,4,7,0.9703220335374653
3,4,7,0.5113114566233246
6,1,7,0.8650076002264386
4,3,7,0.3171964190722073
6,1,7,0.0012096098883510847
3,4,7,0.7099946859060099
4,3,7,0.44866759124185646
5,2,7,0.009979487607757166
4,3,7,0.7924355893098547
6,1,7,0.8014889144615878
2,5,7,NaN
5,2,7,NaN
3,4,7,0.8349960820602481
4,3,7,0.8824229336212897
5,2,7,0.5436724551002615
6,1,7,4.608517813453906e-6
4,3,7,0.6341508379138389
6,1,7,0.1648658182926901
7,0,7,0.8484881998762267
3,4,7,0.007006884256977046
4,3,7,NaN
4,3,7,0.285231730350609
6,1,7,0.019294783582502077
1,6,7,0.8557569516435944
6,1,7,0.12415119456468951
1,6,7,NaN
1,6,7,0.20908127514747638
6,1,7,0.8824229336212897
1,6,7,NaN
6,1,7,0.3803603934698832
2,5,7,NaN
5,2,7,NaN
1,6,7,0.1139265915159958
4,3,7,0.0027424877727067827
3,4,7,0.927108147894967
4,3,7,0.6385523147354637
5,2,7,0.38606304166379934
6,1,7,NaN
4,3,7,0.14701094102636791
6,1,7,NaN
4,3,7,NaN
2,5,7,0.40054063231705767
4,3,7,NaN
2,5,7,NaN
6,1,7,0.912484067245082
5,2,7,0.11225219921941293
3,4,7,0.041655030385332976
1,6,7,NaN
2,5,7,0.8255935837441757
3,4,7,0.7099946859060099
3,4,7,0.3669168891029013
7,0,7,0.5749115063848976
2,5,7,NaN
4,3,7,NaN
2,5,7,0.041655030385332976
4,3,7,0.0001331352174106614
2,5,7,NaN
5,2,7,NaN
1,6,7,0.6291723264168632
5,2,7,0.07745767322513
3,4,7,0.8312920881679056
2,5,7,0.04865788038130383
2,5,7,0.03949188383984627
5,2,7,0.8255935837441757
5,2,7,0.0640450458600324
4,3,7,0.5436724551002615
6,1,7,0.7435026469914164
2,5,7,0.3997308230047757
6,1,7,0.9370946320424296
1,6,7,0.6291723264168632
3,4,7,0.7124021639330502
5,2,7,NaN
3,4,7,NaN
5,2,7,NaN
4,3,7,0.49760645166926687
5,2,7,0.9083129046160273
5,2,7,NaN
4,3,7,0.2506505417905184
5,2,7,0.8014889144615878
2,5,7,0.9370946320424296
2,5,7,0.029992222419326003
4,3,7,NaN
2,5,7,NaN
5,2,7,0.8305645914028965
3,4,7,0.0016266435322953945
7,0,7,0.9370946320424296
3,4,7,0.6291723264168632
4,3,7,0.7742996008795586
6,1,7,0.4005674250897617
5,2,7,0.5436724551002615
3,4,7,0.08509261982872529
5,2,7,NaN
4,3,7,0.722316116949625
5,2,7,NaN
4,3,7,NaN
4,3,7,NaN
5,2,7,0.0640450458600324
5,2,7,0.912484067245082
7,0,7,0.4005674250897617
5,2,7,0.5436724551002615
3,4,7,0.8975048543322908
3,4,7,0.006531896091517178
7,0,7,0.9481906106540485
1,6,7,NaN
1,6,7,NaN
4,3,7,0.0640450458600324
4,3,7,0.02766704178145161
2,5,7,0.7099946859060099
5,2,7,0.03200096679083959
5,2,7,0.5857933458990237
3,4,7,0.8014889144615878
3,4,7,0.46909514903742233
6,1,7,NaN
3,4,7,0.9492805050384766
3,4,7,NaN
4,3,7,0.8460613307452832
7,0,7,NaN
5,2,7,NaN
3,4,7,NaN
3,4,7,0.7805972743731514
3,4,7,0.7759806386975252
6,1,7,NaN
3,4,7,0.24939500404347514
1,6,7,2.1542032793107905e-5
2,5,7,0.285231730350609
5,2,7,0.4005674250897617
5,2,7,NaN
1,6,7,0.07398859749715625
7,0,7,0.5857933458990237
2,5,7,NaN
5,2,7,0.16892676507977705
2,5,7,0.35918334633262433
4,3,7,4.69370719361193e-5
2,5,7,0.8975048543322908
6,1,7,0.33205547712618855
6,1,7,0.17650069947518218
7,0,7,0.21780701902471042
2,5,7,0.9817557942342455
2,5,7,0.468579570769083
1,6,7,0.8014889144615878
1,6,7,0.2506505417905184
4,3,7,0.3449830701572037
3,4,7,0.023061292179294347
6,1,7,NaN
2,5,7,NaN
3,4,7,NaN
1,6,7,NaN
4,3,7,0.004480164436601648
3,4,7,0.32204760611626027
4,3,7,0.05833287628770088
4,3,7,0.13416857153315173
1,6,7,0.6711868417913297
1,6,7,0.6711868417913297
7,0,7,0.7757762784664908
1,6,7,0.10897960245281858
7,0,7,NaN
1,6,7,NaN
2,5,7,0.026095158220402984
3,4,7,NaN
3,4,7,0.04865788038130383
5,2,7,0.7742996008795586
3,4,7,NaN
6,1,7,0.2506505417905184
4,3,7,0.8014889144615878
6,1,7,1.4441024404265574e-6
4,3,7,NaN
4,3,7,NaN
5,2,7,NaN
7,0,7,0.9520221940319072
5,2,7,NaN
6,1,7,0.2095954436167091
2,5,7,0.35918334633262433
5,2,7,0.21780701902471042
3,4,7,NaN
6,1,7,0.09580118658642339
3,4,7,0.6711868417913297
2,5,7,0.9370946320424296
5,2,7,0.12850144349580897
1,6,7,0.4005674250897617
3,4,7,0.6291723264168632
4,3,7,NaN
4,3,7,0.0020057280270609924
7,0,7,0.577960167352495
6,1,7,0.8650076002264386
1,6,7,0.004773385113482461
5,2,7,0.01778917275416047
2,5,7,0.622873676838039
4,3,7,0.49760645166926687
3,4,7,0.8014889144615878
4,3,7,NaN
2,5,7,NaN
4,3,7,0.9255431095586868
4,3,7,0.49760645166926687
6,1,7,0.8824229336212897
6,1,7,NaN
4,3,7,NaN
2,5,7,0.08509261982872529
3,4,7,0.35918334633262433
4,3,7,NaN
6,1,7,0.2858790534003801
6,1,7,0.5424987914431505
5,2,7,0.0010966788584855715
4,3,7,NaN
2,5,7,0.08509261982872529
4,3,7,NaN
4,3,7,NaN
3,4,7,0.009887658728426807
2,5,7,NaN
3,4,7,NaN
4,3,7,0.1274585580936567
6,1,7,NaN
1,6,7,0.8255935837441757
3,4,7,0.9481906106540485
2,5,7,0.6291723264168632
1,6,7,NaN
3,4,7,0.6711868417913297
3,4,7,0.5857933458990237
7,0,7,0.964109046255293
1,6,7,0.6711868417913297
7,0,7,NaN
4,3,7,NaN
3,4,7,0.07599145083686219
4,3,7,0.7099946859060099
5,2,7,0.7742996008795586
3,4,7,0.6711868417913297
4,3,7,0.7742996008795586
4,3,7,0.9481906106540485
1,6,7,NaN
3,4,7,NaN
2,5,7,NaN
4,3,7,NaN
5,2,7,0.5253486266763187
3,4,7,NaN
4,3,7,0.9255431095586868
6,1,7,NaN
7,0,7,NaN
2,5,7,0.9928169178499623
6,1,7,NaN
1,6,7,0.8014889144615878
7,0,7,NaN
4,3,7,0.12850144349580897
4,3,7,0.023887454499875376
4,3,7,0.0006879461424064831
5,2,7,0.7099946859060099
2,5,7,NaN
6,1,7,0.8650076002264386
3,4,7,0.3487329678553452
2,5,7,0.09423325052720068
2,5,7,NaN
5,2,7,0.35918334633262433
2,5,7,NaN
3,4,7,NaN
1,6,7,NaN
4,3,7,0.6170418804012064
2,5,7,NaN
5,2,7,0.4005674250897617
3,4,7,NaN
1,6,7,0.5936181108479048
4,3,7,NaN
1,6,7,0.1921949779446829
1,6,7,NaN
2,5,7,0.12850144349580897
2,5,7,0.9928169178499623
2,5,7,0.4005674250897617
3,4,7,0.285231730350609
4,3,7,NaN
3,4,7,NaN
2,5,7,NaN
4,3,7,0.9693388261068598
4,3,7,NaN
3,4,7,NaN
2,5,7,NaN
6,1,7,NaN
6,1,7,0.04812370126666399
5,2,7,NaN
1,6,7,NaN
5,2,7,0.4005674250897617
4,3,7,0.964109046255293
4,3,7,0.8155693392402704
2,5,7,NaN
2,5,7,NaN
4,3,7,NaN
3,4,7,0.9528945418633902
6,1,7,NaN
6,1,7,0.8183125105377306
2,5,7,0.35918334633262433
2,5,7,NaN
6,1,7,0.9703220335374653
3,4,7,0.6291723264168632
3,4,7,0.8014889144615878
6,1,7,NaN
5,2,7,0.2151026174996429
3,4,7,0.4005674250897617
3,4,7,NaN
4,3,7,NaN
7,0,7,0.8014889144615878
5,2,7,NaN
1,6,7,NaN
3,4,7,0.8650076002264386
2,5,7,0.9255431095586868
6,1,7,NaN
5,2,7,0.0640450458600324
3,4,7,0.13485453021040075
3,4,7,0.5857933458990237
4,3,7,NaN
3,4,7,NaN
7,0,7,0.7435026469914164
3,4,7,0.6291723264168632
2,5,7,NaN
2,5,7,NaN
4,3,7,0.6291723264168632
4,3,7,0.9481906106540485
2,5,7,0.8824229336212897
4,3,7,0.7099946859060099
2,5,7,NaN
2,5,7,0.8824229336212897
6,1,7,0.8255935837441757
5,2,7,0.6654561633372911
2,5,7,0.7435026469914164
3,4,7,NaN
3,4,7,0.35918334633262433
2,5,7,0.22135577082993863
1,6,7,0.15035889531232272
2,5,7,NaN
2,5,7,0.020682623148186044
2,5,7,0.2506505417905184
3,4,7,NaN
5,2,7,0.7742996008795586
2,5,7,0.013945215844496008
2,5,7,NaN
3,4,7,0.03421233785769844
4,3,7,0.6711868417913297
3,4,7,0.49760645166926687
6,1,7,0.6340200140141157
3,4,7,NaN
3,4,7,0.732696230575457
3,4,7,NaN
2,5,7,0.21780701902471042
7,0,7,NaN
3,4,7,0.4995212012664735
2,5,7,0.0001859147566080423
3,4,7,0.11718218852522926
3,4,7,0.9481906106540485
6,1,7,0.4005674250897617
2,5,7,0.8824229336212897
3,4,7,0.11225219921941293
4,3,7,NaN
2,5,7,NaN
3,4,7,NaN
7,0,7,0.7742996008795586
7,0,7,0.6517521037208045
2,5,7,NaN
4,3,7,0.7568462303324522
4,3,7,0.00041661222847081666
2,5,7,NaN
3,4,7,0.4005674250897617
1,6,7,NaN
2,5,7,0.03184441363446245
5,2,7,0.7626339992436254
3,4,7,0.1921949779446829
2,5,7,NaN
5,2,7,0.32204760611626027
1,6,7,NaN
4,3,7,NaN
2,5,7,0.11551655464557746
6,1,7,0.19949792597899527
3,4,7,0.18614141424390776
5,2,7,0.19736377996933968
5,2,7,0.12850144349580897
2,5,7,NaN
1,6,7,0.9288863259864063
4,3,7,NaN
5,2,7,0.8014889144615878
5,2,7,0.3654284287691266
4,3,7,0.5878316751717465
2,5,7,NaN
3,4,7,0.0981462602611937
7,0,7,0.03690314286304449
2,5,7,NaN
6,1,7,0.6291723264168632
1,6,7,0.12850144349580897
1,6,7,0.7018260558899969
2,5,7,0.9703220335374653
2,5,7,0.135382704114784
4,3,7,0.14701094102636791
5,2,7,NaN
4,3,7,0.49760645166926687
3,4,7,0.2536495028511772
4,3,7,NaN
1,6,7,0.010988648821031928
4,3,7,0.020724062087912304
5,2,7,NaN
3,4,7,NaN
4,3,7,NaN
2,5,7,NaN
3,4,7,0.9188368398110196
2,5,7,0.0981462602611937
3,4,7,0.6773280054418838
1,6,7,0.7742996008795586
3,4,7,0.02766704178145161
5,2,7,0.03737504119612238
4,3,7,NaN
3,4,7,0.8551436123990943
4,3,7,0.20160360677606864
2,5,7,NaN
2,5,7,0.15895406177148197
7,0,7,NaN
3,4,7,0.03699915555555507
5,2,7,0.4005674250897617
6,1,7,NaN
5,2,7,NaN
3,4,7,0.44866759124185646
2,5,7,0.6291723264168632
4,3,7,0.3677801531485067
4,3,7,NaN
2,5,7,0.8255935837441757
2,5,7,NaN
3,4,7,0.1921949779446829
2,5,7,NaN
4,3,7,0.37975091311931897
1,6,7,0.8757218031125134
2,5,7,0.6711868417913297
4,3,7,NaN
3,4,7,NaN
1,6,7,NaN
6,1,7,0.14701094102636791
5,2,7,0.1921949779446829
1,6,7,0.21780701902471042
7,0,7,0.2506505417905184
3,4,7,NaN
3,4,7,NaN
2,5,7,0.8460613307452832
5,2,7,0.07567244187590082
3,4,7,NaN
5,2,7,NaN
5,2,7,NaN
7,0,7,0.8792358180869095
1,6,7,NaN
1,6,7,NaN
2,5,7,0.1921949779446829
1,6,7,0.4005674250897617
2,5,7,NaN
7,0,7,NaN
6,1,7,NaN
3,4,7,0.03184441363446245
3,4,7,NaN
7,0,7,0.9255431095586868
2,5,7,0.21780701902471042
2,5,7,0.9255431095586868
1,6,7,NaN
6,1,7,0.045535866104472966
6,1,7,NaN
3,4,7,0.8269738332287646
4,3,7,NaN
3,4,7,0.07398859749715625
5,2,7,0.09421722689702523
4,3,7,NaN
1,6,7,NaN
3,4,7,0.1921949779446829
1,6,7,0.8460613307452832
3,4,7,0.35918334633262433
1,6,7,0.30251226269365405
5,2,7,0.8014889144615878
5,2,7,0.703189615672816
1,6,7,NaN
4,3,7,NaN
3,4,7,NaN
2,5,7,0.6291723264168632
3,4,7,0.13585425088506164
4,3,7,0.0929243871434743
2,5,7,0.1921949779446829
5,2,7,0.21780701902471042
3,4,7,0.6711868417913297
2,5,7,0.8460613307452832
5,2,7,NaN
6,1,7,0.02960956283524118
3,4,7,0.0053688419757461255
3,4,7,NaN
5,2,7,0.1921949779446829
2,5,7,0.14701094102636791
2,5,7,0.31023767889090026
2,5,7,NaN
2,5,7,0.35918334633262433
4,3,7,0.21780701902471042
4,3,7,NaN
4,3,7,0.8460613307452832
5,2,7,0.285231730350609
1,6,7,NaN
6,1,7,NaN
5,2,7,NaN
3,4,7,0.32204760611626027
3,4,7,NaN
3,4,7,NaN
1,6,7,0.004079717861205951
2,5,7,0.08977862095606007
2,5,7,0.07398859749715625
3,4,7,NaN
6,1,7,0.7435026469914164
2,5,7,0.07398859749715625
7,0,7,0.14701094102636791
3,4,7,0.23167577869704079
2,5,7,NaN
6,1,7,NaN
1,6,7,NaN
3,4,7,0.9370946320424296
2,5,7,0.5846676016674762
3,4,7,NaN
2,5,7,0.3541370539104541
6,1,7,0.990319809885331
5,2,7,NaN
6,1,7,0.4005674250897617
5,2,7,0.4005674250897617
7,0,7,NaN
1,6,7,NaN
7,0,7,0.04865788038130383
6,1,7,0.12096290675327202
2,5,7,0.6711868417913297
2,5,7,0.6711868417913297
6,1,7,0.7846948929051238
3,4,7,NaN
1,6,7,NaN
4,3,7,0.5979258611535977
1,6,7,0.239116756104008
2,5,7,0.05631407900959844
2,5,7,0.9703220335374653
1,6,7,0.5857933458990237
4,3,7,0.21780701902471042
3,4,7,0.07697724890925714
2,5,7,0.5929840951368425
3,4,7,0.5436724551002615
2,5,7,0.39659773431690776
1,6,7,NaN
3,4,7,NaN
5,2,7,0.12850144349580897
3,4,7,0.4313286005045997
2,5,7,0.079445162028866
4,3,7,0.4005674250897617
3,4,7,0.8255935837441757
4,3,7,0.30783930293018796
2,5,7,0.05631407900959844
2,5,7,0.12850144349580897
2,5,7,NaN
1,6,7,NaN
4,3,7,0.35918334633262433
2,5,7,NaN
1,6,7,0.0028948825792499363
2,5,7,NaN
4,3,7,NaN
3,4,7,0.8460613307452832
5,2,7,NaN
4,3,7,0.44866759124185646
2,5,7,0.05631407900959844
3,4,7,NaN
2,5,7,0.9255431095586868
1,6,7,NaN
4,3,7,0.8460613307452832
5,2,7,0.041655030385332976
3,4,7,0.8824229336212897
2,5,7,NaN
3,4,7,0.912484067245082
1,6,7,0.6291723264168632
1,6,7,0.32204760611626027
2,5,7,0.5955875677581265
1,6,7,NaN
2,5,7,0.35918334633262433
5,2,7,0.14034502981765684
2,5,7,2.7479079418281618e-6
5,2,7,0.9370946320424296
1,6,7,0.1921949779446829
1,6,7,NaN
1,6,7,0.5857933458990237
3,4,7,NaN
2,5,7,NaN
1,6,7,0.8124238838051626
3,4,7,0.912484067245082
2,5,7,NaN
3,4,7,5.28288374788421e-5
3,4,7,NaN
2,5,7,0.0027430443005832584
1,6,7,NaN
1,6,7,0.04137683110277546
2,5,7,NaN
3,4,7,0.8460613307452832
2,5,7,0.9602334333514312
3,4,7,0.10123729956761238
2,5,7,0.11225219921941293
1,6,7,0.32204760611626027
1,6,7,NaN
1,6,7,0.11225219921941293
3,4,7,0.03012728211855367
4,3,7,NaN
2,5,7,0.001558847166317981
1,6,7,0.6291723264168632
3,4,7,0.7099946859060099
1,6,7,NaN
2,5,7,0.0032015847993366146
1,6,7,0.02182682928829592
2,5,7,0.041655030385332976
3,4,7,NaN
2,5,7,0.13416857153315173
5,2,7,NaN
2,5,7,NaN
2,5,7,0.5857933458990237
6,1,7,NaN
2,5,7,NaN
1,6,7,NaN
4,3,7,0.8014889144615878
1,6,7,0.09432037326428704
4,3,7,NaN
4,3,7,NaN
3,4,7,0.7121209419942757
7,0,7,NaN
5,2,7,0.49760645166926687
4,3,7,0.44866759124185646
5,2,7,0.0981462602611937
1,6,7,0.7099946859060099
2,5,7,0.573340734184012
3,4,7,0.30007301905634914
2,5,7,0.09097463108553622
2,5,7,1.9524067546025215e-5
1,6,7,NaN
4,3,7,0.9899262932434983
5,2,7,0.017885932416267757
1,6,7,NaN
3,4,7,0.7094866326432423
4,3,7,NaN
2,5,7,0.44866759124185646
4,3,7,NaN
3,4,7,0.8255935837441757
3,4,7,0.015390686967911196
1,6,7,0.05427344483413832
6,1,7,NaN
3,4,7,0.03699915555555507
2,5,7,0.7435026469914164
1,6,7,0.7381837814428232
3,4,7,0.964109046255293
2,5,7,0.3578289614112032
3,4,7,0.6429546380999976
2,5,7,0.11225219921941293
5,2,7,NaN
1,6,7,NaN
2,5,7,0.9564517636473293
3,4,7,0.14701094102636791
4,3,7,NaN
1,6,7,0.0640450458600324
2,5,7,0.7610078746086668
1,6,7,0.285231730350609
3,4,7,0.9481906106540485
3,4,7,NaN
2,5,7,NaN
2,5,7,NaN
6,1,7,NaN
3,4,7,0.4219856876647116
2,5,7,NaN
3,4,7,0.002300049340264029
2,5,7,0.8014889144615878
2,5,7,0.08509261982872529
3,4,7,NaN
3,4,7,0.912484067245082
2,5,7,NaN
2,5,7,0.7435026469914164
2,5,7,0.6291723264168632
1,6,7,0.9947688305796785
4,3,7,0.9255431095586868
2,5,7,0.8255935837441757
2,5,7,0.468579570769083
3,4,7,NaN
2,5,7,0.7435026469914164
3,4,7,0.7099946859060099
4,3,7,NaN
1,6,7,0.03012728211855367
5,2,7,0.21780701902471042
1,6,7,NaN
7,0,7,0.6720320461078331
3,4,7,0.6170306909979111
3,4,7,NaN
5,2,7,NaN
2,5,7,0.7435026469914164
1,6,7,0.8014889144615878
1,6,7,0.11225219921941293
1,6,7,0.285231730350609
1,6,7,0.32204760611626027
4,3,7,0.11225219921941293
1,6,7,0.11225219921941293
2,5,7,0.12850144349580897
1,6,7,0.14701094102636791
1,6,7,0.2506505417905184
2,5,7,0.25681517608236704
3,4,7,0.2506505417905184
2,5,7,NaN
1,6,7,0.07576607323847698
4,3,7,0.07398859749715625
1,6,7,0.5967151517347477
1,6,7,NaN
5,2,7,0.9255431095586868
2,5,7,0.21780701902471042
1,6,7,0.9314427830059702
2,5,7,3.984825139410819e-8
4,3,7,NaN
2,5,7,0.009790759001719785
3,4,7,0.6291723264168632
5,2,7,0.7018496793865
2,5,7,0.03651495855477971
1,6,7,NaN
1,6,7,0.056615865129154654
1,6,7,NaN
2,5,7,0.14701094102636791
1,6,7,0.7294185663537489
2,5,7,0.7742996008795586
6,1,7,0.9747884587038907
2,5,7,NaN
1,6,7,NaN
1,6,7,NaN
1,6,7,NaN
2,5,7,0.2506505417905184
1,6,7,0.8255935837441757
4,3,7,0.6850073248949298
7,0,7,0.912484067245082
2,5,7,0.1225327955014358
4,3,7,0.8460613307452832
3,4,7,0.7435026469914164
3,4,7,NaN
2,5,7,NaN
5,2,7,0.2506505417905184
3,4,7,0.0017572236702085803
2,5,7,0.912484067245082
1,6,7,0.007837788026609073
3,4,7,0.07398859749715625
1,6,7,NaN
1,6,7,0.20940303286125617
2,5,7,0.024286798002788483
1,6,7,0.7547163573118102
4,3,7,0.002578777891673538
3,4,7,0.07398859749715625
4,3,7,NaN
3,4,7,0.8014889144615878
1,6,7,0.7099946859060099
4,3,7,0.7742996008795586
2,5,7,NaN
1,6,7,0.9817557942342455
3,4,7,0.03845121007827272
1,6,7,0.5436724551002615
4,3,7,0.08509261982872529
1,6,7,0.21780701902471042
2,5,7,0.7099946859060099
2,5,7,NaN
1,6,7,NaN
1,6,7,0.255711540377458
2,5,7,0.08655222044815228
2,5,7,NaN
4,3,7,0.16892676507977705
1,6,7,0.9170336508265289
1,6,7,0.24352231573587105
1,6,7,NaN
2,5,7,0.0981462602611937
1,6,7,0.005613845056063607
6,1,7,0.34550987712223397
1,6,7,NaN
2,5,7,NaN
2,5,7,0.16892676507977705
4,3,7,NaN
2,5,7,0.6711868417913297
5,2,7,0.9481906106540485
2,5,7,0.8975048543322908
2,5,7,NaN
1,6,7,0.9481906106540485
1,6,7,0.44866759124185646
5,2,7,0.44866759124185646
1,6,7,0.7435026469914164
2,5,7,0.35918334633262433
3,4,7,0.4005674250897617
1,6,7,0.6609269070683205
1,6,7,0.8650076002264386
4,3,7,0.017986232622295664
3,4,7,0.9481906106540485
1,6,7,NaN
1,6,7,NaN
3,4,7,NaN
2,5,7,2.43033670481015e-5
2,5,7,NaN
1,6,7,0.9988805798019055
3,4,7,0.07398859749715625
1,6,7,0.4437568944930373
2,5,7,NaN
1,6,7,0.9947688305796785
1,6,7,NaN
2,5,7,0.9449754118301532
3,4,7,NaN
2,5,7,0.0003622636653108655
2,5,7,0.07398859749715625
2,5,7,0.44866759124185646
1,6,7,0.4005674250897617
1,6,7,0.6291723264168632
2,5,7,0.013135794871795524
1,6,7,0.5197073055619482
2,5,7,0.618227226640327
2,5,7,NaN
2,5,7,0.21780701902471042
4,3,7,NaN
1,6,7,NaN
2,5,7,NaN
2,5,7,NaN
2,5,7,NaN
1,6,7,0.6609269070683205
2,5,7,NaN
1,6,7,0.14701094102636791
1,6,7,0.7742996008795586
1,6,7,0.5725039826488356
1,6,7,NaN
3,4,7,0.44866759124185646
1,6,7,0.8851851395384643
1,6,7,0.6291723264168632
2,5,7,0.08509261982872529
3,4,7,NaN
2,5,7,0.673391461496842
2,5,7,NaN
2,5,7,NaN
1,6,7,0.8650076002264386
1,6,7,6.90046861274095e-5
1,6,7,0.001090343115366971
1,6,7,0.5976320812962403
1,6,7,NaN
1,6,7,NaN
1,6,7,0.35918334633262433
2,5,7,0.7099946859060099
2,5,7,0.8460613307452832
2,5,7,0.22376080292712028
5,2,7,0.5436724551002615
1,6,7,NaN
1,6,7,0.03255630712682592
2,5,7,NaN
1,6,7,NaN
1,6,7,0.6408146178000335
1,6,7,0.5857933458990237
2,5,7,0.7435026469914164
2,5,7,NaN
2,5,7,0.4005674250897617
1,6,7,0.08509261982872529
1,6,7,NaN
1,6,7,0.912484067245082
1,6,7,NaN
1,6,7,0.7099946859060099
1,6,7,0.4005674250897617
1,6,7,0.04620657818044638
1,6,7,0.7099946859060099
1,6,7,0.06301743871618631
1,6,7,NaN
1,6,7,0.11837731021914769
1,6,7,0.10138582082674709
1,6,7,NaN
1,6,7,NaN
1,6,7,0.35918334633262433
1,6,7,NaN
1,6,7,0.07398859749715625
1,6,7,0.8014889144615878
1,6,7,NaN
1,6,7,0.49760645166926687
1,6,7,0.5436724551002615
1,6,7,NaN
1,6,7,0.4005674250897617
1,6,7,0.5436724551002615
0,7,7,0.4034646490648176
0,7,7,0.7742996008795586
0,7,7,NaN
0,7,7,0.8014889144615878
0,7,7,0.44866759124185646
0,7,7,0.0077449127932870355
0,7,7,0.7099946859060099
0,7,7,0.8650076002264386
0,7,7,NaN
0,7,7,0.912484067245082
0,7,7,0.9564517636473293
0,7,7,NaN
0,7,7,0.5857933458990237
0,7,7,NaN
0,7,7,0.04781390626053321
0,7,7,NaN
0,7,7,0.7099946859060099
0,7,7,0.5436724551002615
0,7,7,NaN
0,7,7,NaN
0,7,7,0.21062178565472292
0,7,7,0.7099946859060099
0,7,7,0.7742996008795586
0,7,7,NaN
0,7,7,0.6711868417913297
0,7,7,NaN
0,7,7,0.2528786124331575
0,7,7,NaN
0,7,7,NaN
0,7,7,NaN
0,7,7,NaN
0,7,7,NaN
0,7,7,0.8014889144615878
0,7,7,0.0981462602611937
0,7,7,NaN
0,7,7,0.8824229336212897
0,7,7,0.6711868417913297
0,7,7,0.33657069768708664
0,7,7,0.024675701565022693
0,7,7,0.8014889144615878
0,7,7,0.4005674250897617
0,7,7,0.07405642261355087
0,7,7,NaN
0,7,7,0.5436724551002615
0,7,7,0.6711868417913297
0,7,7,NaN
0,7,7,0.5125365312685299
0,7,7,0.16892676507977705
0,7,7,0.6291723264168632
0,7,7,0.6291723264168632
0,7,7,NaN
0,7,7,0.6711868417913297
0,7,7,0.35918334633262433
0,7,7,0.2679723255799404
0,7,7,NaN
0,7,7,0.6291723264168632
0,7,7,NaN
0,7,7,0.23531928851228223
0,7,7,NaN
0,7,7,0.020724062087912304
0,7,7,NaN
0,7,7,0.285231730350609
0,7,7,0.8255935837441757
0,7,7,0.0008187530179389836
0,7,7,NaN
0,7,7,NaN
0,7,7,NaN
0,7,7,0.8824229336212897
0,7,7,0.5436724551002615
0,7,7,0.36810386404377127
0,7,7,NaN
0,7,7,NaN
0,7,7,0.8650076002264386
0,7,7,NaN
0,7,7,NaN
0,7,7,NaN
0,7,7,0.16892676507977705
0,7,7,NaN
0,7,7,NaN
0,7,7,0.6291723264168632
0,7,7,0.5436724551002615
0,7,7,0.4005674250897617
0,7,7,0.12546626889347998
0,7,7,NaN
0,7,7,0.0015273148300051535
0,7,7,0.6291723264168632
0,7,7,NaN
0,7,7,0.6709247690328402
0,7,7,NaN
0,7,7,NaN
0,7,7,0.29577651723030296
0,7,7,NaN
0,7,7,NaN
0,7,7,0.07019806736577638
0,7,7,0.00035295176792316023
0,7,7,0.5436724551002615
0,7,7,NaN
0,7,7,0.44866759124185646
0,7,7,0.21780701902471042
0,7,7,NaN
0,7,7,0.08509261982872529
0,7,7,0.02766704178145161
0,7,7,0.35918334633262433
0,7,7,0.0640450458600324
0,7,7,0.7099946859060099
0,7,7,0.03202415973258554
0,7,7,NaN
0,7,7,0.32204760611626027
0,7,7,0.5436724551002615
0,7,7,0.9370946320424296
0,7,7,0.0002368262269761079
0,7,7,0.7944488592892044
0,7,7,0.07398859749715625
0,7,7,NaN
0,7,7,NaN
0,7,7,0.8824229336212897
0,7,7,0.8460613307452832
0,7,7,NaN
0,7,7,0.7742996008795586
0,7,7,NaN
0,7,7,0.21400780674084532
0,7,7,NaN
0,7,7,NaN
0,7,7,0.44866759124185646
0,7,7,NaN
0,7,7,NaN
0,7,7,NaN
0,7,7,NaN
0,7,7,NaN
0,7,7,0.25053344363659447
0,7,7,0.6291723264168632
0,7,7,0.0981462602611937
0,7,7,NaN
0,7,7,0.015390686967911196
0,7,7,NaN
0,7,7,NaN
0,7,7,NaN
0,7,7,0.02766704178145161
0,7,7,0.018509355078409513
0,7,7,0.9564517636473293
0,7,7,0.16892676507977705
0,7,7,0.02766704178145161
0,7,7,0.1921949779446829
0,7,7,0.9092403267343594
0,7,7,NaN
0,7,7,0.05564176581789621
0,7,7,0.285231730350609
0,7,7,0.020724062087912304
0,7,7,NaN
0,7,7,NaN
0,7,7,NaN
0,7,7,NaN
0,7,7,0.6711868417913297
0,7,7,0.9255431095586868
0,7,7,NaN
0,7,7,NaN
0,7,7,NaN
0,7,7,0.4005674250897617
0,7,7,0.44866759124185646
0,7,7,NaN
0,7,7,0.0640450458600324
0,7,7,NaN
0,7,7,0.9928169178499623
0,7,7,0.00040851710258257867
0,7,7,0.8014889144615878
0,7,7,NaN
0,7,7,0.1921949779446829
0,7,7,0.7099946859060099
0,7,7,NaN
0,7,7,0.5878316751717465
0,7,7,NaN
0,7,7,NaN
0,7,7,NaN
0,7,7,NaN
0,7,7,0.9255431095586868
0,7,7,0.912484067245082
0,7,7,0.35918334633262433
0,7,7,NaN
0,7,7,0.06613184984480831
0,7,7,NaN
0,7,7,NaN
5,1,6,0.9588663323321831
6,0,6,NaN
6,0,6,NaN
4,2,6,NaN
3,3,6,0.04486779737771075
5,1,6,NaN
3,3,6,NaN
6,0,6,0.05923897391108265
5,1,6,NaN
5,1,6,NaN
3,3,6,0.12850144349580897
4,2,6,NaN
2,4,6,NaN
5,1,6,0.8247790229964729
3,3,6,NaN
2,4,6,0.9862691009837826
1,5,6,NaN
4,2,6,0.041655030385332976
5,1,6,0.7742996008795586
3,3,6,0.11225219921941293
6,0,6,NaN
3,3,6,0.7435026469914164
4,2,6,0.1050775856224164
4,2,6,0.21780701902471042
3,3,6,NaN
3,3,6,NaN
3,3,6,NaN
4,2,6,0.6040234258502282
3,3,6,0.285231730350609
3,3,6,0.573340734184012
4,2,6,0.6711868417913297
5,1,6,0.3216037720011639
4,2,6,NaN
1,5,6,0.8460613307452832
6,0,6,NaN
3,3,6,0.8694882455592111
4,2,6,NaN
4,2,6,0.028600353510540095
4,2,6,NaN
3,3,6,NaN
3,3,6,0.32204760611626027
6,0,6,NaN
5,1,6,0.5436724551002615
1,5,6,0.015856537619947736
2,4,6,NaN
4,2,6,NaN
3,3,6,0.747794710211608
6,0,6,NaN
3,3,6,0.2815542026448296
2,4,6,0.9481906106540485
5,1,6,0.7435026469914164
3,3,6,NaN
3,3,6,0.6711868417913297
4,2,6,NaN
2,4,6,0.2771748316747471
4,2,6,0.2506505417905184
3,3,6,0.14701094102636791
4,2,6,0.1921949779446829
6,0,6,0.02766704178145161
6,0,6,0.3841951747945027
5,1,6,0.6291723264168632
4,2,6,0.5857933458990237
3,3,6,0.8502978612386964
2,4,6,0.903021622127843
5,1,6,NaN
5,1,6,0.7099946859060099
5,1,6,0.8975048543322908
6,0,6,NaN
4,2,6,0.6291723264168632
4,2,6,0.285231730350609
3,3,6,NaN
2,4,6,NaN
3,3,6,0.001029754157597507
6,0,6,0.5389559291536357
6,0,6,NaN
2,4,6,NaN
3,3,6,0.8975048543322908
3,3,6,0.32204760611626027
2,4,6,0.14701094102636791
5,1,6,0.44866759124185646
5,1,6,0.0687021089920962
2,4,6,0.1921949779446829
4,2,6,NaN
6,0,6,NaN
5,1,6,0.18495622991659344
3,3,6,0.5857933458990237
3,3,6,0.964109046255293
5,1,6,0.08509261982872529
6,0,6,NaN
6,0,6,0.7099946859060099
4,2,6,0.44866759124185646
4,2,6,0.9481906106540485
3,3,6,0.6291723264168632
5,1,6,NaN
6,0,6,0.8339990739474855
4,2,6,0.5586795437929123
3,3,6,NaN
4,2,6,0.9370946320424296
5,1,6,0.21627268575236883
5,1,6,0.8014889144615878
6,0,6,NaN
2,4,6,NaN
3,3,6,0.032485863050130764
4,2,6,0.5701901494993241
4,2,6,0.8460613307452832
6,0,6,0.41818322792750323
1,5,6,0.21041694454950977
3,3,6,0.5857933458990237
5,1,6,0.008298039172432754
4,2,6,0.12850226924184538
3,3,6,0.7435026469914164
2,4,6,0.03071836900829517
4,2,6,0.07726358452168572
5,1,6,0.6517521037208045
6,0,6,0.44866759124185646
4,2,6,0.0981462602611937
6,0,6,0.9862691009837826
4,2,6,0.4005674250897617
3,3,6,0.9941392787584911
5,1,6,0.015398626173981779
5,1,6,NaN
5,1,6,NaN
6,0,6,0.1717497118335182
6,0,6,0.5430380137664608
3,3,6,NaN
1,5,6,0.8975048543322908
3,3,6,NaN
5,1,6,NaN
2,4,6,NaN
3,3,6,0.8975048543322908
6,0,6,0.033135329286503944
6,0,6,0.04865788038130383
2,4,6,0.7099946859060099
6,0,6,NaN
5,1,6,0.30997140632278397
4,2,6,0.9370946320424296
4,2,6,0.7435026469914164
2,4,6,NaN
2,4,6,0.020724062087912304
1,5,6,0.11225219921941293
2,4,6,NaN
3,3,6,0.9709078151463603
6,0,6,0.343879838105955
5,1,6,NaN
2,4,6,0.2184451416257714
5,1,6,0.7111023434874735
4,2,6,NaN
2,4,6,0.964109046255293
5,1,6,0.5857933458990237
5,1,6,0.2591615899409879
4,2,6,0.9481906106540485
6,0,6,0.1921949779446829
6,0,6,0.9947688305796785
1,5,6,0.4005674250897617
6,0,6,0.44866759124185646
5,1,6,0.8650076002264386
6,0,6,0.02425838351313285
6,0,6,0.14701094102636791
5,1,6,NaN
3,3,6,0.6394268607205618
2,4,6,NaN
5,1,6,0.14148931771967266
5,1,6,0.08454970255001701
5,1,6,0.8255935837441757
6,0,6,NaN
4,2,6,0.4942651038895117
2,4,6,0.10908694117324948
3,3,6,NaN
3,3,6,NaN
6,0,6,0.5931775947743991
3,3,6,NaN
1,5,6,NaN
1,5,6,0.7742996008795586
2,4,6,NaN
4,2,6,0.6077496560885254
2,4,6,0.8460613307452832
2,4,6,0.0075889275125234305
4,2,6,0.03535749136625133
3,3,6,0.21780701902471042
2,4,6,NaN
6,0,6,0.37921983307610774
6,0,6,NaN
2,4,6,0.9255431095586868
6,0,6,0.9703220335374653
3,3,6,0.000765145657808161
3,3,6,0.6291723264168632
4,2,6,0.6168588334878
3,3,6,0.0002049186179815863
6,0,6,0.9255431095586868
2,4,6,0.9255431095586868
5,1,6,0.7435026469914164
4,2,6,0.025419428179397133
3,3,6,NaN
3,3,6,NaN
5,1,6,0.11225219921941293
2,4,6,0.21780701902471042
6,0,6,NaN
3,3,6,0.08509261982872529
2,4,6,0.9899262932434983
6,0,6,0.8460613307452832
2,4,6,0.07398859749715625
3,3,6,NaN
2,4,6,0.11225219921941293
6,0,6,0.912484067245082
2,4,6,0.896105174829985
6,0,6,NaN
4,2,6,0.8593162968582764
5,1,6,0.4005674250897617
4,2,6,NaN
2,4,6,0.6088676172352735
6,0,6,0.8650076002264386
4,2,6,0.09403289735403718
6,0,6,0.8975048543322908
6,0,6,0.33943241863267837
3,3,6,0.964109046255293
6,0,6,NaN
6,0,6,0.8975048543322908
5,1,6,0.09423325052720068
2,4,6,0.8014889144615878
2,4,6,NaN
1,5,6,NaN
4,2,6,NaN
1,5,6,NaN
1,5,6,NaN
4,2,6,0.03184441363446245
6,0,6,NaN
2,4,6,0.5857933458990237
4,2,6,0.08509261982872529
2,4,6,NaN
3,3,6,NaN
5,1,6,0.9255431095586868
3,3,6,0.22135577082993863
5,1,6,NaN
5,1,6,0.5217052777300891
5,1,6,NaN
2,4,6,NaN
4,2,6,0.7742996008795586
4,2,6,NaN
6,0,6,0.6291723264168632
5,1,6,NaN
2,4,6,NaN
3,3,6,0.2623702894765773
6,0,6,NaN
5,1,6,0.8666854663787392
5,1,6,0.041655030385332976
5,1,6,0.7435026469914164
5,1,6,0.2543304847414356
3,3,6,NaN
4,2,6,NaN
5,1,6,0.013135794871795524
2,4,6,0.9851460830538517
4,2,6,0.9703220335374653
3,3,6,NaN
4,2,6,0.35918334633262433
4,2,6,0.6711868417913297
2,4,6,0.11225219921941293
2,4,6,0.9862691009837826
4,2,6,0.6711868417913297
4,2,6,NaN
6,0,6,0.912484067245082
4,2,6,0.08509261982872529
2,4,6,0.2505357535907141
5,1,6,0.8014889144615878
4,2,6,0.5519103011158585
6,0,6,0.0038432830829611135
5,1,6,NaN
3,3,6,0.8650076002264386
4,2,6,NaN
2,4,6,0.7435026469914164
6,0,6,0.8650076002264386
4,2,6,NaN
6,0,6,NaN
6,0,6,0.9966457639645879
3,3,6,NaN
4,2,6,0.12850144349580897
5,1,6,0.964109046255293
2,4,6,0.1921949779446829
5,1,6,NaN
5,1,6,NaN
4,2,6,0.9255431095586868
6,0,6,0.4005674250897617
3,3,6,NaN
4,2,6,0.19393907625012138
4,2,6,NaN
5,1,6,0.0086511623679141
5,1,6,NaN
4,2,6,0.026913239465797656
4,2,6,0.39599255476610273
2,4,6,0.8460613307452832
6,0,6,0.08509261982872529
2,4,6,0.07398859749715625
5,1,6,NaN
4,2,6,0.12249030005495594
4,2,6,0.6711868417913297
6,0,6,NaN
3,3,6,NaN
6,0,6,NaN
3,3,6,NaN
3,3,6,0.741541028165321
6,0,6,0.5857933458990237
6,0,6,0.00013235533929224777
3,3,6,0.13241850286180246
3,3,6,NaN
4,2,6,NaN
2,4,6,NaN
6,0,6,0.8014889144615878
2,4,6,0.6345083505339167
5,1,6,0.011172931809522797
4,2,6,NaN
5,1,6,0.6291723264168632
1,5,6,0.3232892725259245
3,3,6,0.07398859749715625
4,2,6,0.9824684717333119
3,3,6,0.7099946859060099
6,0,6,0.00289609930922565
5,1,6,0.3746565087427962
6,0,6,0.49760645166926687
2,4,6,0.30111879523770435
2,4,6,NaN
3,3,6,NaN
2,4,6,0.4005674250897617
2,4,6,0.5602344912815053
1,5,6,0.04865788038130383
3,3,6,0.21780701902471042
4,2,6,0.8014889144615878
6,0,6,NaN
6,0,6,NaN
2,4,6,NaN
5,1,6,0.8975048543322908
6,0,6,NaN
3,3,6,0.02766704178145161
4,2,6,0.8460613307452832
3,3,6,0.6291723264168632
2,4,6,0.21780701902471042
5,1,6,0.44866759124185646
3,3,6,0.08509261982872529
4,2,6,NaN
5,1,6,0.9314427830059702
4,2,6,0.1099394283113724
4,2,6,0.8975048543322908
4,2,6,NaN
3,3,6,NaN
3,3,6,NaN
4,2,6,NaN
3,3,6,0.011172931809522797
3,3,6,0.6291723264168632
5,1,6,0.4689529251075884
6,0,6,0.8014889144615878
4,2,6,0.7435026469914164
5,1,6,0.4005674250897617
3,3,6,0.4458227714473883
6,0,6,0.35918334633262433
6,0,6,0.442341404511706
2,4,6,0.8460613307452832
4,2,6,NaN
5,1,6,0.0640450458600324
4,2,6,NaN
2,4,6,0.772917668446534
1,5,6,NaN
5,1,6,0.2506505417905184
5,1,6,0.32204760611626027
1,5,6,NaN
2,4,6,0.9928169178499623
6,0,6,0.44866759124185646
4,2,6,0.5857933458990237
2,4,6,0.3714510957094393
3,3,6,0.12000631775280746
3,3,6,0.521881667737355
3,3,6,NaN
5,1,6,0.6711868417913297
5,1,6,0.9370946320424296
4,2,6,NaN
3,3,6,0.8650076002264386
4,2,6,NaN
6,0,6,0.9564517636473293
6,0,6,0.35918334633262433
2,4,6,0.08509261982872529
6,0,6,NaN
4,2,6,0.00289609930922565
3,3,6,0.9196946032837124
4,2,6,NaN
1,5,6,0.04865788038130383
5,1,6,0.0817292849849332
1,5,6,NaN
4,2,6,NaN
6,0,6,0.21780701902471042
3,3,6,0.002189509768491057
4,2,6,0.5436724551002615
3,3,6,NaN
2,4,6,NaN
4,2,6,0.11225219921941293
2,4,6,0.007906188975914729
3,3,6,NaN
4,2,6,NaN
4,2,6,0.040084112195885306
6,0,6,0.8650076002264386
6,0,6,0.005613845056063607
2,4,6,NaN
4,2,6,NaN
4,2,6,0.0981462602611937
4,2,6,0.1921949779446829
4,2,6,NaN
3,3,6,0.5857933458990237
6,0,6,0.21712217051463512
1,5,6,NaN
2,4,6,NaN
2,4,6,NaN
6,0,6,0.6527465958421527
3,3,6,0.03699915555555507
5,1,6,0.6291723264168632
4,2,6,0.16892676507977705
4,2,6,0.5644963095112645
3,3,6,0.0001583114956694355
4,2,6,NaN
4,2,6,0.6853466076076834
5,1,6,0.6291723264168632
4,2,6,0.9370946320424296
2,4,6,0.8320381655987559
2,4,6,0.8460613307452832
5,1,6,NaN
1,5,6,NaN
3,3,6,0.4689529251075884
2,4,6,0.49333838040705696
5,1,6,0.012834865770134886
3,3,6,NaN
4,2,6,0.11225219921941293
5,1,6,0.9564517636473293
5,1,6,0.6291723264168632
6,0,6,NaN
6,0,6,0.7435026469914164
4,2,6,NaN
4,2,6,NaN
6,0,6,0.8650076002264386
6,0,6,0.1921949779446829
4,2,6,NaN
1,5,6,0.5857933458990237
1,5,6,0.9481906106540485
3,3,6,0.49760645166926687
2,4,6,0.1351035968928952
2,4,6,0.8824229336212897
1,5,6,NaN
3,3,6,0.5857933458990237
2,4,6,NaN
1,5,6,0.5436724551002615
3,3,6,0.7568462303324522
2,4,6,0.16892676507977705
3,3,6,0.12850144349580897
5,1,6,0.8255935837441757
2,4,6,0.2506505417905184
5,1,6,NaN
1,5,6,0.6609269070683205
1,5,6,0.9703220335374653
1,5,6,0.005601829531839827
1,5,6,NaN
6,0,6,0.32204760611626027
5,1,6,0.0003075566353731162
6,0,6,NaN
1,5,6,0.32204760611626027
6,0,6,0.1921949779446829
5,1,6,0.01198600400512617
3,3,6,NaN
6,0,6,0.5857933458990237
4,2,6,NaN
5,1,6,0.8014889144615878
4,2,6,0.5436724551002615
5,1,6,0.14701094102636791
3,3,6,NaN
2,4,6,0.8306615167744772
3,3,6,0.9485901921732287
4,2,6,0.11225219921941293
3,3,6,0.6291723264168632
6,0,6,0.6711868417913297
3,3,6,0.468579570769083
6,0,6,0.7435026469914164
6,0,6,0.6291723264168632
3,3,6,NaN
1,5,6,NaN
3,3,6,NaN
4,2,6,NaN
1,5,6,NaN
4,2,6,0.9255431095586868
5,1,6,NaN
3,3,6,0.9947688305796785
6,0,6,NaN
4,2,6,0.6058729448432835
1,5,6,NaN
6,0,6,0.007837788026609073
6,0,6,0.9764973997616925
4,2,6,NaN
5,1,6,0.34548396820054506
4,2,6,0.912484067245082
4,2,6,NaN
2,4,6,NaN
2,4,6,0.2506505417905184
5,1,6,0.1921949779446829
2,4,6,0.6291723264168632
5,1,6,0.285231730350609
5,1,6,NaN
3,3,6,0.6711868417913297
6,0,6,0.5672280132155202
3,3,6,0.16892676507977705
3,3,6,NaN
5,1,6,0.016939583613135654
2,4,6,NaN
4,2,6,0.024305052215242536
3,3,6,0.32204760611626027
4,2,6,0.5436724551002615
3,3,6,0.8975048543322908
5,1,6,0.6323293258163198
6,0,6,0.22138123896157985
2,4,6,0.35918334633262433
2,4,6,NaN
4,2,6,0.9255431095586868
6,0,6,0.9370946320424296
2,4,6,0.8014889144615878
2,4,6,0.49760645166926687
3,3,6,0.12850144349580897
3,3,6,0.9677162682949049
2,4,6,NaN
4,2,6,0.9634993498255111
3,3,6,0.003990059331566645
5,1,6,0.9764973997616925
4,2,6,0.14701094102636791
2,4,6,NaN
2,4,6,0.12035511204894059
4,2,6,6.577592212586289e-7
5,1,6,NaN
5,1,6,0.7742996008795586
2,4,6,0.7742996008795586
5,1,6,NaN
4,2,6,0.6291723264168632
1,5,6,0.03699915555555507
3,3,6,0.2073868387608447
1,5,6,0.35918334633262433
4,2,6,0.0026543834196871693
2,4,6,0.4005674250897617
5,1,6,0.2506505417905184
6,0,6,NaN
3,3,6,0.9949525740995657
2,4,6,0.5436724551002615
5,1,6,0.4701438756470532
3,3,6,0.7742996008795586
2,4,6,0.11225219921941293
5,1,6,NaN
2,4,6,NaN
3,3,6,NaN
1,5,6,0.011284589700400903
6,0,6,NaN
5,1,6,0.4005674250897617
4,2,6,0.21627268575236883
6,0,6,NaN
1,5,6,NaN
1,5,6,NaN
3,3,6,0.1906176499343416
2,4,6,0.49760645166926687
3,3,6,NaN
4,2,6,NaN
5,1,6,0.912484067245082
4,2,6,0.2506505417905184
4,2,6,NaN
2,4,6,NaN
5,1,6,0.8650076002264386
5,1,6,0.005053007444195463
6,0,6,0.7714210237419443
6,0,6,0.4005674250897617
4,2,6,0.26695438944381095
2,4,6,0.8255935837441757
2,4,6,NaN
1,5,6,0.21780701902471042
4,2,6,2.844459957537805e-6
5,1,6,NaN
4,2,6,0.5230710644192451
4,2,6,NaN
4,2,6,NaN
5,1,6,0.8014889144615878
3,3,6,0.7880980725342679
4,2,6,0.49760645166926687
1,5,6,NaN
5,1,6,NaN
1,5,6,0.8255935837441757
5,1,6,0.8824229336212897
4,2,6,0.00025845423278735756
3,3,6,NaN
6,0,6,NaN
4,2,6,NaN
5,1,6,NaN
2,4,6,0.08485723991693596
1,5,6,0.014504113996459015
2,4,6,NaN
5,1,6,0.10490902926748386
2,4,6,0.9255431095586868
5,1,6,NaN
4,2,6,0.06774738267423111
2,4,6,0.9703220335374653
5,1,6,0.1921949779446829
5,1,6,NaN
5,1,6,0.35918334633262433
1,5,6,0.2795790264606393
3,3,6,0.9255431095586868
3,3,6,NaN
4,2,6,0.9928169178499623
1,5,6,0.16892676507977705
5,1,6,NaN
6,0,6,0.14701094102636791
1,5,6,NaN
4,2,6,0.5436724551002615
3,3,6,0.2640427570266024
2,4,6,NaN
4,2,6,0.7435026469914164
4,2,6,NaN
2,4,6,0.44866759124185646
3,3,6,0.07662198008116569
5,1,6,0.7099946859060099
5,1,6,0.4689529251075884
4,2,6,0.912484067245082
3,3,6,NaN
5,1,6,0.09423325052720068
2,4,6,0.8014889144615878
2,4,6,NaN
5,1,6,0.9690028304270454
3,3,6,0.013135794871795524
4,2,6,0.05631407900959844
5,1,6,0.4005674250897617
5,1,6,NaN
2,4,6,0.8460613307452832
4,2,6,NaN
4,2,6,0.21142275939279717
3,3,6,0.1921949779446829
1,5,6,0.8975048543322908
2,4,6,0.8824229336212897
1,5,6,0.6850073248949298
1,5,6,NaN
5,1,6,NaN
4,2,6,NaN
4,2,6,0.04865788038130383
5,1,6,NaN
4,2,6,0.285231730350609
3,3,6,NaN
5,1,6,NaN
1,5,6,0.1921949779446829
5,1,6,0.5436724551002615
6,0,6,NaN
1,5,6,NaN
4,2,6,0.16892676507977705
3,3,6,NaN
3,3,6,NaN
5,1,6,0.32204760611626027
3,3,6,NaN
4,2,6,0.20138548180663202
2,4,6,0.7332621476946317
5,1,6,0.08509261982872529
2,4,6,0.8824229336212897
5,1,6,0.49760645166926687
4,2,6,0.09957369987896017
6,0,6,NaN
2,4,6,0.3487329678553452
3,3,6,0.14701094102636791
2,4,6,0.7099946859060099
2,4,6,NaN
6,0,6,0.9700048850688942
6,0,6,NaN
4,2,6,0.7435026469914164
4,2,6,0.10181478099974905
4,2,6,0.6711868417913297
4,2,6,0.8851851395384643
1,5,6,0.001461467461268543
4,2,6,0.8255935837441757
4,2,6,0.5436724551002615
5,1,6,0.12850144349580897
5,1,6,0.7099946859060099
4,2,6,NaN
4,2,6,0.8824229336212897
1,5,6,NaN
5,1,6,0.6654561633372911
4,2,6,0.0051203299955515326
3,3,6,NaN
2,4,6,0.7379200554178759
3,3,6,0.7097098734428137
4,2,6,0.2506505417905184
6,0,6,0.44866759124185646
6,0,6,0.44866759124185646
3,3,6,0.6711868417913297
6,0,6,NaN
4,2,6,0.32204760611626027
4,2,6,0.6291723264168632
4,2,6,0.0640450458600324
3,3,6,0.14701094102636791
5,1,6,NaN
6,0,6,0.44866759124185646
4,2,6,0.27214598695042785
2,4,6,NaN
6,0,6,NaN
5,1,6,0.1921949779446829
1,5,6,0.285231730350609
3,3,6,0.6291723264168632
1,5,6,0.2506505417905184
3,3,6,0.011883888666515826
4,2,6,NaN
2,4,6,0.16892676507977705
3,3,6,0.0731275170767915
5,1,6,0.1921949779446829
3,3,6,0.09304520992668308
2,4,6,0.7099946859060099
1,5,6,0.36810386404377127
4,2,6,0.019294783582502077
1,5,6,0.03184441363446245
6,0,6,0.0525269957597993
2,4,6,NaN
4,2,6,0.30538955789309585
4,2,6,NaN
4,2,6,NaN
3,3,6,NaN
4,2,6,0.5436724551002615
3,3,6,0.9703220335374653
5,1,6,0.02766704178145161
3,3,6,NaN
4,2,6,0.8975048543322908
3,3,6,0.7099946859060099
6,0,6,0.0031164051977078805
6,0,6,0.5857933458990237
4,2,6,0.6291723264168632
6,0,6,NaN
3,3,6,0.16892676507977705
3,3,6,NaN
4,2,6,0.5857933458990237
5,1,6,0.001090343115366971
5,1,6,NaN
4,2,6,0.35918334633262433
5,1,6,NaN
5,1,6,NaN
5,1,6,NaN
3,3,6,0.16892676507977705
1,5,6,0.9703220335374653
4,2,6,0.49760645166926687
5,1,6,0.001744377060931096
2,4,6,0.2541782990189509
3,3,6,NaN
6,0,6,NaN
3,3,6,0.8824229336212897
5,1,6,0.07398859749715625
5,1,6,0.26878873083337335
5,1,6,0.9706357524463896
3,3,6,NaN
5,1,6,NaN
2,4,6,0.7112222700502638
3,3,6,NaN
3,3,6,NaN
6,0,6,0.6003376191189403
4,2,6,0.8650076002264386
5,1,6,NaN
4,2,6,0.5436724551002615
4,2,6,0.5459916958809841
6,0,6,NaN
6,0,6,NaN
5,1,6,0.8460613307452832
2,4,6,0.44866759124185646
3,3,6,0.8014889144615878
5,1,6,0.6711868417913297
3,3,6,0.7435026469914164
3,3,6,NaN
3,3,6,0.9370946320424296
2,4,6,NaN
3,3,6,0.08509261982872529
5,1,6,0.5857933458990237
5,1,6,0.5436724551002615
5,1,6,0.44866759124185646
5,1,6,NaN
2,4,6,0.0981462602611937
2,4,6,0.8460613307452832
3,3,6,NaN
1,5,6,NaN
3,3,6,NaN
2,4,6,0.0005301278386046871
6,0,6,0.8014889144615878
2,4,6,0.04865788038130383
3,3,6,NaN
2,4,6,0.04865788038130383
3,3,6,NaN
2,4,6,0.4498400593515755
5,1,6,NaN
4,2,6,0.49760645166926687
4,2,6,0.8650076002264386
4,2,6,0.6291723264168632
3,3,6,0.7742996008795586
4,2,6,NaN
3,3,6,NaN
4,2,6,0.4005674250897617
2,4,6,0.5857933458990237
5,1,6,0.9817557942342455
3,3,6,0.4005674250897617
2,4,6,NaN
5,1,6,NaN
1,5,6,NaN
4,2,6,NaN
4,2,6,NaN
3,3,6,NaN
3,3,6,0.23026497568984214
5,1,6,0.32204760611626027
1,5,6,3.3884091973829687e-7
6,0,6,NaN
3,3,6,0.9083129046160273
4,2,6,NaN
4,2,6,NaN
5,1,6,0.0981462602611937
4,2,6,0.21780701902471042
2,4,6,0.6291723264168632
4,2,6,0.9255431095586868
3,3,6,0.16892676507977705
1,5,6,NaN
4,2,6,0.20006859987229816
3,3,6,0.14701094102636791
4,2,6,NaN
5,1,6,0.44866759124185646
6,0,6,NaN
3,3,6,NaN
4,2,6,NaN
3,3,6,NaN
6,0,6,NaN
1,5,6,0.21780701902471042
1,5,6,0.9370946320424296
5,1,6,NaN
6,0,6,NaN
3,3,6,0.8975048543322908
1,5,6,0.14796312362828254
6,0,6,0.5436724551002615
3,3,6,0.08607215760791105
5,1,6,0.003749162233805676
6,0,6,0.7435026469914164
6,0,6,0.6626854344116058
4,2,6,0.8255935837441757
5,1,6,0.32204760611626027
3,3,6,NaN
4,2,6,NaN
3,3,6,0.16892676507977705
6,0,6,NaN
4,2,6,0.3846928525529746
2,4,6,0.35918334633262433
1,5,6,0.21730558192059465
4,2,6,NaN
2,4,6,0.1921949779446829
5,1,6,NaN
2,4,6,0.44866759124185646
2,4,6,0.4694329356398077
2,4,6,0.8460613307452832
3,3,6,0.9255431095586868
3,3,6,NaN
4,2,6,0.03699915555555507
6,0,6,0.8975048543322908
5,1,6,0.44866759124185646
6,0,6,NaN
4,2,6,0.3686338110577726
5,1,6,0.8014889144615878
4,2,6,NaN
4,2,6,0.14701094102636791
4,2,6,0.0022800109171507853
1,5,6,0.4005674250897617
5,1,6,0.7099946859060099
6,0,6,NaN
4,2,6,0.011172931809522797
3,3,6,0.861056420690532
2,4,6,0.6291723264168632
1,5,6,0.8255935837441757
2,4,6,0.6711868417913297
1,5,6,NaN
5,1,6,0.9338829612714531
3,3,6,0.4005674250897617
6,0,6,0.0981462602611937
5,1,6,NaN
6,0,6,0.35918334633262433
6,0,6,0.11225219921941293
4,2,6,NaN
5,1,6,0.0981462602611937
5,1,6,0.5857933458990237
4,2,6,0.14701094102636791
3,3,6,NaN
5,1,6,0.4005674250897617
6,0,6,0.7099946859060099
2,4,6,NaN
2,4,6,0.8529618509734533
5,1,6,0.010031781707248605
5,1,6,0.16892676507977705
4,2,6,0.8650076002264386
2,4,6,0.8539384378242205
3,3,6,0.0981462602611937
5,1,6,0.03699915555555507
3,3,6,0.9564517636473293
2,4,6,0.6711868417913297
3,3,6,NaN
4,2,6,NaN
1,5,6,0.6711868417913297
3,3,6,0.5247496453503077
1,5,6,0.9370946320424296
5,1,6,0.21609077999091614
5,1,6,0.6291723264168632
2,4,6,NaN
5,1,6,0.1921949779446829
1,5,6,0.6291723264168632
4,2,6,0.5857933458990237
4,2,6,0.5857933458990237
3,3,6,0.7099946859060099
1,5,6,0.32204760611626027
3,3,6,0.6558343905522988
1,5,6,NaN
4,2,6,NaN
2,4,6,0.3779337350257542
3,3,6,0.4005674250897617
5,1,6,0.7742996008795586
3,3,6,0.1706328918672906
4,2,6,0.8975048543322908
6,0,6,0.6492290190533468
3,3,6,0.9703220335374653
5,1,6,NaN
2,4,6,0.041655030385332976
4,2,6,0.023887454499875376
6,0,6,0.7435026469914164
4,2,6,0.8339990739474855
1,5,6,NaN
5,1,6,NaN
5,1,6,0.21780701902471042
3,3,6,0.21780701902471042
4,2,6,0.14730746775258668
1,5,6,NaN
3,3,6,0.2506505417905184
3,3,6,0.7099946859060099
1,5,6,0.6291723264168632
4,2,6,NaN
4,2,6,0.44866759124185646
3,3,6,0.7099946859060099
4,2,6,0.8124238838051626
6,0,6,0.00027713050458245134
2,4,6,2.2216644797710184e-6
2,4,6,0.5485863255930943
3,3,6,NaN
2,4,6,NaN
3,3,6,NaN
1,5,6,NaN
2,4,6,NaN
6,0,6,0.8460613307452832
3,3,6,NaN
3,3,6,NaN
3,3,6,0.6367113980404503
3,3,6,0.28702655551649053
3,3,6,0.1921949779446829
5,1,6,0.0981462602611937
3,3,6,0.8650076002264386
2,4,6,NaN
3,3,6,NaN
6,0,6,0.11199046302891189
4,2,6,0.9928169178499623
5,1,6,0.1921949779446829
4,2,6,0.04865788038130383
2,4,6,0.6711868417913297
1,5,6,0.5857933458990237
5,1,6,0.8014889144615878
3,3,6,NaN
3,3,6,0.5817361700796494
2,4,6,NaN
2,4,6,0.44866759124185646
3,3,6,0.14701094102636791
1,5,6,NaN
3,3,6,0.49760645166926687
5,1,6,0.9609779310342775
5,1,6,0.6291723264168632
4,2,6,NaN
6,0,6,NaN
5,1,6,0.7435026469914164
2,4,6,0.001461467461268543
1,5,6,0.9564517636473293
1,5,6,0.593244806431962
1,5,6,0.14701094102636791
3,3,6,0.7151228076855987
5,1,6,NaN
4,2,6,NaN
3,3,6,NaN
1,5,6,0.44511883529085744
6,0,6,0.9255431095586868
2,4,6,NaN
5,1,6,0.08509261982872529
2,4,6,0.912484067245082
2,4,6,NaN
6,0,6,0.6291723264168632
4,2,6,0.0010873355250557092
4,2,6,0.04865788038130383
3,3,6,0.08509261982872529
3,3,6,0.623850765618913
6,0,6,NaN
6,0,6,0.8615512886328999
5,1,6,0.2506505417905184
2,4,6,0.285231730350609
2,4,6,0.49760645166926687
2,4,6,0.001107995665383862
3,3,6,NaN
1,5,6,0.0981462602611937
2,4,6,NaN
6,0,6,NaN
5,1,6,NaN
3,3,6,NaN
4,2,6,0.5857933458990237
2,4,6,0.6291723264168632
2,4,6,0.16892676507977705
3,3,6,NaN
4,2,6,0.44866759124185646
3,3,6,NaN
5,1,6,0.7435026469914164
2,4,6,0.5436724551002615
2,4,6,NaN
1,5,6,0.0981462602611937
4,2,6,0.8650076002264386
2,4,6,0.9564517636473293
5,1,6,0.3093640630246491
2,4,6,0.44866759124185646
2,4,6,0.0862977396988381
3,3,6,0.12850144349580897
3,3,6,NaN
2,4,6,3.8196491092465675e-5
3,3,6,0.8650076002264386
1,5,6,0.12850144349580897
5,1,6,0.3213394527708709
3,3,6,0.03464530030209153
4,2,6,0.05631407900959844
3,3,6,NaN
3,3,6,NaN
3,3,6,0.1921949779446829
6,0,6,0.9703220335374653
4,2,6,0.21780701902471042
4,2,6,NaN
3,3,6,0.2506505417905184
3,3,6,0.7435026469914164
4,2,6,0.6291723264168632
3,3,6,0.912484067245082
4,2,6,NaN
3,3,6,0.49760645166926687
4,2,6,0.9254845891103772
2,4,6,0.7742996008795586
2,4,6,NaN
3,3,6,0.41144409771947327
3,3,6,NaN
5,1,6,0.32204760611626027
4,2,6,0.2677319823503157
2,4,6,0.7272926177128352
6,0,6,0.49760645166926687
1,5,6,0.040084112195885306
2,4,6,0.8255935837441757
3,3,6,NaN
5,1,6,0.8460613307452832
2,4,6,0.0014876778681895367
3,3,6,NaN
2,4,6,0.6096875975565158
2,4,6,NaN
3,3,6,NaN
4,2,6,NaN
3,3,6,NaN
2,4,6,0.7435026469914164
6,0,6,NaN
4,2,6,0.7236838264397335
3,3,6,0.8014889144615878
6,0,6,0.14701094102636791
3,3,6,0.5010975307322786
5,1,6,0.30878556013666114
2,4,6,0.8824229336212897
3,3,6,0.02766704178145161
4,2,6,0.9963401800767422
3,3,6,NaN
6,0,6,0.05631407900959844
2,4,6,0.5655438037029907
1,5,6,0.03015667076279598
3,3,6,0.01871476121464893
6,0,6,0.12747358623617283
2,4,6,0.44866759124185646
6,0,6,0.6088676172352735
2,4,6,0.0981462602611937
4,2,6,NaN
6,0,6,NaN
3,3,6,0.5857933458990237
6,0,6,0.7435026469914164
1,5,6,NaN
2,4,6,NaN
2,4,6,0.8014889144615878
2,4,6,0.6291723264168632
1,5,6,NaN
6,0,6,0.8838415870267881
4,2,6,NaN
4,2,6,0.019108040271172688
1,5,6,NaN
2,4,6,0.9481906106540485
6,0,6,NaN
2,4,6,NaN
3,3,6,0.6291723264168632
1,5,6,NaN
5,1,6,NaN
5,1,6,NaN
2,4,6,0.31348496280852506
4,2,6,0.16892676507977705
1,5,6,0.8255935837441757
1,5,6,0.05631407900959844
6,0,6,0.44511883529085744
1,5,6,0.9764973997616925
2,4,6,NaN
2,4,6,0.0018872732421826948
2,4,6,0.7046401913872677
3,3,6,0.08779223837339908
6,0,6,NaN
5,1,6,0.12850144349580897
3,3,6,0.21780701902471042
5,1,6,0.041655030385332976
3,3,6,0.7109113351403562
5,1,6,0.8014889144615878
5,1,6,NaN
6,0,6,0.7435026469914164
3,3,6,NaN
4,2,6,0.1921949779446829
2,4,6,NaN
5,1,6,0.2506505417905184
4,2,6,0.8460613307452832
4,2,6,0.6872124950484607
4,2,6,0.6291723264168632
6,0,6,0.7435026469914164
3,3,6,0.007006884256977046
3,3,6,0.7435026469914164
6,0,6,0.9989482674351042
3,3,6,0.8255935837441757
5,1,6,0.9764973997616925
4,2,6,0.8014889144615878
2,4,6,0.40984254341684667
2,4,6,0.12850144349580897
3,3,6,0.12939617825602598
5,1,6,0.16892676507977705
4,2,6,NaN
1,5,6,NaN
3,3,6,NaN
3,3,6,0.44866759124185646
2,4,6,NaN
2,4,6,NaN
4,2,6,0.32204760611626027
5,1,6,0.5436724551002615
2,4,6,0.285231730350609
1,5,6,NaN
3,3,6,0.8014889144615878
3,3,6,NaN
3,3,6,NaN
3,3,6,0.21780701902471042
2,4,6,NaN
3,3,6,0.041655030385332976
4,2,6,0.8650076002264386
4,2,6,5.022531849787725e-5
4,2,6,0.2506505417905184
1,5,6,NaN
2,4,6,0.6291723264168632
5,1,6,0.6711868417913297
2,4,6,NaN
3,3,6,NaN
6,0,6,0.5857933458990237
5,1,6,0.22850945795446256
2,4,6,NaN
5,1,6,0.16892676507977705
4,2,6,0.013135794871795524
3,3,6,NaN
6,0,6,NaN
2,4,6,0.6711868417913297
1,5,6,0.32204760611626027
6,0,6,NaN
6,0,6,NaN
3,3,6,0.4458227714473883
2,4,6,NaN
3,3,6,0.07398859749715625
5,1,6,NaN
4,2,6,0.01173105068682725
3,3,6,0.44866759124185646
3,3,6,NaN
1,5,6,0.8824229336212897
4,2,6,0.8460613307452832
2,4,6,0.32204760611626027
4,2,6,5.654153580348247e-7
6,0,6,0.16279748410360217
5,1,6,0.2665397476740769
2,4,6,0.35918334633262433
6,0,6,0.7435026469914164
2,4,6,NaN
2,4,6,NaN
3,3,6,0.21145176725373
3,3,6,0.7099946859060099
3,3,6,NaN
1,5,6,NaN
3,3,6,0.285231730350609
2,4,6,NaN
4,2,6,NaN
5,1,6,NaN
4,2,6,0.49760645166926687
4,2,6,0.9899262932434983
3,3,6,0.285231730350609
6,0,6,0.5857933458990237
5,1,6,0.44866759124185646
5,1,6,0.10962296030204137
3,3,6,0.8975048543322908
3,3,6,0.6094324311026257
5,1,6,NaN
4,2,6,0.14701094102636791
3,3,6,0.34218663792487075
4,2,6,NaN
2,4,6,0.6711868417913297
4,2,6,NaN
4,2,6,0.007443175622349602
1,5,6,NaN
2,4,6,NaN
4,2,6,NaN
2,4,6,NaN
4,2,6,0.02766704178145161
3,3,6,0.8255935837441757
1,5,6,NaN
1,5,6,0.4437568944930373
2,4,6,NaN
3,3,6,NaN
3,3,6,NaN
2,4,6,0.009189665523477854
1,5,6,0.6291723264168632
1,5,6,NaN
3,3,6,NaN
2,4,6,0.6711868417913297
5,1,6,NaN
5,1,6,0.10123729956761238
6,0,6,0.4005674250897617
2,4,6,0.8014889144615878
2,4,6,NaN
4,2,6,NaN
6,0,6,0.8824229336212897
3,3,6,0.44866759124185646
2,4,6,NaN
5,1,6,0.8746633776158972
6,0,6,0.9591968850376247
4,2,6,0.2925886094906936
3,3,6,0.6291723264168632
2,4,6,0.8255935837441757
1,5,6,0.7099946859060099
2,4,6,0.7099946859060099
2,4,6,0.11225219921941293
1,5,6,NaN
4,2,6,0.020809076770810717
2,4,6,0.5857933458990237
1,5,6,0.21145176725373
6,0,6,0.1099394283113724
3,3,6,0.964109046255293
5,1,6,NaN
1,5,6,0.912484067245082
3,3,6,NaN
5,1,6,0.6711868417913297
4,2,6,0.03699915555555507
4,2,6,0.5857933458990237
3,3,6,NaN
4,2,6,NaN
1,5,6,NaN
2,4,6,0.6711868417913297
2,4,6,0.3274875918952555
2,4,6,0.0034167785732571927
2,4,6,0.49760645166926687
3,3,6,0.5436724551002615
2,4,6,0.7435026469914164
1,5,6,0.49760645166926687
3,3,6,NaN
3,3,6,0.09580118658642339
2,4,6,0.9251797404507711
3,3,6,0.024771763000652012
1,5,6,0.30997140632278397
3,3,6,0.7046401913872677
3,3,6,0.4005674250897617
3,3,6,NaN
3,3,6,0.5436724551002615
2,4,6,0.5436724551002615
1,5,6,0.9481906106540485
3,3,6,0.2052576552092138
2,4,6,NaN
3,3,6,0.0981462602611937
5,1,6,0.9481906106540485
3,3,6,NaN
1,5,6,0.8682020029242628
2,4,6,0.8044514310051035
6,0,6,NaN
2,4,6,0.020724062087912304
2,4,6,0.02010889449722215
4,2,6,0.7435026469914164
1,5,6,NaN
5,1,6,NaN
5,1,6,NaN
4,2,6,0.5364521265772237
4,2,6,NaN
4,2,6,0.14701094102636791
3,3,6,0.8975048543322908
3,3,6,0.7435026469914164
2,4,6,0.8255935837441757
2,4,6,0.9947688305796785
2,4,6,0.21627268575236883
5,1,6,0.000993838540297679
1,5,6,0.14701094102636791
2,4,6,NaN
3,3,6,0.9899281688639919
4,2,6,NaN
5,1,6,0.14701094102636791
6,0,6,0.6995618930939951
3,3,6,NaN
2,4,6,0.5436724551002615
2,4,6,0.35918334633262433
2,4,6,0.44866759124185646
5,1,6,NaN
4,2,6,NaN
4,2,6,0.8975048543322908
5,1,6,0.020724062087912304
2,4,6,NaN
6,0,6,NaN
3,3,6,0.041655030385332976
2,4,6,0.135382704114784
2,4,6,0.5857933458990237
2,4,6,0.32204760611626027
3,3,6,0.09580118658642339
6,0,6,NaN
1,5,6,0.48305518709006323
1,5,6,0.39599255476610273
2,4,6,0.006531896091517178
4,2,6,0.9620884793186167
2,4,6,0.053719631726752946
6,0,6,NaN
4,2,6,0.32204760611626027
2,4,6,0.14392544233560725
4,2,6,0.16892676507977705
5,1,6,0.5918082825871049
3,3,6,0.8650076002264386
6,0,6,0.13117306201291254
3,3,6,NaN
4,2,6,NaN
2,4,6,NaN
4,2,6,0.7742996008795586
3,3,6,NaN
1,5,6,0.6812583574611076
2,4,6,NaN
2,4,6,0.20970833354001422
4,2,6,0.8863592841414323
1,5,6,NaN
4,2,6,0.32204760611626027
4,2,6,0.8255935837441757
3,3,6,0.6711868417913297
2,4,6,0.4005674250897617
4,2,6,0.2506505417905184
3,3,6,NaN
3,3,6,NaN
3,3,6,0.8650076002264386
5,1,6,0.5286576949256151
4,2,6,NaN
3,3,6,0.8975048543322908
6,0,6,NaN
3,3,6,0.6951419509170247
2,4,6,NaN
1,5,6,0.32204760611626027
6,0,6,NaN
4,2,6,NaN
4,2,6,NaN
3,3,6,0.6291723264168632
3,3,6,0.258010156974391
2,4,6,0.21780701902471042
2,4,6,0.6291723264168632
1,5,6,0.32204760611626027
4,2,6,NaN
3,3,6,NaN
2,4,6,NaN
3,3,6,0.8650076002264386
1,5,6,0.0015953240857442662
5,1,6,NaN
5,1,6,0.9255431095586868
6,0,6,NaN
2,4,6,0.001090343115366971
2,4,6,0.44866759124185646
4,2,6,0.2011675717148649
5,1,6,0.9370946320424296
2,4,6,NaN
2,4,6,NaN
2,4,6,NaN
3,3,6,0.21780701902471042
2,4,6,0.16638930977649977
3,3,6,0.8014889144615878
1,5,6,0.8255935837441757
1,5,6,NaN
2,4,6,0.49760645166926687
3,3,6,0.5651553435616996
1,5,6,0.7435026469914164
4,2,6,0.3553379272829537
4,2,6,0.3602223501502341
4,2,6,0.8014889144615878
1,5,6,0.7435026469914164
3,3,6,NaN
3,3,6,0.17909015859411045
4,2,6,NaN
2,4,6,NaN
1,5,6,0.5436724551002615
1,5,6,0.6471978305770507
3,3,6,0.2506505417905184
2,4,6,NaN
4,2,6,0.4005674250897617
1,5,6,0.5436724551002615
4,2,6,NaN
5,1,6,0.5436724551002615
4,2,6,NaN
2,4,6,NaN
2,4,6,0.21516389872898173
2,4,6,NaN
2,4,6,0.9255431095586868
2,4,6,0.6291723264168632
3,3,6,0.4034646490648176
3,3,6,0.91181889617999
3,3,6,0.7742996008795586
3,3,6,0.9492805050384766
2,4,6,0.14701094102636791
1,5,6,0.8255935837441757
1,5,6,0.4627147381092685
3,3,6,0.01596034713383348
5,1,6,NaN
1,5,6,0.49760645166926687
1,5,6,0.8014889144615878
2,4,6,0.14701094102636791
4,2,6,0.7099946859060099
3,3,6,0.8975048543322908
3,3,6,0.02766704178145161
3,3,6,0.7099946859060099
1,5,6,0.0981462602611937
1,5,6,NaN
1,5,6,0.5857933458990237
2,4,6,0.48522826625245075
1,5,6,0.9059951582499103
3,3,6,0.8460613307452832
4,2,6,0.5857933458990237
2,4,6,0.21780701902471042
3,3,6,0.9746660608362511
3,3,6,NaN
6,0,6,0.2506505417905184
2,4,6,0.5760977475501808
1,5,6,NaN
2,4,6,NaN
1,5,6,NaN
2,4,6,NaN
2,4,6,0.17066961214815907
2,4,6,0.0640450458600324
2,4,6,0.21780701902471042
5,1,6,0.4884298812307698
3,3,6,0.0981462602611937
4,2,6,NaN
6,0,6,0.4005674250897617
5,1,6,0.285231730350609
3,3,6,0.03699915555555507
1,5,6,0.44866759124185646
2,4,6,0.44866759124185646
4,2,6,NaN
6,0,6,NaN
6,0,6,NaN
4,2,6,0.8014889144615878
3,3,6,0.285231730350609
4,2,6,NaN
1,5,6,0.032485863050130764
3,3,6,0.043676852372748855
3,3,6,NaN
2,4,6,0.6711868417913297
4,2,6,0.21780701902471042
1,5,6,NaN
1,5,6,0.6291723264168632
1,5,6,0.35918334633262433
2,4,6,NaN
2,4,6,0.32204760611626027
3,3,6,0.05631407900959844
2,4,6,0.6763934599418325
3,3,6,0.35918334633262433
1,5,6,NaN
3,3,6,0.3536042129512443
3,3,6,0.14701094102636791
4,2,6,0.912484067245082
3,3,6,0.16892676507977705
3,3,6,0.8824229336212897
6,0,6,0.44866759124185646
6,0,6,NaN
3,3,6,0.44866759124185646
6,0,6,NaN
3,3,6,0.06620929208782411
6,0,6,0.16892676507977705
2,4,6,0.8791702357757255
2,4,6,0.8937800646406895
6,0,6,NaN
4,2,6,0.16638930977649977
1,5,6,NaN
2,4,6,0.5436724551002615
1,5,6,0.32204760611626027
2,4,6,0.6514354628736179
4,2,6,0.35918334633262433
3,3,6,0.0041884393178369195
3,3,6,NaN
5,1,6,0.9179761635083786
3,3,6,NaN
2,4,6,NaN
2,4,6,0.21780701902471042
5,1,6,0.21780701902471042
4,2,6,0.6695156773186309
2,4,6,NaN
2,4,6,0.0981462602611937
2,4,6,0.9255431095586868
3,3,6,NaN
1,5,6,0.04865788038130383
4,2,6,NaN
3,3,6,0.14701094102636791
5,1,6,NaN
6,0,6,0.1921949779446829
2,4,6,NaN
4,2,6,NaN
5,1,6,NaN
1,5,6,0.9843372207196978
3,3,6,0.7742996008795586
2,4,6,0.8975048543322908
1,5,6,0.12850144349580897
2,4,6,0.21780701902471042
4,2,6,0.21780701902471042
2,4,6,0.022194144857593516
3,3,6,0.32204760611626027
3,3,6,0.285231730350609
1,5,6,0.9481906106540485
4,2,6,0.09960728713382308
2,4,6,NaN
2,4,6,0.009189665523477854
5,1,6,NaN
3,3,6,NaN
1,5,6,0.11225219921941293
5,1,6,0.03184441363446245
2,4,6,0.49760645166926687
3,3,6,0.7742996008795586
1,5,6,NaN
5,1,6,0.704475290877889
4,2,6,0.6291723264168632
3,3,6,NaN
2,4,6,NaN
2,4,6,0.05473671051665434
1,5,6,0.002088298285054436
2,4,6,0.9899262932434983
2,4,6,NaN
3,3,6,0.38189073071873747
2,4,6,NaN
5,1,6,0.8014889144615878
2,4,6,NaN
1,5,6,0.4005674250897617
1,5,6,0.8824229336212897
3,3,6,0.03184441363446245
2,4,6,0.7846948929051238
2,4,6,0.6884329255532246
3,3,6,0.2929699309925141
1,5,6,NaN
1,5,6,0.5857933458990237
2,4,6,0.44866759124185646
2,4,6,0.964109046255293
1,5,6,0.6500255162911786
2,4,6,NaN
3,3,6,0.03699915555555507
4,2,6,0.21780701902471042
3,3,6,0.9925760673925216
4,2,6,NaN
4,2,6,0.2506505417905184
3,3,6,0.6291723264168632
4,2,6,0.00881100702830801
2,4,6,0.9764973997616925
2,4,6,NaN
1,5,6,0.1921949779446829
1,5,6,0.7742996008795586
4,2,6,0.9481906106540485
2,4,6,0.49760645166926687
1,5,6,NaN
2,4,6,0.03699915555555507
2,4,6,0.3629066742192794
2,4,6,NaN
1,5,6,NaN
1,5,6,NaN
2,4,6,NaN
2,4,6,0.44866759124185646
4,2,6,0.5857933458990237
3,3,6,0.6393329734529556
6,0,6,0.1159604920911688
1,5,6,0.2506505417905184
2,4,6,0.02766704178145161
1,5,6,0.5436724551002615
2,4,6,0.0017734786117368348
2,4,6,0.2612911616698096
6,0,6,0.0640450458600324
5,1,6,0.26642927692425994
3,3,6,NaN
1,5,6,0.8824229336212897
1,5,6,NaN
2,4,6,0.5436724551002615
1,5,6,0.10936013590765052
3,3,6,0.05631407900959844
4,2,6,NaN
6,0,6,0.0981462602611937
1,5,6,0.44866759124185646
3,3,6,0.6591628504677067
1,5,6,NaN
2,4,6,NaN
3,3,6,0.15074163209556557
1,5,6,0.6291723264168632
6,0,6,NaN
3,3,6,0.7332621476946317
5,1,6,0.07398859749715625
3,3,6,NaN
3,3,6,NaN
5,1,6,0.7568462303324522
3,3,6,0.5979258611535977
3,3,6,NaN
5,1,6,0.0025117603245472147
5,1,6,0.3762482087434974
4,2,6,0.44866759124185646
3,3,6,0.49760645166926687
1,5,6,0.8460613307452832
3,3,6,0.8824229336212897
1,5,6,0.11225219921941293
3,3,6,0.49760645166926687
3,3,6,0.21780701902471042
2,4,6,0.017885932416267757
1,5,6,0.7742996008795586
4,2,6,NaN
1,5,6,0.05631407900959844
1,5,6,0.8014889144615878
6,0,6,NaN
1,5,6,0.8415204856356652
1,5,6,0.8824229336212897
4,2,6,0.44866759124185646
6,0,6,NaN
1,5,6,NaN
2,4,6,0.8255935837441757
2,4,6,0.5857933458990237
5,1,6,0.0981462602611937
2,4,6,0.5857933458990237
1,5,6,NaN
3,3,6,0.8995448183551462
4,2,6,0.025122482694376634
4,2,6,0.04675918986838493
1,5,6,NaN
2,4,6,0.35918334633262433
2,4,6,NaN
1,5,6,NaN
1,5,6,NaN
2,4,6,0.11225219921941293
2,4,6,0.006531896091517178
1,5,6,NaN
3,3,6,0.4005674250897617
4,2,6,NaN
3,3,6,0.08509261982872529
2,4,6,0.01922896414263416
2,4,6,NaN
2,4,6,NaN
3,3,6,0.1921949779446829
1,5,6,0.07398859749715625
2,4,6,NaN
1,5,6,0.0981462602611937
3,3,6,0.5857933458990237
4,2,6,NaN
1,5,6,0.285231730350609
2,4,6,NaN
2,4,6,NaN
2,4,6,0.14701094102636791
2,4,6,NaN
2,4,6,0.2506505417905184
1,5,6,0.4005674250897617
1,5,6,NaN
2,4,6,0.44866759124185646
1,5,6,0.16892676507977705
2,4,6,0.0009219333639079515
3,3,6,NaN
2,4,6,NaN
1,5,6,NaN
3,3,6,0.9743349856524169
1,5,6,0.3567555217536885
2,4,6,NaN
4,2,6,0.0981462602611937
2,4,6,0.12850144349580897
3,3,6,0.573340734184012
4,2,6,NaN
4,2,6,0.35918334633262433
1,5,6,NaN
1,5,6,0.14701094102636791
1,5,6,NaN
2,4,6,0.32204760611626027
2,4,6,0.7135655691414537
3,3,6,NaN
1,5,6,0.49760645166926687
2,4,6,0.468579570769083
3,3,6,NaN
4,2,6,NaN
2,4,6,NaN
3,3,6,NaN
4,2,6,0.04865788038130383
4,2,6,NaN
2,4,6,2.0651401207969355e-7
4,2,6,NaN
4,2,6,NaN
1,5,6,NaN
2,4,6,NaN
1,5,6,0.33657069768708664
2,4,6,0.017345403608254508
1,5,6,0.9481906106540485
3,3,6,NaN
1,5,6,0.2506505417905184
3,3,6,0.131167915508302
2,4,6,0.5436724551002615
2,4,6,0.2506505417905184
2,4,6,NaN
2,4,6,NaN
5,1,6,NaN
1,5,6,0.4150945161468232
3,3,6,0.35918334633262433
2,4,6,NaN
1,5,6,0.7742996008795586
4,2,6,0.1921949779446829
2,4,6,NaN
1,5,6,0.239116756104008
5,1,6,0.32204760611626027
2,4,6,0.14701094102636791
1,5,6,NaN
4,2,6,0.7099946859060099
1,5,6,0.5592596000778604
2,4,6,0.8107729925069059
1,5,6,0.001744377060931096
1,5,6,NaN
1,5,6,0.8460613307452832
1,5,6,0.285231730350609
1,5,6,0.285231730350609
1,5,6,0.35918334633262433
4,2,6,0.32204760611626027
2,4,6,0.32204760611626027
2,4,6,0.16892676507977705
2,4,6,0.35918334633262433
1,5,6,NaN
1,5,6,0.15225974176003185
3,3,6,NaN
4,2,6,0.9564517636473293
3,3,6,0.0021648749154831964
4,2,6,NaN
2,4,6,NaN
4,2,6,0.8255935837441757
2,4,6,0.9947688305796785
1,5,6,0.07398859749715625
2,4,6,0.8839673277960697
3,3,6,0.12014958284001422
1,5,6,0.07009062509203073
2,4,6,0.04865788038130383
3,3,6,0.6351254674748779
1,5,6,0.003990059331566645
3,3,6,6.045928197629099e-6
2,4,6,0.6291723264168632
2,4,6,0.5436724551002615
4,2,6,NaN
2,4,6,0.11225219921941293
6,0,6,NaN
1,5,6,0.49760645166926687
2,4,6,NaN
1,5,6,NaN
2,4,6,NaN
1,5,6,0.05631407900959844
6,0,6,0.5436724551002615
4,2,6,0.7738301713205992
2,4,6,0.35918334633262433
2,4,6,0.5436724551002615
2,4,6,NaN
4,2,6,0.9444442241907973
1,5,6,0.21780701902471042
1,5,6,0.11225219921941293
3,3,6,0.8460613307452832
2,4,6,0.11225219921941293
1,5,6,NaN
2,4,6,0.0015180962506012455
3,3,6,NaN
3,3,6,NaN
3,3,6,0.0981462602611937
3,3,6,0.7967385874300211
2,4,6,0.05897968497745212
2,4,6,0.012129405754919683
1,5,6,NaN
1,5,6,0.8593162968582764
2,4,6,0.6804017048834924
1,5,6,0.9255431095586868
1,5,6,NaN
1,5,6,NaN
4,2,6,0.6291723264168632
2,4,6,0.5857933458990237
1,5,6,NaN
1,5,6,NaN
2,4,6,NaN
2,4,6,0.8255935837441757
1,5,6,NaN
2,4,6,0.6207952268388501
4,2,6,NaN
1,5,6,0.285231730350609
3,3,6,0.0981462602611937
2,4,6,0.6291723264168632
1,5,6,0.5436724551002615
2,4,6,0.999916779459509
1,5,6,NaN
2,4,6,0.14713849637239798
2,4,6,NaN
1,5,6,NaN
2,4,6,NaN
3,3,6,0.08509261982872529
2,4,6,0.05631407900959844
4,2,6,0.0640450458600324
1,5,6,NaN
2,4,6,0.053596857994061886
2,4,6,0.22341498915989078
2,4,6,NaN
2,4,6,NaN
2,4,6,NaN
1,5,6,NaN
2,4,6,NaN
2,4,6,NaN
1,5,6,0.44866759124185646
2,4,6,NaN
1,5,6,0.285231730350609
3,3,6,NaN
2,4,6,0.01778917275416047
1,5,6,0.8014889144615878
2,4,6,NaN
3,3,6,NaN
2,4,6,0.8014889144615878
2,4,6,0.8255935837441757
1,5,6,0.44866759124185646
2,4,6,NaN
2,4,6,0.2941766320559644
1,5,6,NaN
1,5,6,NaN
2,4,6,0.00023288871045787964
3,3,6,0.8145851911043679
1,5,6,NaN
1,5,6,0.015856537619947736
4,2,6,NaN
3,3,6,0.7742996008795586
1,5,6,NaN
3,3,6,NaN
3,3,6,0.285231730350609
1,5,6,0.285231730350609
1,5,6,NaN
1,5,6,0.93524391672536
2,4,6,0.44866759124185646
3,3,6,6.156778851720958e-5
2,4,6,NaN
2,4,6,0.9979992395325202
3,3,6,0.020724062087912304
3,3,6,0.8014889144615878
1,5,6,NaN
2,4,6,0.010590872004956719
1,5,6,0.14701094102636791
1,5,6,NaN
2,4,6,0.16892676507977705
1,5,6,0.12035511204894059
5,1,6,0.1921949779446829
1,5,6,0.7742996008795586
1,5,6,NaN
1,5,6,0.12850144349580897
2,4,6,0.12692245498152596
3,3,6,0.7435026469914164
4,2,6,NaN
2,4,6,0.44866759124185646
2,4,6,0.5857933458990237
2,4,6,0.02456744364302267
2,4,6,0.8255935837441757
2,4,6,NaN
1,5,6,0.8460613307452832
1,5,6,NaN
1,5,6,0.8255935837441757
3,3,6,0.0640450458600324
1,5,6,NaN
2,4,6,0.7435026469914164
1,5,6,NaN
2,4,6,NaN
1,5,6,NaN
1,5,6,0.5878316751717465
2,4,6,0.6291723264168632
3,3,6,0.7099946859060099
5,1,6,NaN
2,4,6,0.8650076002264386
1,5,6,NaN
2,4,6,0.285231730350609
1,5,6,0.4005674250897617
1,5,6,0.05631407900959844
1,5,6,NaN
5,1,6,NaN
2,4,6,0.34110387520029795
1,5,6,NaN
1,5,6,0.4005674250897617
1,5,6,0.9444796838658518
1,5,6,0.0640450458600324
3,3,6,0.04812370126666399
1,5,6,NaN
1,5,6,NaN
1,5,6,0.006514576717819695
1,5,6,NaN
4,2,6,NaN
3,3,6,NaN
3,3,6,NaN
1,5,6,NaN
1,5,6,0.07398859749715625
1,5,6,0.49760645166926687
1,5,6,0.8014889144615878
1,5,6,0.8975048543322908
1,5,6,NaN
2,4,6,NaN
1,5,6,0.2612186244949008
2,4,6,0.6291723264168632
2,4,6,0.6170306909979111
2,4,6,0.44866759124185646
1,5,6,NaN
1,5,6,0.7846948929051238
1,5,6,NaN
1,5,6,NaN
1,5,6,0.35918334633262433
1,5,6,0.8460613307452832
1,5,6,0.0981462602611937
1,5,6,0.7832860406875137
2,4,6,0.5467791629791107
1,5,6,0.5436724551002615
1,5,6,0.17519703014042512
2,4,6,0.0640450458600324
2,4,6,0.44866759124185646
1,5,6,NaN
1,5,6,NaN
1,5,6,NaN
1,5,6,0.7435026469914164
3,3,6,0.44866759124185646
1,5,6,0.07398859749715625
2,4,6,0.5436724551002615
1,5,6,0.8460613307452832
2,4,6,0.5631342597364275
1,5,6,0.7435026469914164
6,0,6,NaN
1,5,6,NaN
1,5,6,0.4005674250897617
1,5,6,0.8728633420836748
1,5,6,0.6272762081355364
3,3,6,0.0981462602611937
2,4,6,0.8824229336212897
1,5,6,0.6291723264168632
2,4,6,0.6291723264168632
1,5,6,0.9564517636473293
2,4,6,0.14701094102636791
1,5,6,0.32204760611626027
1,5,6,9.592909221132039e-5
1,5,6,0.12850144349580897
1,5,6,0.912484067245082
1,5,6,0.4005674250897617
2,4,6,0.02960193374750217
1,5,6,0.32204760611626027
1,5,6,0.6343547062003867
1,5,6,NaN
1,5,6,0.5857933458990237
1,5,6,0.7435026469914164
1,5,6,NaN
1,5,6,NaN
1,5,6,0.12850144349580897
1,5,6,0.16892676507977705
1,5,6,0.35918334633262433
1,5,6,0.8255935837441757
2,4,6,0.0981462602611937
1,5,6,0.32204760611626027
1,5,6,NaN
1,5,6,0.043178830138042204
1,5,6,NaN
1,5,6,0.010097978020528621
2,4,6,0.11225219921941293
1,5,6,NaN
1,5,6,NaN
1,5,6,NaN
1,5,6,NaN
2,4,6,NaN
1,5,6,NaN
1,5,6,0.004715231185707418
1,5,6,0.14701094102636791
1,5,6,0.5436724551002615
1,5,6,0.00030474794096000773
1,5,6,0.024240533873210263
1,5,6,0.285231730350609
1,5,6,0.5129348874144404
1,5,6,0.35918334633262433
1,5,6,0.14701094102636791
1,5,6,NaN
1,5,6,0.07398859749715625
2,4,6,0.5436724551002615
1,5,6,NaN
1,5,6,NaN
1,5,6,NaN
1,5,6,0.8650076002264386
0,6,6,NaN
0,6,6,0.7099946859060099
0,6,6,0.6408622746602716
0,6,6,0.9370946320424296
0,6,6,0.8650076002264386
0,6,6,NaN
0,6,6,NaN
0,6,6,0.4005674250897617
0,6,6,NaN
0,6,6,NaN
0,6,6,0.6711868417913297
0,6,6,0.35918334633262433
0,6,6,0.08509261982872529
0,6,6,0.912484067245082
0,6,6,0.3234752005693682
0,6,6,NaN
0,6,6,0.6711868417913297
0,6,6,0.9564517636473293
0,6,6,0.7742996008795586
0,6,6,0.11225219921941293
0,6,6,NaN
0,6,6,NaN
0,6,6,NaN
0,6,6,0.0640450458600324
0,6,6,NaN
0,6,6,NaN
0,6,6,0.001439727911398946
0,6,6,0.7736679054452751
0,6,6,0.08509261982872529
0,6,6,0.2506505417905184
0,6,6,0.35918334633262433
0,6,6,0.8255935837441757
0,6,6,NaN
0,6,6,0.03184441363446245
0,6,6,0.7435026469914164
0,6,6,0.1921949779446829
0,6,6,0.964109046255293
0,6,6,NaN
0,6,6,0.6709247690328402
0,6,6,NaN
0,6,6,0.5857933458990237
0,6,6,0.8460613307452832
0,6,6,0.14701094102636791
0,6,6,0.49760645166926687
0,6,6,0.8650076002264386
0,6,6,NaN
0,6,6,NaN
0,6,6,NaN
0,6,6,0.7435026469914164
0,6,6,0.9370946320424296
0,6,6,0.014304700817937612
0,6,6,0.11837731021914769
0,6,6,NaN
0,6,6,0.6999791907732508
0,6,6,0.21780701902471042
0,6,6,0.964109046255293
0,6,6,NaN
0,6,6,NaN
0,6,6,NaN
0,6,6,NaN
0,6,6,NaN
0,6,6,0.09845788366090855
0,6,6,0.1921949779446829
0,6,6,0.285231730350609
0,6,6,0.03119198563478845
0,6,6,NaN
0,6,6,NaN
0,6,6,0.4435125150761472
0,6,6,NaN
0,6,6,NaN
0,6,6,NaN
0,6,6,NaN
0,6,6,0.9663221514288363
0,6,6,0.0033881878221090336
0,6,6,0.7099946859060099
0,6,6,NaN
0,6,6,NaN
0,6,6,NaN
0,6,6,NaN
0,6,6,NaN
0,6,6,NaN
0,6,6,NaN
0,6,6,0.4923676977189323
0,6,6,NaN
0,6,6,0.8650076002264386
0,6,6,NaN
0,6,6,0.38342249393726274
0,6,6,NaN
0,6,6,0.8460613307452832
0,6,6,NaN
0,6,6,0.5547607873811298
0,6,6,NaN
0,6,6,0.6291723264168632
0,6,6,NaN
0,6,6,0.529426467315798
0,6,6,NaN
0,6,6,NaN
0,6,6,0.11225219921941293
0,6,6,NaN
0,6,6,NaN
0,6,6,0.7435026469914164
0,6,6,NaN
0,6,6,0.21780701902471042
0,6,6,NaN
0,6,6,NaN
0,6,6,NaN
0,6,6,0.9703220335374653
0,6,6,NaN
0,6,6,NaN
0,6,6,0.7742996008795586
0,6,6,NaN
0,6,6,0.08509261982872529
0,6,6,0.4005674250897617
0,6,6,0.9564517636473293
0,6,6,NaN
0,6,6,0.8650076002264386
0,6,6,NaN
0,6,6,NaN
0,6,6,0.12850144349580897
0,6,6,NaN
0,6,6,0.12850144349580897
0,6,6,0.015390686967911196
0,6,6,NaN
0,6,6,0.7586672492917106
0,6,6,NaN
0,6,6,0.017885932416267757
0,6,6,NaN
0,6,6,0.529426467315798
0,6,6,NaN
0,6,6,0.5857933458990237
0,6,6,0.6291723264168632
0,6,6,0.16892676507977705
0,6,6,NaN
0,6,6,NaN
0,6,6,NaN
0,6,6,0.8255935837441757
0,6,6,0.04486779737771075
0,6,6,0.32204760611626027
0,6,6,NaN
0,6,6,NaN
0,6,6,NaN
0,6,6,0.14701094102636791
0,6,6,0.5857933458990237
0,6,6,0.4005674250897617
0,6,6,0.8824229336212897
0,6,6,0.00027965109029019926
0,6,6,0.08509261982872529
0,6,6,0.5857933458990237
0,6,6,0.1921949779446829
0,6,6,0.21145176725373
0,6,6,NaN
0,6,6,NaN
0,6,6,NaN
0,6,6,0.5857933458990237
0,6,6,0.00013332809907890526
0,6,6,0.014292810689291814
0,6,6,NaN
0,6,6,0.7435026469914164
0,6,6,0.7099946859060099
0,6,6,NaN
0,6,6,NaN
0,6,6,NaN
0,6,6,NaN
0,6,6,NaN
0,6,6,NaN
0,6,6,0.9255431095586868
0,6,6,0.03699915555555507
0,6,6,NaN
0,6,6,NaN
0,6,6,0.009189665523477854
0,6,6,NaN
0,6,6,NaN
0,6,6,0.05721755285159441
0,6,6,0.32204760611626027
0,6,6,0.02148127019954466
0,6,6,0.12850144349580897
0,6,6,0.041655030385332976
0,6,6,0.05631407900959844
0,6,6,0.44866759124185646
0,6,6,NaN
0,6,6,NaN
0,6,6,0.8014889144615878
0,6,6,0.036074138819073114
0,6,6,NaN
0,6,6,NaN
0,6,6,0.05631407900959844
0,6,6,0.8014889144615878
0,6,6,0.5857933458990237
0,6,6,0.7096434967652215
0,6,6,0.285231730350609
0,6,6,NaN
0,6,6,0.8605559038405546
0,6,6,NaN
0,6,6,0.8975048543322908
0,6,6,0.9255431095586868
0,6,6,0.8650076002264386
0,6,6,NaN
0,6,6,0.0981462602611937
0,6,6,NaN
0,6,6,0.8863592841414323
0,6,6,0.7271206995827098
0,6,6,NaN
0,6,6,0.5857933458990237
0,6,6,0.49760645166926687
0,6,6,0.4694329356398077
0,6,6,NaN
0,6,6,NaN
0,6,6,0.285231730350609
0,6,6,NaN
0,6,6,NaN
0,6,6,NaN
0,6,6,NaN
0,6,6,NaN
0,6,6,0.5857933458990237
0,6,6,0.15200644026835977
0,6,6,0.35918334633262433
0,6,6,0.8014889144615878
0,6,6,NaN
0,6,6,NaN
0,6,6,0.5857933458990237
0,6,6,NaN
0,6,6,0.11225219921941293
0,6,6,0.32204760611626027
0,6,6,0.005837114499605823
0,6,6,0.964109046255293
0,6,6,0.34518712258659534
0,6,6,0.5436724551002615
0,6,6,0.041655030385332976
0,6,6,0.1921949779446829
0,6,6,NaN
0,6,6,NaN
0,6,6,0.4005674250897617
0,6,6,0.03184441363446245
0,6,6,0.0003603289843666779
0,6,6,0.35918334633262433
0,6,6,0.7435026469914164
0,6,6,NaN
0,6,6,0.021626967475377346
0,6,6,0.9564517636473293
0,6,6,0.5857933458990237
0,6,6,NaN
0,6,6,0.16994386290724464
0,6,6,0.2506505417905184
0,6,6,NaN
0,6,6,NaN
0,6,6,0.7435026469914164
0,6,6,0.4005674250897617
0,6,6,NaN
0,6,6,0.0166184400942462
0,6,6,NaN
0,6,6,NaN
0,6,6,0.4005674250897617
0,6,6,0.9564517636473293
0,6,6,NaN
0,6,6,0.6291723264168632
0,6,6,0.8255935837441757
0,6,6,NaN
0,6,6,NaN
0,6,6,NaN
0,6,6,NaN
0,6,6,NaN
0,6,6,0.6711868417913297
0,6,6,0.44866759124185646
0,6,6,NaN
0,6,6,0.16892676507977705
0,6,6,0.7582899002385499
0,6,6,0.44866759124185646
0,6,6,0.7742996008795586
0,6,6,NaN
0,6,6,NaN
0,6,6,NaN
0,6,6,NaN
0,6,6,NaN
0,6,6,NaN
0,6,6,NaN
0,6,6,NaN
0,6,6,NaN
0,6,6,0.44866759124185646
0,6,6,NaN
0,6,6,NaN
0,6,6,0.6654561633372911
0,6,6,0.9370946320424296
0,6,6,0.5857933458990237
0,6,6,0.6291723264168632
0,6,6,NaN
0,6,6,0.7742996008795586
0,6,6,NaN
0,6,6,NaN
0,6,6,0.8824229336212897
0,6,6,NaN
0,6,6,0.44866759124185646
0,6,6,NaN
0,6,6,NaN
0,6,6,0.6035415650088962
0,6,6,NaN
0,6,6,0.35918334633262433
0,6,6,0.32204760611626027
0,6,6,0.5857933458990237
0,6,6,0.16480508910765582
0,6,6,0.12850144349580897
0,6,6,NaN
0,6,6,0.1921949779446829
0,6,6,0.2506505417905184
0,6,6,NaN
0,6,6,0.05631407900959844
0,6,6,0.0001700993055637967
0,6,6,NaN
0,6,6,0.2844473757075258
0,6,6,1.6354423664314822e-6
0,6,6,NaN
0,6,6,NaN
0,6,6,NaN
0,6,6,NaN
0,6,6,0.7099946859060099
0,6,6,0.49760645166926687
0,6,6,NaN
0,6,6,NaN
0,6,6,0.12850144349580897
2,3,5,NaN
3,2,5,NaN
2,3,5,0.964109046255293
2,3,5,0.8684472148901718
1,4,5,0.4005674250897617
2,3,5,NaN
2,3,5,NaN
2,3,5,0.8460613307452832
4,1,5,0.29774794732727333
5,0,5,0.8975048543322908
5,0,5,NaN
5,0,5,NaN
4,1,5,NaN
5,0,5,NaN
3,2,5,0.4005674250897617
5,0,5,NaN
3,2,5,0.8650076002264386
5,0,5,0.46158709333002634
4,1,5,0.49760645166926687
4,1,5,0.5436724551002615
2,3,5,0.20940303286125617
2,3,5,0.32204760611626027
1,4,5,NaN
3,2,5,0.023887454499875376
4,1,5,0.5857933458990237
3,2,5,0.011172931809522797
2,3,5,0.29577651723030296
3,2,5,0.1921949779446829
1,4,5,0.07398859749715625
4,1,5,NaN
4,1,5,NaN
3,2,5,0.5436724551002615
3,2,5,0.2660523394555988
5,0,5,0.0001092308278204717
5,0,5,0.9204490269732328
4,1,5,NaN
1,4,5,NaN
3,2,5,NaN
3,2,5,0.9481906106540485
1,4,5,NaN
3,2,5,0.8460613307452832
4,1,5,NaN
4,1,5,NaN
4,1,5,NaN
5,0,5,NaN
4,1,5,0.644605015181735
2,3,5,0.8735491805070114
4,1,5,NaN
4,1,5,0.9649782055235239
3,2,5,0.7759806386975252
3,2,5,NaN
3,2,5,0.20596654721915925
4,1,5,0.9481906106540485
5,0,5,NaN
4,1,5,0.7657277705347237
3,2,5,0.04865788038130383
4,1,5,NaN
4,1,5,0.6051807231555205
5,0,5,NaN
3,2,5,0.0640450458600324
3,2,5,NaN
3,2,5,0.11798608325658753
3,2,5,0.44866759124185646
2,3,5,NaN
3,2,5,0.32204760611626027
2,3,5,0.7742996008795586
2,3,5,0.9255431095586868
3,2,5,0.020724062087912304
4,1,5,0.041655030385332976
5,0,5,NaN
1,4,5,NaN
3,2,5,0.32204760611626027
3,2,5,0.35918334633262433
3,2,5,NaN
3,2,5,0.7099946859060099
5,0,5,0.6291723264168632
5,0,5,0.4005674250897617
4,1,5,0.7099946859060099
3,2,5,0.07398859749715625
2,3,5,NaN
4,1,5,0.17435173841129226
3,2,5,NaN
3,2,5,0.6711868417913297
4,1,5,NaN
2,3,5,0.8212767352467094
5,0,5,0.49760645166926687
3,2,5,0.7435026469914164
5,0,5,NaN
1,4,5,NaN
2,3,5,NaN
3,2,5,0.8014889144615878
2,3,5,0.009189665523477854
4,1,5,NaN
3,2,5,NaN
3,2,5,NaN
2,3,5,NaN
3,2,5,0.8567885733143017
5,0,5,NaN
3,2,5,0.7021638078739064
3,2,5,NaN
5,0,5,NaN
5,0,5,0.8197080021438784
5,0,5,NaN
3,2,5,NaN
2,3,5,0.9492805050384766
5,0,5,0.04853695198236578
2,3,5,0.07398859749715625
4,1,5,NaN
3,2,5,NaN
5,0,5,0.5857933458990237
5,0,5,0.32204760611626027
3,2,5,NaN
3,2,5,0.0003319156376781736
3,2,5,NaN
5,0,5,0.7099946859060099
5,0,5,0.11225219921941293
4,1,5,0.4005674250897617
4,1,5,NaN
2,3,5,NaN
5,0,5,NaN
4,1,5,NaN
1,4,5,NaN
2,3,5,NaN
3,2,5,NaN
4,1,5,NaN
5,0,5,0.7466225208195237
4,1,5,0.4005674250897617
2,3,5,0.8460613307452832
1,4,5,0.16892676507977705
3,2,5,0.0640450458600324
5,0,5,NaN
4,1,5,0.7099946859060099
2,3,5,0.9764973997616925
1,4,5,0.8824229336212897
3,2,5,0.0981462602611937
5,0,5,NaN
2,3,5,0.9370946320424296
4,1,5,NaN
3,2,5,NaN
1,4,5,0.4664591052808626
4,1,5,0.7834962692293777
4,1,5,0.03699915555555507
3,2,5,0.5857933458990237
2,3,5,NaN
2,3,5,0.6466791372926444
3,2,5,0.2506505417905184
4,1,5,0.35918334633262433
4,1,5,0.6291723264168632
4,1,5,0.06899165050934054
5,0,5,NaN
3,2,5,0.5720006536507067
3,2,5,0.8650076002264386
2,3,5,0.8014889144615878
4,1,5,0.8014889144615878
3,2,5,0.5857933458990237
2,3,5,0.015390686967911196
5,0,5,0.032206349656087936
2,3,5,0.1921949779446829
3,2,5,0.7905577313241433
3,2,5,0.09258166640116937
2,3,5,NaN
4,1,5,0.35918334633262433
5,0,5,NaN
2,3,5,0.1706957546727405
5,0,5,0.9481906106540485
1,4,5,0.03184441363446245
4,1,5,NaN
4,1,5,0.6711868417913297
4,1,5,0.12288597637334824
2,3,5,NaN
3,2,5,NaN
3,2,5,0.1921949779446829
3,2,5,NaN
5,0,5,0.9764973997616925
3,2,5,NaN
4,1,5,NaN
3,2,5,0.9817557942342455
4,1,5,0.04192418074988385
3,2,5,0.1921949779446829
1,4,5,0.8255935837441757
3,2,5,NaN
5,0,5,0.8490048883169583
4,1,5,0.7979216016661407
4,1,5,0.8460613307452832
4,1,5,0.9361366824112012
4,1,5,0.16892676507977705
4,1,5,NaN
2,3,5,0.002844999854249953
4,1,5,NaN
2,3,5,0.7742996008795586
5,0,5,NaN
5,0,5,NaN
5,0,5,NaN
5,0,5,0.08509261982872529
2,3,5,0.010018215897147617
4,1,5,0.7135655691414537
2,3,5,0.2506505417905184
2,3,5,0.2506505417905184
4,1,5,NaN
1,4,5,0.2554261338750788
2,3,5,0.07398859749715625
1,4,5,NaN
4,1,5,NaN
3,2,5,NaN
4,1,5,0.9564517636473293
4,1,5,NaN
5,0,5,NaN
5,0,5,0.14664014278315585
3,2,5,NaN
2,3,5,0.16892676507977705
5,0,5,NaN
3,2,5,0.9370946320424296
3,2,5,0.1921949779446829
1,4,5,0.3653336775078737
1,4,5,0.49760645166926687
2,3,5,0.006531896091517178
2,3,5,NaN
4,1,5,NaN
5,0,5,0.1514935103149642
5,0,5,NaN
5,0,5,0.4005674250897617
5,0,5,0.49760645166926687
1,4,5,NaN
4,1,5,0.35918334633262433
3,2,5,0.3541370539104541
2,3,5,NaN
3,2,5,0.07398859749715625
4,1,5,NaN
4,1,5,0.2506505417905184
2,3,5,0.9370946320424296
5,0,5,0.7435026469914164
4,1,5,0.285231730350609
2,3,5,NaN
3,2,5,0.2506505417905184
1,4,5,0.6291723264168632
4,1,5,NaN
3,2,5,0.1225327955014358
2,3,5,0.8255935837441757
3,2,5,NaN
2,3,5,NaN
4,1,5,0.4732524990138548
3,2,5,0.7435026469914164
4,1,5,0.8824229336212897
2,3,5,0.6291723264168632
3,2,5,0.8975048543322908
1,4,5,NaN
3,2,5,NaN
5,0,5,NaN
5,0,5,0.18759550328195185
2,3,5,NaN
3,2,5,NaN
2,3,5,0.8351982054297991
4,1,5,0.006531896091517178
3,2,5,0.079216395306072
3,2,5,0.12850144349580897
4,1,5,0.6711868417913297
4,1,5,0.8014889144615878
2,3,5,0.0030266243781080586
3,2,5,0.6711868417913297
2,3,5,0.2506505417905184
5,0,5,0.6170306909979111
5,0,5,0.2547386250803313
5,0,5,0.8255935837441757
2,3,5,NaN
5,0,5,NaN
2,3,5,0.8650076002264386
3,2,5,NaN
4,1,5,0.7742996008795586
3,2,5,0.8014889144615878
5,0,5,0.5135827060188615
5,0,5,0.6291723264168632
2,3,5,NaN
2,3,5,0.9071130879867347
3,2,5,0.5857933458990237
2,3,5,0.8975048543322908
3,2,5,0.12035511204894059
5,0,5,0.6214564032355316
5,0,5,0.020724062087912304
5,0,5,0.8824229336212897
1,4,5,0.08509261982872529
5,0,5,0.912484067245082
1,4,5,NaN
5,0,5,NaN
4,1,5,NaN
2,3,5,0.3851295139181143
2,3,5,0.6322866162295329
4,1,5,NaN
4,1,5,NaN
2,3,5,NaN
1,4,5,NaN
4,1,5,0.08842904026410998
3,2,5,NaN
3,2,5,0.00016918776590703802
5,0,5,NaN
1,4,5,NaN
4,1,5,NaN
1,4,5,0.8255935837441757
2,3,5,NaN
3,2,5,0.9928169178499623
3,2,5,NaN
2,3,5,0.16692661869124484
3,2,5,0.11225219921941293
4,1,5,0.4005674250897617
3,2,5,NaN
4,1,5,0.49760645166926687
2,3,5,0.42989064123007786
3,2,5,0.8857203467685515
5,0,5,NaN
4,1,5,NaN
2,3,5,0.9423994673326692
1,4,5,NaN
5,0,5,0.7819918968988679
3,2,5,0.6711868417913297
4,1,5,0.23423255695371223
5,0,5,NaN
2,3,5,0.8014889144615878
5,0,5,NaN
1,4,5,NaN
2,3,5,NaN
2,3,5,0.964109046255293
1,4,5,0.7435026469914164
4,1,5,0.03184441363446245
2,3,5,0.6511686363140768
4,1,5,0.912484067245082
5,0,5,0.6323293258163198
2,3,5,NaN
5,0,5,0.4005674250897617
5,0,5,0.8014889144615878
3,2,5,NaN
1,4,5,NaN
3,2,5,0.32204760611626027
2,3,5,NaN
1,4,5,0.4005674250897617
4,1,5,0.0981462602611937
4,1,5,0.7742996008795586
3,2,5,NaN
5,0,5,0.8824229336212897
1,4,5,0.7435026469914164
3,2,5,0.7084506177337786
5,0,5,0.49760645166926687
2,3,5,0.05631407900959844
5,0,5,0.6480420342300885
3,2,5,NaN
4,1,5,NaN
4,1,5,0.8975048543322908
3,2,5,NaN
3,2,5,0.44866759124185646
3,2,5,NaN
1,4,5,0.8824229336212897
5,0,5,NaN
1,4,5,NaN
4,1,5,NaN
4,1,5,NaN
3,2,5,NaN
1,4,5,NaN
3,2,5,0.49760645166926687
4,1,5,0.5743361031695958
3,2,5,0.12850144349580897
4,1,5,0.7099946859060099
5,0,5,0.6291723264168632
5,0,5,0.2506505417905184
2,3,5,0.9059951582499103
5,0,5,0.5436724551002615
3,2,5,0.8269738332287646
2,3,5,0.9255431095586868
3,2,5,NaN
5,0,5,0.16019726952148192
5,0,5,0.5857933458990237
4,1,5,NaN
2,3,5,0.7380462180477425
3,2,5,NaN
4,1,5,0.8255935837441757
4,1,5,0.21780701902471042
3,2,5,NaN
3,2,5,NaN
2,3,5,0.8014889144615878
5,0,5,0.9481906106540485
1,4,5,0.2506505417905184
5,0,5,0.9501295569728182
5,0,5,0.532426015264075
4,1,5,0.05565695959829345
5,0,5,NaN
5,0,5,NaN
1,4,5,0.8014889144615878
4,1,5,0.49760645166926687
4,1,5,0.49760645166926687
5,0,5,NaN
2,3,5,0.44866759124185646
3,2,5,0.4005674250897617
5,0,5,0.9481906106540485
5,0,5,0.9831109109099602
2,3,5,NaN
5,0,5,NaN
4,1,5,0.9370946320424296
3,2,5,NaN
5,0,5,NaN
4,1,5,0.2632636880149651
4,1,5,0.7742996008795586
3,2,5,NaN
2,3,5,0.7742996008795586
5,0,5,0.0014490817590159736
5,0,5,NaN
3,2,5,NaN
3,2,5,NaN
2,3,5,0.0086511623679141
3,2,5,0.7742996008795586
2,3,5,0.5857933458990237
2,3,5,NaN
4,1,5,0.8320381655987559
3,2,5,0.7435026469914164
4,1,5,NaN
5,0,5,0.056543934109262305
5,0,5,0.8650076002264386
5,0,5,0.3461225814207984
5,0,5,NaN
3,2,5,0.1256709969941861
1,4,5,NaN
3,2,5,0.700555885953331
5,0,5,0.5857933458990237
5,0,5,0.8975048543322908
5,0,5,0.14468919985307532
2,3,5,NaN
4,1,5,0.1921949779446829
3,2,5,0.27506562693571646
2,3,5,0.5857933458990237
4,1,5,NaN
2,3,5,0.21780701902471042
2,3,5,0.285231730350609
3,2,5,0.7435026469914164
5,0,5,NaN
4,1,5,0.03184441363446245
3,2,5,0.7099946859060099
5,0,5,NaN
1,4,5,NaN
4,1,5,NaN
1,4,5,0.3746565087427962
1,4,5,0.8255935837441757
4,1,5,NaN
4,1,5,0.44866759124185646
2,3,5,0.7099946859060099
5,0,5,0.37539477195663595
2,3,5,0.08460955230732642
3,2,5,NaN
4,1,5,0.14701094102636791
3,2,5,0.9180379805408941
2,3,5,0.8255935837441757
3,2,5,0.44866759124185646
3,2,5,0.4005674250897617
4,1,5,0.3025752858572891
1,4,5,0.9817557942342455
4,1,5,NaN
4,1,5,NaN
3,2,5,0.6291723264168632
5,0,5,0.49760645166926687
4,1,5,0.8975048543322908
2,3,5,0.49760645166926687
1,4,5,0.4357180202839036
3,2,5,0.44866759124185646
3,2,5,NaN
1,4,5,6.172795015512851e-5
3,2,5,0.013945215844496008
1,4,5,0.017885932416267757
5,0,5,NaN
4,1,5,NaN
4,1,5,0.49344238966855986
3,2,5,0.0981462602611937
5,0,5,NaN
3,2,5,NaN
3,2,5,NaN
4,1,5,0.4005674250897617
3,2,5,NaN
2,3,5,NaN
2,3,5,0.39728324911986573
4,1,5,0.7353936415348823
3,2,5,0.4005674250897617
2,3,5,NaN
5,0,5,NaN
2,3,5,NaN
3,2,5,0.8792358180869095
3,2,5,NaN
4,1,5,0.5857933458990237
2,3,5,0.9764973997616925
4,1,5,NaN
3,2,5,0.16892676507977705
4,1,5,NaN
3,2,5,0.32204760611626027
4,1,5,0.0640450458600324
2,3,5,NaN
4,1,5,0.285231730350609
3,2,5,NaN
3,2,5,0.6711868417913297
2,3,5,NaN
3,2,5,0.6711868417913297
5,0,5,0.16892676507977705
5,0,5,NaN
5,0,5,NaN
3,2,5,0.9862691009837826
1,4,5,0.8249512880916652
3,2,5,NaN
4,1,5,0.16892676507977705
3,2,5,NaN
4,1,5,0.3746565087427962
2,3,5,0.9737254025119936
2,3,5,NaN
3,2,5,NaN
4,1,5,0.3541370539104541
4,1,5,NaN
3,2,5,0.6288483405780129
1,4,5,0.8460613307452832
2,3,5,0.5436724551002615
3,2,5,0.5875812378638737
2,3,5,0.6826851098662106
4,1,5,NaN
2,3,5,0.02766704178145161
2,3,5,0.8415204856356652
3,2,5,NaN
3,2,5,NaN
3,2,5,0.014691355420970444
3,2,5,NaN
3,2,5,0.5857933458990237
3,2,5,0.35918334633262433
3,2,5,0.7009427131692695
3,2,5,0.14701094102636791
2,3,5,0.8991820062067295
3,2,5,0.9255431095586868
4,1,5,NaN
3,2,5,NaN
2,3,5,0.06899165050934054
3,2,5,NaN
2,3,5,NaN
2,3,5,0.8460613307452832
1,4,5,NaN
4,1,5,0.21780701902471042
5,0,5,NaN
5,0,5,0.7742996008795586
3,2,5,0.8650076002264386
3,2,5,0.6711868417913297
1,4,5,0.21965516704390217
2,3,5,0.03184441363446245
1,4,5,0.2632636880149651
1,4,5,0.4005674250897617
4,1,5,0.041655030385332976
3,2,5,0.0640450458600324
5,0,5,NaN
4,1,5,0.009189665523477854
1,4,5,NaN
5,0,5,0.03699915555555507
4,1,5,NaN
2,3,5,0.6711868417913297
3,2,5,0.02766704178145161
1,4,5,0.07398859749715625
1,4,5,NaN
2,3,5,NaN
3,2,5,0.285231730350609
3,2,5,NaN
3,2,5,0.8824229336212897
5,0,5,0.1887272264088842
4,1,5,NaN
2,3,5,0.04865788038130383
3,2,5,NaN
4,1,5,0.8014889144615878
4,1,5,0.07398859749715625
3,2,5,NaN
3,2,5,NaN
2,3,5,0.3050277960941831
2,3,5,0.0017438678723651188
1,4,5,0.10138582082674709
2,3,5,NaN
2,3,5,NaN
5,0,5,NaN
5,0,5,0.8460613307452832
2,3,5,0.12850144349580897
5,0,5,0.10075876794039777
4,1,5,0.6369066956128061
1,4,5,0.03699915555555507
4,1,5,NaN
5,0,5,NaN
2,3,5,NaN
1,4,5,NaN
3,2,5,NaN
4,1,5,NaN
4,1,5,0.0640450458600324
2,3,5,0.9862691009837826
1,4,5,0.9131309591156541
4,1,5,0.8975048543322908
1,4,5,0.4005674250897617
2,3,5,0.970592200363076
4,1,5,0.6291723264168632
5,0,5,NaN
4,1,5,NaN
4,1,5,0.7099946859060099
4,1,5,0.44866759124185646
2,3,5,NaN
2,3,5,0.8460613307452832
1,4,5,0.6711868417913297
4,1,5,NaN
1,4,5,NaN
3,2,5,0.02766704178145161
3,2,5,0.912484067245082
3,2,5,0.6291723264168632
4,1,5,NaN
1,4,5,0.285231730350609
3,2,5,0.3149742872603093
5,0,5,0.6599012119555526
4,1,5,NaN
4,1,5,0.1099394283113724
1,4,5,0.529426467315798
5,0,5,0.285231730350609
4,1,5,NaN
5,0,5,0.7099946859060099
4,1,5,NaN
2,3,5,0.04865788038130383
3,2,5,0.8460613307452832
4,1,5,NaN
4,1,5,0.0981462602611937
2,3,5,NaN
3,2,5,0.002088298285054436
3,2,5,NaN
4,1,5,NaN
4,1,5,0.12850144349580897
1,4,5,0.004973872632022677
3,2,5,0.038598916933829455
2,3,5,0.006531896091517178
4,1,5,0.22269568407782234
3,2,5,NaN
2,3,5,0.7742996008795586
1,4,5,NaN
3,2,5,0.593244806431962
2,3,5,0.12257576989555373
5,0,5,NaN
2,3,5,0.7742996008795586
4,1,5,0.16892676507977705
4,1,5,0.45090555381883957
2,3,5,0.4689529251075884
3,2,5,NaN
2,3,5,0.013135794871795524
5,0,5,0.4226534810456746
5,0,5,0.3517726459451381
1,4,5,0.7353936415348823
3,2,5,NaN
3,2,5,0.8255935837441757
4,1,5,0.32204760611626027
2,3,5,0.21780701902471042
3,2,5,0.1839469325606383
2,3,5,2.6253858321765074e-6
4,1,5,0.8975048543322908
5,0,5,0.4627147381092685
3,2,5,0.9649782055235239
3,2,5,0.8255935837441757
3,2,5,0.4005674250897617
3,2,5,0.8824229336212897
2,3,5,0.35918334633262433
5,0,5,0.4005674250897617
4,1,5,0.7742996008795586
4,1,5,NaN
5,0,5,0.014330316194860943
4,1,5,0.11225219921941293
1,4,5,0.9481906106540485
2,3,5,0.6593584708571086
2,3,5,NaN
5,0,5,0.5436724551002615
2,3,5,0.023887454499875376
4,1,5,NaN
5,0,5,0.028600353510540095
2,3,5,0.2344840650753849
5,0,5,NaN
2,3,5,NaN
3,2,5,NaN
3,2,5,0.7435026469914164
3,2,5,0.8460613307452832
2,3,5,NaN
2,3,5,0.912484067245082
2,3,5,0.908776856303011
3,2,5,0.6711868417913297
2,3,5,0.7099946859060099
1,4,5,NaN
3,2,5,0.12850144349580897
5,0,5,0.5979164898593026
4,1,5,0.4005674250897617
3,2,5,NaN
3,2,5,0.4005674250897617
1,4,5,0.8255935837441757
3,2,5,0.07886153930589634
3,2,5,0.09792253619956236
5,0,5,0.015390686967911196
1,4,5,0.9481906106540485
5,0,5,0.7435026469914164
3,2,5,0.6711868417913297
2,3,5,0.5857933458990237
1,4,5,NaN
3,2,5,0.9370946320424296
3,2,5,NaN
2,3,5,0.007391394119360491
2,3,5,0.3873173428333978
3,2,5,NaN
3,2,5,NaN
3,2,5,NaN
5,0,5,0.14701094102636791
4,1,5,NaN
4,1,5,NaN
5,0,5,0.9255431095586868
3,2,5,NaN
3,2,5,NaN
1,4,5,0.2696783374012991
4,1,5,0.7099946859060099
1,4,5,NaN
4,1,5,0.9817557942342455
4,1,5,0.9882001669356383
4,1,5,0.8824229336212897
5,0,5,0.003970502881117223
2,3,5,0.9764973997616925
2,3,5,NaN
4,1,5,0.9255431095586868
4,1,5,0.9862691009837826
4,1,5,NaN
2,3,5,0.5436724551002615
1,4,5,0.19153638928482689
2,3,5,0.08509261982872529
1,4,5,NaN
4,1,5,0.5436724551002615
3,2,5,0.6711868417913297
3,2,5,0.49760645166926687
5,0,5,0.6291723264168632
5,0,5,7.46144460234484e-5
1,4,5,NaN
1,4,5,NaN
4,1,5,0.7435026469914164
5,0,5,NaN
3,2,5,NaN
1,4,5,0.6711868417913297
4,1,5,0.02766704178145161
2,3,5,NaN
5,0,5,0.5857933458990237
5,0,5,NaN
5,0,5,0.4408759182932357
5,0,5,0.9571019255194521
4,1,5,0.5436724551002615
2,3,5,0.04865788038130383
5,0,5,0.9342060226980303
5,0,5,NaN
5,0,5,0.22064419866021964
2,3,5,0.020529434172625094
3,2,5,NaN
1,4,5,NaN
3,2,5,0.912484067245082
4,1,5,0.6385523147354637
1,4,5,0.35918334633262433
5,0,5,NaN
4,1,5,0.8579929583301659
3,2,5,0.8975048543322908
3,2,5,0.21780701902471042
5,0,5,NaN
3,2,5,0.5424987914431505
2,3,5,0.16892676507977705
5,0,5,NaN
5,0,5,NaN
4,1,5,0.912484067245082
3,2,5,0.6711868417913297
2,3,5,0.05631407900959844
5,0,5,NaN
2,3,5,0.11881532774824315
2,3,5,NaN
2,3,5,NaN
5,0,5,NaN
3,2,5,0.49760645166926687
1,4,5,0.8975048543322908
2,3,5,NaN
4,1,5,0.35918334633262433
4,1,5,0.593244806431962
5,0,5,0.8757218031125134
2,3,5,0.49760645166926687
1,4,5,0.5045334882796498
2,3,5,0.9925760673925216
4,1,5,NaN
5,0,5,0.4005674250897617
5,0,5,NaN
2,3,5,0.14701094102636791
4,1,5,0.7099946859060099
5,0,5,0.4005674250897617
5,0,5,NaN
3,2,5,0.004086768908391644
2,3,5,0.025122482694376634
1,4,5,NaN
3,2,5,0.9564517636473293
2,3,5,0.8593162968582764
3,2,5,0.015390686967911196
5,0,5,0.9564517636473293
5,0,5,NaN
2,3,5,NaN
5,0,5,0.285231730350609
4,1,5,NaN
1,4,5,0.21145176725373
3,2,5,NaN
4,1,5,0.00018761799077434704
1,4,5,NaN
4,1,5,NaN
3,2,5,0.44866759124185646
1,4,5,NaN
2,3,5,NaN
2,3,5,NaN
4,1,5,0.26470764650654743
3,2,5,0.8014889144615878
5,0,5,0.6711868417913297
1,4,5,0.285231730350609
3,2,5,0.4454592731234947
3,2,5,0.7742996008795586
5,0,5,NaN
5,0,5,0.35918334633262433
4,1,5,NaN
2,3,5,0.7742996008795586
5,0,5,NaN
3,2,5,0.0010552331911790804
3,2,5,NaN
4,1,5,NaN
5,0,5,0.16892676507977705
4,1,5,0.5857933458990237
4,1,5,0.285231730350609
5,0,5,0.6291723264168632
4,1,5,0.44866759124185646
5,0,5,0.0640450458600324
1,4,5,NaN
4,1,5,NaN
2,3,5,NaN
5,0,5,0.7435026469914164
3,2,5,0.912484067245082
4,1,5,0.44866759124185646
3,2,5,0.023887454499875376
4,1,5,NaN
5,0,5,0.90301928329957
2,3,5,0.4005674250897617
5,0,5,NaN
4,1,5,0.08509261982872529
3,2,5,NaN
2,3,5,0.14701094102636791
2,3,5,0.818604818593013
3,2,5,0.4437568944930373
3,2,5,NaN
5,0,5,NaN
5,0,5,NaN
4,1,5,NaN
2,3,5,0.4005674250897617
4,1,5,0.21780701902471042
2,3,5,0.35918334633262433
5,0,5,0.35918334633262433
5,0,5,0.8255935837441757
3,2,5,NaN
2,3,5,NaN
4,1,5,0.8792358180869095
4,1,5,NaN
3,2,5,0.49760645166926687
2,3,5,0.5436724551002615
3,2,5,0.5857933458990237
3,2,5,0.6862010920051422
1,4,5,0.8460613307452832
2,3,5,0.14701094102636791
4,1,5,0.16892676507977705
3,2,5,0.0640450458600324
1,4,5,NaN
5,0,5,0.9764973997616925
1,4,5,0.8030051953682895
5,0,5,0.49760645166926687
4,1,5,0.4005674250897617
2,3,5,NaN
3,2,5,0.8824229336212897
3,2,5,0.32204760611626027
3,2,5,NaN
3,2,5,0.9370946320424296
3,2,5,0.8255935837441757
5,0,5,NaN
3,2,5,0.8460613307452832
4,1,5,0.3153505064794068
2,3,5,0.7435026469914164
2,3,5,NaN
2,3,5,NaN
4,1,5,0.9492805050384766
2,3,5,0.9255431095586868
5,0,5,0.7099946859060099
1,4,5,0.03995974793223568
5,0,5,NaN
2,3,5,NaN
3,2,5,0.8975048543322908
2,3,5,NaN
2,3,5,0.2506505417905184
2,3,5,0.6711868417913297
2,3,5,0.9370946320424296
2,3,5,0.16094265203934896
4,1,5,NaN
3,2,5,0.8255935837441757
4,1,5,NaN
3,2,5,0.15281664900989048
1,4,5,NaN
3,2,5,0.285231730350609
2,3,5,NaN
2,3,5,0.7742996008795586
5,0,5,0.931203541031283
4,1,5,NaN
5,0,5,NaN
1,4,5,0.6711868417913297
2,3,5,0.1351035968928952
1,4,5,0.8014889144615878
2,3,5,NaN
3,2,5,0.41324734641426186
2,3,5,0.49760645166926687
2,3,5,0.44866759124185646
1,4,5,NaN
1,4,5,0.0640450458600324
4,1,5,0.39105435259178045
4,1,5,0.9217894570588915
3,2,5,NaN
5,0,5,NaN
1,4,5,0.35918334633262433
3,2,5,0.9703220335374653
4,1,5,0.001968035255358889
3,2,5,0.34570683372214617
4,1,5,0.5857933458990237
5,0,5,NaN
5,0,5,0.7099946859060099
2,3,5,NaN
2,3,5,0.8402590491330568
2,3,5,0.5436724551002615
2,3,5,NaN
1,4,5,NaN
5,0,5,0.11225219921941293
2,3,5,NaN
3,2,5,0.8650076002264386
4,1,5,NaN
3,2,5,0.07398859749715625
4,1,5,NaN
4,1,5,0.03219129735432314
1,4,5,0.8014889144615878
5,0,5,NaN
4,1,5,NaN
2,3,5,NaN
2,3,5,NaN
1,4,5,0.8014889144615878
1,4,5,NaN
1,4,5,0.2506505417905184
4,1,5,0.8014889144615878
4,1,5,NaN
4,1,5,NaN
2,3,5,NaN
3,2,5,0.9370946320424296
3,2,5,NaN
1,4,5,0.8014889144615878
2,3,5,0.009189665523477854
5,0,5,0.7435026469914164
2,3,5,0.49760645166926687
5,0,5,0.7099946859060099
5,0,5,NaN
5,0,5,NaN
4,1,5,0.8255935837441757
2,3,5,0.7099946859060099
3,2,5,NaN
3,2,5,NaN
4,1,5,NaN
1,4,5,NaN
3,2,5,0.7759806386975252
5,0,5,0.5436724551002615
2,3,5,0.017885932416267757
3,2,5,0.7435026469914164
5,0,5,0.964109046255293
5,0,5,NaN
3,2,5,0.30168664178244803
3,2,5,0.010018215897147617
5,0,5,0.029267860438085564
3,2,5,0.44866759124185646
3,2,5,0.4694329356398077
3,2,5,0.9669191249339866
3,2,5,NaN
3,2,5,0.9862691009837826
4,1,5,0.35918334633262433
3,2,5,0.8249512880916652
3,2,5,NaN
3,2,5,0.529426467315798
5,0,5,NaN
3,2,5,0.0522456677690533
3,2,5,0.025499247004321865
3,2,5,NaN
2,3,5,0.9481906106540485
4,1,5,0.0640450458600324
5,0,5,0.2506505417905184
5,0,5,0.21780701902471042
4,1,5,0.2506505417905184
3,2,5,0.007837788026609073
5,0,5,0.8381554564030077
1,4,5,0.6291723264168632
4,1,5,0.05631407900959844
3,2,5,NaN
3,2,5,0.35918334633262433
5,0,5,0.8014889144615878
3,2,5,NaN
3,2,5,0.2632636880149651
4,1,5,0.30328863449682
5,0,5,0.6291723264168632
2,3,5,NaN
2,3,5,NaN
3,2,5,NaN
1,4,5,NaN
1,4,5,0.08509261982872529
2,3,5,NaN
1,4,5,NaN
1,4,5,0.6711868417913297
3,2,5,0.11225219921941293
5,0,5,0.017885932416267757
3,2,5,0.6291723264168632
1,4,5,0.12850144349580897
1,4,5,0.8255935837441757
2,3,5,NaN
4,1,5,0.7099946859060099
4,1,5,0.8824229336212897
5,0,5,0.49760645166926687
2,3,5,0.7653499483128415
3,2,5,0.0640450458600324
3,2,5,0.5424987914431505
4,1,5,NaN
2,3,5,NaN
3,2,5,0.20011244993050015
3,2,5,0.6133500318624345
3,2,5,0.8460613307452832
1,4,5,0.03699915555555507
5,0,5,0.7742996008795586
3,2,5,0.4005674250897617
3,2,5,0.2506505417905184
2,3,5,NaN
4,1,5,0.0981462602611937
4,1,5,0.285231730350609
2,3,5,0.9654731062138094
4,1,5,0.21780701902471042
2,3,5,0.6291723264168632
3,2,5,0.3459551372566139
2,3,5,0.5436724551002615
3,2,5,NaN
3,2,5,NaN
1,4,5,NaN
2,3,5,NaN
2,3,5,NaN
4,1,5,0.5857933458990237
2,3,5,0.49760645166926687
3,2,5,NaN
3,2,5,0.5857933458990237
1,4,5,NaN
2,3,5,NaN
1,4,5,0.8460613307452832
5,0,5,0.9862691009837826
4,1,5,0.9255431095586868
4,1,5,0.6291723264168632
4,1,5,0.068040086242066
5,0,5,NaN
3,2,5,NaN
2,3,5,NaN
3,2,5,0.35918334633262433
3,2,5,0.024299302889332304
2,3,5,0.7742996008795586
3,2,5,0.21780701902471042
2,3,5,NaN
4,1,5,0.0011507436578056672
4,1,5,NaN
5,0,5,0.12850144349580897
3,2,5,0.39599255476610273
5,0,5,0.13416857153315173
4,1,5,0.7742996008795586
1,4,5,0.6291723264168632
2,3,5,NaN
3,2,5,0.08646432610766097
3,2,5,NaN
2,3,5,0.9255431095586868
2,3,5,0.7435026469914164
4,1,5,0.5857933458990237
2,3,5,0.0005597529105651905
2,3,5,NaN
3,2,5,0.44866759124185646
2,3,5,NaN
2,3,5,NaN
3,2,5,0.7099946859060099
3,2,5,0.6711868417913297
2,3,5,NaN
1,4,5,0.11225219921941293
5,0,5,NaN
3,2,5,0.02766704178145161
4,1,5,NaN
3,2,5,0.964109046255293
2,3,5,0.2011675717148649
1,4,5,0.4874566751050018
3,2,5,NaN
3,2,5,0.3154962015657881
1,4,5,NaN
4,1,5,0.7742996008795586
4,1,5,NaN
2,3,5,0.964109046255293
3,2,5,0.16892676507977705
3,2,5,0.11225219921941293
2,3,5,0.05631407900959844
1,4,5,NaN
2,3,5,NaN
2,3,5,0.017885932416267757
2,3,5,0.6291723264168632
3,2,5,0.00017089092308560487
2,3,5,0.8503572076572632
3,2,5,0.9481906106540485
2,3,5,NaN
5,0,5,0.7294185663537489
2,3,5,0.35918334633262433
1,4,5,0.8824229336212897
2,3,5,0.993465459535428
3,2,5,0.9771818809385099
4,1,5,NaN
5,0,5,NaN
5,0,5,0.44866759124185646
3,2,5,NaN
3,2,5,0.07398859749715625
2,3,5,0.023887454499875376
2,3,5,0.9817557942342455
2,3,5,0.912484067245082
3,2,5,0.5547607873811298
4,1,5,0.34070019328544887
3,2,5,0.6814540502879332
5,0,5,0.8489427038983314
2,3,5,0.03061465335373687
3,2,5,NaN
4,1,5,NaN
3,2,5,0.8255935837441757
1,4,5,NaN
2,3,5,NaN
4,1,5,0.16892676507977705
4,1,5,0.32204760611626027
3,2,5,0.5857933458990237
2,3,5,0.27488227523809394
1,4,5,NaN
2,3,5,NaN
1,4,5,NaN
5,0,5,0.8255935837441757
4,1,5,NaN
5,0,5,NaN
2,3,5,NaN
4,1,5,0.285231730350609
3,2,5,0.023887454499875376
3,2,5,NaN
3,2,5,NaN
3,2,5,NaN
2,3,5,0.024822459456842704
3,2,5,0.0981462602611937
4,1,5,NaN
1,4,5,0.12850144349580897
3,2,5,0.7380462180477425
3,2,5,0.9255431095586868
3,2,5,NaN
3,2,5,0.5857933458990237
2,3,5,0.8460613307452832
1,4,5,0.6291723264168632
2,3,5,0.7742996008795586
5,0,5,0.8460613307452832
5,0,5,NaN
4,1,5,NaN
5,0,5,0.8474421980144696
1,4,5,0.44866759124185646
5,0,5,0.0981462602611937
2,3,5,NaN
4,1,5,0.49760645166926687
4,1,5,0.5436724551002615
3,2,5,0.8650076002264386
3,2,5,0.14701094102636791
4,1,5,NaN
1,4,5,NaN
2,3,5,0.041655030385332976
2,3,5,0.9255431095586868
2,3,5,0.49760645166926687
2,3,5,0.8014889144615878
4,1,5,0.0981462602611937
5,0,5,0.2506505417905184
4,1,5,0.7435026469914164
1,4,5,0.03488790453420083
5,0,5,NaN
2,3,5,0.7435026469914164
1,4,5,0.5339427736633725
5,0,5,0.1099394283113724
3,2,5,NaN
4,1,5,0.0525269957597993
2,3,5,0.023887454499875376
4,1,5,0.8255935837441757
3,2,5,0.8460613307452832
2,3,5,0.9370946320424296
4,1,5,0.00030317250992742493
1,4,5,0.0029040718030016945
4,1,5,NaN
3,2,5,NaN
5,0,5,0.8014889144615878
2,3,5,NaN
5,0,5,0.013135794871795524
3,2,5,NaN
3,2,5,0.4005674250897617
5,0,5,NaN
4,1,5,0.8124960996286213
4,1,5,0.49760645166926687
5,0,5,NaN
1,4,5,0.3686338110577726
3,2,5,NaN
4,1,5,1.782620280514095e-7
1,4,5,NaN
4,1,5,0.6291723264168632
3,2,5,NaN
4,1,5,NaN
1,4,5,0.8832571014145125
3,2,5,0.32204760611626027
2,3,5,0.5311895665758201
2,3,5,0.49760645166926687
2,3,5,0.7099946859060099
2,3,5,NaN
3,2,5,NaN
1,4,5,0.43136210992948737
5,0,5,NaN
5,0,5,NaN
4,1,5,NaN
4,1,5,NaN
2,3,5,0.21516389872898173
4,1,5,0.7099946859060099
4,1,5,NaN
5,0,5,0.7742996008795586
5,0,5,NaN
1,4,5,0.32204760611626027
2,3,5,0.04865788038130383
2,3,5,NaN
5,0,5,0.9255431095586868
5,0,5,NaN
2,3,5,NaN
4,1,5,NaN
3,2,5,0.04046121427604585
4,1,5,0.8975048543322908
4,1,5,NaN
4,1,5,0.05631407900959844
2,3,5,0.11392027384950769
3,2,5,0.16892676507977705
3,2,5,0.5436724551002615
2,3,5,NaN
2,3,5,NaN
3,2,5,0.6711868417913297
3,2,5,NaN
5,0,5,0.9184302053690517
4,1,5,0.5436724551002615
5,0,5,0.4299211895269884
2,3,5,0.05963677967592234
5,0,5,0.6291723264168632
5,0,5,NaN
3,2,5,0.11225219921941293
1,4,5,0.9817557942342455
5,0,5,0.285231730350609
4,1,5,0.13640172468834122
3,2,5,NaN
4,1,5,0.4005674250897617
3,2,5,0.9564517636473293
3,2,5,0.8975048543322908
2,3,5,0.49760645166926687
3,2,5,0.2925302080168306
4,1,5,NaN
1,4,5,0.9370946320424296
2,3,5,0.21780701902471042
2,3,5,0.5918082825871049
3,2,5,0.593244806431962
5,0,5,0.12850144349580897
1,4,5,NaN
3,2,5,NaN
4,1,5,0.18218896509917562
1,4,5,0.9564517636473293
3,2,5,0.7684628847132786
2,3,5,0.07398859749715625
3,2,5,0.2391625794692603
3,2,5,0.7099946859060099
2,3,5,NaN
2,3,5,0.6291723264168632
3,2,5,NaN
1,4,5,0.14701094102636791
3,2,5,0.9283817592259374
4,1,5,0.35918334633262433
2,3,5,0.12850144349580897
5,0,5,0.20940303286125617
4,1,5,0.6322866162295329
3,2,5,NaN
2,3,5,0.08779223837339908
3,2,5,0.41670917247005984
3,2,5,NaN
3,2,5,0.9564517636473293
2,3,5,0.8650076002264386
2,3,5,NaN
3,2,5,0.285231730350609
2,3,5,NaN
3,2,5,NaN
4,1,5,0.35918334633262433
4,1,5,NaN
2,3,5,0.6711868417913297
4,1,5,NaN
2,3,5,0.8805261816999617
1,4,5,0.023887454499875376
3,2,5,0.32204760611626027
2,3,5,0.8255935837441757
2,3,5,0.9255431095586868
5,0,5,0.35918334633262433
5,0,5,0.6291723264168632
2,3,5,NaN
2,3,5,0.6711868417913297
3,2,5,NaN
5,0,5,NaN
5,0,5,NaN
1,4,5,0.8460613307452832
2,3,5,0.8975048543322908
2,3,5,0.8460613307452832
2,3,5,0.2506505417905184
4,1,5,0.4005674250897617
2,3,5,NaN
2,3,5,0.7435026469914164
1,4,5,0.8460613307452832
2,3,5,NaN
3,2,5,NaN
4,1,5,0.35918334633262433
2,3,5,0.4150945161468232
4,1,5,NaN
3,2,5,0.32204760611626027
3,2,5,0.04865788038130383
3,2,5,0.5436724551002615
2,3,5,0.8650076002264386
3,2,5,0.0030247849236599254
2,3,5,0.9370946320424296
3,2,5,0.4435125150761472
5,0,5,0.5857933458990237
2,3,5,NaN
2,3,5,0.9564517636473293
4,1,5,NaN
1,4,5,0.5436724551002615
5,0,5,NaN
2,3,5,0.6711868417913297
1,4,5,0.6291723264168632
4,1,5,0.912484067245082
2,3,5,NaN
4,1,5,0.2506505417905184
1,4,5,NaN
2,3,5,0.9703220335374653
2,3,5,0.9838031118011833
3,2,5,NaN
2,3,5,NaN
5,0,5,NaN
5,0,5,NaN
2,3,5,0.9255431095586868
1,4,5,0.8014889144615878
1,4,5,NaN
3,2,5,0.4005674250897617
5,0,5,0.2506505417905184
2,3,5,0.02371666626137162
4,1,5,NaN
2,3,5,0.4785469088359478
2,3,5,0.6772278318777036
5,0,5,0.002513591178688209
5,0,5,NaN
4,1,5,0.21780701902471042
3,2,5,0.6291723264168632
2,3,5,0.36725182552433183
2,3,5,0.285231730350609
2,3,5,0.12850144349580897
4,1,5,NaN
1,4,5,0.8824229336212897
1,4,5,0.04137683110277546
3,2,5,0.07398859749715625
1,4,5,0.041655030385332976
5,0,5,0.44866759124185646
1,4,5,NaN
1,4,5,0.1921949779446829
2,3,5,0.012309813611790503
1,4,5,NaN
3,2,5,0.117291260484581
4,1,5,0.6184190108229441
1,4,5,NaN
1,4,5,0.32204760611626027
1,4,5,NaN
3,2,5,0.4005674250897617
4,1,5,NaN
3,2,5,NaN
1,4,5,NaN
1,4,5,NaN
4,1,5,NaN
3,2,5,NaN
5,0,5,0.023887454499875376
3,2,5,NaN
1,4,5,0.04865788038130383
2,3,5,0.16892676507977705
1,4,5,NaN
3,2,5,NaN
5,0,5,NaN
3,2,5,NaN
3,2,5,0.10800842795366589
1,4,5,NaN
4,1,5,0.35918334633262433
2,3,5,NaN
1,4,5,NaN
4,1,5,0.1478288957442496
2,3,5,0.32204760611626027
5,0,5,NaN
4,1,5,NaN
4,1,5,0.32204760611626027
2,3,5,0.7099946859060099
5,0,5,NaN
2,3,5,0.8014889144615878
3,2,5,NaN
5,0,5,0.9564517636473293
3,2,5,0.285231730350609
2,3,5,NaN
3,2,5,0.684518642797017
4,1,5,NaN
1,4,5,NaN
3,2,5,NaN
1,4,5,NaN
4,1,5,NaN
2,3,5,0.3672321823129922
3,2,5,NaN
4,1,5,0.6711868417913297
5,0,5,0.9928169178499623
3,2,5,0.49760645166926687
4,1,5,0.02425838351313285
4,1,5,0.32204760611626027
4,1,5,NaN
2,3,5,0.3580428333603364
3,2,5,NaN
2,3,5,NaN
3,2,5,NaN
2,3,5,NaN
4,1,5,0.16892676507977705
1,4,5,0.8428216167763574
5,0,5,0.16892676507977705
3,2,5,0.7435026469914164
4,1,5,NaN
4,1,5,NaN
4,1,5,0.0981462602611937
2,3,5,NaN
1,4,5,NaN
4,1,5,NaN
3,2,5,0.38342249393726274
3,2,5,NaN
4,1,5,0.49760645166926687
2,3,5,NaN
2,3,5,NaN
2,3,5,NaN
2,3,5,0.35918334633262433
2,3,5,NaN
3,2,5,0.08288640533109676
3,2,5,NaN
4,1,5,0.8460613307452832
2,3,5,0.0828742287762305
3,2,5,0.49760645166926687
3,2,5,0.4005674250897617
3,2,5,0.7435026469914164
3,2,5,0.21780701902471042
4,1,5,0.2506505417905184
2,3,5,NaN
4,1,5,0.7742996008795586
3,2,5,NaN
2,3,5,0.07398859749715625
2,3,5,0.7294185663537489
1,4,5,NaN
5,0,5,NaN
1,4,5,NaN
1,4,5,NaN
2,3,5,0.07164355967889185
2,3,5,0.2632636880149651
3,2,5,NaN
3,2,5,0.8443751802692442
3,2,5,0.1099394283113724
3,2,5,NaN
1,4,5,0.023887454499875376
5,0,5,0.9827355429784381
3,2,5,0.004478978447088365
4,1,5,0.11225219921941293
3,2,5,0.9370946320424296
2,3,5,0.14701094102636791
5,0,5,NaN
4,1,5,0.8650076002264386
3,2,5,0.8460613307452832
1,4,5,NaN
2,3,5,NaN
1,4,5,0.35918334633262433
5,0,5,0.010590872004956719
2,3,5,0.023997304134598163
2,3,5,0.5436724551002615
4,1,5,NaN
1,4,5,0.014409224844509837
1,4,5,NaN
2,3,5,0.8650076002264386
1,4,5,NaN
2,3,5,NaN
4,1,5,0.49760645166926687
1,4,5,NaN
1,4,5,0.7825423035807397
4,1,5,NaN
3,2,5,NaN
4,1,5,0.08509261982872529
3,2,5,0.7742996008795586
1,4,5,NaN
1,4,5,0.11225219921941293
5,0,5,NaN
5,0,5,0.8460613307452832
4,1,5,NaN
4,1,5,NaN
4,1,5,0.08509261982872529
4,1,5,NaN
2,3,5,0.912484067245082
1,4,5,NaN
5,0,5,0.8975048543322908
3,2,5,0.44866759124185646
5,0,5,NaN
1,4,5,0.7099946859060099
1,4,5,NaN
2,3,5,0.7099946859060099
2,3,5,NaN
3,2,5,0.31143832556369855
4,1,5,0.5857933458990237
1,4,5,NaN
2,3,5,NaN
5,0,5,0.9255431095586868
2,3,5,0.007837788026609073
2,3,5,0.49760645166926687
4,1,5,0.7435026469914164
2,3,5,0.32204760611626027
4,1,5,NaN
5,0,5,NaN
4,1,5,0.44866759124185646
3,2,5,0.1921949779446829
5,0,5,NaN
1,4,5,0.32204760611626027
3,2,5,1.670427908906409e-5
1,4,5,0.623850765618913
4,1,5,NaN
1,4,5,NaN
5,0,5,0.6711868417913297
5,0,5,NaN
2,3,5,NaN
4,1,5,0.5801310656347541
3,2,5,0.7585621214526995
5,0,5,0.7488227820517893
3,2,5,NaN
4,1,5,NaN
2,3,5,0.32204760611626027
3,2,5,0.03184441363446245
3,2,5,0.08509261982872529
1,4,5,0.5954591008950445
5,0,5,NaN
3,2,5,0.44866759124185646
1,4,5,0.1921949779446829
4,1,5,0.000914918184206044
1,4,5,0.21780701902471042
2,3,5,0.7742996008795586
1,4,5,0.8975048543322908
4,1,5,NaN
5,0,5,NaN
1,4,5,NaN
3,2,5,NaN
1,4,5,0.5857933458990237
5,0,5,0.30052700299686574
2,3,5,0.0018872732421826948
3,2,5,0.8460613307452832
2,3,5,0.4005674250897617
2,3,5,0.9426934916221845
2,3,5,0.9862691009837826
2,3,5,0.21780701902471042
1,4,5,0.30168664178244803
1,4,5,0.03184441363446245
2,3,5,0.912484067245082
2,3,5,NaN
5,0,5,0.9248968383036613
2,3,5,NaN
4,1,5,0.7186541101579121
2,3,5,0.12850144349580897
2,3,5,0.285231730350609
4,1,5,0.7099946859060099
4,1,5,NaN
4,1,5,0.36810386404377127
2,3,5,0.07398859749715625
3,2,5,0.011406947942683696
5,0,5,0.02766704178145161
2,3,5,0.6850073248949298
1,4,5,NaN
2,3,5,0.9564517636473293
2,3,5,NaN
5,0,5,NaN
3,2,5,0.44866759124185646
1,4,5,0.0271328769489555
3,2,5,0.03184441363446245
4,1,5,NaN
2,3,5,0.44866759124185646
3,2,5,0.5436724551002615
2,3,5,0.9370946320424296
1,4,5,NaN
3,2,5,NaN
1,4,5,0.32204760611626027
3,2,5,0.8460613307452832
2,3,5,0.020724062087912304
2,3,5,0.5436724551002615
1,4,5,0.6385523147354637
2,3,5,NaN
2,3,5,0.7099946859060099
2,3,5,0.44866759124185646
3,2,5,NaN
5,0,5,0.6711868417913297
3,2,5,0.285231730350609
3,2,5,NaN
1,4,5,NaN
2,3,5,NaN
1,4,5,0.8014889144615878
4,1,5,0.21780701902471042
4,1,5,NaN
4,1,5,NaN
2,3,5,0.30997140632278397
2,3,5,NaN
5,0,5,0.6477596414766447
2,3,5,0.8975048543322908
2,3,5,NaN
4,1,5,5.696465796784174e-7
2,3,5,0.44866759124185646
4,1,5,0.5857933458990237
2,3,5,0.16892676507977705
2,3,5,NaN
3,2,5,0.002875843297954508
5,0,5,0.6291723264168632
4,1,5,0.6298712548752696
3,2,5,NaN
3,2,5,0.7099946859060099
4,1,5,0.7099946859060099
2,3,5,0.8824229336212897
1,4,5,NaN
1,4,5,0.015390686967911196
3,2,5,0.49760645166926687
3,2,5,8.814301209764094e-5
1,4,5,0.4458227714473883
2,3,5,0.6711868417913297
3,2,5,0.7435026469914164
1,4,5,NaN
3,2,5,0.6711868417913297
1,4,5,0.5136052295018458
2,3,5,0.0640450458600324
3,2,5,NaN
3,2,5,0.20558647467953609
1,4,5,0.9439453082213007
2,3,5,0.24352231573587105
1,4,5,0.08509261982872529
4,1,5,NaN
2,3,5,0.5436724551002615
2,3,5,NaN
4,1,5,0.5857933458990237
3,2,5,0.21596442163885846
5,0,5,0.14701094102636791
5,0,5,0.5857933458990237
2,3,5,0.6711868417913297
1,4,5,0.08509261982872529
1,4,5,0.1144121117968619
1,4,5,0.32204760611626027
1,4,5,NaN
4,1,5,0.2506505417905184
1,4,5,0.12850144349580897
5,0,5,0.4034646490648176
2,3,5,NaN
3,2,5,NaN
4,1,5,NaN
1,4,5,NaN
1,4,5,0.9255431095586868
2,3,5,NaN
3,2,5,0.11225219921941293
5,0,5,0.21780701902471042
1,4,5,0.6711868417913297
3,2,5,0.2506505417905184
2,3,5,NaN
3,2,5,NaN
1,4,5,NaN
2,3,5,0.9703220335374653
1,4,5,0.030331478610283947
2,3,5,0.8650076002264386
2,3,5,NaN
1,4,5,NaN
5,0,5,0.285231730350609
2,3,5,0.49760645166926687
3,2,5,0.9370946320424296
3,2,5,NaN
2,3,5,9.307176182457112e-5
3,2,5,0.7435026469914164
4,1,5,0.4293493342810851
3,2,5,0.49760645166926687
4,1,5,NaN
3,2,5,0.285231730350609
4,1,5,0.6291723264168632
2,3,5,NaN
5,0,5,0.002014919807983445
1,4,5,0.1478288957442496
4,1,5,0.9564517636473293
3,2,5,NaN
4,1,5,0.8460613307452832
2,3,5,0.030331478610283947
1,4,5,NaN
2,3,5,NaN
4,1,5,NaN
3,2,5,0.4838346536492916
1,4,5,NaN
4,1,5,0.2506505417905184
3,2,5,0.8650076002264386
1,4,5,0.0010552331911790804
1,4,5,0.912484067245082
2,3,5,NaN
2,3,5,0.903021622127843
1,4,5,NaN
4,1,5,NaN
2,3,5,0.02766704178145161
2,3,5,0.3270531805272541
5,0,5,0.6291723264168632
5,0,5,NaN
3,2,5,NaN
5,0,5,NaN
1,4,5,0.3672321823129922
2,3,5,0.912484067245082
3,2,5,NaN
5,0,5,0.5857933458990237
3,2,5,0.7099946859060099
5,0,5,0.11472086075762376
2,3,5,0.041655030385332976
2,3,5,0.7823836545666045
3,2,5,NaN
3,2,5,0.8627381428973123
1,4,5,0.6482788176245688
1,4,5,0.6272762081355364
2,3,5,0.49760645166926687
2,3,5,7.676584758127306e-5
3,2,5,NaN
1,4,5,NaN
4,1,5,0.2506505417905184
4,1,5,NaN
2,3,5,0.7435026469914164
3,2,5,NaN
1,4,5,NaN
4,1,5,0.7435026469914164
3,2,5,NaN
1,4,5,0.6711868417913297
1,4,5,NaN
3,2,5,0.556605552778566
2,3,5,NaN
2,3,5,0.1921949779446829
2,3,5,NaN
4,1,5,NaN
2,3,5,0.32204760611626027
2,3,5,NaN
3,2,5,0.0981462602611937
1,4,5,0.978333749878809
2,3,5,0.5436724551002615
4,1,5,0.21780701902471042
4,1,5,0.7099946859060099
4,1,5,0.0640450458600324
3,2,5,NaN
3,2,5,0.32204760611626027
3,2,5,NaN
1,4,5,0.8014889144615878
3,2,5,0.07398859749715625
4,1,5,0.34069563964159294
2,3,5,NaN
1,4,5,0.05631407900959844
2,3,5,NaN
1,4,5,0.01653147382314305
1,4,5,NaN
4,1,5,NaN
2,3,5,NaN
1,4,5,0.7099946859060099
4,1,5,0.17355853739315796
2,3,5,NaN
3,2,5,0.6291723264168632
3,2,5,0.35918334633262433
3,2,5,0.5857933458990237
4,1,5,0.3183051122195707
4,1,5,0.8975048543322908
1,4,5,0.8975048543322908
2,3,5,0.9370946320424296
2,3,5,0.020724062087912304
3,2,5,NaN
2,3,5,0.7742996008795586
2,3,5,0.08509261982872529
3,2,5,0.003889083042273111
3,2,5,0.49760645166926687
4,1,5,NaN
2,3,5,0.9963401800767422
3,2,5,0.285231730350609
3,2,5,0.2506505417905184
4,1,5,0.7099946859060099
1,4,5,0.20940303286125617
1,4,5,0.912484067245082
2,3,5,0.32204760611626027
3,2,5,0.912484067245082
4,1,5,NaN
2,3,5,0.7099946859060099
2,3,5,0.7742996008795586
1,4,5,0.03699915555555507
3,2,5,0.0007054471319062839
4,1,5,NaN
2,3,5,0.5436724551002615
2,3,5,NaN
3,2,5,NaN
5,0,5,0.8554804740826507
3,2,5,0.05631407900959844
1,4,5,0.0981462602611937
2,3,5,0.5436724551002615
4,1,5,0.9669191249339866
2,3,5,NaN
3,2,5,0.9703220335374653
3,2,5,0.01285912795591984
5,0,5,0.4005674250897617
2,3,5,NaN
3,2,5,0.5857933458990237
2,3,5,0.7099946859060099
2,3,5,0.5857933458990237
2,3,5,NaN
2,3,5,0.912484067245082
5,0,5,NaN
3,2,5,0.2279237916608744
2,3,5,0.12850144349580897
1,4,5,0.16892676507977705
2,3,5,0.35918334633262433
2,3,5,0.2506505417905184
3,2,5,0.8014889144615878
1,4,5,0.44866759124185646
2,3,5,0.8460613307452832
3,2,5,0.07398859749715625
1,4,5,NaN
3,2,5,NaN
2,3,5,NaN
4,1,5,0.5857933458990237
2,3,5,0.05631407900959844
4,1,5,0.9703220335374653
5,0,5,NaN
5,0,5,0.9481906106540485
2,3,5,NaN
5,0,5,0.818604818593013
1,4,5,0.02766704178145161
2,3,5,0.0981462602611937
3,2,5,NaN
1,4,5,0.7435026469914164
3,2,5,0.5436724551002615
4,1,5,0.285231730350609
2,3,5,0.5670401956914495
2,3,5,NaN
2,3,5,NaN
1,4,5,0.7742996008795586
3,2,5,0.5436724551002615
3,2,5,0.9764973997616925
3,2,5,NaN
4,1,5,NaN
1,4,5,NaN
5,0,5,0.6711868417913297
5,0,5,NaN
1,4,5,NaN
2,3,5,0.35918334633262433
5,0,5,NaN
2,3,5,0.44866759124185646
5,0,5,NaN
4,1,5,0.49760645166926687
5,0,5,0.09492460065418291
2,3,5,NaN
2,3,5,0.041655030385332976
4,1,5,0.8255935837441757
3,2,5,0.5436724551002615
5,0,5,NaN
1,4,5,NaN
2,3,5,0.013135794871795524
2,3,5,NaN
2,3,5,0.285231730350609
2,3,5,0.1227251929996184
3,2,5,NaN
3,2,5,0.8650076002264386
4,1,5,0.02766704178145161
2,3,5,0.5725039826488356
1,4,5,0.05631407900959844
3,2,5,0.7099946859060099
3,2,5,0.8014889144615878
3,2,5,0.6711868417913297
1,4,5,NaN
2,3,5,0.8014889144615878
2,3,5,0.7435026469914164
1,4,5,0.17086353308806265
2,3,5,0.1413731280454224
3,2,5,0.5857933458990237
3,2,5,0.0640450458600324
2,3,5,0.44866759124185646
2,3,5,0.21780701902471042
2,3,5,0.18420799820054562
2,3,5,0.5857933458990237
1,4,5,0.8975048543322908
1,4,5,0.8014889144615878
4,1,5,0.7742996008795586
4,1,5,NaN
3,2,5,0.6711868417913297
3,2,5,0.6711868417913297
1,4,5,NaN
2,3,5,0.44866759124185646
4,1,5,NaN
1,4,5,NaN
4,1,5,NaN
1,4,5,0.1225327955014358
1,4,5,0.6711868417913297
3,2,5,0.4005674250897617
4,1,5,NaN
2,3,5,0.7172353155779241
1,4,5,0.1921949779446829
1,4,5,5.19969529628467e-8
4,1,5,0.6681086794399329
2,3,5,0.8460613307452832
1,4,5,0.16892676507977705
3,2,5,0.4005674250897617
4,1,5,NaN
1,4,5,NaN
2,3,5,NaN
2,3,5,2.5744993081690454e-7
1,4,5,0.8014889144615878
2,3,5,NaN
5,0,5,NaN
1,4,5,0.5436724551002615
1,4,5,NaN
4,1,5,0.32204760611626027
5,0,5,NaN
1,4,5,NaN
1,4,5,NaN
3,2,5,0.4005674250897617
4,1,5,0.9059951582499103
2,3,5,NaN
4,1,5,0.49760645166926687
5,0,5,0.9255431095586868
2,3,5,NaN
4,1,5,0.1921949779446829
3,2,5,0.02766704178145161
1,4,5,0.2409234292209791
4,1,5,NaN
2,3,5,NaN
5,0,5,0.7099946859060099
2,3,5,0.285231730350609
2,3,5,NaN
1,4,5,0.0981462602611937
2,3,5,0.011284589700400903
3,2,5,0.2583161556329958
2,3,5,0.8014889144615878
4,1,5,NaN
4,1,5,0.8650076002264386
3,2,5,0.4437568944930373
2,3,5,0.06218724608790599
2,3,5,NaN
5,0,5,0.9703220335374653
4,1,5,0.7742996008795586
1,4,5,0.1921949779446829
2,3,5,NaN
4,1,5,NaN
4,1,5,0.041655030385332976
2,3,5,NaN
2,3,5,0.25882501498542265
5,0,5,0.009189665523477854
4,1,5,NaN
2,3,5,NaN
4,1,5,0.35918334633262433
2,3,5,NaN
2,3,5,NaN
2,3,5,0.8975048543322908
1,4,5,0.9817557942342455
3,2,5,NaN
3,2,5,0.8014889144615878
3,2,5,0.12850144349580897
2,3,5,NaN
1,4,5,NaN
1,4,5,0.35918334633262433
1,4,5,NaN
2,3,5,0.8824229336212897
5,0,5,0.8824229336212897
4,1,5,0.5436724551002615
2,3,5,NaN
2,3,5,NaN
2,3,5,0.9564517636473293
2,3,5,NaN
1,4,5,0.7435026469914164
2,3,5,0.14701094102636791
4,1,5,0.7099946859060099
1,4,5,NaN
2,3,5,0.7435026469914164
1,4,5,0.0640450458600324
5,0,5,0.0030266243781080586
1,4,5,NaN
2,3,5,NaN
2,3,5,NaN
1,4,5,0.5857933458990237
4,1,5,0.7099946859060099
1,4,5,0.44866759124185646
4,1,5,0.6291723264168632
1,4,5,NaN
2,3,5,0.6711868417913297
2,3,5,NaN
2,3,5,6.1398460770305485e-6
5,0,5,0.9370946320424296
1,4,5,0.6711868417913297
1,4,5,NaN
1,4,5,NaN
2,3,5,0.04201724457006578
1,4,5,NaN
2,3,5,NaN
2,3,5,NaN
1,4,5,NaN
3,2,5,0.08105221125709644
3,2,5,NaN
2,3,5,0.6291723264168632
2,3,5,NaN
1,4,5,NaN
2,3,5,0.4938077761785339
1,4,5,0.21780701902471042
1,4,5,0.5857933458990237
2,3,5,0.6291723264168632
4,1,5,0.4005674250897617
1,4,5,0.5857933458990237
2,3,5,0.8269738332287646
3,2,5,NaN
4,1,5,0.9085077415515584
3,2,5,0.16027326473242204
1,4,5,NaN
5,0,5,0.002014919807983445
3,2,5,0.9817557942342455
1,4,5,NaN
1,4,5,NaN
5,0,5,0.9255431095586868
2,3,5,NaN
1,4,5,NaN
1,4,5,NaN
5,0,5,0.4005674250897617
1,4,5,0.07337688591978597
2,3,5,NaN
1,4,5,0.8863592841414323
1,4,5,0.2506505417905184
5,0,5,NaN
3,2,5,NaN
4,1,5,0.964109046255293
2,3,5,0.9930943239192374
4,1,5,0.03184441363446245
2,3,5,NaN
5,0,5,0.9117785744052873
1,4,5,0.9950392697601098
4,1,5,NaN
2,3,5,NaN
1,4,5,0.3421445630533028
1,4,5,0.4694329356398077
2,3,5,NaN
1,4,5,NaN
2,3,5,0.5436724551002615
1,4,5,0.9370946320424296
2,3,5,0.8194098563916296
2,3,5,0.7435026469914164
1,4,5,0.44866759124185646
1,4,5,0.4180139129645174
5,0,5,0.7099946859060099
2,3,5,NaN
2,3,5,NaN
2,3,5,NaN
3,2,5,0.9564517636473293
3,2,5,0.6711868417913297
1,4,5,NaN
1,4,5,0.285231730350609
2,3,5,NaN
2,3,5,0.6291723264168632
2,3,5,NaN
5,0,5,0.9764973997616925
2,3,5,0.7435026469914164
3,2,5,0.7742996008795586
1,4,5,0.32204760611626027
1,4,5,NaN
1,4,5,0.020724062087912304
2,3,5,NaN
3,2,5,0.6681086794399329
3,2,5,NaN
5,0,5,0.1921949779446829
3,2,5,0.32204760611626027
1,4,5,0.05631407900959844
3,2,5,NaN
1,4,5,NaN
3,2,5,NaN
1,4,5,NaN
4,1,5,0.35918334633262433
1,4,5,0.5627220082076548
1,4,5,NaN
2,3,5,0.020724062087912304
1,4,5,0.8255935837441757
2,3,5,NaN
4,1,5,0.44866759124185646
4,1,5,0.7742996008795586
3,2,5,0.14736895074154355
5,0,5,NaN
2,3,5,NaN
1,4,5,NaN
2,3,5,0.5857933458990237
1,4,5,NaN
3,2,5,NaN
5,0,5,NaN
1,4,5,NaN
1,4,5,0.2985541357318111
1,4,5,0.8255935837441757
3,2,5,0.04235935173773284
2,3,5,NaN
2,3,5,0.8975048543322908
2,3,5,0.7435026469914164
1,4,5,0.08509261982872529
2,3,5,NaN
1,4,5,0.2109118124557345
4,1,5,0.5857933458990237
4,1,5,NaN
3,2,5,0.08509261982872529
3,2,5,NaN
1,4,5,NaN
2,3,5,NaN
2,3,5,0.7099946859060099
5,0,5,NaN
3,2,5,NaN
2,3,5,0.285231730350609
1,4,5,0.8065651794870268
3,2,5,0.14701094102636791
1,4,5,0.32204760611626027
1,4,5,NaN
1,4,5,NaN
4,1,5,0.2536495028511772
2,3,5,0.9764973997616925
4,1,5,0.44866759124185646
2,3,5,7.024003932239635e-6
1,4,5,0.9481906106540485
5,0,5,NaN
4,1,5,0.5857933458990237
2,3,5,NaN
1,4,5,0.8255935837441757
2,3,5,0.0019515018626898783
2,3,5,0.9817557942342455
2,3,5,0.004715231185707418
4,1,5,0.8460613307452832
2,3,5,0.9101578846703543
1,4,5,NaN
1,4,5,0.0640450458600324
1,4,5,0.285231730350609
1,4,5,NaN
4,1,5,0.252041557876118
1,4,5,NaN
3,2,5,NaN
4,1,5,0.4687391437394155
5,0,5,NaN
1,4,5,NaN
1,4,5,NaN
1,4,5,NaN
3,2,5,0.9532776832728496
1,4,5,0.8975048543322908
2,3,5,0.9564517636473293
1,4,5,0.0002532700782893574
4,1,5,0.36713130409333405
2,3,5,0.32204760611626027
1,4,5,0.16892676507977705
3,2,5,0.9255431095586868
3,2,5,NaN
1,4,5,0.16892676507977705
1,4,5,0.00021227534070307773
1,4,5,0.9370946320424296
2,3,5,NaN
1,4,5,NaN
2,3,5,0.07398859749715625
1,4,5,NaN
1,4,5,0.912484067245082
3,2,5,NaN
5,0,5,0.19162884347646872
1,4,5,0.7190861385316478
1,4,5,0.14701094102636791
2,3,5,0.7099946859060099
2,3,5,NaN
4,1,5,0.5857933458990237
3,2,5,0.8014889144615878
1,4,5,NaN
1,4,5,0.11225219921941293
2,3,5,0.0009219333639079515
3,2,5,0.16019726952148192
1,4,5,0.9603333707041876
2,3,5,0.7742996008795586
1,4,5,0.0878810402343619
1,4,5,0.6291723264168632
1,4,5,NaN
4,1,5,NaN
2,3,5,0.21780701902471042
1,4,5,0.9492252122284622
2,3,5,0.8460613307452832
1,4,5,0.343879838105955
3,2,5,0.8824229336212897
1,4,5,NaN
4,1,5,NaN
5,0,5,NaN
3,2,5,0.6305778190884109
2,3,5,NaN
1,4,5,0.9564517636473293
3,2,5,0.7435026469914164
1,4,5,0.03184441363446245
2,3,5,0.1478288957442496
2,3,5,0.6934828263886887
2,3,5,0.285231730350609
5,0,5,NaN
1,4,5,NaN
2,3,5,NaN
2,3,5,0.49760645166926687
1,4,5,0.32204760611626027
1,4,5,0.03737504119612238
2,3,5,0.08509261982872529
3,2,5,NaN
1,4,5,NaN
1,4,5,0.14701094102636791
4,1,5,0.285231730350609
2,3,5,0.5857933458990237
3,2,5,0.08982686085491202
4,1,5,0.7435026469914164
1,4,5,0.912484067245082
2,3,5,NaN
3,2,5,NaN
3,2,5,NaN
3,2,5,0.000985752992925076
3,2,5,0.7099946859060099
1,4,5,0.014409224844509837
3,2,5,0.0640450458600324
3,2,5,0.9928169178499623
1,4,5,NaN
1,4,5,NaN
3,2,5,0.49760645166926687
2,3,5,0.8824229336212897
4,1,5,NaN
3,2,5,NaN
5,0,5,0.0031310207784124504
2,3,5,0.6088676172352735
1,4,5,0.04865788038130383
4,1,5,NaN
2,3,5,NaN
3,2,5,NaN
2,3,5,0.07398859749715625
3,2,5,0.49760645166926687
2,3,5,0.11225219921941293
1,4,5,0.5857933458990237
2,3,5,NaN
1,4,5,0.9255431095586868
2,3,5,0.07100429228050437
1,4,5,0.12123267305519134
4,1,5,NaN
2,3,5,0.02766704178145161
1,4,5,NaN
3,2,5,NaN
2,3,5,0.4426026550356499
2,3,5,0.9703220335374653
3,2,5,0.8255935837441757
1,4,5,0.5725039826488356
2,3,5,0.5389559291536357
1,4,5,0.49760645166926687
5,0,5,NaN
3,2,5,0.7099946859060099
1,4,5,0.8014889144615878
1,4,5,0.6291723264168632
2,3,5,0.0981462602611937
1,4,5,NaN
3,2,5,0.239116756104008
1,4,5,NaN
1,4,5,0.35918334633262433
1,4,5,NaN
1,4,5,NaN
5,0,5,0.03699915555555507
1,4,5,NaN
1,4,5,0.04255721197826021
4,1,5,0.08509261982872529
1,4,5,0.285231730350609
1,4,5,NaN
2,3,5,NaN
4,1,5,0.285231730350609
1,4,5,0.06899165050934054
1,4,5,0.6591476981280399
2,3,5,0.21780701902471042
3,2,5,0.1921949779446829
2,3,5,0.4551387583409872
2,3,5,0.8824229336212897
1,4,5,0.4005674250897617
2,3,5,NaN
1,4,5,NaN
2,3,5,0.8975048543322908
2,3,5,NaN
2,3,5,0.7099946859060099
1,4,5,0.0981462602611937
2,3,5,0.5436724551002615
1,4,5,0.32204760611626027
1,4,5,0.06748334299738856
4,1,5,NaN
2,3,5,0.44866759124185646
1,4,5,0.4694329356398077
3,2,5,0.1269701567275104
1,4,5,0.9994542234755575
2,3,5,NaN
3,2,5,0.7099946859060099
2,3,5,0.7148925149671324
1,4,5,NaN
3,2,5,NaN
1,4,5,0.1921949779446829
1,4,5,0.015390686967911196
4,1,5,0.5857933458990237
2,3,5,0.9370946320424296
3,2,5,0.16892676507977705
4,1,5,NaN
2,3,5,NaN
1,4,5,0.7009427131692695
3,2,5,0.2958053772410536
3,2,5,0.08683946734242788
3,2,5,NaN
2,3,5,NaN
3,2,5,NaN
4,1,5,NaN
1,4,5,NaN
3,2,5,0.16892676507977705
1,4,5,NaN
2,3,5,NaN
1,4,5,0.13222299127193157
1,4,5,NaN
1,4,5,NaN
2,3,5,NaN
4,1,5,0.5436724551002615
2,3,5,NaN
2,3,5,0.5436724551002615
1,4,5,0.6291723264168632
1,4,5,NaN
1,4,5,0.5795182129314523
2,3,5,0.7099946859060099
1,4,5,0.5796674916556701
1,4,5,NaN
4,1,5,NaN
1,4,5,NaN
2,3,5,0.0881732094117303
2,3,5,NaN
1,4,5,NaN
3,2,5,0.5984386978142674
2,3,5,0.1921949779446829
2,3,5,0.05631407900959844
1,4,5,0.5857933458990237
3,2,5,NaN
2,3,5,0.20940303286125617
3,2,5,NaN
2,3,5,0.49760645166926687
2,3,5,NaN
1,4,5,NaN
2,3,5,NaN
1,4,5,0.6291723264168632
1,4,5,0.004619638824413574
2,3,5,NaN
2,3,5,0.6681086794399329
1,4,5,0.06295840008546533
1,4,5,NaN
1,4,5,0.010590872004956719
1,4,5,0.0981462602611937
4,1,5,NaN
5,0,5,0.03184441363446245
1,4,5,NaN
2,3,5,NaN
1,4,5,0.03699915555555507
1,4,5,0.912484067245082
1,4,5,0.7435026469914164
2,3,5,0.013135794871795524
2,3,5,0.8014889144615878
4,1,5,0.285231730350609
3,2,5,0.8650076002264386
2,3,5,0.08509261982872529
2,3,5,0.9564517636473293
1,4,5,NaN
2,3,5,0.22135577082993863
3,2,5,5.286093617947933e-11
1,4,5,0.1400659133343663
1,4,5,0.11225219921941293
2,3,5,NaN
1,4,5,NaN
2,3,5,0.49760645166926687
2,3,5,0.6711868417913297
1,4,5,NaN
5,0,5,0.8460613307452832
3,2,5,0.5436724551002615
2,3,5,NaN
2,3,5,0.8824229336212897
4,1,5,0.5857933458990237
1,4,5,0.7435026469914164
1,4,5,0.6711868417913297
2,3,5,0.14701094102636791
4,1,5,0.09423325052720068
1,4,5,0.8650076002264386
2,3,5,0.011328643746433158
1,4,5,0.1921949779446829
1,4,5,0.9703220335374653
1,4,5,NaN
1,4,5,NaN
2,3,5,0.9481906106540485
2,3,5,0.912484067245082
2,3,5,0.21596442163885846
3,2,5,0.7046401913872677
1,4,5,NaN
1,4,5,NaN
2,3,5,NaN
3,2,5,0.041655030385332976
3,2,5,0.7099946859060099
3,2,5,0.06175120517546506
3,2,5,NaN
5,0,5,0.21780701902471042
1,4,5,NaN
1,4,5,0.20940303286125617
1,4,5,0.023887454499875376
4,1,5,NaN
2,3,5,0.07398859749715625
1,4,5,NaN
2,3,5,0.08509261982872529
1,4,5,0.9532776832728496
2,3,5,NaN
2,3,5,0.8460613307452832
1,4,5,0.03699915555555507
4,1,5,0.49760645166926687
2,3,5,0.8255935837441757
2,3,5,0.49760645166926687
2,3,5,0.08509261982872529
2,3,5,0.9928169178499623
1,4,5,NaN
2,3,5,0.49760645166926687
1,4,5,NaN
1,4,5,NaN
1,4,5,0.9928169178499623
1,4,5,NaN
2,3,5,0.009189665523477854
1,4,5,0.44866759124185646
1,4,5,0.8460613307452832
2,3,5,NaN
2,3,5,0.285231730350609
2,3,5,0.28702655551649053
1,4,5,NaN
1,4,5,0.8014889144615878
2,3,5,NaN
2,3,5,0.0023028679083861815
4,1,5,NaN
1,4,5,0.8824229336212897
1,4,5,0.393893890023416
1,4,5,NaN
1,4,5,0.8014889144615878
4,1,5,5.698641689152531e-5
1,4,5,0.023887454499875376
2,3,5,0.9759868514250584
1,4,5,0.6291723264168632
1,4,5,NaN
1,4,5,0.44866759124185646
1,4,5,0.9817557942342455
1,4,5,0.2506505417905184
1,4,5,0.015390686967911196
2,3,5,0.8460613307452832
1,4,5,NaN
3,2,5,0.912484067245082
3,2,5,0.9489486199401703
5,0,5,NaN
1,4,5,0.49760645166926687
1,4,5,0.16892676507977705
5,0,5,NaN
1,4,5,NaN
1,4,5,0.912484067245082
3,2,5,0.08509261982872529
2,3,5,0.35918334633262433
1,4,5,0.32204760611626027
1,4,5,0.08509261982872529
2,3,5,0.9481906106540485
1,4,5,NaN
1,4,5,NaN
1,4,5,NaN
2,3,5,NaN
1,4,5,0.10897960245281858
1,4,5,0.8255935837441757
1,4,5,NaN
1,4,5,0.9255431095586868
1,4,5,NaN
1,4,5,0.8460613307452832
1,4,5,0.4005674250897617
3,2,5,0.4005674250897617
1,4,5,0.8586063027977822
1,4,5,NaN
1,4,5,NaN
3,2,5,NaN
3,2,5,0.16892676507977705
1,4,5,0.21780701902471042
3,2,5,8.911692169089296e-6
2,3,5,NaN
2,3,5,0.8014889144615878
2,3,5,0.8014889144615878
1,4,5,NaN
1,4,5,NaN
3,2,5,0.5857933458990237
2,3,5,NaN
1,4,5,0.14701094102636791
1,4,5,NaN
2,3,5,0.08509261982872529
1,4,5,NaN
1,4,5,0.7435026469914164
2,3,5,0.9804898656587635
2,3,5,NaN
1,4,5,NaN
4,1,5,0.49760645166926687
2,3,5,0.0008695810908533936
2,3,5,0.16892676507977705
2,3,5,0.9196946032837124
1,4,5,0.7742996008795586
1,4,5,0.8255935837441757
2,3,5,0.08467241048213575
1,4,5,NaN
2,3,5,0.1290750782034782
1,4,5,0.05631407900959844
2,3,5,NaN
1,4,5,0.0981462602611937
3,2,5,NaN
1,4,5,0.7742996008795586
1,4,5,0.9131309591156541
1,4,5,0.49760645166926687
1,4,5,0.912484067245082
1,4,5,0.07130094037693745
1,4,5,NaN
1,4,5,NaN
2,3,5,0.9492805050384766
1,4,5,NaN
1,4,5,0.4005674250897617
1,4,5,NaN
2,3,5,NaN
2,3,5,0.4005674250897617
4,1,5,NaN
1,4,5,0.07419055493162045
1,4,5,0.011923494265995557
2,3,5,0.5857933458990237
2,3,5,0.5436724551002615
2,3,5,0.04865788038130383
1,4,5,0.12850144349580897
1,4,5,NaN
2,3,5,NaN
2,3,5,NaN
3,2,5,NaN
1,4,5,NaN
1,4,5,NaN
1,4,5,0.5793268233995641
2,3,5,0.44866759124185646
1,4,5,NaN
1,4,5,0.7742996008795586
3,2,5,0.44866759124185646
3,2,5,NaN
2,3,5,NaN
1,4,5,0.44866759124185646
2,3,5,NaN
1,4,5,0.5436724551002615
2,3,5,0.00821876365221453
1,4,5,0.5857933458990237
1,4,5,0.8460613307452832
1,4,5,NaN
1,4,5,NaN
1,4,5,0.8255935837441757
1,4,5,NaN
1,4,5,0.009128786981305483
2,3,5,0.9928169178499623
1,4,5,NaN
1,4,5,NaN
1,4,5,NaN
1,4,5,0.32204760611626027
1,4,5,0.4005674250897617
1,4,5,NaN
1,4,5,0.32204760611626027
2,3,5,0.3553690080226246
1,4,5,NaN
1,4,5,NaN
1,4,5,0.7529202401579618
4,1,5,0.8460613307452832
3,2,5,0.003321743076798548
1,4,5,0.009492084951230613
2,3,5,0.21193173932207512
1,4,5,0.9370946320424296
2,3,5,0.6291723264168632
1,4,5,NaN
1,4,5,0.2882868032436793
2,3,5,0.8460613307452832
1,4,5,NaN
1,4,5,NaN
2,3,5,0.7599992536801261
1,4,5,0.2506505417905184
1,4,5,0.9634993498255111
1,4,5,0.14701094102636791
3,2,5,NaN
2,3,5,NaN
1,4,5,0.7435026469914164
1,4,5,0.05631407900959844
1,4,5,NaN
2,3,5,NaN
2,3,5,0.7099946859060099
2,3,5,NaN
1,4,5,NaN
1,4,5,0.6291723264168632
1,4,5,0.9862691009837826
2,3,5,0.020640399778184486
1,4,5,0.8014889144615878
2,3,5,NaN
2,3,5,0.9899262932434983
1,4,5,NaN
1,4,5,0.6711868417913297
1,4,5,NaN
1,4,5,NaN
1,4,5,NaN
1,4,5,0.07774872302347327
2,3,5,0.20940303286125617
1,4,5,0.2821104709974584
1,4,5,0.8255935837441757
1,4,5,0.03699915555555507
1,4,5,0.11225219921941293
2,3,5,NaN
1,4,5,NaN
2,3,5,0.6291723264168632
1,4,5,0.8460613307452832
1,4,5,0.7742996008795586
1,4,5,NaN
2,3,5,0.9822483864009526
1,4,5,NaN
1,4,5,NaN
1,4,5,0.060235224195803155
1,4,5,0.32204760611626027
1,4,5,NaN
1,4,5,0.028616184812928398
1,4,5,NaN
1,4,5,NaN
1,4,5,0.0981462602611937
1,4,5,0.013135794871795524
2,3,5,0.09575499505217593
1,4,5,0.8460613307452832
1,4,5,0.7107146651084879
1,4,5,0.7742996008795586
3,2,5,NaN
1,4,5,0.05447246844862457
1,4,5,0.5857933458990237
1,4,5,NaN
1,4,5,NaN
1,4,5,0.4005674250897617
1,4,5,NaN
1,4,5,NaN
2,3,5,NaN
1,4,5,0.6711868417913297
1,4,5,NaN
1,4,5,NaN
1,4,5,NaN
1,4,5,0.285231730350609
1,4,5,0.9764973997616925
1,4,5,NaN
2,3,5,0.8014889144615878
2,3,5,0.14701094102636791
1,4,5,0.8014889144615878
1,4,5,NaN
1,4,5,0.0640450458600324
1,4,5,NaN
3,2,5,0.7435026469914164
1,4,5,NaN
2,3,5,0.8975048543322908
1,4,5,0.21145176725373
1,4,5,0.04865788038130383
1,4,5,0.35918334633262433
1,4,5,NaN
1,4,5,0.04063192165699002
1,4,5,0.02766704178145161
1,4,5,0.9764973997616925
1,4,5,0.7435026469914164
1,4,5,NaN
1,4,5,NaN
1,4,5,NaN
1,4,5,0.8912017687600428
1,4,5,NaN
2,3,5,0.7099946859060099
1,4,5,0.07398859749715625
1,4,5,0.32204760611626027
1,4,5,NaN
1,4,5,0.2506505417905184
1,4,5,0.0981462602611937
1,4,5,0.35918334633262433
1,4,5,NaN
1,4,5,0.6711868417913297
1,4,5,NaN
1,4,5,0.04865788038130383
1,4,5,NaN
1,4,5,0.7099946859060099
1,4,5,NaN
1,4,5,NaN
1,4,5,0.5857933458990237
0,5,5,NaN
0,5,5,NaN
0,5,5,NaN
0,5,5,0.8255935837441757
0,5,5,0.912484067245082
0,5,5,0.02766704178145161
0,5,5,0.12850144349580897
0,5,5,0.4005674250897617
0,5,5,NaN
0,5,5,NaN
0,5,5,0.32204760611626027
0,5,5,0.9659990096827746
0,5,5,NaN
0,5,5,NaN
0,5,5,NaN
0,5,5,NaN
0,5,5,NaN
0,5,5,0.05631407900959844
0,5,5,NaN
0,5,5,NaN
0,5,5,NaN
0,5,5,NaN
0,5,5,0.12850144349580897
0,5,5,0.343879838105955
0,5,5,0.11225219921941293
0,5,5,NaN
0,5,5,NaN
0,5,5,NaN
0,5,5,NaN
0,5,5,0.04865788038130383
0,5,5,0.14701094102636791
0,5,5,0.5436724551002615
0,5,5,NaN
0,5,5,0.3803603934698832
0,5,5,0.12850144349580897
0,5,5,NaN
0,5,5,NaN
0,5,5,0.8650076002264386
0,5,5,0.8460613307452832
0,5,5,NaN
0,5,5,NaN
0,5,5,NaN
0,5,5,NaN
0,5,5,0.9085594752119384
0,5,5,0.6291723264168632
0,5,5,0.04865788038130383
0,5,5,0.6711868417913297
0,5,5,NaN
0,5,5,0.06301743871618631
0,5,5,0.3803603934698832
0,5,5,NaN
0,5,5,0.4984898158756196
0,5,5,NaN
0,5,5,NaN
0,5,5,0.1921949779446829
0,5,5,NaN
0,5,5,NaN
0,5,5,0.7099946859060099
0,5,5,0.6473445050031121
0,5,5,0.285231730350609
0,5,5,0.5538679236940467
0,5,5,NaN
0,5,5,0.14701094102636791
0,5,5,0.0640450458600324
0,5,5,NaN
0,5,5,0.285231730350609
0,5,5,0.010373108997906484
0,5,5,0.32204760611626027
0,5,5,NaN
0,5,5,NaN
0,5,5,NaN
0,5,5,0.5857933458990237
0,5,5,NaN
0,5,5,0.7435026469914164
0,5,5,NaN
0,5,5,0.7742996008795586
0,5,5,0.16892676507977705
0,5,5,0.30557937030291243
0,5,5,NaN
0,5,5,0.16892676507977705
0,5,5,0.6291723264168632
0,5,5,NaN
0,5,5,NaN
0,5,5,0.7099946859060099
0,5,5,0.041655030385332976
0,5,5,NaN
0,5,5,0.1921949779446829
0,5,5,0.6291723264168632
0,5,5,0.05631407900959844
0,5,5,NaN
0,5,5,0.14701094102636791
0,5,5,0.7435026469914164
0,5,5,0.44866759124185646
0,5,5,NaN
0,5,5,NaN
0,5,5,NaN
0,5,5,0.8650076002264386
0,5,5,0.12850144349580897
0,5,5,0.7742996008795586
0,5,5,NaN
0,5,5,0.6264404878779569
0,5,5,0.04514372531781426
0,5,5,0.9817557942342455
0,5,5,NaN
0,5,5,0.1921949779446829
0,5,5,NaN
0,5,5,NaN
0,5,5,NaN
0,5,5,NaN
0,5,5,0.11225219921941293
0,5,5,NaN
0,5,5,0.20329220748246002
0,5,5,NaN
0,5,5,0.4005674250897617
0,5,5,NaN
0,5,5,NaN
0,5,5,7.25252045775645e-6
0,5,5,0.5857933458990237
0,5,5,0.2506505417905184
0,5,5,NaN
0,5,5,0.285231730350609
0,5,5,0.7568462303324522
0,5,5,0.5436724551002615
0,5,5,NaN
0,5,5,NaN
0,5,5,NaN
0,5,5,0.44866759124185646
0,5,5,0.8650076002264386
0,5,5,NaN
0,5,5,0.041655030385332976
0,5,5,0.5130413456218884
0,5,5,0.1921949779446829
0,5,5,NaN
0,5,5,0.04396150926532951
0,5,5,0.44298433512905505
0,5,5,0.4005674250897617
0,5,5,NaN
0,5,5,NaN
0,5,5,0.44866759124185646
0,5,5,NaN
0,5,5,0.5720006536507067
0,5,5,NaN
0,5,5,0.6291723264168632
0,5,5,0.1921949779446829
0,5,5,0.32204760611626027
0,5,5,0.25053344363659447
0,5,5,0.14701094102636791
0,5,5,NaN
0,5,5,0.32204760611626027
0,5,5,0.4005674250897617
0,5,5,0.6291723264168632
0,5,5,NaN
0,5,5,NaN
0,5,5,NaN
0,5,5,NaN
0,5,5,NaN
0,5,5,0.285231730350609
0,5,5,NaN
0,5,5,0.5436724551002615
0,5,5,NaN
0,5,5,NaN
0,5,5,0.21780701902471042
0,5,5,0.12850144349580897
0,5,5,0.0013517317394526219
0,5,5,NaN
0,5,5,NaN
0,5,5,0.24155925746340592
0,5,5,0.8255935837441757
0,5,5,NaN
0,5,5,NaN
0,5,5,0.9370946320424296
0,5,5,NaN
0,5,5,0.7742996008795586
0,5,5,0.9255431095586868
0,5,5,NaN
0,5,5,NaN
0,5,5,NaN
0,5,5,0.14701094102636791
0,5,5,NaN
0,5,5,0.02766704178145161
0,5,5,0.009189665523477854
0,5,5,NaN
0,5,5,0.04976836647099594
0,5,5,0.8460613307452832
0,5,5,NaN
0,5,5,0.9988842059962616
0,5,5,NaN
0,5,5,NaN
0,5,5,NaN
0,5,5,0.9481906106540485
0,5,5,0.6291723264168632
0,5,5,NaN
0,5,5,0.35918334633262433
0,5,5,NaN
0,5,5,NaN
0,5,5,0.08509261982872529
0,5,5,0.39896927198345944
0,5,5,0.12850144349580897
0,5,5,0.4934267206105555
0,5,5,NaN
0,5,5,0.9370946320424296
0,5,5,0.7945604310738664
0,5,5,0.5436724551002615
0,5,5,NaN
0,5,5,0.2506505417905184
0,5,5,NaN
0,5,5,NaN
0,5,5,0.8824229336212897
0,5,5,NaN
0,5,5,NaN
0,5,5,NaN
0,5,5,NaN
0,5,5,0.5857933458990237
0,5,5,0.49760645166926687
0,5,5,0.0981462602611937
0,5,5,0.4694329356398077
0,5,5,0.06494271079444676
0,5,5,NaN
0,5,5,NaN
0,5,5,NaN
0,5,5,0.6291723264168632
0,5,5,NaN
0,5,5,NaN
0,5,5,0.0001068525340969285
0,5,5,0.3810060793218259
0,5,5,0.0640450458600324
0,5,5,NaN
0,5,5,NaN
0,5,5,0.034608295191797034
0,5,5,NaN
0,5,5,NaN
0,5,5,NaN
0,5,5,NaN
0,5,5,NaN
0,5,5,NaN
0,5,5,NaN
0,5,5,0.011172931809522797
0,5,5,0.6711868417913297
0,5,5,NaN
0,5,5,0.12850144349580897
0,5,5,0.8014889144615878
0,5,5,NaN
0,5,5,0.44866759124185646
0,5,5,0.7742996008795586
0,5,5,0.9481906106540485
0,5,5,0.14701094102636791
0,5,5,0.6291723264168632
0,5,5,NaN
0,5,5,NaN
0,5,5,0.32204760611626027
0,5,5,NaN
0,5,5,NaN
0,5,5,NaN
0,5,5,0.44866759124185646
0,5,5,NaN
0,5,5,0.35918334633262433
0,5,5,0.9255431095586868
0,5,5,0.6711868417913297
0,5,5,0.4249552189941726
0,5,5,NaN
0,5,5,NaN
0,5,5,0.16480508910765582
0,5,5,NaN
0,5,5,0.08509261982872529
0,5,5,NaN
0,5,5,0.9481906106540485
0,5,5,0.3341007453963592
0,5,5,0.1921949779446829
0,5,5,0.0020413261351915762
0,5,5,NaN
0,5,5,0.285231730350609
0,5,5,NaN
0,5,5,NaN
0,5,5,0.07398859749715625
0,5,5,0.21780701902471042
0,5,5,NaN
0,5,5,0.36810386404377127
0,5,5,0.07398859749715625
0,5,5,NaN
0,5,5,0.08509261982872529
0,5,5,NaN
0,5,5,NaN
0,5,5,0.8014889144615878
0,5,5,0.285231730350609
0,5,5,0.0981462602611937
0,5,5,0.9255431095586868
0,5,5,NaN
0,5,5,NaN
0,5,5,NaN
0,5,5,0.49760645166926687
0,5,5,NaN
0,5,5,NaN
0,5,5,NaN
0,5,5,NaN
0,5,5,0.9703220335374653
0,5,5,0.24542441066107207
0,5,5,NaN
0,5,5,0.7009427131692695
0,5,5,0.9370946320424296
0,5,5,NaN
0,5,5,NaN
0,5,5,0.5436724551002615
0,5,5,NaN
0,5,5,0.5436724551002615
0,5,5,NaN
0,5,5,0.5725039826488356
0,5,5,NaN
0,5,5,0.8824229336212897
0,5,5,0.16892676507977705
0,5,5,0.44866759124185646
0,5,5,NaN
0,5,5,NaN
0,5,5,NaN
0,5,5,NaN
0,5,5,NaN
0,5,5,NaN
0,5,5,0.14701094102636791
0,5,5,0.1921949779446829
0,5,5,NaN
0,5,5,0.44866759124185646
0,5,5,0.49760645166926687
0,5,5,0.7376117575795574
0,5,5,0.4005674250897617
0,5,5,0.01684214170507637
0,5,5,0.912484067245082
0,5,5,0.08509261982872529
0,5,5,NaN
0,5,5,0.8650076002264386
0,5,5,0.29577651723030296
0,5,5,NaN
0,5,5,0.47781765733391274
0,5,5,0.11225219921941293
0,5,5,0.6654561633372911
0,5,5,NaN
0,5,5,0.013135794871795524
0,5,5,NaN
0,5,5,0.32204760611626027
0,5,5,0.6051807231555205
0,5,5,0.04853695198236578
0,5,5,NaN
0,5,5,NaN
0,5,5,NaN
0,5,5,NaN
0,5,5,0.8863592841414323
0,5,5,0.041655030385332976
0,5,5,NaN
0,5,5,NaN
0,5,5,0.6711868417913297
0,5,5,NaN
0,5,5,0.14796312362828254
0,5,5,0.21780701902471042
0,5,5,0.7142493217102505
0,5,5,NaN
0,5,5,0.905210862810493
0,5,5,NaN
0,5,5,0.05723418747978489
0,5,5,NaN
0,5,5,NaN
0,5,5,NaN
0,5,5,0.05897968497745212
0,5,5,NaN
0,5,5,NaN
0,5,5,0.9703220335374653
0,5,5,0.9862691009837826
0,5,5,NaN
0,5,5,NaN
0,5,5,0.020724062087912304
0,5,5,0.9703220335374653
0,5,5,NaN
0,5,5,NaN
0,5,5,NaN
0,5,5,NaN
0,5,5,0.9871979248375085
0,5,5,NaN
0,5,5,0.7099946859060099
0,5,5,0.1478288957442496
0,5,5,0.44866759124185646
0,5,5,0.7486616206934282
0,5,5,0.35918334633262433
0,5,5,0.7435026469914164
0,5,5,NaN
0,5,5,NaN
0,5,5,NaN
0,5,5,0.8650076002264386
0,5,5,NaN
0,5,5,0.6291723264168632
0,5,5,NaN
0,5,5,0.8249512880916652
0,5,5,0.0640450458600324
0,5,5,NaN
0,5,5,NaN
0,5,5,NaN
0,5,5,NaN
0,5,5,NaN
0,5,5,0.5857933458990237
0,5,5,0.7099946859060099
0,5,5,NaN
0,5,5,0.14701094102636791
0,5,5,0.0640450458600324
0,5,5,0.0981462602611937
0,5,5,0.02766704178145161
0,5,5,0.11581054356032695
0,5,5,NaN
0,5,5,0.11225219921941293
0,5,5,2.4811289663355015e-5
0,5,5,NaN
0,5,5,NaN
0,5,5,0.7742996008795586
0,5,5,0.16892676507977705
0,5,5,NaN
0,5,5,0.1396261103663417
0,5,5,NaN
0,5,5,0.6291723264168632
0,5,5,NaN
0,5,5,0.573340734184012
0,5,5,0.44866759124185646
0,5,5,NaN
0,5,5,0.12850144349580897
0,5,5,NaN
0,5,5,NaN
0,5,5,NaN
0,5,5,0.21780701902471042
0,5,5,0.7099946859060099
0,5,5,0.5436724551002615
0,5,5,NaN
0,5,5,NaN
0,5,5,0.03690314286304449
0,5,5,NaN
0,5,5,0.7435026469914164
0,5,5,NaN
0,5,5,0.49760645166926687
0,5,5,0.6743016859175012
0,5,5,0.5857933458990237
0,5,5,0.21780701902471042
0,5,5,0.8460613307452832
0,5,5,0.9703220335374653
0,5,5,0.4005674250897617
0,5,5,NaN
0,5,5,0.6291723264168632
0,5,5,0.7483352676452552
0,5,5,0.9208046104387372
0,5,5,0.9564517636473293
0,5,5,0.5857933458990237
0,5,5,0.8460613307452832
0,5,5,0.14701094102636791
0,5,5,0.8650076002264386
0,5,5,0.4458227714473883
0,5,5,NaN
0,5,5,0.004692519452633419
0,5,5,0.8255935837441757
0,5,5,0.912484067245082
0,5,5,0.0640450458600324
0,5,5,NaN
0,5,5,0.8366437403313863
0,5,5,NaN
0,5,5,0.49760645166926687
0,5,5,0.7099946859060099
0,5,5,0.7099946859060099
0,5,5,0.6711868417913297
0,5,5,0.8975048543322908
0,5,5,0.14701094102636791
0,5,5,NaN
0,5,5,0.9551742315464743
0,5,5,NaN
0,5,5,NaN
0,5,5,NaN
0,5,5,NaN
0,5,5,NaN
0,5,5,NaN
0,5,5,0.49123247341127657
0,5,5,NaN
0,5,5,0.8255935837441757
0,5,5,NaN
0,5,5,NaN
0,5,5,0.12850144349580897
0,5,5,0.7435026469914164
0,5,5,0.023887454499875376
0,5,5,NaN
0,5,5,0.35918334633262433
0,5,5,NaN
0,5,5,NaN
0,5,5,0.46767560562431976
0,5,5,0.6291723264168632
0,5,5,0.03184441363446245
0,5,5,0.0981462602611937
0,5,5,NaN
0,5,5,0.7468125415102562
0,5,5,NaN
0,5,5,0.21627268575236883
0,5,5,NaN
0,5,5,0.285231730350609
0,5,5,0.12850144349580897
0,5,5,0.44866759124185646
0,5,5,0.2770516800575465
0,5,5,0.49760645166926687
0,5,5,0.12850144349580897
0,5,5,NaN
0,5,5,0.0640450458600324
0,5,5,0.03184441363446245
0,5,5,0.03184441363446245
0,5,5,NaN
0,5,5,NaN
0,5,5,NaN
0,5,5,0.7435026469914164
0,5,5,0.023887454499875376
0,5,5,NaN
0,5,5,0.1921949779446829
0,5,5,NaN
0,5,5,NaN
0,5,5,NaN
0,5,5,0.004355214903221476
0,5,5,NaN
0,5,5,NaN
0,5,5,0.008649142509604735
0,5,5,NaN
0,5,5,NaN
0,5,5,NaN
0,5,5,0.7271206995827098
0,5,5,0.07599145083686219
0,5,5,0.023887454499875376
0,5,5,NaN
0,5,5,0.7742996008795586
0,5,5,NaN
0,5,5,0.020724062087912304
0,5,5,0.722316116949625
0,5,5,0.1661034751461908
0,5,5,0.6291723264168632
0,5,5,NaN
0,5,5,NaN
0,5,5,0.9255431095586868
0,5,5,0.02766704178145161
3,1,4,0.8255935837441757
1,3,4,0.6291723264168632
1,3,4,0.6695156773186309
1,3,4,NaN
4,0,4,0.6711868417913297
4,0,4,NaN
3,1,4,0.06691677702852893
4,0,4,NaN
4,0,4,NaN
4,0,4,NaN
3,1,4,0.6291723264168632
3,1,4,0.8824229336212897
1,3,4,0.4005674250897617
4,0,4,NaN
2,2,4,NaN
3,1,4,0.14701094102636791
3,1,4,0.3149742872603093
3,1,4,0.4005674250897617
4,0,4,0.03184441363446245
1,3,4,NaN
3,1,4,NaN
1,3,4,NaN
4,0,4,NaN
3,1,4,0.2506505417905184
4,0,4,0.13416857153315173
4,0,4,NaN
4,0,4,0.8857203467685515
4,0,4,NaN
2,2,4,NaN
4,0,4,0.8863592841414323
2,2,4,0.7099946859060099
1,3,4,NaN
4,0,4,0.9899262932434983
4,0,4,NaN
2,2,4,0.32204760611626027
1,3,4,NaN
4,0,4,0.8975048543322908
4,0,4,0.7686086505597012
1,3,4,0.21578370922404502
2,2,4,NaN
3,1,4,0.2506505417905184
2,2,4,0.1921949779446829
4,0,4,NaN
4,0,4,NaN
3,1,4,0.21780701902471042
2,2,4,0.9764973997616925
4,0,4,0.7435026469914164
1,3,4,0.03699915555555507
3,1,4,0.03651495855477971
1,3,4,0.8650076002264386
1,3,4,0.4005674250897617
4,0,4,NaN
1,3,4,0.6291723264168632
3,1,4,NaN
1,3,4,0.32204760611626027
4,0,4,0.6291723264168632
4,0,4,0.14701094102636791
4,0,4,NaN
4,0,4,0.9862691009837826
1,3,4,0.7099946859060099
2,2,4,0.8255935837441757
2,2,4,0.2506505417905184
4,0,4,0.9947688305796785
4,0,4,0.05631407900959844
4,0,4,0.912484067245082
2,2,4,NaN
3,1,4,NaN
3,1,4,0.23918164500155367
3,1,4,0.0006750086455658941
4,0,4,0.4210869466733743
3,1,4,NaN
2,2,4,NaN
2,2,4,NaN
3,1,4,0.4005674250897617
3,1,4,NaN
1,3,4,NaN
3,1,4,NaN
3,1,4,0.35918334633262433
3,1,4,0.9928169178499623
3,1,4,0.8650076002264386
4,0,4,0.0981462602611937
2,2,4,0.6711868417913297
3,1,4,0.58053001166279
2,2,4,0.024432172759579523
4,0,4,0.8255935837441757
3,1,4,NaN
3,1,4,0.0981462602611937
3,1,4,NaN
4,0,4,0.2506505417905184
2,2,4,0.8709340051194202
1,3,4,NaN
1,3,4,0.35918334633262433
4,0,4,0.285231730350609
4,0,4,0.32204760611626027
2,2,4,0.285231730350609
2,2,4,0.9764973997616925
2,2,4,0.6291723264168632
4,0,4,NaN
4,0,4,NaN
1,3,4,0.32204760611626027
2,2,4,NaN
4,0,4,NaN
1,3,4,NaN
2,2,4,0.014466262322302859
2,2,4,0.00041553213164482187
3,1,4,0.8014889144615878
2,2,4,NaN
3,1,4,NaN
1,3,4,0.2541961411898592
2,2,4,NaN
2,2,4,NaN
4,0,4,0.9913552691007974
3,1,4,NaN
2,2,4,NaN
1,3,4,NaN
1,3,4,0.285231730350609
4,0,4,0.285231730350609
4,0,4,NaN
2,2,4,NaN
2,2,4,0.7099946859060099
3,1,4,0.041655030385332976
4,0,4,0.9255431095586868
2,2,4,0.7435026469914164
4,0,4,0.9564517636473293
1,3,4,0.11225219921941293
4,0,4,0.8077326850073792
4,0,4,NaN
3,1,4,NaN
3,1,4,0.14701094102636791
3,1,4,0.35918334633262433
4,0,4,0.7435026469914164
2,2,4,0.44866759124185646
2,2,4,NaN
3,1,4,0.006220825035092204
1,3,4,NaN
1,3,4,NaN
4,0,4,0.5436724551002615
1,3,4,0.7742996008795586
4,0,4,0.8824229336212897
3,1,4,0.8255935837441757
2,2,4,0.343879838105955
3,1,4,NaN
1,3,4,0.9564517636473293
2,2,4,NaN
1,3,4,0.0640450458600324
1,3,4,NaN
3,1,4,0.8975048543322908
2,2,4,0.7736679054452751
3,1,4,0.49760645166926687
3,1,4,0.23423255695371223
3,1,4,0.6049926944035879
2,2,4,0.14701094102636791
4,0,4,0.8824229336212897
3,1,4,NaN
2,2,4,0.16892676507977705
3,1,4,NaN
1,3,4,0.7099946859060099
3,1,4,0.9370946320424296
3,1,4,NaN
4,0,4,NaN
1,3,4,NaN
2,2,4,NaN
4,0,4,0.5936181108479048
3,1,4,NaN
2,2,4,NaN
2,2,4,0.44866759124185646
4,0,4,0.5857933458990237
3,1,4,0.5424987914431505
3,1,4,NaN
2,2,4,0.6711868417913297
1,3,4,0.7099946859060099
3,1,4,0.0577772415581766
4,0,4,0.8650076002264386
1,3,4,0.005053007444195463
2,2,4,NaN
4,0,4,NaN
3,1,4,0.9370946320424296
4,0,4,NaN
2,2,4,0.23423255695371223
2,2,4,0.35918334633262433
2,2,4,NaN
2,2,4,0.14701094102636791
4,0,4,NaN
1,3,4,NaN
2,2,4,0.03215778080286366
2,2,4,NaN
4,0,4,0.14701094102636791
2,2,4,NaN
2,2,4,NaN
1,3,4,0.8047566029545146
3,1,4,0.8388048057370172
4,0,4,NaN
2,2,4,NaN
4,0,4,0.14701094102636791
1,3,4,0.7099946859060099
4,0,4,0.2506505417905184
3,1,4,NaN
4,0,4,NaN
3,1,4,0.1921949779446829
4,0,4,NaN
2,2,4,NaN
4,0,4,NaN
4,0,4,0.747794710211608
2,2,4,NaN
4,0,4,NaN
4,0,4,0.10138582082674709
4,0,4,0.016817159462617554
2,2,4,0.6096186612645523
2,2,4,0.21715455884522636
4,0,4,NaN
4,0,4,NaN
1,3,4,NaN
3,1,4,NaN
4,0,4,0.2536495028511772
4,0,4,0.7960498888662445
3,1,4,0.015390686967911196
3,1,4,NaN
2,2,4,0.041655030385332976
2,2,4,0.08509261982872529
4,0,4,NaN
3,1,4,NaN
3,1,4,NaN
2,2,4,NaN
2,2,4,0.35918334633262433
4,0,4,NaN
2,2,4,0.285231730350609
2,2,4,0.9817557942342455
4,0,4,0.029523167234274676
2,2,4,0.783807799004575
4,0,4,0.12850144349580897
3,1,4,NaN
4,0,4,0.21780701902471042
3,1,4,0.8014889144615878
3,1,4,0.9817557942342455
4,0,4,NaN
3,1,4,0.8460613307452832
4,0,4,0.14701094102636791
3,1,4,0.02884716709551801
2,2,4,NaN
4,0,4,0.041655030385332976
3,1,4,NaN
1,3,4,0.9180379805408941
3,1,4,0.05631407900959844
3,1,4,0.21780701902471042
2,2,4,0.7435026469914164
3,1,4,NaN
3,1,4,0.00198396166236233
2,2,4,0.6078997367486481
2,2,4,NaN
1,3,4,NaN
4,0,4,0.7435026469914164
4,0,4,0.8271323274610014
1,3,4,NaN
2,2,4,0.8460613307452832
3,1,4,0.0640450458600324
4,0,4,NaN
4,0,4,NaN
1,3,4,0.5436724551002615
4,0,4,0.1921949779446829
4,0,4,NaN
3,1,4,0.49760645166926687
1,3,4,0.7610078746086668
3,1,4,0.9817557942342455
4,0,4,NaN
1,3,4,NaN
3,1,4,0.7742996008795586
1,3,4,NaN
4,0,4,NaN
4,0,4,0.8255935837441757
1,3,4,NaN
2,2,4,0.4563364558268546
4,0,4,NaN
3,1,4,0.8975048543322908
4,0,4,0.14701094102636791
3,1,4,NaN
3,1,4,0.6711868417913297
1,3,4,0.08034919185067237
3,1,4,0.9703220335374653
1,3,4,0.2506505417905184
3,1,4,0.32204760611626027
4,0,4,NaN
2,2,4,NaN
4,0,4,NaN
4,0,4,NaN
1,3,4,0.14701094102636791
1,3,4,0.7099946859060099
1,3,4,0.14701094102636791
1,3,4,0.05631407900959844
2,2,4,0.912484067245082
2,2,4,0.5857933458990237
2,2,4,0.285231730350609
1,3,4,0.6711868417913297
3,1,4,NaN
2,2,4,NaN
4,0,4,NaN
3,1,4,0.6326634623209968
1,3,4,0.8460613307452832
2,2,4,NaN
3,1,4,NaN
1,3,4,0.07886153930589634
4,0,4,0.07412233993341909
3,1,4,0.44866759124185646
2,2,4,NaN
3,1,4,0.9481906106540485
3,1,4,NaN
3,1,4,0.35918334633262433
4,0,4,0.8975048543322908
3,1,4,0.44511883529085744
2,2,4,0.011642121182549902
4,0,4,NaN
2,2,4,NaN
4,0,4,NaN
4,0,4,0.40984254341684667
4,0,4,0.7435026469914164
3,1,4,NaN
4,0,4,0.041655030385332976
4,0,4,NaN
4,0,4,NaN
2,2,4,0.2506505417905184
4,0,4,0.08509261982872529
4,0,4,0.91181889617999
3,1,4,NaN
1,3,4,0.8728928008277159
4,0,4,0.5857933458990237
4,0,4,0.7742996008795586
4,0,4,0.8650076002264386
2,2,4,0.04865788038130383
2,2,4,0.7099946859060099
4,0,4,0.912484067245082
1,3,4,NaN
4,0,4,0.9370946320424296
4,0,4,0.041655030385332976
4,0,4,NaN
3,1,4,0.8782718479401418
2,2,4,0.9255431095586868
1,3,4,NaN
2,2,4,NaN
1,3,4,0.14701094102636791
2,2,4,0.49760645166926687
4,0,4,NaN
3,1,4,0.14701094102636791
2,2,4,NaN
3,1,4,NaN
1,3,4,NaN
4,0,4,NaN
1,3,4,0.11332740248835768
2,2,4,0.0640450458600324
4,0,4,NaN
2,2,4,0.0981462602611937
4,0,4,0.8460613307452832
4,0,4,NaN
2,2,4,0.3699585840266267
2,2,4,0.7825423035807397
2,2,4,0.6291723264168632
1,3,4,0.6711868417913297
4,0,4,NaN
1,3,4,0.16892676507977705
3,1,4,0.49760645166926687
3,1,4,NaN
2,2,4,NaN
4,0,4,NaN
4,0,4,0.7172136455470335
2,2,4,NaN
2,2,4,0.44866759124185646
2,2,4,NaN
2,2,4,0.2506505417905184
3,1,4,0.5436724551002615
3,1,4,0.912484067245082
4,0,4,0.7099946859060099
3,1,4,0.8398896226677502
3,1,4,0.4005674250897617
2,2,4,0.8851851395384643
1,3,4,0.5857933458990237
4,0,4,NaN
4,0,4,0.9255431095586868
2,2,4,NaN
1,3,4,0.12850144349580897
2,2,4,NaN
3,1,4,0.1921949779446829
2,2,4,NaN
4,0,4,0.285231730350609
1,3,4,0.6291723264168632
4,0,4,0.6050257682448983
3,1,4,NaN
4,0,4,NaN
2,2,4,NaN
1,3,4,NaN
3,1,4,0.5857933458990237
2,2,4,NaN
2,2,4,NaN
1,3,4,0.7099946859060099
4,0,4,NaN
4,0,4,NaN
4,0,4,0.912484067245082
2,2,4,0.12850144349580897
2,2,4,NaN
2,2,4,4.878640475386026e-7
4,0,4,0.12850144349580897
2,2,4,NaN
4,0,4,NaN
4,0,4,NaN
2,2,4,NaN
3,1,4,NaN
4,0,4,NaN
4,0,4,0.0981462602611937
4,0,4,0.2506505417905184
4,0,4,0.8228641940338677
4,0,4,NaN
2,2,4,0.12850144349580897
3,1,4,NaN
3,1,4,0.32204760611626027
1,3,4,0.6291723264168632
4,0,4,NaN
3,1,4,0.06817457328176679
4,0,4,0.8255935837441757
3,1,4,0.5857933458990237
4,0,4,0.5857933458990237
4,0,4,NaN
3,1,4,NaN
2,2,4,0.12850144349580897
2,2,4,0.912484067245082
3,1,4,0.8824229336212897
4,0,4,0.6764580145704535
4,0,4,NaN
3,1,4,NaN
4,0,4,0.011172931809522797
4,0,4,0.8489543104752415
2,2,4,0.07398859749715625
1,3,4,0.35918334633262433
4,0,4,0.9764973997616925
4,0,4,NaN
2,2,4,0.6654561633372911
3,1,4,0.7742996008795586
2,2,4,0.06629218621388783
1,3,4,0.8228641940338677
4,0,4,0.8598591375555369
2,2,4,0.6291723264168632
3,1,4,0.912484067245082
3,1,4,NaN
4,0,4,0.5643317405363638
3,1,4,NaN
4,0,4,NaN
3,1,4,0.4005674250897617
2,2,4,0.5857933458990237
3,1,4,NaN
3,1,4,0.16892676507977705
3,1,4,NaN
2,2,4,NaN
4,0,4,NaN
2,2,4,0.1921949779446829
2,2,4,NaN
3,1,4,0.912484067245082
3,1,4,NaN
1,3,4,NaN
2,2,4,0.0981462602611937
1,3,4,0.40227714585241064
4,0,4,NaN
2,2,4,NaN
2,2,4,NaN
2,2,4,NaN
2,2,4,NaN
2,2,4,NaN
4,0,4,NaN
4,0,4,NaN
1,3,4,0.0640450458600324
1,3,4,0.12850144349580897
3,1,4,NaN
4,0,4,0.4005674250897617
3,1,4,0.285231730350609
4,0,4,0.020724062087912304
3,1,4,0.6291723264168632
3,1,4,0.7099946859060099
3,1,4,0.7742996008795586
1,3,4,NaN
2,2,4,0.6291723264168632
4,0,4,NaN
4,0,4,0.7610078746086668
3,1,4,0.44866759124185646
1,3,4,NaN
4,0,4,0.041655030385332976
2,2,4,0.8255935837441757
3,1,4,NaN
1,3,4,NaN
1,3,4,NaN
4,0,4,NaN
4,0,4,NaN
1,3,4,0.6170306909979111
3,1,4,0.6291723264168632
2,2,4,0.21780701902471042
4,0,4,NaN
2,2,4,NaN
2,2,4,NaN
2,2,4,NaN
2,2,4,0.6817447532108764
3,1,4,0.8824229336212897
3,1,4,NaN
3,1,4,NaN
2,2,4,0.07398859749715625
3,1,4,0.35918334633262433
3,1,4,NaN
1,3,4,NaN
4,0,4,NaN
3,1,4,NaN
1,3,4,NaN
3,1,4,0.8975048543322908
1,3,4,0.016817159462617554
3,1,4,NaN
4,0,4,0.9037913353831374
1,3,4,0.8339990739474855
3,1,4,0.03825996722083187
4,0,4,NaN
3,1,4,0.8255935837441757
2,2,4,0.5436724551002615
2,2,4,NaN
2,2,4,NaN
4,0,4,NaN
4,0,4,0.593784184723587
4,0,4,0.08509261982872529
3,1,4,NaN
4,0,4,0.343879838105955
2,2,4,0.8824229336212897
2,2,4,0.16892676507977705
4,0,4,0.9703220335374653
3,1,4,0.21811926335616483
2,2,4,0.11225219921941293
4,0,4,NaN
2,2,4,NaN
4,0,4,NaN
1,3,4,NaN
3,1,4,0.6291723264168632
2,2,4,NaN
2,2,4,0.6291723264168632
3,1,4,0.7543500170360345
2,2,4,NaN
3,1,4,0.8241674034669604
2,2,4,4.820700164239062e-5
4,0,4,0.9170336508265289
2,2,4,NaN
4,0,4,0.8824229336212897
4,0,4,NaN
2,2,4,NaN
4,0,4,NaN
4,0,4,0.7742996008795586
2,2,4,0.35918334633262433
1,3,4,0.44866759124185646
4,0,4,NaN
1,3,4,NaN
3,1,4,0.8255935837441757
1,3,4,0.44866759124185646
4,0,4,NaN
2,2,4,0.8650076002264386
3,1,4,0.6711868417913297
1,3,4,0.7099946859060099
2,2,4,0.12014958284001422
2,2,4,NaN
4,0,4,NaN
3,1,4,0.704475290877889
3,1,4,NaN
2,2,4,0.4005674250897617
2,2,4,0.9058725361548334
4,0,4,NaN
1,3,4,0.285231730350609
4,0,4,0.12589589628661432
2,2,4,0.033159517521540526
3,1,4,0.023858072147664982
4,0,4,NaN
4,0,4,0.9564517636473293
4,0,4,0.5660132582266681
4,0,4,0.6291723264168632
3,1,4,0.758528014561794
3,1,4,NaN
2,2,4,0.6711868417913297
3,1,4,NaN
1,3,4,0.5857933458990237
4,0,4,0.8664613219947442
3,1,4,0.5408101131016374
4,0,4,0.7099946859060099
2,2,4,0.49760645166926687
3,1,4,NaN
4,0,4,0.326689216871626
2,2,4,0.12850144349580897
2,2,4,0.325503207883153
4,0,4,0.285231730350609
3,1,4,NaN
4,0,4,0.8460613307452832
2,2,4,0.4005674250897617
2,2,4,0.6804017048834924
2,2,4,0.0010552331911790804
4,0,4,0.6291723264168632
1,3,4,0.7742996008795586
2,2,4,NaN
2,2,4,0.9899262932434983
1,3,4,0.7435026469914164
2,2,4,NaN
4,0,4,NaN
2,2,4,0.6555895773700705
3,1,4,0.9564517636473293
4,0,4,NaN
2,2,4,0.16892676507977705
4,0,4,NaN
2,2,4,0.8975048543322908
3,1,4,NaN
4,0,4,0.1921949779446829
1,3,4,0.2506505417905184
3,1,4,NaN
4,0,4,NaN
4,0,4,NaN
3,1,4,0.9451999212225101
2,2,4,0.020724062087912304
4,0,4,0.8014889144615878
2,2,4,NaN
2,2,4,0.8975048543322908
2,2,4,NaN
2,2,4,0.007837788026609073
2,2,4,0.35918334633262433
1,3,4,0.8460613307452832
2,2,4,NaN
3,1,4,NaN
3,1,4,NaN
4,0,4,0.0981462602611937
1,3,4,NaN
2,2,4,NaN
1,3,4,NaN
2,2,4,0.7742996008795586
3,1,4,NaN
2,2,4,NaN
1,3,4,0.8460613307452832
3,1,4,NaN
4,0,4,NaN
1,3,4,0.8460613307452832
2,2,4,0.44216087333014975
1,3,4,0.7435026469914164
3,1,4,0.5741000397391358
3,1,4,0.5250862142039893
4,0,4,0.5857933458990237
3,1,4,NaN
4,0,4,0.20594918115544292
3,1,4,0.8014889144615878
3,1,4,0.4005674250897617
4,0,4,0.7089675961549274
2,2,4,0.05631407900959844
2,2,4,NaN
3,1,4,NaN
3,1,4,0.004715231185707418
2,2,4,NaN
4,0,4,0.2696783374012991
3,1,4,NaN
3,1,4,NaN
4,0,4,NaN
1,3,4,0.8879566756654655
2,2,4,0.634798721045117
4,0,4,0.21780701902471042
4,0,4,NaN
1,3,4,0.8832571014145125
3,1,4,0.285231730350609
3,1,4,0.21780701902471042
2,2,4,0.0013143271911535742
2,2,4,0.42354259707534225
4,0,4,NaN
4,0,4,NaN
3,1,4,0.0640450458600324
4,0,4,NaN
4,0,4,0.43837482465865396
3,1,4,0.11225219921941293
4,0,4,NaN
1,3,4,NaN
1,3,4,NaN
3,1,4,0.015390686967911196
4,0,4,0.14701094102636791
2,2,4,0.7435026469914164
1,3,4,NaN
3,1,4,NaN
2,2,4,NaN
2,2,4,0.03815577425140519
3,1,4,0.44866759124185646
1,3,4,0.8108257737906625
4,0,4,NaN
2,2,4,NaN
3,1,4,0.5436724551002615
2,2,4,NaN
2,2,4,0.2925302080168306
3,1,4,NaN
3,1,4,NaN
4,0,4,NaN
3,1,4,NaN
4,0,4,NaN
2,2,4,NaN
3,1,4,0.5784578228312995
2,2,4,NaN
4,0,4,0.8605559038405546
3,1,4,NaN
3,1,4,NaN
3,1,4,NaN
1,3,4,NaN
4,0,4,0.05631407900959844
3,1,4,0.8460613307452832
3,1,4,0.7435026469914164
3,1,4,0.9255431095586868
3,1,4,NaN
3,1,4,0.7742996008795586
3,1,4,0.9370946320424296
4,0,4,NaN
4,0,4,NaN
1,3,4,0.4005674250897617
1,3,4,0.7099946859060099
2,2,4,0.9862691009837826
4,0,4,0.015390686967911196
3,1,4,0.285231730350609
4,0,4,0.21780701902471042
1,3,4,0.006531896091517178
4,0,4,NaN
4,0,4,NaN
4,0,4,NaN
2,2,4,0.9370946320424296
3,1,4,NaN
3,1,4,0.017885932416267757
3,1,4,0.8650076002264386
1,3,4,NaN
1,3,4,0.5436724551002615
1,3,4,0.638374246906923
4,0,4,NaN
4,0,4,0.03148700039286644
1,3,4,NaN
3,1,4,0.44866759124185646
4,0,4,0.9770579027911971
3,1,4,0.8255935837441757
2,2,4,NaN
4,0,4,NaN
2,2,4,NaN
4,0,4,NaN
2,2,4,0.6239531135821753
4,0,4,0.5857933458990237
1,3,4,0.7099946859060099
1,3,4,0.11225219921941293
2,2,4,NaN
4,0,4,NaN
1,3,4,NaN
4,0,4,NaN
4,0,4,0.9496189228922319
2,2,4,0.44866759124185646
2,2,4,0.8975048543322908
3,1,4,NaN
1,3,4,NaN
2,2,4,0.44866759124185646
3,1,4,0.7435026469914164
4,0,4,0.7742996008795586
1,3,4,0.7742996008795586
2,2,4,NaN
2,2,4,0.8255935837441757
1,3,4,NaN
2,2,4,0.285231730350609
3,1,4,NaN
4,0,4,0.5436724551002615
4,0,4,NaN
3,1,4,NaN
1,3,4,0.7435026469914164
3,1,4,NaN
4,0,4,NaN
4,0,4,0.6291723264168632
3,1,4,NaN
2,2,4,0.16892676507977705
1,3,4,NaN
3,1,4,0.8975048543322908
2,2,4,0.44866759124185646
3,1,4,0.9255431095586868
3,1,4,NaN
4,0,4,NaN
1,3,4,0.06122658282986586
3,1,4,0.9817557942342455
1,3,4,NaN
2,2,4,0.10798972492297984
1,3,4,0.14701094102636791
4,0,4,NaN
2,2,4,0.7742996008795586
4,0,4,0.8255935837441757
2,2,4,NaN
2,2,4,0.009189665523477854
3,1,4,0.6711868417913297
2,2,4,0.08509261982872529
4,0,4,NaN
4,0,4,0.5857933458990237
3,1,4,0.3541370539104541
4,0,4,NaN
4,0,4,NaN
3,1,4,NaN
1,3,4,NaN
3,1,4,NaN
4,0,4,0.32618996115539983
4,0,4,NaN
3,1,4,0.8824229336212897
4,0,4,0.5857933458990237
1,3,4,NaN
1,3,4,0.16892676507977705
4,0,4,0.9370946320424296
1,3,4,0.1921949779446829
1,3,4,NaN
2,2,4,0.5436724551002615
4,0,4,NaN
1,3,4,NaN
4,0,4,0.5436724551002615
2,2,4,0.6169134535163661
4,0,4,0.9255431095586868
4,0,4,0.7435026469914164
4,0,4,0.285231730350609
3,1,4,0.5038140522032196
4,0,4,0.8014889144615878
4,0,4,NaN
2,2,4,0.5436724551002615
2,2,4,NaN
1,3,4,0.35918334633262433
4,0,4,0.8460613307452832
3,1,4,0.44866759124185646
3,1,4,NaN
4,0,4,NaN
4,0,4,0.11225219921941293
2,2,4,0.09814643037907533
4,0,4,0.08509261982872529
3,1,4,0.4005674250897617
3,1,4,0.8014889144615878
2,2,4,NaN
3,1,4,NaN
2,2,4,NaN
4,0,4,NaN
3,1,4,0.285231730350609
4,0,4,0.6711868417913297
4,0,4,NaN
3,1,4,NaN
2,2,4,0.9997662917582381
2,2,4,NaN
2,2,4,NaN
2,2,4,NaN
3,1,4,NaN
4,0,4,0.5303116051541336
3,1,4,0.5436724551002615
2,2,4,NaN
3,1,4,0.14701094102636791
2,2,4,0.04192418074988385
1,3,4,0.017885932416267757
2,2,4,0.5857933458990237
2,2,4,0.7435026469914164
2,2,4,0.10623187111327452
2,2,4,0.7388853204744342
3,1,4,NaN
2,2,4,NaN
1,3,4,0.004715231185707418
2,2,4,NaN
4,0,4,NaN
3,1,4,NaN
3,1,4,0.0016019795455171535
2,2,4,0.8183374713440228
4,0,4,NaN
4,0,4,0.49760645166926687
3,1,4,0.14701094102636791
2,2,4,NaN
2,2,4,0.023591765583976503
4,0,4,0.1921949779446829
2,2,4,NaN
4,0,4,0.9481906106540485
1,3,4,0.23423255695371223
2,2,4,NaN
1,3,4,NaN
4,0,4,NaN
1,3,4,NaN
1,3,4,0.11225219921941293
1,3,4,0.285231730350609
4,0,4,NaN
2,2,4,0.5741000397391358
2,2,4,NaN
2,2,4,0.49760645166926687
4,0,4,NaN
4,0,4,0.44866759124185646
4,0,4,NaN
3,1,4,0.7003302010778021
1,3,4,0.44866759124185646
1,3,4,NaN
2,2,4,NaN
1,3,4,0.08509261982872529
3,1,4,0.8255935837441757
4,0,4,0.8255935837441757
4,0,4,NaN
2,2,4,NaN
2,2,4,0.9481906106540485
4,0,4,0.7435026469914164
4,0,4,NaN
2,2,4,0.9255431095586868
2,2,4,0.003990059331566645
4,0,4,0.1921949779446829
2,2,4,NaN
2,2,4,NaN
4,0,4,NaN
2,2,4,NaN
2,2,4,NaN
2,2,4,NaN
2,2,4,0.05631407900959844
4,0,4,NaN
4,0,4,NaN
4,0,4,NaN
3,1,4,NaN
3,1,4,NaN
2,2,4,NaN
2,2,4,0.7099946859060099
2,2,4,0.9481906106540485
4,0,4,NaN
3,1,4,NaN
4,0,4,0.6291723264168632
1,3,4,0.3629066742192794
4,0,4,0.0009245267206403377
3,1,4,0.14701094102636791
1,3,4,0.0981462602611937
4,0,4,0.8255935837441757
3,1,4,0.14701094102636791
2,2,4,0.912484067245082
3,1,4,0.21780701902471042
2,2,4,0.21780701902471042
1,3,4,0.8650076002264386
4,0,4,0.912484067245082
2,2,4,NaN
4,0,4,0.21145176725373
3,1,4,0.4005674250897617
2,2,4,NaN
2,2,4,0.14701094102636791
1,3,4,NaN
4,0,4,0.7099946859060099
2,2,4,NaN
3,1,4,0.6184190108229441
4,0,4,NaN
4,0,4,0.49760645166926687
1,3,4,0.8014889144615878
2,2,4,0.35918334633262433
3,1,4,0.9899262932434983
2,2,4,0.285231730350609
3,1,4,0.49760645166926687
3,1,4,0.7742996008795586
1,3,4,0.6291723264168632
4,0,4,NaN
3,1,4,0.24624143964685222
2,2,4,NaN
4,0,4,0.49760645166926687
1,3,4,NaN
3,1,4,0.8014889144615878
1,3,4,0.2506505417905184
1,3,4,NaN
1,3,4,0.7742996008795586
1,3,4,0.6291723264168632
4,0,4,NaN
4,0,4,0.9764973997616925
1,3,4,NaN
3,1,4,0.08509261982872529
2,2,4,NaN
4,0,4,NaN
2,2,4,0.023887454499875376
1,3,4,NaN
4,0,4,NaN
4,0,4,0.2506505417905184
4,0,4,0.21780701902471042
2,2,4,NaN
4,0,4,0.2506505417905184
4,0,4,NaN
1,3,4,0.35918334633262433
2,2,4,NaN
3,1,4,0.7099946859060099
4,0,4,0.49373992019550184
2,2,4,NaN
4,0,4,0.35918334633262433
3,1,4,NaN
3,1,4,0.5130413456218884
3,1,4,NaN
2,2,4,NaN
2,2,4,0.730288274060052
3,1,4,0.7435026469914164
2,2,4,NaN
2,2,4,0.07398859749715625
1,3,4,NaN
4,0,4,NaN
2,2,4,NaN
3,1,4,0.49760645166926687
2,2,4,0.7435026469914164
4,0,4,0.14701094102636791
2,2,4,0.8255935837441757
1,3,4,NaN
1,3,4,0.29020545169098383
2,2,4,NaN
3,1,4,0.285231730350609
1,3,4,0.1227251929996184
2,2,4,NaN
2,2,4,0.07797528307509231
2,2,4,0.0640450458600324
2,2,4,NaN
3,1,4,0.020724062087912304
3,1,4,0.9485901921732287
4,0,4,0.4005674250897617
1,3,4,NaN
4,0,4,0.35918334633262433
2,2,4,0.5857933458990237
1,3,4,NaN
2,2,4,0.7742996008795586
3,1,4,0.11225219921941293
2,2,4,NaN
4,0,4,0.5135856014815717
1,3,4,0.5436724551002615
2,2,4,0.9255431095586868
3,1,4,0.9255431095586868
2,2,4,0.7099946859060099
4,0,4,0.32204760611626027
4,0,4,NaN
4,0,4,NaN
4,0,4,NaN
2,2,4,0.7742996008795586
2,2,4,0.7099946859060099
3,1,4,0.11225219921941293
4,0,4,0.8460613307452832
4,0,4,0.8014889144615878
4,0,4,NaN
2,2,4,NaN
3,1,4,0.7435026469914164
1,3,4,NaN
2,2,4,0.5130413456218884
1,3,4,NaN
3,1,4,NaN
3,1,4,0.758528014561794
1,3,4,0.5857933458990237
4,0,4,NaN
2,2,4,NaN
2,2,4,0.912484067245082
2,2,4,NaN
4,0,4,0.44866759124185646
2,2,4,0.08509261982872529
1,3,4,0.44866759124185646
3,1,4,0.8255935837441757
3,1,4,NaN
2,2,4,NaN
4,0,4,0.2677319823503157
3,1,4,NaN
2,2,4,NaN
3,1,4,0.041655030385332976
1,3,4,NaN
1,3,4,NaN
3,1,4,NaN
2,2,4,NaN
3,1,4,0.8650076002264386
3,1,4,0.7568462303324522
2,2,4,0.4005674250897617
2,2,4,0.7099946859060099
1,3,4,0.35918334633262433
3,1,4,NaN
3,1,4,NaN
1,3,4,0.7944488592892044
4,0,4,0.12257815199403457
4,0,4,NaN
3,1,4,NaN
3,1,4,0.21780701902471042
2,2,4,0.07398859749715625
2,2,4,0.8975048543322908
4,0,4,NaN
3,1,4,NaN
3,1,4,0.9862691009837826
4,0,4,NaN
2,2,4,NaN
2,2,4,0.6711868417913297
2,2,4,NaN
2,2,4,0.15517545943756
3,1,4,0.09845788366090855
2,2,4,0.9255431095586868
2,2,4,NaN
2,2,4,0.6291723264168632
2,2,4,NaN
4,0,4,0.5182472259560423
1,3,4,0.003308800155531249
4,0,4,0.44866759124185646
2,2,4,NaN
2,2,4,NaN
1,3,4,0.7089952669332064
3,1,4,NaN
2,2,4,NaN
4,0,4,NaN
2,2,4,0.2506505417905184
3,1,4,0.3214680081576048
3,1,4,NaN
1,3,4,0.07536383816384878
4,0,4,0.03219129735432314
4,0,4,NaN
3,1,4,NaN
3,1,4,NaN
3,1,4,0.285231730350609
4,0,4,0.5436724551002615
3,1,4,NaN
1,3,4,0.9564517636473293
2,2,4,NaN
4,0,4,NaN
4,0,4,0.8975048543322908
3,1,4,0.003633194769752674
2,2,4,0.44866759124185646
1,3,4,0.03699915555555507
2,2,4,NaN
2,2,4,NaN
4,0,4,0.04572712029148149
3,1,4,NaN
3,1,4,NaN
3,1,4,0.996413974089526
4,0,4,NaN
1,3,4,0.6711868417913297
2,2,4,0.8014889144615878
1,3,4,0.6140121240333096
1,3,4,0.7742996008795586
3,1,4,NaN
2,2,4,0.01586602518530801
3,1,4,NaN
3,1,4,NaN
2,2,4,NaN
4,0,4,NaN
2,2,4,0.05631407900959844
1,3,4,0.28556136430308254
2,2,4,0.6947086203092868
2,2,4,0.21596442163885846
2,2,4,0.9817557942342455
4,0,4,0.6423297940369653
4,0,4,0.7099946859060099
1,3,4,NaN
3,1,4,0.7435026469914164
1,3,4,0.35918334633262433
3,1,4,0.285231730350609
2,2,4,0.9703220335374653
1,3,4,0.02268384200250887
3,1,4,0.11225219921941293
2,2,4,0.8460613307452832
1,3,4,NaN
3,1,4,0.5436724551002615
1,3,4,NaN
4,0,4,0.6743016859175012
2,2,4,NaN
4,0,4,0.5436724551002615
3,1,4,0.285231730350609
3,1,4,NaN
2,2,4,NaN
3,1,4,NaN
4,0,4,NaN
2,2,4,0.1930550713533974
1,3,4,NaN
1,3,4,NaN
2,2,4,NaN
1,3,4,0.5670401956914495
2,2,4,0.6170306909979111
2,2,4,0.44511883529085744
4,0,4,NaN
4,0,4,NaN
3,1,4,0.5857933458990237
4,0,4,NaN
3,1,4,0.7908278289008838
4,0,4,0.6711868417913297
3,1,4,0.35918334633262433
2,2,4,0.11225219921941293
3,1,4,0.49760645166926687
4,0,4,0.5597030703181235
3,1,4,NaN
2,2,4,0.5857933458990237
4,0,4,NaN
3,1,4,NaN
1,3,4,0.35918334633262433
4,0,4,0.285231730350609
1,3,4,0.912484067245082
2,2,4,NaN
1,3,4,0.11225219921941293
3,1,4,NaN
1,3,4,0.020724062087912304
4,0,4,NaN
1,3,4,0.9255431095586868
3,1,4,NaN
4,0,4,NaN
1,3,4,0.11225219921941293
2,2,4,0.6711868417913297
2,2,4,0.4005674250897617
2,2,4,NaN
1,3,4,NaN
3,1,4,NaN
3,1,4,NaN
4,0,4,0.7742996008795586
3,1,4,0.7742996008795586
2,2,4,NaN
1,3,4,0.6711868417913297
4,0,4,0.2506505417905184
4,0,4,NaN
4,0,4,NaN
3,1,4,0.1921949779446829
2,2,4,0.08509261982872529
3,1,4,NaN
2,2,4,NaN
2,2,4,0.9817557942342455
3,1,4,NaN
3,1,4,NaN
2,2,4,NaN
3,1,4,0.7742996008795586
3,1,4,NaN
3,1,4,NaN
3,1,4,0.0021648749154831964
4,0,4,NaN
4,0,4,0.9255431095586868
2,2,4,0.5424987914431505
4,0,4,NaN
3,1,4,NaN
3,1,4,0.9089809646624171
3,1,4,NaN
4,0,4,NaN
2,2,4,NaN
4,0,4,0.32204760611626027
4,0,4,0.7742996008795586
4,0,4,0.964109046255293
3,1,4,0.0640450458600324
1,3,4,0.14701094102636791
1,3,4,NaN
3,1,4,0.17993663488239817
1,3,4,NaN
4,0,4,0.21780701902471042
2,2,4,0.013644362619582484
1,3,4,0.32191240613250377
3,1,4,NaN
4,0,4,0.07398859749715625
3,1,4,NaN
3,1,4,NaN
4,0,4,0.4437568944930373
3,1,4,0.8460613307452832
4,0,4,NaN
1,3,4,0.35918334633262433
3,1,4,NaN
4,0,4,NaN
3,1,4,0.285231730350609
1,3,4,0.6291723264168632
1,3,4,0.5963485442646913
4,0,4,NaN
2,2,4,NaN
3,1,4,0.7435026469914164
3,1,4,0.285231730350609
2,2,4,0.9255431095586868
4,0,4,NaN
2,2,4,0.8650076002264386
4,0,4,0.8014889144615878
2,2,4,NaN
1,3,4,0.4005674250897617
4,0,4,0.35918334633262433
4,0,4,NaN
2,2,4,0.912484067245082
2,2,4,NaN
2,2,4,NaN
3,1,4,0.8975048543322908
4,0,4,0.285231730350609
3,1,4,0.017885932416267757
2,2,4,NaN
1,3,4,0.7742996008795586
4,0,4,0.8460613307452832
3,1,4,0.01871436008141576
1,3,4,NaN
3,1,4,0.35918334633262433
2,2,4,NaN
4,0,4,0.5436724551002615
2,2,4,NaN
2,2,4,0.675529307037512
3,1,4,NaN
3,1,4,0.818604818593013
1,3,4,0.16892676507977705
2,2,4,0.8255935837441757
4,0,4,NaN
4,0,4,NaN
1,3,4,0.12850144349580897
2,2,4,0.05631407900959844
4,0,4,0.9069101354604396
2,2,4,0.49760645166926687
2,2,4,0.35918334633262433
1,3,4,0.0032669265655773617
4,0,4,0.7435026469914164
2,2,4,NaN
3,1,4,NaN
3,1,4,0.9862691009837826
1,3,4,0.8460613307452832
3,1,4,NaN
1,3,4,0.8124238838051626
3,1,4,0.8014889144615878
4,0,4,NaN
3,1,4,NaN
2,2,4,NaN
4,0,4,NaN
3,1,4,0.0640450458600324
1,3,4,0.964109046255293
2,2,4,NaN
3,1,4,NaN
4,0,4,0.01928476875158235
2,2,4,NaN
3,1,4,0.6711868417913297
2,2,4,NaN
3,1,4,NaN
3,1,4,NaN
2,2,4,0.4005674250897617
3,1,4,0.32204760611626027
3,1,4,0.7742996008795586
4,0,4,0.32204760611626027
3,1,4,0.14701094102636791
3,1,4,NaN
1,3,4,NaN
3,1,4,0.9368692845019828
2,2,4,NaN
4,0,4,0.7435026469914164
3,1,4,NaN
3,1,4,0.1921949779446829
2,2,4,0.8460613307452832
2,2,4,NaN
2,2,4,0.9481906106540485
2,2,4,0.08509261982872529
3,1,4,0.32204760611626027
4,0,4,0.6291723264168632
2,2,4,0.6711868417913297
4,0,4,0.07398859749715625
4,0,4,NaN
3,1,4,NaN
4,0,4,NaN
3,1,4,0.5436724551002615
2,2,4,0.35918334633262433
3,1,4,0.003163341774408705
3,1,4,0.14701094102636791
4,0,4,0.8460613307452832
2,2,4,0.12850144349580897
4,0,4,NaN
1,3,4,0.00026398341306641226
3,1,4,NaN
1,3,4,0.1921949779446829
3,1,4,0.9764973997616925
2,2,4,0.08509261982872529
4,0,4,0.8650076002264386
3,1,4,0.023887454499875376
4,0,4,0.002552124658456733
2,2,4,0.8975048543322908
2,2,4,0.2677319823503157
1,3,4,NaN
2,2,4,0.16892676507977705
2,2,4,0.058165580254859475
3,1,4,NaN
3,1,4,NaN
3,1,4,0.5436724551002615
2,2,4,NaN
4,0,4,NaN
2,2,4,0.14701094102636791
4,0,4,0.07398859749715625
3,1,4,NaN
2,2,4,NaN
1,3,4,NaN
3,1,4,NaN
1,3,4,NaN
3,1,4,0.21780701902471042
3,1,4,0.9255431095586868
1,3,4,0.5436724551002615
4,0,4,NaN
3,1,4,0.16892676507977705
2,2,4,NaN
4,0,4,NaN
4,0,4,0.9255431095586868
2,2,4,0.08509261982872529
2,2,4,0.9960619925435011
3,1,4,0.7099946859060099
3,1,4,0.35918334633262433
3,1,4,0.6992423398238659
1,3,4,NaN
3,1,4,NaN
3,1,4,NaN
3,1,4,NaN
3,1,4,0.49760645166926687
3,1,4,0.5652311098141638
3,1,4,0.016078883464276293
4,0,4,NaN
4,0,4,0.560886006089742
2,2,4,0.25666132910196693
3,1,4,NaN
2,2,4,0.8312920881679056
3,1,4,0.7616511801355498
4,0,4,0.08509261982872529
3,1,4,0.6411230269557469
2,2,4,0.9370946320424296
4,0,4,0.8824229336212897
4,0,4,0.5779778061805798
1,3,4,NaN
4,0,4,NaN
2,2,4,NaN
1,3,4,0.5857933458990237
1,3,4,0.16892676507977705
2,2,4,NaN
4,0,4,NaN
2,2,4,NaN
2,2,4,0.285231730350609
3,1,4,NaN
4,0,4,NaN
2,2,4,0.7653499483128415
3,1,4,0.1351035968928952
4,0,4,NaN
2,2,4,0.041655030385332976
4,0,4,NaN
4,0,4,NaN
4,0,4,NaN
2,2,4,0.7099946859060099
2,2,4,0.35918334633262433
2,2,4,NaN
1,3,4,0.5436724551002615
1,3,4,0.285231730350609
3,1,4,NaN
4,0,4,0.21780701902471042
4,0,4,0.49760645166926687
4,0,4,NaN
4,0,4,NaN
4,0,4,NaN
2,2,4,0.7742996008795586
4,0,4,NaN
4,0,4,0.7742996008795586
2,2,4,0.7742996008795586
1,3,4,NaN
3,1,4,0.31782120465986163
3,1,4,NaN
4,0,4,NaN
2,2,4,NaN
1,3,4,NaN
2,2,4,0.4437568944930373
2,2,4,0.32204760611626027
4,0,4,NaN
4,0,4,0.7099946859060099
4,0,4,NaN
2,2,4,NaN
4,0,4,NaN
4,0,4,NaN
2,2,4,NaN
2,2,4,NaN
4,0,4,0.9862691009837826
3,1,4,NaN
2,2,4,0.8460613307452832
3,1,4,0.8014889144615878
2,2,4,0.912484067245082
3,1,4,0.7435026469914164
4,0,4,NaN
4,0,4,0.9764973997616925
4,0,4,0.912484067245082
2,2,4,0.30997140632278397
3,1,4,NaN
4,0,4,NaN
4,0,4,NaN
2,2,4,NaN
3,1,4,NaN
1,3,4,0.05095590406669875
3,1,4,0.6711868417913297
2,2,4,NaN
2,2,4,0.5436724551002615
1,3,4,0.8975048543322908
1,3,4,NaN
1,3,4,NaN
1,3,4,NaN
2,2,4,NaN
2,2,4,NaN
4,0,4,NaN
3,1,4,NaN
4,0,4,NaN
2,2,4,NaN
3,1,4,0.6609269070683205
2,2,4,NaN
4,0,4,NaN
3,1,4,0.5436724551002615
4,0,4,NaN
2,2,4,0.9255431095586868
3,1,4,0.041655030385332976
4,0,4,NaN
2,2,4,NaN
4,0,4,NaN
3,1,4,0.6291723264168632
1,3,4,NaN
3,1,4,NaN
3,1,4,0.8650076002264386
2,2,4,NaN
2,2,4,0.8975048543322908
4,0,4,0.011230029867613402
4,0,4,NaN
3,1,4,0.21780701902471042
2,2,4,NaN
1,3,4,NaN
3,1,4,0.14701094102636791
3,1,4,NaN
4,0,4,0.03184441363446245
3,1,4,NaN
3,1,4,NaN
4,0,4,0.7742996008795586
4,0,4,0.2022892255018989
3,1,4,0.44866759124185646
4,0,4,NaN
2,2,4,0.7742996008795586
4,0,4,0.16892676507977705
2,2,4,NaN
1,3,4,NaN
4,0,4,0.44866759124185646
1,3,4,0.239116756104008
2,2,4,NaN
2,2,4,0.0002532700782893574
3,1,4,NaN
3,1,4,NaN
4,0,4,NaN
3,1,4,0.8650076002264386
3,1,4,0.00870893330877719
3,1,4,NaN
2,2,4,0.9894258723339607
2,2,4,NaN
2,2,4,0.02947811400452479
1,3,4,0.8014889144615878
1,3,4,0.5436724551002615
4,0,4,0.46909514903742233
4,0,4,NaN
3,1,4,NaN
4,0,4,0.44866759124185646
2,2,4,0.9564517636473293
3,1,4,0.9764973997616925
2,2,4,0.48305518709006323
3,1,4,0.22265513467658812
4,0,4,0.9370946320424296
3,1,4,0.027095240730727034
4,0,4,0.07398859749715625
1,3,4,NaN
4,0,4,NaN
4,0,4,NaN
1,3,4,0.32204760611626027
1,3,4,0.5436724551002615
1,3,4,NaN
4,0,4,NaN
4,0,4,NaN
4,0,4,NaN
4,0,4,NaN
3,1,4,NaN
2,2,4,NaN
2,2,4,0.03184441363446245
4,0,4,0.7742996008795586
3,1,4,NaN
4,0,4,NaN
4,0,4,0.9227475659559871
4,0,4,NaN
1,3,4,NaN
2,2,4,NaN
3,1,4,0.0981462602611937
2,2,4,NaN
3,1,4,NaN
2,2,4,0.9170336508265289
4,0,4,0.6291723264168632
1,3,4,0.14701094102636791
4,0,4,NaN
3,1,4,0.5436724551002615
4,0,4,NaN
2,2,4,NaN
4,0,4,0.35918334633262433
4,0,4,NaN
3,1,4,NaN
1,3,4,0.4664591052808626
4,0,4,NaN
1,3,4,NaN
4,0,4,NaN
2,2,4,NaN
4,0,4,NaN
1,3,4,NaN
3,1,4,NaN
1,3,4,NaN
1,3,4,NaN
2,2,4,NaN
1,3,4,0.1921949779446829
3,1,4,0.239116756104008
2,2,4,NaN
2,2,4,NaN
3,1,4,0.4005674250897617
2,2,4,NaN
3,1,4,NaN
2,2,4,NaN
2,2,4,NaN
2,2,4,0.007391394119360491
3,1,4,NaN
1,3,4,0.4005674250897617
4,0,4,0.2791786873560095
2,2,4,NaN
4,0,4,0.5436724551002615
2,2,4,0.6711868417913297
4,0,4,NaN
2,2,4,NaN
2,2,4,NaN
2,2,4,0.9481906106540485
1,3,4,0.4435125150761472
3,1,4,NaN
2,2,4,0.32204760611626027
4,0,4,NaN
4,0,4,0.9703220335374653
3,1,4,0.12028134649686592
2,2,4,0.05631407900959844
3,1,4,0.8014889144615878
4,0,4,NaN
2,2,4,0.5857933458990237
2,2,4,NaN
2,2,4,0.17953084396000635
3,1,4,0.285231730350609
2,2,4,0.1921949779446829
4,0,4,0.35918334633262433
2,2,4,0.44866759124185646
4,0,4,0.0981462602611937
1,3,4,NaN
3,1,4,0.08509261982872529
1,3,4,NaN
1,3,4,0.8975048543322908
4,0,4,0.020724062087912304
4,0,4,0.6051807231555205
2,2,4,NaN
2,2,4,4.442485278306287e-5
3,1,4,NaN
2,2,4,0.02405845782177219
2,2,4,NaN
2,2,4,0.8460613307452832
4,0,4,0.16892676507977705
1,3,4,0.9370946320424296
2,2,4,0.8975048543322908
4,0,4,NaN
1,3,4,NaN
2,2,4,0.9255431095586868
3,1,4,0.4005674250897617
3,1,4,0.9713020689615423
1,3,4,NaN
2,2,4,NaN
2,2,4,0.4005674250897617
4,0,4,0.11225219921941293
4,0,4,NaN
4,0,4,0.7099946859060099
2,2,4,0.35918334633262433
4,0,4,0.8650076002264386
2,2,4,0.8030051953682895
3,1,4,0.21780701902471042
3,1,4,0.5250862142039893
4,0,4,NaN
3,1,4,0.8824229336212897
3,1,4,0.12850144349580897
4,0,4,0.9947688305796785
2,2,4,0.8460613307452832
4,0,4,NaN
3,1,4,NaN
1,3,4,NaN
1,3,4,NaN
3,1,4,0.4005674250897617
3,1,4,NaN
4,0,4,0.06301743871618631
2,2,4,0.4005674250897617
3,1,4,NaN
3,1,4,NaN
4,0,4,0.19162884347646872
2,2,4,0.285231730350609
4,0,4,0.11225219921941293
3,1,4,NaN
1,3,4,0.31782120465986163
3,1,4,NaN
4,0,4,NaN
2,2,4,0.08509261982872529
3,1,4,NaN
4,0,4,0.8014889144615878
3,1,4,0.5279790933956966
3,1,4,0.8489427038983314
2,2,4,0.05631407900959844
3,1,4,NaN
4,0,4,NaN
3,1,4,NaN
2,2,4,0.1478288957442496
4,0,4,0.6711868417913297
4,0,4,NaN
2,2,4,0.6711868417913297
4,0,4,0.03699915555555507
1,3,4,0.8460613307452832
2,2,4,0.9255431095586868
2,2,4,0.8650076002264386
1,3,4,0.49760645166926687
1,3,4,0.6711868417913297
3,1,4,0.8255935837441757
1,3,4,0.44866759124185646
2,2,4,0.7742996008795586
2,2,4,0.6291723264168632
1,3,4,0.44866759124185646
3,1,4,NaN
3,1,4,NaN
1,3,4,0.7099946859060099
2,2,4,0.964109046255293
1,3,4,0.5600037470599741
4,0,4,NaN
2,2,4,0.5436724551002615
1,3,4,0.11225219921941293
1,3,4,0.8247790229964729
3,1,4,NaN
2,2,4,0.009189665523477854
2,2,4,NaN
4,0,4,0.49760645166926687
4,0,4,NaN
3,1,4,0.6711868417913297
3,1,4,0.49760645166926687
4,0,4,NaN
2,2,4,NaN
4,0,4,0.0981462602611937
4,0,4,0.16255318903345653
1,3,4,NaN
2,2,4,NaN
2,2,4,0.5857933458990237
3,1,4,0.018509355078409513
1,3,4,NaN
4,0,4,0.21780701902471042
4,0,4,NaN
2,2,4,0.0027372493743680996
2,2,4,0.8650076002264386
1,3,4,NaN
1,3,4,0.4005674250897617
3,1,4,NaN
3,1,4,0.14701094102636791
3,1,4,NaN
4,0,4,NaN
3,1,4,NaN
2,2,4,0.9764973997616925
3,1,4,0.2575171068940498
3,1,4,NaN
2,2,4,0.9564517636473293
4,0,4,NaN
4,0,4,0.47193292651608376
2,2,4,0.32204760611626027
4,0,4,NaN
4,0,4,0.44866759124185646
3,1,4,NaN
4,0,4,NaN
4,0,4,NaN
1,3,4,NaN
1,3,4,0.04865788038130383
3,1,4,0.2506505417905184
1,3,4,0.8738080263976059
4,0,4,0.285231730350609
2,2,4,0.0004549991174420013
3,1,4,0.5436724551002615
2,2,4,NaN
1,3,4,NaN
4,0,4,NaN
4,0,4,0.004973872632022677
3,1,4,NaN
4,0,4,0.16892676507977705
2,2,4,NaN
1,3,4,0.8824229336212897
2,2,4,0.7099946859060099
2,2,4,NaN
1,3,4,NaN
4,0,4,0.2541961411898592
2,2,4,0.023887454499875376
1,3,4,0.0010552331911790804
3,1,4,NaN
3,1,4,NaN
3,1,4,0.028616184812928398
2,2,4,0.7435026469914164
3,1,4,0.8824229336212897
4,0,4,0.14701094102636791
3,1,4,NaN
1,3,4,NaN
4,0,4,0.0981462602611937
1,3,4,0.028616184812928398
4,0,4,NaN
4,0,4,NaN
2,2,4,NaN
3,1,4,NaN
2,2,4,NaN
4,0,4,NaN
2,2,4,NaN
2,2,4,0.2834774698800048
2,2,4,NaN
2,2,4,NaN
2,2,4,0.44866759124185646
4,0,4,0.041655030385332976
2,2,4,NaN
3,1,4,0.5436724551002615
2,2,4,0.08509261982872529
3,1,4,0.8014889144615878
4,0,4,NaN
4,0,4,NaN
2,2,4,NaN
1,3,4,NaN
3,1,4,0.32204760611626027
1,3,4,0.8255935837441757
3,1,4,NaN
1,3,4,0.9255431095586868
2,2,4,NaN
1,3,4,0.8460613307452832
1,3,4,0.912484067245082
3,1,4,NaN
3,1,4,NaN
2,2,4,NaN
2,2,4,NaN
3,1,4,0.07130094037693745
2,2,4,0.4528752458327679
4,0,4,NaN
2,2,4,0.49760645166926687
1,3,4,0.44866759124185646
4,0,4,0.5857933458990237
3,1,4,NaN
4,0,4,0.04865788038130383
4,0,4,NaN
2,2,4,NaN
2,2,4,0.49760645166926687
1,3,4,0.001558847166317981
3,1,4,0.12850144349580897
4,0,4,NaN
4,0,4,NaN
3,1,4,NaN
3,1,4,0.03699915555555507
3,1,4,NaN
2,2,4,NaN
4,0,4,0.2506505417905184
3,1,4,0.7924355893098547
3,1,4,NaN
2,2,4,0.9817557942342455
2,2,4,0.5436724551002615
3,1,4,NaN
2,2,4,NaN
1,3,4,NaN
4,0,4,0.8824229336212897
2,2,4,0.4005674250897617
4,0,4,NaN
2,2,4,0.5436724551002615
4,0,4,0.9703220335374653
1,3,4,0.35918334633262433
3,1,4,0.49760645166926687
1,3,4,0.03944958019847771
4,0,4,NaN
4,0,4,NaN
2,2,4,0.8460613307452832
4,0,4,0.05631407900959844
2,2,4,0.35918334633262433
1,3,4,0.30363226971298324
4,0,4,NaN
2,2,4,0.5436724551002615
4,0,4,NaN
3,1,4,0.07997672484064655
2,2,4,0.1921949779446829
4,0,4,NaN
4,0,4,0.6711868417913297
2,2,4,NaN
1,3,4,0.35918334633262433
2,2,4,0.2295771635222944
4,0,4,0.8460613307452832
2,2,4,0.0027357097128129985
3,1,4,0.19153638928482689
2,2,4,0.5913372818719607
3,1,4,0.5857933458990237
4,0,4,0.19455181044215863
4,0,4,0.14701094102636791
4,0,4,NaN
2,2,4,0.8851851395384643
1,3,4,0.9370946320424296
2,2,4,0.4976918965493418
2,2,4,0.9255431095586868
3,1,4,NaN
1,3,4,0.1921949779446829
4,0,4,NaN
2,2,4,NaN
3,1,4,0.7467186734006481
2,2,4,0.6711868417913297
3,1,4,NaN
4,0,4,0.285231730350609
2,2,4,0.005225266709064009
4,0,4,0.5725039826488356
3,1,4,NaN
2,2,4,NaN
1,3,4,0.21780701902471042
1,3,4,0.05631407900959844
4,0,4,0.44866759124185646
1,3,4,NaN
2,2,4,0.0981462602611937
1,3,4,0.5975340312937365
4,0,4,0.8255935837441757
2,2,4,NaN
4,0,4,0.08509261982872529
3,1,4,NaN
1,3,4,0.5436724551002615
3,1,4,0.9101578846703543
2,2,4,0.8212767352467094
1,3,4,NaN
2,2,4,NaN
4,0,4,NaN
3,1,4,NaN
4,0,4,NaN
4,0,4,NaN
2,2,4,NaN
3,1,4,0.35918334633262433
3,1,4,0.1921949779446829
4,0,4,0.14701094102636791
4,0,4,NaN
3,1,4,0.12850144349580897
4,0,4,0.6711868417913297
4,0,4,0.4005674250897617
4,0,4,NaN
2,2,4,NaN
4,0,4,NaN
1,3,4,0.9485901921732287
3,1,4,NaN
2,2,4,0.7099946859060099
2,2,4,0.0640450458600324
2,2,4,0.8460613307452832
4,0,4,NaN
4,0,4,NaN
1,3,4,NaN
1,3,4,0.5878316751717465
4,0,4,0.6291723264168632
2,2,4,NaN
2,2,4,0.13416857153315173
1,3,4,0.21780701902471042
2,2,4,0.5436724551002615
4,0,4,0.013135794871795524
2,2,4,NaN
2,2,4,0.6711868417913297
2,2,4,0.8249512880916652
2,2,4,0.12035511204894059
3,1,4,0.11837731021914769
1,3,4,0.4934267206105555
3,1,4,NaN
4,0,4,NaN
2,2,4,NaN
3,1,4,0.8497174824443318
2,2,4,0.2506505417905184
4,0,4,NaN
1,3,4,0.8014889144615878
1,3,4,NaN
1,3,4,NaN
3,1,4,0.8605118949373103
2,2,4,0.05631407900959844
2,2,4,0.7213817807912524
4,0,4,NaN
4,0,4,NaN
1,3,4,0.6291723264168632
1,3,4,0.0640450458600324
3,1,4,0.2765719590406248
4,0,4,NaN
4,0,4,0.285231730350609
2,2,4,0.44866759124185646
4,0,4,0.8975048543322908
2,2,4,NaN
3,1,4,NaN
1,3,4,0.44866759124185646
4,0,4,NaN
2,2,4,NaN
2,2,4,NaN
1,3,4,0.49760645166926687
2,2,4,0.041655030385332976
4,0,4,NaN
3,1,4,0.12850144349580897
1,3,4,NaN
2,2,4,NaN
3,1,4,NaN
1,3,4,NaN
4,0,4,0.8255935837441757
2,2,4,0.44866759124185646
1,3,4,NaN
2,2,4,0.004086768908391644
3,1,4,0.24910910032826963
2,2,4,NaN
2,2,4,NaN
1,3,4,0.8014889144615878
2,2,4,NaN
2,2,4,0.2506505417905184
4,0,4,NaN
4,0,4,0.5857933458990237
4,0,4,NaN
3,1,4,0.6681086794399329
1,3,4,0.8824229336212897
4,0,4,0.49760645166926687
1,3,4,NaN
2,2,4,NaN
4,0,4,NaN
4,0,4,0.4717690918996032
1,3,4,0.2548327790140148
2,2,4,NaN
3,1,4,NaN
1,3,4,0.03699915555555507
1,3,4,NaN
2,2,4,0.0640450458600324
4,0,4,NaN
1,3,4,NaN
1,3,4,NaN
4,0,4,0.9527747132024669
4,0,4,NaN
2,2,4,0.44866759124185646
3,1,4,0.8975048543322908
1,3,4,NaN
1,3,4,0.041655030385332976
2,2,4,0.2135209953739541
1,3,4,0.01285912795591984
3,1,4,0.8824229336212897
4,0,4,NaN
3,1,4,0.004715231185707418
2,2,4,0.11837731021914769
4,0,4,0.2506505417905184
4,0,4,0.35918334633262433
2,2,4,NaN
3,1,4,0.2295771635222944
4,0,4,NaN
4,0,4,0.6291723264168632
3,1,4,NaN
3,1,4,0.5436724551002615
2,2,4,NaN
3,1,4,0.6711868417913297
1,3,4,0.7829489094593187
3,1,4,0.08509261982872529
3,1,4,0.8650076002264386
4,0,4,NaN
1,3,4,0.32204760611626027
1,3,4,NaN
4,0,4,NaN
2,2,4,0.0640450458600324
3,1,4,NaN
2,2,4,NaN
2,2,4,0.6291723264168632
3,1,4,0.03202415973258554
3,1,4,0.6743456565864654
2,2,4,0.5415259862732731
3,1,4,NaN
3,1,4,0.9255431095586868
1,3,4,NaN
2,2,4,0.32204760611626027
4,0,4,NaN
4,0,4,NaN
1,3,4,NaN
4,0,4,0.16892676507977705
2,2,4,0.9564517636473293
4,0,4,0.9764973997616925
3,1,4,NaN
4,0,4,NaN
4,0,4,0.8650076002264386
4,0,4,0.16892676507977705
3,1,4,0.44866759124185646
3,1,4,NaN
4,0,4,NaN
4,0,4,NaN
1,3,4,0.21780701902471042
3,1,4,0.011406947942683696
3,1,4,NaN
3,1,4,0.017885932416267757
3,1,4,NaN
2,2,4,0.6291723264168632
2,2,4,0.04584773080033105
2,2,4,NaN
1,3,4,0.8255935837441757
2,2,4,0.2696783374012991
3,1,4,0.5436724551002615
4,0,4,NaN
3,1,4,0.6711868417913297
4,0,4,0.6291723264168632
4,0,4,0.5857933458990237
2,2,4,0.48813440492953175
2,2,4,0.16892676507977705
2,2,4,NaN
1,3,4,0.9255431095586868
4,0,4,0.32204760611626027
1,3,4,0.0981462602611937
4,0,4,NaN
3,1,4,0.7435026469914164
4,0,4,0.8975048543322908
4,0,4,NaN
2,2,4,0.8824868385841468
3,1,4,0.4005674250897617
2,2,4,NaN
3,1,4,NaN
1,3,4,8.334354088219491e-6
2,2,4,NaN
1,3,4,NaN
2,2,4,0.8650076002264386
1,3,4,NaN
2,2,4,NaN
4,0,4,0.9255431095586868
3,1,4,NaN
2,2,4,NaN
4,0,4,0.285231730350609
1,3,4,NaN
4,0,4,NaN
3,1,4,NaN
3,1,4,NaN
2,2,4,0.35918334633262433
1,3,4,0.03367122850162343
4,0,4,0.9928169178499623
2,2,4,0.07977856106409523
2,2,4,0.6291723264168632
4,0,4,0.2540352643744803
3,1,4,0.020724062087912304
3,1,4,NaN
1,3,4,NaN
1,3,4,0.1921949779446829
2,2,4,0.5857933458990237
3,1,4,0.35918334633262433
2,2,4,0.02766704178145161
2,2,4,0.285231730350609
2,2,4,NaN
2,2,4,NaN
1,3,4,NaN
3,1,4,0.011642121182549902
1,3,4,0.8650076002264386
3,1,4,0.8255935837441757
2,2,4,0.8975048543322908
1,3,4,NaN
4,0,4,NaN
3,1,4,0.8460613307452832
3,1,4,NaN
2,2,4,0.023887454499875376
4,0,4,NaN
3,1,4,0.12850144349580897
2,2,4,0.1479977805633184
1,3,4,0.041655030385332976
2,2,4,NaN
2,2,4,NaN
3,1,4,NaN
2,2,4,0.9947688305796785
2,2,4,NaN
3,1,4,NaN
2,2,4,NaN
4,0,4,0.5615379959432863
4,0,4,NaN
2,2,4,NaN
2,2,4,0.2073868387608447
3,1,4,NaN
1,3,4,0.6291723264168632
2,2,4,NaN
3,1,4,NaN
4,0,4,0.8650076002264386
1,3,4,0.11225219921941293
3,1,4,NaN
1,3,4,0.4005674250897617
4,0,4,0.8460613307452832
1,3,4,NaN
3,1,4,0.7099946859060099
2,2,4,0.6711868417913297
2,2,4,0.3928575543417454
3,1,4,0.44866759124185646
4,0,4,0.00040617040332123646
4,0,4,NaN
1,3,4,0.9370946320424296
4,0,4,NaN
2,2,4,0.7742996008795586
4,0,4,0.009189665523477854
2,2,4,0.13640172468834122
2,2,4,0.964109046255293
1,3,4,0.03642366607385347
4,0,4,0.6291723264168632
2,2,4,NaN
4,0,4,0.7099946859060099
3,1,4,NaN
3,1,4,NaN
2,2,4,0.49760645166926687
4,0,4,NaN
3,1,4,0.1921949779446829
4,0,4,0.964109046255293
3,1,4,NaN
4,0,4,NaN
3,1,4,NaN
4,0,4,0.6291723264168632
2,2,4,NaN
1,3,4,NaN
2,2,4,0.21780701902471042
2,2,4,0.3541370539104541
2,2,4,NaN
2,2,4,0.49760645166926687
2,2,4,NaN
1,3,4,0.08509261982872529
3,1,4,0.7742996008795586
4,0,4,NaN
2,2,4,0.17953084396000635
4,0,4,0.5857933458990237
1,3,4,NaN
4,0,4,0.4005674250897617
4,0,4,NaN
1,3,4,0.49760645166926687
4,0,4,0.32204760611626027
4,0,4,NaN
3,1,4,NaN
3,1,4,0.16892676507977705
3,1,4,0.9764973997616925
4,0,4,NaN
1,3,4,0.8014889144615878
2,2,4,0.0030266243781080586
1,3,4,NaN
4,0,4,NaN
4,0,4,0.6291723264168632
2,2,4,0.6291723264168632
2,2,4,0.32204760611626027
3,1,4,NaN
1,3,4,0.8460613307452832
2,2,4,0.08509261982872529
2,2,4,NaN
4,0,4,0.8460613307452832
3,1,4,0.1921949779446829
1,3,4,NaN
2,2,4,NaN
4,0,4,0.7099946859060099
3,1,4,0.6711868417913297
1,3,4,0.5436724551002615
2,2,4,NaN
1,3,4,NaN
3,1,4,0.42354259707534225
1,3,4,0.5714077021165838
3,1,4,0.8975048543322908
3,1,4,NaN
3,1,4,0.9564517636473293
3,1,4,NaN
1,3,4,NaN
3,1,4,0.6291723264168632
3,1,4,NaN
3,1,4,0.16716685677953363
3,1,4,0.2632636880149651
4,0,4,NaN
3,1,4,0.32204760611626027
1,3,4,0.11225219921941293
3,1,4,NaN
4,0,4,0.06703494871461006
2,2,4,0.2506505417905184
2,2,4,0.7742996008795586
4,0,4,NaN
2,2,4,0.4005674250897617
2,2,4,0.8975048543322908
1,3,4,NaN
1,3,4,0.4005674250897617
2,2,4,NaN
1,3,4,0.49760645166926687
2,2,4,NaN
2,2,4,0.5857933458990237
2,2,4,NaN
1,3,4,NaN
1,3,4,0.6291723264168632
1,3,4,0.17953084396000635
2,2,4,NaN
4,0,4,0.011172931809522797
2,2,4,0.7742996008795586
2,2,4,NaN
2,2,4,0.6711868417913297
2,2,4,NaN
3,1,4,0.14701094102636791
2,2,4,NaN
2,2,4,0.6291723264168632
2,2,4,0.8255935837441757
4,0,4,NaN
3,1,4,NaN
2,2,4,NaN
1,3,4,NaN
4,0,4,0.35918334633262433
3,1,4,0.8460613307452832
3,1,4,NaN
2,2,4,NaN
1,3,4,0.49760645166926687
2,2,4,0.2506505417905184
1,3,4,0.32204760611626027
1,3,4,NaN
1,3,4,NaN
2,2,4,0.8824229336212897
3,1,4,NaN
3,1,4,0.8650076002264386
3,1,4,NaN
1,3,4,0.5857933458990237
3,1,4,0.7435026469914164
1,3,4,NaN
2,2,4,NaN
2,2,4,NaN
4,0,4,0.5857933458990237
4,0,4,3.163909501182489e-5
3,1,4,0.5857933458990237
2,2,4,NaN
3,1,4,NaN
2,2,4,0.7435026469914164
1,3,4,NaN
3,1,4,0.09423325052720068
4,0,4,0.8958729519045813
1,3,4,NaN
4,0,4,NaN
4,0,4,0.5436724551002615
4,0,4,NaN
1,3,4,NaN
2,2,4,NaN
2,2,4,NaN
1,3,4,0.587868072234898
2,2,4,0.9862691009837826
4,0,4,NaN
4,0,4,0.49760645166926687
2,2,4,NaN
1,3,4,NaN
2,2,4,NaN
3,1,4,NaN
3,1,4,0.8824229336212897
1,3,4,NaN
4,0,4,NaN
3,1,4,0.9817557942342455
3,1,4,NaN
3,1,4,NaN
2,2,4,NaN
3,1,4,0.0640450458600324
4,0,4,NaN
2,2,4,NaN
1,3,4,NaN
2,2,4,NaN
3,1,4,0.7099946859060099
2,2,4,2.4695967917279024e-5
3,1,4,0.6711868417913297
3,1,4,0.07170107740691434
4,0,4,NaN
2,2,4,0.8014889144615878
3,1,4,NaN
3,1,4,0.004079717861205951
1,3,4,0.5436724551002615
2,2,4,0.4005674250897617
1,3,4,0.7860660999119973
2,2,4,0.0640450458600324
3,1,4,0.5857933458990237
4,0,4,NaN
1,3,4,NaN
4,0,4,0.5424987914431505
1,3,4,0.16892676507977705
4,0,4,0.16892676507977705
2,2,4,0.9564517636473293
2,2,4,NaN
2,2,4,NaN
1,3,4,0.6291723264168632
4,0,4,NaN
3,1,4,0.21780701902471042
3,1,4,0.7742996008795586
2,2,4,NaN
4,0,4,0.22387351124231197
3,1,4,0.49760645166926687
2,2,4,NaN
4,0,4,0.6291723264168632
1,3,4,NaN
1,3,4,NaN
1,3,4,0.8014889144615878
2,2,4,0.49760645166926687
1,3,4,NaN
3,1,4,NaN
1,3,4,NaN
2,2,4,9.188821282953492e-5
1,3,4,NaN
2,2,4,0.11225219921941293
4,0,4,0.9947688305796785
1,3,4,NaN
1,3,4,0.041655030385332976
2,2,4,NaN
4,0,4,NaN
4,0,4,0.3149802565726272
4,0,4,NaN
3,1,4,NaN
2,2,4,0.5857933458990237
2,2,4,NaN
2,2,4,0.16892676507977705
4,0,4,NaN
2,2,4,0.32204760611626027
2,2,4,0.5857933458990237
2,2,4,NaN
2,2,4,NaN
4,0,4,NaN
3,1,4,0.912484067245082
1,3,4,0.15112085065041536
2,2,4,0.8975048543322908
4,0,4,0.6711868417913297
2,2,4,NaN
3,1,4,0.14701094102636791
1,3,4,NaN
3,1,4,0.5436724551002615
3,1,4,0.5436724551002615
4,0,4,NaN
2,2,4,0.9481906106540485
3,1,4,NaN
1,3,4,NaN
2,2,4,0.7435026469914164
2,2,4,NaN
4,0,4,NaN
4,0,4,0.5963044009927823
1,3,4,NaN
2,2,4,0.44866759124185646
3,1,4,NaN
3,1,4,NaN
2,2,4,NaN
1,3,4,0.32204760611626027
4,0,4,0.49760645166926687
2,2,4,0.1921949779446829
1,3,4,0.6291723264168632
4,0,4,0.5436724551002615
3,1,4,0.01778917275416047
2,2,4,0.17899793948557452
1,3,4,NaN
3,1,4,NaN
1,3,4,NaN
3,1,4,0.49760645166926687
1,3,4,0.6711868417913297
3,1,4,0.6711868417913297
4,0,4,NaN
2,2,4,0.8014889144615878
1,3,4,NaN
1,3,4,NaN
4,0,4,NaN
2,2,4,NaN
2,2,4,NaN
2,2,4,NaN
2,2,4,NaN
2,2,4,0.9370946320424296
3,1,4,0.35918334633262433
4,0,4,NaN
2,2,4,0.0027166789675493754
4,0,4,0.7099946859060099
4,0,4,NaN
3,1,4,0.8014889144615878
2,2,4,0.04865788038130383
3,1,4,NaN
3,1,4,0.8824229336212897
1,3,4,NaN
2,2,4,NaN
2,2,4,NaN
1,3,4,NaN
1,3,4,0.2506505417905184
3,1,4,0.7488227820517893
2,2,4,NaN
1,3,4,0.6578350793426397
4,0,4,0.6291723264168632
3,1,4,0.9481906106540485
3,1,4,NaN
2,2,4,0.35918334633262433
1,3,4,NaN
3,1,4,NaN
3,1,4,0.1099394283113724
3,1,4,0.7622932319707106
3,1,4,NaN
4,0,4,0.7435026469914164
1,3,4,0.7742996008795586
4,0,4,0.7435026469914164
3,1,4,0.6711868417913297
1,3,4,0.7742996008795586
2,2,4,0.8255935837441757
1,3,4,NaN
4,0,4,0.03184441363446245
2,2,4,0.5436724551002615
2,2,4,0.32204760611626027
1,3,4,0.03699915555555507
2,2,4,0.03690314286304449
2,2,4,0.12850144349580897
2,2,4,0.7435026469914164
2,2,4,NaN
3,1,4,0.8255935837441757
3,1,4,0.7568462303324522
1,3,4,NaN
2,2,4,0.5802920103518439
3,1,4,0.9654731062138094
4,0,4,NaN
1,3,4,NaN
3,1,4,0.7603572784973471
1,3,4,NaN
2,2,4,NaN
4,0,4,NaN
1,3,4,0.16892676507977705
2,2,4,NaN
1,3,4,0.04865788038130383
1,3,4,NaN
1,3,4,NaN
4,0,4,NaN
4,0,4,0.8460613307452832
3,1,4,0.050495690645377546
3,1,4,NaN
2,2,4,NaN
1,3,4,0.020724062087912304
3,1,4,0.8460613307452832
2,2,4,0.19927596541011494
2,2,4,NaN
2,2,4,0.9481906106540485
3,1,4,0.5857933458990237
1,3,4,0.11225219921941293
2,2,4,0.005737658385726423
2,2,4,0.8460613307452832
1,3,4,NaN
2,2,4,NaN
1,3,4,0.11382883981905556
1,3,4,NaN
3,1,4,0.8824229336212897
3,1,4,0.1921949779446829
2,2,4,0.4458227714473883
2,2,4,0.041655030385332976
2,2,4,0.32204760611626027
1,3,4,0.6291723264168632
3,1,4,0.8014889144615878
2,2,4,0.04865788038130383
2,2,4,0.32204760611626027
4,0,4,NaN
4,0,4,0.08509261982872529
3,1,4,NaN
1,3,4,NaN
1,3,4,0.9370946320424296
2,2,4,0.28332737509855815
3,1,4,NaN
2,2,4,0.9255431095586868
4,0,4,0.7742996008795586
1,3,4,0.8255935837441757
1,3,4,0.49760645166926687
3,1,4,NaN
2,2,4,0.2506505417905184
3,1,4,NaN
2,2,4,0.5857933458990237
2,2,4,0.7205068753351946
2,2,4,0.35918334633262433
2,2,4,NaN
3,1,4,NaN
1,3,4,NaN
1,3,4,NaN
2,2,4,NaN
2,2,4,0.4558254909616914
3,1,4,2.0137393347981224e-6
2,2,4,0.673026479087935
3,1,4,NaN
2,2,4,NaN
1,3,4,0.16892676507977705
2,2,4,NaN
3,1,4,0.0981462602611937
2,2,4,0.8014889144615878
3,1,4,0.49760645166926687
2,2,4,NaN
2,2,4,0.8782718479401418
3,1,4,0.2506505417905184
3,1,4,NaN
2,2,4,0.16892676507977705
2,2,4,0.7435026469914164
2,2,4,0.7742996008795586
3,1,4,NaN
2,2,4,0.0640450458600324
2,2,4,0.5857933458990237
4,0,4,0.32204760611626027
1,3,4,NaN
1,3,4,0.964109046255293
3,1,4,NaN
3,1,4,0.1921949779446829
2,2,4,NaN
1,3,4,0.49760645166926687
2,2,4,0.5436724551002615
4,0,4,NaN
2,2,4,0.9947688305796785
3,1,4,NaN
2,2,4,NaN
1,3,4,NaN
2,2,4,NaN
3,1,4,0.35138760765392246
4,0,4,NaN
2,2,4,NaN
2,2,4,0.1479977805633184
2,2,4,0.8650076002264386
1,3,4,0.1099394283113724
2,2,4,NaN
3,1,4,NaN
4,0,4,0.5377943263035424
4,0,4,NaN
1,3,4,0.38936923824745223
4,0,4,0.6555895773700705
2,2,4,0.8460613307452832
2,2,4,0.4694329356398077
2,2,4,NaN
2,2,4,0.285231730350609
4,0,4,NaN
3,1,4,NaN
3,1,4,0.05631407900959844
2,2,4,0.05631407900959844
4,0,4,0.9703220335374653
2,2,4,0.013135794871795524
4,0,4,NaN
2,2,4,0.16716685677953363
2,2,4,0.912484067245082
2,2,4,0.8460613307452832
2,2,4,NaN
1,3,4,NaN
4,0,4,0.12850144349580897
1,3,4,NaN
1,3,4,NaN
1,3,4,NaN
3,1,4,0.0981462602611937
1,3,4,0.32204760611626027
3,1,4,0.7759806386975252
3,1,4,0.04865788038130383
3,1,4,NaN
2,2,4,NaN
1,3,4,0.03814810828573907
1,3,4,NaN
1,3,4,0.9370946320424296
3,1,4,NaN
2,2,4,0.5670401956914495
2,2,4,0.5857933458990237
1,3,4,0.30168664178244803
1,3,4,NaN
4,0,4,NaN
2,2,4,0.7099946859060099
3,1,4,0.8014889144615878
2,2,4,NaN
3,1,4,0.8460613307452832
3,1,4,0.5857933458990237
3,1,4,NaN
4,0,4,NaN
2,2,4,0.5857933458990237
1,3,4,0.9564517636473293
3,1,4,NaN
1,3,4,NaN
2,2,4,0.285231730350609
1,3,4,NaN
3,1,4,0.42050066674742675
2,2,4,0.03527711501194773
4,0,4,0.964109046255293
2,2,4,NaN
2,2,4,NaN
3,1,4,0.011172931809522797
3,1,4,0.9963401800767422
2,2,4,0.6711868417913297
4,0,4,NaN
4,0,4,0.49760645166926687
1,3,4,0.6291723264168632
2,2,4,0.9703220335374653
2,2,4,0.7435026469914164
2,2,4,0.7099946859060099
2,2,4,0.4694329356398077
2,2,4,NaN
3,1,4,0.9127169347191424
2,2,4,NaN
1,3,4,0.07398859749715625
3,1,4,0.4697312399933102
4,0,4,0.8945977499379885
1,3,4,NaN
3,1,4,NaN
2,2,4,NaN
3,1,4,0.13640172468834122
4,0,4,NaN
1,3,4,NaN
1,3,4,NaN
4,0,4,NaN
2,2,4,NaN
1,3,4,NaN
4,0,4,NaN
2,2,4,0.9817557942342455
3,1,4,0.5857933458990237
2,2,4,0.11225219921941293
2,2,4,0.7742996008795586
3,1,4,NaN
3,1,4,0.7742996008795586
4,0,4,0.02766704178145161
2,2,4,NaN
1,3,4,NaN
4,0,4,NaN
1,3,4,0.6711868417913297
2,2,4,NaN
3,1,4,0.6711868417913297
2,2,4,0.8410739957985841
3,1,4,0.08509261982872529
2,2,4,NaN
1,3,4,NaN
2,2,4,NaN
4,0,4,0.7435026469914164
1,3,4,0.7435026469914164
2,2,4,NaN
4,0,4,NaN
3,1,4,NaN
2,2,4,NaN
1,3,4,NaN
1,3,4,0.7380462180477425
1,3,4,0.35918334633262433
2,2,4,0.6291723264168632
2,2,4,0.2506505417905184
2,2,4,NaN
2,2,4,0.16892676507977705
2,2,4,0.44866759124185646
3,1,4,0.49760645166926687
4,0,4,NaN
2,2,4,0.19424728439319
1,3,4,0.000527112645298727
2,2,4,NaN
2,2,4,0.6291723264168632
1,3,4,0.08509261982872529
2,2,4,NaN
4,0,4,NaN
4,0,4,0.762616533902677
1,3,4,NaN
3,1,4,0.21780701902471042
2,2,4,NaN
1,3,4,0.8255935837441757
2,2,4,0.5857933458990237
4,0,4,0.7099946859060099
3,1,4,0.22991344482826365
2,2,4,0.35918334633262433
4,0,4,0.49760645166926687
2,2,4,NaN
1,3,4,0.8757218031125134
2,2,4,0.8255935837441757
2,2,4,NaN
2,2,4,0.11225219921941293
1,3,4,NaN
1,3,4,NaN
1,3,4,NaN
4,0,4,0.49760645166926687
1,3,4,0.0768295639126398
3,1,4,NaN
2,2,4,0.32204760611626027
4,0,4,NaN
3,1,4,0.007837788026609073
3,1,4,0.49760645166926687
2,2,4,0.912484067245082
4,0,4,0.013945215844496008
3,1,4,0.7099946859060099
2,2,4,0.8014889144615878
1,3,4,NaN
1,3,4,NaN
4,0,4,NaN
3,1,4,0.6291723264168632
2,2,4,0.8402590491330568
1,3,4,NaN
4,0,4,NaN
2,2,4,0.9050504130729522
2,2,4,0.8460613307452832
2,2,4,0.5857933458990237
2,2,4,NaN
1,3,4,0.8650076002264386
2,2,4,NaN
4,0,4,NaN
1,3,4,0.6681086794399329
3,1,4,0.35918334633262433
2,2,4,0.8975048543322908
3,1,4,0.8824229336212897
1,3,4,0.8623751147210995
4,0,4,0.14701094102636791
3,1,4,NaN
2,2,4,NaN
3,1,4,0.9255431095586868
3,1,4,NaN
2,2,4,NaN
2,2,4,NaN
4,0,4,NaN
4,0,4,0.9862691009837826
3,1,4,NaN
1,3,4,0.020724062087912304
3,1,4,NaN
1,3,4,NaN
1,3,4,0.0030266243781080586
4,0,4,0.5436724551002615
2,2,4,NaN
2,2,4,0.9817557942342455
4,0,4,0.5436724551002615
1,3,4,0.5857933458990237
1,3,4,NaN
2,2,4,0.24902737018846388
2,2,4,0.041655030385332976
2,2,4,NaN
2,2,4,NaN
3,1,4,0.35918334633262433
2,2,4,NaN
2,2,4,NaN
1,3,4,0.0981462602611937
2,2,4,NaN
2,2,4,0.7435026469914164
4,0,4,0.19424728439319
2,2,4,NaN
2,2,4,0.017885932416267757
1,3,4,0.8339990739474855
1,3,4,0.2506505417905184
4,0,4,NaN
2,2,4,0.04865788038130383
1,3,4,NaN
1,3,4,NaN
2,2,4,0.12850144349580897
2,2,4,0.6711868417913297
1,3,4,NaN
3,1,4,NaN
1,3,4,0.32204760611626027
1,3,4,0.23671850758582416
2,2,4,0.7846948929051238
3,1,4,0.8014889144615878
2,2,4,0.0640450458600324
3,1,4,0.08842390750221278
3,1,4,0.12850144349580897
4,0,4,0.9862691009837826
4,0,4,0.5436724551002615
2,2,4,0.6302126542718374
2,2,4,NaN
2,2,4,0.44866759124185646
4,0,4,NaN
2,2,4,NaN
2,2,4,NaN
2,2,4,0.8014889144615878
4,0,4,0.0981462602611937
1,3,4,0.9481906106540485
2,2,4,NaN
2,2,4,0.9255431095586868
1,3,4,0.2997581040228056
2,2,4,0.07398859749715625
3,1,4,0.49760645166926687
4,0,4,5.5798879136357445e-5
2,2,4,NaN
2,2,4,0.9959150578633822
1,3,4,NaN
1,3,4,0.0033405280684734055
1,3,4,0.9490072566792356
4,0,4,0.5436724551002615
1,3,4,NaN
2,2,4,NaN
2,2,4,0.8014889144615878
2,2,4,0.21780701902471042
2,2,4,0.8824229336212897
4,0,4,0.04865788038130383
1,3,4,NaN
1,3,4,0.03690314286304449
1,3,4,0.35918334633262433
4,0,4,NaN
4,0,4,0.4005674250897617
4,0,4,NaN
3,1,4,NaN
2,2,4,0.9370946320424296
3,1,4,0.19733801032574788
2,2,4,0.8255935837441757
1,3,4,0.9817557942342455
2,2,4,NaN
3,1,4,NaN
1,3,4,0.8255935837441757
1,3,4,0.7099946859060099
1,3,4,0.009189665523477854
1,3,4,0.16892676507977705
3,1,4,0.4005674250897617
3,1,4,NaN
2,2,4,NaN
2,2,4,0.07398859749715625
3,1,4,0.9703220335374653
3,1,4,NaN
2,2,4,NaN
1,3,4,0.9370946320424296
1,3,4,0.6291723264168632
1,3,4,0.9492805050384766
2,2,4,0.468579570769083
4,0,4,0.7435026469914164
2,2,4,0.6291723264168632
4,0,4,NaN
1,3,4,NaN
3,1,4,NaN
3,1,4,0.6291723264168632
2,2,4,0.5386136061236699
2,2,4,NaN
1,3,4,0.8810352641332524
3,1,4,0.10838833270347327
4,0,4,0.041655030385332976
2,2,4,0.46909514903742233
1,3,4,0.36799740275376247
2,2,4,NaN
3,1,4,0.7099946859060099
3,1,4,0.285231730350609
3,1,4,0.5436724551002615
4,0,4,0.20940303286125617
1,3,4,NaN
1,3,4,0.9764973997616925
2,2,4,NaN
4,0,4,0.03184441363446245
1,3,4,NaN
1,3,4,0.49760645166926687
3,1,4,0.8014889144615878
1,3,4,0.7099946859060099
4,0,4,NaN
4,0,4,0.9564517636473293
2,2,4,0.5857933458990237
2,2,4,0.9703220335374653
1,3,4,0.9764973997616925
2,2,4,NaN
1,3,4,0.11225219921941293
2,2,4,NaN
1,3,4,0.5698578035177599
1,3,4,NaN
1,3,4,NaN
4,0,4,NaN
1,3,4,NaN
4,0,4,0.4164097493953018
1,3,4,0.5436724551002615
2,2,4,0.6711868417913297
2,2,4,0.2506505417905184
2,2,4,0.001744377060931096
4,0,4,NaN
1,3,4,NaN
1,3,4,0.7742996008795586
3,1,4,0.285231730350609
1,3,4,0.6291723264168632
3,1,4,0.7099946859060099
2,2,4,NaN
2,2,4,NaN
2,2,4,0.12850144349580897
2,2,4,0.9703220335374653
1,3,4,NaN
2,2,4,0.44866759124185646
1,3,4,0.01439073424477096
2,2,4,0.285231730350609
2,2,4,0.5857933458990237
3,1,4,0.12850144349580897
2,2,4,0.16892676507977705
2,2,4,0.01081766912568661
4,0,4,NaN
3,1,4,0.2591615899409879
2,2,4,0.9255431095586868
2,2,4,NaN
4,0,4,NaN
2,2,4,0.0981462602611937
2,2,4,0.7383920438154589
3,1,4,NaN
1,3,4,0.4005674250897617
1,3,4,NaN
2,2,4,0.285231730350609
3,1,4,0.905210862810493
3,1,4,NaN
2,2,4,0.49760645166926687
2,2,4,NaN
3,1,4,0.013135794871795524
4,0,4,NaN
4,0,4,0.44866759124185646
1,3,4,0.8014889144615878
1,3,4,NaN
1,3,4,NaN
4,0,4,0.9370946320424296
2,2,4,0.8460613307452832
1,3,4,0.5857933458990237
3,1,4,0.006541757028751982
2,2,4,NaN
1,3,4,0.3487329678553452
3,1,4,0.08509261982872529
1,3,4,NaN
4,0,4,NaN
2,2,4,0.07398859749715625
4,0,4,NaN
2,2,4,0.16892676507977705
2,2,4,0.9564517636473293
2,2,4,NaN
2,2,4,0.433814536335154
3,1,4,NaN
3,1,4,0.0640450458600324
2,2,4,NaN
1,3,4,0.4689529251075884
2,2,4,NaN
3,1,4,NaN
4,0,4,NaN
3,1,4,NaN
2,2,4,NaN
1,3,4,NaN
4,0,4,0.31312126577766636
1,3,4,0.9928169178499623
4,0,4,NaN
2,2,4,NaN
1,3,4,0.1921949779446829
1,3,4,NaN
4,0,4,0.12850144349580897
4,0,4,NaN
2,2,4,NaN
1,3,4,0.07398859749715625
2,2,4,0.5436724551002615
1,3,4,NaN
2,2,4,0.5857933458990237
3,1,4,0.21780701902471042
1,3,4,0.9564517636473293
2,2,4,NaN
1,3,4,0.7435026469914164
2,2,4,0.9127986545977249
3,1,4,NaN
1,3,4,0.12850144349580897
3,1,4,NaN
1,3,4,NaN
2,2,4,0.43136210992948737
1,3,4,0.3803603934698832
3,1,4,0.7742996008795586
1,3,4,0.44866759124185646
2,2,4,0.6711868417913297
2,2,4,0.8460613307452832
1,3,4,0.167971078836969
2,2,4,0.11225219921941293
2,2,4,0.03699915555555507
2,2,4,0.14701094102636791
1,3,4,NaN
3,1,4,0.9928169178499623
3,1,4,NaN
4,0,4,0.08509261982872529
1,3,4,0.8650076002264386
3,1,4,NaN
2,2,4,NaN
1,3,4,NaN
2,2,4,0.041655030385332976
2,2,4,0.5857933458990237
2,2,4,0.5436724551002615
1,3,4,NaN
3,1,4,0.023887454499875376
2,2,4,0.020724062087912304
4,0,4,0.5436724551002615
3,1,4,NaN
2,2,4,0.21780701902471042
4,0,4,NaN
1,3,4,0.5436724551002615
3,1,4,0.8460613307452832
1,3,4,NaN
1,3,4,NaN
3,1,4,0.3803603934698832
2,2,4,0.03699915555555507
2,2,4,0.4005674250897617
3,1,4,0.16892676507977705
4,0,4,NaN
3,1,4,0.07398859749715625
3,1,4,NaN
3,1,4,0.8255935837441757
1,3,4,NaN
4,0,4,NaN
3,1,4,NaN
3,1,4,NaN
1,3,4,0.004747963380110554
1,3,4,NaN
2,2,4,NaN
2,2,4,0.8650076002264386
1,3,4,0.8291569891060296
1,3,4,0.9481906106540485
3,1,4,0.8650076002264386
3,1,4,0.5857933458990237
3,1,4,NaN
2,2,4,0.35918334633262433
1,3,4,0.05631407900959844
4,0,4,0.6711868417913297
3,1,4,NaN
2,2,4,NaN
3,1,4,0.08509261982872529
2,2,4,0.49760645166926687
3,1,4,0.03184441363446245
3,1,4,0.40984254341684667
1,3,4,0.025134931781909012
4,0,4,NaN
2,2,4,0.8650076002264386
1,3,4,0.21780701902471042
2,2,4,0.8014889144615878
2,2,4,0.285231730350609
1,3,4,0.2822288478911875
4,0,4,NaN
1,3,4,0.6804017048834924
1,3,4,0.912484067245082
3,1,4,0.14701094102636791
1,3,4,NaN
2,2,4,0.44866759124185646
2,2,4,NaN
4,0,4,NaN
3,1,4,NaN
4,0,4,0.2506505417905184
1,3,4,0.14701094102636791
1,3,4,0.017451607130308945
3,1,4,0.9564517636473293
3,1,4,NaN
3,1,4,0.7318093506120984
2,2,4,NaN
2,2,4,0.14701094102636791
4,0,4,0.4228360398900075
1,3,4,NaN
2,2,4,NaN
3,1,4,0.8792358180869095
2,2,4,NaN
1,3,4,NaN
2,2,4,NaN
4,0,4,NaN
1,3,4,0.8673274626307655
4,0,4,0.8594335456337924
2,2,4,0.5709443461814017
1,3,4,0.5436724551002615
1,3,4,0.04346024627968873
1,3,4,0.8857203467685515
3,1,4,NaN
2,2,4,0.5857933458990237
2,2,4,0.9899262932434983
3,1,4,0.03461773202409408
2,2,4,0.7742996008795586
1,3,4,NaN
4,0,4,0.8975048543322908
1,3,4,0.6291723264168632
4,0,4,NaN
3,1,4,0.7742996008795586
4,0,4,0.8975048543322908
1,3,4,0.8824229336212897
2,2,4,NaN
2,2,4,0.4005674250897617
1,3,4,NaN
2,2,4,NaN
1,3,4,0.5467791629791107
2,2,4,NaN
1,3,4,NaN
4,0,4,0.9370946320424296
1,3,4,0.5250862142039893
2,2,4,0.2506505417905184
2,2,4,0.12850144349580897
2,2,4,NaN
2,2,4,NaN
4,0,4,NaN
1,3,4,0.1921949779446829
4,0,4,0.4005674250897617
1,3,4,0.2365352372702988
4,0,4,0.1387992483406432
2,2,4,0.32204760611626027
2,2,4,NaN
1,3,4,0.04865788038130383
1,3,4,NaN
4,0,4,0.9370946320424296
3,1,4,0.0008187530179389836
1,3,4,0.44866759124185646
2,2,4,0.35918334633262433
2,2,4,0.44866759124185646
3,1,4,0.22135577082993863
1,3,4,0.285231730350609
2,2,4,NaN
4,0,4,NaN
2,2,4,NaN
2,2,4,0.0981462602611937
1,3,4,NaN
1,3,4,0.4566481635957917
1,3,4,0.16892676507977705
1,3,4,0.6711868417913297
1,3,4,0.16892676507977705
4,0,4,NaN
1,3,4,0.04137683110277546
4,0,4,0.4005674250897617
1,3,4,0.3341007453963592
2,2,4,NaN
2,2,4,NaN
4,0,4,0.16892676507977705
2,2,4,0.6711868417913297
1,3,4,0.8255935837441757
2,2,4,6.4864260569454725e-6
3,1,4,0.6291723264168632
2,2,4,0.5857933458990237
2,2,4,0.5436724551002615
1,3,4,0.3421445630533028
4,0,4,0.8650076002264386
2,2,4,0.00020805871330639597
1,3,4,NaN
1,3,4,0.8014889144615878
1,3,4,NaN
2,2,4,0.4005674250897617
2,2,4,NaN
2,2,4,0.8460613307452832
2,2,4,NaN
4,0,4,NaN
1,3,4,NaN
4,0,4,0.7435026469914164
2,2,4,NaN
2,2,4,0.1413731280454224
2,2,4,0.6291723264168632
2,2,4,0.4005674250897617
1,3,4,0.8014889144615878
1,3,4,0.964109046255293
1,3,4,0.8824229336212897
1,3,4,NaN
2,2,4,0.9255431095586868
1,3,4,NaN
4,0,4,NaN
3,1,4,0.4313286005045997
2,2,4,NaN
4,0,4,NaN
1,3,4,NaN
1,3,4,NaN
3,1,4,NaN
4,0,4,0.9899262932434983
2,2,4,NaN
1,3,4,NaN
3,1,4,0.7435026469914164
2,2,4,0.9947688305796785
4,0,4,0.35918334633262433
1,3,4,0.1921949779446829
2,2,4,NaN
4,0,4,0.4005674250897617
1,3,4,NaN
1,3,4,0.5857933458990237
3,1,4,0.7435026469914164
2,2,4,NaN
3,1,4,0.32204760611626027
1,3,4,NaN
1,3,4,NaN
4,0,4,NaN
2,2,4,0.285231730350609
1,3,4,0.12850144349580897
2,2,4,NaN
3,1,4,0.2506505417905184
2,2,4,NaN
1,3,4,0.21780701902471042
1,3,4,0.7742996008795586
1,3,4,0.7099946859060099
1,3,4,0.6291723264168632
3,1,4,NaN
1,3,4,NaN
2,2,4,0.8460613307452832
3,1,4,0.2506505417905184
4,0,4,0.35918334633262433
4,0,4,0.11225219921941293
1,3,4,0.285231730350609
2,2,4,0.3735552413820826
2,2,4,0.7435026469914164
2,2,4,NaN
1,3,4,0.5436724551002615
3,1,4,NaN
2,2,4,0.07398859749715625
2,2,4,0.005613845056063607
2,2,4,NaN
2,2,4,NaN
1,3,4,0.14701094102636791
1,3,4,0.041655030385332976
2,2,4,NaN
3,1,4,NaN
2,2,4,NaN
2,2,4,0.011172931809522797
2,2,4,0.0013922479721924065
1,3,4,0.7435026469914164
4,0,4,0.34187491073643367
1,3,4,NaN
1,3,4,0.03699915555555507
1,3,4,NaN
2,2,4,0.12850144349580897
1,3,4,0.7742996008795586
4,0,4,NaN
2,2,4,NaN
4,0,4,NaN
1,3,4,0.285231730350609
1,3,4,0.6711868417913297
1,3,4,0.5857933458990237
2,2,4,NaN
1,3,4,NaN
1,3,4,0.6709247690328402
1,3,4,NaN
2,2,4,0.11225219921941293
2,2,4,0.964109046255293
1,3,4,NaN
3,1,4,0.32204760611626027
3,1,4,0.44866759124185646
2,2,4,NaN
1,3,4,NaN
1,3,4,0.8320381655987559
1,3,4,0.9133616160879562
1,3,4,0.6291723264168632
1,3,4,0.4005674250897617
3,1,4,0.007837788026609073
4,0,4,0.8255935837441757
1,3,4,0.6291723264168632
2,2,4,0.7435026469914164
4,0,4,NaN
1,3,4,NaN
1,3,4,NaN
1,3,4,0.5424987914431505
2,2,4,0.04865788038130383
2,2,4,NaN
4,0,4,NaN
4,0,4,NaN
1,3,4,0.5857933458990237
2,2,4,0.44866759124185646
4,0,4,NaN
1,3,4,0.05352496603491587
3,1,4,NaN
3,1,4,NaN
4,0,4,0.38140185509428687
2,2,4,NaN
1,3,4,NaN
2,2,4,0.747794710211608
1,3,4,NaN
1,3,4,0.4005674250897617
2,2,4,0.7435026469914164
3,1,4,NaN
1,3,4,NaN
2,2,4,NaN
1,3,4,0.6711868417913297
3,1,4,0.8824229336212897
2,2,4,0.5857933458990237
4,0,4,NaN
1,3,4,0.6291723264168632
1,3,4,NaN
1,3,4,0.1396261103663417
2,2,4,NaN
1,3,4,0.8014889144615878
2,2,4,NaN
1,3,4,0.5436724551002615
1,3,4,0.32204760611626027
4,0,4,0.23004557452107477
3,1,4,NaN
2,2,4,NaN
4,0,4,NaN
1,3,4,0.8014889144615878
2,2,4,NaN
2,2,4,NaN
1,3,4,NaN
2,2,4,0.6291723264168632
1,3,4,0.285231730350609
3,1,4,0.8824229336212897
1,3,4,0.8014889144615878
2,2,4,0.7435026469914164
1,3,4,0.8460613307452832
2,2,4,NaN
2,2,4,0.006418585484425773
2,2,4,NaN
1,3,4,0.8650076002264386
1,3,4,0.14796312362828254
4,0,4,NaN
3,1,4,0.9255431095586868
2,2,4,0.7099946859060099
1,3,4,0.44866759124185646
2,2,4,NaN
3,1,4,0.7742996008795586
2,2,4,0.5857933458990237
2,2,4,0.9571988934595619
1,3,4,0.11225219921941293
2,2,4,NaN
2,2,4,0.1921949779446829
4,0,4,NaN
3,1,4,0.003889083042273111
4,0,4,NaN
2,2,4,0.35918334633262433
1,3,4,0.7435026469914164
4,0,4,NaN
1,3,4,0.05631407900959844
1,3,4,NaN
1,3,4,NaN
1,3,4,0.017885932416267757
2,2,4,0.7435026469914164
2,2,4,NaN
1,3,4,NaN
3,1,4,NaN
1,3,4,NaN
4,0,4,0.041655030385332976
3,1,4,NaN
4,0,4,0.5436724551002615
1,3,4,0.4005674250897617
1,3,4,NaN
3,1,4,NaN
3,1,4,0.8035795354932396
1,3,4,NaN
1,3,4,0.49760645166926687
1,3,4,0.2506505417905184
1,3,4,0.7435026469914164
1,3,4,0.11225219921941293
2,2,4,NaN
1,3,4,NaN
1,3,4,0.1921949779446829
2,2,4,NaN
1,3,4,NaN
2,2,4,0.6711868417913297
1,3,4,0.5436724551002615
2,2,4,0.8255935837441757
2,2,4,NaN
1,3,4,NaN
1,3,4,0.2506505417905184
2,2,4,0.12546626889347998
2,2,4,NaN
2,2,4,0.0018872732421826948
2,2,4,NaN
1,3,4,NaN
3,1,4,NaN
2,2,4,NaN
2,2,4,0.013135794871795524
1,3,4,0.8975048543322908
3,1,4,NaN
3,1,4,0.48153927011504477
1,3,4,NaN
4,0,4,0.7742996008795586
2,2,4,NaN
2,2,4,0.44866759124185646
3,1,4,0.4005674250897617
2,2,4,0.32204760611626027
2,2,4,NaN
2,2,4,0.16892676507977705
1,3,4,NaN
2,2,4,0.6711868417913297
2,2,4,NaN
2,2,4,NaN
1,3,4,0.8255935837441757
1,3,4,NaN
1,3,4,0.7435026469914164
1,3,4,NaN
3,1,4,NaN
1,3,4,NaN
2,2,4,0.21780701902471042
2,2,4,NaN
1,3,4,NaN
1,3,4,NaN
1,3,4,0.4005674250897617
1,3,4,NaN
4,0,4,NaN
3,1,4,0.7099946859060099
3,1,4,0.02148127019954466
1,3,4,NaN
1,3,4,NaN
2,2,4,NaN
4,0,4,0.32204760611626027
3,1,4,NaN
1,3,4,0.32204760611626027
1,3,4,0.12850144349580897
2,2,4,NaN
2,2,4,0.5389559291536357
4,0,4,0.5857933458990237
2,2,4,0.4005674250897617
2,2,4,0.8014889144615878
1,3,4,0.9367155094491033
1,3,4,NaN
1,3,4,0.7380462180477425
3,1,4,0.5339881701624289
2,2,4,NaN
1,3,4,NaN
3,1,4,NaN
2,2,4,0.21780701902471042
4,0,4,0.041655030385332976
2,2,4,0.5857933458990237
2,2,4,NaN
1,3,4,0.8255935837441757
2,2,4,0.7435026469914164
1,3,4,0.533308419551686
4,0,4,0.5436724551002615
1,3,4,NaN
3,1,4,NaN
1,3,4,0.5857933458990237
1,3,4,NaN
3,1,4,NaN
2,2,4,NaN
1,3,4,0.07398859749715625
1,3,4,NaN
1,3,4,NaN
1,3,4,NaN
2,2,4,NaN
1,3,4,NaN
1,3,4,0.7009427131692695
3,1,4,0.7435026469914164
1,3,4,0.16892676507977705
2,2,4,NaN
2,2,4,NaN
1,3,4,0.8824229336212897
1,3,4,0.285231730350609
2,2,4,0.9255431095586868
1,3,4,0.0981462602611937
2,2,4,0.44866759124185646
3,1,4,NaN
1,3,4,NaN
4,0,4,NaN
1,3,4,0.06663417215820867
1,3,4,0.03184441363446245
1,3,4,NaN
1,3,4,NaN
3,1,4,0.9862691009837826
2,2,4,NaN
1,3,4,NaN
2,2,4,0.6711868417913297
1,3,4,0.11225219921941293
2,2,4,0.7099946859060099
4,0,4,NaN
2,2,4,0.9564517636473293
1,3,4,0.32204760611626027
1,3,4,0.6711868417913297
1,3,4,NaN
3,1,4,0.8650076002264386
2,2,4,NaN
1,3,4,0.21780701902471042
1,3,4,NaN
1,3,4,NaN
3,1,4,NaN
1,3,4,NaN
1,3,4,0.44866759124185646
1,3,4,0.32204760611626027
1,3,4,NaN
1,3,4,0.6695156773186309
2,2,4,0.8975048543322908
3,1,4,0.912484067245082
1,3,4,NaN
2,2,4,NaN
2,2,4,0.8014889144615878
1,3,4,NaN
2,2,4,NaN
1,3,4,NaN
4,0,4,NaN
3,1,4,NaN
2,2,4,NaN
1,3,4,0.35918334633262433
1,3,4,NaN
1,3,4,NaN
1,3,4,0.21780701902471042
1,3,4,0.011002218775427479
1,3,4,NaN
1,3,4,NaN
3,1,4,0.5741000397391358
1,3,4,NaN
1,3,4,NaN
1,3,4,NaN
1,3,4,0.7742996008795586
1,3,4,NaN
1,3,4,0.7742996008795586
1,3,4,0.9255431095586868
3,1,4,0.8014889144615878
1,3,4,NaN
4,0,4,NaN
1,3,4,0.4437568944930373
1,3,4,0.8460613307452832
1,3,4,NaN
2,2,4,0.34337041459357026
2,2,4,0.6711868417913297
1,3,4,0.8623751147210995
1,3,4,NaN
2,2,4,NaN
1,3,4,NaN
2,2,4,0.7271206995827098
2,2,4,0.1921949779446829
2,2,4,NaN
1,3,4,NaN
1,3,4,0.09575499505217593
1,3,4,0.24352231573587105
1,3,4,NaN
1,3,4,0.2295771635222944
2,2,4,NaN
1,3,4,0.4694329356398077
1,3,4,NaN
2,2,4,NaN
2,2,4,0.8255935837441757
3,1,4,0.12850144349580897
1,3,4,NaN
1,3,4,NaN
2,2,4,NaN
2,2,4,0.8014889144615878
1,3,4,NaN
3,1,4,NaN
2,2,4,0.9862691009837826
1,3,4,NaN
3,1,4,0.4586857815899473
1,3,4,NaN
3,1,4,0.7742996008795586
2,2,4,0.0981462602611937
3,1,4,0.07398859749715625
1,3,4,NaN
1,3,4,0.21780701902471042
2,2,4,NaN
2,2,4,NaN
1,3,4,NaN
2,2,4,0.6711868417913297
3,1,4,NaN
3,1,4,NaN
1,3,4,NaN
2,2,4,0.49760645166926687
1,3,4,NaN
2,2,4,0.5857933458990237
1,3,4,NaN
2,2,4,0.8255935837441757
1,3,4,0.6291723264168632
1,3,4,NaN
1,3,4,0.6756826088618432
1,3,4,0.912484067245082
1,3,4,0.11225219921941293
2,2,4,NaN
2,2,4,0.4005674250897617
1,3,4,NaN
2,2,4,NaN
2,2,4,0.5559526372736167
3,1,4,NaN
3,1,4,0.5857933458990237
2,2,4,0.9543619524729314
1,3,4,0.8783716166898478
1,3,4,0.06389223232129576
1,3,4,NaN
1,3,4,0.6711868417913297
2,2,4,0.8460613307452832
1,3,4,0.2002351374651444
3,1,4,NaN
1,3,4,NaN
1,3,4,0.011172931809522797
2,2,4,0.9255431095586868
4,0,4,0.7099946859060099
2,2,4,0.49760645166926687
1,3,4,NaN
4,0,4,0.8650076002264386
3,1,4,NaN
1,3,4,0.7422192687198658
3,1,4,NaN
1,3,4,NaN
1,3,4,NaN
1,3,4,NaN
1,3,4,NaN
1,3,4,NaN
1,3,4,0.5725039826488356
1,3,4,NaN
1,3,4,0.35918334633262433
1,3,4,0.49760645166926687
1,3,4,0.9255431095586868
2,2,4,NaN
2,2,4,0.14701094102636791
1,3,4,NaN
1,3,4,0.6291723264168632
1,3,4,NaN
4,0,4,NaN
4,0,4,NaN
2,2,4,0.8255935837441757
1,3,4,NaN
4,0,4,NaN
1,3,4,NaN
1,3,4,NaN
1,3,4,NaN
1,3,4,0.9156923458222587
4,0,4,0.7435026469914164
2,2,4,0.6711868417913297
2,2,4,0.0012302268369662813
2,2,4,0.1921949779446829
2,2,4,0.7099946859060099
1,3,4,NaN
2,2,4,0.29369326736905665
1,3,4,0.5436724551002615
1,3,4,NaN
1,3,4,NaN
1,3,4,NaN
2,2,4,0.44866759124185646
2,2,4,0.16892676507977705
1,3,4,0.0026543834196871693
3,1,4,0.7140187322957076
2,2,4,0.006308881630297033
4,0,4,NaN
2,2,4,0.9564517636473293
1,3,4,NaN
2,2,4,NaN
2,2,4,0.14701094102636791
3,1,4,0.7099946859060099
3,1,4,0.5436724551002615
2,2,4,0.2765719590406248
1,3,4,0.8460613307452832
1,3,4,0.44866759124185646
1,3,4,NaN
1,3,4,NaN
1,3,4,NaN
1,3,4,NaN
3,1,4,NaN
1,3,4,NaN
1,3,4,NaN
2,2,4,0.9899262932434983
1,3,4,0.03699915555555507
2,2,4,NaN
1,3,4,0.04812370126666399
2,2,4,0.8014889144615878
1,3,4,0.044294216169714046
3,1,4,0.32204760611626027
1,3,4,NaN
2,2,4,NaN
2,2,4,0.4005674250897617
2,2,4,NaN
1,3,4,0.2506505417905184
2,2,4,0.9255431095586868
1,3,4,NaN
1,3,4,NaN
1,3,4,NaN
1,3,4,NaN
2,2,4,0.5720006536507067
2,2,4,NaN
1,3,4,NaN
3,1,4,0.9255431095586868
1,3,4,NaN
1,3,4,0.3149742872603093
3,1,4,0.4005674250897617
1,3,4,0.00028886183021936186
1,3,4,NaN
1,3,4,NaN
2,2,4,0.8014889144615878
1,3,4,NaN
2,2,4,0.16892676507977705
1,3,4,0.7435026469914164
2,2,4,NaN
1,3,4,NaN
1,3,4,NaN
1,3,4,NaN
1,3,4,0.8824229336212897
3,1,4,NaN
2,2,4,NaN
2,2,4,0.469726180235576
3,1,4,0.12850144349580897
1,3,4,0.7742996008795586
2,2,4,0.11225219921941293
1,3,4,0.12850144349580897
2,2,4,0.8937800646406895
4,0,4,0.8014889144615878
1,3,4,NaN
1,3,4,0.2506505417905184
1,3,4,0.01928476875158235
1,3,4,NaN
1,3,4,0.6291723264168632
2,2,4,0.041655030385332976
2,2,4,0.21780701902471042
1,3,4,NaN
2,2,4,NaN
1,3,4,0.9255431095586868
2,2,4,0.21780701902471042
1,3,4,0.5857933458990237
2,2,4,0.5857933458990237
1,3,4,NaN
1,3,4,0.35918334633262433
4,0,4,NaN
1,3,4,0.8824229336212897
2,2,4,0.015390686967911196
1,3,4,NaN
2,2,4,0.028616184812928398
2,2,4,NaN
1,3,4,NaN
2,2,4,NaN
2,2,4,0.49760645166926687
2,2,4,NaN
1,3,4,0.8014889144615878
1,3,4,NaN
1,3,4,NaN
1,3,4,NaN
3,1,4,NaN
3,1,4,0.35918334633262433
1,3,4,0.06857555753348367
1,3,4,NaN
1,3,4,NaN
1,3,4,NaN
1,3,4,0.8898420179639749
1,3,4,NaN
4,0,4,NaN
1,3,4,0.9899262932434983
1,3,4,0.07398859749715625
1,3,4,0.5857933458990237
1,3,4,NaN
4,0,4,NaN
4,0,4,0.6895729062347232
1,3,4,NaN
1,3,4,0.32204760611626027
2,2,4,NaN
1,3,4,0.07398859749715625
2,2,4,0.9703220335374653
1,3,4,NaN
1,3,4,0.8014889144615878
1,3,4,0.12850144349580897
1,3,4,NaN
1,3,4,0.6711868417913297
1,3,4,NaN
2,2,4,NaN
1,3,4,0.9255431095586868
1,3,4,0.3851295139181143
2,2,4,0.22348296604891146
2,2,4,0.8857203467685515
1,3,4,NaN
1,3,4,NaN
2,2,4,NaN
1,3,4,0.020724062087912304
1,3,4,NaN
1,3,4,0.1921949779446829
2,2,4,0.16019726952148192
1,3,4,0.001967727249622014
2,2,4,NaN
1,3,4,0.3704014588966018
2,2,4,0.964109046255293
2,2,4,NaN
1,3,4,0.964109046255293
1,3,4,0.7099946859060099
1,3,4,0.35918334633262433
1,3,4,0.5857933458990237
1,3,4,0.08779223837339908
1,3,4,NaN
1,3,4,0.9403074655232924
3,1,4,NaN
1,3,4,0.09346230457046585
1,3,4,NaN
2,2,4,0.03699915555555507
1,3,4,0.573340734184012
2,2,4,0.9928169178499623
4,0,4,NaN
2,2,4,0.7742996008795586
2,2,4,0.44866759124185646
1,3,4,0.04201724457006578
1,3,4,NaN
1,3,4,0.07398859749715625
1,3,4,NaN
3,1,4,0.49760645166926687
1,3,4,0.17086353308806265
2,2,4,NaN
3,1,4,0.2664231197497336
1,3,4,0.8269738332287646
1,3,4,0.5436724551002615
3,1,4,NaN
3,1,4,NaN
1,3,4,0.2506505417905184
1,3,4,NaN
4,0,4,0.7435026469914164
1,3,4,0.05631407900959844
1,3,4,NaN
1,3,4,NaN
1,3,4,NaN
1,3,4,0.5857933458990237
4,0,4,0.9817557942342455
1,3,4,NaN
1,3,4,NaN
1,3,4,NaN
1,3,4,NaN
1,3,4,0.8792358180869095
1,3,4,0.5436724551002615
1,3,4,0.02010889449722215
3,1,4,0.07398859749715625
1,3,4,NaN
2,2,4,0.7099946859060099
1,3,4,NaN
1,3,4,0.05631407900959844
4,0,4,NaN
2,2,4,0.013135794871795524
2,2,4,NaN
1,3,4,0.2506505417905184
2,2,4,0.4242461190287035
2,2,4,0.5436724551002615
2,2,4,0.285231730350609
1,3,4,0.8650076002264386
1,3,4,NaN
2,2,4,0.4694329356398077
1,3,4,NaN
1,3,4,0.007837788026609073
1,3,4,0.7435026469914164
1,3,4,0.8796769872847605
1,3,4,0.7099946859060099
1,3,4,0.8650076002264386
1,3,4,0.285231730350609
1,3,4,0.6681086794399329
1,3,4,0.7707407176889343
1,3,4,0.8255935837441757
1,3,4,0.4689529251075884
2,2,4,0.5436724551002615
1,3,4,0.9446294711049267
2,2,4,0.007837788026609073
1,3,4,0.4005674250897617
1,3,4,0.5436724551002615
1,3,4,0.32204760611626027
2,2,4,NaN
1,3,4,NaN
1,3,4,NaN
1,3,4,0.006720334420711236
1,3,4,NaN
1,3,4,0.343879838105955
3,1,4,0.7435026469914164
1,3,4,0.2506505417905184
1,3,4,0.7742996008795586
1,3,4,0.5436724551002615
3,1,4,0.35918334633262433
1,3,4,0.35918334633262433
1,3,4,NaN
1,3,4,2.3610329067346003e-5
2,2,4,0.7099946859060099
1,3,4,NaN
1,3,4,NaN
1,3,4,0.6291723264168632
1,3,4,NaN
4,0,4,NaN
1,3,4,NaN
2,2,4,NaN
1,3,4,NaN
1,3,4,0.49760645166926687
1,3,4,NaN
1,3,4,NaN
1,3,4,0.285231730350609
1,3,4,NaN
4,0,4,0.9407077001497689
2,2,4,0.35918334633262433
2,2,4,0.1921949779446829
2,2,4,0.9703220335374653
1,3,4,0.8255935837441757
2,2,4,NaN
2,2,4,0.023887454499875376
1,3,4,0.8460613307452832
1,3,4,0.32204760611626027
1,3,4,0.0021694148993832586
1,3,4,0.964109046255293
1,3,4,0.7435026469914164
1,3,4,NaN
1,3,4,0.5436724551002615
2,2,4,0.04853695198236578
1,3,4,0.32204760611626027
1,3,4,NaN
1,3,4,0.8460613307452832
1,3,4,NaN
1,3,4,0.18970889527424384
1,3,4,0.912484067245082
1,3,4,NaN
1,3,4,0.0640450458600324
1,3,4,NaN
1,3,4,NaN
1,3,4,0.9255431095586868
1,3,4,NaN
4,0,4,0.16892676507977705
2,2,4,0.5879624450921068
1,3,4,NaN
1,3,4,NaN
2,2,4,NaN
1,3,4,NaN
1,3,4,0.35918334633262433
1,3,4,NaN
2,2,4,0.8650076002264386
1,3,4,0.2246365759334606
1,3,4,0.964109046255293
1,3,4,NaN
1,3,4,0.05631407900959844
1,3,4,0.6291723264168632
1,3,4,NaN
1,3,4,0.8460613307452832
1,3,4,NaN
1,3,4,0.8460613307452832
1,3,4,0.8328086552512983
1,3,4,NaN
1,3,4,NaN
1,3,4,0.9255431095586868
1,3,4,0.0981462602611937
4,0,4,0.08509261982872529
1,3,4,NaN
1,3,4,0.6291723264168632
1,3,4,0.04865788038130383
1,3,4,0.30997140632278397
1,3,4,NaN
1,3,4,0.912484067245082
1,3,4,NaN
1,3,4,NaN
1,3,4,0.5411291251602354
1,3,4,NaN
1,3,4,0.7099946859060099
1,3,4,0.7759806386975252
1,3,4,NaN
1,3,4,0.03184441363446245
2,2,4,0.3803603934698832
1,3,4,NaN
1,3,4,0.49760645166926687
4,0,4,0.8255935837441757
1,3,4,0.7742996008795586
2,2,4,NaN
1,3,4,0.00039765118491474135
4,0,4,NaN
1,3,4,0.44866759124185646
1,3,4,0.5268217733535703
2,2,4,NaN
1,3,4,NaN
1,3,4,0.8460613307452832
1,3,4,NaN
1,3,4,0.35918334633262433
1,3,4,0.44866759124185646
1,3,4,NaN
2,2,4,0.0640450458600324
1,3,4,NaN
1,3,4,0.4435125150761472
2,2,4,NaN
1,3,4,0.2506505417905184
2,2,4,0.0981462602611937
1,3,4,0.1921949779446829
1,3,4,NaN
1,3,4,NaN
1,3,4,NaN
1,3,4,NaN
1,3,4,0.49760645166926687
1,3,4,NaN
1,3,4,0.4005674250897617
1,3,4,NaN
1,3,4,0.8824229336212897
2,2,4,NaN
2,2,4,NaN
1,3,4,NaN
1,3,4,NaN
1,3,4,NaN
1,3,4,0.8014889144615878
1,3,4,0.285231730350609
1,3,4,0.9481906106540485
1,3,4,0.32204760611626027
1,3,4,NaN
1,3,4,0.1921949779446829
1,3,4,0.912484067245082
1,3,4,0.8824229336212897
1,3,4,NaN
1,3,4,0.891794340200281
1,3,4,NaN
1,3,4,NaN
1,3,4,0.32204760611626027
1,3,4,0.6291723264168632
1,3,4,NaN
1,3,4,NaN
1,3,4,NaN
1,3,4,0.3216037720011639
1,3,4,NaN
1,3,4,NaN
1,3,4,NaN
0,4,4,0.35918334633262433
0,4,4,0.8460613307452832
0,4,4,0.5748394179789038
0,4,4,0.9255431095586868
0,4,4,NaN
0,4,4,NaN
0,4,4,NaN
0,4,4,0.5857933458990237
0,4,4,NaN
0,4,4,NaN
0,4,4,0.16892676507977705
0,4,4,0.8863592841414323
0,4,4,0.8014889144615878
0,4,4,0.5857933458990237
0,4,4,0.8255935837441757
0,4,4,0.39748922700442013
0,4,4,0.311715664017239
0,4,4,0.21780701902471042
0,4,4,0.32204760611626027
0,4,4,NaN
0,4,4,NaN
0,4,4,NaN
0,4,4,NaN
0,4,4,0.7742996008795586
0,4,4,0.2011675717148649
0,4,4,NaN
0,4,4,NaN
0,4,4,NaN
0,4,4,NaN
0,4,4,NaN
0,4,4,0.8824229336212897
0,4,4,NaN
0,4,4,NaN
0,4,4,0.6711868417913297
0,4,4,0.2506505417905184
0,4,4,0.12850144349580897
0,4,4,0.07398859749715625
0,4,4,0.7742996008795586
0,4,4,0.4005674250897617
0,4,4,0.11225219921941293
0,4,4,0.8460613307452832
0,4,4,NaN
0,4,4,0.8255935837441757
0,4,4,NaN
0,4,4,NaN
0,4,4,NaN
0,4,4,NaN
0,4,4,0.8824229336212897
0,4,4,0.1921949779446829
0,4,4,0.4005674250897617
0,4,4,NaN
0,4,4,0.49760645166926687
0,4,4,NaN
0,4,4,NaN
0,4,4,0.6711868417913297
0,4,4,0.6291723264168632
0,4,4,NaN
0,4,4,NaN
0,4,4,NaN
0,4,4,0.12850144349580897
0,4,4,NaN
0,4,4,NaN
0,4,4,0.6711868417913297
0,4,4,NaN
0,4,4,NaN
0,4,4,NaN
0,4,4,NaN
0,4,4,NaN
0,4,4,0.6291723264168632
0,4,4,NaN
0,4,4,NaN
0,4,4,0.7380462180477425
0,4,4,NaN
0,4,4,NaN
0,4,4,0.7742996008795586
0,4,4,0.7435026469914164
0,4,4,0.6711868417913297
0,4,4,NaN
0,4,4,0.14701094102636791
0,4,4,0.04865788038130383
0,4,4,0.912484067245082
0,4,4,0.0009724240634972853
0,4,4,0.7742996008795586
0,4,4,0.4689529251075884
0,4,4,NaN
0,4,4,0.06122658282986586
0,4,4,0.8014889144615878
0,4,4,0.47811408870094846
0,4,4,NaN
0,4,4,NaN
0,4,4,NaN
0,4,4,NaN
0,4,4,0.44866759124185646
0,4,4,0.5436724551002615
0,4,4,0.041655030385332976
0,4,4,0.9255431095586868
0,4,4,NaN
0,4,4,NaN
0,4,4,NaN
0,4,4,NaN
0,4,4,NaN
0,4,4,NaN
0,4,4,0.1921949779446829
0,4,4,0.4005674250897617
0,4,4,0.6711868417913297
0,4,4,NaN
0,4,4,NaN
0,4,4,NaN
0,4,4,NaN
0,4,4,0.9564517636473293
0,4,4,NaN
0,4,4,0.4005674250897617
0,4,4,0.7829489094593187
0,4,4,0.010590872004956719
0,4,4,0.44866759124185646
0,4,4,NaN
0,4,4,NaN
0,4,4,NaN
0,4,4,NaN
0,4,4,0.5436724551002615
0,4,4,0.006531896091517178
0,4,4,NaN
0,4,4,NaN
0,4,4,NaN
0,4,4,NaN
0,4,4,NaN
0,4,4,0.6291723264168632
0,4,4,0.285231730350609
0,4,4,0.8460613307452832
0,4,4,0.49760645166926687
0,4,4,NaN
0,4,4,NaN
0,4,4,NaN
0,4,4,NaN
0,4,4,NaN
0,4,4,0.4005674250897617
0,4,4,NaN
0,4,4,0.35918334633262433
0,4,4,NaN
0,4,4,NaN
0,4,4,NaN
0,4,4,NaN
0,4,4,NaN
0,4,4,NaN
0,4,4,0.4005674250897617
0,4,4,NaN
0,4,4,0.000301584927290531
0,4,4,NaN
0,4,4,NaN
0,4,4,0.5973601378544783
0,4,4,0.32204760611626027
0,4,4,0.8255935837441757
0,4,4,0.14701094102636791
0,4,4,NaN
0,4,4,NaN
0,4,4,0.8650076002264386
0,4,4,0.07398859749715625
0,4,4,NaN
0,4,4,NaN
0,4,4,NaN
0,4,4,NaN
0,4,4,0.12850144349580897
0,4,4,0.7742996008795586
0,4,4,NaN
0,4,4,NaN
0,4,4,NaN
0,4,4,NaN
0,4,4,0.49760645166926687
0,4,4,NaN
0,4,4,NaN
0,4,4,NaN
0,4,4,NaN
0,4,4,NaN
0,4,4,0.6711868417913297
0,4,4,0.16892676507977705
0,4,4,NaN
0,4,4,0.49760645166926687
0,4,4,NaN
0,4,4,NaN
0,4,4,0.05631407900959844
0,4,4,0.49760645166926687
0,4,4,NaN
0,4,4,0.285231730350609
0,4,4,NaN
0,4,4,NaN
0,4,4,NaN
0,4,4,NaN
0,4,4,NaN
0,4,4,0.6711868417913297
0,4,4,0.7294185663537489
0,4,4,0.6291723264168632
0,4,4,NaN
0,4,4,0.5857933458990237
0,4,4,NaN
0,4,4,NaN
0,4,4,NaN
0,4,4,NaN
0,4,4,0.7435026469914164
0,4,4,NaN
0,4,4,0.8975048543322908
0,4,4,NaN
0,4,4,0.8014889144615878
0,4,4,NaN
0,4,4,NaN
0,4,4,0.08509261982872529
0,4,4,NaN
0,4,4,NaN
0,4,4,0.3627526848682485
0,4,4,0.9370946320424296
0,4,4,0.4005674250897617
0,4,4,0.9703220335374653
0,4,4,0.12850144349580897
0,4,4,NaN
0,4,4,0.5857933458990237
0,4,4,0.7099946859060099
0,4,4,0.912484067245082
0,4,4,NaN
0,4,4,0.21780701902471042
0,4,4,0.3266385345505338
0,4,4,NaN
0,4,4,NaN
0,4,4,NaN
0,4,4,0.16892676507977705
0,4,4,NaN
0,4,4,0.32204760611626027
0,4,4,0.8650076002264386
0,4,4,0.49760645166926687
0,4,4,NaN
0,4,4,NaN
0,4,4,0.24688936286652177
0,4,4,0.23776185102771583
0,4,4,0.004171940035448129
0,4,4,0.6291723264168632
0,4,4,0.8014889144615878
0,4,4,0.005867636077463582
0,4,4,0.6291723264168632
0,4,4,NaN
0,4,4,NaN
0,4,4,0.5436724551002615
0,4,4,NaN
0,4,4,NaN
0,4,4,NaN
0,4,4,0.49760645166926687
0,4,4,NaN
0,4,4,NaN
0,4,4,6.265038842156651e-5
0,4,4,NaN
0,4,4,NaN
0,4,4,0.8108257737906625
0,4,4,NaN
0,4,4,NaN
0,4,4,0.912484067245082
0,4,4,NaN
0,4,4,NaN
0,4,4,NaN
0,4,4,0.20510739856224544
0,4,4,0.6711868417913297
0,4,4,0.8975048543322908
0,4,4,0.2002351374651444
0,4,4,NaN
0,4,4,0.017885932416267757
0,4,4,0.285231730350609
0,4,4,0.1416606806179228
0,4,4,0.1921949779446829
0,4,4,NaN
0,4,4,0.5547607873811298
0,4,4,NaN
0,4,4,NaN
0,4,4,NaN
0,4,4,NaN
0,4,4,NaN
0,4,4,NaN
0,4,4,0.285231730350609
0,4,4,NaN
0,4,4,NaN
0,4,4,0.08509261982872529
0,4,4,NaN
0,4,4,NaN
0,4,4,0.5857933458990237
0,4,4,NaN
0,4,4,0.9255431095586868
0,4,4,NaN
0,4,4,NaN
0,4,4,0.44866759124185646
0,4,4,NaN
0,4,4,0.6711868417913297
0,4,4,0.0005198842962458738
0,4,4,NaN
0,4,4,NaN
0,4,4,0.285231730350609
0,4,4,0.16892676507977705
0,4,4,0.21728213199762977
0,4,4,0.04865788038130383
0,4,4,0.1921949779446829
0,4,4,0.7099946859060099
0,4,4,NaN
0,4,4,NaN
0,4,4,NaN
0,4,4,0.40984254341684667
0,4,4,0.12850144349580897
0,4,4,0.017885932416267757
0,4,4,NaN
0,4,4,0.21780701902471042
0,4,4,NaN
0,4,4,0.05631407900959844
0,4,4,NaN
0,4,4,0.00021575190019867372
0,4,4,0.49760645166926687
0,4,4,0.03184441363446245
0,4,4,0.964109046255293
0,4,4,NaN
0,4,4,NaN
0,4,4,0.8874048282840395
0,4,4,NaN
0,4,4,0.5316327407557504
0,4,4,0.5857933458990237
0,4,4,0.9703220335374653
0,4,4,0.7435026469914164
0,4,4,0.9370946320424296
0,4,4,0.718599449010767
0,4,4,NaN
0,4,4,NaN
0,4,4,NaN
0,4,4,NaN
0,4,4,0.9255431095586868
0,4,4,0.32204760611626027
0,4,4,0.9255431095586868
0,4,4,0.5857933458990237
0,4,4,NaN
0,4,4,0.21780701902471042
0,4,4,0.9370946320424296
0,4,4,NaN
0,4,4,NaN
0,4,4,0.912484067245082
0,4,4,0.5857933458990237
0,4,4,0.18452937292258148
0,4,4,NaN
0,4,4,NaN
0,4,4,0.0640450458600324
0,4,4,NaN
0,4,4,0.5436724551002615
0,4,4,0.285231730350609
0,4,4,0.8014889144615878
0,4,4,NaN
0,4,4,0.32204760611626027
0,4,4,0.7435026469914164
0,4,4,NaN
0,4,4,0.8824229336212897
0,4,4,NaN
0,4,4,NaN
0,4,4,0.14701094102636791
0,4,4,NaN
0,4,4,NaN
0,4,4,NaN
0,4,4,NaN
0,4,4,0.7742996008795586
0,4,4,NaN
0,4,4,0.001185542453920621
0,4,4,0.5857933458990237
0,4,4,NaN
0,4,4,0.31782120465986163
0,4,4,NaN
0,4,4,NaN
0,4,4,0.7742996008795586
0,4,4,0.12850144349580897
0,4,4,NaN
0,4,4,0.2506505417905184
0,4,4,NaN
0,4,4,0.4005674250897617
0,4,4,NaN
0,4,4,0.6711868417913297
0,4,4,NaN
0,4,4,NaN
0,4,4,0.1921949779446829
0,4,4,NaN
0,4,4,NaN
0,4,4,0.35918334633262433
0,4,4,NaN
0,4,4,0.49760645166926687
0,4,4,0.8255935837441757
0,4,4,NaN
0,4,4,NaN
0,4,4,NaN
0,4,4,NaN
0,4,4,0.7435026469914164
0,4,4,0.8255935837441757
0,4,4,NaN
0,4,4,0.8014889144615878
0,4,4,NaN
0,4,4,NaN
0,4,4,NaN
0,4,4,NaN
0,4,4,0.35918334633262433
0,4,4,NaN
0,4,4,NaN
0,4,4,NaN
0,4,4,NaN
0,4,4,0.7742996008795586
0,4,4,NaN
0,4,4,NaN
0,4,4,NaN
0,4,4,NaN
0,4,4,0.9255431095586868
0,4,4,NaN
0,4,4,0.8460613307452832
0,4,4,0.5436724551002615
0,4,4,0.8014889144615878
0,4,4,NaN
0,4,4,NaN
0,4,4,NaN
0,4,4,0.9862691009837826
0,4,4,NaN
0,4,4,NaN
0,4,4,NaN
0,4,4,NaN
0,4,4,NaN
0,4,4,0.8255935837441757
0,4,4,0.8859321795053184
0,4,4,NaN
0,4,4,NaN
0,4,4,0.5857933458990237
0,4,4,NaN
0,4,4,0.285231730350609
0,4,4,0.007837788026609073
0,4,4,NaN
0,4,4,0.5455012880996715
0,4,4,0.041655030385332976
0,4,4,NaN
0,4,4,0.04865788038130383
0,4,4,NaN
0,4,4,0.7742996008795586
0,4,4,NaN
0,4,4,0.04865788038130383
0,4,4,NaN
0,4,4,NaN
0,4,4,0.05631407900959844
0,4,4,0.03184441363446245
0,4,4,0.44866759124185646
0,4,4,0.44866759124185646
0,4,4,NaN
0,4,4,NaN
0,4,4,NaN
0,4,4,0.5436724551002615
0,4,4,NaN
0,4,4,NaN
0,4,4,NaN
0,4,4,0.49760645166926687
0,4,4,0.8014889144615878
0,4,4,NaN
0,4,4,NaN
0,4,4,NaN
0,4,4,NaN
0,4,4,0.21780701902471042
0,4,4,0.8824229336212897
0,4,4,0.35918334633262433
0,4,4,NaN
0,4,4,0.4005674250897617
0,4,4,NaN
0,4,4,NaN
0,4,4,NaN
0,4,4,0.9370946320424296
0,4,4,NaN
0,4,4,0.285231730350609
0,4,4,NaN
0,4,4,NaN
0,4,4,0.8484881998762267
0,4,4,0.8975048543322908
0,4,4,0.49760645166926687
0,4,4,0.6711868417913297
0,4,4,NaN
0,4,4,0.21780701902471042
0,4,4,NaN
0,4,4,0.4005674250897617
0,4,4,NaN
0,4,4,NaN
0,4,4,NaN
0,4,4,NaN
0,4,4,NaN
0,4,4,0.41670917247005984
0,4,4,0.7099946859060099
0,4,4,NaN
0,4,4,0.7742996008795586
0,4,4,NaN
0,4,4,NaN
0,4,4,NaN
0,4,4,0.32204760611626027
0,4,4,0.9927175104956932
0,4,4,0.7099946859060099
0,4,4,NaN
0,4,4,0.8650076002264386
0,4,4,0.020033645760867254
0,4,4,NaN
0,4,4,NaN
0,4,4,0.5436724551002615
0,4,4,0.912484067245082
0,4,4,0.4904827697669228
0,4,4,0.7097098734428137
0,4,4,NaN
0,4,4,0.5436724551002615
0,4,4,NaN
0,4,4,NaN
0,4,4,0.0007602975637821475
0,4,4,NaN
0,4,4,NaN
0,4,4,NaN
0,4,4,0.08509261982872529
0,4,4,0.6711868417913297
0,4,4,0.9703220335374653
0,4,4,NaN
0,4,4,NaN
0,4,4,0.9564517636473293
0,4,4,NaN
0,4,4,0.2208805808629056
0,4,4,0.8975048543322908
0,4,4,NaN
0,4,4,0.38936923824745223
0,4,4,0.44866759124185646
0,4,4,NaN
0,4,4,0.8014889144615878
0,4,4,0.7099946859060099
0,4,4,NaN
0,4,4,NaN
0,4,4,NaN
0,4,4,NaN
0,4,4,0.32204760611626027
0,4,4,NaN
0,4,4,NaN
0,4,4,NaN
0,4,4,0.44866759124185646
0,4,4,NaN
0,4,4,NaN
0,4,4,NaN
0,4,4,NaN
0,4,4,NaN
0,4,4,0.32204760611626027
0,4,4,NaN
0,4,4,0.44866759124185646
0,4,4,0.34337041459357026
0,4,4,NaN
0,4,4,0.912484067245082
0,4,4,NaN
0,4,4,NaN
0,4,4,0.7435026469914164
0,4,4,NaN
0,4,4,NaN
0,4,4,NaN
0,4,4,NaN
0,4,4,0.49760645166926687
0,4,4,0.7435026469914164
0,4,4,NaN
0,4,4,NaN
0,4,4,0.49760645166926687
0,4,4,NaN
0,4,4,NaN
0,4,4,0.7435026469914164
0,4,4,0.4667666861199306
0,4,4,0.7151320155182024
0,4,4,0.35918334633262433
0,4,4,NaN
0,4,4,0.32204760611626027
0,4,4,0.32204760611626027
0,4,4,0.49760645166926687
0,4,4,NaN
0,4,4,NaN
0,4,4,0.9255431095586868
0,4,4,0.03184441363446245
0,4,4,NaN
0,4,4,NaN
0,4,4,0.31068355240189444
0,4,4,0.6711868417913297
0,4,4,NaN
0,4,4,NaN
0,4,4,NaN
0,4,4,0.9188368398110196
0,4,4,NaN
0,4,4,0.032485863050130764
0,4,4,0.6419718087602947
0,4,4,NaN
0,4,4,0.042895771883122366
0,4,4,0.07335688981097711
0,4,4,NaN
0,4,4,NaN
0,4,4,0.8460613307452832
0,4,4,NaN
0,4,4,NaN
0,4,4,NaN
0,4,4,0.9370946320424296
0,4,4,NaN
0,4,4,NaN
0,4,4,0.8975048543322908
0,4,4,NaN
0,4,4,NaN
0,4,4,0.8824229336212897
0,4,4,0.49760645166926687
0,4,4,NaN
0,4,4,0.8460613307452832
0,4,4,NaN
0,4,4,NaN
0,4,4,NaN
0,4,4,0.7834962692293777
0,4,4,0.21062178565472292
0,4,4,NaN
0,4,4,NaN
0,4,4,NaN
0,4,4,0.7742996008795586
0,4,4,0.6291723264168632
0,4,4,0.46909514903742233
0,4,4,NaN
0,4,4,NaN
0,4,4,0.5436724551002615
0,4,4,NaN
0,4,4,0.49760645166926687
0,4,4,0.8824229336212897
0,4,4,NaN
0,4,4,0.8014889144615878
0,4,4,NaN
0,4,4,0.7364732624093421
0,4,4,0.30997140632278397
0,4,4,NaN
0,4,4,NaN
0,4,4,0.14701094102636791
0,4,4,0.8824229336212897
0,4,4,NaN
0,4,4,0.7099946859060099
0,4,4,0.08509261982872529
0,4,4,NaN
0,4,4,0.7294185663537489
0,4,4,NaN
0,4,4,NaN
0,4,4,0.9255431095586868
0,4,4,0.1921949779446829
0,4,4,NaN
0,4,4,NaN
0,4,4,NaN
0,4,4,NaN
0,4,4,NaN
0,4,4,0.0640450458600324
0,4,4,0.49760645166926687
0,4,4,0.5436724551002615
0,4,4,NaN
0,4,4,0.49760645166926687
0,4,4,NaN
0,4,4,NaN
0,4,4,0.16094265203934896
0,4,4,NaN
0,4,4,0.44866759124185646
0,4,4,0.9838031118011833
0,4,4,NaN
0,4,4,NaN
0,4,4,NaN
0,4,4,NaN
0,4,4,0.41333106727342844
0,4,4,0.7435026469914164
0,4,4,0.9862691009837826
0,4,4,NaN
0,4,4,NaN
0,4,4,NaN
0,4,4,0.4694329356398077
0,4,4,1.3013521934455703e-5
0,4,4,NaN
0,4,4,NaN
0,4,4,NaN
0,4,4,NaN
0,4,4,NaN
0,4,4,NaN
0,4,4,0.16892676507977705
0,4,4,0.8824229336212897
0,4,4,NaN
0,4,4,NaN
0,4,4,0.44866759124185646
0,4,4,NaN
0,4,4,NaN
0,4,4,NaN
0,4,4,0.04865788038130383
0,4,4,0.0018872732421826948
0,4,4,NaN
0,4,4,NaN
0,4,4,0.7435026469914164
0,4,4,0.7099946859060099
0,4,4,NaN
0,4,4,0.8975048543322908
0,4,4,0.24567732518279017
0,4,4,NaN
0,4,4,0.9481906106540485
0,4,4,0.7742996008795586
0,4,4,0.8255935837441757
0,4,4,NaN
0,4,4,NaN
0,4,4,NaN
0,4,4,0.7742996008795586
0,4,4,0.7742996008795586
0,4,4,0.0640450458600324
0,4,4,NaN
0,4,4,NaN
0,4,4,0.1717497118335182
0,4,4,NaN
0,4,4,NaN
0,4,4,0.5436724551002615
0,4,4,NaN
0,4,4,0.7099946859060099
0,4,4,NaN
0,4,4,0.7742996008795586
0,4,4,0.469726180235576
0,4,4,NaN
0,4,4,NaN
0,4,4,NaN
0,4,4,0.9564517636473293
0,4,4,NaN
0,4,4,0.6291723264168632
0,4,4,0.8460613307452832
0,4,4,0.07170107740691434
0,4,4,NaN
0,4,4,0.16892676507977705
0,4,4,0.8339990739474855
0,4,4,NaN
0,4,4,0.023887454499875376
0,4,4,0.7742996008795586
0,4,4,0.8650076002264386
0,4,4,NaN
0,4,4,NaN
0,4,4,0.5857933458990237
0,4,4,NaN
0,4,4,NaN
0,4,4,0.03699915555555507
0,4,4,NaN
0,4,4,NaN
0,4,4,NaN
0,4,4,0.4005674250897617
0,4,4,NaN
0,4,4,0.6952205098768031
0,4,4,0.8650076002264386
0,4,4,NaN
0,4,4,NaN
0,4,4,NaN
0,4,4,NaN
0,4,4,NaN
0,4,4,0.7742996008795586
0,4,4,0.8460613307452832
0,4,4,NaN
0,4,4,NaN
0,4,4,NaN
0,4,4,0.21780701902471042
0,4,4,NaN
0,4,4,0.22641642100960668
0,4,4,NaN
0,4,4,0.912484067245082
0,4,4,NaN
0,4,4,NaN
0,4,4,0.44866759124185646
0,4,4,0.8824229336212897
0,4,4,NaN
0,4,4,NaN
0,4,4,NaN
0,4,4,NaN
0,4,4,NaN
0,4,4,NaN
0,4,4,NaN
0,4,4,NaN
0,4,4,NaN
0,4,4,NaN
0,4,4,0.8824229336212897
0,4,4,NaN
0,4,4,NaN
0,4,4,0.03184441363446245
0,4,4,NaN
0,4,4,0.9343350385423543
0,4,4,0.49760645166926687
0,4,4,0.04865788038130383
0,4,4,0.6711868417913297
0,4,4,0.6711868417913297
0,4,4,0.2548987755972673
0,4,4,0.01928476875158235
0,4,4,0.14701094102636791
0,4,4,0.8975048543322908
0,4,4,0.35918334633262433
0,4,4,0.7099946859060099
0,4,4,NaN
0,4,4,NaN
0,4,4,0.7742996008795586
0,4,4,NaN
0,4,4,0.6291723264168632
0,4,4,0.08509261982872529
0,4,4,NaN
0,4,4,NaN
0,4,4,0.7099946859060099
0,4,4,0.285231730350609
0,4,4,NaN
0,4,4,0.44866759124185646
0,4,4,0.5455012880996715
0,4,4,0.8513137241808616
0,4,4,0.04865788038130383
0,4,4,0.04137683110277546
0,4,4,NaN
0,4,4,0.5389559291536357
0,4,4,0.03184441363446245
0,4,4,NaN
0,4,4,NaN
0,4,4,0.7099946859060099
0,4,4,0.5436724551002615
0,4,4,NaN
0,4,4,NaN
0,4,4,0.14701094102636791
0,4,4,NaN
0,4,4,NaN
0,4,4,NaN
0,4,4,NaN
0,4,4,0.03792351921676991
0,4,4,NaN
0,4,4,NaN
0,4,4,NaN
0,4,4,0.11225219921941293
0,4,4,NaN
0,4,4,NaN
0,4,4,NaN
0,4,4,NaN
0,4,4,0.4577716455883751
0,4,4,NaN
0,4,4,NaN
0,4,4,NaN
0,4,4,NaN
0,4,4,NaN
0,4,4,NaN
0,4,4,NaN
0,4,4,NaN
0,4,4,0.32204760611626027
0,4,4,NaN
0,4,4,0.8460613307452832
0,4,4,0.9498446020391866
0,4,4,NaN
0,4,4,0.07398859749715625
0,4,4,NaN
0,4,4,NaN
0,4,4,0.6711868417913297
0,4,4,0.2506505417905184
0,4,4,0.7435026469914164
0,4,4,0.16892676507977705
0,4,4,NaN
0,4,4,0.8460613307452832
0,4,4,0.16892676507977705
0,4,4,NaN
0,4,4,NaN
0,4,4,NaN
0,4,4,0.4005674250897617
0,4,4,0.4005674250897617
0,4,4,0.21780701902471042
0,4,4,NaN
0,4,4,NaN
0,4,4,NaN
0,4,4,0.7742996008795586
0,4,4,NaN
0,4,4,0.9444442241907973
0,4,4,NaN
0,4,4,0.7568462303324522
0,4,4,0.9564517636473293
0,4,4,0.03699915555555507
0,4,4,NaN
0,4,4,NaN
0,4,4,0.2541782990189509
0,4,4,NaN
0,4,4,NaN
0,4,4,NaN
0,4,4,NaN
0,4,4,0.5436724551002615
0,4,4,NaN
0,4,4,NaN
0,4,4,NaN
0,4,4,0.49760645166926687
0,4,4,0.7435026469914164
0,4,4,0.16892676507977705
0,4,4,0.03699915555555507
0,4,4,0.1921949779446829
0,4,4,0.11225219921941293
0,4,4,0.285231730350609
0,4,4,0.964109046255293
0,4,4,0.01818786702319927
0,4,4,0.0981462602611937
0,4,4,NaN
0,4,4,0.05631407900959844
0,4,4,0.2506505417905184
0,4,4,NaN
0,4,4,NaN
0,4,4,0.11225219921941293
0,4,4,0.8255935837441757
0,4,4,0.9862691009837826
0,4,4,0.11225219921941293
0,4,4,NaN
0,4,4,0.9764973997616925
0,4,4,0.7435026469914164
0,4,4,0.8975048543322908
0,4,4,0.9703220335374653
0,4,4,0.8014889144615878
0,4,4,0.22564505299085919
0,4,4,0.6154879489691337
0,4,4,0.9564517636473293
0,4,4,0.7468125415102562
0,4,4,0.6291723264168632
0,4,4,NaN
0,4,4,NaN
0,4,4,0.8597917723627201
0,4,4,0.4458227714473883
0,4,4,0.16892676507977705
0,4,4,NaN
0,4,4,NaN
0,4,4,NaN
0,4,4,0.3216037720011639
0,4,4,NaN
0,4,4,0.07398859749715625
0,4,4,NaN
0,4,4,0.44866759124185646
0,4,4,NaN
0,4,4,NaN
0,4,4,0.03184441363446245
0,4,4,0.7099946859060099
0,4,4,0.5857933458990237
0,4,4,0.8460613307452832
0,4,4,NaN
0,4,4,0.16892676507977705
0,4,4,0.5436724551002615
0,4,4,NaN
0,4,4,0.35918334633262433
0,4,4,0.6743016859175012
0,4,4,0.07398859749715625
0,4,4,0.4005674250897617
0,4,4,0.4689529251075884
0,4,4,NaN
0,4,4,NaN
0,4,4,0.8975048543322908
0,4,4,0.16892676507977705
0,4,4,0.35918334633262433
0,4,4,NaN
0,4,4,NaN
0,4,4,NaN
0,4,4,0.35918334633262433
0,4,4,NaN
0,4,4,0.21145176725373
0,4,4,NaN
0,4,4,0.32204760611626027
0,4,4,0.7435026469914164
0,4,4,NaN
0,4,4,0.023887454499875376
0,4,4,NaN
0,4,4,NaN
0,4,4,0.4005674250897617
0,4,4,0.08509261982872529
0,4,4,NaN
0,4,4,0.005587801164914353
0,4,4,NaN
0,4,4,NaN
0,4,4,0.003321743076798548
0,4,4,0.004222565615382755
0,4,4,0.849010573904067
0,4,4,NaN
0,4,4,0.26033657334485644
0,4,4,0.7435026469914164
0,4,4,NaN
0,4,4,NaN
0,4,4,0.001191985968544508
0,4,4,0.023887454499875376
0,4,4,NaN
0,4,4,NaN
0,4,4,NaN
0,4,4,0.0981462602611937
0,4,4,NaN
0,4,4,0.6711868417913297
0,4,4,0.5857933458990237
0,4,4,NaN
0,4,4,NaN
0,4,4,NaN
0,4,4,0.6291723264168632
0,4,4,0.4005674250897617
0,4,4,NaN
0,4,4,NaN
0,4,4,0.5436724551002615
0,4,4,0.7099946859060099
0,4,4,0.6291723264168632
0,4,4,NaN
0,4,4,NaN
0,4,4,0.12850144349580897
0,4,4,NaN
0,4,4,0.5436724551002615
0,4,4,NaN
0,4,4,NaN
0,4,4,NaN
0,4,4,NaN
0,4,4,NaN
0,4,4,0.9370946320424296
0,4,4,0.8255935837441757
0,4,4,NaN
0,4,4,NaN
0,4,4,0.22216452734362213
0,4,4,0.7435026469914164
0,4,4,0.964109046255293
0,4,4,NaN
0,4,4,0.0981462602611937
0,4,4,NaN
0,4,4,NaN
0,4,4,NaN
0,4,4,NaN
0,4,4,NaN
0,4,4,NaN
0,4,4,0.21780701902471042
0,4,4,NaN
0,4,4,0.7194250958369378
0,4,4,0.7435026469914164
0,4,4,NaN
0,4,4,NaN
0,4,4,NaN
0,4,4,0.8255935837441757
0,4,4,0.1921949779446829
0,4,4,NaN
0,4,4,NaN
0,4,4,0.041655030385332976
0,4,4,NaN
0,4,4,0.44866759124185646
0,4,4,NaN
0,4,4,NaN
0,4,4,NaN
0,4,4,NaN
0,4,4,0.4563665829014552
0,4,4,0.5436724551002615
0,4,4,0.9485901921732287
0,4,4,NaN
0,4,4,NaN
0,4,4,0.44866759124185646
0,4,4,0.07170107740691434
0,4,4,0.12850144349580897
0,4,4,NaN
0,4,4,0.7435026469914164
0,4,4,0.6291723264168632
0,4,4,0.6291723264168632
0,4,4,NaN
0,4,4,NaN
0,4,4,NaN
0,4,4,NaN
0,4,4,0.49760645166926687
0,4,4,0.8255935837441757
0,4,4,NaN
0,4,4,0.6291723264168632
0,4,4,NaN
0,4,4,0.8255935837441757
0,4,4,NaN
0,4,4,NaN
0,4,4,NaN
0,4,4,NaN
0,4,4,NaN
0,4,4,0.6291723264168632
0,4,4,NaN
0,4,4,NaN
0,4,4,NaN
0,4,4,NaN
0,4,4,NaN
0,4,4,NaN
0,4,4,0.8563912342162112
0,4,4,NaN
0,4,4,NaN
0,4,4,NaN
0,4,4,0.32204760611626027
0,4,4,NaN
0,4,4,0.6711868417913297
0,4,4,NaN
0,4,4,NaN
0,4,4,NaN
0,4,4,NaN
0,4,4,NaN
0,4,4,0.6291723264168632
0,4,4,0.285231730350609
0,4,4,NaN
0,4,4,NaN
0,4,4,NaN
0,4,4,NaN
0,4,4,NaN
0,4,4,0.05631407900959844
0,4,4,NaN
0,4,4,0.21780701902471042
0,4,4,0.0981462602611937
0,4,4,0.9255431095586868
0,4,4,0.042015292062657375
0,4,4,NaN
0,4,4,NaN
0,4,4,0.7435026469914164
0,4,4,0.7759806386975252
0,4,4,NaN
0,4,4,NaN
0,4,4,NaN
0,4,4,NaN
0,4,4,0.9531560199669223
0,4,4,0.07398859749715625
0,4,4,0.49760645166926687
0,4,4,0.9564517636473293
0,4,4,0.44866759124185646
0,4,4,NaN
0,4,4,0.6154879489691337
0,4,4,0.49760645166926687
0,4,4,NaN
0,4,4,NaN
0,4,4,0.912484067245082
0,4,4,0.4005674250897617
0,4,4,NaN
0,4,4,0.8312920881679056
0,4,4,NaN
0,4,4,0.7099946859060099
0,4,4,0.8824229336212897
0,4,4,0.7112222700502638
0,4,4,0.9978058439811702
0,4,4,NaN
0,4,4,NaN
0,4,4,NaN
0,4,4,0.0640450458600324
0,4,4,0.5436724551002615
0,4,4,0.5857933458990237
0,4,4,0.3317927598713208
0,4,4,NaN
0,4,4,NaN
0,4,4,0.285231730350609
0,4,4,0.9255431095586868
0,4,4,NaN
0,4,4,0.2506505417905184
0,4,4,NaN
0,4,4,0.5436724551002615
0,4,4,NaN
0,4,4,NaN
0,4,4,NaN
0,4,4,0.32204760611626027
0,4,4,NaN
0,4,4,NaN
0,4,4,0.21780701902471042
0,4,4,NaN
0,4,4,0.5436724551002615
0,4,4,0.5857933458990237
0,4,4,0.44866759124185646
0,4,4,NaN
0,4,4,0.8650076002264386
0,4,4,NaN
0,4,4,0.285231730350609
0,4,4,0.9703220335374653
0,4,4,0.013115433962204652
0,4,4,NaN
0,4,4,0.8975048543322908
0,4,4,NaN
0,4,4,NaN
0,4,4,NaN
0,4,4,NaN
0,4,4,0.3216037720011639
0,4,4,0.5857933458990237
0,4,4,NaN
0,4,4,NaN
0,4,4,0.023887454499875376
0,4,4,NaN
0,4,4,NaN
0,4,4,0.000993838540297679
0,4,4,0.5857933458990237
0,4,4,0.285231730350609
0,4,4,0.6711868417913297
0,4,4,NaN
0,4,4,0.6291723264168632
0,4,4,0.1921949779446829
0,4,4,NaN
0,4,4,NaN
0,4,4,0.7742996008795586
0,4,4,NaN
0,4,4,NaN
0,4,4,0.9764973997616925
0,4,4,NaN
0,4,4,0.9494980072657516
0,4,4,NaN
0,4,4,0.44866759124185646
0,4,4,NaN
0,4,4,NaN
0,4,4,0.03737504119612238
0,4,4,NaN
0,4,4,NaN
0,4,4,0.9564517636473293
0,4,4,NaN
0,4,4,NaN
0,4,4,NaN
0,4,4,0.16892676507977705
0,4,4,0.8460613307452832
0,4,4,NaN
0,4,4,0.05631407900959844
0,4,4,NaN
0,4,4,NaN
0,4,4,NaN
0,4,4,0.7099946859060099
0,4,4,0.9564517636473293
0,4,4,NaN
0,4,4,0.11225219921941293
0,4,4,NaN
0,4,4,NaN
0,4,4,0.353716671103443
0,4,4,0.8975048543322908
0,4,4,NaN
0,4,4,0.5857933458990237
0,4,4,0.0640450458600324
0,4,4,0.8824229336212897
0,4,4,0.912484067245082
0,4,4,NaN
0,4,4,0.8014889144615878
0,4,4,0.4005674250897617
0,4,4,NaN
0,4,4,NaN
0,4,4,NaN
0,4,4,NaN
0,4,4,NaN
0,4,4,NaN
0,4,4,0.8975048543322908
0,4,4,0.006539878897502355
0,4,4,NaN
0,4,4,0.7099946859060099
0,4,4,NaN
0,4,4,NaN
0,4,4,NaN
0,4,4,NaN
0,4,4,0.7435026469914164
0,4,4,NaN
0,4,4,NaN
0,4,4,0.6291723264168632
0,4,4,NaN
0,4,4,NaN
0,4,4,NaN
0,4,4,0.11837731021914769
0,4,4,NaN
0,4,4,NaN
0,4,4,0.7099946859060099
0,4,4,0.21780701902471042
0,4,4,0.49760645166926687
0,4,4,NaN
0,4,4,0.2506505417905184
0,4,4,NaN
0,4,4,NaN
0,4,4,0.8255935837441757
0,4,4,0.8975048543322908
0,4,4,NaN
0,4,4,NaN
0,4,4,NaN
0,4,4,0.7742996008795586
0,4,4,0.5857933458990237
0,4,4,NaN
0,4,4,NaN
0,4,4,NaN
0,4,4,0.324882816458443
0,4,4,NaN
0,4,4,NaN
0,4,4,NaN
0,4,4,NaN
0,4,4,0.5436724551002615
0,4,4,0.4005674250897617
0,4,4,0.0640450458600324
0,4,4,NaN
0,4,4,NaN
0,4,4,0.35918334633262433
0,4,4,NaN
0,4,4,0.7112222700502638
0,4,4,0.14701094102636791
0,4,4,NaN
0,4,4,0.8460613307452832
0,4,4,NaN
0,4,4,0.6291723264168632
0,4,4,0.9928169178499623
0,4,4,NaN
0,4,4,NaN
0,4,4,NaN
0,4,4,0.912484067245082
0,4,4,NaN
0,4,4,0.8255935837441757
0,4,4,NaN
0,4,4,NaN
0,4,4,NaN
0,4,4,NaN
0,4,4,0.9993301788513009
0,4,4,NaN
0,4,4,0.5436724551002615
0,4,4,NaN
0,4,4,NaN
0,4,4,NaN
0,4,4,NaN
0,4,4,NaN
0,4,4,NaN
0,4,4,0.6381380281849233
0,4,4,NaN
0,4,4,0.4005674250897617
0,4,4,NaN
0,4,4,NaN
0,4,4,0.32204760611626027
0,4,4,0.5857933458990237
0,4,4,NaN
0,4,4,NaN
0,4,4,NaN
0,4,4,0.6711868417913297
0,4,4,0.8255935837441757
0,4,4,NaN
0,4,4,NaN
0,4,4,NaN
0,4,4,0.8975048543322908
0,4,4,NaN
0,4,4,NaN
0,4,4,0.6291723264168632
0,4,4,0.12850144349580897
0,4,4,0.5857933458990237
0,4,4,NaN
0,4,4,NaN
0,4,4,NaN
0,4,4,NaN
0,4,4,NaN
0,4,4,0.44866759124185646
0,4,4,0.21780701902471042
0,4,4,0.14701094102636791
0,4,4,0.573340734184012
0,4,4,0.7099946859060099
0,4,4,NaN
0,4,4,NaN
0,4,4,NaN
0,4,4,0.7742996008795586
0,4,4,0.6711868417913297
0,4,4,0.9862691009837826
0,4,4,NaN
0,4,4,0.5857933458990237
0,4,4,NaN
0,4,4,0.8460613307452832
0,4,4,NaN
0,4,4,0.8460613307452832
0,4,4,NaN
0,4,4,0.912484067245082
0,4,4,NaN
0,4,4,0.6291723264168632
0,4,4,0.285231730350609
0,4,4,NaN
0,4,4,NaN
0,4,4,0.0981462602611937
0,4,4,0.9703220335374653
0,4,4,0.964109046255293
0,4,4,NaN
0,4,4,0.8460613307452832
0,4,4,NaN
0,4,4,0.08509261982872529
0,4,4,NaN
0,4,4,NaN
0,4,4,0.32204760611626027
0,4,4,0.11225219921941293
0,4,4,0.9481906106540485
0,4,4,NaN
2,1,3,NaN
3,0,3,NaN
3,0,3,0.14701094102636791
3,0,3,NaN
3,0,3,NaN
2,1,3,NaN
3,0,3,0.10717256486175121
3,0,3,0.9817557942342455
1,2,3,NaN
3,0,3,NaN
3,0,3,NaN
1,2,3,NaN
3,0,3,0.8975048543322908
3,0,3,NaN
1,2,3,NaN
2,1,3,NaN
3,0,3,0.7435026469914164
2,1,3,0.7742996008795586
2,1,3,NaN
2,1,3,NaN
2,1,3,NaN
3,0,3,0.21578370922404502
3,0,3,NaN
3,0,3,0.6291723264168632
2,1,3,0.000751620538389412
1,2,3,0.8824229336212897
2,1,3,NaN
1,2,3,0.5436724551002615
3,0,3,NaN
3,0,3,NaN
2,1,3,0.8014889144615878
3,0,3,NaN
3,0,3,NaN
1,2,3,NaN
3,0,3,0.08509261982872529
2,1,3,NaN
3,0,3,0.20826885592926214
3,0,3,NaN
2,1,3,NaN
3,0,3,0.32204760611626027
1,2,3,0.07398859749715625
3,0,3,NaN
3,0,3,0.11225219921941293
3,0,3,NaN
3,0,3,NaN
2,1,3,0.0981462602611937
3,0,3,0.35918334633262433
3,0,3,0.1921949779446829
1,2,3,0.8650076002264386
2,1,3,0.44866759124185646
2,1,3,0.3541370539104541
2,1,3,NaN
3,0,3,0.6711868417913297
2,1,3,NaN
1,2,3,0.5857933458990237
3,0,3,0.017885932416267757
3,0,3,NaN
3,0,3,0.7099946859060099
3,0,3,0.6711868417913297
3,0,3,0.9255431095586868
3,0,3,0.4005674250897617
3,0,3,0.5857933458990237
3,0,3,NaN
3,0,3,0.16892676507977705
1,2,3,0.7742996008795586
3,0,3,0.7294185663537489
2,1,3,0.9170336508265289
2,1,3,NaN
2,1,3,0.6711868417913297
2,1,3,NaN
1,2,3,0.01586602518530801
3,0,3,0.7742996008795586
3,0,3,NaN
3,0,3,NaN
1,2,3,0.7435026469914164
2,1,3,NaN
2,1,3,NaN
2,1,3,0.44866759124185646
2,1,3,0.7742996008795586
2,1,3,0.11225219921941293
2,1,3,NaN
2,1,3,0.8650076002264386
3,0,3,NaN
3,0,3,NaN
2,1,3,0.08509261982872529
1,2,3,0.1921949779446829
1,2,3,NaN
3,0,3,NaN
2,1,3,NaN
3,0,3,0.9703220335374653
3,0,3,0.16892676507977705
3,0,3,NaN
3,0,3,NaN
1,2,3,0.05631407900959844
3,0,3,NaN
2,1,3,NaN
2,1,3,NaN
3,0,3,NaN
2,1,3,0.7742996008795586
3,0,3,NaN
2,1,3,NaN
2,1,3,0.6291723264168632
3,0,3,0.0981462602611937
2,1,3,NaN
3,0,3,NaN
3,0,3,0.6711868417913297
2,1,3,NaN
2,1,3,NaN
3,0,3,0.9492252122284622
2,1,3,0.21780701902471042
3,0,3,0.5643950831979262
3,0,3,0.9764973997616925
2,1,3,0.6291723264168632
1,2,3,NaN
1,2,3,NaN
3,0,3,0.44866759124185646
2,1,3,0.11225219921941293
2,1,3,0.6711868417913297
1,2,3,0.8650076002264386
2,1,3,0.285231730350609
2,1,3,NaN
2,1,3,0.6291723264168632
3,0,3,0.16892676507977705
2,1,3,NaN
2,1,3,0.03699915555555507
3,0,3,0.49760645166926687
3,0,3,0.8255935837441757
3,0,3,NaN
3,0,3,NaN
2,1,3,0.0003622636653108655
2,1,3,0.16892676507977705
3,0,3,0.6711868417913297
3,0,3,0.5436724551002615
2,1,3,NaN
1,2,3,0.6609269070683205
1,2,3,0.04865788038130383
3,0,3,NaN
3,0,3,0.9255431095586868
3,0,3,NaN
2,1,3,NaN
3,0,3,0.285231730350609
2,1,3,NaN
2,1,3,NaN
3,0,3,0.2506505417905184
2,1,3,0.49760645166926687
2,1,3,NaN
2,1,3,NaN
3,0,3,0.02766704178145161
3,0,3,0.6778366370087895
3,0,3,NaN
1,2,3,0.6711868417913297
1,2,3,0.02637074827110755
1,2,3,0.0640450458600324
1,2,3,0.9862691009837826
3,0,3,0.32204760611626027
2,1,3,0.9370946320424296
3,0,3,0.32204760611626027
2,1,3,NaN
1,2,3,0.9988805798019055
3,0,3,0.6291723264168632
3,0,3,NaN
3,0,3,0.44866759124185646
3,0,3,NaN
2,1,3,NaN
3,0,3,NaN
2,1,3,0.0640450458600324
3,0,3,0.9370946320424296
3,0,3,NaN
2,1,3,NaN
2,1,3,0.9759156945747424
2,1,3,0.7759806386975252
3,0,3,0.8490048883169583
1,2,3,0.4694329356398077
1,2,3,NaN
3,0,3,NaN
3,0,3,0.8650076002264386
3,0,3,NaN
2,1,3,0.964109046255293
3,0,3,NaN
2,1,3,NaN
2,1,3,0.12850144349580897
3,0,3,0.9255431095586868
3,0,3,NaN
3,0,3,NaN
1,2,3,NaN
3,0,3,NaN
2,1,3,0.2506505417905184
2,1,3,0.0640450458600324
2,1,3,NaN
3,0,3,0.1921949779446829
3,0,3,0.8792358180869095
3,0,3,NaN
3,0,3,0.2295771635222944
3,0,3,NaN
3,0,3,NaN
3,0,3,0.6711868417913297
3,0,3,NaN
2,1,3,NaN
3,0,3,0.6291723264168632
3,0,3,0.8460613307452832
2,1,3,NaN
2,1,3,NaN
1,2,3,0.8851851395384643
3,0,3,NaN
3,0,3,0.6711868417913297
2,1,3,0.025134931781909012
3,0,3,NaN
3,0,3,NaN
1,2,3,NaN
1,2,3,NaN
2,1,3,0.9703220335374653
2,1,3,NaN
3,0,3,NaN
3,0,3,NaN
3,0,3,NaN
3,0,3,NaN
3,0,3,0.7435026469914164
3,0,3,0.003990059331566645
3,0,3,0.6291723264168632
2,1,3,NaN
3,0,3,NaN
2,1,3,NaN
2,1,3,NaN
2,1,3,NaN
3,0,3,NaN
2,1,3,NaN
3,0,3,0.5857933458990237
2,1,3,0.912484067245082
3,0,3,NaN
2,1,3,0.912484067245082
3,0,3,0.7435026469914164
3,0,3,NaN
1,2,3,NaN
3,0,3,NaN
3,0,3,NaN
2,1,3,NaN
1,2,3,0.7099946859060099
3,0,3,0.5857933458990237
1,2,3,0.8975048543322908
3,0,3,0.9564517636473293
1,2,3,NaN
3,0,3,NaN
2,1,3,NaN
3,0,3,0.6291723264168632
1,2,3,0.8460613307452832
2,1,3,0.912484067245082
2,1,3,0.8975048543322908
2,1,3,0.285231730350609
2,1,3,NaN
3,0,3,0.8824229336212897
3,0,3,0.0483237164184899
3,0,3,0.4005674250897617
1,2,3,NaN
3,0,3,0.6291723264168632
2,1,3,0.5436724551002615
3,0,3,0.7099946859060099
3,0,3,NaN
2,1,3,NaN
1,2,3,NaN
1,2,3,NaN
3,0,3,0.21596442163885846
2,1,3,NaN
2,1,3,0.2506505417905184
3,0,3,0.08509261982872529
3,0,3,0.35918334633262433
3,0,3,0.21780701902471042
2,1,3,NaN
2,1,3,0.005587801164914353
3,0,3,0.8014889144615878
3,0,3,0.07418117443015879
2,1,3,0.6711868417913297
2,1,3,0.0981462602611937
3,0,3,NaN
1,2,3,NaN
3,0,3,NaN
3,0,3,0.35918334633262433
1,2,3,NaN
3,0,3,NaN
3,0,3,NaN
3,0,3,NaN
2,1,3,NaN
3,0,3,0.49760645166926687
2,1,3,0.06856180085799848
3,0,3,NaN
2,1,3,NaN
1,2,3,NaN
2,1,3,NaN
3,0,3,NaN
2,1,3,0.11837731021914769
3,0,3,NaN
3,0,3,NaN
2,1,3,NaN
3,0,3,0.6600002548389972
2,1,3,NaN
2,1,3,NaN
2,1,3,NaN
3,0,3,0.8083727609490591
1,2,3,NaN
3,0,3,NaN
1,2,3,NaN
3,0,3,0.4005674250897617
1,2,3,0.8255935837441757
1,2,3,0.8824229336212897
3,0,3,0.44866759124185646
1,2,3,0.8650076002264386
2,1,3,NaN
2,1,3,0.11225219921941293
3,0,3,0.6473304861492218
3,0,3,0.239116756104008
2,1,3,NaN
3,0,3,0.9255431095586868
1,2,3,0.912484067245082
2,1,3,0.5857933458990237
3,0,3,NaN
2,1,3,0.9370946320424296
3,0,3,0.5436724551002615
3,0,3,NaN
2,1,3,0.0021648749154831964
3,0,3,NaN
3,0,3,0.8255935837441757
1,2,3,NaN
1,2,3,NaN
1,2,3,NaN
3,0,3,NaN
3,0,3,NaN
3,0,3,0.8255935837441757
3,0,3,0.8460613307452832
2,1,3,0.8975048543322908
3,0,3,0.07398859749715625
2,1,3,0.5436724551002615
3,0,3,NaN
1,2,3,0.2272428437191806
2,1,3,0.3574850963962316
2,1,3,0.638374246906923
1,2,3,0.32204760611626027
3,0,3,0.4005674250897617
3,0,3,NaN
2,1,3,NaN
2,1,3,0.5436724551002615
3,0,3,NaN
3,0,3,0.21780701902471042
3,0,3,0.903021622127843
1,2,3,NaN
3,0,3,NaN
3,0,3,NaN
3,0,3,NaN
2,1,3,NaN
2,1,3,NaN
1,2,3,NaN
2,1,3,0.964109046255293
3,0,3,0.35918334633262433
3,0,3,NaN
3,0,3,0.16892676507977705
2,1,3,NaN
2,1,3,NaN
3,0,3,NaN
2,1,3,NaN
1,2,3,NaN
2,1,3,NaN
3,0,3,0.9481906106540485
3,0,3,0.49760645166926687
3,0,3,0.8537191367727913
1,2,3,NaN
3,0,3,NaN
2,1,3,0.9978058439811702
1,2,3,NaN
3,0,3,NaN
3,0,3,0.00011265162008514269
3,0,3,NaN
2,1,3,NaN
2,1,3,NaN
1,2,3,NaN
1,2,3,0.8824229336212897
2,1,3,NaN
2,1,3,NaN
2,1,3,0.6291723264168632
1,2,3,0.3746835825725934
3,0,3,0.6291723264168632
1,2,3,NaN
2,1,3,0.8650076002264386
2,1,3,0.12850144349580897
3,0,3,NaN
3,0,3,0.05631407900959844
2,1,3,0.6895729062347232
3,0,3,0.285231730350609
2,1,3,0.6711868417913297
3,0,3,0.912484067245082
2,1,3,NaN
3,0,3,NaN
3,0,3,0.9623992879783726
2,1,3,NaN
2,1,3,NaN
2,1,3,NaN
3,0,3,0.6291723264168632
3,0,3,0.2506505417905184
2,1,3,0.12850144349580897
3,0,3,NaN
2,1,3,0.285231730350609
3,0,3,NaN
2,1,3,NaN
3,0,3,NaN
3,0,3,0.6850073248949298
1,2,3,0.912484067245082
3,0,3,NaN
1,2,3,NaN
3,0,3,0.4034646490648176
2,1,3,0.4586857815899473
2,1,3,NaN
2,1,3,0.285231730350609
3,0,3,NaN
2,1,3,NaN
2,1,3,0.2506505417905184
3,0,3,0.8255935837441757
3,0,3,NaN
3,0,3,NaN
2,1,3,0.4458227714473883
3,0,3,NaN
3,0,3,0.5857933458990237
2,1,3,0.912484067245082
3,0,3,0.8255935837441757
3,0,3,NaN
3,0,3,0.2506505417905184
3,0,3,NaN
3,0,3,NaN
1,2,3,NaN
3,0,3,0.9255431095586868
3,0,3,NaN
2,1,3,NaN
3,0,3,NaN
3,0,3,NaN
1,2,3,NaN
2,1,3,NaN
3,0,3,0.9606367465704732
1,2,3,NaN
3,0,3,NaN
1,2,3,NaN
1,2,3,NaN
3,0,3,NaN
2,1,3,NaN
3,0,3,NaN
3,0,3,0.023887454499875376
3,0,3,NaN
3,0,3,0.023887454499875376
3,0,3,NaN
2,1,3,0.6711868417913297
3,0,3,0.9564517636473293
1,2,3,NaN
2,1,3,NaN
3,0,3,NaN
2,1,3,0.7435026469914164
3,0,3,0.8460613307452832
3,0,3,NaN
3,0,3,NaN
2,1,3,0.8975048543322908
3,0,3,NaN
1,2,3,NaN
3,0,3,0.8255935837441757
3,0,3,0.49760645166926687
3,0,3,0.7097098734428137
1,2,3,0.49760645166926687
3,0,3,0.24849341773921732
2,1,3,0.2506505417905184
3,0,3,NaN
3,0,3,0.1099394283113724
3,0,3,NaN
2,1,3,NaN
3,0,3,0.08842904026410998
2,1,3,NaN
1,2,3,0.8460613307452832
1,2,3,0.8650076002264386
1,2,3,NaN
3,0,3,NaN
2,1,3,NaN
3,0,3,0.7085270080957243
3,0,3,NaN
3,0,3,NaN
3,0,3,0.8014889144615878
3,0,3,NaN
2,1,3,0.1921949779446829
3,0,3,0.8650076002264386
1,2,3,0.6711868417913297
3,0,3,0.5857933458990237
3,0,3,0.49760645166926687
1,2,3,NaN
2,1,3,0.7435026469914164
2,1,3,0.7282746553716015
3,0,3,NaN
2,1,3,0.4005674250897617
2,1,3,NaN
2,1,3,0.05631407900959844
2,1,3,0.5857933458990237
3,0,3,NaN
3,0,3,NaN
3,0,3,NaN
3,0,3,NaN
1,2,3,NaN
2,1,3,NaN
1,2,3,NaN
3,0,3,0.6482788176245688
3,0,3,0.6711868417913297
3,0,3,NaN
1,2,3,0.5857933458990237
2,1,3,NaN
2,1,3,NaN
2,1,3,0.8772499943388906
3,0,3,NaN
3,0,3,NaN
1,2,3,0.006531896091517178
1,2,3,NaN
3,0,3,NaN
2,1,3,0.0012284888365846397
2,1,3,0.5436724551002615
1,2,3,NaN
2,1,3,0.35918334633262433
3,0,3,0.285231730350609
3,0,3,NaN
3,0,3,0.1921949779446829
3,0,3,0.8650076002264386
3,0,3,NaN
3,0,3,NaN
3,0,3,0.6711868417913297
2,1,3,NaN
3,0,3,NaN
2,1,3,0.2506505417905184
2,1,3,0.08509261982872529
2,1,3,0.8650076002264386
1,2,3,NaN
3,0,3,0.9370946320424296
3,0,3,NaN
3,0,3,NaN
2,1,3,NaN
3,0,3,0.6711868417913297
2,1,3,NaN
3,0,3,0.6711868417913297
3,0,3,0.48996613194172034
3,0,3,NaN
3,0,3,0.05723418747978489
2,1,3,NaN
3,0,3,0.5857933458990237
2,1,3,0.9255431095586868
1,2,3,0.7199108445769616
1,2,3,0.7742996008795586
3,0,3,0.7435026469914164
1,2,3,0.5857933458990237
3,0,3,0.020724062087912304
2,1,3,0.49760645166926687
1,2,3,0.6291723264168632
3,0,3,NaN
1,2,3,0.6291723264168632
2,1,3,NaN
3,0,3,0.004079717861205951
2,1,3,0.5436724551002615
3,0,3,NaN
2,1,3,0.5436724551002615
1,2,3,0.2506505417905184
3,0,3,0.9370946320424296
3,0,3,NaN
3,0,3,NaN
2,1,3,0.7742996008795586
2,1,3,NaN
3,0,3,NaN
3,0,3,NaN
1,2,3,0.44866759124185646
1,2,3,0.11225219921941293
3,0,3,0.8650076002264386
2,1,3,NaN
1,2,3,0.32204760611626027
1,2,3,0.3079756958839948
3,0,3,NaN
1,2,3,0.49760645166926687
3,0,3,NaN
2,1,3,NaN
3,0,3,0.0981462602611937
2,1,3,0.5436724551002615
3,0,3,0.041655030385332976
3,0,3,NaN
3,0,3,NaN
2,1,3,0.8650076002264386
3,0,3,0.6291723264168632
3,0,3,0.3195716647314779
3,0,3,NaN
3,0,3,0.9481906106540485
3,0,3,NaN
1,2,3,NaN
2,1,3,0.02010889449722215
2,1,3,NaN
3,0,3,NaN
1,2,3,NaN
1,2,3,NaN
2,1,3,0.03184441363446245
2,1,3,0.32204760611626027
3,0,3,NaN
2,1,3,0.028600353510540095
3,0,3,0.14701094102636791
3,0,3,NaN
1,2,3,0.5918082825871049
2,1,3,NaN
1,2,3,NaN
2,1,3,0.4005674250897617
2,1,3,0.7742996008795586
2,1,3,0.8460613307452832
3,0,3,NaN
1,2,3,NaN
3,0,3,0.8906725064970947
1,2,3,0.6291723264168632
3,0,3,0.7568462303324522
3,0,3,0.8650076002264386
3,0,3,NaN
2,1,3,NaN
3,0,3,0.7099946859060099
1,2,3,0.5436724551002615
2,1,3,0.8014889144615878
2,1,3,NaN
2,1,3,0.5436724551002615
3,0,3,NaN
2,1,3,0.38579707931431656
2,1,3,0.8014889144615878
3,0,3,NaN
2,1,3,0.5857933458990237
2,1,3,NaN
1,2,3,0.14701094102636791
3,0,3,0.5436724551002615
3,0,3,NaN
1,2,3,NaN
3,0,3,0.32204760611626027
2,1,3,0.8014889144615878
3,0,3,NaN
2,1,3,0.04865788038130383
3,0,3,NaN
2,1,3,NaN
2,1,3,0.2506505417905184
3,0,3,0.6291723264168632
3,0,3,NaN
1,2,3,0.39896927198345944
1,2,3,0.49760645166926687
2,1,3,NaN
3,0,3,0.8014889144615878
2,1,3,NaN
1,2,3,0.14701094102636791
3,0,3,NaN
3,0,3,NaN
2,1,3,0.06332445319897285
1,2,3,0.8824229336212897
3,0,3,NaN
2,1,3,0.16023214563116805
3,0,3,0.6711868417913297
1,2,3,NaN
3,0,3,0.8014889144615878
3,0,3,NaN
3,0,3,NaN
2,1,3,0.21780701902471042
1,2,3,NaN
3,0,3,0.9101578846703543
2,1,3,NaN
3,0,3,0.285231730350609
1,2,3,NaN
3,0,3,NaN
3,0,3,0.07398859749715625
3,0,3,NaN
3,0,3,0.8460613307452832
3,0,3,0.6291723264168632
2,1,3,0.04865788038130383
2,1,3,NaN
2,1,3,NaN
2,1,3,NaN
1,2,3,0.7435026469914164
3,0,3,0.6291723264168632
3,0,3,0.8650076002264386
3,0,3,NaN
3,0,3,0.9963401800767422
2,1,3,NaN
3,0,3,0.44866759124185646
2,1,3,0.7435026469914164
3,0,3,NaN
3,0,3,0.5436724551002615
3,0,3,0.8255935837441757
2,1,3,0.7435026469914164
2,1,3,0.9370946320424296
2,1,3,NaN
3,0,3,NaN
1,2,3,NaN
3,0,3,0.8824229336212897
3,0,3,0.03699915555555507
1,2,3,NaN
3,0,3,0.32204760611626027
3,0,3,NaN
3,0,3,NaN
3,0,3,0.8460613307452832
3,0,3,0.6291723264168632
3,0,3,0.7099946859060099
2,1,3,NaN
2,1,3,0.35918334633262433
3,0,3,NaN
1,2,3,0.8824229336212897
2,1,3,0.49760645166926687
1,2,3,0.4934267206105555
3,0,3,NaN
1,2,3,0.35918334633262433
3,0,3,0.8650076002264386
2,1,3,NaN
1,2,3,NaN
3,0,3,0.8460613307452832
1,2,3,0.4005674250897617
1,2,3,NaN
2,1,3,0.6291723264168632
1,2,3,NaN
2,1,3,NaN
1,2,3,NaN
2,1,3,NaN
3,0,3,NaN
3,0,3,NaN
3,0,3,NaN
2,1,3,0.16892676507977705
2,1,3,0.7435026469914164
3,0,3,0.9255431095586868
3,0,3,0.7099946859060099
2,1,3,0.21780701902471042
3,0,3,NaN
3,0,3,0.285231730350609
3,0,3,0.04865788038130383
1,2,3,NaN
1,2,3,0.6711868417913297
1,2,3,NaN
1,2,3,NaN
1,2,3,0.9180379805408941
2,1,3,0.7099946859060099
3,0,3,0.35918334633262433
1,2,3,0.32204760611626027
2,1,3,0.21780701902471042
1,2,3,0.9564517636473293
2,1,3,NaN
2,1,3,NaN
2,1,3,0.9255431095586868
2,1,3,NaN
1,2,3,NaN
3,0,3,NaN
2,1,3,0.02766704178145161
3,0,3,NaN
1,2,3,0.4005674250897617
2,1,3,0.21780701902471042
1,2,3,0.22135577082993863
2,1,3,NaN
2,1,3,NaN
1,2,3,0.44866759124185646
2,1,3,0.9764973997616925
1,2,3,0.7676882081689339
3,0,3,NaN
3,0,3,0.8014889144615878
3,0,3,NaN
3,0,3,NaN
3,0,3,NaN
3,0,3,0.8030051953682895
3,0,3,0.0981462602611937
2,1,3,NaN
2,1,3,0.6291723264168632
3,0,3,0.7742996008795586
2,1,3,0.0981462602611937
2,1,3,NaN
2,1,3,NaN
3,0,3,0.44866759124185646
3,0,3,NaN
3,0,3,0.04865788038130383
3,0,3,0.8460613307452832
1,2,3,NaN
3,0,3,0.4005674250897617
2,1,3,NaN
2,1,3,0.639330161635253
3,0,3,0.6711868417913297
3,0,3,NaN
1,2,3,0.11225219921941293
2,1,3,NaN
2,1,3,NaN
2,1,3,0.8014889144615878
3,0,3,0.4435125150761472
1,2,3,0.007837788026609073
1,2,3,NaN
1,2,3,NaN
3,0,3,NaN
1,2,3,0.001558847166317981
2,1,3,NaN
2,1,3,0.7435026469914164
1,2,3,NaN
1,2,3,0.8255935837441757
3,0,3,0.2506505417905184
3,0,3,NaN
3,0,3,NaN
3,0,3,NaN
3,0,3,0.285231730350609
3,0,3,0.4005674250897617
1,2,3,NaN
3,0,3,NaN
2,1,3,0.0640450458600324
3,0,3,0.49760645166926687
3,0,3,NaN
3,0,3,NaN
3,0,3,0.8975048543322908
3,0,3,0.5929840951368425
2,1,3,NaN
2,1,3,0.44866759124185646
1,2,3,0.4689529251075884
3,0,3,0.694824023856844
1,2,3,0.2506505417905184
3,0,3,0.5857933458990237
3,0,3,NaN
2,1,3,0.912484067245082
1,2,3,NaN
3,0,3,0.8382356663774733
2,1,3,0.8014889144615878
1,2,3,0.49760645166926687
2,1,3,0.08509261982872529
1,2,3,NaN
2,1,3,0.35918334633262433
2,1,3,NaN
3,0,3,NaN
3,0,3,0.0001583114956694355
2,1,3,NaN
1,2,3,0.32204760611626027
1,2,3,0.4005674250897617
3,0,3,0.9817557942342455
1,2,3,NaN
2,1,3,0.8975048543322908
1,2,3,NaN
1,2,3,NaN
3,0,3,0.08034919185067237
2,1,3,NaN
1,2,3,0.285231730350609
3,0,3,0.6711868417913297
2,1,3,NaN
1,2,3,NaN
3,0,3,NaN
3,0,3,0.9255431095586868
3,0,3,NaN
3,0,3,0.5436724551002615
2,1,3,NaN
3,0,3,0.3341007453963592
2,1,3,0.9255431095586868
1,2,3,NaN
2,1,3,0.7099946859060099
3,0,3,NaN
3,0,3,0.6291723264168632
2,1,3,0.7742996008795586
2,1,3,0.18046919821245166
3,0,3,0.017885932416267757
3,0,3,0.8650076002264386
3,0,3,NaN
2,1,3,NaN
3,0,3,NaN
1,2,3,NaN
2,1,3,0.35918334633262433
1,2,3,NaN
3,0,3,NaN
2,1,3,NaN
2,1,3,NaN
3,0,3,NaN
2,1,3,NaN
2,1,3,0.0981462602611937
2,1,3,0.9481906106540485
3,0,3,NaN
3,0,3,0.7435026469914164
2,1,3,0.07398859749715625
3,0,3,NaN
3,0,3,0.285231730350609
3,0,3,NaN
3,0,3,0.8865620174453153
2,1,3,NaN
3,0,3,NaN
2,1,3,0.4005674250897617
2,1,3,0.7435026469914164
2,1,3,0.12569005453002252
2,1,3,NaN
2,1,3,0.5979258611535977
2,1,3,NaN
3,0,3,0.9370946320424296
1,2,3,0.35918334633262433
2,1,3,0.6291723264168632
3,0,3,0.6291723264168632
2,1,3,NaN
3,0,3,0.5436724551002615
3,0,3,NaN
2,1,3,0.5857933458990237
2,1,3,0.285231730350609
1,2,3,NaN
1,2,3,NaN
1,2,3,NaN
2,1,3,0.35918334633262433
3,0,3,NaN
2,1,3,NaN
3,0,3,0.8650076002264386
1,2,3,0.8014889144615878
2,1,3,NaN
1,2,3,NaN
1,2,3,0.14701094102636791
3,0,3,0.8339990739474855
3,0,3,NaN
2,1,3,0.1921949779446829
2,1,3,NaN
3,0,3,0.7435026469914164
1,2,3,NaN
2,1,3,NaN
2,1,3,NaN
2,1,3,NaN
3,0,3,NaN
1,2,3,NaN
2,1,3,0.4005674250897617
2,1,3,0.6711868417913297
1,2,3,0.14701094102636791
1,2,3,0.6558343905522988
3,0,3,NaN
2,1,3,0.9284554307389257
1,2,3,0.5857933458990237
2,1,3,NaN
1,2,3,0.7099946859060099
3,0,3,0.49373992019550184
2,1,3,0.8014889144615878
2,1,3,0.9703220335374653
3,0,3,0.8824229336212897
3,0,3,NaN
3,0,3,NaN
3,0,3,NaN
3,0,3,0.912484067245082
1,2,3,NaN
2,1,3,NaN
1,2,3,0.5436724551002615
1,2,3,NaN
2,1,3,NaN
1,2,3,0.35918334633262433
2,1,3,NaN
1,2,3,NaN
2,1,3,0.285231730350609
2,1,3,NaN
3,0,3,0.6711868417913297
3,0,3,NaN
1,2,3,0.7099946859060099
2,1,3,NaN
3,0,3,0.8460613307452832
3,0,3,0.8650076002264386
3,0,3,NaN
2,1,3,NaN
3,0,3,0.7742996008795586
3,0,3,0.8824229336212897
3,0,3,0.4005674250897617
3,0,3,0.12850144349580897
3,0,3,0.6291723264168632
2,1,3,0.5714815171591088
2,1,3,NaN
2,1,3,NaN
2,1,3,0.1921949779446829
1,2,3,NaN
2,1,3,0.40984254341684667
3,0,3,0.12850144349580897
2,1,3,NaN
2,1,3,0.35918334633262433
2,1,3,NaN
3,0,3,NaN
2,1,3,0.285231730350609
2,1,3,0.041655030385332976
1,2,3,0.14701094102636791
1,2,3,0.009189665523477854
3,0,3,0.3810635751901178
2,1,3,NaN
2,1,3,NaN
2,1,3,0.14701094102636791
3,0,3,0.6711868417913297
2,1,3,0.6711868417913297
1,2,3,0.4005674250897617
3,0,3,NaN
3,0,3,NaN
3,0,3,NaN
3,0,3,0.0981462602611937
1,2,3,NaN
2,1,3,0.4689529251075884
2,1,3,0.8014889144615878
2,1,3,0.912484067245082
3,0,3,NaN
1,2,3,NaN
2,1,3,NaN
2,1,3,NaN
2,1,3,NaN
3,0,3,NaN
2,1,3,0.8014889144615878
2,1,3,0.034348289909217386
2,1,3,NaN
1,2,3,NaN
2,1,3,NaN
1,2,3,0.44866759124185646
3,0,3,NaN
2,1,3,NaN
3,0,3,NaN
1,2,3,NaN
2,1,3,NaN
1,2,3,NaN
3,0,3,0.8563912342162112
2,1,3,0.7742996008795586
1,2,3,NaN
3,0,3,NaN
3,0,3,0.08485723991693596
1,2,3,0.44866759124185646
2,1,3,NaN
1,2,3,0.9564517636473293
2,1,3,NaN
3,0,3,NaN
2,1,3,0.8255935837441757
3,0,3,0.2272428437191806
1,2,3,NaN
3,0,3,NaN
1,2,3,0.21780701902471042
3,0,3,NaN
3,0,3,NaN
2,1,3,NaN
3,0,3,NaN
3,0,3,NaN
1,2,3,NaN
1,2,3,0.7435026469914164
2,1,3,0.44866759124185646
3,0,3,NaN
1,2,3,0.44866759124185646
1,2,3,0.7742996008795586
3,0,3,NaN
1,2,3,NaN
3,0,3,0.912484067245082
2,1,3,0.8460613307452832
1,2,3,0.8865620174453153
2,1,3,0.8460613307452832
1,2,3,NaN
3,0,3,0.285231730350609
3,0,3,NaN
3,0,3,0.9564517636473293
1,2,3,NaN
1,2,3,0.35918334633262433
3,0,3,NaN
3,0,3,0.5436724551002615
3,0,3,NaN
2,1,3,0.014504113996459015
3,0,3,0.285231730350609
3,0,3,0.16892676507977705
1,2,3,0.44866759124185646
3,0,3,NaN
2,1,3,NaN
3,0,3,NaN
3,0,3,NaN
1,2,3,NaN
3,0,3,0.5436724551002615
3,0,3,0.9703220335374653
2,1,3,0.14701094102636791
2,1,3,0.7435026469914164
1,2,3,NaN
1,2,3,0.35918334633262433
3,0,3,NaN
3,0,3,0.9564517636473293
3,0,3,0.21780701902471042
3,0,3,0.7435026469914164
3,0,3,NaN
2,1,3,NaN
3,0,3,0.5857933458990237
3,0,3,NaN
2,1,3,0.7653499483128415
2,1,3,NaN
1,2,3,NaN
1,2,3,NaN
2,1,3,0.4005674250897617
2,1,3,NaN
2,1,3,0.9370946320424296
1,2,3,0.8014889144615878
3,0,3,0.6291723264168632
2,1,3,0.5857933458990237
3,0,3,NaN
2,1,3,0.7099946859060099
1,2,3,NaN
2,1,3,NaN
3,0,3,NaN
1,2,3,NaN
2,1,3,NaN
3,0,3,NaN
2,1,3,NaN
2,1,3,NaN
1,2,3,NaN
3,0,3,0.285231730350609
2,1,3,0.5129348874144404
1,2,3,NaN
3,0,3,0.5436724551002615
2,1,3,NaN
1,2,3,NaN
3,0,3,0.08428636587010295
1,2,3,0.49760645166926687
3,0,3,0.32204760611626027
3,0,3,0.9255431095586868
3,0,3,NaN
3,0,3,0.8650076002264386
1,2,3,NaN
3,0,3,NaN
3,0,3,0.21780701902471042
3,0,3,NaN
3,0,3,NaN
2,1,3,0.8975048543322908
3,0,3,0.8255935837441757
2,1,3,0.6711868417913297
1,2,3,NaN
1,2,3,NaN
2,1,3,0.35918334633262433
3,0,3,NaN
2,1,3,NaN
2,1,3,NaN
1,2,3,NaN
3,0,3,NaN
3,0,3,0.6411230269557469
1,2,3,0.8824229336212897
2,1,3,0.05631407900959844
2,1,3,NaN
2,1,3,NaN
3,0,3,NaN
3,0,3,0.35918334633262433
1,2,3,NaN
3,0,3,NaN
2,1,3,0.21780701902471042
1,2,3,NaN
3,0,3,0.0640450458600324
3,0,3,NaN
1,2,3,0.0981462602611937
1,2,3,0.1921949779446829
1,2,3,NaN
3,0,3,NaN
3,0,3,NaN
2,1,3,NaN
3,0,3,NaN
1,2,3,0.49760645166926687
1,2,3,NaN
2,1,3,NaN
2,1,3,NaN
1,2,3,NaN
2,1,3,0.1921949779446829
3,0,3,NaN
2,1,3,0.2506505417905184
3,0,3,0.9370946320424296
3,0,3,NaN
3,0,3,0.49760645166926687
2,1,3,0.04046121427604585
1,2,3,NaN
1,2,3,0.4005674250897617
3,0,3,NaN
3,0,3,0.8014889144615878
2,1,3,0.07398859749715625
3,0,3,NaN
1,2,3,NaN
2,1,3,0.7099946859060099
1,2,3,0.33198567045176247
3,0,3,0.964109046255293
1,2,3,NaN
1,2,3,0.6610825915458799
1,2,3,0.44866759124185646
2,1,3,NaN
1,2,3,0.6711868417913297
3,0,3,0.944652610953895
3,0,3,NaN
2,1,3,NaN
2,1,3,0.35918334633262433
1,2,3,0.8014974692175963
3,0,3,0.49760645166926687
3,0,3,NaN
2,1,3,0.8824229336212897
3,0,3,NaN
3,0,3,0.08509261982872529
3,0,3,0.7099946859060099
1,2,3,0.9251111857035039
2,1,3,0.7742996008795586
2,1,3,NaN
2,1,3,0.14701094102636791
3,0,3,0.639330161635253
3,0,3,NaN
2,1,3,0.0981462602611937
3,0,3,NaN
2,1,3,0.1921949779446829
3,0,3,0.11225219921941293
3,0,3,NaN
3,0,3,0.6291723264168632
3,0,3,0.16892676507977705
1,2,3,0.6291723264168632
3,0,3,0.7872912868645568
2,1,3,NaN
3,0,3,NaN
2,1,3,0.0001583114956694355
3,0,3,NaN
3,0,3,0.8824229336212897
1,2,3,NaN
1,2,3,0.02766704178145161
3,0,3,NaN
3,0,3,NaN
3,0,3,NaN
2,1,3,NaN
2,1,3,NaN
3,0,3,NaN
2,1,3,NaN
1,2,3,NaN
2,1,3,0.8014889144615878
1,2,3,NaN
2,1,3,NaN
3,0,3,NaN
3,0,3,0.2541961411898592
1,2,3,NaN
1,2,3,0.8014889144615878
2,1,3,0.9862691009837826
2,1,3,NaN
3,0,3,0.015390686967911196
2,1,3,0.05631407900959844
2,1,3,NaN
2,1,3,NaN
1,2,3,NaN
3,0,3,NaN
2,1,3,NaN
3,0,3,0.9195420148666239
3,0,3,0.2506505417905184
1,2,3,0.6711868417913297
3,0,3,NaN
2,1,3,0.8014889144615878
1,2,3,0.7112222700502638
1,2,3,0.285231730350609
3,0,3,NaN
2,1,3,NaN
1,2,3,0.0981462602611937
3,0,3,0.6291723264168632
3,0,3,0.6291723264168632
2,1,3,NaN
2,1,3,0.8975048543322908
2,1,3,0.20940303286125617
2,1,3,0.32204760611626027
3,0,3,0.4005674250897617
3,0,3,NaN
2,1,3,0.6302127650254483
3,0,3,0.6711868417913297
1,2,3,NaN
3,0,3,NaN
3,0,3,0.3686338110577726
3,0,3,0.16892676507977705
2,1,3,0.0640450458600324
1,2,3,NaN
1,2,3,0.8460613307452832
1,2,3,0.783470733508749
2,1,3,0.14701094102636791
2,1,3,0.285231730350609
3,0,3,0.7009427131692695
3,0,3,0.020724062087912304
3,0,3,0.8460613307452832
2,1,3,0.07398859749715625
1,2,3,NaN
2,1,3,NaN
2,1,3,NaN
2,1,3,0.060235224195803155
3,0,3,NaN
3,0,3,NaN
1,2,3,NaN
2,1,3,0.5857933458990237
3,0,3,NaN
3,0,3,NaN
2,1,3,NaN
3,0,3,NaN
1,2,3,NaN
3,0,3,0.03699915555555507
3,0,3,NaN
2,1,3,0.6291723264168632
2,1,3,NaN
3,0,3,NaN
3,0,3,0.9370946320424296
1,2,3,NaN
1,2,3,NaN
2,1,3,NaN
3,0,3,NaN
2,1,3,NaN
2,1,3,0.9963401800767422
2,1,3,0.9928169178499623
1,2,3,0.0640450458600324
1,2,3,0.0981462602611937
3,0,3,0.35918334633262433
2,1,3,0.11225219921941293
2,1,3,NaN
1,2,3,NaN
1,2,3,0.009189665523477854
1,2,3,0.22941055514446526
3,0,3,0.9481906106540485
3,0,3,NaN
2,1,3,0.09423325052720068
3,0,3,0.9703220335374653
2,1,3,NaN
3,0,3,NaN
2,1,3,0.14701094102636791
3,0,3,0.9370946320424296
2,1,3,NaN
3,0,3,NaN
2,1,3,NaN
1,2,3,0.4005674250897617
2,1,3,NaN
2,1,3,NaN
1,2,3,0.7742996008795586
1,2,3,0.032485863050130764
1,2,3,NaN
1,2,3,0.49760645166926687
2,1,3,0.7435026469914164
3,0,3,0.5436724551002615
2,1,3,0.6291723264168632
3,0,3,NaN
3,0,3,0.3541370539104541
1,2,3,NaN
3,0,3,0.2506505417905184
3,0,3,NaN
2,1,3,0.23845508500576298
2,1,3,NaN
2,1,3,NaN
1,2,3,0.5436724551002615
2,1,3,0.14701094102636791
3,0,3,0.7435026469914164
2,1,3,NaN
2,1,3,0.07033361282132167
2,1,3,0.5973601378544783
3,0,3,NaN
3,0,3,NaN
3,0,3,NaN
2,1,3,0.4005674250897617
2,1,3,NaN
2,1,3,NaN
2,1,3,NaN
3,0,3,NaN
2,1,3,0.7742996008795586
3,0,3,NaN
1,2,3,0.9251797404507711
1,2,3,0.14701094102636791
3,0,3,0.45333456358429663
3,0,3,0.9564517636473293
2,1,3,0.32204760611626027
3,0,3,NaN
2,1,3,NaN
2,1,3,0.6711868417913297
3,0,3,NaN
3,0,3,NaN
3,0,3,0.041655030385332976
3,0,3,NaN
3,0,3,0.6291723264168632
3,0,3,0.8460613307452832
3,0,3,NaN
3,0,3,0.8014889144615878
3,0,3,NaN
2,1,3,0.05631407900959844
1,2,3,0.4005674250897617
3,0,3,0.49760645166926687
2,1,3,NaN
1,2,3,0.011079163783654944
1,2,3,0.6555895773700705
2,1,3,0.32204760611626027
3,0,3,0.49760645166926687
3,0,3,0.011172931809522797
3,0,3,0.14796312362828254
2,1,3,NaN
3,0,3,0.9370946320424296
2,1,3,0.013067558580171598
3,0,3,0.041655030385332976
3,0,3,0.3803603934698832
1,2,3,0.42561242212413497
1,2,3,NaN
2,1,3,0.022219854363667885
3,0,3,NaN
3,0,3,0.7742996008795586
3,0,3,NaN
3,0,3,0.12850144349580897
3,0,3,NaN
3,0,3,0.7435026469914164
2,1,3,0.03699915555555507
1,2,3,0.5857933458990237
2,1,3,NaN
2,1,3,NaN
3,0,3,0.6743016859175012
3,0,3,NaN
3,0,3,0.08509261982872529
3,0,3,NaN
2,1,3,NaN
3,0,3,0.5857933458990237
3,0,3,NaN
3,0,3,NaN
3,0,3,NaN
2,1,3,NaN
2,1,3,0.8255935837441757
2,1,3,NaN
3,0,3,NaN
1,2,3,0.9564517636473293
3,0,3,NaN
2,1,3,0.44866759124185646
2,1,3,0.07398859749715625
1,2,3,NaN
2,1,3,0.7435026469914164
2,1,3,NaN
2,1,3,NaN
3,0,3,0.041655030385332976
2,1,3,NaN
2,1,3,0.2506505417905184
3,0,3,NaN
2,1,3,0.6711868417913297
3,0,3,0.7742996008795586
3,0,3,NaN
3,0,3,NaN
2,1,3,NaN
2,1,3,NaN
3,0,3,NaN
3,0,3,0.2506505417905184
2,1,3,0.5436724551002615
2,1,3,NaN
1,2,3,0.7099946859060099
3,0,3,0.285231730350609
1,2,3,0.44866759124185646
3,0,3,NaN
3,0,3,NaN
1,2,3,NaN
1,2,3,NaN
1,2,3,0.285231730350609
2,1,3,NaN
2,1,3,NaN
1,2,3,0.38729294735701864
2,1,3,0.35918334633262433
2,1,3,NaN
2,1,3,0.8014889144615878
2,1,3,0.19153638928482689
3,0,3,0.7435026469914164
3,0,3,NaN
3,0,3,0.32204760611626027
3,0,3,NaN
3,0,3,NaN
3,0,3,0.8255935837441757
2,1,3,0.5857933458990237
2,1,3,0.49760645166926687
2,1,3,NaN
2,1,3,NaN
3,0,3,NaN
1,2,3,NaN
3,0,3,0.8650076002264386
3,0,3,NaN
1,2,3,0.0013143271911535742
1,2,3,0.6291723264168632
2,1,3,NaN
3,0,3,NaN
2,1,3,NaN
3,0,3,0.7742996008795586
1,2,3,NaN
1,2,3,0.015856537619947736
3,0,3,NaN
1,2,3,0.07398859749715625
3,0,3,0.285231730350609
3,0,3,0.9370946320424296
3,0,3,0.9370946320424296
2,1,3,0.5436724551002615
1,2,3,0.015390686967911196
3,0,3,0.8733076152259909
3,0,3,NaN
3,0,3,0.21780701902471042
2,1,3,0.49760645166926687
2,1,3,NaN
2,1,3,0.6711868417913297
3,0,3,0.8824229336212897
3,0,3,0.6711868417913297
1,2,3,NaN
3,0,3,NaN
2,1,3,0.023887454499875376
2,1,3,0.3209939771012437
1,2,3,NaN
3,0,3,NaN
3,0,3,NaN
3,0,3,0.16892676507977705
1,2,3,NaN
3,0,3,0.8520306684143035
3,0,3,0.6272762081355364
1,2,3,NaN
3,0,3,0.0644152184936546
3,0,3,NaN
1,2,3,0.5394774112958598
2,1,3,NaN
1,2,3,NaN
3,0,3,NaN
3,0,3,0.32204760611626027
1,2,3,0.9354284670067705
3,0,3,NaN
2,1,3,NaN
2,1,3,0.8381554564030077
1,2,3,NaN
1,2,3,NaN
2,1,3,NaN
2,1,3,NaN
2,1,3,NaN
2,1,3,NaN
3,0,3,NaN
2,1,3,NaN
2,1,3,0.285231730350609
2,1,3,NaN
2,1,3,0.5857933458990237
2,1,3,0.4005674250897617
3,0,3,NaN
3,0,3,0.11225219921941293
3,0,3,0.8824229336212897
3,0,3,0.8255935837441757
3,0,3,0.58905444147304
2,1,3,0.1921949779446829
3,0,3,3.1936697122361926e-5
1,2,3,0.5436724551002615
3,0,3,0.5436724551002615
3,0,3,0.6051807231555205
3,0,3,0.32204760611626027
1,2,3,NaN
1,2,3,0.49760645166926687
3,0,3,0.8483746871608201
2,1,3,0.04865788038130383
2,1,3,NaN
3,0,3,NaN
3,0,3,NaN
1,2,3,0.7099946859060099
1,2,3,NaN
3,0,3,NaN
1,2,3,0.1921949779446829
3,0,3,0.6534364291950939
1,2,3,0.5857933458990237
2,1,3,NaN
3,0,3,NaN
3,0,3,NaN
2,1,3,0.6291723264168632
3,0,3,0.285231730350609
1,2,3,0.9947688305796785
2,1,3,0.041655030385332976
3,0,3,0.5720006536507067
1,2,3,NaN
2,1,3,NaN
3,0,3,0.49760645166926687
3,0,3,0.6711868417913297
2,1,3,0.6291723264168632
2,1,3,NaN
1,2,3,NaN
3,0,3,0.1921949779446829
1,2,3,NaN
3,0,3,NaN
1,2,3,6.345619957672766e-5
2,1,3,0.5436724551002615
1,2,3,0.44866759124185646
1,2,3,0.6711868417913297
1,2,3,0.5857933458990237
3,0,3,NaN
3,0,3,NaN
2,1,3,0.6482788176245688
3,0,3,NaN
1,2,3,0.7742996008795586
2,1,3,0.8255935837441757
2,1,3,0.9481906106540485
3,0,3,NaN
3,0,3,NaN
1,2,3,0.8460613307452832
3,0,3,NaN
2,1,3,0.9564517636473293
3,0,3,NaN
1,2,3,0.7271206995827098
1,2,3,0.12850144349580897
2,1,3,0.21780701902471042
1,2,3,NaN
1,2,3,0.02095167031172717
2,1,3,0.04568803306870847
1,2,3,0.49760645166926687
2,1,3,NaN
2,1,3,NaN
3,0,3,NaN
3,0,3,NaN
1,2,3,NaN
3,0,3,NaN
2,1,3,NaN
2,1,3,0.49760645166926687
3,0,3,0.9481906106540485
3,0,3,0.9481906106540485
3,0,3,0.32204760611626027
3,0,3,NaN
3,0,3,0.9370946320424296
3,0,3,NaN
1,2,3,0.32204760611626027
3,0,3,0.9370946320424296
3,0,3,NaN
2,1,3,NaN
2,1,3,NaN
2,1,3,0.4005674250897617
3,0,3,NaN
1,2,3,NaN
1,2,3,NaN
2,1,3,NaN
2,1,3,NaN
2,1,3,0.8014889144615878
3,0,3,NaN
3,0,3,0.49760645166926687
2,1,3,0.32204760611626027
3,0,3,0.003453179560760991
3,0,3,NaN
3,0,3,0.5436724551002615
2,1,3,0.5857933458990237
3,0,3,0.9963401800767422
3,0,3,0.6812583574611076
2,1,3,NaN
2,1,3,0.02766704178145161
3,0,3,0.8824229336212897
3,0,3,NaN
3,0,3,0.6804017048834924
3,0,3,0.32204760611626027
3,0,3,0.4551387583409872
3,0,3,0.9255431095586868
2,1,3,NaN
2,1,3,NaN
1,2,3,NaN
2,1,3,NaN
2,1,3,NaN
3,0,3,0.12850144349580897
2,1,3,0.4005674250897617
2,1,3,0.11225219921941293
2,1,3,0.6711868417913297
1,2,3,0.04865788038130383
1,2,3,0.912484067245082
3,0,3,NaN
1,2,3,NaN
2,1,3,NaN
3,0,3,NaN
2,1,3,NaN
3,0,3,0.6291723264168632
3,0,3,NaN
1,2,3,0.5857933458990237
3,0,3,NaN
2,1,3,0.0981462602611937
1,2,3,NaN
2,1,3,0.0640450458600324
2,1,3,0.2506505417905184
2,1,3,NaN
2,1,3,NaN
2,1,3,0.9370946320424296
1,2,3,NaN
3,0,3,NaN
2,1,3,0.4005674250897617
3,0,3,0.2506505417905184
2,1,3,0.8014889144615878
3,0,3,0.36725182552433183
3,0,3,NaN
1,2,3,NaN
1,2,3,NaN
1,2,3,NaN
2,1,3,0.6711868417913297
3,0,3,0.14701094102636791
1,2,3,0.6711868417913297
3,0,3,NaN
2,1,3,0.49760645166926687
2,1,3,NaN
1,2,3,0.09845788366090855
2,1,3,NaN
3,0,3,NaN
3,0,3,NaN
3,0,3,NaN
3,0,3,0.0640450458600324
2,1,3,0.8824229336212897
3,0,3,NaN
3,0,3,NaN
3,0,3,NaN
3,0,3,NaN
3,0,3,0.8452178868705156
2,1,3,NaN
3,0,3,0.5436724551002615
2,1,3,NaN
2,1,3,0.6291723264168632
2,1,3,0.0981462602611937
3,0,3,NaN
3,0,3,0.49760645166926687
1,2,3,0.04865788038130383
3,0,3,0.9492805050384766
3,0,3,NaN
3,0,3,NaN
2,1,3,NaN
2,1,3,NaN
1,2,3,0.9862691009837826
3,0,3,0.8014889144615878
2,1,3,0.043178830138042204
3,0,3,NaN
3,0,3,0.8194418506531325
3,0,3,NaN
3,0,3,0.12568417544682164
2,1,3,0.7742996008795586
1,2,3,NaN
3,0,3,0.912484067245082
2,1,3,0.5652485185788918
2,1,3,0.9817557942342455
1,2,3,NaN
2,1,3,NaN
3,0,3,0.21780701902471042
2,1,3,NaN
3,0,3,NaN
3,0,3,NaN
1,2,3,NaN
2,1,3,0.9564517636473293
3,0,3,NaN
3,0,3,0.16892676507977705
3,0,3,NaN
2,1,3,NaN
2,1,3,NaN
2,1,3,NaN
1,2,3,NaN
2,1,3,0.025392547431346845
2,1,3,0.12850144349580897
2,1,3,0.529426467315798
3,0,3,0.8975048543322908
3,0,3,NaN
3,0,3,0.03184441363446245
2,1,3,0.6291723264168632
3,0,3,0.285231730350609
2,1,3,0.12850144349580897
3,0,3,0.17981860886983478
3,0,3,0.8255935837441757
2,1,3,0.1921949779446829
3,0,3,NaN
1,2,3,0.8975048543322908
3,0,3,0.8255935837441757
3,0,3,0.10126767855582246
3,0,3,NaN
1,2,3,0.7736679054452751
2,1,3,0.1921949779446829
3,0,3,NaN
3,0,3,NaN
3,0,3,0.07398859749715625
1,2,3,0.32204760611626027
1,2,3,0.05631407900959844
2,1,3,NaN
3,0,3,NaN
3,0,3,NaN
1,2,3,0.6711868417913297
3,0,3,NaN
2,1,3,0.5857933458990237
3,0,3,NaN
2,1,3,0.10092157625080773
1,2,3,0.6711868417913297
3,0,3,0.6711868417913297
2,1,3,NaN
3,0,3,NaN
1,2,3,NaN
2,1,3,NaN
1,2,3,0.9564517636473293
3,0,3,NaN
3,0,3,0.8014889144615878
3,0,3,NaN
3,0,3,NaN
2,1,3,NaN
1,2,3,NaN
2,1,3,0.07398859749715625
3,0,3,NaN
3,0,3,NaN
3,0,3,0.017579244152669694
2,1,3,NaN
2,1,3,0.8014889144615878
3,0,3,NaN
2,1,3,0.4923544540908015
2,1,3,NaN
1,2,3,NaN
3,0,3,0.017885932416267757
3,0,3,0.6711868417913297
2,1,3,NaN
2,1,3,0.32204760611626027
3,0,3,0.14701094102636791
2,1,3,NaN
2,1,3,0.5436724551002615
3,0,3,0.2532481763282172
3,0,3,NaN
1,2,3,NaN
1,2,3,0.5219006714571315
3,0,3,0.5857933458990237
1,2,3,0.0640450458600324
3,0,3,0.12850144349580897
2,1,3,NaN
2,1,3,NaN
2,1,3,NaN
2,1,3,0.694824023856844
2,1,3,NaN
3,0,3,0.49760645166926687
2,1,3,NaN
2,1,3,NaN
2,1,3,NaN
2,1,3,NaN
2,1,3,NaN
2,1,3,0.912484067245082
3,0,3,0.49760645166926687
2,1,3,NaN
1,2,3,0.8014889144615878
3,0,3,NaN
3,0,3,0.16892676507977705
3,0,3,NaN
2,1,3,0.04865788038130383
2,1,3,0.5857933458990237
2,1,3,NaN
2,1,3,NaN
1,2,3,NaN
3,0,3,0.6711868417913297
1,2,3,0.6711868417913297
3,0,3,NaN
2,1,3,0.9481906106540485
1,2,3,NaN
2,1,3,NaN
2,1,3,0.21780701902471042
3,0,3,0.8271323274610014
2,1,3,0.6272762081355364
3,0,3,NaN
2,1,3,0.7053013988624164
1,2,3,0.06159109885476424
3,0,3,0.8014889144615878
1,2,3,0.9862691009837826
3,0,3,0.6711868417913297
3,0,3,NaN
1,2,3,0.8014889144615878
1,2,3,NaN
2,1,3,NaN
2,1,3,0.7099946859060099
2,1,3,0.912484067245082
2,1,3,0.8255935837441757
3,0,3,NaN
3,0,3,NaN
2,1,3,0.5436724551002615
2,1,3,0.5377943263035424
3,0,3,0.7099946859060099
2,1,3,0.21780701902471042
3,0,3,0.21780701902471042
3,0,3,0.6291723264168632
3,0,3,0.35918334633262433
3,0,3,0.49760645166926687
3,0,3,0.7742996008795586
3,0,3,NaN
2,1,3,0.11225219921941293
3,0,3,NaN
2,1,3,0.7099946859060099
3,0,3,NaN
1,2,3,0.9255431095586868
3,0,3,0.8460613307452832
3,0,3,0.35918334633262433
2,1,3,NaN
2,1,3,0.49760645166926687
2,1,3,0.06691677702852893
3,0,3,NaN
2,1,3,NaN
2,1,3,NaN
3,0,3,0.4005674250897617
3,0,3,NaN
1,2,3,NaN
3,0,3,NaN
1,2,3,NaN
2,1,3,NaN
3,0,3,0.44866759124185646
3,0,3,0.02766704178145161
2,1,3,0.5438037664793208
2,1,3,NaN
3,0,3,NaN
2,1,3,NaN
3,0,3,NaN
3,0,3,0.5049975271339887
2,1,3,0.011172931809522797
3,0,3,0.5857933458990237
3,0,3,NaN
1,2,3,0.912484067245082
1,2,3,0.9481906106540485
1,2,3,0.5857933458990237
2,1,3,0.8650076002264386
1,2,3,NaN
3,0,3,NaN
1,2,3,0.5294900298662921
2,1,3,0.7099946859060099
3,0,3,0.8975048543322908
1,2,3,0.03699915555555507
3,0,3,0.9764973997616925
2,1,3,NaN
1,2,3,NaN
2,1,3,NaN
1,2,3,0.8460613307452832
1,2,3,0.5436724551002615
2,1,3,NaN
3,0,3,NaN
2,1,3,NaN
2,1,3,NaN
3,0,3,0.08509261982872529
3,0,3,0.9764973997616925
3,0,3,0.21780701902471042
1,2,3,NaN
2,1,3,NaN
2,1,3,NaN
3,0,3,NaN
1,2,3,NaN
3,0,3,NaN
3,0,3,NaN
1,2,3,NaN
1,2,3,0.7099946859060099
1,2,3,NaN
1,2,3,0.7742996008795586
3,0,3,NaN
3,0,3,NaN
2,1,3,NaN
3,0,3,0.14701094102636791
3,0,3,0.8768815399172839
3,0,3,0.12850144349580897
3,0,3,NaN
3,0,3,0.21780701902471042
3,0,3,NaN
1,2,3,NaN
3,0,3,0.9962537333246465
2,1,3,NaN
3,0,3,NaN
3,0,3,0.3356886902054838
2,1,3,NaN
1,2,3,NaN
3,0,3,0.7742996008795586
2,1,3,NaN
3,0,3,NaN
2,1,3,NaN
3,0,3,0.4005674250897617
3,0,3,0.9255431095586868
1,2,3,NaN
2,1,3,0.020724062087912304
2,1,3,NaN
3,0,3,NaN
3,0,3,0.8014889144615878
3,0,3,0.02697946043276576
3,0,3,NaN
1,2,3,0.8975048543322908
3,0,3,0.8650076002264386
3,0,3,NaN
2,1,3,0.0640450458600324
2,1,3,NaN
2,1,3,NaN
2,1,3,NaN
3,0,3,0.8650076002264386
2,1,3,0.0981462602611937
1,2,3,0.6711868417913297
2,1,3,0.8824229336212897
1,2,3,NaN
3,0,3,NaN
1,2,3,0.9703220335374653
3,0,3,0.12850144349580897
2,1,3,NaN
3,0,3,NaN
2,1,3,0.17066961214815907
1,2,3,0.03219129735432314
2,1,3,NaN
2,1,3,0.32204760611626027
2,1,3,NaN
1,2,3,NaN
1,2,3,0.8255935837441757
3,0,3,0.4036543781249234
2,1,3,0.12850144349580897
2,1,3,NaN
2,1,3,0.938486982430588
3,0,3,0.4005674250897617
1,2,3,0.4005674250897617
1,2,3,0.8255935837441757
3,0,3,NaN
1,2,3,0.44866759124185646
3,0,3,0.04865788038130383
2,1,3,NaN
2,1,3,NaN
2,1,3,0.1416606806179228
3,0,3,0.8255935837441757
1,2,3,NaN
2,1,3,NaN
3,0,3,0.041655030385332976
2,1,3,NaN
1,2,3,NaN
3,0,3,NaN
3,0,3,0.8975048543322908
2,1,3,0.5857933458990237
2,1,3,0.019294783582502077
3,0,3,NaN
1,2,3,NaN
2,1,3,0.964109046255293
3,0,3,0.023887454499875376
1,2,3,0.4954542065226102
1,2,3,0.12850144349580897
2,1,3,0.7435026469914164
1,2,3,NaN
3,0,3,NaN
3,0,3,0.14701094102636791
2,1,3,0.912484067245082
2,1,3,NaN
2,1,3,NaN
3,0,3,0.49760645166926687
1,2,3,0.9764973997616925
3,0,3,0.004079717861205951
3,0,3,NaN
3,0,3,0.5857933458990237
3,0,3,NaN
3,0,3,0.7435026469914164
1,2,3,0.8014889144615878
3,0,3,NaN
1,2,3,0.014820260770363448
1,2,3,0.2295771635222944
2,1,3,0.558722275268607
1,2,3,0.35918334633262433
3,0,3,0.00036334791106822783
3,0,3,0.44866759124185646
2,1,3,0.07398859749715625
3,0,3,NaN
1,2,3,NaN
2,1,3,NaN
1,2,3,0.4005674250897617
3,0,3,0.08509261982872529
3,0,3,0.988717423098244
3,0,3,0.49760645166926687
3,0,3,NaN
2,1,3,0.8563912342162112
3,0,3,NaN
3,0,3,NaN
3,0,3,NaN
1,2,3,NaN
1,2,3,0.0002515612475965025
3,0,3,0.964109046255293
3,0,3,0.285231730350609
3,0,3,0.12850144349580897
2,1,3,NaN
3,0,3,NaN
3,0,3,NaN
2,1,3,NaN
2,1,3,0.8650076002264386
1,2,3,NaN
3,0,3,0.912484067245082
1,2,3,0.2506505417905184
1,2,3,0.8014889144615878
2,1,3,0.35918334633262433
2,1,3,NaN
3,0,3,0.16094265203934896
3,0,3,NaN
3,0,3,NaN
1,2,3,NaN
2,1,3,0.16094265203934896
3,0,3,NaN
2,1,3,NaN
3,0,3,NaN
3,0,3,NaN
2,1,3,0.9370946320424296
3,0,3,0.8650076002264386
1,2,3,0.04152780965440346
1,2,3,0.9370946320424296
3,0,3,0.0981462602611937
2,1,3,0.08509261982872529
2,1,3,NaN
2,1,3,NaN
2,1,3,NaN
2,1,3,NaN
3,0,3,NaN
3,0,3,NaN
3,0,3,0.8255935837441757
3,0,3,NaN
3,0,3,0.8975048543322908
3,0,3,NaN
3,0,3,NaN
1,2,3,0.12850144349580897
2,1,3,NaN
3,0,3,0.8832571014145125
3,0,3,0.21780701902471042
3,0,3,0.0981462602611937
2,1,3,NaN
3,0,3,0.6711868417913297
1,2,3,NaN
2,1,3,0.2506505417905184
1,2,3,NaN
2,1,3,NaN
2,1,3,NaN
1,2,3,0.001357893890610946
1,2,3,0.14701094102636791
1,2,3,NaN
3,0,3,NaN
1,2,3,NaN
3,0,3,NaN
3,0,3,NaN
3,0,3,NaN
1,2,3,0.7099946859060099
3,0,3,0.6291723264168632
2,1,3,0.023887454499875376
1,2,3,0.9255431095586868
3,0,3,NaN
2,1,3,NaN
3,0,3,0.49760645166926687
3,0,3,0.26637517600804295
1,2,3,0.11225219921941293
3,0,3,0.9862691009837826
3,0,3,NaN
3,0,3,NaN
2,1,3,NaN
3,0,3,0.8312920881679056
3,0,3,0.5857933458990237
3,0,3,0.8255935837441757
3,0,3,0.9564517636473293
2,1,3,NaN
3,0,3,NaN
3,0,3,NaN
1,2,3,NaN
3,0,3,NaN
1,2,3,0.8014889144615878
2,1,3,NaN
3,0,3,NaN
2,1,3,0.9928169178499623
2,1,3,0.023591765583976503
2,1,3,NaN
2,1,3,0.12850144349580897
2,1,3,0.6291723264168632
2,1,3,NaN
2,1,3,NaN
2,1,3,NaN
1,2,3,0.7099946859060099
2,1,3,NaN
2,1,3,NaN
1,2,3,0.6711868417913297
3,0,3,NaN
1,2,3,NaN
2,1,3,NaN
3,0,3,NaN
2,1,3,NaN
2,1,3,0.4005674250897617
3,0,3,0.2867076032737951
3,0,3,NaN
3,0,3,NaN
1,2,3,NaN
2,1,3,0.7759806386975252
3,0,3,NaN
3,0,3,NaN
1,2,3,0.7435026469914164
3,0,3,0.08509261982872529
1,2,3,NaN
3,0,3,0.9928169178499623
3,0,3,NaN
2,1,3,NaN
3,0,3,NaN
1,2,3,NaN
1,2,3,NaN
2,1,3,NaN
1,2,3,0.07398859749715625
2,1,3,0.8014889144615878
3,0,3,0.968480787369908
3,0,3,0.8975048543322908
3,0,3,0.6711868417913297
1,2,3,NaN
2,1,3,0.2295771635222944
2,1,3,0.8824229336212897
2,1,3,0.6279316957394587
2,1,3,NaN
1,2,3,0.7435026469914164
2,1,3,0.44866759124185646
2,1,3,NaN
2,1,3,0.8014889144615878
3,0,3,0.7099946859060099
3,0,3,NaN
2,1,3,0.5857933458990237
2,1,3,NaN
3,0,3,0.285231730350609
3,0,3,0.3149742872603093
3,0,3,0.8650076002264386
3,0,3,0.0011402535433743008
3,0,3,NaN
3,0,3,NaN
3,0,3,NaN
2,1,3,0.35918334633262433
3,0,3,0.7742996008795586
3,0,3,0.9899262932434983
2,1,3,0.4036543781249234
3,0,3,NaN
2,1,3,NaN
3,0,3,0.7435026469914164
2,1,3,NaN
2,1,3,0.4005674250897617
3,0,3,NaN
1,2,3,0.04865788038130383
2,1,3,0.32204760611626027
1,2,3,0.2506505417905184
3,0,3,0.21780701902471042
3,0,3,NaN
2,1,3,NaN
1,2,3,0.16892676507977705
3,0,3,0.8650076002264386
2,1,3,NaN
3,0,3,0.7383920438154589
3,0,3,0.0640450458600324
1,2,3,0.5857933458990237
3,0,3,0.49760645166926687
2,1,3,NaN
3,0,3,NaN
3,0,3,NaN
3,0,3,0.5436724551002615
1,2,3,0.023887454499875376
3,0,3,NaN
2,1,3,NaN
3,0,3,NaN
1,2,3,0.05631407900959844
3,0,3,NaN
3,0,3,0.4005674250897617
3,0,3,NaN
1,2,3,NaN
2,1,3,NaN
1,2,3,NaN
3,0,3,0.5857933458990237
1,2,3,NaN
1,2,3,0.7435026469914164
1,2,3,0.8890914314183931
3,0,3,0.21780701902471042
2,1,3,0.0006305031087354719
1,2,3,0.7402532638772628
1,2,3,NaN
3,0,3,NaN
3,0,3,0.7435026469914164
1,2,3,NaN
3,0,3,NaN
3,0,3,NaN
2,1,3,NaN
2,1,3,0.9564517636473293
3,0,3,0.7742996008795586
2,1,3,0.6291723264168632
1,2,3,0.08509261982872529
2,1,3,0.8014889144615878
3,0,3,NaN
3,0,3,0.5436724551002615
1,2,3,0.32204760611626027
3,0,3,0.8255935837441757
3,0,3,0.6711868417913297
2,1,3,NaN
1,2,3,0.7099946859060099
2,1,3,0.912484067245082
3,0,3,NaN
3,0,3,NaN
1,2,3,NaN
3,0,3,NaN
2,1,3,0.44866759124185646
3,0,3,NaN
2,1,3,0.5857933458990237
3,0,3,0.32204760611626027
2,1,3,NaN
2,1,3,NaN
2,1,3,NaN
3,0,3,NaN
3,0,3,NaN
1,2,3,NaN
1,2,3,NaN
3,0,3,0.12850144349580897
2,1,3,NaN
1,2,3,NaN
2,1,3,0.06982178491411606
3,0,3,0.8483746871608201
1,2,3,NaN
1,2,3,NaN
2,1,3,0.35918334633262433
3,0,3,0.14701094102636791
3,0,3,NaN
3,0,3,0.6711868417913297
3,0,3,0.8014889144615878
2,1,3,0.8824229336212897
2,1,3,0.9710396070627454
1,2,3,0.05631407900959844
2,1,3,NaN
2,1,3,NaN
2,1,3,0.35918334633262433
2,1,3,0.9741588468003958
3,0,3,0.11225219921941293
3,0,3,NaN
2,1,3,0.35918334633262433
2,1,3,0.8255935837441757
3,0,3,0.038555308422244194
3,0,3,NaN
3,0,3,0.4005674250897617
3,0,3,NaN
3,0,3,NaN
2,1,3,0.5929840951368425
2,1,3,NaN
2,1,3,NaN
2,1,3,NaN
2,1,3,NaN
3,0,3,0.989117653166157
3,0,3,NaN
3,0,3,NaN
3,0,3,NaN
3,0,3,0.8014889144615878
3,0,3,NaN
2,1,3,0.35918334633262433
2,1,3,NaN
3,0,3,0.5436724551002615
1,2,3,0.7099946859060099
1,2,3,NaN
2,1,3,0.4005674250897617
1,2,3,NaN
2,1,3,0.5436724551002615
1,2,3,0.4005674250897617
3,0,3,NaN
3,0,3,0.7742996008795586
2,1,3,0.8014889144615878
3,0,3,0.6291723264168632
2,1,3,NaN
3,0,3,NaN
1,2,3,NaN
3,0,3,0.44866759124185646
2,1,3,0.07398859749715625
2,1,3,0.7742996008795586
2,1,3,NaN
3,0,3,0.04853695198236578
2,1,3,0.03184441363446245
3,0,3,NaN
3,0,3,NaN
3,0,3,0.7435026469914164
3,0,3,NaN
1,2,3,NaN
2,1,3,NaN
1,2,3,NaN
2,1,3,NaN
1,2,3,0.703189615672816
2,1,3,0.14701094102636791
3,0,3,NaN
2,1,3,NaN
3,0,3,0.0981462602611937
2,1,3,NaN
1,2,3,0.6711868417913297
2,1,3,0.14701094102636791
3,0,3,0.9420950777069154
2,1,3,0.7099946859060099
2,1,3,NaN
3,0,3,NaN
3,0,3,NaN
1,2,3,NaN
1,2,3,NaN
3,0,3,NaN
1,2,3,0.02766704178145161
1,2,3,0.7099946859060099
1,2,3,NaN
2,1,3,0.2925302080168306
3,0,3,0.2506505417905184
1,2,3,NaN
1,2,3,NaN
1,2,3,NaN
1,2,3,NaN
1,2,3,0.5436724551002615
3,0,3,NaN
3,0,3,0.44866759124185646
3,0,3,0.21780701902471042
1,2,3,0.016939583613135654
2,1,3,NaN
3,0,3,NaN
3,0,3,0.35918334633262433
2,1,3,NaN
2,1,3,NaN
2,1,3,NaN
2,1,3,0.01684214170507637
3,0,3,0.7435026469914164
3,0,3,0.08509261982872529
1,2,3,NaN
1,2,3,0.912484067245082
1,2,3,NaN
3,0,3,NaN
1,2,3,0.8255935837441757
2,1,3,0.12850144349580897
1,2,3,0.8460613307452832
2,1,3,0.9938728090574643
2,1,3,0.7435026469914164
1,2,3,NaN
1,2,3,NaN
1,2,3,0.285231730350609
2,1,3,0.21780701902471042
1,2,3,0.44866759124185646
3,0,3,NaN
2,1,3,NaN
1,2,3,0.8460613307452832
3,0,3,NaN
3,0,3,0.4005674250897617
2,1,3,0.49760645166926687
2,1,3,0.8014889144615878
1,2,3,0.6711868417913297
3,0,3,NaN
3,0,3,NaN
3,0,3,NaN
2,1,3,NaN
1,2,3,NaN
2,1,3,0.912484067245082
3,0,3,NaN
2,1,3,NaN
3,0,3,0.35918334633262433
1,2,3,0.9051789447617412
2,1,3,NaN
2,1,3,0.9564517636473293
1,2,3,NaN
2,1,3,0.11225219921941293
3,0,3,NaN
2,1,3,NaN
2,1,3,0.12850144349580897
1,2,3,0.9914687078681894
2,1,3,0.6711868417913297
2,1,3,NaN
3,0,3,NaN
3,0,3,NaN
2,1,3,0.05631407900959844
2,1,3,NaN
1,2,3,NaN
1,2,3,0.6291723264168632
2,1,3,0.8650076002264386
1,2,3,0.35918334633262433
2,1,3,NaN
2,1,3,0.015390686967911196
3,0,3,0.9928169178499623
1,2,3,NaN
3,0,3,0.8255935837441757
2,1,3,0.4005674250897617
2,1,3,0.07398859749715625
1,2,3,NaN
3,0,3,0.1574310533108456
3,0,3,NaN
1,2,3,NaN
3,0,3,NaN
1,2,3,0.44866759124185646
2,1,3,NaN
3,0,3,0.9370946320424296
1,2,3,NaN
3,0,3,NaN
2,1,3,NaN
2,1,3,NaN
3,0,3,0.9703220335374653
2,1,3,0.07398859749715625
3,0,3,0.006531896091517178
3,0,3,NaN
2,1,3,0.7742996008795586
3,0,3,0.5373906453354411
3,0,3,0.8824229336212897
3,0,3,NaN
2,1,3,0.006531896091517178
1,2,3,0.2506505417905184
2,1,3,0.44866759124185646
3,0,3,NaN
2,1,3,NaN
2,1,3,0.49760645166926687
2,1,3,NaN
1,2,3,NaN
3,0,3,0.8824229336212897
3,0,3,NaN
2,1,3,0.1400389073288337
3,0,3,NaN
1,2,3,0.0055045139800491095
3,0,3,NaN
1,2,3,0.7742996008795586
3,0,3,0.03699915555555507
3,0,3,NaN
2,1,3,0.40081446038482665
3,0,3,0.9255431095586868
3,0,3,NaN
2,1,3,0.7099946859060099
1,2,3,NaN
2,1,3,0.8824229336212897
3,0,3,NaN
3,0,3,NaN
3,0,3,NaN
1,2,3,0.32204760611626027
1,2,3,0.8460613307452832
1,2,3,0.16892676507977705
1,2,3,0.2506505417905184
2,1,3,NaN
2,1,3,0.12850144349580897
3,0,3,NaN
3,0,3,NaN
1,2,3,0.7435026469914164
2,1,3,NaN
3,0,3,0.8255935837441757
1,2,3,0.9751958982905984
1,2,3,NaN
1,2,3,0.34218663792487075
3,0,3,NaN
3,0,3,NaN
2,1,3,0.5389559291536357
1,2,3,NaN
1,2,3,0.0004973747572820508
2,1,3,0.11225219921941293
1,2,3,NaN
2,1,3,NaN
3,0,3,NaN
1,2,3,0.7099946859060099
2,1,3,NaN
3,0,3,NaN
2,1,3,NaN
2,1,3,0.8824229336212897
2,1,3,0.8460613307452832
3,0,3,0.16892676507977705
3,0,3,0.05631407900959844
3,0,3,0.9925669081509063
2,1,3,NaN
1,2,3,NaN
3,0,3,NaN
3,0,3,NaN
2,1,3,0.964109046255293
2,1,3,0.9703220335374653
1,2,3,0.0089961256965194
2,1,3,0.38440591632140975
2,1,3,0.9762166996146416
3,0,3,NaN
3,0,3,NaN
2,1,3,NaN
2,1,3,0.593244806431962
1,2,3,NaN
2,1,3,0.49760645166926687
1,2,3,0.03699915555555507
2,1,3,NaN
3,0,3,NaN
2,1,3,0.12850144349580897
2,1,3,0.5741000397391358
1,2,3,NaN
2,1,3,NaN
2,1,3,NaN
2,1,3,NaN
2,1,3,NaN
3,0,3,NaN
2,1,3,NaN
1,2,3,NaN
3,0,3,NaN
2,1,3,NaN
2,1,3,0.6291723264168632
3,0,3,0.8528043839953211
1,2,3,NaN
2,1,3,0.007831437166921668
2,1,3,NaN
1,2,3,0.964109046255293
3,0,3,0.2506505417905184
1,2,3,0.3149742872603093
2,1,3,0.239116756104008
3,0,3,0.08509261982872529
3,0,3,0.14701094102636791
1,2,3,0.12850144349580897
2,1,3,NaN
3,0,3,NaN
2,1,3,0.6711868417913297
1,2,3,NaN
3,0,3,0.5436724551002615
1,2,3,NaN
2,1,3,NaN
3,0,3,NaN
2,1,3,NaN
2,1,3,NaN
1,2,3,NaN
2,1,3,0.6711868417913297
1,2,3,0.6291723264168632
3,0,3,0.6711868417913297
1,2,3,NaN
2,1,3,NaN
3,0,3,0.05631407900959844
3,0,3,NaN
1,2,3,NaN
2,1,3,0.9370946320424296
3,0,3,0.5436724551002615
2,1,3,NaN
3,0,3,0.7435026469914164
3,0,3,0.8460613307452832
1,2,3,0.8460613307452832
2,1,3,NaN
2,1,3,NaN
2,1,3,NaN
3,0,3,NaN
1,2,3,0.44866759124185646
1,2,3,NaN
2,1,3,NaN
1,2,3,NaN
1,2,3,NaN
2,1,3,NaN
1,2,3,NaN
2,1,3,NaN
3,0,3,NaN
3,0,3,NaN
1,2,3,0.7099946859060099
2,1,3,NaN
3,0,3,0.8460613307452832
3,0,3,0.7742996008795586
1,2,3,NaN
1,2,3,0.44866759124185646
1,2,3,0.9255431095586868
3,0,3,0.7099946859060099
3,0,3,NaN
3,0,3,NaN
1,2,3,0.32204760611626027
2,1,3,NaN
2,1,3,NaN
3,0,3,0.7742996008795586
1,2,3,NaN
2,1,3,0.49760645166926687
1,2,3,NaN
1,2,3,NaN
3,0,3,0.5857933458990237
2,1,3,0.8014889144615878
2,1,3,NaN
3,0,3,0.9623992879783726
3,0,3,NaN
1,2,3,0.0640450458600324
3,0,3,NaN
2,1,3,0.285231730350609
1,2,3,NaN
3,0,3,0.6291723264168632
2,1,3,NaN
2,1,3,0.08509261982872529
3,0,3,NaN
1,2,3,NaN
3,0,3,NaN
3,0,3,0.868973911614176
3,0,3,NaN
3,0,3,0.285231730350609
3,0,3,0.017885932416267757
3,0,3,NaN
3,0,3,NaN
1,2,3,0.2506505417905184
3,0,3,0.5857933458990237
2,1,3,NaN
3,0,3,NaN
2,1,3,NaN
2,1,3,NaN
3,0,3,NaN
3,0,3,NaN
1,2,3,NaN
3,0,3,NaN
2,1,3,NaN
3,0,3,0.285231730350609
3,0,3,NaN
3,0,3,NaN
3,0,3,NaN
2,1,3,NaN
3,0,3,NaN
1,2,3,NaN
3,0,3,0.7099946859060099
2,1,3,0.1573439836296555
3,0,3,0.14701094102636791
3,0,3,NaN
3,0,3,0.4005674250897617
1,2,3,0.49760645166926687
3,0,3,NaN
2,1,3,0.5394774112958598
2,1,3,0.8460613307452832
3,0,3,NaN
1,2,3,0.35918334633262433
2,1,3,0.6291723264168632
3,0,3,0.00046437163808501705
1,2,3,0.32204760611626027
2,1,3,0.8255935837441757
3,0,3,0.7742996008795586
3,0,3,0.020724062087912304
2,1,3,NaN
1,2,3,0.8269738332287646
1,2,3,0.9481906106540485
1,2,3,0.12850144349580897
1,2,3,NaN
3,0,3,0.16892676507977705
2,1,3,NaN
2,1,3,NaN
3,0,3,NaN
3,0,3,0.8756186241425067
3,0,3,NaN
3,0,3,NaN
2,1,3,0.2506505417905184
3,0,3,NaN
3,0,3,NaN
3,0,3,NaN
3,0,3,NaN
3,0,3,0.5857933458990237
1,2,3,NaN
1,2,3,0.8650076002264386
1,2,3,NaN
3,0,3,0.05631407900959844
2,1,3,0.5436724551002615
2,1,3,NaN
2,1,3,NaN
1,2,3,0.11225219921941293
3,0,3,0.49760645166926687
2,1,3,0.07398859749715625
3,0,3,NaN
3,0,3,0.6051807231555205
3,0,3,0.12850144349580897
3,0,3,0.012283296068518582
2,1,3,0.35918334633262433
3,0,3,NaN
3,0,3,NaN
2,1,3,0.11225219921941293
2,1,3,NaN
3,0,3,0.12850144349580897
3,0,3,0.49760645166926687
1,2,3,NaN
1,2,3,0.07997672484064655
2,1,3,0.7435026469914164
2,1,3,NaN
3,0,3,0.7736679054452751
3,0,3,NaN
2,1,3,0.03184441363446245
2,1,3,0.4005674250897617
3,0,3,0.4005674250897617
1,2,3,0.6711868417913297
2,1,3,0.8014889144615878
2,1,3,0.1921949779446829
2,1,3,NaN
3,0,3,NaN
2,1,3,0.7865106058188269
3,0,3,0.9370946320424296
1,2,3,NaN
2,1,3,0.285231730350609
1,2,3,0.7435026469914164
3,0,3,NaN
1,2,3,NaN
1,2,3,0.343879838105955
1,2,3,0.2506505417905184
3,0,3,0.6291723264168632
1,2,3,0.8650076002264386
3,0,3,NaN
2,1,3,0.38342249393726274
3,0,3,NaN
3,0,3,NaN
1,2,3,0.8460613307452832
3,0,3,NaN
3,0,3,NaN
2,1,3,0.8824229336212897
3,0,3,NaN
1,2,3,0.7743618270398627
2,1,3,0.9890688173768305
2,1,3,NaN
1,2,3,NaN
3,0,3,0.8650076002264386
1,2,3,0.0009455690847988058
3,0,3,NaN
2,1,3,0.9255431095586868
2,1,3,0.041655030385332976
3,0,3,NaN
2,1,3,NaN
1,2,3,NaN
2,1,3,0.7099946859060099
1,2,3,0.44866759124185646
2,1,3,NaN
3,0,3,NaN
2,1,3,0.14701094102636791
2,1,3,0.6681086794399329
1,2,3,0.041655030385332976
3,0,3,NaN
2,1,3,NaN
1,2,3,NaN
2,1,3,NaN
1,2,3,NaN
3,0,3,0.49760645166926687
3,0,3,NaN
3,0,3,0.7099946859060099
3,0,3,0.644605015181735
2,1,3,0.6291723264168632
2,1,3,NaN
2,1,3,NaN
3,0,3,0.5436724551002615
3,0,3,0.285231730350609
2,1,3,0.21780701902471042
2,1,3,0.05438031540034069
3,0,3,NaN
2,1,3,0.35918334633262433
2,1,3,NaN
1,2,3,0.4005674250897617
1,2,3,0.6291723264168632
2,1,3,NaN
3,0,3,NaN
3,0,3,NaN
2,1,3,0.16892676507977705
3,0,3,NaN
2,1,3,NaN
3,0,3,0.8975048543322908
1,2,3,NaN
2,1,3,NaN
3,0,3,NaN
3,0,3,0.7610078746086668
1,2,3,NaN
3,0,3,NaN
2,1,3,0.07398859749715625
2,1,3,0.7742996008795586
3,0,3,NaN
3,0,3,0.05631407900959844
3,0,3,NaN
1,2,3,0.2541782990189509
3,0,3,0.7742996008795586
2,1,3,NaN
2,1,3,0.35918334633262433
3,0,3,NaN
3,0,3,NaN
3,0,3,0.08323736529140574
2,1,3,NaN
3,0,3,0.7435026469914164
3,0,3,0.04865788038130383
1,2,3,0.8650076002264386
1,2,3,NaN
2,1,3,NaN
1,2,3,NaN
3,0,3,0.013135794871795524
2,1,3,0.3888032111234337
1,2,3,NaN
3,0,3,0.21596442163885846
3,0,3,0.8014889144615878
2,1,3,0.04865788038130383
3,0,3,0.9370946320424296
2,1,3,NaN
2,1,3,0.21780701902471042
2,1,3,0.14701094102636791
1,2,3,0.8650076002264386
1,2,3,NaN
2,1,3,NaN
2,1,3,NaN
2,1,3,NaN
2,1,3,NaN
3,0,3,0.1921949779446829
1,2,3,0.5857933458990237
3,0,3,NaN
2,1,3,NaN
1,2,3,NaN
2,1,3,NaN
2,1,3,0.35918334633262433
2,1,3,0.05631407900959844
2,1,3,0.35918334633262433
3,0,3,0.4005674250897617
3,0,3,0.9489486199401703
3,0,3,NaN
3,0,3,NaN
2,1,3,0.8650076002264386
3,0,3,NaN
1,2,3,0.2506505417905184
3,0,3,0.1921949779446829
2,1,3,NaN
2,1,3,0.32204760611626027
2,1,3,0.912484067245082
1,2,3,0.8255935837441757
2,1,3,NaN
2,1,3,NaN
3,0,3,NaN
2,1,3,NaN
2,1,3,NaN
1,2,3,0.08509261982872529
3,0,3,NaN
3,0,3,0.6291723264168632
3,0,3,0.6280672087896505
3,0,3,NaN
3,0,3,0.4005674250897617
2,1,3,0.44866759124185646
1,2,3,0.32204760611626027
1,2,3,0.07398859749715625
2,1,3,NaN
3,0,3,NaN
1,2,3,0.4005674250897617
3,0,3,NaN
2,1,3,NaN
3,0,3,NaN
2,1,3,0.285231730350609
1,2,3,NaN
1,2,3,0.2506505417905184
1,2,3,NaN
3,0,3,0.44866759124185646
1,2,3,0.6035415650088962
3,0,3,0.9761546527654524
2,1,3,NaN
3,0,3,NaN
1,2,3,0.1921949779446829
3,0,3,NaN
1,2,3,0.9994542234755575
2,1,3,NaN
3,0,3,0.728976140204148
1,2,3,0.7742996008795586
3,0,3,0.21780701902471042
3,0,3,NaN
2,1,3,NaN
1,2,3,NaN
3,0,3,NaN
1,2,3,0.5857933458990237
3,0,3,NaN
2,1,3,0.04865788038130383
3,0,3,0.8824229336212897
1,2,3,0.12850144349580897
1,2,3,NaN
2,1,3,0.013135794871795524
3,0,3,NaN
2,1,3,0.03699915555555507
1,2,3,NaN
2,1,3,NaN
3,0,3,NaN
3,0,3,NaN
1,2,3,NaN
1,2,3,0.5600037470599741
2,1,3,NaN
2,1,3,0.9703220335374653
2,1,3,NaN
1,2,3,NaN
2,1,3,0.6711868417913297
2,1,3,0.16892676507977705
3,0,3,NaN
2,1,3,0.2506505417905184
1,2,3,NaN
3,0,3,NaN
3,0,3,NaN
1,2,3,0.285231730350609
3,0,3,NaN
1,2,3,0.2506505417905184
3,0,3,0.35918334633262433
3,0,3,NaN
1,2,3,NaN
3,0,3,NaN
1,2,3,0.7577610379389524
2,1,3,NaN
2,1,3,0.11225219921941293
3,0,3,NaN
1,2,3,NaN
2,1,3,0.8460613307452832
3,0,3,0.9564517636473293
3,0,3,NaN
3,0,3,0.7099946859060099
2,1,3,NaN
2,1,3,0.9993972832695692
2,1,3,0.8975048543322908
2,1,3,NaN
2,1,3,NaN
2,1,3,0.7742996008795586
2,1,3,0.9255431095586868
1,2,3,0.44866759124185646
2,1,3,NaN
1,2,3,0.6291723264168632
1,2,3,NaN
3,0,3,0.3421445630533028
2,1,3,0.44866759124185646
2,1,3,0.10952226545062614
3,0,3,0.1921949779446829
3,0,3,NaN
2,1,3,NaN
1,2,3,0.7099946859060099
2,1,3,0.11225219921941293
3,0,3,0.49760645166926687
2,1,3,0.0086511623679141
2,1,3,0.6711868417913297
3,0,3,NaN
3,0,3,0.21780701902471042
2,1,3,NaN
2,1,3,0.2682579740031231
1,2,3,NaN
2,1,3,NaN
1,2,3,NaN
3,0,3,NaN
1,2,3,0.8650076002264386
2,1,3,NaN
1,2,3,NaN
3,0,3,NaN
3,0,3,NaN
1,2,3,NaN
3,0,3,0.011172931809522797
3,0,3,NaN
3,0,3,NaN
2,1,3,0.8650076002264386
2,1,3,NaN
2,1,3,NaN
3,0,3,NaN
2,1,3,NaN
3,0,3,0.08509261982872529
2,1,3,0.21780701902471042
1,2,3,0.7742996008795586
3,0,3,0.912484067245082
1,2,3,NaN
1,2,3,0.02766704178145161
2,1,3,NaN
2,1,3,NaN
1,2,3,NaN
3,0,3,NaN
1,2,3,0.49760645166926687
3,0,3,NaN
3,0,3,0.49760645166926687
3,0,3,0.21780701902471042
2,1,3,0.08509261982872529
2,1,3,0.06899165050934054
3,0,3,0.6711868417913297
3,0,3,0.5857933458990237
1,2,3,0.4005674250897617
2,1,3,0.32204760611626027
1,2,3,NaN
1,2,3,NaN
1,2,3,0.5857933458990237
3,0,3,0.5563178067413027
1,2,3,NaN
1,2,3,NaN
1,2,3,0.49760645166926687
2,1,3,NaN
2,1,3,NaN
1,2,3,0.35918334633262433
2,1,3,NaN
3,0,3,0.4005674250897617
1,2,3,NaN
1,2,3,NaN
2,1,3,NaN
2,1,3,0.6711868417913297
2,1,3,0.11225219921941293
1,2,3,0.0021648749154831964
3,0,3,0.16892676507977705
1,2,3,NaN
1,2,3,NaN
3,0,3,NaN
3,0,3,0.2506505417905184
1,2,3,0.6711868417913297
2,1,3,NaN
2,1,3,2.5803346564613365e-5
3,0,3,0.21780701902471042
2,1,3,0.44866759124185646
2,1,3,0.8824229336212897
3,0,3,0.041655030385332976
3,0,3,0.45956093693140165
3,0,3,0.9481906106540485
3,0,3,NaN
2,1,3,NaN
3,0,3,0.285231730350609
1,2,3,0.9255431095586868
1,2,3,0.46158709333002634
3,0,3,NaN
3,0,3,NaN
3,0,3,0.8255935837441757
3,0,3,NaN
2,1,3,NaN
3,0,3,0.8255935837441757
3,0,3,NaN
1,2,3,NaN
2,1,3,NaN
1,2,3,0.285231730350609
2,1,3,NaN
3,0,3,0.8014889144615878
3,0,3,NaN
3,0,3,0.8014889144615878
3,0,3,NaN
3,0,3,NaN
2,1,3,0.6482788176245688
2,1,3,NaN
2,1,3,0.6684603762836918
3,0,3,0.8255935837441757
2,1,3,0.4005674250897617
2,1,3,0.12850144349580897
3,0,3,NaN
3,0,3,0.11225219921941293
1,2,3,NaN
1,2,3,NaN
1,2,3,NaN
2,1,3,NaN
2,1,3,NaN
3,0,3,0.16892676507977705
3,0,3,NaN
2,1,3,0.7099946859060099
2,1,3,NaN
2,1,3,0.35918334633262433
3,0,3,0.6291723264168632
3,0,3,NaN
1,2,3,0.6291723264168632
2,1,3,0.0007644543092744171
2,1,3,0.6711868417913297
2,1,3,0.34212671078849427
3,0,3,NaN
3,0,3,NaN
3,0,3,0.8255935837441757
1,2,3,0.32204760611626027
1,2,3,NaN
2,1,3,0.7742996008795586
3,0,3,0.14701094102636791
3,0,3,0.9126776937255757
3,0,3,NaN
2,1,3,0.023887454499875376
3,0,3,NaN
3,0,3,NaN
1,2,3,NaN
3,0,3,NaN
2,1,3,0.0640450458600324
3,0,3,0.6711868417913297
3,0,3,0.9764973997616925
3,0,3,NaN
3,0,3,0.017070261144508804
3,0,3,0.8650076002264386
3,0,3,0.32204760611626027
2,1,3,NaN
1,2,3,NaN
3,0,3,NaN
1,2,3,NaN
2,1,3,NaN
3,0,3,NaN
2,1,3,0.8460613307452832
1,2,3,NaN
2,1,3,NaN
3,0,3,0.6291723264168632
1,2,3,0.12850144349580897
2,1,3,0.8448067458666624
2,1,3,NaN
3,0,3,NaN
1,2,3,0.8650076002264386
2,1,3,NaN
3,0,3,NaN
2,1,3,NaN
2,1,3,0.043178830138042204
2,1,3,NaN
1,2,3,0.29577651723030296
2,1,3,NaN
1,2,3,0.32204760611626027
1,2,3,NaN
3,0,3,NaN
1,2,3,0.8255935837441757
3,0,3,0.0640450458600324
2,1,3,NaN
1,2,3,NaN
1,2,3,NaN
3,0,3,0.7099946859060099
2,1,3,NaN
3,0,3,NaN
3,0,3,NaN
3,0,3,0.2506505417905184
1,2,3,0.44866759124185646
3,0,3,0.964109046255293
3,0,3,0.07398859749715625
2,1,3,0.4005674250897617
3,0,3,0.7435026469914164
1,2,3,0.49760645166926687
2,1,3,NaN
1,2,3,0.16892676507977705
1,2,3,NaN
2,1,3,0.07419055493162045
3,0,3,NaN
2,1,3,0.35918334633262433
2,1,3,NaN
1,2,3,NaN
1,2,3,0.49760645166926687
2,1,3,NaN
3,0,3,NaN
1,2,3,NaN
2,1,3,0.6711868417913297
2,1,3,0.7099946859060099
2,1,3,0.4005674250897617
2,1,3,0.014330316194860943
1,2,3,0.16892676507977705
2,1,3,0.49760645166926687
1,2,3,0.7099946859060099
2,1,3,NaN
3,0,3,NaN
2,1,3,0.8650076002264386
1,2,3,NaN
2,1,3,0.7789797774521924
3,0,3,0.8650076002264386
3,0,3,NaN
2,1,3,0.1573439836296555
2,1,3,NaN
1,2,3,0.44866759124185646
3,0,3,0.7742996008795586
1,2,3,0.5436724551002615
1,2,3,0.7435026469914164
3,0,3,NaN
1,2,3,NaN
2,1,3,NaN
1,2,3,NaN
2,1,3,0.573340734184012
1,2,3,0.9928169178499623
3,0,3,NaN
1,2,3,NaN
1,2,3,0.6291723264168632
2,1,3,0.8014889144615878
3,0,3,NaN
2,1,3,0.7846948929051238
2,1,3,NaN
2,1,3,NaN
2,1,3,0.04396150926532951
1,2,3,0.2506505417905184
2,1,3,NaN
3,0,3,NaN
1,2,3,0.16892676507977705
2,1,3,NaN
3,0,3,0.6291723264168632
3,0,3,0.8546178305787607
2,1,3,NaN
1,2,3,0.1921949779446829
2,1,3,NaN
3,0,3,NaN
1,2,3,NaN
1,2,3,NaN
2,1,3,0.49760645166926687
1,2,3,0.9564517636473293
2,1,3,0.912484067245082
1,2,3,NaN
1,2,3,0.21780701902471042
1,2,3,NaN
2,1,3,NaN
1,2,3,NaN
3,0,3,NaN
1,2,3,NaN
3,0,3,NaN
3,0,3,NaN
2,1,3,0.2295771635222944
2,1,3,0.041655030385332976
3,0,3,NaN
3,0,3,0.964109046255293
1,2,3,0.6291723264168632
2,1,3,0.8650076002264386
1,2,3,0.0640450458600324
1,2,3,NaN
2,1,3,0.285231730350609
2,1,3,0.043370274680701495
2,1,3,NaN
2,1,3,NaN
1,2,3,0.3120196014893864
1,2,3,0.7742996008795586
3,0,3,0.0009285089519146997
3,0,3,NaN
2,1,3,0.4005674250897617
2,1,3,NaN
2,1,3,0.02766704178145161
3,0,3,NaN
3,0,3,0.8014889144615878
3,0,3,0.013135794871795524
3,0,3,0.8460613307452832
3,0,3,0.9703220335374653
3,0,3,0.08509261982872529
3,0,3,NaN
1,2,3,0.06301743871618631
3,0,3,NaN
2,1,3,NaN
2,1,3,0.285231730350609
3,0,3,NaN
2,1,3,0.7435026469914164
3,0,3,0.14127808440096698
3,0,3,NaN
3,0,3,NaN
2,1,3,NaN
3,0,3,0.1921949779446829
1,2,3,0.2506505417905184
1,2,3,NaN
3,0,3,NaN
2,1,3,NaN
2,1,3,0.08509261982872529
2,1,3,0.6291723264168632
3,0,3,NaN
1,2,3,NaN
3,0,3,NaN
3,0,3,0.1921949779446829
2,1,3,0.1921949779446829
2,1,3,0.14701094102636791
3,0,3,NaN
1,2,3,0.32204760611626027
2,1,3,NaN
2,1,3,0.7236122885737493
3,0,3,NaN
1,2,3,0.15505955029822702
1,2,3,NaN
3,0,3,NaN
1,2,3,0.8014889144615878
2,1,3,0.9481906106540485
2,1,3,NaN
2,1,3,0.8975048543322908
1,2,3,NaN
2,1,3,NaN
1,2,3,0.7271206995827098
2,1,3,0.35918334633262433
1,2,3,0.014820260770363448
3,0,3,0.023887454499875376
2,1,3,NaN
2,1,3,0.4873802538587779
1,2,3,NaN
2,1,3,NaN
2,1,3,0.8824229336212897
1,2,3,0.7435026469914164
2,1,3,0.7435026469914164
3,0,3,NaN
1,2,3,NaN
2,1,3,NaN
3,0,3,NaN
3,0,3,NaN
2,1,3,NaN
2,1,3,0.023887454499875376
3,0,3,NaN
2,1,3,0.21780701902471042
2,1,3,NaN
1,2,3,0.8255935837441757
1,2,3,0.6291723264168632
1,2,3,0.2506505417905184
2,1,3,NaN
1,2,3,0.040084112195885306
3,0,3,0.7099946859060099
1,2,3,NaN
2,1,3,NaN
3,0,3,0.2506505417905184
3,0,3,0.9899262932434983
2,1,3,NaN
2,1,3,NaN
1,2,3,NaN
2,1,3,NaN
3,0,3,NaN
3,0,3,NaN
2,1,3,NaN
3,0,3,NaN
3,0,3,NaN
2,1,3,NaN
2,1,3,NaN
1,2,3,0.37972383591761794
1,2,3,0.6272762081355364
3,0,3,NaN
3,0,3,0.7742996008795586
2,1,3,NaN
2,1,3,0.6291723264168632
1,2,3,0.44866759124185646
2,1,3,0.5670401956914495
1,2,3,NaN
1,2,3,0.9481906106540485
1,2,3,0.012129405754919683
1,2,3,NaN
1,2,3,0.12850144349580897
2,1,3,NaN
1,2,3,NaN
3,0,3,0.1921949779446829
3,0,3,NaN
2,1,3,NaN
2,1,3,NaN
3,0,3,NaN
3,0,3,0.1921949779446829
3,0,3,NaN
1,2,3,NaN
1,2,3,NaN
2,1,3,0.3541370539104541
3,0,3,NaN
3,0,3,0.9703220335374653
1,2,3,0.912484067245082
2,1,3,0.020724062087912304
3,0,3,0.7435026469914164
1,2,3,NaN
2,1,3,0.32204760611626027
3,0,3,0.21062178565472292
3,0,3,0.6711868417913297
2,1,3,NaN
1,2,3,0.9426934916221845
3,0,3,NaN
3,0,3,NaN
2,1,3,NaN
2,1,3,NaN
2,1,3,0.964109046255293
2,1,3,0.5436724551002615
2,1,3,NaN
3,0,3,0.285231730350609
2,1,3,NaN
1,2,3,NaN
1,2,3,NaN
3,0,3,0.7099946859060099
2,1,3,NaN
1,2,3,NaN
3,0,3,NaN
3,0,3,NaN
3,0,3,0.6291723264168632
2,1,3,NaN
1,2,3,0.8975048543322908
1,2,3,0.3149742872603093
3,0,3,NaN
3,0,3,NaN
1,2,3,0.912484067245082
2,1,3,0.041655030385332976
2,1,3,NaN
2,1,3,NaN
3,0,3,NaN
1,2,3,NaN
3,0,3,NaN
2,1,3,NaN
3,0,3,NaN
1,2,3,NaN
2,1,3,NaN
2,1,3,NaN
2,1,3,0.7742996008795586
3,0,3,0.7742996008795586
3,0,3,0.1921949779446829
2,1,3,NaN
1,2,3,NaN
1,2,3,NaN
1,2,3,NaN
2,1,3,0.006531896091517178
2,1,3,0.49760645166926687
1,2,3,0.4594701681992109
2,1,3,0.18621059641810223
2,1,3,NaN
2,1,3,NaN
2,1,3,NaN
1,2,3,0.1921949779446829
3,0,3,0.912484067245082
2,1,3,NaN
1,2,3,NaN
2,1,3,NaN
3,0,3,NaN
2,1,3,NaN
3,0,3,0.8014889144615878
2,1,3,NaN
1,2,3,0.8014889144615878
3,0,3,NaN
3,0,3,NaN
1,2,3,0.5436724551002615
2,1,3,NaN
3,0,3,NaN
3,0,3,0.2208805808629056
3,0,3,0.1921949779446829
3,0,3,0.5979258611535977
3,0,3,NaN
3,0,3,0.6291723264168632
3,0,3,0.5335159755588744
2,1,3,NaN
2,1,3,NaN
1,2,3,NaN
1,2,3,NaN
1,2,3,0.9703220335374653
2,1,3,0.5436724551002615
1,2,3,0.8975048543322908
2,1,3,0.9564517636473293
3,0,3,NaN
3,0,3,0.8650076002264386
2,1,3,NaN
2,1,3,0.003990059331566645
1,2,3,NaN
2,1,3,NaN
3,0,3,NaN
1,2,3,NaN
2,1,3,0.7435026469914164
1,2,3,0.6711868417913297
2,1,3,NaN
3,0,3,NaN
3,0,3,NaN
3,0,3,0.9255431095586868
1,2,3,0.21780701902471042
3,0,3,NaN
2,1,3,NaN
1,2,3,NaN
1,2,3,NaN
3,0,3,NaN
3,0,3,0.5436724551002615
2,1,3,0.4923544540908015
3,0,3,0.35918334633262433
3,0,3,NaN
1,2,3,NaN
1,2,3,0.35918334633262433
3,0,3,0.16892676507977705
3,0,3,0.8014889144615878
1,2,3,0.8824229336212897
3,0,3,0.5436724551002615
1,2,3,NaN
1,2,3,0.6711868417913297
3,0,3,0.5436724551002615
3,0,3,NaN
2,1,3,0.0640450458600324
2,1,3,0.1921949779446829
3,0,3,NaN
3,0,3,0.9059951582499103
1,2,3,0.8460613307452832
2,1,3,0.1921949779446829
3,0,3,NaN
3,0,3,0.002189509768491057
3,0,3,0.49760645166926687
3,0,3,0.939065107369981
2,1,3,0.21780701902471042
2,1,3,0.8255935837441757
3,0,3,NaN
2,1,3,NaN
1,2,3,NaN
3,0,3,NaN
1,2,3,0.49760645166926687
1,2,3,0.8824229336212897
2,1,3,NaN
1,2,3,NaN
3,0,3,NaN
3,0,3,NaN
2,1,3,NaN
2,1,3,NaN
1,2,3,0.6291723264168632
3,0,3,NaN
1,2,3,0.1413731280454224
3,0,3,NaN
3,0,3,0.24849341773921732
3,0,3,NaN
1,2,3,NaN
3,0,3,0.44866759124185646
2,1,3,NaN
2,1,3,NaN
3,0,3,0.6291723264168632
3,0,3,0.2506505417905184
3,0,3,0.49760645166926687
3,0,3,NaN
1,2,3,0.7742996008795586
2,1,3,0.285231730350609
3,0,3,0.7099946859060099
2,1,3,0.6291723264168632
3,0,3,NaN
2,1,3,NaN
1,2,3,NaN
1,2,3,NaN
3,0,3,0.8975048543322908
2,1,3,NaN
3,0,3,0.16892676507977705
3,0,3,NaN
1,2,3,0.07398859749715625
1,2,3,NaN
1,2,3,NaN
2,1,3,0.07398859749715625
3,0,3,NaN
1,2,3,0.4005674250897617
2,1,3,0.44866759124185646
3,0,3,0.7435026469914164
2,1,3,NaN
1,2,3,0.5436724551002615
2,1,3,NaN
1,2,3,NaN
3,0,3,NaN
2,1,3,0.041655030385332976
1,2,3,0.8255935837441757
2,1,3,NaN
3,0,3,0.03737504119612238
3,0,3,0.9255431095586868
2,1,3,0.0981462602611937
3,0,3,NaN
1,2,3,NaN
3,0,3,0.35918334633262433
3,0,3,NaN
2,1,3,0.44866759124185646
1,2,3,0.6291723264168632
1,2,3,0.32204760611626027
1,2,3,NaN
2,1,3,0.16892676507977705
2,1,3,0.44866759124185646
2,1,3,0.9974285092040075
3,0,3,NaN
3,0,3,0.02766704178145161
2,1,3,NaN
1,2,3,NaN
3,0,3,NaN
1,2,3,NaN
3,0,3,NaN
3,0,3,0.8255935837441757
2,1,3,0.4005674250897617
3,0,3,0.6291723264168632
1,2,3,0.08509261982872529
3,0,3,0.49760645166926687
3,0,3,NaN
2,1,3,NaN
3,0,3,NaN
1,2,3,NaN
1,2,3,0.4005674250897617
3,0,3,NaN
2,1,3,NaN
2,1,3,0.07398859749715625
3,0,3,NaN
2,1,3,NaN
1,2,3,0.6711868417913297
2,1,3,NaN
1,2,3,0.7742996008795586
3,0,3,NaN
3,0,3,NaN
3,0,3,0.03184441363446245
1,2,3,0.05631407900959844
1,2,3,0.04853695198236578
1,2,3,0.9255431095586868
3,0,3,NaN
3,0,3,NaN
1,2,3,NaN
2,1,3,0.873851776833024
1,2,3,0.9988805798019055
3,0,3,NaN
2,1,3,0.7435026469914164
2,1,3,NaN
1,2,3,NaN
2,1,3,NaN
1,2,3,0.13640172468834122
2,1,3,0.5857933458990237
1,2,3,0.2938364102231853
3,0,3,NaN
3,0,3,NaN
2,1,3,NaN
2,1,3,NaN
1,2,3,NaN
3,0,3,0.1921949779446829
2,1,3,NaN
3,0,3,NaN
2,1,3,0.5857933458990237
2,1,3,NaN
2,1,3,0.9862691009837826
2,1,3,NaN
3,0,3,0.0640450458600324
3,0,3,NaN
3,0,3,NaN
3,0,3,0.11225219921941293
2,1,3,NaN
3,0,3,0.7099946859060099
3,0,3,0.905210862810493
2,1,3,0.041655030385332976
3,0,3,NaN
1,2,3,0.7099946859060099
2,1,3,NaN
3,0,3,0.7742996008795586
1,2,3,NaN
3,0,3,0.7435026469914164
3,0,3,0.6482788176245688
2,1,3,0.657761461044294
2,1,3,0.7435026469914164
2,1,3,NaN
3,0,3,0.9862691009837826
2,1,3,NaN
2,1,3,NaN
3,0,3,0.09125165763926747
3,0,3,NaN
1,2,3,NaN
3,0,3,NaN
2,1,3,NaN
1,2,3,0.8975048543322908
1,2,3,NaN
2,1,3,0.912484067245082
1,2,3,NaN
3,0,3,0.21780701902471042
3,0,3,NaN
2,1,3,0.22541748244664953
3,0,3,NaN
1,2,3,0.9764973997616925
2,1,3,NaN
3,0,3,0.8460613307452832
2,1,3,NaN
1,2,3,0.08428636587010295
1,2,3,0.002226984555099102
2,1,3,0.6291723264168632
3,0,3,0.2506505417905184
2,1,3,NaN
3,0,3,0.343879838105955
3,0,3,0.11225219921941293
3,0,3,NaN
1,2,3,0.6291723264168632
3,0,3,NaN
1,2,3,0.4005674250897617
1,2,3,NaN
1,2,3,0.5436724551002615
1,2,3,NaN
1,2,3,NaN
1,2,3,NaN
3,0,3,0.8975048543322908
1,2,3,NaN
3,0,3,NaN
3,0,3,NaN
1,2,3,NaN
2,1,3,0.2506505417905184
2,1,3,NaN
2,1,3,NaN
1,2,3,NaN
1,2,3,NaN
2,1,3,NaN
3,0,3,0.9742556372105284
2,1,3,0.285231730350609
1,2,3,NaN
1,2,3,NaN
1,2,3,0.912484067245082
3,0,3,0.8460613307452832
2,1,3,NaN
1,2,3,NaN
1,2,3,NaN
1,2,3,0.9703220335374653
3,0,3,0.0981462602611937
2,1,3,0.12012181790057262
2,1,3,NaN
2,1,3,NaN
2,1,3,0.9564517636473293
2,1,3,0.2506505417905184
1,2,3,NaN
3,0,3,NaN
2,1,3,0.02766704178145161
1,2,3,0.9862691009837826
1,2,3,0.5741000397391358
1,2,3,NaN
1,2,3,NaN
1,2,3,NaN
2,1,3,0.03699915555555507
2,1,3,0.35918334633262433
2,1,3,NaN
1,2,3,0.6711868417913297
3,0,3,NaN
2,1,3,0.44866759124185646
2,1,3,NaN
3,0,3,NaN
2,1,3,0.7933932564625203
3,0,3,NaN
2,1,3,NaN
3,0,3,1.4256072788947292e-7
3,0,3,0.9947688305796785
3,0,3,0.6895729062347232
2,1,3,NaN
1,2,3,0.5857933458990237
2,1,3,NaN
2,1,3,NaN
2,1,3,NaN
2,1,3,0.35918334633262433
2,1,3,NaN
3,0,3,0.2506505417905184
3,0,3,NaN
1,2,3,0.49760645166926687
1,2,3,NaN
1,2,3,NaN
2,1,3,NaN
1,2,3,NaN
1,2,3,NaN
1,2,3,0.9481906106540485
3,0,3,NaN
2,1,3,0.35918334633262433
3,0,3,NaN
3,0,3,0.21780701902471042
1,2,3,NaN
2,1,3,0.6291723264168632
1,2,3,0.023887454499875376
2,1,3,NaN
3,0,3,0.13383667830308105
1,2,3,NaN
2,1,3,0.9481906106540485
3,0,3,NaN
1,2,3,NaN
2,1,3,NaN
2,1,3,NaN
1,2,3,0.8824229336212897
3,0,3,0.8650076002264386
2,1,3,0.020724062087912304
2,1,3,0.8460613307452832
1,2,3,0.5857933458990237
3,0,3,0.4005674250897617
3,0,3,NaN
3,0,3,NaN
3,0,3,NaN
1,2,3,0.35918334633262433
3,0,3,0.1921949779446829
3,0,3,NaN
2,1,3,NaN
3,0,3,0.7099946859060099
3,0,3,NaN
3,0,3,0.03699915555555507
1,2,3,NaN
1,2,3,0.05631407900959844
1,2,3,0.04865788038130383
2,1,3,0.6291723264168632
1,2,3,0.2295771635222944
2,1,3,NaN
2,1,3,NaN
1,2,3,NaN
1,2,3,NaN
2,1,3,NaN
3,0,3,0.8650076002264386
1,2,3,0.9485901921732287
2,1,3,0.7099946859060099
3,0,3,NaN
2,1,3,0.8014889144615878
2,1,3,0.9255431095586868
2,1,3,0.1396261103663417
2,1,3,0.7742996008795586
2,1,3,0.9370946320424296
2,1,3,0.8255935837441757
2,1,3,0.8014889144615878
2,1,3,0.8912017687600428
1,2,3,NaN
3,0,3,0.8460613307452832
3,0,3,0.028851166600093077
2,1,3,NaN
1,2,3,0.35918334633262433
1,2,3,NaN
3,0,3,NaN
3,0,3,NaN
2,1,3,0.14701094102636791
2,1,3,NaN
3,0,3,NaN
1,2,3,0.4005674250897617
1,2,3,NaN
2,1,3,0.31782120465986163
1,2,3,0.49760645166926687
2,1,3,0.9255431095586868
3,0,3,0.35918334633262433
3,0,3,NaN
2,1,3,0.6711868417913297
3,0,3,NaN
3,0,3,NaN
1,2,3,NaN
1,2,3,NaN
1,2,3,0.8255935837441757
1,2,3,NaN
3,0,3,NaN
1,2,3,NaN
2,1,3,NaN
3,0,3,NaN
1,2,3,0.10897960245281858
3,0,3,NaN
2,1,3,NaN
3,0,3,NaN
3,0,3,NaN
1,2,3,NaN
2,1,3,NaN
2,1,3,NaN
1,2,3,NaN
3,0,3,NaN
2,1,3,NaN
2,1,3,NaN
1,2,3,NaN
3,0,3,0.8975048543322908
2,1,3,NaN
2,1,3,NaN
3,0,3,NaN
3,0,3,0.7435026469914164
1,2,3,NaN
2,1,3,NaN
2,1,3,0.8824229336212897
3,0,3,0.30878556013666114
3,0,3,NaN
3,0,3,NaN
3,0,3,0.0640450458600324
1,2,3,0.8014889144615878
3,0,3,NaN
3,0,3,NaN
2,1,3,NaN
3,0,3,0.8824229336212897
1,2,3,NaN
3,0,3,0.006531896091517178
2,1,3,0.010837486693956608
3,0,3,0.02766704178145161
3,0,3,NaN
2,1,3,NaN
2,1,3,0.7435026469914164
3,0,3,0.11225219921941293
3,0,3,0.8014889144615878
2,1,3,0.2506505417905184
2,1,3,0.8975048543322908
2,1,3,0.21780701902471042
1,2,3,0.5146280025915103
2,1,3,NaN
2,1,3,0.6711868417913297
3,0,3,NaN
1,2,3,0.21780701902471042
1,2,3,NaN
1,2,3,NaN
3,0,3,NaN
1,2,3,0.14701094102636791
2,1,3,NaN
2,1,3,NaN
1,2,3,NaN
3,0,3,NaN
2,1,3,0.285231730350609
3,0,3,0.041655030385332976
3,0,3,NaN
3,0,3,NaN
1,2,3,0.017451607130308945
3,0,3,0.001297577214763376
3,0,3,0.285231730350609
1,2,3,NaN
2,1,3,0.285231730350609
2,1,3,0.35918334633262433
3,0,3,0.12123267305519134
2,1,3,NaN
1,2,3,0.7435026469914164
1,2,3,0.402324923801073
2,1,3,0.4005674250897617
2,1,3,0.8014889144615878
2,1,3,0.21780701902471042
3,0,3,NaN
2,1,3,0.8255935837441757
3,0,3,NaN
2,1,3,NaN
1,2,3,NaN
1,2,3,0.912484067245082
2,1,3,NaN
2,1,3,NaN
1,2,3,0.6035415650088962
2,1,3,0.4005674250897617
1,2,3,NaN
1,2,3,0.008776763980243091
3,0,3,NaN
3,0,3,NaN
1,2,3,0.9255431095586868
3,0,3,0.09198757041749914
1,2,3,NaN
3,0,3,NaN
3,0,3,NaN
2,1,3,NaN
1,2,3,NaN
3,0,3,0.8623751147210995
2,1,3,0.5250862142039893
1,2,3,NaN
2,1,3,NaN
2,1,3,NaN
1,2,3,NaN
1,2,3,NaN
1,2,3,NaN
2,1,3,NaN
3,0,3,0.9255431095586868
2,1,3,NaN
1,2,3,0.0007750320263263665
2,1,3,0.017885932416267757
2,1,3,0.8824229336212897
3,0,3,0.6711868417913297
2,1,3,NaN
2,1,3,NaN
2,1,3,0.04480853742968998
1,2,3,NaN
3,0,3,0.0801865618081097
3,0,3,NaN
1,2,3,NaN
2,1,3,NaN
2,1,3,0.16892676507977705
1,2,3,NaN
2,1,3,0.912484067245082
3,0,3,NaN
1,2,3,0.1921949779446829
2,1,3,NaN
1,2,3,NaN
1,2,3,0.21712217051463512
3,0,3,NaN
1,2,3,NaN
2,1,3,0.7742996008795586
2,1,3,0.0640450458600324
2,1,3,0.1099394283113724
3,0,3,0.9450420445557755
3,0,3,0.08509261982872529
3,0,3,NaN
3,0,3,NaN
1,2,3,0.35918334633262433
3,0,3,0.35918334633262433
2,1,3,NaN
2,1,3,NaN
1,2,3,NaN
2,1,3,NaN
1,2,3,NaN
1,2,3,NaN
1,2,3,0.24542441066107207
1,2,3,0.5857933458990237
1,2,3,0.21780701902471042
2,1,3,NaN
3,0,3,0.8802282436292183
2,1,3,NaN
2,1,3,NaN
1,2,3,0.14701094102636791
2,1,3,NaN
1,2,3,0.4005674250897617
1,2,3,NaN
3,0,3,0.9862691009837826
1,2,3,0.2002351374651444
3,0,3,NaN
2,1,3,NaN
1,2,3,NaN
2,1,3,0.2254278886152348
2,1,3,NaN
2,1,3,0.0640450458600324
3,0,3,NaN
3,0,3,0.16892676507977705
1,2,3,0.4005674250897617
2,1,3,0.8014889144615878
2,1,3,NaN
2,1,3,0.8975048543322908
1,2,3,NaN
3,0,3,0.1950185332401079
1,2,3,NaN
2,1,3,NaN
2,1,3,0.2272428437191806
3,0,3,NaN
1,2,3,0.8255935837441757
2,1,3,0.285231730350609
1,2,3,NaN
2,1,3,0.5857933458990237
1,2,3,NaN
3,0,3,0.939065107369981
2,1,3,NaN
3,0,3,0.11225219921941293
3,0,3,NaN
1,2,3,0.8975048543322908
2,1,3,0.07398859749715625
3,0,3,NaN
1,2,3,0.8783716166898478
1,2,3,NaN
3,0,3,0.8709340051194202
2,1,3,0.37972383591761794
1,2,3,NaN
3,0,3,NaN
1,2,3,0.44866759124185646
2,1,3,0.16892676507977705
2,1,3,0.8255935837441757
3,0,3,NaN
3,0,3,0.0030266243781080586
1,2,3,0.08509261982872529
2,1,3,NaN
2,1,3,NaN
1,2,3,0.9481906106540485
3,0,3,0.5436724551002615
2,1,3,NaN
3,0,3,NaN
3,0,3,0.8460613307452832
2,1,3,0.7099946859060099
1,2,3,NaN
1,2,3,NaN
1,2,3,0.14701094102636791
3,0,3,0.8975048543322908
1,2,3,NaN
1,2,3,0.006903411040743142
2,1,3,NaN
2,1,3,NaN
3,0,3,NaN
1,2,3,0.8824229336212897
2,1,3,NaN
1,2,3,NaN
2,1,3,NaN
1,2,3,0.7099946859060099
2,1,3,0.9703220335374653
2,1,3,NaN
1,2,3,0.9255431095586868
1,2,3,0.06122658282986586
3,0,3,NaN
2,1,3,0.32204760611626027
1,2,3,0.6711868417913297
1,2,3,NaN
3,0,3,0.44866759124185646
3,0,3,NaN
1,2,3,NaN
3,0,3,0.8650076002264386
3,0,3,NaN
1,2,3,NaN
1,2,3,NaN
1,2,3,0.0018515461474507755
1,2,3,0.285231730350609
3,0,3,0.8650076002264386
3,0,3,NaN
1,2,3,NaN
2,1,3,0.35918334633262433
2,1,3,0.44866759124185646
2,1,3,0.6711868417913297
3,0,3,0.9988805798019055
3,0,3,NaN
3,0,3,0.7435026469914164
2,1,3,0.041655030385332976
1,2,3,NaN
3,0,3,0.32204760611626027
1,2,3,0.44866759124185646
3,0,3,0.6711868417913297
1,2,3,0.2506505417905184
1,2,3,0.0015953240857442662
1,2,3,0.8014889144615878
1,2,3,0.6711868417913297
3,0,3,NaN
2,1,3,NaN
3,0,3,NaN
1,2,3,NaN
3,0,3,0.9764973997616925
2,1,3,0.21780701902471042
1,2,3,0.8255935837441757
3,0,3,NaN
2,1,3,0.7742996008795586
3,0,3,NaN
1,2,3,0.9481906106540485
2,1,3,0.912484067245082
3,0,3,0.7742996008795586
3,0,3,0.006531896091517178
1,2,3,0.21780701902471042
3,0,3,0.622873676838039
3,0,3,NaN
2,1,3,NaN
3,0,3,NaN
3,0,3,NaN
2,1,3,0.49760645166926687
3,0,3,NaN
2,1,3,0.0016613039179846428
3,0,3,0.6711868417913297
2,1,3,NaN
3,0,3,0.44866759124185646
3,0,3,NaN
2,1,3,NaN
2,1,3,NaN
2,1,3,NaN
1,2,3,NaN
3,0,3,0.8255935837441757
3,0,3,NaN
1,2,3,0.8650076002264386
1,2,3,NaN
2,1,3,0.8255935837441757
2,1,3,NaN
3,0,3,NaN
2,1,3,0.0981462602611937
3,0,3,0.8255935837441757
1,2,3,NaN
2,1,3,NaN
3,0,3,0.5436724551002615
1,2,3,0.007837788026609073
2,1,3,NaN
2,1,3,0.32204760611626027
2,1,3,0.48710384264297296
3,0,3,0.990158661916882
2,1,3,0.9492805050384766
2,1,3,0.2506505417905184
1,2,3,0.9445885260760961
3,0,3,NaN
3,0,3,0.21780701902471042
2,1,3,0.9564517636473293
1,2,3,NaN
3,0,3,0.12850144349580897
3,0,3,0.7099946859060099
3,0,3,0.4417688319335114
1,2,3,0.285231730350609
3,0,3,0.8460613307452832
3,0,3,0.44866759124185646
3,0,3,NaN
1,2,3,NaN
2,1,3,0.912484067245082
3,0,3,NaN
3,0,3,NaN
2,1,3,0.9963401800767422
2,1,3,NaN
3,0,3,NaN
1,2,3,NaN
1,2,3,NaN
1,2,3,NaN
3,0,3,NaN
2,1,3,0.0981462602611937
2,1,3,0.8650076002264386
2,1,3,0.9703220335374653
3,0,3,NaN
1,2,3,0.07746513621756865
1,2,3,0.08509261982872529
1,2,3,NaN
1,2,3,0.12850144349580897
1,2,3,NaN
1,2,3,0.4005674250897617
3,0,3,NaN
2,1,3,0.9156923458222587
3,0,3,NaN
2,1,3,0.5929840951368425
1,2,3,0.7742996008795586
2,1,3,0.7099946859060099
3,0,3,NaN
2,1,3,NaN
1,2,3,NaN
1,2,3,0.6711868417913297
2,1,3,0.285231730350609
1,2,3,NaN
1,2,3,NaN
1,2,3,0.07398859749715625
1,2,3,NaN
3,0,3,NaN
3,0,3,NaN
1,2,3,0.9862691009837826
3,0,3,NaN
1,2,3,0.023887454499875376
3,0,3,0.32204760611626027
2,1,3,0.5436724551002615
1,2,3,0.6291723264168632
3,0,3,0.9359053397245042
1,2,3,0.6711868417913297
1,2,3,0.9634993498255111
1,2,3,NaN
1,2,3,0.08509261982872529
1,2,3,0.005972567188939661
1,2,3,NaN
1,2,3,NaN
2,1,3,0.5857933458990237
3,0,3,NaN
1,2,3,0.4664591052808626
3,0,3,0.2506505417905184
2,1,3,0.8255935837441757
3,0,3,NaN
3,0,3,NaN
3,0,3,NaN
1,2,3,NaN
2,1,3,NaN
3,0,3,NaN
2,1,3,NaN
2,1,3,NaN
2,1,3,NaN
1,2,3,NaN
3,0,3,0.5856489276522628
3,0,3,NaN
3,0,3,0.5857933458990237
3,0,3,NaN
3,0,3,NaN
1,2,3,0.16892676507977705
1,2,3,0.2506505417905184
2,1,3,0.8650076002264386
3,0,3,NaN
1,2,3,NaN
1,2,3,NaN
3,0,3,NaN
1,2,3,0.8824229336212897
3,0,3,NaN
2,1,3,0.21780701902471042
2,1,3,NaN
1,2,3,0.285231730350609
2,1,3,0.6711868417913297
1,2,3,0.6711868417913297
1,2,3,NaN
1,2,3,0.4005674250897617
1,2,3,0.9862691009837826
1,2,3,0.5857933458990237
1,2,3,NaN
2,1,3,NaN
3,0,3,NaN
2,1,3,NaN
1,2,3,0.011172931809522797
3,0,3,NaN
1,2,3,0.8460613307452832
2,1,3,0.0640450458600324
1,2,3,0.49760645166926687
1,2,3,0.9899262932434983
1,2,3,NaN
2,1,3,0.3686338110577726
1,2,3,0.8255935837441757
1,2,3,0.21780701902471042
2,1,3,NaN
2,1,3,NaN
2,1,3,NaN
2,1,3,0.7759806386975252
3,0,3,0.7435026469914164
3,0,3,NaN
1,2,3,0.1717497118335182
1,2,3,NaN
3,0,3,0.6291723264168632
3,0,3,NaN
1,2,3,0.8975048543322908
2,1,3,0.6711868417913297
2,1,3,NaN
3,0,3,0.009189665523477854
2,1,3,NaN
1,2,3,0.0640450458600324
2,1,3,NaN
1,2,3,0.6711868417913297
2,1,3,NaN
1,2,3,0.9703220335374653
3,0,3,0.9564517636473293
3,0,3,NaN
1,2,3,NaN
2,1,3,0.6711868417913297
2,1,3,0.4005674250897617
2,1,3,0.8460613307452832
1,2,3,NaN
2,1,3,0.8650076002264386
3,0,3,0.08509261982872529
1,2,3,NaN
1,2,3,0.7435026469914164
1,2,3,0.1921949779446829
1,2,3,NaN
2,1,3,0.675529307037512
1,2,3,0.8824229336212897
3,0,3,0.8824229336212897
2,1,3,0.0981462602611937
2,1,3,NaN
2,1,3,NaN
3,0,3,0.7435026469914164
2,1,3,0.8255935837441757
3,0,3,0.9824684717333119
2,1,3,0.5857933458990237
1,2,3,NaN
2,1,3,NaN
2,1,3,NaN
2,1,3,NaN
3,0,3,0.7742996008795586
1,2,3,NaN
1,2,3,0.5436724551002615
1,2,3,0.11225219921941293
1,2,3,0.32204760611626027
2,1,3,NaN
1,2,3,0.903021622127843
3,0,3,NaN
2,1,3,NaN
2,1,3,NaN
2,1,3,0.35918334633262433
3,0,3,NaN
3,0,3,0.5741000397391358
1,2,3,NaN
1,2,3,NaN
3,0,3,0.8460613307452832
1,2,3,NaN
1,2,3,0.8460613307452832
2,1,3,0.05631407900959844
1,2,3,NaN
1,2,3,NaN
1,2,3,NaN
1,2,3,NaN
2,1,3,0.7099946859060099
3,0,3,0.0981462602611937
2,1,3,NaN
1,2,3,0.6291723264168632
3,0,3,NaN
1,2,3,NaN
2,1,3,0.9255431095586868
2,1,3,NaN
1,2,3,NaN
1,2,3,NaN
2,1,3,NaN
2,1,3,NaN
1,2,3,NaN
2,1,3,0.04865788038130383
2,1,3,0.6422589022952111
3,0,3,0.8255935837441757
1,2,3,NaN
3,0,3,0.9764973997616925
1,2,3,NaN
2,1,3,NaN
1,2,3,NaN
2,1,3,0.8927386791613094
3,0,3,0.4067342003224283
2,1,3,0.4005674250897617
2,1,3,NaN
1,2,3,NaN
3,0,3,0.2562365103504857
1,2,3,0.6291723264168632
1,2,3,NaN
1,2,3,NaN
1,2,3,NaN
2,1,3,NaN
2,1,3,NaN
1,2,3,0.5436724551002615
1,2,3,NaN
1,2,3,NaN
3,0,3,0.9255431095586868
2,1,3,0.17953084396000635
1,2,3,0.04865788038130383
3,0,3,0.9963401800767422
1,2,3,NaN
3,0,3,0.16892676507977705
1,2,3,0.05545461822880217
1,2,3,0.14701094102636791
1,2,3,0.08509261982872529
2,1,3,0.35918334633262433
3,0,3,0.44866759124185646
2,1,3,0.11225219921941293
2,1,3,0.7435026469914164
3,0,3,NaN
1,2,3,0.6291723264168632
2,1,3,0.041655030385332976
2,1,3,0.5286576949256151
1,2,3,0.6711868417913297
1,2,3,NaN
3,0,3,NaN
2,1,3,0.16892676507977705
1,2,3,0.2925302080168306
3,0,3,0.7099946859060099
3,0,3,NaN
2,1,3,0.3541370539104541
2,1,3,NaN
2,1,3,0.9370946320424296
3,0,3,0.7279183198273174
1,2,3,NaN
3,0,3,NaN
2,1,3,0.8014889144615878
1,2,3,NaN
3,0,3,0.35918334633262433
2,1,3,NaN
2,1,3,NaN
1,2,3,NaN
1,2,3,0.5436724551002615
3,0,3,0.8460613307452832
2,1,3,NaN
2,1,3,0.9862691009837826
3,0,3,0.2506505417905184
2,1,3,NaN
2,1,3,0.7099946859060099
3,0,3,0.5436724551002615
3,0,3,NaN
2,1,3,NaN
1,2,3,0.4689529251075884
2,1,3,NaN
2,1,3,0.8349960820602481
3,0,3,0.5436724551002615
1,2,3,NaN
3,0,3,NaN
1,2,3,0.32204760611626027
1,2,3,NaN
2,1,3,NaN
2,1,3,0.0640450458600324
2,1,3,NaN
1,2,3,NaN
1,2,3,NaN
1,2,3,0.36810386404377127
3,0,3,0.4005674250897617
1,2,3,NaN
1,2,3,0.13117306201291254
1,2,3,0.5436724551002615
3,0,3,NaN
1,2,3,NaN
1,2,3,NaN
3,0,3,0.6711868417913297
2,1,3,0.1921949779446829
2,1,3,NaN
2,1,3,NaN
2,1,3,0.7435026469914164
1,2,3,0.21780701902471042
2,1,3,NaN
1,2,3,NaN
2,1,3,NaN
3,0,3,NaN
2,1,3,NaN
3,0,3,NaN
2,1,3,NaN
2,1,3,NaN
1,2,3,0.03318216958161939
1,2,3,0.5250862142039893
2,1,3,0.08509261982872529
3,0,3,0.24849341773921732
2,1,3,0.8014889144615878
3,0,3,0.9862691009837826
2,1,3,NaN
3,0,3,0.9703220335374653
2,1,3,NaN
2,1,3,NaN
2,1,3,NaN
3,0,3,NaN
2,1,3,NaN
1,2,3,0.35918334633262433
1,2,3,NaN
1,2,3,0.012043679753837725
1,2,3,0.9370946320424296
1,2,3,0.08509261982872529
2,1,3,NaN
2,1,3,NaN
1,2,3,NaN
3,0,3,NaN
1,2,3,0.12850144349580897
1,2,3,0.8336182995579308
1,2,3,NaN
2,1,3,0.02766704178145161
3,0,3,NaN
1,2,3,0.8014889144615878
3,0,3,0.1921949779446829
3,0,3,0.6711868417913297
3,0,3,NaN
2,1,3,0.6291723264168632
1,2,3,NaN
1,2,3,0.16892676507977705
2,1,3,0.7742996008795586
1,2,3,0.9764973997616925
2,1,3,0.060117836753411105
2,1,3,0.6711868417913297
3,0,3,0.9254309920468637
3,0,3,0.7112222700502638
1,2,3,NaN
3,0,3,NaN
3,0,3,NaN
1,2,3,NaN
3,0,3,NaN
3,0,3,NaN
2,1,3,NaN
2,1,3,NaN
1,2,3,NaN
3,0,3,NaN
2,1,3,0.21145176725373
2,1,3,0.00821876365221453
1,2,3,0.343879838105955
2,1,3,NaN
2,1,3,0.9564517636473293
2,1,3,NaN
3,0,3,NaN
3,0,3,NaN
1,2,3,0.0640450458600324
2,1,3,0.09423325052720068
1,2,3,NaN
2,1,3,NaN
3,0,3,NaN
3,0,3,0.5714815171591088
2,1,3,0.49760645166926687
1,2,3,0.2506505417905184
1,2,3,0.7435026469914164
3,0,3,0.8460613307452832
1,2,3,0.1921949779446829
2,1,3,NaN
3,0,3,0.005613845056063607
1,2,3,NaN
3,0,3,0.7742996008795586
2,1,3,NaN
3,0,3,0.7742996008795586
1,2,3,NaN
3,0,3,NaN
1,2,3,NaN
2,1,3,0.017885932416267757
2,1,3,0.39553721558450017
1,2,3,NaN
2,1,3,NaN
2,1,3,0.041655030385332976
3,0,3,0.32204760611626027
3,0,3,0.7099946859060099
1,2,3,0.8975048543322908
1,2,3,0.4005674250897617
2,1,3,NaN
2,1,3,NaN
3,0,3,NaN
2,1,3,NaN
2,1,3,NaN
3,0,3,NaN
2,1,3,NaN
3,0,3,NaN
1,2,3,NaN
1,2,3,0.7099946859060099
1,2,3,0.49760645166926687
2,1,3,0.21780701902471042
2,1,3,0.9370946320424296
1,2,3,NaN
2,1,3,NaN
3,0,3,0.21780701902471042
1,2,3,0.5436724551002615
1,2,3,NaN
2,1,3,NaN
2,1,3,0.35918334633262433
1,2,3,NaN
1,2,3,0.0640450458600324
1,2,3,NaN
2,1,3,0.21578370922404502
3,0,3,0.04865788038130383
3,0,3,NaN
2,1,3,0.7742996008795586
1,2,3,NaN
1,2,3,NaN
1,2,3,0.7099946859060099
1,2,3,NaN
3,0,3,0.04865788038130383
3,0,3,NaN
1,2,3,0.9856647081955799
3,0,3,NaN
2,1,3,NaN
2,1,3,NaN
2,1,3,0.00020263435523246281
2,1,3,0.32204760611626027
1,2,3,0.912484067245082
2,1,3,0.015364430171872317
2,1,3,0.8014889144615878
2,1,3,0.7294185663537489
3,0,3,0.49760645166926687
1,2,3,NaN
1,2,3,0.285231730350609
1,2,3,0.0981462602611937
1,2,3,0.8650076002264386
1,2,3,NaN
3,0,3,NaN
3,0,3,NaN
1,2,3,NaN
3,0,3,NaN
1,2,3,0.5436724551002615
2,1,3,NaN
2,1,3,0.5436724551002615
2,1,3,NaN
3,0,3,NaN
2,1,3,NaN
2,1,3,0.09423325052720068
1,2,3,NaN
2,1,3,0.7742996008795586
3,0,3,NaN
3,0,3,NaN
1,2,3,0.35918334633262433
2,1,3,NaN
3,0,3,NaN
1,2,3,NaN
3,0,3,NaN
1,2,3,0.9764973997616925
3,0,3,NaN
1,2,3,0.16892676507977705
3,0,3,0.08509261982872529
3,0,3,0.7099946859060099
1,2,3,NaN
3,0,3,NaN
3,0,3,0.7435026469914164
1,2,3,0.8460613307452832
2,1,3,0.5857933458990237
2,1,3,0.6291723264168632
2,1,3,0.32204760611626027
1,2,3,0.7435026469914164
2,1,3,NaN
2,1,3,0.912484067245082
1,2,3,0.06691677702852893
1,2,3,0.9564517636473293
2,1,3,NaN
2,1,3,NaN
3,0,3,0.5857933458990237
3,0,3,NaN
3,0,3,NaN
2,1,3,0.6291723264168632
1,2,3,0.8824229336212897
1,2,3,NaN
2,1,3,0.14701094102636791
1,2,3,0.7435026469914164
1,2,3,0.7435026469914164
2,1,3,0.49760645166926687
1,2,3,0.21780701902471042
2,1,3,NaN
1,2,3,0.7742996008795586
1,2,3,0.1921949779446829
1,2,3,0.44866759124185646
2,1,3,0.14701094102636791
2,1,3,0.6711868417913297
2,1,3,0.8975048543322908
1,2,3,NaN
2,1,3,0.16892676507977705
3,0,3,NaN
1,2,3,NaN
2,1,3,NaN
2,1,3,0.5436724551002615
1,2,3,0.6291723264168632
1,2,3,NaN
3,0,3,NaN
2,1,3,0.4005674250897617
1,2,3,0.44866759124185646
3,0,3,0.002226984555099102
3,0,3,0.4005674250897617
2,1,3,NaN
2,1,3,0.565112593086386
1,2,3,NaN
1,2,3,0.003990059331566645
3,0,3,NaN
3,0,3,0.9928169178499623
2,1,3,0.9564517636473293
2,1,3,NaN
1,2,3,0.623850765618913
3,0,3,0.8824229336212897
1,2,3,0.6609269070683205
3,0,3,0.11225219921941293
1,2,3,0.023887454499875376
2,1,3,0.00503804635409625
2,1,3,0.44866759124185646
2,1,3,NaN
3,0,3,0.14701094102636791
1,2,3,0.32204760611626027
1,2,3,NaN
2,1,3,NaN
2,1,3,NaN
1,2,3,0.49760645166926687
1,2,3,0.7435026469914164
3,0,3,0.32204760611626027
3,0,3,NaN
3,0,3,NaN
3,0,3,0.14701094102636791
1,2,3,0.1921949779446829
3,0,3,0.0981462602611937
2,1,3,0.8014889144615878
3,0,3,0.0981462602611937
3,0,3,NaN
1,2,3,NaN
2,1,3,NaN
2,1,3,0.35918334633262433
2,1,3,0.0640450458600324
2,1,3,NaN
1,2,3,0.8975048543322908
3,0,3,NaN
3,0,3,0.7742996008795586
1,2,3,NaN
1,2,3,NaN
1,2,3,0.16892676507977705
3,0,3,NaN
2,1,3,NaN
1,2,3,0.8460613307452832
2,1,3,0.8824229336212897
1,2,3,0.019948857313390047
2,1,3,0.35918334633262433
2,1,3,0.0015046210069901416
1,2,3,NaN
2,1,3,0.21780701902471042
1,2,3,0.6291723264168632
1,2,3,NaN
1,2,3,0.529426467315798
2,1,3,0.3886390399370981
2,1,3,0.05631407900959844
2,1,3,0.964109046255293
1,2,3,0.44866759124185646
1,2,3,0.7190692924143613
3,0,3,NaN
1,2,3,0.010595720308805325
2,1,3,0.21780701902471042
2,1,3,0.7099946859060099
1,2,3,NaN
2,1,3,NaN
3,0,3,NaN
1,2,3,NaN
1,2,3,0.02766704178145161
1,2,3,NaN
1,2,3,0.16892676507977705
1,2,3,NaN
3,0,3,0.5436724551002615
2,1,3,NaN
1,2,3,0.12568417544682164
2,1,3,0.7667510028676167
2,1,3,NaN
1,2,3,0.6154879489691337
2,1,3,NaN
3,0,3,NaN
1,2,3,NaN
1,2,3,0.03698856762365655
2,1,3,NaN
2,1,3,NaN
1,2,3,NaN
1,2,3,NaN
1,2,3,NaN
1,2,3,0.9746660608362511
2,1,3,0.8912017687600428
1,2,3,0.32204760611626027
3,0,3,0.11225219921941293
1,2,3,NaN
2,1,3,0.6785633292868366
1,2,3,0.6711868417913297
1,2,3,0.8650076002264386
2,1,3,NaN
3,0,3,NaN
2,1,3,0.35918334633262433
1,2,3,NaN
3,0,3,0.2686627222890319
3,0,3,NaN
3,0,3,0.020724062087912304
1,2,3,0.0640450458600324
1,2,3,NaN
1,2,3,NaN
2,1,3,NaN
1,2,3,0.7099946859060099
1,2,3,0.0077819770623172475
1,2,3,NaN
2,1,3,0.0981462602611937
3,0,3,0.08509261982872529
2,1,3,NaN
3,0,3,0.04865788038130383
2,1,3,NaN
3,0,3,0.6695156773186309
2,1,3,0.8014889144615878
2,1,3,0.5857933458990237
1,2,3,0.9764973997616925
3,0,3,0.7742996008795586
1,2,3,NaN
3,0,3,0.6711868417913297
2,1,3,NaN
1,2,3,0.9439453082213007
1,2,3,NaN
2,1,3,0.08509261982872529
1,2,3,NaN
1,2,3,0.7742996008795586
2,1,3,NaN
2,1,3,NaN
1,2,3,0.1225327955014358
2,1,3,NaN
2,1,3,NaN
1,2,3,0.7099946859060099
1,2,3,NaN
1,2,3,NaN
2,1,3,NaN
1,2,3,0.005613845056063607
2,1,3,NaN
2,1,3,0.9796206267723101
3,0,3,0.7435026469914164
3,0,3,NaN
2,1,3,0.7742996008795586
1,2,3,NaN
1,2,3,0.6291723264168632
2,1,3,0.14701094102636791
2,1,3,0.2506505417905184
1,2,3,0.4005674250897617
1,2,3,0.49760645166926687
2,1,3,0.7099946859060099
3,0,3,NaN
1,2,3,NaN
2,1,3,NaN
3,0,3,NaN
1,2,3,0.7435026469914164
2,1,3,0.32204760611626027
3,0,3,0.36810386404377127
1,2,3,0.16892676507977705
1,2,3,NaN
3,0,3,0.21780701902471042
2,1,3,0.44866759124185646
1,2,3,NaN
2,1,3,NaN
2,1,3,0.21780701902471042
2,1,3,NaN
3,0,3,NaN
2,1,3,NaN
1,2,3,NaN
1,2,3,NaN
3,0,3,0.26033657334485644
3,0,3,0.8014889144615878
2,1,3,0.5436724551002615
2,1,3,0.8460613307452832
1,2,3,0.9564517636473293
2,1,3,0.9370946320424296
2,1,3,NaN
1,2,3,0.8824229336212897
3,0,3,0.11225219921941293
1,2,3,NaN
2,1,3,0.5436724551002615
2,1,3,NaN
1,2,3,0.8460613307452832
1,2,3,NaN
2,1,3,0.8975048543322908
2,1,3,NaN
1,2,3,0.09575499505217593
2,1,3,0.0030266243781080586
2,1,3,NaN
1,2,3,0.21780701902471042
1,2,3,NaN
2,1,3,NaN
1,2,3,0.36810386404377127
1,2,3,0.8650076002264386
3,0,3,NaN
2,1,3,NaN
1,2,3,NaN
2,1,3,NaN
2,1,3,0.44866759124185646
2,1,3,0.13416857153315173
1,2,3,0.7435026469914164
2,1,3,0.7435026469914164
3,0,3,0.32204760611626027
1,2,3,NaN
2,1,3,0.8014889144615878
2,1,3,0.49760645166926687
3,0,3,0.44866759124185646
2,1,3,NaN
1,2,3,0.7435026469914164
3,0,3,NaN
2,1,3,NaN
2,1,3,0.5857933458990237
1,2,3,NaN
3,0,3,0.11225219921941293
2,1,3,0.6291723264168632
3,0,3,0.5857933458990237
2,1,3,NaN
2,1,3,0.49760645166926687
2,1,3,NaN
1,2,3,0.8014889144615878
1,2,3,NaN
3,0,3,NaN
1,2,3,0.285231730350609
1,2,3,NaN
1,2,3,NaN
1,2,3,0.19181016682339208
3,0,3,NaN
1,2,3,0.6609363208979184
2,1,3,NaN
3,0,3,NaN
2,1,3,NaN
2,1,3,0.7099946859060099
1,2,3,0.12320499470589677
3,0,3,0.7742996008795586
1,2,3,NaN
1,2,3,0.1921949779446829
2,1,3,NaN
2,1,3,NaN
2,1,3,0.9963401800767422
2,1,3,0.4005674250897617
3,0,3,NaN
1,2,3,NaN
1,2,3,0.3216037720011639
1,2,3,0.5436724551002615
2,1,3,NaN
1,2,3,NaN
1,2,3,0.8255935837441757
3,0,3,0.1952383001465882
1,2,3,0.21780701902471042
2,1,3,NaN
3,0,3,NaN
3,0,3,NaN
2,1,3,0.8255935837441757
1,2,3,0.49760645166926687
2,1,3,0.6609269070683205
2,1,3,0.964109046255293
2,1,3,0.11225219921941293
2,1,3,0.017885932416267757
3,0,3,NaN
1,2,3,NaN
1,2,3,0.14701094102636791
3,0,3,0.16892676507977705
2,1,3,0.35918334633262433
3,0,3,0.8824229336212897
3,0,3,NaN
2,1,3,0.35918334633262433
2,1,3,0.7099946859060099
3,0,3,NaN
3,0,3,NaN
3,0,3,NaN
2,1,3,NaN
2,1,3,0.14701094102636791
2,1,3,0.32204760611626027
3,0,3,NaN
1,2,3,NaN
2,1,3,0.6291723264168632
1,2,3,0.08509261982872529
1,2,3,NaN
1,2,3,0.5436724551002615
3,0,3,0.2506505417905184
1,2,3,0.8460613307452832
2,1,3,NaN
1,2,3,NaN
2,1,3,NaN
1,2,3,0.013135794871795524
1,2,3,0.285231730350609
3,0,3,NaN
2,1,3,NaN
2,1,3,0.0981462602611937
3,0,3,0.07398859749715625
3,0,3,0.7742996008795586
3,0,3,NaN
1,2,3,0.8824229336212897
1,2,3,NaN
2,1,3,NaN
3,0,3,NaN
2,1,3,0.35138760765392246
2,1,3,0.20940303286125617
2,1,3,0.1921949779446829
1,2,3,0.49760645166926687
1,2,3,0.1921949779446829
1,2,3,NaN
3,0,3,0.5857933458990237
2,1,3,NaN
1,2,3,NaN
2,1,3,NaN
1,2,3,NaN
1,2,3,0.964109046255293
2,1,3,0.8975048543322908
1,2,3,0.8255935837441757
1,2,3,NaN
1,2,3,0.44866759124185646
2,1,3,0.5436724551002615
3,0,3,0.9481906106540485
2,1,3,NaN
1,2,3,NaN
1,2,3,NaN
3,0,3,NaN
1,2,3,0.32204760611626027
1,2,3,0.1921949779446829
1,2,3,NaN
1,2,3,0.5857933458990237
1,2,3,NaN
3,0,3,NaN
1,2,3,NaN
1,2,3,0.8460613307452832
1,2,3,NaN
1,2,3,NaN
1,2,3,NaN
1,2,3,0.07797528307509231
2,1,3,0.9426934916221845
3,0,3,NaN
1,2,3,NaN
2,1,3,NaN
1,2,3,0.0981462602611937
2,1,3,0.7742996008795586
2,1,3,NaN
1,2,3,0.9764973997616925
2,1,3,0.21780701902471042
1,2,3,0.21780701902471042
3,0,3,NaN
1,2,3,NaN
1,2,3,0.8255935837441757
2,1,3,NaN
1,2,3,0.7435026469914164
1,2,3,0.5741000397391358
2,1,3,0.9188368398110196
2,1,3,NaN
1,2,3,0.7435026469914164
2,1,3,NaN
1,2,3,0.11225219921941293
3,0,3,NaN
2,1,3,NaN
3,0,3,0.704475290877889
2,1,3,NaN
3,0,3,0.9963401800767422
1,2,3,0.285231730350609
1,2,3,0.5857933458990237
2,1,3,0.4664591052808626
1,2,3,0.4036543781249234
1,2,3,0.12850144349580897
1,2,3,NaN
1,2,3,0.8650076002264386
1,2,3,NaN
1,2,3,0.04865788038130383
1,2,3,0.6626854344116058
2,1,3,0.16892676507977705
1,2,3,0.02766704178145161
1,2,3,NaN
1,2,3,NaN
2,1,3,0.0640450458600324
1,2,3,0.343879838105955
2,1,3,0.38342249393726274
2,1,3,NaN
2,1,3,0.5857933458990237
2,1,3,0.8014889144615878
1,2,3,0.4005674250897617
1,2,3,0.32204760611626027
3,0,3,0.8824229336212897
2,1,3,0.8255935837441757
1,2,3,0.21578370922404502
1,2,3,NaN
2,1,3,0.5857933458990237
1,2,3,NaN
1,2,3,NaN
2,1,3,NaN
2,1,3,0.7667510028676167
2,1,3,0.49760645166926687
2,1,3,NaN
1,2,3,0.8460613307452832
1,2,3,0.912484067245082
1,2,3,0.9899262932434983
2,1,3,NaN
1,2,3,0.35918334633262433
3,0,3,NaN
2,1,3,0.04255721197826021
1,2,3,NaN
1,2,3,NaN
2,1,3,NaN
2,1,3,NaN
2,1,3,NaN
3,0,3,NaN
1,2,3,NaN
2,1,3,NaN
2,1,3,NaN
2,1,3,0.9481906106540485
2,1,3,NaN
2,1,3,NaN
2,1,3,NaN
2,1,3,0.6711868417913297
2,1,3,NaN
2,1,3,0.2506505417905184
2,1,3,0.35918334633262433
3,0,3,0.6291723264168632
1,2,3,0.9370946320424296
2,1,3,0.7742996008795586
1,2,3,NaN
2,1,3,NaN
2,1,3,0.12850144349580897
1,2,3,0.7742996008795586
1,2,3,0.08509261982872529
1,2,3,0.8028329467372146
2,1,3,0.5714815171591088
3,0,3,0.5857933458990237
2,1,3,NaN
1,2,3,0.0981462602611937
3,0,3,NaN
1,2,3,NaN
1,2,3,0.6711868417913297
2,1,3,0.9703220335374653
3,0,3,0.49760645166926687
1,2,3,NaN
1,2,3,0.04865788038130383
1,2,3,NaN
1,2,3,NaN
2,1,3,NaN
1,2,3,NaN
3,0,3,NaN
3,0,3,0.49760645166926687
2,1,3,NaN
1,2,3,0.7099946859060099
1,2,3,0.0086511623679141
1,2,3,0.285231730350609
1,2,3,NaN
1,2,3,NaN
2,1,3,0.1921949779446829
1,2,3,NaN
1,2,3,NaN
3,0,3,0.5994977129152708
3,0,3,0.8014889144615878
1,2,3,NaN
1,2,3,0.14701094102636791
2,1,3,NaN
1,2,3,0.020724062087912304
2,1,3,0.8650076002264386
1,2,3,NaN
3,0,3,0.9255431095586868
2,1,3,0.8255935837441757
1,2,3,NaN
3,0,3,0.03699915555555507
2,1,3,NaN
1,2,3,NaN
1,2,3,0.7742996008795586
1,2,3,0.44866759124185646
2,1,3,NaN
3,0,3,NaN
1,2,3,NaN
3,0,3,NaN
2,1,3,0.9477295853081497
3,0,3,0.5857933458990237
2,1,3,0.5857933458990237
3,0,3,0.7435026469914164
1,2,3,NaN
1,2,3,0.5436724551002615
1,2,3,NaN
1,2,3,NaN
2,1,3,0.9370946320424296
2,1,3,0.0016019795455171535
3,0,3,0.5436724551002615
2,1,3,0.5436724551002615
2,1,3,NaN
1,2,3,0.21780701902471042
3,0,3,0.8650076002264386
1,2,3,0.03699915555555507
1,2,3,0.5436724551002615
1,2,3,NaN
1,2,3,NaN
2,1,3,NaN
2,1,3,0.03184441363446245
2,1,3,0.8975048543322908
2,1,3,0.07398859749715625
1,2,3,0.8460613307452832
1,2,3,NaN
1,2,3,0.49760645166926687
3,0,3,NaN
1,2,3,NaN
1,2,3,0.025416194199162537
1,2,3,NaN
2,1,3,0.5857933458990237
2,1,3,NaN
3,0,3,NaN
3,0,3,0.8460613307452832
1,2,3,NaN
2,1,3,NaN
1,2,3,NaN
1,2,3,NaN
1,2,3,NaN
1,2,3,NaN
2,1,3,0.7435026469914164
1,2,3,NaN
2,1,3,NaN
1,2,3,0.35918334633262433
3,0,3,NaN
2,1,3,0.7435026469914164
2,1,3,0.0981462602611937
1,2,3,6.619898346361413e-5
2,1,3,0.8014889144615878
1,2,3,NaN
1,2,3,NaN
3,0,3,NaN
2,1,3,0.9170336508265289
3,0,3,NaN
1,2,3,NaN
1,2,3,NaN
2,1,3,NaN
1,2,3,0.7435026469914164
3,0,3,0.2506505417905184
3,0,3,NaN
1,2,3,0.6935187170514724
1,2,3,0.12850144349580897
1,2,3,0.9564517636473293
1,2,3,NaN
1,2,3,0.7099946859060099
1,2,3,0.9999748467376707
3,0,3,0.912484067245082
3,0,3,NaN
3,0,3,NaN
3,0,3,NaN
3,0,3,0.9764973997616925
2,1,3,NaN
3,0,3,NaN
3,0,3,NaN
2,1,3,NaN
1,2,3,0.7099946859060099
3,0,3,0.5913372818719607
1,2,3,0.11225219921941293
1,2,3,0.05863384911438898
3,0,3,0.6711868417913297
1,2,3,NaN
1,2,3,NaN
3,0,3,NaN
1,2,3,0.4005674250897617
3,0,3,0.6711868417913297
2,1,3,NaN
3,0,3,0.44866759124185646
1,2,3,NaN
1,2,3,0.7099946859060099
1,2,3,0.7099946859060099
1,2,3,NaN
1,2,3,NaN
3,0,3,0.16892676507977705
1,2,3,NaN
1,2,3,0.05631407900959844
1,2,3,0.6711868417913297
2,1,3,NaN
1,2,3,NaN
1,2,3,0.6291723264168632
2,1,3,NaN
1,2,3,NaN
2,1,3,NaN
1,2,3,0.32204760611626027
1,2,3,0.12850144349580897
1,2,3,NaN
1,2,3,0.013135794871795524
3,0,3,0.912484067245082
2,1,3,0.49760645166926687
1,2,3,0.7099946859060099
3,0,3,0.5436724551002615
1,2,3,0.49760645166926687
1,2,3,0.49760645166926687
3,0,3,NaN
1,2,3,0.21780701902471042
1,2,3,NaN
2,1,3,0.7009427131692695
2,1,3,0.038555308422244194
1,2,3,0.6291723264168632
1,2,3,NaN
2,1,3,NaN
2,1,3,NaN
3,0,3,0.07398859749715625
1,2,3,NaN
1,2,3,0.7435026469914164
2,1,3,0.5857933458990237
2,1,3,NaN
3,0,3,0.6040234258502282
2,1,3,NaN
1,2,3,0.2506505417905184
1,2,3,NaN
2,1,3,0.8824229336212897
1,2,3,0.5436724551002615
3,0,3,0.03699915555555507
1,2,3,NaN
1,2,3,NaN
1,2,3,NaN
1,2,3,NaN
1,2,3,NaN
1,2,3,0.5436724551002615
3,0,3,NaN
1,2,3,0.49760645166926687
1,2,3,0.6711868417913297
3,0,3,NaN
1,2,3,NaN
1,2,3,0.7435026469914164
1,2,3,NaN
1,2,3,0.8460613307452832
1,2,3,NaN
2,1,3,0.9492805050384766
1,2,3,0.9947688305796785
1,2,3,0.964109046255293
2,1,3,0.49760645166926687
3,0,3,0.8460613307452832
3,0,3,NaN
1,2,3,0.6778366370087895
3,0,3,0.896105174829985
2,1,3,0.6291723264168632
3,0,3,0.9564517636473293
3,0,3,NaN
3,0,3,0.2506505417905184
1,2,3,0.05631407900959844
2,1,3,0.8975048543322908
1,2,3,0.7294185663537489
1,2,3,0.008017815675681196
2,1,3,0.02766704178145161
2,1,3,0.2506505417905184
3,0,3,NaN
2,1,3,NaN
1,2,3,0.060235224195803155
1,2,3,NaN
1,2,3,NaN
3,0,3,0.285231730350609
3,0,3,0.8014889144615878
1,2,3,0.7742996008795586
1,2,3,NaN
2,1,3,0.35918334633262433
1,2,3,0.054380425258329756
2,1,3,NaN
1,2,3,0.6291723264168632
3,0,3,NaN
3,0,3,NaN
3,0,3,NaN
1,2,3,NaN
2,1,3,0.01081766912568661
1,2,3,NaN
1,2,3,0.018431356320623878
1,2,3,0.043178830138042204
1,2,3,0.02766704178145161
2,1,3,NaN
3,0,3,0.04865788038130383
1,2,3,NaN
1,2,3,NaN
1,2,3,NaN
1,2,3,0.9978058439811702
3,0,3,NaN
1,2,3,0.32204760611626027
2,1,3,0.14771043410747825
2,1,3,0.14701094102636791
1,2,3,0.4005674250897617
1,2,3,0.12850144349580897
3,0,3,0.912484067245082
1,2,3,0.7099946859060099
1,2,3,0.05631407900959844
1,2,3,NaN
1,2,3,NaN
1,2,3,NaN
2,1,3,NaN
1,2,3,0.32204760611626027
1,2,3,NaN
1,2,3,NaN
2,1,3,NaN
1,2,3,NaN
2,1,3,NaN
1,2,3,0.020724062087912304
1,2,3,0.8650076002264386
1,2,3,0.19162884347646872
2,1,3,NaN
3,0,3,NaN
3,0,3,0.32204760611626027
1,2,3,NaN
3,0,3,NaN
3,0,3,NaN
3,0,3,0.4005674250897617
2,1,3,0.14701094102636791
1,2,3,NaN
2,1,3,NaN
1,2,3,NaN
1,2,3,0.16892676507977705
3,0,3,0.04865788038130383
1,2,3,0.35918334633262433
1,2,3,0.4005674250897617
2,1,3,NaN
1,2,3,0.5857933458990237
1,2,3,NaN
1,2,3,0.8014889144615878
2,1,3,NaN
1,2,3,NaN
1,2,3,NaN
1,2,3,0.44866759124185646
2,1,3,0.9370946320424296
2,1,3,0.02766704178145161
1,2,3,NaN
3,0,3,0.6385523147354637
2,1,3,NaN
3,0,3,NaN
1,2,3,0.19948588319994293
2,1,3,NaN
1,2,3,0.7993514950526931
3,0,3,0.4005674250897617
2,1,3,NaN
1,2,3,NaN
1,2,3,0.03201017958990546
2,1,3,0.35918334633262433
3,0,3,NaN
3,0,3,NaN
3,0,3,NaN
2,1,3,NaN
1,2,3,NaN
1,2,3,0.912484067245082
1,2,3,0.7099946859060099
3,0,3,0.5714815171591088
1,2,3,NaN
3,0,3,NaN
3,0,3,NaN
2,1,3,0.08509261982872529
1,2,3,NaN
1,2,3,NaN
1,2,3,0.6291723264168632
1,2,3,0.0981462602611937
1,2,3,NaN
1,2,3,NaN
1,2,3,NaN
2,1,3,NaN
1,2,3,0.8975048543322908
2,1,3,NaN
2,1,3,NaN
1,2,3,0.23423255695371223
3,0,3,NaN
2,1,3,NaN
2,1,3,0.8975048543322908
1,2,3,NaN
1,2,3,NaN
2,1,3,NaN
2,1,3,0.5436724551002615
2,1,3,0.49760645166926687
1,2,3,NaN
2,1,3,NaN
1,2,3,0.694824023856844
1,2,3,0.35918334633262433
1,2,3,0.8255935837441757
3,0,3,NaN
1,2,3,NaN
1,2,3,NaN
1,2,3,0.004715231185707418
1,2,3,NaN
3,0,3,0.2575171068940498
3,0,3,NaN
1,2,3,0.2834774698800048
1,2,3,NaN
2,1,3,0.261743243855165
1,2,3,NaN
3,0,3,0.5218252214183641
1,2,3,0.02766704178145161
3,0,3,NaN
1,2,3,0.08509261982872529
2,1,3,0.6711868417913297
2,1,3,NaN
3,0,3,0.9481906106540485
2,1,3,NaN
1,2,3,NaN
3,0,3,0.5857933458990237
1,2,3,NaN
1,2,3,NaN
2,1,3,NaN
1,2,3,NaN
3,0,3,NaN
2,1,3,0.2506505417905184
1,2,3,0.912484067245082
1,2,3,0.05074168335079138
1,2,3,NaN
2,1,3,0.6711868417913297
1,2,3,NaN
1,2,3,NaN
1,2,3,NaN
1,2,3,0.015390686967911196
2,1,3,0.16892676507977705
3,0,3,0.6291723264168632
2,1,3,0.017885932416267757
1,2,3,NaN
1,2,3,0.04865788038130383
3,0,3,NaN
1,2,3,0.5397797107721384
1,2,3,0.7742996008795586
1,2,3,NaN
1,2,3,0.6291723264168632
3,0,3,0.5857933458990237
1,2,3,NaN
2,1,3,NaN
2,1,3,0.8824229336212897
3,0,3,NaN
1,2,3,0.14701094102636791
3,0,3,0.9426934916221845
2,1,3,NaN
1,2,3,NaN
3,0,3,NaN
1,2,3,0.285231730350609
2,1,3,0.8975048543322908
2,1,3,0.0640450458600324
2,1,3,NaN
1,2,3,NaN
2,1,3,0.964109046255293
3,0,3,NaN
1,2,3,0.8563912342162112
2,1,3,0.44866759124185646
1,2,3,0.8460613307452832
1,2,3,NaN
1,2,3,0.0640450458600324
1,2,3,NaN
1,2,3,NaN
2,1,3,0.14701094102636791
1,2,3,NaN
3,0,3,NaN
1,2,3,NaN
2,1,3,0.888971850453158
2,1,3,0.8014889144615878
1,2,3,NaN
3,0,3,NaN
1,2,3,0.21780701902471042
1,2,3,NaN
1,2,3,0.7435026469914164
1,2,3,NaN
2,1,3,0.8014889144615878
1,2,3,0.6711868417913297
3,0,3,NaN
1,2,3,0.10800842795366589
1,2,3,NaN
2,1,3,0.7099946859060099
1,2,3,0.7099946859060099
2,1,3,NaN
1,2,3,NaN
1,2,3,NaN
2,1,3,NaN
3,0,3,NaN
1,2,3,NaN
1,2,3,0.4005674250897617
2,1,3,NaN
2,1,3,0.6291723264168632
1,2,3,NaN
1,2,3,NaN
2,1,3,NaN
1,2,3,0.593244806431962
1,2,3,NaN
2,1,3,NaN
1,2,3,0.2539560522300245
3,0,3,NaN
1,2,3,NaN
1,2,3,NaN
2,1,3,NaN
2,1,3,NaN
1,2,3,NaN
2,1,3,0.8014889144615878
1,2,3,0.5006634466836978
2,1,3,0.14701094102636791
1,2,3,NaN
2,1,3,NaN
3,0,3,0.5377943263035424
2,1,3,0.5436724551002615
1,2,3,NaN
1,2,3,NaN
1,2,3,0.8255935837441757
2,1,3,0.02766704178145161
1,2,3,NaN
1,2,3,0.5857933458990237
1,2,3,0.7435026469914164
1,2,3,0.7742996008795586
1,2,3,0.8824229336212897
2,1,3,0.010590872004956719
1,2,3,NaN
2,1,3,0.9370946320424296
1,2,3,0.6711868417913297
1,2,3,NaN
2,1,3,0.09845788366090855
2,1,3,0.12850144349580897
2,1,3,NaN
1,2,3,0.9623992879783726
1,2,3,0.9255431095586868
2,1,3,0.6711868417913297
1,2,3,NaN
2,1,3,NaN
1,2,3,NaN
1,2,3,0.8824229336212897
3,0,3,0.912484067245082
2,1,3,0.6291723264168632
2,1,3,0.44866759124185646
1,2,3,NaN
2,1,3,0.7099946859060099
3,0,3,0.31782120465986163
1,2,3,NaN
2,1,3,NaN
1,2,3,0.285231730350609
1,2,3,NaN
1,2,3,0.4005674250897617
2,1,3,NaN
1,2,3,0.9370946320424296
3,0,3,0.9564517636473293
1,2,3,0.8255935837441757
2,1,3,0.11225219921941293
2,1,3,0.7667510028676167
1,2,3,NaN
1,2,3,NaN
3,0,3,0.36810386404377127
3,0,3,0.9370946320424296
1,2,3,NaN
2,1,3,NaN
1,2,3,0.44866759124185646
1,2,3,0.44866759124185646
2,1,3,0.0920135748255001
1,2,3,NaN
1,2,3,NaN
1,2,3,NaN
2,1,3,NaN
2,1,3,NaN
2,1,3,0.041655030385332976
1,2,3,0.11225219921941293
2,1,3,0.6711868417913297
3,0,3,NaN
2,1,3,0.44866759124185646
1,2,3,NaN
2,1,3,0.6291723264168632
2,1,3,0.037988357582684464
1,2,3,NaN
1,2,3,NaN
3,0,3,0.6291723264168632
1,2,3,NaN
1,2,3,NaN
2,1,3,NaN
2,1,3,0.6711868417913297
1,2,3,0.11225219921941293
1,2,3,0.7099946859060099
1,2,3,0.03699915555555507
1,2,3,NaN
3,0,3,NaN
1,2,3,NaN
3,0,3,0.8689230592571754
1,2,3,0.2506505417905184
1,2,3,0.16892676507977705
1,2,3,NaN
2,1,3,NaN
2,1,3,0.8415204856356652
2,1,3,NaN
2,1,3,0.8650076002264386
3,0,3,0.525166588033197
2,1,3,NaN
1,2,3,NaN
2,1,3,NaN
2,1,3,0.8814308215132072
1,2,3,NaN
1,2,3,0.8975048543322908
1,2,3,0.9370946320424296
1,2,3,0.7294185663537489
1,2,3,NaN
2,1,3,NaN
1,2,3,0.7099946859060099
2,1,3,NaN
1,2,3,0.9564517636473293
2,1,3,0.38936923824745223
3,0,3,NaN
3,0,3,NaN
2,1,3,0.8460613307452832
1,2,3,NaN
1,2,3,0.6711868417913297
1,2,3,NaN
1,2,3,0.5436724551002615
1,2,3,NaN
2,1,3,NaN
1,2,3,0.8650076002264386
1,2,3,NaN
3,0,3,0.7099946859060099
2,1,3,0.35918334633262433
1,2,3,NaN
1,2,3,NaN
2,1,3,NaN
1,2,3,0.6291723264168632
2,1,3,0.041655030385332976
1,2,3,NaN
3,0,3,0.35918334633262433
1,2,3,NaN
2,1,3,0.7435026469914164
3,0,3,0.5857933458990237
3,0,3,NaN
1,2,3,NaN
1,2,3,NaN
3,0,3,NaN
2,1,3,0.7435026469914164
1,2,3,NaN
2,1,3,NaN
2,1,3,0.03699915555555507
1,2,3,0.49760645166926687
1,2,3,0.08509261982872529
1,2,3,0.012129405754919683
2,1,3,0.912484067245082
1,2,3,0.7742996008795586
1,2,3,0.7435026469914164
2,1,3,0.02571516411402175
1,2,3,0.03936695334130535
2,1,3,0.8014889144615878
2,1,3,NaN
2,1,3,0.8824229336212897
1,2,3,NaN
1,2,3,NaN
3,0,3,0.12850144349580897
1,2,3,NaN
2,1,3,0.35918334633262433
2,1,3,0.1921949779446829
1,2,3,0.30168664178244803
1,2,3,0.9255431095586868
1,2,3,0.5436724551002615
2,1,3,NaN
1,2,3,0.2506505417905184
3,0,3,0.7591354182000216
1,2,3,NaN
1,2,3,NaN
1,2,3,0.285231730350609
2,1,3,NaN
3,0,3,0.6778366370087895
1,2,3,0.07398859749715625
1,2,3,0.013135794871795524
1,2,3,0.9370946320424296
1,2,3,0.04865788038130383
2,1,3,NaN
1,2,3,NaN
1,2,3,0.49760645166926687
3,0,3,NaN
2,1,3,0.14701094102636791
1,2,3,0.12850144349580897
2,1,3,NaN
1,2,3,0.44866759124185646
1,2,3,NaN
1,2,3,0.7099946859060099
1,2,3,NaN
1,2,3,0.7380462180477425
1,2,3,0.35918334633262433
1,2,3,NaN
1,2,3,NaN
1,2,3,NaN
2,1,3,0.5857933458990237
1,2,3,NaN
1,2,3,NaN
2,1,3,NaN
2,1,3,NaN
2,1,3,NaN
1,2,3,0.44866759124185646
2,1,3,0.49760645166926687
2,1,3,0.017885932416267757
1,2,3,0.21780701902471042
2,1,3,0.0640450458600324
2,1,3,NaN
1,2,3,0.08509261982872529
2,1,3,NaN
2,1,3,0.8824229336212897
3,0,3,NaN
1,2,3,NaN
1,2,3,0.4005674250897617
1,2,3,0.44866759124185646
1,2,3,0.8650076002264386
2,1,3,NaN
1,2,3,NaN
1,2,3,NaN
1,2,3,0.8255935837441757
1,2,3,0.8824229336212897
1,2,3,NaN
2,1,3,0.49760645166926687
3,0,3,NaN
1,2,3,NaN
1,2,3,NaN
2,1,3,0.4005674250897617
2,1,3,0.44866759124185646
1,2,3,NaN
2,1,3,NaN
1,2,3,0.8014889144615878
1,2,3,0.8460613307452832
1,2,3,NaN
1,2,3,NaN
1,2,3,0.21780701902471042
1,2,3,0.12850144349580897
1,2,3,NaN
1,2,3,NaN
1,2,3,NaN
1,2,3,0.14701094102636791
1,2,3,0.0640450458600324
1,2,3,NaN
1,2,3,0.4005674250897617
2,1,3,0.12850144349580897
1,2,3,0.285231730350609
3,0,3,NaN
1,2,3,NaN
2,1,3,NaN
1,2,3,NaN
2,1,3,NaN
1,2,3,NaN
3,0,3,0.32204760611626027
1,2,3,0.285231730350609
1,2,3,0.21780701902471042
1,2,3,0.9703220335374653
1,2,3,0.0981462602611937
2,1,3,NaN
1,2,3,0.023887454499875376
3,0,3,0.5436724551002615
1,2,3,0.11225219921941293
2,1,3,0.8865620174453153
1,2,3,0.35918334633262433
3,0,3,NaN
1,2,3,NaN
2,1,3,0.21780701902471042
2,1,3,0.285231730350609
2,1,3,0.5436724551002615
3,0,3,NaN
3,0,3,NaN
1,2,3,0.8255935837441757
3,0,3,0.004536424518520487
1,2,3,NaN
1,2,3,0.001407576316045037
1,2,3,0.015390686967911196
3,0,3,0.30997140632278397
1,2,3,0.07419055493162045
1,2,3,NaN
1,2,3,NaN
1,2,3,NaN
2,1,3,NaN
2,1,3,NaN
1,2,3,0.44866759124185646
2,1,3,0.5857933458990237
1,2,3,NaN
1,2,3,0.8650076002264386
2,1,3,NaN
1,2,3,0.6291723264168632
1,2,3,NaN
2,1,3,0.32204760611626027
1,2,3,0.573340734184012
2,1,3,NaN
1,2,3,NaN
3,0,3,NaN
1,2,3,NaN
1,2,3,0.964109046255293
1,2,3,NaN
1,2,3,NaN
2,1,3,NaN
1,2,3,NaN
2,1,3,NaN
2,1,3,NaN
1,2,3,0.023802760118764723
2,1,3,0.32204760611626027
1,2,3,0.8255935837441757
1,2,3,0.818604818593013
2,1,3,NaN
1,2,3,0.49760645166926687
1,2,3,NaN
1,2,3,0.7099946859060099
1,2,3,NaN
1,2,3,NaN
2,1,3,NaN
1,2,3,NaN
1,2,3,NaN
1,2,3,0.5436724551002615
3,0,3,0.44866759124185646
1,2,3,NaN
2,1,3,0.8824229336212897
2,1,3,0.4005674250897617
1,2,3,NaN
1,2,3,0.06899165050934054
1,2,3,0.19153638928482689
1,2,3,NaN
1,2,3,0.013135794871795524
1,2,3,NaN
2,1,3,NaN
1,2,3,NaN
3,0,3,0.285231730350609
2,1,3,NaN
1,2,3,NaN
1,2,3,0.28107935694889724
2,1,3,NaN
1,2,3,0.9445616078344479
1,2,3,0.0981462602611937
1,2,3,NaN
2,1,3,0.285231730350609
1,2,3,NaN
1,2,3,NaN
2,1,3,0.22669325348985037
1,2,3,0.079216395306072
3,0,3,NaN
1,2,3,0.6778366370087895
1,2,3,0.912484067245082
1,2,3,NaN
1,2,3,0.7099946859060099
1,2,3,0.7435026469914164
2,1,3,NaN
1,2,3,0.8014889144615878
1,2,3,NaN
2,1,3,NaN
1,2,3,0.9764973997616925
1,2,3,0.8014889144615878
2,1,3,0.8650076002264386
1,2,3,NaN
2,1,3,0.6558343905522988
2,1,3,NaN
1,2,3,NaN
3,0,3,NaN
1,2,3,NaN
2,1,3,NaN
1,2,3,0.7099946859060099
1,2,3,NaN
1,2,3,0.6711868417913297
1,2,3,NaN
1,2,3,0.5857933458990237
1,2,3,0.03184441363446245
1,2,3,NaN
3,0,3,NaN
1,2,3,0.5857933458990237
2,1,3,0.9703220335374653
1,2,3,0.7435026469914164
1,2,3,NaN
1,2,3,0.6291723264168632
1,2,3,0.6291723264168632
2,1,3,NaN
1,2,3,NaN
1,2,3,NaN
2,1,3,NaN
1,2,3,NaN
1,2,3,0.38560638246289386
2,1,3,NaN
2,1,3,NaN
1,2,3,NaN
1,2,3,NaN
2,1,3,0.8650076002264386
1,2,3,0.05631407900959844
1,2,3,NaN
3,0,3,NaN
1,2,3,NaN
2,1,3,NaN
1,2,3,0.6291723264168632
1,2,3,NaN
1,2,3,0.7435026469914164
1,2,3,0.0981462602611937
1,2,3,0.2506505417905184
1,2,3,0.07398859749715625
1,2,3,0.285231730350609
1,2,3,0.21780701902471042
3,0,3,NaN
1,2,3,0.04865788038130383
1,2,3,0.21780701902471042
2,1,3,0.7099946859060099
3,0,3,0.05631407900959844
1,2,3,0.07398859749715625
1,2,3,0.6711868417913297
1,2,3,0.8824229336212897
1,2,3,NaN
1,2,3,NaN
1,2,3,0.8183125105377306
1,2,3,NaN
1,2,3,NaN
1,2,3,0.8014889144615878
1,2,3,0.35918334633262433
1,2,3,0.38115724418110997
2,1,3,NaN
1,2,3,0.8255935837441757
1,2,3,0.6711868417913297
1,2,3,0.8460613307452832
2,1,3,NaN
1,2,3,NaN
1,2,3,NaN
2,1,3,0.11225219921941293
2,1,3,NaN
1,2,3,NaN
1,2,3,NaN
3,0,3,0.8255935837441757
1,2,3,0.04865788038130383
1,2,3,0.8975048543322908
3,0,3,0.8014889144615878
3,0,3,NaN
1,2,3,0.285231730350609
1,2,3,0.5436724551002615
2,1,3,0.9781266601293284
1,2,3,0.6711868417913297
2,1,3,0.0034543746576567416
3,0,3,NaN
2,1,3,NaN
1,2,3,NaN
2,1,3,NaN
3,0,3,0.8255935837441757
3,0,3,NaN
1,2,3,0.8650076002264386
1,2,3,0.44866759124185646
2,1,3,NaN
1,2,3,0.49760645166926687
1,2,3,NaN
2,1,3,NaN
1,2,3,0.7151320155182024
1,2,3,0.009189665523477854
1,2,3,0.8824229336212897
1,2,3,0.08509261982872529
2,1,3,NaN
1,2,3,NaN
1,2,3,0.5436724551002615
2,1,3,0.12850144349580897
2,1,3,NaN
1,2,3,0.5857933458990237
1,2,3,0.9703220335374653
1,2,3,0.7742996008795586
1,2,3,NaN
1,2,3,NaN
3,0,3,0.7435026469914164
2,1,3,0.6711868417913297
2,1,3,NaN
1,2,3,0.7099946859060099
2,1,3,0.8975048543322908
1,2,3,NaN
1,2,3,NaN
1,2,3,0.8975048543322908
2,1,3,NaN
1,2,3,NaN
2,1,3,NaN
1,2,3,NaN
2,1,3,NaN
3,0,3,0.9817557942342455
1,2,3,0.6336906753181866
1,2,3,NaN
1,2,3,0.8460613307452832
1,2,3,0.6711868417913297
2,1,3,0.6711868417913297
1,2,3,0.8460613307452832
1,2,3,0.08509261982872529
2,1,3,0.44866759124185646
2,1,3,NaN
2,1,3,NaN
1,2,3,0.6291723264168632
2,1,3,0.011172931809522797
1,2,3,0.6291723264168632
1,2,3,NaN
1,2,3,0.011172931809522797
3,0,3,0.38397129934486646
2,1,3,NaN
1,2,3,0.7099946859060099
1,2,3,0.8255935837441757
1,2,3,NaN
1,2,3,0.14701094102636791
1,2,3,0.32204760611626027
1,2,3,0.9255431095586868
1,2,3,NaN
1,2,3,0.8460613307452832
1,2,3,NaN
3,0,3,NaN
1,2,3,0.04865788038130383
2,1,3,NaN
1,2,3,0.05631407900959844
2,1,3,0.0981462602611937
1,2,3,0.1921949779446829
1,2,3,0.005643458236270518
1,2,3,0.1921949779446829
1,2,3,0.08509261982872529
1,2,3,NaN
1,2,3,0.35918334633262433
1,2,3,0.5918082825871049
1,2,3,0.2506505417905184
1,2,3,0.6482788176245688
2,1,3,NaN
1,2,3,0.7622932319707106
1,2,3,0.9370946320424296
1,2,3,NaN
1,2,3,0.4005674250897617
2,1,3,NaN
1,2,3,NaN
3,0,3,NaN
2,1,3,0.8014889144615878
1,2,3,0.0009219333639079515
1,2,3,0.4005674250897617
2,1,3,0.5857933458990237
1,2,3,0.7435026469914164
2,1,3,0.8650076002264386
1,2,3,0.4689529251075884
2,1,3,0.1921949779446829
2,1,3,NaN
1,2,3,NaN
2,1,3,0.05545461822880217
1,2,3,NaN
1,2,3,NaN
1,2,3,0.1351160072309584
1,2,3,0.35918334633262433
1,2,3,NaN
1,2,3,NaN
1,2,3,0.16638930977649977
2,1,3,NaN
2,1,3,NaN
1,2,3,NaN
1,2,3,0.5857933458990237
1,2,3,0.6711868417913297
2,1,3,NaN
1,2,3,NaN
1,2,3,NaN
2,1,3,NaN
1,2,3,0.285231730350609
1,2,3,NaN
1,2,3,0.49760645166926687
2,1,3,0.35918334633262433
1,2,3,0.9370946320424296
1,2,3,0.7742996008795586
2,1,3,0.14701094102636791
2,1,3,0.3209939771012437
1,2,3,0.49760645166926687
1,2,3,0.05631407900959844
1,2,3,0.0086511623679141
1,2,3,NaN
1,2,3,0.7099946859060099
1,2,3,0.16892676507977705
1,2,3,0.05447246844862457
1,2,3,NaN
1,2,3,0.03699915555555507
1,2,3,0.4005674250897617
1,2,3,NaN
1,2,3,NaN
1,2,3,NaN
1,2,3,NaN
1,2,3,NaN
1,2,3,NaN
1,2,3,NaN
1,2,3,0.5436724551002615
1,2,3,0.37211110930815977
1,2,3,NaN
1,2,3,0.7435026469914164
1,2,3,0.49760645166926687
1,2,3,0.10067751035784159
2,1,3,NaN
3,0,3,NaN
2,1,3,0.05522173506365306
2,1,3,0.2506505417905184
1,2,3,0.35918334633262433
1,2,3,0.5857933458990237
1,2,3,0.9450420445557755
1,2,3,NaN
1,2,3,NaN
1,2,3,0.8014889144615878
1,2,3,0.017885932416267757
1,2,3,NaN
1,2,3,0.03699915555555507
1,2,3,0.7759806386975252
2,1,3,0.964109046255293
1,2,3,0.08509261982872529
1,2,3,0.21780701902471042
2,1,3,NaN
2,1,3,0.8975048543322908
2,1,3,0.9564517636473293
2,1,3,0.8255935837441757
1,2,3,0.08509261982872529
1,2,3,0.17519703014042512
1,2,3,NaN
1,2,3,NaN
1,2,3,0.4005674250897617
1,2,3,NaN
1,2,3,NaN
1,2,3,0.9703220335374653
1,2,3,0.8014889144615878
1,2,3,0.0009203368758099295
1,2,3,NaN
1,2,3,NaN
1,2,3,0.8650076002264386
2,1,3,NaN
2,1,3,NaN
2,1,3,0.0006373377063043211
2,1,3,0.9817557942342455
1,2,3,0.573340734184012
1,2,3,NaN
1,2,3,0.2506505417905184
1,2,3,NaN
2,1,3,0.8228641940338677
1,2,3,0.1921949779446829
2,1,3,NaN
1,2,3,NaN
1,2,3,NaN
1,2,3,0.0981462602611937
1,2,3,NaN
1,2,3,0.5857933458990237
1,2,3,0.14701094102636791
1,2,3,0.14701094102636791
1,2,3,0.35918334633262433
2,1,3,NaN
1,2,3,NaN
1,2,3,0.09890150669272743
1,2,3,NaN
1,2,3,NaN
1,2,3,NaN
1,2,3,NaN
2,1,3,0.5918082825871049
1,2,3,NaN
1,2,3,0.673391461496842
1,2,3,0.5857933458990237
3,0,3,0.8030051953682895
1,2,3,NaN
2,1,3,NaN
2,1,3,0.07398859749715625
1,2,3,NaN
1,2,3,0.23423255695371223
2,1,3,0.16892676507977705
1,2,3,NaN
2,1,3,NaN
1,2,3,0.5436724551002615
2,1,3,NaN
1,2,3,0.44866759124185646
1,2,3,0.023887454499875376
1,2,3,0.0640450458600324
2,1,3,0.9255431095586868
2,1,3,NaN
1,2,3,0.7468125415102562
1,2,3,NaN
1,2,3,0.5436724551002615
1,2,3,NaN
1,2,3,0.5436724551002615
1,2,3,0.31782120465986163
2,1,3,NaN
1,2,3,0.14269738981026298
2,1,3,0.8014889144615878
1,2,3,0.04620657818044638
2,1,3,NaN
1,2,3,NaN
1,2,3,NaN
1,2,3,NaN
1,2,3,0.12850144349580897
1,2,3,NaN
1,2,3,NaN
1,2,3,NaN
1,2,3,NaN
1,2,3,0.0981462602611937
1,2,3,0.1927728400630304
1,2,3,NaN
1,2,3,0.7137818335919669
2,1,3,NaN
1,2,3,NaN
1,2,3,NaN
1,2,3,NaN
1,2,3,NaN
1,2,3,0.08509261982872529
1,2,3,0.024684452163505222
1,2,3,0.6291723264168632
2,1,3,0.7435026469914164
1,2,3,0.1274585580936567
1,2,3,0.5857933458990237
1,2,3,0.5436724551002615
1,2,3,NaN
2,1,3,0.1921949779446829
2,1,3,NaN
1,2,3,NaN
1,2,3,NaN
1,2,3,NaN
1,2,3,NaN
1,2,3,NaN
1,2,3,NaN
1,2,3,NaN
1,2,3,0.12850144349580897
2,1,3,0.8975048543322908
1,2,3,NaN
1,2,3,0.5741000397391358
1,2,3,0.32204760611626027
1,2,3,NaN
1,2,3,0.32204760611626027
1,2,3,NaN
1,2,3,0.4005674250897617
1,2,3,0.16892676507977705
1,2,3,NaN
1,2,3,NaN
1,2,3,0.21780701902471042
2,1,3,0.5857933458990237
1,2,3,NaN
1,2,3,NaN
3,0,3,0.49760645166926687
1,2,3,0.9370946320424296
1,2,3,0.0981462602611937
1,2,3,0.44866759124185646
1,2,3,0.013644362619582484
1,2,3,0.964109046255293
2,1,3,NaN
1,2,3,0.32204760611626027
1,2,3,0.8975048543322908
1,2,3,0.7435026469914164
1,2,3,0.1921949779446829
1,2,3,0.35918334633262433
1,2,3,0.08509261982872529
1,2,3,NaN
1,2,3,NaN
1,2,3,0.7742996008795586
2,1,3,NaN
1,2,3,NaN
1,2,3,0.7099946859060099
1,2,3,0.8014889144615878
1,2,3,0.8975048543322908
1,2,3,NaN
2,1,3,5.118343614876932e-6
3,0,3,NaN
1,2,3,NaN
1,2,3,NaN
2,1,3,0.9928169178499623
1,2,3,0.35918334633262433
1,2,3,NaN
1,2,3,NaN
1,2,3,0.4005674250897617
1,2,3,0.7742996008795586
1,2,3,0.35918334633262433
1,2,3,0.11332740248835768
1,2,3,NaN
1,2,3,0.2506505417905184
1,2,3,NaN
1,2,3,NaN
2,1,3,NaN
1,2,3,NaN
1,2,3,NaN
1,2,3,7.450472265818934e-5
1,2,3,NaN
1,2,3,0.1921949779446829
2,1,3,NaN
2,1,3,NaN
1,2,3,0.12850144349580897
1,2,3,NaN
1,2,3,0.32204760611626027
1,2,3,0.9703220335374653
2,1,3,NaN
1,2,3,NaN
1,2,3,NaN
1,2,3,0.08509261982872529
1,2,3,0.7099946859060099
2,1,3,NaN
1,2,3,NaN
3,0,3,NaN
1,2,3,0.7435026469914164
1,2,3,0.7112222700502638
1,2,3,0.32204760611626027
1,2,3,NaN
1,2,3,NaN
1,2,3,0.8255935837441757
1,2,3,NaN
1,2,3,NaN
1,2,3,0.8975048543322908
1,2,3,0.285231730350609
1,2,3,NaN
1,2,3,0.8650076002264386
1,2,3,NaN
1,2,3,0.04675918986838493
1,2,3,NaN
1,2,3,0.0640450458600324
1,2,3,NaN
1,2,3,NaN
1,2,3,0.8014889144615878
3,0,3,0.285231730350609
1,2,3,0.9255431095586868
1,2,3,0.8255935837441757
2,1,3,0.5893523530610234
1,2,3,0.5857933458990237
1,2,3,0.4005674250897617
1,2,3,NaN
1,2,3,0.00020620413309366137
1,2,3,NaN
1,2,3,0.9255431095586868
1,2,3,0.21780701902471042
1,2,3,NaN
1,2,3,NaN
1,2,3,0.8460613307452832
1,2,3,NaN
1,2,3,NaN
1,2,3,0.4034646490648176
1,2,3,NaN
1,2,3,NaN
1,2,3,NaN
1,2,3,NaN
1,2,3,0.44866759124185646
1,2,3,NaN
1,2,3,0.2272428437191806
1,2,3,NaN
2,1,3,0.6711868417913297
1,2,3,NaN
1,2,3,0.2506505417905184
3,0,3,0.7435026469914164
1,2,3,0.3216037720011639
1,2,3,0.912484067245082
1,2,3,0.44866759124185646
1,2,3,0.21780701902471042
1,2,3,NaN
1,2,3,NaN
1,2,3,NaN
1,2,3,NaN
1,2,3,0.015390686967911196
1,2,3,0.14701094102636791
1,2,3,0.9764973997616925
1,2,3,NaN
1,2,3,NaN
1,2,3,NaN
1,2,3,NaN
1,2,3,NaN
1,2,3,0.49760645166926687
1,2,3,0.04865788038130383
1,2,3,NaN
1,2,3,NaN
1,2,3,0.7736679054452751
1,2,3,NaN
1,2,3,NaN
1,2,3,0.8460613307452832
1,2,3,0.4005674250897617
1,2,3,NaN
1,2,3,0.8014889144615878
1,2,3,0.8975048543322908
1,2,3,0.4435125150761472
1,2,3,0.5954591008950445
1,2,3,NaN
1,2,3,NaN
1,2,3,NaN
1,2,3,9.229059216235595e-5
1,2,3,0.1921949779446829
1,2,3,NaN
1,2,3,0.7742996008795586
1,2,3,NaN
2,1,3,NaN
2,1,3,NaN
1,2,3,0.6322866162295329
1,2,3,NaN
1,2,3,0.04865788038130383
1,2,3,NaN
1,2,3,NaN
1,2,3,0.5436724551002615
1,2,3,0.14701094102636791
1,2,3,0.16892676507977705
1,2,3,0.9481906106540485
1,2,3,0.8460613307452832
1,2,3,0.8783716166898478
1,2,3,0.05631407900959844
1,2,3,0.2011675717148649
1,2,3,0.012283296068518582
0,3,3,0.11225219921941293
0,3,3,NaN
0,3,3,0.08509261982872529
0,3,3,0.21780701902471042
0,3,3,NaN
0,3,3,0.285231730350609
0,3,3,NaN
0,3,3,0.16892676507977705
0,3,3,0.9325287151382615
0,3,3,0.5436724551002615
0,3,3,NaN
0,3,3,NaN
0,3,3,0.5857933458990237
0,3,3,NaN
0,3,3,0.08509261982872529
0,3,3,0.04879900358240763
0,3,3,0.8650076002264386
0,3,3,NaN
0,3,3,0.7435026469914164
0,3,3,NaN
0,3,3,0.5857933458990237
0,3,3,0.005613845056063607
0,3,3,0.8255935837441757
0,3,3,0.9370946320424296
0,3,3,0.05631407900959844
0,3,3,NaN
0,3,3,NaN
0,3,3,NaN
0,3,3,NaN
0,3,3,0.8975048543322908
0,3,3,NaN
0,3,3,0.8014889144615878
0,3,3,NaN
0,3,3,0.8255935837441757
0,3,3,0.8255935837441757
0,3,3,0.007837788026609073
0,3,3,NaN
0,3,3,NaN
0,3,3,0.7435026469914164
0,3,3,NaN
0,3,3,NaN
0,3,3,NaN
0,3,3,NaN
0,3,3,NaN
0,3,3,NaN
0,3,3,0.964109046255293
0,3,3,0.10800842795366589
0,3,3,NaN
0,3,3,0.32204760611626027
0,3,3,NaN
0,3,3,NaN
0,3,3,0.285231730350609
0,3,3,0.07398859749715625
0,3,3,0.12850144349580897
0,3,3,NaN
0,3,3,0.8255935837441757
0,3,3,NaN
0,3,3,0.4435125150761472
0,3,3,NaN
0,3,3,NaN
0,3,3,NaN
0,3,3,NaN
0,3,3,NaN
0,3,3,NaN
0,3,3,NaN
0,3,3,0.7009427131692695
0,3,3,0.8975048543322908
0,3,3,NaN
0,3,3,0.006531896091517178
0,3,3,0.35918334633262433
0,3,3,NaN
0,3,3,NaN
0,3,3,NaN
0,3,3,NaN
0,3,3,NaN
0,3,3,0.14701094102636791
0,3,3,0.44866759124185646
0,3,3,NaN
0,3,3,NaN
0,3,3,0.285231730350609
0,3,3,0.14701094102636791
0,3,3,0.8824229336212897
0,3,3,0.21780701902471042
0,3,3,0.4005674250897617
0,3,3,NaN
0,3,3,NaN
0,3,3,NaN
0,3,3,0.7435026469914164
0,3,3,NaN
0,3,3,0.49760645166926687
0,3,3,NaN
0,3,3,NaN
0,3,3,NaN
0,3,3,0.6291723264168632
0,3,3,0.7742996008795586
0,3,3,0.023887454499875376
0,3,3,0.1921949779446829
0,3,3,NaN
0,3,3,NaN
0,3,3,0.7742996008795586
0,3,3,0.9564517636473293
0,3,3,0.000571657390636489
0,3,3,0.11225219921941293
0,3,3,NaN
0,3,3,NaN
0,3,3,0.8255935837441757
0,3,3,NaN
0,3,3,NaN
0,3,3,NaN
0,3,3,NaN
0,3,3,0.8460613307452832
0,3,3,NaN
0,3,3,0.8774292142995649
0,3,3,0.8460613307452832
0,3,3,0.16892676507977705
0,3,3,NaN
0,3,3,NaN
0,3,3,0.2506505417905184
0,3,3,NaN
0,3,3,NaN
0,3,3,0.10798972492297984
0,3,3,NaN
0,3,3,0.02766704178145161
0,3,3,NaN
0,3,3,NaN
0,3,3,NaN
0,3,3,NaN
0,3,3,NaN
0,3,3,0.12850144349580897
0,3,3,0.8824229336212897
0,3,3,0.8650076002264386
0,3,3,0.11225219921941293
0,3,3,NaN
0,3,3,NaN
0,3,3,NaN
0,3,3,NaN
0,3,3,0.0981462602611937
0,3,3,NaN
0,3,3,NaN
0,3,3,NaN
0,3,3,NaN
0,3,3,NaN
0,3,3,NaN
0,3,3,NaN
0,3,3,0.08509261982872529
0,3,3,NaN
0,3,3,0.21780701902471042
0,3,3,0.8014889144615878
0,3,3,0.9564517636473293
0,3,3,NaN
0,3,3,NaN
0,3,3,NaN
0,3,3,0.8255935837441757
0,3,3,NaN
0,3,3,NaN
0,3,3,NaN
0,3,3,NaN
0,3,3,0.08509261982872529
0,3,3,0.07398859749715625
0,3,3,NaN
0,3,3,0.9481906106540485
0,3,3,NaN
0,3,3,0.6820870832964295
0,3,3,NaN
0,3,3,NaN
0,3,3,0.9196946032837124
0,3,3,0.6291723264168632
0,3,3,NaN
0,3,3,0.35138760765392246
0,3,3,NaN
0,3,3,NaN
0,3,3,NaN
0,3,3,NaN
0,3,3,0.912484067245082
0,3,3,0.6291723264168632
0,3,3,0.7435026469914164
0,3,3,0.0981462602611937
0,3,3,0.14701094102636791
0,3,3,NaN
0,3,3,NaN
0,3,3,NaN
0,3,3,NaN
0,3,3,0.21780701902471042
0,3,3,NaN
0,3,3,NaN
0,3,3,NaN
0,3,3,0.6711868417913297
0,3,3,0.49760645166926687
0,3,3,NaN
0,3,3,NaN
0,3,3,NaN
0,3,3,NaN
0,3,3,0.5857933458990237
0,3,3,NaN
0,3,3,0.3056426540685002
0,3,3,NaN
0,3,3,0.4005674250897617
0,3,3,0.1921949779446829
0,3,3,NaN
0,3,3,NaN
0,3,3,NaN
0,3,3,NaN
0,3,3,NaN
0,3,3,0.9370946320424296
0,3,3,NaN
0,3,3,NaN
0,3,3,NaN
0,3,3,NaN
0,3,3,0.7435026469914164
0,3,3,0.21765835732923872
0,3,3,NaN
0,3,3,0.8014889144615878
0,3,3,NaN
0,3,3,0.5857933458990237
0,3,3,0.023208137295970474
0,3,3,0.09575499505217593
0,3,3,NaN
0,3,3,NaN
0,3,3,NaN
0,3,3,0.8650076002264386
0,3,3,NaN
0,3,3,NaN
0,3,3,NaN
0,3,3,0.7435026469914164
0,3,3,0.16892676507977705
0,3,3,NaN
0,3,3,NaN
0,3,3,NaN
0,3,3,NaN
0,3,3,NaN
0,3,3,NaN
0,3,3,0.009189665523477854
0,3,3,0.2506505417905184
0,3,3,0.35918334633262433
0,3,3,NaN
0,3,3,NaN
0,3,3,NaN
0,3,3,NaN
0,3,3,0.6291723264168632
0,3,3,NaN
0,3,3,0.12850144349580897
0,3,3,NaN
0,3,3,NaN
0,3,3,0.6291723264168632
0,3,3,NaN
0,3,3,NaN
0,3,3,0.013135794871795524
0,3,3,NaN
0,3,3,NaN
0,3,3,0.11225219921941293
0,3,3,0.21780701902471042
0,3,3,NaN
0,3,3,0.7742996008795586
0,3,3,NaN
0,3,3,NaN
0,3,3,NaN
0,3,3,NaN
0,3,3,0.4005674250897617
0,3,3,0.5857933458990237
0,3,3,NaN
0,3,3,0.1921949779446829
0,3,3,0.1921949779446829
0,3,3,0.8975048543322908
0,3,3,NaN
0,3,3,NaN
0,3,3,0.11225219921941293
0,3,3,NaN
0,3,3,NaN
0,3,3,NaN
0,3,3,0.2506505417905184
0,3,3,NaN
0,3,3,NaN
0,3,3,0.5857933458990237
0,3,3,NaN
0,3,3,NaN
0,3,3,NaN
0,3,3,NaN
0,3,3,0.6291723264168632
0,3,3,NaN
0,3,3,NaN
0,3,3,0.7099946859060099
0,3,3,NaN
0,3,3,0.0640450458600324
0,3,3,0.4005674250897617
0,3,3,0.964109046255293
0,3,3,NaN
0,3,3,0.8728633420836748
0,3,3,0.2925302080168306
0,3,3,0.07398859749715625
0,3,3,NaN
0,3,3,NaN
0,3,3,NaN
0,3,3,NaN
0,3,3,0.03184441363446245
0,3,3,0.11199046302891189
0,3,3,NaN
0,3,3,NaN
0,3,3,0.6711868417913297
0,3,3,NaN
0,3,3,0.11225219921941293
0,3,3,NaN
0,3,3,NaN
0,3,3,NaN
0,3,3,0.8650076002264386
0,3,3,NaN
0,3,3,NaN
0,3,3,NaN
0,3,3,NaN
0,3,3,NaN
0,3,3,NaN
0,3,3,0.8014889144615878
0,3,3,NaN
0,3,3,NaN
0,3,3,NaN
0,3,3,NaN
0,3,3,NaN
0,3,3,NaN
0,3,3,NaN
0,3,3,NaN
0,3,3,0.6291723264168632
0,3,3,0.8490048883169583
0,3,3,0.469726180235576
0,3,3,NaN
0,3,3,NaN
0,3,3,0.9481906106540485
0,3,3,0.2771748316747471
0,3,3,NaN
0,3,3,0.49760645166926687
0,3,3,NaN
0,3,3,0.12123267305519134
0,3,3,0.1921949779446829
0,3,3,0.49760645166926687
0,3,3,NaN
0,3,3,NaN
0,3,3,NaN
0,3,3,0.285231730350609
0,3,3,0.21780701902471042
0,3,3,NaN
0,3,3,0.020724062087912304
0,3,3,NaN
0,3,3,0.9703220335374653
0,3,3,NaN
0,3,3,0.6711868417913297
0,3,3,0.8824229336212897
0,3,3,NaN
0,3,3,0.7099946859060099
0,3,3,NaN
0,3,3,0.21780701902471042
0,3,3,0.6291723264168632
0,3,3,0.8650076002264386
0,3,3,0.041655030385332976
0,3,3,NaN
0,3,3,NaN
0,3,3,0.32204760611626027
0,3,3,0.32204760611626027
0,3,3,NaN
0,3,3,NaN
0,3,3,0.19515270893828304
0,3,3,NaN
0,3,3,NaN
0,3,3,NaN
0,3,3,0.6291723264168632
0,3,3,0.2002351374651444
0,3,3,NaN
0,3,3,0.05631407900959844
0,3,3,0.14701094102636791
0,3,3,0.9255431095586868
0,3,3,NaN
0,3,3,NaN
0,3,3,0.35918334633262433
0,3,3,NaN
0,3,3,NaN
0,3,3,NaN
0,3,3,NaN
0,3,3,NaN
0,3,3,0.285231730350609
0,3,3,NaN
0,3,3,NaN
0,3,3,NaN
0,3,3,0.6711868417913297
0,3,3,NaN
0,3,3,NaN
0,3,3,0.8867069467910329
0,3,3,NaN
0,3,3,NaN
0,3,3,0.8460613307452832
0,3,3,NaN
0,3,3,NaN
0,3,3,0.9978058439811702
0,3,3,0.35918334633262433
0,3,3,NaN
0,3,3,NaN
0,3,3,NaN
0,3,3,NaN
0,3,3,0.6291723264168632
0,3,3,0.7435026469914164
0,3,3,NaN
0,3,3,NaN
0,3,3,NaN
0,3,3,0.5857933458990237
0,3,3,NaN
0,3,3,NaN
0,3,3,NaN
0,3,3,NaN
0,3,3,NaN
0,3,3,0.5436724551002615
0,3,3,0.21780701902471042
0,3,3,NaN
0,3,3,NaN
0,3,3,0.14701094102636791
0,3,3,0.04865788038130383
0,3,3,NaN
0,3,3,NaN
0,3,3,0.9899262932434983
0,3,3,0.4005674250897617
0,3,3,NaN
0,3,3,NaN
0,3,3,NaN
0,3,3,0.5857933458990237
0,3,3,NaN
0,3,3,0.8650076002264386
0,3,3,NaN
0,3,3,0.7099946859060099
0,3,3,NaN
0,3,3,0.9481906106540485
0,3,3,NaN
0,3,3,0.32204760611626027
0,3,3,NaN
0,3,3,NaN
0,3,3,0.16892676507977705
0,3,3,0.912484067245082
0,3,3,NaN
0,3,3,NaN
0,3,3,NaN
0,3,3,0.041655030385332976
0,3,3,0.5600037470599741
0,3,3,NaN
0,3,3,NaN
0,3,3,NaN
0,3,3,NaN
0,3,3,0.8014889144615878
0,3,3,NaN
0,3,3,0.9564517636473293
0,3,3,NaN
0,3,3,NaN
0,3,3,NaN
0,3,3,0.8014889144615878
0,3,3,NaN
0,3,3,NaN
0,3,3,NaN
0,3,3,NaN
0,3,3,0.9703220335374653
0,3,3,NaN
0,3,3,0.32204760611626027
0,3,3,NaN
0,3,3,NaN
0,3,3,0.7742996008795586
0,3,3,0.32204760611626027
0,3,3,NaN
0,3,3,NaN
0,3,3,0.001090343115366971
0,3,3,NaN
0,3,3,NaN
0,3,3,NaN
0,3,3,0.8014889144615878
0,3,3,NaN
0,3,3,0.285231730350609
0,3,3,0.8124238838051626
0,3,3,0.4005674250897617
0,3,3,0.7742996008795586
0,3,3,NaN
0,3,3,NaN
0,3,3,0.7742996008795586
0,3,3,0.285231730350609
0,3,3,0.7099946859060099
0,3,3,NaN
0,3,3,NaN
0,3,3,0.285231730350609
0,3,3,0.14701094102636791
0,3,3,0.44866759124185646
0,3,3,0.8650076002264386
0,3,3,0.30251226269365405
0,3,3,0.9255431095586868
0,3,3,0.9963401800767422
0,3,3,0.912484067245082
0,3,3,0.0981462602611937
0,3,3,0.2758060046510331
0,3,3,0.35918334633262433
0,3,3,0.285231730350609
0,3,3,0.2506505417905184
0,3,3,0.8460613307452832
0,3,3,0.9370946320424296
0,3,3,NaN
0,3,3,NaN
0,3,3,NaN
0,3,3,0.8824229336212897
0,3,3,NaN
0,3,3,NaN
0,3,3,0.32204760611626027
0,3,3,NaN
0,3,3,0.7099946859060099
0,3,3,NaN
0,3,3,NaN
0,3,3,NaN
0,3,3,NaN
0,3,3,0.34015209663335544
0,3,3,NaN
0,3,3,0.6711868417913297
0,3,3,0.44866759124185646
0,3,3,NaN
0,3,3,NaN
0,3,3,NaN
0,3,3,NaN
0,3,3,0.6291723264168632
0,3,3,NaN
0,3,3,NaN
0,3,3,0.8460613307452832
0,3,3,0.4005674250897617
0,3,3,NaN
0,3,3,0.4005674250897617
0,3,3,NaN
0,3,3,0.9703220335374653
0,3,3,0.7742996008795586
0,3,3,0.35918334633262433
0,3,3,NaN
0,3,3,0.285231730350609
0,3,3,0.0086511623679141
0,3,3,NaN
0,3,3,NaN
0,3,3,0.017885932416267757
0,3,3,NaN
0,3,3,0.12850144349580897
0,3,3,NaN
0,3,3,NaN
0,3,3,NaN
0,3,3,0.9255431095586868
0,3,3,0.6291723264168632
0,3,3,NaN
0,3,3,NaN
0,3,3,0.9481906106540485
0,3,3,NaN
0,3,3,NaN
0,3,3,0.7742996008795586
0,3,3,NaN
0,3,3,0.9481906106540485
0,3,3,NaN
0,3,3,0.2506505417905184
0,3,3,NaN
0,3,3,0.9370946320424296
0,3,3,NaN
0,3,3,0.8824229336212897
0,3,3,NaN
0,3,3,NaN
0,3,3,0.4005674250897617
0,3,3,0.8824229336212897
0,3,3,NaN
0,3,3,0.285231730350609
0,3,3,NaN
0,3,3,NaN
0,3,3,NaN
0,3,3,NaN
0,3,3,NaN
0,3,3,0.7435026469914164
0,3,3,0.7435026469914164
0,3,3,NaN
0,3,3,NaN
0,3,3,NaN
0,3,3,0.8650076002264386
0,3,3,0.16892676507977705
0,3,3,NaN
0,3,3,0.5857933458990237
0,3,3,0.16892676507977705
0,3,3,NaN
0,3,3,NaN
0,3,3,0.3803603934698832
0,3,3,NaN
0,3,3,NaN
0,3,3,0.5436724551002615
0,3,3,NaN
0,3,3,NaN
0,3,3,NaN
0,3,3,0.0981462602611937
0,3,3,0.2506505417905184
0,3,3,NaN
0,3,3,0.12850144349580897
0,3,3,NaN
0,3,3,NaN
0,3,3,NaN
0,3,3,NaN
0,3,3,NaN
0,3,3,0.6660113704158962
0,3,3,0.285231730350609
0,3,3,NaN
0,3,3,NaN
0,3,3,0.16892676507977705
0,3,3,NaN
0,3,3,0.285231730350609
0,3,3,NaN
0,3,3,NaN
0,3,3,0.11225219921941293
0,3,3,NaN
0,3,3,NaN
0,3,3,NaN
0,3,3,NaN
0,3,3,NaN
0,3,3,NaN
0,3,3,0.9255431095586868
0,3,3,0.6711868417913297
0,3,3,NaN
0,3,3,0.11225219921941293
0,3,3,NaN
0,3,3,NaN
0,3,3,NaN
0,3,3,0.9564517636473293
0,3,3,NaN
0,3,3,0.5857933458990237
0,3,3,0.8824229336212897
0,3,3,NaN
0,3,3,NaN
0,3,3,0.16892676507977705
0,3,3,NaN
0,3,3,NaN
0,3,3,NaN
0,3,3,NaN
0,3,3,NaN
0,3,3,NaN
0,3,3,0.5436724551002615
0,3,3,NaN
0,3,3,NaN
0,3,3,NaN
0,3,3,NaN
0,3,3,NaN
0,3,3,0.5436724551002615
0,3,3,0.2506505417905184
0,3,3,NaN
0,3,3,0.5857933458990237
0,3,3,NaN
0,3,3,NaN
0,3,3,NaN
0,3,3,0.16892676507977705
0,3,3,0.7435026469914164
0,3,3,NaN
0,3,3,NaN
0,3,3,NaN
0,3,3,0.7742996008795586
0,3,3,0.5857933458990237
0,3,3,NaN
0,3,3,NaN
0,3,3,NaN
0,3,3,NaN
0,3,3,0.32204760611626027
0,3,3,NaN
0,3,3,NaN
0,3,3,NaN
0,3,3,NaN
0,3,3,0.7435026469914164
0,3,3,0.49760645166926687
0,3,3,0.32204760611626027
0,3,3,0.7742996008795586
0,3,3,NaN
0,3,3,NaN
0,3,3,NaN
0,3,3,NaN
0,3,3,0.6711868417913297
0,3,3,NaN
0,3,3,NaN
0,3,3,NaN
0,3,3,0.009664023909743382
0,3,3,NaN
0,3,3,0.14701094102636791
0,3,3,0.8460613307452832
0,3,3,0.7742996008795586
0,3,3,NaN
0,3,3,NaN
0,3,3,NaN
0,3,3,NaN
0,3,3,NaN
0,3,3,0.5533981031839429
0,3,3,0.8975048543322908
0,3,3,0.0981462602611937
0,3,3,0.6711868417913297
0,3,3,0.8255935837441757
0,3,3,0.5436724551002615
0,3,3,0.5857933458990237
0,3,3,NaN
0,3,3,NaN
0,3,3,0.2506505417905184
0,3,3,0.21780701902471042
0,3,3,0.6291723264168632
0,3,3,0.21780701902471042
0,3,3,0.8975048543322908
0,3,3,NaN
0,3,3,NaN
0,3,3,0.8255935837441757
0,3,3,0.9101578846703543
0,3,3,NaN
0,3,3,NaN
0,3,3,NaN
0,3,3,NaN
0,3,3,0.013135794871795524
0,3,3,NaN
0,3,3,NaN
0,3,3,NaN
0,3,3,NaN
0,3,3,NaN
0,3,3,0.5857933458990237
0,3,3,0.9747884587038907
0,3,3,0.6711868417913297
0,3,3,0.8255935837441757
0,3,3,NaN
0,3,3,0.8650076002264386
0,3,3,NaN
0,3,3,0.04865788038130383
0,3,3,NaN
0,3,3,NaN
0,3,3,0.4005674250897617
0,3,3,0.32204760611626027
0,3,3,NaN
0,3,3,0.5857933458990237
0,3,3,NaN
0,3,3,NaN
0,3,3,NaN
0,3,3,NaN
0,3,3,0.21627268575236883
0,3,3,NaN
0,3,3,NaN
0,3,3,NaN
0,3,3,NaN
0,3,3,NaN
0,3,3,NaN
0,3,3,0.8014889144615878
0,3,3,0.9764973997616925
0,3,3,0.32204760611626027
0,3,3,NaN
0,3,3,NaN
0,3,3,0.8460613307452832
0,3,3,NaN
0,3,3,NaN
0,3,3,NaN
0,3,3,0.9764973997616925
0,3,3,NaN
0,3,3,NaN
0,3,3,NaN
0,3,3,0.4005674250897617
0,3,3,NaN
0,3,3,0.6543124580576938
0,3,3,NaN
0,3,3,0.12850144349580897
0,3,3,0.9564517636473293
0,3,3,NaN
0,3,3,NaN
0,3,3,NaN
0,3,3,NaN
0,3,3,0.8255935837441757
0,3,3,0.8824229336212897
0,3,3,NaN
0,3,3,NaN
0,3,3,NaN
0,3,3,NaN
0,3,3,0.4005674250897617
0,3,3,NaN
0,3,3,NaN
0,3,3,NaN
0,3,3,0.009189665523477854
0,3,3,NaN
0,3,3,NaN
0,3,3,NaN
0,3,3,0.4005674250897617
0,3,3,NaN
0,3,3,0.5436724551002615
0,3,3,NaN
0,3,3,NaN
0,3,3,NaN
0,3,3,NaN
0,3,3,0.03018046932898454
0,3,3,0.041655030385332976
0,3,3,NaN
0,3,3,NaN
0,3,3,0.12850144349580897
0,3,3,0.32204760611626027
0,3,3,NaN
0,3,3,NaN
0,3,3,0.44866759124185646
0,3,3,NaN
0,3,3,NaN
0,3,3,NaN
0,3,3,0.6711868417913297
0,3,3,NaN
0,3,3,0.7742996008795586
0,3,3,0.03184441363446245
0,3,3,NaN
0,3,3,NaN
0,3,3,NaN
0,3,3,0.623850765618913
0,3,3,0.9928169178499623
0,3,3,NaN
0,3,3,NaN
0,3,3,NaN
0,3,3,NaN
0,3,3,0.912484067245082
0,3,3,0.32204760611626027
0,3,3,0.14701094102636791
0,3,3,NaN
0,3,3,NaN
0,3,3,NaN
0,3,3,NaN
0,3,3,NaN
0,3,3,NaN
0,3,3,0.6291723264168632
0,3,3,NaN
0,3,3,0.44866759124185646
0,3,3,NaN
0,3,3,NaN
0,3,3,NaN
0,3,3,NaN
0,3,3,NaN
0,3,3,0.7435026469914164
0,3,3,NaN
0,3,3,NaN
0,3,3,NaN
0,3,3,0.020724062087912304
0,3,3,NaN
0,3,3,NaN
0,3,3,NaN
0,3,3,NaN
0,3,3,NaN
0,3,3,NaN
0,3,3,NaN
0,3,3,NaN
0,3,3,0.7742996008795586
0,3,3,NaN
0,3,3,0.02766704178145161
0,3,3,NaN
0,3,3,NaN
0,3,3,NaN
0,3,3,0.21780701902471042
0,3,3,0.285231730350609
0,3,3,NaN
0,3,3,NaN
0,3,3,0.7742996008795586
0,3,3,NaN
0,3,3,0.8824229336212897
0,3,3,NaN
0,3,3,0.912484067245082
0,3,3,0.7742996008795586
0,3,3,0.8650076002264386
0,3,3,0.041655030385332976
0,3,3,NaN
0,3,3,NaN
0,3,3,0.11225219921941293
0,3,3,NaN
0,3,3,0.015390686967911196
0,3,3,NaN
0,3,3,NaN
0,3,3,0.9944283618336152
0,3,3,0.015390686967911196
0,3,3,0.44866759124185646
0,3,3,0.44866759124185646
0,3,3,NaN
0,3,3,0.9481906106540485
0,3,3,0.5857933458990237
0,3,3,0.9564517636473293
0,3,3,NaN
0,3,3,NaN
0,3,3,NaN
0,3,3,0.8650076002264386
0,3,3,NaN
0,3,3,0.7435026469914164
0,3,3,0.6711868417913297
0,3,3,NaN
0,3,3,NaN
0,3,3,0.08509261982872529
0,3,3,0.029254241637388902
0,3,3,NaN
0,3,3,NaN
0,3,3,0.49760645166926687
0,3,3,0.32204760611626027
0,3,3,NaN
0,3,3,0.7435026469914164
0,3,3,NaN
0,3,3,0.6711868417913297
0,3,3,0.0981462602611937
0,3,3,NaN
0,3,3,NaN
0,3,3,NaN
0,3,3,NaN
0,3,3,NaN
0,3,3,0.49760645166926687
0,3,3,NaN
0,3,3,0.12850144349580897
0,3,3,0.8650076002264386
0,3,3,NaN
0,3,3,0.964109046255293
0,3,3,0.49760645166926687
0,3,3,0.6051807231555205
0,3,3,NaN
0,3,3,0.35918334633262433
0,3,3,0.8975048543322908
0,3,3,NaN
0,3,3,NaN
0,3,3,0.020724062087912304
0,3,3,NaN
0,3,3,0.35918334633262433
0,3,3,NaN
0,3,3,NaN
0,3,3,0.19981971543485721
0,3,3,0.285231730350609
0,3,3,0.9899262932434983
0,3,3,NaN
0,3,3,0.9370946320424296
0,3,3,0.03737504119612238
0,3,3,0.5436724551002615
0,3,3,NaN
0,3,3,0.07398859749715625
0,3,3,NaN
0,3,3,NaN
0,3,3,NaN
0,3,3,0.44866759124185646
0,3,3,0.020724062087912304
0,3,3,NaN
0,3,3,NaN
0,3,3,NaN
0,3,3,0.6291723264168632
0,3,3,0.21780701902471042
0,3,3,NaN
0,3,3,NaN
0,3,3,NaN
0,3,3,NaN
0,3,3,0.9947688305796785
0,3,3,0.02766704178145161
0,3,3,0.964109046255293
0,3,3,NaN
0,3,3,0.4005674250897617
0,3,3,0.7099946859060099
0,3,3,NaN
0,3,3,NaN
0,3,3,0.573340734184012
0,3,3,0.912484067245082
0,3,3,NaN
0,3,3,0.2506505417905184
0,3,3,0.21780701902471042
0,3,3,0.9255431095586868
0,3,3,NaN
0,3,3,NaN
0,3,3,NaN
0,3,3,0.9494980072657516
0,3,3,NaN
0,3,3,0.8255935837441757
0,3,3,NaN
0,3,3,NaN
0,3,3,0.9481906106540485
0,3,3,0.1921949779446829
0,3,3,0.9947688305796785
0,3,3,0.0981462602611937
0,3,3,0.912484067245082
0,3,3,NaN
0,3,3,NaN
0,3,3,0.8336182995579308
0,3,3,0.8014889144615878
0,3,3,NaN
0,3,3,0.8650076002264386
0,3,3,NaN
0,3,3,NaN
0,3,3,0.9370946320424296
0,3,3,0.5857933458990237
0,3,3,NaN
0,3,3,NaN
0,3,3,NaN
0,3,3,NaN
0,3,3,0.8255935837441757
0,3,3,0.009449598134419864
0,3,3,NaN
0,3,3,0.9765831103168002
0,3,3,NaN
0,3,3,0.14701094102636791
0,3,3,NaN
0,3,3,NaN
0,3,3,NaN
0,3,3,0.7099946859060099
0,3,3,NaN
0,3,3,0.03699915555555507
0,3,3,0.8824229336212897
0,3,3,0.44866759124185646
0,3,3,0.6711868417913297
0,3,3,NaN
0,3,3,0.4005674250897617
0,3,3,0.44866759124185646
0,3,3,NaN
0,3,3,NaN
0,3,3,NaN
0,3,3,NaN
0,3,3,0.6711868417913297
0,3,3,0.5424987914431505
0,3,3,NaN
0,3,3,NaN
0,3,3,NaN
0,3,3,0.6291723264168632
0,3,3,NaN
0,3,3,NaN
0,3,3,NaN
0,3,3,0.49760645166926687
0,3,3,NaN
0,3,3,NaN
0,3,3,0.011658703039369788
0,3,3,0.6291723264168632
0,3,3,NaN
0,3,3,0.9370946320424296
0,3,3,NaN
0,3,3,0.9370946320424296
0,3,3,0.11225219921941293
0,3,3,NaN
0,3,3,0.5973601378544783
0,3,3,0.07398859749715625
0,3,3,NaN
0,3,3,NaN
0,3,3,0.6711868417913297
0,3,3,0.8255935837441757
0,3,3,NaN
0,3,3,0.8255935837441757
0,3,3,NaN
0,3,3,NaN
0,3,3,0.7435026469914164
0,3,3,NaN
0,3,3,0.2506505417905184
0,3,3,NaN
0,3,3,0.07398859749715625
0,3,3,NaN
0,3,3,NaN
0,3,3,0.5524495365661486
0,3,3,NaN
0,3,3,0.034603566560108864
0,3,3,0.05631407900959844
0,3,3,0.11966237405276293
0,3,3,0.8014889144615878
0,3,3,NaN
0,3,3,NaN
0,3,3,0.9370946320424296
0,3,3,NaN
0,3,3,NaN
0,3,3,NaN
0,3,3,NaN
0,3,3,0.49760645166926687
0,3,3,0.11225219921941293
0,3,3,NaN
0,3,3,NaN
0,3,3,NaN
0,3,3,NaN
0,3,3,0.12850144349580897
0,3,3,0.4005674250897617
0,3,3,0.2506505417905184
0,3,3,NaN
0,3,3,0.9862691009837826
0,3,3,0.11225219921941293
0,3,3,NaN
0,3,3,0.21780701902471042
0,3,3,0.7742996008795586
0,3,3,NaN
0,3,3,NaN
0,3,3,NaN
0,3,3,NaN
0,3,3,0.7099946859060099
0,3,3,0.21780701902471042
0,3,3,NaN
0,3,3,0.4005674250897617
0,3,3,NaN
0,3,3,NaN
0,3,3,NaN
0,3,3,NaN
0,3,3,NaN
0,3,3,0.7435026469914164
0,3,3,NaN
0,3,3,NaN
0,3,3,0.7889072102334247
0,3,3,NaN
0,3,3,0.21780701902471042
0,3,3,NaN
0,3,3,0.4005674250897617
0,3,3,0.07170107740691434
0,3,3,0.44866759124185646
0,3,3,NaN
0,3,3,NaN
0,3,3,NaN
0,3,3,0.2506505417905184
0,3,3,NaN
0,3,3,0.8650076002264386
0,3,3,0.041655030385332976
0,3,3,0.9481906106540485
0,3,3,NaN
0,3,3,0.8975048543322908
0,3,3,0.285231730350609
0,3,3,0.1921949779446829
0,3,3,NaN
0,3,3,NaN
0,3,3,0.8255935837441757
0,3,3,0.7435026469914164
0,3,3,0.32204760611626027
0,3,3,0.02766704178145161
0,3,3,NaN
0,3,3,NaN
0,3,3,NaN
0,3,3,0.35918334633262433
0,3,3,NaN
0,3,3,NaN
0,3,3,0.7294185663537489
0,3,3,0.8975048543322908
0,3,3,0.44866759124185646
0,3,3,0.7742996008795586
0,3,3,0.44511883529085744
0,3,3,NaN
0,3,3,NaN
0,3,3,0.285231730350609
0,3,3,0.912484067245082
0,3,3,NaN
0,3,3,NaN
0,3,3,NaN
0,3,3,NaN
0,3,3,NaN
0,3,3,0.8255935837441757
0,3,3,NaN
0,3,3,NaN
0,3,3,NaN
0,3,3,NaN
0,3,3,0.35918334633262433
0,3,3,0.8014889144615878
0,3,3,NaN
0,3,3,0.11225219921941293
0,3,3,NaN
0,3,3,0.8255935837441757
0,3,3,NaN
0,3,3,NaN
0,3,3,NaN
0,3,3,0.8255935837441757
0,3,3,NaN
0,3,3,NaN
0,3,3,NaN
0,3,3,NaN
0,3,3,NaN
0,3,3,0.7577610379389524
0,3,3,0.8014889144615878
0,3,3,NaN
0,3,3,NaN
0,3,3,0.285231730350609
0,3,3,NaN
0,3,3,NaN
0,3,3,NaN
0,3,3,0.6654561633372911
0,3,3,NaN
0,3,3,0.8975048543322908
0,3,3,NaN
0,3,3,NaN
0,3,3,0.8460613307452832
0,3,3,NaN
0,3,3,NaN
0,3,3,NaN
0,3,3,NaN
0,3,3,NaN
0,3,3,0.8460613307452832
0,3,3,NaN
0,3,3,0.7435026469914164
0,3,3,0.6291723264168632
0,3,3,0.285231730350609
0,3,3,0.8975048543322908
0,3,3,NaN
0,3,3,0.7435026469914164
0,3,3,NaN
0,3,3,NaN
0,3,3,8.78602292729148e-6
0,3,3,0.08509261982872529
0,3,3,NaN
0,3,3,NaN
0,3,3,0.32204760611626027
0,3,3,0.285231730350609
0,3,3,NaN
0,3,3,NaN
0,3,3,NaN
0,3,3,0.35918334633262433
0,3,3,0.49760645166926687
0,3,3,NaN
0,3,3,0.912484067245082
0,3,3,0.32204760611626027
0,3,3,NaN
0,3,3,NaN
0,3,3,0.11225219921941293
0,3,3,0.9255431095586868
0,3,3,NaN
0,3,3,NaN
0,3,3,NaN
0,3,3,NaN
0,3,3,0.7435026469914164
0,3,3,NaN
0,3,3,0.44866759124185646
0,3,3,NaN
0,3,3,0.010835642310493087
0,3,3,0.9370946320424296
0,3,3,NaN
0,3,3,0.9817557942342455
0,3,3,0.49760645166926687
0,3,3,NaN
0,3,3,0.026095158220402984
0,3,3,NaN
0,3,3,NaN
0,3,3,0.8975048543322908
0,3,3,NaN
0,3,3,NaN
0,3,3,NaN
0,3,3,0.21780701902471042
0,3,3,NaN
0,3,3,NaN
0,3,3,NaN
0,3,3,NaN
0,3,3,NaN
0,3,3,0.285231730350609
0,3,3,NaN
0,3,3,NaN
0,3,3,0.9251111857035039
0,3,3,0.5164356725874716
0,3,3,NaN
0,3,3,NaN
0,3,3,0.8824229336212897
0,3,3,NaN
0,3,3,NaN
0,3,3,NaN
0,3,3,NaN
0,3,3,0.5973601378544783
0,3,3,0.5857933458990237
0,3,3,NaN
0,3,3,NaN
0,3,3,NaN
0,3,3,0.0981462602611937
0,3,3,0.023887454499875376
0,3,3,NaN
0,3,3,NaN
0,3,3,NaN
0,3,3,NaN
0,3,3,0.27758428179235645
0,3,3,0.49760645166926687
0,3,3,0.5857933458990237
0,3,3,NaN
0,3,3,NaN
0,3,3,0.8650076002264386
0,3,3,0.9255431095586868
0,3,3,NaN
0,3,3,NaN
0,3,3,NaN
0,3,3,NaN
0,3,3,NaN
0,3,3,0.11837731021914769
0,3,3,0.5857933458990237
0,3,3,NaN
0,3,3,0.912484067245082
0,3,3,NaN
0,3,3,0.8650076002264386
0,3,3,0.0981462602611937
0,3,3,NaN
0,3,3,NaN
0,3,3,0.5857933458990237
0,3,3,0.14701094102636791
0,3,3,NaN
0,3,3,0.23026497568984214
0,3,3,NaN
0,3,3,0.912484067245082
0,3,3,NaN
0,3,3,0.6711868417913297
0,3,3,NaN
0,3,3,0.6291723264168632
0,3,3,NaN
0,3,3,NaN
0,3,3,0.35918334633262433
0,3,3,0.21780701902471042
0,3,3,0.49760645166926687
0,3,3,NaN
0,3,3,0.46909514903742233
0,3,3,NaN
0,3,3,NaN
0,3,3,NaN
0,3,3,NaN
0,3,3,0.16892676507977705
0,3,3,NaN
0,3,3,NaN
0,3,3,0.4005674250897617
0,3,3,0.017885932416267757
0,3,3,0.9127182654405132
0,3,3,NaN
0,3,3,NaN
0,3,3,NaN
0,3,3,0.44866759124185646
0,3,3,NaN
0,3,3,0.7435026469914164
0,3,3,0.14701094102636791
0,3,3,NaN
0,3,3,0.4005674250897617
0,3,3,NaN
0,3,3,0.7742996008795586
0,3,3,0.8014889144615878
0,3,3,NaN
0,3,3,0.9941326154508604
0,3,3,NaN
0,3,3,0.4005674250897617
0,3,3,NaN
0,3,3,NaN
0,3,3,NaN
0,3,3,0.03737504119612238
0,3,3,NaN
0,3,3,NaN
0,3,3,NaN
0,3,3,NaN
0,3,3,NaN
0,3,3,0.49760645166926687
0,3,3,0.1921949779446829
0,3,3,0.8975048543322908
0,3,3,NaN
0,3,3,0.8824229336212897
0,3,3,NaN
0,3,3,NaN
0,3,3,0.285231730350609
0,3,3,NaN
0,3,3,0.5436724551002615
0,3,3,0.7742996008795586
0,3,3,NaN
0,3,3,0.7742996008795586
0,3,3,0.07398859749715625
0,3,3,NaN
0,3,3,0.839427047273718
0,3,3,NaN
0,3,3,NaN
0,3,3,NaN
0,3,3,NaN
0,3,3,0.6291723264168632
0,3,3,NaN
0,3,3,0.912484067245082
0,3,3,NaN
0,3,3,0.8824229336212897
0,3,3,NaN
0,3,3,0.8014889144615878
0,3,3,NaN
0,3,3,0.4005674250897617
0,3,3,NaN
0,3,3,0.2506505417905184
0,3,3,NaN
0,3,3,NaN
0,3,3,NaN
0,3,3,0.4005674250897617
0,3,3,NaN
0,3,3,NaN
0,3,3,0.7742996008795586
0,3,3,0.912484067245082
0,3,3,0.964109046255293
0,3,3,0.285231730350609
0,3,3,0.593244806431962
0,3,3,NaN
0,3,3,0.11225219921941293
0,3,3,0.44866759124185646
0,3,3,NaN
0,3,3,NaN
0,3,3,NaN
0,3,3,0.285231730350609
0,3,3,NaN
0,3,3,NaN
0,3,3,NaN
0,3,3,0.6711868417913297
0,3,3,0.007837788026609073
0,3,3,0.6291723264168632
0,3,3,NaN
0,3,3,NaN
0,3,3,NaN
0,3,3,NaN
0,3,3,0.7616511801355498
0,3,3,NaN
0,3,3,NaN
0,3,3,NaN
0,3,3,0.05631407900959844
0,3,3,NaN
0,3,3,0.7742996008795586
0,3,3,NaN
0,3,3,0.16892676507977705
0,3,3,NaN
0,3,3,NaN
0,3,3,0.6986044899021137
0,3,3,NaN
0,3,3,NaN
0,3,3,NaN
0,3,3,NaN
0,3,3,0.5857933458990237
0,3,3,NaN
0,3,3,NaN
0,3,3,0.2506505417905184
0,3,3,NaN
0,3,3,0.8014889144615878
0,3,3,NaN
0,3,3,0.912484067245082
0,3,3,NaN
0,3,3,NaN
0,3,3,0.9255431095586868
0,3,3,NaN
0,3,3,NaN
0,3,3,0.8415204856356652
0,3,3,NaN
0,3,3,NaN
0,3,3,NaN
0,3,3,0.5857933458990237
0,3,3,NaN
0,3,3,NaN
0,3,3,0.5436724551002615
0,3,3,NaN
0,3,3,NaN
0,3,3,NaN
0,3,3,NaN
0,3,3,0.8650076002264386
0,3,3,NaN
0,3,3,NaN
0,3,3,0.4005674250897617
0,3,3,NaN
0,3,3,0.07518074906969482
0,3,3,0.0640450458600324
0,3,3,0.10399606953986804
0,3,3,0.964109046255293
0,3,3,NaN
0,3,3,NaN
0,3,3,NaN
0,3,3,NaN
0,3,3,0.05631407900959844
0,3,3,0.7435026469914164
0,3,3,NaN
0,3,3,NaN
0,3,3,NaN
0,3,3,0.00023897904843441016
0,3,3,0.9564517636473293
0,3,3,NaN
0,3,3,0.8014889144615878
0,3,3,NaN
0,3,3,NaN
0,3,3,NaN
0,3,3,0.285231730350609
0,3,3,NaN
0,3,3,0.44866759124185646
0,3,3,NaN
0,3,3,0.041655030385332976
0,3,3,NaN
0,3,3,NaN
0,3,3,NaN
0,3,3,NaN
0,3,3,0.07398859749715625
0,3,3,0.16892676507977705
0,3,3,NaN
0,3,3,NaN
0,3,3,0.35918334633262433
0,3,3,0.8975048543322908
0,3,3,NaN
0,3,3,0.7099946859060099
0,3,3,0.16892676507977705
0,3,3,NaN
0,3,3,0.8014889144615878
0,3,3,NaN
0,3,3,0.4005674250897617
0,3,3,NaN
0,3,3,NaN
0,3,3,0.4005674250897617
0,3,3,0.44866759124185646
0,3,3,0.9370946320424296
0,3,3,NaN
0,3,3,NaN
0,3,3,NaN
0,3,3,0.0981462602611937
0,3,3,NaN
0,3,3,0.12850144349580897
0,3,3,0.12850144349580897
0,3,3,0.6291723264168632
0,3,3,NaN
0,3,3,NaN
0,3,3,NaN
0,3,3,NaN
0,3,3,0.6711868417913297
0,3,3,NaN
0,3,3,0.4005674250897617
0,3,3,0.8650076002264386
0,3,3,NaN
0,3,3,0.9481906106540485
0,3,3,0.4005674250897617
0,3,3,NaN
0,3,3,0.02766704178145161
0,3,3,NaN
0,3,3,NaN
0,3,3,0.08509261982872529
0,3,3,0.6291723264168632
0,3,3,NaN
0,3,3,NaN
0,3,3,0.16892676507977705
0,3,3,NaN
0,3,3,NaN
0,3,3,NaN
0,3,3,NaN
0,3,3,NaN
0,3,3,NaN
0,3,3,NaN
0,3,3,0.4005674250897617
0,3,3,NaN
0,3,3,0.7435026469914164
0,3,3,0.912484067245082
0,3,3,0.6291723264168632
0,3,3,0.7099946859060099
0,3,3,NaN
0,3,3,NaN
0,3,3,0.8014889144615878
0,3,3,NaN
0,3,3,NaN
0,3,3,NaN
0,3,3,0.912484067245082
0,3,3,NaN
0,3,3,0.7099946859060099
0,3,3,0.2506505417905184
0,3,3,NaN
0,3,3,0.6711868417913297
0,3,3,NaN
0,3,3,NaN
0,3,3,NaN
0,3,3,NaN
0,3,3,NaN
0,3,3,0.7435026469914164
0,3,3,0.9928169178499623
0,3,3,0.6291723264168632
0,3,3,0.49760645166926687
0,3,3,NaN
0,3,3,0.8255935837441757
0,3,3,NaN
0,3,3,NaN
0,3,3,0.03699915555555507
0,3,3,0.16892676507977705
0,3,3,0.16892676507977705
0,3,3,0.2073868387608447
0,3,3,0.9564517636473293
0,3,3,0.020724062087912304
0,3,3,0.5994977129152708
0,3,3,0.7099946859060099
0,3,3,0.3333387510921559
0,3,3,0.11225219921941293
0,3,3,NaN
0,3,3,NaN
0,3,3,NaN
0,3,3,0.5857933458990237
0,3,3,NaN
0,3,3,NaN
0,3,3,0.6609269070683205
0,3,3,0.8824229336212897
0,3,3,0.30954146811586597
0,3,3,NaN
0,3,3,NaN
0,3,3,NaN
0,3,3,NaN
0,3,3,NaN
0,3,3,NaN
0,3,3,0.49760645166926687
0,3,3,0.0005994088296708571
0,3,3,NaN
0,3,3,0.8255935837441757
0,3,3,0.6291723264168632
0,3,3,NaN
0,3,3,NaN
0,3,3,NaN
0,3,3,NaN
0,3,3,0.8975048543322908
0,3,3,NaN
0,3,3,NaN
0,3,3,NaN
0,3,3,NaN
0,3,3,NaN
0,3,3,NaN
0,3,3,NaN
0,3,3,NaN
0,3,3,NaN
0,3,3,0.44866759124185646
0,3,3,0.5436724551002615
0,3,3,0.9095267401942154
0,3,3,NaN
0,3,3,0.11225219921941293
0,3,3,NaN
0,3,3,0.2506505417905184
0,3,3,0.4005674250897617
0,3,3,NaN
0,3,3,NaN
0,3,3,NaN
0,3,3,NaN
0,3,3,NaN
0,3,3,0.7099946859060099
0,3,3,NaN
0,3,3,NaN
0,3,3,NaN
0,3,3,NaN
0,3,3,NaN
0,3,3,NaN
0,3,3,NaN
0,3,3,NaN
0,3,3,0.9370946320424296
0,3,3,NaN
0,3,3,NaN
0,3,3,NaN
0,3,3,NaN
0,3,3,0.0025871195317778333
0,3,3,NaN
0,3,3,NaN
0,3,3,NaN
0,3,3,NaN
0,3,3,NaN
0,3,3,0.8824229336212897
0,3,3,NaN
0,3,3,NaN
0,3,3,NaN
0,3,3,5.285949424435922e-8
0,3,3,0.8014889144615878
0,3,3,0.7435026469914164
0,3,3,NaN
0,3,3,NaN
0,3,3,0.9928169178499623
0,3,3,NaN
0,3,3,NaN
0,3,3,NaN
0,3,3,NaN
0,3,3,NaN
0,3,3,0.285231730350609
0,3,3,NaN
0,3,3,NaN
0,3,3,NaN
0,3,3,NaN
0,3,3,0.2506505417905184
0,3,3,NaN
0,3,3,0.21780701902471042
0,3,3,NaN
0,3,3,NaN
0,3,3,0.06899165050934054
0,3,3,NaN
0,3,3,0.9564517636473293
0,3,3,NaN
0,3,3,0.912484067245082
0,3,3,0.7435026469914164
0,3,3,NaN
0,3,3,NaN
0,3,3,0.9817557942342455
0,3,3,NaN
0,3,3,NaN
0,3,3,NaN
0,3,3,NaN
0,3,3,0.1921949779446829
0,3,3,0.05631407900959844
0,3,3,NaN
0,3,3,NaN
0,3,3,0.9255431095586868
0,3,3,0.8824229336212897
0,3,3,NaN
0,3,3,0.8650076002264386
0,3,3,0.8996668849240429
0,3,3,NaN
0,3,3,NaN
0,3,3,0.44866759124185646
0,3,3,NaN
0,3,3,NaN
0,3,3,NaN
0,3,3,0.0640450458600324
0,3,3,NaN
0,3,3,NaN
0,3,3,0.16892676507977705
0,3,3,NaN
0,3,3,0.03699915555555507
0,3,3,NaN
0,3,3,NaN
0,3,3,NaN
0,3,3,NaN
0,3,3,NaN
0,3,3,NaN
0,3,3,0.8255935837441757
0,3,3,0.8975048543322908
0,3,3,NaN
0,3,3,NaN
0,3,3,NaN
0,3,3,NaN
0,3,3,NaN
0,3,3,0.2506505417905184
0,3,3,NaN
0,3,3,NaN
0,3,3,0.9481906106540485
0,3,3,0.16892676507977705
0,3,3,0.9481906106540485
0,3,3,0.6711868417913297
0,3,3,NaN
0,3,3,0.285231730350609
0,3,3,NaN
0,3,3,NaN
0,3,3,0.9703220335374653
0,3,3,0.5857933458990237
0,3,3,0.12850144349580897
0,3,3,NaN
0,3,3,0.14701094102636791
0,3,3,NaN
0,3,3,NaN
0,3,3,0.0640450458600324
0,3,3,0.285231730350609
0,3,3,0.9764973997616925
0,3,3,0.49760645166926687
0,3,3,0.12850144349580897
0,3,3,0.49760645166926687
0,3,3,NaN
0,3,3,0.35918334633262433
0,3,3,NaN
0,3,3,0.06365920686565253
0,3,3,NaN
0,3,3,0.04865788038130383
0,3,3,NaN
0,3,3,0.8650076002264386
0,3,3,0.7294185663537489
0,3,3,0.8975048543322908
0,3,3,NaN
0,3,3,0.013135794871795524
0,3,3,NaN
0,3,3,NaN
0,3,3,NaN
0,3,3,NaN
0,3,3,NaN
0,3,3,NaN
0,3,3,NaN
0,3,3,0.5436724551002615
0,3,3,NaN
0,3,3,0.05147297701583594
0,3,3,0.9481906106540485
0,3,3,0.1921949779446829
0,3,3,0.49760645166926687
0,3,3,NaN
0,3,3,NaN
0,3,3,0.4005674250897617
0,3,3,0.16892676507977705
0,3,3,0.9764973997616925
0,3,3,NaN
0,3,3,NaN
0,3,3,NaN
0,3,3,NaN
0,3,3,0.9255431095586868
0,3,3,0.949313872611324
0,3,3,NaN
0,3,3,NaN
0,3,3,0.0981462602611937
0,3,3,NaN
0,3,3,0.21780701902471042
0,3,3,NaN
0,3,3,0.9481906106540485
0,3,3,0.04865788038130383
0,3,3,NaN
0,3,3,0.239116756104008
0,3,3,0.8975048543322908
0,3,3,0.8460613307452832
0,3,3,0.988523507803451
0,3,3,0.16892676507977705
0,3,3,NaN
0,3,3,0.44866759124185646
0,3,3,0.6291723264168632
0,3,3,0.9416945559953335
0,3,3,0.8460613307452832
0,3,3,NaN
0,3,3,NaN
0,3,3,0.1921949779446829
0,3,3,NaN
0,3,3,0.7759806386975252
0,3,3,0.6711868417913297
0,3,3,0.6711868417913297
0,3,3,0.9764973997616925
0,3,3,NaN
0,3,3,NaN
0,3,3,NaN
0,3,3,NaN
0,3,3,0.03184441363446245
0,3,3,NaN
0,3,3,NaN
0,3,3,NaN
0,3,3,NaN
0,3,3,0.2591615899409879
0,3,3,NaN
0,3,3,NaN
0,3,3,NaN
0,3,3,NaN
0,3,3,0.35918334633262433
0,3,3,NaN
0,3,3,0.07398859749715625
0,3,3,NaN
0,3,3,0.2506505417905184
0,3,3,0.285231730350609
0,3,3,NaN
0,3,3,NaN
0,3,3,NaN
0,3,3,NaN
0,3,3,0.028600353510540095
0,3,3,NaN
0,3,3,NaN
0,3,3,0.07567244187590082
0,3,3,NaN
0,3,3,0.6469624364723477
0,3,3,NaN
0,3,3,NaN
0,3,3,NaN
0,3,3,NaN
0,3,3,NaN
0,3,3,0.49760645166926687
0,3,3,NaN
0,3,3,NaN
0,3,3,NaN
0,3,3,0.8477885022596601
0,3,3,0.6711868417913297
0,3,3,NaN
0,3,3,NaN
0,3,3,0.14701094102636791
0,3,3,NaN
0,3,3,0.8255935837441757
0,3,3,NaN
0,3,3,NaN
0,3,3,NaN
0,3,3,0.7099946859060099
0,3,3,0.8824229336212897
0,3,3,0.7742996008795586
0,3,3,NaN
0,3,3,0.7435026469914164
0,3,3,NaN
0,3,3,NaN
0,3,3,0.3851295139181143
0,3,3,0.2506505417905184
0,3,3,0.6291723264168632
0,3,3,0.16892676507977705
0,3,3,NaN
0,3,3,NaN
0,3,3,NaN
0,3,3,NaN
0,3,3,0.912484067245082
0,3,3,NaN
0,3,3,NaN
0,3,3,0.13222299127193157
0,3,3,0.12850144349580897
0,3,3,0.11225219921941293
0,3,3,0.07398859749715625
0,3,3,NaN
0,3,3,NaN
0,3,3,0.2506505417905184
0,3,3,0.006531896091517178
0,3,3,NaN
0,3,3,NaN
0,3,3,NaN
0,3,3,NaN
0,3,3,0.6291723264168632
0,3,3,NaN
0,3,3,NaN
0,3,3,NaN
0,3,3,NaN
0,3,3,0.6170306909979111
0,3,3,NaN
0,3,3,0.32204760611626027
0,3,3,NaN
0,3,3,0.8255935837441757
0,3,3,0.7009427131692695
0,3,3,0.35918334633262433
0,3,3,0.5857933458990237
0,3,3,NaN
0,3,3,NaN
0,3,3,NaN
0,3,3,0.6558343905522988
0,3,3,0.9564517636473293
0,3,3,NaN
0,3,3,NaN
0,3,3,0.8650076002264386
0,3,3,0.912484067245082
0,3,3,NaN
0,3,3,NaN
0,3,3,NaN
0,3,3,NaN
0,3,3,NaN
0,3,3,NaN
0,3,3,0.21780701902471042
0,3,3,NaN
0,3,3,0.964109046255293
0,3,3,0.8460613307452832
0,3,3,NaN
0,3,3,NaN
0,3,3,0.6323293258163198
0,3,3,NaN
0,3,3,0.041655030385332976
0,3,3,NaN
0,3,3,NaN
0,3,3,NaN
0,3,3,0.4005674250897617
0,3,3,NaN
0,3,3,NaN
0,3,3,0.07398859749715625
0,3,3,NaN
0,3,3,0.20940303286125617
0,3,3,0.5857933458990237
0,3,3,NaN
0,3,3,NaN
0,3,3,NaN
0,3,3,NaN
0,3,3,NaN
0,3,3,NaN
0,3,3,0.49760645166926687
0,3,3,0.1050775856224164
0,3,3,0.49760645166926687
0,3,3,NaN
0,3,3,NaN
0,3,3,0.8255935837441757
0,3,3,0.285231730350609
0,3,3,NaN
0,3,3,0.6291723264168632
0,3,3,NaN
0,3,3,NaN
0,3,3,0.8014889144615878
0,3,3,NaN
0,3,3,0.5389559291536357
0,3,3,NaN
0,3,3,NaN
0,3,3,NaN
0,3,3,NaN
0,3,3,NaN
0,3,3,0.9703220335374653
0,3,3,NaN
0,3,3,0.6291723264168632
0,3,3,NaN
0,3,3,NaN
0,3,3,0.08105221125709644
0,3,3,NaN
0,3,3,0.0004276046139178376
0,3,3,NaN
0,3,3,NaN
0,3,3,0.022194144857593516
0,3,3,NaN
0,3,3,0.5436724551002615
0,3,3,NaN
0,3,3,NaN
0,3,3,NaN
0,3,3,0.9445885260760961
0,3,3,NaN
0,3,3,0.8014889144615878
0,3,3,NaN
0,3,3,0.9481906106540485
0,3,3,NaN
0,3,3,0.060235224195803155
0,3,3,0.6711868417913297
0,3,3,NaN
0,3,3,NaN
0,3,3,0.8824229336212897
0,3,3,NaN
0,3,3,NaN
0,3,3,0.21780701902471042
0,3,3,NaN
0,3,3,0.8975048543322908
0,3,3,NaN
0,3,3,NaN
0,3,3,0.14701094102636791
0,3,3,NaN
0,3,3,NaN
0,3,3,0.7742996008795586
0,3,3,0.7099946859060099
0,3,3,NaN
0,3,3,NaN
0,3,3,0.8501047751356421
0,3,3,NaN
0,3,3,0.0640450458600324
0,3,3,0.35918334633262433
0,3,3,NaN
0,3,3,NaN
0,3,3,0.07398859749715625
0,3,3,NaN
0,3,3,0.44866759124185646
0,3,3,NaN
0,3,3,NaN
0,3,3,NaN
0,3,3,0.8975048543322908
0,3,3,NaN
0,3,3,0.2506505417905184
0,3,3,0.4005674250897617
0,3,3,NaN
0,3,3,NaN
0,3,3,0.49760645166926687
0,3,3,0.2506505417905184
0,3,3,NaN
0,3,3,NaN
0,3,3,NaN
0,3,3,0.44866759124185646
0,3,3,NaN
0,3,3,0.8460613307452832
0,3,3,6.265038842156651e-5
0,3,3,NaN
0,3,3,NaN
0,3,3,0.14701094102636791
0,3,3,NaN
0,3,3,NaN
0,3,3,NaN
0,3,3,0.32204760611626027
0,3,3,NaN
0,3,3,NaN
0,3,3,0.8014889144615878
0,3,3,NaN
0,3,3,NaN
0,3,3,0.2506505417905184
0,3,3,NaN
0,3,3,0.49760645166926687
0,3,3,NaN
0,3,3,NaN
0,3,3,0.05631407900959844
0,3,3,0.8249512880916652
0,3,3,0.011172931809522797
0,3,3,NaN
0,3,3,0.285231730350609
0,3,3,NaN
0,3,3,NaN
0,3,3,0.44866759124185646
0,3,3,NaN
0,3,3,NaN
0,3,3,NaN
0,3,3,0.6291723264168632
0,3,3,NaN
0,3,3,NaN
0,3,3,NaN
0,3,3,NaN
0,3,3,NaN
0,3,3,NaN
0,3,3,NaN
0,3,3,NaN
0,3,3,NaN
0,3,3,0.9255431095586868
0,3,3,NaN
0,3,3,NaN
0,3,3,0.6291723264168632
0,3,3,NaN
0,3,3,0.5436724551002615
0,3,3,NaN
0,3,3,NaN
0,3,3,NaN
0,3,3,NaN
0,3,3,0.6711868417913297
0,3,3,NaN
0,3,3,0.041655030385332976
0,3,3,NaN
0,3,3,NaN
0,3,3,0.5436724551002615
0,3,3,NaN
0,3,3,0.041655030385332976
0,3,3,NaN
0,3,3,0.285231730350609
0,3,3,0.7742996008795586
0,3,3,0.8460613307452832
0,3,3,0.6609269070683205
0,3,3,0.16892676507977705
0,3,3,0.49760645166926687
0,3,3,NaN
0,3,3,0.4005674250897617
0,3,3,0.703189615672816
0,3,3,0.0981462602611937
0,3,3,0.9255431095586868
0,3,3,0.7742996008795586
0,3,3,NaN
0,3,3,NaN
0,3,3,0.015390686967911196
0,3,3,NaN
0,3,3,NaN
0,3,3,NaN
0,3,3,0.8014889144615878
0,3,3,0.8650076002264386
0,3,3,0.6291723264168632
0,3,3,0.5857933458990237
0,3,3,0.32204760611626027
0,3,3,0.0004973747572820508
0,3,3,NaN
0,3,3,NaN
0,3,3,0.023887454499875376
0,3,3,NaN
0,3,3,NaN
0,3,3,0.008028817081710684
0,3,3,NaN
0,3,3,NaN
0,3,3,0.1921949779446829
0,3,3,0.6264404878779569
0,3,3,0.5857933458990237
0,3,3,NaN
0,3,3,NaN
0,3,3,NaN
0,3,3,NaN
0,3,3,0.1921949779446829
0,3,3,NaN
0,3,3,NaN
0,3,3,NaN
0,3,3,0.8824229336212897
0,3,3,NaN
0,3,3,NaN
0,3,3,NaN
0,3,3,0.44866759124185646
0,3,3,0.1921949779446829
0,3,3,0.11225219921941293
0,3,3,0.35918334633262433
0,3,3,NaN
0,3,3,NaN
0,3,3,NaN
0,3,3,NaN
0,3,3,0.023887454499875376
0,3,3,NaN
0,3,3,NaN
0,3,3,NaN
0,3,3,NaN
0,3,3,0.7332621476946317
0,3,3,0.44866759124185646
0,3,3,NaN
0,3,3,0.44866759124185646
0,3,3,NaN
0,3,3,0.35918334633262433
0,3,3,0.32204760611626027
0,3,3,0.05631407900959844
0,3,3,0.12850144349580897
0,3,3,NaN
0,3,3,0.21780701902471042
0,3,3,NaN
0,3,3,NaN
0,3,3,0.6291723264168632
0,3,3,0.0640450458600324
0,3,3,0.6291723264168632
0,3,3,0.21780701902471042
0,3,3,NaN
0,3,3,NaN
0,3,3,0.3487329678553452
0,3,3,0.1921949779446829
0,3,3,NaN
0,3,3,NaN
0,3,3,0.05631407900959844
0,3,3,0.04392944593519748
0,3,3,0.1921949779446829
0,3,3,NaN
0,3,3,NaN
0,3,3,NaN
0,3,3,0.7742996008795586
0,3,3,0.912484067245082
0,3,3,NaN
0,3,3,NaN
0,3,3,NaN
0,3,3,NaN
0,3,3,0.004715231185707418
0,3,3,0.32204760611626027
0,3,3,NaN
0,3,3,NaN
0,3,3,NaN
0,3,3,0.5741000397391358
0,3,3,NaN
0,3,3,NaN
0,3,3,NaN
0,3,3,0.8975048543322908
0,3,3,NaN
0,3,3,NaN
0,3,3,0.8460613307452832
0,3,3,0.9817557942342455
0,3,3,0.8460613307452832
0,3,3,NaN
0,3,3,0.7435026469914164
0,3,3,0.1921949779446829
0,3,3,NaN
0,3,3,0.4005674250897617
0,3,3,NaN
0,3,3,NaN
0,3,3,0.9564517636473293
0,3,3,NaN
0,3,3,NaN
0,3,3,NaN
0,3,3,0.49760645166926687
0,3,3,0.6711868417913297
0,3,3,NaN
0,3,3,NaN
0,3,3,0.16892676507977705
0,3,3,NaN
0,3,3,NaN
0,3,3,0.4005674250897617
0,3,3,0.5436724551002615
0,3,3,0.8339990739474855
0,3,3,NaN
0,3,3,NaN
0,3,3,NaN
0,3,3,NaN
0,3,3,NaN
0,3,3,0.05631407900959844
0,3,3,0.017885932416267757
0,3,3,0.5436724551002615
0,3,3,NaN
0,3,3,NaN
0,3,3,0.38936923824745223
0,3,3,0.03699915555555507
0,3,3,0.8014889144615878
0,3,3,0.6711868417913297
0,3,3,NaN
0,3,3,NaN
0,3,3,NaN
0,3,3,NaN
0,3,3,NaN
0,3,3,NaN
0,3,3,0.0981462602611937
0,3,3,NaN
0,3,3,NaN
0,3,3,NaN
0,3,3,NaN
0,3,3,0.6291723264168632
0,3,3,0.8014889144615878
0,3,3,0.0981462602611937
0,3,3,NaN
0,3,3,0.14701094102636791
0,3,3,NaN
0,3,3,0.08509261982872529
0,3,3,NaN
0,3,3,0.6291723264168632
0,3,3,NaN
0,3,3,NaN
0,3,3,0.1614505063404361
0,3,3,NaN
0,3,3,NaN
0,3,3,0.8255935837441757
0,3,3,0.44866759124185646
0,3,3,NaN
0,3,3,NaN
0,3,3,NaN
0,3,3,NaN
0,3,3,0.5857933458990237
0,3,3,NaN
0,3,3,0.49760645166926687
0,3,3,0.44866759124185646
0,3,3,NaN
0,3,3,NaN
0,3,3,NaN
0,3,3,NaN
0,3,3,0.6711868417913297
0,3,3,0.02457144616090492
0,3,3,NaN
0,3,3,0.8014889144615878
0,3,3,NaN
0,3,3,NaN
0,3,3,0.49760645166926687
0,3,3,0.03699915555555507
0,3,3,0.285231730350609
0,3,3,NaN
0,3,3,0.16892676507977705
0,3,3,NaN
0,3,3,NaN
0,3,3,NaN
0,3,3,0.7112222700502638
0,3,3,0.9817557942342455
0,3,3,NaN
0,3,3,NaN
0,3,3,0.04812370126666399
0,3,3,0.4005674250897617
0,3,3,NaN
0,3,3,0.00977617219226848
0,3,3,NaN
0,3,3,NaN
0,3,3,0.49760645166926687
0,3,3,0.5857933458990237
0,3,3,0.6291723264168632
0,3,3,0.6291723264168632
0,3,3,NaN
0,3,3,NaN
0,3,3,0.2506505417905184
0,3,3,NaN
0,3,3,0.6711868417913297
0,3,3,0.7099946859060099
0,3,3,0.07398859749715625
0,3,3,NaN
0,3,3,0.5857933458990237
0,3,3,NaN
0,3,3,NaN
0,3,3,0.08509261982872529
0,3,3,NaN
0,3,3,0.4005674250897617
0,3,3,0.8484881998762267
0,3,3,0.12850144349580897
0,3,3,NaN
0,3,3,0.023887454499875376
0,3,3,0.11225219921941293
0,3,3,NaN
0,3,3,0.32204760611626027
0,3,3,0.5857933458990237
0,3,3,0.11225219921941293
0,3,3,NaN
0,3,3,0.2506505417905184
0,3,3,0.21780701902471042
0,3,3,NaN
0,3,3,0.3079756958839948
0,3,3,0.8975048543322908
0,3,3,0.6291723264168632
0,3,3,NaN
0,3,3,NaN
0,3,3,NaN
0,3,3,NaN
0,3,3,NaN
0,3,3,NaN
0,3,3,NaN
0,3,3,0.44866759124185646
0,3,3,NaN
0,3,3,0.9963401800767422
0,3,3,0.5857933458990237
0,3,3,NaN
0,3,3,NaN
0,3,3,NaN
0,3,3,0.05631407900959844
0,3,3,NaN
0,3,3,0.5436724551002615
0,3,3,NaN
0,3,3,NaN
0,3,3,NaN
0,3,3,NaN
0,3,3,NaN
0,3,3,0.44866759124185646
0,3,3,NaN
0,3,3,NaN
0,3,3,NaN
0,3,3,NaN
0,3,3,0.9947688305796785
0,3,3,NaN
0,3,3,0.7486616206934282
0,3,3,0.8460613307452832
0,3,3,NaN
0,3,3,0.5436724551002615
0,3,3,NaN
0,3,3,NaN
0,3,3,0.04865788038130383
0,3,3,NaN
0,3,3,NaN
0,3,3,0.2506505417905184
0,3,3,NaN
0,3,3,0.9947688305796785
0,3,3,NaN
0,3,3,0.9370946320424296
0,3,3,0.44866759124185646
0,3,3,NaN
0,3,3,NaN
0,3,3,NaN
0,3,3,NaN
0,3,3,NaN
0,3,3,NaN
0,3,3,0.5436724551002615
0,3,3,NaN
0,3,3,NaN
0,3,3,0.49760645166926687
0,3,3,NaN
0,3,3,NaN
0,3,3,NaN
0,3,3,NaN
0,3,3,NaN
0,3,3,NaN
0,3,3,NaN
0,3,3,0.5351183934168399
0,3,3,0.5436724551002615
0,3,3,0.06703494871461006
0,3,3,0.285231730350609
0,3,3,0.5741000397391358
0,3,3,NaN
0,3,3,NaN
0,3,3,NaN
0,3,3,0.7099946859060099
0,3,3,0.6778366370087895
0,3,3,NaN
0,3,3,NaN
0,3,3,0.8975048543322908
0,3,3,NaN
0,3,3,NaN
0,3,3,0.285231730350609
0,3,3,NaN
0,3,3,NaN
0,3,3,0.05631407900959844
0,3,3,NaN
0,3,3,NaN
0,3,3,NaN
0,3,3,0.6291723264168632
0,3,3,0.9564517636473293
0,3,3,NaN
0,3,3,NaN
0,3,3,0.003388024908652437
0,3,3,0.5268217733535703
0,3,3,NaN
0,3,3,NaN
0,3,3,NaN
0,3,3,NaN
0,3,3,0.2506505417905184
0,3,3,NaN
0,3,3,NaN
0,3,3,0.002088298285054436
0,3,3,0.9481906106540485
0,3,3,NaN
0,3,3,0.9370946320424296
0,3,3,0.44866759124185646
0,3,3,NaN
0,3,3,NaN
0,3,3,NaN
0,3,3,NaN
0,3,3,0.285231730350609
0,3,3,0.16892676507977705
0,3,3,NaN
0,3,3,0.8014889144615878
0,3,3,0.4005674250897617
0,3,3,NaN
0,3,3,0.5857933458990237
0,3,3,NaN
0,3,3,NaN
0,3,3,0.7805972743731514
0,3,3,NaN
0,3,3,NaN
0,3,3,0.16892676507977705
0,3,3,NaN
0,3,3,0.8824229336212897
0,3,3,NaN
0,3,3,NaN
0,3,3,NaN
0,3,3,NaN
0,3,3,0.041655030385332976
0,3,3,0.21780701902471042
0,3,3,NaN
0,3,3,0.1921949779446829
0,3,3,NaN
0,3,3,NaN
0,3,3,0.8255935837441757
0,3,3,NaN
0,3,3,NaN
0,3,3,NaN
0,3,3,NaN
0,3,3,NaN
0,3,3,0.0017219555076963594
0,3,3,NaN
0,3,3,NaN
0,3,3,NaN
0,3,3,NaN
0,3,3,NaN
0,3,3,0.7099946859060099
0,3,3,NaN
0,3,3,NaN
0,3,3,0.8975048543322908
0,3,3,NaN
0,3,3,0.020724062087912304
0,3,3,0.21780701902471042
0,3,3,0.7742996008795586
0,3,3,NaN
0,3,3,NaN
0,3,3,0.32204760611626027
0,3,3,NaN
0,3,3,0.8975048543322908
0,3,3,NaN
0,3,3,NaN
0,3,3,NaN
0,3,3,0.08509261982872529
0,3,3,NaN
0,3,3,NaN
0,3,3,0.9255431095586868
0,3,3,0.08509261982872529
0,3,3,NaN
0,3,3,NaN
0,3,3,NaN
0,3,3,0.07398859749715625
0,3,3,NaN
0,3,3,NaN
0,3,3,0.9564517636473293
0,3,3,NaN
0,3,3,0.8460613307452832
0,3,3,NaN
0,3,3,NaN
0,3,3,0.6711868417913297
0,3,3,NaN
0,3,3,NaN
0,3,3,0.08509261982872529
0,3,3,NaN
0,3,3,0.49760645166926687
0,3,3,NaN
0,3,3,NaN
0,3,3,0.49760645166926687
0,3,3,NaN
0,3,3,0.8255935837441757
0,3,3,0.9703220335374653
0,3,3,0.7099946859060099
0,3,3,NaN
0,3,3,0.1921949779446829
0,3,3,0.004715231185707418
0,3,3,NaN
0,3,3,0.2506505417905184
0,3,3,0.35918334633262433
0,3,3,0.8255935837441757
0,3,3,0.7099946859060099
0,3,3,NaN
0,3,3,NaN
0,3,3,NaN
0,3,3,0.49760645166926687
0,3,3,NaN
0,3,3,0.4005674250897617
0,3,3,NaN
0,3,3,NaN
0,3,3,NaN
0,3,3,0.08509261982872529
0,3,3,0.5714815171591088
0,3,3,0.639330161635253
0,3,3,NaN
0,3,3,0.02766704178145161
0,3,3,NaN
0,3,3,NaN
0,3,3,0.0640450458600324
0,3,3,NaN
0,3,3,NaN
0,3,3,NaN
0,3,3,NaN
0,3,3,0.5436724551002615
0,3,3,NaN
0,3,3,0.9634993498255111
0,3,3,NaN
0,3,3,0.5857933458990237
0,3,3,0.9963401800767422
0,3,3,NaN
0,3,3,NaN
0,3,3,NaN
0,3,3,0.49760645166926687
0,3,3,NaN
0,3,3,NaN
0,3,3,NaN
0,3,3,0.6711868417913297
0,3,3,NaN
0,3,3,NaN
0,3,3,0.35918334633262433
0,3,3,0.9558049702253075
0,3,3,0.03699915555555507
0,3,3,0.041655030385332976
0,3,3,NaN
0,3,3,NaN
0,3,3,0.9255431095586868
0,3,3,0.6711868417913297
0,3,3,0.7099946859060099
0,3,3,0.8460613307452832
0,3,3,NaN
0,3,3,NaN
0,3,3,NaN
0,3,3,0.9255431095586868
0,3,3,NaN
0,3,3,NaN
0,3,3,0.9703220335374653
0,3,3,NaN
0,3,3,NaN
0,3,3,0.5436724551002615
0,3,3,NaN
0,3,3,0.285231730350609
0,3,3,NaN
0,3,3,0.5436724551002615
0,3,3,NaN
0,3,3,0.8650076002264386
0,3,3,NaN
0,3,3,NaN
0,3,3,0.4005674250897617
0,3,3,0.49760645166926687
0,3,3,0.7742996008795586
0,3,3,NaN
0,3,3,0.5857933458990237
0,3,3,0.285231730350609
0,3,3,0.285231730350609
0,3,3,NaN
0,3,3,0.9370946320424296
0,3,3,0.8255935837441757
0,3,3,NaN
0,3,3,NaN
0,3,3,NaN
0,3,3,0.7099946859060099
0,3,3,0.8650076002264386
0,3,3,NaN
0,3,3,0.08509261982872529
0,3,3,NaN
0,3,3,0.285231730350609
0,3,3,0.020724062087912304
0,3,3,NaN
0,3,3,NaN
0,3,3,0.020724062087912304
0,3,3,NaN
0,3,3,NaN
0,3,3,NaN
0,3,3,NaN
0,3,3,NaN
0,3,3,0.35918334633262433
0,3,3,0.9481906106540485
0,3,3,0.7099946859060099
0,3,3,NaN
0,3,3,NaN
0,3,3,0.8650076002264386
0,3,3,NaN
0,3,3,NaN
0,3,3,NaN
0,3,3,NaN
0,3,3,NaN
0,3,3,0.14701094102636791
0,3,3,NaN
0,3,3,NaN
0,3,3,0.2506505417905184
0,3,3,NaN
0,3,3,0.2506505417905184
0,3,3,0.573340734184012
0,3,3,0.1921949779446829
0,3,3,NaN
0,3,3,NaN
0,3,3,0.44866759124185646
0,3,3,NaN
0,3,3,NaN
0,3,3,0.35918334633262433
0,3,3,NaN
0,3,3,0.6711868417913297
0,3,3,0.015088659727016363
0,3,3,NaN
0,3,3,0.005613845056063607
0,3,3,0.6291723264168632
0,3,3,NaN
0,3,3,0.6291723264168632
0,3,3,NaN
0,3,3,NaN
0,3,3,NaN
0,3,3,NaN
0,3,3,0.0019867460999352916
0,3,3,NaN
0,3,3,0.005225266709064009
0,3,3,NaN
0,3,3,NaN
0,3,3,NaN
0,3,3,0.9370946320424296
0,3,3,NaN
0,3,3,0.8014889144615878
0,3,3,0.11225219921941293
0,3,3,0.7742996008795586
0,3,3,NaN
0,3,3,0.8381554564030077
0,3,3,NaN
0,3,3,NaN
0,3,3,0.8014889144615878
0,3,3,NaN
0,3,3,NaN
0,3,3,NaN
0,3,3,NaN
0,3,3,0.5857933458990237
0,3,3,NaN
0,3,3,0.7435026469914164
0,3,3,0.8824229336212897
0,3,3,0.1921949779446829
0,3,3,NaN
0,3,3,0.7435026469914164
0,3,3,0.0640450458600324
0,3,3,0.8014889144615878
0,3,3,0.7435026469914164
0,3,3,NaN
0,3,3,NaN
0,3,3,NaN
0,3,3,0.8460613307452832
0,3,3,NaN
0,3,3,0.1921949779446829
0,3,3,NaN
0,3,3,NaN
0,3,3,0.6291723264168632
0,3,3,0.005587801164914353
0,3,3,0.2506505417905184
0,3,3,0.8824229336212897
0,3,3,NaN
0,3,3,NaN
0,3,3,0.285231730350609
0,3,3,0.004079717861205951
0,3,3,0.21780701902471042
0,3,3,0.0640450458600324
0,3,3,NaN
0,3,3,NaN
0,3,3,NaN
0,3,3,0.49760645166926687
0,3,3,NaN
0,3,3,0.5436724551002615
0,3,3,0.7742996008795586
0,3,3,0.7592992999663728
0,3,3,NaN
0,3,3,NaN
0,3,3,0.12850144349580897
0,3,3,NaN
0,3,3,NaN
0,3,3,0.08509261982872529
0,3,3,NaN
0,3,3,NaN
0,3,3,NaN
0,3,3,NaN
0,3,3,0.07419055493162045
0,3,3,NaN
0,3,3,0.03699915555555507
0,3,3,NaN
0,3,3,NaN
0,3,3,0.014893461409332379
0,3,3,0.6291723264168632
0,3,3,0.7435026469914164
0,3,3,0.5436724551002615
0,3,3,0.21780701902471042
0,3,3,0.002014919807983445
0,3,3,NaN
0,3,3,0.14701094102636791
0,3,3,0.2506505417905184
0,3,3,0.1478288957442496
0,3,3,NaN
0,3,3,NaN
0,3,3,NaN
0,3,3,NaN
0,3,3,NaN
0,3,3,0.05427344483413832
0,3,3,NaN
0,3,3,0.0981462602611937
0,3,3,NaN
0,3,3,0.04865788038130383
0,3,3,0.732069619394262
0,3,3,NaN
0,3,3,NaN
0,3,3,0.8460613307452832
0,3,3,NaN
0,3,3,NaN
0,3,3,NaN
0,3,3,NaN
0,3,3,0.5857933458990237
0,3,3,NaN
0,3,3,NaN
0,3,3,NaN
0,3,3,NaN
0,3,3,NaN
0,3,3,NaN
0,3,3,NaN
0,3,3,0.5436724551002615
0,3,3,NaN
0,3,3,0.285231730350609
0,3,3,NaN
0,3,3,0.44866759124185646
0,3,3,NaN
0,3,3,0.16638930977649977
0,3,3,NaN
0,3,3,NaN
0,3,3,NaN
0,3,3,0.35918334633262433
0,3,3,NaN
0,3,3,0.49760645166926687
0,3,3,NaN
0,3,3,NaN
0,3,3,0.5436724551002615
0,3,3,0.4694329356398077
0,3,3,NaN
0,3,3,0.7435026469914164
0,3,3,0.023591765583976503
0,3,3,NaN
0,3,3,0.8460613307452832
0,3,3,0.019475188025702497
0,3,3,NaN
0,3,3,NaN
0,3,3,NaN
0,3,3,0.7099946859060099
0,3,3,0.8824229336212897
0,3,3,NaN
0,3,3,NaN
0,3,3,NaN
0,3,3,NaN
0,3,3,NaN
0,3,3,0.8824229336212897
0,3,3,NaN
0,3,3,NaN
0,3,3,0.9255431095586868
0,3,3,0.6291723264168632
0,3,3,NaN
0,3,3,NaN
0,3,3,NaN
0,3,3,0.44866759124185646
0,3,3,0.03699915555555507
0,3,3,0.7846948929051238
0,3,3,0.964109046255293
0,3,3,NaN
0,3,3,0.5436724551002615
0,3,3,0.6291723264168632
0,3,3,0.9370946320424296
0,3,3,NaN
0,3,3,0.6291723264168632
0,3,3,0.0014490817590159736
0,3,3,NaN
0,3,3,NaN
0,3,3,0.49760645166926687
0,3,3,0.2359451170714068
0,3,3,NaN
0,3,3,0.35918334633262433
0,3,3,NaN
0,3,3,NaN
0,3,3,NaN
0,3,3,NaN
0,3,3,NaN
0,3,3,0.03699915555555507
0,3,3,0.12850144349580897
0,3,3,NaN
0,3,3,0.14701094102636791
0,3,3,NaN
0,3,3,NaN
0,3,3,0.5857933458990237
0,3,3,NaN
0,3,3,0.7742996008795586
0,3,3,NaN
0,3,3,0.7435026469914164
0,3,3,0.6711868417913297
0,3,3,NaN
0,3,3,0.8014889144615878
0,3,3,NaN
0,3,3,NaN
0,3,3,NaN
0,3,3,NaN
0,3,3,NaN
0,3,3,0.6291723264168632
0,3,3,0.0640450458600324
0,3,3,NaN
0,3,3,NaN
0,3,3,0.017885932416267757
0,3,3,NaN
0,3,3,0.44866759124185646
0,3,3,NaN
0,3,3,NaN
0,3,3,NaN
0,3,3,NaN
0,3,3,0.5436724551002615
0,3,3,0.7099946859060099
0,3,3,NaN
0,3,3,NaN
0,3,3,NaN
0,3,3,0.964109046255293
0,3,3,0.32204760611626027
0,3,3,0.49760645166926687
0,3,3,NaN
0,3,3,NaN
0,3,3,0.9097998920872007
0,3,3,NaN
0,3,3,NaN
0,3,3,NaN
0,3,3,NaN
0,3,3,NaN
0,3,3,NaN
0,3,3,0.912484067245082
0,3,3,0.8014889144615878
0,3,3,NaN
0,3,3,NaN
0,3,3,0.6711868417913297
0,3,3,0.5857933458990237
0,3,3,NaN
0,3,3,NaN
0,3,3,0.993957130013449
0,3,3,NaN
0,3,3,NaN
0,3,3,NaN
0,3,3,NaN
0,3,3,0.7742996008795586
0,3,3,0.4005674250897617
0,3,3,0.9682178893087833
0,3,3,0.638374246906923
0,3,3,0.44866759124185646
0,3,3,NaN
0,3,3,0.4005674250897617
0,3,3,NaN
0,3,3,0.7099946859060099
0,3,3,0.9862691009837826
0,3,3,NaN
0,3,3,NaN
0,3,3,0.0981462602611937
0,3,3,NaN
0,3,3,NaN
0,3,3,0.8255935837441757
0,3,3,0.285231730350609
0,3,3,0.6291723264168632
0,3,3,NaN
0,3,3,NaN
0,3,3,NaN
0,3,3,NaN
0,3,3,0.11225219921941293
0,3,3,NaN
0,3,3,0.7518646589104336
0,3,3,NaN
0,3,3,0.9564517636473293
0,3,3,NaN
0,3,3,NaN
0,3,3,NaN
0,3,3,NaN
0,3,3,0.35918334633262433
0,3,3,NaN
0,3,3,0.016696137364627172
0,3,3,NaN
0,3,3,0.8460613307452832
0,3,3,NaN
0,3,3,0.006531896091517178
0,3,3,NaN
0,3,3,0.8014889144615878
0,3,3,NaN
0,3,3,NaN
0,3,3,NaN
0,3,3,NaN
0,3,3,NaN
0,3,3,0.9255431095586868
0,3,3,0.7742996008795586
0,3,3,0.533308419551686
0,3,3,NaN
0,3,3,NaN
0,3,3,0.04865788038130383
0,3,3,NaN
0,3,3,0.2541961411898592
0,3,3,0.9817557942342455
0,3,3,0.8228641940338677
0,3,3,0.08509261982872529
0,3,3,NaN
0,3,3,0.8255935837441757
0,3,3,NaN
0,3,3,0.35918334633262433
0,3,3,0.7099946859060099
0,3,3,NaN
0,3,3,NaN
0,3,3,0.0004917551921691595
0,3,3,0.6291723264168632
0,3,3,0.04865788038130383
0,3,3,0.285231730350609
0,3,3,NaN
0,3,3,0.08509261982872529
0,3,3,NaN
0,3,3,NaN
0,3,3,NaN
0,3,3,NaN
0,3,3,NaN
0,3,3,0.35918334633262433
0,3,3,NaN
0,3,3,0.9370946320424296
0,3,3,NaN
0,3,3,NaN
0,3,3,0.5857933458990237
0,3,3,0.6291723264168632
0,3,3,NaN
0,3,3,0.7435026469914164
0,3,3,0.44866759124185646
0,3,3,NaN
0,3,3,NaN
0,3,3,NaN
0,3,3,0.7435026469914164
0,3,3,NaN
0,3,3,NaN
0,3,3,0.0640450458600324
0,3,3,0.9764973997616925
0,3,3,NaN
0,3,3,NaN
0,3,3,0.6291723264168632
0,3,3,0.4005674250897617
0,3,3,NaN
0,3,3,0.18614141424390776
0,3,3,0.8336182995579308
0,3,3,0.1921949779446829
0,3,3,NaN
0,3,3,NaN
0,3,3,NaN
0,3,3,0.8255935837441757
0,3,3,NaN
0,3,3,0.8014889144615878
0,3,3,NaN
0,3,3,NaN
0,3,3,NaN
0,3,3,0.8824229336212897
0,3,3,0.08509261982872529
0,3,3,NaN
0,3,3,0.6100945036845848
0,3,3,0.912484067245082
0,3,3,0.7435026469914164
0,3,3,NaN
0,3,3,0.2506505417905184
0,3,3,NaN
0,3,3,NaN
0,3,3,NaN
0,3,3,NaN
0,3,3,0.5436724551002615
0,3,3,NaN
