hfq_lcd_1,hfq_lcd_2,nb_ints,bp_fdr
43209,12952,56161,0.08869205529953894
42335,12812,55147,5.332517939268037e-6
12508,8218,20726,0.5757595332036677
11818,6635,18453,0.7875714621104122
9888,4907,14795,0.9307990248938263
10641,4137,14778,0.999998573468372
10392,3824,14216,5.0776666904797635e-6
7167,5761,12928,2.4701448253219543e-18
8529,2955,11484,2.1121087979886926e-7
7904,3449,11353,1.7063719555274063e-12
7553,2865,10418,0.531729986764269
5962,3889,9851,1.5637818757052296e-11
7515,2089,9604,2.1791704607092712e-18
7272,1605,8877,0.00011417339228641206
5486,2698,8184,2.659967155019158e-6
6342,1825,8167,5.0345293832816883e-29
5819,2318,8137,8.478917348267005e-10
5471,2449,7920,0.0021519978849688106
5721,2057,7778,0.483768449142263
4186,3200,7386,0.08982531285562852
5223,2064,7287,0.0025321156588989993
5333,1668,7001,0.2760563926915395
5268,1560,6828,6.713196493851533e-50
2416,4015,6431,NaN
2297,3764,6061,NaN
3168,2563,5731,0.5654040278785792
3980,1502,5482,1.7828136334097985e-19
3612,1711,5323,0.7332177371595686
3866,1456,5322,1.287280459158896e-12
3801,1485,5286,2.657834659587869e-10
3460,1753,5213,0.893076864532752
2682,2475,5157,0.4400115128695284
3349,1662,5011,0.5757595332036677
3379,1465,4844,0.044413422482918664
3169,1613,4782,2.5744662242953934e-6
2577,1746,4323,0.6998986995055784
3136,1164,4300,3.25339637086169e-10
3139,1150,4289,0.35346044289108247
2901,1347,4248,0.43744595809952275
2754,1471,4225,0.019519080662983124
2835,1319,4154,8.895015589592836e-15
2691,1272,3963,3.007841344111219e-10
2999,948,3947,3.2265844371998305e-21
2815,1097,3912,1.4270717008962934e-21
2193,1570,3763,0.531729986764269
2611,1028,3639,0.008264246537314229
2084,1449,3533,0.0024959137974440862
2247,1256,3503,0.7925166447343686
2627,870,3497,0.980101638801523
2249,1217,3466,0.8597792096635031
2360,977,3337,5.961917777111134e-10
2525,721,3246,0.23998440172325927
2356,767,3123,0.47623429651234883
2172,886,3058,0.5757595332036677
1786,1251,3037,1.104873915927192e-14
2068,740,2808,0.9959618436650923
1724,1027,2751,7.682019089643867e-30
1862,801,2663,0.007596686876473467
1844,686,2530,0.01375482460956539
1849,644,2493,0.03651360907284384
1860,631,2491,0.0317884708377512
1745,714,2459,6.627154893472714e-10
1718,722,2440,0.7332177371595686
1772,667,2439,0.00665023749434929
1680,757,2437,2.9386624852014478e-12
1627,747,2374,8.873829977280783e-7
1701,627,2328,0.15921953565114888
1564,758,2322,0.3320913070883687
1494,804,2298,0.3166351360968201
1344,936,2280,1.0069947969523547e-12
1349,884,2233,0.00026414166944258385
1525,706,2231,1.2493149237475449e-22
1537,663,2200,0.00015781928402401962
1594,527,2121,0.002078393348978692
1452,649,2101,0.8597792096635031
1615,478,2093,1.8205563298403787e-6
1577,481,2058,2.138765647758322e-42
1547,509,2056,0.2550802628141915
1552,489,2041,0.005480441642307018
1424,600,2024,2.068473222189492e-30
1564,435,1999,0.5757595332036677
1707,279,1986,1.9825537945469397e-5
1440,521,1961,0.00011147085790388017
1291,662,1953,0.008462745292142922
1390,563,1953,4.4954827846554316e-10
1417,526,1943,3.218904474227422e-5
1245,680,1925,8.557779253726244e-10
1515,357,1872,0.7065180306540954
1094,737,1831,0.6185582093370283
1155,626,1781,0.8516904231245461
1246,513,1759,0.6732455083220714
1248,494,1742,0.0047892366798623805
1061,668,1729,2.8918294458090582e-12
645,1082,1727,NaN
1153,574,1727,0.37472040723367966
575,1148,1723,0.390088581715401
1273,440,1713,0.0002911551349851229
1195,511,1706,0.057534145164647395
1083,622,1705,0.129436278659543
1196,481,1677,0.03209854883116802
1205,472,1677,2.8233790253446786e-14
1283,383,1666,0.531729986764269
548,1114,1662,0.4866972569803652
1135,525,1660,4.545087755663576e-14
909,751,1660,0.001087682627941217
1166,490,1656,0.0007042756210161097
1181,457,1638,3.752594057876837e-9
1202,426,1628,0.12254513691028474
1171,456,1627,1.7493474959322242e-16
1218,405,1623,0.0023096867020318936
1389,230,1619,1.9930418034448806e-10
1050,504,1554,0.0004241930061431804
1141,398,1539,0.5355925281943803
1076,461,1537,3.3637829735935784e-10
965,543,1508,1.0994220870262136e-29
1025,453,1478,2.146060973197508e-12
462,1004,1466,0.9030729057150237
412,1046,1458,0.893076864532752
1058,392,1450,5.3835074455783324e-5
1051,398,1449,0.10077498562990914
975,472,1447,7.010941957181776e-8
1018,428,1446,8.12544239726175e-5
1010,435,1445,0.005150642340918074
984,459,1443,0.1906469462743441
1030,397,1427,0.0013713672145061226
478,941,1419,0.2559719639782961
872,541,1413,0.2736599385245901
490,923,1413,NaN
430,976,1406,0.8395040133151549
967,439,1406,0.7641629005282548
1145,255,1400,1.1334953956199371e-10
402,986,1388,0.9103641365260645
1009,364,1373,0.13319546600970475
1054,317,1371,5.55954596379856e-56
968,398,1366,2.306367584845925e-6
964,398,1362,7.800566283030835e-14
871,491,1362,6.091388930780358e-9
479,876,1355,NaN
1006,348,1354,0.3887183896468073
719,628,1347,0.4567030950633912
940,402,1342,0.980101638801523
897,443,1340,0.20936945520216732
672,667,1339,0.531729986764269
915,419,1334,1.1744443937025144e-12
985,336,1321,0.001689245529663934
997,317,1314,0.3425064970841452
663,651,1314,0.6990667746156102
695,619,1314,0.6990667746156102
848,461,1309,1.325435554884881e-22
725,582,1307,0.21574102516415541
995,302,1297,0.009046530002768505
977,319,1296,0.008536365798944486
840,455,1295,0.0028619067038631882
490,804,1294,NaN
668,624,1292,0.6990667746156102
843,447,1290,0.8185843942460208
848,431,1279,0.00021657945492426688
966,312,1278,0.0020372602508336676
438,835,1273,0.2579042808851361
1015,256,1271,1.2514167841503355e-11
877,387,1264,2.6090120883552713e-15
899,364,1263,0.05200896871349018
859,403,1262,0.4243240720356392
636,622,1258,0.43614794933242046
962,296,1258,2.9999013970786836e-10
981,268,1249,0.0002952030161784532
516,722,1238,0.11835585687382275
985,251,1236,0.6795944999494773
714,519,1233,0.008291775478267465
822,407,1229,0.9888383068434982
670,557,1227,0.43614794933242046
774,453,1227,5.470352404886609e-6
697,514,1211,3.273491559089861e-11
829,382,1211,6.567515211334238e-12
749,461,1210,0.09734109716135218
743,441,1184,0.16403686195108014
873,301,1174,0.7332177371595686
344,829,1173,0.3760544360670689
747,417,1164,0.14500658040493047
908,249,1157,1.408326509589468e-22
775,379,1154,0.017639777716710513
880,256,1136,1.9306741224030746e-5
864,271,1135,0.04106991595612969
666,466,1132,9.99146142236065e-14
842,284,1126,0.0319649622640871
405,720,1125,NaN
844,280,1124,0.022323395255758344
458,663,1121,0.2736599385245901
680,441,1121,0.016627813551177786
366,755,1121,0.15921953565114888
413,707,1120,NaN
417,701,1118,NaN
767,342,1109,0.001998655028181177
382,716,1098,0.23998440172325927
794,298,1092,0.7543477490867276
649,440,1089,1.9819069376440412e-5
788,298,1086,0.827016881419599
769,307,1076,0.39287186255078504
642,434,1076,0.26707101758781565
791,284,1075,0.043199805379105054
680,395,1075,0.6712383773432721
873,201,1074,0.9591602820049496
766,298,1064,9.338542188657377e-10
751,312,1063,5.540360544096796e-28
677,381,1058,0.9970571705660727
772,275,1047,0.004582407044711672
705,341,1046,0.8597792096635031
772,270,1042,0.004491017493772918
563,456,1019,0.7108663589782137
675,340,1015,2.4461248114730045e-6
377,632,1009,0.15921953565114888
707,298,1005,0.9999951259556419
550,451,1001,0.10197148233323541
822,175,997,2.6689669667771336e-9
702,289,991,0.6185582093370283
633,358,991,2.9276993361456496e-5
783,208,991,0.027150137488542374
808,179,987,1.9164267794931402e-13
643,343,986,8.797505142006854e-8
764,222,986,0.6990667746156102
642,343,985,0.0001682598000017856
355,626,981,0.23998440172325927
671,309,980,0.3275964910485879
709,265,974,0.18342590517711166
587,387,974,2.022840820442497e-15
346,626,972,0.7641629005282548
659,312,971,0.00015252236875429155
542,424,966,3.899660608027249e-17
775,178,953,4.800052613365545e-9
597,353,950,0.00031793566501493763
581,369,950,0.03230741676234196
599,349,948,0.4789139135100475
587,356,943,0.5908788993790747
603,339,942,0.1489308154019728
303,638,941,0.11835585687382275
308,630,938,0.18342590517711166
627,310,937,0.7923523707875192
540,388,928,0.45491516343594024
650,274,924,0.2736599385245901
333,588,921,0.34926187684352356
588,314,902,0.0005641778126222189
658,242,900,0.003349504107904611
675,214,889,2.9524163708357238e-5
268,615,883,NaN
307,575,882,0.20936945520216732
685,194,879,4.1292740060541047e-7
706,172,878,0.6613966634587408
609,267,876,0.055177676453323304
642,232,874,0.483768449142263
652,217,869,0.027150137488542374
579,282,861,2.5216221470429454e-10
554,305,859,0.6185582093370283
489,362,851,0.2582437776952597
625,218,843,1.448698055170472e-19
594,248,842,0.0021679292106529047
550,292,842,0.9919214683718085
267,567,834,0.43614794933242046
655,179,834,0.00894192662617772
574,257,831,0.0021679292106529047
536,292,828,0.6613966634587408
695,121,816,0.00352037150464529
454,359,813,0.29016255041090316
563,250,813,9.357088022641609e-7
659,153,812,1.6384415557650474e-10
657,152,809,1.2545317901159039e-17
566,243,809,0.1026612005498701
591,215,806,0.5757595332036677
500,305,805,0.0003372331748803163
530,255,785,0.11212018654435618
549,235,784,0.11835585687382275
575,209,784,3.172726330987958e-5
466,314,780,0.020117745710055597
297,480,777,0.2736599385245901
509,266,775,1.5885217601369429e-6
521,253,774,0.09422613455708567
501,273,774,5.5664425857827305e-8
541,226,767,1.9182697514138894e-8
632,133,765,2.3009743063076757e-10
552,207,759,0.1026612005498701
427,331,758,0.19299920827215483
444,312,756,3.1449382464916053e-16
464,289,753,4.904792324768361e-12
535,214,749,0.5859524207007283
248,501,749,NaN
566,178,744,9.655332860461015e-12
554,189,743,0.8256052443275868
471,263,734,0.0053021338430499845
520,214,734,0.03957133957525824
238,486,724,NaN
498,225,723,0.029812443998207643
451,268,719,1.154035173161865e-21
541,178,719,6.148207806767085e-6
529,185,714,0.7641629005282548
460,249,709,0.8770122193000203
469,237,706,1.3360728290799146e-43
526,178,704,0.15790962478348913
433,271,704,0.0006910815739374752
461,238,699,2.2151409763308474e-5
534,164,698,0.8185843942460208
504,191,695,0.7384279017011017
465,218,683,NaN
484,198,682,7.117903395412878e-18
487,194,681,4.5898517086697747e-5
387,292,679,0.43614794933242046
497,178,675,0.03519883922026284
498,177,675,4.9396854356504033e-5
496,177,673,0.6917489313751958
225,448,673,NaN
370,296,666,0.7848884310940507
498,167,665,0.7641629005282548
496,162,658,0.7129186565639434
233,422,655,0.08869205529953894
522,130,652,0.00013177899634778386
370,279,649,0.04937587322664477
480,167,647,0.8039562291695337
464,183,647,0.0001482989380878042
401,246,647,0.6990667746156102
353,291,644,0.027559106214863925
479,165,644,0.7527230921235766
503,138,641,0.027150137488542374
333,308,641,0.2736599385245901
469,172,641,0.0001736773272663352
471,166,637,0.9433412321949546
495,138,633,0.17914986567718044
484,149,633,0.0008273490898699496
438,195,633,5.116972289993442e-9
357,273,630,0.7467471684436118
447,183,630,0.043199805379105054
391,238,629,1.527454817994931e-8
405,224,629,5.509582487647983e-12
344,282,626,0.43740625785150594
434,191,625,0.004416439082292304
219,406,625,0.2736599385245901
448,174,622,4.552080153173817e-14
503,118,621,0.1036374594206982
428,192,620,0.009912176912471659
229,389,618,NaN
396,220,616,0.6569187795851172
211,402,613,0.9686139634526727
442,170,612,2.136287035476442e-8
421,190,611,0.2736599385245901
481,130,611,0.9793167171206922
428,181,609,0.1376319999999998
394,211,605,0.0009775841584143525
416,188,604,0.34926187684352356
446,156,602,0.34926187684352356
459,140,599,0.003853646011881792
454,141,595,3.842262575199955e-17
447,146,593,7.738150944370823e-11
352,241,593,0.4940637038427575
348,243,591,0.9326921332428637
420,168,588,2.136674781956726e-15
347,239,586,1.1231305587153853e-5
432,153,585,0.893076864532752
391,193,584,NaN
212,370,582,0.1026612005498701
384,197,581,7.393304329232651e-5
422,157,579,0.03782247324613561
410,169,579,3.5467616533471726e-11
420,158,578,4.16983741476314e-11
444,132,576,0.5954256388698164
223,351,574,NaN
419,155,574,0.0004992333963517297
330,242,572,0.33137132309996475
200,371,571,0.5757595332036677
415,152,567,0.9901679048769194
402,164,566,2.3754332971056576e-8
358,208,566,0.0020438477702251507
389,174,563,0.9327497693242877
335,228,563,0.0016054134007214645
381,180,561,3.4840521512268786e-5
203,358,561,0.15921953565114888
213,347,560,NaN
404,153,557,0.6018748120325317
380,175,555,7.582759511480727e-10
396,157,553,0.7958783377390821
207,346,553,0.03230741676234196
162,390,552,0.2736599385245901
193,357,550,NaN
413,136,549,0.5994142208354148
293,256,549,0.06721792224179213
425,124,549,0.2736599385245901
325,219,544,0.08055132041409853
349,194,543,3.3637829735935784e-10
354,188,542,0.015954486747247996
401,136,537,1.3847940303729417e-24
398,139,537,0.07863010470287361
394,141,535,4.2576251743218765e-7
373,161,534,0.5690899486011727
405,127,532,0.7332177371595686
394,133,527,0.0004977484689822417
253,272,525,0.7925166447343686
382,143,525,0.49462046002503623
379,144,523,2.036307601942147e-19
393,128,521,0.029251171761279924
369,150,519,0.8947439957747845
362,157,519,0.0034777328335351544
317,201,518,0.483768449142263
367,151,518,0.5627958431695879
336,181,517,0.027150137488542374
361,156,517,1.3156532302321694e-5
325,192,517,0.007773760197737865
328,188,516,0.0022023605902312935
351,163,514,0.06462027777915799
300,212,512,NaN
329,183,512,0.04326150525982932
382,129,511,0.011953980371873072
354,156,510,6.186921460099644e-6
352,155,507,0.08869205529953894
392,115,507,0.2493239751295628
319,188,507,5.276226491923134e-8
375,131,506,0.004652036463168367
370,135,505,2.4461248114730045e-6
404,98,502,2.9685554484975118e-5
269,233,502,0.8323950353936013
374,128,502,0.04984810424859792
367,134,501,0.9573475369461139
175,326,501,0.8395040133151549
348,152,500,NaN
337,159,496,1.4648841550908446e-16
356,139,495,0.20936945520216732
320,175,495,0.6185582093370283
350,144,494,6.024802901780003e-7
357,134,491,0.000316719237675304
339,151,490,0.0005504446583422814
308,181,489,0.0016054134007214645
343,145,488,0.6185582093370283
338,150,488,9.643883116075992e-6
367,119,486,4.361243027988182e-15
359,126,485,0.31128496075105533
350,134,484,0.0034675739992756547
300,183,483,1.471016479038203e-9
322,161,483,9.09436889533291e-6
328,154,482,0.0084309297381719
275,206,481,0.7332177371595686
370,111,481,0.16702731667071244
313,167,480,0.7826219747951388
393,86,479,2.109557753518189e-9
181,298,479,0.21201484474494117
317,161,478,2.085773118766298e-19
304,173,477,1.2244021706619595e-8
252,225,477,3.83745466412276e-5
351,125,476,0.00018735098189334948
327,147,474,0.6013506174309833
326,147,473,0.31128496075105533
331,141,472,0.0569687888815355
348,124,472,0.43614794933242046
352,119,471,7.686179683703045e-7
351,119,470,1.7437571865222552e-10
348,121,469,0.9089172809145529
305,163,468,3.4345615131303555e-8
331,137,468,NaN
129,339,468,0.5757595332036677
335,131,466,3.637555745947246e-5
356,110,466,0.00033262856545876425
310,155,465,0.044885831482777375
278,187,465,0.7638954682721718
156,308,464,0.34926187684352356
298,165,463,1.0118082185892941e-9
325,137,462,6.8882174168714e-5
335,126,461,2.8910240966269923e-9
331,130,461,3.113968441852823e-5
354,104,458,0.047963064047852416
330,128,458,1.9507623644184045e-10
349,108,457,7.755729609042557e-10
369,88,457,2.7987743300720525e-34
305,152,457,0.023225536462391328
297,160,457,NaN
259,197,456,2.040438654862486e-6
301,155,456,1.275390964324242e-10
142,310,452,0.13152715777553387
348,103,451,0.43614794933242046
282,167,449,0.45574032487896876
282,166,448,3.0922807269459945e-5
278,169,447,0.01813759589359358
319,127,446,3.273491559089861e-11
285,161,446,7.174505571355466e-5
284,162,446,0.09540453992760473
236,210,446,0.6928166758433663
301,141,442,3.0009565235079304e-9
247,193,440,0.027658236644819114
310,130,440,9.696105386211104e-14
317,123,440,0.0005420796851532962
274,165,439,0.038758733092274594
347,92,439,0.483768449142263
309,130,439,1.5082880345396044e-13
351,86,437,0.08117432768899523
261,174,435,0.7516140174133519
309,124,433,1.1773457973033891e-5
257,175,432,0.547453758536751
282,150,432,1.325205873983658e-5
288,141,429,6.901724477098971e-5
331,98,429,3.6327238270558904e-12
290,139,429,0.6064880066841695
327,99,426,0.01574106682249349
245,181,426,0.8824153133380059
284,141,425,0.27896412715414864
311,114,425,9.217989552330963e-13
214,210,424,0.31128496075105533
240,184,424,0.004638916467927132
304,119,423,8.867689500197922e-11
300,122,422,NaN
345,75,420,0.062408496621265096
355,65,420,0.057534145164647395
322,95,417,0.6607356620204026
165,251,416,NaN
275,141,416,0.9079098270401949
144,271,415,NaN
302,112,414,0.0021575213949523333
324,88,412,0.34926187684352356
274,137,411,0.20936945520216732
160,250,410,0.31128496075105533
249,160,409,0.0026137539285502995
198,211,409,0.06672475971493316
232,176,408,0.011186853039374209
312,96,408,0.250098493881437
290,118,408,1.5762511154927138e-14
288,120,408,3.50715934747368e-8
264,143,407,0.015629876081745188
250,157,407,0.9975709335651918
333,74,407,1.874632848756246e-6
279,127,406,0.0004939587289315287
203,202,405,0.8395040133151549
142,262,404,NaN
279,124,403,9.523780693693144e-6
273,129,402,0.0976356096709409
272,130,402,0.6012491811260604
148,254,402,0.18342590517711166
313,88,401,7.65269294621157e-7
276,124,400,7.312248079180799e-5
274,125,399,1.467137167627525e-15
233,165,398,0.9942527729726875
138,259,397,0.4526590152587507
302,94,396,0.757342082281072
299,97,396,0.5590472493439671
268,127,395,4.2830956492518747e-7
235,160,395,0.0569687888815355
140,254,394,0.6434026490785496
253,141,394,0.19293591911568295
238,155,393,0.32775268974396854
270,122,392,0.927578547820334
297,95,392,0.32367752356775625
315,76,391,0.23551541559606182
326,64,390,0.31128496075105533
257,132,389,0.04820315372576031
271,118,389,0.16241279859036112
264,124,388,0.7084209423308241
258,130,388,4.5578762021407866e-7
293,95,388,0.898202925463145
305,82,387,0.23998440172325927
237,150,387,0.43926743834495013
145,240,385,0.531729986764269
205,180,385,0.3630920513611683
207,175,382,0.016627813551177786
231,151,382,4.446053599928047e-13
214,165,379,6.38088394206332e-11
293,85,378,3.059271595211157e-11
262,116,378,0.06251289609731031
258,120,378,5.257300008392167e-7
249,128,377,0.01541465030940761
248,129,377,0.01903442691999154
240,136,376,0.34926187684352356
233,142,375,0.009358415636733381
262,113,375,0.9540018878421507
242,129,371,0.7429656122533138
140,230,370,0.6039477738133134
138,231,369,NaN
212,157,369,1.889019722377074e-8
217,152,369,0.8821773510776568
217,151,368,0.4252276354548057
241,124,365,0.33375904791779876
283,82,365,0.00028534719793771925
256,108,364,0.000865804926695465
264,100,364,0.531729986764269
214,150,364,0.5757595332036677
201,162,363,0.671681412767706
246,116,362,0.6613966634587408
241,120,361,0.03230741676234196
248,112,360,0.8425366029012966
252,108,360,0.43614794933242046
206,153,359,0.7738213761092331
252,107,359,0.0569687888815355
244,114,358,0.9209789316492126
269,89,358,0.0019537371073237017
277,80,357,0.012022118863049316
244,113,357,1.0251874689064326e-6
275,80,355,0.026003260824938028
200,155,355,0.0006599753937249577
261,93,354,0.10052036045264692
269,85,354,4.9708605158852365e-9
194,160,354,1.1457020160497435e-10
253,100,353,NaN
257,95,352,0.027150137488542374
224,128,352,0.2623394723845142
241,110,351,0.893076864532752
269,81,350,0.9051157380767728
263,87,350,0.23998440172325927
266,84,350,9.66579526690323e-14
252,98,350,0.23405814551624687
240,109,349,0.9686139634526727
224,125,349,0.9825666457230748
261,88,349,0.893076864532752
283,65,348,0.47919470573120637
257,90,347,6.336789597920604e-7
251,96,347,0.002514442743431079
227,120,347,0.7332177371595686
235,112,347,0.36282074580069584
249,97,346,1.5964335465954947e-6
226,119,345,0.7641629005282548
241,103,344,0.041103995631695915
226,117,343,NaN
245,97,342,NaN
277,65,342,0.00017414276573134174
242,99,341,0.005758876791720298
245,96,341,0.0008957888696409281
182,159,341,0.43622458111626006
236,104,340,0.27654819534762787
246,93,339,0.6613966634587408
240,99,339,NaN
115,224,339,NaN
255,83,338,2.4587875125933467e-11
242,96,338,NaN
248,89,337,0.2736599385245901
234,103,337,3.315171797585692e-6
244,92,336,0.06778471383143507
152,184,336,0.948604010414298
216,120,336,NaN
230,106,336,4.72405784213334e-12
246,89,335,0.31128496075105533
238,97,335,0.03782247324613561
231,104,335,0.20936945520216732
243,89,332,0.00012956583126476695
160,172,332,0.7269799636973463
225,105,330,0.2736599385245901
254,76,330,1.2844782440903275e-7
229,101,330,0.059037259683391706
225,103,328,0.40234675123063945
231,97,328,1.2683627104068974e-5
226,102,328,5.150565579792889e-7
245,82,327,0.7755436759198153
211,116,327,0.8395040133151549
241,85,326,0.2856643801046732
231,95,326,0.9167292397533466
197,128,325,0.9941151231336378
231,94,325,0.002514442743431079
266,58,324,0.04937587322664477
265,59,324,0.08269783085022454
233,91,324,0.31128496075105533
254,70,324,0.31128496075105533
231,92,323,0.0013385109150403749
180,142,322,4.6812873961036805e-8
230,92,322,1.6004442491303208e-24
235,87,322,1.1050252806716725e-13
218,104,322,0.06988812660110925
214,107,321,0.07498835483052184
262,59,321,0.0014862082624247756
203,118,321,1.1250426183302586e-6
196,125,321,0.043199805379105054
236,85,321,0.9137617238306196
238,82,320,0.002486022298886985
211,108,319,0.0009342553575815736
209,110,319,2.569625843855623e-11
232,86,318,0.021920898298056428
212,106,318,1.4008225473801017e-10
240,78,318,0.019285476386815974
197,120,317,1.525798977038545e-7
223,93,316,0.9145553825036765
207,109,316,0.00013023151512614532
184,132,316,8.194403959567945e-5
230,85,315,0.08869205529953894
209,104,313,4.5898517086697747e-5
232,81,313,0.3073595980237345
247,65,312,1.7658652788305073e-6
206,106,312,2.377810187406527e-6
221,91,312,0.009649192297534177
219,93,312,0.2736599385245901
219,93,312,0.016627813551177786
191,120,311,0.34926187684352356
231,80,311,5.926681763922713e-5
224,87,311,0.9444758416552013
221,89,310,0.531729986764269
218,91,309,0.9824267349565349
245,64,309,0.027988959395328916
227,82,309,0.8341874140269259
217,92,309,0.34926187684352356
222,86,308,0.004833727069131877
228,80,308,0.004096838932268413
181,127,308,0.06721180195946935
223,84,307,0.00010617017714266993
213,94,307,0.00053911677147795
233,74,307,0.41132135916460105
191,116,307,0.0037914093054994256
231,75,306,0.43102924124852
138,167,305,0.008543582796747417
207,98,305,0.28433356189445097
187,118,305,0.40417240515843406
233,72,305,0.0003493442229246393
210,94,304,0.013642998401684292
190,114,304,6.538220815114407e-15
156,148,304,0.893076864532752
182,122,304,0.7332177371595686
235,68,303,0.04190780818778377
90,213,303,0.08869205529953894
252,51,303,0.04063229773968795
192,111,303,0.9208218118632511
189,114,303,6.129798226633204e-5
221,81,302,9.338542188657377e-10
198,104,302,0.6613966634587408
213,88,301,0.7332177371595686
191,110,301,0.6990667746156102
223,78,301,NaN
210,91,301,0.02995277983175996
202,99,301,0.531729986764269
178,122,300,0.02831159011087897
210,89,299,0.483768449142263
191,108,299,5.430929538371014e-11
190,109,299,4.4080988573111795e-9
220,78,298,5.1558286434303e-8
125,173,298,3.0074627357297192e-5
203,94,297,0.0012403929242994123
202,95,297,0.48955540163241956
180,116,296,0.0012573972726024414
171,125,296,4.699976994318955e-9
187,108,295,0.9490067724511964
193,102,295,9.88706112843562e-9
197,98,295,0.9079098270401949
205,89,294,3.842262575199955e-17
158,135,293,0.14487765000473884
200,92,292,6.205152454346482e-20
195,97,292,0.011791730375630768
123,169,292,0.7054942637690043
213,78,291,0.022842608399022357
158,133,291,0.22588217907381478
215,76,291,0.9079098270401949
188,103,291,0.0014427764860723833
178,112,290,0.13559932380851608
143,147,290,3.2619572238011254e-7
236,54,290,0.36134410356437063
185,104,289,0.2736599385245901
191,98,289,0.005383065662510464
227,62,289,0.9948065420449246
154,134,288,0.43614794933242046
221,67,288,0.003717744404017453
186,102,288,0.0569687888815355
242,46,288,0.7925166447343686
201,85,286,0.8314456693859251
167,119,286,0.697367055160371
187,98,285,0.07152069098701269
209,76,285,0.007274691225131928
197,87,284,0.7447417677147334
189,95,284,0.08976655968619841
177,107,284,1.6293677588787925e-13
174,110,284,0.0017872282340199344
201,82,283,2.2635933587738875e-13
208,74,282,4.0497991556628134e-13
211,71,282,0.10595925195707837
160,121,281,0.018919692379261055
185,96,281,0.31128496075105533
190,90,280,0.34926187684352356
122,158,280,0.5757595332036677
216,64,280,0.8185843942460208
186,93,279,0.061053062563699044
215,64,279,0.483768449142263
207,71,278,0.35549845422829435
209,69,278,9.545499024531267e-7
183,95,278,0.7566071109023711
151,127,278,9.134704095488328e-13
207,70,277,4.16983741476314e-11
192,84,276,0.5251610125534504
185,91,276,0.7940984764668867
133,143,276,0.6613966634587408
197,78,275,0.7925166447343686
132,143,275,0.6185582093370283
204,70,274,0.005655068032960123
194,79,273,0.7991173541293757
176,97,273,0.25073548088180864
209,64,273,0.002514442743431079
181,91,272,0.4468411984254011
131,141,272,NaN
195,77,272,5.39284577193547e-5
125,146,271,2.9295796992259852e-9
214,57,271,NaN
200,71,271,0.0008090280553894186
186,85,271,0.5545911239301176
190,80,270,NaN
181,89,270,0.2736599385245901
188,81,269,0.24590685023277958
196,73,269,1.2991019440791408e-8
196,73,269,1.2818561494534005e-7
220,48,268,9.682754313256373e-5
181,87,268,2.640230542035899e-6
191,76,267,0.5757595332036677
187,79,266,0.7641629005282548
202,64,266,3.8061484838181177e-13
150,116,266,0.01087090777860733
183,82,265,0.6927253847812059
199,65,264,0.7925166447343686
191,73,264,0.12168464011324433
176,88,264,1.7437571865222552e-10
164,100,264,0.012022118863049316
134,129,263,0.0008936926952195534
225,38,263,0.0006719526321294852
157,106,263,0.0018842340377755503
187,75,262,1.9205381405351776e-9
189,73,262,0.34926187684352356
176,86,262,0.6613966634587408
182,80,262,0.15921953565114888
169,91,260,0.0184523111279404
200,59,259,0.8770122193000203
175,84,259,0.007196532393350652
180,79,259,9.853984886529548e-10
184,74,258,0.017779345901088133
187,71,258,0.18342590517711166
146,112,258,1.9011990952876658e-11
187,71,258,0.23620892776730248
154,103,257,0.5721243987403946
177,80,257,NaN
189,68,257,0.01098236564303265
150,107,257,0.02823983560963027
182,74,256,2.7778557137260355e-15
157,99,256,0.0005591942797710308
182,74,256,7.196374019520983e-15
187,69,256,0.04937587322664477
116,140,256,0.6990667746156102
158,98,256,0.10289809184363367
174,82,256,0.390088581715401
183,71,254,0.010433709625701192
138,116,254,0.0015171229278994386
149,104,253,2.490250145079366e-17
153,100,253,0.007658526745798251
185,67,252,0.981747362681317
195,57,252,0.02939637966307374
179,73,252,0.1120560865381861
163,89,252,5.226904530975997e-6
206,45,251,3.510691486425396e-5
118,133,251,NaN
158,93,251,0.1026612005498701
120,131,251,0.43614794933242046
74,177,251,0.4923940117641854
177,74,251,0.2827719797019191
183,67,250,0.01695646654461001
151,98,249,0.6346328661685533
177,72,249,0.9966764459882204
137,112,249,0.11461878756678
159,90,249,0.18342590517711166
79,170,249,0.390088581715401
157,91,248,0.4064112579461486
186,62,248,0.8073671442389148
118,130,248,0.390088581715401
146,102,248,0.9534153129152887
135,112,247,0.8910317674458138
183,64,247,0.18126988655147086
183,64,247,0.04091359070022686
162,85,247,0.14301599660327674
165,82,247,8.491143283623912e-6
152,95,247,0.047807440653218514
82,164,246,0.46322203485623936
141,105,246,7.222933618250138e-5
143,102,245,0.025415039668589604
145,100,245,0.4888584504285841
183,62,245,0.054316231700003895
168,76,244,0.015971122198071792
168,76,244,0.5252784563067427
172,71,243,0.001295132760978161
191,52,243,0.31128496075105533
193,50,243,0.0004159935804101475
103,140,243,0.7925433090125639
167,76,243,0.4017173297767051
144,98,242,0.031859224674115484
135,107,242,0.07272902565190482
181,61,242,2.1987229934999248e-5
178,64,242,0.5760027638678756
134,108,242,0.15976728529166992
169,73,242,1.286737641404601e-11
73,169,242,0.5757595332036677
174,67,241,1.6020230376322179e-6
190,51,241,0.0020372602508336676
141,100,241,4.1433328157562524e-8
173,68,241,1.1988396034055945e-21
181,60,241,0.0010751564128632458
132,109,241,2.190772990289176e-5
163,78,241,0.7641629005282548
138,102,240,4.213794806773394e-14
191,49,240,0.30817296852722637
146,94,240,0.0025005001984632507
162,77,239,0.0004295335505982558
151,88,239,0.34395566716778236
164,75,239,0.531729986764269
166,73,239,8.474476661244442e-7
136,102,238,0.0011870025188928748
170,68,238,0.676672072533863
188,50,238,4.4159111938350926e-12
158,80,238,0.483768449142263
114,124,238,0.5810805644004121
146,92,238,0.4493877487625492
156,82,238,0.2736599385245901
168,69,237,4.0872316081742417e-7
171,66,237,3.1356742756132844e-34
136,101,237,0.18342590517711166
120,116,236,0.1800912991472798
156,80,236,7.243194647118945e-9
193,43,236,0.0052222854049773
158,78,236,0.9571817737188522
171,65,236,0.8700712641276227
156,79,235,9.987498525841237e-6
158,77,235,7.226198702259692e-7
175,60,235,0.9940320922471844
172,63,235,0.46668586971045284
176,58,234,0.025187108411688648
143,90,233,0.0015986170928456653
145,88,233,0.9940320922471844
201,32,233,4.4774809436804145e-5
75,157,232,0.5757595332036677
125,107,232,NaN
172,60,232,0.20620234990074793
158,73,231,2.727095792777773e-11
165,65,230,0.12182594826389029
143,86,229,0.09130180518475162
173,56,229,7.578526927971164e-8
150,79,229,6.733917257861016e-11
125,104,229,4.237727071246514e-7
182,47,229,0.3126195406098548
184,45,229,0.0025037236804406706
162,67,229,0.22199538812211286
182,46,228,0.34601131364494925
170,58,228,2.242750553666106e-7
161,67,228,0.13836800082451764
166,61,227,1.3497772057542102e-11
119,108,227,0.472239400426208
137,90,227,0.012295799359767153
179,48,227,9.667949697904096e-6
153,73,226,0.050767726858501123
140,86,226,0.0569687888815355
165,61,226,5.636560647060074e-11
154,72,226,2.4894567164154162e-5
91,135,226,NaN
122,104,226,0.0003328120652195556
154,72,226,0.037447358756027865
170,56,226,0.04534762482809171
165,60,225,0.0038660289083709163
163,62,225,0.008719624580788593
141,84,225,0.2736599385245901
156,69,225,NaN
168,57,225,0.0012573972726024414
122,103,225,0.3057775493652247
168,57,225,0.005049219710936577
162,62,224,1.6082723109127522e-6
100,124,224,0.390088581715401
74,150,224,0.2736599385245901
153,71,224,0.6990667746156102
151,73,224,0.0004119705898381215
155,68,223,0.09489636213688045
185,38,223,0.19025884002645851
155,67,222,0.06729947646223142
170,52,222,0.09679753946847057
183,39,222,0.002169565903346948
168,54,222,7.076151776052485e-15
171,50,221,0.012022118863049316
164,57,221,0.7206455450229721
173,48,221,0.23998440172325927
156,64,220,0.02104520215916362
163,57,220,0.14131670791688336
143,77,220,0.7234745719639554
154,66,220,0.99988968537853
145,75,220,0.6990667746156102
130,90,220,6.269238075836575e-19
120,100,220,0.483768449142263
135,85,220,5.470352404886609e-6
169,50,219,0.010396404865302964
112,107,219,0.6185582093370283
156,63,219,0.037037571277349524
156,63,219,0.0025005001984632507
160,59,219,7.788148187347211e-12
164,55,219,7.907028282136805e-9
110,109,219,0.9408179413740821
133,86,219,0.08869205529953894
147,71,218,NaN
139,79,218,0.0003635962311218611
170,48,218,0.2736599385245901
167,50,217,0.04966756150502456
154,62,216,2.022840820442497e-15
156,60,216,4.8152165488251655e-6
150,66,216,2.39807578150118e-14
143,72,215,0.20454055223938356
167,48,215,0.6185582093370283
145,70,215,0.99988968537853
159,56,215,0.005114295190954932
144,71,215,1.6940053187650442e-10
148,67,215,0.1188312179953446
158,56,214,2.163456376673921e-9
118,96,214,0.1871527677266609
143,71,214,0.43614794933242046
147,67,214,0.5757595332036677
160,53,213,0.005068751673467519
126,87,213,0.17451256190991038
155,58,213,0.25813064804943986
100,113,213,0.7637133883242847
123,89,212,0.6185582093370283
152,60,212,2.2046529164395e-12
77,135,212,NaN
158,54,212,0.3441675720594862
122,90,212,0.00677759461536618
150,62,212,0.05487660187201717
150,62,212,NaN
164,47,211,0.1851705453584834
144,67,211,0.03230741676234196
133,78,211,0.003924340291620459
156,55,211,0.21462435569029886
156,55,211,0.07633250114228259
125,86,211,0.04218607561084766
100,111,211,NaN
135,75,210,0.7127442231680302
149,61,210,0.0002404197128350169
135,74,209,0.5922448671408733
156,53,209,5.5198785462203915e-14
147,61,208,0.10676249435388471
156,52,208,0.0005429505730428674
161,47,208,0.001643854356492172
147,61,208,0.01825585716322709
107,101,208,0.6990667746156102
142,66,208,2.0164898503224933e-6
154,53,207,0.0889604014307376
124,83,207,9.791096095550437e-11
159,48,207,0.04447293940024853
186,21,207,0.014756103031477917
115,92,207,0.07633250114228259
143,63,206,0.029166810348074328
138,67,205,0.796002103709213
146,59,205,0.1399791187821704
150,55,205,0.9812874854875708
134,71,205,0.005517801142967366
135,70,205,0.0005187082234690413
121,83,204,0.25568579378215195
145,59,204,0.23998440172325927
120,84,204,2.6112204437347557e-8
159,44,203,0.04323541479598402
156,47,203,0.3491706086382589
141,62,203,0.48986038057115827
129,74,203,0.702548955702645
124,79,203,0.34926187684352356
139,64,203,1.8890662761540254e-6
173,30,203,0.020050459307606117
141,62,203,0.9534153129152887
134,69,203,0.0038597198878176217
135,68,203,0.03782247324613561
145,58,203,NaN
154,48,202,0.04149554831995173
150,52,202,0.0001644774640670026
162,39,201,0.6988620706855382
129,72,201,0.350160538689259
143,58,201,0.34926187684352356
145,56,201,0.9613772939158972
119,82,201,NaN
142,59,201,0.9209789316492126
125,75,200,0.3925986015868883
102,98,200,0.7641629005282548
106,94,200,0.6990667746156102
137,63,200,0.8633186773243151
125,74,199,0.24408989319263086
153,46,199,0.6990667746156102
131,68,199,0.09314707891900136
102,97,199,0.00014202377733259894
116,83,199,7.679866185273362e-5
144,54,198,0.0942857829817204
125,73,198,0.03230741676234196
146,51,197,0.2736599385245901
142,55,197,2.9524163708357238e-5
120,76,196,0.29712778216923996
167,29,196,0.03845486633071405
122,74,196,0.015655499011021822
107,89,196,NaN
120,76,196,0.0010968792672934808
135,60,195,0.24126564105451376
125,70,195,0.9686139634526727
148,47,195,0.10040337044651958
132,63,195,0.09713681231042873
160,35,195,0.8395040133151549
134,61,195,1.8514751580575105e-5
143,52,195,0.9840039532659587
79,116,195,NaN
124,70,194,0.43614794933242046
137,57,194,0.3760544360670689
119,75,194,0.002606392795275019
72,122,194,0.7254885699342462
126,68,194,0.8395040133151549
127,65,192,0.3423044847407942
115,77,192,NaN
129,63,192,1.622536172865282e-8
142,50,192,0.34926187684352356
142,50,192,2.8184922470791613e-6
109,83,192,0.0035283646490902524
155,37,192,0.711507418854226
119,73,192,0.5757595332036677
131,61,192,0.049172389222492036
135,56,191,1.3924968783236232e-6
128,63,191,0.4968023463885634
154,37,191,0.5867155629750307
112,79,191,0.29936114624500404
108,83,191,0.9326921332428637
151,40,191,0.05095500307584741
130,61,191,0.43077991985878467
122,69,191,1.4706795171153534e-16
122,69,191,3.817263335802096e-10
118,73,191,0.02875135669643966
128,62,190,0.6307182085687062
123,67,190,NaN
145,45,190,0.7604245010331707
149,41,190,0.012797968057133818
139,51,190,0.00023735779594684367
137,53,190,0.646988855910644
119,71,190,1.9892949822740854e-6
149,40,189,0.034827931826964226
152,37,189,7.514926264177413e-8
122,67,189,0.6166771502382946
125,64,189,0.0001429474017383627
128,61,189,0.0014005848671722
133,56,189,3.207998143623902e-5
135,54,189,5.794287932944519e-5
140,49,189,0.004823968254268457
98,91,189,0.8185843942460208
141,47,188,1.3242275634350462e-6
128,60,188,0.483768449142263
123,65,188,0.9177793138553147
146,42,188,0.5911615290992578
123,65,188,NaN
155,33,188,0.0007651694781769705
126,62,188,0.531729986764269
132,55,187,0.5757595332036677
126,61,187,1.0217121104031746e-5
114,72,186,0.8824794568890059
107,79,186,0.1674411025248293
141,45,186,2.690737517914027e-12
136,50,186,0.9959618436650923
109,77,186,0.6194601173914827
106,80,186,0.9919214683718085
137,49,186,5.181052829209334e-6
150,36,186,0.06525587975951877
142,43,185,0.17666139997323735
136,49,185,0.390088581715401
66,119,185,NaN
134,50,184,0.6874710296489025
143,41,184,0.17362831661430242
122,62,184,0.9747128701728911
113,71,184,6.187066886255084e-6
111,72,183,0.031565822072645564
130,53,183,0.5757595332036677
111,72,183,0.6185582093370283
105,78,183,0.8992401167990193
119,64,183,0.943250219047555
148,35,183,9.421658987341824e-5
119,64,183,0.7274912172580501
121,62,183,0.08869205529953894
136,46,182,0.9919214683718085
97,85,182,0.1376319999999998
112,70,182,0.013041685168550907
111,71,182,0.8465242984143927
131,50,181,0.003788441268422185
141,40,181,3.2265844371998305e-21
139,42,181,0.001269673315350871
138,43,181,0.005432226029942079
123,58,181,0.0263791091864949
113,68,181,0.390088581715401
122,58,180,0.016320257099498643
116,64,180,0.0383155080795059
131,49,180,0.00022858574883792408
124,56,180,0.001560755161716247
105,75,180,0.198564440401921
124,56,180,0.390088581715401
137,43,180,0.15921953565114888
131,48,179,5.678385167920543e-13
131,48,179,0.390088581715401
118,61,179,1.9820187712894324e-5
132,47,179,0.0001832653297904449
135,44,179,1.752871696193756e-6
106,72,178,0.8246569727708302
139,39,178,0.9629753331553567
131,47,178,8.69932839033411e-8
122,56,178,0.8395040133151549
113,65,178,NaN
135,42,177,0.03744040602674248
120,57,177,0.019519080662983124
115,62,177,0.0025123130102503496
122,54,176,0.03833789989637029
146,30,176,0.09111278339204448
105,71,176,0.7023954194648231
104,72,176,0.7316508803246432
110,66,176,0.23998440172325927
111,65,176,0.027150137488542374
94,81,175,0.9079098270401949
112,62,174,NaN
120,54,174,0.19460426036120135
124,50,174,NaN
126,48,174,0.483768449142263
102,72,174,0.002078393348978692
131,43,174,0.027150137488542374
133,41,174,3.4978208325745562e-9
75,99,174,0.7641629005282548
110,64,174,0.18674987961353381
104,70,174,8.142619766161026e-10
120,54,174,0.9209789316492126
120,54,174,2.1509550380766007e-5
124,49,173,0.1026612005498701
140,33,173,0.4948200560516394
109,64,173,0.9474504183357402
138,35,173,1.2515665488567272e-6
119,54,173,NaN
115,58,173,0.7524584259953634
99,74,173,0.17049195568424533
112,61,173,0.049238814194561865
122,50,172,6.887168328101823e-5
120,52,172,0.34926187684352356
125,47,172,0.025677867345422847
112,60,172,NaN
110,62,172,0.8141790996502042
119,53,172,2.696743584966523e-29
132,40,172,0.7748310346142405
132,40,172,0.9661448819292937
127,45,172,0.03069177951078479
86,86,172,0.8657322805576068
61,111,172,NaN
133,39,172,0.6990667746156102
126,46,172,0.6731051499325476
97,74,171,0.503429902019479
121,50,171,8.973041350410261e-10
131,40,171,0.043199805379105054
120,51,171,0.0013784728912423203
116,55,171,5.285848999217922e-6
127,44,171,0.531729986764269
112,59,171,0.1848696340848058
123,48,171,0.004696585917810079
119,52,171,0.3387663101049695
121,50,171,5.190748468771313e-9
98,73,171,0.0013797769301727627
115,55,170,5.760983112912293e-13
138,32,170,0.03782247324613561
107,62,169,0.00010999523908697672
85,84,169,3.8384021633446644e-16
108,60,168,0.7641629005282548
119,49,168,0.00041418128108417336
116,52,168,0.00015536323973512723
123,45,168,0.43614794933242046
64,104,168,0.12160498157839396
50,118,168,0.5745658929556333
134,33,167,0.8820415032980496
128,39,167,0.0017591290373342903
99,68,167,0.5348263056667566
115,52,167,0.07199350485294168
107,60,167,0.34926187684352356
93,74,167,0.04649575804534241
119,47,166,0.7279699190566943
117,49,166,NaN
115,51,166,0.37710527212319384
115,51,166,0.9942573938219509
88,78,166,1.129301415595573e-17
79,87,166,0.8707223451381064
128,38,166,0.9978794154766116
104,61,165,0.0020580380296225547
127,38,165,0.03230741676234196
135,30,165,0.30828149484500655
112,53,165,2.0351688973346556e-8
105,59,164,0.1934908131109429
95,69,164,0.6481536313559644
116,48,164,0.017625060860366155
117,47,164,0.7641629005282548
96,68,164,0.8597792096635031
97,67,164,NaN
109,54,163,2.998558329746399e-7
97,66,163,0.021704076511051787
114,49,163,4.274813509711481e-6
112,51,163,0.002248687176617725
109,54,163,0.8395040133151549
102,61,163,0.6613966634587408
114,49,163,0.001870558872181212
127,35,162,0.20936945520216732
43,119,162,0.7641629005282548
106,56,162,0.014302811501596825
122,40,162,0.9988199866224712
112,50,162,2.184120644790976e-6
94,68,162,0.00385801035848111
60,102,162,NaN
125,36,161,0.028545715436661963
114,47,161,0.9940320922471844
108,53,161,0.01186589338357862
117,44,161,0.1376319999999998
121,40,161,0.06955638465926757
109,52,161,9.240905792033491e-11
110,51,161,0.9959618436650923
95,66,161,0.20936945520216732
125,35,160,2.450975539420356e-10
93,67,160,NaN
110,50,160,0.00017447205206727658
107,53,160,9.702672652846229e-6
127,33,160,0.6990667746156102
100,60,160,0.1442301000114517
121,39,160,0.483768449142263
88,72,160,0.06525587975951877
110,50,160,1.860073533652045e-5
124,36,160,0.03937345615612484
106,53,159,0.03932560836097167
115,44,159,2.2255178106084528e-12
121,38,159,0.9686139634526727
114,45,159,0.07255148143925626
122,37,159,0.019519080662983124
116,43,159,0.03782247324613561
97,62,159,0.7925166447343686
111,48,159,0.002315013692386531
115,44,159,0.9951674219217004
108,51,159,0.01690027440585231
119,39,158,2.040438654862486e-6
110,48,158,0.6613966634587408
98,60,158,0.2629251705537309
98,60,158,0.7925166447343686
127,31,158,0.7952343684754835
120,38,158,0.012139265719193305
105,53,158,0.03230741676234196
91,67,158,0.7969648114907083
103,54,157,0.1026612005498701
106,51,157,0.00611731628657748
118,39,157,1.8095023556065273e-5
107,50,157,2.8467914004484383e-5
104,53,157,2.6428238248399836e-23
135,22,157,0.08869205529953894
110,47,157,0.256121105727852
101,56,157,0.15851338955202912
88,69,157,0.0002762322725845802
107,49,156,0.30444514204467826
121,35,156,0.13407971426327556
95,61,156,0.483768449142263
110,46,156,0.03230741676234196
116,40,156,0.9215294275090717
122,34,156,5.39284577193547e-5
115,40,155,0.06525587975951877
118,37,155,3.7913347699981695e-5
106,49,155,0.05056967736322397
116,39,155,0.010103826151965077
92,63,155,0.9477001606999493
99,56,155,7.104176846799453e-7
101,54,155,0.05016578681946137
96,59,155,0.023435629564671455
109,46,155,0.007720236378265642
105,50,155,0.8332391049900479
98,57,155,0.019536797952270472
105,49,154,0.5608797296234675
116,38,154,0.06201025431941566
74,80,154,NaN
122,32,154,0.8185843942460208
114,40,154,0.06575757066437724
99,54,153,0.8185843942460208
102,51,153,0.575406873665875
111,42,153,0.07633250114228259
107,46,153,0.07633250114228259
82,71,153,0.9023443150757345
117,36,153,0.7231766599529573
116,37,153,1.8049273726482757e-6
125,28,153,1.2564403892767263e-11
115,38,153,0.09544503181098705
109,43,152,0.0134288100877375
114,38,152,0.5239004331910235
100,52,152,0.0033830001697148604
101,51,152,2.1639468956029804e-6
107,45,152,3.7844804617694122e-6
114,38,152,0.00037969779900506856
103,49,152,0.34926187684352356
83,68,151,0.6444926033913623
110,41,151,0.9326921332428637
96,55,151,0.9326921332428637
104,47,151,0.6185582093370283
128,22,150,0.11835585687382275
130,20,150,0.027988954869950372
99,51,150,0.5809875708811609
97,53,150,0.42120879470608
117,33,150,3.3668875260495607e-13
97,53,150,0.00013092182727000818
105,45,150,1.540093043627796e-8
80,69,149,0.0021099465091233586
102,46,148,0.08057261956547607
106,42,148,0.6319861686891449
86,62,148,0.0023928140694047637
106,42,148,0.027150137488542374
100,48,148,0.6707450635515675
106,42,148,0.6935776801846752
100,48,148,0.4615313779842743
110,38,148,3.7124334720678267e-6
91,57,148,0.3945541421116518
105,42,147,0.9999242665082078
102,45,147,0.12300374963843316
98,49,147,0.01623583318494331
103,44,147,1.795661934370322e-11
107,40,147,0.0781520607735338
85,62,147,0.0022275543366089205
70,77,147,0.40093969447679373
101,45,146,7.47280914165424e-7
98,48,146,2.536314264855962e-5
106,40,146,0.6613966634587408
111,35,146,0.21883535968839438
81,65,146,2.976716158073745e-10
108,38,146,0.4350314696422557
100,46,146,0.018124483306960777
106,40,146,0.483768449142263
96,50,146,0.9395646553692237
99,47,146,5.486661886695558e-7
92,54,146,4.370932742640755e-8
98,47,145,0.9643855085511346
96,49,145,1.8666189617969262e-8
99,46,145,5.631407653625801e-6
104,41,145,0.18342590517711166
100,45,145,0.6990667746156102
87,58,145,0.0036726160989151223
90,55,145,0.001866095468603886
94,51,145,4.919135874827353e-6
113,32,145,0.39408107751446636
107,38,145,0.36704536431503665
104,41,145,0.0032148683581832383
101,44,145,0.032638974146249444
71,74,145,0.8249483192549336
104,40,144,7.7084892408782e-6
116,28,144,0.2736599385245901
93,51,144,0.04969501655985985
105,39,144,0.5634971968967628
92,52,144,0.531729986764269
82,62,144,NaN
101,43,144,9.540366848403453e-11
98,46,144,0.0004276655678235362
104,39,143,0.03782247324613561
92,51,143,0.18342590517711166
104,39,143,0.004430827587665151
105,38,143,0.9940320922471844
76,67,143,0.004481525590874011
101,42,143,7.917672716253955e-7
100,43,143,0.7332177371595686
110,32,142,0.011880187825733789
93,49,142,0.9484010739520269
97,45,142,0.7152433156174581
105,37,142,0.027988959395328916
103,39,142,0.5757595332036677
98,44,142,0.7641629005282548
87,55,142,0.14053601484370826
109,33,142,0.9946013101807805
58,83,141,0.6185582093370283
86,55,141,9.813326228770427e-5
94,46,140,0.9686139634526727
86,54,140,0.9720410521389558
109,31,140,2.8233790253446786e-14
115,25,140,0.03562712243334037
100,40,140,6.428133333452045e-7
109,31,140,0.00020795614357170476
113,27,140,0.5082424186928245
103,37,140,0.010742713133477938
95,45,140,0.005346920105321064
111,29,140,0.15634309604826294
113,27,140,0.2579042808851361
71,69,140,0.6613966634587408
89,51,140,NaN
89,51,140,0.0921531491231985
97,42,139,0.01488816470825994
96,43,139,0.14146746225933443
95,44,139,0.12130668347959653
55,84,139,0.296057098544602
85,54,139,0.9888383068434982
111,28,139,0.3729042201080581
97,42,139,0.055260385554267426
86,53,139,0.04937587322664477
84,55,139,NaN
103,36,139,0.00021810715530725492
78,61,139,0.2879444300376539
92,47,139,NaN
98,40,138,1.1295727451855424e-18
90,48,138,1.6607560604759077e-6
107,31,138,0.37378599305045046
62,76,138,0.9154983956390137
94,43,137,8.430371373369912e-5
93,44,137,0.0006623507489019209
103,34,137,0.05198316835584436
86,51,137,0.0025479530638113927
97,40,137,0.019764985903355996
109,28,137,0.9686139634526727
95,42,137,0.006429182778370333
94,43,137,0.00014880202513634094
77,60,137,0.31128496075105533
87,50,137,0.4306905230289354
77,60,137,0.18342590517711166
86,50,136,0.054326428571478284
87,49,136,0.16362033253553385
101,35,136,0.167995039589001
93,43,136,0.38183945691487536
88,48,136,1.0450899407291296e-21
108,28,136,0.02322421793057844
76,60,136,0.34926187684352356
94,42,136,1.5524009260422552e-6
112,24,136,0.26372761398713856
101,34,135,0.4503002129345787
80,55,135,0.2716787106644798
108,27,135,0.496974794443577
77,58,135,0.014634693446619768
99,36,135,0.18342590517711166
111,24,135,0.20169710238414265
98,37,135,0.5466057051529336
75,60,135,1.2158483108605705e-7
57,78,135,0.3071953845845852
115,20,135,0.00024325830736683977
98,37,135,0.11333879837166842
94,41,135,0.03417756190164853
95,40,135,0.531729986764269
88,47,135,0.044928308376778636
98,36,134,0.014302811501596825
94,40,134,0.9794249274764059
102,32,134,0.000707516422039694
91,43,134,0.0009444856311595873
85,49,134,0.13956128397513015
74,60,134,9.184709519303685e-7
68,66,134,0.0015592758496824448
94,40,134,0.8597792096635031
78,56,134,0.11835585687382275
101,32,133,0.012022118863049316
89,44,133,0.9540256982426923
94,39,133,0.390088581715401
87,46,133,0.6185582093370283
95,38,133,1.822744549722992e-5
90,43,133,0.01671708934649783
81,52,133,0.9870828791676479
89,44,133,NaN
80,53,133,0.5014422774286829
95,38,133,0.21885549176489005
79,54,133,0.0003683636835780223
71,62,133,0.023150300454775875
87,45,132,0.7644420207845691
101,31,132,0.11835585687382275
97,35,132,0.028527040402771393
89,43,132,0.043199805379105054
76,56,132,0.03375445555994039
96,36,132,0.0033453466451048297
95,37,132,0.34926187684352356
71,61,132,0.8331965079069319
85,46,131,0.5562119216181296
87,44,131,0.06301489269465213
73,58,131,NaN
91,40,131,0.34789246915734273
92,39,131,1.9078837271784257e-6
95,36,131,0.030701314332998966
92,39,131,0.08731059805767685
76,55,131,NaN
92,39,131,0.09825837662718441
82,49,131,NaN
114,17,131,0.20819113869539196
82,49,131,0.9079098270401949
91,40,131,0.3437115154435793
94,37,131,0.549120954443988
101,29,130,1.7435285526392236e-10
79,51,130,0.9209789316492126
90,40,130,0.010521858143733085
85,45,130,0.010960299946477865
84,46,130,NaN
92,38,130,0.680706682871551
92,38,130,2.1438351427629922e-10
82,48,130,4.625704439999565e-6
85,45,130,0.019446302583641894
91,39,130,0.9284189591180738
79,50,129,0.20571990482280073
94,35,129,0.5196002204113421
85,44,129,0.0010687259107621666
91,38,129,0.15921953565114888
93,36,129,0.04937587322664477
86,43,129,0.8563291083846399
73,56,129,0.676878799726918
86,43,129,6.016475797375165e-7
81,48,129,0.10888868267255775
91,37,128,0.00010010549920434177
70,58,128,0.5881173752300045
89,39,128,1.8020597127952957e-21
112,16,128,1.8771261420749293e-8
88,40,128,0.6990667746156102
110,18,128,0.00042406437074236783
89,39,128,0.3273089556586543
69,59,128,NaN
92,35,127,0.09966634624352916
80,47,127,0.00028534719793771925
93,34,127,0.005314334423134798
94,33,127,0.5757595332036677
83,44,127,0.7641629005282548
83,44,127,0.07633250114228259
110,17,127,0.11983765603477262
69,58,127,2.1086358333328745e-6
87,40,127,0.7364047627126346
77,50,127,0.005889112070922451
99,27,126,0.043199805379105054
91,35,126,0.0703163974925107
77,49,126,NaN
78,48,126,0.007684407753471473
94,32,126,0.07633250114228259
81,45,126,1.498154885726941e-8
93,33,126,0.026569700762709675
83,43,126,0.03230741676234196
90,35,125,0.7569014576208096
82,43,125,0.2547276554549369
76,49,125,5.3959069841380595e-11
86,39,125,0.004430827587665151
95,30,125,0.7058940260333958
82,43,125,0.15921953565114888
95,29,124,2.5261155833911748e-5
90,34,124,0.01633557262599831
89,35,124,0.7332177371595686
69,55,124,NaN
92,32,124,0.390088581715401
87,37,124,0.13856108969147674
89,35,124,0.7168602297932407
89,35,124,7.221758222898585e-5
82,42,124,0.999975719001035
79,45,124,NaN
61,63,124,0.001646125098446455
68,56,124,0.9433412321949546
85,39,124,0.014302811501596825
65,59,124,0.012022118863049316
89,35,124,0.34926187684352356
90,34,124,3.0816593846118453e-7
80,44,124,4.366074561183169e-18
93,31,124,4.62707200953537e-6
104,19,123,0.002525451652913507
80,43,123,0.7332177371595686
82,41,123,0.6613966634587408
93,30,123,0.16523312031898368
92,31,123,0.216611688543844
69,54,123,0.16656573703571118
71,51,122,0.05487660187201717
83,39,122,0.00037304439241906214
78,44,122,0.218116088794853
83,39,122,0.483768449142263
88,34,122,0.31128496075105533
66,56,122,0.31924494718534235
84,38,122,4.843090417071475e-7
89,33,122,0.07633250114228259
73,49,122,0.0006656255305438473
73,49,122,0.2736599385245901
64,58,122,NaN
98,23,121,0.08603854446441817
99,22,121,0.17172804088779944
65,56,121,0.3612234488759179
81,40,121,0.9798112445216263
93,28,121,0.0006189938747325614
76,45,121,0.05739474141779234
81,40,121,NaN
69,52,121,0.0003759033932478757
69,52,121,0.029028233658148554
55,66,121,0.04937587322664477
78,42,120,0.284179179744758
90,30,120,0.15921953565114888
96,24,120,0.8882430214533031
101,19,120,0.008723989098532569
89,31,120,NaN
68,52,120,0.02194714233892418
95,25,120,0.6185582093370283
91,29,120,0.0002344395865885038
71,49,120,3.271578795758899e-5
85,35,120,2.8467914004484383e-5
89,31,120,0.4604996072993215
92,28,120,0.31128496075105533
91,29,120,0.009298992331201046
83,36,119,0.514364062895743
85,34,119,0.5757595332036677
89,30,119,0.9961213563639241
72,47,119,1.7181563363575496e-5
74,45,119,NaN
94,25,119,0.43614794933242046
78,41,119,0.5308482335167349
96,23,119,4.773763134316178e-5
63,56,119,0.36704536431503665
101,18,119,0.893076864532752
72,47,119,0.06721180195946935
69,50,119,2.424584089956742e-7
93,26,119,0.008770732042238405
82,37,119,0.011633505717412842
62,57,119,0.27641013047173274
99,19,118,0.027150137488542374
90,28,118,8.013030461808742e-9
85,33,118,0.0569687888815355
70,48,118,0.05988064140748122
83,35,118,0.9772879540192665
81,37,118,4.545087755663576e-14
87,31,118,0.33624851927949523
85,33,118,4.300843559187445e-7
87,31,118,0.019723748248652206
79,38,117,0.1376319999999998
71,46,117,0.11549895406297456
83,34,117,2.918480880904424e-11
82,35,117,0.9421519538744954
81,36,117,0.0010359671571722971
73,44,117,1.799799103060759e-11
75,42,117,0.6494469441309929
87,30,117,0.11169847484442622
86,31,117,4.870458075930295e-7
95,22,117,0.5727580303466375
72,45,117,0.07633250114228259
88,29,117,0.0425901015458221
65,52,117,0.009649192297534177
82,35,117,0.024203628701855044
85,32,117,0.012022118863049316
84,32,116,0.06525587975951877
66,50,116,0.04937587322664477
90,26,116,0.09856145474402013
83,33,116,0.7687206887754559
64,52,116,2.5044248728534344e-5
85,31,116,0.0005349397168988632
74,42,116,0.002014342193790561
47,69,116,0.5757595332036677
98,18,116,0.07658733394635314
74,41,115,0.016627813551177786
86,29,115,5.168672876673451e-5
82,33,115,9.291713914870146e-5
86,29,115,0.36148351001047035
75,40,115,0.18342590517711166
89,26,115,0.009912176912471659
66,49,115,0.8770122193000203
67,48,115,0.531729986764269
78,37,115,0.2991607100455572
80,35,115,0.00018808742495731522
69,46,115,0.09361884173100846
83,32,115,4.524366645010993e-7
88,27,115,0.0020230264049299986
72,43,115,0.6185582093370283
61,54,115,0.7925166447343686
66,49,115,0.12704129555503166
59,56,115,0.03782247324613561
56,58,114,0.9079098270401949
82,32,114,0.03782247324613561
71,43,114,0.390088581715401
84,30,114,1.040616726075784e-8
62,52,114,0.5970702988538781
91,23,114,3.847042959455726e-11
80,34,114,0.04937587322664477
67,47,114,0.531729986764269
82,32,114,0.009346717746484995
81,33,114,0.051234431632336416
77,37,114,0.27040146626114886
81,33,114,0.11873540795613281
83,31,114,0.6613966634587408
68,46,114,0.9079098270401949
61,53,114,0.15921953565114888
76,38,114,0.0020368159596430616
91,22,113,6.031566997571988e-5
75,38,113,0.18254510633640336
80,33,113,0.6185582093370283
91,22,113,0.0011962281461116535
82,31,113,0.0012329180162258372
76,37,113,0.36029382527026105
71,42,113,0.05472389093940594
60,53,113,0.9675245508203548
67,46,113,0.9294303852616707
96,17,113,0.8303372191669882
89,24,113,0.12096965984700579
67,46,113,0.38429034839995757
75,38,113,0.03766738436873805
86,27,113,2.6689669667771336e-9
56,57,113,0.6990667746156102
84,28,112,0.002785902351535735
69,43,112,0.20936945520216732
81,31,112,0.483768449142263
66,46,112,6.815772627359049e-6
70,42,112,0.9534153129152887
76,36,112,NaN
73,39,112,0.00021371328935065238
83,29,112,0.6613966634587408
70,42,112,0.08869205529953894
78,34,112,0.9919214683718085
65,47,112,0.08869205529953894
76,36,112,0.6990667746156102
63,49,112,0.6154483431289923
71,41,112,0.390088581715401
95,17,112,0.9187551141110751
68,44,112,0.2000695778744453
82,29,111,0.2750933842728763
74,37,111,NaN
67,44,111,0.0001775658789485056
82,29,111,0.7555103243873301
71,40,111,0.05226144084596639
75,36,111,0.8770122193000203
84,27,111,0.7925166447343686
82,29,111,NaN
79,32,111,8.61341037267541e-6
82,29,111,0.014302811501596825
79,32,111,NaN
81,30,111,0.004674776652710177
74,37,111,6.88552694432025e-5
64,47,111,0.9209789316492126
72,39,111,NaN
70,41,111,0.390088581715401
64,47,111,0.012022118863049316
82,29,111,0.893076864532752
83,28,111,0.20936945520216732
76,34,110,0.0005156835078529787
85,25,110,0.000634258533511591
58,52,110,0.8770122193000203
73,37,110,0.31128496075105533
80,30,110,0.023062168034509594
69,41,110,0.013734241199087864
72,38,110,0.043473755829977076
62,48,110,0.06525587975951877
61,49,110,0.03827759008064755
65,45,110,0.03906388992084556
57,53,110,3.288053223442088e-5
72,38,110,0.08811547028010211
73,37,110,0.483768449142263
81,29,110,0.4180021794010699
85,25,110,0.022788573734112794
78,32,110,1.2342579914770933e-5
72,38,110,0.027150137488542374
69,41,110,4.567330732794465e-6
68,42,110,0.03380394834562322
68,42,110,0.2736599385245901
83,27,110,0.5157860648420044
78,31,109,0.0005628361429162836
68,41,109,0.982483248595866
71,38,109,0.0005716957486160677
74,35,109,0.0569687888815355
81,28,109,0.6990667746156102
83,26,109,0.38009898407088677
76,33,109,0.1376319999999998
86,23,109,0.022502489185908955
79,30,109,0.021991031602040318
78,31,109,0.20966190851511052
66,43,109,0.3219737736328206
63,46,109,0.6613966634587408
89,19,108,0.390088581715401
77,31,108,0.6128872195024496
55,53,108,0.37085664274736907
74,34,108,0.15688492554676825
79,29,108,0.0018250822340684144
68,40,108,0.6579356515068306
90,18,108,0.14387675701825486
60,48,108,0.02920743975018504
77,31,108,1.6559685528804525e-5
65,43,108,0.7332177371595686
62,46,108,0.13795468968640837
88,20,108,0.11835585687382275
75,33,108,0.08567731426128129
69,39,108,0.012022118863049316
74,34,108,0.1514462607838634
84,24,108,0.1608036623996211
74,34,108,3.2695024506844573e-10
73,34,107,0.0005134087271866742
76,31,107,0.483768449142263
60,47,107,NaN
67,40,107,0.004698923445826852
76,31,107,2.463242409445589e-7
67,40,107,NaN
85,22,107,0.04975991866124235
78,29,107,0.06952614099286057
83,24,107,0.11664833354425595
88,19,107,0.4662163607061884
69,38,107,2.0321275419751083e-5
53,54,107,0.0003297306122421771
62,45,107,0.6765646309088004
73,34,107,0.014178645393588108
84,22,106,0.5574083234951172
66,40,106,0.8332391049900479
77,29,106,0.009912176912471659
59,47,106,0.28964061247306766
82,24,106,0.0010966832695437866
75,31,106,0.7332177371595686
69,37,106,0.0503291141161012
65,41,106,3.622221928584625e-5
63,43,106,0.7332177371595686
89,16,105,0.0010190467036782303
75,30,105,0.35663862848072453
62,43,105,5.740034275082596e-5
64,41,105,0.8597792096635031
65,40,105,0.0001103002131813501
64,41,105,0.0007911299318854225
66,39,105,0.3625642982927436
73,32,105,0.15921953565114888
72,33,105,0.16367653592241554
69,36,105,0.054230605401972005
77,28,105,0.05688653993347336
72,33,105,0.7925166447343686
72,33,105,0.0013951866047734616
79,26,105,0.34926187684352356
75,30,105,0.013410274873103749
76,29,105,3.1615123331636725e-6
59,46,105,0.986715726830579
67,38,105,NaN
52,53,105,0.03782247324613561
86,19,105,0.015059703852922842
77,27,104,0.013802301644573895
76,28,104,2.654594682410863e-6
56,48,104,0.9981032654894905
78,26,104,0.00010110815562333378
77,27,104,1.1024886375631616e-9
70,34,104,NaN
79,25,104,0.0002039815501431764
66,38,104,0.6067398300284973
72,32,104,0.9326921332428637
73,31,104,0.0569687888815355
74,30,104,2.920951698821049e-16
79,25,104,0.015101732427467988
73,31,104,7.483895492462266e-5
66,38,104,0.43614794933242046
56,48,104,0.43174600823559717
78,25,103,0.4279750011994318
70,33,103,0.3636804497611582
81,22,103,0.00013096826244597134
61,42,103,5.90196917498982e-8
71,32,103,0.2532249913862885
69,34,103,NaN
77,26,103,0.004711515877547259
60,43,103,0.5757595332036677
68,35,103,0.2410251308137716
65,38,103,0.661421594281488
81,22,103,0.5757595332036677
72,31,103,0.0013892021903055044
63,40,103,0.11946826671884501
72,30,102,9.713391909150084e-6
61,41,102,0.9925057211384377
61,41,102,0.16559027799802253
72,30,102,0.046627988151830446
74,28,102,3.550112545840935e-7
74,28,102,0.027226167449855287
76,26,102,0.018598975211935685
53,49,102,0.0005349397168988632
77,25,102,0.07996529341071948
54,48,102,2.7002294575834652e-5
62,40,102,0.09423210461308512
56,46,102,0.8597792096635031
70,32,102,0.011323218463719883
71,31,102,1.155025372295851e-8
61,41,102,0.03782247324613561
79,23,102,0.8770122193000203
71,31,102,0.34926187684352356
76,26,102,0.009498925472221526
68,34,102,0.6052121277771115
63,39,102,0.9614248710601718
59,42,101,0.1628327206346362
74,27,101,0.6039082949977056
81,20,101,0.5321947101089257
81,20,101,0.570574388061565
73,28,101,0.9747128701728911
77,24,101,0.0020042348423070177
62,39,101,0.08332587388427237
59,42,101,0.7565760331969104
66,35,101,0.02896652578430826
85,16,101,4.5899289200503554e-8
55,46,101,0.5170897945552569
57,44,101,0.7925166447343686
54,47,101,0.1376319999999998
62,39,101,3.0646627542352126e-10
58,42,100,0.23998440172325927
58,42,100,0.009601918219904786
70,30,100,0.483768449142263
61,39,100,0.2736599385245901
75,25,100,0.8303372191669882
77,23,100,0.051217852551507605
82,18,100,7.034308675065046e-13
71,29,100,0.13862449232099347
67,33,100,0.6185582093370283
66,34,100,0.5293464357747004
71,29,100,0.531729986764269
70,30,100,0.00982955192828599
65,35,100,0.06571308912663809
66,34,100,NaN
70,30,100,1.3828528963453168e-9
66,34,100,0.1026612005498701
82,18,100,0.2736599385245901
66,34,100,0.3099554322076699
65,35,100,0.0006682683393417594
70,30,100,0.006100158251985129
65,35,100,0.08869205529953894
62,37,99,0.1947127806052123
82,17,99,0.015993066918192262
68,31,99,NaN
70,29,99,2.3040702347430845e-5
54,45,99,0.0024227528451739003
67,32,99,0.03656615847392835
72,27,99,0.07633250114228259
62,37,99,0.0016139423456037658
75,24,99,8.988743619589261e-20
70,29,99,5.019074097157047e-6
69,30,99,2.1547564987388966e-24
79,20,99,0.9237409052715031
72,27,99,0.008602786495513562
51,48,99,0.7332177371595686
76,23,99,0.021224584459833086
54,45,99,0.2736599385245901
51,48,99,0.4283088635994368
69,30,99,0.07633250114228259
80,19,99,0.7332177371595686
81,17,98,NaN
70,28,98,0.0008877182897635616
88,10,98,0.2102973150180881
72,26,98,6.418650330244697e-8
68,30,98,0.0001173611331619294
63,35,98,0.07510523947814493
60,38,98,0.7641629005282548
63,35,98,0.12954641541646916
66,32,98,0.8185843942460208
47,51,98,0.2736599385245901
74,24,98,0.5757595332036677
67,31,98,NaN
73,25,98,2.0299827234051943e-7
60,38,98,0.6185582093370283
77,21,98,0.980101638801523
67,31,98,0.4345398309569164
63,35,98,0.6607140537526652
64,34,98,0.18342590517711166
79,18,97,0.03152573620648493
66,31,97,0.01470534297923674
58,39,97,9.366290859182e-6
65,32,97,0.023513305573965103
66,31,97,0.7007937153534759
67,30,97,3.1411625016264765e-6
70,27,97,7.33391957533415e-5
59,38,97,0.34926187684352356
54,43,97,NaN
67,30,97,0.7641629005282548
60,37,97,0.13852630621591783
35,62,97,NaN
83,13,96,0.34926187684352356
70,26,96,0.9428549368038511
65,31,96,0.00015952107002641788
77,19,96,0.05148518146906157
74,22,96,1.0882667628604442e-8
65,31,96,0.390088581715401
66,30,96,0.001684222341924826
78,18,96,0.11835585687382275
80,16,96,0.07101010497300884
56,40,96,0.1612590482342878
68,28,96,0.034775080051358126
68,28,96,0.32572299626609574
76,20,96,0.2077667251616194
68,28,96,0.00016203765257171156
75,21,96,0.0569687888815355
61,35,96,0.6185582093370283
64,32,96,1.3370603361449089e-12
63,33,96,0.06945294877344965
55,41,96,0.024732864881941825
58,38,96,NaN
69,26,95,1.4873960663931074e-6
76,19,95,0.00016274645101634012
65,30,95,0.2657993536897392
65,30,95,0.8933654805947896
70,25,95,0.483768449142263
66,29,95,0.4024482333949628
66,29,95,0.37842242223995276
70,25,95,0.5863015938848039
63,32,95,0.9079098270401949
64,31,95,0.06083767101762321
67,28,95,0.6526544409139884
54,41,95,0.946349358553692
57,38,95,0.3428104161384458
73,22,95,0.46087677379520464
67,28,95,0.010544714159723145
78,17,95,0.06525587975951877
70,24,94,0.483768449142263
64,30,94,0.00363673576766817
62,32,94,NaN
67,27,94,0.0002513908637166723
64,30,94,7.088231577643407e-5
64,30,94,0.3685823428827813
77,17,94,0.893076864532752
74,20,94,NaN
52,42,94,0.5765162408706298
61,33,94,NaN
39,55,94,0.03782247324613561
54,40,94,NaN
51,43,94,8.492672252371004e-8
74,20,94,5.8731301488355246e-6
61,33,94,0.005049219710936577
66,28,94,0.1542367834188893
58,36,94,0.6990667746156102
62,32,94,0.001802624610988779
63,31,94,0.32269579025350437
58,36,94,0.8770122193000203
56,38,94,0.7332177371595686
65,29,94,0.3192561690627174
61,33,94,7.42292512849832e-12
64,30,94,0.531729986764269
62,32,94,0.04106991595612969
63,31,94,0.06600544674998678
48,46,94,5.601286981188319e-6
69,24,93,7.783258382310512e-6
61,32,93,0.2652657517782142
65,28,93,NaN
67,26,93,1.2879106324049637e-6
55,38,93,0.00013388933475214177
66,27,93,0.23998440172325927
64,29,93,0.006282033561316203
82,11,93,0.14457981831179864
59,34,93,0.560681281690559
65,28,93,0.8086849727848733
67,26,93,1.583043742646865e-7
56,37,93,0.1026612005498701
72,21,93,0.31128496075105533
65,28,93,0.04933074592734239
45,48,93,0.03230741676234196
66,27,93,0.18342590517711166
67,26,93,3.6617600503734294e-11
61,32,93,0.007718920262150032
52,41,93,0.03187731260728922
49,44,93,0.0003791925359144315
64,29,93,6.2417993284519195e-15
71,22,93,0.060715681811239354
66,27,93,0.01671994915417371
79,13,92,0.20936945520216732
55,37,92,0.09178234047874609
67,25,92,7.698987331205985e-11
61,31,92,2.481891292250198e-9
56,36,92,0.8157185821281384
45,47,92,0.23055424472800837
56,36,92,0.390088581715401
57,35,92,0.0016196535238483295
64,28,92,0.8395040133151549
70,22,92,0.3904093082768101
70,22,92,0.4250805468428289
59,33,92,NaN
54,38,92,0.11835585687382275
68,24,92,0.2835014400331615
76,16,92,0.6185582093370283
64,28,92,0.31128496075105533
60,32,92,6.734612833890942e-5
69,22,91,0.026837493986903837
64,27,91,1.6584786480121328e-11
57,34,91,0.014178645393588108
64,27,91,7.314239390215231e-5
72,19,91,1.7990842722366181e-7
68,23,91,0.9614248710601718
73,18,91,0.7326472852460977
69,22,91,NaN
52,39,91,0.47288591622963067
68,23,91,0.2938600205885936
58,33,91,0.20938346869431726
54,37,91,0.000833430736559856
70,21,91,0.002463085377928799
60,31,91,0.045645147120772625
60,31,91,1.751764087023695e-11
61,30,91,0.390414205954805
76,15,91,0.03782247324613561
50,41,91,0.9730598685257307
52,39,91,0.5444891771109092
62,29,91,0.6814613286773926
29,62,91,NaN
58,32,90,2.1748914045105808e-5
57,33,90,0.2441540699082141
70,20,90,0.06525587975951877
36,54,90,0.7641629005282548
69,21,90,8.710196624850079e-5
60,30,90,0.01611191924029349
69,21,90,0.0001724160686823664
50,40,90,0.00014554856646845738
64,26,90,0.08330560837464819
63,27,90,0.02808634545690405
49,41,90,0.3261950525396141
58,32,90,0.00015616479446205192
74,16,90,2.797568672875724e-5
61,29,90,0.015633007313652744
62,28,90,0.1663227171275878
66,24,90,3.845495574775379e-5
61,29,90,0.2923067297223037
72,18,90,0.7132078909497073
64,26,90,0.0016674694078085666
49,41,90,0.05101196509762907
69,21,90,2.6491468545023906e-10
70,20,90,0.00822573711408059
59,31,90,1.2395218581115499e-9
71,18,89,0.017497252384744276
61,28,89,0.5851046746963441
63,26,89,2.6102975387529478e-5
60,29,89,NaN
57,32,89,0.012194753511519501
69,20,89,2.450975539420356e-10
71,18,89,9.901024976724824e-7
66,23,89,0.07633250114228259
62,27,89,0.019519080662983124
62,27,89,0.5522684827995845
47,42,89,0.7641629005282548
56,33,89,0.34926187684352356
58,31,89,1.2796823458325818e-10
46,43,89,0.390088581715401
52,37,89,0.6119657793250665
61,28,89,0.20033343152298
61,28,89,2.189065939515749e-10
58,31,89,0.6990667746156102
63,26,89,0.017948641901720363
53,36,89,0.002948163436529918
47,42,89,0.2284923681307463
58,31,89,0.10751410869374384
70,19,89,9.240905792033491e-11
67,22,89,0.8581107078897908
55,34,89,0.0002660348539601708
47,41,88,0.0013819060339553756
52,36,88,0.0036139461936780352
53,35,88,NaN
54,34,88,0.022788573734112794
63,25,88,0.23998440172325927
63,25,88,0.10545873609574342
47,41,88,0.9209789316492126
50,38,88,NaN
73,15,88,0.545441148650481
71,17,88,0.0005791512342801226
59,29,88,1.3693509926274318e-8
58,30,88,0.9103429147752122
60,28,88,1.4615869429929399e-6
56,32,88,0.1376319999999998
71,17,88,0.0012573972726024414
61,27,88,0.019807353175873045
53,35,88,0.0034617969628802318
53,35,88,0.06525587975951877
59,29,88,NaN
62,26,88,0.0016799590097728045
57,31,88,NaN
50,38,88,0.012022118863049316
62,26,88,0.2574016766854568
55,33,88,0.1330738245062829
58,30,88,0.15921953565114888
68,20,88,0.02418359786183185
47,41,88,6.544544940729398e-8
61,26,87,0.4488414337293377
66,21,87,0.26927192750734436
68,19,87,0.22375730346751577
67,20,87,0.016352404531090686
56,31,87,0.022788573734112794
56,31,87,7.076151776052485e-15
61,26,87,0.2789626081037003
52,35,87,0.31128496075105533
63,24,87,0.9811740964181962
59,28,87,0.483768449142263
42,45,87,1.697678881210998e-9
64,23,87,0.483768449142263
61,26,87,0.5600488932107722
47,40,87,0.08869205529953894
57,30,87,0.7641629005282548
62,25,87,0.010339950839184809
64,23,87,0.8219361945831267
50,37,87,0.0009175454683941973
45,42,87,1.5483875220641252e-6
74,13,87,0.9869568330638478
66,21,87,0.3296190148905969
60,27,87,0.040653314151988085
59,28,87,NaN
64,23,87,0.6613966634587408
38,49,87,0.8187773560718837
67,19,86,0.006103021347636347
57,29,86,0.027150137488542374
70,16,86,0.13797619272253211
59,27,86,0.022788573734112794
59,27,86,0.23998440172325927
56,30,86,0.021397269468101235
51,35,86,0.052274207689445615
66,20,86,0.0007727635780713693
62,24,86,0.014302811501596825
69,17,86,0.2736599385245901
57,29,86,0.00028217415451769
64,22,86,1.0859858141708702e-27
59,27,86,3.590875128009442e-5
56,30,86,0.4817239039239494
48,38,86,0.5744335372536296
50,36,86,0.25729465430487103
60,26,86,0.38725137907911755
54,32,86,0.108764995537852
61,25,86,0.01726382464681226
64,22,86,0.3292902557705744
60,26,86,0.0004939587289315287
53,33,86,0.012022118863049316
46,40,86,0.011046168301377389
55,31,86,0.7219379551020111
34,51,85,NaN
51,34,85,0.41944029612760164
63,22,85,0.005458373861786127
52,33,85,0.009518635356052841
64,21,85,0.8770122193000203
67,18,85,0.10473926149397911
61,24,85,1.4336286215163268e-6
55,30,85,0.23998440172325927
60,25,85,NaN
64,21,85,0.07633250114228259
55,30,85,0.002851142654638017
49,36,85,NaN
57,28,85,0.8604397293421268
57,28,85,4.14011643857432e-5
64,21,85,0.004701040327640962
53,31,84,0.43614794933242046
52,32,84,0.002629719460697314
50,34,84,0.9686139634526727
61,23,84,0.14387675701825486
67,17,84,0.0025321156588989993
65,19,84,0.18757325186906365
67,17,84,2.5734886294189164e-6
69,15,84,0.9993286683864261
50,34,84,0.37455614717121405
57,27,84,0.4616305962487158
57,27,84,0.7332177371595686
50,34,84,0.7332177371595686
64,20,84,0.738641925184802
59,25,84,0.3760925159875109
55,29,84,0.3160847163034098
42,42,84,NaN
63,21,84,0.011619780767595652
64,20,84,0.6990667746156102
63,21,84,0.353511870600146
58,26,84,0.0010598444621484555
53,31,84,0.019519080662983124
50,34,84,0.9953914111463216
49,35,84,3.359292634847929e-6
50,34,84,0.9832961626475099
51,33,84,0.20893212859872742
0,84,84,0.8546627738456072
61,22,83,NaN
64,19,83,0.7375876183316893
68,15,83,0.043199805379105054
60,23,83,0.8395040133151549
61,22,83,0.16486468874313492
60,23,83,0.2962375138747914
66,17,83,0.027150137488542374
69,14,83,0.47651160946180854
43,40,83,0.010557757861813557
59,24,83,0.9679201828122406
55,28,83,0.03230741676234196
45,38,83,0.6986827035846913
56,27,83,0.6645503847407921
53,30,83,0.0004842656176447254
62,21,83,6.162733366675754e-10
55,28,83,1.0250641599694466e-8
52,31,83,2.4478977555757113e-8
66,17,83,NaN
52,31,83,0.031658645585237274
53,30,83,0.35177100215445434
54,29,83,0.5054614600448805
59,24,83,0.31128496075105533
59,24,83,5.8575058181981514e-8
54,29,83,3.276934054035162e-6
73,10,83,0.8899481007770936
61,22,83,0.1911107368115989
53,30,83,0.07816228007404333
58,25,83,0.07633250114228259
58,25,83,0.7925166447343686
54,28,82,0.0003683636835780223
52,30,82,0.12829864667623506
53,29,82,0.1696364639387589
63,19,82,0.18342590517711166
45,37,82,0.283436843901549
48,34,82,0.14339900089660632
57,25,82,NaN
62,20,82,0.2736599385245901
54,28,82,0.18342590517711166
60,22,82,0.34926187684352356
69,13,82,0.383375144002472
52,30,82,0.0015930976201383204
51,31,82,NaN
49,33,82,0.5428587733687762
70,12,82,0.8572457520617021
51,31,82,NaN
54,28,82,1.5239750607475134e-10
57,25,82,0.42580774673064903
71,11,82,0.016627813551177786
49,33,82,0.9154983956390137
61,21,82,0.02282980371797144
47,35,82,0.65472903538086
52,30,82,1.8090010425823522e-7
71,11,82,0.3667023549886387
59,22,81,0.004476828631901902
61,20,81,1.342381637593049e-7
50,31,81,0.7350398366851347
59,22,81,0.010138342796089042
59,22,81,2.1358837500772395e-6
49,32,81,0.0008071114302110421
57,24,81,0.6613966634587408
53,28,81,0.7644420207845691
52,29,81,0.8479119129857569
41,40,81,0.03782247324613561
47,34,81,0.16629007750437808
50,31,81,0.9209789316492126
61,20,81,9.09943862600424e-9
51,30,81,0.029834613703993394
38,43,81,0.9631580217839892
68,13,81,NaN
59,22,81,0.02016611940600849
61,20,81,NaN
62,19,81,1.2816072511900774e-10
64,17,81,1.0239719438061762e-5
30,51,81,0.5757595332036677
55,26,81,0.2736599385245901
43,38,81,5.412001920784149e-7
55,26,81,0.03628743105218455
70,11,81,0.05191268462853168
62,19,81,0.4284201023127842
47,34,81,4.000966546072718e-7
48,33,81,0.019519080662983124
58,23,81,0.02893673919921267
55,26,81,4.240592880705541e-5
59,22,81,0.6613966634587408
65,16,81,0.01804913307522424
62,19,81,0.058716008530063896
50,31,81,0.893076864532752
39,42,81,0.32004147085639684
59,22,81,3.763368258627977e-5
61,19,80,0.8519193395013108
47,33,80,0.370050991824403
50,30,80,0.019519080662983124
54,26,80,0.6579509695814693
62,18,80,0.41606320219467774
56,24,80,0.6185582093370283
55,25,80,0.033022391601546304
57,23,80,4.9324624720190365e-40
53,27,80,0.49332094821679795
49,31,80,0.7388395055025682
54,26,80,0.005354217595059657
59,21,80,0.8597792096635031
43,37,80,0.022788573734112794
46,34,80,0.23626359731900198
57,23,80,0.483768449142263
59,21,80,0.5598185374570084
56,24,80,NaN
57,23,80,0.9911197647487802
53,27,80,0.0021234642171789986
48,32,80,0.8437770897075487
44,36,80,0.1376319999999998
51,29,80,0.5785056772941807
55,25,80,0.04503870906944472
56,24,80,4.952094582362261e-5
46,34,80,0.2494674389506488
68,12,80,0.03183985449203375
55,25,80,0.15921953565114888
59,21,80,0.8770122193000203
50,30,80,0.005617324697144704
61,18,79,0.7925166447343686
52,27,79,0.6185582093370283
52,27,79,0.6639064502344542
58,21,79,0.9691196750475646
53,26,79,0.08846294564370195
39,40,79,0.00423298646813419
56,23,79,2.4587875125933467e-11
64,15,79,0.049851281398325155
35,44,79,0.7780959412305498
58,21,79,0.8030323731371406
57,22,79,0.7693424387160168
54,25,79,0.010160634635876525
61,18,79,0.14324087282611692
48,31,79,0.08744900866531115
55,24,79,0.09074706543610656
63,16,79,0.7590259756118893
43,36,79,0.7641629005282548
53,26,79,0.10299357055452778
58,21,79,0.7641629005282548
51,28,79,0.006651468916877595
53,26,79,1.1317623776065697e-6
65,14,79,0.0069813611062678575
48,31,79,0.390088581715401
51,28,79,0.975169634166706
42,37,79,0.7751984579192394
58,21,79,0.7680190209909805
45,34,79,0.6915162078305596
54,25,79,NaN
57,22,79,0.016627813551177786
57,22,79,0.09113076633116915
58,21,79,0.6613966634587408
51,27,78,0.8597792096635031
49,29,78,0.13674752686665848
52,26,78,0.7450247665667443
55,23,78,0.483768449142263
48,30,78,0.9828926184928247
53,25,78,0.4374285459989735
54,24,78,2.5246123809484975e-11
49,29,78,0.6185582093370283
56,22,78,0.23626359369103442
59,19,78,0.18247543998351642
56,22,78,0.04937587322664477
54,24,78,1.1007238270772765e-6
64,14,78,0.390088581715401
53,25,78,0.11835585687382275
50,28,78,0.9691196750475646
57,21,78,0.6185582093370283
37,41,78,0.41167163597286455
50,28,78,0.04937587322664477
64,14,78,0.7925166447343686
39,39,78,0.5757595332036677
48,30,78,1.4030026996355819e-5
62,16,78,0.08852853621480836
54,24,78,0.2512620508347815
55,23,78,8.024446771563289e-6
41,37,78,0.00017649214767664816
59,18,77,0.43614794933242046
46,31,77,0.7332177371595686
53,24,77,0.049856985973214175
64,13,77,0.7988777834761387
51,26,77,0.3565763969162567
48,29,77,0.7641629005282548
48,29,77,2.2819496685285097e-5
48,29,77,0.39772795560410895
59,18,77,0.25610433806630556
47,30,77,0.8644897204207699
46,31,77,0.7590750588921455
59,18,77,0.3675788833547591
54,23,77,0.6056797081760678
49,28,77,0.2882435906968383
53,24,77,0.15921953565114888
55,22,77,0.0010535334601444147
50,27,77,1.234169952776335e-5
51,26,77,0.14000969642532812
61,16,77,0.43486753945654716
69,8,77,0.19389599035466012
55,22,77,0.000153411972449434
51,26,77,0.26854793962810314
53,24,77,0.01776903744891385
54,23,77,8.174207452359454e-6
42,35,77,NaN
63,14,77,0.483768449142263
55,22,77,0.07000729323519217
46,31,77,0.12088574599495594
54,23,77,0.8395040133151549
61,15,76,1.1250426183302586e-6
40,36,76,0.012511243465583355
53,23,76,NaN
63,13,76,0.0032907530645546134
46,30,76,0.20936945520216732
59,17,76,0.043199805379105054
55,21,76,0.8437300075399741
57,19,76,0.0006360669650823898
50,26,76,0.9282844826728345
52,24,76,0.19803062717232864
49,27,76,0.019519080662983124
59,17,76,0.7925166447343686
51,25,76,0.3854787183667946
67,9,76,0.15960197654577404
40,36,76,0.00016440429098203731
57,19,76,0.6185582093370283
53,23,76,NaN
52,24,76,0.15921953565114888
55,21,76,0.9359696082954541
59,17,76,0.9326921332428637
45,31,76,0.01258199925014879
39,37,76,0.2736599385245901
25,51,76,0.4873147261865475
56,20,76,0.5966156477295874
49,27,76,0.09095357370306315
56,20,76,0.8395040133151549
49,27,76,0.002422819219459066
48,28,76,0.9209789316492126
42,33,75,0.00829404517453861
45,30,75,0.022788573734112794
40,35,75,0.002169565903346948
50,25,75,0.004524176761996334
58,17,75,NaN
51,24,75,1.1605281265174127e-11
54,21,75,0.7332177371595686
49,26,75,0.9915107779964962
40,35,75,0.4079937677014364
44,31,75,0.9789976594171731
40,35,75,0.01184702641859614
48,27,75,0.10545611367177816
62,13,75,4.9268062203386535e-5
52,23,75,NaN
51,24,75,0.04419397983153904
40,35,75,0.02236674013043557
50,25,75,0.9326921332428637
49,26,75,0.12959616319682452
46,29,75,NaN
52,23,75,0.9980941567639591
39,36,75,0.43614794933242046
54,21,75,0.578552238782498
52,23,75,0.531729986764269
56,19,75,0.9686139634526727
49,26,75,0.27405056622017926
59,16,75,0.06525587975951877
45,30,75,0.825089701234913
36,39,75,0.7925166447343686
42,32,74,NaN
47,27,74,0.0002449896527142128
44,30,74,0.07972862729424048
48,26,74,8.855906599295144e-8
51,23,74,0.0011878485374362817
50,24,74,0.6185582093370283
62,12,74,0.0031045440993553337
50,24,74,0.0011183880058165366
49,25,74,0.04937587322664477
54,20,74,0.12278119961700378
60,14,74,0.03934415152846944
55,19,74,0.15921953565114888
47,27,74,0.08869205529953894
54,20,74,0.08869205529953894
41,33,74,0.4308430338609703
56,18,74,0.06525587975951877
46,28,74,0.4957118971933473
49,25,74,0.07231103511648769
54,20,74,0.01853012151820057
45,29,74,0.9758267481026587
35,39,74,0.8828023348380486
42,32,74,0.23998440172325927
56,18,74,0.06968686097049995
50,24,74,0.009245324162723846
50,24,74,0.0672657361252029
54,20,74,0.798304825306338
51,23,74,NaN
55,19,74,0.6681585112075223
56,18,74,NaN
43,31,74,0.11555758041888778
46,28,74,0.6990667746156102
60,14,74,0.00013615178625775554
59,15,74,0.1363799882328628
55,19,74,0.37585769857769846
60,14,74,0.980101638801523
50,24,74,4.2400073400472043e-13
53,21,74,0.014302811501596825
49,25,74,0.1376319999999998
48,26,74,0.13797619272253211
32,42,74,0.04937587322664477
63,11,74,0.0002186882714950042
58,16,74,0.43614794933242046
34,40,74,0.8072230658574484
48,25,73,0.7925166447343686
50,23,73,0.216637503788555
39,34,73,0.43614794933242046
56,17,73,0.9209789316492126
50,23,73,0.11879913596436273
49,24,73,0.17154947253776187
63,10,73,0.05211579100309109
43,30,73,0.1026612005498701
49,24,73,0.0012821497840035908
53,20,73,0.2376863176266788
33,40,73,0.21973658405141
44,29,73,0.6742945041905407
55,18,73,0.34926187684352356
51,22,73,1.224348701424471e-28
49,24,73,0.7929952455002405
48,25,73,NaN
54,19,73,0.006282033561316203
43,30,73,0.5419358181341635
49,24,73,0.7332177371595686
38,35,73,0.531729986764269
52,21,73,1.491931002158147e-5
57,16,73,0.8985757499968493
52,21,73,0.039039124257175574
47,26,73,0.32107885653760504
58,15,73,NaN
54,19,73,0.016627813551177786
62,11,73,0.6185582093370283
53,20,73,0.00012657992854475813
48,25,73,0.06525587975951877
54,19,73,0.20936945520216732
56,17,73,0.6990667746156102
57,16,73,2.979727072075097e-5
55,18,73,0.25309872857411037
41,32,73,0.9686139634526727
42,30,72,NaN
41,31,72,0.7021786733059717
52,20,72,0.11835585687382275
49,23,72,0.33022434351160646
50,22,72,NaN
46,26,72,0.006550188920441389
37,35,72,0.9489270384407479
59,13,72,7.285499615441034e-9
54,18,72,0.11835585687382275
52,20,72,0.6389682082957174
55,17,72,1.748550621208016e-15
48,24,72,0.6045888079055037
49,23,72,5.692749262078663e-5
60,12,72,0.5181267167607481
49,23,72,0.334128628560277
57,15,72,1.1196223039391289e-6
44,28,72,0.00829404517453861
48,24,72,0.022009083186242066
49,23,72,0.0001263604437660354
49,23,72,NaN
50,22,72,0.2736599385245901
51,21,72,4.118574035969433e-6
50,22,72,0.002525451652913507
56,16,72,0.6613966634587408
52,20,72,NaN
40,32,72,0.0006748208432921595
54,18,72,0.08813197959133805
55,16,71,1.871309993388882e-15
45,26,71,0.8538213044943496
53,18,71,0.027150137488542374
51,20,71,0.0021299630313152446
45,26,71,0.0023282811405627734
50,21,71,0.01916666312853559
50,21,71,NaN
50,21,71,0.32592054260835107
46,25,71,0.11166018789971152
41,30,71,0.6400007488906166
45,26,71,0.0659773948626353
54,17,71,0.09770766734173142
58,13,71,0.2101009291849648
53,18,71,0.11835585687382275
52,19,71,0.08869205529953894
43,28,71,0.7641629005282548
49,22,71,0.03562712243334037
41,30,71,0.43614794933242046
40,31,71,0.7925166447343686
52,19,71,8.895015589592836e-15
57,14,71,0.000175903028639138
44,27,71,0.954907214983886
51,20,71,0.00230880158085927
46,25,71,5.4791221531602e-5
48,23,71,0.007306729625490827
54,17,71,0.5722094385440262
49,22,71,0.016655906875272967
60,11,71,0.43614794933242046
44,27,71,0.0403165911722454
45,26,71,3.1743653378691714e-6
59,12,71,0.2948635719349738
55,16,71,0.009068885701446129
54,17,71,0.893076864532752
53,18,71,0.7332177371595686
42,29,71,0.390088581715401
36,35,71,0.06745106876226743
49,22,71,0.001117407401669966
49,22,71,0.08290739799902985
47,24,71,0.15691537189825497
56,15,71,0.004712732799223209
44,26,70,0.6408958452826279
46,24,70,0.9848698190550483
46,24,70,0.20936945520216732
55,15,70,0.006856937937839094
51,19,70,0.9324395441628401
53,17,70,0.010216961960554903
44,26,70,0.0003826368854295062
46,24,70,0.012022118863049316
48,22,70,0.5210643221383735
52,18,70,0.00840004527428107
49,21,70,0.6185582093370283
57,13,70,0.0023138606353509117
50,20,70,0.14889290094315993
40,30,70,0.13851759585936585
39,31,70,0.043199805379105054
44,26,70,0.05199376202959661
52,18,70,0.7332177371595686
53,17,70,0.1284805667161758
56,14,70,0.06309366488491389
47,23,70,0.4257439908333797
53,17,70,0.06373958978285167
41,29,70,1.541661839847936e-7
52,18,70,0.10796219287567695
41,29,70,0.00013092182727000818
47,23,70,0.05686262967313028
35,35,70,0.49791635043133026
34,36,70,6.536100942211931e-6
43,27,70,0.0716464913471913
53,17,70,0.10219910690052146
42,28,70,NaN
56,14,70,0.11835585687382275
44,26,70,0.0014534144419990124
48,22,70,0.6273932620023779
23,47,70,NaN
46,23,69,0.04937587322664477
51,18,69,0.7641629005282548
38,31,69,0.002514442743431079
48,21,69,0.0024150530889124494
45,24,69,0.0218566829619142
55,14,69,0.8190476436097048
43,26,69,0.43614794933242046
33,36,69,0.08806305048998812
51,18,69,0.8597792096635031
39,30,69,0.23065401064998658
46,23,69,0.1738718617183673
44,25,69,2.49501752162764e-5
57,12,69,0.26904685994290406
52,17,69,0.9614248710601718
48,21,69,0.015010537301395815
47,22,69,0.7434806995564042
42,27,69,0.0819509453595325
34,35,69,0.09835506036297507
39,30,69,0.7731257879270689
53,16,69,0.006319775483954629
52,17,69,0.05906800422375604
48,21,69,0.7925166447343686
44,25,69,0.531729986764269
51,18,69,0.013770214565719315
39,30,69,0.9079098270401949
41,28,69,0.3140609331762166
54,15,69,0.20616882879544368
49,20,69,0.6185582093370283
46,23,69,0.0005935047797496714
47,22,69,0.5773090915155259
45,24,69,0.31519336777929624
43,25,68,0.1376319999999998
45,23,68,0.00018924527060110426
34,34,68,0.041722222851675775
45,23,68,0.12791821144139492
51,17,68,0.45121059500297844
35,33,68,NaN
47,21,68,0.01864675492680574
40,28,68,0.9337281866051768
49,19,68,NaN
56,12,68,0.008723989098532569
38,30,68,0.24265001291699886
49,19,68,8.337556738026395e-12
36,32,68,0.4090985959817289
47,21,68,0.2736599385245901
44,24,68,0.7745913747108069
44,24,68,0.016627813551177786
41,27,68,0.009920761328384915
37,31,68,0.011244616002946678
43,25,68,0.9326921332428637
44,24,68,3.7750027082893826e-11
43,25,68,7.480574766129999e-6
42,26,68,0.390088581715401
56,12,68,NaN
35,33,68,0.11835585687382275
45,23,68,0.04836940725141541
36,32,68,0.49581757594604653
40,28,68,0.10985565887873193
53,15,68,0.5383364960795594
46,22,68,0.2566962523763811
53,15,68,0.11907811253132125
51,17,68,0.0920488351828383
55,13,68,0.483768449142263
45,22,67,0.059640587864133524
37,30,67,0.2529431562641377
29,38,67,0.5033691088183636
51,16,67,NaN
43,24,67,0.03524980615353025
50,17,67,0.7925166447343686
49,18,67,0.009912176912471659
47,20,67,0.1046382654117135
51,16,67,0.022788573734112794
42,25,67,3.2465447401554676e-5
40,27,67,1.009754398705952e-5
38,29,67,0.483768449142263
35,32,67,0.04937587322664477
53,14,67,0.21206262726840017
46,21,67,0.1376319999999998
46,21,67,0.24449469456427378
52,15,67,NaN
52,15,67,0.9079098270401949
51,16,67,0.7895597198543386
50,17,67,0.893076864532752
52,15,67,0.752020703500153
49,18,67,0.13314401715103452
44,23,67,0.18342590517711166
46,21,67,0.18455510598215988
57,10,67,0.00015536323973512723
40,27,67,0.04495162578921247
40,27,67,0.9433412321949546
46,21,67,0.027150137488542374
41,26,67,0.008132855238166432
39,28,67,NaN
46,21,67,0.0057615905374227274
46,21,67,0.37663133840127944
42,25,67,1.0449456324797951e-6
50,17,67,0.0004319248983637541
40,27,67,0.1376319999999998
42,25,67,4.090778546404632e-6
42,25,67,0.009440601234360264
54,13,67,0.2749603387523609
30,37,67,0.9079098270401949
43,23,66,0.9079098270401949
39,27,66,0.6484980721715962
48,18,66,0.34926187684352356
50,16,66,0.11835585687382275
48,18,66,0.18342590517711166
32,34,66,0.665184776853604
38,28,66,0.04357846325578961
54,12,66,3.0897329824963455e-5
36,30,66,0.5041184700020618
36,30,66,NaN
43,23,66,0.896152974473212
46,20,66,0.12233905222669793
55,11,66,0.1026612005498701
39,27,66,0.00021280680783848828
51,15,66,0.07816228007404333
52,14,66,0.5513664448576895
47,19,66,0.9534153129152887
37,29,66,0.4400267245068663
37,29,66,0.10244338647543966
42,24,66,0.7641629005282548
48,18,66,0.004354495508730197
49,17,66,0.010557757861813557
47,19,66,0.06165363587037351
25,41,66,0.8185843942460208
45,21,66,0.6680061592974866
49,17,66,0.0027071495100920197
47,19,66,0.9401662821081695
44,22,66,0.6990667746156102
31,35,66,0.7865491855001429
43,22,65,0.007658526745798251
46,19,65,0.8500340597912104
51,14,65,0.810526040538425
41,24,65,NaN
49,16,65,NaN
41,24,65,0.2556772158415757
36,29,65,0.0006109743976757281
36,29,65,0.31128496075105533
51,14,65,0.6990667746156102
49,16,65,0.9890128418678317
51,14,65,1.3949235697725202e-5
49,16,65,0.2317699826043327
33,32,65,0.0027792113722427078
44,21,65,1.261317521063875e-7
47,18,65,0.08658405333524088
35,30,65,0.016558552745505193
50,15,65,0.16150449629625868
45,20,65,0.1026612005498701
42,23,65,0.0005073149398082794
39,26,65,0.10905079591322496
48,17,65,3.1523684600037613e-13
49,16,65,6.145149494786895e-5
49,16,65,0.07633250114228259
37,28,65,NaN
34,31,65,0.11835585687382275
36,29,65,0.003123090667279855
41,24,65,0.17014277268407874
53,12,65,0.03782247324613561
43,22,65,0.42899049938629213
45,20,65,0.8770122193000203
45,20,65,0.09034937580393418
42,23,65,8.191803343498949e-11
44,21,65,0.31128496075105533
47,18,65,0.0010434722212007313
45,20,65,0.31128496075105533
44,21,65,NaN
44,21,65,0.012022118863049316
52,13,65,0.0009161442954102053
43,22,65,0.39168521450374744
46,18,64,0.1722824441686507
49,15,64,0.5713582681634765
45,19,64,0.48138023970542676
45,19,64,0.20936945520216732
31,33,64,0.483768449142263
47,17,64,0.5891816703481814
49,15,64,0.9209789316492126
35,29,64,0.07633250114228259
33,31,64,0.6480383694223043
41,23,64,0.003140615788714819
46,18,64,0.06525587975951877
46,18,64,0.009252552040047275
41,23,64,0.2840968267711962
38,26,64,0.7925166447343686
34,30,64,0.9209789316492126
40,24,64,0.18126647956006564
28,36,64,0.05714464844976415
42,22,64,0.15921953565114888
51,13,64,0.00036118399508212483
44,20,64,0.483768449142263
44,20,64,0.483768449142263
44,20,64,0.010337930587630132
43,21,64,0.14724277732837493
43,21,64,0.9931480537520214
44,20,64,0.859423711957949
49,15,64,0.0014913596964588902
41,23,64,0.36559138469244656
41,23,64,0.6185582093370283
46,18,64,0.050942925690225856
45,19,64,0.2736599385245901
50,14,64,0.18342590517711166
45,19,64,0.00012372172873087285
36,28,64,0.6990667746156102
36,28,64,0.9326921332428637
47,17,64,0.7332177371595686
47,17,64,0.531729986764269
42,22,64,0.6990667746156102
44,20,64,1.2796823458325818e-10
40,24,64,0.06778471383143507
46,18,64,0.015101732427467988
34,30,64,0.06525587975951877
45,19,64,3.80016538640755e-14
34,30,64,0.0672657361252029
35,29,64,0.00010890249957934428
50,14,64,0.08963733477017312
43,21,64,0.13876665016741282
40,24,64,0.020154132692139236
40,24,64,0.8770122193000203
35,29,64,0.00572663073187088
46,18,64,0.010253346316203303
46,18,64,0.5757595332036677
28,36,64,0.893076864532752
43,21,64,0.03782247324613561
45,19,64,0.1846916830914073
51,12,63,0.7802167710868915
42,21,63,0.8770122193000203
35,28,63,5.6682560408567164e-5
35,28,63,0.8597792096635031
44,19,63,0.008666275024925719
52,11,63,0.0006923586974422218
41,22,63,0.6185582093370283
38,25,63,0.6613966634587408
27,36,63,0.7641629005282548
39,24,63,0.34926187684352356
53,10,63,0.2736599385245901
35,28,63,0.8770122193000203
41,22,63,0.1026612005498701
41,22,63,0.0009775841584143525
50,13,63,6.645456487828046e-6
49,14,63,0.390088581715401
37,26,63,0.9848027522935779
37,26,63,0.1401047500020054
48,15,63,0.9534153129152887
52,11,63,0.7925166447343686
36,27,63,0.39003902761494863
48,15,63,2.1367217640845695e-13
39,24,63,1.4717401471646595e-8
45,18,63,0.2736599385245901
41,22,63,0.8597792096635031
52,11,63,0.8770122193000203
35,28,63,0.01105014604433947
30,33,63,0.7545746100415366
52,11,63,0.49554083113209824
45,18,63,0.2736599385245901
42,21,63,0.7925166447343686
22,41,63,0.47499787799605014
47,16,63,0.0026000481032064735
45,18,63,0.31128496075105533
44,19,63,0.43614794933242046
46,17,63,0.7371783746646662
42,21,63,0.009912176912471659
48,15,63,0.7546757218519802
38,25,63,0.0569687888815355
35,28,63,NaN
51,12,63,0.15382680788711658
48,15,63,1.988240474609676e-5
28,35,63,0.6185582093370283
36,27,63,0.6036725291048715
30,33,63,0.531729986764269
37,26,63,0.000996786580815041
49,14,63,0.0032728641533149067
37,26,63,0.01597256487265263
44,19,63,0.00037969779900506856
37,26,63,0.2736599385245901
47,15,62,0.4604004273761092
40,22,62,0.006282033561316203
41,21,62,1.5521284111472302e-14
46,16,62,0.15921953565114888
40,22,62,0.06608480610377643
28,34,62,0.935673497093725
45,17,62,0.00024817269015830215
38,24,62,0.04701503744433874
46,16,62,0.8556391301761374
26,36,62,0.043199805379105054
42,20,62,0.893076864532752
37,25,62,0.8197394761937766
40,22,62,0.8299262573481846
42,20,62,0.7641629005282548
42,20,62,0.06161480682148906
44,18,62,0.8828140824456019
35,27,62,0.0007651694781769705
48,14,62,0.483768449142263
29,33,62,0.2551034017045944
40,22,62,NaN
54,8,62,0.3524909303763598
43,19,62,0.027150137488542374
27,35,62,0.893076864532752
27,35,62,0.014302811501596825
39,23,62,0.6185582093370283
32,30,62,0.5757595332036677
38,24,62,0.01496729534584381
36,26,62,9.517920173998922e-11
46,15,61,0.7332177371595686
36,25,61,0.35556877700566075
46,15,61,0.11835585687382275
35,26,61,0.20936945520216732
51,10,61,0.7332177371595686
43,18,61,0.18479186033373687
49,12,61,0.9614248710601718
33,28,61,0.659091180712813
42,19,61,0.00042971455676286404
42,19,61,0.01497154425875501
30,31,61,0.15921953565114888
41,20,61,0.04937587322664477
34,27,61,0.3492524433488943
27,34,61,0.03952517032691349
38,23,61,0.1376319999999998
34,27,61,0.00364642813434664
47,14,61,0.1026612005498701
49,12,61,0.6082180042600419
41,20,61,NaN
35,26,61,0.335117765373533
37,24,61,0.5008919581282654
48,13,61,4.582748366173249e-13
41,20,61,0.8507022755233801
47,14,61,0.022323395255758344
48,13,61,0.07633250114228259
42,19,61,0.06343543117077345
40,21,61,0.000945999200183464
42,19,61,0.8655525891597369
36,25,61,0.02309988422837133
40,21,61,0.7925166447343686
43,18,61,7.309860539082453e-5
34,27,61,0.40479100211568664
43,18,61,0.40632797086554634
44,17,61,0.03562968708771143
36,25,61,0.09108754078862778
42,19,61,0.00012657992854475813
40,21,61,0.08361805456564383
50,11,61,0.08869205529953894
37,24,61,0.7508070468251842
50,11,61,0.2864401255700478
47,14,61,0.0015359697192539254
36,25,61,0.7925166447343686
37,24,61,0.1026612005498701
34,27,61,0.9209789316492126
46,15,61,0.483768449142263
46,15,61,0.016627813551177786
42,19,61,0.8288016528822839
41,19,60,0.34926187684352356
31,29,60,0.9516728028095446
32,28,60,0.0028073585520378675
46,14,60,0.16738771195657673
47,13,60,0.5757595332036677
45,15,60,6.659474055600126e-7
35,25,60,0.00018735098189334948
38,22,60,6.999191422556082e-5
32,28,60,0.483768449142263
48,12,60,0.09700921576937932
37,23,60,0.13209811094085
32,28,60,0.3233289064071721
36,24,60,2.908473839629036e-5
47,13,60,0.08975075587669598
35,25,60,NaN
39,21,60,0.6990667746156102
40,20,60,0.09978498086551854
37,23,60,0.03230741676234196
51,9,60,3.213568195225984e-10
46,14,60,0.15037498598315183
48,12,60,0.7424119409689101
41,19,60,0.6185582093370283
43,17,60,0.6157709669849696
20,40,60,0.6730058483346164
44,16,60,0.00029864578185349785
32,28,60,0.3009479739997534
40,20,60,0.2736599385245901
31,29,60,0.9614248710601718
44,16,60,0.035341990487559045
44,16,60,0.0002344395865885038
49,11,60,0.019519080662983124
40,20,60,0.03230741676234196
44,16,60,0.006462023639748294
37,23,60,NaN
43,17,60,2.6178215603747653e-12
43,17,60,0.4319007153382488
40,20,60,0.012022118863049316
43,17,60,0.009144206495755279
38,22,60,0.8597792096635031
34,26,60,0.390088581715401
34,26,60,0.7641629005282548
24,36,60,0.3348051845545867
39,21,60,NaN
41,19,60,0.1026612005498701
40,20,60,0.6990667746156102
42,18,60,0.6287382686350456
45,15,60,0.9258947742644057
45,15,60,0.8185843942460208
35,25,60,0.05224828878460817
33,27,60,0.9433412321949546
38,22,60,0.03782247324613561
37,23,60,NaN
37,23,60,0.006900158124794558
41,18,59,0.9055500868206833
45,14,59,0.5767382286440002
33,26,59,4.058145314600431e-5
44,15,59,0.34926187684352356
31,28,59,0.0009737243040793747
43,16,59,0.22583087324939657
41,18,59,4.634685476037463e-5
35,24,59,NaN
49,10,59,0.5771588536548611
45,14,59,0.8395040133151549
43,16,59,2.952465481221549e-7
31,28,59,0.7332177371595686
46,13,59,0.025187108411688648
36,23,59,0.04496553987597853
47,12,59,0.483768449142263
45,14,59,0.3839790905334982
42,17,59,0.5757595332036677
50,9,59,0.2736599385245901
46,13,59,0.12579324908923306
36,23,59,0.000984050025802507
47,12,59,0.390088581715401
36,23,59,0.0010034185933253201
36,23,59,0.00013925219944015458
26,33,59,NaN
38,21,59,0.23964540280341587
44,15,59,0.024591558198031823
35,24,59,0.4646991477212672
37,22,59,0.7724157272646358
41,18,59,0.0002344395865885038
35,24,59,0.2781372103324207
44,15,59,0.016305554243682525
37,22,59,2.8504877480171094e-7
38,21,59,0.13913901322841266
35,24,59,0.6613966634587408
47,12,59,0.2736599385245901
45,14,59,0.05481063174545947
50,9,59,0.7641629005282548
49,10,59,0.0911085235229468
41,18,59,8.194403959567945e-5
43,16,59,0.483768449142263
38,21,59,0.06525587975951877
42,17,59,5.451758646692116e-6
33,26,59,0.8344549456514678
49,10,59,0.03069177951078479
43,16,59,0.7641629005282548
44,15,59,0.008291593990388363
37,22,59,0.15308683989259436
40,19,59,0.007001449581735304
33,26,59,0.18342590517711166
46,13,59,0.11835585687382275
35,24,59,0.483768449142263
46,13,59,0.29199201707418415
39,20,59,0.2712789570923885
52,7,59,0.9079098270401949
42,16,58,0.7925166447343686
36,22,58,3.1270468812263825e-7
38,20,58,0.03626556555381316
48,10,58,1.5602076702748734e-11
44,14,58,0.6185582093370283
41,17,58,0.08869205529953894
39,19,58,0.03782247324613561
38,20,58,0.012609513780462952
33,25,58,0.34926187684352356
35,23,58,1.1399264028937397e-7
33,25,58,0.1376319999999998
35,23,58,0.0011854059816498637
42,16,58,3.598275052548835e-7
32,26,58,0.531729986764269
40,18,58,0.5881141687944521
37,21,58,0.27009858795531216
43,15,58,0.15921953565114888
34,24,58,0.012425041208749005
27,31,58,0.390088581715401
41,17,58,0.4493856622089567
30,28,58,0.893076864532752
50,8,58,0.044728888001610886
29,29,58,0.0012224273937682995
45,13,58,1.2454366928200971e-5
40,18,58,0.04937587322664477
43,15,58,0.7332177371595686
42,16,58,0.483768449142263
26,32,58,NaN
46,12,58,0.009912176912471659
38,20,58,0.7121996979223111
28,30,58,0.9668823860561795
46,12,58,0.15921953565114888
36,22,58,0.6388763390221308
40,18,58,NaN
43,15,58,0.9326921332428637
36,22,58,0.0001482989380878042
31,27,58,0.04376669977235916
41,17,58,0.668710119804481
47,11,58,0.04045666066465735
39,19,58,0.28775412648529725
37,21,58,0.20936945520216732
33,25,58,0.43614794933242046
47,11,58,0.16101729272412335
29,29,58,0.06042002287681927
25,33,58,0.9527143218963345
40,18,58,0.9994620073112016
39,19,58,0.0064392552903883024
38,20,58,7.0238754014003e-15
39,19,58,0.6613966634587408
38,20,58,5.182141572963454e-5
48,10,58,0.0047130805346541115
31,27,58,0.10389677169698838
35,23,58,0.2736599385245901
42,16,58,0.980101638801523
38,20,58,NaN
33,25,58,0.1376319999999998
26,32,58,0.002142202257511782
33,25,58,0.1026612005498701
40,17,57,1.4549413154383824e-6
39,18,57,0.09204527822778405
28,29,57,NaN
36,21,57,0.0020372602508336676
42,15,57,0.483768449142263
48,9,57,0.1026612005498701
29,28,57,0.7925166447343686
34,23,57,0.4840679647047576
44,13,57,0.051365608253216184
38,19,57,0.1321148106080137
49,8,57,0.18440948491982498
33,24,57,0.3727872410352752
34,23,57,0.0007292039906302972
36,21,57,0.12553019017768585
43,14,57,0.0009889237597619166
39,18,57,4.041003608516571e-7
36,21,57,0.6375068000154904
41,16,57,NaN
41,16,57,0.10691441378713094
36,21,57,0.004939389942292157
39,18,57,0.4564265565626184
45,12,57,0.002667531093280514
48,9,57,0.014561643886332637
37,20,57,0.1376319999999998
44,13,57,0.7610875574143072
40,17,57,1.5401919148111848e-6
50,7,57,5.8895908126210956e-27
47,10,57,0.6185582093370283
48,9,57,0.0569687888815355
39,18,57,2.5734886294189164e-6
33,24,57,0.9079098270401949
22,35,57,0.7641629005282548
41,16,57,NaN
37,20,57,0.6336718761776877
26,31,57,0.1026612005498701
46,11,57,0.5671184791030457
33,24,57,0.00027960842597810824
43,14,57,0.24847632258192567
40,17,57,0.0044033053376412055
39,18,57,0.06525587975951877
46,11,57,0.6185582093370283
37,20,57,0.7641629005282548
43,14,57,0.51733424201445
33,24,57,NaN
47,10,57,0.9404834259610766
30,27,57,0.018069259554969404
35,22,57,0.007847082791672495
37,20,57,0.18342590517711166
42,15,57,0.7711092047950135
38,19,57,0.043199805379105054
28,29,57,0.6765646309088004
21,36,57,NaN
37,20,57,0.00425252867221958
38,19,57,0.005015336237683677
35,22,57,0.5825272282964099
44,13,57,0.15898521354301204
43,14,57,0.4079021815547481
45,12,57,0.11856805206810914
40,17,57,0.7925166447343686
31,26,57,0.2208916200086267
37,19,56,0.531729986764269
37,19,56,NaN
33,23,56,0.00015214244269899424
44,12,56,NaN
36,20,56,0.038604435203511374
40,16,56,0.8597792096635031
44,12,56,0.5190931265438938
29,27,56,0.6227862084416278
43,13,56,0.35927452760689393
35,21,56,0.7817232977227401
39,17,56,0.0022275543366089205
43,13,56,0.483768449142263
50,6,56,0.005024141639109649
32,24,56,0.7332177371595686
31,25,56,0.020188422221914467
44,12,56,6.386610849084214e-8
33,23,56,0.20936945520216732
42,14,56,0.4895766983158373
40,16,56,2.6330273784285648e-5
41,15,56,0.1428678205347749
35,21,56,0.8265341634502776
31,25,56,0.06525587975951877
31,25,56,0.11835585687382275
39,17,56,0.6851140816611032
46,10,56,1.4606174234445303e-7
29,27,56,0.25883708199374245
24,32,56,0.5489458476781658
47,9,56,0.07308395874773771
31,25,56,0.8266459162027727
38,18,56,0.022788573734112794
37,19,56,1.709370748635218e-7
33,23,56,0.531729986764269
37,19,56,2.920182737821366e-11
37,19,56,0.4010479911185896
40,16,56,0.43614794933242046
29,27,56,0.531729986764269
37,19,56,0.0056781673360037895
36,20,56,0.14000969642532812
37,19,56,0.24824965460085582
39,17,56,0.1026612005498701
27,29,56,0.483768449142263
47,9,56,0.009696678605616654
39,17,56,0.0009775841584143525
44,12,56,0.531729986764269
39,17,56,0.30155531876311087
33,23,56,0.07799861456518015
37,19,56,NaN
44,12,56,0.8554168612666296
45,11,56,0.0013434500126279262
38,18,56,0.5757595332036677
43,13,56,0.390088581715401
36,20,56,0.390088581715401
39,17,56,0.1376319999999998
42,14,56,NaN
39,17,56,0.0003403679716387483
29,27,56,0.027150137488542374
45,11,56,0.2736599385245901
30,26,56,0.7909130129896488
38,18,56,0.11835585687382275
31,25,56,0.49110700821872155
35,21,56,0.424629762719081
33,23,56,0.8623010485772177
32,23,55,0.6613966634587408
41,14,55,0.24040415771441165
46,9,55,0.0005051168372729462
43,12,55,0.8770122193000203
29,26,55,0.20936945520216732
35,20,55,0.25386323968038543
34,21,55,0.9209789316492126
42,13,55,0.5851501550829796
43,12,55,0.06949008016743495
45,10,55,0.001687323367228092
28,27,55,0.5041370821456015
40,15,55,0.9387035794422314
36,19,55,0.022049603021542144
43,12,55,0.483768449142263
42,13,55,0.27654819534762787
42,13,55,0.390088581715401
35,20,55,0.16321138462717324
43,12,55,0.12007316117014918
30,25,55,0.43614794933242046
39,16,55,0.43037678162322535
41,14,55,0.018882904774722778
37,18,55,0.5793448660417296
36,19,55,0.7641629005282548
33,22,55,0.14244302189314856
39,16,55,0.7641629005282548
35,20,55,0.9326921332428637
40,15,55,0.5081799327535681
25,30,55,0.7350118004176132
37,18,55,0.8395040133151549
38,17,55,0.8597792096635031
21,34,55,0.13935759757327162
45,10,55,0.002273894663361655
26,29,55,0.9519991074869024
35,20,55,0.06525587975951877
34,21,55,0.34926187684352356
45,10,55,0.20936945520216732
35,20,55,0.21445540081813633
37,18,55,0.9326921332428637
40,15,55,0.3742900362883509
34,21,55,0.7925166447343686
36,19,55,0.2858427049064902
39,16,55,0.016627813551177786
18,37,55,NaN
37,17,54,0.24781377732474008
34,20,54,0.004744319981892273
41,13,54,0.0810966344511273
42,12,54,7.788148187347211e-12
36,18,54,0.6613966634587408
46,8,54,6.336789597920604e-7
40,14,54,0.009805131013617088
38,16,54,0.9614248710601718
36,18,54,0.5163871653034717
37,17,54,0.32118236159796393
34,20,54,0.002101584689689147
37,17,54,0.531729986764269
31,23,54,NaN
38,16,54,0.10133475887706887
28,26,54,0.8395040133151549
42,12,54,0.003853646011881792
42,12,54,0.483768449142263
41,13,54,0.0015789372075542324
34,20,54,0.08175538475544836
40,14,54,0.6704953168931699
35,19,54,0.10807737524770958
45,9,54,0.6862064853806619
38,16,54,0.0016274540518420486
35,19,54,0.1731670542199382
34,20,54,0.7925166447343686
35,19,54,0.893076864532752
37,17,54,0.0569687888815355
33,21,54,NaN
36,18,54,0.7449516593711992
34,20,54,0.483768449142263
38,16,54,0.8770122193000203
37,17,54,0.31394150269669024
39,15,54,0.893076864532752
33,21,54,0.0021679292106529047
36,18,54,8.30857114186243e-9
31,23,54,0.31128496075105533
39,15,54,0.3197561269707505
30,24,54,NaN
39,15,54,0.9791593797665914
46,8,54,7.409788609457134e-12
40,14,54,0.9449594017628097
38,16,54,0.43577762349235377
33,21,54,0.24265001291699886
30,24,54,0.8072230658574484
40,14,54,0.7925166447343686
27,27,54,0.2736599385245901
40,14,54,0.73270829150159
41,13,54,0.08869205529953894
46,8,54,0.483768449142263
36,18,54,0.8039562291695337
40,14,54,0.43614794933242046
41,13,54,0.4265780548726542
33,21,54,0.9959037061045644
40,14,54,0.0010923402096787978
38,16,54,0.007851755993893912
31,23,54,NaN
36,18,54,0.9983399300620662
34,20,54,0.8234460514241537
32,22,54,NaN
40,14,54,0.7046193325342651
38,16,54,0.9534153129152887
38,16,54,0.7925166447343686
42,12,54,0.018511818375135214
28,26,54,0.7641629005282548
35,19,54,0.0001880940994878466
37,16,53,0.980101638801523
32,21,53,0.004762562092651927
40,13,53,0.9571708845113696
38,15,53,0.3620519575857044
40,13,53,0.04937587322664477
43,10,53,0.07474125735179167
37,16,53,0.03782247324613561
47,6,53,0.6107378309431611
40,13,53,0.0569687888815355
34,19,53,0.11406988296999172
36,17,53,0.03786222965996692
38,15,53,0.056274019366107514
44,9,53,2.954548228482252e-6
41,12,53,0.531729986764269
43,10,53,0.00013290338156697284
44,9,53,0.008883701070274546
34,19,53,0.0503689337627326
26,27,53,0.7304558333871135
38,15,53,0.7925166447343686
29,24,53,0.19195347216435468
41,12,53,0.390088581715401
26,27,53,0.483768449142263
42,11,53,0.0003692382795780825
33,20,53,1.5304801382628486e-9
38,15,53,1.2534460355688753e-6
35,18,53,0.9940320922471844
43,10,53,0.059294780683407725
39,14,53,0.2462140872050059
40,13,53,0.23998440172325927
29,24,53,0.8770122193000203
31,22,53,0.43614794933242046
35,18,53,0.3177424432485899
39,14,53,0.531729986764269
35,18,53,0.08781516101428428
29,24,53,0.8795235203274335
27,26,53,0.4070334953648351
32,21,53,0.390088581715401
36,17,53,0.5757595332036677
38,15,53,4.320817082022594e-10
36,17,53,0.6990667746156102
36,17,53,0.1376319999999998
39,14,53,0.25929282295731004
34,19,53,0.09896828461212225
26,27,53,0.03230741676234196
39,14,53,4.0588903922485804e-5
32,21,53,NaN
34,19,53,0.012591820955727731
33,20,53,0.7925166447343686
34,19,53,0.06525587975951877
36,17,53,0.8038351790754241
39,14,53,0.6613966634587408
44,9,53,0.7966407066932983
22,31,53,0.8395040133151549
28,25,53,0.8597792096635031
36,17,53,0.670166459237715
40,13,53,0.6337595154438411
32,21,53,0.17768183990419706
25,28,53,0.8597792096635031
43,9,52,3.1874344980041834e-5
31,21,52,NaN
28,24,52,NaN
38,14,52,0.43614794933242046
36,16,52,0.028212107024789306
34,18,52,0.022788573734112794
33,19,52,0.1376319999999998
26,26,52,0.6736774883361771
38,14,52,7.047958752276631e-11
39,13,52,0.5821339943532446
33,19,52,0.8395040133151549
33,19,52,0.4754477881539115
33,19,52,0.0024877060380539295
30,22,52,0.03782247324613561
39,13,52,2.1791704607092712e-18
37,15,52,0.23998440172325927
35,17,52,0.5757595332036677
41,11,52,0.9209789316492126
49,3,52,1.6828506559772137e-7
37,15,52,5.066526354509363e-5
36,16,52,0.34926187684352356
29,23,52,0.7141836146899987
36,16,52,0.08869205529953894
37,15,52,0.085075603898805
39,13,52,0.31128496075105533
38,14,52,0.587299022458698
20,32,52,0.8395040133151549
34,18,52,NaN
29,23,52,0.06525587975951877
30,22,52,0.8597792096635031
39,13,52,0.09756060431449758
41,11,52,0.5644770631921749
40,12,52,0.0004630194375050153
27,25,52,0.04937587322664477
36,16,52,1.4530633668397344e-9
28,24,52,0.0026137539285502995
40,12,52,0.07633250114228259
26,26,52,0.006082193050191918
29,23,52,0.9758363328685252
37,15,52,0.05885055652669535
35,17,52,0.6708306989230775
31,21,52,0.38767672582122403
31,21,52,0.2736599385245901
30,22,52,0.007971110953698846
41,11,52,0.3213501522113413
30,22,52,0.25707689781356774
35,17,52,0.0077704161687948995
34,18,52,0.14628973515322136
21,31,52,0.12614211765032313
35,17,52,0.23998440172325927
32,20,52,0.2911421280847714
30,22,52,0.24407351255050927
33,19,52,9.702672652846229e-6
25,27,52,0.027122623974252365
32,20,52,0.7925166447343686
39,12,51,NaN
41,10,51,0.005218373985522614
31,20,51,0.00023936942925734315
40,11,51,0.7925166447343686
33,18,51,0.3117410074189191
29,22,51,0.07633250114228259
32,19,51,0.15921953565114888
37,14,51,0.390088581715401
32,19,51,0.9079098270401949
46,5,51,0.8597792096635031
33,18,51,0.01650482761356987
37,14,51,0.2487763573777098
30,21,51,0.531729986764269
27,24,51,0.23998440172325927
37,14,51,0.03782247324613561
39,12,51,0.03331067516206525
27,24,51,0.04573213625556403
37,14,51,0.04478577193956027
35,16,51,0.7641629005282548
35,16,51,0.6508102604862698
39,12,51,0.0010967409508205533
31,20,51,NaN
36,15,51,0.0002577244137563763
33,18,51,NaN
36,15,51,2.040523505686966e-5
39,12,51,0.07633250114228259
39,12,51,0.001353224453636941
25,26,51,NaN
31,20,51,0.0056725004515355525
45,6,51,0.20936945520216732
42,9,51,NaN
34,17,51,0.34926187684352356
34,17,51,0.5310359777929816
33,18,51,0.06714864811781246
26,25,51,0.2736599385245901
44,7,51,0.0036368420449698654
41,10,51,0.7332177371595686
34,17,51,0.9317321518765431
29,22,51,0.16448071937528244
38,13,51,0.48765727517227964
37,14,51,0.08869205529953894
32,19,51,0.018312157220818283
50,1,51,0.8185843942460208
33,18,51,0.648296645338347
36,15,51,0.1524741195072775
34,17,51,0.8597792096635031
34,17,51,1.3195171689736126e-5
41,10,51,NaN
43,8,51,0.36871321255896833
30,21,51,0.15770513175459663
33,18,51,0.9079098270401949
32,19,51,0.010713732379635015
35,16,51,0.0007747037200409711
35,16,51,0.531729986764269
40,11,51,0.26474002950887976
38,13,51,NaN
41,10,51,0.10291152207415626
26,25,51,NaN
45,6,51,0.8928128893261972
34,17,51,0.9080688461383672
20,31,51,0.8395040133151549
36,15,51,0.3771719786415098
22,29,51,0.0008531087363742592
37,13,50,0.06369218122857737
30,20,50,0.650767363215862
34,16,50,0.31128496075105533
34,16,50,0.4767654310736034
34,16,50,NaN
36,14,50,0.0356307546218653
44,6,50,0.5757595332036677
35,15,50,0.062243515849787594
31,19,50,6.2788235973011e-5
25,25,50,0.20936945520216732
45,5,50,1.5847838952427507e-7
38,12,50,0.032762483783027554
28,22,50,0.80100126438242
40,10,50,0.9534153129152887
25,25,50,NaN
37,13,50,0.051365608253216184
35,15,50,0.39231770458624804
37,13,50,0.8597792096635031
37,13,50,0.0016906788896868291
32,18,50,0.20015226737715758
33,17,50,0.43449352911660427
28,22,50,0.3572759545354031
32,18,50,0.0021679292106529047
26,24,50,0.46533878363357706
35,15,50,0.18342590517711166
38,12,50,0.005460452367716276
29,21,50,0.45496490924879346
32,18,50,0.00772816855191073
34,16,50,NaN
36,14,50,4.2897146654067006e-7
34,16,50,0.531729986764269
45,5,50,0.9433412321949546
40,10,50,0.390088581715401
16,34,50,NaN
31,19,50,0.0010596182631854396
36,14,50,0.34926187684352356
36,14,50,0.005426511274830291
37,13,50,0.05886905077780615
41,9,50,0.3323665440464716
39,11,50,0.0023469019064007715
32,18,50,3.273491559089861e-11
36,14,50,0.34926187684352356
40,10,50,NaN
30,20,50,0.893076864532752
35,15,50,0.0037914093054994256
29,21,50,0.03230741676234196
31,19,50,0.21291942524030225
31,19,50,0.12282930193319162
36,14,50,0.179828805457498
36,14,50,9.929989120183805e-5
35,15,50,0.002259570121610685
42,8,50,0.6613966634587408
30,20,50,0.20936945520216732
22,28,50,0.003469379431767928
32,18,50,0.6613966634587408
32,18,50,0.0003000643460548612
32,18,50,0.08889028994681433
37,13,50,0.004918268282143621
28,22,50,0.0004696543381194239
29,21,50,0.003788441268422185
23,27,50,0.638842787017893
30,20,50,0.10035196114697802
26,24,50,0.2108429845431428
40,10,50,0.7925166447343686
35,15,50,0.043199805379105054
36,14,50,0.3897823797749254
37,12,49,0.21254199941611518
36,13,49,0.13152768078122684
44,5,49,0.23998440172325927
43,6,49,2.896711865778323e-8
27,22,49,0.5075995080664013
37,12,49,0.20936945520216732
31,18,49,0.8185843942460208
27,22,49,0.31128496075105533
19,30,49,0.00010010549920434177
40,9,49,5.199146335952161e-8
37,12,49,0.0007620344218059701
41,8,49,0.0072931174909348214
29,20,49,0.6809026538144238
35,14,49,0.019519080662983124
31,18,49,0.8987392133810609
34,15,49,2.2009442679759968e-7
32,17,49,0.531729986764269
36,13,49,0.0011477131960641125
28,21,49,0.09677858091713461
39,10,49,0.019519080662983124
23,26,49,0.23998440172325927
30,19,49,0.00016686309593027615
38,11,49,0.3761084225208357
26,23,49,0.014891906651576492
40,9,49,NaN
24,25,49,0.00010891665183015233
32,17,49,0.6613966634587408
31,18,49,0.007143059954844546
34,15,49,0.06716485616800393
37,12,49,0.6460901235296224
38,11,49,0.04937587322664477
35,14,49,0.0129757763332213
37,12,49,0.021665898305706182
31,18,49,0.1026612005498701
34,15,49,0.7332177371595686
34,15,49,0.25372861840952005
36,13,49,0.1026612005498701
39,10,49,0.8737868322155935
36,13,49,NaN
34,15,49,0.2696562450153448
29,20,49,0.531729986764269
33,16,49,0.9919473356579432
26,23,49,0.0016607020172491823
33,16,49,0.5825272282964099
45,4,49,0.00011288044866991257
41,8,49,0.23998440172325927
39,10,49,0.0014631983699930626
32,17,49,0.390088581715401
28,21,49,0.31128496075105533
43,6,49,0.015747736457258358
30,19,49,0.8480868705271999
29,20,49,0.20936945520216732
37,12,49,0.003788441268422185
25,24,49,0.16623635023696975
37,12,49,0.305395276613042
28,21,49,0.893076864532752
46,3,49,0.08869205529953894
27,22,49,0.4382905516369607
35,14,49,0.06932470086147889
29,20,49,0.36822030714496573
30,19,49,0.17868485962986488
28,21,49,0.07480776752211926
30,19,49,NaN
29,20,49,3.138701655453967e-15
34,15,49,0.6185582093370283
34,15,49,0.027722625414939667
32,17,49,NaN
34,15,49,0.05100635587591398
24,25,49,NaN
27,22,49,NaN
35,14,49,0.21530613828703424
33,16,49,0.09966634624352916
28,21,49,0.7332177371595686
33,16,49,0.42644156541088957
33,16,49,0.11835585687382275
30,19,49,0.8185183006492416
36,12,48,0.9614248710601718
33,15,48,0.06525587975951877
28,20,48,0.8395040133151549
29,19,48,0.9669938842733904
32,16,48,0.08702180166898883
30,18,48,NaN
40,8,48,0.0012769407424767063
38,10,48,0.6458099113465393
39,9,48,0.4306225334573416
27,21,48,0.06043564795776609
31,17,48,0.6990667746156102
32,16,48,0.11835585687382275
30,18,48,0.5550846968391522
39,9,48,4.244960377713954e-6
33,15,48,NaN
28,20,48,NaN
34,14,48,0.9180151877159183
37,11,48,0.03825769299749198
33,15,48,0.004240576784781276
36,12,48,0.06714864811781246
29,19,48,0.004939389942292157
33,15,48,0.015840031547049167
26,22,48,0.27245908368970817
37,11,48,0.9434490868374367
38,10,48,0.5281600253608888
32,16,48,0.4324764173820336
28,20,48,0.7332177371595686
34,14,48,0.5757595332036677
32,16,48,0.003009383895263682
41,7,48,0.34926187684352356
40,8,48,1.1527381473094254e-13
31,17,48,0.4280166490056792
34,14,48,0.531729986764269
28,20,48,0.009544745269029679
23,25,48,0.8398619515326722
30,18,48,0.9326921332428637
31,17,48,0.4297102268666891
28,20,48,0.5757595332036677
26,22,48,NaN
32,16,48,0.025226545966481904
31,17,48,0.752507746257582
28,20,48,0.561552662350358
34,14,48,NaN
29,19,48,0.7641629005282548
34,14,48,0.7641629005282548
42,6,48,0.8185843942460208
28,20,48,0.0001651687118820198
32,16,48,0.4377693377415381
36,12,48,0.7641629005282548
31,17,48,0.893076864532752
35,13,48,1.622536172865282e-8
39,9,48,0.9079098270401949
35,13,48,0.04937587322664477
38,10,48,0.00026559538137313287
28,20,48,0.2440624611789815
27,21,48,0.3482426815956829
36,12,48,0.012829992618338351
27,21,48,0.06043564795776609
23,25,48,0.4088192131410821
27,21,48,0.02265056724704707
33,15,48,0.012022118863049316
27,21,48,0.15921953565114888
32,15,47,0.483768449142263
32,15,47,0.31128496075105533
37,10,47,0.8185843942460208
38,9,47,0.00595736418678706
35,12,47,0.7006521507635938
33,14,47,9.454472748254178e-7
33,14,47,0.31040957150514514
31,16,47,NaN
28,19,47,0.07633250114228259
35,12,47,0.45460856674595856
31,16,47,0.6185582093370283
33,14,47,0.025206525337122386
25,22,47,0.6990667746156102
30,17,47,0.6930000755808059
31,16,47,NaN
29,18,47,0.052973743105892465
40,7,47,0.5757595332036677
33,14,47,0.40794823851458867
31,16,47,0.390088581715401
35,12,47,0.050942925690225856
30,17,47,0.8530305232833191
33,14,47,0.2736599385245901
28,19,47,0.6185582093370283
35,12,47,0.08139912428554734
31,16,47,0.0020807883358474693
28,19,47,0.893076864532752
33,14,47,0.026652575065468084
31,16,47,0.26184644733261764
33,14,47,0.047622816581845
41,6,47,0.4045562986457356
33,14,47,NaN
29,18,47,0.11835585687382275
36,11,47,0.07071588933310441
30,17,47,0.15486810977911927
27,20,47,0.07633250114228259
29,18,47,0.00450793473847008
28,19,47,0.6185582093370283
34,13,47,0.8770122193000203
34,13,47,0.01335450207622715
42,5,47,0.43614794933242046
29,18,47,0.6926755274816893
34,13,47,3.471296996595856e-5
33,14,47,0.2070038764870326
27,20,47,0.7641629005282548
31,16,47,0.531729986764269
26,21,47,NaN
33,14,47,0.06768940455918608
30,17,47,2.347588162645616e-7
32,15,47,0.019513418478827423
37,10,47,0.37518206814984256
33,14,47,0.26812343437335917
34,13,47,0.5248082955308295
21,26,47,0.5825272282964099
32,15,47,0.004094479431818307
25,22,47,0.25590904289529365
28,19,47,0.44609510784757356
24,23,47,0.022788573734112794
33,14,47,0.00010695758584810089
20,27,47,NaN
23,24,47,0.5757595332036677
15,32,47,0.9624530011791156
20,27,47,0.5263570405063814
23,23,46,0.1026612005498701
33,13,46,0.36861711280211
37,9,46,2.979727072075097e-5
29,17,46,0.5099457430520826
31,15,46,0.003788441268422185
28,18,46,0.15921953565114888
40,6,46,6.016475797375165e-7
29,17,46,0.1004159907511305
27,19,46,NaN
27,19,46,0.06046395917926657
34,12,46,2.2046529164395e-12
37,9,46,0.0002712869090789692
36,10,46,0.6927599690538913
33,13,46,0.23998440172325927
30,16,46,0.20224182527867818
32,14,46,0.5757595332036677
32,14,46,0.4904527084581074
29,17,46,0.797093279446142
27,19,46,0.6990667746156102
24,22,46,0.4257439908333797
33,13,46,0.6786330639918965
40,6,46,0.06525587975951877
31,15,46,0.0021099465091233586
28,18,46,0.004582407044711672
31,15,46,0.00033746999692296683
35,11,46,0.019519080662983124
27,19,46,0.047063488501150476
34,12,46,0.8597792096635031
38,8,46,0.7183340302793033
34,12,46,0.483768449142263
30,16,46,0.72158013020278
32,14,46,0.24963509424677124
32,14,46,NaN
34,12,46,0.05576448872072411
30,16,46,0.5758674686876968
30,16,46,NaN
31,15,46,0.004487102781897241
30,16,46,NaN
28,18,46,0.3764265387133769
26,20,46,NaN
31,15,46,0.6185582093370283
23,23,46,0.022257523450767973
33,13,46,0.7641629005282548
31,15,46,0.390088581715401
29,17,46,0.5757595332036677
35,11,46,0.03916798026572395
27,19,46,0.6715884594434435
30,16,46,0.26410836794751513
28,18,46,0.9079098270401949
29,17,46,0.10340272412266949
32,14,46,3.2619572238011254e-7
35,11,46,0.04795008883573434
30,16,46,0.18342590517711166
23,23,46,0.01782757627458666
32,14,46,0.005963182897907589
37,9,46,0.8899165362281457
31,15,46,0.15921953565114888
34,12,46,0.010445067609126307
24,22,46,NaN
22,24,46,0.004939389942292157
34,12,46,0.9326921332428637
36,10,46,0.4863946277053068
37,9,46,0.20106824971898024
30,16,46,0.531729986764269
27,19,46,0.43614794933242046
30,16,46,0.05699957362396941
30,16,46,NaN
35,11,46,0.7925166447343686
37,9,46,0.6896409564297806
17,29,46,0.002055925497752498
35,11,46,0.7925166447343686
33,13,46,0.7100735075949383
29,17,46,0.6467236291233848
35,11,46,0.17831611811743417
31,15,46,0.7641629005282548
28,18,46,0.0017584536697928302
23,23,46,0.29124443798682836
34,12,46,0.09057762507894138
27,19,46,NaN
36,9,45,0.15921953565114888
27,18,45,0.009126168918317615
24,21,45,0.483768449142263
35,10,45,0.004484342954464017
29,16,45,0.6613966634587408
34,11,45,3.903775953900201e-6
14,31,45,0.3924605656050917
37,8,45,NaN
33,12,45,2.3671032391185472e-5
34,11,45,NaN
33,12,45,0.24384002631483964
32,13,45,0.00572663073187088
38,7,45,0.43614794933242046
35,10,45,0.5505237067154654
35,10,45,4.343123180597154e-9
37,8,45,9.663807813189437e-8
31,14,45,0.027150137488542374
32,13,45,0.013901034732492393
29,16,45,0.9209789316492126
30,15,45,0.18342590517711166
32,13,45,0.18342590517711166
35,10,45,0.010599304464759169
34,11,45,0.07622911643688962
30,15,45,0.3177630871877021
26,19,45,0.0028539875846664287
32,13,45,0.12351194543095458
26,19,45,0.123087574798689
31,14,45,0.07787583747369566
37,8,45,0.06525587975951877
19,26,45,0.2905225909060798
36,9,45,1.4670897013560008e-15
33,12,45,0.014302811501596825
35,10,45,0.7314732611842093
32,13,45,3.002085904335675e-7
29,16,45,8.401768490398438e-6
31,14,45,0.5187130692411214
26,19,45,0.49212620593426776
39,6,45,9.240905792033491e-11
37,8,45,0.9390398498624217
25,20,45,0.20936945520216732
31,14,45,0.027658236644819114
31,14,45,0.0569687888815355
26,19,45,0.8395040133151549
32,13,45,0.15608597701997554
31,14,45,0.1330738245062829
23,22,45,0.43614794933242046
26,19,45,0.8395040133151549
22,23,45,0.6613966634587408
36,9,45,0.5883103575779419
25,20,45,NaN
31,14,45,0.20626117860658486
32,13,45,0.6185582093370283
23,22,45,0.0027492192349102378
30,15,45,0.16737916371104122
29,16,45,0.7931957626537025
40,5,45,7.815370664146407e-5
25,20,45,2.1271688242495183e-6
40,5,45,0.9614248710601718
35,10,45,0.001578202935285525
36,9,45,0.715108083911
22,23,45,0.4058887021353584
30,15,45,NaN
36,9,45,0.6990667746156102
31,14,45,0.2736599385245901
20,25,45,0.43614794933242046
16,29,45,0.26131718589375613
29,16,45,9.577428446211188e-11
32,12,44,0.45574032487896876
32,12,44,0.23998440172325927
33,11,44,0.12532444304236073
38,6,44,0.016627813551177786
26,18,44,NaN
38,6,44,0.0015255961364742615
38,6,44,0.8395040133151549
24,20,44,0.34926187684352356
32,12,44,0.08869205529953894
32,12,44,0.5334787228883395
27,17,44,0.6145374911569519
34,10,44,0.893076864532752
27,17,44,0.6493686175151558
32,12,44,0.008287901486128662
31,13,44,0.09772798849648234
32,12,44,0.5757595332036677
28,16,44,4.695217927144261e-8
33,11,44,0.4444623208815056
32,12,44,2.1703168141534324e-10
37,7,44,0.38886653776615526
33,11,44,0.0002344395865885038
33,11,44,0.011432329274289298
22,22,44,0.7267821284920705
31,13,44,0.23018401962549492
37,7,44,0.59310792870489
33,11,44,NaN
31,13,44,0.9043920134039044
26,18,44,0.6185582093370283
26,18,44,0.3791030034307451
33,11,44,0.23448635691368241
26,18,44,NaN
31,13,44,0.1622145557789098
35,9,44,0.7641629005282548
33,11,44,0.022788573734112794
32,12,44,0.7332177371595686
33,11,44,0.7220617897542944
34,10,44,0.7052522640337858
19,25,44,NaN
28,16,44,0.6990667746156102
27,17,44,0.2689006288632461
28,16,44,0.13521680786302348
34,10,44,7.815370664146407e-5
29,15,44,0.7332177371595686
33,11,44,0.5406695737017589
39,5,44,0.6185582093370283
33,11,44,0.7972555112353091
33,11,44,0.0159389679785281
29,15,44,0.31128496075105533
35,9,44,0.1026612005498701
34,10,44,0.03782247324613561
31,13,44,0.11856805206810914
30,14,44,0.4464917607448745
31,13,44,0.35365594153454366
16,28,44,NaN
29,15,44,0.037182976147124416
35,9,44,0.011735071782216047
29,15,44,0.2791466862283285
35,9,44,0.03424181703080742
32,12,44,0.04937587322664477
29,15,44,0.1376319999999998
32,12,44,0.45022553014039546
23,21,44,0.483768449142263
33,11,44,NaN
35,9,44,0.23418665922386409
26,18,44,0.9534153129152887
35,9,44,0.233642993767083
31,13,44,0.8185843942460208
26,18,44,0.6466689978951776
26,18,44,0.7038905154635284
36,8,44,0.11835585687382275
26,18,44,0.2907268554597587
26,18,44,2.184461135703144e-9
26,18,44,0.02018108039707646
33,11,44,0.010735161316814797
33,11,44,0.9590874422999948
34,10,44,4.115678895000617e-6
36,8,44,0.3124846997880526
31,13,44,NaN
25,19,44,0.11087608388402813
24,20,44,0.001269673315350871
29,15,44,0.6645503847407921
32,12,44,0.9942059660391963
26,18,44,0.831473637967962
17,27,44,0.02788007098729505
26,18,44,0.7257901196722987
13,31,44,0.7564583339114463
33,10,43,0.043199805379105054
36,7,43,0.14609100850329587
30,13,43,0.0727393358805715
32,11,43,0.26176692401604257
21,22,43,0.06525587975951877
35,8,43,0.03230741676234196
23,20,43,NaN
27,16,43,NaN
38,5,43,0.23998440172325927
32,11,43,0.9326921332428637
35,8,43,0.09231492850715031
33,10,43,0.5317403288724358
36,7,43,0.021766501294557546
33,10,43,0.45574032487896876
35,8,43,0.0007199235978603662
26,17,43,0.01258199925014879
31,12,43,0.9196238794308247
34,9,43,0.02419793037140936
26,17,43,0.6902168803255677
22,21,43,0.8195306398398718
26,17,43,0.07000729323519217
28,15,43,0.0034658839009454683
27,16,43,0.531729986764269
29,14,43,0.05347988949593239
32,11,43,0.20936945520216732
30,13,43,0.1222612342641396
32,11,43,0.531729986764269
35,8,43,0.15260678598929633
36,7,43,0.5939559938552935
28,15,43,0.6990667746156102
30,13,43,5.463958815269825e-10
26,17,43,0.8770122193000203
37,6,43,0.0537248912838361
31,12,43,2.6899718895567104e-6
31,12,43,0.6613966634587408
23,20,43,0.6990667746156102
22,21,43,0.483768449142263
21,22,43,NaN
36,7,43,0.027150137488542374
30,13,43,0.8845292032431282
29,14,43,0.43614794933242046
34,9,43,0.043199805379105054
27,16,43,NaN
24,19,43,0.531729986764269
23,20,43,0.8451942910073034
27,16,43,4.253895299962214e-5
30,13,43,0.5794059594613162
17,26,43,NaN
16,27,43,0.4722328037923115
32,11,43,0.003140615788714819
31,12,43,0.00015210718325111948
31,12,43,0.7547928947623833
24,19,43,0.7432218257725741
16,27,43,0.11817005821148968
24,19,43,0.3274408375139464
24,19,43,NaN
32,11,43,0.9686139634526727
29,14,43,0.5964504658768068
25,18,43,0.6613966634587408
31,12,43,0.03230741676234196
21,22,43,0.3376911189450543
29,14,43,0.3316542856526609
29,14,43,NaN
28,15,43,0.2231424263954454
27,16,43,0.22088346761777197
37,6,43,0.030787469129896435
24,19,43,0.531729986764269
24,19,43,0.8439238544959546
30,13,43,0.25958819032062647
22,21,43,0.4068452140491543
29,14,43,0.1026612005498701
23,20,43,0.4623380252914427
31,12,43,0.008666275024925719
27,16,43,0.9439253156734683
26,17,43,0.18342590517711166
28,15,43,0.7925166447343686
34,9,43,0.00012192363703244802
30,13,43,0.014302811501596825
33,10,43,0.020955936358257567
32,10,42,0.6499322168460523
27,15,42,0.04149554831995173
29,13,42,0.0569687888815355
19,23,42,0.035664459094793335
32,10,42,0.00352037150464529
24,18,42,0.2810775803408697
26,16,42,0.04937587322664477
33,9,42,0.5355452004512029
35,7,42,0.15607560235072385
29,13,42,0.6990667746156102
30,12,42,0.15921953565114888
29,13,42,0.0012079912253779622
36,6,42,0.7042192191112762
18,24,42,NaN
26,16,42,0.2079073477517532
29,13,42,0.7332177371595686
23,19,42,1.5815042566668184e-6
27,15,42,0.00022127900422153705
25,17,42,0.23180509443828357
31,11,42,0.31566688915430824
35,7,42,0.41609131779943814
27,15,42,0.07692058997368624
34,8,42,0.782756852316972
34,8,42,0.31128496075105533
34,8,42,0.43026865897659844
27,15,42,0.03529863501687473
34,8,42,5.597476552746511e-5
17,25,42,0.0020807883358474693
25,17,42,0.6451483711731634
26,16,42,0.3902531762568188
28,14,42,0.7332177371595686
32,10,42,0.26849813351443913
31,11,42,5.437234137151505e-6
34,8,42,0.18051016825398278
29,13,42,0.00010473789134173962
34,8,42,NaN
36,6,42,0.003258435878911289
30,12,42,0.9888383068434982
30,12,42,NaN
23,19,42,0.6613966634587408
22,20,42,6.462910646580972e-10
35,7,42,0.3937126046170264
31,11,42,0.9142357277367548
23,19,42,0.1307015668327681
23,19,42,0.022788573734112794
33,9,42,0.5605686154146111
32,10,42,0.00989889099815131
29,13,42,0.531729986764269
32,10,42,0.30465996709168425
30,12,42,0.7925166447343686
25,17,42,0.2736599385245901
28,14,42,0.617001412246577
23,19,42,0.5124018304666981
34,8,42,9.052303373254515e-8
24,18,42,0.9822119369002222
24,18,42,2.2791659270337855e-6
31,11,42,4.773763134316178e-5
26,16,42,0.0017132440802564244
22,20,42,0.2531777208735605
35,7,42,0.0003255046129091353
34,8,42,0.829294949608313
30,12,42,0.1376319999999998
33,9,42,0.000750517455216115
27,15,42,0.027150137488542374
25,17,42,0.531729986764269
35,7,42,0.8185843942460208
30,12,42,0.02002725227443062
21,21,42,0.6990667746156102
26,16,42,0.00029864578185349785
32,10,42,0.9079098270401949
26,16,42,0.15921953565114888
21,21,42,0.7449516593711992
27,15,42,0.004701040327640962
31,11,42,0.7590259756118893
34,8,42,0.1976163811287054
22,20,42,0.6098117946415371
27,15,42,NaN
35,7,42,1.0195779865886489e-13
22,20,42,0.4235707764423356
26,16,42,0.6185582093370283
27,15,42,0.1376319999999998
22,20,42,7.81219112257438e-8
28,14,42,0.44941503103301467
29,13,42,0.6185582093370283
32,10,42,0.13102850575715663
27,15,42,0.3566774067387504
28,14,42,0.12137544111226484
25,17,42,0.6313091127859985
29,13,42,0.22249319911216126
33,9,42,0.483768449142263
36,6,42,2.1037415458622347e-10
20,22,42,0.5550646330381164
25,17,42,0.8597792096635031
27,15,42,NaN
23,19,42,0.6105499170756734
33,8,41,0.7641629005282548
27,14,41,0.1376319999999998
33,8,41,0.000259717253445929
30,11,41,0.34926187684352356
29,12,41,0.0019387914765416133
24,17,41,0.02180431614413967
26,15,41,0.003350512831193905
34,7,41,0.007624379428420773
30,11,41,0.019693518646243895
17,24,41,0.007196532393350652
36,5,41,0.24053893872545434
18,23,41,NaN
34,7,41,0.010339950839184809
24,17,41,9.697665807947489e-6
26,15,41,0.31128496075105533
33,8,41,0.6185582093370283
32,9,41,0.07633250114228259
29,12,41,5.3835074455783324e-5
27,14,41,0.006082193050191918
30,11,41,0.15807605670615688
24,17,41,0.8492872548242717
34,7,41,0.10756957840664186
26,15,41,NaN
24,17,41,0.5847426436093052
33,8,41,NaN
18,23,41,NaN
22,19,41,0.5757595332036677
33,8,41,0.6460901235296224
29,12,41,0.21116756763140185
32,9,41,0.11835585687382275
25,16,41,0.8899481007770936
34,7,41,0.07262201935343697
25,16,41,0.6990667746156102
21,20,41,NaN
22,19,41,4.255081783843782e-5
32,9,41,0.004002791207616931
29,12,41,0.04937587322664477
27,14,41,0.01001517714830323
25,16,41,0.5147426160308508
31,10,41,0.6185582093370283
26,15,41,0.9359696082954541
30,11,41,0.6524212272622573
31,10,41,0.012015193001803285
28,13,41,0.7463024749659177
32,9,41,0.6355866401282144
30,11,41,0.893076864532752
24,17,41,7.236424315119882e-5
24,17,41,NaN
33,8,41,0.9994620073112016
36,5,41,0.8597792096635031
21,20,41,0.97067712068938
26,15,41,1.2550584842000376e-8
26,15,41,0.43614794933242046
25,16,41,0.7641629005282548
34,7,41,0.6282187830250915
34,7,41,0.004969167470487793
29,12,41,0.766064271586371
24,17,41,0.11835585687382275
22,19,41,0.531729986764269
25,16,41,0.4964866854951327
34,7,41,0.06438748707744019
32,9,41,0.34926187684352356
22,19,41,0.039979761700342925
34,7,41,0.03230741676234196
33,8,41,0.5037533138168329
31,10,41,0.22782577172699428
36,5,41,0.047279725036785694
35,6,41,0.2080462400989042
33,8,41,NaN
31,10,41,0.483768449142263
33,8,41,1.0332255946547141e-6
23,18,41,0.9950315141734245
32,9,41,0.028276646443171786
26,15,41,0.4866972569803652
31,10,41,4.517004252964944e-5
20,21,41,0.7925166447343686
28,13,41,0.7332177371595686
37,4,41,0.00012657992854475813
27,14,41,0.07323020488291772
31,10,41,0.027150137488542374
31,10,41,0.6466474409761186
22,19,41,0.532239020054725
23,18,41,0.24994761739313492
29,12,41,0.0019974868954559465
34,7,41,0.20750419421787722
32,9,41,0.13263821377919974
27,14,41,0.31385017035345075
30,11,41,0.531729986764269
28,13,41,9.929989120183805e-5
24,17,41,NaN
22,19,41,0.2529431562641377
25,16,41,0.016035264897924124
31,10,41,0.11952123769298453
18,23,41,0.8583914717698018
27,14,41,NaN
27,14,41,0.44156414062499305
23,18,41,0.3497970306781146
29,12,41,0.0014436744859153687
26,15,41,0.00048155799488475127
20,21,41,0.051365608253216184
31,10,41,0.8395040133151549
23,18,41,0.6990667746156102
34,7,41,0.483768449142263
37,4,41,0.1865070781226925
17,24,41,0.015198849338844918
28,13,41,0.7993384375890463
15,26,41,0.0922936765688763
30,11,41,0.16017427165795972
27,13,40,0.3471264537313872
31,9,40,0.19982273485373772
35,5,40,0.9433412321949546
25,15,40,0.01380233457817375
34,6,40,0.138091357720139
23,17,40,0.34926187684352356
28,12,40,0.34926187684352356
27,13,40,0.9326921332428637
36,4,40,0.532569668039105
31,9,40,0.019498866376450378
26,14,40,0.7481215260278705
30,10,40,0.015345304826071382
26,14,40,0.5966156477295874
29,11,40,0.00833092809347466
27,13,40,0.8730207778042132
21,19,40,0.7656419555930306
28,12,40,0.4648366808137845
29,11,40,0.26605649261346076
22,18,40,NaN
27,13,40,0.12567937794463482
30,10,40,NaN
26,14,40,0.38886653776615526
27,13,40,0.1567214259766392
29,11,40,0.9607680922410912
23,17,40,5.523324566449717e-7
28,12,40,0.8597792096635031
25,15,40,1.0889311030461632e-12
31,9,40,0.08869205529953894
27,13,40,NaN
31,9,40,0.6613966634587408
26,14,40,0.18342590517711166
30,10,40,0.37763093434900735
18,22,40,0.04266924921918941
22,18,40,0.007200134902849293
27,13,40,0.002514442743431079
31,9,40,0.531729986764269
34,6,40,0.31128496075105533
26,14,40,0.7925166447343686
27,13,40,0.010321599678697497
27,13,40,0.03230741676234196
20,20,40,0.008460510398866593
27,13,40,4.2576251743218765e-7
31,9,40,0.9747128701728911
29,11,40,0.8604826944168354
34,6,40,0.34926187684352356
33,7,40,0.6990667746156102
28,12,40,0.01847266625686599
26,14,40,0.07633250114228259
34,6,40,0.07633250114228259
29,11,40,0.39088310158301914
33,7,40,0.004116145536775837
29,11,40,0.0002046201625094803
30,10,40,0.06938168449170917
19,21,40,NaN
32,8,40,0.16591841991818418
29,11,40,0.31128496075105533
30,10,40,0.7332177371595686
26,14,40,0.0569687888815355
34,6,40,0.0011727959706240932
31,9,40,0.07199350485294168
26,14,40,0.9429694704682269
27,13,40,0.5616658139659115
22,18,40,0.6990667746156102
30,10,40,0.9079098270401949
26,14,40,0.07693496327761312
14,26,40,NaN
28,12,40,0.03782247324613561
22,18,40,0.7952343684754835
26,14,40,0.6990667746156102
33,7,40,NaN
33,7,40,NaN
22,18,40,0.893076864532752
33,7,40,0.20264161798003785
28,12,40,0.04187338623119312
28,12,40,0.893076864532752
25,15,40,NaN
22,18,40,NaN
31,9,40,0.8597792096635031
29,11,40,0.9897893831480051
31,9,40,0.4276575818885976
27,13,40,0.14285200246882712
31,9,40,0.0006555884458340558
25,15,40,0.31128496075105533
24,16,40,0.8395040133151549
32,8,40,0.3557060474054291
21,19,40,0.531729986764269
25,15,40,0.390088581715401
26,14,40,0.7985698175735705
28,12,40,0.7925166447343686
31,9,40,0.03907801052209317
25,15,40,0.8395040133151549
25,15,40,NaN
26,14,40,6.074185406949153e-7
23,17,40,0.0035742963350524483
25,15,40,0.4611635756958926
30,10,40,0.9326921332428637
18,22,40,0.011687208469265273
24,16,40,0.3042007367616033
24,16,40,0.3679863040644237
32,8,40,0.23998440172325927
21,19,40,0.025359210851580712
26,13,39,0.43614794933242046
30,9,39,0.531729986764269
31,8,39,4.494070659064799e-5
28,11,39,0.1927653058631549
32,7,39,0.5757595332036677
23,16,39,NaN
23,16,39,0.2736599385245901
34,5,39,0.004807989769083006
30,9,39,NaN
26,13,39,0.027150137488542374
34,5,39,0.8615832675683888
25,14,39,0.4158901373949025
25,14,39,0.0008531087363742592
31,8,39,0.650767363215862
30,9,39,0.003649974720061447
18,21,39,NaN
21,18,39,0.03782247324613561
28,11,39,0.20936945520216732
30,9,39,0.05276725805970953
26,13,39,NaN
27,12,39,0.04937587322664477
30,9,39,0.6990667746156102
29,10,39,0.003222651333611699
29,10,39,0.34926187684352356
28,11,39,0.20936945520216732
21,18,39,0.2399296778325758
23,16,39,0.03230741676234196
31,8,39,0.8828140824456019
31,8,39,0.820207323449296
30,9,39,0.9404834259610766
32,7,39,0.6185582093370283
32,7,39,0.848838811134096
23,16,39,0.27647737129856387
25,14,39,0.6617139809827773
28,11,39,NaN
29,10,39,0.1291541495724562
35,4,39,0.7706277619710659
27,12,39,NaN
26,13,39,0.08804133273153215
34,5,39,0.9728855017006182
27,12,39,0.4702201432928701
33,6,39,9.915591181862192e-5
11,28,39,NaN
27,12,39,0.08779476099254498
28,11,39,0.07633250114228259
25,14,39,0.25632070471432894
30,9,39,0.1376319999999998
19,20,39,0.2148294744816227
22,17,39,0.2440624611789815
34,5,39,NaN
25,14,39,NaN
31,8,39,3.752594057876837e-9
29,10,39,0.05328468801164306
28,11,39,0.9079098270401949
27,12,39,0.252774055639449
29,10,39,0.9930697436632558
27,12,39,0.08342803344362043
23,16,39,0.017023593324292177
22,17,39,NaN
33,6,39,8.495623139468738e-26
23,16,39,0.5991607136909758
32,7,39,9.482271950346347e-6
31,8,39,0.07633250114228259
22,17,39,0.0008658306951374714
30,9,39,9.553759414981694e-10
27,12,39,0.9433412321949546
19,20,39,0.8169459447349503
29,10,39,0.19144156355934625
30,9,39,5.5584737639446725e-9
21,18,39,0.3919848951472788
26,13,39,0.7282907436726003
19,20,39,0.35242887627852937
19,20,39,0.470946817109943
23,16,39,0.3749375492761931
33,6,39,0.7516898583344173
25,14,39,0.023700308757961853
28,11,39,0.002606392795275019
25,14,39,0.03242885423296235
20,19,39,0.1376654641282521
32,7,39,0.028200381973478572
33,6,39,0.7641629005282548
24,15,39,0.042345934698317184
32,7,39,0.9747128701728911
30,9,39,0.022328664606868744
14,25,39,0.001731316953783698
22,17,39,0.21913804192407887
27,12,39,0.7332177371595686
31,8,39,0.1026612005498701
24,15,39,0.9919214683718085
25,14,39,0.1001449752673694
33,6,39,0.2998323633381665
23,16,39,0.6242434525527067
22,17,39,NaN
18,21,39,0.022788573734112794
28,11,39,0.04937587322664477
26,13,39,0.11154663703820043
20,19,39,0.2784761469466468
19,20,39,0.7925166447343686
17,22,39,7.448392758087551e-5
24,15,39,0.0061223909159245065
20,19,39,0.31128496075105533
21,18,39,0.06453321155704538
31,8,39,0.23998440172325927
26,12,38,0.15335378835900043
24,14,38,0.20936945520216732
24,14,38,0.18342590517711166
28,10,38,NaN
25,13,38,0.4236640589386499
21,17,38,0.9209789316492126
30,8,38,0.6447260772432926
19,19,38,0.1199049598166938
26,12,38,0.31128496075105533
28,10,38,0.34926187684352356
28,10,38,0.3558505809406493
32,6,38,0.015441465128962367
30,8,38,0.04236210741250981
28,10,38,0.8395040133151549
22,16,38,0.7762287085060164
26,12,38,0.08869205529953894
24,14,38,0.31128496075105533
31,7,38,0.0030892543021027673
31,7,38,0.00021097349607032809
27,11,38,1.6821154665740204e-9
31,7,38,0.531729986764269
27,11,38,5.030117342293323e-5
30,8,38,6.374172898161234e-6
28,10,38,0.2007962699552482
18,20,38,NaN
28,10,38,0.8185843942460208
26,12,38,0.973268467030886
23,15,38,0.007003252747251538
21,17,38,NaN
28,10,38,0.18342590517711166
21,17,38,0.8185843942460208
22,16,38,0.8395040133151549
26,12,38,0.05487660187201717
23,15,38,0.047947154362133475
29,9,38,0.34926187684352356
29,9,38,4.7393038631037434e-5
21,17,38,0.70709060779958
26,12,38,0.9747128701728911
26,12,38,0.7216556478837723
28,10,38,0.6613966634587408
27,11,38,0.1026612005498701
21,17,38,0.10199579689480648
33,5,38,0.0002660348539601708
21,17,38,0.00683617299070718
26,12,38,1.23450444202635e-7
26,12,38,0.1421770115508911
26,12,38,0.7669443458701486
19,19,38,0.1227234764991615
22,16,38,0.0031341588698931507
23,15,38,0.6613966634587408
31,7,38,0.009912176912471659
26,12,38,0.24265001291699886
24,14,38,0.18342590517711166
25,13,38,0.483768449142263
14,24,38,0.3696438957116745
26,12,38,0.5757595332036677
26,12,38,NaN
24,14,38,NaN
25,13,38,0.8770122193000203
25,13,38,NaN
27,11,38,0.7451788995835735
31,7,38,0.0003296431658230413
25,13,38,0.0030436796699557685
25,13,38,0.3515163801273212
24,14,38,0.6613966634587408
25,13,38,NaN
22,16,38,0.007952580634049822
23,15,38,0.027150137488542374
31,7,38,0.08869205529953894
25,13,38,NaN
22,16,38,0.013044336755137829
27,11,38,0.043199805379105054
33,5,38,0.14976639888931312
23,15,38,0.7102799682449096
25,13,38,0.6185582093370283
31,7,38,NaN
29,9,38,0.1376319999999998
24,14,38,0.5757595332036677
18,20,38,0.6828381736933442
29,9,38,0.42644156541088957
25,13,38,0.039377253766111946
33,5,38,0.850417939608246
24,14,38,0.6166286207876405
28,10,38,0.0011478613671602775
27,11,38,0.8379617705263485
27,11,38,0.07054236614315869
23,15,38,0.004701040327640962
27,11,38,0.016168332285584452
27,11,38,0.34926187684352356
20,18,38,0.9940320922471844
28,10,38,NaN
29,9,38,0.7641629005282548
21,17,38,0.008957522118280145
27,11,38,0.8614556023275202
24,14,38,0.5757595332036677
17,21,38,NaN
15,23,38,0.11962189586231577
17,21,38,0.20552970650750518
30,8,38,0.0194757816785353
30,8,38,0.390088581715401
23,15,38,0.43614794933242046
29,9,38,NaN
25,13,38,0.1376319999999998
28,10,38,0.0035742963350524483
31,7,38,0.10741274305682945
21,17,38,0.684355444665248
25,13,38,0.6348805707958493
28,10,38,0.4567030950633912
27,11,38,0.9457197100335653
30,8,38,0.8395040133151549
28,10,38,0.2616436384828071
13,25,38,0.6613966634587408
28,10,38,0.18342590517711166
26,12,38,0.8023552209693037
31,7,38,8.917510098997726e-5
33,5,38,0.4319007153382488
27,11,38,5.59858497192998e-6
22,16,38,0.0569687888815355
29,9,38,0.07306464403985584
31,7,38,0.6571219315341567
18,20,38,0.8395040133151549
21,17,38,0.8597792096635031
31,7,38,0.03230741676234196
18,20,38,0.0007363378131835947
21,17,38,0.9889202302192048
26,12,38,0.043199805379105054
33,5,38,0.0569687888815355
15,23,38,0.08466394577983669
30,8,38,0.02920743975018504
16,22,38,0.044885831482777375
21,17,38,0.02857310660648989
26,12,38,0.4337453166663657
23,15,38,0.3887733913488845
33,4,37,0.5575156191621453
29,8,37,0.503114881251005
26,11,37,0.06525587975951877
25,12,37,NaN
25,12,37,0.0569687888815355
27,10,37,0.9534153129152887
34,3,37,0.6990667746156102
23,14,37,0.23454793376519784
23,14,37,0.8266459162027727
24,13,37,0.4256792485735829
20,17,37,NaN
25,12,37,0.3343784764326082
18,19,37,0.04115690758649713
27,10,37,NaN
27,10,37,0.483768449142263
25,12,37,0.23887205508085735
27,10,37,0.7288607547224288
21,16,37,NaN
30,7,37,0.6376223311027752
26,11,37,0.8760154396915423
24,13,37,0.8191922602854806
21,16,37,0.43107027619942084
26,11,37,0.7641629005282548
27,10,37,1.2167219821001532e-7
24,13,37,0.6185582093370283
28,9,37,0.37769681833611274
31,6,37,0.7641629005282548
21,16,37,0.6613966634587408
13,24,37,NaN
27,10,37,0.07633250114228259
24,13,37,3.9812912542287134e-5
27,10,37,0.2563815394485567
28,9,37,0.9079098270401949
26,11,37,0.03308405548771805
24,13,37,0.8770122193000203
30,7,37,0.7332177371595686
29,8,37,0.390088581715401
27,10,37,0.16211152299118553
22,15,37,0.07633250114228259
25,12,37,0.20384548438969544
31,6,37,0.003577215038801469
25,12,37,0.3687982526277445
29,8,37,0.15114904546539504
26,11,37,0.6185582093370283
22,15,37,0.6185582093370283
31,6,37,0.07878641563654358
25,12,37,0.531729986764269
21,16,37,0.019009578560229008
20,17,37,0.1130846799288393
27,10,37,0.06507503015240489
28,9,37,0.34444360942842767
30,7,37,4.0985169381402977e-7
20,17,37,NaN
24,13,37,0.0009460248466530852
22,15,37,0.11835585687382275
26,11,37,0.6990667746156102
29,8,37,0.33359973822517813
21,16,37,NaN
26,11,37,0.1026612005498701
31,6,37,0.8543658931417955
16,21,37,0.11133617850362126
21,16,37,0.2007962699552482
23,14,37,NaN
25,12,37,0.0022923449752246003
22,15,37,NaN
25,12,37,0.483768449142263
25,12,37,0.042119558847299725
27,10,37,0.6185582093370283
26,11,37,0.01629219127135951
28,9,37,0.6990667746156102
22,15,37,0.483768449142263
29,8,37,0.005136640248291278
28,9,37,0.6570853097481938
23,14,37,0.5757595332036677
31,6,37,0.0022799017327691288
26,11,37,0.0008402038441902448
17,20,37,NaN
14,23,37,NaN
16,21,37,0.9438669061178465
25,12,37,0.9079098270401949
30,7,37,1.052877184128871e-8
26,11,37,0.033030109595040574
24,13,37,0.2719254677105229
18,19,37,0.6990667746156102
12,25,37,0.23998440172325927
26,11,37,0.7702009981244688
29,8,37,0.19369541972862556
28,9,37,4.387749717134017e-5
22,15,37,0.3310658935063618
20,17,37,0.26859558526798855
25,12,37,NaN
18,19,37,0.43614794933242046
30,7,37,0.3570598970001983
24,13,37,0.390088581715401
18,19,37,NaN
21,16,37,9.134704095488328e-13
26,11,37,0.7925166447343686
27,10,37,0.0569687888815355
29,8,37,NaN
27,10,37,0.893076864532752
18,19,37,0.08625141752811818
11,26,37,NaN
24,13,37,0.6526011397750291
26,11,37,NaN
22,15,37,0.390088581715401
24,13,37,0.4815428323123207
23,14,37,0.00010570042608555644
23,14,37,0.8007172451994793
25,12,37,0.2736599385245901
24,13,37,0.08869205529953894
15,22,37,0.766925553796705
23,14,37,0.015277646713784324
27,10,37,0.031161177580481206
25,12,37,0.12299870867450867
17,20,37,0.15921953565114888
22,15,37,0.43614794933242046
15,22,37,0.0005018503379687273
29,7,36,0.8395040133151549
27,9,36,0.006313495378340204
24,12,36,0.531729986764269
29,7,36,0.9433412321949546
25,11,36,0.001869524359898799
25,11,36,0.5022340373180298
30,6,36,0.5475556011934614
25,11,36,0.12392660965872726
24,12,36,0.9079098270401949
19,17,36,NaN
28,8,36,0.0410332055870005
26,10,36,NaN
27,9,36,0.6174623579464561
21,15,36,0.030545210816003074
24,12,36,0.23271794522045783
30,6,36,0.03782247324613561
25,11,36,0.7925166447343686
24,12,36,0.03041970991219582
22,14,36,0.5427382359310663
29,7,36,0.7358544507359085
22,14,36,0.00829404517453861
31,5,36,1.1775725427539617e-25
22,14,36,0.10340292979251732
25,11,36,0.014302811501596825
26,10,36,0.7641629005282548
23,13,36,0.04937587322664477
23,13,36,0.15921953565114888
23,13,36,0.026609228143493206
27,9,36,0.34926187684352356
25,11,36,0.007504209152408874
29,7,36,9.384512651620197e-11
28,8,36,0.252774055639449
28,8,36,0.34049780171658584
23,13,36,0.483768449142263
14,22,36,0.6185582093370283
23,13,36,0.2736599385245901
20,16,36,0.19198116316995492
24,12,36,0.005515487330777847
26,10,36,0.043199805379105054
25,11,36,0.7925166447343686
20,16,36,0.039736710356299394
23,13,36,0.7641629005282548
23,13,36,NaN
22,14,36,0.9319646392756603
24,12,36,2.2312864267752666e-7
27,9,36,0.015181242214818813
26,10,36,0.3340578069341951
21,15,36,0.9403527389860276
25,11,36,0.8395040133151549
25,11,36,0.893076864532752
32,4,36,0.027512526795596993
24,12,36,0.386986265964255
18,18,36,0.0569687888815355
32,4,36,0.4121085980998311
23,13,36,0.34974398869067297
30,6,36,0.4232509045008205
28,8,36,0.18715469934613937
25,11,36,0.37233163898442356
24,12,36,0.06525587975951877
24,12,36,NaN
29,7,36,0.19025491025920252
21,15,36,NaN
23,13,36,0.08869205529953894
30,6,36,2.43523236098992e-7
20,16,36,0.1748414565277722
20,16,36,0.020433343420477
29,7,36,1.7231997882952007e-13
27,9,36,0.43614794933242046
18,18,36,0.7923093432674765
23,13,36,0.0017509921549615302
29,7,36,0.0025756408773333476
22,14,36,0.5357934113496193
26,10,36,0.9575474895112371
30,6,36,0.9614248710601718
25,11,36,0.028239842557278242
22,14,36,0.057534145164647395
24,12,36,0.699371794416679
22,14,36,0.005500917302252618
26,10,36,0.04937587322664477
28,8,36,NaN
27,9,36,0.016035264897924124
25,11,36,0.0044811482844880094
29,7,36,0.26419592515074786
24,12,36,0.9116485267267762
21,15,36,NaN
25,11,36,NaN
25,11,36,0.019519080662983124
27,9,36,0.004701040327640962
27,9,36,0.9534153129152887
24,12,36,0.06616606438091353
21,15,36,0.7498244364569675
20,16,36,0.2736599385245901
17,19,36,0.7925166447343686
28,8,36,0.6901475754033037
22,14,36,0.2081773298196411
27,9,36,0.7641629005282548
29,7,36,0.1376319999999998
25,11,36,0.483768449142263
22,14,36,0.7052894999982687
27,9,36,NaN
20,16,36,0.026861142589043378
22,14,36,0.6178810542552764
23,13,36,0.531729986764269
25,11,36,3.542408395577105e-5
19,17,36,0.483768449142263
15,21,36,0.018741379568831446
27,9,36,0.7582271649271727
23,13,36,0.027150137488542374
16,20,36,NaN
14,22,36,0.30746299205241734
26,10,36,1.234341786356848e-7
20,16,36,NaN
18,18,36,0.390088581715401
25,10,35,0.1026612005498701
26,9,35,0.014204596249193327
17,18,35,0.8276638674053204
21,14,35,0.5024661340304966
23,12,35,NaN
29,6,35,0.027150137488542374
24,11,35,0.05276725805970953
24,11,35,0.9107544998201902
31,4,35,0.8770122193000203
28,7,35,0.04905907257467252
22,13,35,0.8395040133151549
20,15,35,0.6990667746156102
30,5,35,NaN
29,6,35,0.1509245618435206
20,15,35,NaN
18,17,35,0.0001254703804435109
22,13,35,0.9515651996216551
26,9,35,NaN
18,17,35,0.7925166447343686
25,10,35,2.5044923669765422e-5
22,13,35,NaN
24,11,35,0.2736599385245901
23,12,35,0.6990667746156102
28,7,35,0.7652271538978057
19,16,35,NaN
24,11,35,0.019519080662983124
14,21,35,0.31081795442786425
27,8,35,3.116092649029251e-6
26,9,35,1.2287765827940422e-5
26,9,35,0.001874865725231885
30,5,35,0.1376319999999998
15,20,35,0.5647702870623441
24,11,35,0.00957166078293803
23,12,35,0.466744789476628
23,12,35,0.298378860080902
28,7,35,0.20936945520216732
24,11,35,NaN
19,16,35,NaN
20,15,35,0.13715165882472305
27,8,35,0.7048571488651734
27,8,35,0.34926187684352356
25,10,35,NaN
27,8,35,0.1026612005498701
18,17,35,0.6836293757254757
24,11,35,0.8185843942460208
28,7,35,0.003008114908543235
16,19,35,0.31128496075105533
25,10,35,NaN
26,9,35,0.531729986764269
21,14,35,NaN
29,6,35,0.720158245058695
20,15,35,0.8185843942460208
23,12,35,0.6990667746156102
26,9,35,0.2833297820353795
25,10,35,0.08869205529953894
29,6,35,6.976218668351228e-6
22,13,35,0.17786621907946928
29,6,35,0.34926187684352356
24,11,35,0.8770122193000203
26,9,35,NaN
19,16,35,0.7641629005282548
32,3,35,0.15813177717644078
15,20,35,0.03782247324613561
31,4,35,0.7641629005282548
21,14,35,0.531729986764269
31,4,35,0.2736599385245901
25,10,35,0.17958550508588347
27,8,35,0.25125812462414976
22,13,35,0.7501052265852967
19,16,35,0.00018104189352231715
28,7,35,0.6061215473950107
30,5,35,0.41481309249078213
14,21,35,0.043199805379105054
24,11,35,0.16257526603849054
27,8,35,0.6185582093370283
23,12,35,0.014836206125949705
25,10,35,0.563245554138999
26,9,35,0.9147431193665325
25,10,35,4.3573471121306326e-11
23,12,35,0.9079098270401949
24,11,35,0.5807958875536995
19,16,35,0.15921953565114888
24,11,35,0.9345173619373252
25,10,35,0.8382614749811449
16,19,35,0.18342590517711166
25,10,35,0.23998440172325927
35,0,35,0.18342590517711166
29,6,35,0.7925166447343686
26,9,35,0.36386506004120783
27,8,35,0.9103668432682995
18,17,35,NaN
22,13,35,0.027150137488542374
22,13,35,1.6940620303545503e-9
20,15,35,0.15921953565114888
29,6,35,0.024595747288609957
16,19,35,0.4125539765794162
27,8,35,2.2955252550440477e-5
23,12,35,NaN
26,9,35,1.3911796309369199e-8
23,12,35,5.3835074455783324e-5
27,8,35,0.18631724578149997
27,8,35,0.16367653592241554
26,9,35,0.7641629005282548
20,15,35,0.034242476040845175
26,9,35,0.34926187684352356
23,12,35,0.390088581715401
24,11,35,0.531729986764269
21,14,35,0.0012406511078075781
26,9,35,0.259399468853085
24,11,35,0.0003781151058729962
25,10,35,0.28911141755805864
25,10,35,0.03782247324613561
20,15,35,0.7641629005282548
21,14,35,1.9399731253644465e-11
24,11,35,0.04937587322664477
23,12,35,0.2869153635369479
25,10,35,NaN
29,6,35,0.43614794933242046
21,14,35,0.893076864532752
26,9,35,1.881989617255242e-7
29,6,35,NaN
24,11,35,0.13717722402408927
22,13,35,0.980101638801523
23,12,35,0.7332177371595686
25,10,35,0.8770122193000203
24,11,35,0.7738417605367208
18,17,35,0.7641629005282548
23,12,35,0.483768449142263
23,12,35,0.0569687888815355
20,15,35,0.04937587322664477
27,8,35,0.2736599385245901
21,14,35,0.759809472630015
24,11,35,0.2221266040385283
26,9,35,0.24971588173960996
20,15,35,0.8803881368139651
24,11,35,0.002514442743431079
24,11,35,0.8185843942460208
11,24,35,0.6613966634587408
15,20,35,NaN
17,17,34,3.1987986835435326e-9
25,9,34,0.9104176093182108
22,12,34,0.23998440172325927
17,17,34,0.06728133835326629
28,6,34,0.6613966634587408
19,15,34,0.43614794933242046
22,12,34,0.6447260772432926
23,11,34,0.23998440172325927
21,13,34,0.45574032487896876
23,11,34,0.22774855597459628
20,14,34,0.027150137488542374
29,5,34,NaN
23,11,34,0.06525587975951877
17,17,34,0.08869205529953894
23,11,34,3.184972151115704e-6
27,7,34,0.5757595332036677
29,5,34,0.7853387871763059
24,10,34,0.980101638801523
25,9,34,0.6185582093370283
19,15,34,0.34926187684352356
21,13,34,NaN
18,16,34,0.15921953565114888
18,16,34,0.8185843942460208
22,12,34,0.8770122193000203
16,18,34,0.2702091413531029
22,12,34,0.24150149013242722
27,7,34,0.20974885708740434
26,8,34,0.9493895134149215
25,9,34,0.04795635694036325
19,15,34,0.9596030118939995
24,10,34,0.014178645393588108
29,5,34,0.3391961362770769
25,9,34,0.07633250114228259
18,16,34,0.003968243605175835
19,15,34,0.1026612005498701
19,15,34,0.016627813551177786
14,20,34,NaN
20,14,34,0.5757595332036677
16,18,34,0.6648573131445639
23,11,34,0.7641629005282548
29,5,34,0.44781706238214486
21,13,34,0.9079098270401949
23,11,34,0.6741830672601722
24,10,34,0.022788573734112794
22,12,34,NaN
28,6,34,0.012022118863049316
22,12,34,2.1271688242495183e-6
21,13,34,NaN
23,11,34,0.043199805379105054
25,9,34,0.043199805379105054
31,3,34,0.5757595332036677
23,11,34,9.949394715131898e-5
20,14,34,0.34926187684352356
23,11,34,0.0006729292387676811
23,11,34,0.19697225441495042
26,8,34,NaN
17,17,34,0.8597792096635031
27,7,34,0.3625985416113063
17,17,34,NaN
23,11,34,0.10199579689480648
22,12,34,0.6185582093370283
22,12,34,0.0003683636835780223
29,5,34,0.1594015931713722
24,10,34,5.048673031082838e-5
20,14,34,0.9326921332428637
15,19,34,NaN
24,10,34,0.7641629005282548
20,14,34,0.003853646011881792
24,10,34,NaN
24,10,34,NaN
23,11,34,0.15024360618320073
30,4,34,0.20143285908551353
28,6,34,NaN
20,14,34,0.9433412321949546
20,14,34,0.7641629005282548
20,14,34,0.7064001197627419
23,11,34,0.6854332938974731
25,9,34,0.15921953565114888
25,9,34,NaN
21,13,34,0.390088581715401
30,4,34,0.3257376151096199
26,8,34,0.9079098270401949
31,3,34,0.6990667746156102
26,8,34,0.8395040133151549
24,10,34,0.09426787140670292
22,12,34,0.00017279905281773072
21,13,34,0.6613966634587408
28,6,34,0.8160172176800989
25,9,34,0.20024168780434778
28,6,34,0.08304851580323534
19,15,34,0.052816826691708986
17,17,34,1.7234977307017172e-16
24,10,34,NaN
20,14,34,0.00024748674084568194
23,11,34,0.6876053968184309
17,17,34,0.9403168816802133
22,12,34,0.5792309934658875
28,6,34,0.3504877758965021
19,15,34,0.12363197788043387
28,6,34,0.018179244870417888
22,12,34,0.09103071012866998
21,13,34,0.00843906246251117
21,13,34,0.42252988290555576
28,6,34,0.6613966634587408
25,9,34,0.23998440172325927
22,12,34,9.903742595821285e-10
23,11,34,NaN
24,10,34,0.7332177371595686
20,14,34,0.48776832113568896
24,10,34,0.043199805379105054
24,10,34,NaN
26,8,34,0.11835585687382275
20,14,34,0.34669525622170844
21,13,34,3.271578795758899e-5
27,7,34,0.5757595332036677
32,2,34,0.8375359659418489
25,9,34,0.04844818241492776
19,15,34,0.7641629005282548
20,14,34,0.0034626136294858413
20,14,34,0.9829496666464085
28,6,34,0.020895738130522704
24,10,34,0.2736599385245901
15,19,34,0.012745787717287618
17,17,34,0.8818116357499712
22,11,33,0.06826572456322849
26,7,33,0.017724042164852263
21,12,33,NaN
22,11,33,0.8395040133151549
26,7,33,NaN
27,6,33,0.43614794933242046
27,6,33,NaN
20,13,33,0.9444758416552013
16,17,33,0.140678818712115
21,12,33,NaN
24,9,33,0.4983272053760254
23,10,33,0.8510238584787222
17,16,33,0.9433412321949546
25,8,33,0.483768449142263
23,10,33,0.17840369954241672
20,13,33,0.43614794933242046
24,9,33,0.483768449142263
17,16,33,NaN
30,3,33,NaN
25,8,33,0.0008601601031109204
26,7,33,0.9975888566230211
22,11,33,0.5624273438560741
25,8,33,0.9079098270401949
22,11,33,0.390088581715401
30,3,33,0.9614248710601718
23,10,33,0.01430245286255624
21,12,33,0.040808119155422554
20,13,33,0.019526366166690134
18,15,33,0.2206638293828842
19,14,33,9.570136161113285e-5
20,13,33,0.17925607388022843
21,12,33,0.03863127273132133
26,7,33,0.2827719797019191
27,6,33,0.9326921332428637
24,9,33,0.002177561373922067
25,8,33,0.6780043447582143
27,6,33,4.741074805791445e-5
13,20,33,0.7925166447343686
23,10,33,0.531729986764269
23,10,33,0.7288607547224288
23,10,33,0.5832708200439888
27,6,33,0.0569687888815355
24,9,33,0.6185582093370283
23,10,33,0.29078996240530314
27,6,33,0.00018109211763630716
25,8,33,0.28988598237741664
22,11,33,0.003381814456890058
24,9,33,0.03782247324613561
23,10,33,0.35644264437012696
21,12,33,0.4280174868432167
26,7,33,3.822162650937039e-9
14,19,33,0.3481638880227191
28,5,33,0.2792961848566196
23,10,33,NaN
25,8,33,0.00019116602746476228
10,23,33,NaN
24,9,33,0.12190488596793565
15,18,33,NaN
19,14,33,0.1376319999999998
25,8,33,0.8185843942460208
20,13,33,0.483768449142263
22,11,33,0.1363799882328628
28,5,33,0.8185843942460208
27,6,33,0.019519080662983124
20,13,33,0.1026612005498701
23,10,33,0.04937587322664477
26,7,33,0.020154132692139236
24,9,33,0.10538855240641916
22,11,33,2.087592887990171e-6
21,12,33,0.6613966634587408
16,17,33,0.24148482086193065
22,11,33,0.23469020708022365
27,6,33,0.9138537711847874
23,10,33,0.037108327986272914
24,9,33,0.13053457337376398
19,14,33,0.6990667746156102
24,9,33,0.18439254604102667
17,16,33,0.7332177371595686
21,12,33,NaN
27,6,33,0.3156955433325914
28,5,33,0.009912176912471659
25,8,33,0.35592888801782074
24,9,33,0.8866775454947077
26,7,33,0.4407898481455942
22,11,33,0.918179803345233
23,10,33,0.24824965460085582
24,9,33,1.5559952973866738e-5
17,16,33,0.8259501503220475
22,11,33,0.0059725145277925475
28,5,33,0.051634926742526316
22,11,33,0.3565763969162567
25,8,33,0.9326921332428637
17,16,33,NaN
24,9,33,0.531729986764269
20,13,33,0.709742023651087
23,10,33,0.6638054842486687
20,13,33,0.31128496075105533
25,8,33,0.9779512449975601
27,6,33,0.09780088788296463
24,9,33,0.531729986764269
16,17,33,0.7196175618980994
27,6,33,5.740034275082596e-5
20,13,33,0.13098984179113368
20,13,33,1.8823091261625075e-6
27,6,33,0.18342590517711166
26,7,33,NaN
29,4,33,0.8308059602492981
25,8,33,0.20936945520216732
15,18,33,0.6185582093370283
22,11,33,0.17273367960097927
19,14,33,0.31128496075105533
20,13,33,NaN
22,11,33,NaN
20,13,33,0.6990667746156102
26,7,33,0.20936945520216732
28,5,33,0.2736599385245901
23,10,33,0.4578816729388925
23,10,33,NaN
19,14,33,NaN
26,7,33,0.20936945520216732
28,5,33,0.34669525622170844
27,6,33,0.028963484596139292
25,8,33,0.23998440172325927
26,7,33,NaN
23,10,33,NaN
15,18,33,0.531729986764269
22,11,33,0.09889774879172941
27,6,33,0.9079977884170259
25,8,33,5.3835074455783324e-5
18,15,33,0.007752026332887239
23,10,33,0.531729986764269
25,8,33,0.35749318406003894
24,9,33,0.0026137539285502995
21,12,33,0.8118393068568447
15,18,33,NaN
26,7,33,0.03230741676234196
23,10,33,0.23998440172325927
24,9,33,0.11835585687382275
21,12,33,0.10470660977057264
22,11,33,0.5757595332036677
10,23,33,NaN
19,14,33,0.37833511773824474
18,15,33,0.7641629005282548
18,15,33,NaN
16,17,33,0.25832562860280117
19,14,33,0.027104748407179816
19,14,33,NaN
22,11,33,0.883959122912352
25,8,33,0.06525587975951877
13,20,33,0.5757595332036677
18,15,33,NaN
22,11,33,0.34926187684352356
17,16,33,0.531729986764269
21,12,33,0.0007362464309319513
17,16,33,6.474929594655452e-11
23,10,33,0.3304460157406574
17,16,33,0.2736599385245901
20,13,33,0.20936945520216732
26,7,33,0.08869205529953894
16,17,33,0.23514660500774845
13,20,33,0.10252356137970423
21,12,33,0.43614794933242046
28,4,32,0.5666180155013344
17,15,32,0.0008155662284639291
26,6,32,0.9747128701728911
17,15,32,0.7332177371595686
16,16,32,0.009963179846113415
26,6,32,NaN
22,10,32,0.6185582093370283
21,11,32,0.5757595332036677
22,10,32,0.531729986764269
19,13,32,0.5757595332036677
26,6,32,0.8024195655057098
23,9,32,0.33372149774144877
19,13,32,0.12560306644991812
16,16,32,0.09539926009155522
19,13,32,0.31128496075105533
20,12,32,0.3499191288620026
26,6,32,2.0218622010408134e-11
22,10,32,0.7332177371595686
21,11,32,0.7488044651373756
21,11,32,0.000532251205162839
20,12,32,0.43614794933242046
26,6,32,0.1419565988832056
21,11,32,0.010433709625701192
22,10,32,0.7628232518090338
25,7,32,0.6613966634587408
11,21,32,NaN
22,10,32,0.3627710739850452
21,11,32,0.390088581715401
23,9,32,0.0007746707710165526
19,13,32,0.47415033929630085
13,19,32,0.026493757023193825
21,11,32,6.34462619618564e-5
24,8,32,0.009912176912471659
24,8,32,0.893076864532752
23,9,32,0.390088581715401
20,12,32,NaN
23,9,32,0.2736599385245901
19,13,32,0.8185843942460208
22,10,32,0.34926187684352356
25,7,32,0.008751484670864415
22,10,32,0.483768449142263
19,13,32,0.303136677222842
24,8,32,0.9869568330638478
16,16,32,NaN
19,13,32,0.43449352911660427
22,10,32,0.7925166447343686
8,24,32,NaN
29,3,32,0.6185582093370283
23,9,32,0.027150137488542374
28,4,32,0.5064582299077077
24,8,32,0.8266459162027727
21,11,32,0.531729986764269
21,11,32,0.001242643980081719
26,6,32,0.7925166447343686
22,10,32,0.004989483469686705
28,4,32,0.15862822099308818
24,8,32,NaN
24,8,32,0.13132949647500136
20,12,32,0.8770122193000203
23,9,32,0.1075886913389418
21,11,32,0.043199805379105054
29,3,32,0.2493239751295628
21,11,32,0.15004367328866428
26,6,32,9.259807276639564e-7
20,12,32,0.45574032487896876
26,6,32,0.1567214259766392
20,12,32,0.6499322168460523
28,4,32,0.34926187684352356
22,10,32,0.0007629613431816208
28,4,32,0.8185843942460208
17,15,32,0.531729986764269
24,8,32,NaN
18,14,32,0.7332177371595686
26,6,32,NaN
23,9,32,NaN
23,9,32,0.3112629822117814
27,5,32,0.030533011490790955
20,12,32,1.5094354192243982e-6
23,9,32,0.2332105195530983
20,12,32,NaN
17,15,32,0.2031090513380436
18,14,32,0.531729986764269
23,9,32,0.11298788782741517
29,3,32,0.894184939350683
22,10,32,0.18342590517711166
20,12,32,0.8395040133151549
22,10,32,NaN
21,11,32,0.022788573734112794
17,15,32,0.43156718241374087
26,6,32,0.4426832802743664
25,7,32,0.390088581715401
19,13,32,5.726643489398067e-5
21,11,32,0.08177144875378811
24,8,32,0.9055500868206833
21,11,32,NaN
28,4,32,0.003341727201707064
21,11,32,0.18834348791256458
23,9,32,0.0003567743831570738
21,11,32,0.1587213200244882
20,12,32,0.13767205298939955
17,15,32,0.14339900089660632
24,8,32,0.15921953565114888
22,10,32,0.5757595332036677
18,14,32,0.5629995751735807
17,15,32,0.7409604201575208
25,7,32,0.9888383068434982
23,9,32,NaN
15,17,32,0.31128496075105533
28,4,32,0.8395040133151549
20,12,32,0.531729986764269
20,12,32,2.5044923669765422e-5
22,10,32,0.753746247812815
24,8,32,0.03782247324613561
18,14,32,0.08889028994681433
23,9,32,0.6185582093370283
19,13,32,0.3952490656616145
23,9,32,NaN
23,9,32,0.0020807883358474693
27,5,32,0.0004191128404673452
23,9,32,0.38613184486610286
27,5,32,NaN
20,12,32,0.037692270438730226
20,12,32,0.4092141802772707
24,8,32,0.08869205529953894
22,10,32,0.027150137488542374
17,15,32,0.001567146254646578
17,15,32,0.9940320922471844
19,13,32,0.34301591241503376
16,16,32,0.6990667746156102
20,12,32,0.033866288692779335
22,10,32,0.9326921332428637
20,12,32,0.2335465421584579
20,12,32,0.34926187684352356
24,8,32,0.3562300346156297
19,13,32,0.0021679292106529047
24,8,32,0.5067693420032031
9,23,32,0.7641629005282548
26,6,32,0.6990667746156102
18,14,32,NaN
21,11,32,0.026113498623669865
21,11,32,0.5757595332036677
28,4,32,0.9844051437518102
18,14,32,0.31924494718534235
17,15,32,0.07795167025740854
22,10,32,0.6990667746156102
19,13,32,0.03218813106796745
23,9,32,0.03786057123097562
18,14,32,0.15921953565114888
17,15,32,0.43614794933242046
22,10,32,0.021991031602040318
25,7,32,NaN
24,8,32,0.02388403365798693
19,13,32,0.7158003941759344
20,12,32,0.00396685095525376
17,15,32,0.18388903293090184
21,11,32,0.007582761886258228
19,13,32,0.8320069143070049
21,11,32,0.23998440172325927
18,14,32,0.8185843942460208
21,11,32,0.027150137488542374
22,10,32,NaN
17,15,32,0.1376319999999998
25,7,32,0.17772650466864892
7,25,32,0.002921023730848187
22,10,32,0.5189576581934079
25,6,31,1.773269127288296e-9
21,10,31,0.390088581715401
22,9,31,0.31128496075105533
21,10,31,0.483768449142263
23,8,31,0.5757595332036677
26,5,31,0.483768449142263
23,8,31,0.005734764647799451
15,16,31,0.7925166447343686
23,8,31,0.008754916904392958
24,7,31,0.34926187684352356
18,13,31,1.369194609586235e-12
19,12,31,0.043199805379105054
25,6,31,0.18342590517711166
24,7,31,0.03140155002885928
24,7,31,0.483768449142263
21,10,31,0.35806630048318216
21,10,31,0.12881008811441738
19,12,31,0.483768449142263
25,6,31,0.021588385858879337
22,9,31,NaN
24,7,31,0.6613966634587408
22,9,31,0.15770634763297056
15,16,31,0.34926187684352356
19,12,31,0.483768449142263
13,18,31,0.10424389004232004
17,14,31,0.014849553469688699
23,8,31,0.483768449142263
24,7,31,3.236890559031338e-6
21,10,31,0.5532179073809562
22,9,31,0.9205173036218669
21,10,31,0.7925166447343686
15,16,31,0.014183524266588894
21,10,31,0.8395040133151549
24,7,31,0.02176807899862826
17,14,31,0.31128496075105533
22,9,31,0.6185582093370283
29,2,31,0.19589902731927283
20,11,31,0.483768449142263
21,10,31,0.2689181119136974
21,10,31,0.11835585687382275
24,7,31,0.0004939587289315287
20,11,31,0.0537750100522693
28,3,31,0.6189302421507071
20,11,31,NaN
17,14,31,0.15921953565114888
15,16,31,0.5395288815226529
22,9,31,0.5638497849646574
27,4,31,0.43614794933242046
24,7,31,0.7332177371595686
20,11,31,0.6347734233901413
24,7,31,0.6645503847407921
15,16,31,0.2802823773095207
26,5,31,0.011492759356014898
19,12,31,0.020314478835438292
15,16,31,0.0014441895409937388
20,11,31,0.15619148160384624
19,12,31,0.34926187684352356
20,11,31,0.04937587322664477
23,8,31,0.1092160837998121
26,5,31,0.5330311475581953
15,16,31,0.08586878917879662
23,8,31,0.025677867345422847
17,14,31,0.9149781927676465
27,4,31,0.30644178313236864
25,6,31,0.9079098270401949
22,9,31,NaN
18,13,31,0.12038754025614608
18,13,31,0.04937587322664477
18,13,31,0.002514442743431079
24,7,31,0.020154132692139236
19,12,31,NaN
14,17,31,0.7925166447343686
24,7,31,3.1212221224337184e-16
24,7,31,0.027150137488542374
27,4,31,NaN
21,10,31,0.7332177371595686
22,9,31,0.893076864532752
18,13,31,0.43481994454685163
21,10,31,0.06480354332667945
22,9,31,0.03782247324613561
23,8,31,0.15921953565114888
25,6,31,0.005630148068420459
19,12,31,0.1026612005498701
23,8,31,3.097449282275461e-7
22,9,31,0.002292146209079053
12,19,31,NaN
25,6,31,0.483768449142263
29,2,31,0.0016826971790651554
16,15,31,0.015212269494999897
22,9,31,0.356237072732322
13,18,31,0.6538269641311959
16,15,31,0.9326921332428637
20,11,31,0.4333862178146069
22,9,31,0.6641016890068081
22,9,31,0.3160702126625748
20,11,31,0.1026612005498701
17,14,31,0.45574032487896876
21,10,31,5.3835074455783324e-5
17,14,31,0.02098633812465002
19,12,31,0.5324499325594447
24,7,31,0.7539652759503578
23,8,31,0.1565094203107617
25,6,31,0.16248626379120154
15,16,31,0.05456382872201125
17,14,31,0.7247917118495185
25,6,31,0.15921953565114888
22,9,31,0.9193010240804546
25,6,31,0.012022118863049316
21,10,31,NaN
18,13,31,0.07097682807133696
22,9,31,0.06315856334720732
19,12,31,0.03230741676234196
21,10,31,0.6990667746156102
17,14,31,0.0005854662079740876
18,13,31,0.14910871027349304
19,12,31,0.3750773065379415
21,10,31,0.33510156773143474
21,10,31,0.9578849368067253
23,8,31,0.23998440172325927
28,3,31,0.2819806102960549
13,18,31,NaN
16,15,31,0.6990667746156102
21,10,31,0.027150137488542374
20,11,31,0.7856583416932651
19,12,31,0.20936945520216732
23,8,31,0.24781377732474008
15,16,31,0.7282394546581734
17,14,31,0.8175024328815281
19,12,31,0.23998440172325927
24,7,31,0.9848027522935779
16,15,31,0.5825272282964099
18,13,31,0.061917938155542994
18,13,31,0.10807737524770958
17,14,31,0.1376319999999998
20,11,31,0.0408349544723447
21,10,31,0.7634063052627196
22,9,31,0.8395040133151549
20,11,31,0.33930013590846037
24,6,30,0.9079098270401949
22,8,30,0.18342590517711166
24,6,30,0.7641629005282548
19,11,30,0.7641629005282548
21,9,30,0.34926187684352356
18,12,30,NaN
25,5,30,0.5757595332036677
21,9,30,0.9326921332428637
18,12,30,0.390088581715401
21,9,30,0.6185582093370283
24,6,30,0.1376319999999998
22,8,30,0.0569687888815355
26,4,30,0.7925166447343686
24,6,30,0.37909167172925234
17,13,30,0.03176421408780421
25,5,30,NaN
21,9,30,0.34926187684352356
18,12,30,0.043199805379105054
24,6,30,2.3684391802062156e-11
21,9,30,0.893076864532752
27,3,30,0.03230741676234196
17,13,30,0.00070186853345752
20,10,30,NaN
20,10,30,0.04937587322664477
21,9,30,0.7925166447343686
24,6,30,0.7332177371595686
16,14,30,0.12972805705932075
25,5,30,0.08871419083629027
22,8,30,0.3414025326244797
25,5,30,0.7332177371595686
19,11,30,0.00013030725518088854
20,10,30,0.531729986764269
17,13,30,0.38204124432422765
21,9,30,0.6185582093370283
21,9,30,0.39005152644699753
21,9,30,0.21803560306232617
26,4,30,0.20936945520216732
18,12,30,0.390088581715401
22,8,30,0.9820749108387504
24,6,30,0.9928074571427078
24,6,30,0.5971251943889307
24,6,30,0.7778541056191075
21,9,30,1.8615355615723914e-5
20,10,30,0.10894405465708702
19,11,30,0.7924385381527257
18,12,30,NaN
19,11,30,8.601779315617564e-5
27,3,30,0.5467540245695636
16,14,30,NaN
18,12,30,0.9209789316492126
23,7,30,0.7925166447343686
22,8,30,0.5347555883548072
24,6,30,0.560681281690559
17,13,30,0.43614794933242046
20,10,30,0.7694829049182813
15,15,30,NaN
19,11,30,0.483768449142263
14,16,30,0.6990667746156102
22,8,30,NaN
25,5,30,0.1376319999999998
25,5,30,NaN
23,7,30,0.18342590517711166
22,8,30,0.34926187684352356
22,8,30,0.34926187684352356
24,6,30,0.8094584166358653
22,8,30,0.8504142140238367
27,3,30,0.5143136476386776
20,10,30,0.31128496075105533
17,13,30,0.7332177371595686
26,4,30,0.483768449142263
17,13,30,0.0034082505368627294
23,7,30,0.31128496075105533
21,9,30,0.6185582093370283
17,13,30,0.31385017035345075
21,9,30,0.08869205529953894
24,6,30,0.03331067516206525
22,8,30,0.1376319999999998
24,6,30,0.34926187684352356
19,11,30,0.0002811977292211748
20,10,30,7.815370664146407e-5
14,16,30,0.31128496075105533
20,10,30,0.5825272282964099
23,7,30,0.7641629005282548
18,12,30,0.9388932418681213
22,8,30,0.013196187683360368
23,7,30,0.11835585687382275
13,17,30,0.37589459324626534
21,9,30,0.6433104299452185
21,9,30,NaN
24,6,30,0.5757595332036677
27,3,30,0.1627398728782032
18,12,30,0.01865811357329784
26,4,30,NaN
26,4,30,0.04870332412302439
19,11,30,2.444047645303956e-6
20,10,30,0.3591158118668385
20,10,30,NaN
20,10,30,0.2736599385245901
20,10,30,0.3211770760289867
20,10,30,0.43614794933242046
26,4,30,NaN
25,5,30,0.16205480621803436
19,11,30,0.15921953565114888
20,10,30,0.6185582093370283
19,11,30,0.8581536843822222
20,10,30,0.0569687888815355
13,17,30,NaN
25,5,30,0.8185843942460208
21,9,30,0.14976639888931312
24,6,30,0.24110749661720923
19,11,30,0.6990667746156102
16,14,30,0.4727458816139712
18,12,30,0.010558361697505325
22,8,30,0.9209789316492126
20,10,30,0.531729986764269
24,6,30,0.04257043287504868
17,13,30,0.43614794933242046
13,17,30,NaN
23,7,30,0.04148353878590829
24,6,30,0.6990667746156102
21,9,30,0.8597792096635031
21,9,30,0.15921953565114888
17,13,30,0.0010522225844162283
17,13,30,NaN
16,14,30,0.9096776467547334
21,9,30,1.7964456543521746e-6
19,11,30,0.5757595332036677
18,12,30,0.8185843942460208
24,6,30,0.31128496075105533
23,7,30,0.6823874377777507
22,8,30,0.11265164055319962
21,9,30,0.022788573734112794
21,9,30,0.549275619852745
17,13,30,0.13957534239727787
15,15,30,0.49461382459190767
28,2,30,0.9876194517766048
17,13,30,0.005517801142967366
22,8,30,0.05448403456382014
19,11,30,0.658422205875303
23,7,30,0.4951219677049343
20,10,30,0.39732595048527836
18,12,30,0.3459927165783858
21,9,30,0.4689156560029013
25,5,30,0.002392010905500887
25,5,30,0.3158288950108226
18,12,30,0.04937587322664477
17,13,30,0.30454346149520106
24,6,30,0.9079098270401949
20,10,30,0.6185582093370283
17,13,30,NaN
19,11,30,0.31128496075105533
21,9,30,0.3490481648727526
20,10,30,0.1339898821036667
11,19,30,0.8657471465016561
20,10,30,0.6613966634587408
25,5,30,0.008185991369903941
26,4,30,0.1376319999999998
26,4,30,0.4245851749058428
19,11,30,0.06199767543443131
23,7,30,0.00029579222604027153
20,10,30,NaN
25,5,30,0.2736599385245901
17,13,30,0.9130479259450198
23,7,30,0.028078739246504676
20,10,30,0.6599249480126606
16,14,30,0.390088581715401
14,16,30,0.02993168671127803
18,12,30,0.684355444665248
9,21,30,0.014341021098588834
12,18,30,0.15813069490726445
19,11,30,0.893076864532752
12,18,30,0.7925166447343686
19,11,30,0.05439333050742856
22,8,30,0.390088581715401
4,26,30,NaN
24,5,29,0.668710119804481
25,4,29,0.6990667746156102
18,11,29,0.390088581715401
25,4,29,0.37139722799597047
15,14,29,0.32763582770945304
17,12,29,0.32628213507469583
20,9,29,0.9209789316492126
22,7,29,0.2736599385245901
19,10,29,0.9433412321949546
22,7,29,0.5817498556510571
24,5,29,0.8395040133151549
25,4,29,0.8367960511677993
19,10,29,2.4763089181306674e-5
18,11,29,0.2736599385245901
23,6,29,0.18342590517711166
25,4,29,0.00036363137941457956
27,2,29,0.390088581715401
16,13,29,0.08869205529953894
21,8,29,NaN
15,14,29,0.24679517161306672
15,14,29,0.7641629005282548
27,2,29,0.08869205529953894
25,4,29,0.7332177371595686
20,9,29,0.009301597013958465
21,8,29,0.390088581715401
22,7,29,0.4624906860381773
25,4,29,NaN
25,4,29,0.1026612005498701
17,12,29,0.5757595332036677
23,6,29,0.8798176007348141
25,4,29,0.9686139634526727
23,6,29,0.8574441635072612
16,13,29,0.6185582093370283
19,10,29,NaN
21,8,29,0.999998573468372
27,2,29,0.03782247324613561
12,17,29,0.8597792096635031
18,11,29,0.011352290761253754
24,5,29,0.5426634133952201
24,5,29,0.26800027576035007
13,16,29,0.37006286272654487
14,15,29,0.7332177371595686
26,3,29,0.020154132692139236
19,10,29,0.396103351475403
19,10,29,0.1376319999999998
20,9,29,0.2736599385245901
18,11,29,0.7809703329598859
24,5,29,0.08869205529953894
23,6,29,NaN
22,7,29,0.037287971672237935
12,17,29,0.18235246172686523
19,10,29,0.6990667746156102
15,14,29,0.06654332058020312
21,8,29,0.008214790563228923
17,12,29,0.715829908632549
17,12,29,0.12904523604074203
26,3,29,0.7470239550011291
23,6,29,0.8185843942460208
21,8,29,NaN
19,10,29,NaN
18,11,29,0.1026612005498701
19,10,29,0.6185582093370283
22,7,29,0.012282392533953123
18,11,29,NaN
22,7,29,0.89763178479082
22,7,29,0.05375540516454811
17,12,29,0.91945282240302
23,6,29,0.049756228455594666
15,14,29,0.7641629005282548
20,9,29,0.9737071997925769
20,9,29,0.34866144124338166
15,14,29,0.7925166447343686
19,10,29,0.531729986764269
19,10,29,0.2330096631816506
20,9,29,0.00465958895517739
16,13,29,0.8395040133151549
17,12,29,0.10733328371946868
24,5,29,NaN
21,8,29,0.007143059954844546
17,12,29,0.0025404386584004946
18,11,29,0.010905164671498544
19,10,29,NaN
20,9,29,0.0004945985847886245
20,9,29,0.31128496075105533
18,11,29,0.893076864532752
20,9,29,0.531729986764269
21,8,29,0.6185582093370283
19,10,29,0.8984799930161433
20,9,29,0.1748198122710782
24,5,29,0.3447865435274711
20,9,29,0.04937587322664477
17,12,29,0.9534153129152887
21,8,29,NaN
22,7,29,0.06559477533226507
19,10,29,0.1376319999999998
22,7,29,0.1415619178813599
16,13,29,NaN
14,15,29,0.5070086620935811
14,15,29,0.6185582093370283
24,5,29,0.9079098270401949
20,9,29,0.028527040402771393
25,4,29,0.43676464376573754
16,13,29,0.0012529539344777142
21,8,29,0.6185582093370283
22,7,29,4.2830956492518747e-7
25,4,29,0.11835585687382275
20,9,29,0.8270569536923806
25,4,29,0.006282033561316203
16,13,29,0.0027727700496690036
22,7,29,9.739334230761939e-6
17,12,29,0.390088581715401
21,8,29,0.003888376588305382
21,8,29,0.31128496075105533
26,3,29,0.9326921332428637
18,11,29,0.016074434616814116
19,10,29,0.11549895406297456
20,9,29,0.8493732053530928
18,11,29,0.012607560976470773
19,10,29,0.028276646443171786
19,10,29,0.027150137488542374
23,6,29,0.23998440172325927
20,9,29,0.06183508820821907
15,14,29,0.9256537472599207
17,12,29,0.0052830733720923805
18,11,29,0.12062067617226035
21,8,29,0.9639783715640171
22,7,29,0.0208156498923176
25,4,29,0.030715351146992573
25,4,29,0.027150137488542374
13,16,29,NaN
20,9,29,NaN
19,10,29,0.34926187684352356
25,4,29,0.423462724675276
22,7,29,0.009912176912471659
17,12,29,0.01638771466492628
24,5,29,0.7641629005282548
21,8,29,0.8185843942460208
19,10,29,0.001812898210582688
25,4,29,0.8770122193000203
25,4,29,NaN
17,12,29,0.36675537795816276
23,6,29,0.11835585687382275
17,12,29,0.1376319999999998
24,5,29,NaN
21,8,29,2.3551687311132727e-10
19,10,29,0.22850836594034676
23,6,29,0.9405224458153861
19,10,29,0.2831461361672722
15,14,29,0.4682318010650268
18,11,29,NaN
19,10,29,0.6613966634587408
13,16,29,0.1353638695691109
23,6,29,0.03230741676234196
22,7,29,0.5416344360389821
18,11,29,0.23998440172325927
21,8,29,0.0023928140694047637
18,11,29,0.9850416687159641
21,8,29,0.00044847855557712704
19,10,29,0.15921953565114888
21,8,29,0.0075090366003259905
8,21,29,NaN
19,10,29,0.7732596995576555
26,3,29,0.791309089692008
18,11,29,NaN
17,12,29,0.5757595332036677
22,7,29,0.43614794933242046
17,12,29,0.15921953565114888
19,10,29,0.530615516045923
19,10,29,0.7892408579573789
27,2,29,0.1004159907511305
24,5,29,0.6840418548915503
21,8,29,0.15921953565114888
19,10,29,0.31128496075105533
19,10,29,0.015198849338844918
27,2,29,0.014056067529256876
23,6,29,0.3286550780463517
22,7,29,NaN
22,7,29,0.31128496075105533
18,11,29,0.1672236289783273
21,8,29,NaN
23,6,29,0.043199805379105054
23,6,29,0.1576819989566069
17,12,29,0.43614794933242046
18,11,29,0.0016054134007214645
13,16,29,0.18342590517711166
19,10,29,0.2736599385245901
23,6,29,0.14352260333410988
18,11,29,0.390088581715401
19,10,29,0.34926187684352356
17,12,29,NaN
19,10,29,0.7925166447343686
15,14,29,0.00028727967175071873
15,14,29,0.8732439505235867
17,12,29,0.046787940124121706
16,13,29,NaN
13,16,29,0.43614794933242046
23,6,29,0.40479100211568664
10,19,29,0.31128496075105533
18,11,29,8.652566042504956e-9
14,15,29,0.016627813551177786
20,9,29,NaN
17,12,29,0.17651310440536505
17,12,29,0.3676626104746411
4,25,29,NaN
13,15,28,0.8185843942460208
19,9,28,0.07402585301535322
22,6,28,0.07020711912885644
14,14,28,0.6613966634587408
15,13,28,0.6185582093370283
21,7,28,NaN
23,5,28,NaN
14,14,28,0.85829832151664
16,12,28,0.3083666954774002
13,15,28,0.31128496075105533
24,4,28,0.07269223082728245
25,3,28,0.980101638801523
22,6,28,0.9653247847483298
21,7,28,0.25673117716917737
21,7,28,0.15921953565114888
18,10,28,0.0569687888815355
23,5,28,0.9209789316492126
15,13,28,NaN
13,15,28,0.8395040133151549
22,6,28,1.1246686208239743e-12
19,9,28,NaN
18,10,28,0.8628502053211479
20,8,28,0.8395040133151549
16,12,28,0.7566071109023711
23,5,28,0.8776207124053833
19,9,28,0.0035738333071373167
22,6,28,0.9534153129152887
26,2,28,NaN
21,7,28,NaN
24,4,28,0.018887372254255352
24,4,28,6.056474252425469e-5
19,9,28,0.07775488792945527
19,9,28,0.9272814179529157
21,7,28,0.8847657474173461
23,5,28,0.8770122193000203
18,10,28,0.8439134469906977
16,12,28,0.43614794933242046
13,15,28,NaN
20,8,28,0.6613966634587408
21,7,28,0.020438307514776516
20,8,28,0.9534153129152887
22,6,28,0.23998440172325927
16,12,28,0.060715681811239354
22,6,28,0.15921953565114888
24,4,28,0.8185843942460208
20,8,28,NaN
24,4,28,0.3064772330243296
19,9,28,0.13566693031451696
20,8,28,0.7332177371595686
21,7,28,NaN
22,6,28,0.45574032487896876
19,9,28,0.390088581715401
23,5,28,0.06525587975951877
10,18,28,0.15527172783076235
20,8,28,0.20936945520216732
21,7,28,0.1376319999999998
19,9,28,0.7332177371595686
22,6,28,NaN
23,5,28,0.5935175164485189
14,14,28,0.3952490656616145
17,11,28,0.6990667746156102
16,12,28,NaN
24,4,28,NaN
18,10,28,0.03782247324613561
20,8,28,0.34926187684352356
21,7,28,0.2503649122093081
20,8,28,NaN
21,7,28,0.5757595332036677
23,5,28,0.45574032487896876
23,5,28,0.34926187684352356
27,1,28,NaN
21,7,28,0.0016380241252767801
21,7,28,0.16040466991129285
16,12,28,0.531729986764269
24,4,28,0.503429902019479
21,7,28,0.3294387632385996
18,10,28,2.2151409763308474e-5
20,8,28,0.09752738134566356
20,8,28,0.004939389942292157
19,9,28,0.25324674754801346
21,7,28,0.20936945520216732
20,8,28,0.7332177371595686
26,2,28,0.9209789316492126
23,5,28,0.0003721356491976157
20,8,28,0.11219841607100062
22,6,28,0.9534153129152887
25,3,28,0.07633250114228259
22,6,28,0.390088581715401
20,8,28,0.006075253237169161
14,14,28,0.002882972398197104
21,7,28,0.7656419555930306
20,8,28,0.00437507260211331
23,5,28,0.11835585687382275
17,11,28,0.6508102604862698
23,5,28,0.06527261002735132
21,7,28,NaN
22,6,28,0.6185582093370283
22,6,28,0.042974370893406985
22,6,28,0.9614248710601718
21,7,28,0.43614794933242046
21,7,28,6.031614740593192e-9
24,4,28,0.8770122193000203
18,10,28,0.014302811501596825
18,10,28,0.9326921332428637
20,8,28,0.2792699537242053
18,10,28,0.7206590784283285
21,7,28,0.483768449142263
16,12,28,0.3627710739850452
12,16,28,0.8823466894787744
20,8,28,0.08869205529953894
16,12,28,0.0688922852556391
22,6,28,0.0642749775803862
26,2,28,0.7641629005282548
16,12,28,4.160468465319943e-5
14,14,28,0.7332177371595686
14,14,28,0.6990667746156102
19,9,28,0.12390041476341097
14,14,28,0.04870332412302439
15,13,28,4.5898517086697747e-5
14,14,28,0.8921626148764505
23,5,28,0.0003831994876324124
18,10,28,0.5875584846080915
21,7,28,0.2583844188700978
20,8,28,NaN
19,9,28,0.016627813551177786
18,10,28,NaN
22,6,28,0.9686139634526727
22,6,28,0.0038333313702626024
17,11,28,NaN
16,12,28,0.6613966634587408
20,8,28,0.3592911470848874
15,13,28,0.8415930227735703
21,7,28,0.06525587975951877
15,13,28,0.06114804773880387
18,10,28,0.02759245174394853
15,13,28,NaN
18,10,28,0.483768449142263
22,6,28,0.00020996207475334138
12,16,28,NaN
20,8,28,0.0037826341138517787
17,11,28,0.7925166447343686
21,7,28,0.027150137488542374
20,8,28,0.5552240025667481
12,16,28,0.6136264588513359
20,8,28,0.11957843166337492
22,6,28,0.1376319999999998
16,12,28,0.11155576220879991
20,8,28,0.1800839070094872
24,4,28,0.031161177580481206
18,10,28,0.6812673753512701
15,13,28,0.024791349908349698
22,6,28,0.17471517638253062
11,17,28,0.2508568832692708
19,9,28,NaN
16,12,28,0.9079098270401949
19,9,28,0.02038480197200364
20,8,28,0.6185582093370283
20,8,28,NaN
17,11,28,0.4795968510938812
18,10,28,0.2736599385245901
19,9,28,0.08869205529953894
15,13,28,0.30769222357988385
19,9,28,0.6916424367256209
15,13,28,NaN
18,10,28,NaN
19,9,28,0.23998440172325927
20,8,28,0.3042007367616033
25,3,28,0.11835585687382275
10,18,28,0.34926187684352356
18,10,28,0.020924870115116113
24,4,28,0.004267190428298948
22,6,28,0.8027541862607633
18,10,28,0.5757595332036677
15,13,28,0.9593967045648809
18,10,28,NaN
20,8,28,0.043199805379105054
16,12,28,0.10969430902475734
18,10,28,0.0008898065921047481
18,10,28,0.9209789316492126
10,18,28,NaN
20,8,28,4.5704616817523916e-18
15,13,28,0.6053452527694343
22,6,28,0.7385872548930311
17,11,28,0.010396404865302964
17,11,28,NaN
23,5,28,0.055292610382877964
17,11,28,0.2566381466923407
15,13,28,NaN
16,12,28,0.7705520317487403
21,7,28,NaN
17,11,28,0.30746299205241734
18,10,28,0.06209453475559585
20,8,28,0.719965578900677
20,8,28,0.9212878503980474
15,13,28,0.531729986764269
18,10,28,0.8068153252274056
17,11,28,NaN
21,7,28,0.980101638801523
17,11,28,0.8372666084509804
19,9,28,NaN
19,9,28,0.5757595332036677
14,14,28,NaN
16,12,28,0.531729986764269
19,9,28,0.3588212681525288
19,9,28,0.0010443627955184526
23,5,28,0.04937587322664477
20,8,28,0.058587566441423676
13,15,28,0.2736599385245901
7,21,28,0.6978454218992644
17,11,28,0.9959618436650923
18,10,28,NaN
16,12,28,2.3628580581473106e-7
21,7,28,0.0003190105864712205
14,14,28,NaN
17,11,28,0.43614794933242046
15,13,28,0.11835585687382275
18,10,28,0.254198149448731
13,15,28,0.483768449142263
19,9,28,0.0010736988888922715
17,10,27,0.8597792096635031
21,6,27,0.45574032487896876
19,8,27,0.6558838929907811
21,6,27,0.12881008811441738
19,8,27,0.1298365767545461
21,6,27,0.3921123224988913
18,9,27,0.11487357372556749
12,15,27,NaN
19,8,27,0.00012845270355858575
21,6,27,1.1050252806716725e-13
17,10,27,0.43665894846486664
19,8,27,0.31128496075105533
16,11,27,0.6613966634587408
17,10,27,0.04413077821658843
16,11,27,0.08869205529953894
19,8,27,0.5583214644790235
15,12,27,0.8185843942460208
18,9,27,0.9607680922410912
19,8,27,0.07707946967365104
20,7,27,0.390088581715401
20,7,27,NaN
17,10,27,NaN
26,1,27,0.0015748155159773592
16,11,27,NaN
19,8,27,0.032638974146249444
19,8,27,NaN
21,6,27,0.6613966634587408
13,14,27,0.3414025326244797
20,7,27,0.8461115498978949
23,4,27,0.9888383068434982
16,11,27,0.0053021338430499845
19,8,27,NaN
16,11,27,0.9919214683718085
20,7,27,0.18342590517711166
22,5,27,0.3217155509599345
19,8,27,0.4535672288066924
13,14,27,0.008135374253145923
17,10,27,0.005396388126767366
14,13,27,NaN
17,10,27,0.740527305680481
24,3,27,0.8884400191495423
17,10,27,0.23282227995536978
22,5,27,0.00666382835408615
18,9,27,0.014329332177496391
20,7,27,0.8010439277588454
13,14,27,0.2736599385245901
15,12,27,0.5757595332036677
21,6,27,0.483768449142263
15,12,27,0.34926187684352356
21,6,27,0.23998440172325927
14,13,27,0.1376319999999998
23,4,27,0.012163132339232486
17,10,27,0.18342590517711166
21,6,27,0.23998440172325927
22,5,27,0.3255767749118063
19,8,27,0.11835585687382275
17,10,27,0.7842679722011783
21,6,27,0.6566958031927908
20,7,27,0.0080215461507786
19,8,27,0.1026612005498701
19,8,27,0.020420051195404403
20,7,27,0.1376319999999998
19,8,27,0.8597792096635031
26,1,27,0.04308137978929754
16,11,27,0.531729986764269
22,5,27,0.6185582093370283
24,3,27,0.31128496075105533
19,8,27,0.07633250114228259
20,7,27,0.5801717632499597
15,12,27,0.8185843942460208
15,12,27,0.8395040133151549
16,11,27,0.483768449142263
20,7,27,0.01629439656851904
18,9,27,0.6990667746156102
16,11,27,0.531729986764269
16,11,27,0.6185582093370283
17,10,27,0.1376319999999998
17,10,27,0.026214957928552392
22,5,27,NaN
10,17,27,0.11835585687382275
20,7,27,0.8770122193000203
18,9,27,3.273491559089861e-11
16,11,27,0.3627710739850452
17,10,27,0.18320481795033483
11,16,27,0.34926187684352356
25,2,27,0.2080462400989042
23,4,27,0.5185014013077198
21,6,27,0.05622250931005289
12,15,27,0.31128496075105533
19,8,27,0.6481893374124967
20,7,27,0.5920707299074194
14,13,27,0.6669889258492736
15,12,27,0.9004064805082683
16,11,27,0.059431189473523
17,10,27,0.20936945520216732
12,15,27,NaN
21,6,27,0.0607901231080857
16,11,27,0.09287159822015106
17,10,27,0.5859524207007283
21,6,27,0.8185843942460208
18,9,27,0.7332177371595686
23,4,27,0.5757595332036677
21,6,27,0.12568868831419608
21,6,27,0.8854199224634024
16,11,27,0.6613966634587408
13,14,27,NaN
21,6,27,0.32437603583686625
16,11,27,0.31128496075105533
12,15,27,0.5757595332036677
14,13,27,0.390088581715401
19,8,27,0.23927579163334914
11,16,27,0.4734924562507068
17,10,27,0.9326921332428637
14,13,27,0.008185991369903941
12,15,27,0.09306358786555882
23,4,27,0.005396665236152628
20,7,27,0.18342590517711166
14,13,27,0.0021679292106529047
16,11,27,0.6567237416300628
17,10,27,0.0011878485374362817
17,10,27,0.10932554851940884
15,12,27,0.3329405602855465
21,6,27,0.5263570405063814
21,6,27,0.43614794933242046
22,5,27,NaN
15,12,27,0.1376319999999998
22,5,27,0.31128496075105533
20,7,27,0.0014580008490831756
20,7,27,NaN
16,11,27,6.958168072508478e-8
10,17,27,0.20936945520216732
16,11,27,0.00886925438582793
14,13,27,0.9433412321949546
22,5,27,NaN
11,16,27,0.4651893577290884
18,9,27,0.0037918818695636698
19,8,27,NaN
17,10,27,5.523324566449717e-7
13,14,27,0.4432467385815029
15,12,27,0.5037693104831396
19,8,27,0.6447260772432926
16,11,27,0.034609951192275994
16,11,27,0.15921953565114888
13,14,27,NaN
21,6,27,NaN
18,9,27,0.011046168301377389
18,9,27,4.382862537463158e-5
18,9,27,0.9120739957733397
21,6,27,0.11835585687382275
16,11,27,NaN
12,15,27,0.7505738960061019
17,10,27,0.9079098270401949
17,10,27,0.8395040133151549
14,13,27,0.9433412321949546
15,12,27,0.25406127868459816
10,17,27,0.34926187684352356
17,10,27,0.00038431248419988704
21,6,27,2.4981378595164623e-9
20,7,27,NaN
12,15,27,NaN
19,8,27,0.7925166447343686
23,4,27,0.2736599385245901
15,12,27,0.0883746296788019
20,7,27,0.007003252747251538
14,13,27,0.8631025335357855
16,11,27,0.00034399765274500856
20,7,27,0.2736599385245901
17,10,27,NaN
15,12,27,0.5924971823716719
14,13,27,0.7312489484670701
23,4,27,0.03782247324613561
19,8,27,NaN
21,6,27,0.0002995748831298247
13,14,27,0.28311218112338277
20,7,27,0.6185582093370283
22,5,27,0.20936945520216732
14,13,27,0.3141230378208956
16,11,27,0.7332177371595686
14,13,27,0.05617276001002554
20,7,27,0.483768449142263
15,12,27,1.3706555806619335e-7
17,10,27,0.8597792096635031
16,11,27,0.8185843942460208
16,11,27,NaN
21,6,27,0.11915692840691222
16,11,27,0.2736599385245901
19,8,27,0.3776180754134492
12,15,27,0.6273932620023779
18,9,27,0.6613966634587408
17,10,27,0.8597792096635031
21,6,27,0.8770122193000203
22,5,27,0.12263857126174843
12,15,27,0.9079098270401949
16,11,27,0.665793064223953
17,10,27,0.03782247324613561
13,14,27,0.009912176912471659
22,5,27,0.5757595332036677
9,18,27,0.1026612005498701
15,12,27,0.9209789316492126
17,10,27,0.31128496075105533
17,10,27,NaN
10,17,27,0.7434570317688923
11,16,27,0.23998440172325927
15,12,27,0.46683494952806515
16,11,27,0.13152715777553387
17,10,27,NaN
14,13,27,0.2589592365923343
19,8,27,0.8770122193000203
16,11,27,4.159043231328661e-11
20,6,26,0.1172815188230682
20,6,26,0.6835399487768141
15,11,26,0.15504732616068498
16,10,26,NaN
16,10,26,NaN
19,7,26,0.004470874248377773
21,5,26,0.3018163044914055
15,11,26,0.43614794933242046
20,6,26,NaN
19,7,26,0.16981134953653668
22,4,26,NaN
20,6,26,0.23998440172325927
15,11,26,0.0569687888815355
18,8,26,0.0005420796851532962
20,6,26,0.18342590517711166
23,3,26,0.003140615788714819
14,12,26,NaN
17,9,26,0.5326522752059564
21,5,26,0.10321201051403021
18,8,26,0.002514442743431079
18,8,26,NaN
19,7,26,0.560681281690559
20,6,26,0.06525587975951877
15,11,26,0.9919725852112679
18,8,26,0.2736599385245901
17,9,26,0.18107017742199097
23,3,26,0.12390041476341097
20,6,26,NaN
21,5,26,0.06525587975951877
22,4,26,0.7641629005282548
22,4,26,0.7332177371595686
19,7,26,0.1026612005498701
16,10,26,0.43614794933242046
18,8,26,0.18253647094999145
16,10,26,0.07775488792945527
19,7,26,NaN
20,6,26,1.772872303816207e-18
23,3,26,0.2736599385245901
21,5,26,0.5306485542574328
20,6,26,0.08869205529953894
19,7,26,0.8185843942460208
17,9,26,0.16928630299274663
16,10,26,NaN
17,9,26,NaN
10,16,26,0.2852309355020867
11,15,26,0.9079098270401949
20,6,26,0.8410984219970968
21,5,26,0.13797619272253211
25,1,26,0.9326921332428637
15,11,26,0.8181973604966792
18,8,26,0.483768449142263
18,8,26,0.15921953565114888
19,7,26,0.0001482989380878042
13,13,26,0.10299132950610898
18,8,26,0.0004917711320381998
20,6,26,0.15921953565114888
14,12,26,NaN
15,11,26,0.0569687888815355
22,4,26,0.5757595332036677
16,10,26,0.9079098270401949
22,4,26,NaN
22,4,26,0.7925166447343686
20,6,26,0.43614794933242046
15,11,26,0.8770122193000203
14,12,26,0.16255494053876596
20,6,26,0.12135339394790905
16,10,26,0.03230741676234196
14,12,26,0.1298365767545461
18,8,26,0.06525587975951877
18,8,26,0.03230741676234196
21,5,26,NaN
18,8,26,0.537900881111369
21,5,26,0.8770122193000203
12,14,26,NaN
17,9,26,NaN
21,5,26,0.6185582093370283
17,9,26,0.20936945520216732
21,5,26,0.19563562282591956
18,8,26,0.8597792096635031
16,10,26,0.05288197977761023
14,12,26,NaN
18,8,26,NaN
15,11,26,0.893076864532752
12,14,26,0.016627813551177786
19,7,26,0.24749648661237159
19,7,26,0.9534153129152887
17,9,26,NaN
23,3,26,0.8770122193000203
11,15,26,0.028239842557278242
14,12,26,0.17603134603051118
21,5,26,0.31128496075105533
19,7,26,0.0005003392252704421
17,9,26,0.7641629005282548
13,13,26,0.56731065381311
20,6,26,0.08869205529953894
20,6,26,0.00829404517453861
17,9,26,NaN
19,7,26,0.638111219475404
22,4,26,0.01754099902675547
20,6,26,0.34926187684352356
19,7,26,0.6286883490767854
21,5,26,0.0030892543021027673
20,6,26,0.7389935306984563
15,11,26,0.3310658935063618
19,7,26,NaN
9,17,26,0.0022971150721068224
16,10,26,0.34926187684352356
19,7,26,0.531729986764269
15,11,26,0.06582037121899495
17,9,26,0.6613966634587408
15,11,26,NaN
20,6,26,0.9209789316492126
20,6,26,0.8185843942460208
23,3,26,0.002514442743431079
21,5,26,0.5646690701818466
20,6,26,1.8358066345581087e-10
20,6,26,0.8597792096635031
22,4,26,0.34926187684352356
21,5,26,0.4643476579523873
23,3,26,0.6698944403489466
17,9,26,0.668710119804481
16,10,26,0.00043058798429974454
14,12,26,0.5757595332036677
23,3,26,1.1317623776065697e-6
16,10,26,0.0018349021702770022
22,4,26,0.5780660506944091
23,3,26,0.015665684882414866
22,4,26,0.6116602023463251
18,8,26,8.022718985235952e-6
21,5,26,0.7277910133953862
18,8,26,0.01614973483409636
20,6,26,0.17242813565102189
18,8,26,0.531729986764269
21,5,26,0.06634719639960793
19,7,26,0.9919050659879228
16,10,26,0.23271794522045783
10,16,26,0.9084381026594023
17,9,26,2.040438654862486e-6
14,12,26,0.7332177371595686
21,5,26,0.04937587322664477
14,12,26,0.5208155018939025
16,10,26,0.8597792096635031
21,5,26,0.5757595332036677
15,11,26,0.8770122193000203
21,5,26,0.7332177371595686
17,9,26,0.560681281690559
18,8,26,0.0038020399563155555
24,2,26,0.8395040133151549
15,11,26,0.10513689384752474
22,4,26,0.483768449142263
14,12,26,0.07884198662560915
12,14,26,0.25382146727456745
22,4,26,0.23486107655728594
23,3,26,0.25813183540950263
16,10,26,0.23998440172325927
15,11,26,0.893076864532752
18,8,26,NaN
20,6,26,0.027953667436851834
10,16,26,0.027150137488542374
13,13,26,0.11835585687382275
12,14,26,0.7925166447343686
19,7,26,0.20936945520216732
22,4,26,0.002770821777046677
22,4,26,0.027186556180043047
17,9,26,0.531729986764269
15,11,26,0.9079098270401949
18,8,26,0.6591883758140472
10,16,26,0.7048491292580608
20,6,26,0.7282907436726003
17,9,26,0.31518815872065126
13,13,26,0.44662647114209414
19,7,26,0.7641629005282548
22,4,26,0.027150137488542374
21,5,26,0.7207144363688471
18,8,26,0.08600643845036504
19,7,26,0.9062490671846612
18,8,26,0.0005748015777020839
17,9,26,NaN
17,9,26,0.2885951140864753
20,6,26,NaN
16,10,26,0.1310339827727488
23,3,26,0.20704672059267798
18,8,26,0.5047843263377301
21,5,26,0.531729986764269
21,5,26,0.11835585687382275
22,4,26,0.012022118863049316
20,6,26,0.04937587322664477
19,7,26,0.0569687888815355
17,9,26,NaN
18,8,26,0.4012475841419224
23,3,26,0.020818205845299014
17,9,26,NaN
18,8,26,0.9384634809150459
18,8,26,0.43614794933242046
15,11,26,0.044093335894087544
20,6,26,0.12881008811441738
15,11,26,0.8494377286826122
13,13,26,0.0007706009710558343
9,17,26,NaN
20,6,26,0.03230741676234196
17,9,26,0.11309516818104742
18,8,26,0.6990667746156102
20,6,26,0.6990667746156102
20,6,26,0.0020427221346371286
19,7,26,0.9467854407371606
17,9,26,0.5935175164485189
17,9,26,0.7332177371595686
18,8,26,0.17299583456533776
19,7,26,0.531729986764269
17,9,26,0.37323847885216643
20,6,26,0.4211110127589441
12,14,26,NaN
17,9,26,0.9013087361073963
5,21,26,0.8130550058173163
20,6,26,0.6185582093370283
15,11,26,0.8185843942460208
14,12,26,0.483768449142263
16,10,26,NaN
20,6,26,0.8770122193000203
16,10,26,0.32355716818844843
17,9,26,0.9031220119223897
20,6,26,NaN
16,10,26,2.8832093922712538e-5
12,14,26,0.8185843942460208
15,11,26,0.012587574134643361
17,9,26,0.6709890870320309
16,10,26,0.3789884757529582
8,18,26,NaN
13,13,26,0.5757595332036677
19,7,26,0.8185843942460208
21,5,26,0.6613966634587408
21,5,26,0.002514442743431079
20,6,26,0.35228183958523884
15,11,26,NaN
7,19,26,0.23998440172325927
17,9,26,NaN
10,16,26,0.05115562523839034
17,9,26,0.18342590517711166
16,10,26,NaN
2,24,26,NaN
19,6,25,0.6335458948138484
23,2,25,0.2656875645857021
20,5,25,0.04537883581157034
23,2,25,0.006553639299640961
16,9,25,0.5041700982931389
22,3,25,0.060544674893179065
18,7,25,0.07149157896053752
17,8,25,NaN
17,8,25,0.34926187684352356
17,8,25,9.232933694235475e-8
15,10,25,NaN
12,13,25,0.34926187684352356
19,6,25,0.9209789316492126
11,14,25,0.043199805379105054
18,7,25,0.2736599385245901
16,9,25,0.6990667746156102
17,8,25,0.11835585687382275
15,10,25,0.05868959273872218
11,14,25,0.5757595332036677
17,8,25,NaN
20,5,25,0.7925166447343686
18,7,25,NaN
18,7,25,0.5195589362695269
11,14,25,0.03782247324613561
17,8,25,NaN
16,9,25,NaN
25,0,25,NaN
16,9,25,0.483768449142263
21,4,25,0.1026612005498701
14,11,25,0.16594923267898354
22,3,25,0.9534153129152887
19,6,25,NaN
20,5,25,0.03517449142415791
10,15,25,5.414307348612462e-11
21,4,25,0.9404834259610766
9,16,25,0.4347158524686454
15,10,25,NaN
17,8,25,0.390088581715401
15,10,25,NaN
18,7,25,0.9079098270401949
15,10,25,4.413956433557944e-5
22,3,25,0.43156718241374087
9,16,25,0.023649763044496695
13,12,25,0.893076864532752
15,10,25,0.483768449142263
18,7,25,NaN
17,8,25,0.8185843942460208
17,8,25,0.00829404517453861
18,7,25,0.6613966634587408
18,7,25,0.9209789316492126
21,4,25,0.6613966634587408
13,12,25,0.0008909179337268896
17,8,25,0.531729986764269
14,11,25,0.8597792096635031
19,6,25,5.165572235655732e-7
14,11,25,0.08132358835623274
22,3,25,0.9209789316492126
15,10,25,0.9889468964422977
14,11,25,NaN
10,15,25,0.39088310158301914
16,9,25,NaN
19,6,25,0.5042700110754575
18,7,25,0.8185843942460208
19,6,25,0.0017174362375830573
16,9,25,0.6990667746156102
10,15,25,0.7671514396187639
14,11,25,0.893076864532752
20,5,25,0.531729986764269
15,10,25,0.004182936167453088
19,6,25,0.04419501026077604
20,5,25,1.2266389126481399e-5
20,5,25,NaN
19,6,25,NaN
14,11,25,0.6976888157194812
14,11,25,NaN
14,11,25,0.09695354803131544
19,6,25,1.7223853186328037e-7
14,11,25,0.0547886579667028
16,9,25,0.31375540828431653
22,3,25,NaN
21,4,25,NaN
18,7,25,NaN
25,0,25,0.8054168135138224
17,8,25,0.06525587975951877
16,9,25,0.7882524943465009
20,5,25,0.0002742374683515484
16,9,25,0.1534620907904871
15,10,25,NaN
9,16,25,NaN
19,6,25,0.33372149774144877
21,4,25,0.2736599385245901
15,10,25,0.019519080662983124
20,5,25,0.004939389942292157
13,12,25,1.5815042566668184e-6
19,6,25,0.049172389222492036
20,5,25,0.7332177371595686
12,13,25,0.1026612005498701
20,5,25,0.20936945520216732
18,7,25,0.5757595332036677
14,11,25,0.13053457337376398
17,8,25,NaN
18,7,25,0.7332177371595686
20,5,25,0.2201692694362413
17,8,25,0.22087912637396082
21,4,25,0.4459300178326409
19,6,25,0.5809279401132915
8,17,25,0.15921953565114888
18,7,25,0.9079098270401949
20,5,25,0.04937587322664477
15,10,25,NaN
24,1,25,NaN
20,5,25,0.03163822311473721
19,6,25,0.18336020038565104
16,9,25,NaN
17,8,25,0.6741830672601722
22,3,25,0.6185582093370283
16,9,25,NaN
12,13,25,0.8395040133151549
15,10,25,0.9455943287568624
19,6,25,0.7790642119606431
16,9,25,0.06525587975951877
16,9,25,0.531729986764269
16,9,25,0.42675904850450497
17,8,25,0.03252886894821904
12,13,25,0.8130550058173163
20,5,25,3.2108698552843274e-5
16,9,25,NaN
19,6,25,0.8899481007770936
22,3,25,NaN
10,15,25,0.5560906278506429
18,7,25,0.0017701343088846867
15,10,25,NaN
17,8,25,0.6633750386352674
20,5,25,0.09853497496149913
19,6,25,0.07686059762360366
16,9,25,NaN
21,4,25,NaN
15,10,25,NaN
17,8,25,0.9919214683718085
17,8,25,0.46257529479633824
22,3,25,NaN
20,5,25,NaN
23,2,25,0.43614794933242046
15,10,25,NaN
15,10,25,0.7724470357932132
16,9,25,0.7332177371595686
15,10,25,0.1680567267524357
16,9,25,NaN
20,5,25,0.483768449142263
24,1,25,0.6185582093370283
14,11,25,0.49011900693541055
13,12,25,0.8395040133151549
22,3,25,0.8701413186367207
22,3,25,0.531729986764269
17,8,25,0.5162799594927229
15,10,25,0.6185582093370283
9,16,25,0.07633250114228259
17,8,25,0.7641629005282548
14,11,25,0.54267122725008
15,10,25,0.710410651171062
20,5,25,0.5667605149218644
13,12,25,0.6185582093370283
16,9,25,0.390088581715401
18,7,25,0.15399598195858671
17,8,25,0.004440761573625128
19,6,25,0.9079098270401949
12,13,25,0.4342179929040571
17,8,25,NaN
13,12,25,0.763303596864854
18,7,25,NaN
20,5,25,0.01896780184951957
18,7,25,NaN
20,5,25,0.6697828710925923
16,9,25,0.04649171395288815
16,9,25,5.382646844248562e-8
13,12,25,3.00329250876871e-10
10,15,25,0.43614794933242046
17,8,25,0.022788573734112794
10,15,25,0.1015814516738978
14,11,25,0.0027082016977846776
17,8,25,0.16653772541343026
18,7,25,0.15294315121434163
15,10,25,NaN
19,6,25,0.6685474930238798
19,6,25,0.6613966634587408
19,6,25,0.7185801441729324
12,13,25,0.31385017035345075
19,6,25,NaN
15,10,25,0.390088581715401
15,10,25,0.7332177371595686
15,10,25,0.8395040133151549
20,5,25,1.3523739232032418e-5
22,3,25,NaN
14,11,25,0.3365674680584766
17,8,25,0.8311738437311638
17,8,25,0.11835585687382275
19,6,25,0.31128496075105533
17,8,25,0.43614794933242046
18,7,25,0.5419358181341635
19,6,25,0.5757595332036677
11,14,25,0.6448542946203797
15,10,25,0.05899235764479902
18,7,25,0.6185582093370283
15,10,25,0.6185582093370283
14,11,25,0.531729986764269
13,12,25,0.014573383524012535
20,5,25,0.06525587975951877
22,3,25,0.6990667746156102
15,10,25,0.8395040133151549
12,13,25,0.4696861461157038
14,11,25,NaN
18,7,25,0.9079098270401949
13,12,25,0.11835585687382275
16,9,25,0.9153759180323731
15,10,25,0.30746299205241734
18,7,25,0.531729986764269
17,8,25,NaN
19,6,25,1.7103065170607594e-6
21,4,25,NaN
16,9,25,0.00829404517453861
19,6,25,0.32194868411931904
17,8,25,NaN
17,8,25,0.3042007367616033
17,8,25,0.6613966634587408
15,10,25,0.07633250114228259
16,9,25,0.23998440172325927
16,9,25,0.3799269160180756
22,3,25,0.6990667746156102
19,6,25,0.20936945520216732
18,7,25,0.7332177371595686
18,7,25,0.9079977884170259
14,11,25,1.1971784276977813e-5
15,10,25,0.9848027522935779
19,6,25,0.07633250114228259
15,10,25,0.041312346208839286
15,10,25,0.012022118863049316
15,10,25,0.003543410680861176
17,8,25,0.5203943623058497
22,3,25,0.5093154232826997
14,11,25,0.6709890870320309
15,10,25,0.00021947250372711836
11,14,25,0.8597792096635031
14,11,25,0.14609100850329587
24,1,25,0.07654694207507394
11,14,25,0.483768449142263
19,6,25,0.6990667746156102
17,8,25,0.9575474895112371
19,6,25,0.6078534032793687
15,10,25,0.002915624031061959
16,9,25,NaN
9,16,25,NaN
7,18,25,NaN
20,4,24,0.5110730381049239
18,6,24,0.1026612005498701
20,4,24,0.31128496075105533
18,6,24,0.5459424067501532
14,10,24,0.710410651171062
21,3,24,NaN
19,5,24,NaN
16,8,24,0.9079098270401949
17,7,24,0.1026612005498701
18,6,24,0.0029262280467042545
16,8,24,0.14478866458437936
19,5,24,0.1494473128764884
19,5,24,0.11835585687382275
8,16,24,NaN
17,7,24,0.1887489070653642
14,10,24,0.5098317807053887
16,8,24,0.00971850648801845
18,6,24,0.4308430338609703
17,7,24,0.5589063535037788
19,5,24,0.15028463002293443
18,6,24,0.1376319999999998
13,11,24,0.7925166447343686
15,9,24,0.0061722686780113015
18,6,24,0.00014554856646845738
12,12,24,0.6911721014567019
18,6,24,NaN
18,6,24,0.390088581715401
17,7,24,0.6990667746156102
19,5,24,0.8597792096635031
19,5,24,NaN
20,4,24,0.9079098270401949
18,6,24,0.09103071012866998
16,8,24,0.8094406842495502
19,5,24,0.7665858938484965
16,8,24,0.009324878420091916
14,10,24,NaN
14,10,24,0.9326921332428637
16,8,24,0.7852023980813019
14,10,24,0.9326921332428637
12,12,24,0.34926187684352356
13,11,24,0.23998440172325927
15,9,24,0.9079098270401949
20,4,24,0.7277910133953862
18,6,24,0.45197295102346835
18,6,24,0.6958751779501191
17,7,24,NaN
19,5,24,0.17692773039886234
15,9,24,0.8115397506245494
13,11,24,0.0030892543021027673
13,11,24,0.18342590517711166
14,10,24,0.9433412321949546
17,7,24,0.6990667746156102
16,8,24,0.012022118863049316
17,7,24,0.08869205529953894
17,7,24,0.3310658935063618
14,10,24,NaN
18,6,24,0.0013205094547222055
16,8,24,NaN
15,9,24,0.1026612005498701
12,12,24,0.8395040133151549
23,1,24,0.7641629005282548
17,7,24,0.0001951135887219104
17,7,24,0.03760015437541299
14,10,24,0.5698807920157992
20,4,24,0.015168445255358178
22,2,24,0.531729986764269
15,9,24,NaN
19,5,24,1.8446392588457186e-11
18,6,24,1.1985305810561336e-6
15,9,24,0.34926187684352356
21,3,24,0.47345137947226246
16,8,24,0.0020807883358474693
18,6,24,0.0011870025188928748
19,5,24,0.18342590517711166
16,8,24,0.6613966634587408
21,3,24,0.21102302819959595
14,10,24,0.11317485225871982
16,8,24,0.06525587975951877
16,8,24,0.43614794933242046
19,5,24,0.0569687888815355
17,7,24,0.6613966634587408
14,10,24,0.8770122193000203
19,5,24,0.0026019925927406673
16,8,24,0.6375068000154904
16,8,24,0.34926187684352356
19,5,24,0.8568024491395582
22,2,24,0.00384054719306566
17,7,24,0.8597792096635031
14,10,24,NaN
23,1,24,0.023666459475202524
19,5,24,0.31128496075105533
17,7,24,0.006536244766598504
21,3,24,NaN
18,6,24,0.9326921332428637
15,9,24,0.5154702460671354
12,12,24,0.03230741676234196
20,4,24,0.893076864532752
16,8,24,0.004970297402727983
17,7,24,0.06625590397176728
16,8,24,0.390088581715401
18,6,24,9.743257975130064e-7
17,7,24,0.026468634826273315
14,10,24,NaN
17,7,24,0.002353985103477218
13,11,24,0.08954482571225283
17,7,24,0.1096419515195548
17,7,24,0.011492759356014898
17,7,24,0.9747128701728911
21,3,24,0.9031220119223897
16,8,24,0.19389586418309246
16,8,24,0.18289175153557002
19,5,24,0.483768449142263
19,5,24,0.483768449142263
18,6,24,0.3115706219532255
17,7,24,0.7641629005282548
19,5,24,0.20936945520216732
16,8,24,0.9079098270401949
17,7,24,0.51733424201445
13,11,24,0.9848027522935779
17,7,24,0.390088581715401
17,7,24,0.34926187684352356
16,8,24,0.7925166447343686
18,6,24,0.03152391229456295
22,2,24,0.6990667746156102
16,8,24,0.5094425515713926
13,11,24,0.31128496075105533
21,3,24,0.014183524266588894
17,7,24,0.6729869351746938
15,9,24,NaN
17,7,24,0.1026612005498701
20,4,24,0.390088581715401
21,3,24,0.06525587975951877
18,6,24,0.37504883130517536
20,4,24,0.8395040133151549
15,9,24,0.6185582093370283
12,12,24,NaN
14,10,24,NaN
12,12,24,0.14978103929985387
12,12,24,0.18342590517711166
17,7,24,0.2459595189144923
20,4,24,0.9592189576321263
18,6,24,0.056610304238243384
20,4,24,0.7842503658949894
17,7,24,NaN
18,6,24,0.00042029698571415046
16,8,24,0.7641629005282548
17,7,24,0.30106492742262475
15,9,24,0.0569687888815355
19,5,24,2.9939828362976783e-5
7,17,24,0.3214249500850772
17,7,24,0.13525162442330038
20,4,24,0.12532444304236073
18,6,24,NaN
12,12,24,0.1376319999999998
19,5,24,0.2558879791044991
18,6,24,0.9386584804555573
9,15,24,0.3564210841569938
15,9,24,0.08869205529953894
18,6,24,0.18342590517711166
15,9,24,0.8597792096635031
13,11,24,NaN
12,12,24,0.8185843942460208
17,7,24,0.18714002588762846
12,12,24,0.31128496075105533
19,5,24,0.18342590517711166
12,12,24,0.1026612005498701
17,7,24,0.39088310158301914
14,10,24,0.7641629005282548
12,12,24,0.12539027542019024
11,13,24,0.4406641705024798
15,9,24,NaN
14,10,24,0.181963562453405
12,12,24,0.31128496075105533
15,9,24,0.11547751655624847
18,6,24,0.009912176912471659
13,11,24,0.15921953565114888
18,6,24,0.39202144491239815
20,4,24,NaN
16,8,24,0.893076864532752
19,5,24,0.04326898338771202
15,9,24,0.000996786580815041
20,4,24,NaN
21,3,24,0.4264812154056156
17,7,24,0.978181605101904
19,5,24,NaN
14,10,24,0.3760544360670689
20,4,24,0.8452046853543665
14,10,24,0.0791893597363959
17,7,24,NaN
19,5,24,NaN
21,3,24,0.6835399487768141
18,6,24,0.4745125937643195
20,4,24,0.6304686757192005
10,14,24,0.7199184689796344
16,8,24,0.390088581715401
15,9,24,0.5584950858986919
15,9,24,NaN
10,14,24,0.026430740410841133
15,9,24,NaN
13,11,24,0.5775111450511895
15,9,24,0.29410767160472034
13,11,24,0.22435999331557493
17,7,24,3.6720355460707156e-7
14,10,24,0.2736599385245901
20,4,24,NaN
17,7,24,0.4360745515039187
13,11,24,0.8597792096635031
16,8,24,0.00353929305543762
14,10,24,NaN
16,8,24,0.6990667746156102
16,8,24,0.9209789316492126
12,12,24,NaN
19,5,24,0.8770122193000203
15,9,24,0.8418164019744444
15,9,24,0.07633250114228259
16,8,24,0.9534153129152887
14,10,24,NaN
13,11,24,NaN
15,9,24,0.15921953565114888
9,15,24,0.9209789316492126
7,17,24,NaN
21,3,24,0.05775795133821913
15,9,24,0.9079098270401949
7,17,24,NaN
20,4,24,0.027150137488542374
16,8,24,NaN
12,12,24,0.26604961378848435
15,9,24,0.47482896654874523
12,12,24,0.03230741676234196
16,8,24,0.8752494189964433
18,6,24,0.003788441268422185
17,7,24,0.015868664709297674
15,9,24,0.23998440172325927
15,9,24,0.2007962699552482
17,7,24,0.7427831343134803
12,12,24,0.0002477946963616657
15,9,24,NaN
21,3,24,0.9079098270401949
19,5,24,0.2902608360048914
18,6,24,0.027150137488542374
13,11,24,0.8395040133151549
10,14,24,0.8770122193000203
13,11,24,NaN
17,7,24,0.8395040133151549
16,8,24,0.483768449142263
15,9,24,0.7641629005282548
10,14,24,0.6613966634587408
11,13,24,0.45574032487896876
11,13,24,0.20936945520216732
19,5,24,0.9446226847646085
14,10,24,0.4449773779023453
17,7,24,0.018598975211935685
15,9,24,0.6613966634587408
17,7,24,0.8185843942460208
16,8,24,0.00015352980929218547
16,8,24,0.20936945520216732
16,8,24,0.4724446352873514
15,9,24,0.004825947247484831
11,13,24,0.2736599385245901
17,7,24,0.20640084806710363
15,9,24,0.26472988097255484
18,6,24,0.9079098270401949
12,12,24,NaN
18,6,24,0.14341372939388958
16,8,24,NaN
16,8,24,0.7641629005282548
20,4,24,0.11783693889098142
11,13,24,0.35749318406003894
17,7,24,NaN
15,9,24,0.9142357277367548
20,4,24,0.005396665236152628
12,12,24,0.43614794933242046
12,12,24,0.7925166447343686
15,9,24,0.4831418393981899
15,9,24,0.039979761700342925
15,9,24,0.7925166447343686
10,14,24,0.1376319999999998
14,10,24,0.9079098270401949
14,10,24,0.531729986764269
15,8,23,NaN
16,7,23,0.027150137488542374
18,5,23,0.1376319999999998
16,7,23,0.21880735976785629
17,6,23,NaN
17,6,23,0.8598793738126246
15,8,23,0.49412546790477674
18,5,23,NaN
17,6,23,NaN
10,13,23,0.30991981675860464
14,9,23,0.0035283646490902524
13,10,23,0.45574032487896876
15,8,23,0.009912176912471659
15,8,23,NaN
10,13,23,0.31128496075105533
14,9,23,NaN
11,12,23,0.777856046428773
16,7,23,0.029428603903208905
14,9,23,NaN
13,10,23,NaN
18,5,23,NaN
21,2,23,0.6990667746156102
13,10,23,0.8597792096635031
19,4,23,7.240345405019063e-7
10,13,23,0.31128496075105533
16,7,23,0.20936945520216732
20,3,23,0.0002538101208536832
16,7,23,0.5093154232826997
18,5,23,0.45089490132793386
17,6,23,0.9403527389860276
12,11,23,0.2861250709619428
18,5,23,0.08869205529953894
17,6,23,0.6277543547144385
18,5,23,0.24994761739313492
19,4,23,0.04534705336551274
16,7,23,0.390088581715401
14,9,23,0.9614248710601718
18,5,23,0.00022414785145775964
15,8,23,0.9534153129152887
14,9,23,0.20936945520216732
17,6,23,NaN
22,1,23,0.7925166447343686
21,2,23,0.6640040648509359
16,7,23,0.893076864532752
15,8,23,NaN
10,13,23,NaN
15,8,23,0.15921953565114888
17,6,23,0.43174600823559717
14,9,23,0.10891074481822334
21,2,23,0.3066840306856428
15,8,23,0.3838335700488623
20,3,23,NaN
20,3,23,0.43614794933242046
16,7,23,0.0569687888815355
12,11,23,0.8395040133151549
19,4,23,0.7463024749659177
19,4,23,NaN
18,5,23,0.8109319297503763
9,14,23,0.18342590517711166
18,5,23,0.32616758915722815
16,7,23,NaN
18,5,23,0.946642497535221
18,5,23,0.8879225519844822
18,5,23,0.531729986764269
15,8,23,0.14341372939388958
18,5,23,0.9686139634526727
10,13,23,0.893076864532752
15,8,23,0.7505738960061019
17,6,23,0.6313171863162921
10,13,23,0.7693595621860808
17,6,23,0.06616606438091353
11,12,23,0.02946906516329843
19,4,23,0.07633250114228259
13,10,23,NaN
21,2,23,0.027150137488542374
19,4,23,0.0569687888815355
16,7,23,0.31128496075105533
13,10,23,0.47127684484570326
18,5,23,0.7641629005282548
15,8,23,0.7966999134314143
17,6,23,NaN
14,9,23,0.025187108411688648
18,5,23,0.003439406565501953
15,8,23,0.6185582093370283
11,12,23,0.03782247324613561
19,4,23,NaN
18,5,23,NaN
13,10,23,0.2027531006879375
20,3,23,0.43614794933242046
20,3,23,0.1376319999999998
16,7,23,0.6185582093370283
17,6,23,0.31128496075105533
18,5,23,0.529602313989298
18,5,23,0.7925166447343686
16,7,23,0.980101638801523
13,10,23,0.8770122193000203
11,12,23,0.05033958687803544
14,9,23,0.5667605149218644
9,14,23,NaN
14,9,23,0.531729986764269
18,5,23,0.5860027958256196
18,5,23,0.20585542231012063
11,12,23,0.016627813551177786
12,11,23,0.11420085914564945
20,3,23,0.43577762349235377
16,7,23,NaN
13,10,23,NaN
13,10,23,0.28795743540443536
15,8,23,0.3391786058604223
18,5,23,0.8185843942460208
16,7,23,0.0569687888815355
13,10,23,0.4567030950633912
10,13,23,0.2410846864504279
17,6,23,0.015099137466671589
17,6,23,0.5757595332036677
14,9,23,0.02157051064231121
16,7,23,NaN
17,6,23,0.022391080150979962
14,9,23,NaN
20,3,23,0.3466916284330257
16,7,23,0.22025771249887147
14,9,23,0.6613966634587408
19,4,23,0.1026612005498701
15,8,23,0.7383757710176887
17,6,23,0.020052752478694886
13,10,23,0.0547886579667028
16,7,23,NaN
17,6,23,0.8456239998761733
17,6,23,0.2736599385245901
17,6,23,0.00029249598927174925
13,10,23,NaN
19,4,23,0.7656419555930306
18,5,23,0.5825455385005127
17,6,23,0.6652477338941125
14,9,23,0.11020377904862924
16,7,23,0.43614794933242046
20,3,23,0.6008096984815187
18,5,23,0.1748198122710782
17,6,23,0.6570853097481938
10,13,23,NaN
20,3,23,0.2823533028831827
11,12,23,0.531729986764269
17,6,23,0.07633250114228259
16,7,23,0.0005025064129917367
15,8,23,0.07592457643817423
18,5,23,0.14883430169880718
16,7,23,NaN
19,4,23,0.893076864532752
15,8,23,NaN
19,4,23,NaN
13,10,23,NaN
16,7,23,NaN
15,8,23,0.014302811501596825
14,9,23,0.00017366263556677707
17,6,23,0.7332177371595686
16,7,23,0.11518344666532436
17,6,23,0.7641629005282548
15,8,23,NaN
15,8,23,0.1330738245062829
18,5,23,NaN
17,6,23,0.18342590517711166
14,9,23,0.004966709889208809
16,7,23,0.390088581715401
15,8,23,0.390088581715401
13,10,23,NaN
17,6,23,0.00450793473847008
15,8,23,0.01694574359023696
18,5,23,0.7641629005282548
17,6,23,0.11835585687382275
10,13,23,0.7641629005282548
14,9,23,NaN
16,7,23,NaN
16,7,23,0.5605686154146111
16,7,23,0.014302811501596825
13,10,23,0.5757595332036677
18,5,23,NaN
15,8,23,0.5525926536383333
15,8,23,0.056864948295528774
14,9,23,0.0007911299318854225
15,8,23,0.043199805379105054
16,7,23,5.320002606571402e-6
14,9,23,0.6185582093370283
13,10,23,0.2372114257861294
20,3,23,0.8597792096635031
11,12,23,NaN
12,11,23,0.983338477837208
11,12,23,0.1026612005498701
16,7,23,0.9747128701728911
11,12,23,0.0009775841584143525
18,5,23,0.9919214683718085
14,9,23,0.43614794933242046
18,5,23,0.0569687888815355
9,14,23,0.03230741676234196
18,5,23,0.002606392795275019
16,7,23,0.026861142589043378
20,3,23,NaN
9,14,23,0.012022118863049316
15,8,23,0.8046011324471017
14,9,23,0.7332177371595686
14,9,23,0.1210235885899524
18,5,23,5.267418738615553e-12
13,10,23,0.6185582093370283
16,7,23,0.25386323968038543
15,8,23,0.9859635588343638
20,3,23,0.7562985327829146
18,5,23,0.390088581715401
9,14,23,0.08638019664601107
14,9,23,0.8597792096635031
13,10,23,0.20936945520216732
12,11,23,0.20936945520216732
17,6,23,0.9132286153386817
18,5,23,0.8395040133151549
15,8,23,0.019156520823219957
17,6,23,0.24679517161306672
17,6,23,0.9829888943820501
21,2,23,0.6053257592370349
10,13,23,0.2988325003836544
17,6,23,0.18342590517711166
16,7,23,0.262804612477459
14,9,23,0.9919214683718085
12,11,23,0.5757595332036677
18,5,23,0.5744209058568108
14,9,23,0.9531210474101499
16,7,23,0.016627813551177786
14,9,23,0.04937587322664477
15,8,23,0.34926187684352356
14,9,23,0.0004939587289315287
17,6,23,0.25148173923506717
11,12,23,0.531729986764269
20,3,23,0.022788573734112794
15,8,23,0.034682216080708025
14,9,23,0.34926187684352356
13,10,23,0.893076864532752
13,10,23,0.9295974394625098
15,8,23,0.045599400242812074
12,11,23,0.34926187684352356
17,6,23,0.9547412989111574
13,10,23,0.2211323483587857
11,12,23,0.7392903724201219
14,9,23,0.11835585687382275
19,4,23,0.18189679832291475
16,7,23,0.5868468999310763
16,7,23,0.03344300926666039
18,5,23,0.6185582093370283
14,9,23,0.0069426861107135624
13,10,23,0.20936945520216732
14,9,23,0.10958025296689976
16,7,23,7.940415372116126e-13
15,8,23,0.6618966157476359
10,13,23,0.15921953565114888
17,6,23,0.0812585245279518
17,6,23,NaN
16,7,23,0.29382598784159186
20,3,23,0.23427664047870939
9,14,23,0.2536350042639946
9,14,23,0.49056876252267867
18,5,23,0.27654819534762787
17,6,23,7.947358397782266e-7
12,11,23,0.6613966634587408
16,7,23,0.03782247324613561
13,10,23,0.028276646443171786
17,6,23,0.23998440172325927
17,6,23,0.980101638801523
14,9,23,0.390088581715401
10,13,23,0.6150997885980047
16,7,23,0.2736599385245901
10,13,23,0.9079098270401949
18,5,23,0.5560906278506429
12,11,23,NaN
15,8,23,0.31128496075105533
14,9,23,NaN
10,13,23,0.6613966634587408
12,11,23,NaN
20,3,23,0.17031022125270645
9,14,23,0.7193199319256738
16,7,23,0.06114804773880387
12,11,23,0.020154132692139236
7,16,23,0.04937587322664477
15,8,23,0.6613966634587408
13,10,23,NaN
16,7,23,0.53880703204541
14,9,23,0.2000695778744453
6,17,23,0.5769673697309498
11,12,23,0.04481834927830305
15,8,23,0.07705917966862262
13,10,23,0.8482422784896614
14,8,22,0.26476714451135885
18,4,22,0.7332177371595686
20,2,22,0.8597792096635031
17,5,22,NaN
16,6,22,1.3841151892198392e-5
16,6,22,NaN
12,10,22,8.137733585480913e-6
8,14,22,0.43872643080591756
18,4,22,0.6953862051232198
15,7,22,NaN
17,5,22,0.00423298646813419
15,7,22,0.531729986764269
13,9,22,0.7641629005282548
14,8,22,0.13132949647500136
18,4,22,0.5757595332036677
12,10,22,0.007127618013099335
21,1,22,0.000441950061954664
15,7,22,0.6613966634587408
14,8,22,0.8439294929657054
13,9,22,0.390088581715401
15,7,22,0.9326921332428637
15,7,22,0.40234675123063945
12,10,22,1.6217336566721817e-13
13,9,22,0.9326921332428637
18,4,22,0.7925166447343686
10,12,22,NaN
15,7,22,0.9079098270401949
16,6,22,NaN
11,11,22,0.12261848412866244
12,10,22,0.41952995772798446
16,6,22,0.34926187684352356
13,9,22,0.31315587565893765
13,9,22,0.668710119804481
13,9,22,0.39216027944780235
20,2,22,0.483768449142263
22,0,22,0.003385123193340089
17,5,22,0.5005972996089333
14,8,22,NaN
15,7,22,0.0006330860985672568
11,11,22,0.980101638801523
15,7,22,0.7641629005282548
18,4,22,0.11779796195965786
16,6,22,0.5766102806757265
15,7,22,0.358509049423087
18,4,22,0.43614794933242046
20,2,22,NaN
19,3,22,0.9326921332428637
15,7,22,0.5081799327535681
15,7,22,0.7332177371595686
15,7,22,0.483768449142263
15,7,22,0.05459624918950081
13,9,22,0.7925166447343686
16,6,22,0.6990667746156102
15,7,22,NaN
18,4,22,0.27508985429305494
11,11,22,0.15921953565114888
17,5,22,0.0007272449216401961
17,5,22,0.18342590517711166
19,3,22,0.004582407044711672
16,6,22,0.06525587975951877
16,6,22,0.11835585687382275
20,2,22,0.29427084313096785
17,5,22,0.7925166447343686
8,14,22,0.37139722799597047
17,5,22,0.0003297306122421771
16,6,22,NaN
19,3,22,9.98502284191628e-15
14,8,22,0.483768449142263
17,5,22,0.11660584846695998
19,3,22,0.06046395917926657
15,7,22,0.5971251943889307
15,7,22,0.03782247324613561
17,5,22,0.36480451762506977
11,11,22,0.31128496075105533
8,14,22,0.8597792096635031
16,6,22,NaN
19,3,22,0.8395040133151549
14,8,22,0.6990667746156102
17,5,22,0.7108232721518681
14,8,22,0.993280292881284
14,8,22,0.483768449142263
19,3,22,0.0024246929986431313
11,11,22,0.18342590517711166
8,14,22,0.7925166447343686
17,5,22,0.07633250114228259
19,3,22,NaN
14,8,22,0.18342590517711166
16,6,22,0.531729986764269
15,7,22,0.10826155501697196
20,2,22,0.0005003392252704421
13,9,22,0.1960797372632436
17,5,22,0.5459424067501532
14,8,22,0.252774055639449
16,6,22,0.08869205529953894
11,11,22,0.9747128701728911
13,9,22,NaN
20,2,22,NaN
13,9,22,NaN
13,9,22,NaN
14,8,22,0.012022118863049316
11,11,22,0.8375359659418489
16,6,22,0.3028537334327888
16,6,22,NaN
16,6,22,0.037447358756027865
14,8,22,NaN
15,7,22,0.531729986764269
13,9,22,0.9686139634526727
16,6,22,0.11518344666532436
15,7,22,NaN
13,9,22,0.7108232721518681
17,5,22,0.483768449142263
9,13,22,0.8597792096635031
15,7,22,0.08869205529953894
15,7,22,0.6185582093370283
7,15,22,0.43614794933242046
13,9,22,0.7876155146597804
12,10,22,NaN
17,5,22,0.8005099692738473
10,12,22,0.483768449142263
21,1,22,NaN
19,3,22,0.016627813551177786
15,7,22,NaN
15,7,22,NaN
15,7,22,0.893076864532752
19,3,22,0.43614794933242046
19,3,22,0.12111519776613787
12,10,22,8.58980776996608e-6
11,11,22,0.20936945520216732
15,7,22,0.7515498364115626
14,8,22,0.1026612005498701
18,4,22,0.5097092446358592
14,8,22,0.4942309148026015
17,5,22,9.675658244020076e-11
17,5,22,0.7641629005282548
15,7,22,NaN
18,4,22,0.0710504456986856
15,7,22,0.0005414217678384542
18,4,22,0.893076864532752
19,3,22,0.19439779696773826
13,9,22,0.1376319999999998
13,9,22,0.6385950555201507
12,10,22,NaN
14,8,22,NaN
16,6,22,0.1909010445319506
17,5,22,0.18283871582734929
13,9,22,0.9614248710601718
13,9,22,0.11783938039930976
15,7,22,NaN
14,8,22,0.7024939379955559
18,4,22,0.0736263559626166
20,2,22,0.23486107655728594
14,8,22,0.9747128701728911
15,7,22,0.23964540280341587
22,0,22,0.31128496075105533
15,7,22,0.8212501718035967
16,6,22,NaN
11,11,22,0.026260216656617166
12,10,22,0.5807958875536995
12,10,22,0.007003252747251538
19,3,22,0.31128496075105533
16,6,22,0.1376319999999998
13,9,22,NaN
16,6,22,0.43359950093236205
18,4,22,0.9814267595572698
12,10,22,NaN
15,7,22,0.525137015569157
19,3,22,0.06525587975951877
17,5,22,0.025326782547105794
17,5,22,0.005984959124630316
14,8,22,0.5817498556510571
18,4,22,0.7925166447343686
15,7,22,0.17263879517139863
16,6,22,0.7641629005282548
15,7,22,0.026861142589043378
12,10,22,0.0018287266553498765
15,7,22,0.12532444304236073
16,6,22,0.9079098270401949
13,9,22,NaN
19,3,22,0.7925166447343686
20,2,22,0.07775488792945527
16,6,22,0.913214581415164
8,14,22,0.43359950093236205
12,10,22,0.9433412321949546
16,6,22,0.4976638283682834
13,9,22,0.9079098270401949
15,7,22,0.8395040133151549
13,9,22,NaN
19,3,22,0.13315234386839592
16,6,22,3.480980824878625e-5
16,6,22,0.23998440172325927
15,7,22,0.06613251795124889
14,8,22,0.31128496075105533
19,3,22,0.9096776467547334
16,6,22,0.18342590517711166
16,6,22,0.2736599385245901
17,5,22,0.3257648579490623
15,7,22,0.6613966634587408
17,5,22,0.390088581715401
19,3,22,0.0024615163259104978
11,11,22,0.560681281690559
10,12,22,0.23998440172325927
15,7,22,0.6701343507063929
14,8,22,0.18342590517711166
15,7,22,0.980101638801523
10,12,22,0.6990667746156102
22,0,22,0.0569687888815355
15,7,22,0.04013953931640957
14,8,22,0.1326998286664587
17,5,22,0.973268467030886
15,7,22,0.9066343293501481
15,7,22,0.15921953565114888
17,5,22,0.1376319999999998
14,8,22,0.1489260093141789
15,7,22,0.7641629005282548
17,5,22,0.0007421961481018979
13,9,22,0.11128628271828117
17,5,22,0.33372149774144877
12,10,22,NaN
13,9,22,0.0569687888815355
10,12,22,0.483768449142263
15,7,22,0.6990667746156102
16,6,22,0.20936945520216732
10,12,22,0.18342590517711166
11,11,22,0.8597792096635031
14,8,22,NaN
10,12,22,NaN
18,4,22,0.7470239550011291
14,8,22,0.16387413494916064
20,2,22,0.893076864532752
16,6,22,0.7013346446373245
14,8,22,NaN
17,5,22,0.483768449142263
14,8,22,NaN
10,12,22,NaN
19,3,22,0.4319007153382488
14,8,22,NaN
13,9,22,0.6741830672601722
14,8,22,0.10977861845599739
20,2,22,0.012022118863049316
14,8,22,0.9842798818422334
14,8,22,0.6613966634587408
14,8,22,0.027150137488542374
14,8,22,0.043199805379105054
18,4,22,0.9326921332428637
12,10,22,NaN
18,4,22,0.531729986764269
14,8,22,0.03674032971720581
14,8,22,NaN
15,7,22,1.4877635602598186e-9
16,6,22,0.0009066087510806514
12,10,22,0.00829404517453861
13,9,22,1.3426103258929857e-5
12,10,22,0.8597792096635031
10,12,22,0.2736599385245901
18,4,22,0.75274140275546
13,9,22,0.6990667746156102
19,3,22,NaN
13,9,22,0.9686139634526727
10,12,22,NaN
13,9,22,0.05939419900164095
16,6,22,0.27684385230711883
13,9,22,0.5439505863805665
15,7,22,0.016627813551177786
8,14,22,0.1026612005498701
17,5,22,0.4231979219006692
14,8,22,0.6006828624769655
5,17,22,0.3952490656616145
15,7,22,0.008185991369903941
11,11,22,0.08869205529953894
12,10,22,0.11539802032966148
18,4,22,0.1376319999999998
13,9,22,0.21222240066531614
12,10,22,0.1376319999999998
19,3,22,0.12038754025614608
17,5,22,0.6185582093370283
16,6,22,0.0046083224908301705
13,9,22,0.9625209262488569
11,11,22,0.028078739246504676
20,2,22,0.2736599385245901
15,7,22,NaN
10,12,22,0.08675385875402282
13,9,22,0.2736599385245901
14,8,22,0.483768449142263
10,12,22,0.2876418463016274
14,8,22,0.15028134406495405
15,7,22,0.03501054251797532
9,13,22,NaN
10,12,22,NaN
9,13,22,NaN
12,10,22,0.531729986764269
13,9,22,0.7925166447343686
13,9,22,0.008754916904392958
11,11,22,0.17194554094263434
18,4,22,0.05047552925944042
20,2,22,0.0049445874206119666
19,3,22,0.013867837135765561
15,7,22,0.6185582093370283
15,7,22,0.5235575948742167
15,7,22,0.6990667746156102
14,8,22,NaN
13,9,22,0.9532497680518125
12,10,22,0.10387156154610036
17,5,22,0.9747128701728911
13,9,22,0.6701343507063929
15,7,22,0.9614248710601718
8,14,22,0.11827924607839593
13,9,22,0.0004648235488504285
11,11,22,0.8354695659274475
13,9,22,0.31128496075105533
9,13,22,0.5468527284885322
9,13,22,0.002270173647996579
6,16,22,NaN
17,5,22,0.6758224431698454
11,11,22,0.9764117817146121
19,2,21,NaN
12,9,21,NaN
15,6,21,1.1537108086022554e-5
21,0,21,0.6901070794118814
13,8,21,0.6185582093370283
12,9,21,0.8720954942351077
17,4,21,0.9940320922471844
18,3,21,0.8597792096635031
13,8,21,0.18342590517711166
15,6,21,0.483768449142263
17,4,21,0.017352935586059152
17,4,21,0.6415208380020518
17,4,21,0.9971211023779891
16,5,21,0.9209789316492126
17,4,21,0.1026612005498701
13,8,21,0.8860082917685801
18,3,21,0.390088581715401
11,10,21,0.9313719011597806
14,7,21,0.8597792096635031
14,7,21,0.5065986777281489
15,6,21,0.09103071012866998
9,12,21,0.15921953565114888
18,3,21,0.11531872517686372
18,3,21,NaN
18,3,21,0.6613966634587408
15,6,21,0.40006108687218844
10,11,21,0.002605315229559511
18,3,21,0.552401248937484
15,6,21,0.1026612005498701
19,2,21,0.5757595332036677
18,3,21,1.1829875576072185e-6
12,9,21,0.7925166447343686
5,16,21,NaN
19,2,21,0.002443600717756109
15,6,21,5.9155939250658424e-8
13,8,21,0.3566774067387504
15,6,21,0.15921953565114888
5,16,21,0.15921953565114888
15,6,21,0.8185843942460208
17,4,21,0.390088581715401
15,6,21,NaN
9,12,21,0.8770122193000203
12,9,21,0.323573460039637
13,8,21,0.5825455385005127
14,7,21,NaN
12,9,21,0.21116329682644297
12,9,21,0.0569687888815355
11,10,21,0.11718514289445923
16,5,21,0.06165363587037351
13,8,21,0.30766134932571504
18,3,21,0.483768449142263
18,3,21,0.20163475777346393
14,7,21,NaN
11,10,21,0.43614794933242046
15,6,21,0.8395040133151549
15,6,21,NaN
20,1,21,0.6613966634587408
11,10,21,NaN
19,2,21,0.973622582776883
19,2,21,0.31128496075105533
14,7,21,NaN
9,12,21,0.06411926004387423
14,7,21,NaN
16,5,21,0.8185843942460208
12,9,21,0.5511699254639026
15,6,21,0.662573151591802
17,4,21,0.2736599385245901
14,7,21,NaN
17,4,21,0.8597792096635031
15,6,21,NaN
18,3,21,0.006879081350538384
13,8,21,0.02412828848051356
8,13,21,NaN
10,11,21,NaN
11,10,21,0.043199805379105054
14,7,21,0.001646125098446455
13,8,21,0.2807068419351017
20,1,21,0.32413078811050244
14,7,21,NaN
12,9,21,0.5858782462392079
17,4,21,0.11835585687382275
10,11,21,0.9209789316492126
11,10,21,0.8770122193000203
16,5,21,0.18342590517711166
17,4,21,0.9534153129152887
16,5,21,0.5825272282964099
17,4,21,0.8939208256472664
18,3,21,0.10985739894017704
12,9,21,0.8352789734270196
17,4,21,0.7720481175495431
13,8,21,0.5775619768108249
10,11,21,NaN
18,3,21,NaN
13,8,21,0.3042007367616033
15,6,21,0.1090592074126087
15,6,21,0.43614794933242046
18,3,21,NaN
16,5,21,0.531729986764269
16,5,21,0.5757595332036677
16,5,21,0.24824965460085582
17,4,21,0.5757595332036677
16,5,21,0.8185843942460208
6,15,21,0.9614248710601718
11,10,21,0.9614248710601718
15,6,21,0.7332177371595686
15,6,21,1.5046275704757735e-7
15,6,21,0.9686139634526727
12,9,21,0.9387755077248532
21,0,21,0.6185582093370283
15,6,21,0.15921953565114888
11,10,21,NaN
21,0,21,NaN
16,5,21,0.06525587975951877
13,8,21,0.00028556765628515255
14,7,21,0.43614794933242046
17,4,21,0.5968928731892018
14,7,21,NaN
14,7,21,0.016627813551177786
15,6,21,0.717281466581896
19,2,21,0.8180436984403199
11,10,21,0.1026612005498701
16,5,21,NaN
9,12,21,0.6483131918118138
17,4,21,0.43614794933242046
16,5,21,0.05348460023999556
16,5,21,0.9952714360764799
15,6,21,0.2532249913862885
14,7,21,1.4003525943438557e-16
15,6,21,NaN
11,10,21,0.31128496075105533
10,11,21,0.18415710021470522
14,7,21,NaN
15,6,21,0.6809026538144238
17,4,21,0.483768449142263
12,9,21,0.8597792096635031
18,3,21,NaN
18,3,21,0.04284020489823212
15,6,21,0.12385654547336332
18,3,21,0.04937587322664477
15,6,21,0.022659527340473613
18,3,21,0.9209789316492126
18,3,21,0.23998440172325927
14,7,21,0.31128496075105533
14,7,21,0.025786685975664227
15,6,21,0.0005706233314669599
13,8,21,0.14344778340388195
17,4,21,0.8597792096635031
18,3,21,NaN
16,5,21,0.44318289152856133
12,9,21,0.40398008537487756
16,5,21,0.628485038913364
16,5,21,0.18342590517711166
16,5,21,0.009912176912471659
17,4,21,0.8185843942460208
15,6,21,0.8166214400539077
17,4,21,0.03842782867207566
13,8,21,0.1376319999999998
17,4,21,0.043199805379105054
13,8,21,NaN
12,9,21,0.43614794933242046
18,3,21,0.05256669595139569
13,8,21,0.010827751631636554
14,7,21,0.7925166447343686
12,9,21,NaN
13,8,21,0.7641629005282548
10,11,21,0.07262201935343697
15,6,21,0.43614794933242046
17,4,21,0.03230741676234196
16,5,21,NaN
13,8,21,0.5825272282964099
16,5,21,NaN
14,7,21,0.022788573734112794
15,6,21,0.6363152682916166
16,5,21,0.5757595332036677
9,12,21,NaN
20,1,21,5.696777135126277e-5
13,8,21,NaN
16,5,21,0.06525587975951877
14,7,21,5.643379979521576e-5
12,9,21,0.003123488380170325
11,10,21,0.23998440172325927
12,9,21,0.552401248937484
14,7,21,0.20936945520216732
17,4,21,NaN
15,6,21,0.6514580123826669
15,6,21,0.483768449142263
14,7,21,NaN
8,13,21,NaN
19,2,21,0.6613966634587408
16,5,21,NaN
13,8,21,0.8185843942460208
12,9,21,0.8395040133151549
14,7,21,0.531729986764269
14,7,21,0.7641629005282548
15,6,21,0.33728827817688073
14,7,21,0.0003567743831570738
12,9,21,0.483768449142263
13,8,21,0.04473343434432889
13,8,21,0.5271233667939976
17,4,21,NaN
16,5,21,0.6301811406598739
13,8,21,0.043199805379105054
19,2,21,0.5825272282964099
11,10,21,0.893076864532752
14,7,21,NaN
11,10,21,0.7281172511533435
11,10,21,0.7925166447343686
17,4,21,0.6613966634587408
18,3,21,0.07461147249063557
16,5,21,0.006082193050191918
12,9,21,NaN
12,9,21,0.6644373215461041
10,11,21,0.7641629005282548
15,6,21,0.043199805379105054
12,9,21,0.03299434736081501
13,8,21,0.8795096144966777
11,10,21,NaN
13,8,21,NaN
14,7,21,0.0683807050359384
13,8,21,0.20581767282741445
10,11,21,NaN
17,4,21,0.7712842407290339
8,13,21,NaN
17,4,21,0.11835585687382275
17,4,21,0.5825272282964099
14,7,21,0.2736599385245901
13,8,21,0.2736599385245901
12,9,21,0.6613966634587408
18,3,21,0.483768449142263
13,8,21,0.5817498556510571
14,7,21,0.7332177371595686
18,3,21,NaN
15,6,21,0.8770122193000203
15,6,21,0.893076864532752
14,7,21,0.9959618436650923
17,4,21,0.9052626226576708
16,5,21,0.9597879167360119
15,6,21,NaN
14,7,21,0.531159595527778
18,3,21,NaN
13,8,21,0.8197394761937766
17,4,21,0.25378509683242206
16,5,21,0.6613966634587408
14,7,21,0.5757595332036677
14,7,21,0.9079098270401949
10,11,21,3.08194568658538e-7
15,6,21,NaN
13,8,21,0.8185843942460208
16,5,21,0.18342590517711166
14,7,21,0.08869205529953894
8,13,21,NaN
11,10,21,0.7079554207942623
19,2,21,0.12791821144139492
12,9,21,0.9686139634526727
13,8,21,0.45574032487896876
14,7,21,0.7449830246656483
17,4,21,0.03230741676234196
15,6,21,0.2736599385245901
12,9,21,0.049911115651892685
14,7,21,NaN
12,9,21,0.6859789659122214
11,10,21,NaN
11,10,21,0.000750517455216115
13,8,21,NaN
12,9,21,NaN
14,7,21,0.3214803998880797
12,9,21,0.8546627738456072
15,6,21,0.1376319999999998
7,14,21,0.5976377428652669
10,11,21,0.03230741676234196
11,10,21,0.18342590517711166
15,6,21,0.4526590152587507
20,1,21,0.7641629005282548
12,9,21,0.7762287085060164
14,7,21,0.7641629005282548
12,9,21,0.1004159907511305
15,6,21,NaN
7,14,21,0.20936945520216732
13,8,21,0.5667605149218644
10,11,21,NaN
20,1,21,0.31924494718534235
17,4,21,0.20275757988171622
15,6,21,NaN
13,8,21,0.893076864532752
14,7,21,NaN
11,10,21,0.6990667746156102
15,6,21,0.37843823971592516
9,12,21,0.390088581715401
16,5,21,0.20936945520216732
8,13,21,NaN
18,3,21,0.6375068000154904
12,9,21,0.14102573908362367
10,11,21,0.710410651171062
14,7,21,0.5584950858986919
10,11,21,0.9209789316492126
14,7,21,0.8490090384932467
15,6,21,0.9839226021215018
12,9,21,NaN
14,7,21,0.0006070940898061236
19,2,21,0.2023199858266753
14,7,21,0.20936945520216732
18,3,21,0.556208884235859
16,5,21,NaN
17,4,21,0.06525587975951877
15,6,21,0.7925166447343686
13,8,21,0.31128496075105533
7,14,21,0.6074790907315284
14,7,21,0.483768449142263
17,4,21,0.670081957810935
9,12,21,0.04937587322664477
15,6,21,0.34926187684352356
16,5,21,NaN
9,12,21,0.9614248710601718
9,12,21,0.390088581715401
10,11,21,0.531729986764269
12,9,21,0.8597792096635031
19,2,21,NaN
12,9,21,0.4015851965427254
13,8,21,0.7341327823143137
13,8,21,0.009801467703126055
14,7,21,NaN
17,4,21,0.15921953565114888
17,4,21,0.014227084684383141
16,5,21,0.043199805379105054
11,10,21,NaN
9,12,21,0.2424912487960639
17,4,21,0.893076864532752
15,6,21,0.6074453130963371
17,4,21,0.13713521972496212
5,16,21,0.8597792096635031
17,4,21,0.4531190990902127
7,14,21,0.002976515492466216
15,6,21,0.2736599385245901
10,11,21,0.9534153129152887
14,7,21,0.1376319999999998
12,9,21,0.8395040133151549
20,1,21,0.5409818059304785
9,12,21,0.0037825518214748255
12,9,21,0.05623027929930168
15,6,21,0.531729986764269
8,13,21,2.9154064476851073e-5
8,13,21,NaN
8,13,21,NaN
15,6,21,0.6990667746156102
12,9,21,0.390088581715401
12,9,21,0.45701616102685727
11,10,21,0.18434836175511662
16,5,21,0.7641629005282548
16,5,21,0.03782247324613561
17,3,20,0.7332177371595686
15,5,20,0.03230741676234196
17,3,20,0.8770122193000203
13,7,20,NaN
18,2,20,NaN
9,11,20,0.9414303938628673
18,2,20,0.31128496075105533
11,9,20,0.8770122193000203
15,5,20,0.1026612005498701
11,9,20,0.8597792096635031
18,2,20,0.9227678364236426
14,6,20,0.07689679892919499
17,3,20,NaN
19,1,20,0.8770122193000203
8,12,20,0.34926187684352356
18,2,20,0.6481523560931322
10,10,20,0.7332177371595686
12,8,20,0.6544793908273733
17,3,20,0.9433412321949546
18,2,20,NaN
15,5,20,0.9966764459882204
15,5,20,0.6301811406598739
7,13,20,0.34926187684352356
19,1,20,0.980101638801523
14,6,20,0.6124968433389077
14,6,20,0.00013023151512614532
8,12,20,0.7925166447343686
14,6,20,NaN
14,6,20,0.7681398714099498
19,1,20,0.003729021784926885
12,8,20,0.08869205529953894
18,2,20,NaN
14,6,20,0.45574032487896876
19,1,20,0.531729986764269
17,3,20,4.6076106462550143e-7
14,6,20,0.027150137488542374
9,11,20,NaN
15,5,20,0.531729986764269
13,7,20,0.019519080662983124
12,8,20,0.531729986764269
14,6,20,0.06581869531729782
14,6,20,0.043199805379105054
17,3,20,NaN
13,7,20,NaN
11,9,20,NaN
14,6,20,NaN
11,9,20,0.07929543972641542
12,8,20,0.5757595332036677
15,5,20,0.016627813551177786
11,9,20,NaN
16,4,20,0.6990667746156102
9,11,20,0.0011689227187490039
15,5,20,0.0010608564000790378
16,4,20,0.5757595332036677
14,6,20,0.0569687888815355
16,4,20,0.05257489867348725
15,5,20,0.25495909678956347
16,4,20,0.002514442743431079
16,4,20,0.611583176109533
14,6,20,0.531729986764269
12,8,20,0.00010692097430560757
14,6,20,0.11835585687382275
16,4,20,0.5757595332036677
10,10,20,0.04012393839447106
12,8,20,0.004470874248377773
15,5,20,0.019025994539272027
16,4,20,0.5757595332036677
15,5,20,0.043199805379105054
16,4,20,0.7582271649271727
11,9,20,0.9172116775100461
17,3,20,0.0012830666181145641
14,6,20,0.43614794933242046
16,4,20,0.8185843942460208
10,10,20,NaN
14,6,20,0.2107570124722602
18,2,20,0.45159239125054756
20,0,20,0.5757595332036677
16,4,20,0.6613966634587408
14,6,20,0.9433412321949546
17,3,20,7.815370664146407e-5
11,9,20,NaN
16,4,20,5.253814976364555e-6
16,4,20,NaN
13,7,20,0.630101431703968
12,8,20,0.5757595332036677
14,6,20,0.3733063822267984
14,6,20,0.9111824293230897
11,9,20,NaN
14,6,20,0.7641629005282548
11,9,20,NaN
13,7,20,0.2736599385245901
15,5,20,0.9433412321949546
18,2,20,0.004939389942292157
17,3,20,4.604277341631393e-6
18,2,20,0.5757595332036677
15,5,20,0.5037412815443076
13,7,20,0.23178678221713578
13,7,20,0.531729986764269
12,8,20,0.5757595332036677
13,7,20,0.043199805379105054
19,1,20,0.7818382095570322
10,10,20,0.05301203161577786
17,3,20,NaN
16,4,20,0.20585542231012063
11,9,20,0.010344777363307625
12,8,20,0.8031960249980263
16,4,20,NaN
14,6,20,0.017195188682779906
18,2,20,0.9686139634526727
13,7,20,NaN
12,8,20,NaN
14,6,20,0.31128496075105533
15,5,20,NaN
8,12,20,0.43614794933242046
14,6,20,0.8097866946221443
14,6,20,0.0994908064228379
16,4,20,0.0003297306122421771
18,2,20,0.016627813551177786
9,11,20,0.34926187684352356
15,5,20,0.04974820178100721
18,2,20,0.7175366239048164
10,10,20,NaN
13,7,20,0.027658236644819114
18,2,20,0.2194756960972429
12,8,20,0.0569687888815355
12,8,20,0.772147499085321
13,7,20,0.04228843789571438
15,5,20,0.5981073692262592
12,8,20,1.1006655492490647e-6
13,7,20,0.8387601379940597
14,6,20,0.6870478983558518
18,2,20,0.05448403456382014
17,3,20,0.4384510151090387
13,7,20,0.024518121170132072
16,4,20,0.08869205529953894
16,4,20,NaN
15,5,20,0.9984155924600187
15,5,20,0.051847594369114215
13,7,20,0.4384094216597339
10,10,20,NaN
10,10,20,NaN
16,4,20,NaN
15,5,20,NaN
15,5,20,0.9614248710601718
15,5,20,0.6385950555201507
14,6,20,0.0006023919441209655
11,9,20,0.390088581715401
12,8,20,0.18342590517711166
8,12,20,0.3778741623527858
14,6,20,0.7186642320527237
12,8,20,0.04937587322664477
19,1,20,0.7641629005282548
15,5,20,0.6185582093370283
15,5,20,0.026287782811039172
12,8,20,0.13739525150935047
17,3,20,0.0008029732747185226
17,3,20,0.8597792096635031
12,8,20,0.7925166447343686
13,7,20,0.03230741676234196
10,10,20,0.0683807050359384
12,8,20,0.2736599385245901
18,2,20,0.1376319999999998
15,5,20,0.07633250114228259
16,4,20,0.7925166447343686
16,4,20,0.31128496075105533
16,4,20,0.047270088797226224
12,8,20,0.6712920226155389
9,11,20,0.9888383068434982
18,2,20,0.028276646443171786
17,3,20,0.34926187684352356
16,4,20,NaN
12,8,20,0.016627813551177786
11,9,20,0.9079098270401949
9,11,20,NaN
12,8,20,0.20936945520216732
12,8,20,NaN
15,5,20,NaN
13,7,20,NaN
15,5,20,0.12390041476341097
12,8,20,NaN
16,4,20,0.20163475777346393
12,8,20,0.4384094216597339
15,5,20,NaN
16,4,20,NaN
14,6,20,0.43614794933242046
13,7,20,0.019519080662983124
16,4,20,0.17651310440536505
13,7,20,0.0010312722099197057
10,10,20,0.3552115826399779
11,9,20,0.6990667746156102
12,8,20,0.483768449142263
15,5,20,0.9209789316492126
15,5,20,0.39156098812663936
9,11,20,0.30766134932571504
11,9,20,0.9614248710601718
15,5,20,0.03230741676234196
14,6,20,0.15921953565114888
18,2,20,0.8592713038038944
16,4,20,0.003123488380170325
14,6,20,0.1861840182065689
13,7,20,0.483768449142263
19,1,20,0.8913309664753518
11,9,20,0.8395040133151549
15,5,20,0.5817498556510571
16,4,20,0.043199805379105054
9,11,20,0.43614794933242046
9,11,20,0.5947079066313471
13,7,20,NaN
10,10,20,0.1026612005498701
14,6,20,NaN
15,5,20,0.04757813832682919
13,7,20,0.00015903732062450863
16,4,20,0.04372756787363854
17,3,20,0.08890933630502283
13,7,20,0.8597792096635031
16,4,20,0.43614794933242046
16,4,20,0.003564713801316347
15,5,20,0.21882501725621303
13,7,20,0.017060349530966783
9,11,20,0.027150137488542374
9,11,20,0.26744472678415676
11,9,20,0.08869205529953894
10,10,20,0.7641629005282548
13,7,20,0.31128496075105533
15,5,20,NaN
13,7,20,0.31832820040231924
15,5,20,2.516711771201206e-6
14,6,20,0.2736599385245901
13,7,20,0.9326921332428637
19,1,20,NaN
15,5,20,0.6613966634587408
17,3,20,0.03396669156307213
13,7,20,NaN
12,8,20,4.484296740924334e-5
14,6,20,0.8770122193000203
16,4,20,0.4280166490056792
16,4,20,0.006082193050191918
17,3,20,9.6649929293086e-6
12,8,20,0.8770122193000203
16,4,20,0.8185843942460208
15,5,20,0.531729986764269
18,2,20,NaN
14,6,20,1.2426317288598795e-9
12,8,20,0.695405580330643
16,4,20,0.2155633112094743
10,10,20,0.45574032487896876
15,5,20,0.009912176912471659
14,6,20,NaN
17,3,20,NaN
13,7,20,0.9614248710601718
14,6,20,NaN
11,9,20,NaN
7,13,20,0.18342590517711166
14,6,20,NaN
10,10,20,0.7925166447343686
16,4,20,0.01986809788562455
12,8,20,0.8185843942460208
16,4,20,0.48060282820831995
14,6,20,0.483768449142263
14,6,20,0.13797619272253211
11,9,20,NaN
9,11,20,NaN
16,4,20,0.45574032487896876
14,6,20,0.05601569270183097
17,3,20,0.20936945520216732
10,10,20,0.8185843942460208
9,11,20,0.6613966634587408
14,6,20,0.9387035794422314
12,8,20,0.35349503271076466
11,9,20,0.08928757843314344
17,3,20,0.27526948510990185
16,4,20,0.0012748069144200582
12,8,20,0.483768449142263
16,4,20,0.04937587322664477
7,13,20,0.2961128276673861
17,3,20,0.20347337301016935
15,5,20,0.0014824002891927054
12,8,20,0.019223831683286983
13,7,20,0.7871409487713726
17,3,20,0.6185582093370283
11,9,20,0.31128496075105533
15,5,20,NaN
12,8,20,0.6613966634587408
9,11,20,0.11835585687382275
13,7,20,0.014302811501596825
14,6,20,0.1026612005498701
13,7,20,0.06479464242166515
13,7,20,0.11835585687382275
15,5,20,NaN
8,12,20,0.31128496075105533
15,5,20,0.7433220329138188
15,5,20,0.45407026001640305
13,7,20,0.08869205529953894
12,8,20,0.45574032487896876
12,8,20,0.23998440172325927
12,8,20,0.15921953565114888
14,6,20,0.11835585687382275
13,7,20,0.26797272815490364
11,9,20,0.3112794423962507
15,5,20,0.7641629005282548
13,7,20,NaN
12,8,20,0.21681692275362965
15,5,20,NaN
13,7,20,NaN
14,6,20,0.36558033322647443
19,1,20,0.893076864532752
12,8,20,NaN
15,5,20,0.6613966634587408
12,8,20,0.18342590517711166
12,8,20,0.03782247324613561
16,4,20,0.8770122193000203
13,7,20,NaN
9,11,20,0.8568024491395582
13,7,20,NaN
14,6,20,0.6613966634587408
15,5,20,0.7925166447343686
12,8,20,0.04937587322664477
15,5,20,NaN
15,5,20,0.34926187684352356
13,7,20,0.9326921332428637
10,10,20,NaN
16,4,20,NaN
15,5,20,0.009912176912471659
11,9,20,0.8395040133151549
11,9,20,0.009912176912471659
12,8,20,0.3645872583117399
15,5,20,0.1026612005498701
13,7,20,0.1376319999999998
14,6,20,NaN
18,2,20,0.8234460514241537
10,10,20,0.7925166447343686
10,10,20,0.07769831541088033
17,3,20,0.390088581715401
12,8,20,NaN
14,6,20,0.0569687888815355
17,3,20,0.45574032487896876
12,8,20,0.8185843942460208
15,5,20,NaN
8,12,20,0.46051950478053977
15,5,20,0.43614794933242046
11,9,20,0.552401248937484
9,11,20,0.49807315528665774
9,11,20,0.5757595332036677
14,6,20,0.11835585687382275
14,6,20,0.483768449142263
16,4,20,0.08158670383091642
13,7,20,0.059206359485355145
14,6,20,0.6613966634587408
12,8,20,NaN
15,5,20,NaN
15,5,20,NaN
13,7,20,NaN
16,4,20,0.027988959395328916
9,11,20,0.483768449142263
16,4,20,0.2736599385245901
10,10,20,NaN
12,8,20,0.20936945520216732
16,4,20,0.001269673315350871
15,5,20,0.8597792096635031
14,6,20,NaN
15,5,20,0.09947662718088499
12,8,20,0.6721419332812881
12,8,20,0.3457412715034009
13,7,20,0.3194035695514881
13,7,20,0.34926187684352356
14,6,20,0.2736599385245901
9,11,20,0.0569687888815355
10,10,20,0.10332305285177645
16,4,20,0.1376319999999998
12,8,20,0.1026612005498701
14,6,20,0.21428703001955357
7,13,20,0.483768449142263
8,12,20,0.390088581715401
10,10,20,0.9433412321949546
9,11,20,NaN
17,3,20,0.7332177371595686
12,8,20,0.043199805379105054
13,7,20,0.6766991008733866
12,8,20,0.7332177371595686
11,9,20,0.43614794933242046
13,7,20,0.2736599385245901
14,6,20,NaN
9,11,20,0.20936945520216732
10,10,20,0.7656419555930306
15,5,20,0.766925553796705
8,12,20,NaN
15,5,20,0.6317110732453
11,9,20,0.8130550058173163
15,5,20,0.014633982513246567
8,12,20,NaN
17,3,20,0.6185582093370283
13,7,20,0.9493330039975885
13,7,20,NaN
16,4,20,0.8185843942460208
7,13,20,NaN
7,13,20,0.6613966634587408
12,8,20,0.36675537795816276
15,5,20,0.3688862007534632
12,8,20,0.005957173602669348
18,2,20,0.8770122193000203
17,3,20,0.390088581715401
14,6,20,0.8395040133151549
7,13,20,NaN
16,4,20,0.23998440172325927
14,6,20,0.3275964910485879
9,11,20,NaN
12,8,20,0.11835585687382275
5,15,20,NaN
14,5,19,0.3722948125150459
16,3,19,0.093197997981033
13,6,19,0.531729986764269
14,5,19,0.08869205529953894
11,8,19,NaN
12,7,19,0.0569687888815355
10,9,19,0.7925166447343686
12,7,19,0.5039361625079051
12,7,19,0.029991330241694775
14,5,19,0.01650792939473311
10,9,19,NaN
13,6,19,0.40834950525956615
15,4,19,0.45574032487896876
10,9,19,0.014183524266588894
11,8,19,0.8185843942460208
15,4,19,0.18419293602165915
14,5,19,0.2736599385245901
16,3,19,0.9756066415241959
12,7,19,0.390088581715401
12,7,19,0.07633250114228259
16,3,19,0.43614794933242046
10,9,19,0.0014655480824996069
14,5,19,NaN
14,5,19,0.7948773508512438
16,3,19,0.07633250114228259
8,11,19,0.6185582093370283
15,4,19,0.2736599385245901
11,8,19,0.6185582093370283
16,3,19,0.003857673699145433
13,6,19,0.06525587975951877
10,9,19,NaN
14,5,19,0.7332177371595686
9,10,19,0.7196181145344687
12,7,19,0.00017293923369405482
10,9,19,0.12498597203858312
10,9,19,0.34926187684352356
15,4,19,0.09780088788296463
16,3,19,0.1376319999999998
12,7,19,0.26869366942567907
14,5,19,0.019519080662983124
11,8,19,0.47020793491720725
11,8,19,NaN
15,4,19,0.893076864532752
17,2,19,0.00048178635886634213
14,5,19,0.390088581715401
14,5,19,0.7064001197627419
11,8,19,NaN
12,7,19,0.18342590517711166
13,6,19,0.9163346734778892
16,3,19,0.4342179929040571
13,6,19,NaN
10,9,19,0.002514442743431079
12,7,19,NaN
7,12,19,0.3278974049572567
14,5,19,0.7332177371595686
13,6,19,0.00039578522468987413
12,7,19,0.6613966634587408
7,12,19,NaN
16,3,19,5.2492735077313126e-14
8,11,19,0.24170100482435977
13,6,19,0.33289340993668803
12,7,19,0.483768449142263
16,3,19,0.9179288869452996
15,4,19,0.5695617075307107
14,5,19,0.1026612005498701
13,6,19,NaN
10,9,19,0.5757595332036677
17,2,19,0.0019263018213234004
16,3,19,0.056561746652620475
17,2,19,0.16979249247513195
17,2,19,0.15921953565114888
14,5,19,0.2736599385245901
11,8,19,0.043199805379105054
15,4,19,0.21522534191783319
13,6,19,0.03230741676234196
14,5,19,0.2736599385245901
16,3,19,0.20936945520216732
14,5,19,0.9747128701728911
18,1,19,0.3201566213631765
15,4,19,0.6613966634587408
8,11,19,0.1026612005498701
11,8,19,NaN
15,4,19,0.7332177371595686
16,3,19,0.8770122193000203
16,3,19,0.043199805379105054
8,11,19,0.6990667746156102
12,7,19,0.043199805379105054
14,5,19,NaN
15,4,19,0.483768449142263
10,9,19,0.531729986764269
18,1,19,NaN
14,5,19,3.2877717871231633e-5
10,9,19,NaN
16,3,19,0.5757595332036677
11,8,19,0.8395040133151549
18,1,19,0.560681281690559
13,6,19,0.3945018132238177
16,3,19,0.1376319999999998
13,6,19,0.5757595332036677
12,7,19,0.31128496075105533
13,6,19,0.7175366239048164
14,5,19,0.2969173985655673
8,11,19,NaN
12,7,19,0.6990667746156102
12,7,19,NaN
11,8,19,0.15921953565114888
12,7,19,0.6264818461271959
13,6,19,NaN
13,6,19,0.21201484474494117
11,8,19,0.6990667746156102
14,5,19,NaN
13,6,19,0.43614794933242046
17,2,19,0.39220020321864474
11,8,19,1.234086448911869e-13
16,3,19,0.9403527389860276
15,4,19,NaN
10,9,19,0.5189576581934079
12,7,19,0.024732864881941825
15,4,19,0.390088581715401
14,5,19,0.2736599385245901
9,10,19,0.390088581715401
14,5,19,0.6185582093370283
11,8,19,NaN
15,4,19,0.6990667746156102
13,6,19,0.21386172956410673
9,10,19,0.8185843942460208
14,5,19,0.019519080662983124
12,7,19,3.793435198059456e-7
15,4,19,0.017395908121236297
13,6,19,0.7744181619079011
17,2,19,0.8185843942460208
10,9,19,NaN
10,9,19,NaN
15,4,19,0.531729986764269
16,3,19,NaN
14,5,19,0.6613966634587408
9,10,19,NaN
15,4,19,0.390088581715401
9,10,19,NaN
11,8,19,0.017910507964383107
12,7,19,0.43614794933242046
19,0,19,0.531729986764269
11,8,19,0.021195403858217193
15,4,19,0.16518529863446432
15,4,19,NaN
13,6,19,0.1801047242330923
10,9,19,0.5520913261736785
12,7,19,0.9584062526958288
13,6,19,4.4621025129370114e-5
15,4,19,0.11835585687382275
7,12,19,0.7748298522217889
16,3,19,6.794837280691065e-7
7,12,19,0.15020155012253888
14,5,19,NaN
9,10,19,0.28751851884327656
12,7,19,0.5945736147673963
13,6,19,0.04937587322664477
12,7,19,0.03521075654980461
14,5,19,0.022788573734112794
12,7,19,0.7350398366851347
16,3,19,0.379826383847125
19,0,19,0.012022118863049316
9,10,19,0.7809801234729681
10,9,19,0.7925166447343686
16,3,19,0.2736599385245901
12,7,19,0.2736599385245901
11,8,19,0.8597792096635031
16,3,19,NaN
14,5,19,0.013670791944608292
12,7,19,0.15921953565114888
11,8,19,NaN
12,7,19,0.7641629005282548
12,7,19,0.31128496075105533
13,6,19,0.9209789316492126
18,1,19,0.8395733573469727
8,11,19,0.0004319248983637541
15,4,19,NaN
12,7,19,0.036781369662119465
15,4,19,1.2197689667406164e-8
13,6,19,0.8604258191191435
19,0,19,7.344299502677967e-5
14,5,19,NaN
11,8,19,0.043868388434326125
17,2,19,0.531729986764269
13,6,19,NaN
13,6,19,0.9686139634526727
12,7,19,0.483768449142263
15,4,19,0.08754397624268064
10,9,19,0.027150137488542374
12,7,19,0.23998440172325927
13,6,19,0.5196543883950369
12,7,19,0.8253607032258627
11,8,19,0.43614794933242046
13,6,19,0.45357529842436256
15,4,19,0.9233074021063262
10,9,19,0.9747128701728911
16,3,19,NaN
15,4,19,NaN
13,6,19,0.3596070363021252
11,8,19,0.297042093293587
11,8,19,0.9411170978015411
13,6,19,0.6342932949099289
12,7,19,0.03519151115474672
11,8,19,NaN
15,4,19,NaN
17,2,19,0.1422443981541571
13,6,19,0.043199805379105054
12,7,19,0.43614794933242046
11,8,19,0.34926187684352356
12,7,19,0.1376319999999998
12,7,19,0.03782247324613561
15,4,19,0.000441204736253065
17,2,19,NaN
13,6,19,0.6857404616255487
14,5,19,0.7332177371595686
13,6,19,0.36675537795816276
9,10,19,0.2736599385245901
11,8,19,0.749359964362704
16,3,19,0.07633250114228259
12,7,19,0.18342590517711166
13,6,19,2.611366756424078e-7
15,4,19,0.04937587322664477
19,0,19,8.985561708144192e-6
15,4,19,0.6990667746156102
17,2,19,NaN
11,8,19,0.3047060827873927
14,5,19,0.08063129601490646
15,4,19,0.03230741676234196
15,4,19,NaN
15,4,19,0.04503870906944472
17,2,19,0.04573213625556403
13,6,19,0.3172517057136151
15,4,19,NaN
13,6,19,0.6700366361164781
12,7,19,0.009912176912471659
17,2,19,NaN
14,5,19,0.32941803014846893
9,10,19,0.7420399132806944
12,7,19,NaN
9,10,19,0.18089623057045057
15,4,19,0.6613966634587408
11,8,19,0.6086126496243099
18,1,19,0.6867347152797283
14,5,19,0.015773916653266835
14,5,19,NaN
7,12,19,0.535511618017975
10,9,19,NaN
15,4,19,0.8395040133151549
16,3,19,0.12286706020892939
16,3,19,0.893076864532752
11,8,19,0.06525587975951877
12,7,19,0.0027730491663571005
15,4,19,0.06525587975951877
13,6,19,0.9444758416552013
14,5,19,0.7961945296848035
9,10,19,0.902926288707078
11,8,19,0.893076864532752
16,3,19,NaN
16,3,19,NaN
10,9,19,NaN
15,4,19,0.7313796820959256
14,5,19,0.000532251205162839
18,1,19,7.106041371002578e-5
12,7,19,0.20585542231012063
15,4,19,0.2736599385245901
12,7,19,0.11219841607100062
11,8,19,5.921427406873006e-12
14,5,19,0.8208337734161621
13,6,19,0.40394039809671484
16,3,19,0.02178903498068819
11,8,19,0.34753828695430217
15,4,19,0.13327887017400017
14,5,19,0.7020492138243783
13,6,19,0.5757595332036677
8,11,19,NaN
14,5,19,0.8187183008685042
12,7,19,0.7332177371595686
6,13,19,NaN
10,9,19,0.43740564337036847
13,6,19,0.6613966634587408
14,5,19,0.0013666591941980815
15,4,19,0.911956778973694
15,4,19,0.3081681993440902
10,9,19,0.2736599385245901
14,5,19,0.390088581715401
13,6,19,0.23998440172325927
12,7,19,NaN
14,5,19,0.32558492568588804
11,8,19,0.13862449232099347
13,6,19,0.43614794933242046
6,13,19,NaN
17,2,19,NaN
9,10,19,0.0022799017327691288
16,3,19,0.7950934697653107
15,4,19,0.020989868677533465
12,7,19,0.390088581715401
14,5,19,0.17610726039732685
9,10,19,0.7309781292200654
12,7,19,0.2736599385245901
17,2,19,0.9209789316492126
4,15,19,0.5754085821327108
9,10,19,0.483768449142263
12,7,19,0.25919610019160144
16,3,19,0.1567214259766392
14,5,19,0.8180436984403199
10,9,19,NaN
8,11,19,NaN
15,4,19,0.20024168780434778
13,6,19,NaN
16,3,19,0.35365594153454366
12,7,19,0.8395040133151549
12,7,19,0.8185843942460208
14,5,19,NaN
14,5,19,0.8185843942460208
13,6,19,NaN
17,2,19,NaN
16,3,19,0.20168196277502096
14,5,19,0.9835283577234095
9,10,19,0.8278162142569784
16,3,19,0.3515371690416573
15,4,19,0.025677867345422847
13,6,19,0.002935416917763468
12,7,19,NaN
13,6,19,0.25565444402622417
11,8,19,0.9433412321949546
17,2,19,0.31128496075105533
13,6,19,0.1026612005498701
13,6,19,0.18342590517711166
13,6,19,0.5220183886818737
15,4,19,0.00010972206384083751
11,8,19,NaN
10,9,19,NaN
15,4,19,0.7641629005282548
14,5,19,0.18342590517711166
16,3,19,0.6613966634587408
14,5,19,0.7332177371595686
12,7,19,0.8185843942460208
12,7,19,0.016627813551177786
15,4,19,0.5002714751569745
14,5,19,0.6185582093370283
13,6,19,0.8098961912656295
14,5,19,0.3205314630573786
9,10,19,0.0013995354431535982
11,8,19,0.483768449142263
10,9,19,0.649439413816786
12,7,19,0.15691537189825497
15,4,19,0.483768449142263
13,6,19,0.390088581715401
11,8,19,0.43156718241374087
11,8,19,0.34141156135452155
13,6,19,0.18342590517711166
9,10,19,0.6797138361309458
12,7,19,0.0019615786070101334
16,3,19,0.49095415632799877
8,11,19,0.8519363008297665
11,8,19,0.7505738960061019
13,6,19,NaN
14,5,19,0.6185582093370283
15,4,19,0.0006299568054755588
11,8,19,0.34926187684352356
10,9,19,0.09316227609247536
12,7,19,0.893076864532752
11,8,19,0.06046395917926657
8,11,19,0.03708239789814273
12,7,19,0.1376319999999998
17,2,19,0.9747128701728911
12,7,19,0.9079098270401949
15,4,19,NaN
15,4,19,0.6185582093370283
14,5,19,0.23998440172325927
15,4,19,0.20528138482188088
10,9,19,NaN
13,6,19,NaN
12,7,19,0.31128496075105533
15,4,19,0.531729986764269
12,7,19,NaN
13,6,19,0.34926187684352356
6,13,19,0.12390041476341097
13,6,19,0.5807958875536995
10,9,19,0.7076010060572917
11,8,19,0.4295370151407497
16,3,19,0.6185582093370283
14,5,19,0.31128496075105533
11,8,19,0.483768449142263
13,6,19,0.531729986764269
11,8,19,0.3343419312283265
10,9,19,NaN
13,6,19,0.9822119369002222
13,6,19,0.31385017035345075
10,9,19,0.2736599385245901
9,10,19,0.9686139634526727
16,3,19,NaN
14,5,19,0.1376319999999998
11,8,19,NaN
12,7,19,0.08869205529953894
13,6,19,0.5763309333349705
9,10,19,0.2736599385245901
10,9,19,0.19479774152492388
8,11,19,0.5757595332036677
8,11,19,0.5757595332036677
6,13,19,0.6185582093370283
11,8,19,0.1505406593094929
9,10,19,0.4245307989234416
10,9,19,NaN
10,9,19,0.23998440172325927
12,7,19,0.893076864532752
11,8,19,NaN
0,19,19,NaN
14,4,18,0.15921953565114888
12,6,18,NaN
10,8,18,0.1026612005498701
12,6,18,NaN
13,5,18,NaN
12,6,18,0.1026612005498701
12,6,18,NaN
14,4,18,0.19789966761098143
8,10,18,0.8770122193000203
14,4,18,0.8185843942460208
10,8,18,0.04102064503254047
14,4,18,NaN
14,4,18,NaN
12,6,18,0.6990667746156102
13,5,18,NaN
13,5,18,0.003788441268422185
13,5,18,0.050377218969329896
14,4,18,NaN
12,6,18,0.18529833749715788
15,3,18,0.06364135428304617
11,7,18,0.20936945520216732
9,9,18,NaN
16,2,18,0.483768449142263
14,4,18,0.7470239550011291
15,3,18,0.11975051954022474
13,5,18,0.9079098270401949
14,4,18,0.12264720176531754
13,5,18,0.043199805379105054
13,5,18,0.43614794933242046
12,6,18,0.534384110717252
13,5,18,0.34926187684352356
12,6,18,0.11337702191522604
11,7,18,0.07896503132418077
14,4,18,0.03782247324613561
11,7,18,0.5212534833146459
15,3,18,6.3748615539808255e-6
12,6,18,NaN
12,6,18,0.331521385007212
9,9,18,0.003132623227775819
17,1,18,0.2736599385245901
13,5,18,0.10891074481822334
12,6,18,0.6185582093370283
12,6,18,NaN
15,3,18,0.8953294995441111
11,7,18,NaN
12,6,18,0.7332177371595686
13,5,18,0.05099205779849328
16,2,18,NaN
12,6,18,3.138701655453967e-15
15,3,18,0.34926187684352356
9,9,18,0.8286766219464075
17,1,18,0.05052659930595017
11,7,18,NaN
7,11,18,0.9534153129152887
10,8,18,NaN
13,5,18,0.531729986764269
13,5,18,0.2736599385245901
12,6,18,0.043199805379105054
11,7,18,0.7641629005282548
17,1,18,0.1026612005498701
13,5,18,0.34926187684352356
11,7,18,0.7925166447343686
13,5,18,0.8770122193000203
16,2,18,0.893076864532752
11,7,18,NaN
15,3,18,NaN
11,7,18,0.1026612005498701
10,8,18,0.710410651171062
11,7,18,0.8278162142569784
16,2,18,0.43614794933242046
16,2,18,0.5987407220000345
17,1,18,0.483768449142263
10,8,18,NaN
14,4,18,0.2177987794962644
9,9,18,0.8185843942460208
16,2,18,NaN
12,6,18,NaN
16,2,18,NaN
18,0,18,NaN
13,5,18,0.5220129420196377
13,5,18,NaN
15,3,18,0.8395040133151549
12,6,18,0.00829404517453861
18,0,18,0.6411899021950012
16,2,18,0.2292545671861414
12,6,18,0.390088581715401
7,11,18,NaN
13,5,18,0.483768449142263
10,8,18,NaN
14,4,18,0.9433412321949546
12,6,18,0.6613966634587408
12,6,18,0.004025546070940606
15,3,18,0.7641629005282548
11,7,18,NaN
11,7,18,0.43174600823559717
14,4,18,0.5034540623426336
9,9,18,NaN
13,5,18,0.6502507218425699
16,2,18,0.8157185821281384
10,8,18,0.6185582093370283
15,3,18,0.012022118863049316
7,11,18,0.2736599385245901
13,5,18,NaN
16,2,18,0.7332177371595686
14,4,18,0.15921953565114888
13,5,18,NaN
16,2,18,0.7332177371595686
12,6,18,0.7925166447343686
16,2,18,0.33736816423235105
15,3,18,0.30181219510926954
14,4,18,0.004604597526790869
9,9,18,0.8185843942460208
10,8,18,0.23998440172325927
8,10,18,0.06721180195946935
11,7,18,0.17915323134201314
17,1,18,NaN
8,10,18,0.43614794933242046
13,5,18,0.9433412321949546
14,4,18,0.531729986764269
13,5,18,0.34926187684352356
11,7,18,0.3760544360670689
12,6,18,6.361503164547409e-6
14,4,18,NaN
15,3,18,0.8278162142569784
14,4,18,0.019519080662983124
7,11,18,0.8395040133151549
13,5,18,NaN
8,10,18,NaN
11,7,18,0.043199805379105054
14,4,18,0.6990667746156102
16,2,18,0.6990667746156102
11,7,18,0.7866286710419722
10,8,18,0.022788573734112794
13,5,18,NaN
13,5,18,0.8597792096635031
16,2,18,0.05737295398171012
15,3,18,0.029286918115997672
16,2,18,0.11835585687382275
15,3,18,0.9848027522935779
17,1,18,NaN
10,8,18,0.8597792096635031
15,3,18,0.8185843942460208
15,3,18,0.08869205529953894
16,2,18,NaN
7,11,18,NaN
13,5,18,0.0001718998836035393
11,7,18,0.23998440172325927
13,5,18,0.893076864532752
11,7,18,NaN
16,2,18,0.15332382754033974
14,4,18,0.20936945520216732
16,2,18,0.3568706868337654
15,3,18,0.030707003010138362
16,2,18,0.531729986764269
15,3,18,0.08890933630502283
14,4,18,NaN
16,2,18,0.43614794933242046
13,5,18,0.7288607547224288
12,6,18,0.48424330246901814
13,5,18,0.7288607547224288
11,7,18,0.9869951413136437
12,6,18,0.002187739624470323
8,10,18,0.006551382537128652
17,1,18,0.483768449142263
11,7,18,0.390088581715401
10,8,18,0.8163121643106126
10,8,18,0.2736599385245901
17,1,18,0.1615454718755206
11,7,18,0.43270115206363585
12,6,18,0.7641629005282548
16,2,18,NaN
11,7,18,0.03474631210650633
10,8,18,0.34926187684352356
14,4,18,0.9079098270401949
12,6,18,0.20552539734426392
14,4,18,0.016627813551177786
9,9,18,0.6990667746156102
17,1,18,0.011716473710049923
11,7,18,0.07769831541088033
14,4,18,NaN
13,5,18,0.8395040133151549
16,2,18,0.0033182429660240063
15,3,18,0.7641629005282548
14,4,18,0.8185843942460208
16,2,18,NaN
12,6,18,0.9079098270401949
18,0,18,0.531729986764269
11,7,18,NaN
9,9,18,0.24407351255050927
12,6,18,0.059373899858172687
15,3,18,0.21530613828703424
13,5,18,3.493375834270964e-11
11,7,18,0.47651160946180854
14,4,18,0.11835585687382275
14,4,18,0.5757595332036677
12,6,18,0.23998440172325927
9,9,18,0.11835585687382275
10,8,18,0.5116931455732118
16,2,18,4.484296740924334e-5
8,10,18,0.2736599385245901
13,5,18,0.4757237444330791
15,3,18,0.6990667746156102
15,3,18,0.34926187684352356
10,8,18,NaN
10,8,18,0.00216537186990318
16,2,18,0.03230741676234196
14,4,18,0.2736599385245901
13,5,18,0.7641629005282548
13,5,18,0.06351621374067265
16,2,18,0.2736599385245901
14,4,18,0.43614794933242046
11,7,18,0.45357529842436256
15,3,18,0.6185582093370283
10,8,18,0.9079098270401949
14,4,18,0.8597792096635031
8,10,18,0.531729986764269
15,3,18,0.05448403456382014
12,6,18,0.5757595332036677
10,8,18,0.7925166447343686
13,5,18,0.1798118439207667
7,11,18,0.025608524649901893
12,6,18,0.8597792096635031
14,4,18,0.7925166447343686
13,5,18,0.34926187684352356
15,3,18,0.38721696638622155
17,1,18,0.0646625251608004
14,4,18,NaN
10,8,18,0.5335898553649134
12,6,18,0.7925166447343686
10,8,18,NaN
11,7,18,0.0009756064355656423
13,5,18,0.23998440172325927
12,6,18,2.9923659630866475e-7
11,7,18,0.39229732266775
13,5,18,0.14137658880076182
14,4,18,NaN
16,2,18,0.8770122193000203
12,6,18,0.1026612005498701
15,3,18,0.6613966634587408
11,7,18,0.20936945520216732
15,3,18,0.06361315361939042
10,8,18,NaN
10,8,18,0.019519080662983124
9,9,18,0.390088581715401
13,5,18,0.32188451287709113
13,5,18,NaN
12,6,18,0.006082193050191918
15,3,18,0.9079098270401949
17,1,18,NaN
15,3,18,0.5041370821456015
10,8,18,0.390088581715401
13,5,18,0.893076864532752
11,7,18,NaN
12,6,18,0.483768449142263
14,4,18,NaN
10,8,18,NaN
10,8,18,0.8597792096635031
12,6,18,0.2331820026350194
14,4,18,NaN
14,4,18,0.44822842911161276
15,3,18,NaN
10,8,18,0.0018287266553498765
10,8,18,0.6184104439478766
12,6,18,0.7641629005282548
13,5,18,NaN
16,2,18,0.04588440224500505
9,9,18,0.19039666327386245
11,7,18,4.919135874827353e-6
12,6,18,NaN
8,10,18,0.014499795824063352
13,5,18,0.055962292988609975
14,4,18,0.08304851580323534
11,7,18,0.8185843942460208
15,3,18,0.10710404252984512
14,4,18,0.7332177371595686
12,6,18,0.531729986764269
10,8,18,NaN
12,6,18,0.043199805379105054
13,5,18,0.1026612005498701
13,5,18,NaN
12,6,18,0.6990667746156102
12,6,18,0.33681894430022985
11,7,18,0.6530419029518034
12,6,18,0.6613966634587408
5,13,18,NaN
9,9,18,0.43614794933242046
13,5,18,0.6185582093370283
13,5,18,0.531729986764269
7,11,18,0.41984396472790464
10,8,18,0.9205173036218669
13,5,18,0.34926187684352356
13,5,18,0.20936945520216732
11,7,18,0.8466593992990097
14,4,18,0.6990667746156102
10,8,18,0.4987843260235058
10,8,18,0.19491301464968136
11,7,18,0.5757595332036677
17,1,18,0.34926187684352356
12,6,18,0.6990667746156102
13,5,18,0.390088581715401
14,4,18,0.4074552942193448
8,10,18,0.3969062187338892
13,5,18,0.9079098270401949
15,3,18,0.40912354916499016
10,8,18,NaN
17,1,18,0.18342590517711166
14,4,18,0.8597792096635031
8,10,18,4.446053599928047e-13
12,6,18,0.17227006669112974
13,5,18,0.31128496075105533
15,3,18,0.8088420404664923
10,8,18,0.7618401880961266
12,6,18,0.8395040133151549
15,3,18,0.23998440172325927
13,5,18,0.893076864532752
10,8,18,NaN
12,6,18,0.40314650407791747
10,8,18,0.18342590517711166
11,7,18,0.8260662710512825
16,2,18,0.8185843942460208
12,6,18,NaN
9,9,18,0.043199805379105054
11,7,18,NaN
14,4,18,0.9344927626008428
14,4,18,0.3330957530224286
8,10,18,0.5757595332036677
13,5,18,0.5757595332036677
15,3,18,NaN
9,9,18,NaN
10,8,18,0.893076864532752
7,11,18,2.1946028710404823e-6
9,9,18,0.43614794933242046
16,2,18,NaN
13,5,18,NaN
13,5,18,0.7925166447343686
14,4,18,NaN
11,7,18,NaN
12,6,18,0.10464650086614101
11,7,18,0.6990667746156102
10,8,18,0.31128496075105533
15,3,18,NaN
13,5,18,0.03782247324613561
16,2,18,0.22531753839078358
10,8,18,0.2582227901232887
13,5,18,0.8395040133151549
10,8,18,0.34926187684352356
8,10,18,0.2871975364896951
13,5,18,0.3819869600581395
12,6,18,0.7332177371595686
16,2,18,0.2736599385245901
12,6,18,0.027150137488542374
17,1,18,0.003684703449613975
14,4,18,0.0051153087038782324
8,10,18,0.8329765216699891
8,10,18,0.9326921332428637
10,8,18,0.24510157033058988
11,7,18,NaN
7,11,18,0.43577762349235377
17,1,18,NaN
13,5,18,0.9209789316492126
14,4,18,0.029280459428106434
11,7,18,0.572954350148749
17,1,18,0.3366160072364993
12,6,18,0.8253539501998378
13,5,18,0.2736599385245901
16,2,18,0.21640350025307972
6,12,18,0.15921953565114888
12,6,18,NaN
11,7,18,0.34926187684352356
12,6,18,NaN
9,9,18,0.1376319999999998
6,12,18,0.5532179073809562
10,8,18,NaN
13,5,18,0.0018503673116720973
14,4,18,0.01893601341299022
9,9,18,0.043199805379105054
14,4,18,0.6282187830250915
14,4,18,0.7900527409317784
9,9,18,NaN
10,8,18,0.20936945520216732
14,4,18,0.006465393364011563
12,6,18,0.31128496075105533
13,5,18,0.7332177371595686
3,15,18,NaN
5,13,18,0.383375144002472
16,2,18,0.9071352322312466
13,5,18,0.531729986764269
10,8,18,0.06587816776495753
12,6,18,NaN
15,3,18,0.08869205529953894
5,13,18,0.014295718499830625
9,9,18,0.6185582093370283
12,6,18,0.0013113009480819286
13,5,18,0.6990667746156102
9,9,18,NaN
12,6,18,0.843945880769044
7,11,18,0.06525587975951877
7,11,18,0.6514580123826669
14,4,18,0.10905079591322496
11,7,18,0.009912176912471659
8,10,18,NaN
8,10,18,0.43614794933242046
15,3,18,0.8395040133151549
11,7,18,0.07522913164200323
12,6,18,0.031238411332501943
12,6,18,0.007217857241231714
11,7,18,0.00016151433485094572
11,7,18,0.483768449142263
14,4,18,NaN
10,8,18,0.2293287769607838
11,7,18,0.0021099465091233586
9,9,18,NaN
14,4,18,0.7032611430225768
10,8,18,0.4293071222989955
14,4,18,0.1376319999999998
12,6,18,0.9053749465644964
11,7,18,0.18342590517711166
13,5,18,0.7925166447343686
9,9,18,NaN
10,8,18,0.8597792096635031
11,7,18,0.38890991133915476
10,8,18,NaN
11,7,18,NaN
10,8,18,NaN
13,5,18,0.6185582093370283
12,6,18,0.483768449142263
6,12,18,NaN
10,8,18,0.2625785054984311
13,5,18,1.654893032507946e-15
10,8,18,NaN
12,6,18,0.0016860688279368324
10,8,18,NaN
13,5,18,0.9747128701728911
14,4,18,NaN
11,7,18,0.45574032487896876
12,6,18,NaN
11,7,18,0.9433412321949546
12,6,18,0.8395040133151549
8,10,18,NaN
13,5,18,NaN
12,6,18,0.08869205529953894
12,6,18,0.006536244766598504
10,8,18,0.5559914576193651
10,8,18,0.9747128701728911
8,10,18,0.7762287085060164
14,4,18,0.3205314630573786
14,4,18,0.6613966634587408
12,6,18,0.0002562190624573095
15,3,18,0.4201977054794964
15,3,18,0.21201484474494117
7,11,18,0.1026612005498701
15,3,18,0.7696162357582155
7,11,18,0.2736599385245901
13,5,18,0.7925166447343686
11,7,18,0.014227084684383141
15,3,18,0.11835585687382275
11,7,18,NaN
13,5,18,0.924561314498172
13,5,18,0.15862503244357942
11,7,18,NaN
9,9,18,0.31128496075105533
9,9,18,0.5034031435903349
12,6,18,0.03782247324613561
8,10,18,NaN
12,6,18,NaN
13,5,18,0.7332177371595686
10,8,18,0.1376319999999998
11,7,18,NaN
11,7,18,0.15921953565114888
7,11,18,0.6185582093370283
10,8,18,0.00017180966437074172
15,3,18,NaN
8,10,18,NaN
12,6,18,0.013266461292050767
10,8,18,0.009121032937918631
6,12,18,0.9614248710601718
12,6,18,0.2736599385245901
6,12,18,0.019519080662983124
10,8,18,0.08869205529953894
11,7,18,NaN
6,12,18,0.45357529842436256
14,3,17,0.55501577536521
14,3,17,0.8185843942460208
11,6,17,0.4944658474621395
13,4,17,0.01893601341299022
12,5,17,0.483768449142263
12,5,17,0.9433412321949546
10,7,17,9.421658987341824e-5
11,6,17,0.5757595332036677
8,9,17,0.8597792096635031
13,4,17,0.34296937780233655
13,4,17,0.7079255016535153
15,2,17,NaN
12,5,17,0.12553019017768585
12,5,17,0.07596609947137267
14,3,17,0.18342590517711166
12,5,17,0.9433412321949546
16,1,17,NaN
13,4,17,NaN
14,3,17,0.7573067060398655
12,5,17,NaN
11,6,17,0.1376319999999998
12,5,17,0.9119929358772998
12,5,17,0.1376319999999998
13,4,17,0.8597792096635031
11,6,17,0.6892351580635048
11,6,17,NaN
12,5,17,0.3021100270071239
7,10,17,0.8395040133151549
15,2,17,0.3042856162608368
11,6,17,NaN
10,7,17,NaN
10,7,17,0.6613966634587408
14,3,17,NaN
10,7,17,NaN
12,5,17,0.027150137488542374
13,4,17,0.6613966634587408
8,9,17,NaN
11,6,17,NaN
13,4,17,0.8770122193000203
10,7,17,0.2096353536518267
10,7,17,0.1026612005498701
9,8,17,0.8597792096635031
12,5,17,0.6613966634587408
13,4,17,0.5763309333349705
13,4,17,0.5263570405063814
13,4,17,0.03420968366887118
12,5,17,0.6613966634587408
14,3,17,NaN
14,3,17,0.8185843942460208
10,7,17,0.4053365127934239
14,3,17,0.6738998397252414
9,8,17,0.5475557729723062
13,4,17,0.6613966634587408
13,4,17,0.43614794933242046
8,9,17,0.2736599385245901
8,9,17,0.13248314760511928
10,7,17,1.1224039568462816e-6
10,7,17,0.15921953565114888
9,8,17,0.893076864532752
14,3,17,0.004185333104578468
10,7,17,0.6936655736659937
15,2,17,0.9640789873589839
12,5,17,0.04937587322664477
12,5,17,0.08869205529953894
12,5,17,NaN
16,1,17,0.714872740748257
9,8,17,0.0653079991762892
16,1,17,0.9825625049223973
11,6,17,0.10128406090309248
11,6,17,0.02103392001776033
10,7,17,0.8597792096635031
12,5,17,NaN
12,5,17,0.0035759352039072133
11,6,17,0.5757595332036677
8,9,17,NaN
15,2,17,0.752098685047661
14,3,17,0.483768449142263
13,4,17,0.34357539704303497
13,4,17,0.531729986764269
14,3,17,NaN
14,3,17,0.911693725634531
10,7,17,0.6613966634587408
11,6,17,NaN
11,6,17,0.1376319999999998
14,3,17,0.1026612005498701
14,3,17,NaN
13,4,17,0.040814164907423796
15,2,17,0.007003252747251538
13,4,17,0.15921953565114888
13,4,17,0.039039124257175574
13,4,17,0.18342590517711166
14,3,17,NaN
11,6,17,0.015635407903150336
13,4,17,0.531729986764269
15,2,17,0.31128496075105533
12,5,17,0.027150137488542374
14,3,17,NaN
15,2,17,0.2440624611789815
11,6,17,0.7546503879465998
12,5,17,0.1973492892238088
11,6,17,0.15921953565114888
13,4,17,0.8395040133151549
11,6,17,NaN
13,4,17,3.1187941019020926e-11
15,2,17,NaN
12,5,17,0.445961467099037
12,5,17,0.9749913582676017
10,7,17,0.710410651171062
15,2,17,0.0025404386584004946
13,4,17,0.9403168816802133
8,9,17,0.24586632979870598
11,6,17,0.9255962709259851
10,7,17,NaN
14,3,17,NaN
14,3,17,0.8395040133151549
12,5,17,0.07728912502152901
16,1,17,0.5757595332036677
9,8,17,0.21543242061920645
9,8,17,0.6613966634587408
9,8,17,0.6185582093370283
9,8,17,0.483768449142263
13,4,17,0.8770122193000203
13,4,17,0.40398008537487756
15,2,17,0.3145172103033885
14,3,17,NaN
14,3,17,0.6741830672601722
13,4,17,0.18342590517711166
14,3,17,0.9454198471646179
13,4,17,0.1376319999999998
8,9,17,0.7925166447343686
11,6,17,0.27717228639391633
16,1,17,0.8395040133151549
12,5,17,0.29596098873844784
13,4,17,0.83335147540943
11,6,17,NaN
12,5,17,NaN
10,7,17,0.012022118863049316
14,3,17,NaN
7,10,17,0.9747128701728911
14,3,17,0.5004837701650191
15,2,17,0.1376319999999998
9,8,17,NaN
16,1,17,NaN
15,2,17,0.8770122193000203
5,12,17,NaN
12,5,17,NaN
12,5,17,0.9144919968443949
12,5,17,0.7206590784283285
12,5,17,0.006230559639499362
13,4,17,NaN
11,6,17,0.028239842557278242
13,4,17,0.37113279125576554
12,5,17,0.20936945520216732
14,3,17,0.9821231412763276
11,6,17,0.7656419555930306
14,3,17,0.022788573734112794
12,5,17,0.31924494718534235
13,4,17,5.511640858838954e-5
13,4,17,NaN
12,5,17,0.997576379207803
9,8,17,NaN
9,8,17,0.8770122193000203
6,11,17,0.7107081569626746
11,6,17,2.4633728064673364e-8
16,1,17,NaN
8,9,17,0.03281741490189986
12,5,17,NaN
6,11,17,NaN
12,5,17,0.63477328004524
13,4,17,0.31128496075105533
14,3,17,0.5181267167607481
13,4,17,0.6619212730789944
11,6,17,NaN
11,6,17,NaN
14,3,17,0.11340747282508906
7,10,17,NaN
14,3,17,7.088231577643407e-5
14,3,17,0.37327302786627264
12,5,17,0.15898521354301204
12,5,17,NaN
11,6,17,0.018354525293974754
13,4,17,0.8185843942460208
10,7,17,0.026609228143493206
14,3,17,0.7117807552137683
12,5,17,0.023077138355774265
12,5,17,NaN
13,4,17,0.2736599385245901
13,4,17,0.8086849727848733
14,3,17,NaN
14,3,17,NaN
10,7,17,0.390088581715401
11,6,17,0.8197394761937766
7,10,17,0.15921953565114888
10,7,17,0.043199805379105054
13,4,17,0.43614794933242046
7,10,17,0.6544793908273733
10,7,17,0.015168445255358178
16,1,17,0.9209789316492126
14,3,17,NaN
9,8,17,0.11835585687382275
9,8,17,NaN
14,3,17,0.8185843942460208
17,0,17,NaN
10,7,17,0.5757595332036677
12,5,17,NaN
6,11,17,0.34926187684352356
12,5,17,0.4421846271235021
16,1,17,NaN
14,3,17,0.39594915519029095
13,4,17,NaN
15,2,17,0.019519080662983124
13,4,17,0.16005934794147106
14,3,17,0.06525587975951877
8,9,17,0.03782247324613561
12,5,17,0.1376319999999998
7,10,17,0.6185582093370283
14,3,17,0.04937587322664477
14,3,17,0.6185582093370283
11,6,17,NaN
14,3,17,0.23998440172325927
12,5,17,0.03113020380606147
12,5,17,0.9139008796103616
9,8,17,0.43614794933242046
12,5,17,0.6185582093370283
13,4,17,0.25156505805789164
13,4,17,NaN
13,4,17,NaN
17,0,17,0.6990667746156102
12,5,17,NaN
17,0,17,NaN
11,6,17,0.1536927080818636
10,7,17,0.366874191484947
11,6,17,NaN
15,2,17,0.009442273554520911
15,2,17,0.6990667746156102
17,0,17,0.21276585142037788
12,5,17,0.03230741676234196
14,3,17,0.7955800021811592
15,2,17,NaN
12,5,17,0.1784365411473153
12,5,17,0.1026612005498701
13,4,17,0.8770122193000203
13,4,17,0.5807958875536995
16,1,17,0.11835585687382275
13,4,17,0.07194742438820005
11,6,17,0.9079098270401949
14,3,17,0.18342590517711166
10,7,17,0.9820571618720574
11,6,17,0.027150137488542374
10,7,17,0.8395040133151549
12,5,17,0.07633250114228259
6,11,17,NaN
10,7,17,NaN
11,6,17,0.8253159483610462
14,3,17,0.9614248710601718
10,7,17,0.8069961043617677
12,5,17,0.20822463120467483
11,6,17,0.893076864532752
13,4,17,0.7332177371595686
9,8,17,NaN
13,4,17,0.6185582093370283
7,10,17,0.5110730381049239
8,9,17,NaN
13,4,17,0.9686139634526727
14,3,17,0.009912176912471659
14,3,17,NaN
16,1,17,0.43614794933242046
8,9,17,0.22307470467442111
10,7,17,0.207967315637278
13,4,17,0.7350900658293942
8,9,17,0.7641629005282548
15,2,17,0.8395040133151549
15,2,17,0.9326921332428637
10,7,17,0.1026612005498701
14,3,17,0.483768449142263
10,7,17,0.07360592819846105
9,8,17,NaN
10,7,17,0.010349854305474335
10,7,17,0.1376319999999998
14,3,17,0.43577762349235377
16,1,17,NaN
9,8,17,0.14727842014476547
12,5,17,NaN
9,8,17,0.0334795754351328
9,8,17,0.2736599385245901
15,2,17,NaN
12,5,17,0.390088581715401
11,6,17,0.531729986764269
13,4,17,NaN
9,8,17,0.05898402764793355
11,6,17,NaN
13,4,17,NaN
11,6,17,0.15921953565114888
14,3,17,0.1026612005498701
10,7,17,0.7772540363183233
10,7,17,NaN
14,3,17,0.390088581715401
9,8,17,0.0013044989826995483
12,5,17,0.9686139634526727
8,9,17,0.483768449142263
14,3,17,0.23998440172325927
12,5,17,0.31128496075105533
9,8,17,0.8185843942460208
16,1,17,0.34926187684352356
17,0,17,0.004804237103715889
12,5,17,0.531729986764269
12,5,17,0.31128496075105533
10,7,17,1.3685013374264537e-9
11,6,17,NaN
15,2,17,0.483768449142263
14,3,17,0.9614248710601718
13,4,17,0.390088581715401
12,5,17,0.11835585687382275
14,3,17,0.6613966634587408
10,7,17,0.007603904166957961
12,5,17,0.6613966634587408
14,3,17,0.0007524793833605845
11,6,17,0.010436461992066833
14,3,17,0.390088581715401
11,6,17,NaN
13,4,17,NaN
11,6,17,0.5192725464997994
12,5,17,NaN
11,6,17,NaN
9,8,17,0.6570853097481938
11,6,17,NaN
11,6,17,0.6990667746156102
14,3,17,0.022788573734112794
9,8,17,0.8597792096635031
15,2,17,0.34926187684352356
12,5,17,0.31128496075105533
6,11,17,NaN
12,5,17,0.7326433049298313
11,6,17,0.8185843942460208
12,5,17,0.16216933854235216
10,7,17,0.390088581715401
14,3,17,0.24265001291699886
5,12,17,NaN
10,7,17,0.9534153129152887
12,5,17,0.5775170807191278
14,3,17,NaN
10,7,17,0.17692773039886234
6,11,17,NaN
13,4,17,0.043199805379105054
10,7,17,0.34926187684352356
11,6,17,0.7332177371595686
12,5,17,0.531729986764269
14,3,17,NaN
15,2,17,0.7925166447343686
12,5,17,0.3900274576551098
12,5,17,0.9209789316492126
10,7,17,0.15921953565114888
15,2,17,0.19218809759517455
12,5,17,0.15921953565114888
15,2,17,0.31128496075105533
11,6,17,0.059890136361290196
16,1,17,0.7641629005282548
13,4,17,0.6418946032838688
12,5,17,0.05530081505467839
14,3,17,NaN
14,3,17,NaN
13,4,17,0.295011204458287
13,4,17,0.3178201900129112
14,3,17,0.7641629005282548
11,6,17,0.0569687888815355
15,2,17,0.019519080662983124
9,8,17,NaN
13,4,17,0.9079098270401949
12,5,17,NaN
10,7,17,0.33575178840042647
15,2,17,0.13098984179113368
12,5,17,0.8185843942460208
12,5,17,0.005299012097760308
11,6,17,NaN
12,5,17,0.1678559130273331
8,9,17,0.45574032487896876
11,6,17,0.45357529842436256
14,3,17,NaN
13,4,17,0.7923523707875192
16,1,17,0.6613966634587408
9,8,17,0.20936945520216732
13,4,17,0.33372149774144877
13,4,17,NaN
12,5,17,NaN
8,9,17,NaN
8,9,17,0.18342590517711166
13,4,17,NaN
14,3,17,0.019519080662983124
12,5,17,0.2736599385245901
11,6,17,0.40555352980889836
8,9,17,NaN
10,7,17,NaN
12,5,17,NaN
11,6,17,0.6613966634587408
9,8,17,0.390088581715401
12,5,17,0.43486753945654716
11,6,17,0.1376319999999998
13,4,17,0.8441052581267358
10,7,17,0.8597792096635031
16,1,17,0.0005340320099590848
8,9,17,0.0019098127387248503
13,4,17,0.0688922852556391
12,5,17,0.6901070794118814
11,6,17,0.0725695893666517
15,2,17,0.15927602123572443
10,7,17,NaN
12,5,17,0.07797693550088508
15,2,17,NaN
11,6,17,0.8395040133151549
10,7,17,0.2736599385245901
11,6,17,NaN
13,4,17,0.0688922852556391
14,3,17,NaN
8,9,17,0.027150137488542374
14,3,17,0.6090715244529469
14,3,17,0.483768449142263
13,4,17,0.07149157896053752
11,6,17,0.022788573734112794
11,6,17,0.7925166447343686
13,4,17,NaN
17,0,17,NaN
11,6,17,0.8597792096635031
8,9,17,0.1376319999999998
9,8,17,0.043199805379105054
16,1,17,0.11219841607100062
15,2,17,0.34555202340728297
13,4,17,0.7641629005282548
9,8,17,0.6185582093370283
13,4,17,0.08869205529953894
9,8,17,0.28613546325836403
14,3,17,NaN
8,9,17,0.8597792096635031
9,8,17,0.11835585687382275
11,6,17,0.9433412321949546
13,4,17,0.531729986764269
7,10,17,0.6613966634587408
13,4,17,0.0020807883358474693
15,2,17,0.043199805379105054
11,6,17,0.37035672926654944
11,6,17,0.34926187684352356
10,7,17,0.7332177371595686
8,9,17,0.004911722670703487
13,4,17,NaN
7,10,17,0.20163475777346393
13,4,17,0.6185582093370283
14,3,17,0.2134931323242
11,6,17,NaN
11,6,17,0.03562755985551055
11,6,17,0.483768449142263
13,4,17,0.15921953565114888
14,3,17,0.08869205529953894
10,7,17,0.483768449142263
11,6,17,0.483768449142263
9,8,17,0.08869205529953894
10,7,17,0.6990667746156102
11,6,17,0.3947290273691405
12,5,17,0.531729986764269
12,5,17,1.109907817725178e-6
10,7,17,NaN
12,5,17,0.03230741676234196
10,7,17,0.03167097192702284
7,10,17,0.668710119804481
12,5,17,0.9686139634526727
13,4,17,0.7925166447343686
13,4,17,NaN
10,7,17,0.8770122193000203
14,3,17,0.20936945520216732
9,8,17,0.34926187684352356
10,7,17,0.019519080662983124
11,6,17,NaN
13,4,17,0.5757595332036677
10,7,17,NaN
11,6,17,0.20936945520216732
14,3,17,0.07633250114228259
12,5,17,0.8395040133151549
14,3,17,0.0569687888815355
8,9,17,0.390088581715401
15,2,17,0.3964891284690144
10,7,17,NaN
8,9,17,0.9747128701728911
11,6,17,0.9534153129152887
13,4,17,NaN
5,12,17,0.8185843942460208
7,10,17,0.09162542854066816
16,1,17,0.390088581715401
12,5,17,0.019519080662983124
2,15,17,NaN
11,6,17,0.08869205529953894
12,5,17,0.1376319999999998
10,7,17,0.03782247324613561
15,2,17,0.7925166447343686
15,2,17,0.03355007514069377
11,6,17,0.03782247324613561
7,10,17,0.23998440172325927
14,3,17,0.08555117691956952
11,6,17,0.9952714360764799
13,4,17,0.7925166447343686
13,4,17,NaN
10,7,17,NaN
13,4,17,NaN
8,9,17,0.043199805379105054
10,7,17,0.6990667746156102
7,10,17,0.980101638801523
10,7,17,0.08494519731199839
14,3,17,0.3225900638412675
11,6,17,0.2736599385245901
13,4,17,0.03281741490189986
13,4,17,0.8770122193000203
7,10,17,0.22375730346751577
6,11,17,0.09952749492687402
2,15,17,0.5550646330381164
9,8,17,0.9912014505548824
7,10,17,0.1025844800485829
9,8,17,0.7641629005282548
13,4,17,0.31128496075105533
9,8,17,NaN
4,13,17,0.016627813551177786
12,5,17,0.005853520693320716
16,1,17,0.390088581715401
10,7,17,0.8597792096635031
5,12,17,0.18342590517711166
12,5,17,0.554592504503729
12,5,17,0.18342590517711166
8,9,17,NaN
12,5,17,0.390088581715401
12,5,17,0.8086562400632352
10,7,17,0.031161177580481206
8,9,17,0.4265910025985657
13,4,17,0.04666410123467905
12,5,17,0.4531190990902127
12,5,17,0.483768449142263
13,4,17,0.27405234175488813
10,7,17,0.04937587322664477
7,10,17,NaN
15,2,17,0.10438340662099631
6,11,17,0.5883669439917827
13,4,17,0.7332177371595686
10,7,17,0.29078996240530314
8,9,17,0.6591883758140472
8,9,17,NaN
12,5,17,NaN
12,5,17,0.12007316117014918
10,7,17,0.28546699659839475
5,12,17,0.23998440172325927
5,12,17,NaN
9,8,17,0.1376319999999998
10,7,17,NaN
10,7,17,NaN
16,1,17,0.1026612005498701
8,9,17,NaN
10,7,17,0.0012715759484662125
8,9,17,NaN
10,7,17,0.15921953565114888
5,12,17,0.027150137488542374
6,11,17,0.9940320922471844
3,14,17,0.0005986903212504201
8,9,17,0.006082193050191918
7,10,17,0.8185843942460208
0,17,17,NaN
10,6,16,0.7040360292160847
11,5,16,0.31204418523122046
7,9,16,0.4815299255419452
11,5,16,0.31128496075105533
11,5,16,0.8152766217990904
13,3,16,0.6168143460011657
8,8,16,1.8024137397615887e-12
11,5,16,0.6185582093370283
8,8,16,0.20936945520216732
11,5,16,0.9209789316492126
9,7,16,0.9209789316492126
9,7,16,0.15921953565114888
11,5,16,0.8234460514241537
8,8,16,0.31128496075105533
10,6,16,0.010388448669440439
10,6,16,0.03887496717164426
11,5,16,0.23998440172325927
12,4,16,0.8185843942460208
12,4,16,NaN
12,4,16,0.8813263941196481
14,2,16,0.003788441268422185
16,0,16,0.390088581715401
12,4,16,0.5688664676140343
13,3,16,0.7332177371595686
13,3,16,0.1376319999999998
15,1,16,0.04803594055203219
7,9,16,NaN
13,3,16,0.31128496075105533
14,2,16,0.6499322168460523
13,3,16,NaN
12,4,16,0.0569687888815355
13,3,16,0.7925166447343686
11,5,16,0.043199805379105054
10,6,16,0.390088581715401
8,8,16,NaN
11,5,16,0.9326921332428637
15,1,16,0.15921953565114888
13,3,16,0.15921953565114888
12,4,16,0.34926187684352356
11,5,16,NaN
8,8,16,0.6481893374124967
3,13,16,0.6990667746156102
11,5,16,NaN
16,0,16,NaN
12,4,16,NaN
13,3,16,NaN
8,8,16,0.03782247324613561
14,2,16,0.07633250114228259
14,2,16,0.1376319999999998
12,4,16,0.6613966634587408
14,2,16,0.252774055639449
11,5,16,0.22036439232865215
13,3,16,0.4457691850181706
8,8,16,0.8395040133151549
13,3,16,0.5757595332036677
12,4,16,0.16770460465471584
10,6,16,0.8597792096635031
14,2,16,0.5757595332036677
7,9,16,0.3590300859509427
11,5,16,0.06615858519386118
10,6,16,0.0026498773491703343
11,5,16,0.0020427221346371286
9,7,16,NaN
12,4,16,0.31128496075105533
10,6,16,0.7076392206485809
13,3,16,0.8597792096635031
16,0,16,0.8185843942460208
8,8,16,0.9821231412763276
10,6,16,0.0569687888815355
10,6,16,NaN
13,3,16,0.05033958687803544
10,6,16,0.5757595332036677
13,3,16,NaN
14,2,16,0.1376319999999998
10,6,16,0.6919790708884326
13,3,16,0.037287971672237935
12,4,16,0.006217998568350667
16,0,16,NaN
15,1,16,0.11879913596436273
6,10,16,0.893076864532752
11,5,16,0.45496490924879346
13,3,16,0.15921953565114888
15,1,16,0.7888708163893261
14,2,16,0.36121728476096937
9,7,16,0.6990667746156102
12,4,16,NaN
12,4,16,0.05099205779849328
14,2,16,0.8770122193000203
13,3,16,0.8395040133151549
11,5,16,0.02256000024919674
12,4,16,NaN
14,2,16,0.7068810209138273
10,6,16,NaN
11,5,16,NaN
8,8,16,0.00016861226771728712
12,4,16,0.23998440172325927
13,3,16,0.34926187684352356
10,6,16,0.390088581715401
12,4,16,0.8395040133151549
10,6,16,0.34441981389858767
12,4,16,0.30766134932571504
15,1,16,0.7641629005282548
10,6,16,0.20936945520216732
13,3,16,0.04870332412302439
10,6,16,0.0013328365412093367
10,6,16,0.008287901486128662
14,2,16,NaN
14,2,16,0.33131161122238595
9,7,16,NaN
11,5,16,0.07734469355443384
15,1,16,0.34926187684352356
12,4,16,NaN
10,6,16,0.043199805379105054
15,1,16,0.052438088378745126
13,3,16,0.007003252747251538
9,7,16,0.2782538642762264
9,7,16,0.43614794933242046
12,4,16,0.08175325346735554
13,3,16,0.8395040133151549
9,7,16,0.9938137129273629
15,1,16,0.893076864532752
12,4,16,0.06525587975951877
12,4,16,NaN
7,9,16,NaN
11,5,16,NaN
11,5,16,0.8597792096635031
10,6,16,0.115722440812977
14,2,16,0.9848027522935779
8,8,16,0.4453844684217242
8,8,16,0.531729986764269
12,4,16,0.25007832881957304
9,7,16,NaN
15,1,16,0.2736599385245901
14,2,16,0.11531872517686372
11,5,16,NaN
11,5,16,0.43614794933242046
13,3,16,0.05617276001002554
13,3,16,0.23998440172325927
13,3,16,0.8770122193000203
8,8,16,0.23998440172325927
9,7,16,1.1029776806390995e-5
11,5,16,0.531729986764269
8,8,16,0.027150137488542374
12,4,16,0.390088581715401
7,9,16,0.6711330259525523
11,5,16,0.18342590517711166
14,2,16,0.9747128701728911
9,7,16,0.5212534833146459
9,7,16,0.2736599385245901
13,3,16,0.5400115299757916
14,2,16,0.7332177371595686
15,1,16,0.7925166447343686
8,8,16,NaN
11,5,16,0.2846478423706387
13,3,16,0.1376319999999998
11,5,16,0.0028081818754904344
14,2,16,NaN
10,6,16,NaN
12,4,16,0.4457691850181706
12,4,16,0.483768449142263
12,4,16,NaN
15,1,16,0.390088581715401
13,3,16,0.34926187684352356
11,5,16,0.7925166447343686
11,5,16,0.03782247324613561
9,7,16,NaN
14,2,16,0.8770122193000203
9,7,16,0.15921953565114888
9,7,16,0.8185843942460208
13,3,16,NaN
10,6,16,0.2736599385245901
9,7,16,0.7113918394873942
9,7,16,0.08869205529953894
12,4,16,NaN
13,3,16,0.00015352980929218547
13,3,16,0.7332177371595686
11,5,16,NaN
9,7,16,NaN
15,1,16,NaN
6,10,16,NaN
14,2,16,0.7654918548583961
11,5,16,0.254478293163759
8,8,16,NaN
6,10,16,0.3047391511406181
10,6,16,0.3080137097041015
9,7,16,NaN
15,1,16,0.7332177371595686
9,7,16,NaN
11,5,16,0.5780660506944091
9,7,16,0.8637529907312803
14,2,16,NaN
12,4,16,0.09523709021472639
12,4,16,0.017992769840019258
10,6,16,0.5667605149218644
13,3,16,0.6273932620023779
12,4,16,0.6990667746156102
16,0,16,0.1376319999999998
10,6,16,NaN
15,1,16,0.1376319999999998
12,4,16,0.7925166447343686
10,6,16,0.24298187983805358
8,8,16,0.2861250709619428
9,7,16,NaN
13,3,16,NaN
11,5,16,0.23998440172325927
13,3,16,0.18342590517711166
16,0,16,0.20936945520216732
6,10,16,0.5855017359047517
13,3,16,0.5757595332036677
12,4,16,0.8395040133151549
13,3,16,0.9686139634526727
11,5,16,0.8117383378329285
10,6,16,0.390088581715401
8,8,16,NaN
14,2,16,0.8597792096635031
8,8,16,NaN
11,5,16,NaN
11,5,16,0.6185582093370283
11,5,16,0.8599675903963082
12,4,16,0.9919214683718085
16,0,16,0.43614794933242046
12,4,16,0.7641629005282548
8,8,16,0.07633250114228259
12,4,16,0.013088652593739094
9,7,16,NaN
13,3,16,0.7925166447343686
10,6,16,0.8238757974839209
13,3,16,0.08584057079674155
11,5,16,0.014302811501596825
9,7,16,0.04937587322664477
11,5,16,0.0569687888815355
9,7,16,NaN
10,6,16,NaN
7,9,16,0.8266459162027727
10,6,16,0.31128496075105533
7,9,16,0.07633250114228259
8,8,16,0.043278453695491825
11,5,16,NaN
9,7,16,0.11835585687382275
13,3,16,0.483768449142263
9,7,16,NaN
12,4,16,0.8899481007770936
8,8,16,NaN
11,5,16,0.07633250114228259
13,3,16,0.8185843942460208
10,6,16,0.31128496075105533
5,11,16,0.893076864532752
13,3,16,0.5124018304666981
12,4,16,0.893076864532752
8,8,16,NaN
8,8,16,0.0908429133832776
14,2,16,0.18342590517711166
12,4,16,0.980101638801523
11,5,16,NaN
13,3,16,0.3042007367616033
13,3,16,0.34926187684352356
9,7,16,0.007003252747251538
13,3,16,0.27654819534762787
11,5,16,0.0026162943083167683
13,3,16,0.09782283253183978
10,6,16,3.179715167627003e-5
13,3,16,0.43614794933242046
11,5,16,0.15921953565114888
10,6,16,NaN
8,8,16,NaN
10,6,16,0.7768469865493867
11,5,16,0.04937587322664477
7,9,16,0.893076864532752
10,6,16,0.0021679292106529047
16,0,16,0.37956943084395994
15,1,16,0.07596609947137267
9,7,16,0.6910936620966339
7,9,16,0.8770122193000203
14,2,16,NaN
11,5,16,0.9940320922471844
11,5,16,0.5757595332036677
15,1,16,0.027150137488542374
11,5,16,0.14954331703640608
11,5,16,0.9138944566319953
12,4,16,0.31924494718534235
13,3,16,NaN
15,1,16,0.20936945520216732
8,8,16,0.02893673919921267
12,4,16,0.14883430169880718
6,10,16,0.483768449142263
12,4,16,0.18342590517711166
7,9,16,0.07633250114228259
8,8,16,0.6613966634587408
10,6,16,NaN
11,5,16,0.3432362455619282
8,8,16,0.9386584804555573
11,5,16,0.8197394761937766
6,10,16,NaN
13,3,16,0.21487556726933218
13,3,16,0.6613966634587408
11,5,16,0.15868542455641274
11,5,16,0.23868584431340373
7,9,16,0.8119130920100903
9,7,16,NaN
12,4,16,0.592335366003205
10,6,16,NaN
12,4,16,NaN
10,6,16,0.483768449142263
7,9,16,0.6756257859020215
12,4,16,0.5766976659864805
9,7,16,0.15921953565114888
10,6,16,0.004604854320906689
12,4,16,NaN
9,7,16,0.900978702226856
12,4,16,0.00020117020336683777
11,5,16,0.8832440257934013
12,4,16,NaN
6,10,16,0.323573460039637
10,6,16,0.45835687493355515
9,7,16,0.44056170724399724
13,3,16,0.9326921332428637
14,2,16,0.7332177371595686
12,4,16,0.2581990409093897
11,5,16,0.44338309385165786
7,9,16,0.11835585687382275
16,0,16,0.24039576389531606
12,4,16,0.3620605517704062
13,3,16,0.23998440172325927
12,4,16,0.6185582093370283
4,12,16,NaN
11,5,16,NaN
12,4,16,1.2213334270687816e-7
11,5,16,0.020314478835438292
9,7,16,0.9614248710601718
13,3,16,NaN
11,5,16,0.5757595332036677
7,9,16,0.483768449142263
5,11,16,9.421658987341824e-5
11,5,16,NaN
10,6,16,0.483768449142263
13,3,16,0.9326921332428637
12,4,16,3.0916659707169665e-10
10,6,16,NaN
9,7,16,NaN
12,4,16,0.7332177371595686
6,10,16,0.390088581715401
10,6,16,0.6990667746156102
6,10,16,0.1376319999999998
9,7,16,0.9209789316492126
11,5,16,0.1073590932699546
12,4,16,0.9079098270401949
11,5,16,NaN
14,2,16,0.007670331979722869
12,4,16,0.1376319999999998
7,9,16,NaN
9,7,16,0.43614794933242046
14,2,16,0.7332177371595686
9,7,16,0.0023048710856524023
14,2,16,0.8395040133151549
15,1,16,0.6613966634587408
11,5,16,0.531729986764269
14,2,16,0.005099152568361899
16,0,16,0.7925166447343686
12,4,16,3.655166351543092e-7
10,6,16,NaN
10,6,16,NaN
10,6,16,0.043199805379105054
12,4,16,0.43577762349235377
12,4,16,0.893076864532752
9,7,16,NaN
13,3,16,0.6613966634587408
7,9,16,NaN
9,7,16,0.483768449142263
10,6,16,0.016627813551177786
13,3,16,NaN
7,9,16,0.8130550058173163
9,7,16,7.47280914165424e-7
11,5,16,0.7332177371595686
9,7,16,NaN
14,2,16,0.5383127854945707
12,4,16,NaN
13,3,16,NaN
12,4,16,NaN
15,1,16,0.3875919460484392
7,9,16,NaN
13,3,16,0.015665684882414866
13,3,16,0.7271329332873258
12,4,16,NaN
11,5,16,0.04648440971902961
16,0,16,0.9614248710601718
12,4,16,0.0426349208588298
13,3,16,0.3310658935063618
12,4,16,0.0054602974812172946
9,7,16,0.9079098270401949
11,5,16,0.8395040133151549
6,10,16,0.33131161122238595
11,5,16,0.31128496075105533
9,7,16,0.48621629247179055
8,8,16,0.1026612005498701
10,6,16,0.9686139634526727
7,9,16,0.06525587975951877
8,8,16,NaN
10,6,16,0.1026612005498701
12,4,16,0.2572687272618691
14,2,16,0.06759323966415356
10,6,16,0.8185843942460208
11,5,16,0.03782247324613561
7,9,16,0.2736599385245901
10,6,16,0.07197840078503794
9,7,16,NaN
9,7,16,0.23998440172325927
10,6,16,NaN
9,7,16,0.43614794933242046
12,4,16,NaN
9,7,16,0.43614794933242046
8,8,16,0.6185582093370283
8,8,16,NaN
9,7,16,0.09103071012866998
11,5,16,0.34926187684352356
5,11,16,NaN
11,5,16,0.24781377732474008
10,6,16,0.5318741227297791
14,2,16,NaN
10,6,16,0.2736599385245901
13,3,16,NaN
11,5,16,0.5757595332036677
8,8,16,0.9682761308867289
11,5,16,0.10292643750449332
13,3,16,0.11835585687382275
10,6,16,0.531729986764269
7,9,16,0.9433412321949546
11,5,16,0.011172024688147798
11,5,16,0.4677077417136681
12,4,16,0.9534153129152887
9,7,16,NaN
10,6,16,0.6613966634587408
10,6,16,0.1494473128764884
12,4,16,NaN
11,5,16,0.6990667746156102
12,4,16,0.43614794933242046
15,1,16,0.8379617705263485
10,6,16,NaN
11,5,16,NaN
10,6,16,0.14339900089660632
14,2,16,0.8597792096635031
9,7,16,0.06525587975951877
14,2,16,0.6710667725730954
11,5,16,0.08869205529953894
6,10,16,0.008185991369903941
11,5,16,0.7641629005282548
12,4,16,NaN
13,3,16,0.6087011273882251
8,8,16,0.0007901353662265472
10,6,16,0.0487461522307463
13,3,16,0.06525587975951877
9,7,16,0.483768449142263
6,10,16,NaN
13,3,16,0.8395040133151549
9,7,16,0.9614248710601718
13,3,16,0.20585542231012063
13,3,16,NaN
13,3,16,0.043199805379105054
11,5,16,0.0028189920268309383
12,4,16,NaN
14,2,16,0.2736599385245901
10,6,16,0.2093442127670736
11,5,16,0.531729986764269
10,6,16,0.39088310158301914
11,5,16,0.014611340563169888
13,3,16,0.016627813551177786
14,2,16,0.23998440172325927
13,3,16,0.9079098270401949
11,5,16,0.037287971672237935
14,2,16,0.011024037158658427
6,10,16,0.022788573734112794
7,9,16,NaN
14,2,16,0.483768449142263
11,5,16,0.27654819534762787
9,7,16,0.022788573734112794
11,5,16,NaN
14,2,16,0.9326921332428637
13,3,16,0.9208818192383583
12,4,16,NaN
11,5,16,0.6060537162957415
15,1,16,0.539689308488104
11,5,16,0.1820453345318776
12,4,16,0.34926187684352356
11,5,16,0.531729986764269
12,4,16,0.5757595332036677
10,6,16,0.33143854952981766
14,2,16,NaN
10,6,16,0.41618676087074447
11,5,16,0.9534153129152887
13,3,16,0.4095449801227567
7,9,16,0.035391936044399344
8,8,16,0.1376319999999998
9,7,16,NaN
12,4,16,0.21360860553422295
9,7,16,0.980101638801523
10,6,16,0.531729986764269
9,7,16,0.043199805379105054
11,5,16,0.5212534833146459
8,8,16,0.8395040133151549
11,5,16,3.632564940998744e-11
8,8,16,0.7332177371595686
11,5,16,0.04937587322664477
10,6,16,NaN
13,3,16,0.34926187684352356
6,10,16,0.34926187684352356
12,4,16,0.05730498475631203
12,4,16,0.34926187684352356
11,5,16,NaN
12,4,16,NaN
9,7,16,0.390088581715401
15,1,16,0.6613966634587408
7,9,16,0.5825455385005127
11,5,16,NaN
11,5,16,0.979543944315373
9,7,16,NaN
10,6,16,0.9848027522935779
4,12,16,NaN
9,7,16,0.5516771367418339
7,9,16,0.45430517191330216
10,6,16,0.6990667746156102
12,4,16,0.008751484670864415
9,7,16,NaN
12,4,16,0.6185582093370283
9,7,16,0.1376319999999998
9,7,16,NaN
10,6,16,0.8395040133151549
8,8,16,0.2794505592744476
14,2,16,0.15921953565114888
6,10,16,NaN
11,5,16,0.6185582093370283
11,5,16,0.980101638801523
13,3,16,NaN
11,5,16,NaN
8,8,16,0.04937587322664477
15,1,16,0.7925166447343686
10,6,16,0.043199805379105054
15,1,16,0.43614794933242046
7,9,16,0.8630569145066597
6,10,16,0.2736599385245901
10,6,16,0.8395040133151549
10,6,16,NaN
7,9,16,NaN
13,3,16,NaN
5,11,16,0.09178234047874609
5,11,16,0.23998440172325927
7,9,16,0.32268658348606194
8,8,16,NaN
12,4,16,0.5966748926628443
12,4,16,0.9843208456619261
11,5,16,0.628485038913364
10,6,16,2.7801584832349435e-8
7,9,16,0.28294880746665235
12,4,16,NaN
10,6,16,0.531729986764269
11,5,16,NaN
9,7,16,0.9209789316492126
14,2,16,3.92314866950469e-7
7,9,16,0.6090232575514104
9,7,16,0.0006882682696943525
13,3,16,0.016815370260164993
5,11,16,0.1376319999999998
5,11,16,0.9534153129152887
8,8,16,0.050325252335172745
5,11,16,0.3357713101063943
11,5,16,0.08869205529953894
12,4,16,0.9747128701728911
9,7,16,NaN
7,9,16,NaN
14,1,15,0.18342590517711166
11,4,15,0.6185582093370283
8,7,15,0.390088581715401
10,5,15,NaN
10,5,15,0.7925166447343686
11,4,15,0.3042007367616033
10,5,15,0.43614794933242046
9,6,15,0.6185582093370283
13,2,15,0.483768449142263
11,4,15,0.5170897945552569
12,3,15,0.483768449142263
7,8,15,0.390088581715401
12,3,15,0.00423298646813419
9,6,15,0.2736599385245901
8,7,15,0.00216537186990318
8,7,15,0.390088581715401
10,5,15,0.2736599385245901
15,0,15,0.9433412321949546
12,3,15,0.3829400768389889
10,5,15,0.6990667746156102
12,3,15,0.7332177371595686
10,5,15,0.5757595332036677
6,9,15,NaN
9,6,15,0.483768449142263
10,5,15,0.5757595332036677
13,2,15,0.03782247324613561
6,9,15,NaN
13,2,15,0.9079098270401949
9,6,15,NaN
12,3,15,0.19347866352878038
11,4,15,0.1420349830327897
13,2,15,0.31128496075105533
13,2,15,0.1026612005498701
10,5,15,0.13739525150935047
10,5,15,NaN
12,3,15,0.8395040133151549
8,7,15,NaN
6,9,15,NaN
6,9,15,0.6185582093370283
12,3,15,0.7332177371595686
12,3,15,0.06525587975951877
10,5,15,0.7747530799728329
10,5,15,NaN
11,4,15,NaN
13,2,15,0.18342590517711166
13,2,15,0.08485633979232114
15,0,15,0.22048999262984045
11,4,15,NaN
13,2,15,0.026676155834660372
9,6,15,0.21564201119603432
11,4,15,0.390088581715401
11,4,15,0.05438062166753159
8,7,15,NaN
9,6,15,0.8395040133151549
12,3,15,0.15921953565114888
10,5,15,NaN
10,5,15,0.390088581715401
7,8,15,0.5024479902367792
11,4,15,0.12914489009107533
8,7,15,0.26797272815490364
9,6,15,0.23998440172325927
11,4,15,NaN
14,1,15,0.04937587322664477
12,3,15,0.10176246004831296
11,4,15,0.531729986764269
13,2,15,0.2630549572972653
9,6,15,0.34926187684352356
10,5,15,0.00041418128108417336
12,3,15,NaN
13,2,15,0.043199805379105054
13,2,15,0.04937587322664477
11,4,15,0.6185582093370283
13,2,15,0.531729986764269
8,7,15,0.531729986764269
14,1,15,0.3588212681525288
12,3,15,NaN
12,3,15,NaN
11,4,15,0.31924494718534235
11,4,15,NaN
7,8,15,0.5757595332036677
14,1,15,0.00041418128108417336
5,10,15,0.7641629005282548
13,2,15,0.9747128701728911
11,4,15,0.7641629005282548
11,4,15,NaN
13,2,15,0.43614794933242046
11,4,15,0.9287312759388193
11,4,15,0.08889028994681433
14,1,15,NaN
12,3,15,0.43614794933242046
7,8,15,0.43614794933242046
10,5,15,0.5970303852328386
8,7,15,0.2736599385245901
10,5,15,0.9747128701728911
13,2,15,NaN
12,3,15,0.1111548062272973
11,4,15,NaN
10,5,15,0.5757595332036677
12,3,15,NaN
12,3,15,0.2969173985655673
11,4,15,NaN
11,4,15,NaN
14,1,15,NaN
10,5,15,0.7626804874261783
10,5,15,NaN
10,5,15,0.893076864532752
7,8,15,0.7332177371595686
7,8,15,0.24824965460085582
12,3,15,0.390088581715401
13,2,15,5.5538789470637934e-5
12,3,15,0.05436537247726106
7,8,15,0.6669378191374769
13,2,15,0.43614794933242046
10,5,15,0.060759328681257274
13,2,15,0.37139722799597047
13,2,15,0.4128765150443874
11,4,15,0.9021101190124198
11,4,15,0.11835585687382275
7,8,15,NaN
13,2,15,NaN
9,6,15,0.9747128701728911
11,4,15,0.31128496075105533
8,7,15,NaN
13,2,15,0.5757595332036677
10,5,15,0.531729986764269
12,3,15,0.483768449142263
10,5,15,0.7332177371595686
11,4,15,NaN
12,3,15,0.8031960249980263
11,4,15,0.0569687888815355
9,6,15,0.6613966634587408
11,4,15,0.390088581715401
14,1,15,0.06525587975951877
10,5,15,0.019519080662983124
10,5,15,0.560681281690559
13,2,15,0.03782247324613561
13,2,15,NaN
13,2,15,0.9326921332428637
8,7,15,0.0003372331748803163
10,5,15,0.9679922001447998
12,3,15,0.7641629005282548
10,5,15,0.8597792096635031
11,4,15,0.49571734255370065
8,7,15,0.18931215098922655
10,5,15,NaN
8,7,15,NaN
8,7,15,NaN
8,7,15,0.9634385330405533
12,3,15,0.6990667746156102
10,5,15,0.2736599385245901
10,5,15,0.15921953565114888
12,3,15,0.6159721422769486
13,2,15,0.01582186957147115
10,5,15,NaN
10,5,15,0.9534153129152887
11,4,15,0.43614794933242046
11,4,15,0.9079098270401949
8,7,15,0.2231424263954454
10,5,15,0.18342590517711166
14,1,15,NaN
13,2,15,NaN
9,6,15,0.0293952695443827
10,5,15,NaN
13,2,15,0.23998440172325927
11,4,15,0.5728956868220352
13,2,15,0.9209789316492126
11,4,15,0.6613966634587408
12,3,15,NaN
8,7,15,0.03440032540027874
6,9,15,0.06525587975951877
7,8,15,0.09001108837953244
12,3,15,0.8375359659418489
8,7,15,7.403782042932831e-9
7,8,15,0.6185582093370283
8,7,15,0.13465658846019704
11,4,15,0.483768449142263
9,6,15,0.48558490253916553
11,4,15,0.9209789316492126
12,3,15,0.007751704113853655
14,1,15,NaN
12,3,15,NaN
9,6,15,0.7925166447343686
9,6,15,0.6032117868187666
7,8,15,0.01490750180438353
14,1,15,NaN
8,7,15,0.1376319999999998
9,6,15,0.9600826481029285
10,5,15,0.31128496075105533
11,4,15,NaN
12,3,15,0.043199805379105054
11,4,15,0.3991393814669719
7,8,15,0.38886653776615526
9,6,15,0.35536017162933076
9,6,15,NaN
6,9,15,0.6613966634587408
14,1,15,NaN
8,7,15,0.7332177371595686
11,4,15,0.3760544360670689
10,5,15,0.6185582093370283
6,9,15,0.390088581715401
9,6,15,0.0034011739556855957
13,2,15,0.0006206244859284536
11,4,15,0.9079098270401949
6,9,15,7.66556900273592e-6
6,9,15,NaN
9,6,15,0.11835585687382275
13,2,15,0.06525587975951877
12,3,15,0.10326636557259476
9,6,15,0.043199805379105054
13,2,15,NaN
14,1,15,0.19776581945795296
10,5,15,0.4157659147889076
9,6,15,0.026325295109269967
6,9,15,0.9138944566319953
8,7,15,0.43614794933242046
7,8,15,NaN
8,7,15,0.9368689692751944
13,2,15,0.417730032885948
12,3,15,NaN
13,2,15,0.04314886324104124
8,7,15,0.8597792096635031
10,5,15,NaN
11,4,15,0.8185843942460208
9,6,15,0.04937587322664477
13,2,15,0.9888383068434982
9,6,15,0.1376319999999998
10,5,15,0.531729986764269
10,5,15,0.7332177371595686
11,4,15,0.9487052891532478
10,5,15,NaN
12,3,15,0.07262201935343697
8,7,15,0.8185843942460208
9,6,15,0.6185582093370283
11,4,15,0.23998440172325927
10,5,15,0.02760811191126984
9,6,15,0.001063945965689078
7,8,15,NaN
11,4,15,0.7278990596714126
7,8,15,0.9401662821081695
6,9,15,0.358509049423087
6,9,15,0.18191932703243163
10,5,15,NaN
11,4,15,NaN
10,5,15,NaN
11,4,15,0.31128496075105533
13,2,15,0.37139722799597047
8,7,15,0.5757595332036677
12,3,15,0.8560579235309305
11,4,15,0.0569687888815355
8,7,15,0.31128496075105533
7,8,15,0.8234460514241537
12,3,15,0.4454240891101282
12,3,15,0.08078136054353652
6,9,15,2.15482971237816e-5
8,7,15,0.8545307205346209
13,2,15,0.9614248710601718
9,6,15,0.34926187684352356
9,6,15,0.12685290971687155
5,10,15,0.1026612005498701
10,5,15,0.9682562743290528
12,3,15,0.14137658880076182
9,6,15,0.008137613721523147
14,1,15,0.9441991250723042
9,6,15,0.7332177371595686
10,5,15,NaN
10,5,15,0.03281741490189986
8,7,15,0.8597792096635031
7,8,15,NaN
12,3,15,0.00036182394207799737
13,2,15,NaN
11,4,15,0.06115735363806541
9,6,15,0.390088581715401
10,5,15,0.37548303878016
8,7,15,0.014937633169387428
11,4,15,NaN
9,6,15,0.6544793908273733
11,4,15,0.5263570405063814
10,5,15,NaN
8,7,15,0.9747128701728911
14,1,15,0.20640084806710363
10,5,15,0.5098317807053887
11,4,15,0.34926187684352356
11,4,15,0.12305676348094949
9,6,15,NaN
9,6,15,0.012580976121884137
7,8,15,2.1525381804710263e-6
8,7,15,0.5757595332036677
10,5,15,NaN
13,2,15,0.1376319999999998
10,5,15,NaN
9,6,15,0.7332177371595686
12,3,15,0.051689495202893614
14,1,15,0.043199805379105054
10,5,15,NaN
7,8,15,0.06525587975951877
11,4,15,0.9079098270401949
13,2,15,NaN
11,4,15,0.9079098270401949
11,4,15,0.1958814671806574
11,4,15,7.088231577643407e-5
12,3,15,0.7641629005282548
14,1,15,NaN
12,3,15,0.812422448046569
14,1,15,NaN
10,5,15,NaN
7,8,15,NaN
10,5,15,NaN
11,4,15,0.17398430894107747
11,4,15,0.390088581715401
9,6,15,0.3490481648727526
9,6,15,0.10419010095733311
9,6,15,0.1161851096728722
12,3,15,2.4981378595164623e-9
11,4,15,NaN
11,4,15,0.8180436984403199
14,1,15,0.09587808487333653
12,3,15,0.34926187684352356
8,7,15,0.6701343507063929
14,1,15,NaN
12,3,15,0.7641629005282548
9,6,15,NaN
9,6,15,0.17444806792507844
13,2,15,NaN
8,7,15,NaN
9,6,15,0.6613966634587408
7,8,15,0.02256000024919674
11,4,15,NaN
10,5,15,0.8298086710134817
10,5,15,0.11102458441639021
8,7,15,NaN
11,4,15,0.00040503530891895627
12,3,15,0.18342590517711166
11,4,15,0.08869205529953894
8,7,15,0.20936945520216732
14,1,15,0.9722896100085812
7,8,15,0.010128333991736967
5,10,15,0.07009949819081855
7,8,15,NaN
11,4,15,0.483768449142263
10,5,15,0.5516837618915096
12,3,15,0.390088581715401
8,7,15,NaN
11,4,15,0.531729986764269
10,5,15,0.7479060485112986
6,9,15,0.1494473128764884
13,2,15,0.7641629005282548
6,9,15,0.8266459162027727
12,3,15,4.818427887320817e-7
14,1,15,0.8770122193000203
13,2,15,0.43614794933242046
12,3,15,NaN
8,7,15,0.31128496075105533
6,9,15,NaN
6,9,15,0.31128496075105533
13,2,15,0.7277910133953862
8,7,15,0.7641629005282548
9,6,15,5.428740940671171e-5
11,4,15,0.8466593992990097
9,6,15,0.6185582093370283
13,2,15,0.8185843942460208
10,5,15,0.458282546040292
11,4,15,0.08869205529953894
8,7,15,7.899850611373649e-12
14,1,15,NaN
7,8,15,0.893076864532752
4,11,15,NaN
9,6,15,0.7641629005282548
9,6,15,0.390088581715401
5,10,15,0.5922025872526057
12,3,15,NaN
12,3,15,0.8395040133151549
6,9,15,NaN
11,4,15,0.34669525622170844
14,1,15,0.0003007391296071343
6,9,15,0.20936945520216732
9,6,15,0.5637262091300833
7,8,15,NaN
9,6,15,0.03782247324613561
8,7,15,0.9614248710601718
9,6,15,0.022788573734112794
12,3,15,0.04937587322664477
9,6,15,NaN
9,6,15,0.007143544792818436
13,2,15,0.3952490656616145
11,4,15,0.16777559678145926
11,4,15,0.9747128701728911
13,2,15,0.5378931731221492
9,6,15,0.00020117020336683777
8,7,15,0.04937587322664477
10,5,15,0.893076864532752
8,7,15,0.531729986764269
9,6,15,0.1681912935032862
9,6,15,NaN
11,4,15,0.057297073077936175
12,3,15,0.04870332412302439
11,4,15,NaN
10,5,15,0.531729986764269
12,3,15,0.7641629005282548
7,8,15,NaN
10,5,15,NaN
8,7,15,0.9638201772382845
10,5,15,0.531729986764269
7,8,15,NaN
11,4,15,0.6475351948134095
3,12,15,0.9209789316492126
13,2,15,3.317434735525258e-6
11,4,15,NaN
12,3,15,0.1026612005498701
9,6,15,0.8770122193000203
11,4,15,0.7332177371595686
11,4,15,NaN
6,9,15,0.34926187684352356
8,7,15,0.7332177371595686
7,8,15,0.07775488792945527
13,2,15,0.1376319999999998
7,8,15,NaN
4,11,15,0.483768449142263
12,3,15,0.05960460920512968
13,2,15,NaN
13,2,15,0.531729986764269
9,6,15,NaN
12,3,15,0.9686139634526727
8,7,15,0.14341372939388958
6,9,15,0.34926187684352356
12,3,15,0.710410651171062
9,6,15,0.18342590517711166
13,2,15,NaN
10,5,15,0.2736599385245901
12,3,15,0.43614794933242046
12,3,15,0.6930566490302245
9,6,15,NaN
13,2,15,0.6990667746156102
12,3,15,0.042998840084845266
13,2,15,NaN
9,6,15,0.8395040133151549
13,2,15,0.8197394761937766
10,5,15,0.043199805379105054
10,5,15,0.1376319999999998
9,6,15,0.390088581715401
9,6,15,0.008999184697260174
13,2,15,0.6990667746156102
13,2,15,NaN
10,5,15,0.8386231576142263
12,3,15,0.6990667746156102
12,3,15,0.04937587322664477
11,4,15,0.40940682971452447
8,7,15,0.7925166447343686
10,5,15,0.9534153129152887
13,2,15,0.8031960249980263
11,4,15,0.07633250114228259
6,9,15,0.445961467099037
13,2,15,0.6185582093370283
9,6,15,8.648260993183006e-7
10,5,15,0.5235575948742167
9,6,15,0.6990667746156102
14,1,15,0.43062269349152354
9,6,15,0.7641629005282548
12,3,15,0.007003252747251538
8,7,15,0.7641629005282548
11,4,15,0.03782247324613561
11,4,15,0.4573189871059706
15,0,15,NaN
8,7,15,0.029005704563759407
9,6,15,0.8770122193000203
11,4,15,0.0569687888815355
12,3,15,NaN
14,1,15,0.483768449142263
6,9,15,0.0704411909475524
9,6,15,0.6893600963641167
8,7,15,0.12390041476341097
7,8,15,0.9578849368067253
10,5,15,NaN
8,7,15,0.20811428668464124
12,3,15,0.001474282308023906
10,5,15,0.6185582093370283
15,0,15,0.004437008757059266
6,9,15,0.7925166447343686
8,7,15,0.043199805379105054
12,3,15,0.6185582093370283
9,6,15,0.0010522225844162283
10,5,15,0.6487763833295642
11,4,15,0.390088581715401
10,5,15,0.531729986764269
8,7,15,0.8770122193000203
9,6,15,0.2719918543415543
11,4,15,0.9079098270401949
12,3,15,0.1376319999999998
11,4,15,0.43614794933242046
10,5,15,0.9071352322312466
8,7,15,0.18070971434758065
9,6,15,NaN
8,7,15,0.9534153129152887
13,2,15,0.6101063929454396
10,5,15,NaN
8,7,15,NaN
8,7,15,0.6990667746156102
7,8,15,NaN
10,5,15,NaN
11,4,15,0.20936945520216732
10,5,15,0.3565763969162567
12,3,15,0.07460541579657719
10,5,15,0.4689156560029013
14,1,15,0.00012657992854475813
12,3,15,0.29765660056058585
6,9,15,NaN
10,5,15,0.38537013710898793
6,9,15,0.34926187684352356
11,4,15,0.47873261077263163
15,0,15,NaN
12,3,15,0.9444758416552013
8,7,15,0.34926187684352356
10,5,15,0.13584252719682202
9,6,15,0.19005755607974453
14,1,15,0.013670791944608292
14,1,15,NaN
9,6,15,0.31128496075105533
14,1,15,0.6185582093370283
11,4,15,0.1376319999999998
13,2,15,0.44395915961689175
12,3,15,0.34926187684352356
12,3,15,0.31128496075105533
12,3,15,NaN
11,4,15,0.8770122193000203
5,10,15,NaN
14,1,15,0.024414445355011773
9,6,15,0.5757595332036677
9,6,15,0.6185582093370283
9,6,15,0.21640350025307972
7,8,15,0.05023572140543633
11,4,15,0.43614794933242046
13,2,15,NaN
10,5,15,NaN
7,8,15,0.6185582093370283
12,3,15,0.893076864532752
12,3,15,NaN
14,1,15,0.31128496075105533
11,4,15,0.6613966634587408
5,10,15,0.00043058798429974454
8,7,15,0.12523115642867122
13,2,15,0.0011689227187490039
3,12,15,0.8185843942460208
7,8,15,0.7954001439131925
10,5,15,0.9614248710601718
5,10,15,0.29335512683614606
10,5,15,0.6185582093370283
4,11,15,NaN
10,5,15,0.2384149601930011
9,6,15,0.7641629005282548
7,8,15,0.6613966634587408
12,3,15,0.10879476776476711
9,6,15,NaN
12,3,15,0.8802852570942574
12,3,15,0.09897652535416172
11,4,15,0.5825272282964099
11,4,15,0.980101638801523
9,6,15,NaN
11,4,15,0.6764381985192978
4,11,15,0.7925166447343686
10,5,15,0.6188790388045529
11,4,15,0.07633250114228259
13,2,15,0.15921953565114888
12,3,15,0.6185582093370283
6,9,15,NaN
7,8,15,0.06525587975951877
6,9,15,0.31128496075105533
9,6,15,2.463242409445589e-7
10,5,15,0.2468180462689409
10,5,15,NaN
8,7,15,0.8597792096635031
12,3,15,7.312248079180799e-5
10,5,15,NaN
5,10,15,0.6185582093370283
10,5,15,0.9686139634526727
12,3,15,NaN
9,6,15,0.23556450895991488
5,10,15,0.7925166447343686
10,5,15,0.31128496075105533
8,7,15,NaN
14,1,15,0.6613966634587408
8,7,15,NaN
11,4,15,NaN
6,9,15,0.016627813551177786
9,6,15,0.2856419619464292
10,5,15,NaN
10,5,15,NaN
7,8,15,0.00833092809347466
8,7,15,NaN
11,4,15,0.7791727649804094
9,6,15,0.8597792096635031
11,4,15,NaN
10,5,15,0.6613966634587408
11,4,15,0.5329845727977185
10,5,15,0.024664287013170735
11,4,15,0.1613607122087733
15,0,15,0.61667012827468
11,4,15,2.1748914045105808e-5
12,3,15,0.7641629005282548
9,6,15,NaN
2,13,15,NaN
13,2,15,0.9079098270401949
11,4,15,0.9326921332428637
10,5,15,0.1026612005498701
7,8,15,0.03782247324613561
8,7,15,0.6990667746156102
3,12,15,0.9791217970452816
6,9,15,0.483768449142263
9,6,15,0.5419358181341635
6,9,15,NaN
6,9,15,0.7054296031062086
8,7,15,0.001706095110493365
8,7,15,0.11835585687382275
11,4,15,0.531729986764269
11,4,15,0.9888383068434982
6,9,15,NaN
7,8,15,0.20936945520216732
6,9,15,0.19984875328746307
7,8,15,0.016627813551177786
6,9,15,0.0569687888815355
10,5,15,0.6613966634587408
10,5,15,0.7641629005282548
13,2,15,0.06525587975951877
9,6,15,0.8597792096635031
8,7,15,NaN
10,5,15,NaN
9,6,15,0.18489456864012205
10,5,15,0.04937587322664477
10,5,15,0.1376319999999998
7,8,15,0.35904287088410614
2,13,15,0.5368695978353148
5,10,15,0.483768449142263
8,7,15,0.06525587975951877
8,7,15,NaN
8,7,15,0.6005584139100213
11,4,15,NaN
5,10,15,0.2595549894226624
8,7,15,0.08869205529953894
4,11,15,0.483768449142263
6,9,15,0.11340747282508906
11,4,15,0.1026612005498701
10,5,15,NaN
6,9,15,0.18342590517711166
4,11,15,0.2998323633381665
2,13,15,NaN
11,3,14,0.8597792096635031
11,3,14,0.2722284042439944
11,3,14,0.019519080662983124
12,2,14,NaN
10,4,14,NaN
9,5,14,0.7909534217648398
9,5,14,0.9919214683718085
11,3,14,NaN
11,3,14,0.2247222525902012
12,2,14,0.06525587975951877
7,7,14,0.6185582093370283
8,6,14,0.11835585687382275
5,9,14,NaN
14,0,14,0.5825272282964099
11,3,14,0.22266265061904691
10,4,14,0.7332177371595686
6,8,14,0.390088581715401
7,7,14,0.2276275092462672
13,1,14,0.23998440172325927
7,7,14,NaN
7,7,14,NaN
13,1,14,0.531729986764269
12,2,14,NaN
5,9,14,0.525225198015104
12,2,14,0.8395040133151549
8,6,14,0.531729986764269
10,4,14,0.1219888530804289
12,2,14,0.7641629005282548
6,8,14,NaN
12,2,14,0.8185843942460208
12,2,14,0.483768449142263
10,4,14,0.7942937653316038
12,2,14,8.633262118375477e-7
9,5,14,0.43614794933242046
11,3,14,NaN
10,4,14,NaN
5,9,14,0.483768449142263
6,8,14,0.3386882513123471
10,4,14,0.21129785325788986
10,4,14,0.17982043888652383
11,3,14,0.483768449142263
11,3,14,NaN
12,2,14,NaN
10,4,14,0.07633250114228259
13,1,14,NaN
10,4,14,0.6613966634587408
10,4,14,0.483768449142263
8,6,14,NaN
12,2,14,0.04937587322664477
12,2,14,0.5757595332036677
11,3,14,NaN
10,4,14,0.7332177371595686
9,5,14,0.3924605656050917
8,6,14,0.390088581715401
10,4,14,0.10545513446998114
11,3,14,0.7925166447343686
9,5,14,0.8735784895868853
9,5,14,NaN
11,3,14,0.0014345774017936888
9,5,14,NaN
8,6,14,0.512399745567219
10,4,14,NaN
13,1,14,0.6834800018337669
8,6,14,0.39768166563681095
7,7,14,0.483768449142263
13,1,14,0.483768449142263
12,2,14,0.0013765952044137672
9,5,14,NaN
10,4,14,0.32136446188642487
8,6,14,0.07633250114228259
14,0,14,0.5581198145246324
12,2,14,0.006536244766598504
7,7,14,NaN
8,6,14,0.03782247324613561
9,5,14,0.45357529842436256
11,3,14,0.0019922051417913702
10,4,14,0.04106991595612969
12,2,14,0.2948634681508195
11,3,14,0.9444758416552013
7,7,14,0.15921953565114888
10,4,14,0.7641629005282548
9,5,14,NaN
6,8,14,NaN
11,3,14,NaN
10,4,14,0.06046395917926657
11,3,14,NaN
12,2,14,0.30361597308671556
12,2,14,0.13220284630808546
10,4,14,0.6854121274750207
11,3,14,NaN
7,7,14,NaN
12,2,14,0.23998440172325927
7,7,14,NaN
9,5,14,0.20936945520216732
11,3,14,0.390088581715401
10,4,14,0.483768449142263
11,3,14,0.38259779418896595
10,4,14,0.483768449142263
7,7,14,0.40481623991342824
9,5,14,NaN
9,5,14,0.19373227413082436
11,3,14,NaN
11,3,14,4.240592880705541e-5
12,2,14,0.6990667746156102
12,2,14,0.0428224246598674
13,1,14,4.231120961230408e-9
7,7,14,0.7925166447343686
10,4,14,0.0569687888815355
9,5,14,0.9209789316492126
10,4,14,NaN
12,2,14,0.07633250114228259
10,4,14,NaN
12,2,14,NaN
11,3,14,NaN
9,5,14,NaN
12,2,14,0.08869205529953894
5,9,14,NaN
11,3,14,0.20936945520216732
7,7,14,0.09103071012866998
11,3,14,0.6633359744883776
13,1,14,0.06486611100809887
8,6,14,NaN
10,4,14,NaN
11,3,14,0.43614794933242046
11,3,14,0.06525587975951877
12,2,14,NaN
12,2,14,NaN
11,3,14,0.1911107368115989
12,2,14,0.6613966634587408
9,5,14,0.0662612415720564
8,6,14,0.00959346608630535
10,4,14,0.034682216080708025
8,6,14,NaN
3,11,14,0.6185582093370283
9,5,14,0.8395040133151549
10,4,14,0.03782247324613561
9,5,14,0.6613966634587408
12,2,14,0.0024933092332859253
10,4,14,NaN
11,3,14,NaN
12,2,14,0.7332177371595686
5,9,14,0.007003252747251538
8,6,14,0.0569687888815355
13,1,14,0.08869205529953894
13,1,14,0.1026612005498701
9,5,14,0.3627710739850452
10,4,14,NaN
10,4,14,NaN
10,4,14,NaN
12,2,14,0.9534153129152887
11,3,14,0.483768449142263
11,3,14,0.05448403456382014
10,4,14,0.7582271649271727
7,7,14,NaN
10,4,14,0.16337876749999858
5,9,14,0.9433412321949546
12,2,14,0.5757595332036677
14,0,14,NaN
7,7,14,NaN
10,4,14,NaN
10,4,14,0.78490698270619
11,3,14,0.014302811501596825
10,4,14,0.8683415425272276
8,6,14,0.9079098270401949
12,2,14,0.12764435141772018
11,3,14,0.18342590517711166
6,8,14,0.0569687888815355
9,5,14,NaN
12,2,14,0.20163475777346393
9,5,14,0.9614248710601718
9,5,14,0.27029978347337047
13,1,14,0.2358907881159802
11,3,14,0.9697610911636869
12,2,14,0.7641629005282548
10,4,14,0.03782247324613561
9,5,14,0.012022118863049316
12,2,14,0.8395040133151549
11,3,14,0.4447649778219924
9,5,14,NaN
11,3,14,0.9079098270401949
9,5,14,0.9889430964454449
11,3,14,0.1026612005498701
12,2,14,0.21882501725621303
10,4,14,0.1026612005498701
9,5,14,NaN
10,4,14,6.162733366675754e-10
9,5,14,0.5757595332036677
4,10,14,0.31128496075105533
9,5,14,0.6990667746156102
10,4,14,0.18342590517711166
10,4,14,0.4567030950633912
9,5,14,0.7641629005282548
11,3,14,0.014302811501596825
11,3,14,0.20799726668292393
11,3,14,0.8371210242017674
12,2,14,0.483768449142263
10,4,14,0.7515498364115626
10,4,14,0.1376319999999998
9,5,14,0.11835585687382275
7,7,14,0.6990667746156102
4,10,14,0.7641629005282548
12,2,14,0.19858035239966387
13,1,14,0.11835585687382275
10,4,14,NaN
11,3,14,0.8030522215722012
13,1,14,NaN
5,9,14,NaN
11,3,14,NaN
10,4,14,0.11043412757015998
10,4,14,0.5092092171310929
9,5,14,0.8185843942460208
9,5,14,0.0019039971088908843
7,7,14,0.18342590517711166
9,5,14,NaN
6,8,14,0.20041386307837242
9,5,14,0.9614248710601718
12,2,14,0.5757595332036677
12,2,14,NaN
12,2,14,0.7641629005282548
13,1,14,NaN
8,6,14,0.060715681811239354
10,4,14,NaN
10,4,14,0.016974463801678347
12,2,14,NaN
8,6,14,0.03230741676234196
12,2,14,0.7332177371595686
4,10,14,0.5624594472093024
11,3,14,0.01847266625686599
11,3,14,0.8395040133151549
13,1,14,0.2736599385245901
13,1,14,0.4573189871059706
10,4,14,NaN
7,7,14,NaN
11,3,14,0.43614794933242046
8,6,14,0.8395040133151549
10,4,14,NaN
12,2,14,0.565539542390972
6,8,14,0.20936945520216732
10,4,14,0.27553162740431036
8,6,14,NaN
9,5,14,0.7196516315612353
11,3,14,0.43614794933242046
9,5,14,0.11835585687382275
11,3,14,0.8770122193000203
9,5,14,NaN
7,7,14,0.8770122193000203
8,6,14,0.18157289045252165
12,2,14,NaN
11,3,14,0.3324524962259857
8,6,14,0.04649806117443747
12,2,14,NaN
10,4,14,0.18249029876739958
11,3,14,0.15921953565114888
10,4,14,0.3559873502670783
9,5,14,NaN
11,3,14,0.01612599350429301
9,5,14,0.6185582093370283
11,3,14,0.390088581715401
6,8,14,NaN
13,1,14,0.6613966634587408
13,1,14,NaN
8,6,14,0.0019098127387248503
9,5,14,0.8395040133151549
7,7,14,0.11835585687382275
10,4,14,0.18342590517711166
7,7,14,0.1327243745596591
12,2,14,0.12531545312992762
9,5,14,0.2736599385245901
12,2,14,0.9513503343410344
11,3,14,0.04937587322664477
10,4,14,NaN
10,4,14,NaN
12,2,14,0.7925166447343686
13,1,14,0.30766134932571504
11,3,14,0.9534153129152887
10,4,14,NaN
13,1,14,0.014302811501596825
12,2,14,0.5757595332036677
10,4,14,NaN
12,2,14,NaN
8,6,14,0.390088581715401
11,3,14,0.027150137488542374
10,4,14,0.9211854168901273
11,3,14,0.531729986764269
11,3,14,0.1026612005498701
10,4,14,0.012022118863049316
8,6,14,NaN
9,5,14,NaN
8,6,14,0.004312430620850101
10,4,14,0.06346374496369098
10,4,14,0.5757595332036677
11,3,14,0.7365815446242535
12,2,14,NaN
10,4,14,0.022788573734112794
5,9,14,0.483768449142263
11,3,14,0.3991393814669719
11,3,14,0.5757595332036677
9,5,14,0.808215485063064
7,7,14,NaN
11,3,14,NaN
10,4,14,1.772872303816207e-18
11,3,14,NaN
9,5,14,0.4539161843871228
9,5,14,NaN
8,6,14,NaN
11,3,14,0.12432032923195387
4,10,14,0.11835585687382275
12,2,14,0.8395040133151549
10,4,14,0.4051620470941116
13,1,14,0.390088581715401
7,7,14,NaN
9,5,14,NaN
12,2,14,NaN
9,5,14,0.531729986764269
10,4,14,0.43025846073510815
14,0,14,0.6990667746156102
12,2,14,0.8185843942460208
8,6,14,0.028701128358194078
9,5,14,0.5196543883950369
6,8,14,NaN
12,2,14,0.7641629005282548
12,2,14,0.31128496075105533
5,9,14,0.13797619272253211
9,5,14,NaN
6,8,14,NaN
12,2,14,NaN
13,1,14,0.028908222040356504
11,3,14,0.12390041476341097
8,6,14,NaN
10,4,14,NaN
9,5,14,NaN
12,2,14,0.20936945520216732
9,5,14,0.0569687888815355
11,3,14,0.43614794933242046
12,2,14,0.043199805379105054
8,6,14,0.043199805379105054
7,7,14,0.893076864532752
14,0,14,0.9079098270401949
9,5,14,NaN
11,3,14,0.5757595332036677
6,8,14,0.483768449142263
13,1,14,0.6613966634587408
6,8,14,0.8770122193000203
13,1,14,0.2736599385245901
11,3,14,0.6185582093370283
9,5,14,0.8481232112545918
10,4,14,0.0569687888815355
11,3,14,0.9534153129152887
11,3,14,0.0003151278791814648
10,4,14,0.8500438238902583
11,3,14,NaN
9,5,14,0.9079098270401949
9,5,14,0.2440624611789815
10,4,14,NaN
11,3,14,0.0011878485374362817
12,2,14,0.03257170463325697
12,2,14,0.31128496075105533
9,5,14,0.43614794933242046
6,8,14,0.24277793540224982
11,3,14,0.0569687888815355
13,1,14,0.6185582093370283
11,3,14,0.1627398728782032
9,5,14,0.45574032487896876
10,4,14,0.531729986764269
11,3,14,0.7332177371595686
11,3,14,0.23998440172325927
12,2,14,0.338949202494802
9,5,14,0.5246852932419671
8,6,14,0.7641629005282548
9,5,14,0.18342590517711166
7,7,14,0.08603854446441817
10,4,14,0.022788573734112794
5,9,14,1.0021477780205926e-5
7,7,14,0.34926187684352356
8,6,14,NaN
8,6,14,0.8395040133151549
12,2,14,0.7641629005282548
11,3,14,0.2736599385245901
8,6,14,0.020020094443725517
10,4,14,0.6557926619593764
8,6,14,0.4139989648855864
10,4,14,NaN
8,6,14,0.06351621374067265
5,9,14,0.390088581715401
13,1,14,NaN
12,2,14,NaN
11,3,14,0.3645928862561753
10,4,14,0.9614248710601718
13,1,14,0.010557757861813557
11,3,14,0.5757595332036677
6,8,14,NaN
10,4,14,0.6990667746156102
10,4,14,0.016893644858067148
7,7,14,0.7332177371595686
11,3,14,0.390088581715401
7,7,14,0.483768449142263
8,6,14,0.016627813551177786
9,5,14,0.010557757861813557
9,5,14,0.6990667746156102
7,7,14,0.3804021205130417
9,5,14,0.9839541532512871
9,5,14,0.7641629005282548
13,1,14,0.31820352237702
9,5,14,0.6142071532943895
12,2,14,0.011500813891183487
9,5,14,NaN
6,8,14,0.1026612005498701
12,2,14,NaN
10,4,14,0.6613966634587408
10,4,14,0.9867923038335242
9,5,14,0.9755171233207077
10,4,14,NaN
10,4,14,0.6613966634587408
6,8,14,NaN
12,2,14,0.7925166447343686
11,3,14,NaN
12,2,14,0.893076864532752
13,1,14,0.8395040133151549
6,8,14,0.8221288189722736
7,7,14,0.30049756037259473
9,5,14,0.15812334787730495
7,7,14,0.6613966634587408
9,5,14,0.7332177371595686
11,3,14,NaN
9,5,14,0.6185582093370283
7,7,14,0.2911019073908469
8,6,14,0.5815503851415893
5,9,14,0.10319781618274643
10,4,14,NaN
11,3,14,0.3016114941814868
8,6,14,NaN
9,5,14,0.23998440172325927
12,2,14,0.20936945520216732
12,2,14,0.6185582093370283
9,5,14,0.9919214683718085
10,4,14,0.483768449142263
12,2,14,0.8776207124053833
8,6,14,NaN
7,7,14,NaN
8,6,14,0.08603854446441817
10,4,14,0.893076864532752
13,1,14,0.2736599385245901
9,5,14,0.7332177371595686
4,10,14,NaN
7,7,14,0.43073832010695556
9,5,14,NaN
11,3,14,NaN
12,2,14,0.674379657032454
10,4,14,0.04703435986727775
11,3,14,0.1376319999999998
10,4,14,NaN
8,6,14,0.04937587322664477
10,4,14,0.5757595332036677
7,7,14,0.03782247324613561
11,3,14,0.6185582093370283
7,7,14,0.5757595332036677
12,2,14,NaN
10,4,14,0.012022118863049316
13,1,14,NaN
7,7,14,0.08603854446441817
11,3,14,0.4264812154056156
11,3,14,NaN
11,3,14,0.08869205529953894
11,3,14,0.23998440172325927
10,4,14,NaN
10,4,14,NaN
9,5,14,0.6499322168460523
9,5,14,0.06525587975951877
7,7,14,0.8593881445757581
11,3,14,0.390088581715401
6,8,14,0.03230741676234196
12,2,14,0.7641629005282548
10,4,14,0.43614794933242046
7,7,14,NaN
10,4,14,0.3081681993440902
13,1,14,0.07633250114228259
8,6,14,0.6613966634587408
7,7,14,0.6990667746156102
9,5,14,0.03782247324613561
10,4,14,0.531729986764269
7,7,14,0.9970051004063903
5,9,14,NaN
11,3,14,NaN
10,4,14,0.04728957342207982
12,2,14,0.9079098270401949
4,10,14,NaN
10,4,14,0.9942527729726875
10,4,14,0.0030892543021027673
11,3,14,0.004091943545804569
6,8,14,NaN
8,6,14,NaN
11,3,14,0.1376319999999998
7,7,14,0.0002344395865885038
7,7,14,NaN
9,5,14,0.08852853621480836
10,4,14,0.7925166447343686
12,2,14,NaN
10,4,14,NaN
10,4,14,0.6990667746156102
8,6,14,0.9614798379845485
10,4,14,NaN
8,6,14,0.15921953565114888
13,1,14,0.00034626702144795635
13,1,14,NaN
10,4,14,NaN
12,2,14,NaN
4,10,14,0.34926187684352356
9,5,14,0.5757595332036677
9,5,14,0.7332177371595686
8,6,14,NaN
12,2,14,0.531729986764269
8,6,14,0.30746299205241734
8,6,14,0.5757595332036677
11,3,14,0.9888383068434982
10,4,14,NaN
12,2,14,0.483768449142263
10,4,14,NaN
11,3,14,0.8597792096635031
12,2,14,0.8597792096635031
10,4,14,0.07633250114228259
13,1,14,0.9433412321949546
12,2,14,0.6391546023016186
12,2,14,0.6021233186178347
12,2,14,0.5591721385102465
12,2,14,0.1376319999999998
7,7,14,0.390088581715401
12,2,14,0.00829404517453861
8,6,14,NaN
10,4,14,0.31128496075105533
7,7,14,0.9079098270401949
11,3,14,0.07954276496195947
12,2,14,0.012022118863049316
11,3,14,0.11664833354425595
6,8,14,0.8395040133151549
10,4,14,0.4604156252829936
9,5,14,0.11835585687382275
10,4,14,NaN
10,4,14,0.8597792096635031
8,6,14,0.7644420207845691
8,6,14,0.2736599385245901
5,9,14,0.12503254729897065
13,1,14,0.4665686343501563
11,3,14,NaN
8,6,14,0.13862449232099347
6,8,14,0.9326921332428637
8,6,14,NaN
10,4,14,0.9534153129152887
5,9,14,NaN
8,6,14,0.0569687888815355
12,2,14,NaN
10,4,14,0.7332177371595686
7,7,14,0.23137340234160547
6,8,14,NaN
10,4,14,NaN
9,5,14,0.15921953565114888
12,2,14,0.00829404517453861
10,4,14,0.043199805379105054
11,3,14,0.016627813551177786
9,5,14,0.531729986764269
9,5,14,0.6990667746156102
9,5,14,NaN
10,4,14,0.8395040133151549
9,5,14,0.014302811501596825
6,8,14,0.5501365898815256
11,3,14,0.27654819534762787
7,7,14,0.20936945520216732
8,6,14,0.014183524266588894
10,4,14,0.6783509001622892
10,4,14,0.15921953565114888
11,3,14,NaN
12,2,14,0.4529487129068884
8,6,14,0.022788573734112794
9,5,14,NaN
11,3,14,NaN
5,9,14,NaN
12,2,14,0.0018656681148883118
10,4,14,0.8597792096635031
8,6,14,NaN
7,7,14,0.06525587975951877
12,2,14,0.07009949819081855
4,10,14,0.531729986764269
4,10,14,0.1026612005498701
9,5,14,0.9747128701728911
10,4,14,0.015138426775367942
7,7,14,0.012022118863049316
10,4,14,0.8770122193000203
8,6,14,0.7332177371595686
8,6,14,0.2736599385245901
10,4,14,NaN
9,5,14,0.9534153129152887
13,1,14,0.007003252747251538
10,4,14,NaN
9,5,14,0.7925166447343686
13,1,14,0.43577762349235377
11,3,14,NaN
11,3,14,0.8770122193000203
8,6,14,0.0967631939619222
9,5,14,NaN
3,11,14,0.9959618436650923
9,5,14,NaN
6,8,14,0.503429902019479
8,6,14,NaN
13,1,14,0.6930566490302245
12,2,14,0.19892471276250787
9,5,14,0.7332177371595686
9,5,14,0.08302570544548256
9,5,14,NaN
10,4,14,NaN
13,1,14,NaN
9,5,14,NaN
9,5,14,NaN
9,5,14,NaN
9,5,14,0.0011159262800995787
4,10,14,0.08869205529953894
9,5,14,NaN
9,5,14,NaN
10,4,14,0.1376319999999998
9,5,14,NaN
9,5,14,NaN
6,8,14,0.6613966634587408
7,7,14,0.18342590517711166
7,7,14,0.9209789316492126
4,10,14,0.6990667746156102
12,2,14,0.4319007153382488
8,6,14,NaN
12,2,14,0.7332177371595686
9,5,14,NaN
5,9,14,0.40858950324959725
7,7,14,NaN
10,4,14,0.21288969825027199
13,1,14,0.9704823626249869
10,4,14,0.7332177371595686
13,1,14,0.390088581715401
9,5,14,0.3952490656616145
7,7,14,0.34926187684352356
10,4,14,0.043199805379105054
9,5,14,0.051572913637917064
8,6,14,NaN
8,6,14,0.9238243122878536
11,3,14,0.6646879128897651
12,2,14,0.31128496075105533
10,4,14,NaN
7,7,14,NaN
5,9,14,NaN
9,5,14,NaN
10,4,14,0.7515498364115626
8,6,14,0.07262201935343697
9,5,14,0.18342590517711166
8,6,14,0.30746299205241734
11,3,14,0.06721180195946935
4,10,14,0.04937587322664477
9,5,14,0.12096067888384388
6,8,14,0.03782247324613561
9,5,14,NaN
3,11,14,0.046679826514375654
8,6,14,NaN
10,4,14,0.23998440172325927
11,3,14,0.3015856557635251
10,4,14,0.9209789316492126
10,4,14,NaN
10,4,14,0.027150137488542374
10,4,14,NaN
12,2,14,NaN
7,7,14,NaN
12,2,14,0.09906770342740633
9,5,14,0.9848027522935779
7,7,14,NaN
11,3,14,0.390088581715401
12,2,14,0.43614794933242046
10,4,14,NaN
4,10,14,NaN
6,8,14,0.7925166447343686
6,8,14,0.43614794933242046
6,8,14,0.26472368147317493
12,2,14,0.7332177371595686
12,2,14,0.483768449142263
6,8,14,NaN
10,4,14,0.8770122193000203
10,4,14,0.43614794933242046
6,8,14,0.289516661571417
8,6,14,0.15921953565114888
13,1,14,0.1582403131504306
7,7,14,0.531729986764269
9,5,14,NaN
7,7,14,0.20936945520216732
10,4,14,0.34926187684352356
12,2,14,0.1026612005498701
9,5,14,NaN
7,7,14,NaN
7,7,14,NaN
7,7,14,0.8597792096635031
8,6,14,0.6613966634587408
9,5,14,0.552401248937484
10,4,14,0.7768469865493867
9,5,14,NaN
8,6,14,NaN
11,3,14,0.3042007367616033
7,7,14,0.7925166447343686
6,8,14,0.531729986764269
9,5,14,0.5859524207007283
6,8,14,0.6613966634587408
3,11,14,NaN
9,5,14,NaN
4,10,14,0.390088581715401
7,7,14,0.41432399638926914
8,6,14,0.2508568832692708
3,11,14,0.483768449142263
10,4,14,NaN
11,3,14,NaN
13,1,14,0.8597792096635031
6,8,14,0.6185582093370283
6,8,14,0.31128496075105533
3,11,14,0.2736599385245901
7,7,14,0.7332177371595686
3,11,14,0.531729986764269
7,7,14,0.358509049423087
8,6,14,0.21102495200362104
3,11,14,0.6185582093370283
8,6,14,0.22823170499607415
3,11,14,0.6990667746156102
10,4,14,NaN
3,11,14,0.4464526625655748
11,3,14,0.43614794933242046
8,6,14,0.893076864532752
7,7,14,NaN
8,6,14,0.06796745474379505
7,7,14,0.14563778067182992
6,8,14,NaN
5,9,14,0.7641629005282548
0,14,14,NaN
10,3,13,NaN
12,1,13,0.5757595332036677
11,2,13,NaN
8,5,13,0.7641629005282548
6,7,13,0.5757595332036677
12,1,13,0.17607806160594627
11,2,13,0.5101354788731787
6,7,13,0.20936945520216732
11,2,13,0.893076864532752
7,6,13,0.08463840511142992
11,2,13,0.6990667746156102
8,5,13,0.8395040133151549
11,2,13,NaN
11,2,13,0.07554229573108205
7,6,13,0.0025015057741008925
9,4,13,NaN
8,5,13,NaN
11,2,13,0.7641629005282548
8,5,13,0.009912176912471659
8,5,13,0.6613966634587408
10,3,13,0.531729986764269
9,4,13,0.483768449142263
10,3,13,NaN
11,2,13,NaN
11,2,13,NaN
8,5,13,NaN
7,6,13,0.0004940126379048145
7,6,13,0.483768449142263
9,4,13,0.044238530225481895
11,2,13,0.11835585687382275
10,3,13,NaN
12,1,13,NaN
12,1,13,0.6571236935146162
8,5,13,NaN
8,5,13,0.9071352322312466
10,3,13,0.9079098270401949
10,3,13,0.20936945520216732
5,8,13,0.5757595332036677
8,5,13,0.07633250114228259
5,8,13,0.5757595332036677
6,7,13,0.1161851096728722
12,1,13,0.5757595332036677
12,1,13,0.7332177371595686
9,4,13,NaN
9,4,13,0.2598826615140434
12,1,13,0.6688932271996622
8,5,13,0.11835585687382275
9,4,13,0.5757595332036677
6,7,13,0.16981134953653668
11,2,13,NaN
5,8,13,0.008286087732118832
7,6,13,0.8770122193000203
11,2,13,0.5757595332036677
9,4,13,0.04937587322664477
6,7,13,NaN
10,3,13,0.29209305104701444
8,5,13,0.9158892192361244
11,2,13,0.004490842114426432
10,3,13,0.08819945010492386
7,6,13,0.8395040133151549
7,6,13,0.8001460658303506
12,1,13,0.4653460553263218
8,5,13,0.18342590517711166
10,3,13,4.478364601937456e-5
11,2,13,0.11996462847948113
8,5,13,0.23486107655728594
4,9,13,0.055292610382877964
11,2,13,0.8395040133151549
10,3,13,0.7516140174133519
9,4,13,0.043199805379105054
10,3,13,0.6990667746156102
6,7,13,0.483768449142263
10,3,13,0.7332177371595686
10,3,13,NaN
13,0,13,0.820865454689211
11,2,13,NaN
12,1,13,0.6422800505852313
8,5,13,0.2894220440197939
8,5,13,0.6185582093370283
9,4,13,0.7944085109200721
7,6,13,0.9614248710601718
5,8,13,0.980101638801523
12,1,13,0.6990667746156102
11,2,13,0.7641629005282548
4,9,13,0.07633250114228259
8,5,13,0.8597792096635031
11,2,13,0.0569687888815355
8,5,13,0.1376319999999998
9,4,13,0.5605686154146111
11,2,13,0.7925166447343686
11,2,13,NaN
10,3,13,0.31924494718534235
7,6,13,NaN
8,5,13,0.31128496075105533
7,6,13,0.31128496075105533
9,4,13,0.5763309333349705
10,3,13,0.05728159653482124
9,4,13,0.13559932380851608
9,4,13,0.11265951424683197
13,0,13,NaN
13,0,13,0.6990667746156102
8,5,13,0.22177030813679238
10,3,13,0.8395040133151549
10,3,13,0.011735071782216047
9,4,13,NaN
8,5,13,0.40275077197785114
12,1,13,2.788776789067458e-6
11,2,13,0.7935044333738318
8,5,13,NaN
6,7,13,0.7925166447343686
11,2,13,0.6544793908273733
11,2,13,0.6185582093370283
9,4,13,0.9747128701728911
11,2,13,0.11212018654435618
9,4,13,NaN
13,0,13,0.5592712590875928
11,2,13,0.9055500868206833
10,3,13,0.3977596726363425
8,5,13,NaN
12,1,13,NaN
8,5,13,NaN
9,4,13,NaN
9,4,13,0.05745838800693621
6,7,13,0.2689006288632461
11,2,13,0.531729986764269
9,4,13,0.07633250114228259
9,4,13,NaN
12,1,13,0.5757595332036677
7,6,13,NaN
9,4,13,NaN
9,4,13,0.9740905083087429
10,3,13,0.11506626814572715
8,5,13,NaN
9,4,13,0.483768449142263
12,1,13,0.09231492850715031
10,3,13,0.3013651983056525
7,6,13,0.2656875645857021
8,5,13,0.0009775841584143525
13,0,13,0.11449106129322133
10,3,13,0.8185843942460208
10,3,13,0.34926187684352356
8,5,13,0.07633250114228259
11,2,13,0.2736599385245901
9,4,13,NaN
11,2,13,NaN
12,1,13,0.8395040133151549
10,3,13,0.00829404517453861
10,3,13,0.03230741676234196
7,6,13,0.9545172331467973
13,0,13,NaN
8,5,13,0.8597792096635031
11,2,13,0.11835585687382275
7,6,13,0.34926187684352356
6,7,13,NaN
10,3,13,0.8439134469906977
5,8,13,NaN
8,5,13,0.13715165882472305
12,1,13,0.1026612005498701
7,6,13,0.08131078488510544
9,4,13,0.1376319999999998
11,2,13,1.9017720617765467e-14
11,2,13,0.8770122193000203
9,4,13,0.7332177371595686
8,5,13,0.1376319999999998
10,3,13,0.1026612005498701
5,8,13,0.20936945520216732
11,2,13,0.05261899553288161
13,0,13,NaN
6,7,13,0.03230741676234196
12,1,13,0.034682216080708025
10,3,13,0.8597792096635031
10,3,13,0.893076864532752
8,5,13,0.43614794933242046
8,5,13,NaN
6,7,13,0.39340879562494835
11,2,13,0.001625073700412982
12,1,13,0.7332177371595686
11,2,13,0.9403168816802133
9,4,13,0.3900274576551098
11,2,13,0.9096776467547334
11,2,13,0.8395040133151549
11,2,13,0.028600161615982552
11,2,13,NaN
11,2,13,NaN
10,3,13,0.004274563343338333
11,2,13,0.893076864532752
9,4,13,0.39307221318212693
8,5,13,NaN
9,4,13,0.1026612005498701
11,2,13,NaN
9,4,13,0.06525587975951877
10,3,13,NaN
11,2,13,0.20936945520216732
11,2,13,0.2736599385245901
12,1,13,0.2736599385245901
11,2,13,0.390088581715401
11,2,13,0.013088652593739094
9,4,13,0.07075080505478892
11,2,13,0.20936945520216732
12,1,13,NaN
9,4,13,NaN
12,1,13,0.001450341113107375
7,6,13,0.002283524712164039
12,1,13,0.980101638801523
11,2,13,0.03603773157019766
9,4,13,0.0032962120786134584
12,1,13,0.330845548796561
11,2,13,0.6185582093370283
11,2,13,0.2775409821577231
9,4,13,0.20936945520216732
10,3,13,0.34926187684352356
9,4,13,0.7641629005282548
9,4,13,0.10891074481822334
11,2,13,0.24039576389531606
10,3,13,NaN
9,4,13,NaN
12,1,13,0.0007692192826764156
10,3,13,0.9686139634526727
7,6,13,0.390088581715401
11,2,13,NaN
6,7,13,0.7332177371595686
10,3,13,0.7925166447343686
11,2,13,0.4584311607910716
9,4,13,0.31128496075105533
7,6,13,NaN
6,7,13,0.1642437677400656
5,8,13,0.05276725805970953
12,1,13,0.21530613828703424
11,2,13,0.34926187684352356
9,4,13,0.6613966634587408
8,5,13,0.6577257041182609
11,2,13,0.8395040133151549
7,6,13,0.04937587322664477
11,2,13,0.00012657992854475813
8,5,13,0.003788441268422185
13,0,13,0.34255276744214846
10,3,13,0.6185582093370283
10,3,13,NaN
11,2,13,NaN
8,5,13,NaN
7,6,13,0.0030892543021027673
9,4,13,NaN
5,8,13,0.34669525622170844
9,4,13,0.3310658935063618
8,5,13,NaN
6,7,13,0.483768449142263
8,5,13,0.7332177371595686
7,6,13,0.7641629005282548
8,5,13,NaN
12,1,13,0.483768449142263
8,5,13,0.4313294878196341
12,1,13,NaN
8,5,13,0.7641629005282548
10,3,13,NaN
9,4,13,0.5757595332036677
11,2,13,0.585604093981886
8,5,13,0.22573567396169214
9,4,13,NaN
10,3,13,0.8770122193000203
9,4,13,0.483768449142263
9,4,13,NaN
10,3,13,NaN
11,2,13,0.06721180195946935
6,7,13,0.31128496075105533
11,2,13,0.5757595332036677
10,3,13,NaN
8,5,13,0.5757595332036677
13,0,13,0.1026612005498701
11,2,13,0.6185582093370283
11,2,13,0.8770122193000203
8,5,13,0.45574032487896876
11,2,13,NaN
8,5,13,0.893076864532752
10,3,13,NaN
11,2,13,0.2933578487601365
9,4,13,0.43614794933242046
10,3,13,0.8597792096635031
3,10,13,NaN
6,7,13,0.390088581715401
9,4,13,0.07633250114228259
7,6,13,NaN
6,7,13,0.35513696378680537
8,5,13,0.5757595332036677
11,2,13,0.09752738134566356
4,9,13,0.9433412321949546
4,9,13,0.8770122193000203
11,2,13,NaN
8,5,13,0.9621212187708652
7,6,13,0.7641629005282548
9,4,13,0.23998440172325927
10,3,13,0.8185843942460208
12,1,13,0.9747128701728911
10,3,13,0.8066627967150805
11,2,13,0.0002911551349851229
7,6,13,0.255110557217973
9,4,13,0.3654288304717093
10,3,13,0.20936945520216732
10,3,13,0.30766134932571504
7,6,13,0.33728827817688073
10,3,13,0.531729986764269
10,3,13,0.00011536512877685548
10,3,13,0.9433412321949546
12,1,13,0.9209789316492126
12,1,13,0.531729986764269
11,2,13,NaN
10,3,13,NaN
13,0,13,0.15921953565114888
4,9,13,0.18342590517711166
11,2,13,0.9614248710601718
9,4,13,0.531729986764269
12,1,13,NaN
6,7,13,0.4817239039239494
7,6,13,0.9079098270401949
10,3,13,0.15921953565114888
7,6,13,0.34926187684352356
11,2,13,NaN
11,2,13,0.027150137488542374
12,1,13,NaN
8,5,13,NaN
9,4,13,NaN
8,5,13,NaN
9,4,13,NaN
10,3,13,NaN
12,1,13,0.31924494718534235
10,3,13,0.43025846073510815
4,9,13,NaN
9,4,13,0.2736599385245901
8,5,13,0.3708774108892309
8,5,13,NaN
8,5,13,NaN
12,1,13,0.8354695659274475
6,7,13,4.639332898226206e-8
7,6,13,0.23998440172325927
8,5,13,NaN
11,2,13,0.34926187684352356
11,2,13,0.6990667746156102
9,4,13,NaN
9,4,13,0.06525587975951877
11,2,13,0.1814554476813263
7,6,13,0.006082193050191918
9,4,13,NaN
10,3,13,0.6185582093370283
8,5,13,0.8597792096635031
9,4,13,0.03230741676234196
7,6,13,NaN
5,8,13,0.36448115625873156
11,2,13,0.9040149738180426
10,3,13,0.531729986764269
10,3,13,NaN
8,5,13,NaN
9,4,13,0.1584786104525426
8,5,13,NaN
8,5,13,0.483768449142263
7,6,13,0.29752008573103583
7,6,13,NaN
10,3,13,NaN
8,5,13,NaN
8,5,13,0.531729986764269
11,2,13,0.10323341992952213
7,6,13,0.8770122193000203
9,4,13,0.16712866113109823
6,7,13,0.39547847015511944
10,3,13,0.4171380130451259
5,8,13,0.7605140857800008
8,5,13,NaN
10,3,13,0.055463098643265145
10,3,13,0.23998440172325927
8,5,13,0.18415710021470522
10,3,13,0.07633250114228259
11,2,13,0.7641629005282548
8,5,13,0.18342590517711166
9,4,13,NaN
12,1,13,0.23998440172325927
10,3,13,0.31128496075105533
3,10,13,0.7641629005282548
8,5,13,0.34926187684352356
10,3,13,0.31128496075105533
12,1,13,0.10907907093211638
7,6,13,0.00022852271961980918
7,6,13,NaN
9,4,13,NaN
7,6,13,NaN
9,4,13,NaN
8,5,13,0.1392877754842181
7,6,13,0.0046083224908301705
10,3,13,0.8185843942460208
7,6,13,0.005984959124630316
8,5,13,0.20585542231012063
5,8,13,0.22892906759382656
4,9,13,NaN
9,4,13,0.3042007367616033
4,9,13,0.04187338623119312
11,2,13,0.390088581715401
10,3,13,0.13232809447263544
9,4,13,0.08869205529953894
9,4,13,NaN
10,3,13,0.7470239550011291
9,4,13,NaN
12,1,13,0.0569687888815355
12,1,13,NaN
10,3,13,3.5342994140439584e-8
10,3,13,0.035190764938117146
10,3,13,0.6613966634587408
13,0,13,0.9952885516359501
7,6,13,NaN
12,1,13,NaN
10,3,13,0.44395915961689175
13,0,13,0.7332177371595686
11,2,13,0.8130550058173163
7,6,13,0.20936945520216732
10,3,13,0.021663718021091148
11,2,13,0.9079098270401949
9,4,13,NaN
11,2,13,0.04937587322664477
5,8,13,0.3680062425026455
7,6,13,NaN
13,0,13,0.9614248710601718
10,3,13,0.7730328591093432
10,3,13,0.1376319999999998
10,3,13,0.08869205529953894
6,7,13,0.01082245431430795
7,6,13,NaN
7,6,13,NaN
7,6,13,0.390088581715401
12,1,13,0.9209789316492126
12,1,13,NaN
8,5,13,0.00014514019199979455
9,4,13,0.5757595332036677
9,4,13,NaN
10,3,13,0.7641629005282548
10,3,13,0.6613966634587408
11,2,13,0.8430728865298635
9,4,13,NaN
9,4,13,NaN
13,0,13,0.9209789316492126
7,6,13,NaN
9,4,13,NaN
10,3,13,NaN
9,4,13,NaN
9,4,13,0.22036439232865215
13,0,13,0.23998440172325927
11,2,13,0.7641629005282548
9,4,13,0.8597792096635031
8,5,13,0.8395040133151549
11,2,13,0.08869205529953894
6,7,13,NaN
7,6,13,NaN
8,5,13,0.7641629005282548
10,3,13,0.4180583414487013
7,6,13,NaN
10,3,13,0.08869205529953894
9,4,13,0.3102983000410172
7,6,13,0.007003252747251538
13,0,13,0.5757595332036677
12,1,13,0.8439134469906977
8,5,13,NaN
9,4,13,0.5002714751569745
6,7,13,0.1026612005498701
12,1,13,NaN
7,6,13,0.893076864532752
12,1,13,0.6990667746156102
10,3,13,0.7332177371595686
8,5,13,NaN
9,4,13,NaN
2,11,13,NaN
8,5,13,0.48299930547282477
8,5,13,0.011810305524924604
9,4,13,0.2579042808851361
12,1,13,NaN
8,5,13,0.9209789316492126
10,3,13,0.43516302245992766
7,6,13,0.7641629005282548
7,6,13,NaN
8,5,13,0.43614794933242046
10,3,13,NaN
6,7,13,0.531729986764269
6,7,13,0.04937587322664477
10,3,13,NaN
10,3,13,0.00352037150464529
9,4,13,0.483768449142263
8,5,13,0.058751702370273405
7,6,13,0.560681281690559
8,5,13,0.390088581715401
7,6,13,NaN
6,7,13,0.6990667746156102
10,3,13,0.9597534367178027
9,4,13,NaN
10,3,13,0.390088581715401
9,4,13,0.34926187684352356
8,5,13,0.31128496075105533
11,2,13,0.0857454008235716
4,9,13,0.15921953565114888
12,1,13,0.8395040133151549
7,6,13,0.893076864532752
7,6,13,0.7332177371595686
7,6,13,NaN
9,4,13,0.007003252747251538
8,5,13,0.06525587975951877
12,1,13,0.001115774874459598
6,7,13,0.8185843942460208
11,2,13,0.483768449142263
13,0,13,0.7332177371595686
9,4,13,0.9940320922471844
11,2,13,0.04937587322664477
7,6,13,0.15921953565114888
6,7,13,0.003788441268422185
13,0,13,0.1026612005498701
8,5,13,0.34926187684352356
5,8,13,0.20241048554965532
10,3,13,0.483768449142263
4,9,13,0.001087682627941217
8,5,13,0.9565900833755396
8,5,13,0.11835585687382275
8,5,13,NaN
7,6,13,0.012022118863049316
12,1,13,NaN
11,2,13,NaN
9,4,13,0.014302811501596825
10,3,13,NaN
6,7,13,NaN
13,0,13,NaN
8,5,13,NaN
6,7,13,0.08869205529953894
9,4,13,0.531729986764269
11,2,13,0.23586169473738167
10,3,13,0.00829404517453861
10,3,13,NaN
11,2,13,0.10733328371946868
11,2,13,NaN
10,3,13,0.6990667746156102
2,11,13,NaN
6,7,13,0.44977209482474156
9,4,13,0.026837493986903837
9,4,13,0.20936945520216732
9,4,13,0.003141413654045658
11,2,13,0.4229562787072568
8,5,13,NaN
6,7,13,0.8720421626239891
9,4,13,0.6185582093370283
8,5,13,0.2287848549746581
9,4,13,0.9326921332428637
7,6,13,0.20936945520216732
9,4,13,0.0569687888815355
7,6,13,0.893076864532752
12,1,13,NaN
9,4,13,NaN
10,3,13,0.7641629005282548
8,5,13,0.23998440172325927
9,4,13,0.014302811501596825
12,1,13,0.5945736147673963
8,5,13,0.5222525107795589
11,2,13,NaN
9,4,13,NaN
6,7,13,0.15253251237188928
10,3,13,0.7925166447343686
6,7,13,NaN
5,8,13,NaN
11,2,13,NaN
6,7,13,0.9281135527345504
11,2,13,NaN
10,3,13,0.3706004820113899
7,6,13,NaN
4,9,13,0.08603854446441817
10,3,13,0.6675251573382264
9,4,13,0.20936945520216732
6,7,13,0.9209789316492126
9,4,13,NaN
9,4,13,NaN
7,6,13,0.5170897945552569
9,4,13,0.0028043141261598873
11,2,13,0.483768449142263
11,2,13,0.18402335704894165
8,5,13,0.7332177371595686
11,2,13,NaN
10,3,13,0.2736599385245901
11,2,13,0.9452414378483109
9,4,13,NaN
8,5,13,0.7332177371595686
11,2,13,0.005526676437103962
9,4,13,0.18342590517711166
10,3,13,0.3883386089770039
9,4,13,0.9848027522935779
11,2,13,0.026925778154635698
9,4,13,NaN
9,4,13,0.9209789316492126
10,3,13,0.9079098270401949
9,4,13,0.8466593992990097
11,2,13,NaN
13,0,13,0.5757595332036677
7,6,13,0.5003796211970915
11,2,13,0.7925166447343686
9,4,13,0.9614248710601718
6,7,13,0.6613966634587408
10,3,13,0.8280095136300987
5,8,13,NaN
9,4,13,NaN
8,5,13,0.033211682626518996
5,8,13,0.23998440172325927
8,5,13,NaN
6,7,13,0.483768449142263
11,2,13,0.6613966634587408
6,7,13,0.9675986097793022
5,8,13,NaN
10,3,13,0.1376319999999998
8,5,13,0.6990667746156102
12,1,13,0.20936945520216732
10,3,13,0.9079098270401949
7,6,13,0.23998440172325927
7,6,13,0.483768449142263
4,9,13,0.35786429902364847
11,2,13,0.005218373985522614
8,5,13,0.710410651171062
10,3,13,0.29660096583685003
8,5,13,NaN
6,7,13,0.8185843942460208
5,8,13,0.28123987660644484
8,5,13,NaN
11,2,13,NaN
11,2,13,NaN
5,8,13,0.6990667746156102
5,8,13,0.012719482389690657
10,3,13,0.0016111163850265253
10,3,13,0.29221472464951725
9,4,13,0.9209789316492126
8,5,13,NaN
10,3,13,NaN
11,2,13,0.15921953565114888
10,3,13,NaN
10,3,13,0.6990667746156102
9,4,13,NaN
10,3,13,NaN
8,5,13,0.006082193050191918
10,3,13,NaN
10,3,13,0.016627813551177786
7,6,13,NaN
10,3,13,NaN
8,5,13,0.2736599385245901
10,3,13,0.6185582093370283
10,3,13,0.14119446359709384
8,5,13,0.9534153129152887
9,4,13,NaN
9,4,13,0.05338766779846238
9,4,13,0.06004739584758392
10,3,13,NaN
9,4,13,0.8959518929359591
10,3,13,0.2889523941309023
8,5,13,0.6990667746156102
9,4,13,0.7641629005282548
12,1,13,0.15921953565114888
10,3,13,0.12390041476341097
8,5,13,0.893076864532752
10,3,13,0.00018948864695044195
10,3,13,NaN
10,3,13,NaN
7,6,13,0.04382406448956184
3,10,13,0.390088581715401
6,7,13,NaN
12,1,13,NaN
6,7,13,0.5757595332036677
7,6,13,0.8597792096635031
6,7,13,NaN
8,5,13,0.390088581715401
6,7,13,0.09465463737610944
8,5,13,NaN
4,9,13,0.9433412321949546
7,6,13,0.31385017035345075
11,2,13,0.18342590517711166
11,2,13,0.531729986764269
7,6,13,0.0033830001697148604
6,7,13,NaN
13,0,13,0.6990667746156102
11,2,13,0.7925166447343686
8,5,13,0.43614794933242046
7,6,13,NaN
7,6,13,0.6166771502382946
12,1,13,NaN
7,6,13,NaN
9,4,13,0.00829404517453861
7,6,13,0.703328724750363
6,7,13,0.8569548441502347
7,6,13,0.43614794933242046
9,4,13,0.8395040133151549
6,7,13,NaN
7,6,13,0.08869205529953894
6,7,13,0.24824965460085582
8,5,13,0.531729986764269
6,7,13,NaN
8,5,13,0.5780660506944091
6,7,13,0.5098317807053887
8,5,13,NaN
9,4,13,0.483768449142263
8,5,13,0.9079098270401949
13,0,13,0.03230741676234196
10,3,13,0.8395040133151549
6,7,13,NaN
8,5,13,0.39732631372439997
12,1,13,0.05617276001002554
8,5,13,NaN
11,2,13,0.43614794933242046
6,7,13,NaN
9,4,13,NaN
7,6,13,0.7332177371595686
7,6,13,0.6185582093370283
8,5,13,0.049756228455594666
4,9,13,0.6185582093370283
8,5,13,NaN
6,7,13,0.12567753987700844
9,4,13,0.980101638801523
10,3,13,0.031139455321913118
10,3,13,0.21937196477498655
6,7,13,0.04937587322664477
10,3,13,0.8185843942460208
10,3,13,0.7925166447343686
7,6,13,0.6185582093370283
6,7,13,0.7332177371595686
8,5,13,0.11356731048703078
6,7,13,NaN
6,7,13,0.5522684827995845
12,1,13,0.6185582093370283
5,8,13,0.18342590517711166
6,7,13,0.6284606796152472
11,2,13,0.22892906759382656
6,7,13,0.18342590517711166
11,2,13,0.6990667746156102
7,6,13,0.18342590517711166
9,4,13,NaN
8,5,13,0.967671050230962
8,5,13,0.15921953565114888
5,8,13,0.9888383068434982
9,4,13,0.13554197421141004
7,6,13,0.44056170724399724
11,2,13,NaN
9,4,13,NaN
6,7,13,0.46672097630673065
8,5,13,4.5100234678483367e-7
5,8,13,NaN
9,4,13,0.5212534833146459
10,3,13,0.15921953565114888
9,4,13,NaN
8,5,13,NaN
10,3,13,0.18342590517711166
12,1,13,0.21103418372080227
10,3,13,0.43614794933242046
11,2,13,0.39732595048527836
9,4,13,0.04937587322664477
8,5,13,1.0512621999821955e-5
9,4,13,NaN
10,3,13,0.6185582093370283
9,4,13,0.06525587975951877
8,5,13,0.8815613782088523
3,10,13,0.41716321716087185
8,5,13,0.03281741490189986
6,7,13,0.31128496075105533
9,4,13,0.019597495016254417
9,4,13,0.6613966634587408
9,4,13,0.5616926379828182
6,7,13,NaN
10,3,13,0.9326921332428637
10,3,13,NaN
11,2,13,NaN
6,7,13,0.7925166447343686
11,2,13,0.9079098270401949
5,8,13,0.7470239550011291
8,5,13,0.6613966634587408
10,3,13,0.14049256850002345
9,4,13,0.9209789316492126
5,8,13,0.2827719797019191
11,2,13,0.6613966634587408
8,5,13,0.9534153129152887
8,5,13,NaN
5,8,13,0.04937587322664477
3,10,13,0.8395040133151549
3,10,13,0.9599354719478888
6,7,13,NaN
7,6,13,0.004431743576002646
10,3,13,0.0021679292106529047
5,8,13,0.43614794933242046
10,3,13,0.31516058861278834
10,3,13,0.2736599385245901
9,4,13,NaN
9,4,13,0.323573460039637
11,2,13,0.7882242152559904
10,3,13,0.5757595332036677
4,9,13,0.8185843942460208
10,3,13,0.483768449142263
9,4,13,0.8185843942460208
11,2,13,0.23998440172325927
9,4,13,0.6952791823641344
8,5,13,0.18342590517711166
8,5,13,0.08869205529953894
8,5,13,0.7332177371595686
5,8,13,0.6818443464993732
7,6,13,0.30746299205241734
9,4,13,NaN
8,5,13,0.6990667746156102
6,7,13,0.2736599385245901
8,5,13,NaN
9,4,13,0.375089120443754
5,8,13,0.03230741676234196
11,2,13,0.1026612005498701
10,3,13,0.22892906759382656
8,5,13,0.9614248710601718
10,3,13,0.8118402742409159
7,6,13,0.6990667746156102
5,8,13,0.18342590517711166
7,6,13,NaN
4,9,13,0.8185843942460208
6,7,13,0.9444758416552013
8,5,13,0.002022620217508889
6,7,13,NaN
7,6,13,0.6185582093370283
7,6,13,NaN
3,10,13,0.531729986764269
8,5,13,NaN
13,0,13,NaN
7,6,13,NaN
7,6,13,0.2736599385245901
6,7,13,0.000584967414917312
5,8,13,0.9209789316492126
11,2,13,0.6985149481115056
6,7,13,0.5757595332036677
4,9,13,0.11750165507257354
5,8,13,NaN
5,8,13,NaN
7,6,13,NaN
6,7,13,0.7332177371595686
7,6,13,0.023435629564671455
9,4,13,NaN
5,8,13,0.1279758113266246
5,8,13,NaN
9,4,13,0.23998440172325927
4,9,13,NaN
9,4,13,0.027150137488542374
10,3,13,0.9484668220256333
5,8,13,0.40481623991342824
5,8,13,0.043199805379105054
9,4,13,NaN
6,7,13,0.37379055756157903
6,7,13,NaN
5,8,13,NaN
8,5,13,0.15921953565114888
6,7,13,0.9326921332428637
8,5,13,0.7582271649271727
3,10,13,NaN
3,10,13,NaN
9,3,12,0.7277910133953862
8,4,12,0.8185843942460208
7,5,12,0.390088581715401
10,2,12,NaN
7,5,12,NaN
10,2,12,NaN
9,3,12,0.019519080662983124
10,2,12,0.7853387871763059
7,5,12,NaN
9,3,12,NaN
7,5,12,0.08869205529953894
7,5,12,0.8597792096635031
9,3,12,0.9686139634526727
9,3,12,0.4689156560029013
7,5,12,0.9848027522935779
7,5,12,0.9138944566319953
10,2,12,0.6715086718348188
8,4,12,0.1376319999999998
7,5,12,0.483768449142263
8,4,12,0.6613966634587408
6,6,12,NaN
7,5,12,NaN
8,4,12,NaN
8,4,12,NaN
6,6,12,0.390088581715401
9,3,12,0.7512299760214655
7,5,12,0.08869205529953894
11,1,12,0.18342590517711166
11,1,12,2.109575731756411e-6
4,8,12,0.1026612005498701
5,7,12,0.014508686610031938
8,4,12,0.33372149774144877
7,5,12,0.7332177371595686
10,2,12,0.541837447934544
6,6,12,0.6990667746156102
7,5,12,0.9747128701728911
11,1,12,NaN
9,3,12,0.5757595332036677
7,5,12,0.9079098270401949
8,4,12,NaN
11,1,12,NaN
9,3,12,NaN
9,3,12,0.6990667746156102
10,2,12,0.07633250114228259
12,0,12,0.9071352322312466
12,0,12,0.20936945520216732
7,5,12,NaN
5,7,12,0.6184104439478766
11,1,12,0.11835585687382275
9,3,12,NaN
10,2,12,0.1909010445319506
8,4,12,0.08869205529953894
11,1,12,0.001450341113107375
5,7,12,0.00041418128108417336
11,1,12,0.9138944566319953
6,6,12,0.31128496075105533
9,3,12,NaN
7,5,12,0.12023438523711903
11,1,12,0.8395040133151549
12,0,12,0.04331387598237286
8,4,12,0.7641629005282548
9,3,12,0.12390041476341097
10,2,12,0.15921953565114888
7,5,12,0.37139722799597047
9,3,12,0.2551117444414783
8,4,12,NaN
12,0,12,0.31385017035345075
10,2,12,0.537900881111369
9,3,12,NaN
8,4,12,0.08869205529953894
10,2,12,0.6990667746156102
10,2,12,0.00977965527934502
7,5,12,0.23927579163334914
10,2,12,NaN
9,3,12,0.9534153129152887
9,3,12,0.3310658935063618
9,3,12,0.6185582093370283
6,6,12,0.6688932271996622
12,0,12,0.390088581715401
7,5,12,0.02256000024919674
7,5,12,0.6990667746156102
10,2,12,0.7925166447343686
8,4,12,NaN
9,3,12,0.9747128701728911
8,4,12,0.7641629005282548
10,2,12,0.8597792096635031
8,4,12,0.18342590517711166
7,5,12,0.4531190990902127
9,3,12,1.4931109977958981e-6
5,7,12,0.8597792096635031
10,2,12,0.003419888498663141
9,3,12,0.11835585687382275
10,2,12,0.1376319999999998
10,2,12,NaN
7,5,12,NaN
10,2,12,NaN
12,0,12,0.4990660252443078
10,2,12,0.43614794933242046
11,1,12,0.21428703001955357
9,3,12,NaN
10,2,12,0.43614794933242046
7,5,12,0.9326921332428637
8,4,12,0.043199805379105054
7,5,12,NaN
9,3,12,0.7757409649570324
10,2,12,NaN
8,4,12,0.03782247324613561
8,4,12,0.5757595332036677
11,1,12,0.9326921332428637
7,5,12,0.6613966634587408
9,3,12,0.22375730346751577
5,7,12,NaN
8,4,12,0.749359964362704
8,4,12,0.1376319999999998
10,2,12,0.18339155183148337
7,5,12,0.20936945520216732
8,4,12,0.15921953565114888
11,1,12,0.011664956779138366
10,2,12,0.6185582093370283
11,1,12,0.2674948595196502
10,2,12,0.021766501294557546
8,4,12,0.1376319999999998
10,2,12,0.13212253669251803
8,4,12,0.1026612005498701
9,3,12,0.24265001291699886
5,7,12,0.7641629005282548
9,3,12,0.1992581997601379
11,1,12,NaN
7,5,12,0.6185582093370283
9,3,12,0.8899481007770936
8,4,12,NaN
8,4,12,0.1376319999999998
9,3,12,0.043199805379105054
8,4,12,0.7470239550011291
9,3,12,0.531729986764269
7,5,12,0.5757595332036677
10,2,12,0.531729986764269
12,0,12,0.43614794933242046
11,1,12,0.6185582093370283
8,4,12,0.3566774067387504
10,2,12,0.9427372287348289
8,4,12,0.31128496075105533
7,5,12,0.6544793908273733
10,2,12,NaN
11,1,12,0.003119565359052384
10,2,12,8.81362439875841e-6
8,4,12,NaN
9,3,12,0.5863015938848039
11,1,12,0.03355007514069377
4,8,12,NaN
8,4,12,NaN
7,5,12,0.9925270385647629
8,4,12,0.43614794933242046
7,5,12,0.6613966634587408
5,7,12,NaN
9,3,12,NaN
9,3,12,0.06599596761383968
10,2,12,NaN
7,5,12,0.0569687888815355
9,3,12,0.8031960249980263
7,5,12,NaN
10,2,12,0.18342590517711166
5,7,12,0.9895108160440628
9,3,12,0.43614794933242046
10,2,12,0.5757595332036677
7,5,12,0.019519080662983124
9,3,12,0.483768449142263
11,1,12,0.0003633105352887954
12,0,12,NaN
8,4,12,0.007003252747251538
10,2,12,NaN
10,2,12,0.5766102806757265
8,4,12,0.4526590152587507
10,2,12,0.43614794933242046
9,3,12,NaN
10,2,12,0.4758497275991378
11,1,12,0.027150137488542374
10,2,12,NaN
11,1,12,0.6613966634587408
11,1,12,0.014302811501596825
10,2,12,0.18289175153557002
9,3,12,NaN
9,3,12,NaN
9,3,12,0.08869205529953894
7,5,12,NaN
9,3,12,0.07633250114228259
8,4,12,0.022597300448481066
9,3,12,NaN
8,4,12,NaN
9,3,12,0.9534153129152887
9,3,12,0.5757595332036677
7,5,12,0.15921953565114888
12,0,12,NaN
11,1,12,NaN
6,6,12,0.5780660506944091
11,1,12,NaN
5,7,12,2.8915661847372646e-5
5,7,12,0.25952640369237745
7,5,12,NaN
4,8,12,0.8597792096635031
9,3,12,NaN
12,0,12,0.8031960249980263
9,3,12,0.6990667746156102
10,2,12,0.9888383068434982
9,3,12,NaN
7,5,12,0.029251171761279924
7,5,12,0.012022118863049316
8,4,12,NaN
8,4,12,0.7238266136637509
10,2,12,5.407587689365496e-7
8,4,12,0.6185582093370283
10,2,12,NaN
11,1,12,0.017313805963278153
7,5,12,0.9079098270401949
5,7,12,0.6613966634587408
7,5,12,NaN
9,3,12,NaN
9,3,12,0.6701343507063929
9,3,12,0.6613966634587408
8,4,12,NaN
10,2,12,0.7332177371595686
7,5,12,NaN
7,5,12,0.012022118863049316
12,0,12,0.7925166447343686
10,2,12,NaN
10,2,12,0.016627813551177786
9,3,12,NaN
7,5,12,NaN
8,4,12,NaN
8,4,12,0.1576682282874721
8,4,12,0.12145075960560672
8,4,12,0.38886653776615526
6,6,12,NaN
10,2,12,0.15772478254008926
12,0,12,NaN
10,2,12,NaN
8,4,12,0.9747128701728911
11,1,12,0.04937587322664477
7,5,12,0.8597792096635031
10,2,12,0.8597792096635031
9,3,12,0.6185582093370283
9,3,12,NaN
5,7,12,0.05379176160181524
5,7,12,NaN
7,5,12,NaN
11,1,12,0.08342803344362043
10,2,12,0.13717722402408927
10,2,12,0.3696275741947223
8,4,12,NaN
10,2,12,NaN
12,0,12,0.18342590517711166
10,2,12,NaN
8,4,12,0.6570853097481938
5,7,12,0.1491321214801029
9,3,12,0.20398578930023334
9,3,12,NaN
9,3,12,0.31128496075105533
7,5,12,0.531729986764269
6,6,12,NaN
9,3,12,0.6990667746156102
9,3,12,NaN
7,5,12,0.18342590517711166
7,5,12,0.027150137488542374
7,5,12,0.11835585687382275
7,5,12,NaN
10,2,12,0.5757595332036677
8,4,12,NaN
8,4,12,0.03215706024212413
9,3,12,NaN
8,4,12,0.18342590517711166
10,2,12,NaN
7,5,12,0.503429902019479
8,4,12,0.9686139634526727
5,7,12,0.31128496075105533
8,4,12,NaN
7,5,12,0.08869205529953894
10,2,12,0.3611256291161324
6,6,12,NaN
10,2,12,0.09379529786469648
10,2,12,0.0058440151814954
7,5,12,NaN
8,4,12,NaN
7,5,12,0.43114660187239917
7,5,12,0.014302811501596825
11,1,12,0.027150137488542374
7,5,12,0.6613966634587408
12,0,12,NaN
6,6,12,0.7332177371595686
10,2,12,8.612046680803774e-6
7,5,12,0.7332177371595686
8,4,12,NaN
10,2,12,0.07633250114228259
9,3,12,NaN
6,6,12,0.9209789316492126
9,3,12,0.011968994760435775
11,1,12,0.893076864532752
11,1,12,0.8770122193000203
4,8,12,0.0041659793186033705
10,2,12,5.315687419194047e-9
7,5,12,NaN
8,4,12,0.003061528894086881
8,4,12,0.34926187684352356
9,3,12,0.5757595332036677
7,5,12,0.3565763969162567
9,3,12,NaN
11,1,12,0.483768449142263
9,3,12,0.5235575948742167
8,4,12,0.6990667746156102
10,2,12,0.8770122193000203
9,3,12,0.7925166447343686
8,4,12,0.005133983308373616
6,6,12,0.9079098270401949
6,6,12,NaN
8,4,12,0.5817498556510571
9,3,12,NaN
9,3,12,NaN
10,2,12,NaN
10,2,12,NaN
8,4,12,NaN
9,3,12,NaN
10,2,12,0.893076864532752
9,3,12,0.6613966634587408
10,2,12,0.01597256487265263
5,7,12,0.043199805379105054
11,1,12,0.23998440172325927
6,6,12,NaN
10,2,12,0.4442112435529582
11,1,12,NaN
11,1,12,NaN
4,8,12,0.6943375644258158
10,2,12,NaN
10,2,12,0.8185843942460208
6,6,12,0.8770122193000203
10,2,12,NaN
8,4,12,0.20936945520216732
9,3,12,0.043199805379105054
7,5,12,0.1004159907511305
10,2,12,NaN
8,4,12,0.07633250114228259
12,0,12,NaN
8,4,12,NaN
12,0,12,NaN
11,1,12,0.002514442743431079
6,6,12,0.7925166447343686
12,0,12,0.7479411980436067
9,3,12,NaN
12,0,12,NaN
7,5,12,NaN
9,3,12,NaN
4,8,12,0.5757595332036677
6,6,12,0.07633250114228259
7,5,12,0.7175366239048164
10,2,12,0.531729986764269
9,3,12,0.8395040133151549
10,2,12,0.1376319999999998
8,4,12,0.26724634424321336
7,5,12,0.18342590517711166
9,3,12,0.003255784895810717
8,4,12,0.531729986764269
8,4,12,0.1026612005498701
6,6,12,0.10474699239068398
7,5,12,0.9614248710601718
9,3,12,0.390088581715401
5,7,12,0.0569687888815355
9,3,12,0.7332177371595686
7,5,12,NaN
7,5,12,0.390088581715401
11,1,12,0.23998440172325927
11,1,12,0.42943092277892264
12,0,12,NaN
9,3,12,0.5976377428652669
9,3,12,0.2736599385245901
12,0,12,NaN
8,4,12,0.8185843942460208
11,1,12,0.1026612005498701
9,3,12,NaN
9,3,12,0.5757595332036677
10,2,12,0.8597792096635031
6,6,12,0.9747128701728911
6,6,12,NaN
7,5,12,0.9209789316492126
9,3,12,3.218904474227422e-5
5,7,12,0.34926187684352356
10,2,12,0.8770122193000203
6,6,12,NaN
9,3,12,NaN
7,5,12,0.6613966634587408
8,4,12,0.7463553004550284
11,1,12,0.043199805379105054
11,1,12,NaN
9,3,12,0.03230741676234196
10,2,12,0.3627710739850452
11,1,12,0.8395040133151549
9,3,12,0.3937126046170264
12,0,12,0.6613966634587408
9,3,12,0.43614794933242046
10,2,12,0.7925166447343686
9,3,12,0.009450290282409585
8,4,12,0.7641629005282548
8,4,12,NaN
9,3,12,0.893076864532752
6,6,12,0.28773259511613514
9,3,12,0.48698590430912275
8,4,12,NaN
11,1,12,NaN
6,6,12,0.11795977596122421
5,7,12,0.43614794933242046
10,2,12,NaN
7,5,12,8.822224847176124e-13
7,5,12,NaN
9,3,12,0.3308494572043728
9,3,12,0.6613966634587408
9,3,12,0.020020094443725517
9,3,12,0.6613966634587408
12,0,12,0.7332177371595686
8,4,12,0.893076864532752
10,2,12,0.12390041476341097
10,2,12,0.531729986764269
11,1,12,NaN
6,6,12,0.6185582093370283
12,0,12,0.34926187684352356
6,6,12,0.08869205529953894
6,6,12,NaN
10,2,12,0.5162799594927229
9,3,12,NaN
6,6,12,0.1376319999999998
8,4,12,0.15921953565114888
9,3,12,0.12532444304236073
9,3,12,0.893076864532752
8,4,12,0.0011023829669764853
9,3,12,NaN
11,1,12,0.06525587975951877
10,2,12,NaN
8,4,12,0.9895628940079707
12,0,12,NaN
11,1,12,0.03782247324613561
11,1,12,0.14341372939388958
6,6,12,0.2816698898264103
10,2,12,NaN
8,4,12,0.627805641850532
8,4,12,NaN
9,3,12,NaN
11,1,12,0.6185582093370283
8,4,12,NaN
10,2,12,0.43577762349235377
10,2,12,0.372511985798932
9,3,12,0.390088581715401
7,5,12,0.43614794933242046
11,1,12,0.007003252747251538
8,4,12,NaN
10,2,12,NaN
11,1,12,NaN
5,7,12,NaN
5,7,12,NaN
8,4,12,NaN
10,2,12,0.009912176912471659
8,4,12,0.34926187684352356
8,4,12,0.23998440172325927
6,6,12,0.7925166447343686
6,6,12,0.7023954194648231
8,4,12,0.9326921332428637
3,9,12,0.9209789316492126
7,5,12,0.7044067666291435
9,3,12,0.07633250114228259
8,4,12,0.43614794933242046
9,3,12,0.6185582093370283
10,2,12,NaN
7,5,12,NaN
8,4,12,0.531729986764269
10,2,12,NaN
9,3,12,NaN
10,2,12,NaN
8,4,12,0.10513372537391186
9,3,12,0.7641629005282548
9,3,12,0.45357529842436256
4,8,12,NaN
10,2,12,NaN
7,5,12,0.00014096805647645215
9,3,12,NaN
9,3,12,NaN
7,5,12,0.0013047360741880688
5,7,12,0.2736599385245901
7,5,12,NaN
10,2,12,0.0569687888815355
10,2,12,0.0027082016977846776
6,6,12,0.0013385109150403749
9,3,12,0.014849553469688699
9,3,12,0.01723258119601578
12,0,12,0.16787364951190506
5,7,12,NaN
8,4,12,0.7332177371595686
7,5,12,0.8597792096635031
11,1,12,0.6990667746156102
9,3,12,0.016627813551177786
10,2,12,0.7925166447343686
10,2,12,NaN
6,6,12,0.5757595332036677
9,3,12,0.6185582093370283
11,1,12,0.034550476036378834
12,0,12,0.49576713411450013
9,3,12,0.7385872548930311
9,3,12,0.31128496075105533
7,5,12,0.1878445489359644
9,3,12,0.05934860566563336
10,2,12,0.11835585687382275
9,3,12,0.009912176912471659
4,8,12,0.9326921332428637
8,4,12,NaN
7,5,12,NaN
9,3,12,0.531729986764269
8,4,12,0.6645503847407921
10,2,12,0.9209789316492126
7,5,12,0.43614794933242046
10,2,12,0.5653835574804076
9,3,12,0.6185582093370283
9,3,12,NaN
8,4,12,NaN
8,4,12,0.552401248937484
9,3,12,0.3566774067387504
7,5,12,0.7332177371595686
12,0,12,0.24993908417200789
9,3,12,0.592652465149756
10,2,12,0.06995139366582308
11,1,12,0.23998440172325927
8,4,12,0.5757595332036677
9,3,12,0.8395040133151549
11,1,12,NaN
9,3,12,0.483768449142263
6,6,12,0.8770122193000203
8,4,12,0.8770122193000203
9,3,12,0.03782247324613561
12,0,12,NaN
10,2,12,NaN
9,3,12,0.0009775841584143525
6,6,12,0.7925166447343686
7,5,12,0.46530269308238437
7,5,12,0.11835585687382275
8,4,12,0.9079098270401949
10,2,12,NaN
7,5,12,0.31128496075105533
11,1,12,0.0005288963229210288
7,5,12,0.20936945520216732
9,3,12,0.390088581715401
8,4,12,0.8395040133151549
8,4,12,0.21866289546963874
8,4,12,0.18342590517711166
9,3,12,0.14137658880076182
7,5,12,NaN
10,2,12,0.007933370352012619
10,2,12,NaN
8,4,12,NaN
11,1,12,NaN
8,4,12,0.531729986764269
8,4,12,0.005957173602669348
6,6,12,0.08869205529953894
3,9,12,0.6185582093370283
9,3,12,NaN
8,4,12,0.33131161122238595
7,5,12,NaN
8,4,12,NaN
9,3,12,NaN
9,3,12,0.43614794933242046
7,5,12,0.0034573697430320812
8,4,12,NaN
9,3,12,NaN
7,5,12,0.9209789316492126
9,3,12,0.03978535797131849
10,2,12,0.483768449142263
7,5,12,0.009912176912471659
2,10,12,0.06525587975951877
9,3,12,0.8597792096635031
10,2,12,0.008132176147666193
9,3,12,5.942203138472315e-6
11,1,12,0.11835585687382275
10,2,12,NaN
6,6,12,0.8185843942460208
8,4,12,1.889019722377074e-8
8,4,12,NaN
4,8,12,0.13232809447263544
11,1,12,NaN
10,2,12,0.029782708914016395
6,6,12,0.08869205529953894
6,6,12,0.18342590517711166
9,3,12,0.18342590517711166
8,4,12,NaN
8,4,12,NaN
9,3,12,NaN
8,4,12,NaN
12,0,12,0.4342179929040571
9,3,12,NaN
7,5,12,0.22375730346751577
9,3,12,0.24259942794412093
5,7,12,0.7925166447343686
9,3,12,0.03230741676234196
8,4,12,0.20936945520216732
10,2,12,0.1026612005498701
8,4,12,NaN
8,4,12,0.7332177371595686
7,5,12,0.5757595332036677
8,4,12,NaN
8,4,12,0.483768449142263
10,2,12,0.5757595332036677
5,7,12,0.5757595332036677
9,3,12,0.27654819534762787
8,4,12,0.003324380573824123
6,6,12,0.012022118863049316
7,5,12,NaN
11,1,12,NaN
6,6,12,0.20760329448736714
6,6,12,0.6901070794118814
9,3,12,4.5113555420033825e-5
12,0,12,0.8395040133151549
7,5,12,0.8332112918459775
9,3,12,0.6185582093370283
9,3,12,NaN
7,5,12,0.04937587322664477
8,4,12,NaN
8,4,12,0.0334795754351328
9,3,12,0.04242868359770861
10,2,12,0.012022118863049316
7,5,12,0.29660096583685003
10,2,12,0.736900732744146
10,2,12,NaN
8,4,12,0.34926187684352356
10,2,12,0.9614248710601718
8,4,12,0.9747128701728911
5,7,12,0.07633250114228259
7,5,12,NaN
8,4,12,NaN
10,2,12,0.7369972978266925
6,6,12,0.6613966634587408
8,4,12,NaN
9,3,12,NaN
8,4,12,NaN
8,4,12,0.483768449142263
6,6,12,NaN
9,3,12,0.044811548816494136
8,4,12,0.1026612005498701
8,4,12,0.0569687888815355
9,3,12,0.04937587322664477
7,5,12,0.6053452527694343
6,6,12,0.043199805379105054
9,3,12,0.7332177371595686
10,2,12,NaN
6,6,12,0.893076864532752
7,5,12,0.2827719797019191
7,5,12,0.7332177371595686
7,5,12,NaN
7,5,12,0.390088581715401
8,4,12,5.164300826761647e-5
6,6,12,0.5763309333349705
6,6,12,NaN
7,5,12,0.6630508958937287
9,3,12,0.0011870025188928748
6,6,12,0.03230741676234196
10,2,12,0.5092092171310929
9,3,12,0.11835585687382275
12,0,12,0.43614794933242046
9,3,12,0.030188403477513583
10,2,12,0.4192533628462809
11,1,12,0.6185582093370283
5,7,12,0.8597792096635031
10,2,12,0.20936945520216732
10,2,12,0.9138944566319953
7,5,12,NaN
5,7,12,0.23998440172325927
12,0,12,0.23998440172325927
10,2,12,0.06525587975951877
5,7,12,0.8185843942460208
10,2,12,NaN
4,8,12,NaN
8,4,12,0.45574032487896876
9,3,12,0.11621742476094085
8,4,12,0.5346587776836415
8,4,12,0.4192533628462809
11,1,12,0.6613966634587408
10,2,12,NaN
8,4,12,0.31128496075105533
8,4,12,0.6990667746156102
10,2,12,0.9653686516060042
8,4,12,0.15921953565114888
11,1,12,0.11170307115353989
8,4,12,0.4342179929040571
8,4,12,0.18157289045252165
8,4,12,NaN
9,3,12,0.15921953565114888
8,4,12,0.2500066570465447
9,3,12,0.008666275024925719
10,2,12,NaN
11,1,12,NaN
6,6,12,0.08869205529953894
10,2,12,NaN
9,3,12,0.7303751382664492
9,3,12,0.7641629005282548
8,4,12,NaN
6,6,12,0.23998440172325927
11,1,12,0.5605686154146111
9,3,12,0.08869205529953894
8,4,12,0.6613966634587408
10,2,12,0.5667605149218644
6,6,12,0.0011870025188928748
7,5,12,NaN
4,8,12,0.15921953565114888
4,8,12,0.07633250114228259
10,2,12,0.23998440172325927
8,4,12,NaN
8,4,12,0.5969038607950649
11,1,12,0.07633250114228259
9,3,12,NaN
4,8,12,0.8597792096635031
7,5,12,0.531729986764269
7,5,12,0.043199805379105054
8,4,12,NaN
8,4,12,0.13776415858139904
10,2,12,0.006705546051038467
8,4,12,0.7332177371595686
10,2,12,0.7925166447343686
6,6,12,0.7656419555930306
8,4,12,0.483768449142263
9,3,12,0.7641629005282548
2,10,12,NaN
11,1,12,0.7762287085060164
8,4,12,0.8185843942460208
10,2,12,0.815198130885064
6,6,12,0.8770122193000203
10,2,12,NaN
7,5,12,2.444047645303956e-6
9,3,12,0.24885367340594516
9,3,12,NaN
10,2,12,0.007029405318259283
9,3,12,NaN
7,5,12,0.8635649365728475
9,3,12,NaN
3,9,12,NaN
5,7,12,NaN
7,5,12,0.5757595332036677
9,3,12,0.34926187684352356
7,5,12,NaN
7,5,12,NaN
9,3,12,NaN
11,1,12,0.8597792096635031
7,5,12,0.9326921332428637
7,5,12,NaN
8,4,12,0.03782247324613561
3,9,12,0.0569687888815355
6,6,12,0.08869205529953894
8,4,12,NaN
10,2,12,0.7925166447343686
8,4,12,0.06778471383143507
9,3,12,NaN
11,1,12,NaN
9,3,12,NaN
5,7,12,0.03655097251906421
9,3,12,0.893076864532752
11,1,12,NaN
3,9,12,0.7925166447343686
7,5,12,NaN
8,4,12,0.390088581715401
8,4,12,NaN
8,4,12,0.9017661323247443
6,6,12,0.0005646521537701768
7,5,12,0.668710119804481
9,3,12,NaN
10,2,12,0.6990667746156102
8,4,12,0.03176421408780421
8,4,12,0.483768449142263
7,5,12,0.20936945520216732
5,7,12,NaN
8,4,12,NaN
10,2,12,0.483768449142263
9,3,12,NaN
11,1,12,NaN
8,4,12,NaN
9,3,12,0.054326428571478284
6,6,12,0.6185582093370283
8,4,12,0.5976377428652669
10,2,12,NaN
9,3,12,NaN
12,0,12,NaN
8,4,12,0.6613966634587408
9,3,12,0.024681282185577427
8,4,12,NaN
10,2,12,NaN
5,7,12,0.6185582093370283
8,4,12,NaN
9,3,12,0.9326921332428637
9,3,12,NaN
11,1,12,0.0018169757868369994
10,2,12,0.07633250114228259
9,3,12,0.6613966634587408
8,4,12,0.6943375644258158
9,3,12,0.5583214644790235
8,4,12,0.8796410120274236
8,4,12,0.34926187684352356
10,2,12,NaN
7,5,12,3.953732897035964e-8
8,4,12,0.531729986764269
10,2,12,NaN
7,5,12,0.23998440172325927
7,5,12,0.3308494572043728
7,5,12,0.1026612005498701
10,2,12,0.8221288189722736
5,7,12,0.002159185018068867
6,6,12,0.4706482104329843
9,3,12,NaN
5,7,12,0.6901070794118814
9,3,12,NaN
10,2,12,NaN
11,1,12,0.8395040133151549
8,4,12,0.0569687888815355
10,2,12,0.6990667746156102
10,2,12,0.4844514273843171
8,4,12,0.7925166447343686
8,4,12,NaN
5,7,12,0.20936945520216732
11,1,12,0.8404759030978485
9,3,12,0.483768449142263
8,4,12,0.9256444945845391
8,4,12,0.6990667746156102
5,7,12,0.1376319999999998
7,5,12,0.13739525150935047
5,7,12,0.20936945520216732
7,5,12,0.9433412321949546
5,7,12,0.0002344395865885038
10,2,12,NaN
7,5,12,0.43614794933242046
4,8,12,0.00018924527060110426
7,5,12,0.04084829475424295
7,5,12,NaN
9,3,12,0.6327535312707635
10,2,12,0.07885774058556022
9,3,12,0.531729986764269
10,2,12,0.13370163471518454
8,4,12,NaN
9,3,12,NaN
7,5,12,0.17771051504234786
12,0,12,0.20936945520216732
7,5,12,NaN
9,3,12,0.022788573734112794
7,5,12,0.20936945520216732
6,6,12,0.7641629005282548
10,2,12,0.00024748674084568194
9,3,12,0.9686139634526727
8,4,12,NaN
6,6,12,NaN
9,3,12,0.027150137488542374
9,3,12,0.1026612005498701
7,5,12,NaN
6,6,12,0.06525587975951877
5,7,12,0.6185582093370283
9,3,12,0.15921953565114888
6,6,12,NaN
7,5,12,NaN
9,3,12,0.9433412321949546
6,6,12,0.08869205529953894
9,3,12,0.43614794933242046
8,4,12,0.7762287085060164
5,7,12,NaN
6,6,12,0.24847632258192567
7,5,12,0.7311315770208401
7,5,12,0.483768449142263
10,2,12,0.6990667746156102
7,5,12,0.5757595332036677
11,1,12,NaN
10,2,12,0.390088581715401
5,7,12,NaN
11,1,12,0.6185582093370283
6,6,12,NaN
10,2,12,NaN
7,5,12,0.7332177371595686
6,6,12,0.9614248710601718
8,4,12,NaN
9,3,12,0.9079098270401949
9,3,12,0.05347988949593239
6,6,12,0.1704881531419377
11,1,12,0.23998440172325927
9,3,12,0.9686139634526727
6,6,12,0.024019582772408433
9,3,12,0.01179146519175712
9,3,12,0.6990667746156102
8,4,12,0.7832181437749932
10,2,12,0.15921953565114888
8,4,12,NaN
11,1,12,NaN
8,4,12,NaN
9,3,12,0.8597792096635031
7,5,12,0.483768449142263
5,7,12,NaN
9,3,12,NaN
6,6,12,0.8770122193000203
8,4,12,NaN
7,5,12,0.390088581715401
6,6,12,NaN
9,3,12,0.8597792096635031
11,1,12,NaN
5,7,12,NaN
9,3,12,0.7332177371595686
5,7,12,NaN
11,1,12,0.07926692554896099
8,4,12,NaN
9,3,12,0.23998440172325927
5,7,12,0.9209789316492126
6,6,12,0.022788573734112794
8,4,12,NaN
7,5,12,NaN
9,3,12,0.6441111735365312
7,5,12,0.7925166447343686
9,3,12,0.00016120042483105747
5,7,12,0.24824965460085582
6,6,12,0.5757595332036677
8,4,12,NaN
8,4,12,0.11835585687382275
9,3,12,0.8395040133151549
9,3,12,0.531729986764269
5,7,12,0.7332177371595686
4,8,12,0.6990667746156102
6,6,12,NaN
7,5,12,NaN
5,7,12,0.8597792096635031
4,8,12,0.5192725464997994
10,2,12,NaN
6,6,12,0.9487052891532478
8,4,12,0.7332177371595686
8,4,12,0.9631580217839892
3,9,12,0.4526590152587507
8,4,12,0.7332177371595686
4,8,12,0.23998440172325927
5,7,12,0.9614248710601718
5,7,12,0.9686310444550703
4,8,12,NaN
9,3,12,NaN
9,3,12,0.41859287381138155
9,3,12,0.4959897206004817
5,7,12,NaN
6,6,12,0.8597792096635031
7,5,12,0.18247127288383988
6,6,12,0.36675537795816276
5,7,12,NaN
8,4,12,NaN
7,5,12,0.7332177371595686
7,5,12,0.390088581715401
8,4,12,0.0009756064355656423
5,7,12,0.9079098270401949
10,2,12,NaN
9,3,12,0.43614794933242046
7,5,12,0.04937587322664477
7,5,12,0.043199805379105054
7,5,12,NaN
6,6,12,0.04937587322664477
9,3,12,0.0015472921544610176
10,2,12,0.0015986170928456653
6,6,12,0.8185843942460208
11,1,12,NaN
7,5,12,NaN
5,7,12,0.2736599385245901
7,5,12,0.34926187684352356
3,9,12,0.1681912935032862
6,6,12,0.01896780184951957
8,4,12,0.7925166447343686
6,6,12,0.9534153129152887
7,5,12,0.08652591910067658
9,3,12,0.6613966634587408
7,5,12,0.9458320847128125
10,2,12,0.6613966634587408
6,6,12,0.34926187684352356
9,3,12,0.00829404517453861
6,6,12,NaN
6,6,12,0.05617276001002554
8,4,12,0.03355007514069377
7,5,12,0.1911107368115989
6,6,12,0.9747128701728911
5,7,12,0.997576379207803
10,2,12,0.390088581715401
10,2,12,NaN
3,9,12,0.1026612005498701
5,7,12,NaN
4,8,12,0.6808576035655997
5,7,12,0.6301811406598739
8,4,12,NaN
9,3,12,NaN
5,7,12,NaN
1,11,12,0.531729986764269
8,4,12,NaN
7,5,12,0.6990667746156102
7,5,12,0.0008852725828806745
2,10,12,0.029299041712252213
9,3,12,NaN
9,3,12,0.7641629005282548
7,5,12,0.06525587975951877
3,9,12,0.6990667746156102
5,7,12,0.43614794933242046
7,5,12,NaN
5,7,12,0.06525587975951877
8,4,12,NaN
3,9,12,0.34926187684352356
9,3,12,0.8395040133151549
4,8,12,0.2736599385245901
3,9,12,0.018818495726163384
5,7,12,0.8368134988124238
5,7,12,0.9056778682279814
2,10,12,0.47250337818260635
5,7,12,0.6990667746156102
9,3,12,0.323573460039637
1,11,12,0.20936945520216732
1,11,12,0.7641629005282548
5,6,11,0.9401662821081695
9,2,11,0.9209789316492126
9,2,11,NaN
10,1,11,0.1376319999999998
7,4,11,NaN
6,5,11,0.390088581715401
6,5,11,NaN
6,5,11,0.11835585687382275
8,3,11,NaN
10,1,11,NaN
6,5,11,0.1026612005498701
11,0,11,0.20936945520216732
8,3,11,0.18932127502767526
5,6,11,0.7641629005282548
9,2,11,0.41133898752199577
10,1,11,0.483768449142263
9,2,11,0.483768449142263
11,0,11,NaN
7,4,11,0.15921953565114888
6,5,11,0.8395040133151549
8,3,11,NaN
9,2,11,0.6185582093370283
8,3,11,NaN
8,3,11,NaN
6,5,11,0.333351462837132
5,6,11,NaN
11,0,11,0.16059951977537706
8,3,11,0.004939389942292157
9,2,11,0.14177492074856446
5,6,11,0.43614794933242046
8,3,11,0.12563299426307534
10,1,11,0.11835585687382275
8,3,11,NaN
8,3,11,NaN
7,4,11,0.7332177371595686
8,3,11,0.08869205529953894
7,4,11,0.34926187684352356
5,6,11,0.560681281690559
9,2,11,0.3627710739850452
8,3,11,0.3021100270071239
10,1,11,NaN
5,6,11,NaN
10,1,11,NaN
4,7,11,0.7925166447343686
11,0,11,0.9326921332428637
7,4,11,0.34926187684352356
8,3,11,0.014302811501596825
9,2,11,0.15921953565114888
9,2,11,0.13975668532861216
6,5,11,NaN
4,7,11,0.0296176959487684
8,3,11,0.390088581715401
6,5,11,NaN
6,5,11,0.2736599385245901
11,0,11,NaN
10,1,11,0.7641629005282548
9,2,11,0.6185582093370283
8,3,11,0.9079098270401949
7,4,11,0.483768449142263
10,1,11,0.0016860688279368324
7,4,11,0.06525587975951877
8,3,11,0.1744893734911443
8,3,11,NaN
8,3,11,NaN
8,3,11,0.483768449142263
6,5,11,0.6990667746156102
8,3,11,0.9888383068434982
6,5,11,NaN
9,2,11,NaN
11,0,11,0.1376319999999998
9,2,11,NaN
6,5,11,0.8597792096635031
8,3,11,0.0569687888815355
10,1,11,0.010321599678697497
6,5,11,0.03782247324613561
9,2,11,0.1026612005498701
8,3,11,0.15789744350032775
9,2,11,NaN
4,7,11,NaN
9,2,11,0.9614248710601718
10,1,11,0.7925166447343686
4,7,11,0.34926187684352356
6,5,11,0.2736599385245901
10,1,11,0.7332177371595686
7,4,11,0.15921953565114888
4,7,11,0.9686139634526727
5,6,11,NaN
9,2,11,0.9433412321949546
6,5,11,0.820865454689211
8,3,11,NaN
9,2,11,0.11835585687382275
8,3,11,0.6613966634587408
9,2,11,0.15921953565114888
7,4,11,0.6613966634587408
7,4,11,NaN
8,3,11,NaN
9,2,11,0.43577762349235377
6,5,11,0.5757595332036677
6,5,11,NaN
9,2,11,0.483768449142263
8,3,11,0.6185582093370283
5,6,11,0.7925166447343686
10,1,11,0.20828566966532555
7,4,11,0.24039576389531606
6,5,11,0.8196656072186008
10,1,11,0.015635407903150336
11,0,11,NaN
9,2,11,0.07633250114228259
7,4,11,0.24938598304646045
11,0,11,0.9209789316492126
8,3,11,0.15921953565114888
6,5,11,0.8395040133151549
10,1,11,0.020509565450358248
8,3,11,1.2417991656104964e-7
11,0,11,0.5757595332036677
6,5,11,NaN
9,2,11,NaN
8,3,11,NaN
6,5,11,0.1360836008135352
8,3,11,NaN
9,2,11,0.531729986764269
10,1,11,0.1888198328096629
9,2,11,NaN
9,2,11,0.23998440172325927
7,4,11,0.6613966634587408
8,3,11,NaN
5,6,11,0.37113279125576554
9,2,11,0.6185582093370283
9,2,11,0.18342590517711166
10,1,11,0.31128496075105533
10,1,11,0.531729986764269
8,3,11,0.6701343507063929
7,4,11,NaN
8,3,11,0.24824965460085582
4,7,11,0.5757595332036677
7,4,11,0.43614794933242046
9,2,11,0.9079098270401949
5,6,11,0.7385872548930311
9,2,11,0.31128496075105533
10,1,11,NaN
5,6,11,NaN
6,5,11,NaN
8,3,11,NaN
8,3,11,NaN
7,4,11,0.8770122193000203
6,5,11,0.07633250114228259
6,5,11,0.0334795754351328
8,3,11,NaN
8,3,11,NaN
10,1,11,NaN
9,2,11,0.014302811501596825
7,4,11,0.18342590517711166
4,7,11,0.9209789316492126
6,5,11,NaN
7,4,11,NaN
10,1,11,NaN
9,2,11,0.9574809894098217
11,0,11,0.6185582093370283
7,4,11,0.1376319999999998
5,6,11,NaN
9,2,11,0.3796937471691394
5,6,11,0.7332177371595686
10,1,11,0.5878758239573489
8,3,11,NaN
9,2,11,0.08869205529953894
9,2,11,0.5757595332036677
11,0,11,0.390088581715401
8,3,11,0.0022077685320475004
6,5,11,NaN
9,2,11,0.00030438085358505765
5,6,11,NaN
6,5,11,NaN
4,7,11,NaN
8,3,11,0.012468380686670283
8,3,11,0.30290293924614736
8,3,11,NaN
9,2,11,0.6613966634587408
7,4,11,0.7641629005282548
6,5,11,0.8185843942460208
6,5,11,0.8597792096635031
7,4,11,NaN
8,3,11,0.5757595332036677
10,1,11,0.464149243766241
9,2,11,0.8395040133151549
8,3,11,0.7925166447343686
8,3,11,NaN
9,2,11,0.43614794933242046
5,6,11,0.9502598218874728
9,2,11,NaN
8,3,11,0.15921953565114888
8,3,11,0.43614794933242046
8,3,11,0.09103071012866998
7,4,11,0.5757595332036677
9,2,11,0.23998440172325927
8,3,11,3.37271383719301e-10
8,3,11,0.016627813551177786
7,4,11,0.20936945520216732
8,3,11,NaN
9,2,11,0.1376319999999998
9,2,11,NaN
8,3,11,NaN
5,6,11,0.08869205529953894
7,4,11,NaN
7,4,11,NaN
10,1,11,NaN
8,3,11,0.9326921332428637
10,1,11,0.31128496075105533
9,2,11,0.5125277336735381
6,5,11,NaN
8,3,11,0.9614248710601718
7,4,11,0.23998440172325927
5,6,11,0.23998440172325927
6,5,11,0.9550755715509297
10,1,11,0.508052596753677
8,3,11,8.468215322889805e-5
9,2,11,0.4645656450649457
7,4,11,NaN
10,1,11,0.6613966634587408
9,2,11,0.3152714189251955
6,5,11,NaN
10,1,11,0.8771557960458399
9,2,11,0.0569687888815355
9,2,11,0.6990667746156102
8,3,11,0.2194756960972429
11,0,11,0.006282033561316203
8,3,11,0.03782247324613561
6,5,11,NaN
10,1,11,0.7945103504558354
8,3,11,0.6185582093370283
7,4,11,0.5757595332036677
7,4,11,0.5757595332036677
6,5,11,0.5757595332036677
8,3,11,NaN
5,6,11,0.1026612005498701
6,5,11,NaN
10,1,11,NaN
10,1,11,NaN
10,1,11,0.6613966634587408
10,1,11,0.8770122193000203
6,5,11,NaN
5,6,11,0.0006623228349230375
9,2,11,0.34926187684352356
8,3,11,0.42965318451080137
3,8,11,0.7925166447343686
7,4,11,NaN
8,3,11,0.3222483476987492
10,1,11,0.7332177371595686
7,4,11,0.107232037629155
8,3,11,0.8130550058173163
7,4,11,NaN
10,1,11,0.43632124663780575
11,0,11,0.11835585687382275
9,2,11,0.483768449142263
6,5,11,0.006744172375403199
6,5,11,NaN
7,4,11,NaN
9,2,11,NaN
7,4,11,NaN
7,4,11,0.6741830672601722
8,3,11,0.9326921332428637
8,3,11,0.04841841760991303
10,1,11,NaN
10,1,11,0.3777823155805569
11,0,11,NaN
9,2,11,0.00218833719641423
6,5,11,NaN
9,2,11,0.572245957102951
10,1,11,0.43614794933242046
8,3,11,0.483768449142263
9,2,11,0.31128496075105533
9,2,11,NaN
8,3,11,3.876589022320912e-6
11,0,11,0.6613966634587408
9,2,11,0.007003252747251538
8,3,11,0.7744073833658771
10,1,11,NaN
10,1,11,0.1026612005498701
7,4,11,0.6645503847407921
4,7,11,0.08304851580323534
10,1,11,NaN
9,2,11,0.08869205529953894
10,1,11,NaN
6,5,11,0.022788573734112794
4,7,11,NaN
6,5,11,0.7762287085060164
9,2,11,0.7332177371595686
10,1,11,NaN
9,2,11,NaN
10,1,11,NaN
7,4,11,0.991811623828215
6,5,11,0.7925166447343686
8,3,11,NaN
6,5,11,0.15921953565114888
10,1,11,NaN
10,1,11,NaN
9,2,11,0.20936945520216732
10,1,11,0.893076864532752
6,5,11,0.34926187684352356
8,3,11,NaN
7,4,11,0.1026612005498701
6,5,11,0.980101638801523
7,4,11,0.20936945520216732
6,5,11,NaN
6,5,11,0.6613966634587408
7,4,11,NaN
9,2,11,0.2736599385245901
8,3,11,0.06525587975951877
8,3,11,0.7277910133953862
10,1,11,NaN
11,0,11,NaN
5,6,11,NaN
7,4,11,NaN
8,3,11,0.012022118863049316
4,7,11,0.900978702226856
9,2,11,0.9326921332428637
11,0,11,0.8185843942460208
7,4,11,NaN
11,0,11,0.6185582093370283
8,3,11,1.3523739232032418e-5
6,5,11,0.7879757712747395
10,1,11,NaN
7,4,11,NaN
9,2,11,NaN
9,2,11,NaN
5,6,11,0.9534153129152887
6,5,11,0.9792603857793252
8,3,11,0.5098317807053887
11,0,11,0.06525587975951877
5,6,11,0.6613966634587408
7,4,11,NaN
8,3,11,0.3647973955601696
8,3,11,0.6990667746156102
8,3,11,NaN
7,4,11,NaN
11,0,11,NaN
9,2,11,0.2052660657874833
8,3,11,NaN
10,1,11,0.9821231412763276
10,1,11,NaN
8,3,11,NaN
8,3,11,0.07633250114228259
10,1,11,0.8280095136300987
8,3,11,NaN
5,6,11,0.5757595332036677
11,0,11,0.6613966634587408
8,3,11,0.0437638700152686
9,2,11,0.6185582093370283
5,6,11,0.0038597584855603784
5,6,11,0.22726472108630166
10,1,11,NaN
6,5,11,NaN
9,2,11,0.8770122193000203
8,3,11,NaN
6,5,11,0.9326921332428637
8,3,11,0.6613966634587408
7,4,11,NaN
7,4,11,NaN
9,2,11,0.7332177371595686
10,1,11,0.022788573734112794
5,6,11,NaN
6,5,11,0.483768449142263
8,3,11,NaN
7,4,11,0.43614794933242046
8,3,11,0.03782247324613561
8,3,11,NaN
8,3,11,0.24619928299926408
5,6,11,NaN
10,1,11,NaN
9,2,11,0.8395040133151549
7,4,11,0.11836483008309587
9,2,11,0.9208024708347865
9,2,11,0.7332177371595686
8,3,11,0.7641629005282548
10,1,11,0.8395040133151549
9,2,11,0.027988959395328916
6,5,11,0.043199805379105054
9,2,11,NaN
9,2,11,0.8185843942460208
7,4,11,NaN
9,2,11,0.007001449581735304
6,5,11,0.7925166447343686
7,4,11,NaN
10,1,11,0.31682876533744725
5,6,11,NaN
8,3,11,NaN
4,7,11,0.4840679647047576
7,4,11,0.1376319999999998
7,4,11,0.483768449142263
6,5,11,0.9079098270401949
10,1,11,0.7641629005282548
7,4,11,NaN
6,5,11,0.8197394761937766
7,4,11,NaN
7,4,11,0.08869205529953894
6,5,11,0.6811888387638095
8,3,11,0.531729986764269
9,2,11,0.8219401442500884
11,0,11,0.45574032487896876
9,2,11,NaN
8,3,11,0.03176421408780421
7,4,11,0.8800228221957869
6,5,11,0.6613966634587408
7,4,11,0.20936945520216732
6,5,11,0.43614794933242046
7,4,11,0.5212534833146459
10,1,11,0.7582271649271727
7,4,11,NaN
7,4,11,0.5821187038666394
7,4,11,0.6613966634587408
9,2,11,NaN
5,6,11,0.7925166447343686
7,4,11,NaN
4,7,11,NaN
11,0,11,NaN
6,5,11,0.43614794933242046
8,3,11,5.255770380111422e-8
5,6,11,0.9686139634526727
8,3,11,NaN
9,2,11,0.8185843942460208
10,1,11,0.7641629005282548
10,1,11,0.8597792096635031
9,2,11,0.531729986764269
9,2,11,0.6185582093370283
8,3,11,0.02410698403504266
10,1,11,0.9747128701728911
8,3,11,0.3509179453391678
7,4,11,0.1376319999999998
7,4,11,0.503429902019479
8,3,11,NaN
7,4,11,0.893076864532752
6,5,11,NaN
7,4,11,0.8352789734270196
8,3,11,NaN
8,3,11,0.20936945520216732
8,3,11,0.1911107368115989
5,6,11,0.8730207778042132
8,3,11,0.18320481795033483
10,1,11,0.0021765400823903574
11,0,11,NaN
4,7,11,0.6185582093370283
5,6,11,0.531729986764269
3,8,11,0.0003297306122421771
9,2,11,0.2736599385245901
8,3,11,0.0018287266553498765
6,5,11,0.9079098270401949
8,3,11,NaN
5,6,11,NaN
10,1,11,NaN
10,1,11,0.20936945520216732
6,5,11,NaN
6,5,11,NaN
7,4,11,0.531729986764269
5,6,11,0.6613966634587408
7,4,11,0.15921953565114888
6,5,11,0.483768449142263
10,1,11,0.525137015569157
8,3,11,0.0011870025188928748
9,2,11,0.11531872517686372
8,3,11,0.9209789316492126
8,3,11,0.02314589629972901
9,2,11,0.8395040133151549
10,1,11,0.9686139634526727
7,4,11,0.9079098270401949
6,5,11,0.014937633169387428
6,5,11,0.1282039340546508
11,0,11,0.8395040133151549
11,0,11,NaN
11,0,11,NaN
7,4,11,0.34926187684352356
8,3,11,0.041136840753890076
10,1,11,0.8731108380680199
8,3,11,0.056798638474010954
6,5,11,0.7762287085060164
11,0,11,NaN
8,3,11,0.18342590517711166
6,5,11,0.03230741676234196
3,8,11,0.07199350485294168
9,2,11,NaN
8,3,11,0.483768449142263
6,5,11,0.03230741676234196
4,7,11,0.386986265964255
5,6,11,NaN
6,5,11,0.390088581715401
9,2,11,0.5092092171310929
8,3,11,1.8697834920518207e-8
9,2,11,0.2736599385245901
2,9,11,NaN
6,5,11,0.34926187684352356
9,2,11,0.697937962081058
6,5,11,0.4319007153382488
7,4,11,0.06525587975951877
8,3,11,0.6990667746156102
8,3,11,NaN
7,4,11,0.06909523456016951
8,3,11,0.7332177371595686
9,2,11,0.8854199224634024
8,3,11,NaN
6,5,11,NaN
5,6,11,0.008001318622981472
9,2,11,3.622221928584625e-5
6,5,11,0.5830080890383549
5,6,11,0.23998440172325927
8,3,11,0.20936945520216732
10,1,11,0.483768449142263
7,4,11,0.43614794933242046
5,6,11,NaN
6,5,11,0.03782247324613561
8,3,11,0.6185582093370283
11,0,11,0.34926187684352356
6,5,11,0.5757595332036677
7,4,11,0.6185582093370283
7,4,11,NaN
8,3,11,0.2736599385245901
6,5,11,0.43614794933242046
5,6,11,0.5757595332036677
8,3,11,0.8185843942460208
7,4,11,0.03710437056304286
9,2,11,0.18342590517711166
5,6,11,0.022788573734112794
9,2,11,0.34926187684352356
7,4,11,NaN
5,6,11,0.34926187684352356
7,4,11,0.15382680788711658
11,0,11,0.2421442692177277
9,2,11,0.9686139634526727
9,2,11,0.820865454689211
10,1,11,0.024491927468781413
6,5,11,0.31128496075105533
7,4,11,0.9940320922471844
10,1,11,0.07633250114228259
8,3,11,0.5757595332036677
8,3,11,NaN
10,1,11,NaN
9,2,11,NaN
9,2,11,NaN
6,5,11,NaN
10,1,11,0.7641629005282548
8,3,11,0.323573460039637
7,4,11,0.8185843942460208
11,0,11,0.8354695659274475
9,2,11,0.017673341255679733
8,3,11,0.7332177371595686
7,4,11,0.017024303952956957
9,2,11,0.9614248710601718
4,7,11,0.14845671267538765
6,5,11,0.9326921332428637
9,2,11,0.5757595332036677
8,3,11,0.2654567461714084
10,1,11,NaN
9,2,11,0.9534153129152887
4,7,11,0.4567030950633912
6,5,11,0.3566774067387504
4,7,11,0.11349082539914819
7,4,11,NaN
8,3,11,NaN
8,3,11,0.0090387048626884
11,0,11,0.20347337301016935
7,4,11,0.531729986764269
7,4,11,NaN
4,7,11,0.6990667746156102
8,3,11,0.7925166447343686
6,5,11,0.6613966634587408
8,3,11,0.2736599385245901
10,1,11,0.940261808135638
8,3,11,0.8597792096635031
8,3,11,0.6185582093370283
11,0,11,0.7332177371595686
6,5,11,0.9614248710601718
11,0,11,0.11835585687382275
7,4,11,1.3016181789626869e-5
6,5,11,NaN
8,3,11,0.9919214683718085
10,1,11,NaN
8,3,11,0.531729986764269
7,4,11,NaN
8,3,11,0.0053021338430499845
5,6,11,0.7451097773625321
8,3,11,0.7925166447343686
8,3,11,0.6613966634587408
6,5,11,0.9209789316492126
9,2,11,0.483768449142263
7,4,11,0.7325769491165344
9,2,11,NaN
10,1,11,0.483768449142263
7,4,11,0.3275964910485879
8,3,11,0.390088581715401
8,3,11,NaN
10,1,11,0.984989465337841
7,4,11,0.23998440172325927
8,3,11,0.7853387871763059
9,2,11,0.3133409135171238
10,1,11,0.00010293952575176015
9,2,11,NaN
3,8,11,0.033066916141563346
5,6,11,0.3680062425026455
8,3,11,0.03230741676234196
7,4,11,NaN
7,4,11,0.4293071222989955
8,3,11,0.6499322168460523
9,2,11,0.6613966634587408
11,0,11,NaN
9,2,11,0.531729986764269
10,1,11,0.23998440172325927
9,2,11,0.9970051004063903
9,2,11,0.0020955014234432497
9,2,11,0.0016214052572640024
9,2,11,0.9079098270401949
8,3,11,0.20951515489734798
9,2,11,NaN
9,2,11,NaN
6,5,11,NaN
4,7,11,0.5221062109848559
8,3,11,NaN
6,5,11,NaN
7,4,11,0.08869205529953894
6,5,11,0.815198130885064
4,7,11,0.9461314676029222
8,3,11,NaN
3,8,11,0.6901070794118814
8,3,11,NaN
9,2,11,NaN
6,5,11,0.1376319999999998
7,4,11,0.531729986764269
9,2,11,0.19789966761098143
7,4,11,0.7332177371595686
11,0,11,0.9241388747935657
8,3,11,0.10733604945352869
10,1,11,0.29078996240530314
6,5,11,0.6185582093370283
7,4,11,0.13797619272253211
6,5,11,0.5212534833146459
10,1,11,0.531729986764269
9,2,11,0.7641629005282548
7,4,11,NaN
4,7,11,0.6959858240258116
9,2,11,NaN
7,4,11,0.2736599385245901
6,5,11,0.34926187684352356
6,5,11,0.022306657079312713
8,3,11,0.446922347855498
6,5,11,0.893076864532752
10,1,11,NaN
10,1,11,0.43614794933242046
6,5,11,0.23271794522045783
10,1,11,0.7925166447343686
9,2,11,0.7332177371595686
8,3,11,0.08603854446441817
8,3,11,0.9832972512186594
7,4,11,0.390088581715401
9,2,11,1.450291109510515e-5
5,6,11,NaN
9,2,11,0.022788573734112794
8,3,11,NaN
8,3,11,0.22185156544391912
6,5,11,0.7641629005282548
10,1,11,0.8597792096635031
9,2,11,0.00019452865896526478
6,5,11,0.390088581715401
5,6,11,0.2736599385245901
6,5,11,0.8597792096635031
5,6,11,0.34926187684352356
7,4,11,0.004570089298961273
8,3,11,0.3627710739850452
6,5,11,0.9747128701728911
10,1,11,0.8637529907312803
9,2,11,0.9326921332428637
10,1,11,0.03782247324613561
10,1,11,0.531729986764269
6,5,11,0.6837580253545316
11,0,11,0.5326805328305148
8,3,11,NaN
7,4,11,NaN
10,1,11,0.06525587975951877
8,3,11,NaN
11,0,11,NaN
9,2,11,0.6990667746156102
9,2,11,0.8770122193000203
8,3,11,0.531729986764269
8,3,11,NaN
7,4,11,0.6185582093370283
5,6,11,NaN
7,4,11,0.7332177371595686
10,1,11,0.5877061359520613
4,7,11,NaN
7,4,11,0.8597792096635031
10,1,11,1.0834882574121614e-5
7,4,11,0.39771162816935585
7,4,11,0.8074601211604314
10,1,11,NaN
10,1,11,0.1026612005498701
5,6,11,0.7641629005282548
9,2,11,NaN
5,6,11,NaN
10,1,11,0.225261519167986
6,5,11,NaN
9,2,11,NaN
4,7,11,0.026837493986903837
11,0,11,NaN
8,3,11,0.483768449142263
11,0,11,0.02775893895234925
6,5,11,NaN
5,6,11,0.0021679292106529047
7,4,11,0.40794823851458867
4,7,11,0.8395040133151549
5,6,11,NaN
6,5,11,0.7375531690567637
10,1,11,0.7505738960061019
6,5,11,0.6990667746156102
10,1,11,0.15921953565114888
7,4,11,0.006082193050191918
9,2,11,0.8395040133151549
8,3,11,NaN
6,5,11,0.4542879627748681
6,5,11,NaN
7,4,11,0.2736599385245901
7,4,11,NaN
5,6,11,0.6185582093370283
5,6,11,0.483768449142263
8,3,11,0.16166773550158264
9,2,11,0.8770122193000203
10,1,11,0.531729986764269
7,4,11,0.6613966634587408
10,1,11,NaN
7,4,11,NaN
8,3,11,0.020154132692139236
7,4,11,NaN
10,1,11,0.7641629005282548
7,4,11,NaN
6,5,11,NaN
2,9,11,NaN
7,4,11,NaN
9,2,11,0.012022118863049316
10,1,11,0.8597792096635031
8,3,11,NaN
6,5,11,0.390088581715401
7,4,11,NaN
9,2,11,0.8185843942460208
11,0,11,0.45357529842436256
9,2,11,NaN
10,1,11,NaN
6,5,11,0.24039576389531606
7,4,11,0.15678339275735
4,7,11,0.8169448593754466
5,6,11,NaN
5,6,11,0.6185582093370283
9,2,11,0.06925641198290328
5,6,11,0.0569687888815355
10,1,11,NaN
8,3,11,0.07633250114228259
8,3,11,0.1376319999999998
7,4,11,NaN
9,2,11,0.531729986764269
9,2,11,NaN
7,4,11,0.483768449142263
7,4,11,0.3869498167512825
6,5,11,NaN
9,2,11,0.12513734479467817
9,2,11,0.31128496075105533
6,5,11,0.20936945520216732
8,3,11,0.14675532908526048
5,6,11,0.9209789316492126
7,4,11,NaN
9,2,11,0.7332177371595686
7,4,11,NaN
5,6,11,0.8899481007770936
8,3,11,0.7641629005282548
7,4,11,0.042329710779766105
9,2,11,NaN
6,5,11,0.2736599385245901
5,6,11,NaN
7,4,11,0.5384291760256402
5,6,11,0.34926187684352356
8,3,11,0.6814613286773926
9,2,11,0.9747128701728911
8,3,11,0.5858713937968076
10,1,11,0.23998440172325927
10,1,11,0.05737295398171012
10,1,11,0.8234460514241537
7,4,11,NaN
6,5,11,0.6617139809827773
10,1,11,0.20936945520216732
8,3,11,0.8597792096635031
5,6,11,0.8770122193000203
6,5,11,0.8802852570942574
5,6,11,NaN
7,4,11,0.07522299349825103
9,2,11,0.5757595332036677
6,5,11,0.11300135871158212
9,2,11,NaN
10,1,11,0.8930217588612037
8,3,11,0.531729986764269
9,2,11,0.5855358754960204
7,4,11,0.18342590517711166
6,5,11,0.08869205529953894
6,5,11,0.6870093517915001
7,4,11,0.9433412321949546
6,5,11,NaN
10,1,11,NaN
7,4,11,NaN
9,2,11,0.1376319999999998
7,4,11,0.1376319999999998
8,3,11,NaN
8,3,11,0.2323592652177647
8,3,11,0.18157289045252165
9,2,11,NaN
7,4,11,0.390088581715401
7,4,11,0.7867768324090687
8,3,11,NaN
4,7,11,NaN
9,2,11,0.31128496075105533
7,4,11,0.06525587975951877
7,4,11,0.7332177371595686
8,3,11,NaN
8,3,11,0.6185582093370283
7,4,11,0.6243352244264058
7,4,11,0.7332177371595686
8,3,11,NaN
8,3,11,NaN
7,4,11,0.04937587322664477
9,2,11,0.9614248710601718
10,1,11,0.4567030950633912
8,3,11,NaN
9,2,11,0.483768449142263
11,0,11,0.5757595332036677
7,4,11,0.9614248710601718
8,3,11,0.7925166447343686
6,5,11,0.18289175153557002
7,4,11,0.043199805379105054
5,6,11,NaN
7,4,11,NaN
6,5,11,NaN
6,5,11,NaN
8,3,11,NaN
8,3,11,0.043199805379105054
7,4,11,NaN
6,5,11,0.552401248937484
6,5,11,0.9747128701728911
8,3,11,0.08869205529953894
6,5,11,0.8185843942460208
6,5,11,0.8185843942460208
8,3,11,0.7925166447343686
10,1,11,0.8387601379940597
8,3,11,0.09507084151561415
7,4,11,0.3668806973533527
7,4,11,0.1376319999999998
8,3,11,0.483768449142263
8,3,11,0.7925166447343686
10,1,11,NaN
9,2,11,NaN
8,3,11,NaN
10,1,11,0.9326921332428637
8,3,11,NaN
9,2,11,NaN
10,1,11,0.1376319999999998
8,3,11,NaN
8,3,11,NaN
6,5,11,0.390088581715401
3,8,11,0.6990667746156102
6,5,11,0.6185582093370283
9,2,11,0.31128496075105533
7,4,11,0.2736599385245901
7,4,11,0.8944022416979677
7,4,11,0.6613966634587408
8,3,11,0.6990667746156102
7,4,11,NaN
10,1,11,0.5598185374570084
8,3,11,0.531729986764269
8,3,11,0.9686139634526727
8,3,11,0.390088581715401
7,4,11,0.8395040133151549
4,7,11,0.390088581715401
6,5,11,0.0011870025188928748
2,9,11,0.390088581715401
8,3,11,NaN
9,2,11,0.07890654501821337
5,6,11,0.15921953565114888
7,4,11,0.5589063535037788
9,2,11,0.09258501173838588
7,4,11,NaN
8,3,11,0.11193259329064796
6,5,11,0.6613966634587408
6,5,11,0.531729986764269
6,5,11,0.8597792096635031
4,7,11,0.8421909247137207
5,6,11,0.25469917355239863
5,6,11,0.31128496075105533
11,0,11,0.07633250114228259
7,4,11,0.6185582093370283
9,2,11,NaN
5,6,11,0.390088581715401
4,7,11,0.9686139634526727
5,6,11,0.6185582093370283
6,5,11,0.43614794933242046
5,6,11,0.31128496075105533
7,4,11,0.6185582093370283
3,8,11,NaN
10,1,11,NaN
8,3,11,0.6185582093370283
7,4,11,0.505346334269025
6,5,11,NaN
5,6,11,NaN
6,5,11,0.893076864532752
7,4,11,NaN
8,3,11,NaN
6,5,11,NaN
2,9,11,0.6185582093370283
6,5,11,0.531729986764269
6,5,11,0.6990667746156102
8,3,11,0.7515498364115626
5,6,11,0.0008297269984033165
7,4,11,0.9433412321949546
9,2,11,0.34926187684352356
7,4,11,0.0920488351828383
6,5,11,0.20936945520216732
6,5,11,0.1376319999999998
9,2,11,NaN
7,4,11,NaN
5,6,11,0.10199579689480648
5,6,11,0.9079098270401949
9,2,11,0.008418008158621908
8,3,11,0.03782247324613561
8,3,11,0.43614794933242046
8,3,11,NaN
5,6,11,NaN
6,5,11,0.1376319999999998
7,4,11,0.016627813551177786
9,2,11,0.9326921332428637
9,2,11,0.6613966634587408
5,6,11,NaN
8,3,11,0.15921953565114888
8,3,11,0.984370674990626
7,4,11,0.028090724976681445
4,7,11,0.34926187684352356
10,1,11,NaN
6,5,11,0.0569687888815355
9,2,11,0.43614794933242046
7,4,11,0.390088581715401
8,3,11,NaN
8,3,11,0.08466394577983669
8,3,11,0.0736263559626166
9,2,11,0.9534153129152887
9,2,11,0.4567030950633912
5,6,11,NaN
7,4,11,0.913214581415164
7,4,11,0.5419358181341635
6,5,11,0.05062765971636453
9,2,11,0.11701263263302071
9,2,11,0.11531872517686372
8,3,11,0.5757595332036677
9,2,11,0.43265240279185424
9,2,11,NaN
7,4,11,0.0052848147458264706
7,4,11,0.6990667746156102
10,1,11,0.1376319999999998
8,3,11,0.6990667746156102
11,0,11,0.2782247566389247
6,5,11,0.8395040133151549
11,0,11,0.9326921332428637
7,4,11,0.46366863551300536
6,5,11,NaN
8,3,11,0.483768449142263
7,4,11,0.7270217403595429
4,7,11,NaN
9,2,11,0.004091943545804569
8,3,11,0.13209811094085
9,2,11,0.0297458888802191
5,6,11,0.390088581715401
10,1,11,0.5757595332036677
4,7,11,0.12390041476341097
9,2,11,NaN
6,5,11,NaN
9,2,11,0.5293464357747004
11,0,11,0.8395040133151549
5,6,11,NaN
5,6,11,0.7332177371595686
5,6,11,0.7871067176920827
11,0,11,NaN
8,3,11,0.019519080662983124
6,5,11,0.1376319999999998
4,7,11,0.8554364392881815
8,3,11,0.1376319999999998
7,4,11,0.9031220119223897
3,8,11,0.6613966634587408
6,5,11,0.531729986764269
11,0,11,0.8770122193000203
9,2,11,0.0949475829240082
9,2,11,0.4074552942193448
10,1,11,0.6185582093370283
7,4,11,NaN
6,5,11,0.893076864532752
9,2,11,NaN
5,6,11,0.21723503715454504
10,1,11,0.483768449142263
5,6,11,0.8597792096635031
5,6,11,0.15921953565114888
5,6,11,NaN
9,2,11,0.9079098270401949
6,5,11,0.5757595332036677
10,1,11,0.7925166447343686
7,4,11,0.7641629005282548
9,2,11,NaN
7,4,11,NaN
6,5,11,NaN
4,7,11,0.001803433499708734
9,2,11,0.7350900658293942
3,8,11,0.012022118863049316
8,3,11,NaN
10,1,11,NaN
6,5,11,0.0007629613431816208
10,1,11,0.08869205529953894
5,6,11,0.483768449142263
7,4,11,0.8597792096635031
5,6,11,0.6053452527694343
5,6,11,0.002422844083153061
4,7,11,NaN
7,4,11,0.390088581715401
6,5,11,NaN
5,6,11,0.03230741676234196
7,4,11,0.7925166447343686
5,6,11,0.6447260772432926
7,4,11,0.0022799017327691288
7,4,11,0.6613966634587408
4,7,11,NaN
2,9,11,0.23998440172325927
5,6,11,0.2736599385245901
6,5,11,0.7175366239048164
10,1,11,0.15364817975897566
8,3,11,0.03782247324613561
10,1,11,0.7667428748689279
7,4,11,0.7641629005282548
9,2,11,0.3991393814669719
9,2,11,0.2598826615140434
8,3,11,0.34926187684352356
5,6,11,0.09335262754773933
8,3,11,0.6990667746156102
7,4,11,0.390088581715401
9,2,11,0.7641629005282548
6,5,11,0.2736599385245901
1,10,11,0.6613966634587408
7,4,11,0.531729986764269
5,6,11,0.11835585687382275
2,9,11,NaN
8,3,11,0.5757595332036677
7,4,11,0.42867643915426085
7,4,11,0.7196181145344687
6,5,11,0.3310658935063618
10,1,11,0.9747128701728911
2,9,11,NaN
6,5,11,NaN
5,6,11,0.2736599385245901
5,6,11,NaN
7,4,11,NaN
9,2,11,NaN
5,6,11,NaN
2,9,11,0.31128496075105533
6,5,11,NaN
9,2,11,NaN
6,5,11,NaN
5,6,11,NaN
6,5,11,NaN
8,3,11,0.022788573734112794
8,3,11,0.531729986764269
9,2,11,0.019519080662983124
6,5,11,0.483768449142263
4,7,11,NaN
5,6,11,0.04937587322664477
9,2,11,NaN
4,7,11,0.5757595332036677
6,5,11,0.43614794933242046
6,5,11,0.0010149501718672825
5,6,11,NaN
9,2,11,0.18342590517711166
7,4,11,NaN
5,6,11,0.34926187684352356
9,2,11,0.016627813551177786
7,4,11,0.011733069002087105
9,2,11,0.023900566392627977
7,4,11,0.4850768026867769
8,3,11,NaN
7,4,11,0.16518529863446432
11,0,11,NaN
9,2,11,0.43614794933242046
2,9,11,0.390088581715401
8,3,11,NaN
8,3,11,NaN
7,4,11,0.19789966761098143
9,2,11,0.31128496075105533
6,5,11,0.2736599385245901
5,6,11,0.04937587322664477
6,5,11,0.6613966634587408
3,8,11,0.18342590517711166
5,6,11,0.8395040133151549
6,5,11,0.5213699377036007
6,5,11,0.18342590517711166
6,5,11,0.06525587975951877
7,4,11,0.6990667746156102
4,7,11,5.42222684908544e-9
6,5,11,0.9449594017628097
8,3,11,0.014302811501596825
4,7,11,0.0569687888815355
3,8,11,0.18578410549846044
11,0,11,NaN
3,8,11,0.9326921332428637
4,7,11,0.31128496075105533
8,3,11,0.07633250114228259
7,4,11,0.016627813551177786
5,6,11,0.18342590517711166
6,5,11,0.43614794933242046
6,5,11,NaN
5,6,11,0.8395040133151549
4,7,11,NaN
4,7,11,NaN
8,3,11,0.03784782468504447
5,6,11,NaN
3,8,11,NaN
8,3,11,0.008211307184347911
8,3,11,0.009912176912471659
5,6,11,NaN
6,5,11,0.12007316117014918
2,9,11,0.04937587322664477
5,6,11,0.483768449142263
8,3,11,0.483768449142263
6,5,11,0.6990667746156102
7,4,11,0.06525587975951877
5,6,11,NaN
5,6,11,0.014657321431141589
4,7,11,0.8185843942460208
8,3,11,NaN
3,8,11,NaN
4,7,11,0.5757595332036677
5,6,11,0.6613966634587408
6,5,11,0.8395040133151549
6,5,11,NaN
6,5,11,NaN
3,8,11,NaN
6,5,11,NaN
6,5,11,NaN
6,5,11,0.34926187684352356
11,0,11,0.531729986764269
3,8,11,0.7925166447343686
5,6,11,0.03278167509314025
3,8,11,0.870785778156344
4,7,11,NaN
1,10,11,0.2736599385245901
8,3,11,0.7641629005282548
2,9,11,NaN
4,7,11,NaN
3,8,11,0.5419358181341635
8,3,11,0.11835585687382275
2,9,11,0.7925166447343686
4,7,11,NaN
6,5,11,0.2736599385245901
2,9,11,NaN
3,8,11,NaN
1,10,11,NaN
1,10,11,NaN
2,9,11,0.5757595332036677
0,11,11,NaN
9,1,10,0.20623900755157154
10,0,10,0.2736599385245901
7,3,10,NaN
8,2,10,NaN
7,3,10,0.18342590517711166
4,6,10,0.9686139634526727
8,2,10,NaN
8,2,10,0.8874156625689908
6,4,10,0.4811221821730275
6,4,10,NaN
7,3,10,0.483768449142263
5,5,10,NaN
9,1,10,NaN
8,2,10,0.9071352322312466
3,7,10,NaN
8,2,10,0.07633250114228259
9,1,10,0.014302811501596825
7,3,10,NaN
8,2,10,NaN
9,1,10,0.893076864532752
7,3,10,0.8770122193000203
6,4,10,NaN
6,4,10,0.0015255961364742615
7,3,10,0.2736599385245901
5,5,10,NaN
8,2,10,NaN
4,6,10,NaN
6,4,10,NaN
8,2,10,0.31128496075105533
7,3,10,NaN
5,5,10,0.06525587975951877
9,1,10,NaN
6,4,10,NaN
6,4,10,7.996616759362088e-5
9,1,10,NaN
5,5,10,0.006282033561316203
10,0,10,0.531729986764269
8,2,10,0.43577762349235377
9,1,10,0.1816994389684268
8,2,10,0.9739274496973727
9,1,10,NaN
9,1,10,0.08869205529953894
9,1,10,NaN
9,1,10,0.07633250114228259
4,6,10,0.6185582093370283
8,2,10,0.43614794933242046
7,3,10,0.8395040133151549
10,0,10,NaN
7,3,10,0.007853322408939333
7,3,10,0.5810805644004121
5,5,10,NaN
7,3,10,NaN
9,1,10,0.9055500868206833
9,1,10,0.003140615788714819
7,3,10,NaN
9,1,10,NaN
5,5,10,0.00829404517453861
8,2,10,0.31128496075105533
4,6,10,0.03230741676234196
7,3,10,0.531729986764269
8,2,10,0.531729986764269
9,1,10,0.21276585142037788
7,3,10,0.552401248937484
7,3,10,0.5480463274779366
3,7,10,0.390088581715401
7,3,10,NaN
8,2,10,0.5792309934658875
8,2,10,NaN
9,1,10,0.9614248710601718
9,1,10,0.6613966634587408
6,4,10,NaN
8,2,10,0.893076864532752
6,4,10,0.31128496075105533
7,3,10,0.5757595332036677
8,2,10,0.34926187684352356
7,3,10,0.005396665236152628
2,8,10,0.8770122193000203
7,3,10,NaN
6,4,10,NaN
8,2,10,NaN
7,3,10,NaN
7,3,10,0.027174844232173517
7,3,10,0.4012475841419224
10,0,10,NaN
10,0,10,NaN
9,1,10,NaN
4,6,10,0.31128496075105533
9,1,10,0.43614794933242046
9,1,10,0.9209789316492126
9,1,10,0.11835585687382275
8,2,10,0.07633250114228259
5,5,10,0.9614248710601718
7,3,10,0.1026612005498701
7,3,10,0.03355007514069377
4,6,10,NaN
6,4,10,NaN
9,1,10,0.6023092203525795
7,3,10,0.8395040133151549
10,0,10,NaN
6,4,10,NaN
9,1,10,NaN
9,1,10,NaN
8,2,10,0.6185582093370283
10,0,10,0.7925166447343686
2,8,10,NaN
8,2,10,0.6185582093370283
9,1,10,NaN
9,1,10,NaN
5,5,10,0.1026612005498701
4,6,10,0.2536350042639946
6,4,10,NaN
4,6,10,0.8395040133151549
5,5,10,0.5263570405063814
8,2,10,NaN
8,2,10,NaN
5,5,10,NaN
7,3,10,0.31128496075105533
5,5,10,0.9747128701728911
7,3,10,0.8185843942460208
7,3,10,0.1376319999999998
6,4,10,NaN
5,5,10,0.531729986764269
9,1,10,0.1376319999999998
7,3,10,0.8597792096635031
8,2,10,NaN
7,3,10,0.0011870025188928748
8,2,10,0.9444758416552013
8,2,10,0.7925166447343686
10,0,10,0.8395040133151549
8,2,10,0.8031960249980263
9,1,10,0.9209789316492126
6,4,10,0.20936945520216732
7,3,10,NaN
5,5,10,0.012022118863049316
6,4,10,0.7332177371595686
6,4,10,0.24991002222475167
8,2,10,0.7078494222314559
6,4,10,NaN
7,3,10,NaN
7,3,10,NaN
9,1,10,0.0004191128404673452
6,4,10,0.25380999135676124
9,1,10,NaN
5,5,10,NaN
9,1,10,0.6794756735674712
4,6,10,0.012022118863049316
7,3,10,NaN
6,4,10,0.9747128701728911
9,1,10,0.027150137488542374
9,1,10,0.7641629005282548
8,2,10,NaN
8,2,10,0.8770122193000203
6,4,10,NaN
8,2,10,0.4856283699035989
4,6,10,0.893076864532752
7,3,10,0.055962292988609975
8,2,10,NaN
9,1,10,NaN
7,3,10,0.0334795754351328
8,2,10,0.1807331545266786
7,3,10,NaN
9,1,10,NaN
10,0,10,NaN
10,0,10,0.1026612005498701
7,3,10,NaN
8,2,10,0.18342590517711166
7,3,10,0.15921953565114888
5,5,10,NaN
9,1,10,NaN
8,2,10,0.8395040133151549
6,4,10,0.2736599385245901
8,2,10,0.5610768051345973
7,3,10,0.020365038769674933
8,2,10,0.5757595332036677
10,0,10,0.027150137488542374
6,4,10,NaN
9,1,10,NaN
8,2,10,0.36675537795816276
4,6,10,0.6990667746156102
6,4,10,0.3304460157406574
9,1,10,0.0018190655211690373
8,2,10,0.483768449142263
10,0,10,0.9765774773150677
7,3,10,NaN
7,3,10,0.6072675051941011
8,2,10,0.7641629005282548
9,1,10,0.31128496075105533
7,3,10,0.21543242061920645
8,2,10,NaN
10,0,10,0.2583029084414946
9,1,10,0.008188679159648896
8,2,10,0.9326921332428637
9,1,10,0.7925166447343686
9,1,10,0.9079098270401949
7,3,10,0.282402815563848
8,2,10,0.5757595332036677
9,1,10,0.022788573734112794
8,2,10,0.5757595332036677
3,7,10,NaN
7,3,10,NaN
9,1,10,0.531729986764269
6,4,10,NaN
4,6,10,0.23998440172325927
6,4,10,0.43614794933242046
10,0,10,0.43174600823559717
9,1,10,0.8395040133151549
10,0,10,NaN
8,2,10,0.6613966634587408
9,1,10,NaN
8,2,10,0.23998440172325927
9,1,10,0.6990667746156102
8,2,10,NaN
6,4,10,NaN
5,5,10,0.2810775803408697
10,0,10,0.483768449142263
8,2,10,0.8395040133151549
6,4,10,0.6990667746156102
9,1,10,NaN
9,1,10,0.531729986764269
6,4,10,0.11835585687382275
9,1,10,0.7470239550011291
6,4,10,0.7832181437749932
7,3,10,0.8395040133151549
6,4,10,0.33284498318491584
8,2,10,0.016227077322179834
8,2,10,0.39168521450374744
9,1,10,0.6990667746156102
6,4,10,0.32462881315163383
8,2,10,0.531729986764269
8,2,10,0.03782247324613561
7,3,10,0.43577762349235377
5,5,10,0.390088581715401
5,5,10,NaN
4,6,10,0.1376319999999998
7,3,10,NaN
10,0,10,0.004939389942292157
7,3,10,0.9919214683718085
7,3,10,0.08869205529953894
8,2,10,NaN
8,2,10,0.560681281690559
7,3,10,0.11835585687382275
8,2,10,0.8395040133151549
9,1,10,0.027150137488542374
8,2,10,2.250961456415231e-6
8,2,10,0.30746299205241734
6,4,10,0.9747128701728911
7,3,10,0.8395040133151549
3,7,10,NaN
5,5,10,0.02475065447485694
7,3,10,0.23998440172325927
4,6,10,0.04937587322664477
9,1,10,NaN
9,1,10,0.1376319999999998
9,1,10,NaN
7,3,10,NaN
6,4,10,NaN
4,6,10,NaN
10,0,10,0.43614794933242046
6,4,10,0.6613966634587408
7,3,10,NaN
8,2,10,NaN
10,0,10,0.20936945520216732
5,5,10,0.8395040133151549
8,2,10,NaN
6,4,10,NaN
8,2,10,0.5757595332036677
5,5,10,0.021665898305706182
7,3,10,0.893076864532752
6,4,10,0.09276169271251011
3,7,10,0.11835585687382275
8,2,10,0.7925166447343686
8,2,10,NaN
9,1,10,NaN
5,5,10,NaN
5,5,10,NaN
9,1,10,NaN
7,3,10,NaN
4,6,10,0.010857263489888564
6,4,10,0.23796086607408137
8,2,10,NaN
8,2,10,NaN
6,4,10,0.8730207778042132
7,3,10,0.0023928140694047637
7,3,10,NaN
6,4,10,0.9534153129152887
5,5,10,0.9209789316492126
7,3,10,NaN
8,2,10,0.18342590517711166
9,1,10,0.9079098270401949
9,1,10,0.36958211077647357
8,2,10,0.390088581715401
7,3,10,0.0569687888815355
3,7,10,0.2736599385245901
8,2,10,0.27526948510990185
9,1,10,0.9209789316492126
7,3,10,0.6613966634587408
8,2,10,0.03782247324613561
10,0,10,NaN
9,1,10,0.390088581715401
6,4,10,NaN
6,4,10,0.008999184697260174
9,1,10,0.15921953565114888
5,5,10,NaN
7,3,10,0.15921953565114888
9,1,10,0.4257650436191414
4,6,10,0.8776207124053833
8,2,10,NaN
7,3,10,NaN
10,0,10,0.531729986764269
6,4,10,NaN
6,4,10,NaN
6,4,10,NaN
6,4,10,NaN
5,5,10,0.6613966634587408
6,4,10,0.03782247324613561
9,1,10,0.6990667746156102
7,3,10,0.043199805379105054
10,0,10,0.34926187684352356
8,2,10,0.7013346446373245
10,0,10,0.03782247324613561
7,3,10,NaN
7,3,10,0.9433412321949546
7,3,10,0.014302811501596825
7,3,10,NaN
7,3,10,0.9639149388100328
6,4,10,0.993280292881284
7,3,10,0.4176971089560585
5,5,10,0.04937587322664477
8,2,10,NaN
3,7,10,0.24039576389531606
5,5,10,NaN
8,2,10,0.8185843942460208
8,2,10,NaN
4,6,10,0.5425292566345052
9,1,10,NaN
6,4,10,0.8770122193000203
4,6,10,0.17162401524706575
8,2,10,NaN
8,2,10,0.6570853097481938
6,4,10,NaN
7,3,10,0.3579380180982687
7,3,10,NaN
9,1,10,0.4480314299508615
7,3,10,0.0006385318290047812
3,7,10,0.6613966634587408
6,4,10,0.6990667746156102
10,0,10,NaN
8,2,10,0.2736599385245901
8,2,10,0.47692407467406805
5,5,10,0.9686139634526727
10,0,10,0.5757595332036677
8,2,10,0.8395040133151549
8,2,10,NaN
6,4,10,0.2989279162421319
9,1,10,NaN
4,6,10,0.8185843942460208
7,3,10,NaN
8,2,10,NaN
9,1,10,NaN
8,2,10,NaN
7,3,10,0.15921953565114888
8,2,10,NaN
7,3,10,0.7641629005282548
7,3,10,0.23998440172325927
10,0,10,NaN
7,3,10,0.03230741676234196
7,3,10,0.7641629005282548
9,1,10,0.023077138355774265
4,6,10,0.390088581715401
8,2,10,NaN
6,4,10,NaN
9,1,10,NaN
4,6,10,0.9209789316492126
8,2,10,NaN
7,3,10,NaN
7,3,10,NaN
10,0,10,0.8185843942460208
6,4,10,0.5619478530042082
4,6,10,0.10733328371946868
8,2,10,0.23998440172325927
8,2,10,NaN
6,4,10,0.25156505805789164
8,2,10,0.5852029045604108
5,5,10,NaN
6,4,10,0.8770122193000203
6,4,10,0.15921953565114888
7,3,10,0.20936945520216732
8,2,10,0.46925456933465487
6,4,10,0.9614248710601718
9,1,10,0.6185582093370283
9,1,10,0.6161119265109514
5,5,10,0.9004421383486988
6,4,10,0.9686139634526727
9,1,10,NaN
8,2,10,NaN
4,6,10,0.07262201935343697
8,2,10,0.6952791823641344
8,2,10,0.18342590517711166
6,4,10,NaN
9,1,10,3.271578795758899e-5
4,6,10,0.06369218122857737
8,2,10,NaN
8,2,10,0.06525587975951877
5,5,10,NaN
8,2,10,0.6447260772432926
8,2,10,NaN
10,0,10,0.0569687888815355
5,5,10,NaN
7,3,10,0.31128496075105533
9,1,10,0.8597792096635031
4,6,10,NaN
7,3,10,0.5378931731221492
5,5,10,NaN
5,5,10,0.15921953565114888
6,4,10,NaN
5,5,10,NaN
7,3,10,0.8597792096635031
6,4,10,0.6990667746156102
4,6,10,NaN
10,0,10,NaN
9,1,10,0.5521990749516338
5,5,10,0.11835585687382275
6,4,10,0.0045855720659858995
10,0,10,NaN
7,3,10,0.1376319999999998
8,2,10,0.6185582093370283
6,4,10,0.6990667746156102
3,7,10,NaN
9,1,10,NaN
8,2,10,0.8597792096635031
5,5,10,NaN
6,4,10,NaN
5,5,10,0.4459300178326409
2,8,10,NaN
9,1,10,0.6185582093370283
8,2,10,0.18342590517711166
9,1,10,NaN
10,0,10,NaN
9,1,10,NaN
6,4,10,0.45574032487896876
9,1,10,NaN
7,3,10,0.6613966634587408
9,1,10,0.012022118863049316
4,6,10,0.531729986764269
8,2,10,NaN
5,5,10,NaN
7,3,10,0.893076864532752
8,2,10,NaN
6,4,10,NaN
6,4,10,NaN
6,4,10,0.6150789892987253
7,3,10,0.3207105708424571
5,5,10,NaN
9,1,10,0.4319007153382488
10,0,10,0.8597792096635031
5,5,10,0.483768449142263
8,2,10,NaN
5,5,10,0.43614794933242046
10,0,10,0.6185582093370283
6,4,10,0.390088581715401
8,2,10,0.1026612005498701
7,3,10,NaN
4,6,10,0.004587280684075591
8,2,10,NaN
7,3,10,0.20936945520216732
8,2,10,0.01810822641557726
6,4,10,0.20936945520216732
6,4,10,0.8395040133151549
2,8,10,0.8395040133151549
3,7,10,0.4653236411152808
8,2,10,NaN
9,1,10,NaN
4,6,10,0.07633250114228259
5,5,10,NaN
3,7,10,0.6990667746156102
8,2,10,0.483768449142263
7,3,10,0.34926187684352356
9,1,10,0.5825272282964099
8,2,10,0.34926187684352356
10,0,10,0.7096129750093433
7,3,10,NaN
7,3,10,0.8031960249980263
3,7,10,0.2628960905893518
4,6,10,NaN
7,3,10,NaN
5,5,10,0.0005153618896889622
10,0,10,0.893076864532752
5,5,10,0.1540189762437742
6,4,10,NaN
3,7,10,0.7332177371595686
7,3,10,0.009912176912471659
4,6,10,0.018818495726163384
8,2,10,NaN
7,3,10,0.7332177371595686
7,3,10,0.11835585687382275
7,3,10,NaN
10,0,10,0.8395040133151549
5,5,10,NaN
10,0,10,0.06046395917926657
5,5,10,0.9079977884170259
10,0,10,0.5757595332036677
7,3,10,NaN
10,0,10,0.5682615290434406
5,5,10,0.8185843942460208
9,1,10,0.5419358181341635
2,8,10,0.9433412321949546
8,2,10,0.04937587322664477
7,3,10,0.07388182719030661
7,3,10,NaN
3,7,10,NaN
8,2,10,0.006536244766598504
7,3,10,0.7332177371595686
8,2,10,0.893076864532752
8,2,10,0.34926187684352356
7,3,10,NaN
8,2,10,0.5730680500991815
7,3,10,0.9970051004063903
9,1,10,NaN
7,3,10,0.11835585687382275
8,2,10,0.9534153129152887
10,0,10,0.5605686154146111
5,5,10,0.2736599385245901
6,4,10,NaN
8,2,10,0.9326921332428637
6,4,10,NaN
9,1,10,NaN
7,3,10,0.012022118863049316
8,2,10,NaN
7,3,10,0.9686139634526727
8,2,10,NaN
9,1,10,0.6185582093370283
7,3,10,NaN
8,2,10,0.8597792096635031
7,3,10,0.04937587322664477
6,4,10,0.5667605149218644
7,3,10,0.6185582093370283
6,4,10,NaN
8,2,10,NaN
8,2,10,0.7041531664339884
7,3,10,0.1376319999999998
8,2,10,0.6990667746156102
8,2,10,NaN
8,2,10,NaN
8,2,10,NaN
7,3,10,NaN
5,5,10,NaN
5,5,10,0.7641629005282548
7,3,10,NaN
3,7,10,0.04870332412302439
9,1,10,NaN
8,2,10,0.8152766217990904
9,1,10,NaN
6,4,10,0.7641629005282548
7,3,10,0.6185582093370283
6,4,10,0.8770122193000203
8,2,10,0.02187249183239695
4,6,10,0.845898846999801
9,1,10,NaN
10,0,10,NaN
8,2,10,0.9534153129152887
9,1,10,0.9326921332428637
10,0,10,0.03230741676234196
8,2,10,NaN
10,0,10,NaN
7,3,10,0.390088581715401
8,2,10,NaN
8,2,10,NaN
7,3,10,0.7670257764305127
8,2,10,NaN
6,4,10,NaN
9,1,10,NaN
9,1,10,0.3818358940266933
7,3,10,NaN
5,5,10,NaN
4,6,10,0.20347337301016935
10,0,10,0.20163475777346393
7,3,10,0.3664209141423569
7,3,10,0.7641629005282548
7,3,10,0.022788573734112794
7,3,10,0.7682415773202106
5,5,10,0.11154663703820043
8,2,10,0.027722625414939667
7,3,10,0.9686139634526727
5,5,10,0.18342590517711166
7,3,10,NaN
7,3,10,0.5560906278506429
7,3,10,0.02353553215490257
10,0,10,0.483768449142263
5,5,10,0.06525587975951877
10,0,10,0.8770122193000203
7,3,10,NaN
8,2,10,0.07633250114228259
8,2,10,NaN
6,4,10,0.38743265274981054
4,6,10,0.483768449142263
7,3,10,0.1376319999999998
10,0,10,NaN
6,4,10,0.34926187684352356
9,1,10,0.07633250114228259
4,6,10,0.1376319999999998
7,3,10,NaN
8,2,10,0.1376319999999998
9,1,10,0.06525587975951877
5,5,10,0.022788573734112794
7,3,10,NaN
7,3,10,0.7641629005282548
8,2,10,0.8185843942460208
6,4,10,0.8770122193000203
3,7,10,NaN
10,0,10,0.8395040133151549
7,3,10,0.08571454649195523
6,4,10,0.483768449142263
8,2,10,0.6544793908273733
10,0,10,0.18342590517711166
7,3,10,0.323573460039637
7,3,10,0.8770122193000203
9,1,10,0.531729986764269
9,1,10,0.43614794933242046
6,4,10,NaN
4,6,10,0.9640789873589839
7,3,10,NaN
7,3,10,0.9462669675391867
3,7,10,0.1026612005498701
5,5,10,0.7641629005282548
9,1,10,0.9939762773778614
4,6,10,0.35426957600008496
8,2,10,0.531729986764269
7,3,10,NaN
7,3,10,NaN
8,2,10,0.10595269650952056
8,2,10,NaN
5,5,10,NaN
8,2,10,0.390088581715401
4,6,10,0.9209789316492126
10,0,10,NaN
7,3,10,0.5378931731221492
7,3,10,0.531729986764269
4,6,10,NaN
3,7,10,NaN
8,2,10,0.19697225441495042
10,0,10,NaN
9,1,10,0.34926187684352356
7,3,10,0.0026498773491703343
8,2,10,NaN
9,1,10,NaN
5,5,10,NaN
9,1,10,0.005683487157107386
6,4,10,0.23998440172325927
8,2,10,NaN
10,0,10,0.1627398728782032
9,1,10,0.7332177371595686
3,7,10,0.483768449142263
8,2,10,0.10176246004831296
10,0,10,NaN
8,2,10,0.23964540280341587
5,5,10,0.002514442743431079
5,5,10,NaN
5,5,10,0.0569687888815355
5,5,10,NaN
5,5,10,NaN
8,2,10,NaN
7,3,10,NaN
8,2,10,NaN
6,4,10,0.043199805379105054
5,5,10,0.980101638801523
6,4,10,NaN
10,0,10,NaN
7,3,10,NaN
4,6,10,0.8802852570942574
8,2,10,0.10539699005855116
7,3,10,0.08869205529953894
6,4,10,NaN
9,1,10,0.8805847540326946
7,3,10,0.10141470165793055
6,4,10,0.8597792096635031
8,2,10,NaN
5,5,10,NaN
3,7,10,0.8776207124053833
7,3,10,NaN
9,1,10,0.8597792096635031
6,4,10,0.45496490924879346
9,1,10,0.3274408375139464
6,4,10,0.18342590517711166
6,4,10,0.1026612005498701
7,3,10,NaN
5,5,10,0.531729986764269
9,1,10,0.31128496075105533
5,5,10,0.6613966634587408
8,2,10,0.2736599385245901
8,2,10,0.8770122193000203
9,1,10,0.8395040133151549
6,4,10,0.6185582093370283
2,8,10,NaN
6,4,10,0.7925166447343686
9,1,10,0.2736599385245901
9,1,10,0.8086849727848733
5,5,10,0.863896207949168
6,4,10,NaN
6,4,10,1.0859010966055211e-5
8,2,10,0.04937587322664477
6,4,10,0.893076864532752
6,4,10,NaN
8,2,10,0.20936945520216732
7,3,10,NaN
7,3,10,0.18871508060967448
6,4,10,NaN
5,5,10,0.007003252747251538
9,1,10,0.43614794933242046
8,2,10,0.7925166447343686
8,2,10,0.03782247324613561
6,4,10,0.6613966634587408
5,5,10,0.9387755077248532
8,2,10,0.9326921332428637
6,4,10,0.9326921332428637
7,3,10,0.5945373731057242
6,4,10,0.31128496075105533
5,5,10,NaN
10,0,10,0.4638549088138422
6,4,10,0.7001014360319854
9,1,10,NaN
6,4,10,0.7641629005282548
5,5,10,0.38259779418896595
6,4,10,0.7641629005282548
8,2,10,0.7641629005282548
8,2,10,0.31128496075105533
8,2,10,0.20936945520216732
8,2,10,0.6185582093370283
7,3,10,NaN
9,1,10,0.1026612005498701
8,2,10,0.6613966634587408
9,1,10,NaN
5,5,10,0.3414025326244797
7,3,10,0.28712953583557066
9,1,10,0.43614794933242046
7,3,10,0.8395040133151549
5,5,10,0.02180431614413967
8,2,10,0.9148671001123906
6,4,10,NaN
8,2,10,0.7332177371595686
6,4,10,NaN
6,4,10,NaN
6,4,10,0.07775488792945527
7,3,10,0.9326921332428637
7,3,10,0.9614248710601718
6,4,10,NaN
5,5,10,0.5757595332036677
9,1,10,NaN
8,2,10,0.6601636844604745
7,3,10,0.31128496075105533
7,3,10,0.43614794933242046
7,3,10,0.6185582093370283
7,3,10,0.7084022808284598
9,1,10,NaN
6,4,10,4.3248477539687434e-10
4,6,10,0.6613966634587408
4,6,10,0.9477135570803334
8,2,10,0.9686139634526727
10,0,10,NaN
7,3,10,0.00010692784195477385
10,0,10,0.43614794933242046
4,6,10,0.34926187684352356
6,4,10,NaN
10,0,10,NaN
7,3,10,0.6613966634587408
7,3,10,0.9433412321949546
3,7,10,NaN
9,1,10,0.006082193050191918
3,7,10,0.8185843942460208
9,1,10,NaN
5,5,10,NaN
10,0,10,NaN
6,4,10,NaN
5,5,10,NaN
6,4,10,NaN
10,0,10,NaN
10,0,10,NaN
7,3,10,0.31128496075105533
9,1,10,0.6613966634587408
7,3,10,NaN
8,2,10,0.2579042808851361
9,1,10,0.34926187684352356
9,1,10,0.07633250114228259
5,5,10,0.3543239926417351
3,7,10,0.43614794933242046
6,4,10,NaN
9,1,10,0.531729986764269
9,1,10,NaN
8,2,10,0.31128496075105533
9,1,10,0.4319007153382488
5,5,10,0.14803363385912097
6,4,10,0.6990667746156102
9,1,10,0.390088581715401
8,2,10,NaN
8,2,10,0.390088581715401
8,2,10,0.027150137488542374
8,2,10,0.8185843942460208
7,3,10,0.531729986764269
7,3,10,NaN
5,5,10,NaN
10,0,10,0.43614794933242046
7,3,10,0.8805497143222399
9,1,10,0.04866912039497136
9,1,10,NaN
8,2,10,0.15921953565114888
8,2,10,0.11835585687382275
6,4,10,0.766925553796705
2,8,10,0.8107805919005688
6,4,10,0.06525587975951877
8,2,10,0.31128496075105533
9,1,10,NaN
9,1,10,0.06654332058020312
5,5,10,0.11835585687382275
9,1,10,0.043199805379105054
8,2,10,0.531729986764269
6,4,10,0.7813401972592289
7,3,10,NaN
5,5,10,NaN
8,2,10,0.7332177371595686
6,4,10,0.6990667746156102
6,4,10,NaN
9,1,10,0.20936945520216732
8,2,10,0.8278162142569784
2,8,10,0.531729986764269
7,3,10,NaN
7,3,10,0.9326921332428637
6,4,10,0.483768449142263
8,2,10,0.6613966634587408
7,3,10,NaN
7,3,10,0.2736599385245901
5,5,10,NaN
6,4,10,NaN
8,2,10,0.6613966634587408
8,2,10,0.18342590517711166
8,2,10,0.8395040133151549
9,1,10,0.007003252747251538
7,3,10,NaN
6,4,10,0.9326921332428637
3,7,10,0.6185582093370283
3,7,10,NaN
6,4,10,NaN
7,3,10,NaN
7,3,10,NaN
10,0,10,NaN
7,3,10,NaN
7,3,10,0.0648596565072484
6,4,10,0.7641629005282548
7,3,10,0.0487461522307463
4,6,10,0.8863945966123163
8,2,10,NaN
9,1,10,0.7925166447343686
7,3,10,0.9079098270401949
5,5,10,0.0015190648828314582
7,3,10,NaN
10,0,10,0.43614794933242046
7,3,10,0.483768449142263
7,3,10,0.390088581715401
5,5,10,NaN
5,5,10,0.7332177371595686
8,2,10,0.9583545975458797
3,7,10,0.6990667746156102
6,4,10,0.07633250114228259
7,3,10,0.8770122193000203
4,6,10,NaN
8,2,10,0.23998440172325927
5,5,10,0.8185843942460208
6,4,10,0.9386597353909545
7,3,10,0.03885061294033435
4,6,10,0.390088581715401
6,4,10,0.531729986764269
6,4,10,0.254478293163759
8,2,10,NaN
5,5,10,0.7332177371595686
7,3,10,0.014302811501596825
4,6,10,NaN
9,1,10,NaN
5,5,10,0.13143718084746397
8,2,10,0.9614248710601718
8,2,10,0.7463553004550284
7,3,10,0.06525587975951877
5,5,10,0.08869205529953894
8,2,10,0.6613966634587408
6,4,10,0.0005623752613953887
6,4,10,NaN
7,3,10,0.08869205529953894
4,6,10,0.9919214683718085
9,1,10,0.7641629005282548
8,2,10,0.15921953565114888
8,2,10,0.07633250114228259
9,1,10,0.03230741676234196
5,5,10,0.0569687888815355
7,3,10,0.1026612005498701
9,1,10,0.7332177371595686
6,4,10,0.03782247324613561
9,1,10,0.18342590517711166
8,2,10,0.0569687888815355
7,3,10,0.31128496075105533
7,3,10,0.8395040133151549
5,5,10,0.7332177371595686
5,5,10,0.07149157896053752
7,3,10,0.43614794933242046
4,6,10,0.6185582093370283
9,1,10,NaN
6,4,10,0.20936945520216732
2,8,10,0.027150137488542374
5,5,10,0.531729986764269
9,1,10,0.72508585306846
8,2,10,0.06525587975951877
7,3,10,NaN
7,3,10,NaN
6,4,10,NaN
5,5,10,NaN
7,3,10,0.531729986764269
10,0,10,0.9079098270401949
7,3,10,0.31128496075105533
7,3,10,0.6990667746156102
6,4,10,NaN
7,3,10,0.014302811501596825
7,3,10,0.893076864532752
1,9,10,0.7925166447343686
7,3,10,NaN
8,2,10,NaN
9,1,10,0.055460719527707286
5,5,10,0.38610205560655736
3,7,10,0.3310658935063618
4,6,10,NaN
5,5,10,0.00017414276573134174
9,1,10,NaN
8,2,10,0.07633250114228259
6,4,10,0.252774055639449
5,5,10,0.04870332412302439
5,5,10,0.9970095391533403
8,2,10,NaN
7,3,10,NaN
5,5,10,NaN
7,3,10,0.7332177371595686
9,1,10,6.440385381130745e-7
6,4,10,NaN
5,5,10,0.390088581715401
7,3,10,0.893076864532752
3,7,10,NaN
7,3,10,0.46081112403233077
6,4,10,0.26563510148309083
7,3,10,0.390088581715401
10,0,10,0.531729986764269
5,5,10,NaN
7,3,10,0.20936945520216732
9,1,10,0.893076864532752
6,4,10,0.43614794933242046
7,3,10,0.8185843942460208
10,0,10,NaN
5,5,10,0.18342590517711166
7,3,10,0.5924971823716719
6,4,10,0.531729986764269
6,4,10,0.7641629005282548
5,5,10,0.9079098270401949
7,3,10,0.531729986764269
8,2,10,NaN
9,1,10,NaN
7,3,10,0.30766134932571504
9,1,10,0.9878473971458487
7,3,10,0.5504138493473137
6,4,10,0.3471414247959391
5,5,10,0.18342590517711166
5,5,10,4.890024745124373e-6
6,4,10,0.390088581715401
7,3,10,0.15921953565114888
7,3,10,NaN
7,3,10,0.10199579689480648
8,2,10,0.003788441268422185
4,6,10,0.33372149774144877
7,3,10,NaN
9,1,10,NaN
4,6,10,0.7647249696373969
4,6,10,NaN
8,2,10,0.9747128701728911
5,5,10,NaN
8,2,10,NaN
7,3,10,NaN
4,6,10,NaN
8,2,10,0.04357911187942519
7,3,10,0.7641629005282548
5,5,10,0.390088581715401
7,3,10,0.022788573734112794
7,3,10,NaN
4,6,10,0.8185843942460208
7,3,10,0.8597792096635031
6,4,10,0.34926187684352356
6,4,10,0.022788573734112794
6,4,10,0.8185843942460208
6,4,10,0.390088581715401
7,3,10,NaN
9,1,10,0.9211070195272343
10,0,10,0.3131469291297051
8,2,10,0.34926187684352356
4,6,10,0.23998440172325927
5,5,10,0.34926187684352356
4,6,10,0.9686139634526727
5,5,10,0.4573189871059706
5,5,10,0.1026612005498701
8,2,10,NaN
7,3,10,0.8185843942460208
6,4,10,NaN
7,3,10,NaN
8,2,10,NaN
4,6,10,0.9614248710601718
8,2,10,0.40834950525956615
8,2,10,NaN
7,3,10,NaN
6,4,10,NaN
7,3,10,NaN
6,4,10,9.180944300780726e-7
6,4,10,0.8395040133151549
10,0,10,0.980101638801523
5,5,10,0.9132124104633234
8,2,10,0.7332177371595686
4,6,10,0.893076864532752
8,2,10,NaN
9,1,10,0.7925166447343686
10,0,10,0.31128496075105533
7,3,10,NaN
7,3,10,0.5101354788731787
4,6,10,0.7744073833658771
7,3,10,NaN
4,6,10,0.7332177371595686
9,1,10,0.390088581715401
8,2,10,0.6613966634587408
10,0,10,0.6990667746156102
7,3,10,0.8637529907312803
6,4,10,0.31128496075105533
4,6,10,NaN
6,4,10,0.19697225441495042
9,1,10,NaN
6,4,10,NaN
8,2,10,0.03230741676234196
8,2,10,0.060003869693582346
8,2,10,0.027988959395328916
8,2,10,0.00829404517453861
8,2,10,0.7925166447343686
6,4,10,0.6185582093370283
7,3,10,0.390088581715401
9,1,10,0.9433412321949546
4,6,10,NaN
9,1,10,NaN
7,3,10,0.7332177371595686
6,4,10,0.9614248710601718
1,9,10,NaN
8,2,10,0.18289175153557002
6,4,10,0.390088581715401
8,2,10,NaN
7,3,10,0.43614794933242046
7,3,10,0.5116108003137264
8,2,10,0.893076864532752
8,2,10,NaN
7,3,10,0.483768449142263
10,0,10,0.43614794933242046
4,6,10,0.15921953565114888
6,4,10,NaN
6,4,10,NaN
6,4,10,NaN
9,1,10,0.06525587975951877
5,5,10,0.9747128701728911
7,3,10,NaN
7,3,10,NaN
7,3,10,0.34926187684352356
9,1,10,0.6613966634587408
4,6,10,0.0030892543021027673
7,3,10,0.0010286147200560807
6,4,10,0.390088581715401
4,6,10,0.7332177371595686
8,2,10,0.030285215008660635
6,4,10,0.18342590517711166
8,2,10,0.6185582093370283
7,3,10,NaN
7,3,10,0.008617871659552832
5,5,10,NaN
7,3,10,0.2736599385245901
3,7,10,0.8185843942460208
5,5,10,NaN
8,2,10,0.7641629005282548
5,5,10,0.34926187684352356
7,3,10,0.07633250114228259
6,4,10,0.4074552942193448
7,3,10,NaN
9,1,10,0.021027719654657672
9,1,10,NaN
6,4,10,NaN
8,2,10,0.8597792096635031
9,1,10,0.7925166447343686
9,1,10,0.5751653014859857
8,2,10,0.8395040133151549
3,7,10,0.31128496075105533
4,6,10,0.34926187684352356
8,2,10,0.6188274803983025
8,2,10,0.1026612005498701
4,6,10,0.658422205875303
7,3,10,NaN
7,3,10,NaN
4,6,10,0.002583028286261027
6,4,10,0.893076864532752
6,4,10,0.531729986764269
7,3,10,NaN
10,0,10,0.4573189871059706
10,0,10,NaN
7,3,10,NaN
6,4,10,0.34669525622170844
6,4,10,0.7925166447343686
6,4,10,0.45634865371866995
7,3,10,NaN
8,2,10,NaN
8,2,10,NaN
8,2,10,NaN
6,4,10,0.9031220119223897
6,4,10,0.483768449142263
3,7,10,0.0011870025188928748
9,1,10,0.483768449142263
6,4,10,0.07633250114228259
7,3,10,NaN
5,5,10,NaN
6,4,10,NaN
7,3,10,0.9686139634526727
9,1,10,0.07633250114228259
5,5,10,0.0005420796851532962
10,0,10,0.022788573734112794
5,5,10,NaN
3,7,10,NaN
3,7,10,0.31128496075105533
3,7,10,0.6990667746156102
8,2,10,0.7332177371595686
6,4,10,0.1026612005498701
8,2,10,0.34926187684352356
6,4,10,NaN
6,4,10,0.531729986764269
3,7,10,NaN
9,1,10,0.7127901432779049
5,5,10,NaN
6,4,10,0.6613966634587408
9,1,10,0.23998440172325927
9,1,10,NaN
3,7,10,0.7332177371595686
5,5,10,NaN
7,3,10,0.34926187684352356
9,1,10,0.43614794933242046
6,4,10,0.23271794522045783
5,5,10,0.3566774067387504
6,4,10,NaN
6,4,10,NaN
5,5,10,NaN
8,2,10,0.9326921332428637
7,3,10,NaN
3,7,10,NaN
6,4,10,0.9999242665082078
5,5,10,0.08869205529953894
6,4,10,0.893076864532752
5,5,10,0.6714192263343366
7,3,10,0.390088581715401
5,5,10,0.32628213507469583
8,2,10,0.34926187684352356
2,8,10,NaN
5,5,10,0.893076864532752
5,5,10,0.4601464996817893
5,5,10,0.1376319999999998
7,3,10,0.43614794933242046
10,0,10,0.23998440172325927
5,5,10,NaN
7,3,10,NaN
4,6,10,0.4802289030133916
8,2,10,0.2468180462689409
4,6,10,0.7925166447343686
6,4,10,0.8185843942460208
8,2,10,NaN
4,6,10,NaN
5,5,10,0.1004159907511305
8,2,10,NaN
7,3,10,0.6741830672601722
6,4,10,NaN
5,5,10,NaN
7,3,10,0.9869922556276133
9,1,10,0.04937587322664477
6,4,10,0.043199805379105054
6,4,10,0.483768449142263
8,2,10,0.6711282381605713
6,4,10,0.04937587322664477
9,1,10,0.20936945520216732
8,2,10,NaN
5,5,10,0.43614794933242046
7,3,10,NaN
5,5,10,NaN
4,6,10,0.9246702036208543
5,5,10,0.531729986764269
10,0,10,0.15921953565114888
4,6,10,NaN
9,1,10,NaN
7,3,10,NaN
5,5,10,0.019519080662983124
7,3,10,0.5757595332036677
5,5,10,0.04937587322664477
2,8,10,0.31128496075105533
4,6,10,0.30393132059004796
4,6,10,0.095177762697167
8,2,10,NaN
6,4,10,NaN
6,4,10,0.11835585687382275
5,5,10,NaN
6,4,10,0.7925166447343686
6,4,10,0.531729986764269
6,4,10,0.022788573734112794
3,7,10,0.34926187684352356
5,5,10,0.531729986764269
9,1,10,0.5757595332036677
5,5,10,0.8770122193000203
6,4,10,NaN
6,4,10,NaN
6,4,10,0.0569687888815355
8,2,10,0.9209789316492126
8,2,10,0.1026612005498701
7,3,10,NaN
4,6,10,0.8185843942460208
7,3,10,0.23998440172325927
5,5,10,NaN
5,5,10,0.7727165520912901
7,3,10,0.43614794933242046
7,3,10,NaN
6,4,10,NaN
7,3,10,NaN
7,3,10,0.043199805379105054
8,2,10,0.9433412321949546
7,3,10,NaN
9,1,10,NaN
4,6,10,0.04937587322664477
5,5,10,0.6613966634587408
7,3,10,0.027896146418017506
3,7,10,0.7925166447343686
2,8,10,0.7641629005282548
7,3,10,0.31128496075105533
5,5,10,NaN
4,6,10,0.08869205529953894
4,6,10,0.9209789316492126
6,4,10,NaN
7,3,10,0.31128496075105533
6,4,10,0.390088581715401
4,6,10,NaN
8,2,10,NaN
6,4,10,0.8395040133151549
7,3,10,0.6990667746156102
2,8,10,NaN
4,6,10,0.9209789316492126
6,4,10,0.8185843942460208
6,4,10,0.8168039523867119
8,2,10,0.17524985869493215
8,2,10,0.22941988841534758
4,6,10,0.27871645469049333
7,3,10,0.03782247324613561
4,6,10,0.016410227027109075
5,5,10,0.6613966634587408
3,7,10,0.016627813551177786
8,2,10,0.34926187684352356
6,4,10,NaN
8,2,10,0.43614794933242046
5,5,10,0.5332917975510351
6,4,10,0.3842605626846518
7,3,10,0.1376319999999998
5,5,10,0.9850416687159641
10,0,10,NaN
7,3,10,0.7012514822077243
5,5,10,0.7935044333738318
6,4,10,0.8185843942460208
6,4,10,NaN
4,6,10,NaN
3,7,10,NaN
5,5,10,0.6185582093370283
7,3,10,0.7001014360319854
6,4,10,0.8464550737690885
5,5,10,0.6613966634587408
8,2,10,0.34926187684352356
6,4,10,0.45357529842436256
5,5,10,0.5483593722326616
5,5,10,0.08869205529953894
6,4,10,NaN
8,2,10,NaN
5,5,10,0.9403527389860276
6,4,10,0.03230741676234196
3,7,10,0.27286419230254233
7,3,10,0.9988199866224712
4,6,10,0.11835585687382275
5,5,10,0.1376319999999998
4,6,10,0.9433412321949546
5,5,10,0.1987368902728182
3,7,10,0.0006048409696571202
5,5,10,NaN
4,6,10,0.560681281690559
3,7,10,0.34926187684352356
4,6,10,0.6273932620023779
1,9,10,0.893076864532752
5,5,10,NaN
5,5,10,NaN
5,5,10,0.8597792096635031
5,5,10,0.893076864532752
6,4,10,NaN
4,6,10,0.0023138606353509117
8,2,10,0.9940320922471844
4,6,10,NaN
9,1,10,0.7630954768495987
6,4,10,0.483768449142263
6,4,10,0.8770122193000203
1,9,10,NaN
4,6,10,0.1004159907511305
2,8,10,NaN
3,7,10,0.758303110825557
3,7,10,0.18342590517711166
5,5,10,0.531729986764269
2,8,10,0.04937587322664477
6,4,10,0.23998440172325927
6,4,10,0.5757595332036677
1,9,10,NaN
8,2,10,0.893076864532752
6,4,10,0.7332177371595686
3,7,10,0.483768449142263
3,7,10,0.15921953565114888
6,4,10,NaN
2,8,10,0.9788983147863654
2,8,10,0.7641629005282548
4,6,10,0.23998440172325927
6,4,10,NaN
4,6,10,0.31128496075105533
3,7,10,0.34926187684352356
2,8,10,NaN
3,7,10,0.09335262754773933
4,6,10,0.36958211077647357
4,6,10,0.7332177371595686
4,6,10,0.08869205529953894
1,9,10,0.31128496075105533
4,6,10,0.009912176912471659
3,7,10,0.20936945520216732
2,8,10,0.997576379207803
1,9,10,NaN
1,9,10,0.6185582093370283
0,10,10,NaN
6,3,9,0.893076864532752
7,2,9,0.2736599385245901
7,2,9,NaN
7,2,9,NaN
7,2,9,NaN
7,2,9,NaN
9,0,9,0.9209789316492126
1,8,9,NaN
7,2,9,NaN
7,2,9,0.483768449142263
7,2,9,0.06525587975951877
9,0,9,NaN
8,1,9,NaN
7,2,9,0.531729986764269
6,3,9,0.6613966634587408
6,3,9,0.5757595332036677
9,0,9,0.8501982218485488
8,1,9,0.9079098270401949
6,3,9,0.7332177371595686
9,0,9,0.6990667746156102
4,5,9,NaN
8,1,9,NaN
4,5,9,NaN
7,2,9,NaN
6,3,9,0.390088581715401
9,0,9,0.3042007367616033
7,2,9,0.23998440172325927
2,7,9,0.6185582093370283
8,1,9,0.07842229302412203
6,3,9,0.7925166447343686
8,1,9,0.03782247324613561
7,2,9,0.483768449142263
4,5,9,NaN
7,2,9,0.31128496075105533
9,0,9,NaN
4,5,9,0.18267562004445928
6,3,9,NaN
7,2,9,0.1026612005498701
7,2,9,NaN
7,2,9,0.03230741676234196
7,2,9,0.02708760534124428
5,4,9,0.5757595332036677
6,3,9,0.483768449142263
6,3,9,0.564483607045897
8,1,9,NaN
6,3,9,NaN
7,2,9,NaN
4,5,9,NaN
5,4,9,NaN
4,5,9,0.03230741676234196
7,2,9,0.8395040133151549
5,4,9,0.43614794933242046
8,1,9,0.6613966634587408
8,1,9,0.9534153129152887
9,0,9,0.9209789316492126
7,2,9,0.1376319999999998
9,0,9,NaN
4,5,9,0.23998440172325927
6,3,9,NaN
3,6,9,NaN
6,3,9,0.789262929999244
9,0,9,NaN
9,0,9,0.6570853097481938
7,2,9,NaN
9,0,9,0.980101638801523
7,2,9,NaN
6,3,9,NaN
7,2,9,0.00013033881897037526
6,3,9,NaN
9,0,9,0.34926187684352356
6,3,9,0.5757595332036677
8,1,9,0.012022118863049316
8,1,9,0.0569687888815355
8,1,9,0.7641629005282548
9,0,9,0.8597792096635031
5,4,9,0.8568024491395582
6,3,9,0.8635649365728475
7,2,9,0.7641629005282548
5,4,9,NaN
8,1,9,NaN
5,4,9,0.531729986764269
9,0,9,NaN
8,1,9,0.749359964362704
9,0,9,0.6613966634587408
8,1,9,0.6990667746156102
6,3,9,0.9614248710601718
6,3,9,NaN
7,2,9,NaN
8,1,9,0.8185843942460208
9,0,9,2.706795667514561e-8
9,0,9,0.017024303952956957
5,4,9,0.0009775841584143525
7,2,9,0.6990667746156102
7,2,9,NaN
4,5,9,0.0012573972726024414
7,2,9,NaN
8,1,9,NaN
8,1,9,0.483768449142263
8,1,9,0.6072675051941011
7,2,9,0.9079098270401949
7,2,9,NaN
9,0,9,NaN
4,5,9,0.9534153129152887
7,2,9,0.23998440172325927
5,4,9,0.31128496075105533
5,4,9,0.43614794933242046
6,3,9,0.009179387450123542
3,6,9,NaN
6,3,9,0.13147035424705628
8,1,9,NaN
6,3,9,NaN
7,2,9,NaN
8,1,9,0.390088581715401
5,4,9,NaN
9,0,9,NaN
4,5,9,0.9919050659879228
6,3,9,0.0908429133832776
5,4,9,0.1026612005498701
5,4,9,NaN
8,1,9,0.027150137488542374
5,4,9,0.31128496075105533
8,1,9,0.31128496075105533
7,2,9,0.980101638801523
9,0,9,0.6701343507063929
5,4,9,0.6185582093370283
7,2,9,NaN
8,1,9,0.531729986764269
8,1,9,0.06043564795776609
8,1,9,0.390088581715401
4,5,9,0.9959618436650923
5,4,9,NaN
6,3,9,NaN
8,1,9,NaN
8,1,9,0.5564302967966192
5,4,9,NaN
7,2,9,NaN
6,3,9,0.012022118863049316
4,5,9,0.0003297306122421771
7,2,9,0.531729986764269
8,1,9,0.6613966634587408
6,3,9,NaN
5,4,9,0.6116602023463251
8,1,9,NaN
8,1,9,0.15921953565114888
9,0,9,NaN
4,5,9,0.20936945520216732
4,5,9,0.000647851463182468
6,3,9,0.017365518826144292
6,3,9,0.7925166447343686
4,5,9,0.9209789316492126
9,0,9,0.1376319999999998
9,0,9,NaN
7,2,9,NaN
7,2,9,0.010743622729371752
4,5,9,0.18342590517711166
8,1,9,0.22036439232865215
7,2,9,0.9209789316492126
9,0,9,0.06525587975951877
9,0,9,0.9209789316492126
8,1,9,0.3141230378208956
6,3,9,0.7021344285996446
8,1,9,0.5566843331138974
7,2,9,NaN
6,3,9,0.5757595332036677
6,3,9,0.18342590517711166
4,5,9,0.035168461044221735
6,3,9,0.0019710817947118306
6,3,9,0.07775488792945527
6,3,9,NaN
8,1,9,0.7641629005282548
8,1,9,NaN
7,2,9,0.5757595332036677
5,4,9,0.5757595332036677
8,1,9,0.7332177371595686
4,5,9,3.024400366375464e-7
7,2,9,0.6185582093370283
6,3,9,0.9792603857793252
7,2,9,0.04554736198289446
7,2,9,0.9614248710601718
6,3,9,0.14341372939388958
6,3,9,0.0027071495100920197
3,6,9,NaN
9,0,9,0.6613966634587408
6,3,9,NaN
7,2,9,0.483768449142263
6,3,9,NaN
5,4,9,NaN
8,1,9,NaN
5,4,9,0.34926187684352356
6,3,9,NaN
8,1,9,0.4435046481921888
5,4,9,NaN
8,1,9,0.29765660056058585
6,3,9,0.009912176912471659
6,3,9,NaN
7,2,9,0.08869205529953894
4,5,9,0.9182075310218888
8,1,9,0.7641629005282548
8,1,9,0.43174600823559717
6,3,9,0.7332177371595686
8,1,9,0.6613966634587408
5,4,9,NaN
5,4,9,NaN
7,2,9,0.6990667746156102
4,5,9,NaN
5,4,9,NaN
5,4,9,0.10199579689480648
8,1,9,0.022208748010276988
5,4,9,0.23998440172325927
9,0,9,NaN
6,3,9,0.6990667746156102
6,3,9,6.643055052517858e-7
8,1,9,0.6185582093370283
9,0,9,0.20936945520216732
8,1,9,0.43614794933242046
6,3,9,0.06525587975951877
9,0,9,0.9240354174037108
6,3,9,0.1536927080818636
5,4,9,0.08869205529953894
7,2,9,NaN
7,2,9,0.0007747916850833341
6,3,9,NaN
6,3,9,NaN
6,3,9,0.08869205529953894
8,1,9,NaN
7,2,9,NaN
3,6,9,0.1376319999999998
5,4,9,0.2006511883812267
9,0,9,0.15921953565114888
8,1,9,0.8185843942460208
4,5,9,0.014302811501596825
8,1,9,NaN
4,5,9,0.8597792096635031
5,4,9,NaN
8,1,9,0.2736599385245901
5,4,9,0.2311057915366838
5,4,9,0.027150137488542374
9,0,9,0.686299957837828
2,7,9,0.003140615788714819
7,2,9,0.8770122193000203
8,1,9,0.34926187684352356
7,2,9,NaN
9,0,9,0.13862449232099347
6,3,9,0.2736599385245901
5,4,9,0.893076864532752
8,1,9,NaN
8,1,9,0.9919214683718085
8,1,9,0.06525587975951877
6,3,9,0.483768449142263
6,3,9,NaN
7,2,9,NaN
7,2,9,NaN
6,3,9,0.1026612005498701
6,3,9,0.5757595332036677
6,3,9,NaN
8,1,9,NaN
4,5,9,NaN
4,5,9,0.2100018040094648
4,5,9,0.012022118863049316
6,3,9,0.48060282820831995
5,4,9,0.7641629005282548
4,5,9,NaN
4,5,9,NaN
3,6,9,0.8770122193000203
7,2,9,0.483768449142263
9,0,9,0.7641629005282548
6,3,9,0.6843368980767038
6,3,9,NaN
9,0,9,0.1376319999999998
8,1,9,0.6185582093370283
4,5,9,0.6990667746156102
3,6,9,NaN
5,4,9,NaN
5,4,9,0.6185582093370283
6,3,9,NaN
4,5,9,0.8185843942460208
5,4,9,NaN
4,5,9,0.531729986764269
7,2,9,0.02176807899862826
6,3,9,NaN
6,3,9,NaN
5,4,9,0.23998440172325927
9,0,9,0.12390041476341097
3,6,9,0.15921953565114888
8,1,9,NaN
9,0,9,NaN
8,1,9,0.03638274001899641
8,1,9,0.43614794933242046
5,4,9,0.06525587975951877
6,3,9,0.6185582093370283
8,1,9,0.21638753222790041
8,1,9,0.9209789316492126
7,2,9,NaN
6,3,9,0.43614794933242046
4,5,9,NaN
8,1,9,0.7332177371595686
7,2,9,0.1026612005498701
7,2,9,NaN
6,3,9,0.11835585687382275
6,3,9,0.7925166447343686
7,2,9,0.000900299692152711
7,2,9,0.43614794933242046
4,5,9,0.6185582093370283
8,1,9,NaN
7,2,9,0.03782247324613561
9,0,9,0.21239114211048837
6,3,9,0.9209789316492126
8,1,9,NaN
4,5,9,0.9079977884170259
7,2,9,0.8568024491395582
6,3,9,0.002534342531052933
9,0,9,0.4688440702050276
9,0,9,NaN
5,4,9,0.483768449142263
5,4,9,NaN
7,2,9,NaN
4,5,9,NaN
8,1,9,0.5757595332036677
8,1,9,9.951340978814963e-5
8,1,9,NaN
7,2,9,0.20936945520216732
4,5,9,0.6990667746156102
5,4,9,NaN
6,3,9,0.41974050231987375
7,2,9,NaN
7,2,9,0.18342590517711166
7,2,9,0.8185843942460208
6,3,9,0.5054614600448805
6,3,9,0.710410651171062
6,3,9,0.035489791896993694
6,3,9,NaN
6,3,9,0.6613966634587408
8,1,9,NaN
5,4,9,NaN
7,2,9,NaN
7,2,9,0.027150137488542374
8,1,9,0.6990667746156102
6,3,9,0.8185843942460208
7,2,9,0.7332177371595686
9,0,9,0.980101638801523
8,1,9,NaN
3,6,9,NaN
8,1,9,NaN
7,2,9,NaN
5,4,9,0.007196532393350652
9,0,9,NaN
4,5,9,0.7332177371595686
6,3,9,0.08869205529953894
7,2,9,0.024681282185577427
3,6,9,NaN
6,3,9,NaN
2,7,9,0.8597792096635031
7,2,9,0.7553344860946093
6,3,9,NaN
7,2,9,NaN
6,3,9,0.043199805379105054
4,5,9,NaN
8,1,9,0.531729986764269
6,3,9,NaN
5,4,9,0.0569687888815355
7,2,9,NaN
6,3,9,NaN
7,2,9,NaN
5,4,9,0.9614248710601718
5,4,9,0.6185582093370283
8,1,9,0.483768449142263
7,2,9,0.11835585687382275
8,1,9,NaN
6,3,9,0.5459424067501532
6,3,9,0.898548218824392
8,1,9,0.7925166447343686
9,0,9,NaN
6,3,9,0.15921953565114888
4,5,9,0.004939389942292157
3,6,9,NaN
7,2,9,0.5419358181341635
6,3,9,0.43577762349235377
6,3,9,0.6613966634587408
6,3,9,NaN
8,1,9,0.39088310158301914
7,2,9,0.23998440172325927
4,5,9,0.2736599385245901
8,1,9,NaN
5,4,9,0.8395040133151549
6,3,9,0.7925166447343686
5,4,9,0.390088581715401
3,6,9,0.5757595332036677
8,1,9,0.016437208106361952
5,4,9,0.9079098270401949
8,1,9,NaN
7,2,9,NaN
8,1,9,NaN
6,3,9,0.6613966634587408
4,5,9,0.9079098270401949
4,5,9,0.44430343712013265
4,5,9,NaN
9,0,9,0.8597792096635031
9,0,9,NaN
8,1,9,0.23998440172325927
5,4,9,NaN
5,4,9,NaN
6,3,9,0.7332177371595686
6,3,9,0.18342590517711166
5,4,9,0.43614794933242046
8,1,9,0.7641629005282548
7,2,9,0.7925166447343686
6,3,9,0.04937587322664477
5,4,9,0.07633250114228259
7,2,9,0.4811221821730275
6,3,9,0.22036920251922612
7,2,9,0.6990667746156102
6,3,9,0.08869205529953894
6,3,9,0.11835585687382275
6,3,9,0.07633250114228259
7,2,9,0.09103071012866998
6,3,9,0.08869205529953894
7,2,9,0.8185843942460208
7,2,9,NaN
8,1,9,NaN
4,5,9,NaN
8,1,9,NaN
4,5,9,NaN
5,4,9,0.5757595332036677
4,5,9,0.03230741676234196
7,2,9,0.14341372939388958
7,2,9,0.024681282185577427
7,2,9,0.5825455385005127
5,4,9,0.2736599385245901
6,3,9,0.2664586010734269
6,3,9,NaN
7,2,9,0.43614794933242046
9,0,9,0.7925166447343686
7,2,9,NaN
9,0,9,0.7641629005282548
7,2,9,0.6613966634587408
7,2,9,NaN
7,2,9,NaN
8,1,9,NaN
5,4,9,0.43614794933242046
6,3,9,NaN
9,0,9,0.7641629005282548
7,2,9,0.9326921332428637
3,6,9,NaN
5,4,9,0.531729986764269
6,3,9,0.8395040133151549
6,3,9,NaN
6,3,9,NaN
7,2,9,NaN
9,0,9,0.9534153129152887
6,3,9,0.36053956996201386
4,5,9,0.7641629005282548
9,0,9,0.0569687888815355
8,1,9,NaN
8,1,9,0.06525587975951877
8,1,9,0.18342590517711166
7,2,9,NaN
5,4,9,0.2736599385245901
8,1,9,0.6185582093370283
9,0,9,0.002514442743431079
8,1,9,0.0046797403821581
8,1,9,0.7643903218254935
7,2,9,0.9209789316492126
8,1,9,0.6613966634587408
6,3,9,NaN
9,0,9,NaN
8,1,9,0.4073077683197077
6,3,9,NaN
9,0,9,0.6613966634587408
8,1,9,NaN
8,1,9,NaN
9,0,9,0.1376319999999998
7,2,9,NaN
5,4,9,0.5757595332036677
6,3,9,NaN
7,2,9,0.23998440172325927
9,0,9,0.04937587322664477
7,2,9,NaN
6,3,9,0.7332177371595686
9,0,9,NaN
4,5,9,0.04937587322664477
9,0,9,0.7925166447343686
8,1,9,0.483768449142263
4,5,9,0.8185843942460208
9,0,9,0.8185843942460208
8,1,9,0.5807958875536995
6,3,9,0.9079098270401949
3,6,9,NaN
7,2,9,NaN
9,0,9,NaN
6,3,9,0.483768449142263
8,1,9,NaN
7,2,9,0.1376319999999998
5,4,9,0.7925166447343686
8,1,9,NaN
8,1,9,0.07633250114228259
7,2,9,NaN
9,0,9,NaN
7,2,9,NaN
9,0,9,0.531729986764269
5,4,9,0.9614248710601718
6,3,9,0.5238806844797752
5,4,9,NaN
7,2,9,0.03782247324613561
7,2,9,0.531729986764269
4,5,9,NaN
7,2,9,0.36675537795816276
8,1,9,0.25547594139496577
9,0,9,0.531729986764269
5,4,9,0.0008378292208896194
6,3,9,0.08869205529953894
7,2,9,0.06525587975951877
8,1,9,0.531729986764269
3,6,9,0.0005288963229210288
7,2,9,0.8770122193000203
6,3,9,NaN
9,0,9,NaN
8,1,9,0.8542592273240251
8,1,9,0.9209789316492126
7,2,9,0.37139722799597047
9,0,9,NaN
6,3,9,0.531729986764269
6,3,9,NaN
9,0,9,0.15736333688460227
4,5,9,NaN
7,2,9,0.9079098270401949
6,3,9,0.6185582093370283
5,4,9,NaN
9,0,9,0.2736599385245901
4,5,9,0.7546503879465998
8,1,9,0.20585542231012063
8,1,9,0.9326921332428637
5,4,9,NaN
7,2,9,0.002407343050156071
8,1,9,0.0569687888815355
8,1,9,NaN
4,5,9,0.8395040133151549
8,1,9,NaN
6,3,9,NaN
5,4,9,0.18342590517711166
6,3,9,NaN
8,1,9,0.20936945520216732
9,0,9,NaN
8,1,9,0.531729986764269
9,0,9,0.390088581715401
6,3,9,NaN
6,3,9,0.11835585687382275
5,4,9,0.34926187684352356
7,2,9,NaN
8,1,9,0.18342590517711166
8,1,9,0.13717722402408927
7,2,9,0.31128496075105533
9,0,9,0.18342590517711166
4,5,9,NaN
8,1,9,0.7641629005282548
6,3,9,NaN
9,0,9,0.31128496075105533
6,3,9,0.8770122193000203
6,3,9,0.043199805379105054
8,1,9,NaN
9,0,9,NaN
9,0,9,0.19789966761098143
8,1,9,0.560681281690559
9,0,9,NaN
7,2,9,NaN
7,2,9,NaN
4,5,9,0.545347211064279
6,3,9,0.012914865372953364
7,2,9,0.8395040133151549
9,0,9,0.016627813551177786
7,2,9,0.20528138482188088
8,1,9,0.9459044238917064
6,3,9,NaN
8,1,9,0.9444758416552013
8,1,9,0.531729986764269
7,2,9,0.06525587975951877
8,1,9,0.483768449142263
6,3,9,0.24039576389531606
8,1,9,NaN
4,5,9,NaN
6,3,9,0.5757595332036677
7,2,9,NaN
2,7,9,0.15525948744385237
7,2,9,NaN
6,3,9,NaN
8,1,9,0.07633250114228259
3,6,9,0.7641629005282548
4,5,9,NaN
8,1,9,NaN
6,3,9,NaN
8,1,9,NaN
5,4,9,0.1026612005498701
7,2,9,NaN
8,1,9,0.11573154487866988
7,2,9,0.893076864532752
8,1,9,NaN
8,1,9,0.9794249274764059
6,3,9,NaN
8,1,9,0.04937587322664477
9,0,9,0.8185843942460208
4,5,9,0.43614794933242046
7,2,9,0.9071352322312466
6,3,9,0.893076864532752
7,2,9,0.9850416687159641
8,1,9,0.2736599385245901
9,0,9,0.5560906278506429
8,1,9,0.20936945520216732
5,4,9,NaN
6,3,9,0.9326921332428637
4,5,9,NaN
8,1,9,NaN
8,1,9,NaN
8,1,9,0.15921953565114888
6,3,9,0.9079098270401949
5,4,9,NaN
8,1,9,0.03782247324613561
9,0,9,NaN
7,2,9,0.531729986764269
9,0,9,0.043199805379105054
8,1,9,0.8185843942460208
8,1,9,0.05511641374999438
4,5,9,NaN
3,6,9,0.7925166447343686
5,4,9,0.483768449142263
8,1,9,0.5516771367418339
5,4,9,NaN
5,4,9,NaN
6,3,9,2.9822123426472195e-5
9,0,9,0.7925166447343686
9,0,9,NaN
7,2,9,0.8597792096635031
3,6,9,NaN
6,3,9,NaN
8,1,9,0.7641629005282548
6,3,9,0.43614794933242046
5,4,9,0.7925166447343686
8,1,9,NaN
6,3,9,0.8395040133151549
6,3,9,0.18342590517711166
9,0,9,NaN
7,2,9,0.5757595332036677
6,3,9,NaN
7,2,9,NaN
8,1,9,NaN
9,0,9,0.7641629005282548
7,2,9,NaN
7,2,9,0.9614248710601718
5,4,9,0.34926187684352356
4,5,9,NaN
6,3,9,0.7332177371595686
9,0,9,0.390088581715401
7,2,9,NaN
9,0,9,0.2736599385245901
6,3,9,0.980101638801523
8,1,9,0.6185582093370283
4,5,9,NaN
6,3,9,NaN
6,3,9,0.9848027522935779
6,3,9,NaN
7,2,9,NaN
5,4,9,NaN
6,3,9,0.03230741676234196
3,6,9,0.390088581715401
9,0,9,0.8637529907312803
7,2,9,0.6613966634587408
9,0,9,0.40398008537487756
6,3,9,NaN
4,5,9,0.531729986764269
6,3,9,NaN
6,3,9,0.07633250114228259
9,0,9,0.1026612005498701
7,2,9,0.01845112342467527
6,3,9,0.8234460514241537
6,3,9,0.390088581715401
5,4,9,0.7641629005282548
6,3,9,0.34926187684352356
7,2,9,0.6755806383756372
8,1,9,NaN
7,2,9,0.03782247324613561
5,4,9,0.9874250007109607
7,2,9,0.9209789316492126
8,1,9,NaN
6,3,9,0.03782247324613561
6,3,9,0.1208210312256032
7,2,9,NaN
6,3,9,NaN
6,3,9,0.08869205529953894
6,3,9,NaN
6,3,9,NaN
7,2,9,0.6499322168460523
6,3,9,0.34926187684352356
7,2,9,0.1026612005498701
4,5,9,NaN
4,5,9,NaN
6,3,9,0.04937587322664477
5,4,9,0.9764117817146121
4,5,9,NaN
7,2,9,NaN
8,1,9,0.31128496075105533
9,0,9,0.010196386346510971
8,1,9,0.43614794933242046
6,3,9,0.6741830672601722
4,5,9,0.5757595332036677
4,5,9,NaN
8,1,9,0.1376319999999998
6,3,9,0.11835585687382275
5,4,9,NaN
5,4,9,NaN
7,2,9,0.34926187684352356
7,2,9,0.043199805379105054
6,3,9,0.011236089168488873
8,1,9,NaN
7,2,9,0.390088581715401
4,5,9,0.531729986764269
7,2,9,NaN
7,2,9,0.7641629005282548
6,3,9,0.6990667746156102
9,0,9,0.04937587322664477
7,2,9,0.0002344395865885038
9,0,9,NaN
6,3,9,NaN
8,1,9,NaN
5,4,9,0.8185843942460208
6,3,9,0.31128496075105533
6,3,9,0.3627710739850452
6,3,9,NaN
8,1,9,0.02098633812465002
8,1,9,NaN
6,3,9,0.9326921332428637
7,2,9,0.531729986764269
6,3,9,0.015127199296089945
7,2,9,0.06525587975951877
6,3,9,NaN
8,1,9,1.9645428651593166e-5
6,3,9,0.043199805379105054
7,2,9,NaN
7,2,9,NaN
8,1,9,0.2736599385245901
3,6,9,NaN
8,1,9,0.6990667746156102
6,3,9,NaN
6,3,9,NaN
3,6,9,0.9433412321949546
8,1,9,0.7553299221215029
7,2,9,0.893076864532752
4,5,9,NaN
2,7,9,NaN
4,5,9,0.7641629005282548
8,1,9,0.31128496075105533
6,3,9,NaN
7,2,9,0.9444758416552013
5,4,9,0.0683807050359384
7,2,9,0.9449594017628097
9,0,9,NaN
9,0,9,NaN
9,0,9,NaN
6,3,9,NaN
6,3,9,0.7641629005282548
8,1,9,0.29517896522116716
9,0,9,NaN
4,5,9,0.07633250114228259
5,4,9,0.15918326496860152
7,2,9,0.6205495730725272
9,0,9,NaN
3,6,9,0.5757595332036677
7,2,9,0.689153195072612
6,3,9,0.18342590517711166
9,0,9,0.9534153129152887
4,5,9,NaN
7,2,9,NaN
5,4,9,NaN
6,3,9,NaN
5,4,9,0.7634063052627196
5,4,9,NaN
5,4,9,0.0053021338430499845
6,3,9,0.11835585687382275
7,2,9,0.06525587975951877
9,0,9,0.8597792096635031
7,2,9,0.23998440172325927
8,1,9,0.012022118863049316
4,5,9,0.9209789316492126
5,4,9,0.8770122193000203
8,1,9,0.6990667746156102
9,0,9,0.5583214644790235
3,6,9,NaN
8,1,9,0.06046395917926657
5,4,9,0.6613966634587408
7,2,9,0.8295235586814251
7,2,9,NaN
6,3,9,0.0569687888815355
8,1,9,0.9131129514454887
6,3,9,NaN
4,5,9,0.007684407753471473
6,3,9,NaN
8,1,9,0.893076864532752
3,6,9,NaN
8,1,9,0.15921953565114888
7,2,9,NaN
7,2,9,0.9747128701728911
5,4,9,NaN
7,2,9,0.7641629005282548
6,3,9,0.43614794933242046
7,2,9,0.007718920262150032
5,4,9,0.5902624539058846
8,1,9,NaN
7,2,9,0.009894197701265125
4,5,9,0.43614794933242046
5,4,9,0.8597792096635031
6,3,9,0.15921953565114888
9,0,9,0.43359950093236205
2,7,9,0.34926187684352356
7,2,9,0.1376319999999998
5,4,9,0.07633250114228259
5,4,9,0.5757595332036677
7,2,9,0.6901070794118814
4,5,9,0.7332177371595686
8,1,9,NaN
9,0,9,0.893076864532752
5,4,9,NaN
6,3,9,0.8613806225171725
3,6,9,0.9079098270401949
4,5,9,0.001687323367228092
6,3,9,0.027553506812488162
3,6,9,NaN
5,4,9,0.7332177371595686
4,5,9,2.435801934922046e-8
8,1,9,NaN
6,3,9,0.7925166447343686
5,4,9,NaN
6,3,9,0.23998440172325927
5,4,9,NaN
5,4,9,0.483768449142263
6,3,9,NaN
7,2,9,NaN
8,1,9,0.5463608587403009
7,2,9,0.1026612005498701
6,3,9,NaN
8,1,9,NaN
2,7,9,NaN
4,5,9,NaN
3,6,9,0.5085355216945958
5,4,9,0.531729986764269
7,2,9,NaN
7,2,9,0.1463149483780758
6,3,9,0.6613966634587408
8,1,9,NaN
7,2,9,0.6185582093370283
8,1,9,0.31128496075105533
7,2,9,0.5825455385005127
6,3,9,0.34669525622170844
8,1,9,NaN
7,2,9,0.20936945520216732
6,3,9,0.11835585687382275
4,5,9,NaN
5,4,9,NaN
5,4,9,0.6185582093370283
5,4,9,0.1026612005498701
5,4,9,0.2736599385245901
3,6,9,NaN
6,3,9,NaN
4,5,9,0.390088581715401
7,2,9,0.18157289045252165
9,0,9,0.5757595332036677
3,6,9,0.08869205529953894
3,6,9,NaN
5,4,9,0.1376319999999998
6,3,9,0.9192969796696742
5,4,9,NaN
8,1,9,NaN
7,2,9,0.34926187684352356
7,2,9,0.1026612005498701
8,1,9,NaN
8,1,9,0.8185843942460208
6,3,9,0.5170897945552569
7,2,9,0.8395040133151549
8,1,9,0.7925166447343686
7,2,9,0.6375068000154904
6,3,9,0.31128496075105533
9,0,9,0.8770122193000203
6,3,9,NaN
6,3,9,NaN
7,2,9,0.016627813551177786
4,5,9,0.25635848767040126
5,4,9,0.8707223451381064
3,6,9,0.0037082476945184974
7,2,9,0.7925166447343686
6,3,9,NaN
6,3,9,0.5757595332036677
6,3,9,NaN
7,2,9,0.31128496075105533
5,4,9,0.24265001291699886
7,2,9,NaN
6,3,9,0.531729986764269
7,2,9,NaN
8,1,9,0.43614794933242046
8,1,9,NaN
8,1,9,0.893076864532752
3,6,9,0.43614794933242046
5,4,9,0.483768449142263
6,3,9,NaN
7,2,9,0.5757595332036677
6,3,9,NaN
6,3,9,0.6952791823641344
6,3,9,0.531729986764269
7,2,9,0.6709272884899926
8,1,9,0.9444758416552013
4,5,9,0.1376319999999998
5,4,9,NaN
6,3,9,0.43614794933242046
9,0,9,0.6185582093370283
5,4,9,0.03782247324613561
8,1,9,0.893076864532752
3,6,9,NaN
5,4,9,NaN
7,2,9,NaN
9,0,9,NaN
7,2,9,0.05617276001002554
7,2,9,NaN
6,3,9,NaN
8,1,9,0.31128496075105533
8,1,9,NaN
8,1,9,0.9848027522935779
6,3,9,1.3075005329380949e-8
3,6,9,0.390088581715401
5,4,9,0.8847337490793388
9,0,9,NaN
5,4,9,0.6613966634587408
8,1,9,NaN
8,1,9,0.043199805379105054
8,1,9,0.0614275986214728
3,6,9,NaN
6,3,9,0.34926187684352356
6,3,9,NaN
7,2,9,NaN
4,5,9,NaN
9,0,9,0.07633250114228259
7,2,9,0.03517449142415791
8,1,9,0.9848027522935779
7,2,9,NaN
2,7,9,0.06525587975951877
7,2,9,0.43614794933242046
5,4,9,5.71590458656516e-5
3,6,9,NaN
9,0,9,NaN
7,2,9,0.8597792096635031
8,1,9,0.009912176912471659
9,0,9,NaN
5,4,9,NaN
6,3,9,0.5605686154146111
7,2,9,NaN
9,0,9,0.43614794933242046
5,4,9,0.12881008811441738
7,2,9,0.11835585687382275
6,3,9,0.059037259683391706
4,5,9,0.7641629005282548
4,5,9,0.2616120739481843
6,3,9,0.1482371892716262
5,4,9,NaN
5,4,9,NaN
4,5,9,0.1026612005498701
7,2,9,0.531729986764269
6,3,9,0.8597792096635031
4,5,9,0.893076864532752
7,2,9,NaN
6,3,9,0.8504142140238367
9,0,9,0.3696499182660206
5,4,9,0.6990667746156102
6,3,9,0.531729986764269
5,4,9,NaN
8,1,9,0.9209789316492126
8,1,9,NaN
6,3,9,NaN
8,1,9,NaN
6,3,9,0.014302811501596825
5,4,9,0.33407813019216853
5,4,9,0.7925166447343686
5,4,9,0.8185843942460208
7,2,9,NaN
8,1,9,NaN
8,1,9,0.980101638801523
7,2,9,0.06141012824740714
8,1,9,NaN
6,3,9,0.5757595332036677
4,5,9,0.08869205529953894
7,2,9,0.7332177371595686
9,0,9,NaN
6,3,9,NaN
6,3,9,0.5902624539058846
5,4,9,0.6185582093370283
8,1,9,NaN
6,3,9,0.8185843942460208
7,2,9,NaN
7,2,9,NaN
7,2,9,0.8770122193000203
6,3,9,NaN
8,1,9,NaN
3,6,9,0.31128496075105533
6,3,9,NaN
4,5,9,NaN
9,0,9,NaN
7,2,9,0.8770122193000203
8,1,9,0.06525587975951877
7,2,9,NaN
9,0,9,0.483768449142263
5,4,9,NaN
7,2,9,NaN
4,5,9,0.7332177371595686
4,5,9,0.6990667746156102
5,4,9,0.23060310882682725
4,5,9,NaN
7,2,9,0.7925166447343686
4,5,9,0.43614794933242046
5,4,9,0.01893601341299022
5,4,9,0.27654819534762787
7,2,9,NaN
6,3,9,0.390088581715401
5,4,9,NaN
8,1,9,0.8730207778042132
6,3,9,0.9686139634526727
8,1,9,0.43577762349235377
4,5,9,NaN
6,3,9,0.5320504202705333
6,3,9,0.6613966634587408
9,0,9,0.8770122193000203
5,4,9,0.9686139634526727
6,3,9,NaN
7,2,9,NaN
7,2,9,0.31557945871979737
6,3,9,0.390088581715401
4,5,9,0.8597792096635031
5,4,9,NaN
5,4,9,0.3391786058604223
4,5,9,0.483768449142263
6,3,9,NaN
4,5,9,NaN
8,1,9,0.11835585687382275
3,6,9,NaN
8,1,9,0.15921953565114888
6,3,9,NaN
7,2,9,0.49877648190300217
7,2,9,0.390088581715401
8,1,9,NaN
8,1,9,0.45574032487896876
4,5,9,0.9614248710601718
5,4,9,0.34926187684352356
3,6,9,0.358509049423087
6,3,9,NaN
7,2,9,NaN
6,3,9,NaN
5,4,9,NaN
5,4,9,0.23998440172325927
5,4,9,NaN
7,2,9,0.531729986764269
6,3,9,NaN
7,2,9,0.531729986764269
4,5,9,NaN
3,6,9,0.5757595332036677
9,0,9,NaN
9,0,9,0.6613966634587408
6,3,9,0.6447260772432926
6,3,9,0.34926187684352356
4,5,9,0.03782247324613561
6,3,9,0.6185582093370283
5,4,9,0.7641629005282548
8,1,9,0.7925166447343686
9,0,9,NaN
3,6,9,0.8770122193000203
8,1,9,0.6185582093370283
8,1,9,0.20936945520216732
6,3,9,NaN
7,2,9,0.31128496075105533
6,3,9,NaN
4,5,9,0.5235575948742167
8,1,9,NaN
7,2,9,NaN
5,4,9,NaN
4,5,9,0.6185582093370283
4,5,9,NaN
9,0,9,0.390088581715401
8,1,9,0.023842412283656817
6,3,9,NaN
8,1,9,0.7925166447343686
4,5,9,0.0569687888815355
5,4,9,NaN
6,3,9,NaN
6,3,9,0.6929823698242551
7,2,9,0.8185843942460208
7,2,9,0.20936945520216732
7,2,9,NaN
7,2,9,0.31128496075105533
7,2,9,0.9079098270401949
4,5,9,0.20936945520216732
8,1,9,0.06525587975951877
6,3,9,NaN
3,6,9,0.531729986764269
6,3,9,0.08869205529953894
8,1,9,NaN
8,1,9,0.17790349133963057
8,1,9,0.7925166447343686
5,4,9,NaN
5,4,9,0.18342590517711166
8,1,9,0.31128496075105533
6,3,9,NaN
6,3,9,0.019682195786309187
3,6,9,NaN
6,3,9,NaN
6,3,9,NaN
7,2,9,NaN
7,2,9,NaN
8,1,9,0.893076864532752
7,2,9,NaN
6,3,9,NaN
7,2,9,0.9919214683718085
6,3,9,0.483768449142263
4,5,9,0.5757595332036677
9,0,9,0.483768449142263
3,6,9,0.07633250114228259
5,4,9,NaN
8,1,9,0.029216503440721492
5,4,9,0.43614794933242046
5,4,9,NaN
6,3,9,0.9444758416552013
6,3,9,NaN
4,5,9,NaN
7,2,9,0.6613966634587408
8,1,9,0.893076864532752
5,4,9,0.43614794933242046
6,3,9,0.9079098270401949
8,1,9,0.15921953565114888
6,3,9,NaN
8,1,9,0.9534153129152887
5,4,9,NaN
8,1,9,0.2736599385245901
5,4,9,NaN
7,2,9,0.893076864532752
6,3,9,0.43614794933242046
5,4,9,NaN
8,1,9,0.015127199296089945
5,4,9,0.43614794933242046
4,5,9,NaN
3,6,9,0.0025404386584004946
6,3,9,0.31128496075105533
5,4,9,0.01650792939473311
8,1,9,NaN
6,3,9,NaN
4,5,9,NaN
6,3,9,0.5667605149218644
6,3,9,NaN
7,2,9,0.18342590517711166
6,3,9,0.5757595332036677
1,8,9,NaN
7,2,9,NaN
6,3,9,0.019519080662983124
8,1,9,0.4342179929040571
7,2,9,NaN
6,3,9,0.8395040133151549
8,1,9,0.8185843942460208
8,1,9,NaN
9,0,9,0.2736599385245901
6,3,9,0.893076864532752
8,1,9,0.20936945520216732
6,3,9,0.9079977884170259
9,0,9,0.8395040133151549
5,4,9,0.1376319999999998
4,5,9,NaN
3,6,9,NaN
8,1,9,NaN
6,3,9,0.8770122193000203
7,2,9,0.20936945520216732
6,3,9,0.20936945520216732
8,1,9,0.31128496075105533
7,2,9,0.7641629005282548
8,1,9,NaN
5,4,9,0.7332177371595686
4,5,9,NaN
7,2,9,0.23998440172325927
3,6,9,0.9686139634526727
5,4,9,NaN
5,4,9,NaN
6,3,9,0.18342590517711166
6,3,9,0.7332177371595686
9,0,9,NaN
4,5,9,NaN
4,5,9,0.037175110695986266
5,4,9,0.6613966634587408
7,2,9,NaN
6,3,9,NaN
3,6,9,NaN
8,1,9,0.4015851965427254
6,3,9,NaN
8,1,9,0.043199805379105054
6,3,9,0.8597792096635031
8,1,9,0.02069328733797319
3,6,9,0.8510344009631022
4,5,9,0.531729986764269
8,1,9,0.32997084370573626
7,2,9,0.34926187684352356
6,3,9,0.14387675701825486
8,1,9,0.0001224413997410245
2,7,9,0.9747128701728911
6,3,9,NaN
7,2,9,0.893076864532752
4,5,9,0.05487660187201717
9,0,9,0.8340481719833703
8,1,9,NaN
4,5,9,NaN
6,3,9,0.12791821144139492
4,5,9,NaN
3,6,9,0.019519080662983124
7,2,9,0.34926187684352356
6,3,9,0.7925166447343686
8,1,9,NaN
7,2,9,NaN
3,6,9,NaN
1,8,9,NaN
5,4,9,0.008105901976053539
5,4,9,0.7332177371595686
8,1,9,NaN
8,1,9,NaN
7,2,9,0.031349439251378904
6,3,9,0.8597792096635031
5,4,9,0.043199805379105054
8,1,9,NaN
8,1,9,0.33567953646795745
6,3,9,0.03782247324613561
5,4,9,0.8597792096635031
6,3,9,0.2236891997301909
2,7,9,NaN
8,1,9,0.6613966634587408
3,6,9,NaN
8,1,9,NaN
6,3,9,0.22733233571120254
5,4,9,0.027150137488542374
8,1,9,0.6185582093370283
3,6,9,NaN
7,2,9,NaN
4,5,9,NaN
6,3,9,NaN
7,2,9,0.6613966634587408
4,5,9,NaN
3,6,9,0.1026612005498701
3,6,9,0.8185843942460208
4,5,9,NaN
9,0,9,0.7332177371595686
7,2,9,0.2736599385245901
5,4,9,0.003648637786742402
5,4,9,0.531729986764269
6,3,9,0.014302811501596825
8,1,9,0.531729986764269
1,8,9,NaN
9,0,9,NaN
8,1,9,0.9534153129152887
3,6,9,0.15921953565114888
7,2,9,0.8597792096635031
5,4,9,NaN
5,4,9,NaN
4,5,9,0.5278243107487443
7,2,9,NaN
7,2,9,0.08869205529953894
2,7,9,NaN
3,6,9,NaN
7,2,9,NaN
7,2,9,0.8770122193000203
6,3,9,0.8770122193000203
6,3,9,NaN
5,4,9,NaN
6,3,9,NaN
8,1,9,0.0569687888815355
6,3,9,0.06525587975951877
4,5,9,NaN
6,3,9,NaN
3,6,9,0.531729986764269
7,2,9,NaN
7,2,9,0.30397481279299704
7,2,9,0.15921953565114888
6,3,9,NaN
3,6,9,0.34926187684352356
8,1,9,NaN
4,5,9,0.6185582093370283
9,0,9,NaN
6,3,9,0.7143636364053066
7,2,9,NaN
8,1,9,0.07633250114228259
3,6,9,NaN
7,2,9,0.043199805379105054
6,3,9,NaN
7,2,9,NaN
7,2,9,NaN
4,5,9,NaN
4,5,9,0.5757595332036677
6,3,9,NaN
5,4,9,0.815198130885064
5,4,9,0.43614794933242046
6,3,9,0.20936945520216732
3,6,9,0.5757595332036677
4,5,9,0.08869205529953894
4,5,9,0.8770122193000203
7,2,9,0.07633250114228259
6,3,9,NaN
4,5,9,NaN
7,2,9,0.20936945520216732
3,6,9,0.31128496075105533
6,3,9,0.1026612005498701
6,3,9,0.1026612005498701
4,5,9,0.34926187684352356
4,5,9,0.967566876680723
3,6,9,0.5317403288724358
8,1,9,0.7925166447343686
4,5,9,NaN
7,2,9,0.7925166447343686
5,4,9,NaN
8,1,9,0.043199805379105054
4,5,9,0.9209789316492126
7,2,9,0.390088581715401
9,0,9,NaN
6,3,9,0.005526676437103962
7,2,9,0.5757595332036677
2,7,9,NaN
6,3,9,0.8597792096635031
8,1,9,0.7925166447343686
6,3,9,0.6901070794118814
3,6,9,4.6076106462550143e-7
8,1,9,0.09465463737610944
9,0,9,NaN
6,3,9,NaN
9,0,9,NaN
6,3,9,0.8597792096635031
8,1,9,NaN
4,5,9,0.6613966634587408
5,4,9,0.5757595332036677
6,3,9,0.12927534174835315
7,2,9,NaN
9,0,9,0.5757595332036677
5,4,9,0.6570853097481938
7,2,9,NaN
5,4,9,0.9419402312955035
5,4,9,NaN
5,4,9,NaN
5,4,9,NaN
7,2,9,0.5757595332036677
4,5,9,0.390088581715401
7,2,9,NaN
5,4,9,NaN
7,2,9,0.07633250114228259
4,5,9,NaN
5,4,9,0.6185582093370283
6,3,9,0.43614794933242046
6,3,9,NaN
9,0,9,0.03782247324613561
7,2,9,0.2736599385245901
4,5,9,NaN
7,2,9,0.6613966634587408
9,0,9,0.2266770453088835
3,6,9,NaN
8,1,9,0.483768449142263
5,4,9,0.39547847015511944
7,2,9,0.13819542057203735
5,4,9,0.20163475777346393
8,1,9,0.4531190990902127
4,5,9,NaN
5,4,9,0.8770122193000203
5,4,9,0.6162179383686083
6,3,9,0.15921953565114888
5,4,9,0.531729986764269
3,6,9,0.8597792096635031
7,2,9,NaN
8,1,9,0.8770122193000203
2,7,9,0.7332177371595686
8,1,9,0.8395040133151549
4,5,9,0.7641629005282548
9,0,9,NaN
8,1,9,0.390088581715401
6,3,9,0.9837418608701722
5,4,9,NaN
5,4,9,0.7332177371595686
7,2,9,NaN
5,4,9,NaN
8,1,9,NaN
6,3,9,0.531729986764269
7,2,9,NaN
4,5,9,0.5757595332036677
6,3,9,0.8278162142569784
8,1,9,NaN
7,2,9,NaN
5,4,9,NaN
5,4,9,0.8395040133151549
6,3,9,0.03420968366887118
6,3,9,NaN
6,3,9,NaN
8,1,9,0.9686139634526727
5,4,9,0.34926187684352356
2,7,9,0.34926187684352356
8,1,9,0.8395040133151549
5,4,9,NaN
6,3,9,0.03230741676234196
7,2,9,0.45574032487896876
7,2,9,NaN
8,1,9,0.6990667746156102
7,2,9,0.13152715777553387
2,7,9,NaN
5,4,9,NaN
5,4,9,0.390088581715401
7,2,9,0.8395040133151549
5,4,9,0.3796937471691394
4,5,9,0.9326921332428637
5,4,9,NaN
6,3,9,0.7680787496943917
4,5,9,0.6499322168460523
6,3,9,NaN
3,6,9,0.20936945520216732
6,3,9,0.34926187684352356
7,2,9,NaN
5,4,9,0.6185582093370283
8,1,9,NaN
6,3,9,0.07633250114228259
6,3,9,NaN
7,2,9,NaN
8,1,9,NaN
5,4,9,0.6613966634587408
6,3,9,NaN
5,4,9,0.008657862239948818
4,5,9,NaN
6,3,9,0.12485278262401289
8,1,9,NaN
6,3,9,NaN
8,1,9,NaN
7,2,9,NaN
5,4,9,0.43614794933242046
6,3,9,NaN
7,2,9,NaN
9,0,9,0.8770122193000203
7,2,9,NaN
5,4,9,NaN
5,4,9,0.1376319999999998
8,1,9,0.1494473128764884
7,2,9,NaN
6,3,9,0.8806558783832831
8,1,9,0.016627813551177786
9,0,9,0.07633250114228259
7,2,9,0.893076864532752
5,4,9,0.11835585687382275
5,4,9,NaN
7,2,9,0.7925166447343686
2,7,9,0.07633250114228259
5,4,9,0.016627813551177786
6,3,9,0.00035526293949529196
4,5,9,NaN
5,4,9,0.8770122193000203
7,2,9,0.9079098270401949
8,1,9,NaN
5,4,9,0.893076864532752
6,3,9,0.00046438596266334183
7,2,9,0.15921953565114888
5,4,9,0.18342590517711166
7,2,9,0.7853387871763059
5,4,9,NaN
6,3,9,NaN
6,3,9,0.34926187684352356
5,4,9,0.6990667746156102
4,5,9,0.6613966634587408
7,2,9,0.37139722799597047
6,3,9,0.9209789316492126
3,6,9,0.7775982696098723
3,6,9,0.531159595527778
3,6,9,0.022788573734112794
9,0,9,0.8185843942460208
4,5,9,NaN
5,4,9,NaN
3,6,9,0.9534153129152887
4,5,9,NaN
7,2,9,NaN
7,2,9,NaN
5,4,9,0.34926187684352356
8,1,9,NaN
4,5,9,NaN
2,7,9,NaN
4,5,9,0.8395040133151549
4,5,9,0.8597792096635031
3,6,9,0.9686139634526727
8,1,9,NaN
6,3,9,NaN
3,6,9,0.03782247324613561
6,3,9,NaN
9,0,9,0.8107805919005688
4,5,9,NaN
5,4,9,0.7732001931140278
4,5,9,NaN
5,4,9,0.18342590517711166
7,2,9,NaN
7,2,9,0.7332177371595686
4,5,9,NaN
7,2,9,NaN
6,3,9,NaN
6,3,9,NaN
3,6,9,NaN
5,4,9,0.2736599385245901
8,1,9,0.7512299760214655
5,4,9,0.00043123312665354946
7,2,9,0.23998440172325927
8,1,9,0.483768449142263
5,4,9,0.5025121096365811
9,0,9,NaN
5,4,9,0.08869205529953894
4,5,9,0.18342590517711166
8,1,9,0.7332177371595686
5,4,9,NaN
6,3,9,0.531729986764269
7,2,9,0.7641629005282548
7,2,9,0.07633250114228259
3,6,9,0.02353553215490257
5,4,9,0.7925166447343686
5,4,9,0.8046011324471017
4,5,9,NaN
8,1,9,NaN
4,5,9,NaN
8,1,9,NaN
5,4,9,0.20936945520216732
5,4,9,NaN
6,3,9,0.06777956255637553
4,5,9,NaN
5,4,9,0.20024168780434778
6,3,9,NaN
3,6,9,0.5757595332036677
7,2,9,0.6613966634587408
6,3,9,1.683431727958547e-7
5,4,9,NaN
4,5,9,NaN
4,5,9,NaN
4,5,9,0.483768449142263
1,8,9,0.531729986764269
8,1,9,NaN
4,5,9,0.531729986764269
8,1,9,0.390088581715401
6,3,9,0.6185582093370283
1,8,9,0.1811731276733497
4,5,9,0.9433412321949546
6,3,9,0.6990667746156102
5,4,9,0.6185582093370283
8,1,9,NaN
7,2,9,NaN
6,3,9,NaN
6,3,9,0.5757595332036677
4,5,9,NaN
6,3,9,NaN
4,5,9,0.8597792096635031
3,6,9,0.06525587975951877
8,1,9,0.11835585687382275
7,2,9,0.025187108411688648
3,6,9,0.390088581715401
4,5,9,0.29765660056058585
4,5,9,0.11835585687382275
7,2,9,0.22048999262984045
5,4,9,NaN
6,3,9,NaN
2,7,9,0.6613966634587408
6,3,9,0.9614248710601718
7,2,9,0.9843334340425598
7,2,9,NaN
7,2,9,0.6185582093370283
3,6,9,0.011364531124883243
7,2,9,0.6901070794118814
5,4,9,NaN
3,6,9,NaN
7,2,9,NaN
6,3,9,NaN
5,4,9,0.7332177371595686
3,6,9,0.7332177371595686
3,6,9,0.9209789316492126
7,2,9,0.8185843942460208
5,4,9,NaN
3,6,9,0.33372149774144877
5,4,9,NaN
4,5,9,0.6185582093370283
5,4,9,0.43614794933242046
5,4,9,0.9404834259610766
5,4,9,NaN
2,7,9,0.7925166447343686
3,6,9,0.6990667746156102
8,1,9,0.00013925187522987635
6,3,9,0.5841358915151336
5,4,9,0.7925166447343686
1,8,9,NaN
4,5,9,NaN
6,3,9,NaN
4,5,9,0.1376319999999998
7,2,9,NaN
5,4,9,NaN
4,5,9,0.1026612005498701
6,3,9,0.0002660348539601708
3,6,9,0.16838178383822186
4,5,9,NaN
5,4,9,0.060004212909697346
6,3,9,0.2345552954257019
6,3,9,0.016627813551177786
7,2,9,0.20936945520216732
7,2,9,0.923648744410251
5,4,9,0.5757595332036677
8,1,9,0.15921953565114888
7,2,9,NaN
6,3,9,0.5757595332036677
6,3,9,0.43614794933242046
2,7,9,0.35321151563256786
4,5,9,NaN
7,2,9,0.2998323633381665
5,4,9,NaN
6,3,9,NaN
4,5,9,0.8451402852271169
3,6,9,0.2736599385245901
8,1,9,0.8770122193000203
4,5,9,0.3796937471691394
3,6,9,0.043199805379105054
5,4,9,NaN
3,6,9,0.7641629005282548
7,2,9,NaN
8,1,9,NaN
4,5,9,0.20936945520216732
8,1,9,0.34926187684352356
7,2,9,0.15921953565114888
4,5,9,NaN
7,2,9,0.6185582093370283
5,4,9,0.31128496075105533
5,4,9,NaN
7,2,9,0.34926187684352356
6,3,9,0.15921953565114888
4,5,9,0.8395040133151549
4,5,9,0.34926187684352356
7,2,9,0.7549140750796877
7,2,9,NaN
4,5,9,0.5757595332036677
6,3,9,0.7925166447343686
1,8,9,0.8185843942460208
3,6,9,NaN
2,7,9,NaN
6,3,9,0.45574032487896876
5,4,9,NaN
5,4,9,NaN
3,6,9,0.483768449142263
5,4,9,NaN
9,0,9,0.8278162142569784
2,7,9,NaN
5,4,9,0.8730207778042132
4,5,9,NaN
7,2,9,NaN
4,5,9,NaN
6,3,9,NaN
3,6,9,0.07633250114228259
4,5,9,0.6613966634587408
8,1,9,0.18342590517711166
5,4,9,0.1026612005498701
6,3,9,0.9326921332428637
5,4,9,0.1026612005498701
5,4,9,0.7665739351195424
5,4,9,NaN
5,4,9,0.5757595332036677
7,2,9,NaN
4,5,9,NaN
5,4,9,NaN
5,4,9,0.11835585687382275
3,6,9,NaN
6,3,9,0.34926187684352356
4,5,9,NaN
4,5,9,NaN
5,4,9,NaN
9,0,9,NaN
6,3,9,NaN
3,6,9,0.04573213625556403
4,5,9,0.9686139634526727
4,5,9,NaN
4,5,9,0.29013080021141685
6,3,9,NaN
4,5,9,0.7925166447343686
3,6,9,NaN
6,3,9,NaN
2,7,9,0.39088310158301914
4,5,9,0.014302811501596825
5,4,9,NaN
1,8,9,NaN
4,5,9,0.5807958875536995
6,3,9,NaN
6,3,9,NaN
5,4,9,NaN
3,6,9,NaN
5,4,9,0.9079098270401949
6,3,9,0.390088581715401
4,5,9,0.1376319999999998
3,6,9,NaN
8,1,9,0.390088581715401
7,2,9,0.7332177371595686
5,4,9,0.531729986764269
3,6,9,NaN
1,8,9,0.34926187684352356
4,5,9,0.10595269650952056
5,4,9,NaN
2,7,9,0.9686139634526727
1,8,9,0.5757595332036677
4,5,9,0.913214581415164
2,7,9,NaN
3,6,9,0.15921953565114888
4,5,9,0.8597792096635031
3,6,9,0.31128496075105533
8,1,9,0.18342590517711166
2,7,9,NaN
5,4,9,NaN
2,7,9,0.531729986764269
2,7,9,NaN
4,5,9,0.1376319999999998
3,6,9,0.390088581715401
2,7,9,NaN
1,8,9,NaN
1,8,9,0.11835585687382275
0,9,9,0.560681281690559
0,9,9,NaN
0,9,9,NaN
5,3,8,NaN
8,0,8,NaN
6,2,8,0.531729986764269
6,2,8,NaN
3,5,8,0.7569698888574702
6,2,8,0.8185843942460208
4,4,8,0.1376319999999998
7,1,8,NaN
8,0,8,NaN
7,1,8,0.8770122193000203
7,1,8,0.7925166447343686
6,2,8,NaN
5,3,8,0.9614248710601718
8,0,8,NaN
4,4,8,0.390088581715401
5,3,8,0.0569687888815355
3,5,8,0.03782247324613561
6,2,8,NaN
4,4,8,NaN
6,2,8,NaN
6,2,8,0.9079977884170259
7,1,8,0.7332177371595686
6,2,8,0.7332177371595686
8,0,8,NaN
4,4,8,NaN
4,4,8,0.43614794933242046
3,5,8,0.31128496075105533
8,0,8,NaN
4,4,8,0.23998440172325927
7,1,8,0.689153195072612
6,2,8,0.14609100850329587
5,3,8,NaN
6,2,8,NaN
2,6,8,NaN
6,2,8,0.9079098270401949
7,1,8,NaN
7,1,8,0.6185582093370283
6,2,8,0.980101638801523
5,3,8,0.9686139634526727
8,0,8,NaN
5,3,8,0.8770122193000203
6,2,8,0.7853387871763059
5,3,8,0.9686139634526727
7,1,8,NaN
4,4,8,0.07633250114228259
7,1,8,0.9326921332428637
5,3,8,0.8926469740637062
6,2,8,0.11835585687382275
7,1,8,0.31128496075105533
4,4,8,0.515738309926469
5,3,8,0.15921953565114888
5,3,8,0.6613966634587408
6,2,8,0.483768449142263
4,4,8,0.18342590517711166
5,3,8,0.893076864532752
5,3,8,0.8395040133151549
6,2,8,NaN
8,0,8,NaN
7,1,8,0.7925166447343686
7,1,8,NaN
3,5,8,NaN
6,2,8,NaN
5,3,8,0.18157289045252165
6,2,8,NaN
8,0,8,0.23998440172325927
6,2,8,NaN
6,2,8,NaN
3,5,8,0.043199805379105054
4,4,8,0.6185582093370283
8,0,8,NaN
7,1,8,0.11835585687382275
6,2,8,NaN
4,4,8,0.7925166447343686
6,2,8,0.8282149529458814
5,3,8,0.26797272815490364
6,2,8,NaN
8,0,8,0.3310658935063618
5,3,8,NaN
6,2,8,0.893076864532752
6,2,8,0.05746616900583617
5,3,8,NaN
7,1,8,NaN
4,4,8,0.8770122193000203
7,1,8,0.483768449142263
8,0,8,NaN
7,1,8,0.8185843942460208
7,1,8,0.7590557103053444
7,1,8,0.20936945520216732
7,1,8,NaN
4,4,8,0.06525587975951877
6,2,8,0.1376319999999998
7,1,8,0.9919214683718085
6,2,8,0.1026612005498701
8,0,8,0.9534153129152887
5,3,8,0.1026612005498701
5,3,8,NaN
7,1,8,0.390088581715401
4,4,8,NaN
7,1,8,0.3471414247959391
5,3,8,0.3722948125150459
7,1,8,0.9079098270401949
7,1,8,NaN
6,2,8,0.3818358940266933
5,3,8,NaN
6,2,8,0.5757595332036677
7,1,8,NaN
7,1,8,0.04870332412302439
6,2,8,NaN
5,3,8,0.13098984179113368
7,1,8,0.45574032487896876
8,0,8,0.7641629005282548
7,1,8,NaN
5,3,8,0.7332177371595686
5,3,8,NaN
4,4,8,0.014302811501596825
8,0,8,0.4412938668808101
5,3,8,0.04937587322664477
7,1,8,NaN
3,5,8,NaN
6,2,8,0.6385950555201507
3,5,8,0.34926187684352356
7,1,8,0.04937587322664477
7,1,8,0.31128496075105533
8,0,8,NaN
8,0,8,0.23998440172325927
7,1,8,0.43614794933242046
5,3,8,0.24225971065964125
6,2,8,NaN
8,0,8,0.8395040133151549
5,3,8,0.043199805379105054
8,0,8,0.5757595332036677
6,2,8,NaN
7,1,8,0.7332177371595686
7,1,8,0.0569687888815355
3,5,8,NaN
8,0,8,NaN
5,3,8,NaN
5,3,8,NaN
7,1,8,0.390088581715401
3,5,8,0.1026612005498701
6,2,8,0.9747128701728911
6,2,8,NaN
6,2,8,0.15921953565114888
8,0,8,NaN
8,0,8,0.06542578654595589
6,2,8,0.33372149774144877
5,3,8,0.1376319999999998
6,2,8,NaN
8,0,8,0.07633250114228259
8,0,8,NaN
4,4,8,0.21288969825027199
8,0,8,NaN
8,0,8,NaN
6,2,8,NaN
8,0,8,NaN
5,3,8,NaN
7,1,8,0.483768449142263
7,1,8,0.6990667746156102
3,5,8,NaN
6,2,8,NaN
8,0,8,0.0487461522307463
3,5,8,0.5757595332036677
6,2,8,NaN
4,4,8,0.21882501725621303
6,2,8,0.8395040133151549
5,3,8,0.08869205529953894
2,6,8,NaN
6,2,8,0.8770122193000203
6,2,8,0.012022118863049316
5,3,8,NaN
6,2,8,0.6613966634587408
5,3,8,0.7925166447343686
4,4,8,0.7641629005282548
5,3,8,0.6658808809739546
7,1,8,0.1026612005498701
5,3,8,NaN
4,4,8,0.8597792096635031
7,1,8,NaN
6,2,8,0.03230741676234196
7,1,8,NaN
8,0,8,NaN
6,2,8,NaN
4,4,8,0.9209789316492126
5,3,8,0.6185582093370283
2,6,8,NaN
8,0,8,0.9326921332428637
6,2,8,0.6185582093370283
6,2,8,0.9079098270401949
6,2,8,NaN
7,1,8,0.9326921332428637
7,1,8,NaN
7,1,8,0.7925166447343686
8,0,8,0.022788573734112794
8,0,8,NaN
7,1,8,NaN
4,4,8,0.031553504980361455
8,0,8,NaN
4,4,8,NaN
6,2,8,NaN
4,4,8,0.7641629005282548
5,3,8,NaN
6,2,8,NaN
5,3,8,0.9138039951403586
6,2,8,NaN
4,4,8,NaN
6,2,8,0.7925166447343686
8,0,8,0.2736599385245901
4,4,8,0.20936945520216732
4,4,8,0.012022118863049316
7,1,8,NaN
8,0,8,NaN
5,3,8,0.893076864532752
4,4,8,0.8185843942460208
7,1,8,0.07262201935343697
2,6,8,0.7925166447343686
4,4,8,0.9686139634526727
6,2,8,0.531729986764269
7,1,8,NaN
3,5,8,0.2822153905243921
6,2,8,0.7925166447343686
5,3,8,NaN
5,3,8,0.531729986764269
7,1,8,NaN
7,1,8,0.5170897945552569
4,4,8,NaN
6,2,8,0.390088581715401
6,2,8,NaN
5,3,8,0.31128496075105533
6,2,8,NaN
8,0,8,0.7925166447343686
7,1,8,NaN
8,0,8,0.5530007846428757
7,1,8,NaN
8,0,8,0.02353553215490257
8,0,8,0.43614794933242046
5,3,8,0.04937587322664477
6,2,8,0.7332177371595686
5,3,8,0.34926187684352356
5,3,8,0.4319007153382488
6,2,8,NaN
2,6,8,NaN
6,2,8,NaN
8,0,8,0.07633250114228259
7,1,8,0.06525587975951877
5,3,8,0.33728827817688073
8,0,8,0.043199805379105054
6,2,8,NaN
8,0,8,NaN
5,3,8,0.9528607356797564
6,2,8,NaN
5,3,8,NaN
4,4,8,NaN
4,4,8,0.43614794933242046
4,4,8,0.8031960249980263
6,2,8,0.23998440172325927
5,3,8,NaN
8,0,8,0.1026612005498701
6,2,8,NaN
8,0,8,NaN
5,3,8,NaN
4,4,8,0.007003252747251538
5,3,8,0.03782247324613561
6,2,8,NaN
5,3,8,0.5757595332036677
7,1,8,NaN
8,0,8,NaN
5,3,8,0.6185582093370283
8,0,8,NaN
8,0,8,0.797501531526862
5,3,8,0.7505738960061019
8,0,8,0.254478293163759
6,2,8,0.38530872405022515
7,1,8,0.7935044333738318
7,1,8,NaN
5,3,8,0.531729986764269
6,2,8,0.7332177371595686
6,2,8,NaN
6,2,8,NaN
6,2,8,0.23998440172325927
7,1,8,0.12532444304236073
4,4,8,0.04937587322664477
4,4,8,0.6576262087682326
4,4,8,0.23998440172325927
6,2,8,NaN
8,0,8,0.6613966634587408
5,3,8,NaN
8,0,8,0.6185582093370283
7,1,8,NaN
5,3,8,NaN
4,4,8,NaN
8,0,8,0.9079098270401949
3,5,8,NaN
4,4,8,NaN
6,2,8,NaN
8,0,8,0.7332177371595686
7,1,8,NaN
5,3,8,NaN
7,1,8,0.4841321247580173
7,1,8,0.8166214400539077
8,0,8,0.9079098270401949
7,1,8,0.7925166447343686
6,2,8,0.04937587322664477
6,2,8,NaN
6,2,8,0.03230741676234196
7,1,8,NaN
5,3,8,0.015089310817394038
6,2,8,NaN
5,3,8,0.9326921332428637
7,1,8,0.390088581715401
6,2,8,0.7925166447343686
7,1,8,0.35886525403939823
4,4,8,0.22375730346751577
6,2,8,0.006714445673620931
5,3,8,0.9753995488527856
6,2,8,NaN
4,4,8,NaN
7,1,8,NaN
7,1,8,0.1376319999999998
6,2,8,NaN
6,2,8,NaN
7,1,8,0.8185843942460208
7,1,8,0.531729986764269
7,1,8,NaN
3,5,8,0.9079302426176408
4,4,8,0.022788573734112794
7,1,8,0.7925166447343686
7,1,8,NaN
3,5,8,0.6185582093370283
8,0,8,NaN
5,3,8,NaN
6,2,8,NaN
6,2,8,0.531729986764269
6,2,8,NaN
8,0,8,0.390088581715401
5,3,8,0.15921953565114888
7,1,8,0.893076864532752
6,2,8,NaN
6,2,8,0.9816037345577174
5,3,8,0.31128496075105533
5,3,8,NaN
3,5,8,NaN
2,6,8,NaN
5,3,8,NaN
5,3,8,0.6613966634587408
6,2,8,NaN
4,4,8,0.721745376282937
5,3,8,0.0569687888815355
7,1,8,NaN
5,3,8,0.9326921332428637
6,2,8,NaN
7,1,8,NaN
6,2,8,NaN
7,1,8,0.07633250114228259
5,3,8,NaN
6,2,8,0.8637529907312803
7,1,8,0.43174600823559717
5,3,8,NaN
8,0,8,0.31128496075105533
8,0,8,NaN
6,2,8,0.22892906759382656
6,2,8,NaN
4,4,8,NaN
6,2,8,NaN
6,2,8,NaN
6,2,8,NaN
6,2,8,NaN
4,4,8,NaN
3,5,8,NaN
3,5,8,0.4523735018450266
6,2,8,NaN
6,2,8,0.0005683949853601592
6,2,8,NaN
6,2,8,0.9747128701728911
5,3,8,0.21456822095226866
5,3,8,0.027150137488542374
6,2,8,NaN
6,2,8,NaN
6,2,8,0.531729986764269
7,1,8,0.006082193050191918
6,2,8,NaN
8,0,8,0.7332177371595686
5,3,8,0.8395040133151549
5,3,8,0.23998440172325927
7,1,8,0.043199805379105054
5,3,8,4.000410194419147e-7
7,1,8,0.23998440172325927
6,2,8,NaN
7,1,8,0.1376319999999998
6,2,8,NaN
5,3,8,0.8185843942460208
5,3,8,0.11346545408897003
7,1,8,0.22885728268794472
7,1,8,0.1803954680233757
6,2,8,0.5583214644790235
8,0,8,0.9433412321949546
3,5,8,NaN
6,2,8,0.31128496075105533
6,2,8,NaN
7,1,8,0.20936945520216732
6,2,8,NaN
7,1,8,NaN
7,1,8,0.42861442253039195
8,0,8,0.5560906278506429
5,3,8,0.390088581715401
6,2,8,0.012760266666561318
6,2,8,NaN
6,2,8,0.9209789316492126
6,2,8,0.6185582093370283
2,6,8,0.019519080662983124
7,1,8,NaN
7,1,8,NaN
8,0,8,0.8517858749565318
4,4,8,0.1376319999999998
7,1,8,0.014302811501596825
5,3,8,NaN
5,3,8,0.7925166447343686
7,1,8,NaN
8,0,8,NaN
6,2,8,0.531729986764269
7,1,8,0.531729986764269
6,2,8,0.0011182589870053657
8,0,8,0.6185582093370283
8,0,8,NaN
6,2,8,0.43840326935237656
4,4,8,NaN
7,1,8,0.18342590517711166
4,4,8,NaN
5,3,8,0.7756172049075877
4,4,8,NaN
5,3,8,0.9079098270401949
6,2,8,NaN
3,5,8,0.002606392795275019
8,0,8,NaN
6,2,8,0.043199805379105054
2,6,8,0.1026612005498701
5,3,8,0.3310658935063618
5,3,8,NaN
3,5,8,NaN
8,0,8,0.390088581715401
4,4,8,NaN
5,3,8,NaN
4,4,8,0.07633250114228259
7,1,8,0.8597792096635031
8,0,8,0.7925166447343686
6,2,8,0.1026612005498701
6,2,8,0.6990667746156102
7,1,8,0.34926187684352356
6,2,8,NaN
6,2,8,0.23998440172325927
5,3,8,0.8597792096635031
5,3,8,0.18342590517711166
8,0,8,NaN
7,1,8,0.4009588386757586
7,1,8,NaN
7,1,8,NaN
8,0,8,0.6599249480126606
7,1,8,0.6990667746156102
5,3,8,NaN
8,0,8,NaN
6,2,8,0.043199805379105054
4,4,8,NaN
8,0,8,0.7641629005282548
6,2,8,NaN
6,2,8,NaN
8,0,8,NaN
6,2,8,NaN
4,4,8,0.6613966634587408
6,2,8,0.9534153129152887
3,5,8,0.2736599385245901
7,1,8,NaN
4,4,8,0.531729986764269
5,3,8,NaN
6,2,8,0.7925166447343686
5,3,8,0.5757595332036677
8,0,8,0.2200914470192536
8,0,8,0.893076864532752
7,1,8,NaN
8,0,8,0.7332177371595686
6,2,8,NaN
6,2,8,0.8185843942460208
6,2,8,NaN
5,3,8,NaN
7,1,8,0.11835585687382275
6,2,8,0.003943216697889326
5,3,8,0.2736599385245901
8,0,8,0.20936945520216732
6,2,8,NaN
6,2,8,0.009651158450699256
6,2,8,0.531729986764269
7,1,8,0.45574032487896876
8,0,8,NaN
5,3,8,NaN
7,1,8,0.8395040133151549
6,2,8,0.6185582093370283
7,1,8,0.1294762328690594
5,3,8,0.7059793999936899
2,6,8,NaN
6,2,8,NaN
3,5,8,NaN
5,3,8,7.106991335886117e-5
7,1,8,0.1026612005498701
8,0,8,0.18342590517711166
6,2,8,NaN
7,1,8,NaN
5,3,8,0.15921953565114888
3,5,8,0.002514442743431079
4,4,8,0.8395040133151549
3,5,8,NaN
5,3,8,0.23998440172325927
7,1,8,0.8597792096635031
6,2,8,NaN
4,4,8,NaN
8,0,8,NaN
7,1,8,NaN
4,4,8,0.5757595332036677
7,1,8,NaN
6,2,8,0.23998440172325927
6,2,8,0.8395040133151549
5,3,8,0.15921953565114888
4,4,8,0.9534153129152887
8,0,8,NaN
5,3,8,NaN
5,3,8,0.03230741676234196
7,1,8,0.07633250114228259
8,0,8,0.5757595332036677
3,5,8,NaN
5,3,8,0.23998440172325927
4,4,8,NaN
5,3,8,1.1614013599458308e-5
6,2,8,NaN
6,2,8,0.8635649365728475
7,1,8,0.31385017035345075
6,2,8,NaN
6,2,8,0.5757595332036677
7,1,8,NaN
7,1,8,0.9653686516060042
6,2,8,0.027150137488542374
6,2,8,0.18342590517711166
7,1,8,0.11835585687382275
6,2,8,NaN
5,3,8,0.6990667746156102
8,0,8,0.12088574599495594
5,3,8,NaN
5,3,8,0.5757595332036677
7,1,8,NaN
7,1,8,NaN
5,3,8,0.390088581715401
5,3,8,0.20936945520216732
6,2,8,NaN
6,2,8,0.15921953565114888
7,1,8,NaN
7,1,8,0.032164888022224704
5,3,8,0.6499322168460523
5,3,8,NaN
7,1,8,0.8597792096635031
6,2,8,0.2832531848709559
7,1,8,NaN
4,4,8,0.893076864532752
2,6,8,0.390088581715401
6,2,8,0.1026612005498701
4,4,8,0.008666275024925719
8,0,8,0.8395040133151549
6,2,8,0.483768449142263
6,2,8,0.483768449142263
6,2,8,NaN
6,2,8,0.9848027522935779
5,3,8,0.34926187684352356
8,0,8,0.34926187684352356
4,4,8,NaN
6,2,8,0.6990667746156102
4,4,8,NaN
5,3,8,NaN
2,6,8,NaN
5,3,8,NaN
5,3,8,NaN
7,1,8,NaN
8,0,8,NaN
7,1,8,0.03782247324613561
7,1,8,0.9686139634526727
7,1,8,NaN
4,4,8,NaN
7,1,8,0.5757595332036677
5,3,8,0.5763309333349705
7,1,8,NaN
5,3,8,0.34926187684352356
8,0,8,NaN
6,2,8,0.43614794933242046
6,2,8,NaN
4,4,8,NaN
6,2,8,0.6185582093370283
3,5,8,0.34926187684352356
7,1,8,0.0965130693049603
8,0,8,0.893076864532752
7,1,8,NaN
7,1,8,NaN
5,3,8,0.9079098270401949
5,3,8,0.12007316117014918
5,3,8,0.005254306934002534
6,2,8,0.6185582093370283
6,2,8,NaN
5,3,8,0.7925166447343686
6,2,8,NaN
4,4,8,0.6185582093370283
4,4,8,0.7925166447343686
8,0,8,0.9326921332428637
8,0,8,3.3017017751276834e-5
5,3,8,NaN
6,2,8,NaN
7,1,8,0.23998440172325927
8,0,8,NaN
6,2,8,NaN
2,6,8,0.07633250114228259
4,4,8,0.7332177371595686
8,0,8,0.8185843942460208
8,0,8,0.7641629005282548
5,3,8,0.2736599385245901
7,1,8,0.0569687888815355
7,1,8,0.6613966634587408
8,0,8,0.9031220119223897
6,2,8,NaN
8,0,8,0.017992769840019258
7,1,8,0.6990667746156102
5,3,8,0.7505738960061019
7,1,8,NaN
4,4,8,NaN
6,2,8,NaN
7,1,8,NaN
4,4,8,0.24824965460085582
2,6,8,0.4319007153382488
4,4,8,NaN
5,3,8,0.9326921332428637
5,3,8,0.9686139634526727
5,3,8,0.107832785870102
6,2,8,0.6837580253545316
6,2,8,0.6544793908273733
7,1,8,0.7925166447343686
5,3,8,NaN
6,2,8,0.20936945520216732
5,3,8,0.9686139634526727
7,1,8,0.34926187684352356
6,2,8,0.43614794933242046
8,0,8,0.5757595332036677
5,3,8,NaN
6,2,8,0.8795235203274335
7,1,8,0.7925166447343686
8,0,8,0.25640933726955445
5,3,8,0.8770122193000203
6,2,8,0.8770122193000203
4,4,8,0.5757595332036677
7,1,8,NaN
8,0,8,0.9209789316492126
3,5,8,0.531729986764269
5,3,8,NaN
6,2,8,0.1376319999999998
6,2,8,0.9534153129152887
6,2,8,NaN
7,1,8,0.7925166447343686
4,4,8,NaN
6,2,8,0.5757595332036677
7,1,8,0.6990667746156102
5,3,8,0.9209789316492126
8,0,8,0.04937587322664477
4,4,8,0.15921953565114888
5,3,8,0.07633250114228259
5,3,8,0.15921953565114888
5,3,8,NaN
5,3,8,0.0569687888815355
6,2,8,0.8185843942460208
6,2,8,NaN
4,4,8,0.893076864532752
6,2,8,0.8597792096635031
6,2,8,NaN
6,2,8,0.31128496075105533
5,3,8,NaN
8,0,8,NaN
7,1,8,0.8395040133151549
5,3,8,NaN
6,2,8,NaN
7,1,8,0.9079098270401949
5,3,8,0.6185582093370283
6,2,8,0.7332177371595686
8,0,8,0.5757595332036677
6,2,8,0.7332177371595686
7,1,8,NaN
7,1,8,NaN
5,3,8,0.00829404517453861
5,3,8,NaN
6,2,8,0.8185843942460208
8,0,8,4.741074805791445e-5
5,3,8,0.483768449142263
6,2,8,0.9994069619905037
8,0,8,NaN
5,3,8,0.33407813019216853
6,2,8,0.531729986764269
5,3,8,0.390088581715401
6,2,8,0.03782247324613561
5,3,8,0.2736599385245901
4,4,8,0.9209789316492126
4,4,8,0.483768449142263
8,0,8,NaN
7,1,8,0.04284020489823212
8,0,8,NaN
7,1,8,NaN
6,2,8,0.8770122193000203
7,1,8,0.18342590517711166
6,2,8,0.027150137488542374
8,0,8,NaN
7,1,8,NaN
2,6,8,NaN
6,2,8,0.8395040133151549
6,2,8,0.039427349990980916
4,4,8,0.0017971385421048122
6,2,8,NaN
4,4,8,0.1376319999999998
5,3,8,NaN
3,5,8,0.17491069923446917
6,2,8,0.04937587322664477
5,3,8,NaN
7,1,8,0.22726472108630166
5,3,8,NaN
6,2,8,NaN
3,5,8,NaN
7,1,8,0.0569687888815355
6,2,8,0.23998440172325927
5,3,8,0.6675727599094134
3,5,8,NaN
6,2,8,0.5757595332036677
5,3,8,0.483768449142263
3,5,8,NaN
6,2,8,NaN
8,0,8,0.20024168780434778
7,1,8,0.08869205529953894
6,2,8,NaN
7,1,8,0.11835585687382275
8,0,8,0.5124018304666981
3,5,8,0.893076864532752
4,4,8,NaN
3,5,8,NaN
8,0,8,0.00829404517453861
3,5,8,NaN
7,1,8,NaN
5,3,8,0.7332177371595686
8,0,8,NaN
6,2,8,0.07633250114228259
5,3,8,NaN
4,4,8,0.20936945520216732
6,2,8,NaN
8,0,8,0.8597792096635031
7,1,8,NaN
7,1,8,0.07149157896053752
3,5,8,NaN
5,3,8,NaN
4,4,8,NaN
5,3,8,0.043199805379105054
7,1,8,NaN
4,4,8,0.007202965496179122
5,3,8,NaN
6,2,8,NaN
7,1,8,0.483768449142263
6,2,8,NaN
2,6,8,0.6185582093370283
5,3,8,0.7641629005282548
4,4,8,0.8770122193000203
6,2,8,0.13862449232099347
6,2,8,0.9209789316492126
6,2,8,0.6613966634587408
4,4,8,0.7332177371595686
3,5,8,0.34926187684352356
7,1,8,NaN
5,3,8,0.7833836952226441
5,3,8,0.6185582093370283
5,3,8,0.027988959395328916
5,3,8,0.9209789316492126
7,1,8,0.7925166447343686
3,5,8,0.2736599385245901
5,3,8,NaN
6,2,8,0.893076864532752
6,2,8,NaN
6,2,8,NaN
5,3,8,0.8152766217990904
7,1,8,0.7608527112246207
4,4,8,0.08869205529953894
5,3,8,0.9326921332428637
5,3,8,NaN
4,4,8,0.43614794933242046
7,1,8,0.9686139634526727
6,2,8,0.34926187684352356
3,5,8,0.08869205529953894
4,4,8,0.8185843942460208
6,2,8,NaN
4,4,8,NaN
8,0,8,NaN
4,4,8,NaN
7,1,8,NaN
5,3,8,NaN
5,3,8,0.45574032487896876
8,0,8,NaN
6,2,8,NaN
7,1,8,0.6514580123826669
3,5,8,0.31128496075105533
7,1,8,0.6185582093370283
6,2,8,NaN
6,2,8,0.003788441268422185
6,2,8,0.6185582093370283
5,3,8,0.18342590517711166
8,0,8,0.8707223451381064
8,0,8,0.13865333949728526
8,0,8,0.483768449142263
7,1,8,0.06525587975951877
7,1,8,NaN
7,1,8,NaN
4,4,8,NaN
4,4,8,0.022788573734112794
6,2,8,0.6613966634587408
4,4,8,NaN
6,2,8,0.2736599385245901
7,1,8,0.15921953565114888
6,2,8,NaN
6,2,8,NaN
7,1,8,NaN
6,2,8,0.8395040133151549
7,1,8,NaN
5,3,8,0.33728827817688073
6,2,8,NaN
7,1,8,0.0004191128404673452
8,0,8,0.6613966634587408
7,1,8,0.483768449142263
7,1,8,0.9326921332428637
3,5,8,0.6185582093370283
4,4,8,0.8770122193000203
4,4,8,NaN
5,3,8,NaN
5,3,8,0.0569687888815355
2,6,8,0.15921953565114888
2,6,8,NaN
6,2,8,NaN
6,2,8,0.31128496075105533
4,4,8,NaN
6,2,8,NaN
7,1,8,0.6613966634587408
7,1,8,0.6613966634587408
5,3,8,0.390088581715401
6,2,8,0.6185582093370283
6,2,8,0.0037914093054994256
5,3,8,0.027988959395328916
7,1,8,NaN
7,1,8,0.8770122193000203
6,2,8,NaN
6,2,8,0.6613966634587408
5,3,8,NaN
6,2,8,0.390088581715401
6,2,8,0.531729986764269
8,0,8,0.8477655603229445
7,1,8,0.2736599385245901
4,4,8,0.026861142589043378
4,4,8,0.23998440172325927
8,0,8,0.044939635315677316
5,3,8,0.483768449142263
6,2,8,0.390088581715401
6,2,8,NaN
2,6,8,NaN
4,4,8,NaN
4,4,8,0.07633250114228259
8,0,8,0.1243479434139391
6,2,8,NaN
5,3,8,0.883166405380256
6,2,8,NaN
6,2,8,NaN
8,0,8,0.9433412321949546
8,0,8,NaN
6,2,8,0.31128496075105533
4,4,8,NaN
6,2,8,0.15921953565114888
8,0,8,NaN
3,5,8,0.0003297306122421771
7,1,8,0.1026612005498701
6,2,8,0.34926187684352356
7,1,8,NaN
5,3,8,NaN
4,4,8,0.9919214683718085
5,3,8,0.043199805379105054
6,2,8,0.531729986764269
4,4,8,0.347811080829006
5,3,8,0.8055153184073933
3,5,8,NaN
5,3,8,NaN
6,2,8,NaN
6,2,8,0.7641629005282548
8,0,8,0.531729986764269
5,3,8,0.6185582093370283
8,0,8,0.8185843942460208
3,5,8,0.23998440172325927
6,2,8,NaN
5,3,8,0.8395040133151549
5,3,8,0.8770122193000203
4,4,8,0.531729986764269
7,1,8,NaN
6,2,8,NaN
5,3,8,0.014183524266588894
6,2,8,0.6216815255807964
6,2,8,0.483768449142263
4,4,8,NaN
4,4,8,0.964805309562161
6,2,8,0.9433412321949546
6,2,8,0.4678296699319451
7,1,8,NaN
6,2,8,NaN
5,3,8,0.34926187684352356
5,3,8,0.8395040133151549
6,2,8,0.31128496075105533
8,0,8,0.24798930933872063
7,1,8,0.6990667746156102
2,6,8,0.1637894687735458
5,3,8,0.3160064779204124
6,2,8,0.2736599385245901
7,1,8,NaN
7,1,8,0.6613966634587408
6,2,8,0.9888383068434982
3,5,8,NaN
5,3,8,0.2736599385245901
2,6,8,0.7641629005282548
4,4,8,NaN
4,4,8,0.12287837120937499
5,3,8,NaN
6,2,8,0.483768449142263
6,2,8,NaN
6,2,8,0.390088581715401
6,2,8,0.9326921332428637
4,4,8,NaN
7,1,8,NaN
7,1,8,0.5757595332036677
7,1,8,0.8597792096635031
6,2,8,NaN
4,4,8,NaN
5,3,8,NaN
7,1,8,NaN
6,2,8,0.15921953565114888
2,6,8,0.8597792096635031
6,2,8,0.0016856036975535721
7,1,8,0.15921953565114888
5,3,8,NaN
4,4,8,NaN
4,4,8,NaN
4,4,8,NaN
5,3,8,0.1785813883647765
8,0,8,0.8451402852271169
7,1,8,0.7656419555930306
5,3,8,0.20163475777346393
8,0,8,NaN
5,3,8,0.390088581715401
8,0,8,NaN
4,4,8,NaN
8,0,8,NaN
6,2,8,NaN
7,1,8,0.9209789316492126
6,2,8,0.9209789316492126
5,3,8,NaN
6,2,8,NaN
6,2,8,0.019519080662983124
3,5,8,NaN
8,0,8,0.6352131944181196
2,6,8,0.6613966634587408
5,3,8,NaN
7,1,8,NaN
7,1,8,0.8185843942460208
6,2,8,0.08869205529953894
6,2,8,0.43614794933242046
6,2,8,0.006410108653163653
6,2,8,0.7332177371595686
4,4,8,NaN
3,5,8,0.003788441268422185
5,3,8,NaN
7,1,8,0.31128496075105533
7,1,8,0.03230741676234196
5,3,8,0.23998440172325927
4,4,8,0.15921953565114888
7,1,8,0.531729986764269
5,3,8,NaN
5,3,8,0.6990667746156102
6,2,8,0.23998440172325927
8,0,8,NaN
8,0,8,NaN
6,2,8,NaN
5,3,8,0.7332177371595686
6,2,8,0.42055711092299397
4,4,8,NaN
6,2,8,0.06525587975951877
5,3,8,0.27654819534762787
7,1,8,0.9079098270401949
6,2,8,NaN
7,1,8,NaN
4,4,8,NaN
7,1,8,0.5751653014859857
3,5,8,NaN
6,2,8,NaN
4,4,8,NaN
5,3,8,0.7332177371595686
6,2,8,0.026056958999537676
6,2,8,NaN
6,2,8,NaN
8,0,8,NaN
6,2,8,0.483768449142263
4,4,8,0.483768449142263
5,3,8,NaN
5,3,8,NaN
5,3,8,0.2736599385245901
5,3,8,NaN
7,1,8,0.43614794933242046
5,3,8,0.483768449142263
6,2,8,NaN
2,6,8,0.43614794933242046
7,1,8,0.5664631637835539
6,2,8,0.2411002064741528
7,1,8,0.18540958527503157
3,5,8,0.7641629005282548
6,2,8,0.531729986764269
6,2,8,0.6185582093370283
5,3,8,0.30766134932571504
6,2,8,0.390088581715401
5,3,8,0.7715094409305475
5,3,8,NaN
5,3,8,0.1376319999999998
8,0,8,0.03375138830976464
5,3,8,2.1886984018406543e-5
8,0,8,NaN
5,3,8,0.025288423800365764
5,3,8,0.04489824240411223
5,3,8,0.5757595332036677
6,2,8,NaN
4,4,8,NaN
4,4,8,0.6613966634587408
5,3,8,NaN
7,1,8,0.1026612005498701
8,0,8,0.1026612005498701
4,4,8,NaN
7,1,8,0.8493689978070641
7,1,8,0.6185582093370283
8,0,8,0.9209789316492126
5,3,8,0.15921953565114888
3,5,8,NaN
6,2,8,NaN
7,1,8,0.31128496075105533
5,3,8,NaN
8,0,8,NaN
6,2,8,NaN
6,2,8,0.1376319999999998
4,4,8,NaN
6,2,8,0.5578881963471429
8,0,8,0.31128496075105533
6,2,8,0.2736599385245901
8,0,8,NaN
4,4,8,0.08869205529953894
5,3,8,0.3160663003859635
7,1,8,NaN
6,2,8,NaN
8,0,8,NaN
6,2,8,0.9209789316492126
7,1,8,0.34926187684352356
7,1,8,0.390088581715401
5,3,8,NaN
7,1,8,0.24039576389531606
7,1,8,0.8185843942460208
6,2,8,NaN
6,2,8,0.7925166447343686
8,0,8,NaN
3,5,8,0.30746299205241734
5,3,8,0.04937587322664477
5,3,8,NaN
6,2,8,0.8597792096635031
7,1,8,NaN
7,1,8,0.43614794933242046
6,2,8,0.34926187684352356
3,5,8,NaN
5,3,8,0.2529431562641377
8,0,8,0.43614794933242046
6,2,8,NaN
7,1,8,0.4567030950633912
3,5,8,NaN
3,5,8,0.30766134932571504
6,2,8,NaN
4,4,8,NaN
4,4,8,0.9326921332428637
6,2,8,0.3388299964975053
7,1,8,NaN
3,5,8,NaN
5,3,8,0.31128496075105533
7,1,8,0.8597792096635031
6,2,8,0.7925166447343686
5,3,8,0.4629328636461481
3,5,8,NaN
5,3,8,0.9686139634526727
6,2,8,NaN
6,2,8,0.0026681964496562843
5,3,8,NaN
8,0,8,0.531729986764269
7,1,8,NaN
2,6,8,0.0614275986214728
4,4,8,0.6613966634587408
4,4,8,NaN
5,3,8,NaN
5,3,8,0.05598443633135974
7,1,8,0.6185582093370283
5,3,8,0.43614794933242046
5,3,8,NaN
5,3,8,0.6613966634587408
6,2,8,NaN
5,3,8,0.8395040133151549
6,2,8,0.8395040133151549
4,4,8,NaN
3,5,8,NaN
5,3,8,0.8597792096635031
4,4,8,0.008999184697260174
7,1,8,0.950573065556533
6,2,8,NaN
6,2,8,0.23998440172325927
6,2,8,0.3031225730431099
6,2,8,0.0703811479130153
8,0,8,0.6185582093370283
8,0,8,0.04937587322664477
8,0,8,NaN
8,0,8,0.1026612005498701
8,0,8,NaN
5,3,8,0.04937587322664477
6,2,8,NaN
4,4,8,0.417424465807984
5,3,8,0.531729986764269
1,7,8,NaN
4,4,8,0.6613966634587408
4,4,8,NaN
2,6,8,NaN
7,1,8,0.002935416917763468
3,5,8,0.08869205529953894
4,4,8,0.9326921332428637
7,1,8,0.7641629005282548
5,3,8,0.3566774067387504
6,2,8,0.8597792096635031
5,3,8,NaN
5,3,8,0.043199805379105054
7,1,8,NaN
3,5,8,NaN
7,1,8,0.1700817731198669
7,1,8,0.31128496075105533
6,2,8,0.6185582093370283
6,2,8,NaN
7,1,8,0.5520913261736785
6,2,8,0.02926164454371553
4,4,8,NaN
6,2,8,NaN
7,1,8,0.31128496075105533
5,3,8,NaN
5,3,8,NaN
8,0,8,0.23998440172325927
4,4,8,NaN
7,1,8,0.00013580476743414458
7,1,8,0.23998440172325927
6,2,8,NaN
2,6,8,NaN
3,5,8,0.34926187684352356
6,2,8,0.1973492892238088
6,2,8,NaN
4,4,8,NaN
4,4,8,0.6613966634587408
4,4,8,0.8086849727848733
5,3,8,0.483768449142263
5,3,8,0.027150137488542374
7,1,8,0.34926187684352356
6,2,8,0.6885938093915018
5,3,8,NaN
3,5,8,NaN
2,6,8,NaN
7,1,8,0.20272101199944337
5,3,8,0.043199805379105054
4,4,8,0.7013346446373245
6,2,8,0.043199805379105054
8,0,8,NaN
5,3,8,0.2736599385245901
6,2,8,0.7925166447343686
7,1,8,NaN
7,1,8,NaN
8,0,8,NaN
5,3,8,NaN
5,3,8,NaN
3,5,8,NaN
5,3,8,NaN
5,3,8,NaN
2,6,8,0.005299012097760308
6,2,8,0.11835585687382275
7,1,8,0.45496490924879346
6,2,8,NaN
6,2,8,0.23998440172325927
4,4,8,0.03230741676234196
6,2,8,0.06525587975951877
6,2,8,0.2736599385245901
8,0,8,NaN
7,1,8,0.7648854830881603
7,1,8,NaN
4,4,8,0.483768449142263
5,3,8,0.8046011324471017
6,2,8,NaN
6,2,8,NaN
7,1,8,0.43614794933242046
7,1,8,NaN
6,2,8,0.9403168816802133
7,1,8,NaN
7,1,8,0.6990667746156102
6,2,8,0.483768449142263
6,2,8,0.7997302908764101
3,5,8,NaN
5,3,8,NaN
5,3,8,0.17692773039886234
3,5,8,0.390088581715401
5,3,8,0.8185843942460208
6,2,8,0.6185582093370283
3,5,8,0.6990667746156102
4,4,8,0.531729986764269
5,3,8,0.9543794037201943
6,2,8,NaN
8,0,8,0.8356687270804299
5,3,8,0.6544793908273733
2,6,8,NaN
7,1,8,0.43614794933242046
3,5,8,0.04937587322664477
8,0,8,NaN
5,3,8,NaN
5,3,8,0.710410651171062
4,4,8,NaN
4,4,8,NaN
6,2,8,0.5757595332036677
6,2,8,0.7332177371595686
8,0,8,0.0003761280399314281
8,0,8,0.6990667746156102
4,4,8,NaN
5,3,8,NaN
8,0,8,NaN
1,7,8,0.012022118863049316
5,3,8,NaN
7,1,8,NaN
8,0,8,NaN
5,3,8,0.6613966634587408
8,0,8,0.08869205529953894
3,5,8,NaN
7,1,8,0.34926187684352356
5,3,8,0.7925166447343686
7,1,8,0.6990667746156102
4,4,8,NaN
7,1,8,0.8185843942460208
4,4,8,0.6185582093370283
7,1,8,NaN
8,0,8,0.8597792096635031
6,2,8,0.23998440172325927
2,6,8,0.9614248710601718
6,2,8,0.027150137488542374
5,3,8,0.7332177371595686
4,4,8,NaN
7,1,8,0.9747128701728911
5,3,8,NaN
5,3,8,NaN
2,6,8,NaN
4,4,8,0.43614794933242046
8,0,8,NaN
5,3,8,NaN
5,3,8,0.9433412321949546
7,1,8,NaN
5,3,8,0.18342590517711166
6,2,8,0.7332177371595686
3,5,8,0.483768449142263
7,1,8,0.2440624611789815
4,4,8,NaN
6,2,8,NaN
7,1,8,NaN
6,2,8,0.7332177371595686
5,3,8,NaN
7,1,8,NaN
5,3,8,0.43614794933242046
6,2,8,0.34926187684352356
6,2,8,NaN
5,3,8,0.531729986764269
5,3,8,NaN
7,1,8,0.1376319999999998
6,2,8,0.7150375135129274
4,4,8,0.483768449142263
7,1,8,NaN
4,4,8,0.06525587975951877
5,3,8,NaN
3,5,8,NaN
6,2,8,0.23998440172325927
8,0,8,0.8185843942460208
4,4,8,0.11835585687382275
5,3,8,0.18342590517711166
8,0,8,0.6185582093370283
4,4,8,0.1376319999999998
5,3,8,0.2194756960972429
3,5,8,NaN
8,0,8,0.20936945520216732
7,1,8,0.11835585687382275
6,2,8,0.5911615290992578
6,2,8,NaN
5,3,8,NaN
6,2,8,0.18342590517711166
6,2,8,NaN
6,2,8,0.9079098270401949
4,4,8,NaN
5,3,8,0.6990667746156102
7,1,8,NaN
7,1,8,NaN
4,4,8,NaN
5,3,8,0.531729986764269
7,1,8,0.6613966634587408
4,4,8,NaN
4,4,8,0.20936945520216732
5,3,8,NaN
6,2,8,0.9433412321949546
5,3,8,0.7925166447343686
7,1,8,0.6185582093370283
4,4,8,0.13152715777553387
6,2,8,NaN
4,4,8,0.8185843942460208
8,0,8,NaN
4,4,8,NaN
6,2,8,NaN
6,2,8,0.9888383068434982
7,1,8,0.8395040133151549
8,0,8,0.18342590517711166
8,0,8,NaN
3,5,8,0.483768449142263
7,1,8,NaN
4,4,8,NaN
7,1,8,NaN
4,4,8,NaN
4,4,8,0.7377667191466615
4,4,8,0.03230741676234196
3,5,8,NaN
8,0,8,0.5757595332036677
5,3,8,0.043199805379105054
6,2,8,0.41641792742380573
8,0,8,0.6185582093370283
7,1,8,NaN
8,0,8,0.39768166563681095
4,4,8,NaN
4,4,8,NaN
8,0,8,0.9534153129152887
4,4,8,NaN
8,0,8,NaN
6,2,8,0.08869205529953894
8,0,8,NaN
1,7,8,NaN
6,2,8,0.838425889688096
7,1,8,0.5615726664394791
5,3,8,0.6676761133996075
8,0,8,0.31128496075105533
6,2,8,0.390088581715401
3,5,8,0.6935670237700038
5,3,8,NaN
6,2,8,NaN
5,3,8,NaN
4,4,8,NaN
5,3,8,NaN
6,2,8,0.9614248710601718
5,3,8,NaN
7,1,8,0.483768449142263
7,1,8,NaN
4,4,8,0.20936945520216732
6,2,8,NaN
4,4,8,0.6990667746156102
5,3,8,NaN
5,3,8,NaN
3,5,8,0.5757595332036677
7,1,8,0.019519080662983124
1,7,8,NaN
7,1,8,NaN
3,5,8,0.47651160946180854
8,0,8,NaN
6,2,8,NaN
7,1,8,0.6990667746156102
6,2,8,0.483768449142263
7,1,8,0.16013449598676954
5,3,8,NaN
5,3,8,0.016437208106361952
6,2,8,0.37482408030528813
5,3,8,0.7925166447343686
4,4,8,0.2509806502066779
7,1,8,NaN
3,5,8,NaN
5,3,8,0.18342590517711166
6,2,8,0.5099457430520826
7,1,8,NaN
5,3,8,0.1026612005498701
3,5,8,NaN
4,4,8,NaN
2,6,8,NaN
6,2,8,0.30397481279299704
5,3,8,0.6990667746156102
6,2,8,NaN
5,3,8,0.390088581715401
7,1,8,0.5825272282964099
5,3,8,NaN
8,0,8,0.5757595332036677
8,0,8,0.03782247324613561
5,3,8,0.9940320922471844
8,0,8,NaN
5,3,8,0.2736599385245901
7,1,8,0.7332177371595686
5,3,8,NaN
3,5,8,0.390088581715401
3,5,8,0.5757595332036677
5,3,8,0.483768449142263
7,1,8,0.008721696019038145
6,2,8,NaN
6,2,8,0.531729986764269
6,2,8,0.5757595332036677
4,4,8,0.08869205529953894
5,3,8,0.7925166447343686
6,2,8,0.7925166447343686
6,2,8,0.8597792096635031
7,1,8,0.43614794933242046
7,1,8,NaN
6,2,8,NaN
7,1,8,0.15921953565114888
4,4,8,0.2147820255927848
6,2,8,NaN
5,3,8,NaN
7,1,8,NaN
1,7,8,NaN
8,0,8,NaN
5,3,8,0.15921953565114888
8,0,8,0.668710119804481
6,2,8,1.188791573301193e-6
7,1,8,NaN
7,1,8,NaN
8,0,8,0.7641629005282548
6,2,8,0.8597792096635031
3,5,8,0.6185582093370283
4,4,8,0.6932698597990773
5,3,8,NaN
5,3,8,NaN
8,0,8,0.956461026973703
8,0,8,0.9209789316492126
3,5,8,0.8597792096635031
5,3,8,NaN
4,4,8,NaN
4,4,8,NaN
7,1,8,NaN
7,1,8,0.531729986764269
5,3,8,0.9614248710601718
4,4,8,0.6613966634587408
2,6,8,0.8180436984403199
7,1,8,0.12783699239947696
7,1,8,0.1172815188230682
1,7,8,0.15921953565114888
5,3,8,NaN
5,3,8,NaN
4,4,8,0.05227648016133848
6,2,8,0.2736599385245901
7,1,8,0.13797619272253211
5,3,8,0.04357911187942519
3,5,8,0.9534153129152887
7,1,8,0.7332177371595686
4,4,8,0.2736599385245901
8,0,8,0.831995394934642
7,1,8,0.9079098270401949
5,3,8,0.08869205529953894
2,6,8,0.34926187684352356
4,4,8,NaN
4,4,8,0.8805847540326946
6,2,8,0.40398008537487756
7,1,8,NaN
4,4,8,2.7098352138704664e-5
7,1,8,NaN
8,0,8,0.9686139634526727
7,1,8,0.20936945520216732
5,3,8,0.01258199925014879
3,5,8,0.0569687888815355
7,1,8,0.390088581715401
3,5,8,0.08307519904369576
5,3,8,0.6185582093370283
3,5,8,0.5222010898228212
5,3,8,0.1004159907511305
7,1,8,0.007003252747251538
5,3,8,NaN
6,2,8,NaN
7,1,8,NaN
5,3,8,0.12390041476341097
6,2,8,0.07633250114228259
5,3,8,NaN
7,1,8,0.6186815798422696
6,2,8,0.7641629005282548
8,0,8,NaN
6,2,8,0.20347337301016935
5,3,8,0.005218373985522614
2,6,8,NaN
5,3,8,0.7059793999936899
8,0,8,0.8185843942460208
4,4,8,NaN
6,2,8,NaN
2,6,8,NaN
5,3,8,0.5757595332036677
7,1,8,NaN
2,6,8,NaN
6,2,8,NaN
3,5,8,NaN
1,7,8,0.18342590517711166
1,7,8,0.23998440172325927
6,2,8,0.8597792096635031
6,2,8,NaN
7,1,8,NaN
6,2,8,NaN
5,3,8,0.23998440172325927
5,3,8,0.531729986764269
7,1,8,NaN
6,2,8,0.531729986764269
5,3,8,0.8185843942460208
6,2,8,0.5825599082164427
4,4,8,0.026214957928552392
3,5,8,0.5757595332036677
7,1,8,NaN
3,5,8,0.6375068000154904
2,6,8,0.390088581715401
7,1,8,NaN
5,3,8,0.531729986764269
5,3,8,NaN
6,2,8,0.8185843942460208
3,5,8,0.6990667746156102
6,2,8,0.1986571115088885
6,2,8,NaN
6,2,8,NaN
6,2,8,NaN
5,3,8,NaN
5,3,8,NaN
3,5,8,0.6990667746156102
6,2,8,NaN
6,2,8,NaN
4,4,8,0.9686139634526727
6,2,8,0.531729986764269
6,2,8,0.043199805379105054
6,2,8,NaN
8,0,8,0.6185582093370283
5,3,8,0.8707223451381064
5,3,8,NaN
7,1,8,0.8395040133151549
4,4,8,0.8395040133151549
3,5,8,NaN
6,2,8,0.43614794933242046
6,2,8,NaN
6,2,8,0.913214581415164
5,3,8,0.7641629005282548
3,5,8,0.7332177371595686
4,4,8,0.012022118863049316
5,3,8,0.9747128701728911
5,3,8,NaN
5,3,8,0.358509049423087
4,4,8,0.1026612005498701
5,3,8,NaN
2,6,8,NaN
4,4,8,0.20936945520216732
4,4,8,0.3509179453391678
4,4,8,0.15921953565114888
6,2,8,0.34926187684352356
8,0,8,NaN
2,6,8,0.9686139634526727
3,5,8,NaN
4,4,8,NaN
7,1,8,NaN
3,5,8,0.0569687888815355
6,2,8,0.3042007367616033
8,0,8,0.34926187684352356
7,1,8,NaN
7,1,8,0.5219212827781393
5,3,8,0.007003252747251538
2,6,8,0.9208024708347865
6,2,8,0.42089112205865187
6,2,8,NaN
6,2,8,0.2736599385245901
6,2,8,0.4457691850181706
7,1,8,0.980101638801523
5,3,8,NaN
5,3,8,0.021991031602040318
6,2,8,NaN
8,0,8,NaN
7,1,8,NaN
5,3,8,0.007003252747251538
2,6,8,0.06525587975951877
5,3,8,0.483768449142263
5,3,8,NaN
5,3,8,NaN
7,1,8,0.11835585687382275
7,1,8,0.8185843942460208
8,0,8,0.9209789316492126
8,0,8,0.20936945520216732
5,3,8,0.15960197654577404
7,1,8,0.7925166447343686
3,5,8,NaN
6,2,8,0.7641629005282548
8,0,8,NaN
6,2,8,0.3818358940266933
4,4,8,0.8770122193000203
6,2,8,0.483768449142263
6,2,8,NaN
3,5,8,0.531729986764269
4,4,8,0.34320883503454663
4,4,8,NaN
5,3,8,0.7641629005282548
6,2,8,NaN
3,5,8,0.7641629005282548
8,0,8,0.6990667746156102
7,1,8,0.5757595332036677
2,6,8,NaN
7,1,8,NaN
7,1,8,0.5757595332036677
8,0,8,NaN
8,0,8,NaN
7,1,8,0.6725647508454962
6,2,8,0.6990667746156102
7,1,8,0.9534153129152887
5,3,8,0.6613966634587408
6,2,8,0.9326921332428637
6,2,8,NaN
7,1,8,0.34926187684352356
5,3,8,0.08799117456588586
6,2,8,NaN
6,2,8,NaN
4,4,8,0.45574032487896876
6,2,8,NaN
6,2,8,0.019519080662983124
5,3,8,0.9994620073112016
2,6,8,0.6185582093370283
7,1,8,0.6185582093370283
4,4,8,NaN
7,1,8,NaN
5,3,8,NaN
5,3,8,NaN
6,2,8,0.3274408375139464
6,2,8,0.0072125888659753095
5,3,8,0.483768449142263
5,3,8,0.1467520129268221
7,1,8,NaN
4,4,8,0.7332177371595686
3,5,8,0.6185582093370283
7,1,8,0.06191398666954367
6,2,8,NaN
4,4,8,0.2736599385245901
4,4,8,0.8185843942460208
7,1,8,0.6741830672601722
5,3,8,0.1026612005498701
3,5,8,0.08869205529953894
6,2,8,0.32880896820005073
6,2,8,NaN
5,3,8,NaN
7,1,8,0.390088581715401
6,2,8,0.8770122193000203
5,3,8,NaN
6,2,8,0.6591883758140472
4,4,8,0.23998440172325927
7,1,8,NaN
6,2,8,0.6990667746156102
4,4,8,NaN
6,2,8,NaN
6,2,8,0.0015748155159773592
4,4,8,0.31128496075105533
7,1,8,0.00015252236875429155
3,5,8,0.16981134953653668
6,2,8,NaN
3,5,8,NaN
4,4,8,0.2807068419351017
4,4,8,0.06525587975951877
5,3,8,0.6185582093370283
6,2,8,2.3040702347430845e-5
5,3,8,0.03695595797946399
5,3,8,0.6613966634587408
7,1,8,0.980101638801523
5,3,8,0.037287971672237935
4,4,8,0.9614248710601718
7,1,8,0.18342590517711166
6,2,8,0.2736599385245901
7,1,8,0.7090531629970847
6,2,8,0.1243368095784467
5,3,8,0.12414688907094241
8,0,8,NaN
7,1,8,NaN
8,0,8,0.20936945520216732
3,5,8,0.019046122530590234
6,2,8,NaN
6,2,8,NaN
3,5,8,0.7925166447343686
3,5,8,0.7505738960061019
5,3,8,0.27286419230254233
6,2,8,NaN
6,2,8,0.028276646443171786
6,2,8,0.23998440172325927
5,3,8,0.0487461522307463
6,2,8,NaN
4,4,8,0.27552149434084794
8,0,8,NaN
2,6,8,0.2368955156722841
6,2,8,0.7507391991456591
8,0,8,0.7332177371595686
6,2,8,NaN
5,3,8,NaN
3,5,8,0.1624442407618537
8,0,8,0.7674513885394123
3,5,8,0.08684091440873282
4,4,8,0.1026612005498701
7,1,8,NaN
5,3,8,0.531729986764269
2,6,8,0.9326921332428637
6,2,8,NaN
4,4,8,0.010456259604345522
6,2,8,NaN
7,1,8,NaN
3,5,8,0.8185843942460208
5,3,8,NaN
5,3,8,NaN
6,2,8,0.594719772931375
5,3,8,0.9209789316492126
1,7,8,NaN
8,0,8,0.22892906759382656
7,1,8,NaN
3,5,8,0.20936945520216732
5,3,8,0.9534153129152887
4,4,8,0.8185843942460208
5,3,8,0.06046395917926657
2,6,8,0.23998440172325927
5,3,8,0.8169448593754466
4,4,8,0.7641629005282548
6,2,8,0.06525587975951877
6,2,8,0.8597792096635031
7,1,8,0.893076864532752
8,0,8,0.33567953646795745
7,1,8,0.483768449142263
8,0,8,NaN
5,3,8,0.8395040133151549
7,1,8,0.749359964362704
4,4,8,0.9079098270401949
7,1,8,NaN
5,3,8,NaN
7,1,8,0.0569687888815355
7,1,8,0.00425252867221958
3,5,8,0.043199805379105054
4,4,8,NaN
6,2,8,NaN
5,3,8,0.13717722402408927
6,2,8,0.06525587975951877
6,2,8,NaN
6,2,8,0.9326921332428637
6,2,8,0.06369218122857737
8,0,8,NaN
3,5,8,0.1376319999999998
7,1,8,NaN
6,2,8,NaN
5,3,8,0.24963509424677124
4,4,8,0.23998440172325927
8,0,8,0.31128496075105533
6,2,8,0.5757595332036677
5,3,8,NaN
4,4,8,0.15921953565114888
6,2,8,NaN
4,4,8,0.6645503847407921
7,1,8,NaN
6,2,8,0.5177338861746507
7,1,8,NaN
4,4,8,NaN
5,3,8,NaN
8,0,8,0.7925166447343686
5,3,8,NaN
7,1,8,NaN
8,0,8,NaN
4,4,8,0.12567888115796022
3,5,8,NaN
4,4,8,0.15921953565114888
5,3,8,NaN
6,2,8,0.531729986764269
6,2,8,NaN
7,1,8,0.09231492850715031
5,3,8,0.7332177371595686
4,4,8,0.08869205529953894
3,5,8,0.6185582093370283
7,1,8,NaN
6,2,8,NaN
6,2,8,NaN
4,4,8,0.31128496075105533
6,2,8,NaN
3,5,8,NaN
6,2,8,0.552401248937484
4,4,8,0.31128496075105533
6,2,8,0.9940320922471844
5,3,8,NaN
7,1,8,NaN
4,4,8,0.144386340257955
8,0,8,0.08869205529953894
4,4,8,NaN
6,2,8,NaN
1,7,8,NaN
7,1,8,0.531729986764269
7,1,8,0.31128496075105533
2,6,8,0.3991393814669719
3,5,8,NaN
3,5,8,NaN
6,2,8,NaN
3,5,8,0.8395040133151549
7,1,8,0.390088581715401
2,6,8,NaN
4,4,8,0.1627398728782032
5,3,8,0.7332177371595686
3,5,8,0.03230741676234196
2,6,8,0.06525587975951877
3,5,8,NaN
5,3,8,0.15921953565114888
3,5,8,NaN
5,3,8,NaN
4,4,8,0.8395040133151549
6,2,8,0.390088581715401
5,3,8,NaN
7,1,8,NaN
5,3,8,0.483768449142263
5,3,8,0.17986408983227545
2,6,8,NaN
7,1,8,0.8680132847643663
6,2,8,NaN
3,5,8,0.03230741676234196
5,3,8,0.20936945520216732
7,1,8,0.7641629005282548
6,2,8,NaN
4,4,8,NaN
4,4,8,0.20936945520216732
6,2,8,0.08869205529953894
6,2,8,0.023032235196311097
8,0,8,NaN
5,3,8,0.06046395917926657
5,3,8,NaN
4,4,8,NaN
3,5,8,0.9079098270401949
8,0,8,0.8597792096635031
6,2,8,0.5757595332036677
4,4,8,NaN
6,2,8,0.06525587975951877
6,2,8,NaN
5,3,8,0.0003297306122421771
5,3,8,NaN
4,4,8,NaN
5,3,8,NaN
6,2,8,NaN
4,4,8,NaN
5,3,8,0.23998440172325927
8,0,8,NaN
7,1,8,0.531729986764269
5,3,8,NaN
7,1,8,NaN
7,1,8,0.7332177371595686
7,1,8,NaN
4,4,8,NaN
3,5,8,0.7641629005282548
4,4,8,NaN
4,4,8,0.531729986764269
4,4,8,0.08869205529953894
8,0,8,0.9614248710601718
7,1,8,NaN
6,2,8,NaN
4,4,8,0.6185582093370283
4,4,8,0.7332177371595686
3,5,8,NaN
6,2,8,NaN
3,5,8,0.6613966634587408
5,3,8,0.11835585687382275
8,0,8,NaN
4,4,8,0.18342590517711166
8,0,8,NaN
5,3,8,NaN
3,5,8,NaN
7,1,8,NaN
5,3,8,0.531729986764269
5,3,8,NaN
6,2,8,0.7641629005282548
4,4,8,0.3674706764636201
3,5,8,NaN
6,2,8,NaN
5,3,8,NaN
8,0,8,0.34926187684352356
4,4,8,0.9433412321949546
8,0,8,0.0055245288266135536
5,3,8,NaN
4,4,8,0.43614794933242046
6,2,8,0.9079098270401949
2,6,8,0.16239143451214558
7,1,8,0.7641629005282548
6,2,8,NaN
4,4,8,0.0487461522307463
7,1,8,0.7332177371595686
7,1,8,NaN
8,0,8,0.7332177371595686
3,5,8,NaN
7,1,8,0.7332177371595686
6,2,8,0.15921953565114888
6,2,8,NaN
5,3,8,0.43614794933242046
5,3,8,0.009912176912471659
2,6,8,0.04937587322664477
2,6,8,0.893076864532752
6,2,8,0.6227354402619372
6,2,8,NaN
3,5,8,0.7925166447343686
5,3,8,NaN
6,2,8,NaN
2,6,8,NaN
2,6,8,0.7925166447343686
5,3,8,0.8770122193000203
3,5,8,0.6613966634587408
4,4,8,0.5170897945552569
5,3,8,0.09925425394726911
4,4,8,0.9534153129152887
5,3,8,0.0002792241546806207
4,4,8,NaN
8,0,8,NaN
6,2,8,0.4841321247580173
6,2,8,NaN
2,6,8,NaN
4,4,8,NaN
7,1,8,NaN
6,2,8,0.057297073077936175
4,4,8,0.5825272282964099
4,4,8,0.9534153129152887
2,6,8,NaN
5,3,8,0.8395040133151549
5,3,8,NaN
4,4,8,NaN
4,4,8,0.390088581715401
2,6,8,NaN
6,2,8,NaN
7,1,8,NaN
3,5,8,0.006282033561316203
7,1,8,0.5098317807053887
7,1,8,0.6901070794118814
8,0,8,NaN
7,1,8,NaN
5,3,8,0.6613966634587408
5,3,8,0.43614794933242046
6,2,8,NaN
2,6,8,NaN
4,4,8,0.8597792096635031
5,3,8,0.2736599385245901
4,4,8,0.14807333201938733
5,3,8,NaN
6,2,8,0.4800781392544963
1,7,8,0.1376319999999998
2,6,8,0.23998440172325927
4,4,8,NaN
7,1,8,0.0569687888815355
7,1,8,0.7925166447343686
6,2,8,0.5976377428652669
7,1,8,0.7925166447343686
3,5,8,NaN
2,6,8,0.8395040133151549
5,3,8,0.5621476606125885
4,4,8,NaN
3,5,8,0.5439505863805665
1,7,8,NaN
4,4,8,0.1026612005498701
5,3,8,NaN
4,4,8,NaN
7,1,8,0.9031220119223897
3,5,8,0.531729986764269
4,4,8,0.23998440172325927
5,3,8,0.9326921332428637
6,2,8,0.23998440172325927
3,5,8,0.9919214683718085
5,3,8,NaN
6,2,8,NaN
3,5,8,NaN
4,4,8,NaN
4,4,8,0.5757595332036677
8,0,8,0.9209789316492126
3,5,8,NaN
6,2,8,0.9888383068434982
4,4,8,NaN
3,5,8,NaN
7,1,8,0.6672623678850664
3,5,8,NaN
1,7,8,0.8185843942460208
3,5,8,NaN
8,0,8,NaN
5,3,8,NaN
4,4,8,0.6260218509865878
3,5,8,0.05065760716195015
6,2,8,0.6273932620023779
7,1,8,0.15921953565114888
4,4,8,NaN
5,3,8,0.0020564486453118996
3,5,8,NaN
3,5,8,0.5757595332036677
4,4,8,NaN
4,4,8,NaN
2,6,8,0.06525587975951877
4,4,8,NaN
3,5,8,NaN
8,0,8,NaN
4,4,8,0.20936945520216732
7,1,8,0.7175366239048164
4,4,8,NaN
5,3,8,0.6613966634587408
5,3,8,0.9686139634526727
4,4,8,0.11838904435982035
3,5,8,0.9326921332428637
4,4,8,NaN
6,2,8,1.889019722377074e-8
6,2,8,NaN
3,5,8,0.004470874248377773
2,6,8,0.2736599385245901
4,4,8,NaN
2,6,8,0.8185843942460208
2,6,8,0.04937587322664477
2,6,8,0.893076864532752
8,0,8,NaN
6,2,8,NaN
2,6,8,0.11835585687382275
4,4,8,0.9837418608701722
4,4,8,NaN
5,3,8,0.2736599385245901
4,4,8,NaN
6,2,8,0.531729986764269
7,1,8,0.009912176912471659
5,3,8,NaN
6,2,8,NaN
5,3,8,NaN
6,2,8,0.8659341503511653
3,5,8,0.1026612005498701
3,5,8,0.9534153129152887
6,2,8,0.012022118863049316
2,6,8,NaN
4,4,8,0.5757595332036677
1,7,8,0.7332177371595686
2,6,8,0.9209789316492126
2,6,8,0.15474579095608257
1,7,8,0.1026612005498701
5,3,8,0.06525587975951877
5,3,8,NaN
3,5,8,0.00829404517453861
8,0,8,0.34926187684352356
4,4,8,0.7641629005282548
4,4,8,0.893076864532752
4,4,8,NaN
5,3,8,2.8184922470791613e-6
6,2,8,NaN
2,6,8,0.003788441268422185
1,7,8,0.07633250114228259
8,0,8,NaN
2,6,8,NaN
5,3,8,NaN
2,6,8,0.2736599385245901
5,3,8,0.9433412321949546
3,5,8,0.20936945520216732
6,2,8,0.31128496075105533
7,1,8,NaN
3,5,8,NaN
5,3,8,0.022788573734112794
3,5,8,NaN
3,5,8,NaN
4,4,8,NaN
4,4,8,0.6185582093370283
1,7,8,NaN
5,3,8,0.08869205529953894
3,5,8,6.456629911460551e-9
1,7,8,NaN
5,3,8,0.893076864532752
1,7,8,NaN
3,5,8,0.08869205529953894
4,4,8,NaN
6,2,8,0.31128496075105533
5,3,8,NaN
4,4,8,NaN
4,4,8,NaN
6,2,8,NaN
2,6,8,0.3414025326244797
2,6,8,0.043199805379105054
4,4,8,0.06046395917926657
5,3,8,NaN
3,5,8,NaN
6,2,8,0.34926187684352356
6,2,8,NaN
4,4,8,NaN
3,5,8,NaN
6,2,8,NaN
4,4,8,0.9747128701728911
1,7,8,NaN
4,4,8,NaN
6,2,8,0.9747128701728911
4,4,8,NaN
2,6,8,0.929160760009908
2,6,8,0.6185582093370283
5,3,8,0.8770122193000203
2,6,8,0.20169710238414265
3,5,8,NaN
2,6,8,NaN
5,3,8,0.23998440172325927
4,4,8,0.9747128701728911
4,4,8,0.6150789892987253
5,3,8,NaN
2,6,8,0.11835585687382275
3,5,8,NaN
1,7,8,0.483768449142263
1,7,8,NaN
2,6,8,0.10586579845943535
3,5,8,NaN
5,3,8,0.5757595332036677
5,3,8,NaN
2,6,8,NaN
2,6,8,0.8597792096635031
4,4,8,NaN
5,3,8,0.8266459162027727
2,6,8,0.15921953565114888
5,3,8,0.1376319999999998
4,4,8,NaN
4,4,8,0.893076864532752
3,5,8,NaN
1,7,8,0.20936945520216732
4,4,8,NaN
3,5,8,0.8770122193000203
2,6,8,0.483768449142263
1,7,8,0.15921953565114888
1,7,8,0.6990667746156102
1,7,8,0.34926187684352356
3,5,8,0.9326921332428637
3,5,8,0.893076864532752
1,7,8,NaN
2,6,8,0.1376319999999998
2,6,8,NaN
1,7,8,0.8379649263519445
2,6,8,NaN
2,6,8,0.780937843965877
8,0,8,NaN
1,7,8,0.604340143484061
1,7,8,NaN
1,7,8,0.5825272282964099
1,7,8,0.4649330925002827
2,6,8,0.9614248710601718
2,6,8,NaN
1,7,8,NaN
1,7,8,0.8185843942460208
1,7,8,0.012022118863049316
1,7,8,0.04776387651389671
0,8,8,NaN
0,8,8,0.8770122193000203
0,8,8,0.23998440172325927
0,8,8,NaN
0,8,8,NaN
0,8,8,0.09858153277013029
7,0,7,0.15921953565114888
6,1,7,NaN
5,2,7,0.9209789316492126
5,2,7,NaN
7,0,7,NaN
4,3,7,0.483768449142263
7,0,7,0.7332177371595686
5,2,7,NaN
4,3,7,0.18342590517711166
6,1,7,NaN
7,0,7,NaN
3,4,7,NaN
4,3,7,0.6990667746156102
5,2,7,NaN
7,0,7,0.531729986764269
4,3,7,NaN
5,2,7,NaN
5,2,7,NaN
4,3,7,0.15921953565114888
4,3,7,0.5263570405063814
6,1,7,0.00026210820586459294
7,0,7,NaN
7,0,7,NaN
4,3,7,0.1785768689458161
5,2,7,NaN
6,1,7,NaN
7,0,7,0.9209789316492126
7,0,7,0.08831361076468183
7,0,7,0.01497154425875501
6,1,7,0.34926187684352356
4,3,7,0.8320069143070049
5,2,7,0.8185843942460208
6,1,7,NaN
4,3,7,NaN
5,2,7,0.7332177371595686
6,1,7,0.18342590517711166
3,4,7,0.8597792096635031
6,1,7,NaN
5,2,7,NaN
7,0,7,0.6613966634587408
5,2,7,NaN
3,4,7,0.20936945520216732
5,2,7,0.483768449142263
7,0,7,NaN
6,1,7,NaN
6,1,7,NaN
4,3,7,NaN
4,3,7,NaN
6,1,7,0.05448403456382014
6,1,7,0.5757595332036677
4,3,7,0.3490481648727526
4,3,7,0.9208024708347865
4,3,7,0.1536927080818636
2,5,7,0.7332177371595686
5,2,7,NaN
7,0,7,0.18342590517711166
5,2,7,NaN
7,0,7,0.483768449142263
4,3,7,NaN
3,4,7,0.6613966634587408
4,3,7,0.0030892543021027673
6,1,7,3.542408395577105e-5
4,3,7,0.18342590517711166
5,2,7,0.11835585687382275
5,2,7,NaN
3,4,7,NaN
5,2,7,NaN
6,1,7,0.7332177371595686
5,2,7,0.5757595332036677
6,1,7,0.893076864532752
7,0,7,0.18361591809359057
2,5,7,0.3304460157406574
7,0,7,NaN
4,3,7,NaN
6,1,7,NaN
6,1,7,0.043199805379105054
7,0,7,0.6185582093370283
5,2,7,NaN
6,1,7,NaN
7,0,7,NaN
5,2,7,0.1376319999999998
7,0,7,0.483768449142263
5,2,7,0.9209789316492126
5,2,7,0.0569687888815355
6,1,7,0.20936945520216732
5,2,7,0.014302811501596825
4,3,7,0.6185582093370283
5,2,7,NaN
7,0,7,NaN
4,3,7,0.7332177371595686
7,0,7,NaN
2,5,7,NaN
5,2,7,0.9209789316492126
7,0,7,0.9534153129152887
4,3,7,NaN
7,0,7,NaN
5,2,7,NaN
7,0,7,0.9433412321949546
6,1,7,NaN
3,4,7,0.6990667746156102
7,0,7,NaN
5,2,7,NaN
4,3,7,0.9940320922471844
7,0,7,0.7463553004550284
5,2,7,NaN
7,0,7,0.8146243586398328
5,2,7,NaN
5,2,7,NaN
5,2,7,0.03230741676234196
6,1,7,0.08295168543288563
7,0,7,0.7925166447343686
4,3,7,NaN
4,3,7,NaN
5,2,7,0.07633250114228259
7,0,7,0.7332177371595686
7,0,7,0.6185582093370283
5,2,7,0.8597792096635031
4,3,7,0.6613966634587408
7,0,7,NaN
7,0,7,NaN
4,3,7,NaN
6,1,7,NaN
6,1,7,0.5757595332036677
7,0,7,0.43614794933242046
6,1,7,0.34926187684352356
6,1,7,NaN
3,4,7,NaN
6,1,7,0.3743417517213938
5,2,7,0.2736599385245901
5,2,7,0.893076864532752
4,3,7,0.390088581715401
6,1,7,NaN
5,2,7,NaN
6,1,7,0.48991650464904934
6,1,7,NaN
5,2,7,0.9534153129152887
6,1,7,NaN
4,3,7,0.31128496075105533
5,2,7,0.04937587322664477
5,2,7,0.03230741676234196
5,2,7,0.04448515637771797
7,0,7,NaN
6,1,7,NaN
2,5,7,0.390088581715401
3,4,7,NaN
6,1,7,0.7332177371595686
6,1,7,0.5858713937968076
7,0,7,0.20936945520216732
4,3,7,NaN
3,4,7,NaN
6,1,7,NaN
5,2,7,NaN
5,2,7,0.6138104234303206
5,2,7,NaN
5,2,7,0.7726840565404266
7,0,7,NaN
4,3,7,NaN
4,3,7,0.9888383068434982
6,1,7,NaN
7,0,7,0.7641629005282548
5,2,7,NaN
5,2,7,0.7641629005282548
6,1,7,NaN
7,0,7,NaN
7,0,7,NaN
6,1,7,0.1376319999999998
5,2,7,0.07633250114228259
7,0,7,0.8130550058173163
6,1,7,NaN
4,3,7,0.7383757710176887
6,1,7,NaN
7,0,7,0.4567030950633912
3,4,7,NaN
6,1,7,0.03230741676234196
3,4,7,0.9433412321949546
6,1,7,NaN
5,2,7,NaN
3,4,7,NaN
5,2,7,0.6613966634587408
7,0,7,0.8395040133151549
7,0,7,0.6741830672601722
5,2,7,NaN
5,2,7,NaN
6,1,7,0.3042007367616033
4,3,7,0.019519080662983124
7,0,7,NaN
7,0,7,NaN
5,2,7,0.9433412321949546
4,3,7,0.21530613828703424
4,3,7,NaN
7,0,7,0.31512640195994485
6,1,7,0.00829404517453861
5,2,7,NaN
7,0,7,NaN
7,0,7,0.002422844083153061
4,3,7,0.060715681811239354
6,1,7,NaN
7,0,7,0.8387056558591749
6,1,7,0.31128496075105533
6,1,7,0.014302811501596825
5,2,7,NaN
4,3,7,0.893076864532752
5,2,7,0.34926187684352356
7,0,7,0.7641629005282548
7,0,7,NaN
4,3,7,NaN
5,2,7,0.8707223451381064
6,1,7,0.34926187684352356
3,4,7,0.9624530011791156
5,2,7,NaN
5,2,7,0.6185582093370283
5,2,7,0.43614794933242046
6,1,7,0.0695538302592653
7,0,7,NaN
6,1,7,NaN
3,4,7,0.8395040133151549
6,1,7,NaN
4,3,7,0.7925166447343686
5,2,7,NaN
6,1,7,NaN
6,1,7,0.34669525622170844
7,0,7,NaN
5,2,7,NaN
7,0,7,NaN
7,0,7,NaN
6,1,7,0.4524176271175354
6,1,7,NaN
4,3,7,0.31128496075105533
6,1,7,0.483768449142263
6,1,7,NaN
7,0,7,NaN
6,1,7,NaN
6,1,7,NaN
6,1,7,NaN
7,0,7,NaN
2,5,7,0.04937587322664477
6,1,7,0.6185582093370283
7,0,7,0.20936945520216732
7,0,7,0.5757595332036677
7,0,7,0.7641629005282548
5,2,7,NaN
7,0,7,NaN
4,3,7,0.0012210618991115951
4,3,7,NaN
7,0,7,NaN
7,0,7,0.6613966634587408
5,2,7,NaN
6,1,7,0.483768449142263
6,1,7,NaN
4,3,7,NaN
7,0,7,0.0569687888815355
5,2,7,0.8185843942460208
5,2,7,NaN
6,1,7,0.6613966634587408
5,2,7,0.07633250114228259
4,3,7,NaN
5,2,7,NaN
5,2,7,NaN
5,2,7,0.6613966634587408
6,1,7,0.016655906875272967
4,3,7,0.03782247324613561
7,0,7,NaN
7,0,7,0.2827719797019191
2,5,7,NaN
7,0,7,0.25625089143979707
7,0,7,NaN
4,3,7,0.5757595332036677
5,2,7,0.18871508060967448
5,2,7,0.18342590517711166
4,3,7,0.390088581715401
6,1,7,0.8266459162027727
4,3,7,0.34926187684352356
5,2,7,NaN
6,1,7,0.531729986764269
6,1,7,0.6185582093370283
5,2,7,NaN
7,0,7,NaN
3,4,7,NaN
6,1,7,NaN
6,1,7,NaN
4,3,7,0.9534153129152887
4,3,7,0.531729986764269
5,2,7,0.5050938403534972
6,1,7,0.0001718998836035393
7,0,7,NaN
4,3,7,NaN
7,0,7,0.9848027522935779
5,2,7,NaN
6,1,7,NaN
5,2,7,0.7925166447343686
7,0,7,0.20936945520216732
5,2,7,NaN
5,2,7,0.2736599385245901
6,1,7,0.893076864532752
5,2,7,NaN
6,1,7,NaN
6,1,7,0.7258869044667101
4,3,7,0.6990667746156102
3,4,7,0.0569687888815355
4,3,7,NaN
7,0,7,0.23998440172325927
4,3,7,0.25127048606018276
6,1,7,NaN
4,3,7,NaN
6,1,7,0.6613966634587408
5,2,7,NaN
7,0,7,NaN
3,4,7,NaN
4,3,7,0.8280095136300987
4,3,7,NaN
6,1,7,NaN
5,2,7,0.5757595332036677
7,0,7,NaN
6,1,7,0.6613966634587408
3,4,7,0.531729986764269
7,0,7,NaN
4,3,7,NaN
3,4,7,NaN
6,1,7,NaN
6,1,7,NaN
5,2,7,0.14341372939388958
7,0,7,0.022788573734112794
6,1,7,NaN
5,2,7,0.05381938536612395
5,2,7,NaN
2,5,7,NaN
6,1,7,NaN
4,3,7,0.9534153129152887
7,0,7,NaN
4,3,7,NaN
4,3,7,0.5757595332036677
7,0,7,0.8770122193000203
5,2,7,0.4264812154056156
5,2,7,NaN
6,1,7,NaN
5,2,7,0.9079098270401949
5,2,7,NaN
5,2,7,0.1376319999999998
3,4,7,0.009912176912471659
4,3,7,0.8770122193000203
5,2,7,0.15921953565114888
7,0,7,0.390088581715401
4,3,7,0.06525587975951877
6,1,7,NaN
4,3,7,0.7641629005282548
5,2,7,1.1317623776065697e-6
7,0,7,NaN
7,0,7,NaN
5,2,7,0.1494473128764884
6,1,7,0.23998440172325927
4,3,7,NaN
5,2,7,0.8597792096635031
7,0,7,0.45574032487896876
5,2,7,0.8395040133151549
4,3,7,0.9208024708347865
7,0,7,NaN
5,2,7,0.4319007153382488
4,3,7,0.4800781392544963
2,5,7,NaN
6,1,7,0.17235034575146593
3,4,7,0.0569687888815355
3,4,7,NaN
6,1,7,NaN
6,1,7,0.7332177371595686
6,1,7,NaN
6,1,7,NaN
7,0,7,NaN
6,1,7,NaN
6,1,7,0.018312157220818283
6,1,7,0.31128496075105533
3,4,7,NaN
5,2,7,NaN
4,3,7,0.483768449142263
6,1,7,0.0569687888815355
2,5,7,0.11835585687382275
6,1,7,NaN
5,2,7,0.43614794933242046
7,0,7,NaN
6,1,7,0.7925166447343686
4,3,7,0.34926187684352356
7,0,7,0.43614794933242046
6,1,7,0.6185582093370283
7,0,7,NaN
7,0,7,NaN
7,0,7,0.22726472108630166
6,1,7,NaN
6,1,7,NaN
6,1,7,NaN
5,2,7,0.483768449142263
5,2,7,NaN
6,1,7,NaN
4,3,7,0.9433412321949546
4,3,7,0.483768449142263
6,1,7,NaN
3,4,7,0.5072033521096397
2,5,7,0.2736599385245901
5,2,7,0.5605686154146111
3,4,7,0.2736599385245901
7,0,7,NaN
5,2,7,NaN
4,3,7,0.8597792096635031
6,1,7,NaN
3,4,7,NaN
7,0,7,0.8597792096635031
6,1,7,0.7641629005282548
5,2,7,NaN
5,2,7,0.8730207778042132
7,0,7,0.07011346944556188
6,1,7,0.11955458510564233
6,1,7,0.23998440172325927
4,3,7,0.390088581715401
7,0,7,NaN
7,0,7,0.024664287013170735
2,5,7,0.17823697039679737
7,0,7,0.20936945520216732
4,3,7,0.06525587975951877
3,4,7,NaN
5,2,7,NaN
4,3,7,NaN
6,1,7,0.07633250114228259
7,0,7,0.20936945520216732
5,2,7,0.9079098270401949
6,1,7,0.06525587975951877
4,3,7,NaN
5,2,7,NaN
3,4,7,0.06525587975951877
6,1,7,0.483768449142263
2,5,7,0.390088581715401
6,1,7,0.531729986764269
5,2,7,NaN
6,1,7,0.08869205529953894
4,3,7,0.6613966634587408
6,1,7,0.20936945520216732
6,1,7,NaN
2,5,7,NaN
7,0,7,NaN
6,1,7,0.5757595332036677
6,1,7,NaN
5,2,7,0.22375730346751577
4,3,7,NaN
7,0,7,0.5605686154146111
6,1,7,NaN
6,1,7,0.9614248710601718
7,0,7,0.013998561046623783
3,4,7,NaN
6,1,7,0.1376319999999998
4,3,7,0.34926187684352356
5,2,7,NaN
4,3,7,0.04847823149783537
4,3,7,NaN
5,2,7,0.9326921332428637
7,0,7,0.15921953565114888
4,3,7,0.560681281690559
5,2,7,0.19296764750058495
6,1,7,NaN
3,4,7,0.483768449142263
7,0,7,0.6769831465182911
4,3,7,0.06525587975951877
6,1,7,NaN
7,0,7,NaN
3,4,7,0.07633250114228259
5,2,7,NaN
4,3,7,0.7332177371595686
4,3,7,NaN
7,0,7,0.3042007367616033
3,4,7,NaN
7,0,7,NaN
7,0,7,0.34926187684352356
5,2,7,0.3139623595719977
4,3,7,NaN
5,2,7,NaN
5,2,7,0.7052522640337858
3,4,7,NaN
6,1,7,0.8795235203274335
4,3,7,0.8597792096635031
5,2,7,0.7332177371595686
2,5,7,NaN
7,0,7,0.6613966634587408
2,5,7,NaN
5,2,7,0.34926187684352356
4,3,7,NaN
3,4,7,0.00039386169903541626
7,0,7,0.9534153129152887
5,2,7,0.6188790388045529
7,0,7,NaN
6,1,7,NaN
5,2,7,NaN
5,2,7,NaN
5,2,7,NaN
5,2,7,NaN
5,2,7,0.43614794933242046
4,3,7,NaN
5,2,7,0.9326921332428637
6,1,7,NaN
5,2,7,NaN
6,1,7,0.9433412321949546
7,0,7,NaN
4,3,7,NaN
7,0,7,NaN
7,0,7,NaN
7,0,7,NaN
4,3,7,NaN
3,4,7,NaN
5,2,7,0.08889028994681433
4,3,7,0.6990667746156102
6,1,7,NaN
2,5,7,0.0569687888815355
6,1,7,0.2736599385245901
5,2,7,NaN
2,5,7,NaN
6,1,7,NaN
5,2,7,0.4677077417136681
6,1,7,NaN
6,1,7,NaN
5,2,7,0.31128496075105533
5,2,7,NaN
5,2,7,NaN
3,4,7,NaN
6,1,7,0.02180431614413967
7,0,7,0.2736599385245901
6,1,7,0.483768449142263
7,0,7,NaN
6,1,7,0.5605686154146111
7,0,7,0.483768449142263
5,2,7,0.07554229573108205
6,1,7,0.8185843942460208
7,0,7,0.483768449142263
6,1,7,NaN
4,3,7,0.38610205560655736
7,0,7,NaN
7,0,7,NaN
5,2,7,NaN
7,0,7,NaN
5,2,7,0.08869205529953894
7,0,7,NaN
6,1,7,0.6185582093370283
5,2,7,0.9747128701728911
7,0,7,0.531729986764269
5,2,7,0.8395040133151549
6,1,7,NaN
5,2,7,0.6990667746156102
6,1,7,0.07633250114228259
2,5,7,0.9208024708347865
3,4,7,NaN
6,1,7,NaN
5,2,7,NaN
4,3,7,NaN
4,3,7,NaN
6,1,7,NaN
5,2,7,NaN
5,2,7,NaN
2,5,7,NaN
5,2,7,0.7129186565639434
5,2,7,0.09103071012866998
5,2,7,0.15921953565114888
2,5,7,NaN
6,1,7,0.15921953565114888
5,2,7,NaN
3,4,7,NaN
5,2,7,NaN
7,0,7,NaN
6,1,7,0.03230741676234196
6,1,7,NaN
5,2,7,0.022788573734112794
6,1,7,0.31128496075105533
4,3,7,0.08869205529953894
4,3,7,0.9959618436650923
4,3,7,NaN
7,0,7,NaN
5,2,7,0.31128496075105533
7,0,7,0.9433412321949546
6,1,7,NaN
5,2,7,0.7332177371595686
5,2,7,0.7641629005282548
4,3,7,0.06525587975951877
4,3,7,NaN
7,0,7,0.531729986764269
5,2,7,0.0569687888815355
5,2,7,NaN
6,1,7,0.5976377428652669
7,0,7,NaN
4,3,7,0.627805641850532
5,2,7,0.531729986764269
5,2,7,NaN
6,1,7,NaN
6,1,7,0.6613966634587408
3,4,7,0.8219401442500884
7,0,7,NaN
7,0,7,0.43614794933242046
6,1,7,0.7925166447343686
5,2,7,0.11835585687382275
5,2,7,0.2736599385245901
4,3,7,NaN
6,1,7,0.14609100850329587
3,4,7,0.18737581990769048
6,1,7,NaN
5,2,7,0.017587244296433244
2,5,7,0.9209789316492126
6,1,7,NaN
7,0,7,0.8395040133151549
4,3,7,NaN
7,0,7,0.20936945520216732
6,1,7,NaN
6,1,7,0.012022118863049316
4,3,7,0.390088581715401
5,2,7,NaN
4,3,7,NaN
6,1,7,NaN
6,1,7,NaN
5,2,7,0.9433412321949546
5,2,7,0.6613966634587408
5,2,7,NaN
5,2,7,NaN
3,4,7,0.9079098270401949
6,1,7,NaN
6,1,7,NaN
4,3,7,0.2828180115845652
6,1,7,NaN
5,2,7,NaN
5,2,7,NaN
6,1,7,NaN
4,3,7,0.7641629005282548
6,1,7,0.8395040133151549
7,0,7,NaN
6,1,7,0.07633250114228259
6,1,7,0.6990667746156102
7,0,7,0.8770122193000203
4,3,7,NaN
4,3,7,NaN
4,3,7,0.34926187684352356
5,2,7,NaN
6,1,7,NaN
5,2,7,0.0507451718524807
6,1,7,0.20936945520216732
4,3,7,0.006082193050191918
6,1,7,NaN
5,2,7,0.20936945520216732
2,5,7,0.5757595332036677
3,4,7,0.31128496075105533
3,4,7,NaN
6,1,7,0.893076864532752
5,2,7,NaN
6,1,7,NaN
6,1,7,0.12390041476341097
4,3,7,0.8770122193000203
6,1,7,NaN
4,3,7,0.483768449142263
4,3,7,0.390088581715401
5,2,7,0.9919214683718085
3,4,7,NaN
7,0,7,NaN
6,1,7,0.15921953565114888
6,1,7,0.1004159907511305
5,2,7,NaN
3,4,7,0.31128496075105533
4,3,7,0.539689308488104
3,4,7,NaN
7,0,7,0.6185582093370283
6,1,7,NaN
4,3,7,NaN
5,2,7,0.323573460039637
7,0,7,NaN
5,2,7,NaN
7,0,7,NaN
6,1,7,0.08869205529953894
7,0,7,0.6990667746156102
5,2,7,0.390088581715401
7,0,7,0.06525587975951877
5,2,7,0.7059793999936899
4,3,7,0.0569687888815355
5,2,7,0.8770122193000203
2,5,7,NaN
6,1,7,0.893076864532752
3,4,7,0.861491573721113
4,3,7,0.2107570124722602
5,2,7,0.7001014360319854
3,4,7,0.390088581715401
5,2,7,NaN
3,4,7,NaN
4,3,7,0.07633250114228259
6,1,7,NaN
5,2,7,NaN
6,1,7,0.2736599385245901
6,1,7,0.6185582093370283
6,1,7,NaN
4,3,7,NaN
3,4,7,0.6990667746156102
4,3,7,NaN
6,1,7,0.43614794933242046
5,2,7,NaN
6,1,7,0.9686139634526727
4,3,7,NaN
5,2,7,NaN
7,0,7,0.531729986764269
4,3,7,NaN
7,0,7,0.6591883758140472
4,3,7,0.6053452527694343
3,4,7,0.31128496075105533
5,2,7,0.7332177371595686
3,4,7,NaN
7,0,7,NaN
4,3,7,0.7641629005282548
2,5,7,0.15921953565114888
6,1,7,NaN
5,2,7,0.43614794933242046
7,0,7,0.8395040133151549
4,3,7,NaN
7,0,7,0.7623438784768942
4,3,7,0.5757595332036677
7,0,7,0.9675986097793022
5,2,7,NaN
5,2,7,0.5757595332036677
5,2,7,0.6185582093370283
5,2,7,0.14341372939388958
6,1,7,0.7948773508512438
5,2,7,0.7925166447343686
6,1,7,NaN
3,4,7,0.6990667746156102
5,2,7,0.18342590517711166
6,1,7,NaN
5,2,7,0.9079098270401949
7,0,7,0.6185582093370283
7,0,7,0.8597792096635031
6,1,7,0.04937587322664477
6,1,7,0.016627813551177786
6,1,7,0.820865454689211
6,1,7,NaN
6,1,7,0.0053203665682799725
4,3,7,NaN
5,2,7,NaN
6,1,7,NaN
5,2,7,NaN
5,2,7,0.7332177371595686
3,4,7,0.9115800357304946
4,3,7,NaN
7,0,7,0.027150137488542374
5,2,7,NaN
7,0,7,0.11835585687382275
5,2,7,0.7507391991456591
5,2,7,NaN
5,2,7,NaN
3,4,7,0.047807440653218514
4,3,7,0.43614794933242046
7,0,7,0.531729986764269
7,0,7,NaN
4,3,7,0.36958211077647357
6,1,7,0.2736599385245901
6,1,7,0.390088581715401
7,0,7,0.20936945520216732
4,3,7,0.6613966634587408
7,0,7,NaN
4,3,7,0.20936945520216732
4,3,7,NaN
5,2,7,NaN
6,1,7,NaN
6,1,7,NaN
6,1,7,0.252774055639449
3,4,7,NaN
4,3,7,NaN
5,2,7,0.6613966634587408
5,2,7,0.483768449142263
5,2,7,NaN
6,1,7,0.531729986764269
3,4,7,NaN
7,0,7,NaN
7,0,7,NaN
3,4,7,NaN
6,1,7,0.34926187684352356
6,1,7,NaN
6,1,7,NaN
5,2,7,0.7641629005282548
5,2,7,0.9326921332428637
6,1,7,NaN
5,2,7,NaN
4,3,7,0.6185582093370283
6,1,7,0.7962695295080573
5,2,7,0.390088581715401
7,0,7,5.6682560408567164e-5
4,3,7,NaN
7,0,7,0.9433412321949546
4,3,7,0.483768449142263
3,4,7,NaN
2,5,7,NaN
5,2,7,NaN
5,2,7,NaN
4,3,7,NaN
7,0,7,NaN
6,1,7,NaN
5,2,7,0.20163475777346393
7,0,7,NaN
5,2,7,0.2736599385245901
7,0,7,0.8185843942460208
5,2,7,0.2592137757018818
6,1,7,0.43614794933242046
4,3,7,NaN
6,1,7,0.2736599385245901
3,4,7,NaN
4,3,7,NaN
5,2,7,NaN
6,1,7,NaN
4,3,7,NaN
5,2,7,0.7758487880237831
7,0,7,0.1004159907511305
7,0,7,0.5757595332036677
4,3,7,0.531729986764269
2,5,7,0.7332177371595686
5,2,7,NaN
7,0,7,NaN
3,4,7,NaN
6,1,7,0.08869205529953894
7,0,7,0.26601099974463444
6,1,7,NaN
4,3,7,0.1026612005498701
5,2,7,NaN
6,1,7,0.21937196477498655
5,2,7,NaN
4,3,7,NaN
4,3,7,0.483768449142263
6,1,7,0.5757595332036677
5,2,7,NaN
6,1,7,NaN
5,2,7,NaN
5,2,7,0.8395040133151549
6,1,7,NaN
5,2,7,0.29765660056058585
5,2,7,NaN
7,0,7,NaN
6,1,7,0.9079098270401949
6,1,7,NaN
4,3,7,0.29078996240530314
5,2,7,0.15921953565114888
4,3,7,NaN
5,2,7,NaN
7,0,7,NaN
4,3,7,0.3391786058604223
5,2,7,0.11835585687382275
6,1,7,NaN
4,3,7,NaN
4,3,7,0.6990667746156102
6,1,7,NaN
6,1,7,NaN
4,3,7,0.001741552798807427
5,2,7,0.006585441233764034
7,0,7,0.8597792096635031
7,0,7,0.5506427762604919
7,0,7,0.9686139634526727
6,1,7,0.31315587565893765
7,0,7,0.1376319999999998
6,1,7,NaN
5,2,7,0.03230741676234196
7,0,7,0.8770122193000203
7,0,7,0.8770122193000203
7,0,7,NaN
7,0,7,0.483768449142263
5,2,7,8.716614297772752e-9
2,5,7,NaN
7,0,7,NaN
6,1,7,0.04937587322664477
5,2,7,0.0569687888815355
7,0,7,NaN
6,1,7,0.390088581715401
3,4,7,NaN
4,3,7,0.11835585687382275
6,1,7,0.7332177371595686
5,2,7,NaN
5,2,7,0.31128496075105533
6,1,7,0.31128496075105533
5,2,7,NaN
2,5,7,0.7394544821147426
4,3,7,NaN
6,1,7,0.6613966634587408
5,2,7,NaN
4,3,7,NaN
7,0,7,0.390088581715401
6,1,7,NaN
4,3,7,NaN
7,0,7,NaN
3,4,7,0.20936945520216732
4,3,7,NaN
5,2,7,0.6990667746156102
5,2,7,NaN
4,3,7,NaN
3,4,7,NaN
6,1,7,0.000799055813804774
6,1,7,NaN
6,1,7,0.390088581715401
6,1,7,0.34387312402623854
4,3,7,0.23998440172325927
6,1,7,NaN
3,4,7,0.390088581715401
6,1,7,0.5757595332036677
4,3,7,0.18342590517711166
4,3,7,0.9209789316492126
6,1,7,NaN
5,2,7,NaN
6,1,7,0.043199805379105054
7,0,7,0.9079098270401949
6,1,7,NaN
4,3,7,0.483768449142263
5,2,7,0.2736599385245901
5,2,7,NaN
4,3,7,NaN
1,6,7,0.44056170724399724
6,1,7,0.8597792096635031
3,4,7,0.34926187684352356
6,1,7,NaN
6,1,7,0.6990667746156102
3,4,7,0.6150997885980047
6,1,7,NaN
5,2,7,NaN
7,0,7,NaN
5,2,7,NaN
3,4,7,0.6613966634587408
7,0,7,0.11835585687382275
6,1,7,0.022788573734112794
5,2,7,NaN
4,3,7,0.7925166447343686
3,4,7,NaN
4,3,7,0.022788573734112794
5,2,7,NaN
5,2,7,NaN
7,0,7,NaN
5,2,7,NaN
3,4,7,0.016627813551177786
5,2,7,0.34926187684352356
6,1,7,NaN
6,1,7,0.8770122193000203
6,1,7,NaN
6,1,7,0.022788573734112794
4,3,7,NaN
6,1,7,0.043199805379105054
4,3,7,NaN
5,2,7,0.0011870025188928748
7,0,7,0.8770122193000203
5,2,7,0.00829404517453861
3,4,7,NaN
5,2,7,NaN
6,1,7,NaN
5,2,7,0.6990667746156102
4,3,7,NaN
3,4,7,0.004327419526539473
4,3,7,NaN
6,1,7,NaN
3,4,7,0.2602988157694301
5,2,7,0.531729986764269
3,4,7,0.11835585687382275
7,0,7,0.13991072520342873
6,1,7,NaN
4,3,7,0.6185582093370283
4,3,7,NaN
5,2,7,0.531729986764269
6,1,7,0.9079098270401949
3,4,7,0.08869205529953894
4,3,7,0.0008643755970427449
5,2,7,0.20936945520216732
4,3,7,NaN
7,0,7,0.15921953565114888
5,2,7,0.23998440172325927
7,0,7,0.7641629005282548
4,3,7,NaN
6,1,7,NaN
6,1,7,NaN
6,1,7,0.5024403599450256
6,1,7,NaN
5,2,7,NaN
4,3,7,NaN
7,0,7,0.483768449142263
5,2,7,NaN
5,2,7,0.8395040133151549
6,1,7,NaN
4,3,7,0.14339900089660632
6,1,7,0.7332177371595686
7,0,7,NaN
4,3,7,0.7641629005282548
6,1,7,NaN
5,2,7,NaN
5,2,7,NaN
4,3,7,NaN
6,1,7,0.9079098270401949
6,1,7,0.9079098270401949
7,0,7,0.3571608413741377
4,3,7,0.8597792096635031
5,2,7,NaN
6,1,7,0.8185843942460208
3,4,7,0.002250724595812046
4,3,7,0.531729986764269
6,1,7,NaN
5,2,7,0.11531872517686372
7,0,7,0.20936945520216732
1,6,7,0.2736599385245901
4,3,7,0.8912259473059613
7,0,7,0.31128496075105533
6,1,7,NaN
4,3,7,0.20936945520216732
6,1,7,0.11835585687382275
7,0,7,NaN
7,0,7,0.2563282395403685
5,2,7,0.390088581715401
6,1,7,NaN
5,2,7,0.6185582093370283
3,4,7,0.390088581715401
6,1,7,0.6990667746156102
7,0,7,NaN
4,3,7,NaN
5,2,7,0.43614794933242046
7,0,7,NaN
7,0,7,NaN
7,0,7,0.531729986764269
5,2,7,NaN
5,2,7,NaN
6,1,7,0.7925166447343686
2,5,7,NaN
5,2,7,NaN
4,3,7,NaN
6,1,7,NaN
5,2,7,0.483768449142263
5,2,7,NaN
4,3,7,0.8777821086791932
3,4,7,0.8185843942460208
6,1,7,NaN
7,0,7,NaN
4,3,7,0.15921953565114888
7,0,7,0.7925166447343686
7,0,7,NaN
5,2,7,0.531729986764269
7,0,7,NaN
5,2,7,0.8395040133151549
7,0,7,NaN
2,5,7,0.059037259683391706
3,4,7,0.7641629005282548
5,2,7,0.483768449142263
5,2,7,0.11835585687382275
3,4,7,0.9534153129152887
2,5,7,0.3283372203313271
7,0,7,0.019519080662983124
7,0,7,NaN
5,2,7,0.31128496075105533
5,2,7,NaN
5,2,7,0.3620562839048695
5,2,7,0.531729986764269
5,2,7,NaN
6,1,7,0.9079098270401949
7,0,7,0.7641629005282548
7,0,7,0.7332177371595686
5,2,7,NaN
2,5,7,0.5185660452444985
5,2,7,NaN
3,4,7,0.016627813551177786
6,1,7,0.1623429902789744
5,2,7,0.0011870025188928748
6,1,7,NaN
7,0,7,NaN
3,4,7,0.8185843942460208
2,5,7,NaN
4,3,7,NaN
5,2,7,NaN
6,1,7,NaN
3,4,7,NaN
6,1,7,NaN
4,3,7,0.6185582093370283
6,1,7,NaN
5,2,7,0.483768449142263
5,2,7,0.009912176912471659
5,2,7,NaN
6,1,7,0.20936945520216732
5,2,7,NaN
6,1,7,NaN
7,0,7,0.7641629005282548
7,0,7,0.7108232721518681
5,2,7,0.15921953565114888
6,1,7,0.0007651694781769705
5,2,7,NaN
6,1,7,NaN
6,1,7,0.8185843942460208
6,1,7,0.6185582093370283
5,2,7,0.6185582093370283
7,0,7,0.6185582093370283
6,1,7,NaN
6,1,7,NaN
5,2,7,NaN
2,5,7,NaN
5,2,7,0.034682216080708025
5,2,7,0.16578992917743732
6,1,7,0.8395040133151549
6,1,7,0.7641629005282548
5,2,7,0.390088581715401
5,2,7,0.2736599385245901
4,3,7,0.7332177371595686
5,2,7,0.0004948509021802728
5,2,7,0.07633250114228259
3,4,7,NaN
1,6,7,NaN
7,0,7,0.4567030950633912
3,4,7,0.6185582093370283
4,3,7,0.6613966634587408
3,4,7,0.8185843942460208
2,5,7,NaN
4,3,7,NaN
4,3,7,NaN
5,2,7,NaN
4,3,7,NaN
3,4,7,NaN
6,1,7,NaN
7,0,7,0.022788573734112794
7,0,7,0.893076864532752
5,2,7,NaN
5,2,7,0.043199805379105054
4,3,7,NaN
5,2,7,NaN
4,3,7,0.4648366808137845
2,5,7,0.1376319999999998
4,3,7,NaN
5,2,7,NaN
5,2,7,NaN
5,2,7,0.08869205529953894
6,1,7,0.7013346446373245
5,2,7,0.18342590517711166
4,3,7,NaN
7,0,7,NaN
6,1,7,NaN
5,2,7,NaN
6,1,7,0.43614794933242046
7,0,7,0.7641629005282548
3,4,7,NaN
6,1,7,NaN
7,0,7,0.13956128397513015
6,1,7,NaN
5,2,7,0.15921953565114888
7,0,7,NaN
6,1,7,0.531729986764269
4,3,7,0.7641629005282548
4,3,7,0.0569687888815355
6,1,7,0.8387056558591749
4,3,7,NaN
5,2,7,0.9031220119223897
6,1,7,0.9747128701728911
5,2,7,0.5757595332036677
5,2,7,0.3139623595719977
7,0,7,NaN
3,4,7,NaN
7,0,7,NaN
5,2,7,0.6185582093370283
2,5,7,NaN
4,3,7,0.6613966634587408
6,1,7,NaN
6,1,7,NaN
5,2,7,0.9354924145505124
5,2,7,NaN
4,3,7,NaN
5,2,7,0.012022118863049316
2,5,7,0.04937587322664477
5,2,7,0.9079098270401949
5,2,7,NaN
5,2,7,0.390088581715401
4,3,7,0.01893601341299022
6,1,7,NaN
6,1,7,0.11835585687382275
3,4,7,NaN
7,0,7,0.5187081425895593
7,0,7,NaN
6,1,7,NaN
5,2,7,0.08869205529953894
6,1,7,0.014302811501596825
4,3,7,0.20936945520216732
4,3,7,NaN
5,2,7,NaN
5,2,7,NaN
6,1,7,0.15921953565114888
6,1,7,0.45496490924879346
5,2,7,NaN
6,1,7,0.34926187684352356
6,1,7,0.045461652335813285
6,1,7,0.8115397506245494
4,3,7,NaN
7,0,7,NaN
6,1,7,0.43614794933242046
5,2,7,0.483768449142263
6,1,7,NaN
4,3,7,0.9614248710601718
5,2,7,0.03230741676234196
5,2,7,NaN
5,2,7,NaN
6,1,7,0.11835585687382275
6,1,7,0.03782247324613561
4,3,7,NaN
4,3,7,0.31128496075105533
6,1,7,0.8770122193000203
3,4,7,NaN
4,3,7,NaN
7,0,7,NaN
4,3,7,0.5807958875536995
6,1,7,NaN
6,1,7,0.03514076963132936
3,4,7,0.9991797031243627
7,0,7,0.13132949647500136
5,2,7,0.390088581715401
6,1,7,NaN
5,2,7,NaN
5,2,7,0.6613966634587408
4,3,7,0.12580256168513348
6,1,7,0.6990667746156102
6,1,7,0.19269364290896454
4,3,7,NaN
6,1,7,0.00015460127581538882
7,0,7,0.2736599385245901
7,0,7,NaN
5,2,7,NaN
7,0,7,NaN
5,2,7,0.5757595332036677
2,5,7,NaN
6,1,7,0.027150137488542374
5,2,7,0.0037815506165579005
4,3,7,NaN
5,2,7,0.9326921332428637
4,3,7,NaN
6,1,7,NaN
6,1,7,0.015135473981172945
6,1,7,0.6185582093370283
7,0,7,0.10738522585422615
6,1,7,NaN
7,0,7,0.980101638801523
5,2,7,NaN
7,0,7,0.08870909711852953
5,2,7,0.390088581715401
7,0,7,0.9433412321949546
5,2,7,0.8395040133151549
4,3,7,0.6613966634587408
3,4,7,NaN
7,0,7,NaN
7,0,7,0.9367959483333386
3,4,7,0.04937587322664477
4,3,7,0.20936945520216732
5,2,7,NaN
5,2,7,0.18342590517711166
3,4,7,NaN
5,2,7,0.23998440172325927
5,2,7,0.8597792096635031
5,2,7,0.18342590517711166
6,1,7,0.10630458946583646
5,2,7,0.893076864532752
6,1,7,0.9747128701728911
5,2,7,NaN
3,4,7,0.390088581715401
6,1,7,NaN
6,1,7,0.8152766217990904
6,1,7,0.6990667746156102
6,1,7,NaN
6,1,7,0.9534153129152887
3,4,7,0.6185582093370283
4,3,7,0.3952490656616145
5,2,7,NaN
6,1,7,NaN
5,2,7,0.06525587975951877
5,2,7,NaN
7,0,7,0.5757595332036677
3,4,7,0.1835726180346419
3,4,7,NaN
6,1,7,NaN
6,1,7,NaN
4,3,7,NaN
5,2,7,NaN
6,1,7,NaN
2,5,7,0.20936945520216732
7,0,7,0.7332177371595686
6,1,7,NaN
7,0,7,NaN
5,2,7,0.4974503515277499
7,0,7,NaN
6,1,7,0.7641629005282548
5,2,7,NaN
3,4,7,NaN
6,1,7,NaN
7,0,7,0.805813718450109
6,1,7,NaN
7,0,7,0.03230741676234196
3,4,7,NaN
6,1,7,0.022788573734112794
5,2,7,NaN
3,4,7,NaN
6,1,7,NaN
5,2,7,NaN
6,1,7,0.805954774577224
6,1,7,NaN
6,1,7,0.23998440172325927
7,0,7,NaN
3,4,7,NaN
7,0,7,NaN
5,2,7,NaN
6,1,7,0.7925166447343686
4,3,7,NaN
3,4,7,NaN
3,4,7,0.43614794933242046
6,1,7,NaN
7,0,7,NaN
5,2,7,NaN
6,1,7,NaN
6,1,7,0.390088581715401
6,1,7,0.06525587975951877
4,3,7,0.8770122193000203
7,0,7,0.6185582093370283
5,2,7,NaN
5,2,7,0.6613966634587408
5,2,7,NaN
5,2,7,NaN
2,5,7,NaN
5,2,7,NaN
7,0,7,0.9326921332428637
4,3,7,0.483768449142263
6,1,7,0.531729986764269
7,0,7,NaN
6,1,7,NaN
5,2,7,0.8395040133151549
5,2,7,NaN
7,0,7,NaN
7,0,7,NaN
7,0,7,NaN
6,1,7,NaN
4,3,7,0.6185582093370283
5,2,7,0.06525587975951877
4,3,7,NaN
6,1,7,0.43614794933242046
4,3,7,NaN
7,0,7,0.6990667746156102
6,1,7,0.5757595332036677
5,2,7,NaN
7,0,7,0.9079098270401949
5,2,7,0.6613966634587408
6,1,7,0.6990667746156102
4,3,7,NaN
5,2,7,0.43614794933242046
5,2,7,NaN
5,2,7,NaN
4,3,7,0.531729986764269
5,2,7,0.689153195072612
5,2,7,0.8185843942460208
5,2,7,NaN
2,5,7,0.04377684774420533
5,2,7,0.6613966634587408
6,1,7,0.6990667746156102
5,2,7,0.7332177371595686
4,3,7,NaN
5,2,7,0.7332177371595686
7,0,7,NaN
3,4,7,0.0569687888815355
5,2,7,NaN
5,2,7,NaN
5,2,7,0.531729986764269
3,4,7,NaN
5,2,7,0.7582271649271727
2,5,7,NaN
6,1,7,0.07633250114228259
3,4,7,NaN
6,1,7,0.6185582093370283
6,1,7,NaN
4,3,7,0.8655497151435178
3,4,7,NaN
5,2,7,0.20936945520216732
5,2,7,0.2736599385245901
4,3,7,0.940261808135638
6,1,7,0.11444777100434929
7,0,7,0.5419358181341635
3,4,7,NaN
3,4,7,NaN
6,1,7,NaN
4,3,7,0.20936945520216732
3,4,7,0.8677740438970107
6,1,7,NaN
7,0,7,NaN
3,4,7,0.27663252688085166
5,2,7,0.7641629005282548
7,0,7,NaN
7,0,7,0.8597792096635031
3,4,7,0.9079098270401949
3,4,7,0.07633250114228259
6,1,7,NaN
2,5,7,NaN
6,1,7,0.014183524266588894
3,4,7,0.43614794933242046
5,2,7,0.5757595332036677
5,2,7,NaN
6,1,7,0.001005151385799206
6,1,7,NaN
6,1,7,0.9079098270401949
6,1,7,NaN
6,1,7,0.31128496075105533
7,0,7,NaN
7,0,7,NaN
6,1,7,0.483768449142263
7,0,7,NaN
6,1,7,NaN
4,3,7,NaN
4,3,7,0.8395040133151549
5,2,7,NaN
5,2,7,NaN
6,1,7,0.9433412321949546
5,2,7,NaN
6,1,7,0.7332177371595686
4,3,7,0.2345552954257019
5,2,7,NaN
7,0,7,0.24265001291699886
7,0,7,0.5757595332036677
6,1,7,NaN
4,3,7,NaN
4,3,7,0.45574032487896876
4,3,7,0.6613966634587408
5,2,7,0.9326921332428637
5,2,7,0.6990667746156102
5,2,7,0.19789966761098143
5,2,7,0.7332177371595686
4,3,7,NaN
5,2,7,0.34926187684352356
5,2,7,NaN
4,3,7,NaN
6,1,7,0.7641629005282548
2,5,7,NaN
7,0,7,NaN
4,3,7,NaN
7,0,7,0.004939389942292157
3,4,7,0.390088581715401
3,4,7,0.9326921332428637
5,2,7,NaN
7,0,7,NaN
5,2,7,NaN
3,4,7,NaN
4,3,7,0.9433412321949546
4,3,7,0.2736599385245901
5,2,7,NaN
6,1,7,NaN
4,3,7,0.9079098270401949
2,5,7,NaN
7,0,7,0.9079098270401949
5,2,7,NaN
7,0,7,0.009859305526211826
6,1,7,0.7925166447343686
3,4,7,0.15921953565114888
1,6,7,0.5757595332036677
6,1,7,0.531729986764269
7,0,7,0.445961467099037
5,2,7,0.7641629005282548
4,3,7,NaN
6,1,7,0.8280095136300987
7,0,7,0.2736599385245901
3,4,7,0.6990667746156102
3,4,7,NaN
2,5,7,NaN
5,2,7,0.8395040133151549
6,1,7,NaN
4,3,7,0.18872670895274712
6,1,7,NaN
4,3,7,0.00740416886540008
6,1,7,0.6613966634587408
7,0,7,0.45574032487896876
6,1,7,0.483768449142263
6,1,7,NaN
5,2,7,0.7925166447343686
5,2,7,NaN
6,1,7,NaN
7,0,7,NaN
6,1,7,0.18342590517711166
6,1,7,NaN
4,3,7,0.009912176912471659
6,1,7,0.6990667746156102
2,5,7,0.9209789316492126
4,3,7,0.9079977884170259
6,1,7,0.43614794933242046
3,4,7,0.00829404517453861
4,3,7,NaN
6,1,7,0.7332177371595686
2,5,7,0.9458320847128125
5,2,7,NaN
6,1,7,NaN
5,2,7,NaN
5,2,7,0.8770122193000203
4,3,7,NaN
5,2,7,NaN
7,0,7,0.06271319601663092
5,2,7,NaN
1,6,7,0.3565763969162567
5,2,7,0.5177338861746507
6,1,7,0.1376319999999998
7,0,7,0.043199805379105054
6,1,7,0.4358186720991238
7,0,7,0.11835585687382275
5,2,7,NaN
6,1,7,NaN
5,2,7,0.8637529907312803
3,4,7,NaN
4,3,7,0.5757595332036677
5,2,7,0.483768449142263
4,3,7,NaN
3,4,7,NaN
4,3,7,0.08869205529953894
4,3,7,NaN
5,2,7,NaN
5,2,7,NaN
5,2,7,NaN
6,1,7,0.043199805379105054
5,2,7,0.9209789316492126
6,1,7,NaN
7,0,7,0.8185843942460208
4,3,7,0.974043517510106
6,1,7,0.6990667746156102
4,3,7,0.6185582093370283
5,2,7,0.07775488792945527
5,2,7,0.11835585687382275
3,4,7,NaN
3,4,7,NaN
6,1,7,0.7438960536572534
5,2,7,0.20936945520216732
5,2,7,0.012022118863049316
5,2,7,NaN
5,2,7,NaN
5,2,7,NaN
5,2,7,NaN
2,5,7,NaN
4,3,7,NaN
7,0,7,0.483768449142263
5,2,7,NaN
4,3,7,0.6990667746156102
7,0,7,NaN
6,1,7,NaN
6,1,7,NaN
5,2,7,0.019519080662983124
5,2,7,NaN
5,2,7,NaN
5,2,7,0.08869205529953894
6,1,7,0.8597792096635031
6,1,7,0.03230741676234196
1,6,7,NaN
5,2,7,0.019519080662983124
3,4,7,0.3565763969162567
4,3,7,NaN
4,3,7,0.9919214683718085
6,1,7,0.893076864532752
6,1,7,0.0037815506165579005
4,3,7,0.08869205529953894
5,2,7,NaN
4,3,7,NaN
6,1,7,NaN
4,3,7,NaN
4,3,7,0.5757595332036677
3,4,7,0.483768449142263
5,2,7,NaN
4,3,7,0.5757595332036677
6,1,7,0.00034375068247401814
3,4,7,NaN
6,1,7,0.20936945520216732
4,3,7,NaN
7,0,7,0.43614794933242046
7,0,7,0.2736599385245901
5,2,7,0.8395040133151549
3,4,7,0.15921953565114888
2,5,7,NaN
7,0,7,NaN
3,4,7,0.8395040133151549
7,0,7,NaN
2,5,7,NaN
4,3,7,NaN
4,3,7,0.531729986764269
4,3,7,NaN
7,0,7,0.11835585687382275
6,1,7,NaN
4,3,7,0.23998440172325927
3,4,7,0.8185843942460208
7,0,7,0.08869205529953894
4,3,7,0.6613966634587408
5,2,7,0.6613966634587408
5,2,7,0.5273413849040705
6,1,7,0.15921953565114888
5,2,7,0.6185582093370283
6,1,7,0.390088581715401
4,3,7,NaN
4,3,7,NaN
6,1,7,NaN
3,4,7,NaN
6,1,7,NaN
7,0,7,0.9940320922471844
5,2,7,NaN
4,3,7,0.11102458441639021
7,0,7,0.9756066415241959
5,2,7,0.6613966634587408
4,3,7,NaN
3,4,7,0.23998440172325927
6,1,7,0.7332177371595686
2,5,7,0.8395040133151549
5,2,7,0.9079098270401949
5,2,7,NaN
7,0,7,0.43614794933242046
4,3,7,0.6185582093370283
6,1,7,NaN
4,3,7,0.981503215209525
4,3,7,0.9209789316492126
5,2,7,NaN
5,2,7,NaN
4,3,7,NaN
6,1,7,0.6990667746156102
5,2,7,0.9326921332428637
4,3,7,0.8597792096635031
3,4,7,NaN
4,3,7,NaN
7,0,7,NaN
6,1,7,0.34926187684352356
6,1,7,0.8597792096635031
3,4,7,0.6053452527694343
7,0,7,0.5177338861746507
5,2,7,0.525137015569157
4,3,7,NaN
2,5,7,NaN
2,5,7,NaN
7,0,7,0.390088581715401
5,2,7,NaN
1,6,7,NaN
4,3,7,NaN
5,2,7,0.18383792736531743
5,2,7,NaN
4,3,7,NaN
6,1,7,0.531729986764269
5,2,7,0.8482846718860523
7,0,7,0.6185582093370283
5,2,7,NaN
7,0,7,0.7925166447343686
3,4,7,NaN
3,4,7,0.7641629005282548
4,3,7,0.31128496075105533
7,0,7,0.9390444814365354
5,2,7,0.531729986764269
3,4,7,0.7641629005282548
7,0,7,0.5757595332036677
7,0,7,0.38610205560655736
3,4,7,NaN
6,1,7,NaN
4,3,7,0.43614794933242046
7,0,7,0.815198130885064
7,0,7,NaN
6,1,7,NaN
4,3,7,NaN
5,2,7,0.8395040133151549
5,2,7,NaN
4,3,7,0.043199805379105054
4,3,7,0.6599249480126606
1,6,7,0.09465463737610944
6,1,7,0.1026612005498701
5,2,7,0.1614564683540449
5,2,7,0.6990667746156102
3,4,7,NaN
5,2,7,NaN
6,1,7,NaN
6,1,7,0.5757595332036677
7,0,7,0.1376319999999998
5,2,7,0.531729986764269
6,1,7,0.36953960747851994
5,2,7,0.28853801758847014
5,2,7,0.18342590517711166
6,1,7,0.893076864532752
2,5,7,0.33372149774144877
4,3,7,0.9534153129152887
2,5,7,NaN
1,6,7,NaN
6,1,7,NaN
2,5,7,NaN
4,3,7,0.6185582093370283
4,3,7,NaN
7,0,7,NaN
4,3,7,0.3924605656050917
3,4,7,NaN
7,0,7,0.9142357277367548
5,2,7,NaN
5,2,7,0.9686139634526727
6,1,7,0.483768449142263
5,2,7,0.26472368147317493
7,0,7,0.9433412321949546
2,5,7,0.6990667746156102
3,4,7,0.9614248710601718
6,1,7,0.7332177371595686
6,1,7,NaN
3,4,7,NaN
5,2,7,NaN
5,2,7,0.014302811501596825
3,4,7,0.018818495726163384
6,1,7,0.07633250114228259
5,2,7,0.06525587975951877
6,1,7,0.022788573734112794
5,2,7,NaN
5,2,7,0.980101638801523
5,2,7,NaN
6,1,7,0.38290848333896327
7,0,7,0.8702910533070742
6,1,7,0.6613966634587408
3,4,7,NaN
5,2,7,0.6617139809827773
7,0,7,0.0696710066674282
2,5,7,NaN
5,2,7,NaN
7,0,7,NaN
6,1,7,0.1376319999999998
2,5,7,0.07633250114228259
4,3,7,0.8185843942460208
5,2,7,NaN
7,0,7,NaN
4,3,7,0.9209789316492126
5,2,7,0.8395040133151549
6,1,7,0.9534153129152887
6,1,7,0.2579042808851361
5,2,7,0.15921953565114888
6,1,7,NaN
6,1,7,0.8395040133151549
5,2,7,0.7925166447343686
4,3,7,NaN
5,2,7,0.022788573734112794
6,1,7,0.23998440172325927
5,2,7,NaN
2,5,7,NaN
5,2,7,0.483768449142263
5,2,7,0.7641629005282548
3,4,7,1.5764298052952694e-5
6,1,7,0.06046395917926657
6,1,7,0.11835585687382275
5,2,7,NaN
3,4,7,0.11835585687382275
4,3,7,0.31128496075105533
4,3,7,NaN
6,1,7,0.9747128701728911
5,2,7,NaN
5,2,7,NaN
4,3,7,NaN
3,4,7,NaN
6,1,7,0.11835585687382275
1,6,7,0.7641629005282548
4,3,7,NaN
4,3,7,NaN
3,4,7,0.8395040133151549
3,4,7,NaN
2,5,7,0.9079098270401949
5,2,7,0.9631580217839892
5,2,7,NaN
4,3,7,NaN
6,1,7,0.1376319999999998
6,1,7,0.2736599385245901
5,2,7,0.43614794933242046
5,2,7,0.9209789316492126
6,1,7,NaN
3,4,7,NaN
4,3,7,0.11340747282508906
7,0,7,0.019519080662983124
4,3,7,0.9839226021215018
4,3,7,NaN
4,3,7,0.1920170209535403
6,1,7,0.11835585687382275
5,2,7,0.05617276001002554
4,3,7,NaN
6,1,7,0.03740646694185663
6,1,7,0.23998440172325927
3,4,7,0.016627813551177786
5,2,7,NaN
4,3,7,0.9433412321949546
6,1,7,NaN
5,2,7,NaN
6,1,7,NaN
3,4,7,NaN
5,2,7,0.05276725805970953
5,2,7,0.9326921332428637
5,2,7,0.15921953565114888
5,2,7,NaN
6,1,7,0.1172815188230682
4,3,7,NaN
6,1,7,0.8597792096635031
3,4,7,NaN
7,0,7,0.4976695872998731
4,3,7,0.03230741676234196
5,2,7,NaN
5,2,7,0.2736599385245901
3,4,7,0.10319781618274643
6,1,7,NaN
3,4,7,NaN
3,4,7,0.6990667746156102
5,2,7,NaN
4,3,7,NaN
6,1,7,0.2736599385245901
4,3,7,NaN
1,6,7,NaN
7,0,7,0.043199805379105054
5,2,7,0.9079098270401949
5,2,7,NaN
5,2,7,0.016627813551177786
5,2,7,NaN
4,3,7,NaN
5,2,7,NaN
2,5,7,NaN
2,5,7,NaN
7,0,7,0.15921953565114888
7,0,7,0.3627710739850452
5,2,7,0.15921953565114888
4,3,7,NaN
5,2,7,0.6613966634587408
6,1,7,NaN
4,3,7,NaN
4,3,7,0.1026612005498701
7,0,7,0.9747128701728911
5,2,7,NaN
5,2,7,0.0569687888815355
6,1,7,0.9433412321949546
6,1,7,0.974043517510106
5,2,7,NaN
5,2,7,NaN
7,0,7,7.063469773836752e-5
7,0,7,0.06525587975951877
4,3,7,NaN
6,1,7,NaN
4,3,7,0.6174623579464561
4,3,7,0.34926187684352356
5,2,7,NaN
4,3,7,0.8395040133151549
6,1,7,NaN
4,3,7,0.5757595332036677
7,0,7,0.2194756960972429
5,2,7,0.8702917352044598
4,3,7,NaN
5,2,7,0.1330738245062829
7,0,7,NaN
3,4,7,0.9565031814524996
5,2,7,0.6185582093370283
5,2,7,NaN
6,1,7,NaN
5,2,7,0.11835585687382275
4,3,7,0.18342590517711166
7,0,7,NaN
5,2,7,NaN
2,5,7,0.8185843942460208
2,5,7,NaN
5,2,7,0.36398166232279755
7,0,7,NaN
3,4,7,0.5757595332036677
6,1,7,NaN
2,5,7,NaN
6,1,7,NaN
5,2,7,NaN
7,0,7,0.2314125618088875
1,6,7,NaN
6,1,7,0.6185582093370283
7,0,7,0.31128496075105533
6,1,7,5.4791221531602e-5
5,2,7,0.5757595332036677
5,2,7,0.7332177371595686
4,3,7,NaN
4,3,7,0.4342179929040571
4,3,7,NaN
7,0,7,0.8566039861059451
6,1,7,NaN
3,4,7,NaN
5,2,7,NaN
4,3,7,NaN
2,5,7,0.390088581715401
4,3,7,NaN
3,4,7,NaN
5,2,7,0.6613966634587408
3,4,7,NaN
5,2,7,0.6711330259525523
6,1,7,NaN
4,3,7,NaN
5,2,7,0.531729986764269
3,4,7,0.19697225441495042
4,3,7,0.8395040133151549
6,1,7,0.9614248710601718
4,3,7,NaN
3,4,7,NaN
3,4,7,0.6842887696719488
7,0,7,NaN
6,1,7,0.7641629005282548
7,0,7,0.6990667746156102
5,2,7,0.20936945520216732
4,3,7,0.531729986764269
7,0,7,0.06493075032981241
5,2,7,NaN
5,2,7,0.8395040133151549
5,2,7,0.9449594017628097
6,1,7,0.012650479081917384
2,5,7,0.8395040133151549
4,3,7,NaN
5,2,7,0.09181368173304784
4,3,7,0.9747128701728911
5,2,7,0.7332177371595686
7,0,7,NaN
7,0,7,NaN
3,4,7,0.483768449142263
5,2,7,NaN
5,2,7,NaN
7,0,7,NaN
6,1,7,NaN
1,6,7,NaN
5,2,7,0.6990667746156102
6,1,7,NaN
3,4,7,0.3519369555495327
7,0,7,NaN
3,4,7,NaN
4,3,7,NaN
6,1,7,0.6613966634587408
5,2,7,0.33372149774144877
1,6,7,NaN
4,3,7,NaN
3,4,7,0.15921953565114888
7,0,7,0.6990667746156102
6,1,7,0.027150137488542374
4,3,7,0.7641629005282548
6,1,7,NaN
5,2,7,0.23998440172325927
3,4,7,0.006082193050191918
6,1,7,0.9209789316492126
5,2,7,0.6185582093370283
6,1,7,NaN
5,2,7,NaN
4,3,7,0.9503628211581494
5,2,7,NaN
3,4,7,NaN
5,2,7,0.06971343361055667
4,3,7,0.29765660056058585
5,2,7,0.1026612005498701
5,2,7,0.6613966634587408
5,2,7,0.04795008883573434
4,3,7,0.8770122193000203
7,0,7,NaN
4,3,7,0.7641629005282548
5,2,7,NaN
7,0,7,0.23998440172325927
3,4,7,NaN
6,1,7,NaN
6,1,7,NaN
3,4,7,0.030285215008660635
5,2,7,0.8185843942460208
6,1,7,NaN
5,2,7,0.8597792096635031
4,3,7,NaN
7,0,7,0.9433412321949546
6,1,7,0.45496490924879346
6,1,7,NaN
5,2,7,NaN
5,2,7,NaN
3,4,7,0.43614794933242046
2,5,7,0.04937587322664477
5,2,7,NaN
4,3,7,NaN
5,2,7,NaN
6,1,7,NaN
4,3,7,NaN
6,1,7,NaN
3,4,7,0.31385017035345075
6,1,7,0.4567030950633912
7,0,7,NaN
4,3,7,0.8185843942460208
4,3,7,NaN
6,1,7,0.5199164263948878
5,2,7,0.9209789316492126
6,1,7,NaN
3,4,7,0.531729986764269
3,4,7,0.45496490924879346
6,1,7,1.3118488767128455e-6
7,0,7,0.07633250114228259
5,2,7,NaN
4,3,7,0.18342590517711166
6,1,7,0.6185582093370283
5,2,7,0.6717835616602986
1,6,7,0.6613966634587408
5,2,7,0.010716434417860776
7,0,7,0.05687187893687605
6,1,7,0.5757595332036677
7,0,7,0.8185843942460208
5,2,7,NaN
1,6,7,NaN
6,1,7,0.9545872232786031
3,4,7,0.7925166447343686
2,5,7,0.7925166447343686
4,3,7,NaN
4,3,7,NaN
4,3,7,NaN
5,2,7,0.003788441268422185
4,3,7,NaN
5,2,7,NaN
2,5,7,NaN
5,2,7,NaN
5,2,7,NaN
6,1,7,0.483768449142263
6,1,7,0.007003252747251538
3,4,7,NaN
6,1,7,0.6613966634587408
6,1,7,NaN
4,3,7,0.04937587322664477
6,1,7,0.7332177371595686
5,2,7,NaN
6,1,7,0.893076864532752
5,2,7,0.04937587322664477
5,2,7,NaN
7,0,7,0.6990667746156102
5,2,7,0.7332177371595686
5,2,7,0.8185843942460208
6,1,7,0.483768449142263
7,0,7,NaN
6,1,7,0.3565763969162567
6,1,7,NaN
3,4,7,NaN
2,5,7,0.022788573734112794
3,4,7,0.15921953565114888
5,2,7,0.483768449142263
5,2,7,NaN
4,3,7,0.3310658935063618
2,5,7,NaN
7,0,7,NaN
5,2,7,0.09706492547681606
6,1,7,0.6990667746156102
5,2,7,0.390088581715401
5,2,7,0.18342590517711166
1,6,7,NaN
6,1,7,0.6613966634587408
6,1,7,0.20936945520216732
7,0,7,NaN
5,2,7,0.9326921332428637
7,0,7,0.5757595332036677
5,2,7,0.6613966634587408
5,2,7,NaN
6,1,7,NaN
4,3,7,0.6185582093370283
6,1,7,NaN
7,0,7,0.7332177371595686
4,3,7,NaN
4,3,7,NaN
4,3,7,0.2345552954257019
3,4,7,0.23998440172325927
3,4,7,NaN
1,6,7,0.31128496075105533
5,2,7,0.8395040133151549
6,1,7,0.8185843942460208
4,3,7,0.31128496075105533
2,5,7,NaN
4,3,7,0.6266714901779733
4,3,7,NaN
6,1,7,0.9614248710601718
6,1,7,0.8597792096635031
5,2,7,NaN
7,0,7,0.390088581715401
6,1,7,NaN
4,3,7,0.004939389942292157
4,3,7,0.8770122193000203
6,1,7,NaN
5,2,7,NaN
4,3,7,NaN
4,3,7,NaN
3,4,7,NaN
7,0,7,0.5757595332036677
2,5,7,NaN
3,4,7,0.7641629005282548
6,1,7,NaN
7,0,7,0.7948773508512438
3,4,7,0.022788573734112794
4,3,7,0.1376319999999998
2,5,7,NaN
5,2,7,0.8185843942460208
4,3,7,NaN
5,2,7,0.8597792096635031
5,2,7,0.390088581715401
4,3,7,NaN
5,2,7,0.07410881182970454
4,3,7,0.6185582093370283
3,4,7,NaN
6,1,7,0.15921953565114888
4,3,7,NaN
5,2,7,0.022788573734112794
2,5,7,NaN
3,4,7,0.3668806973533527
4,3,7,NaN
6,1,7,0.6185582093370283
4,3,7,0.43614794933242046
4,3,7,0.0569687888815355
6,1,7,NaN
4,3,7,0.027150137488542374
5,2,7,0.022788573734112794
3,4,7,0.6990667746156102
1,6,7,NaN
4,3,7,0.6990667746156102
6,1,7,NaN
5,2,7,0.9614248710601718
5,2,7,0.34926187684352356
5,2,7,NaN
3,4,7,0.8770122193000203
5,2,7,NaN
5,2,7,0.34926187684352356
4,3,7,NaN
4,3,7,0.6613966634587408
7,0,7,0.004939389942292157
3,4,7,0.6185582093370283
6,1,7,0.531729986764269
7,0,7,0.008723989098532569
2,5,7,0.007003252747251538
1,6,7,0.6185582093370283
5,2,7,0.014302811501596825
4,3,7,NaN
6,1,7,NaN
7,0,7,0.03782247324613561
3,4,7,NaN
6,1,7,0.9614248710601718
1,6,7,0.9848027522935779
6,1,7,NaN
5,2,7,NaN
4,3,7,0.43614794933242046
1,6,7,NaN
4,3,7,0.05617276001002554
6,1,7,NaN
3,4,7,0.5757595332036677
5,2,7,0.8597792096635031
2,5,7,0.6146097079403023
3,4,7,0.9433412321949546
2,5,7,0.9079098270401949
6,1,7,0.8395040133151549
5,2,7,0.5459424067501532
5,2,7,0.2736599385245901
6,1,7,0.8185843942460208
5,2,7,0.7641629005282548
4,3,7,NaN
3,4,7,0.7641629005282548
5,2,7,0.6613966634587408
3,4,7,NaN
2,5,7,0.7925166447343686
4,3,7,NaN
1,6,7,0.390088581715401
5,2,7,NaN
5,2,7,0.34926187684352356
5,2,7,NaN
7,0,7,NaN
6,1,7,0.13862449232099347
3,4,7,NaN
4,3,7,0.21426100595796116
4,3,7,NaN
5,2,7,0.6185582093370283
6,1,7,0.31128496075105533
3,4,7,NaN
6,1,7,0.4990660252443078
2,5,7,0.9079098270401949
3,4,7,NaN
3,4,7,0.2598826615140434
5,2,7,0.12783699239947696
7,0,7,NaN
6,1,7,0.2736599385245901
6,1,7,NaN
4,3,7,0.255110557217973
4,3,7,0.7332177371595686
3,4,7,NaN
5,2,7,0.6185582093370283
4,3,7,0.11835585687382275
4,3,7,0.08869205529953894
5,2,7,NaN
3,4,7,0.9433412321949546
4,3,7,NaN
5,2,7,0.1732884368662192
4,3,7,NaN
5,2,7,0.07633250114228259
4,3,7,NaN
4,3,7,0.018607618931902256
5,2,7,0.43614794933242046
5,2,7,NaN
4,3,7,0.060715681811239354
6,1,7,NaN
1,6,7,NaN
5,2,7,NaN
4,3,7,NaN
7,0,7,NaN
1,6,7,NaN
4,3,7,NaN
4,3,7,0.980101638801523
6,1,7,0.6613966634587408
5,2,7,0.4435046481921888
7,0,7,NaN
6,1,7,0.5757595332036677
5,2,7,NaN
4,3,7,0.31128496075105533
3,4,7,0.2736599385245901
5,2,7,NaN
6,1,7,0.18342590517711166
7,0,7,0.08869205529953894
6,1,7,0.9940320922471844
5,2,7,NaN
3,4,7,0.17834859078122375
5,2,7,0.03176421408780421
5,2,7,0.11660212884776057
6,1,7,NaN
5,2,7,NaN
5,2,7,NaN
4,3,7,0.04937587322664477
3,4,7,NaN
6,1,7,0.18342590517711166
2,5,7,NaN
7,0,7,NaN
4,3,7,0.043199805379105054
4,3,7,NaN
5,2,7,0.07633250114228259
2,5,7,0.9079098270401949
5,2,7,NaN
7,0,7,NaN
4,3,7,0.1172815188230682
7,0,7,NaN
4,3,7,NaN
4,3,7,NaN
6,1,7,NaN
3,4,7,0.016627813551177786
5,2,7,NaN
3,4,7,NaN
3,4,7,0.7925166447343686
5,2,7,NaN
4,3,7,NaN
3,4,7,NaN
4,3,7,0.893076864532752
4,3,7,0.7467471684436118
6,1,7,0.390088581715401
4,3,7,0.3997064996469294
4,3,7,NaN
6,1,7,0.34926187684352356
2,5,7,NaN
6,1,7,NaN
3,4,7,0.531729986764269
5,2,7,NaN
3,4,7,NaN
5,2,7,0.531729986764269
3,4,7,NaN
4,3,7,NaN
4,3,7,NaN
4,3,7,0.531729986764269
3,4,7,NaN
3,4,7,NaN
4,3,7,0.483768449142263
4,3,7,NaN
3,4,7,NaN
5,2,7,0.6990667746156102
3,4,7,NaN
4,3,7,0.43359950093236205
1,6,7,NaN
3,4,7,0.8707223451381064
5,2,7,NaN
5,2,7,NaN
3,4,7,0.001450341113107375
4,3,7,NaN
4,3,7,NaN
5,2,7,0.7641629005282548
5,2,7,0.8234460514241537
5,2,7,0.13264115315470562
5,2,7,NaN
6,1,7,0.41653532744209526
3,4,7,NaN
3,4,7,NaN
5,2,7,NaN
3,4,7,0.009912176912471659
5,2,7,0.5757595332036677
3,4,7,0.9534153129152887
5,2,7,0.390088581715401
2,5,7,NaN
4,3,7,0.03230741676234196
5,2,7,0.024664287013170735
7,0,7,0.7844893619835311
4,3,7,NaN
3,4,7,0.07633250114228259
6,1,7,0.7925166447343686
7,0,7,NaN
1,6,7,NaN
3,4,7,0.09364842567438648
3,4,7,NaN
5,2,7,0.5757595332036677
5,2,7,0.043199805379105054
6,1,7,0.2736599385245901
6,1,7,NaN
2,5,7,NaN
6,1,7,0.018818495726163384
5,2,7,NaN
6,1,7,0.0569687888815355
6,1,7,NaN
2,5,7,0.0002147239693888365
4,3,7,NaN
4,3,7,NaN
3,4,7,0.06925641198290328
5,2,7,0.9326921332428637
6,1,7,0.08722826753884122
3,4,7,0.2440624611789815
3,4,7,NaN
2,5,7,NaN
5,2,7,NaN
3,4,7,NaN
4,3,7,0.08869205529953894
5,2,7,0.08869205529953894
2,5,7,NaN
5,2,7,NaN
3,4,7,0.531729986764269
6,1,7,NaN
6,1,7,0.7925166447343686
2,5,7,NaN
6,1,7,0.005218373985522614
5,2,7,0.9401662821081695
3,4,7,NaN
7,0,7,NaN
5,2,7,0.6613966634587408
5,2,7,0.267305057524041
4,3,7,0.4567030950633912
3,4,7,0.9433412321949546
6,1,7,NaN
3,4,7,NaN
3,4,7,0.7332177371595686
6,1,7,0.8863945966123163
4,3,7,0.00020935513606134412
4,3,7,0.8770122193000203
4,3,7,0.34926187684352356
5,2,7,NaN
6,1,7,0.5757595332036677
5,2,7,NaN
5,2,7,2.2440533246470016e-5
5,2,7,0.45574032487896876
3,4,7,0.390088581715401
2,5,7,NaN
6,1,7,0.531729986764269
6,1,7,0.8295235586814251
5,2,7,0.531729986764269
7,0,7,NaN
2,5,7,0.31128496075105533
6,1,7,0.2755623491356235
4,3,7,NaN
7,0,7,NaN
4,3,7,NaN
1,6,7,NaN
2,5,7,NaN
1,6,7,0.7641629005282548
4,3,7,0.6990667746156102
3,4,7,0.0003297306122421771
7,0,7,0.7332177371595686
7,0,7,0.43614794933242046
5,2,7,NaN
4,3,7,0.31128496075105533
3,4,7,NaN
4,3,7,0.9287312759388193
4,3,7,0.15921953565114888
3,4,7,NaN
4,3,7,NaN
2,5,7,NaN
5,2,7,NaN
6,1,7,0.6990667746156102
3,4,7,0.9326921332428637
4,3,7,NaN
6,1,7,NaN
6,1,7,NaN
4,3,7,0.31128496075105533
4,3,7,0.8597792096635031
3,4,7,0.8185843942460208
5,2,7,0.45574032487896876
6,1,7,NaN
7,0,7,NaN
4,3,7,NaN
4,3,7,0.893076864532752
3,4,7,NaN
5,2,7,NaN
4,3,7,0.43614794933242046
2,5,7,NaN
7,0,7,NaN
5,2,7,NaN
3,4,7,0.2736599385245901
4,3,7,0.20936945520216732
6,1,7,NaN
3,4,7,NaN
6,1,7,NaN
5,2,7,0.524537508352944
5,2,7,0.34926187684352356
3,4,7,0.9848027522935779
3,4,7,NaN
2,5,7,NaN
4,3,7,NaN
3,4,7,0.483768449142263
5,2,7,0.2736599385245901
3,4,7,NaN
7,0,7,0.5757595332036677
7,0,7,0.980101638801523
4,3,7,NaN
1,6,7,NaN
5,2,7,NaN
3,4,7,0.15921953565114888
4,3,7,0.6990667746156102
4,3,7,NaN
3,4,7,0.43614794933242046
2,5,7,NaN
4,3,7,0.8597792096635031
4,3,7,0.182466204406984
4,3,7,0.31128496075105533
6,1,7,0.483768449142263
1,6,7,0.7332177371595686
4,3,7,0.06525587975951877
4,3,7,NaN
1,6,7,0.7463553004550284
6,1,7,0.0569687888815355
4,3,7,NaN
2,5,7,NaN
3,4,7,0.8395040133151549
5,2,7,0.06525587975951877
3,4,7,NaN
5,2,7,0.18342590517711166
4,3,7,0.009561352580441553
4,3,7,NaN
6,1,7,0.06525587975951877
5,2,7,NaN
5,2,7,NaN
7,0,7,0.31128496075105533
3,4,7,NaN
6,1,7,0.9209789316492126
4,3,7,0.13477925671868213
7,0,7,NaN
5,2,7,0.0027082016977846776
4,3,7,NaN
4,3,7,NaN
4,3,7,NaN
2,5,7,NaN
2,5,7,0.43614794933242046
4,3,7,0.11835585687382275
3,4,7,NaN
3,4,7,0.531729986764269
4,3,7,0.8395040133151549
6,1,7,NaN
5,2,7,NaN
2,5,7,0.9534153129152887
4,3,7,0.8770122193000203
3,4,7,NaN
4,3,7,NaN
2,5,7,0.6273932620023779
4,3,7,NaN
7,0,7,0.6613966634587408
5,2,7,0.18342590517711166
3,4,7,NaN
6,1,7,NaN
4,3,7,NaN
2,5,7,0.013166763233363514
2,5,7,NaN
4,3,7,0.1376319999999998
5,2,7,0.34926187684352356
5,2,7,NaN
6,1,7,NaN
7,0,7,0.08869205529953894
7,0,7,NaN
5,2,7,0.893076864532752
5,2,7,0.08869205529953894
1,6,7,0.7001014360319854
6,1,7,NaN
4,3,7,NaN
6,1,7,3.622221928584625e-5
3,4,7,NaN
5,2,7,0.009912176912471659
6,1,7,0.8770122193000203
5,2,7,0.893076864532752
6,1,7,NaN
5,2,7,NaN
4,3,7,0.6990667746156102
5,2,7,NaN
6,1,7,NaN
3,4,7,NaN
1,6,7,0.6613966634587408
4,3,7,NaN
4,3,7,0.6185582093370283
2,5,7,NaN
4,3,7,0.043199805379105054
3,4,7,NaN
5,2,7,0.9326921332428637
4,3,7,0.8597792096635031
6,1,7,0.5757595332036677
5,2,7,NaN
5,2,7,0.9079098270401949
3,4,7,NaN
5,2,7,NaN
2,5,7,0.8597792096635031
4,3,7,0.390088581715401
3,4,7,0.7925166447343686
3,4,7,0.022788573734112794
3,4,7,NaN
4,3,7,0.36510172313678435
4,3,7,NaN
5,2,7,0.531729986764269
6,1,7,0.11835585687382275
5,2,7,NaN
3,4,7,0.15921953565114888
3,4,7,NaN
2,5,7,0.04937587322664477
3,4,7,NaN
4,3,7,0.01277663622439895
5,2,7,NaN
2,5,7,0.43614794933242046
4,3,7,0.3509179453391678
5,2,7,NaN
6,1,7,NaN
1,6,7,NaN
3,4,7,NaN
7,0,7,0.483768449142263
1,6,7,NaN
1,6,7,0.9534153129152887
3,4,7,0.8597792096635031
4,3,7,2.020200866079424e-7
6,1,7,0.6185582093370283
2,5,7,NaN
3,4,7,0.483768449142263
2,5,7,NaN
3,4,7,0.08869205529953894
1,6,7,NaN
4,3,7,0.11835585687382275
3,4,7,NaN
6,1,7,0.7332177371595686
4,3,7,0.893076864532752
3,4,7,NaN
6,1,7,NaN
4,3,7,NaN
3,4,7,NaN
5,2,7,0.5263570405063814
4,3,7,0.7332177371595686
6,1,7,NaN
1,6,7,0.9818245182822753
4,3,7,NaN
2,5,7,0.7332177371595686
4,3,7,0.8185843942460208
4,3,7,0.6185582093370283
5,2,7,0.2736599385245901
2,5,7,NaN
5,2,7,NaN
3,4,7,NaN
5,2,7,NaN
3,4,7,NaN
3,4,7,NaN
6,1,7,0.8185843942460208
2,5,7,NaN
3,4,7,0.34926187684352356
3,4,7,NaN
2,5,7,NaN
5,2,7,NaN
2,5,7,NaN
4,3,7,0.6185582093370283
3,4,7,NaN
5,2,7,NaN
4,3,7,0.2736599385245901
2,5,7,NaN
3,4,7,0.7332177371595686
3,4,7,0.390088581715401
3,4,7,NaN
5,2,7,0.531729986764269
2,5,7,0.43577762349235377
3,4,7,NaN
5,2,7,0.06525587975951877
4,3,7,NaN
4,3,7,NaN
5,2,7,NaN
3,4,7,NaN
6,1,7,0.531729986764269
1,6,7,0.9614248710601718
4,3,7,NaN
2,5,7,0.483768449142263
3,4,7,0.23998440172325927
2,5,7,0.9599708226165323
3,4,7,0.483768449142263
2,5,7,NaN
3,4,7,0.8185843942460208
1,6,7,NaN
4,3,7,NaN
4,3,7,0.0569687888815355
3,4,7,NaN
5,2,7,0.5757595332036677
2,5,7,0.09367871423415557
4,3,7,0.893076864532752
2,5,7,0.8395040133151549
4,3,7,0.6990667746156102
5,2,7,0.03782247324613561
2,5,7,0.014302811501596825
4,3,7,0.0002344395865885038
2,5,7,NaN
5,2,7,NaN
4,3,7,0.483768449142263
2,5,7,0.7925166447343686
1,6,7,NaN
5,2,7,NaN
1,6,7,NaN
1,6,7,NaN
3,4,7,0.45574032487896876
2,5,7,NaN
6,1,7,NaN
2,5,7,0.1026612005498701
4,3,7,0.531729986764269
4,3,7,NaN
4,3,7,0.6185582093370283
5,2,7,0.7925166447343686
2,5,7,0.9599472070948971
2,5,7,NaN
6,1,7,0.043199805379105054
2,5,7,NaN
5,2,7,0.390088581715401
6,1,7,0.8395040133151549
2,5,7,NaN
4,3,7,0.9209789316492126
3,4,7,0.758303110825557
5,2,7,NaN
5,2,7,NaN
3,4,7,NaN
4,3,7,0.5187081425895593
2,5,7,NaN
1,6,7,NaN
3,4,7,NaN
1,6,7,NaN
4,3,7,NaN
4,3,7,0.07633250114228259
2,5,7,NaN
1,6,7,NaN
3,4,7,0.6185582093370283
3,4,7,NaN
3,4,7,0.012022118863049316
3,4,7,0.2736599385245901
1,6,7,0.8597792096635031
3,4,7,NaN
3,4,7,0.08448958653174839
2,5,7,0.8395040133151549
5,2,7,NaN
4,3,7,NaN
4,3,7,NaN
3,4,7,NaN
3,4,7,0.8185843942460208
1,6,7,NaN
2,5,7,NaN
4,3,7,NaN
1,6,7,0.1376319999999998
2,5,7,NaN
3,4,7,NaN
2,5,7,NaN
2,5,7,0.16981464615858927
2,5,7,0.2837388810816097
2,5,7,NaN
5,2,7,0.04937587322664477
6,1,7,0.6185582093370283
3,4,7,0.23998440172325927
2,5,7,0.43614794933242046
2,5,7,0.7641629005282548
1,6,7,NaN
2,5,7,0.0569687888815355
4,3,7,0.5757595332036677
1,6,7,0.390088581715401
2,5,7,0.6570853097481938
1,6,7,0.5757595332036677
2,5,7,NaN
1,6,7,NaN
4,3,7,NaN
1,6,7,NaN
3,4,7,0.9326921332428637
1,6,7,NaN
1,6,7,0.6741830672601722
1,6,7,NaN
1,6,7,0.3565763969162567
3,4,7,0.5757595332036677
4,3,7,0.6990667746156102
1,6,7,NaN
1,6,7,0.9209789316492126
1,6,7,NaN
2,5,7,NaN
2,5,7,NaN
1,6,7,0.0003297306122421771
1,6,7,NaN
1,6,7,NaN
1,6,7,NaN
2,5,7,0.010352978061320914
1,6,7,0.027150137488542374
2,5,7,0.483768449142263
1,6,7,NaN
1,6,7,0.1376319999999998
0,7,7,NaN
0,7,7,NaN
0,7,7,NaN
0,7,7,NaN
0,7,7,NaN
0,7,7,NaN
0,7,7,0.6185582093370283
0,7,7,NaN
0,7,7,NaN
0,7,7,NaN
5,1,6,0.06525587975951877
5,1,6,NaN
2,4,6,0.20936945520216732
3,3,6,NaN
5,1,6,0.8597792096635031
3,3,6,NaN
2,4,6,0.6990667746156102
5,1,6,0.6185582093370283
5,1,6,NaN
4,2,6,0.9534153129152887
4,2,6,0.11835585687382275
4,2,6,0.7925166447343686
6,0,6,NaN
5,1,6,0.6613966634587408
4,2,6,0.6185582093370283
4,2,6,NaN
5,1,6,NaN
3,3,6,NaN
6,0,6,NaN
6,0,6,0.29078996240530314
3,3,6,NaN
6,0,6,NaN
4,2,6,NaN
5,1,6,0.5702136798637168
4,2,6,0.338952151493818
5,1,6,0.43270115206363585
2,4,6,0.03230741676234196
4,2,6,NaN
3,3,6,0.18342590517711166
5,1,6,0.23998440172325927
6,0,6,0.9079098270401949
3,3,6,NaN
5,1,6,0.006082193050191918
2,4,6,NaN
3,3,6,NaN
5,1,6,0.6613966634587408
6,0,6,NaN
5,1,6,NaN
6,0,6,0.531729986764269
3,3,6,0.02323836231781709
5,1,6,0.531729986764269
6,0,6,0.9614248710601718
5,1,6,0.20936945520216732
5,1,6,0.6990667746156102
6,0,6,0.2736599385245901
5,1,6,0.390088581715401
4,2,6,0.6185582093370283
5,1,6,0.7641629005282548
5,1,6,0.23998440172325927
6,0,6,NaN
5,1,6,NaN
6,0,6,NaN
6,0,6,0.43614794933242046
5,1,6,NaN
4,2,6,0.7332177371595686
5,1,6,NaN
4,2,6,0.6185582093370283
5,1,6,NaN
4,2,6,0.34926187684352356
6,0,6,0.00043123312665354946
2,4,6,0.483768449142263
3,3,6,NaN
3,3,6,NaN
4,2,6,0.5757595332036677
5,1,6,NaN
4,2,6,0.019519080662983124
5,1,6,NaN
6,0,6,NaN
5,1,6,0.5757595332036677
6,0,6,0.7660670077873443
5,1,6,0.6185582093370283
5,1,6,NaN
4,2,6,0.43614794933242046
6,0,6,NaN
4,2,6,0.044811548816494136
6,0,6,NaN
6,0,6,NaN
5,1,6,0.043199805379105054
5,1,6,0.6613966634587408
5,1,6,NaN
6,0,6,0.6613966634587408
5,1,6,0.23998440172325927
3,3,6,0.08869205529953894
4,2,6,NaN
2,4,6,0.7052522640337858
5,1,6,NaN
6,0,6,0.6613966634587408
6,0,6,NaN
3,3,6,0.06130287840977114
6,0,6,NaN
4,2,6,NaN
4,2,6,0.04937587322664477
4,2,6,0.11219841607100062
6,0,6,NaN
6,0,6,0.7641629005282548
3,3,6,NaN
5,1,6,NaN
6,0,6,0.6990667746156102
4,2,6,NaN
6,0,6,NaN
2,4,6,0.43614794933242046
3,3,6,0.4427941081438454
5,1,6,0.054326428571478284
3,3,6,0.6385950555201507
5,1,6,NaN
4,2,6,NaN
5,1,6,NaN
5,1,6,0.06525587975951877
5,1,6,0.6613966634587408
4,2,6,NaN
4,2,6,0.43614794933242046
5,1,6,0.8395040133151549
4,2,6,0.18342590517711166
3,3,6,NaN
5,1,6,0.9615235029158212
5,1,6,NaN
5,1,6,NaN
4,2,6,0.6990667746156102
6,0,6,NaN
4,2,6,0.18383792736531743
5,1,6,NaN
4,2,6,0.08869205529953894
6,0,6,0.8597792096635031
5,1,6,NaN
5,1,6,NaN
5,1,6,0.014302811501596825
5,1,6,0.07360592819846105
4,2,6,NaN
6,0,6,NaN
5,1,6,0.03230741676234196
3,3,6,NaN
3,3,6,NaN
4,2,6,NaN
4,2,6,NaN
4,2,6,NaN
5,1,6,0.390088581715401
3,3,6,0.8770122193000203
5,1,6,0.4802289030133916
5,1,6,0.1026612005498701
5,1,6,0.1376319999999998
6,0,6,0.6613966634587408
4,2,6,NaN
3,3,6,0.08869205529953894
4,2,6,0.934060394764938
5,1,6,0.08869205529953894
5,1,6,NaN
5,1,6,NaN
4,2,6,NaN
4,2,6,0.03782247324613561
3,3,6,NaN
6,0,6,0.8770122193000203
4,2,6,0.8395040133151549
3,3,6,0.23998440172325927
5,1,6,0.552401248937484
5,1,6,NaN
3,3,6,NaN
4,2,6,0.20936945520216732
3,3,6,NaN
3,3,6,0.483768449142263
5,1,6,NaN
6,0,6,0.7332177371595686
3,3,6,NaN
6,0,6,NaN
6,0,6,NaN
5,1,6,0.43614794933242046
6,0,6,NaN
6,0,6,NaN
5,1,6,0.3570034058931054
3,3,6,NaN
6,0,6,0.9326921332428637
5,1,6,0.9433412321949546
3,3,6,0.9433412321949546
6,0,6,0.43614794933242046
6,0,6,0.8731108380680199
6,0,6,0.7308681864343896
3,3,6,NaN
6,0,6,0.08869205529953894
5,1,6,0.07633250114228259
3,3,6,NaN
4,2,6,0.34926187684352356
4,2,6,0.20936945520216732
6,0,6,NaN
3,3,6,NaN
4,2,6,0.7925166447343686
6,0,6,0.9403370691542645
4,2,6,0.30766134932571504
6,0,6,NaN
6,0,6,0.08869205529953894
3,3,6,0.8346443454480317
5,1,6,0.6613966634587408
5,1,6,NaN
2,4,6,0.43614794933242046
4,2,6,0.3007060894629896
4,2,6,0.927763807894733
6,0,6,0.0569687888815355
5,1,6,0.893076864532752
3,3,6,NaN
2,4,6,NaN
4,2,6,NaN
4,2,6,0.1026612005498701
4,2,6,0.5757595332036677
5,1,6,0.5807958875536995
6,0,6,0.1911107368115989
4,2,6,NaN
5,1,6,0.20936945520216732
5,1,6,NaN
4,2,6,0.6236907198938854
4,2,6,0.34926187684352356
6,0,6,0.9747128701728911
3,3,6,0.03782247324613561
4,2,6,0.9614248710601718
4,2,6,0.11835585687382275
2,4,6,NaN
5,1,6,0.2736599385245901
4,2,6,0.5757595332036677
5,1,6,NaN
5,1,6,0.06525587975951877
4,2,6,0.004939389942292157
4,2,6,0.05731560201931792
5,1,6,0.3160663003859635
3,3,6,NaN
4,2,6,0.2736599385245901
4,2,6,NaN
6,0,6,0.893076864532752
4,2,6,NaN
4,2,6,0.7641629005282548
5,1,6,NaN
3,3,6,0.9919214683718085
6,0,6,NaN
4,2,6,0.6185582093370283
5,1,6,NaN
6,0,6,0.9534153129152887
6,0,6,0.06525587975951877
3,3,6,0.8394673742185842
6,0,6,NaN
6,0,6,0.34926187684352356
5,1,6,0.0569687888815355
4,2,6,0.531729986764269
6,0,6,0.5757595332036677
6,0,6,NaN
4,2,6,0.1026612005498701
4,2,6,NaN
5,1,6,0.09233697382717015
5,1,6,NaN
3,3,6,NaN
5,1,6,NaN
6,0,6,NaN
4,2,6,0.34926187684352356
4,2,6,NaN
3,3,6,0.34926187684352356
4,2,6,0.7332177371595686
3,3,6,0.07633250114228259
6,0,6,NaN
6,0,6,0.15921953565114888
5,1,6,0.1376319999999998
5,1,6,0.2194756960972429
4,2,6,0.027150137488542374
6,0,6,NaN
4,2,6,0.43614794933242046
6,0,6,NaN
4,2,6,0.2736599385245901
5,1,6,NaN
4,2,6,0.15921953565114888
2,4,6,NaN
5,1,6,NaN
6,0,6,NaN
5,1,6,NaN
3,3,6,0.6185582093370283
5,1,6,NaN
5,1,6,0.7925166447343686
2,4,6,0.31128496075105533
6,0,6,NaN
6,0,6,NaN
6,0,6,NaN
5,1,6,0.43614794933242046
4,2,6,NaN
4,2,6,0.6613966634587408
5,1,6,0.043199805379105054
4,2,6,0.31128496075105533
4,2,6,NaN
3,3,6,NaN
6,0,6,NaN
6,0,6,NaN
3,3,6,0.6990667746156102
5,1,6,NaN
3,3,6,NaN
6,0,6,0.04937587322664477
5,1,6,NaN
5,1,6,NaN
4,2,6,NaN
4,2,6,NaN
3,3,6,NaN
5,1,6,NaN
6,0,6,NaN
2,4,6,0.7641629005282548
4,2,6,0.1376319999999998
6,0,6,NaN
5,1,6,0.6613966634587408
6,0,6,0.8730207778042132
3,3,6,0.1169917699669672
4,2,6,0.8185843942460208
3,3,6,NaN
5,1,6,0.7925166447343686
4,2,6,0.7397426882797463
5,1,6,0.6613966634587408
5,1,6,0.36675537795816276
4,2,6,0.9079098270401949
4,2,6,0.31128496075105533
5,1,6,0.31385017035345075
6,0,6,0.8597792096635031
5,1,6,0.893076864532752
5,1,6,0.43359950093236205
5,1,6,NaN
4,2,6,NaN
5,1,6,2.4363828176323974e-5
6,0,6,NaN
4,2,6,NaN
4,2,6,0.9326921332428637
6,0,6,0.9209789316492126
5,1,6,NaN
2,4,6,NaN
6,0,6,0.5757595332036677
6,0,6,0.893076864532752
3,3,6,NaN
5,1,6,NaN
6,0,6,0.7641629005282548
5,1,6,NaN
4,2,6,0.8395040133151549
4,2,6,NaN
6,0,6,0.06525587975951877
4,2,6,NaN
6,0,6,NaN
4,2,6,NaN
3,3,6,0.9747128701728911
6,0,6,NaN
6,0,6,0.7641629005282548
4,2,6,0.5667605149218644
4,2,6,NaN
3,3,6,0.9686139634526727
5,1,6,NaN
4,2,6,0.1026612005498701
3,3,6,0.0011870025188928748
4,2,6,0.2736599385245901
5,1,6,0.483768449142263
5,1,6,NaN
5,1,6,0.7332177371595686
6,0,6,0.9209789316492126
5,1,6,0.6185582093370283
6,0,6,0.8597792096635031
6,0,6,0.531729986764269
4,2,6,NaN
5,1,6,NaN
6,0,6,0.7332177371595686
5,1,6,NaN
6,0,6,NaN
5,1,6,NaN
5,1,6,NaN
5,1,6,0.34926187684352356
6,0,6,NaN
5,1,6,NaN
4,2,6,NaN
5,1,6,NaN
4,2,6,0.8395040133151549
4,2,6,NaN
6,0,6,NaN
5,1,6,NaN
5,1,6,NaN
4,2,6,0.22726472108630166
4,2,6,0.5757595332036677
5,1,6,0.31385017035345075
3,3,6,0.2827719797019191
4,2,6,0.390088581715401
3,3,6,0.34926187684352356
6,0,6,NaN
5,1,6,NaN
4,2,6,NaN
5,1,6,0.531729986764269
3,3,6,NaN
2,4,6,0.2736599385245901
5,1,6,NaN
3,3,6,0.43614794933242046
2,4,6,0.02670332773150171
6,0,6,NaN
3,3,6,NaN
4,2,6,0.7641629005282548
4,2,6,0.615824501702597
6,0,6,NaN
5,1,6,0.18342590517711166
4,2,6,0.20936945520216732
5,1,6,0.893076864532752
4,2,6,NaN
6,0,6,NaN
4,2,6,0.9614248710601718
3,3,6,0.022788573734112794
6,0,6,NaN
3,3,6,NaN
5,1,6,NaN
5,1,6,NaN
6,0,6,NaN
5,1,6,NaN
4,2,6,0.45574032487896876
5,1,6,0.04937587322664477
5,1,6,0.015198849338844918
5,1,6,0.893076864532752
5,1,6,0.893076864532752
3,3,6,0.980101638801523
4,2,6,NaN
6,0,6,NaN
5,1,6,NaN
6,0,6,NaN
4,2,6,0.7925166447343686
5,1,6,NaN
5,1,6,0.8395040133151549
6,0,6,0.43614794933242046
5,1,6,0.7641629005282548
4,2,6,NaN
3,3,6,0.9888383068434982
3,3,6,NaN
6,0,6,NaN
4,2,6,0.03951330547774554
5,1,6,NaN
6,0,6,NaN
6,0,6,NaN
4,2,6,0.7641629005282548
5,1,6,0.06525587975951877
4,2,6,NaN
3,3,6,NaN
6,0,6,0.8510238584787222
3,3,6,0.1376319999999998
6,0,6,0.5757595332036677
6,0,6,0.8770122193000203
5,1,6,NaN
6,0,6,0.7925166447343686
6,0,6,0.483768449142263
5,1,6,0.012022118863049316
6,0,6,0.6613966634587408
4,2,6,NaN
3,3,6,NaN
6,0,6,0.8811097849278567
2,4,6,0.531729986764269
2,4,6,NaN
6,0,6,0.0569687888815355
6,0,6,NaN
5,1,6,NaN
4,2,6,NaN
4,2,6,NaN
5,1,6,NaN
4,2,6,NaN
4,2,6,0.03782247324613561
6,0,6,NaN
5,1,6,NaN
5,1,6,0.8185843942460208
5,1,6,NaN
5,1,6,NaN
3,3,6,NaN
4,2,6,NaN
6,0,6,0.6613966634587408
4,2,6,0.8395040133151549
6,0,6,NaN
5,1,6,NaN
3,3,6,NaN
4,2,6,0.7258869044667101
3,3,6,0.997576379207803
4,2,6,NaN
6,0,6,NaN
2,4,6,0.43614794933242046
4,2,6,NaN
6,0,6,0.9999242665082078
4,2,6,NaN
6,0,6,0.019519080662983124
5,1,6,0.9209789316492126
4,2,6,0.06525587975951877
6,0,6,0.9326921332428637
6,0,6,0.27631320229824563
2,4,6,0.34926187684352356
6,0,6,0.390088581715401
6,0,6,0.6613966634587408
3,3,6,NaN
6,0,6,NaN
6,0,6,0.31128496075105533
6,0,6,NaN
4,2,6,0.0569687888815355
4,2,6,0.043199805379105054
3,3,6,0.390088581715401
5,1,6,0.18342590517711166
5,1,6,0.009661710997097717
5,1,6,NaN
6,0,6,NaN
6,0,6,NaN
4,2,6,0.893076864532752
4,2,6,NaN
5,1,6,0.9614248710601718
5,1,6,0.6185582093370283
5,1,6,NaN
6,0,6,0.07101010497300884
2,4,6,0.6185582093370283
4,2,6,0.03230741676234196
4,2,6,0.7641629005282548
4,2,6,0.7332177371595686
6,0,6,0.2743331847748662
5,1,6,NaN
4,2,6,NaN
6,0,6,NaN
5,1,6,0.2743331847748662
3,3,6,NaN
5,1,6,NaN
2,4,6,NaN
5,1,6,0.07373574662944762
5,1,6,0.913214581415164
3,3,6,0.8395040133151549
3,3,6,0.390088581715401
3,3,6,NaN
3,3,6,NaN
3,3,6,0.5757595332036677
1,5,6,NaN
4,2,6,0.08869205529953894
4,2,6,0.390088581715401
5,1,6,NaN
5,1,6,NaN
6,0,6,NaN
4,2,6,NaN
5,1,6,0.04937587322664477
4,2,6,0.31128496075105533
5,1,6,NaN
6,0,6,NaN
2,4,6,0.03782247324613561
3,3,6,NaN
5,1,6,NaN
2,4,6,NaN
5,1,6,NaN
4,2,6,NaN
4,2,6,NaN
5,1,6,NaN
4,2,6,0.6185582093370283
3,3,6,NaN
3,3,6,NaN
4,2,6,NaN
4,2,6,0.8770122193000203
2,4,6,0.20936945520216732
6,0,6,0.04937587322664477
5,1,6,0.9534153129152887
5,1,6,NaN
6,0,6,0.2736599385245901
2,4,6,NaN
6,0,6,NaN
4,2,6,NaN
6,0,6,NaN
4,2,6,0.7641629005282548
5,1,6,NaN
5,1,6,NaN
3,3,6,0.8770122193000203
3,3,6,0.9848027522935779
3,3,6,NaN
4,2,6,0.043199805379105054
3,3,6,NaN
2,4,6,0.43614794933242046
4,2,6,NaN
5,1,6,0.8770122193000203
5,1,6,0.11835585687382275
5,1,6,NaN
3,3,6,0.1376319999999998
3,3,6,NaN
5,1,6,NaN
6,0,6,0.8395040133151549
5,1,6,NaN
6,0,6,0.6659102222710389
4,2,6,NaN
3,3,6,0.7925166447343686
2,4,6,0.043199805379105054
5,1,6,NaN
3,3,6,NaN
5,1,6,NaN
2,4,6,NaN
4,2,6,NaN
4,2,6,NaN
6,0,6,0.9686139634526727
5,1,6,NaN
4,2,6,0.9614248710601718
5,1,6,NaN
3,3,6,NaN
4,2,6,0.043199805379105054
4,2,6,0.23998440172325927
5,1,6,0.9079098270401949
5,1,6,NaN
6,0,6,NaN
4,2,6,NaN
5,1,6,0.7641629005282548
5,1,6,0.7953330589387831
4,2,6,0.15921953565114888
5,1,6,NaN
5,1,6,0.6990667746156102
3,3,6,0.8435424208125303
3,3,6,0.003140615788714819
3,3,6,NaN
6,0,6,0.31128496075105533
3,3,6,0.34926187684352356
6,0,6,NaN
6,0,6,0.20936945520216732
6,0,6,0.7196181145344687
5,1,6,NaN
5,1,6,0.15921953565114888
5,1,6,NaN
3,3,6,0.16577144992416215
5,1,6,0.18342590517711166
6,0,6,0.893076864532752
6,0,6,NaN
6,0,6,NaN
6,0,6,NaN
6,0,6,0.006282033561316203
5,1,6,0.6990667746156102
3,3,6,0.9534153129152887
4,2,6,0.531729986764269
5,1,6,NaN
3,3,6,0.8395040133151549
5,1,6,0.531729986764269
5,1,6,NaN
3,3,6,0.9209789316492126
4,2,6,0.8770122193000203
2,4,6,0.7332177371595686
5,1,6,0.8185843942460208
3,3,6,NaN
5,1,6,0.6613966634587408
5,1,6,NaN
6,0,6,0.8185843942460208
4,2,6,0.5757595332036677
4,2,6,NaN
5,1,6,NaN
5,1,6,0.6185582093370283
6,0,6,NaN
5,1,6,0.11219841607100062
6,0,6,0.6990667746156102
5,1,6,0.001237638561236778
5,1,6,0.483768449142263
2,4,6,NaN
3,3,6,0.6613966634587408
4,2,6,0.9534153129152887
3,3,6,0.9888383068434982
3,3,6,0.016627813551177786
4,2,6,0.06525587975951877
3,3,6,0.8185843942460208
6,0,6,NaN
6,0,6,NaN
5,1,6,NaN
4,2,6,0.8185843942460208
4,2,6,0.7641629005282548
5,1,6,NaN
3,3,6,NaN
6,0,6,NaN
3,3,6,0.6185582093370283
6,0,6,0.1376319999999998
5,1,6,0.7332177371595686
3,3,6,0.390088581715401
3,3,6,NaN
6,0,6,0.531729986764269
4,2,6,NaN
5,1,6,NaN
5,1,6,0.012022118863049316
6,0,6,NaN
5,1,6,NaN
6,0,6,NaN
5,1,6,NaN
5,1,6,0.9326921332428637
5,1,6,NaN
6,0,6,NaN
4,2,6,0.390088581715401
6,0,6,NaN
5,1,6,0.34926187684352356
3,3,6,0.49974958591516977
5,1,6,NaN
2,4,6,0.531729986764269
3,3,6,0.003788441268422185
5,1,6,0.7332177371595686
5,1,6,0.18342590517711166
4,2,6,NaN
6,0,6,NaN
5,1,6,0.000532251205162839
3,3,6,NaN
1,5,6,NaN
4,2,6,0.1376319999999998
4,2,6,NaN
4,2,6,0.043199805379105054
5,1,6,0.9919214683718085
5,1,6,0.6385950555201507
5,1,6,NaN
3,3,6,0.8395040133151549
4,2,6,NaN
6,0,6,0.7332177371595686
6,0,6,NaN
3,3,6,0.33809450589657697
6,0,6,0.5757595332036677
4,2,6,0.815198130885064
4,2,6,0.8770122193000203
6,0,6,NaN
3,3,6,NaN
5,1,6,NaN
5,1,6,0.531729986764269
6,0,6,NaN
1,5,6,NaN
4,2,6,0.6185582093370283
6,0,6,0.390088581715401
3,3,6,0.710410651171062
5,1,6,0.34926187684352356
3,3,6,0.531729986764269
4,2,6,0.31128496075105533
5,1,6,0.15921953565114888
6,0,6,0.8185843942460208
6,0,6,NaN
2,4,6,0.04937587322664477
5,1,6,0.6421668590329394
6,0,6,NaN
6,0,6,NaN
4,2,6,0.43614794933242046
6,0,6,NaN
5,1,6,NaN
3,3,6,NaN
4,2,6,NaN
3,3,6,0.1026612005498701
4,2,6,NaN
3,3,6,0.02157700557037575
5,1,6,NaN
5,1,6,NaN
5,1,6,0.7332177371595686
3,3,6,0.9747128701728911
4,2,6,0.6185582093370283
6,0,6,0.9326921332428637
5,1,6,0.34926187684352356
5,1,6,0.03782247324613561
6,0,6,NaN
3,3,6,NaN
4,2,6,NaN
4,2,6,0.7332177371595686
5,1,6,0.6990667746156102
4,2,6,NaN
6,0,6,0.8770122193000203
4,2,6,0.0046572323653826355
4,2,6,NaN
1,5,6,NaN
6,0,6,0.43614794933242046
6,0,6,0.8770122193000203
5,1,6,NaN
5,1,6,0.9079098270401949
4,2,6,0.0569687888815355
6,0,6,0.23998440172325927
6,0,6,NaN
4,2,6,0.1376319999999998
2,4,6,NaN
5,1,6,0.07633250114228259
3,3,6,NaN
3,3,6,NaN
3,3,6,NaN
3,3,6,0.8375359659418489
5,1,6,NaN
5,1,6,0.46364413604332266
6,0,6,0.6613966634587408
5,1,6,0.483768449142263
4,2,6,0.7332177371595686
6,0,6,NaN
5,1,6,0.03782247324613561
5,1,6,0.7925166447343686
1,5,6,0.11835585687382275
3,3,6,0.0012138170664473052
4,2,6,0.8770122193000203
6,0,6,0.39547847015511944
5,1,6,0.8730207778042132
1,5,6,NaN
3,3,6,0.9686139634526727
4,2,6,NaN
6,0,6,0.6711330259525523
6,0,6,0.483768449142263
5,1,6,NaN
5,1,6,0.7641629005282548
5,1,6,NaN
3,3,6,NaN
6,0,6,0.011364531124883243
4,2,6,0.31128496075105533
6,0,6,NaN
2,4,6,0.8770122193000203
5,1,6,0.04937587322664477
6,0,6,0.337152699015357
2,4,6,NaN
4,2,6,NaN
5,1,6,0.9686139634526727
4,2,6,0.9209789316492126
6,0,6,NaN
6,0,6,0.18342590517711166
6,0,6,NaN
6,0,6,0.0487461522307463
5,1,6,0.7196181145344687
5,1,6,0.531729986764269
5,1,6,NaN
4,2,6,NaN
5,1,6,NaN
6,0,6,NaN
3,3,6,0.1026612005498701
5,1,6,NaN
5,1,6,NaN
6,0,6,0.000584967414917312
6,0,6,0.1722824441686507
4,2,6,NaN
5,1,6,0.893076864532752
5,1,6,NaN
6,0,6,NaN
5,1,6,NaN
6,0,6,0.483768449142263
5,1,6,NaN
6,0,6,0.6866295992000075
4,2,6,NaN
5,1,6,0.20936945520216732
4,2,6,NaN
6,0,6,0.007361087516149923
3,3,6,0.021766501294557546
3,3,6,NaN
6,0,6,0.7332177371595686
5,1,6,NaN
5,1,6,NaN
5,1,6,0.17651310440536505
5,1,6,0.483768449142263
6,0,6,NaN
3,3,6,NaN
4,2,6,NaN
4,2,6,0.7332177371595686
6,0,6,NaN
5,1,6,NaN
5,1,6,NaN
3,3,6,0.005131251154695522
5,1,6,NaN
4,2,6,0.43614794933242046
4,2,6,NaN
4,2,6,0.27717228639391633
6,0,6,0.18342590517711166
5,1,6,0.8770122193000203
4,2,6,NaN
5,1,6,0.43614794933242046
5,1,6,0.8005099692738473
6,0,6,NaN
4,2,6,NaN
6,0,6,0.03782247324613561
5,1,6,0.5248082955308295
4,2,6,0.531729986764269
5,1,6,0.2736599385245901
4,2,6,0.31128496075105533
3,3,6,0.483768449142263
5,1,6,NaN
3,3,6,NaN
3,3,6,0.2736599385245901
5,1,6,0.6185582093370283
5,1,6,NaN
4,2,6,0.20936945520216732
6,0,6,0.13862449232099347
4,2,6,0.43614794933242046
6,0,6,NaN
3,3,6,0.18342590517711166
6,0,6,0.15921953565114888
5,1,6,NaN
6,0,6,0.15921953565114888
6,0,6,NaN
4,2,6,NaN
4,2,6,NaN
5,1,6,0.20936945520216732
6,0,6,NaN
6,0,6,0.8795235203274335
2,4,6,NaN
5,1,6,NaN
5,1,6,0.7925166447343686
2,4,6,0.11134890485918772
4,2,6,NaN
5,1,6,NaN
6,0,6,NaN
4,2,6,0.7046193325342651
4,2,6,NaN
3,3,6,NaN
4,2,6,0.34926187684352356
6,0,6,NaN
4,2,6,0.23998440172325927
6,0,6,NaN
6,0,6,NaN
5,1,6,NaN
5,1,6,NaN
4,2,6,NaN
5,1,6,0.23998440172325927
5,1,6,0.2345552954257019
3,3,6,0.03782247324613561
4,2,6,NaN
3,3,6,NaN
4,2,6,NaN
2,4,6,0.483768449142263
5,1,6,0.18342590517711166
6,0,6,NaN
5,1,6,NaN
6,0,6,NaN
5,1,6,0.6613966634587408
4,2,6,NaN
6,0,6,0.7332177371595686
2,4,6,NaN
5,1,6,0.0005717662232542014
4,2,6,NaN
6,0,6,0.7641629005282548
6,0,6,NaN
5,1,6,NaN
4,2,6,NaN
5,1,6,0.7641629005282548
6,0,6,0.2736599385245901
6,0,6,NaN
3,3,6,NaN
6,0,6,0.390088581715401
5,1,6,0.6613966634587408
4,2,6,0.31128496075105533
2,4,6,0.8770122193000203
4,2,6,NaN
4,2,6,NaN
6,0,6,0.483768449142263
3,3,6,NaN
6,0,6,0.40611238562311547
6,0,6,0.6185582093370283
4,2,6,NaN
6,0,6,0.7925166447343686
5,1,6,0.00829404517453861
4,2,6,NaN
5,1,6,NaN
5,1,6,NaN
4,2,6,NaN
3,3,6,0.2736599385245901
6,0,6,NaN
2,4,6,0.1376319999999998
5,1,6,NaN
6,0,6,0.5757595332036677
4,2,6,0.6990667746156102
3,3,6,NaN
4,2,6,0.6613966634587408
3,3,6,NaN
5,1,6,0.34926187684352356
6,0,6,0.8395040133151549
6,0,6,NaN
4,2,6,0.08869205529953894
4,2,6,NaN
4,2,6,NaN
4,2,6,0.8770122193000203
6,0,6,0.023407939381609153
4,2,6,0.20936945520216732
6,0,6,NaN
4,2,6,NaN
3,3,6,0.003008114908543235
4,2,6,0.04937587322664477
5,1,6,NaN
5,1,6,0.7925166447343686
5,1,6,NaN
3,3,6,NaN
4,2,6,NaN
4,2,6,0.7641629005282548
5,1,6,0.5825272282964099
3,3,6,NaN
6,0,6,0.019519080662983124
6,0,6,NaN
6,0,6,NaN
4,2,6,0.6990667746156102
5,1,6,0.8770122193000203
4,2,6,NaN
6,0,6,0.1026612005498701
3,3,6,NaN
3,3,6,0.08869205529953894
4,2,6,NaN
4,2,6,0.531729986764269
4,2,6,NaN
4,2,6,NaN
2,4,6,NaN
2,4,6,NaN
4,2,6,NaN
4,2,6,0.04937587322664477
5,1,6,NaN
4,2,6,NaN
5,1,6,0.7013346446373245
5,1,6,0.9326921332428637
5,1,6,0.12532444304236073
6,0,6,0.531729986764269
4,2,6,0.18342590517711166
5,1,6,0.9079098270401949
4,2,6,0.11835585687382275
4,2,6,NaN
3,3,6,0.9686139634526727
5,1,6,0.14000969642532812
5,1,6,NaN
4,2,6,NaN
5,1,6,0.08869205529953894
5,1,6,NaN
6,0,6,0.893076864532752
5,1,6,NaN
5,1,6,0.483768449142263
4,2,6,0.6990667746156102
6,0,6,0.022788573734112794
4,2,6,NaN
3,3,6,0.4536753915463085
4,2,6,NaN
3,3,6,NaN
6,0,6,NaN
5,1,6,NaN
5,1,6,NaN
4,2,6,NaN
6,0,6,NaN
6,0,6,0.31128496075105533
5,1,6,NaN
6,0,6,0.34926187684352356
6,0,6,0.2598826615140434
4,2,6,NaN
5,1,6,NaN
5,1,6,NaN
6,0,6,0.893076864532752
5,1,6,0.11835585687382275
4,2,6,0.43614794933242046
3,3,6,0.531729986764269
4,2,6,0.20936945520216732
2,4,6,0.03230741676234196
3,3,6,NaN
3,3,6,NaN
3,3,6,0.1376319999999998
4,2,6,0.027150137488542374
6,0,6,0.483768449142263
4,2,6,NaN
4,2,6,0.15921953565114888
4,2,6,0.7925166447343686
6,0,6,NaN
5,1,6,NaN
5,1,6,NaN
4,2,6,NaN
4,2,6,0.027150137488542374
1,5,6,NaN
4,2,6,0.9433412321949546
6,0,6,NaN
3,3,6,0.390088581715401
5,1,6,NaN
5,1,6,0.059037259683391706
5,1,6,0.1026612005498701
5,1,6,0.5187081425895593
3,3,6,NaN
6,0,6,0.1026612005498701
3,3,6,0.9747128701728911
4,2,6,NaN
4,2,6,0.8395040133151549
4,2,6,NaN
4,2,6,0.390088581715401
4,2,6,NaN
6,0,6,NaN
3,3,6,0.531729986764269
3,3,6,NaN
6,0,6,0.31128496075105533
2,4,6,0.41812572231695505
5,1,6,NaN
5,1,6,NaN
6,0,6,NaN
2,4,6,NaN
4,2,6,NaN
4,2,6,NaN
3,3,6,0.07633250114228259
4,2,6,0.9433412321949546
5,1,6,0.7332177371595686
4,2,6,0.04937587322664477
5,1,6,NaN
5,1,6,NaN
3,3,6,NaN
5,1,6,0.3924605656050917
4,2,6,0.7332177371595686
5,1,6,0.980101638801523
5,1,6,NaN
6,0,6,NaN
6,0,6,0.483768449142263
5,1,6,0.7641629005282548
6,0,6,NaN
5,1,6,NaN
5,1,6,0.483768449142263
2,4,6,NaN
5,1,6,0.531729986764269
5,1,6,0.531729986764269
2,4,6,NaN
5,1,6,0.31128496075105533
6,0,6,NaN
3,3,6,NaN
6,0,6,NaN
4,2,6,0.9614248710601718
6,0,6,NaN
5,1,6,0.7641629005282548
4,2,6,NaN
3,3,6,NaN
6,0,6,0.7332177371595686
4,2,6,0.6990667746156102
3,3,6,NaN
5,1,6,0.34926187684352356
6,0,6,0.23998440172325927
5,1,6,NaN
3,3,6,NaN
4,2,6,0.893076864532752
4,2,6,NaN
6,0,6,0.9326921332428637
5,1,6,0.955131285089232
6,0,6,NaN
5,1,6,0.20936945520216732
6,0,6,0.34926187684352356
5,1,6,0.1026612005498701
6,0,6,0.7332177371595686
4,2,6,NaN
5,1,6,NaN
6,0,6,0.003140615788714819
6,0,6,NaN
3,3,6,0.8395040133151549
3,3,6,NaN
5,1,6,0.2656875645857021
5,1,6,NaN
4,2,6,0.8395040133151549
6,0,6,NaN
5,1,6,0.34926187684352356
4,2,6,NaN
4,2,6,NaN
5,1,6,0.9433412321949546
6,0,6,NaN
5,1,6,0.8676559650769315
4,2,6,0.9078331014326477
6,0,6,NaN
6,0,6,0.9326921332428637
6,0,6,NaN
5,1,6,0.15921953565114888
5,1,6,0.0005572748124140656
2,4,6,NaN
6,0,6,NaN
5,1,6,0.7553299221215029
2,4,6,0.5757595332036677
6,0,6,NaN
4,2,6,NaN
4,2,6,NaN
6,0,6,0.28662113860387733
4,2,6,NaN
4,2,6,0.32829589563081707
6,0,6,NaN
3,3,6,0.05448403456382014
5,1,6,NaN
6,0,6,0.23998440172325927
5,1,6,0.9433412321949546
5,1,6,NaN
6,0,6,NaN
5,1,6,0.03782247324613561
4,2,6,0.31128496075105533
3,3,6,NaN
4,2,6,NaN
5,1,6,0.5013755244533595
4,2,6,NaN
2,4,6,0.34926187684352356
3,3,6,NaN
6,0,6,NaN
5,1,6,0.45574032487896876
4,2,6,0.8185843942460208
5,1,6,0.5751653014859857
2,4,6,NaN
5,1,6,0.8185843942460208
3,3,6,NaN
3,3,6,NaN
4,2,6,NaN
4,2,6,NaN
5,1,6,0.44395915961689175
5,1,6,0.07633250114228259
5,1,6,0.980101638801523
4,2,6,0.483768449142263
6,0,6,0.6613966634587408
5,1,6,0.7332177371595686
6,0,6,0.483768449142263
6,0,6,NaN
3,3,6,NaN
4,2,6,NaN
4,2,6,NaN
6,0,6,0.08871419083629027
4,2,6,0.9614248710601718
4,2,6,NaN
3,3,6,NaN
6,0,6,0.8395040133151549
6,0,6,0.1376319999999998
6,0,6,0.994879539664267
4,2,6,NaN
5,1,6,NaN
5,1,6,0.019969480288566755
4,2,6,0.07633250114228259
5,1,6,0.8597792096635031
6,0,6,NaN
3,3,6,0.07633250114228259
5,1,6,0.7332177371595686
4,2,6,0.2736599385245901
4,2,6,0.059037259683391706
5,1,6,0.8557186904113399
4,2,6,0.531729986764269
1,5,6,0.23998440172325927
5,1,6,0.31128496075105533
6,0,6,NaN
3,3,6,NaN
5,1,6,NaN
4,2,6,NaN
3,3,6,0.20163475777346393
4,2,6,NaN
4,2,6,0.6990667746156102
6,0,6,NaN
3,3,6,NaN
3,3,6,0.7925166447343686
4,2,6,NaN
5,1,6,NaN
5,1,6,0.980101638801523
4,2,6,0.002514442743431079
5,1,6,0.531729986764269
5,1,6,NaN
5,1,6,NaN
4,2,6,0.9614248710601718
5,1,6,NaN
6,0,6,0.9071352322312466
4,2,6,NaN
5,1,6,0.11955458510564233
6,0,6,NaN
4,2,6,NaN
5,1,6,0.07633250114228259
5,1,6,0.8730207778042132
6,0,6,0.539689308488104
2,4,6,NaN
4,2,6,0.7641629005282548
4,2,6,NaN
1,5,6,0.34926187684352356
5,1,6,0.20936945520216732
4,2,6,0.8597792096635031
3,3,6,0.30766134932571504
3,3,6,0.893076864532752
4,2,6,0.7641629005282548
4,2,6,0.5751653014859857
5,1,6,0.5757595332036677
5,1,6,0.2736599385245901
5,1,6,0.929160760009908
5,1,6,NaN
3,3,6,0.5807958875536995
2,4,6,NaN
5,1,6,NaN
6,0,6,NaN
5,1,6,NaN
4,2,6,0.9848027522935779
5,1,6,0.34926187684352356
4,2,6,NaN
3,3,6,0.20936945520216732
3,3,6,0.9919214683718085
2,4,6,NaN
6,0,6,0.6185582093370283
4,2,6,0.43614794933242046
6,0,6,NaN
5,1,6,0.06525587975951877
5,1,6,NaN
5,1,6,0.358509049423087
6,0,6,0.018246626440426572
6,0,6,0.23998440172325927
5,1,6,0.7925166447343686
4,2,6,NaN
6,0,6,NaN
6,0,6,NaN
2,4,6,NaN
3,3,6,NaN
4,2,6,0.7332177371595686
5,1,6,0.0005706233314669599
4,2,6,NaN
2,4,6,NaN
5,1,6,NaN
3,3,6,0.7925166447343686
5,1,6,0.7641629005282548
6,0,6,NaN
3,3,6,0.5757595332036677
4,2,6,0.6990667746156102
5,1,6,0.08869205529953894
5,1,6,NaN
3,3,6,0.483768449142263
4,2,6,NaN
4,2,6,0.8395040133151549
5,1,6,0.5757595332036677
3,3,6,0.531729986764269
4,2,6,0.2440624611789815
2,4,6,0.43614794933242046
4,2,6,NaN
5,1,6,NaN
4,2,6,0.03230741676234196
5,1,6,0.531729986764269
6,0,6,NaN
6,0,6,0.28967870728116774
6,0,6,NaN
3,3,6,NaN
6,0,6,0.390088581715401
5,1,6,0.07149157896053752
5,1,6,NaN
2,4,6,0.483768449142263
5,1,6,NaN
4,2,6,NaN
4,2,6,0.6185582093370283
3,3,6,0.11835585687382275
6,0,6,NaN
2,4,6,NaN
3,3,6,NaN
6,0,6,0.2736599385245901
5,1,6,NaN
5,1,6,0.043199805379105054
4,2,6,NaN
6,0,6,NaN
5,1,6,0.0569687888815355
5,1,6,0.08869205529953894
1,5,6,0.04937587322664477
5,1,6,NaN
3,3,6,NaN
6,0,6,NaN
5,1,6,NaN
6,0,6,NaN
5,1,6,NaN
4,2,6,NaN
5,1,6,0.483768449142263
4,2,6,0.005218373985522614
5,1,6,NaN
5,1,6,0.23998440172325927
6,0,6,0.893076864532752
6,0,6,0.8253607032258627
6,0,6,NaN
5,1,6,NaN
2,4,6,NaN
5,1,6,0.9209789316492126
5,1,6,NaN
6,0,6,0.7925166447343686
4,2,6,0.9848027522935779
4,2,6,0.04937587322664477
6,0,6,0.15921953565114888
6,0,6,0.04828997755736479
4,2,6,NaN
5,1,6,NaN
5,1,6,0.2675077780811389
4,2,6,0.15921953565114888
5,1,6,NaN
5,1,6,NaN
5,1,6,NaN
5,1,6,NaN
4,2,6,NaN
1,5,6,NaN
5,1,6,0.0569687888815355
6,0,6,NaN
5,1,6,NaN
4,2,6,0.893076864532752
5,1,6,0.8168039523867119
6,0,6,0.5757595332036677
6,0,6,NaN
5,1,6,0.5235575948742167
6,0,6,NaN
6,0,6,0.6613966634587408
5,1,6,0.9079098270401949
6,0,6,NaN
4,2,6,NaN
4,2,6,NaN
3,3,6,0.7925166447343686
3,3,6,NaN
4,2,6,NaN
5,1,6,0.0021679292106529047
6,0,6,NaN
6,0,6,0.5757595332036677
6,0,6,NaN
5,1,6,NaN
5,1,6,0.9326921332428637
5,1,6,NaN
6,0,6,NaN
6,0,6,0.5177338861746507
4,2,6,0.980101638801523
2,4,6,NaN
5,1,6,NaN
5,1,6,NaN
6,0,6,0.43614794933242046
6,0,6,0.00829404517453861
5,1,6,0.893076864532752
2,4,6,0.1312343693475798
4,2,6,0.7925166447343686
3,3,6,0.11835585687382275
3,3,6,0.43614794933242046
2,4,6,0.7667428748689279
5,1,6,0.721745376282937
6,0,6,NaN
1,5,6,NaN
5,1,6,NaN
5,1,6,NaN
5,1,6,0.2736599385245901
5,1,6,0.6185582093370283
6,0,6,0.6990667746156102
5,1,6,NaN
2,4,6,0.980101638801523
5,1,6,0.7332177371595686
4,2,6,NaN
3,3,6,NaN
2,4,6,NaN
3,3,6,NaN
6,0,6,NaN
2,4,6,0.04937587322664477
3,3,6,0.6990667746156102
2,4,6,NaN
6,0,6,0.5757595332036677
6,0,6,NaN
4,2,6,NaN
6,0,6,NaN
5,1,6,NaN
4,2,6,NaN
5,1,6,0.11835585687382275
4,2,6,0.323573460039637
2,4,6,NaN
4,2,6,NaN
4,2,6,0.483768449142263
5,1,6,0.027150137488542374
3,3,6,NaN
3,3,6,NaN
6,0,6,NaN
3,3,6,0.7641629005282548
6,0,6,NaN
6,0,6,0.7675668791671638
5,1,6,NaN
4,2,6,NaN
5,1,6,0.6185582093370283
4,2,6,NaN
3,3,6,NaN
4,2,6,0.8770122193000203
3,3,6,NaN
5,1,6,NaN
3,3,6,0.8770122193000203
4,2,6,0.025187108411688648
5,1,6,0.2736599385245901
4,2,6,NaN
5,1,6,NaN
5,1,6,0.34926187684352356
3,3,6,NaN
5,1,6,NaN
6,0,6,0.7332177371595686
6,0,6,0.2736599385245901
4,2,6,NaN
5,1,6,NaN
4,2,6,NaN
4,2,6,0.8467786117074725
2,4,6,0.34926187684352356
4,2,6,0.15921953565114888
6,0,6,0.23998440172325927
2,4,6,0.09878450124600557
5,1,6,0.43614794933242046
6,0,6,0.2736599385245901
6,0,6,NaN
4,2,6,0.8770122193000203
5,1,6,0.8597792096635031
6,0,6,NaN
5,1,6,NaN
3,3,6,0.980101638801523
6,0,6,0.6613966634587408
2,4,6,0.7925166447343686
6,0,6,0.8795235203274335
4,2,6,0.9534153129152887
5,1,6,NaN
3,3,6,NaN
3,3,6,NaN
6,0,6,NaN
5,1,6,0.9534153129152887
3,3,6,NaN
3,3,6,0.00977965527934502
6,0,6,NaN
6,0,6,NaN
2,4,6,0.7925166447343686
4,2,6,0.7925166447343686
4,2,6,0.8597792096635031
2,4,6,0.390088581715401
4,2,6,NaN
2,4,6,0.34255276744214846
3,3,6,0.06525587975951877
5,1,6,0.23998440172325927
5,1,6,0.028061831543786053
3,3,6,0.7641629005282548
4,2,6,0.027150137488542374
6,0,6,NaN
6,0,6,0.9079098270401949
3,3,6,0.8395040133151549
4,2,6,NaN
4,2,6,NaN
5,1,6,NaN
5,1,6,NaN
6,0,6,NaN
3,3,6,NaN
4,2,6,NaN
6,0,6,NaN
5,1,6,0.33372149774144877
5,1,6,NaN
3,3,6,NaN
6,0,6,NaN
5,1,6,0.5757595332036677
2,4,6,NaN
2,4,6,NaN
2,4,6,0.9614248710601718
3,3,6,0.8395040133151549
5,1,6,NaN
5,1,6,0.11835585687382275
6,0,6,0.6613966634587408
2,4,6,NaN
6,0,6,NaN
3,3,6,NaN
5,1,6,0.6185582093370283
3,3,6,NaN
5,1,6,0.43614794933242046
4,2,6,NaN
2,4,6,NaN
5,1,6,NaN
6,0,6,0.31128496075105533
4,2,6,NaN
5,1,6,0.11835585687382275
1,5,6,NaN
5,1,6,0.6613966634587408
4,2,6,NaN
5,1,6,NaN
5,1,6,NaN
4,2,6,NaN
1,5,6,0.4990660252443078
5,1,6,0.9079098270401949
6,0,6,NaN
5,1,6,0.34926187684352356
4,2,6,NaN
6,0,6,0.31128496075105533
4,2,6,NaN
4,2,6,0.531729986764269
6,0,6,NaN
5,1,6,0.2736599385245901
4,2,6,NaN
5,1,6,0.15921953565114888
6,0,6,0.0569687888815355
2,4,6,NaN
4,2,6,0.06546869226282578
5,1,6,0.1376319999999998
4,2,6,NaN
5,1,6,0.0569687888815355
5,1,6,0.5751653014859857
5,1,6,0.20936945520216732
5,1,6,0.2736599385245901
4,2,6,NaN
6,0,6,0.9686139634526727
5,1,6,0.5757595332036677
3,3,6,NaN
6,0,6,0.20936945520216732
3,3,6,NaN
3,3,6,NaN
5,1,6,NaN
4,2,6,0.23998440172325927
4,2,6,0.7332177371595686
2,4,6,0.8185843942460208
2,4,6,0.014302811501596825
3,3,6,0.07654608975497362
6,0,6,0.01277663622439895
5,1,6,NaN
6,0,6,0.390088581715401
5,1,6,0.11835585687382275
1,5,6,0.390088581715401
4,2,6,NaN
6,0,6,0.483768449142263
4,2,6,0.1026612005498701
6,0,6,NaN
2,4,6,NaN
5,1,6,NaN
6,0,6,0.8153591941485873
4,2,6,NaN
5,1,6,NaN
5,1,6,0.7641629005282548
5,1,6,NaN
5,1,6,0.9915498347268027
3,3,6,0.18342590517711166
4,2,6,0.34926187684352356
6,0,6,0.390088581715401
4,2,6,NaN
4,2,6,0.20936945520216732
1,5,6,0.9326921332428637
3,3,6,0.7641629005282548
5,1,6,NaN
5,1,6,0.08869205529953894
5,1,6,0.5757595332036677
5,1,6,NaN
5,1,6,NaN
4,2,6,NaN
6,0,6,NaN
4,2,6,NaN
4,2,6,NaN
3,3,6,NaN
5,1,6,NaN
5,1,6,NaN
3,3,6,NaN
3,3,6,NaN
3,3,6,0.9209789316492126
6,0,6,0.9614248710601718
6,0,6,0.43614794933242046
6,0,6,0.43614794933242046
6,0,6,NaN
5,1,6,NaN
4,2,6,0.7925166447343686
2,4,6,0.45574032487896876
3,3,6,0.11835585687382275
4,2,6,0.31128496075105533
5,1,6,NaN
5,1,6,0.7332177371595686
5,1,6,0.7925166447343686
6,0,6,0.20936945520216732
4,2,6,NaN
2,4,6,NaN
5,1,6,0.10891074481822334
2,4,6,NaN
4,2,6,NaN
4,2,6,0.7641629005282548
6,0,6,0.00021280680783848828
5,1,6,0.11835585687382275
5,1,6,NaN
5,1,6,NaN
2,4,6,0.7332177371595686
3,3,6,0.1681912935032862
5,1,6,0.23998440172325927
3,3,6,0.8770122193000203
5,1,6,NaN
4,2,6,NaN
6,0,6,NaN
3,3,6,NaN
3,3,6,0.9433412321949546
4,2,6,0.5494672564872154
6,0,6,0.9326921332428637
4,2,6,NaN
6,0,6,0.027150137488542374
5,1,6,0.8597792096635031
4,2,6,0.5605686154146111
4,2,6,0.3952490656616145
5,1,6,0.9888383068434982
6,0,6,0.5757595332036677
5,1,6,0.5780660506944091
4,2,6,NaN
3,3,6,0.980101638801523
3,3,6,0.9326921332428637
4,2,6,NaN
4,2,6,0.6185582093370283
4,2,6,0.531729986764269
4,2,6,0.0015082333976053164
4,2,6,NaN
5,1,6,NaN
4,2,6,NaN
5,1,6,NaN
5,1,6,NaN
5,1,6,NaN
6,0,6,0.483768449142263
2,4,6,0.31128496075105533
4,2,6,0.34926187684352356
6,0,6,NaN
6,0,6,0.2736599385245901
4,2,6,NaN
3,3,6,NaN
4,2,6,NaN
5,1,6,NaN
3,3,6,0.531729986764269
5,1,6,0.531729986764269
4,2,6,NaN
5,1,6,NaN
3,3,6,0.1376319999999998
5,1,6,0.23998440172325927
5,1,6,NaN
4,2,6,0.7925166447343686
4,2,6,NaN
3,3,6,NaN
3,3,6,0.7641629005282548
5,1,6,0.531729986764269
4,2,6,0.31128496075105533
5,1,6,0.31128496075105533
6,0,6,NaN
3,3,6,NaN
6,0,6,0.00829404517453861
2,4,6,0.019519080662983124
6,0,6,NaN
4,2,6,0.43614794933242046
6,0,6,0.12200037525440949
4,2,6,NaN
3,3,6,0.893076864532752
5,1,6,NaN
1,5,6,NaN
5,1,6,NaN
6,0,6,NaN
5,1,6,0.8683430845978595
6,0,6,0.8096494817803309
4,2,6,0.9686139634526727
4,2,6,0.1376319999999998
6,0,6,NaN
4,2,6,0.9079098270401949
4,2,6,NaN
6,0,6,NaN
6,0,6,0.016627813551177786
2,4,6,0.00829404517453861
1,5,6,NaN
4,2,6,NaN
6,0,6,0.980101638801523
6,0,6,0.9940320922471844
6,0,6,0.0569687888815355
4,2,6,0.8185843942460208
5,1,6,NaN
6,0,6,0.6613966634587408
4,2,6,0.03782247324613561
3,3,6,NaN
6,0,6,NaN
5,1,6,0.23998440172325927
3,3,6,0.31128496075105533
4,2,6,NaN
4,2,6,NaN
5,1,6,0.08869205529953894
2,4,6,0.6857982839721112
5,1,6,0.027150137488542374
4,2,6,NaN
4,2,6,0.1026612005498701
5,1,6,NaN
4,2,6,NaN
6,0,6,NaN
6,0,6,0.6185582093370283
2,4,6,NaN
3,3,6,NaN
5,1,6,0.5757595332036677
3,3,6,NaN
4,2,6,NaN
5,1,6,0.483768449142263
6,0,6,NaN
4,2,6,0.7925166447343686
5,1,6,NaN
4,2,6,NaN
6,0,6,0.20936945520216732
4,2,6,NaN
2,4,6,NaN
6,0,6,0.34926187684352356
3,3,6,0.8597792096635031
1,5,6,NaN
4,2,6,NaN
4,2,6,NaN
6,0,6,0.6613966634587408
3,3,6,0.6990667746156102
5,1,6,0.483768449142263
4,2,6,0.2736599385245901
6,0,6,NaN
5,1,6,NaN
5,1,6,NaN
6,0,6,0.8185843942460208
6,0,6,0.8280095136300987
4,2,6,0.0569687888815355
4,2,6,0.11835585687382275
4,2,6,NaN
3,3,6,NaN
5,1,6,NaN
5,1,6,NaN
6,0,6,0.7332177371595686
2,4,6,NaN
3,3,6,0.20936945520216732
6,0,6,0.23998440172325927
3,3,6,NaN
4,2,6,NaN
3,3,6,0.483768449142263
1,5,6,NaN
6,0,6,0.34926187684352356
1,5,6,NaN
1,5,6,0.893076864532752
1,5,6,NaN
5,1,6,NaN
3,3,6,0.6613966634587408
2,4,6,NaN
3,3,6,NaN
3,3,6,0.6613966634587408
5,1,6,NaN
6,0,6,0.531729986764269
5,1,6,0.4777076519089387
5,1,6,0.531729986764269
4,2,6,NaN
5,1,6,NaN
4,2,6,0.390088581715401
5,1,6,0.23998440172325927
4,2,6,NaN
6,0,6,0.8185843942460208
5,1,6,0.875520917526519
6,0,6,0.03230741676234196
5,1,6,0.37233163898442356
5,1,6,NaN
2,4,6,0.9386584804555573
6,0,6,0.8185843942460208
5,1,6,0.7925166447343686
4,2,6,0.31128496075105533
6,0,6,0.5757595332036677
4,2,6,0.6185582093370283
4,2,6,NaN
4,2,6,NaN
4,2,6,NaN
6,0,6,0.03260787912805976
5,1,6,0.15145863890824734
3,3,6,0.15921953565114888
5,1,6,NaN
3,3,6,0.0487461522307463
3,3,6,NaN
2,4,6,NaN
2,4,6,NaN
3,3,6,0.5170897945552569
5,1,6,NaN
5,1,6,0.483768449142263
3,3,6,0.11835585687382275
4,2,6,NaN
5,1,6,0.5757595332036677
5,1,6,0.9747128701728911
4,2,6,NaN
5,1,6,NaN
2,4,6,0.7925166447343686
4,2,6,0.6613966634587408
6,0,6,NaN
5,1,6,0.531729986764269
3,3,6,NaN
3,3,6,NaN
5,1,6,NaN
5,1,6,0.2736599385245901
6,0,6,NaN
5,1,6,0.1376319999999998
3,3,6,NaN
1,5,6,NaN
6,0,6,0.15921953565114888
5,1,6,NaN
3,3,6,0.43614794933242046
5,1,6,NaN
5,1,6,NaN
2,4,6,NaN
4,2,6,0.390088581715401
4,2,6,NaN
5,1,6,NaN
6,0,6,0.6990667746156102
5,1,6,0.9575474895112371
2,4,6,0.9079098270401949
4,2,6,NaN
5,1,6,0.6613966634587408
4,2,6,0.483768449142263
4,2,6,NaN
2,4,6,0.17454458411087057
5,1,6,0.6185582093370283
4,2,6,0.9209789316492126
6,0,6,NaN
2,4,6,0.43614794933242046
3,3,6,NaN
6,0,6,0.2736599385245901
2,4,6,0.03230741676234196
3,3,6,0.6990667746156102
5,1,6,0.893076864532752
4,2,6,NaN
6,0,6,NaN
4,2,6,NaN
4,2,6,0.1637894687735458
6,0,6,NaN
4,2,6,0.6613966634587408
5,1,6,0.0003849949378408854
4,2,6,NaN
3,3,6,NaN
4,2,6,0.7332177371595686
3,3,6,0.8395040133151549
4,2,6,0.980101638801523
3,3,6,0.34926187684352356
5,1,6,NaN
4,2,6,NaN
4,2,6,0.09231492850715031
3,3,6,NaN
6,0,6,NaN
6,0,6,0.6990667746156102
6,0,6,0.027150137488542374
5,1,6,0.8770122193000203
3,3,6,0.07343400068766491
6,0,6,0.1376319999999998
6,0,6,NaN
5,1,6,NaN
6,0,6,0.7656419555930306
3,3,6,0.6990667746156102
4,2,6,0.5757595332036677
3,3,6,NaN
4,2,6,0.9614248710601718
2,4,6,NaN
6,0,6,0.20936945520216732
3,3,6,NaN
5,1,6,0.483768449142263
5,1,6,0.9669010309648487
5,1,6,0.0037914093054994256
5,1,6,NaN
4,2,6,0.5235575948742167
5,1,6,NaN
2,4,6,0.11835585687382275
4,2,6,NaN
4,2,6,0.8776207124053833
5,1,6,NaN
3,3,6,NaN
1,5,6,NaN
5,1,6,0.5354499341140203
5,1,6,NaN
4,2,6,NaN
6,0,6,0.2736599385245901
2,4,6,NaN
1,5,6,0.7925166447343686
3,3,6,0.11835585687382275
5,1,6,0.20570427511563302
6,0,6,NaN
4,2,6,NaN
4,2,6,NaN
5,1,6,0.7641629005282548
4,2,6,0.6385950555201507
5,1,6,0.0020807883358474693
4,2,6,NaN
4,2,6,NaN
5,1,6,0.20936945520216732
6,0,6,NaN
4,2,6,0.2823533028831827
6,0,6,0.23998440172325927
5,1,6,NaN
4,2,6,NaN
2,4,6,0.11835585687382275
3,3,6,NaN
6,0,6,0.6185582093370283
4,2,6,0.3414025326244797
2,4,6,NaN
2,4,6,0.6613966634587408
5,1,6,0.43174600823559717
6,0,6,0.2459595189144923
6,0,6,NaN
4,2,6,NaN
3,3,6,0.9686139634526727
2,4,6,0.31128496075105533
3,3,6,NaN
5,1,6,0.8770122193000203
3,3,6,0.20936945520216732
4,2,6,NaN
4,2,6,NaN
3,3,6,NaN
5,1,6,NaN
6,0,6,NaN
4,2,6,NaN
4,2,6,0.8166214400539077
4,2,6,0.483768449142263
2,4,6,0.390088581715401
5,1,6,NaN
6,0,6,0.03782247324613561
4,2,6,NaN
6,0,6,NaN
5,1,6,0.390088581715401
6,0,6,NaN
2,4,6,NaN
2,4,6,0.531729986764269
5,1,6,0.9209789316492126
5,1,6,2.908860950331374e-5
3,3,6,0.6185582093370283
4,2,6,NaN
5,1,6,NaN
2,4,6,NaN
5,1,6,NaN
4,2,6,0.09335262754773933
4,2,6,NaN
5,1,6,0.09233697382717015
4,2,6,0.022788573734112794
6,0,6,0.43614794933242046
6,0,6,NaN
4,2,6,NaN
4,2,6,0.8395040133151549
5,1,6,0.2736599385245901
4,2,6,NaN
4,2,6,0.8481112061202601
6,0,6,NaN
5,1,6,NaN
3,3,6,0.8597792096635031
4,2,6,0.7925166447343686
5,1,6,0.08869205529953894
6,0,6,0.43614794933242046
4,2,6,0.483768449142263
4,2,6,NaN
6,0,6,0.1026612005498701
4,2,6,0.04021378436616779
3,3,6,NaN
3,3,6,0.8185843942460208
4,2,6,NaN
4,2,6,NaN
5,1,6,0.06525587975951877
4,2,6,0.00829404517453861
4,2,6,NaN
2,4,6,NaN
3,3,6,NaN
3,3,6,NaN
5,1,6,NaN
5,1,6,NaN
4,2,6,0.6185582093370283
4,2,6,0.17501925099280946
2,4,6,0.2736599385245901
4,2,6,NaN
4,2,6,0.7641629005282548
3,3,6,NaN
4,2,6,0.1026612005498701
6,0,6,NaN
6,0,6,0.0016742580303603263
3,3,6,0.8597792096635031
3,3,6,0.2736599385245901
5,1,6,0.6185582093370283
4,2,6,NaN
6,0,6,0.34926187684352356
6,0,6,NaN
2,4,6,NaN
6,0,6,0.011953980371873072
3,3,6,NaN
5,1,6,NaN
5,1,6,NaN
5,1,6,0.31128496075105533
6,0,6,0.2440624611789815
4,2,6,0.8770122193000203
6,0,6,NaN
5,1,6,0.7332177371595686
4,2,6,NaN
4,2,6,NaN
4,2,6,0.9449594017628097
4,2,6,0.7925166447343686
4,2,6,0.04937587322664477
5,1,6,NaN
3,3,6,0.08954482571225283
2,4,6,NaN
5,1,6,0.6613966634587408
5,1,6,0.483768449142263
6,0,6,0.31128496075105533
4,2,6,NaN
1,5,6,NaN
6,0,6,0.8597792096635031
6,0,6,0.531729986764269
5,1,6,NaN
6,0,6,0.9765774773150677
5,1,6,NaN
6,0,6,0.8770122193000203
5,1,6,0.9880767498019574
3,3,6,0.20936945520216732
4,2,6,0.043199805379105054
5,1,6,NaN
4,2,6,0.03230741676234196
1,5,6,0.0547886579667028
3,3,6,0.027150137488542374
3,3,6,0.00646108262836237
5,1,6,NaN
4,2,6,NaN
6,0,6,NaN
6,0,6,0.0569687888815355
5,1,6,0.016974463801678347
4,2,6,0.4567030950633912
4,2,6,0.014302811501596825
5,1,6,0.390088581715401
4,2,6,NaN
3,3,6,NaN
5,1,6,0.7332177371595686
5,1,6,NaN
4,2,6,NaN
6,0,6,NaN
3,3,6,0.04937587322664477
4,2,6,NaN
2,4,6,NaN
5,1,6,0.6990667746156102
6,0,6,0.1376319999999998
3,3,6,NaN
5,1,6,NaN
6,0,6,0.483768449142263
6,0,6,0.6185582093370283
3,3,6,0.012022118863049316
6,0,6,NaN
5,1,6,NaN
5,1,6,0.8395040133151549
5,1,6,0.8395040133151549
3,3,6,0.7332177371595686
5,1,6,NaN
4,2,6,0.009661710997097717
4,2,6,NaN
4,2,6,0.8395040133151549
4,2,6,0.9534153129152887
5,1,6,0.483768449142263
4,2,6,NaN
6,0,6,0.9614248710601718
6,0,6,0.7925166447343686
6,0,6,0.20936945520216732
3,3,6,NaN
2,4,6,0.8770122193000203
3,3,6,0.043199805379105054
6,0,6,NaN
4,2,6,0.6990667746156102
5,1,6,NaN
6,0,6,NaN
6,0,6,0.43614794933242046
2,4,6,NaN
4,2,6,0.2736599385245901
5,1,6,0.6990667746156102
1,5,6,0.9433412321949546
3,3,6,NaN
6,0,6,0.0026019925927406673
5,1,6,0.6613966634587408
4,2,6,NaN
6,0,6,NaN
6,0,6,NaN
4,2,6,NaN
2,4,6,NaN
3,3,6,NaN
2,4,6,0.03230741676234196
3,3,6,NaN
5,1,6,NaN
2,4,6,0.9079098270401949
5,1,6,0.6185582093370283
2,4,6,0.758303110825557
6,0,6,NaN
3,3,6,NaN
4,2,6,NaN
5,1,6,NaN
2,4,6,0.7641629005282548
4,2,6,NaN
5,1,6,NaN
5,1,6,NaN
5,1,6,0.03230741676234196
3,3,6,0.047807440653218514
4,2,6,0.9326921332428637
5,1,6,NaN
4,2,6,0.9747128701728911
2,4,6,0.20936945520216732
5,1,6,0.636860257513091
5,1,6,0.9848027522935779
2,4,6,0.5757595332036677
2,4,6,0.7641629005282548
4,2,6,NaN
5,1,6,0.9144919968443949
3,3,6,NaN
4,2,6,NaN
2,4,6,0.004823968254268457
4,2,6,0.7641629005282548
4,2,6,NaN
4,2,6,0.5652419540299717
5,1,6,NaN
6,0,6,0.7332177371595686
4,2,6,0.9747128701728911
2,4,6,NaN
3,3,6,0.7641629005282548
5,1,6,0.34926187684352356
5,1,6,0.2886299913744813
5,1,6,0.2736599385245901
3,3,6,0.8770122193000203
3,3,6,NaN
6,0,6,0.7830571474492016
5,1,6,NaN
6,0,6,NaN
5,1,6,NaN
5,1,6,NaN
5,1,6,NaN
4,2,6,0.23998440172325927
5,1,6,NaN
3,3,6,0.2736599385245901
2,4,6,0.0003297306122421771
5,1,6,0.1681912935032862
3,3,6,NaN
4,2,6,NaN
5,1,6,NaN
4,2,6,NaN
4,2,6,0.6990667746156102
5,1,6,NaN
5,1,6,0.43614794933242046
4,2,6,NaN
5,1,6,0.531729986764269
3,3,6,0.18342590517711166
4,2,6,0.9079098270401949
3,3,6,NaN
3,3,6,NaN
4,2,6,0.08603854446441817
4,2,6,NaN
4,2,6,NaN
5,1,6,0.007003252747251538
3,3,6,NaN
4,2,6,NaN
5,1,6,NaN
6,0,6,NaN
4,2,6,0.0569687888815355
5,1,6,0.8597792096635031
4,2,6,0.11835585687382275
2,4,6,0.5757595332036677
4,2,6,1.3267331404844172e-5
4,2,6,NaN
6,0,6,NaN
4,2,6,0.23998440172325927
5,1,6,0.7925166447343686
4,2,6,NaN
3,3,6,NaN
6,0,6,0.20936945520216732
3,3,6,NaN
5,1,6,NaN
3,3,6,NaN
2,4,6,0.34926187684352356
4,2,6,NaN
6,0,6,NaN
5,1,6,0.7394544821147426
6,0,6,0.23998440172325927
3,3,6,NaN
2,4,6,0.2736599385245901
4,2,6,NaN
5,1,6,2.1343800492677317e-5
3,3,6,0.5757595332036677
4,2,6,NaN
2,4,6,0.20936945520216732
5,1,6,0.6990667746156102
5,1,6,0.390088581715401
4,2,6,NaN
5,1,6,0.0569687888815355
6,0,6,NaN
6,0,6,0.18342590517711166
5,1,6,0.7332177371595686
4,2,6,NaN
4,2,6,NaN
6,0,6,0.6185582093370283
5,1,6,0.1026612005498701
4,2,6,0.6990667746156102
3,3,6,0.531729986764269
6,0,6,NaN
5,1,6,0.8770122193000203
4,2,6,NaN
3,3,6,NaN
3,3,6,0.0034726668462361884
4,2,6,0.15921953565114888
4,2,6,NaN
5,1,6,0.03230741676234196
4,2,6,0.0018287266553498765
2,4,6,0.17607806160594627
3,3,6,0.1026612005498701
4,2,6,NaN
3,3,6,NaN
2,4,6,NaN
5,1,6,0.00034626702144795635
6,0,6,0.6990667746156102
4,2,6,0.390088581715401
6,0,6,0.9686139634526727
4,2,6,NaN
5,1,6,0.8185843942460208
5,1,6,NaN
5,1,6,0.390088581715401
3,3,6,NaN
2,4,6,NaN
3,3,6,0.9208024708347865
5,1,6,0.027150137488542374
3,3,6,0.390088581715401
6,0,6,NaN
3,3,6,0.03782247324613561
3,3,6,NaN
4,2,6,0.6990667746156102
4,2,6,0.34926187684352356
6,0,6,NaN
4,2,6,0.043199805379105054
3,3,6,0.565539542390972
5,1,6,0.11835585687382275
5,1,6,NaN
6,0,6,0.7641629005282548
1,5,6,NaN
3,3,6,0.5757595332036677
6,0,6,0.43614794933242046
5,1,6,0.5757595332036677
4,2,6,NaN
6,0,6,NaN
2,4,6,NaN
3,3,6,0.5185014013077198
6,0,6,0.8597792096635031
5,1,6,0.2736599385245901
6,0,6,0.027150137488542374
2,4,6,0.8770122193000203
6,0,6,0.6185582093370283
1,5,6,0.5825272282964099
3,3,6,0.04937587322664477
3,3,6,NaN
4,2,6,NaN
5,1,6,0.9403168816802133
5,1,6,NaN
5,1,6,0.5757595332036677
5,1,6,NaN
2,4,6,NaN
6,0,6,NaN
4,2,6,NaN
6,0,6,NaN
4,2,6,0.5757595332036677
4,2,6,0.000750517455216115
6,0,6,NaN
5,1,6,NaN
5,1,6,NaN
6,0,6,NaN
4,2,6,NaN
2,4,6,0.0569687888815355
6,0,6,0.43614794933242046
3,3,6,NaN
4,2,6,NaN
3,3,6,NaN
4,2,6,0.6185582093370283
4,2,6,NaN
4,2,6,0.4573189871059706
5,1,6,0.7641629005282548
6,0,6,NaN
5,1,6,NaN
4,2,6,0.8770122193000203
3,3,6,0.9096776467547334
4,2,6,NaN
2,4,6,0.1376319999999998
4,2,6,0.18289175153557002
5,1,6,NaN
4,2,6,0.531729986764269
5,1,6,0.8395040133151549
5,1,6,0.7332177371595686
5,1,6,0.7709153361707833
5,1,6,0.6930566490302245
5,1,6,0.3042007367616033
4,2,6,0.8597792096635031
6,0,6,NaN
4,2,6,0.9433412321949546
6,0,6,0.31128496075105533
3,3,6,0.027150137488542374
3,3,6,0.6150789892987253
4,2,6,NaN
4,2,6,NaN
6,0,6,NaN
5,1,6,NaN
4,2,6,NaN
3,3,6,0.31128496075105533
4,2,6,0.7332177371595686
4,2,6,0.483768449142263
2,4,6,0.43614794933242046
6,0,6,NaN
4,2,6,0.7332177371595686
5,1,6,0.9534153129152887
1,5,6,0.20936945520216732
4,2,6,0.8802852570942574
5,1,6,NaN
6,0,6,NaN
4,2,6,NaN
4,2,6,NaN
5,1,6,NaN
6,0,6,NaN
3,3,6,NaN
4,2,6,NaN
4,2,6,0.15921953565114888
3,3,6,0.03230741676234196
2,4,6,NaN
5,1,6,NaN
2,4,6,NaN
4,2,6,NaN
2,4,6,NaN
3,3,6,NaN
1,5,6,NaN
5,1,6,NaN
4,2,6,NaN
3,3,6,NaN
5,1,6,0.6613966634587408
4,2,6,NaN
2,4,6,0.483768449142263
5,1,6,NaN
4,2,6,NaN
4,2,6,0.483768449142263
3,3,6,0.007067804307314109
5,1,6,0.43614794933242046
3,3,6,0.7332177371595686
3,3,6,0.390088581715401
3,3,6,0.43614794933242046
6,0,6,NaN
5,1,6,NaN
3,3,6,0.0683807050359384
5,1,6,0.483768449142263
6,0,6,NaN
4,2,6,NaN
5,1,6,0.1026612005498701
3,3,6,NaN
2,4,6,0.6990667746156102
5,1,6,NaN
6,0,6,NaN
4,2,6,NaN
3,3,6,NaN
6,0,6,NaN
3,3,6,NaN
5,1,6,NaN
6,0,6,0.7641629005282548
4,2,6,0.024019582772408433
3,3,6,NaN
2,4,6,NaN
3,3,6,NaN
3,3,6,NaN
2,4,6,NaN
4,2,6,0.08869205529953894
5,1,6,NaN
4,2,6,0.9326921332428637
6,0,6,NaN
4,2,6,0.9614248710601718
5,1,6,NaN
4,2,6,NaN
3,3,6,NaN
2,4,6,0.5582131129928635
4,2,6,NaN
5,1,6,0.18342590517711166
2,4,6,0.531729986764269
4,2,6,0.7641629005282548
2,4,6,NaN
5,1,6,NaN
5,1,6,NaN
3,3,6,NaN
2,4,6,0.7641629005282548
3,3,6,0.0046797403821581
1,5,6,0.8185843942460208
1,5,6,NaN
3,3,6,0.9079098270401949
5,1,6,NaN
4,2,6,0.34926187684352356
3,3,6,NaN
4,2,6,NaN
3,3,6,NaN
5,1,6,0.9209789316492126
2,4,6,0.483768449142263
3,3,6,0.034682216080708025
4,2,6,NaN
5,1,6,0.07633250114228259
3,3,6,0.6990667746156102
5,1,6,0.5927372455531957
3,3,6,NaN
3,3,6,NaN
5,1,6,NaN
5,1,6,NaN
4,2,6,0.007196532393350652
4,2,6,NaN
3,3,6,0.043199805379105054
4,2,6,0.7925166447343686
3,3,6,0.18342590517711166
4,2,6,0.7641629005282548
5,1,6,0.29765660056058585
6,0,6,NaN
3,3,6,0.15921953565114888
5,1,6,0.11835585687382275
4,2,6,NaN
4,2,6,NaN
4,2,6,NaN
4,2,6,0.2211323483587857
6,0,6,NaN
3,3,6,NaN
3,3,6,NaN
5,1,6,0.016627813551177786
6,0,6,NaN
6,0,6,NaN
2,4,6,NaN
3,3,6,NaN
5,1,6,NaN
2,4,6,NaN
2,4,6,0.483768449142263
3,3,6,0.2736599385245901
1,5,6,0.06525587975951877
6,0,6,0.9919214683718085
5,1,6,NaN
6,0,6,0.30063193405464383
3,3,6,NaN
3,3,6,0.531729986764269
4,2,6,NaN
6,0,6,0.6613966634587408
4,2,6,0.9209789316492126
5,1,6,NaN
2,4,6,0.9534153129152887
5,1,6,NaN
4,2,6,0.390088581715401
5,1,6,0.11305660956765833
3,3,6,0.43614794933242046
5,1,6,0.43614794933242046
6,0,6,NaN
3,3,6,NaN
4,2,6,0.2736599385245901
6,0,6,NaN
4,2,6,NaN
4,2,6,0.07633250114228259
6,0,6,NaN
5,1,6,0.9079098270401949
5,1,6,0.15921953565114888
3,3,6,NaN
5,1,6,0.6802299721623294
2,4,6,0.04284503402263125
5,1,6,NaN
6,0,6,0.483768449142263
4,2,6,0.7582271649271727
5,1,6,0.0014838096210776498
2,4,6,NaN
3,3,6,0.23985002573279326
6,0,6,NaN
5,1,6,NaN
6,0,6,NaN
5,1,6,0.0021765400823903574
3,3,6,0.10733328371946868
4,2,6,0.8854250673282386
4,2,6,0.9079098270401949
5,1,6,0.6185582093370283
5,1,6,0.20936945520216732
3,3,6,NaN
5,1,6,NaN
4,2,6,NaN
4,2,6,0.9209789316492126
5,1,6,NaN
4,2,6,0.43614794933242046
5,1,6,0.3676537477010368
3,3,6,0.15921953565114888
3,3,6,0.31128496075105533
2,4,6,0.7925166447343686
3,3,6,NaN
2,4,6,NaN
3,3,6,NaN
2,4,6,NaN
4,2,6,NaN
3,3,6,0.19955926484369968
4,2,6,NaN
6,0,6,NaN
1,5,6,NaN
3,3,6,0.08869205529953894
5,1,6,NaN
5,1,6,0.7681398714099498
2,4,6,0.11835585687382275
2,4,6,NaN
3,3,6,NaN
2,4,6,0.0033223973328295633
3,3,6,NaN
3,3,6,0.255110557217973
3,3,6,0.483768449142263
4,2,6,0.552401248937484
3,3,6,0.34926187684352356
5,1,6,0.7332177371595686
3,3,6,0.390088581715401
3,3,6,NaN
4,2,6,NaN
6,0,6,NaN
3,3,6,0.5757595332036677
2,4,6,NaN
1,5,6,NaN
2,4,6,NaN
6,0,6,NaN
3,3,6,0.8125904191310147
4,2,6,0.6613966634587408
4,2,6,NaN
6,0,6,NaN
5,1,6,NaN
6,0,6,0.9079098270401949
3,3,6,NaN
4,2,6,0.9326921332428637
5,1,6,NaN
4,2,6,0.1172815188230682
4,2,6,0.30680566863982567
6,0,6,0.11835585687382275
6,0,6,NaN
5,1,6,NaN
5,1,6,NaN
4,2,6,0.9209789316492126
4,2,6,NaN
4,2,6,NaN
5,1,6,0.04937587322664477
6,0,6,NaN
6,0,6,NaN
3,3,6,0.6185582093370283
4,2,6,NaN
5,1,6,0.34926187684352356
6,0,6,NaN
4,2,6,0.18342590517711166
6,0,6,0.9344020616747873
4,2,6,0.8185843942460208
4,2,6,NaN
5,1,6,NaN
6,0,6,NaN
2,4,6,0.2866006712741997
6,0,6,0.21563534537582132
5,1,6,NaN
5,1,6,0.5757595332036677
5,1,6,NaN
5,1,6,NaN
3,3,6,NaN
4,2,6,NaN
5,1,6,NaN
5,1,6,NaN
6,0,6,NaN
3,3,6,NaN
3,3,6,0.20647080799341824
2,4,6,0.20936945520216732
3,3,6,0.483768449142263
4,2,6,0.0569687888815355
5,1,6,NaN
3,3,6,NaN
6,0,6,0.893076864532752
3,3,6,NaN
4,2,6,NaN
5,1,6,0.7641629005282548
6,0,6,0.531729986764269
3,3,6,NaN
5,1,6,0.390088581715401
6,0,6,NaN
3,3,6,0.7925166447343686
6,0,6,0.11835585687382275
3,3,6,0.15921953565114888
6,0,6,0.6990667746156102
6,0,6,NaN
6,0,6,NaN
6,0,6,NaN
6,0,6,0.9079098270401949
4,2,6,0.18342590517711166
4,2,6,NaN
4,2,6,0.1482371892716262
5,1,6,NaN
2,4,6,0.08869205529953894
4,2,6,0.7108232721518681
5,1,6,NaN
5,1,6,NaN
4,2,6,0.6794756735674712
3,3,6,NaN
4,2,6,NaN
5,1,6,NaN
3,3,6,0.6990667746156102
5,1,6,NaN
5,1,6,0.8597792096635031
4,2,6,NaN
5,1,6,NaN
6,0,6,NaN
3,3,6,NaN
3,3,6,NaN
4,2,6,0.1376319999999998
3,3,6,NaN
4,2,6,NaN
2,4,6,NaN
3,3,6,NaN
5,1,6,NaN
5,1,6,NaN
4,2,6,NaN
4,2,6,0.9534153129152887
4,2,6,0.24039576389531606
6,0,6,NaN
3,3,6,NaN
5,1,6,NaN
5,1,6,0.5757595332036677
3,3,6,NaN
4,2,6,NaN
6,0,6,0.25483479110887486
3,3,6,0.34926187684352356
5,1,6,NaN
4,2,6,0.11835585687382275
3,3,6,0.9326921332428637
5,1,6,0.5757595332036677
6,0,6,NaN
3,3,6,0.43614794933242046
5,1,6,NaN
3,3,6,NaN
6,0,6,NaN
4,2,6,NaN
5,1,6,0.7991173541293757
4,2,6,NaN
4,2,6,NaN
4,2,6,0.7332177371595686
2,4,6,0.8659341503511653
5,1,6,0.08869205529953894
4,2,6,0.8597792096635031
5,1,6,NaN
6,0,6,NaN
4,2,6,0.8770122193000203
4,2,6,0.016437208106361952
4,2,6,NaN
6,0,6,NaN
4,2,6,0.08869205529953894
5,1,6,0.8770122193000203
5,1,6,NaN
2,4,6,NaN
5,1,6,0.9433412321949546
5,1,6,NaN
5,1,6,NaN
4,2,6,NaN
4,2,6,NaN
6,0,6,0.6613966634587408
5,1,6,NaN
3,3,6,NaN
3,3,6,NaN
4,2,6,NaN
5,1,6,NaN
2,4,6,0.5757595332036677
5,1,6,0.8770122193000203
3,3,6,NaN
5,1,6,0.5825272282964099
5,1,6,NaN
5,1,6,0.893076864532752
6,0,6,0.43614794933242046
2,4,6,NaN
4,2,6,NaN
2,4,6,0.5097092446358592
5,1,6,0.8597792096635031
5,1,6,NaN
4,2,6,0.11835585687382275
4,2,6,0.13797619272253211
5,1,6,NaN
5,1,6,0.3304460157406574
3,3,6,0.07633250114228259
4,2,6,NaN
4,2,6,0.8130550058173163
6,0,6,0.20680007776582618
5,1,6,0.1376319999999998
3,3,6,0.2736599385245901
5,1,6,NaN
4,2,6,0.20936945520216732
4,2,6,NaN
4,2,6,NaN
4,2,6,0.483768449142263
4,2,6,NaN
2,4,6,0.002250724595812046
3,3,6,NaN
5,1,6,NaN
4,2,6,NaN
2,4,6,NaN
6,0,6,0.31128496075105533
4,2,6,0.002499079689224848
4,2,6,NaN
4,2,6,0.390088581715401
4,2,6,NaN
5,1,6,NaN
4,2,6,NaN
4,2,6,NaN
3,3,6,NaN
4,2,6,NaN
6,0,6,NaN
2,4,6,0.31128496075105533
4,2,6,0.34926187684352356
3,3,6,NaN
2,4,6,0.019519080662983124
6,0,6,NaN
4,2,6,0.27654819534762787
6,0,6,NaN
2,4,6,0.7641629005282548
5,1,6,0.8597792096635031
6,0,6,NaN
2,4,6,NaN
3,3,6,NaN
4,2,6,0.5459424067501532
5,1,6,0.30459525140320604
4,2,6,NaN
3,3,6,NaN
6,0,6,0.5757595332036677
3,3,6,NaN
4,2,6,0.8707223451381064
5,1,6,0.00043058798429974454
3,3,6,0.011810305524924604
2,4,6,0.5825455385005127
3,3,6,NaN
6,0,6,NaN
6,0,6,NaN
3,3,6,NaN
3,3,6,NaN
3,3,6,0.003788441268422185
1,5,6,0.390088581715401
5,1,6,0.9079098270401949
5,1,6,0.6185582093370283
2,4,6,NaN
3,3,6,NaN
4,2,6,0.30746299205241734
6,0,6,NaN
6,0,6,NaN
5,1,6,NaN
4,2,6,0.45574032487896876
4,2,6,NaN
5,1,6,0.8597792096635031
4,2,6,NaN
3,3,6,0.5757595332036677
4,2,6,0.5757595332036677
5,1,6,NaN
3,3,6,0.9848027522935779
4,2,6,0.531729986764269
4,2,6,0.14000969642532812
4,2,6,NaN
4,2,6,0.560681281690559
2,4,6,NaN
3,3,6,0.18342590517711166
4,2,6,0.6990667746156102
5,1,6,NaN
6,0,6,0.5757595332036677
6,0,6,0.6613966634587408
5,1,6,2.944877188840722e-7
6,0,6,NaN
6,0,6,NaN
2,4,6,0.007003252747251538
4,2,6,NaN
5,1,6,NaN
5,1,6,NaN
3,3,6,NaN
6,0,6,NaN
2,4,6,9.308648121527979e-5
2,4,6,0.1376319999999998
6,0,6,0.531729986764269
1,5,6,NaN
4,2,6,NaN
6,0,6,0.9686139634526727
3,3,6,NaN
4,2,6,NaN
5,1,6,NaN
2,4,6,NaN
4,2,6,NaN
4,2,6,NaN
3,3,6,0.7641629005282548
4,2,6,NaN
2,4,6,0.9534153129152887
5,1,6,NaN
6,0,6,NaN
3,3,6,NaN
5,1,6,0.2736599385245901
4,2,6,NaN
3,3,6,0.2294986141883395
4,2,6,0.3688186119116055
2,4,6,0.6990667746156102
6,0,6,NaN
1,5,6,0.4911212681008085
4,2,6,0.0569687888815355
4,2,6,NaN
1,5,6,NaN
5,1,6,NaN
6,0,6,0.01730542833069373
2,4,6,0.6990667746156102
4,2,6,NaN
4,2,6,0.483768449142263
3,3,6,0.9079098270401949
2,4,6,0.7925166447343686
4,2,6,0.5757595332036677
3,3,6,0.9135947361357766
5,1,6,0.08869205529953894
4,2,6,NaN
4,2,6,NaN
2,4,6,0.7641629005282548
3,3,6,0.35513696378680537
3,3,6,0.8770122193000203
3,3,6,0.23998440172325927
5,1,6,0.34926187684352356
3,3,6,0.00044699597405803415
4,2,6,NaN
6,0,6,0.9326921332428637
5,1,6,0.893076864532752
4,2,6,0.04937587322664477
3,3,6,NaN
5,1,6,NaN
3,3,6,NaN
4,2,6,NaN
5,1,6,NaN
3,3,6,NaN
4,2,6,0.483768449142263
2,4,6,0.6613966634587408
6,0,6,0.23998440172325927
6,0,6,0.2736599385245901
3,3,6,NaN
5,1,6,0.06525587975951877
3,3,6,NaN
4,2,6,NaN
6,0,6,0.23998440172325927
2,4,6,0.5757595332036677
3,3,6,0.7641629005282548
1,5,6,NaN
4,2,6,NaN
3,3,6,0.016742698901359227
2,4,6,0.016627813551177786
4,2,6,0.6185582093370283
3,3,6,0.2736599385245901
3,3,6,0.7521927248096077
2,4,6,NaN
2,4,6,0.6272537348123374
6,0,6,0.6185582093370283
5,1,6,0.7332177371595686
4,2,6,0.9079098270401949
4,2,6,0.560681281690559
5,1,6,0.531729986764269
3,3,6,0.560681281690559
6,0,6,NaN
1,5,6,NaN
3,3,6,NaN
4,2,6,NaN
4,2,6,NaN
5,1,6,0.11835585687382275
4,2,6,0.483768449142263
4,2,6,NaN
5,1,6,NaN
6,0,6,0.9079098270401949
3,3,6,NaN
5,1,6,NaN
5,1,6,0.03230741676234196
4,2,6,NaN
4,2,6,0.6613966634587408
2,4,6,0.390088581715401
3,3,6,NaN
5,1,6,NaN
5,1,6,0.539689308488104
1,5,6,NaN
3,3,6,NaN
3,3,6,NaN
4,2,6,0.9433412321949546
4,2,6,0.6990667746156102
4,2,6,0.390088581715401
5,1,6,0.5757595332036677
1,5,6,0.6185582093370283
4,2,6,0.7332177371595686
3,3,6,0.390088581715401
5,1,6,0.9534714614243717
5,1,6,NaN
1,5,6,NaN
4,2,6,NaN
3,3,6,0.20936945520216732
4,2,6,0.43614794933242046
3,3,6,0.03633898294926667
5,1,6,NaN
3,3,6,0.1026612005498701
4,2,6,NaN
6,0,6,0.8770122193000203
4,2,6,NaN
5,1,6,NaN
4,2,6,0.009000088689046129
3,3,6,0.0004191128404673452
4,2,6,0.20936945520216732
1,5,6,0.9686139634526727
4,2,6,0.043199805379105054
4,2,6,NaN
4,2,6,0.003140615788714819
4,2,6,0.3566774067387504
5,1,6,0.07633250114228259
5,1,6,NaN
2,4,6,NaN
6,0,6,0.980101638801523
4,2,6,0.531729986764269
4,2,6,0.31128496075105533
6,0,6,0.0994908064228379
5,1,6,NaN
5,1,6,NaN
3,3,6,0.5605686154146111
4,2,6,0.5757595332036677
5,1,6,0.7332177371595686
4,2,6,0.3760544360670689
2,4,6,NaN
5,1,6,0.37233163898442356
4,2,6,0.390088581715401
5,1,6,0.014302811501596825
4,2,6,0.2736599385245901
4,2,6,0.8395040133151549
2,4,6,NaN
5,1,6,NaN
5,1,6,0.390088581715401
2,4,6,NaN
4,2,6,0.8770122193000203
5,1,6,0.6613966634587408
6,0,6,NaN
3,3,6,NaN
2,4,6,0.18342590517711166
3,3,6,0.6613966634587408
4,2,6,0.20936945520216732
6,0,6,0.012022118863049316
6,0,6,NaN
3,3,6,0.6613966634587408
4,2,6,NaN
3,3,6,0.43614794933242046
2,4,6,NaN
4,2,6,NaN
6,0,6,NaN
6,0,6,NaN
1,5,6,NaN
2,4,6,0.5757595332036677
3,3,6,0.08869205529953894
5,1,6,NaN
5,1,6,0.7925166447343686
6,0,6,0.15921953565114888
2,4,6,0.29078996240530314
1,5,6,NaN
2,4,6,NaN
2,4,6,0.5757595332036677
5,1,6,0.43614794933242046
6,0,6,0.7332177371595686
6,0,6,0.07630200450174383
5,1,6,0.1026612005498701
4,2,6,0.43614794933242046
4,2,6,NaN
5,1,6,0.04937587322664477
6,0,6,0.2736599385245901
3,3,6,0.7641629005282548
3,3,6,0.23998440172325927
4,2,6,0.23998440172325927
3,3,6,NaN
3,3,6,0.07633250114228259
3,3,6,0.483768449142263
4,2,6,0.7332177371595686
3,3,6,0.9079098270401949
3,3,6,0.7925166447343686
3,3,6,NaN
3,3,6,NaN
5,1,6,0.9534153129152887
2,4,6,0.01893601341299022
4,2,6,NaN
3,3,6,0.6613966634587408
4,2,6,0.6990667746156102
2,4,6,0.3873264226666254
3,3,6,NaN
4,2,6,NaN
4,2,6,0.8770122193000203
2,4,6,NaN
4,2,6,0.1854838105868872
6,0,6,NaN
5,1,6,NaN
4,2,6,0.06525587975951877
4,2,6,NaN
5,1,6,NaN
4,2,6,0.7332177371595686
3,3,6,0.31128496075105533
2,4,6,0.6185582093370283
6,0,6,NaN
1,5,6,0.6613966634587408
3,3,6,NaN
5,1,6,0.012022118863049316
1,5,6,0.865727831589257
3,3,6,NaN
3,3,6,NaN
6,0,6,0.08869205529953894
5,1,6,0.009912176912471659
3,3,6,0.0003297306122421771
5,1,6,0.08869205529953894
5,1,6,0.07633250114228259
3,3,6,0.007029405318259283
5,1,6,0.34926187684352356
5,1,6,0.980101638801523
3,3,6,NaN
5,1,6,0.483768449142263
4,2,6,NaN
2,4,6,0.6613966634587408
4,2,6,0.6613966634587408
3,3,6,NaN
6,0,6,NaN
3,3,6,NaN
4,2,6,NaN
3,3,6,NaN
1,5,6,0.83561122182136
5,1,6,NaN
3,3,6,0.18342590517711166
6,0,6,NaN
2,4,6,NaN
6,0,6,0.6990667746156102
4,2,6,NaN
3,3,6,0.9534153129152887
4,2,6,NaN
3,3,6,NaN
3,3,6,0.7700809070434429
6,0,6,NaN
5,1,6,NaN
2,4,6,NaN
3,3,6,0.7641629005282548
4,2,6,0.5757595332036677
3,3,6,0.531729986764269
3,3,6,NaN
4,2,6,NaN
4,2,6,NaN
3,3,6,0.7641629005282548
4,2,6,0.34926187684352356
3,3,6,0.9510569186687996
1,5,6,0.06525587975951877
6,0,6,NaN
3,3,6,NaN
2,4,6,0.7627380747876166
2,4,6,NaN
5,1,6,0.7385872548930311
5,1,6,NaN
5,1,6,NaN
6,0,6,NaN
5,1,6,0.552401248937484
1,5,6,NaN
3,3,6,NaN
5,1,6,0.08952305678297023
4,2,6,0.7641629005282548
6,0,6,0.9614248710601718
1,5,6,NaN
3,3,6,0.6613966634587408
4,2,6,NaN
4,2,6,NaN
5,1,6,0.3924605656050917
3,3,6,0.8072230658574484
3,3,6,NaN
1,5,6,NaN
2,4,6,NaN
5,1,6,0.483768449142263
3,3,6,NaN
3,3,6,NaN
5,1,6,NaN
2,4,6,0.6990667746156102
5,1,6,0.06525587975951877
3,3,6,NaN
5,1,6,NaN
3,3,6,0.31128496075105533
4,2,6,0.5466619903180393
4,2,6,NaN
6,0,6,NaN
4,2,6,0.6741830672601722
5,1,6,NaN
6,0,6,0.483768449142263
2,4,6,NaN
1,5,6,NaN
5,1,6,0.6185582093370283
6,0,6,NaN
3,3,6,0.23998440172325927
3,3,6,0.531729986764269
4,2,6,NaN
3,3,6,NaN
4,2,6,NaN
5,1,6,0.8597792096635031
4,2,6,NaN
4,2,6,0.8339712145961206
5,1,6,NaN
4,2,6,0.004018125653527912
3,3,6,NaN
3,3,6,NaN
5,1,6,NaN
6,0,6,0.9534153129152887
3,3,6,NaN
4,2,6,0.893076864532752
6,0,6,0.4542879627748681
4,2,6,NaN
5,1,6,0.6185582093370283
6,0,6,NaN
3,3,6,NaN
3,3,6,NaN
4,2,6,NaN
6,0,6,0.3796937471691394
5,1,6,0.7332177371595686
4,2,6,0.6613966634587408
2,4,6,NaN
2,4,6,0.9534153129152887
3,3,6,NaN
3,3,6,1.2934928469348406e-9
5,1,6,NaN
4,2,6,0.7925166447343686
3,3,6,NaN
4,2,6,NaN
4,2,6,NaN
2,4,6,NaN
3,3,6,NaN
3,3,6,0.06525587975951877
5,1,6,0.03782247324613561
5,1,6,0.390088581715401
2,4,6,0.390088581715401
4,2,6,0.8597792096635031
3,3,6,0.5187081425895593
2,4,6,NaN
4,2,6,0.34866144124338166
3,3,6,0.34926187684352356
4,2,6,NaN
5,1,6,0.2736599385245901
3,3,6,NaN
4,2,6,NaN
2,4,6,0.483768449142263
6,0,6,0.483768449142263
2,4,6,0.8395040133151549
3,3,6,0.6754148456415483
1,5,6,NaN
2,4,6,NaN
4,2,6,0.8597792096635031
4,2,6,0.1026612005498701
5,1,6,0.6613966634587408
5,1,6,0.34926187684352356
4,2,6,NaN
5,1,6,0.07633250114228259
2,4,6,0.06525587975951877
4,2,6,NaN
2,4,6,0.6990667746156102
3,3,6,0.3991393814669719
2,4,6,NaN
3,3,6,0.4678296699319451
5,1,6,0.43614794933242046
2,4,6,NaN
6,0,6,0.8395040133151549
5,1,6,NaN
5,1,6,0.6185582093370283
4,2,6,NaN
5,1,6,0.34926187684352356
2,4,6,NaN
4,2,6,0.7641629005282548
2,4,6,0.06550440300795869
4,2,6,0.5757595332036677
5,1,6,NaN
5,1,6,NaN
4,2,6,NaN
3,3,6,0.7925166447343686
3,3,6,NaN
6,0,6,NaN
3,3,6,0.15921953565114888
5,1,6,0.7641629005282548
4,2,6,0.1214080515651147
2,4,6,NaN
4,2,6,NaN
4,2,6,NaN
5,1,6,NaN
2,4,6,NaN
2,4,6,0.8185843942460208
5,1,6,NaN
2,4,6,0.3352053516210078
3,3,6,0.483768449142263
6,0,6,0.23998440172325927
1,5,6,0.6990667746156102
4,2,6,NaN
3,3,6,0.0003297306122421771
2,4,6,0.20936945520216732
4,2,6,0.47737194557153373
4,2,6,NaN
5,1,6,0.8597792096635031
4,2,6,NaN
4,2,6,NaN
2,4,6,NaN
1,5,6,NaN
1,5,6,NaN
3,3,6,0.2736599385245901
1,5,6,NaN
2,4,6,0.7641629005282548
1,5,6,NaN
2,4,6,0.43614794933242046
4,2,6,0.9433412321949546
3,3,6,NaN
4,2,6,0.5807958875536995
3,3,6,NaN
4,2,6,NaN
4,2,6,NaN
5,1,6,NaN
2,4,6,0.06947535456212187
3,3,6,0.0030892543021027673
4,2,6,0.18342590517711166
2,4,6,NaN
2,4,6,0.6161119265109514
2,4,6,NaN
1,5,6,0.7641629005282548
3,3,6,NaN
5,1,6,0.06525587975951877
3,3,6,0.8185843942460208
3,3,6,0.1376319999999998
5,1,6,0.08869205529953894
4,2,6,NaN
3,3,6,0.36958211077647357
4,2,6,NaN
1,5,6,NaN
3,3,6,NaN
4,2,6,0.004582407044711672
4,2,6,0.34926187684352356
3,3,6,0.8395040133151549
4,2,6,0.6613966634587408
5,1,6,0.6613966634587408
6,0,6,0.34926187684352356
5,1,6,0.6185582093370283
3,3,6,NaN
3,3,6,NaN
5,1,6,0.03782247324613561
4,2,6,NaN
2,4,6,NaN
3,3,6,NaN
1,5,6,NaN
3,3,6,NaN
3,3,6,NaN
3,3,6,0.9686139634526727
4,2,6,NaN
2,4,6,NaN
3,3,6,0.11835585687382275
4,2,6,0.00829404517453861
4,2,6,0.43614794933242046
1,5,6,NaN
3,3,6,NaN
3,3,6,0.2736599385245901
1,5,6,NaN
4,2,6,0.08438998601021308
2,4,6,NaN
4,2,6,0.5341364761574285
1,5,6,NaN
4,2,6,0.9433412321949546
2,4,6,0.7332177371595686
4,2,6,NaN
3,3,6,NaN
3,3,6,0.5757595332036677
3,3,6,0.8597792096635031
3,3,6,0.31128496075105533
2,4,6,NaN
6,0,6,NaN
4,2,6,0.6990667746156102
2,4,6,0.11835585687382275
6,0,6,NaN
3,3,6,0.6613966634587408
4,2,6,NaN
2,4,6,NaN
3,3,6,0.43614794933242046
4,2,6,0.390088581715401
6,0,6,NaN
4,2,6,NaN
3,3,6,0.7876000189836431
1,5,6,0.5757595332036677
2,4,6,NaN
4,2,6,0.7925166447343686
5,1,6,0.8185843942460208
2,4,6,0.893076864532752
2,4,6,NaN
3,3,6,0.0569687888815355
3,3,6,0.531729986764269
2,4,6,NaN
4,2,6,NaN
3,3,6,0.6613966634587408
2,4,6,NaN
2,4,6,0.9209789316492126
3,3,6,NaN
6,0,6,NaN
3,3,6,0.2294986141883395
6,0,6,0.24039576389531606
2,4,6,NaN
4,2,6,0.027150137488542374
3,3,6,0.1026612005498701
4,2,6,NaN
3,3,6,0.6185582093370283
5,1,6,0.00829404517453861
1,5,6,0.531729986764269
1,5,6,NaN
1,5,6,NaN
5,1,6,NaN
3,3,6,0.9079098270401949
5,1,6,NaN
4,2,6,0.6613966634587408
2,4,6,0.9888383068434982
2,4,6,0.7925166447343686
3,3,6,0.34926187684352356
2,4,6,NaN
1,5,6,NaN
4,2,6,0.23998440172325927
2,4,6,NaN
5,1,6,NaN
4,2,6,0.2736599385245901
5,1,6,0.07633250114228259
4,2,6,NaN
2,4,6,NaN
5,1,6,NaN
2,4,6,NaN
3,3,6,NaN
3,3,6,0.483768449142263
1,5,6,0.531729986764269
2,4,6,0.6185582093370283
6,0,6,0.483768449142263
2,4,6,0.9433412321949546
2,4,6,0.5757595332036677
6,0,6,NaN
3,3,6,NaN
3,3,6,NaN
3,3,6,0.6990667746156102
5,1,6,0.6185582093370283
3,3,6,0.9491456081182679
2,4,6,NaN
6,0,6,0.4408822352946593
4,2,6,NaN
3,3,6,NaN
3,3,6,0.6990667746156102
2,4,6,0.11835585687382275
3,3,6,NaN
2,4,6,0.9614248710601718
6,0,6,0.8770122193000203
2,4,6,NaN
3,3,6,0.6053452527694343
1,5,6,0.23998440172325927
3,3,6,0.04937587322664477
4,2,6,0.1026612005498701
5,1,6,NaN
1,5,6,NaN
3,3,6,0.6185582093370283
6,0,6,0.31128496075105533
3,3,6,0.893076864532752
3,3,6,0.43614794933242046
3,3,6,0.20936945520216732
4,2,6,0.9433412321949546
3,3,6,0.6857404616255487
4,2,6,NaN
4,2,6,0.7935044333738318
2,4,6,0.8597792096635031
2,4,6,NaN
1,5,6,0.004939389942292157
5,1,6,0.1026612005498701
2,4,6,NaN
2,4,6,0.4723135426705445
5,1,6,0.5757595332036677
2,4,6,0.9888383068434982
1,5,6,0.31128496075105533
2,4,6,NaN
2,4,6,NaN
2,4,6,0.08869205529953894
4,2,6,NaN
2,4,6,NaN
2,4,6,0.5266435019451253
4,2,6,NaN
4,2,6,0.04937587322664477
2,4,6,0.7641629005282548
3,3,6,NaN
1,5,6,0.6613966634587408
2,4,6,NaN
4,2,6,0.2736599385245901
1,5,6,0.027150137488542374
3,3,6,NaN
2,4,6,0.34926187684352356
4,2,6,NaN
1,5,6,NaN
2,4,6,0.03782247324613561
3,3,6,0.31128496075105533
1,5,6,0.390088581715401
6,0,6,0.6375068000154904
3,3,6,0.9534153129152887
2,4,6,NaN
4,2,6,NaN
1,5,6,NaN
2,4,6,0.9888383068434982
4,2,6,NaN
2,4,6,NaN
3,3,6,NaN
4,2,6,NaN
2,4,6,0.07633250114228259
2,4,6,NaN
4,2,6,NaN
3,3,6,0.8597792096635031
2,4,6,NaN
5,1,6,0.6990667746156102
1,5,6,NaN
3,3,6,0.5757595332036677
3,3,6,NaN
5,1,6,0.9848027522935779
6,0,6,0.6990667746156102
1,5,6,NaN
5,1,6,NaN
6,0,6,0.5757595332036677
4,2,6,NaN
4,2,6,0.531729986764269
3,3,6,NaN
6,0,6,NaN
3,3,6,NaN
4,2,6,NaN
1,5,6,0.390088581715401
4,2,6,NaN
3,3,6,NaN
3,3,6,NaN
2,4,6,0.15921953565114888
3,3,6,NaN
2,4,6,NaN
2,4,6,0.2736599385245901
3,3,6,0.893076864532752
3,3,6,NaN
2,4,6,NaN
1,5,6,NaN
2,4,6,0.7332177371595686
4,2,6,0.008751484670864415
3,3,6,NaN
2,4,6,0.016627813551177786
3,3,6,NaN
3,3,6,0.483768449142263
1,5,6,0.4856283699035989
4,2,6,0.9433412321949546
1,5,6,NaN
1,5,6,NaN
1,5,6,0.7332177371595686
4,2,6,NaN
2,4,6,NaN
3,3,6,0.5942162490903875
5,1,6,NaN
4,2,6,NaN
3,3,6,0.8130550058173163
6,0,6,NaN
2,4,6,0.980101638801523
5,1,6,0.34926187684352356
5,1,6,NaN
2,4,6,NaN
1,5,6,NaN
1,5,6,NaN
4,2,6,0.893076864532752
4,2,6,NaN
2,4,6,4.725865299167363e-5
2,4,6,NaN
1,5,6,NaN
2,4,6,NaN
1,5,6,0.43577762349235377
2,4,6,NaN
1,5,6,NaN
1,5,6,0.5757595332036677
3,3,6,NaN
2,4,6,0.9534153129152887
1,5,6,0.43614794933242046
2,4,6,NaN
3,3,6,NaN
2,4,6,NaN
3,3,6,0.9686139634526727
3,3,6,NaN
3,3,6,NaN
2,4,6,0.03782247324613561
1,5,6,0.08869205529953894
3,3,6,NaN
4,2,6,0.04357911187942519
1,5,6,NaN
3,3,6,NaN
2,4,6,NaN
1,5,6,0.22036920251922612
4,2,6,NaN
1,5,6,NaN
2,4,6,0.08869205529953894
2,4,6,0.8770122193000203
1,5,6,NaN
3,3,6,0.5757595332036677
2,4,6,NaN
1,5,6,0.3566774067387504
2,4,6,0.5757595332036677
2,4,6,NaN
1,5,6,0.019519080662983124
4,2,6,NaN
3,3,6,NaN
3,3,6,NaN
6,0,6,NaN
4,2,6,NaN
1,5,6,NaN
3,3,6,0.5757595332036677
2,4,6,NaN
3,3,6,0.7925166447343686
3,3,6,0.9919214683718085
2,4,6,0.6990667746156102
4,2,6,NaN
3,3,6,0.014548555890989742
1,5,6,NaN
2,4,6,0.31128496075105533
3,3,6,0.8185843942460208
2,4,6,0.5506427762604919
5,1,6,0.6613966634587408
1,5,6,NaN
3,3,6,0.6185582093370283
2,4,6,0.0003297306122421771
2,4,6,0.43614794933242046
2,4,6,0.10894405465708702
1,5,6,NaN
2,4,6,0.6990667746156102
1,5,6,NaN
1,5,6,0.0569687888815355
2,4,6,0.9326921332428637
3,3,6,0.6990667746156102
3,3,6,NaN
4,2,6,0.893076864532752
4,2,6,NaN
1,5,6,0.024664287013170735
2,4,6,NaN
2,4,6,0.7332177371595686
2,4,6,0.9326921332428637
3,3,6,0.8395040133151549
2,4,6,NaN
1,5,6,NaN
2,4,6,0.9209789316492126
3,3,6,0.34926187684352356
1,5,6,0.04937587322664477
2,4,6,NaN
4,2,6,NaN
1,5,6,0.3706137551149899
1,5,6,NaN
2,4,6,NaN
1,5,6,0.5757595332036677
2,4,6,NaN
1,5,6,0.9326921332428637
2,4,6,0.43614794933242046
1,5,6,NaN
1,5,6,0.5757595332036677
1,5,6,0.9433412321949546
1,5,6,0.31128496075105533
1,5,6,NaN
2,4,6,0.5093154232826997
1,5,6,NaN
1,5,6,NaN
2,4,6,NaN
1,5,6,NaN
1,5,6,0.000900299692152711
1,5,6,NaN
1,5,6,NaN
2,4,6,NaN
1,5,6,NaN
1,5,6,NaN
1,5,6,NaN
1,5,6,NaN
1,5,6,NaN
1,5,6,0.34926187684352356
0,6,6,NaN
0,6,6,NaN
0,6,6,0.5459424067501532
0,6,6,NaN
0,6,6,NaN
0,6,6,NaN
0,6,6,0.893076864532752
0,6,6,0.20936945520216732
0,6,6,NaN
0,6,6,0.02157051064231121
0,6,6,NaN
0,6,6,0.6185582093370283
0,6,6,0.23998440172325927
0,6,6,0.20936945520216732
0,6,6,NaN
0,6,6,0.03230741676234196
0,6,6,0.08869205529953894
0,6,6,0.7925166447343686
0,6,6,0.6185582093370283
0,6,6,NaN
0,6,6,0.531729986764269
0,6,6,NaN
0,6,6,NaN
0,6,6,NaN
0,6,6,NaN
0,6,6,0.8185843942460208
0,6,6,NaN
0,6,6,NaN
0,6,6,NaN
0,6,6,0.23998440172325927
0,6,6,NaN
0,6,6,NaN
0,6,6,NaN
0,6,6,NaN
0,6,6,NaN
0,6,6,0.0791893597363959
0,6,6,0.9209789316492126
0,6,6,0.893076864532752
0,6,6,0.8395040133151549
0,6,6,NaN
0,6,6,0.9326921332428637
0,6,6,0.390088581715401
0,6,6,NaN
0,6,6,NaN
0,6,6,0.1075886913389418
0,6,6,NaN
0,6,6,NaN
0,6,6,NaN
0,6,6,NaN
0,6,6,NaN
0,6,6,NaN
0,6,6,NaN
0,6,6,NaN
0,6,6,NaN
0,6,6,0.8597792096635031
0,6,6,NaN
0,6,6,NaN
0,6,6,0.5757595332036677
0,6,6,0.23998440172325927
0,6,6,NaN
0,6,6,NaN
0,6,6,NaN
3,2,5,NaN
5,0,5,NaN
5,0,5,NaN
4,1,5,NaN
2,3,5,NaN
3,2,5,NaN
2,3,5,0.531729986764269
5,0,5,0.07633250114228259
4,1,5,NaN
4,1,5,0.7925166447343686
5,0,5,0.531729986764269
4,1,5,NaN
2,3,5,NaN
3,2,5,NaN
5,0,5,NaN
4,1,5,NaN
4,1,5,0.8395040133151549
4,1,5,NaN
3,2,5,0.8597792096635031
5,0,5,NaN
3,2,5,NaN
5,0,5,NaN
5,0,5,0.001450341113107375
2,3,5,0.8597792096635031
5,0,5,NaN
4,1,5,0.6701343507063929
4,1,5,NaN
4,1,5,0.6990667746156102
5,0,5,NaN
2,3,5,NaN
5,0,5,NaN
2,3,5,0.2736599385245901
5,0,5,0.483768449142263
4,1,5,0.0569687888815355
5,0,5,NaN
4,1,5,0.483768449142263
3,2,5,NaN
2,3,5,0.23998440172325927
5,0,5,NaN
5,0,5,NaN
5,0,5,0.1376319999999998
3,2,5,0.9433412321949546
2,3,5,NaN
2,3,5,NaN
4,1,5,NaN
4,1,5,0.8185843942460208
4,1,5,0.6244599015519221
3,2,5,NaN
3,2,5,0.15921953565114888
4,1,5,NaN
4,1,5,NaN
2,3,5,0.8597792096635031
3,2,5,NaN
5,0,5,0.2736599385245901
5,0,5,0.03230741676234196
3,2,5,NaN
4,1,5,0.531729986764269
5,0,5,NaN
5,0,5,NaN
1,4,5,NaN
5,0,5,NaN
2,3,5,NaN
3,2,5,NaN
5,0,5,NaN
4,1,5,0.11835585687382275
4,1,5,0.9951674219217004
5,0,5,NaN
5,0,5,0.04937587322664477
4,1,5,0.1478636566050953
3,2,5,NaN
4,1,5,0.5775170807191278
3,2,5,NaN
5,0,5,NaN
5,0,5,NaN
4,1,5,NaN
5,0,5,NaN
4,1,5,NaN
4,1,5,NaN
4,1,5,0.8597792096635031
4,1,5,NaN
3,2,5,NaN
4,1,5,NaN
5,0,5,NaN
5,0,5,NaN
3,2,5,0.04937587322664477
4,1,5,NaN
4,1,5,0.390088581715401
1,4,5,NaN
5,0,5,NaN
4,1,5,NaN
4,1,5,NaN
2,3,5,0.7332177371595686
3,2,5,NaN
4,1,5,0.980101638801523
4,1,5,0.2736599385245901
4,1,5,0.0569687888815355
2,3,5,0.0006385318290047812
4,1,5,NaN
2,3,5,0.03782247324613561
2,3,5,NaN
4,1,5,0.7332177371595686
3,2,5,0.7332177371595686
5,0,5,0.7332177371595686
4,1,5,0.43614794933242046
5,0,5,0.5757595332036677
4,1,5,NaN
4,1,5,NaN
3,2,5,0.0037826341138517787
4,1,5,NaN
2,3,5,0.6990667746156102
4,1,5,0.390088581715401
4,1,5,0.31128496075105533
3,2,5,0.23998440172325927
4,1,5,NaN
4,1,5,NaN
3,2,5,NaN
2,3,5,0.6990667746156102
4,1,5,0.7925166447343686
3,2,5,NaN
5,0,5,NaN
4,1,5,NaN
5,0,5,0.8185843942460208
3,2,5,0.6990667746156102
5,0,5,NaN
4,1,5,0.11835585687382275
3,2,5,NaN
2,3,5,NaN
5,0,5,NaN
4,1,5,0.8795235203274335
4,1,5,NaN
5,0,5,0.9534153129152887
4,1,5,NaN
4,1,5,0.390088581715401
5,0,5,0.7641629005282548
5,0,5,0.390088581715401
4,1,5,0.33372149774144877
4,1,5,NaN
4,1,5,0.31128496075105533
5,0,5,NaN
5,0,5,0.43614794933242046
4,1,5,0.8770122193000203
2,3,5,0.3310658935063618
3,2,5,0.6613966634587408
5,0,5,0.07832151297101769
4,1,5,0.1376319999999998
3,2,5,NaN
4,1,5,NaN
5,0,5,0.0569687888815355
5,0,5,0.34926187684352356
5,0,5,NaN
3,2,5,NaN
5,0,5,NaN
5,0,5,NaN
4,1,5,NaN
5,0,5,NaN
1,4,5,0.06525587975951877
3,2,5,0.06525587975951877
4,1,5,0.3310658935063618
5,0,5,0.18342590517711166
3,2,5,0.0569687888815355
2,3,5,NaN
5,0,5,NaN
4,1,5,NaN
4,1,5,NaN
4,1,5,NaN
2,3,5,NaN
3,2,5,0.20936945520216732
4,1,5,0.20936945520216732
5,0,5,NaN
3,2,5,0.43614794933242046
3,2,5,0.04937587322664477
5,0,5,NaN
4,1,5,0.06525587975951877
4,1,5,0.6613966634587408
4,1,5,0.4293071222989955
3,2,5,0.9209789316492126
4,1,5,0.531729986764269
5,0,5,0.43614794933242046
4,1,5,0.2736599385245901
4,1,5,0.07633250114228259
4,1,5,0.7925166447343686
4,1,5,0.22941988841534758
5,0,5,NaN
4,1,5,NaN
3,2,5,NaN
5,0,5,0.531729986764269
4,1,5,0.9747128701728911
4,1,5,NaN
4,1,5,NaN
4,1,5,NaN
5,0,5,0.03782247324613561
5,0,5,NaN
3,2,5,NaN
2,3,5,NaN
4,1,5,NaN
5,0,5,0.6185582093370283
4,1,5,0.6990667746156102
3,2,5,0.2736599385245901
5,0,5,NaN
5,0,5,NaN
1,4,5,NaN
5,0,5,6.361503164547409e-6
3,2,5,0.7332177371595686
4,1,5,0.6613966634587408
1,4,5,0.7332177371595686
4,1,5,NaN
2,3,5,0.7470239550011291
4,1,5,NaN
2,3,5,NaN
5,0,5,0.43614794933242046
5,0,5,NaN
3,2,5,0.41122219764223206
2,3,5,NaN
3,2,5,0.6990667746156102
3,2,5,NaN
5,0,5,0.8770122193000203
4,1,5,NaN
5,0,5,NaN
5,0,5,NaN
4,1,5,0.8597792096635031
3,2,5,NaN
5,0,5,0.9079098270401949
4,1,5,NaN
3,2,5,0.980101638801523
4,1,5,0.0569687888815355
4,1,5,NaN
2,3,5,0.531729986764269
3,2,5,0.6613966634587408
3,2,5,NaN
4,1,5,NaN
4,1,5,0.08869205529953894
2,3,5,NaN
3,2,5,0.6613966634587408
1,4,5,0.9614248710601718
4,1,5,0.1026612005498701
5,0,5,NaN
5,0,5,0.390088581715401
5,0,5,0.6613966634587408
4,1,5,NaN
2,3,5,NaN
3,2,5,0.531729986764269
4,1,5,0.390088581715401
4,1,5,NaN
3,2,5,0.13132949647500136
5,0,5,0.893076864532752
4,1,5,0.6990667746156102
5,0,5,NaN
5,0,5,NaN
4,1,5,0.0569687888815355
3,2,5,NaN
4,1,5,NaN
3,2,5,0.043199805379105054
4,1,5,NaN
5,0,5,NaN
1,4,5,NaN
2,3,5,NaN
3,2,5,0.9079098270401949
1,4,5,0.07633250114228259
3,2,5,NaN
2,3,5,NaN
3,2,5,0.31128496075105533
5,0,5,0.18342590517711166
5,0,5,NaN
4,1,5,NaN
4,1,5,0.07633250114228259
5,0,5,0.8395040133151549
3,2,5,NaN
4,1,5,NaN
4,1,5,NaN
4,1,5,NaN
4,1,5,NaN
2,3,5,NaN
5,0,5,0.016627813551177786
5,0,5,NaN
4,1,5,NaN
5,0,5,NaN
3,2,5,0.11457226791051575
4,1,5,0.893076864532752
4,1,5,NaN
5,0,5,NaN
5,0,5,0.31128496075105533
3,2,5,NaN
2,3,5,NaN
3,2,5,0.20936945520216732
5,0,5,0.22375730346751577
4,1,5,0.34926187684352356
5,0,5,NaN
4,1,5,0.23998440172325927
4,1,5,NaN
5,0,5,0.19091875167594105
5,0,5,0.9614248710601718
5,0,5,0.893076864532752
3,2,5,0.8735784895868853
3,2,5,0.06525587975951877
4,1,5,0.973622582776883
5,0,5,NaN
5,0,5,NaN
5,0,5,0.8700260936835591
2,3,5,0.2736599385245901
3,2,5,NaN
3,2,5,NaN
3,2,5,NaN
4,1,5,NaN
3,2,5,NaN
4,1,5,NaN
5,0,5,0.6185582093370283
2,3,5,0.8185843942460208
4,1,5,NaN
3,2,5,NaN
5,0,5,0.390088581715401
5,0,5,0.9326921332428637
1,4,5,NaN
4,1,5,0.7332177371595686
4,1,5,NaN
4,1,5,NaN
4,1,5,0.9433412321949546
4,1,5,0.34926187684352356
5,0,5,NaN
4,1,5,0.358509049423087
5,0,5,NaN
4,1,5,0.18342590517711166
5,0,5,0.016437208106361952
4,1,5,0.980101638801523
4,1,5,0.03230741676234196
4,1,5,0.7332177371595686
3,2,5,0.18342590517711166
3,2,5,0.2736599385245901
3,2,5,NaN
3,2,5,NaN
5,0,5,0.9217137920782196
3,2,5,0.7332177371595686
5,0,5,0.11835585687382275
5,0,5,0.5757595332036677
3,2,5,NaN
4,1,5,NaN
3,2,5,NaN
5,0,5,0.17387745351003128
3,2,5,0.7641629005282548
4,1,5,NaN
5,0,5,0.8597792096635031
4,1,5,NaN
5,0,5,NaN
4,1,5,NaN
4,1,5,NaN
5,0,5,NaN
3,2,5,0.003376287891973675
5,0,5,0.5757595332036677
3,2,5,NaN
4,1,5,NaN
4,1,5,NaN
2,3,5,NaN
3,2,5,0.1376319999999998
3,2,5,NaN
3,2,5,0.022877049332163907
5,0,5,NaN
3,2,5,NaN
5,0,5,NaN
5,0,5,0.6185582093370283
4,1,5,0.38259779418896595
5,0,5,NaN
2,3,5,NaN
3,2,5,0.2736599385245901
5,0,5,NaN
3,2,5,0.483768449142263
4,1,5,0.5757595332036677
5,0,5,0.390088581715401
3,2,5,NaN
1,4,5,0.8395040133151549
5,0,5,NaN
3,2,5,0.059037259683391706
5,0,5,NaN
4,1,5,0.6613966634587408
3,2,5,0.027150137488542374
3,2,5,0.1376319999999998
4,1,5,NaN
3,2,5,7.775925608289641e-5
5,0,5,NaN
3,2,5,NaN
4,1,5,NaN
5,0,5,NaN
4,1,5,NaN
4,1,5,0.016627813551177786
3,2,5,0.8185843942460208
5,0,5,NaN
4,1,5,0.9433412321949546
5,0,5,NaN
5,0,5,NaN
5,0,5,NaN
5,0,5,0.9209789316492126
5,0,5,NaN
4,1,5,NaN
3,2,5,NaN
1,4,5,0.483768449142263
5,0,5,0.1026612005498701
4,1,5,0.5757595332036677
4,1,5,0.6185582093370283
3,2,5,0.11835585687382275
5,0,5,0.6613966634587408
5,0,5,NaN
5,0,5,0.11835585687382275
5,0,5,NaN
5,0,5,NaN
3,2,5,NaN
4,1,5,NaN
4,1,5,0.7515498364115626
5,0,5,NaN
5,0,5,0.8597792096635031
4,1,5,NaN
3,2,5,NaN
4,1,5,NaN
5,0,5,0.20936945520216732
4,1,5,NaN
4,1,5,NaN
4,1,5,NaN
4,1,5,0.006082193050191918
5,0,5,NaN
3,2,5,0.11835585687382275
4,1,5,NaN
5,0,5,NaN
4,1,5,0.9326921332428637
4,1,5,NaN
4,1,5,0.15921953565114888
2,3,5,NaN
5,0,5,0.8597792096635031
4,1,5,NaN
5,0,5,0.20936945520216732
3,2,5,0.7641629005282548
4,1,5,NaN
4,1,5,0.10199579689480648
4,1,5,NaN
4,1,5,NaN
4,1,5,NaN
3,2,5,0.20936945520216732
1,4,5,NaN
3,2,5,NaN
5,0,5,0.8770122193000203
3,2,5,0.531729986764269
4,1,5,0.01277663622439895
4,1,5,0.34926187684352356
4,1,5,NaN
4,1,5,0.9534153129152887
4,1,5,NaN
5,0,5,0.31128496075105533
4,1,5,NaN
3,2,5,0.5474833736479606
5,0,5,NaN
5,0,5,NaN
3,2,5,NaN
4,1,5,0.893076864532752
5,0,5,0.5757595332036677
5,0,5,NaN
3,2,5,0.43614794933242046
4,1,5,0.893076864532752
4,1,5,NaN
1,4,5,0.531729986764269
4,1,5,NaN
5,0,5,NaN
4,1,5,NaN
5,0,5,0.483768449142263
2,3,5,NaN
3,2,5,0.8597792096635031
5,0,5,0.2736599385245901
5,0,5,NaN
2,3,5,0.34926187684352356
5,0,5,NaN
5,0,5,NaN
5,0,5,NaN
3,2,5,NaN
3,2,5,0.07009949819081855
5,0,5,0.531729986764269
4,1,5,NaN
4,1,5,NaN
3,2,5,0.31128496075105533
3,2,5,NaN
2,3,5,0.7641629005282548
5,0,5,0.893076864532752
3,2,5,0.006282033561316203
4,1,5,0.05976916098299391
3,2,5,NaN
5,0,5,NaN
3,2,5,0.893076864532752
3,2,5,NaN
5,0,5,NaN
4,1,5,NaN
5,0,5,NaN
5,0,5,NaN
5,0,5,0.04937587322664477
3,2,5,NaN
2,3,5,NaN
4,1,5,NaN
4,1,5,0.6185582093370283
4,1,5,0.9433412321949546
3,2,5,NaN
5,0,5,NaN
5,0,5,NaN
3,2,5,NaN
5,0,5,NaN
4,1,5,NaN
3,2,5,NaN
2,3,5,0.390088581715401
4,1,5,NaN
5,0,5,0.8395040133151549
5,0,5,0.8185843942460208
4,1,5,0.531729986764269
4,1,5,0.9747128701728911
5,0,5,NaN
3,2,5,0.2736599385245901
4,1,5,NaN
2,3,5,NaN
3,2,5,0.9433412321949546
5,0,5,NaN
3,2,5,NaN
3,2,5,NaN
4,1,5,0.9940320922471844
3,2,5,NaN
4,1,5,0.8770122193000203
5,0,5,0.6185582093370283
4,1,5,0.893076864532752
5,0,5,NaN
5,0,5,NaN
4,1,5,NaN
3,2,5,NaN
4,1,5,NaN
5,0,5,0.0569687888815355
4,1,5,NaN
3,2,5,0.6990667746156102
3,2,5,NaN
5,0,5,NaN
5,0,5,0.893076864532752
5,0,5,NaN
3,2,5,0.531729986764269
5,0,5,NaN
3,2,5,0.7332177371595686
4,1,5,NaN
4,1,5,0.9142357277367548
4,1,5,NaN
5,0,5,NaN
5,0,5,NaN
2,3,5,0.7925166447343686
4,1,5,NaN
4,1,5,NaN
3,2,5,0.7641629005282548
4,1,5,NaN
4,1,5,0.20936945520216732
3,2,5,0.20936945520216732
5,0,5,0.390088581715401
5,0,5,NaN
4,1,5,NaN
3,2,5,NaN
4,1,5,NaN
5,0,5,0.9433412321949546
4,1,5,NaN
4,1,5,NaN
2,3,5,0.2736599385245901
4,1,5,NaN
2,3,5,0.390088581715401
3,2,5,NaN
5,0,5,NaN
3,2,5,NaN
5,0,5,0.0569687888815355
4,1,5,0.9079098270401949
5,0,5,0.8395040133151549
5,0,5,NaN
3,2,5,NaN
5,0,5,0.6990667746156102
2,3,5,0.483768449142263
5,0,5,0.483768449142263
3,2,5,NaN
4,1,5,NaN
5,0,5,NaN
2,3,5,0.8597792096635031
3,2,5,0.06525587975951877
5,0,5,0.7925166447343686
3,2,5,0.9614248710601718
3,2,5,NaN
5,0,5,0.1026612005498701
5,0,5,NaN
5,0,5,NaN
2,3,5,NaN
2,3,5,0.7641629005282548
5,0,5,NaN
5,0,5,0.390088581715401
4,1,5,NaN
4,1,5,NaN
4,1,5,0.31128496075105533
3,2,5,0.24232159571147033
3,2,5,NaN
5,0,5,0.3924605656050917
2,3,5,NaN
5,0,5,0.7925166447343686
3,2,5,0.1376319999999998
5,0,5,0.20936945520216732
3,2,5,0.9209789316492126
3,2,5,NaN
4,1,5,NaN
2,3,5,NaN
4,1,5,NaN
5,0,5,NaN
4,1,5,0.7925166447343686
5,0,5,0.7641629005282548
2,3,5,NaN
2,3,5,NaN
2,3,5,0.45574032487896876
4,1,5,0.34926187684352356
4,1,5,NaN
4,1,5,0.43614794933242046
4,1,5,0.8395040133151549
5,0,5,NaN
3,2,5,0.18342590517711166
4,1,5,NaN
4,1,5,0.1376319999999998
5,0,5,0.08869205529953894
3,2,5,NaN
3,2,5,NaN
5,0,5,0.6990667746156102
4,1,5,NaN
5,0,5,NaN
5,0,5,0.5757595332036677
4,1,5,0.8770122193000203
4,1,5,NaN
3,2,5,0.23998440172325927
4,1,5,NaN
3,2,5,NaN
5,0,5,NaN
5,0,5,0.893076864532752
4,1,5,0.6990667746156102
4,1,5,0.7634063052627196
5,0,5,NaN
3,2,5,2.450199265093186e-6
3,2,5,0.31128496075105533
4,1,5,NaN
4,1,5,0.6990667746156102
5,0,5,0.31128496075105533
5,0,5,NaN
5,0,5,0.7641629005282548
4,1,5,NaN
4,1,5,0.03782247324613561
4,1,5,NaN
4,1,5,NaN
4,1,5,NaN
4,1,5,0.893076864532752
5,0,5,NaN
5,0,5,NaN
5,0,5,0.9138944566319953
4,1,5,0.0009775841584143525
5,0,5,NaN
4,1,5,NaN
5,0,5,NaN
2,3,5,0.9848027522935779
5,0,5,NaN
3,2,5,NaN
3,2,5,0.07633250114228259
5,0,5,NaN
4,1,5,0.8185843942460208
3,2,5,0.20936945520216732
4,1,5,NaN
3,2,5,0.9209789316492126
2,3,5,NaN
5,0,5,NaN
4,1,5,0.893076864532752
5,0,5,0.8185843942460208
5,0,5,0.4778381778914744
4,1,5,0.000750517455216115
4,1,5,0.15921953565114888
4,1,5,NaN
5,0,5,NaN
4,1,5,0.43614794933242046
4,1,5,NaN
4,1,5,NaN
4,1,5,NaN
5,0,5,0.531729986764269
2,3,5,NaN
5,0,5,NaN
4,1,5,NaN
4,1,5,0.34926187684352356
4,1,5,0.6990667746156102
3,2,5,NaN
1,4,5,0.5757595332036677
1,4,5,0.531729986764269
4,1,5,0.5757595332036677
2,3,5,NaN
2,3,5,0.18342590517711166
1,4,5,NaN
4,1,5,NaN
5,0,5,NaN
5,0,5,0.9614248710601718
5,0,5,NaN
4,1,5,NaN
5,0,5,0.18342590517711166
4,1,5,NaN
5,0,5,0.8185843942460208
4,1,5,NaN
3,2,5,0.0569687888815355
3,2,5,0.20936945520216732
3,2,5,0.8597792096635031
2,3,5,NaN
3,2,5,NaN
4,1,5,NaN
4,1,5,0.31128496075105533
4,1,5,NaN
4,1,5,NaN
4,1,5,0.33728827817688073
3,2,5,NaN
3,2,5,0.6990667746156102
5,0,5,NaN
3,2,5,0.43614794933242046
5,0,5,NaN
4,1,5,0.1598353354998912
5,0,5,0.43614794933242046
1,4,5,0.8597792096635031
4,1,5,0.19218025399696428
5,0,5,0.6613966634587408
3,2,5,NaN
2,3,5,0.14341372939388958
3,2,5,NaN
5,0,5,0.7641629005282548
3,2,5,NaN
3,2,5,0.34926187684352356
4,1,5,NaN
3,2,5,NaN
4,1,5,NaN
4,1,5,0.016627813551177786
4,1,5,NaN
3,2,5,NaN
3,2,5,NaN
5,0,5,NaN
4,1,5,0.9614248710601718
4,1,5,NaN
3,2,5,0.1026612005498701
5,0,5,0.6039477738133134
5,0,5,NaN
5,0,5,NaN
5,0,5,NaN
5,0,5,0.531729986764269
2,3,5,NaN
3,2,5,NaN
5,0,5,0.31128496075105533
2,3,5,NaN
2,3,5,NaN
4,1,5,0.8597792096635031
5,0,5,NaN
5,0,5,NaN
2,3,5,NaN
4,1,5,NaN
2,3,5,NaN
3,2,5,NaN
4,1,5,NaN
3,2,5,NaN
3,2,5,0.00034956297409023896
5,0,5,NaN
5,0,5,0.08869205529953894
4,1,5,0.1172815188230682
3,2,5,0.6613966634587408
4,1,5,NaN
4,1,5,0.1026612005498701
4,1,5,NaN
2,3,5,NaN
4,1,5,0.23998440172325927
5,0,5,0.6185582093370283
3,2,5,0.9209789316492126
5,0,5,NaN
3,2,5,0.9890128418678317
3,2,5,0.0296176959487684
2,3,5,NaN
5,0,5,0.043199805379105054
3,2,5,0.04937587322664477
5,0,5,0.483768449142263
5,0,5,NaN
4,1,5,0.03782247324613561
4,1,5,NaN
1,4,5,NaN
4,1,5,0.7332177371595686
3,2,5,0.31128496075105533
2,3,5,NaN
5,0,5,0.31128496075105533
3,2,5,0.483768449142263
3,2,5,0.7925166447343686
5,0,5,0.06525587975951877
4,1,5,NaN
4,1,5,NaN
3,2,5,NaN
5,0,5,0.20936945520216732
4,1,5,0.531729986764269
4,1,5,0.31128496075105533
5,0,5,NaN
4,1,5,NaN
5,0,5,0.8770122193000203
5,0,5,4.075693186448709e-5
2,3,5,NaN
3,2,5,NaN
5,0,5,0.390088581715401
3,2,5,NaN
5,0,5,NaN
4,1,5,NaN
4,1,5,0.7641629005282548
3,2,5,0.00017802013527932494
4,1,5,NaN
3,2,5,NaN
4,1,5,0.5945736147673963
3,2,5,NaN
5,0,5,0.7332177371595686
2,3,5,NaN
5,0,5,NaN
1,4,5,NaN
4,1,5,0.18872670895274712
3,2,5,0.15921953565114888
2,3,5,NaN
5,0,5,NaN
5,0,5,0.9614248710601718
5,0,5,NaN
5,0,5,NaN
4,1,5,NaN
2,3,5,0.31128496075105533
5,0,5,0.531729986764269
5,0,5,NaN
3,2,5,0.34669525622170844
4,1,5,0.5101354788731787
5,0,5,0.6185582093370283
2,3,5,NaN
4,1,5,NaN
5,0,5,NaN
4,1,5,NaN
5,0,5,0.43614794933242046
2,3,5,0.022788573734112794
4,1,5,NaN
3,2,5,NaN
4,1,5,NaN
4,1,5,NaN
5,0,5,NaN
5,0,5,0.9686139634526727
3,2,5,NaN
5,0,5,0.8597792096635031
5,0,5,NaN
3,2,5,NaN
4,1,5,0.08869205529953894
3,2,5,NaN
3,2,5,0.016627813551177786
4,1,5,0.6185582093370283
5,0,5,NaN
3,2,5,0.43614794933242046
3,2,5,0.43614794933242046
4,1,5,NaN
5,0,5,0.2736599385245901
3,2,5,0.710410651171062
5,0,5,NaN
5,0,5,NaN
3,2,5,0.11835585687382275
2,3,5,NaN
4,1,5,0.43614794933242046
5,0,5,0.11835585687382275
2,3,5,NaN
2,3,5,0.005980254922203471
4,1,5,NaN
4,1,5,NaN
4,1,5,0.5757595332036677
3,2,5,NaN
4,1,5,NaN
2,3,5,NaN
4,1,5,0.6952791823641344
4,1,5,0.9614248710601718
4,1,5,0.9433412321949546
4,1,5,NaN
3,2,5,0.3042007367616033
5,0,5,NaN
5,0,5,NaN
3,2,5,NaN
3,2,5,0.18342590517711166
5,0,5,0.893076864532752
5,0,5,NaN
3,2,5,0.04937587322664477
4,1,5,0.6990667746156102
4,1,5,NaN
4,1,5,NaN
2,3,5,NaN
4,1,5,NaN
4,1,5,0.9303117945818732
4,1,5,NaN
4,1,5,NaN
4,1,5,0.18342590517711166
5,0,5,NaN
4,1,5,NaN
5,0,5,NaN
3,2,5,NaN
4,1,5,NaN
4,1,5,NaN
5,0,5,NaN
3,2,5,0.06525587975951877
3,2,5,0.6185582093370283
5,0,5,NaN
4,1,5,NaN
4,1,5,0.531729986764269
5,0,5,NaN
5,0,5,NaN
4,1,5,NaN
2,3,5,0.8395040133151549
4,1,5,NaN
4,1,5,0.45574032487896876
3,2,5,NaN
4,1,5,0.8185843942460208
4,1,5,NaN
4,1,5,NaN
5,0,5,NaN
4,1,5,0.9079098270401949
5,0,5,0.15921953565114888
4,1,5,NaN
4,1,5,0.87996443150567
3,2,5,NaN
5,0,5,NaN
2,3,5,NaN
3,2,5,NaN
2,3,5,0.7332177371595686
2,3,5,0.30766134932571504
5,0,5,0.0007186116147055577
5,0,5,0.6990667746156102
3,2,5,NaN
3,2,5,0.23998440172325927
3,2,5,NaN
3,2,5,NaN
5,0,5,NaN
4,1,5,0.531729986764269
5,0,5,NaN
4,1,5,NaN
4,1,5,0.8597792096635031
3,2,5,NaN
3,2,5,0.04937587322664477
5,0,5,0.6990667746156102
5,0,5,NaN
4,1,5,NaN
4,1,5,NaN
5,0,5,0.15921953565114888
4,1,5,0.9209789316492126
3,2,5,0.9433412321949546
4,1,5,NaN
4,1,5,NaN
5,0,5,NaN
4,1,5,0.483768449142263
4,1,5,0.8395040133151549
3,2,5,0.34926187684352356
2,3,5,NaN
1,4,5,0.531729986764269
4,1,5,0.7641629005282548
3,2,5,0.9209789316492126
4,1,5,NaN
4,1,5,0.20936945520216732
5,0,5,0.31128496075105533
4,1,5,0.23543710685757105
4,1,5,NaN
3,2,5,0.9534153129152887
5,0,5,NaN
4,1,5,0.03782247324613561
3,2,5,0.8854199224634024
5,0,5,0.2111066007059003
3,2,5,NaN
4,1,5,NaN
4,1,5,0.15921953565114888
2,3,5,NaN
5,0,5,0.6185582093370283
4,1,5,0.6613966634587408
4,1,5,NaN
5,0,5,NaN
3,2,5,0.9363810488409499
5,0,5,NaN
5,0,5,0.18342590517711166
4,1,5,NaN
5,0,5,0.2736599385245901
5,0,5,NaN
3,2,5,NaN
4,1,5,NaN
4,1,5,NaN
5,0,5,NaN
5,0,5,0.03782247324613561
5,0,5,NaN
1,4,5,NaN
5,0,5,0.22036439232865215
2,3,5,0.6613966634587408
5,0,5,0.08869205529953894
3,2,5,0.2736599385245901
5,0,5,NaN
5,0,5,NaN
5,0,5,0.29660096583685003
5,0,5,NaN
3,2,5,0.022788573734112794
5,0,5,0.483768449142263
4,1,5,NaN
4,1,5,0.9079098270401949
5,0,5,0.31128496075105533
4,1,5,0.36675537795816276
3,2,5,NaN
3,2,5,0.19218809759517455
3,2,5,0.9096776467547334
5,0,5,0.980101638801523
3,2,5,NaN
5,0,5,0.6185582093370283
3,2,5,NaN
4,1,5,0.9994194304818536
3,2,5,0.07633250114228259
4,1,5,NaN
4,1,5,NaN
4,1,5,0.710410651171062
5,0,5,0.390088581715401
4,1,5,NaN
4,1,5,NaN
3,2,5,NaN
3,2,5,0.893076864532752
3,2,5,0.893076864532752
4,1,5,NaN
3,2,5,NaN
5,0,5,0.9731264022290973
4,1,5,NaN
3,2,5,NaN
5,0,5,NaN
3,2,5,NaN
4,1,5,0.483768449142263
3,2,5,0.7332177371595686
4,1,5,0.7641629005282548
4,1,5,0.1376319999999998
3,2,5,NaN
4,1,5,NaN
5,0,5,NaN
5,0,5,0.7332177371595686
5,0,5,0.4184229802728211
5,0,5,NaN
5,0,5,NaN
5,0,5,NaN
2,3,5,0.6613966634587408
5,0,5,0.9079098270401949
4,1,5,0.43614794933242046
2,3,5,0.7925166447343686
4,1,5,0.7925166447343686
4,1,5,NaN
4,1,5,0.5757595332036677
1,4,5,NaN
4,1,5,0.016627813551177786
4,1,5,0.04937587322664477
5,0,5,NaN
4,1,5,NaN
3,2,5,NaN
4,1,5,NaN
3,2,5,0.4531190990902127
3,2,5,NaN
3,2,5,NaN
5,0,5,NaN
5,0,5,NaN
1,4,5,0.8770122193000203
4,1,5,0.4573189871059706
2,3,5,0.8770122193000203
5,0,5,NaN
2,3,5,NaN
3,2,5,NaN
4,1,5,0.8597792096635031
4,1,5,NaN
5,0,5,NaN
5,0,5,NaN
5,0,5,0.9433412321949546
4,1,5,NaN
5,0,5,0.6185582093370283
5,0,5,0.7925166447343686
4,1,5,NaN
2,3,5,0.6613966634587408
3,2,5,NaN
4,1,5,0.5757595332036677
4,1,5,NaN
4,1,5,0.9848027522935779
2,3,5,0.121807105911524
2,3,5,0.18866180281472011
2,3,5,0.8395040133151549
3,2,5,NaN
3,2,5,0.4526590152587507
4,1,5,NaN
4,1,5,0.5757595332036677
4,1,5,NaN
5,0,5,NaN
3,2,5,NaN
3,2,5,NaN
5,0,5,0.08869205529953894
5,0,5,0.483768449142263
4,1,5,0.9345173619373252
5,0,5,0.0569687888815355
5,0,5,0.11835585687382275
5,0,5,NaN
3,2,5,0.8185843942460208
1,4,5,0.34926187684352356
5,0,5,NaN
4,1,5,NaN
5,0,5,NaN
4,1,5,NaN
3,2,5,0.8597792096635031
4,1,5,0.6185582093370283
2,3,5,NaN
4,1,5,NaN
2,3,5,0.20936945520216732
5,0,5,NaN
5,0,5,0.6990667746156102
4,1,5,0.5757595332036677
5,0,5,NaN
5,0,5,0.9433412321949546
4,1,5,0.9903977727904443
4,1,5,NaN
2,3,5,NaN
4,1,5,0.18342590517711166
5,0,5,NaN
1,4,5,0.15619148160384624
3,2,5,NaN
4,1,5,0.6613966634587408
2,3,5,0.34926187684352356
5,0,5,NaN
2,3,5,NaN
4,1,5,0.9614248710601718
4,1,5,0.9326921332428637
3,2,5,NaN
4,1,5,NaN
4,1,5,0.6613966634587408
3,2,5,NaN
4,1,5,NaN
4,1,5,0.7332177371595686
4,1,5,0.007003252747251538
5,0,5,NaN
2,3,5,NaN
5,0,5,NaN
3,2,5,0.531729986764269
3,2,5,0.1376319999999998
3,2,5,0.2736599385245901
2,3,5,0.0569687888815355
4,1,5,0.07633250114228259
5,0,5,NaN
3,2,5,0.8395040133151549
3,2,5,0.23998440172325927
4,1,5,NaN
2,3,5,NaN
2,3,5,NaN
5,0,5,NaN
5,0,5,0.20936945520216732
5,0,5,0.483768449142263
3,2,5,NaN
4,1,5,0.7948773508512438
4,1,5,0.18089697191094148
3,2,5,0.2007962699552482
3,2,5,NaN
5,0,5,0.9888383068434982
3,2,5,NaN
4,1,5,0.03230741676234196
5,0,5,NaN
4,1,5,NaN
2,3,5,0.9614248710601718
3,2,5,0.8328382189060056
3,2,5,NaN
5,0,5,NaN
5,0,5,NaN
5,0,5,NaN
5,0,5,NaN
2,3,5,NaN
4,1,5,0.15921953565114888
4,1,5,NaN
4,1,5,0.6613966634587408
5,0,5,0.2206702830137386
2,3,5,NaN
5,0,5,0.7925166447343686
4,1,5,0.9209789316492126
4,1,5,NaN
4,1,5,NaN
5,0,5,0.483768449142263
5,0,5,NaN
3,2,5,NaN
2,3,5,NaN
4,1,5,0.531729986764269
1,4,5,NaN
5,0,5,NaN
4,1,5,0.6185582093370283
4,1,5,NaN
5,0,5,0.7925166447343686
2,3,5,NaN
3,2,5,0.027150137488542374
4,1,5,NaN
5,0,5,0.31128496075105533
5,0,5,NaN
1,4,5,0.5757595332036677
4,1,5,NaN
3,2,5,NaN
5,0,5,NaN
4,1,5,NaN
5,0,5,0.043199805379105054
3,2,5,NaN
3,2,5,0.3042007367616033
4,1,5,NaN
5,0,5,0.8395040133151549
3,2,5,0.483768449142263
4,1,5,NaN
4,1,5,NaN
5,0,5,NaN
3,2,5,NaN
3,2,5,NaN
4,1,5,0.34926187684352356
4,1,5,NaN
3,2,5,NaN
5,0,5,NaN
4,1,5,NaN
3,2,5,0.6613966634587408
4,1,5,NaN
4,1,5,NaN
4,1,5,0.390088581715401
4,1,5,0.9991351447308235
3,2,5,NaN
5,0,5,0.03782247324613561
5,0,5,NaN
5,0,5,NaN
5,0,5,0.007003252747251538
2,3,5,NaN
1,4,5,NaN
4,1,5,NaN
5,0,5,NaN
4,1,5,NaN
4,1,5,NaN
5,0,5,NaN
3,2,5,0.483768449142263
4,1,5,0.7332177371595686
3,2,5,0.8770122193000203
1,4,5,0.03252886894821904
3,2,5,NaN
4,1,5,0.9534153129152887
4,1,5,NaN
5,0,5,0.9326921332428637
2,3,5,0.6185582093370283
2,3,5,0.7613071792198131
5,0,5,NaN
4,1,5,NaN
5,0,5,NaN
3,2,5,NaN
2,3,5,NaN
3,2,5,0.4827073170277048
4,1,5,0.31128496075105533
3,2,5,0.5235575948742167
5,0,5,NaN
5,0,5,0.390088581715401
2,3,5,NaN
5,0,5,0.23998440172325927
4,1,5,0.7925166447343686
2,3,5,0.019519080662983124
4,1,5,0.00098239822275703
3,2,5,NaN
4,1,5,NaN
1,4,5,NaN
3,2,5,NaN
5,0,5,NaN
4,1,5,NaN
5,0,5,0.40858950324959725
3,2,5,0.03847803126521848
4,1,5,0.9079098270401949
3,2,5,0.8395040133151549
1,4,5,0.5757595332036677
3,2,5,0.8031960249980263
5,0,5,0.23998440172325927
3,2,5,0.08440043265862719
3,2,5,NaN
3,2,5,0.7641629005282548
3,2,5,0.8597792096635031
4,1,5,NaN
5,0,5,NaN
5,0,5,NaN
4,1,5,0.483768449142263
5,0,5,0.3952490656616145
3,2,5,NaN
5,0,5,NaN
4,1,5,NaN
2,3,5,0.08869205529953894
3,2,5,NaN
4,1,5,0.8395040133151549
4,1,5,NaN
4,1,5,NaN
3,2,5,0.9433412321949546
4,1,5,0.6990667746156102
5,0,5,NaN
5,0,5,NaN
5,0,5,0.531729986764269
5,0,5,NaN
4,1,5,NaN
5,0,5,NaN
4,1,5,NaN
2,3,5,0.044811548816494136
5,0,5,0.7641629005282548
4,1,5,0.9876194517766048
4,1,5,0.531729986764269
4,1,5,0.8770122193000203
5,0,5,0.7641629005282548
3,2,5,0.23998440172325927
1,4,5,0.06046395917926657
5,0,5,NaN
5,0,5,NaN
2,3,5,0.0569687888815355
2,3,5,NaN
3,2,5,0.43614794933242046
4,1,5,NaN
4,1,5,NaN
4,1,5,0.6990667746156102
4,1,5,NaN
4,1,5,0.6990667746156102
4,1,5,NaN
5,0,5,0.1243479434139391
5,0,5,NaN
3,2,5,0.03782247324613561
5,0,5,NaN
2,3,5,0.0569687888815355
5,0,5,NaN
5,0,5,0.23998440172325927
4,1,5,0.6185582093370283
5,0,5,NaN
5,0,5,0.531729986764269
4,1,5,0.8597792096635031
5,0,5,0.8770122193000203
4,1,5,NaN
4,1,5,0.5825272282964099
5,0,5,0.31128496075105533
4,1,5,0.2345552954257019
4,1,5,0.005984959124630316
4,1,5,NaN
2,3,5,0.9209789316492126
4,1,5,0.9326921332428637
4,1,5,NaN
5,0,5,NaN
3,2,5,NaN
4,1,5,NaN
3,2,5,0.7641629005282548
1,4,5,NaN
5,0,5,NaN
2,3,5,NaN
5,0,5,NaN
3,2,5,0.20936945520216732
3,2,5,0.9846886792045173
5,0,5,0.2736599385245901
4,1,5,NaN
3,2,5,0.6613966634587408
2,3,5,NaN
3,2,5,NaN
3,2,5,0.6617139809827773
3,2,5,0.1859042920625939
4,1,5,0.7925166447343686
5,0,5,NaN
5,0,5,NaN
3,2,5,NaN
4,1,5,NaN
3,2,5,0.20936945520216732
5,0,5,NaN
3,2,5,NaN
1,4,5,NaN
4,1,5,NaN
4,1,5,NaN
4,1,5,0.483768449142263
5,0,5,0.390088581715401
5,0,5,0.025821112061444995
2,3,5,NaN
3,2,5,NaN
4,1,5,NaN
5,0,5,0.1026612005498701
4,1,5,0.9079098270401949
4,1,5,NaN
4,1,5,0.2736599385245901
4,1,5,NaN
2,3,5,0.20936945520216732
3,2,5,0.5757595332036677
4,1,5,0.0334795754351328
5,0,5,NaN
2,3,5,NaN
3,2,5,0.1026612005498701
5,0,5,NaN
3,2,5,NaN
5,0,5,0.15921953565114888
4,1,5,NaN
4,1,5,NaN
4,1,5,0.390088581715401
4,1,5,0.034682216080708025
4,1,5,NaN
3,2,5,0.9079098270401949
2,3,5,NaN
5,0,5,NaN
4,1,5,NaN
4,1,5,NaN
3,2,5,NaN
3,2,5,0.31128496075105533
4,1,5,NaN
2,3,5,NaN
5,0,5,NaN
1,4,5,0.34926187684352356
4,1,5,NaN
4,1,5,0.11835585687382275
5,0,5,NaN
2,3,5,NaN
3,2,5,0.11835585687382275
4,1,5,NaN
4,1,5,NaN
5,0,5,0.18342590517711166
4,1,5,0.07633250114228259
5,0,5,0.6185582093370283
4,1,5,0.6613966634587408
5,0,5,NaN
2,3,5,NaN
2,3,5,NaN
4,1,5,0.3578491176962128
3,2,5,0.8770122193000203
5,0,5,0.390088581715401
4,1,5,NaN
4,1,5,NaN
3,2,5,NaN
3,2,5,NaN
5,0,5,NaN
4,1,5,NaN
5,0,5,NaN
3,2,5,NaN
2,3,5,NaN
5,0,5,NaN
3,2,5,NaN
3,2,5,0.34926187684352356
4,1,5,NaN
3,2,5,NaN
5,0,5,0.7641629005282548
5,0,5,0.483768449142263
4,1,5,0.0569687888815355
4,1,5,0.390088581715401
4,1,5,0.08869205529953894
5,0,5,NaN
4,1,5,NaN
4,1,5,NaN
3,2,5,NaN
4,1,5,NaN
4,1,5,0.08869205529953894
5,0,5,NaN
3,2,5,NaN
4,1,5,0.012022118863049316
4,1,5,0.0569687888815355
4,1,5,NaN
3,2,5,NaN
5,0,5,0.43614794933242046
4,1,5,NaN
5,0,5,NaN
3,2,5,NaN
5,0,5,NaN
5,0,5,NaN
3,2,5,0.7641629005282548
5,0,5,NaN
4,1,5,0.020848154383302415
5,0,5,NaN
4,1,5,NaN
4,1,5,0.013835036088911679
4,1,5,0.7925166447343686
5,0,5,0.6447260772432926
4,1,5,0.8185843942460208
4,1,5,0.6185582093370283
5,0,5,0.8597792096635031
3,2,5,NaN
5,0,5,NaN
2,3,5,NaN
4,1,5,NaN
3,2,5,NaN
4,1,5,NaN
2,3,5,0.07633250114228259
5,0,5,NaN
4,1,5,0.6613966634587408
3,2,5,0.0037918818695636698
4,1,5,NaN
3,2,5,NaN
2,3,5,NaN
5,0,5,NaN
4,1,5,NaN
2,3,5,0.1376319999999998
5,0,5,0.022788573734112794
5,0,5,NaN
2,3,5,NaN
4,1,5,NaN
2,3,5,NaN
4,1,5,0.3627710739850452
2,3,5,NaN
4,1,5,NaN
2,3,5,NaN
3,2,5,0.4567030950633912
3,2,5,0.8597792096635031
4,1,5,NaN
4,1,5,0.43614794933242046
3,2,5,0.43614794933242046
3,2,5,0.483768449142263
4,1,5,0.00829404517453861
5,0,5,0.893076864532752
4,1,5,0.997576379207803
4,1,5,0.15921953565114888
3,2,5,NaN
5,0,5,0.1406894027432661
3,2,5,0.9208024708347865
2,3,5,NaN
2,3,5,NaN
4,1,5,NaN
5,0,5,0.3566774067387504
3,2,5,0.9686139634526727
5,0,5,NaN
4,1,5,NaN
4,1,5,NaN
5,0,5,0.390088581715401
5,0,5,NaN
3,2,5,0.127827138667481
4,1,5,0.043199805379105054
2,3,5,NaN
5,0,5,NaN
3,2,5,0.07775488792945527
5,0,5,NaN
5,0,5,0.20936945520216732
1,4,5,NaN
4,1,5,NaN
5,0,5,0.08304851580323534
4,1,5,0.18342590517711166
3,2,5,NaN
3,2,5,NaN
4,1,5,NaN
5,0,5,0.23998440172325927
5,0,5,0.6613966634587408
3,2,5,NaN
4,1,5,NaN
4,1,5,NaN
4,1,5,NaN
3,2,5,0.43614794933242046
5,0,5,NaN
4,1,5,0.8395040133151549
5,0,5,NaN
3,2,5,NaN
5,0,5,0.4567030950633912
3,2,5,0.8395040133151549
4,1,5,NaN
5,0,5,NaN
4,1,5,0.1026612005498701
5,0,5,0.5757595332036677
4,1,5,NaN
5,0,5,NaN
3,2,5,NaN
5,0,5,NaN
4,1,5,0.43614794933242046
4,1,5,0.14735439006101517
2,3,5,0.20936945520216732
3,2,5,0.1026612005498701
3,2,5,0.6185582093370283
2,3,5,NaN
1,4,5,0.5757595332036677
2,3,5,NaN
5,0,5,0.6185582093370283
3,2,5,NaN
3,2,5,NaN
4,1,5,NaN
3,2,5,0.019519080662983124
4,1,5,NaN
3,2,5,NaN
5,0,5,0.12007316117014918
5,0,5,NaN
4,1,5,NaN
4,1,5,NaN
5,0,5,NaN
3,2,5,0.7737225262390383
4,1,5,NaN
4,1,5,NaN
4,1,5,NaN
3,2,5,0.31128496075105533
4,1,5,NaN
5,0,5,0.6990667746156102
4,1,5,0.8770122193000203
5,0,5,NaN
4,1,5,0.7470239550011291
3,2,5,0.8597792096635031
5,0,5,0.6668478253240762
3,2,5,NaN
4,1,5,0.531729986764269
2,3,5,0.2736599385245901
4,1,5,NaN
3,2,5,NaN
2,3,5,NaN
4,1,5,0.45407026001640305
3,2,5,0.45574032487896876
2,3,5,0.34926187684352356
3,2,5,NaN
3,2,5,0.7013346446373245
5,0,5,0.016627813551177786
3,2,5,NaN
2,3,5,NaN
3,2,5,NaN
3,2,5,0.6990667746156102
5,0,5,NaN
5,0,5,NaN
3,2,5,NaN
3,2,5,NaN
5,0,5,NaN
5,0,5,NaN
5,0,5,0.43614794933242046
5,0,5,0.7925166447343686
2,3,5,0.7332177371595686
4,1,5,0.893076864532752
3,2,5,0.9079098270401949
4,1,5,NaN
2,3,5,NaN
5,0,5,NaN
4,1,5,0.9326921332428637
3,2,5,0.03782247324613561
5,0,5,6.009863304194316e-7
3,2,5,0.03782247324613561
2,3,5,0.23998440172325927
5,0,5,0.31128496075105533
5,0,5,NaN
5,0,5,NaN
5,0,5,NaN
5,0,5,NaN
5,0,5,0.7641629005282548
5,0,5,NaN
4,1,5,0.9534153129152887
5,0,5,0.20936945520216732
4,1,5,0.8770122193000203
4,1,5,0.9848027522935779
5,0,5,NaN
4,1,5,NaN
4,1,5,NaN
4,1,5,0.8395040133151549
5,0,5,0.7196181145344687
4,1,5,NaN
5,0,5,0.7332177371595686
2,3,5,NaN
3,2,5,NaN
3,2,5,0.7332177371595686
3,2,5,0.6990667746156102
4,1,5,NaN
5,0,5,0.7582271649271727
5,0,5,0.2736599385245901
5,0,5,0.9433412321949546
3,2,5,0.5825455385005127
4,1,5,NaN
3,2,5,0.8395040133151549
3,2,5,0.531729986764269
5,0,5,0.483768449142263
3,2,5,NaN
4,1,5,NaN
2,3,5,NaN
4,1,5,NaN
5,0,5,NaN
3,2,5,0.7925166447343686
4,1,5,0.18342590517711166
4,1,5,0.390088581715401
4,1,5,0.34926187684352356
5,0,5,0.6613966634587408
5,0,5,0.483768449142263
4,1,5,0.5757595332036677
3,2,5,NaN
4,1,5,0.6185582093370283
4,1,5,NaN
3,2,5,0.7925166447343686
4,1,5,NaN
5,0,5,0.012022118863049316
4,1,5,0.5757595332036677
3,2,5,0.7641629005282548
4,1,5,0.8680132847643663
4,1,5,0.9686139634526727
4,1,5,0.8597792096635031
4,1,5,0.1376319999999998
4,1,5,NaN
3,2,5,NaN
4,1,5,0.9209789316492126
3,2,5,NaN
3,2,5,0.18342590517711166
4,1,5,NaN
3,2,5,0.689153195072612
5,0,5,0.11835585687382275
3,2,5,NaN
3,2,5,0.03230741676234196
2,3,5,0.34926187684352356
3,2,5,NaN
3,2,5,0.08869205529953894
2,3,5,NaN
1,4,5,NaN
2,3,5,0.11835585687382275
4,1,5,NaN
3,2,5,NaN
5,0,5,NaN
3,2,5,NaN
4,1,5,0.06114804773880387
1,4,5,NaN
4,1,5,NaN
2,3,5,NaN
5,0,5,0.21301364497343828
2,3,5,NaN
4,1,5,0.2736599385245901
3,2,5,0.08869205529953894
4,1,5,NaN
2,3,5,NaN
3,2,5,NaN
4,1,5,0.9686139634526727
4,1,5,NaN
3,2,5,NaN
4,1,5,NaN
4,1,5,0.8597792096635031
3,2,5,0.980101638801523
3,2,5,0.0569687888815355
3,2,5,NaN
3,2,5,NaN
3,2,5,NaN
3,2,5,NaN
4,1,5,0.3565763969162567
4,1,5,NaN
5,0,5,0.31065262270308663
5,0,5,NaN
3,2,5,0.9426704408648514
4,1,5,NaN
3,2,5,0.6613966634587408
3,2,5,NaN
5,0,5,NaN
5,0,5,NaN
4,1,5,0.7925166447343686
4,1,5,NaN
5,0,5,0.390088581715401
2,3,5,0.973622582776883
2,3,5,0.893076864532752
3,2,5,NaN
3,2,5,0.390088581715401
4,1,5,0.6990667746156102
3,2,5,NaN
2,3,5,NaN
4,1,5,NaN
4,1,5,NaN
3,2,5,NaN
5,0,5,0.31128496075105533
5,0,5,NaN
4,1,5,NaN
2,3,5,0.33728827817688073
4,1,5,NaN
5,0,5,0.43614794933242046
3,2,5,NaN
5,0,5,NaN
5,0,5,0.980101638801523
5,0,5,0.04937587322664477
5,0,5,NaN
4,1,5,0.20936945520216732
4,1,5,NaN
2,3,5,NaN
4,1,5,0.9433412321949546
4,1,5,NaN
4,1,5,0.34926187684352356
2,3,5,5.138548828459353e-8
4,1,5,NaN
4,1,5,0.1376319999999998
3,2,5,NaN
3,2,5,0.3796937471691394
3,2,5,NaN
4,1,5,NaN
5,0,5,NaN
4,1,5,NaN
3,2,5,0.531729986764269
5,0,5,0.4976695872998731
2,3,5,NaN
4,1,5,NaN
4,1,5,0.8730207778042132
1,4,5,0.08869205529953894
2,3,5,0.531729986764269
5,0,5,NaN
5,0,5,NaN
3,2,5,NaN
3,2,5,2.2009442679759968e-7
2,3,5,0.8185843942460208
4,1,5,NaN
4,1,5,0.390088581715401
4,1,5,NaN
4,1,5,0.23998440172325927
5,0,5,NaN
5,0,5,0.037869516331867005
3,2,5,0.483768449142263
4,1,5,0.8130550058173163
1,4,5,0.043199805379105054
3,2,5,NaN
4,1,5,NaN
5,0,5,NaN
4,1,5,0.9614248710601718
3,2,5,NaN
5,0,5,0.7925166447343686
4,1,5,0.5780660506944091
4,1,5,NaN
4,1,5,NaN
4,1,5,NaN
4,1,5,NaN
5,0,5,NaN
3,2,5,NaN
3,2,5,0.07633250114228259
3,2,5,NaN
3,2,5,NaN
3,2,5,0.8395040133151549
5,0,5,0.31128496075105533
5,0,5,NaN
4,1,5,0.7283789347244939
3,2,5,0.0009775841584143525
5,0,5,0.022788573734112794
3,2,5,NaN
1,4,5,0.6385950555201507
5,0,5,0.2736599385245901
5,0,5,NaN
3,2,5,0.7332177371595686
3,2,5,NaN
4,1,5,NaN
3,2,5,NaN
3,2,5,0.8770122193000203
3,2,5,0.6970270405684018
4,1,5,NaN
3,2,5,0.6185582093370283
3,2,5,NaN
3,2,5,NaN
2,3,5,0.7332177371595686
3,2,5,0.6185582093370283
3,2,5,NaN
3,2,5,0.8185843942460208
4,1,5,0.43614794933242046
4,1,5,NaN
3,2,5,NaN
3,2,5,0.027150137488542374
4,1,5,NaN
2,3,5,0.23998440172325927
1,4,5,NaN
5,0,5,0.8597792096635031
2,3,5,NaN
5,0,5,NaN
2,3,5,NaN
5,0,5,NaN
5,0,5,NaN
4,1,5,NaN
4,1,5,NaN
4,1,5,NaN
5,0,5,0.016627813551177786
4,1,5,NaN
5,0,5,NaN
5,0,5,0.23620319448378388
3,2,5,0.1026612005498701
4,1,5,NaN
4,1,5,NaN
3,2,5,NaN
5,0,5,0.8395040133151549
2,3,5,NaN
5,0,5,NaN
1,4,5,NaN
5,0,5,NaN
2,3,5,NaN
4,1,5,0.025187108411688648
2,3,5,NaN
5,0,5,NaN
2,3,5,NaN
2,3,5,NaN
5,0,5,NaN
5,0,5,NaN
3,2,5,NaN
3,2,5,0.6185582093370283
5,0,5,NaN
4,1,5,NaN
3,2,5,NaN
5,0,5,NaN
2,3,5,0.43614794933242046
3,2,5,NaN
2,3,5,0.15921953565114888
3,2,5,0.7332177371595686
4,1,5,NaN
4,1,5,NaN
4,1,5,NaN
4,1,5,NaN
3,2,5,NaN
4,1,5,NaN
2,3,5,NaN
4,1,5,0.6613966634587408
1,4,5,0.6185582093370283
4,1,5,NaN
4,1,5,0.7332177371595686
5,0,5,NaN
5,0,5,NaN
4,1,5,NaN
4,1,5,0.2736599385245901
5,0,5,NaN
5,0,5,0.483768449142263
5,0,5,NaN
5,0,5,0.20585542231012063
5,0,5,0.07633250114228259
5,0,5,NaN
4,1,5,0.43614794933242046
3,2,5,NaN
3,2,5,0.23998440172325927
4,1,5,NaN
5,0,5,NaN
2,3,5,NaN
3,2,5,NaN
2,3,5,0.012022118863049316
3,2,5,NaN
2,3,5,NaN
2,3,5,0.7641629005282548
3,2,5,NaN
3,2,5,0.04937587322664477
1,4,5,NaN
4,1,5,0.9686139634526727
5,0,5,0.6613966634587408
5,0,5,NaN
5,0,5,NaN
5,0,5,0.9534153129152887
5,0,5,0.06525587975951877
4,1,5,NaN
4,1,5,NaN
4,1,5,0.8185843942460208
3,2,5,NaN
5,0,5,NaN
4,1,5,0.8597792096635031
4,1,5,0.531729986764269
5,0,5,NaN
5,0,5,0.8185843942460208
3,2,5,NaN
5,0,5,NaN
5,0,5,0.043199805379105054
2,3,5,NaN
5,0,5,NaN
2,3,5,0.34926187684352356
4,1,5,0.9326921332428637
4,1,5,NaN
4,1,5,NaN
4,1,5,0.0569687888815355
4,1,5,NaN
2,3,5,NaN
3,2,5,0.390088581715401
3,2,5,0.9326921332428637
3,2,5,0.6499322168460523
2,3,5,0.9079098270401949
5,0,5,NaN
5,0,5,0.043199805379105054
5,0,5,0.03710437056304286
5,0,5,0.019519080662983124
3,2,5,0.9959618436650923
4,1,5,0.0569687888815355
4,1,5,0.893076864532752
2,3,5,0.003141413654045658
3,2,5,NaN
4,1,5,0.7925166447343686
5,0,5,0.6990667746156102
4,1,5,0.7925166447343686
4,1,5,NaN
5,0,5,NaN
4,1,5,0.9534153129152887
5,0,5,NaN
5,0,5,0.9142357277367548
4,1,5,NaN
5,0,5,0.6185582093370283
4,1,5,NaN
4,1,5,0.16981134953653668
3,2,5,NaN
3,2,5,NaN
4,1,5,0.6613966634587408
4,1,5,NaN
4,1,5,NaN
4,1,5,0.18342590517711166
3,2,5,0.7925166447343686
3,2,5,0.011046168301377389
1,4,5,NaN
5,0,5,0.8395040133151549
2,3,5,0.5757595332036677
5,0,5,0.390088581715401
4,1,5,NaN
5,0,5,0.390088581715401
5,0,5,NaN
5,0,5,NaN
3,2,5,NaN
3,2,5,NaN
1,4,5,0.7925166447343686
4,1,5,0.43614794933242046
4,1,5,NaN
1,4,5,NaN
4,1,5,0.390088581715401
3,2,5,NaN
3,2,5,NaN
3,2,5,0.9686139634526727
3,2,5,NaN
5,0,5,NaN
3,2,5,NaN
3,2,5,NaN
3,2,5,0.03230741676234196
2,3,5,0.5757595332036677
4,1,5,NaN
4,1,5,0.6613966634587408
5,0,5,NaN
4,1,5,0.08869205529953894
5,0,5,0.6185582093370283
3,2,5,0.6613966634587408
4,1,5,NaN
3,2,5,NaN
4,1,5,0.6990667746156102
2,3,5,0.34926187684352356
4,1,5,0.043199805379105054
4,1,5,0.15921953565114888
4,1,5,NaN
3,2,5,NaN
2,3,5,0.0569687888815355
1,4,5,NaN
5,0,5,NaN
3,2,5,0.03230741676234196
3,2,5,0.31128496075105533
4,1,5,NaN
3,2,5,0.556100041425348
4,1,5,0.09673745600570245
5,0,5,0.9614248710601718
3,2,5,NaN
2,3,5,0.6185582093370283
3,2,5,0.6185582093370283
2,3,5,NaN
4,1,5,0.9686139634526727
4,1,5,NaN
3,2,5,NaN
3,2,5,NaN
5,0,5,NaN
4,1,5,0.8770122193000203
2,3,5,0.014302811501596825
4,1,5,NaN
4,1,5,NaN
3,2,5,0.8770122193000203
4,1,5,NaN
4,1,5,NaN
4,1,5,0.043199805379105054
4,1,5,0.0569687888815355
4,1,5,0.0569687888815355
2,3,5,0.20640015057878996
2,3,5,0.9959618436650923
4,1,5,0.7925166447343686
4,1,5,NaN
5,0,5,0.7332177371595686
4,1,5,0.23998440172325927
1,4,5,0.531729986764269
4,1,5,NaN
5,0,5,0.34926187684352356
1,4,5,0.7237384223236463
2,3,5,NaN
4,1,5,NaN
3,2,5,NaN
4,1,5,0.9662923205967684
5,0,5,0.7641629005282548
5,0,5,0.19789966761098143
4,1,5,0.390088581715401
3,2,5,0.03230741676234196
5,0,5,NaN
4,1,5,NaN
4,1,5,NaN
4,1,5,NaN
2,3,5,NaN
4,1,5,NaN
5,0,5,0.6185582093370283
5,0,5,NaN
2,3,5,NaN
2,3,5,0.012595663526250071
3,2,5,0.2736599385245901
5,0,5,0.2736599385245901
2,3,5,NaN
5,0,5,NaN
3,2,5,0.34926187684352356
5,0,5,NaN
2,3,5,0.34926187684352356
3,2,5,NaN
5,0,5,NaN
4,1,5,0.07633250114228259
4,1,5,NaN
3,2,5,0.9959037061045644
5,0,5,NaN
3,2,5,NaN
4,1,5,NaN
4,1,5,0.9031220119223897
4,1,5,NaN
3,2,5,0.08869205529953894
5,0,5,NaN
5,0,5,NaN
3,2,5,0.015441465128962367
4,1,5,NaN
4,1,5,0.04937587322664477
4,1,5,NaN
5,0,5,NaN
5,0,5,0.9614248710601718
2,3,5,NaN
4,1,5,NaN
3,2,5,0.483768449142263
5,0,5,0.6990667746156102
4,1,5,NaN
4,1,5,0.9268484850586437
2,3,5,NaN
4,1,5,NaN
5,0,5,0.06879408746069882
5,0,5,NaN
2,3,5,NaN
4,1,5,0.15921953565114888
3,2,5,0.5757595332036677
5,0,5,NaN
5,0,5,NaN
5,0,5,NaN
4,1,5,0.15921953565114888
4,1,5,0.1576819989566069
5,0,5,NaN
4,1,5,0.5870313387128376
5,0,5,0.20936945520216732
4,1,5,NaN
5,0,5,0.8597792096635031
4,1,5,0.34926187684352356
5,0,5,0.9209789316492126
1,4,5,0.31128496075105533
2,3,5,0.9614248710601718
4,1,5,NaN
4,1,5,0.531729986764269
5,0,5,0.7641629005282548
4,1,5,NaN
5,0,5,0.8185843942460208
5,0,5,NaN
4,1,5,NaN
3,2,5,0.7925166447343686
3,2,5,NaN
4,1,5,0.4854305109892262
3,2,5,NaN
3,2,5,0.06525587975951877
5,0,5,NaN
4,1,5,NaN
3,2,5,0.893076864532752
4,1,5,0.08869205529953894
3,2,5,0.43614794933242046
3,2,5,0.04937587322664477
4,1,5,NaN
5,0,5,NaN
4,1,5,NaN
4,1,5,NaN
2,3,5,NaN
4,1,5,NaN
3,2,5,0.9747128701728911
3,2,5,NaN
5,0,5,0.5757595332036677
2,3,5,0.8770122193000203
4,1,5,NaN
3,2,5,0.9747128701728911
3,2,5,NaN
4,1,5,NaN
4,1,5,0.7013346446373245
4,1,5,NaN
3,2,5,0.11835585687382275
5,0,5,0.5757595332036677
1,4,5,NaN
2,3,5,NaN
4,1,5,NaN
3,2,5,0.483768449142263
2,3,5,0.8395040133151549
4,1,5,0.03230741676234196
5,0,5,NaN
3,2,5,0.8185843942460208
3,2,5,NaN
4,1,5,NaN
3,2,5,0.531729986764269
5,0,5,NaN
5,0,5,NaN
4,1,5,0.33061066062580785
3,2,5,NaN
5,0,5,NaN
3,2,5,0.10214764461546808
3,2,5,0.8805497143222399
4,1,5,NaN
5,0,5,0.11835585687382275
4,1,5,0.893076864532752
5,0,5,NaN
4,1,5,NaN
5,0,5,NaN
3,2,5,0.997576379207803
5,0,5,0.7641629005282548
4,1,5,NaN
4,1,5,0.01988117786351818
5,0,5,0.5022742161386915
2,3,5,NaN
3,2,5,NaN
4,1,5,NaN
4,1,5,NaN
2,3,5,NaN
5,0,5,NaN
4,1,5,NaN
2,3,5,NaN
2,3,5,NaN
4,1,5,0.45430517191330216
3,2,5,0.9079098270401949
5,0,5,NaN
4,1,5,0.43614794933242046
3,2,5,NaN
4,1,5,NaN
3,2,5,NaN
3,2,5,NaN
3,2,5,0.0569687888815355
3,2,5,0.9433412321949546
5,0,5,NaN
2,3,5,NaN
4,1,5,0.9433412321949546
4,1,5,0.6990667746156102
3,2,5,0.04937587322664477
3,2,5,NaN
4,1,5,0.26563510148309083
3,2,5,0.893076864532752
4,1,5,NaN
5,0,5,NaN
5,0,5,0.7925166447343686
3,2,5,0.9326921332428637
5,0,5,0.1026612005498701
5,0,5,NaN
5,0,5,NaN
4,1,5,NaN
5,0,5,NaN
3,2,5,NaN
3,2,5,0.5757595332036677
5,0,5,NaN
3,2,5,0.6185582093370283
2,3,5,0.9848027522935779
3,2,5,NaN
4,1,5,0.04937587322664477
1,4,5,0.04937587322664477
4,1,5,NaN
5,0,5,1.1250426183302586e-6
4,1,5,0.7641629005282548
4,1,5,0.8597792096635031
4,1,5,NaN
3,2,5,NaN
5,0,5,0.43614794933242046
3,2,5,NaN
3,2,5,NaN
5,0,5,NaN
4,1,5,0.5765672091954906
4,1,5,NaN
1,4,5,0.5757595332036677
5,0,5,NaN
2,3,5,0.2736599385245901
3,2,5,0.6185582093370283
4,1,5,0.00829404517453861
3,2,5,NaN
5,0,5,0.483768449142263
5,0,5,NaN
1,4,5,NaN
4,1,5,NaN
5,0,5,NaN
5,0,5,0.11835585687382275
1,4,5,0.20936945520216732
4,1,5,NaN
2,3,5,0.34926187684352356
5,0,5,0.893076864532752
4,1,5,NaN
5,0,5,0.13797619272253211
3,2,5,NaN
5,0,5,NaN
4,1,5,0.1627398728782032
2,3,5,0.43614794933242046
4,1,5,NaN
3,2,5,NaN
5,0,5,NaN
2,3,5,0.06525587975951877
5,0,5,0.9079098270401949
4,1,5,0.893076864532752
3,2,5,0.9326921332428637
3,2,5,NaN
5,0,5,0.8185843942460208
4,1,5,0.6514580123826669
5,0,5,0.7332177371595686
4,1,5,0.36958211077647357
4,1,5,0.8597792096635031
5,0,5,0.1026612005498701
2,3,5,0.22722344557087976
5,0,5,NaN
3,2,5,NaN
1,4,5,NaN
2,3,5,NaN
3,2,5,0.4789473332684339
5,0,5,0.8597792096635031
5,0,5,0.9433412321949546
4,1,5,0.43614794933242046
4,1,5,NaN
5,0,5,NaN
4,1,5,0.2736599385245901
3,2,5,NaN
2,3,5,NaN
4,1,5,0.7332177371595686
4,1,5,NaN
4,1,5,NaN
4,1,5,NaN
5,0,5,NaN
3,2,5,NaN
3,2,5,NaN
4,1,5,NaN
2,3,5,0.6185582093370283
4,1,5,NaN
4,1,5,0.31128496075105533
5,0,5,0.8395040133151549
2,3,5,0.5757595332036677
5,0,5,NaN
3,2,5,NaN
4,1,5,0.07775488792945527
5,0,5,NaN
3,2,5,0.11795977596122421
4,1,5,NaN
3,2,5,0.7656419555930306
4,1,5,NaN
5,0,5,NaN
4,1,5,0.531729986764269
4,1,5,0.13098984179113368
4,1,5,NaN
4,1,5,0.8395040133151549
3,2,5,NaN
1,4,5,0.04937587322664477
3,2,5,NaN
4,1,5,0.615824501702597
3,2,5,0.43614794933242046
2,3,5,NaN
4,1,5,0.8770122193000203
5,0,5,NaN
5,0,5,NaN
4,1,5,0.9209789316492126
3,2,5,NaN
3,2,5,NaN
4,1,5,NaN
5,0,5,0.18342590517711166
5,0,5,0.34926187684352356
4,1,5,NaN
3,2,5,NaN
4,1,5,0.2736599385245901
4,1,5,0.0069426861107135624
4,1,5,NaN
2,3,5,0.23998440172325927
2,3,5,NaN
5,0,5,NaN
3,2,5,NaN
3,2,5,NaN
4,1,5,NaN
3,2,5,0.6613966634587408
3,2,5,NaN
4,1,5,NaN
5,0,5,0.7332177371595686
4,1,5,NaN
1,4,5,NaN
4,1,5,0.43614794933242046
2,3,5,NaN
3,2,5,0.09704859913921333
4,1,5,NaN
5,0,5,0.025206525337122386
3,2,5,NaN
3,2,5,NaN
2,3,5,NaN
2,3,5,NaN
4,1,5,NaN
3,2,5,0.7641629005282548
1,4,5,NaN
4,1,5,NaN
2,3,5,NaN
3,2,5,0.022788573734112794
4,1,5,0.483768449142263
4,1,5,0.6990667746156102
1,4,5,0.7622627236831662
4,1,5,0.8597792096635031
4,1,5,0.7332177371595686
4,1,5,NaN
2,3,5,NaN
2,3,5,0.9079098270401949
3,2,5,0.02784032403440433
4,1,5,NaN
5,0,5,0.531729986764269
5,0,5,0.531729986764269
5,0,5,0.18342590517711166
1,4,5,NaN
3,2,5,NaN
3,2,5,NaN
3,2,5,NaN
4,1,5,0.43614794933242046
5,0,5,NaN
2,3,5,NaN
2,3,5,NaN
4,1,5,NaN
4,1,5,0.11835585687382275
5,0,5,NaN
2,3,5,0.7641629005282548
5,0,5,0.9433412321949546
5,0,5,0.08869205529953894
3,2,5,NaN
4,1,5,0.1376319999999998
3,2,5,NaN
5,0,5,NaN
2,3,5,0.5825272282964099
4,1,5,NaN
4,1,5,0.7641629005282548
4,1,5,0.5501022692999948
5,0,5,0.8770122193000203
4,1,5,NaN
2,3,5,NaN
4,1,5,0.20936945520216732
3,2,5,NaN
3,2,5,NaN
3,2,5,NaN
4,1,5,NaN
4,1,5,0.31128496075105533
3,2,5,0.1026612005498701
5,0,5,0.1376319999999998
4,1,5,NaN
5,0,5,NaN
4,1,5,0.0709250055040507
3,2,5,NaN
5,0,5,0.043199805379105054
5,0,5,0.8395040133151549
2,3,5,NaN
5,0,5,0.2736599385245901
3,2,5,NaN
4,1,5,NaN
3,2,5,NaN
4,1,5,NaN
5,0,5,NaN
5,0,5,NaN
5,0,5,NaN
5,0,5,NaN
5,0,5,0.8597792096635031
3,2,5,NaN
5,0,5,NaN
3,2,5,NaN
2,3,5,NaN
1,4,5,NaN
4,1,5,0.7332177371595686
3,2,5,NaN
3,2,5,0.18342590517711166
3,2,5,0.7925166447343686
3,2,5,0.9209789316492126
4,1,5,0.8770122193000203
5,0,5,0.5757595332036677
5,0,5,0.34926187684352356
2,3,5,NaN
5,0,5,NaN
4,1,5,0.9534153129152887
3,2,5,NaN
2,3,5,NaN
4,1,5,0.5757595332036677
4,1,5,0.893076864532752
5,0,5,NaN
3,2,5,0.5807958875536995
4,1,5,NaN
5,0,5,0.6185582093370283
2,3,5,0.08387547098797239
1,4,5,0.7925166447343686
5,0,5,NaN
3,2,5,NaN
5,0,5,0.8395040133151549
5,0,5,0.7925166447343686
3,2,5,0.18342590517711166
4,1,5,0.483768449142263
3,2,5,NaN
4,1,5,NaN
3,2,5,0.028522591972284628
3,2,5,0.04937587322664477
3,2,5,NaN
5,0,5,0.8185843942460208
4,1,5,0.9786305252935862
3,2,5,NaN
3,2,5,NaN
3,2,5,0.483768449142263
3,2,5,NaN
4,1,5,NaN
4,1,5,NaN
3,2,5,0.43614794933242046
4,1,5,NaN
5,0,5,NaN
4,1,5,NaN
3,2,5,NaN
3,2,5,NaN
3,2,5,NaN
4,1,5,NaN
4,1,5,NaN
3,2,5,NaN
3,2,5,0.1073590932699546
3,2,5,NaN
5,0,5,0.09676654221584226
3,2,5,0.483768449142263
4,1,5,0.15921953565114888
4,1,5,0.390088581715401
4,1,5,NaN
4,1,5,NaN
2,3,5,0.2736599385245901
4,1,5,NaN
5,0,5,0.8185843942460208
3,2,5,NaN
3,2,5,NaN
5,0,5,0.5775170807191278
4,1,5,0.5757595332036677
4,1,5,NaN
4,1,5,NaN
4,1,5,0.9055500868206833
5,0,5,NaN
4,1,5,NaN
1,4,5,NaN
4,1,5,NaN
4,1,5,0.6844667295675987
5,0,5,0.11835585687382275
4,1,5,NaN
3,2,5,0.785035767581477
5,0,5,0.8395040133151549
5,0,5,0.20936945520216732
4,1,5,NaN
1,4,5,0.027150137488542374
5,0,5,NaN
2,3,5,0.04937587322664477
2,3,5,0.9747128701728911
5,0,5,NaN
3,2,5,NaN
3,2,5,NaN
4,1,5,0.8185843942460208
2,3,5,0.7925166447343686
3,2,5,NaN
4,1,5,NaN
5,0,5,0.7641629005282548
2,3,5,NaN
3,2,5,0.9099287049616569
2,3,5,NaN
5,0,5,NaN
4,1,5,NaN
1,4,5,0.483768449142263
3,2,5,0.7505738960061019
5,0,5,0.03176421408780421
4,1,5,NaN
4,1,5,0.6188790388045529
5,0,5,NaN
5,0,5,0.5757595332036677
3,2,5,0.43359950093236205
4,1,5,0.03782247324613561
5,0,5,0.531729986764269
2,3,5,NaN
3,2,5,NaN
5,0,5,0.7332177371595686
4,1,5,NaN
4,1,5,NaN
2,3,5,NaN
1,4,5,NaN
3,2,5,NaN
3,2,5,NaN
3,2,5,NaN
1,4,5,NaN
3,2,5,NaN
3,2,5,NaN
5,0,5,NaN
3,2,5,NaN
3,2,5,0.9079098270401949
3,2,5,0.893076864532752
3,2,5,NaN
4,1,5,NaN
5,0,5,NaN
4,1,5,NaN
5,0,5,NaN
5,0,5,0.8185843942460208
3,2,5,0.8597792096635031
5,0,5,NaN
2,3,5,NaN
4,1,5,NaN
3,2,5,0.5757595332036677
4,1,5,NaN
3,2,5,NaN
5,0,5,NaN
4,1,5,NaN
5,0,5,NaN
2,3,5,NaN
5,0,5,NaN
5,0,5,0.20936945520216732
3,2,5,0.6185582093370283
3,2,5,NaN
5,0,5,NaN
4,1,5,0.20936945520216732
3,2,5,0.23998440172325927
4,1,5,NaN
2,3,5,NaN
2,3,5,NaN
4,1,5,0.390088581715401
3,2,5,NaN
3,2,5,NaN
4,1,5,0.009395563735996674
5,0,5,NaN
4,1,5,0.043199805379105054
4,1,5,NaN
3,2,5,NaN
4,1,5,NaN
5,0,5,NaN
2,3,5,0.043199805379105054
4,1,5,NaN
4,1,5,0.9209789316492126
2,3,5,0.43614794933242046
2,3,5,NaN
2,3,5,0.893076864532752
5,0,5,0.8467786117074725
4,1,5,0.7925166447343686
3,2,5,0.1567214259766392
2,3,5,NaN
2,3,5,NaN
2,3,5,0.6185582093370283
5,0,5,NaN
4,1,5,0.8185843942460208
4,1,5,0.9326921332428637
4,1,5,0.7641629005282548
5,0,5,0.2736599385245901
1,4,5,NaN
4,1,5,NaN
3,2,5,NaN
3,2,5,0.00010082550307874804
4,1,5,0.8770122193000203
2,3,5,0.11835585687382275
3,2,5,NaN
4,1,5,0.8597792096635031
3,2,5,NaN
5,0,5,0.03230741676234196
3,2,5,0.31128496075105533
2,3,5,0.9209789316492126
3,2,5,NaN
5,0,5,NaN
4,1,5,NaN
4,1,5,0.7641629005282548
2,3,5,0.6185582093370283
5,0,5,0.34926187684352356
1,4,5,0.027150137488542374
4,1,5,0.7925166447343686
4,1,5,NaN
4,1,5,NaN
4,1,5,NaN
5,0,5,0.9209789316492126
4,1,5,0.19697225441495042
2,3,5,0.06227574359898574
4,1,5,0.1026612005498701
5,0,5,NaN
4,1,5,0.0569687888815355
3,2,5,NaN
2,3,5,0.6990667746156102
5,0,5,0.1376319999999998
4,1,5,NaN
3,2,5,NaN
3,2,5,0.483768449142263
2,3,5,NaN
2,3,5,NaN
2,3,5,0.06525587975951877
3,2,5,NaN
2,3,5,0.8770122193000203
2,3,5,NaN
2,3,5,NaN
5,0,5,NaN
5,0,5,0.6741830672601722
4,1,5,NaN
3,2,5,0.03782247324613561
5,0,5,NaN
3,2,5,NaN
3,2,5,NaN
3,2,5,0.390088581715401
3,2,5,NaN
4,1,5,0.2736599385245901
5,0,5,NaN
4,1,5,0.9079098270401949
4,1,5,NaN
2,3,5,0.23998440172325927
3,2,5,0.006282033561316203
3,2,5,NaN
3,2,5,0.23998440172325927
4,1,5,0.893076864532752
4,1,5,NaN
4,1,5,0.1026612005498701
5,0,5,0.5757595332036677
2,3,5,NaN
5,0,5,NaN
5,0,5,0.797780484126924
5,0,5,0.02302185668337289
3,2,5,NaN
2,3,5,NaN
3,2,5,NaN
1,4,5,0.9433412321949546
4,1,5,0.7925166447343686
1,4,5,0.7925166447343686
4,1,5,0.8395040133151549
5,0,5,NaN
4,1,5,0.5757595332036677
5,0,5,NaN
3,2,5,0.2736599385245901
5,0,5,NaN
4,1,5,NaN
2,3,5,NaN
5,0,5,1.8641160863064893e-6
3,2,5,NaN
3,2,5,NaN
1,4,5,NaN
4,1,5,NaN
5,0,5,0.390088581715401
5,0,5,0.8770122193000203
4,1,5,NaN
2,3,5,NaN
4,1,5,NaN
2,3,5,NaN
3,2,5,NaN
2,3,5,NaN
4,1,5,NaN
2,3,5,0.483768449142263
5,0,5,NaN
4,1,5,0.6613966634587408
1,4,5,0.13739525150935047
4,1,5,0.1026612005498701
3,2,5,0.33728827817688073
2,3,5,NaN
3,2,5,0.009912176912471659
5,0,5,NaN
4,1,5,NaN
4,1,5,NaN
4,1,5,NaN
4,1,5,NaN
5,0,5,0.9534153129152887
2,3,5,0.7332177371595686
1,4,5,0.24824965460085582
5,0,5,0.7641629005282548
4,1,5,NaN
2,3,5,0.7925166447343686
3,2,5,NaN
4,1,5,0.8185843942460208
3,2,5,NaN
5,0,5,NaN
2,3,5,0.6990667746156102
2,3,5,NaN
3,2,5,NaN
4,1,5,NaN
4,1,5,NaN
2,3,5,0.5757595332036677
5,0,5,NaN
5,0,5,NaN
4,1,5,NaN
3,2,5,NaN
3,2,5,NaN
4,1,5,NaN
1,4,5,0.8630110337074841
5,0,5,0.390088581715401
5,0,5,NaN
1,4,5,0.8680132847643663
4,1,5,NaN
5,0,5,NaN
3,2,5,NaN
5,0,5,NaN
3,2,5,NaN
4,1,5,0.0018287266553498765
3,2,5,NaN
2,3,5,NaN
4,1,5,NaN
4,1,5,0.8597792096635031
5,0,5,0.08869205529953894
3,2,5,NaN
2,3,5,NaN
2,3,5,NaN
4,1,5,0.20936945520216732
3,2,5,NaN
4,1,5,NaN
3,2,5,0.6613966634587408
1,4,5,NaN
4,1,5,NaN
3,2,5,NaN
2,3,5,0.2736599385245901
4,1,5,0.31128496075105533
2,3,5,NaN
2,3,5,0.31128496075105533
3,2,5,0.15921953565114888
3,2,5,NaN
4,1,5,NaN
3,2,5,0.7925166447343686
4,1,5,NaN
2,3,5,0.1026612005498701
5,0,5,NaN
4,1,5,0.9079098270401949
4,1,5,NaN
5,0,5,0.7332177371595686
4,1,5,NaN
5,0,5,0.483768449142263
4,1,5,NaN
4,1,5,NaN
4,1,5,0.7925166447343686
5,0,5,0.08869205529953894
3,2,5,NaN
3,2,5,0.531729986764269
4,1,5,NaN
4,1,5,NaN
4,1,5,NaN
2,3,5,0.0569687888815355
4,1,5,0.390088581715401
5,0,5,NaN
5,0,5,0.00971850648801845
5,0,5,0.24265001291699886
3,2,5,0.9534153129152887
5,0,5,NaN
4,1,5,NaN
3,2,5,0.0655097817491115
4,1,5,NaN
3,2,5,0.04937587322664477
3,2,5,NaN
2,3,5,NaN
2,3,5,0.1026612005498701
3,2,5,NaN
5,0,5,0.5757595332036677
5,0,5,0.38886653776615526
3,2,5,NaN
3,2,5,0.03782247324613561
2,3,5,NaN
4,1,5,0.011420781806246944
4,1,5,0.893076864532752
3,2,5,NaN
3,2,5,0.33372149774144877
2,3,5,NaN
4,1,5,NaN
3,2,5,NaN
3,2,5,0.8395040133151549
3,2,5,0.03782247324613561
3,2,5,0.531729986764269
5,0,5,NaN
4,1,5,NaN
3,2,5,NaN
3,2,5,0.03782247324613561
2,3,5,0.6185582093370283
4,1,5,NaN
5,0,5,0.7925166447343686
5,0,5,NaN
4,1,5,NaN
5,0,5,0.390088581715401
3,2,5,NaN
5,0,5,0.1376319999999998
4,1,5,0.7641629005282548
5,0,5,0.8254056558576137
3,2,5,NaN
5,0,5,NaN
5,0,5,NaN
4,1,5,0.009450290282409585
3,2,5,NaN
5,0,5,NaN
4,1,5,0.43614794933242046
1,4,5,NaN
3,2,5,0.34926187684352356
4,1,5,NaN
3,2,5,0.30005728462256376
5,0,5,NaN
2,3,5,0.7948773508512438
2,3,5,0.390088581715401
5,0,5,0.11835585687382275
4,1,5,NaN
3,2,5,NaN
5,0,5,NaN
4,1,5,NaN
3,2,5,NaN
5,0,5,0.20936945520216732
5,0,5,NaN
4,1,5,NaN
4,1,5,NaN
4,1,5,NaN
3,2,5,0.9444758416552013
5,0,5,0.8597792096635031
3,2,5,0.6613966634587408
4,1,5,NaN
4,1,5,0.3760544360670689
3,2,5,NaN
1,4,5,NaN
1,4,5,NaN
5,0,5,NaN
4,1,5,0.7332177371595686
2,3,5,NaN
5,0,5,0.8146243586398328
4,1,5,0.23998440172325927
3,2,5,NaN
2,3,5,NaN
5,0,5,0.4714831754522892
4,1,5,NaN
4,1,5,NaN
3,2,5,NaN
3,2,5,NaN
4,1,5,0.31128496075105533
5,0,5,NaN
4,1,5,NaN
2,3,5,NaN
2,3,5,NaN
3,2,5,NaN
1,4,5,NaN
5,0,5,0.006082193050191918
5,0,5,0.20936945520216732
3,2,5,NaN
4,1,5,0.8770122193000203
4,1,5,0.7641629005282548
2,3,5,NaN
3,2,5,0.34926187684352356
3,2,5,NaN
5,0,5,NaN
2,3,5,NaN
5,0,5,0.390088581715401
4,1,5,0.390088581715401
4,1,5,0.483768449142263
3,2,5,0.4682318010650268
4,1,5,NaN
5,0,5,0.31128496075105533
3,2,5,NaN
5,0,5,NaN
2,3,5,0.3042007367616033
3,2,5,NaN
4,1,5,0.9079098270401949
4,1,5,NaN
3,2,5,NaN
4,1,5,NaN
3,2,5,0.6613966634587408
5,0,5,NaN
3,2,5,NaN
3,2,5,0.7470239550011291
5,0,5,NaN
3,2,5,0.2440624611789815
3,2,5,NaN
5,0,5,NaN
4,1,5,0.7332177371595686
1,4,5,NaN
4,1,5,NaN
4,1,5,0.18342590517711166
2,3,5,NaN
3,2,5,0.9209789316492126
4,1,5,NaN
5,0,5,NaN
4,1,5,NaN
2,3,5,NaN
3,2,5,0.7013346446373245
5,0,5,0.15921953565114888
4,1,5,NaN
2,3,5,0.14000969642532812
4,1,5,NaN
4,1,5,NaN
3,2,5,0.7925166447343686
4,1,5,NaN
4,1,5,NaN
5,0,5,NaN
5,0,5,NaN
5,0,5,NaN
2,3,5,NaN
4,1,5,0.6613966634587408
1,4,5,0.43614794933242046
4,1,5,NaN
3,2,5,0.5757595332036677
4,1,5,0.7332177371595686
2,3,5,0.03230741676234196
5,0,5,NaN
2,3,5,NaN
5,0,5,NaN
4,1,5,NaN
4,1,5,0.8770122193000203
2,3,5,NaN
5,0,5,NaN
4,1,5,NaN
4,1,5,0.18342590517711166
3,2,5,NaN
4,1,5,0.7641629005282548
5,0,5,NaN
5,0,5,0.2736599385245901
4,1,5,0.6613966634587408
3,2,5,NaN
2,3,5,0.483768449142263
4,1,5,NaN
3,2,5,NaN
5,0,5,NaN
3,2,5,0.7925166447343686
5,0,5,0.6990667746156102
4,1,5,NaN
4,1,5,0.31128496075105533
2,3,5,NaN
5,0,5,0.5757595332036677
5,0,5,0.34926187684352356
5,0,5,NaN
5,0,5,NaN
2,3,5,NaN
5,0,5,NaN
3,2,5,NaN
5,0,5,0.027150137488542374
4,1,5,0.5825272282964099
5,0,5,NaN
5,0,5,NaN
2,3,5,0.8646450811708646
4,1,5,0.9326921332428637
5,0,5,0.980101638801523
5,0,5,NaN
2,3,5,NaN
3,2,5,0.980101638801523
4,1,5,0.1026612005498701
5,0,5,0.8802852570942574
4,1,5,NaN
4,1,5,0.531729986764269
4,1,5,0.6185582093370283
4,1,5,0.5976377428652669
3,2,5,NaN
1,4,5,0.07633250114228259
4,1,5,0.5757595332036677
4,1,5,0.23998440172325927
5,0,5,0.20936945520216732
3,2,5,NaN
4,1,5,NaN
4,1,5,NaN
3,2,5,0.0569687888815355
4,1,5,NaN
3,2,5,NaN
3,2,5,0.390088581715401
3,2,5,0.7512299760214655
5,0,5,NaN
5,0,5,0.0002684334979272996
4,1,5,0.7925166447343686
2,3,5,0.9433412321949546
4,1,5,NaN
4,1,5,NaN
2,3,5,0.6613966634587408
3,2,5,NaN
3,2,5,NaN
2,3,5,NaN
3,2,5,NaN
1,4,5,0.6990667746156102
4,1,5,NaN
4,1,5,0.5757595332036677
4,1,5,NaN
5,0,5,NaN
4,1,5,0.07633250114228259
4,1,5,NaN
3,2,5,NaN
3,2,5,NaN
2,3,5,NaN
5,0,5,0.9686139634526727
5,0,5,NaN
3,2,5,NaN
5,0,5,NaN
1,4,5,NaN
4,1,5,0.8395040133151549
3,2,5,0.390088581715401
2,3,5,0.2736599385245901
3,2,5,0.31128496075105533
5,0,5,NaN
1,4,5,0.34926187684352356
3,2,5,NaN
3,2,5,NaN
4,1,5,NaN
3,2,5,NaN
4,1,5,0.23998440172325927
2,3,5,NaN
5,0,5,0.2736599385245901
5,0,5,0.36675537795816276
3,2,5,NaN
2,3,5,0.0018287266553498765
4,1,5,0.34926187684352356
4,1,5,NaN
3,2,5,NaN
5,0,5,NaN
4,1,5,NaN
3,2,5,NaN
3,2,5,NaN
2,3,5,0.9326921332428637
3,2,5,NaN
3,2,5,0.8566611656360104
5,0,5,0.1172815188230682
2,3,5,NaN
4,1,5,NaN
2,3,5,0.6613966634587408
3,2,5,0.8395040133151549
4,1,5,NaN
2,3,5,0.5263570405063814
1,4,5,NaN
3,2,5,0.7332177371595686
4,1,5,0.10509576486091059
5,0,5,NaN
4,1,5,0.43614794933242046
1,4,5,0.1482371892716262
2,3,5,0.34669525622170844
4,1,5,NaN
2,3,5,0.7332177371595686
4,1,5,NaN
2,3,5,NaN
5,0,5,0.483768449142263
4,1,5,0.7641629005282548
4,1,5,0.43614794933242046
2,3,5,NaN
5,0,5,0.06465978939118602
4,1,5,NaN
5,0,5,0.483768449142263
5,0,5,0.9209789316492126
4,1,5,0.1376319999999998
4,1,5,NaN
4,1,5,0.6990667746156102
2,3,5,0.893076864532752
4,1,5,NaN
4,1,5,0.5757595332036677
3,2,5,NaN
3,2,5,NaN
3,2,5,NaN
3,2,5,NaN
5,0,5,0.8278162142569784
2,3,5,0.9209789316492126
4,1,5,NaN
3,2,5,NaN
5,0,5,NaN
5,0,5,NaN
4,1,5,NaN
4,1,5,0.531729986764269
3,2,5,0.390088581715401
3,2,5,0.06525587975951877
5,0,5,NaN
4,1,5,0.000636542304250935
4,1,5,NaN
3,2,5,0.27654819534762787
1,4,5,NaN
3,2,5,0.390088581715401
4,1,5,NaN
5,0,5,0.1026612005498701
4,1,5,NaN
2,3,5,NaN
2,3,5,0.7313796820959256
2,3,5,0.9944312258537684
5,0,5,NaN
2,3,5,0.31128496075105533
5,0,5,NaN
4,1,5,0.00010110815562333378
5,0,5,NaN
5,0,5,0.5757595332036677
3,2,5,0.7332177371595686
2,3,5,0.8395040133151549
5,0,5,0.8795235203274335
3,2,5,0.20936945520216732
4,1,5,0.9919214683718085
2,3,5,0.43614794933242046
3,2,5,NaN
4,1,5,0.8395040133151549
3,2,5,0.9209789316492126
5,0,5,NaN
5,0,5,NaN
4,1,5,NaN
4,1,5,NaN
3,2,5,0.43614794933242046
3,2,5,NaN
3,2,5,0.007003252747251538
4,1,5,NaN
2,3,5,0.34926187684352356
5,0,5,NaN
4,1,5,NaN
4,1,5,NaN
4,1,5,NaN
4,1,5,NaN
3,2,5,NaN
5,0,5,NaN
4,1,5,NaN
5,0,5,NaN
4,1,5,0.11835585687382275
3,2,5,NaN
5,0,5,0.043199805379105054
4,1,5,0.9686139634526727
4,1,5,NaN
4,1,5,NaN
5,0,5,0.9959618436650923
4,1,5,0.6990667746156102
3,2,5,0.10182625240984565
4,1,5,NaN
4,1,5,0.9209789316492126
1,4,5,NaN
2,3,5,NaN
4,1,5,NaN
4,1,5,0.20936945520216732
5,0,5,NaN
3,2,5,NaN
2,3,5,NaN
5,0,5,NaN
4,1,5,NaN
4,1,5,NaN
3,2,5,NaN
2,3,5,NaN
3,2,5,0.1026612005498701
2,3,5,0.10595269650952056
2,3,5,0.8597792096635031
2,3,5,NaN
3,2,5,0.08869205529953894
3,2,5,NaN
2,3,5,NaN
4,1,5,NaN
3,2,5,0.6613966634587408
4,1,5,0.23998440172325927
5,0,5,0.0569687888815355
2,3,5,NaN
5,0,5,NaN
3,2,5,0.6613966634587408
3,2,5,NaN
5,0,5,0.016627813551177786
3,2,5,0.34926187684352356
5,0,5,NaN
5,0,5,NaN
4,1,5,NaN
4,1,5,NaN
3,2,5,0.7332177371595686
2,3,5,0.022788573734112794
3,2,5,0.04937587322664477
3,2,5,NaN
3,2,5,0.8354695659274475
2,3,5,NaN
4,1,5,NaN
4,1,5,NaN
5,0,5,NaN
5,0,5,0.8604591866013607
3,2,5,0.0005288963229210288
3,2,5,NaN
3,2,5,0.7641629005282548
4,1,5,NaN
3,2,5,0.9777906524122223
4,1,5,NaN
3,2,5,NaN
3,2,5,NaN
5,0,5,0.08869205529953894
3,2,5,0.390088581715401
4,1,5,0.531729986764269
3,2,5,0.1026612005498701
4,1,5,NaN
3,2,5,NaN
4,1,5,NaN
2,3,5,0.8185843942460208
5,0,5,0.5757595332036677
3,2,5,0.04937587322664477
3,2,5,NaN
5,0,5,NaN
3,2,5,NaN
5,0,5,NaN
5,0,5,NaN
2,3,5,NaN
3,2,5,0.016627813551177786
4,1,5,NaN
5,0,5,NaN
3,2,5,NaN
5,0,5,0.9326921332428637
5,0,5,0.3376911189450543
5,0,5,0.34926187684352356
5,0,5,0.7925166447343686
4,1,5,0.0569687888815355
4,1,5,NaN
4,1,5,0.8770122193000203
4,1,5,0.6185582093370283
4,1,5,0.8185843942460208
4,1,5,NaN
5,0,5,0.9956036771105226
3,2,5,0.8770122193000203
4,1,5,0.009661710997097717
3,2,5,NaN
3,2,5,0.046946307315711915
5,0,5,0.7332177371595686
5,0,5,NaN
4,1,5,NaN
5,0,5,NaN
3,2,5,NaN
2,3,5,NaN
3,2,5,NaN
2,3,5,NaN
4,1,5,NaN
4,1,5,NaN
4,1,5,0.15921953565114888
5,0,5,NaN
3,2,5,0.893076864532752
4,1,5,NaN
3,2,5,0.43614794933242046
5,0,5,NaN
4,1,5,NaN
4,1,5,0.06525587975951877
4,1,5,NaN
5,0,5,0.9578849368067253
1,4,5,NaN
3,2,5,NaN
4,1,5,0.8770122193000203
3,2,5,0.6613966634587408
5,0,5,0.0030892543021027673
4,1,5,NaN
3,2,5,NaN
5,0,5,0.7332177371595686
1,4,5,0.5332029654780819
2,3,5,NaN
2,3,5,0.43614794933242046
4,1,5,0.390088581715401
5,0,5,0.8597792096635031
2,3,5,NaN
2,3,5,NaN
2,3,5,NaN
2,3,5,0.7925166447343686
3,2,5,0.43614794933242046
3,2,5,0.8770122193000203
2,3,5,0.8770122193000203
3,2,5,NaN
3,2,5,NaN
5,0,5,0.6185582093370283
5,0,5,NaN
4,1,5,0.43614794933242046
3,2,5,NaN
1,4,5,NaN
5,0,5,NaN
5,0,5,0.028527040402771393
3,2,5,NaN
3,2,5,0.531729986764269
3,2,5,0.03230741676234196
4,1,5,0.8770122193000203
3,2,5,NaN
3,2,5,NaN
2,3,5,NaN
4,1,5,0.1026612005498701
4,1,5,NaN
4,1,5,NaN
3,2,5,NaN
5,0,5,0.780937843965877
4,1,5,NaN
3,2,5,0.9747128701728911
4,1,5,NaN
2,3,5,NaN
4,1,5,0.06525587975951877
4,1,5,0.43614794933242046
3,2,5,0.9888383068434982
3,2,5,0.531729986764269
2,3,5,NaN
3,2,5,NaN
5,0,5,0.04937587322664477
4,1,5,NaN
1,4,5,NaN
2,3,5,0.18342590517711166
2,3,5,0.5396512198043796
4,1,5,0.7332177371595686
5,0,5,NaN
1,4,5,NaN
3,2,5,0.390088581715401
3,2,5,NaN
1,4,5,0.483768449142263
3,2,5,0.31128496075105533
5,0,5,NaN
4,1,5,0.710410651171062
3,2,5,0.8395040133151549
4,1,5,NaN
2,3,5,NaN
4,1,5,NaN
3,2,5,0.0012715759484662125
1,4,5,NaN
3,2,5,NaN
4,1,5,NaN
2,3,5,0.9808329573128506
3,2,5,NaN
3,2,5,NaN
5,0,5,NaN
4,1,5,0.5583214644790235
5,0,5,0.390088581715401
2,3,5,NaN
2,3,5,0.7332177371595686
4,1,5,0.11835585687382275
4,1,5,0.09969049451680023
3,2,5,NaN
5,0,5,0.5757595332036677
4,1,5,NaN
3,2,5,NaN
4,1,5,NaN
4,1,5,NaN
5,0,5,0.34926187684352356
2,3,5,0.531729986764269
1,4,5,NaN
3,2,5,0.07633250114228259
3,2,5,NaN
1,4,5,NaN
3,2,5,0.8185843942460208
3,2,5,NaN
2,3,5,NaN
5,0,5,NaN
4,1,5,0.18342590517711166
3,2,5,0.531729986764269
4,1,5,NaN
3,2,5,NaN
2,3,5,NaN
5,0,5,0.552401248937484
4,1,5,NaN
5,0,5,NaN
3,2,5,NaN
3,2,5,NaN
4,1,5,NaN
3,2,5,NaN
2,3,5,0.7332177371595686
5,0,5,NaN
4,1,5,0.1946387042323332
4,1,5,NaN
3,2,5,NaN
4,1,5,0.893076864532752
5,0,5,NaN
5,0,5,NaN
2,3,5,NaN
3,2,5,NaN
2,3,5,0.15921953565114888
2,3,5,NaN
3,2,5,0.43156718241374087
3,2,5,0.6185582093370283
4,1,5,0.15921953565114888
2,3,5,0.18342590517711166
2,3,5,NaN
5,0,5,0.0296176959487684
5,0,5,NaN
3,2,5,NaN
4,1,5,NaN
4,1,5,NaN
4,1,5,NaN
5,0,5,NaN
5,0,5,NaN
4,1,5,0.9433412321949546
4,1,5,NaN
4,1,5,NaN
1,4,5,NaN
4,1,5,NaN
3,2,5,0.5757595332036677
3,2,5,NaN
2,3,5,0.18342590517711166
5,0,5,NaN
3,2,5,NaN
4,1,5,0.9888383068434982
2,3,5,NaN
1,4,5,0.7332177371595686
4,1,5,0.08869205529953894
3,2,5,0.390088581715401
5,0,5,0.9079098270401949
4,1,5,0.31128496075105533
3,2,5,NaN
5,0,5,NaN
2,3,5,NaN
5,0,5,NaN
5,0,5,NaN
5,0,5,NaN
3,2,5,0.45465014422306654
4,1,5,0.483768449142263
5,0,5,NaN
5,0,5,NaN
5,0,5,0.893076864532752
5,0,5,NaN
2,3,5,0.6990667746156102
3,2,5,0.20936945520216732
2,3,5,0.6185582093370283
2,3,5,0.893076864532752
4,1,5,NaN
1,4,5,0.36958211077647357
2,3,5,0.23998440172325927
3,2,5,0.043199805379105054
2,3,5,NaN
5,0,5,NaN
3,2,5,0.11861783519131401
5,0,5,0.5757595332036677
4,1,5,0.1598353354998912
3,2,5,0.7332177371595686
5,0,5,0.20936945520216732
1,4,5,0.6613966634587408
2,3,5,0.8234460514241537
5,0,5,0.04937587322664477
3,2,5,0.23998440172325927
4,1,5,NaN
3,2,5,0.43614794933242046
3,2,5,0.34926187684352356
4,1,5,0.6990667746156102
4,1,5,0.2007962699552482
5,0,5,NaN
2,3,5,NaN
5,0,5,NaN
3,2,5,NaN
2,3,5,NaN
5,0,5,NaN
5,0,5,0.531729986764269
3,2,5,NaN
4,1,5,0.7332177371595686
3,2,5,0.25952640369237745
5,0,5,NaN
2,3,5,NaN
2,3,5,NaN
4,1,5,NaN
4,1,5,0.33372149774144877
2,3,5,NaN
5,0,5,0.7332177371595686
2,3,5,NaN
3,2,5,NaN
3,2,5,0.001450341113107375
4,1,5,0.2736599385245901
3,2,5,0.6185582093370283
5,0,5,0.20936945520216732
4,1,5,NaN
5,0,5,0.483768449142263
3,2,5,0.15921953565114888
3,2,5,NaN
1,4,5,0.38886653776615526
5,0,5,NaN
3,2,5,0.5759925080776568
5,0,5,0.7641629005282548
2,3,5,NaN
3,2,5,0.8680132847643663
5,0,5,NaN
4,1,5,NaN
1,4,5,0.15921953565114888
3,2,5,0.11835585687382275
3,2,5,0.5757595332036677
5,0,5,NaN
3,2,5,0.20936945520216732
4,1,5,0.03257170463325697
4,1,5,0.9747128701728911
2,3,5,NaN
3,2,5,NaN
5,0,5,NaN
3,2,5,0.9079098270401949
3,2,5,0.6185582093370283
5,0,5,0.34926187684352356
2,3,5,0.019519080662983124
4,1,5,NaN
4,1,5,0.8770122193000203
3,2,5,0.9888383068434982
2,3,5,0.6990667746156102
3,2,5,0.7470239550011291
3,2,5,0.03782247324613561
3,2,5,NaN
5,0,5,NaN
5,0,5,NaN
4,1,5,0.531729986764269
2,3,5,NaN
5,0,5,0.18342590517711166
4,1,5,0.31128496075105533
4,1,5,NaN
4,1,5,0.6613966634587408
1,4,5,NaN
4,1,5,NaN
2,3,5,0.00025915617818139767
3,2,5,0.06525587975951877
4,1,5,NaN
3,2,5,0.08869205529953894
5,0,5,NaN
2,3,5,NaN
4,1,5,0.06525587975951877
2,3,5,0.12597766196078442
4,1,5,NaN
3,2,5,0.6613966634587408
3,2,5,NaN
4,1,5,0.08869205529953894
4,1,5,NaN
1,4,5,NaN
5,0,5,0.08869205529953894
4,1,5,NaN
4,1,5,NaN
5,0,5,NaN
2,3,5,0.31128496075105533
5,0,5,0.18249029876739958
2,3,5,0.9209789316492126
3,2,5,NaN
4,1,5,0.03782247324613561
4,1,5,0.6613966634587408
3,2,5,0.483768449142263
4,1,5,0.6185582093370283
5,0,5,NaN
4,1,5,0.7288607547224288
3,2,5,0.23998440172325927
3,2,5,0.34926187684352356
5,0,5,NaN
4,1,5,0.9614248710601718
5,0,5,NaN
2,3,5,0.9761717836754062
3,2,5,NaN
2,3,5,NaN
2,3,5,NaN
3,2,5,NaN
4,1,5,0.9124421098658158
5,0,5,0.3566774067387504
4,1,5,NaN
3,2,5,NaN
5,0,5,NaN
3,2,5,NaN
3,2,5,NaN
3,2,5,NaN
5,0,5,NaN
3,2,5,NaN
3,2,5,0.2107570124722602
4,1,5,NaN
3,2,5,0.6185582093370283
2,3,5,NaN
3,2,5,0.2818990029601846
3,2,5,0.8395040133151549
3,2,5,NaN
4,1,5,0.1026612005498701
2,3,5,0.23998440172325927
3,2,5,NaN
2,3,5,NaN
5,0,5,NaN
3,2,5,0.04870332412302439
5,0,5,NaN
4,1,5,0.6990667746156102
4,1,5,NaN
3,2,5,0.0021679292106529047
3,2,5,0.3792589914314473
4,1,5,0.31128496075105533
3,2,5,0.08869205529953894
3,2,5,5.739223765859282e-5
2,3,5,0.34926187684352356
2,3,5,0.893076864532752
1,4,5,NaN
5,0,5,0.9988199866224712
3,2,5,NaN
1,4,5,NaN
4,1,5,NaN
3,2,5,NaN
3,2,5,NaN
2,3,5,0.7925166447343686
4,1,5,NaN
5,0,5,NaN
3,2,5,0.20936945520216732
1,4,5,NaN
4,1,5,0.7641629005282548
5,0,5,NaN
4,1,5,0.16981134953653668
3,2,5,NaN
1,4,5,0.9433412321949546
3,2,5,NaN
4,1,5,NaN
1,4,5,NaN
4,1,5,0.15921953565114888
4,1,5,NaN
4,1,5,0.8770122193000203
4,1,5,NaN
5,0,5,NaN
3,2,5,0.6613966634587408
4,1,5,NaN
3,2,5,0.7332177371595686
2,3,5,0.9326921332428637
4,1,5,0.5757595332036677
5,0,5,0.15921953565114888
3,2,5,0.8185843942460208
1,4,5,NaN
1,4,5,0.390088581715401
2,3,5,0.8597792096635031
3,2,5,NaN
4,1,5,0.15921953565114888
3,2,5,0.6544793908273733
2,3,5,NaN
5,0,5,NaN
4,1,5,0.9924504201760335
3,2,5,NaN
4,1,5,0.20936945520216732
2,3,5,0.6185582093370283
1,4,5,0.7641629005282548
4,1,5,NaN
5,0,5,NaN
5,0,5,0.390088581715401
4,1,5,0.1026612005498701
5,0,5,0.5757595332036677
4,1,5,NaN
3,2,5,NaN
3,2,5,0.5757595332036677
4,1,5,0.531729986764269
1,4,5,NaN
3,2,5,NaN
5,0,5,NaN
4,1,5,0.6544793908273733
3,2,5,NaN
2,3,5,0.8395040133151549
2,3,5,NaN
3,2,5,0.9747128701728911
5,0,5,NaN
5,0,5,NaN
2,3,5,0.11835585687382275
2,3,5,NaN
5,0,5,NaN
1,4,5,NaN
3,2,5,NaN
4,1,5,NaN
3,2,5,0.5712811702350106
5,0,5,0.05623027929930168
5,0,5,NaN
3,2,5,NaN
4,1,5,NaN
2,3,5,0.8770122193000203
2,3,5,0.03782247324613561
4,1,5,NaN
3,2,5,NaN
4,1,5,0.9940320922471844
5,0,5,NaN
5,0,5,NaN
5,0,5,NaN
4,1,5,0.04937587322664477
3,2,5,NaN
3,2,5,NaN
3,2,5,0.1376319999999998
3,2,5,0.390088581715401
2,3,5,NaN
5,0,5,0.483768449142263
2,3,5,NaN
2,3,5,0.7925166447343686
2,3,5,0.43614794933242046
5,0,5,0.03782247324613561
5,0,5,NaN
4,1,5,0.390088581715401
3,2,5,NaN
3,2,5,0.7641629005282548
3,2,5,NaN
3,2,5,0.9940320922471844
4,1,5,0.1026612005498701
2,3,5,0.6617139809827773
3,2,5,NaN
3,2,5,0.23998440172325927
3,2,5,NaN
3,2,5,NaN
3,2,5,0.34926187684352356
4,1,5,0.06525587975951877
3,2,5,NaN
4,1,5,NaN
4,1,5,NaN
3,2,5,NaN
4,1,5,1.4399080450867053e-5
3,2,5,NaN
3,2,5,0.000584967414917312
3,2,5,NaN
2,3,5,0.20986061962804808
4,1,5,NaN
3,2,5,0.1376319999999998
2,3,5,NaN
3,2,5,0.004582407044711672
5,0,5,NaN
4,1,5,NaN
2,3,5,0.9208024708347865
5,0,5,NaN
1,4,5,NaN
2,3,5,NaN
3,2,5,0.980101638801523
3,2,5,NaN
3,2,5,NaN
5,0,5,NaN
4,1,5,NaN
3,2,5,0.5170897945552569
4,1,5,NaN
2,3,5,NaN
2,3,5,NaN
3,2,5,NaN
4,1,5,NaN
5,0,5,NaN
4,1,5,0.7925166447343686
2,3,5,0.2923067297223037
4,1,5,0.6990667746156102
4,1,5,0.2736599385245901
4,1,5,0.6613966634587408
5,0,5,0.7196181145344687
2,3,5,0.6613966634587408
2,3,5,0.004939389942292157
4,1,5,NaN
3,2,5,NaN
2,3,5,NaN
3,2,5,NaN
5,0,5,NaN
3,2,5,NaN
4,1,5,0.23998440172325927
3,2,5,0.04937587322664477
3,2,5,NaN
5,0,5,NaN
1,4,5,NaN
2,3,5,0.34926187684352356
2,3,5,0.5704817283673348
2,3,5,NaN
4,1,5,NaN
4,1,5,NaN
4,1,5,NaN
4,1,5,NaN
3,2,5,0.2736599385245901
4,1,5,0.5807958875536995
2,3,5,NaN
4,1,5,NaN
2,3,5,NaN
5,0,5,NaN
2,3,5,0.9079098270401949
3,2,5,0.8729594341500814
4,1,5,NaN
3,2,5,NaN
3,2,5,NaN
4,1,5,0.1376319999999998
5,0,5,0.7925166447343686
2,3,5,0.20117698726827588
5,0,5,0.11835585687382275
3,2,5,0.38247901907578424
3,2,5,0.43577762349235377
2,3,5,0.8395040133151549
3,2,5,0.6990667746156102
2,3,5,0.08869205529953894
2,3,5,NaN
4,1,5,0.531729986764269
2,3,5,NaN
5,0,5,NaN
4,1,5,0.9433412321949546
5,0,5,NaN
2,3,5,NaN
4,1,5,0.04937587322664477
4,1,5,NaN
2,3,5,NaN
5,0,5,NaN
2,3,5,0.1026612005498701
2,3,5,NaN
4,1,5,0.34926187684352356
2,3,5,NaN
3,2,5,NaN
3,2,5,0.34926187684352356
5,0,5,NaN
4,1,5,NaN
5,0,5,0.9848027522935779
3,2,5,0.7925166447343686
2,3,5,NaN
3,2,5,0.07633250114228259
2,3,5,0.390088581715401
3,2,5,NaN
3,2,5,0.5757595332036677
4,1,5,NaN
2,3,5,NaN
3,2,5,NaN
2,3,5,0.0014523945616888097
3,2,5,NaN
1,4,5,NaN
4,1,5,0.4856283699035989
4,1,5,NaN
5,0,5,NaN
4,1,5,0.8395040133151549
2,3,5,NaN
3,2,5,NaN
4,1,5,0.9686139634526727
4,1,5,0.45574032487896876
2,3,5,0.3044482195446291
1,4,5,0.6185582093370283
2,3,5,NaN
2,3,5,0.483768449142263
3,2,5,0.9071352322312466
4,1,5,0.009894197701265125
4,1,5,NaN
2,3,5,NaN
5,0,5,0.004939389942292157
5,0,5,NaN
2,3,5,NaN
2,3,5,NaN
3,2,5,NaN
5,0,5,NaN
3,2,5,0.43614794933242046
2,3,5,NaN
3,2,5,0.9631580217839892
2,3,5,0.20936945520216732
5,0,5,NaN
2,3,5,NaN
3,2,5,0.31128496075105533
3,2,5,NaN
4,1,5,0.9200840862929585
4,1,5,NaN
5,0,5,NaN
2,3,5,NaN
4,1,5,0.6613966634587408
3,2,5,0.9209789316492126
5,0,5,0.2998323633381665
2,3,5,0.8326271850948991
1,4,5,NaN
1,4,5,0.1243479434139391
4,1,5,0.483768449142263
3,2,5,0.9326921332428637
3,2,5,NaN
2,3,5,NaN
4,1,5,0.0010428418757757244
5,0,5,NaN
3,2,5,0.7641629005282548
3,2,5,NaN
4,1,5,NaN
3,2,5,0.7108232721518681
5,0,5,NaN
4,1,5,NaN
4,1,5,NaN
4,1,5,0.31128496075105533
4,1,5,NaN
3,2,5,NaN
3,2,5,NaN
5,0,5,0.8597792096635031
4,1,5,NaN
4,1,5,0.390088581715401
3,2,5,0.8395040133151549
4,1,5,NaN
4,1,5,NaN
2,3,5,0.1376319999999998
3,2,5,NaN
4,1,5,NaN
4,1,5,0.06525587975951877
4,1,5,0.9433412321949546
3,2,5,NaN
2,3,5,0.5757595332036677
5,0,5,0.1026612005498701
1,4,5,0.2736599385245901
4,1,5,0.483768449142263
4,1,5,0.043199805379105054
3,2,5,0.6990667746156102
4,1,5,NaN
5,0,5,NaN
3,2,5,NaN
5,0,5,NaN
4,1,5,NaN
4,1,5,NaN
5,0,5,0.15921953565114888
3,2,5,0.8395040133151549
4,1,5,0.04937587322664477
3,2,5,NaN
4,1,5,NaN
3,2,5,NaN
5,0,5,NaN
1,4,5,NaN
2,3,5,0.390088581715401
2,3,5,NaN
4,1,5,NaN
1,4,5,NaN
3,2,5,NaN
5,0,5,NaN
2,3,5,NaN
4,1,5,0.05495107282941918
3,2,5,0.43359950093236205
4,1,5,NaN
4,1,5,NaN
5,0,5,NaN
4,1,5,NaN
1,4,5,0.7383757710176887
4,1,5,NaN
4,1,5,NaN
5,0,5,0.34926187684352356
4,1,5,0.5757595332036677
4,1,5,0.8597792096635031
3,2,5,NaN
4,1,5,NaN
3,2,5,NaN
5,0,5,NaN
1,4,5,0.6990667746156102
2,3,5,6.207442610623129e-7
3,2,5,NaN
2,3,5,NaN
3,2,5,0.31128496075105533
3,2,5,0.00013172177545450249
5,0,5,NaN
2,3,5,NaN
3,2,5,0.531729986764269
2,3,5,NaN
4,1,5,0.31128496075105533
5,0,5,0.7332177371595686
2,3,5,0.08869205529953894
2,3,5,NaN
4,1,5,NaN
2,3,5,0.043199805379105054
3,2,5,0.390088581715401
2,3,5,0.8597792096635031
3,2,5,0.022291257197510888
2,3,5,0.31128496075105533
2,3,5,0.0021679292106529047
3,2,5,NaN
2,3,5,NaN
4,1,5,0.043199805379105054
3,2,5,0.8266459162027727
3,2,5,0.20936945520216732
2,3,5,0.028474706027214924
2,3,5,NaN
3,2,5,0.9079098270401949
3,2,5,NaN
4,1,5,0.9079098270401949
3,2,5,NaN
3,2,5,0.5757595332036677
3,2,5,NaN
1,4,5,NaN
1,4,5,0.9888383068434982
4,1,5,NaN
4,1,5,0.0010596182631854396
4,1,5,0.9614248710601718
5,0,5,0.531729986764269
3,2,5,NaN
1,4,5,0.1026612005498701
3,2,5,0.20936945520216732
4,1,5,0.7579004337769484
2,3,5,0.11835585687382275
1,4,5,0.43614794933242046
4,1,5,NaN
2,3,5,0.2736599385245901
2,3,5,0.8395040133151549
3,2,5,0.0009466855025371113
5,0,5,0.9686139634526727
5,0,5,NaN
5,0,5,NaN
3,2,5,0.08869205529953894
5,0,5,0.390088581715401
1,4,5,NaN
5,0,5,NaN
5,0,5,NaN
4,1,5,NaN
2,3,5,NaN
5,0,5,NaN
4,1,5,NaN
3,2,5,0.7048354896344832
4,1,5,NaN
3,2,5,NaN
4,1,5,NaN
2,3,5,NaN
4,1,5,0.9079098270401949
5,0,5,NaN
4,1,5,0.6185582093370283
3,2,5,0.7332177371595686
5,0,5,0.9326921332428637
4,1,5,NaN
3,2,5,0.1026612005498701
4,1,5,0.5757595332036677
3,2,5,0.777613121012939
3,2,5,NaN
4,1,5,0.7641629005282548
4,1,5,0.9534153129152887
5,0,5,NaN
5,0,5,NaN
1,4,5,0.22375730346751577
3,2,5,0.531729986764269
4,1,5,0.531729986764269
5,0,5,NaN
2,3,5,NaN
1,4,5,0.6599249480126606
3,2,5,0.6185582093370283
5,0,5,0.6990667746156102
4,1,5,0.1376319999999998
5,0,5,NaN
3,2,5,NaN
4,1,5,0.6613966634587408
2,3,5,NaN
5,0,5,0.7925166447343686
1,4,5,NaN
3,2,5,0.9079098270401949
4,1,5,NaN
4,1,5,0.20936945520216732
5,0,5,NaN
3,2,5,0.04937587322664477
4,1,5,NaN
4,1,5,NaN
3,2,5,NaN
4,1,5,NaN
5,0,5,NaN
2,3,5,0.7641629005282548
3,2,5,0.8597792096635031
2,3,5,0.5757595332036677
3,2,5,0.6185582093370283
3,2,5,NaN
3,2,5,NaN
2,3,5,0.8770122193000203
3,2,5,0.8185843942460208
5,0,5,0.9433412321949546
2,3,5,NaN
3,2,5,0.15921953565114888
4,1,5,NaN
1,4,5,NaN
4,1,5,0.04937587322664477
3,2,5,0.8899481007770936
4,1,5,0.5807958875536995
3,2,5,0.9997733190692698
2,3,5,0.8185843942460208
5,0,5,NaN
4,1,5,NaN
4,1,5,0.18342590517711166
5,0,5,0.3760544360670689
4,1,5,0.6016077014507798
3,2,5,0.23998440172325927
3,2,5,NaN
2,3,5,NaN
3,2,5,0.07633250114228259
2,3,5,0.9433412321949546
4,1,5,NaN
5,0,5,NaN
3,2,5,NaN
5,0,5,0.6185582093370283
3,2,5,0.25027264969731383
2,3,5,0.004939389942292157
2,3,5,0.031718326892963014
4,1,5,NaN
1,4,5,NaN
3,2,5,NaN
3,2,5,0.5757595332036677
3,2,5,0.6599249480126606
1,4,5,0.893076864532752
5,0,5,0.5577087728420064
3,2,5,NaN
1,4,5,NaN
2,3,5,NaN
3,2,5,NaN
1,4,5,NaN
4,1,5,NaN
2,3,5,0.390088581715401
3,2,5,0.027150137488542374
2,3,5,NaN
5,0,5,NaN
4,1,5,0.9079098270401949
4,1,5,0.7925166447343686
5,0,5,NaN
4,1,5,NaN
3,2,5,0.21558377246911137
3,2,5,NaN
2,3,5,NaN
3,2,5,NaN
4,1,5,NaN
3,2,5,NaN
4,1,5,NaN
3,2,5,0.019519080662983124
4,1,5,NaN
3,2,5,NaN
2,3,5,0.31128496075105533
4,1,5,NaN
1,4,5,0.34926187684352356
3,2,5,0.00665023749434929
2,3,5,NaN
2,3,5,0.9686139634526727
3,2,5,NaN
3,2,5,0.8597792096635031
3,2,5,0.5757595332036677
5,0,5,0.1004159907511305
1,4,5,NaN
1,4,5,NaN
3,2,5,NaN
5,0,5,0.4372400649507477
3,2,5,0.390088581715401
2,3,5,NaN
3,2,5,0.23998440172325927
5,0,5,NaN
1,4,5,NaN
4,1,5,NaN
3,2,5,NaN
4,1,5,NaN
3,2,5,NaN
2,3,5,0.6613966634587408
3,2,5,0.9079098270401949
3,2,5,0.4319007153382488
2,3,5,0.6185582093370283
4,1,5,0.18342590517711166
3,2,5,NaN
4,1,5,NaN
3,2,5,NaN
3,2,5,0.390088581715401
1,4,5,NaN
4,1,5,NaN
4,1,5,NaN
4,1,5,NaN
4,1,5,0.06525587975951877
4,1,5,NaN
3,2,5,0.6990667746156102
2,3,5,0.7394544821147426
2,3,5,0.893076864532752
3,2,5,NaN
5,0,5,0.6990667746156102
4,1,5,0.43614794933242046
3,2,5,0.15921953565114888
2,3,5,0.8597792096635031
4,1,5,0.006082193050191918
5,0,5,0.8770122193000203
1,4,5,0.34926187684352356
2,3,5,0.15921953565114888
1,4,5,NaN
2,3,5,NaN
2,3,5,NaN
2,3,5,NaN
4,1,5,NaN
2,3,5,NaN
5,0,5,NaN
4,1,5,NaN
5,0,5,NaN
4,1,5,0.11835585687382275
4,1,5,NaN
2,3,5,0.8185843942460208
3,2,5,0.9812418926199151
5,0,5,0.7059793999936899
4,1,5,NaN
3,2,5,NaN
4,1,5,NaN
3,2,5,NaN
3,2,5,0.11835585687382275
4,1,5,0.7332177371595686
2,3,5,0.6185582093370283
4,1,5,NaN
3,2,5,0.019526366166690134
1,4,5,0.390088581715401
3,2,5,NaN
3,2,5,NaN
1,4,5,NaN
5,0,5,NaN
1,4,5,NaN
4,1,5,0.0569687888815355
1,4,5,0.11219841607100062
4,1,5,0.009912176912471659
5,0,5,NaN
1,4,5,0.022788573734112794
2,3,5,NaN
4,1,5,NaN
3,2,5,NaN
3,2,5,NaN
1,4,5,0.34926187684352356
2,3,5,NaN
2,3,5,NaN
3,2,5,NaN
3,2,5,NaN
1,4,5,NaN
2,3,5,0.8597792096635031
2,3,5,0.8597792096635031
2,3,5,NaN
2,3,5,0.3566774067387504
3,2,5,NaN
3,2,5,NaN
3,2,5,0.03176421408780421
3,2,5,NaN
3,2,5,0.012022118863049316
2,3,5,0.22726472108630166
2,3,5,0.34926187684352356
2,3,5,0.8185843942460208
3,2,5,0.43614794933242046
3,2,5,0.10560892395922487
1,4,5,NaN
4,1,5,NaN
2,3,5,0.20936945520216732
1,4,5,NaN
2,3,5,NaN
4,1,5,0.8770122193000203
2,3,5,0.765530168185666
2,3,5,NaN
3,2,5,NaN
2,3,5,0.6862733256010738
3,2,5,0.43614794933242046
2,3,5,1.573851096583363e-10
2,3,5,NaN
2,3,5,NaN
2,3,5,NaN
2,3,5,NaN
3,2,5,0.009912176912471659
4,1,5,0.9614248710601718
1,4,5,NaN
5,0,5,NaN
3,2,5,NaN
1,4,5,NaN
4,1,5,0.531729986764269
1,4,5,NaN
3,2,5,0.7641629005282548
4,1,5,NaN
2,3,5,0.20936945520216732
4,1,5,NaN
3,2,5,NaN
2,3,5,0.8829667788027364
4,1,5,NaN
4,1,5,0.8395040133151549
1,4,5,0.5757595332036677
4,1,5,NaN
3,2,5,0.390088581715401
4,1,5,NaN
2,3,5,0.11835585687382275
3,2,5,0.8188093217602104
2,3,5,0.5757595332036677
3,2,5,0.0053021338430499845
2,3,5,NaN
2,3,5,NaN
4,1,5,NaN
4,1,5,NaN
1,4,5,NaN
1,4,5,NaN
4,1,5,NaN
3,2,5,0.0004191128404673452
1,4,5,0.11835585687382275
5,0,5,NaN
4,1,5,0.34926187684352356
5,0,5,0.9614248710601718
3,2,5,NaN
4,1,5,0.6613966634587408
3,2,5,0.8597792096635031
2,3,5,0.7925166447343686
5,0,5,NaN
4,1,5,NaN
2,3,5,0.43614794933242046
2,3,5,NaN
2,3,5,NaN
2,3,5,NaN
2,3,5,NaN
3,2,5,0.4319007153382488
5,0,5,NaN
2,3,5,0.5757595332036677
2,3,5,NaN
4,1,5,0.5780660506944091
2,3,5,NaN
4,1,5,NaN
3,2,5,0.14752482844929302
4,1,5,0.483768449142263
1,4,5,0.6990667746156102
2,3,5,0.31128496075105533
3,2,5,0.5459424067501532
5,0,5,NaN
3,2,5,NaN
3,2,5,0.43614794933242046
1,4,5,NaN
4,1,5,0.08869205529953894
1,4,5,0.8395040133151549
3,2,5,0.9209789316492126
3,2,5,0.893076864532752
2,3,5,0.23998440172325927
3,2,5,NaN
1,4,5,0.07633250114228259
3,2,5,0.1376319999999998
2,3,5,0.03230741676234196
4,1,5,NaN
2,3,5,NaN
4,1,5,NaN
4,1,5,NaN
4,1,5,NaN
2,3,5,NaN
3,2,5,0.006429182778370333
4,1,5,NaN
2,3,5,0.6990667746156102
1,4,5,0.0569687888815355
3,2,5,0.08869205529953894
3,2,5,0.390088581715401
4,1,5,0.043199805379105054
4,1,5,0.7332177371595686
5,0,5,NaN
2,3,5,NaN
5,0,5,0.6613966634587408
4,1,5,0.022788573734112794
1,4,5,0.893076864532752
3,2,5,NaN
4,1,5,NaN
3,2,5,NaN
2,3,5,NaN
1,4,5,NaN
2,3,5,0.6990667746156102
2,3,5,0.7390416836363392
3,2,5,NaN
4,1,5,NaN
2,3,5,NaN
2,3,5,0.531729986764269
4,1,5,NaN
2,3,5,0.5757595332036677
4,1,5,NaN
1,4,5,NaN
2,3,5,NaN
4,1,5,0.9919214683718085
4,1,5,0.5093154232826997
2,3,5,NaN
2,3,5,NaN
5,0,5,NaN
5,0,5,0.11835585687382275
2,3,5,NaN
3,2,5,0.0569687888815355
3,2,5,0.8730207778042132
5,0,5,0.5757595332036677
3,2,5,0.8395040133151549
2,3,5,NaN
4,1,5,NaN
3,2,5,0.6990667746156102
3,2,5,0.480836729381496
3,2,5,NaN
4,1,5,0.8395040133151549
4,1,5,NaN
4,1,5,0.3642602326417223
3,2,5,0.11835585687382275
4,1,5,NaN
2,3,5,NaN
2,3,5,0.45407026001640305
3,2,5,NaN
3,2,5,NaN
3,2,5,0.9449594017628097
3,2,5,0.6990667746156102
3,2,5,0.0011870025188928748
1,4,5,NaN
3,2,5,NaN
3,2,5,NaN
1,4,5,NaN
3,2,5,0.8597792096635031
2,3,5,0.531729986764269
3,2,5,0.8185843942460208
3,2,5,0.014302811501596825
5,0,5,NaN
5,0,5,0.20936945520216732
5,0,5,NaN
1,4,5,NaN
4,1,5,NaN
1,4,5,0.483768449142263
1,4,5,NaN
3,2,5,NaN
3,2,5,NaN
3,2,5,0.6990667746156102
4,1,5,NaN
3,2,5,0.7196181145344687
5,0,5,NaN
3,2,5,0.6185582093370283
2,3,5,NaN
3,2,5,0.022788573734112794
2,3,5,0.483768449142263
2,3,5,0.9848027522935779
4,1,5,NaN
5,0,5,NaN
2,3,5,NaN
3,2,5,NaN
4,1,5,NaN
5,0,5,NaN
2,3,5,NaN
2,3,5,NaN
3,2,5,NaN
2,3,5,NaN
3,2,5,0.8395040133151549
5,0,5,NaN
4,1,5,NaN
4,1,5,0.7450258240124282
2,3,5,0.9079098270401949
3,2,5,0.016100508314278474
3,2,5,0.9209789316492126
3,2,5,0.8197394761937766
1,4,5,0.8597792096635031
2,3,5,NaN
4,1,5,0.6185582093370283
3,2,5,NaN
3,2,5,0.07633250114228259
2,3,5,NaN
2,3,5,NaN
4,1,5,0.8395040133151549
5,0,5,0.8185843942460208
2,3,5,NaN
2,3,5,NaN
4,1,5,NaN
3,2,5,NaN
1,4,5,NaN
4,1,5,0.08601455152745335
1,4,5,NaN
3,2,5,0.23998440172325927
3,2,5,0.3566774067387504
3,2,5,0.9071352322312466
4,1,5,NaN
4,1,5,NaN
1,4,5,NaN
5,0,5,0.8597792096635031
5,0,5,0.7641629005282548
2,3,5,0.7332177371595686
3,2,5,0.9758490361498883
2,3,5,0.8185843942460208
2,3,5,NaN
4,1,5,0.12532444304236073
2,3,5,NaN
4,1,5,NaN
2,3,5,0.06525587975951877
3,2,5,0.483768449142263
3,2,5,0.127827138667481
2,3,5,NaN
2,3,5,NaN
4,1,5,NaN
1,4,5,0.6185582093370283
1,4,5,NaN
4,1,5,0.009912176912471659
5,0,5,0.043199805379105054
1,4,5,NaN
5,0,5,0.31128496075105533
3,2,5,NaN
5,0,5,NaN
1,4,5,NaN
1,4,5,NaN
5,0,5,NaN
3,2,5,NaN
5,0,5,NaN
5,0,5,NaN
2,3,5,NaN
5,0,5,NaN
3,2,5,NaN
4,1,5,NaN
1,4,5,0.8395040133151549
2,3,5,0.710410651171062
4,1,5,NaN
4,1,5,NaN
4,1,5,NaN
3,2,5,NaN
4,1,5,0.9747128701728911
1,4,5,NaN
2,3,5,NaN
2,3,5,NaN
3,2,5,NaN
3,2,5,0.9079098270401949
1,4,5,0.8185843942460208
3,2,5,NaN
1,4,5,0.5807958875536995
2,3,5,NaN
2,3,5,0.019519080662983124
1,4,5,NaN
2,3,5,NaN
5,0,5,NaN
1,4,5,0.7332177371595686
2,3,5,0.23998440172325927
5,0,5,0.2736599385245901
2,3,5,0.483768449142263
4,1,5,NaN
2,3,5,NaN
2,3,5,NaN
2,3,5,0.0569687888815355
4,1,5,NaN
3,2,5,NaN
4,1,5,NaN
2,3,5,NaN
3,2,5,NaN
1,4,5,NaN
4,1,5,0.9959618436650923
4,1,5,0.6185582093370283
2,3,5,NaN
3,2,5,0.8185843942460208
2,3,5,NaN
2,3,5,0.1376319999999998
1,4,5,0.6185582093370283
3,2,5,NaN
3,2,5,0.003788441268422185
3,2,5,NaN
3,2,5,0.22726472108630166
2,3,5,0.8395040133151549
4,1,5,NaN
5,0,5,NaN
4,1,5,NaN
3,2,5,NaN
2,3,5,NaN
1,4,5,NaN
3,2,5,0.24636439983674516
4,1,5,0.893076864532752
4,1,5,0.23998440172325927
4,1,5,0.027150137488542374
1,4,5,NaN
3,2,5,0.31128496075105533
1,4,5,0.2750933842728763
1,4,5,NaN
4,1,5,0.1026612005498701
1,4,5,NaN
2,3,5,0.18342590517711166
4,1,5,0.8770122193000203
3,2,5,0.9326921332428637
1,4,5,0.31128496075105533
3,2,5,NaN
4,1,5,NaN
2,3,5,0.0005666643166444545
4,1,5,0.8185843942460208
5,0,5,0.749359964362704
2,3,5,NaN
2,3,5,NaN
4,1,5,NaN
3,2,5,NaN
2,3,5,NaN
3,2,5,0.8395040133151549
3,2,5,0.483768449142263
1,4,5,NaN
2,3,5,NaN
3,2,5,NaN
4,1,5,NaN
4,1,5,NaN
3,2,5,0.8185843942460208
4,1,5,0.23998440172325927
1,4,5,0.8597792096635031
4,1,5,NaN
3,2,5,0.7641629005282548
4,1,5,NaN
1,4,5,0.6185582093370283
3,2,5,0.6185582093370283
2,3,5,NaN
3,2,5,NaN
2,3,5,0.03782247324613561
1,4,5,NaN
2,3,5,NaN
2,3,5,NaN
3,2,5,0.5757595332036677
1,4,5,0.2736599385245901
5,0,5,NaN
3,2,5,NaN
5,0,5,0.1376319999999998
3,2,5,NaN
2,3,5,0.483768449142263
2,3,5,NaN
4,1,5,0.5757595332036677
5,0,5,NaN
4,1,5,NaN
2,3,5,NaN
3,2,5,0.6990667746156102
3,2,5,0.6613966634587408
3,2,5,0.11835585687382275
3,2,5,NaN
4,1,5,0.531729986764269
3,2,5,NaN
5,0,5,NaN
3,2,5,NaN
3,2,5,0.6185582093370283
3,2,5,NaN
4,1,5,0.6990667746156102
3,2,5,0.11835585687382275
4,1,5,NaN
5,0,5,NaN
2,3,5,0.08869205529953894
4,1,5,NaN
3,2,5,NaN
2,3,5,0.04084829475424295
2,3,5,NaN
3,2,5,0.13265467374498832
2,3,5,0.24265001291699886
2,3,5,NaN
2,3,5,0.31128496075105533
2,3,5,0.8088420404664923
2,3,5,NaN
2,3,5,0.9747128701728911
3,2,5,NaN
1,4,5,NaN
3,2,5,NaN
4,1,5,0.483768449142263
2,3,5,0.18342590517711166
1,4,5,NaN
4,1,5,0.43614794933242046
4,1,5,NaN
2,3,5,0.9079098270401949
3,2,5,0.06525587975951877
5,0,5,0.20936945520216732
2,3,5,NaN
3,2,5,0.2779864909140534
3,2,5,0.531729986764269
3,2,5,0.06525587975951877
2,3,5,0.5098317807053887
1,4,5,NaN
5,0,5,NaN
4,1,5,0.6185582093370283
2,3,5,NaN
3,2,5,NaN
2,3,5,NaN
2,3,5,NaN
2,3,5,0.1376319999999998
1,4,5,NaN
2,3,5,0.9326921332428637
3,2,5,0.390088581715401
2,3,5,NaN
2,3,5,NaN
2,3,5,NaN
2,3,5,0.07633250114228259
3,2,5,NaN
4,1,5,NaN
2,3,5,0.06525587975951877
4,1,5,NaN
2,3,5,NaN
2,3,5,NaN
1,4,5,NaN
3,2,5,NaN
1,4,5,NaN
5,0,5,0.6990667746156102
4,1,5,NaN
2,3,5,NaN
2,3,5,NaN
2,3,5,0.6185582093370283
3,2,5,NaN
4,1,5,0.9747128701728911
3,2,5,0.14700221175747344
5,0,5,NaN
2,3,5,NaN
3,2,5,NaN
2,3,5,NaN
3,2,5,0.016627813551177786
2,3,5,NaN
1,4,5,NaN
4,1,5,NaN
2,3,5,NaN
3,2,5,0.1294762328690594
3,2,5,0.531729986764269
1,4,5,NaN
3,2,5,0.15921953565114888
2,3,5,0.6185582093370283
1,4,5,0.7641629005282548
3,2,5,0.043199805379105054
1,4,5,NaN
3,2,5,NaN
2,3,5,0.11835585687382275
5,0,5,NaN
3,2,5,0.8770122193000203
3,2,5,0.2969173985655673
2,3,5,0.03230741676234196
2,3,5,NaN
2,3,5,0.11835585687382275
1,4,5,NaN
2,3,5,NaN
1,4,5,0.15921953565114888
1,4,5,NaN
2,3,5,0.1376319999999998
3,2,5,NaN
2,3,5,0.6185582093370283
2,3,5,NaN
2,3,5,NaN
5,0,5,NaN
2,3,5,NaN
3,2,5,0.2736599385245901
3,2,5,0.9614248710601718
3,2,5,NaN
2,3,5,NaN
4,1,5,0.6990667746156102
2,3,5,NaN
4,1,5,0.43277460386394806
4,1,5,0.7925166447343686
3,2,5,NaN
3,2,5,0.8395040133151549
1,4,5,NaN
2,3,5,NaN
3,2,5,0.01629219127135951
2,3,5,NaN
1,4,5,NaN
2,3,5,0.531729986764269
4,1,5,NaN
1,4,5,NaN
2,3,5,NaN
1,4,5,0.23998440172325927
3,2,5,0.5757595332036677
4,1,5,NaN
2,3,5,0.43614794933242046
2,3,5,NaN
2,3,5,0.9326921332428637
2,3,5,0.13935759757327162
2,3,5,0.8770122193000203
5,0,5,0.7332177371595686
2,3,5,0.9433412321949546
2,3,5,NaN
2,3,5,0.1026612005498701
1,4,5,0.6990667746156102
3,2,5,NaN
2,3,5,NaN
2,3,5,NaN
3,2,5,0.20778106227145735
1,4,5,NaN
3,2,5,NaN
2,3,5,NaN
2,3,5,NaN
1,4,5,NaN
4,1,5,NaN
1,4,5,0.6499322168460523
1,4,5,0.390088581715401
2,3,5,0.7332177371595686
1,4,5,NaN
2,3,5,0.1026612005498701
2,3,5,0.5757595332036677
1,4,5,0.15921953565114888
3,2,5,0.7641629005282548
2,3,5,NaN
2,3,5,0.7641629005282548
3,2,5,0.531729986764269
5,0,5,NaN
1,4,5,NaN
2,3,5,NaN
4,1,5,NaN
4,1,5,0.893076864532752
4,1,5,NaN
3,2,5,NaN
5,0,5,0.8185843942460208
2,3,5,NaN
2,3,5,0.531729986764269
2,3,5,0.7925166447343686
3,2,5,NaN
2,3,5,0.6185582093370283
1,4,5,NaN
1,4,5,0.009912176912471659
3,2,5,NaN
3,2,5,0.8185843942460208
2,3,5,0.6613966634587408
2,3,5,0.23998440172325927
3,2,5,0.9326921332428637
3,2,5,0.7925166447343686
1,4,5,NaN
4,1,5,0.31128496075105533
2,3,5,0.04795635694036325
1,4,5,NaN
2,3,5,NaN
2,3,5,NaN
2,3,5,NaN
3,2,5,NaN
2,3,5,0.0569687888815355
2,3,5,0.8379617705263485
1,4,5,0.9888383068434982
3,2,5,0.18342590517711166
1,4,5,0.014302811501596825
1,4,5,NaN
2,3,5,0.531729986764269
1,4,5,NaN
3,2,5,0.9209789316492126
1,4,5,NaN
2,3,5,NaN
4,1,5,NaN
1,4,5,NaN
2,3,5,0.7641629005282548
3,2,5,0.2736599385245901
2,3,5,0.8180436984403199
2,3,5,NaN
1,4,5,0.7332177371595686
2,3,5,NaN
2,3,5,0.23998440172325927
1,4,5,NaN
2,3,5,NaN
2,3,5,NaN
3,2,5,0.6990667746156102
2,3,5,0.43614794933242046
4,1,5,NaN
2,3,5,0.43614794933242046
3,2,5,NaN
4,1,5,0.9686139634526727
1,4,5,0.9209789316492126
1,4,5,0.8770122193000203
3,2,5,NaN
2,3,5,0.1026612005498701
4,1,5,0.9304658051681876
2,3,5,NaN
3,2,5,0.1376319999999998
1,4,5,0.980101638801523
5,0,5,NaN
1,4,5,NaN
1,4,5,NaN
1,4,5,0.0014523945616888097
2,3,5,NaN
2,3,5,NaN
1,4,5,0.7332177371595686
4,1,5,0.7332177371595686
1,4,5,0.2736599385245901
4,1,5,NaN
1,4,5,NaN
2,3,5,0.7925166447343686
2,3,5,0.6185582093370283
1,4,5,0.8770122193000203
2,3,5,NaN
3,2,5,0.20936945520216732
2,3,5,NaN
1,4,5,0.7641629005282548
1,4,5,NaN
1,4,5,NaN
1,4,5,NaN
2,3,5,0.483768449142263
1,4,5,NaN
3,2,5,0.0569687888815355
3,2,5,NaN
1,4,5,0.7641629005282548
4,1,5,NaN
1,4,5,NaN
3,2,5,NaN
2,3,5,0.7332177371595686
1,4,5,NaN
1,4,5,NaN
3,2,5,NaN
2,3,5,NaN
3,2,5,NaN
2,3,5,NaN
2,3,5,0.390088581715401
1,4,5,NaN
2,3,5,NaN
1,4,5,NaN
2,3,5,0.11835585687382275
2,3,5,NaN
1,4,5,0.43614794933242046
1,4,5,0.03230741676234196
1,4,5,0.6273932620023779
1,4,5,0.04973437631530155
2,3,5,NaN
1,4,5,0.9326921332428637
1,4,5,0.7925166447343686
1,4,5,0.18342590517711166
1,4,5,0.7641629005282548
1,4,5,0.9079098270401949
1,4,5,0.43614794933242046
3,2,5,NaN
1,4,5,0.0569687888815355
1,4,5,NaN
2,3,5,0.8395040133151549
3,2,5,0.6990667746156102
1,4,5,0.6990667746156102
1,4,5,NaN
1,4,5,0.5757595332036677
1,4,5,0.027988959395328916
2,3,5,0.043199805379105054
1,4,5,NaN
1,4,5,NaN
2,3,5,NaN
1,4,5,0.8770122193000203
1,4,5,NaN
1,4,5,0.531729986764269
2,3,5,0.43614794933242046
1,4,5,NaN
1,4,5,0.1026612005498701
1,4,5,NaN
3,2,5,NaN
1,4,5,NaN
1,4,5,0.07633250114228259
1,4,5,NaN
1,4,5,0.7925166447343686
1,4,5,NaN
3,2,5,0.43174600823559717
1,4,5,NaN
1,4,5,0.531729986764269
2,3,5,NaN
1,4,5,NaN
1,4,5,0.43614794933242046
1,4,5,NaN
1,4,5,0.34926187684352356
1,4,5,0.31128496075105533
1,4,5,NaN
1,4,5,NaN
1,4,5,0.15921953565114888
3,2,5,0.08869205529953894
4,1,5,NaN
2,3,5,0.6185582093370283
1,4,5,NaN
2,3,5,NaN
1,4,5,0.8770122193000203
1,4,5,NaN
1,4,5,0.06721180195946935
2,3,5,NaN
2,3,5,NaN
1,4,5,NaN
1,4,5,0.04937587322664477
2,3,5,NaN
2,3,5,NaN
1,4,5,0.43614794933242046
1,4,5,0.390088581715401
1,4,5,NaN
2,3,5,0.4689156560029013
1,4,5,NaN
2,3,5,NaN
1,4,5,NaN
2,3,5,NaN
1,4,5,NaN
1,4,5,NaN
1,4,5,NaN
1,4,5,NaN
1,4,5,NaN
1,4,5,0.531729986764269
1,4,5,0.6613966634587408
0,5,5,0.5810805644004121
0,5,5,0.7332177371595686
0,5,5,NaN
0,5,5,NaN
0,5,5,NaN
0,5,5,NaN
0,5,5,NaN
0,5,5,NaN
0,5,5,NaN
0,5,5,NaN
0,5,5,0.5757595332036677
0,5,5,0.23998440172325927
0,5,5,NaN
0,5,5,0.07149157896053752
0,5,5,NaN
0,5,5,NaN
0,5,5,NaN
0,5,5,NaN
0,5,5,NaN
0,5,5,0.9079098270401949
0,5,5,NaN
0,5,5,0.1534620907904871
0,5,5,NaN
0,5,5,0.8395040133151549
0,5,5,NaN
0,5,5,NaN
0,5,5,NaN
0,5,5,NaN
0,5,5,0.7332177371595686
0,5,5,NaN
0,5,5,0.390088581715401
0,5,5,0.43614794933242046
0,5,5,0.6613966634587408
0,5,5,0.15921953565114888
0,5,5,NaN
0,5,5,0.7641629005282548
0,5,5,NaN
0,5,5,0.8395040133151549
0,5,5,NaN
0,5,5,0.0003297306122421771
0,5,5,0.43614794933242046
0,5,5,NaN
0,5,5,NaN
0,5,5,0.7332177371595686
0,5,5,NaN
0,5,5,0.005299012097760308
0,5,5,NaN
0,5,5,NaN
0,5,5,NaN
0,5,5,NaN
0,5,5,0.7332177371595686
0,5,5,NaN
0,5,5,NaN
0,5,5,NaN
0,5,5,0.027988959395328916
0,5,5,NaN
0,5,5,NaN
0,5,5,NaN
0,5,5,NaN
0,5,5,NaN
0,5,5,0.43614794933242046
0,5,5,NaN
0,5,5,0.1576819989566069
0,5,5,NaN
0,5,5,NaN
0,5,5,NaN
0,5,5,NaN
0,5,5,0.23998440172325927
0,5,5,NaN
0,5,5,NaN
0,5,5,NaN
0,5,5,NaN
0,5,5,NaN
0,5,5,NaN
0,5,5,NaN
0,5,5,NaN
0,5,5,0.7332177371595686
0,5,5,NaN
0,5,5,0.9686139634526727
0,5,5,0.2736599385245901
0,5,5,NaN
0,5,5,0.1376319999999998
0,5,5,NaN
0,5,5,NaN
0,5,5,0.483768449142263
0,5,5,NaN
0,5,5,NaN
0,5,5,NaN
0,5,5,NaN
0,5,5,NaN
0,5,5,0.31128496075105533
0,5,5,0.23998440172325927
0,5,5,0.34926187684352356
0,5,5,NaN
0,5,5,NaN
0,5,5,0.6185582093370283
0,5,5,0.1026612005498701
0,5,5,NaN
0,5,5,NaN
0,5,5,NaN
0,5,5,NaN
0,5,5,0.027150137488542374
0,5,5,0.893076864532752
0,5,5,NaN
0,5,5,NaN
0,5,5,NaN
0,5,5,NaN
0,5,5,NaN
0,5,5,0.7948773508512438
0,5,5,0.11835585687382275
0,5,5,NaN
0,5,5,NaN
0,5,5,0.7387898186865325
0,5,5,0.20936945520216732
0,5,5,NaN
0,5,5,NaN
1,3,4,NaN
4,0,4,NaN
2,2,4,0.7925166447343686
4,0,4,NaN
3,1,4,0.893076864532752
4,0,4,NaN
2,2,4,NaN
1,3,4,0.8770122193000203
3,1,4,0.31128496075105533
4,0,4,NaN
3,1,4,NaN
2,2,4,NaN
4,0,4,NaN
4,0,4,NaN
2,2,4,0.7641629005282548
3,1,4,NaN
4,0,4,NaN
3,1,4,NaN
3,1,4,0.6185582093370283
3,1,4,NaN
4,0,4,NaN
3,1,4,0.483768449142263
4,0,4,NaN
3,1,4,NaN
2,2,4,NaN
3,1,4,NaN
4,0,4,NaN
1,3,4,NaN
2,2,4,0.893076864532752
4,0,4,0.483768449142263
2,2,4,NaN
4,0,4,0.08869205529953894
4,0,4,NaN
4,0,4,0.0010110532001673229
4,0,4,NaN
3,1,4,NaN
4,0,4,0.019519080662983124
2,2,4,0.483768449142263
3,1,4,NaN
4,0,4,NaN
4,0,4,NaN
1,3,4,0.31128496075105533
4,0,4,NaN
4,0,4,NaN
3,1,4,NaN
4,0,4,NaN
2,2,4,0.6990667746156102
4,0,4,0.1026612005498701
3,1,4,0.8395040133151549
2,2,4,0.057297073077936175
4,0,4,NaN
3,1,4,0.8185843942460208
2,2,4,0.7925166447343686
3,1,4,NaN
2,2,4,NaN
3,1,4,NaN
4,0,4,NaN
4,0,4,0.980101638801523
3,1,4,NaN
3,1,4,0.15921953565114888
3,1,4,0.7641629005282548
3,1,4,0.1004159907511305
2,2,4,0.06525587975951877
2,2,4,NaN
3,1,4,NaN
2,2,4,NaN
4,0,4,NaN
2,2,4,NaN
4,0,4,NaN
2,2,4,NaN
3,1,4,0.31128496075105533
3,1,4,NaN
4,0,4,0.5181267167607481
3,1,4,NaN
4,0,4,0.23998440172325927
1,3,4,0.7641629005282548
4,0,4,NaN
2,2,4,0.08869205529953894
2,2,4,0.03230741676234196
4,0,4,0.1376319999999998
3,1,4,NaN
4,0,4,NaN
3,1,4,0.8770122193000203
4,0,4,0.6613966634587408
4,0,4,0.0003541088588855292
4,0,4,NaN
4,0,4,0.31128496075105533
3,1,4,NaN
3,1,4,0.8395040133151549
4,0,4,0.6990667746156102
3,1,4,NaN
2,2,4,0.2345552954257019
4,0,4,0.15921953565114888
2,2,4,0.961828712149566
1,3,4,NaN
1,3,4,NaN
2,2,4,NaN
2,2,4,NaN
3,1,4,0.43614794933242046
2,2,4,0.531729986764269
1,3,4,NaN
3,1,4,NaN
4,0,4,0.8597792096635031
3,1,4,NaN
3,1,4,0.6990667746156102
3,1,4,NaN
4,0,4,0.7925166447343686
2,2,4,NaN
2,2,4,NaN
2,2,4,NaN
3,1,4,NaN
4,0,4,NaN
4,0,4,NaN
4,0,4,NaN
3,1,4,NaN
3,1,4,NaN
4,0,4,NaN
4,0,4,0.6645503847407921
1,3,4,0.18342590517711166
3,1,4,0.0569687888815355
4,0,4,0.1376319999999998
4,0,4,NaN
1,3,4,NaN
3,1,4,0.9433412321949546
4,0,4,0.11835585687382275
2,2,4,0.8395040133151549
4,0,4,0.34926187684352356
3,1,4,NaN
4,0,4,NaN
4,0,4,NaN
2,2,4,0.9534153129152887
2,2,4,NaN
2,2,4,0.6458099113465393
4,0,4,NaN
4,0,4,NaN
3,1,4,0.6185582093370283
4,0,4,NaN
4,0,4,NaN
3,1,4,0.390088581715401
4,0,4,NaN
2,2,4,NaN
3,1,4,0.20585542231012063
4,0,4,5.207012008023124e-5
3,1,4,NaN
4,0,4,NaN
4,0,4,NaN
4,0,4,0.016627813551177786
4,0,4,0.483768449142263
4,0,4,NaN
2,2,4,0.8234460514241537
2,2,4,NaN
3,1,4,NaN
2,2,4,0.20936945520216732
4,0,4,NaN
3,1,4,0.01034101813682877
4,0,4,NaN
3,1,4,NaN
3,1,4,NaN
4,0,4,NaN
3,1,4,NaN
3,1,4,0.8597792096635031
3,1,4,NaN
4,0,4,NaN
3,1,4,0.7641629005282548
4,0,4,0.3042007367616033
3,1,4,0.6990667746156102
3,1,4,NaN
4,0,4,NaN
4,0,4,NaN
2,2,4,0.8770122193000203
4,0,4,NaN
4,0,4,NaN
4,0,4,NaN
4,0,4,0.9079098270401949
1,3,4,NaN
4,0,4,NaN
4,0,4,NaN
3,1,4,NaN
4,0,4,0.5170897945552569
4,0,4,0.04937587322664477
4,0,4,0.15921953565114888
4,0,4,NaN
3,1,4,NaN
3,1,4,0.8395040133151549
4,0,4,0.9209789316492126
3,1,4,NaN
4,0,4,0.2736599385245901
4,0,4,0.43614794933242046
4,0,4,NaN
3,1,4,0.43156718241374087
4,0,4,NaN
3,1,4,0.7332177371595686
3,1,4,0.5757595332036677
2,2,4,0.6990667746156102
4,0,4,0.8395040133151549
3,1,4,NaN
3,1,4,0.8185843942460208
4,0,4,NaN
3,1,4,0.893076864532752
4,0,4,0.483768449142263
3,1,4,0.31128496075105533
4,0,4,NaN
3,1,4,NaN
4,0,4,NaN
4,0,4,0.7744073833658771
3,1,4,NaN
2,2,4,NaN
3,1,4,0.0013030627473562344
3,1,4,NaN
2,2,4,NaN
4,0,4,NaN
3,1,4,0.15921953565114888
2,2,4,NaN
4,0,4,NaN
3,1,4,0.15921953565114888
4,0,4,0.8770122193000203
4,0,4,0.9433412321949546
4,0,4,NaN
4,0,4,NaN
4,0,4,NaN
4,0,4,0.20936945520216732
3,1,4,NaN
4,0,4,0.10326636557259476
4,0,4,0.6185582093370283
4,0,4,NaN
4,0,4,NaN
3,1,4,NaN
4,0,4,NaN
4,0,4,0.9571879407729778
4,0,4,0.08869205529953894
4,0,4,NaN
1,3,4,NaN
4,0,4,NaN
4,0,4,0.8185843942460208
3,1,4,0.43614794933242046
4,0,4,NaN
1,3,4,NaN
4,0,4,NaN
4,0,4,NaN
3,1,4,NaN
4,0,4,NaN
3,1,4,0.7641629005282548
4,0,4,0.03230741676234196
3,1,4,NaN
3,1,4,0.7332177371595686
3,1,4,NaN
3,1,4,NaN
2,2,4,NaN
4,0,4,0.0487461522307463
2,2,4,NaN
3,1,4,0.9433412321949546
2,2,4,0.8770122193000203
4,0,4,NaN
4,0,4,NaN
4,0,4,NaN
4,0,4,NaN
3,1,4,0.6613966634587408
3,1,4,NaN
2,2,4,0.7641629005282548
4,0,4,NaN
4,0,4,NaN
3,1,4,NaN
4,0,4,NaN
2,2,4,NaN
3,1,4,NaN
3,1,4,NaN
1,3,4,0.0002344395865885038
4,0,4,NaN
3,1,4,NaN
4,0,4,NaN
4,0,4,0.6990667746156102
2,2,4,NaN
4,0,4,NaN
4,0,4,NaN
4,0,4,NaN
4,0,4,NaN
3,1,4,NaN
4,0,4,0.04937587322664477
4,0,4,0.531729986764269
3,1,4,NaN
3,1,4,0.6185582093370283
3,1,4,NaN
3,1,4,NaN
4,0,4,NaN
4,0,4,NaN
4,0,4,NaN
4,0,4,NaN
4,0,4,NaN
4,0,4,NaN
3,1,4,0.15921953565114888
4,0,4,NaN
4,0,4,0.6185582093370283
3,1,4,0.8395040133151549
2,2,4,0.09332207621092922
4,0,4,NaN
4,0,4,0.7641629005282548
3,1,4,NaN
3,1,4,NaN
3,1,4,NaN
4,0,4,NaN
4,0,4,0.1026612005498701
4,0,4,NaN
3,1,4,NaN
4,0,4,NaN
3,1,4,NaN
4,0,4,NaN
3,1,4,NaN
4,0,4,0.8395040133151549
2,2,4,NaN
4,0,4,0.7641629005282548
4,0,4,NaN
4,0,4,0.7470239550011291
2,2,4,0.8354695659274475
4,0,4,0.0005701588245658772
3,1,4,NaN
4,0,4,NaN
4,0,4,NaN
4,0,4,NaN
3,1,4,0.9079098270401949
4,0,4,0.7394544821147426
3,1,4,0.390088581715401
2,2,4,NaN
4,0,4,0.390088581715401
1,3,4,NaN
4,0,4,0.9888383068434982
4,0,4,NaN
3,1,4,0.043199805379105054
4,0,4,0.6185582093370283
4,0,4,NaN
3,1,4,0.8185843942460208
4,0,4,NaN
4,0,4,NaN
3,1,4,NaN
4,0,4,NaN
4,0,4,NaN
3,1,4,NaN
4,0,4,NaN
4,0,4,0.483768449142263
4,0,4,0.33728827817688073
2,2,4,0.531729986764269
3,1,4,NaN
3,1,4,0.9614248710601718
3,1,4,NaN
4,0,4,0.03782247324613561
4,0,4,NaN
4,0,4,2.5697821446982782e-8
3,1,4,0.8770122193000203
4,0,4,NaN
4,0,4,0.2736599385245901
1,3,4,NaN
4,0,4,0.9079098270401949
2,2,4,NaN
2,2,4,NaN
2,2,4,NaN
4,0,4,NaN
2,2,4,NaN
4,0,4,0.390088581715401
3,1,4,0.5757595332036677
4,0,4,NaN
4,0,4,NaN
4,0,4,0.20936945520216732
2,2,4,NaN
2,2,4,0.7641629005282548
4,0,4,0.1376319999999998
4,0,4,NaN
4,0,4,NaN
3,1,4,NaN
2,2,4,NaN
4,0,4,0.8597792096635031
4,0,4,0.7332177371595686
3,1,4,NaN
2,2,4,NaN
1,3,4,0.8395040133151549
4,0,4,0.8770122193000203
4,0,4,0.8180436984403199
2,2,4,NaN
4,0,4,NaN
3,1,4,NaN
3,1,4,NaN
4,0,4,NaN
4,0,4,NaN
4,0,4,0.5757595332036677
3,1,4,0.9209789316492126
4,0,4,NaN
3,1,4,NaN
3,1,4,0.7332177371595686
4,0,4,NaN
4,0,4,0.531729986764269
4,0,4,0.390088581715401
1,3,4,NaN
4,0,4,0.6185582093370283
3,1,4,NaN
4,0,4,NaN
3,1,4,NaN
4,0,4,0.6613966634587408
3,1,4,NaN
4,0,4,0.8185843942460208
4,0,4,0.9079098270401949
4,0,4,0.483768449142263
4,0,4,NaN
4,0,4,NaN
4,0,4,NaN
4,0,4,NaN
4,0,4,NaN
3,1,4,NaN
3,1,4,0.016437208106361952
1,3,4,NaN
2,2,4,NaN
3,1,4,NaN
2,2,4,NaN
3,1,4,0.5757595332036677
4,0,4,NaN
4,0,4,NaN
4,0,4,0.00829404517453861
4,0,4,0.7332177371595686
2,2,4,NaN
4,0,4,NaN
4,0,4,0.6340662725031212
4,0,4,NaN
4,0,4,NaN
3,1,4,0.8770122193000203
1,3,4,NaN
4,0,4,0.8395040133151549
2,2,4,NaN
4,0,4,NaN
4,0,4,0.9614248710601718
4,0,4,NaN
4,0,4,0.5757595332036677
3,1,4,NaN
4,0,4,0.6185582093370283
4,0,4,NaN
4,0,4,0.5757595332036677
1,3,4,NaN
4,0,4,NaN
2,2,4,NaN
3,1,4,NaN
3,1,4,0.483768449142263
4,0,4,NaN
3,1,4,0.893076864532752
4,0,4,NaN
4,0,4,NaN
4,0,4,NaN
4,0,4,NaN
4,0,4,NaN
2,2,4,NaN
2,2,4,0.7470239550011291
4,0,4,NaN
3,1,4,NaN
3,1,4,NaN
4,0,4,NaN
4,0,4,0.7641629005282548
2,2,4,NaN
3,1,4,NaN
3,1,4,NaN
4,0,4,NaN
3,1,4,NaN
3,1,4,NaN
4,0,4,0.1026612005498701
3,1,4,0.9209789316492126
4,0,4,0.7641629005282548
4,0,4,0.1376319999999998
2,2,4,NaN
4,0,4,NaN
3,1,4,0.7641629005282548
4,0,4,0.23998440172325927
4,0,4,0.012022118863049316
3,1,4,0.15921953565114888
3,1,4,0.20936945520216732
4,0,4,0.8770122193000203
4,0,4,NaN
3,1,4,0.1376319999999998
4,0,4,NaN
4,0,4,NaN
4,0,4,NaN
3,1,4,NaN
4,0,4,NaN
3,1,4,0.49741569220453935
4,0,4,NaN
3,1,4,0.16586524330516592
3,1,4,NaN
4,0,4,0.04937587322664477
2,2,4,0.08869205529953894
4,0,4,NaN
3,1,4,NaN
1,3,4,NaN
4,0,4,NaN
3,1,4,NaN
4,0,4,NaN
3,1,4,NaN
3,1,4,0.8597792096635031
3,1,4,NaN
3,1,4,0.6862733256010738
3,1,4,0.3566774067387504
4,0,4,NaN
3,1,4,0.11835585687382275
2,2,4,NaN
4,0,4,NaN
1,3,4,NaN
4,0,4,NaN
4,0,4,0.20936945520216732
4,0,4,NaN
4,0,4,0.04156986189403541
4,0,4,NaN
4,0,4,NaN
3,1,4,NaN
4,0,4,NaN
3,1,4,NaN
3,1,4,0.1026612005498701
3,1,4,NaN
4,0,4,NaN
2,2,4,NaN
3,1,4,NaN
3,1,4,0.0569687888815355
1,3,4,0.0334795754351328
4,0,4,NaN
3,1,4,NaN
3,1,4,NaN
4,0,4,NaN
3,1,4,NaN
4,0,4,0.43614794933242046
4,0,4,NaN
4,0,4,0.15921953565114888
4,0,4,0.9686139634526727
1,3,4,NaN
4,0,4,NaN
1,3,4,NaN
3,1,4,NaN
3,1,4,0.6185582093370283
4,0,4,0.2736599385245901
3,1,4,0.037287971672237935
4,0,4,0.05623027929930168
2,2,4,0.565539542390972
3,1,4,0.8178159178794613
4,0,4,0.8854199224634024
2,2,4,0.6185582093370283
2,2,4,NaN
2,2,4,NaN
4,0,4,0.9209789316492126
3,1,4,NaN
2,2,4,NaN
2,2,4,NaN
3,1,4,0.8185843942460208
4,0,4,NaN
4,0,4,NaN
3,1,4,NaN
3,1,4,NaN
2,2,4,NaN
4,0,4,NaN
4,0,4,NaN
4,0,4,0.6613966634587408
3,1,4,NaN
2,2,4,NaN
3,1,4,0.8395040133151549
3,1,4,NaN
4,0,4,0.9747128701728911
3,1,4,NaN
4,0,4,0.8770122193000203
4,0,4,NaN
4,0,4,0.6990667746156102
4,0,4,NaN
3,1,4,0.6185582093370283
3,1,4,0.20936945520216732
3,1,4,0.531729986764269
4,0,4,0.9326921332428637
2,2,4,0.8770122193000203
3,1,4,0.8185843942460208
4,0,4,NaN
4,0,4,NaN
3,1,4,0.18342590517711166
3,1,4,0.007390498243995166
4,0,4,NaN
4,0,4,0.0030892543021027673
2,2,4,0.8597792096635031
4,0,4,0.893076864532752
3,1,4,NaN
4,0,4,NaN
3,1,4,0.2736599385245901
4,0,4,NaN
3,1,4,0.6069752081659084
4,0,4,0.9433412321949546
3,1,4,0.48521426530360123
4,0,4,NaN
4,0,4,NaN
3,1,4,0.6613966634587408
3,1,4,0.9326921332428637
2,2,4,0.34926187684352356
3,1,4,NaN
2,2,4,NaN
4,0,4,NaN
4,0,4,0.03230741676234196
3,1,4,0.9756066415241959
3,1,4,0.8130550058173163
2,2,4,0.18342590517711166
3,1,4,0.483768449142263
2,2,4,NaN
3,1,4,0.6185582093370283
3,1,4,0.1376319999999998
4,0,4,NaN
3,1,4,NaN
4,0,4,NaN
4,0,4,0.8395040133151549
4,0,4,0.008723989098532569
4,0,4,NaN
2,2,4,NaN
3,1,4,NaN
4,0,4,0.9433412321949546
4,0,4,0.483768449142263
2,2,4,0.18342590517711166
2,2,4,NaN
2,2,4,NaN
4,0,4,NaN
4,0,4,NaN
4,0,4,0.20528138482188088
4,0,4,NaN
3,1,4,NaN
4,0,4,0.0030892543021027673
4,0,4,NaN
4,0,4,0.8776207124053833
4,0,4,NaN
4,0,4,NaN
2,2,4,0.43614794933242046
4,0,4,NaN
2,2,4,NaN
4,0,4,NaN
2,2,4,0.483768449142263
4,0,4,0.7925166447343686
4,0,4,NaN
4,0,4,NaN
3,1,4,NaN
4,0,4,0.8597792096635031
3,1,4,NaN
3,1,4,NaN
4,0,4,NaN
3,1,4,0.34926187684352356
4,0,4,NaN
4,0,4,NaN
2,2,4,NaN
4,0,4,NaN
2,2,4,NaN
3,1,4,0.11835585687382275
3,1,4,NaN
2,2,4,NaN
4,0,4,NaN
4,0,4,NaN
3,1,4,NaN
4,0,4,NaN
3,1,4,0.06525587975951877
4,0,4,0.7925166447343686
2,2,4,NaN
4,0,4,NaN
4,0,4,0.002161046193964483
3,1,4,0.9534153129152887
4,0,4,NaN
1,3,4,NaN
4,0,4,NaN
3,1,4,0.016627813551177786
4,0,4,NaN
4,0,4,0.2736599385245901
2,2,4,NaN
3,1,4,NaN
3,1,4,NaN
4,0,4,0.980101638801523
2,2,4,0.5757595332036677
3,1,4,NaN
4,0,4,NaN
4,0,4,0.043199805379105054
2,2,4,NaN
4,0,4,NaN
3,1,4,NaN
3,1,4,0.06525587975951877
2,2,4,0.2736599385245901
4,0,4,NaN
4,0,4,0.7641629005282548
2,2,4,0.43614794933242046
4,0,4,NaN
4,0,4,NaN
4,0,4,NaN
4,0,4,NaN
4,0,4,NaN
4,0,4,NaN
4,0,4,NaN
4,0,4,0.11835585687382275
2,2,4,0.06525587975951877
3,1,4,NaN
4,0,4,NaN
4,0,4,0.03230741676234196
4,0,4,NaN
3,1,4,0.0569687888815355
2,2,4,NaN
4,0,4,0.1376319999999998
3,1,4,0.7641629005282548
4,0,4,NaN
3,1,4,NaN
3,1,4,0.23998440172325927
3,1,4,0.7332177371595686
3,1,4,NaN
3,1,4,0.001353224453636941
3,1,4,NaN
2,2,4,NaN
3,1,4,0.6613966634587408
3,1,4,NaN
3,1,4,NaN
3,1,4,NaN
4,0,4,NaN
2,2,4,NaN
4,0,4,NaN
4,0,4,NaN
3,1,4,NaN
2,2,4,NaN
4,0,4,0.6990667746156102
4,0,4,NaN
2,2,4,NaN
3,1,4,0.18342590517711166
2,2,4,NaN
4,0,4,0.18342590517711166
4,0,4,NaN
4,0,4,NaN
3,1,4,NaN
4,0,4,NaN
4,0,4,0.893076864532752
2,2,4,0.9534153129152887
3,1,4,0.18342590517711166
2,2,4,NaN
2,2,4,0.43614794933242046
2,2,4,NaN
2,2,4,NaN
4,0,4,0.8770122193000203
3,1,4,0.7641629005282548
4,0,4,NaN
4,0,4,NaN
4,0,4,NaN
3,1,4,0.6613966634587408
3,1,4,0.6645503847407921
3,1,4,NaN
4,0,4,0.10710404252984512
2,2,4,NaN
3,1,4,NaN
4,0,4,NaN
4,0,4,NaN
4,0,4,0.06525587975951877
4,0,4,0.8770122193000203
4,0,4,0.6185582093370283
4,0,4,NaN
3,1,4,NaN
4,0,4,0.7925166447343686
4,0,4,0.531729986764269
3,1,4,NaN
4,0,4,NaN
4,0,4,NaN
3,1,4,0.9959618436650923
2,2,4,NaN
1,3,4,NaN
4,0,4,NaN
2,2,4,0.07633250114228259
3,1,4,0.043199805379105054
4,0,4,NaN
2,2,4,NaN
4,0,4,NaN
3,1,4,NaN
2,2,4,NaN
3,1,4,NaN
4,0,4,NaN
4,0,4,0.9326921332428637
2,2,4,NaN
3,1,4,NaN
4,0,4,0.2736599385245901
4,0,4,NaN
4,0,4,NaN
3,1,4,0.5757595332036677
4,0,4,NaN
3,1,4,NaN
4,0,4,0.8770122193000203
3,1,4,NaN
3,1,4,0.8597792096635031
3,1,4,NaN
4,0,4,0.43614794933242046
4,0,4,0.024141559021263692
1,3,4,NaN
3,1,4,NaN
3,1,4,0.15921953565114888
2,2,4,NaN
2,2,4,0.7641629005282548
4,0,4,0.7641629005282548
4,0,4,NaN
2,2,4,0.458282546040292
4,0,4,NaN
2,2,4,NaN
4,0,4,0.23998440172325927
4,0,4,NaN
2,2,4,NaN
4,0,4,NaN
4,0,4,0.531729986764269
4,0,4,NaN
3,1,4,NaN
3,1,4,0.893076864532752
4,0,4,NaN
2,2,4,NaN
3,1,4,NaN
3,1,4,0.6990667746156102
1,3,4,NaN
4,0,4,0.03782247324613561
3,1,4,NaN
3,1,4,0.23998440172325927
2,2,4,0.34926187684352356
3,1,4,NaN
4,0,4,0.2736599385245901
3,1,4,NaN
1,3,4,0.17112749239912725
1,3,4,NaN
3,1,4,NaN
4,0,4,NaN
4,0,4,NaN
1,3,4,0.7332177371595686
3,1,4,0.913214581415164
2,2,4,NaN
4,0,4,NaN
3,1,4,NaN
4,0,4,NaN
4,0,4,NaN
2,2,4,0.03230741676234196
3,1,4,0.531729986764269
4,0,4,0.8185843942460208
2,2,4,0.1026612005498701
4,0,4,NaN
3,1,4,NaN
2,2,4,NaN
4,0,4,0.8770122193000203
3,1,4,NaN
4,0,4,NaN
4,0,4,NaN
4,0,4,NaN
4,0,4,NaN
4,0,4,0.6613966634587408
3,1,4,0.015892774322680724
2,2,4,NaN
4,0,4,0.33372149774144877
4,0,4,NaN
3,1,4,0.7925166447343686
4,0,4,NaN
4,0,4,0.893076864532752
2,2,4,0.8770122193000203
4,0,4,NaN
3,1,4,0.893076864532752
4,0,4,NaN
3,1,4,NaN
4,0,4,NaN
3,1,4,NaN
4,0,4,0.8185843942460208
3,1,4,0.5757595332036677
4,0,4,NaN
3,1,4,NaN
3,1,4,0.5002714751569745
4,0,4,0.20936945520216732
4,0,4,0.6990667746156102
3,1,4,NaN
4,0,4,NaN
3,1,4,NaN
2,2,4,0.07633250114228259
4,0,4,0.4567030950633912
3,1,4,0.8395040133151549
3,1,4,NaN
2,2,4,0.6185582093370283
1,3,4,NaN
3,1,4,NaN
1,3,4,0.34926187684352356
4,0,4,NaN
3,1,4,NaN
2,2,4,NaN
4,0,4,NaN
2,2,4,NaN
1,3,4,NaN
3,1,4,NaN
2,2,4,0.252774055639449
3,1,4,NaN
4,0,4,NaN
4,0,4,NaN
3,1,4,0.07633250114228259
4,0,4,NaN
3,1,4,0.010425248476023996
3,1,4,NaN
4,0,4,NaN
3,1,4,0.1026612005498701
4,0,4,0.23998440172325927
3,1,4,0.6990667746156102
3,1,4,0.531729986764269
4,0,4,NaN
4,0,4,NaN
2,2,4,NaN
4,0,4,NaN
3,1,4,NaN
1,3,4,0.000750517455216115
3,1,4,NaN
4,0,4,0.6613966634587408
4,0,4,NaN
2,2,4,NaN
2,2,4,0.18342590517711166
4,0,4,0.8185843942460208
2,2,4,0.2736599385245901
4,0,4,NaN
4,0,4,NaN
3,1,4,NaN
3,1,4,NaN
3,1,4,NaN
1,3,4,0.483768449142263
4,0,4,NaN
4,0,4,0.483768449142263
4,0,4,NaN
3,1,4,0.7332177371595686
2,2,4,NaN
4,0,4,NaN
4,0,4,NaN
4,0,4,NaN
3,1,4,NaN
3,1,4,0.6185582093370283
2,2,4,0.5605686154146111
2,2,4,NaN
1,3,4,NaN
4,0,4,0.390088581715401
4,0,4,NaN
3,1,4,0.31128496075105533
4,0,4,NaN
4,0,4,NaN
3,1,4,NaN
4,0,4,NaN
4,0,4,0.8770122193000203
4,0,4,0.45574032487896876
2,2,4,NaN
3,1,4,NaN
4,0,4,NaN
3,1,4,0.6613966634587408
3,1,4,NaN
2,2,4,0.483768449142263
2,2,4,NaN
3,1,4,NaN
4,0,4,NaN
4,0,4,NaN
4,0,4,0.390088581715401
2,2,4,NaN
4,0,4,0.04330464473905759
2,2,4,NaN
4,0,4,NaN
4,0,4,0.7332177371595686
4,0,4,NaN
1,3,4,NaN
2,2,4,0.021027719654657672
2,2,4,NaN
3,1,4,NaN
4,0,4,NaN
3,1,4,NaN
4,0,4,0.6990667746156102
4,0,4,NaN
2,2,4,NaN
3,1,4,0.4442112435529582
4,0,4,NaN
4,0,4,NaN
3,1,4,NaN
4,0,4,NaN
4,0,4,NaN
4,0,4,0.31128496075105533
2,2,4,0.004603733930542455
4,0,4,NaN
3,1,4,0.8395040133151549
3,1,4,0.2736599385245901
3,1,4,0.8680132847643663
3,1,4,NaN
4,0,4,NaN
3,1,4,0.18342590517711166
3,1,4,0.9534153129152887
4,0,4,NaN
4,0,4,0.23998440172325927
2,2,4,NaN
4,0,4,NaN
4,0,4,NaN
4,0,4,NaN
4,0,4,NaN
3,1,4,0.43614794933242046
4,0,4,NaN
4,0,4,0.893076864532752
4,0,4,NaN
1,3,4,0.893076864532752
1,3,4,0.012022118863049316
3,1,4,0.9831779970421227
4,0,4,NaN
4,0,4,NaN
4,0,4,NaN
4,0,4,NaN
4,0,4,NaN
3,1,4,NaN
4,0,4,NaN
4,0,4,0.07633250114228259
3,1,4,NaN
4,0,4,NaN
4,0,4,0.5757595332036677
4,0,4,NaN
4,0,4,NaN
4,0,4,NaN
3,1,4,NaN
2,2,4,0.1376319999999998
4,0,4,NaN
3,1,4,0.8395040133151549
4,0,4,NaN
4,0,4,0.912196134577683
3,1,4,0.8770122193000203
4,0,4,NaN
3,1,4,NaN
4,0,4,NaN
4,0,4,NaN
1,3,4,NaN
4,0,4,0.6613966634587408
4,0,4,0.531729986764269
2,2,4,NaN
3,1,4,0.6185582093370283
3,1,4,NaN
3,1,4,NaN
4,0,4,NaN
4,0,4,0.483768449142263
4,0,4,NaN
4,0,4,0.8770122193000203
3,1,4,NaN
3,1,4,NaN
1,3,4,NaN
1,3,4,NaN
4,0,4,NaN
3,1,4,0.1026612005498701
4,0,4,NaN
4,0,4,NaN
4,0,4,NaN
1,3,4,NaN
3,1,4,NaN
2,2,4,NaN
4,0,4,NaN
4,0,4,0.531729986764269
4,0,4,NaN
4,0,4,NaN
2,2,4,NaN
4,0,4,NaN
2,2,4,NaN
3,1,4,0.00012237903784118246
3,1,4,NaN
4,0,4,NaN
1,3,4,NaN
4,0,4,NaN
4,0,4,0.019519080662983124
3,1,4,0.9614248710601718
3,1,4,0.483768449142263
2,2,4,0.0569687888815355
4,0,4,0.03782247324613561
3,1,4,0.6990667746156102
2,2,4,0.34926187684352356
3,1,4,NaN
3,1,4,NaN
3,1,4,NaN
4,0,4,NaN
2,2,4,0.5825455385005127
2,2,4,0.43614794933242046
3,1,4,0.07633250114228259
4,0,4,NaN
4,0,4,NaN
4,0,4,NaN
4,0,4,0.9888383068434982
4,0,4,NaN
4,0,4,NaN
4,0,4,NaN
4,0,4,NaN
1,3,4,NaN
1,3,4,NaN
4,0,4,0.483768449142263
2,2,4,NaN
1,3,4,NaN
3,1,4,NaN
4,0,4,NaN
3,1,4,0.9079098270401949
3,1,4,NaN
2,2,4,0.18107017742199097
4,0,4,NaN
4,0,4,0.5757595332036677
3,1,4,0.7641629005282548
4,0,4,0.7925166447343686
4,0,4,NaN
1,3,4,NaN
2,2,4,0.5212534833146459
4,0,4,0.004470874248377773
1,3,4,NaN
3,1,4,0.03230741676234196
3,1,4,NaN
4,0,4,0.8395040133151549
3,1,4,NaN
4,0,4,NaN
3,1,4,0.11835585687382275
3,1,4,NaN
3,1,4,0.31128496075105533
4,0,4,NaN
2,2,4,NaN
4,0,4,0.43614794933242046
2,2,4,NaN
4,0,4,NaN
2,2,4,NaN
4,0,4,0.8597792096635031
4,0,4,NaN
2,2,4,0.43614794933242046
3,1,4,0.2736599385245901
4,0,4,NaN
4,0,4,NaN
3,1,4,0.9747128701728911
3,1,4,NaN
2,2,4,NaN
3,1,4,NaN
4,0,4,NaN
4,0,4,0.8185843942460208
2,2,4,NaN
4,0,4,NaN
3,1,4,NaN
3,1,4,NaN
4,0,4,NaN
4,0,4,NaN
3,1,4,NaN
2,2,4,NaN
4,0,4,NaN
2,2,4,0.9808329573128506
4,0,4,NaN
4,0,4,NaN
2,2,4,NaN
4,0,4,0.9398350962748045
3,1,4,NaN
4,0,4,0.6185582093370283
4,0,4,NaN
2,2,4,0.006217998568350667
4,0,4,NaN
3,1,4,0.390088581715401
3,1,4,0.34926187684352356
4,0,4,NaN
2,2,4,0.8939208256472664
4,0,4,NaN
4,0,4,NaN
4,0,4,NaN
4,0,4,0.1026612005498701
3,1,4,NaN
4,0,4,NaN
4,0,4,NaN
4,0,4,NaN
2,2,4,NaN
2,2,4,NaN
2,2,4,NaN
4,0,4,NaN
1,3,4,NaN
4,0,4,NaN
2,2,4,0.6185582093370283
2,2,4,0.04937587322664477
4,0,4,NaN
4,0,4,NaN
2,2,4,NaN
3,1,4,0.021412008026296888
4,0,4,NaN
3,1,4,0.30766134932571504
4,0,4,NaN
3,1,4,NaN
4,0,4,0.6613966634587408
3,1,4,NaN
3,1,4,NaN
4,0,4,NaN
2,2,4,0.00020156207002356013
3,1,4,0.1026612005498701
3,1,4,NaN
4,0,4,NaN
2,2,4,0.09531267873784768
4,0,4,NaN
4,0,4,NaN
4,0,4,0.18342590517711166
4,0,4,0.8395040133151549
1,3,4,NaN
3,1,4,NaN
4,0,4,0.8395040133151549
4,0,4,0.2736599385245901
3,1,4,NaN
2,2,4,0.531729986764269
2,2,4,NaN
3,1,4,NaN
4,0,4,NaN
3,1,4,NaN
4,0,4,NaN
3,1,4,NaN
3,1,4,NaN
4,0,4,0.7332177371595686
4,0,4,NaN
3,1,4,NaN
3,1,4,0.531729986764269
3,1,4,0.43614794933242046
4,0,4,0.34926187684352356
2,2,4,0.8770122193000203
4,0,4,0.7332177371595686
4,0,4,NaN
4,0,4,NaN
4,0,4,0.7332177371595686
4,0,4,NaN
4,0,4,0.43614794933242046
3,1,4,NaN
2,2,4,0.08869205529953894
3,1,4,0.9452030165428347
4,0,4,NaN
3,1,4,NaN
3,1,4,NaN
4,0,4,NaN
4,0,4,NaN
3,1,4,NaN
4,0,4,0.15921953565114888
4,0,4,NaN
3,1,4,NaN
3,1,4,NaN
4,0,4,NaN
4,0,4,NaN
1,3,4,NaN
4,0,4,0.11835585687382275
4,0,4,NaN
4,0,4,0.08485633979232114
4,0,4,0.0021980268125215883
2,2,4,NaN
4,0,4,NaN
3,1,4,NaN
3,1,4,0.31128496075105533
2,2,4,NaN
4,0,4,NaN
4,0,4,NaN
4,0,4,NaN
4,0,4,NaN
3,1,4,NaN
4,0,4,NaN
3,1,4,NaN
3,1,4,NaN
3,1,4,NaN
3,1,4,0.6862733256010738
4,0,4,NaN
2,2,4,NaN
4,0,4,NaN
3,1,4,NaN
3,1,4,NaN
4,0,4,NaN
3,1,4,NaN
3,1,4,NaN
2,2,4,NaN
4,0,4,0.6990667746156102
4,0,4,NaN
4,0,4,NaN
4,0,4,NaN
2,2,4,0.7332177371595686
3,1,4,NaN
4,0,4,0.43614794933242046
2,2,4,0.18320481795033483
3,1,4,0.9433412321949546
2,2,4,NaN
3,1,4,0.390088581715401
3,1,4,NaN
3,1,4,0.043199805379105054
4,0,4,0.1026612005498701
4,0,4,NaN
4,0,4,NaN
2,2,4,0.20936945520216732
1,3,4,NaN
4,0,4,NaN
4,0,4,NaN
3,1,4,NaN
3,1,4,0.07633250114228259
4,0,4,NaN
3,1,4,NaN
3,1,4,0.8185843942460208
4,0,4,NaN
4,0,4,0.7332177371595686
4,0,4,NaN
4,0,4,NaN
3,1,4,NaN
4,0,4,NaN
1,3,4,0.5757595332036677
4,0,4,0.15921953565114888
4,0,4,0.1026612005498701
3,1,4,NaN
3,1,4,0.8597792096635031
3,1,4,NaN
2,2,4,NaN
2,2,4,NaN
4,0,4,NaN
4,0,4,NaN
3,1,4,0.6613966634587408
3,1,4,NaN
1,3,4,NaN
4,0,4,0.34926187684352356
1,3,4,NaN
4,0,4,0.9747128701728911
4,0,4,0.08869205529953894
3,1,4,0.11835585687382275
3,1,4,0.6613966634587408
4,0,4,NaN
2,2,4,NaN
4,0,4,NaN
4,0,4,0.997576379207803
4,0,4,0.9079098270401949
4,0,4,0.390088581715401
2,2,4,NaN
4,0,4,NaN
4,0,4,NaN
2,2,4,NaN
4,0,4,0.9001340391444834
2,2,4,NaN
4,0,4,NaN
2,2,4,NaN
4,0,4,NaN
2,2,4,NaN
3,1,4,NaN
3,1,4,NaN
3,1,4,0.23998440172325927
4,0,4,NaN
4,0,4,NaN
4,0,4,NaN
3,1,4,0.0569687888815355
3,1,4,0.390088581715401
3,1,4,0.20936945520216732
3,1,4,0.2736599385245901
4,0,4,0.8185843942460208
4,0,4,NaN
4,0,4,NaN
3,1,4,NaN
2,2,4,NaN
4,0,4,0.5378931731221492
2,2,4,0.2736599385245901
1,3,4,NaN
4,0,4,NaN
1,3,4,0.7641629005282548
4,0,4,0.531729986764269
1,3,4,0.003788441268422185
4,0,4,2.112682786579913e-7
4,0,4,0.24824965460085582
4,0,4,0.06525587975951877
3,1,4,NaN
2,2,4,0.483768449142263
2,2,4,0.1026612005498701
1,3,4,0.5757595332036677
4,0,4,0.6185582093370283
1,3,4,0.9326921332428637
3,1,4,NaN
4,0,4,NaN
3,1,4,0.5757595332036677
3,1,4,0.6990667746156102
4,0,4,NaN
2,2,4,NaN
4,0,4,NaN
2,2,4,NaN
3,1,4,NaN
4,0,4,0.9777906524122223
4,0,4,NaN
2,2,4,0.1376319999999998
3,1,4,NaN
3,1,4,NaN
3,1,4,0.5583214644790235
4,0,4,NaN
4,0,4,NaN
3,1,4,0.34926187684352356
3,1,4,NaN
4,0,4,0.23998440172325927
4,0,4,NaN
3,1,4,NaN
4,0,4,0.1376319999999998
4,0,4,NaN
3,1,4,NaN
1,3,4,0.9079098270401949
3,1,4,NaN
4,0,4,0.5757595332036677
4,0,4,0.19165567173333803
3,1,4,NaN
3,1,4,0.08869205529953894
4,0,4,NaN
2,2,4,0.023968698126609272
4,0,4,0.980101638801523
4,0,4,NaN
4,0,4,NaN
3,1,4,NaN
4,0,4,0.7394544821147426
3,1,4,NaN
3,1,4,NaN
2,2,4,0.7925166447343686
4,0,4,NaN
1,3,4,0.019519080662983124
4,0,4,0.07633250114228259
4,0,4,NaN
4,0,4,0.18342590517711166
3,1,4,0.6613966634587408
4,0,4,0.8770122193000203
4,0,4,NaN
4,0,4,0.8597792096635031
4,0,4,NaN
4,0,4,NaN
4,0,4,NaN
4,0,4,NaN
2,2,4,0.8597792096635031
4,0,4,0.23998440172325927
3,1,4,NaN
2,2,4,NaN
1,3,4,NaN
4,0,4,NaN
2,2,4,NaN
3,1,4,NaN
2,2,4,NaN
3,1,4,0.04937587322664477
3,1,4,0.34926187684352356
3,1,4,NaN
3,1,4,NaN
3,1,4,NaN
3,1,4,0.027150137488542374
3,1,4,NaN
3,1,4,NaN
4,0,4,NaN
3,1,4,0.08869205529953894
4,0,4,NaN
3,1,4,NaN
2,2,4,NaN
2,2,4,NaN
4,0,4,NaN
3,1,4,NaN
4,0,4,NaN
3,1,4,0.11835585687382275
4,0,4,NaN
3,1,4,NaN
4,0,4,NaN
1,3,4,NaN
3,1,4,NaN
3,1,4,NaN
3,1,4,0.23998440172325927
4,0,4,0.5757595332036677
3,1,4,NaN
2,2,4,0.20169710238414265
3,1,4,NaN
3,1,4,NaN
4,0,4,NaN
2,2,4,0.9209789316492126
4,0,4,0.483768449142263
4,0,4,NaN
4,0,4,NaN
3,1,4,NaN
4,0,4,NaN
3,1,4,NaN
4,0,4,0.531729986764269
4,0,4,NaN
3,1,4,0.9614248710601718
4,0,4,NaN
2,2,4,0.8185843942460208
3,1,4,0.003788441268422185
4,0,4,NaN
4,0,4,0.6185582093370283
3,1,4,NaN
2,2,4,NaN
3,1,4,0.31128496075105533
3,1,4,NaN
2,2,4,NaN
2,2,4,0.9534153129152887
2,2,4,0.002514442743431079
3,1,4,NaN
3,1,4,NaN
3,1,4,0.34926187684352356
4,0,4,NaN
4,0,4,NaN
3,1,4,NaN
2,2,4,NaN
3,1,4,NaN
3,1,4,0.5757595332036677
3,1,4,0.34926187684352356
3,1,4,0.9848027522935779
4,0,4,NaN
1,3,4,0.9079098270401949
1,3,4,0.0791893597363959
4,0,4,0.1376319999999998
2,2,4,NaN
2,2,4,0.31128496075105533
3,1,4,NaN
3,1,4,0.2736599385245901
4,0,4,NaN
4,0,4,NaN
2,2,4,NaN
2,2,4,0.8770122193000203
3,1,4,0.31128496075105533
4,0,4,0.3566774067387504
4,0,4,NaN
2,2,4,0.6185582093370283
4,0,4,NaN
2,2,4,NaN
3,1,4,0.2736599385245901
2,2,4,0.5757595332036677
3,1,4,0.5757595332036677
4,0,4,NaN
2,2,4,NaN
3,1,4,NaN
3,1,4,NaN
3,1,4,0.9079098270401949
3,1,4,0.9614248710601718
3,1,4,NaN
1,3,4,NaN
2,2,4,0.531729986764269
3,1,4,NaN
4,0,4,NaN
3,1,4,NaN
3,1,4,0.9433412321949546
3,1,4,0.893076864532752
3,1,4,NaN
4,0,4,NaN
3,1,4,NaN
3,1,4,NaN
4,0,4,NaN
2,2,4,NaN
4,0,4,NaN
3,1,4,0.07633250114228259
4,0,4,NaN
2,2,4,0.9686139634526727
4,0,4,NaN
1,3,4,NaN
4,0,4,NaN
2,2,4,0.5757595332036677
4,0,4,NaN
2,2,4,0.18342590517711166
4,0,4,0.5757595332036677
2,2,4,NaN
4,0,4,NaN
3,1,4,0.6613966634587408
4,0,4,NaN
3,1,4,NaN
4,0,4,NaN
3,1,4,0.5775170807191278
4,0,4,0.893076864532752
4,0,4,0.027150137488542374
3,1,4,0.6990667746156102
3,1,4,0.7641629005282548
4,0,4,0.1026612005498701
3,1,4,NaN
2,2,4,0.43614794933242046
4,0,4,NaN
1,3,4,0.390088581715401
3,1,4,0.8185843942460208
4,0,4,0.8115397506245494
4,0,4,NaN
3,1,4,0.5583214644790235
3,1,4,NaN
4,0,4,NaN
2,2,4,0.6701343507063929
2,2,4,NaN
4,0,4,NaN
4,0,4,0.0569687888815355
4,0,4,0.483768449142263
4,0,4,0.08869205529953894
2,2,4,NaN
4,0,4,0.531729986764269
4,0,4,0.6185582093370283
4,0,4,0.483768449142263
3,1,4,NaN
4,0,4,NaN
3,1,4,0.18342590517711166
4,0,4,0.7641629005282548
4,0,4,NaN
2,2,4,0.23998440172325927
4,0,4,NaN
4,0,4,NaN
4,0,4,NaN
3,1,4,0.7332177371595686
3,1,4,NaN
2,2,4,0.8770122193000203
4,0,4,0.390088581715401
4,0,4,NaN
3,1,4,NaN
3,1,4,0.9326921332428637
4,0,4,0.23998440172325927
3,1,4,0.8395040133151549
3,1,4,NaN
3,1,4,NaN
4,0,4,0.34926187684352356
4,0,4,NaN
3,1,4,NaN
4,0,4,NaN
4,0,4,NaN
3,1,4,NaN
4,0,4,NaN
2,2,4,NaN
4,0,4,0.531729986764269
3,1,4,0.8185843942460208
2,2,4,NaN
1,3,4,NaN
1,3,4,NaN
4,0,4,NaN
3,1,4,0.43614794933242046
3,1,4,0.021991031602040318
3,1,4,NaN
1,3,4,NaN
2,2,4,0.04937587322664477
4,0,4,0.390088581715401
1,3,4,NaN
4,0,4,NaN
4,0,4,NaN
4,0,4,NaN
3,1,4,0.7332177371595686
3,1,4,NaN
4,0,4,NaN
1,3,4,NaN
3,1,4,NaN
4,0,4,NaN
3,1,4,NaN
3,1,4,0.022788573734112794
2,2,4,NaN
3,1,4,NaN
2,2,4,NaN
4,0,4,NaN
3,1,4,NaN
4,0,4,NaN
4,0,4,0.390088581715401
4,0,4,NaN
4,0,4,0.000545758808747276
4,0,4,0.024664287013170735
2,2,4,NaN
2,2,4,NaN
2,2,4,NaN
4,0,4,NaN
1,3,4,0.3042007367616033
3,1,4,0.06525587975951877
2,2,4,0.8770122193000203
4,0,4,NaN
4,0,4,NaN
4,0,4,NaN
3,1,4,0.6613966634587408
4,0,4,NaN
2,2,4,0.027150137488542374
1,3,4,NaN
2,2,4,NaN
3,1,4,NaN
3,1,4,NaN
2,2,4,NaN
4,0,4,NaN
4,0,4,0.022788573734112794
4,0,4,NaN
4,0,4,NaN
4,0,4,NaN
3,1,4,NaN
4,0,4,NaN
3,1,4,NaN
2,2,4,NaN
4,0,4,0.0569687888815355
4,0,4,0.893076864532752
2,2,4,NaN
3,1,4,0.9534153129152887
4,0,4,NaN
2,2,4,NaN
3,1,4,NaN
4,0,4,NaN
4,0,4,NaN
3,1,4,0.15335378835900043
4,0,4,NaN
3,1,4,0.23998440172325927
4,0,4,NaN
4,0,4,0.9079098270401949
3,1,4,0.07775488792945527
3,1,4,0.893076864532752
4,0,4,0.9433412321949546
2,2,4,0.05487660187201717
2,2,4,NaN
4,0,4,0.6613966634587408
4,0,4,NaN
4,0,4,0.6613966634587408
2,2,4,NaN
4,0,4,NaN
3,1,4,NaN
2,2,4,0.23998440172325927
4,0,4,0.9848027522935779
4,0,4,NaN
3,1,4,NaN
4,0,4,0.8395040133151549
3,1,4,0.531729986764269
2,2,4,0.7641629005282548
4,0,4,0.8597792096635031
1,3,4,0.9957215803405788
3,1,4,0.15921953565114888
4,0,4,0.9079098270401949
4,0,4,0.45357529842436256
4,0,4,NaN
4,0,4,NaN
3,1,4,NaN
3,1,4,0.9919214683718085
4,0,4,0.03230741676234196
4,0,4,0.027150137488542374
2,2,4,0.7925166447343686
3,1,4,NaN
4,0,4,NaN
3,1,4,NaN
3,1,4,NaN
4,0,4,NaN
4,0,4,NaN
3,1,4,NaN
2,2,4,0.5757595332036677
1,3,4,0.23998440172325927
2,2,4,0.7332177371595686
4,0,4,NaN
3,1,4,NaN
4,0,4,NaN
4,0,4,NaN
4,0,4,NaN
4,0,4,NaN
4,0,4,NaN
4,0,4,NaN
3,1,4,NaN
3,1,4,0.893076864532752
3,1,4,NaN
3,1,4,NaN
4,0,4,NaN
2,2,4,0.11835585687382275
2,2,4,0.9326921332428637
3,1,4,NaN
2,2,4,NaN
3,1,4,0.7948773508512438
3,1,4,0.390088581715401
4,0,4,0.0028539875846664287
4,0,4,NaN
4,0,4,NaN
2,2,4,NaN
4,0,4,NaN
4,0,4,0.04937587322664477
3,1,4,NaN
2,2,4,0.2736599385245901
2,2,4,0.9686139634526727
4,0,4,0.5757595332036677
3,1,4,0.31128496075105533
4,0,4,NaN
4,0,4,NaN
4,0,4,0.1376319999999998
4,0,4,NaN
4,0,4,NaN
4,0,4,0.5757595332036677
3,1,4,NaN
4,0,4,0.2736599385245901
4,0,4,NaN
3,1,4,NaN
4,0,4,NaN
4,0,4,0.893076864532752
3,1,4,NaN
2,2,4,0.7332177371595686
4,0,4,0.6185582093370283
2,2,4,0.34926187684352356
4,0,4,0.11835585687382275
3,1,4,NaN
2,2,4,0.8770122193000203
4,0,4,0.009397960033136437
4,0,4,NaN
2,2,4,NaN
2,2,4,NaN
3,1,4,NaN
3,1,4,NaN
4,0,4,NaN
4,0,4,0.43614794933242046
2,2,4,NaN
4,0,4,NaN
4,0,4,0.20936945520216732
2,2,4,NaN
2,2,4,0.6990667746156102
3,1,4,NaN
4,0,4,0.18342590517711166
3,1,4,NaN
4,0,4,0.5976377428652669
4,0,4,NaN
4,0,4,NaN
4,0,4,NaN
4,0,4,NaN
4,0,4,NaN
2,2,4,0.18342590517711166
3,1,4,0.6990667746156102
4,0,4,0.9144919968443949
2,2,4,0.9919214683718085
3,1,4,NaN
3,1,4,0.4526590152587507
4,0,4,0.483768449142263
1,3,4,NaN
4,0,4,NaN
4,0,4,0.11835585687382275
4,0,4,NaN
3,1,4,0.390088581715401
4,0,4,0.45574032487896876
2,2,4,NaN
3,1,4,0.531729986764269
3,1,4,NaN
3,1,4,NaN
4,0,4,NaN
4,0,4,NaN
2,2,4,0.022788573734112794
2,2,4,NaN
3,1,4,0.31924494718534235
4,0,4,0.6185582093370283
1,3,4,NaN
2,2,4,0.390088581715401
4,0,4,0.390088581715401
4,0,4,0.8597792096635031
3,1,4,NaN
3,1,4,NaN
3,1,4,0.022788573734112794
4,0,4,NaN
4,0,4,0.6185582093370283
4,0,4,NaN
1,3,4,NaN
3,1,4,0.08869205529953894
4,0,4,NaN
3,1,4,NaN
3,1,4,0.6990667746156102
3,1,4,0.007932645754295638
4,0,4,0.11835585687382275
3,1,4,0.531729986764269
4,0,4,0.008214790563228923
4,0,4,NaN
2,2,4,0.22036439232865215
2,2,4,0.5775111450511895
4,0,4,NaN
4,0,4,NaN
4,0,4,NaN
2,2,4,NaN
4,0,4,NaN
4,0,4,0.6376223311027752
3,1,4,0.8395040133151549
4,0,4,NaN
2,2,4,0.390088581715401
3,1,4,NaN
2,2,4,0.00029579222604027153
3,1,4,0.2736599385245901
2,2,4,NaN
3,1,4,0.6185582093370283
4,0,4,0.2736599385245901
2,2,4,0.6990667746156102
3,1,4,0.6990667746156102
3,1,4,0.23998440172325927
4,0,4,0.5757595332036677
2,2,4,NaN
4,0,4,NaN
4,0,4,NaN
4,0,4,0.390088581715401
4,0,4,NaN
4,0,4,0.8185843942460208
2,2,4,NaN
2,2,4,0.8395040133151549
2,2,4,0.6185582093370283
4,0,4,0.6613966634587408
4,0,4,NaN
3,1,4,0.313761307513333
3,1,4,NaN
1,3,4,NaN
4,0,4,NaN
4,0,4,NaN
2,2,4,NaN
3,1,4,0.43614794933242046
2,2,4,0.043199805379105054
4,0,4,NaN
3,1,4,NaN
1,3,4,NaN
1,3,4,NaN
3,1,4,NaN
4,0,4,0.43872643080591756
2,2,4,0.390088581715401
3,1,4,NaN
4,0,4,NaN
4,0,4,NaN
4,0,4,0.5757595332036677
4,0,4,NaN
1,3,4,0.18342590517711166
1,3,4,0.07633250114228259
3,1,4,0.6990667746156102
4,0,4,NaN
3,1,4,0.8185843942460208
4,0,4,NaN
4,0,4,NaN
4,0,4,NaN
4,0,4,0.8597792096635031
4,0,4,0.07633250114228259
4,0,4,NaN
4,0,4,NaN
4,0,4,NaN
3,1,4,NaN
4,0,4,NaN
3,1,4,NaN
4,0,4,NaN
3,1,4,0.03782247324613561
4,0,4,NaN
4,0,4,0.8185843942460208
2,2,4,0.23998440172325927
4,0,4,NaN
4,0,4,NaN
4,0,4,0.31128496075105533
4,0,4,NaN
4,0,4,NaN
3,1,4,0.1026612005498701
4,0,4,NaN
2,2,4,0.5459424067501532
3,1,4,0.7641629005282548
4,0,4,NaN
4,0,4,NaN
3,1,4,NaN
4,0,4,NaN
2,2,4,NaN
4,0,4,0.6990667746156102
1,3,4,0.03782247324613561
2,2,4,NaN
4,0,4,0.9534153129152887
1,3,4,NaN
2,2,4,NaN
4,0,4,NaN
4,0,4,NaN
2,2,4,NaN
4,0,4,NaN
3,1,4,0.8395040133151549
3,1,4,0.34926187684352356
4,0,4,0.8597792096635031
4,0,4,NaN
3,1,4,0.15921953565114888
4,0,4,NaN
4,0,4,NaN
3,1,4,0.2736599385245901
4,0,4,NaN
3,1,4,NaN
2,2,4,NaN
2,2,4,0.06721180195946935
3,1,4,NaN
4,0,4,NaN
3,1,4,0.43614794933242046
2,2,4,NaN
3,1,4,NaN
2,2,4,0.2736599385245901
3,1,4,NaN
4,0,4,NaN
3,1,4,NaN
4,0,4,0.390088581715401
4,0,4,0.08869205529953894
2,2,4,0.5757595332036677
3,1,4,0.6613966634587408
3,1,4,NaN
4,0,4,NaN
2,2,4,NaN
4,0,4,0.8597792096635031
4,0,4,0.390088581715401
4,0,4,NaN
1,3,4,NaN
3,1,4,0.8185843942460208
4,0,4,NaN
4,0,4,0.8185843942460208
4,0,4,NaN
4,0,4,NaN
3,1,4,0.31128496075105533
4,0,4,NaN
4,0,4,0.23998440172325927
2,2,4,0.07633250114228259
4,0,4,0.8597792096635031
4,0,4,0.893076864532752
2,2,4,NaN
4,0,4,0.06525587975951877
4,0,4,0.5757595332036677
3,1,4,NaN
4,0,4,0.016627813551177786
3,1,4,NaN
4,0,4,NaN
2,2,4,NaN
3,1,4,NaN
2,2,4,NaN
4,0,4,NaN
4,0,4,NaN
3,1,4,NaN
3,1,4,NaN
3,1,4,0.06525587975951877
2,2,4,0.7332177371595686
4,0,4,0.7925166447343686
4,0,4,0.531729986764269
4,0,4,NaN
3,1,4,NaN
1,3,4,NaN
1,3,4,NaN
2,2,4,NaN
3,1,4,0.6990667746156102
4,0,4,NaN
3,1,4,NaN
4,0,4,NaN
1,3,4,NaN
4,0,4,0.6185582093370283
4,0,4,NaN
4,0,4,0.7332177371595686
2,2,4,NaN
4,0,4,NaN
2,2,4,NaN
4,0,4,NaN
3,1,4,0.6185582093370283
4,0,4,NaN
2,2,4,NaN
4,0,4,NaN
1,3,4,NaN
4,0,4,0.9614248710601718
3,1,4,0.9433412321949546
3,1,4,NaN
2,2,4,NaN
4,0,4,0.11835585687382275
1,3,4,0.6613966634587408
2,2,4,0.7641629005282548
4,0,4,NaN
3,1,4,0.8395040133151549
3,1,4,0.06525587975951877
3,1,4,0.7332177371595686
4,0,4,0.390088581715401
3,1,4,0.2736599385245901
4,0,4,NaN
4,0,4,0.7641629005282548
1,3,4,0.046946307315711915
2,2,4,0.06525587975951877
2,2,4,0.5825272282964099
4,0,4,0.9079098270401949
2,2,4,0.00829404517453861
4,0,4,NaN
3,1,4,NaN
3,1,4,NaN
4,0,4,0.9326921332428637
3,1,4,NaN
4,0,4,NaN
3,1,4,NaN
2,2,4,0.749359964362704
4,0,4,0.8395040133151549
1,3,4,NaN
2,2,4,NaN
3,1,4,NaN
4,0,4,0.8770122193000203
3,1,4,0.31128496075105533
3,1,4,NaN
3,1,4,NaN
2,2,4,0.7641629005282548
2,2,4,0.0012556385734394343
2,2,4,0.8597792096635031
1,3,4,NaN
4,0,4,NaN
4,0,4,NaN
3,1,4,NaN
4,0,4,NaN
4,0,4,NaN
4,0,4,0.7332177371595686
3,1,4,NaN
3,1,4,0.9079098270401949
2,2,4,NaN
2,2,4,NaN
4,0,4,0.5757595332036677
3,1,4,0.7332177371595686
3,1,4,0.0569687888815355
4,0,4,0.483768449142263
3,1,4,NaN
4,0,4,NaN
4,0,4,0.6990667746156102
1,3,4,NaN
3,1,4,0.6185582093370283
4,0,4,NaN
4,0,4,0.5757595332036677
3,1,4,0.18342590517711166
3,1,4,NaN
4,0,4,NaN
3,1,4,0.34926187684352356
4,0,4,NaN
4,0,4,NaN
4,0,4,NaN
3,1,4,NaN
2,2,4,NaN
3,1,4,0.9686139634526727
4,0,4,0.531729986764269
4,0,4,NaN
1,3,4,0.0614275986214728
4,0,4,NaN
2,2,4,0.1376319999999998
4,0,4,NaN
3,1,4,0.8371210242017674
1,3,4,NaN
4,0,4,NaN
3,1,4,NaN
4,0,4,0.1376319999999998
4,0,4,NaN
3,1,4,0.23998440172325927
4,0,4,NaN
4,0,4,0.31128496075105533
4,0,4,NaN
3,1,4,0.1376319999999998
3,1,4,NaN
4,0,4,NaN
2,2,4,NaN
3,1,4,NaN
3,1,4,0.08869205529953894
4,0,4,NaN
3,1,4,NaN
4,0,4,NaN
2,2,4,0.03782247324613561
4,0,4,NaN
4,0,4,0.23998440172325927
2,2,4,NaN
3,1,4,NaN
4,0,4,NaN
4,0,4,NaN
4,0,4,NaN
3,1,4,0.6613966634587408
3,1,4,0.43614794933242046
3,1,4,0.6613966634587408
3,1,4,NaN
4,0,4,0.34926187684352356
4,0,4,NaN
4,0,4,NaN
2,2,4,NaN
4,0,4,NaN
3,1,4,0.20936945520216732
4,0,4,0.531729986764269
3,1,4,NaN
3,1,4,0.12390041476341097
3,1,4,0.390088581715401
3,1,4,NaN
4,0,4,NaN
4,0,4,NaN
4,0,4,NaN
4,0,4,NaN
4,0,4,NaN
4,0,4,0.483768449142263
4,0,4,NaN
2,2,4,0.18342590517711166
4,0,4,NaN
2,2,4,0.5378931731221492
4,0,4,NaN
3,1,4,0.7641629005282548
2,2,4,NaN
3,1,4,NaN
3,1,4,0.6990667746156102
4,0,4,NaN
4,0,4,0.06525587975951877
3,1,4,NaN
2,2,4,NaN
4,0,4,NaN
4,0,4,0.9079098270401949
3,1,4,NaN
2,2,4,NaN
4,0,4,0.9209789316492126
3,1,4,0.7641629005282548
4,0,4,NaN
2,2,4,NaN
3,1,4,NaN
4,0,4,NaN
3,1,4,0.6185582093370283
3,1,4,NaN
2,2,4,0.18342590517711166
3,1,4,NaN
3,1,4,NaN
3,1,4,0.4567030950633912
2,2,4,0.7332177371595686
3,1,4,NaN
1,3,4,0.6613966634587408
3,1,4,NaN
2,2,4,NaN
2,2,4,NaN
2,2,4,NaN
3,1,4,0.8510344009631022
4,0,4,0.5757595332036677
4,0,4,0.6990667746156102
4,0,4,NaN
3,1,4,NaN
4,0,4,NaN
4,0,4,0.483768449142263
3,1,4,0.43577762349235377
3,1,4,0.43614794933242046
3,1,4,0.5822402727672357
3,1,4,NaN
2,2,4,0.3274408375139464
2,2,4,0.34926187684352356
4,0,4,NaN
1,3,4,NaN
4,0,4,0.5459424067501532
4,0,4,NaN
4,0,4,0.5757595332036677
3,1,4,NaN
4,0,4,NaN
3,1,4,NaN
4,0,4,NaN
3,1,4,0.531729986764269
2,2,4,NaN
3,1,4,NaN
4,0,4,0.43614794933242046
4,0,4,0.1376319999999998
4,0,4,0.9079098270401949
3,1,4,NaN
3,1,4,0.43359950093236205
1,3,4,NaN
2,2,4,NaN
4,0,4,0.18342590517711166
4,0,4,0.23998440172325927
4,0,4,NaN
4,0,4,0.9747128701728911
2,2,4,0.531729986764269
3,1,4,0.8395040133151549
1,3,4,NaN
1,3,4,NaN
3,1,4,0.6613966634587408
4,0,4,NaN
4,0,4,NaN
3,1,4,0.43614794933242046
4,0,4,0.18342590517711166
4,0,4,NaN
4,0,4,NaN
3,1,4,0.6613966634587408
4,0,4,NaN
4,0,4,0.43614794933242046
4,0,4,0.23998440172325927
4,0,4,NaN
2,2,4,0.6990667746156102
4,0,4,0.23998440172325927
4,0,4,NaN
4,0,4,NaN
4,0,4,NaN
4,0,4,NaN
3,1,4,0.03782247324613561
1,3,4,NaN
2,2,4,NaN
2,2,4,0.45357529842436256
3,1,4,0.5757595332036677
3,1,4,0.43614794933242046
3,1,4,0.390088581715401
4,0,4,NaN
3,1,4,NaN
4,0,4,NaN
4,0,4,0.893076864532752
3,1,4,NaN
4,0,4,0.483768449142263
2,2,4,0.43614794933242046
2,2,4,NaN
4,0,4,NaN
4,0,4,NaN
3,1,4,NaN
3,1,4,NaN
4,0,4,0.5093154232826997
3,1,4,0.390088581715401
3,1,4,0.6613966634587408
3,1,4,NaN
4,0,4,0.43614794933242046
4,0,4,NaN
4,0,4,0.6990667746156102
4,0,4,NaN
2,2,4,0.8395040133151549
4,0,4,NaN
3,1,4,0.20936945520216732
3,1,4,0.7394544821147426
2,2,4,0.20936945520216732
4,0,4,0.1376319999999998
4,0,4,NaN
4,0,4,NaN
4,0,4,NaN
3,1,4,0.2736599385245901
4,0,4,NaN
3,1,4,NaN
4,0,4,NaN
4,0,4,NaN
4,0,4,0.6613966634587408
4,0,4,0.893076864532752
3,1,4,0.6990667746156102
4,0,4,0.5757595332036677
4,0,4,0.20936945520216732
2,2,4,NaN
4,0,4,NaN
3,1,4,NaN
4,0,4,NaN
4,0,4,0.007003252747251538
3,1,4,NaN
4,0,4,0.43614794933242046
3,1,4,0.1026612005498701
4,0,4,NaN
1,3,4,NaN
4,0,4,0.6990667746156102
4,0,4,NaN
4,0,4,NaN
2,2,4,NaN
3,1,4,0.7641629005282548
4,0,4,0.7332177371595686
3,1,4,NaN
4,0,4,NaN
3,1,4,0.0008054208030293541
2,2,4,0.9433412321949546
2,2,4,NaN
2,2,4,NaN
3,1,4,NaN
4,0,4,0.003123488380170325
2,2,4,NaN
4,0,4,0.893076864532752
4,0,4,NaN
2,2,4,NaN
2,2,4,NaN
4,0,4,0.20936945520216732
4,0,4,0.34926187684352356
3,1,4,NaN
3,1,4,NaN
4,0,4,NaN
3,1,4,0.23998440172325927
3,1,4,NaN
4,0,4,0.8568024491395582
2,2,4,NaN
2,2,4,0.9433412321949546
4,0,4,0.6990667746156102
3,1,4,NaN
4,0,4,NaN
3,1,4,NaN
4,0,4,NaN
4,0,4,NaN
1,3,4,0.34926187684352356
4,0,4,NaN
4,0,4,NaN
1,3,4,NaN
4,0,4,0.9747128701728911
2,2,4,NaN
3,1,4,0.009920105924166594
2,2,4,NaN
4,0,4,NaN
4,0,4,0.4319007153382488
3,1,4,NaN
4,0,4,NaN
4,0,4,0.43614794933242046
4,0,4,NaN
2,2,4,0.15921953565114888
3,1,4,NaN
3,1,4,NaN
3,1,4,0.483768449142263
2,2,4,0.022788573734112794
2,2,4,NaN
2,2,4,NaN
4,0,4,0.016627813551177786
2,2,4,NaN
3,1,4,0.11835585687382275
3,1,4,NaN
4,0,4,0.7925166447343686
4,0,4,NaN
4,0,4,0.022788573734112794
3,1,4,NaN
3,1,4,NaN
4,0,4,NaN
4,0,4,NaN
4,0,4,0.03230741676234196
4,0,4,NaN
3,1,4,NaN
3,1,4,0.8770122193000203
4,0,4,NaN
4,0,4,NaN
4,0,4,0.2736599385245901
1,3,4,NaN
3,1,4,NaN
3,1,4,0.7314578968583962
3,1,4,NaN
4,0,4,NaN
3,1,4,NaN
4,0,4,NaN
4,0,4,0.980101638801523
3,1,4,NaN
4,0,4,0.8185843942460208
3,1,4,NaN
3,1,4,NaN
4,0,4,NaN
3,1,4,NaN
4,0,4,NaN
2,2,4,0.0021679292106529047
4,0,4,NaN
2,2,4,NaN
3,1,4,NaN
4,0,4,NaN
3,1,4,NaN
3,1,4,0.390088581715401
3,1,4,NaN
4,0,4,0.08869205529953894
4,0,4,0.8597792096635031
3,1,4,NaN
4,0,4,NaN
3,1,4,0.08869205529953894
4,0,4,0.6185582093370283
4,0,4,0.6185582093370283
4,0,4,0.390088581715401
4,0,4,NaN
2,2,4,NaN
3,1,4,NaN
4,0,4,NaN
3,1,4,NaN
2,2,4,0.20936945520216732
1,3,4,0.003788441268422185
2,2,4,0.6990667746156102
4,0,4,0.9686139634526727
4,0,4,NaN
4,0,4,NaN
3,1,4,0.03230741676234196
3,1,4,0.531729986764269
3,1,4,NaN
3,1,4,NaN
4,0,4,NaN
4,0,4,NaN
3,1,4,NaN
4,0,4,NaN
4,0,4,0.8770122193000203
3,1,4,0.8597792096635031
3,1,4,NaN
3,1,4,0.7925166447343686
4,0,4,NaN
4,0,4,NaN
3,1,4,NaN
4,0,4,NaN
2,2,4,NaN
4,0,4,0.9848027522935779
4,0,4,NaN
2,2,4,NaN
3,1,4,NaN
2,2,4,0.008297243588082441
4,0,4,NaN
3,1,4,NaN
3,1,4,0.9614248710601718
3,1,4,0.31128496075105533
3,1,4,0.23998440172325927
2,2,4,NaN
4,0,4,0.7925166447343686
4,0,4,NaN
4,0,4,NaN
4,0,4,NaN
4,0,4,NaN
4,0,4,0.43614794933242046
3,1,4,NaN
4,0,4,0.9079098270401949
3,1,4,0.07633250114228259
1,3,4,NaN
2,2,4,NaN
4,0,4,NaN
2,2,4,NaN
4,0,4,NaN
4,0,4,NaN
2,2,4,0.8597792096635031
2,2,4,0.483768449142263
4,0,4,NaN
3,1,4,0.08869205529953894
3,1,4,NaN
3,1,4,0.5960594817319734
2,2,4,0.31012710475594607
2,2,4,NaN
2,2,4,0.9627180835403164
3,1,4,NaN
4,0,4,NaN
3,1,4,NaN
4,0,4,NaN
1,3,4,NaN
3,1,4,NaN
4,0,4,NaN
4,0,4,NaN
4,0,4,NaN
2,2,4,NaN
4,0,4,0.27081445823748973
3,1,4,NaN
2,2,4,NaN
3,1,4,NaN
4,0,4,0.6990667746156102
4,0,4,0.9326921332428637
4,0,4,NaN
3,1,4,0.9444758416552013
2,2,4,NaN
4,0,4,NaN
4,0,4,NaN
4,0,4,NaN
3,1,4,NaN
3,1,4,NaN
2,2,4,NaN
2,2,4,0.8597792096635031
4,0,4,0.1376319999999998
2,2,4,NaN
1,3,4,0.14609100850329587
3,1,4,NaN
4,0,4,NaN
2,2,4,0.20936945520216732
4,0,4,0.34926187684352356
1,3,4,NaN
3,1,4,NaN
3,1,4,NaN
4,0,4,NaN
3,1,4,NaN
3,1,4,0.5591873965240348
3,1,4,NaN
4,0,4,NaN
4,0,4,NaN
2,2,4,NaN
2,2,4,0.001450341113107375
2,2,4,NaN
2,2,4,0.18342590517711166
3,1,4,0.6185582093370283
4,0,4,NaN
4,0,4,0.9433412321949546
4,0,4,0.893076864532752
4,0,4,0.6613966634587408
2,2,4,0.15921953565114888
3,1,4,0.15921953565114888
4,0,4,0.1026612005498701
3,1,4,0.043199805379105054
3,1,4,NaN
2,2,4,0.14214501765065646
4,0,4,0.07633250114228259
2,2,4,NaN
2,2,4,0.8395040133151549
4,0,4,NaN
1,3,4,NaN
2,2,4,NaN
4,0,4,NaN
3,1,4,NaN
3,1,4,NaN
2,2,4,NaN
4,0,4,NaN
4,0,4,0.31128496075105533
2,2,4,0.05448403456382014
4,0,4,0.31128496075105533
1,3,4,NaN
4,0,4,0.028276646443171786
4,0,4,NaN
4,0,4,NaN
4,0,4,0.8597792096635031
3,1,4,NaN
2,2,4,NaN
4,0,4,0.03782247324613561
3,1,4,NaN
2,2,4,NaN
4,0,4,0.6613966634587408
2,2,4,NaN
4,0,4,NaN
3,1,4,NaN
4,0,4,NaN
2,2,4,NaN
2,2,4,0.8597792096635031
4,0,4,NaN
4,0,4,NaN
2,2,4,0.483768449142263
4,0,4,NaN
3,1,4,NaN
4,0,4,NaN
4,0,4,NaN
2,2,4,0.1376319999999998
4,0,4,0.9747128701728911
4,0,4,0.22156597954672697
3,1,4,0.6185582093370283
2,2,4,NaN
4,0,4,NaN
4,0,4,0.1026612005498701
3,1,4,NaN
4,0,4,NaN
1,3,4,0.12007316117014918
2,2,4,NaN
3,1,4,NaN
4,0,4,0.0010567089415980256
3,1,4,NaN
3,1,4,0.6990667746156102
4,0,4,NaN
4,0,4,NaN
4,0,4,NaN
2,2,4,NaN
4,0,4,NaN
3,1,4,NaN
4,0,4,NaN
3,1,4,NaN
2,2,4,NaN
3,1,4,NaN
4,0,4,0.9534153129152887
3,1,4,0.893076864532752
4,0,4,NaN
3,1,4,NaN
2,2,4,NaN
2,2,4,0.34926187684352356
4,0,4,0.483768449142263
3,1,4,NaN
4,0,4,0.9079098270401949
4,0,4,NaN
3,1,4,NaN
4,0,4,0.20936945520216732
4,0,4,0.2736599385245901
3,1,4,0.8597792096635031
1,3,4,NaN
2,2,4,0.3031225730431099
4,0,4,NaN
4,0,4,0.043199805379105054
4,0,4,0.0908429133832776
4,0,4,0.11835585687382275
3,1,4,0.2459595189144923
3,1,4,0.5757595332036677
1,3,4,NaN
2,2,4,0.016627813551177786
4,0,4,0.531729986764269
3,1,4,NaN
4,0,4,0.9686139634526727
2,2,4,NaN
4,0,4,NaN
4,0,4,NaN
4,0,4,NaN
4,0,4,0.8395040133151549
4,0,4,NaN
2,2,4,NaN
3,1,4,NaN
4,0,4,NaN
2,2,4,NaN
4,0,4,NaN
3,1,4,0.06525587975951877
3,1,4,NaN
4,0,4,NaN
3,1,4,0.34926187684352356
2,2,4,NaN
4,0,4,0.34926187684352356
3,1,4,NaN
3,1,4,0.6990667746156102
4,0,4,NaN
3,1,4,0.7925166447343686
3,1,4,NaN
1,3,4,0.31128496075105533
4,0,4,NaN
4,0,4,NaN
4,0,4,NaN
4,0,4,NaN
4,0,4,0.8395040133151549
4,0,4,NaN
4,0,4,NaN
2,2,4,NaN
2,2,4,0.18342590517711166
3,1,4,NaN
4,0,4,0.8185843942460208
3,1,4,NaN
4,0,4,0.9848027522935779
3,1,4,0.7332177371595686
4,0,4,NaN
2,2,4,NaN
2,2,4,NaN
3,1,4,NaN
3,1,4,0.6164391053150498
3,1,4,NaN
3,1,4,NaN
2,2,4,0.9747128701728911
4,0,4,NaN
1,3,4,NaN
4,0,4,NaN
3,1,4,NaN
3,1,4,NaN
4,0,4,0.34926187684352356
3,1,4,NaN
3,1,4,0.43614794933242046
4,0,4,NaN
3,1,4,NaN
4,0,4,0.22036439232865215
3,1,4,0.8770122193000203
3,1,4,NaN
3,1,4,0.2736599385245901
2,2,4,NaN
1,3,4,0.9079098270401949
3,1,4,0.9079098270401949
2,2,4,NaN
4,0,4,NaN
4,0,4,NaN
3,1,4,NaN
2,2,4,0.43614794933242046
2,2,4,NaN
4,0,4,0.8185843942460208
4,0,4,NaN
3,1,4,NaN
4,0,4,NaN
4,0,4,NaN
3,1,4,NaN
4,0,4,NaN
4,0,4,0.08869205529953894
4,0,4,0.8597792096635031
2,2,4,NaN
4,0,4,NaN
2,2,4,NaN
3,1,4,0.18342590517711166
3,1,4,0.8597792096635031
3,1,4,NaN
3,1,4,0.6990667746156102
4,0,4,NaN
4,0,4,NaN
3,1,4,0.07633250114228259
2,2,4,NaN
4,0,4,NaN
3,1,4,NaN
4,0,4,NaN
4,0,4,0.11835585687382275
3,1,4,0.015198849338844918
3,1,4,NaN
4,0,4,NaN
4,0,4,0.8597792096635031
1,3,4,NaN
4,0,4,0.390088581715401
2,2,4,0.531729986764269
2,2,4,0.23998440172325927
4,0,4,NaN
4,0,4,0.8770122193000203
2,2,4,0.2736599385245901
3,1,4,NaN
4,0,4,0.531729986764269
1,3,4,NaN
3,1,4,0.20936945520216732
3,1,4,0.31128496075105533
3,1,4,0.1026612005498701
1,3,4,NaN
4,0,4,NaN
3,1,4,0.43614794933242046
4,0,4,0.390088581715401
3,1,4,0.9686139634526727
4,0,4,0.31128496075105533
3,1,4,0.7582271649271727
2,2,4,NaN
4,0,4,NaN
1,3,4,0.9534153129152887
4,0,4,NaN
2,2,4,NaN
3,1,4,0.11835585687382275
4,0,4,0.9686139634526727
4,0,4,NaN
4,0,4,NaN
3,1,4,0.6990667746156102
3,1,4,NaN
3,1,4,0.483768449142263
4,0,4,0.9079098270401949
4,0,4,0.20936945520216732
3,1,4,NaN
2,2,4,NaN
3,1,4,NaN
3,1,4,NaN
3,1,4,NaN
2,2,4,0.15921953565114888
3,1,4,0.8395040133151549
2,2,4,0.6613966634587408
2,2,4,NaN
3,1,4,0.18342590517711166
4,0,4,NaN
3,1,4,NaN
4,0,4,NaN
4,0,4,0.18342590517711166
3,1,4,NaN
2,2,4,0.9403168816802133
4,0,4,0.31128496075105533
4,0,4,0.9209789316492126
3,1,4,0.9079098270401949
3,1,4,0.31128496075105533
4,0,4,NaN
4,0,4,NaN
4,0,4,NaN
3,1,4,NaN
3,1,4,0.390088581715401
3,1,4,0.8597792096635031
4,0,4,NaN
4,0,4,0.9888383068434982
3,1,4,NaN
4,0,4,0.8770122193000203
4,0,4,NaN
2,2,4,NaN
3,1,4,NaN
1,3,4,0.016627813551177786
3,1,4,NaN
4,0,4,NaN
3,1,4,NaN
2,2,4,0.6990667746156102
4,0,4,NaN
3,1,4,NaN
4,0,4,0.5757595332036677
4,0,4,NaN
2,2,4,0.6851140816611032
4,0,4,0.6613966634587408
3,1,4,NaN
3,1,4,NaN
2,2,4,NaN
2,2,4,NaN
2,2,4,NaN
4,0,4,NaN
3,1,4,0.04937587322664477
2,2,4,NaN
2,2,4,NaN
3,1,4,NaN
4,0,4,NaN
4,0,4,NaN
4,0,4,NaN
2,2,4,NaN
2,2,4,NaN
3,1,4,0.4319007153382488
4,0,4,NaN
3,1,4,0.9433412321949546
1,3,4,0.34926187684352356
4,0,4,NaN
3,1,4,NaN
3,1,4,0.390088581715401
1,3,4,0.8770122193000203
3,1,4,NaN
4,0,4,0.5757595332036677
4,0,4,0.6613966634587408
2,2,4,0.6185582093370283
2,2,4,0.20936945520216732
3,1,4,NaN
2,2,4,0.6990667746156102
3,1,4,0.8597792096635031
3,1,4,NaN
2,2,4,0.23998440172325927
3,1,4,NaN
1,3,4,0.1376319999999998
4,0,4,NaN
4,0,4,NaN
4,0,4,NaN
3,1,4,0.7332177371595686
4,0,4,NaN
4,0,4,NaN
4,0,4,NaN
3,1,4,NaN
2,2,4,0.18342590517711166
4,0,4,NaN
4,0,4,0.33728827817688073
1,3,4,0.15921953565114888
4,0,4,NaN
4,0,4,NaN
4,0,4,0.7332177371595686
4,0,4,NaN
3,1,4,NaN
4,0,4,NaN
3,1,4,0.18342590517711166
1,3,4,NaN
3,1,4,0.43614794933242046
3,1,4,0.20936945520216732
4,0,4,0.893076864532752
4,0,4,0.31128496075105533
3,1,4,0.1376319999999998
3,1,4,0.8770122193000203
4,0,4,0.7641629005282548
4,0,4,0.06778471383143507
4,0,4,0.06525587975951877
2,2,4,NaN
4,0,4,NaN
3,1,4,NaN
3,1,4,NaN
4,0,4,0.531729986764269
1,3,4,NaN
3,1,4,NaN
2,2,4,0.1026612005498701
2,2,4,0.15921953565114888
4,0,4,0.10125650946961987
4,0,4,NaN
3,1,4,NaN
4,0,4,NaN
4,0,4,NaN
4,0,4,0.7925166447343686
3,1,4,NaN
4,0,4,NaN
4,0,4,0.18342590517711166
4,0,4,NaN
3,1,4,NaN
4,0,4,0.1376319999999998
4,0,4,NaN
2,2,4,NaN
3,1,4,0.18342590517711166
4,0,4,NaN
3,1,4,NaN
3,1,4,NaN
4,0,4,NaN
4,0,4,NaN
3,1,4,NaN
4,0,4,NaN
2,2,4,NaN
3,1,4,0.3021100270071239
3,1,4,0.2736599385245901
2,2,4,NaN
4,0,4,NaN
3,1,4,NaN
2,2,4,0.8770122193000203
2,2,4,NaN
4,0,4,NaN
2,2,4,NaN
4,0,4,NaN
3,1,4,NaN
3,1,4,0.43614794933242046
4,0,4,NaN
3,1,4,NaN
3,1,4,NaN
3,1,4,NaN
4,0,4,NaN
3,1,4,NaN
1,3,4,0.0569687888815355
3,1,4,NaN
2,2,4,NaN
4,0,4,NaN
2,2,4,NaN
4,0,4,NaN
2,2,4,0.9940320922471844
3,1,4,0.531729986764269
2,2,4,NaN
3,1,4,0.9079098270401949
1,3,4,NaN
3,1,4,NaN
2,2,4,0.7641629005282548
2,2,4,NaN
2,2,4,NaN
4,0,4,NaN
3,1,4,NaN
1,3,4,0.043199805379105054
4,0,4,0.15921953565114888
4,0,4,NaN
3,1,4,NaN
3,1,4,NaN
2,2,4,0.0994908064228379
3,1,4,0.9209789316492126
4,0,4,NaN
3,1,4,0.004939389942292157
1,3,4,NaN
1,3,4,NaN
4,0,4,NaN
2,2,4,0.6631277238462049
3,1,4,0.43614794933242046
4,0,4,0.9326921332428637
4,0,4,0.4800781392544963
4,0,4,NaN
1,3,4,0.34926187684352356
4,0,4,NaN
1,3,4,NaN
2,2,4,NaN
4,0,4,NaN
4,0,4,0.7332177371595686
2,2,4,NaN
3,1,4,0.31128496075105533
3,1,4,NaN
3,1,4,NaN
1,3,4,NaN
4,0,4,0.23998440172325927
2,2,4,NaN
4,0,4,NaN
2,2,4,0.14137658880076182
3,1,4,NaN
2,2,4,0.18342590517711166
4,0,4,0.531729986764269
2,2,4,NaN
2,2,4,NaN
3,1,4,NaN
4,0,4,0.9326921332428637
3,1,4,NaN
2,2,4,0.1376319999999998
4,0,4,NaN
2,2,4,NaN
3,1,4,0.483768449142263
4,0,4,NaN
4,0,4,NaN
3,1,4,0.004939389942292157
3,1,4,0.5170897945552569
3,1,4,0.014302811501596825
4,0,4,NaN
3,1,4,NaN
3,1,4,NaN
2,2,4,0.9326921332428637
3,1,4,NaN
3,1,4,0.552401248937484
4,0,4,0.893076864532752
4,0,4,NaN
4,0,4,NaN
3,1,4,NaN
2,2,4,0.531729986764269
4,0,4,0.20936945520216732
4,0,4,NaN
3,1,4,NaN
2,2,4,NaN
3,1,4,0.483768449142263
4,0,4,0.6185582093370283
4,0,4,NaN
1,3,4,NaN
2,2,4,1.4931109977958981e-6
4,0,4,0.03230741676234196
3,1,4,0.390088581715401
4,0,4,0.6990667746156102
2,2,4,0.390088581715401
4,0,4,0.31128496075105533
3,1,4,0.6185582093370283
4,0,4,0.531729986764269
4,0,4,NaN
3,1,4,NaN
3,1,4,NaN
3,1,4,0.1482371892716262
2,2,4,NaN
4,0,4,NaN
2,2,4,NaN
3,1,4,NaN
4,0,4,NaN
4,0,4,NaN
3,1,4,NaN
4,0,4,NaN
2,2,4,NaN
4,0,4,NaN
2,2,4,NaN
4,0,4,NaN
3,1,4,NaN
3,1,4,NaN
3,1,4,NaN
3,1,4,NaN
3,1,4,NaN
3,1,4,0.31128496075105533
3,1,4,NaN
3,1,4,0.6990667746156102
2,2,4,0.17651310440536505
4,0,4,NaN
2,2,4,NaN
3,1,4,NaN
1,3,4,NaN
4,0,4,NaN
2,2,4,NaN
3,1,4,NaN
4,0,4,NaN
4,0,4,0.03230741676234196
4,0,4,0.390088581715401
4,0,4,0.8770122193000203
4,0,4,NaN
3,1,4,0.417730032885948
2,2,4,0.30766134932571504
4,0,4,NaN
4,0,4,NaN
2,2,4,NaN
3,1,4,NaN
3,1,4,NaN
4,0,4,NaN
4,0,4,NaN
2,2,4,0.31128496075105533
3,1,4,NaN
3,1,4,NaN
1,3,4,NaN
4,0,4,0.390088581715401
3,1,4,NaN
4,0,4,NaN
4,0,4,NaN
4,0,4,NaN
2,2,4,NaN
4,0,4,0.009912176912471659
2,2,4,0.012022118863049316
2,2,4,NaN
3,1,4,NaN
3,1,4,0.531729986764269
4,0,4,NaN
3,1,4,NaN
3,1,4,0.7641629005282548
3,1,4,0.531729986764269
2,2,4,NaN
4,0,4,NaN
2,2,4,0.07633250114228259
4,0,4,NaN
4,0,4,0.31128496075105533
4,0,4,NaN
3,1,4,NaN
3,1,4,0.014183524266588894
4,0,4,0.483768449142263
4,0,4,0.9534153129152887
3,1,4,0.9848027522935779
4,0,4,NaN
4,0,4,NaN
2,2,4,NaN
2,2,4,0.7332177371595686
4,0,4,0.18342590517711166
3,1,4,NaN
2,2,4,NaN
1,3,4,0.9433412321949546
1,3,4,NaN
2,2,4,0.23998440172325927
3,1,4,NaN
4,0,4,NaN
4,0,4,NaN
4,0,4,NaN
3,1,4,0.43614794933242046
3,1,4,NaN
2,2,4,0.5757595332036677
3,1,4,0.01650792939473311
4,0,4,NaN
3,1,4,0.2736599385245901
1,3,4,0.5124018304666981
2,2,4,0.531729986764269
3,1,4,0.893076864532752
4,0,4,NaN
2,2,4,NaN
3,1,4,0.5757595332036677
4,0,4,0.23998440172325927
2,2,4,0.5181267167607481
2,2,4,0.7383757710176887
2,2,4,0.3565763969162567
4,0,4,0.6613966634587408
4,0,4,NaN
2,2,4,0.1026612005498701
3,1,4,0.8597792096635031
2,2,4,NaN
4,0,4,NaN
3,1,4,0.7953330589387831
3,1,4,0.2579042808851361
4,0,4,NaN
4,0,4,0.7332177371595686
4,0,4,0.5263570405063814
2,2,4,NaN
4,0,4,NaN
3,1,4,NaN
2,2,4,0.03782247324613561
3,1,4,0.34926187684352356
3,1,4,NaN
2,2,4,NaN
3,1,4,0.7925166447343686
4,0,4,NaN
4,0,4,NaN
2,2,4,NaN
4,0,4,NaN
3,1,4,NaN
3,1,4,NaN
3,1,4,0.6990667746156102
2,2,4,NaN
1,3,4,NaN
2,2,4,NaN
3,1,4,NaN
2,2,4,0.06525587975951877
3,1,4,NaN
4,0,4,0.5757595332036677
4,0,4,NaN
3,1,4,0.7332177371595686
3,1,4,NaN
4,0,4,NaN
4,0,4,0.8680132847643663
4,0,4,0.07633250114228259
4,0,4,NaN
3,1,4,0.6990667746156102
3,1,4,0.022788573734112794
3,1,4,NaN
4,0,4,NaN
3,1,4,0.01758310930960365
1,3,4,NaN
4,0,4,NaN
4,0,4,NaN
3,1,4,NaN
4,0,4,0.980101638801523
4,0,4,NaN
4,0,4,0.027150137488542374
4,0,4,NaN
3,1,4,NaN
4,0,4,NaN
2,2,4,NaN
3,1,4,0.893076864532752
3,1,4,NaN
4,0,4,NaN
3,1,4,0.6990667746156102
2,2,4,NaN
4,0,4,0.9079098270401949
2,2,4,NaN
4,0,4,NaN
2,2,4,0.0569687888815355
4,0,4,0.323573460039637
3,1,4,NaN
1,3,4,NaN
4,0,4,NaN
3,1,4,NaN
3,1,4,NaN
4,0,4,0.8597792096635031
4,0,4,NaN
2,2,4,NaN
2,2,4,0.769517799634684
4,0,4,NaN
4,0,4,NaN
2,2,4,0.34926187684352356
4,0,4,NaN
3,1,4,0.7925166447343686
1,3,4,NaN
2,2,4,0.390088581715401
3,1,4,NaN
4,0,4,0.9888383068434982
2,2,4,NaN
3,1,4,NaN
4,0,4,0.43614794933242046
1,3,4,NaN
4,0,4,0.08869205529953894
3,1,4,0.483768449142263
4,0,4,NaN
3,1,4,NaN
2,2,4,NaN
2,2,4,NaN
4,0,4,NaN
3,1,4,NaN
4,0,4,NaN
3,1,4,NaN
3,1,4,0.15921953565114888
4,0,4,NaN
3,1,4,NaN
2,2,4,NaN
3,1,4,0.6613966634587408
4,0,4,NaN
4,0,4,NaN
4,0,4,NaN
3,1,4,NaN
3,1,4,NaN
4,0,4,NaN
2,2,4,NaN
2,2,4,0.9326921332428637
3,1,4,NaN
2,2,4,NaN
2,2,4,0.390088581715401
3,1,4,NaN
2,2,4,NaN
2,2,4,0.9079098270401949
3,1,4,NaN
3,1,4,0.8278162142569784
3,1,4,0.7925166447343686
1,3,4,0.23998440172325927
3,1,4,0.34926187684352356
4,0,4,NaN
3,1,4,NaN
3,1,4,NaN
3,1,4,0.09103071012866998
3,1,4,0.9747128701728911
3,1,4,0.06525587975951877
4,0,4,NaN
3,1,4,0.13717722402408927
4,0,4,NaN
2,2,4,NaN
4,0,4,0.7332177371595686
4,0,4,NaN
4,0,4,NaN
3,1,4,NaN
4,0,4,NaN
4,0,4,0.531729986764269
2,2,4,0.8395040133151549
4,0,4,NaN
2,2,4,NaN
3,1,4,0.8597792096635031
4,0,4,0.016627813551177786
3,1,4,NaN
2,2,4,0.531729986764269
4,0,4,0.8770122193000203
4,0,4,0.9534153129152887
3,1,4,NaN
2,2,4,NaN
4,0,4,NaN
3,1,4,NaN
4,0,4,NaN
4,0,4,NaN
4,0,4,0.893076864532752
3,1,4,0.31128496075105533
1,3,4,NaN
4,0,4,0.8185843942460208
4,0,4,NaN
3,1,4,0.8185843942460208
3,1,4,NaN
4,0,4,NaN
3,1,4,0.6185582093370283
3,1,4,NaN
4,0,4,NaN
2,2,4,NaN
2,2,4,NaN
4,0,4,NaN
2,2,4,0.531729986764269
2,2,4,0.31128496075105533
3,1,4,NaN
4,0,4,0.8770122193000203
4,0,4,NaN
3,1,4,0.6990667746156102
1,3,4,NaN
2,2,4,0.26131718589375613
4,0,4,NaN
4,0,4,0.07633250114228259
3,1,4,NaN
2,2,4,NaN
4,0,4,NaN
3,1,4,0.08869205529953894
2,2,4,NaN
2,2,4,NaN
2,2,4,0.5757595332036677
4,0,4,0.390088581715401
3,1,4,NaN
3,1,4,0.6990667746156102
1,3,4,0.31128496075105533
4,0,4,NaN
4,0,4,0.43614794933242046
4,0,4,0.03230741676234196
3,1,4,NaN
4,0,4,NaN
3,1,4,0.2736599385245901
3,1,4,NaN
3,1,4,NaN
2,2,4,NaN
4,0,4,0.15921953565114888
4,0,4,NaN
2,2,4,0.10176246004831296
2,2,4,NaN
3,1,4,NaN
4,0,4,NaN
3,1,4,0.6613966634587408
3,1,4,0.6036526585783047
4,0,4,0.390088581715401
4,0,4,NaN
2,2,4,0.12604418109354795
4,0,4,NaN
4,0,4,NaN
3,1,4,0.9079098270401949
4,0,4,0.893076864532752
3,1,4,NaN
3,1,4,0.390088581715401
3,1,4,0.893076864532752
3,1,4,0.20936945520216732
3,1,4,0.7925166447343686
2,2,4,NaN
3,1,4,0.9614248710601718
2,2,4,NaN
4,0,4,NaN
4,0,4,0.6185582093370283
4,0,4,NaN
3,1,4,NaN
3,1,4,0.7332177371595686
3,1,4,NaN
4,0,4,0.6185582093370283
4,0,4,0.34926187684352356
4,0,4,NaN
2,2,4,NaN
4,0,4,NaN
4,0,4,NaN
4,0,4,NaN
4,0,4,NaN
4,0,4,NaN
2,2,4,0.7803438958953831
3,1,4,NaN
2,2,4,NaN
3,1,4,NaN
4,0,4,NaN
4,0,4,0.34926187684352356
3,1,4,NaN
3,1,4,NaN
3,1,4,NaN
3,1,4,NaN
2,2,4,NaN
3,1,4,0.06525587975951877
2,2,4,0.23998440172325927
3,1,4,0.5757595332036677
3,1,4,NaN
3,1,4,0.1376319999999998
3,1,4,NaN
2,2,4,0.9963927254773957
4,0,4,0.1376319999999998
3,1,4,0.6185582093370283
3,1,4,NaN
4,0,4,0.6185582093370283
3,1,4,NaN
4,0,4,NaN
3,1,4,NaN
2,2,4,0.531729986764269
4,0,4,NaN
4,0,4,0.8185843942460208
4,0,4,NaN
3,1,4,NaN
3,1,4,NaN
4,0,4,0.8597792096635031
4,0,4,NaN
4,0,4,NaN
2,2,4,0.43614794933242046
3,1,4,NaN
3,1,4,0.007003252747251538
4,0,4,NaN
4,0,4,NaN
2,2,4,NaN
4,0,4,0.7641629005282548
2,2,4,NaN
4,0,4,NaN
1,3,4,0.43614794933242046
2,2,4,0.5757595332036677
3,1,4,0.7641629005282548
3,1,4,0.9209789316492126
3,1,4,0.8597792096635031
4,0,4,0.6990667746156102
3,1,4,NaN
2,2,4,0.7332177371595686
3,1,4,NaN
4,0,4,0.043199805379105054
4,0,4,0.5757595332036677
4,0,4,NaN
4,0,4,0.31128496075105533
3,1,4,0.7641629005282548
4,0,4,NaN
4,0,4,NaN
3,1,4,0.6990667746156102
3,1,4,NaN
1,3,4,0.07633250114228259
3,1,4,NaN
4,0,4,NaN
3,1,4,0.0569687888815355
2,2,4,0.7332177371595686
3,1,4,NaN
2,2,4,0.6990667746156102
4,0,4,0.5757595332036677
3,1,4,NaN
3,1,4,NaN
2,2,4,NaN
3,1,4,NaN
2,2,4,NaN
4,0,4,0.3509179453391678
4,0,4,NaN
4,0,4,NaN
4,0,4,0.8185843942460208
2,2,4,0.5286646089856887
4,0,4,NaN
4,0,4,NaN
3,1,4,0.6990667746156102
3,1,4,NaN
4,0,4,NaN
2,2,4,NaN
3,1,4,0.7332177371595686
3,1,4,0.9209789316492126
4,0,4,0.04937587322664477
3,1,4,0.8185843942460208
4,0,4,NaN
3,1,4,NaN
1,3,4,NaN
3,1,4,NaN
1,3,4,0.3388299964975053
2,2,4,NaN
3,1,4,NaN
4,0,4,NaN
2,2,4,0.5757595332036677
3,1,4,NaN
4,0,4,NaN
4,0,4,0.15921953565114888
4,0,4,NaN
3,1,4,NaN
3,1,4,NaN
4,0,4,NaN
3,1,4,NaN
3,1,4,0.15921953565114888
4,0,4,NaN
2,2,4,NaN
3,1,4,0.23998440172325927
3,1,4,NaN
4,0,4,0.531729986764269
3,1,4,NaN
2,2,4,0.43614794933242046
3,1,4,NaN
4,0,4,NaN
4,0,4,NaN
3,1,4,NaN
3,1,4,0.483768449142263
3,1,4,NaN
2,2,4,0.5757595332036677
2,2,4,NaN
3,1,4,0.15921953565114888
2,2,4,0.23785509105459776
4,0,4,0.9686139634526727
4,0,4,0.08003177239044716
4,0,4,0.23998440172325927
1,3,4,0.2736599385245901
4,0,4,0.6613966634587408
4,0,4,NaN
3,1,4,NaN
4,0,4,0.08869205529953894
3,1,4,0.9433412321949546
3,1,4,NaN
1,3,4,NaN
4,0,4,0.7925166447343686
2,2,4,NaN
4,0,4,0.08869205529953894
3,1,4,0.9940699727213667
3,1,4,NaN
2,2,4,NaN
4,0,4,0.8770122193000203
2,2,4,NaN
4,0,4,NaN
1,3,4,NaN
3,1,4,0.6185582093370283
4,0,4,0.2007962699552482
3,1,4,NaN
4,0,4,NaN
4,0,4,NaN
3,1,4,0.34926187684352356
2,2,4,0.6990667746156102
4,0,4,0.5757595332036677
2,2,4,0.390088581715401
4,0,4,0.1792975312953785
4,0,4,NaN
4,0,4,NaN
3,1,4,NaN
2,2,4,0.23486107655728594
3,1,4,NaN
4,0,4,NaN
3,1,4,NaN
4,0,4,0.9888383068434982
2,2,4,0.7641629005282548
4,0,4,NaN
2,2,4,NaN
4,0,4,0.5885414222727187
2,2,4,0.9534153129152887
2,2,4,NaN
2,2,4,NaN
3,1,4,NaN
3,1,4,NaN
3,1,4,NaN
4,0,4,0.893076864532752
4,0,4,0.9209789316492126
2,2,4,0.893076864532752
4,0,4,NaN
3,1,4,NaN
2,2,4,NaN
2,2,4,0.14000969642532812
4,0,4,0.6613966634587408
3,1,4,NaN
4,0,4,NaN
2,2,4,NaN
4,0,4,0.5757595332036677
3,1,4,0.483768449142263
4,0,4,NaN
4,0,4,NaN
3,1,4,NaN
4,0,4,NaN
4,0,4,0.8395040133151549
4,0,4,0.1026612005498701
4,0,4,NaN
3,1,4,0.31128496075105533
4,0,4,NaN
2,2,4,0.18342590517711166
2,2,4,NaN
1,3,4,0.16782602051007375
3,1,4,0.23998440172325927
2,2,4,NaN
4,0,4,NaN
3,1,4,0.483768449142263
4,0,4,NaN
2,2,4,NaN
1,3,4,NaN
1,3,4,NaN
3,1,4,NaN
4,0,4,NaN
4,0,4,NaN
2,2,4,NaN
3,1,4,NaN
4,0,4,NaN
3,1,4,NaN
3,1,4,NaN
3,1,4,0.5825272282964099
2,2,4,NaN
4,0,4,NaN
4,0,4,NaN
4,0,4,NaN
2,2,4,0.014302811501596825
3,1,4,0.9614248710601718
4,0,4,NaN
3,1,4,0.03230741676234196
4,0,4,0.07633250114228259
4,0,4,NaN
3,1,4,NaN
4,0,4,NaN
4,0,4,0.34926187684352356
4,0,4,NaN
3,1,4,0.893076864532752
2,2,4,NaN
4,0,4,0.483768449142263
4,0,4,0.483768449142263
4,0,4,NaN
2,2,4,NaN
2,2,4,NaN
2,2,4,NaN
3,1,4,0.03782247324613561
1,3,4,NaN
3,1,4,0.531729986764269
3,1,4,NaN
3,1,4,NaN
3,1,4,NaN
4,0,4,NaN
3,1,4,NaN
1,3,4,0.08869205529953894
3,1,4,0.014302811501596825
4,0,4,NaN
4,0,4,NaN
2,2,4,NaN
4,0,4,NaN
2,2,4,NaN
3,1,4,0.9614248710601718
4,0,4,NaN
3,1,4,NaN
4,0,4,0.45430517191330216
4,0,4,NaN
4,0,4,NaN
3,1,4,NaN
3,1,4,0.531729986764269
2,2,4,0.7332177371595686
3,1,4,NaN
3,1,4,NaN
4,0,4,NaN
2,2,4,0.43614794933242046
4,0,4,NaN
2,2,4,NaN
4,0,4,0.7641629005282548
3,1,4,0.9614248710601718
3,1,4,NaN
4,0,4,NaN
3,1,4,NaN
2,2,4,NaN
4,0,4,0.7332177371595686
2,2,4,NaN
3,1,4,NaN
2,2,4,0.557297538048492
4,0,4,0.8185843942460208
2,2,4,0.7925166447343686
4,0,4,0.2736599385245901
4,0,4,0.2736599385245901
1,3,4,NaN
4,0,4,0.9444758416552013
4,0,4,NaN
2,2,4,0.1026612005498701
3,1,4,NaN
3,1,4,NaN
3,1,4,NaN
4,0,4,NaN
4,0,4,NaN
3,1,4,0.6613966634587408
4,0,4,0.004939389942292157
4,0,4,NaN
4,0,4,0.27849486221985364
4,0,4,NaN
2,2,4,NaN
1,3,4,0.014302811501596825
3,1,4,NaN
3,1,4,0.04937587322664477
4,0,4,NaN
3,1,4,NaN
4,0,4,NaN
2,2,4,NaN
3,1,4,NaN
2,2,4,0.08869205529953894
4,0,4,0.390088581715401
2,2,4,0.390088581715401
4,0,4,NaN
3,1,4,0.027553506812488162
3,1,4,NaN
2,2,4,0.04937587322664477
3,1,4,NaN
3,1,4,0.6613966634587408
3,1,4,0.9079098270401949
4,0,4,NaN
4,0,4,NaN
4,0,4,NaN
4,0,4,NaN
1,3,4,NaN
3,1,4,0.07633250114228259
4,0,4,NaN
3,1,4,NaN
4,0,4,NaN
2,2,4,NaN
3,1,4,0.390088581715401
1,3,4,NaN
3,1,4,NaN
4,0,4,NaN
4,0,4,0.7332177371595686
2,2,4,NaN
4,0,4,0.531729986764269
4,0,4,NaN
4,0,4,NaN
1,3,4,0.20936945520216732
3,1,4,NaN
4,0,4,0.016627813551177786
4,0,4,NaN
2,2,4,0.9209789316492126
3,1,4,NaN
3,1,4,NaN
4,0,4,0.9326921332428637
4,0,4,NaN
2,2,4,NaN
3,1,4,0.027150137488542374
3,1,4,NaN
4,0,4,0.6990667746156102
3,1,4,NaN
4,0,4,0.7277910133953862
3,1,4,0.8597792096635031
4,0,4,NaN
3,1,4,0.022788573734112794
3,1,4,NaN
3,1,4,NaN
4,0,4,NaN
2,2,4,NaN
3,1,4,0.6185582093370283
2,2,4,NaN
4,0,4,NaN
4,0,4,NaN
3,1,4,0.1026612005498701
4,0,4,0.0030892543021027673
3,1,4,NaN
3,1,4,0.26797272815490364
4,0,4,NaN
2,2,4,NaN
3,1,4,NaN
4,0,4,NaN
4,0,4,0.07633250114228259
3,1,4,NaN
3,1,4,NaN
2,2,4,NaN
4,0,4,0.8735784895868853
2,2,4,NaN
4,0,4,0.00829404517453861
2,2,4,NaN
4,0,4,0.531729986764269
2,2,4,NaN
3,1,4,NaN
3,1,4,NaN
4,0,4,0.8185843942460208
3,1,4,0.043199805379105054
2,2,4,0.003494259433323196
4,0,4,NaN
4,0,4,0.390088581715401
4,0,4,NaN
4,0,4,NaN
3,1,4,0.9433412321949546
4,0,4,NaN
4,0,4,NaN
1,3,4,0.531729986764269
2,2,4,0.31128496075105533
4,0,4,NaN
2,2,4,0.9079098270401949
3,1,4,0.531729986764269
2,2,4,0.13258774340137328
3,1,4,NaN
4,0,4,0.03230741676234196
4,0,4,NaN
4,0,4,NaN
2,2,4,NaN
4,0,4,NaN
3,1,4,0.3991393814669719
4,0,4,NaN
3,1,4,0.8185843942460208
4,0,4,NaN
2,2,4,NaN
3,1,4,NaN
4,0,4,NaN
3,1,4,NaN
4,0,4,0.7641629005282548
4,0,4,NaN
2,2,4,0.9747128701728911
3,1,4,0.7641629005282548
2,2,4,NaN
4,0,4,NaN
4,0,4,NaN
4,0,4,NaN
3,1,4,NaN
4,0,4,NaN
3,1,4,NaN
4,0,4,NaN
1,3,4,NaN
4,0,4,NaN
4,0,4,NaN
3,1,4,NaN
3,1,4,NaN
3,1,4,NaN
3,1,4,NaN
3,1,4,NaN
4,0,4,NaN
3,1,4,0.7925166447343686
4,0,4,0.6613966634587408
3,1,4,0.6586482026039304
2,2,4,NaN
3,1,4,0.531729986764269
3,1,4,NaN
1,3,4,NaN
3,1,4,NaN
2,2,4,NaN
4,0,4,NaN
2,2,4,NaN
3,1,4,NaN
4,0,4,NaN
3,1,4,NaN
3,1,4,0.0025646067467718888
2,2,4,0.08869205529953894
4,0,4,NaN
4,0,4,NaN
4,0,4,NaN
2,2,4,0.531729986764269
3,1,4,NaN
2,2,4,NaN
2,2,4,NaN
4,0,4,NaN
2,2,4,NaN
4,0,4,NaN
4,0,4,NaN
4,0,4,NaN
4,0,4,NaN
4,0,4,NaN
1,3,4,0.1376319999999998
4,0,4,NaN
4,0,4,0.483768449142263
3,1,4,NaN
3,1,4,NaN
2,2,4,NaN
2,2,4,0.6185582093370283
3,1,4,0.9686139634526727
4,0,4,NaN
4,0,4,NaN
1,3,4,0.1026612005498701
3,1,4,NaN
3,1,4,NaN
3,1,4,NaN
3,1,4,NaN
3,1,4,NaN
4,0,4,0.9433412321949546
4,0,4,0.43614794933242046
3,1,4,NaN
2,2,4,NaN
3,1,4,NaN
3,1,4,NaN
3,1,4,NaN
1,3,4,0.6613966634587408
3,1,4,0.032139481746350076
3,1,4,NaN
1,3,4,0.002606392795275019
2,2,4,NaN
4,0,4,NaN
4,0,4,NaN
4,0,4,NaN
4,0,4,NaN
2,2,4,0.893076864532752
4,0,4,NaN
2,2,4,0.04937587322664477
2,2,4,NaN
2,2,4,NaN
3,1,4,0.43614794933242046
3,1,4,NaN
4,0,4,0.15921953565114888
3,1,4,0.7641629005282548
4,0,4,0.43614794933242046
4,0,4,NaN
4,0,4,NaN
3,1,4,NaN
3,1,4,NaN
2,2,4,NaN
3,1,4,0.009294938420911943
2,2,4,0.0569687888815355
4,0,4,NaN
3,1,4,NaN
2,2,4,NaN
2,2,4,0.1026612005498701
1,3,4,0.004582407044711672
1,3,4,NaN
4,0,4,0.04937587322664477
3,1,4,0.9686139634526727
4,0,4,NaN
4,0,4,0.7332177371595686
3,1,4,NaN
3,1,4,0.390088581715401
3,1,4,NaN
4,0,4,NaN
4,0,4,0.8185843942460208
4,0,4,0.8770122193000203
2,2,4,NaN
2,2,4,NaN
2,2,4,NaN
3,1,4,0.9747128701728911
4,0,4,0.43614794933242046
2,2,4,NaN
4,0,4,0.7332177371595686
3,1,4,0.019519080662983124
4,0,4,NaN
4,0,4,NaN
2,2,4,NaN
3,1,4,NaN
3,1,4,0.7641629005282548
4,0,4,NaN
4,0,4,NaN
4,0,4,NaN
4,0,4,NaN
3,1,4,NaN
2,2,4,NaN
3,1,4,NaN
3,1,4,0.9079098270401949
3,1,4,NaN
4,0,4,NaN
4,0,4,NaN
3,1,4,0.18342590517711166
4,0,4,0.483768449142263
4,0,4,NaN
4,0,4,NaN
3,1,4,0.019519080662983124
3,1,4,0.6990667746156102
1,3,4,NaN
4,0,4,NaN
4,0,4,NaN
4,0,4,0.9433412321949546
1,3,4,0.12278119961700378
3,1,4,0.0021679292106529047
4,0,4,0.6990667746156102
2,2,4,NaN
4,0,4,NaN
2,2,4,NaN
2,2,4,NaN
3,1,4,NaN
4,0,4,0.390088581715401
3,1,4,0.1026612005498701
4,0,4,NaN
4,0,4,NaN
4,0,4,NaN
3,1,4,NaN
4,0,4,0.483768449142263
2,2,4,0.5757595332036677
2,2,4,0.6741830672601722
3,1,4,NaN
2,2,4,NaN
4,0,4,0.6613966634587408
3,1,4,NaN
2,2,4,0.8770122193000203
4,0,4,NaN
4,0,4,NaN
4,0,4,NaN
2,2,4,NaN
4,0,4,NaN
2,2,4,NaN
1,3,4,NaN
4,0,4,NaN
4,0,4,NaN
3,1,4,0.9079098270401949
3,1,4,NaN
4,0,4,NaN
4,0,4,NaN
3,1,4,NaN
4,0,4,0.9686139634526727
3,1,4,0.9614248710601718
4,0,4,NaN
2,2,4,0.8597792096635031
2,2,4,0.7641629005282548
2,2,4,NaN
4,0,4,0.7925166447343686
2,2,4,NaN
2,2,4,NaN
3,1,4,NaN
4,0,4,NaN
4,0,4,NaN
3,1,4,NaN
3,1,4,0.06525587975951877
4,0,4,0.43614794933242046
4,0,4,NaN
3,1,4,0.6613966634587408
3,1,4,NaN
3,1,4,0.06525587975951877
2,2,4,NaN
2,2,4,NaN
3,1,4,NaN
2,2,4,NaN
3,1,4,0.8770122193000203
3,1,4,0.03230741676234196
2,2,4,NaN
4,0,4,0.20163475777346393
4,0,4,NaN
4,0,4,0.014302811501596825
2,2,4,NaN
3,1,4,0.43614794933242046
4,0,4,NaN
4,0,4,NaN
3,1,4,0.8395040133151549
2,2,4,0.6185582093370283
2,2,4,NaN
2,2,4,0.7641629005282548
4,0,4,NaN
4,0,4,0.9747128701728911
4,0,4,0.6185582093370283
4,0,4,0.7641629005282548
3,1,4,NaN
2,2,4,0.8770122193000203
2,2,4,0.7925166447343686
4,0,4,NaN
3,1,4,NaN
1,3,4,0.8395040133151549
3,1,4,NaN
3,1,4,NaN
2,2,4,0.043199805379105054
2,2,4,0.8185843942460208
4,0,4,0.531729986764269
1,3,4,NaN
3,1,4,NaN
3,1,4,NaN
4,0,4,NaN
3,1,4,NaN
4,0,4,0.20936945520216732
4,0,4,NaN
3,1,4,0.7925166447343686
1,3,4,0.04937587322664477
3,1,4,NaN
4,0,4,NaN
3,1,4,NaN
3,1,4,0.531729986764269
1,3,4,NaN
4,0,4,NaN
2,2,4,0.022788573734112794
3,1,4,0.541837447934544
4,0,4,NaN
4,0,4,NaN
4,0,4,NaN
4,0,4,0.483768449142263
2,2,4,NaN
1,3,4,0.019519080662983124
4,0,4,NaN
3,1,4,NaN
1,3,4,NaN
1,3,4,NaN
4,0,4,NaN
2,2,4,NaN
2,2,4,NaN
4,0,4,NaN
3,1,4,NaN
4,0,4,NaN
3,1,4,NaN
4,0,4,0.893076864532752
3,1,4,0.18342590517711166
2,2,4,NaN
4,0,4,NaN
2,2,4,NaN
3,1,4,0.9326921332428637
4,0,4,0.23998440172325927
4,0,4,NaN
4,0,4,0.961828712149566
3,1,4,NaN
3,1,4,NaN
3,1,4,0.05032018288296882
4,0,4,NaN
4,0,4,0.1026612005498701
2,2,4,NaN
1,3,4,NaN
4,0,4,NaN
2,2,4,0.483768449142263
2,2,4,NaN
2,2,4,NaN
3,1,4,NaN
2,2,4,NaN
2,2,4,0.9209789316492126
3,1,4,NaN
1,3,4,NaN
4,0,4,0.18342590517711166
3,1,4,NaN
2,2,4,NaN
2,2,4,NaN
2,2,4,NaN
4,0,4,NaN
3,1,4,NaN
2,2,4,NaN
3,1,4,NaN
2,2,4,NaN
3,1,4,0.1376319999999998
4,0,4,NaN
1,3,4,0.9686139634526727
4,0,4,NaN
4,0,4,NaN
2,2,4,0.9848027522935779
1,3,4,0.0003297306122421771
3,1,4,NaN
4,0,4,NaN
2,2,4,NaN
3,1,4,NaN
4,0,4,0.18342590517711166
2,2,4,NaN
4,0,4,NaN
2,2,4,0.1026612005498701
2,2,4,NaN
4,0,4,NaN
3,1,4,0.7332177371595686
3,1,4,0.1911107368115989
3,1,4,NaN
3,1,4,NaN
4,0,4,NaN
4,0,4,NaN
4,0,4,0.03230741676234196
4,0,4,NaN
3,1,4,0.5757595332036677
4,0,4,0.43614794933242046
4,0,4,NaN
1,3,4,NaN
3,1,4,NaN
2,2,4,NaN
4,0,4,NaN
2,2,4,NaN
3,1,4,NaN
4,0,4,NaN
3,1,4,NaN
2,2,4,0.14735439006101517
4,0,4,NaN
2,2,4,0.8597792096635031
3,1,4,NaN
4,0,4,NaN
4,0,4,NaN
3,1,4,NaN
4,0,4,NaN
1,3,4,0.44781706238214486
3,1,4,NaN
3,1,4,NaN
3,1,4,0.6990667746156102
4,0,4,0.18342590517711166
1,3,4,0.531729986764269
1,3,4,0.390088581715401
2,2,4,NaN
3,1,4,0.2736599385245901
4,0,4,0.9433412321949546
1,3,4,NaN
2,2,4,0.483768449142263
1,3,4,NaN
2,2,4,NaN
4,0,4,NaN
4,0,4,NaN
3,1,4,NaN
2,2,4,NaN
3,1,4,NaN
2,2,4,NaN
4,0,4,NaN
4,0,4,0.390088581715401
3,1,4,NaN
1,3,4,0.5757595332036677
1,3,4,NaN
3,1,4,0.34926187684352356
4,0,4,NaN
4,0,4,NaN
4,0,4,NaN
3,1,4,0.9209789316492126
2,2,4,NaN
1,3,4,0.043199805379105054
2,2,4,0.9433412321949546
2,2,4,0.7925166447343686
4,0,4,NaN
4,0,4,0.8185843942460208
4,0,4,NaN
4,0,4,NaN
4,0,4,NaN
3,1,4,NaN
3,1,4,0.20936945520216732
4,0,4,0.8395040133151549
4,0,4,0.9747128701728911
3,1,4,NaN
4,0,4,NaN
2,2,4,NaN
4,0,4,NaN
4,0,4,NaN
3,1,4,NaN
4,0,4,0.9209789316492126
3,1,4,0.6990667746156102
3,1,4,NaN
3,1,4,NaN
4,0,4,0.20936945520216732
4,0,4,0.6990667746156102
3,1,4,NaN
4,0,4,0.2736599385245901
4,0,4,0.6990667746156102
4,0,4,0.7641629005282548
3,1,4,0.007003252747251538
2,2,4,0.23998440172325927
2,2,4,0.9614248710601718
4,0,4,NaN
4,0,4,NaN
4,0,4,0.6185582093370283
3,1,4,0.08869205529953894
4,0,4,NaN
2,2,4,NaN
4,0,4,0.6613966634587408
3,1,4,NaN
3,1,4,NaN
4,0,4,0.483768449142263
3,1,4,NaN
4,0,4,NaN
4,0,4,0.7641629005282548
3,1,4,NaN
2,2,4,NaN
4,0,4,NaN
3,1,4,NaN
3,1,4,NaN
3,1,4,0.8395040133151549
4,0,4,NaN
3,1,4,0.8185843942460208
4,0,4,NaN
2,2,4,NaN
3,1,4,0.6185582093370283
1,3,4,0.8395040133151549
4,0,4,0.43614794933242046
3,1,4,NaN
4,0,4,NaN
4,0,4,0.8597792096635031
4,0,4,NaN
2,2,4,NaN
3,1,4,NaN
4,0,4,NaN
3,1,4,0.08869205529953894
3,1,4,NaN
4,0,4,0.7925166447343686
4,0,4,NaN
4,0,4,NaN
4,0,4,0.03230741676234196
1,3,4,0.5757595332036677
3,1,4,0.39088310158301914
3,1,4,0.43614794933242046
4,0,4,0.5605686154146111
3,1,4,NaN
1,3,4,0.483768449142263
3,1,4,NaN
2,2,4,NaN
3,1,4,NaN
3,1,4,0.45574032487896876
2,2,4,NaN
3,1,4,NaN
2,2,4,NaN
2,2,4,NaN
1,3,4,0.08869205529953894
3,1,4,0.8770122193000203
3,1,4,NaN
1,3,4,NaN
1,3,4,NaN
4,0,4,NaN
2,2,4,0.9326921332428637
4,0,4,NaN
1,3,4,0.531729986764269
3,1,4,NaN
4,0,4,0.9747128701728911
3,1,4,NaN
4,0,4,0.7925166447343686
3,1,4,0.8481112061202601
3,1,4,0.390088581715401
1,3,4,NaN
1,3,4,NaN
2,2,4,NaN
2,2,4,0.9534153129152887
1,3,4,NaN
3,1,4,NaN
2,2,4,NaN
4,0,4,0.18342590517711166
4,0,4,NaN
3,1,4,NaN
3,1,4,NaN
1,3,4,NaN
2,2,4,0.43614794933242046
3,1,4,0.4015851965427254
3,1,4,NaN
4,0,4,NaN
1,3,4,NaN
4,0,4,NaN
4,0,4,NaN
4,0,4,NaN
2,2,4,NaN
2,2,4,NaN
3,1,4,NaN
4,0,4,NaN
1,3,4,0.03782247324613561
3,1,4,NaN
3,1,4,NaN
4,0,4,NaN
3,1,4,0.390088581715401
4,0,4,NaN
4,0,4,NaN
2,2,4,NaN
4,0,4,0.3356981437622123
3,1,4,NaN
2,2,4,NaN
2,2,4,NaN
2,2,4,NaN
3,1,4,NaN
3,1,4,NaN
2,2,4,NaN
4,0,4,0.8185843942460208
3,1,4,NaN
4,0,4,0.8185843942460208
1,3,4,NaN
4,0,4,NaN
3,1,4,NaN
4,0,4,0.31128496075105533
4,0,4,NaN
3,1,4,NaN
3,1,4,NaN
4,0,4,NaN
3,1,4,NaN
3,1,4,NaN
3,1,4,0.8597792096635031
3,1,4,0.3692838158748185
3,1,4,NaN
1,3,4,NaN
2,2,4,0.1376319999999998
3,1,4,NaN
3,1,4,NaN
2,2,4,NaN
4,0,4,0.7925166447343686
1,3,4,NaN
3,1,4,0.9433412321949546
4,0,4,NaN
3,1,4,0.03230741676234196
4,0,4,NaN
4,0,4,0.7925166447343686
4,0,4,0.004939389942292157
4,0,4,0.5757595332036677
3,1,4,0.7332177371595686
3,1,4,0.9433412321949546
3,1,4,0.23998440172325927
4,0,4,0.7925166447343686
3,1,4,NaN
4,0,4,NaN
3,1,4,NaN
4,0,4,0.8597792096635031
1,3,4,NaN
2,2,4,NaN
4,0,4,0.9079098270401949
3,1,4,NaN
3,1,4,0.483768449142263
2,2,4,0.0547886579667028
3,1,4,NaN
1,3,4,0.893076864532752
3,1,4,NaN
3,1,4,0.34926187684352356
4,0,4,0.483768449142263
4,0,4,NaN
2,2,4,0.03782247324613561
1,3,4,NaN
1,3,4,NaN
4,0,4,NaN
2,2,4,0.18342590517711166
3,1,4,0.9848027522935779
1,3,4,NaN
3,1,4,0.18342590517711166
2,2,4,NaN
3,1,4,NaN
3,1,4,NaN
1,3,4,NaN
4,0,4,0.08869205529953894
4,0,4,0.9919214683718085
4,0,4,NaN
3,1,4,0.23998440172325927
4,0,4,NaN
4,0,4,NaN
4,0,4,0.15921953565114888
4,0,4,0.6613966634587408
4,0,4,NaN
2,2,4,NaN
1,3,4,NaN
4,0,4,0.20936945520216732
1,3,4,0.34175678156365474
1,3,4,0.7332177371595686
3,1,4,NaN
3,1,4,0.8770122193000203
3,1,4,NaN
2,2,4,NaN
2,2,4,NaN
2,2,4,0.7641629005282548
4,0,4,0.0569687888815355
3,1,4,NaN
4,0,4,NaN
3,1,4,0.15921953565114888
4,0,4,0.6990667746156102
2,2,4,NaN
3,1,4,0.11835585687382275
4,0,4,NaN
3,1,4,0.2736599385245901
3,1,4,NaN
4,0,4,0.6613966634587408
3,1,4,NaN
3,1,4,NaN
3,1,4,NaN
3,1,4,NaN
3,1,4,NaN
2,2,4,NaN
3,1,4,NaN
4,0,4,0.20936945520216732
4,0,4,NaN
3,1,4,NaN
2,2,4,NaN
4,0,4,NaN
3,1,4,NaN
1,3,4,0.016437208106361952
4,0,4,NaN
3,1,4,NaN
3,1,4,NaN
3,1,4,NaN
2,2,4,0.531729986764269
3,1,4,NaN
3,1,4,NaN
4,0,4,NaN
4,0,4,NaN
4,0,4,NaN
1,3,4,NaN
4,0,4,NaN
4,0,4,0.8185843942460208
4,0,4,NaN
3,1,4,NaN
3,1,4,NaN
4,0,4,NaN
3,1,4,NaN
3,1,4,0.30766134932571504
2,2,4,0.34926187684352356
3,1,4,0.9044028197597836
2,2,4,NaN
2,2,4,NaN
3,1,4,0.6613966634587408
1,3,4,NaN
2,2,4,NaN
4,0,4,NaN
4,0,4,NaN
2,2,4,NaN
1,3,4,NaN
2,2,4,NaN
4,0,4,NaN
2,2,4,0.20936945520216732
4,0,4,0.07633250114228259
3,1,4,NaN
1,3,4,NaN
3,1,4,0.015441465128962367
4,0,4,0.31128496075105533
4,0,4,NaN
3,1,4,NaN
4,0,4,0.8185843942460208
4,0,4,NaN
1,3,4,NaN
3,1,4,NaN
2,2,4,0.6613966634587408
3,1,4,NaN
3,1,4,NaN
3,1,4,0.7925166447343686
3,1,4,NaN
3,1,4,NaN
2,2,4,NaN
3,1,4,0.7641629005282548
1,3,4,0.7332177371595686
4,0,4,NaN
2,2,4,0.5757595332036677
3,1,4,NaN
1,3,4,NaN
4,0,4,NaN
3,1,4,NaN
2,2,4,NaN
1,3,4,NaN
4,0,4,0.06525587975951877
4,0,4,NaN
3,1,4,0.31128496075105533
3,1,4,NaN
3,1,4,0.7332177371595686
4,0,4,0.23998440172325927
4,0,4,NaN
2,2,4,NaN
2,2,4,0.15921953565114888
2,2,4,0.0005288963229210288
3,1,4,0.18342590517711166
2,2,4,0.531729986764269
2,2,4,NaN
4,0,4,NaN
4,0,4,0.06525587975951877
1,3,4,NaN
4,0,4,NaN
4,0,4,NaN
4,0,4,NaN
4,0,4,0.23998440172325927
3,1,4,NaN
2,2,4,0.5757595332036677
4,0,4,NaN
2,2,4,NaN
2,2,4,0.20936945520216732
3,1,4,NaN
4,0,4,NaN
4,0,4,NaN
3,1,4,NaN
4,0,4,NaN
2,2,4,NaN
3,1,4,NaN
4,0,4,0.6613966634587408
4,0,4,NaN
4,0,4,NaN
4,0,4,0.7925166447343686
4,0,4,NaN
4,0,4,0.9919214683718085
2,2,4,0.022788573734112794
2,2,4,NaN
3,1,4,NaN
3,1,4,NaN
2,2,4,0.34926187684352356
2,2,4,0.9686139634526727
1,3,4,0.6185582093370283
2,2,4,0.04937587322664477
2,2,4,NaN
4,0,4,0.2736599385245901
2,2,4,NaN
4,0,4,NaN
4,0,4,NaN
4,0,4,0.048868854034008674
4,0,4,NaN
1,3,4,NaN
4,0,4,NaN
4,0,4,NaN
2,2,4,NaN
4,0,4,0.7641629005282548
2,2,4,0.43614794933242046
3,1,4,NaN
2,2,4,NaN
2,2,4,NaN
4,0,4,NaN
3,1,4,0.43614794933242046
2,2,4,NaN
4,0,4,NaN
4,0,4,0.23998440172325927
3,1,4,0.5757595332036677
2,2,4,0.43614794933242046
4,0,4,0.6613966634587408
4,0,4,NaN
3,1,4,0.483768449142263
2,2,4,NaN
2,2,4,NaN
3,1,4,NaN
2,2,4,0.483768449142263
4,0,4,NaN
4,0,4,0.6990667746156102
2,2,4,0.0569687888815355
3,1,4,NaN
2,2,4,0.390088581715401
4,0,4,NaN
3,1,4,0.5757595332036677
4,0,4,NaN
3,1,4,0.3799844188560311
2,2,4,NaN
3,1,4,NaN
3,1,4,NaN
4,0,4,NaN
1,3,4,0.7332177371595686
3,1,4,0.5757595332036677
4,0,4,NaN
1,3,4,NaN
4,0,4,NaN
3,1,4,NaN
4,0,4,0.9686139634526727
4,0,4,0.6990667746156102
4,0,4,NaN
3,1,4,0.390088581715401
4,0,4,0.531729986764269
2,2,4,NaN
2,2,4,NaN
3,1,4,0.8770122193000203
2,2,4,0.8185843942460208
3,1,4,NaN
2,2,4,NaN
3,1,4,0.06525587975951877
3,1,4,0.11835585687382275
4,0,4,NaN
4,0,4,0.15921953565114888
2,2,4,NaN
2,2,4,0.43614794933242046
3,1,4,NaN
3,1,4,0.560681281690559
3,1,4,NaN
3,1,4,0.20936945520216732
2,2,4,0.7332177371595686
1,3,4,NaN
1,3,4,NaN
2,2,4,0.483768449142263
4,0,4,0.6613966634587408
3,1,4,NaN
3,1,4,NaN
3,1,4,NaN
1,3,4,NaN
4,0,4,0.0614275986214728
2,2,4,NaN
4,0,4,NaN
3,1,4,NaN
4,0,4,0.531729986764269
4,0,4,NaN
4,0,4,NaN
3,1,4,NaN
4,0,4,0.6613966634587408
4,0,4,NaN
2,2,4,0.8597792096635031
4,0,4,NaN
3,1,4,0.9209789316492126
3,1,4,NaN
3,1,4,NaN
4,0,4,NaN
3,1,4,0.6990667746156102
3,1,4,0.5757595332036677
4,0,4,NaN
2,2,4,NaN
4,0,4,NaN
3,1,4,0.0002484323106210624
4,0,4,NaN
2,2,4,NaN
2,2,4,0.8395040133151549
3,1,4,NaN
4,0,4,NaN
3,1,4,NaN
3,1,4,0.1376319999999998
3,1,4,NaN
3,1,4,0.8597792096635031
2,2,4,NaN
4,0,4,0.6990667746156102
2,2,4,0.9747128701728911
2,2,4,0.20936945520216732
1,3,4,NaN
3,1,4,0.0791893597363959
3,1,4,NaN
2,2,4,0.34926187684352356
4,0,4,NaN
3,1,4,NaN
4,0,4,0.483768449142263
3,1,4,NaN
2,2,4,NaN
2,2,4,0.03782247324613561
3,1,4,NaN
4,0,4,NaN
2,2,4,NaN
4,0,4,NaN
3,1,4,NaN
3,1,4,NaN
2,2,4,NaN
3,1,4,NaN
4,0,4,NaN
3,1,4,0.820865454689211
4,0,4,0.03230741676234196
4,0,4,NaN
1,3,4,0.2736599385245901
3,1,4,0.7332177371595686
2,2,4,0.43577762349235377
2,2,4,0.0569687888815355
4,0,4,NaN
4,0,4,NaN
4,0,4,0.15921953565114888
4,0,4,NaN
1,3,4,NaN
3,1,4,NaN
3,1,4,0.9675986097793022
1,3,4,0.6185582093370283
4,0,4,0.531729986764269
3,1,4,0.6185582093370283
3,1,4,NaN
4,0,4,0.9747128701728911
1,3,4,NaN
4,0,4,NaN
3,1,4,NaN
3,1,4,0.9614248710601718
1,3,4,NaN
4,0,4,NaN
4,0,4,0.980101638801523
4,0,4,0.8597792096635031
4,0,4,NaN
1,3,4,0.11835585687382275
2,2,4,0.2736599385245901
4,0,4,NaN
4,0,4,0.31128496075105533
3,1,4,NaN
3,1,4,0.2736599385245901
3,1,4,0.8770122193000203
3,1,4,NaN
3,1,4,NaN
4,0,4,NaN
1,3,4,NaN
4,0,4,NaN
4,0,4,NaN
2,2,4,NaN
3,1,4,NaN
4,0,4,NaN
2,2,4,0.08869205529953894
3,1,4,NaN
1,3,4,0.001450341113107375
4,0,4,NaN
2,2,4,NaN
2,2,4,0.31128496075105533
4,0,4,NaN
3,1,4,0.18342590517711166
3,1,4,NaN
3,1,4,NaN
4,0,4,NaN
4,0,4,0.390088581715401
3,1,4,0.1026612005498701
3,1,4,NaN
3,1,4,NaN
3,1,4,NaN
2,2,4,NaN
3,1,4,0.09103071012866998
4,0,4,NaN
4,0,4,0.893076864532752
1,3,4,NaN
3,1,4,NaN
2,2,4,0.390088581715401
4,0,4,0.23998440172325927
3,1,4,0.34926187684352356
4,0,4,NaN
2,2,4,0.08603854446441817
3,1,4,NaN
3,1,4,0.9079098270401949
3,1,4,NaN
3,1,4,NaN
4,0,4,0.5757595332036677
3,1,4,0.34926187684352356
2,2,4,NaN
4,0,4,NaN
2,2,4,NaN
3,1,4,0.9079098270401949
4,0,4,NaN
4,0,4,NaN
4,0,4,NaN
3,1,4,NaN
2,2,4,NaN
2,2,4,0.43614794933242046
3,1,4,NaN
4,0,4,0.13797619272253211
4,0,4,0.6613966634587408
4,0,4,NaN
1,3,4,0.5757595332036677
1,3,4,NaN
3,1,4,0.18342590517711166
2,2,4,0.5317403288724358
1,3,4,NaN
4,0,4,0.5653835574804076
1,3,4,NaN
4,0,4,NaN
4,0,4,NaN
3,1,4,NaN
4,0,4,NaN
3,1,4,0.04937587322664477
4,0,4,0.9326921332428637
4,0,4,NaN
2,2,4,0.6613966634587408
4,0,4,0.8185843942460208
3,1,4,0.8166214400539077
2,2,4,NaN
1,3,4,NaN
2,2,4,0.483768449142263
4,0,4,0.000584967414917312
3,1,4,NaN
3,1,4,0.043199805379105054
3,1,4,0.6990667746156102
4,0,4,0.00999102174313204
4,0,4,NaN
4,0,4,NaN
4,0,4,NaN
1,3,4,NaN
4,0,4,0.483768449142263
3,1,4,NaN
3,1,4,NaN
4,0,4,0.9209789316492126
4,0,4,0.7332177371595686
1,3,4,0.17651310440536505
3,1,4,0.2656875645857021
2,2,4,0.009912176912471659
2,2,4,0.7641629005282548
4,0,4,0.022049603021542144
2,2,4,NaN
3,1,4,0.037994548982439376
2,2,4,0.6990667746156102
3,1,4,NaN
4,0,4,NaN
4,0,4,NaN
3,1,4,NaN
4,0,4,0.15921953565114888
3,1,4,0.5757595332036677
3,1,4,NaN
4,0,4,NaN
4,0,4,0.022788573734112794
2,2,4,NaN
4,0,4,NaN
3,1,4,0.15921953565114888
3,1,4,NaN
4,0,4,0.6185582093370283
4,0,4,0.6990667746156102
1,3,4,0.3898289495274593
4,0,4,NaN
2,2,4,NaN
4,0,4,0.7641629005282548
2,2,4,0.9326921332428637
4,0,4,0.5459424067501532
4,0,4,NaN
2,2,4,NaN
2,2,4,0.8718279816559984
3,1,4,NaN
3,1,4,NaN
4,0,4,NaN
3,1,4,NaN
3,1,4,NaN
4,0,4,0.1376319999999998
1,3,4,NaN
3,1,4,NaN
2,2,4,0.8185843942460208
4,0,4,NaN
2,2,4,NaN
4,0,4,0.6990667746156102
2,2,4,NaN
2,2,4,0.027988959395328916
3,1,4,NaN
2,2,4,NaN
4,0,4,NaN
4,0,4,0.08869205529953894
3,1,4,0.20936945520216732
2,2,4,0.483768449142263
4,0,4,0.07633250114228259
4,0,4,NaN
2,2,4,NaN
3,1,4,NaN
4,0,4,0.9209789316492126
4,0,4,NaN
2,2,4,0.531729986764269
1,3,4,NaN
4,0,4,NaN
4,0,4,NaN
3,1,4,NaN
4,0,4,NaN
4,0,4,NaN
4,0,4,NaN
2,2,4,NaN
2,2,4,0.8185843942460208
4,0,4,0.9433412321949546
3,1,4,NaN
3,1,4,NaN
2,2,4,NaN
1,3,4,NaN
3,1,4,NaN
3,1,4,0.9326921332428637
3,1,4,NaN
4,0,4,0.2736599385245901
2,2,4,0.08869205529953894
4,0,4,0.390088581715401
3,1,4,NaN
3,1,4,NaN
4,0,4,NaN
2,2,4,NaN
1,3,4,NaN
3,1,4,NaN
2,2,4,0.6990667746156102
4,0,4,0.019519080662983124
1,3,4,NaN
2,2,4,NaN
3,1,4,0.34926187684352356
4,0,4,NaN
1,3,4,0.043199805379105054
2,2,4,0.4567030950633912
3,1,4,0.017721922240969256
4,0,4,0.06525587975951877
3,1,4,NaN
3,1,4,NaN
4,0,4,NaN
3,1,4,NaN
3,1,4,0.1376319999999998
1,3,4,NaN
4,0,4,0.07633250114228259
4,0,4,NaN
4,0,4,NaN
4,0,4,0.483768449142263
3,1,4,0.43614794933242046
3,1,4,NaN
4,0,4,0.1026612005498701
3,1,4,0.127827138667481
4,0,4,0.001683415687651542
2,2,4,0.5807958875536995
4,0,4,NaN
4,0,4,0.5757595332036677
2,2,4,0.01958540869071427
3,1,4,0.6613966634587408
2,2,4,NaN
2,2,4,NaN
3,1,4,0.9433412321949546
4,0,4,0.7768469865493867
3,1,4,0.34926187684352356
3,1,4,0.022788573734112794
1,3,4,0.08869205529953894
4,0,4,0.9326921332428637
3,1,4,0.7641629005282548
4,0,4,NaN
3,1,4,0.6185582093370283
3,1,4,0.531729986764269
4,0,4,NaN
4,0,4,0.7332177371595686
3,1,4,NaN
4,0,4,NaN
3,1,4,0.6990667746156102
3,1,4,NaN
2,2,4,NaN
3,1,4,NaN
4,0,4,NaN
4,0,4,NaN
4,0,4,NaN
1,3,4,0.0011870025188928748
4,0,4,NaN
4,0,4,0.6613966634587408
4,0,4,NaN
4,0,4,NaN
3,1,4,0.390088581715401
3,1,4,0.22892906759382656
2,2,4,0.2736599385245901
4,0,4,0.43614794933242046
2,2,4,0.06525587975951877
3,1,4,NaN
4,0,4,0.531729986764269
4,0,4,0.7332177371595686
2,2,4,NaN
3,1,4,0.893076864532752
3,1,4,NaN
4,0,4,NaN
4,0,4,NaN
3,1,4,0.2736599385245901
4,0,4,NaN
2,2,4,0.6613966634587408
1,3,4,NaN
1,3,4,0.7332177371595686
4,0,4,0.04937587322664477
3,1,4,0.483768449142263
3,1,4,NaN
4,0,4,0.8185843942460208
4,0,4,0.7332177371595686
4,0,4,NaN
3,1,4,0.18342590517711166
3,1,4,0.390088581715401
3,1,4,NaN
4,0,4,0.390088581715401
4,0,4,0.9614248710601718
1,3,4,NaN
2,2,4,0.6375068000154904
4,0,4,NaN
4,0,4,0.9209789316492126
2,2,4,NaN
3,1,4,NaN
4,0,4,NaN
3,1,4,NaN
2,2,4,0.7641629005282548
4,0,4,NaN
3,1,4,0.31128496075105533
3,1,4,0.7925166447343686
4,0,4,0.7641629005282548
4,0,4,NaN
4,0,4,NaN
4,0,4,0.6990667746156102
3,1,4,0.08819945010492386
4,0,4,NaN
2,2,4,NaN
4,0,4,NaN
2,2,4,0.008185991369903941
3,1,4,NaN
4,0,4,NaN
3,1,4,0.4789473332684339
2,2,4,NaN
4,0,4,0.7641629005282548
2,2,4,NaN
3,1,4,0.7641629005282548
3,1,4,NaN
4,0,4,NaN
2,2,4,0.31128496075105533
2,2,4,0.010128333991736967
4,0,4,NaN
1,3,4,0.531729986764269
4,0,4,0.9614248710601718
4,0,4,0.1376319999999998
3,1,4,NaN
4,0,4,0.9614248710601718
2,2,4,NaN
4,0,4,NaN
4,0,4,NaN
2,2,4,0.483768449142263
4,0,4,0.15921953565114888
3,1,4,NaN
4,0,4,NaN
4,0,4,NaN
3,1,4,NaN
4,0,4,NaN
3,1,4,0.7925166447343686
2,2,4,NaN
2,2,4,0.04937587322664477
4,0,4,NaN
4,0,4,0.8395040133151549
3,1,4,0.8681485141884734
2,2,4,NaN
4,0,4,NaN
3,1,4,0.531729986764269
3,1,4,0.9686139634526727
4,0,4,0.18342590517711166
3,1,4,NaN
4,0,4,NaN
2,2,4,NaN
2,2,4,NaN
4,0,4,NaN
4,0,4,NaN
2,2,4,NaN
2,2,4,NaN
3,1,4,NaN
4,0,4,0.980101638801523
3,1,4,NaN
1,3,4,NaN
4,0,4,0.043199805379105054
4,0,4,0.39768166563681095
2,2,4,0.8185843942460208
4,0,4,NaN
3,1,4,NaN
3,1,4,NaN
4,0,4,NaN
4,0,4,NaN
4,0,4,0.7925166447343686
4,0,4,0.6185582093370283
2,2,4,NaN
3,1,4,NaN
2,2,4,0.7332177371595686
2,2,4,NaN
1,3,4,0.6613966634587408
3,1,4,NaN
4,0,4,NaN
4,0,4,0.7332177371595686
3,1,4,0.043199805379105054
3,1,4,NaN
4,0,4,NaN
4,0,4,NaN
4,0,4,NaN
4,0,4,NaN
4,0,4,NaN
4,0,4,NaN
2,2,4,NaN
1,3,4,0.5757595332036677
2,2,4,NaN
3,1,4,0.7925166447343686
3,1,4,NaN
4,0,4,0.34926187684352356
4,0,4,0.001450341113107375
3,1,4,NaN
3,1,4,0.07633250114228259
1,3,4,NaN
1,3,4,0.43614794933242046
4,0,4,0.5817498556510571
3,1,4,NaN
3,1,4,NaN
3,1,4,NaN
3,1,4,0.08869205529953894
1,3,4,NaN
4,0,4,NaN
2,2,4,NaN
3,1,4,NaN
2,2,4,NaN
4,0,4,NaN
4,0,4,0.9614248710601718
2,2,4,0.29765660056058585
3,1,4,NaN
3,1,4,NaN
2,2,4,0.483768449142263
3,1,4,NaN
4,0,4,NaN
2,2,4,NaN
4,0,4,NaN
3,1,4,0.5757595332036677
2,2,4,0.390088581715401
2,2,4,0.6185582093370283
2,2,4,NaN
3,1,4,NaN
3,1,4,NaN
4,0,4,NaN
4,0,4,0.8770122193000203
3,1,4,0.08869205529953894
2,2,4,0.024681282185577427
2,2,4,NaN
4,0,4,0.43614794933242046
3,1,4,NaN
3,1,4,0.43614794933242046
4,0,4,NaN
1,3,4,NaN
4,0,4,NaN
2,2,4,0.6613966634587408
3,1,4,NaN
3,1,4,NaN
3,1,4,0.11835585687382275
3,1,4,NaN
3,1,4,0.9209789316492126
4,0,4,0.8185843942460208
4,0,4,0.6185582093370283
2,2,4,NaN
3,1,4,NaN
3,1,4,NaN
4,0,4,0.31128496075105533
3,1,4,NaN
2,2,4,0.531729986764269
1,3,4,NaN
2,2,4,0.043199805379105054
2,2,4,NaN
4,0,4,NaN
4,0,4,0.7641629005282548
3,1,4,NaN
4,0,4,NaN
4,0,4,0.14000969642532812
3,1,4,NaN
1,3,4,0.5977333675050649
3,1,4,NaN
4,0,4,NaN
2,2,4,NaN
3,1,4,0.7641629005282548
4,0,4,NaN
2,2,4,NaN
4,0,4,2.611366756424078e-7
3,1,4,0.43614794933242046
4,0,4,NaN
3,1,4,NaN
2,2,4,NaN
3,1,4,NaN
3,1,4,0.7641629005282548
3,1,4,NaN
1,3,4,0.007361087516149923
2,2,4,NaN
4,0,4,0.8395040133151549
2,2,4,NaN
2,2,4,NaN
4,0,4,0.15921953565114888
2,2,4,0.358509049423087
4,0,4,0.7641629005282548
2,2,4,0.3556246081561056
4,0,4,NaN
4,0,4,NaN
1,3,4,0.08869205529953894
1,3,4,0.23998440172325927
3,1,4,NaN
4,0,4,NaN
1,3,4,0.6185582093370283
4,0,4,0.0003297306122421771
2,2,4,NaN
3,1,4,NaN
2,2,4,0.06525587975951877
4,0,4,0.06525587975951877
2,2,4,NaN
4,0,4,NaN
4,0,4,0.390088581715401
4,0,4,0.043199805379105054
2,2,4,NaN
2,2,4,NaN
4,0,4,NaN
4,0,4,0.483768449142263
3,1,4,0.483768449142263
3,1,4,0.34926187684352356
4,0,4,NaN
3,1,4,NaN
3,1,4,NaN
4,0,4,NaN
3,1,4,0.6023092203525795
2,2,4,NaN
2,2,4,0.15921953565114888
3,1,4,NaN
3,1,4,NaN
3,1,4,0.8770122193000203
2,2,4,0.9079098270401949
4,0,4,0.18342590517711166
3,1,4,NaN
2,2,4,0.0026498773491703343
2,2,4,0.6301811406598739
1,3,4,NaN
2,2,4,0.34926187684352356
4,0,4,0.07775488792945527
2,2,4,NaN
3,1,4,NaN
4,0,4,NaN
2,2,4,NaN
2,2,4,0.027150137488542374
2,2,4,0.5757595332036677
4,0,4,NaN
2,2,4,0.7332177371595686
2,2,4,NaN
2,2,4,NaN
3,1,4,NaN
2,2,4,0.2736599385245901
2,2,4,NaN
4,0,4,0.7853387871763059
2,2,4,NaN
2,2,4,0.893076864532752
3,1,4,NaN
3,1,4,NaN
2,2,4,0.34926187684352356
3,1,4,0.34926187684352356
4,0,4,NaN
3,1,4,NaN
3,1,4,0.9304354529817301
2,2,4,NaN
1,3,4,NaN
2,2,4,0.31128496075105533
1,3,4,NaN
3,1,4,0.1376319999999998
2,2,4,NaN
4,0,4,0.9614248710601718
3,1,4,0.2736599385245901
4,0,4,NaN
2,2,4,NaN
4,0,4,NaN
1,3,4,NaN
4,0,4,NaN
1,3,4,NaN
3,1,4,NaN
2,2,4,NaN
4,0,4,NaN
1,3,4,NaN
4,0,4,NaN
4,0,4,NaN
2,2,4,0.32284114559254856
2,2,4,0.9079098270401949
4,0,4,NaN
3,1,4,0.1026612005498701
2,2,4,NaN
4,0,4,NaN
3,1,4,0.1026612005498701
3,1,4,NaN
2,2,4,0.5757595332036677
3,1,4,0.34926187684352356
4,0,4,0.8395040133151549
3,1,4,NaN
4,0,4,0.6185582093370283
1,3,4,0.7925166447343686
1,3,4,0.18342590517711166
4,0,4,NaN
2,2,4,0.43614794933242046
4,0,4,NaN
4,0,4,NaN
2,2,4,NaN
4,0,4,0.8770122193000203
4,0,4,NaN
4,0,4,NaN
1,3,4,0.531729986764269
3,1,4,0.9534153129152887
3,1,4,NaN
3,1,4,NaN
2,2,4,0.6613966634587408
3,1,4,NaN
2,2,4,NaN
2,2,4,NaN
4,0,4,NaN
2,2,4,0.893076864532752
3,1,4,NaN
2,2,4,NaN
4,0,4,0.20936945520216732
3,1,4,0.00829404517453861
2,2,4,NaN
4,0,4,NaN
4,0,4,NaN
3,1,4,NaN
3,1,4,NaN
4,0,4,0.531729986764269
3,1,4,NaN
1,3,4,0.0569687888815355
1,3,4,0.016627813551177786
2,2,4,0.04937587322664477
3,1,4,NaN
3,1,4,0.8597792096635031
1,3,4,0.022788573734112794
2,2,4,0.04937587322664477
3,1,4,NaN
2,2,4,NaN
2,2,4,NaN
4,0,4,NaN
2,2,4,NaN
2,2,4,NaN
4,0,4,0.980101638801523
4,0,4,NaN
2,2,4,NaN
4,0,4,NaN
4,0,4,NaN
2,2,4,NaN
1,3,4,NaN
1,3,4,NaN
2,2,4,NaN
3,1,4,0.23998440172325927
4,0,4,NaN
4,0,4,0.7641629005282548
1,3,4,0.23998440172325927
4,0,4,NaN
3,1,4,NaN
4,0,4,NaN
1,3,4,NaN
4,0,4,NaN
1,3,4,0.9686139634526727
2,2,4,NaN
4,0,4,NaN
4,0,4,NaN
3,1,4,NaN
4,0,4,NaN
3,1,4,NaN
4,0,4,NaN
3,1,4,0.7332177371595686
3,1,4,0.8597792096635031
3,1,4,0.23041708572373895
4,0,4,0.11835585687382275
3,1,4,0.0569687888815355
4,0,4,NaN
4,0,4,0.531729986764269
2,2,4,0.390088581715401
2,2,4,NaN
3,1,4,NaN
2,2,4,NaN
3,1,4,NaN
1,3,4,0.7925166447343686
2,2,4,0.9614248710601718
2,2,4,0.531729986764269
4,0,4,0.7925166447343686
3,1,4,NaN
3,1,4,0.31128496075105533
2,2,4,NaN
2,2,4,0.23998440172325927
1,3,4,0.5757595332036677
3,1,4,0.9433412321949546
4,0,4,NaN
3,1,4,NaN
1,3,4,NaN
2,2,4,NaN
2,2,4,0.6053452527694343
2,2,4,NaN
2,2,4,NaN
3,1,4,NaN
4,0,4,NaN
3,1,4,0.6990667746156102
1,3,4,NaN
4,0,4,NaN
3,1,4,0.6919790708884326
2,2,4,NaN
4,0,4,0.1026612005498701
3,1,4,NaN
2,2,4,NaN
3,1,4,NaN
2,2,4,NaN
2,2,4,NaN
4,0,4,NaN
2,2,4,0.23998440172325927
3,1,4,0.483768449142263
1,3,4,NaN
3,1,4,2.4622701062729635e-6
3,1,4,0.021027719654657672
4,0,4,0.5757595332036677
4,0,4,0.18342590517711166
2,2,4,NaN
4,0,4,NaN
3,1,4,NaN
3,1,4,NaN
1,3,4,0.7925166447343686
2,2,4,NaN
4,0,4,0.032139481746350076
4,0,4,0.07633250114228259
4,0,4,0.6990667746156102
3,1,4,NaN
4,0,4,0.5883669439917827
4,0,4,NaN
3,1,4,NaN
1,3,4,0.0019395151261962112
3,1,4,NaN
2,2,4,0.9326921332428637
3,1,4,0.8597792096635031
2,2,4,NaN
4,0,4,NaN
4,0,4,0.6613966634587408
3,1,4,NaN
1,3,4,NaN
3,1,4,NaN
4,0,4,0.03230741676234196
4,0,4,NaN
2,2,4,0.2736599385245901
3,1,4,NaN
2,2,4,NaN
4,0,4,NaN
2,2,4,NaN
2,2,4,0.43614794933242046
3,1,4,0.7925166447343686
3,1,4,NaN
4,0,4,NaN
1,3,4,NaN
1,3,4,0.8597792096635031
4,0,4,0.5757595332036677
3,1,4,NaN
2,2,4,0.11835585687382275
3,1,4,0.34926187684352356
3,1,4,NaN
4,0,4,NaN
4,0,4,NaN
3,1,4,NaN
4,0,4,0.3588212681525288
4,0,4,0.531729986764269
4,0,4,NaN
4,0,4,0.1026612005498701
3,1,4,0.6185582093370283
3,1,4,NaN
4,0,4,0.18320481795033483
1,3,4,NaN
1,3,4,NaN
4,0,4,0.7332177371595686
2,2,4,NaN
3,1,4,NaN
3,1,4,0.7332177371595686
2,2,4,NaN
2,2,4,NaN
4,0,4,NaN
4,0,4,NaN
3,1,4,NaN
3,1,4,0.44216672075199104
2,2,4,NaN
4,0,4,NaN
2,2,4,NaN
2,2,4,0.03782247324613561
3,1,4,NaN
2,2,4,0.09489636213688045
2,2,4,NaN
3,1,4,0.8395040133151549
1,3,4,NaN
2,2,4,NaN
3,1,4,0.6613966634587408
4,0,4,NaN
3,1,4,NaN
4,0,4,0.483768449142263
2,2,4,NaN
2,2,4,NaN
3,1,4,0.03782247324613561
4,0,4,0.016627813551177786
2,2,4,NaN
4,0,4,NaN
2,2,4,NaN
4,0,4,0.7641629005282548
1,3,4,NaN
2,2,4,NaN
3,1,4,0.027150137488542374
3,1,4,NaN
2,2,4,0.18342590517711166
2,2,4,0.5757595332036677
4,0,4,NaN
1,3,4,0.000750517455216115
3,1,4,NaN
4,0,4,NaN
2,2,4,0.8597792096635031
4,0,4,0.9919214683718085
1,3,4,NaN
3,1,4,NaN
2,2,4,0.022788573734112794
3,1,4,NaN
2,2,4,NaN
4,0,4,NaN
1,3,4,NaN
2,2,4,NaN
3,1,4,0.06525587975951877
3,1,4,0.9326921332428637
3,1,4,NaN
1,3,4,NaN
2,2,4,NaN
4,0,4,NaN
2,2,4,NaN
1,3,4,NaN
2,2,4,NaN
3,1,4,NaN
2,2,4,NaN
3,1,4,NaN
1,3,4,NaN
2,2,4,NaN
3,1,4,NaN
4,0,4,NaN
4,0,4,NaN
4,0,4,0.3680062425026455
3,1,4,0.8597792096635031
2,2,4,0.11835585687382275
2,2,4,0.06525587975951877
3,1,4,0.531729986764269
3,1,4,NaN
2,2,4,0.531729986764269
4,0,4,NaN
2,2,4,NaN
4,0,4,0.6185582093370283
4,0,4,NaN
4,0,4,NaN
3,1,4,0.5583214644790235
4,0,4,0.9686139634526727
2,2,4,0.9209789316492126
2,2,4,0.594719772931375
4,0,4,NaN
3,1,4,0.6990667746156102
2,2,4,NaN
3,1,4,NaN
4,0,4,0.6613966634587408
2,2,4,NaN
2,2,4,0.0021224835467672704
3,1,4,NaN
2,2,4,NaN
2,2,4,0.31128496075105533
3,1,4,NaN
3,1,4,0.009912176912471659
3,1,4,NaN
3,1,4,0.8770122193000203
4,0,4,0.7925166447343686
3,1,4,NaN
4,0,4,NaN
4,0,4,NaN
3,1,4,NaN
2,2,4,0.0014838096210776498
3,1,4,NaN
3,1,4,0.390088581715401
1,3,4,NaN
2,2,4,NaN
3,1,4,0.2736599385245901
4,0,4,0.893076864532752
4,0,4,NaN
4,0,4,0.022788573734112794
2,2,4,NaN
4,0,4,0.9326921332428637
2,2,4,0.13717722402408927
4,0,4,NaN
4,0,4,NaN
4,0,4,0.6185582093370283
4,0,4,NaN
2,2,4,0.0569687888815355
4,0,4,NaN
3,1,4,NaN
2,2,4,NaN
4,0,4,NaN
4,0,4,NaN
4,0,4,NaN
3,1,4,NaN
3,1,4,NaN
3,1,4,NaN
4,0,4,NaN
3,1,4,NaN
3,1,4,0.483768449142263
4,0,4,NaN
4,0,4,NaN
3,1,4,NaN
2,2,4,NaN
4,0,4,NaN
2,2,4,NaN
1,3,4,NaN
1,3,4,0.531729986764269
3,1,4,NaN
2,2,4,NaN
4,0,4,NaN
3,1,4,0.6990667746156102
3,1,4,NaN
2,2,4,NaN
4,0,4,NaN
4,0,4,0.7925166447343686
2,2,4,0.46273217217105916
4,0,4,NaN
4,0,4,NaN
4,0,4,NaN
2,2,4,0.0015684890878683204
1,3,4,0.8185843942460208
2,2,4,NaN
4,0,4,NaN
1,3,4,0.6185582093370283
1,3,4,NaN
2,2,4,NaN
2,2,4,NaN
4,0,4,NaN
2,2,4,0.6185582093370283
3,1,4,NaN
3,1,4,0.9079098270401949
4,0,4,0.6990667746156102
4,0,4,0.5757595332036677
3,1,4,0.032139481746350076
3,1,4,0.15921953565114888
3,1,4,0.6780839800039696
2,2,4,NaN
3,1,4,NaN
2,2,4,NaN
3,1,4,0.23998440172325927
3,1,4,NaN
2,2,4,NaN
1,3,4,NaN
4,0,4,0.07633250114228259
1,3,4,0.012022118863049316
3,1,4,0.6185582093370283
3,1,4,NaN
2,2,4,NaN
3,1,4,NaN
2,2,4,NaN
1,3,4,NaN
4,0,4,NaN
3,1,4,NaN
1,3,4,0.9686139634526727
4,0,4,NaN
2,2,4,0.5757595332036677
2,2,4,0.9326921332428637
2,2,4,NaN
1,3,4,NaN
4,0,4,NaN
4,0,4,NaN
2,2,4,NaN
2,2,4,NaN
2,2,4,0.15921953565114888
3,1,4,NaN
4,0,4,NaN
3,1,4,0.531729986764269
4,0,4,NaN
2,2,4,0.1376319999999998
2,2,4,NaN
1,3,4,NaN
3,1,4,NaN
4,0,4,NaN
3,1,4,0.6990667746156102
3,1,4,NaN
4,0,4,NaN
4,0,4,NaN
3,1,4,NaN
2,2,4,0.9326921332428637
3,1,4,NaN
4,0,4,NaN
3,1,4,NaN
4,0,4,0.31128496075105533
4,0,4,NaN
4,0,4,NaN
3,1,4,0.483768449142263
2,2,4,NaN
2,2,4,NaN
3,1,4,NaN
2,2,4,0.15921953565114888
3,1,4,0.531729986764269
3,1,4,0.18342590517711166
4,0,4,NaN
3,1,4,0.22885728268794472
4,0,4,0.9433412321949546
4,0,4,NaN
3,1,4,0.6613966634587408
4,0,4,NaN
3,1,4,NaN
4,0,4,0.20936945520216732
3,1,4,0.390088581715401
1,3,4,0.5757595332036677
3,1,4,NaN
4,0,4,NaN
4,0,4,NaN
4,0,4,0.34926187684352356
3,1,4,NaN
3,1,4,0.34926187684352356
4,0,4,0.07633250114228259
3,1,4,NaN
2,2,4,0.2736599385245901
2,2,4,0.23998440172325927
3,1,4,NaN
1,3,4,NaN
4,0,4,NaN
3,1,4,NaN
4,0,4,NaN
2,2,4,0.8185843942460208
2,2,4,0.010377450820540843
2,2,4,NaN
2,2,4,0.34926187684352356
3,1,4,0.9326921332428637
3,1,4,0.6990667746156102
3,1,4,NaN
2,2,4,0.23998440172325927
3,1,4,NaN
3,1,4,NaN
3,1,4,0.34926187684352356
4,0,4,NaN
2,2,4,0.11835585687382275
2,2,4,0.027988959395328916
4,0,4,0.022788573734112794
3,1,4,0.9848027522935779
3,1,4,NaN
2,2,4,NaN
2,2,4,NaN
3,1,4,0.8597792096635031
3,1,4,NaN
2,2,4,NaN
2,2,4,0.390088581715401
3,1,4,0.7332177371595686
3,1,4,0.6990667746156102
3,1,4,0.2736599385245901
4,0,4,NaN
4,0,4,0.7641629005282548
3,1,4,0.5757595332036677
3,1,4,NaN
3,1,4,0.022788573734112794
4,0,4,NaN
4,0,4,NaN
2,2,4,NaN
2,2,4,0.31128496075105533
2,2,4,0.6990667746156102
4,0,4,NaN
2,2,4,NaN
2,2,4,NaN
1,3,4,NaN
4,0,4,NaN
1,3,4,NaN
3,1,4,NaN
3,1,4,NaN
4,0,4,NaN
4,0,4,NaN
3,1,4,NaN
4,0,4,0.022788573734112794
3,1,4,NaN
1,3,4,NaN
1,3,4,0.6990667746156102
3,1,4,NaN
3,1,4,NaN
3,1,4,0.483768449142263
3,1,4,0.8770122193000203
4,0,4,0.9209789316492126
4,0,4,0.5763309333349705
3,1,4,NaN
3,1,4,NaN
3,1,4,NaN
2,2,4,0.43614794933242046
3,1,4,NaN
4,0,4,NaN
4,0,4,NaN
4,0,4,0.0569687888815355
2,2,4,NaN
4,0,4,0.9079098270401949
1,3,4,NaN
1,3,4,NaN
4,0,4,0.9079098270401949
3,1,4,0.20936945520216732
3,1,4,0.2736599385245901
3,1,4,0.20936945520216732
3,1,4,0.6185582093370283
4,0,4,NaN
4,0,4,0.815198130885064
3,1,4,NaN
3,1,4,0.06525587975951877
2,2,4,NaN
3,1,4,NaN
3,1,4,0.45574032487896876
3,1,4,0.8597792096635031
4,0,4,NaN
1,3,4,NaN
2,2,4,NaN
4,0,4,NaN
2,2,4,NaN
4,0,4,NaN
4,0,4,0.6185582093370283
3,1,4,NaN
1,3,4,0.390088581715401
4,0,4,0.5757595332036677
2,2,4,0.8395040133151549
4,0,4,NaN
3,1,4,0.43614794933242046
4,0,4,0.07633250114228259
4,0,4,NaN
3,1,4,NaN
1,3,4,0.009912176912471659
3,1,4,0.7332177371595686
3,1,4,0.9079098270401949
1,3,4,NaN
4,0,4,NaN
4,0,4,NaN
3,1,4,NaN
4,0,4,NaN
1,3,4,NaN
2,2,4,NaN
2,2,4,NaN
3,1,4,NaN
3,1,4,NaN
2,2,4,NaN
3,1,4,0.016627813551177786
3,1,4,NaN
2,2,4,NaN
4,0,4,NaN
4,0,4,NaN
2,2,4,NaN
2,2,4,0.7332177371595686
1,3,4,0.02176807899862826
4,0,4,NaN
4,0,4,0.5378931731221492
3,1,4,NaN
2,2,4,NaN
3,1,4,NaN
4,0,4,0.8770122193000203
3,1,4,NaN
2,2,4,0.34926187684352356
1,3,4,0.03230741676234196
4,0,4,NaN
4,0,4,0.31128496075105533
3,1,4,0.08869205529953894
4,0,4,NaN
3,1,4,NaN
3,1,4,0.18342590517711166
4,0,4,NaN
3,1,4,NaN
4,0,4,NaN
2,2,4,NaN
3,1,4,0.1376319999999998
4,0,4,NaN
2,2,4,0.7641629005282548
3,1,4,NaN
3,1,4,0.6990667746156102
3,1,4,NaN
4,0,4,NaN
3,1,4,0.043199805379105054
4,0,4,NaN
4,0,4,NaN
3,1,4,0.20936945520216732
3,1,4,NaN
2,2,4,NaN
3,1,4,0.9848027522935779
2,2,4,NaN
2,2,4,0.8395040133151549
4,0,4,NaN
3,1,4,0.05448403456382014
2,2,4,NaN
3,1,4,NaN
4,0,4,0.43614794933242046
3,1,4,NaN
2,2,4,NaN
4,0,4,NaN
4,0,4,NaN
4,0,4,NaN
3,1,4,NaN
4,0,4,0.9209789316492126
3,1,4,NaN
4,0,4,0.20936945520216732
2,2,4,0.8770122193000203
4,0,4,NaN
1,3,4,NaN
1,3,4,NaN
4,0,4,NaN
4,0,4,0.043199805379105054
2,2,4,0.7332177371595686
2,2,4,NaN
4,0,4,0.7925166447343686
1,3,4,0.31128496075105533
3,1,4,NaN
4,0,4,0.43614794933242046
2,2,4,0.08869205529953894
3,1,4,NaN
4,0,4,0.014302811501596825
1,3,4,NaN
4,0,4,NaN
2,2,4,NaN
3,1,4,NaN
4,0,4,0.2294986141883395
3,1,4,NaN
4,0,4,NaN
4,0,4,NaN
1,3,4,0.8597792096635031
1,3,4,NaN
1,3,4,NaN
4,0,4,NaN
4,0,4,0.0569687888815355
3,1,4,NaN
3,1,4,NaN
2,2,4,0.6185582093370283
3,1,4,NaN
1,3,4,NaN
2,2,4,NaN
2,2,4,NaN
3,1,4,NaN
2,2,4,NaN
1,3,4,0.7332177371595686
4,0,4,NaN
3,1,4,0.23998440172325927
3,1,4,NaN
4,0,4,0.7925166447343686
4,0,4,NaN
3,1,4,0.7332177371595686
2,2,4,NaN
1,3,4,NaN
3,1,4,NaN
3,1,4,NaN
3,1,4,0.04937587322664477
4,0,4,NaN
2,2,4,NaN
3,1,4,NaN
3,1,4,NaN
3,1,4,NaN
4,0,4,NaN
3,1,4,NaN
3,1,4,NaN
2,2,4,NaN
2,2,4,0.34926187684352356
4,0,4,NaN
3,1,4,NaN
4,0,4,NaN
3,1,4,NaN
2,2,4,0.1378181939150863
4,0,4,NaN
4,0,4,NaN
2,2,4,NaN
4,0,4,NaN
3,1,4,0.03514076963132936
2,2,4,0.027150137488542374
1,3,4,0.34926187684352356
3,1,4,0.23998440172325927
3,1,4,NaN
4,0,4,NaN
4,0,4,0.04937587322664477
3,1,4,0.43614794933242046
4,0,4,0.43614794933242046
3,1,4,NaN
2,2,4,0.18342590517711166
3,1,4,NaN
3,1,4,NaN
2,2,4,NaN
2,2,4,NaN
2,2,4,NaN
4,0,4,NaN
2,2,4,0.20347337301016935
1,3,4,NaN
4,0,4,0.0569687888815355
2,2,4,0.043199805379105054
2,2,4,0.6185582093370283
4,0,4,NaN
4,0,4,0.34926187684352356
1,3,4,0.5757595332036677
2,2,4,NaN
4,0,4,NaN
2,2,4,0.893076864532752
4,0,4,0.8597792096635031
2,2,4,0.6185582093370283
3,1,4,0.043199805379105054
3,1,4,0.7641629005282548
2,2,4,0.531729986764269
1,3,4,NaN
3,1,4,NaN
1,3,4,NaN
4,0,4,NaN
1,3,4,0.1026612005498701
4,0,4,0.43614794933242046
2,2,4,0.7332177371595686
3,1,4,NaN
3,1,4,0.531729986764269
3,1,4,NaN
2,2,4,NaN
3,1,4,0.20936945520216732
4,0,4,NaN
4,0,4,0.10977861845599739
3,1,4,NaN
4,0,4,NaN
4,0,4,NaN
3,1,4,0.016627813551177786
4,0,4,NaN
4,0,4,0.11835585687382275
3,1,4,0.8597792096635031
3,1,4,0.018069259554969404
3,1,4,NaN
1,3,4,NaN
2,2,4,0.5763309333349705
4,0,4,0.0569687888815355
2,2,4,NaN
4,0,4,NaN
4,0,4,NaN
2,2,4,NaN
4,0,4,0.6613966634587408
3,1,4,0.9209789316492126
1,3,4,NaN
4,0,4,NaN
1,3,4,0.18342590517711166
2,2,4,NaN
1,3,4,NaN
4,0,4,NaN
1,3,4,NaN
2,2,4,0.6185582093370283
4,0,4,NaN
3,1,4,NaN
2,2,4,NaN
4,0,4,NaN
3,1,4,0.531729986764269
3,1,4,0.6990667746156102
3,1,4,NaN
3,1,4,NaN
3,1,4,NaN
4,0,4,0.893076864532752
2,2,4,0.9534153129152887
1,3,4,NaN
3,1,4,NaN
3,1,4,NaN
4,0,4,NaN
1,3,4,0.7925166447343686
4,0,4,NaN
4,0,4,NaN
3,1,4,0.6185582093370283
1,3,4,NaN
4,0,4,NaN
1,3,4,NaN
1,3,4,0.390088581715401
4,0,4,NaN
2,2,4,0.03230741676234196
3,1,4,0.20936945520216732
2,2,4,0.8266459162027727
4,0,4,NaN
3,1,4,0.483768449142263
2,2,4,NaN
3,1,4,0.8185843942460208
2,2,4,NaN
3,1,4,0.7641629005282548
3,1,4,NaN
3,1,4,0.1026612005498701
1,3,4,NaN
3,1,4,NaN
4,0,4,NaN
1,3,4,NaN
4,0,4,0.9326921332428637
4,0,4,NaN
3,1,4,NaN
4,0,4,0.20936945520216732
4,0,4,0.016627813551177786
3,1,4,NaN
4,0,4,NaN
3,1,4,NaN
1,3,4,NaN
2,2,4,NaN
3,1,4,NaN
4,0,4,NaN
2,2,4,NaN
4,0,4,NaN
3,1,4,NaN
2,2,4,NaN
3,1,4,0.6990667746156102
3,1,4,NaN
2,2,4,NaN
2,2,4,NaN
2,2,4,NaN
1,3,4,0.20936945520216732
2,2,4,0.7925166447343686
2,2,4,NaN
3,1,4,NaN
3,1,4,NaN
4,0,4,NaN
3,1,4,NaN
4,0,4,NaN
4,0,4,0.20936945520216732
4,0,4,NaN
3,1,4,0.7641629005282548
4,0,4,NaN
4,0,4,0.1376319999999998
4,0,4,NaN
3,1,4,0.9079098270401949
2,2,4,NaN
2,2,4,0.7641629005282548
2,2,4,NaN
3,1,4,NaN
4,0,4,0.9326921332428637
3,1,4,NaN
4,0,4,0.893076864532752
4,0,4,0.6990667746156102
4,0,4,0.5339001759093379
4,0,4,NaN
2,2,4,0.6990667746156102
4,0,4,0.6613966634587408
2,2,4,NaN
4,0,4,0.8770122193000203
1,3,4,0.18342590517711166
4,0,4,NaN
3,1,4,NaN
3,1,4,NaN
4,0,4,0.6613966634587408
2,2,4,NaN
4,0,4,NaN
2,2,4,NaN
4,0,4,NaN
4,0,4,0.6185582093370283
3,1,4,NaN
4,0,4,NaN
4,0,4,NaN
2,2,4,0.9079098270401949
2,2,4,NaN
2,2,4,NaN
3,1,4,NaN
1,3,4,0.5757595332036677
4,0,4,0.8395040133151549
3,1,4,NaN
2,2,4,0.20936945520216732
2,2,4,NaN
2,2,4,0.014302811501596825
3,1,4,0.03782247324613561
1,3,4,NaN
3,1,4,NaN
2,2,4,NaN
4,0,4,0.2736599385245901
3,1,4,0.20936945520216732
1,3,4,0.9686139634526727
3,1,4,NaN
4,0,4,NaN
1,3,4,NaN
3,1,4,0.6613966634587408
3,1,4,0.531729986764269
1,3,4,NaN
1,3,4,0.1376319999999998
3,1,4,NaN
3,1,4,NaN
3,1,4,0.9433412321949546
3,1,4,0.08869205529953894
1,3,4,0.7517821915131709
3,1,4,NaN
4,0,4,0.9765128773947407
2,2,4,NaN
4,0,4,NaN
1,3,4,NaN
4,0,4,NaN
3,1,4,NaN
1,3,4,NaN
3,1,4,NaN
1,3,4,NaN
3,1,4,0.20936945520216732
3,1,4,NaN
4,0,4,NaN
3,1,4,0.7332177371595686
2,2,4,0.5605686154146111
2,2,4,0.6613966634587408
3,1,4,0.8597792096635031
4,0,4,0.014302811501596825
1,3,4,NaN
2,2,4,NaN
4,0,4,0.893076864532752
4,0,4,NaN
4,0,4,NaN
2,2,4,0.8770122193000203
2,2,4,NaN
4,0,4,0.42027895701670015
2,2,4,NaN
3,1,4,0.18342590517711166
2,2,4,0.6185582093370283
3,1,4,NaN
4,0,4,NaN
3,1,4,0.8185843942460208
1,3,4,NaN
2,2,4,NaN
3,1,4,0.022788573734112794
1,3,4,0.15921953565114888
1,3,4,NaN
4,0,4,0.06525587975951877
4,0,4,NaN
3,1,4,NaN
4,0,4,NaN
4,0,4,0.43614794933242046
3,1,4,0.15921953565114888
1,3,4,0.2736599385245901
2,2,4,0.18342590517711166
3,1,4,NaN
1,3,4,NaN
3,1,4,NaN
2,2,4,NaN
1,3,4,NaN
1,3,4,0.07633250114228259
4,0,4,0.1376319999999998
2,2,4,NaN
4,0,4,0.08869205529953894
2,2,4,NaN
2,2,4,NaN
3,1,4,NaN
4,0,4,NaN
2,2,4,NaN
4,0,4,NaN
2,2,4,0.43577762349235377
4,0,4,NaN
4,0,4,NaN
4,0,4,NaN
4,0,4,NaN
4,0,4,NaN
4,0,4,0.18342590517711166
1,3,4,NaN
1,3,4,NaN
4,0,4,0.8597792096635031
1,3,4,0.015954486747247996
2,2,4,0.18342590517711166
4,0,4,NaN
2,2,4,0.390088581715401
2,2,4,0.0018287266553498765
2,2,4,NaN
3,1,4,NaN
3,1,4,NaN
3,1,4,0.5757595332036677
2,2,4,NaN
1,3,4,0.9848027522935779
1,3,4,NaN
2,2,4,NaN
2,2,4,NaN
4,0,4,NaN
3,1,4,NaN
3,1,4,0.6613966634587408
2,2,4,NaN
1,3,4,NaN
3,1,4,0.7925166447343686
4,0,4,NaN
4,0,4,NaN
4,0,4,NaN
3,1,4,0.390088581715401
2,2,4,NaN
4,0,4,0.8395040133151549
3,1,4,NaN
4,0,4,NaN
3,1,4,NaN
2,2,4,NaN
4,0,4,0.20936945520216732
3,1,4,0.390088581715401
1,3,4,0.531729986764269
3,1,4,0.8185843942460208
4,0,4,0.1376319999999998
4,0,4,NaN
1,3,4,NaN
4,0,4,NaN
1,3,4,0.483768449142263
4,0,4,NaN
3,1,4,0.8395040133151549
4,0,4,0.23998440172325927
3,1,4,NaN
1,3,4,NaN
2,2,4,NaN
2,2,4,0.7332177371595686
4,0,4,NaN
1,3,4,NaN
3,1,4,0.03782247324613561
2,2,4,NaN
4,0,4,NaN
1,3,4,0.20936945520216732
2,2,4,0.7925166447343686
4,0,4,0.9326921332428637
2,2,4,NaN
2,2,4,NaN
1,3,4,NaN
2,2,4,NaN
4,0,4,NaN
1,3,4,NaN
2,2,4,NaN
4,0,4,NaN
4,0,4,0.1376319999999998
1,3,4,NaN
3,1,4,NaN
1,3,4,0.18342590517711166
1,3,4,NaN
3,1,4,NaN
3,1,4,0.11835585687382275
2,2,4,NaN
4,0,4,0.8597792096635031
3,1,4,NaN
2,2,4,NaN
4,0,4,NaN
3,1,4,NaN
3,1,4,0.6613966634587408
4,0,4,0.5170897945552569
4,0,4,0.7332177371595686
4,0,4,NaN
2,2,4,NaN
2,2,4,0.23998440172325927
2,2,4,NaN
3,1,4,0.390088581715401
2,2,4,0.03782247324613561
1,3,4,NaN
1,3,4,NaN
2,2,4,NaN
3,1,4,NaN
2,2,4,NaN
2,2,4,0.531729986764269
3,1,4,0.7762287085060164
2,2,4,0.23998440172325927
4,0,4,NaN
4,0,4,NaN
4,0,4,0.43614794933242046
4,0,4,NaN
1,3,4,NaN
3,1,4,NaN
2,2,4,0.31128496075105533
4,0,4,NaN
2,2,4,NaN
1,3,4,0.5757595332036677
2,2,4,NaN
2,2,4,NaN
3,1,4,NaN
4,0,4,NaN
2,2,4,NaN
4,0,4,0.5757595332036677
1,3,4,NaN
4,0,4,0.1026612005498701
1,3,4,0.9079098270401949
2,2,4,0.6613966634587408
4,0,4,NaN
3,1,4,0.09854884821003919
3,1,4,0.016627813551177786
2,2,4,NaN
4,0,4,0.6990667746156102
1,3,4,0.1376319999999998
4,0,4,NaN
2,2,4,NaN
3,1,4,NaN
2,2,4,NaN
2,2,4,0.9534153129152887
3,1,4,0.6613966634587408
3,1,4,NaN
4,0,4,NaN
3,1,4,NaN
4,0,4,NaN
3,1,4,0.31128496075105533
3,1,4,NaN
4,0,4,NaN
2,2,4,0.6613966634587408
3,1,4,0.06525587975951877
2,2,4,0.6613966634587408
1,3,4,0.9919214683718085
2,2,4,NaN
4,0,4,NaN
4,0,4,NaN
3,1,4,0.9079098270401949
4,0,4,0.17799010936431886
2,2,4,NaN
1,3,4,0.483768449142263
2,2,4,0.035341990487559045
2,2,4,NaN
3,1,4,0.9686139634526727
4,0,4,NaN
1,3,4,NaN
3,1,4,0.7332177371595686
2,2,4,NaN
4,0,4,0.0096621118153646
1,3,4,NaN
4,0,4,NaN
3,1,4,NaN
2,2,4,NaN
4,0,4,0.6613966634587408
2,2,4,0.008030486211029648
2,2,4,NaN
3,1,4,NaN
3,1,4,0.07633250114228259
2,2,4,0.8107805919005688
4,0,4,NaN
2,2,4,0.8395040133151549
2,2,4,NaN
1,3,4,NaN
3,1,4,NaN
3,1,4,0.43614794933242046
2,2,4,0.31128496075105533
2,2,4,0.390088581715401
2,2,4,0.43614794933242046
3,1,4,NaN
4,0,4,NaN
2,2,4,NaN
3,1,4,0.483768449142263
3,1,4,NaN
3,1,4,0.6990667746156102
2,2,4,NaN
1,3,4,NaN
2,2,4,0.1026612005498701
4,0,4,0.6990667746156102
4,0,4,NaN
2,2,4,NaN
3,1,4,NaN
2,2,4,NaN
2,2,4,NaN
2,2,4,0.8252203372821871
2,2,4,NaN
1,3,4,0.31128496075105533
4,0,4,0.8185843942460208
4,0,4,NaN
3,1,4,NaN
3,1,4,0.09465463737610944
4,0,4,0.5757595332036677
4,0,4,NaN
3,1,4,NaN
4,0,4,NaN
2,2,4,NaN
3,1,4,0.04937587322664477
2,2,4,NaN
4,0,4,NaN
3,1,4,NaN
1,3,4,NaN
1,3,4,NaN
3,1,4,NaN
1,3,4,NaN
4,0,4,NaN
4,0,4,0.34926187684352356
3,1,4,NaN
4,0,4,0.9919214683718085
3,1,4,NaN
4,0,4,0.8597792096635031
1,3,4,NaN
1,3,4,0.8597792096635031
4,0,4,NaN
4,0,4,NaN
2,2,4,0.07633250114228259
4,0,4,NaN
2,2,4,0.6990667746156102
2,2,4,NaN
1,3,4,NaN
2,2,4,NaN
3,1,4,0.43174600823559717
2,2,4,NaN
3,1,4,NaN
1,3,4,NaN
4,0,4,NaN
4,0,4,0.7925166447343686
4,0,4,0.668710119804481
2,2,4,NaN
2,2,4,0.07633250114228259
3,1,4,0.012022118863049316
3,1,4,NaN
2,2,4,NaN
2,2,4,NaN
4,0,4,NaN
2,2,4,NaN
1,3,4,NaN
1,3,4,0.8597792096635031
2,2,4,NaN
1,3,4,NaN
4,0,4,NaN
1,3,4,NaN
4,0,4,0.2736599385245901
4,0,4,NaN
1,3,4,NaN
4,0,4,0.34926187684352356
2,2,4,NaN
1,3,4,NaN
1,3,4,0.7196181145344687
3,1,4,0.390088581715401
3,1,4,NaN
2,2,4,NaN
2,2,4,0.7332177371595686
4,0,4,NaN
2,2,4,NaN
4,0,4,NaN
4,0,4,NaN
3,1,4,0.531729986764269
3,1,4,0.9534153129152887
3,1,4,NaN
2,2,4,NaN
2,2,4,0.15921953565114888
3,1,4,NaN
3,1,4,NaN
3,1,4,0.1026612005498701
1,3,4,NaN
1,3,4,0.18342590517711166
1,3,4,NaN
3,1,4,NaN
3,1,4,0.390088581715401
2,2,4,0.07633250114228259
4,0,4,0.31128496075105533
3,1,4,0.019519080662983124
1,3,4,NaN
4,0,4,0.1026612005498701
3,1,4,NaN
3,1,4,NaN
1,3,4,NaN
2,2,4,NaN
3,1,4,NaN
3,1,4,0.07660895385158058
4,0,4,NaN
1,3,4,0.390088581715401
4,0,4,NaN
4,0,4,0.027150137488542374
2,2,4,NaN
4,0,4,0.23998440172325927
1,3,4,0.6613966634587408
3,1,4,NaN
3,1,4,NaN
1,3,4,NaN
3,1,4,0.3924605656050917
1,3,4,0.9209789316492126
2,2,4,NaN
1,3,4,0.6990667746156102
3,1,4,0.007003252747251538
1,3,4,NaN
2,2,4,0.390088581715401
3,1,4,NaN
4,0,4,NaN
2,2,4,NaN
3,1,4,NaN
3,1,4,NaN
3,1,4,NaN
1,3,4,0.34926187684352356
4,0,4,0.6990667746156102
1,3,4,NaN
4,0,4,NaN
2,2,4,0.31128496075105533
2,2,4,0.6385950555201507
2,2,4,NaN
3,1,4,0.20936945520216732
1,3,4,0.014302811501596825
2,2,4,0.8031960249980263
3,1,4,0.7470239550011291
4,0,4,NaN
2,2,4,NaN
1,3,4,NaN
3,1,4,0.9888383068434982
4,0,4,NaN
2,2,4,NaN
4,0,4,0.483768449142263
1,3,4,NaN
2,2,4,0.04937587322664477
4,0,4,NaN
3,1,4,0.11835585687382275
4,0,4,NaN
4,0,4,NaN
3,1,4,0.6185582093370283
4,0,4,NaN
1,3,4,NaN
4,0,4,NaN
3,1,4,NaN
3,1,4,0.15921953565114888
2,2,4,0.531729986764269
4,0,4,NaN
2,2,4,NaN
2,2,4,0.34926187684352356
4,0,4,NaN
4,0,4,0.11835585687382275
4,0,4,0.009912176912471659
2,2,4,NaN
4,0,4,0.1376319999999998
3,1,4,NaN
2,2,4,NaN
1,3,4,0.5757595332036677
2,2,4,NaN
4,0,4,NaN
4,0,4,NaN
2,2,4,NaN
2,2,4,NaN
2,2,4,NaN
3,1,4,NaN
2,2,4,0.5212534833146459
2,2,4,0.893076864532752
4,0,4,NaN
2,2,4,0.03230741676234196
2,2,4,0.483768449142263
1,3,4,NaN
4,0,4,NaN
1,3,4,0.1376319999999998
2,2,4,0.7925166447343686
1,3,4,NaN
3,1,4,NaN
4,0,4,NaN
4,0,4,0.18342590517711166
3,1,4,NaN
3,1,4,NaN
4,0,4,0.9433412321949546
2,2,4,NaN
3,1,4,NaN
2,2,4,NaN
1,3,4,NaN
2,2,4,NaN
2,2,4,NaN
3,1,4,NaN
2,2,4,0.8185843942460208
1,3,4,0.20936945520216732
4,0,4,NaN
4,0,4,0.390088581715401
4,0,4,0.2923067297223037
3,1,4,0.483768449142263
3,1,4,NaN
3,1,4,0.6990667746156102
3,1,4,0.34926187684352356
4,0,4,NaN
3,1,4,NaN
4,0,4,NaN
3,1,4,NaN
4,0,4,NaN
4,0,4,NaN
3,1,4,0.11835585687382275
2,2,4,0.022788573734112794
4,0,4,0.9928231507912961
2,2,4,NaN
2,2,4,NaN
4,0,4,NaN
2,2,4,0.043199805379105054
2,2,4,0.5757595332036677
2,2,4,NaN
3,1,4,NaN
2,2,4,NaN
4,0,4,NaN
3,1,4,NaN
2,2,4,NaN
4,0,4,0.9534153129152887
4,0,4,0.6613966634587408
1,3,4,NaN
3,1,4,NaN
2,2,4,NaN
4,0,4,NaN
4,0,4,NaN
2,2,4,0.5605686154146111
2,2,4,NaN
4,0,4,NaN
3,1,4,NaN
4,0,4,NaN
1,3,4,NaN
4,0,4,NaN
3,1,4,0.7641629005282548
4,0,4,0.43614794933242046
2,2,4,NaN
2,2,4,0.9919214683718085
3,1,4,0.1026612005498701
1,3,4,0.8354695659274475
3,1,4,NaN
4,0,4,0.016627813551177786
2,2,4,0.6613966634587408
2,2,4,0.7332177371595686
3,1,4,0.6990667746156102
2,2,4,0.20936945520216732
3,1,4,0.531729986764269
2,2,4,NaN
4,0,4,0.0569687888815355
4,0,4,NaN
2,2,4,NaN
4,0,4,0.7925166447343686
2,2,4,NaN
2,2,4,0.012556857592983518
3,1,4,0.15921953565114888
3,1,4,0.9747128701728911
2,2,4,0.9209789316492126
4,0,4,NaN
4,0,4,NaN
1,3,4,NaN
3,1,4,NaN
3,1,4,NaN
2,2,4,NaN
4,0,4,NaN
4,0,4,NaN
3,1,4,NaN
2,2,4,0.6613966634587408
3,1,4,0.8770122193000203
3,1,4,0.1026612005498701
1,3,4,0.8185843942460208
2,2,4,NaN
1,3,4,NaN
3,1,4,NaN
3,1,4,0.9686139634526727
4,0,4,NaN
3,1,4,NaN
3,1,4,NaN
4,0,4,0.9686139634526727
3,1,4,NaN
4,0,4,NaN
2,2,4,0.7641629005282548
2,2,4,NaN
2,2,4,0.23998440172325927
2,2,4,NaN
3,1,4,NaN
4,0,4,0.0569687888815355
4,0,4,0.20936945520216732
1,3,4,NaN
2,2,4,NaN
4,0,4,NaN
1,3,4,NaN
4,0,4,NaN
2,2,4,NaN
3,1,4,NaN
2,2,4,NaN
3,1,4,0.8597792096635031
3,1,4,NaN
3,1,4,0.9848027522935779
3,1,4,0.23998440172325927
2,2,4,NaN
1,3,4,0.43614794933242046
4,0,4,0.7925166447343686
2,2,4,0.6613966634587408
2,2,4,NaN
2,2,4,NaN
4,0,4,NaN
3,1,4,NaN
2,2,4,NaN
4,0,4,NaN
3,1,4,0.6613966634587408
2,2,4,0.6185582093370283
4,0,4,NaN
3,1,4,0.31128496075105533
1,3,4,NaN
1,3,4,0.43614794933242046
3,1,4,NaN
4,0,4,0.15921953565114888
1,3,4,0.17651310440536505
2,2,4,NaN
4,0,4,0.31128496075105533
3,1,4,0.5757595332036677
3,1,4,0.20936945520216732
1,3,4,NaN
4,0,4,0.34926187684352356
2,2,4,NaN
3,1,4,NaN
2,2,4,NaN
1,3,4,NaN
4,0,4,NaN
3,1,4,0.8395040133151549
3,1,4,0.390088581715401
3,1,4,NaN
1,3,4,NaN
4,0,4,0.531729986764269
3,1,4,NaN
4,0,4,NaN
1,3,4,NaN
3,1,4,NaN
2,2,4,NaN
3,1,4,NaN
1,3,4,0.08869205529953894
4,0,4,0.7641629005282548
4,0,4,NaN
1,3,4,NaN
2,2,4,NaN
4,0,4,0.8395040133151549
3,1,4,NaN
2,2,4,NaN
3,1,4,0.31128496075105533
1,3,4,0.43614794933242046
2,2,4,NaN
1,3,4,0.11835585687382275
2,2,4,0.6990667746156102
3,1,4,NaN
3,1,4,0.7641629005282548
3,1,4,NaN
3,1,4,NaN
1,3,4,0.8597792096635031
2,2,4,0.043199805379105054
3,1,4,0.6185582093370283
3,1,4,0.8770122193000203
2,2,4,NaN
3,1,4,NaN
3,1,4,0.012022118863049316
4,0,4,NaN
2,2,4,NaN
1,3,4,0.9534153129152887
1,3,4,0.11835585687382275
2,2,4,NaN
2,2,4,0.8597792096635031
3,1,4,NaN
1,3,4,NaN
2,2,4,0.23998440172325927
4,0,4,NaN
3,1,4,NaN
4,0,4,0.18342590517711166
1,3,4,NaN
1,3,4,0.9534153129152887
4,0,4,NaN
3,1,4,NaN
2,2,4,NaN
2,2,4,0.9614248710601718
3,1,4,0.531729986764269
2,2,4,NaN
4,0,4,NaN
2,2,4,NaN
3,1,4,NaN
4,0,4,NaN
2,2,4,0.2736599385245901
3,1,4,0.6613966634587408
1,3,4,0.8185843942460208
3,1,4,0.8395040133151549
2,2,4,0.5757595332036677
1,3,4,NaN
3,1,4,NaN
2,2,4,0.7332177371595686
1,3,4,NaN
3,1,4,0.390088581715401
3,1,4,NaN
2,2,4,NaN
3,1,4,NaN
4,0,4,0.9209789316492126
1,3,4,NaN
3,1,4,0.9209789316492126
4,0,4,NaN
3,1,4,0.483768449142263
4,0,4,NaN
1,3,4,0.31128496075105533
3,1,4,NaN
3,1,4,0.31128496075105533
1,3,4,0.9209789316492126
3,1,4,0.5603587025145731
3,1,4,NaN
3,1,4,NaN
4,0,4,0.009912176912471659
2,2,4,NaN
1,3,4,NaN
3,1,4,NaN
3,1,4,0.31128496075105533
1,3,4,NaN
4,0,4,NaN
1,3,4,NaN
3,1,4,0.08869205529953894
2,2,4,NaN
2,2,4,0.03230741676234196
1,3,4,0.9079098270401949
3,1,4,NaN
3,1,4,NaN
4,0,4,NaN
2,2,4,0.8152766217990904
3,1,4,NaN
2,2,4,NaN
3,1,4,NaN
2,2,4,0.06525587975951877
4,0,4,0.2736599385245901
4,0,4,NaN
3,1,4,0.43614794933242046
3,1,4,0.34926187684352356
4,0,4,NaN
2,2,4,0.9404834259610766
4,0,4,NaN
1,3,4,NaN
3,1,4,NaN
4,0,4,NaN
3,1,4,NaN
3,1,4,NaN
3,1,4,NaN
4,0,4,NaN
3,1,4,NaN
4,0,4,NaN
1,3,4,NaN
4,0,4,NaN
4,0,4,0.5336460865277942
2,2,4,NaN
2,2,4,NaN
2,2,4,NaN
3,1,4,NaN
4,0,4,0.23998440172325927
3,1,4,0.18342590517711166
4,0,4,NaN
3,1,4,0.7332177371595686
4,0,4,0.012022118863049316
4,0,4,NaN
2,2,4,0.390088581715401
2,2,4,NaN
4,0,4,NaN
2,2,4,NaN
1,3,4,NaN
2,2,4,0.027150137488542374
3,1,4,0.6613966634587408
4,0,4,0.9079098270401949
2,2,4,NaN
1,3,4,0.5757595332036677
1,3,4,NaN
2,2,4,NaN
1,3,4,0.9079098270401949
3,1,4,0.027150137488542374
2,2,4,0.03230741676234196
2,2,4,NaN
3,1,4,0.2736599385245901
2,2,4,NaN
1,3,4,0.6990667746156102
4,0,4,NaN
3,1,4,NaN
2,2,4,0.6613966634587408
2,2,4,NaN
4,0,4,NaN
1,3,4,NaN
4,0,4,NaN
1,3,4,NaN
3,1,4,0.34926187684352356
2,2,4,NaN
2,2,4,NaN
4,0,4,NaN
1,3,4,0.6613966634587408
2,2,4,0.019519080662983124
2,2,4,NaN
2,2,4,0.8185843942460208
1,3,4,NaN
3,1,4,0.9747128701728911
4,0,4,NaN
3,1,4,NaN
1,3,4,0.6615619216252306
4,0,4,NaN
1,3,4,NaN
2,2,4,NaN
2,2,4,NaN
1,3,4,0.0011689227187490039
3,1,4,NaN
3,1,4,NaN
1,3,4,NaN
4,0,4,0.43614794933242046
2,2,4,NaN
3,1,4,0.2736599385245901
2,2,4,NaN
1,3,4,0.6019878219620477
3,1,4,NaN
4,0,4,0.5757595332036677
2,2,4,0.9433412321949546
3,1,4,NaN
2,2,4,0.15921953565114888
2,2,4,0.893076864532752
3,1,4,0.08869205529953894
2,2,4,0.20936945520216732
1,3,4,NaN
3,1,4,0.6185582093370283
1,3,4,NaN
4,0,4,NaN
2,2,4,NaN
3,1,4,0.9747128701728911
4,0,4,NaN
3,1,4,0.0569687888815355
2,2,4,0.7641629005282548
2,2,4,NaN
3,1,4,NaN
4,0,4,NaN
3,1,4,0.11835585687382275
3,1,4,0.016627813551177786
3,1,4,NaN
2,2,4,0.1026612005498701
2,2,4,NaN
4,0,4,0.23998440172325927
2,2,4,NaN
1,3,4,0.9888383068434982
4,0,4,NaN
4,0,4,0.6613966634587408
1,3,4,0.34926187684352356
2,2,4,0.31128496075105533
2,2,4,0.6315951511593274
2,2,4,NaN
1,3,4,0.6990667746156102
3,1,4,NaN
2,2,4,NaN
4,0,4,0.23998440172325927
3,1,4,0.43614794933242046
2,2,4,0.1376319999999998
3,1,4,0.893076864532752
2,2,4,NaN
1,3,4,NaN
2,2,4,NaN
2,2,4,0.07343400068766491
4,0,4,0.1026612005498701
4,0,4,NaN
1,3,4,0.9747128701728911
2,2,4,0.047807440653218514
4,0,4,0.23998440172325927
4,0,4,NaN
3,1,4,0.9209789316492126
3,1,4,NaN
4,0,4,NaN
2,2,4,NaN
2,2,4,0.6185582093370283
4,0,4,NaN
4,0,4,NaN
3,1,4,1.9638787070373566e-6
1,3,4,NaN
3,1,4,NaN
3,1,4,0.34926187684352356
2,2,4,NaN
3,1,4,0.8332391049900479
3,1,4,0.531729986764269
4,0,4,NaN
2,2,4,0.483768449142263
1,3,4,NaN
1,3,4,NaN
2,2,4,0.9433412321949546
2,2,4,NaN
1,3,4,0.6990667746156102
2,2,4,NaN
1,3,4,0.06305214231327554
4,0,4,0.5757595332036677
4,0,4,0.9614248710601718
3,1,4,NaN
2,2,4,0.7641629005282548
2,2,4,0.43359950093236205
2,2,4,NaN
3,1,4,NaN
1,3,4,NaN
2,2,4,NaN
1,3,4,NaN
1,3,4,NaN
1,3,4,0.8266459162027727
2,2,4,NaN
4,0,4,0.03782247324613561
2,2,4,0.0007779539093707978
3,1,4,0.7925166447343686
3,1,4,NaN
3,1,4,NaN
2,2,4,NaN
3,1,4,NaN
1,3,4,NaN
2,2,4,0.23998440172325927
2,2,4,NaN
4,0,4,0.483768449142263
3,1,4,0.8597792096635031
2,2,4,NaN
1,3,4,NaN
3,1,4,NaN
2,2,4,NaN
2,2,4,NaN
4,0,4,NaN
2,2,4,0.7925166447343686
3,1,4,0.18342590517711166
3,1,4,0.390088581715401
4,0,4,NaN
4,0,4,0.8185843942460208
4,0,4,0.07633250114228259
1,3,4,0.7641629005282548
3,1,4,0.31128496075105533
2,2,4,0.7641629005282548
3,1,4,NaN
1,3,4,NaN
2,2,4,NaN
2,2,4,NaN
1,3,4,NaN
2,2,4,NaN
4,0,4,NaN
4,0,4,NaN
4,0,4,NaN
3,1,4,NaN
2,2,4,NaN
3,1,4,0.6613966634587408
3,1,4,0.2736599385245901
2,2,4,0.006082193050191918
2,2,4,NaN
2,2,4,NaN
3,1,4,0.31128496075105533
4,0,4,0.2736599385245901
1,3,4,0.0569687888815355
2,2,4,NaN
4,0,4,0.2736599385245901
4,0,4,NaN
2,2,4,0.43614794933242046
3,1,4,NaN
2,2,4,0.8055753311106645
3,1,4,0.893076864532752
3,1,4,NaN
4,0,4,NaN
1,3,4,NaN
2,2,4,0.18342590517711166
1,3,4,0.1388462683639301
2,2,4,NaN
2,2,4,NaN
3,1,4,NaN
2,2,4,NaN
2,2,4,0.008836301078339449
1,3,4,NaN
2,2,4,NaN
3,1,4,NaN
1,3,4,NaN
1,3,4,NaN
4,0,4,NaN
2,2,4,NaN
3,1,4,NaN
4,0,4,0.980101638801523
2,2,4,NaN
2,2,4,NaN
4,0,4,NaN
1,3,4,NaN
4,0,4,0.8597792096635031
1,3,4,0.31128496075105533
3,1,4,0.31128496075105533
2,2,4,NaN
2,2,4,NaN
3,1,4,0.07633250114228259
1,3,4,0.45574032487896876
3,1,4,0.06525587975951877
2,2,4,NaN
1,3,4,NaN
1,3,4,NaN
3,1,4,0.08387547098797239
2,2,4,0.14341372939388958
2,2,4,NaN
3,1,4,0.15921953565114888
4,0,4,0.6990667746156102
2,2,4,NaN
2,2,4,0.2736599385245901
4,0,4,0.6185582093370283
3,1,4,NaN
4,0,4,NaN
4,0,4,NaN
4,0,4,0.7332177371595686
2,2,4,NaN
3,1,4,NaN
1,3,4,0.4457691850181706
4,0,4,NaN
2,2,4,NaN
3,1,4,NaN
2,2,4,NaN
3,1,4,0.8185843942460208
4,0,4,NaN
2,2,4,0.20936945520216732
2,2,4,0.33265809262069795
3,1,4,0.34926187684352356
4,0,4,0.9968054362054152
1,3,4,0.483768449142263
1,3,4,0.483768449142263
4,0,4,NaN
3,1,4,NaN
2,2,4,NaN
2,2,4,NaN
4,0,4,NaN
4,0,4,NaN
1,3,4,NaN
2,2,4,NaN
2,2,4,NaN
4,0,4,0.31128496075105533
3,1,4,0.6613966634587408
3,1,4,NaN
1,3,4,NaN
2,2,4,NaN
2,2,4,0.8776207124053833
2,2,4,NaN
4,0,4,0.9599354719478888
3,1,4,NaN
4,0,4,NaN
1,3,4,NaN
3,1,4,0.5757595332036677
2,2,4,NaN
4,0,4,0.20936945520216732
2,2,4,0.20936945520216732
2,2,4,NaN
4,0,4,0.9534153129152887
4,0,4,NaN
2,2,4,0.6613966634587408
3,1,4,0.8395040133151549
1,3,4,0.2440624611789815
2,2,4,NaN
3,1,4,0.6185582093370283
2,2,4,NaN
3,1,4,NaN
2,2,4,0.027150137488542374
1,3,4,NaN
1,3,4,NaN
3,1,4,NaN
2,2,4,0.12007316117014918
2,2,4,NaN
2,2,4,0.08869205529953894
4,0,4,0.1026612005498701
4,0,4,NaN
3,1,4,0.6185582093370283
2,2,4,0.03782247324613561
3,1,4,0.5757595332036677
1,3,4,0.6990667746156102
4,0,4,NaN
2,2,4,NaN
2,2,4,0.8597792096635031
4,0,4,0.6990667746156102
2,2,4,0.9079098270401949
2,2,4,0.7641629005282548
2,2,4,NaN
1,3,4,NaN
2,2,4,0.390088581715401
2,2,4,0.9534153129152887
3,1,4,0.04937587322664477
4,0,4,0.9079098270401949
1,3,4,NaN
4,0,4,0.9534153129152887
3,1,4,NaN
3,1,4,NaN
4,0,4,NaN
2,2,4,NaN
2,2,4,NaN
2,2,4,0.011861509328838107
1,3,4,0.06525587975951877
2,2,4,0.483768449142263
4,0,4,0.7641629005282548
2,2,4,NaN
3,1,4,0.893076864532752
2,2,4,NaN
3,1,4,0.01775910183944806
2,2,4,NaN
4,0,4,NaN
1,3,4,0.2736599385245901
2,2,4,0.8597792096635031
1,3,4,NaN
4,0,4,0.483768449142263
2,2,4,NaN
1,3,4,NaN
2,2,4,NaN
4,0,4,NaN
1,3,4,0.7641629005282548
2,2,4,0.6185582093370283
2,2,4,NaN
4,0,4,NaN
4,0,4,0.9209789316492126
1,3,4,NaN
1,3,4,0.1026612005498701
2,2,4,0.001450341113107375
4,0,4,NaN
4,0,4,0.8185843942460208
3,1,4,NaN
1,3,4,NaN
1,3,4,0.8395040133151549
1,3,4,0.23998440172325927
4,0,4,NaN
3,1,4,0.08869205529953894
4,0,4,NaN
1,3,4,0.7332177371595686
1,3,4,NaN
4,0,4,NaN
2,2,4,0.9952714360764799
2,2,4,0.9193151519874462
1,3,4,NaN
1,3,4,NaN
2,2,4,0.8185843942460208
4,0,4,NaN
2,2,4,NaN
1,3,4,NaN
3,1,4,0.390088581715401
4,0,4,0.7641629005282548
1,3,4,NaN
1,3,4,NaN
3,1,4,NaN
1,3,4,NaN
2,2,4,0.6185582093370283
1,3,4,0.6185582093370283
2,2,4,NaN
2,2,4,0.7681398714099498
2,2,4,NaN
1,3,4,NaN
2,2,4,0.6990667746156102
2,2,4,NaN
2,2,4,0.5757595332036677
3,1,4,NaN
2,2,4,NaN
1,3,4,0.8597792096635031
1,3,4,NaN
4,0,4,NaN
3,1,4,0.7925166447343686
4,0,4,NaN
4,0,4,0.04937587322664477
3,1,4,NaN
3,1,4,NaN
3,1,4,0.893076864532752
1,3,4,NaN
4,0,4,0.0569687888815355
1,3,4,0.2736599385245901
2,2,4,NaN
2,2,4,0.6185582093370283
2,2,4,NaN
3,1,4,NaN
3,1,4,0.20936945520216732
1,3,4,NaN
2,2,4,NaN
2,2,4,NaN
4,0,4,NaN
4,0,4,NaN
2,2,4,NaN
2,2,4,0.21803200625674188
2,2,4,0.7948773508512438
4,0,4,NaN
4,0,4,NaN
2,2,4,NaN
1,3,4,NaN
4,0,4,NaN
2,2,4,0.03230741676234196
2,2,4,NaN
2,2,4,NaN
3,1,4,0.1376319999999998
2,2,4,NaN
1,3,4,0.4391970105456035
3,1,4,NaN
1,3,4,0.009912176912471659
4,0,4,NaN
3,1,4,NaN
2,2,4,NaN
3,1,4,NaN
1,3,4,NaN
1,3,4,NaN
2,2,4,0.5757595332036677
2,2,4,NaN
1,3,4,0.43614794933242046
3,1,4,0.20936945520216732
2,2,4,0.017992769840019258
1,3,4,NaN
2,2,4,0.6613966634587408
2,2,4,NaN
4,0,4,0.9686139634526727
3,1,4,NaN
1,3,4,0.7925166447343686
3,1,4,0.8185843942460208
1,3,4,NaN
3,1,4,NaN
1,3,4,0.7332177371595686
1,3,4,NaN
2,2,4,0.34926187684352356
2,2,4,NaN
4,0,4,NaN
2,2,4,0.15921953565114888
1,3,4,NaN
1,3,4,NaN
3,1,4,0.9209789316492126
4,0,4,0.531729986764269
2,2,4,NaN
2,2,4,0.7925166447343686
1,3,4,NaN
1,3,4,0.8185843942460208
1,3,4,NaN
2,2,4,0.8637529907312803
3,1,4,0.9686139634526727
4,0,4,0.1026612005498701
4,0,4,0.18342590517711166
1,3,4,NaN
3,1,4,NaN
1,3,4,NaN
3,1,4,NaN
3,1,4,0.8185843942460208
1,3,4,0.9326921332428637
3,1,4,0.5605686154146111
3,1,4,0.31128496075105533
3,1,4,0.7925166447343686
2,2,4,NaN
2,2,4,NaN
4,0,4,NaN
2,2,4,0.7332177371595686
2,2,4,0.8770122193000203
2,2,4,NaN
1,3,4,NaN
1,3,4,NaN
1,3,4,NaN
1,3,4,0.7332177371595686
2,2,4,0.34926187684352356
1,3,4,NaN
2,2,4,NaN
1,3,4,NaN
1,3,4,NaN
2,2,4,NaN
3,1,4,NaN
3,1,4,0.5198394741273253
3,1,4,NaN
1,3,4,0.1376319999999998
2,2,4,0.18342590517711166
4,0,4,0.016627813551177786
4,0,4,NaN
4,0,4,NaN
2,2,4,NaN
2,2,4,NaN
1,3,4,NaN
2,2,4,NaN
1,3,4,0.7332177371595686
3,1,4,NaN
1,3,4,NaN
1,3,4,NaN
2,2,4,0.6185582093370283
1,3,4,0.012022118863049316
4,0,4,0.0569687888815355
1,3,4,NaN
4,0,4,NaN
3,1,4,NaN
1,3,4,NaN
2,2,4,NaN
3,1,4,NaN
4,0,4,0.9209789316492126
2,2,4,0.23998440172325927
1,3,4,0.012022118863049316
3,1,4,NaN
3,1,4,0.9209789316492126
1,3,4,NaN
4,0,4,0.15921953565114888
1,3,4,0.8185843942460208
2,2,4,0.5757595332036677
4,0,4,NaN
4,0,4,NaN
3,1,4,0.23998440172325927
2,2,4,NaN
2,2,4,NaN
2,2,4,NaN
4,0,4,0.531729986764269
2,2,4,NaN
1,3,4,NaN
2,2,4,NaN
3,1,4,0.9326921332428637
2,2,4,0.006082193050191918
1,3,4,NaN
1,3,4,0.20936945520216732
3,1,4,NaN
4,0,4,0.6990667746156102
2,2,4,NaN
3,1,4,NaN
3,1,4,NaN
4,0,4,NaN
4,0,4,NaN
2,2,4,NaN
4,0,4,NaN
3,1,4,0.6990667746156102
4,0,4,NaN
2,2,4,NaN
1,3,4,NaN
3,1,4,0.013413602950800067
4,0,4,NaN
3,1,4,NaN
2,2,4,NaN
4,0,4,0.483768449142263
2,2,4,NaN
2,2,4,0.06525587975951877
1,3,4,0.20936945520216732
1,3,4,NaN
4,0,4,0.483768449142263
4,0,4,0.7925166447343686
1,3,4,0.03230741676234196
1,3,4,0.01575301492437978
1,3,4,NaN
3,1,4,NaN
4,0,4,NaN
2,2,4,0.08869205529953894
4,0,4,NaN
3,1,4,NaN
3,1,4,NaN
2,2,4,NaN
2,2,4,0.1376319999999998
2,2,4,0.483768449142263
3,1,4,0.9209789316492126
1,3,4,NaN
2,2,4,NaN
1,3,4,NaN
2,2,4,NaN
4,0,4,0.00829404517453861
3,1,4,NaN
4,0,4,NaN
1,3,4,0.5757595332036677
2,2,4,NaN
1,3,4,NaN
2,2,4,0.6185582093370283
2,2,4,NaN
4,0,4,NaN
3,1,4,NaN
4,0,4,0.22036439232865215
1,3,4,NaN
1,3,4,NaN
2,2,4,0.15921953565114888
4,0,4,NaN
1,3,4,NaN
2,2,4,NaN
2,2,4,NaN
1,3,4,0.8395040133151549
1,3,4,NaN
3,1,4,0.45574032487896876
2,2,4,NaN
4,0,4,0.980101638801523
2,2,4,0.20936945520216732
1,3,4,0.9747128701728911
2,2,4,0.7925166447343686
4,0,4,0.43614794933242046
2,2,4,NaN
3,1,4,NaN
1,3,4,0.15921953565114888
2,2,4,0.8185843942460208
4,0,4,0.3703301661880582
2,2,4,NaN
1,3,4,NaN
2,2,4,0.23998440172325927
1,3,4,0.23998440172325927
4,0,4,NaN
1,3,4,0.07633250114228259
1,3,4,NaN
1,3,4,0.18342590517711166
4,0,4,NaN
2,2,4,NaN
1,3,4,0.9848027522935779
2,2,4,NaN
1,3,4,0.34926187684352356
1,3,4,NaN
4,0,4,0.0569687888815355
3,1,4,NaN
2,2,4,NaN
1,3,4,0.03230741676234196
4,0,4,0.6185582093370283
4,0,4,NaN
1,3,4,0.9919214683718085
3,1,4,0.7925166447343686
2,2,4,0.483768449142263
2,2,4,NaN
1,3,4,NaN
1,3,4,0.11835585687382275
1,3,4,NaN
1,3,4,0.08869205529953894
2,2,4,NaN
2,2,4,0.5757595332036677
1,3,4,0.7641629005282548
4,0,4,0.531729986764269
3,1,4,NaN
1,3,4,0.43614794933242046
1,3,4,NaN
1,3,4,0.6185582093370283
4,0,4,0.9686139634526727
2,2,4,NaN
2,2,4,NaN
1,3,4,NaN
4,0,4,NaN
4,0,4,0.390088581715401
1,3,4,0.03782247324613561
1,3,4,NaN
1,3,4,NaN
4,0,4,NaN
1,3,4,NaN
4,0,4,NaN
1,3,4,0.18342590517711166
4,0,4,0.6185582093370283
4,0,4,0.9326921332428637
2,2,4,NaN
2,2,4,NaN
1,3,4,NaN
2,2,4,NaN
4,0,4,0.9433412321949546
2,2,4,NaN
1,3,4,NaN
1,3,4,NaN
1,3,4,NaN
3,1,4,0.11835585687382275
1,3,4,0.9433412321949546
3,1,4,NaN
1,3,4,0.7641629005282548
2,2,4,NaN
2,2,4,0.8735784895868853
2,2,4,NaN
2,2,4,NaN
2,2,4,NaN
2,2,4,NaN
1,3,4,NaN
1,3,4,0.7925166447343686
2,2,4,NaN
2,2,4,NaN
2,2,4,NaN
2,2,4,NaN
2,2,4,0.483768449142263
1,3,4,NaN
3,1,4,NaN
1,3,4,NaN
1,3,4,NaN
1,3,4,NaN
1,3,4,0.022208748010276988
1,3,4,NaN
4,0,4,NaN
1,3,4,0.6613966634587408
1,3,4,NaN
1,3,4,0.5124018304666981
3,1,4,0.531729986764269
4,0,4,0.6185582093370283
1,3,4,NaN
1,3,4,0.9209789316492126
2,2,4,NaN
2,2,4,NaN
4,0,4,0.531729986764269
1,3,4,NaN
2,2,4,NaN
4,0,4,NaN
1,3,4,0.7332177371595686
4,0,4,NaN
3,1,4,0.2736599385245901
1,3,4,0.1376319999999998
2,2,4,NaN
3,1,4,0.043199805379105054
2,2,4,NaN
1,3,4,0.23998440172325927
2,2,4,NaN
3,1,4,NaN
1,3,4,0.20936945520216732
2,2,4,NaN
3,1,4,NaN
2,2,4,NaN
2,2,4,NaN
2,2,4,NaN
2,2,4,NaN
1,3,4,0.390088581715401
3,1,4,NaN
3,1,4,NaN
2,2,4,0.8395040133151549
4,0,4,NaN
2,2,4,NaN
2,2,4,NaN
2,2,4,NaN
2,2,4,NaN
1,3,4,0.0015789372075542324
1,3,4,NaN
1,3,4,0.9433412321949546
3,1,4,NaN
2,2,4,0.027150137488542374
4,0,4,0.7332177371595686
2,2,4,0.4573189871059706
3,1,4,NaN
1,3,4,0.43614794933242046
2,2,4,NaN
1,3,4,NaN
2,2,4,0.03782247324613561
2,2,4,0.18342590517711166
1,3,4,NaN
1,3,4,NaN
1,3,4,0.5162799594927229
1,3,4,NaN
1,3,4,NaN
2,2,4,NaN
1,3,4,NaN
3,1,4,NaN
1,3,4,NaN
2,2,4,NaN
4,0,4,NaN
2,2,4,0.43614794933242046
1,3,4,NaN
1,3,4,0.03782247324613561
4,0,4,0.6613966634587408
2,2,4,NaN
2,2,4,0.9209789316492126
3,1,4,NaN
1,3,4,NaN
3,1,4,NaN
2,2,4,NaN
2,2,4,NaN
3,1,4,NaN
3,1,4,0.483768449142263
1,3,4,0.7332177371595686
1,3,4,NaN
3,1,4,0.9686139634526727
4,0,4,NaN
1,3,4,0.531729986764269
1,3,4,NaN
2,2,4,NaN
1,3,4,0.9209789316492126
3,1,4,0.6751030167202379
2,2,4,NaN
2,2,4,0.8185843942460208
4,0,4,0.23998440172325927
2,2,4,0.7505738960061019
2,2,4,NaN
2,2,4,NaN
3,1,4,0.9326921332428637
1,3,4,NaN
1,3,4,NaN
1,3,4,NaN
3,1,4,NaN
1,3,4,NaN
1,3,4,NaN
2,2,4,NaN
2,2,4,0.6613966634587408
2,2,4,0.9079098270401949
3,1,4,NaN
3,1,4,NaN
2,2,4,NaN
3,1,4,NaN
2,2,4,0.390088581715401
3,1,4,NaN
4,0,4,NaN
3,1,4,NaN
2,2,4,NaN
2,2,4,0.7925166447343686
2,2,4,0.03782247324613561
2,2,4,NaN
2,2,4,NaN
4,0,4,0.31128496075105533
3,1,4,NaN
4,0,4,0.31128496075105533
3,1,4,NaN
2,2,4,NaN
1,3,4,NaN
3,1,4,0.15921953565114888
4,0,4,NaN
4,0,4,NaN
2,2,4,0.23998440172325927
3,1,4,NaN
1,3,4,NaN
2,2,4,NaN
4,0,4,NaN
1,3,4,NaN
2,2,4,NaN
1,3,4,0.9848027522935779
1,3,4,NaN
2,2,4,NaN
2,2,4,NaN
1,3,4,NaN
3,1,4,NaN
1,3,4,NaN
1,3,4,0.7925166447343686
2,2,4,NaN
3,1,4,0.2736599385245901
2,2,4,0.03230741676234196
2,2,4,NaN
1,3,4,NaN
3,1,4,NaN
1,3,4,NaN
3,1,4,NaN
2,2,4,0.483768449142263
2,2,4,NaN
4,0,4,NaN
2,2,4,0.2736599385245901
1,3,4,NaN
3,1,4,NaN
3,1,4,0.531729986764269
3,1,4,NaN
2,2,4,NaN
2,2,4,NaN
2,2,4,NaN
1,3,4,NaN
1,3,4,0.8597792096635031
2,2,4,NaN
4,0,4,0.34926187684352356
1,3,4,NaN
2,2,4,NaN
1,3,4,NaN
3,1,4,NaN
2,2,4,NaN
1,3,4,NaN
1,3,4,NaN
3,1,4,0.15921953565114888
1,3,4,NaN
1,3,4,NaN
2,2,4,0.9209789316492126
1,3,4,NaN
1,3,4,0.15921953565114888
1,3,4,NaN
2,2,4,NaN
3,1,4,NaN
4,0,4,0.7925166447343686
2,2,4,NaN
1,3,4,NaN
3,1,4,NaN
3,1,4,NaN
4,0,4,NaN
2,2,4,0.1026612005498701
2,2,4,0.39547847015511944
1,3,4,0.6613966634587408
1,3,4,0.7641629005282548
2,2,4,NaN
1,3,4,NaN
1,3,4,NaN
1,3,4,NaN
1,3,4,NaN
2,2,4,0.483768449142263
3,1,4,NaN
1,3,4,NaN
2,2,4,0.6990667746156102
3,1,4,0.0569687888815355
2,2,4,NaN
1,3,4,0.6613966634587408
3,1,4,0.6990667746156102
2,2,4,NaN
1,3,4,NaN
1,3,4,NaN
2,2,4,NaN
2,2,4,NaN
1,3,4,0.04937587322664477
3,1,4,NaN
2,2,4,0.06525587975951877
1,3,4,NaN
2,2,4,NaN
2,2,4,NaN
4,0,4,NaN
1,3,4,0.0683807050359384
1,3,4,NaN
2,2,4,0.012022118863049316
2,2,4,0.6613966634587408
2,2,4,0.022788573734112794
2,2,4,0.31128496075105533
1,3,4,NaN
2,2,4,NaN
4,0,4,NaN
1,3,4,0.1026612005498701
3,1,4,0.8185843942460208
2,2,4,0.6613966634587408
3,1,4,0.0569687888815355
4,0,4,NaN
2,2,4,NaN
1,3,4,0.5757595332036677
1,3,4,0.483768449142263
2,2,4,NaN
4,0,4,NaN
4,0,4,NaN
3,1,4,NaN
1,3,4,NaN
2,2,4,0.6544793908273733
1,3,4,NaN
1,3,4,NaN
2,2,4,NaN
1,3,4,NaN
4,0,4,0.8597792096635031
2,2,4,0.34926187684352356
2,2,4,NaN
3,1,4,0.7332177371595686
1,3,4,NaN
4,0,4,0.11835585687382275
4,0,4,NaN
2,2,4,0.8185843942460208
2,2,4,0.34926187684352356
2,2,4,NaN
2,2,4,0.11835585687382275
1,3,4,0.7332177371595686
1,3,4,NaN
1,3,4,NaN
1,3,4,0.7925166447343686
1,3,4,NaN
3,1,4,NaN
1,3,4,NaN
2,2,4,0.8132202359899372
3,1,4,NaN
1,3,4,NaN
2,2,4,NaN
2,2,4,0.531729986764269
1,3,4,0.12261788988914393
1,3,4,NaN
4,0,4,NaN
1,3,4,NaN
2,2,4,NaN
2,2,4,NaN
1,3,4,0.6613966634587408
1,3,4,0.23998440172325927
1,3,4,NaN
2,2,4,0.531729986764269
1,3,4,NaN
1,3,4,NaN
4,0,4,0.531729986764269
1,3,4,NaN
2,2,4,0.2736599385245901
2,2,4,NaN
1,3,4,0.2836951779087784
4,0,4,NaN
1,3,4,0.043199805379105054
3,1,4,NaN
3,1,4,NaN
2,2,4,0.9387755077248532
3,1,4,0.9326921332428637
2,2,4,NaN
1,3,4,NaN
1,3,4,0.6990667746156102
2,2,4,0.36675537795816276
1,3,4,NaN
2,2,4,NaN
2,2,4,NaN
1,3,4,NaN
4,0,4,NaN
4,0,4,NaN
2,2,4,NaN
2,2,4,NaN
2,2,4,0.6185582093370283
2,2,4,NaN
1,3,4,NaN
1,3,4,0.8597792096635031
1,3,4,NaN
1,3,4,0.7925166447343686
2,2,4,0.531729986764269
4,0,4,NaN
3,1,4,NaN
1,3,4,NaN
2,2,4,0.019519080662983124
1,3,4,NaN
1,3,4,NaN
1,3,4,0.6185582093370283
1,3,4,NaN
1,3,4,0.893076864532752
2,2,4,NaN
1,3,4,0.5757595332036677
2,2,4,0.003140615788714819
4,0,4,NaN
2,2,4,NaN
1,3,4,NaN
1,3,4,NaN
1,3,4,0.3900274576551098
2,2,4,0.8770122193000203
1,3,4,NaN
2,2,4,0.004939389942292157
2,2,4,0.531729986764269
1,3,4,0.23998440172325927
3,1,4,NaN
1,3,4,0.5757595332036677
1,3,4,0.9079098270401949
1,3,4,0.11835585687382275
2,2,4,0.8685689678538674
1,3,4,NaN
1,3,4,NaN
2,2,4,0.6613966634587408
1,3,4,0.34926187684352356
1,3,4,0.1026612005498701
1,3,4,0.1376319999999998
1,3,4,NaN
1,3,4,0.6990667746156102
1,3,4,NaN
1,3,4,NaN
4,0,4,0.6613966634587408
2,2,4,0.43614794933242046
1,3,4,NaN
1,3,4,NaN
2,2,4,NaN
1,3,4,0.749359964362704
1,3,4,NaN
2,2,4,0.5439695735792571
1,3,4,NaN
2,2,4,0.20936945520216732
1,3,4,0.390088581715401
1,3,4,NaN
4,0,4,NaN
2,2,4,0.23998440172325927
4,0,4,NaN
1,3,4,NaN
1,3,4,NaN
1,3,4,NaN
1,3,4,0.6185582093370283
1,3,4,0.8770122193000203
2,2,4,NaN
1,3,4,NaN
1,3,4,0.43614794933242046
1,3,4,NaN
1,3,4,NaN
2,2,4,NaN
1,3,4,NaN
2,2,4,0.531729986764269
1,3,4,0.1376319999999998
1,3,4,NaN
1,3,4,NaN
1,3,4,NaN
2,2,4,NaN
1,3,4,0.2736599385245901
2,2,4,NaN
1,3,4,NaN
1,3,4,NaN
2,2,4,0.5605686154146111
1,3,4,0.019519080662983124
1,3,4,0.2736599385245901
1,3,4,NaN
4,0,4,NaN
4,0,4,0.7512299760214655
1,3,4,NaN
1,3,4,NaN
1,3,4,NaN
1,3,4,NaN
2,2,4,NaN
1,3,4,0.7641629005282548
1,3,4,NaN
4,0,4,NaN
2,2,4,NaN
1,3,4,NaN
1,3,4,0.483768449142263
1,3,4,0.531729986764269
1,3,4,NaN
1,3,4,NaN
3,1,4,0.20936945520216732
1,3,4,NaN
2,2,4,NaN
1,3,4,0.7925166447343686
1,3,4,NaN
1,3,4,NaN
1,3,4,0.6990667746156102
1,3,4,NaN
1,3,4,NaN
1,3,4,NaN
1,3,4,0.043199805379105054
1,3,4,NaN
2,2,4,NaN
1,3,4,0.18320481795033483
1,3,4,NaN
1,3,4,0.5757595332036677
2,2,4,NaN
1,3,4,NaN
1,3,4,0.1376319999999998
1,3,4,0.531729986764269
1,3,4,NaN
1,3,4,0.7332177371595686
1,3,4,NaN
1,3,4,0.531729986764269
1,3,4,NaN
2,2,4,0.18342590517711166
1,3,4,0.0569687888815355
1,3,4,NaN
1,3,4,0.390088581715401
1,3,4,NaN
1,3,4,NaN
2,2,4,0.1376319999999998
1,3,4,NaN
1,3,4,0.9209789316492126
1,3,4,0.09489636213688045
1,3,4,0.019519080662983124
1,3,4,NaN
1,3,4,NaN
1,3,4,NaN
2,2,4,NaN
1,3,4,0.7641629005282548
1,3,4,NaN
4,0,4,NaN
1,3,4,NaN
1,3,4,NaN
2,2,4,0.43614794933242046
1,3,4,NaN
1,3,4,NaN
1,3,4,0.014183524266588894
1,3,4,0.1376319999999998
1,3,4,NaN
1,3,4,0.7641629005282548
1,3,4,NaN
1,3,4,NaN
1,3,4,NaN
1,3,4,NaN
1,3,4,0.7641629005282548
1,3,4,NaN
1,3,4,NaN
1,3,4,NaN
1,3,4,NaN
1,3,4,0.06525587975951877
1,3,4,0.8395040133151549
2,2,4,NaN
1,3,4,NaN
1,3,4,NaN
1,3,4,NaN
1,3,4,NaN
1,3,4,NaN
1,3,4,NaN
1,3,4,NaN
1,3,4,NaN
1,3,4,0.15921953565114888
1,3,4,0.6990667746156102
0,4,4,NaN
0,4,4,NaN
0,4,4,NaN
0,4,4,NaN
0,4,4,NaN
0,4,4,NaN
0,4,4,NaN
0,4,4,NaN
0,4,4,0.531729986764269
0,4,4,NaN
0,4,4,NaN
0,4,4,NaN
0,4,4,NaN
0,4,4,NaN
0,4,4,0.483768449142263
0,4,4,NaN
0,4,4,NaN
0,4,4,NaN
0,4,4,NaN
0,4,4,NaN
0,4,4,0.15921953565114888
0,4,4,NaN
0,4,4,NaN
0,4,4,NaN
0,4,4,NaN
0,4,4,NaN
0,4,4,NaN
0,4,4,0.23998440172325927
0,4,4,0.2107570124722602
0,4,4,0.8185843942460208
0,4,4,0.043199805379105054
0,4,4,NaN
0,4,4,NaN
0,4,4,0.6185582093370283
0,4,4,NaN
0,4,4,NaN
0,4,4,0.9433412321949546
0,4,4,0.11835585687382275
0,4,4,NaN
0,4,4,NaN
0,4,4,0.8770122193000203
0,4,4,NaN
0,4,4,NaN
0,4,4,NaN
0,4,4,NaN
0,4,4,0.9534153129152887
0,4,4,NaN
0,4,4,0.043199805379105054
0,4,4,NaN
0,4,4,0.1026612005498701
0,4,4,NaN
0,4,4,0.004939389942292157
0,4,4,0.7925166447343686
0,4,4,0.15921953565114888
0,4,4,NaN
0,4,4,NaN
0,4,4,NaN
0,4,4,NaN
0,4,4,NaN
0,4,4,0.6990667746156102
0,4,4,0.390088581715401
0,4,4,NaN
0,4,4,NaN
0,4,4,NaN
0,4,4,NaN
0,4,4,NaN
0,4,4,NaN
0,4,4,NaN
0,4,4,0.8185843942460208
0,4,4,NaN
0,4,4,NaN
0,4,4,NaN
0,4,4,0.1376319999999998
0,4,4,NaN
0,4,4,NaN
0,4,4,NaN
0,4,4,NaN
0,4,4,NaN
0,4,4,0.2736599385245901
0,4,4,0.24039576389531606
0,4,4,NaN
0,4,4,NaN
0,4,4,0.43614794933242046
0,4,4,0.8395040133151549
0,4,4,0.9997733190692698
0,4,4,NaN
0,4,4,0.6499322168460523
0,4,4,0.23998440172325927
0,4,4,0.8597792096635031
0,4,4,NaN
0,4,4,0.022907000804983625
0,4,4,NaN
0,4,4,0.04937587322664477
0,4,4,NaN
0,4,4,NaN
0,4,4,0.1376319999999998
0,4,4,0.8395040133151549
0,4,4,NaN
0,4,4,NaN
0,4,4,NaN
0,4,4,NaN
0,4,4,0.8795235203274335
0,4,4,NaN
0,4,4,NaN
0,4,4,0.7332177371595686
0,4,4,NaN
0,4,4,NaN
0,4,4,NaN
0,4,4,NaN
0,4,4,0.08869205529953894
0,4,4,NaN
0,4,4,NaN
0,4,4,NaN
0,4,4,NaN
0,4,4,0.07633250114228259
0,4,4,NaN
0,4,4,NaN
0,4,4,0.9614248710601718
0,4,4,NaN
0,4,4,NaN
0,4,4,NaN
0,4,4,0.43614794933242046
0,4,4,NaN
0,4,4,NaN
0,4,4,NaN
0,4,4,NaN
0,4,4,0.0569687888815355
0,4,4,NaN
0,4,4,NaN
0,4,4,NaN
0,4,4,0.15921953565114888
0,4,4,NaN
0,4,4,NaN
0,4,4,NaN
0,4,4,0.06550440300795869
0,4,4,0.390088581715401
0,4,4,0.23998440172325927
0,4,4,NaN
0,4,4,NaN
0,4,4,NaN
0,4,4,NaN
0,4,4,NaN
0,4,4,NaN
0,4,4,0.6613966634587408
0,4,4,NaN
0,4,4,0.9848027522935779
0,4,4,0.893076864532752
0,4,4,NaN
0,4,4,0.1376319999999998
0,4,4,NaN
0,4,4,NaN
0,4,4,0.5757595332036677
0,4,4,NaN
0,4,4,0.9919214683718085
0,4,4,0.43614794933242046
0,4,4,NaN
0,4,4,NaN
0,4,4,NaN
0,4,4,0.8597792096635031
0,4,4,NaN
0,4,4,NaN
0,4,4,NaN
0,4,4,NaN
0,4,4,NaN
0,4,4,NaN
0,4,4,NaN
0,4,4,NaN
0,4,4,0.07633250114228259
0,4,4,NaN
0,4,4,0.5757595332036677
0,4,4,0.02157051064231121
0,4,4,0.15453337061796613
0,4,4,0.0547886579667028
0,4,4,NaN
0,4,4,NaN
0,4,4,NaN
0,4,4,NaN
0,4,4,0.390088581715401
0,4,4,NaN
0,4,4,0.483768449142263
0,4,4,NaN
0,4,4,NaN
0,4,4,0.562145898608166
0,4,4,NaN
0,4,4,NaN
0,4,4,NaN
0,4,4,NaN
0,4,4,NaN
0,4,4,0.7641629005282548
0,4,4,NaN
0,4,4,NaN
0,4,4,NaN
0,4,4,NaN
0,4,4,NaN
0,4,4,NaN
0,4,4,NaN
0,4,4,0.007003252747251538
0,4,4,NaN
0,4,4,0.8597792096635031
0,4,4,0.07633250114228259
0,4,4,NaN
0,4,4,NaN
0,4,4,NaN
0,4,4,NaN
0,4,4,NaN
0,4,4,NaN
0,4,4,NaN
0,4,4,0.23998440172325927
0,4,4,NaN
0,4,4,0.9079098270401949
0,4,4,NaN
0,4,4,NaN
0,4,4,NaN
0,4,4,NaN
0,4,4,NaN
0,4,4,NaN
0,4,4,NaN
0,4,4,NaN
0,4,4,NaN
0,4,4,NaN
0,4,4,0.9326921332428637
0,4,4,0.9534153129152887
0,4,4,0.04937587322664477
0,4,4,NaN
0,4,4,NaN
0,4,4,NaN
0,4,4,NaN
0,4,4,NaN
0,4,4,NaN
0,4,4,NaN
0,4,4,NaN
0,4,4,NaN
0,4,4,NaN
0,4,4,0.7641629005282548
0,4,4,NaN
0,4,4,NaN
0,4,4,0.8395040133151549
0,4,4,NaN
0,4,4,NaN
0,4,4,0.8395040133151549
0,4,4,NaN
0,4,4,NaN
0,4,4,NaN
0,4,4,NaN
0,4,4,0.7332177371595686
0,4,4,NaN
0,4,4,NaN
0,4,4,NaN
0,4,4,NaN
0,4,4,NaN
0,4,4,NaN
0,4,4,NaN
0,4,4,0.6185582093370283
0,4,4,NaN
0,4,4,NaN
0,4,4,0.9054033577398481
0,4,4,NaN
0,4,4,NaN
0,4,4,NaN
0,4,4,NaN
0,4,4,NaN
0,4,4,NaN
0,4,4,NaN
0,4,4,0.9079098270401949
0,4,4,0.34926187684352356
0,4,4,NaN
0,4,4,0.03782247324613561
0,4,4,NaN
0,4,4,NaN
0,4,4,NaN
0,4,4,NaN
0,4,4,NaN
0,4,4,NaN
0,4,4,NaN
0,4,4,NaN
0,4,4,NaN
0,4,4,NaN
0,4,4,NaN
0,4,4,NaN
0,4,4,0.34926187684352356
0,4,4,NaN
0,4,4,NaN
0,4,4,0.531729986764269
0,4,4,NaN
0,4,4,0.7332177371595686
0,4,4,NaN
0,4,4,0.20936945520216732
0,4,4,NaN
0,4,4,NaN
0,4,4,NaN
0,4,4,NaN
0,4,4,0.6990667746156102
0,4,4,NaN
0,4,4,NaN
0,4,4,0.531729986764269
0,4,4,NaN
0,4,4,NaN
0,4,4,NaN
0,4,4,NaN
0,4,4,NaN
0,4,4,0.43614794933242046
0,4,4,NaN
0,4,4,NaN
0,4,4,NaN
0,4,4,NaN
0,4,4,NaN
0,4,4,NaN
0,4,4,NaN
0,4,4,NaN
0,4,4,0.019519080662983124
0,4,4,NaN
0,4,4,NaN
0,4,4,NaN
0,4,4,NaN
0,4,4,0.8770122193000203
0,4,4,0.9079098270401949
0,4,4,NaN
0,4,4,NaN
0,4,4,0.8770122193000203
0,4,4,NaN
0,4,4,0.43614794933242046
0,4,4,NaN
0,4,4,0.8604826944168354
0,4,4,0.3545466700379959
0,4,4,NaN
0,4,4,0.390088581715401
0,4,4,NaN
0,4,4,0.0433243990521892
0,4,4,NaN
0,4,4,NaN
0,4,4,NaN
0,4,4,NaN
0,4,4,NaN
0,4,4,0.014302811501596825
0,4,4,0.43614794933242046
0,4,4,0.9848027522935779
0,4,4,0.7641629005282548
0,4,4,NaN
0,4,4,0.20936945520216732
0,4,4,NaN
0,4,4,NaN
0,4,4,NaN
0,4,4,0.0011870025188928748
0,4,4,0.9079098270401949
0,4,4,NaN
0,4,4,NaN
0,4,4,NaN
0,4,4,NaN
0,4,4,NaN
0,4,4,NaN
0,4,4,NaN
0,4,4,NaN
0,4,4,NaN
0,4,4,0.8828140824456019
0,4,4,NaN
0,4,4,0.23998440172325927
0,4,4,NaN
0,4,4,0.0071803668201620655
0,4,4,NaN
0,4,4,NaN
0,4,4,NaN
0,4,4,0.5757595332036677
0,4,4,NaN
0,4,4,NaN
0,4,4,NaN
0,4,4,NaN
0,4,4,NaN
0,4,4,NaN
0,4,4,NaN
0,4,4,0.34926187684352356
0,4,4,0.03782247324613561
0,4,4,NaN
0,4,4,0.014302811501596825
0,4,4,NaN
0,4,4,NaN
0,4,4,NaN
0,4,4,NaN
0,4,4,0.390088581715401
0,4,4,0.8395040133151549
0,4,4,NaN
0,4,4,NaN
0,4,4,0.7925166447343686
0,4,4,0.3764650994262493
0,4,4,NaN
0,4,4,NaN
0,4,4,0.1026612005498701
0,4,4,NaN
0,4,4,0.9848027522935779
0,4,4,NaN
0,4,4,0.5757595332036677
0,4,4,0.08869205529953894
0,4,4,0.8770122193000203
0,4,4,NaN
0,4,4,NaN
0,4,4,NaN
0,4,4,NaN
0,4,4,0.8395040133151549
0,4,4,0.390088581715401
0,4,4,NaN
0,4,4,NaN
0,4,4,NaN
0,4,4,NaN
0,4,4,NaN
0,4,4,NaN
0,4,4,NaN
0,4,4,NaN
0,4,4,NaN
0,4,4,NaN
0,4,4,0.6613966634587408
0,4,4,0.7925166447343686
0,4,4,0.15921953565114888
0,4,4,0.7925166447343686
0,4,4,NaN
0,4,4,NaN
0,4,4,NaN
0,4,4,0.8031960249980263
0,4,4,0.6185582093370283
0,4,4,NaN
0,4,4,NaN
0,4,4,NaN
0,4,4,0.7641629005282548
0,4,4,0.1026612005498701
0,4,4,NaN
0,4,4,NaN
0,4,4,NaN
0,4,4,NaN
0,4,4,NaN
0,4,4,NaN
0,4,4,NaN
0,4,4,NaN
0,4,4,NaN
0,4,4,NaN
0,4,4,NaN
0,4,4,NaN
0,4,4,NaN
0,4,4,NaN
0,4,4,NaN
0,4,4,0.6990667746156102
0,4,4,0.8770122193000203
0,4,4,0.6185582093370283
0,4,4,0.1026612005498701
0,4,4,NaN
0,4,4,0.2736599385245901
0,4,4,NaN
0,4,4,0.31128496075105533
0,4,4,NaN
0,4,4,NaN
0,4,4,0.7641629005282548
0,4,4,NaN
0,4,4,0.6613966634587408
0,4,4,NaN
0,4,4,0.008310373420807673
0,4,4,0.2736599385245901
0,4,4,0.15921953565114888
0,4,4,NaN
0,4,4,NaN
0,4,4,0.5757595332036677
0,4,4,NaN
0,4,4,NaN
0,4,4,NaN
0,4,4,NaN
0,4,4,0.483768449142263
0,4,4,0.8770122193000203
0,4,4,NaN
0,4,4,NaN
0,4,4,0.20936945520216732
0,4,4,NaN
0,4,4,0.34926187684352356
0,4,4,0.31128496075105533
0,4,4,0.8086849727848733
0,4,4,NaN
0,4,4,0.18342590517711166
0,4,4,NaN
0,4,4,NaN
0,4,4,NaN
0,4,4,NaN
0,4,4,0.5757595332036677
0,4,4,NaN
0,4,4,NaN
0,4,4,0.022788573734112794
0,4,4,0.23998440172325927
0,4,4,0.7925166447343686
0,4,4,0.34926187684352356
0,4,4,0.08869205529953894
0,4,4,NaN
0,4,4,NaN
0,4,4,NaN
0,4,4,NaN
0,4,4,NaN
0,4,4,NaN
0,4,4,NaN
0,4,4,0.2736599385245901
0,4,4,NaN
0,4,4,NaN
0,4,4,0.7332177371595686
0,4,4,NaN
0,4,4,NaN
0,4,4,NaN
0,4,4,NaN
0,4,4,NaN
0,4,4,0.893076864532752
0,4,4,NaN
0,4,4,NaN
0,4,4,NaN
0,4,4,0.11835585687382275
0,4,4,NaN
0,4,4,NaN
0,4,4,NaN
0,4,4,NaN
0,4,4,NaN
0,4,4,0.20936945520216732
0,4,4,NaN
0,4,4,0.7332177371595686
0,4,4,NaN
0,4,4,NaN
0,4,4,NaN
0,4,4,0.20936945520216732
0,4,4,NaN
0,4,4,NaN
0,4,4,NaN
0,4,4,NaN
0,4,4,NaN
0,4,4,0.9433412321949546
0,4,4,0.8395040133151549
0,4,4,NaN
0,4,4,NaN
0,4,4,0.15921953565114888
0,4,4,0.6185582093370283
0,4,4,NaN
0,4,4,NaN
0,4,4,NaN
0,4,4,NaN
0,4,4,NaN
0,4,4,NaN
0,4,4,NaN
0,4,4,NaN
0,4,4,NaN
0,4,4,0.6185582093370283
0,4,4,NaN
0,4,4,0.893076864532752
0,4,4,0.483768449142263
0,4,4,NaN
0,4,4,NaN
0,4,4,0.6990667746156102
0,4,4,NaN
0,4,4,NaN
0,4,4,NaN
0,4,4,NaN
0,4,4,NaN
0,4,4,0.7925166447343686
0,4,4,NaN
0,4,4,NaN
0,4,4,NaN
0,4,4,0.6990667746156102
0,4,4,NaN
0,4,4,NaN
0,4,4,NaN
0,4,4,NaN
0,4,4,0.390088581715401
0,4,4,NaN
0,4,4,NaN
0,4,4,NaN
0,4,4,0.8770122193000203
0,4,4,0.8597792096635031
0,4,4,NaN
0,4,4,0.007938931856987151
0,4,4,0.483768449142263
0,4,4,NaN
0,4,4,0.43614794933242046
0,4,4,0.8005099692738473
0,4,4,NaN
0,4,4,NaN
0,4,4,NaN
0,4,4,0.8395040133151549
0,4,4,NaN
0,4,4,0.893076864532752
0,4,4,NaN
0,4,4,NaN
0,4,4,NaN
0,4,4,NaN
0,4,4,NaN
0,4,4,NaN
0,4,4,NaN
0,4,4,NaN
0,4,4,NaN
0,4,4,0.8185843942460208
0,4,4,NaN
0,4,4,NaN
0,4,4,NaN
0,4,4,0.6990667746156102
0,4,4,NaN
0,4,4,0.893076864532752
0,4,4,0.08869205529953894
0,4,4,NaN
0,4,4,NaN
0,4,4,0.531729986764269
0,4,4,NaN
0,4,4,NaN
0,4,4,NaN
0,4,4,NaN
0,4,4,NaN
0,4,4,NaN
0,4,4,0.1376319999999998
0,4,4,0.5757595332036677
0,4,4,NaN
0,4,4,NaN
0,4,4,0.6613966634587408
0,4,4,NaN
0,4,4,NaN
0,4,4,NaN
0,4,4,NaN
0,4,4,NaN
0,4,4,0.07633250114228259
0,4,4,0.31128496075105533
0,4,4,0.6613966634587408
0,4,4,NaN
0,4,4,0.8185843942460208
0,4,4,0.18342590517711166
0,4,4,NaN
0,4,4,0.893076864532752
0,4,4,NaN
0,4,4,NaN
0,4,4,NaN
0,4,4,NaN
0,4,4,NaN
0,4,4,0.6990667746156102
0,4,4,NaN
0,4,4,NaN
0,4,4,NaN
0,4,4,NaN
3,0,3,NaN
3,0,3,NaN
3,0,3,NaN
3,0,3,0.03782247324613561
2,1,3,NaN
3,0,3,NaN
3,0,3,NaN
2,1,3,NaN
3,0,3,0.483768449142263
3,0,3,NaN
3,0,3,NaN
2,1,3,NaN
2,1,3,0.34926187684352356
3,0,3,0.1026612005498701
3,0,3,NaN
1,2,3,0.390088581715401
3,0,3,NaN
3,0,3,NaN
2,1,3,NaN
3,0,3,NaN
1,2,3,0.8597792096635031
3,0,3,NaN
3,0,3,NaN
2,1,3,0.9444758416552013
3,0,3,0.9079098270401949
3,0,3,NaN
2,1,3,NaN
3,0,3,NaN
2,1,3,NaN
1,2,3,NaN
3,0,3,NaN
3,0,3,NaN
2,1,3,NaN
3,0,3,NaN
2,1,3,NaN
3,0,3,NaN
3,0,3,NaN
3,0,3,NaN
1,2,3,NaN
3,0,3,0.7394544821147426
2,1,3,NaN
3,0,3,NaN
3,0,3,NaN
3,0,3,0.390088581715401
3,0,3,NaN
3,0,3,NaN
2,1,3,NaN
3,0,3,NaN
3,0,3,NaN
3,0,3,NaN
3,0,3,NaN
3,0,3,0.390088581715401
3,0,3,NaN
3,0,3,NaN
3,0,3,NaN
1,2,3,NaN
3,0,3,NaN
3,0,3,NaN
2,1,3,0.531729986764269
3,0,3,NaN
3,0,3,NaN
2,1,3,0.1911107368115989
3,0,3,NaN
2,1,3,0.15921953565114888
2,1,3,0.07633250114228259
3,0,3,NaN
3,0,3,NaN
1,2,3,0.20936945520216732
3,0,3,NaN
1,2,3,0.8597792096635031
3,0,3,NaN
1,2,3,0.9433412321949546
3,0,3,NaN
3,0,3,0.6990667746156102
3,0,3,0.1026612005498701
3,0,3,NaN
3,0,3,NaN
2,1,3,NaN
2,1,3,0.531729986764269
3,0,3,NaN
3,0,3,NaN
1,2,3,NaN
1,2,3,0.04937587322664477
2,1,3,NaN
3,0,3,NaN
3,0,3,NaN
2,1,3,0.8185843942460208
3,0,3,NaN
1,2,3,NaN
3,0,3,NaN
3,0,3,NaN
2,1,3,NaN
3,0,3,NaN
3,0,3,NaN
2,1,3,0.23998440172325927
2,1,3,NaN
2,1,3,NaN
3,0,3,NaN
2,1,3,NaN
3,0,3,NaN
3,0,3,NaN
3,0,3,NaN
3,0,3,0.6613966634587408
3,0,3,NaN
3,0,3,0.07633250114228259
2,1,3,NaN
3,0,3,NaN
2,1,3,NaN
3,0,3,NaN
2,1,3,NaN
1,2,3,0.6570853097481938
2,1,3,NaN
2,1,3,0.019519080662983124
3,0,3,NaN
1,2,3,NaN
3,0,3,NaN
3,0,3,NaN
3,0,3,NaN
1,2,3,NaN
3,0,3,NaN
3,0,3,0.1376319999999998
3,0,3,NaN
3,0,3,NaN
3,0,3,0.34926187684352356
3,0,3,NaN
3,0,3,NaN
3,0,3,0.07633250114228259
2,1,3,0.1026612005498701
3,0,3,NaN
1,2,3,NaN
3,0,3,NaN
3,0,3,0.8130550058173163
1,2,3,0.8386231576142263
3,0,3,0.6613966634587408
1,2,3,0.34926187684352356
3,0,3,NaN
1,2,3,0.016627813551177786
3,0,3,NaN
3,0,3,0.009912176912471659
3,0,3,NaN
3,0,3,NaN
3,0,3,NaN
2,1,3,0.9326921332428637
3,0,3,NaN
3,0,3,NaN
3,0,3,NaN
3,0,3,NaN
3,0,3,0.9449594017628097
2,1,3,0.43359950093236205
1,2,3,NaN
3,0,3,0.9326921332428637
2,1,3,NaN
2,1,3,NaN
3,0,3,NaN
3,0,3,0.0030892543021027673
1,2,3,NaN
3,0,3,0.6990667746156102
2,1,3,NaN
1,2,3,NaN
3,0,3,0.8776207124053833
3,0,3,NaN
3,0,3,NaN
3,0,3,NaN
2,1,3,NaN
3,0,3,0.1376319999999998
3,0,3,NaN
3,0,3,0.2639976722265888
3,0,3,0.8597792096635031
3,0,3,NaN
3,0,3,NaN
3,0,3,NaN
3,0,3,0.8597792096635031
3,0,3,NaN
3,0,3,NaN
3,0,3,NaN
3,0,3,NaN
3,0,3,NaN
2,1,3,NaN
3,0,3,0.6613966634587408
2,1,3,NaN
3,0,3,NaN
2,1,3,NaN
3,0,3,NaN
3,0,3,0.43614794933242046
2,1,3,NaN
3,0,3,NaN
2,1,3,NaN
2,1,3,NaN
3,0,3,0.8185843942460208
3,0,3,NaN
3,0,3,NaN
3,0,3,NaN
3,0,3,NaN
3,0,3,0.9326921332428637
3,0,3,NaN
3,0,3,NaN
2,1,3,NaN
3,0,3,NaN
3,0,3,NaN
2,1,3,0.7332177371595686
3,0,3,0.1376319999999998
3,0,3,NaN
3,0,3,NaN
3,0,3,NaN
3,0,3,NaN
3,0,3,0.7925166447343686
3,0,3,NaN
3,0,3,0.6185582093370283
3,0,3,NaN
3,0,3,NaN
3,0,3,NaN
3,0,3,NaN
3,0,3,1.3800338257583791e-5
1,2,3,NaN
2,1,3,NaN
3,0,3,0.03782247324613561
1,2,3,NaN
2,1,3,NaN
1,2,3,NaN
2,1,3,NaN
2,1,3,NaN
2,1,3,NaN
2,1,3,NaN
3,0,3,NaN
3,0,3,0.1376319999999998
3,0,3,NaN
3,0,3,NaN
2,1,3,NaN
3,0,3,NaN
3,0,3,NaN
2,1,3,NaN
3,0,3,NaN
3,0,3,NaN
2,1,3,NaN
3,0,3,NaN
3,0,3,0.531729986764269
2,1,3,0.5757595332036677
1,2,3,NaN
2,1,3,NaN
2,1,3,NaN
1,2,3,0.43614794933242046
3,0,3,NaN
2,1,3,NaN
2,1,3,NaN
3,0,3,NaN
3,0,3,0.07633250114228259
3,0,3,NaN
3,0,3,NaN
3,0,3,NaN
1,2,3,NaN
3,0,3,NaN
3,0,3,NaN
3,0,3,NaN
3,0,3,0.8185843942460208
3,0,3,0.7641629005282548
2,1,3,NaN
1,2,3,0.1026612005498701
3,0,3,NaN
3,0,3,NaN
3,0,3,NaN
2,1,3,NaN
3,0,3,NaN
3,0,3,NaN
3,0,3,NaN
3,0,3,0.03782247324613561
3,0,3,NaN
3,0,3,0.390088581715401
3,0,3,NaN
2,1,3,NaN
2,1,3,NaN
3,0,3,0.8770122193000203
3,0,3,NaN
3,0,3,NaN
2,1,3,NaN
2,1,3,NaN
3,0,3,NaN
3,0,3,NaN
3,0,3,NaN
3,0,3,NaN
3,0,3,0.9209789316492126
3,0,3,NaN
3,0,3,NaN
3,0,3,NaN
3,0,3,NaN
3,0,3,NaN
3,0,3,NaN
1,2,3,NaN
3,0,3,NaN
3,0,3,NaN
1,2,3,NaN
2,1,3,NaN
3,0,3,0.6990667746156102
2,1,3,0.15921953565114888
3,0,3,NaN
3,0,3,NaN
3,0,3,NaN
3,0,3,NaN
2,1,3,NaN
2,1,3,NaN
3,0,3,NaN
2,1,3,NaN
3,0,3,NaN
3,0,3,NaN
3,0,3,NaN
2,1,3,NaN
3,0,3,NaN
2,1,3,NaN
3,0,3,NaN
1,2,3,0.043199805379105054
3,0,3,NaN
3,0,3,NaN
3,0,3,0.6185582093370283
2,1,3,NaN
2,1,3,NaN
1,2,3,0.7332177371595686
3,0,3,NaN
1,2,3,NaN
3,0,3,NaN
3,0,3,NaN
3,0,3,NaN
3,0,3,NaN
3,0,3,NaN
3,0,3,NaN
3,0,3,NaN
3,0,3,0.7332177371595686
3,0,3,0.483768449142263
3,0,3,0.7332177371595686
3,0,3,0.7925166447343686
2,1,3,0.9627180835403164
3,0,3,0.7332177371595686
3,0,3,NaN
2,1,3,0.6185582093370283
2,1,3,NaN
2,1,3,0.531729986764269
2,1,3,NaN
3,0,3,NaN
3,0,3,0.893076864532752
3,0,3,0.5459424067501532
2,1,3,NaN
3,0,3,NaN
3,0,3,NaN
3,0,3,NaN
3,0,3,NaN
3,0,3,NaN
2,1,3,NaN
2,1,3,NaN
3,0,3,NaN
3,0,3,NaN
3,0,3,NaN
1,2,3,NaN
3,0,3,NaN
3,0,3,NaN
3,0,3,NaN
3,0,3,NaN
3,0,3,NaN
3,0,3,0.483768449142263
3,0,3,NaN
2,1,3,0.6185582093370283
3,0,3,0.03782247324613561
3,0,3,NaN
3,0,3,NaN
1,2,3,0.43577762349235377
2,1,3,NaN
2,1,3,0.31128496075105533
3,0,3,NaN
3,0,3,0.34926187684352356
3,0,3,NaN
2,1,3,NaN
3,0,3,NaN
3,0,3,NaN
1,2,3,0.8395040133151549
3,0,3,NaN
3,0,3,0.0569687888815355
1,2,3,NaN
1,2,3,NaN
3,0,3,NaN
3,0,3,NaN
3,0,3,NaN
2,1,3,NaN
3,0,3,0.3566774067387504
3,0,3,NaN
2,1,3,NaN
2,1,3,NaN
3,0,3,NaN
2,1,3,NaN
3,0,3,NaN
2,1,3,0.0569687888815355
3,0,3,NaN
3,0,3,0.6185582093370283
1,2,3,NaN
3,0,3,0.11835585687382275
2,1,3,NaN
3,0,3,0.6544793908273733
1,2,3,0.3796937471691394
2,1,3,0.23998440172325927
2,1,3,NaN
3,0,3,NaN
3,0,3,0.6990667746156102
2,1,3,NaN
3,0,3,NaN
2,1,3,NaN
3,0,3,NaN
3,0,3,NaN
2,1,3,0.7641629005282548
3,0,3,NaN
3,0,3,0.9079098270401949
3,0,3,NaN
3,0,3,0.00033917189684949884
3,0,3,NaN
2,1,3,NaN
2,1,3,NaN
3,0,3,0.8185843942460208
3,0,3,0.7332177371595686
3,0,3,0.6613966634587408
2,1,3,NaN
3,0,3,0.5757595332036677
3,0,3,NaN
2,1,3,NaN
1,2,3,NaN
1,2,3,NaN
3,0,3,0.7332177371595686
3,0,3,0.7332177371595686
3,0,3,NaN
1,2,3,NaN
3,0,3,0.531729986764269
3,0,3,NaN
3,0,3,NaN
3,0,3,0.31128496075105533
2,1,3,NaN
1,2,3,NaN
3,0,3,NaN
3,0,3,NaN
2,1,3,NaN
3,0,3,NaN
2,1,3,NaN
3,0,3,NaN
3,0,3,NaN
3,0,3,NaN
2,1,3,NaN
2,1,3,NaN
2,1,3,NaN
3,0,3,NaN
3,0,3,NaN
2,1,3,NaN
3,0,3,NaN
3,0,3,NaN
3,0,3,NaN
2,1,3,NaN
3,0,3,0.9534153129152887
3,0,3,NaN
2,1,3,0.043199805379105054
2,1,3,NaN
3,0,3,NaN
3,0,3,0.5757595332036677
3,0,3,NaN
1,2,3,NaN
3,0,3,NaN
2,1,3,0.1026612005498701
3,0,3,NaN
3,0,3,NaN
3,0,3,NaN
2,1,3,0.5038107774691
3,0,3,NaN
3,0,3,0.7641629005282548
3,0,3,NaN
3,0,3,NaN
3,0,3,0.11835585687382275
3,0,3,NaN
2,1,3,0.31128496075105533
3,0,3,0.5757595332036677
3,0,3,NaN
3,0,3,NaN
3,0,3,NaN
3,0,3,NaN
2,1,3,0.20936945520216732
3,0,3,0.20936945520216732
2,1,3,NaN
3,0,3,0.11835585687382275
3,0,3,0.7925166447343686
3,0,3,NaN
3,0,3,NaN
2,1,3,NaN
3,0,3,0.15921953565114888
3,0,3,0.483768449142263
3,0,3,NaN
2,1,3,NaN
2,1,3,NaN
3,0,3,NaN
2,1,3,NaN
3,0,3,NaN
3,0,3,NaN
3,0,3,0.15335378835900043
3,0,3,NaN
3,0,3,0.390088581715401
3,0,3,NaN
3,0,3,0.022788573734112794
3,0,3,NaN
2,1,3,NaN
3,0,3,0.7641629005282548
1,2,3,NaN
2,1,3,NaN
2,1,3,NaN
3,0,3,NaN
2,1,3,NaN
2,1,3,0.9919214683718085
2,1,3,NaN
3,0,3,NaN
2,1,3,0.9649493693772327
3,0,3,NaN
3,0,3,0.0010110532001673229
2,1,3,NaN
3,0,3,NaN
1,2,3,0.7700809070434429
3,0,3,NaN
3,0,3,NaN
3,0,3,NaN
2,1,3,NaN
3,0,3,NaN
2,1,3,NaN
3,0,3,0.9614248710601718
3,0,3,0.9848027522935779
1,2,3,NaN
3,0,3,0.8278162142569784
3,0,3,0.15921953565114888
2,1,3,NaN
2,1,3,NaN
3,0,3,0.43614794933242046
2,1,3,NaN
3,0,3,NaN
3,0,3,NaN
3,0,3,NaN
2,1,3,0.7925166447343686
3,0,3,NaN
3,0,3,0.43614794933242046
3,0,3,NaN
3,0,3,NaN
2,1,3,0.6185582093370283
3,0,3,NaN
2,1,3,0.6645503847407921
2,1,3,NaN
3,0,3,NaN
3,0,3,NaN
3,0,3,0.07633250114228259
2,1,3,0.6613966634587408
2,1,3,NaN
3,0,3,NaN
3,0,3,0.9534153129152887
3,0,3,NaN
3,0,3,NaN
3,0,3,NaN
3,0,3,NaN
3,0,3,0.23998440172325927
3,0,3,0.03695595797946399
3,0,3,NaN
3,0,3,NaN
3,0,3,NaN
1,2,3,NaN
3,0,3,0.31128496075105533
3,0,3,NaN
1,2,3,NaN
2,1,3,0.13797619272253211
3,0,3,0.2736599385245901
2,1,3,NaN
3,0,3,NaN
3,0,3,0.06525587975951877
3,0,3,NaN
3,0,3,NaN
3,0,3,NaN
3,0,3,0.014302811501596825
2,1,3,NaN
3,0,3,NaN
3,0,3,NaN
3,0,3,NaN
3,0,3,NaN
2,1,3,NaN
2,1,3,NaN
2,1,3,0.9392893038239384
3,0,3,NaN
3,0,3,0.2736599385245901
1,2,3,NaN
1,2,3,0.04937587322664477
2,1,3,0.016627813551177786
3,0,3,NaN
3,0,3,NaN
3,0,3,NaN
3,0,3,0.7332177371595686
3,0,3,NaN
3,0,3,NaN
1,2,3,NaN
2,1,3,NaN
1,2,3,0.02929114763108997
3,0,3,NaN
3,0,3,NaN
1,2,3,0.7925166447343686
1,2,3,NaN
3,0,3,NaN
3,0,3,NaN
2,1,3,0.5757595332036677
2,1,3,NaN
3,0,3,NaN
1,2,3,0.531729986764269
2,1,3,NaN
1,2,3,NaN
2,1,3,0.11835585687382275
2,1,3,0.8185843942460208
2,1,3,0.7332177371595686
3,0,3,NaN
3,0,3,NaN
3,0,3,NaN
3,0,3,NaN
3,0,3,0.9433412321949546
1,2,3,NaN
2,1,3,NaN
3,0,3,NaN
3,0,3,NaN
2,1,3,NaN
1,2,3,0.1026612005498701
3,0,3,NaN
3,0,3,NaN
3,0,3,NaN
3,0,3,NaN
2,1,3,NaN
3,0,3,NaN
3,0,3,NaN
3,0,3,0.027150137488542374
3,0,3,NaN
3,0,3,NaN
2,1,3,NaN
3,0,3,0.31128496075105533
1,2,3,0.2736599385245901
3,0,3,NaN
3,0,3,NaN
2,1,3,NaN
3,0,3,NaN
3,0,3,NaN
3,0,3,NaN
2,1,3,NaN
3,0,3,NaN
2,1,3,0.00829404517453861
3,0,3,NaN
2,1,3,NaN
3,0,3,NaN
3,0,3,NaN
3,0,3,NaN
3,0,3,NaN
3,0,3,NaN
2,1,3,0.11835585687382275
3,0,3,NaN
3,0,3,NaN
3,0,3,0.893076864532752
3,0,3,NaN
3,0,3,0.6613966634587408
2,1,3,NaN
3,0,3,NaN
3,0,3,0.9071352322312466
3,0,3,0.9747128701728911
3,0,3,NaN
3,0,3,NaN
2,1,3,0.2736599385245901
3,0,3,NaN
1,2,3,NaN
3,0,3,NaN
1,2,3,NaN
3,0,3,NaN
2,1,3,0.8597792096635031
3,0,3,NaN
3,0,3,NaN
3,0,3,NaN
3,0,3,0.04870332412302439
3,0,3,0.6613966634587408
3,0,3,NaN
3,0,3,0.34926187684352356
3,0,3,NaN
2,1,3,0.6185582093370283
1,2,3,NaN
1,2,3,0.34926187684352356
2,1,3,NaN
3,0,3,NaN
3,0,3,NaN
2,1,3,NaN
3,0,3,NaN
2,1,3,0.43614794933242046
3,0,3,0.5825272282964099
2,1,3,NaN
3,0,3,0.11835585687382275
2,1,3,NaN
3,0,3,NaN
3,0,3,NaN
3,0,3,NaN
3,0,3,NaN
2,1,3,0.893076864532752
3,0,3,NaN
3,0,3,0.6990667746156102
3,0,3,NaN
2,1,3,NaN
3,0,3,0.019519080662983124
2,1,3,0.34926187684352356
3,0,3,NaN
2,1,3,0.893076864532752
3,0,3,NaN
3,0,3,NaN
2,1,3,0.03782247324613561
2,1,3,NaN
3,0,3,0.6613966634587408
3,0,3,NaN
2,1,3,NaN
1,2,3,NaN
1,2,3,0.6185582093370283
3,0,3,NaN
3,0,3,NaN
3,0,3,NaN
2,1,3,NaN
3,0,3,NaN
3,0,3,NaN
3,0,3,0.531729986764269
3,0,3,NaN
2,1,3,0.1376319999999998
2,1,3,0.030707003010138362
2,1,3,NaN
2,1,3,0.08113498831481093
2,1,3,NaN
3,0,3,NaN
1,2,3,NaN
3,0,3,NaN
3,0,3,0.7641629005282548
3,0,3,NaN
3,0,3,0.9433412321949546
3,0,3,0.7925166447343686
1,2,3,NaN
2,1,3,NaN
3,0,3,NaN
3,0,3,NaN
3,0,3,NaN
3,0,3,NaN
3,0,3,NaN
3,0,3,NaN
3,0,3,NaN
3,0,3,NaN
2,1,3,0.11835585687382275
3,0,3,0.01657322305702569
2,1,3,NaN
2,1,3,NaN
2,1,3,NaN
3,0,3,NaN
3,0,3,NaN
3,0,3,NaN
3,0,3,NaN
3,0,3,NaN
3,0,3,0.06525587975951877
3,0,3,NaN
3,0,3,0.9848027522935779
3,0,3,NaN
1,2,3,0.893076864532752
3,0,3,0.531729986764269
1,2,3,0.9994620073112016
3,0,3,NaN
3,0,3,NaN
2,1,3,NaN
2,1,3,0.6990667746156102
2,1,3,0.6990667746156102
3,0,3,NaN
2,1,3,0.6185582093370283
3,0,3,NaN
3,0,3,NaN
2,1,3,NaN
3,0,3,0.15921953565114888
3,0,3,0.6990667746156102
2,1,3,NaN
2,1,3,0.7925166447343686
2,1,3,NaN
3,0,3,NaN
2,1,3,0.6185582093370283
3,0,3,0.531729986764269
2,1,3,NaN
3,0,3,NaN
3,0,3,0.016627813551177786
3,0,3,0.30766134932571504
3,0,3,NaN
2,1,3,NaN
2,1,3,0.22375730346751577
3,0,3,NaN
2,1,3,NaN
3,0,3,NaN
2,1,3,NaN
2,1,3,NaN
3,0,3,NaN
1,2,3,NaN
3,0,3,NaN
3,0,3,NaN
2,1,3,NaN
3,0,3,NaN
2,1,3,0.9747128701728911
3,0,3,NaN
3,0,3,NaN
3,0,3,NaN
3,0,3,0.31128496075105533
2,1,3,NaN
3,0,3,NaN
2,1,3,NaN
3,0,3,0.8185843942460208
2,1,3,0.2736599385245901
3,0,3,0.15921953565114888
3,0,3,0.7332177371595686
3,0,3,NaN
3,0,3,NaN
3,0,3,NaN
2,1,3,0.6990667746156102
3,0,3,0.024664287013170735
1,2,3,0.31128496075105533
3,0,3,0.18342590517711166
2,1,3,0.7641629005282548
3,0,3,0.8395040133151549
2,1,3,0.15921953565114888
2,1,3,NaN
2,1,3,NaN
3,0,3,NaN
3,0,3,NaN
3,0,3,NaN
3,0,3,NaN
2,1,3,NaN
3,0,3,NaN
3,0,3,NaN
3,0,3,NaN
3,0,3,NaN
3,0,3,NaN
3,0,3,0.6185582093370283
3,0,3,NaN
3,0,3,0.34926187684352356
3,0,3,0.20936945520216732
1,2,3,NaN
3,0,3,NaN
3,0,3,NaN
3,0,3,0.7641629005282548
3,0,3,NaN
2,1,3,0.016627813551177786
3,0,3,0.6185582093370283
3,0,3,NaN
3,0,3,NaN
3,0,3,NaN
2,1,3,NaN
3,0,3,NaN
3,0,3,NaN
1,2,3,0.9433412321949546
3,0,3,NaN
3,0,3,NaN
3,0,3,NaN
3,0,3,NaN
3,0,3,NaN
3,0,3,0.012022118863049316
3,0,3,0.9079098270401949
3,0,3,0.04937587322664477
3,0,3,NaN
3,0,3,NaN
3,0,3,NaN
3,0,3,0.560681281690559
3,0,3,0.07149157896053752
2,1,3,0.0030892543021027673
2,1,3,NaN
2,1,3,NaN
2,1,3,NaN
2,1,3,NaN
2,1,3,NaN
3,0,3,0.531729986764269
2,1,3,NaN
3,0,3,0.7332177371595686
3,0,3,NaN
1,2,3,0.9071352322312466
3,0,3,0.7332177371595686
2,1,3,NaN
3,0,3,NaN
2,1,3,NaN
3,0,3,NaN
3,0,3,NaN
1,2,3,NaN
2,1,3,NaN
3,0,3,NaN
3,0,3,NaN
3,0,3,NaN
2,1,3,NaN
3,0,3,0.6613966634587408
2,1,3,0.483768449142263
3,0,3,NaN
3,0,3,NaN
3,0,3,NaN
3,0,3,0.34926187684352356
3,0,3,NaN
3,0,3,NaN
3,0,3,NaN
3,0,3,0.6185582093370283
3,0,3,NaN
3,0,3,NaN
3,0,3,0.6185582093370283
3,0,3,NaN
3,0,3,0.8597792096635031
2,1,3,NaN
3,0,3,NaN
3,0,3,NaN
3,0,3,NaN
3,0,3,0.7925166447343686
3,0,3,NaN
2,1,3,NaN
3,0,3,NaN
3,0,3,NaN
3,0,3,NaN
3,0,3,NaN
2,1,3,NaN
3,0,3,0.6185582093370283
2,1,3,NaN
3,0,3,NaN
3,0,3,NaN
3,0,3,NaN
3,0,3,0.04937587322664477
2,1,3,0.009912176912471659
3,0,3,0.8395040133151549
3,0,3,NaN
3,0,3,NaN
2,1,3,NaN
3,0,3,NaN
1,2,3,0.5757595332036677
3,0,3,NaN
1,2,3,NaN
3,0,3,NaN
2,1,3,NaN
3,0,3,NaN
1,2,3,0.483768449142263
3,0,3,NaN
3,0,3,NaN
2,1,3,NaN
1,2,3,NaN
2,1,3,NaN
3,0,3,NaN
3,0,3,NaN
2,1,3,NaN
3,0,3,0.15921953565114888
2,1,3,NaN
3,0,3,NaN
2,1,3,NaN
3,0,3,NaN
3,0,3,0.014302811501596825
2,1,3,NaN
2,1,3,NaN
3,0,3,0.15921953565114888
3,0,3,NaN
1,2,3,NaN
2,1,3,0.483768449142263
3,0,3,NaN
3,0,3,NaN
1,2,3,NaN
3,0,3,NaN
3,0,3,NaN
3,0,3,NaN
3,0,3,NaN
2,1,3,NaN
1,2,3,0.18342590517711166
3,0,3,NaN
3,0,3,0.7643903218254935
2,1,3,0.31128496075105533
2,1,3,NaN
3,0,3,NaN
3,0,3,NaN
3,0,3,NaN
3,0,3,NaN
2,1,3,0.8770122193000203
3,0,3,NaN
2,1,3,NaN
2,1,3,NaN
3,0,3,NaN
3,0,3,0.17731261622720978
1,2,3,0.43614794933242046
3,0,3,NaN
3,0,3,NaN
3,0,3,NaN
3,0,3,0.13717722402408927
3,0,3,NaN
3,0,3,0.1482371892716262
3,0,3,NaN
3,0,3,NaN
3,0,3,NaN
1,2,3,NaN
3,0,3,NaN
3,0,3,0.000584967414917312
3,0,3,NaN
3,0,3,NaN
2,1,3,NaN
3,0,3,NaN
3,0,3,NaN
2,1,3,NaN
3,0,3,NaN
3,0,3,NaN
1,2,3,NaN
1,2,3,NaN
3,0,3,0.9433412321949546
3,0,3,0.7641629005282548
2,1,3,NaN
1,2,3,NaN
3,0,3,NaN
3,0,3,NaN
2,1,3,0.2736599385245901
3,0,3,0.390088581715401
3,0,3,NaN
3,0,3,NaN
3,0,3,NaN
3,0,3,NaN
3,0,3,NaN
3,0,3,0.7641629005282548
3,0,3,0.2736599385245901
1,2,3,NaN
1,2,3,NaN
3,0,3,0.7641629005282548
3,0,3,0.20936945520216732
3,0,3,NaN
3,0,3,NaN
3,0,3,NaN
3,0,3,NaN
2,1,3,NaN
2,1,3,NaN
3,0,3,NaN
3,0,3,NaN
2,1,3,0.9625215803688899
2,1,3,0.6185582093370283
1,2,3,NaN
3,0,3,NaN
3,0,3,NaN
3,0,3,NaN
3,0,3,NaN
3,0,3,NaN
3,0,3,NaN
3,0,3,NaN
3,0,3,NaN
3,0,3,NaN
2,1,3,0.6185582093370283
3,0,3,0.7641629005282548
3,0,3,NaN
3,0,3,NaN
2,1,3,NaN
3,0,3,NaN
3,0,3,NaN
3,0,3,0.8185843942460208
2,1,3,NaN
3,0,3,0.7641629005282548
3,0,3,NaN
3,0,3,0.20936945520216732
3,0,3,NaN
2,1,3,NaN
3,0,3,NaN
2,1,3,0.1376319999999998
3,0,3,0.028276646443171786
3,0,3,NaN
3,0,3,0.6613966634587408
2,1,3,0.531729986764269
3,0,3,NaN
3,0,3,NaN
2,1,3,NaN
2,1,3,NaN
2,1,3,0.43614794933242046
2,1,3,0.7641629005282548
2,1,3,NaN
3,0,3,NaN
3,0,3,NaN
2,1,3,0.11835585687382275
3,0,3,NaN
1,2,3,NaN
2,1,3,NaN
3,0,3,NaN
2,1,3,NaN
2,1,3,NaN
3,0,3,0.18342590517711166
3,0,3,NaN
3,0,3,NaN
3,0,3,NaN
3,0,3,0.483768449142263
3,0,3,NaN
3,0,3,NaN
3,0,3,NaN
3,0,3,NaN
3,0,3,NaN
2,1,3,NaN
2,1,3,NaN
3,0,3,NaN
3,0,3,NaN
3,0,3,0.5757595332036677
3,0,3,0.8185843942460208
3,0,3,NaN
3,0,3,NaN
2,1,3,NaN
3,0,3,NaN
3,0,3,NaN
3,0,3,0.7332177371595686
3,0,3,NaN
3,0,3,NaN
2,1,3,0.36690465863198757
3,0,3,NaN
3,0,3,NaN
2,1,3,0.14341372939388958
2,1,3,NaN
3,0,3,NaN
3,0,3,0.20936945520216732
2,1,3,0.8395040133151549
3,0,3,0.7332177371595686
3,0,3,0.9607680922410912
2,1,3,NaN
3,0,3,NaN
2,1,3,NaN
3,0,3,0.014302811501596825
1,2,3,0.04937587322664477
2,1,3,NaN
1,2,3,NaN
3,0,3,0.390088581715401
3,0,3,0.23998440172325927
3,0,3,0.0021679292106529047
3,0,3,NaN
3,0,3,NaN
2,1,3,NaN
2,1,3,NaN
3,0,3,0.001450341113107375
3,0,3,NaN
3,0,3,0.483768449142263
2,1,3,NaN
2,1,3,0.7925166447343686
3,0,3,NaN
2,1,3,0.2736599385245901
3,0,3,0.390088581715401
3,0,3,NaN
1,2,3,NaN
3,0,3,NaN
3,0,3,NaN
3,0,3,NaN
3,0,3,NaN
3,0,3,0.18342590517711166
2,1,3,NaN
2,1,3,0.483768449142263
3,0,3,NaN
2,1,3,NaN
3,0,3,NaN
3,0,3,0.43614794933242046
3,0,3,0.8770122193000203
3,0,3,NaN
2,1,3,NaN
3,0,3,NaN
3,0,3,NaN
3,0,3,NaN
3,0,3,NaN
3,0,3,NaN
1,2,3,NaN
3,0,3,NaN
3,0,3,NaN
3,0,3,NaN
2,1,3,NaN
3,0,3,NaN
2,1,3,NaN
2,1,3,0.5757595332036677
3,0,3,NaN
3,0,3,NaN
3,0,3,0.4567030950633912
3,0,3,NaN
1,2,3,NaN
3,0,3,0.9326921332428637
3,0,3,NaN
3,0,3,0.07633250114228259
3,0,3,NaN
2,1,3,NaN
3,0,3,0.0569687888815355
3,0,3,NaN
3,0,3,NaN
2,1,3,NaN
3,0,3,0.8395040133151549
3,0,3,NaN
3,0,3,0.31128496075105533
3,0,3,0.5757595332036677
2,1,3,NaN
3,0,3,NaN
3,0,3,NaN
2,1,3,0.8510238584787222
3,0,3,NaN
3,0,3,NaN
3,0,3,0.9614248710601718
3,0,3,NaN
3,0,3,0.6613966634587408
3,0,3,NaN
3,0,3,0.11835585687382275
3,0,3,NaN
2,1,3,0.1026612005498701
3,0,3,NaN
1,2,3,NaN
3,0,3,NaN
3,0,3,NaN
2,1,3,NaN
3,0,3,NaN
3,0,3,0.8185843942460208
3,0,3,0.2736599385245901
3,0,3,NaN
3,0,3,NaN
3,0,3,NaN
3,0,3,NaN
2,1,3,NaN
3,0,3,NaN
2,1,3,NaN
1,2,3,NaN
1,2,3,NaN
3,0,3,NaN
2,1,3,0.5605686154146111
2,1,3,0.11835585687382275
2,1,3,0.15921953565114888
3,0,3,0.06525587975951877
2,1,3,NaN
3,0,3,NaN
3,0,3,NaN
3,0,3,NaN
3,0,3,NaN
3,0,3,NaN
3,0,3,NaN
3,0,3,NaN
2,1,3,NaN
3,0,3,NaN
2,1,3,0.8185843942460208
2,1,3,0.20936945520216732
3,0,3,NaN
2,1,3,NaN
3,0,3,NaN
3,0,3,NaN
2,1,3,NaN
3,0,3,NaN
3,0,3,NaN
3,0,3,NaN
3,0,3,NaN
2,1,3,NaN
2,1,3,0.15921953565114888
2,1,3,NaN
3,0,3,0.6185582093370283
2,1,3,NaN
3,0,3,NaN
3,0,3,0.893076864532752
2,1,3,0.3042007367616033
3,0,3,NaN
3,0,3,NaN
3,0,3,0.5757595332036677
1,2,3,0.5170897945552569
2,1,3,NaN
3,0,3,NaN
3,0,3,NaN
2,1,3,NaN
3,0,3,NaN
1,2,3,0.7332177371595686
3,0,3,NaN
2,1,3,NaN
3,0,3,0.06990834494997782
2,1,3,NaN
3,0,3,0.34926187684352356
2,1,3,NaN
3,0,3,NaN
3,0,3,NaN
2,1,3,0.6185582093370283
3,0,3,NaN
2,1,3,NaN
3,0,3,0.9079098270401949
3,0,3,NaN
3,0,3,NaN
2,1,3,0.23998440172325927
3,0,3,NaN
1,2,3,NaN
2,1,3,NaN
3,0,3,NaN
1,2,3,0.43614794933242046
1,2,3,NaN
3,0,3,NaN
3,0,3,NaN
3,0,3,0.5757595332036677
2,1,3,NaN
3,0,3,NaN
3,0,3,NaN
2,1,3,NaN
3,0,3,NaN
3,0,3,NaN
3,0,3,NaN
3,0,3,NaN
3,0,3,NaN
3,0,3,NaN
2,1,3,NaN
2,1,3,NaN
1,2,3,NaN
3,0,3,0.5757595332036677
2,1,3,NaN
2,1,3,0.15921953565114888
3,0,3,NaN
3,0,3,0.04937587322664477
2,1,3,0.06525587975951877
2,1,3,NaN
3,0,3,0.9534153129152887
1,2,3,0.1376319999999998
3,0,3,0.18342590517711166
2,1,3,NaN
3,0,3,NaN
3,0,3,NaN
3,0,3,NaN
3,0,3,0.07633250114228259
3,0,3,0.483768449142263
2,1,3,0.6990667746156102
3,0,3,0.9079098270401949
3,0,3,NaN
2,1,3,0.9848027522935779
3,0,3,NaN
3,0,3,NaN
2,1,3,NaN
3,0,3,NaN
2,1,3,0.8597792096635031
3,0,3,NaN
1,2,3,NaN
1,2,3,NaN
2,1,3,NaN
3,0,3,NaN
2,1,3,0.7332177371595686
3,0,3,NaN
2,1,3,0.11835585687382275
1,2,3,0.6645503847407921
2,1,3,NaN
2,1,3,NaN
1,2,3,NaN
2,1,3,NaN
3,0,3,0.9326921332428637
2,1,3,NaN
3,0,3,NaN
3,0,3,0.7641629005282548
1,2,3,0.8185843942460208
3,0,3,NaN
3,0,3,NaN
2,1,3,NaN
3,0,3,0.7641629005282548
3,0,3,NaN
2,1,3,0.8956482701418051
3,0,3,NaN
2,1,3,NaN
3,0,3,0.483768449142263
3,0,3,NaN
2,1,3,NaN
3,0,3,0.1376319999999998
3,0,3,0.06525587975951877
2,1,3,0.8395040133151549
3,0,3,NaN
3,0,3,0.9326921332428637
3,0,3,0.9326921332428637
2,1,3,NaN
2,1,3,NaN
3,0,3,NaN
3,0,3,NaN
3,0,3,NaN
3,0,3,NaN
3,0,3,NaN
2,1,3,NaN
3,0,3,NaN
3,0,3,0.001450341113107375
3,0,3,NaN
2,1,3,NaN
3,0,3,0.483768449142263
2,1,3,NaN
1,2,3,NaN
2,1,3,0.34926187684352356
3,0,3,NaN
2,1,3,NaN
3,0,3,NaN
2,1,3,NaN
1,2,3,NaN
3,0,3,0.43614794933242046
3,0,3,0.531729986764269
2,1,3,NaN
3,0,3,0.6613966634587408
3,0,3,NaN
3,0,3,0.7332177371595686
3,0,3,NaN
1,2,3,0.7332177371595686
3,0,3,NaN
2,1,3,NaN
3,0,3,NaN
3,0,3,0.1376319999999998
3,0,3,NaN
3,0,3,NaN
3,0,3,NaN
3,0,3,NaN
2,1,3,NaN
3,0,3,0.531729986764269
2,1,3,NaN
3,0,3,NaN
3,0,3,NaN
2,1,3,0.0569687888815355
2,1,3,NaN
3,0,3,NaN
3,0,3,NaN
3,0,3,0.7925166447343686
2,1,3,0.6185582093370283
3,0,3,NaN
3,0,3,NaN
3,0,3,NaN
3,0,3,NaN
2,1,3,NaN
3,0,3,0.4573189871059706
3,0,3,NaN
3,0,3,0.531729986764269
3,0,3,0.20936945520216732
3,0,3,NaN
3,0,3,NaN
3,0,3,NaN
3,0,3,0.9745426019427111
2,1,3,NaN
3,0,3,NaN
3,0,3,NaN
3,0,3,0.1026612005498701
3,0,3,0.7925166447343686
3,0,3,NaN
2,1,3,NaN
3,0,3,0.6185582093370283
3,0,3,NaN
3,0,3,NaN
3,0,3,NaN
2,1,3,NaN
2,1,3,0.00829404517453861
2,1,3,0.390088581715401
3,0,3,NaN
3,0,3,NaN
2,1,3,NaN
3,0,3,0.390088581715401
2,1,3,NaN
3,0,3,NaN
2,1,3,NaN
3,0,3,NaN
1,2,3,0.43614794933242046
3,0,3,NaN
3,0,3,NaN
3,0,3,NaN
3,0,3,NaN
3,0,3,0.43614794933242046
3,0,3,NaN
2,1,3,NaN
3,0,3,NaN
2,1,3,0.6990667746156102
3,0,3,NaN
3,0,3,NaN
1,2,3,NaN
3,0,3,NaN
3,0,3,NaN
3,0,3,NaN
3,0,3,0.1026612005498701
2,1,3,NaN
2,1,3,NaN
3,0,3,NaN
3,0,3,NaN
3,0,3,0.6990667746156102
3,0,3,NaN
3,0,3,NaN
3,0,3,NaN
1,2,3,NaN
2,1,3,0.04937587322664477
1,2,3,0.8185843942460208
2,1,3,0.043199805379105054
3,0,3,NaN
3,0,3,NaN
3,0,3,NaN
3,0,3,0.04937587322664477
1,2,3,NaN
1,2,3,NaN
2,1,3,NaN
1,2,3,NaN
3,0,3,NaN
3,0,3,NaN
3,0,3,NaN
2,1,3,NaN
2,1,3,0.04937587322664477
3,0,3,NaN
2,1,3,NaN
3,0,3,0.9209789316492126
2,1,3,0.7332177371595686
3,0,3,0.8185843942460208
3,0,3,0.4128765150443874
3,0,3,NaN
3,0,3,NaN
2,1,3,NaN
2,1,3,NaN
3,0,3,NaN
3,0,3,NaN
3,0,3,NaN
3,0,3,NaN
1,2,3,NaN
3,0,3,NaN
1,2,3,0.358509049423087
2,1,3,NaN
1,2,3,NaN
3,0,3,0.6990667746156102
3,0,3,0.20936945520216732
3,0,3,0.980101638801523
2,1,3,0.0004796550047931671
3,0,3,NaN
3,0,3,NaN
2,1,3,0.20936945520216732
3,0,3,0.8770122193000203
3,0,3,0.20936945520216732
2,1,3,NaN
3,0,3,NaN
3,0,3,0.03782247324613561
3,0,3,NaN
2,1,3,NaN
3,0,3,NaN
3,0,3,NaN
2,1,3,NaN
3,0,3,NaN
2,1,3,NaN
3,0,3,0.6613966634587408
2,1,3,NaN
3,0,3,NaN
3,0,3,NaN
3,0,3,NaN
1,2,3,NaN
2,1,3,NaN
1,2,3,0.483768449142263
3,0,3,0.7641629005282548
3,0,3,NaN
3,0,3,NaN
3,0,3,NaN
2,1,3,NaN
3,0,3,NaN
1,2,3,0.5757595332036677
3,0,3,0.5807958875536995
2,1,3,0.7332177371595686
3,0,3,NaN
3,0,3,0.31128496075105533
3,0,3,NaN
3,0,3,NaN
2,1,3,NaN
3,0,3,NaN
1,2,3,NaN
2,1,3,NaN
3,0,3,NaN
3,0,3,NaN
3,0,3,NaN
3,0,3,NaN
3,0,3,NaN
2,1,3,NaN
2,1,3,0.43614794933242046
3,0,3,NaN
2,1,3,NaN
3,0,3,NaN
2,1,3,NaN
2,1,3,NaN
2,1,3,0.8770122193000203
3,0,3,NaN
2,1,3,NaN
3,0,3,NaN
3,0,3,0.9079302426176408
3,0,3,0.5757595332036677
3,0,3,NaN
3,0,3,0.04937587322664477
2,1,3,NaN
2,1,3,0.6613966634587408
2,1,3,0.6613966634587408
3,0,3,NaN
2,1,3,NaN
3,0,3,NaN
3,0,3,0.0569687888815355
1,2,3,NaN
3,0,3,0.7948773508512438
3,0,3,0.483768449142263
3,0,3,NaN
1,2,3,0.6613966634587408
2,1,3,NaN
3,0,3,NaN
1,2,3,NaN
2,1,3,NaN
3,0,3,NaN
2,1,3,NaN
3,0,3,0.8185843942460208
1,2,3,NaN
2,1,3,0.15921953565114888
2,1,3,0.03782247324613561
3,0,3,0.8088420404664923
3,0,3,0.9209789316492126
1,2,3,0.6185582093370283
3,0,3,NaN
2,1,3,NaN
2,1,3,NaN
2,1,3,0.6613966634587408
3,0,3,NaN
2,1,3,NaN
2,1,3,NaN
1,2,3,0.531729986764269
3,0,3,0.390088581715401
3,0,3,NaN
2,1,3,NaN
3,0,3,NaN
3,0,3,NaN
2,1,3,NaN
3,0,3,0.531729986764269
3,0,3,NaN
3,0,3,NaN
3,0,3,NaN
3,0,3,NaN
3,0,3,0.8395040133151549
1,2,3,NaN
3,0,3,NaN
1,2,3,NaN
3,0,3,NaN
3,0,3,0.11835585687382275
3,0,3,0.6185582093370283
2,1,3,0.893076864532752
3,0,3,NaN
3,0,3,NaN
3,0,3,NaN
3,0,3,NaN
3,0,3,NaN
2,1,3,NaN
2,1,3,0.1376319999999998
1,2,3,0.18342590517711166
3,0,3,NaN
2,1,3,0.18342590517711166
3,0,3,0.1376319999999998
1,2,3,NaN
1,2,3,NaN
3,0,3,NaN
1,2,3,NaN
3,0,3,0.893076864532752
3,0,3,NaN
3,0,3,NaN
1,2,3,0.6613966634587408
3,0,3,NaN
3,0,3,NaN
3,0,3,NaN
3,0,3,0.6613966634587408
2,1,3,NaN
2,1,3,0.9988199866224712
2,1,3,0.04937587322664477
3,0,3,0.8770122193000203
3,0,3,NaN
3,0,3,NaN
2,1,3,NaN
2,1,3,NaN
3,0,3,NaN
3,0,3,NaN
3,0,3,0.9433412321949546
1,2,3,0.18342590517711166
3,0,3,NaN
1,2,3,NaN
3,0,3,NaN
1,2,3,NaN
3,0,3,NaN
3,0,3,0.1026612005498701
3,0,3,NaN
3,0,3,NaN
3,0,3,NaN
3,0,3,0.8185843942460208
3,0,3,0.18289175153557002
3,0,3,NaN
3,0,3,NaN
1,2,3,NaN
3,0,3,NaN
3,0,3,0.893076864532752
2,1,3,NaN
3,0,3,NaN
3,0,3,0.8770122193000203
2,1,3,0.23998440172325927
2,1,3,0.1376319999999998
3,0,3,0.15921953565114888
2,1,3,NaN
3,0,3,0.8597792096635031
3,0,3,NaN
3,0,3,0.6990667746156102
3,0,3,NaN
3,0,3,NaN
1,2,3,NaN
3,0,3,0.9614248710601718
3,0,3,NaN
3,0,3,0.016627813551177786
3,0,3,0.8770122193000203
2,1,3,NaN
3,0,3,NaN
3,0,3,NaN
2,1,3,NaN
3,0,3,NaN
1,2,3,NaN
3,0,3,NaN
3,0,3,NaN
2,1,3,NaN
2,1,3,NaN
2,1,3,NaN
3,0,3,NaN
3,0,3,NaN
3,0,3,NaN
2,1,3,NaN
3,0,3,0.7925166447343686
2,1,3,NaN
3,0,3,NaN
2,1,3,NaN
3,0,3,NaN
2,1,3,NaN
1,2,3,0.022788573734112794
2,1,3,0.9876194517766048
3,0,3,0.997576379207803
3,0,3,NaN
3,0,3,NaN
3,0,3,NaN
3,0,3,0.0569687888815355
3,0,3,NaN
3,0,3,NaN
3,0,3,NaN
2,1,3,NaN
3,0,3,NaN
1,2,3,0.13862449232099347
3,0,3,NaN
3,0,3,NaN
3,0,3,NaN
3,0,3,NaN
2,1,3,NaN
3,0,3,NaN
2,1,3,0.7925166447343686
3,0,3,0.8597792096635031
3,0,3,NaN
2,1,3,NaN
3,0,3,NaN
3,0,3,0.7925166447343686
3,0,3,NaN
3,0,3,NaN
3,0,3,NaN
2,1,3,NaN
1,2,3,NaN
3,0,3,NaN
3,0,3,NaN
3,0,3,0.9534153129152887
3,0,3,NaN
2,1,3,NaN
2,1,3,NaN
3,0,3,NaN
2,1,3,NaN
3,0,3,NaN
3,0,3,NaN
3,0,3,NaN
3,0,3,NaN
3,0,3,NaN
3,0,3,NaN
2,1,3,0.7925166447343686
3,0,3,NaN
2,1,3,NaN
3,0,3,0.6185582093370283
2,1,3,NaN
3,0,3,NaN
3,0,3,NaN
3,0,3,0.025187108411688648
3,0,3,NaN
1,2,3,0.594719772931375
3,0,3,NaN
3,0,3,0.31128496075105533
3,0,3,NaN
3,0,3,0.7925166447343686
2,1,3,NaN
2,1,3,0.390088581715401
2,1,3,NaN
2,1,3,NaN
2,1,3,0.11835585687382275
3,0,3,NaN
3,0,3,NaN
1,2,3,0.04937587322664477
2,1,3,0.8597792096635031
3,0,3,NaN
3,0,3,NaN
3,0,3,NaN
3,0,3,NaN
2,1,3,NaN
3,0,3,NaN
3,0,3,NaN
3,0,3,NaN
2,1,3,NaN
1,2,3,NaN
1,2,3,NaN
3,0,3,NaN
3,0,3,NaN
3,0,3,0.2736599385245901
3,0,3,NaN
1,2,3,NaN
3,0,3,NaN
3,0,3,NaN
2,1,3,NaN
3,0,3,NaN
3,0,3,NaN
3,0,3,NaN
3,0,3,0.11835585687382275
1,2,3,NaN
3,0,3,NaN
2,1,3,0.08869205529953894
3,0,3,NaN
3,0,3,NaN
2,1,3,0.7332177371595686
3,0,3,NaN
2,1,3,NaN
2,1,3,0.5858713937968076
3,0,3,NaN
3,0,3,0.8295235586814251
2,1,3,NaN
2,1,3,0.022788573734112794
3,0,3,NaN
3,0,3,NaN
2,1,3,NaN
2,1,3,NaN
3,0,3,NaN
2,1,3,NaN
3,0,3,0.6990667746156102
1,2,3,NaN
2,1,3,0.1376319999999998
2,1,3,0.01896780184951957
2,1,3,NaN
2,1,3,0.34926187684352356
2,1,3,0.2633660034347616
3,0,3,NaN
3,0,3,NaN
2,1,3,NaN
3,0,3,NaN
3,0,3,NaN
1,2,3,NaN
2,1,3,NaN
3,0,3,0.483768449142263
3,0,3,NaN
2,1,3,NaN
3,0,3,NaN
3,0,3,0.5757595332036677
1,2,3,NaN
2,1,3,NaN
2,1,3,0.8597792096635031
2,1,3,NaN
3,0,3,NaN
1,2,3,NaN
3,0,3,0.8770122193000203
3,0,3,0.23998440172325927
2,1,3,0.893076864532752
2,1,3,NaN
3,0,3,0.5757595332036677
3,0,3,NaN
2,1,3,NaN
3,0,3,NaN
2,1,3,NaN
3,0,3,NaN
3,0,3,NaN
1,2,3,NaN
2,1,3,NaN
3,0,3,NaN
2,1,3,NaN
3,0,3,0.6990667746156102
2,1,3,NaN
1,2,3,NaN
2,1,3,0.9747128701728911
1,2,3,NaN
3,0,3,0.1376319999999998
1,2,3,0.483768449142263
2,1,3,0.9747128701728911
2,1,3,0.531729986764269
3,0,3,NaN
1,2,3,NaN
3,0,3,NaN
2,1,3,0.3310658935063618
3,0,3,0.03230741676234196
3,0,3,NaN
2,1,3,0.6613966634587408
2,1,3,NaN
3,0,3,0.6613966634587408
1,2,3,0.022788573734112794
3,0,3,0.2736599385245901
2,1,3,NaN
3,0,3,NaN
3,0,3,NaN
3,0,3,NaN
2,1,3,NaN
3,0,3,NaN
3,0,3,NaN
3,0,3,0.0569687888815355
3,0,3,NaN
3,0,3,0.15921953565114888
3,0,3,NaN
3,0,3,NaN
3,0,3,0.6990667746156102
3,0,3,NaN
3,0,3,NaN
1,2,3,0.390088581715401
2,1,3,0.43614794933242046
3,0,3,0.23998440172325927
3,0,3,NaN
3,0,3,0.06525587975951877
3,0,3,0.11835585687382275
3,0,3,0.8770122193000203
1,2,3,0.34926187684352356
3,0,3,0.23998440172325927
3,0,3,NaN
3,0,3,NaN
2,1,3,NaN
1,2,3,NaN
3,0,3,NaN
1,2,3,NaN
2,1,3,0.8770122193000203
3,0,3,NaN
3,0,3,NaN
1,2,3,NaN
3,0,3,NaN
2,1,3,0.9614248710601718
2,1,3,0.8185843942460208
3,0,3,NaN
3,0,3,NaN
3,0,3,NaN
2,1,3,0.390088581715401
2,1,3,NaN
3,0,3,0.1026612005498701
3,0,3,NaN
2,1,3,NaN
3,0,3,0.483768449142263
3,0,3,0.9940320922471844
3,0,3,NaN
2,1,3,0.6613966634587408
2,1,3,0.2736599385245901
2,1,3,NaN
3,0,3,0.5101354788731787
2,1,3,NaN
2,1,3,0.15921953565114888
3,0,3,0.7925166447343686
2,1,3,NaN
1,2,3,NaN
3,0,3,0.43614794933242046
3,0,3,NaN
3,0,3,NaN
2,1,3,0.2736599385245901
2,1,3,NaN
2,1,3,NaN
3,0,3,0.022788573734112794
3,0,3,0.7641629005282548
3,0,3,0.6990667746156102
3,0,3,NaN
2,1,3,0.027150137488542374
1,2,3,NaN
2,1,3,NaN
3,0,3,NaN
3,0,3,0.02157051064231121
3,0,3,0.24824965460085582
3,0,3,NaN
3,0,3,NaN
2,1,3,0.9433412321949546
3,0,3,NaN
3,0,3,0.08869205529953894
3,0,3,NaN
3,0,3,0.18342590517711166
3,0,3,0.08869205529953894
3,0,3,NaN
2,1,3,NaN
3,0,3,0.7925166447343686
3,0,3,0.07269223082728245
2,1,3,NaN
3,0,3,NaN
2,1,3,0.390088581715401
3,0,3,0.9079098270401949
3,0,3,0.483768449142263
3,0,3,NaN
2,1,3,0.31128496075105533
3,0,3,0.8185843942460208
2,1,3,NaN
3,0,3,NaN
3,0,3,NaN
3,0,3,0.9326921332428637
2,1,3,NaN
2,1,3,NaN
3,0,3,NaN
3,0,3,NaN
3,0,3,NaN
3,0,3,NaN
1,2,3,NaN
3,0,3,NaN
3,0,3,0.20936945520216732
3,0,3,0.9209789316492126
2,1,3,NaN
2,1,3,NaN
3,0,3,NaN
3,0,3,NaN
3,0,3,NaN
3,0,3,0.31128496075105533
3,0,3,0.07633250114228259
3,0,3,0.1376319999999998
3,0,3,0.43614794933242046
1,2,3,0.8597792096635031
1,2,3,0.7925166447343686
2,1,3,0.9079098270401949
3,0,3,0.7332177371595686
3,0,3,0.6185582093370283
3,0,3,NaN
3,0,3,NaN
2,1,3,NaN
3,0,3,0.027658236644819114
2,1,3,NaN
3,0,3,NaN
2,1,3,NaN
3,0,3,NaN
3,0,3,NaN
2,1,3,NaN
2,1,3,NaN
3,0,3,NaN
2,1,3,0.20936945520216732
3,0,3,NaN
3,0,3,NaN
1,2,3,0.9209789316492126
3,0,3,NaN
2,1,3,NaN
2,1,3,NaN
1,2,3,NaN
2,1,3,NaN
2,1,3,NaN
3,0,3,NaN
2,1,3,NaN
3,0,3,0.5652419540299717
2,1,3,NaN
2,1,3,NaN
3,0,3,NaN
2,1,3,NaN
3,0,3,NaN
3,0,3,NaN
3,0,3,0.7332177371595686
3,0,3,0.9326921332428637
3,0,3,NaN
1,2,3,NaN
3,0,3,NaN
3,0,3,NaN
3,0,3,NaN
2,1,3,0.7332177371595686
3,0,3,0.9079098270401949
3,0,3,0.8185843942460208
3,0,3,0.7641629005282548
3,0,3,0.6990667746156102
3,0,3,NaN
3,0,3,0.04937587322664477
3,0,3,NaN
3,0,3,NaN
3,0,3,0.8395040133151549
3,0,3,0.03782247324613561
3,0,3,NaN
3,0,3,NaN
2,1,3,NaN
3,0,3,NaN
3,0,3,NaN
2,1,3,NaN
3,0,3,NaN
3,0,3,NaN
2,1,3,NaN
3,0,3,NaN
3,0,3,NaN
3,0,3,NaN
2,1,3,NaN
2,1,3,0.20936945520216732
3,0,3,NaN
3,0,3,NaN
3,0,3,NaN
3,0,3,NaN
1,2,3,NaN
3,0,3,NaN
2,1,3,NaN
1,2,3,NaN
3,0,3,0.9079098270401949
3,0,3,0.390088581715401
2,1,3,NaN
3,0,3,NaN
2,1,3,NaN
2,1,3,0.7641629005282548
2,1,3,NaN
3,0,3,NaN
3,0,3,0.531729986764269
3,0,3,NaN
3,0,3,0.6990667746156102
3,0,3,NaN
3,0,3,NaN
3,0,3,0.20936945520216732
3,0,3,NaN
2,1,3,0.027150137488542374
2,1,3,NaN
3,0,3,0.30397481279299704
3,0,3,NaN
2,1,3,NaN
3,0,3,0.8395040133151549
3,0,3,NaN
3,0,3,NaN
1,2,3,0.019519080662983124
1,2,3,0.483768449142263
3,0,3,0.8395040133151549
1,2,3,NaN
2,1,3,0.5757595332036677
3,0,3,NaN
3,0,3,0.9614248710601718
3,0,3,NaN
3,0,3,NaN
2,1,3,NaN
2,1,3,NaN
3,0,3,NaN
3,0,3,NaN
3,0,3,NaN
3,0,3,NaN
3,0,3,0.7925166447343686
3,0,3,NaN
1,2,3,0.9079098270401949
3,0,3,NaN
3,0,3,0.15921953565114888
3,0,3,NaN
3,0,3,NaN
3,0,3,NaN
3,0,3,NaN
3,0,3,NaN
3,0,3,0.9534153129152887
3,0,3,NaN
3,0,3,0.6613966634587408
3,0,3,NaN
3,0,3,0.06525587975951877
3,0,3,NaN
3,0,3,0.11835585687382275
2,1,3,0.531729986764269
2,1,3,NaN
3,0,3,NaN
2,1,3,0.0030892543021027673
3,0,3,NaN
2,1,3,NaN
2,1,3,0.8280095136300987
2,1,3,NaN
1,2,3,NaN
3,0,3,0.5757595332036677
2,1,3,NaN
3,0,3,NaN
3,0,3,0.23998440172325927
3,0,3,NaN
2,1,3,0.7332177371595686
2,1,3,NaN
3,0,3,0.34926187684352356
2,1,3,NaN
3,0,3,0.6613966634587408
3,0,3,0.18979683677219658
1,2,3,0.7641629005282548
3,0,3,0.1376319999999998
3,0,3,NaN
2,1,3,0.6613966634587408
3,0,3,NaN
3,0,3,NaN
1,2,3,0.531729986764269
2,1,3,0.5757595332036677
3,0,3,NaN
3,0,3,NaN
2,1,3,NaN
3,0,3,0.390088581715401
3,0,3,NaN
3,0,3,NaN
2,1,3,NaN
2,1,3,NaN
3,0,3,NaN
1,2,3,NaN
2,1,3,NaN
3,0,3,0.8185843942460208
2,1,3,0.1376319999999998
2,1,3,0.08869205529953894
2,1,3,NaN
3,0,3,NaN
3,0,3,NaN
3,0,3,NaN
2,1,3,NaN
3,0,3,NaN
3,0,3,NaN
3,0,3,NaN
2,1,3,NaN
2,1,3,NaN
3,0,3,NaN
2,1,3,NaN
2,1,3,NaN
2,1,3,0.5757595332036677
3,0,3,0.31128496075105533
3,0,3,NaN
1,2,3,NaN
3,0,3,NaN
3,0,3,0.5757595332036677
3,0,3,0.1376319999999998
3,0,3,0.1376319999999998
2,1,3,NaN
3,0,3,NaN
2,1,3,NaN
3,0,3,NaN
3,0,3,NaN
3,0,3,NaN
3,0,3,NaN
2,1,3,NaN
3,0,3,0.31128496075105533
3,0,3,0.08869205529953894
3,0,3,NaN
3,0,3,0.8185843942460208
2,1,3,0.893076864532752
3,0,3,NaN
3,0,3,0.11835585687382275
3,0,3,NaN
3,0,3,NaN
3,0,3,NaN
1,2,3,NaN
3,0,3,NaN
1,2,3,0.7925166447343686
2,1,3,NaN
3,0,3,0.31128496075105533
3,0,3,0.03230741676234196
3,0,3,0.11835585687382275
3,0,3,NaN
2,1,3,NaN
2,1,3,NaN
3,0,3,NaN
3,0,3,0.8395040133151549
3,0,3,NaN
3,0,3,NaN
3,0,3,NaN
1,2,3,0.531729986764269
3,0,3,NaN
3,0,3,NaN
3,0,3,NaN
3,0,3,0.7332177371595686
3,0,3,NaN
3,0,3,0.1026612005498701
3,0,3,0.2736599385245901
3,0,3,NaN
3,0,3,NaN
3,0,3,0.20936945520216732
3,0,3,NaN
3,0,3,NaN
3,0,3,NaN
1,2,3,NaN
3,0,3,NaN
3,0,3,NaN
3,0,3,NaN
3,0,3,NaN
1,2,3,0.6613966634587408
3,0,3,NaN
3,0,3,NaN
3,0,3,NaN
2,1,3,NaN
1,2,3,NaN
3,0,3,NaN
3,0,3,NaN
3,0,3,NaN
3,0,3,0.8597792096635031
3,0,3,NaN
2,1,3,NaN
2,1,3,NaN
3,0,3,NaN
3,0,3,0.6631277238462049
3,0,3,NaN
3,0,3,NaN
1,2,3,0.9959618436650923
3,0,3,NaN
3,0,3,0.6613966634587408
3,0,3,NaN
2,1,3,NaN
2,1,3,0.7641629005282548
3,0,3,NaN
2,1,3,0.7332177371595686
3,0,3,0.1376319999999998
1,2,3,NaN
2,1,3,NaN
3,0,3,NaN
3,0,3,NaN
3,0,3,NaN
2,1,3,NaN
2,1,3,NaN
3,0,3,NaN
3,0,3,NaN
3,0,3,NaN
3,0,3,NaN
2,1,3,0.7641629005282548
3,0,3,NaN
3,0,3,NaN
2,1,3,NaN
3,0,3,0.06525587975951877
3,0,3,NaN
2,1,3,NaN
3,0,3,NaN
3,0,3,0.8185843942460208
1,2,3,NaN
2,1,3,NaN
2,1,3,NaN
2,1,3,NaN
2,1,3,NaN
2,1,3,NaN
3,0,3,NaN
3,0,3,NaN
3,0,3,NaN
3,0,3,0.390088581715401
3,0,3,0.1026612005498701
3,0,3,0.23998440172325927
3,0,3,0.8395040133151549
3,0,3,NaN
2,1,3,NaN
3,0,3,NaN
3,0,3,NaN
3,0,3,NaN
3,0,3,NaN
2,1,3,NaN
1,2,3,0.5757595332036677
3,0,3,NaN
3,0,3,NaN
1,2,3,NaN
2,1,3,NaN
3,0,3,NaN
3,0,3,NaN
3,0,3,0.0012556385734394343
2,1,3,NaN
3,0,3,NaN
2,1,3,0.18342590517711166
2,1,3,0.8770122193000203
3,0,3,NaN
3,0,3,0.7641629005282548
3,0,3,NaN
3,0,3,0.43359950093236205
3,0,3,0.33575178840042647
3,0,3,NaN
3,0,3,0.8597792096635031
3,0,3,0.6613966634587408
2,1,3,NaN
2,1,3,0.8770122193000203
3,0,3,NaN
1,2,3,0.20936945520216732
3,0,3,NaN
2,1,3,0.8770122193000203
2,1,3,NaN
2,1,3,0.24265001291699886
3,0,3,NaN
3,0,3,NaN
3,0,3,NaN
1,2,3,NaN
1,2,3,NaN
3,0,3,NaN
3,0,3,NaN
3,0,3,NaN
3,0,3,NaN
3,0,3,0.8395040133151549
3,0,3,NaN
2,1,3,NaN
3,0,3,0.18342590517711166
3,0,3,NaN
3,0,3,NaN
2,1,3,NaN
2,1,3,NaN
3,0,3,NaN
3,0,3,0.1026612005498701
2,1,3,NaN
3,0,3,NaN
2,1,3,NaN
3,0,3,NaN
2,1,3,NaN
3,0,3,0.6990667746156102
2,1,3,NaN
3,0,3,NaN
3,0,3,NaN
2,1,3,NaN
1,2,3,NaN
3,0,3,NaN
3,0,3,0.6613966634587408
3,0,3,0.34926187684352356
1,2,3,NaN
3,0,3,NaN
3,0,3,NaN
2,1,3,NaN
3,0,3,NaN
1,2,3,NaN
2,1,3,NaN
2,1,3,0.6990667746156102
3,0,3,0.43614794933242046
1,2,3,NaN
2,1,3,NaN
3,0,3,NaN
3,0,3,NaN
3,0,3,0.5825455385005127
3,0,3,NaN
3,0,3,NaN
3,0,3,NaN
3,0,3,NaN
3,0,3,NaN
1,2,3,NaN
2,1,3,NaN
3,0,3,0.6613966634587408
3,0,3,NaN
3,0,3,NaN
3,0,3,0.6613966634587408
1,2,3,0.8597792096635031
3,0,3,0.9079098270401949
3,0,3,NaN
3,0,3,NaN
3,0,3,0.003788441268422185
3,0,3,0.6990667746156102
3,0,3,NaN
3,0,3,0.34926187684352356
3,0,3,0.34926187684352356
3,0,3,NaN
3,0,3,NaN
3,0,3,0.23998440172325927
3,0,3,NaN
2,1,3,NaN
3,0,3,NaN
3,0,3,0.7641629005282548
3,0,3,0.43614794933242046
3,0,3,NaN
3,0,3,NaN
2,1,3,NaN
3,0,3,NaN
3,0,3,0.01258199925014879
2,1,3,NaN
3,0,3,NaN
3,0,3,NaN
2,1,3,NaN
2,1,3,NaN
3,0,3,NaN
3,0,3,NaN
3,0,3,NaN
3,0,3,0.8185843942460208
3,0,3,NaN
3,0,3,NaN
3,0,3,NaN
3,0,3,NaN
1,2,3,0.483768449142263
2,1,3,NaN
3,0,3,NaN
3,0,3,NaN
2,1,3,NaN
1,2,3,0.7332177371595686
2,1,3,NaN
3,0,3,NaN
2,1,3,0.8395040133151549
3,0,3,NaN
3,0,3,NaN
3,0,3,NaN
3,0,3,NaN
3,0,3,NaN
3,0,3,NaN
3,0,3,NaN
1,2,3,0.08869205529953894
2,1,3,NaN
3,0,3,0.483768449142263
1,2,3,NaN
3,0,3,NaN
2,1,3,0.7641629005282548
3,0,3,NaN
2,1,3,NaN
3,0,3,0.7332177371595686
3,0,3,0.1376319999999998
1,2,3,NaN
3,0,3,NaN
3,0,3,0.531729986764269
3,0,3,NaN
1,2,3,NaN
3,0,3,NaN
3,0,3,NaN
3,0,3,NaN
2,1,3,0.8395040133151549
2,1,3,0.34926187684352356
2,1,3,NaN
3,0,3,NaN
3,0,3,NaN
2,1,3,NaN
3,0,3,0.9919214683718085
1,2,3,NaN
3,0,3,0.6150789892987253
3,0,3,NaN
2,1,3,NaN
3,0,3,NaN
2,1,3,0.06369218122857737
3,0,3,NaN
3,0,3,NaN
3,0,3,NaN
2,1,3,NaN
3,0,3,NaN
2,1,3,0.8597792096635031
3,0,3,0.6613966634587408
3,0,3,0.7641629005282548
2,1,3,NaN
2,1,3,NaN
3,0,3,NaN
3,0,3,NaN
1,2,3,0.34926187684352356
3,0,3,0.15921953565114888
3,0,3,0.893076864532752
2,1,3,0.6185582093370283
2,1,3,NaN
3,0,3,NaN
3,0,3,0.483768449142263
3,0,3,0.2736599385245901
3,0,3,NaN
2,1,3,NaN
2,1,3,0.1376319999999998
3,0,3,0.483768449142263
3,0,3,NaN
3,0,3,0.11457226791051575
3,0,3,0.6185582093370283
3,0,3,NaN
3,0,3,NaN
1,2,3,NaN
3,0,3,NaN
3,0,3,NaN
3,0,3,0.8770122193000203
3,0,3,0.04937587322664477
3,0,3,0.6990667746156102
3,0,3,NaN
3,0,3,0.45574032487896876
2,1,3,0.8185843942460208
3,0,3,NaN
2,1,3,NaN
2,1,3,0.531729986764269
2,1,3,0.9209789316492126
3,0,3,0.31128496075105533
3,0,3,NaN
2,1,3,NaN
3,0,3,NaN
3,0,3,0.7925166447343686
3,0,3,NaN
2,1,3,NaN
3,0,3,NaN
2,1,3,0.7925166447343686
3,0,3,NaN
2,1,3,NaN
3,0,3,0.980101638801523
3,0,3,NaN
3,0,3,NaN
3,0,3,0.7925166447343686
3,0,3,NaN
3,0,3,NaN
3,0,3,0.5378931731221492
3,0,3,0.43614794933242046
3,0,3,NaN
2,1,3,NaN
3,0,3,NaN
2,1,3,NaN
1,2,3,NaN
3,0,3,NaN
3,0,3,0.06525587975951877
2,1,3,NaN
3,0,3,NaN
3,0,3,NaN
3,0,3,NaN
3,0,3,NaN
1,2,3,NaN
3,0,3,NaN
3,0,3,0.2736599385245901
2,1,3,0.6990667746156102
2,1,3,0.893076864532752
2,1,3,NaN
2,1,3,NaN
2,1,3,0.31128496075105533
3,0,3,NaN
2,1,3,NaN
3,0,3,NaN
2,1,3,NaN
3,0,3,NaN
3,0,3,NaN
3,0,3,0.2736599385245901
3,0,3,NaN
2,1,3,0.23998440172325927
1,2,3,0.8597792096635031
3,0,3,NaN
3,0,3,NaN
3,0,3,NaN
2,1,3,NaN
3,0,3,NaN
3,0,3,0.8197394761937766
3,0,3,0.6613966634587408
2,1,3,NaN
3,0,3,NaN
3,0,3,0.9686139634526727
2,1,3,NaN
3,0,3,NaN
2,1,3,0.5757595332036677
1,2,3,0.43614794933242046
3,0,3,NaN
3,0,3,NaN
3,0,3,0.1026612005498701
3,0,3,NaN
2,1,3,0.6990667746156102
2,1,3,0.15921953565114888
1,2,3,NaN
2,1,3,NaN
3,0,3,0.893076864532752
2,1,3,NaN
1,2,3,NaN
3,0,3,0.390088581715401
2,1,3,0.6990667746156102
2,1,3,0.6990667746156102
3,0,3,NaN
3,0,3,NaN
2,1,3,NaN
3,0,3,NaN
3,0,3,NaN
3,0,3,NaN
3,0,3,NaN
3,0,3,0.20936945520216732
3,0,3,0.8770122193000203
3,0,3,0.6185582093370283
3,0,3,NaN
2,1,3,0.2736599385245901
3,0,3,0.6185582093370283
2,1,3,0.34926187684352356
3,0,3,0.531729986764269
3,0,3,NaN
3,0,3,NaN
3,0,3,NaN
2,1,3,NaN
1,2,3,NaN
3,0,3,0.531729986764269
2,1,3,NaN
3,0,3,0.6185582093370283
1,2,3,0.6613966634587408
3,0,3,NaN
3,0,3,NaN
3,0,3,NaN
3,0,3,NaN
2,1,3,NaN
1,2,3,NaN
2,1,3,0.31128496075105533
2,1,3,NaN
2,1,3,NaN
2,1,3,NaN
2,1,3,0.11835585687382275
1,2,3,0.7656419555930306
3,0,3,NaN
1,2,3,NaN
3,0,3,NaN
3,0,3,NaN
3,0,3,NaN
3,0,3,NaN
3,0,3,NaN
3,0,3,NaN
3,0,3,NaN
3,0,3,NaN
1,2,3,NaN
3,0,3,NaN
3,0,3,0.7925166447343686
3,0,3,0.43614794933242046
2,1,3,NaN
3,0,3,NaN
3,0,3,NaN
1,2,3,NaN
2,1,3,NaN
3,0,3,0.7641629005282548
2,1,3,NaN
3,0,3,0.483768449142263
2,1,3,NaN
3,0,3,NaN
3,0,3,NaN
3,0,3,NaN
2,1,3,0.390088581715401
2,1,3,NaN
2,1,3,NaN
2,1,3,0.7332177371595686
1,2,3,NaN
2,1,3,NaN
3,0,3,NaN
3,0,3,0.390088581715401
3,0,3,NaN
3,0,3,NaN
3,0,3,NaN
3,0,3,NaN
3,0,3,0.8770122193000203
3,0,3,0.002514442743431079
3,0,3,NaN
2,1,3,0.6185582093370283
3,0,3,NaN
2,1,3,NaN
2,1,3,NaN
2,1,3,NaN
3,0,3,NaN
3,0,3,NaN
1,2,3,NaN
1,2,3,NaN
3,0,3,0.7925166447343686
1,2,3,0.07633250114228259
1,2,3,NaN
2,1,3,0.8395040133151549
3,0,3,NaN
3,0,3,0.8185843942460208
1,2,3,NaN
3,0,3,NaN
2,1,3,NaN
3,0,3,NaN
3,0,3,NaN
3,0,3,NaN
2,1,3,0.43614794933242046
3,0,3,NaN
3,0,3,NaN
2,1,3,0.6185582093370283
3,0,3,0.2736599385245901
2,1,3,NaN
3,0,3,0.2736599385245901
3,0,3,NaN
1,2,3,NaN
3,0,3,0.9282844826728345
3,0,3,0.9079098270401949
3,0,3,NaN
2,1,3,0.012468380686670283
2,1,3,NaN
2,1,3,0.34926187684352356
1,2,3,0.6613966634587408
2,1,3,NaN
3,0,3,NaN
3,0,3,NaN
3,0,3,NaN
3,0,3,NaN
3,0,3,NaN
3,0,3,0.043199805379105054
3,0,3,NaN
3,0,3,0.531729986764269
3,0,3,NaN
2,1,3,NaN
3,0,3,NaN
3,0,3,0.9209789316492126
1,2,3,0.31128496075105533
3,0,3,0.6185582093370283
3,0,3,NaN
2,1,3,NaN
3,0,3,NaN
3,0,3,NaN
1,2,3,0.6124968433389077
3,0,3,NaN
3,0,3,NaN
3,0,3,NaN
2,1,3,NaN
3,0,3,NaN
3,0,3,NaN
2,1,3,NaN
3,0,3,NaN
2,1,3,NaN
1,2,3,NaN
3,0,3,NaN
3,0,3,NaN
3,0,3,NaN
3,0,3,0.31128496075105533
3,0,3,NaN
3,0,3,NaN
3,0,3,NaN
3,0,3,NaN
3,0,3,NaN
3,0,3,NaN
3,0,3,0.022788573734112794
3,0,3,0.531729986764269
3,0,3,NaN
3,0,3,NaN
3,0,3,NaN
2,1,3,NaN
3,0,3,NaN
2,1,3,0.23998440172325927
2,1,3,0.8770122193000203
2,1,3,NaN
3,0,3,NaN
1,2,3,NaN
2,1,3,0.6990667746156102
3,0,3,0.390088581715401
2,1,3,NaN
3,0,3,0.6990667746156102
3,0,3,NaN
3,0,3,0.002514442743431079
2,1,3,0.3565763969162567
2,1,3,NaN
3,0,3,NaN
2,1,3,NaN
2,1,3,NaN
3,0,3,NaN
3,0,3,0.03782247324613561
3,0,3,0.6185582093370283
3,0,3,NaN
3,0,3,NaN
1,2,3,0.483768449142263
1,2,3,0.8188093217602104
3,0,3,NaN
3,0,3,NaN
3,0,3,NaN
3,0,3,0.34926187684352356
3,0,3,0.0569687888815355
2,1,3,NaN
3,0,3,NaN
1,2,3,NaN
3,0,3,NaN
3,0,3,NaN
3,0,3,NaN
3,0,3,NaN
3,0,3,0.2736599385245901
2,1,3,0.8395040133151549
3,0,3,0.9624530011791156
2,1,3,0.9747128701728911
3,0,3,NaN
2,1,3,NaN
3,0,3,NaN
3,0,3,NaN
3,0,3,0.34926187684352356
3,0,3,NaN
1,2,3,NaN
3,0,3,NaN
1,2,3,0.6185582093370283
3,0,3,NaN
1,2,3,NaN
1,2,3,NaN
2,1,3,0.8597792096635031
3,0,3,NaN
3,0,3,NaN
3,0,3,0.39088310158301914
2,1,3,NaN
3,0,3,0.20936945520216732
2,1,3,0.8597792096635031
3,0,3,NaN
1,2,3,NaN
3,0,3,NaN
3,0,3,0.5757595332036677
3,0,3,NaN
3,0,3,0.5757595332036677
2,1,3,NaN
3,0,3,NaN
3,0,3,NaN
2,1,3,NaN
3,0,3,NaN
2,1,3,0.18342590517711166
3,0,3,0.531729986764269
3,0,3,NaN
2,1,3,NaN
2,1,3,NaN
3,0,3,NaN
3,0,3,NaN
2,1,3,NaN
2,1,3,0.9686139634526727
3,0,3,NaN
2,1,3,NaN
3,0,3,NaN
1,2,3,NaN
3,0,3,NaN
2,1,3,0.13717722402408927
3,0,3,0.2736599385245901
3,0,3,NaN
3,0,3,NaN
2,1,3,NaN
2,1,3,NaN
3,0,3,NaN
3,0,3,0.8185843942460208
3,0,3,NaN
3,0,3,NaN
2,1,3,NaN
3,0,3,NaN
3,0,3,NaN
2,1,3,0.8185843942460208
2,1,3,0.006454950554126765
3,0,3,NaN
2,1,3,NaN
3,0,3,NaN
3,0,3,NaN
3,0,3,NaN
2,1,3,0.14137658880076182
1,2,3,0.531729986764269
3,0,3,0.9209789316492126
2,1,3,NaN
2,1,3,0.43614794933242046
3,0,3,NaN
3,0,3,NaN
3,0,3,NaN
2,1,3,0.012022118863049316
3,0,3,0.07633250114228259
1,2,3,0.390088581715401
3,0,3,NaN
3,0,3,NaN
2,1,3,0.43614794933242046
3,0,3,NaN
3,0,3,NaN
3,0,3,NaN
1,2,3,0.6185582093370283
3,0,3,NaN
2,1,3,0.390088581715401
1,2,3,0.8770122193000203
2,1,3,NaN
3,0,3,0.483768449142263
3,0,3,NaN
3,0,3,NaN
3,0,3,NaN
3,0,3,NaN
3,0,3,NaN
3,0,3,NaN
3,0,3,NaN
3,0,3,NaN
3,0,3,NaN
3,0,3,NaN
3,0,3,NaN
3,0,3,NaN
3,0,3,NaN
2,1,3,0.6741830672601722
3,0,3,NaN
3,0,3,NaN
2,1,3,NaN
3,0,3,NaN
3,0,3,NaN
3,0,3,NaN
3,0,3,0.5757595332036677
2,1,3,NaN
3,0,3,NaN
3,0,3,NaN
3,0,3,NaN
3,0,3,NaN
3,0,3,NaN
3,0,3,0.20936945520216732
3,0,3,0.5757595332036677
3,0,3,NaN
2,1,3,NaN
2,1,3,NaN
2,1,3,NaN
3,0,3,0.03782247324613561
3,0,3,NaN
3,0,3,NaN
2,1,3,0.8770122193000203
3,0,3,NaN
3,0,3,NaN
3,0,3,0.390088581715401
3,0,3,NaN
3,0,3,NaN
3,0,3,0.483768449142263
3,0,3,0.390088581715401
3,0,3,NaN
3,0,3,NaN
2,1,3,NaN
3,0,3,NaN
3,0,3,NaN
3,0,3,NaN
3,0,3,NaN
2,1,3,NaN
3,0,3,0.9079098270401949
2,1,3,NaN
2,1,3,0.893076864532752
3,0,3,NaN
1,2,3,0.23998440172325927
2,1,3,0.8441052581267358
3,0,3,NaN
3,0,3,NaN
1,2,3,NaN
2,1,3,NaN
3,0,3,NaN
3,0,3,NaN
3,0,3,NaN
3,0,3,NaN
2,1,3,NaN
3,0,3,NaN
1,2,3,NaN
3,0,3,NaN
2,1,3,NaN
1,2,3,0.043199805379105054
3,0,3,0.6990667746156102
3,0,3,NaN
1,2,3,NaN
3,0,3,NaN
3,0,3,NaN
2,1,3,NaN
1,2,3,0.483768449142263
2,1,3,NaN
3,0,3,NaN
2,1,3,NaN
3,0,3,NaN
3,0,3,NaN
2,1,3,NaN
3,0,3,NaN
1,2,3,NaN
1,2,3,0.531729986764269
3,0,3,NaN
2,1,3,0.9686139634526727
2,1,3,0.2736599385245901
3,0,3,NaN
3,0,3,NaN
3,0,3,NaN
2,1,3,NaN
3,0,3,0.483768449142263
1,2,3,0.1026612005498701
3,0,3,NaN
2,1,3,NaN
2,1,3,0.2007962699552482
2,1,3,NaN
2,1,3,0.7641629005282548
3,0,3,0.483768449142263
1,2,3,NaN
2,1,3,NaN
3,0,3,0.5757595332036677
2,1,3,0.7925166447343686
3,0,3,NaN
3,0,3,NaN
2,1,3,0.6185582093370283
3,0,3,NaN
2,1,3,NaN
3,0,3,NaN
3,0,3,NaN
3,0,3,NaN
3,0,3,NaN
2,1,3,NaN
2,1,3,0.0003297306122421771
3,0,3,0.893076864532752
3,0,3,NaN
2,1,3,0.390088581715401
3,0,3,NaN
3,0,3,NaN
3,0,3,NaN
3,0,3,NaN
3,0,3,NaN
1,2,3,NaN
3,0,3,NaN
3,0,3,0.6990667746156102
3,0,3,NaN
1,2,3,0.8770122193000203
3,0,3,NaN
3,0,3,0.6613966634587408
3,0,3,NaN
1,2,3,0.483768449142263
1,2,3,0.6613966634587408
3,0,3,NaN
3,0,3,NaN
1,2,3,0.34926187684352356
3,0,3,0.07633250114228259
3,0,3,NaN
3,0,3,NaN
3,0,3,0.00013568652612114422
1,2,3,NaN
2,1,3,NaN
2,1,3,NaN
3,0,3,NaN
1,2,3,NaN
2,1,3,NaN
3,0,3,NaN
2,1,3,NaN
1,2,3,0.6613966634587408
2,1,3,0.022788573734112794
3,0,3,0.390088581715401
2,1,3,NaN
2,1,3,0.2736599385245901
3,0,3,NaN
3,0,3,0.34926187684352356
3,0,3,NaN
2,1,3,NaN
3,0,3,0.893076864532752
3,0,3,NaN
1,2,3,NaN
3,0,3,NaN
1,2,3,NaN
3,0,3,NaN
2,1,3,0.6185582093370283
3,0,3,0.483768449142263
2,1,3,0.016627813551177786
3,0,3,0.7925166447343686
3,0,3,0.06525587975951877
3,0,3,NaN
3,0,3,0.390088581715401
2,1,3,NaN
3,0,3,NaN
3,0,3,NaN
3,0,3,0.34926187684352356
3,0,3,NaN
3,0,3,0.9614248710601718
3,0,3,0.0569687888815355
3,0,3,NaN
3,0,3,NaN
2,1,3,NaN
3,0,3,NaN
2,1,3,NaN
2,1,3,0.11835585687382275
3,0,3,NaN
2,1,3,NaN
3,0,3,NaN
3,0,3,NaN
3,0,3,NaN
2,1,3,NaN
3,0,3,NaN
2,1,3,NaN
1,2,3,NaN
3,0,3,NaN
3,0,3,0.483768449142263
3,0,3,NaN
3,0,3,NaN
2,1,3,NaN
3,0,3,NaN
2,1,3,0.7641629005282548
3,0,3,NaN
3,0,3,NaN
2,1,3,NaN
3,0,3,NaN
3,0,3,NaN
3,0,3,0.9433412321949546
1,2,3,NaN
2,1,3,NaN
2,1,3,NaN
3,0,3,NaN
2,1,3,NaN
3,0,3,NaN
3,0,3,NaN
1,2,3,0.43486753945654716
1,2,3,NaN
3,0,3,NaN
3,0,3,NaN
3,0,3,NaN
2,1,3,0.2736599385245901
2,1,3,NaN
1,2,3,NaN
3,0,3,NaN
3,0,3,0.6185582093370283
3,0,3,NaN
3,0,3,NaN
2,1,3,NaN
3,0,3,NaN
2,1,3,NaN
2,1,3,0.04937587322664477
3,0,3,8.401768490398438e-6
3,0,3,NaN
3,0,3,NaN
3,0,3,NaN
2,1,3,0.8597792096635031
2,1,3,0.445961467099037
3,0,3,NaN
3,0,3,NaN
3,0,3,NaN
3,0,3,0.8707223451381064
3,0,3,NaN
3,0,3,NaN
1,2,3,0.390088581715401
3,0,3,0.9614248710601718
3,0,3,NaN
1,2,3,0.8395040133151549
3,0,3,NaN
3,0,3,NaN
3,0,3,NaN
3,0,3,0.9433412321949546
3,0,3,NaN
1,2,3,NaN
3,0,3,0.390088581715401
3,0,3,NaN
2,1,3,NaN
2,1,3,NaN
3,0,3,NaN
3,0,3,NaN
3,0,3,0.7641629005282548
3,0,3,NaN
3,0,3,NaN
2,1,3,NaN
3,0,3,NaN
2,1,3,NaN
2,1,3,NaN
1,2,3,NaN
3,0,3,NaN
1,2,3,NaN
3,0,3,NaN
2,1,3,NaN
2,1,3,NaN
3,0,3,0.18342590517711166
3,0,3,0.997576379207803
3,0,3,0.07633250114228259
3,0,3,0.03782247324613561
3,0,3,NaN
3,0,3,NaN
3,0,3,NaN
2,1,3,NaN
2,1,3,NaN
3,0,3,NaN
3,0,3,NaN
3,0,3,NaN
1,2,3,NaN
2,1,3,0.022788573734112794
3,0,3,0.20936945520216732
2,1,3,NaN
3,0,3,NaN
3,0,3,0.8770122193000203
3,0,3,NaN
2,1,3,NaN
2,1,3,NaN
2,1,3,NaN
3,0,3,NaN
2,1,3,0.06525587975951877
3,0,3,0.48939771086858547
3,0,3,NaN
2,1,3,NaN
2,1,3,NaN
2,1,3,0.43614794933242046
2,1,3,0.7277910133953862
2,1,3,0.0569687888815355
3,0,3,NaN
3,0,3,0.483768449142263
2,1,3,NaN
2,1,3,NaN
3,0,3,NaN
3,0,3,NaN
2,1,3,0.7925166447343686
3,0,3,NaN
2,1,3,0.980101638801523
3,0,3,NaN
1,2,3,NaN
2,1,3,NaN
3,0,3,0.2736599385245901
3,0,3,NaN
2,1,3,0.8637529907312803
2,1,3,0.6990667746156102
2,1,3,NaN
3,0,3,NaN
3,0,3,NaN
1,2,3,NaN
3,0,3,NaN
3,0,3,NaN
2,1,3,0.9614248710601718
3,0,3,NaN
2,1,3,NaN
3,0,3,NaN
3,0,3,NaN
3,0,3,NaN
1,2,3,0.1026612005498701
3,0,3,NaN
3,0,3,0.43614794933242046
3,0,3,NaN
2,1,3,NaN
2,1,3,NaN
3,0,3,NaN
1,2,3,NaN
3,0,3,0.9079098270401949
2,1,3,NaN
2,1,3,NaN
3,0,3,NaN
1,2,3,NaN
3,0,3,NaN
2,1,3,0.023897126806211498
3,0,3,0.03230741676234196
3,0,3,NaN
3,0,3,NaN
2,1,3,0.9747128701728911
2,1,3,NaN
3,0,3,NaN
2,1,3,0.9326921332428637
3,0,3,NaN
3,0,3,NaN
3,0,3,NaN
1,2,3,NaN
3,0,3,NaN
2,1,3,NaN
3,0,3,0.1376319999999998
1,2,3,NaN
3,0,3,0.1376319999999998
2,1,3,NaN
3,0,3,NaN
3,0,3,NaN
3,0,3,0.6613966634587408
3,0,3,NaN
3,0,3,0.06525587975951877
3,0,3,NaN
3,0,3,0.531729986764269
3,0,3,NaN
2,1,3,0.1376319999999998
3,0,3,NaN
2,1,3,NaN
3,0,3,NaN
2,1,3,0.6613966634587408
2,1,3,NaN
2,1,3,NaN
2,1,3,NaN
3,0,3,NaN
3,0,3,0.531729986764269
3,0,3,NaN
3,0,3,NaN
3,0,3,NaN
2,1,3,NaN
2,1,3,0.8770122193000203
2,1,3,NaN
2,1,3,NaN
3,0,3,NaN
3,0,3,0.7332177371595686
2,1,3,0.9614248710601718
3,0,3,NaN
3,0,3,NaN
1,2,3,NaN
3,0,3,NaN
3,0,3,NaN
2,1,3,NaN
3,0,3,NaN
2,1,3,NaN
3,0,3,NaN
3,0,3,NaN
2,1,3,NaN
2,1,3,NaN
2,1,3,NaN
3,0,3,NaN
3,0,3,NaN
2,1,3,NaN
2,1,3,NaN
3,0,3,NaN
3,0,3,NaN
3,0,3,0.8770122193000203
3,0,3,NaN
3,0,3,NaN
2,1,3,NaN
2,1,3,NaN
3,0,3,0.06525587975951877
2,1,3,NaN
2,1,3,0.43614794933242046
3,0,3,0.483768449142263
2,1,3,NaN
3,0,3,NaN
3,0,3,0.8597792096635031
3,0,3,NaN
3,0,3,0.007003252747251538
3,0,3,0.22036439232865215
1,2,3,NaN
2,1,3,0.8597792096635031
3,0,3,0.027150137488542374
3,0,3,NaN
3,0,3,NaN
3,0,3,NaN
2,1,3,NaN
2,1,3,0.08869205529953894
3,0,3,NaN
2,1,3,NaN
1,2,3,NaN
3,0,3,0.5757595332036677
3,0,3,NaN
2,1,3,NaN
3,0,3,NaN
2,1,3,0.5757595332036677
3,0,3,NaN
3,0,3,0.8770122193000203
2,1,3,0.8395040133151549
3,0,3,0.7332177371595686
3,0,3,NaN
3,0,3,NaN
3,0,3,NaN
2,1,3,NaN
3,0,3,NaN
3,0,3,NaN
3,0,3,NaN
3,0,3,NaN
2,1,3,NaN
1,2,3,NaN
3,0,3,NaN
2,1,3,0.6185582093370283
3,0,3,NaN
1,2,3,0.6613966634587408
3,0,3,NaN
2,1,3,NaN
2,1,3,NaN
3,0,3,0.43614794933242046
2,1,3,0.4454240891101282
3,0,3,NaN
3,0,3,NaN
3,0,3,NaN
1,2,3,NaN
2,1,3,NaN
3,0,3,NaN
3,0,3,NaN
3,0,3,NaN
2,1,3,NaN
2,1,3,NaN
3,0,3,NaN
2,1,3,NaN
3,0,3,0.531729986764269
2,1,3,NaN
1,2,3,NaN
3,0,3,NaN
2,1,3,NaN
3,0,3,NaN
3,0,3,NaN
3,0,3,NaN
2,1,3,0.6185582093370283
2,1,3,0.34926187684352356
3,0,3,NaN
2,1,3,NaN
3,0,3,NaN
2,1,3,NaN
3,0,3,NaN
3,0,3,NaN
3,0,3,NaN
3,0,3,NaN
2,1,3,NaN
3,0,3,NaN
3,0,3,NaN
2,1,3,NaN
3,0,3,0.5757595332036677
3,0,3,NaN
2,1,3,NaN
2,1,3,NaN
3,0,3,NaN
3,0,3,NaN
3,0,3,NaN
2,1,3,0.8770122193000203
3,0,3,0.483768449142263
3,0,3,NaN
3,0,3,NaN
3,0,3,NaN
1,2,3,NaN
3,0,3,NaN
3,0,3,NaN
3,0,3,0.019519080662983124
3,0,3,NaN
3,0,3,NaN
2,1,3,NaN
3,0,3,NaN
3,0,3,NaN
2,1,3,NaN
3,0,3,NaN
3,0,3,0.8770122193000203
3,0,3,NaN
3,0,3,NaN
3,0,3,NaN
3,0,3,0.08869205529953894
2,1,3,0.43614794933242046
3,0,3,NaN
3,0,3,0.11835585687382275
1,2,3,NaN
3,0,3,0.6990667746156102
3,0,3,NaN
3,0,3,NaN
2,1,3,NaN
2,1,3,0.7641629005282548
3,0,3,NaN
3,0,3,0.6613966634587408
3,0,3,NaN
2,1,3,NaN
2,1,3,0.6185582093370283
3,0,3,NaN
3,0,3,NaN
3,0,3,0.7641629005282548
3,0,3,NaN
2,1,3,0.019519080662983124
3,0,3,NaN
2,1,3,NaN
2,1,3,NaN
2,1,3,NaN
2,1,3,0.7641629005282548
3,0,3,NaN
3,0,3,NaN
3,0,3,NaN
3,0,3,0.483768449142263
3,0,3,NaN
3,0,3,NaN
3,0,3,0.8776207124053833
3,0,3,NaN
2,1,3,NaN
3,0,3,0.6613966634587408
2,1,3,NaN
2,1,3,NaN
3,0,3,NaN
2,1,3,NaN
2,1,3,0.18342590517711166
1,2,3,0.11835585687382275
3,0,3,NaN
3,0,3,0.531729986764269
3,0,3,0.719965578900677
3,0,3,0.8770122193000203
3,0,3,NaN
2,1,3,0.8185843942460208
3,0,3,NaN
3,0,3,NaN
2,1,3,NaN
3,0,3,NaN
3,0,3,NaN
3,0,3,0.5757595332036677
3,0,3,0.11835585687382275
2,1,3,0.8770122193000203
2,1,3,0.34926187684352356
3,0,3,0.2736599385245901
3,0,3,NaN
2,1,3,NaN
3,0,3,NaN
3,0,3,0.7332177371595686
1,2,3,NaN
2,1,3,NaN
2,1,3,NaN
3,0,3,0.03230741676234196
2,1,3,NaN
2,1,3,NaN
3,0,3,NaN
2,1,3,NaN
1,2,3,NaN
3,0,3,NaN
3,0,3,NaN
3,0,3,NaN
2,1,3,NaN
3,0,3,NaN
3,0,3,NaN
1,2,3,NaN
1,2,3,0.5757595332036677
1,2,3,NaN
3,0,3,NaN
2,1,3,NaN
3,0,3,0.2736599385245901
2,1,3,NaN
3,0,3,NaN
1,2,3,NaN
3,0,3,NaN
3,0,3,NaN
2,1,3,0.7641629005282548
2,1,3,NaN
1,2,3,NaN
2,1,3,NaN
3,0,3,0.25156505805789164
3,0,3,NaN
3,0,3,NaN
1,2,3,NaN
2,1,3,NaN
3,0,3,0.8770122193000203
3,0,3,NaN
2,1,3,NaN
3,0,3,NaN
2,1,3,0.34926187684352356
3,0,3,NaN
1,2,3,NaN
2,1,3,NaN
3,0,3,NaN
3,0,3,0.34926187684352356
2,1,3,0.8730207778042132
2,1,3,0.9209789316492126
3,0,3,NaN
2,1,3,0.9919214683718085
3,0,3,NaN
3,0,3,0.8770122193000203
2,1,3,0.6990667746156102
3,0,3,NaN
1,2,3,NaN
3,0,3,NaN
3,0,3,NaN
2,1,3,0.483768449142263
1,2,3,0.6036526585783047
3,0,3,0.483768449142263
3,0,3,NaN
3,0,3,NaN
3,0,3,NaN
2,1,3,NaN
3,0,3,0.6990667746156102
3,0,3,0.2827719797019191
3,0,3,0.6990667746156102
2,1,3,0.31128496075105533
2,1,3,0.531729986764269
2,1,3,NaN
3,0,3,NaN
3,0,3,0.6613966634587408
3,0,3,NaN
2,1,3,NaN
3,0,3,NaN
3,0,3,NaN
2,1,3,0.31128496075105533
2,1,3,0.043199805379105054
2,1,3,NaN
2,1,3,NaN
3,0,3,NaN
3,0,3,NaN
3,0,3,NaN
3,0,3,NaN
2,1,3,NaN
2,1,3,NaN
1,2,3,0.8395040133151549
1,2,3,NaN
3,0,3,0.7925166447343686
3,0,3,NaN
3,0,3,0.7641629005282548
2,1,3,0.9988199866224712
2,1,3,NaN
3,0,3,0.893076864532752
3,0,3,NaN
3,0,3,NaN
2,1,3,NaN
3,0,3,NaN
3,0,3,NaN
2,1,3,NaN
3,0,3,NaN
1,2,3,NaN
2,1,3,NaN
3,0,3,NaN
3,0,3,0.893076864532752
1,2,3,NaN
3,0,3,0.483768449142263
1,2,3,0.15921953565114888
2,1,3,NaN
1,2,3,NaN
2,1,3,NaN
3,0,3,NaN
2,1,3,NaN
3,0,3,NaN
2,1,3,NaN
1,2,3,NaN
3,0,3,0.0003297306122421771
3,0,3,0.9686139634526727
3,0,3,NaN
2,1,3,0.6613966634587408
3,0,3,NaN
3,0,3,NaN
3,0,3,NaN
3,0,3,NaN
3,0,3,NaN
2,1,3,0.8185843942460208
3,0,3,NaN
1,2,3,NaN
2,1,3,NaN
3,0,3,NaN
3,0,3,NaN
2,1,3,NaN
3,0,3,NaN
3,0,3,NaN
3,0,3,NaN
2,1,3,NaN
3,0,3,NaN
2,1,3,NaN
1,2,3,NaN
2,1,3,NaN
3,0,3,NaN
2,1,3,0.893076864532752
3,0,3,NaN
2,1,3,NaN
3,0,3,NaN
3,0,3,NaN
3,0,3,0.6613966634587408
1,2,3,NaN
3,0,3,NaN
3,0,3,0.6613966634587408
3,0,3,0.31128496075105533
1,2,3,NaN
3,0,3,NaN
1,2,3,NaN
3,0,3,NaN
3,0,3,NaN
1,2,3,NaN
3,0,3,0.1026612005498701
1,2,3,0.5235575948742167
2,1,3,NaN
3,0,3,NaN
3,0,3,NaN
2,1,3,NaN
3,0,3,NaN
3,0,3,NaN
3,0,3,NaN
3,0,3,NaN
3,0,3,NaN
3,0,3,NaN
1,2,3,NaN
2,1,3,0.6613966634587408
3,0,3,NaN
3,0,3,NaN
3,0,3,0.7641629005282548
1,2,3,NaN
3,0,3,0.2736599385245901
2,1,3,0.9079098270401949
3,0,3,NaN
3,0,3,NaN
3,0,3,NaN
1,2,3,NaN
3,0,3,NaN
1,2,3,0.30766134932571504
3,0,3,0.8185843942460208
3,0,3,NaN
3,0,3,0.08869205529953894
3,0,3,0.8395040133151549
2,1,3,0.8770122193000203
3,0,3,NaN
2,1,3,NaN
3,0,3,NaN
2,1,3,NaN
1,2,3,NaN
3,0,3,NaN
1,2,3,NaN
1,2,3,NaN
2,1,3,0.893076864532752
3,0,3,0.483768449142263
2,1,3,NaN
2,1,3,NaN
2,1,3,NaN
3,0,3,NaN
2,1,3,NaN
2,1,3,NaN
2,1,3,NaN
2,1,3,NaN
3,0,3,NaN
1,2,3,0.893076864532752
3,0,3,NaN
2,1,3,0.8597792096635031
3,0,3,NaN
3,0,3,0.6185582093370283
3,0,3,NaN
3,0,3,NaN
2,1,3,NaN
3,0,3,0.7332177371595686
3,0,3,NaN
3,0,3,0.11835585687382275
2,1,3,NaN
2,1,3,0.531729986764269
3,0,3,NaN
3,0,3,NaN
3,0,3,NaN
3,0,3,NaN
1,2,3,NaN
3,0,3,NaN
2,1,3,0.14609100850329587
3,0,3,NaN
3,0,3,NaN
1,2,3,NaN
3,0,3,NaN
3,0,3,NaN
3,0,3,NaN
3,0,3,0.1026612005498701
3,0,3,NaN
3,0,3,0.7641629005282548
3,0,3,NaN
1,2,3,NaN
3,0,3,NaN
3,0,3,0.9888383068434982
3,0,3,0.9888383068434982
3,0,3,0.043199805379105054
2,1,3,0.6990667746156102
2,1,3,NaN
3,0,3,NaN
3,0,3,0.07633250114228259
3,0,3,0.43614794933242046
3,0,3,2.2183525026353587e-6
3,0,3,0.0569687888815355
2,1,3,NaN
3,0,3,0.0022275543366089205
3,0,3,NaN
3,0,3,NaN
3,0,3,NaN
3,0,3,NaN
3,0,3,NaN
3,0,3,0.8770122193000203
3,0,3,NaN
3,0,3,NaN
3,0,3,0.7925166447343686
3,0,3,0.9326921332428637
3,0,3,NaN
3,0,3,NaN
3,0,3,NaN
1,2,3,NaN
3,0,3,NaN
2,1,3,NaN
2,1,3,NaN
3,0,3,NaN
3,0,3,NaN
2,1,3,0.06525587975951877
3,0,3,NaN
3,0,3,0.6990667746156102
1,2,3,NaN
3,0,3,0.7332177371595686
2,1,3,NaN
2,1,3,NaN
3,0,3,NaN
3,0,3,NaN
3,0,3,NaN
3,0,3,0.31128496075105533
3,0,3,0.43614794933242046
3,0,3,NaN
2,1,3,NaN
3,0,3,NaN
3,0,3,NaN
3,0,3,NaN
1,2,3,NaN
2,1,3,NaN
1,2,3,0.9138944566319953
3,0,3,NaN
2,1,3,0.8770122193000203
3,0,3,NaN
2,1,3,NaN
2,1,3,NaN
2,1,3,0.5757595332036677
3,0,3,0.9209789316492126
3,0,3,0.8597792096635031
1,2,3,NaN
2,1,3,0.5757595332036677
3,0,3,NaN
3,0,3,NaN
3,0,3,NaN
2,1,3,NaN
3,0,3,NaN
1,2,3,0.34926187684352356
1,2,3,NaN
3,0,3,0.531729986764269
2,1,3,NaN
3,0,3,NaN
3,0,3,NaN
3,0,3,NaN
3,0,3,NaN
2,1,3,NaN
3,0,3,NaN
2,1,3,NaN
3,0,3,NaN
3,0,3,NaN
3,0,3,NaN
3,0,3,NaN
3,0,3,0.7332177371595686
2,1,3,0.8185843942460208
2,1,3,NaN
3,0,3,NaN
3,0,3,0.6613966634587408
3,0,3,0.1376319999999998
3,0,3,NaN
3,0,3,NaN
3,0,3,NaN
3,0,3,NaN
2,1,3,NaN
1,2,3,NaN
2,1,3,0.9433412321949546
2,1,3,0.23998440172325927
3,0,3,NaN
2,1,3,NaN
1,2,3,0.23998440172325927
3,0,3,NaN
3,0,3,NaN
3,0,3,0.531729986764269
3,0,3,NaN
3,0,3,NaN
1,2,3,NaN
3,0,3,NaN
2,1,3,NaN
3,0,3,0.9433412321949546
2,1,3,NaN
1,2,3,NaN
3,0,3,NaN
3,0,3,NaN
2,1,3,NaN
3,0,3,0.06525587975951877
3,0,3,NaN
1,2,3,NaN
3,0,3,0.18342590517711166
2,1,3,NaN
3,0,3,0.20936945520216732
2,1,3,0.9209789316492126
2,1,3,0.6185582093370283
3,0,3,NaN
2,1,3,NaN
2,1,3,NaN
1,2,3,0.8597792096635031
2,1,3,0.6613966634587408
3,0,3,NaN
3,0,3,NaN
1,2,3,NaN
3,0,3,NaN
3,0,3,NaN
3,0,3,0.11835585687382275
3,0,3,0.022788573734112794
3,0,3,NaN
3,0,3,0.00107096975556275
3,0,3,NaN
3,0,3,0.6185582093370283
2,1,3,NaN
3,0,3,NaN
3,0,3,0.483768449142263
3,0,3,NaN
3,0,3,0.23998440172325927
1,2,3,NaN
3,0,3,NaN
3,0,3,NaN
3,0,3,NaN
3,0,3,0.390088581715401
2,1,3,0.8185843942460208
2,1,3,0.0569687888815355
2,1,3,NaN
3,0,3,0.483768449142263
1,2,3,NaN
3,0,3,NaN
3,0,3,NaN
2,1,3,NaN
3,0,3,NaN
3,0,3,NaN
2,1,3,0.15921953565114888
3,0,3,NaN
3,0,3,0.893076864532752
3,0,3,NaN
3,0,3,NaN
3,0,3,NaN
3,0,3,NaN
3,0,3,NaN
3,0,3,NaN
3,0,3,NaN
1,2,3,NaN
2,1,3,NaN
3,0,3,NaN
3,0,3,NaN
3,0,3,0.06525587975951877
2,1,3,NaN
1,2,3,0.31128496075105533
3,0,3,0.04937587322664477
3,0,3,NaN
1,2,3,0.531729986764269
2,1,3,NaN
3,0,3,NaN
3,0,3,NaN
3,0,3,0.7925166447343686
3,0,3,NaN
2,1,3,NaN
3,0,3,0.6613966634587408
1,2,3,NaN
1,2,3,0.027988959395328916
2,1,3,NaN
3,0,3,0.1026612005498701
3,0,3,NaN
3,0,3,NaN
3,0,3,NaN
3,0,3,NaN
3,0,3,NaN
3,0,3,0.15921953565114888
2,1,3,0.18342590517711166
2,1,3,NaN
2,1,3,NaN
3,0,3,NaN
3,0,3,0.03782247324613561
2,1,3,NaN
2,1,3,0.31128496075105533
2,1,3,NaN
3,0,3,0.31128496075105533
1,2,3,0.022788573734112794
2,1,3,0.7332177371595686
3,0,3,NaN
2,1,3,0.531729986764269
1,2,3,NaN
3,0,3,NaN
3,0,3,NaN
3,0,3,NaN
3,0,3,0.18342590517711166
3,0,3,NaN
2,1,3,0.20936945520216732
3,0,3,NaN
2,1,3,0.4531190990902127
3,0,3,0.8597792096635031
3,0,3,NaN
3,0,3,NaN
3,0,3,NaN
3,0,3,0.043199805379105054
3,0,3,NaN
2,1,3,NaN
2,1,3,0.531729986764269
3,0,3,0.34926187684352356
2,1,3,NaN
2,1,3,NaN
2,1,3,NaN
3,0,3,0.483768449142263
3,0,3,0.9209789316492126
1,2,3,NaN
3,0,3,NaN
3,0,3,0.531729986764269
3,0,3,NaN
2,1,3,0.483768449142263
3,0,3,0.8395040133151549
2,1,3,NaN
3,0,3,NaN
2,1,3,NaN
3,0,3,NaN
3,0,3,NaN
3,0,3,0.15921953565114888
2,1,3,NaN
2,1,3,0.009912176912471659
1,2,3,0.1376319999999998
3,0,3,0.893076864532752
3,0,3,0.7332177371595686
2,1,3,0.8770122193000203
1,2,3,NaN
3,0,3,NaN
3,0,3,NaN
3,0,3,NaN
2,1,3,0.18342590517711166
1,2,3,0.31128496075105533
2,1,3,NaN
2,1,3,NaN
3,0,3,NaN
3,0,3,0.483768449142263
2,1,3,NaN
2,1,3,0.893076864532752
3,0,3,0.013853717645846822
3,0,3,0.34926187684352356
3,0,3,NaN
1,2,3,0.9686139634526727
3,0,3,0.7332177371595686
3,0,3,1.1333508162593249e-5
3,0,3,NaN
3,0,3,NaN
2,1,3,NaN
3,0,3,0.04937587322664477
3,0,3,NaN
2,1,3,NaN
2,1,3,0.34926187684352356
2,1,3,0.531729986764269
2,1,3,NaN
3,0,3,NaN
2,1,3,NaN
3,0,3,0.23486107655728594
3,0,3,NaN
3,0,3,NaN
3,0,3,0.31128496075105533
3,0,3,NaN
1,2,3,NaN
1,2,3,NaN
3,0,3,NaN
1,2,3,NaN
3,0,3,0.0683807050359384
3,0,3,0.7641629005282548
2,1,3,0.980101638801523
3,0,3,NaN
3,0,3,NaN
3,0,3,0.00829404517453861
3,0,3,NaN
3,0,3,NaN
2,1,3,NaN
2,1,3,NaN
1,2,3,NaN
3,0,3,NaN
2,1,3,0.23998440172325927
3,0,3,0.007003252747251538
1,2,3,0.8597792096635031
3,0,3,NaN
3,0,3,NaN
3,0,3,NaN
3,0,3,NaN
3,0,3,NaN
3,0,3,NaN
2,1,3,0.483768449142263
2,1,3,NaN
2,1,3,0.31128496075105533
2,1,3,0.7332177371595686
3,0,3,NaN
3,0,3,NaN
3,0,3,0.0569687888815355
3,0,3,NaN
3,0,3,NaN
1,2,3,0.893076864532752
2,1,3,0.893076864532752
2,1,3,0.9433412321949546
1,2,3,0.5825272282964099
3,0,3,0.5757595332036677
3,0,3,0.0055245288266135536
3,0,3,0.1534620907904871
1,2,3,NaN
3,0,3,NaN
3,0,3,0.390088581715401
3,0,3,NaN
3,0,3,0.9209789316492126
3,0,3,NaN
3,0,3,NaN
3,0,3,NaN
3,0,3,NaN
3,0,3,0.18342590517711166
3,0,3,0.34926187684352356
3,0,3,NaN
2,1,3,NaN
3,0,3,NaN
3,0,3,NaN
3,0,3,NaN
2,1,3,0.11835585687382275
3,0,3,NaN
2,1,3,NaN
3,0,3,NaN
2,1,3,0.08869205529953894
3,0,3,NaN
3,0,3,NaN
1,2,3,0.18342590517711166
2,1,3,0.6613966634587408
3,0,3,0.5757595332036677
1,2,3,NaN
1,2,3,NaN
3,0,3,NaN
1,2,3,0.012022118863049316
2,1,3,0.31128496075105533
3,0,3,0.2736599385245901
3,0,3,NaN
3,0,3,NaN
3,0,3,NaN
3,0,3,0.43614794933242046
3,0,3,0.390088581715401
3,0,3,NaN
3,0,3,0.43614794933242046
3,0,3,0.07633250114228259
2,1,3,0.7332177371595686
1,2,3,NaN
3,0,3,NaN
2,1,3,NaN
3,0,3,0.20936945520216732
3,0,3,NaN
2,1,3,NaN
2,1,3,NaN
3,0,3,0.30991981675860464
3,0,3,0.8395040133151549
3,0,3,0.8395040133151549
1,2,3,0.022788573734112794
3,0,3,NaN
3,0,3,NaN
3,0,3,NaN
2,1,3,NaN
3,0,3,NaN
2,1,3,NaN
1,2,3,NaN
1,2,3,NaN
3,0,3,2.4152463815715163e-5
2,1,3,NaN
3,0,3,NaN
2,1,3,NaN
3,0,3,NaN
3,0,3,0.5757595332036677
2,1,3,0.9614248710601718
2,1,3,0.531729986764269
3,0,3,0.23998440172325927
2,1,3,0.8597792096635031
3,0,3,NaN
2,1,3,NaN
2,1,3,NaN
3,0,3,NaN
3,0,3,NaN
2,1,3,0.9747128701728911
3,0,3,0.5757595332036677
3,0,3,NaN
3,0,3,NaN
3,0,3,0.6990667746156102
3,0,3,NaN
3,0,3,0.5757595332036677
3,0,3,NaN
3,0,3,0.23998440172325927
3,0,3,0.2736599385245901
3,0,3,NaN
3,0,3,NaN
3,0,3,NaN
3,0,3,NaN
3,0,3,NaN
3,0,3,NaN
1,2,3,NaN
3,0,3,0.390088581715401
3,0,3,NaN
2,1,3,NaN
2,1,3,NaN
2,1,3,NaN
3,0,3,0.6185582093370283
3,0,3,NaN
2,1,3,NaN
3,0,3,NaN
3,0,3,NaN
3,0,3,0.483768449142263
3,0,3,0.9209789316492126
3,0,3,NaN
3,0,3,NaN
3,0,3,NaN
2,1,3,0.23998440172325927
2,1,3,NaN
1,2,3,0.11835585687382275
3,0,3,NaN
2,1,3,NaN
2,1,3,0.9433412321949546
1,2,3,NaN
3,0,3,NaN
3,0,3,0.9848027522935779
3,0,3,NaN
3,0,3,0.6613966634587408
3,0,3,NaN
3,0,3,0.43614794933242046
3,0,3,NaN
3,0,3,NaN
2,1,3,0.9433412321949546
3,0,3,NaN
2,1,3,0.531729986764269
2,1,3,NaN
3,0,3,NaN
3,0,3,NaN
3,0,3,0.390088581715401
3,0,3,NaN
3,0,3,NaN
3,0,3,NaN
3,0,3,NaN
2,1,3,NaN
3,0,3,NaN
3,0,3,NaN
1,2,3,NaN
3,0,3,NaN
3,0,3,NaN
3,0,3,NaN
2,1,3,NaN
3,0,3,NaN
3,0,3,0.06525587975951877
3,0,3,NaN
3,0,3,NaN
2,1,3,NaN
3,0,3,NaN
3,0,3,NaN
1,2,3,NaN
2,1,3,NaN
3,0,3,NaN
3,0,3,0.2736599385245901
3,0,3,NaN
2,1,3,NaN
2,1,3,0.23998440172325927
3,0,3,NaN
3,0,3,0.5757595332036677
3,0,3,NaN
3,0,3,NaN
3,0,3,0.1376319999999998
3,0,3,NaN
2,1,3,NaN
3,0,3,0.7515498364115626
3,0,3,NaN
3,0,3,NaN
3,0,3,0.7925166447343686
3,0,3,0.9433412321949546
1,2,3,0.10319781618274643
3,0,3,NaN
3,0,3,NaN
1,2,3,NaN
1,2,3,NaN
3,0,3,0.0569687888815355
3,0,3,NaN
2,1,3,NaN
3,0,3,NaN
3,0,3,NaN
2,1,3,NaN
2,1,3,NaN
3,0,3,NaN
3,0,3,0.043199805379105054
2,1,3,NaN
2,1,3,NaN
3,0,3,NaN
3,0,3,0.6185582093370283
1,2,3,NaN
3,0,3,NaN
2,1,3,0.9998685247362948
2,1,3,NaN
2,1,3,0.001450341113107375
2,1,3,0.2736599385245901
3,0,3,NaN
2,1,3,NaN
2,1,3,NaN
3,0,3,NaN
2,1,3,NaN
2,1,3,NaN
2,1,3,NaN
2,1,3,NaN
3,0,3,NaN
1,2,3,NaN
2,1,3,NaN
3,0,3,NaN
2,1,3,NaN
3,0,3,NaN
2,1,3,0.6613966634587408
2,1,3,NaN
2,1,3,0.03230741676234196
2,1,3,0.6185582093370283
2,1,3,0.43614794933242046
3,0,3,NaN
3,0,3,NaN
3,0,3,NaN
2,1,3,NaN
3,0,3,NaN
1,2,3,0.2736599385245901
3,0,3,NaN
2,1,3,NaN
2,1,3,0.6613966634587408
1,2,3,NaN
3,0,3,NaN
3,0,3,0.9326921332428637
3,0,3,NaN
3,0,3,NaN
3,0,3,NaN
1,2,3,NaN
3,0,3,NaN
3,0,3,0.23998440172325927
3,0,3,NaN
3,0,3,0.43614794933242046
2,1,3,NaN
1,2,3,NaN
3,0,3,NaN
3,0,3,0.5757595332036677
2,1,3,NaN
3,0,3,NaN
2,1,3,0.8185843942460208
2,1,3,0.6613966634587408
3,0,3,NaN
3,0,3,0.34926187684352356
3,0,3,NaN
3,0,3,NaN
3,0,3,NaN
3,0,3,NaN
2,1,3,NaN
1,2,3,0.20936945520216732
2,1,3,NaN
1,2,3,NaN
3,0,3,NaN
3,0,3,NaN
1,2,3,NaN
3,0,3,NaN
3,0,3,0.483768449142263
2,1,3,NaN
3,0,3,0.483768449142263
3,0,3,0.0569687888815355
2,1,3,0.7641629005282548
3,0,3,0.18157289045252165
3,0,3,NaN
3,0,3,NaN
2,1,3,NaN
3,0,3,NaN
2,1,3,0.5757595332036677
2,1,3,0.34926187684352356
2,1,3,NaN
3,0,3,0.11835585687382275
3,0,3,NaN
3,0,3,0.04937587322664477
3,0,3,0.390088581715401
3,0,3,NaN
1,2,3,NaN
3,0,3,NaN
2,1,3,NaN
3,0,3,NaN
3,0,3,NaN
3,0,3,NaN
1,2,3,NaN
3,0,3,NaN
2,1,3,NaN
3,0,3,NaN
2,1,3,NaN
3,0,3,NaN
2,1,3,0.33372149774144877
1,2,3,0.7288607547224288
2,1,3,NaN
3,0,3,0.34926187684352356
2,1,3,0.8770122193000203
3,0,3,0.483768449142263
3,0,3,NaN
2,1,3,0.1376319999999998
3,0,3,NaN
3,0,3,NaN
3,0,3,NaN
2,1,3,NaN
3,0,3,0.03782247324613561
2,1,3,NaN
1,2,3,0.9614248710601718
2,1,3,NaN
3,0,3,NaN
3,0,3,NaN
1,2,3,NaN
2,1,3,0.019519080662983124
3,0,3,0.1376319999999998
3,0,3,NaN
1,2,3,NaN
3,0,3,NaN
3,0,3,NaN
3,0,3,NaN
3,0,3,0.20936945520216732
2,1,3,NaN
3,0,3,0.34926187684352356
3,0,3,NaN
2,1,3,NaN
1,2,3,NaN
3,0,3,NaN
2,1,3,0.9079098270401949
3,0,3,NaN
1,2,3,NaN
2,1,3,NaN
3,0,3,NaN
3,0,3,0.7641629005282548
2,1,3,NaN
3,0,3,NaN
2,1,3,0.5858713937968076
2,1,3,NaN
3,0,3,NaN
2,1,3,NaN
3,0,3,0.7332177371595686
2,1,3,NaN
3,0,3,NaN
3,0,3,NaN
3,0,3,0.0334795754351328
3,0,3,NaN
3,0,3,NaN
3,0,3,NaN
2,1,3,NaN
3,0,3,NaN
3,0,3,0.23998440172325927
3,0,3,0.6185582093370283
3,0,3,0.6613966634587408
2,1,3,0.9534153129152887
3,0,3,NaN
2,1,3,0.8185843942460208
3,0,3,NaN
2,1,3,NaN
3,0,3,NaN
3,0,3,NaN
2,1,3,0.7925166447343686
2,1,3,NaN
3,0,3,NaN
3,0,3,NaN
3,0,3,0.15921953565114888
3,0,3,0.054923580006581714
3,0,3,0.9444758416552013
2,1,3,NaN
2,1,3,0.7641629005282548
3,0,3,NaN
3,0,3,NaN
3,0,3,NaN
3,0,3,NaN
3,0,3,NaN
2,1,3,NaN
2,1,3,0.6613966634587408
3,0,3,NaN
2,1,3,NaN
3,0,3,NaN
3,0,3,0.43614794933242046
2,1,3,NaN
3,0,3,NaN
3,0,3,NaN
1,2,3,NaN
1,2,3,0.43577762349235377
2,1,3,0.04937587322664477
2,1,3,NaN
2,1,3,NaN
3,0,3,NaN
3,0,3,NaN
1,2,3,NaN
2,1,3,NaN
2,1,3,NaN
2,1,3,0.7332177371595686
2,1,3,NaN
2,1,3,0.00028976527460804414
3,0,3,0.43614794933242046
3,0,3,NaN
3,0,3,0.7641629005282548
3,0,3,NaN
3,0,3,NaN
2,1,3,NaN
3,0,3,NaN
3,0,3,NaN
2,1,3,NaN
2,1,3,NaN
3,0,3,0.9686139634526727
2,1,3,0.6137602526315216
3,0,3,NaN
3,0,3,NaN
3,0,3,NaN
2,1,3,0.483768449142263
2,1,3,0.9686139634526727
3,0,3,NaN
3,0,3,NaN
2,1,3,NaN
3,0,3,NaN
2,1,3,0.7641629005282548
3,0,3,NaN
2,1,3,0.11835585687382275
1,2,3,NaN
3,0,3,NaN
1,2,3,NaN
2,1,3,NaN
3,0,3,0.531729986764269
3,0,3,0.893076864532752
2,1,3,0.7332177371595686
3,0,3,0.8770122193000203
3,0,3,0.31128496075105533
3,0,3,0.43614794933242046
3,0,3,0.8395040133151549
2,1,3,NaN
2,1,3,NaN
2,1,3,NaN
2,1,3,NaN
3,0,3,NaN
3,0,3,NaN
2,1,3,NaN
2,1,3,NaN
2,1,3,NaN
2,1,3,NaN
3,0,3,NaN
3,0,3,NaN
3,0,3,0.11835585687382275
2,1,3,NaN
2,1,3,NaN
2,1,3,NaN
3,0,3,NaN
2,1,3,NaN
3,0,3,NaN
3,0,3,NaN
2,1,3,NaN
3,0,3,0.07633250114228259
2,1,3,0.5757595332036677
3,0,3,NaN
3,0,3,NaN
1,2,3,0.893076864532752
1,2,3,NaN
2,1,3,NaN
3,0,3,NaN
3,0,3,NaN
1,2,3,NaN
2,1,3,NaN
3,0,3,NaN
3,0,3,0.7641629005282548
3,0,3,NaN
3,0,3,0.43614794933242046
1,2,3,NaN
1,2,3,NaN
2,1,3,NaN
3,0,3,NaN
3,0,3,NaN
2,1,3,NaN
3,0,3,NaN
3,0,3,NaN
1,2,3,0.31128496075105533
2,1,3,0.6613966634587408
3,0,3,0.04937587322664477
3,0,3,NaN
2,1,3,NaN
3,0,3,NaN
3,0,3,0.24885367340594516
3,0,3,0.7332177371595686
3,0,3,NaN
2,1,3,NaN
3,0,3,NaN
2,1,3,NaN
3,0,3,NaN
3,0,3,NaN
3,0,3,NaN
2,1,3,NaN
1,2,3,0.6185582093370283
3,0,3,0.06525587975951877
1,2,3,NaN
2,1,3,NaN
1,2,3,NaN
1,2,3,0.6990667746156102
3,0,3,NaN
3,0,3,0.893076864532752
3,0,3,0.8371210242017674
2,1,3,NaN
2,1,3,NaN
1,2,3,NaN
2,1,3,NaN
3,0,3,0.9998685247362948
3,0,3,NaN
1,2,3,NaN
3,0,3,NaN
3,0,3,NaN
2,1,3,NaN
3,0,3,NaN
3,0,3,0.43614794933242046
3,0,3,NaN
3,0,3,NaN
1,2,3,0.1026612005498701
3,0,3,0.7641629005282548
3,0,3,0.8770122193000203
3,0,3,0.43614794933242046
2,1,3,NaN
3,0,3,NaN
2,1,3,NaN
3,0,3,NaN
3,0,3,NaN
2,1,3,NaN
3,0,3,NaN
2,1,3,0.6613966634587408
2,1,3,0.1376319999999998
3,0,3,0.8185843942460208
2,1,3,0.7925166447343686
3,0,3,NaN
2,1,3,0.9079098270401949
2,1,3,NaN
3,0,3,0.11835585687382275
3,0,3,NaN
2,1,3,0.6990667746156102
3,0,3,0.5501365898815256
3,0,3,0.6990667746156102
3,0,3,0.6331495032668023
2,1,3,NaN
1,2,3,0.6185582093370283
3,0,3,NaN
3,0,3,NaN
3,0,3,NaN
2,1,3,NaN
3,0,3,NaN
3,0,3,NaN
2,1,3,NaN
3,0,3,NaN
3,0,3,NaN
2,1,3,NaN
2,1,3,NaN
2,1,3,0.43614794933242046
1,2,3,NaN
3,0,3,NaN
3,0,3,0.022788573734112794
3,0,3,NaN
1,2,3,0.9209789316492126
2,1,3,0.6613966634587408
3,0,3,NaN
3,0,3,NaN
3,0,3,NaN
3,0,3,NaN
3,0,3,NaN
3,0,3,NaN
3,0,3,NaN
1,2,3,0.7925166447343686
1,2,3,0.18342590517711166
3,0,3,NaN
2,1,3,NaN
2,1,3,0.11835585687382275
3,0,3,NaN
3,0,3,NaN
2,1,3,NaN
3,0,3,NaN
3,0,3,NaN
1,2,3,NaN
3,0,3,NaN
3,0,3,NaN
2,1,3,NaN
2,1,3,0.8597792096635031
3,0,3,NaN
3,0,3,0.8597792096635031
3,0,3,NaN
3,0,3,NaN
3,0,3,NaN
2,1,3,NaN
3,0,3,NaN
3,0,3,NaN
3,0,3,NaN
3,0,3,NaN
3,0,3,NaN
2,1,3,NaN
3,0,3,NaN
2,1,3,NaN
2,1,3,0.0569687888815355
1,2,3,0.7332177371595686
3,0,3,NaN
2,1,3,NaN
3,0,3,NaN
2,1,3,NaN
2,1,3,0.12390041476341097
2,1,3,NaN
3,0,3,NaN
2,1,3,NaN
1,2,3,NaN
2,1,3,0.8395040133151549
2,1,3,0.6185582093370283
2,1,3,0.893076864532752
3,0,3,NaN
2,1,3,0.8354695659274475
1,2,3,0.022788573734112794
3,0,3,NaN
3,0,3,0.43614794933242046
3,0,3,0.06525587975951877
3,0,3,NaN
3,0,3,NaN
2,1,3,NaN
2,1,3,0.893076864532752
2,1,3,NaN
2,1,3,NaN
1,2,3,NaN
2,1,3,0.10738522585422615
1,2,3,0.07633250114228259
3,0,3,NaN
3,0,3,NaN
2,1,3,0.15921953565114888
3,0,3,NaN
2,1,3,0.6185582093370283
1,2,3,NaN
3,0,3,NaN
2,1,3,NaN
3,0,3,NaN
3,0,3,NaN
3,0,3,NaN
2,1,3,0.18342590517711166
3,0,3,NaN
3,0,3,NaN
3,0,3,0.22036439232865215
2,1,3,0.34926187684352356
2,1,3,0.2736599385245901
1,2,3,0.3021100270071239
3,0,3,NaN
2,1,3,NaN
3,0,3,0.23998440172325927
3,0,3,NaN
2,1,3,0.531729986764269
3,0,3,0.15921953565114888
3,0,3,0.9848027522935779
3,0,3,NaN
2,1,3,NaN
2,1,3,NaN
3,0,3,0.531729986764269
2,1,3,0.23998440172325927
2,1,3,NaN
2,1,3,0.390088581715401
3,0,3,0.1026612005498701
2,1,3,NaN
3,0,3,0.6901070794118814
3,0,3,NaN
3,0,3,NaN
3,0,3,NaN
2,1,3,NaN
3,0,3,0.9747128701728911
3,0,3,NaN
2,1,3,NaN
3,0,3,NaN
3,0,3,NaN
2,1,3,0.20163475777346393
2,1,3,NaN
3,0,3,NaN
3,0,3,NaN
3,0,3,NaN
1,2,3,0.34926187684352356
2,1,3,NaN
1,2,3,NaN
3,0,3,0.8395040133151549
3,0,3,0.7925166447343686
3,0,3,0.43614794933242046
3,0,3,NaN
3,0,3,0.8185843942460208
3,0,3,NaN
3,0,3,NaN
2,1,3,NaN
2,1,3,0.03782247324613561
2,1,3,0.11835585687382275
2,1,3,0.5757595332036677
3,0,3,NaN
1,2,3,NaN
2,1,3,0.6448542946203797
3,0,3,0.9747128701728911
1,2,3,0.9433412321949546
2,1,3,NaN
2,1,3,NaN
3,0,3,NaN
2,1,3,NaN
3,0,3,0.9079098270401949
2,1,3,0.6990667746156102
2,1,3,NaN
3,0,3,NaN
2,1,3,NaN
3,0,3,NaN
3,0,3,0.483768449142263
3,0,3,0.8395040133151549
2,1,3,NaN
3,0,3,NaN
2,1,3,NaN
2,1,3,NaN
3,0,3,0.7925166447343686
2,1,3,NaN
1,2,3,NaN
2,1,3,0.31128496075105533
2,1,3,NaN
3,0,3,0.7641629005282548
3,0,3,0.2736599385245901
3,0,3,NaN
2,1,3,NaN
2,1,3,0.5757595332036677
1,2,3,0.012022118863049316
3,0,3,NaN
2,1,3,NaN
3,0,3,NaN
2,1,3,NaN
1,2,3,0.8185843942460208
3,0,3,NaN
2,1,3,NaN
2,1,3,NaN
2,1,3,0.531729986764269
3,0,3,NaN
3,0,3,NaN
3,0,3,NaN
3,0,3,NaN
2,1,3,NaN
3,0,3,NaN
2,1,3,0.2736599385245901
2,1,3,NaN
3,0,3,NaN
1,2,3,NaN
3,0,3,NaN
3,0,3,NaN
2,1,3,NaN
3,0,3,NaN
2,1,3,NaN
3,0,3,NaN
3,0,3,NaN
2,1,3,0.483768449142263
3,0,3,NaN
2,1,3,NaN
3,0,3,0.23998440172325927
2,1,3,NaN
1,2,3,NaN
3,0,3,0.6613966634587408
1,2,3,0.2736599385245901
2,1,3,NaN
3,0,3,0.6185582093370283
3,0,3,0.9079098270401949
3,0,3,NaN
3,0,3,NaN
2,1,3,NaN
3,0,3,NaN
2,1,3,NaN
3,0,3,0.6613966634587408
3,0,3,NaN
2,1,3,NaN
1,2,3,NaN
2,1,3,NaN
3,0,3,0.9686139634526727
3,0,3,0.0066560628633530105
1,2,3,NaN
2,1,3,NaN
3,0,3,NaN
3,0,3,NaN
3,0,3,0.18342590517711166
1,2,3,NaN
2,1,3,0.531729986764269
3,0,3,NaN
3,0,3,NaN
3,0,3,NaN
3,0,3,NaN
2,1,3,NaN
1,2,3,0.9686139634526727
1,2,3,NaN
2,1,3,0.6990667746156102
2,1,3,NaN
3,0,3,NaN
3,0,3,NaN
3,0,3,NaN
2,1,3,NaN
3,0,3,NaN
2,1,3,NaN
3,0,3,NaN
2,1,3,NaN
3,0,3,NaN
3,0,3,NaN
3,0,3,0.31128496075105533
3,0,3,NaN
2,1,3,NaN
3,0,3,NaN
3,0,3,NaN
3,0,3,NaN
3,0,3,NaN
1,2,3,0.6185582093370283
2,1,3,NaN
3,0,3,NaN
2,1,3,0.34926187684352356
3,0,3,NaN
2,1,3,NaN
3,0,3,NaN
1,2,3,NaN
3,0,3,NaN
1,2,3,0.08869205529953894
3,0,3,0.9686139634526727
3,0,3,NaN
2,1,3,NaN
3,0,3,NaN
2,1,3,0.2736599385245901
3,0,3,NaN
3,0,3,0.1376319999999998
3,0,3,NaN
3,0,3,0.20936945520216732
2,1,3,0.3042007367616033
3,0,3,NaN
2,1,3,0.000145494535070908
2,1,3,NaN
2,1,3,0.531729986764269
3,0,3,NaN
2,1,3,0.531729986764269
3,0,3,NaN
2,1,3,0.7641629005282548
2,1,3,0.043199805379105054
3,0,3,NaN
2,1,3,NaN
3,0,3,0.9326921332428637
3,0,3,NaN
3,0,3,NaN
2,1,3,NaN
3,0,3,0.9326921332428637
3,0,3,NaN
2,1,3,NaN
2,1,3,NaN
2,1,3,NaN
3,0,3,NaN
3,0,3,NaN
3,0,3,NaN
3,0,3,NaN
3,0,3,0.6990667746156102
3,0,3,0.8597792096635031
2,1,3,0.483768449142263
3,0,3,0.7332177371595686
2,1,3,0.7925166447343686
1,2,3,NaN
3,0,3,0.6185582093370283
3,0,3,NaN
1,2,3,NaN
3,0,3,NaN
2,1,3,NaN
3,0,3,NaN
3,0,3,NaN
3,0,3,NaN
3,0,3,NaN
3,0,3,0.8770122193000203
3,0,3,NaN
3,0,3,NaN
3,0,3,NaN
2,1,3,NaN
2,1,3,NaN
3,0,3,NaN
3,0,3,0.7030552005581824
2,1,3,0.9209789316492126
2,1,3,NaN
3,0,3,NaN
1,2,3,0.6990667746156102
3,0,3,NaN
2,1,3,0.390088581715401
2,1,3,NaN
1,2,3,NaN
3,0,3,NaN
3,0,3,NaN
3,0,3,NaN
2,1,3,0.7925166447343686
2,1,3,NaN
3,0,3,0.9686139634526727
3,0,3,NaN
2,1,3,NaN
3,0,3,0.31128496075105533
2,1,3,0.9534153129152887
3,0,3,NaN
2,1,3,0.9686139634526727
1,2,3,NaN
3,0,3,NaN
2,1,3,NaN
3,0,3,NaN
3,0,3,NaN
3,0,3,NaN
2,1,3,NaN
2,1,3,0.2736599385245901
3,0,3,NaN
2,1,3,NaN
3,0,3,NaN
3,0,3,0.8185843942460208
3,0,3,NaN
2,1,3,NaN
1,2,3,NaN
3,0,3,NaN
3,0,3,NaN
3,0,3,NaN
3,0,3,NaN
2,1,3,0.18342590517711166
3,0,3,0.483768449142263
1,2,3,NaN
3,0,3,NaN
3,0,3,0.00013033881897037526
2,1,3,0.893076864532752
3,0,3,NaN
3,0,3,NaN
3,0,3,0.390088581715401
3,0,3,NaN
3,0,3,NaN
3,0,3,NaN
3,0,3,0.8770122193000203
3,0,3,0.9919214683718085
3,0,3,NaN
3,0,3,NaN
3,0,3,NaN
3,0,3,NaN
3,0,3,NaN
1,2,3,NaN
1,2,3,NaN
2,1,3,0.7332177371595686
2,1,3,NaN
1,2,3,NaN
1,2,3,NaN
3,0,3,NaN
1,2,3,0.06525587975951877
3,0,3,NaN
2,1,3,NaN
3,0,3,NaN
2,1,3,0.43577762349235377
3,0,3,0.6185582093370283
3,0,3,NaN
2,1,3,NaN
3,0,3,NaN
1,2,3,NaN
1,2,3,NaN
1,2,3,0.07633250114228259
1,2,3,0.5757595332036677
2,1,3,0.84408012222808
2,1,3,NaN
2,1,3,0.6613966634587408
3,0,3,NaN
2,1,3,NaN
3,0,3,0.015441465128962367
2,1,3,0.20936945520216732
3,0,3,0.1376319999999998
3,0,3,NaN
3,0,3,NaN
3,0,3,NaN
2,1,3,0.0005646521537701768
1,2,3,0.34926187684352356
2,1,3,0.06525587975951877
2,1,3,NaN
3,0,3,0.6185582093370283
3,0,3,NaN
3,0,3,NaN
3,0,3,NaN
3,0,3,0.15921953565114888
3,0,3,0.8185843942460208
2,1,3,0.8395040133151549
2,1,3,0.7332177371595686
3,0,3,0.8395040133151549
2,1,3,NaN
2,1,3,0.531729986764269
2,1,3,0.043199805379105054
3,0,3,NaN
3,0,3,NaN
2,1,3,NaN
3,0,3,NaN
3,0,3,NaN
2,1,3,NaN
3,0,3,0.43614794933242046
2,1,3,NaN
2,1,3,0.7641629005282548
2,1,3,0.6613966634587408
1,2,3,0.6613966634587408
3,0,3,NaN
2,1,3,NaN
2,1,3,NaN
3,0,3,NaN
1,2,3,0.11835585687382275
1,2,3,0.005817738293881152
3,0,3,NaN
3,0,3,NaN
3,0,3,0.390088581715401
3,0,3,NaN
2,1,3,0.008207486464976451
3,0,3,0.8770122193000203
2,1,3,NaN
2,1,3,0.5757595332036677
1,2,3,0.7641629005282548
2,1,3,NaN
3,0,3,0.20936945520216732
3,0,3,NaN
3,0,3,0.9747128701728911
3,0,3,NaN
3,0,3,NaN
2,1,3,NaN
2,1,3,NaN
1,2,3,NaN
2,1,3,NaN
3,0,3,NaN
1,2,3,0.483768449142263
2,1,3,NaN
3,0,3,NaN
3,0,3,NaN
3,0,3,0.0569687888815355
1,2,3,0.893076864532752
1,2,3,NaN
2,1,3,0.9888383068434982
3,0,3,NaN
3,0,3,NaN
1,2,3,0.6613966634587408
3,0,3,NaN
1,2,3,0.18342590517711166
2,1,3,NaN
2,1,3,NaN
2,1,3,NaN
3,0,3,NaN
2,1,3,0.43614794933242046
3,0,3,NaN
3,0,3,NaN
3,0,3,NaN
3,0,3,0.06525587975951877
1,2,3,NaN
2,1,3,NaN
1,2,3,NaN
3,0,3,0.20936945520216732
3,0,3,NaN
1,2,3,0.18342590517711166
3,0,3,0.483768449142263
1,2,3,NaN
3,0,3,0.8597792096635031
3,0,3,NaN
3,0,3,NaN
2,1,3,0.08869205529953894
3,0,3,NaN
3,0,3,NaN
3,0,3,NaN
1,2,3,NaN
1,2,3,NaN
3,0,3,NaN
3,0,3,NaN
3,0,3,0.483768449142263
2,1,3,NaN
3,0,3,NaN
2,1,3,NaN
3,0,3,NaN
3,0,3,NaN
3,0,3,NaN
3,0,3,NaN
3,0,3,0.8770122193000203
3,0,3,NaN
3,0,3,NaN
3,0,3,NaN
2,1,3,0.8395040133151549
3,0,3,NaN
3,0,3,NaN
3,0,3,NaN
2,1,3,NaN
3,0,3,NaN
2,1,3,0.7641629005282548
3,0,3,NaN
2,1,3,NaN
3,0,3,NaN
3,0,3,NaN
3,0,3,NaN
3,0,3,0.28967870728116774
2,1,3,0.5263570405063814
3,0,3,NaN
1,2,3,NaN
2,1,3,NaN
2,1,3,NaN
3,0,3,NaN
1,2,3,NaN
3,0,3,0.7641629005282548
2,1,3,0.8395040133151549
3,0,3,0.9209789316492126
3,0,3,NaN
1,2,3,0.9079098270401949
3,0,3,NaN
3,0,3,0.390088581715401
2,1,3,0.022788573734112794
1,2,3,NaN
3,0,3,NaN
1,2,3,NaN
3,0,3,NaN
1,2,3,NaN
3,0,3,NaN
3,0,3,NaN
3,0,3,NaN
2,1,3,NaN
3,0,3,NaN
3,0,3,NaN
3,0,3,NaN
3,0,3,NaN
2,1,3,0.03230741676234196
3,0,3,NaN
1,2,3,0.20936945520216732
1,2,3,NaN
3,0,3,0.7641629005282548
3,0,3,0.43614794933242046
3,0,3,0.2736599385245901
3,0,3,NaN
1,2,3,NaN
3,0,3,NaN
2,1,3,NaN
3,0,3,NaN
3,0,3,NaN
3,0,3,0.7925166447343686
3,0,3,0.9534153129152887
1,2,3,NaN
2,1,3,0.390088581715401
3,0,3,NaN
3,0,3,NaN
3,0,3,NaN
3,0,3,NaN
2,1,3,0.08869205529953894
1,2,3,0.6613966634587408
3,0,3,0.43614794933242046
2,1,3,0.23998440172325927
3,0,3,NaN
3,0,3,NaN
2,1,3,0.893076864532752
2,1,3,NaN
2,1,3,NaN
3,0,3,0.15081572729426215
2,1,3,0.531729986764269
3,0,3,NaN
2,1,3,NaN
2,1,3,0.9433412321949546
3,0,3,NaN
2,1,3,0.483768449142263
3,0,3,0.2736599385245901
1,2,3,0.06525587975951877
2,1,3,0.7925166447343686
3,0,3,NaN
3,0,3,NaN
3,0,3,0.9534153129152887
2,1,3,NaN
3,0,3,NaN
2,1,3,0.9686139634526727
2,1,3,0.00043555654482768603
3,0,3,NaN
3,0,3,0.007932645754295638
3,0,3,NaN
1,2,3,NaN
3,0,3,0.31128496075105533
3,0,3,NaN
3,0,3,NaN
2,1,3,NaN
3,0,3,0.9614248710601718
3,0,3,NaN
3,0,3,NaN
3,0,3,NaN
2,1,3,NaN
2,1,3,NaN
3,0,3,NaN
1,2,3,0.6185582093370283
2,1,3,NaN
2,1,3,NaN
3,0,3,NaN
2,1,3,0.008754916904392958
3,0,3,NaN
2,1,3,0.8597792096635031
2,1,3,NaN
3,0,3,NaN
3,0,3,NaN
3,0,3,NaN
2,1,3,NaN
2,1,3,0.6613966634587408
1,2,3,0.483768449142263
3,0,3,NaN
3,0,3,NaN
2,1,3,NaN
2,1,3,0.0569687888815355
2,1,3,NaN
3,0,3,NaN
2,1,3,0.8770122193000203
3,0,3,0.9534153129152887
3,0,3,NaN
3,0,3,NaN
3,0,3,NaN
3,0,3,NaN
3,0,3,NaN
3,0,3,0.893076864532752
3,0,3,NaN
1,2,3,NaN
3,0,3,NaN
2,1,3,NaN
3,0,3,NaN
1,2,3,NaN
3,0,3,NaN
1,2,3,0.9534153129152887
2,1,3,NaN
2,1,3,0.11457226791051575
2,1,3,0.0016336952718152404
2,1,3,0.390088581715401
1,2,3,0.2736599385245901
3,0,3,NaN
3,0,3,NaN
2,1,3,NaN
1,2,3,NaN
1,2,3,NaN
3,0,3,0.20936945520216732
3,0,3,NaN
2,1,3,0.483768449142263
3,0,3,0.531729986764269
3,0,3,NaN
3,0,3,NaN
3,0,3,NaN
1,2,3,0.390088581715401
1,2,3,0.7332177371595686
2,1,3,0.027150137488542374
1,2,3,NaN
1,2,3,NaN
3,0,3,NaN
3,0,3,NaN
2,1,3,NaN
3,0,3,NaN
3,0,3,NaN
1,2,3,NaN
3,0,3,0.31128496075105533
3,0,3,NaN
2,1,3,NaN
3,0,3,NaN
2,1,3,NaN
2,1,3,NaN
2,1,3,NaN
3,0,3,NaN
1,2,3,0.14264912124111387
2,1,3,NaN
3,0,3,NaN
3,0,3,NaN
3,0,3,NaN
2,1,3,0.6185582093370283
3,0,3,0.5083527280773227
3,0,3,0.21530613828703424
2,1,3,NaN
2,1,3,NaN
3,0,3,NaN
3,0,3,0.34926187684352356
2,1,3,0.8597792096635031
3,0,3,0.5757595332036677
3,0,3,NaN
3,0,3,NaN
3,0,3,NaN
3,0,3,0.34926187684352356
2,1,3,0.655100694636377
1,2,3,NaN
3,0,3,NaN
2,1,3,NaN
1,2,3,0.531729986764269
3,0,3,0.11835585687382275
1,2,3,0.8395040133151549
1,2,3,NaN
2,1,3,NaN
2,1,3,0.8340481719833703
2,1,3,0.9686139634526727
3,0,3,0.483768449142263
3,0,3,NaN
3,0,3,NaN
3,0,3,0.34926187684352356
2,1,3,0.7332177371595686
3,0,3,NaN
2,1,3,NaN
3,0,3,NaN
3,0,3,NaN
3,0,3,NaN
3,0,3,NaN
3,0,3,NaN
2,1,3,0.531729986764269
1,2,3,NaN
2,1,3,NaN
2,1,3,NaN
3,0,3,NaN
2,1,3,0.11835585687382275
3,0,3,NaN
3,0,3,NaN
3,0,3,NaN
3,0,3,0.483768449142263
3,0,3,NaN
3,0,3,0.1376319999999998
2,1,3,NaN
3,0,3,NaN
3,0,3,NaN
3,0,3,NaN
1,2,3,NaN
3,0,3,NaN
2,1,3,0.9209789316492126
2,1,3,NaN
3,0,3,0.7641629005282548
2,1,3,NaN
3,0,3,NaN
3,0,3,NaN
2,1,3,0.483768449142263
2,1,3,NaN
2,1,3,0.9326921332428637
2,1,3,0.23998440172325927
2,1,3,0.8770122193000203
2,1,3,0.6990667746156102
3,0,3,NaN
3,0,3,NaN
3,0,3,NaN
3,0,3,NaN
2,1,3,0.6990667746156102
3,0,3,NaN
3,0,3,NaN
3,0,3,NaN
3,0,3,NaN
3,0,3,NaN
3,0,3,NaN
2,1,3,NaN
3,0,3,NaN
3,0,3,NaN
2,1,3,NaN
3,0,3,NaN
2,1,3,NaN
1,2,3,0.7512299760214655
2,1,3,0.016627813551177786
3,0,3,NaN
3,0,3,0.04937587322664477
3,0,3,NaN
3,0,3,NaN
2,1,3,NaN
3,0,3,NaN
1,2,3,0.34926187684352356
3,0,3,NaN
3,0,3,NaN
3,0,3,NaN
3,0,3,NaN
2,1,3,NaN
3,0,3,0.18715104938040386
3,0,3,NaN
3,0,3,NaN
1,2,3,NaN
2,1,3,0.7925166447343686
3,0,3,NaN
3,0,3,NaN
3,0,3,NaN
3,0,3,0.8510344009631022
2,1,3,0.041136840753890076
2,1,3,NaN
3,0,3,NaN
3,0,3,NaN
3,0,3,NaN
3,0,3,NaN
1,2,3,0.9209789316492126
2,1,3,NaN
1,2,3,0.1376319999999998
1,2,3,0.6990667746156102
2,1,3,NaN
2,1,3,NaN
3,0,3,NaN
2,1,3,0.1026612005498701
2,1,3,0.9079098270401949
3,0,3,0.6185582093370283
1,2,3,NaN
3,0,3,0.7925166447343686
3,0,3,NaN
1,2,3,NaN
3,0,3,NaN
3,0,3,0.6185582093370283
3,0,3,NaN
3,0,3,NaN
2,1,3,NaN
3,0,3,0.390088581715401
3,0,3,NaN
3,0,3,NaN
3,0,3,NaN
3,0,3,NaN
2,1,3,NaN
3,0,3,0.1598353354998912
3,0,3,NaN
2,1,3,NaN
3,0,3,NaN
2,1,3,NaN
2,1,3,NaN
2,1,3,0.9433412321949546
2,1,3,NaN
3,0,3,0.43614794933242046
3,0,3,0.03782247324613561
2,1,3,NaN
2,1,3,NaN
3,0,3,NaN
2,1,3,NaN
2,1,3,NaN
3,0,3,NaN
3,0,3,0.23998440172325927
3,0,3,NaN
2,1,3,NaN
1,2,3,NaN
3,0,3,0.31128496075105533
3,0,3,0.40632797086554634
1,2,3,NaN
3,0,3,NaN
3,0,3,0.7641629005282548
2,1,3,NaN
3,0,3,NaN
1,2,3,NaN
2,1,3,NaN
3,0,3,NaN
3,0,3,0.1026612005498701
3,0,3,NaN
3,0,3,0.9534153129152887
2,1,3,NaN
3,0,3,NaN
1,2,3,NaN
2,1,3,NaN
3,0,3,NaN
3,0,3,NaN
2,1,3,NaN
3,0,3,NaN
3,0,3,NaN
3,0,3,0.390088581715401
2,1,3,NaN
1,2,3,NaN
3,0,3,NaN
3,0,3,NaN
3,0,3,NaN
2,1,3,NaN
3,0,3,NaN
2,1,3,0.8185843942460208
3,0,3,NaN
3,0,3,NaN
3,0,3,NaN
2,1,3,0.03230741676234196
1,2,3,0.7641629005282548
3,0,3,NaN
3,0,3,NaN
3,0,3,0.7641629005282548
2,1,3,0.531729986764269
3,0,3,NaN
2,1,3,0.11835585687382275
2,1,3,0.2736599385245901
2,1,3,0.531729986764269
3,0,3,NaN
3,0,3,NaN
3,0,3,0.6990667746156102
3,0,3,NaN
3,0,3,NaN
3,0,3,NaN
2,1,3,0.34926187684352356
1,2,3,NaN
3,0,3,NaN
3,0,3,NaN
2,1,3,NaN
2,1,3,NaN
3,0,3,0.9326921332428637
2,1,3,NaN
3,0,3,NaN
3,0,3,NaN
3,0,3,NaN
3,0,3,0.08869205529953894
3,0,3,NaN
2,1,3,0.1376319999999998
3,0,3,NaN
2,1,3,0.6447260772432926
2,1,3,NaN
2,1,3,0.2736599385245901
2,1,3,NaN
3,0,3,0.18342590517711166
3,0,3,NaN
3,0,3,0.06227574359898574
3,0,3,NaN
3,0,3,NaN
3,0,3,NaN
3,0,3,0.893076864532752
3,0,3,NaN
1,2,3,NaN
3,0,3,NaN
3,0,3,NaN
2,1,3,NaN
3,0,3,NaN
3,0,3,NaN
2,1,3,0.20936945520216732
2,1,3,NaN
2,1,3,0.07633250114228259
3,0,3,NaN
1,2,3,NaN
3,0,3,0.531729986764269
3,0,3,NaN
3,0,3,NaN
2,1,3,NaN
3,0,3,NaN
2,1,3,NaN
2,1,3,NaN
3,0,3,NaN
2,1,3,NaN
3,0,3,NaN
1,2,3,NaN
2,1,3,NaN
3,0,3,NaN
3,0,3,NaN
2,1,3,NaN
3,0,3,NaN
2,1,3,0.7641629005282548
3,0,3,NaN
3,0,3,NaN
3,0,3,0.6990667746156102
2,1,3,0.23998440172325927
3,0,3,NaN
3,0,3,NaN
1,2,3,NaN
3,0,3,0.20936945520216732
2,1,3,0.9326921332428637
3,0,3,NaN
3,0,3,0.6613966634587408
2,1,3,0.8185843942460208
2,1,3,NaN
2,1,3,NaN
3,0,3,NaN
3,0,3,NaN
3,0,3,0.07633250114228259
2,1,3,NaN
2,1,3,0.34926187684352356
3,0,3,NaN
3,0,3,NaN
3,0,3,NaN
3,0,3,NaN
3,0,3,NaN
3,0,3,0.020154132692139236
3,0,3,NaN
3,0,3,0.31128496075105533
1,2,3,0.0569687888815355
2,1,3,0.019519080662983124
2,1,3,0.34926187684352356
3,0,3,NaN
3,0,3,NaN
3,0,3,NaN
3,0,3,NaN
3,0,3,NaN
2,1,3,NaN
3,0,3,NaN
1,2,3,0.6990667746156102
3,0,3,NaN
1,2,3,0.390088581715401
2,1,3,NaN
3,0,3,0.6613966634587408
3,0,3,NaN
3,0,3,NaN
3,0,3,NaN
3,0,3,NaN
3,0,3,NaN
2,1,3,NaN
3,0,3,NaN
3,0,3,NaN
3,0,3,0.03230741676234196
2,1,3,NaN
3,0,3,NaN
3,0,3,NaN
3,0,3,NaN
2,1,3,NaN
1,2,3,NaN
2,1,3,0.23998440172325927
3,0,3,NaN
2,1,3,NaN
2,1,3,NaN
3,0,3,NaN
1,2,3,NaN
2,1,3,0.31128496075105533
3,0,3,NaN
1,2,3,0.11835585687382275
3,0,3,NaN
3,0,3,0.6185582093370283
3,0,3,NaN
3,0,3,0.8770122193000203
3,0,3,NaN
3,0,3,NaN
2,1,3,NaN
3,0,3,NaN
3,0,3,0.8395040133151549
3,0,3,NaN
2,1,3,0.531729986764269
1,2,3,NaN
3,0,3,NaN
3,0,3,NaN
3,0,3,NaN
3,0,3,NaN
1,2,3,0.6185582093370283
3,0,3,0.8185843942460208
3,0,3,NaN
3,0,3,0.6613966634587408
2,1,3,0.15921953565114888
3,0,3,NaN
3,0,3,0.7641629005282548
2,1,3,NaN
3,0,3,0.0569687888815355
2,1,3,0.07633250114228259
3,0,3,0.7332177371595686
3,0,3,0.893076864532752
3,0,3,NaN
1,2,3,NaN
3,0,3,NaN
2,1,3,NaN
2,1,3,0.08869205529953894
3,0,3,NaN
3,0,3,0.483768449142263
1,2,3,NaN
2,1,3,0.9079098270401949
2,1,3,0.17692773039886234
3,0,3,NaN
3,0,3,NaN
3,0,3,NaN
1,2,3,NaN
1,2,3,NaN
3,0,3,NaN
3,0,3,NaN
2,1,3,NaN
1,2,3,NaN
3,0,3,NaN
2,1,3,NaN
3,0,3,NaN
2,1,3,0.9209789316492126
2,1,3,0.5757595332036677
3,0,3,NaN
1,2,3,NaN
3,0,3,NaN
2,1,3,NaN
3,0,3,NaN
2,1,3,NaN
1,2,3,NaN
3,0,3,NaN
2,1,3,NaN
1,2,3,NaN
3,0,3,0.15921953565114888
3,0,3,NaN
2,1,3,0.026003260824938028
3,0,3,0.8395040133151549
1,2,3,NaN
2,1,3,0.8770122193000203
3,0,3,NaN
3,0,3,0.9888383068434982
3,0,3,NaN
3,0,3,NaN
3,0,3,NaN
2,1,3,0.5757595332036677
3,0,3,0.4319007153382488
3,0,3,0.0569687888815355
3,0,3,NaN
3,0,3,NaN
3,0,3,NaN
3,0,3,NaN
3,0,3,NaN
3,0,3,NaN
1,2,3,NaN
3,0,3,NaN
1,2,3,NaN
3,0,3,0.390088581715401
2,1,3,NaN
3,0,3,NaN
2,1,3,NaN
3,0,3,NaN
2,1,3,NaN
2,1,3,0.390088581715401
3,0,3,NaN
3,0,3,NaN
3,0,3,NaN
1,2,3,0.5757595332036677
3,0,3,NaN
2,1,3,NaN
3,0,3,NaN
3,0,3,0.9959618436650923
3,0,3,NaN
3,0,3,NaN
3,0,3,NaN
3,0,3,0.1376319999999998
2,1,3,NaN
1,2,3,NaN
3,0,3,0.7332177371595686
3,0,3,NaN
2,1,3,NaN
3,0,3,NaN
2,1,3,NaN
3,0,3,NaN
3,0,3,NaN
3,0,3,NaN
2,1,3,NaN
3,0,3,NaN
3,0,3,NaN
1,2,3,NaN
1,2,3,0.31128496075105533
2,1,3,NaN
3,0,3,NaN
3,0,3,NaN
3,0,3,NaN
3,0,3,NaN
2,1,3,NaN
2,1,3,0.8395040133151549
2,1,3,NaN
3,0,3,NaN
3,0,3,0.43614794933242046
2,1,3,0.7700809070434429
2,1,3,NaN
2,1,3,NaN
2,1,3,NaN
3,0,3,NaN
3,0,3,NaN
3,0,3,0.6185582093370283
3,0,3,NaN
3,0,3,NaN
1,2,3,0.8597792096635031
1,2,3,0.06525587975951877
3,0,3,NaN
2,1,3,0.1026612005498701
3,0,3,NaN
3,0,3,0.43614794933242046
3,0,3,0.07633250114228259
1,2,3,NaN
3,0,3,NaN
2,1,3,NaN
2,1,3,NaN
3,0,3,NaN
3,0,3,NaN
2,1,3,NaN
2,1,3,NaN
3,0,3,NaN
1,2,3,NaN
3,0,3,0.8185843942460208
2,1,3,NaN
2,1,3,NaN
2,1,3,0.8770122193000203
3,0,3,NaN
3,0,3,NaN
3,0,3,NaN
3,0,3,NaN
2,1,3,0.483768449142263
3,0,3,NaN
3,0,3,NaN
3,0,3,NaN
3,0,3,NaN
2,1,3,NaN
2,1,3,0.5757595332036677
3,0,3,NaN
3,0,3,NaN
3,0,3,NaN
2,1,3,NaN
3,0,3,0.20936945520216732
3,0,3,NaN
3,0,3,0.7948773508512438
3,0,3,NaN
3,0,3,NaN
3,0,3,0.9079098270401949
2,1,3,NaN
3,0,3,0.390088581715401
2,1,3,NaN
3,0,3,0.9959618436650923
2,1,3,NaN
3,0,3,NaN
3,0,3,0.2736599385245901
3,0,3,0.9433412321949546
3,0,3,NaN
3,0,3,NaN
2,1,3,NaN
2,1,3,NaN
3,0,3,0.6613966634587408
3,0,3,NaN
3,0,3,NaN
2,1,3,NaN
3,0,3,0.08869205529953894
3,0,3,0.03230741676234196
3,0,3,0.483768449142263
3,0,3,NaN
1,2,3,0.531729986764269
1,2,3,0.7925166447343686
2,1,3,NaN
3,0,3,NaN
3,0,3,NaN
2,1,3,0.9079098270401949
1,2,3,0.531729986764269
1,2,3,NaN
3,0,3,NaN
3,0,3,NaN
3,0,3,NaN
2,1,3,NaN
3,0,3,NaN
1,2,3,0.23998440172325927
3,0,3,NaN
2,1,3,0.43614794933242046
3,0,3,NaN
3,0,3,0.4567030950633912
2,1,3,NaN
3,0,3,NaN
2,1,3,NaN
3,0,3,NaN
3,0,3,0.019519080662983124
3,0,3,NaN
1,2,3,NaN
3,0,3,0.7925166447343686
3,0,3,NaN
2,1,3,NaN
3,0,3,NaN
3,0,3,NaN
2,1,3,NaN
2,1,3,NaN
3,0,3,NaN
3,0,3,NaN
3,0,3,NaN
1,2,3,0.9079098270401949
3,0,3,NaN
2,1,3,0.9951674219217004
2,1,3,0.531729986764269
3,0,3,NaN
2,1,3,NaN
3,0,3,0.8770122193000203
3,0,3,NaN
2,1,3,NaN
3,0,3,0.9848027522935779
2,1,3,NaN
2,1,3,NaN
3,0,3,NaN
3,0,3,0.03230741676234196
3,0,3,0.7641629005282548
3,0,3,NaN
2,1,3,NaN
2,1,3,NaN
2,1,3,NaN
3,0,3,NaN
2,1,3,NaN
3,0,3,NaN
3,0,3,0.31128496075105533
3,0,3,0.8597792096635031
3,0,3,NaN
3,0,3,NaN
2,1,3,NaN
2,1,3,NaN
2,1,3,NaN
3,0,3,0.7332177371595686
3,0,3,0.03230741676234196
2,1,3,NaN
3,0,3,NaN
2,1,3,NaN
3,0,3,NaN
3,0,3,NaN
3,0,3,NaN
1,2,3,NaN
3,0,3,NaN
3,0,3,NaN
3,0,3,NaN
3,0,3,NaN
3,0,3,NaN
3,0,3,NaN
2,1,3,0.23998440172325927
3,0,3,NaN
3,0,3,NaN
3,0,3,NaN
2,1,3,0.34926187684352356
3,0,3,NaN
3,0,3,0.7332177371595686
3,0,3,NaN
3,0,3,NaN
2,1,3,NaN
2,1,3,NaN
3,0,3,NaN
3,0,3,NaN
2,1,3,0.6990667746156102
1,2,3,0.016627813551177786
1,2,3,0.15921953565114888
3,0,3,NaN
2,1,3,0.43614794933242046
1,2,3,0.7925166447343686
3,0,3,0.20936945520216732
1,2,3,NaN
2,1,3,NaN
1,2,3,NaN
2,1,3,0.18342590517711166
3,0,3,NaN
2,1,3,0.9686139634526727
3,0,3,0.5757595332036677
3,0,3,0.6185582093370283
3,0,3,0.893076864532752
1,2,3,NaN
2,1,3,0.15921953565114888
3,0,3,NaN
3,0,3,NaN
3,0,3,NaN
3,0,3,0.7332177371595686
2,1,3,0.021766501294557546
3,0,3,NaN
1,2,3,NaN
3,0,3,NaN
3,0,3,NaN
3,0,3,0.7853387871763059
2,1,3,0.8770122193000203
1,2,3,NaN
3,0,3,0.027150137488542374
2,1,3,NaN
3,0,3,NaN
1,2,3,NaN
3,0,3,NaN
3,0,3,0.06745635897682235
1,2,3,NaN
3,0,3,0.6990667746156102
3,0,3,0.000584967414917312
3,0,3,NaN
3,0,3,NaN
3,0,3,0.03782247324613561
2,1,3,0.9686139634526727
2,1,3,NaN
3,0,3,NaN
3,0,3,NaN
3,0,3,NaN
2,1,3,0.9534153129152887
2,1,3,NaN
3,0,3,0.43614794933242046
3,0,3,NaN
3,0,3,NaN
2,1,3,NaN
3,0,3,0.483768449142263
3,0,3,0.6185582093370283
2,1,3,NaN
1,2,3,0.016627813551177786
3,0,3,NaN
3,0,3,NaN
3,0,3,0.43614794933242046
3,0,3,NaN
3,0,3,NaN
3,0,3,NaN
1,2,3,NaN
3,0,3,0.8597792096635031
3,0,3,NaN
3,0,3,NaN
2,1,3,NaN
3,0,3,NaN
1,2,3,0.8395040133151549
2,1,3,0.11835585687382275
3,0,3,NaN
1,2,3,NaN
3,0,3,NaN
2,1,3,NaN
2,1,3,0.009912176912471659
1,2,3,0.9326921332428637
3,0,3,0.9686139634526727
2,1,3,NaN
2,1,3,NaN
3,0,3,0.23998440172325927
1,2,3,NaN
3,0,3,NaN
3,0,3,0.43614794933242046
3,0,3,NaN
2,1,3,0.8597792096635031
1,2,3,0.9326921332428637
3,0,3,NaN
3,0,3,NaN
2,1,3,0.9326921332428637
3,0,3,NaN
2,1,3,NaN
2,1,3,NaN
3,0,3,NaN
3,0,3,NaN
3,0,3,NaN
3,0,3,NaN
1,2,3,NaN
2,1,3,0.7641629005282548
2,1,3,NaN
3,0,3,NaN
2,1,3,NaN
2,1,3,NaN
2,1,3,NaN
2,1,3,NaN
2,1,3,NaN
3,0,3,0.2736599385245901
3,0,3,NaN
2,1,3,NaN
2,1,3,0.1376319999999998
2,1,3,NaN
1,2,3,NaN
3,0,3,0.6185582093370283
3,0,3,0.6613966634587408
3,0,3,0.6613966634587408
3,0,3,0.11835585687382275
3,0,3,NaN
3,0,3,NaN
3,0,3,NaN
1,2,3,NaN
2,1,3,NaN
3,0,3,NaN
3,0,3,0.7332177371595686
2,1,3,NaN
3,0,3,NaN
3,0,3,NaN
3,0,3,0.34926187684352356
3,0,3,NaN
2,1,3,0.9534153129152887
2,1,3,NaN
3,0,3,NaN
3,0,3,NaN
3,0,3,0.08869205529953894
3,0,3,NaN
2,1,3,0.20169710238414265
1,2,3,NaN
1,2,3,NaN
3,0,3,NaN
1,2,3,0.9686139634526727
3,0,3,NaN
1,2,3,NaN
1,2,3,0.6185582093370283
3,0,3,0.531729986764269
3,0,3,0.8770122193000203
2,1,3,NaN
2,1,3,NaN
1,2,3,NaN
3,0,3,NaN
3,0,3,NaN
2,1,3,NaN
2,1,3,NaN
2,1,3,0.390088581715401
2,1,3,NaN
2,1,3,NaN
3,0,3,NaN
3,0,3,NaN
3,0,3,NaN
3,0,3,NaN
1,2,3,NaN
1,2,3,0.5757595332036677
1,2,3,NaN
2,1,3,NaN
3,0,3,NaN
1,2,3,NaN
3,0,3,NaN
3,0,3,NaN
2,1,3,NaN
3,0,3,0.390088581715401
2,1,3,NaN
2,1,3,NaN
2,1,3,NaN
2,1,3,NaN
2,1,3,NaN
2,1,3,NaN
2,1,3,0.1376319999999998
2,1,3,NaN
2,1,3,0.8795235203274335
2,1,3,0.6990667746156102
3,0,3,NaN
3,0,3,NaN
3,0,3,NaN
3,0,3,0.6990667746156102
3,0,3,NaN
3,0,3,0.2736599385245901
2,1,3,NaN
3,0,3,NaN
3,0,3,NaN
2,1,3,NaN
3,0,3,NaN
2,1,3,0.8395040133151549
2,1,3,NaN
3,0,3,0.6613966634587408
1,2,3,NaN
2,1,3,0.34926187684352356
3,0,3,0.7505738960061019
2,1,3,NaN
2,1,3,NaN
3,0,3,0.26563510148309083
3,0,3,NaN
2,1,3,NaN
1,2,3,NaN
3,0,3,NaN
3,0,3,NaN
3,0,3,0.7925166447343686
1,2,3,0.1026612005498701
3,0,3,NaN
3,0,3,0.1026612005498701
3,0,3,NaN
2,1,3,0.2736599385245901
1,2,3,NaN
3,0,3,NaN
3,0,3,0.08869205529953894
3,0,3,NaN
2,1,3,0.20936945520216732
3,0,3,0.006082193050191918
1,2,3,0.7394544821147426
3,0,3,NaN
1,2,3,NaN
3,0,3,0.9534153129152887
3,0,3,NaN
3,0,3,NaN
1,2,3,0.7925166447343686
2,1,3,NaN
3,0,3,0.20936945520216732
3,0,3,NaN
2,1,3,0.390088581715401
3,0,3,0.9209789316492126
2,1,3,0.17651310440536505
3,0,3,0.8395040133151549
3,0,3,0.7641629005282548
2,1,3,NaN
1,2,3,NaN
3,0,3,0.8185843942460208
2,1,3,NaN
3,0,3,NaN
3,0,3,NaN
2,1,3,NaN
1,2,3,NaN
3,0,3,NaN
3,0,3,NaN
3,0,3,NaN
2,1,3,NaN
3,0,3,0.7925166447343686
3,0,3,NaN
2,1,3,NaN
3,0,3,0.9209789316492126
2,1,3,NaN
3,0,3,0.6185582093370283
3,0,3,0.5042543110193682
2,1,3,NaN
1,2,3,0.23998440172325927
3,0,3,NaN
2,1,3,NaN
3,0,3,NaN
1,2,3,NaN
2,1,3,NaN
3,0,3,0.1376319999999998
3,0,3,NaN
2,1,3,NaN
2,1,3,0.9209789316492126
3,0,3,NaN
2,1,3,NaN
2,1,3,NaN
3,0,3,NaN
3,0,3,0.390088581715401
2,1,3,NaN
3,0,3,0.11835585687382275
3,0,3,NaN
3,0,3,NaN
2,1,3,NaN
3,0,3,NaN
3,0,3,0.483768449142263
1,2,3,NaN
3,0,3,NaN
1,2,3,NaN
2,1,3,NaN
2,1,3,0.8597792096635031
3,0,3,NaN
1,2,3,NaN
2,1,3,NaN
2,1,3,NaN
3,0,3,0.9209789316492126
2,1,3,0.9534153129152887
3,0,3,NaN
1,2,3,NaN
2,1,3,0.5757595332036677
3,0,3,NaN
1,2,3,0.7641629005282548
3,0,3,NaN
3,0,3,NaN
3,0,3,0.08663948526000041
3,0,3,NaN
2,1,3,0.8395040133151549
1,2,3,0.2440624611789815
3,0,3,NaN
3,0,3,NaN
3,0,3,0.20936945520216732
3,0,3,0.06525587975951877
3,0,3,0.9433412321949546
2,1,3,NaN
3,0,3,0.9534153129152887
3,0,3,NaN
3,0,3,NaN
2,1,3,NaN
3,0,3,NaN
3,0,3,NaN
2,1,3,NaN
3,0,3,NaN
2,1,3,0.43614794933242046
1,2,3,NaN
1,2,3,0.6613966634587408
2,1,3,0.1026612005498701
3,0,3,NaN
3,0,3,NaN
1,2,3,NaN
3,0,3,NaN
3,0,3,0.7925166447343686
2,1,3,NaN
3,0,3,NaN
3,0,3,NaN
3,0,3,0.8395040133151549
3,0,3,0.06525587975951877
1,2,3,0.5757595332036677
3,0,3,0.20861669070363179
3,0,3,NaN
2,1,3,NaN
3,0,3,NaN
3,0,3,NaN
2,1,3,NaN
3,0,3,NaN
2,1,3,NaN
1,2,3,NaN
2,1,3,NaN
2,1,3,NaN
3,0,3,0.531729986764269
3,0,3,NaN
3,0,3,NaN
3,0,3,NaN
3,0,3,NaN
2,1,3,NaN
2,1,3,NaN
3,0,3,8.885576262069037e-7
3,0,3,NaN
2,1,3,NaN
2,1,3,0.4073322708524649
3,0,3,NaN
2,1,3,0.9079098270401949
3,0,3,NaN
3,0,3,NaN
3,0,3,NaN
3,0,3,NaN
2,1,3,NaN
1,2,3,NaN
2,1,3,NaN
3,0,3,0.9433412321949546
3,0,3,NaN
2,1,3,NaN
3,0,3,NaN
3,0,3,NaN
3,0,3,NaN
3,0,3,0.15921953565114888
2,1,3,NaN
1,2,3,NaN
2,1,3,NaN
2,1,3,NaN
3,0,3,NaN
1,2,3,NaN
3,0,3,NaN
2,1,3,0.5757595332036677
2,1,3,NaN
3,0,3,0.11835585687382275
2,1,3,NaN
3,0,3,NaN
2,1,3,0.34926187684352356
2,1,3,NaN
2,1,3,NaN
3,0,3,NaN
2,1,3,0.31128496075105533
3,0,3,NaN
2,1,3,0.11835585687382275
3,0,3,NaN
1,2,3,0.7641629005282548
2,1,3,NaN
3,0,3,NaN
1,2,3,NaN
2,1,3,0.7641629005282548
2,1,3,0.043199805379105054
3,0,3,NaN
2,1,3,NaN
2,1,3,0.7332177371595686
3,0,3,NaN
3,0,3,NaN
2,1,3,NaN
2,1,3,0.20936945520216732
2,1,3,0.8597792096635031
3,0,3,NaN
3,0,3,NaN
3,0,3,NaN
3,0,3,NaN
2,1,3,0.483768449142263
2,1,3,0.07633250114228259
3,0,3,NaN
2,1,3,NaN
3,0,3,NaN
3,0,3,NaN
3,0,3,NaN
3,0,3,0.18342590517711166
3,0,3,NaN
2,1,3,0.7925166447343686
2,1,3,0.9614248710601718
2,1,3,NaN
3,0,3,NaN
3,0,3,NaN
2,1,3,NaN
3,0,3,NaN
3,0,3,0.9686139634526727
2,1,3,NaN
2,1,3,0.6990667746156102
2,1,3,NaN
2,1,3,0.8770122193000203
3,0,3,NaN
2,1,3,0.6990667746156102
2,1,3,NaN
3,0,3,NaN
1,2,3,NaN
1,2,3,NaN
2,1,3,0.531729986764269
3,0,3,NaN
3,0,3,0.8185843942460208
3,0,3,NaN
3,0,3,NaN
2,1,3,0.9888383068434982
3,0,3,NaN
2,1,3,NaN
2,1,3,NaN
2,1,3,NaN
1,2,3,NaN
3,0,3,0.5757595332036677
2,1,3,0.6185582093370283
3,0,3,NaN
2,1,3,0.8597792096635031
3,0,3,NaN
2,1,3,NaN
1,2,3,NaN
2,1,3,NaN
1,2,3,0.390088581715401
2,1,3,0.06525587975951877
3,0,3,0.20936945520216732
3,0,3,NaN
2,1,3,0.9079098270401949
1,2,3,0.6185582093370283
2,1,3,0.9209789316492126
3,0,3,NaN
3,0,3,NaN
2,1,3,NaN
3,0,3,NaN
1,2,3,NaN
2,1,3,NaN
1,2,3,0.5810805644004121
2,1,3,NaN
1,2,3,0.2736599385245901
3,0,3,NaN
3,0,3,NaN
3,0,3,NaN
1,2,3,NaN
3,0,3,NaN
2,1,3,NaN
3,0,3,0.7332177371595686
3,0,3,NaN
1,2,3,0.43614794933242046
3,0,3,NaN
3,0,3,NaN
3,0,3,NaN
3,0,3,NaN
3,0,3,NaN
3,0,3,NaN
3,0,3,NaN
2,1,3,NaN
2,1,3,NaN
1,2,3,0.483768449142263
3,0,3,NaN
2,1,3,NaN
3,0,3,NaN
2,1,3,NaN
2,1,3,0.04937587322664477
3,0,3,NaN
1,2,3,NaN
3,0,3,0.8597792096635031
3,0,3,NaN
1,2,3,NaN
2,1,3,0.8597792096635031
2,1,3,NaN
3,0,3,NaN
3,0,3,NaN
3,0,3,NaN
3,0,3,NaN
3,0,3,NaN
3,0,3,0.009912176912471659
3,0,3,0.18342590517711166
1,2,3,NaN
2,1,3,0.8395040133151549
3,0,3,NaN
2,1,3,0.03782247324613561
3,0,3,NaN
3,0,3,0.34926187684352356
3,0,3,0.34926187684352356
3,0,3,NaN
3,0,3,0.893076864532752
2,1,3,NaN
2,1,3,0.5097092446358592
3,0,3,0.531729986764269
3,0,3,0.06525587975951877
3,0,3,0.6990667746156102
1,2,3,NaN
1,2,3,NaN
3,0,3,NaN
3,0,3,NaN
3,0,3,NaN
2,1,3,NaN
1,2,3,0.9848027522935779
3,0,3,NaN
2,1,3,NaN
3,0,3,NaN
3,0,3,NaN
3,0,3,NaN
3,0,3,NaN
2,1,3,NaN
2,1,3,NaN
3,0,3,0.34926187684352356
2,1,3,0.9686139634526727
1,2,3,NaN
3,0,3,NaN
2,1,3,NaN
2,1,3,NaN
3,0,3,NaN
1,2,3,NaN
3,0,3,0.6990667746156102
2,1,3,NaN
2,1,3,0.06525587975951877
3,0,3,NaN
2,1,3,0.8597792096635031
2,1,3,NaN
2,1,3,NaN
1,2,3,NaN
2,1,3,0.980101638801523
3,0,3,NaN
2,1,3,0.06525587975951877
1,2,3,NaN
1,2,3,NaN
3,0,3,NaN
1,2,3,NaN
2,1,3,NaN
3,0,3,0.531729986764269
2,1,3,0.6613966634587408
3,0,3,NaN
3,0,3,NaN
3,0,3,NaN
1,2,3,NaN
2,1,3,NaN
2,1,3,NaN
1,2,3,NaN
3,0,3,NaN
3,0,3,0.7332177371595686
2,1,3,NaN
3,0,3,NaN
2,1,3,0.000750517455216115
1,2,3,NaN
2,1,3,NaN
3,0,3,NaN
2,1,3,NaN
2,1,3,0.18383792736531743
2,1,3,0.9209789316492126
3,0,3,NaN
3,0,3,0.6185582093370283
3,0,3,NaN
3,0,3,NaN
3,0,3,NaN
3,0,3,NaN
2,1,3,0.2736599385245901
1,2,3,NaN
1,2,3,NaN
2,1,3,0.8185843942460208
3,0,3,NaN
3,0,3,0.34926187684352356
3,0,3,NaN
2,1,3,NaN
3,0,3,0.13862449232099347
3,0,3,NaN
3,0,3,0.6613966634587408
3,0,3,0.5757595332036677
3,0,3,NaN
3,0,3,NaN
3,0,3,NaN
1,2,3,NaN
3,0,3,NaN
3,0,3,NaN
2,1,3,NaN
3,0,3,NaN
1,2,3,NaN
1,2,3,0.34926187684352356
3,0,3,0.7641629005282548
3,0,3,NaN
3,0,3,0.43614794933242046
2,1,3,NaN
2,1,3,NaN
3,0,3,0.6990667746156102
2,1,3,NaN
1,2,3,NaN
2,1,3,0.9209789316492126
3,0,3,NaN
1,2,3,NaN
3,0,3,0.8770122193000203
3,0,3,NaN
3,0,3,NaN
3,0,3,NaN
2,1,3,NaN
3,0,3,NaN
2,1,3,NaN
3,0,3,NaN
1,2,3,0.390088581715401
1,2,3,0.9326921332428637
3,0,3,0.7925166447343686
2,1,3,NaN
3,0,3,NaN
3,0,3,NaN
2,1,3,NaN
3,0,3,0.9614248710601718
3,0,3,NaN
3,0,3,0.8185843942460208
3,0,3,0.893076864532752
3,0,3,NaN
3,0,3,NaN
2,1,3,0.13797619272253211
1,2,3,NaN
3,0,3,0.0569687888815355
3,0,3,NaN
2,1,3,NaN
1,2,3,0.07633250114228259
2,1,3,0.8395040133151549
3,0,3,NaN
3,0,3,NaN
3,0,3,NaN
2,1,3,NaN
3,0,3,NaN
1,2,3,NaN
2,1,3,0.08869205529953894
2,1,3,NaN
2,1,3,NaN
2,1,3,0.6613966634587408
3,0,3,NaN
3,0,3,0.11835585687382275
3,0,3,0.15921953565114888
3,0,3,0.8395040133151549
3,0,3,NaN
3,0,3,NaN
3,0,3,NaN
2,1,3,NaN
3,0,3,NaN
3,0,3,NaN
3,0,3,NaN
3,0,3,0.08869205529953894
1,2,3,0.8776207124053833
2,1,3,NaN
3,0,3,NaN
3,0,3,0.8185843942460208
3,0,3,NaN
3,0,3,NaN
1,2,3,0.390088581715401
3,0,3,NaN
2,1,3,0.8185843942460208
2,1,3,0.11835585687382275
3,0,3,NaN
2,1,3,0.11835585687382275
3,0,3,NaN
3,0,3,0.18342590517711166
3,0,3,NaN
2,1,3,0.9433412321949546
3,0,3,NaN
3,0,3,0.9848027522935779
3,0,3,NaN
3,0,3,0.9433412321949546
3,0,3,NaN
2,1,3,NaN
2,1,3,NaN
3,0,3,NaN
3,0,3,NaN
3,0,3,0.9686139634526727
3,0,3,NaN
3,0,3,0.8185843942460208
2,1,3,0.7332177371595686
3,0,3,NaN
3,0,3,NaN
1,2,3,NaN
3,0,3,NaN
1,2,3,NaN
3,0,3,NaN
3,0,3,0.7332177371595686
2,1,3,0.6613966634587408
1,2,3,NaN
3,0,3,NaN
3,0,3,NaN
2,1,3,NaN
1,2,3,NaN
1,2,3,NaN
2,1,3,NaN
2,1,3,0.6990667746156102
2,1,3,NaN
1,2,3,NaN
3,0,3,NaN
3,0,3,0.9209789316492126
2,1,3,NaN
2,1,3,NaN
1,2,3,NaN
3,0,3,0.6990667746156102
2,1,3,0.008751484670864415
3,0,3,NaN
3,0,3,NaN
3,0,3,NaN
2,1,3,NaN
3,0,3,NaN
3,0,3,NaN
3,0,3,NaN
3,0,3,0.43614794933242046
3,0,3,0.6613966634587408
3,0,3,NaN
2,1,3,NaN
3,0,3,NaN
3,0,3,NaN
1,2,3,NaN
2,1,3,0.483768449142263
2,1,3,NaN
1,2,3,NaN
3,0,3,NaN
3,0,3,NaN
1,2,3,0.8770122193000203
2,1,3,0.5757595332036677
2,1,3,0.022788573734112794
2,1,3,NaN
2,1,3,NaN
2,1,3,0.483768449142263
3,0,3,NaN
2,1,3,NaN
3,0,3,NaN
3,0,3,NaN
1,2,3,NaN
3,0,3,NaN
1,2,3,0.7925166447343686
2,1,3,NaN
2,1,3,0.1026612005498701
2,1,3,NaN
3,0,3,NaN
3,0,3,NaN
2,1,3,NaN
2,1,3,NaN
2,1,3,0.9326921332428637
2,1,3,NaN
2,1,3,NaN
1,2,3,NaN
3,0,3,NaN
3,0,3,NaN
3,0,3,NaN
3,0,3,NaN
3,0,3,NaN
2,1,3,0.20936945520216732
2,1,3,NaN
1,2,3,NaN
3,0,3,NaN
3,0,3,NaN
2,1,3,NaN
2,1,3,NaN
3,0,3,NaN
3,0,3,NaN
3,0,3,NaN
3,0,3,NaN
2,1,3,NaN
2,1,3,NaN
3,0,3,NaN
2,1,3,0.7332177371595686
1,2,3,0.0021679292106529047
3,0,3,NaN
2,1,3,0.7332177371595686
2,1,3,0.7925166447343686
3,0,3,0.7332177371595686
1,2,3,NaN
3,0,3,0.6613966634587408
3,0,3,0.390088581715401
3,0,3,NaN
3,0,3,NaN
2,1,3,0.820865454689211
1,2,3,0.34926187684352356
3,0,3,NaN
2,1,3,0.6185582093370283
3,0,3,NaN
3,0,3,NaN
2,1,3,NaN
2,1,3,NaN
3,0,3,NaN
2,1,3,0.390088581715401
1,2,3,NaN
3,0,3,NaN
3,0,3,0.0030892543021027673
3,0,3,0.9747128701728911
2,1,3,NaN
2,1,3,NaN
3,0,3,0.34926187684352356
1,2,3,NaN
2,1,3,NaN
2,1,3,NaN
3,0,3,NaN
3,0,3,NaN
3,0,3,NaN
3,0,3,0.6613966634587408
3,0,3,NaN
3,0,3,NaN
2,1,3,NaN
3,0,3,NaN
3,0,3,NaN
3,0,3,0.9326921332428637
2,1,3,NaN
2,1,3,NaN
3,0,3,0.8770122193000203
3,0,3,0.06525587975951877
3,0,3,NaN
2,1,3,0.43614794933242046
2,1,3,NaN
2,1,3,NaN
3,0,3,NaN
2,1,3,NaN
1,2,3,0.6185582093370283
2,1,3,NaN
3,0,3,NaN
3,0,3,0.6185582093370283
3,0,3,0.5757595332036677
1,2,3,NaN
1,2,3,NaN
2,1,3,0.7332177371595686
2,1,3,NaN
3,0,3,NaN
1,2,3,NaN
2,1,3,0.7641629005282548
2,1,3,0.29765660056058585
3,0,3,NaN
2,1,3,NaN
1,2,3,NaN
3,0,3,NaN
3,0,3,NaN
1,2,3,NaN
3,0,3,NaN
1,2,3,NaN
1,2,3,NaN
2,1,3,NaN
3,0,3,NaN
2,1,3,NaN
2,1,3,NaN
2,1,3,NaN
2,1,3,0.7925166447343686
3,0,3,NaN
1,2,3,NaN
2,1,3,0.6613966634587408
3,0,3,NaN
3,0,3,0.31128496075105533
2,1,3,NaN
2,1,3,NaN
2,1,3,NaN
1,2,3,NaN
1,2,3,NaN
2,1,3,NaN
3,0,3,NaN
2,1,3,0.016627813551177786
3,0,3,0.9747128701728911
1,2,3,NaN
2,1,3,NaN
2,1,3,0.9433412321949546
3,0,3,NaN
1,2,3,NaN
3,0,3,NaN
3,0,3,NaN
2,1,3,0.390088581715401
3,0,3,NaN
3,0,3,NaN
3,0,3,NaN
2,1,3,NaN
3,0,3,0.6613966634587408
3,0,3,NaN
3,0,3,0.34926187684352356
3,0,3,NaN
3,0,3,NaN
3,0,3,NaN
2,1,3,NaN
1,2,3,0.14341372939388958
3,0,3,NaN
3,0,3,NaN
3,0,3,NaN
3,0,3,NaN
1,2,3,NaN
3,0,3,NaN
3,0,3,0.7641629005282548
1,2,3,NaN
3,0,3,NaN
3,0,3,0.5757595332036677
2,1,3,NaN
1,2,3,0.812452418910723
1,2,3,NaN
3,0,3,0.6613966634587408
2,1,3,0.15921953565114888
3,0,3,0.34926187684352356
3,0,3,NaN
2,1,3,NaN
3,0,3,NaN
2,1,3,NaN
3,0,3,NaN
3,0,3,NaN
1,2,3,NaN
1,2,3,NaN
2,1,3,NaN
2,1,3,0.390088581715401
2,1,3,NaN
3,0,3,0.7332177371595686
3,0,3,NaN
3,0,3,0.1026612005498701
3,0,3,NaN
1,2,3,0.8185843942460208
3,0,3,NaN
1,2,3,NaN
3,0,3,NaN
2,1,3,0.6990667746156102
3,0,3,NaN
2,1,3,NaN
3,0,3,0.6185582093370283
1,2,3,NaN
3,0,3,NaN
3,0,3,0.5757595332036677
1,2,3,NaN
3,0,3,NaN
3,0,3,NaN
3,0,3,NaN
2,1,3,0.11154663703820043
3,0,3,NaN
3,0,3,NaN
2,1,3,NaN
3,0,3,NaN
3,0,3,0.0569687888815355
3,0,3,NaN
2,1,3,0.45601750612764397
3,0,3,NaN
3,0,3,NaN
2,1,3,NaN
2,1,3,NaN
2,1,3,NaN
3,0,3,NaN
1,2,3,0.8597792096635031
3,0,3,NaN
1,2,3,NaN
2,1,3,0.531729986764269
2,1,3,NaN
3,0,3,NaN
2,1,3,0.15921953565114888
3,0,3,NaN
3,0,3,NaN
1,2,3,NaN
3,0,3,NaN
3,0,3,0.893076864532752
2,1,3,0.9209789316492126
3,0,3,NaN
2,1,3,NaN
2,1,3,0.531729986764269
3,0,3,NaN
1,2,3,NaN
3,0,3,NaN
2,1,3,NaN
3,0,3,NaN
3,0,3,NaN
2,1,3,NaN
3,0,3,NaN
3,0,3,0.483768449142263
1,2,3,NaN
2,1,3,0.8770122193000203
2,1,3,0.9326921332428637
2,1,3,NaN
3,0,3,NaN
3,0,3,NaN
1,2,3,0.7925166447343686
3,0,3,0.23998440172325927
3,0,3,NaN
2,1,3,NaN
2,1,3,NaN
2,1,3,NaN
3,0,3,NaN
3,0,3,NaN
2,1,3,0.7332177371595686
3,0,3,0.31128496075105533
2,1,3,NaN
3,0,3,0.43614794933242046
3,0,3,0.9747128701728911
3,0,3,NaN
2,1,3,NaN
3,0,3,NaN
3,0,3,0.31394150269669024
3,0,3,NaN
3,0,3,NaN
1,2,3,NaN
3,0,3,0.012022118863049316
3,0,3,0.5757595332036677
3,0,3,0.34926187684352356
3,0,3,NaN
3,0,3,0.5757595332036677
3,0,3,NaN
2,1,3,NaN
1,2,3,NaN
3,0,3,NaN
1,2,3,NaN
3,0,3,NaN
3,0,3,0.390088581715401
3,0,3,NaN
2,1,3,NaN
3,0,3,NaN
3,0,3,NaN
2,1,3,NaN
2,1,3,0.6990667746156102
3,0,3,0.11835585687382275
3,0,3,NaN
3,0,3,NaN
2,1,3,0.43614794933242046
3,0,3,NaN
2,1,3,NaN
2,1,3,0.6613966634587408
3,0,3,NaN
3,0,3,NaN
2,1,3,0.483768449142263
1,2,3,0.1026612005498701
3,0,3,NaN
2,1,3,NaN
3,0,3,NaN
3,0,3,0.7641629005282548
2,1,3,NaN
2,1,3,NaN
1,2,3,NaN
2,1,3,0.043199805379105054
3,0,3,NaN
3,0,3,0.6990667746156102
3,0,3,NaN
2,1,3,0.9326921332428637
2,1,3,NaN
3,0,3,0.11835585687382275
2,1,3,NaN
3,0,3,NaN
1,2,3,NaN
1,2,3,NaN
3,0,3,NaN
3,0,3,NaN
3,0,3,NaN
2,1,3,NaN
2,1,3,0.483768449142263
3,0,3,0.1376319999999998
3,0,3,NaN
3,0,3,NaN
1,2,3,NaN
3,0,3,NaN
3,0,3,NaN
3,0,3,NaN
1,2,3,0.04937587322664477
2,1,3,0.893076864532752
1,2,3,NaN
1,2,3,0.43614794933242046
1,2,3,NaN
2,1,3,NaN
3,0,3,NaN
3,0,3,NaN
2,1,3,NaN
3,0,3,0.9686139634526727
3,0,3,0.7925166447343686
3,0,3,NaN
3,0,3,NaN
1,2,3,NaN
2,1,3,0.11835585687382275
3,0,3,NaN
3,0,3,0.9919214683718085
3,0,3,0.8597792096635031
2,1,3,0.20936945520216732
3,0,3,NaN
2,1,3,NaN
2,1,3,NaN
2,1,3,NaN
2,1,3,0.8185843942460208
3,0,3,NaN
3,0,3,NaN
3,0,3,NaN
3,0,3,NaN
3,0,3,NaN
3,0,3,0.531729986764269
3,0,3,0.20936945520216732
2,1,3,NaN
2,1,3,NaN
3,0,3,0.31128496075105533
2,1,3,0.390088581715401
1,2,3,NaN
1,2,3,NaN
3,0,3,NaN
1,2,3,NaN
3,0,3,NaN
2,1,3,NaN
3,0,3,NaN
2,1,3,NaN
1,2,3,NaN
3,0,3,0.6851140816611032
3,0,3,NaN
2,1,3,0.8395040133151549
2,1,3,0.9614248710601718
2,1,3,NaN
2,1,3,0.6990667746156102
2,1,3,NaN
3,0,3,NaN
2,1,3,0.6990667746156102
2,1,3,NaN
3,0,3,NaN
3,0,3,NaN
2,1,3,NaN
3,0,3,NaN
3,0,3,NaN
3,0,3,0.8395040133151549
2,1,3,0.43614794933242046
1,2,3,0.6990667746156102
3,0,3,0.390088581715401
3,0,3,NaN
2,1,3,NaN
3,0,3,NaN
2,1,3,NaN
3,0,3,NaN
3,0,3,0.9209789316492126
2,1,3,NaN
3,0,3,NaN
3,0,3,NaN
3,0,3,NaN
2,1,3,NaN
3,0,3,NaN
3,0,3,0.15921953565114888
1,2,3,0.6990667746156102
3,0,3,NaN
2,1,3,NaN
1,2,3,NaN
3,0,3,NaN
2,1,3,NaN
3,0,3,NaN
3,0,3,0.5757595332036677
3,0,3,NaN
3,0,3,0.07633250114228259
3,0,3,NaN
3,0,3,NaN
3,0,3,NaN
2,1,3,NaN
2,1,3,NaN
1,2,3,NaN
3,0,3,NaN
2,1,3,NaN
3,0,3,NaN
2,1,3,NaN
1,2,3,NaN
3,0,3,0.7925166447343686
3,0,3,0.5757595332036677
3,0,3,NaN
3,0,3,NaN
2,1,3,NaN
1,2,3,NaN
2,1,3,NaN
2,1,3,0.8185843942460208
3,0,3,NaN
3,0,3,NaN
3,0,3,0.2736599385245901
1,2,3,NaN
2,1,3,NaN
3,0,3,NaN
3,0,3,NaN
3,0,3,0.8395040133151549
2,1,3,0.483768449142263
2,1,3,0.9534153129152887
3,0,3,NaN
3,0,3,NaN
2,1,3,NaN
3,0,3,0.6613966634587408
3,0,3,NaN
1,2,3,NaN
3,0,3,NaN
3,0,3,NaN
2,1,3,NaN
3,0,3,0.7925166447343686
1,2,3,NaN
3,0,3,NaN
3,0,3,0.43614794933242046
3,0,3,NaN
1,2,3,NaN
3,0,3,NaN
3,0,3,NaN
2,1,3,0.18342590517711166
3,0,3,NaN
2,1,3,0.390088581715401
1,2,3,0.43614794933242046
1,2,3,0.5757595332036677
3,0,3,0.02180431614413967
2,1,3,NaN
3,0,3,NaN
3,0,3,NaN
2,1,3,NaN
2,1,3,0.03230741676234196
2,1,3,NaN
3,0,3,0.007003252747251538
3,0,3,0.02098633812465002
2,1,3,NaN
3,0,3,NaN
2,1,3,NaN
2,1,3,NaN
3,0,3,NaN
2,1,3,0.0569687888815355
2,1,3,NaN
3,0,3,NaN
3,0,3,0.43614794933242046
3,0,3,0.8185843942460208
3,0,3,NaN
2,1,3,NaN
2,1,3,NaN
3,0,3,0.483768449142263
3,0,3,NaN
2,1,3,NaN
2,1,3,0.037344652987661556
3,0,3,NaN
3,0,3,NaN
2,1,3,NaN
3,0,3,NaN
3,0,3,NaN
2,1,3,0.43614794933242046
2,1,3,NaN
2,1,3,0.18342590517711166
2,1,3,0.7332177371595686
2,1,3,NaN
3,0,3,0.7277910133953862
3,0,3,NaN
2,1,3,NaN
2,1,3,NaN
2,1,3,NaN
1,2,3,NaN
3,0,3,NaN
1,2,3,NaN
2,1,3,NaN
3,0,3,NaN
2,1,3,NaN
2,1,3,0.6185582093370283
3,0,3,NaN
3,0,3,0.7925166447343686
3,0,3,NaN
1,2,3,NaN
1,2,3,NaN
3,0,3,NaN
3,0,3,NaN
2,1,3,NaN
3,0,3,NaN
3,0,3,NaN
2,1,3,NaN
3,0,3,NaN
3,0,3,NaN
3,0,3,NaN
1,2,3,NaN
2,1,3,NaN
3,0,3,NaN
2,1,3,NaN
3,0,3,0.2736599385245901
3,0,3,NaN
2,1,3,NaN
3,0,3,0.7925166447343686
2,1,3,0.9433412321949546
2,1,3,0.893076864532752
2,1,3,0.9747128701728911
1,2,3,NaN
1,2,3,NaN
2,1,3,NaN
3,0,3,NaN
3,0,3,NaN
2,1,3,NaN
2,1,3,NaN
3,0,3,NaN
1,2,3,NaN
2,1,3,0.8770122193000203
3,0,3,NaN
1,2,3,0.34926187684352356
2,1,3,0.9848027522935779
1,2,3,NaN
1,2,3,0.06525587975951877
3,0,3,0.31128496075105533
3,0,3,NaN
2,1,3,NaN
2,1,3,0.913214581415164
2,1,3,NaN
1,2,3,NaN
2,1,3,NaN
3,0,3,NaN
3,0,3,NaN
2,1,3,NaN
1,2,3,NaN
2,1,3,NaN
3,0,3,NaN
3,0,3,NaN
2,1,3,0.6613966634587408
2,1,3,NaN
3,0,3,NaN
3,0,3,NaN
2,1,3,0.6613966634587408
3,0,3,0.6990667746156102
1,2,3,0.43614794933242046
1,2,3,0.390088581715401
2,1,3,NaN
3,0,3,0.11835585687382275
3,0,3,NaN
3,0,3,NaN
2,1,3,0.6990667746156102
3,0,3,0.4573189871059706
1,2,3,0.7925166447343686
3,0,3,0.31128496075105533
1,2,3,0.0614275986214728
2,1,3,NaN
2,1,3,NaN
2,1,3,NaN
3,0,3,NaN
3,0,3,0.2736599385245901
2,1,3,0.0569687888815355
3,0,3,NaN
3,0,3,0.6185582093370283
3,0,3,0.7925166447343686
1,2,3,NaN
3,0,3,NaN
2,1,3,NaN
1,2,3,NaN
2,1,3,0.6185582093370283
2,1,3,NaN
2,1,3,0.1004159907511305
3,0,3,NaN
1,2,3,NaN
2,1,3,NaN
2,1,3,NaN
2,1,3,NaN
2,1,3,0.9398350962748045
3,0,3,0.7332177371595686
3,0,3,NaN
3,0,3,NaN
2,1,3,NaN
3,0,3,0.6185582093370283
2,1,3,NaN
2,1,3,0.7925166447343686
2,1,3,NaN
2,1,3,0.8770122193000203
3,0,3,NaN
3,0,3,NaN
2,1,3,0.20936945520216732
3,0,3,NaN
3,0,3,NaN
1,2,3,0.027150137488542374
1,2,3,NaN
3,0,3,0.390088581715401
2,1,3,NaN
3,0,3,NaN
1,2,3,NaN
2,1,3,NaN
2,1,3,0.6613966634587408
2,1,3,NaN
3,0,3,NaN
2,1,3,0.8597792096635031
1,2,3,0.00808978812425337
3,0,3,NaN
3,0,3,NaN
3,0,3,NaN
2,1,3,0.5757595332036677
3,0,3,NaN
1,2,3,NaN
3,0,3,0.5757595332036677
3,0,3,NaN
2,1,3,0.04937587322664477
2,1,3,0.749359964362704
2,1,3,NaN
3,0,3,NaN
3,0,3,NaN
3,0,3,NaN
2,1,3,0.8770122193000203
3,0,3,NaN
2,1,3,NaN
2,1,3,0.5976377428652669
3,0,3,NaN
2,1,3,NaN
2,1,3,0.00015616479446205192
2,1,3,NaN
2,1,3,0.1376319999999998
3,0,3,NaN
3,0,3,NaN
2,1,3,NaN
2,1,3,NaN
3,0,3,0.6613966634587408
1,2,3,0.15921953565114888
3,0,3,0.1376319999999998
3,0,3,NaN
3,0,3,NaN
2,1,3,0.15921953565114888
3,0,3,NaN
1,2,3,0.43614794933242046
3,0,3,NaN
2,1,3,NaN
3,0,3,NaN
3,0,3,NaN
2,1,3,NaN
3,0,3,NaN
3,0,3,NaN
3,0,3,NaN
3,0,3,NaN
3,0,3,0.11835585687382275
2,1,3,0.8770122193000203
1,2,3,NaN
1,2,3,0.531729986764269
2,1,3,0.027150137488542374
1,2,3,NaN
3,0,3,0.007605662718925178
3,0,3,NaN
3,0,3,NaN
2,1,3,NaN
1,2,3,0.9433412321949546
3,0,3,0.8770122193000203
3,0,3,NaN
3,0,3,0.6990667746156102
3,0,3,NaN
3,0,3,0.43614794933242046
3,0,3,0.34926187684352356
3,0,3,0.8185843942460208
2,1,3,NaN
2,1,3,0.980101638801523
1,2,3,NaN
1,2,3,NaN
1,2,3,0.18342590517711166
2,1,3,NaN
3,0,3,NaN
3,0,3,0.6990667746156102
3,0,3,NaN
3,0,3,NaN
3,0,3,0.31128496075105533
2,1,3,NaN
3,0,3,0.43614794933242046
3,0,3,0.20936945520216732
2,1,3,0.022788573734112794
2,1,3,0.9747128701728911
3,0,3,NaN
3,0,3,0.1026612005498701
1,2,3,0.6185582093370283
3,0,3,0.6613966634587408
3,0,3,0.6613966634587408
3,0,3,NaN
1,2,3,NaN
1,2,3,0.8395040133151549
1,2,3,NaN
1,2,3,NaN
2,1,3,NaN
2,1,3,0.8185843942460208
1,2,3,NaN
3,0,3,NaN
1,2,3,0.009912176912471659
3,0,3,NaN
2,1,3,NaN
3,0,3,NaN
3,0,3,NaN
3,0,3,0.20936945520216732
3,0,3,0.15921953565114888
2,1,3,NaN
2,1,3,NaN
2,1,3,0.483768449142263
2,1,3,NaN
3,0,3,NaN
1,2,3,NaN
2,1,3,0.8185843942460208
2,1,3,0.43614794933242046
3,0,3,0.7641629005282548
3,0,3,0.6613966634587408
3,0,3,NaN
1,2,3,NaN
3,0,3,0.34926187684352356
2,1,3,NaN
3,0,3,0.23998440172325927
3,0,3,0.483768449142263
1,2,3,NaN
1,2,3,NaN
3,0,3,NaN
2,1,3,NaN
2,1,3,0.8770122193000203
3,0,3,0.483768449142263
3,0,3,NaN
3,0,3,NaN
3,0,3,0.34926187684352356
3,0,3,NaN
3,0,3,NaN
2,1,3,0.5757595332036677
3,0,3,NaN
2,1,3,0.980101638801523
3,0,3,NaN
3,0,3,NaN
1,2,3,NaN
2,1,3,NaN
2,1,3,NaN
2,1,3,NaN
2,1,3,0.7925166447343686
1,2,3,0.18342590517711166
2,1,3,NaN
2,1,3,NaN
3,0,3,0.8185843942460208
1,2,3,0.7332177371595686
3,0,3,NaN
3,0,3,NaN
3,0,3,NaN
3,0,3,NaN
2,1,3,NaN
2,1,3,NaN
3,0,3,NaN
2,1,3,0.9209789316492126
3,0,3,NaN
1,2,3,NaN
3,0,3,NaN
3,0,3,NaN
1,2,3,NaN
2,1,3,NaN
1,2,3,NaN
3,0,3,0.1026612005498701
2,1,3,NaN
3,0,3,NaN
2,1,3,0.43614794933242046
3,0,3,0.18342590517711166
3,0,3,NaN
3,0,3,0.1026612005498701
2,1,3,0.6990667746156102
3,0,3,NaN
2,1,3,NaN
3,0,3,NaN
3,0,3,NaN
2,1,3,NaN
3,0,3,0.6185582093370283
2,1,3,NaN
2,1,3,0.8597792096635031
2,1,3,NaN
1,2,3,0.024681282185577427
3,0,3,0.2736599385245901
2,1,3,NaN
2,1,3,NaN
2,1,3,NaN
3,0,3,NaN
3,0,3,NaN
3,0,3,0.9209789316492126
2,1,3,NaN
2,1,3,0.43614794933242046
3,0,3,NaN
3,0,3,0.39732595048527836
2,1,3,NaN
2,1,3,NaN
3,0,3,0.7332177371595686
2,1,3,0.7332177371595686
3,0,3,NaN
2,1,3,0.8197394761937766
2,1,3,NaN
2,1,3,0.8185843942460208
2,1,3,NaN
3,0,3,NaN
3,0,3,NaN
1,2,3,NaN
2,1,3,0.06165363587037351
1,2,3,0.014302811501596825
3,0,3,NaN
3,0,3,NaN
2,1,3,NaN
3,0,3,0.03782247324613561
1,2,3,NaN
2,1,3,NaN
2,1,3,0.6185582093370283
2,1,3,NaN
1,2,3,NaN
3,0,3,NaN
2,1,3,NaN
2,1,3,0.9209789316492126
2,1,3,0.6375068000154904
3,0,3,NaN
3,0,3,NaN
2,1,3,0.9079098270401949
2,1,3,0.14341372939388958
3,0,3,NaN
2,1,3,NaN
1,2,3,NaN
2,1,3,NaN
1,2,3,0.2736599385245901
2,1,3,NaN
3,0,3,NaN
2,1,3,NaN
3,0,3,NaN
3,0,3,0.15921953565114888
2,1,3,NaN
3,0,3,NaN
1,2,3,0.03230741676234196
3,0,3,NaN
2,1,3,0.8185843942460208
3,0,3,NaN
2,1,3,NaN
3,0,3,NaN
3,0,3,0.7925166447343686
2,1,3,NaN
2,1,3,NaN
1,2,3,NaN
3,0,3,NaN
2,1,3,NaN
3,0,3,NaN
2,1,3,0.8185843942460208
3,0,3,NaN
3,0,3,NaN
2,1,3,NaN
1,2,3,0.007003252747251538
3,0,3,NaN
2,1,3,NaN
3,0,3,NaN
3,0,3,NaN
1,2,3,NaN
3,0,3,NaN
3,0,3,NaN
3,0,3,NaN
2,1,3,NaN
3,0,3,NaN
2,1,3,NaN
3,0,3,0.6990667746156102
3,0,3,NaN
2,1,3,0.531729986764269
2,1,3,NaN
3,0,3,0.9079098270401949
2,1,3,NaN
3,0,3,NaN
3,0,3,NaN
2,1,3,0.043199805379105054
2,1,3,0.11835585687382275
3,0,3,NaN
2,1,3,NaN
3,0,3,NaN
1,2,3,NaN
1,2,3,NaN
1,2,3,0.6613966634587408
2,1,3,NaN
2,1,3,NaN
3,0,3,NaN
2,1,3,NaN
2,1,3,0.34926187684352356
3,0,3,0.8185843942460208
3,0,3,NaN
2,1,3,NaN
2,1,3,0.9747128701728911
3,0,3,NaN
2,1,3,NaN
3,0,3,0.43614794933242046
3,0,3,NaN
3,0,3,NaN
3,0,3,NaN
3,0,3,0.390088581715401
1,2,3,NaN
1,2,3,NaN
3,0,3,NaN
3,0,3,0.23998440172325927
2,1,3,NaN
2,1,3,NaN
3,0,3,0.9209789316492126
3,0,3,NaN
2,1,3,0.5757595332036677
2,1,3,NaN
1,2,3,NaN
2,1,3,0.2736599385245901
3,0,3,0.8185843942460208
2,1,3,NaN
3,0,3,NaN
3,0,3,NaN
1,2,3,0.07633250114228259
1,2,3,NaN
2,1,3,0.2065096060777499
2,1,3,0.9326921332428637
3,0,3,NaN
3,0,3,NaN
3,0,3,0.7925166447343686
3,0,3,0.06745635897682235
3,0,3,NaN
3,0,3,0.8770122193000203
3,0,3,NaN
3,0,3,NaN
2,1,3,NaN
2,1,3,NaN
3,0,3,0.390088581715401
2,1,3,NaN
3,0,3,0.04937587322664477
2,1,3,NaN
1,2,3,NaN
3,0,3,NaN
3,0,3,0.6185582093370283
3,0,3,0.531729986764269
1,2,3,NaN
2,1,3,NaN
1,2,3,0.9534153129152887
2,1,3,0.6185582093370283
3,0,3,0.8185843942460208
2,1,3,NaN
3,0,3,NaN
2,1,3,0.15921953565114888
2,1,3,NaN
3,0,3,NaN
3,0,3,NaN
2,1,3,NaN
3,0,3,NaN
3,0,3,NaN
2,1,3,NaN
3,0,3,NaN
1,2,3,NaN
3,0,3,0.5757595332036677
3,0,3,0.8395040133151549
1,2,3,0.31128496075105533
3,0,3,NaN
2,1,3,0.22534725913754766
3,0,3,0.18342590517711166
2,1,3,NaN
3,0,3,0.9940320922471844
3,0,3,NaN
1,2,3,NaN
2,1,3,NaN
2,1,3,NaN
3,0,3,NaN
2,1,3,NaN
2,1,3,NaN
3,0,3,NaN
3,0,3,NaN
2,1,3,0.9079098270401949
3,0,3,NaN
2,1,3,NaN
2,1,3,NaN
2,1,3,0.980101638801523
3,0,3,NaN
3,0,3,0.33372149774144877
1,2,3,NaN
3,0,3,NaN
2,1,3,0.04937587322664477
2,1,3,NaN
3,0,3,0.6185582093370283
3,0,3,NaN
3,0,3,0.8770122193000203
1,2,3,0.8185843942460208
3,0,3,NaN
3,0,3,NaN
2,1,3,NaN
3,0,3,NaN
2,1,3,0.43614794933242046
3,0,3,NaN
3,0,3,NaN
3,0,3,0.9686139634526727
2,1,3,0.9433412321949546
2,1,3,NaN
2,1,3,0.23998440172325927
2,1,3,0.43614794933242046
2,1,3,NaN
2,1,3,0.9209789316492126
3,0,3,NaN
2,1,3,0.7641629005282548
1,2,3,NaN
3,0,3,NaN
2,1,3,NaN
2,1,3,NaN
2,1,3,NaN
3,0,3,NaN
3,0,3,NaN
1,2,3,0.06165363587037351
3,0,3,NaN
3,0,3,NaN
3,0,3,0.34926187684352356
2,1,3,0.0019395151261962112
2,1,3,NaN
2,1,3,NaN
2,1,3,0.07633250114228259
3,0,3,0.9079098270401949
1,2,3,0.531729986764269
3,0,3,0.06525587975951877
3,0,3,NaN
3,0,3,NaN
3,0,3,NaN
3,0,3,0.31128496075105533
2,1,3,NaN
3,0,3,NaN
3,0,3,0.9326921332428637
3,0,3,0.31128496075105533
3,0,3,NaN
1,2,3,NaN
2,1,3,0.7332177371595686
1,2,3,0.6613966634587408
1,2,3,NaN
2,1,3,NaN
3,0,3,NaN
3,0,3,NaN
3,0,3,NaN
2,1,3,0.483768449142263
3,0,3,0.9534153129152887
3,0,3,NaN
1,2,3,NaN
2,1,3,0.8395040133151549
3,0,3,NaN
2,1,3,NaN
2,1,3,NaN
3,0,3,0.06525587975951877
3,0,3,NaN
3,0,3,NaN
2,1,3,NaN
3,0,3,NaN
3,0,3,NaN
3,0,3,NaN
1,2,3,NaN
2,1,3,NaN
3,0,3,0.980101638801523
3,0,3,0.893076864532752
1,2,3,0.43614794933242046
3,0,3,NaN
2,1,3,0.31128496075105533
2,1,3,NaN
1,2,3,NaN
2,1,3,NaN
3,0,3,NaN
2,1,3,NaN
3,0,3,0.012022118863049316
3,0,3,0.8770122193000203
3,0,3,NaN
3,0,3,0.1026612005498701
3,0,3,NaN
1,2,3,NaN
3,0,3,0.8185843942460208
3,0,3,NaN
1,2,3,NaN
3,0,3,0.5757595332036677
3,0,3,NaN
2,1,3,NaN
1,2,3,NaN
3,0,3,NaN
3,0,3,NaN
3,0,3,NaN
2,1,3,NaN
3,0,3,0.9848027522935779
2,1,3,NaN
3,0,3,NaN
2,1,3,NaN
2,1,3,NaN
2,1,3,NaN
3,0,3,0.7641629005282548
3,0,3,NaN
2,1,3,0.03782247324613561
2,1,3,0.30766134932571504
2,1,3,NaN
3,0,3,0.07633250114228259
1,2,3,NaN
3,0,3,NaN
3,0,3,NaN
2,1,3,NaN
2,1,3,NaN
2,1,3,0.483768449142263
1,2,3,NaN
3,0,3,NaN
3,0,3,0.7641629005282548
2,1,3,NaN
2,1,3,NaN
3,0,3,NaN
3,0,3,NaN
3,0,3,0.483768449142263
1,2,3,NaN
1,2,3,NaN
3,0,3,NaN
2,1,3,NaN
1,2,3,0.531729986764269
3,0,3,NaN
3,0,3,NaN
2,1,3,NaN
3,0,3,NaN
3,0,3,NaN
2,1,3,NaN
2,1,3,NaN
3,0,3,NaN
1,2,3,NaN
3,0,3,0.6990667746156102
3,0,3,0.7925166447343686
1,2,3,NaN
3,0,3,NaN
2,1,3,NaN
3,0,3,NaN
3,0,3,NaN
3,0,3,NaN
1,2,3,0.390088581715401
3,0,3,NaN
1,2,3,0.5757595332036677
2,1,3,NaN
3,0,3,NaN
1,2,3,0.03782247324613561
1,2,3,0.6990667746156102
2,1,3,NaN
3,0,3,0.9591602820049496
3,0,3,0.06525587975951877
3,0,3,0.483768449142263
3,0,3,NaN
3,0,3,NaN
3,0,3,0.531729986764269
3,0,3,0.8185843942460208
3,0,3,NaN
3,0,3,NaN
1,2,3,NaN
3,0,3,NaN
3,0,3,NaN
3,0,3,NaN
2,1,3,NaN
3,0,3,NaN
3,0,3,0.34926187684352356
3,0,3,NaN
3,0,3,NaN
1,2,3,NaN
2,1,3,NaN
3,0,3,NaN
3,0,3,NaN
2,1,3,NaN
2,1,3,0.5757595332036677
2,1,3,0.6185582093370283
1,2,3,NaN
2,1,3,NaN
1,2,3,NaN
2,1,3,NaN
3,0,3,NaN
2,1,3,NaN
2,1,3,0.2736599385245901
3,0,3,NaN
1,2,3,NaN
1,2,3,NaN
2,1,3,NaN
1,2,3,NaN
2,1,3,NaN
2,1,3,NaN
2,1,3,NaN
1,2,3,0.8770122193000203
3,0,3,0.7332177371595686
1,2,3,NaN
2,1,3,NaN
1,2,3,0.6990667746156102
2,1,3,NaN
2,1,3,NaN
2,1,3,NaN
3,0,3,NaN
3,0,3,0.5757595332036677
3,0,3,NaN
3,0,3,NaN
3,0,3,NaN
1,2,3,0.36675537795816276
2,1,3,NaN
3,0,3,NaN
1,2,3,0.5757595332036677
2,1,3,NaN
2,1,3,NaN
3,0,3,0.9433412321949546
3,0,3,NaN
3,0,3,NaN
1,2,3,NaN
3,0,3,0.483768449142263
3,0,3,NaN
2,1,3,0.6613966634587408
2,1,3,0.34926187684352356
2,1,3,NaN
3,0,3,NaN
2,1,3,NaN
1,2,3,0.43577762349235377
2,1,3,0.8770122193000203
3,0,3,NaN
3,0,3,NaN
3,0,3,0.20936945520216732
2,1,3,NaN
3,0,3,0.7641629005282548
2,1,3,NaN
2,1,3,NaN
2,1,3,0.893076864532752
1,2,3,NaN
3,0,3,NaN
3,0,3,NaN
3,0,3,NaN
3,0,3,NaN
3,0,3,NaN
3,0,3,0.483768449142263
2,1,3,NaN
3,0,3,NaN
3,0,3,0.9326921332428637
2,1,3,NaN
3,0,3,NaN
3,0,3,NaN
3,0,3,NaN
3,0,3,NaN
3,0,3,NaN
3,0,3,NaN
3,0,3,NaN
3,0,3,0.8185843942460208
3,0,3,0.9209789316492126
2,1,3,NaN
2,1,3,NaN
1,2,3,NaN
2,1,3,NaN
2,1,3,NaN
3,0,3,NaN
3,0,3,NaN
2,1,3,0.08869205529953894
2,1,3,NaN
2,1,3,NaN
3,0,3,NaN
3,0,3,NaN
3,0,3,NaN
3,0,3,NaN
3,0,3,NaN
2,1,3,0.4319007153382488
3,0,3,NaN
3,0,3,NaN
3,0,3,NaN
2,1,3,0.31128496075105533
3,0,3,NaN
2,1,3,0.390088581715401
2,1,3,NaN
2,1,3,0.5757595332036677
1,2,3,0.668710119804481
2,1,3,NaN
3,0,3,NaN
2,1,3,0.06227574359898574
1,2,3,0.43614794933242046
3,0,3,NaN
2,1,3,NaN
3,0,3,NaN
1,2,3,NaN
2,1,3,0.15921953565114888
2,1,3,0.31128496075105533
3,0,3,NaN
2,1,3,NaN
1,2,3,NaN
3,0,3,NaN
3,0,3,NaN
1,2,3,NaN
3,0,3,NaN
3,0,3,0.004939389942292157
1,2,3,NaN
3,0,3,0.0569687888815355
2,1,3,NaN
3,0,3,0.09896828461212225
3,0,3,NaN
3,0,3,NaN
3,0,3,0.027150137488542374
3,0,3,NaN
1,2,3,NaN
1,2,3,NaN
1,2,3,NaN
3,0,3,NaN
3,0,3,NaN
3,0,3,NaN
3,0,3,NaN
3,0,3,0.9888383068434982
3,0,3,NaN
3,0,3,NaN
2,1,3,NaN
3,0,3,0.03230741676234196
3,0,3,NaN
1,2,3,NaN
2,1,3,NaN
3,0,3,0.007003252747251538
2,1,3,0.7332177371595686
3,0,3,NaN
1,2,3,NaN
3,0,3,NaN
2,1,3,0.8395040133151549
3,0,3,NaN
3,0,3,NaN
1,2,3,NaN
3,0,3,NaN
3,0,3,NaN
2,1,3,0.8185843942460208
3,0,3,NaN
3,0,3,0.5757595332036677
2,1,3,NaN
2,1,3,NaN
3,0,3,NaN
2,1,3,0.20936945520216732
3,0,3,NaN
3,0,3,NaN
3,0,3,NaN
2,1,3,0.9142357277367548
3,0,3,0.531729986764269
2,1,3,NaN
1,2,3,NaN
2,1,3,0.1376319999999998
3,0,3,NaN
1,2,3,NaN
2,1,3,NaN
1,2,3,NaN
1,2,3,NaN
3,0,3,NaN
2,1,3,NaN
3,0,3,NaN
2,1,3,0.6185582093370283
3,0,3,0.07633250114228259
3,0,3,NaN
1,2,3,NaN
3,0,3,NaN
2,1,3,NaN
3,0,3,NaN
2,1,3,NaN
2,1,3,NaN
3,0,3,0.7925166447343686
3,0,3,NaN
1,2,3,0.43614794933242046
3,0,3,0.6185582093370283
3,0,3,NaN
2,1,3,NaN
2,1,3,NaN
3,0,3,0.43614794933242046
2,1,3,NaN
2,1,3,0.9209789316492126
3,0,3,NaN
3,0,3,NaN
3,0,3,NaN
3,0,3,0.20936945520216732
1,2,3,NaN
2,1,3,NaN
3,0,3,NaN
3,0,3,NaN
3,0,3,NaN
3,0,3,NaN
3,0,3,NaN
3,0,3,0.8597792096635031
3,0,3,NaN
3,0,3,NaN
3,0,3,NaN
3,0,3,0.6990667746156102
3,0,3,NaN
3,0,3,NaN
3,0,3,NaN
2,1,3,0.5825272282964099
2,1,3,0.11835585687382275
2,1,3,NaN
2,1,3,NaN
1,2,3,NaN
3,0,3,NaN
1,2,3,0.6185582093370283
3,0,3,NaN
3,0,3,NaN
3,0,3,0.1026612005498701
3,0,3,NaN
2,1,3,0.007003252747251538
3,0,3,NaN
3,0,3,NaN
3,0,3,0.483768449142263
3,0,3,NaN
3,0,3,0.08869205529953894
1,2,3,NaN
1,2,3,0.483768449142263
3,0,3,NaN
2,1,3,NaN
2,1,3,NaN
2,1,3,0.6741830672601722
3,0,3,0.9433412321949546
3,0,3,NaN
2,1,3,NaN
2,1,3,NaN
3,0,3,0.8770122193000203
2,1,3,NaN
3,0,3,NaN
2,1,3,0.31128496075105533
2,1,3,0.025677867345422847
1,2,3,NaN
3,0,3,0.1376319999999998
2,1,3,NaN
1,2,3,NaN
3,0,3,NaN
2,1,3,NaN
3,0,3,0.5757595332036677
3,0,3,NaN
3,0,3,NaN
2,1,3,0.8185843942460208
3,0,3,NaN
3,0,3,NaN
1,2,3,NaN
2,1,3,NaN
2,1,3,NaN
2,1,3,0.06778471383143507
1,2,3,NaN
2,1,3,0.34926187684352356
3,0,3,NaN
3,0,3,NaN
1,2,3,NaN
3,0,3,NaN
3,0,3,0.7925166447343686
3,0,3,NaN
3,0,3,NaN
1,2,3,NaN
3,0,3,NaN
3,0,3,NaN
3,0,3,0.7332177371595686
3,0,3,NaN
3,0,3,0.7332177371595686
2,1,3,NaN
2,1,3,NaN
3,0,3,0.0053021338430499845
3,0,3,NaN
3,0,3,NaN
2,1,3,NaN
3,0,3,NaN
2,1,3,0.390088581715401
3,0,3,NaN
3,0,3,0.483768449142263
2,1,3,NaN
3,0,3,NaN
1,2,3,NaN
2,1,3,NaN
3,0,3,NaN
1,2,3,0.5858713937968076
2,1,3,NaN
3,0,3,NaN
3,0,3,0.9940320922471844
3,0,3,NaN
3,0,3,NaN
3,0,3,NaN
3,0,3,0.9209789316492126
1,2,3,NaN
3,0,3,0.6185582093370283
2,1,3,0.004939389942292157
2,1,3,NaN
1,2,3,NaN
2,1,3,NaN
1,2,3,0.483768449142263
3,0,3,NaN
3,0,3,NaN
2,1,3,0.6990667746156102
3,0,3,NaN
3,0,3,NaN
3,0,3,NaN
2,1,3,NaN
3,0,3,0.20936945520216732
2,1,3,0.23998440172325927
3,0,3,0.11835585687382275
1,2,3,0.893076864532752
3,0,3,0.390088581715401
3,0,3,NaN
3,0,3,0.03782247324613561
3,0,3,NaN
2,1,3,NaN
3,0,3,NaN
3,0,3,NaN
1,2,3,NaN
3,0,3,NaN
3,0,3,NaN
3,0,3,0.7332177371595686
3,0,3,NaN
3,0,3,NaN
3,0,3,NaN
3,0,3,0.5757595332036677
3,0,3,NaN
2,1,3,0.7925166447343686
2,1,3,NaN
2,1,3,NaN
3,0,3,NaN
3,0,3,NaN
3,0,3,NaN
2,1,3,NaN
2,1,3,0.06525587975951877
2,1,3,NaN
1,2,3,NaN
2,1,3,NaN
3,0,3,0.043199805379105054
1,2,3,0.03281741490189986
3,0,3,NaN
2,1,3,NaN
2,1,3,0.34926187684352356
1,2,3,NaN
3,0,3,0.6185582093370283
2,1,3,0.022788573734112794
3,0,3,NaN
3,0,3,0.9433412321949546
1,2,3,0.8395040133151549
1,2,3,NaN
3,0,3,NaN
2,1,3,NaN
3,0,3,NaN
2,1,3,0.9326921332428637
2,1,3,NaN
2,1,3,NaN
3,0,3,NaN
3,0,3,NaN
2,1,3,NaN
2,1,3,NaN
2,1,3,0.6185582093370283
3,0,3,NaN
2,1,3,NaN
2,1,3,NaN
3,0,3,NaN
3,0,3,0.043199805379105054
3,0,3,NaN
3,0,3,NaN
3,0,3,NaN
1,2,3,0.9534153129152887
3,0,3,NaN
1,2,3,NaN
1,2,3,0.483768449142263
3,0,3,0.18320481795033483
3,0,3,NaN
3,0,3,NaN
3,0,3,NaN
3,0,3,0.9209789316492126
2,1,3,0.11835585687382275
3,0,3,NaN
1,2,3,NaN
3,0,3,NaN
1,2,3,NaN
2,1,3,0.004939389942292157
3,0,3,NaN
2,1,3,0.1026612005498701
1,2,3,0.531729986764269
3,0,3,NaN
3,0,3,NaN
1,2,3,NaN
2,1,3,NaN
2,1,3,NaN
3,0,3,0.20936945520216732
3,0,3,NaN
2,1,3,NaN
3,0,3,0.022788573734112794
2,1,3,NaN
2,1,3,0.6613966634587408
3,0,3,NaN
1,2,3,0.20936945520216732
1,2,3,NaN
2,1,3,NaN
3,0,3,0.6613966634587408
2,1,3,NaN
1,2,3,NaN
3,0,3,NaN
3,0,3,0.31128496075105533
2,1,3,0.893076864532752
1,2,3,NaN
2,1,3,0.6185582093370283
2,1,3,NaN
1,2,3,0.03230741676234196
1,2,3,0.15921953565114888
2,1,3,NaN
3,0,3,0.8770122193000203
3,0,3,NaN
3,0,3,NaN
2,1,3,0.531729986764269
3,0,3,NaN
3,0,3,0.34926187684352356
2,1,3,NaN
3,0,3,NaN
2,1,3,NaN
3,0,3,0.9326921332428637
2,1,3,0.7641629005282548
1,2,3,NaN
1,2,3,NaN
2,1,3,NaN
3,0,3,NaN
2,1,3,NaN
3,0,3,0.34926187684352356
2,1,3,0.6613966634587408
2,1,3,0.7641629005282548
3,0,3,NaN
1,2,3,NaN
3,0,3,NaN
3,0,3,0.9988199866224712
3,0,3,0.34926187684352356
2,1,3,NaN
1,2,3,NaN
2,1,3,NaN
3,0,3,NaN
3,0,3,0.483768449142263
3,0,3,NaN
1,2,3,NaN
2,1,3,NaN
3,0,3,0.483768449142263
1,2,3,0.8770122193000203
3,0,3,NaN
3,0,3,NaN
3,0,3,0.7641629005282548
2,1,3,NaN
1,2,3,0.8770122193000203
1,2,3,NaN
1,2,3,NaN
3,0,3,0.9614248710601718
3,0,3,NaN
3,0,3,NaN
2,1,3,NaN
3,0,3,0.07633250114228259
3,0,3,NaN
1,2,3,0.20936945520216732
3,0,3,NaN
1,2,3,0.531729986764269
3,0,3,NaN
1,2,3,0.8770122193000203
3,0,3,0.23998440172325927
3,0,3,NaN
1,2,3,NaN
2,1,3,0.4319007153382488
3,0,3,NaN
3,0,3,NaN
1,2,3,NaN
3,0,3,NaN
3,0,3,NaN
3,0,3,NaN
2,1,3,NaN
2,1,3,NaN
3,0,3,NaN
2,1,3,0.6613966634587408
3,0,3,NaN
2,1,3,0.8185843942460208
2,1,3,NaN
3,0,3,0.8597792096635031
2,1,3,NaN
3,0,3,0.7641629005282548
1,2,3,NaN
1,2,3,NaN
3,0,3,0.0569687888815355
2,1,3,NaN
3,0,3,NaN
3,0,3,0.6990667746156102
2,1,3,0.18965973984783724
3,0,3,NaN
3,0,3,0.7332177371595686
3,0,3,0.00030438085358505765
1,2,3,0.390088581715401
2,1,3,NaN
2,1,3,NaN
3,0,3,NaN
2,1,3,0.07633250114228259
3,0,3,NaN
3,0,3,NaN
3,0,3,NaN
3,0,3,NaN
2,1,3,NaN
3,0,3,NaN
3,0,3,0.1376319999999998
1,2,3,0.7394544821147426
2,1,3,NaN
2,1,3,0.483768449142263
3,0,3,NaN
2,1,3,0.0030892543021027673
2,1,3,NaN
1,2,3,0.9747128701728911
3,0,3,NaN
3,0,3,NaN
3,0,3,NaN
3,0,3,NaN
3,0,3,NaN
3,0,3,NaN
1,2,3,0.390088581715401
1,2,3,NaN
3,0,3,NaN
1,2,3,NaN
2,1,3,NaN
3,0,3,NaN
2,1,3,NaN
2,1,3,0.9079098270401949
2,1,3,NaN
2,1,3,NaN
2,1,3,0.390088581715401
3,0,3,0.7641629005282548
1,2,3,NaN
2,1,3,0.43614794933242046
3,0,3,NaN
3,0,3,0.43614794933242046
1,2,3,0.483768449142263
3,0,3,0.6185582093370283
2,1,3,NaN
2,1,3,NaN
2,1,3,NaN
3,0,3,NaN
3,0,3,NaN
3,0,3,0.8597792096635031
3,0,3,NaN
3,0,3,NaN
3,0,3,NaN
2,1,3,NaN
3,0,3,0.9747128701728911
3,0,3,NaN
2,1,3,NaN
1,2,3,NaN
2,1,3,NaN
3,0,3,NaN
3,0,3,NaN
3,0,3,NaN
3,0,3,NaN
2,1,3,0.7641629005282548
3,0,3,NaN
1,2,3,0.2736599385245901
1,2,3,0.1352429151164506
2,1,3,NaN
3,0,3,NaN
2,1,3,NaN
3,0,3,NaN
3,0,3,0.531729986764269
3,0,3,NaN
2,1,3,NaN
1,2,3,NaN
3,0,3,NaN
3,0,3,NaN
3,0,3,NaN
1,2,3,NaN
3,0,3,NaN
1,2,3,NaN
3,0,3,0.9534153129152887
1,2,3,NaN
3,0,3,NaN
3,0,3,NaN
3,0,3,NaN
3,0,3,NaN
3,0,3,NaN
1,2,3,NaN
2,1,3,0.04937587322664477
3,0,3,0.7641629005282548
1,2,3,0.11835585687382275
3,0,3,0.9326921332428637
3,0,3,NaN
3,0,3,NaN
3,0,3,NaN
3,0,3,0.7641629005282548
3,0,3,NaN
2,1,3,0.9209789316492126
1,2,3,NaN
1,2,3,NaN
2,1,3,0.6990667746156102
1,2,3,NaN
3,0,3,NaN
2,1,3,NaN
2,1,3,NaN
1,2,3,NaN
1,2,3,0.03782247324613561
1,2,3,0.531729986764269
2,1,3,NaN
3,0,3,NaN
2,1,3,NaN
3,0,3,NaN
3,0,3,NaN
2,1,3,0.15921953565114888
2,1,3,NaN
3,0,3,0.43614794933242046
3,0,3,NaN
3,0,3,NaN
2,1,3,NaN
3,0,3,0.03782247324613561
2,1,3,NaN
3,0,3,NaN
3,0,3,NaN
2,1,3,NaN
2,1,3,0.483768449142263
3,0,3,0.15921953565114888
2,1,3,0.20936945520216732
3,0,3,0.483768449142263
1,2,3,NaN
3,0,3,NaN
2,1,3,NaN
3,0,3,NaN
1,2,3,NaN
1,2,3,NaN
2,1,3,0.43614794933242046
3,0,3,NaN
3,0,3,NaN
3,0,3,NaN
3,0,3,NaN
3,0,3,0.31128496075105533
2,1,3,0.9888383068434982
3,0,3,NaN
2,1,3,NaN
2,1,3,0.9326921332428637
2,1,3,NaN
3,0,3,NaN
1,2,3,NaN
2,1,3,NaN
3,0,3,NaN
2,1,3,NaN
2,1,3,0.7925166447343686
3,0,3,NaN
2,1,3,NaN
2,1,3,NaN
2,1,3,0.11835585687382275
2,1,3,NaN
2,1,3,0.027150137488542374
2,1,3,0.36675537795816276
3,0,3,0.390088581715401
3,0,3,0.6613966634587408
3,0,3,NaN
3,0,3,NaN
3,0,3,NaN
2,1,3,NaN
2,1,3,0.31128496075105533
2,1,3,NaN
1,2,3,0.9326921332428637
3,0,3,NaN
3,0,3,NaN
3,0,3,NaN
3,0,3,NaN
3,0,3,NaN
3,0,3,0.07633250114228259
3,0,3,NaN
1,2,3,0.7641629005282548
1,2,3,0.815198130885064
3,0,3,NaN
3,0,3,NaN
3,0,3,NaN
3,0,3,0.9433412321949546
3,0,3,0.009912176912471659
3,0,3,NaN
2,1,3,NaN
3,0,3,0.9433412321949546
3,0,3,NaN
3,0,3,NaN
1,2,3,NaN
3,0,3,NaN
1,2,3,NaN
3,0,3,0.7925166447343686
3,0,3,0.8395040133151549
2,1,3,NaN
3,0,3,NaN
3,0,3,NaN
3,0,3,NaN
1,2,3,NaN
3,0,3,0.23998440172325927
3,0,3,NaN
3,0,3,NaN
3,0,3,NaN
3,0,3,NaN
3,0,3,0.6990667746156102
3,0,3,NaN
2,1,3,NaN
1,2,3,NaN
3,0,3,0.8185843942460208
1,2,3,NaN
3,0,3,0.893076864532752
2,1,3,0.31128496075105533
3,0,3,0.531729986764269
2,1,3,NaN
3,0,3,NaN
3,0,3,NaN
3,0,3,NaN
3,0,3,0.980101638801523
1,2,3,0.8597792096635031
3,0,3,NaN
3,0,3,0.6990667746156102
2,1,3,NaN
3,0,3,NaN
3,0,3,NaN
3,0,3,NaN
3,0,3,NaN
2,1,3,NaN
3,0,3,NaN
3,0,3,NaN
3,0,3,NaN
3,0,3,NaN
2,1,3,NaN
3,0,3,NaN
3,0,3,NaN
3,0,3,NaN
2,1,3,NaN
1,2,3,0.980101638801523
3,0,3,0.5757595332036677
3,0,3,NaN
3,0,3,NaN
3,0,3,0.8597792096635031
2,1,3,NaN
3,0,3,NaN
3,0,3,NaN
3,0,3,NaN
3,0,3,NaN
3,0,3,NaN
3,0,3,NaN
3,0,3,NaN
2,1,3,NaN
3,0,3,NaN
3,0,3,0.9848027522935779
3,0,3,0.531729986764269
2,1,3,0.20936945520216732
3,0,3,NaN
1,2,3,NaN
3,0,3,NaN
3,0,3,NaN
3,0,3,NaN
2,1,3,NaN
1,2,3,NaN
2,1,3,NaN
1,2,3,NaN
3,0,3,NaN
3,0,3,NaN
3,0,3,NaN
2,1,3,NaN
2,1,3,NaN
3,0,3,NaN
2,1,3,NaN
3,0,3,NaN
1,2,3,NaN
2,1,3,NaN
2,1,3,NaN
1,2,3,0.20936945520216732
3,0,3,NaN
2,1,3,NaN
3,0,3,NaN
3,0,3,NaN
2,1,3,NaN
3,0,3,0.390088581715401
3,0,3,0.43614794933242046
3,0,3,NaN
3,0,3,0.6990667746156102
3,0,3,NaN
2,1,3,NaN
2,1,3,NaN
1,2,3,NaN
2,1,3,NaN
1,2,3,NaN
2,1,3,0.20936945520216732
3,0,3,NaN
3,0,3,NaN
1,2,3,NaN
2,1,3,NaN
3,0,3,NaN
2,1,3,NaN
3,0,3,0.7641629005282548
3,0,3,NaN
1,2,3,0.893076864532752
3,0,3,NaN
3,0,3,0.483768449142263
1,2,3,NaN
3,0,3,NaN
2,1,3,NaN
2,1,3,NaN
2,1,3,0.08870909711852953
3,0,3,NaN
1,2,3,0.7925166447343686
2,1,3,0.15921953565114888
2,1,3,NaN
3,0,3,NaN
3,0,3,0.20936945520216732
3,0,3,NaN
2,1,3,NaN
2,1,3,NaN
1,2,3,NaN
3,0,3,NaN
2,1,3,0.05448403456382014
2,1,3,NaN
2,1,3,NaN
1,2,3,NaN
2,1,3,NaN
3,0,3,NaN
2,1,3,NaN
2,1,3,0.893076864532752
3,0,3,NaN
2,1,3,0.7641629005282548
1,2,3,NaN
3,0,3,NaN
2,1,3,0.8770122193000203
2,1,3,NaN
2,1,3,NaN
3,0,3,NaN
2,1,3,NaN
3,0,3,0.31128496075105533
3,0,3,NaN
3,0,3,NaN
3,0,3,NaN
1,2,3,NaN
3,0,3,0.5757595332036677
2,1,3,NaN
2,1,3,0.11835585687382275
3,0,3,0.6185582093370283
2,1,3,NaN
2,1,3,NaN
3,0,3,NaN
1,2,3,0.5757595332036677
3,0,3,NaN
1,2,3,0.7925166447343686
3,0,3,0.9079098270401949
3,0,3,NaN
1,2,3,NaN
3,0,3,NaN
2,1,3,0.9079098270401949
3,0,3,NaN
3,0,3,NaN
3,0,3,0.31128496075105533
3,0,3,NaN
3,0,3,0.9433412321949546
3,0,3,NaN
3,0,3,NaN
3,0,3,NaN
3,0,3,0.8185843942460208
2,1,3,0.9209789316492126
2,1,3,NaN
2,1,3,NaN
3,0,3,0.7641629005282548
3,0,3,NaN
3,0,3,NaN
3,0,3,NaN
2,1,3,NaN
3,0,3,NaN
3,0,3,0.6185582093370283
1,2,3,NaN
2,1,3,NaN
2,1,3,NaN
3,0,3,NaN
2,1,3,0.23998440172325927
3,0,3,NaN
1,2,3,NaN
3,0,3,NaN
2,1,3,0.893076864532752
1,2,3,0.8266459162027727
3,0,3,0.0487461522307463
2,1,3,0.009912176912471659
1,2,3,NaN
2,1,3,NaN
2,1,3,NaN
2,1,3,NaN
2,1,3,0.8770122193000203
2,1,3,NaN
3,0,3,0.8597792096635031
2,1,3,NaN
3,0,3,NaN
3,0,3,NaN
1,2,3,NaN
3,0,3,NaN
2,1,3,NaN
3,0,3,NaN
3,0,3,NaN
3,0,3,0.15921953565114888
1,2,3,0.8395040133151549
3,0,3,0.012022118863049316
1,2,3,0.2736599385245901
3,0,3,NaN
3,0,3,NaN
1,2,3,0.390088581715401
3,0,3,NaN
3,0,3,NaN
2,1,3,NaN
1,2,3,NaN
3,0,3,NaN
3,0,3,0.8914063203743366
3,0,3,NaN
3,0,3,NaN
3,0,3,0.7332177371595686
2,1,3,NaN
1,2,3,NaN
3,0,3,NaN
1,2,3,NaN
3,0,3,NaN
2,1,3,0.6613966634587408
3,0,3,NaN
2,1,3,0.7925166447343686
2,1,3,0.15921953565114888
3,0,3,NaN
3,0,3,NaN
2,1,3,0.005984959124630316
3,0,3,NaN
2,1,3,NaN
2,1,3,NaN
3,0,3,NaN
3,0,3,NaN
3,0,3,0.34926187684352356
1,2,3,NaN
3,0,3,NaN
3,0,3,NaN
2,1,3,NaN
3,0,3,0.9747128701728911
3,0,3,0.390088581715401
2,1,3,NaN
3,0,3,NaN
3,0,3,NaN
2,1,3,NaN
1,2,3,0.11835585687382275
3,0,3,NaN
1,2,3,NaN
2,1,3,0.8395040133151549
3,0,3,0.00829404517453861
3,0,3,NaN
1,2,3,0.1026612005498701
2,1,3,0.31128496075105533
2,1,3,NaN
3,0,3,NaN
3,0,3,NaN
1,2,3,NaN
2,1,3,0.483768449142263
1,2,3,NaN
2,1,3,NaN
3,0,3,NaN
2,1,3,NaN
2,1,3,NaN
2,1,3,0.6185582093370283
1,2,3,NaN
3,0,3,NaN
1,2,3,0.531729986764269
2,1,3,NaN
1,2,3,0.7641629005282548
2,1,3,NaN
2,1,3,0.13862449232099347
3,0,3,NaN
2,1,3,0.4567030950633912
3,0,3,NaN
3,0,3,NaN
1,2,3,0.531729986764269
3,0,3,NaN
1,2,3,0.9848027522935779
1,2,3,0.1376319999999998
2,1,3,NaN
3,0,3,0.6613966634587408
3,0,3,NaN
1,2,3,0.8597792096635031
2,1,3,NaN
1,2,3,NaN
3,0,3,NaN
3,0,3,NaN
3,0,3,NaN
2,1,3,NaN
1,2,3,NaN
3,0,3,NaN
2,1,3,NaN
2,1,3,NaN
2,1,3,NaN
2,1,3,NaN
2,1,3,0.06525587975951877
2,1,3,NaN
3,0,3,0.5757595332036677
2,1,3,0.9079098270401949
2,1,3,NaN
1,2,3,NaN
3,0,3,0.00829404517453861
1,2,3,NaN
1,2,3,NaN
1,2,3,0.6613966634587408
2,1,3,0.8395040133151549
3,0,3,NaN
3,0,3,NaN
3,0,3,NaN
3,0,3,NaN
3,0,3,NaN
3,0,3,0.23998440172325927
1,2,3,0.6613966634587408
2,1,3,NaN
2,1,3,NaN
2,1,3,NaN
3,0,3,NaN
3,0,3,NaN
2,1,3,NaN
2,1,3,NaN
3,0,3,NaN
3,0,3,NaN
3,0,3,0.6185582093370283
3,0,3,NaN
3,0,3,NaN
3,0,3,NaN
3,0,3,NaN
2,1,3,0.5124018304666981
3,0,3,NaN
3,0,3,0.7925166447343686
1,2,3,0.483768449142263
2,1,3,NaN
3,0,3,NaN
2,1,3,NaN
3,0,3,NaN
3,0,3,NaN
2,1,3,0.043199805379105054
3,0,3,NaN
1,2,3,NaN
1,2,3,NaN
2,1,3,NaN
3,0,3,NaN
1,2,3,NaN
3,0,3,NaN
3,0,3,NaN
1,2,3,NaN
3,0,3,0.9433412321949546
1,2,3,NaN
3,0,3,0.8597792096635031
1,2,3,NaN
1,2,3,NaN
2,1,3,0.8770122193000203
1,2,3,NaN
2,1,3,NaN
2,1,3,NaN
2,1,3,0.6613966634587408
3,0,3,NaN
2,1,3,NaN
2,1,3,NaN
3,0,3,NaN
2,1,3,NaN
1,2,3,NaN
1,2,3,0.6185582093370283
1,2,3,0.5034031435903349
2,1,3,NaN
2,1,3,NaN
3,0,3,NaN
1,2,3,0.390088581715401
3,0,3,0.6613966634587408
3,0,3,0.009912176912471659
3,0,3,NaN
3,0,3,NaN
2,1,3,NaN
3,0,3,NaN
2,1,3,NaN
2,1,3,0.5170897945552569
2,1,3,NaN
2,1,3,NaN
3,0,3,NaN
2,1,3,NaN
2,1,3,NaN
3,0,3,0.20936945520216732
2,1,3,NaN
2,1,3,0.24407351255050927
1,2,3,NaN
1,2,3,NaN
2,1,3,0.20936945520216732
2,1,3,NaN
2,1,3,0.08869205529953894
1,2,3,NaN
1,2,3,NaN
1,2,3,NaN
3,0,3,NaN
3,0,3,NaN
3,0,3,NaN
3,0,3,NaN
2,1,3,NaN
2,1,3,0.18342590517711166
2,1,3,NaN
2,1,3,NaN
3,0,3,NaN
2,1,3,NaN
1,2,3,0.009912176912471659
3,0,3,0.08869205529953894
3,0,3,NaN
3,0,3,NaN
2,1,3,NaN
2,1,3,0.20936945520216732
3,0,3,NaN
3,0,3,NaN
1,2,3,0.9433412321949546
1,2,3,NaN
3,0,3,NaN
3,0,3,NaN
3,0,3,0.34926187684352356
3,0,3,NaN
3,0,3,NaN
1,2,3,0.8185843942460208
3,0,3,NaN
3,0,3,0.9998685247362948
2,1,3,NaN
3,0,3,NaN
3,0,3,0.43614794933242046
3,0,3,NaN
3,0,3,0.31128496075105533
3,0,3,NaN
3,0,3,NaN
3,0,3,NaN
1,2,3,0.531729986764269
3,0,3,0.23998440172325927
1,2,3,0.004939389942292157
3,0,3,NaN
2,1,3,NaN
3,0,3,NaN
1,2,3,NaN
2,1,3,NaN
1,2,3,NaN
1,2,3,NaN
2,1,3,0.6613966634587408
2,1,3,NaN
2,1,3,0.6613966634587408
2,1,3,NaN
2,1,3,NaN
3,0,3,0.0003761280399314281
3,0,3,NaN
3,0,3,0.6990667746156102
1,2,3,0.7641629005282548
2,1,3,NaN
1,2,3,NaN
3,0,3,NaN
2,1,3,0.43614794933242046
3,0,3,NaN
3,0,3,NaN
3,0,3,NaN
3,0,3,0.2736599385245901
2,1,3,NaN
2,1,3,NaN
2,1,3,0.043199805379105054
3,0,3,NaN
2,1,3,NaN
1,2,3,NaN
3,0,3,NaN
3,0,3,NaN
3,0,3,NaN
2,1,3,NaN
2,1,3,0.08869205529953894
2,1,3,0.34926187684352356
2,1,3,NaN
2,1,3,NaN
3,0,3,NaN
1,2,3,NaN
3,0,3,NaN
3,0,3,0.483768449142263
2,1,3,NaN
2,1,3,NaN
2,1,3,NaN
3,0,3,NaN
3,0,3,NaN
2,1,3,NaN
2,1,3,NaN
2,1,3,NaN
3,0,3,0.43614794933242046
2,1,3,NaN
1,2,3,NaN
2,1,3,0.7332177371595686
3,0,3,0.483768449142263
2,1,3,0.8597792096635031
3,0,3,0.390088581715401
3,0,3,NaN
3,0,3,NaN
2,1,3,NaN
3,0,3,NaN
2,1,3,NaN
3,0,3,0.980101638801523
3,0,3,NaN
3,0,3,NaN
3,0,3,NaN
3,0,3,NaN
2,1,3,0.024681282185577427
3,0,3,NaN
1,2,3,0.6185582093370283
3,0,3,NaN
3,0,3,NaN
2,1,3,NaN
2,1,3,NaN
1,2,3,NaN
1,2,3,NaN
3,0,3,NaN
3,0,3,NaN
3,0,3,NaN
3,0,3,NaN
3,0,3,NaN
2,1,3,NaN
2,1,3,0.9209789316492126
3,0,3,NaN
3,0,3,NaN
3,0,3,NaN
2,1,3,0.18342590517711166
2,1,3,0.9209789316492126
2,1,3,NaN
2,1,3,0.03782247324613561
1,2,3,NaN
2,1,3,NaN
2,1,3,NaN
1,2,3,NaN
1,2,3,0.6990667746156102
2,1,3,0.483768449142263
3,0,3,0.019519080662983124
3,0,3,0.9534153129152887
2,1,3,NaN
2,1,3,NaN
1,2,3,NaN
3,0,3,NaN
3,0,3,NaN
2,1,3,NaN
3,0,3,NaN
3,0,3,0.883166405380256
3,0,3,NaN
3,0,3,0.23998440172325927
3,0,3,NaN
2,1,3,NaN
2,1,3,NaN
1,2,3,NaN
1,2,3,0.34926187684352356
2,1,3,NaN
3,0,3,NaN
1,2,3,NaN
1,2,3,NaN
3,0,3,NaN
2,1,3,NaN
3,0,3,0.531729986764269
3,0,3,NaN
3,0,3,NaN
2,1,3,0.2736599385245901
3,0,3,0.483768449142263
2,1,3,NaN
2,1,3,NaN
3,0,3,0.1376319999999998
3,0,3,NaN
1,2,3,NaN
3,0,3,NaN
3,0,3,NaN
3,0,3,NaN
2,1,3,0.8770122193000203
1,2,3,0.04937587322664477
2,1,3,NaN
2,1,3,0.1376319999999998
1,2,3,0.13797619272253211
3,0,3,NaN
2,1,3,0.31128496075105533
3,0,3,NaN
2,1,3,NaN
2,1,3,0.31128496075105533
2,1,3,NaN
2,1,3,NaN
2,1,3,0.893076864532752
3,0,3,NaN
1,2,3,NaN
3,0,3,0.013424825900240049
2,1,3,NaN
3,0,3,NaN
2,1,3,0.2827719797019191
3,0,3,NaN
1,2,3,NaN
3,0,3,0.6185582093370283
2,1,3,0.6990667746156102
2,1,3,0.23998440172325927
2,1,3,NaN
1,2,3,NaN
2,1,3,NaN
1,2,3,NaN
3,0,3,NaN
2,1,3,0.6185582093370283
3,0,3,0.09667010785726327
3,0,3,0.0018287266553498765
3,0,3,0.15921953565114888
3,0,3,NaN
2,1,3,0.6185582093370283
2,1,3,NaN
3,0,3,NaN
2,1,3,NaN
2,1,3,NaN
3,0,3,NaN
2,1,3,NaN
3,0,3,NaN
3,0,3,0.6185582093370283
3,0,3,0.9747128701728911
2,1,3,NaN
3,0,3,NaN
2,1,3,NaN
3,0,3,NaN
3,0,3,NaN
2,1,3,NaN
3,0,3,NaN
3,0,3,NaN
3,0,3,0.20936945520216732
2,1,3,0.34926187684352356
2,1,3,0.390088581715401
2,1,3,NaN
1,2,3,0.8597792096635031
2,1,3,0.34926187684352356
2,1,3,NaN
3,0,3,NaN
3,0,3,NaN
3,0,3,NaN
2,1,3,NaN
3,0,3,NaN
2,1,3,NaN
2,1,3,0.23998440172325927
2,1,3,NaN
2,1,3,0.8395040133151549
2,1,3,NaN
1,2,3,NaN
1,2,3,NaN
2,1,3,NaN
2,1,3,NaN
2,1,3,NaN
2,1,3,0.7925166447343686
3,0,3,0.31128496075105533
3,0,3,NaN
1,2,3,NaN
3,0,3,NaN
2,1,3,NaN
3,0,3,NaN
2,1,3,NaN
2,1,3,NaN
2,1,3,0.019519080662983124
1,2,3,NaN
2,1,3,0.2736599385245901
3,0,3,NaN
3,0,3,NaN
2,1,3,NaN
3,0,3,NaN
2,1,3,NaN
1,2,3,NaN
2,1,3,NaN
2,1,3,0.15252006333038673
3,0,3,NaN
3,0,3,NaN
1,2,3,0.8770122193000203
2,1,3,0.9988199866224712
1,2,3,0.6613966634587408
1,2,3,NaN
3,0,3,0.022788573734112794
2,1,3,NaN
2,1,3,NaN
2,1,3,NaN
1,2,3,0.39771162816935585
3,0,3,NaN
2,1,3,NaN
3,0,3,NaN
3,0,3,0.5757595332036677
2,1,3,NaN
3,0,3,NaN
3,0,3,NaN
3,0,3,NaN
2,1,3,0.8597792096635031
3,0,3,NaN
2,1,3,0.9686139634526727
3,0,3,0.11835585687382275
1,2,3,NaN
3,0,3,0.06525587975951877
3,0,3,0.893076864532752
2,1,3,NaN
3,0,3,NaN
2,1,3,NaN
2,1,3,NaN
3,0,3,NaN
2,1,3,NaN
3,0,3,NaN
2,1,3,0.6990667746156102
2,1,3,0.11835585687382275
2,1,3,NaN
2,1,3,0.7853387871763059
1,2,3,NaN
3,0,3,NaN
3,0,3,NaN
2,1,3,NaN
3,0,3,NaN
2,1,3,NaN
1,2,3,NaN
3,0,3,0.749359964362704
3,0,3,NaN
1,2,3,0.7925166447343686
1,2,3,NaN
3,0,3,NaN
3,0,3,NaN
2,1,3,NaN
1,2,3,NaN
2,1,3,0.06525587975951877
3,0,3,NaN
3,0,3,0.483768449142263
3,0,3,0.018246626440426572
1,2,3,0.11835585687382275
3,0,3,NaN
2,1,3,NaN
2,1,3,0.9534153129152887
2,1,3,0.893076864532752
3,0,3,NaN
2,1,3,0.8597792096635031
3,0,3,0.7332177371595686
1,2,3,NaN
3,0,3,NaN
2,1,3,NaN
3,0,3,0.043199805379105054
3,0,3,NaN
3,0,3,0.11835585687382275
1,2,3,NaN
1,2,3,0.15921953565114888
2,1,3,NaN
3,0,3,NaN
1,2,3,NaN
2,1,3,0.03782247324613561
1,2,3,NaN
3,0,3,0.8597792096635031
1,2,3,0.7390416836363392
3,0,3,NaN
2,1,3,NaN
2,1,3,NaN
3,0,3,0.043199805379105054
2,1,3,3.3423471858642425e-5
2,1,3,0.43614794933242046
3,0,3,0.18342590517711166
3,0,3,NaN
3,0,3,NaN
3,0,3,NaN
3,0,3,NaN
2,1,3,0.6613966634587408
3,0,3,NaN
3,0,3,0.7641629005282548
2,1,3,0.4800781392544963
3,0,3,0.483768449142263
3,0,3,NaN
2,1,3,NaN
3,0,3,NaN
2,1,3,NaN
3,0,3,NaN
3,0,3,NaN
3,0,3,NaN
3,0,3,NaN
2,1,3,NaN
1,2,3,NaN
3,0,3,NaN
1,2,3,NaN
2,1,3,NaN
2,1,3,NaN
1,2,3,NaN
3,0,3,NaN
2,1,3,0.6185582093370283
3,0,3,0.980101638801523
2,1,3,NaN
2,1,3,NaN
1,2,3,0.0569687888815355
3,0,3,NaN
2,1,3,0.18415710021470522
2,1,3,NaN
2,1,3,NaN
2,1,3,NaN
3,0,3,0.7925166447343686
3,0,3,NaN
3,0,3,NaN
3,0,3,NaN
3,0,3,NaN
3,0,3,NaN
3,0,3,NaN
3,0,3,NaN
2,1,3,NaN
3,0,3,0.0022610484810785102
1,2,3,0.7925166447343686
1,2,3,NaN
1,2,3,0.8185843942460208
3,0,3,NaN
3,0,3,NaN
3,0,3,NaN
3,0,3,NaN
3,0,3,NaN
2,1,3,NaN
2,1,3,NaN
1,2,3,NaN
3,0,3,NaN
1,2,3,0.06525587975951877
1,2,3,NaN
2,1,3,NaN
3,0,3,NaN
2,1,3,0.43614794933242046
3,0,3,0.7925166447343686
2,1,3,NaN
3,0,3,NaN
1,2,3,NaN
3,0,3,NaN
2,1,3,NaN
2,1,3,NaN
3,0,3,NaN
3,0,3,NaN
3,0,3,NaN
1,2,3,0.43614794933242046
1,2,3,NaN
3,0,3,NaN
2,1,3,NaN
3,0,3,NaN
2,1,3,NaN
3,0,3,NaN
3,0,3,NaN
3,0,3,NaN
1,2,3,0.5757595332036677
3,0,3,NaN
3,0,3,NaN
2,1,3,NaN
3,0,3,NaN
3,0,3,0.5757595332036677
3,0,3,NaN
3,0,3,NaN
3,0,3,NaN
2,1,3,0.9534153129152887
2,1,3,NaN
3,0,3,0.23998440172325927
2,1,3,NaN
2,1,3,NaN
1,2,3,NaN
1,2,3,NaN
2,1,3,NaN
2,1,3,NaN
3,0,3,0.6185582093370283
1,2,3,NaN
2,1,3,NaN
3,0,3,NaN
3,0,3,NaN
2,1,3,NaN
2,1,3,0.20936945520216732
1,2,3,NaN
3,0,3,NaN
1,2,3,NaN
2,1,3,NaN
2,1,3,NaN
3,0,3,NaN
2,1,3,NaN
3,0,3,NaN
3,0,3,0.33567953646795745
2,1,3,0.483768449142263
2,1,3,0.9079977884170259
2,1,3,0.8770122193000203
1,2,3,0.5757595332036677
3,0,3,NaN
3,0,3,NaN
3,0,3,0.9747128701728911
2,1,3,0.6990667746156102
1,2,3,NaN
3,0,3,NaN
2,1,3,NaN
3,0,3,NaN
3,0,3,NaN
2,1,3,0.1026612005498701
3,0,3,NaN
2,1,3,NaN
3,0,3,NaN
3,0,3,NaN
2,1,3,NaN
2,1,3,0.23998440172325927
3,0,3,NaN
2,1,3,NaN
3,0,3,NaN
3,0,3,NaN
1,2,3,NaN
3,0,3,NaN
3,0,3,NaN
3,0,3,NaN
3,0,3,0.9209789316492126
2,1,3,NaN
3,0,3,NaN
3,0,3,0.016627813551177786
3,0,3,NaN
3,0,3,NaN
3,0,3,NaN
2,1,3,NaN
3,0,3,NaN
3,0,3,0.9534153129152887
1,2,3,NaN
3,0,3,NaN
1,2,3,NaN
3,0,3,0.531729986764269
3,0,3,NaN
2,1,3,NaN
2,1,3,0.8395040133151549
1,2,3,0.8395040133151549
1,2,3,0.34926187684352356
2,1,3,NaN
3,0,3,NaN
3,0,3,NaN
2,1,3,0.7641629005282548
3,0,3,NaN
3,0,3,NaN
2,1,3,NaN
2,1,3,0.483768449142263
2,1,3,0.6185582093370283
1,2,3,NaN
3,0,3,NaN
3,0,3,0.23998440172325927
3,0,3,NaN
3,0,3,NaN
1,2,3,NaN
2,1,3,NaN
3,0,3,NaN
1,2,3,NaN
2,1,3,NaN
1,2,3,NaN
1,2,3,NaN
3,0,3,NaN
3,0,3,NaN
3,0,3,NaN
3,0,3,NaN
3,0,3,0.893076864532752
3,0,3,0.43614794933242046
3,0,3,0.8759648702863084
3,0,3,NaN
1,2,3,0.1026612005498701
2,1,3,0.03230741676234196
2,1,3,NaN
2,1,3,0.31128496075105533
1,2,3,NaN
2,1,3,NaN
2,1,3,0.7641629005282548
3,0,3,NaN
3,0,3,NaN
3,0,3,NaN
2,1,3,NaN
1,2,3,NaN
2,1,3,NaN
2,1,3,NaN
2,1,3,NaN
2,1,3,0.11219841607100062
3,0,3,NaN
3,0,3,NaN
3,0,3,NaN
1,2,3,NaN
3,0,3,NaN
1,2,3,NaN
3,0,3,NaN
3,0,3,NaN
3,0,3,NaN
3,0,3,NaN
3,0,3,NaN
3,0,3,NaN
2,1,3,0.31128496075105533
2,1,3,NaN
1,2,3,NaN
1,2,3,NaN
2,1,3,NaN
1,2,3,NaN
2,1,3,NaN
3,0,3,0.6613966634587408
3,0,3,NaN
2,1,3,NaN
2,1,3,NaN
3,0,3,NaN
1,2,3,0.1816994389684268
2,1,3,0.8185843942460208
2,1,3,0.8197394761937766
1,2,3,0.11835585687382275
1,2,3,NaN
1,2,3,NaN
3,0,3,NaN
3,0,3,NaN
2,1,3,NaN
3,0,3,NaN
2,1,3,NaN
2,1,3,NaN
3,0,3,0.9326921332428637
3,0,3,NaN
1,2,3,NaN
2,1,3,0.531729986764269
1,2,3,NaN
1,2,3,NaN
3,0,3,NaN
1,2,3,0.11835585687382275
1,2,3,NaN
3,0,3,NaN
1,2,3,0.6990667746156102
3,0,3,NaN
3,0,3,0.483768449142263
2,1,3,NaN
2,1,3,NaN
1,2,3,NaN
2,1,3,0.43614794933242046
3,0,3,NaN
3,0,3,NaN
3,0,3,NaN
2,1,3,NaN
2,1,3,NaN
3,0,3,NaN
1,2,3,NaN
2,1,3,NaN
2,1,3,0.8395040133151549
3,0,3,0.1376319999999998
1,2,3,0.0011870025188928748
3,0,3,0.7641629005282548
3,0,3,NaN
2,1,3,0.390088581715401
3,0,3,NaN
2,1,3,NaN
3,0,3,0.7925166447343686
2,1,3,0.7332177371595686
2,1,3,NaN
3,0,3,NaN
1,2,3,0.43614794933242046
2,1,3,NaN
3,0,3,0.9433412321949546
3,0,3,0.6544793908273733
3,0,3,0.980101638801523
3,0,3,0.531729986764269
3,0,3,NaN
3,0,3,0.07633250114228259
2,1,3,NaN
3,0,3,NaN
2,1,3,NaN
2,1,3,NaN
3,0,3,0.31128496075105533
2,1,3,NaN
2,1,3,NaN
2,1,3,0.6185582093370283
1,2,3,NaN
3,0,3,NaN
3,0,3,NaN
2,1,3,0.9433412321949546
3,0,3,0.9433412321949546
3,0,3,NaN
3,0,3,0.483768449142263
3,0,3,0.6613966634587408
3,0,3,NaN
3,0,3,NaN
3,0,3,NaN
2,1,3,NaN
3,0,3,NaN
2,1,3,NaN
2,1,3,NaN
2,1,3,NaN
2,1,3,NaN
3,0,3,0.0001736773272663352
3,0,3,NaN
2,1,3,NaN
2,1,3,0.7641629005282548
2,1,3,0.390088581715401
2,1,3,0.07633250114228259
3,0,3,NaN
1,2,3,0.6990667746156102
3,0,3,NaN
3,0,3,NaN
1,2,3,NaN
1,2,3,0.23998440172325927
2,1,3,0.08869205529953894
3,0,3,0.07633250114228259
1,2,3,NaN
3,0,3,NaN
3,0,3,NaN
2,1,3,NaN
1,2,3,0.6613966634587408
1,2,3,NaN
3,0,3,0.9433412321949546
1,2,3,NaN
3,0,3,NaN
1,2,3,NaN
3,0,3,NaN
3,0,3,NaN
1,2,3,NaN
2,1,3,NaN
3,0,3,NaN
1,2,3,NaN
2,1,3,0.9433412321949546
3,0,3,NaN
2,1,3,0.7332177371595686
2,1,3,NaN
2,1,3,0.43614794933242046
2,1,3,NaN
2,1,3,0.531729986764269
2,1,3,NaN
2,1,3,NaN
2,1,3,NaN
3,0,3,0.0569687888815355
3,0,3,0.8597792096635031
3,0,3,NaN
3,0,3,NaN
2,1,3,0.5098317807053887
1,2,3,NaN
2,1,3,NaN
3,0,3,0.6185582093370283
2,1,3,NaN
3,0,3,NaN
2,1,3,NaN
3,0,3,NaN
2,1,3,NaN
3,0,3,NaN
3,0,3,0.9209789316492126
3,0,3,NaN
3,0,3,NaN
3,0,3,NaN
2,1,3,0.6613966634587408
3,0,3,NaN
2,1,3,0.18342590517711166
3,0,3,NaN
3,0,3,0.6185582093370283
3,0,3,NaN
3,0,3,NaN
3,0,3,NaN
3,0,3,9.343462255061638e-7
2,1,3,NaN
1,2,3,NaN
3,0,3,0.7332177371595686
2,1,3,NaN
1,2,3,0.7332177371595686
3,0,3,NaN
2,1,3,NaN
3,0,3,NaN
2,1,3,NaN
2,1,3,NaN
3,0,3,0.004939389942292157
2,1,3,0.9079098270401949
3,0,3,NaN
1,2,3,NaN
2,1,3,NaN
3,0,3,NaN
2,1,3,0.06525587975951877
2,1,3,NaN
1,2,3,NaN
1,2,3,NaN
2,1,3,0.6613966634587408
1,2,3,NaN
3,0,3,0.04937587322664477
2,1,3,NaN
2,1,3,0.8395040133151549
2,1,3,NaN
3,0,3,NaN
3,0,3,NaN
3,0,3,NaN
1,2,3,NaN
2,1,3,NaN
2,1,3,0.390088581715401
1,2,3,NaN
3,0,3,NaN
3,0,3,0.2736599385245901
1,2,3,NaN
3,0,3,0.43614794933242046
3,0,3,NaN
2,1,3,0.34926187684352356
3,0,3,0.20936945520216732
2,1,3,NaN
3,0,3,NaN
3,0,3,NaN
2,1,3,NaN
1,2,3,0.531729986764269
2,1,3,NaN
3,0,3,NaN
2,1,3,NaN
3,0,3,NaN
3,0,3,NaN
2,1,3,0.43614794933242046
2,1,3,NaN
3,0,3,NaN
3,0,3,NaN
3,0,3,NaN
3,0,3,NaN
3,0,3,NaN
1,2,3,0.2549557832854272
3,0,3,0.2736599385245901
3,0,3,0.9686139634526727
2,1,3,NaN
3,0,3,NaN
2,1,3,0.9392893038239384
3,0,3,NaN
3,0,3,NaN
3,0,3,NaN
3,0,3,NaN
3,0,3,NaN
3,0,3,0.23998440172325927
3,0,3,NaN
2,1,3,NaN
3,0,3,0.15921953565114888
2,1,3,NaN
1,2,3,0.08869205529953894
3,0,3,NaN
2,1,3,NaN
3,0,3,0.003420583453326624
2,1,3,NaN
3,0,3,NaN
1,2,3,NaN
3,0,3,NaN
3,0,3,NaN
2,1,3,NaN
2,1,3,0.10658089825496349
3,0,3,NaN
3,0,3,NaN
3,0,3,NaN
3,0,3,0.0018287266553498765
2,1,3,NaN
2,1,3,0.483768449142263
1,2,3,NaN
1,2,3,NaN
2,1,3,NaN
3,0,3,0.31128496075105533
1,2,3,NaN
3,0,3,0.011315867653345694
2,1,3,NaN
3,0,3,0.8597792096635031
3,0,3,0.6613966634587408
2,1,3,0.8185843942460208
1,2,3,NaN
1,2,3,NaN
1,2,3,0.04937587322664477
1,2,3,0.5953892631585028
2,1,3,NaN
3,0,3,0.31128496075105533
3,0,3,NaN
2,1,3,NaN
3,0,3,NaN
3,0,3,NaN
1,2,3,NaN
3,0,3,NaN
2,1,3,NaN
3,0,3,0.6613966634587408
3,0,3,NaN
2,1,3,0.043199805379105054
2,1,3,0.8395040133151549
2,1,3,NaN
2,1,3,0.7925166447343686
3,0,3,NaN
2,1,3,NaN
1,2,3,NaN
2,1,3,0.8395040133151549
3,0,3,0.6613966634587408
2,1,3,0.11835585687382275
2,1,3,0.20936945520216732
3,0,3,NaN
3,0,3,NaN
1,2,3,NaN
2,1,3,NaN
1,2,3,NaN
2,1,3,NaN
1,2,3,NaN
3,0,3,0.0569687888815355
3,0,3,NaN
1,2,3,NaN
2,1,3,0.6185582093370283
3,0,3,NaN
3,0,3,0.8597792096635031
3,0,3,NaN
1,2,3,0.24679517161306672
2,1,3,NaN
3,0,3,NaN
3,0,3,NaN
1,2,3,0.8395040133151549
2,1,3,NaN
3,0,3,NaN
1,2,3,NaN
3,0,3,NaN
3,0,3,NaN
1,2,3,0.7925166447343686
2,1,3,NaN
2,1,3,0.1026612005498701
1,2,3,0.7641629005282548
3,0,3,NaN
2,1,3,NaN
2,1,3,0.31128496075105533
2,1,3,NaN
3,0,3,NaN
2,1,3,NaN
3,0,3,0.009912176912471659
1,2,3,NaN
2,1,3,NaN
3,0,3,NaN
1,2,3,NaN
3,0,3,NaN
1,2,3,NaN
3,0,3,0.8185843942460208
2,1,3,0.06525587975951877
1,2,3,0.45574032487896876
2,1,3,NaN
3,0,3,NaN
2,1,3,0.7641629005282548
2,1,3,0.000660544374335746
1,2,3,NaN
1,2,3,NaN
3,0,3,NaN
3,0,3,NaN
3,0,3,NaN
2,1,3,NaN
1,2,3,NaN
1,2,3,0.20936945520216732
2,1,3,NaN
1,2,3,0.9326921332428637
3,0,3,0.0569687888815355
3,0,3,NaN
2,1,3,NaN
3,0,3,0.5757595332036677
2,1,3,NaN
2,1,3,0.7332177371595686
2,1,3,NaN
2,1,3,0.20936945520216732
3,0,3,NaN
3,0,3,0.6613966634587408
1,2,3,NaN
1,2,3,NaN
3,0,3,0.9208024708347865
2,1,3,NaN
1,2,3,NaN
2,1,3,NaN
1,2,3,0.8395040133151549
2,1,3,NaN
1,2,3,NaN
2,1,3,NaN
2,1,3,NaN
3,0,3,NaN
2,1,3,NaN
3,0,3,NaN
3,0,3,0.019519080662983124
3,0,3,NaN
3,0,3,NaN
3,0,3,NaN
2,1,3,NaN
3,0,3,NaN
3,0,3,NaN
2,1,3,NaN
2,1,3,0.9747128701728911
3,0,3,NaN
3,0,3,NaN
2,1,3,0.06525587975951877
2,1,3,NaN
2,1,3,NaN
2,1,3,NaN
2,1,3,NaN
3,0,3,NaN
3,0,3,NaN
2,1,3,NaN
3,0,3,NaN
3,0,3,NaN
1,2,3,NaN
2,1,3,NaN
1,2,3,NaN
1,2,3,0.43614794933242046
1,2,3,NaN
3,0,3,NaN
1,2,3,NaN
3,0,3,NaN
2,1,3,0.8770122193000203
3,0,3,0.8395040133151549
2,1,3,0.390088581715401
2,1,3,NaN
2,1,3,0.5757595332036677
3,0,3,NaN
3,0,3,NaN
3,0,3,0.7332177371595686
2,1,3,NaN
2,1,3,NaN
2,1,3,NaN
1,2,3,0.34926187684352356
3,0,3,NaN
2,1,3,NaN
2,1,3,0.531729986764269
3,0,3,NaN
2,1,3,0.7925166447343686
3,0,3,NaN
3,0,3,0.7332177371595686
2,1,3,0.34926187684352356
2,1,3,0.7206590784283285
2,1,3,0.9209789316492126
3,0,3,0.20936945520216732
1,2,3,0.043199805379105054
3,0,3,0.7332177371595686
1,2,3,NaN
3,0,3,NaN
3,0,3,NaN
3,0,3,0.6613966634587408
1,2,3,NaN
3,0,3,NaN
3,0,3,NaN
2,1,3,NaN
3,0,3,0.8395040133151549
1,2,3,0.6613966634587408
1,2,3,NaN
1,2,3,NaN
2,1,3,NaN
3,0,3,NaN
3,0,3,NaN
3,0,3,NaN
3,0,3,NaN
1,2,3,0.8770122193000203
3,0,3,NaN
3,0,3,0.560681281690559
2,1,3,NaN
2,1,3,NaN
1,2,3,NaN
3,0,3,0.9079098270401949
2,1,3,NaN
3,0,3,0.8770122193000203
3,0,3,NaN
3,0,3,NaN
1,2,3,NaN
3,0,3,NaN
3,0,3,0.31128496075105533
3,0,3,NaN
2,1,3,0.980101638801523
1,2,3,NaN
2,1,3,0.03230741676234196
3,0,3,NaN
1,2,3,0.1026612005498701
2,1,3,NaN
3,0,3,NaN
2,1,3,NaN
2,1,3,NaN
2,1,3,NaN
1,2,3,NaN
2,1,3,NaN
2,1,3,NaN
3,0,3,NaN
2,1,3,NaN
1,2,3,NaN
1,2,3,NaN
1,2,3,0.34926187684352356
3,0,3,0.8597792096635031
3,0,3,NaN
3,0,3,0.6185582093370283
3,0,3,NaN
1,2,3,NaN
3,0,3,NaN
2,1,3,0.15921953565114888
1,2,3,NaN
1,2,3,NaN
3,0,3,NaN
2,1,3,NaN
2,1,3,NaN
1,2,3,NaN
2,1,3,NaN
2,1,3,NaN
3,0,3,NaN
3,0,3,NaN
2,1,3,0.8597792096635031
1,2,3,0.8435424208125303
3,0,3,0.8185843942460208
2,1,3,0.8770122193000203
3,0,3,0.04937587322664477
3,0,3,NaN
2,1,3,NaN
1,2,3,NaN
1,2,3,NaN
2,1,3,NaN
3,0,3,NaN
3,0,3,NaN
3,0,3,NaN
2,1,3,0.08869205529953894
3,0,3,NaN
1,2,3,0.5757595332036677
3,0,3,NaN
2,1,3,NaN
1,2,3,NaN
3,0,3,0.6185582093370283
2,1,3,NaN
2,1,3,NaN
2,1,3,NaN
1,2,3,NaN
2,1,3,NaN
3,0,3,0.15921953565114888
1,2,3,0.483768449142263
2,1,3,NaN
1,2,3,NaN
2,1,3,NaN
2,1,3,NaN
3,0,3,NaN
2,1,3,NaN
2,1,3,0.12390041476341097
2,1,3,NaN
3,0,3,0.34926187684352356
1,2,3,0.9848027522935779
2,1,3,0.531729986764269
2,1,3,NaN
3,0,3,NaN
2,1,3,0.20936945520216732
2,1,3,NaN
2,1,3,NaN
3,0,3,0.04937587322664477
2,1,3,0.0569687888815355
2,1,3,NaN
3,0,3,NaN
3,0,3,0.7641629005282548
1,2,3,NaN
1,2,3,0.04937587322664477
3,0,3,NaN
3,0,3,NaN
1,2,3,NaN
1,2,3,NaN
2,1,3,NaN
3,0,3,NaN
3,0,3,0.34669525622170844
1,2,3,NaN
2,1,3,NaN
1,2,3,NaN
3,0,3,NaN
2,1,3,NaN
3,0,3,NaN
1,2,3,NaN
2,1,3,0.9940320922471844
2,1,3,NaN
2,1,3,NaN
2,1,3,NaN
3,0,3,NaN
2,1,3,0.0692700637797448
2,1,3,0.45574032487896876
2,1,3,NaN
2,1,3,0.8185843942460208
3,0,3,NaN
2,1,3,NaN
3,0,3,NaN
3,0,3,NaN
1,2,3,NaN
2,1,3,NaN
3,0,3,NaN
3,0,3,NaN
2,1,3,NaN
1,2,3,0.012022118863049316
1,2,3,0.022788573734112794
3,0,3,NaN
3,0,3,NaN
1,2,3,NaN
2,1,3,NaN
3,0,3,0.7925166447343686
3,0,3,NaN
1,2,3,NaN
3,0,3,NaN
1,2,3,0.022788573734112794
3,0,3,NaN
1,2,3,0.9433412321949546
3,0,3,NaN
2,1,3,NaN
1,2,3,0.7925166447343686
3,0,3,0.20936945520216732
2,1,3,NaN
2,1,3,NaN
3,0,3,NaN
2,1,3,0.7332177371595686
3,0,3,NaN
3,0,3,NaN
2,1,3,NaN
2,1,3,NaN
2,1,3,NaN
3,0,3,NaN
3,0,3,NaN
2,1,3,NaN
3,0,3,NaN
3,0,3,NaN
2,1,3,NaN
3,0,3,0.8597792096635031
1,2,3,0.2440624611789815
2,1,3,NaN
2,1,3,NaN
3,0,3,0.8597792096635031
3,0,3,NaN
1,2,3,NaN
2,1,3,NaN
2,1,3,0.7641629005282548
3,0,3,NaN
1,2,3,NaN
3,0,3,NaN
1,2,3,NaN
2,1,3,NaN
2,1,3,0.8770122193000203
1,2,3,NaN
3,0,3,NaN
2,1,3,NaN
2,1,3,0.531729986764269
3,0,3,NaN
3,0,3,0.6990667746156102
2,1,3,NaN
2,1,3,NaN
3,0,3,NaN
2,1,3,0.9614248710601718
3,0,3,0.0005706233314669599
3,0,3,NaN
1,2,3,NaN
1,2,3,0.7925166447343686
3,0,3,NaN
2,1,3,0.1026612005498701
1,2,3,NaN
3,0,3,0.1026612005498701
1,2,3,0.6990667746156102
2,1,3,0.1026612005498701
2,1,3,NaN
1,2,3,NaN
3,0,3,NaN
3,0,3,0.7925166447343686
3,0,3,0.23998440172325927
3,0,3,NaN
2,1,3,0.43614794933242046
3,0,3,NaN
2,1,3,NaN
3,0,3,0.00829404517453861
2,1,3,NaN
3,0,3,0.23998440172325927
2,1,3,0.6990667746156102
2,1,3,NaN
2,1,3,0.45574032487896876
3,0,3,NaN
1,2,3,NaN
3,0,3,0.019526366166690134
3,0,3,NaN
2,1,3,NaN
2,1,3,0.6185582093370283
2,1,3,0.23998440172325927
3,0,3,NaN
2,1,3,NaN
3,0,3,0.43614794933242046
3,0,3,NaN
1,2,3,NaN
1,2,3,0.6990667746156102
3,0,3,NaN
3,0,3,0.8770122193000203
1,2,3,NaN
3,0,3,NaN
3,0,3,NaN
3,0,3,NaN
2,1,3,NaN
2,1,3,NaN
2,1,3,NaN
3,0,3,0.7641629005282548
1,2,3,NaN
3,0,3,NaN
2,1,3,0.36958211077647357
3,0,3,NaN
2,1,3,NaN
3,0,3,NaN
2,1,3,0.6185582093370283
3,0,3,NaN
3,0,3,NaN
2,1,3,NaN
3,0,3,NaN
1,2,3,NaN
3,0,3,0.23998440172325927
3,0,3,NaN
3,0,3,NaN
3,0,3,0.2736599385245901
1,2,3,0.43614794933242046
1,2,3,NaN
2,1,3,NaN
3,0,3,NaN
1,2,3,0.390088581715401
2,1,3,NaN
3,0,3,NaN
3,0,3,NaN
2,1,3,NaN
3,0,3,0.6613966634587408
2,1,3,NaN
2,1,3,NaN
2,1,3,NaN
2,1,3,0.9534153129152887
3,0,3,0.6385950555201507
1,2,3,0.5757595332036677
3,0,3,NaN
3,0,3,NaN
1,2,3,NaN
2,1,3,NaN
3,0,3,0.43614794933242046
2,1,3,0.6185582093370283
2,1,3,NaN
3,0,3,NaN
3,0,3,NaN
1,2,3,0.8185843942460208
3,0,3,NaN
1,2,3,NaN
3,0,3,NaN
1,2,3,0.8185843942460208
3,0,3,NaN
3,0,3,NaN
1,2,3,0.531729986764269
3,0,3,NaN
2,1,3,NaN
2,1,3,0.0569687888815355
1,2,3,NaN
3,0,3,NaN
3,0,3,NaN
2,1,3,0.20936945520216732
2,1,3,NaN
1,2,3,NaN
2,1,3,NaN
3,0,3,NaN
2,1,3,NaN
2,1,3,NaN
2,1,3,0.9534153129152887
2,1,3,0.6990667746156102
3,0,3,NaN
1,2,3,NaN
2,1,3,NaN
2,1,3,NaN
3,0,3,NaN
1,2,3,0.20936945520216732
2,1,3,NaN
3,0,3,NaN
2,1,3,0.6613966634587408
3,0,3,NaN
3,0,3,NaN
3,0,3,NaN
3,0,3,0.7641629005282548
1,2,3,NaN
1,2,3,NaN
2,1,3,NaN
2,1,3,NaN
2,1,3,NaN
3,0,3,NaN
3,0,3,0.7925166447343686
3,0,3,NaN
1,2,3,0.6990667746156102
3,0,3,0.390088581715401
1,2,3,0.06525587975951877
2,1,3,NaN
2,1,3,NaN
3,0,3,NaN
1,2,3,NaN
3,0,3,NaN
2,1,3,NaN
3,0,3,NaN
2,1,3,NaN
2,1,3,0.7925166447343686
2,1,3,NaN
2,1,3,NaN
1,2,3,0.1376319999999998
3,0,3,NaN
3,0,3,NaN
3,0,3,NaN
2,1,3,NaN
3,0,3,NaN
1,2,3,NaN
3,0,3,NaN
3,0,3,NaN
3,0,3,NaN
2,1,3,0.893076864532752
3,0,3,NaN
1,2,3,NaN
1,2,3,NaN
1,2,3,NaN
3,0,3,NaN
3,0,3,NaN
3,0,3,NaN
3,0,3,0.893076864532752
2,1,3,NaN
1,2,3,NaN
2,1,3,NaN
2,1,3,NaN
2,1,3,NaN
1,2,3,NaN
3,0,3,NaN
2,1,3,0.06525587975951877
3,0,3,NaN
3,0,3,0.34926187684352356
3,0,3,NaN
1,2,3,0.1376319999999998
3,0,3,0.483768449142263
3,0,3,0.9433412321949546
3,0,3,0.483768449142263
3,0,3,NaN
2,1,3,NaN
3,0,3,0.6185582093370283
2,1,3,NaN
1,2,3,NaN
2,1,3,NaN
2,1,3,NaN
2,1,3,0.5757595332036677
2,1,3,NaN
2,1,3,NaN
1,2,3,0.483768449142263
3,0,3,NaN
2,1,3,0.9079098270401949
2,1,3,NaN
3,0,3,NaN
3,0,3,NaN
2,1,3,0.6185582093370283
2,1,3,NaN
1,2,3,NaN
3,0,3,0.5757595332036677
2,1,3,NaN
1,2,3,NaN
3,0,3,0.9614248710601718
3,0,3,NaN
3,0,3,NaN
3,0,3,0.9326921332428637
3,0,3,NaN
3,0,3,0.7641629005282548
2,1,3,NaN
3,0,3,NaN
3,0,3,NaN
3,0,3,NaN
3,0,3,NaN
1,2,3,NaN
1,2,3,NaN
1,2,3,0.34926187684352356
3,0,3,NaN
1,2,3,NaN
3,0,3,NaN
3,0,3,NaN
3,0,3,0.7332177371595686
2,1,3,NaN
2,1,3,NaN
2,1,3,0.531729986764269
3,0,3,NaN
3,0,3,NaN
2,1,3,0.7641629005282548
3,0,3,NaN
2,1,3,NaN
3,0,3,NaN
2,1,3,0.34926187684352356
3,0,3,NaN
1,2,3,0.6990667746156102
3,0,3,NaN
3,0,3,0.004602435969242026
3,0,3,0.5757595332036677
3,0,3,NaN
2,1,3,NaN
2,1,3,0.1376319999999998
3,0,3,NaN
3,0,3,NaN
2,1,3,NaN
3,0,3,NaN
2,1,3,0.893076864532752
2,1,3,NaN
3,0,3,0.5560906278506429
3,0,3,NaN
3,0,3,NaN
3,0,3,NaN
1,2,3,NaN
2,1,3,NaN
3,0,3,0.9433412321949546
3,0,3,NaN
1,2,3,NaN
2,1,3,NaN
3,0,3,NaN
2,1,3,NaN
2,1,3,NaN
1,2,3,NaN
2,1,3,NaN
3,0,3,NaN
3,0,3,0.43614794933242046
3,0,3,NaN
3,0,3,NaN
3,0,3,NaN
3,0,3,NaN
3,0,3,NaN
3,0,3,0.31128496075105533
3,0,3,0.390088581715401
3,0,3,NaN
3,0,3,NaN
3,0,3,0.9326921332428637
2,1,3,0.9209789316492126
3,0,3,NaN
2,1,3,0.31128496075105533
1,2,3,NaN
3,0,3,NaN
2,1,3,NaN
2,1,3,0.43614794933242046
2,1,3,NaN
2,1,3,NaN
1,2,3,NaN
3,0,3,NaN
1,2,3,NaN
2,1,3,NaN
1,2,3,0.6990667746156102
2,1,3,0.390088581715401
3,0,3,NaN
1,2,3,0.5757595332036677
3,0,3,NaN
3,0,3,NaN
1,2,3,NaN
2,1,3,0.7332177371595686
3,0,3,NaN
2,1,3,NaN
3,0,3,0.483768449142263
2,1,3,NaN
3,0,3,NaN
2,1,3,0.390088581715401
3,0,3,NaN
1,2,3,0.18342590517711166
2,1,3,NaN
1,2,3,NaN
3,0,3,NaN
1,2,3,NaN
3,0,3,0.2736599385245901
1,2,3,NaN
3,0,3,NaN
3,0,3,NaN
3,0,3,0.390088581715401
1,2,3,NaN
3,0,3,NaN
3,0,3,NaN
2,1,3,NaN
3,0,3,NaN
3,0,3,NaN
1,2,3,NaN
2,1,3,NaN
2,1,3,0.43614794933242046
3,0,3,NaN
2,1,3,0.31128496075105533
3,0,3,NaN
3,0,3,NaN
3,0,3,NaN
1,2,3,NaN
2,1,3,0.011497883692719126
1,2,3,NaN
3,0,3,NaN
2,1,3,NaN
3,0,3,NaN
3,0,3,NaN
3,0,3,NaN
3,0,3,NaN
1,2,3,NaN
2,1,3,NaN
2,1,3,0.6185582093370283
2,1,3,NaN
1,2,3,NaN
3,0,3,NaN
3,0,3,NaN
3,0,3,0.8597792096635031
3,0,3,NaN
1,2,3,NaN
3,0,3,NaN
3,0,3,NaN
1,2,3,0.9079098270401949
2,1,3,NaN
3,0,3,NaN
2,1,3,NaN
2,1,3,NaN
3,0,3,0.9692884971709208
1,2,3,0.893076864532752
2,1,3,0.34926187684352356
3,0,3,NaN
1,2,3,NaN
3,0,3,NaN
3,0,3,NaN
3,0,3,NaN
1,2,3,0.43614794933242046
3,0,3,NaN
3,0,3,NaN
3,0,3,NaN
2,1,3,0.1376319999999998
3,0,3,NaN
1,2,3,0.18342590517711166
3,0,3,NaN
3,0,3,NaN
2,1,3,NaN
2,1,3,NaN
1,2,3,NaN
1,2,3,0.7641629005282548
1,2,3,0.43614794933242046
1,2,3,NaN
3,0,3,0.7332177371595686
2,1,3,0.893076864532752
2,1,3,NaN
3,0,3,0.15921953565114888
2,1,3,0.390088581715401
1,2,3,NaN
3,0,3,0.23998440172325927
3,0,3,NaN
3,0,3,NaN
2,1,3,NaN
2,1,3,0.23998440172325927
1,2,3,NaN
3,0,3,0.34926187684352356
1,2,3,NaN
1,2,3,0.1026612005498701
3,0,3,0.9614248710601718
3,0,3,NaN
2,1,3,NaN
3,0,3,NaN
1,2,3,NaN
2,1,3,0.03230741676234196
1,2,3,NaN
2,1,3,NaN
2,1,3,0.7925166447343686
1,2,3,NaN
1,2,3,NaN
3,0,3,NaN
3,0,3,NaN
2,1,3,NaN
2,1,3,NaN
2,1,3,0.7641629005282548
1,2,3,NaN
2,1,3,NaN
2,1,3,NaN
1,2,3,NaN
1,2,3,NaN
1,2,3,0.6990667746156102
1,2,3,NaN
1,2,3,NaN
2,1,3,NaN
3,0,3,NaN
3,0,3,0.6613966634587408
1,2,3,NaN
3,0,3,0.23998440172325927
2,1,3,0.9940320922471844
2,1,3,NaN
2,1,3,NaN
3,0,3,NaN
2,1,3,NaN
3,0,3,NaN
3,0,3,NaN
1,2,3,NaN
3,0,3,NaN
1,2,3,NaN
3,0,3,NaN
1,2,3,NaN
2,1,3,0.6185582093370283
2,1,3,NaN
2,1,3,NaN
1,2,3,NaN
3,0,3,NaN
3,0,3,NaN
3,0,3,0.9209789316492126
3,0,3,NaN
1,2,3,NaN
1,2,3,NaN
2,1,3,NaN
2,1,3,NaN
3,0,3,NaN
1,2,3,NaN
2,1,3,NaN
3,0,3,NaN
3,0,3,NaN
3,0,3,0.7641629005282548
1,2,3,NaN
1,2,3,NaN
3,0,3,NaN
3,0,3,NaN
3,0,3,NaN
2,1,3,0.8795235203274335
3,0,3,0.390088581715401
2,1,3,0.390088581715401
2,1,3,NaN
3,0,3,NaN
2,1,3,0.1026612005498701
3,0,3,NaN
2,1,3,NaN
1,2,3,NaN
3,0,3,NaN
3,0,3,NaN
2,1,3,NaN
2,1,3,NaN
2,1,3,NaN
2,1,3,0.7641629005282548
2,1,3,0.18342590517711166
2,1,3,NaN
2,1,3,NaN
2,1,3,0.03782247324613561
3,0,3,0.7277910133953862
3,0,3,0.6990667746156102
3,0,3,NaN
2,1,3,0.9747128701728911
3,0,3,NaN
3,0,3,0.7332177371595686
3,0,3,NaN
3,0,3,NaN
2,1,3,NaN
1,2,3,NaN
1,2,3,NaN
3,0,3,0.08869205529953894
2,1,3,0.893076864532752
2,1,3,NaN
3,0,3,NaN
2,1,3,NaN
3,0,3,NaN
3,0,3,NaN
1,2,3,0.5757595332036677
3,0,3,0.8568024491395582
1,2,3,NaN
2,1,3,NaN
3,0,3,NaN
2,1,3,NaN
2,1,3,0.483768449142263
1,2,3,0.027150137488542374
3,0,3,NaN
2,1,3,0.6613966634587408
3,0,3,NaN
2,1,3,0.531729986764269
2,1,3,NaN
3,0,3,NaN
3,0,3,NaN
3,0,3,NaN
2,1,3,NaN
2,1,3,0.8395040133151549
3,0,3,NaN
2,1,3,0.04242868359770861
2,1,3,0.31128496075105533
3,0,3,NaN
1,2,3,NaN
3,0,3,NaN
3,0,3,NaN
3,0,3,NaN
2,1,3,0.2736599385245901
1,2,3,NaN
3,0,3,0.15921953565114888
2,1,3,NaN
3,0,3,NaN
3,0,3,0.6613966634587408
1,2,3,NaN
2,1,3,NaN
2,1,3,NaN
1,2,3,NaN
2,1,3,NaN
3,0,3,NaN
2,1,3,NaN
2,1,3,0.1026612005498701
2,1,3,0.9433412321949546
2,1,3,NaN
1,2,3,0.019519080662983124
1,2,3,0.15921953565114888
3,0,3,NaN
3,0,3,0.9740651764621957
3,0,3,0.2736599385245901
3,0,3,0.1026612005498701
3,0,3,NaN
3,0,3,0.03633898294926667
2,1,3,NaN
1,2,3,NaN
2,1,3,NaN
1,2,3,NaN
1,2,3,NaN
3,0,3,0.8395040133151549
3,0,3,NaN
2,1,3,0.5757595332036677
2,1,3,NaN
2,1,3,NaN
3,0,3,0.34926187684352356
2,1,3,0.1026612005498701
3,0,3,0.22726472108630166
2,1,3,NaN
3,0,3,NaN
3,0,3,NaN
2,1,3,0.1026612005498701
2,1,3,0.043199805379105054
1,2,3,NaN
3,0,3,NaN
3,0,3,NaN
2,1,3,0.531729986764269
1,2,3,NaN
2,1,3,0.6990667746156102
3,0,3,NaN
2,1,3,NaN
3,0,3,NaN
3,0,3,NaN
1,2,3,0.6613966634587408
2,1,3,NaN
2,1,3,0.028239842557278242
1,2,3,0.31128496075105533
3,0,3,0.5757595332036677
3,0,3,NaN
1,2,3,0.6185582093370283
3,0,3,0.20936945520216732
2,1,3,0.7700809070434429
1,2,3,NaN
1,2,3,NaN
1,2,3,NaN
2,1,3,NaN
2,1,3,0.9614248710601718
3,0,3,NaN
2,1,3,NaN
2,1,3,NaN
1,2,3,0.8597792096635031
2,1,3,NaN
3,0,3,NaN
3,0,3,NaN
1,2,3,NaN
3,0,3,0.016627813551177786
1,2,3,NaN
3,0,3,0.483768449142263
1,2,3,NaN
3,0,3,NaN
3,0,3,NaN
3,0,3,NaN
3,0,3,NaN
3,0,3,0.390088581715401
3,0,3,NaN
1,2,3,NaN
1,2,3,NaN
2,1,3,0.483768449142263
2,1,3,NaN
3,0,3,NaN
3,0,3,NaN
3,0,3,NaN
3,0,3,0.591648274998849
3,0,3,NaN
3,0,3,0.8770122193000203
2,1,3,0.03230741676234196
3,0,3,NaN
2,1,3,NaN
3,0,3,NaN
1,2,3,NaN
2,1,3,NaN
2,1,3,0.531729986764269
1,2,3,NaN
3,0,3,0.9326921332428637
3,0,3,0.531729986764269
2,1,3,0.390088581715401
2,1,3,NaN
2,1,3,NaN
2,1,3,NaN
1,2,3,0.15921953565114888
3,0,3,NaN
3,0,3,NaN
2,1,3,0.9614248710601718
3,0,3,0.07633250114228259
1,2,3,NaN
2,1,3,NaN
3,0,3,NaN
3,0,3,NaN
2,1,3,NaN
3,0,3,NaN
3,0,3,NaN
2,1,3,NaN
3,0,3,0.23998440172325927
1,2,3,NaN
3,0,3,NaN
3,0,3,0.2736599385245901
1,2,3,NaN
3,0,3,NaN
2,1,3,NaN
2,1,3,NaN
1,2,3,NaN
2,1,3,NaN
1,2,3,NaN
2,1,3,NaN
3,0,3,NaN
2,1,3,0.4531190990902127
1,2,3,NaN
2,1,3,NaN
1,2,3,NaN
1,2,3,NaN
1,2,3,NaN
1,2,3,NaN
2,1,3,0.7925166447343686
3,0,3,NaN
3,0,3,0.18342590517711166
3,0,3,NaN
2,1,3,NaN
2,1,3,NaN
3,0,3,NaN
3,0,3,0.20936945520216732
1,2,3,NaN
3,0,3,NaN
2,1,3,0.7332177371595686
2,1,3,0.20936945520216732
2,1,3,0.8185843942460208
3,0,3,0.08869205529953894
2,1,3,NaN
1,2,3,0.9614248710601718
1,2,3,0.6185582093370283
1,2,3,NaN
3,0,3,NaN
2,1,3,0.7641629005282548
2,1,3,NaN
2,1,3,0.24824965460085582
3,0,3,NaN
1,2,3,NaN
1,2,3,NaN
2,1,3,NaN
3,0,3,NaN
2,1,3,NaN
3,0,3,NaN
3,0,3,0.6185582093370283
3,0,3,NaN
2,1,3,0.18342590517711166
2,1,3,NaN
3,0,3,NaN
3,0,3,NaN
1,2,3,0.9142357277367548
1,2,3,0.6613966634587408
3,0,3,0.483768449142263
2,1,3,0.9326921332428637
1,2,3,0.11835585687382275
1,2,3,0.893076864532752
2,1,3,NaN
2,1,3,0.8770122193000203
1,2,3,NaN
2,1,3,NaN
1,2,3,NaN
2,1,3,NaN
1,2,3,NaN
2,1,3,NaN
3,0,3,0.04847823149783537
3,0,3,NaN
2,1,3,0.531729986764269
3,0,3,0.06525587975951877
3,0,3,NaN
3,0,3,0.9686139634526727
2,1,3,0.7641629005282548
3,0,3,NaN
1,2,3,NaN
1,2,3,NaN
1,2,3,NaN
3,0,3,NaN
3,0,3,NaN
2,1,3,NaN
1,2,3,NaN
2,1,3,NaN
3,0,3,NaN
3,0,3,NaN
3,0,3,0.7925166447343686
2,1,3,0.8597792096635031
1,2,3,0.6185582093370283
1,2,3,NaN
2,1,3,NaN
3,0,3,NaN
1,2,3,NaN
1,2,3,NaN
1,2,3,NaN
3,0,3,NaN
2,1,3,NaN
1,2,3,NaN
1,2,3,0.027150137488542374
3,0,3,NaN
1,2,3,NaN
1,2,3,NaN
3,0,3,NaN
2,1,3,NaN
3,0,3,NaN
1,2,3,0.531729986764269
3,0,3,NaN
2,1,3,NaN
2,1,3,0.531729986764269
1,2,3,NaN
2,1,3,0.2736599385245901
2,1,3,0.1376319999999998
1,2,3,NaN
3,0,3,NaN
1,2,3,0.8395040133151549
2,1,3,0.43614794933242046
1,2,3,NaN
3,0,3,0.483768449142263
3,0,3,NaN
2,1,3,NaN
2,1,3,NaN
3,0,3,0.390088581715401
3,0,3,NaN
3,0,3,NaN
3,0,3,NaN
1,2,3,0.6613966634587408
2,1,3,0.7001014360319854
3,0,3,0.1376319999999998
1,2,3,NaN
1,2,3,NaN
3,0,3,NaN
3,0,3,NaN
2,1,3,NaN
1,2,3,0.18342590517711166
3,0,3,NaN
3,0,3,NaN
2,1,3,NaN
1,2,3,NaN
3,0,3,NaN
3,0,3,NaN
1,2,3,NaN
2,1,3,0.9209789316492126
3,0,3,NaN
3,0,3,0.03782247324613561
2,1,3,0.7332177371595686
1,2,3,NaN
1,2,3,0.7641629005282548
2,1,3,0.2736599385245901
3,0,3,NaN
3,0,3,NaN
3,0,3,0.6613966634587408
1,2,3,NaN
1,2,3,0.043199805379105054
2,1,3,0.20936945520216732
2,1,3,NaN
2,1,3,NaN
3,0,3,NaN
2,1,3,NaN
2,1,3,0.9326921332428637
2,1,3,NaN
3,0,3,0.8597792096635031
2,1,3,NaN
1,2,3,NaN
3,0,3,NaN
3,0,3,NaN
2,1,3,0.43614794933242046
3,0,3,NaN
1,2,3,NaN
1,2,3,NaN
1,2,3,NaN
2,1,3,0.390088581715401
1,2,3,NaN
3,0,3,NaN
3,0,3,0.03782247324613561
3,0,3,NaN
3,0,3,0.23998440172325927
1,2,3,NaN
2,1,3,NaN
1,2,3,NaN
3,0,3,0.893076864532752
3,0,3,NaN
2,1,3,0.6613966634587408
1,2,3,0.31128496075105533
3,0,3,NaN
3,0,3,NaN
2,1,3,0.9691706881057763
2,1,3,0.531729986764269
2,1,3,NaN
3,0,3,NaN
2,1,3,NaN
3,0,3,NaN
3,0,3,NaN
3,0,3,NaN
3,0,3,NaN
3,0,3,NaN
2,1,3,0.8395040133151549
1,2,3,0.9079098270401949
3,0,3,NaN
3,0,3,NaN
3,0,3,NaN
2,1,3,NaN
3,0,3,NaN
1,2,3,NaN
1,2,3,NaN
3,0,3,NaN
3,0,3,0.43614794933242046
1,2,3,NaN
3,0,3,0.34926187684352356
2,1,3,0.9433412321949546
2,1,3,NaN
3,0,3,0.6185582093370283
2,1,3,NaN
2,1,3,NaN
2,1,3,0.34926187684352356
3,0,3,NaN
1,2,3,NaN
2,1,3,NaN
1,2,3,NaN
1,2,3,NaN
1,2,3,NaN
1,2,3,NaN
2,1,3,NaN
1,2,3,NaN
1,2,3,0.0569687888815355
3,0,3,NaN
1,2,3,0.9919214683718085
3,0,3,NaN
3,0,3,NaN
2,1,3,NaN
2,1,3,0.43614794933242046
3,0,3,NaN
3,0,3,NaN
1,2,3,0.18342590517711166
3,0,3,0.23998440172325927
1,2,3,NaN
2,1,3,0.2736599385245901
2,1,3,NaN
3,0,3,NaN
1,2,3,NaN
3,0,3,NaN
2,1,3,NaN
3,0,3,NaN
3,0,3,NaN
2,1,3,NaN
2,1,3,NaN
2,1,3,NaN
2,1,3,NaN
3,0,3,NaN
1,2,3,NaN
2,1,3,NaN
3,0,3,NaN
2,1,3,NaN
2,1,3,0.31128496075105533
2,1,3,NaN
3,0,3,0.5757595332036677
3,0,3,NaN
2,1,3,NaN
3,0,3,NaN
3,0,3,0.43614794933242046
3,0,3,NaN
3,0,3,NaN
3,0,3,NaN
1,2,3,NaN
3,0,3,NaN
3,0,3,NaN
3,0,3,0.15921953565114888
3,0,3,NaN
2,1,3,NaN
2,1,3,0.027150137488542374
1,2,3,0.1026612005498701
2,1,3,0.8597792096635031
3,0,3,NaN
1,2,3,NaN
2,1,3,0.43614794933242046
3,0,3,NaN
2,1,3,NaN
3,0,3,NaN
2,1,3,NaN
1,2,3,NaN
2,1,3,0.027150137488542374
3,0,3,NaN
2,1,3,NaN
3,0,3,NaN
2,1,3,NaN
3,0,3,NaN
2,1,3,NaN
3,0,3,NaN
2,1,3,NaN
2,1,3,NaN
3,0,3,0.43614794933242046
3,0,3,NaN
1,2,3,NaN
2,1,3,NaN
3,0,3,0.0569687888815355
1,2,3,0.8770122193000203
3,0,3,0.531729986764269
1,2,3,0.13132949647500136
2,1,3,NaN
1,2,3,NaN
3,0,3,NaN
1,2,3,NaN
2,1,3,NaN
3,0,3,NaN
3,0,3,NaN
3,0,3,NaN
2,1,3,0.7332177371595686
3,0,3,NaN
2,1,3,0.14000969642532812
3,0,3,0.21530613828703424
2,1,3,NaN
2,1,3,NaN
3,0,3,NaN
2,1,3,0.31128496075105533
1,2,3,NaN
2,1,3,NaN
3,0,3,NaN
2,1,3,0.31128496075105533
1,2,3,0.11835585687382275
2,1,3,NaN
3,0,3,0.18342590517711166
3,0,3,NaN
1,2,3,NaN
2,1,3,NaN
3,0,3,NaN
3,0,3,NaN
3,0,3,NaN
1,2,3,NaN
3,0,3,NaN
2,1,3,0.8597792096635031
3,0,3,NaN
1,2,3,0.43359950093236205
3,0,3,NaN
1,2,3,NaN
3,0,3,NaN
1,2,3,NaN
2,1,3,NaN
3,0,3,0.5757595332036677
3,0,3,NaN
1,2,3,0.390088581715401
3,0,3,0.11835585687382275
2,1,3,NaN
1,2,3,NaN
1,2,3,NaN
3,0,3,NaN
2,1,3,0.15921953565114888
1,2,3,0.893076864532752
3,0,3,NaN
1,2,3,NaN
2,1,3,NaN
1,2,3,NaN
2,1,3,NaN
3,0,3,0.6185582093370283
3,0,3,NaN
1,2,3,NaN
1,2,3,NaN
3,0,3,NaN
2,1,3,NaN
2,1,3,NaN
2,1,3,NaN
1,2,3,0.1026612005498701
3,0,3,NaN
3,0,3,NaN
2,1,3,NaN
3,0,3,NaN
1,2,3,NaN
1,2,3,NaN
1,2,3,NaN
2,1,3,NaN
3,0,3,NaN
2,1,3,NaN
2,1,3,NaN
3,0,3,NaN
3,0,3,NaN
3,0,3,NaN
3,0,3,0.9686139634526727
1,2,3,0.7948773508512438
3,0,3,NaN
3,0,3,NaN
3,0,3,NaN
3,0,3,0.9326921332428637
3,0,3,NaN
2,1,3,NaN
2,1,3,NaN
3,0,3,NaN
3,0,3,NaN
3,0,3,NaN
3,0,3,NaN
3,0,3,0.9534153129152887
3,0,3,NaN
2,1,3,NaN
3,0,3,NaN
3,0,3,0.483768449142263
2,1,3,NaN
3,0,3,NaN
3,0,3,NaN
1,2,3,NaN
2,1,3,NaN
1,2,3,NaN
3,0,3,NaN
1,2,3,NaN
3,0,3,NaN
3,0,3,NaN
2,1,3,NaN
3,0,3,NaN
3,0,3,NaN
2,1,3,NaN
3,0,3,NaN
2,1,3,0.9919214683718085
1,2,3,0.08869205529953894
2,1,3,NaN
2,1,3,NaN
3,0,3,NaN
3,0,3,NaN
3,0,3,0.531729986764269
3,0,3,0.019519080662983124
2,1,3,NaN
3,0,3,0.2736599385245901
1,2,3,0.6990667746156102
2,1,3,NaN
2,1,3,NaN
3,0,3,NaN
2,1,3,0.6613966634587408
1,2,3,NaN
2,1,3,NaN
3,0,3,0.11835585687382275
3,0,3,NaN
1,2,3,NaN
3,0,3,0.9209789316492126
3,0,3,0.43614794933242046
3,0,3,NaN
3,0,3,NaN
1,2,3,0.6990667746156102
3,0,3,NaN
2,1,3,NaN
3,0,3,NaN
3,0,3,NaN
2,1,3,0.08869205529953894
1,2,3,0.11835585687382275
1,2,3,0.6185582093370283
3,0,3,NaN
3,0,3,0.23998440172325927
3,0,3,0.027150137488542374
1,2,3,NaN
1,2,3,NaN
1,2,3,NaN
3,0,3,NaN
3,0,3,NaN
2,1,3,NaN
3,0,3,0.23998440172325927
2,1,3,0.1026612005498701
3,0,3,NaN
3,0,3,NaN
2,1,3,NaN
1,2,3,0.20936945520216732
3,0,3,NaN
2,1,3,NaN
1,2,3,NaN
2,1,3,0.03230741676234196
2,1,3,0.2736599385245901
1,2,3,NaN
2,1,3,NaN
2,1,3,NaN
3,0,3,NaN
3,0,3,NaN
1,2,3,NaN
2,1,3,0.5757595332036677
3,0,3,0.531729986764269
2,1,3,NaN
2,1,3,0.0569687888815355
3,0,3,0.9326921332428637
3,0,3,0.531729986764269
3,0,3,NaN
2,1,3,NaN
2,1,3,0.9459044238917064
1,2,3,NaN
3,0,3,NaN
3,0,3,0.23998440172325927
2,1,3,0.7925166447343686
3,0,3,NaN
3,0,3,NaN
2,1,3,NaN
3,0,3,NaN
3,0,3,NaN
2,1,3,0.9209789316492126
3,0,3,0.483768449142263
3,0,3,NaN
3,0,3,NaN
3,0,3,NaN
2,1,3,NaN
1,2,3,NaN
3,0,3,NaN
2,1,3,NaN
1,2,3,NaN
1,2,3,NaN
2,1,3,NaN
3,0,3,NaN
2,1,3,0.6613966634587408
2,1,3,0.6185582093370283
1,2,3,NaN
1,2,3,NaN
3,0,3,0.9433412321949546
2,1,3,NaN
3,0,3,NaN
2,1,3,NaN
2,1,3,0.016627813551177786
3,0,3,0.6990667746156102
2,1,3,NaN
2,1,3,NaN
3,0,3,NaN
2,1,3,NaN
3,0,3,NaN
1,2,3,NaN
1,2,3,NaN
2,1,3,0.15921953565114888
1,2,3,NaN
2,1,3,NaN
1,2,3,NaN
3,0,3,0.531729986764269
3,0,3,0.6185582093370283
1,2,3,NaN
2,1,3,NaN
3,0,3,0.6613966634587408
3,0,3,NaN
3,0,3,NaN
2,1,3,0.18342590517711166
3,0,3,NaN
1,2,3,0.004939389942292157
2,1,3,NaN
3,0,3,NaN
1,2,3,0.06925641198290328
2,1,3,NaN
3,0,3,NaN
2,1,3,0.49461382459190767
2,1,3,NaN
3,0,3,NaN
1,2,3,NaN
2,1,3,0.9614248710601718
3,0,3,NaN
1,2,3,NaN
3,0,3,NaN
2,1,3,NaN
3,0,3,NaN
1,2,3,NaN
2,1,3,NaN
3,0,3,NaN
2,1,3,NaN
2,1,3,NaN
3,0,3,0.9209789316492126
2,1,3,0.07633250114228259
2,1,3,NaN
1,2,3,NaN
3,0,3,NaN
1,2,3,NaN
3,0,3,NaN
3,0,3,NaN
2,1,3,0.11835585687382275
2,1,3,NaN
2,1,3,NaN
2,1,3,NaN
2,1,3,NaN
1,2,3,NaN
2,1,3,NaN
1,2,3,NaN
1,2,3,0.5757595332036677
2,1,3,NaN
3,0,3,NaN
3,0,3,NaN
3,0,3,NaN
2,1,3,0.5757595332036677
2,1,3,NaN
3,0,3,0.6990667746156102
1,2,3,0.893076864532752
2,1,3,NaN
3,0,3,NaN
2,1,3,NaN
2,1,3,NaN
2,1,3,0.6613966634587408
1,2,3,NaN
3,0,3,0.34926187684352356
1,2,3,NaN
2,1,3,NaN
1,2,3,0.8185843942460208
2,1,3,NaN
3,0,3,NaN
1,2,3,NaN
3,0,3,NaN
1,2,3,NaN
2,1,3,0.8130550058173163
1,2,3,NaN
1,2,3,NaN
1,2,3,NaN
1,2,3,NaN
2,1,3,NaN
3,0,3,0.08869205529953894
3,0,3,NaN
3,0,3,NaN
2,1,3,0.6613966634587408
3,0,3,NaN
2,1,3,NaN
3,0,3,NaN
3,0,3,NaN
2,1,3,NaN
3,0,3,NaN
2,1,3,NaN
1,2,3,NaN
1,2,3,0.04937587322664477
2,1,3,NaN
2,1,3,NaN
2,1,3,NaN
3,0,3,0.6990667746156102
2,1,3,NaN
2,1,3,0.7925166447343686
2,1,3,NaN
1,2,3,NaN
2,1,3,NaN
3,0,3,NaN
2,1,3,NaN
2,1,3,NaN
2,1,3,NaN
1,2,3,0.6185582093370283
1,2,3,0.03230741676234196
2,1,3,0.1376319999999998
1,2,3,NaN
1,2,3,NaN
3,0,3,NaN
3,0,3,NaN
1,2,3,0.8597792096635031
1,2,3,0.6185582093370283
2,1,3,NaN
3,0,3,NaN
3,0,3,0.7641629005282548
1,2,3,NaN
1,2,3,NaN
3,0,3,NaN
1,2,3,NaN
3,0,3,NaN
2,1,3,NaN
1,2,3,NaN
3,0,3,NaN
2,1,3,0.6613966634587408
3,0,3,0.1026612005498701
2,1,3,NaN
3,0,3,NaN
1,2,3,0.43614794933242046
2,1,3,0.7332177371595686
2,1,3,NaN
2,1,3,NaN
2,1,3,NaN
2,1,3,NaN
1,2,3,NaN
2,1,3,NaN
2,1,3,0.9513281716175502
3,0,3,NaN
3,0,3,0.531729986764269
3,0,3,0.9747128701728911
1,2,3,0.8395040133151549
2,1,3,NaN
3,0,3,0.483768449142263
3,0,3,NaN
1,2,3,NaN
2,1,3,NaN
2,1,3,NaN
3,0,3,NaN
2,1,3,NaN
1,2,3,0.7925166447343686
2,1,3,NaN
1,2,3,NaN
2,1,3,NaN
3,0,3,NaN
2,1,3,NaN
2,1,3,NaN
3,0,3,0.483768449142263
3,0,3,NaN
3,0,3,NaN
1,2,3,NaN
1,2,3,NaN
2,1,3,0.6990667746156102
3,0,3,NaN
2,1,3,0.9079098270401949
3,0,3,NaN
1,2,3,NaN
1,2,3,NaN
2,1,3,NaN
1,2,3,NaN
2,1,3,NaN
3,0,3,NaN
3,0,3,NaN
2,1,3,NaN
3,0,3,0.11835585687382275
2,1,3,0.6613966634587408
3,0,3,NaN
3,0,3,NaN
3,0,3,NaN
2,1,3,NaN
3,0,3,NaN
1,2,3,0.6185582093370283
3,0,3,0.483768449142263
3,0,3,0.9326921332428637
2,1,3,0.1376319999999998
1,2,3,NaN
2,1,3,0.45574032487896876
1,2,3,NaN
3,0,3,NaN
1,2,3,NaN
3,0,3,NaN
2,1,3,NaN
1,2,3,NaN
1,2,3,NaN
2,1,3,NaN
3,0,3,0.2736599385245901
2,1,3,NaN
3,0,3,NaN
1,2,3,0.8395040133151549
3,0,3,NaN
1,2,3,0.24265001291699886
3,0,3,0.6613966634587408
3,0,3,NaN
2,1,3,NaN
2,1,3,NaN
2,1,3,0.6273932620023779
3,0,3,NaN
2,1,3,0.531729986764269
3,0,3,0.7332177371595686
1,2,3,NaN
3,0,3,NaN
3,0,3,NaN
2,1,3,NaN
2,1,3,NaN
1,2,3,0.6990667746156102
1,2,3,NaN
2,1,3,NaN
2,1,3,0.7925166447343686
1,2,3,0.9597534367178027
3,0,3,NaN
3,0,3,NaN
2,1,3,0.04937587322664477
2,1,3,0.2736599385245901
2,1,3,NaN
3,0,3,0.8395040133151549
2,1,3,NaN
2,1,3,NaN
1,2,3,NaN
3,0,3,NaN
1,2,3,NaN
3,0,3,NaN
3,0,3,0.08869205529953894
3,0,3,NaN
1,2,3,NaN
2,1,3,NaN
3,0,3,NaN
3,0,3,NaN
1,2,3,NaN
2,1,3,0.7641629005282548
1,2,3,0.2736599385245901
2,1,3,0.009912176912471659
3,0,3,NaN
2,1,3,NaN
2,1,3,0.43614794933242046
3,0,3,NaN
1,2,3,NaN
3,0,3,NaN
1,2,3,NaN
3,0,3,NaN
1,2,3,NaN
3,0,3,0.9614248710601718
1,2,3,NaN
1,2,3,NaN
3,0,3,NaN
3,0,3,NaN
1,2,3,0.9534153129152887
1,2,3,NaN
2,1,3,NaN
1,2,3,NaN
1,2,3,0.5572987987043851
1,2,3,NaN
1,2,3,0.6990667746156102
2,1,3,0.531729986764269
1,2,3,NaN
3,0,3,NaN
3,0,3,0.011500813891183487
2,1,3,NaN
2,1,3,NaN
2,1,3,NaN
2,1,3,0.31128496075105533
1,2,3,NaN
1,2,3,0.7641629005282548
1,2,3,NaN
2,1,3,0.0569687888815355
3,0,3,NaN
2,1,3,NaN
2,1,3,0.893076864532752
1,2,3,NaN
1,2,3,NaN
1,2,3,NaN
3,0,3,0.6990667746156102
3,0,3,0.6185582093370283
3,0,3,0.6613966634587408
3,0,3,NaN
3,0,3,0.8770122193000203
3,0,3,0.6613966634587408
3,0,3,NaN
2,1,3,NaN
1,2,3,NaN
3,0,3,0.31128496075105533
1,2,3,NaN
2,1,3,NaN
1,2,3,0.9079098270401949
2,1,3,NaN
2,1,3,NaN
2,1,3,NaN
1,2,3,NaN
1,2,3,NaN
2,1,3,0.5757595332036677
2,1,3,0.531729986764269
2,1,3,0.2007962699552482
2,1,3,NaN
1,2,3,0.2736599385245901
1,2,3,NaN
3,0,3,NaN
2,1,3,NaN
1,2,3,NaN
3,0,3,NaN
3,0,3,NaN
2,1,3,NaN
2,1,3,NaN
3,0,3,NaN
2,1,3,NaN
3,0,3,NaN
3,0,3,NaN
2,1,3,0.0569687888815355
2,1,3,0.390088581715401
1,2,3,NaN
2,1,3,NaN
1,2,3,NaN
2,1,3,NaN
1,2,3,NaN
2,1,3,NaN
3,0,3,NaN
1,2,3,NaN
1,2,3,NaN
1,2,3,NaN
1,2,3,NaN
2,1,3,NaN
2,1,3,NaN
3,0,3,NaN
3,0,3,NaN
2,1,3,0.15921953565114888
3,0,3,NaN
3,0,3,NaN
1,2,3,NaN
3,0,3,NaN
3,0,3,NaN
3,0,3,NaN
3,0,3,NaN
2,1,3,NaN
2,1,3,0.051689495202893614
3,0,3,0.7925166447343686
3,0,3,NaN
2,1,3,NaN
3,0,3,NaN
1,2,3,0.15921953565114888
2,1,3,NaN
3,0,3,0.483768449142263
3,0,3,NaN
3,0,3,NaN
1,2,3,NaN
1,2,3,NaN
3,0,3,NaN
3,0,3,NaN
1,2,3,NaN
3,0,3,0.9534153129152887
1,2,3,NaN
2,1,3,0.6185582093370283
2,1,3,NaN
3,0,3,NaN
3,0,3,NaN
2,1,3,NaN
2,1,3,NaN
2,1,3,NaN
3,0,3,NaN
3,0,3,NaN
3,0,3,NaN
1,2,3,NaN
2,1,3,0.43614794933242046
2,1,3,NaN
1,2,3,NaN
1,2,3,NaN
2,1,3,NaN
2,1,3,0.9675986097793022
3,0,3,0.6613966634587408
1,2,3,0.7925166447343686
1,2,3,NaN
2,1,3,NaN
2,1,3,NaN
2,1,3,NaN
3,0,3,0.7925166447343686
1,2,3,0.9919214683718085
2,1,3,NaN
2,1,3,NaN
2,1,3,NaN
3,0,3,NaN
2,1,3,NaN
1,2,3,NaN
2,1,3,0.8185843942460208
3,0,3,0.8395040133151549
1,2,3,NaN
3,0,3,0.5757595332036677
3,0,3,0.0569687888815355
1,2,3,0.7641629005282548
1,2,3,0.03230741676234196
2,1,3,0.390088581715401
3,0,3,NaN
3,0,3,0.23998440172325927
2,1,3,NaN
2,1,3,NaN
3,0,3,NaN
2,1,3,0.8185843942460208
2,1,3,NaN
3,0,3,0.483768449142263
3,0,3,NaN
2,1,3,NaN
3,0,3,NaN
2,1,3,NaN
2,1,3,NaN
1,2,3,NaN
2,1,3,NaN
3,0,3,NaN
2,1,3,0.6185582093370283
2,1,3,NaN
1,2,3,0.531729986764269
2,1,3,0.15921953565114888
1,2,3,0.34926187684352356
1,2,3,0.531729986764269
2,1,3,NaN
1,2,3,0.531729986764269
2,1,3,NaN
1,2,3,NaN
1,2,3,NaN
2,1,3,0.23998440172325927
2,1,3,NaN
3,0,3,0.34926187684352356
2,1,3,NaN
2,1,3,NaN
1,2,3,NaN
2,1,3,NaN
3,0,3,NaN
2,1,3,NaN
2,1,3,NaN
1,2,3,NaN
2,1,3,0.531729986764269
2,1,3,0.027150137488542374
3,0,3,0.6990667746156102
2,1,3,NaN
2,1,3,0.2736599385245901
1,2,3,NaN
3,0,3,0.0569687888815355
1,2,3,NaN
3,0,3,NaN
1,2,3,NaN
3,0,3,NaN
3,0,3,0.34926187684352356
2,1,3,NaN
2,1,3,0.23998440172325927
1,2,3,0.04937587322664477
3,0,3,NaN
2,1,3,NaN
3,0,3,0.8395040133151549
3,0,3,NaN
2,1,3,NaN
3,0,3,0.06525587975951877
2,1,3,NaN
2,1,3,NaN
1,2,3,0.531729986764269
2,1,3,NaN
1,2,3,NaN
2,1,3,NaN
3,0,3,0.483768449142263
2,1,3,NaN
3,0,3,NaN
2,1,3,NaN
3,0,3,NaN
3,0,3,0.5757595332036677
3,0,3,NaN
2,1,3,NaN
1,2,3,NaN
3,0,3,NaN
1,2,3,NaN
2,1,3,NaN
1,2,3,NaN
3,0,3,NaN
1,2,3,NaN
3,0,3,NaN
3,0,3,0.5757595332036677
2,1,3,0.34926187684352356
3,0,3,NaN
2,1,3,0.8597792096635031
2,1,3,NaN
3,0,3,0.560681281690559
2,1,3,NaN
1,2,3,0.6990667746156102
1,2,3,NaN
2,1,3,0.7641629005282548
1,2,3,NaN
2,1,3,NaN
3,0,3,NaN
3,0,3,0.1376319999999998
2,1,3,NaN
2,1,3,NaN
3,0,3,NaN
2,1,3,NaN
3,0,3,NaN
2,1,3,0.1026612005498701
3,0,3,0.8597792096635031
1,2,3,NaN
1,2,3,0.23998440172325927
1,2,3,NaN
3,0,3,0.8597792096635031
2,1,3,NaN
2,1,3,NaN
2,1,3,NaN
2,1,3,NaN
2,1,3,NaN
3,0,3,NaN
2,1,3,NaN
1,2,3,NaN
3,0,3,NaN
3,0,3,NaN
1,2,3,NaN
1,2,3,NaN
1,2,3,NaN
2,1,3,NaN
1,2,3,NaN
3,0,3,NaN
1,2,3,NaN
3,0,3,0.975013666928126
1,2,3,NaN
3,0,3,0.5757595332036677
2,1,3,NaN
3,0,3,NaN
1,2,3,NaN
1,2,3,NaN
1,2,3,NaN
1,2,3,NaN
2,1,3,NaN
2,1,3,0.07477474341858009
1,2,3,0.8185843942460208
1,2,3,NaN
2,1,3,0.6990667746156102
2,1,3,NaN
3,0,3,0.6185582093370283
1,2,3,NaN
2,1,3,NaN
2,1,3,0.9614248710601718
1,2,3,NaN
1,2,3,NaN
1,2,3,NaN
1,2,3,NaN
2,1,3,NaN
1,2,3,NaN
2,1,3,0.9761717836754062
3,0,3,0.2579042808851361
2,1,3,NaN
1,2,3,NaN
2,1,3,NaN
1,2,3,NaN
1,2,3,NaN
2,1,3,0.04937587322664477
3,0,3,NaN
3,0,3,0.16490750061967666
2,1,3,NaN
2,1,3,NaN
2,1,3,0.6185582093370283
2,1,3,0.6306663446559952
3,0,3,0.0569687888815355
2,1,3,0.483768449142263
2,1,3,0.11835585687382275
2,1,3,0.028908222040356504
2,1,3,NaN
1,2,3,NaN
2,1,3,NaN
1,2,3,0.09103071012866998
2,1,3,NaN
3,0,3,NaN
3,0,3,NaN
2,1,3,0.893076864532752
3,0,3,NaN
3,0,3,NaN
3,0,3,NaN
2,1,3,NaN
2,1,3,0.08869205529953894
2,1,3,NaN
2,1,3,0.15921953565114888
2,1,3,NaN
1,2,3,NaN
2,1,3,NaN
3,0,3,NaN
3,0,3,0.8185843942460208
2,1,3,NaN
2,1,3,NaN
1,2,3,NaN
3,0,3,NaN
3,0,3,0.390088581715401
3,0,3,NaN
2,1,3,NaN
3,0,3,0.5757595332036677
2,1,3,NaN
2,1,3,0.20936945520216732
3,0,3,NaN
3,0,3,NaN
1,2,3,NaN
3,0,3,0.893076864532752
2,1,3,NaN
3,0,3,0.34926187684352356
1,2,3,NaN
1,2,3,NaN
3,0,3,NaN
1,2,3,0.8395040133151549
2,1,3,0.6185582093370283
3,0,3,NaN
3,0,3,NaN
1,2,3,0.805954774577224
1,2,3,0.9433412321949546
3,0,3,NaN
3,0,3,NaN
2,1,3,0.531729986764269
2,1,3,NaN
3,0,3,NaN
1,2,3,NaN
2,1,3,NaN
1,2,3,NaN
3,0,3,NaN
3,0,3,NaN
1,2,3,0.6185582093370283
1,2,3,NaN
1,2,3,NaN
2,1,3,NaN
1,2,3,0.5757595332036677
2,1,3,NaN
3,0,3,NaN
1,2,3,NaN
1,2,3,NaN
1,2,3,0.6613966634587408
1,2,3,0.893076864532752
1,2,3,NaN
2,1,3,NaN
1,2,3,0.0569687888815355
2,1,3,0.23998440172325927
1,2,3,0.20936945520216732
3,0,3,0.6990667746156102
1,2,3,NaN
2,1,3,0.8597792096635031
2,1,3,NaN
1,2,3,NaN
3,0,3,NaN
2,1,3,NaN
1,2,3,0.390088581715401
2,1,3,0.6990667746156102
1,2,3,0.31128496075105533
2,1,3,0.03230741676234196
3,0,3,0.9848027522935779
2,1,3,0.8604826944168354
2,1,3,0.23486107655728594
2,1,3,0.0569687888815355
2,1,3,NaN
2,1,3,NaN
2,1,3,NaN
2,1,3,NaN
1,2,3,NaN
3,0,3,NaN
1,2,3,0.9433412321949546
3,0,3,0.6990667746156102
1,2,3,NaN
1,2,3,NaN
3,0,3,NaN
2,1,3,0.7332177371595686
2,1,3,NaN
1,2,3,NaN
2,1,3,NaN
2,1,3,NaN
2,1,3,NaN
3,0,3,NaN
1,2,3,NaN
2,1,3,0.20936945520216732
3,0,3,NaN
3,0,3,0.8185843942460208
1,2,3,NaN
3,0,3,NaN
1,2,3,NaN
2,1,3,NaN
3,0,3,NaN
2,1,3,0.11835585687382275
3,0,3,0.40858950324959725
2,1,3,NaN
3,0,3,NaN
1,2,3,NaN
1,2,3,NaN
2,1,3,NaN
2,1,3,NaN
2,1,3,NaN
1,2,3,0.7332177371595686
3,0,3,NaN
1,2,3,0.009912176912471659
3,0,3,0.5757595332036677
1,2,3,NaN
1,2,3,0.7332177371595686
1,2,3,NaN
3,0,3,NaN
1,2,3,0.12532444304236073
3,0,3,0.1376319999999998
2,1,3,NaN
1,2,3,NaN
3,0,3,NaN
1,2,3,0.6613966634587408
1,2,3,0.1026612005498701
3,0,3,0.43614794933242046
3,0,3,NaN
1,2,3,0.43614794933242046
1,2,3,NaN
2,1,3,0.2736599385245901
2,1,3,NaN
1,2,3,NaN
1,2,3,NaN
1,2,3,NaN
2,1,3,NaN
2,1,3,0.027150137488542374
1,2,3,0.03782247324613561
3,0,3,0.03782247324613561
3,0,3,0.6185582093370283
3,0,3,NaN
3,0,3,0.531729986764269
2,1,3,NaN
2,1,3,NaN
3,0,3,NaN
1,2,3,NaN
3,0,3,NaN
3,0,3,NaN
3,0,3,NaN
2,1,3,NaN
1,2,3,NaN
3,0,3,0.15921953565114888
1,2,3,NaN
2,1,3,NaN
1,2,3,0.6613966634587408
3,0,3,0.8185843942460208
1,2,3,NaN
1,2,3,0.9614248710601718
3,0,3,0.43614794933242046
1,2,3,NaN
1,2,3,NaN
3,0,3,NaN
1,2,3,NaN
3,0,3,NaN
1,2,3,NaN
3,0,3,NaN
2,1,3,NaN
1,2,3,0.7332177371595686
1,2,3,0.3042007367616033
1,2,3,NaN
2,1,3,0.06525587975951877
1,2,3,0.252774055639449
1,2,3,NaN
3,0,3,0.390088581715401
2,1,3,NaN
3,0,3,NaN
2,1,3,NaN
1,2,3,NaN
1,2,3,NaN
2,1,3,0.0569687888815355
3,0,3,NaN
2,1,3,NaN
3,0,3,0.980101638801523
2,1,3,NaN
2,1,3,NaN
2,1,3,0.8185843942460208
2,1,3,NaN
2,1,3,NaN
2,1,3,0.019519080662983124
3,0,3,0.2736599385245901
2,1,3,0.7641629005282548
2,1,3,0.10319781618274643
2,1,3,NaN
2,1,3,NaN
3,0,3,NaN
1,2,3,NaN
2,1,3,0.23998440172325927
2,1,3,NaN
2,1,3,0.6990667746156102
1,2,3,NaN
3,0,3,NaN
2,1,3,NaN
2,1,3,NaN
2,1,3,NaN
1,2,3,NaN
2,1,3,0.08869205529953894
3,0,3,NaN
2,1,3,NaN
1,2,3,0.07633250114228259
1,2,3,0.08869205529953894
3,0,3,0.8395040133151549
3,0,3,NaN
3,0,3,0.9747128701728911
2,1,3,NaN
1,2,3,NaN
3,0,3,NaN
2,1,3,NaN
2,1,3,0.483768449142263
1,2,3,0.9079098270401949
2,1,3,0.43614794933242046
2,1,3,0.0569687888815355
1,2,3,NaN
1,2,3,NaN
2,1,3,0.006082193050191918
2,1,3,NaN
1,2,3,NaN
2,1,3,NaN
2,1,3,0.8395040133151549
2,1,3,0.2736599385245901
1,2,3,NaN
2,1,3,NaN
2,1,3,NaN
3,0,3,0.8185843942460208
1,2,3,NaN
1,2,3,0.6990667746156102
1,2,3,0.8770122193000203
1,2,3,NaN
3,0,3,NaN
2,1,3,NaN
3,0,3,NaN
3,0,3,0.53880703204541
1,2,3,NaN
1,2,3,NaN
3,0,3,NaN
3,0,3,NaN
3,0,3,NaN
1,2,3,NaN
3,0,3,NaN
3,0,3,NaN
1,2,3,0.06525587975951877
2,1,3,NaN
2,1,3,NaN
3,0,3,0.531729986764269
2,1,3,NaN
2,1,3,0.7925166447343686
1,2,3,NaN
1,2,3,NaN
1,2,3,NaN
2,1,3,NaN
2,1,3,NaN
1,2,3,0.009912176912471659
3,0,3,0.7515498364115626
1,2,3,NaN
3,0,3,0.04937587322664477
3,0,3,0.20936945520216732
1,2,3,NaN
3,0,3,NaN
2,1,3,0.8597792096635031
2,1,3,NaN
2,1,3,NaN
1,2,3,NaN
1,2,3,0.9686139634526727
1,2,3,NaN
1,2,3,NaN
2,1,3,NaN
2,1,3,NaN
2,1,3,NaN
1,2,3,NaN
3,0,3,NaN
2,1,3,0.08869205529953894
1,2,3,NaN
2,1,3,NaN
3,0,3,NaN
2,1,3,NaN
3,0,3,0.6613966634587408
3,0,3,0.03782247324613561
2,1,3,NaN
1,2,3,NaN
3,0,3,NaN
1,2,3,NaN
2,1,3,NaN
3,0,3,NaN
1,2,3,0.8597792096635031
3,0,3,NaN
1,2,3,NaN
2,1,3,NaN
2,1,3,NaN
2,1,3,0.9433412321949546
2,1,3,NaN
1,2,3,NaN
3,0,3,NaN
1,2,3,NaN
2,1,3,NaN
2,1,3,NaN
3,0,3,NaN
3,0,3,0.11835585687382275
3,0,3,0.483768449142263
2,1,3,0.6990667746156102
1,2,3,NaN
2,1,3,NaN
3,0,3,NaN
1,2,3,NaN
2,1,3,0.23985002573279326
1,2,3,0.04937587322664477
1,2,3,0.18342590517711166
3,0,3,NaN
2,1,3,0.8770122193000203
3,0,3,NaN
3,0,3,NaN
2,1,3,NaN
3,0,3,NaN
1,2,3,NaN
1,2,3,NaN
3,0,3,0.8770122193000203
1,2,3,NaN
1,2,3,NaN
3,0,3,NaN
3,0,3,0.9433412321949546
2,1,3,NaN
1,2,3,NaN
3,0,3,NaN
2,1,3,0.9079098270401949
1,2,3,NaN
2,1,3,NaN
2,1,3,NaN
3,0,3,NaN
2,1,3,0.980101638801523
2,1,3,NaN
2,1,3,0.2736599385245901
3,0,3,NaN
3,0,3,0.6613966634587408
3,0,3,0.27286419230254233
2,1,3,0.7332177371595686
2,1,3,NaN
2,1,3,0.9079098270401949
3,0,3,NaN
3,0,3,0.1376319999999998
1,2,3,0.9209789316492126
1,2,3,NaN
2,1,3,NaN
1,2,3,NaN
1,2,3,NaN
1,2,3,NaN
3,0,3,0.6185582093370283
1,2,3,0.043199805379105054
2,1,3,0.18342590517711166
2,1,3,0.3627710739850452
3,0,3,NaN
1,2,3,NaN
2,1,3,NaN
3,0,3,NaN
3,0,3,0.34926187684352356
3,0,3,NaN
3,0,3,NaN
2,1,3,0.7332177371595686
1,2,3,NaN
1,2,3,NaN
2,1,3,NaN
2,1,3,NaN
1,2,3,NaN
3,0,3,0.34926187684352356
2,1,3,NaN
3,0,3,NaN
2,1,3,NaN
2,1,3,NaN
1,2,3,NaN
1,2,3,0.9919214683718085
1,2,3,0.6460901235296224
1,2,3,NaN
3,0,3,0.34926187684352356
3,0,3,0.2736599385245901
1,2,3,0.5757595332036677
1,2,3,NaN
2,1,3,NaN
3,0,3,NaN
3,0,3,0.6990667746156102
3,0,3,0.43614794933242046
3,0,3,NaN
2,1,3,NaN
2,1,3,NaN
1,2,3,0.18342590517711166
3,0,3,0.8395040133151549
3,0,3,NaN
3,0,3,NaN
3,0,3,0.31128496075105533
1,2,3,0.5757595332036677
3,0,3,0.2736599385245901
1,2,3,NaN
3,0,3,0.3680062425026455
2,1,3,NaN
1,2,3,0.6613966634587408
2,1,3,0.03782247324613561
1,2,3,NaN
2,1,3,NaN
2,1,3,0.980101638801523
3,0,3,0.08869205529953894
3,0,3,0.6613966634587408
1,2,3,NaN
1,2,3,0.8759648702863084
2,1,3,NaN
2,1,3,NaN
3,0,3,NaN
1,2,3,0.7641629005282548
3,0,3,NaN
1,2,3,NaN
1,2,3,0.027150137488542374
2,1,3,NaN
2,1,3,NaN
3,0,3,0.483768449142263
3,0,3,0.34926187684352356
3,0,3,NaN
1,2,3,NaN
3,0,3,0.31128496075105533
1,2,3,NaN
2,1,3,NaN
3,0,3,NaN
2,1,3,NaN
2,1,3,NaN
2,1,3,NaN
2,1,3,0.390088581715401
2,1,3,NaN
3,0,3,NaN
1,2,3,0.6589290324197254
3,0,3,0.43614794933242046
2,1,3,0.7013346446373245
1,2,3,0.23998440172325927
3,0,3,NaN
3,0,3,0.5757595332036677
3,0,3,NaN
2,1,3,NaN
2,1,3,0.43614794933242046
3,0,3,NaN
3,0,3,NaN
2,1,3,0.31128496075105533
2,1,3,NaN
3,0,3,NaN
1,2,3,NaN
2,1,3,0.08869205529953894
3,0,3,NaN
3,0,3,NaN
3,0,3,NaN
2,1,3,NaN
3,0,3,NaN
1,2,3,NaN
3,0,3,NaN
2,1,3,NaN
1,2,3,0.5757595332036677
2,1,3,0.9848027522935779
3,0,3,0.8770122193000203
2,1,3,0.6613966634587408
2,1,3,NaN
3,0,3,0.483768449142263
1,2,3,NaN
3,0,3,0.483768449142263
3,0,3,NaN
2,1,3,NaN
3,0,3,NaN
1,2,3,0.043199805379105054
1,2,3,NaN
3,0,3,0.34926187684352356
3,0,3,NaN
1,2,3,0.6185582093370283
2,1,3,NaN
1,2,3,0.531729986764269
2,1,3,NaN
2,1,3,NaN
2,1,3,NaN
1,2,3,NaN
3,0,3,0.6613966634587408
2,1,3,NaN
1,2,3,NaN
1,2,3,NaN
1,2,3,NaN
2,1,3,0.893076864532752
2,1,3,0.6185582093370283
3,0,3,NaN
2,1,3,0.483768449142263
3,0,3,NaN
3,0,3,0.7744073833658771
1,2,3,0.2736599385245901
1,2,3,0.6185582093370283
1,2,3,0.7332177371595686
2,1,3,0.8597792096635031
2,1,3,NaN
1,2,3,NaN
2,1,3,NaN
2,1,3,NaN
1,2,3,0.6185582093370283
1,2,3,NaN
1,2,3,0.9686139634526727
1,2,3,NaN
2,1,3,NaN
2,1,3,NaN
2,1,3,NaN
3,0,3,NaN
3,0,3,NaN
3,0,3,0.9209789316492126
3,0,3,NaN
2,1,3,NaN
1,2,3,0.08869205529953894
2,1,3,0.27052359329672515
1,2,3,NaN
1,2,3,NaN
3,0,3,0.23998440172325927
3,0,3,NaN
3,0,3,0.043199805379105054
1,2,3,NaN
1,2,3,NaN
3,0,3,NaN
2,1,3,NaN
3,0,3,NaN
1,2,3,NaN
2,1,3,NaN
2,1,3,0.07633250114228259
1,2,3,NaN
2,1,3,NaN
2,1,3,NaN
1,2,3,NaN
1,2,3,NaN
2,1,3,0.03230741676234196
3,0,3,NaN
1,2,3,NaN
3,0,3,0.6613966634587408
3,0,3,NaN
1,2,3,0.04937587322664477
2,1,3,0.34926187684352356
1,2,3,NaN
2,1,3,0.9079098270401949
3,0,3,NaN
2,1,3,0.483768449142263
2,1,3,NaN
3,0,3,0.9326921332428637
3,0,3,NaN
3,0,3,0.012022118863049316
3,0,3,NaN
3,0,3,NaN
2,1,3,0.483768449142263
1,2,3,NaN
1,2,3,0.9476027095781023
3,0,3,0.2736599385245901
3,0,3,NaN
3,0,3,NaN
1,2,3,NaN
3,0,3,NaN
2,1,3,0.06525587975951877
3,0,3,NaN
2,1,3,0.2736599385245901
1,2,3,NaN
1,2,3,NaN
1,2,3,0.33061066062580785
2,1,3,0.6185582093370283
2,1,3,0.1376319999999998
1,2,3,NaN
2,1,3,NaN
1,2,3,NaN
2,1,3,0.6185582093370283
2,1,3,0.009912176912471659
2,1,3,0.0569687888815355
3,0,3,NaN
1,2,3,0.016627813551177786
2,1,3,NaN
2,1,3,NaN
2,1,3,0.483768449142263
3,0,3,0.1376319999999998
1,2,3,NaN
1,2,3,0.9534153129152887
3,0,3,0.6613966634587408
1,2,3,NaN
2,1,3,NaN
1,2,3,0.8770122193000203
2,1,3,NaN
3,0,3,0.43614794933242046
2,1,3,NaN
2,1,3,NaN
2,1,3,NaN
1,2,3,NaN
3,0,3,NaN
1,2,3,NaN
2,1,3,NaN
3,0,3,NaN
3,0,3,NaN
1,2,3,NaN
2,1,3,NaN
2,1,3,NaN
3,0,3,0.6185582093370283
3,0,3,NaN
3,0,3,NaN
2,1,3,0.16981134953653668
1,2,3,NaN
1,2,3,0.8326271850948991
2,1,3,NaN
2,1,3,0.7925166447343686
1,2,3,NaN
3,0,3,0.1026612005498701
2,1,3,0.9326921332428637
2,1,3,NaN
3,0,3,NaN
2,1,3,NaN
1,2,3,NaN
1,2,3,0.0569687888815355
1,2,3,0.390088581715401
3,0,3,NaN
2,1,3,0.390088581715401
1,2,3,NaN
1,2,3,0.6613966634587408
1,2,3,NaN
1,2,3,NaN
2,1,3,0.7641629005282548
1,2,3,NaN
1,2,3,NaN
1,2,3,NaN
2,1,3,NaN
3,0,3,NaN
3,0,3,NaN
1,2,3,NaN
1,2,3,0.8185843942460208
1,2,3,NaN
1,2,3,NaN
1,2,3,0.6185582093370283
1,2,3,0.6185582093370283
2,1,3,NaN
1,2,3,NaN
1,2,3,0.7925166447343686
2,1,3,NaN
1,2,3,NaN
1,2,3,NaN
1,2,3,NaN
3,0,3,NaN
3,0,3,NaN
2,1,3,0.6185582093370283
2,1,3,NaN
1,2,3,NaN
2,1,3,NaN
3,0,3,0.8185843942460208
1,2,3,0.03230741676234196
3,0,3,NaN
1,2,3,NaN
1,2,3,NaN
1,2,3,NaN
2,1,3,0.9079098270401949
2,1,3,NaN
1,2,3,NaN
3,0,3,NaN
2,1,3,NaN
2,1,3,NaN
3,0,3,NaN
3,0,3,0.8395040133151549
1,2,3,0.1376319999999998
2,1,3,NaN
2,1,3,0.6613966634587408
1,2,3,NaN
1,2,3,NaN
3,0,3,NaN
2,1,3,NaN
3,0,3,NaN
3,0,3,NaN
3,0,3,NaN
2,1,3,NaN
2,1,3,0.18342590517711166
2,1,3,NaN
2,1,3,0.027150137488542374
1,2,3,0.8185843942460208
1,2,3,NaN
3,0,3,NaN
2,1,3,NaN
3,0,3,0.9326921332428637
2,1,3,0.1376319999999998
3,0,3,NaN
3,0,3,0.9433412321949546
3,0,3,0.34926187684352356
1,2,3,NaN
2,1,3,0.11835585687382275
1,2,3,NaN
1,2,3,NaN
3,0,3,NaN
2,1,3,0.43614794933242046
1,2,3,0.6613966634587408
1,2,3,NaN
3,0,3,NaN
1,2,3,0.31128496075105533
1,2,3,NaN
1,2,3,0.531729986764269
1,2,3,NaN
2,1,3,0.531729986764269
1,2,3,NaN
1,2,3,NaN
1,2,3,0.06305214231327554
1,2,3,NaN
2,1,3,NaN
2,1,3,NaN
1,2,3,NaN
2,1,3,NaN
3,0,3,NaN
1,2,3,NaN
1,2,3,0.7641629005282548
2,1,3,0.1026612005498701
1,2,3,0.04554736198289446
1,2,3,NaN
2,1,3,NaN
1,2,3,NaN
1,2,3,NaN
1,2,3,0.6990667746156102
2,1,3,NaN
3,0,3,NaN
1,2,3,NaN
2,1,3,0.8568024491395582
1,2,3,NaN
1,2,3,NaN
3,0,3,0.2736599385245901
1,2,3,NaN
1,2,3,0.483768449142263
1,2,3,NaN
3,0,3,NaN
3,0,3,NaN
1,2,3,0.9209789316492126
1,2,3,NaN
3,0,3,NaN
3,0,3,0.11835585687382275
1,2,3,NaN
2,1,3,NaN
3,0,3,0.11835585687382275
1,2,3,NaN
1,2,3,NaN
3,0,3,0.043199805379105054
3,0,3,NaN
1,2,3,0.31128496075105533
1,2,3,NaN
3,0,3,NaN
3,0,3,NaN
3,0,3,NaN
2,1,3,NaN
2,1,3,0.815198130885064
1,2,3,NaN
3,0,3,NaN
1,2,3,NaN
1,2,3,NaN
3,0,3,NaN
3,0,3,NaN
1,2,3,NaN
3,0,3,NaN
3,0,3,0.1376319999999998
3,0,3,0.6185582093370283
3,0,3,NaN
3,0,3,NaN
3,0,3,NaN
2,1,3,0.5757595332036677
1,2,3,NaN
3,0,3,0.20936945520216732
3,0,3,0.2736599385245901
3,0,3,0.980101638801523
1,2,3,0.18342590517711166
1,2,3,NaN
2,1,3,0.531729986764269
1,2,3,0.06525587975951877
1,2,3,0.9326921332428637
1,2,3,NaN
1,2,3,NaN
1,2,3,NaN
2,1,3,0.390088581715401
2,1,3,0.390088581715401
1,2,3,NaN
2,1,3,NaN
2,1,3,NaN
1,2,3,NaN
2,1,3,0.1376319999999998
2,1,3,0.5317403288724358
1,2,3,NaN
3,0,3,0.08869205529953894
2,1,3,NaN
1,2,3,0.34926187684352356
1,2,3,NaN
3,0,3,NaN
2,1,3,0.7332177371595686
1,2,3,NaN
3,0,3,NaN
3,0,3,0.06525587975951877
1,2,3,NaN
1,2,3,NaN
1,2,3,NaN
3,0,3,0.34926187684352356
2,1,3,NaN
1,2,3,0.2736599385245901
3,0,3,NaN
2,1,3,NaN
1,2,3,NaN
1,2,3,NaN
2,1,3,NaN
3,0,3,NaN
1,2,3,0.8770122193000203
1,2,3,0.07633250114228259
1,2,3,NaN
1,2,3,0.8185843942460208
2,1,3,NaN
2,1,3,NaN
2,1,3,0.483768449142263
1,2,3,0.531729986764269
3,0,3,NaN
3,0,3,NaN
3,0,3,NaN
1,2,3,NaN
2,1,3,0.7467471684436118
1,2,3,NaN
1,2,3,NaN
1,2,3,NaN
1,2,3,NaN
2,1,3,0.11219841607100062
3,0,3,0.11835585687382275
3,0,3,NaN
1,2,3,0.390088581715401
1,2,3,NaN
2,1,3,NaN
1,2,3,NaN
1,2,3,NaN
3,0,3,0.26563510148309083
1,2,3,0.5184102444612555
2,1,3,0.997576379207803
1,2,3,0.7641629005282548
2,1,3,NaN
2,1,3,NaN
1,2,3,0.9209789316492126
2,1,3,NaN
3,0,3,0.7332177371595686
2,1,3,NaN
2,1,3,NaN
2,1,3,NaN
2,1,3,0.390088581715401
2,1,3,0.20936945520216732
2,1,3,NaN
1,2,3,NaN
1,2,3,NaN
1,2,3,NaN
1,2,3,NaN
1,2,3,0.2736599385245901
2,1,3,NaN
2,1,3,0.0569687888815355
3,0,3,NaN
1,2,3,0.1026612005498701
2,1,3,NaN
2,1,3,0.9534153129152887
3,0,3,NaN
1,2,3,NaN
1,2,3,NaN
1,2,3,NaN
2,1,3,NaN
1,2,3,NaN
3,0,3,NaN
3,0,3,NaN
3,0,3,NaN
1,2,3,0.23998440172325927
1,2,3,NaN
3,0,3,NaN
3,0,3,0.04937587322664477
2,1,3,0.5757595332036677
1,2,3,NaN
3,0,3,NaN
1,2,3,NaN
1,2,3,NaN
3,0,3,NaN
3,0,3,NaN
1,2,3,NaN
1,2,3,NaN
1,2,3,NaN
2,1,3,NaN
1,2,3,NaN
1,2,3,NaN
1,2,3,NaN
1,2,3,NaN
1,2,3,NaN
1,2,3,NaN
3,0,3,NaN
1,2,3,NaN
1,2,3,NaN
1,2,3,NaN
2,1,3,NaN
1,2,3,0.531729986764269
2,1,3,NaN
3,0,3,0.5757595332036677
1,2,3,NaN
1,2,3,NaN
3,0,3,0.5763309333349705
3,0,3,NaN
1,2,3,0.18342590517711166
2,1,3,NaN
2,1,3,NaN
1,2,3,0.8395040133151549
2,1,3,NaN
2,1,3,NaN
1,2,3,NaN
2,1,3,0.2736599385245901
1,2,3,NaN
2,1,3,NaN
2,1,3,0.00012121104848786498
1,2,3,NaN
3,0,3,0.9079098270401949
1,2,3,NaN
1,2,3,NaN
3,0,3,0.8597792096635031
3,0,3,NaN
3,0,3,NaN
1,2,3,NaN
1,2,3,NaN
2,1,3,NaN
3,0,3,NaN
2,1,3,NaN
1,2,3,NaN
2,1,3,0.7332177371595686
1,2,3,0.4854305109892262
1,2,3,0.7332177371595686
1,2,3,NaN
2,1,3,NaN
3,0,3,NaN
3,0,3,NaN
2,1,3,NaN
1,2,3,NaN
1,2,3,0.06525587975951877
1,2,3,NaN
2,1,3,0.43614794933242046
1,2,3,NaN
3,0,3,NaN
1,2,3,NaN
1,2,3,0.49461382459190767
1,2,3,NaN
1,2,3,NaN
2,1,3,NaN
2,1,3,NaN
1,2,3,NaN
2,1,3,NaN
2,1,3,0.7925166447343686
2,1,3,NaN
2,1,3,NaN
1,2,3,NaN
2,1,3,NaN
3,0,3,0.483768449142263
3,0,3,NaN
2,1,3,NaN
2,1,3,NaN
2,1,3,NaN
1,2,3,NaN
1,2,3,NaN
1,2,3,NaN
2,1,3,0.08889028994681433
1,2,3,NaN
1,2,3,NaN
2,1,3,0.43614794933242046
2,1,3,0.893076864532752
1,2,3,0.08869205529953894
2,1,3,NaN
1,2,3,NaN
1,2,3,NaN
1,2,3,0.34926187684352356
2,1,3,NaN
2,1,3,NaN
1,2,3,0.1376319999999998
2,1,3,NaN
1,2,3,NaN
3,0,3,NaN
2,1,3,NaN
3,0,3,0.6185582093370283
1,2,3,NaN
1,2,3,NaN
1,2,3,0.6613966634587408
2,1,3,NaN
2,1,3,NaN
3,0,3,NaN
1,2,3,NaN
1,2,3,0.06525587975951877
1,2,3,0.43577762349235377
1,2,3,NaN
2,1,3,NaN
3,0,3,0.7332177371595686
2,1,3,NaN
2,1,3,0.7681398714099498
1,2,3,NaN
1,2,3,0.9433412321949546
1,2,3,NaN
1,2,3,0.7383757710176887
3,0,3,0.6990667746156102
1,2,3,NaN
1,2,3,0.15921953565114888
2,1,3,0.1026612005498701
2,1,3,NaN
2,1,3,NaN
1,2,3,NaN
1,2,3,0.20936945520216732
1,2,3,NaN
2,1,3,NaN
2,1,3,NaN
2,1,3,0.6613966634587408
3,0,3,NaN
3,0,3,0.004989612249637094
2,1,3,NaN
3,0,3,NaN
1,2,3,0.23998440172325927
2,1,3,NaN
1,2,3,NaN
3,0,3,NaN
2,1,3,NaN
1,2,3,NaN
2,1,3,NaN
2,1,3,0.34926187684352356
1,2,3,0.43614794933242046
1,2,3,NaN
3,0,3,NaN
2,1,3,NaN
1,2,3,NaN
1,2,3,NaN
3,0,3,NaN
2,1,3,NaN
2,1,3,0.8770122193000203
3,0,3,0.2736599385245901
3,0,3,0.34926187684352356
2,1,3,0.9433412321949546
1,2,3,NaN
1,2,3,0.21201484474494117
1,2,3,0.5825272282964099
2,1,3,0.7641629005282548
1,2,3,NaN
2,1,3,NaN
3,0,3,0.43577762349235377
3,0,3,0.43614794933242046
2,1,3,NaN
3,0,3,NaN
1,2,3,NaN
2,1,3,NaN
2,1,3,0.34926187684352356
1,2,3,NaN
2,1,3,NaN
1,2,3,NaN
3,0,3,NaN
3,0,3,NaN
2,1,3,NaN
1,2,3,0.9079098270401949
1,2,3,NaN
3,0,3,0.9686139634526727
1,2,3,NaN
2,1,3,NaN
2,1,3,NaN
1,2,3,NaN
1,2,3,NaN
2,1,3,NaN
1,2,3,NaN
3,0,3,NaN
3,0,3,0.8770122193000203
3,0,3,NaN
1,2,3,NaN
1,2,3,NaN
3,0,3,0.0008739727298772794
2,1,3,NaN
2,1,3,0.6990667746156102
1,2,3,0.6613966634587408
1,2,3,0.483768449142263
2,1,3,NaN
1,2,3,NaN
1,2,3,NaN
3,0,3,NaN
1,2,3,NaN
1,2,3,0.390088581715401
1,2,3,NaN
2,1,3,NaN
1,2,3,NaN
1,2,3,NaN
1,2,3,NaN
2,1,3,0.6185582093370283
1,2,3,NaN
1,2,3,NaN
3,0,3,0.483768449142263
2,1,3,NaN
2,1,3,NaN
1,2,3,0.883166405380256
2,1,3,0.14609100850329587
3,0,3,NaN
2,1,3,0.8597792096635031
2,1,3,NaN
1,2,3,0.0569687888815355
3,0,3,NaN
2,1,3,NaN
1,2,3,NaN
3,0,3,0.8597792096635031
3,0,3,NaN
2,1,3,NaN
1,2,3,0.1376319999999998
3,0,3,0.6990667746156102
3,0,3,0.011500813891183487
2,1,3,NaN
2,1,3,0.8185843942460208
3,0,3,0.8395040133151549
3,0,3,NaN
1,2,3,NaN
1,2,3,NaN
3,0,3,NaN
2,1,3,0.6990667746156102
1,2,3,NaN
1,2,3,NaN
1,2,3,NaN
1,2,3,NaN
2,1,3,NaN
1,2,3,NaN
2,1,3,NaN
1,2,3,NaN
3,0,3,NaN
1,2,3,NaN
1,2,3,NaN
2,1,3,NaN
1,2,3,0.15921953565114888
1,2,3,NaN
1,2,3,NaN
1,2,3,NaN
1,2,3,NaN
3,0,3,NaN
2,1,3,0.9209789316492126
1,2,3,NaN
1,2,3,NaN
2,1,3,NaN
2,1,3,NaN
3,0,3,0.9433412321949546
2,1,3,NaN
1,2,3,0.23998440172325927
1,2,3,0.9686139634526727
1,2,3,NaN
3,0,3,NaN
1,2,3,0.009912176912471659
2,1,3,NaN
1,2,3,0.6990667746156102
1,2,3,NaN
1,2,3,0.1376319999999998
2,1,3,NaN
3,0,3,0.8770122193000203
3,0,3,0.6185582093370283
2,1,3,NaN
2,1,3,NaN
2,1,3,NaN
1,2,3,NaN
1,2,3,NaN
1,2,3,0.390088581715401
1,2,3,0.980101638801523
1,2,3,NaN
1,2,3,NaN
1,2,3,0.893076864532752
1,2,3,0.000584967414917312
2,1,3,0.9534153129152887
3,0,3,NaN
2,1,3,0.8770122193000203
2,1,3,NaN
1,2,3,NaN
1,2,3,0.390088581715401
2,1,3,NaN
2,1,3,NaN
1,2,3,NaN
2,1,3,NaN
1,2,3,NaN
1,2,3,0.15921953565114888
2,1,3,NaN
1,2,3,NaN
2,1,3,NaN
1,2,3,NaN
2,1,3,NaN
1,2,3,NaN
2,1,3,NaN
3,0,3,NaN
1,2,3,0.31128496075105533
1,2,3,NaN
1,2,3,NaN
2,1,3,0.531729986764269
1,2,3,NaN
1,2,3,NaN
3,0,3,NaN
2,1,3,NaN
1,2,3,0.893076864532752
2,1,3,NaN
1,2,3,NaN
2,1,3,0.483768449142263
1,2,3,NaN
2,1,3,0.34926187684352356
1,2,3,NaN
1,2,3,NaN
2,1,3,0.31128496075105533
2,1,3,NaN
2,1,3,NaN
1,2,3,0.8395040133151549
2,1,3,NaN
1,2,3,0.6990667746156102
1,2,3,0.20936945520216732
2,1,3,NaN
2,1,3,0.43614794933242046
1,2,3,0.23998440172325927
3,0,3,NaN
2,1,3,NaN
3,0,3,0.6053452527694343
3,0,3,NaN
2,1,3,0.7641629005282548
1,2,3,NaN
1,2,3,NaN
1,2,3,NaN
2,1,3,NaN
3,0,3,NaN
2,1,3,NaN
1,2,3,NaN
1,2,3,NaN
2,1,3,NaN
3,0,3,NaN
1,2,3,NaN
1,2,3,0.9940320922471844
1,2,3,NaN
2,1,3,NaN
1,2,3,NaN
3,0,3,NaN
1,2,3,NaN
2,1,3,NaN
1,2,3,0.1376319999999998
1,2,3,NaN
1,2,3,NaN
2,1,3,NaN
2,1,3,NaN
1,2,3,0.6613966634587408
2,1,3,NaN
1,2,3,NaN
2,1,3,0.043199805379105054
1,2,3,NaN
1,2,3,0.9433412321949546
1,2,3,0.04187338623119312
2,1,3,NaN
1,2,3,0.7332177371595686
1,2,3,NaN
3,0,3,NaN
1,2,3,NaN
1,2,3,0.2969173985655673
1,2,3,NaN
1,2,3,0.7931247273325563
3,0,3,NaN
1,2,3,NaN
3,0,3,NaN
2,1,3,0.043199805379105054
1,2,3,0.9433412321949546
2,1,3,NaN
2,1,3,NaN
3,0,3,NaN
1,2,3,0.5572987987043851
1,2,3,NaN
1,2,3,0.9433412321949546
1,2,3,NaN
2,1,3,NaN
2,1,3,0.9326921332428637
1,2,3,0.832286922988668
1,2,3,0.6613966634587408
2,1,3,NaN
2,1,3,NaN
1,2,3,NaN
1,2,3,0.20936945520216732
1,2,3,NaN
2,1,3,0.03782247324613561
3,0,3,NaN
1,2,3,0.6990667746156102
2,1,3,NaN
1,2,3,0.8266459162027727
2,1,3,NaN
1,2,3,0.9079098270401949
2,1,3,NaN
1,2,3,NaN
1,2,3,NaN
3,0,3,NaN
1,2,3,NaN
2,1,3,NaN
2,1,3,0.9534153129152887
3,0,3,NaN
2,1,3,NaN
1,2,3,NaN
2,1,3,0.1026612005498701
1,2,3,0.6990667746156102
2,1,3,NaN
2,1,3,NaN
1,2,3,NaN
1,2,3,NaN
3,0,3,0.7641629005282548
3,0,3,NaN
1,2,3,NaN
2,1,3,0.15921953565114888
1,2,3,NaN
1,2,3,NaN
1,2,3,NaN
1,2,3,NaN
3,0,3,0.02497084817792613
1,2,3,NaN
1,2,3,NaN
1,2,3,NaN
1,2,3,NaN
1,2,3,NaN
2,1,3,NaN
1,2,3,0.893076864532752
2,1,3,NaN
3,0,3,NaN
3,0,3,NaN
3,0,3,NaN
1,2,3,NaN
1,2,3,NaN
1,2,3,0.2736599385245901
1,2,3,NaN
1,2,3,NaN
2,1,3,0.14000969642532812
3,0,3,NaN
1,2,3,0.483768449142263
1,2,3,0.483768449142263
2,1,3,NaN
1,2,3,0.8770122193000203
1,2,3,NaN
1,2,3,NaN
1,2,3,NaN
2,1,3,0.20936945520216732
1,2,3,NaN
2,1,3,0.31128496075105533
1,2,3,NaN
2,1,3,NaN
1,2,3,NaN
2,1,3,NaN
2,1,3,NaN
2,1,3,NaN
1,2,3,0.8597792096635031
2,1,3,NaN
1,2,3,NaN
1,2,3,NaN
1,2,3,NaN
1,2,3,NaN
1,2,3,0.9433412321949546
1,2,3,NaN
1,2,3,NaN
2,1,3,0.9326921332428637
1,2,3,NaN
1,2,3,NaN
1,2,3,NaN
1,2,3,0.00829404517453861
1,2,3,NaN
1,2,3,0.390088581715401
2,1,3,NaN
1,2,3,NaN
1,2,3,NaN
3,0,3,NaN
3,0,3,NaN
1,2,3,0.9209789316492126
2,1,3,NaN
2,1,3,NaN
1,2,3,NaN
2,1,3,0.390088581715401
1,2,3,NaN
1,2,3,NaN
1,2,3,0.06525587975951877
1,2,3,0.07633250114228259
1,2,3,NaN
2,1,3,NaN
1,2,3,NaN
2,1,3,NaN
1,2,3,0.7925166447343686
2,1,3,0.531729986764269
1,2,3,NaN
1,2,3,NaN
1,2,3,NaN
2,1,3,NaN
1,2,3,0.11835585687382275
2,1,3,NaN
1,2,3,0.34926187684352356
2,1,3,NaN
1,2,3,0.6613966634587408
3,0,3,NaN
3,0,3,0.8597792096635031
1,2,3,NaN
2,1,3,NaN
1,2,3,NaN
1,2,3,0.7641629005282548
1,2,3,NaN
2,1,3,NaN
1,2,3,NaN
1,2,3,NaN
1,2,3,NaN
1,2,3,NaN
2,1,3,NaN
2,1,3,0.009912176912471659
1,2,3,NaN
2,1,3,NaN
1,2,3,NaN
3,0,3,NaN
1,2,3,0.483768449142263
1,2,3,NaN
3,0,3,0.016627813551177786
1,2,3,NaN
1,2,3,NaN
2,1,3,NaN
1,2,3,NaN
1,2,3,NaN
2,1,3,0.8597792096635031
1,2,3,NaN
1,2,3,NaN
1,2,3,NaN
2,1,3,NaN
1,2,3,NaN
1,2,3,NaN
3,0,3,0.893076864532752
1,2,3,0.893076864532752
2,1,3,0.31128496075105533
1,2,3,NaN
1,2,3,0.5757595332036677
1,2,3,0.6990667746156102
1,2,3,NaN
1,2,3,NaN
2,1,3,0.7925166447343686
1,2,3,NaN
2,1,3,NaN
1,2,3,0.8395040133151549
2,1,3,NaN
1,2,3,0.012536764383031446
2,1,3,0.20936945520216732
1,2,3,0.8597792096635031
2,1,3,NaN
3,0,3,NaN
1,2,3,0.8770122193000203
2,1,3,0.6613966634587408
1,2,3,NaN
2,1,3,NaN
1,2,3,0.00829404517453861
1,2,3,NaN
1,2,3,0.5757595332036677
1,2,3,0.9433412321949546
1,2,3,0.980101638801523
1,2,3,0.2736599385245901
1,2,3,0.22129177276859088
2,1,3,NaN
1,2,3,NaN
1,2,3,NaN
1,2,3,0.1393577184725996
1,2,3,0.18342590517711166
1,2,3,NaN
2,1,3,0.31128496075105533
1,2,3,0.7332177371595686
1,2,3,NaN
1,2,3,0.9747128701728911
3,0,3,NaN
1,2,3,NaN
1,2,3,NaN
1,2,3,0.893076864532752
3,0,3,NaN
1,2,3,NaN
1,2,3,0.23998440172325927
3,0,3,NaN
2,1,3,0.15526319577877584
2,1,3,NaN
1,2,3,0.23998440172325927
3,0,3,NaN
1,2,3,NaN
1,2,3,NaN
2,1,3,NaN
2,1,3,NaN
1,2,3,NaN
2,1,3,0.6185582093370283
1,2,3,NaN
1,2,3,0.8770122193000203
1,2,3,NaN
3,0,3,0.9081202508641154
1,2,3,NaN
1,2,3,0.20936945520216732
2,1,3,0.20936945520216732
1,2,3,NaN
1,2,3,NaN
1,2,3,NaN
2,1,3,0.08869205529953894
2,1,3,NaN
2,1,3,0.08869205529953894
1,2,3,NaN
1,2,3,NaN
1,2,3,NaN
1,2,3,0.390088581715401
2,1,3,NaN
1,2,3,NaN
1,2,3,NaN
2,1,3,0.1026612005498701
1,2,3,0.5605686154146111
1,2,3,NaN
1,2,3,0.08869205529953894
2,1,3,NaN
1,2,3,NaN
2,1,3,0.7925166447343686
1,2,3,NaN
3,0,3,NaN
1,2,3,0.1376319999999998
3,0,3,NaN
1,2,3,NaN
1,2,3,NaN
1,2,3,NaN
1,2,3,0.00012455474915432484
1,2,3,NaN
2,1,3,0.03782247324613561
3,0,3,0.20936945520216732
3,0,3,NaN
1,2,3,0.06525587975951877
1,2,3,NaN
2,1,3,0.9747128701728911
2,1,3,0.6185582093370283
1,2,3,0.014302811501596825
2,1,3,0.0569687888815355
1,2,3,0.6990667746156102
2,1,3,NaN
1,2,3,NaN
3,0,3,0.9209789316492126
1,2,3,0.6185582093370283
1,2,3,0.1026612005498701
2,1,3,NaN
1,2,3,NaN
1,2,3,NaN
2,1,3,NaN
1,2,3,0.9326921332428637
3,0,3,NaN
1,2,3,NaN
1,2,3,0.0569687888815355
1,2,3,NaN
2,1,3,NaN
2,1,3,NaN
2,1,3,0.03230741676234196
1,2,3,NaN
1,2,3,NaN
1,2,3,NaN
2,1,3,NaN
3,0,3,NaN
2,1,3,NaN
2,1,3,0.9079098270401949
2,1,3,NaN
1,2,3,0.6613966634587408
2,1,3,NaN
1,2,3,NaN
1,2,3,NaN
1,2,3,NaN
1,2,3,NaN
1,2,3,NaN
1,2,3,NaN
1,2,3,NaN
2,1,3,0.6613966634587408
1,2,3,0.03782247324613561
1,2,3,NaN
1,2,3,0.7641629005282548
2,1,3,0.6185582093370283
1,2,3,NaN
1,2,3,NaN
3,0,3,NaN
2,1,3,0.8597792096635031
2,1,3,NaN
1,2,3,NaN
1,2,3,NaN
1,2,3,NaN
2,1,3,0.390088581715401
1,2,3,NaN
2,1,3,NaN
2,1,3,0.531729986764269
1,2,3,NaN
1,2,3,NaN
1,2,3,0.20936945520216732
2,1,3,NaN
3,0,3,0.7332177371595686
1,2,3,0.8395040133151549
3,0,3,NaN
1,2,3,NaN
1,2,3,NaN
2,1,3,NaN
1,2,3,NaN
3,0,3,NaN
1,2,3,NaN
1,2,3,NaN
2,1,3,NaN
2,1,3,NaN
1,2,3,0.6185582093370283
1,2,3,NaN
2,1,3,0.9326921332428637
1,2,3,0.4573189871059706
1,2,3,NaN
2,1,3,0.6613966634587408
1,2,3,NaN
1,2,3,NaN
1,2,3,0.2736599385245901
1,2,3,0.6990667746156102
1,2,3,0.07633250114228259
1,2,3,NaN
2,1,3,NaN
1,2,3,NaN
1,2,3,NaN
1,2,3,NaN
1,2,3,0.7925166447343686
2,1,3,NaN
1,2,3,NaN
3,0,3,NaN
1,2,3,NaN
1,2,3,0.6794756735674712
1,2,3,NaN
1,2,3,NaN
1,2,3,NaN
1,2,3,NaN
1,2,3,NaN
1,2,3,0.6990667746156102
1,2,3,NaN
2,1,3,NaN
2,1,3,NaN
1,2,3,NaN
1,2,3,NaN
1,2,3,NaN
2,1,3,NaN
1,2,3,NaN
1,2,3,NaN
1,2,3,0.7641629005282548
2,1,3,NaN
1,2,3,0.2736599385245901
2,1,3,0.6990667746156102
1,2,3,NaN
2,1,3,0.06525587975951877
1,2,3,NaN
2,1,3,NaN
2,1,3,0.6185582093370283
3,0,3,0.027150137488542374
2,1,3,NaN
1,2,3,NaN
1,2,3,NaN
1,2,3,NaN
1,2,3,NaN
1,2,3,0.9433412321949546
2,1,3,0.390088581715401
1,2,3,0.9534153129152887
1,2,3,NaN
1,2,3,NaN
1,2,3,0.8185843942460208
1,2,3,NaN
1,2,3,NaN
1,2,3,NaN
1,2,3,NaN
2,1,3,NaN
1,2,3,0.6613966634587408
1,2,3,0.8185843942460208
1,2,3,NaN
2,1,3,NaN
1,2,3,NaN
2,1,3,NaN
1,2,3,0.9079098270401949
1,2,3,NaN
2,1,3,NaN
1,2,3,NaN
2,1,3,0.5757595332036677
1,2,3,0.9326921332428637
1,2,3,0.6185582093370283
1,2,3,NaN
1,2,3,0.7925166447343686
1,2,3,NaN
1,2,3,NaN
2,1,3,NaN
2,1,3,0.5757595332036677
2,1,3,NaN
1,2,3,0.1026612005498701
1,2,3,NaN
1,2,3,NaN
1,2,3,NaN
3,0,3,0.34926187684352356
2,1,3,NaN
2,1,3,0.483768449142263
2,1,3,NaN
1,2,3,0.8185843942460208
2,1,3,NaN
2,1,3,NaN
1,2,3,NaN
1,2,3,NaN
3,0,3,0.8185843942460208
2,1,3,0.9848027522935779
1,2,3,NaN
1,2,3,NaN
1,2,3,0.5757595332036677
2,1,3,0.6990667746156102
2,1,3,0.8185843942460208
1,2,3,NaN
1,2,3,0.5419358181341635
1,2,3,NaN
1,2,3,NaN
1,2,3,0.04937587322664477
1,2,3,NaN
1,2,3,NaN
1,2,3,NaN
1,2,3,NaN
1,2,3,0.1376319999999998
1,2,3,NaN
1,2,3,0.8597792096635031
1,2,3,NaN
1,2,3,NaN
1,2,3,NaN
1,2,3,NaN
2,1,3,0.0569687888815355
1,2,3,NaN
3,0,3,0.2736599385245901
1,2,3,NaN
1,2,3,NaN
1,2,3,NaN
1,2,3,NaN
1,2,3,NaN
2,1,3,NaN
1,2,3,NaN
2,1,3,0.7925166447343686
1,2,3,0.08869205529953894
1,2,3,NaN
1,2,3,NaN
1,2,3,0.6613966634587408
1,2,3,0.15921953565114888
2,1,3,NaN
2,1,3,0.5757595332036677
1,2,3,0.9433412321949546
1,2,3,0.483768449142263
1,2,3,NaN
1,2,3,NaN
2,1,3,0.5757595332036677
1,2,3,NaN
1,2,3,NaN
2,1,3,0.6185582093370283
2,1,3,NaN
2,1,3,NaN
1,2,3,NaN
1,2,3,NaN
1,2,3,NaN
1,2,3,NaN
1,2,3,0.390088581715401
1,2,3,NaN
1,2,3,NaN
1,2,3,NaN
1,2,3,NaN
1,2,3,NaN
1,2,3,NaN
1,2,3,NaN
1,2,3,0.43614794933242046
1,2,3,NaN
1,2,3,0.8395040133151549
1,2,3,0.7332177371595686
1,2,3,NaN
1,2,3,NaN
2,1,3,0.7641629005282548
1,2,3,NaN
1,2,3,NaN
2,1,3,NaN
2,1,3,NaN
3,0,3,NaN
1,2,3,NaN
1,2,3,NaN
1,2,3,0.15921953565114888
1,2,3,NaN
1,2,3,NaN
2,1,3,NaN
1,2,3,NaN
1,2,3,NaN
1,2,3,NaN
1,2,3,NaN
1,2,3,NaN
1,2,3,NaN
1,2,3,NaN
1,2,3,NaN
1,2,3,0.9001340391444834
1,2,3,0.6990667746156102
1,2,3,NaN
2,1,3,0.9534153129152887
1,2,3,NaN
2,1,3,0.34926187684352356
2,1,3,NaN
2,1,3,NaN
1,2,3,0.483768449142263
2,1,3,NaN
2,1,3,NaN
1,2,3,NaN
1,2,3,NaN
1,2,3,0.34926187684352356
1,2,3,NaN
3,0,3,NaN
1,2,3,NaN
2,1,3,NaN
1,2,3,0.390088581715401
1,2,3,0.6990667746156102
1,2,3,NaN
1,2,3,NaN
1,2,3,0.04728957342207982
1,2,3,0.997576379207803
1,2,3,0.7925166447343686
1,2,3,NaN
1,2,3,NaN
1,2,3,NaN
2,1,3,0.019519080662983124
1,2,3,0.5757595332036677
3,0,3,NaN
1,2,3,NaN
1,2,3,NaN
3,0,3,0.7332177371595686
1,2,3,0.6613966634587408
1,2,3,NaN
1,2,3,0.7925166447343686
2,1,3,NaN
1,2,3,NaN
1,2,3,NaN
1,2,3,NaN
1,2,3,NaN
1,2,3,NaN
1,2,3,NaN
1,2,3,NaN
1,2,3,0.1026612005498701
2,1,3,NaN
1,2,3,NaN
1,2,3,NaN
1,2,3,0.9433412321949546
2,1,3,0.03230741676234196
1,2,3,NaN
1,2,3,NaN
1,2,3,0.7925166447343686
1,2,3,0.7832181437749932
1,2,3,0.8395040133151549
2,1,3,NaN
1,2,3,0.20936945520216732
1,2,3,NaN
2,1,3,NaN
3,0,3,NaN
1,2,3,NaN
2,1,3,NaN
1,2,3,0.9079098270401949
1,2,3,NaN
2,1,3,0.5757595332036677
1,2,3,0.1376319999999998
1,2,3,0.06525587975951877
1,2,3,0.390088581715401
1,2,3,NaN
1,2,3,NaN
1,2,3,NaN
1,2,3,0.2736599385245901
1,2,3,0.531729986764269
1,2,3,NaN
1,2,3,0.20936945520216732
1,2,3,0.9209789316492126
1,2,3,0.7332177371595686
1,2,3,0.022788573734112794
2,1,3,NaN
1,2,3,NaN
1,2,3,NaN
1,2,3,0.893076864532752
2,1,3,0.31128496075105533
1,2,3,0.019519080662983124
1,2,3,0.483768449142263
3,0,3,NaN
1,2,3,NaN
2,1,3,NaN
1,2,3,0.7925166447343686
1,2,3,NaN
1,2,3,0.2736599385245901
2,1,3,0.531729986764269
1,2,3,5.751042419114696e-8
1,2,3,0.38610205560655736
2,1,3,NaN
1,2,3,NaN
1,2,3,NaN
1,2,3,NaN
1,2,3,NaN
2,1,3,NaN
1,2,3,0.6613966634587408
2,1,3,0.6990667746156102
1,2,3,NaN
1,2,3,NaN
1,2,3,NaN
1,2,3,NaN
1,2,3,NaN
1,2,3,NaN
1,2,3,0.9534153129152887
1,2,3,NaN
1,2,3,NaN
1,2,3,NaN
1,2,3,0.9403527389860276
1,2,3,NaN
1,2,3,NaN
1,2,3,NaN
1,2,3,NaN
1,2,3,NaN
1,2,3,0.7001014360319854
1,2,3,NaN
2,1,3,0.531729986764269
2,1,3,0.6990667746156102
1,2,3,NaN
1,2,3,NaN
1,2,3,NaN
1,2,3,NaN
1,2,3,NaN
3,0,3,NaN
1,2,3,NaN
1,2,3,NaN
2,1,3,NaN
1,2,3,0.014302811501596825
1,2,3,NaN
1,2,3,NaN
1,2,3,NaN
1,2,3,NaN
2,1,3,NaN
1,2,3,NaN
1,2,3,0.483768449142263
1,2,3,NaN
1,2,3,NaN
3,0,3,NaN
1,2,3,NaN
1,2,3,NaN
1,2,3,NaN
2,1,3,0.20936945520216732
1,2,3,0.20936945520216732
3,0,3,NaN
1,2,3,NaN
1,2,3,NaN
1,2,3,NaN
2,1,3,NaN
1,2,3,0.9079098270401949
1,2,3,0.8395040133151549
1,2,3,NaN
1,2,3,NaN
1,2,3,NaN
2,1,3,NaN
1,2,3,NaN
1,2,3,NaN
2,1,3,NaN
1,2,3,0.1026612005498701
1,2,3,NaN
2,1,3,0.016627813551177786
1,2,3,0.5757595332036677
2,1,3,0.6613966634587408
1,2,3,NaN
1,2,3,0.7332177371595686
1,2,3,NaN
1,2,3,NaN
3,0,3,NaN
1,2,3,0.531729986764269
1,2,3,NaN
1,2,3,NaN
1,2,3,NaN
1,2,3,NaN
1,2,3,0.43614794933242046
1,2,3,NaN
1,2,3,0.012022118863049316
1,2,3,NaN
1,2,3,NaN
1,2,3,0.483768449142263
1,2,3,NaN
1,2,3,NaN
1,2,3,NaN
1,2,3,NaN
1,2,3,NaN
1,2,3,NaN
1,2,3,NaN
2,1,3,NaN
1,2,3,0.6185582093370283
1,2,3,NaN
1,2,3,NaN
1,2,3,NaN
1,2,3,0.6990667746156102
1,2,3,NaN
1,2,3,NaN
1,2,3,NaN
2,1,3,NaN
1,2,3,0.7832181437749932
1,2,3,0.6990667746156102
1,2,3,0.8395040133151549
2,1,3,NaN
1,2,3,NaN
1,2,3,0.23998440172325927
1,2,3,NaN
1,2,3,NaN
1,2,3,NaN
1,2,3,NaN
2,1,3,NaN
1,2,3,NaN
1,2,3,NaN
2,1,3,NaN
1,2,3,NaN
1,2,3,NaN
1,2,3,NaN
1,2,3,0.8770122193000203
1,2,3,0.6613966634587408
1,2,3,NaN
1,2,3,0.34926187684352356
1,2,3,NaN
1,2,3,0.5757595332036677
1,2,3,NaN
1,2,3,NaN
2,1,3,0.20936945520216732
1,2,3,NaN
1,2,3,NaN
1,2,3,NaN
1,2,3,NaN
1,2,3,NaN
2,1,3,0.7332177371595686
1,2,3,0.6185582093370283
1,2,3,NaN
1,2,3,0.7641629005282548
1,2,3,NaN
1,2,3,0.6990667746156102
1,2,3,NaN
1,2,3,NaN
1,2,3,0.5757595332036677
1,2,3,NaN
1,2,3,NaN
1,2,3,0.9158892192361244
2,1,3,NaN
1,2,3,NaN
1,2,3,NaN
1,2,3,0.23998440172325927
1,2,3,NaN
1,2,3,NaN
1,2,3,NaN
1,2,3,NaN
1,2,3,NaN
1,2,3,0.11835585687382275
1,2,3,NaN
1,2,3,NaN
1,2,3,NaN
1,2,3,NaN
1,2,3,NaN
1,2,3,0.1376319999999998
1,2,3,NaN
2,1,3,NaN
1,2,3,NaN
1,2,3,NaN
1,2,3,NaN
1,2,3,NaN
1,2,3,0.07633250114228259
1,2,3,0.008783143690565631
1,2,3,NaN
2,1,3,0.9079098270401949
1,2,3,NaN
1,2,3,NaN
1,2,3,0.7925166447343686
0,3,3,NaN
0,3,3,NaN
0,3,3,0.21488827027944815
0,3,3,NaN
0,3,3,0.1376319999999998
0,3,3,0.6990667746156102
0,3,3,0.7641629005282548
0,3,3,NaN
0,3,3,NaN
0,3,3,NaN
0,3,3,NaN
0,3,3,NaN
0,3,3,NaN
0,3,3,NaN
0,3,3,NaN
0,3,3,NaN
0,3,3,NaN
0,3,3,NaN
0,3,3,NaN
0,3,3,NaN
0,3,3,NaN
0,3,3,NaN
0,3,3,NaN
0,3,3,0.08869205529953894
0,3,3,NaN
0,3,3,NaN
0,3,3,NaN
0,3,3,NaN
0,3,3,NaN
0,3,3,NaN
0,3,3,NaN
0,3,3,0.43614794933242046
0,3,3,NaN
0,3,3,0.6990667746156102
0,3,3,NaN
0,3,3,NaN
0,3,3,NaN
0,3,3,NaN
0,3,3,NaN
0,3,3,0.9115800357304946
0,3,3,NaN
0,3,3,0.0569687888815355
0,3,3,NaN
0,3,3,NaN
0,3,3,NaN
0,3,3,0.7925166447343686
0,3,3,NaN
0,3,3,NaN
0,3,3,NaN
0,3,3,NaN
0,3,3,NaN
0,3,3,NaN
0,3,3,0.973622582776883
0,3,3,NaN
0,3,3,NaN
0,3,3,NaN
0,3,3,0.20936945520216732
0,3,3,0.8278162142569784
0,3,3,NaN
0,3,3,NaN
0,3,3,0.1376319999999998
0,3,3,NaN
0,3,3,NaN
0,3,3,NaN
0,3,3,NaN
0,3,3,NaN
0,3,3,0.7641629005282548
0,3,3,NaN
0,3,3,NaN
0,3,3,NaN
0,3,3,NaN
0,3,3,NaN
0,3,3,NaN
0,3,3,0.07633250114228259
0,3,3,NaN
0,3,3,NaN
0,3,3,NaN
0,3,3,0.6613966634587408
0,3,3,0.6613966634587408
0,3,3,NaN
0,3,3,NaN
0,3,3,NaN
0,3,3,NaN
0,3,3,0.04528327648964487
0,3,3,0.483768449142263
0,3,3,NaN
0,3,3,0.390088581715401
0,3,3,0.9209789316492126
0,3,3,0.9433412321949546
0,3,3,NaN
0,3,3,0.9079098270401949
0,3,3,NaN
0,3,3,NaN
0,3,3,NaN
0,3,3,0.7641629005282548
0,3,3,NaN
0,3,3,NaN
0,3,3,NaN
0,3,3,NaN
0,3,3,0.9433412321949546
0,3,3,NaN
0,3,3,NaN
0,3,3,NaN
0,3,3,0.5757595332036677
0,3,3,NaN
0,3,3,NaN
0,3,3,NaN
0,3,3,NaN
0,3,3,0.8770122193000203
0,3,3,NaN
0,3,3,NaN
0,3,3,NaN
0,3,3,NaN
0,3,3,NaN
0,3,3,NaN
0,3,3,0.8597792096635031
0,3,3,NaN
0,3,3,NaN
0,3,3,NaN
0,3,3,0.43577762349235377
0,3,3,NaN
0,3,3,NaN
0,3,3,NaN
0,3,3,NaN
0,3,3,NaN
0,3,3,0.531729986764269
0,3,3,NaN
0,3,3,NaN
0,3,3,NaN
0,3,3,0.6281866849660604
0,3,3,NaN
0,3,3,NaN
0,3,3,NaN
0,3,3,0.9209789316492126
0,3,3,NaN
0,3,3,NaN
0,3,3,NaN
0,3,3,NaN
0,3,3,NaN
0,3,3,NaN
0,3,3,NaN
0,3,3,NaN
0,3,3,0.893076864532752
0,3,3,NaN
0,3,3,NaN
0,3,3,NaN
0,3,3,NaN
0,3,3,0.8395040133151549
0,3,3,0.8395040133151549
0,3,3,0.6990667746156102
0,3,3,NaN
0,3,3,NaN
0,3,3,NaN
0,3,3,0.8234460514241537
0,3,3,NaN
0,3,3,NaN
0,3,3,NaN
0,3,3,NaN
0,3,3,0.531729986764269
0,3,3,NaN
0,3,3,0.8770122193000203
0,3,3,NaN
0,3,3,NaN
0,3,3,NaN
0,3,3,NaN
0,3,3,0.7925166447343686
0,3,3,NaN
0,3,3,NaN
0,3,3,NaN
0,3,3,0.1026612005498701
0,3,3,NaN
0,3,3,NaN
0,3,3,0.007605662718925178
0,3,3,NaN
0,3,3,NaN
0,3,3,NaN
0,3,3,NaN
0,3,3,NaN
0,3,3,NaN
0,3,3,0.1376319999999998
0,3,3,NaN
0,3,3,NaN
0,3,3,NaN
0,3,3,NaN
0,3,3,NaN
0,3,3,0.20936945520216732
0,3,3,NaN
0,3,3,NaN
0,3,3,NaN
0,3,3,NaN
0,3,3,NaN
0,3,3,NaN
0,3,3,NaN
0,3,3,NaN
0,3,3,NaN
0,3,3,NaN
0,3,3,0.34926187684352356
0,3,3,NaN
0,3,3,NaN
0,3,3,NaN
0,3,3,0.31128496075105533
0,3,3,NaN
0,3,3,NaN
0,3,3,NaN
0,3,3,NaN
0,3,3,NaN
0,3,3,0.483768449142263
0,3,3,NaN
0,3,3,NaN
0,3,3,NaN
0,3,3,NaN
0,3,3,NaN
0,3,3,0.016627813551177786
0,3,3,NaN
0,3,3,NaN
0,3,3,0.6185582093370283
0,3,3,NaN
0,3,3,NaN
0,3,3,NaN
0,3,3,0.43614794933242046
0,3,3,NaN
0,3,3,0.016627813551177786
0,3,3,NaN
0,3,3,NaN
0,3,3,0.6990667746156102
0,3,3,NaN
0,3,3,NaN
0,3,3,NaN
0,3,3,0.03782247324613561
0,3,3,NaN
0,3,3,0.9534153129152887
0,3,3,NaN
0,3,3,NaN
0,3,3,NaN
0,3,3,NaN
0,3,3,NaN
0,3,3,NaN
0,3,3,NaN
0,3,3,NaN
0,3,3,NaN
0,3,3,0.31128496075105533
0,3,3,0.7641629005282548
0,3,3,0.2736599385245901
0,3,3,NaN
0,3,3,NaN
0,3,3,NaN
0,3,3,NaN
0,3,3,NaN
0,3,3,NaN
0,3,3,NaN
0,3,3,0.04937587322664477
0,3,3,NaN
0,3,3,0.6185582093370283
0,3,3,0.11835585687382275
0,3,3,NaN
0,3,3,NaN
0,3,3,NaN
0,3,3,NaN
0,3,3,NaN
0,3,3,NaN
0,3,3,NaN
0,3,3,NaN
0,3,3,NaN
0,3,3,NaN
0,3,3,NaN
0,3,3,NaN
0,3,3,NaN
0,3,3,NaN
0,3,3,0.7925166447343686
0,3,3,0.9209789316492126
0,3,3,NaN
0,3,3,NaN
0,3,3,0.9433412321949546
0,3,3,NaN
0,3,3,NaN
0,3,3,NaN
0,3,3,NaN
0,3,3,NaN
0,3,3,NaN
0,3,3,NaN
0,3,3,NaN
0,3,3,NaN
0,3,3,0.34926187684352356
0,3,3,NaN
0,3,3,NaN
0,3,3,NaN
0,3,3,NaN
0,3,3,NaN
0,3,3,0.6185582093370283
0,3,3,NaN
0,3,3,NaN
0,3,3,NaN
0,3,3,0.15921953565114888
0,3,3,NaN
0,3,3,NaN
0,3,3,NaN
0,3,3,NaN
0,3,3,NaN
0,3,3,NaN
0,3,3,NaN
0,3,3,NaN
0,3,3,NaN
0,3,3,NaN
0,3,3,NaN
0,3,3,NaN
0,3,3,0.531729986764269
0,3,3,NaN
0,3,3,NaN
0,3,3,0.0004191128404673452
0,3,3,NaN
0,3,3,NaN
0,3,3,NaN
0,3,3,NaN
0,3,3,NaN
0,3,3,NaN
0,3,3,NaN
0,3,3,NaN
0,3,3,NaN
0,3,3,NaN
0,3,3,NaN
0,3,3,0.23998440172325927
0,3,3,NaN
0,3,3,NaN
0,3,3,NaN
0,3,3,NaN
0,3,3,NaN
0,3,3,NaN
0,3,3,NaN
0,3,3,NaN
0,3,3,0.31128496075105533
0,3,3,0.5757595332036677
0,3,3,NaN
0,3,3,NaN
0,3,3,NaN
0,3,3,NaN
0,3,3,NaN
0,3,3,0.9433412321949546
0,3,3,NaN
0,3,3,0.8770122193000203
0,3,3,NaN
0,3,3,NaN
0,3,3,NaN
0,3,3,NaN
0,3,3,NaN
0,3,3,NaN
0,3,3,NaN
0,3,3,0.893076864532752
0,3,3,NaN
0,3,3,NaN
0,3,3,NaN
0,3,3,NaN
0,3,3,NaN
0,3,3,NaN
0,3,3,0.34926187684352356
0,3,3,0.531729986764269
0,3,3,NaN
0,3,3,NaN
0,3,3,NaN
0,3,3,0.43614794933242046
0,3,3,NaN
0,3,3,NaN
0,3,3,NaN
0,3,3,NaN
0,3,3,0.8597792096635031
0,3,3,NaN
0,3,3,NaN
0,3,3,0.2736599385245901
0,3,3,NaN
0,3,3,0.1026612005498701
0,3,3,0.7641629005282548
0,3,3,NaN
0,3,3,NaN
0,3,3,NaN
0,3,3,0.23998440172325927
0,3,3,NaN
0,3,3,NaN
0,3,3,NaN
0,3,3,NaN
0,3,3,NaN
0,3,3,NaN
0,3,3,NaN
0,3,3,NaN
0,3,3,0.019519080662983124
0,3,3,0.7925166447343686
0,3,3,NaN
0,3,3,NaN
0,3,3,NaN
0,3,3,NaN
0,3,3,0.7332177371595686
0,3,3,NaN
0,3,3,NaN
0,3,3,NaN
0,3,3,NaN
0,3,3,NaN
0,3,3,NaN
0,3,3,NaN
0,3,3,0.2736599385245901
0,3,3,NaN
0,3,3,NaN
0,3,3,NaN
0,3,3,NaN
0,3,3,0.5757595332036677
0,3,3,NaN
0,3,3,NaN
0,3,3,NaN
0,3,3,NaN
0,3,3,NaN
0,3,3,0.7332177371595686
0,3,3,NaN
0,3,3,NaN
0,3,3,NaN
0,3,3,NaN
0,3,3,NaN
0,3,3,NaN
0,3,3,NaN
0,3,3,0.016627813551177786
0,3,3,NaN
0,3,3,NaN
0,3,3,NaN
0,3,3,0.390088581715401
0,3,3,NaN
0,3,3,0.8395040133151549
0,3,3,0.34926187684352356
0,3,3,NaN
0,3,3,NaN
0,3,3,NaN
0,3,3,NaN
0,3,3,NaN
0,3,3,NaN
0,3,3,NaN
0,3,3,NaN
0,3,3,NaN
0,3,3,NaN
0,3,3,NaN
0,3,3,NaN
0,3,3,NaN
0,3,3,NaN
0,3,3,NaN
0,3,3,NaN
0,3,3,NaN
0,3,3,NaN
0,3,3,NaN
0,3,3,NaN
0,3,3,NaN
0,3,3,NaN
0,3,3,NaN
0,3,3,NaN
0,3,3,NaN
0,3,3,NaN
0,3,3,0.5757595332036677
0,3,3,NaN
0,3,3,NaN
0,3,3,NaN
0,3,3,NaN
0,3,3,NaN
0,3,3,NaN
0,3,3,0.8770122193000203
0,3,3,0.18342590517711166
0,3,3,NaN
0,3,3,0.04937587322664477
0,3,3,NaN
0,3,3,0.6613966634587408
0,3,3,NaN
0,3,3,NaN
0,3,3,NaN
0,3,3,NaN
0,3,3,NaN
0,3,3,NaN
0,3,3,NaN
0,3,3,0.009669013204686156
0,3,3,NaN
0,3,3,NaN
0,3,3,NaN
0,3,3,0.483768449142263
0,3,3,NaN
0,3,3,NaN
0,3,3,NaN
0,3,3,NaN
0,3,3,NaN
0,3,3,NaN
0,3,3,NaN
0,3,3,0.11835585687382275
0,3,3,0.8597792096635031
0,3,3,NaN
0,3,3,0.43614794933242046
0,3,3,NaN
0,3,3,NaN
0,3,3,NaN
0,3,3,NaN
0,3,3,0.45574032487896876
0,3,3,NaN
0,3,3,NaN
0,3,3,NaN
0,3,3,NaN
0,3,3,NaN
0,3,3,NaN
0,3,3,NaN
0,3,3,NaN
0,3,3,NaN
0,3,3,0.390088581715401
0,3,3,NaN
0,3,3,0.31128496075105533
0,3,3,NaN
0,3,3,NaN
0,3,3,NaN
0,3,3,NaN
0,3,3,NaN
0,3,3,0.6185582093370283
0,3,3,NaN
0,3,3,NaN
0,3,3,NaN
0,3,3,NaN
0,3,3,0.9534153129152887
0,3,3,NaN
0,3,3,NaN
0,3,3,NaN
0,3,3,NaN
0,3,3,0.31128496075105533
0,3,3,NaN
0,3,3,NaN
0,3,3,0.22036920251922612
0,3,3,0.6185582093370283
0,3,3,NaN
0,3,3,0.9888383068434982
0,3,3,NaN
0,3,3,NaN
0,3,3,NaN
0,3,3,NaN
0,3,3,NaN
0,3,3,0.9326921332428637
0,3,3,NaN
0,3,3,NaN
0,3,3,0.7332177371595686
0,3,3,NaN
0,3,3,NaN
0,3,3,NaN
0,3,3,0.9433412321949546
0,3,3,NaN
0,3,3,NaN
0,3,3,NaN
0,3,3,0.20936945520216732
0,3,3,NaN
0,3,3,NaN
0,3,3,NaN
0,3,3,NaN
0,3,3,NaN
0,3,3,NaN
0,3,3,NaN
0,3,3,NaN
0,3,3,NaN
0,3,3,NaN
0,3,3,NaN
0,3,3,0.23998440172325927
0,3,3,NaN
0,3,3,NaN
0,3,3,NaN
0,3,3,NaN
0,3,3,NaN
0,3,3,NaN
0,3,3,NaN
0,3,3,0.5757595332036677
0,3,3,NaN
0,3,3,0.7641629005282548
0,3,3,NaN
0,3,3,0.7641629005282548
0,3,3,NaN
0,3,3,NaN
0,3,3,NaN
0,3,3,NaN
0,3,3,NaN
0,3,3,NaN
0,3,3,NaN
0,3,3,NaN
0,3,3,NaN
0,3,3,NaN
0,3,3,NaN
0,3,3,NaN
0,3,3,NaN
0,3,3,NaN
0,3,3,NaN
0,3,3,NaN
0,3,3,NaN
0,3,3,0.390088581715401
0,3,3,NaN
0,3,3,0.7332177371595686
0,3,3,0.20936945520216732
0,3,3,NaN
0,3,3,0.7925166447343686
0,3,3,NaN
0,3,3,NaN
0,3,3,NaN
0,3,3,0.6990667746156102
0,3,3,NaN
0,3,3,NaN
0,3,3,NaN
0,3,3,NaN
0,3,3,0.022788573734112794
0,3,3,0.31128496075105533
0,3,3,0.9534153129152887
0,3,3,NaN
0,3,3,NaN
0,3,3,NaN
0,3,3,NaN
0,3,3,0.9326921332428637
0,3,3,0.531729986764269
0,3,3,0.483768449142263
0,3,3,NaN
0,3,3,0.1376319999999998
0,3,3,NaN
0,3,3,NaN
0,3,3,NaN
0,3,3,NaN
0,3,3,NaN
0,3,3,NaN
0,3,3,NaN
0,3,3,NaN
0,3,3,0.2147372003541906
0,3,3,NaN
0,3,3,NaN
0,3,3,NaN
0,3,3,NaN
0,3,3,NaN
0,3,3,NaN
0,3,3,NaN
0,3,3,NaN
0,3,3,0.34926187684352356
0,3,3,0.22036439232865215
0,3,3,0.8395040133151549
0,3,3,0.07633250114228259
0,3,3,NaN
0,3,3,0.9433412321949546
0,3,3,NaN
0,3,3,NaN
0,3,3,NaN
0,3,3,NaN
0,3,3,NaN
0,3,3,NaN
0,3,3,NaN
0,3,3,NaN
0,3,3,NaN
0,3,3,NaN
0,3,3,NaN
0,3,3,NaN
0,3,3,NaN
0,3,3,0.0569687888815355
0,3,3,NaN
0,3,3,0.9848027522935779
0,3,3,NaN
0,3,3,NaN
0,3,3,NaN
0,3,3,NaN
0,3,3,0.9444758416552013
0,3,3,NaN
0,3,3,NaN
0,3,3,0.390088581715401
0,3,3,0.9209789316492126
0,3,3,NaN
0,3,3,NaN
0,3,3,NaN
0,3,3,NaN
0,3,3,NaN
0,3,3,NaN
0,3,3,NaN
0,3,3,0.23998440172325927
0,3,3,NaN
0,3,3,NaN
0,3,3,NaN
0,3,3,NaN
0,3,3,NaN
0,3,3,NaN
0,3,3,NaN
0,3,3,0.43614794933242046
0,3,3,0.31128496075105533
0,3,3,NaN
0,3,3,NaN
0,3,3,0.8395040133151549
0,3,3,NaN
0,3,3,NaN
0,3,3,NaN
0,3,3,0.7925166447343686
0,3,3,NaN
0,3,3,NaN
0,3,3,NaN
0,3,3,NaN
0,3,3,NaN
0,3,3,0.08078136054353652
0,3,3,NaN
0,3,3,NaN
0,3,3,NaN
0,3,3,NaN
0,3,3,NaN
0,3,3,NaN
0,3,3,0.8395040133151549
0,3,3,NaN
0,3,3,NaN
0,3,3,NaN
0,3,3,NaN
0,3,3,0.6185582093370283
0,3,3,NaN
0,3,3,NaN
0,3,3,NaN
0,3,3,0.23998440172325927
0,3,3,NaN
0,3,3,NaN
0,3,3,NaN
0,3,3,NaN
0,3,3,NaN
0,3,3,0.8597792096635031
0,3,3,NaN
0,3,3,NaN
0,3,3,NaN
0,3,3,NaN
0,3,3,NaN
0,3,3,NaN
0,3,3,NaN
0,3,3,NaN
0,3,3,NaN
0,3,3,NaN
0,3,3,NaN
0,3,3,NaN
0,3,3,NaN
0,3,3,NaN
0,3,3,NaN
0,3,3,NaN
0,3,3,NaN
0,3,3,NaN
0,3,3,NaN
0,3,3,NaN
0,3,3,NaN
0,3,3,NaN
0,3,3,NaN
0,3,3,NaN
0,3,3,NaN
0,3,3,NaN
0,3,3,0.9747128701728911
0,3,3,NaN
0,3,3,NaN
0,3,3,NaN
0,3,3,0.11835585687382275
0,3,3,NaN
0,3,3,NaN
0,3,3,0.2736599385245901
0,3,3,NaN
0,3,3,NaN
0,3,3,NaN
0,3,3,NaN
0,3,3,NaN
0,3,3,NaN
0,3,3,0.7925166447343686
0,3,3,NaN
0,3,3,NaN
0,3,3,0.5757595332036677
0,3,3,NaN
0,3,3,NaN
0,3,3,NaN
0,3,3,NaN
0,3,3,0.9209789316492126
0,3,3,NaN
0,3,3,NaN
0,3,3,NaN
0,3,3,NaN
0,3,3,NaN
0,3,3,0.6613966634587408
0,3,3,NaN
0,3,3,0.8770122193000203
0,3,3,NaN
0,3,3,NaN
0,3,3,0.390088581715401
0,3,3,NaN
0,3,3,NaN
0,3,3,NaN
0,3,3,NaN
0,3,3,0.483768449142263
0,3,3,NaN
0,3,3,NaN
0,3,3,NaN
0,3,3,NaN
0,3,3,0.9433412321949546
0,3,3,NaN
0,3,3,NaN
0,3,3,NaN
0,3,3,NaN
0,3,3,NaN
0,3,3,NaN
0,3,3,NaN
0,3,3,NaN
0,3,3,0.6185582093370283
0,3,3,NaN
0,3,3,NaN
0,3,3,NaN
0,3,3,NaN
0,3,3,NaN
0,3,3,NaN
0,3,3,NaN
0,3,3,0.5757595332036677
0,3,3,NaN
0,3,3,NaN
0,3,3,NaN
0,3,3,0.1026612005498701
0,3,3,NaN
0,3,3,0.5263570405063814
0,3,3,NaN
0,3,3,0.8395040133151549
0,3,3,NaN
0,3,3,NaN
0,3,3,NaN
0,3,3,0.43614794933242046
0,3,3,NaN
0,3,3,NaN
0,3,3,NaN
0,3,3,NaN
0,3,3,0.31128496075105533
0,3,3,NaN
0,3,3,NaN
0,3,3,NaN
0,3,3,NaN
0,3,3,NaN
0,3,3,NaN
0,3,3,NaN
0,3,3,0.1376319999999998
0,3,3,NaN
0,3,3,NaN
0,3,3,NaN
0,3,3,NaN
0,3,3,0.6990667746156102
0,3,3,NaN
0,3,3,NaN
0,3,3,0.02721677825604799
0,3,3,NaN
0,3,3,NaN
0,3,3,NaN
0,3,3,0.34926187684352356
0,3,3,0.483768449142263
0,3,3,NaN
0,3,3,NaN
0,3,3,NaN
0,3,3,0.8597792096635031
0,3,3,NaN
0,3,3,NaN
0,3,3,NaN
0,3,3,NaN
0,3,3,0.8185843942460208
0,3,3,0.6952791823641344
0,3,3,0.7925166447343686
0,3,3,NaN
0,3,3,NaN
0,3,3,NaN
0,3,3,0.20936945520216732
0,3,3,NaN
0,3,3,NaN
0,3,3,NaN
0,3,3,NaN
0,3,3,NaN
0,3,3,NaN
0,3,3,NaN
0,3,3,NaN
0,3,3,0.7515498364115626
0,3,3,0.06525587975951877
0,3,3,NaN
0,3,3,NaN
0,3,3,NaN
0,3,3,NaN
0,3,3,NaN
0,3,3,NaN
0,3,3,NaN
0,3,3,NaN
0,3,3,NaN
0,3,3,NaN
0,3,3,NaN
0,3,3,NaN
0,3,3,NaN
0,3,3,NaN
0,3,3,NaN
0,3,3,NaN
0,3,3,0.34926187684352356
0,3,3,NaN
0,3,3,NaN
0,3,3,NaN
0,3,3,NaN
0,3,3,NaN
0,3,3,NaN
0,3,3,NaN
0,3,3,0.016627813551177786
0,3,3,0.43614794933242046
0,3,3,NaN
0,3,3,0.390088581715401
0,3,3,NaN
0,3,3,NaN
0,3,3,NaN
0,3,3,NaN
0,3,3,NaN
0,3,3,NaN
0,3,3,NaN
0,3,3,NaN
0,3,3,NaN
0,3,3,NaN
0,3,3,NaN
0,3,3,NaN
0,3,3,NaN
0,3,3,NaN
0,3,3,NaN
0,3,3,NaN
0,3,3,NaN
0,3,3,NaN
0,3,3,NaN
0,3,3,NaN
0,3,3,NaN
0,3,3,NaN
0,3,3,NaN
0,3,3,NaN
0,3,3,NaN
0,3,3,NaN
0,3,3,NaN
0,3,3,NaN
0,3,3,NaN
0,3,3,NaN
0,3,3,0.34926187684352356
0,3,3,NaN
0,3,3,NaN
0,3,3,NaN
0,3,3,NaN
0,3,3,NaN
0,3,3,NaN
0,3,3,NaN
0,3,3,NaN
0,3,3,0.9079098270401949
0,3,3,0.0003297306122421771
0,3,3,0.8597792096635031
0,3,3,NaN
0,3,3,NaN
0,3,3,NaN
0,3,3,NaN
0,3,3,NaN
0,3,3,NaN
0,3,3,0.34926187684352356
0,3,3,0.483768449142263
0,3,3,0.7277910133953862
0,3,3,NaN
0,3,3,NaN
0,3,3,NaN
0,3,3,NaN
0,3,3,NaN
0,3,3,NaN
0,3,3,NaN
0,3,3,NaN
0,3,3,0.5757595332036677
0,3,3,NaN
0,3,3,NaN
0,3,3,0.43614794933242046
0,3,3,0.531729986764269
0,3,3,NaN
0,3,3,NaN
0,3,3,0.34926187684352356
0,3,3,NaN
0,3,3,NaN
0,3,3,NaN
0,3,3,NaN
0,3,3,NaN
0,3,3,NaN
0,3,3,0.0569687888815355
0,3,3,NaN
0,3,3,NaN
0,3,3,0.390088581715401
0,3,3,NaN
0,3,3,NaN
0,3,3,NaN
0,3,3,NaN
0,3,3,NaN
0,3,3,NaN
0,3,3,0.31128496075105533
0,3,3,NaN
0,3,3,0.483768449142263
0,3,3,NaN
0,3,3,NaN
0,3,3,NaN
0,3,3,0.43614794933242046
0,3,3,NaN
0,3,3,NaN
0,3,3,NaN
0,3,3,0.8185843942460208
0,3,3,NaN
0,3,3,0.1494473128764884
0,3,3,NaN
0,3,3,NaN
0,3,3,NaN
0,3,3,NaN
0,3,3,NaN
0,3,3,NaN
0,3,3,NaN
0,3,3,NaN
0,3,3,NaN
0,3,3,NaN
0,3,3,NaN
0,3,3,NaN
0,3,3,0.20936945520216732
0,3,3,NaN
0,3,3,0.6990667746156102
0,3,3,NaN
0,3,3,0.9079098270401949
0,3,3,NaN
0,3,3,NaN
0,3,3,NaN
0,3,3,NaN
0,3,3,NaN
0,3,3,NaN
0,3,3,NaN
0,3,3,NaN
0,3,3,NaN
0,3,3,NaN
0,3,3,NaN
0,3,3,NaN
0,3,3,NaN
0,3,3,NaN
0,3,3,NaN
0,3,3,NaN
0,3,3,NaN
0,3,3,NaN
0,3,3,NaN
0,3,3,NaN
0,3,3,NaN
0,3,3,NaN
0,3,3,NaN
0,3,3,NaN
0,3,3,NaN
0,3,3,NaN
0,3,3,NaN
0,3,3,NaN
0,3,3,0.7332177371595686
0,3,3,NaN
0,3,3,NaN
0,3,3,NaN
0,3,3,NaN
0,3,3,0.8395040133151549
0,3,3,NaN
0,3,3,NaN
0,3,3,NaN
0,3,3,0.043199805379105054
0,3,3,NaN
0,3,3,NaN
0,3,3,NaN
0,3,3,NaN
0,3,3,NaN
0,3,3,0.9209789316492126
0,3,3,NaN
0,3,3,NaN
0,3,3,NaN
0,3,3,NaN
0,3,3,NaN
0,3,3,NaN
0,3,3,NaN
0,3,3,NaN
0,3,3,0.8683430845978595
0,3,3,NaN
0,3,3,NaN
0,3,3,NaN
0,3,3,NaN
0,3,3,NaN
0,3,3,NaN
0,3,3,0.07633250114228259
0,3,3,NaN
0,3,3,NaN
0,3,3,NaN
0,3,3,NaN
0,3,3,NaN
0,3,3,NaN
0,3,3,0.7641629005282548
0,3,3,NaN
0,3,3,0.390088581715401
0,3,3,NaN
0,3,3,NaN
0,3,3,NaN
0,3,3,NaN
0,3,3,0.7641629005282548
0,3,3,NaN
0,3,3,NaN
0,3,3,NaN
0,3,3,NaN
0,3,3,NaN
0,3,3,NaN
0,3,3,NaN
0,3,3,NaN
0,3,3,0.8395040133151549
0,3,3,NaN
0,3,3,NaN
0,3,3,NaN
0,3,3,NaN
0,3,3,NaN
0,3,3,NaN
0,3,3,NaN
0,3,3,0.7332177371595686
0,3,3,NaN
0,3,3,NaN
0,3,3,NaN
0,3,3,NaN
0,3,3,NaN
0,3,3,NaN
0,3,3,NaN
0,3,3,NaN
0,3,3,0.7641629005282548
0,3,3,NaN
0,3,3,NaN
0,3,3,NaN
0,3,3,0.8395040133151549
0,3,3,NaN
0,3,3,NaN
0,3,3,NaN
0,3,3,NaN
0,3,3,NaN
0,3,3,NaN
0,3,3,0.9079098270401949
0,3,3,NaN
0,3,3,NaN
0,3,3,NaN
0,3,3,NaN
0,3,3,0.9079098270401949
0,3,3,NaN
0,3,3,NaN
0,3,3,NaN
0,3,3,NaN
0,3,3,NaN
0,3,3,0.08869205529953894
0,3,3,NaN
0,3,3,NaN
0,3,3,NaN
0,3,3,NaN
0,3,3,NaN
0,3,3,NaN
0,3,3,NaN
0,3,3,0.9326921332428637
0,3,3,NaN
0,3,3,NaN
0,3,3,NaN
0,3,3,0.8185843942460208
0,3,3,NaN
0,3,3,NaN
0,3,3,NaN
0,3,3,0.5757595332036677
0,3,3,NaN
0,3,3,NaN
0,3,3,NaN
0,3,3,NaN
0,3,3,0.8770122193000203
0,3,3,0.7332177371595686
0,3,3,NaN
0,3,3,NaN
0,3,3,0.9433412321949546
0,3,3,NaN
0,3,3,NaN
0,3,3,NaN
0,3,3,NaN
0,3,3,NaN
0,3,3,0.531729986764269
0,3,3,NaN
0,3,3,0.43614794933242046
0,3,3,NaN
0,3,3,NaN
0,3,3,NaN
0,3,3,0.9534153129152887
0,3,3,NaN
0,3,3,NaN
0,3,3,0.1376319999999998
0,3,3,NaN
0,3,3,NaN
0,3,3,0.9079098270401949
0,3,3,NaN
0,3,3,0.9534153129152887
0,3,3,NaN
0,3,3,NaN
0,3,3,NaN
0,3,3,NaN
0,3,3,NaN
0,3,3,NaN
0,3,3,NaN
0,3,3,NaN
0,3,3,NaN
0,3,3,0.6613966634587408
0,3,3,NaN
0,3,3,NaN
0,3,3,NaN
0,3,3,0.6990667746156102
0,3,3,0.9534153129152887
0,3,3,NaN
0,3,3,NaN
0,3,3,0.00829404517453861
0,3,3,NaN
0,3,3,NaN
0,3,3,0.7991173541293757
0,3,3,NaN
0,3,3,0.34926187684352356
0,3,3,NaN
0,3,3,NaN
0,3,3,NaN
0,3,3,NaN
0,3,3,0.34926187684352356
0,3,3,NaN
0,3,3,NaN
0,3,3,NaN
0,3,3,NaN
0,3,3,NaN
0,3,3,NaN
0,3,3,0.483768449142263
0,3,3,NaN
0,3,3,NaN
0,3,3,NaN
0,3,3,NaN
0,3,3,NaN
0,3,3,NaN
0,3,3,NaN
0,3,3,NaN
0,3,3,NaN
0,3,3,NaN
0,3,3,0.08869205529953894
0,3,3,NaN
0,3,3,NaN
0,3,3,NaN
0,3,3,NaN
0,3,3,NaN
0,3,3,0.483768449142263
0,3,3,0.8770122193000203
0,3,3,NaN
0,3,3,0.531729986764269
0,3,3,NaN
0,3,3,0.000750517455216115
0,3,3,0.8185843942460208
0,3,3,NaN
0,3,3,NaN
0,3,3,NaN
0,3,3,NaN
0,3,3,0.980101638801523
0,3,3,NaN
0,3,3,NaN
0,3,3,NaN
0,3,3,NaN
0,3,3,NaN
0,3,3,0.8770122193000203
0,3,3,0.23998440172325927
0,3,3,0.15921953565114888
0,3,3,NaN
0,3,3,NaN
0,3,3,NaN
0,3,3,NaN
0,3,3,NaN
0,3,3,0.7925166447343686
0,3,3,NaN
0,3,3,NaN
0,3,3,NaN
0,3,3,0.8597792096635031
0,3,3,0.7641629005282548
0,3,3,NaN
0,3,3,NaN
0,3,3,NaN
0,3,3,NaN
0,3,3,NaN
0,3,3,NaN
0,3,3,NaN
0,3,3,NaN
0,3,3,NaN
0,3,3,NaN
0,3,3,NaN
0,3,3,NaN
0,3,3,NaN
0,3,3,NaN
0,3,3,NaN
0,3,3,NaN
0,3,3,NaN
0,3,3,NaN
0,3,3,NaN
0,3,3,0.34926187684352356
0,3,3,NaN
0,3,3,NaN
0,3,3,NaN
0,3,3,NaN
0,3,3,NaN
0,3,3,NaN
0,3,3,0.483768449142263
0,3,3,0.43614794933242046
0,3,3,0.15921953565114888
0,3,3,0.20936945520216732
0,3,3,NaN
0,3,3,NaN
0,3,3,NaN
0,3,3,NaN
0,3,3,NaN
0,3,3,NaN
0,3,3,0.11835585687382275
0,3,3,0.531729986764269
0,3,3,NaN
0,3,3,0.34926187684352356
0,3,3,0.483768449142263
0,3,3,NaN
0,3,3,0.15921953565114888
0,3,3,NaN
0,3,3,NaN
0,3,3,NaN
0,3,3,NaN
0,3,3,NaN
0,3,3,0.6617139809827773
0,3,3,NaN
0,3,3,NaN
0,3,3,NaN
0,3,3,NaN
0,3,3,0.7641629005282548
0,3,3,NaN
0,3,3,NaN
0,3,3,0.7641629005282548
0,3,3,NaN
0,3,3,NaN
0,3,3,NaN
0,3,3,NaN
0,3,3,NaN
0,3,3,NaN
0,3,3,NaN
0,3,3,NaN
0,3,3,0.7641629005282548
0,3,3,NaN
0,3,3,NaN
0,3,3,NaN
0,3,3,NaN
0,3,3,NaN
0,3,3,NaN
0,3,3,NaN
0,3,3,NaN
0,3,3,0.483768449142263
0,3,3,NaN
0,3,3,NaN
0,3,3,NaN
0,3,3,NaN
0,3,3,NaN
0,3,3,0.5757595332036677
0,3,3,NaN
0,3,3,0.7641629005282548
0,3,3,NaN
0,3,3,NaN
0,3,3,NaN
0,3,3,NaN
0,3,3,NaN
0,3,3,NaN
0,3,3,NaN
0,3,3,NaN
0,3,3,NaN
0,3,3,0.18342590517711166
0,3,3,NaN
0,3,3,NaN
0,3,3,NaN
0,3,3,NaN
0,3,3,NaN
0,3,3,NaN
0,3,3,0.019519080662983124
0,3,3,NaN
0,3,3,NaN
0,3,3,NaN
0,3,3,0.9326921332428637
0,3,3,NaN
0,3,3,NaN
0,3,3,NaN
0,3,3,NaN
0,3,3,0.7925166447343686
0,3,3,NaN
0,3,3,NaN
0,3,3,NaN
0,3,3,NaN
0,3,3,NaN
0,3,3,0.18342590517711166
0,3,3,NaN
0,3,3,NaN
0,3,3,NaN
0,3,3,NaN
0,3,3,NaN
0,3,3,NaN
0,3,3,NaN
0,3,3,NaN
0,3,3,NaN
0,3,3,0.43614794933242046
0,3,3,0.07633250114228259
0,3,3,NaN
0,3,3,0.9193262359966364
0,3,3,NaN
0,3,3,0.9079098270401949
0,3,3,0.18342590517711166
0,3,3,NaN
0,3,3,0.8395040133151549
0,3,3,NaN
0,3,3,NaN
0,3,3,NaN
0,3,3,NaN
0,3,3,NaN
0,3,3,NaN
0,3,3,NaN
0,3,3,NaN
0,3,3,NaN
0,3,3,NaN
0,3,3,NaN
0,3,3,NaN
0,3,3,NaN
0,3,3,NaN
0,3,3,NaN
0,3,3,0.31128496075105533
0,3,3,0.9079098270401949
0,3,3,NaN
0,3,3,NaN
0,3,3,NaN
0,3,3,NaN
0,3,3,0.5757595332036677
0,3,3,NaN
0,3,3,NaN
0,3,3,NaN
0,3,3,NaN
0,3,3,NaN
0,3,3,0.43614794933242046
0,3,3,NaN
0,3,3,0.08869205529953894
0,3,3,NaN
0,3,3,0.390088581715401
0,3,3,NaN
0,3,3,NaN
0,3,3,NaN
0,3,3,NaN
0,3,3,NaN
0,3,3,0.531729986764269
0,3,3,NaN
0,3,3,NaN
0,3,3,NaN
0,3,3,0.1376319999999998
0,3,3,NaN
0,3,3,NaN
0,3,3,NaN
0,3,3,NaN
0,3,3,NaN
0,3,3,NaN
0,3,3,NaN
0,3,3,NaN
0,3,3,NaN
0,3,3,NaN
0,3,3,0.23998440172325927
0,3,3,NaN
0,3,3,NaN
0,3,3,0.20936945520216732
0,3,3,NaN
0,3,3,NaN
0,3,3,NaN
0,3,3,NaN
0,3,3,0.019519080662983124
0,3,3,NaN
0,3,3,0.7332177371595686
0,3,3,NaN
0,3,3,NaN
0,3,3,NaN
0,3,3,0.08869205529953894
0,3,3,NaN
0,3,3,NaN
0,3,3,NaN
0,3,3,NaN
0,3,3,NaN
0,3,3,NaN
0,3,3,NaN
0,3,3,NaN
0,3,3,NaN
0,3,3,NaN
0,3,3,NaN
0,3,3,0.34926187684352356
0,3,3,NaN
0,3,3,NaN
0,3,3,0.6613966634587408
0,3,3,NaN
0,3,3,NaN
0,3,3,NaN
0,3,3,NaN
0,3,3,NaN
0,3,3,NaN
0,3,3,NaN
0,3,3,0.31128496075105533
0,3,3,NaN
0,3,3,NaN
0,3,3,NaN
0,3,3,NaN
0,3,3,NaN
0,3,3,0.9326921332428637
0,3,3,0.9209789316492126
0,3,3,0.05016578681946137
0,3,3,NaN
0,3,3,0.016627813551177786
0,3,3,NaN
0,3,3,0.9079098270401949
0,3,3,NaN
0,3,3,NaN
0,3,3,NaN
0,3,3,0.6613966634587408
0,3,3,0.9614248710601718
0,3,3,0.0569687888815355
0,3,3,0.0018287266553498765
0,3,3,NaN
0,3,3,NaN
0,3,3,NaN
0,3,3,NaN
0,3,3,NaN
0,3,3,NaN
0,3,3,NaN
0,3,3,0.1376319999999998
0,3,3,NaN
0,3,3,0.6990667746156102
0,3,3,NaN
0,3,3,NaN
0,3,3,0.8395040133151549
0,3,3,NaN
0,3,3,NaN
0,3,3,NaN
0,3,3,NaN
0,3,3,NaN
0,3,3,NaN
0,3,3,NaN
0,3,3,NaN
0,3,3,NaN
0,3,3,NaN
0,3,3,0.06525587975951877
0,3,3,NaN
0,3,3,NaN
0,3,3,NaN
0,3,3,NaN
0,3,3,0.23998440172325927
0,3,3,NaN
0,3,3,0.8185843942460208
0,3,3,0.8185843942460208
0,3,3,NaN
0,3,3,NaN
0,3,3,0.43614794933242046
0,3,3,NaN
0,3,3,NaN
0,3,3,0.7332177371595686
0,3,3,NaN
0,3,3,NaN
0,3,3,NaN
0,3,3,NaN
0,3,3,NaN
0,3,3,NaN
0,3,3,0.43614794933242046
0,3,3,NaN
0,3,3,NaN
0,3,3,NaN
0,3,3,NaN
0,3,3,NaN
0,3,3,0.8770122193000203
0,3,3,0.390088581715401
0,3,3,NaN
0,3,3,0.6185582093370283
0,3,3,NaN
0,3,3,NaN
0,3,3,NaN
0,3,3,NaN
0,3,3,NaN
0,3,3,NaN
0,3,3,NaN
0,3,3,0.016627813551177786
0,3,3,NaN
0,3,3,NaN
0,3,3,0.04937587322664477
0,3,3,0.45574032487896876
0,3,3,NaN
0,3,3,0.5757595332036677
0,3,3,NaN
0,3,3,NaN
0,3,3,NaN
0,3,3,NaN
0,3,3,NaN
0,3,3,NaN
0,3,3,NaN
0,3,3,0.5757595332036677
0,3,3,NaN
0,3,3,NaN
0,3,3,0.019519080662983124
0,3,3,NaN
0,3,3,0.8770122193000203
0,3,3,NaN
0,3,3,NaN
0,3,3,NaN
0,3,3,0.0569687888815355
0,3,3,0.07633250114228259
0,3,3,NaN
0,3,3,NaN
0,3,3,0.43614794933242046
0,3,3,NaN
0,3,3,NaN
0,3,3,NaN
0,3,3,NaN
0,3,3,NaN
0,3,3,NaN
0,3,3,NaN
0,3,3,0.483768449142263
0,3,3,NaN
0,3,3,0.8185843942460208
0,3,3,NaN
0,3,3,0.9209789316492126
0,3,3,0.18342590517711166
0,3,3,NaN
0,3,3,NaN
0,3,3,0.20936945520216732
0,3,3,NaN
0,3,3,NaN
0,3,3,NaN
0,3,3,NaN
0,3,3,NaN
0,3,3,NaN
0,3,3,NaN
0,3,3,NaN
0,3,3,0.6990667746156102
0,3,3,NaN
0,3,3,NaN
0,3,3,NaN
0,3,3,0.390088581715401
0,3,3,NaN
0,3,3,0.31128496075105533
0,3,3,NaN
0,3,3,0.06142892036739217
0,3,3,NaN
0,3,3,NaN
0,3,3,0.7641629005282548
0,3,3,NaN
0,3,3,NaN
0,3,3,NaN
0,3,3,NaN
0,3,3,NaN
0,3,3,NaN
0,3,3,NaN
0,3,3,0.04937587322664477
0,3,3,NaN
0,3,3,NaN
0,3,3,NaN
0,3,3,NaN
0,3,3,NaN
0,3,3,NaN
0,3,3,NaN
0,3,3,NaN
0,3,3,NaN
0,3,3,NaN
0,3,3,0.43614794933242046
0,3,3,NaN
0,3,3,0.34926187684352356
0,3,3,NaN
0,3,3,NaN
0,3,3,NaN
0,3,3,NaN
0,3,3,NaN
0,3,3,NaN
0,3,3,NaN
0,3,3,NaN
0,3,3,NaN
0,3,3,NaN
0,3,3,NaN
0,3,3,NaN
0,3,3,NaN
0,3,3,0.03782247324613561
0,3,3,NaN
0,3,3,NaN
0,3,3,NaN
0,3,3,NaN
0,3,3,NaN
0,3,3,0.34926187684352356
0,3,3,NaN
0,3,3,NaN
0,3,3,0.11835585687382275
0,3,3,NaN
0,3,3,0.6613966634587408
0,3,3,0.7641629005282548
0,3,3,0.6990667746156102
0,3,3,NaN
0,3,3,0.1376319999999998
0,3,3,NaN
0,3,3,0.7470239550011291
0,3,3,0.08869205529953894
0,3,3,0.6185582093370283
0,3,3,NaN
0,3,3,NaN
0,3,3,0.7925166447343686
0,3,3,NaN
0,3,3,NaN
0,3,3,NaN
0,3,3,NaN
0,3,3,0.4144625650289656
0,3,3,NaN
0,3,3,0.30543538423094657
0,3,3,NaN
0,3,3,NaN
0,3,3,NaN
0,3,3,NaN
0,3,3,NaN
0,3,3,NaN
0,3,3,NaN
0,3,3,NaN
0,3,3,0.7641629005282548
0,3,3,0.8597792096635031
0,3,3,NaN
0,3,3,NaN
0,3,3,NaN
0,3,3,NaN
0,3,3,0.6613966634587408
0,3,3,NaN
0,3,3,NaN
0,3,3,0.531729986764269
0,3,3,NaN
0,3,3,NaN
0,3,3,NaN
0,3,3,NaN
0,3,3,NaN
0,3,3,NaN
0,3,3,NaN
0,3,3,NaN
0,3,3,NaN
0,3,3,NaN
0,3,3,NaN
0,3,3,0.7332177371595686
0,3,3,NaN
0,3,3,NaN
0,3,3,NaN
0,3,3,NaN
0,3,3,0.9940320922471844
0,3,3,0.6613966634587408
0,3,3,NaN
0,3,3,NaN
0,3,3,NaN
0,3,3,NaN
0,3,3,NaN
0,3,3,NaN
0,3,3,NaN
0,3,3,NaN
0,3,3,NaN
0,3,3,NaN
0,3,3,0.20936945520216732
0,3,3,NaN
0,3,3,0.23998440172325927
0,3,3,0.23998440172325927
0,3,3,NaN
0,3,3,NaN
0,3,3,NaN
0,3,3,0.531729986764269
0,3,3,NaN
0,3,3,NaN
0,3,3,NaN
0,3,3,NaN
0,3,3,0.2736599385245901
0,3,3,0.34926187684352356
0,3,3,NaN
0,3,3,NaN
0,3,3,0.9534153129152887
0,3,3,NaN
0,3,3,NaN
0,3,3,NaN
0,3,3,NaN
0,3,3,NaN
0,3,3,0.8597792096635031
0,3,3,NaN
0,3,3,NaN
0,3,3,0.43614794933242046
0,3,3,NaN
0,3,3,NaN
0,3,3,0.9079098270401949
0,3,3,NaN
0,3,3,NaN
0,3,3,NaN
0,3,3,NaN
0,3,3,0.08693725319886288
0,3,3,NaN
0,3,3,NaN
0,3,3,NaN
0,3,3,0.07633250114228259
0,3,3,NaN
0,3,3,NaN
0,3,3,0.9433412321949546
0,3,3,NaN
0,3,3,0.6613966634587408
0,3,3,NaN
0,3,3,NaN
0,3,3,NaN
0,3,3,NaN
0,3,3,NaN
0,3,3,NaN
0,3,3,NaN
0,3,3,NaN
0,3,3,0.016627813551177786
0,3,3,NaN
0,3,3,NaN
0,3,3,0.043199805379105054
0,3,3,NaN
0,3,3,0.8185843942460208
0,3,3,NaN
0,3,3,NaN
0,3,3,NaN
0,3,3,NaN
0,3,3,0.2736599385245901
0,3,3,NaN
0,3,3,NaN
0,3,3,NaN
0,3,3,NaN
0,3,3,NaN
0,3,3,0.6990667746156102
0,3,3,NaN
0,3,3,NaN
0,3,3,NaN
0,3,3,NaN
0,3,3,NaN
0,3,3,NaN
0,3,3,NaN
0,3,3,0.8597792096635031
0,3,3,NaN
0,3,3,NaN
0,3,3,NaN
0,3,3,NaN
0,3,3,NaN
0,3,3,NaN
0,3,3,NaN
0,3,3,NaN
0,3,3,0.6990667746156102
0,3,3,0.18342590517711166
0,3,3,NaN
0,3,3,NaN
0,3,3,NaN
0,3,3,NaN
0,3,3,NaN
0,3,3,NaN
0,3,3,NaN
0,3,3,NaN
0,3,3,NaN
0,3,3,NaN
0,3,3,0.9079098270401949
0,3,3,NaN
0,3,3,NaN
0,3,3,0.03230741676234196
0,3,3,0.531729986764269
0,3,3,NaN
0,3,3,NaN
0,3,3,NaN
0,3,3,NaN
0,3,3,0.20936945520216732
0,3,3,NaN
0,3,3,NaN
0,3,3,NaN
0,3,3,NaN
0,3,3,0.18342590517711166
0,3,3,NaN
0,3,3,0.7332177371595686
0,3,3,NaN
0,3,3,NaN
0,3,3,NaN
0,3,3,NaN
0,3,3,0.31128496075105533
0,3,3,0.027150137488542374
0,3,3,NaN
0,3,3,0.0569687888815355
0,3,3,0.1376319999999998
0,3,3,0.2345132836008856
0,3,3,NaN
0,3,3,0.5757595332036677
0,3,3,NaN
0,3,3,NaN
0,3,3,NaN
0,3,3,NaN
0,3,3,0.027150137488542374
0,3,3,NaN
0,3,3,NaN
0,3,3,NaN
0,3,3,NaN
0,3,3,NaN
0,3,3,NaN
0,3,3,0.34926187684352356
0,3,3,NaN
0,3,3,NaN
0,3,3,NaN
0,3,3,NaN
0,3,3,NaN
0,3,3,0.2736599385245901
0,3,3,NaN
0,3,3,NaN
0,3,3,0.027150137488542374
0,3,3,NaN
0,3,3,NaN
0,3,3,0.07633250114228259
0,3,3,NaN
0,3,3,NaN
0,3,3,NaN
0,3,3,NaN
0,3,3,NaN
0,3,3,0.6613966634587408
0,3,3,0.390088581715401
0,3,3,0.483768449142263
0,3,3,0.9433412321949546
0,3,3,NaN
0,3,3,NaN
0,3,3,NaN
0,3,3,NaN
0,3,3,NaN
0,3,3,NaN
0,3,3,NaN
0,3,3,NaN
0,3,3,0.03782247324613561
0,3,3,NaN
0,3,3,NaN
0,3,3,NaN
0,3,3,0.1026612005498701
0,3,3,NaN
0,3,3,NaN
0,3,3,0.9848027522935779
0,3,3,NaN
0,3,3,NaN
0,3,3,NaN
0,3,3,NaN
0,3,3,NaN
0,3,3,NaN
0,3,3,NaN
0,3,3,0.1376319999999998
0,3,3,0.15921953565114888
0,3,3,NaN
0,3,3,NaN
0,3,3,NaN
0,3,3,NaN
0,3,3,0.6613966634587408
0,3,3,NaN
0,3,3,NaN
0,3,3,NaN
0,3,3,0.20936945520216732
0,3,3,NaN
0,3,3,NaN
0,3,3,NaN
0,3,3,NaN
0,3,3,NaN
0,3,3,0.03230741676234196
0,3,3,NaN
0,3,3,NaN
0,3,3,NaN
0,3,3,NaN
0,3,3,NaN
0,3,3,NaN
0,3,3,NaN
0,3,3,0.34926187684352356
0,3,3,0.531729986764269
0,3,3,NaN
0,3,3,0.5775111450511895
0,3,3,NaN
0,3,3,0.7925166447343686
0,3,3,NaN
0,3,3,NaN
0,3,3,0.9079098270401949
0,3,3,0.8597792096635031
0,3,3,NaN
0,3,3,NaN
0,3,3,NaN
0,3,3,NaN
0,3,3,NaN
0,3,3,0.43614794933242046
0,3,3,NaN
0,3,3,NaN
0,3,3,NaN
0,3,3,NaN
0,3,3,0.9614248710601718
0,3,3,NaN
0,3,3,0.8770122193000203
0,3,3,NaN
0,3,3,NaN
0,3,3,NaN
0,3,3,0.6613966634587408
0,3,3,NaN
0,3,3,0.43614794933242046
0,3,3,NaN
0,3,3,NaN
0,3,3,NaN
0,3,3,NaN
0,3,3,NaN
0,3,3,NaN
0,3,3,0.390088581715401
0,3,3,NaN
0,3,3,NaN
0,3,3,NaN
0,3,3,NaN
0,3,3,NaN
0,3,3,0.6613966634587408
0,3,3,0.8395040133151549
0,3,3,0.9079098270401949
0,3,3,0.7641629005282548
0,3,3,NaN
0,3,3,NaN
0,3,3,0.43614794933242046
0,3,3,NaN
0,3,3,NaN
0,3,3,NaN
0,3,3,NaN
0,3,3,0.03230741676234196
0,3,3,NaN
0,3,3,NaN
0,3,3,NaN
0,3,3,NaN
0,3,3,NaN
0,3,3,NaN
0,3,3,NaN
0,3,3,NaN
0,3,3,NaN
0,3,3,0.7641629005282548
0,3,3,NaN
0,3,3,NaN
0,3,3,0.9209789316492126
0,3,3,NaN
0,3,3,NaN
0,3,3,NaN
0,3,3,NaN
0,3,3,NaN
0,3,3,0.9209789316492126
0,3,3,NaN
0,3,3,0.8185843942460208
0,3,3,0.08870909711852953
0,3,3,NaN
0,3,3,0.9209789316492126
0,3,3,NaN
0,3,3,NaN
0,3,3,NaN
0,3,3,NaN
0,3,3,NaN
0,3,3,NaN
0,3,3,NaN
0,3,3,NaN
0,3,3,NaN
0,3,3,NaN
0,3,3,NaN
0,3,3,NaN
0,3,3,NaN
0,3,3,NaN
0,3,3,NaN
0,3,3,NaN
0,3,3,NaN
0,3,3,0.31128496075105533
0,3,3,NaN
0,3,3,NaN
0,3,3,NaN
0,3,3,0.6185582093370283
0,3,3,NaN
0,3,3,NaN
0,3,3,NaN
0,3,3,NaN
0,3,3,NaN
0,3,3,NaN
0,3,3,NaN
0,3,3,NaN
0,3,3,NaN
0,3,3,NaN
0,3,3,NaN
0,3,3,NaN
0,3,3,0.8395040133151549
0,3,3,NaN
0,3,3,NaN
0,3,3,NaN
0,3,3,NaN
0,3,3,0.7925166447343686
0,3,3,NaN
0,3,3,NaN
0,3,3,NaN
0,3,3,NaN
0,3,3,NaN
0,3,3,NaN
0,3,3,NaN
0,3,3,0.03782247324613561
0,3,3,NaN
0,3,3,NaN
0,3,3,NaN
0,3,3,NaN
