hfq_lcd_1,hfq_lcd_2,nb_ints,bp_fdr
29287,44193,73480,NaN
29294,44150,73444,NaN
18233,44455,62688,0.000416129223029647
17983,43138,61121,1.5911383025919284e-6
17886,43056,60942,0.05719132210276706
17641,42839,60480,0.0012861414622708615
17748,42685,60433,6.13006708319463e-5
17075,41649,58724,0.49543559874771725
44367,13260,57627,0.03461188950865401
43290,13092,56382,7.37183783972774e-7
12016,33902,45918,0.0024377779901720367
10957,32501,43458,0.0005482685109262525
10542,31505,42047,0.04839196304263089
10183,30884,41067,0.015714911811700545
10188,30511,40699,0.17361805857916565
10172,30460,40632,0.0016145952690293027
10022,25431,35453,0.03140594617046862
9674,24815,34489,0.04531425270758149
9514,24523,34037,0.07361819104140599
8802,23394,32196,0.36011793790823543
13433,18403,31836,NaN
8822,22947,31769,0.08863771796454506
13215,18081,31296,NaN
8530,22598,31128,0.10484652883461164
12287,14011,26298,NaN
12180,13763,25943,NaN
13724,9771,23495,0.21185071034975703
13295,8689,21984,0.545442080694089
13325,8121,21446,0.15938727449707998
6487,14689,21176,0.030758156819904358
6087,14706,20793,0.02045001410876503
6020,14411,20431,0.0009702969441883851
5967,14377,20344,0.06623470000158843
6114,14216,20330,0.0021097079919752504
5777,14045,19822,3.0183048396033724e-5
14270,5432,19702,0.007953334043396838
8681,10597,19278,NaN
8476,10524,19000,NaN
12037,6777,18814,0.7399298611810918
10676,7881,18557,0.49543559874771725
10690,7629,18319,0.15938727449707998
4932,12804,17736,9.221021754620868e-5
4828,12805,17633,0.006162005486132496
7959,9598,17557,NaN
4917,12556,17473,0.00038268177380102
4757,12703,17460,0.005220048488102686
4809,12584,17393,0.0002761155829927521
7993,9300,17293,NaN
4832,12379,17211,0.0002243953491727953
4805,12327,17132,0.0004377496677669233
4847,12046,16893,0.0043214014440346
5815,10541,16356,NaN
5594,10422,16016,NaN
11094,4314,15408,0.9999935922552888
4244,11064,15308,0.0006003054994516997
9985,4952,14937,0.914373881847456
5508,8428,13936,NaN
5377,8415,13792,NaN
5384,8370,13754,NaN
5416,8306,13722,NaN
3691,9867,13558,0.04236764586806576
7296,5886,13182,4.020196813277631e-20
8251,3595,11846,2.945353362200485e-14
8734,3005,11739,8.884958867460237e-9
7873,2965,10838,0.4781957166090772
4606,6151,10757,NaN
4477,6102,10579,NaN
4319,5889,10208,NaN
6088,3982,10070,3.0702318581185833e-7
4287,5684,9971,NaN
3717,6194,9911,NaN
7580,2102,9682,3.1996749329369007e-19
7483,1651,9134,6.389576091729658e-5
2304,6326,8630,0.5873856835211906
2109,6468,8577,0.02304392086298788
5616,2728,8344,1.9219598692863172e-7
6460,1858,8318,4.572372510266688e-32
5921,2379,8300,7.85267857155477e-11
2126,5967,8093,0.556053261693435
5947,2135,8082,0.3920056793969034
5545,2474,8019,9.820758163217259e-5
4298,3260,7558,0.08596965406534514
5268,2077,7345,0.0006862461678575344
2593,4738,7331,0.3418817923037201
5456,1711,7167,0.2996747596134443
2384,4605,6989,NaN
2290,4695,6985,NaN
5367,1590,6957,4.398226758341998e-54
3126,3735,6861,NaN
3124,3701,6825,NaN
3054,3595,6649,NaN
2979,3637,6616,NaN
2934,3497,6431,NaN
2409,4015,6424,NaN
1851,4548,6399,0.15478875629918132
2948,3441,6389,NaN
2913,3465,6378,NaN
2858,3302,6160,NaN
2296,3767,6063,NaN
2717,3218,5935,NaN
3249,2612,5861,0.4475557477195245
1426,4390,5816,0.03197682167393736
2631,3169,5800,NaN
1471,4273,5744,0.0013249013882564152
2050,3677,5727,NaN
4110,1534,5644,9.796009368635738e-20
1983,3651,5634,NaN
4029,1579,5608,2.9743547033742806e-10
3727,1778,5505,0.6989424342060874
3948,1489,5437,1.7323320675033043e-12
3499,1776,5275,0.9999184769128274
3516,1759,5275,0.6006912051840948
2732,2519,5251,0.3757976335022211
1431,3765,5196,0.26811649550338373
1729,3240,4969,0.026904752206985252
1367,3575,4942,2.1741355390785267e-6
3411,1486,4897,0.1155597461107662
3245,1636,4881,3.7112115839713655e-7
1354,3421,4775,0.5285713137849607
1294,3431,4725,0.08268616063448464
1322,3275,4597,0.0024305737656113596
1296,3277,4573,0.2131739554249933
3315,1242,4557,0.47059718300816017
1913,2642,4555,NaN
2610,1786,4396,0.6702003176138396
3198,1187,4385,9.681534322730097e-12
2986,1382,4368,3.2816390654091013e-15
1186,3177,4363,0.2788434629344524
1162,3190,4352,0.11591608918345511
2810,1487,4297,0.013408454150382063
2911,1346,4257,0.24617416480616788
1255,2920,4175,0.12004976413680925
1755,2397,4152,NaN
1589,2491,4080,0.04596485387213393
3078,965,4043,1.0724624090190278e-21
2738,1284,4022,1.5398960902377837e-10
2884,1115,3999,2.994349947938489e-25
2833,1122,3955,0.3236338829271008
1673,2281,3954,NaN
1469,2445,3914,0.005875755863807433
1072,2837,3909,0.43678294588664146
2247,1607,3854,0.49543559874771725
1597,2242,3839,NaN
1076,2726,3802,0.2198858292707052
1402,2335,3737,0.003623697543526595
1150,2511,3661,0.5572941412899695
936,2703,3639,NaN
2296,1282,3578,0.8635312259445812
863,2709,3572,NaN
2309,1262,3571,0.7810055657748826
1004,2563,3567,0.013540440973441077
2096,1458,3554,0.0004925015255378425
2663,875,3538,0.9699688204277042
1031,2504,3535,8.966738530159074e-5
2401,989,3390,3.9171702771706094e-10
983,2398,3381,0.0009774962874539443
903,2473,3376,0.8242392383158169
1364,1969,3333,NaN
2367,963,3330,0.23019797850379875
876,2438,3314,0.6482663567218688
1361,1928,3289,NaN
2542,727,3269,0.05947402934147406
2428,794,3222,0.34628659620070884
1041,2105,3146,NaN
1479,1659,3138,0.10032275229784271
973,2129,3102,0.14597773881033854
1013,2088,3101,NaN
1439,1642,3081,NaN
1811,1269,3080,1.0029442656593228e-15
1371,1641,3012,NaN
1355,1644,2999,NaN
1376,1592,2968,NaN
1336,1580,2916,NaN
1170,1726,2896,NaN
2130,758,2888,0.9961365384465495
1123,1717,2840,NaN
1286,1552,2838,NaN
1336,1485,2821,NaN
1765,1045,2810,9.66413266880523e-38
1100,1705,2805,NaN
1078,1716,2794,NaN
1114,1649,2763,NaN
1919,831,2750,0.011335119107957231
1089,1615,2704,NaN
1898,696,2594,0.01181718149279685
1933,659,2592,0.02678150639374364
1912,657,2569,0.016656938369781698
1046,1519,2565,NaN
1019,1524,2543,NaN
1820,696,2516,0.003404124220755101
1776,723,2499,2.6421949760438823e-11
1699,764,2463,2.2359307746388132e-11
1733,728,2461,0.5684159837473552
1679,770,2449,4.3791338868175426e-7
1793,655,2448,0.09081883633976674
1109,1319,2428,NaN
1588,782,2370,0.1200816838446524
1611,740,2351,2.3303791261932065e-28
1529,821,2350,0.28071473329491864
1367,947,2314,2.2633274694208605e-13
1382,898,2280,0.00018557224997710984
906,1352,2258,NaN
1698,554,2252,0.0005932662962095539
1572,678,2250,3.6035569239767766e-5
638,1542,2180,0.33880233003345656
1497,674,2171,0.7929338376315631
1653,497,2150,7.773339189571441e-7
647,1475,2122,0.18637882205064288
1579,520,2099,0.15938727449707998
1596,495,2091,1.1154350861074824e-45
1468,612,2080,2.220846434613411e-31
1568,497,2065,0.0016716325299173341
655,1408,2063,0.032853775051729074
1514,546,2060,5.387830343799678e-5
601,1457,2058,0.2232445271913284
604,1440,2044,0.004026654864616312
1347,689,2036,0.10032275229784271
1594,439,2033,0.5449183268097408
608,1417,2025,0.004849887336062892
1738,284,2022,8.41821254035931e-6
1462,534,1996,3.120002404361846e-5
1421,573,1994,4.681636967129918e-11
1273,701,1974,5.160289686545233e-10
552,1411,1963,NaN
1581,368,1949,0.6717661875924231
489,1453,1942,0.07263381302130241
776,1080,1856,NaN
1106,746,1852,0.7730868113868833
414,1430,1844,0.003779355310924807
1297,529,1826,0.6536364591458066
1004,819,1823,0.00016068925514878659
1218,603,1821,0.4475557477195245
1180,638,1818,0.7772838431224994
1286,514,1800,0.001866643675247707
529,1245,1774,0.00018530441080616056
1236,534,1770,0.06235144846047451
1352,399,1751,0.49543559874771725
1072,670,1742,9.313260655370849e-14
646,1094,1740,0.49543559874771725
1286,443,1729,0.00016199178864728878
575,1151,1726,0.35778606846076433
1099,625,1724,0.24290906152647984
1227,479,1706,6.244374668974466e-14
1164,540,1704,8.1420919562261e-15
1214,488,1702,0.017927465434070016
1228,469,1697,1.1843040698984148e-10
1185,498,1683,0.000359058994640979
708,974,1682,NaN
555,1117,1672,0.450903821167878
1227,434,1661,0.09114457936265738
1243,410,1653,0.000989580902714798
1415,235,1650,2.4421040323719263e-11
1178,464,1642,3.221889508781292e-13
1108,532,1640,0.00035166955727543775
401,1232,1633,0.007947686112412977
1141,481,1622,3.316796687531203e-10
1200,418,1618,0.3363058833073891
365,1233,1598,0.005887437449076764
996,550,1546,1.018426535705131e-29
1102,430,1532,0.1206662087758302
1060,462,1522,4.631573790627266e-18
1098,415,1513,1.9816496879297725e-5
1022,480,1502,0.07361819104140599
1009,489,1498,1.1029620173804438e-7
1041,451,1492,0.003281870566677431
1032,451,1483,1.4493678701151597e-13
470,1010,1480,0.8928898560945545
420,1051,1471,0.8827570506600473
1027,434,1461,5.487845515124067e-5
332,1110,1442,0.11531479342548305
1042,399,1441,0.0009897767246033356
992,446,1438,0.7423423413009405
453,984,1437,0.13201163592947762
917,518,1435,1.3938468824086942e-9
481,948,1429,0.22311830232071858
433,989,1422,0.6872933491401211
878,541,1419,NaN
493,926,1419,NaN
984,428,1412,0.9789190809366978
917,495,1412,0.8237080657963236
1153,255,1408,2.5778904525004424e-13
997,410,1407,2.2248554295368594e-15
1038,363,1401,0.35672176249845305
1077,320,1397,1.6329090215744713e-58
406,990,1396,0.9019699017640147
680,715,1395,NaN
773,621,1394,0.18543873211361622
984,408,1392,9.100119129422095e-7
1024,366,1390,0.07361819104140599
463,911,1374,NaN
947,426,1373,1.656562741541841e-13
1048,325,1373,0.21421058729471282
914,453,1367,0.9935691621238438
914,447,1361,0.08454340729325553
480,880,1360,NaN
548,809,1357,NaN
680,672,1352,0.4155618969404342
868,471,1339,1.0542290556661915e-22
450,886,1336,NaN
1030,304,1334,0.0004413278445256271
706,624,1330,0.7092033041123709
992,337,1329,0.0018020491080219508
861,467,1328,0.000563042552181204
1006,321,1327,0.0016716607520115057
998,328,1326,0.0015506799637766114
477,849,1326,NaN
875,450,1325,2.557752660687328e-5
664,656,1320,0.5466069704647092
1004,310,1314,5.220657149388651e-13
1045,265,1310,4.465653744115612e-12
692,616,1308,0.4475557477195245
889,418,1307,0.002306049932923236
895,410,1305,0.3557510427918548
926,377,1303,0.03687619460410908
852,447,1299,0.014177778313760518
489,807,1296,NaN
669,624,1293,0.663484755810602
442,843,1285,0.22498386269722465
726,547,1273,0.004243052065979369
946,324,1270,0.5035377530908015
991,275,1266,1.049555710283114e-7
643,622,1265,0.3960183260603288
779,485,1264,0.016656938369781698
1002,257,1259,0.6810938732570987
346,912,1258,0.045594929037135704
789,464,1253,1.8031294307491278e-5
717,534,1251,2.3749264830709546e-13
517,725,1242,0.10032275229784271
673,565,1238,0.3789402732076561
846,388,1234,4.432568058076685e-14
472,736,1208,NaN
766,434,1200,0.12124329712883125
524,666,1190,NaN
693,491,1184,2.96802895580897e-15
889,290,1179,0.011481546435084472
343,836,1179,0.3368416998819596
921,255,1176,1.6532913581406298e-25
740,436,1176,0.619427914833329
789,384,1173,0.005964823149928034
900,263,1163,8.98297454162696e-5
884,278,1162,0.02578818895779755
427,735,1162,NaN
585,565,1150,NaN
857,291,1148,0.01375576274461223
698,449,1147,0.014378876956174035
409,735,1144,0.0028517212633043768
784,351,1135,3.658877921887733e-5
407,724,1131,NaN
462,668,1130,0.24290906152647984
420,708,1128,0.631220773570296
368,759,1127,0.13695747655435897
414,711,1125,NaN
759,365,1124,0.8026020898622768
667,453,1120,2.828168763103931e-6
906,206,1112,0.9493033010224405
815,293,1108,0.0016869005958274276
805,303,1108,0.752630514250024
816,290,1106,0.01384068834559692
790,313,1103,0.2809578211923491
688,411,1099,0.6482663567218688
796,303,1099,0.7977883021586585
382,716,1098,0.09180520026970693
798,296,1094,0.18348414923983342
646,444,1090,0.246419110699532
594,493,1087,0.631220773570296
700,386,1086,0.9916966421839661
783,300,1083,8.558311937869495e-14
762,319,1081,0.638633344705031
710,367,1077,0.0002582835982590141
761,316,1077,2.30029574407405e-29
790,271,1061,0.0016145952690293027
741,315,1056,0.9999184769128274
792,242,1034,0.7367386440109126
651,380,1031,4.442796774792707e-5
672,354,1026,1.4247532176164192e-6
683,339,1022,1.3721870931953546e-5
841,180,1021,2.519088847642411e-10
701,320,1021,0.31538291069709495
668,351,1019,2.0916837705971625e-7
833,186,1019,1.559181800945093e-17
561,458,1019,0.09201797415187003
378,635,1013,0.13695747655435897
793,214,1007,0.007662064402974918
668,336,1004,0.8958762517401009
641,360,1001,2.610662480680783e-7
675,322,997,6.275329746888842e-5
601,394,995,9.29487905655179e-17
629,366,995,0.563033440641264
357,632,989,0.21185071034975703
660,329,989,0.08740466574994113
547,435,982,9.095548877785558e-19
348,634,982,NaN
348,631,979,0.7423423413009405
792,183,975,4.931950252481284e-11
591,383,974,0.03437174100009063
609,362,971,0.5865196674031864
375,595,970,NaN
583,385,968,NaN
622,345,967,0.11735031057960332
562,400,962,0.41422809404267186
450,503,953,NaN
308,644,952,0.10032275229784271
308,636,944,0.15938727449707998
658,275,933,0.2213117434291423
339,590,929,0.8273404403689961
449,474,923,NaN
673,245,918,0.0010259780021842969
601,316,917,0.004303432981538739
554,360,914,NaN
582,330,912,0.6339049908076825
692,218,910,1.2596767092395105e-5
731,176,907,0.6717661875924231
532,372,904,NaN
538,362,900,NaN
764,135,899,9.070765276972056e-6
677,221,898,0.01607423131044481
658,233,891,0.39514516247976234
622,267,889,0.027309513645956317
409,479,888,NaN
692,196,888,3.8855168361109476e-7
269,617,886,NaN
308,578,886,0.18348414923983342
591,287,878,1.7143956411767314e-11
561,317,878,0.6270604675111294
566,304,870,0.9594158842283513
644,219,863,1.0300331132495185e-17
501,361,862,0.23958978487219265
521,334,855,NaN
227,625,852,0.5530503549275874
668,180,848,0.008134130309539201
585,261,846,0.0006747534015056567
272,569,841,0.4011103777394731
550,290,840,3.519650142177574e-7
591,248,839,0.0913686326135765
472,365,837,0.21794111823823145
507,330,837,NaN
582,255,837,2.4514571583150704e-6
559,277,836,0.09510149962539646
674,160,834,1.92372572010515e-19
405,427,832,NaN
612,218,830,0.4011103777394731
511,315,826,0.0018844210120974505
226,595,821,0.21303496957047344
662,155,817,1.875975651075805e-10
276,533,809,0.5417209770628222
487,316,803,0.007108851923309313
588,210,798,1.3627379379175873e-5
514,281,795,6.301090757128078e-7
552,238,790,0.10032275229784271
529,260,789,0.015875337349095155
350,437,787,NaN
218,567,785,0.02803869711770341
550,233,783,1.4607237333295328e-9
298,483,781,0.24290906152647984
447,332,779,0.05838309721633309
566,209,775,0.015397918427153138
548,225,773,0.5672778376325323
639,134,773,2.491609786668408e-9
457,316,773,7.153519693542135e-18
501,269,770,0.0003977805933448445
471,295,766,6.158201902410083e-12
581,182,763,1.6472893198784413e-13
589,168,757,6.919082978685821e-17
249,504,753,NaN
561,190,751,0.8652322931034484
558,191,749,0.7567402035046963
461,284,745,0.0003019855809396514
524,219,743,0.050268556942243546
490,250,740,4.392427557684255e-6
211,529,740,0.28048161633914653
536,202,738,0.801053019100495
216,522,738,0.31538291069709495
475,262,737,0.8679189613997627
554,182,736,2.0172103684963955e-6
505,230,735,0.01384068834559692
562,172,734,0.8450772854630715
462,272,734,3.546705876202369e-23
240,489,729,NaN
539,189,728,0.7764843257154478
479,243,722,6.304040862732045e-46
412,308,720,0.41555559780123763
535,183,718,0.0654839786318952
398,318,716,0.7423423413009405
486,222,708,NaN
198,509,707,0.16664564775564467
516,189,705,0.032354255843201986
524,180,704,0.8012183129642948
524,176,700,0.7471045596579484
545,152,697,0.015067486777238596
481,210,691,0.24290906152647984
508,181,689,0.8199065020451013
491,195,686,4.825395044891738e-6
486,200,686,1.5061150980790308e-17
507,178,685,5.386037297737455e-5
525,159,684,0.0028788935843253277
505,178,683,0.8006696868167401
531,151,682,0.9054944763750795
225,452,677,0.15938727449707998
239,429,668,0.21793114523149193
377,289,666,0.03495928949122009
527,139,666,9.182746039631772e-6
343,319,662,0.19707611935753971
365,294,659,0.007349342594627595
469,187,656,3.1389400045952765e-5
406,250,656,0.5840186964938199
375,278,653,0.7205877402301744
448,202,650,8.974316839520169e-10
405,243,648,3.2225594966585933e-8
482,166,648,0.9537515275081351
524,123,647,0.01702404196446299
474,172,646,1.3627379379175873e-5
359,283,642,0.42206621896939656
443,198,641,0.012595656340661728
413,227,640,4.879590902546424e-12
406,233,639,0.7092033041123709
498,140,638,0.0971684793721999
451,186,637,0.10086574492125504
439,196,635,0.0028795077713149615
222,409,631,0.2750595555450524
453,178,631,3.2133260004466263e-14
443,187,630,0.33070721322117175
480,148,628,0.00018240415068341987
453,175,628,4.181655818682869e-7
231,396,627,NaN
443,174,617,0.06161696922580816
212,405,617,0.5148282693924333
461,155,616,2.5996926577328586e-11
402,214,616,3.229161711015314e-10
400,216,616,0.0017810033610644073
422,193,615,0.26167092007444864
451,156,607,0.1932190769900491
434,172,606,3.136601511556148e-16
361,244,605,0.5934186032564566
354,251,605,0.8829429294070849
357,241,598,1.814765228195769e-5
436,161,597,0.021836359342213976
395,200,595,0.0007977806156987212
340,254,594,0.2710403472204622
431,163,594,2.1262085874829865e-11
438,155,593,0.9137791798943785
417,175,592,2.0615302807938994e-9
419,173,592,2.5264761480217085e-13
457,134,591,0.5417157464918063
409,180,589,0.9011432782440703
428,159,587,0.00012454441154603735
213,372,585,0.08612589160650815
235,349,584,0.4475557477195245
426,156,582,0.9916966421839661
363,213,576,0.02984664418460369
345,231,576,0.001996457992211257
202,374,576,0.5417209770628222
338,237,575,0.28215151070981126
392,182,574,8.860258270034203e-5
219,355,574,NaN
393,180,573,1.0168426728794376e-14
411,155,566,0.5344906679128085
203,363,566,0.164811978123913
276,288,564,0.8064387696116678
301,263,564,0.022937786027557038
215,348,563,NaN
399,159,558,0.7760381621991888
413,145,558,0.008049307989416773
197,361,558,0.9137791798943785
209,348,557,0.023437746643316073
360,197,557,0.0007282212125636896
418,138,556,0.7092033041123709
430,125,555,0.26966864706022203
162,392,554,0.24290906152647984
385,168,553,0.5004286506494144
356,197,553,1.3502549066917726e-11
364,186,550,NaN
347,201,548,0.670919761545765
402,146,548,2.9270219723145736e-7
408,136,544,8.089834831263332e-27
389,153,542,1.4699358333292003e-17
334,208,542,0.3475120496612654
412,130,542,0.6717661875924231
406,135,541,0.00018321727524725807
284,255,539,9.36880891931251e-24
351,186,537,0.03115242927386653
361,175,536,4.72767321085374e-6
373,163,536,0.0004991992616192845
375,159,534,0.7667693653336002
336,198,534,0.002987361809611806
368,163,531,0.016656938369781698
327,202,529,0.002260392335728645
399,129,528,0.014745268779864429
395,133,528,0.013006476957244748
366,161,527,0.1111833221214585
384,143,527,0.4563241902817493
40,487,527,0.1681872917349282
365,160,525,6.367284002051576e-7
99,425,524,0.0014071257449122633
372,152,524,0.5739817658952152
385,137,522,9.226243268589195e-7
332,189,521,0.0006142148578007364
379,142,521,0.4011103777394731
161,359,520,NaN
328,192,520,3.7614468594319913e-11
362,158,520,0.5311932124284416
374,145,519,0.24290906152647984
390,129,519,0.005530012845895067
303,215,518,NaN
377,141,518,9.64194050246802e-5
399,119,518,0.1841748992236659
362,156,518,7.4195966986490845e-6
330,188,518,0.3557510427918548
351,166,517,0.0011479411764696121
273,243,516,0.8068207208047298
381,133,514,0.002506905929186544
374,138,512,0.9721309409601094
413,96,509,2.963250798217433e-5
177,331,508,0.8237080657963236
326,180,506,0.759417512085662
354,151,505,0.6614847963339708
352,153,505,NaN
357,148,505,4.7521854488552763e-7
347,156,503,0.0002701843249618543
341,161,502,1.0578409425855538e-17
368,133,501,0.00015268797909301577
349,151,500,3.3113208858233912e-6
286,212,498,0.7092033041123709
350,147,497,0.02839421656669676
383,114,497,0.018115007459142414
408,89,497,6.1293742699132e-9
371,124,495,3.895337930771238e-7
312,183,495,0.0007953401993406627
329,164,493,6.770341495139283e-19
306,187,493,3.2500896243396995e-11
369,123,492,9.479121997401049e-18
357,135,492,0.0017586543877285716
362,127,489,0.569223695751707
320,169,489,0.7575043498576619
309,178,487,3.16482057197689e-10
373,113,486,0.000786324011752554
355,130,485,7.85267857155477e-11
184,300,484,0.18493726411462888
362,121,483,0.9012340258276824
360,121,481,2.2666804582523068e-11
254,226,480,7.603127158233772e-5
344,135,479,4.1111345541829746e-10
366,112,478,0.9950835015825306
335,143,478,2.6432866627908085e-5
318,160,478,0.016013308691301804
38,439,477,0.029022303905307887
311,164,475,2.9416913712499207e-8
304,170,474,0.00016557882028802944
312,161,473,0.007671044080167276
283,190,473,0.41740639649063016
157,316,473,0.4155618969404342
266,206,472,3.057735844940087e-6
17,455,472,0.7455427470345629
333,139,472,NaN
131,341,472,0.17061968600930538
366,105,471,0.04513494929782422
380,90,470,5.212433567291241e-35
338,132,470,7.552444829238268e-11
273,196,469,0.6390588268216347
302,167,469,5.8230384773776436e-5
337,132,469,4.214263553999681e-5
361,107,468,0.6261070981568574
159,309,468,0.005530012845895067
312,156,468,4.524181962055842e-11
355,109,464,1.502358592709454e-9
369,94,463,0.08314666399987719
291,171,462,1.3141864023065222e-6
147,314,461,0.1442430201095987
258,200,458,0.026796831503229934
311,144,455,4.716565114853178e-16
322,132,454,1.8493899149031872e-11
290,164,454,0.05874651298217758
302,150,452,0.21185071034975703
239,211,450,0.2701766251357411
281,168,449,0.0028063552839243857
325,124,449,8.450300078106811e-5
263,186,449,0.9394569650180941
315,133,448,6.519469163465167e-13
351,93,444,0.321221426047442
291,153,444,5.179801276793104e-6
312,132,444,2.84197835379071e-15
301,143,444,0.631220773570296
341,99,440,2.4493504210433194e-12
323,116,439,1.281332597998234e-19
314,124,438,5.424410101280714e-7
299,139,438,0.20815159145568335
102,336,438,0.004882883881653274
146,291,437,0.06771322350663006
261,176,437,0.6307892959593724
314,121,435,0.004513431661852561
311,123,434,1.3960657339097494e-11
219,215,434,0.3888140191088024
288,145,433,0.8918007111474573
332,100,432,0.17315946640643082
244,188,432,0.004569794401285245
289,142,431,1.7819316271647175e-6
218,212,430,0.8652322931034484
329,100,429,3.844907242680488e-5
361,68,429,0.0259591355852181
335,94,429,5.296878186640842e-7
299,129,428,0.9215098426543255
262,165,427,0.032853775051729074
292,133,425,0.0001437570115893417
285,140,425,0.5125296110325024
261,163,424,0.0020200669285706887
334,90,424,0.1765306460416227
327,97,424,0.6378509817028762
251,172,423,0.030281684715849938
345,76,421,0.05051613193744385
235,185,420,0.015392544360838704
162,258,420,0.49569265073737184
298,121,419,1.4350405856058798e-18
282,137,419,1.066265185056436e-7
255,163,418,0.997889325925379
273,144,417,4.210751232939307e-5
144,273,417,NaN
201,216,417,0.019796251803769704
275,141,416,NaN
283,132,415,0.8297878623200927
294,120,414,6.519469163465167e-13
287,127,414,0.07543892630470299
338,75,413,2.290146839669926e-7
85,326,411,2.0576004542137485e-7
162,249,411,NaN
134,276,410,0.0040285477034800584
239,171,410,0.9916966421839661
263,147,410,0.19366392612081315
312,97,409,0.7726517314264018
309,100,409,0.7092033041123709
144,265,409,0.9789190809366978
148,260,408,0.15938727449707998
277,130,407,0.0399895577360755
145,262,407,0.631220773570296
283,124,407,2.7334974364727863e-17
279,127,406,1.588265199437031e-6
268,138,406,1.1275284720588732e-7
329,77,406,0.08681996302186645
290,114,404,NaN
278,126,404,7.290286062751745e-7
140,262,402,0.4144725532144906
305,97,402,0.8450772854630715
71,331,402,0.008099718060819962
266,135,401,0.7423423413009405
232,169,401,0.7289833287438412
318,83,401,0.2280999960762163
247,153,400,0.386451016875126
240,160,400,0.2886060864684747
219,178,397,2.79902230999858e-11
278,119,397,0.09371442244378198
333,64,397,0.37472328455265547
278,119,397,0.13928359195185808
271,125,396,0.006912173936374177
271,124,395,0.6843845575221035
211,183,394,0.29810703568706703
261,133,394,0.03551026815593706
210,183,393,0.008878398081301118
261,131,392,0.24086993290804984
297,95,392,0.4334241705494686
282,109,391,0.08425994499935453
258,132,390,0.007081988936516781
236,154,390,1.8615395495026067e-17
151,239,390,0.5677844701337181
148,241,389,0.1205032423776778
252,136,388,0.9590286414731528
123,265,388,NaN
299,88,387,5.712596241331687e-13
256,130,386,0.007645103584094198
246,139,385,0.26604337592293614
226,159,385,0.9029222933456095
268,116,384,0.02803869711770341
269,114,383,0.8596325355572
260,123,383,9.038930967709074e-9
216,166,382,0.6698788055378292
300,82,382,7.827802972005542e-5
255,126,381,7.700432543536526e-5
257,123,380,0.9352954805987455
222,157,379,0.3172334325391073
222,156,378,0.5381707567276771
273,103,376,0.24965032051919894
217,159,376,6.702011411167969e-11
138,235,373,NaN
256,117,373,5.650781724802543e-11
23,349,372,0.4071722505284576
271,100,371,0.010539355997850663
231,140,371,0.00291029030247397
253,115,368,0.826340972064443
258,110,368,0.5796108754757939
267,101,368,0.4475557477195245
252,115,367,0.9588299566666871
284,82,366,0.8652322931034484
284,81,365,0.13938281040560527
249,115,364,0.8840328478926476
197,167,364,4.2098018594593685e-11
203,160,363,0.0003223368496086517
267,96,363,0.019221420813100853
258,105,363,4.0267965831034256e-5
26,337,363,0.014641920730360478
251,111,362,0.03307529944720139
232,129,361,0.21657264048328526
273,87,360,4.637488151322895e-11
270,90,360,0.0024126205505019334
267,92,359,0.19959907470489832
242,117,359,0.3207545844738191
255,103,358,1.38960945534886e-8
277,81,358,0.005470289416445413
267,91,358,0.000713877898576595
272,85,357,2.3401930310901515e-16
289,68,357,0.0020956078012940122
269,88,357,0.8827570506600473
19,338,357,0.13695747655435897
251,105,356,0.08612589160650815
289,65,354,0.4073883301637009
232,122,354,0.714562597318682
246,107,353,0.17416563700949528
259,93,352,0.631220773570296
261,90,351,3.763624641363656e-7
161,190,351,0.9733084005106692
253,96,349,0.019826946844161263
262,87,349,0.7498914042714114
119,230,349,0.31538291069709495
25,324,349,0.036036832409506635
16,333,349,0.0076665282557453465
246,102,348,NaN
246,102,348,0.8320883450050467
249,99,348,6.124533430489567e-6
188,160,348,0.10393315791024997
266,81,347,0.002675438762117745
237,110,347,3.8600778028853794e-12
228,118,346,0.7423423413009405
248,98,346,NaN
259,85,344,6.1122243538962634e-15
249,94,343,3.8367414774703596e-15
244,99,343,0.0007094095828482595
236,105,341,0.2502587736032143
247,94,341,0.28227828798661897
218,122,340,7.537680091959841e-8
242,98,340,0.02787455723542097
247,92,339,0.2783692877527476
251,88,339,0.9248626509811821
85,253,338,0.3557510427918548
262,76,338,1.5836743319996288e-8
262,76,338,0.0001990092922886403
235,103,338,1.0451993882779445e-5
162,176,338,0.6950686511737141
235,102,337,0.005251276524751621
274,63,337,0.07977372773776752
246,90,336,1.0725166065720575e-6
229,107,336,0.22096478128244906
231,105,336,0.31538291069709495
225,111,336,0.5417209770628222
235,101,336,2.624772468394795e-7
197,138,335,0.09466571838650399
263,72,335,0.2783692877527476
186,145,331,2.2294094657138073e-9
269,62,331,1.5681014868192545e-5
177,154,331,0.3892404650973566
234,97,331,1.906087302574598e-5
245,85,330,0.24290906152647984
212,117,329,0.8154787218933993
219,110,329,0.00013281713555631698
232,97,329,1.2805634389721551e-5
271,58,329,0.017652793069343847
220,109,329,0.06843332932655227
216,111,327,0.0038346134021225186
234,93,327,8.49910212299682e-13
102,225,327,0.27865345825553495
237,89,326,0.011601628003786328
261,65,326,0.018423910026202722
226,100,326,0.6703217933292486
216,110,326,7.2103526975121e-5
198,128,326,0.14200068854108394
235,90,325,0.8006586145440605
197,128,325,0.032853775051729074
232,93,325,0.0007269970084267489
201,123,324,0.01188642954117972
241,83,324,6.802572013409524e-6
237,87,324,0.053556438906752275
227,97,324,NaN
227,97,324,0.31538291069709495
209,114,323,9.689423594218353e-11
235,88,323,4.5792664152664e-12
63,260,323,0.07361819104140599
230,92,322,0.9272124484159221
245,77,322,0.3156192842376771
188,134,322,2.2852323246011844e-5
236,86,322,0.26385831561953044
209,112,321,0.8450772854630715
226,94,320,0.24290906152647984
212,108,320,6.6471706013121825e-6
200,120,320,5.4216951052348545e-8
236,83,319,0.0006009425893243823
14,305,319,0.09126787219337591
224,94,318,0.9789190809366978
225,93,318,0.019011173885964766
167,151,318,1.3130222862028725e-23
171,146,317,1.6394544132835612e-20
210,107,317,1.6144697911704794e-9
230,87,317,0.8928267702931925
193,124,317,0.6977762103463471
230,86,316,2.726341725543672e-5
224,92,316,0.5867949713560063
225,91,316,0.005712261895843228
194,122,316,9.626244403669636e-6
242,74,316,0.0009479689787964114
132,183,315,0.4676383791597575
212,102,314,0.08022806880018019
231,83,314,6.519851255879508e-11
158,155,313,1.0449441805833895e-25
198,115,313,0.9106394618273671
193,120,313,2.8670308868273223e-14
235,78,313,0.15937984352861614
229,84,313,NaN
184,129,313,0.11150724197998926
247,65,312,3.143549666563414e-6
204,108,312,NaN
199,113,312,2.8997268038305934e-12
160,152,312,0.7023076718738471
191,120,311,0.5417209770628222
207,104,311,0.8652322931034484
216,94,310,0.0051653647514528205
224,86,310,0.002744424131849029
82,228,310,0.31634893464844815
196,113,309,NaN
215,94,309,0.006889240629529164
191,118,309,0.00382657191226249
122,187,309,NaN
237,71,308,0.04091139172879158
197,111,308,3.339487436412259e-10
209,99,308,0.24290906152647984
236,71,307,0.014177778313760518
134,173,307,0.00014138464484885114
100,207,307,0.15232276814790438
151,156,307,7.713790388589842e-11
139,167,306,0.001639209500081763
255,51,306,0.10888993879062349
181,125,306,0.02166481530238546
167,139,306,0.053403585195637635
85,220,305,0.08674544438344697
207,98,305,0.0018557142433317034
129,176,305,0.0013382318719190858
178,127,305,1.1651021216068884e-10
140,165,305,0.0002235594697547623
217,87,304,0.7423423413009405
216,88,304,0.0015317191245299373
89,215,304,0.02473623408719994
96,208,304,0.4475557477195245
205,99,304,0.5865196674031864
193,110,303,0.9358818452794752
209,93,302,0.29209596320638387
50,252,302,0.02273752721441331
212,90,302,1.112809918733269e-9
206,95,301,1.7566604451923167e-20
199,102,301,1.1553150606333488e-9
196,105,301,0.7423423413009405
183,117,300,0.000424645780987646
221,79,300,2.3621046777720892e-9
196,104,300,0.0630282359819421
236,64,300,0.9953158969894556
174,126,300,0.6563181843717368
101,199,300,0.1045240737737313
197,102,299,0.0022775711916964464
144,155,299,0.00109181297879201
91,208,299,0.032853775051729074
204,95,299,0.45145152132093413
53,246,299,0.00014176291933487835
163,135,298,0.3603275426265052
208,90,298,0.5238767279415303
193,105,298,0.0007212467213942971
93,205,298,0.11236162031279354
191,106,297,0.21518243471197462
221,76,297,0.0026227310127150062
216,80,296,0.03913955895841429
220,76,296,0.8933041695230786
209,86,295,0.23811109400633318
124,171,295,0.004769991761607093
239,56,295,0.5137982200219997
160,135,295,5.152455600223025e-27
207,87,294,0.8095178252275483
248,46,294,0.7367634883609288
131,163,294,3.831938095295697e-23
15,277,292,0.01204028496772446
202,89,291,0.7092033041123709
224,67,291,0.02432388635339944
194,97,291,0.4011103777394731
192,99,291,0.4352792448711989
192,98,290,0.05384374316057566
207,83,290,3.831115233527198e-13
87,203,290,0.016656938369781698
215,74,289,9.827376871919983e-14
193,96,289,0.08177292321692026
94,195,289,NaN
207,82,289,0.30328442138877376
177,112,289,0.0008258849785523078
217,72,289,0.08729603061041259
107,182,289,NaN
12,277,289,0.3432036639077392
222,66,288,6.028567134987454e-5
191,97,288,0.05171116981477295
128,160,288,0.5417209770628222
213,75,288,0.10556895081407713
192,95,287,0.31538291069709495
163,124,287,0.004198206197558693
121,165,286,0.031956098636006514
74,211,285,0.5146763735289283
131,154,285,4.904113709370835e-7
206,79,285,7.49145280926443e-9
215,70,285,1.6006085704777552e-7
221,64,285,0.9001259164326818
219,66,285,0.4475557477195245
144,141,285,2.9452129329817366e-24
17,268,285,0.15594570593606935
209,75,284,5.4399801151342596e-8
173,111,284,0.0024859530415072364
182,102,284,0.49543559874771725
155,128,283,1.6456227165533138e-14
133,149,282,1.3269867237674276e-23
201,81,282,0.8827570506600473
137,145,282,0.669137514602029
135,147,282,0.5865196674031864
174,107,281,0.5805916574480408
125,156,281,0.023437746643316073
200,81,281,1.2621294398830592e-5
173,108,281,0.0017805539136747824
195,85,280,0.5984331673138554
180,100,280,0.2338049886549872
151,129,280,9.088060964898769e-5
209,71,280,0.0026976941668199078
193,86,279,0.7092033041123709
199,79,278,0.7092033041123709
196,82,278,NaN
103,174,277,NaN
134,142,276,NaN
195,81,276,0.7549558075453241
200,76,276,0.0001717731337183576
189,87,276,0.014411066910486036
189,86,275,0.5022467846173346
186,89,275,0.7726517314264018
196,78,274,0.3355760001578451
234,40,274,0.002772440016913542
153,120,273,0.000301721329097187
183,89,272,0.6956563594641252
89,183,272,NaN
201,70,271,0.24286365723220754
214,57,271,0.0032344506104328807
181,90,271,3.316796687531203e-10
146,125,271,0.0004253540308546363
184,87,271,1.6688882182918436e-6
168,102,270,0.09153354828113343
205,65,270,9.026112280768241e-12
193,76,269,6.269359664536518e-10
203,66,269,0.631220773570296
157,112,269,0.13695747655435897
154,115,269,1.751362693205453e-12
9,260,269,0.019603637719523802
200,68,268,0.029429253078674382
185,83,268,5.400861629220229e-10
136,131,267,0.0007135707315997645
174,93,267,0.9310439046714274
162,105,267,0.0044254851866157
200,66,266,0.7611532741153187
189,77,266,7.982792054924024e-18
82,184,266,0.8652322931034484
188,77,265,0.007001077121299175
195,70,265,0.3055791634245381
193,72,265,0.10658283282013511
170,95,265,1.1377669898988467e-6
164,101,265,0.05591392731892874
191,74,265,0.18348414923983342
186,79,265,0.2494557729056143
195,69,264,4.442796774792707e-5
183,81,264,0.13695747655435897
187,76,263,2.6918878375632576e-15
170,93,263,0.0025299531358457445
186,76,262,0.6836959083826257
189,73,262,0.15938727449707998
161,100,261,0.0002267129232957396
195,66,261,0.09249767970911463
201,60,261,0.8691565683650004
192,69,261,0.002148417646864504
179,82,261,0.37588130478730725
179,81,260,0.011399015489234903
148,112,260,0.11304827577587953
190,70,260,0.06959006112867909
118,142,260,0.6669721182606996
184,75,259,0.011415338492835343
190,69,259,0.9923434703043321
164,95,259,0.4011103777394731
156,102,258,0.6226911899425736
143,115,258,0.9001259164326818
153,105,258,1.5316438482790925e-18
201,57,258,0.010886508069557703
178,80,258,NaN
67,191,258,0.4283246995169046
167,90,257,0.15938727449707998
205,52,257,0.10032275229784271
190,67,257,0.030758156819904358
147,110,257,5.6978168860222045e-6
83,174,257,0.33583303689908217
173,82,255,0.8607376687801432
121,134,255,0.4011103777394731
152,102,254,0.06708682882534937
209,45,254,5.454824393390441e-5
117,137,254,0.0051653647514528205
172,82,254,2.688983050783491e-7
150,104,254,0.8956859679659548
140,113,253,0.09572161855949013
180,73,253,0.06769933603361714
75,178,253,0.4539196806192275
180,72,252,0.9974400586664582
140,112,252,0.17356972116971547
120,132,252,0.29008852297690824
82,169,251,0.0032733652150536458
170,81,251,8.311371150531388e-5
172,79,251,0.2909170070193958
201,50,251,0.00011331791740550891
166,85,251,0.031317531621623096
167,84,251,1.6118614433607435e-6
174,77,251,0.2590044820988119
196,54,250,0.02590149517582214
146,103,249,0.023760825617342874
179,70,249,7.739875856574489e-22
137,112,249,2.0164726740712506e-7
174,75,249,4.805550383603964e-8
180,68,248,2.2666804582523068e-11
176,72,248,0.003993397114959853
178,70,248,1.6365170903910322e-8
156,92,248,0.9947902460509087
145,103,248,3.113484177348447e-16
162,86,248,2.7972364314098457e-10
106,142,248,0.6883546990948359
172,76,248,0.4475557477195245
153,95,248,0.03542250385965071
82,165,247,0.4475557477195245
185,62,247,6.344387662339881e-7
181,66,247,0.36048179722137685
137,109,246,0.1155597461107662
177,69,246,1.694886497814326e-38
145,101,246,0.4471765352275641
170,76,246,2.142152707500896e-12
195,51,246,0.19159711197536944
192,53,245,0.3051649903406313
76,169,245,0.6717661875924231
164,80,244,1.925540623744067e-5
194,50,244,1.7396130919949447e-13
118,126,244,0.601534190263531
146,98,244,0.12467051602919636
140,103,243,0.001112573913251107
191,52,243,0.0007909637590685906
142,101,243,3.582102079157195e-10
163,80,243,0.5047852277994632
149,94,243,0.27239628384689707
176,67,243,0.18105624020917252
124,118,242,0.176140425031216
16,226,242,0.6755984234025864
209,33,242,2.5469054933724432e-5
198,43,241,0.0038226302366926763
153,88,241,0.3316687103199243
176,65,241,0.7963349255174819
191,49,240,0.29564968324383994
147,90,237,0.2229466453258954
145,92,237,0.02879541042585718
78,159,237,0.631220773570296
177,60,237,0.994484955712898
130,107,237,7.290475082298792e-5
168,69,237,0.06212986857866322
183,54,237,0.9406183717573664
186,51,237,3.0487238759243243e-6
161,76,237,0.7002746033877254
161,75,236,3.160178821971682e-11
64,172,236,0.06381718915641536
185,51,236,0.11479275884215269
168,68,236,0.17088585880111384
145,90,235,0.0007345599781720184
150,85,235,0.10604358041984742
179,56,235,1.4297071972025907e-8
168,67,235,0.9846951407717105
160,75,235,0.02787455723542097
176,58,234,0.01856732877498195
188,46,234,0.0012435919630068844
172,62,234,4.489897797397872e-5
108,126,234,0.0036937217530900383
153,80,233,5.570972975631528e-15
125,108,233,NaN
165,68,233,0.08335573831816039
173,60,233,4.82801418998316e-6
165,68,233,0.05780960311079459
192,40,232,7.723955526538663e-5
161,71,232,0.7092033041123709
140,92,232,0.10528657409123422
165,67,232,5.954343754509071e-7
127,105,232,1.0446825353638432e-9
126,106,232,0.2783692877527476
140,92,232,0.011886880306424902
175,57,232,0.013434006369316055
160,72,232,0.0004176097095622826
167,64,231,0.00870393783092141
168,63,231,1.656545481474064e-13
159,72,231,1.7296797476661396e-5
93,138,231,NaN
146,85,231,1.460501224982175e-7
123,108,231,0.5830491957010252
160,70,230,0.03831329598506057
144,86,230,0.006160987624068458
169,61,230,7.072751674570932e-11
147,83,230,0.6717661875924231
150,80,230,0.8399285524569715
165,65,230,2.241345587242053e-10
169,60,229,0.0008661067186856436
165,64,229,0.0038507169844252285
191,38,229,0.1847210722610668
154,74,228,0.019513029892933645
174,54,228,0.025250627276674223
170,58,228,0.001493737107734177
123,105,228,0.15938727449707998
78,150,228,0.34247580061399985
170,58,228,0.0044968237170153035
39,189,228,3.7149164401303063e-7
172,55,227,4.223216403370698e-17
172,55,227,3.93002772807583e-10
203,24,227,0.03160216058026138
114,113,227,0.9698056601227574
172,54,226,0.009879064934214428
23,203,226,5.670374060581264e-5
135,91,226,1.4192641131255347e-18
139,87,226,0.026703654505128724
173,52,225,0.018957810433762733
162,63,225,9.546998142361982e-7
172,52,224,0.031048219679134934
158,66,224,0.00020742448447072317
160,64,224,0.0019579965214357974
100,124,224,0.3557510427918548
136,88,224,1.7783818104307127e-6
159,64,223,0.01996352449046529
124,99,223,0.1620134189300861
156,67,223,0.9493033010224405
114,108,222,0.6167889316788114
170,52,222,0.22536067078718894
168,54,222,0.9883269793850173
142,80,222,1.1323748417439266e-6
84,138,222,NaN
160,61,221,5.94565446229746e-12
154,67,221,0.013869828033648416
150,70,220,NaN
148,72,220,0.9999488362574684
127,93,220,0.002611400733041702
162,58,220,0.05170482766426871
153,67,220,0.08612589160650815
152,68,220,6.077443971295163e-9
38,182,220,0.03764426005061414
170,49,219,0.01384068834559692
149,70,219,6.744923163376118e-11
21,198,219,0.009937912510830267
153,65,218,0.08954286534156038
145,73,218,0.2043446060507067
162,56,218,0.3678193494733896
158,59,217,4.480117243589045e-10
169,48,217,0.6078036258336132
145,72,217,0.0004931993107402023
129,88,217,0.008298473273975473
80,137,217,NaN
150,67,217,0.5427791979508634
143,74,217,0.5541416559057502
119,98,217,0.6717661875924231
158,59,217,5.5655354274803555e-14
40,177,217,3.2380808482244136e-5
103,114,217,0.7423423413009405
155,61,216,1.4350405856058798e-18
167,49,216,0.09554535512360639
126,90,216,0.5686340167963924
162,54,216,0.0015653026826319529
144,72,216,0.20461689384026202
153,63,216,0.99391692748688
160,56,216,0.04531425270758149
171,45,216,0.9987923207397342
157,59,216,0.14271839925899096
0,216,216,0.31395325097494703
131,84,215,1.5615516031227493e-11
136,79,215,0.010936517777531162
160,55,215,0.21020726844681178
89,126,215,NaN
150,65,215,0.0719914475957575
109,106,215,1.1130741698655141e-11
94,121,215,9.946951984830703e-15
153,61,214,0.00013402172833586713
137,77,214,0.5417209770628222
146,68,214,4.6231030927272446e-7
142,72,214,0.020261021356372918
32,182,214,0.031846003890775576
160,53,213,0.055102982797010626
137,76,213,0.6788942279977743
151,62,213,NaN
138,75,213,3.0259006220355336e-5
122,91,213,0.051410346064292706
133,80,213,6.624209753001435e-8
148,64,212,0.00043125274250399223
154,58,212,0.21185071034975703
128,84,212,0.008282265581919598
160,52,212,0.0004329854590141156
164,48,212,0.0005794129393894774
110,102,212,0.6690228652261054
0,212,212,NaN
149,62,211,0.24682491434290685
132,79,211,0.14680254693376285
154,57,211,1.5968922189059674e-6
138,73,211,5.9724379450335185e-6
100,111,211,NaN
166,44,210,0.7150600922027152
76,134,210,NaN
149,61,210,0.06086715925856951
123,86,209,0.2783692877527476
146,63,209,0.31388340973294154
142,67,209,0.7548979955289801
143,66,209,9.163397444516798e-8
156,53,209,4.909564557054703e-6
27,182,209,0.002066050490068521
125,83,208,0.0002664387392076333
155,52,207,0.017036229151676446
159,48,207,0.7589998745796914
34,173,207,1.3905402902053709e-6
132,74,206,0.31538291069709495
158,48,206,0.31601527954810865
146,60,206,0.4314006861294172
132,74,206,0.027865766712888162
144,62,206,0.0001890502971290921
150,56,206,0.15559893072812067
121,85,206,2.296505801066433e-7
150,56,206,0.9780166728813449
172,33,205,0.04531425270758149
137,68,205,0.029859954626174464
148,57,205,0.9272124484159221
146,59,205,0.8705285611834814
152,52,204,0.37584207951777326
150,54,204,0.6612358453554641
157,47,204,0.6205761735244084
135,69,204,0.07008009356429538
174,30,204,0.006783675119786378
134,70,204,0.0006833248016036023
140,64,204,0.9045471222061193
112,91,203,8.910044988351673e-12
151,52,203,0.2902725027407108
157,46,203,0.6703217933292486
103,100,203,3.164687832569091e-5
120,82,202,NaN
140,62,202,0.16926351292960054
141,60,201,4.6231030927272446e-7
134,67,201,0.21185071034975703
103,98,201,0.7849904377080167
116,85,201,3.024112812412718e-6
130,70,200,0.9860410120854439
125,75,200,0.39982000081290675
74,126,200,0.5183374556419776
17,183,200,0.18537334546975262
126,73,199,0.31538291069709495
158,41,199,0.4475557477195245
152,47,199,0.07361819104140599
115,84,199,2.4034622777612423e-5
112,87,199,0.9394569650180941
141,58,199,0.6783250147728579
130,69,199,0.8598822441784192
106,93,199,2.4122410351888014e-11
142,57,199,0.00035850622621541996
149,50,199,0.002213093798418756
134,64,198,0.7303737933111294
145,53,198,1.9735848346251554e-5
154,44,198,0.0013786279709622137
107,91,198,NaN
135,63,198,0.10528657409123422
162,35,197,0.745567138051565
127,70,197,2.263847045350694e-6
145,52,197,4.0741911332544316e-5
79,118,197,NaN
131,65,196,0.4011103777394731
135,61,196,0.4011103777394731
93,103,196,1.5711469007728948e-10
132,64,196,0.0015304102753372162
59,137,196,NaN
125,71,196,1.0277698116299592e-11
122,73,195,NaN
158,37,195,0.5417209770628222
79,116,195,1.3182268119686222e-10
137,58,195,1.1050696739290764e-5
123,72,195,1.0021613889958512e-17
154,40,194,1.8377875640522226e-8
153,41,194,0.023419807658513384
140,54,194,0.00014918423380861352
145,49,194,0.5980706923543535
119,75,194,0.006021478597084759
153,40,193,0.007783631163646118
118,75,193,0.4011103777394731
123,70,193,0.5733356653898047
117,76,193,0.001178317732229019
143,50,193,0.000505668723849027
129,63,192,5.617178673957657e-8
114,78,192,0.3316687103199243
127,65,192,0.9291559890836412
110,82,192,0.0007094095828482595
157,35,192,0.0017805539136747824
117,74,191,0.8381544608128859
108,83,191,0.12149588864000452
143,48,191,1.6788217202063063e-7
92,99,191,1.7031510205838675e-7
124,67,191,NaN
130,61,191,0.00019856763165913353
113,78,191,0.8995856221108383
130,61,191,0.4475557477195245
119,72,191,0.8018393957473785
130,61,191,2.0385818002254398e-5
154,37,191,0.01523071746914273
126,65,191,0.01168516398898337
99,92,191,0.8006696868167401
113,77,190,NaN
133,57,190,0.3198449839834998
138,52,190,0.9961400721287449
112,78,190,0.3518611932075273
56,134,190,NaN
154,36,190,4.09502237156781e-5
146,44,190,0.00033967050183184667
145,45,190,0.005580569907742971
71,119,190,NaN
143,46,189,0.18348414923983342
133,56,189,0.7092033041123709
60,129,189,NaN
123,66,189,NaN
127,62,189,0.9733084005106692
110,79,189,0.9947902460509087
131,58,189,0.32712525624106803
127,62,189,0.603902110593296
142,46,188,4.485474521529808e-12
138,50,188,0.15869936628714718
144,44,188,2.444112065547838e-18
120,68,188,3.0283057187819725e-8
129,59,188,NaN
138,50,188,1.0517256763375662e-5
112,76,188,0.28466874760439076
141,47,188,0.08199462327189498
113,74,187,0.01003091330271411
146,41,187,0.9665930892866539
156,31,187,0.07848286366604186
123,64,187,0.6368500392896812
114,73,187,0.00010153723943417256
116,71,187,0.2755171978648939
135,51,186,0.01157356457039766
125,61,186,0.012435307771136415
144,42,186,0.11735031057960332
114,72,186,0.9142240793704605
125,61,186,0.007615725590609231
126,59,185,0.8214863786279509
125,60,185,1.7757131195612523e-5
51,134,185,0.00040641368438570566
110,74,184,0.8110619248540044
114,70,184,0.006112085908545971
109,75,184,0.6740836159547994
120,64,184,0.9491810227695873
135,49,184,0.00016882454659700733
118,66,184,NaN
115,69,184,0.4508895733860694
128,55,183,0.034652954524621506
131,52,183,0.002169086908565071
98,85,183,0.11735031057960332
139,44,183,7.486443381560597e-7
73,110,183,NaN
65,118,183,NaN
104,78,182,0.0008011967775696423
119,63,182,0.00042596788145567264
51,131,182,9.31233651250263e-5
93,89,182,0.7557824360448216
132,49,181,5.637985159111129e-14
132,49,181,4.08873983623951e-8
110,71,181,2.5020884933513423e-6
130,51,181,1.6884763304313256e-5
144,37,181,0.19472917649073473
117,64,181,NaN
113,68,181,0.11735031057960332
0,181,181,NaN
113,67,180,0.7740179773793275
137,42,179,0.04531425270758149
126,53,179,0.18348414923983342
130,49,179,0.2783692877527476
106,73,179,2.196329534842149e-10
146,33,179,0.023829783303600048
124,55,179,2.5976950476767764e-6
118,61,179,0.7373151194583198
130,48,178,0.034652954524621506
114,64,178,0.06698949437315112
123,55,178,1.9055652991747695e-26
104,74,178,0.6717661875924231
138,40,178,0.7092033041123709
56,122,178,NaN
117,61,178,0.0469393977012709
125,52,177,6.922075707746116e-10
112,65,177,0.9421447325189272
128,49,177,0.7907255921429062
127,50,177,0.023393525522012744
77,100,177,0.5025271488504274
122,55,177,0.9948683265320196
115,62,177,0.05983651702277446
96,81,177,0.8788974532093926
93,84,177,5.184413193951493e-12
112,65,177,NaN
101,76,177,0.04861982102921078
122,54,176,0.9964287799892991
101,75,176,0.6897954437884392
122,54,176,0.1698852220680611
115,61,176,NaN
121,55,176,4.57806527024725e-13
135,41,176,5.924782477283162e-12
123,53,176,0.014660210087760294
121,55,176,0.9923104163626928
129,47,176,0.6717661875924231
134,41,175,0.8006696868167401
140,35,175,5.522593740156633e-7
123,52,175,0.0003552762484791878
120,55,175,3.238947482607606e-5
125,50,175,9.355836953063046e-7
120,55,175,0.40893301187359027
130,45,175,0.023305652763826117
61,114,175,NaN
99,76,175,3.140446630707325e-5
135,40,175,0.6756503936008958
98,77,175,0.13776667456383535
112,62,174,NaN
118,56,174,1.743293372573576e-7
86,88,174,0.9396124013901456
66,108,174,NaN
108,66,174,0.0004949468037697933
88,86,174,1.5195372631815582e-17
142,31,173,0.41987593049721794
121,52,173,0.0009808436328340294
104,69,173,0.5690769899462818
119,54,173,NaN
73,100,173,2.491609786668408e-9
121,52,173,1.0015678247468663e-10
56,117,173,0.585426697226376
15,158,173,0.003829964310919321
125,47,172,0.8450772854630715
136,36,172,0.7726517314264018
75,97,172,3.798932494896815e-7
130,42,172,0.9314000251506571
132,40,172,0.032853775051729074
91,81,172,1.193834196237862e-21
99,73,172,0.0015452979999509443
127,45,172,NaN
110,61,171,0.24324919234946177
99,72,171,0.5407509450331557
118,53,171,0.4253138800853554
99,72,171,0.8653483262365589
115,56,171,1.328497416199008e-8
118,52,170,0.18543873211361622
129,41,170,0.056556099526194045
84,86,170,0.0007615330548012397
115,55,170,6.096218679310748e-8
0,170,170,NaN
113,56,169,4.252976284887743e-7
131,38,169,0.18773585357957862
107,62,169,0.6053074373567253
120,49,169,0.00016183565442946465
63,106,169,0.19707611935753971
117,52,169,2.7991980791630875e-6
118,50,168,NaN
116,52,168,0.4331858966169642
100,68,168,0.002857314360609127
120,48,168,0.042673118979232094
114,54,168,0.004121652058488486
105,63,168,0.9137791798943785
113,55,168,5.830406428513634e-20
123,45,168,0.21894260837571478
123,45,168,0.08154914993251171
101,67,168,9.524743166712077e-7
123,45,168,1.9816496879297725e-5
131,36,167,2.1309965998415324e-11
118,49,167,0.9943152957847301
114,53,167,2.726341725543672e-5
108,59,167,0.1262262242074705
144,23,167,0.07126252284437197
117,50,167,1.8545226321762326e-7
114,53,167,0.9959443734315321
105,61,166,0.00015852140265709653
128,38,166,0.0003168193352239597
127,39,166,0.00563730354340208
46,120,166,0.8396724175645367
125,41,166,0.027891838539571775
126,40,166,0.99874973208563
123,43,166,0.05750638982280608
114,52,166,2.880397119532986e-6
46,120,166,0.003235564033440111
104,62,166,0.4475557477195245
95,71,166,0.00013039086007937917
48,118,166,0.02585720862927017
130,35,165,0.9885707782763422
127,38,165,2.749081948442676e-6
69,96,165,6.9591647866908775e-6
125,40,165,0.06875525907900623
134,31,165,0.746260987646364
65,100,165,7.510501902769836e-7
96,69,165,NaN
91,74,165,0.06820450938619883
113,52,165,6.450677382337877e-6
111,53,164,0.0309740163977742
104,60,164,0.14728900855010782
114,50,164,0.005961402899849122
112,52,164,0.8232894008336689
100,64,164,0.03526039389913949
112,52,164,2.762307427283217e-9
119,45,164,0.995205518434397
106,57,163,0.06028433319424361
125,38,163,0.11735031057960332
125,38,163,0.03335737667750472
118,45,163,6.299261940244682e-13
122,41,163,0.006806209133845546
94,69,163,0.9493033010224405
103,60,163,0.11735031057960332
124,39,163,0.011750023724253439
115,48,163,3.496675034142863e-14
100,63,163,0.7970660258942487
108,55,163,0.029428565562607582
61,102,163,NaN
127,36,163,0.0076533655174101
111,52,163,0.0009592330936794611
109,53,162,0.5158132594935515
111,51,162,1.218025423634545e-6
122,40,162,0.9691972066442606
128,34,162,0.7092033041123709
109,53,162,0.4144420842402584
123,39,162,0.034799921008888526
108,54,162,0.4035445140576845
109,53,162,NaN
113,49,162,0.006783125028894376
121,40,161,0.02573090198687652
121,40,161,5.949256273365167e-8
48,113,161,0.059092808132405174
90,71,161,0.669194882269144
95,66,161,NaN
96,65,161,0.15938727449707998
121,39,160,1.0807168434420835e-5
112,48,160,0.1744007363977448
99,61,160,0.21563597741136314
109,51,160,1.2586103094386926e-5
108,51,159,0.0010664907572754524
98,61,159,0.1599969112756476
104,55,159,0.3141728657289024
93,66,159,NaN
117,42,159,0.05147885536731013
57,102,159,4.139116344114634e-6
105,54,159,0.02573090198687652
85,74,159,0.9683216967576544
112,47,159,0.0143133607905662
92,67,159,0.3721521294986866
130,29,159,9.294876947777396e-14
39,120,159,0.026481389666006844
112,47,159,1.3125052305724692e-8
109,49,158,0.12905458428488992
54,104,158,1.6748119671636712e-5
115,43,158,0.924367951347152
111,47,158,0.1943420907405301
124,34,158,0.0001346868303107805
109,48,157,0.6078036258336132
103,54,157,0.0031171600434252876
104,53,157,7.930621321925576e-8
119,38,157,1.1757699386019506e-6
89,68,157,0.010091752239731832
100,57,157,0.016656938369781698
101,55,156,0.769826903988004
112,44,156,0.1298913753050103
81,75,156,0.00025876653966566617
114,42,156,0.8827570506600473
115,41,156,0.9943152957847301
84,72,156,0.004699693694400281
112,44,156,0.4475557477195245
53,103,156,0.9943152957847301
56,99,155,2.1699305672782726e-6
75,80,155,NaN
114,41,155,0.048219663447952726
100,55,155,4.886177133257083e-7
84,71,155,0.004894710013415292
117,38,155,0.7726517314264018
107,48,155,0.44165807997061346
105,50,155,0.631220773570296
120,35,155,3.869547161483312e-14
73,82,155,0.29570084657664103
106,49,155,0.3132782196155412
109,45,154,0.004863811324032469
116,38,154,0.5047852277994632
114,40,154,0.4719344962995137
108,46,154,1.1757699386019506e-6
109,45,154,0.4413924495683215
116,38,154,0.5865196674031864
99,55,154,1.8050285186183217e-5
76,78,154,0.954815738344167
106,47,153,0.06130214870190738
105,48,153,7.803357988276274e-7
105,48,153,0.0013602826708551542
107,46,153,0.2547009091435298
72,81,153,0.9063669708299953
110,42,152,0.049928062203782105
98,54,152,0.016931466080687945
112,40,152,0.5417209770628222
109,43,152,0.004056908776285185
100,52,152,0.24290906152647984
49,103,152,0.00382657191226249
0,152,152,NaN
105,46,151,0.1045240737737313
106,45,151,2.8233260886436362e-11
101,50,151,0.5417209770628222
94,57,151,0.001204843103388013
100,51,151,0.9235261573892234
92,59,151,0.35998332718751047
103,48,151,0.009186513887090656
47,104,151,0.17537944678322268
128,22,150,0.10032275229784271
130,20,150,0.019796251803769704
102,48,150,0.4475557477195245
103,47,150,0.0032344506104328807
106,44,150,0.7726517314264018
89,61,150,0.12122695033751026
3,147,150,NaN
99,50,149,0.9731123564389825
99,50,149,0.7602543683182665
69,80,149,1.3889251498901218e-10
109,40,149,1.981969448444445e-6
99,50,149,0.0017474823093692918
87,62,149,0.003302407569872612
83,66,149,6.335523792110026e-7
117,32,149,0.31151077915590464
111,38,149,7.015418604468503e-6
108,41,149,0.3141882845304369
78,71,149,3.581621239386399e-5
106,43,149,9.812091182985356e-7
94,55,149,2.950087840390265e-8
115,34,149,0.9947557448372817
99,49,148,2.6535419738239323e-5
93,55,148,0.12120244866694399
92,56,148,NaN
108,40,148,0.18348414923983342
107,41,148,1.7976239540987633e-5
77,71,148,0.007645103584094198
94,54,148,0.9924774799902693
99,49,148,0.5068613289971371
117,31,148,0.6538314063179194
113,35,148,0.19067876276314802
104,44,148,0.0029806335005405464
75,73,148,NaN
41,107,148,NaN
10,138,148,0.8450772854630715
47,100,147,NaN
50,97,147,5.295167983632319e-5
95,52,147,0.9493033010224405
105,42,147,0.23647150637953426
96,51,147,4.974788893854819e-7
84,63,147,NaN
105,42,147,0.0021936885817072215
84,63,147,0.1444371056709054
44,103,147,0.49543559874771725
96,50,146,9.192266797268578e-12
112,34,146,0.007349342594627595
104,42,146,0.4464993788314439
117,29,146,0.24290906152647984
99,47,146,0.11228681493195132
100,46,146,0.49107623617239327
87,59,146,0.0002930347429045521
98,48,146,0.0023126820938693398
100,45,145,0.00044090273959629796
100,45,145,0.019450957712187827
93,52,145,0.5672778376325323
103,42,145,6.487560657715458e-7
90,54,144,0.06687846953825244
112,32,144,9.52057181912689e-15
103,41,144,9.303635118362035e-8
102,42,144,0.005233819282742677
107,37,144,0.008298473273975473
60,84,144,0.45559831586401484
82,62,144,2.7459066957616257e-9
102,42,144,0.0029261587571497694
94,50,144,0.006757233967297207
98,46,144,0.8006696868167401
102,42,144,0.24290906152647984
105,39,144,0.5417209770628222
101,42,143,1.9509424978563642e-17
117,26,143,0.02754802518077634
77,66,143,NaN
105,38,143,0.003370348761517551
112,31,143,0.0001583810726680501
114,29,143,0.1782184971215875
90,53,143,NaN
89,54,143,0.07471685149200187
78,65,143,0.23071252110512702
94,48,142,0.45236891473622887
98,44,142,1.0095426745510288e-5
88,54,142,0.982925281222607
106,36,142,0.01702555074857351
100,42,142,0.009396761414365679
92,50,142,6.368332900523861e-9
114,28,142,0.17982995540161945
105,37,142,0.01741043547193671
116,26,142,0.12245899142864834
81,61,142,0.21720946960613144
87,55,142,6.638755857790958e-5
9,133,142,0.027519475063779577
0,142,142,0.20215902613287837
94,47,141,0.00011388492889106607
96,45,141,0.18348414923983342
112,29,141,0.05161040718882883
72,69,141,0.7048998008303681
121,20,141,5.670807856064524e-5
86,55,141,0.023927895191593947
105,36,141,3.365332714779992e-5
80,61,141,0.29958289093673557
94,47,141,0.8752065327538782
98,43,141,0.09961610389254587
104,36,140,0.043286677725293925
99,41,140,0.314185433358869
117,23,140,0.0002160899686545194
55,85,140,0.2600993512786946
97,43,140,0.0002468364264592017
37,103,140,0.005042037554086213
104,35,139,0.12652657609699072
100,39,139,0.5417209770628222
107,32,139,0.2783692877527476
91,48,139,NaN
83,56,139,0.7303737933111294
96,43,139,0.49543559874771725
73,66,139,0.0018058528568471518
7,132,139,0.013408454150382063
92,46,138,0.8954796901539982
102,36,138,0.39493365167747724
89,49,138,0.14051348367070055
97,41,138,0.9410894526161196
101,37,138,0.001322638587762495
69,69,138,0.0011558194708181184
101,37,138,0.004710036291994244
93,45,138,0.00010580924955108579
93,45,138,0.012562605438220777
98,40,138,0.07369871701356445
88,50,138,2.027480323264417e-23
39,99,138,0.42207129007007393
88,50,138,0.07361819104140599
65,73,138,NaN
5,133,138,0.24498578697488593
89,48,137,0.5047659422039876
82,55,137,0.2067355055321803
79,58,137,0.011594556793474367
86,51,137,0.0012389443000928619
81,56,137,4.0267965831034256e-5
95,42,137,0.3529836851357327
95,42,137,0.44468942259076566
87,49,136,0.9509160796284482
103,33,136,0.004193923500874389
101,35,136,0.13786839390218886
93,43,136,0.5256073458367164
109,27,136,0.5183374556419776
96,40,136,0.6109531042014079
97,39,136,0.003095655933344842
75,61,136,2.698882156011072e-7
68,68,136,NaN
79,57,136,0.02787455723542097
100,36,136,2.184943174821877e-6
112,24,136,0.1152735769503043
85,51,136,0.08612589160650815
74,62,136,0.7520738560435788
91,44,135,0.07361819104140599
94,41,135,3.5987343345122823e-6
90,45,135,0.009197347645729735
92,43,135,0.0007258836160634155
103,32,135,0.0002986697874249783
82,53,135,0.9969447969443662
58,77,135,0.22079774431032884
107,28,135,0.0013876358890722684
83,52,135,NaN
80,55,135,0.7577015333341809
118,17,135,0.1434787586161885
79,56,135,0.4011103777394731
93,42,135,0.17061968600930538
98,37,135,0.2541058108581939
85,50,135,0.18348414923983342
11,124,135,0.391196164835265
88,46,134,0.0018797027315432943
92,42,134,5.874680949662236e-11
89,45,134,NaN
89,45,134,0.023437746643316073
94,40,134,0.4011103777394731
89,45,134,8.107846217879345e-9
96,38,134,0.1578493159480806
4,130,134,0.027013213859403376
104,29,133,0.0006064594894567663
94,39,133,0.31538291069709495
102,31,133,0.05306134718767625
93,40,133,0.005069732070208092
116,17,133,6.519469163465167e-13
85,48,133,0.5637838290877453
97,36,133,0.2208756428580474
97,36,133,0.01725372928577081
83,50,133,1.267711758332436e-7
97,36,133,0.010322662004597498
76,57,133,0.022916694703405148
116,17,133,0.04737237806624203
62,71,133,NaN
81,51,132,0.9137791798943785
94,38,132,0.002585699701915173
72,60,132,0.4234385055076801
93,39,132,2.8883437678595948e-25
40,92,132,NaN
87,45,132,0.0025368470399876933
74,58,132,NaN
99,33,132,0.02267055835965733
89,43,132,0.9999935922552888
76,56,132,NaN
66,66,132,2.1547814283403765e-5
87,45,132,0.11946974093051725
77,55,132,0.4011103777394731
112,20,132,0.07413694471976494
81,50,131,1.5686733273520157e-12
96,35,131,0.4475557477195245
97,34,131,0.5417209770628222
92,39,131,0.9817185142430638
97,34,131,0.7726517314264018
85,46,131,0.014070979102141426
42,89,131,NaN
90,41,131,0.1943420907405301
94,37,131,0.12753933885204072
92,39,131,0.921157821567063
101,29,130,3.4160418460959144e-11
80,50,130,0.08612589160650815
66,64,130,0.006569379069297146
90,40,130,0.24290906152647984
101,29,130,0.3721507012049933
87,43,130,0.04479067983502629
71,59,130,1.55556477774964e-8
12,118,130,0.04531425270758149
84,45,129,NaN
81,48,129,1.899828437448131e-5
80,49,129,0.02787455723542097
87,42,129,0.9001259164326818
91,38,129,0.13684525122146476
80,49,129,NaN
72,57,129,0.8450772854630715
80,49,129,0.1285345386292572
67,62,129,0.004415570607500988
83,46,129,9.545005253005543e-17
69,60,129,NaN
78,51,129,0.0013603361652579286
5,124,129,NaN
102,26,128,0.09144747753553584
99,29,128,0.034159554962286474
89,39,128,1.3627379379175873e-5
90,38,128,4.474070609954059e-13
93,35,128,0.7539535653898017
94,34,128,0.002409358290477322
67,61,128,0.9976720009829098
52,76,128,0.0005085159406114996
79,49,128,0.01659172743944707
43,85,128,0.7423423413009405
89,39,128,0.3557510427918548
97,31,128,3.603623111440093e-5
80,48,128,NaN
83,45,128,6.579990617877299e-7
81,47,128,0.4900402663959319
8,120,128,NaN
9,119,128,0.31538291069709495
87,41,128,0.9043206200170243
92,35,127,0.10213618918139857
72,55,127,0.012637921666085692
92,35,127,2.5050142399745692e-6
87,40,127,0.0023030518365233284
73,54,127,9.553692894720437e-6
97,30,127,0.5638278126192536
97,30,127,0.161669768078604
95,32,127,0.10639927341005442
55,72,127,0.004997901604485062
105,21,126,0.017652793069343847
91,35,126,0.610898485762407
69,57,126,0.3618623714986448
42,84,126,NaN
77,49,126,NaN
98,28,126,0.0010606868744382305
69,57,126,0.38280255913476136
72,54,126,6.158201902410083e-12
96,30,126,0.2325807565854807
93,33,126,0.0177560581804641
89,37,126,2.4571848790534755e-16
74,52,126,8.855094083797908e-6
95,31,126,2.797770899199379e-6
6,120,126,0.03474228726538227
82,43,125,0.2232445271913284
71,54,125,0.04167465016197058
89,36,125,0.7722756456000196
86,39,125,0.00025714987493278413
81,44,125,0.1225037047378435
88,37,125,0.11858941427487028
82,43,125,0.4713070283331674
107,18,125,0.8827570506600473
76,49,125,2.036817055105093e-5
86,39,125,0.004593823466945843
95,30,125,0.0483746020123343
53,72,125,0.03166070444763173
85,40,125,NaN
86,39,125,0.0051653647514528205
94,31,125,0.004393446647770419
92,33,125,0.04214986259244588
90,35,125,1.596153224848381e-7
66,59,125,NaN
86,39,125,0.030253874028586862
105,19,124,0.0004931993107402023
75,49,124,0.9876322168324414
90,34,124,9.92158805597478e-6
86,38,124,0.5186592883473173
91,33,124,0.507237906807879
78,46,124,0.010097240132062913
43,81,124,NaN
86,38,124,0.2526681088259036
88,36,124,0.0877489710418955
70,54,124,0.22897817295690168
41,83,124,NaN
5,119,124,0.08743485995744794
12,112,124,0.3589198329959667
100,23,123,0.9263457462580418
99,24,123,0.8849828156369832
104,19,123,0.003235564033440111
98,25,123,0.6545444795627876
98,25,123,2.0865581106307104e-6
65,58,123,0.4754873071823347
85,38,123,1.383424737578283e-7
88,35,123,0.016214868300916535
71,52,123,0.013381365212015122
65,58,123,0.45142028081767227
83,39,122,0.08631983440021639
84,38,122,0.659284727425598
78,44,122,0.8237080657963236
73,49,122,0.034540117877811034
92,30,122,0.008691248322799727
72,50,122,NaN
78,44,122,0.4475557477195245
97,25,122,0.2783692877527476
86,36,122,4.687780689830649e-6
41,81,122,0.08862584212169533
31,91,122,0.008416218403684667
83,39,122,0.0005073513193731255
3,119,122,0.31538291069709495
81,40,121,0.14056072364832706
91,30,121,6.519851255879508e-11
79,42,121,0.0041641523192493205
86,35,121,0.026877934453333457
91,30,121,0.1758725228866772
89,32,121,0.34335308125575714
87,34,121,0.5131521959477081
80,41,121,0.22734600515100123
91,30,121,0.9789190809366978
96,25,121,9.959219886244523e-17
71,50,121,0.34705704912353474
78,43,121,0.7423423413009405
74,47,121,0.10155530510396846
86,35,121,0.01977472022097585
54,67,121,0.04041291322391792
88,32,120,0.631220773570296
77,43,120,0.016826811695711177
91,29,120,0.021836359342213976
73,47,120,0.00012463470315841828
81,39,120,0.0006182524573251706
94,26,120,0.10900881293290908
89,31,120,0.03271791319252212
83,37,120,0.22554188197615468
81,39,120,NaN
93,27,120,0.0015506799637766114
89,31,120,0.26907703266880834
65,55,120,0.9529453560431097
6,114,120,0.1932190769900491
56,64,120,NaN
78,41,119,0.18896665448171032
86,33,119,0.016656938369781698
79,40,119,0.6717661875924231
84,35,119,0.0037425333179743085
74,45,119,NaN
89,30,119,NaN
98,21,119,0.04531425270758149
87,32,119,0.0010058084794030964
82,37,119,6.340044982033326e-6
72,47,119,0.22859790195484428
47,72,119,0.4533332706451875
66,53,119,0.0035412213618454917
86,33,119,1.1746275966640328e-6
69,50,119,0.19370571780791485
82,36,118,6.585062277798952e-9
89,29,118,0.11498679096599555
73,45,118,4.23272859300767e-11
89,29,118,4.205183133967582e-8
90,28,118,0.0004897197498344483
85,33,118,0.0001433023870028292
73,45,118,0.3134897680126229
16,102,118,0.6683469010042816
71,47,118,0.032853775051729074
70,48,118,0.07918868834670285
87,31,118,0.0063408572884043205
86,32,118,0.30623635626219897
78,40,118,0.0006307605847003994
62,56,118,0.005846681835556824
88,29,117,0.0014156270888622362
94,23,117,2.5800821073256656e-6
67,50,117,0.039257126297201135
72,45,117,0.13831926917448317
63,54,117,0.5483153485448998
75,42,117,0.08612589160650815
82,35,117,0.9137791798943785
85,32,117,0.28763907657525145
79,38,117,0.5417209770628222
65,52,117,1.4460191114043382e-5
80,37,117,NaN
78,39,117,0.0002761588462975869
75,42,117,0.2788434629344524
54,63,117,0.059417296741237705
11,106,117,0.13384918726877237
9,108,117,0.004561838387175171
63,54,117,0.04531425270758149
0,117,117,NaN
70,46,116,0.2743960805526363
78,38,116,0.0006854121483438036
83,33,116,0.3979344490757485
74,42,116,0.0036184899843164265
61,55,116,0.8247304294261589
72,44,116,0.3099406549643738
70,46,116,NaN
84,32,116,1.3407408689590286e-6
75,41,116,0.0007514835733343202
69,47,116,0.6482568174918462
84,32,116,0.0018754272351677128
84,32,116,2.459275571688201e-7
69,47,116,0.32568554038519615
83,33,116,6.461884849184071e-5
88,28,116,1.2426219657699683e-7
59,57,116,0.6801046270321385
83,33,116,0.24290906152647984
7,109,116,NaN
82,33,115,0.5942598018091308
52,63,115,0.001573873433505148
93,22,115,0.00010372531031948178
82,33,115,8.984140464135209e-6
78,37,115,0.046372540272737885
85,30,115,2.0150451668475445e-7
84,31,115,0.009479816542855632
66,49,115,0.8652322931034484
73,42,115,0.04301908282985148
69,46,115,0.6959301236535914
73,42,115,0.6717661875924231
68,47,115,0.9114268795940472
83,31,114,0.3486243087852365
67,47,114,2.5616584289841095e-7
75,39,114,1.2995688641854426e-5
78,36,114,NaN
82,32,114,0.0010369301568118913
91,23,114,0.00026050742144551254
48,66,114,NaN
79,35,114,0.05628106624651703
80,34,114,0.03738759444901054
74,40,114,4.62207822857329e-5
73,41,114,0.0009647631741309733
96,18,114,0.649587909836885
80,34,114,0.9811529499267692
82,32,114,3.188559243150264e-6
80,34,114,0.10339317208956464
67,47,114,0.004126817476008599
76,38,114,0.007098652484457248
39,75,114,NaN
56,57,113,0.8006696868167401
68,45,113,0.7810055657748826
85,28,113,0.7468194524235551
68,45,113,9.852864801269471e-5
84,29,113,0.5459218408660459
63,50,113,0.04531425270758149
85,28,113,0.015527036832319614
76,37,113,0.7295340759791964
82,31,113,0.2706462741711232
77,36,113,0.7726517314264018
54,59,113,NaN
74,39,113,0.04163217074970695
69,44,113,0.2748944204827304
64,49,113,0.002174644490643963
79,34,113,0.03244029509638066
79,33,112,0.8682626472685974
82,30,112,0.0021428068524463545
75,37,112,0.22409100409064156
72,40,112,0.2520716471635541
84,28,112,0.7270143334608514
70,42,112,0.07361819104140599
63,49,112,0.0038262164410674676
83,29,112,NaN
83,29,112,0.01663559832396889
79,33,112,NaN
65,47,112,0.902907023587358
83,29,112,0.3629556939835127
5,107,112,NaN
71,41,112,0.5417209770628222
81,31,112,0.055733440128265394
95,17,112,0.9096377146777124
86,26,112,0.4876349241156128
15,97,112,NaN
85,26,111,0.5426589446525755
58,53,111,8.137599648012065e-6
82,29,111,0.25007532167542623
76,35,111,0.0008098128825799608
81,30,111,4.5318001277481466e-5
79,32,111,5.6529331263607325e-6
70,41,111,0.9981400888970178
75,36,111,0.015111763859764435
74,37,111,NaN
58,53,111,NaN
66,45,111,0.04194619272877942
68,43,111,0.8446664484992437
73,38,111,0.07756063041733079
86,25,111,6.831789542073531e-7
68,43,111,NaN
71,40,111,0.33559461557070114
75,36,111,0.06592410072735551
79,32,111,0.9282152544348063
63,48,111,0.31538291069709495
76,35,111,0.9001259164326818
79,32,111,0.6541960773439881
85,26,111,0.014245968304489352
77,34,111,0.10715651534468983
32,79,111,0.3337179854939416
86,25,111,0.28937495917013395
72,39,111,0.6257738282474897
67,44,111,1.2998219620570743e-5
55,56,111,0.000359058994640979
84,27,111,0.8827570506600473
76,35,111,0.009509244799055972
39,72,111,0.7423423413009405
4,107,111,NaN
4,107,111,0.001724395277482606
68,42,110,0.2685417213323179
91,19,110,0.31538291069709495
85,25,110,1.6264932266342664e-5
81,29,110,1.8050285186183217e-5
69,41,110,7.84789073664413e-6
58,52,110,0.8652322931034484
73,37,110,0.08022806880018019
76,34,110,0.1663655622636338
83,27,110,0.012637921666085692
87,23,110,0.009325005405405363
85,25,110,0.2783692877527476
64,46,110,0.11735031057960332
80,30,110,0.0061868033634882745
36,74,110,0.0015506799637766114
70,40,110,0.004653584554256995
85,25,110,0.111788940266732
74,36,110,0.07827962806458312
69,41,110,2.372767990239369e-6
68,42,110,0.5417209770628222
60,50,110,0.8652322931034484
4,106,110,0.009368449435068852
92,17,109,0.2656042097056682
41,68,109,6.344387662339881e-7
75,34,109,0.00018068619391420752
61,48,109,NaN
70,39,109,NaN
69,40,109,0.7423423413009405
70,39,109,NaN
86,23,109,0.16975427525981948
66,43,109,2.659777332097384e-5
78,31,109,0.0015506799637766114
88,21,109,0.4011103777394731
70,39,109,0.024810938217931948
75,34,109,1.5915608762434191e-15
77,32,109,1.661262612655984e-5
30,79,109,NaN
77,32,109,0.0005045626068864243
63,46,109,0.6215028294242897
55,54,109,0.0021784890866555595
90,19,109,0.00025876653966566617
11,98,109,NaN
8,101,109,NaN
91,17,108,0.00012914648163723095
85,23,108,0.43811180777047815
78,30,108,0.31189614477049815
55,53,108,0.33402737760616014
74,34,108,0.13542477696601393
65,43,108,0.00045304546896630265
85,23,108,0.7455310846989222
61,47,108,NaN
82,26,108,0.6547439511859406
82,26,108,0.00010924927754113119
60,48,108,0.11273830263527082
65,43,108,0.07721489853968687
59,49,108,0.9272124484159221
78,30,108,0.016582058488290193
74,34,108,0.004082348772161529
84,24,108,1.9706937652377905e-5
77,31,108,2.0743031721875967e-18
67,40,107,0.854186209524653
74,33,107,0.44070597551775376
79,28,107,9.233734633529674e-6
76,31,107,1.6194665171970552e-7
58,49,107,4.3791338868175426e-7
88,19,107,0.37225698928413425
69,38,107,4.962564137762191e-6
77,30,107,4.5154717810458636e-7
84,23,107,0.0883848447881876
60,47,107,0.9916966421839661
76,31,107,0.0001927177144113822
69,38,107,0.31538291069709495
62,45,107,0.6824380830058945
64,43,107,0.8741680347260385
50,56,106,0.4823574944012647
63,43,106,3.2368020883885094e-7
74,32,106,0.050591796533806944
67,39,106,0.37157040626807974
73,33,106,0.01748651524027527
67,39,106,0.0040285477034800584
73,33,106,0.8245364061831029
61,45,106,0.565973051072774
48,58,106,6.697184070012053e-6
4,102,106,NaN
67,39,106,0.6248940245078677
88,18,106,0.5776974179381464
64,42,106,0.8938089379854498
32,74,106,0.14981120535121278
8,98,106,0.0049663697007861695
3,103,106,NaN
76,29,105,0.006653812103273082
71,34,105,1.1774639181895618e-5
72,33,105,0.00021492032919381086
79,26,105,0.000289023452469563
63,42,105,2.3129025858470262e-7
71,34,105,0.7092033041123709
81,24,105,5.957466083285041e-23
70,35,105,0.2261972426072204
77,28,105,0.016656938369781698
69,36,105,0.19646694387064847
71,34,105,0.3892404650973566
56,49,105,0.565973051072774
74,31,105,0.06789298024714796
9,96,105,0.5696260387101465
64,41,105,0.09050470496524186
60,45,105,0.5630669726086676
5,100,105,NaN
76,28,104,0.2155956215594139
75,29,104,5.847255187033182e-7
76,28,104,0.0013517900230478408
79,25,104,0.04658334991536702
70,34,104,NaN
54,50,104,0.0001561923911746669
77,27,104,0.0025968213390428424
66,38,104,0.00026233199003515925
68,36,104,0.025441028386476463
78,26,104,0.2763126820836637
60,44,104,NaN
83,21,104,0.8237080657963236
73,31,104,0.013370725119369766
83,21,104,0.9733084005106692
8,96,104,0.20215902613287837
69,35,104,0.21760690046510167
67,37,104,0.00016412149816608847
55,49,104,0.1493064762187395
79,25,104,0.014347083674425404
8,96,104,NaN
69,35,104,0.21417762237546387
74,30,104,1.5915608762434191e-15
30,74,104,0.7423423413009405
56,48,104,0.05750638982280608
11,93,104,NaN
5,99,104,0.03371163654663536
60,43,103,0.11982281520815773
59,44,103,0.5430986004575281
61,42,103,0.05383981284180085
81,22,103,0.39661646688469304
74,29,103,2.2101882415080737e-6
76,27,103,0.7542794464095134
72,31,103,0.011425407904610782
56,47,103,0.0006561915621164058
60,43,103,6.774632371372444e-9
75,28,103,0.03824415898693793
85,18,103,2.6918878375632576e-15
66,37,103,0.20412293189996839
69,34,103,0.5666764576282616
72,31,103,0.4949576717368352
60,43,103,NaN
78,25,103,0.016013308691301804
63,40,103,0.06260803999115534
72,31,103,1.1914593608291987e-23
71,32,103,0.0008708285083969046
53,50,103,2.5167372118068446e-11
75,28,103,0.0036312189834231084
87,16,103,1.5084529845106592e-10
73,30,103,2.199680896028227e-9
75,28,103,0.0027830341437768066
77,26,103,0.0032344506104328807
70,33,103,0.24290906152647984
6,97,103,0.017524574359289207
72,30,102,1.9219598692863172e-7
65,37,102,0.0693190275725501
76,26,102,0.009172438692360438
63,39,102,6.131704855166092e-12
50,52,102,0.0958846699184158
74,28,102,0.9819739114047796
67,35,102,0.02282989203535826
69,33,102,2.619460618842928e-8
62,40,102,0.25764900999587714
61,41,102,0.02781064401973425
79,23,102,0.631220773570296
56,46,102,0.9272124484159221
56,46,102,0.39276872776093164
84,17,101,0.9001259164326818
91,10,101,0.22969694042432465
61,40,101,0.15538414199960543
41,60,101,0.7247091139775156
84,17,101,0.061574305152184636
68,33,101,0.04398119165152394
59,42,101,0.06227839807645494
66,35,101,0.18540627861957026
72,29,101,0.07366646274388336
64,37,101,0.0002762843236294146
59,42,101,0.728363025262662
72,29,101,2.0850694674978564e-5
55,46,101,0.03682854976570325
69,32,101,0.0002281197245664883
69,32,101,0.5417209770628222
55,46,101,0.7250053280538279
77,24,101,0.5399726066425719
80,21,101,0.703988719890633
53,48,101,1.437077867512895e-5
5,96,101,NaN
60,40,100,0.05626150211135384
58,42,100,0.008393498718556719
72,28,100,0.9482723531511513
80,20,100,2.270632967678723e-5
69,31,100,0.9502807215373362
44,56,100,1.2985550074342035e-5
62,38,100,0.5868121943674993
68,32,100,0.4636295307500795
70,30,100,2.7759515793808302e-6
79,21,100,0.030737648006533322
74,26,100,1.0283382003323178e-7
75,25,100,0.22352243091324478
66,34,100,0.8864789529864606
67,33,100,1.092619480582034e-9
66,34,100,0.7423423413009405
81,19,100,0.3459022117588155
5,95,100,NaN
43,57,100,3.0333444376155098e-5
4,96,100,0.11735031057960332
74,25,99,0.5417209770628222
28,71,99,0.4810476269387019
82,17,99,0.08612589160650815
74,25,99,1.3698859068665049e-6
70,29,99,0.0004738924021921231
68,31,99,NaN
73,26,99,1.4230666512965397e-9
37,62,99,0.23825504041109222
76,23,99,7.197021815863359e-11
68,31,99,0.12697463708460904
68,31,99,0.007662949170620313
54,45,99,NaN
66,33,99,0.016109935945012175
69,30,99,1.3037777996298653e-5
60,39,99,0.00032798372939453984
75,24,99,0.030758156819904358
68,31,99,NaN
68,31,99,0.2783692877527476
65,34,99,0.06557944512377781
65,34,99,0.4475557477195245
71,28,99,8.250275522061985e-5
61,38,99,0.5865196674031864
51,48,99,0.6974361105757981
65,34,99,0.15938727449707998
51,48,99,0.3859946296497102
65,34,99,0.2054719603024389
40,59,99,0.8434766134250004
39,60,99,0.15324092960494862
4,95,99,0.940258845879074
80,18,98,0.01919502261909918
8,90,98,NaN
70,28,98,0.21584081623076154
76,22,98,0.08473812742565294
56,42,98,0.00011595629042800815
55,43,98,0.42993890742028606
66,32,98,NaN
8,90,98,0.0012907846203403432
41,57,98,0.02469205186513779
65,33,98,0.004350650570677232
56,42,98,NaN
67,31,98,1.1268693721735194e-6
42,56,98,0.7008889145275486
66,32,98,0.05383739958818746
67,31,98,0.12301661974167649
65,33,98,0.021938878660673903
68,30,98,3.2816390654091013e-15
63,35,98,0.8006696868167401
35,63,98,NaN
55,43,98,0.055863138924732436
70,28,98,0.03512905972317764
31,67,98,NaN
8,90,98,NaN
84,13,97,0.21185071034975703
38,59,97,2.8626232308753092e-5
64,33,97,2.2473662503487707e-9
67,30,97,0.0013009553841057781
79,18,97,0.06689475061747586
55,42,97,NaN
36,61,97,1.015414244328172e-5
64,33,97,0.0011333041766677804
69,28,97,0.29206823690529854
55,42,97,9.346651018477189e-14
69,28,97,0.18348414923983342
67,30,97,0.13695747655435897
59,38,97,0.20412293189996839
71,26,97,0.5275958296210032
49,48,97,0.5275829610744369
58,39,97,0.5417209770628222
76,21,97,0.044985794087593865
63,34,97,NaN
62,35,97,0.5768573200722006
67,30,97,0.7423423413009405
81,16,97,0.03276936471447714
60,37,97,0.13695747655435897
8,89,97,0.016656938369781698
72,25,97,0.8641229256173254
35,62,97,NaN
10,87,97,0.2783692877527476
5,92,97,0.1810966349086625
77,19,96,0.016093757601919587
39,57,96,0.2863428620330612
73,23,96,6.706974596257981e-7
68,28,96,1.1959213634440892e-6
66,30,96,0.7509736323514437
59,37,96,0.006579522172972076
81,15,96,0.9996976455156882
71,25,96,0.4475557477195245
63,33,96,0.9272124484159221
58,38,96,1.7393203896316702e-5
68,28,96,0.023437746643316073
52,44,96,0.26025102311931686
72,24,96,0.3557510427918548
57,39,96,0.08612589160650815
74,22,96,0.04531425270758149
65,31,96,0.25355180499419805
57,39,96,0.0008016327950300777
75,21,96,0.0006591715366801861
65,31,96,1.0340705157072102e-13
58,38,96,0.21857932631171037
64,32,96,0.0034053126576728517
64,32,96,0.07487618644983898
51,45,96,0.0001109326549388526
64,32,96,0.0005975507767356017
73,23,96,0.04661481945225271
6,90,96,0.7092033041123709
58,38,96,NaN
79,17,96,0.0028788935843253277
68,28,96,0.026481389666006844
9,87,96,NaN
5,91,96,0.48945833991568644
2,94,96,0.01638190722333895
52,43,95,3.1736324365260276e-9
63,32,95,NaN
68,27,95,3.438225432094837e-7
69,26,95,1.7052832924860386e-11
63,32,95,0.39292037936684643
75,20,95,7.796992221574443e-11
68,27,95,9.584000083418585e-7
47,48,95,0.17061968600930538
75,20,95,NaN
73,22,95,4.60709405641883e-5
51,44,95,4.07859043438027e-9
66,29,95,3.845890130709205e-5
42,53,95,0.40950930613071046
55,40,95,0.027245090950778768
56,39,95,0.7092033041123709
47,48,95,1.529122366945001e-8
8,87,95,0.011289586238233696
67,28,95,0.005759681417239138
67,28,95,0.6717661875924231
53,42,95,NaN
68,27,95,0.27580920489038496
63,32,95,0.05165944130947435
68,27,95,7.920592570868988e-5
64,31,95,0.3242733705182089
6,89,95,0.002905678151594665
36,59,95,0.20556444208851343
72,22,94,0.015000716839285189
64,30,94,0.002144320372394107
61,33,94,0.2783692877527476
69,25,94,0.0003280962173420797
58,36,94,0.8237080657963236
50,44,94,0.7424979738037245
64,30,94,0.011876578410271088
69,25,94,0.9120704523206503
68,26,94,9.01918449125806e-8
64,30,94,0.4833797088764611
66,28,94,0.09892055167166318
83,11,94,0.1225037047378435
27,67,94,NaN
55,39,94,0.5897532727944023
52,42,94,0.0015506799637766114
66,28,94,0.7726517314264018
62,32,94,4.028120763754594e-14
66,28,94,0.85472980870572
58,36,94,0.8652322931034484
69,25,94,8.879739597578178e-5
59,35,94,4.442796774792707e-5
61,33,94,0.29847576848684493
64,30,94,0.37666581340285943
46,48,94,NaN
61,33,94,4.049645256427046e-12
64,30,94,0.5538853774129815
55,39,94,0.0523654757273987
67,27,94,0.1584612870148331
49,45,94,1.2259460648253817e-7
62,32,94,0.010510670576424309
53,41,94,0.021836340740717053
51,43,94,0.6206406546983714
71,23,94,0.631220773570296
73,21,94,0.004651856692892514
7,87,94,0.4011103777394731
11,83,94,0.024355136263211334
5,89,94,NaN
7,87,94,NaN
35,58,93,0.40895832293631323
72,21,93,0.0013094254686544051
31,62,93,0.21048548001179104
61,32,93,0.23115204499086645
65,28,93,NaN
65,28,93,0.45236891473622887
57,36,93,0.21608026656704368
62,31,93,4.077360996580618e-16
74,19,93,3.400645458013686e-6
73,20,93,0.5723501934472951
42,51,93,0.1063909236612802
55,38,93,NaN
67,26,93,0.2916473836345393
66,27,93,0.5417209770628222
69,24,93,0.19159711197536944
76,17,93,4.8918410104777836e-5
78,15,93,0.00019856763165913353
45,48,93,0.1543013024487359
61,32,93,0.029402125244196553
42,51,93,2.386502802461838e-13
66,27,93,0.19524809485250133
62,31,93,2.206904795517641e-13
71,22,93,0.008955983117667777
71,22,93,4.347525206915444e-12
72,21,93,2.4021704939396322e-9
7,86,93,0.06116338872826856
58,35,93,0.7423423413009405
5,88,93,NaN
68,24,92,0.25313849987880516
64,28,92,6.226684876413517e-12
10,82,92,NaN
61,31,92,0.05199235437973911
67,25,92,0.10574770868455675
63,29,92,0.5417209770628222
57,35,92,0.04665914117398546
64,28,92,0.03728715544243565
51,41,92,0.05912833566850467
59,33,92,0.5566039647155154
67,25,92,0.00047778187671626066
59,33,92,0.18451843601299633
58,34,92,0.07361819104140599
59,33,92,NaN
45,47,92,1.1807608538086977e-11
48,44,92,5.872260556145418e-7
60,32,92,0.4481577254388492
63,29,92,0.08727507655534442
64,28,92,0.0006259737455461665
62,30,92,NaN
58,34,92,0.23941019176890846
50,42,92,0.9780860815897062
36,56,92,NaN
62,30,92,0.2034682798284676
56,36,92,0.00026259212999114694
30,62,92,NaN
10,82,92,NaN
60,32,92,4.830888149583597e-11
4,88,92,0.039797412151879055
59,32,91,2.534255850774661e-7
58,33,91,0.2984231793335556
50,41,91,0.0030655222222318247
69,22,91,5.160289686545233e-10
56,35,91,0.016574183920558084
65,26,91,0.22169138784037964
76,15,91,0.4878712024488122
33,58,91,NaN
69,22,91,NaN
63,28,91,1.8746069450553173e-8
40,51,91,0.24290906152647984
58,33,91,0.08559123182656377
72,19,91,0.0012978216878787687
46,45,91,0.7823599011535749
58,33,91,NaN
68,23,91,0.7589737307173963
62,29,91,0.008165382295116859
32,59,91,NaN
63,28,91,0.0028800586593819544
56,35,91,0.12969518288622897
45,46,91,NaN
49,42,91,0.006579776917405898
40,51,91,0.7538166972955137
5,86,91,0.1549722997216629
39,51,90,0.1866428306424799
66,24,90,0.021445688604081435
70,20,90,0.6716367291766698
59,31,90,0.9851120546352774
42,48,90,7.675623246794971e-9
61,29,90,NaN
60,30,90,0.9074318021875669
34,56,90,7.5759252812893e-6
28,62,90,9.530957559210223e-6
32,58,90,0.31538291069709495
61,29,90,1.2420332712767986e-8
16,74,90,NaN
66,24,90,5.745932514135079e-5
59,31,90,NaN
51,39,90,0.007332808179545792
72,18,90,0.6825313861060538
36,54,90,NaN
54,36,90,0.9943152957847301
50,40,90,0.01535304931771443
8,82,90,NaN
0,90,90,0.8356209359820927
54,35,89,0.08612589160650815
71,18,89,0.009879064934214428
56,33,89,0.6225249227512032
57,32,89,0.4475557477195245
70,19,89,0.5865196674031864
69,20,89,0.0016345554287885763
60,29,89,NaN
70,19,89,0.0020821756311968664
57,32,89,0.0004820421620708039
54,35,89,0.0143133607905662
64,25,89,0.088055530758648
54,35,89,0.4168904775764259
71,18,89,0.0873722402353555
62,27,89,0.10842814259609851
63,26,89,0.31674620144962234
53,36,89,0.053556438906752275
48,41,89,0.7422992902740958
66,23,89,0.04531425270758149
56,33,89,1.405182922328186e-9
59,30,89,6.744923163376118e-11
54,35,89,0.0032344506104328807
58,31,89,0.4475557477195245
52,37,89,0.0005484278199540999
28,61,89,NaN
53,36,89,0.0011748665100331326
22,67,89,0.0952718649184603
63,26,89,0.24650115797405128
62,27,89,0.04257418479842542
61,28,89,0.00016746827899425114
49,40,89,0.7726517314264018
5,84,89,0.06928672889405624
48,41,89,5.424647026905902e-9
67,22,89,0.0005456939550333914
20,69,89,0.012594245567677279
7,82,89,NaN
8,81,89,NaN
56,32,88,0.28886942966150986
53,35,88,0.0002689252956297662
62,26,88,0.15938727449707998
32,56,88,0.18493726411462888
71,17,88,0.003667812051649711
56,32,88,0.015362969145172364
50,38,88,NaN
52,36,88,NaN
63,25,88,0.979824352608406
58,30,88,0.004384682675856598
71,17,88,0.0006895143321856142
62,26,88,0.19640332632748678
64,24,88,7.47809564139782e-8
58,30,88,2.782935532657796e-8
65,23,88,0.001167033273547706
52,36,88,0.5341887344153083
70,18,88,0.24290906152647984
57,31,88,1.064226268862929e-6
57,31,88,0.04396943955512629
66,22,88,7.482830348935687e-28
61,27,88,0.0011212853405124547
52,36,88,NaN
50,38,88,0.5422914725459335
61,27,88,0.0006099797180791833
78,10,88,0.8397408014091354
75,13,88,0.9399889673842494
64,24,88,0.28044691532466665
58,30,88,3.0163806412087214e-7
59,29,88,0.01673644465961225
77,11,88,0.28956691726850226
5,83,88,NaN
29,59,88,NaN
35,52,87,NaN
67,20,87,1.2550318810188398e-24
57,30,87,0.25926635508053764
64,23,87,0.0028325716716920807
52,35,87,NaN
58,29,87,0.019796251803769704
67,20,87,0.15748782258625366
70,17,87,0.0781617680231807
46,41,87,5.4930968994686765e-9
52,35,87,0.727920708452019
46,41,87,0.00016119583854309877
23,64,87,0.31538291069709495
56,31,87,0.00044028968258527125
42,45,87,7.290286062751745e-7
57,30,87,0.25958891415378305
63,24,87,0.008720552083032858
48,39,87,0.06670328480127087
60,27,87,0.2942871780591215
63,24,87,0.7841578721088639
50,37,87,0.22375402190645435
58,29,87,NaN
54,33,87,0.037756217501652
4,83,87,0.012942208389845496
54,33,87,0.007526729097980747
66,21,87,NaN
52,35,87,3.383481136138829e-7
5,82,87,NaN
4,83,87,0.45012250997703973
52,34,86,0.37761557860755884
63,23,86,0.049420439001410015
53,33,86,0.0025709660283289135
67,19,86,0.09939042946698533
69,17,86,2.485743543519153e-6
65,21,86,0.7008889145275486
59,27,86,0.5865196674031864
51,35,86,0.10051532042143319
58,28,86,0.31538291069709495
59,27,86,0.4011103777394731
60,26,86,0.005565810318743481
53,33,86,NaN
64,22,86,2.0943405348444893e-7
71,15,86,0.3557510427918548
60,26,86,NaN
66,20,86,0.00043133159919885207
44,42,86,NaN
65,21,86,0.6717661875924231
34,52,86,0.27559937016016495
49,37,86,0.8108755240464771
54,32,86,0.973338835487004
61,25,86,0.24290906152647984
53,33,86,0.8669951567546434
61,25,86,4.212559394032113e-7
77,9,86,0.15102768731254565
56,30,86,0.7423423413009405
42,44,86,NaN
52,34,86,0.8359431154587638
56,30,86,0.06379277006912887
67,19,86,0.18348414923983342
58,28,86,0.0630282359819421
59,27,86,6.1293742699132e-9
52,34,86,0.9885707782763422
63,23,86,0.9001259164326818
53,33,86,0.06576146146222954
9,77,86,NaN
11,75,86,NaN
16,70,86,5.179801276793104e-6
3,83,86,0.21185071034975703
57,28,85,0.0004125702796704924
62,23,85,0.684554490280175
53,32,85,7.865551279449786e-5
71,14,85,0.002116478645410947
37,48,85,NaN
52,33,85,0.008577945783276199
50,35,85,0.9400555695425443
66,19,85,0.08631983440021639
46,39,85,0.10514189567907396
59,26,85,0.04054021520172972
67,18,85,0.039789624092319426
56,29,85,0.019796251803769704
53,32,85,0.00012709078423238382
63,22,85,9.532566241346643e-13
69,16,85,0.7611532741153187
56,29,85,0.46884985995069917
64,21,85,0.9137791798943785
44,41,85,2.8238001683616775e-8
62,23,85,0.9096377146777124
55,30,85,1.741417752615479e-6
49,36,85,NaN
50,35,85,2.328459256137706e-7
57,28,85,1.5940941064401064e-5
63,22,85,0.002246477196904632
5,80,85,0.4011103777394731
52,33,85,0.0023905856063758716
3,82,85,NaN
4,81,85,0.09148856627555663
65,19,84,0.7440297634001585
53,31,84,0.41537645198799034
62,22,84,0.14103717055021275
54,30,84,0.631220773570296
58,26,84,0.0399170641055326
62,22,84,1.2240184267478759e-6
59,25,84,0.0027150163056428394
54,30,84,0.7823599011535749
55,29,84,0.1821955912960594
70,14,84,0.6964542456544099
59,25,84,0.2962187991822095
52,32,84,0.15938727449707998
46,38,84,0.7709793783942518
57,27,84,0.6341319111360726
39,45,84,0.9540105697426747
56,28,84,1.405353657603935e-9
63,21,84,0.3187323933004152
67,17,84,0.9137791798943785
71,13,84,NaN
46,38,84,0.0044902359685638675
66,18,84,2.8715616888942225e-6
62,22,84,0.7038246336797255
51,33,84,0.07087651903486357
69,15,84,0.001480354547694114
34,50,84,0.19673536161828228
65,19,84,0.39524906779793495
33,51,84,0.21185071034975703
67,17,84,0.034198747178855994
4,80,84,NaN
48,36,84,0.01188642954117972
61,23,84,0.5670922261008554
55,29,84,0.9126902968965456
33,51,84,1.1645400140476976e-5
57,27,84,0.2683436849095591
56,28,84,0.20199474693874048
61,23,84,0.0037593210626884637
6,78,84,NaN
58,25,83,NaN
68,15,83,0.00022841025931676933
58,25,83,0.6484776877405086
58,25,83,4.271782132061848e-8
62,21,83,0.24290906152647984
47,36,83,0.15128570481564987
51,32,83,0.5976263523708363
62,21,83,0.15402269203188496
51,32,83,0.6717661875924231
57,26,83,0.0006567402451292811
52,31,83,NaN
60,23,83,0.256452626133871
63,20,83,NaN
26,57,83,NaN
64,19,83,3.550740417252902e-11
49,34,83,0.004895895863037059
60,23,83,0.21185071034975703
54,29,83,0.6992339864529973
58,25,83,NaN
9,74,83,0.011843197841200491
53,30,83,0.9618443862812049
47,36,83,0.21770911072538665
43,40,83,NaN
5,78,83,0.0661893996444875
5,78,83,0.3985306595116749
51,31,82,0.1535735655631942
58,24,82,0.06468011712839558
62,20,82,0.631220773570296
59,23,82,0.008437197382178312
55,27,82,0.6700041693160148
61,21,82,8.864283924243674e-8
47,35,82,0.1936699706194453
60,22,82,0.007985775909230816
45,37,82,0.0012559385087017318
59,23,82,0.9665237718144799
57,25,82,0.5434852093696828
57,25,82,0.08559123182656377
56,26,82,0.4313223499525416
57,25,82,NaN
57,25,82,0.2146317195805801
54,28,82,0.15014113416270394
57,25,82,1.9099739418295696e-12
53,29,82,0.21185071034975703
53,29,82,0.45774193192637896
63,19,82,0.14946117188711355
50,32,82,0.49819839050092674
33,49,82,0.04157414176031517
70,12,82,0.8294550263205144
43,39,82,0.14606046573919937
47,35,82,0.18174151391436585
62,20,82,0.4810427226217904
59,23,82,0.013426433873316016
55,27,82,0.08612589160650815
44,38,82,6.34839141446445e-7
64,18,82,0.631220773570296
59,23,82,0.9923104163626928
55,27,82,0.11044323172166662
71,11,82,0.07361819104140599
47,35,82,2.5389948648615393e-7
41,41,82,0.631220773570296
59,23,82,0.5465633116019265
58,24,82,0.0017650349119717602
56,26,82,1.91346273059867e-5
55,27,82,NaN
57,25,82,0.7726517314264018
56,26,82,0.11549214671907805
61,21,82,0.18070989167746893
39,43,82,0.33543358817657404
8,74,82,NaN
55,27,82,0.22677591709617098
60,22,82,2.1090921228177875e-5
6,76,82,NaN
3,79,82,NaN
49,32,81,0.99874973208563
63,18,81,0.3141473777431044
61,20,81,0.13695747655435897
50,31,81,0.6892296227776429
65,16,81,0.0012796703073892095
41,40,81,1.832689954338431e-15
41,40,81,0.02812277734243624
57,24,81,0.040442080731209126
52,29,81,0.5898593748533095
60,21,81,0.777102873428402
50,31,81,NaN
48,33,81,NaN
55,26,81,0.10014335557171032
57,24,81,NaN
53,28,81,7.224441306571068e-6
55,26,81,0.11881885597296148
50,31,81,0.2673251588113476
39,42,81,0.46716814283073316
29,52,81,0.5942597362652866
22,59,81,NaN
53,28,81,0.04872645483013095
44,37,81,4.0741911332544316e-5
45,36,81,0.09013041976401845
65,16,81,0.06186306330896091
58,23,81,0.0012304765526864965
4,77,81,0.4003962984911464
46,35,81,0.3187323933004152
69,12,81,0.013941405815913849
62,19,81,0.055019965025258535
4,77,81,NaN
59,21,80,NaN
53,27,80,0.8450772854630715
61,19,80,0.7726517314264018
52,28,80,0.000330595881035273
54,26,80,0.6178582296043047
39,41,80,0.0021214873135636486
57,23,80,0.21725912613543674
56,24,80,1.606500141732879e-14
62,18,80,0.03341926828827122
27,53,80,NaN
59,21,80,0.7812163198081716
57,23,80,8.847692326509623e-38
49,31,80,0.744819142046858
56,24,80,0.02730418902294748
61,19,80,0.15750217603457942
57,23,80,0.4475557477195245
43,37,80,0.7843829196580496
51,29,80,0.3032073463962016
65,15,80,0.29058217919003587
51,29,80,0.8889600223310947
59,21,80,0.3557510427918548
41,39,80,0.2783605991948176
30,50,80,0.00109181297879201
65,15,80,0.8353175921490358
53,27,80,0.001185052534699665
43,37,80,0.5865196674031864
45,35,80,0.3849288736423575
66,14,80,0.599771000111655
58,22,80,0.5417209770628222
8,72,80,NaN
48,31,79,1.6054201466427538e-5
57,22,79,0.5417209770628222
35,44,79,0.7589117697085833
9,70,79,NaN
61,18,79,0.289345377771013
49,30,79,0.8355252894497553
59,20,79,0.1696839275038498
57,22,79,0.20407946585800313
59,20,79,0.0011677580875320292
58,21,79,0.06161696922580816
48,31,79,0.572119613913508
51,28,79,0.0001281192192249553
55,24,79,0.0016945404625589603
47,32,79,NaN
58,21,79,0.08212534815175482
43,36,79,0.012452538605550765
65,14,79,4.0399616532637894e-5
54,25,79,0.3557510427918548
57,22,79,1.0607398260761989e-5
58,21,79,0.7636586819302883
59,20,79,0.6310264330936863
37,42,79,0.022787435137185494
54,25,79,0.01735511113201485
61,18,79,0.5240389132465063
58,21,79,0.623024607333319
39,40,79,0.7663108253562021
40,38,78,0.030941959346691316
50,28,78,0.8438193813468426
60,18,78,0.3928369420198639
46,32,78,0.7102404225375832
46,32,78,0.002389493647590989
52,26,78,0.321221426047442
50,28,78,0.852339273028023
57,21,78,0.7774985655253397
30,48,78,0.01384068834559692
52,26,78,0.3459806732529865
51,27,78,0.8829199564039262
65,13,78,2.263847045350694e-6
56,22,78,0.0005720933279323023
50,28,78,0.0018058528568471518
51,27,78,1.6574568409107177e-6
46,32,78,0.01120601825090652
47,31,78,0.809779486770781
50,28,78,0.014665764483515158
64,14,78,0.4759859066755086
51,27,78,0.1519181723889067
52,26,78,0.23502924869074499
54,24,78,0.0014925461944611958
48,30,78,NaN
51,27,78,0.07712230848084643
4,74,78,0.1116117646077116
62,15,77,6.468280128175104e-6
44,33,77,5.092686410847713e-5
44,33,77,NaN
45,32,77,NaN
46,31,77,0.10832845672564761
54,23,77,0.4475557477195245
64,13,77,0.7775795196926195
45,32,77,0.04396943955512629
48,29,77,0.06081616285612507
58,19,77,0.00031905334658867754
57,20,77,3.2645280810971274e-13
50,27,77,0.004900283264154076
37,40,77,0.06119693323665769
56,21,77,5.6529331263607325e-6
53,24,77,0.8827570506600473
61,16,77,6.34839141446445e-7
52,25,77,0.6453711054401953
68,9,77,0.04679455524132121
40,37,77,3.179618931207721e-5
46,31,77,0.0031684298984465593
56,21,77,7.514010943301302e-16
52,25,77,0.04661481945225271
53,24,77,0.029676729083052286
61,16,77,0.7603043288277139
56,21,77,0.49543559874771725
34,43,77,7.794181149618231e-11
60,17,77,0.6173349968733591
50,27,77,0.0006125211840371905
39,38,77,0.4093964428520231
42,35,77,NaN
9,68,77,0.05540345247894198
51,26,77,0.17791233181280447
52,25,77,0.10032275229784271
56,21,77,0.041675701535685415
22,55,77,0.5417209770628222
3,74,77,NaN
50,26,76,0.7509736323514437
42,34,76,0.1318843997778271
49,27,76,0.00023410875027221522
42,34,76,0.4011103777394731
57,19,76,0.9137791798943785
48,28,76,1.4646402638868444e-7
46,30,76,0.014929997653578954
59,17,76,0.03542250385965071
52,24,76,1.8848429192938904e-12
54,22,76,0.5865196674031864
47,29,76,0.5984549950610628
58,18,76,0.8544239371298977
55,21,76,0.06614274164204155
46,30,76,0.9201361152374609
52,24,76,NaN
42,34,76,0.8139548221866882
48,28,76,0.07638089437846551
57,19,76,NaN
56,20,76,NaN
52,24,76,0.10785429149157835
29,47,76,1.0044066520210111e-6
61,15,76,0.025002252512175586
57,19,76,0.21135792260298858
60,16,76,0.648667803262619
57,19,76,0.08365080497206963
44,32,76,0.8182623912818294
51,25,76,3.5252103527370657e-14
55,21,76,0.5383127633425898
38,38,76,NaN
62,14,76,0.018368800206433313
64,12,76,3.822376153144795e-5
26,50,76,0.017491153496117618
38,37,75,0.11768311778977843
62,13,75,0.004046008102084974
50,25,75,0.002182056884260608
43,32,75,0.31538291069709495
51,24,75,0.0009546536347388322
50,25,75,0.03781805966411464
47,28,75,0.7231243667910009
55,20,75,0.21950117629700644
55,20,75,0.03831329598506057
39,36,75,0.8827570506600473
57,18,75,0.05245035913673055
48,27,75,0.023373592253360536
50,25,75,0.16403854924204203
56,19,75,0.0630282359819421
58,17,75,0.5912825294787153
62,13,75,0.4584682072727178
50,25,75,0.9590286414731528
36,39,75,0.8696584079822213
44,31,75,0.5058433250670984
50,25,75,0.00545997419888534
46,29,75,0.9272124484159221
40,35,75,0.006083790175086281
48,27,75,0.00030404331536003473
10,65,75,0.31538291069709495
49,26,75,0.00012804017901657018
61,14,75,0.11735031057960332
47,28,75,0.02787455723542097
46,29,75,0.6711313530809376
47,28,75,2.5976950476767764e-6
30,45,75,NaN
46,29,75,NaN
64,11,75,0.5865196674031864
52,23,75,0.9962290253671563
50,25,75,0.02787455723542097
4,71,75,0.0013249013882564152
35,40,75,NaN
53,22,75,0.34529050100713193
50,25,75,0.2423452042445794
56,19,75,0.9663500458367166
59,16,75,0.11735031057960332
54,21,75,0.06227839807645494
59,16,75,6.8001778615844e-6
7,68,75,0.019002437528449236
42,32,74,NaN
49,25,74,3.4125160072761024e-8
52,22,74,0.007905211665849928
50,24,74,0.2384007641018812
51,23,74,0.1312965692448263
51,23,74,NaN
52,22,74,0.005363218797071108
50,24,74,0.5865196674031864
50,24,74,0.14976792446671247
63,11,74,0.007788498297230747
59,15,74,0.01899345402656066
50,24,74,0.005530012845895067
47,27,74,0.00011242090558501027
41,33,74,0.4484985703170251
52,22,74,0.3155855706394544
55,19,74,0.007893183124006676
57,17,74,4.801484473261849e-18
52,22,74,7.945034037927222e-28
51,23,74,0.07674080368140536
48,26,74,0.06747766374567786
11,63,74,NaN
42,32,74,0.1012904922568021
50,24,74,0.0535493246685387
54,20,74,0.545151248266706
50,24,74,0.8450772854630715
42,32,74,0.4475557477195245
50,24,74,0.03604051750385625
37,37,74,0.49417956281464187
58,16,74,0.00010782291323656802
46,28,74,0.9085057749918222
50,24,74,0.008046222779830792
54,20,74,NaN
45,29,74,NaN
42,32,74,3.281652483720974e-5
22,52,74,0.0002839273483750548
47,27,74,NaN
30,44,74,NaN
51,23,74,NaN
52,22,74,0.18348414923983342
62,12,74,0.3400214009022635
52,22,74,0.060064080904414605
52,22,74,0.0015525812533767496
48,26,74,0.2987735705314652
42,32,74,NaN
60,14,74,0.9983395450668214
59,15,74,NaN
42,32,74,0.9394569650180941
43,31,74,0.631220773570296
47,27,74,0.10087359347892634
53,21,74,0.009325005405405363
9,65,74,NaN
34,40,74,0.8090330542558006
42,32,74,0.9142877075858613
24,50,74,0.009174754979576243
11,63,74,0.1825420363460084
7,67,74,NaN
5,69,74,NaN
41,32,73,0.9034844744746767
47,26,73,0.60718535312417
46,27,73,0.0031944273356576676
50,23,73,0.0854276969850042
53,20,73,0.9396124013901456
49,24,73,0.04008251293453271
54,19,73,0.003552246039887656
54,19,73,0.23546314485192563
59,14,73,8.07448005449939e-7
52,21,73,0.4960011598443567
55,18,73,0.8572354758801874
60,13,73,5.160289686545233e-10
46,27,73,0.04465634022179577
60,13,73,0.2783692877527476
45,28,73,6.677667287847806e-7
58,15,73,0.09541574224677082
55,18,73,0.31538291069709495
43,30,73,0.33547943614152226
43,30,73,0.7049731262098982
43,30,73,0.014101824913907202
46,27,73,1.925540623744067e-5
57,16,73,1.8157375312268786e-9
57,16,73,0.005634442149223208
55,18,73,0.025565012937536397
49,24,73,0.000882695122321057
38,35,73,0.40448653138132723
52,21,73,2.9284620080248607e-6
43,30,73,0.02940277481789868
43,30,73,0.4475557477195245
42,31,73,0.2130031523150676
54,19,73,2.72998485151946e-5
18,55,73,0.658080462489747
55,18,73,0.12203129479183289
49,24,73,0.003128606812792255
46,27,73,2.9322093305251408e-6
50,23,73,0.5937666833661193
4,69,73,0.6802301510415759
42,30,72,NaN
47,25,72,0.03743375752191524
44,28,72,0.9308121988312424
44,28,72,0.00017315432286796697
52,20,72,0.002711240704027566
51,21,72,0.006071229055680871
55,17,72,0.10032275229784271
51,21,72,0.2954562226479242
38,34,72,0.3591189051133348
55,17,72,0.114640480224052
48,24,72,0.4086358059608462
58,14,72,0.00106136133461492
49,23,72,1.030105472679811e-5
55,17,72,0.7726517314264018
52,20,72,0.16324984796394382
45,27,72,0.044884160350894785
50,22,72,0.11565500735700189
45,27,72,0.06557944512377781
47,25,72,4.523672407383402e-11
55,17,72,0.027132986868479068
49,23,72,NaN
60,12,72,3.844907242680488e-5
47,25,72,0.0002243953491727953
39,33,72,0.00028259105783529906
55,17,72,0.08612589160650815
49,23,72,NaN
55,17,72,0.004436965651292313
49,23,72,0.053556438906752275
43,29,72,3.308510504208793e-7
54,18,72,0.8486512463439578
49,23,72,0.84141577786536
18,54,72,NaN
52,20,72,NaN
36,36,72,1.4176365905412802e-5
37,35,72,1.9756731757094608e-7
30,42,72,6.943426633729124e-5
48,24,72,0.19686053235174883
7,65,72,0.49543559874771725
6,66,72,0.2783692877527476
56,16,72,0.002864171637993675
32,40,72,0.9272124484159221
23,49,72,NaN
53,18,71,0.40882220824855886
53,18,71,0.49543559874771725
56,15,71,0.0029943360817945284
37,34,71,0.6262297236081859
55,16,71,0.5865196674031864
54,17,71,0.0063393776401022076
49,22,71,0.0003002140811561541
50,21,71,0.0483746020123343
50,21,71,NaN
53,18,71,0.006869541131886357
59,12,71,0.6110314536504485
41,30,71,0.07572506997632125
48,23,71,0.11735031057960332
46,25,71,0.0069793312548381845
47,24,71,4.8286069984848434e-5
56,15,71,0.21185071034975703
50,21,71,0.005363218797071108
53,18,71,0.7092033041123709
48,23,71,0.11735031057960332
44,27,71,0.0047494752777753535
48,23,71,0.12971959297876556
36,35,71,0.017127021201372033
39,32,71,0.34623875994514447
50,21,71,0.010540937395162575
49,22,71,0.0006481193470733812
57,14,71,0.4141709144592306
23,48,71,NaN
1,70,71,0.021216066653134885
46,24,70,0.9920825806332847
49,21,70,0.8618209618289953
46,24,70,0.18348414923983342
39,31,70,6.028567134987454e-5
46,24,70,0.006518868789256321
24,46,70,0.357870402461147
51,19,70,0.0011882411530067633
50,20,70,0.03845347247282624
55,15,70,0.9705615494173081
52,18,70,0.005424012005378863
40,30,70,0.11735031057960332
58,12,70,7.019378174869703e-6
22,48,70,NaN
39,31,70,0.005889567198670845
52,18,70,0.09307805652815826
40,30,70,0.7473184467567296
49,21,70,0.33120564069856223
53,17,70,0.3557510427918548
51,19,70,0.8827570506600473
37,33,70,0.683934796817456
47,23,70,0.008101524399915625
49,21,70,0.7726517314264018
45,25,70,NaN
52,18,70,0.014121883176475544
51,19,70,0.008295232987163796
44,26,70,0.005297680109526928
53,17,70,0.006162005486132496
5,65,70,0.49105307352722416
51,19,70,0.9335053885363508
54,16,70,0.27737760935150674
42,28,70,NaN
46,24,70,0.2687988404175689
25,45,70,0.0015506799637766114
57,13,70,0.4460076718407464
1,69,70,0.0011370032388690373
54,15,69,0.3978734912472814
48,21,69,0.6439166417179819
46,23,69,0.03831329598506057
48,21,69,0.6286352646486054
40,29,69,0.0001263164555712874
53,16,69,0.8450772854630715
42,27,69,0.011568802998929158
50,19,69,0.07361819104140599
55,14,69,0.811893548819785
52,17,69,0.02351147875816297
53,16,69,0.749003554418167
38,31,69,0.15094547530328498
43,26,69,0.4011103777394731
33,36,69,0.04638113143918453
35,34,69,0.410327026627206
43,26,69,0.04353492225883304
39,30,69,0.16342819760175079
50,19,69,0.15938727449707998
37,32,69,0.10805344723979791
52,17,69,0.0016583262479178918
42,27,69,0.001102422345773071
40,29,69,NaN
47,22,69,0.08298224980460639
47,22,69,0.5417209770628222
34,35,69,0.12149588864000452
46,23,69,0.13695747655435897
53,16,69,0.0011748665100331326
53,16,69,0.18348414923983342
43,26,69,0.2791419067012289
44,25,69,NaN
39,30,69,0.012902574293845354
32,37,69,1.3938468824086942e-9
44,25,69,0.1790271854560608
50,19,69,0.00505717137502625
50,19,69,0.03253491983830064
39,30,69,NaN
42,27,69,NaN
50,19,69,0.0001804411526708431
48,21,69,0.001368603612527105
47,22,69,0.5162908125240897
40,29,69,0.0001561923911746669
46,23,69,0.02787455723542097
42,27,69,0.10359958316450717
55,14,69,0.08612589160650815
44,25,69,4.408933706156626e-6
4,65,69,0.1889321931343944
44,24,68,0.006794151114661229
45,23,68,0.03954222950830441
52,16,68,0.4011103777394731
45,23,68,0.03831329598506057
53,15,68,0.06022801625631411
49,19,68,NaN
56,12,68,0.0051653647514528205
52,16,68,NaN
35,33,68,0.24290906152647984
47,21,68,NaN
33,35,68,0.00019071419226537357
48,20,68,0.7038570448214456
43,25,68,0.0002499692921704733
26,42,68,0.0978566544787937
44,24,68,0.8567792927688826
39,29,68,0.4416986737545368
56,12,68,0.3892404650973566
42,26,68,NaN
56,12,68,0.04709191160482034
44,24,68,0.7000131494577471
53,15,68,0.053556438906752275
53,15,68,0.9001259164326818
53,15,68,0.5407509450331557
52,16,68,0.7270143334608514
50,18,68,0.027181569811609272
56,12,68,0.4475557477195245
43,25,68,0.748397519190522
35,33,68,0.10032275229784271
47,21,68,5.087165144929026e-16
43,25,68,0.013674707016079944
41,27,68,0.0703371055723556
20,48,68,0.5796647489959673
47,21,68,0.29875765720844893
46,22,68,0.21185071034975703
35,33,68,NaN
51,17,68,2.0945469784631268e-5
51,17,68,0.04973192096406847
43,25,68,0.004182259662252314
41,27,68,0.2494749773582881
3,65,68,NaN
3,65,68,NaN
29,38,67,0.464580867187064
39,28,67,0.6475233868262518
34,33,67,NaN
47,20,67,0.07361819104140599
41,26,67,0.833604869336012
49,18,67,0.1414718485851537
43,24,67,9.806467618467325e-5
50,17,67,0.5417209770628222
48,19,67,0.002467913876483732
39,28,67,0.032853775051729074
48,19,67,0.023437746643316073
47,20,67,0.03897814882150428
40,27,67,7.673715579876632e-5
35,32,67,0.03831329598506057
53,14,67,4.0267965831034256e-5
38,29,67,0.00839049791803819
41,26,67,0.051778680722312974
44,23,67,0.9394569650180941
35,32,67,NaN
37,30,67,0.009455727963049072
51,16,67,0.012562547225833786
47,20,67,0.0021097079919752504
48,19,67,0.9129025531989411
35,32,67,0.11483101483666623
47,20,67,0.031362694939668145
53,14,67,0.002987361809611806
27,40,67,3.301042181477542e-5
41,26,67,0.8173073029708053
41,26,67,NaN
41,26,67,0.10539661478710197
5,62,67,0.7726517314264018
49,18,67,0.13695747655435897
38,29,67,0.0020142001056545973
6,61,67,0.33602171302183276
37,30,67,0.45307682365128465
42,25,67,0.7092033041123709
48,19,67,5.2711247959085885e-5
53,14,67,0.0005161983965659257
5,62,67,0.06861974194417725
43,24,67,0.4751413619449389
44,23,67,0.6552179524247501
46,21,67,0.12570215351180652
24,43,67,0.060731423609316264
39,28,67,0.17348601410596823
3,64,67,NaN
44,22,66,0.0025310340068154906
43,23,66,0.9001259164326818
50,16,66,0.006310638798611149
47,19,66,0.0011712749285906785
47,19,66,0.16651072600773031
30,36,66,0.9433120078872543
33,33,66,0.21793114523149193
23,43,66,NaN
52,14,66,6.831789542073531e-7
39,27,66,0.7603043288277139
41,25,66,0.08994894238101865
30,36,66,0.11486604287870629
36,30,66,NaN
20,46,66,NaN
48,18,66,0.14070950540595403
39,27,66,0.7915804538670338
46,20,66,0.4475557477195245
44,22,66,0.027132986868479068
51,15,66,0.08612589160650815
44,22,66,0.9926726101178125
51,15,66,5.687780126497645e-5
50,16,66,0.020704331094782816
38,28,66,0.9001259164326818
41,25,66,0.18575074515439163
43,23,66,0.2832608197192425
48,18,66,0.7440297634001585
42,24,66,0.44903107425617955
29,37,66,NaN
39,27,66,0.9137791798943785
44,22,66,0.38738868329299375
30,36,66,0.9873327680911236
52,14,66,0.002578214678610359
47,19,66,0.3520096576502029
48,18,66,0.9272124484159221
43,23,66,1.9344811292286612e-11
48,18,66,0.6030296094265772
5,61,66,NaN
50,16,66,0.19107816917749712
31,35,66,0.5787121685958916
6,60,66,1.5507064282725924e-5
47,18,65,0.2785310156409534
41,24,65,NaN
48,17,65,NaN
46,19,65,0.6179698001551034
36,29,65,0.27180056903822086
42,23,65,NaN
41,24,65,0.22326397870759185
36,29,65,1.4383751029360302e-5
34,31,65,0.6194001013927057
32,33,65,0.020041312603835314
40,25,65,0.1236575667439238
53,12,65,0.13973529457227596
48,17,65,0.7423423413009405
49,16,65,0.9887192172336163
50,15,65,0.35189271593111976
49,16,65,NaN
41,24,65,0.0005085159406114996
41,24,65,6.344387662339881e-7
51,14,65,0.45084846978565735
47,18,65,0.04531425270758149
42,23,65,0.24425271889800132
44,21,65,1.6276905431499967e-7
47,18,65,0.04665034695356766
24,41,65,0.6152955187571298
41,24,65,3.849133652630723e-9
35,30,65,0.010604417597803248
34,31,65,0.17380720518322315
45,20,65,0.2783692877527476
42,23,65,0.7663704316641103
50,15,65,0.1388258065641647
50,15,65,0.18348414923983342
48,17,65,0.006864458834605395
31,34,65,NaN
45,20,65,0.7092033041123709
48,17,65,1.4707272293299225e-12
44,21,65,0.056031775004924844
23,42,65,NaN
27,38,65,NaN
48,17,65,0.7112543701848228
46,19,65,6.5462576066309e-5
50,15,65,0.6723851871844705
36,29,65,0.13195809114579327
48,17,65,0.49543559874771725
44,21,65,3.5039928386462524e-11
53,12,65,0.02682098842714307
46,19,65,0.005507057024814199
35,30,65,0.04189826203731525
45,20,65,0.8397408014091354
46,19,65,0.047141940569403684
4,61,65,NaN
29,36,65,0.3424464811325161
35,30,65,0.05417011560110344
30,35,65,0.6310617776163441
31,34,65,NaN
44,21,65,0.11881885597296148
38,27,65,5.3056822886260293e-5
45,20,65,0.24290906152647984
44,21,65,NaN
43,22,65,0.40731973414821104
44,21,65,0.006448275642320811
30,35,65,0.00484040079863607
30,35,65,0.5066327331093788
33,32,65,0.631220773570296
44,21,65,0.8526058373300494
1,64,65,0.11735031057960332
7,58,65,NaN
3,62,65,0.10770022324523382
4,61,65,NaN
51,13,64,0.7723998184926931
46,18,64,0.5426589446525755
29,35,64,0.9590286414731528
38,26,64,NaN
26,38,64,NaN
53,11,64,1.986752333727429e-6
36,28,64,0.8450772854630715
42,22,64,0.08612589160650815
42,22,64,0.12142421139049567
44,20,64,0.15419292433117038
50,14,64,7.224441306571068e-6
38,26,64,0.9821052222790456
48,16,64,0.08894882765060866
47,17,64,0.8380571202461813
51,13,64,0.4477349855307412
31,33,64,0.28645058457609124
34,30,64,0.9137791798943785
43,21,64,0.09901566991057525
36,28,64,0.7092033041123709
29,35,64,0.06783689901428111
35,29,64,0.9272124484159221
53,11,64,0.8652322931034484
46,18,64,0.2810962262570387
42,22,64,0.7726517314264018
51,13,64,0.8620991676405201
23,41,64,0.33174573882111996
45,19,64,0.3940738179546217
43,21,64,0.0004329854590141156
45,19,64,0.24290906152647984
50,14,64,0.1639058140647694
39,25,64,0.23168406513216655
36,28,64,0.9238177499062524
36,28,64,0.17258134329955635
51,13,64,0.07978332771850487
42,22,64,0.6717661875924231
45,19,64,2.2543291587501202e-7
43,21,64,0.7964118731929204
44,20,64,0.01607423131044481
23,41,64,0.8610426484164373
24,40,64,NaN
35,29,64,3.359821791452895e-5
46,18,64,7.931277255699774e-6
35,29,64,0.0032344506104328807
50,14,64,0.6868672000096077
21,43,64,NaN
51,13,64,0.11735031057960332
40,24,64,0.21473661032613414
38,26,64,0.11121437363716496
54,10,64,0.3176351400173518
46,18,64,NaN
28,36,64,0.8686268632458807
3,61,64,0.012787289996955097
6,58,64,NaN
32,31,63,0.9817185142430638
47,16,63,0.21111724978999286
40,23,63,NaN
43,20,63,1.8355913070675295e-5
41,22,63,0.5865196674031864
53,10,63,0.5511213331111136
27,36,63,0.7423423413009405
39,24,63,0.31538291069709495
46,17,63,0.005343057809629297
39,24,63,0.012938329568835946
39,24,63,0.04772350602892773
37,26,63,0.11881885597296148
42,21,63,NaN
48,15,63,0.07289933931569903
36,27,63,0.34967941053494805
44,19,63,0.009348494703107476
48,15,63,1.4558027507435796e-13
43,20,63,0.6796560791431746
51,12,63,0.027270573925361474
34,29,63,0.8827570506600473
45,18,63,0.3273264862379277
27,36,63,0.00309569332205786
46,17,63,0.021844305973671582
36,27,63,0.26214227045972277
41,22,63,NaN
43,20,63,0.011739958665470424
41,22,63,0.000142809223081578
35,28,63,NaN
25,38,63,0.15797446565673084
41,22,63,0.5194396075618575
27,36,63,0.00857161184327673
47,16,63,NaN
38,25,63,0.07474378835002628
44,19,63,0.04531425270758149
41,22,63,NaN
36,27,63,0.5110222508412577
24,39,63,0.10700588814006887
32,31,63,0.032853775051729074
37,26,63,0.005325999139476455
8,55,63,NaN
29,34,63,0.2230512774968062
41,22,63,NaN
51,12,63,0.21185071034975703
43,20,63,0.0013116091536661285
44,19,63,0.00019764347000285172
48,15,63,0.231560605525423
37,26,63,0.7359543485731699
1,62,63,NaN
34,29,63,0.04072166146359844
36,27,63,2.330057533057928e-11
7,56,63,0.4011103777394731
2,61,63,0.49543559874771725
47,15,62,0.07932410616332419
48,14,62,0.05972764371881537
42,20,62,0.02787455723542097
46,16,62,0.6319106296892517
46,16,62,0.13456207939108966
40,22,62,0.06539716364047789
45,17,62,5.9691297483356655e-5
38,24,62,0.024230073829515572
34,28,62,0.9395078101296959
42,20,62,0.0001543217908383559
47,15,62,0.13321217383430956
43,19,62,0.08494339421487868
42,20,62,0.49543559874771725
30,32,62,0.810208340538233
37,25,62,0.002772440016913542
39,23,62,0.11600516340256257
20,42,62,NaN
33,29,62,0.011344078488777672
41,21,62,0.007326643371362243
42,20,62,0.8815525807862393
37,25,62,0.8012183129642948
48,14,62,1.7177383509109667e-12
53,9,62,0.009186513887090656
40,22,62,0.31538291069709495
38,24,62,0.04531425270758149
43,19,62,0.8691565683650004
44,18,62,0.3683827981078846
45,17,62,0.010982526179662092
42,20,62,0.8309364796418853
34,28,62,0.018436782706104247
49,13,62,0.46780718697188733
42,20,62,0.631220773570296
47,15,62,0.9263616469895146
46,16,62,0.23838390121173914
48,14,62,0.00010044905800749822
32,30,62,0.7026419765183438
46,16,62,0.003404124220755101
48,14,62,0.4475557477195245
38,24,62,0.011905462261028175
3,59,62,0.7375521419549611
46,15,61,0.46181677226929013
43,18,61,0.20238190277776313
33,28,61,0.0015084739231211299
34,27,61,3.2016367554196815e-5
38,23,61,3.217983936555657e-7
48,13,61,0.5963299003699654
36,25,61,0.5808119683144518
46,15,61,3.350144607333601e-8
46,15,61,0.35494522558536856
35,26,61,5.3056822886260293e-5
39,22,61,9.001688526265136e-6
51,10,61,0.7092033041123709
38,23,61,0.7092033041123709
33,28,61,0.2880410351480747
39,22,61,0.007121395384777761
35,26,61,NaN
35,26,61,0.1317553967664419
40,21,61,0.48503543797308796
49,12,61,0.23103067796165944
44,17,61,0.8567792927688826
45,16,61,0.00011672183283754628
43,18,61,0.5063100942068124
36,25,61,0.0005397728299213326
49,12,61,0.3679172162913577
42,19,61,0.3938845633510371
37,24,61,NaN
41,20,61,NaN
43,18,61,0.38951883007049515
53,8,61,7.34653777018012e-29
40,21,61,0.0630282359819421
38,23,61,0.5844085215984884
39,22,61,0.8091746970301724
42,19,61,0.0002674990971362683
42,19,61,0.02203888243207472
34,27,61,0.3557510427918548
36,25,61,0.005647728192071449
34,27,61,0.36616560631558354
50,11,61,0.6662246036382882
46,15,61,0.23258643019944877
30,31,61,0.4872950254629126
43,18,61,0.0002628709818337386
40,21,61,0.15938727449707998
40,21,61,0.06742153229124351
51,10,61,0.9329332693337223
43,18,61,2.835508001131151e-5
39,22,61,0.03799714661994558
41,20,61,NaN
26,35,61,0.961685413058509
51,10,61,0.009447257169204542
31,30,61,NaN
42,19,61,0.010790911971591396
46,15,61,0.8006696868167401
46,15,61,0.4475557477195245
39,22,61,0.002967433592285544
36,25,61,0.12121289165985201
3,58,61,NaN
5,56,61,0.4011103777394731
34,26,60,3.779735637608945e-5
44,16,60,0.31538291069709495
42,18,60,NaN
47,13,60,0.5769307387357345
39,21,60,0.3602340996808914
40,20,60,0.004742805806389141
48,12,60,0.10747666863004508
35,25,60,0.226515820499766
35,25,60,0.0023957695928512514
44,16,60,0.00032111112878988865
42,18,60,0.20621922975353818
35,25,60,0.3938667328193939
47,13,60,0.10092254123088842
35,25,60,NaN
32,28,60,0.7092033041123709
41,19,60,0.9663500458367166
49,11,60,0.845117449199878
46,14,60,0.019791730624755362
46,14,60,0.42415840342240274
29,31,60,NaN
43,17,60,0.5417209770628222
34,26,60,0.44376139778365664
49,11,60,0.9394569650180941
33,27,60,0.13335483455957828
38,22,60,0.11004266429364606
43,17,60,0.02272488721634483
36,24,60,0.554222744103215
40,20,60,0.035482047371670475
38,22,60,0.0018978738819437314
28,32,60,0.3557510427918548
52,8,60,0.04541960164073589
40,20,60,0.023353822266424264
42,18,60,0.023526326196296094
43,17,60,1.7396130919949447e-13
42,18,60,0.032853775051729074
41,19,60,0.8768095693934921
38,22,60,0.8450772854630715
18,42,60,NaN
40,20,60,0.7726517314264018
38,22,60,NaN
40,20,60,0.7976784589545632
47,13,60,0.10521431064973483
37,23,60,8.30891670214325e-5
49,11,60,0.03526039389913949
2,58,60,0.1541991348483225
44,16,60,0.4475557477195245
39,21,60,0.0951682461745239
42,18,60,3.683439442115854e-5
48,12,60,0.20812783895328843
39,21,60,0.0012447278390435531
42,18,60,0.9619358398504269
33,27,60,0.8237080657963236
44,16,60,0.49543559874771725
8,52,60,0.03831329598506057
44,16,60,0.18120091648214065
35,25,60,0.04024263717382728
33,27,60,0.9394569650180941
37,23,60,0.2424682504764655
38,22,60,0.028687714660200005
27,33,60,4.128951808604587e-8
33,27,60,0.19167872537906147
4,56,60,0.1650847250225711
44,16,60,0.24733809779639457
40,20,60,0.23812141385755708
2,58,60,0.05701682345616088
5,55,60,NaN
27,33,60,0.0005781923580955147
9,51,60,NaN
19,41,60,NaN
38,21,59,1.8664077981106035e-5
44,15,59,0.2783692877527476
46,13,59,NaN
48,11,59,3.861679926483562e-12
30,29,59,0.7840881097554488
48,11,59,0.11033032054311598
46,13,59,4.931503970346875e-9
35,24,59,NaN
46,13,59,0.7423423413009405
44,15,59,0.4011103777394731
45,14,59,0.8237080657963236
43,16,59,0.9590286414731528
43,16,59,3.809965685178672e-6
50,9,59,0.23856856164360665
43,16,59,2.5774957570591883e-7
37,22,59,0.03565476023942827
41,18,59,0.4155618969404342
50,9,59,0.0124368012838473
46,13,59,0.7871893537082499
34,25,59,0.022913459607003576
42,17,59,2.4775205171870442e-11
36,23,59,0.008995307902326595
26,33,59,NaN
44,15,59,0.05430319135127219
38,21,59,0.5086342018815367
43,16,59,0.8175129949777072
44,15,59,0.019455984335643026
34,25,59,0.4297115244541349
35,24,59,0.2783692877527476
6,53,59,0.1568841619396687
24,35,59,0.6717661875924231
45,14,59,0.16857768788025893
41,18,59,NaN
39,20,59,0.23842915360444486
44,15,59,0.010004999695498748
28,31,59,0.9733084005106692
38,21,59,0.02823656884242021
37,22,59,1.4658809451457128e-5
35,24,59,0.5465481748101702
47,12,59,0.24290906152647984
42,17,59,0.6717661875924231
42,17,59,0.2783692877527476
50,9,59,0.7423423413009405
35,24,59,0.0645451570159832
49,10,59,0.07448836852826089
43,16,59,0.7726517314264018
40,19,59,0.014846143942240689
34,25,59,NaN
30,29,59,0.04707049003766431
46,13,59,0.0009357776828242343
37,22,59,0.0035412213618454917
8,51,59,NaN
39,20,59,3.855331477621678e-5
42,17,59,0.3897842495451959
46,13,59,0.09554535512360639
41,18,59,0.004774756980085113
42,17,59,0.9910925044786386
42,17,59,0.5417209770628222
35,24,59,0.49543559874771725
34,25,59,0.10086142457960391
7,52,59,0.10699858966650064
2,57,59,0.18958081832968574
3,56,59,NaN
1,58,59,0.5417209770628222
44,14,58,0.5951524979210571
9,49,58,NaN
37,21,58,0.031899501372293
34,24,58,0.4011103777394731
49,9,58,0.08612589160650815
41,17,58,0.07361819104140599
45,13,58,0.040727293315117034
39,19,58,0.3746218511503353
35,23,58,0.003915806636755862
21,37,58,NaN
50,8,58,0.16062133869586234
39,19,58,0.02183268194206909
35,23,58,7.251416701514909e-8
35,23,58,0.0011625705686530334
39,19,58,9.718293214555749e-7
36,22,58,0.6018962792846809
45,13,58,1.2542725861830373e-9
41,17,58,0.08873381443867204
45,13,58,0.26113483693213324
34,24,58,0.007679256969030315
32,26,58,0.10032275229784271
45,13,58,9.549341474572783e-6
41,17,58,0.8827570506600473
35,23,58,0.11113716654442195
48,10,58,0.2757016987908827
44,14,58,0.09641013182255023
41,17,58,0.5038883853782452
32,26,58,0.8076511550142321
43,15,58,0.7087419733425216
23,35,58,0.8848200344940353
35,23,58,0.11549214671907805
42,16,58,0.4475557477195245
39,19,58,1.4525695663931378e-10
37,21,58,0.49543559874771725
49,9,58,5.924782477283162e-12
47,11,58,0.0002523855148888149
42,16,58,0.4011103777394731
26,32,58,NaN
46,12,58,0.004310189194251642
40,18,58,NaN
40,18,58,0.03604051750385625
37,21,58,0.07911442419137325
43,15,58,0.4684537709768802
46,12,58,0.6341239689643625
31,27,58,0.009796372810059914
37,21,58,0.8339007955470068
36,22,58,3.7096818454480457e-7
37,21,58,0.15938727449707998
37,21,58,0.7360910000376489
38,20,58,0.4155618969404342
40,18,58,0.00329421851219348
38,20,58,8.303958824908803e-15
43,15,58,6.984985484229106e-6
43,15,58,0.0037262367182438923
50,8,58,0.3433793147496606
38,20,58,0.3557510427918548
31,27,58,0.08431305507522473
40,18,58,0.12134365888299273
25,33,58,0.08612589160650815
24,34,58,0.18646687258047132
40,18,58,0.010572242220228045
38,20,58,NaN
51,7,58,0.899461139532177
4,54,58,0.9067180144969773
4,54,58,NaN
40,17,57,6.1293742699132e-9
38,19,57,0.49543559874771725
44,13,57,0.5427791979508634
28,29,57,NaN
36,21,57,0.02396798249044526
33,24,57,7.700432543536526e-5
32,25,57,0.7985281065085419
37,20,57,0.0001888681797852928
42,15,57,0.049115573253030655
49,8,57,3.723072251229522e-6
43,14,57,0.2783692877527476
39,18,57,NaN
23,34,57,0.9916966421839661
38,19,57,0.11055026276763365
41,16,57,0.0006952884129787666
40,17,57,NaN
36,21,57,0.9533085610832457
21,36,57,NaN
39,18,57,0.016656938369781698
36,21,57,0.10747666863004508
33,24,57,0.023253044254211482
51,6,57,0.0006429074570965051
38,19,57,0.49543559874771725
49,8,57,0.5417209770628222
29,28,57,0.9625390371960135
41,16,57,NaN
35,22,57,0.014794438733758544
45,12,57,0.00040896006950219945
38,19,57,0.01444244058741109
36,21,57,0.13452233506529881
36,21,57,0.8682626472685974
43,14,57,0.5036934751781328
43,14,57,0.13695747655435897
35,22,57,0.04969702057224241
35,22,57,0.6294542167615186
43,14,57,0.4011103777394731
43,14,57,0.0007060486876202274
30,27,57,0.1062273149953186
39,18,57,0.7876238261394255
27,30,57,4.805749902687862e-7
42,15,57,0.00012892251134554364
39,18,57,0.5884405448088323
37,20,57,0.5417209770628222
34,23,57,1.222226058459637e-10
41,16,57,6.806975416956412e-7
39,18,57,1.0344510817761467e-5
42,15,57,0.913254146833133
24,33,57,0.8713593112558079
27,30,57,0.0007547350958715948
26,31,57,0.2961073282186924
3,54,57,0.176296490723651
38,19,57,0.0038536780719649324
19,38,57,NaN
33,24,57,0.0001492205218188628
32,25,57,0.8897744915159251
32,25,57,0.8796217528285725
26,31,57,0.6167889316788114
23,34,57,2.9687442618037788e-5
43,14,57,0.3557510427918548
48,9,57,0.0011975738931419813
45,12,57,0.4706399242944392
28,29,57,0.6621925710843439
21,36,57,NaN
44,13,57,0.8006696868167401
37,20,57,0.8590680799865248
35,22,57,0.02787455723542097
40,17,57,0.11735031057960332
30,27,57,0.018302097350508088
30,27,57,0.7525215228656432
32,25,57,0.4552119100333958
5,52,57,NaN
35,22,57,0.46133921363057173
23,34,57,0.000490201018396859
45,12,57,0.029885399289472463
27,30,57,0.07321193313624542
33,24,57,0.8478300562755983
32,25,57,0.49796176209977827
27,30,57,0.8827570506600473
3,54,57,0.18348414923983342
2,55,57,NaN
1,56,57,0.652871760788931
39,17,56,0.316649500013281
37,19,56,NaN
25,31,56,4.879590902546424e-12
40,16,56,0.8450772854630715
42,14,56,0.3982008034059573
37,19,56,0.23416882867029135
29,27,56,0.6410229676387948
34,22,56,0.6805878707437568
30,26,56,0.1514162711143554
43,13,56,0.11268032756149413
35,21,56,0.5477267710409502
34,22,56,0.27488039458840285
44,12,56,0.03815295112930191
37,19,56,0.0013444296956384427
31,25,56,0.01331147598272501
43,13,56,0.003729934307940382
46,10,56,6.156684289983406e-5
36,20,56,0.03147154955174553
42,14,56,0.22827463891515906
40,16,56,3.4805799461666043e-6
36,20,56,0.18959557170771232
43,13,56,0.24443865594187517
24,32,56,0.010543119818050868
39,17,56,0.00013846842211218325
35,21,56,0.14543568788420788
37,19,56,0.6717661875924231
39,17,56,0.9394569650180941
46,10,56,1.1135630738259848e-7
27,29,56,0.3557510427918548
42,14,56,0.3928369420198639
37,19,56,NaN
37,19,56,0.9860410120854439
39,17,56,0.14219508675242282
21,35,56,0.11037879010400867
47,9,56,0.08404474933849204
43,13,56,8.107846217879345e-9
37,19,56,1.1688735438249252e-7
33,23,56,0.8450772854630715
45,11,56,0.8799676340338454
29,27,56,0.9424580868938122
29,27,56,0.006833940765310704
41,15,56,0.007746599196978321
39,17,56,0.023116583307614926
27,29,56,0.3619139111310755
31,25,56,0.10767844363132756
37,19,56,NaN
18,38,56,NaN
46,10,56,5.107360679036867e-5
27,29,56,0.9394569650180941
35,21,56,0.995470897769084
38,18,56,0.004236604471300757
19,37,56,0.15938727449707998
34,22,56,0.5417209770628222
38,18,56,0.27248879498973927
44,12,56,0.31538291069709495
34,22,56,0.6176456397455693
3,53,56,NaN
45,11,56,0.28398208973517614
38,18,56,0.014378876956174035
33,22,55,0.9001259164326818
38,17,55,0.2759470153040814
42,13,55,0.9633235668440655
41,14,55,0.04399485825913473
43,12,55,0.8653483262365589
41,14,55,0.7567402035046963
37,18,55,0.3436518700630235
44,11,55,2.098785824465899e-6
35,20,55,0.11811247321605284
45,10,55,0.0009836836038329894
31,24,55,NaN
28,27,55,0.4650620295747772
21,34,55,NaN
35,20,55,3.2239147785022738e-9
25,30,55,0.00018240415068341987
43,12,55,0.631220773570296
39,16,55,0.1721411755399036
42,13,55,8.840237511243371e-5
40,15,55,0.3736068155106834
41,14,55,0.7303795202913372
46,9,55,0.7303737933111294
43,12,55,0.06881660911425548
30,25,55,0.4011103777394731
34,21,55,0.007349342594627595
33,22,55,0.065070697865682
38,17,55,0.5304125892517625
33,22,55,0.4142530367705755
39,16,55,0.2241735387723911
30,25,55,NaN
31,24,55,0.20728740429240924
39,16,55,NaN
5,50,55,NaN
5,50,55,NaN
35,20,55,0.9263616469895146
5,50,55,1.4012406948680853e-5
8,47,55,0.16612903739066218
40,15,55,0.4681695760901867
39,16,55,0.3921225773990182
33,22,55,0.2840955138051464
41,14,55,0.32852562057644585
27,28,55,0.24290906152647984
28,27,55,0.38109682069174367
36,19,55,0.31538291069709495
32,23,55,NaN
37,18,55,0.9365668351439972
38,17,55,0.8012183129642948
42,13,55,0.07541881061227922
22,33,55,0.9663500458367166
36,19,55,0.7052620748202855
34,21,55,0.4011103777394731
39,16,55,NaN
37,18,55,0.06689475061747586
35,20,55,0.19232678216867602
41,14,55,0.0005908921493618726
39,16,55,0.0007909637590685906
39,16,55,0.11812919470476542
33,22,55,0.8450772854630715
22,33,55,0.0630282359819421
37,18,55,0.6302550543686551
38,17,55,0.9138416577474628
20,35,55,NaN
39,16,55,0.34823937240119085
29,26,55,0.776817887588582
34,21,55,0.00014138464484885114
21,34,55,0.7092033041123709
34,21,55,0.8237080657963236
2,53,55,NaN
7,48,55,NaN
18,37,55,NaN
20,34,54,NaN
4,50,54,0.7092033041123709
33,21,54,7.666322947308627e-5
45,9,54,4.712379553719541e-6
45,9,54,0.00010542442753056825
35,19,54,0.8310364398957234
33,21,54,0.4334241705494686
38,16,54,0.0011479411764696121
47,7,54,0.5695757733489574
34,20,54,0.019035117796115403
39,15,54,0.39314057354644055
35,19,54,2.8758609911792835e-5
34,20,54,0.001168662949932156
39,15,54,0.7092033041123709
42,12,54,0.0020511587831654344
31,23,54,0.0003047161047616243
42,12,54,0.042662503353201084
38,16,54,0.20817884702964493
45,9,54,0.0026317360427215762
38,16,54,6.609703681043507e-5
26,28,54,0.5272804686501211
28,26,54,0.2848525741815488
34,20,54,0.006615922891787756
30,24,54,0.549884946194231
49,5,54,0.8768954321643534
30,24,54,0.1739629348069852
26,28,54,0.4011103777394731
44,10,54,0.5841221099705048
36,18,54,8.896281768142397e-11
30,24,54,0.011335119107957231
43,11,54,2.9140403119218113e-18
29,25,54,0.05024262649127761
30,24,54,1.4429845116728358e-8
42,12,54,0.545442080694089
40,14,54,0.9493033010224405
41,13,54,5.3056822886260293e-5
34,20,54,0.24290906152647984
36,18,54,NaN
30,24,54,0.7856391979463717
33,21,54,0.006869541131886357
36,18,54,0.032853775051729074
18,36,54,0.08612589160650815
30,24,54,0.15728508976556516
37,17,54,0.5417209770628222
35,19,54,0.6895604309455236
46,8,54,0.37962405986531034
40,14,54,0.1954772190271984
37,17,54,0.45559831586401484
36,18,54,0.49543559874771725
36,18,54,0.059126022748759666
35,19,54,0.20042891806448712
41,13,54,0.45388116826689673
27,27,54,0.004207341433313575
33,21,54,0.7656968560480337
35,19,54,0.2053683880126834
40,14,54,0.4011103777394731
38,16,54,0.3681413164465483
36,18,54,0.9967630118537956
40,14,54,NaN
4,50,54,0.0003874035324142765
18,36,54,5.620863087487128e-8
34,20,54,0.8052971416746826
21,33,54,0.0036214862012187545
30,24,54,0.0630282359819421
38,16,54,0.5417209770628222
2,52,54,0.10032275229784271
42,11,53,0.001983804150318862
37,16,53,0.9608595330914946
35,18,53,NaN
17,36,53,0.7423423413009405
32,21,53,NaN
38,15,53,0.1933722599646157
29,24,53,NaN
41,12,53,0.06283247850079168
35,18,53,0.631220773570296
37,16,53,0.019603637719523802
48,5,53,0.8450772854630715
27,26,53,0.7294760928553328
38,15,53,0.21752155064704934
37,16,53,0.03882337865950054
48,5,53,3.185300134510075e-8
30,23,53,0.6717661875924231
41,12,53,0.24290906152647984
42,11,53,0.9493033010224405
39,14,53,0.005507057024814199
35,18,53,0.3005545522921389
36,17,53,NaN
25,28,53,0.0007282212125636896
37,16,53,0.0004811064538492133
38,15,53,0.7726517314264018
36,17,53,0.054579511941004674
38,15,53,9.933833795637485e-7
43,10,53,0.46786252112749976
39,14,53,0.001320050994511622
40,13,53,0.18348414923983342
38,15,53,0.019397828616507667
27,26,53,NaN
43,10,53,0.0462060885096858
33,20,53,0.007955996694257055
40,13,53,0.2126686339174585
47,6,53,0.17969903419978828
36,17,53,0.38560254287491486
44,9,53,0.3557510427918548
40,13,53,0.15938727449707998
19,34,53,0.6014762333434748
39,14,53,0.2763126820836637
28,25,53,0.01064787497179847
41,12,53,0.027197873086465256
26,27,53,0.002401749112532076
29,24,53,0.9737250339143739
35,18,53,0.8974688755101369
38,15,53,0.12869877666745172
32,21,53,0.21199395351876169
38,15,53,0.5175953087669155
52,1,53,0.8047588521635822
38,15,53,1.1703625552244929e-11
17,36,53,0.6717661875924231
36,17,53,0.552064643178396
33,20,53,0.32900852834625977
33,20,53,0.7271919953491297
39,14,53,0.22827463891515906
31,22,53,0.5157142501198757
34,19,53,0.01899345402656066
31,22,53,0.49543559874771725
3,50,53,NaN
22,31,53,0.5417209770628222
6,47,53,0.016421891984014052
40,13,53,0.0022708567045051776
31,22,53,0.00018842695309150158
31,22,53,0.07035247453086886
36,17,53,0.7811680378186527
32,21,53,0.2862378859034542
33,20,53,0.00319433720405805
30,23,53,NaN
28,25,53,0.26276559834608976
44,9,53,0.8006586145440605
41,12,53,0.10032275229784271
22,31,53,0.8237080657963236
1,52,53,0.15566559965681848
35,18,53,0.08612589160650815
34,19,53,0.5063016425921414
4,49,53,0.6796560791431746
9,44,53,0.00015156990715287064
3,50,53,0.8797366669815394
3,50,53,NaN
5,48,53,NaN
4,49,53,0.4155618969404342
3,50,53,0.9236363173702256
47,5,52,0.07361819104140599
42,10,52,0.04131511620957335
32,20,52,0.0028788935843253277
31,21,52,0.9765706055903831
42,10,52,0.001360648559500486
34,18,52,0.2790495778175496
21,31,52,1.7757131195612523e-5
32,20,52,0.9001259164326818
34,18,52,0.23090101654720957
46,6,52,0.5178782608538058
38,14,52,3.1554019236771413e-10
33,19,52,0.5458017815032892
33,19,52,0.3400214009022635
28,24,52,0.21185071034975703
36,16,52,0.012622545057481319
33,19,52,0.5814213034304652
39,13,52,0.0021428068524463545
28,24,52,4.052625022442919e-5
33,19,52,0.3451200835734362
39,13,52,3.3257216714869093e-19
39,13,52,0.03173344489305215
35,17,52,0.04026277755235405
30,22,52,NaN
33,19,52,NaN
49,3,52,1.4746266895721805e-7
40,12,52,0.009538093683471844
25,27,52,0.4155618969404342
36,16,52,0.02290946618943167
29,23,52,0.3090403985079605
42,10,52,0.3557510427918548
37,15,52,3.0259006220355336e-5
28,24,52,0.08165030863868651
40,12,52,0.00622925219700268
21,31,52,9.328881161587296e-5
36,16,52,0.07361819104140599
38,14,52,0.0016633042430331856
39,13,52,0.2783692877527476
34,18,52,NaN
43,9,52,0.2954562226479242
33,19,52,0.3557510427918548
37,15,52,0.8091182810825193
45,7,52,0.0002872459773662361
41,11,52,0.5183374556419776
39,13,52,0.596542528110786
37,15,52,0.03352290115128328
37,15,52,0.30341795406933736
32,20,52,NaN
31,21,52,0.40503063975740006
35,17,52,NaN
16,36,52,NaN
30,22,52,0.004501327429159283
36,16,52,0.5822397921313143
42,10,52,NaN
31,21,52,0.0693190275725501
33,19,52,0.7758787436037647
31,21,52,0.001573873433505148
34,18,52,0.1254325782693945
27,25,52,0.8450772854630715
35,17,52,0.21149962087261875
46,6,52,0.9160020579680843
33,19,52,5.889456913567236e-6
37,15,52,0.028058634925275296
35,17,52,0.04249180237477016
23,29,52,0.00025031899426304724
30,22,52,0.5417209770628222
2,50,52,NaN
38,13,51,0.18827109310092122
39,12,51,NaN
44,7,51,2.6708033847362965e-9
38,13,51,0.049259890554971
33,18,51,NaN
26,25,51,1.0002768466464656e-6
29,22,51,0.06025241841927223
30,21,51,0.8237080657963236
35,16,51,NaN
34,17,51,NaN
38,13,51,0.0023992579875282702
30,21,51,0.1473367306744599
37,14,51,0.026555952040342588
31,20,51,0.578858344957891
36,15,51,0.4011103777394731
36,15,51,0.009293255349232948
39,12,51,NaN
35,16,51,NaN
31,20,51,NaN
36,15,51,0.00013707456005715237
29,22,51,0.015397918427153138
35,16,51,7.811898946232987e-7
30,21,51,0.00012410089054910276
33,18,51,0.0045342459125861856
28,23,51,0.009033774114354154
35,16,51,0.5429043498435123
37,14,51,NaN
16,35,51,NaN
36,15,51,0.014121517999605857
34,17,51,0.00786216721672055
40,11,51,0.00036542152262637376
33,18,51,0.003010259863779632
37,14,51,0.0024803980266213718
45,6,51,0.2821285268260289
37,14,51,0.003095655933344842
43,8,51,0.7126187067430357
25,26,51,NaN
33,18,51,0.09107961357928022
34,17,51,0.705007256649465
39,12,51,0.22498386269722465
21,30,51,0.24290906152647984
37,14,51,0.5165405589692835
38,13,51,0.04490519729688882
39,12,51,0.9154764487273331
38,13,51,0.03831329598506057
34,17,51,0.9941888435564853
36,15,51,0.27107442836908596
34,17,51,0.17704147377252938
37,14,51,0.006717913204845601
33,18,51,1.5197133102741382e-11
36,15,51,0.03729269782526069
34,17,51,0.3557510427918548
33,18,51,0.02691438856859306
46,5,51,2.764857689995952e-6
35,16,51,0.0029261587571497694
24,27,51,0.8079676275547534
32,19,51,0.943051753859663
30,21,51,0.12427229573962298
32,19,51,0.07587954428124977
37,14,51,0.23546314485192563
32,19,51,0.001958531334265502
34,17,51,0.8237080657963236
21,30,51,0.734907593001853
41,10,51,0.9375836809204565
35,16,51,0.015273523699696041
29,22,51,0.44467716868660134
41,10,51,0.7239213700765524
38,13,51,NaN
26,25,51,NaN
37,14,51,0.14686793554604677
27,24,51,0.12838798282344843
27,24,51,0.01741605314796194
34,17,51,0.9047853618061095
30,21,51,0.35648023105927507
23,28,51,0.49543559874771725
21,30,51,NaN
9,42,51,0.5417209770628222
30,21,51,0.8646556113505213
5,46,51,0.20279334984652234
3,48,51,0.11735031057960332
4,47,51,0.06344001839533116
15,36,51,0.9272124484159221
1,50,51,0.04531425270758149
35,15,50,NaN
38,12,50,0.9590286414731528
34,16,50,0.053556438906752275
40,10,50,0.8498253068830308
33,17,50,0.39500683293706373
34,16,50,NaN
33,17,50,NaN
36,14,50,0.032853775051729074
31,19,50,0.0001467772644447041
40,10,50,0.5936355791989324
25,25,50,0.15938727449707998
31,19,50,0.7092033041123709
32,18,50,0.004382731291957058
38,12,50,0.06639819996454235
31,19,50,0.04095616070908058
28,22,50,0.7726517314264018
34,16,50,0.04796016816260409
25,25,50,NaN
31,19,50,0.6084212194052022
37,13,50,0.039215315146989754
37,13,50,0.8645885648732891
41,9,50,2.4770557815215167e-7
33,17,50,0.43236838797587135
28,22,50,0.27301357858659625
32,18,50,0.0011833749067772723
31,19,50,NaN
22,28,50,0.0006833248016036023
31,19,50,0.016656938369781698
38,12,50,0.0031735345065390308
39,11,50,0.17362590635090805
36,14,50,0.10260526483916325
31,19,50,0.00202898434882549
25,25,50,1.1480611885042494e-6
29,21,50,0.015772982265185906
31,19,50,0.012856137068979789
23,27,50,0.8652322931034484
31,19,50,0.03502039508964018
33,17,50,0.24009114977204196
38,12,50,0.01009058747051743
33,17,50,0.04509154856710466
35,15,50,0.19502425832251283
32,18,50,0.06286798211282084
32,18,50,0.05233653474119435
35,15,50,0.2340550612838551
30,20,50,NaN
26,24,50,0.05718811461247524
27,23,50,5.862780125851052e-6
42,8,50,0.17438848723702724
37,13,50,1.0597418605070441e-5
40,10,50,0.0013015543507605084
40,10,50,NaN
37,13,50,0.8981786706519453
31,19,50,0.7940703358412856
36,14,50,0.7423423413009405
36,14,50,4.139116344114634e-6
36,14,50,5.3056822886260293e-5
35,15,50,0.030758156819904358
35,15,50,0.0415641311842347
2,48,50,0.21185071034975703
30,20,50,0.08612589160650815
30,20,50,8.9565685809623e-5
38,12,50,0.5958931308769088
36,14,50,0.0818169348459901
32,18,50,0.00016443648699014616
31,19,50,NaN
25,25,50,NaN
35,15,50,0.8490116282569418
36,14,50,0.12063427555598273
36,14,50,0.028126331447350435
38,12,50,0.4011103777394731
31,19,50,NaN
35,15,50,0.46706673102208246
36,14,50,0.0031809174286656712
40,10,50,0.08612589160650815
23,27,50,0.6032275411443605
28,22,50,NaN
30,20,50,0.0808292036122457
28,22,50,0.0006555400685579198
22,28,50,0.35590882906484606
32,18,50,1.4882233206919043e-5
3,47,50,NaN
2,48,50,0.002984340715420321
5,45,50,0.448250450837401
4,46,50,NaN
35,14,49,0.24290906152647984
40,9,49,0.23670088159206143
37,12,49,0.3110479256893356
41,8,49,0.4098045188262163
30,19,49,0.005113723564435851
39,10,49,0.3834879730966726
25,24,49,0.05961025516949865
33,16,49,0.5865196674031864
27,22,49,0.1578493159480806
19,30,49,5.459891264793463e-5
26,23,49,0.6717661875924231
31,18,49,0.6588571565325837
40,9,49,3.31702661501602e-8
32,17,49,1.2391940792091064e-10
37,12,49,0.0004220251368203751
34,15,49,0.3557510427918548
41,8,49,0.0025188291350547046
32,17,49,0.648484466955513
29,20,49,0.5285387686168991
36,13,49,0.339077689566459
31,18,49,0.8680418686401739
30,19,49,0.0451282846549336
30,19,49,0.546152762799012
35,14,49,0.24290906152647984
35,14,49,0.908697676402728
33,16,49,0.1662761075267015
31,18,49,0.9282543891229011
39,10,49,0.012612560927214024
32,17,49,1.0986261494893445e-12
36,13,49,0.5478663612053598
33,16,49,0.002603524173234376
32,17,49,0.2783692877527476
33,16,49,0.005777074205084057
37,12,49,0.9544462104233368
37,12,49,0.662803924606588
25,24,49,0.7433590367901758
33,16,49,0.20841815912655623
35,14,49,NaN
39,10,49,0.8652322931034484
42,7,49,0.03732435401092868
36,13,49,0.7092033041123709
28,21,49,0.04531425270758149
29,20,49,0.46407455156990773
29,20,49,0.3557510427918548
35,14,49,0.4475557477195245
40,9,49,0.7948878831543034
32,17,49,0.0018844252201711744
43,6,49,0.501583366006554
34,15,49,2.600111673408042e-9
23,26,49,0.22388446151662286
28,21,49,0.2738504758064595
33,16,49,0.6570220179983678
44,5,49,0.008002892155317121
25,24,49,0.07765081802789221
32,17,49,0.49543559874771725
28,21,49,0.7506126132473532
28,21,49,0.631220773570296
26,23,49,NaN
32,17,49,0.7423423413009405
23,26,49,0.4475557477195245
32,17,49,0.06202168398362497
34,15,49,0.012294592145747447
28,21,49,0.6078036258336132
46,3,49,0.14499639323270927
33,16,49,0.5283847279431914
29,20,49,0.0873612770706823
33,16,49,0.7869407257884593
39,10,49,0.33583303689908217
36,13,49,0.02479067418896207
29,20,49,0.43678294588664146
28,21,49,0.15938727449707998
39,10,49,6.638755857790958e-5
40,9,49,0.41853181726994515
32,17,49,NaN
30,19,49,0.04704363927787536
28,21,49,0.1409752401595779
35,14,49,0.11168711204206064
26,23,49,0.34883319694767895
34,15,49,0.07141183824096121
24,25,49,NaN
11,38,49,0.2498028159469753
24,25,49,0.4613124379080453
36,13,49,0.06227839807645494
34,15,49,0.007349342594627595
33,16,49,0.4142530367705755
7,42,49,NaN
3,46,49,0.6716078365297319
2,47,49,NaN
7,42,49,0.18348414923983342
0,49,49,0.020399268294534277
24,24,48,0.026435422760939128
27,21,48,0.2473139043983581
30,18,48,NaN
33,15,48,5.287755728277722e-7
33,15,48,0.7195910676048861
37,11,48,0.8237080657963236
20,28,48,0.6090369901780465
34,14,48,0.003030146472964501
27,21,48,0.6717661875924231
39,9,48,0.38951883007049515
35,13,48,0.04531425270758149
34,14,48,0.15586409956042574
33,15,48,0.8652322931034484
35,13,48,0.13807164803619992
32,16,48,4.0576461026919554e-5
30,18,48,0.4250442482477199
32,16,48,0.8237080657963236
38,10,48,0.4011103777394731
33,15,48,4.3583087986358755e-8
28,20,48,NaN
34,14,48,0.18236945542079497
26,22,48,0.24289591015962433
12,36,48,NaN
35,13,48,0.06781824552824735
33,15,48,NaN
39,9,48,NaN
32,16,48,0.9001259164326818
31,17,48,0.0011874435251392652
37,11,48,0.02787455723542097
28,20,48,0.011335119107957231
41,7,48,0.7201495441197141
34,14,48,3.3943016143100315e-5
42,6,48,0.18348414923983342
22,26,48,NaN
36,12,48,0.9158349581885896
28,20,48,0.7092033041123709
32,16,48,0.0014962165856851253
31,17,48,4.3361598025392717e-8
31,17,48,0.4419777679209008
31,17,48,NaN
14,34,48,NaN
2,46,48,0.10222404693872356
30,18,48,0.4879656095045052
28,20,48,0.005440360477646261
32,16,48,0.546152762799012
30,18,48,0.17362590635090805
23,25,48,0.022937786027557038
32,16,48,0.07324947844627697
35,13,48,0.0003227973243060828
38,10,48,3.02578133683427e-14
33,15,48,0.16519705156387954
36,12,48,0.0042783261917976306
19,29,48,NaN
36,12,48,NaN
41,7,48,0.9733084005106692
31,17,48,1.4754029833070115e-7
28,20,48,0.2921607884375336
34,14,48,NaN
26,22,48,0.3779239556228152
42,6,48,0.7423423413009405
31,17,48,0.8813117890917728
35,13,48,0.0024420249658859998
22,26,48,0.004831653741143251
35,13,48,1.1119502752028157e-7
26,22,48,0.2913778813736139
43,5,48,0.574393445619842
28,20,48,0.17971166862958501
33,15,48,0.33342521358838617
21,27,48,0.3404784793951492
35,13,48,0.008183408291542574
28,20,48,0.0010326672881295759
22,26,48,0.3461558112703571
24,24,48,0.1874813431079213
8,40,48,0.49543559874771725
3,45,48,0.549884946194231
6,42,48,0.8652322931034484
3,45,48,0.20553552123041038
32,15,47,0.4475557477195245
32,15,47,0.2783692877527476
34,13,47,0.31194965281436726
29,18,47,0.0017001160562969625
25,22,47,0.44468942259076566
30,17,47,0.4475557477195245
40,7,47,0.9394569650180941
38,9,47,0.007066751168281473
16,31,47,NaN
33,14,47,0.3557510427918548
35,12,47,0.4155618969404342
33,14,47,0.2778894568045562
38,9,47,3.3271547253619622e-6
31,16,47,NaN
39,8,47,3.2820710324906493e-7
28,19,47,0.22991215445670818
30,17,47,0.18815404142320938
28,19,47,0.4475557477195245
35,12,47,7.611922807663842e-13
29,18,47,0.0014856208980730215
37,10,47,0.00016139336791143026
30,17,47,0.8284119416319761
26,21,47,NaN
30,17,47,0.04008567985883298
33,14,47,0.45236891473622887
28,19,47,0.02790304878334621
34,13,47,0.5969528471828965
33,14,47,0.10032275229784271
24,23,47,0.31538291069709495
13,34,47,NaN
30,17,47,NaN
25,22,47,0.2954562226479242
32,15,47,0.003997418964643107
31,16,47,0.2753296287238953
41,6,47,0.006745245761290469
33,14,47,0.007224884659388227
36,11,47,0.0032049632972005176
37,10,47,1.3065595440899309e-17
18,29,47,NaN
35,12,47,0.8681417411828163
35,12,47,0.5357892440355102
29,18,47,0.0026976941668199078
36,11,47,0.002250070585230538
33,14,47,NaN
33,14,47,0.35921678682269154
28,19,47,0.5417209770628222
27,20,47,NaN
22,25,47,0.3943445596863857
35,12,47,0.02817880281295604
30,17,47,0.0001642703489907947
34,13,47,0.17681544196801105
32,15,47,0.28398208973517614
27,20,47,0.1789410108520746
34,13,47,NaN
31,16,47,0.0002047590690488637
15,32,47,0.012093584024011722
26,21,47,NaN
28,19,47,0.6717661875924231
24,23,47,0.49543559874771725
29,18,47,0.9394569650180941
26,21,47,NaN
31,16,47,0.10121191969653771
32,15,47,5.580180903626047e-5
39,8,47,0.03047985099192217
32,15,47,0.2034666310028532
42,5,47,4.62207822857329e-5
28,19,47,0.15223682130742533
31,16,47,5.811840077730725e-11
38,9,47,0.2131739554249933
32,15,47,0.0024508177203723253
37,10,47,0.03436612234089086
4,43,47,0.24300042730493282
31,16,47,2.2294094657138073e-9
33,14,47,0.679845947433756
31,16,47,0.22870547066794158
20,27,47,NaN
25,22,47,NaN
27,20,47,0.016424560355277798
17,30,47,0.01964751139271028
35,12,47,0.07442710277237498
19,28,47,0.0006009767017616462
28,19,47,NaN
4,43,47,0.008995307902326595
13,34,47,0.7423423413009405
33,13,46,0.3221425532610277
40,6,46,0.023914531668794186
23,23,46,0.08612589160650815
35,11,46,0.023437746643316073
25,21,46,NaN
24,22,46,0.24290906152647984
33,13,46,0.0719914475957575
34,12,46,0.053556438906752275
34,12,46,0.2159574439562929
29,17,46,0.6103096311717083
35,11,46,0.6363457205872601
21,25,46,0.28396717373463803
33,13,46,0.0022019266028436694
39,7,46,0.31538291069709495
28,18,46,0.6114547860100591
36,10,46,1.2473419680045856e-7
31,15,46,0.002309288427662213
40,6,46,1.58761174074192e-7
34,12,46,NaN
34,12,46,0.5817302953912055
29,17,46,0.05678978544871131
35,11,46,0.4027115132362435
26,20,46,NaN
30,16,46,0.1389922089061288
30,16,46,0.17365759407514508
33,13,46,0.5417209770628222
4,42,46,0.13695747655435897
40,6,46,0.05287921913986539
38,8,46,0.30177235701867516
28,18,46,0.004048345143881799
27,19,46,0.088055530758648
38,8,46,0.21185071034975703
30,16,46,0.8006696868167401
20,26,46,0.2553991810298982
34,12,46,0.009461474583863828
28,18,46,0.26441780022487305
35,11,46,0.6986185314734269
37,9,46,0.24926728379849872
30,16,46,0.6651856841501752
32,14,46,0.2182307691523066
33,13,46,0.7044368526160404
36,10,46,0.21185071034975703
29,17,46,5.0823581746228164e-9
33,13,46,0.4475557477195245
32,14,46,0.04404155751306322
29,17,46,0.7092033041123709
38,8,46,0.009788376434390995
29,17,46,0.5417209770628222
28,18,46,NaN
30,16,46,0.14187148840344663
28,18,46,0.9137791798943785
31,15,46,0.00011985197904081443
24,22,46,0.5430894512761847
35,11,46,NaN
35,11,46,0.9493033010224405
33,13,46,0.006038796386438476
36,10,46,0.2675306488143615
32,14,46,6.517183901349416e-7
22,24,46,0.8827570506600473
30,16,46,NaN
35,11,46,0.020672822395417872
30,16,46,0.15828176067464347
32,14,46,0.2783692877527476
22,24,46,0.004291737948067365
16,30,46,NaN
27,19,46,0.7092033041123709
3,43,46,0.1138076554321831
5,41,46,0.008091054983473497
18,28,46,0.2851106311206284
22,24,46,0.08612589160650815
28,18,46,9.781890652428666e-11
34,12,46,0.9137791798943785
16,30,46,0.0006779638100347535
28,18,46,0.8910324467209715
35,11,46,0.0009212908873981543
30,16,46,NaN
35,11,46,0.7726517314264018
15,31,46,0.12013301033031365
30,16,46,NaN
29,17,46,0.004900283264154076
31,15,46,NaN
23,23,46,0.2809578211923491
17,29,46,0.0006130440238597511
35,11,46,0.7726517314264018
31,15,46,2.7216252525212303e-7
28,18,46,0.49543559874771725
6,40,46,0.01537187761263905
13,33,46,NaN
3,43,46,0.0007909637590685906
0,46,46,NaN
38,7,45,0.13684525122146476
38,7,45,0.0008487458569413715
37,8,45,0.4531479096658795
35,10,45,0.49883765464231244
34,11,45,6.712639544988183e-11
14,31,45,0.13076987620651462
33,12,45,1.3587876711670477e-5
36,9,45,0.15764511847786905
30,15,45,0.019796251803769704
35,10,45,0.38537223026237566
32,13,45,0.008664773844638101
30,15,45,0.15938727449707998
3,42,45,0.733922313312266
38,7,45,0.5767198019303477
34,11,45,NaN
27,18,45,0.6764373541299282
31,14,45,0.4169996091132625
31,14,45,0.024890851588635403
33,12,45,0.17671317399161163
34,11,45,0.40645364571879744
35,10,45,0.15616133856259604
37,8,45,0.01956530256282326
29,16,45,0.665723917913085
35,10,45,0.8518890958359402
34,11,45,0.0604487008657768
29,16,45,0.6224523967967596
30,15,45,0.28701915356413127
32,13,45,0.9931768678534196
32,13,45,NaN
29,16,45,NaN
31,14,45,0.039485127388866476
20,25,45,NaN
39,6,45,0.0001317219306323986
36,9,45,0.05152450118907358
24,21,45,0.22676358209111397
22,23,45,0.23191096815734746
38,7,45,0.014660210087760294
23,22,45,0.0002686080478027659
32,13,45,0.8713113353463898
35,10,45,4.096105469198214e-5
30,15,45,0.7092033041123709
34,11,45,0.21185071034975703
20,25,45,0.0015506799637766114
28,17,45,0.017795111934026227
33,12,45,NaN
39,6,45,3.461335726718558e-12
26,19,45,0.2261972426072204
20,25,45,0.5417209770628222
38,7,45,0.023393525522012744
36,9,45,0.01740337683607641
26,19,45,0.7886378974500924
38,7,45,0.10763580217254179
32,13,45,0.05984255017612892
29,16,45,0.5841221099705048
33,12,45,0.03831329598506057
29,16,45,0.5417650365701007
26,19,45,0.8237080657963236
36,9,45,0.17979742801885729
23,22,45,0.49543559874771725
22,23,45,0.30853513889950057
36,9,45,0.16361536536652246
31,14,45,0.8006696868167401
32,13,45,0.8197387119872513
31,14,45,0.7378175849155413
29,16,45,0.631220773570296
30,15,45,0.0932684286944658
39,6,45,0.04400949574278711
25,20,45,0.5865196674031864
33,12,45,0.00021087504227666165
29,16,45,0.773497288363319
31,14,45,6.585244431616714e-5
38,7,45,7.849139257451514e-15
25,20,45,1.238166078334964e-6
25,20,45,0.09148856627555663
25,20,45,0.000699908471135636
36,9,45,0.8685634667137178
28,17,45,0.9335470385049073
32,13,45,0.8434766134250004
30,15,45,NaN
36,9,45,0.6717661875924231
20,25,45,NaN
14,31,45,0.4011103777394731
27,18,45,0.631220773570296
16,29,45,0.22986855794650582
29,16,45,1.8485173990691215e-10
5,40,45,NaN
2,43,45,NaN
3,42,45,NaN
32,12,44,0.20678600893439436
32,12,44,0.12634574716652947
26,18,44,NaN
36,8,44,0.0015991442554046831
32,12,44,0.21793114523149193
32,12,44,0.000270823747593918
27,17,44,NaN
34,10,44,0.010694088724171137
32,12,44,0.33079038882422584
29,15,44,NaN
34,10,44,0.4475557477195245
37,7,44,0.0143133607905662
19,25,44,NaN
36,8,44,0.0004162171130637007
27,17,44,0.24033623891135383
32,12,44,0.0013876358890722684
28,16,44,0.012562547225833786
23,21,44,0.8006696868167401
29,15,44,0.06186306330896091
36,8,44,0.5587721585107637
31,13,44,0.10206842695459051
27,17,44,NaN
32,12,44,1.536495196890321e-10
36,8,44,0.693313666174552
34,10,44,0.2783692877527476
37,7,44,0.3463556629669106
28,16,44,0.0022668194929532054
33,11,44,0.004276953153533546
33,11,44,0.006965786195992693
31,13,44,0.20096607235338732
31,13,44,0.8928267702931925
19,25,44,0.001123792167269612
33,11,44,0.18486105157521562
27,17,44,0.607864011288183
12,32,44,NaN
26,18,44,NaN
35,9,44,0.3575534733500888
37,7,44,0.5100281327781574
33,11,44,0.016656938369781698
32,12,44,0.6310264330936863
35,9,44,0.0036558745111945866
27,17,44,0.65475266498511
34,10,44,0.6756628524008039
22,22,44,2.263847045350694e-6
30,14,44,0.041785553007261396
32,12,44,0.9234063351792013
32,12,44,0.05620176998986327
29,15,44,0.21376357430593126
35,9,44,0.03893441704193242
22,22,44,NaN
23,21,44,3.461335726718558e-12
30,14,44,0.013649857183771659
30,14,44,NaN
24,20,44,0.378426107880305
31,13,44,0.9887502454025502
34,10,44,0.005747312567349441
22,22,44,0.8854113609565558
32,12,44,0.0015892950162267065
34,10,44,2.044162607619719e-5
34,10,44,0.7818744422314542
29,15,44,0.2676673827150546
24,20,44,0.3103194978340013
36,8,44,6.174777846022829e-8
34,10,44,0.02787455723542097
26,18,44,0.936148461663526
23,21,44,0.7423423413009405
29,15,44,0.4011103777394731
31,13,44,0.16436799871024027
37,7,44,0.0035980920676715483
27,17,44,2.6932267464867747e-6
31,13,44,0.6686248300439356
24,20,44,0.017630196283813977
34,10,44,0.04531425270758149
33,11,44,0.004445748910173673
37,7,44,0.0002553559821013538
32,12,44,0.13488208424345496
28,16,44,0.27606951509085903
35,9,44,0.02399615900333367
17,27,44,0.011790149685655038
8,36,44,0.9699688204277042
32,12,44,0.29847576848684493
25,19,44,0.2918901956124787
24,20,44,0.2767449308526051
30,14,44,0.631220773570296
26,18,44,0.631220773570296
32,12,44,0.023178553387368964
28,16,44,2.2112596073880102e-5
34,10,44,2.263847045350694e-6
33,11,44,0.9144354835649345
26,18,44,0.2783692877527476
28,16,44,0.0010758467230237623
29,15,44,0.13481412910905607
22,22,44,0.0019397943444730912
27,17,44,0.01384068834559692
37,7,44,0.03519948208729389
24,20,44,0.631220773570296
33,11,44,0.006406437003060606
33,11,44,0.9583994369286827
18,26,44,0.0034890393059458054
31,13,44,NaN
23,21,44,0.2651428392617909
22,22,44,0.36907145656658763
32,12,44,0.9943152957847301
7,37,44,NaN
30,14,44,0.033631149920121235
24,20,44,0.4214418334907321
10,34,44,0.11163475936353759
3,41,44,NaN
25,19,44,0.3042460537732016
38,6,44,1.0252493413788823e-11
27,17,44,0.13695747655435897
28,16,44,0.6717661875924231
2,42,44,0.10764768954492082
7,37,44,0.26383167368416294
2,42,44,0.2335251236787853
3,41,44,0.244354737775765
1,43,44,0.6345778510802261
0,44,44,NaN
0,44,44,0.007936014841125907
33,10,43,0.4586696019088711
27,16,43,0.019796251803769704
33,10,43,0.032853775051729074
35,8,43,0.739985255434819
21,22,43,0.10587346422503567
32,11,43,0.0988132756548661
34,9,43,0.5417209770628222
24,19,43,0.015077269548897168
27,16,43,0.03831329598506057
38,5,43,0.21185071034975703
30,13,43,0.6719780672570762
35,8,43,0.2942871780591215
27,16,43,0.9001259164326818
34,9,43,0.022558676648891017
26,17,43,0.16694469412526258
32,11,43,7.52746243019017e-6
29,14,43,0.7092033041123709
38,5,43,0.014637198923166964
31,12,43,0.9101570425456311
24,19,43,4.1266437796195296e-7
36,7,43,8.906044556516467e-15
33,10,43,0.13921438529000302
28,15,43,1.4077766056290157e-12
33,10,43,0.021478437366797654
28,15,43,NaN
36,7,43,0.09358901995508033
35,8,43,8.796030062166171e-6
25,18,43,0.21185071034975703
31,12,43,0.2771901726794376
27,16,43,0.3568960726820055
32,11,43,0.9813681716479918
32,11,43,7.813451090115576e-7
25,18,43,0.9156010587350086
30,13,43,4.435956148220094e-10
29,14,43,NaN
24,19,43,0.599020216509803
34,9,43,0.032607470812726254
27,16,43,NaN
32,11,43,0.9047853618061095
34,9,43,0.40778061682487854
30,13,43,0.3885168287203162
26,17,43,0.5417209770628222
31,12,43,0.6717661875924231
26,17,43,0.10366126822582229
30,13,43,0.6246271950006305
28,15,43,0.061395323088430424
24,19,43,1.2426219657699683e-7
21,22,43,0.7342397979857165
31,12,43,6.697184070012053e-6
25,18,43,0.10032275229784271
16,27,43,NaN
35,8,43,0.7949252704453459
27,16,43,0.974015988867488
24,19,43,0.02096669483271912
31,12,43,0.7423423413009405
11,32,43,0.9983830823688337
28,15,43,0.019071368699734803
27,16,43,0.7092033041123709
24,19,43,0.948273412961483
34,9,43,0.009160003651243923
24,19,43,0.994456789656309
14,29,43,NaN
16,27,43,NaN
29,14,43,NaN
39,4,43,7.337916795073961e-5
23,20,43,0.5477424827489029
26,17,43,0.5055423763079225
34,9,43,0.5041072870129634
28,15,43,0.10106782279666295
33,10,43,2.5344387344105704e-6
22,21,43,0.3406410204239223
30,13,43,0.055597551673170854
30,13,43,0.22594351255131254
33,10,43,0.04595780972464682
34,9,43,0.28546291073438385
15,28,43,0.000215165383224923
34,9,43,6.60690162299218e-5
21,22,43,0.004308146259826655
29,14,43,0.10277386284841607
30,13,43,0.18348414923983342
4,39,43,NaN
16,27,43,0.023482995758525506
5,38,43,0.3470215223032927
35,8,43,0.4687423566214028
12,31,43,NaN
22,21,43,0.7135727844567347
27,16,43,NaN
33,10,43,0.01401545562224148
3,40,43,0.2714358672156589
1,42,43,0.09304746544788291
29,13,42,0.04531425270758149
21,21,42,0.09373149039744672
34,8,42,5.7841209388664526e-5
36,6,42,0.1181745619632144
24,18,42,0.24806130028015422
30,12,42,0.21136223010441837
32,10,42,NaN
26,16,42,0.7525215228656432
30,12,42,0.021257088827510037
35,7,42,0.11735031057960332
29,13,42,0.6717661875924231
30,12,42,0.13695747655435897
30,12,42,2.9386306996386313e-5
34,8,42,0.7423596240013182
29,13,42,2.951808451092101e-7
36,6,42,0.6745422502382948
4,38,42,0.10086574492125504
28,14,42,0.6904584382475842
26,16,42,0.5579306673939536
35,7,42,0.0029261587571497694
31,11,42,0.000906159437665455
30,12,42,2.3380765554524124e-7
32,10,42,0.34117257317291055
28,14,42,NaN
27,15,42,NaN
27,15,42,0.02469205186513779
34,8,42,NaN
34,8,42,0.6717661875924231
18,24,42,0.6636537423158765
34,8,42,0.6101717257400829
32,10,42,0.1621958962814017
28,14,42,0.8827570506600473
29,13,42,0.08469006231400016
27,15,42,0.4398279554254752
29,13,42,0.4011103777394731
27,15,42,0.6531111003853602
29,13,42,NaN
29,13,42,2.4414508454483957e-6
36,6,42,0.5064802273164352
33,9,42,4.087930474574756e-5
34,8,42,NaN
22,20,42,NaN
26,16,42,0.15904554546707864
13,29,42,NaN
18,24,42,0.010648571449409032
29,13,42,0.36492351237725457
29,13,42,0.0014052563134556281
15,27,42,0.22061921544044888
26,16,42,0.619427914833329
36,6,42,0.15345179758445754
32,10,42,0.5865196674031864
29,13,42,0.0062068859169990215
28,14,42,0.15527361181331611
23,19,42,0.0006456701085887917
25,17,42,0.017080492429337867
32,10,42,0.2662566548664171
34,8,42,0.1152770541801627
28,14,42,0.8006696868167401
23,19,42,0.47185749960595624
36,6,42,2.6785590221979344e-26
36,6,42,0.2783692877527476
34,8,42,0.999382148251637
31,11,42,0.4543242387602228
32,10,42,0.21376357430593126
30,12,42,0.5761666440031331
17,25,42,NaN
23,19,42,0.4011103777394731
26,16,42,0.2734225727207745
28,14,42,0.020707847977505727
33,9,42,0.00045085314308449616
25,17,42,0.4155618969404342
31,11,42,0.7222107919718584
27,15,42,0.0039281023537858705
33,9,42,1.3782951347039108e-6
23,19,42,NaN
32,10,42,0.8078531444036567
23,19,42,0.740694269487698
21,21,42,0.4475557477195245
26,16,42,0.13699179304262096
32,10,42,0.026343212164028636
31,11,42,0.451140734152499
22,20,42,0.7285565441282749
24,18,42,0.5185096325603687
35,7,42,0.16318803112599808
13,29,42,NaN
27,15,42,0.002771205147801065
31,11,42,0.9916966421839661
31,11,42,0.7726517314264018
33,9,42,0.2783692877527476
26,16,42,0.010744165734792489
31,11,42,0.49543559874771725
34,8,42,0.17112088287382307
32,10,42,0.7726517314264018
27,15,42,NaN
32,10,42,0.15938727449707998
25,17,42,NaN
27,15,42,0.11735031057960332
22,20,42,1.4114518333810388e-8
28,14,42,0.5237310479321983
29,13,42,0.002890833149203412
29,13,42,0.5865196674031864
3,39,42,0.1035415386416133
4,38,42,0.5030880407096042
27,15,42,1.96363519536645e-5
28,14,42,0.8100062713028605
33,9,42,0.023437746643316073
10,32,42,0.9272124484159221
27,15,42,0.32135031818130005
14,28,42,NaN
38,4,42,0.11814778513247286
33,9,42,0.4475557477195245
17,25,42,0.015240045302309579
25,17,42,0.27616481348172617
15,27,42,0.7423423413009405
20,22,42,0.5986409839750356
15,27,42,0.07650432917074587
4,38,42,0.07361819104140599
3,39,42,0.0621253223746662
7,35,42,NaN
4,38,42,NaN
3,39,42,NaN
2,40,42,0.4069778722018723
32,9,41,0.08586517415556653
27,14,41,0.11884425865406503
36,5,41,0.9137791798943785
26,15,41,0.009158374866553853
29,12,41,0.003866269992064979
24,17,41,0.31538291069709495
26,15,41,0.0012951795466389622
34,7,41,0.0008416574008690606
36,5,41,0.12615068362675697
32,9,41,NaN
30,11,41,0.013157434618049909
29,12,41,0.04659644260175844
37,4,41,0.07361819104140599
17,24,41,0.0006363944854407771
34,7,41,0.6545444795627876
19,22,41,NaN
28,13,41,0.8565837334949431
7,34,41,0.06926858102936126
28,13,41,1.3249455353891136e-7
27,14,41,0.5865196674031864
21,20,41,0.7726517314264018
27,14,41,0.0052090928993012925
24,17,41,0.8314571083876314
32,9,41,0.7397276883675789
25,16,41,0.21185071034975703
24,17,41,0.5485318614673917
22,19,41,0.5407509450331557
30,11,41,0.8155299865501007
32,9,41,0.31538291069709495
30,11,41,0.631220773570296
32,9,41,0.5493060417572245
29,12,41,NaN
27,14,41,0.8812634275948688
12,29,41,0.8450772854630715
28,13,41,0.06326203553525178
25,16,41,0.6073459580596504
28,13,41,0.04421868806589108
25,16,41,5.9615667894697824e-5
29,12,41,0.03831329598506057
21,20,41,0.2144909145927689
27,14,41,0.7726517314264018
27,14,41,0.0015669765386966492
32,9,41,4.23272859300767e-11
30,11,41,0.6142173709726486
30,11,41,0.005170427692174
29,12,41,0.10650743059522626
22,19,41,0.16455506960760444
29,12,41,0.017120070397437206
21,20,41,0.6923377942978383
34,7,41,3.6107880932673884e-8
24,17,41,5.387830343799678e-5
36,5,41,0.8443251722607275
27,14,41,NaN
33,8,41,0.2159574439562929
37,4,41,0.5737458270684518
26,15,41,0.49543559874771725
34,7,41,5.430259126539517e-6
25,16,41,0.7561215935481438
34,7,41,0.5940785884460495
29,12,41,0.31538291069709495
32,9,41,0.24851433310614376
33,8,41,0.4646191677721277
31,10,41,0.18414546106284674
35,6,41,0.0007408358535058567
31,10,41,0.007271268056578274
35,6,41,0.17797299965458593
33,8,41,NaN
24,17,41,0.5351076851684858
31,10,41,0.4475557477195245
23,18,41,NaN
30,11,41,0.05744245667414823
27,14,41,0.12121499006310611
29,12,41,0.0143133607905662
22,19,41,0.8418504667118032
19,22,41,0.5214765598680982
26,15,41,0.36452686251176847
26,15,41,0.10032275229784271
28,13,41,0.02787455723542097
27,14,41,0.010270733934553732
27,14,41,0.6717661875924231
22,19,41,NaN
16,25,41,0.01738030901675491
23,18,41,0.8901584396541352
27,14,41,0.20183110269551013
29,12,41,0.030097647404181506
29,12,41,0.8827570506600473
32,9,41,0.11445947214966377
27,14,41,0.2809578211923491
24,17,41,NaN
22,19,41,0.2209256584918376
32,9,41,0.8052971416746826
31,10,41,0.3092553510518756
25,16,41,0.010308887789365284
31,10,41,0.0390984099661486
26,15,41,0.4475557477195245
32,9,41,0.0038247261001240537
27,14,41,NaN
23,18,41,0.3188711039630161
26,15,41,0.3557510427918548
24,17,41,0.03804741558892524
26,15,41,0.17239957638594303
23,18,41,0.766630163899223
24,17,41,0.0020190658318959137
2,39,41,0.15938727449707998
26,15,41,0.30060959347131233
24,17,41,0.9116025018384656
28,13,41,0.7779294357111053
25,16,41,0.13068303417068872
29,12,41,1.3960352469568793e-13
30,11,41,0.13748514215974245
33,8,41,0.21185071034975703
5,36,41,0.4706163213031743
2,39,41,NaN
21,20,41,0.09510815075114254
23,18,41,0.0037194041735850968
3,38,41,NaN
1,40,41,0.02978392182318311
2,39,41,0.02787455723542097
25,16,41,0.3835405982233559
3,38,41,0.020182182653373522
3,38,41,0.4475557477195245
1,40,41,NaN
2,39,41,NaN
3,38,41,0.2650451485906273
1,40,41,0.1728284696123378
26,14,40,0.1847663210044602
31,9,40,0.8572624186992118
30,10,40,0.9320886840483327
36,4,40,0.6656465683427486
21,19,40,0.05097389187279239
3,37,40,NaN
33,7,40,0.8305235566410548
29,11,40,0.18605346399755543
29,11,40,0.8679189613997627
31,9,40,0.26048675425118967
25,15,40,0.2804669182290464
13,27,40,NaN
21,19,40,0.001281041873895076
33,7,40,2.985265194261927e-6
32,8,40,0.49543559874771725
24,16,40,5.807145200761183e-6
33,7,40,0.17067961047434554
31,9,40,0.6717661875924231
28,12,40,0.8237080657963236
30,10,40,0.5865196674031864
30,10,40,0.0018642567322703406
28,12,40,0.4223066230139843
29,11,40,0.012018589623237012
29,11,40,0.12004976413680925
24,16,40,0.0026113543291368274
27,13,40,0.1082279177694975
30,10,40,NaN
24,16,40,0.06043812889930048
18,22,40,NaN
33,7,40,0.7726517314264018
26,14,40,0.31538291069709495
25,15,40,0.031378596143344144
31,9,40,2.5187017985353425e-5
22,18,40,0.7092033041123709
29,11,40,0.2804669182290464
23,17,40,6.20600810675731e-8
22,18,40,0.10161481543112277
31,9,40,0.631220773570296
30,10,40,1.4451221739556191e-5
31,9,40,0.13595932099187039
27,13,40,4.435956148220094e-10
28,12,40,0.7023566697163772
29,11,40,NaN
22,18,40,0.005768109628956703
31,9,40,0.4949883562738661
4,36,40,0.5417209770628222
23,17,40,0.2144909145927689
31,9,40,0.3364221869848674
26,14,40,NaN
20,20,40,0.004986605440674977
27,13,40,5.874680949662236e-11
31,9,40,0.9733084005106692
33,7,40,0.31413515158433525
29,11,40,0.719541925178252
29,11,40,0.8460768069613775
28,12,40,0.011664752155406338
8,32,40,0.4475557477195245
23,17,40,NaN
29,11,40,0.1519181723889067
29,11,40,0.0016074298729760821
19,21,40,NaN
29,11,40,0.7092033041123709
32,8,40,0.14232752480808997
31,9,40,0.036517876044447506
30,10,40,0.0633422138374681
29,11,40,5.4357481703745375e-5
26,14,40,0.5865196674031864
30,10,40,0.7092033041123709
30,10,40,3.835332640148956e-12
19,21,40,0.7423423413009405
31,9,40,0.4011103777394731
28,12,40,7.028889665476574e-12
35,5,40,0.034832682728199935
34,6,40,0.9663500458367166
20,20,40,0.7930673475826795
34,6,40,0.9699688204277042
26,14,40,0.9457788716816524
21,19,40,0.3576125799751027
30,10,40,0.009816806149022302
30,10,40,8.934391150460715e-5
14,26,40,NaN
28,12,40,0.8695912633548026
25,15,40,0.7311215476283202
26,14,40,0.2728854627748475
33,7,40,NaN
34,6,40,0.7423423413009405
33,7,40,NaN
28,12,40,0.03140549796485615
15,25,40,0.11577109985220846
28,12,40,0.00154327323529028
31,9,40,1.7646100117048313e-8
21,19,40,0.18217122909860328
25,15,40,0.15938727449707998
22,18,40,NaN
34,6,40,0.7423423413009405
27,13,40,0.497636843262536
29,11,40,0.9951781190776762
31,9,40,0.005546338580925025
30,10,40,0.029039276109578877
14,26,40,0.08612589160650815
15,25,40,0.003835087851524878
24,16,40,0.8237080657963236
22,18,40,0.19177716431254785
28,12,40,0.7423423413009405
16,24,40,NaN
26,14,40,0.009816132224314397
25,15,40,0.13612437421446916
28,12,40,0.7726517314264018
25,15,40,0.8237080657963236
18,22,40,0.014848400104663654
29,11,40,0.0024821237357209457
30,10,40,0.9272124484159221
18,22,40,0.4475557477195245
24,16,40,0.2668400346081453
23,17,40,0.8237080657963236
17,23,40,4.0596266460783304e-5
25,15,40,NaN
4,36,40,NaN
23,17,40,0.007496046378549903
4,36,40,NaN
13,27,40,NaN
32,8,40,0.22542847127287105
21,19,40,0.016747214660008357
6,34,40,NaN
3,37,40,0.0005880537276961274
1,39,40,0.17356972116971547
3,37,40,NaN
2,38,40,NaN
2,38,40,NaN
0,40,40,NaN
27,12,39,0.1287645457059199
26,13,39,0.4011103777394731
24,15,39,0.15938727449707998
31,8,39,0.502075544389932
30,9,39,0.49543559874771725
25,14,39,0.3539940043769863
16,23,39,NaN
31,8,39,2.510658440995883e-5
21,18,39,NaN
35,4,39,0.49543559874771725
24,15,39,0.2312894700580073
22,17,39,0.04531425270758149
26,13,39,0.5865196674031864
34,5,39,0.8487128669099552
31,8,39,0.6154724173517484
30,9,39,0.002136811543673226
18,21,39,NaN
30,9,39,0.03963139213085839
31,8,39,0.46181677226929013
26,13,39,NaN
27,12,39,0.03819073145930519
33,6,39,0.8812894857617629
29,10,39,3.874358590614003e-13
28,11,39,0.18348414923983342
21,18,39,0.20649508612391254
22,17,39,0.3162060087709732
24,15,39,0.5802917560236949
27,12,39,NaN
29,10,39,0.12007964750175469
31,8,39,0.869705116604009
23,16,39,0.9732967887251674
32,7,39,0.6380780114633431
27,12,39,0.8645857639823079
32,7,39,0.16501580700800356
31,8,39,0.7726517314264018
23,16,39,0.07227523358195612
29,10,39,0.631220773570296
29,10,39,0.10884389013184273
29,10,39,0.22591967433495166
22,17,39,0.08238703610652312
34,5,39,0.00011607823190569066
33,6,39,0.053556438906752275
21,18,39,0.002761612741626664
27,12,39,0.48064333919169716
18,21,39,NaN
19,20,39,5.620027030562213e-5
23,16,39,0.4211217043799462
32,7,39,2.1728366482546563e-11
30,9,39,0.05068202439822384
26,13,39,0.3557510427918548
34,5,39,NaN
27,12,39,0.04982831635528731
27,12,39,0.22061921544044888
26,13,39,NaN
25,14,39,0.0017866604955039257
22,17,39,NaN
29,10,39,0.17232677810766922
25,14,39,0.11735031057960332
24,15,39,0.0019733553015377926
23,16,39,0.6264680063633467
34,5,39,0.12616282631084808
23,16,39,0.026670507071754182
23,16,39,NaN
33,6,39,0.30981206785685766
22,17,39,0.0006064594894567663
20,19,39,NaN
16,23,39,0.9759123261230562
25,14,39,0.04941243468024936
2,37,39,NaN
31,8,39,0.05750142144055835
30,9,39,2.3195728091478967e-8
26,13,39,0.4475557477195245
27,12,39,4.28633536735536e-6
29,10,39,0.573507482997602
28,11,39,0.44769991317043983
23,16,39,0.2683258435424701
30,9,39,0.6176727143341546
25,14,39,0.0706497928444649
23,16,39,0.1320035912056919
18,21,39,0.6717661875924231
25,14,39,0.016273596438802728
32,7,39,0.019796251803769704
30,9,39,0.8652322931034484
23,16,39,9.30924406364919e-6
21,18,39,0.3817028183382224
33,6,39,0.1291008315646369
20,19,39,0.7414215192334589
27,12,39,0.0017064420037538513
29,10,39,2.9134149728218397e-8
14,25,39,0.5638728209763701
30,9,39,0.5740255790257942
25,14,39,0.5842953391979872
27,12,39,NaN
24,15,39,0.9394569650180941
28,11,39,0.011980884592736588
24,15,39,0.3223265950961404
33,6,39,0.26265863600575173
23,16,39,0.5913325492878363
19,20,39,0.761019385307013
21,18,39,0.09277757670694448
30,9,39,0.052405756155962366
22,17,39,NaN
20,19,39,0.7348482626623564
13,26,39,NaN
32,7,39,0.6177459259595177
19,20,39,0.6746387036439591
21,18,39,0.8450772854630715
3,36,39,NaN
26,13,39,0.00309569332205786
20,19,39,0.24851433310614376
25,14,39,0.2574088731044193
14,25,39,0.005030014622757332
19,20,39,0.7700739487437182
34,5,39,0.0700866898840161
16,23,39,0.10032275229784271
27,12,39,0.08501218341265301
26,13,39,0.005173240006658753
30,9,39,0.020363567768377465
17,22,39,0.03526039389913949
23,16,39,NaN
21,18,39,0.010424042279941327
19,20,39,0.11880014770862055
5,34,39,0.3557510427918548
2,37,39,0.15021370908375797
23,16,39,0.2631335155706034
3,36,39,NaN
5,34,39,NaN
1,38,39,0.5702474409414928
1,38,39,0.42539470606205293
34,4,38,0.5170170548030728
26,12,38,0.10613345850969931
18,20,38,0.6717661875924231
21,17,38,0.9137791798943785
27,11,38,0.7423423413009405
26,12,38,0.04633018640909105
30,8,38,0.6078036258336132
18,20,38,0.1036745699343035
25,13,38,0.2783692877527476
28,10,38,0.31538291069709495
23,15,38,NaN
32,6,38,0.009791194461027736
25,13,38,0.0034971407030428316
28,10,38,NaN
26,12,38,0.2081973702762611
21,17,38,NaN
28,10,38,0.4211217043799462
24,14,38,0.2783692877527476
21,17,38,NaN
31,7,38,0.00010928199565845796
20,18,38,0.1032356490197009
27,11,38,0.8586143816116096
30,8,38,1.4172118264848067e-5
30,8,38,0.7695519024527266
24,14,38,NaN
18,20,38,NaN
24,14,38,NaN
25,13,38,0.005377745605858079
28,10,38,0.8006696868167401
10,28,38,0.00026740008013717716
26,12,38,0.9705615494173081
29,9,38,0.6370771763487563
21,17,38,NaN
23,15,38,0.3557510427918548
28,10,38,0.15938727449707998
21,17,38,0.8006586145440605
15,23,38,0.09263095765621354
25,13,38,0.3365274338321048
23,15,38,0.2653024607190221
26,12,38,0.6906549960553849
27,11,38,0.007100460227228859
27,11,38,0.022651515925391084
27,11,38,0.041301306650522965
2,36,38,0.48848230519837055
24,14,38,0.10032275229784271
27,11,38,0.4475557477195245
26,12,38,NaN
27,11,38,0.7177336754742831
31,7,38,0.012594245567677279
25,13,38,0.3355403064925721
28,10,38,0.03831329598506057
19,19,38,0.1031219763287773
23,15,38,0.631220773570296
25,13,38,0.8303658393536664
31,7,38,0.0018259931178372267
26,12,38,0.2135377967112397
29,9,38,0.9846257381414553
20,18,38,0.7029204052336046
24,14,38,0.09948252993150189
29,9,38,0.5136189316642693
21,17,38,0.1956286802877686
24,14,38,0.8450772854630715
26,12,38,NaN
26,12,38,0.017036229151676446
23,15,38,NaN
27,11,38,0.747933987655951
29,9,38,0.30681726591899305
22,16,38,0.4926805509915818
29,9,38,0.004989457534877653
28,10,38,0.01158663321068192
24,14,38,NaN
20,18,38,0.011335119107957231
3,35,38,NaN
22,16,38,0.004653584554256995
27,11,38,0.9552740144516588
21,17,38,0.5085888036623277
25,13,38,NaN
23,15,38,0.13545012418297567
28,10,38,0.16666190656123986
23,15,38,0.5865196674031864
27,11,38,0.08606570126690044
26,12,38,0.33430800744614414
16,22,38,0.631220773570296
32,6,38,0.7906123531705567
31,7,38,NaN
29,9,38,0.11507959240245934
24,14,38,0.5417209770628222
30,8,38,0.0013839673114485283
27,11,38,0.0010847255883198999
22,16,38,0.10032275229784271
26,12,38,0.08434757332860653
28,10,38,0.5865196674031864
19,19,38,0.4125590527754795
32,6,38,1.0178591456063957e-7
33,5,38,0.31773754632069345
28,10,38,NaN
29,9,38,0.31538291069709495
30,8,38,0.002916985983884128
21,17,38,0.05447248636018863
5,33,38,0.0011542196748850373
27,11,38,0.846735666756505
19,19,38,0.631220773570296
17,21,38,NaN
21,17,38,NaN
26,12,38,0.0007252346853140985
14,24,38,NaN
26,12,38,0.899461139532177
21,17,38,0.263113802119437
30,8,38,0.0009212908873981543
30,8,38,0.3557510427918548
26,12,38,0.044435279328353845
31,7,38,0.08870066303540126
25,13,38,0.600297928421745
12,26,38,0.12128656627177845
28,10,38,0.4155618969404342
29,9,38,0.18727820651578198
26,12,38,0.781083025875694
18,20,38,0.38062112094818024
29,9,38,2.6361164093851206e-5
33,5,38,0.2621869875148088
22,16,38,0.24290906152647984
23,15,38,0.010755175830227807
21,17,38,0.34994204480869473
21,17,38,9.346651018477189e-14
27,11,38,3.4805799461666043e-6
28,10,38,0.016656938369781698
24,14,38,0.6171208832840492
27,11,38,NaN
3,35,38,0.4155618969404342
31,7,38,0.02339572095134739
24,14,38,0.09556004566932308
13,25,38,0.004831847987391265
11,27,38,0.3557510427918548
26,12,38,0.032853775051729074
15,23,38,0.270504249855912
29,9,38,0.04268516831962245
23,15,38,0.004708845252191508
4,34,38,NaN
25,13,38,0.05566647901818514
28,10,38,0.022130327533348204
7,31,38,0.32809533904565175
3,35,38,0.08983615700873229
2,36,38,NaN
2,36,38,0.44998509827707134
5,33,38,0.09052615887596896
2,36,38,NaN
1,37,38,0.7726517314264018
27,10,37,0.9023565912231026
20,17,37,0.8076511550142321
28,9,37,NaN
25,12,37,NaN
16,21,37,NaN
25,12,37,NaN
23,14,37,0.9399889673842494
22,15,37,0.6717661875924231
23,14,37,0.2025209141267141
23,14,37,0.8065358667222494
20,17,37,NaN
26,11,37,0.8006696868167401
21,16,37,0.28253353147859145
25,12,37,0.2970869651163885
22,15,37,0.3647797356764437
30,7,37,0.8006696868167401
18,19,37,0.029717799909338566
27,10,37,0.4475557477195245
22,15,37,0.3774295757965016
26,11,37,0.10447878290466231
31,6,37,0.7423423413009405
24,13,37,0.8010328310875454
26,11,37,0.03542250385965071
21,16,37,0.5217689162119772
25,12,37,0.746260987646364
19,18,37,0.49543559874771725
29,8,37,0.0018750872400858218
15,22,37,0.10447878290466231
29,8,37,1.1677757463878096e-6
23,14,37,NaN
27,10,37,0.02173395869068198
24,13,37,2.1524748826836557e-5
25,12,37,0.055102982797010626
22,15,37,0.8207409537938686
26,11,37,4.681636967129918e-11
25,12,37,0.0002085963331351455
29,8,37,0.18348414923983342
24,13,37,0.3557510427918548
27,10,37,0.14250984015230442
26,11,37,NaN
22,15,37,0.0630282359819421
25,12,37,0.21898357023417914
30,7,37,0.2783692877527476
26,11,37,0.01982957296109605
29,8,37,0.8833791023009167
29,8,37,0.02449919591364017
24,13,37,0.03831329598506057
20,17,37,0.0009439298646785569
24,13,37,0.24214195093740087
28,9,37,0.31538291069709495
26,11,37,0.5865196674031864
27,10,37,0.6982618325144196
25,12,37,0.004444848518504274
22,15,37,0.5769269762846685
31,6,37,0.06375699054173029
25,12,37,0.49543559874771725
21,16,37,0.01215242522964474
25,12,37,0.5417209770628222
15,22,37,0.49543559874771725
27,10,37,0.8006696868167401
24,13,37,0.09614679210133825
24,13,37,NaN
26,11,37,0.6147186386123891
22,15,37,NaN
32,5,37,0.00010581386060999958
21,16,37,0.03152188383624377
24,13,37,0.9001259164326818
5,32,37,0.24130872142010076
22,15,37,0.1801397608927195
22,15,37,0.9335053885363508
11,26,37,0.07361819104140599
24,13,37,0.0005445335297292415
26,11,37,0.6698788055378292
25,12,37,0.5241976515603406
33,4,37,0.7898507096939205
25,12,37,0.4011103777394731
24,13,37,0.2483857380443133
26,11,37,0.035124666925619275
27,10,37,0.3557510427918548
25,12,37,0.053556438906752275
22,15,37,0.7925277857155424
15,22,37,0.01640169159016037
25,12,37,NaN
22,15,37,0.0630282359819421
25,12,37,0.0003531408291642341
24,13,37,0.0007959692370653061
28,9,37,0.9098489354565564
22,15,37,4.0741911332544316e-5
27,10,37,0.775128085581811
20,17,37,0.14929147952441343
27,10,37,0.8091367527959431
21,16,37,0.0137339462083493
26,11,37,0.7667693653336002
25,12,37,0.7325428024318857
37,0,37,0.17341080332093392
31,6,37,0.8463590311342063
31,6,37,0.0013821178203362635
17,20,37,NaN
23,14,37,0.4342103517129371
27,10,37,0.8827570506600473
16,21,37,0.9394569650180941
23,14,37,0.027708388722186502
24,13,37,0.2714976848618461
21,16,37,0.00821103763968123
14,23,37,0.8827570506600473
27,10,37,0.24587275155941882
28,9,37,NaN
26,11,37,0.7458593477402006
26,11,37,0.30529460332252034
14,23,37,0.7892000606461094
23,14,37,0.3557510427918548
22,15,37,0.2942871780591215
27,10,37,0.15938727449707998
25,12,37,0.9383122130047542
26,11,37,0.01294831909944239
28,9,37,0.8827570506600473
25,12,37,0.08378544292928264
30,7,37,0.09154929171180855
17,20,37,NaN
29,8,37,NaN
28,9,37,0.7549558075453241
23,14,37,0.985164711581162
27,10,37,0.8827570506600473
18,19,37,0.07112940632925335
28,9,37,4.8339656547726306e-9
3,34,37,NaN
21,16,37,0.0026878058125553352
22,15,37,0.3557510427918548
26,11,37,0.3241723691065573
23,14,37,0.9789190809366978
20,17,37,0.4475557477195245
24,13,37,0.4475557477195245
21,16,37,0.18348414923983342
23,14,37,5.614273079721855e-5
26,11,37,0.03936796495678894
21,16,37,0.18667095145843013
3,34,37,NaN
21,16,37,0.6635204127924553
21,16,37,0.9137791798943785
2,35,37,NaN
5,32,37,NaN
18,19,37,0.08612589160650815
24,13,37,4.0741911332544316e-5
7,30,37,NaN
21,16,37,0.8585104686976636
17,20,37,0.13695747655435897
26,11,37,0.002174644490643963
12,25,37,0.631220773570296
15,22,37,0.0002978771060249806
1,36,37,NaN
2,35,37,NaN
1,36,37,0.7726517314264018
2,35,37,0.1494643017261055
0,37,37,NaN
26,10,36,0.003027475333893385
27,9,36,0.008629538696281362
21,15,36,0.0001728745870397285
22,14,36,0.1436358041663255
27,9,36,0.003714423219951915
25,11,36,0.08606570126690044
24,12,36,0.9137791798943785
29,7,36,0.9394569650180941
31,5,36,NaN
30,6,36,0.8863620543241023
30,6,36,0.4646964332880092
26,10,36,0.4156397557102403
25,11,36,0.21185071034975703
19,17,36,6.699153127340359e-5
25,11,36,3.683439442115854e-5
25,11,36,0.46374019685396695
23,13,36,0.02787455723542097
25,11,36,3.2255793149949895e-5
24,12,36,0.6169326375850922
20,16,36,1.0340705157072102e-13
24,12,36,0.004210772227580378
25,11,36,0.34079679230370513
26,10,36,NaN
19,17,36,0.5779237709939978
27,9,36,8.797984863379466e-6
27,9,36,0.010022864909184767
24,12,36,0.2023842908463311
30,6,36,0.11577109985220846
13,23,36,NaN
30,6,36,0.08411082382273884
22,14,36,0.5049587245264776
22,14,36,0.01941163911403132
31,5,36,2.8883437678595948e-25
20,16,36,0.018034781020091272
20,16,36,NaN
21,15,36,0.7389228307084812
23,13,36,0.9708301130493874
24,12,36,0.36222696835036394
30,6,36,4.2479994080345464e-6
23,13,36,0.01764037809344297
22,14,36,NaN
9,27,36,NaN
28,8,36,0.0853119277762979
4,32,36,NaN
31,5,36,0.2483857380443133
17,19,36,0.2783692877527476
23,13,36,0.24172487548753607
26,10,36,NaN
26,10,36,0.032599850388454275
1,35,36,NaN
27,9,36,NaN
23,13,36,0.85472980870572
22,14,36,0.9394569650180941
24,12,36,4.194136456267848e-7
29,7,36,1.6561879862708044e-6
29,7,36,0.3153496840423166
25,11,36,0.44654514536049067
25,11,36,0.8237080657963236
27,9,36,NaN
25,11,36,0.8450772854630715
33,3,36,0.122218760382643
15,21,36,0.02787455723542097
18,18,36,0.040025042038150695
32,4,36,0.37315027216986507
30,6,36,0.3813549036998315
31,5,36,0.24290906152647984
25,11,36,0.17080638400690587
19,17,36,0.00038883891855776644
28,8,36,0.3557510427918548
24,12,36,0.0467115594787914
20,16,36,6.349602407670587e-5
33,3,36,0.0009482051739678888
15,21,36,0.34496989321000904
23,13,36,0.001049867767881708
22,14,36,NaN
29,7,36,0.3255259318804781
29,7,36,0.4475557477195245
28,8,36,0.1632518843618868
22,14,36,0.5755003597566039
24,12,36,0.9286383259557408
25,11,36,0.3596251362979785
22,14,36,NaN
27,9,36,NaN
17,19,36,0.03727016092627887
23,13,36,0.06898741275969889
27,9,36,0.013504901573509615
23,13,36,0.6637804526884148
29,7,36,2.2980237156882793e-14
27,9,36,0.00639072033345707
24,12,36,0.7913293388871043
27,9,36,0.902282590798654
33,3,36,0.5183374556419776
17,19,36,0.3731258514902117
25,11,36,0.01971612950966797
24,12,36,0.7142357970017665
14,22,36,NaN
27,9,36,0.0006513079952608411
26,10,36,0.5865196674031864
24,12,36,0.7092033041123709
30,6,36,0.45003740271090814
28,8,36,0.19707611935753971
26,10,36,0.23399600340182594
26,10,36,0.02787455723542097
28,8,36,0.6717661875924231
20,16,36,0.00201046884841399
26,10,36,0.7858491944841013
25,11,36,0.053556438906752275
4,32,36,0.011980884592736588
22,14,36,0.007363191366394157
4,32,36,0.15356426514083282
29,7,36,0.3664546163273169
15,21,36,NaN
22,14,36,0.18552479409615846
22,14,36,9.769762333715686e-7
22,14,36,0.7707538209819826
29,7,36,0.6747998139242481
17,19,36,0.018448035080008394
27,9,36,NaN
30,6,36,0.4475557477195245
34,2,36,0.8163484745222231
25,11,36,0.07290184379043979
23,13,36,0.49543559874771725
6,30,36,NaN
25,11,36,2.029520108129408e-5
24,12,36,0.6236452854928048
25,11,36,0.24851433310614376
27,9,36,0.727920708452019
22,14,36,0.0002674990971362683
2,34,36,0.26155184561632056
12,24,36,NaN
16,20,36,NaN
13,23,36,NaN
28,8,36,0.24076794488549014
4,32,36,0.5427791979508634
24,12,36,0.7629188565691568
27,9,36,0.1502217599889992
7,29,36,0.06501345714229279
29,7,36,0.2859195368301403
10,26,36,NaN
2,34,36,NaN
1,35,36,NaN
2,34,36,0.7092033041123709
1,35,36,NaN
22,13,35,0.055733440128265394
23,12,35,NaN
29,6,35,0.019796251803769704
24,11,35,0.9399889673842494
18,17,35,0.010822134442806344
4,31,35,NaN
29,6,35,0.012667523046868146
22,13,35,0.10509633251252444
26,9,35,NaN
22,13,35,0.4155618969404342
24,11,35,0.1973229621804567
18,17,35,0.7726517314264018
26,9,35,0.00025838592190466613
23,12,35,0.6090531919678862
30,5,35,0.2513593604636324
22,13,35,0.029107318908468127
22,13,35,0.013244914355989632
28,7,35,0.03831329598506057
22,13,35,0.15535054279450397
26,9,35,0.3791324734780874
27,8,35,0.13921438529000302
19,16,35,NaN
24,11,35,0.91089910393393
26,9,35,0.5865196674031864
19,16,35,0.1355890382824417
24,11,35,0.8006696868167401
17,18,35,0.3292486789808243
15,20,35,0.5251567902502606
27,8,35,0.631220773570296
25,10,35,0.5471081863795358
6,29,35,0.4155618969404342
30,5,35,0.1350446889868015
24,11,35,0.6406469540869559
26,9,35,0.030621844087358782
23,12,35,0.42352539841694714
23,12,35,0.2618168188319236
25,10,35,0.15538414199960543
26,9,35,0.05210775790403512
32,3,35,0.5417209770628222
23,12,35,0.0006536675740963359
24,11,35,0.31538291069709495
28,7,35,0.001807926262550802
27,8,35,0.2890044965951664
28,7,35,0.7195910676048861
26,9,35,0.12437597422229278
10,25,35,0.016656938369781698
20,15,35,0.24778656990660497
27,8,35,0.23399600340182594
20,15,35,0.8372189106660117
23,12,35,0.6717661875924231
21,14,35,0.041117484761118504
17,18,35,0.8705619391087062
9,26,35,NaN
29,6,35,0.0022668194929532054
22,13,35,0.0007456152370719335
21,14,35,0.8017070843095779
28,7,35,0.8450772854630715
22,13,35,0.7561215935481438
20,15,35,0.002275205065489546
25,10,35,0.007555777145502543
24,11,35,0.006757233967297207
19,16,35,0.9493033010224405
27,8,35,0.5795522179527103
25,10,35,0.5214133150051908
24,11,35,0.6516237920213984
25,10,35,0.13695747655435897
26,9,35,0.8532435144346563
24,11,35,0.19408335835944684
24,11,35,0.0007062848192926728
19,16,35,0.13695747655435897
25,10,35,0.21125994082891306
26,9,35,0.029841809193040032
32,3,35,0.6717661875924231
26,9,35,0.32934345141883176
26,9,35,0.8237080657963236
25,10,35,0.05983986526013147
22,13,35,0.01860532381146894
29,6,35,2.7649328937686814e-5
22,13,35,0.5389793029912011
29,6,35,0.016557223374572647
29,6,35,0.8840328478926476
25,10,35,0.1233130350863038
24,11,35,0.5736187399782346
20,15,35,0.03534809660076774
27,8,35,1.2998219620570743e-5
28,7,35,0.07193862879016444
23,12,35,NaN
25,10,35,1.502358592709454e-9
30,5,35,0.8652322931034484
21,14,35,0.006109144019237251
23,12,35,5.552383920146693e-5
20,15,35,0.5424648162391114
28,7,35,0.13461846914630532
20,15,35,0.03950580841992834
26,9,35,0.3104739072041007
24,11,35,NaN
19,16,35,0.03238175880913999
22,13,35,0.04975427067611355
25,10,35,0.07361819104140599
24,11,35,0.49543559874771725
22,13,35,0.0013013148883949243
22,13,35,0.0011182252845764308
22,13,35,NaN
24,11,35,0.0002227588318834197
16,19,35,0.45622106522478356
23,12,35,1.55556477774964e-8
16,19,35,0.2687988404175689
20,15,35,0.7423423413009405
14,21,35,0.029994133655293385
21,14,35,3.675103075016472e-12
21,14,35,0.5183374556419776
23,12,35,0.2520716471635541
27,8,35,0.13595932099187039
22,13,35,0.11735031057960332
2,33,35,NaN
15,20,35,0.8150695017363435
29,6,35,0.4011103777394731
22,13,35,0.6312392160649469
3,32,35,NaN
19,16,35,0.24290906152647984
23,12,35,0.09171521471973852
25,10,35,0.8652322931034484
26,9,35,0.25077602726098125
31,4,35,0.4240612949830691
20,15,35,0.7362663962972471
24,11,35,0.6405332304773196
18,17,35,0.7395636855994054
23,12,35,0.4475557477195245
3,32,35,NaN
29,6,35,0.016021318679442783
21,14,35,0.7092033041123709
26,9,35,0.00025563707102468724
4,31,35,NaN
3,32,35,NaN
18,17,35,0.14021903847717168
24,11,35,0.8006696868167401
3,32,35,0.5417209770628222
18,17,35,0.8635840395791952
15,20,35,NaN
14,21,35,0.07361819104140599
1,34,35,NaN
23,12,35,0.2783692877527476
6,29,35,0.7092033041123709
4,31,35,0.8237080657963236
2,33,35,0.06317037173545716
3,32,35,0.6717661875924231
4,31,35,0.004336058094365803
0,35,35,NaN
27,7,34,0.022190317758302464
18,16,34,4.2853878610718534e-7
21,13,34,NaN
30,4,34,0.31538291069709495
22,12,34,0.21185071034975703
23,11,34,NaN
31,3,34,0.00014138464484885114
28,6,34,0.631220773570296
17,17,34,0.15938727449707998
24,10,34,0.7866809700890649
27,7,34,NaN
25,9,34,0.46019252803362776
24,10,34,0.03166070444763173
29,5,34,0.2472057792781677
26,8,34,0.4854398855848082
32,2,34,0.13833345776724826
29,5,34,NaN
22,12,34,0.5214504768826657
24,10,34,8.99596601639077e-6
27,7,34,0.5417209770628222
23,11,34,0.008848811140451785
28,6,34,0.9272124484159221
23,11,34,2.8588742435284846e-7
21,13,34,NaN
25,9,34,0.18348414923983342
25,9,34,0.6442872497753918
22,12,34,0.8652322931034484
18,16,34,0.2597518239916552
19,15,34,0.8006696868167401
15,19,34,0.7726517314264018
10,24,34,NaN
24,10,34,0.21369630969567505
25,9,34,0.03682854976570325
24,10,34,0.8224251981470675
23,11,34,0.8006696868167401
18,16,34,8.702781725522975e-5
26,8,34,0.9841738135856081
19,15,34,0.0025472621796050546
27,7,34,0.5152460742694822
20,14,34,0.12605159334181715
23,11,34,NaN
13,21,34,NaN
24,10,34,0.4230856562769288
25,9,34,0.26966864706022203
16,18,34,0.6341923028368341
23,11,34,0.7423423413009405
24,10,34,0.4922788510309697
19,15,34,0.24956773237749302
15,19,34,0.5507204696216516
29,5,34,0.84141577786536
22,12,34,0.04531425270758149
22,12,34,NaN
28,6,34,0.007349342594627595
22,12,34,1.4002979714229084e-6
22,12,34,NaN
23,11,34,0.031594007399980806
18,16,34,0.4475557477195245
26,8,34,0.8450772854630715
23,11,34,0.0003950563410116365
19,15,34,0.48219865495848724
20,14,34,0.31538291069709495
30,4,34,0.21185071034975703
29,5,34,0.03831329598506057
20,14,34,0.2783692877527476
19,15,34,NaN
27,7,34,0.3257757903334994
17,17,34,NaN
25,9,34,0.7423423413009405
29,5,34,0.9431631918149993
29,5,34,0.13735665329069396
28,6,34,0.02734240080635676
27,7,34,0.01361558244240131
22,12,34,2.328459256137706e-7
19,15,34,0.1358341651392761
20,14,34,0.569223695751707
15,19,34,NaN
24,10,34,0.7382063019411377
15,19,34,0.438677844170062
24,10,34,0.3020683356954423
29,5,34,0.8334448640191708
24,10,34,NaN
24,10,34,NaN
30,4,34,0.17285819941780986
27,7,34,0.3677617585604402
28,6,34,NaN
29,5,34,0.2371248632959317
20,14,34,0.9394569650180941
20,14,34,0.7423423413009405
20,14,34,0.6767110813367878
26,8,34,0.32165591650429387
19,15,34,0.5934186032564566
4,30,34,0.5867864244837189
22,12,34,0.9087765574216081
25,9,34,1.5897740305054125e-6
20,14,34,NaN
23,11,34,0.5417209770628222
21,13,34,0.2340550612838551
26,8,34,0.04531425270758149
18,16,34,NaN
23,11,34,0.03779885262984774
12,22,34,0.6881600595400358
15,19,34,0.2790004273257055
22,12,34,0.00028146349385319724
26,8,34,0.9951148936335146
28,6,34,0.05818176605027521
25,9,34,0.7416931114693756
20,14,34,9.546998142361982e-7
17,17,34,6.710898562755473e-17
24,10,34,NaN
29,5,34,0.8101492590039838
26,8,34,0.3557510427918548
22,12,34,0.7020838800563882
16,18,34,0.5865196674031864
23,11,34,0.6717661875924231
22,12,34,1.1213482099806825e-5
20,14,34,0.27793464802270784
17,17,34,0.5319198628802317
17,17,34,0.5865196674031864
29,5,34,0.9733084005106692
19,15,34,0.9001259164326818
28,6,34,0.011790149685655038
26,8,34,0.17341080332093392
21,13,34,0.3812079311582249
17,17,34,0.6936663403276806
19,15,34,0.8236729841935392
17,17,34,0.4245450121570138
17,17,34,NaN
25,9,34,0.21185071034975703
23,11,34,0.5865196674031864
23,11,34,0.08177558387987734
19,15,34,0.6133288723164627
30,4,34,0.8831135793927025
24,10,34,NaN
21,13,34,0.40252046504605243
5,29,34,NaN
26,8,34,0.32114120156257386
24,10,34,0.001348971577579784
2,32,34,NaN
16,18,34,NaN
12,22,34,NaN
27,7,34,0.04531425270758149
10,24,34,0.35636759223637715
19,15,34,0.06113145191513527
15,19,34,0.010084028491657486
5,29,34,0.9621896254912374
23,11,34,0.41537645198799034
30,4,34,0.9748474573603144
19,15,34,0.10976599769372475
19,15,34,0.06273748054378367
19,15,34,0.03250813056300182
3,31,34,0.6717661875924231
19,15,34,0.7819335908053029
25,9,34,0.02436225059749982
28,6,34,0.3321183419122728
17,17,34,NaN
19,15,34,NaN
21,13,34,0.18667274423919136
21,13,34,0.24290906152647984
20,14,34,0.0021097079919752504
19,15,34,0.9137791798943785
23,11,34,0.39240048784992326
24,10,34,0.17356972116971547
15,19,34,0.007936828579750171
8,26,34,0.002024665658583061
5,29,34,0.094584309468168
3,31,34,0.17232677810766922
6,28,34,NaN
14,20,34,0.053386055627544095
4,30,34,NaN
3,31,34,NaN
14,20,34,0.15938727449707998
6,28,34,NaN
27,6,33,0.9401946339374925
17,16,33,0.7092033041123709
22,11,33,0.8237080657963236
26,7,33,NaN
27,6,33,NaN
27,6,33,0.4011103777394731
22,11,33,0.5050803553885772
25,8,33,0.4475557477195245
16,17,33,0.01209253195510962
23,10,33,0.08885011246143858
26,7,33,0.18060583825436133
20,13,33,0.4011103777394731
24,9,33,0.5638458657277224
3,30,33,NaN
27,6,33,0.631220773570296
17,16,33,NaN
30,3,33,NaN
26,7,33,0.9976720009829098
25,8,33,0.9001259164326818
22,11,33,0.4155618969404342
21,12,33,0.10032275229784271
22,11,33,NaN
19,14,33,0.09876610255198126
26,7,33,0.8828255927780815
18,15,33,0.1921980860293896
19,14,33,7.296516797887056e-6
21,12,33,0.01384068834559692
26,7,33,0.48416940683333404
24,9,33,0.00010942365114934209
19,14,33,0.39500683293706373
14,19,33,0.017263521137463367
27,6,33,0.012942208389845496
25,8,33,0.0006462330118893801
24,9,33,0.0008661298604971703
25,8,33,0.8827570506600473
21,12,33,0.9464701506577652
22,11,33,0.5671366255175762
24,9,33,0.1200816838446524
27,6,33,2.8165952470112315e-5
20,13,33,0.7364298361661665
17,16,33,0.21185071034975703
27,6,33,0.04484953387558691
24,9,33,3.619260834840588e-8
23,10,33,0.4475557477195245
20,13,33,0.11767415061962427
25,8,33,0.008220745750836209
29,4,33,0.4475557477195245
22,11,33,0.3557510427918548
8,25,33,NaN
26,7,33,0.7195910676048861
30,3,33,0.6717661875924231
25,8,33,0.25558251909728613
21,12,33,NaN
22,11,33,0.0018177506138037495
23,10,33,NaN
22,11,33,0.001960052510783467
24,9,33,0.7365977274219394
24,9,33,0.020049898568578924
29,4,33,0.5865196674031864
25,8,33,0.0019397943444730912
23,10,33,0.8006696868167401
25,8,33,0.22332076570480294
21,12,33,0.3859761508137555
26,7,33,3.468586465169784e-10
14,19,33,0.3073331109714023
25,8,33,6.963579719673922e-6
10,23,33,NaN
24,9,33,0.07107800442407913
15,18,33,NaN
22,11,33,NaN
20,13,33,NaN
25,8,33,0.8006696868167401
26,7,33,0.2421135649664413
23,10,33,0.00026659881092291134
27,6,33,0.02787455723542097
29,4,33,0.8006696868167401
20,13,33,0.31538291069709495
18,15,33,0.6718829133842396
23,10,33,0.09614679210133825
26,7,33,0.0630282359819421
22,11,33,0.00016968780618041373
21,12,33,0.13695747655435897
23,10,33,0.03831329598506057
25,8,33,0.09612609772889352
23,10,33,3.416242144331582e-5
21,12,33,0.00025459882583054385
24,9,33,0.03393573777338704
24,9,33,0.0630282359819421
20,13,33,0.9265450760665834
22,11,33,1.1946550699693004e-6
21,12,33,0.6417181726202376
16,17,33,0.2783692877527476
23,10,33,0.18348414923983342
24,9,33,0.11087937092837119
30,3,33,0.8839360672736143
19,14,33,0.6495261782483055
21,12,33,NaN
22,11,33,0.03766781934312973
18,15,33,0.37644247541922143
27,6,33,0.3807441393563373
28,5,33,0.006078860411663888
24,9,33,0.18348414923983342
17,16,33,0.8093181550672014
21,12,33,0.06831992703274058
24,9,33,NaN
26,7,33,1.6276905431499967e-7
21,12,33,0.6161074155530246
22,11,33,0.6318454492463668
22,11,33,0.008218754881680489
17,16,33,0.8679189613997627
25,8,33,2.0962703506090422e-8
20,13,33,0.2783692877527476
16,17,33,NaN
23,10,33,0.001289058258574557
25,8,33,0.23605132609446897
25,8,33,0.8306783186416075
25,8,33,0.08612589160650815
18,15,33,0.8827570506600473
18,15,33,0.9552802358789394
20,13,33,0.10954400898331997
2,31,33,0.012824200302182471
24,9,33,NaN
26,7,33,NaN
22,11,33,0.148766023010582
20,13,33,NaN
22,11,33,NaN
2,31,33,NaN
27,6,33,0.631220773570296
23,10,33,0.2848525741815488
19,14,33,NaN
20,13,33,0.3592088183055866
28,5,33,0.30623635626219897
27,6,33,0.02522349806873813
25,8,33,0.21185071034975703
8,25,33,NaN
28,5,33,NaN
17,16,33,0.01816686760793034
23,10,33,0.4655894028893044
23,10,33,0.002397355110997036
21,12,33,0.027294099455994484
26,7,33,NaN
23,10,33,NaN
14,19,33,NaN
20,13,33,0.4297115244541349
25,8,33,0.07361819104140599
25,8,33,3.508567742877302e-5
18,15,33,0.9918918549319523
23,10,33,0.07361819104140599
18,15,33,0.015697243654510237
24,9,33,NaN
23,10,33,0.47868479060988867
23,10,33,0.9272124484159221
20,13,33,0.04225142236583336
20,13,33,0.10032275229784271
25,8,33,0.3222629772517546
19,14,33,0.5217135226393295
24,9,33,0.49543559874771725
23,10,33,0.21820458746332494
26,7,33,0.6662246036382882
24,9,33,0.04099133246999384
3,30,33,NaN
20,13,33,0.28164471356602305
21,12,33,0.10818936820481118
10,23,33,NaN
19,14,33,0.3471272520179104
18,15,33,0.4011103777394731
5,28,33,0.6163604147416746
20,13,33,0.6921873522650921
19,14,33,0.018241780100331985
21,12,33,0.023019454869521287
19,14,33,NaN
22,11,33,0.8713113353463898
20,13,33,0.7886011893177821
13,20,33,0.5417209770628222
19,14,33,0.02469445284532743
5,28,33,0.8496767945673029
22,11,33,NaN
3,30,33,NaN
17,16,33,0.49543559874771725
13,20,33,0.761816985958129
17,16,33,0.24290906152647984
17,16,33,3.9834122830139915e-12
22,11,33,0.037904330830672385
12,21,33,0.7251714625411476
4,29,33,0.9137791798943785
22,11,33,0.653633692048179
17,16,33,0.4613124379080453
20,13,33,0.16501580700800356
3,30,33,NaN
9,24,33,0.00159309119639757
1,32,33,0.04637817354640919
3,30,33,0.2886790589914228
5,28,33,0.003928230301660943
2,31,33,0.07626417965278473
1,32,33,NaN
2,31,33,NaN
2,31,33,NaN
2,31,33,1.299287923909801e-5
2,31,33,NaN
2,31,33,0.5865196674031864
4,29,33,0.49543559874771725
0,33,33,NaN
23,9,32,NaN
14,18,32,0.3874813831167144
26,6,32,0.3447711053345201
16,16,32,0.006213043085494918
22,10,32,0.5686825063436496
23,9,32,0.3380159576957927
18,14,32,0.0025317001474911664
21,11,32,0.5417209770628222
22,10,32,0.10700588814006887
18,14,32,0.5417209770628222
12,20,32,0.3106359397893
26,6,32,0.7809387892571455
20,12,32,NaN
17,15,32,0.9263616469895146
19,13,32,0.2783692877527476
21,11,32,0.10032275229784271
19,13,32,NaN
16,16,32,0.5417209770628222
21,11,32,NaN
21,11,32,0.00028795764489097247
20,12,32,0.3936412227352208
26,6,32,0.2172285851819358
23,9,32,0.8827570506600473
27,5,32,0.37600533122974633
25,7,32,7.889458660134506e-11
22,10,32,0.733336508725192
11,21,32,NaN
22,10,32,0.3278952451890145
21,11,32,0.11459426242992878
27,5,32,0.7092033041123709
22,10,32,0.49543559874771725
20,12,32,0.44147254254094853
24,8,32,0.7423423413009405
20,12,32,NaN
22,10,32,0.6796560791431746
23,9,32,0.24290906152647984
22,10,32,0.3382115624799708
27,5,32,0.5417209770628222
23,9,32,0.4475557477195245
15,17,32,0.37512218891154603
25,7,32,0.9841738135856081
25,7,32,0.005348631961147096
23,9,32,0.9116994613494168
26,6,32,0.5250036718329191
16,16,32,NaN
29,3,32,NaN
21,11,32,0.7092033041123709
19,13,32,0.5865196674031864
12,20,32,0.5014392289455561
18,14,32,0.053556438906752275
28,4,32,0.0010799117753791101
22,10,32,0.6014762333434748
23,9,32,0.010634499364820596
25,7,32,0.00026233199003515925
22,10,32,0.5459218408660459
26,6,32,0.4786813279453059
22,10,32,0.002945590158784997
24,8,32,NaN
21,11,32,0.21330931161662078
16,16,32,0.30876010161206396
20,12,32,0.8652322931034484
21,11,32,0.02451947768190974
15,17,32,0.6717661875924231
5,27,32,NaN
11,21,32,0.09641013182255023
16,16,32,0.6895810275263197
23,9,32,0.6633610147002154
21,11,32,0.032853775051729074
29,3,32,0.16538654027428298
21,11,32,0.03991724576271766
20,12,32,0.4155618969404342
15,17,32,0.4419777679209008
27,5,32,0.0068014068311153635
20,12,32,0.014406113945595208
13,19,32,0.6683469010042816
15,17,32,0.0012168332263110242
19,13,32,0.35999243317688445
25,7,32,0.15916212529391516
13,19,32,0.021300656245271235
21,11,32,0.1503855923844357
24,8,32,0.17239957638594303
18,14,32,0.7092033041123709
8,24,32,0.4460076718407464
24,8,32,0.004142920224922244
18,14,32,0.7038570448214456
26,6,32,NaN
20,12,32,7.360872355048279e-6
19,13,32,0.0019579965214357974
23,9,32,0.20924646981382417
8,24,32,0.03494582742358993
15,17,32,0.0698664660182699
20,12,32,0.00015156990715287064
6,26,32,NaN
16,16,32,0.3984366225759337
25,7,32,0.1680882636254826
18,14,32,0.9329332693337223
22,10,32,0.02645859703072988
14,18,32,0.52863550019164
19,13,32,0.21990222344649887
18,14,32,0.03831329598506057
22,10,32,0.06292718276624268
17,15,32,0.4155618969404342
20,12,32,0.8237080657963236
19,13,32,NaN
29,3,32,0.5417209770628222
14,18,32,0.7880528047596678
28,4,32,0.6717661875924231
25,7,32,0.503617248757919
22,10,32,0.10453965175886143
22,10,32,0.3534169740330682
24,8,32,0.8652322931034484
4,28,32,NaN
21,11,32,NaN
28,4,32,0.001851359615808971
19,13,32,0.8518890958359402
21,11,32,0.16329464190799906
10,22,32,0.022784232198888647
25,7,32,0.016875370842201802
20,12,32,0.0849159243902832
25,7,32,0.3557510427918548
17,15,32,0.08612589160650815
24,8,32,0.13695747655435897
22,10,32,0.5417209770628222
17,15,32,0.005914204215009257
23,9,32,0.32213689510290594
18,14,32,0.5206033897237111
16,16,32,0.1332287778737182
25,7,32,0.9885707782763422
20,12,32,0.00589280317963888
22,10,32,0.6717661875924231
15,17,32,0.2783692877527476
21,11,32,1.0515002221203412e-5
20,12,32,0.7038570448214456
23,9,32,1.1978140333518668e-10
24,8,32,0.09201797415187003
18,14,32,0.032853775051729074
17,15,32,0.032511363049368254
20,12,32,NaN
23,9,32,0.0011676693333676498
27,5,32,0.00023550571379499084
23,9,32,0.3463556629669106
23,9,32,0.005707623115613558
10,22,32,NaN
19,13,32,6.984985484229106e-6
19,13,32,0.7125497954121649
1,31,32,NaN
23,9,32,0.7092033041123709
16,16,32,0.4627715411000258
16,16,32,0.6209878504537873
21,11,32,0.6613498832063907
24,8,32,0.20941234626585387
22,10,32,0.002792298017150338
19,13,32,0.00021343568267224723
18,14,32,0.016332673622099284
5,27,32,NaN
20,12,32,0.3356172612626178
25,7,32,0.08786968215569058
22,10,32,0.6717661875924231
23,9,32,0.02787455723542097
22,10,32,0.953490741220433
19,13,32,0.6653463195562058
14,18,32,0.21185071034975703
16,16,32,0.6717661875924231
25,7,32,1.8050285186183217e-5
22,10,32,0.018693199610265703
21,11,32,0.694184246938851
15,17,32,0.04225142236583336
17,15,32,0.1629741608240695
23,9,32,0.49543559874771725
15,17,32,NaN
21,11,32,0.21185071034975703
20,12,32,NaN
6,26,32,0.9272124484159221
16,16,32,0.8458275592343275
3,29,32,NaN
18,14,32,0.8006696868167401
18,14,32,0.9098222961631155
21,11,32,0.019255248702121832
22,10,32,NaN
25,7,32,0.15151576148603033
18,14,32,0.18279359037079682
17,15,32,0.12328098892653379
13,19,32,0.13275058222641514
22,10,32,0.4765295928829501
26,6,32,0.1487823071808525
19,13,32,0.4450774455051448
4,28,32,NaN
2,30,32,NaN
3,29,32,NaN
1,31,32,NaN
19,13,32,5.941198571936589e-14
1,31,32,NaN
3,29,32,0.029236973215830603
2,30,32,0.4475557477195245
1,31,32,0.7010788546624662
1,31,32,NaN
1,31,32,NaN
0,32,32,0.06974711180439698
0,32,32,0.6562865548568354
25,6,31,1.34495952152244e-8
21,10,31,0.3557510427918548
19,12,31,0.3222629772517546
25,6,31,0.06161696922580816
11,20,31,0.8237080657963236
13,18,31,NaN
17,14,31,0.8652322931034484
20,11,31,0.709398797951943
22,9,31,0.2783692877527476
21,10,31,0.892330774293112
23,8,31,0.5407509450331557
21,10,31,NaN
16,15,31,0.8622981314657981
24,7,31,0.055019965025258535
17,14,31,0.012227958377928885
25,6,31,NaN
22,9,31,0.3103194978340013
17,14,31,0.7611532741153187
24,7,31,6.822946274878294e-13
27,4,31,NaN
22,9,31,0.7726517314264018
23,8,31,0.05041665576504102
24,7,31,0.31538291069709495
17,14,31,0.00039005582898807273
21,10,31,0.49543559874771725
19,12,31,0.030695355801607833
19,12,31,0.8481960485938
25,6,31,0.019858005654448223
24,7,31,0.7656968560480337
16,15,31,0.13877121018353275
26,5,31,0.08675366502540924
23,8,31,0.18348414923983342
23,8,31,0.5926392126515
22,9,31,0.14211543691991516
19,12,31,0.04531425270758149
18,13,31,0.13545705440676972
22,9,31,0.546152762799012
18,13,31,0.1557000446926056
17,14,31,0.009413779400758441
18,13,31,3.076845045730613e-5
25,6,31,0.18070989167746893
20,11,31,NaN
21,10,31,0.5146245740072436
25,6,31,0.7391184704222793
25,6,31,0.2008626420850918
15,16,31,0.00881392655895506
29,2,31,0.631220773570296
16,15,31,0.009791194461027736
22,9,31,0.32568554038519615
22,9,31,NaN
22,9,31,0.0010791005615029862
21,10,31,0.981103835016764
9,22,31,0.631220773570296
20,11,31,0.04072166146359844
28,3,31,0.4759859066755086
21,10,31,0.49543559874771725
20,11,31,0.15938727449707998
21,10,31,NaN
17,14,31,0.13396998228539272
27,4,31,0.5417209770628222
25,6,31,1.4799226025865748e-6
17,14,31,0.49543559874771725
24,7,31,0.8286958362550121
22,9,31,0.2783692877527476
23,8,31,0.833189614252883
21,10,31,0.8241126010049454
28,3,31,0.2622794888126232
17,14,31,NaN
21,10,31,0.4419777679209008
3,28,31,NaN
23,8,31,0.3156386348389987
26,5,31,0.49543559874771725
17,14,31,0.20022076967912036
22,9,31,0.07296701163178687
25,6,31,0.020275124398775737
22,9,31,0.09010301200317983
16,15,31,0.06030044670077659
24,7,31,0.7423423413009405
19,12,31,0.38093302432986914
22,9,31,0.002158819345202207
25,6,31,0.2918901956124787
27,4,31,0.26850002868716966
25,6,31,0.8978225826879975
22,9,31,NaN
19,12,31,0.18612441796047316
22,9,31,NaN
24,7,31,0.16002979741113985
18,13,31,0.0014551849535720542
24,7,31,0.01361558244240131
9,22,31,0.055066678350401486
19,12,31,0.6950686511737141
24,7,31,0.019434491119895078
20,11,31,1.8500107692029411e-6
24,7,31,0.21185071034975703
18,13,31,0.2970869651163885
22,9,31,0.031163333152271475
20,11,31,0.31591658452587973
27,4,31,NaN
26,5,31,0.1388258065641647
20,11,31,0.14499639323270927
22,9,31,0.026331088526358817
26,5,31,0.8112547533171177
29,2,31,0.4858520054613579
21,10,31,0.3057026268023355
17,14,31,2.4873893473429523e-6
23,8,31,0.3328591195597807
27,4,31,0.9309618841370659
23,8,31,0.048219012700676966
21,10,31,0.04531425270758149
19,12,31,0.08612589160650815
21,10,31,0.0030655222222318247
23,8,31,0.8237080657963236
17,14,31,0.8006696868167401
22,9,31,0.12584847199142862
12,19,31,NaN
21,10,31,0.034929548021711034
6,25,31,NaN
25,6,31,0.9354303073731083
13,18,31,0.5805609459853677
22,9,31,0.027705766585230086
20,11,31,0.5052394155908313
20,11,31,0.3139576103073139
18,13,31,0.0018959444437633317
27,4,31,0.7423423413009405
26,5,31,0.8652322931034484
20,11,31,0.05705321091112576
17,14,31,0.3085645379737589
26,5,31,NaN
14,17,31,0.1781871388071511
18,13,31,0.4475557477195245
25,6,31,0.2777518018470738
21,10,31,0.019130933762431367
22,9,31,0.07361819104140599
19,12,31,0.9047853618061095
18,13,31,0.005870091276869291
23,8,31,0.13518616978452802
17,14,31,NaN
25,6,31,0.7413288369126881
24,7,31,0.5156258168809655
27,4,31,0.004310059239918786
24,7,31,0.4011103777394731
25,6,31,0.13695747655435897
22,9,31,0.005530012845895067
18,13,31,0.24323529203611638
25,6,31,0.00761378990654024
21,10,31,NaN
23,8,31,0.024919592929190222
20,11,31,0.6662246036382882
19,12,31,0.5785086726140618
19,12,31,0.022561849475842197
19,12,31,2.9711451003678147e-5
21,10,31,0.6717661875924231
20,11,31,0.4859261210978301
21,10,31,0.826340972064443
21,10,31,3.015807671373727e-20
17,14,31,0.0003367433538867705
18,13,31,NaN
16,15,31,0.5997155757036768
22,9,31,0.2783692877527476
18,13,31,0.3215691236018017
21,10,31,0.631220773570296
8,23,31,0.5940785884460495
27,4,31,0.11735031057960332
23,8,31,0.817398519750673
25,6,31,0.16950444517640678
24,7,31,0.13695747655435897
25,6,31,0.12149588864000452
26,5,31,0.22586724697999136
18,13,31,0.9566225946300767
21,10,31,0.6505330281640209
15,16,31,0.470406403914877
3,28,31,NaN
21,10,31,0.053556438906752275
19,12,31,0.21167670109295547
20,11,31,3.390556420379413e-12
15,16,31,0.06116872964762932
24,7,31,0.9834829665984088
19,12,31,0.21921788666683947
16,15,31,0.5468293388429875
17,14,31,6.124260106378152e-9
3,28,31,0.11735031057960332
12,19,31,0.768468428653905
19,12,31,0.04099338403495692
5,26,31,0.8880874467550204
20,11,31,0.04842606987728173
20,11,31,0.018418100597672717
7,24,31,0.5417209770628222
1,30,31,NaN
17,14,31,0.0016114585868227205
4,27,31,NaN
1,30,31,NaN
11,20,31,0.30319015514432557
14,17,31,0.964030725836316
4,27,31,0.7882077860957023
4,27,31,NaN
1,30,31,NaN
1,30,31,0.11735031057960332
2,29,31,0.1354023541594378
2,29,31,NaN
0,31,31,NaN
24,6,30,0.9120294869521398
23,7,30,0.42249204704166526
26,4,30,0.6717661875924231
23,7,30,0.018279382535520857
18,12,30,NaN
25,5,30,0.5417209770628222
18,12,30,0.17961928918815778
22,8,30,0.7799300624544345
25,5,30,0.8827570506600473
21,9,30,0.5865196674031864
21,9,30,NaN
20,10,30,4.629334810191662e-6
23,7,30,0.21185071034975703
16,14,30,0.02062261907376764
26,4,30,0.051806458859090514
22,8,30,NaN
18,12,30,0.01640169159016037
23,7,30,0.30232623165185657
22,8,30,0.7726517314264018
20,10,30,0.045339924274805675
22,8,30,0.24290906152647984
17,13,30,0.7305864818313519
8,22,30,NaN
24,6,30,0.4011103777394731
24,6,30,0.8676624984790384
23,7,30,NaN
22,8,30,NaN
22,8,30,NaN
19,11,30,0.0006009425893243823
20,10,30,NaN
28,2,30,0.027629357378883505
25,5,30,0.16664564775564467
20,10,30,0.4475557477195245
20,10,30,0.3936412227352208
17,13,30,1.5132054703715107e-6
21,9,30,1.1667050309696752e-5
15,15,30,0.00025459882583054385
17,13,30,0.48945833991568644
19,11,30,0.8397408014091354
20,10,30,0.09009641698065257
25,5,30,0.20518466966043045
18,12,30,NaN
19,11,30,0.0009212908873981543
17,13,30,0.10779372375391003
17,13,30,0.631220773570296
23,7,30,0.7726517314264018
24,6,30,0.5183374556419776
19,11,30,0.08612589160650815
20,10,30,0.6942923095756109
12,18,30,0.9866589123542336
17,13,30,0.4011103777394731
20,10,30,0.44152408950629995
25,5,30,0.5544315420706073
20,10,30,0.7454235418700543
18,12,30,0.9062852259329183
23,7,30,0.03831329598506057
15,15,30,NaN
15,15,30,0.9516629974108892
25,5,30,0.11735031057960332
21,9,30,0.9708256873917572
21,9,30,0.31139667015434735
20,10,30,0.5865196674031864
19,11,30,NaN
25,5,30,NaN
15,15,30,NaN
20,10,30,0.34019419868626644
23,7,30,0.15938727449707998
20,10,30,0.4524942732583074
16,14,30,0.0651005973923332
26,4,30,0.6391470662697895
22,8,30,0.3140331888350236
21,9,30,0.004179568439993116
22,8,30,0.3116854818984378
12,18,30,0.2603671378658508
16,14,30,0.9137791798943785
21,9,30,0.24314354552519812
20,10,30,NaN
25,5,30,0.00012493610669885006
26,4,30,0.4475557477195245
17,13,30,0.012559572193844775
24,6,30,0.49543559874771725
24,6,30,0.31538291069709495
19,11,30,0.8982278723473669
20,10,30,6.780706988782225e-5
19,11,30,NaN
11,19,30,0.3421322247429502
24,6,30,0.0486029019993003
20,10,30,0.5468293388429875
21,9,30,0.02787455723542097
21,9,30,6.5462576066309e-5
22,8,30,1.3943882031089578e-8
14,16,30,0.46861090439083153
24,6,30,0.4481025073781255
25,5,30,0.8652322931034484
18,12,30,0.01213107527001417
20,10,30,0.24857226611101174
26,4,30,NaN
18,12,30,0.6176727143341546
26,4,30,0.03542250385965071
23,7,30,9.77647872353801e-10
20,10,30,0.10604358041984742
20,10,30,NaN
21,9,30,0.5773362437137952
25,5,30,0.09662700370598776
3,27,30,NaN
20,10,30,0.04289130039694185
13,17,30,NaN
21,9,30,0.024063581973357145
16,14,30,0.026331402095822132
18,12,30,0.0016698375001353177
20,10,30,0.05791961984165679
14,16,30,2.9322093305251408e-6
16,14,30,0.14499639323270927
16,14,30,2.6281312890721482e-5
24,6,30,0.00010477149672280482
20,10,30,0.01082918299851673
16,14,30,0.7877143781092827
8,22,30,NaN
21,9,30,0.12880022794118628
16,14,30,0.4224825251527265
19,11,30,0.03831329598506057
21,9,30,0.9616643092864439
17,13,30,0.17333563068094793
22,8,30,0.3433799900841288
27,3,30,0.5800878468305894
26,4,30,0.3557510427918548
25,5,30,0.10032275229784271
18,12,30,0.8237080657963236
23,7,30,0.016747214660008357
22,8,30,0.9001259164326818
20,10,30,0.0008797485504572069
24,6,30,0.0023930699308581825
20,10,30,0.631220773570296
20,10,30,0.20029420901995734
24,6,30,0.034363210475112385
18,12,30,0.07856244541201264
23,7,30,0.8068752789207418
20,10,30,NaN
19,11,30,0.3473014240426179
13,17,30,NaN
23,7,30,0.012200528311507908
23,7,30,0.030010424265432354
18,12,30,0.002240808698949584
18,12,30,0.9137791798943785
18,12,30,0.9967064296940408
20,10,30,0.7109392512466604
22,8,30,0.0002553559821013538
21,9,30,2.87474810543165e-6
20,10,30,0.5554145297192448
19,11,30,NaN
18,12,30,0.00011244021302681312
22,8,30,0.004677765573736644
17,13,30,0.07361819104140599
17,13,30,0.5417209770628222
23,7,30,0.7092033041123709
20,10,30,0.3604472271944394
16,14,30,0.3603196180685383
16,14,30,0.9590286414731528
21,9,30,0.631220773570296
25,5,30,0.0012978216878787687
22,8,30,0.9137791798943785
17,13,30,0.1420029686589517
24,6,30,0.9001259164326818
19,11,30,0.3557510427918548
22,8,30,0.18578904775502184
13,17,30,NaN
20,10,30,0.5865196674031864
24,6,30,0.3654967724652592
19,11,30,0.2743056772102084
21,9,30,0.3084902865994626
20,10,30,0.11440169260892125
3,27,30,NaN
11,19,30,0.850214638655778
18,12,30,0.8450772854630715
25,5,30,0.004805938955856784
24,6,30,0.032853775051729074
7,23,30,NaN
23,7,30,NaN
12,18,30,NaN
19,11,30,0.04922062336806657
6,24,30,0.4791666808550361
17,13,30,0.9229826625802949
22,8,30,0.6723851871844705
20,10,30,NaN
7,23,30,NaN
11,19,30,0.3265496967160561
8,22,30,0.8450772854630715
16,14,30,2.641498192072337e-6
17,13,30,0.03020405201195527
25,5,30,0.10343742500449324
24,6,30,0.9001259164326818
18,12,30,0.6499073937393419
13,17,30,0.39571131903570733
9,21,30,0.008870931301439068
9,21,30,0.49676569147764427
15,15,30,0.004960382973177868
10,20,30,0.5311442229662945
3,27,30,NaN
15,15,30,0.08316805090099598
19,11,30,0.8827570506600473
14,16,30,0.4325653288059999
17,13,30,0.33120564069856223
11,19,30,0.11993398552803704
18,12,30,0.3296496747755379
3,27,30,0.019796251803769704
22,8,30,0.3557510427918548
3,27,30,0.8128712788510568
3,27,30,NaN
4,26,30,NaN
4,26,30,NaN
2,28,30,0.2511061097069778
14,16,30,0.00010746610479802306
1,29,30,NaN
1,29,30,NaN
1,29,30,NaN
3,27,30,0.09706883050029694
1,29,30,NaN
0,30,30,9.335214482890061e-6
0,30,30,NaN
0,30,30,NaN
0,30,30,0.18348414923983342
24,5,29,0.6368500392896812
2,27,29,NaN
23,6,29,0.07525136421504272
21,8,29,0.20644155301237468
21,8,29,0.1660495487686228
20,9,29,0.09452175900249861
25,4,29,0.3324741337663371
17,12,29,0.2942871780591215
21,8,29,0.00013528939630291035
23,6,29,1.3008589272338125e-13
22,7,29,0.7423423413009405
21,8,29,0.357899252725739
18,11,29,0.24290906152647984
23,6,29,0.15938727449707998
11,18,29,0.006579577329511451
20,9,29,0.1793119910222476
25,4,29,0.0002124222817488595
14,15,29,0.2765480613373546
26,3,29,0.1338334142050885
15,14,29,0.5201015691580556
28,1,29,0.031334283615135884
15,14,29,0.044516646387766846
15,14,29,0.7423423413009405
22,7,29,0.15482863075328743
18,11,29,0.015000716839285189
20,9,29,0.06504902051338914
18,11,29,0.002176525692005336
20,9,29,0.005423148634158663
13,16,29,0.8237080657963236
22,7,29,0.8977188027044554
20,9,29,0.7071497675432074
24,5,29,0.865856228509367
17,12,29,0.9961261325659494
25,4,29,0.11670177417344978
17,12,29,0.5359253654443199
23,6,29,0.9506591984305774
26,3,29,NaN
25,4,29,0.9663500458367166
15,14,29,0.004673621211926652
16,13,29,0.5795616310146657
21,8,29,0.9999935922552888
19,10,29,0.10032275229784271
21,8,29,NaN
16,13,29,0.08612589160650815
24,5,29,0.002461231551631084
19,10,29,0.7857384569928901
12,17,29,0.8425818548935503
8,21,29,0.11735031057960332
17,12,29,0.5656757685176056
24,5,29,0.5427791979508634
7,22,29,NaN
13,16,29,0.3333938463233502
14,15,29,0.7247091139775156
16,13,29,0.631220773570296
26,3,29,0.014314706952049408
19,10,29,0.00048381345694820685
21,8,29,0.9394569650180941
19,10,29,0.12144507122682535
17,12,29,0.04893120370835683
15,14,29,0.24290906152647984
20,9,29,0.04550897010099357
20,9,29,0.7441889116045788
20,9,29,0.24290906152647984
22,7,29,0.026594646679114247
12,17,29,0.031160333182805963
19,10,29,0.6717661875924231
22,7,29,0.5724247458933497
21,8,29,0.0049648450644075885
17,12,29,0.7733891931656135
26,3,29,0.48945833991568644
20,9,29,0.004807786367479354
23,6,29,0.8006696868167401
21,8,29,0.04969702057224241
20,9,29,0.7561771890802491
22,7,29,0.007578828027050188
18,11,29,NaN
24,5,29,0.29081440741598774
22,7,29,0.8867216875884179
22,7,29,0.5986300889291611
17,12,29,NaN
22,7,29,0.04175402472859717
17,12,29,1.4740318280798075e-8
24,5,29,0.3103194978340013
15,14,29,0.7716423171976328
19,10,29,0.49543559874771725
28,1,29,NaN
21,8,29,0.16309492814798063
21,8,29,0.39259443435447555
20,9,29,0.07995085556295152
17,12,29,0.6490110035494953
20,9,29,0.29173366821268787
22,7,29,0.013694294924579891
20,9,29,0.6717661875924231
13,16,29,0.004622255983448522
27,2,29,0.9137791798943785
17,12,29,0.15938727449707998
26,3,29,0.034729902247549925
23,6,29,0.8450772854630715
20,9,29,0.001573873433505148
18,11,29,0.007634563417277496
14,15,29,0.0017023304780869242
20,9,29,0.49543559874771725
19,10,29,0.9263616469895146
20,9,29,0.6393212398911319
20,9,29,0.005206457041492319
17,12,29,0.9493033010224405
21,8,29,NaN
21,8,29,0.8006696868167401
23,6,29,0.04531425270758149
21,8,29,0.3557510427918548
19,10,29,0.11734528913424948
18,11,29,0.01280390841776675
22,7,29,0.10569544149390371
16,13,29,NaN
20,9,29,0.8525306848985766
25,4,29,0.8652322931034484
18,11,29,6.156684289983406e-5
16,13,29,0.4011103777394731
20,9,29,0.019858005654448223
20,9,29,0.6717661875924231
21,8,29,0.3607250078865293
19,10,29,0.631220773570296
22,7,29,2.8269221804501366e-7
21,8,29,0.07149666431298804
22,7,29,0.2792229477338685
15,14,29,0.5085888036623277
25,4,29,0.0035747479988104233
19,10,29,0.0495784382343388
3,26,29,NaN
16,13,29,0.0015878062635233657
16,13,29,0.8896105113263747
17,12,29,0.4675822105391149
15,14,29,0.7092033041123709
17,12,29,0.35433275174400486
9,20,29,0.21314403705999546
21,8,29,0.002887593206050417
15,14,29,0.48796662186443346
13,16,29,NaN
23,6,29,0.9272124484159221
18,11,29,0.48794185934767015
15,14,29,0.8006586145440605
25,4,29,0.25665058425523884
21,8,29,0.3557510427918548
15,14,29,0.5417209770628222
23,6,29,0.21185071034975703
15,14,29,0.917987041210824
17,12,29,0.0029914850645678913
1,28,29,NaN
24,5,29,0.3753384111800978
2,27,29,0.49543559874771725
25,4,29,0.021562385667604073
25,4,29,0.019201016471131704
13,16,29,NaN
20,9,29,NaN
19,10,29,0.4475557477195245
22,7,29,0.005914204215009257
14,15,29,0.5553579637914051
21,8,29,0.1698852220680611
21,8,29,0.056664228858792395
21,8,29,0.4675822105391149
25,4,29,NaN
17,12,29,0.3296496747755379
21,8,29,0.5406123096098024
17,12,29,0.11735031057960332
21,8,29,0.03388614107007398
23,6,29,0.04945380775940396
19,10,29,0.5865196674031864
12,17,29,0.10087359347892634
19,10,29,0.4475557477195245
21,8,29,0.5438436935874156
20,9,29,0.0026602370329240964
11,18,29,0.24942349204013237
16,13,29,NaN
19,10,29,NaN
16,13,29,0.11735031057960332
19,10,29,0.13684525122146476
17,12,29,0.9024871747604102
8,21,29,NaN
20,9,29,0.11237718670068543
14,15,29,NaN
19,10,29,0.12181981260020458
26,3,29,0.1753548194244005
24,5,29,0.2783692877527476
19,10,29,0.003592412468363806
16,13,29,0.6450386110928477
18,11,29,NaN
22,7,29,0.6717661875924231
18,11,29,0.11756596725794861
15,14,29,NaN
18,11,29,0.13695747655435897
18,11,29,NaN
21,8,29,0.011335119107957231
1,28,29,0.026343212164028636
2,27,29,NaN
19,10,29,0.5285713137849607
27,2,29,0.07281959502565384
8,21,29,0.08612589160650815
19,10,29,0.9493033010224405
11,18,29,0.31538291069709495
23,6,29,1.7715480628275722e-10
22,7,29,0.49543559874771725
19,10,29,0.039470626451092304
27,2,29,0.008095652582609572
23,6,29,0.8237080657963236
22,7,29,0.6363457205872601
14,15,29,0.7097030520462984
17,12,29,0.2136169784071767
3,26,29,NaN
21,8,29,NaN
9,20,29,NaN
15,14,29,NaN
2,27,29,0.6018962792846809
14,15,29,0.004449364878835658
20,9,29,0.8521457246803249
17,12,29,0.33543358817657404
18,11,29,3.641959872669334e-5
20,9,29,0.8450772854630715
2,27,29,NaN
19,10,29,0.24290906152647984
8,21,29,NaN
18,11,29,0.3557510427918548
22,7,29,0.00045793806343765093
19,10,29,0.31538291069709495
10,19,29,0.40354376925056873
17,12,29,NaN
20,9,29,0.34117257317291055
16,13,29,NaN
21,8,29,0.45397001423553995
17,12,29,0.4011103777394731
2,27,29,NaN
3,26,29,NaN
21,8,29,0.011484738680564915
1,28,29,NaN
16,13,29,0.5417209770628222
3,26,29,0.022496462487970856
20,9,29,0.08612589160650815
17,12,29,0.15021370908375797
18,11,29,0.49543559874771725
16,13,29,6.836025935262487e-9
11,18,29,NaN
3,26,29,NaN
13,16,29,0.24290906152647984
15,14,29,0.4011103777394731
2,27,29,0.737622664771938
15,14,29,0.4965061307383361
1,28,29,NaN
3,26,29,NaN
2,27,29,0.0399227719894802
3,26,29,0.8827570506600473
2,27,29,0.3916557543177278
2,27,29,NaN
1,28,29,NaN
3,26,29,NaN
1,28,29,0.6717661875924231
4,25,29,NaN
1,28,29,0.3140788080690369
0,29,29,0.31538291069709495
14,14,28,0.8006696868167401
19,9,28,0.05995424861230409
26,2,28,0.8570280955232826
14,14,28,0.631220773570296
15,13,28,0.7423423413009405
17,11,28,0.40839476387446777
24,4,28,0.11735031057960332
17,11,28,0.05383981284180085
8,20,28,NaN
16,12,28,0.25863376376145647
20,8,28,0.0630282359819421
21,7,28,0.06529835467430033
21,7,28,NaN
26,2,28,0.34980824159431934
25,3,28,0.9789190809366978
22,6,28,0.829742476160224
13,15,28,0.015534029709399278
12,16,28,0.757379449355442
23,5,28,0.9137791798943785
14,14,28,0.3394287139224781
20,8,28,0.6398455160113401
24,4,28,0.9885707782763422
19,9,28,NaN
20,8,28,0.8237080657963236
22,6,28,0.9434019635102875
16,12,28,0.005530012845895067
21,7,28,0.15635190321192152
19,9,28,0.0021097079919752504
24,4,28,0.012303219312283223
19,9,28,0.24290906152647984
3,25,28,NaN
19,9,28,NaN
22,6,28,0.5249672281046055
23,5,28,0.13695747655435897
26,2,28,0.8325117390737342
24,4,28,3.421285882794339e-5
17,11,28,0.18475873937302606
19,9,28,0.37647533270374284
21,7,28,0.8713113353463898
23,5,28,0.8625038659553637
20,8,28,0.6261070981568574
14,14,28,0.0630282359819421
16,12,28,0.21990222344649887
19,9,28,0.7421674927557133
13,15,28,NaN
21,7,28,0.759904024965249
14,14,28,0.3317895966743408
16,12,28,0.17239957638594303
22,6,28,0.21185071034975703
22,6,28,0.13695747655435897
24,4,28,0.8006696868167401
20,8,28,NaN
24,4,28,0.17356972116971547
21,7,28,NaN
24,4,28,0.07361819104140599
22,6,28,0.4155618969404342
18,10,28,0.00025459882583054385
24,4,28,NaN
24,4,28,0.9081287374559679
17,11,28,0.9863898516100719
17,11,28,0.6428233805814313
18,10,28,0.14606046573919937
10,18,28,0.13048037059510698
17,11,28,0.5417209770628222
22,6,28,0.04688555269411805
21,7,28,0.11735031057960332
21,7,28,0.21185071034975703
23,5,28,0.29445378536883604
22,6,28,NaN
21,7,28,6.5462576066309e-5
18,10,28,0.7575179050359917
17,11,28,0.577930533771296
16,12,28,0.003508562145404816
24,4,28,NaN
18,10,28,0.042286225658757066
19,9,28,0.2891119914176707
19,9,28,0.015098497463448084
21,7,28,0.09351253100327753
22,6,28,0.010630557321309575
23,5,28,0.4155618969404342
24,4,28,NaN
21,7,28,0.0008880523275249736
17,11,28,0.49543559874771725
21,7,28,0.1403703756641564
16,12,28,0.5940785884460495
3,25,28,NaN
18,10,28,2.0235900494491328e-7
20,8,28,0.0018046252712009996
21,7,28,0.18348414923983342
20,8,28,0.7092033041123709
18,10,28,0.11735031057960332
16,12,28,0.07679849711397702
20,8,28,0.04665914117398546
18,10,28,NaN
19,9,28,0.2783692877527476
21,7,28,0.7433590367901758
20,8,28,0.0025221091141489436
15,13,28,0.164811978123913
23,5,28,0.6482661286571485
21,7,28,NaN
7,21,28,0.3901201530147684
20,8,28,0.5865196674031864
17,11,28,0.6127253479327994
2,26,28,NaN
13,15,28,0.024063581973357145
21,7,28,0.8652322931034484
21,7,28,NaN
22,6,28,0.5865196674031864
18,10,28,7.68987699115364e-11
22,6,28,0.9590286414731528
17,11,28,0.21185071034975703
22,6,28,0.7455142843600929
12,16,28,0.03831329598506057
19,9,28,NaN
19,9,28,0.6796560791431746
22,6,28,0.9615938537349547
22,6,28,0.3295618114178701
18,10,28,0.0003696677208367131
16,12,28,0.0550168493841473
22,6,28,0.05037447096896093
18,10,28,0.31538291069709495
17,11,28,0.18348414923983342
12,16,28,NaN
19,9,28,0.8237080657963236
22,6,28,0.662803924606588
18,10,28,0.5500007748372802
13,15,28,7.79242714704904e-6
21,7,28,0.22565859578238237
13,15,28,0.002441604106290147
19,9,28,0.002148417646864504
18,10,28,NaN
2,26,28,NaN
22,6,28,0.002259040214936954
17,11,28,NaN
13,15,28,0.11735031057960332
24,4,28,0.24290906152647984
22,6,28,0.6717661875924231
16,12,28,0.5849600830838628
15,13,28,0.8253050368811827
21,7,28,0.053556438906752275
21,7,28,0.941800944692497
19,9,28,0.19159711197536944
18,10,28,0.01961094207767712
15,13,28,NaN
12,16,28,NaN
24,4,28,0.3103194978340013
12,16,28,0.5217135226393295
24,4,28,0.1876063558126113
20,8,28,0.17600453156660253
20,8,28,0.31538291069709495
12,16,28,0.11120429753441702
22,6,28,0.010701519155839868
12,16,28,0.08612589160650815
22,6,28,0.15074148268547716
4,24,28,0.18632603224197186
16,12,28,0.24290906152647984
15,13,28,0.4695911638348551
8,20,28,NaN
19,9,28,0.013596803890909101
23,5,28,0.2714976848618461
14,14,28,0.7726517314264018
15,13,28,0.21185071034975703
20,8,28,NaN
17,11,28,0.4345957361322112
18,10,28,0.631220773570296
15,13,28,0.26966864706022203
19,9,28,0.631220773570296
11,17,28,0.18348414923983342
18,10,28,NaN
20,8,28,0.2668400346081453
25,3,28,0.10032275229784271
10,18,28,0.225885263545232
15,13,28,0.5431371140985849
23,5,28,NaN
18,10,28,5.493889498495776e-7
12,16,28,0.8111156545605713
20,8,28,0.9001259164326818
21,7,28,NaN
19,9,28,0.9396124013901456
18,10,28,0.07721489853968687
17,11,28,0.31538291069709495
18,10,28,0.8825843566377873
23,5,28,0.49543559874771725
4,24,28,0.5754856002188532
23,5,28,0.10032275229784271
9,19,28,0.00033967050183184667
17,11,28,0.4635330552869974
24,4,28,0.016332673622099284
16,12,28,NaN
20,8,28,0.0002761155829927521
17,11,28,0.7423423413009405
21,7,28,0.9707278682957394
10,18,28,NaN
16,12,28,0.7092033041123709
19,9,28,NaN
17,11,28,0.03332247799687369
13,15,28,0.6127253479327994
24,4,28,0.07253206982746481
17,11,28,0.006378009096766513
11,17,28,0.8652322931034484
18,10,28,NaN
12,16,28,0.0017695632779159383
15,13,28,0.5538853774129815
24,4,28,0.04707049003766431
23,5,28,0.04131511620957335
19,9,28,NaN
15,13,28,NaN
21,7,28,NaN
21,7,28,1.7757131195612523e-5
22,6,28,0.13695747655435897
17,11,28,0.26966864706022203
22,6,28,0.005672688643925818
17,11,28,NaN
13,15,28,0.1871880010430694
15,13,28,0.04225142236583336
18,10,28,0.047578426452286514
4,24,28,NaN
1,27,28,NaN
15,13,28,0.06388159284868981
13,15,28,0.4475557477195245
17,11,28,NaN
18,10,28,0.7995152335112203
1,27,28,0.011063848388847618
12,16,28,0.0003167614054397556
19,9,28,NaN
16,12,28,0.004807786367479354
14,14,28,NaN
17,11,28,0.037010466466768255
13,15,28,0.9001259164326818
19,9,28,0.3272561423761583
10,18,28,0.032595921365234946
17,11,28,0.17614887713027638
23,5,28,0.03831329598506057
13,15,28,0.4475557477195245
17,11,28,0.999134715410631
18,10,28,NaN
11,17,28,0.4155618969404342
3,25,28,0.25064071742149197
18,10,28,NaN
17,11,28,0.0630282359819421
3,25,28,NaN
21,7,28,0.00017604994312667057
3,25,28,0.0043793190897692905
2,26,28,NaN
4,24,28,NaN
13,15,28,NaN
17,11,28,0.9137791798943785
10,18,28,NaN
8,20,28,1.0514482383383442e-6
2,26,28,0.15938727449707998
5,23,28,0.24290906152647984
2,26,28,NaN
3,25,28,NaN
2,26,28,NaN
1,27,28,NaN
1,27,28,NaN
2,26,28,0.8294550263205144
1,27,28,0.04514004623156048
1,27,28,NaN
1,27,28,NaN
0,28,28,NaN
0,28,28,NaN
0,28,28,0.8201241523683219
0,28,28,NaN
21,6,27,0.05439242942781699
16,11,27,0.12997762313854683
21,6,27,0.27450593011690566
19,8,27,0.3557510427918548
7,20,27,NaN
21,6,27,0.2088519484374868
12,15,27,NaN
12,15,27,0.8787867006387378
24,3,27,0.0018361629350598927
17,10,27,0.4011103777394731
19,8,27,0.2783692877527476
18,9,27,0.8450772854630715
22,5,27,0.10032275229784271
16,11,27,0.8207482473000494
20,7,27,0.5183374556419776
16,11,27,0.07361819104140599
15,12,27,0.8088883242977231
17,10,27,NaN
20,7,27,NaN
17,10,27,0.06556672776686616
12,15,27,0.03831329598506057
21,6,27,0.08612589160650815
17,10,27,NaN
4,23,27,NaN
16,11,27,NaN
19,8,27,0.024123357910898955
19,8,27,NaN
23,4,27,0.7092033041123709
21,6,27,0.631220773570296
18,9,27,0.7092033041123709
20,7,27,NaN
18,9,27,0.24290906152647984
11,16,27,0.8006696868167401
19,8,27,0.41537645198799034
20,7,27,NaN
12,15,27,0.9001259164326818
17,10,27,0.0032291039078512153
14,13,27,NaN
2,25,27,NaN
24,3,27,0.9733084005106692
18,9,27,0.0011701692702188037
19,8,27,0.16345438306120452
17,10,27,0.18348414923983342
24,3,27,0.49938832516806103
20,7,27,0.7794251174538648
18,9,27,0.13695747655435897
11,16,27,NaN
13,14,27,0.24290906152647984
21,6,27,0.01301992060322904
16,11,27,0.21185071034975703
17,10,27,0.33206252338918735
15,12,27,0.18795922227451317
21,6,27,0.2105438322656536
2,25,27,NaN
21,6,27,2.966940410154549e-8
24,3,27,0.7092033041123709
15,12,27,0.41422809404267186
20,7,27,0.15938727449707998
14,13,27,0.11735031057960332
15,12,27,0.14126663470361475
23,4,27,0.0076956532343113206
16,11,27,0.26907703266880834
18,9,27,0.5223700081226895
19,8,27,0.18348414923983342
19,8,27,0.0022768474168978984
15,12,27,0.20613451565362417
22,5,27,NaN
19,8,27,0.5865196674031864
17,10,27,NaN
15,12,27,0.7104519257596621
22,5,27,0.3982438635839032
19,8,27,0.08612589160650815
17,10,27,0.040516611011562155
20,7,27,0.11735031057960332
22,5,27,0.005961402899849122
22,5,27,0.08612589160650815
19,8,27,0.8450772854630715
15,12,27,NaN
26,1,27,0.03074622227830447
16,11,27,0.7784048404106803
27,0,27,0.8450772854630715
22,5,27,0.5865196674031864
24,3,27,0.2783692877527476
22,5,27,6.638755857790958e-5
19,8,27,0.0630282359819421
15,12,27,0.8237080657963236
18,9,27,0.09069846382144658
20,7,27,0.06865764376286738
20,7,27,0.9338640776124352
18,9,27,0.9663500458367166
17,10,27,NaN
21,6,27,0.03320865262608752
22,5,27,0.4475557477195245
16,11,27,0.5865196674031864
24,3,27,0.8006696868167401
12,15,27,0.022674369317190097
3,24,27,NaN
17,10,27,0.018225447996684758
4,23,27,0.24290906152647984
20,7,27,0.005972728862077549
20,7,27,0.761323068728283
9,18,27,0.11055026276763365
19,8,27,0.8827570506600473
19,8,27,0.49543559874771725
22,5,27,0.126574894333374
20,7,27,0.9396124013901456
16,11,27,0.3257757903334994
20,7,27,0.527381374094059
16,11,27,0.11735031057960332
19,8,27,0.5541549182592796
21,6,27,0.2783692877527476
24,3,27,0.0007815024458151998
25,2,27,0.17797299965458593
21,6,27,2.9417182782248965e-10
21,6,27,0.18348414923983342
23,4,27,0.4765577138168422
14,13,27,0.31538291069709495
21,6,27,0.04279952829160594
12,15,27,0.2783692877527476
20,7,27,0.4438118055955019
15,12,27,0.00025103536266958776
18,9,27,0.7092033041123709
12,15,27,0.8652322931034484
14,13,27,0.41560652446377
23,4,27,6.909873284882135e-6
17,10,27,0.0027864934992917006
23,4,27,0.5698524944059813
22,5,27,0.6355480316295123
16,11,27,0.14020865795524015
23,4,27,NaN
19,8,27,0.009946601541467462
19,8,27,0.6717661875924231
17,10,27,0.5500007748372802
15,12,27,NaN
20,7,27,0.9914311824347485
11,16,27,0.9004333563474045
18,9,27,1.2569605413631837e-6
19,8,27,0.007947686112412977
21,6,27,0.11735031057960332
17,10,27,0.8434766134250004
17,10,27,0.11778302376262217
15,12,27,0.735914938752462
19,8,27,0.47445227604545076
21,6,27,0.11109557718404171
21,6,27,0.00011736643778464549
16,11,27,0.2783692877527476
14,13,27,0.3492349453707144
11,16,27,0.4298809862358121
11,16,27,0.18348414923983342
24,3,27,0.2324633897072824
12,15,27,0.6176561141898615
23,4,27,0.0032049632972005176
20,7,27,0.8652559922904073
16,11,27,0.21185071034975703
14,13,27,0.0012892587215201864
16,11,27,0.6171829657238197
23,4,27,0.0630282359819421
19,8,27,0.427204461150603
16,11,27,0.7423423413009405
19,8,27,0.8006696868167401
17,10,27,0.09061241887260031
18,9,27,0.09565566632370436
17,10,27,0.9493033010224405
14,13,27,0.3541819550185303
21,6,27,0.4087914221489063
22,5,27,NaN
18,9,27,NaN
24,3,27,0.631220773570296
19,8,27,0.15345179758445754
23,4,27,0.0015892683974842105
18,9,27,0.49543559874771725
19,8,27,0.619427914833329
11,16,27,0.4313803785165873
13,14,27,0.06747766374567786
19,8,27,0.007108851923309313
13,14,27,0.4055317038347719
21,6,27,0.6959301236535914
18,9,27,0.34910484688571525
18,9,27,0.1325685749026176
18,9,27,0.5624465536399789
15,12,27,0.002657967635316095
16,11,27,0.024709904799738645
23,4,27,0.00119237039305434
18,9,27,0.026480519929656072
13,14,27,0.546152762799012
19,8,27,0.6654147819549119
21,6,27,NaN
18,9,27,0.0062293089111289425
18,9,27,2.9080269278619364e-6
19,8,27,0.4664637747420463
21,6,27,0.10032275229784271
10,17,27,0.642196553926463
20,7,27,0.03779627182476482
20,7,27,0.02609798011098968
22,5,27,7.864196384677778e-6
12,15,27,0.7234577439877888
15,12,27,0.2978396170206712
17,10,27,0.9001259164326818
17,10,27,0.4011103777394731
15,12,27,0.21723736048282338
19,8,27,0.8958762517401009
15,12,27,0.5417209770628222
20,7,27,0.08471620648151668
19,8,27,0.2842675047856833
23,4,27,0.24290906152647984
15,12,27,0.07075939819387908
18,9,27,0.04531425270758149
16,11,27,0.0002991657480014659
20,7,27,2.2636868238910148e-5
20,7,27,0.24290906152647984
17,10,27,0.6153432576025424
18,9,27,0.0033606646249376183
17,10,27,0.6127253479327994
14,13,27,0.6982618325144196
16,11,27,0.30783620029865244
15,12,27,0.2613068023050385
21,6,27,0.3804132744410301
12,15,27,NaN
14,13,27,0.2808478313902987
24,3,27,0.18348414923983342
15,12,27,NaN
18,9,27,NaN
17,10,27,NaN
20,7,27,0.4475557477195245
9,18,27,0.0002762843236294146
17,10,27,0.7558565668598912
16,11,27,0.8237080657963236
16,11,27,NaN
1,26,27,NaN
21,6,27,0.05605290967168971
16,11,27,0.24290906152647984
19,8,27,7.902577626412734e-14
4,23,27,NaN
12,15,27,0.16812884358675917
15,12,27,0.33387719397146653
18,9,27,0.6306114347567907
20,7,27,0.46309885834886255
13,14,27,0.5417209770628222
15,12,27,0.9789160169769834
5,22,27,NaN
18,9,27,0.002853359530443359
17,10,27,0.006898246853607438
13,14,27,0.011429367870961375
16,11,27,0.6363147884035408
7,20,27,NaN
17,10,27,0.0267369504434744
11,16,27,NaN
20,7,27,0.8006696868167401
13,14,27,0.005747312567349441
22,5,27,0.8006696868167401
13,14,27,0.4167758162657297
17,10,27,0.01155459331978939
16,11,27,0.12535701036362762
1,26,27,NaN
8,19,27,0.3573473751019223
2,25,27,0.7233129731764174
14,13,27,0.22517090749459037
17,10,27,NaN
3,24,27,0.4045890104150258
2,25,27,NaN
9,18,27,NaN
1,26,27,0.2918901956124787
2,25,27,0.8652322931034484
1,26,27,NaN
2,25,27,0.5008142702220697
1,26,27,NaN
3,24,27,0.13695747655435897
1,26,27,NaN
2,25,27,0.11646251271444097
1,26,27,NaN
2,25,27,0.4475557477195245
1,26,27,NaN
0,27,27,NaN
0,27,27,0.0330651826157408
0,27,27,0.003041593197448142
0,27,27,NaN
20,6,26,0.65074860603325
16,10,26,NaN
24,2,26,0.050481738195228915
15,11,26,0.8450772854630715
20,6,26,0.045392078781737476
19,7,26,0.48741053056587813
16,10,26,NaN
19,7,26,0.0026035209678680307
20,6,26,0.029743515115292912
21,5,26,0.2650451485906273
20,6,26,NaN
19,7,26,0.14499639323270927
22,4,26,NaN
20,6,26,0.15938727449707998
21,5,26,NaN
15,11,26,0.044663311131468195
18,8,26,0.0003224196696121124
20,6,26,0.15909487018185753
14,12,26,0.8652322931034484
17,9,26,0.5001788625516105
18,8,26,0.002174644490643963
18,8,26,NaN
7,19,26,NaN
20,6,26,0.053556438906752275
15,11,26,0.9916966421839661
17,9,26,0.8821315975070846
13,13,26,0.4155618969404342
7,19,26,0.24290906152647984
21,5,26,0.006213043085494918
12,14,26,0.04257645880163743
16,10,26,0.4011103777394731
19,7,26,0.4011103777394731
14,12,26,0.5634919570344632
20,6,26,3.779735637608945e-5
19,7,26,0.24290906152647984
19,7,26,NaN
20,6,26,2.478784535519989e-17
23,3,26,0.24290906152647984
21,5,26,0.48616170673809744
18,8,26,0.07360639730822023
20,6,26,0.07361819104140599
18,8,26,0.007349342594627595
21,5,26,0.9272124484159221
22,4,26,NaN
19,7,26,0.8006696868167401
17,9,26,0.07894869956235151
16,10,26,NaN
17,9,26,NaN
13,13,26,0.2040110683426588
16,10,26,0.5146238371947384
10,16,26,0.4235807573597861
15,11,26,7.308780366699397e-6
23,3,26,0.7178184494674927
16,10,26,0.29765274194386926
19,7,26,0.7423423413009405
15,11,26,0.794509296253075
22,4,26,0.9335053885363508
22,4,26,0.012911471956881861
21,5,26,0.9001259164326818
15,11,26,3.0554307691720334e-6
14,12,26,NaN
19,7,26,0.018904197233763253
19,7,26,8.228292097475468e-5
19,7,26,NaN
24,2,26,0.5417209770628222
17,9,26,0.13545705440676972
17,9,26,0.41471216893803126
18,8,26,0.9847610629786451
19,7,26,0.6193976025747082
18,8,26,0.9137791798943785
14,12,26,NaN
22,4,26,0.8768095693934921
22,4,26,0.5417209770628222
22,4,26,0.333896179050709
16,10,26,0.9001259164326818
18,8,26,0.011335119107957231
15,11,26,0.0630282359819421
18,8,26,1.0508404929788412e-8
10,16,26,0.39276872776093164
17,9,26,0.03831329598506057
17,9,26,0.11203766109263956
20,6,26,0.3171715342550248
19,7,26,0.8201813124259175
10,16,26,0.7433590367901758
16,10,26,0.023437746643316073
18,8,26,0.053556438906752275
19,7,26,NaN
18,8,26,0.023437746643316073
20,6,26,0.032853775051729074
21,5,26,7.572333286324715e-6
16,10,26,0.4475557477195245
21,5,26,0.8652322931034484
12,14,26,NaN
15,11,26,0.041203619612075186
21,5,26,0.5865196674031864
9,17,26,0.20620557735673217
17,9,26,0.5434852093696828
14,12,26,0.07366646274388336
21,5,26,0.15570578471132301
18,8,26,0.26441780022487305
18,8,26,0.631220773570296
16,10,26,0.08769458113067165
18,8,26,0.30746687701765646
12,14,26,0.011335119107957231
9,17,26,NaN
19,7,26,0.2168729128549409
22,4,26,0.11778302376262217
14,12,26,3.168796134326295e-6
21,5,26,0.2783692877527476
19,7,26,0.0002901954575048275
17,9,26,0.7423423413009405
13,13,26,0.5249343478849474
20,6,26,0.07249577491031718
19,7,26,0.0514116247393162
17,9,26,NaN
18,8,26,0.4973900242501405
22,4,26,0.00373077665895556
18,8,26,0.7092033041123709
21,5,26,NaN
20,6,26,0.713463701206634
20,6,26,0.027815970274405844
20,6,26,0.039596968836407606
17,9,26,NaN
12,14,26,0.08628117139458912
23,3,26,0.5865196674031864
13,13,26,0.8237080657963236
18,8,26,6.9186186974799505e-15
15,11,26,0.053556438906752275
18,8,26,0.66695978422913
3,23,26,NaN
15,11,26,NaN
20,6,26,0.7092033041123709
18,8,26,0.7249226455750492
18,8,26,0.057576555704222286
21,5,26,0.5748350675991525
21,5,26,1.972801281518251e-5
3,23,26,0.21635583976302866
15,11,26,0.007802659961797925
21,5,26,0.4011103777394731
23,3,26,0.6383627101284552
20,6,26,0.08131311481254204
19,7,26,0.18630579327883387
18,8,26,5.361943124159622e-6
18,8,26,0.49543559874771725
21,5,26,NaN
18,8,26,0.9916966421839661
16,10,26,0.46975620165292886
24,2,26,0.4011103777394731
21,5,26,0.14097417142082672
18,8,26,0.9394569650180941
16,10,26,0.20133438402746814
21,5,26,0.047986597027901486
22,4,26,0.8450772854630715
16,10,26,0.6127253479327994
16,10,26,NaN
15,11,26,0.7209529433044819
15,11,26,0.5177265138681221
21,5,26,0.7092033041123709
17,9,26,0.7092033041123709
12,14,26,NaN
15,11,26,0.7259839662559293
19,7,26,0.08646968736336935
9,17,26,0.04275100282977039
18,8,26,0.002174644490643963
24,2,26,0.8214664868478216
11,15,26,0.5341764375798196
15,11,26,0.6796560791431746
15,11,26,0.15938727449707998
14,12,26,NaN
16,10,26,0.9263616469895146
14,12,26,0.026202796250139316
13,13,26,0.0025709660283289135
17,9,26,0.3557510427918548
16,10,26,0.5098860991689168
14,12,26,0.06469856559870264
17,9,26,0.004986605440674977
23,3,26,0.2261972426072204
15,11,26,0.9272124484159221
16,10,26,0.30875951099148613
19,7,26,0.0007847081390560381
20,6,26,0.6416196102261398
22,4,26,0.019796251803769704
15,11,26,0.22768077963389738
21,5,26,0.9493033010224405
17,9,26,0.1330414355475077
20,6,26,0.21490642152129297
11,15,26,0.2261972426072204
11,15,26,0.004513431661852561
11,15,26,0.5597574634749806
13,13,26,0.4117334526826453
21,5,26,0.7906123531705567
13,13,26,0.5258888223999016
16,10,26,0.18835667984163076
18,8,26,0.028633814491345277
19,7,26,0.2018485504420397
1,25,26,0.9767012567429126
17,9,26,0.0001121780517075946
20,6,26,0.6402134210389252
20,6,26,0.5747790764397182
17,9,26,NaN
17,9,26,0.2547009091435298
20,6,26,NaN
20,6,26,NaN
20,6,26,1.7052832924860386e-11
4,22,26,NaN
14,12,26,0.6311217356662427
19,7,26,1.0884993187817725e-8
15,11,26,0.4573313295576279
19,7,26,9.572585001366842e-11
2,24,26,0.01071404654706393
20,6,26,0.011171103974574196
17,9,26,NaN
16,10,26,0.9137791798943785
23,3,26,0.012942208389845496
13,13,26,3.479428916142962e-6
17,9,26,NaN
17,9,26,0.0004925015255378425
20,6,26,0.4228654095459941
15,11,26,0.7726517314264018
2,24,26,NaN
23,3,26,NaN
19,7,26,0.504317522468818
13,13,26,0.00043730178776443324
18,8,26,0.8450772854630715
9,17,26,NaN
20,6,26,0.5417209770628222
20,6,26,0.023437746643316073
16,10,26,0.5865196674031864
18,8,26,0.6717661875924231
20,6,26,0.6717661875924231
19,7,26,0.9410894526161196
10,16,26,0.9663500458367166
2,24,26,NaN
16,10,26,0.5417209770628222
15,11,26,0.5975705188812735
17,9,26,0.18348414923983342
12,14,26,0.07645813402515615
4,22,26,NaN
13,13,26,0.027792358390621223
17,9,26,0.23429599943133422
15,11,26,0.45562059665726695
2,24,26,NaN
17,9,26,0.8901584396541352
20,6,26,0.5844085215984884
3,23,26,NaN
15,11,26,0.8076511550142321
14,12,26,0.4475557477195245
20,6,26,0.8652322931034484
21,5,26,0.2553991810298982
17,9,26,0.892330774293112
20,6,26,0.6208747285706957
22,4,26,NaN
20,6,26,NaN
17,9,26,0.011855378270770107
17,9,26,NaN
19,7,26,0.5672762994411423
15,11,26,1.6658721367168035e-5
6,20,26,NaN
12,14,26,0.4146689370945025
18,8,26,0.6229632524493385
16,10,26,0.1388258065641647
16,10,26,0.2144909145927689
18,8,26,0.6130613587822671
19,7,26,0.0630282359819421
15,11,26,NaN
16,10,26,0.024090378025731954
18,8,26,0.10587346422503567
8,18,26,NaN
13,13,26,0.5417209770628222
4,22,26,0.053556438906752275
16,10,26,6.029879957878873e-6
12,14,26,NaN
13,13,26,0.24290906152647984
21,5,26,0.631220773570296
21,5,26,0.00013479959585119906
15,11,26,NaN
9,17,26,0.0549559587055974
4,22,26,NaN
12,14,26,0.48945833991568644
10,16,26,0.03853259001795909
2,24,26,NaN
15,11,26,0.4380249088692764
17,9,26,0.15938727449707998
3,23,26,NaN
18,8,26,0.9466442089004734
20,6,26,0.466036010172326
6,20,26,0.02585720862927017
10,16,26,NaN
3,23,26,NaN
1,25,26,NaN
5,21,26,NaN
2,24,26,0.03727016092627887
6,20,26,NaN
1,25,26,NaN
1,25,26,NaN
3,23,26,NaN
1,25,26,0.023437746643316073
1,25,26,0.17356972116971547
1,25,26,0.8344459351668625
0,26,26,NaN
0,26,26,NaN
0,26,26,NaN
0,26,26,NaN
0,26,26,NaN
0,26,26,NaN
0,26,26,NaN
0,26,26,0.7726517314264018
14,11,25,0.3597588199111526
21,4,25,0.4011103777394731
20,5,25,0.00201941332582483
14,11,25,0.09002275477862863
16,9,25,0.5316103982565229
17,8,25,NaN
18,7,25,0.05626150211135384
19,6,25,0.770701651378518
17,8,25,0.30232085815527876
17,8,25,0.2811512339687065
15,10,25,NaN
17,8,25,0.31538291069709495
17,8,25,0.8827570506600473
17,8,25,8.946012690739512e-5
17,8,25,0.00010542442753056825
19,6,25,0.9137791798943785
4,21,25,NaN
18,7,25,0.08612589160650815
14,11,25,0.7921036530766452
11,14,25,0.4475557477195245
17,8,25,0.2213343375753353
19,6,25,0.517897412228219
19,6,25,NaN
18,7,25,0.3557510427918548
18,7,25,0.6717661875924231
20,5,25,0.8445454278572618
19,6,25,NaN
15,10,25,0.04633018640909105
11,14,25,0.5417209770628222
22,3,25,0.6632601562066045
20,5,25,0.7726517314264018
18,7,25,0.48011267015902315
11,14,25,0.08058320348053694
17,8,25,NaN
16,9,25,0.18493726411462888
25,0,25,0.07361819104140599
21,4,25,0.036437211115510015
13,12,25,NaN
16,9,25,9.335214482890061e-6
15,10,25,0.49543559874771725
20,5,25,0.41384389626361784
20,5,25,0.02495959558123372
10,15,25,3.987501814666101e-11
18,7,25,0.8145604431144849
15,10,25,NaN
17,8,25,0.555360331208653
14,11,25,0.17285819941780986
16,9,25,0.004498940875642851
17,8,25,NaN
14,11,25,0.6719063366162307
15,10,25,0.8209699124993294
16,9,25,0.26234060328431213
9,16,25,0.016656938369781698
19,6,25,NaN
13,12,25,0.8006586145440605
15,10,25,0.4475557477195245
24,1,25,0.34840616286343756
18,7,25,0.02787455723542097
17,8,25,0.0048802753390964435
19,6,25,0.607864011288183
13,12,25,0.8237080657963236
18,7,25,0.08612589160650815
18,7,25,0.17614887713027638
14,11,25,0.8447346253947797
17,8,25,0.0429681551594155
14,11,25,NaN
20,5,25,0.09979538928848457
16,9,25,0.22831526957749662
9,16,25,0.15938727449707998
19,6,25,0.1443917087308706
11,14,25,NaN
14,11,25,0.8827570506600473
20,5,25,0.15047480766254923
17,8,25,0.9916966421839661
20,5,25,0.49543559874771725
15,10,25,0.0023538845867990448
18,7,25,0.011952677060099746
20,5,25,NaN
14,11,25,NaN
11,14,25,0.7195910676048861
19,6,25,0.05383981284180085
19,6,25,1.0680171073347e-7
14,11,25,0.045666877836219325
17,8,25,0.005359478732288813
16,9,25,0.28048161633914653
19,6,25,0.33343912810810805
19,6,25,0.02592882703305463
17,8,25,0.053556438906752275
17,8,25,0.21520106992341587
20,5,25,1.1298248483646105e-5
20,5,25,0.5417209770628222
18,7,25,NaN
19,6,25,0.3557510427918548
19,6,25,0.8381544608128859
16,9,25,0.7092033041123709
16,9,25,0.1292221642705556
15,10,25,NaN
16,9,25,0.7605881376659679
16,9,25,0.8652322931034484
15,10,25,0.012911471956881861
20,5,25,0.004273956221899639
20,5,25,0.8207482473000494
3,22,25,NaN
12,13,25,0.08612589160650815
15,10,25,0.71798458654869
20,5,25,0.18581088894239095
17,8,25,0.0008832749155213968
18,7,25,0.1526082745878525
12,13,25,0.038792823693838574
14,11,25,0.10032275229784271
16,9,25,0.0051653647514528205
17,8,25,NaN
20,5,25,0.19370571780791485
17,8,25,0.19159711197536944
21,4,25,0.2281533911195878
24,1,25,NaN
15,10,25,0.5292233662686415
20,5,25,0.022172961353618702
17,8,25,0.6417181726202376
18,7,25,0.020679600025921452
14,11,25,0.3741567117715734
15,10,25,0.9404473988097115
18,7,25,0.13833345776724826
17,8,25,NaN
13,12,25,0.030785265217126705
16,9,25,0.38414567768367275
18,7,25,0.12842182279664288
18,7,25,0.004651856692892514
17,8,25,0.3047335085851245
19,6,25,0.5212339620985731
16,9,25,NaN
17,8,25,0.22903287736272304
19,6,25,0.8768095693934921
22,3,25,NaN
18,7,25,0.0009596969247253877
17,8,25,0.587593234946847
16,9,25,0.9001259164326818
13,12,25,0.08119594568483599
13,12,25,0.6897954437884392
15,10,25,0.2865890635944958
21,4,25,0.9001259164326818
19,6,25,0.631220773570296
18,7,25,0.546152762799012
16,9,25,NaN
15,10,25,0.028789474566875202
20,5,25,NaN
22,3,25,0.7195910676048861
17,8,25,0.3308133837524612
18,7,25,0.003097891153437657
22,3,25,0.5322995452242338
14,11,25,0.5865196674031864
20,5,25,NaN
15,10,25,NaN
17,8,25,0.0630282359819421
20,5,25,0.18348414923983342
17,8,25,0.5188237553174637
16,9,25,0.41537645198799034
14,11,25,NaN
15,10,25,0.17596879571570312
18,7,25,0.3615159950070883
21,4,25,0.00031926916412287134
19,6,25,0.15938727449707998
17,8,25,NaN
22,3,25,0.8541466298404491
20,5,25,1.6533968174712797e-5
13,12,25,0.08604706871663184
17,8,25,0.7423423413009405
19,6,25,0.6950686511737141
14,11,25,0.5057861640244646
16,9,25,0.8450772854630715
14,11,25,0.8218865568620628
20,5,25,0.5237310479321983
12,13,25,0.3901201530147684
20,5,25,0.4475557477195245
12,13,25,0.059993245207708976
15,10,25,0.15938727449707998
16,9,25,0.5192798580998162
16,9,25,0.3681379228476394
15,10,25,0.18484837237321236
13,12,25,0.2808478313902987
18,7,25,NaN
20,5,25,0.012200528311507908
10,15,25,0.8002212856606234
19,6,25,0.38951883007049515
15,10,25,NaN
22,3,25,0.39269305989092546
18,7,25,0.975646659991075
16,9,25,0.03535466446561791
12,13,25,0.07660947023318296
16,9,25,0.039485127388866476
13,12,25,6.519813886001363e-10
21,4,25,0.4475557477195245
19,6,25,1.531310075166757e-5
17,8,25,NaN
20,5,25,0.8786318778836533
18,7,25,0.0033606646249376183
16,9,25,0.5183374556419776
10,15,25,0.08264573974256474
15,10,25,0.11735031057960332
18,7,25,0.7423423413009405
15,10,25,NaN
16,9,25,NaN
15,10,25,0.18348414923983342
13,12,25,0.9137791798943785
15,10,25,NaN
4,21,25,NaN
15,10,25,0.3557510427918548
21,4,25,NaN
6,19,25,NaN
19,6,25,0.6368500392896812
11,14,25,0.10735616119256874
14,11,25,0.8450772854630715
13,12,25,0.8526058373300494
22,3,25,NaN
19,6,25,0.24290906152647984
18,7,25,0.46605968054994346
13,12,25,NaN
17,8,25,0.11735031057960332
17,8,25,0.2187885149467455
19,6,25,0.2783692877527476
18,7,25,0.004243052065979369
19,6,25,0.9986332396128299
23,2,25,0.8079308976000886
11,14,25,0.6079749113219112
17,8,25,0.4861660779914961
14,11,25,0.6717661875924231
18,7,25,0.5849600830838628
14,11,25,0.7092033041123709
4,21,25,0.3557510427918548
8,17,25,NaN
3,22,25,0.5633615655390873
15,10,25,0.13353499572554184
19,6,25,0.0012771181829222176
15,10,25,7.648967949265915e-5
18,7,25,0.3198449839834998
15,10,25,0.5638458657277224
13,12,25,0.49543559874771725
3,22,25,0.631220773570296
16,9,25,0.4475557477195245
14,11,25,NaN
17,8,25,0.11453156633326798
18,7,25,0.9628025134227487
13,12,25,0.11753531690194201
18,7,25,0.49543559874771725
19,6,25,0.019796251803769704
14,11,25,0.010667467035555909
17,8,25,0.4475557477195245
19,6,25,0.053556438906752275
19,6,25,0.25790502050296044
2,23,25,0.2637997927370085
12,13,25,0.4155618969404342
17,8,25,0.4011103777394731
20,5,25,0.9401946339374925
16,9,25,0.2526681088259036
22,3,25,0.6717661875924231
19,6,25,0.18348414923983342
11,14,25,0.10032275229784271
3,22,25,NaN
17,8,25,0.4334241705494686
16,9,25,0.7716423171976328
15,10,25,NaN
4,21,25,0.4475557477195245
16,9,25,0.18348414923983342
12,13,25,0.8978225826879975
1,24,25,NaN
11,14,25,0.5273059853489656
11,14,25,0.8450772854630715
24,1,25,0.005842522356516719
7,18,25,NaN
18,7,25,0.005876701678217379
2,23,25,NaN
19,6,25,0.33206252338918735
15,10,25,0.3592088183055866
14,11,25,0.3557510427918548
4,21,25,0.826006611103975
11,14,25,0.4475557477195245
19,6,25,0.4475557477195245
12,13,25,0.7707806061831215
15,10,25,0.001657605252058557
15,10,25,0.7726517314264018
16,9,25,NaN
2,23,25,NaN
7,18,25,0.13699179304262096
3,22,25,NaN
13,12,25,0.0013472567980058587
3,22,25,NaN
7,18,25,NaN
1,24,25,0.00019856763165913353
1,24,25,0.28117264616880355
1,24,25,NaN
1,24,25,0.477205113262487
0,25,25,NaN
0,25,25,NaN
0,25,25,NaN
20,4,24,0.47587120673805905
20,4,24,0.27498087052691356
24,0,24,NaN
19,5,24,0.07361819104140599
17,7,24,NaN
18,6,24,0.07097501417662755
16,8,24,0.9001259164326818
17,7,24,0.08612589160650815
18,6,24,0.0016981309848932604
17,7,24,0.21185071034975703
18,6,24,NaN
19,5,24,0.12609489334674728
19,5,24,0.07361819104140599
15,9,24,0.7389636675892185
14,10,24,0.7423423413009405
11,13,24,0.4155618969404342
14,10,24,0.0025108975672410534
11,13,24,NaN
8,16,24,NaN
17,7,24,0.1627696209162178
14,10,24,0.469883223005602
18,6,24,0.3883133911201663
16,8,24,0.0004422803489221924
16,8,24,NaN
6,18,24,0.07361819104140599
17,7,24,0.5865196674031864
13,11,24,0.43407640744775755
10,14,24,0.2783692877527476
19,5,24,0.12652813212740582
17,7,24,0.18348414923983342
18,6,24,0.11735031057960332
15,9,24,0.0036547845292137313
12,12,24,0.6562402124505261
20,4,24,0.35611016970724096
19,5,24,6.517183901349416e-7
2,22,24,0.7150381715288252
18,6,24,0.07399134413385819
16,8,24,0.8935905077137085
11,13,24,0.11778302376262217
22,2,24,0.5314804146897061
17,7,24,0.1494635070430373
1,23,24,0.1763325210258824
2,22,24,NaN
19,5,24,0.7433590367901758
16,8,24,0.0053168351788872945
14,10,24,0.6171697997107362
14,10,24,NaN
14,10,24,0.4475557477195245
16,8,24,0.19071181682797017
14,10,24,0.9272124484159221
18,6,24,0.4011103777394731
9,15,24,0.2733828328048356
12,12,24,0.31538291069709495
15,9,24,NaN
18,6,24,0.4146038809239223
15,9,24,0.3781091337932278
19,5,24,0.15272696484970272
13,11,24,0.0012528065390627488
18,6,24,0.03365029754928315
15,9,24,0.5009512181899832
21,3,24,0.22594351255131254
13,11,24,0.15938727449707998
14,10,24,0.9394569650180941
19,5,24,0.014378876956174035
18,6,24,0.6717661875924231
16,8,24,0.007349342594627595
17,7,24,0.2942871780591215
16,8,24,0.0021097079919752504
16,8,24,NaN
11,13,24,0.4011103777394731
20,4,24,0.20598544713049227
15,9,24,0.01168765473650732
17,7,24,0.8237080657963236
15,9,24,0.08612589160650815
22,2,24,0.08612589160650815
20,4,24,0.0026180797962322613
15,9,24,NaN
3,21,24,0.22827463891515906
11,13,24,0.8450772854630715
16,8,24,0.5300541533938572
16,8,24,0.044810326791162605
17,7,24,0.00011792824552213706
20,4,24,0.009744839474014035
22,2,24,0.49543559874771725
15,9,24,NaN
19,5,24,1.8635183781563193e-11
14,10,24,NaN
20,4,24,0.4011103777394731
21,3,24,0.43130520642464953
17,7,24,NaN
18,6,24,0.3859109532578767
16,8,24,0.1225037047378435
19,5,24,0.9663500458367166
18,6,24,0.011335119107957231
10,14,24,0.8431702811191175
18,6,24,0.5417209770628222
14,10,24,0.09839534673596408
20,4,24,0.2519407997172093
23,1,24,0.21861932953505414
15,9,24,0.7726517314264018
16,8,24,0.6070802016923577
17,7,24,NaN
15,9,24,0.0051653647514528205
22,2,24,0.0024793433840436183
19,5,24,0.00043554323395832877
17,7,24,0.8450772854630715
14,10,24,NaN
23,1,24,0.01619041374576436
19,5,24,0.04531425270758149
17,7,24,0.003835087851524878
19,5,24,NaN
21,3,24,NaN
18,6,24,0.9489203179487175
21,3,24,0.3249456262982528
15,9,24,0.4748194067599062
21,3,24,0.11153538993187605
19,5,24,0.7092033041123709
17,7,24,0.42924009310603495
19,5,24,0.910604314479432
19,5,24,0.28963920964340784
16,8,24,0.4117476914545675
18,6,24,0.07788597472592441
18,6,24,6.586510556902528e-7
15,9,24,0.9278753691045561
20,4,24,0.3289218568837397
14,10,24,0.11735031057960332
15,9,24,NaN
16,8,24,0.9733084005106692
17,7,24,0.001348989686805422
11,13,24,0.4475557477195245
13,11,24,0.44178975064255993
20,4,24,0.3077403676150384
21,3,24,0.0654839786318952
17,7,24,0.17961928918815778
12,12,24,0.7906123531705567
16,8,24,0.126574894333374
21,3,24,0.10032275229784271
19,5,24,0.8006696868167401
8,16,24,0.5780022159485769
18,6,24,0.25127704211638974
9,15,24,0.5075951871746799
19,5,24,0.18348414923983342
16,8,24,0.004426422018592534
23,1,24,0.06660095603469549
18,6,24,0.24290906152647984
17,7,24,0.00016845271443325857
17,7,24,0.3137845600409746
7,17,24,NaN
21,3,24,0.1345261733893565
17,7,24,0.06689475061747586
16,8,24,0.7423453416860673
17,7,24,0.5072557880991538
7,17,24,0.8450772854630715
18,6,24,0.7526434753973746
18,6,24,0.021794159129684975
15,9,24,0.0018608941988476418
20,4,24,0.20815159145568335
21,3,24,0.016656938369781698
16,8,24,0.20889152064896108
20,4,24,0.3557510427918548
17,7,24,0.00027990725861652406
21,3,24,0.053556438906752275
18,6,24,0.3359178490934185
20,4,24,0.8237080657963236
12,12,24,NaN
12,12,24,0.126574894333374
17,7,24,0.13695747655435897
18,6,24,0.033881654258827526
8,16,24,0.22915169335290791
20,4,24,0.7585052192293649
18,6,24,0.00023688297787026133
21,3,24,0.13695747655435897
18,6,24,0.38951883007049515
16,8,24,0.7423423413009405
15,9,24,0.0018246275535658957
17,7,24,0.2641226214973568
21,3,24,0.0032049632972005176
7,17,24,0.3362424493712636
17,7,24,0.6127253479327994
20,4,24,0.10528657409123422
18,6,24,NaN
17,7,24,0.21820458746332494
17,7,24,0.23847193067026978
19,5,24,0.2232445271913284
13,11,24,0.07193862879016444
15,9,24,0.07361819104140599
19,5,24,0.4475557477195245
18,6,24,0.15938727449707998
22,2,24,0.18725340296952694
16,8,24,0.031160333182805963
12,12,24,0.8004222516563995
17,7,24,0.16194129055077422
18,6,24,0.13092157516422975
15,9,24,0.8237080657963236
12,12,24,0.2783692877527476
14,10,24,0.75629555909009
12,12,24,0.1462472834570689
17,7,24,0.00928778774042959
11,13,24,0.40716644435996785
15,9,24,NaN
14,10,24,0.15635673849869133
18,6,24,0.006162005486132496
13,11,24,0.13695747655435897
11,13,24,0.011730963053476734
19,5,24,0.032853775051729074
14,10,24,0.7171632592617662
20,4,24,0.3882238084029869
15,9,24,0.001364880456418794
19,5,24,0.0025796352668618866
14,10,24,0.19826592319754066
20,4,24,NaN
21,3,24,0.8450772854630715
19,5,24,NaN
13,11,24,0.9394569650180941
20,4,24,0.8282769268179001
17,7,24,NaN
19,5,24,NaN
16,8,24,0.15938727449707998
19,5,24,0.0399170641055326
18,6,24,0.43106117723278803
10,14,24,0.023593381729268625
17,7,24,0.7848175748264098
17,7,24,0.22926252994341248
3,21,24,NaN
13,11,24,0.5430986004575281
5,19,24,0.00044135512679464
15,9,24,0.2593136845930282
13,11,24,0.19521961374212812
14,10,24,0.1449479362248296
19,5,24,0.8450772854630715
19,5,24,0.48945833991568644
17,7,24,0.11981414011819895
14,10,24,0.02339572095134739
14,10,24,NaN
16,8,24,NaN
16,8,24,0.24443865594187517
13,11,24,0.22559529788426425
19,5,24,0.8652322931034484
15,9,24,0.0630282359819421
17,7,24,0.7726517314264018
18,6,24,0.39276872776093164
18,6,24,0.7656968560480337
3,21,24,NaN
13,11,24,NaN
19,5,24,0.08612589160650815
18,6,24,0.03542250385965071
21,3,24,0.022784232198888647
15,9,24,0.9001259164326818
7,17,24,NaN
6,18,24,NaN
20,4,24,0.00529286277179092
15,9,24,0.4167907896762024
15,9,24,0.3597588199111526
16,8,24,0.8591467194914518
17,7,24,0.010790911971591396
15,9,24,0.023437746643316073
17,7,24,0.309169464280911
15,9,24,0.9734446052339839
12,12,24,0.00041037617351159355
15,9,24,NaN
21,3,24,0.9001259164326818
3,21,24,NaN
14,10,24,0.9222155645403921
13,11,24,0.31538291069709495
13,11,24,0.8237080657963236
11,13,24,NaN
10,14,24,0.8652322931034484
20,4,24,0.10032275229784271
13,11,24,0.2726010578744666
14,10,24,0.19545060144907245
13,11,24,NaN
17,7,24,0.6398933088723426
17,7,24,0.48255597564552355
17,7,24,0.023956801719336642
8,16,24,0.017706770045740786
16,8,24,0.4475557477195245
16,8,24,0.6625744220728917
10,14,24,0.6246386886621017
5,19,24,NaN
14,10,24,NaN
12,12,24,0.2602575087104858
10,14,24,0.13695747655435897
16,8,24,NaN
13,11,24,0.016348628781498856
14,10,24,0.4083260779524128
15,9,24,0.631220773570296
17,7,24,0.8006586145440605
16,8,24,8.755656167338215e-5
15,9,24,0.00875022947494579
16,8,24,0.18348414923983342
16,8,24,0.4391299764063268
21,3,24,0.14488438965112516
11,13,24,0.24253905388522046
9,15,24,0.48872570097910245
18,6,24,0.9001259164326818
13,11,24,0.21185071034975703
18,6,24,6.206130491767881e-9
12,12,24,NaN
19,5,24,0.516884059263346
16,8,24,NaN
17,7,24,0.6642312565869914
7,17,24,0.5427791979508634
14,10,24,0.7810055657748826
17,7,24,NaN
13,11,24,0.004747223724607023
6,18,24,0.0011615115724349838
1,23,24,0.32147936976428176
8,16,24,0.469883223005602
20,4,24,0.0032049632972005176
10,14,24,NaN
16,8,24,0.5022467846173346
11,13,24,0.8237080657963236
11,13,24,0.24290906152647984
7,17,24,NaN
10,14,24,0.11735031057960332
3,21,24,NaN
15,9,24,0.016656938369781698
12,12,24,0.8652322931034484
1,23,24,NaN
14,10,24,0.9001259164326818
3,21,24,0.631220773570296
2,22,24,NaN
2,22,24,NaN
1,23,24,NaN
1,23,24,0.17613340183184342
1,23,24,0.31538291069709495
2,22,24,0.8534498474466616
1,23,24,NaN
1,23,24,0.15938727449707998
1,23,24,0.7092033041123709
1,23,24,0.05541507214900972
1,23,24,0.1543705926232434
1,23,24,NaN
0,24,24,NaN
0,24,24,0.6404304301418613
0,24,24,NaN
0,24,24,0.5467773082976426
0,24,24,0.14782729316283444
0,24,24,0.36890494794377576
0,24,24,NaN
0,24,24,NaN
21,2,23,NaN
15,8,23,NaN
16,7,23,0.018693199610265703
17,6,23,0.28198518342541146
8,15,23,0.5980706923543535
20,3,23,0.7092033041123709
17,6,23,0.3557510427918548
18,5,23,0.005051505714392796
16,7,23,0.18974286809707977
17,6,23,0.9419679076084889
18,5,23,0.5417209770628222
11,12,23,0.11649558320498266
13,10,23,0.0004444071281957071
16,7,23,0.631220773570296
17,6,23,0.3557510427918548
14,9,23,NaN
13,10,23,8.888072177189527e-14
13,10,23,0.6280503607842823
16,7,23,0.7880657151580222
18,5,23,NaN
17,6,23,0.47667410187372133
13,10,23,0.14686616506567476
17,6,23,0.31538291069709495
13,10,23,0.5865196674031864
13,10,23,0.6451209947022905
16,7,23,0.18348414923983342
20,3,23,0.000142809223081578
16,7,23,0.4687423566214028
17,6,23,0.9335053885363508
12,11,23,0.25526182399096786
18,5,23,0.21863934484826494
11,12,23,0.9761349560729679
19,4,23,0.0976655275593652
16,7,23,0.3557510427918548
18,5,23,0.00018959231602442964
19,4,23,0.39477799915730327
11,12,23,0.03565476023942827
15,8,23,0.2687988404175689
15,8,23,NaN
8,15,23,NaN
16,7,23,0.46950759901424466
16,7,23,0.0011479411764696121
2,21,23,NaN
15,8,23,NaN
16,7,23,0.3947703845058822
15,8,23,0.13695747655435897
22,1,23,0.164811978123913
17,6,23,0.053556438906752275
15,8,23,0.3421936971495778
20,3,23,NaN
17,6,23,NaN
12,11,23,0.3557510427918548
13,10,23,0.9137791798943785
14,9,23,0.31538291069709495
17,6,23,0.09614679210133825
16,7,23,0.7049731262098982
18,5,23,0.7989607585653024
12,11,23,0.6756628524008039
16,7,23,0.7092033041123709
19,4,23,0.8237080657963236
14,9,23,0.7234577439877888
16,7,23,0.9487620259243472
18,5,23,0.9413184030454088
17,6,23,0.680247394637521
18,5,23,3.302174687945675e-12
15,8,23,0.49282720706867394
11,12,23,0.1572162322112488
13,10,23,NaN
21,2,23,0.019796251803769704
20,3,23,NaN
13,10,23,0.164811978123913
16,7,23,0.2809578211923491
13,10,23,0.42817771993652337
16,7,23,0.8593232686297433
13,10,23,0.4853956854253228
18,5,23,0.8237080657963236
16,7,23,0.5417209770628222
17,6,23,0.07361819104140599
11,12,23,0.019796251803769704
17,6,23,0.09961610389254587
18,5,23,NaN
13,10,23,0.17428266896213712
19,4,23,3.7009929499711226e-5
16,7,23,2.87907030791639e-9
14,9,23,0.013828749779266434
16,7,23,0.5865196674031864
15,8,23,NaN
18,5,23,0.48503543797308796
16,7,23,0.978442199687822
17,6,23,NaN
9,14,23,NaN
11,12,23,0.07061652602984506
18,5,23,0.3293195825643029
14,9,23,5.4606566782717336e-5
11,12,23,0.03831329598506057
17,6,23,0.08202422611020742
12,11,23,0.09371442244378198
20,3,23,0.7092033041123709
13,10,23,NaN
21,2,23,0.9734582797051468
16,7,23,NaN
13,10,23,NaN
18,5,23,0.4475557477195245
15,8,23,0.3005545522921389
22,1,23,0.7092033041123709
17,6,23,0.006080744009909745
14,9,23,0.014190052299053233
12,11,23,0.06698949437315112
20,3,23,0.11034610818080706
16,7,23,NaN
16,7,23,0.49543559874771725
17,6,23,0.02051283935901738
16,7,23,0.8207482473000494
14,9,23,NaN
13,10,23,4.3621853064628715e-6
20,3,23,0.9663500458367166
20,3,23,0.5184831707826005
17,6,23,0.1002984393082681
20,3,23,0.7092033041123709
14,9,23,0.8631749652158011
19,4,23,0.08536037901126424
19,4,23,0.5342416809366378
14,9,23,0.4251523004678984
17,6,23,0.055066678350401486
14,9,23,0.014517037028916158
16,7,23,NaN
13,10,23,0.04099133246999384
13,10,23,0.10338363981914536
19,4,23,0.631220773570296
17,6,23,0.8668482726244618
13,10,23,0.17963693709456505
18,5,23,0.4475557477195245
13,10,23,NaN
14,9,23,0.13389996486799752
18,5,23,0.17317236308364786
13,10,23,0.31538291069709495
15,8,23,NaN
16,7,23,0.164811978123913
10,13,23,NaN
17,6,23,0.15585207664977546
14,9,23,0.9875668401055966
21,2,23,0.08612589160650815
17,6,23,0.06116338872826856
19,4,23,0.050881681038483076
15,8,23,0.019796251803769704
9,14,23,NaN
15,8,23,0.05984255017612892
16,7,23,0.25452450060978044
16,7,23,0.8017070843095779
15,8,23,0.07617402717177173
14,9,23,0.022913626963412974
15,8,23,NaN
19,4,23,NaN
13,10,23,NaN
16,7,23,NaN
17,6,23,0.5417209770628222
12,11,23,0.007985775909230816
17,6,23,0.7423423413009405
15,8,23,NaN
15,8,23,0.8058672391509962
17,6,23,0.008483527841055513
15,8,23,0.0448687209690712
13,10,23,0.40354376925056873
18,5,23,NaN
16,7,23,0.7083558699332148
17,6,23,0.1570944636794171
14,9,23,0.0029223872433801128
16,7,23,0.3557510427918548
17,6,23,0.0025709660283289135
14,9,23,NaN
17,6,23,0.22930495172208504
14,9,23,NaN
19,4,23,0.18535878422435836
17,6,23,2.0272589090197726e-5
18,5,23,0.001970165670904516
16,7,23,0.06631322010716954
5,18,23,0.0036937217530900383
20,3,23,0.9024871747604102
13,10,23,0.5417209770628222
15,8,23,0.43351180668159195
17,6,23,0.16831655489357394
14,9,23,0.0002012163781015551
15,8,23,0.6310264330936863
18,5,23,NaN
16,7,23,0.631220773570296
15,8,23,0.5146763735289283
15,8,23,0.04294431529936606
14,9,23,NaN
19,4,23,NaN
5,18,23,0.29624402127409494
14,9,23,9.213280628375205e-5
15,8,23,0.032853775051729074
16,7,23,4.025853230889044e-6
14,9,23,0.5865196674031864
18,5,23,0.6163604147416746
11,12,23,NaN
10,13,23,0.8682626472685974
13,10,23,0.06529835467430033
16,7,23,0.9733084005106692
14,9,23,0.004668924113452886
11,12,23,0.0010281458966575634
16,7,23,0.9272124484159221
18,5,23,0.9915071376360706
14,9,23,0.8652322931034484
13,10,23,0.8006696868167401
14,9,23,0.4011103777394731
18,5,23,0.02787455723542097
12,11,23,8.249459717145797e-5
19,4,23,0.5973548848118725
15,8,23,0.461000691600806
18,5,23,0.00154327323529028
15,8,23,0.41537645198799034
14,9,23,0.092605360907327
9,14,23,0.0038828024778285214
15,8,23,0.5995640168178759
14,9,23,0.7092033041123709
14,9,23,0.10408084940692948
20,3,23,0.4475557477195245
10,13,23,0.8827570506600473
17,6,23,0.8498838850800257
12,11,23,0.01961579741829095
13,10,23,0.6179698001551034
2,21,23,NaN
15,8,23,0.9851120546352774
10,13,23,0.5865196674031864
20,3,23,0.7086978336831354
1,22,23,0.029994133655293385
13,10,23,0.20426372150078137
12,11,23,0.18348414923983342
20,3,23,0.7995995405907182
17,6,23,0.4475557477195245
18,5,23,0.7092033041123709
15,8,23,NaN
17,6,23,0.21898357023417914
14,9,23,0.026545344002356825
10,13,23,0.2628590765829512
14,9,23,0.9916966421839661
7,16,23,NaN
19,4,23,0.5956927027963296
14,9,23,0.001762345154987734
2,21,23,0.016656938369781698
16,7,23,0.04616330286543093
14,9,23,0.03743375752191524
12,11,23,0.013222617462494658
14,9,23,7.6099233893309025e-6
16,7,23,NaN
18,5,23,NaN
14,9,23,0.27509883414701586
20,3,23,0.024884530121443895
16,7,23,0.24599667669506453
14,9,23,0.584035288408222
15,8,23,0.5237310479321983
14,9,23,0.31538291069709495
18,5,23,0.23847508150357044
13,10,23,0.8827570506600473
15,8,23,0.37180837693062735
10,13,23,NaN
17,6,23,0.9506041435599005
2,21,23,0.2783692877527476
16,7,23,0.00023720623288192794
11,12,23,0.7126262447552281
14,9,23,0.10032275229784271
19,4,23,0.1543705926232434
18,5,23,0.5865196674031864
14,9,23,0.004216635031200235
13,10,23,0.4011103777394731
14,9,23,0.5865196674031864
11,12,23,0.7423423413009405
13,10,23,0.21185071034975703
1,22,23,0.10516558768157017
10,13,23,0.18348414923983342
17,6,23,0.0651005973923332
8,15,23,0.4167907896762024
16,7,23,0.026703654505128724
10,13,23,0.1777509470132225
9,14,23,0.22113973453181338
19,4,23,0.5179313989334253
10,13,23,0.24290906152647984
18,5,23,0.24443865594187517
12,11,23,0.6121209784968292
12,11,23,0.6341923028368341
16,7,23,0.02787455723542097
19,4,23,0.017193270813981216
13,10,23,0.019796251803769704
17,6,23,0.07141183824096121
11,12,23,0.45720444495051765
16,7,23,0.8237080657963236
17,6,23,0.9789190809366978
14,9,23,0.3557510427918548
19,4,23,0.0006809828322080366
10,13,23,0.574393445619842
16,7,23,0.23825504041109222
18,5,23,0.03437174100009063
2,21,23,0.865856228509367
12,11,23,NaN
19,4,23,0.4155618969404342
15,8,23,NaN
14,9,23,0.9720167565207319
3,20,23,NaN
8,15,23,0.16116243533407207
12,11,23,NaN
13,10,23,0.08872154182163604
17,6,23,0.8457035060661934
16,7,23,0.9590286414731528
4,19,23,0.9789190809366978
6,17,23,NaN
14,9,23,0.00026014611702713456
15,8,23,0.48452358060324585
16,7,23,0.0005875119213268567
14,9,23,0.45805527428356735
11,12,23,0.5058433250670984
11,12,23,0.05080652708072705
4,19,23,NaN
1,22,23,NaN
1,22,23,0.31538291069709495
3,20,23,NaN
2,21,23,0.3328591195597807
4,19,23,0.20470396966562446
1,22,23,0.44852327333044206
3,20,23,NaN
3,20,23,NaN
1,22,23,0.6509669671522845
4,19,23,NaN
1,22,23,NaN
0,23,23,NaN
0,23,23,NaN
0,23,23,0.061395323088430424
0,23,23,NaN
0,23,23,0.003918460758255199
0,23,23,NaN
19,3,22,0.7423423413009405
14,8,22,0.18764169942850176
18,4,22,0.7009519257252748
14,8,22,0.8237080657963236
16,6,22,8.292844769736566e-6
11,11,22,0.721305052094363
10,12,22,0.631220773570296
13,9,22,0.6050455127380013
12,10,22,3.1674049372443e-6
13,9,22,0.15938727449707998
8,14,22,NaN
18,4,22,0.6717661875924231
18,4,22,0.6061009676035822
15,7,22,NaN
17,5,22,0.00010659511688601013
15,7,22,0.8097538069915289
13,9,22,0.8724502513467272
13,9,22,0.7289922275185073
18,4,22,0.9771803614511406
16,6,22,0.07410943283789428
14,8,22,0.06689475061747586
18,4,22,0.3892404650973566
21,1,22,0.00025459882583054385
19,3,22,0.008625996927239483
14,8,22,0.8277323150719882
15,7,22,0.9272124484159221
21,1,22,0.977866639122646
10,12,22,0.0016300138586186467
16,6,22,0.08612589160650815
10,12,22,0.7126262447552281
16,6,22,0.7433590367901758
10,12,22,NaN
12,10,22,NaN
16,6,22,NaN
19,3,22,1.3002887210845188e-6
11,11,22,0.10682186956778957
12,10,22,0.7726517314264018
12,10,22,0.38267710447419945
15,7,22,NaN
21,1,22,0.6929646997775474
22,0,22,7.271958372774132e-5
17,5,22,0.44759481517867167
6,16,22,0.13684525122146476
14,8,22,NaN
15,7,22,0.00036006923564475287
12,10,22,0.5865196674031864
15,7,22,0.7423423413009405
16,6,22,0.5421724468728878
19,3,22,0.9272124484159221
15,7,22,0.7020667265426076
16,6,22,0.034445440401667075
15,7,22,0.8450772854630715
13,9,22,0.7680372377237703
16,6,22,0.6717661875924231
16,6,22,0.10032275229784271
15,7,22,0.8237080657963236
13,9,22,8.292844769736566e-6
12,10,22,0.8450772854630715
17,5,22,0.0004025595839821928
18,4,22,0.6873960504628803
12,10,22,0.12421410563740573
19,3,22,0.030758156819904358
4,18,22,0.0045563316609955355
20,2,22,0.2582003119804871
17,5,22,0.7813288437269534
8,14,22,0.4042826924346777
18,4,22,0.07366646274388336
21,1,22,0.6637116892968088
19,3,22,9.521880271340115e-15
18,4,22,0.11037879010400867
16,6,22,0.3326606931864319
18,4,22,0.03975760991940206
21,1,22,0.12023138101965236
15,7,22,0.02787455723542097
7,15,22,NaN
8,14,22,0.94918444063969
16,6,22,NaN
18,4,22,0.24926728379849872
16,6,22,NaN
18,4,22,0.2194971401743725
19,3,22,0.0006053438294024726
19,3,22,0.003338139358668757
15,7,22,0.9733084005106692
19,3,22,0.08612589160650815
8,14,22,0.7726517314264018
13,9,22,0.2498028159469753
17,5,22,0.0630282359819421
14,8,22,0.15938727449707998
18,4,22,0.9493033010224405
15,7,22,0.09141611118060693
17,5,22,0.7423423413009405
12,10,22,0.8144116792174304
13,9,22,0.16908946738814468
16,6,22,0.6553008059692593
14,8,22,0.22061921544044888
17,5,22,0.5306047990961357
15,7,22,0.5865196674031864
11,11,22,0.9733084005106692
10,12,22,0.0630282359819421
17,5,22,0.8726896842167768
18,4,22,0.3557510427918548
13,9,22,NaN
17,5,22,0.21793114523149193
14,8,22,0.5183374556419776
20,2,22,NaN
18,4,22,0.6298643306486021
9,13,22,0.00785446538760792
13,9,22,0.004243052065979369
4,18,22,0.5132038468878461
6,16,22,0.9590286414731528
11,11,22,0.06344321248129287
17,5,22,0.04531425270758149
13,9,22,NaN
15,7,22,1.6561879862708044e-6
16,6,22,NaN
16,6,22,0.9656520955646861
14,8,22,0.023178553387368964
20,2,22,0.9137791798943785
11,11,22,0.8163484745222231
15,7,22,NaN
16,6,22,0.07063538688252881
22,0,22,0.8006696868167401
16,6,22,0.024859789864021712
13,9,22,0.5245768098634301
13,9,22,0.49543559874771725
14,8,22,0.04531425270758149
15,7,22,NaN
17,5,22,0.9272124484159221
9,13,22,0.6991822217596446
9,13,22,0.8450772854630715
17,5,22,0.8652322931034484
15,7,22,0.053556438906752275
17,5,22,0.8107122194429578
7,15,22,0.5737458270684518
13,9,22,0.8679189613997627
17,5,22,0.5928139888683857
19,3,22,0.010398372930045804
16,6,22,0.4078895741662584
17,5,22,0.99874973208563
14,8,22,NaN
17,5,22,0.022820123320596148
17,5,22,0.03928238127549429
16,6,22,0.5444090534432182
18,4,22,0.3557510427918548
13,9,22,0.32791884898045237
20,2,22,0.030543592801992158
19,3,22,5.395286284399178e-9
15,7,22,0.7247091139775156
15,7,22,0.019613159759288026
14,8,22,0.08612589160650815
19,3,22,0.21185071034975703
18,4,22,0.4011103777394731
17,5,22,0.38951883007049515
16,6,22,6.62572508164222e-9
19,3,22,0.0011529476287738855
19,3,22,0.6447359026752176
18,4,22,0.056291007443555294
15,7,22,NaN
19,3,22,NaN
5,17,22,0.03948585607047888
14,8,22,0.9137791798943785
18,4,22,0.8006696868167401
17,5,22,0.0012110791425678545
13,9,22,0.09662700370598776
18,4,22,0.02787455723542097
15,7,22,NaN
19,3,22,0.1600752750706305
15,7,22,0.9434628931340474
11,11,22,0.4475557477195245
20,2,22,0.2081413117408969
22,0,22,0.2783692877527476
15,7,22,0.4011103777394731
17,5,22,0.02266803818268793
16,6,22,NaN
3,19,22,NaN
3,19,22,0.2861650017693036
14,8,22,0.004362142143510733
15,7,22,0.5873343360492017
9,13,22,NaN
19,3,22,0.2821285268260289
13,9,22,NaN
8,14,22,0.7433590367901758
15,7,22,0.6859262483740662
11,11,22,0.10851478067009789
15,7,22,0.053556438906752275
12,10,22,0.8237080657963236
17,5,22,0.011776614941597518
15,7,22,0.5962064555477005
17,5,22,0.0033950846818790806
14,8,22,0.5458017815032892
18,4,22,0.8199546651505266
11,11,22,0.8349834653481085
17,5,22,0.8827570506600473
15,7,22,0.045030162390404346
14,8,22,0.7241175229419707
15,7,22,0.02812277734243624
16,6,22,0.3416002845449394
14,8,22,NaN
12,10,22,0.0016887152317888118
15,7,22,0.03737794199112043
16,6,22,0.631220773570296
19,3,22,0.7726517314264018
16,6,22,0.9045471222061193
8,14,22,0.38951883007049515
20,2,22,0.631220773570296
16,6,22,0.3107807888291997
13,9,22,0.8958762517401009
15,7,22,0.8235818817277774
18,4,22,0.5491201482434064
15,7,22,NaN
15,7,22,0.053556438906752275
15,7,22,0.631220773570296
15,7,22,0.8943666956096173
15,7,22,0.28627864096183453
17,5,22,1.9816496879297725e-5
9,13,22,0.07770787174543889
13,9,22,0.49543559874771725
14,8,22,NaN
16,6,22,NaN
17,5,22,0.29088617872745093
17,5,22,NaN
17,5,22,0.3557510427918548
17,5,22,0.6613498832063907
19,3,22,0.0014869301173922925
16,6,22,0.8182324074312353
14,8,22,NaN
15,7,22,NaN
15,7,22,0.6388568657065827
15,7,22,NaN
14,8,22,0.16062133869586234
16,6,22,0.011776614941597518
12,10,22,0.6330075671238989
15,7,22,0.9789190809366978
10,12,22,0.6717661875924231
14,8,22,0.9272124484159221
22,0,22,0.04531425270758149
15,7,22,0.08612589160650815
15,7,22,0.5417209770628222
17,5,22,0.006213043085494918
14,8,22,0.12688024798398223
21,1,22,0.0508367952295697
10,12,22,NaN
17,5,22,0.2954562226479242
12,10,22,NaN
13,9,22,0.043041730050524175
16,6,22,0.33430800744614414
14,8,22,0.18348414923983342
17,5,22,0.7487504388879329
14,8,22,0.3557510427918548
16,6,22,0.18348414923983342
7,15,22,0.023526326196296094
18,4,22,0.4155618969404342
14,8,22,0.9949194425238619
18,4,22,0.8939285899968692
14,8,22,0.48762226963993255
1,21,22,NaN
14,8,22,0.31538291069709495
15,7,22,0.5417209770628222
10,12,22,NaN
18,4,22,0.8268606980980939
13,9,22,0.8416968816058027
13,9,22,0.33661891113404097
11,11,22,8.821486863570372e-8
8,14,22,0.13833345776724826
14,8,22,NaN
2,20,22,NaN
15,7,22,NaN
10,12,22,NaN
19,3,22,0.3892404650973566
9,13,22,NaN
14,8,22,0.013084799538945395
6,16,22,0.49003698146623453
13,9,22,0.04022393954678006
20,2,22,0.007349342594627595
14,8,22,0.9827149868467517
14,8,22,0.3901201530147684
11,11,22,0.021293180264382087
16,6,22,NaN
12,10,22,0.943593748623269
12,10,22,0.4155618969404342
18,4,22,0.6756628524008039
13,9,22,0.3152338549253074
15,7,22,0.31362675463727235
12,10,22,NaN
12,10,22,0.7274702803948706
18,4,22,0.12535701036362762
15,7,22,0.8237080657963236
14,8,22,0.02698596970014843
14,8,22,0.031334283615135884
14,8,22,NaN
15,7,22,1.4894955190672087e-9
16,6,22,0.0004943410012715918
12,10,22,0.006085403921441703
12,10,22,0.8450076985640461
16,6,22,6.69464768620218e-7
17,5,22,0.631220773570296
14,8,22,0.545442080694089
11,11,22,NaN
16,6,22,0.631220773570296
16,6,22,NaN
13,9,22,0.9137791798943785
10,12,22,NaN
13,9,22,0.04644995057811566
11,11,22,NaN
15,7,22,0.011344078488777672
10,12,22,0.7726517314264018
8,14,22,0.08393888398961358
9,13,22,NaN
5,17,22,0.3592088183055866
15,7,22,0.0047003493073026585
12,10,22,NaN
2,20,22,NaN
14,8,22,NaN
12,10,22,0.09772078985910256
12,10,22,0.11735031057960332
19,3,22,0.10383967051089961
8,14,22,0.006378009096766513
13,9,22,0.9788436170889943
10,12,22,0.2758261232323316
17,5,22,0.18348414923983342
20,2,22,0.24290906152647984
12,10,22,NaN
19,3,22,0.6018962792846809
10,12,22,0.0706497928444649
19,3,22,0.3557510427918548
17,5,22,0.013084799538945395
14,8,22,0.12628445682482306
14,8,22,0.7726517314264018
9,13,22,NaN
16,6,22,0.03138546974157419
10,12,22,NaN
10,12,22,0.6404304301418613
13,9,22,0.7726517314264018
3,19,22,NaN
17,5,22,0.2169281307154129
10,12,22,0.9583290119876946
1,21,22,NaN
11,11,22,0.16895341072068712
13,9,22,0.005718331856902798
15,7,22,0.12248216031685737
20,2,22,0.0033383837087271394
18,4,22,0.13695747655435897
13,9,22,0.47392407785921564
16,6,22,0.01631725830624874
12,10,22,0.4475557477195245
19,3,22,0.008284202716276763
15,7,22,0.5865196674031864
12,10,22,0.9001259164326818
1,21,22,NaN
15,7,22,0.4810476269387019
8,14,22,0.058886694318446495
13,9,22,NaN
12,10,22,NaN
1,21,22,NaN
1,21,22,NaN
6,16,22,0.8237080657963236
7,15,22,0.0016782639343282905
12,10,22,0.6748606866912952
13,9,22,0.5865196674031864
21,1,22,0.5055270925871973
3,19,22,0.6951719262469391
8,14,22,0.5273597162781419
12,10,22,0.023956801719336642
2,20,22,NaN
2,20,22,NaN
14,8,22,NaN
13,9,22,NaN
12,10,22,0.00025876653966566617
4,18,22,NaN
12,10,22,1.0758023180882018e-8
9,13,22,0.5092929910538954
5,17,22,0.8006696868167401
9,13,22,0.001280918664354061
8,14,22,0.7215484688254454
1,21,22,0.7218788617391761
17,5,22,0.7001762351845621
14,8,22,0.10044402115211862
2,20,22,NaN
11,11,22,0.3280664359009247
1,21,22,0.6717661875924231
2,20,22,NaN
2,20,22,NaN
3,19,22,NaN
2,20,22,NaN
2,20,22,0.25412845315387
3,19,22,NaN
2,20,22,0.10032275229784271
2,20,22,0.7423423413009405
1,21,22,0.8368750426432148
3,19,22,0.1492411143505795
3,19,22,NaN
3,19,22,0.08456715265736392
1,21,22,0.23151896739207267
1,21,22,NaN
2,20,22,0.5865196674031864
2,20,22,NaN
1,21,22,0.7125497954121649
0,22,22,NaN
0,22,22,NaN
0,22,22,NaN
0,22,22,NaN
0,22,22,0.2623491423724927
0,22,22,NaN
0,22,22,NaN
0,22,22,NaN
0,22,22,0.06506149079625212
0,22,22,0.006440230230331722
0,22,22,NaN
12,9,21,NaN
16,5,21,0.032853775051729074
15,6,21,7.016872673290442e-6
21,0,21,0.7935477201410412
12,9,21,0.703988719890633
17,4,21,0.9656210057350096
18,3,21,0.8450772854630715
12,9,21,0.7871413627523873
20,1,21,0.8450772854630715
15,6,21,0.6717661875924231
17,4,21,0.9972335909854124
17,4,21,0.08612589160650815
18,3,21,0.3557510427918548
19,2,21,0.6110730389719682
11,10,21,0.9234063351792013
10,11,21,0.7448658102169055
7,14,21,0.8076511550142321
14,7,21,0.4011103777394731
18,3,21,0.7722756456000196
18,3,21,0.9394569650180941
13,8,21,0.0630282359819421
18,3,21,0.49543559874771725
8,13,21,0.31343270544216345
18,3,21,0.631220773570296
14,7,21,0.5407509450331557
14,7,21,0.5714671582255558
11,10,21,0.11055026276763365
18,3,21,0.5142466969961698
17,4,21,1.3373949702402485e-6
20,1,21,0.0008949479627873683
12,9,21,0.07361819104140599
3,18,21,0.10635132126777072
5,16,21,NaN
17,4,21,0.08606570126690044
13,8,21,0.37512218891154603
18,3,21,1.016054112474246e-6
15,6,21,0.49543559874771725
15,6,21,0.8006696868167401
17,4,21,0.3533131321146919
9,12,21,0.8652322931034484
13,8,21,0.8652322931034484
12,9,21,0.8237080657963236
12,9,21,0.2891119914176707
13,8,21,0.546152762799012
14,7,21,NaN
12,9,21,0.18629101364361106
12,9,21,0.04531425270758149
19,2,21,0.5586002844217333
14,7,21,0.2783692877527476
19,2,21,NaN
18,3,21,0.07644055172455297
12,9,21,NaN
17,4,21,0.6717661875924231
11,10,21,0.10032275229784271
16,5,21,0.03981129568639525
11,10,21,NaN
19,2,21,0.9706648603567007
19,2,21,0.8245364061831029
16,5,21,0.6630424198504549
16,5,21,0.01384068834559692
19,2,21,0.15938727449707998
18,3,21,0.027580078432735786
14,7,21,NaN
18,3,21,0.0007276112865761335
9,12,21,0.04968817017742954
14,7,21,NaN
10,11,21,NaN
12,9,21,0.5125296110325024
16,5,21,0.3311999571664158
21,0,21,0.5417209770628222
17,4,21,0.6127253479327994
14,7,21,NaN
17,4,21,0.8444913149106154
17,4,21,0.6138336586740073
16,5,21,0.21793114523149193
15,6,21,0.023437746643316073
13,8,21,0.016656938369781698
7,14,21,NaN
10,11,21,NaN
20,1,21,0.3056124195272505
11,10,21,0.032853775051729074
2,19,21,NaN
18,3,21,NaN
14,7,21,0.0004960446992148233
14,7,21,NaN
13,8,21,0.5483891686709623
17,4,21,0.10032275229784271
15,6,21,0.6717661875924231
10,11,21,0.9137791798943785
11,10,21,0.49543559874771725
16,5,21,0.15938727449707998
16,5,21,0.546152762799012
18,3,21,0.08612589160650815
14,7,21,0.938680148905558
18,3,21,3.720348239088116e-7
19,2,21,0.7935477201410412
13,8,21,0.546152762799012
10,11,21,NaN
18,3,21,0.8450772854630715
12,9,21,0.03831329598506057
18,3,21,0.8207409537938686
16,5,21,0.011103730728133194
16,5,21,0.2620774123351386
18,3,21,NaN
16,5,21,0.49072630865647615
10,11,21,0.0015506799637766114
13,8,21,0.5672146307738417
14,7,21,NaN
11,10,21,0.9590286414731528
15,6,21,0.7092033041123709
11,10,21,0.01304939818860862
12,9,21,NaN
12,9,21,0.9326657668111178
21,0,21,0.5865196674031864
15,6,21,0.2783692877527476
16,5,21,0.053556438906752275
8,13,21,0.04661481945225271
14,7,21,0.7881740258597342
18,3,21,NaN
14,7,21,0.10115653779685398
14,7,21,0.21490710616703504
17,4,21,0.5580957897581768
16,5,21,0.9493033010224405
14,7,21,NaN
14,7,21,0.011335119107957231
20,1,21,0.4011103777394731
16,5,21,0.03831329598506057
19,2,21,0.21185071034975703
15,6,21,0.1877378639343151
15,6,21,0.49543559874771725
15,6,21,0.6854949335682062
2,19,21,NaN
16,5,21,NaN
14,7,21,0.18688279820425305
13,8,21,0.006889240629529164
12,9,21,0.7488139992234626
15,6,21,0.6773634123873858
18,3,21,0.8369666580265805
15,6,21,0.631220773570296
12,9,21,NaN
15,6,21,NaN
11,10,21,0.2783692877527476
9,12,21,NaN
17,4,21,6.424432717291708e-5
14,7,21,0.08612589160650815
16,5,21,0.8237080657963236
14,7,21,NaN
15,6,21,0.8652322931034484
18,3,21,0.9137791798943785
16,5,21,0.48204111732802224
14,7,21,0.3731258514902117
8,13,21,0.31538291069709495
14,7,21,0.10453965175886143
16,5,21,0.7128003214641632
6,15,21,0.9663500458367166
13,8,21,0.12121499006310611
14,7,21,0.027205474801926772
13,8,21,0.24278096737270338
12,9,21,0.8006696868167401
10,11,21,NaN
16,5,21,0.5951421835397155
12,9,21,NaN
16,5,21,0.04656252878030042
3,18,21,NaN
17,4,21,0.2783692877527476
15,6,21,0.7921036530766452
15,6,21,0.9381877614217844
9,12,21,0.9885707782763422
13,8,21,0.11884425865406503
13,8,21,NaN
9,12,21,0.6069661282373652
17,4,21,0.49543559874771725
12,9,21,0.4011103777394731
17,4,21,0.3901201530147684
13,8,21,0.002257707759705791
12,9,21,0.9001259164326818
10,11,21,NaN
10,11,21,0.9066315005635149
12,9,21,0.22623679943637534
12,9,21,0.2783692877527476
4,17,21,NaN
10,11,21,0.057495793370260555
17,4,21,0.7092033041123709
16,5,21,NaN
13,8,21,0.547004930098081
6,15,21,5.511155848190142e-6
16,5,21,0.49543559874771725
14,7,21,0.00021172007881940726
16,5,21,0.5417209770628222
12,9,21,0.6717661875924231
16,5,21,0.0007554588353192776
13,8,21,NaN
16,5,21,0.35611016970724096
10,11,21,0.3604472271944394
15,6,21,0.4759859066755086
14,7,21,3.131444749662808e-5
6,15,21,0.7423423413009405
15,6,21,0.007539506076939484
12,9,21,NaN
14,7,21,0.011316940086659559
15,6,21,0.23014087731609062
17,4,21,NaN
14,7,21,4.801484473261849e-18
20,1,21,0.6630424198504549
16,5,21,0.0025406714540789775
18,3,21,0.35344918042099605
6,15,21,0.631220773570296
11,10,21,0.02302622443306683
14,7,21,0.9335053885363508
11,10,21,NaN
8,13,21,NaN
17,4,21,0.4144013220549229
16,5,21,NaN
13,8,21,0.8006696868167401
17,4,21,0.26112339355829955
16,5,21,0.5162908125240897
13,8,21,NaN
10,11,21,0.34186718786598314
13,8,21,0.5773362437137952
14,7,21,NaN
12,9,21,0.8237080657963236
2,19,21,NaN
15,6,21,0.023437746643316073
15,6,21,0.29847576848684493
13,8,21,0.0332973281905862
20,1,21,0.10032275229784271
13,8,21,0.032853775051729074
19,2,21,0.549227487909286
15,6,21,0.4761152052977882
9,12,21,0.5901450920709365
11,10,21,0.7716423171976328
17,4,21,0.0034971407030428316
18,3,21,7.352203566510003e-6
14,7,21,0.28880032342905965
12,9,21,NaN
13,8,21,0.5852789441817412
10,11,21,0.09397132329894098
17,4,21,0.631220773570296
15,6,21,0.6664734261354299
14,7,21,1.5035787582003326e-10
13,8,21,0.6781996742678487
10,11,21,0.6084212194052022
14,7,21,0.05406684693149736
13,8,21,0.17614887713027638
17,4,21,0.7471045596579484
12,9,21,0.04531425270758149
8,13,21,NaN
17,4,21,0.0068014068311153635
14,7,21,0.23847193067026978
10,11,21,0.7657133353504112
15,6,21,0.9047853618061095
14,7,21,0.48416940683333404
15,6,21,0.0002839604248516666
18,3,21,NaN
13,8,21,0.8827570506600473
15,6,21,0.8827570506600473
21,0,21,NaN
15,6,21,0.31538291069709495
15,6,21,0.24797551069939797
10,11,21,0.15938727449707998
18,3,21,NaN
9,12,21,0.7423423413009405
13,8,21,0.8012183129642948
17,4,21,0.22318410518086912
2,19,21,0.23992083801101918
17,4,21,0.002828681928192363
10,11,21,NaN
16,5,21,0.24443865594187517
17,4,21,0.009565498026388572
14,7,21,0.9458765314529748
17,4,21,0.012738789400070435
13,8,21,0.8006696868167401
16,5,21,0.5672778376325323
14,7,21,0.07361819104140599
11,10,21,0.6789788960397155
19,2,21,0.10715651534468983
12,9,21,0.9663500458367166
15,6,21,0.21185071034975703
13,8,21,0.4155618969404342
17,4,21,0.023437746643316073
10,11,21,0.09109759119630627
15,6,21,0.16066521689647076
11,10,21,0.17724473782661634
15,6,21,0.12380687550868694
13,8,21,0.4475557477195245
14,7,21,NaN
14,7,21,0.22093247695220938
12,9,21,0.65074860603325
18,3,21,0.2783692877527476
16,5,21,0.17356972116971547
13,8,21,0.7251714625411476
11,10,21,NaN
11,10,21,0.0004223795801737172
13,8,21,NaN
14,7,21,0.3557510427918548
12,9,21,NaN
7,14,21,0.6717661875924231
18,3,21,0.5805292181177572
4,17,21,0.7807383405008899
12,9,21,0.27462000271387593
11,10,21,0.15938727449707998
15,6,21,0.4144725532144906
15,6,21,0.2942853441593782
12,9,21,NaN
20,1,21,0.7423423413009405
14,7,21,0.7423423413009405
13,8,21,0.026937170323880096
12,9,21,0.08123379932291548
18,3,21,0.176418458437615
15,6,21,NaN
10,11,21,0.8012183129642948
2,19,21,0.2783692877527476
7,14,21,0.18502451597031083
15,6,21,NaN
13,8,21,0.8827570506600473
18,3,21,0.18980979885307803
2,19,21,NaN
11,10,21,0.7676360355317033
17,4,21,NaN
15,6,21,0.3389189882778616
15,6,21,0.8237080657963236
12,9,21,0.13695747655435897
14,7,21,0.29781017441009056
16,5,21,NaN
17,4,21,6.219725217660478e-5
12,9,21,0.7222957705258365
14,7,21,0.1158358294874949
8,13,21,NaN
12,9,21,0.12149588864000452
19,2,21,0.877047195917595
9,12,21,0.003338139358668757
14,7,21,0.24290906152647984
14,7,21,0.6108139319017812
12,9,21,NaN
10,11,21,0.9399986960244388
11,10,21,NaN
13,8,21,0.0003337935247393891
15,6,21,0.9394569650180941
12,9,21,NaN
12,9,21,0.2783692877527476
16,5,21,NaN
14,7,21,0.00034386969510782385
16,5,21,0.393063486915458
11,10,21,0.31197939865625673
16,5,21,NaN
14,7,21,0.7726517314264018
18,3,21,0.5231605144894103
17,4,21,0.026869329613310768
16,5,21,NaN
13,8,21,NaN
16,5,21,0.04737237806624203
13,8,21,0.27680457273221615
7,14,21,0.5672040760812542
10,11,21,0.3293195825643029
14,7,21,0.4475557477195245
16,5,21,0.8768095693934921
9,12,21,0.0065595363960387594
15,6,21,0.31538291069709495
16,5,21,NaN
15,6,21,0.041203619612075186
14,7,21,NaN
5,16,21,0.016875370842201802
12,9,21,0.8450772854630715
2,19,21,0.24169430267058262
19,2,21,NaN
12,9,21,0.47054103550724696
13,8,21,0.7100259938404705
14,7,21,0.18348414923983342
11,10,21,0.08631983440021639
9,12,21,0.18348414923983342
1,20,21,NaN
11,10,21,0.9394569650180941
3,18,21,NaN
14,7,21,0.45142028081767227
12,9,21,0.7092033041123709
12,9,21,0.1111833221214585
9,12,21,0.21302187493506264
2,19,21,NaN
12,9,21,0.7222957705258365
17,4,21,0.11371180075331828
17,4,21,0.4146689370945025
11,10,21,0.9222047163123048
10,11,21,0.9493033010224405
14,7,21,0.008891624123104661
16,5,21,0.49543559874771725
15,6,21,0.10032275229784271
14,7,21,0.07718793064065221
2,19,21,0.5865196674031864
12,9,21,0.04434755788929772
15,6,21,0.8982278723473669
14,7,21,0.9795517510749
8,13,21,1.154137000756989e-9
8,13,21,NaN
8,13,21,NaN
1,20,21,NaN
7,14,21,0.8652322931034484
1,20,21,0.38951883007049515
16,5,21,0.22026789981902967
12,9,21,0.619427914833329
15,6,21,0.6980050982511994
2,19,21,0.9675184349741112
9,12,21,0.3462266618058824
2,19,21,NaN
12,9,21,0.1517833697291957
2,19,21,NaN
7,14,21,NaN
11,10,21,0.1613677973158224
16,5,21,0.026594646679114247
1,20,21,0.8827570506600473
8,13,21,NaN
2,19,21,0.6127253479327994
1,20,21,NaN
15,6,21,0.2944838748362317
3,18,21,NaN
1,20,21,NaN
3,18,21,0.3037710293837475
2,19,21,0.7174338552472634
1,20,21,NaN
1,20,21,0.4011103777394731
4,17,21,0.0001321472901693523
3,18,21,NaN
1,20,21,NaN
1,20,21,NaN
1,20,21,NaN
1,20,21,0.48445625470103143
1,20,21,0.21185071034975703
0,21,21,NaN
0,21,21,0.49543559874771725
0,21,21,NaN
0,21,21,0.771489151366922
0,21,21,NaN
0,21,21,NaN
0,21,21,NaN
0,21,21,0.4399770376498425
0,21,21,NaN
0,21,21,NaN
0,21,21,NaN
14,6,20,0.1719172430232131
17,3,20,0.8652322931034484
13,7,20,0.0630282359819421
17,3,20,0.054350572964380194
16,4,20,0.06122682666080874
18,2,20,NaN
18,2,20,0.2714976848618461
15,5,20,0.08612589160650815
18,2,20,0.9146494145131927
12,8,20,0.02068758549716735
1,19,20,0.7423423413009405
15,5,20,0.003489109021663788
15,5,20,0.08612589160650815
11,9,20,0.011587971195643974
12,8,20,0.8006696868167401
17,3,20,0.0002140857592693361
16,4,20,0.15986494893651448
1,19,20,0.08119594568483599
13,7,20,0.3557510427918548
12,8,20,0.6163604147416746
11,9,20,0.21185071034975703
18,2,20,NaN
2,18,20,NaN
15,5,20,0.9967064296940408
15,5,20,0.5960509201675027
14,6,20,NaN
14,6,20,7.616696381557032e-5
15,5,20,0.8567150145957111
15,5,20,0.39272250932361635
11,9,20,0.512243110288771
11,9,20,0.5417209770628222
14,6,20,NaN
12,8,20,0.4011103777394731
15,5,20,0.8652322931034484
11,9,20,0.29209596320638387
18,2,20,0.2783692877527476
15,5,20,0.4230185199471978
14,6,20,0.4155618969404342
19,1,20,0.0004931993107402023
15,5,20,9.991627378454411e-8
16,4,20,0.08264462944251018
13,7,20,0.23388415016081887
14,6,20,0.018760419928314228
12,8,20,0.07322870758285653
13,7,20,0.8827570506600473
9,11,20,NaN
13,7,20,0.01384068834559692
15,5,20,NaN
12,8,20,0.49543559874771725
14,6,20,0.0026113543291368274
14,6,20,0.032853775051729074
17,3,20,NaN
13,7,20,0.49543559874771725
14,6,20,NaN
13,7,20,0.01196453577679501
8,12,20,NaN
11,9,20,0.8450772854630715
12,8,20,0.5417209770628222
15,5,20,0.010791026333470219
9,11,20,0.0014699478935366608
15,5,20,0.0006220448988301415
7,13,20,0.0051653647514528205
15,5,20,0.22438215049849702
16,4,20,NaN
8,12,20,0.11223536531953436
14,6,20,0.49543559874771725
14,6,20,0.10032275229784271
15,5,20,0.24645339109248868
12,8,20,0.00011792824552213706
16,4,20,0.5417209770628222
13,7,20,0.4475557477195245
9,11,20,0.5296940138721878
9,11,20,0.3557510427918548
14,6,20,0.1841748992236659
18,2,20,0.4131496665660276
14,6,20,0.631220773570296
14,6,20,NaN
10,10,20,0.592817935602011
17,3,20,0.0011445409682617428
17,3,20,0.015534029709399278
17,3,20,4.514481660262352e-5
16,4,20,3.3945625627664962e-6
15,5,20,0.10453965175886143
16,4,20,NaN
18,2,20,NaN
11,9,20,0.13695747655435897
12,8,20,0.5417209770628222
17,3,20,0.23192393263519973
16,4,20,0.7092033041123709
14,6,20,0.9028799113244522
14,6,20,NaN
11,9,20,NaN
15,5,20,0.4011103777394731
11,9,20,NaN
12,8,20,0.14337609604894336
9,11,20,NaN
10,10,20,0.5672778376325323
18,2,20,0.0032344506104328807
18,2,20,NaN
13,7,20,NaN
16,4,20,NaN
2,18,20,NaN
17,3,20,NaN
13,7,20,0.12879178272381392
12,8,20,0.8450772854630715
13,7,20,0.001348989686805422
11,9,20,0.13695747655435897
9,11,20,0.5356673432373547
13,7,20,0.5931330342968407
14,6,20,NaN
18,2,20,0.3463556629669106
19,1,20,0.7555106964698256
17,3,20,0.7423423413009405
17,3,20,0.08770464140382199
12,8,20,0.7811680378186527
16,4,20,NaN
14,6,20,0.011335119107957231
10,10,20,0.4294070201018153
16,4,20,0.001414533725090756
12,8,20,NaN
11,9,20,NaN
15,5,20,NaN
18,2,20,0.3569972014041579
12,8,20,NaN
16,4,20,0.0003337935247393891
18,2,20,0.05167696015170221
9,11,20,0.31538291069709495
11,9,20,0.4011103777394731
16,4,20,0.31538291069709495
13,7,20,0.007235422744578603
18,2,20,0.6865483700610584
16,4,20,0.11735031057960332
17,3,20,0.8006696868167401
10,10,20,NaN
13,7,20,0.019649466900605927
10,10,20,0.08612589160650815
12,8,20,NaN
18,2,20,0.19101133127478886
14,6,20,0.03057704418863936
13,7,20,3.713404987603395e-8
9,11,20,0.7092033041123709
13,7,20,0.031272864040791076
10,10,20,0.04531425270758149
15,5,20,0.631220773570296
16,4,20,0.40393800560466747
18,2,20,0.25584109979204045
12,8,20,6.706974596257981e-7
16,4,20,0.1639568474017704
13,7,20,0.8168519413310722
12,8,20,0.003404124220755101
18,2,20,0.02223467476871461
13,7,20,0.21068203747684747
13,7,20,0.08746984989625718
16,4,20,NaN
11,9,20,NaN
17,3,20,0.052150708867459074
13,7,20,0.4028355296875043
10,10,20,NaN
10,10,20,0.02168347881095848
2,18,20,NaN
11,9,20,NaN
10,10,20,NaN
16,4,20,NaN
15,5,20,0.006610946063294765
8,12,20,0.7234577439877888
15,5,20,0.7726517314264018
9,11,20,0.25313849987880516
12,8,20,0.003779355310924807
14,6,20,0.0003399587221542891
12,8,20,0.2307478702826715
15,5,20,0.5960509201675027
12,8,20,0.03738759444901054
19,1,20,0.735914938752462
11,9,20,0.2284619809648951
11,9,20,0.6828712660950057
15,5,20,0.011484738680564915
17,3,20,0.9102773952349874
12,8,20,0.7657133353504112
10,10,20,0.7092033041123709
12,8,20,0.24290906152647984
17,3,20,NaN
18,2,20,0.2783692877527476
3,17,20,0.799203870531818
8,12,20,0.26535930843991157
13,7,20,0.31630057602006284
15,5,20,0.2783692877527476
16,4,20,0.7726517314264018
10,10,20,0.5940785884460495
7,13,20,NaN
15,5,20,NaN
12,8,20,0.06620992211082212
12,8,20,0.5216986315511287
12,8,20,0.16469096755986407
13,7,20,0.014531490302004737
15,5,20,4.76138329471196e-10
12,8,20,0.6393212398911319
14,6,20,0.8461457664076273
18,2,20,0.019796251803769704
16,4,20,NaN
12,8,20,NaN
14,6,20,0.49543559874771725
15,5,20,NaN
13,7,20,0.5538853774129815
13,7,20,NaN
15,5,20,0.04131511620957335
8,12,20,0.18703052163166736
12,8,20,0.4011103777394731
12,8,20,0.4011103777394731
14,6,20,0.41471216893803126
16,4,20,0.17356972116971547
12,8,20,0.4030434880875082
15,5,20,NaN
16,4,20,NaN
9,11,20,0.017584964204824676
14,6,20,0.4011103777394731
13,7,20,0.01384068834559692
14,6,20,0.33084361639522336
16,4,20,0.15021370908375797
10,10,20,0.3196030266168201
3,17,20,NaN
17,3,20,0.5865196674031864
12,8,20,0.4419777679209008
11,9,20,0.9226076594218042
13,7,20,0.027369122200767777
18,2,20,0.8403638080895763
16,4,20,0.001829175152409893
13,7,20,0.4168511810123199
16,4,20,0.030758156819904358
9,11,20,0.4011103777394731
9,11,20,0.6440313713437769
14,6,20,NaN
6,14,20,0.1112793440018737
18,2,20,0.6225249227512032
12,8,20,0.49543559874771725
15,5,20,0.035885188414433736
13,7,20,9.193199254426094e-5
16,4,20,0.032853775051729074
10,10,20,0.0011479411764696121
13,7,20,0.020697978892814904
13,7,20,0.8416968816058027
17,3,20,NaN
15,5,20,0.6386796318110681
18,2,20,0.4155618969404342
9,11,20,0.34827049463031096
16,4,20,0.001965233991155726
10,10,20,NaN
12,8,20,0.002513732809412947
9,11,20,0.01846820338922968
20,0,20,NaN
9,11,20,0.23203928324269407
11,9,20,0.07157387981505785
10,10,20,0.7234577439877888
13,7,20,0.31538291069709495
16,4,20,0.1662529718489722
12,8,20,0.309169464280911
15,5,20,0.07673115139485111
13,7,20,0.9263616469895146
15,5,20,0.5434852093696828
15,5,20,0.630120712506584
17,3,20,0.02406170466903712
16,4,20,0.40731973414821104
13,7,20,NaN
9,11,20,0.039096668880711755
14,6,20,0.2827751265236789
12,8,20,3.0333444376155098e-5
14,6,20,0.7782272881137229
13,7,20,0.000244410198337026
16,4,20,0.5417745248380694
12,8,20,0.023305652763826117
9,11,20,0.7147460670357723
13,7,20,NaN
12,8,20,2.4354023361300555e-10
11,9,20,0.5684159837473552
15,5,20,0.49543559874771725
9,11,20,0.08123379932291548
18,2,20,NaN
9,11,20,0.008850199909458314
8,12,20,0.49543559874771725
14,6,20,0.24290906152647984
16,4,20,0.8237080657963236
15,5,20,0.8652322931034484
17,3,20,NaN
9,11,20,0.3511401866766142
13,7,20,0.4865423994814959
14,6,20,0.8827570506600473
12,8,20,0.048092334391092416
7,13,20,0.15938727449707998
14,6,20,NaN
12,8,20,5.223480118941207e-5
16,4,20,0.023512907518324227
12,8,20,0.8006696868167401
5,15,20,0.4475557477195245
16,4,20,0.4366450870568004
11,9,20,0.8237080657963236
11,9,20,NaN
9,11,20,NaN
14,6,20,0.04174824200640983
17,3,20,0.49543559874771725
10,10,20,0.8006696868167401
13,7,20,0.7712393121765642
19,1,20,1.6540710077578732e-7
13,7,20,0.24290906152647984
11,9,20,0.07361819104140599
13,7,20,0.16127734739144906
17,3,20,0.2455370881738518
13,7,20,0.9001259164326818
16,4,20,0.11448489346761681
12,8,20,0.4475557477195245
13,7,20,0.5417209770628222
12,8,20,0.0015506799637766114
14,6,20,0.80090823081668
17,3,20,0.1782184971215875
14,6,20,NaN
14,6,20,0.9705615494173081
16,4,20,0.5417209770628222
10,10,20,NaN
14,6,20,NaN
11,9,20,0.9077107024260409
15,5,20,0.0008603493240231581
12,8,20,0.012077656644220627
17,3,20,0.4850298862039621
11,9,20,0.2783692877527476
12,8,20,0.0024864446899898283
13,7,20,0.3660060154461592
18,2,20,0.8006696868167401
15,5,20,0.3557510427918548
15,5,20,NaN
12,8,20,0.7008889145275486
13,7,20,0.009325005405405363
13,7,20,0.04959794094474477
14,6,20,0.2935264682928308
15,5,20,0.14239958766513094
13,7,20,0.31538291069709495
8,12,20,0.2783692877527476
15,5,20,0.3226075740817705
13,7,20,0.07361819104140599
16,4,20,0.022561849475842197
18,2,20,0.9137791798943785
15,5,20,0.9034844744746767
4,16,20,NaN
4,16,20,0.3947703845058822
12,8,20,0.01680152402055645
14,6,20,0.10032275229784271
13,7,20,0.9762678204150561
13,7,20,0.23552307669141448
10,10,20,0.4475557477195245
15,5,20,0.7423423413009405
13,7,20,NaN
12,8,20,0.13074576858288242
15,5,20,0.6103096311717083
8,12,20,NaN
15,5,20,0.06155988763420283
13,7,20,NaN
8,12,20,NaN
11,9,20,0.6555547376303318
12,8,20,0.2055380125780997
14,6,20,NaN
9,11,20,NaN
16,4,20,0.8652322931034484
16,4,20,0.0006736564647197219
13,7,20,NaN
14,6,20,0.6300071236755719
13,7,20,NaN
14,6,20,0.8006696868167401
18,2,20,NaN
12,8,20,0.05287921913986539
15,5,20,NaN
2,18,20,NaN
13,7,20,0.9263616469895146
10,10,20,NaN
12,8,20,0.631220773570296
13,7,20,NaN
16,4,20,0.001321546187333318
13,7,20,NaN
11,9,20,0.15938727449707998
15,5,20,0.006162005486132496
15,5,20,NaN
12,8,20,0.8237080657963236
11,9,20,0.006162005486132496
10,10,20,NaN
12,8,20,0.11646251271444097
15,5,20,0.08497557059043752
16,4,20,0.7423423413009405
15,5,20,NaN
15,5,20,0.703988719890633
14,6,20,NaN
13,7,20,0.7716423171976328
15,5,20,0.04225142236583336
10,10,20,0.7726517314264018
10,10,20,0.06391459667115997
11,9,20,0.4057668096980372
14,6,20,0.9137791798943785
14,6,20,0.04418881078829457
17,3,20,0.5270321460365156
8,12,20,0.5865196674031864
15,5,20,0.4011103777394731
12,8,20,0.1315906565625817
9,11,20,0.5417209770628222
14,6,20,0.03146104001823805
13,7,20,0.15938727449707998
13,7,20,0.4475557477195245
13,7,20,0.04661481945225271
14,6,20,0.30623635626219897
15,5,20,NaN
13,7,20,NaN
10,10,20,0.37512218891154603
16,4,20,0.01964751139271028
13,7,20,0.22498386269722465
10,10,20,NaN
12,8,20,0.508227344878432
10,10,20,0.4513215065054973
12,8,20,0.6398455160113401
12,8,20,0.3085645379737589
10,10,20,0.02961757248259296
13,7,20,0.10766860484980144
11,9,20,0.2783692877527476
9,11,20,0.04531425270758149
13,7,20,0.4475557477195245
6,14,20,0.24290906152647984
16,4,20,0.11735031057960332
7,13,20,0.44119608499058277
13,7,20,0.11735031057960332
15,5,20,0.6336888734337788
9,11,20,NaN
11,9,20,0.10259954144714475
12,8,20,0.031334283615135884
14,6,20,0.33332352172473034
15,5,20,0.3557510427918548
14,6,20,0.13695747655435897
4,16,20,NaN
14,6,20,0.026321061526885126
16,4,20,0.49022211534004057
13,7,20,0.4475557477195245
2,18,20,0.8013871127478003
14,6,20,NaN
1,19,20,NaN
9,11,20,0.02574118626400187
14,6,20,0.545442080694089
15,5,20,0.7440297634001585
4,16,20,0.8634127583575683
3,17,20,NaN
11,9,20,0.7962091172332871
10,10,20,0.2942871780591215
1,19,20,0.9001259164326818
14,6,20,0.5179313989334253
8,12,20,NaN
13,7,20,0.36942850481654377
1,19,20,0.5669672448310068
17,3,20,0.6329792799378947
13,7,20,0.7808866072611036
13,7,20,0.4475557477195245
16,4,20,0.876680107438902
1,19,20,NaN
12,8,20,0.3296496747755379
2,18,20,0.5169551187525205
2,18,20,0.03831329598506057
10,10,20,0.612312014305093
13,7,20,NaN
9,11,20,0.5417209770628222
17,3,20,0.22296970131057345
2,18,20,NaN
2,18,20,0.6034053153223242
3,17,20,0.35626639525757575
5,15,20,NaN
9,11,20,0.38946400388509483
16,4,20,0.21185071034975703
11,9,20,0.015772982265185906
10,10,20,0.21009295497384023
9,11,20,NaN
12,8,20,0.10032275229784271
1,19,20,NaN
5,15,20,NaN
1,19,20,NaN
1,19,20,0.8237080657963236
4,16,20,0.8237080657963236
1,19,20,0.2783692877527476
4,16,20,0.18348414923983342
2,18,20,NaN
3,17,20,NaN
1,19,20,NaN
1,19,20,0.0713507183519396
1,19,20,NaN
1,19,20,0.7726517314264018
2,18,20,NaN
1,19,20,NaN
1,19,20,0.22681584536206972
1,19,20,0.008272598598278169
1,19,20,0.06301655851591602
1,19,20,NaN
3,17,20,NaN
1,19,20,NaN
1,19,20,NaN
0,20,20,NaN
0,20,20,NaN
0,20,20,0.8397408014091354
0,20,20,0.9272124484159221
0,20,20,NaN
0,20,20,NaN
0,20,20,0.007349342594627595
0,20,20,NaN
0,20,20,NaN
0,20,20,NaN
0,20,20,NaN
0,20,20,0.04413688419793772
0,20,20,0.2164932236803897
0,20,20,NaN
14,5,19,0.196150488075835
13,6,19,NaN
14,5,19,0.8401069438163126
13,6,19,NaN
4,15,19,0.9541938976312608
12,7,19,0.02569382000255907
11,8,19,0.9222047163123048
11,8,19,NaN
9,10,19,0.017329121972110485
11,8,19,0.7154314664389756
12,7,19,0.04531425270758149
10,9,19,0.6804150563630921
12,7,19,0.46460130193687155
11,8,19,0.013804530604139172
8,11,19,0.3042504030778012
14,5,19,0.010514240590893521
10,9,19,NaN
13,6,19,0.36942850481654377
14,5,19,0.15789239478072498
13,6,19,0.27302689982185635
14,5,19,0.44468056571840126
14,5,19,0.07336314586646288
17,2,19,0.4155618969404342
16,3,19,0.04222732764206415
16,3,19,0.4011103777394731
14,5,19,0.6871490121725579
10,9,19,0.0008650401740904781
15,4,19,0.006162005486132496
14,5,19,0.7738393337297048
13,6,19,NaN
12,7,19,NaN
14,5,19,0.631220773570296
14,5,19,0.03963139213085839
13,6,19,0.49938832516806103
13,6,19,0.11735031057960332
16,3,19,0.01607423131044481
12,7,19,NaN
4,15,19,NaN
8,11,19,0.7151927565102528
15,4,19,0.4759859066755086
11,8,19,NaN
13,6,19,0.3557510427918548
12,7,19,0.4110088388627361
10,9,19,NaN
18,1,19,0.24290906152647984
9,10,19,0.6877696185067498
13,6,19,0.31538291069709495
12,7,19,0.00010053691616621494
12,7,19,NaN
10,9,19,0.10693282910882464
13,6,19,0.7092033041123709
10,9,19,0.3140788080690369
15,4,19,0.48416940683333404
15,4,19,0.07361819104140599
14,5,19,NaN
9,10,19,0.5104598469859225
3,16,19,0.40267323465788263
13,6,19,0.2025270135722296
11,8,19,0.4306884503103743
11,8,19,NaN
17,2,19,0.00027638876788989796
10,9,19,0.3860609220977399
14,5,19,0.3557510427918548
18,1,19,0.3792291523251685
12,7,19,0.022131423679931598
18,1,19,0.1205032423776778
12,7,19,0.15938727449707998
10,9,19,5.169888999601832e-9
14,5,19,0.5034804680238002
13,6,19,0.906905295780086
13,6,19,NaN
10,9,19,0.07580941559898434
11,8,19,0.2987583539427879
9,10,19,0.23966258571797758
12,7,19,0.24290906152647984
10,9,19,NaN
7,12,19,0.29399859700683784
10,9,19,0.8006696868167401
15,4,19,0.8652322931034484
13,6,19,2.9519659805317407e-5
16,3,19,5.739145078277434e-16
13,6,19,0.8237080657963236
11,8,19,0.8652322931034484
15,4,19,0.3892404650973566
13,6,19,0.0051653647514528205
10,9,19,NaN
15,4,19,0.24396201999859388
8,11,19,NaN
13,6,19,0.1541264239018998
15,4,19,9.625900141019422e-6
17,2,19,0.3557510427918548
16,3,19,0.908486397928015
13,6,19,0.07200832691086015
9,10,19,0.49543559874771725
14,5,19,0.08612589160650815
10,9,19,0.170843818683149
17,2,19,0.14664845237709154
15,4,19,NaN
11,8,19,0.032853775051729074
16,3,19,0.8450772854630715
11,8,19,0.014775618560071972
15,4,19,0.18727820651578198
16,3,19,0.8450772854630715
10,9,19,NaN
16,3,19,0.2434545033365462
14,5,19,0.7433590367901758
16,3,19,0.007349342594627595
7,12,19,0.012961374673603959
13,6,19,0.600725308478594
15,4,19,0.631220773570296
15,4,19,0.09462659568911248
14,5,19,0.17333563068094793
17,2,19,0.4155618969404342
8,11,19,0.08612589160650815
11,8,19,NaN
16,3,19,0.8652322931034484
9,10,19,0.8006696868167401
16,3,19,0.032853775051729074
8,11,19,0.6702125184631231
12,7,19,0.032853775051729074
14,5,19,NaN
12,7,19,NaN
15,4,19,0.4475557477195245
12,7,19,0.15357557924208382
11,8,19,0.3557510427918548
14,5,19,3.743859566578258e-7
16,3,19,0.5417209770628222
11,8,19,0.8237080657963236
12,7,19,0.21185071034975703
18,1,19,0.5183374556419776
13,6,19,0.35916421029333334
3,16,19,0.0048078806993081145
16,3,19,0.11735031057960332
12,7,19,0.2783692877527476
10,9,19,NaN
12,7,19,0.6717661875924231
12,7,19,NaN
14,5,19,NaN
12,7,19,0.13695747655435897
11,8,19,0.07801680973060074
11,8,19,0.631220773570296
18,1,19,0.9394569650180941
13,6,19,0.7092033041123709
3,16,19,NaN
11,8,19,3.8367697459651296e-17
11,8,19,0.9394569650180941
16,3,19,0.9335053885363508
15,4,19,0.3557510427918548
14,5,19,0.24290906152647984
9,10,19,0.3557510427918548
16,3,19,0.18378739261790747
14,5,19,0.5865196674031864
16,3,19,0.016035560723550422
15,4,19,0.03335734955382278
8,11,19,NaN
11,8,19,NaN
15,4,19,0.6717661875924231
9,10,19,0.8006696868167401
15,4,19,0.46545426282246
15,4,19,0.0043107986710376285
11,8,19,NaN
10,9,19,0.08612589160650815
10,9,19,NaN
3,16,19,0.5417209770628222
17,2,19,0.07361819104140599
15,4,19,0.0002290164331407113
16,3,19,NaN
9,10,19,NaN
17,2,19,0.7734899482741787
19,0,19,0.5847567171990724
11,8,19,0.005950412588179493
15,4,19,NaN
13,6,19,0.04059855750524996
14,5,19,0.7292694119106661
17,2,19,0.011426320048259627
10,9,19,0.5130345811619719
11,8,19,0.030758156819904358
14,5,19,0.5865196674031864
11,8,19,NaN
12,7,19,0.31538291069709495
13,6,19,2.6281312890721482e-5
7,12,19,0.1272663792474762
17,2,19,0.41820480624196993
10,9,19,0.5847567171990724
12,7,19,0.5560784007855747
11,8,19,0.745567138051565
13,6,19,NaN
8,11,19,0.0039814551361453355
14,5,19,0.011335119107957231
12,7,19,0.7104519257596621
16,3,19,0.07418015335281315
18,1,19,0.01054475070675591
19,0,19,0.007349342594627595
9,10,19,0.5267123869426442
12,7,19,NaN
10,9,19,0.24290906152647984
16,3,19,0.24290906152647984
16,3,19,0.6717661875924231
14,5,19,0.008540281883294986
12,7,19,0.13684525122146476
11,8,19,NaN
11,8,19,0.4116815777056194
12,7,19,0.2783692877527476
15,4,19,0.9272124484159221
13,6,19,0.17633909577736095
14,5,19,0.01606894329369927
18,1,19,0.8241126010049454
16,3,19,0.631220773570296
8,11,19,0.00024856900527060277
16,3,19,NaN
18,1,19,0.012439171138782838
10,9,19,0.01964751139271028
14,5,19,0.5865196674031864
17,2,19,0.0019298755635641538
1,18,19,NaN
8,11,19,0.31538291069709495
15,4,19,0.5008649244965916
15,4,19,0.025771019878563152
19,0,19,0.49543559874771725
12,7,19,NaN
19,0,19,3.850357887395132e-5
14,5,19,NaN
13,6,19,0.3921269459700578
12,7,19,0.0477183808735083
13,6,19,0.9407318892469978
2,17,19,0.1613385319287658
12,7,19,0.4475557477195245
15,4,19,0.06849825501570166
14,5,19,0.14315904395014004
12,7,19,0.21185071034975703
12,7,19,0.8068207208047298
13,6,19,0.21048548001179104
11,8,19,0.3566784742096606
14,5,19,0.24220830223498763
11,8,19,0.02053976789784899
10,9,19,0.9733084005106692
16,3,19,NaN
15,4,19,0.9285183544209143
13,6,19,0.5959802822133542
15,4,19,NaN
11,8,19,0.26112339355829955
17,2,19,0.24290906152647984
11,8,19,0.934147677909326
15,4,19,0.6236165760850383
14,5,19,0.0015991442554046831
16,3,19,0.5865196674031864
11,8,19,0.9001259164326818
2,17,19,NaN
7,12,19,NaN
15,4,19,NaN
12,7,19,0.18348414923983342
10,9,19,0.7726517314264018
12,7,19,0.8652322931034484
8,11,19,0.017156481151061855
13,6,19,0.932562313019218
12,7,19,0.04531425270758149
15,4,19,0.9789190809366978
8,11,19,NaN
17,2,19,0.12059556596932197
10,9,19,0.5841271209633676
1,18,19,NaN
11,8,19,0.31538291069709495
10,9,19,0.49938832516806103
15,4,19,0.025321802208147278
7,12,19,NaN
13,6,19,0.6504821212101068
15,4,19,0.004593823466945843
13,6,19,0.3296496747755379
11,8,19,0.7206816867481725
16,3,19,0.06260803999115534
13,6,19,1.9445173482217033e-5
15,4,19,0.631220773570296
19,0,19,6.147825281212881e-6
15,4,19,0.6717661875924231
17,2,19,NaN
13,6,19,0.31538291069709495
11,8,19,0.013224938275344404
15,4,19,0.022735279565888382
15,4,19,0.007349342594627595
17,2,19,0.02787455723542097
11,8,19,0.06970345388921402
2,17,19,NaN
6,13,19,NaN
12,7,19,0.9663500458367166
4,15,19,NaN
18,1,19,0.006192094423407804
12,7,19,0.2029880550973519
15,4,19,NaN
17,2,19,NaN
11,8,19,0.01535304931771443
8,11,19,0.4475557477195245
17,2,19,0.034844154241355146
9,10,19,0.15569932148178994
4,15,19,0.8827570506600473
13,6,19,0.31538291069709495
16,3,19,0.00024047655717913808
18,1,19,0.6537030330973446
10,9,19,NaN
14,5,19,0.010003643656794478
14,5,19,NaN
13,6,19,0.04968817017742954
12,7,19,0.8006696868167401
10,9,19,NaN
13,6,19,0.031899501372293
12,7,19,NaN
13,6,19,0.08536548405049856
16,3,19,0.10538612920917169
12,7,19,0.6717661875924231
13,6,19,0.4011103777394731
11,8,19,NaN
14,5,19,0.29757500283989297
12,7,19,0.3741359436168141
5,14,19,NaN
12,7,19,NaN
15,4,19,0.057495793370260555
13,6,19,0.8450772854630715
7,12,19,0.4144725532144906
16,3,19,NaN
16,3,19,NaN
11,8,19,0.18348414923983342
15,4,19,0.6977762103463471
13,6,19,NaN
14,5,19,0.00030640782595198706
12,7,19,0.30529460332252034
14,5,19,0.004243052065979369
11,8,19,0.40399405319643106
11,8,19,0.5865196674031864
15,4,19,0.24290906152647984
12,7,19,0.34117257317291055
13,6,19,0.2668400346081453
12,7,19,0.0924971579505958
11,8,19,4.841646627216499e-12
14,5,19,0.6731226898498007
13,6,19,NaN
8,11,19,NaN
14,5,19,0.04531425270758149
12,7,19,0.7061775408886076
6,13,19,NaN
10,9,19,0.30606285136612404
13,6,19,0.12026107511652472
13,6,19,0.2955665796278424
13,6,19,0.631220773570296
13,6,19,0.006974249464116075
14,5,19,0.0019397943444730912
13,6,19,0.594686109010421
19,0,19,0.4011103777394731
17,2,19,0.8307643513076672
10,9,19,0.44152408950629995
12,7,19,0.6982970212241257
13,6,19,0.026594646679114247
14,5,19,NaN
12,7,19,NaN
12,7,19,NaN
12,7,19,NaN
10,9,19,0.7028968035294474
17,2,19,NaN
15,4,19,NaN
2,17,19,NaN
14,5,19,0.65475266498511
14,5,19,0.08612589160650815
14,5,19,NaN
9,10,19,0.6973375432176463
15,4,19,0.03147361739965893
12,7,19,0.24290906152647984
11,8,19,NaN
16,3,19,0.15968498618355548
13,6,19,0.07641184230018168
3,16,19,0.631220773570296
12,7,19,0.4475557477195245
12,7,19,0.22827463891515906
9,10,19,0.032186235629952764
14,5,19,0.15938727449707998
10,9,19,NaN
17,2,19,0.28048161633914653
13,6,19,0.8450772854630715
12,7,19,0.01384068834559692
8,11,19,0.2657323992638981
12,7,19,NaN
11,8,19,0.1042333974292454
11,8,19,0.6812766187480567
8,11,19,0.8115177128979804
12,7,19,0.8006696868167401
13,6,19,NaN
14,5,19,0.9493033010224405
10,9,19,0.02787455723542097
18,1,19,NaN
13,6,19,0.06588698107127025
13,6,19,0.9394569650180941
16,3,19,0.1755538976578808
14,5,19,0.9590286414731528
9,10,19,0.8079928207706086
16,3,19,0.32079976468470867
10,9,19,0.11735031057960332
15,4,19,0.016856425358037993
2,17,19,NaN
13,6,19,0.001679318406479139
10,9,19,NaN
14,5,19,0.0011615115724349838
13,6,19,0.2242927717948587
9,10,19,0.00900852412219906
11,8,19,0.9394569650180941
10,9,19,0.5417209770628222
17,2,19,0.2783692877527476
13,6,19,0.08612589160650815
13,6,19,0.15938727449707998
11,8,19,0.3296496747755379
14,5,19,0.15938727449707998
16,3,19,0.631220773570296
14,5,19,1.1315251152358929e-5
12,7,19,0.011335119107957231
15,4,19,0.46070644133048866
9,10,19,0.9382941560188773
14,5,19,0.2737341676845355
14,5,19,0.2858905538457021
10,9,19,0.2927831871750694
11,8,19,0.4475557477195245
5,14,19,NaN
5,14,19,0.0012568774197243091
9,10,19,0.6368500392896812
14,5,19,0.7238414738524657
10,9,19,0.19481076318053372
13,6,19,0.6844597334949682
5,14,19,NaN
15,4,19,0.2224877855918902
15,4,19,0.4475557477195245
15,4,19,0.8237080657963236
13,6,19,0.3557510427918548
11,8,19,0.5086342018815367
9,10,19,0.6454936147765928
2,17,19,0.14499639323270927
12,7,19,0.00109181297879201
18,1,19,0.09277757670694448
14,5,19,0.7535848413325634
11,8,19,0.7234577439877888
12,7,19,NaN
14,5,19,0.5842431231522885
13,6,19,0.8012183129642948
19,0,19,0.10032275229784271
11,8,19,0.15938727449707998
16,3,19,NaN
10,9,19,0.8237080657963236
12,7,19,0.14597773881033854
15,4,19,0.00035199723772525875
10,9,19,NaN
11,8,19,0.3901201530147684
11,8,19,0.2687988404175689
1,18,19,NaN
12,7,19,0.03759632386949196
8,11,19,0.027533564858176374
13,6,19,0.4475557477195245
14,5,19,0.007935351960760057
17,2,19,0.8101699123774138
13,6,19,0.0009559702395473859
12,7,19,0.9001259164326818
14,5,19,0.6977146930567275
15,4,19,NaN
11,8,19,0.5698524944059813
15,4,19,NaN
14,5,19,0.21185071034975703
8,11,19,NaN
15,4,19,0.04047540513693592
10,9,19,NaN
13,6,19,NaN
7,12,19,0.19472917649073473
12,7,19,NaN
9,10,19,0.631220773570296
13,6,19,0.2988205431792988
6,13,19,0.2750595555450524
14,5,19,0.4475557477195245
10,9,19,0.9464701506577652
11,8,19,0.3876750540714063
7,12,19,NaN
16,3,19,0.5865196674031864
14,5,19,0.2783692877527476
11,8,19,NaN
15,4,19,0.2737341676845355
7,12,19,0.45200632023590254
3,16,19,NaN
14,5,19,0.000472373110132886
7,12,19,NaN
11,8,19,0.4475557477195245
8,11,19,NaN
10,9,19,0.814209713202945
11,8,19,0.2965040056189322
10,9,19,0.0988132756548661
13,6,19,0.2809578211923491
10,9,19,0.39269305989092546
16,3,19,NaN
9,10,19,0.4636536557958813
14,5,19,0.11712186378943623
11,8,19,NaN
7,12,19,0.1220573315290635
9,10,19,0.17356972116971547
10,9,19,0.17090884332506767
14,5,19,6.35166500077521e-5
10,9,19,NaN
11,8,19,0.0021161789424286146
4,15,19,NaN
6,13,19,0.5865196674031864
11,8,19,0.1292221642705556
2,17,19,0.053556438906752275
10,9,19,NaN
8,11,19,NaN
1,18,19,NaN
8,11,19,0.8006696868167401
2,17,19,0.2587302189360017
2,17,19,0.18105624020917252
1,18,19,0.18293286019293498
12,7,19,0.056422068438521863
1,18,19,NaN
3,16,19,NaN
3,16,19,NaN
11,8,19,NaN
1,18,19,NaN
1,18,19,0.053556438906752275
1,18,19,0.8652322931034484
1,18,19,0.8006696868167401
2,17,19,NaN
1,18,19,NaN
1,18,19,NaN
1,18,19,0.11735031057960332
0,19,19,NaN
0,19,19,0.10032275229784271
0,19,19,NaN
0,19,19,NaN
0,19,19,0.25745342601714377
0,19,19,0.05032958107245783
0,19,19,NaN
0,19,19,NaN
0,19,19,NaN
0,19,19,0.04850536111907567
12,6,18,0.11626699698327424
10,8,18,0.8450772854630715
13,5,18,0.4475557477195245
13,5,18,0.9602397512398567
13,5,18,NaN
12,6,18,0.08612589160650815
3,15,18,0.11735031057960332
15,3,18,0.0435180342909402
14,4,18,0.8006696868167401
10,8,18,0.03502039508964018
14,4,18,0.23058209632051246
9,9,18,0.2783692877527476
14,4,18,NaN
14,4,18,NaN
13,5,18,0.029593110152577935
16,2,18,0.37283275009744116
13,5,18,NaN
14,4,18,0.4155618969404342
14,4,18,0.11735031057960332
12,6,18,0.4475557477195245
12,6,18,0.9365738001864145
13,5,18,0.3949200764673108
13,5,18,0.08612589160650815
10,8,18,0.1502217599889992
15,3,18,0.04864857198247102
11,7,18,0.18348414923983342
14,4,18,0.228833872156165
14,4,18,0.7195910676048861
16,2,18,0.10032275229784271
14,4,18,0.1045240737737313
10,8,18,0.631220773570296
13,5,18,0.4011103777394731
13,5,18,0.31538291069709495
15,3,18,0.8450772854630715
13,5,18,0.0027158169054357696
12,6,18,8.111798812749297e-5
11,7,18,0.06341478178937074
14,4,18,0.0015506799637766114
11,7,18,0.4786101457863796
14,4,18,0.707749053813036
12,6,18,NaN
9,9,18,0.3557510427918548
12,6,18,NaN
9,9,18,0.002318045954118366
12,6,18,0.5865196674031864
11,7,18,0.8450772854630715
15,3,18,0.884818888996093
12,6,18,NaN
10,8,18,0.7887935029048723
13,5,18,0.03876039881457681
13,5,18,0.25204680274782015
16,2,18,NaN
10,8,18,0.6720402198297147
12,6,18,8.24912697331995e-17
14,4,18,0.33694277376001147
9,9,18,0.870524834434348
17,1,18,0.03902933528382219
13,5,18,NaN
11,7,18,0.08612589160650815
5,13,18,0.010424042279941327
15,3,18,NaN
7,11,18,0.9493033010224405
15,3,18,0.2900932807827902
10,8,18,NaN
11,7,18,NaN
13,5,18,0.6767110813367878
12,6,18,0.29810703568706703
13,5,18,0.24290906152647984
11,7,18,0.7423423413009405
11,7,18,0.7726517314264018
8,10,18,0.8222359858287277
13,5,18,0.8652322931034484
16,2,18,0.8827570506600473
11,7,18,NaN
9,9,18,0.8807134908577449
15,3,18,0.002435352747911399
15,3,18,NaN
11,7,18,0.08612589160650815
10,8,18,0.0019685273060506174
13,5,18,0.1662529718489722
11,7,18,NaN
16,2,18,0.4011103777394731
17,1,18,0.4422036529145821
14,4,18,0.1903467969848132
17,1,18,0.5283847279431914
13,5,18,0.7092033041123709
16,2,18,NaN
10,8,18,0.04450549040442012
12,6,18,NaN
13,5,18,0.7726517314264018
12,6,18,0.014153894828179369
13,5,18,NaN
13,5,18,0.0025709660283289135
13,5,18,0.4165566729500567
13,5,18,0.15938727449707998
16,2,18,0.6233662971477908
18,0,18,0.6043203463964694
16,2,18,0.20011408815853843
14,4,18,0.2701766251357411
13,5,18,0.4475557477195245
11,7,18,0.8716687461105126
10,8,18,NaN
12,6,18,0.11735031057960332
12,6,18,0.631220773570296
17,1,18,0.10032275229784271
15,3,18,0.08604706871663184
15,3,18,0.7423423413009405
16,2,18,0.08091087774192024
15,3,18,0.5273059853489656
11,7,18,NaN
11,7,18,NaN
11,7,18,0.015286861041535139
14,4,18,0.07763292152416308
9,9,18,NaN
16,2,18,0.13695747655435897
12,6,18,0.00154327323529028
14,4,18,0.0011542196748850373
14,4,18,0.6368500392896812
13,5,18,0.4114738655770646
12,6,18,0.3059587834287997
16,2,18,0.4108605636083556
12,6,18,0.13695747655435897
10,8,18,0.584355909505101
10,8,18,0.8827570506600473
12,6,18,0.9510586561707669
7,11,18,0.24290906152647984
13,5,18,NaN
16,2,18,0.7092033041123709
15,3,18,0.2927232773324383
12,6,18,0.3592088183055866
14,4,18,0.0013694337026562548
12,6,18,0.0006954751285759578
8,10,18,0.053556438906752275
17,1,18,NaN
15,3,18,0.03146104001823805
9,9,18,NaN
15,3,18,0.8652322931034484
14,4,18,0.48796662186443346
11,7,18,0.3368416998819596
14,4,18,0.8652322931034484
12,6,18,4.075327371982944e-6
9,9,18,0.7726517314264018
17,1,18,0.7875965616192705
13,5,18,0.8652322931034484
16,2,18,0.7206816867481725
14,4,18,0.053556438906752275
7,11,18,NaN
13,5,18,NaN
15,3,18,0.16164647645269392
15,3,18,0.7092033041123709
14,4,18,0.01246818850520661
14,4,18,0.49022211534004057
14,4,18,0.6717661875924231
11,7,18,0.8246305950517602
13,5,18,NaN
2,16,18,NaN
13,5,18,0.8450772854630715
15,3,18,0.7506126132473532
16,2,18,0.7506126132473532
16,2,18,0.10032275229784271
12,6,18,0.00932718806507119
10,8,18,0.8450772854630715
15,3,18,NaN
13,5,18,9.340534889032136e-5
11,7,18,0.21185071034975703
13,5,18,0.8802899068977281
9,9,18,NaN
13,5,18,NaN
2,16,18,0.6717661875924231
13,5,18,0.7330303240994428
14,4,18,0.058060844026999126
2,16,18,NaN
15,3,18,0.021240048737931935
16,2,18,0.49543559874771725
11,7,18,NaN
14,4,18,NaN
16,2,18,0.4011103777394731
15,3,18,0.21111724978999286
8,10,18,NaN
12,6,18,0.4490434174253277
15,3,18,4.0267965831034256e-5
10,8,18,NaN
11,7,18,0.7092033041123709
14,4,18,0.15938727449707998
14,4,18,0.8006586145440605
15,3,18,0.8140826649978271
13,5,18,NaN
10,8,18,NaN
11,7,18,0.3557510427918548
14,4,18,0.5842431231522885
9,9,18,NaN
10,8,18,0.9027373204189388
10,8,18,0.5742350835094675
13,5,18,0.5644691555531476
11,7,18,0.3901201530147684
12,6,18,0.7423423413009405
8,10,18,0.13695747655435897
11,7,18,0.024810938217931948
14,4,18,0.9001259164326818
9,9,18,0.6716652977267321
14,4,18,NaN
15,3,18,0.07361819104140599
12,6,18,NaN
12,6,18,0.0008725625411271526
13,5,18,0.4053448349939116
14,4,18,0.8006696868167401
16,2,18,NaN
15,3,18,0.01384068834559692
11,7,18,NaN
12,6,18,0.060451009275202416
9,9,18,0.16513774546068055
10,8,18,0.010040458473689676
15,3,18,0.18771192946874468
13,5,18,2.8513405975810026e-11
15,3,18,0.11600516340256257
11,7,18,0.4334240939403292
12,6,18,NaN
13,5,18,0.21185071034975703
14,4,18,0.10032275229784271
9,9,18,0.10032275229784271
13,5,18,0.779114113410399
8,10,18,0.24188531293150917
13,5,18,0.4321410945020087
15,3,18,0.6717661875924231
15,3,18,0.9663500458367166
15,3,18,0.2024667017008914
10,8,18,NaN
14,4,18,0.24188531293150917
13,5,18,0.8644164500224847
13,5,18,0.9789190809366978
11,7,18,0.1330941510921993
13,5,18,0.049104486105736436
14,4,18,0.9140493244805452
15,3,18,0.5865196674031864
18,0,18,0.3313173032928203
8,10,18,0.7423423413009405
11,7,18,0.4144725532144906
15,3,18,0.7660324323123628
14,4,18,0.8450772854630715
17,1,18,0.009905214787221473
14,4,18,0.1632304867508098
13,5,18,0.014775618560071972
10,8,18,0.003095655933344842
15,3,18,0.04072166146359844
12,6,18,0.5417209770628222
13,5,18,0.15254500419737968
14,4,18,0.04099133246999384
11,7,18,0.9765165253074901
14,4,18,0.7726517314264018
8,10,18,0.18348414923983342
17,1,18,0.049537086292936974
11,7,18,0.8827570506600473
9,9,18,0.0011479411764696121
10,8,18,0.15938727449707998
14,4,18,NaN
7,11,18,0.40928890428986453
11,7,18,0.11735031057960332
12,6,18,0.7726517314264018
10,8,18,0.18348414923983342
10,8,18,0.990568648063205
7,11,18,NaN
8,10,18,0.19473972645345758
11,7,18,0.00029419953627724877
15,3,18,0.15938727449707998
15,3,18,0.9441856242986718
13,5,18,0.21185071034975703
12,6,18,1.9768161236179472e-7
9,9,18,NaN
11,7,18,0.3632345915592256
13,5,18,0.1205032423776778
14,4,18,0.62471135189573
14,4,18,NaN
17,1,18,0.8652322931034484
10,8,18,NaN
10,8,18,0.4885187346460496
10,8,18,NaN
13,5,18,0.6066790709284108
12,6,18,0.08612589160650815
10,8,18,3.15936473631265e-9
11,7,18,0.1793408936507176
15,3,18,0.015549328228447798
10,8,18,NaN
14,4,18,0.8450772854630715
13,5,18,0.4712515354039383
13,5,18,0.28881932989206266
12,6,18,NaN
17,1,18,NaN
12,6,18,0.13695747655435897
15,3,18,0.4634349000567515
10,8,18,0.3557510427918548
13,5,18,0.8827570506600473
11,7,18,NaN
11,7,18,0.13595932099187039
12,6,18,0.4475557477195245
14,4,18,NaN
8,10,18,NaN
9,9,18,0.4475557477195245
10,8,18,NaN
10,8,18,0.46786252112749976
14,4,18,NaN
13,5,18,NaN
14,4,18,0.2783692877527476
13,5,18,0.48945833991568644
9,9,18,0.8006696868167401
15,3,18,NaN
17,1,18,0.2605186321194746
18,0,18,5.9615667894697824e-5
13,5,18,0.49543559874771725
12,6,18,0.7423423413009405
10,8,18,0.07375378238166824
13,5,18,NaN
9,9,18,0.16628884346118986
11,7,18,2.9312976444398283e-6
4,14,18,0.9137791798943785
11,7,18,0.00026633537289033133
14,4,18,0.06875525907900623
15,3,18,0.7092033041123709
11,7,18,NaN
15,3,18,0.0900375179683812
14,4,18,0.7092033041123709
12,6,18,0.49543559874771725
10,8,18,NaN
13,5,18,NaN
12,6,18,0.04817486382788112
16,2,18,0.9001259164326818
13,5,18,0.15938727449707998
11,7,18,0.9366796043562259
13,5,18,0.8079928207706086
12,6,18,0.631220773570296
13,5,18,0.05060759793901786
9,9,18,0.011335119107957231
9,9,18,0.4011103777394731
8,10,18,0.41678389065719773
5,13,18,NaN
14,4,18,6.293727425700048e-7
13,5,18,0.24290906152647984
7,11,18,0.38330767416809663
10,8,18,0.8514620857854059
13,5,18,0.31538291069709495
13,5,18,0.1843491580112637
11,7,18,0.8294436785114185
12,6,18,0.34729379856962467
5,13,18,2.430141357059939e-7
11,7,18,0.13684525122146476
13,5,18,0.13695747655435897
12,6,18,0.9733084005106692
15,3,18,0.9272124484159221
17,1,18,0.31741747069233817
10,8,18,0.375752638645631
12,6,18,0.6717661875924231
14,4,18,0.19296280368719512
1,17,18,0.020241478376830067
14,4,18,0.7092033041123709
8,10,18,0.3605822763026956
10,8,18,0.4011103777394731
15,3,18,0.391196164835265
10,8,18,NaN
15,3,18,1.3638855379813246e-5
17,1,18,0.15938727449707998
16,2,18,0.08052787131671439
14,4,18,0.8450772854630715
13,5,18,0.014245968304489352
8,10,18,1.0738911171311692e-12
9,9,18,0.029838378507804006
15,3,18,0.786297730018021
15,3,18,0.10453965175886143
13,5,18,0.7261107092544306
14,4,18,0.3132690207773202
2,16,18,0.2783692877527476
10,8,18,0.04656252878030042
11,7,18,0.6093079052737869
13,5,18,0.4155618969404342
14,4,18,0.014215181836608465
14,4,18,0.2954562226479242
8,10,18,0.6167457195966148
5,13,18,NaN
13,5,18,0.14537246054056235
3,15,18,NaN
7,11,18,0.38951883007049515
9,9,18,2.485743543519153e-6
9,9,18,NaN
14,4,18,0.8273404403689961
7,11,18,1.8954090758112514e-6
12,6,18,0.6627029297944868
9,9,18,0.3970892861386758
11,7,18,0.8450772854630715
16,2,18,0.0004613632220350701
16,2,18,NaN
2,16,18,0.5453042689257744
12,6,18,0.018056031951162954
11,7,18,NaN
16,2,18,NaN
13,5,18,0.7726517314264018
11,7,18,NaN
11,7,18,0.0007826500356395844
9,9,18,0.019796251803769704
11,7,18,0.971795053853179
11,7,18,0.5865196674031864
17,1,18,0.20799017501993214
12,6,18,0.23460893270246608
10,8,18,0.31538291069709495
15,3,18,NaN
10,8,18,0.7423423413009405
12,6,18,0.5417209770628222
16,2,18,0.24290906152647984
12,6,18,0.02302622443306683
9,9,18,0.3557510427918548
8,10,18,0.5305643270329138
7,11,18,0.1740763050801
7,11,18,0.8604131565964894
14,4,18,0.02029191038225665
3,15,18,NaN
12,6,18,0.2988144595940236
12,6,18,0.8064387696116678
13,5,18,0.24290906152647984
13,5,18,0.10578979886603547
6,12,18,0.13695747655435897
12,6,18,NaN
13,5,18,0.18348414923983342
15,3,18,0.5738686140436191
14,4,18,0.857591056393214
7,11,18,0.006511343554296297
9,9,18,0.9112439233394847
6,12,18,0.5133502951012354
13,5,18,0.003492822205197134
14,4,18,0.5940785884460495
4,14,18,NaN
14,4,18,0.48796662186443346
12,6,18,0.6291145002926923
12,6,18,0.5417209770628222
14,4,18,0.001807926262550802
11,7,18,0.6717661875924231
13,5,18,0.7092033041123709
3,15,18,NaN
5,13,18,0.3431296972114804
16,2,18,0.8954942781772826
9,9,18,0.38381206457606293
10,8,18,NaN
12,6,18,1.7278621536275373e-15
12,6,18,0.7990969481942957
10,8,18,0.053556438906752275
12,6,18,0.9116025018384656
12,6,18,NaN
15,3,18,0.07361819104140599
9,9,18,0.7423423413009405
12,6,18,0.9841738135856081
9,9,18,0.21185071034975703
15,3,18,0.18348414923983342
9,9,18,NaN
11,7,18,0.011952567134458053
11,7,18,0.9581210844934964
15,3,18,0.0014187636550655415
7,11,18,0.053556438906752275
7,11,18,0.26182431502777886
11,7,18,0.006162005486132496
8,10,18,NaN
14,4,18,0.8660408878482889
8,10,18,0.4011103777394731
11,7,18,0.05948186927324485
15,3,18,0.3634089939452622
11,7,18,9.489868548816586e-5
12,6,18,0.8507250386873499
13,5,18,NaN
10,8,18,0.2041411641131877
11,7,18,0.0011529476287738855
14,4,18,0.703343518601522
9,9,18,0.7576448634930627
9,9,18,NaN
15,3,18,0.4949576717368352
10,8,18,NaN
12,6,18,0.04959794094474477
2,16,18,NaN
14,4,18,0.11735031057960332
11,7,18,0.007188525098417524
16,2,18,0.631220773570296
15,3,18,0.7726517314264018
13,5,18,0.7726517314264018
9,9,18,NaN
1,17,18,0.003722065712895156
13,5,18,0.01384068834559692
11,7,18,0.10032275229784271
13,5,18,0.0796809968443114
11,7,18,0.18348414923983342
9,9,18,0.21376357430593126
13,5,18,0.5865196674031864
6,12,18,NaN
13,5,18,2.692660934870171e-15
7,11,18,0.91089910393393
10,8,18,0.9885707782763422
10,8,18,NaN
13,5,18,0.9733084005106692
2,16,18,NaN
11,7,18,0.03127278298139893
12,6,18,NaN
12,6,18,0.8182321279721224
8,10,18,NaN
7,11,18,NaN
11,7,18,0.24290906152647984
4,14,18,0.12616282631084808
13,5,18,0.8652322931034484
12,6,18,0.033097130921789404
10,8,18,0.5179999748396038
8,10,18,0.7506126132473532
14,4,18,0.5319376224704443
12,6,18,0.00014693584600257862
7,11,18,NaN
15,3,18,0.18493726411462888
7,11,18,0.08612589160650815
15,3,18,0.7524786466987718
4,14,18,NaN
7,11,18,0.2412147488524764
13,5,18,0.6833601549285786
6,12,18,0.19975482199764888
9,9,18,0.02573090198687652
11,7,18,0.1663655622636338
13,5,18,0.9169081179835614
11,7,18,0.4011103777394731
9,9,18,NaN
2,16,18,0.21883863816826568
17,1,18,0.8533760566110747
17,1,18,0.08612589160650815
3,15,18,NaN
11,7,18,0.036031455075761096
13,5,18,NaN
12,6,18,0.05492762910066357
12,6,18,NaN
12,6,18,0.631220773570296
4,14,18,NaN
16,2,18,0.21185071034975703
8,10,18,NaN
13,5,18,0.7092033041123709
14,4,18,NaN
9,9,18,0.619427914833329
10,8,18,0.15021370908375797
11,7,18,0.09531404493356238
2,16,18,NaN
11,7,18,0.00023643021646509483
1,17,18,NaN
13,5,18,0.10544798794477334
10,8,18,NaN
5,13,18,0.032853775051729074
15,3,18,NaN
8,10,18,NaN
12,6,18,0.008447104373142666
11,7,18,0.4011103777394731
3,15,18,NaN
6,12,18,0.9590286414731528
1,17,18,NaN
1,17,18,0.10643419393690252
10,8,18,0.2783692877527476
1,17,18,0.31538291069709495
1,17,18,NaN
2,16,18,NaN
2,16,18,NaN
2,16,18,0.15830168779127235
13,5,18,0.03438973568772008
2,16,18,NaN
3,15,18,0.3520118698984166
2,16,18,NaN
1,17,18,NaN
1,17,18,NaN
1,17,18,0.3085645379737589
1,17,18,NaN
3,15,18,NaN
2,16,18,0.6127253479327994
1,17,18,0.10883244584374736
2,16,18,NaN
1,17,18,NaN
1,17,18,NaN
1,17,18,NaN
1,17,18,NaN
1,17,18,0.1260318143307979
2,16,18,NaN
1,17,18,NaN
0,18,18,0.13695747655435897
0,18,18,NaN
0,18,18,0.022592040380051158
0,18,18,0.0630282359819421
0,18,18,NaN
0,18,18,NaN
0,18,18,NaN
0,18,18,NaN
0,18,18,0.09176643789283004
0,18,18,0.00818405125560605
0,18,18,NaN
0,18,18,NaN
0,18,18,NaN
0,18,18,0.13354785827216373
0,18,18,8.519717942858305e-6
0,18,18,NaN
0,18,18,NaN
14,3,17,0.8006696868167401
12,5,17,0.029771036638536735
7,10,17,0.32047187109129616
10,7,17,1.0178591456063957e-7
8,9,17,0.9361825881950004
12,5,17,0.8616414078368598
12,5,17,0.6589606374511142
12,5,17,0.8052971416746826
13,4,17,0.7423423413009405
14,3,17,NaN
2,15,17,NaN
15,2,17,NaN
11,6,17,0.07361819104140599
12,5,17,0.8006586145440605
13,4,17,0.6042626299089338
12,5,17,0.05934671819825702
12,5,17,0.9394569650180941
16,1,17,NaN
13,4,17,NaN
14,3,17,0.7282420278636265
13,4,17,0.35648023105927507
11,6,17,0.11735031057960332
14,3,17,0.11735031057960332
13,4,17,0.8006696868167401
11,6,17,0.654520717709084
11,6,17,NaN
12,5,17,0.26771753006387256
12,5,17,0.4481577254388492
12,5,17,0.04531425270758149
13,4,17,0.3936412227352208
10,7,17,NaN
13,4,17,0.09061241887260031
15,2,17,0.631220773570296
2,15,17,NaN
10,7,17,0.08612589160650815
12,5,17,0.631220773570296
9,8,17,NaN
15,2,17,0.0035426586693956654
13,4,17,0.5427791979508634
13,4,17,0.0069365901651067315
3,14,17,0.6717661875924231
15,2,17,0.0630282359819421
15,2,17,0.03596657033499914
14,3,17,0.8006696868167401
16,1,17,0.5802917560236949
9,8,17,0.3121396488099419
12,5,17,0.49543559874771725
5,12,17,NaN
13,4,17,0.631220773570296
8,9,17,0.9795430725862757
13,4,17,0.4011103777394731
12,5,17,0.2714976848618461
8,9,17,0.24290906152647984
8,9,17,0.11060170041468553
13,4,17,0.40778061682487854
13,4,17,0.7726517314264018
10,7,17,0.13695747655435897
10,7,17,0.6717661875924231
15,2,17,0.08612589160650815
15,2,17,0.9613211342829432
12,5,17,0.08205886974833973
16,1,17,0.21369630969567505
12,5,17,NaN
10,7,17,0.6776100624333056
16,1,17,0.9812148664744478
11,6,17,0.08164815424491212
11,6,17,0.00017594321376640065
11,6,17,0.5417209770628222
14,3,17,0.030560502338544175
11,6,17,0.13833345776724826
14,3,17,0.046079003636592335
12,5,17,0.3557510427918548
15,2,17,0.21185071034975703
14,3,17,0.3557510427918548
11,6,17,0.9970869313800661
14,3,17,0.9034638224637941
11,6,17,NaN
13,4,17,0.04767743431262774
11,6,17,NaN
13,4,17,0.9394569650180941
6,11,17,0.8827570506600473
14,3,17,7.929342325919679e-7
12,5,17,0.4155618969404342
16,1,17,0.8329849964434427
13,4,17,0.39117182757839936
14,3,17,NaN
15,2,17,0.004243052065979369
13,4,17,0.1369026667298523
13,4,17,0.035275465098554885
14,3,17,NaN
13,4,17,0.49543559874771725
12,5,17,0.019796251803769704
11,6,17,NaN
15,2,17,0.2144909145927689
11,6,17,0.7255508227107589
11,6,17,NaN
14,3,17,0.8237080657963236
10,7,17,0.6796560791431746
15,2,17,0.5417209770628222
11,6,17,0.3050180359558514
15,2,17,0.0015506799637766114
13,4,17,0.9713478338130888
13,4,17,0.2580306712678967
8,9,17,0.14766969304805347
16,1,17,0.7423423413009405
11,6,17,0.9178257979605803
11,6,17,0.5593539763058477
11,6,17,0.18348414923983342
10,7,17,NaN
12,5,17,0.9841738135856081
10,7,17,0.00010885110009033887
7,10,17,NaN
14,3,17,NaN
15,2,17,NaN
14,3,17,0.8207482473000494
12,5,17,0.0931829875823492
16,1,17,0.5417209770628222
9,8,17,0.631220773570296
11,6,17,0.0630282359819421
9,8,17,0.5865196674031864
9,8,17,0.4475557477195245
13,4,17,0.8652322931034484
13,4,17,0.40585370929974085
16,1,17,0.04103593832144871
14,3,17,0.6417181726202376
13,4,17,NaN
11,6,17,0.4185420933392394
13,4,17,0.15938727449707998
14,3,17,0.940258845879074
10,7,17,0.4011103777394731
13,4,17,0.11735031057960332
9,8,17,0.7726517314264018
11,6,17,0.2783692877527476
10,7,17,0.9934713839266222
12,5,17,0.26002703565960106
11,6,17,NaN
12,5,17,0.8237080657963236
7,10,17,0.9733084005106692
15,2,17,0.11735031057960332
12,5,17,0.4011103777394731
14,3,17,0.07447587065808206
11,6,17,0.5417209770628222
9,8,17,NaN
13,4,17,NaN
5,12,17,NaN
12,5,17,0.9047853618061095
12,5,17,0.7676555026450002
12,5,17,0.0036937217530900383
10,7,17,1.5031648841037728e-5
12,5,17,0.49543559874771725
13,4,17,0.3557510427918548
13,4,17,NaN
8,9,17,0.6717661875924231
7,10,17,0.4011103777394731
9,8,17,0.24290906152647984
14,3,17,0.9808556116498774
11,6,17,0.7433590367901758
14,3,17,0.506669307515136
6,11,17,NaN
12,5,17,0.28546291073438385
13,4,17,3.058265520096937e-5
15,2,17,0.8450772854630715
12,5,17,0.9975790386415038
11,6,17,0.26856329713093224
12,5,17,NaN
2,15,17,NaN
9,8,17,0.8652322931034484
11,6,17,1.8788137911282606e-8
16,1,17,NaN
8,9,17,0.023526326196296094
10,7,17,NaN
12,5,17,0.4087914221489063
6,11,17,NaN
14,3,17,0.31538291069709495
12,5,17,0.5417209770628222
11,6,17,NaN
11,6,17,0.15938727449707998
12,5,17,0.7423423413009405
14,3,17,0.33430800744614414
10,7,17,0.24290906152647984
11,6,17,0.6717661875924231
12,5,17,NaN
10,7,17,0.4011103777394731
11,6,17,0.02787455723542097
10,7,17,0.017548229729507613
11,6,17,0.07118757559816605
13,4,17,0.24290906152647984
13,4,17,0.3026946597534982
1,16,17,0.15569932148178994
14,3,17,NaN
13,4,17,NaN
10,7,17,NaN
11,6,17,0.8012183129642948
15,2,17,0.00038165270134748655
11,6,17,0.18961882132415853
8,9,17,0.8652322931034484
10,7,17,0.031334283615135884
14,3,17,0.08665369552263176
10,7,17,0.009744839474014035
7,10,17,0.9047853618061095
9,8,17,0.07361819104140599
14,3,17,0.8006696868167401
17,0,17,NaN
16,1,17,NaN
14,3,17,0.359470761446461
15,2,17,0.5417209770628222
13,4,17,NaN
16,1,17,0.010055882129253103
16,1,17,0.24290906152647984
14,3,17,NaN
8,9,17,0.02787455723542097
8,9,17,0.8827570506600473
13,4,17,0.6843845575221035
13,4,17,0.631220773570296
7,10,17,0.6950686511737141
11,6,17,0.2473921058188817
13,4,17,0.9841738135856081
8,9,17,0.2522773353786719
10,7,17,NaN
14,3,17,0.5865196674031864
14,3,17,0.21185071034975703
12,5,17,0.01916736244973416
13,4,17,NaN
12,5,17,0.021239022675235576
14,3,17,0.6229847125927296
9,8,17,0.4011103777394731
16,1,17,0.00038697510710637863
12,5,17,0.5865196674031864
7,10,17,0.04465634022179577
11,6,17,0.631220773570296
13,4,17,NaN
13,4,17,0.24290906152647984
16,1,17,0.7038570448214456
2,15,17,0.03831329598506057
17,0,17,NaN
12,5,17,0.503617248757919
11,6,17,0.7285360200292685
12,5,17,0.9995690567257175
10,7,17,0.3337607104089206
11,6,17,NaN
15,2,17,8.049949199460921e-5
9,8,17,0.0630282359819421
12,5,17,0.002772440016913542
10,7,17,0.7726517314264018
15,2,17,NaN
12,5,17,0.1519181723889067
14,3,17,0.9279263977428174
12,5,17,0.08612589160650815
13,4,17,0.10956286025456631
13,4,17,0.545442080694089
12,5,17,0.008989518365494602
16,1,17,0.10032275229784271
13,4,17,0.026594646679114247
6,11,17,0.4011103777394731
10,7,17,0.49543559874771725
11,6,17,NaN
8,9,17,0.8076511550142321
11,6,17,0.019796251803769704
10,7,17,0.8237080657963236
12,5,17,0.0630282359819421
10,7,17,NaN
14,3,17,0.9590286414731528
11,6,17,0.03900160981941825
10,7,17,NaN
12,5,17,0.3919259465344406
13,4,17,0.5865196674031864
8,9,17,0.5417209770628222
8,9,17,0.6796560791431746
16,1,17,0.5064475937757155
13,4,17,0.6042626299089338
13,4,17,0.47185749960595624
12,5,17,0.32591233294570476
14,3,17,NaN
10,7,17,0.1780573292189295
13,4,17,0.7092033041123709
8,9,17,0.7423423413009405
15,2,17,0.8237080657963236
12,5,17,0.2783692877527476
10,7,17,0.08612589160650815
10,7,17,0.060064080904414605
11,6,17,0.053556438906752275
10,7,17,0.006803168503937128
14,3,17,0.2668400346081453
10,7,17,0.11735031057960332
14,3,17,0.39240048784992326
14,3,17,0.5865196674031864
12,5,17,NaN
9,8,17,0.23842092967590148
12,5,17,0.13695747655435897
15,2,17,NaN
14,3,17,0.03779885262984774
15,2,17,0.0008949479627873683
11,6,17,0.49543559874771725
7,10,17,NaN
13,4,17,0.2942871780591215
9,8,17,0.04541960164073589
11,6,17,0.24290906152647984
13,4,17,0.7423423413009405
12,5,17,0.03831329598506057
14,3,17,0.08612589160650815
10,7,17,0.7526642228961947
12,5,17,0.7722756456000196
6,11,17,0.1976793760340587
1,16,17,NaN
13,4,17,4.395546697564057e-5
15,2,17,NaN
10,7,17,NaN
14,3,17,0.3557510427918548
12,5,17,NaN
10,7,17,NaN
10,7,17,0.027353255841829214
13,4,17,2.885744638070234e-10
13,4,17,NaN
14,3,17,0.21898357023417914
9,8,17,0.020292802386955393
12,5,17,0.9001259164326818
12,5,17,0.2783692877527476
12,5,17,0.9272124484159221
12,5,17,0.4973985529904195
12,5,17,0.2783692877527476
11,6,17,NaN
15,2,17,0.4475557477195245
14,3,17,0.9590286414731528
13,4,17,0.8079928207706086
12,5,17,0.49543559874771725
10,7,17,0.004661589747515731
12,5,17,0.19707611935753971
11,6,17,0.11262471964996476
7,10,17,0.6413677339506569
11,6,17,0.6405140723675408
11,6,17,NaN
13,4,17,0.012042389381549527
9,8,17,0.7726517314264018
13,4,17,0.2494557729056143
9,8,17,0.631220773570296
14,3,17,0.016656938369781698
9,8,17,0.8679189613997627
15,2,17,0.31538291069709495
12,5,17,0.2783692877527476
6,11,17,NaN
11,6,17,0.7536385000056134
7,10,17,0.4235751561127616
11,6,17,0.8274898341967108
14,3,17,0.9808556116498774
12,5,17,0.1207233524403223
14,3,17,0.21369630969567505
5,12,17,0.9733084005106692
10,7,17,0.9493033010224405
12,5,17,0.5430986004575281
11,6,17,0.4095486736274439
16,1,17,0.11735031057960332
14,3,17,0.6950686511737141
7,10,17,0.042941840645308954
14,3,17,NaN
7,10,17,NaN
6,11,17,NaN
13,4,17,0.0062068859169990215
11,6,17,0.48416940683333404
3,14,17,0.44147254254094853
12,5,17,0.49543559874771725
7,10,17,0.4475557477195245
12,5,17,0.9137791798943785
15,2,17,0.16603225749772405
13,4,17,8.653049444643435e-12
12,5,17,0.1035415386416133
16,1,17,0.7423423413009405
13,4,17,0.8652322931034484
11,6,17,NaN
14,3,17,NaN
2,15,17,NaN
11,6,17,0.7248267434103376
13,4,17,0.26127154714283124
13,4,17,0.28563320389972363
11,6,17,0.17356972116971547
9,8,17,0.4268073116628547
13,4,17,0.8006696868167401
9,8,17,0.5865196674031864
12,5,17,0.9263616469895146
13,4,17,0.11637404634867884
13,4,17,0.8958762517401009
7,10,17,0.9733084005106692
14,3,17,0.4475557477195245
10,7,17,0.2975514300208542
12,5,17,0.8006696868167401
15,2,17,0.5008649244965916
16,1,17,0.7657133353504112
1,16,17,NaN
1,16,17,NaN
11,6,17,NaN
12,5,17,0.14471373825814463
8,9,17,0.4155618969404342
14,3,17,NaN
14,3,17,0.8604905597907019
13,4,17,0.9394569650180941
10,7,17,0.31271947587982574
16,1,17,0.2783692877527476
14,3,17,NaN
9,8,17,0.18348414923983342
13,4,17,3.3293276919550795e-7
13,4,17,NaN
12,5,17,NaN
8,9,17,0.4475557477195245
12,5,17,0.24290906152647984
8,9,17,0.4961681675070366
10,7,17,0.5984331673138554
8,9,17,NaN
10,7,17,NaN
12,5,17,NaN
11,6,17,0.631220773570296
9,8,17,0.3557510427918548
11,6,17,0.31538291069709495
7,10,17,0.631220773570296
11,6,17,0.22498386269722465
13,4,17,NaN
8,9,17,0.001112573913251107
13,4,17,0.02793223574317211
9,8,17,NaN
16,1,17,0.4899485608908731
8,9,17,0.08779764235512402
13,4,17,NaN
10,7,17,NaN
12,5,17,0.02168347881095848
13,4,17,0.690372541735356
10,7,17,0.24290906152647984
13,4,17,0.11313719441484342
2,15,17,0.4185035257858336
8,9,17,0.1325685749026176
12,5,17,0.0031257209014530383
7,10,17,0.11461477937699582
6,11,17,0.12875363978246712
14,3,17,0.4475557477195245
12,5,17,0.2783692877527476
13,4,17,0.05618513065833065
4,13,17,0.4093964428520231
10,7,17,0.9663500458367166
7,10,17,0.009798148058913287
13,4,17,NaN
7,10,17,NaN
17,0,17,NaN
11,6,17,0.8450772854630715
10,7,17,0.31634893464844815
8,9,17,0.11735031057960332
14,3,17,0.9613211342829432
7,10,17,0.20582323559332666
15,2,17,0.3072318420872979
13,4,17,0.739051104907514
10,7,17,0.9041706745621736
9,8,17,0.25908149401299774
10,7,17,0.3557510427918548
8,9,17,0.6043003642152587
10,7,17,0.019899677821057785
16,1,17,0.022324629115104966
11,6,17,0.04661481945225271
10,7,17,0.5522368096129566
13,4,17,0.49543559874771725
1,16,17,NaN
14,3,17,0.0630282359819421
12,5,17,0.9137791798943785
13,4,17,0.0011677580875320292
15,2,17,0.032853775051729074
13,4,17,NaN
11,6,17,0.31538291069709495
10,7,17,0.7092033041123709
10,7,17,NaN
11,6,17,0.7268476552316651
13,4,17,0.49843701202878293
8,9,17,0.002761059041062552
13,4,17,NaN
7,10,17,0.17356972116971547
5,12,17,0.0013784911301496635
10,7,17,0.421270821934869
14,3,17,0.18648463528609302
11,6,17,0.11735031057960332
11,6,17,NaN
13,4,17,0.9552802358789394
9,8,17,NaN
8,9,17,0.6636537423158765
11,6,17,0.66064614823602
13,4,17,0.003592412468363806
11,6,17,0.4475557477195245
9,8,17,NaN
11,6,17,0.004687673427512446
13,4,17,NaN
11,6,17,0.4475557477195245
15,2,17,0.5417209770628222
13,4,17,0.04531425270758149
13,4,17,0.49543559874771725
12,5,17,0.4766516671851947
9,8,17,NaN
14,3,17,0.07141183824096121
11,6,17,0.1325975403656521
10,7,17,0.4475557477195245
11,6,17,0.3822687501398029
15,2,17,0.5374373029983927
9,8,17,0.9137791798943785
9,8,17,0.05133065705972761
8,9,17,0.025250627276674223
8,9,17,0.31538291069709495
9,8,17,0.032853775051729074
12,5,17,0.07361819104140599
11,6,17,0.35960053888192506
12,5,17,0.48945833991568644
1,16,17,0.8006696868167401
12,5,17,0.023437746643316073
13,4,17,0.7726517314264018
13,4,17,NaN
10,7,17,0.8652322931034484
11,6,17,NaN
11,6,17,0.18348414923983342
14,3,17,0.06260803999115534
10,7,17,0.7092033041123709
12,5,17,0.8237080657963236
11,6,17,0.9832311188208231
14,3,17,0.04531425270758149
8,9,17,0.35152568943393225
12,5,17,0.1543705926232434
11,6,17,0.18348414923983342
10,7,17,0.7662208420318644
10,7,17,NaN
13,4,17,NaN
8,9,17,0.9718032568041506
9,8,17,0.0024735367552735604
13,4,17,0.2792859113430458
17,0,17,0.008710163983351601
6,11,17,0.009325005405405363
13,4,17,NaN
6,11,17,0.9619358398504269
5,12,17,0.8237080657963236
7,10,17,0.07544911963835085
12,5,17,0.01313315480125966
12,5,17,NaN
11,6,17,0.2631814576353171
11,6,17,0.5865196674031864
16,1,17,0.07590576012472237
2,15,17,NaN
11,6,17,0.07361819104140599
12,5,17,0.11735031057960332
13,4,17,0.9047853618061095
11,6,17,0.3333938463233502
15,2,17,0.024308214015217655
11,6,17,0.02787455723542097
8,9,17,0.11735031057960332
9,8,17,0.8652322931034484
9,8,17,0.03884016227078891
7,10,17,0.21185071034975703
14,3,17,0.06825495902453244
11,6,17,0.9951971893304458
13,4,17,0.7726517314264018
9,8,17,0.00014682898022007253
9,8,17,0.24290906152647984
13,4,17,NaN
8,9,17,0.032853775051729074
10,7,17,0.31538291069709495
11,6,17,NaN
13,4,17,0.31538291069709495
12,5,17,NaN
14,3,17,0.14897102418803865
10,7,17,0.28744147052975344
10,7,17,0.44391752998327955
1,16,17,0.9330620224675578
11,6,17,NaN
6,11,17,0.08223487405897852
2,15,17,0.5146763735289283
7,10,17,NaN
8,9,17,0.4366450870568004
12,5,17,2.340849401731311e-5
12,5,17,0.5844085215984884
2,15,17,NaN
9,8,17,0.11735031057960332
7,10,17,0.08284924503589887
9,8,17,0.7423423413009405
14,3,17,0.4246807654795071
9,8,17,NaN
4,13,17,0.010649359367759301
12,5,17,0.7881740258597342
16,1,17,0.3557510427918548
3,14,17,NaN
10,7,17,0.0630282359819421
12,5,17,0.5146763735289283
12,5,17,0.15938727449707998
16,1,17,0.631220773570296
1,16,17,NaN
2,15,17,NaN
11,6,17,0.5672778376325323
12,5,17,0.23494472612015407
7,10,17,0.28131937335208135
5,12,17,NaN
12,5,17,0.7726517314264018
13,4,17,NaN
10,7,17,0.01537187761263905
11,6,17,NaN
3,14,17,0.3141728657289024
13,4,17,0.03503152914079648
12,5,17,0.4146689370945025
12,5,17,0.7423423413009405
1,16,17,0.0012949074776442027
13,4,17,0.003667812051649711
6,11,17,0.24554553187982453
10,7,17,0.8125870368614273
7,10,17,NaN
11,6,17,0.4752249124698601
9,8,17,0.8006696868167401
15,2,17,0.08628134100085022
6,11,17,0.5511213331111136
13,4,17,0.7092033041123709
14,3,17,0.3892404650973566
10,7,17,0.2559921408322171
10,7,17,0.4865825877178927
6,11,17,0.91089910393393
4,13,17,NaN
8,9,17,0.7092033041123709
6,11,17,0.2561137773833758
10,7,17,0.2570402247196004
12,5,17,0.43691520547342655
5,12,17,NaN
6,11,17,0.6972836039916028
9,8,17,0.11735031057960332
10,7,17,NaN
2,15,17,0.9663500458367166
1,16,17,NaN
2,15,17,NaN
8,9,17,NaN
2,15,17,NaN
10,7,17,0.0007345599781720184
8,9,17,NaN
1,16,17,0.3557510427918548
6,11,17,0.9001259164326818
9,8,17,0.04080684219372933
1,16,17,0.9045778814339657
3,14,17,NaN
3,14,17,0.0003276909898010147
3,14,17,0.7385892406949538
8,9,17,0.3610387326885879
9,8,17,NaN
1,16,17,0.5865196674031864
1,16,17,0.9335053885363508
8,9,17,NaN
1,16,17,NaN
2,15,17,NaN
2,15,17,0.31538291069709495
3,14,17,0.036541178131565995
1,16,17,NaN
1,16,17,NaN
1,16,17,NaN
1,16,17,0.3557510427918548
1,16,17,0.7855295918200583
0,17,17,NaN
0,17,17,NaN
0,17,17,0.9326657668111178
0,17,17,NaN
0,17,17,0.32135031818130005
0,17,17,NaN
0,17,17,0.05429657279811578
0,17,17,NaN
0,17,17,0.02790304878334621
0,17,17,NaN
0,17,17,NaN
0,17,17,0.07361819104140599
0,17,17,NaN
13,3,16,0.4900402663959319
8,8,16,0.049239272852831896
11,5,16,0.25171158936803867
10,6,16,0.14157911709477275
11,5,16,0.27942435272494737
11,5,16,0.2783692877527476
11,5,16,0.7925277857155424
10,6,16,NaN
13,3,16,0.5737458270684518
11,5,16,0.2668400346081453
8,8,16,4.8006803043425705e-12
8,8,16,0.18348414923983342
9,7,16,0.9137791798943785
12,4,16,0.375752638645631
11,5,16,NaN
11,5,16,0.7092033041123709
12,4,16,NaN
16,0,16,0.2714976848618461
13,3,16,0.0012138218522582994
9,7,16,0.0013013148883949243
12,4,16,0.908697676402728
13,3,16,0.4155618969404342
15,1,16,0.03501382026289612
7,9,16,0.8237080657963236
7,9,16,NaN
13,3,16,0.2783692877527476
11,5,16,0.5467073711781758
9,7,16,0.4475557477195245
14,2,16,0.29847576848684493
9,7,16,NaN
13,3,16,0.7726517314264018
11,5,16,0.18493726411462888
12,4,16,0.1077079626983887
11,5,16,0.18348414923983342
12,4,16,0.6717661875924231
6,10,16,0.5844085215984884
8,8,16,NaN
11,5,16,0.9263119250928534
15,1,16,0.1392693535783721
11,5,16,NaN
10,6,16,0.6417181726202376
13,3,16,0.13695747655435897
10,6,16,0.3597687351920953
11,5,16,0.9272124484159221
11,5,16,2.296505801066433e-7
13,3,16,0.9394569650180941
11,5,16,NaN
16,0,16,0.7726517314264018
10,6,16,0.8768950493373591
12,4,16,NaN
12,4,16,0.15938727449707998
13,3,16,NaN
8,8,16,0.02787455723542097
7,9,16,0.7092033041123709
9,7,16,0.8977908603660062
12,4,16,0.3557510427918548
8,8,16,NaN
10,6,16,0.8237080657963236
13,3,16,0.14499639323270927
12,4,16,0.631220773570296
14,2,16,0.04496806073659027
11,5,16,0.19159711197536944
12,4,16,0.15938727449707998
6,10,16,0.23170859946795502
7,9,16,0.32425409851355075
11,5,16,0.053556438906752275
11,5,16,0.0012018674990355908
14,2,16,0.03831329598506057
9,7,16,0.0630282359819421
12,4,16,0.4475557477195245
16,0,16,0.8541931599983016
12,4,16,NaN
8,8,16,NaN
13,3,16,0.22915169335290791
8,8,16,0.9808672481618017
12,4,16,0.017008965440000638
8,8,16,0.195062921057229
11,5,16,0.9493033010224405
16,0,16,NaN
10,6,16,NaN
13,3,16,0.016656938369781698
9,7,16,0.06831992703274058
13,3,16,NaN
6,10,16,NaN
11,5,16,0.06872016254519576
14,2,16,0.11735031057960332
10,6,16,0.6568777961458048
13,3,16,0.026594646679114247
12,4,16,0.003667812051649711
15,1,16,0.3272561423761583
12,4,16,NaN
16,0,16,NaN
11,5,16,NaN
11,5,16,0.4475557477195245
9,7,16,0.5307129997503319
16,0,16,NaN
13,3,16,0.13695747655435897
7,9,16,0.2603671378658508
14,2,16,0.9733084005106692
9,7,16,0.5180838030620013
12,4,16,0.7423423413009405
8,8,16,0.3723615950923112
8,8,16,NaN
12,4,16,NaN
10,6,16,NaN
11,5,16,NaN
8,8,16,0.00013095828922382892
12,4,16,0.21185071034975703
14,2,16,0.11735031057960332
12,4,16,0.3557510427918548
13,3,16,0.9137791798943785
13,3,16,0.8827570506600473
15,1,16,0.3026507247004084
14,2,16,0.2957919183598498
15,1,16,0.05017124039070595
12,4,16,NaN
9,7,16,NaN
15,1,16,0.31538291069709495
12,4,16,0.7726517314264018
14,2,16,0.8022489684262707
7,9,16,0.7038570448214456
8,8,16,0.631220773570296
10,6,16,0.032853775051729074
12,4,16,0.20774295427201153
13,3,16,0.003404124220755101
12,4,16,0.06548692766554295
13,3,16,0.8237080657963236
14,2,16,0.3324741337663371
7,9,16,0.4011103777394731
8,8,16,0.631220773570296
11,5,16,NaN
12,4,16,0.1327066024225612
9,7,16,0.9493033010224405
10,6,16,0.09496436183797953
14,2,16,0.9841738135856081
8,8,16,0.8827570506600473
9,7,16,NaN
9,7,16,NaN
15,1,16,0.2782858765490707
14,2,16,0.2241006591175338
11,5,16,NaN
13,3,16,0.21185071034975703
8,8,16,0.21185071034975703
11,5,16,0.0009844769547195376
13,3,16,0.5417209770628222
11,5,16,0.009325005405405363
13,3,16,0.7423423413009405
8,8,16,0.019796251803769704
9,7,16,0.1484070582608323
7,9,16,0.6391470662697895
12,4,16,0.03831329598506057
8,8,16,0.18395114115041264
11,5,16,0.4011103777394731
11,5,16,0.15938727449707998
12,4,16,0.5732667899725651
14,2,16,0.0630282359819421
14,2,16,0.9733084005106692
9,7,16,0.37845497725296856
13,3,16,0.016656938369781698
11,5,16,0.9493033010224405
11,5,16,0.15938727449707998
10,6,16,0.007349342594627595
14,2,16,0.7092033041123709
15,1,16,0.7726517314264018
8,8,16,NaN
13,3,16,0.6264160159883685
10,6,16,0.020005147790696863
13,3,16,0.11735031057960332
14,2,16,0.7726517314264018
15,1,16,0.2783692877527476
14,2,16,NaN
10,6,16,NaN
13,3,16,0.7726517314264018
12,4,16,0.4475557477195245
12,4,16,NaN
12,4,16,0.05542851654599219
15,1,16,0.25027628076842046
13,3,16,0.8321710190399452
11,5,16,0.7726517314264018
7,9,16,0.709224671035608
11,5,16,0.4636536557958813
11,5,16,0.02787455723542097
13,3,16,0.004531226959392886
13,3,16,NaN
8,8,16,0.010717483322892778
5,11,16,NaN
5,11,16,0.034883315833211054
9,7,16,0.09662456472828673
10,6,16,0.9552802358789394
11,5,16,0.005496058292901077
9,7,16,0.11700036290711727
12,4,16,NaN
13,3,16,9.141000518666484e-5
9,7,16,0.11097275779599804
9,7,16,NaN
13,3,16,0.31538291069709495
13,3,16,0.9364918857724489
11,5,16,NaN
11,5,16,NaN
15,1,16,0.631220773570296
6,10,16,NaN
9,7,16,0.8006696868167401
10,6,16,0.0011017787692403803
11,5,16,0.2221151235262964
8,8,16,0.5865196674031864
14,2,16,0.5492163170744987
10,6,16,0.26993409927646833
9,7,16,NaN
15,1,16,0.7092033041123709
9,7,16,NaN
11,5,16,0.29010783588692146
2,14,16,0.0964723484083684
8,8,16,0.196869417588188
9,7,16,0.8493614973272341
14,2,16,NaN
12,4,16,0.07718793064065221
15,1,16,NaN
12,4,16,0.011730963053476734
10,6,16,0.44375834365441974
13,3,16,0.5940785884460495
10,6,16,NaN
9,7,16,0.2159574439562929
1,15,16,0.4528634382520113
10,6,16,0.6717661875924231
11,5,16,NaN
12,4,16,0.24396201999859388
12,4,16,NaN
9,7,16,0.8006696868167401
2,14,16,NaN
16,0,16,0.18348414923983342
6,10,16,0.7023566697163772
13,3,16,0.5417209770628222
12,4,16,0.8237080657963236
12,4,16,0.19957227644314274
11,5,16,0.7880528047596678
8,8,16,NaN
11,5,16,NaN
10,6,16,0.3557510427918548
8,8,16,NaN
14,2,16,0.7092033041123709
10,6,16,0.4011103777394731
10,6,16,0.5865196674031864
8,8,16,NaN
11,5,16,NaN
1,15,16,0.7092033041123709
11,5,16,0.29847576848684493
10,6,16,NaN
16,0,16,0.4011103777394731
12,4,16,0.5925906923416039
4,12,16,NaN
2,14,16,NaN
14,2,16,0.12119744326034639
12,4,16,NaN
1,15,16,NaN
13,3,16,NaN
10,6,16,0.19435110503005956
5,11,16,0.21297457873757988
5,11,16,NaN
10,6,16,0.3888140191088024
9,7,16,0.0068545492559503604
11,5,16,0.3103194978340013
7,9,16,0.0630282359819421
8,8,16,0.032853775051729074
11,5,16,NaN
9,7,16,0.10032275229784271
9,7,16,0.30103213646103233
12,4,16,0.8652322931034484
9,7,16,NaN
14,2,16,0.9001259164326818
12,4,16,0.357899252725739
7,9,16,0.022381981902679284
11,5,16,0.06227839807645494
14,2,16,NaN
13,3,16,0.8006696868167401
11,5,16,NaN
10,6,16,0.2783692877527476
5,11,16,0.975220326295321
10,6,16,0.18348414923983342
12,4,16,0.8827570506600473
12,4,16,NaN
8,8,16,0.009513809744069091
12,4,16,0.5146763735289283
8,8,16,0.07470937113784967
11,5,16,0.3557510427918548
11,5,16,0.10354475183949527
11,5,16,0.4568058880761001
12,4,16,0.9789190809366978
13,3,16,0.31538291069709495
9,7,16,0.00432386831462621
13,3,16,0.8237080657963236
13,3,16,0.03475273126151613
12,4,16,0.5523594264436357
11,5,16,NaN
13,3,16,0.39359808544292213
10,6,16,NaN
10,6,16,NaN
8,8,16,NaN
7,9,16,0.26318056708655846
10,6,16,0.7514535986009501
10,6,16,0.07361819104140599
7,9,16,NaN
6,10,16,0.31538291069709495
7,9,16,0.8827570506600473
10,6,16,2.0221055218967303e-5
16,0,16,0.33895987665291366
15,1,16,0.06021855189346821
9,7,16,0.631220773570296
7,9,16,0.9137791798943785
14,2,16,0.3557510427918548
14,2,16,0.7726517314264018
11,5,16,0.9943152957847301
11,5,16,0.5355407629923271
12,4,16,0.0932684286944658
8,8,16,NaN
9,7,16,0.8006696868167401
11,5,16,0.12689770468905617
11,5,16,0.9047853618061095
4,12,16,NaN
15,1,16,0.5237310479321983
13,3,16,0.12688059511667665
6,10,16,0.4475557477195245
12,4,16,0.15938727449707998
7,9,16,0.062193508317096004
13,3,16,0.17271098373190868
8,8,16,0.631220773570296
10,6,16,NaN
11,5,16,0.3039733754655808
15,1,16,NaN
8,8,16,0.8915404230904574
6,10,16,0.8237080657963236
13,3,16,0.20621922975353818
13,3,16,0.631220773570296
11,5,16,0.12100880764788799
11,5,16,0.20568879680630042
9,7,16,0.0988132756548661
10,6,16,0.6698788055378292
9,7,16,NaN
1,15,16,0.24290906152647984
9,7,16,NaN
5,11,16,0.01771148389029435
12,4,16,0.5542516315928843
13,3,16,0.12625547858496297
8,8,16,0.04531425270758149
10,6,16,0.4475557477195245
7,9,16,0.6717661875924231
12,4,16,0.5426668495795439
6,10,16,0.6717661875924231
7,9,16,0.07553554539688294
5,11,16,0.057576555704222286
10,6,16,0.0026035209678680307
12,4,16,1.388681907724796e-7
11,5,16,0.511783503104429
12,4,16,NaN
6,10,16,0.2891119914176707
7,9,16,0.7820609827246356
9,7,16,0.40538887276656754
13,3,16,5.065685979228514e-7
14,2,16,NaN
9,7,16,0.10528657409123422
12,4,16,0.22591967433495166
7,9,16,NaN
12,4,16,0.3310296729336042
13,3,16,0.21185071034975703
10,6,16,5.623116588971736e-6
12,4,16,0.5847567171990724
13,3,16,0.12670636113747785
13,3,16,0.3725392989296786
12,4,16,0.8294436785114185
4,12,16,NaN
10,6,16,0.5865196674031864
11,5,16,NaN
11,5,16,0.4201685643263037
9,7,16,0.007595454591845313
4,12,16,0.0027830341437768066
11,5,16,0.014215181836608465
9,7,16,0.9590286414731528
12,4,16,0.1863576031364594
1,15,16,NaN
13,3,16,NaN
4,12,16,NaN
11,5,16,0.5417209770628222
2,14,16,NaN
11,5,16,NaN
14,2,16,0.6204470982425578
10,6,16,0.4475557477195245
13,3,16,0.9272124484159221
13,3,16,NaN
9,7,16,NaN
10,6,16,0.04225142236583336
12,4,16,0.7092033041123709
13,3,16,0.7423423413009405
10,6,16,0.15938727449707998
13,3,16,NaN
6,10,16,0.4475557477195245
7,9,16,0.49543559874771725
10,6,16,0.3557510427918548
6,10,16,0.3557510427918548
6,10,16,0.11735031057960332
9,7,16,0.9137791798943785
11,5,16,0.08826704266182107
14,2,16,0.005318233933871314
12,4,16,NaN
10,6,16,0.016656938369781698
14,2,16,0.7092033041123709
9,7,16,0.0009646034301593737
14,2,16,0.9001259164326818
7,9,16,0.4475557477195245
9,7,16,0.0004825286366637165
2,14,16,NaN
10,6,16,0.342351909980851
6,10,16,0.8450772854630715
15,1,16,0.00010581386060999958
14,2,16,0.0033920156618348686
11,5,16,NaN
10,6,16,NaN
10,6,16,NaN
10,6,16,0.9767012567429126
10,6,16,0.03104637078153939
8,8,16,NaN
7,9,16,0.032853775051729074
12,4,16,0.7423423413009405
12,4,16,0.8827570506600473
11,5,16,0.15357837958587992
8,8,16,0.058354162995388384
9,7,16,0.9605964584106655
10,6,16,0.7448798590570943
7,9,16,0.5865196674031864
13,3,16,0.631220773570296
7,9,16,0.10032275229784271
3,13,16,0.9137791798943785
10,6,16,0.011335119107957231
8,8,16,0.0630282359819421
13,3,16,NaN
9,7,16,NaN
14,2,16,0.501794023268653
13,3,16,NaN
12,4,16,NaN
13,3,16,NaN
12,4,16,NaN
11,5,16,NaN
7,9,16,NaN
6,10,16,0.31538291069709495
13,3,16,0.04354780911927889
9,7,16,NaN
12,4,16,NaN
8,8,16,0.7092033041123709
16,0,16,0.9583290119876946
10,6,16,NaN
4,12,16,NaN
13,3,16,0.2942871780591215
9,7,16,0.8968350593948436
11,5,16,0.9272124484159221
8,8,16,0.08612589160650815
10,6,16,0.08612589160650815
10,6,16,NaN
14,2,16,0.7092033041123709
5,11,16,NaN
14,2,16,0.053564177766910887
10,6,16,NaN
10,6,16,0.6021883752825276
11,5,16,0.02787455723542097
7,9,16,0.3465592725663442
13,3,16,0.0645451570159832
10,6,16,0.17238430267111704
9,7,16,0.21185071034975703
10,6,16,NaN
13,3,16,NaN
13,3,16,0.12770259521801752
12,4,16,NaN
9,7,16,0.4011103777394731
8,8,16,0.7128005557515206
8,8,16,NaN
9,7,16,0.07410943283789428
5,11,16,NaN
10,6,16,0.005359751268792051
14,2,16,0.3605822763026956
14,2,16,NaN
7,9,16,0.8840328478926476
11,5,16,0.817945423828407
9,7,16,0.5857957459432052
5,11,16,0.010158819353159518
12,4,16,0.7506126132473532
7,9,16,NaN
3,13,16,NaN
9,7,16,0.7726517314264018
11,5,16,0.5417209770628222
12,4,16,0.0630282359819421
3,13,16,NaN
8,8,16,0.9649338511105422
9,7,16,0.24290906152647984
13,3,16,0.10032275229784271
10,6,16,0.7823599011535749
12,4,16,0.025818660312272382
14,2,16,NaN
14,2,16,0.3877627654726201
11,5,16,0.003395477997022199
11,5,16,0.43205250861296085
10,6,16,0.9061359679672314
2,14,16,0.6717661875924231
12,4,16,0.3557510427918548
11,5,16,0.6717661875924231
10,6,16,0.9087765574216081
12,4,16,0.394605926423372
13,3,16,NaN
10,6,16,0.8237080657963236
11,5,16,NaN
12,4,16,0.4011103777394731
3,13,16,NaN
14,2,16,0.6386796318110681
11,5,16,0.9916966421839661
6,10,16,0.0048802753390964435
5,11,16,0.7092033041123709
5,11,16,0.8526058373300494
11,5,16,0.7423423413009405
12,4,16,NaN
13,3,16,0.5699705231400491
12,4,16,0.3557510427918548
8,8,16,0.0004370925888754068
13,3,16,0.11883195402292496
9,7,16,0.4475557477195245
6,10,16,NaN
12,4,16,0.4475557477195245
13,3,16,0.8237080657963236
13,3,16,0.5417209770628222
13,3,16,0.0369219550987259
13,3,16,NaN
9,7,16,NaN
11,5,16,0.0014918924118052313
8,8,16,0.6717661875924231
14,2,16,0.24290906152647984
10,6,16,0.1790271854560608
11,5,16,0.49543559874771725
10,6,16,0.35648023105927507
11,5,16,0.00900852412219906
13,3,16,0.011335119107957231
14,2,16,0.21185071034975703
8,8,16,0.4475557477195245
13,3,16,0.7875281829546396
11,5,16,0.3444901113556937
11,5,16,0.026594646679114247
14,2,16,0.006701274001607788
7,9,16,NaN
11,5,16,0.24443865594187517
9,7,16,0.016656938369781698
12,4,16,NaN
10,6,16,0.21185071034975703
14,2,16,0.9272124484159221
13,3,16,0.21185071034975703
12,4,16,0.31538291069709495
11,5,16,0.49543559874771725
12,4,16,0.11463477824921749
12,4,16,NaN
12,4,16,0.49543559874771725
14,2,16,NaN
11,5,16,0.9493033010224405
6,10,16,NaN
13,3,16,0.3717220763233483
11,5,16,NaN
12,4,16,0.18615708809469445
10,6,16,0.5865196674031864
7,9,16,NaN
14,2,16,0.000874418276153639
10,6,16,0.6254234588580411
13,3,16,0.8827570506600473
10,6,16,0.4913098970603964
11,5,16,0.6868672000096077
6,10,16,0.01384068834559692
11,5,16,0.01208617291869937
8,8,16,0.21185071034975703
8,8,16,0.8237080657963236
11,5,16,8.622040621981201e-14
8,8,16,0.7092033041123709
11,5,16,0.07902109726703821
7,9,16,0.9394569650180941
10,6,16,NaN
13,3,16,0.31538291069709495
6,10,16,0.3150483631470831
10,6,16,0.5865196674031864
3,13,16,0.3103194978340013
10,6,16,0.7977546097161138
9,7,16,NaN
7,9,16,0.2494749773582881
12,4,16,NaN
10,6,16,0.19492774381157046
9,7,16,NaN
12,4,16,0.10417057883959625
10,6,16,0.31538291069709495
15,1,16,0.631220773570296
7,9,16,0.546152762799012
13,3,16,0.012442580572015362
11,5,16,NaN
11,5,16,0.9771118332272938
9,7,16,NaN
13,3,16,0.5417209770628222
11,5,16,0.6432678645368975
8,8,16,NaN
10,6,16,0.626141507049353
12,4,16,0.7092033041123709
7,9,16,0.8006586145440605
10,6,16,0.6717661875924231
12,4,16,0.005348631961147096
4,12,16,0.06794155465432075
9,7,16,NaN
10,6,16,NaN
9,7,16,0.8450772854630715
6,10,16,0.631220773570296
11,5,16,0.9663500458367166
11,5,16,0.0630282359819421
1,15,16,NaN
8,8,16,0.2484235608089718
10,6,16,0.7008889145275486
14,2,16,0.13695747655435897
6,10,16,NaN
2,14,16,0.33373622658903607
13,3,16,NaN
3,13,16,0.49267983519741093
13,3,16,0.14224141826129347
2,14,16,NaN
12,4,16,0.00712079617810087
10,6,16,0.25222205383052254
8,8,16,0.03831329598506057
7,9,16,0.0050474622100782065
12,4,16,0.2783692877527476
10,6,16,0.031899501372293
15,1,16,0.4011103777394731
7,9,16,0.8481500961174243
9,7,16,0.842610009032625
3,13,16,NaN
12,4,16,0.7506126132473532
10,6,16,NaN
3,13,16,0.8827570506600473
9,7,16,0.0006975334192844276
2,14,16,NaN
6,10,16,NaN
11,5,16,0.05750638982280608
4,12,16,NaN
3,13,16,NaN
1,15,16,NaN
1,15,16,NaN
4,12,16,NaN
5,11,16,0.21185071034975703
7,9,16,0.2877462349704765
4,12,16,NaN
7,9,16,0.5417209770628222
1,15,16,NaN
8,8,16,NaN
8,8,16,0.18348414923983342
12,4,16,0.6597176328110647
12,4,16,0.9828950801648408
8,8,16,0.03593791381959602
2,14,16,0.5865196674031864
1,15,16,0.17921908749339832
10,6,16,0.7423423413009405
7,9,16,0.24984807575517048
12,4,16,NaN
10,6,16,0.48945833991568644
11,5,16,NaN
2,14,16,NaN
6,10,16,NaN
9,7,16,0.053556438906752275
9,7,16,0.9137791798943785
2,14,16,NaN
5,11,16,0.49543559874771725
1,15,16,NaN
14,2,16,6.206130491767881e-9
5,11,16,0.3557510427918548
7,9,16,0.7810055657748826
9,7,16,0.0003874035324142765
2,14,16,0.6433829158177681
13,3,16,0.0008470769423271764
5,11,16,0.17333563068094793
5,11,16,0.299410987035136
8,8,16,NaN
6,10,16,NaN
1,15,16,0.4475557477195245
2,14,16,NaN
12,4,16,NaN
4,12,16,0.7219140550350145
10,6,16,NaN
7,9,16,0.23913202231029848
2,14,16,NaN
3,13,16,0.19859468434503524
2,14,16,NaN
5,11,16,0.9943152957847301
9,7,16,0.42949506880680377
10,6,16,NaN
2,14,16,NaN
2,14,16,0.8006696868167401
1,15,16,0.2739049320052103
1,15,16,NaN
2,14,16,NaN
1,15,16,0.9925658235881764
7,9,16,NaN
1,15,16,NaN
1,15,16,NaN
1,15,16,0.024063943254327813
1,15,16,NaN
1,15,16,NaN
2,14,16,NaN
1,15,16,NaN
1,15,16,0.7423423413009405
1,15,16,0.49855548918784687
1,15,16,0.9663500458367166
1,15,16,NaN
1,15,16,NaN
0,16,16,NaN
0,16,16,0.7726517314264018
0,16,16,0.5197683261972018
0,16,16,NaN
0,16,16,NaN
0,16,16,NaN
0,16,16,NaN
0,16,16,NaN
0,16,16,0.8827570506600473
0,16,16,NaN
0,16,16,0.002139442240084159
0,16,16,0.6871490121725579
0,16,16,0.016414348944174123
0,16,16,NaN
0,16,16,NaN
0,16,16,NaN
0,16,16,0.6356413808412722
0,16,16,NaN
0,16,16,0.6688945058522343
0,16,16,NaN
0,16,16,NaN
0,16,16,0.22061921544044888
0,16,16,NaN
0,16,16,NaN
0,16,16,0.04725951977618308
10,5,15,0.08612589160650815
14,1,15,0.0355000492218276
11,4,15,0.5865196674031864
8,7,15,0.3557510427918548
10,5,15,NaN
10,5,15,0.7656968560480337
10,5,15,0.31538291069709495
10,5,15,0.9694866988204678
12,3,15,NaN
10,5,15,0.4011103777394731
13,2,15,0.32135031818130005
8,7,15,0.0010924264673128736
12,3,15,0.4475557477195245
7,8,15,0.3557510427918548
10,5,15,0.28545283363868706
13,2,15,0.9633235668440655
13,2,15,0.0028788935843253277
8,7,15,0.1419732221633412
9,6,15,0.24290906152647984
10,5,15,0.24290906152647984
13,2,15,0.8237080657963236
15,0,15,0.49556951559665646
10,5,15,0.5052281329563304
6,9,15,NaN
13,2,15,0.631220773570296
11,4,15,0.6457683903191924
13,2,15,0.02734240080635676
6,9,15,NaN
12,3,15,1.4755744113926068e-8
12,3,15,NaN
13,2,15,0.9001259164326818
14,1,15,0.7682870000122884
11,4,15,NaN
10,5,15,0.7727708809183191
12,3,15,0.16714743536748533
11,4,15,0.08393888398961358
13,2,15,0.2783692877527476
8,7,15,0.4475557477195245
13,2,15,0.08612589160650815
10,5,15,NaN
11,4,15,NaN
12,3,15,0.8237080657963236
8,7,15,0.032853775051729074
6,9,15,NaN
12,3,15,0.703988719890633
12,3,15,0.053556438906752275
9,6,15,0.2813248436692725
13,2,15,0.15938727449707998
9,6,15,NaN
2,13,15,NaN
12,3,15,0.06741566766819969
15,0,15,0.15021370908375797
11,4,15,NaN
13,2,15,0.007011102271575438
9,6,15,0.18827109310092122
9,6,15,0.47392407785921564
11,4,15,0.04072166146359844
10,5,15,NaN
7,8,15,0.4662587206882263
8,7,15,0.23552307669141448
9,6,15,0.08123379932291548
11,4,15,0.9663500458367166
12,3,15,3.560362325460238e-7
1,14,15,NaN
12,3,15,0.08317745655352905
13,2,15,NaN
12,3,15,0.0003423317280711214
8,7,15,NaN
9,6,15,0.00022840979187389222
9,6,15,0.21185071034975703
10,5,15,0.0008764135455293186
12,3,15,NaN
13,2,15,0.032853775051729074
12,3,15,0.1859530793765629
12,3,15,0.9396124013901456
7,8,15,0.13695747655435897
11,4,15,0.5070210530304022
11,4,15,0.5865196674031864
13,2,15,0.49543559874771725
8,7,15,0.49543559874771725
12,3,15,NaN
13,2,15,0.9285169630830131
8,7,15,NaN
10,5,15,0.4475557477195245
7,8,15,0.5417209770628222
13,2,15,0.09260072053031143
9,6,15,0.28175046990652614
5,10,15,0.7423423413009405
11,4,15,NaN
13,2,15,0.030542744584735878
13,2,15,0.31538291069709495
9,6,15,0.6717661875924231
9,6,15,0.7205877402301744
9,6,15,0.02553676010470016
11,4,15,0.6321476555792362
11,4,15,0.31538291069709495
11,4,15,0.4475557477195245
9,6,15,0.038906326505298044
13,2,15,0.07361819104140599
7,8,15,0.4011103777394731
8,7,15,0.24290906152647984
13,2,15,0.06670616978853501
12,3,15,0.8153467809355665
13,2,15,0.7092033041123709
13,2,15,0.10954400898331997
8,7,15,0.04661481945225271
12,3,15,NaN
14,1,15,NaN
14,1,15,0.8796109313778655
12,3,15,NaN
13,2,15,0.9340627515306714
11,4,15,NaN
14,1,15,NaN
11,4,15,NaN
7,8,15,0.940056172794659
9,6,15,0.0006593839366846184
12,3,15,0.0813912549450475
10,5,15,0.7334075819028752
10,5,15,NaN
10,5,15,0.8827570506600473
13,2,15,0.04531425270758149
9,6,15,0.8652322931034484
8,7,15,0.005519726298591066
13,2,15,0.003117105430582097
10,5,15,0.0020956078012940122
12,3,15,0.04099133246999384
7,8,15,0.8152951146133426
13,2,15,0.4011103777394731
10,5,15,0.04707049003766431
13,2,15,0.37907018067302667
10,5,15,0.8237080657963236
11,4,15,0.8908544730115748
11,4,15,0.10032275229784271
13,2,15,0.8652322931034484
10,5,15,0.027039842050253816
9,6,15,0.9733084005106692
12,3,15,0.9274019357519657
10,5,15,0.49543559874771725
12,3,15,0.745456414713279
10,5,15,0.7092033041123709
11,4,15,0.9789190809366978
12,3,15,0.7811680378186527
12,3,15,0.5341764375798196
11,4,15,0.3557510427918548
14,1,15,0.053556438906752275
8,7,15,NaN
13,2,15,0.0018409182881712915
9,6,15,0.8341814092685019
8,7,15,NaN
13,2,15,NaN
13,2,15,0.9272124484159221
10,5,15,0.35847054941896755
8,7,15,0.0001929603299358475
10,5,15,0.9642986847886383
11,4,15,0.7580702514020391
10,5,15,0.8450772854630715
11,4,15,0.8526058373300494
11,4,15,0.4569090139327938
8,7,15,0.9001259164326818
8,7,15,NaN
12,3,15,0.6717661875924231
10,5,15,0.05228298848233994
9,6,15,0.19198453145590996
10,5,15,0.3557510427918548
10,5,15,NaN
11,4,15,0.4011103777394731
11,4,15,0.9001259164326818
12,3,15,0.6872942254867754
7,8,15,0.18348414923983342
8,7,15,0.19472917649073473
13,2,15,NaN
4,11,15,NaN
9,6,15,0.7092033041123709
11,4,15,0.0016046446991597899
10,5,15,0.7092033041123709
11,4,15,0.631220773570296
10,5,15,NaN
5,10,15,0.022050876688718277
8,7,15,0.024858775295475293
8,7,15,0.00040191612502094243
7,8,15,0.07361819104140599
10,5,15,2.6975267940305583e-7
10,5,15,0.5905737349278576
4,11,15,0.3888140191088024
4,11,15,NaN
9,6,15,0.7261107092544306
8,7,15,7.184581133531648e-9
8,7,15,0.11223536531953436
10,5,15,0.3901201530147684
8,7,15,NaN
12,3,15,0.08443744215140857
12,3,15,0.05941974196009006
11,4,15,0.17743136400404258
9,6,15,0.5263499558718666
11,4,15,0.9137791798943785
14,1,15,NaN
12,3,15,NaN
8,7,15,0.7726517314264018
9,6,15,0.7726517314264018
14,1,15,NaN
8,7,15,NaN
10,5,15,0.2783692877527476
8,7,15,0.6127253479327994
11,4,15,NaN
10,5,15,NaN
12,3,15,0.7423423413009405
12,3,15,0.032853775051729074
14,1,15,0.24290906152647984
8,7,15,0.7092033041123709
8,7,15,0.34856951380596785
14,1,15,0.5256481178705676
9,6,15,NaN
6,9,15,0.6323697730089415
14,1,15,0.9663500458367166
11,4,15,0.03210571970344251
8,7,15,0.7092033041123709
10,5,15,NaN
10,5,15,0.5865196674031864
6,9,15,0.3557510427918548
6,9,15,0.33430800744614414
11,4,15,NaN
11,4,15,0.9001259164326818
6,9,15,7.544695534965685e-8
12,3,15,NaN
9,6,15,0.10032275229784271
13,2,15,0.053556438906752275
9,6,15,0.031899501372293
13,2,15,NaN
14,1,15,0.06143104537198969
10,5,15,0.3760532220974157
11,4,15,0.0012621289791866458
9,6,15,0.002201309495423319
4,11,15,0.33402737760616014
8,7,15,0.3949200764673108
7,8,15,NaN
8,7,15,0.9307420387685307
12,3,15,0.8541931599983016
13,2,15,0.3775607020751841
14,1,15,0.4155618969404342
13,2,15,0.00539255326564345
9,6,15,0.03903425320178961
13,2,15,0.9885707782763422
9,6,15,NaN
6,9,15,0.3239342916911791
12,3,15,0.13699179304262096
10,5,15,NaN
9,6,15,0.5839124728683047
13,2,15,0.15938727449707998
10,5,15,NaN
9,6,15,0.5417209770628222
11,4,15,0.21185071034975703
9,6,15,0.0006559155442738615
10,5,15,NaN
9,6,15,0.10032275229784271
7,8,15,NaN
11,4,15,0.695457460023677
7,8,15,0.9335053885363508
13,2,15,0.0003552762484791878
11,4,15,NaN
10,5,15,NaN
14,1,15,0.3296496747755379
9,6,15,0.37322053774492564
11,4,15,NaN
8,7,15,0.04111597475776526
13,2,15,0.1298913753050103
8,7,15,0.5417209770628222
12,3,15,0.8372517378711529
11,4,15,0.04412921594216332
10,5,15,0.24290906152647984
13,2,15,0.7605163232861438
8,7,15,0.2783692877527476
7,8,15,0.8052971416746826
7,8,15,0.4011103777394731
12,3,15,0.922327162446617
6,9,15,1.1873160036902819e-5
10,5,15,0.11735031057960332
15,0,15,0.13695747655435897
8,7,15,0.888027249129814
13,2,15,0.9590286414731528
11,4,15,NaN
13,2,15,0.7738393337297048
9,6,15,0.31538291069709495
9,6,15,0.10715651534468983
10,5,15,0.9943152957847301
12,3,15,0.1205032423776778
10,5,15,0.06881660911425548
14,1,15,0.9396124013901456
6,9,15,0.0438051080855654
11,4,15,0.0026867129900789606
10,5,15,NaN
10,5,15,0.023526326196296094
8,7,15,0.5865196674031864
11,4,15,0.29847576848684493
11,4,15,0.008737098674214166
2,13,15,0.13695747655435897
12,3,15,0.0002041335794507196
11,4,15,0.6346459469163467
11,4,15,0.04842606987728173
8,7,15,0.8237080657963236
14,1,15,0.8249409268386005
11,4,15,NaN
9,6,15,0.6163604147416746
10,5,15,0.07361819104140599
10,5,15,NaN
8,7,15,NaN
14,1,15,0.17930224988153035
10,5,15,0.469883223005602
9,6,15,NaN
9,6,15,0.007721401887679913
7,8,15,1.3105584967041518e-6
10,5,15,NaN
8,7,15,0.5417209770628222
13,2,15,0.11735031057960332
9,6,15,0.7092033041123709
10,5,15,0.5847567171990724
11,4,15,0.5417209770628222
10,5,15,0.21191544278829363
9,6,15,0.5461169719095101
7,8,15,0.053556438906752275
12,3,15,0.0630282359819421
9,6,15,0.4766516671851947
13,2,15,NaN
14,1,15,0.3557510427918548
11,4,15,0.17009275447833222
6,9,15,NaN
11,4,15,0.0288126439623417
12,3,15,0.9493033010224405
14,1,15,0.13487041295141755
14,1,15,NaN
11,4,15,0.3557510427918548
4,11,15,0.3548182002076019
9,6,15,0.3087882692748593
6,9,15,0.20118609468023665
9,6,15,0.09026587297715583
9,6,15,NaN
9,6,15,0.09787411102311168
11,4,15,0.05862347115839186
11,4,15,0.19836724411176057
13,2,15,NaN
11,4,15,0.7935477201410412
14,1,15,0.08416581362828522
3,12,15,0.7423423413009405
11,4,15,0.5901033178781384
8,7,15,0.6386796318110681
9,6,15,0.5654780307646291
8,7,15,8.255421678437957e-6
10,5,15,0.5865196674031864
9,6,15,NaN
12,3,15,0.7423423413009405
9,6,15,NaN
10,5,15,0.8012183129642948
13,2,15,0.9765830630298109
9,6,15,0.1502375395695235
11,4,15,0.00017669157988076597
8,7,15,0.0008603930942242162
13,2,15,NaN
8,7,15,NaN
12,3,15,0.7423423413009405
8,7,15,0.31538291069709495
9,6,15,0.631220773570296
7,8,15,0.014775618560071972
11,4,15,NaN
11,4,15,0.3156487325890171
11,4,15,0.00023688297787026133
12,3,15,0.15749035748076032
11,4,15,0.0011659133774777313
10,5,15,NaN
14,1,15,0.9696541483598794
7,8,15,NaN
11,4,15,0.4475557477195245
12,3,15,0.004179568439993116
8,7,15,NaN
11,4,15,0.49543559874771725
13,2,15,0.7423423413009405
14,1,15,0.8652322931034484
13,2,15,0.4011103777394731
12,3,15,NaN
8,7,15,0.010554511513251322
6,9,15,0.2783692877527476
9,6,15,0.4155618969404342
11,4,15,0.49543559874771725
15,0,15,0.03831329598506057
8,7,15,0.7423423413009405
12,3,15,0.719851204743479
4,11,15,0.18827109310092122
10,5,15,NaN
13,2,15,0.6078036258336132
10,5,15,0.2144909145927689
13,2,15,0.8006696868167401
11,4,15,0.7433590367901758
11,4,15,0.07361819104140599
8,7,15,6.226627622436684e-12
14,1,15,NaN
7,8,15,0.8827570506600473
9,6,15,0.7423423413009405
11,4,15,0.027353255841829214
8,7,15,0.5417209770628222
5,10,15,0.16212263791262976
13,2,15,0.8827570506600473
10,5,15,NaN
6,9,15,NaN
11,4,15,0.30623635626219897
6,9,15,0.18348414923983342
9,6,15,0.4366450870568004
7,8,15,NaN
13,2,15,0.013084799538945395
9,6,15,NaN
14,1,15,0.016907679716365743
14,1,15,NaN
9,6,15,0.02787455723542097
8,7,15,0.9590286414731528
10,5,15,0.8827570506600473
12,3,15,0.03831329598506057
9,6,15,NaN
9,6,15,0.004442867581370607
7,8,15,0.7726517314264018
11,4,15,0.9733084005106692
12,3,15,0.04661481945225271
11,4,15,0.026481389666006844
9,6,15,0.0001163917506921378
10,5,15,0.8827570506600473
8,7,15,0.49543559874771725
9,6,15,0.032853775051729074
9,6,15,0.14606046573919937
9,6,15,NaN
11,4,15,0.04661481945225271
12,3,15,0.03542250385965071
9,6,15,0.85472980870572
10,5,15,0.9644480312878182
12,3,15,0.7092033041123709
11,4,15,NaN
15,0,15,NaN
11,4,15,NaN
10,5,15,0.9187354836672179
12,3,15,0.7726517314264018
13,2,15,0.7420720864617901
9,6,15,0.5183374556419776
9,6,15,0.6844680732727672
7,8,15,NaN
10,5,15,NaN
13,2,15,0.7423423413009405
8,7,15,NaN
11,4,15,0.6108139319017812
10,5,15,0.13370257609955433
12,3,15,0.0024263085406380793
13,2,15,2.028879521214614e-6
11,4,15,NaN
12,3,15,0.08612589160650815
6,9,15,0.24290906152647984
9,6,15,0.8652322931034484
8,7,15,0.10032275229784271
11,4,15,0.3042179214610032
11,4,15,0.24290906152647984
8,7,15,NaN
11,4,15,0.006080744009909745
4,11,15,NaN
7,8,15,0.4059765582363736
12,3,15,0.6618157183641091
13,2,15,0.11735031057960332
7,8,15,0.8237080657963236
12,3,15,0.642196553926463
12,3,15,0.04611545622289803
11,4,15,0.03542250385965071
13,2,15,0.49543559874771725
9,6,15,NaN
9,6,15,0.10032275229784271
8,7,15,0.12149588864000452
11,4,15,0.5417209770628222
6,9,15,0.3087115820210813
12,3,15,0.6796560791431746
2,13,15,NaN
13,2,15,NaN
10,5,15,0.24290906152647984
8,7,15,0.31538291069709495
12,3,15,NaN
12,3,15,0.4011103777394731
8,7,15,0.12896669403328317
12,3,15,0.6581338701099227
9,6,15,0.2783692877527476
13,2,15,0.023437746643316073
8,7,15,0.06974711180439698
8,7,15,0.5459218408660459
12,3,15,0.2783692877527476
13,2,15,0.7605881376659679
11,4,15,0.07361819104140599
12,3,15,0.24290906152647984
13,2,15,NaN
9,6,15,0.7193846897438989
13,2,15,0.8012183129642948
10,5,15,0.11735031057960332
11,4,15,0.2232445271913284
13,2,15,NaN
9,6,15,0.24290906152647984
9,6,15,0.9272124484159221
5,10,15,NaN
12,3,15,0.6717661875924231
7,8,15,0.11735031057960332
14,1,15,0.17239957638594303
9,6,15,0.8652322931034484
12,3,15,0.03831329598506057
6,9,15,NaN
10,5,15,0.321221426047442
6,9,15,0.4087914221489063
9,6,15,0.10141378665602258
9,6,15,1.6627704672648874e-6
9,6,15,0.35611016970724096
12,3,15,NaN
3,12,15,NaN
11,4,15,0.0025709660283289135
12,3,15,3.850357887395132e-5
9,6,15,0.5417209770628222
12,3,15,0.0008766753455040641
9,6,15,NaN
15,0,15,NaN
8,7,15,0.019796251803769704
14,1,15,0.00037367359414927
13,2,15,NaN
11,4,15,NaN
14,1,15,0.3557510427918548
10,5,15,0.22498386269722465
9,6,15,NaN
9,6,15,0.6555547376303318
8,7,15,0.10453965175886143
2,13,15,0.6417181726202376
10,5,15,NaN
11,4,15,0.15728508976556516
8,7,15,0.1794030899308528
12,3,15,0.0050996204566347405
15,0,15,0.0025709660283289135
11,4,15,0.2783692877527476
6,9,15,0.7726517314264018
8,7,15,0.01703980326079333
10,5,15,0.024277811549707675
13,2,15,0.7092033041123709
2,13,15,NaN
9,6,15,0.0006002989595009338
10,5,15,0.2783692877527476
10,5,15,0.48945833991568644
8,7,15,0.9411671591044817
12,3,15,0.11086291416212805
11,4,15,0.9001259164326818
12,3,15,0.11735031057960332
1,14,15,NaN
14,1,15,0.18348414923983342
11,4,15,0.4011103777394731
10,5,15,0.9137791798943785
3,12,15,NaN
10,5,15,NaN
9,6,15,0.04531425270758149
11,4,15,NaN
8,7,15,NaN
8,7,15,0.7423423413009405
10,5,15,NaN
2,13,15,NaN
10,5,15,0.321221426047442
6,9,15,0.4011103777394731
12,3,15,0.05823464698193894
14,1,15,0.0008822274958908081
12,3,15,0.26182431502777886
6,9,15,NaN
1,14,15,0.9047853618061095
12,3,15,0.9396124013901456
13,2,15,3.7977435808005026e-5
10,5,15,0.07935544166473874
10,5,15,0.032333611314969424
14,1,15,0.008206077767167063
10,5,15,0.5865196674031864
14,1,15,NaN
8,7,15,0.21185071034975703
7,8,15,NaN
11,4,15,0.11735031057960332
7,8,15,0.5118189879469395
13,2,15,0.40720597582527557
12,3,15,0.2783692877527476
12,3,15,0.06426587784440972
11,4,15,0.631220773570296
12,3,15,NaN
1,14,15,NaN
7,8,15,0.15938727449707998
5,10,15,NaN
14,1,15,0.02434068281315355
9,6,15,0.4475557477195245
1,14,15,NaN
8,7,15,0.8237080657963236
12,3,15,2.0257483339222484e-8
9,6,15,0.18838689903915756
11,4,15,0.39276872776093164
8,7,15,0.030621844087358782
13,2,15,0.057576555704222286
7,8,15,0.9001259164326818
4,11,15,0.38951883007049515
4,11,15,0.11735449404009861
12,3,15,NaN
7,8,15,NaN
9,6,15,NaN
11,4,15,0.631220773570296
8,7,15,0.013072991014440372
8,7,15,0.13695747655435897
13,2,15,0.000713877898576595
3,12,15,0.8006696868167401
10,5,15,0.9590286414731528
5,10,15,0.261535012078341
9,6,15,0.9493033010224405
9,6,15,0.004388760888201638
4,11,15,NaN
10,5,15,0.11623555427120476
7,8,15,0.631220773570296
3,12,15,0.9964287799892991
7,8,15,0.22498386269722465
13,2,15,0.0630282359819421
2,13,15,NaN
11,4,15,0.21948000487180866
2,13,15,NaN
11,4,15,0.9789190809366978
6,9,15,0.4327728999938659
9,6,15,0.016656938369781698
4,11,15,0.8652322931034484
11,4,15,0.0143133607905662
9,6,15,0.7514535986009501
13,2,15,0.13695747655435897
12,3,15,0.5865196674031864
1,14,15,NaN
6,9,15,NaN
7,8,15,0.053556438906752275
10,5,15,NaN
7,8,15,0.5865196674031864
9,6,15,0.5583887379878124
1,14,15,NaN
1,14,15,0.6603397290703985
11,4,15,0.9024702038192443
9,6,15,1.8706667785244333e-7
10,5,15,0.2171650415232679
9,6,15,0.8006696868167401
10,5,15,NaN
2,13,15,0.5865196674031864
8,7,15,0.4656942240314513
12,3,15,NaN
1,14,15,0.18348414923983342
5,10,15,0.9644462207094104
9,6,15,0.2037083518880776
3,12,15,NaN
12,3,15,0.7038570448214456
5,10,15,0.7726517314264018
8,7,15,NaN
10,5,15,NaN
10,5,15,0.8450772854630715
10,5,15,0.20385381112755702
11,4,15,0.11265859917941497
9,6,15,0.03983667587408347
10,5,15,NaN
8,7,15,NaN
11,4,15,NaN
12,3,15,0.004642556781624665
9,6,15,0.13776667456383535
6,9,15,0.010528065437539596
5,10,15,0.039710855722568716
8,7,15,NaN
10,5,15,NaN
10,5,15,NaN
8,7,15,NaN
9,6,15,0.4011103777394731
11,4,15,0.7546622803700819
10,5,15,0.5957097275968893
4,11,15,0.03668409658123631
11,4,15,NaN
8,7,15,0.09449411447486752
10,5,15,0.631220773570296
11,4,15,0.5000549444562183
8,7,15,0.8237080657963236
15,0,15,0.5758082794115051
11,4,15,1.2596767092395105e-5
12,3,15,0.7360910000376489
2,13,15,NaN
9,6,15,NaN
1,14,15,0.26966864706022203
13,2,15,0.8958762517401009
11,4,15,0.9272124484159221
7,8,15,0.02787455723542097
8,7,15,0.6717661875924231
3,12,15,0.9766866250581948
6,9,15,0.4475557477195245
1,14,15,0.3575464703478777
6,9,15,NaN
9,6,15,0.3749359597311098
6,9,15,0.676327165475445
8,7,15,0.10032275229784271
11,4,15,0.8827570506600473
11,4,15,0.49543559874771725
11,4,15,0.9884176006320694
6,9,15,NaN
7,8,15,0.3739754224892736
11,4,15,0.309169464280911
8,7,15,0.07858279045169449
12,3,15,0.08604706871663184
6,9,15,0.17494077114024512
2,13,15,NaN
10,5,15,0.631220773570296
3,12,15,NaN
13,2,15,0.053556438906752275
9,6,15,0.8450772854630715
7,8,15,0.8288406853081769
8,7,15,0.5417209770628222
10,5,15,0.8827570506600473
1,14,15,NaN
10,5,15,0.5865196674031864
7,8,15,0.028055372191643328
1,14,15,NaN
9,6,15,0.1613563330228363
5,10,15,0.6495074555602535
10,5,15,0.016907679716365743
7,8,15,0.32363431526091985
4,11,15,NaN
9,6,15,NaN
2,13,15,0.5001607589716967
7,8,15,0.15531456340972838
4,11,15,NaN
1,14,15,0.42075318346724244
10,5,15,0.5500007748372802
9,6,15,0.21902404420036672
1,14,15,NaN
8,7,15,0.5417209770628222
2,13,15,0.01361558244240131
1,14,15,0.7020499724336637
1,14,15,NaN
11,4,15,NaN
11,4,15,0.07415762614962007
1,14,15,NaN
9,6,15,0.08612589160650815
5,10,15,NaN
8,7,15,0.07361819104140599
4,11,15,0.5125699784255604
6,9,15,NaN
12,3,15,0.6717661875924231
1,14,15,0.9335053885363508
9,6,15,0.028605323098250063
6,9,15,0.09463974418193022
5,10,15,0.5865196674031864
3,12,15,NaN
1,14,15,NaN
2,13,15,NaN
1,14,15,NaN
1,14,15,0.17830023734247843
2,13,15,NaN
3,12,15,0.3795330554626422
5,10,15,NaN
3,12,15,0.9663500458367166
6,9,15,0.15938727449707998
2,13,15,0.8492315008096424
1,14,15,NaN
2,13,15,0.006723093353736888
2,13,15,0.0630282359819421
8,7,15,0.17356972116971547
3,12,15,NaN
1,14,15,0.30623635626219897
2,13,15,0.09901566991057525
1,14,15,NaN
1,14,15,NaN
1,14,15,0.21185071034975703
1,14,15,NaN
1,14,15,NaN
0,15,15,0.7560934498933335
0,15,15,0.38117800050555745
0,15,15,NaN
0,15,15,NaN
0,15,15,0.7423423413009405
0,15,15,NaN
0,15,15,NaN
0,15,15,0.8247006811140858
0,15,15,NaN
0,15,15,0.4155618969404342
0,15,15,NaN
0,15,15,NaN
0,15,15,0.11881885597296148
0,15,15,NaN
0,15,15,NaN
0,15,15,NaN
0,15,15,NaN
0,15,15,NaN
0,15,15,NaN
0,15,15,NaN
0,15,15,NaN
0,15,15,NaN
0,15,15,NaN
0,15,15,0.3421322247429502
0,15,15,0.18348414923983342
11,3,14,0.8443251722607275
9,5,14,0.6717661875924231
10,4,14,NaN
11,3,14,0.21185071034975703
8,6,14,0.3557510427918548
8,6,14,0.5417209770628222
12,2,14,0.4694629602556395
11,3,14,0.01384068834559692
12,2,14,0.13695747655435897
10,4,14,NaN
11,3,14,0.19440545996264882
8,6,14,0.0693980306819044
7,7,14,0.5841221099705048
8,6,14,0.6717661875924231
11,3,14,NaN
10,4,14,0.07361819104140599
5,9,14,NaN
11,3,14,0.0008764135455293186
10,4,14,NaN
14,0,14,0.546152762799012
11,3,14,0.1990570472071813
9,5,14,NaN
6,8,14,0.3557510427918548
11,3,14,0.49543559874771725
4,10,14,NaN
13,1,14,0.21185071034975703
7,7,14,NaN
12,2,14,0.9493033010224405
14,0,14,0.4822212422367604
7,7,14,NaN
7,7,14,0.03597530466708744
13,1,14,0.49543559874771725
12,2,14,NaN
5,9,14,0.8457035060661934
8,6,14,0.49543559874771725
10,4,14,0.1027621925953814
11,3,14,0.21185071034975703
12,2,14,0.7092033041123709
12,2,14,0.7423423413009405
6,8,14,0.053556438906752275
8,6,14,0.9401946339374925
8,6,14,NaN
10,4,14,NaN
9,5,14,0.8954942781772826
5,9,14,0.37728946223122545
8,6,14,NaN
6,8,14,0.30008371462486555
5,9,14,0.4155618969404342
6,8,14,0.3557510427918548
11,3,14,0.4475557477195245
10,4,14,0.07361819104140599
10,4,14,0.0630282359819421
13,1,14,NaN
10,4,14,0.6247885572206273
11,3,14,0.4475557477195245
10,4,14,0.4475557477195245
7,7,14,0.21185071034975703
6,8,14,0.0001231348678546781
10,4,14,0.051085957214490704
2,12,14,0.1549722997216629
12,2,14,0.5417209770628222
12,2,14,0.5417209770628222
11,3,14,NaN
10,4,14,0.7092033041123709
11,3,14,0.7726517314264018
11,3,14,0.0815606992112468
9,5,14,0.631220773570296
13,1,14,0.44685242838552836
11,3,14,0.000838066848052102
9,5,14,0.18348414923983342
9,5,14,0.2809578211923491
12,2,14,0.008183408291542574
10,4,14,NaN
13,1,14,0.6485224809796123
12,2,14,0.38513097073932023
10,4,14,0.7327752738628934
11,3,14,0.4475557477195245
8,6,14,0.31538291069709495
7,7,14,0.4475557477195245
10,4,14,0.9493033010224405
13,1,14,0.13116058791013133
12,2,14,0.0007909637590685906
7,7,14,0.8006696868167401
9,5,14,NaN
2,12,14,NaN
12,2,14,0.10032275229784271
9,5,14,0.255053020735304
10,4,14,0.28694431033083995
10,4,14,0.7738816367928658
9,5,14,0.8631020087186555
8,6,14,0.02787455723542097
9,5,14,0.41471216893803126
13,1,14,0.7726517314264018
12,2,14,0.9786206845654202
14,0,14,0.4156397557102403
3,11,14,NaN
11,3,14,0.07008009356429538
7,7,14,NaN
11,3,14,0.029951837616366703
11,3,14,NaN
10,4,14,0.04665914117398546
14,0,14,NaN
11,3,14,NaN
12,2,14,0.6323051131979955
10,4,14,0.6532789809148738
14,0,14,0.6717661875924231
11,3,14,NaN
9,5,14,0.010121814100941817
12,2,14,0.21185071034975703
7,7,14,NaN
11,3,14,0.011080082211210747
9,5,14,0.400594104812056
11,3,14,0.1292221642705556
9,5,14,0.49543559874771725
12,2,14,0.9525686187890979
9,5,14,NaN
11,3,14,0.3421322247429502
10,4,14,0.4475557477195245
9,5,14,NaN
9,5,14,0.4036767870102626
9,5,14,0.9733084005106692
11,3,14,NaN
9,5,14,0.5782099747879653
9,5,14,NaN
13,1,14,0.38951883007049515
10,4,14,0.15938727449707998
12,2,14,0.7970203041821029
12,2,14,0.6698788055378292
7,7,14,0.22827463891515906
13,1,14,2.87907030791639e-9
10,4,14,0.04531425270758149
11,3,14,0.35611016970724096
10,4,14,NaN
12,2,14,0.06043812889930048
14,0,14,0.4969444732848211
9,5,14,0.15938727449707998
3,11,14,0.4810476269387019
10,4,14,0.5865196674031864
12,2,14,NaN
11,3,14,NaN
9,5,14,NaN
11,3,14,0.24278096737270338
12,2,14,NaN
5,9,14,NaN
11,3,14,0.18348414923983342
11,3,14,NaN
11,3,14,0.632886426761803
11,3,14,0.2634691430303058
8,6,14,NaN
10,4,14,NaN
10,4,14,0.019865136746149724
11,3,14,0.023437746643316073
9,5,14,0.5066840949246649
12,2,14,NaN
12,2,14,NaN
14,0,14,0.11735031057960332
11,3,14,0.010495061705201616
12,2,14,0.7195910676048861
10,4,14,0.21185071034975703
9,5,14,0.053556438906752275
11,3,14,0.22887112394460885
12,2,14,0.8827570506600473
9,5,14,0.616915585718086
11,3,14,0.8237080657963236
12,2,14,0.31538291069709495
11,3,14,0.7506126132473532
12,2,14,0.5561255585775674
11,3,14,0.010570324401015484
8,6,14,NaN
3,11,14,0.5865196674031864
9,5,14,0.631220773570296
12,2,14,0.0008949479627873683
10,4,14,0.10032275229784271
10,4,14,NaN
12,2,14,0.7028578903121082
8,6,14,NaN
5,9,14,0.0040650764281335745
10,4,14,0.007098176977932163
7,7,14,0.3610387326885879
8,6,14,0.04531425270758149
13,1,14,0.07361819104140599
10,4,14,0.010554511513251322
13,1,14,0.8869290496445335
13,1,14,0.08393888398961358
9,5,14,0.3257757903334994
13,1,14,0.9001259164326818
10,4,14,NaN
10,4,14,0.13695747655435897
13,1,14,0.9137791798943785
10,4,14,0.49543559874771725
12,2,14,0.631220773570296
11,3,14,0.6717661875924231
11,3,14,0.04065609728507511
10,4,14,0.8522985682074615
10,4,14,0.1404834011549008
12,2,14,0.850781904016419
5,9,14,0.9394569650180941
14,0,14,NaN
7,7,14,NaN
10,4,14,NaN
12,2,14,0.10814875151996818
9,5,14,0.6717661875924231
11,3,14,0.15938727449707998
7,7,14,NaN
12,2,14,0.9885707782763422
11,3,14,0.17743136400404258
13,1,14,0.10453965175886143
9,5,14,NaN
9,5,14,0.9590286414731528
10,4,14,0.6919582495743436
13,1,14,0.20309384099764136
11,3,14,0.967669025461324
10,4,14,0.02787455723542097
12,2,14,0.8237080657963236
9,5,14,0.007498241639485016
13,1,14,0.0015506799637766114
7,7,14,0.001807926262550802
9,5,14,0.004243052065979369
11,3,14,0.6205026026551438
8,6,14,NaN
11,3,14,0.9001259164326818
9,5,14,0.0010664907572754524
12,2,14,0.3129645147974293
12,2,14,0.16003368982006866
9,5,14,0.9886038904731643
11,3,14,NaN
11,3,14,0.08612589160650815
12,2,14,0.2783692877527476
10,4,14,0.3978734912472814
11,3,14,NaN
6,8,14,0.053556438906752275
7,7,14,0.6424149571665142
10,4,14,0.18629101364361106
10,4,14,0.4155618969404342
9,5,14,0.7583850416568418
1,13,14,0.5824521916688942
7,7,14,0.02787455723542097
5,9,14,0.004306097120433159
9,5,14,0.703988719890633
8,6,14,0.04531425270758149
13,1,14,0.1907879710748284
12,2,14,0.6802064442690983
12,2,14,0.3557510427918548
8,6,14,0.1662529718489722
7,7,14,0.15938727449707998
10,4,14,0.8006696868167401
11,3,14,0.5865196674031864
10,4,14,0.5417209770628222
10,4,14,0.11735031057960332
12,2,14,NaN
9,5,14,0.4475557477195245
12,2,14,0.24290906152647984
9,5,14,0.10032275229784271
10,4,14,0.5149474149432092
8,6,14,0.02553676010470016
4,10,14,0.7423423413009405
10,4,14,0.8451483999155621
8,6,14,0.735914938752462
13,1,14,0.016656938369781698
12,2,14,0.17292945759102313
13,1,14,0.9663500458367166
12,2,14,0.44892536795238075
9,5,14,0.5865196674031864
13,1,14,0.631220773570296
10,4,14,NaN
13,1,14,NaN
9,5,14,0.10722470063534983
5,9,14,NaN
10,4,14,0.5417209770628222
11,3,14,0.3557510427918548
8,6,14,0.1960296985541285
10,4,14,0.06991993075117353
7,7,14,0.286359640628645
9,5,14,0.001121805447624767
9,5,14,0.4336074639081942
7,7,14,0.15938727449707998
9,5,14,0.8827570506600473
12,2,14,0.5417209770628222
13,1,14,0.8237080657963236
11,3,14,0.6717661875924231
12,2,14,0.23696418945028086
8,6,14,0.10032275229784271
12,2,14,0.019796251803769704
10,4,14,NaN
12,2,14,NaN
8,6,14,0.024180777171329312
11,3,14,0.7716423171976328
12,2,14,0.7035122080383491
12,2,14,0.4277514581185795
11,3,14,0.011893568292078074
12,2,14,NaN
11,3,14,0.7509355455215827
9,5,14,0.8827570506600473
12,2,14,0.15492441626912942
10,4,14,0.0011479411764696121
7,7,14,NaN
11,3,14,0.4011103777394731
8,6,14,0.8237080657963236
10,4,14,NaN
12,2,14,0.5231605144894103
11,3,14,NaN
9,5,14,0.5407509450331557
4,10,14,0.9590286414731528
8,6,14,NaN
11,3,14,0.4011103777394731
9,5,14,NaN
7,7,14,0.8652322931034484
8,6,14,0.1543705926232434
12,2,14,NaN
12,2,14,0.0062942541391606075
12,2,14,NaN
11,3,14,0.03831329598506057
7,7,14,0.7423423413009405
8,6,14,0.013520925628296111
13,1,14,0.9728976479063074
12,2,14,0.2175232751022424
6,8,14,NaN
12,2,14,0.13695747655435897
10,4,14,0.15507671095816405
11,3,14,0.13695747655435897
7,7,14,0.11735031057960332
3,11,14,0.8450772854630715
9,5,14,NaN
11,3,14,0.03337496698775929
11,3,14,0.3557510427918548
6,8,14,NaN
13,1,14,NaN
11,3,14,0.31343270544216345
8,6,14,0.0022280228092553807
12,2,14,0.31538291069709495
9,5,14,0.631220773570296
7,7,14,0.10277386284841607
10,4,14,0.15938727449707998
13,1,14,0.0016035615578534619
11,3,14,0.03831329598506057
10,4,14,0.11735031057960332
10,4,14,NaN
8,6,14,NaN
7,7,14,0.00881392655895506
9,5,14,NaN
12,2,14,0.7722756456000196
11,3,14,0.0767346787984579
7,7,14,0.6163604147416746
7,7,14,0.30289847378367124
12,2,14,0.5417209770628222
10,4,14,NaN
12,2,14,NaN
11,3,14,0.019796251803769704
10,4,14,0.9146670618471929
11,3,14,0.48945833991568644
10,4,14,0.03311029294661768
8,6,14,NaN
9,5,14,NaN
9,5,14,0.8098459632074909
11,3,14,NaN
11,3,14,0.5587721585107637
8,6,14,NaN
12,2,14,NaN
6,8,14,0.4475557477195245
8,6,14,2.6281312890721482e-5
10,4,14,0.01526789342030061
11,3,14,NaN
2,12,14,NaN
11,3,14,0.48945833991568644
7,7,14,0.034563622712672416
9,5,14,0.631220773570296
1,13,14,NaN
11,3,14,0.13465301843495914
7,7,14,NaN
11,3,14,NaN
7,7,14,0.9272124484159221
11,3,14,NaN
8,6,14,0.21185071034975703
8,6,14,NaN
11,3,14,0.002136811543673226
2,12,14,0.5142466969961698
9,5,14,0.9137791798943785
8,6,14,NaN
11,3,14,0.010084028491657486
4,10,14,0.10032275229784271
6,8,14,0.2739049320052103
11,3,14,NaN
10,4,14,0.7092033041123709
12,2,14,0.11735031057960332
7,7,14,NaN
9,5,14,NaN
11,3,14,0.15426493928881801
12,2,14,NaN
4,10,14,0.47331652346262343
14,0,14,0.6717661875924231
12,2,14,0.8006696868167401
8,6,14,0.020256933554203885
12,2,14,0.7423423413009405
12,2,14,0.2783692877527476
10,4,14,0.13411691665415504
9,5,14,NaN
12,2,14,NaN
8,6,14,NaN
13,1,14,0.03933138346816664
8,6,14,NaN
10,4,14,NaN
10,4,14,0.0025768162191996697
11,3,14,0.08619502612073664
9,5,14,NaN
7,7,14,0.7726517314264018
6,8,14,0.08061764439400929
12,2,14,0.18348414923983342
9,5,14,0.04531425270758149
12,2,14,0.03221617869026903
8,6,14,0.02975675481820686
8,6,14,0.6759975900026621
7,7,14,0.8827570506600473
14,0,14,0.5802917560236949
9,5,14,NaN
11,3,14,0.5417209770628222
11,3,14,0.21185071034975703
6,8,14,0.4475557477195245
13,1,14,0.631220773570296
9,5,14,NaN
10,4,14,NaN
6,8,14,0.8652322931034484
10,4,14,0.2783692877527476
8,6,14,0.5256958583919321
9,5,14,0.8297858159128996
13,1,14,0.09143300330275245
4,10,14,NaN
10,4,14,0.04497222414637479
9,5,14,NaN
12,2,14,0.8237080657963236
11,3,14,0.9594347837316435
11,3,14,0.3433793147496606
10,4,14,NaN
7,7,14,NaN
11,3,14,0.9059567476266857
9,5,14,0.9001259164326818
10,4,14,NaN
11,3,14,0.000599947454445257
12,2,14,0.16647858160549703
9,5,14,NaN
11,3,14,0.6909417019002605
12,2,14,0.2771901726794376
12,2,14,0.09463974418193022
9,5,14,0.4011103777394731
11,3,14,2.111583828571882e-8
6,8,14,0.21537336689287162
10,4,14,0.631220773570296
8,6,14,0.9733084005106692
12,2,14,NaN
13,1,14,0.5865196674031864
11,3,14,0.7423423413009405
11,3,14,0.4475557477195245
11,3,14,0.1397548758838223
5,9,14,NaN
12,2,14,0.08695139315108412
11,3,14,0.7092033041123709
9,5,14,0.4822286263227981
1,13,14,NaN
8,6,14,0.21185071034975703
6,8,14,NaN
9,5,14,0.31538291069709495
11,3,14,0.7125497954121649
13,1,14,0.8827570506600473
7,7,14,0.07125299002209554
10,4,14,0.016656938369781698
5,9,14,1.299287923909801e-5
8,6,14,NaN
8,6,14,0.8237080657963236
12,2,14,0.8263802702919424
11,3,14,0.24290906152647984
13,1,14,0.8847135946432632
2,12,14,0.10152821949799766
8,6,14,0.013958060429149566
10,4,14,0.6176136917669948
10,4,14,0.11768311778977843
12,2,14,0.4011103777394731
10,4,14,NaN
6,8,14,NaN
11,3,14,NaN
11,3,14,0.23941019176890846
12,2,14,0.09851857307506945
13,1,14,NaN
13,1,14,0.025250627276674223
12,2,14,0.49543559874771725
11,3,14,0.3280294011491059
7,7,14,2.0836537016703145e-5
10,4,14,0.9590286414731528
7,7,14,0.8006696868167401
13,1,14,0.0630282359819421
8,6,14,NaN
7,7,14,0.08612589160650815
6,8,14,NaN
10,4,14,0.6717661875924231
10,4,14,0.011289586238233696
7,7,14,0.7092033041123709
7,7,14,0.18348414923983342
8,6,14,0.4419347331262392
10,4,14,0.22498386269722465
9,5,14,NaN
9,5,14,0.9824202558737727
9,5,14,0.7880528047596678
13,1,14,0.15728262508391722
9,5,14,0.23012694734734682
9,5,14,0.573507482997602
12,2,14,0.0068712122324491405
9,5,14,NaN
6,8,14,0.08612589160650815
12,2,14,NaN
6,8,14,0.5085077608075884
10,4,14,0.6270227932167787
10,4,14,NaN
10,4,14,0.15938727449707998
8,6,14,0.19068372039615944
11,3,14,NaN
7,7,14,0.2629759465419648
2,12,14,0.0098564840014089
12,2,14,NaN
7,7,14,0.631220773570296
12,2,14,0.228833872156165
9,5,14,0.7092033041123709
11,3,14,NaN
9,5,14,0.5865196674031864
6,8,14,NaN
7,7,14,0.7092033041123709
5,9,14,0.08612589160650815
10,4,14,0.004114120689803829
12,2,14,0.17239957638594303
12,2,14,0.0006539925411711037
10,4,14,0.4475557477195245
11,3,14,0.26551857611879687
9,5,14,0.21185071034975703
12,2,14,0.02787455723542097
12,2,14,0.5865196674031864
9,5,14,0.9915071376360706
8,6,14,0.018423143727018945
9,5,14,NaN
10,4,14,0.8827570506600473
12,2,14,0.865856228509367
8,6,14,0.0022191369432967858
10,4,14,0.8827570506600473
13,1,14,0.24290906152647984
9,5,14,0.7092033041123709
12,2,14,0.8496115345084063
8,6,14,0.3711151146781179
6,8,14,0.8457289516393537
11,3,14,NaN
1,13,14,NaN
8,6,14,NaN
6,8,14,NaN
9,5,14,0.9599110656894589
11,3,14,0.11735031057960332
10,4,14,NaN
10,4,14,0.008983923967764448
7,7,14,0.031018955142128348
11,3,14,0.5865196674031864
14,0,14,0.11735031057960332
10,4,14,0.007836149908111793
7,7,14,0.0640975696774235
12,2,14,0.16062133869586234
3,11,14,NaN
11,3,14,NaN
11,3,14,0.8450772854630715
11,3,14,0.5640607765433693
10,4,14,NaN
10,4,14,NaN
9,5,14,0.33899816048640846
7,7,14,NaN
9,5,14,0.053556438906752275
10,4,14,0.01756569274679653
9,5,14,0.07995085556295152
7,7,14,0.8404169248638481
11,3,14,0.48416940683333404
6,8,14,0.023437746643316073
12,2,14,0.8006696868167401
9,5,14,NaN
12,2,14,0.7423423413009405
10,4,14,0.04531425270758149
7,7,14,0.8827570506600473
10,4,14,0.4011103777394731
10,4,14,0.48416940683333404
10,4,14,NaN
10,4,14,0.24710288333389083
9,5,14,NaN
7,7,14,NaN
7,7,14,0.6717661875924231
8,6,14,0.21185071034975703
9,5,14,0.02787455723542097
9,5,14,NaN
7,7,14,0.9970869313800661
7,7,14,0.060262430931451436
11,3,14,NaN
10,4,14,0.03474228726538227
10,4,14,0.8330825200498062
12,2,14,0.9001259164326818
4,10,14,NaN
4,10,14,0.1414718485851537
6,8,14,NaN
8,6,14,NaN
9,5,14,0.06554211060230059
11,3,14,0.11735031057960332
7,7,14,6.484188289918931e-8
7,7,14,NaN
7,7,14,0.9493033010224405
9,5,14,0.1790123018722812
9,5,14,0.07361819104140599
7,7,14,1.0178591456063957e-7
12,2,14,NaN
10,4,14,0.8028430083682808
7,7,14,0.4759859066755086
10,4,14,0.6717661875924231
10,4,14,0.0016510827095576794
8,6,14,0.9591340922941757
10,4,14,NaN
8,6,14,0.13695747655435897
4,10,14,0.7389177142080843
13,1,14,NaN
10,4,14,NaN
4,10,14,0.31538291069709495
11,3,14,0.08027396039060558
11,3,14,0.5356673432373547
5,9,14,0.05746300770616717
8,6,14,NaN
5,9,14,0.6717661875924231
12,2,14,0.21185071034975703
10,4,14,0.9841738135856081
8,6,14,0.26966864706022203
11,3,14,0.003506967328626418
6,8,14,0.2878295377921815
8,6,14,0.5417209770628222
10,4,14,0.3619139111310755
9,5,14,0.9137791798943785
12,2,14,0.4475557477195245
10,4,14,0.31538291069709495
10,4,14,NaN
11,3,14,0.7726517314264018
7,7,14,0.631220773570296
9,5,14,NaN
11,3,14,0.8450772854630715
12,2,14,0.4475557477195245
10,4,14,0.06141763619548231
13,1,14,0.9394569650180941
12,2,14,0.6031429416145009
6,8,14,0.21185071034975703
8,6,14,NaN
12,2,14,0.5181720800490343
12,2,14,0.15765842498597107
7,7,14,0.4475557477195245
7,7,14,0.3557510427918548
12,2,14,2.0215394467493567e-5
12,2,14,0.15254500419737968
8,6,14,NaN
7,7,14,0.9001259164326818
10,4,14,0.13116058791013133
3,11,14,0.3557510427918548
2,12,14,0.695457460023677
12,2,14,0.007349342594627595
11,3,14,0.09815153026137727
8,6,14,0.21185071034975703
9,5,14,NaN
6,8,14,0.10221878961891498
11,3,14,0.5028170585393772
10,4,14,0.41859470987021197
9,5,14,0.055376291873839203
7,7,14,0.6656484019682889
7,7,14,0.0011479411764696121
6,8,14,0.9001259164326818
8,6,14,0.24290906152647984
6,8,14,0.0012433991985475459
13,1,14,0.17912435302215754
11,3,14,NaN
8,6,14,NaN
11,3,14,0.9493033010224405
8,6,14,0.04531425270758149
12,2,14,NaN
9,5,14,0.3557510427918548
10,4,14,0.7008889145275486
7,7,14,0.20380594882994246
11,3,14,0.31538291069709495
6,8,14,NaN
10,4,14,NaN
9,5,14,0.13852063144618346
10,4,14,NaN
11,3,14,0.8679189613997627
9,5,14,0.0035005648623317714
9,5,14,0.49543559874771725
9,5,14,NaN
9,5,14,0.6717661875924231
2,12,14,NaN
10,4,14,0.27298529707292024
11,3,14,0.11992677737699328
9,5,14,0.9493033010224405
9,5,14,0.008892589965512666
11,3,14,0.1241327793872999
9,5,14,2.5453192732903206e-8
7,7,14,0.18348414923983342
2,12,14,NaN
11,3,14,0.49543559874771725
8,6,14,0.00881392655895506
2,12,14,0.20620557735673217
10,4,14,0.13699179304262096
8,6,14,0.08604706871663184
3,11,14,NaN
9,5,14,NaN
11,3,14,NaN
11,3,14,NaN
10,4,14,0.8450772854630715
8,6,14,NaN
9,5,14,0.9733084005106692
10,4,14,0.009398045920283312
5,9,14,0.9394569650180941
9,5,14,0.02324668550431391
10,4,14,0.8652322931034484
8,6,14,0.8450772854630715
10,4,14,0.21185071034975703
10,4,14,NaN
9,5,14,0.2668400346081453
13,1,14,0.004243052065979369
6,8,14,0.9004333563474045
10,4,14,NaN
6,8,14,0.7008889145275486
13,1,14,0.3921225773990182
11,3,14,NaN
11,3,14,0.8652322931034484
9,5,14,NaN
8,6,14,NaN
13,1,14,0.6581338701099227
9,5,14,0.7092033041123709
8,6,14,0.9198602092942704
9,5,14,0.8851082908811456
1,13,14,NaN
9,5,14,0.9272124484159221
13,1,14,0.08131311481254204
10,4,14,NaN
9,5,14,NaN
8,6,14,0.39269305989092546
1,13,14,0.9263616469895146
4,10,14,0.546152762799012
4,10,14,NaN
1,13,14,NaN
1,13,14,NaN
9,5,14,NaN
11,3,14,0.8237080657963236
9,5,14,NaN
6,8,14,1.3472301792155828e-5
10,4,14,0.7722756456000196
10,4,14,0.8827570506600473
9,5,14,NaN
10,4,14,0.03542250385965071
9,5,14,NaN
6,8,14,0.27554220727701545
2,12,14,NaN
7,7,14,0.3140788080690369
9,5,14,0.0948168333396689
7,7,14,0.9276906841601136
2,12,14,NaN
12,2,14,0.3892404650973566
8,6,14,NaN
7,7,14,0.3557510427918548
12,2,14,NaN
5,9,14,0.2340550612838551
7,7,14,NaN
2,12,14,0.6291893734668753
7,7,14,0.18020673753189995
13,1,14,0.9493033010224405
10,4,14,0.7092033041123709
13,1,14,0.3557510427918548
9,5,14,0.36189897823696604
10,4,14,0.032853775051729074
6,8,14,0.4246844882350353
8,6,14,NaN
8,6,14,0.9161690768711376
11,3,14,0.6338559241458971
12,2,14,0.2783692877527476
9,5,14,0.6303125242419816
7,7,14,0.8652322931034484
11,3,14,0.13695747655435897
5,9,14,NaN
10,4,14,0.7247091139775156
8,6,14,0.08612589160650815
8,6,14,NaN
11,3,14,0.20774295427201153
9,5,14,0.15968498618355548
8,6,14,0.01931974014081501
8,6,14,0.26966864706022203
10,4,14,0.053556438906752275
7,7,14,0.002174644490643963
12,2,14,0.36309244763795845
2,12,14,0.7726517314264018
6,8,14,0.03241892853668426
9,5,14,NaN
9,5,14,0.7906123531705567
11,3,14,0.4087914221489063
3,11,14,0.034363210475112385
3,11,14,NaN
7,7,14,NaN
4,10,14,0.5418523706190747
9,5,14,0.013963178345702095
7,7,14,0.27488039458840285
10,4,14,0.20774295427201153
10,4,14,0.9137791798943785
9,5,14,0.01314090319845364
10,4,14,NaN
4,10,14,0.6681831924140271
3,11,14,0.5802917560236949
10,4,14,0.019796251803769704
3,11,14,0.9137791798943785
1,13,14,NaN
10,4,14,NaN
9,5,14,0.09389782879749865
2,12,14,NaN
6,8,14,0.11735031057960332
2,12,14,0.8222359858287277
10,4,14,0.3557510427918548
7,7,14,NaN
12,2,14,0.08573568755998373
9,5,14,NaN
9,5,14,0.9833753346327844
2,12,14,NaN
8,6,14,NaN
12,2,14,0.7092033041123709
11,3,14,0.3557510427918548
12,2,14,0.4011103777394731
3,11,14,NaN
10,4,14,NaN
4,10,14,NaN
5,9,14,0.06539356468454748
6,8,14,0.4011103777394731
3,11,14,0.8237080657963236
6,8,14,0.2605186321194746
8,6,14,0.9001259164326818
12,2,14,0.4475557477195245
6,8,14,NaN
10,4,14,0.4011103777394731
6,8,14,0.2942871780591215
8,6,14,0.13695747655435897
13,1,14,0.13451086529382614
10,4,14,0.6717661875924231
9,5,14,NaN
5,9,14,NaN
11,3,14,0.5865196674031864
8,6,14,0.4475557477195245
1,13,14,NaN
8,6,14,NaN
12,2,14,0.24970551549389672
5,9,14,0.6032704989370696
9,5,14,NaN
2,12,14,0.15938727449707998
7,7,14,NaN
8,6,14,0.631220773570296
8,6,14,0.26966864706022203
6,8,14,NaN
10,4,14,0.7514535986009501
5,9,14,0.5865196674031864
6,8,14,0.07336314586646288
10,4,14,NaN
8,6,14,NaN
9,5,14,NaN
6,8,14,0.4295849762993835
8,6,14,NaN
11,3,14,0.2668400346081453
7,7,14,0.7726517314264018
2,12,14,NaN
4,10,14,0.8006696868167401
1,13,14,NaN
9,5,14,NaN
2,12,14,NaN
2,12,14,NaN
8,6,14,0.0004811064538492133
11,3,14,0.10393559485783531
6,8,14,0.49543559874771725
7,7,14,NaN
6,8,14,0.6244949042952829
4,10,14,NaN
3,11,14,NaN
9,5,14,0.6371432881776745
9,5,14,NaN
4,10,14,NaN
7,7,14,0.3753301038359855
3,11,14,0.23170859946795502
1,13,14,0.7433590367901758
3,11,14,0.31538291069709495
11,3,14,0.6127253479327994
10,4,14,NaN
2,12,14,NaN
11,3,14,NaN
13,1,14,0.8450772854630715
2,12,14,NaN
6,8,14,0.2783692877527476
3,11,14,0.24119609929831767
7,7,14,0.7092033041123709
3,11,14,0.49543559874771725
10,4,14,0.9493033010224405
7,7,14,0.32400428255595143
8,6,14,0.18723900638194524
4,10,14,0.0005485508649791623
3,11,14,0.2257773021598898
3,11,14,0.6717661875924231
1,13,14,NaN
4,10,14,NaN
1,13,14,0.4494813129334448
1,13,14,NaN
8,6,14,0.8827570506600473
7,7,14,NaN
1,13,14,0.7498432280826564
1,13,14,NaN
2,12,14,NaN
5,9,14,0.02809281337267467
1,13,14,NaN
2,12,14,0.15421573852973364
7,7,14,NaN
1,13,14,NaN
6,8,14,NaN
2,12,14,NaN
3,11,14,0.10842814259609851
1,13,14,NaN
1,13,14,NaN
2,12,14,NaN
1,13,14,NaN
1,13,14,0.49543559874771725
3,11,14,NaN
1,13,14,NaN
1,13,14,NaN
1,13,14,0.22961968387604895
2,12,14,0.12543315397553675
1,13,14,NaN
2,12,14,NaN
1,13,14,0.7726517314264018
1,13,14,0.21185071034975703
2,12,14,NaN
2,12,14,0.6790552660410434
1,13,14,NaN
1,13,14,0.7726517314264018
1,13,14,NaN
1,13,14,NaN
1,13,14,0.5865196674031864
1,13,14,0.26769093107287734
1,13,14,0.00041790352718470964
1,13,14,0.18348414923983342
2,12,14,NaN
2,12,14,0.3485908143585369
1,13,14,NaN
1,13,14,NaN
1,13,14,NaN
1,13,14,NaN
1,13,14,0.8237080657963236
1,13,14,NaN
0,14,14,NaN
0,14,14,NaN
0,14,14,NaN
0,14,14,NaN
0,14,14,0.011335119107957231
0,14,14,NaN
0,14,14,0.04072166146359844
0,14,14,0.053556438906752275
0,14,14,NaN
0,14,14,NaN
0,14,14,NaN
0,14,14,NaN
0,14,14,NaN
0,14,14,NaN
0,14,14,NaN
0,14,14,NaN
0,14,14,NaN
0,14,14,NaN
0,14,14,0.9001259164326818
0,14,14,NaN
0,14,14,NaN
0,14,14,0.9001259164326818
0,14,14,0.4011103777394731
0,14,14,NaN
0,14,14,0.7092033041123709
0,14,14,NaN
0,14,14,0.4011103777394731
0,14,14,NaN
0,14,14,NaN
0,14,14,NaN
0,14,14,NaN
0,14,14,0.7245300535410826
0,14,14,NaN
0,14,14,NaN
0,14,14,NaN
0,14,14,0.8237080657963236
0,14,14,NaN
12,1,13,0.03074622227830447
10,3,13,0.5325441117279318
6,7,13,0.4087914221489063
12,1,13,0.1502217599889992
6,7,13,0.18348414923983342
1,12,13,NaN
11,2,13,0.8094569191259839
5,8,13,NaN
6,7,13,0.7281201999183323
9,4,13,0.9655720395130856
10,3,13,0.4266132294310732
11,2,13,0.6717661875924231
8,5,13,0.8237080657963236
7,6,13,0.8680418686401739
11,2,13,0.40777794360897046
13,0,13,0.2668400346081453
11,2,13,NaN
11,2,13,0.059773742234490494
9,4,13,NaN
8,5,13,0.006162005486132496
8,5,13,0.631220773570296
9,4,13,0.4475557477195245
9,4,13,NaN
8,5,13,0.3557510427918548
10,3,13,NaN
7,6,13,0.3557510427918548
11,2,13,0.49543559874771725
8,5,13,0.3557510427918548
7,6,13,0.00027007890413883063
9,4,13,0.7366135332487737
7,6,13,0.4475557477195245
5,8,13,0.08612589160650815
9,4,13,0.18348414923983342
11,2,13,0.10032275229784271
12,1,13,NaN
12,1,13,0.6174611987745671
6,7,13,0.5183374556419776
8,5,13,0.7935477201410412
7,6,13,NaN
5,8,13,0.3008426988838724
6,7,13,0.5774659297083589
10,3,13,NaN
9,4,13,NaN
10,3,13,0.18070989167746893
6,7,13,0.2783692877527476
8,5,13,0.06260803999115534
12,1,13,0.5417209770628222
12,1,13,0.7092033041123709
9,4,13,0.23019209938292806
8,5,13,0.13050785381393398
12,1,13,0.63643854716524
10,3,13,1.7757131195612523e-5
8,5,13,0.10032275229784271
9,4,13,0.5417209770628222
6,7,13,0.14499639323270927
10,3,13,0.9272124484159221
11,2,13,NaN
11,2,13,0.4155618969404342
7,6,13,0.8652322931034484
9,4,13,0.03831329598506057
6,7,13,NaN
10,3,13,0.2597595745426917
11,2,13,0.0025709660283289135
7,6,13,0.8174496695556678
8,5,13,0.8450772854630715
6,7,13,NaN
12,1,13,NaN
9,4,13,0.6788279884437206
8,5,13,0.20471143558157323
4,9,13,0.04131511620957335
13,0,13,0.1903388317873112
6,7,13,0.23750457852165702
8,5,13,0.7869407257884593
10,3,13,0.9788607926599964
11,2,13,0.7726517314264018
6,7,13,0.4475557477195245
10,3,13,0.7092033041123709
11,2,13,0.6032849983070901
10,3,13,NaN
6,7,13,0.5939174630429254
12,1,13,0.631220773570296
8,5,13,0.5865196674031864
7,6,13,0.9590286414731528
11,2,13,0.04072166146359844
5,8,13,0.47853920380782555
11,2,13,NaN
4,9,13,0.0630282359819421
9,4,13,0.7423423413009405
8,5,13,0.8450772854630715
11,2,13,0.04531425270758149
8,5,13,0.11735031057960332
9,4,13,0.5183374556419776
11,2,13,0.7726517314264018
11,2,13,NaN
13,0,13,0.0006416485439898229
10,3,13,0.28546291073438385
8,5,13,0.27680457273221615
7,6,13,0.2783692877527476
9,4,13,0.5427791979508634
9,4,13,0.7552497524541286
9,4,13,0.11327367849732593
11,2,13,0.10310395870449009
11,2,13,NaN
9,4,13,0.0015506799637766114
11,2,13,0.9272124484159221
10,3,13,0.8237080657963236
9,4,13,NaN
9,4,13,0.36134505565174846
12,1,13,1.6627704672648874e-6
8,5,13,0.18646687258047132
6,7,13,0.7726517314264018
11,2,13,0.6163604147416746
10,3,13,0.019796251803769704
11,2,13,0.0143133607905662
10,3,13,0.36067435248047747
2,11,13,NaN
8,5,13,NaN
12,1,13,NaN
8,5,13,NaN
7,6,13,0.04531425270758149
10,3,13,0.3324619115786486
9,4,13,NaN
9,4,13,0.04531425270758149
9,4,13,0.18628194741349458
7,6,13,0.8248624869295144
11,2,13,0.48945833991568644
9,4,13,0.06301655851591602
9,4,13,NaN
12,1,13,0.6208747285706957
8,5,13,0.5417209770628222
7,6,13,NaN
9,4,13,NaN
9,4,13,0.9711621505657266
10,3,13,0.032853775051729074
12,1,13,0.0023960861125628366
12,1,13,0.07679849711397702
11,2,13,8.9637835624273e-6
10,3,13,0.26582240060889833
7,6,13,0.2307478702826715
8,5,13,0.0010281458966575634
13,0,13,0.09424438033784033
10,3,13,0.8006696868167401
9,4,13,NaN
8,5,13,0.9701802137391691
12,1,13,0.2783692877527476
10,3,13,0.31538291069709495
8,5,13,0.06295827575867896
10,3,13,0.7092033041123709
11,2,13,0.00018186449703973303
9,4,13,0.03793431351203563
11,2,13,0.24290906152647984
11,2,13,NaN
9,4,13,NaN
11,2,13,NaN
12,1,13,0.8679189613997627
11,2,13,0.15938727449707998
8,5,13,0.8450772854630715
7,6,13,0.14315904395014004
7,6,13,0.31538291069709495
9,4,13,0.5008850820375624
6,7,13,NaN
10,3,13,0.5417209770628222
5,8,13,NaN
8,5,13,0.11600516340256257
12,1,13,0.08612589160650815
7,6,13,0.0652771937305894
9,4,13,0.11735031057960332
11,2,13,3.1121045114275563e-14
9,4,13,0.3683063365100792
8,5,13,0.11735031057960332
10,3,13,0.08365080497206963
11,2,13,0.4230185199471978
12,1,13,0.01899345402656066
5,8,13,0.18348414923983342
9,4,13,0.15938727449707998
12,1,13,0.631220773570296
12,1,13,0.03146767044803817
6,7,13,0.023437746643316073
12,1,13,0.024729265768079406
10,3,13,NaN
10,3,13,NaN
10,3,13,0.8356209359820927
8,5,13,0.4011103777394731
10,3,13,NaN
9,4,13,0.9493033010224405
11,2,13,3.350403150643201e-6
11,2,13,0.9335053885363508
9,4,13,0.34729379856962467
11,2,13,0.8237080657963236
7,6,13,0.5434852093696828
11,2,13,0.020135734763460856
11,2,13,NaN
10,3,13,0.0025048204171676312
2,11,13,0.22234695846854247
8,5,13,NaN
13,0,13,0.01237958062699815
9,4,13,0.08612589160650815
11,2,13,NaN
10,3,13,0.4475557477195245
10,3,13,NaN
11,2,13,0.24290906152647984
11,2,13,0.3557510427918548
12,1,13,0.21185071034975703
11,2,13,0.007985775909230816
8,5,13,0.007349342594627595
9,4,13,0.056628607646869285
11,2,13,0.18348414923983342
11,2,13,6.152363053870939e-8
12,1,13,NaN
9,4,13,0.4475557477195245
9,4,13,NaN
11,2,13,NaN
9,4,13,0.7726517314264018
11,2,13,0.025208036916701915
6,7,13,0.8958762517401009
9,4,13,NaN
9,4,13,0.7092033041123709
11,2,13,0.5865196674031864
9,4,13,0.2783692877527476
8,5,13,0.13695747655435897
10,3,13,0.31538291069709495
10,3,13,NaN
9,4,13,0.09061241887260031
9,4,13,NaN
11,2,13,0.21185071034975703
11,2,13,0.011335119107957231
9,4,13,NaN
12,1,13,0.0004162171130637007
8,5,13,NaN
10,3,13,0.9663500458367166
11,2,13,NaN
12,1,13,0.7385892406949538
9,4,13,0.41898836947329166
11,2,13,0.4166426774889227
7,6,13,NaN
6,7,13,0.14076022875555824
1,12,13,0.48442636960991975
10,3,13,0.7639427888523753
2,11,13,0.15938727449707998
10,3,13,0.23511224840574088
8,5,13,0.6184273891452072
4,9,13,NaN
11,2,13,0.8237080657963236
13,0,13,0.15938727449707998
11,2,13,9.92158805597478e-6
8,5,13,0.0028788935843253277
5,8,13,0.12616282631084808
13,0,13,0.3072441104859598
9,4,13,0.08612589160650815
10,3,13,NaN
8,5,13,0.8450772854630715
7,6,13,0.0025709660283289135
9,4,13,NaN
10,3,13,0.7869407257884593
5,8,13,0.30623635626219897
8,5,13,NaN
6,7,13,0.4475557477195245
9,4,13,0.5491099842322958
5,8,13,NaN
9,4,13,NaN
8,5,13,NaN
8,5,13,0.48416940683333404
8,5,13,NaN
8,5,13,0.3887761032908221
9,4,13,NaN
11,2,13,0.49543559874771725
8,5,13,0.8127479591275687
10,3,13,NaN
11,2,13,0.5493060417572245
11,2,13,0.22986855794650582
10,3,13,0.4011103777394731
7,6,13,0.007349342594627595
11,2,13,NaN
9,4,13,NaN
10,3,13,0.8652322931034484
6,7,13,0.07361819104140599
11,2,13,0.3430073077634203
9,4,13,NaN
3,10,13,NaN
6,7,13,0.18348414923983342
8,5,13,0.9116025018384656
8,5,13,0.3557510427918548
7,6,13,0.6127253479327994
6,7,13,0.9137791798943785
11,2,13,0.5417209770628222
11,2,13,0.8827570506600473
8,5,13,0.5417209770628222
13,0,13,0.08612589160650815
8,5,13,0.6950686511737141
11,2,13,0.8652322931034484
8,5,13,0.8827570506600473
10,3,13,NaN
9,4,13,0.4011103777394731
10,3,13,0.8450772854630715
9,4,13,0.4810476269387019
3,10,13,NaN
8,5,13,0.6698788055378292
6,7,13,0.3557510427918548
9,4,13,0.0630282359819421
7,6,13,NaN
6,7,13,0.3223493429257541
10,3,13,0.7726517314264018
9,4,13,0.019796251803769704
8,5,13,0.5417209770628222
11,2,13,0.03831329598506057
9,4,13,0.7071497675432074
9,4,13,NaN
8,5,13,0.7726517314264018
4,9,13,0.6368500392896812
8,5,13,0.9591031331730979
10,3,13,0.8450772854630715
7,6,13,0.79781250674819
11,2,13,0.40745524298120844
10,3,13,0.7854062055518571
11,2,13,0.9001259164326818
10,3,13,0.18348414923983342
11,2,13,0.8006696868167401
11,2,13,0.3459284406100455
6,7,13,0.8237080657963236
7,6,13,0.29847576848684493
8,5,13,0.5802917560236949
10,3,13,0.13695747655435897
10,3,13,0.49543559874771725
8,5,13,0.08612589160650815
10,3,13,1.8701580889841876e-5
13,0,13,NaN
6,7,13,0.7325477324677292
10,3,13,NaN
1,12,13,0.7423423413009405
10,3,13,0.9394569650180941
12,1,13,0.9137791798943785
6,7,13,0.2962187991822095
12,1,13,0.49543559874771725
12,1,13,NaN
11,2,13,NaN
10,3,13,NaN
7,6,13,0.3381791689173725
9,4,13,NaN
10,3,13,0.8237080657963236
2,11,13,0.9590286414731528
12,1,13,0.7716423171976328
9,4,13,0.0005800062529091138
8,5,13,0.06260803999115534
11,2,13,0.9590286414731528
9,4,13,0.8652322931034484
5,8,13,NaN
10,3,13,0.7056632482489369
9,4,13,0.48945833991568644
7,6,13,NaN
12,1,13,NaN
7,6,13,0.0025709660283289135
7,6,13,0.9001259164326818
10,3,13,0.21996609699589492
7,6,13,0.31538291069709495
12,1,13,NaN
8,5,13,NaN
9,4,13,NaN
4,9,13,0.17356972116971547
13,0,13,0.10032275229784271
11,2,13,3.367838424517084e-7
8,5,13,NaN
10,3,13,NaN
11,2,13,0.5768573200722006
7,6,13,NaN
10,3,13,NaN
9,4,13,0.49543559874771725
9,4,13,0.0010022519462698756
4,9,13,NaN
9,4,13,0.24290906152647984
8,5,13,0.33216038426464173
11,2,13,0.08212534815175482
8,5,13,NaN
12,1,13,0.8207482473000494
12,1,13,0.8610387250219611
6,7,13,1.084816794434176e-7
10,3,13,3.855331477621678e-5
12,1,13,0.47746777727762757
8,5,13,0.6208747285706957
6,7,13,0.6717661875924231
8,5,13,NaN
11,2,13,0.31538291069709495
6,7,13,0.7092033041123709
12,1,13,0.9137791798943785
7,6,13,0.2783692877527476
11,2,13,0.6717661875924231
9,4,13,NaN
8,5,13,0.23341055198896363
5,8,13,NaN
6,7,13,0.9137791798943785
6,7,13,0.10032275229784271
9,4,13,0.053556438906752275
9,4,13,0.3557510427918548
9,4,13,0.47638285705255623
7,6,13,2.7239245228751056e-12
8,5,13,0.8450772854630715
10,3,13,0.013958060429149566
5,8,13,0.7417908269707548
9,4,13,0.631220773570296
11,2,13,NaN
9,4,13,0.023598202099402235
7,6,13,NaN
9,4,13,0.631220773570296
11,2,13,0.9081904690381343
12,1,13,0.5865196674031864
10,3,13,0.49543559874771725
5,8,13,NaN
7,6,13,0.6717661875924231
10,3,13,NaN
8,5,13,NaN
11,2,13,NaN
12,1,13,0.7092033041123709
8,5,13,NaN
7,6,13,0.26182431502777886
7,6,13,NaN
8,5,13,0.7635157389866408
11,2,13,0.1908083089632437
3,10,13,0.21468504870719501
9,4,13,0.18348414923983342
8,5,13,0.49543559874771725
10,3,13,NaN
11,2,13,0.4011103777394731
12,1,13,0.053556438906752275
8,5,13,0.830469908159653
13,0,13,0.31591658452587973
3,10,13,8.821486863570372e-8
9,4,13,0.1432479796402844
10,3,13,0.3744294110998145
5,8,13,0.7303737933111294
9,4,13,NaN
8,5,13,NaN
10,3,13,0.04215534705486304
8,5,13,0.21185071034975703
8,5,13,0.2413908553420707
10,3,13,0.008891624123104661
6,7,13,0.20974189114913813
12,1,13,0.04817012243215618
9,4,13,0.01085267624927704
11,2,13,0.7423423413009405
8,5,13,0.15938727449707998
12,1,13,0.21185071034975703
1,12,13,NaN
10,3,13,0.2783692877527476
8,5,13,NaN
6,7,13,0.2842548906679495
9,4,13,NaN
7,6,13,NaN
2,11,13,0.2051841611850297
13,0,13,0.008101524399915625
10,3,13,0.8652322931034484
10,3,13,0.8006696868167401
10,3,13,0.02787455723542097
7,6,13,0.003569269858018222
8,5,13,0.17638798005766676
5,8,13,0.19820406815208724
4,9,13,NaN
11,2,13,0.3557510427918548
11,2,13,NaN
8,5,13,0.5511213331111136
11,2,13,NaN
11,2,13,0.3495312009874121
9,4,13,NaN
11,2,13,0.5417209770628222
11,2,13,0.5263499558718666
9,4,13,NaN
12,1,13,NaN
11,2,13,0.6717661875924231
13,0,13,0.9951781190776762
12,1,13,NaN
10,3,13,0.40720597582527557
10,3,13,0.11087937092837119
13,0,13,0.7092033041123709
6,7,13,0.24290906152647984
7,6,13,0.6717661875924231
8,5,13,NaN
8,5,13,0.5488243489109068
10,3,13,0.014117958256940224
7,6,13,0.000739078668079557
11,2,13,0.9001259164326818
9,4,13,NaN
5,8,13,0.33070721322117175
9,4,13,0.008989518365494602
13,0,13,0.9590286414731528
10,3,13,0.11649558320498266
2,11,13,NaN
11,2,13,0.6663712952225194
11,2,13,NaN
10,3,13,0.021386330011343754
6,7,13,0.006579522172972076
7,6,13,0.11735031057960332
7,6,13,NaN
7,6,13,0.3557510427918548
8,5,13,0.8652322931034484
8,5,13,0.25744946852359984
12,1,13,NaN
8,5,13,8.353728341210061e-5
9,4,13,0.5417209770628222
10,3,13,0.7423423413009405
3,10,13,0.011502464527453245
5,8,13,0.9258379374406722
11,2,13,0.7925277857155424
10,3,13,0.631220773570296
8,5,13,NaN
10,3,13,0.3849159990761342
9,4,13,NaN
3,10,13,0.22594351255131254
9,4,13,0.24290906152647984
7,6,13,NaN
9,4,13,NaN
11,2,13,0.8705324555911437
9,4,13,NaN
7,6,13,0.23782875925428096
13,0,13,0.21185071034975703
3,10,13,NaN
11,2,13,0.7423423413009405
9,4,13,0.8450772854630715
7,6,13,0.030758156819904358
8,5,13,0.8237080657963236
11,2,13,0.07361819104140599
7,6,13,0.18348414923983342
8,5,13,0.7423423413009405
7,6,13,NaN
12,1,13,0.631220773570296
1,12,13,0.3892404650973566
10,3,13,0.5550353681684953
10,3,13,0.07361819104140599
9,4,13,0.27284296025371924
9,4,13,0.546152762799012
8,5,13,9.624006048730561e-14
13,0,13,0.3008426988838724
11,2,13,0.62471135189573
12,1,13,0.8273404403689961
9,4,13,0.004260205704453929
10,3,13,0.02787455723542097
13,0,13,0.13695747655435897
7,6,13,0.4011103777394731
9,4,13,0.46070644133048866
7,6,13,0.8827570506600473
12,1,13,0.6717661875924231
10,3,13,0.7092033041123709
9,4,13,NaN
7,6,13,0.7726517314264018
2,11,13,NaN
8,5,13,0.03873938258583169
11,2,13,0.18871354615664282
6,7,13,NaN
11,2,13,NaN
6,7,13,NaN
8,5,13,NaN
2,11,13,NaN
12,1,13,NaN
9,4,13,0.8237080657963236
9,4,13,0.9251273771336299
9,4,13,0.22090526628071527
8,5,13,0.8867245764499464
10,3,13,0.39109419328335254
7,6,13,0.49543559874771725
9,4,13,0.8450772854630715
10,3,13,NaN
6,7,13,0.026594646679114247
8,5,13,0.00020880539898192105
10,3,13,0.002062063626697013
10,3,13,NaN
13,0,13,0.6717661875924231
5,8,13,NaN
8,5,13,NaN
11,2,13,0.49543559874771725
7,6,13,NaN
9,4,13,NaN
11,2,13,0.044228749952050894
6,7,13,0.6717661875924231
10,3,13,0.9550365032141755
8,5,13,0.025321802208147278
9,4,13,NaN
8,5,13,0.021816428820306728
10,3,13,0.3557510427918548
9,4,13,0.032853775051729074
9,4,13,0.010673263012229563
9,4,13,0.31538291069709495
8,5,13,0.2783692877527476
10,3,13,4.1990643097302717e-7
12,1,13,0.8237080657963236
7,6,13,0.8827570506600473
7,6,13,NaN
12,1,13,7.6099233893309025e-6
6,7,13,0.6343477756293385
10,3,13,0.1553873446138651
11,2,13,0.4475557477195245
13,0,13,0.7092033041123709
9,4,13,0.9943152957847301
10,3,13,0.9590286414731528
10,3,13,NaN
11,2,13,0.03831329598506057
7,6,13,0.13695747655435897
6,7,13,0.7726517314264018
6,7,13,0.0021960474306923065
13,0,13,0.08612589160650815
4,9,13,0.0006084986275950143
6,7,13,0.007349342594627595
7,6,13,NaN
8,5,13,NaN
7,6,13,0.007349342594627595
11,2,13,0.18348414923983342
10,3,13,NaN
6,7,13,NaN
10,3,13,0.9951781190776762
8,5,13,NaN
9,4,13,0.49543559874771725
11,2,13,0.8648077666782058
10,3,13,0.0051653647514528205
11,2,13,0.08948006668700369
11,2,13,0.03831329598506057
12,1,13,0.22366034024896694
2,11,13,0.7433590367901758
8,5,13,NaN
9,4,13,0.5865196674031864
8,5,13,0.06260803999115534
7,6,13,0.18348414923983342
10,3,13,0.7110015779482259
12,1,13,NaN
10,3,13,NaN
9,4,13,0.31538291069709495
9,4,13,0.6717661875924231
9,4,13,0.7214988369062104
9,4,13,0.009325005405405363
12,1,13,0.5560784007855747
8,5,13,0.48094131143593755
12,1,13,0.7092033041123709
9,4,13,NaN
6,7,13,NaN
5,8,13,NaN
11,2,13,NaN
11,2,13,NaN
6,7,13,0.5483922357913847
10,3,13,NaN
11,2,13,NaN
9,4,13,0.20620557735673217
7,6,13,NaN
10,3,13,0.6358708145444405
13,0,13,0.0630282359819421
9,4,13,0.7360910000376489
6,7,13,0.5937666833661193
9,4,13,NaN
1,12,13,0.0989600167015814
6,7,13,0.8450772854630715
7,6,13,0.5847567171990724
9,4,13,NaN
1,12,13,NaN
8,5,13,NaN
11,2,13,0.8492263303450983
8,5,13,0.39269305989092546
6,7,13,0.7726517314264018
11,2,13,0.16021553693686716
8,5,13,0.7092033041123709
11,2,13,NaN
8,5,13,0.7092033041123709
11,2,13,0.0033227796239621576
10,3,13,0.2783692877527476
9,4,13,0.0997534938935964
10,3,13,0.9001259164326818
11,2,13,NaN
2,11,13,0.23531789377185858
13,0,13,0.33886474814729256
7,6,13,0.46483246516522764
7,6,13,NaN
8,5,13,0.5433441702703096
9,4,13,0.9590286414731528
8,5,13,0.49850143426701443
1,12,13,NaN
10,3,13,0.8079928207706086
5,8,13,NaN
8,5,13,0.0009233959829302097
9,4,13,NaN
7,6,13,NaN
11,2,13,0.33446533610376084
9,4,13,0.7006221312560991
11,2,13,0.5678884248042589
6,7,13,0.9643152903175389
9,4,13,0.49543559874771725
8,5,13,0.6717661875924231
9,4,13,0.030452732602966288
10,3,13,0.9001259164326818
11,2,13,NaN
7,6,13,0.5620633442197919
4,9,13,0.21357241285221226
10,3,13,0.2714976848618461
11,2,13,0.003095655933344842
8,5,13,0.6796560791431746
10,3,13,0.2603072010374049
11,2,13,0.04643730607745473
5,8,13,0.08475758808562522
8,5,13,NaN
11,2,13,NaN
11,2,13,0.7423423413009405
3,10,13,0.5968527883224514
5,8,13,0.13831926917448317
5,8,13,0.10626265999746327
10,3,13,0.00109181297879201
4,9,13,0.08662660847895735
10,3,13,0.2574088731044193
10,3,13,0.7726517314264018
2,11,13,NaN
9,4,13,0.9137791798943785
8,5,13,0.21185071034975703
6,7,13,0.9808556116498774
7,6,13,NaN
9,4,13,0.6405332904953958
1,12,13,NaN
11,2,13,0.13695747655435897
7,6,13,NaN
7,6,13,0.8652322931034484
10,3,13,0.6717661875924231
8,5,13,0.6327343231924473
10,3,13,NaN
7,6,13,NaN
10,3,13,NaN
8,5,13,0.24290906152647984
9,4,13,0.04102584943837405
9,4,13,0.04834492901947091
9,4,13,0.2187885149467455
9,4,13,0.8857577635146312
10,3,13,0.004318283074783367
8,5,13,0.13695747655435897
10,3,13,0.25657608300522183
8,5,13,0.7312808596909932
9,4,13,NaN
9,4,13,0.7423423413009405
12,1,13,0.13695747655435897
10,3,13,0.15938727449707998
6,7,13,NaN
10,3,13,NaN
11,2,13,NaN
5,8,13,0.002684486520704881
11,2,13,0.04353492225883304
8,5,13,NaN
9,4,13,NaN
8,5,13,0.8827570506600473
10,3,13,NaN
10,3,13,8.048308954289601e-5
8,5,13,0.9733084005106692
8,5,13,0.8652322931034484
7,6,13,0.0736439185472932
3,10,13,0.3557510427918548
6,7,13,NaN
7,6,13,0.037085715735271994
12,1,13,NaN
6,7,13,0.4475557477195245
6,7,13,0.5356673432373547
9,4,13,NaN
7,6,13,0.8450772854630715
11,2,13,0.9493033010224405
6,7,13,0.07995085556295152
8,5,13,NaN
10,3,13,NaN
3,10,13,0.023437746643316073
7,6,13,0.32135031818130005
9,4,13,0.8827570506600473
11,2,13,0.15937889240734904
7,6,13,0.002005321190041939
6,7,13,0.04531425270758149
11,2,13,0.7726517314264018
8,5,13,0.4759859066755086
1,12,13,0.5417209770628222
7,6,13,NaN
7,6,13,0.5765129955615077
12,1,13,NaN
8,5,13,0.021857059248629337
9,4,13,0.0051653647514528205
7,6,13,0.673836111171969
6,7,13,0.8385099328644053
7,6,13,0.4011103777394731
9,4,13,0.8237080657963236
5,8,13,0.8284286647557704
8,5,13,0.014517037028916158
6,7,13,NaN
7,6,13,0.07157387981505785
2,11,13,0.5865196674031864
7,6,13,0.5847567171990724
7,6,13,0.21793114523149193
8,5,13,0.49543559874771725
6,7,13,NaN
8,5,13,0.5434852093696828
11,2,13,0.91089910393393
10,3,13,0.016656938369781698
8,5,13,0.8450772854630715
6,7,13,0.10032275229784271
8,5,13,NaN
9,4,13,0.4475557477195245
13,0,13,0.023437746643316073
10,3,13,0.8237080657963236
6,7,13,NaN
8,5,13,0.3610387326885879
8,5,13,NaN
9,4,13,0.6327343231924473
11,2,13,0.4011103777394731
9,4,13,0.03690976732534612
6,7,13,NaN
4,9,13,NaN
9,4,13,0.05262824611137984
4,9,13,NaN
7,6,13,0.5802917560236949
8,5,13,0.03831329598506057
8,5,13,NaN
1,12,13,NaN
10,3,13,0.4475557477195245
8,5,13,0.4166426774889227
9,4,13,NaN
10,3,13,0.08612589160650815
6,7,13,0.07361819104140599
7,6,13,0.5865196674031864
6,7,13,NaN
6,7,13,0.5180838030620013
12,1,13,0.1782184971215875
12,1,13,0.5802917560236949
10,3,13,0.8237080657963236
5,8,13,0.15938727449707998
6,7,13,0.5953906035035609
11,2,13,0.19820406815208724
8,5,13,0.05060788473985018
11,2,13,0.6717661875924231
9,4,13,0.053556438906752275
8,5,13,0.9641596673250559
5,8,13,0.9885707782763422
11,2,13,NaN
9,4,13,NaN
7,6,13,0.6717661875924231
11,2,13,0.07770787174543889
11,2,13,NaN
5,8,13,NaN
1,12,13,NaN
8,5,13,0.5865196674031864
7,6,13,NaN
9,4,13,NaN
2,11,13,0.13695747655435897
12,1,13,0.1863576031364594
10,3,13,0.39269305989092546
8,5,13,0.10210655083811676
11,2,13,0.1192844492924228
10,3,13,NaN
8,5,13,6.430642003838477e-6
9,4,13,NaN
10,3,13,0.072507087182223
2,11,13,NaN
10,3,13,0.17600453156660253
10,3,13,0.26383167368416294
9,4,13,0.631220773570296
1,12,13,NaN
9,4,13,0.5193628930277068
9,4,13,0.08612589160650815
6,7,13,NaN
10,3,13,0.4011103777394731
9,4,13,0.17007764483734367
10,3,13,0.9272124484159221
10,3,13,NaN
11,2,13,NaN
3,10,13,0.8450772854630715
7,6,13,0.7553571127865234
11,2,13,0.3557510427918548
8,5,13,0.631220773570296
6,7,13,NaN
10,3,13,0.11893857935541609
7,6,13,NaN
9,4,13,NaN
10,3,13,0.9317856478956275
6,7,13,0.14545526097261766
9,4,13,0.9137791798943785
11,2,13,0.631220773570296
8,5,13,0.7572477918328983
9,4,13,NaN
8,5,13,NaN
6,7,13,0.4475557477195245
6,7,13,NaN
10,3,13,0.0012595398853814
12,1,13,7.69320904692013e-5
9,4,13,0.8450772854630715
8,5,13,0.7086978336831354
10,3,13,0.2812016930280417
6,7,13,NaN
10,3,13,0.6386796318110681
6,7,13,0.2783692877527476
9,4,13,NaN
6,7,13,0.9137791798943785
9,4,13,0.2891119914176707
10,3,13,0.5417209770628222
4,9,13,0.8006696868167401
7,6,13,0.32135031818130005
5,8,13,NaN
9,4,13,0.8006696868167401
9,4,13,0.6756503936008958
7,6,13,0.6717661875924231
9,4,13,0.0005778657004799235
9,4,13,0.6589606374511142
7,6,13,0.6537952687225608
8,5,13,0.15938727449707998
4,9,13,0.6633311068097516
2,11,13,0.7539535653898017
8,5,13,0.7092033041123709
7,6,13,0.009051781580553177
8,5,13,0.6717661875924231
9,4,13,0.5417209770628222
9,4,13,0.4011103777394731
9,4,13,0.9602397512398567
11,2,13,0.08612589160650815
10,3,13,0.19820406815208724
1,12,13,0.6605672398756506
8,5,13,0.9786206845654202
9,4,13,0.8928267702931925
7,6,13,0.6698788055378292
1,12,13,NaN
9,4,13,0.9137791798943785
5,8,13,0.15938727449707998
7,6,13,NaN
6,7,13,NaN
7,6,13,0.9137791798943785
6,7,13,0.9396124013901456
6,7,13,NaN
7,6,13,0.5865196674031864
2,11,13,0.5737458270684518
3,10,13,0.49543559874771725
8,5,13,NaN
13,0,13,NaN
7,6,13,NaN
2,11,13,NaN
7,6,13,0.24290906152647984
1,12,13,0.07489620863544831
2,11,13,NaN
10,3,13,NaN
6,7,13,1.4004774030585297e-5
5,8,13,0.9137791798943785
6,7,13,0.053556438906752275
3,10,13,NaN
6,7,13,0.5356673432373547
4,9,13,0.09901566991057525
5,8,13,0.5292233662686415
5,8,13,NaN
3,10,13,NaN
2,11,13,NaN
6,7,13,0.5865196674031864
3,10,13,NaN
5,8,13,NaN
7,6,13,NaN
3,10,13,NaN
5,8,13,NaN
1,12,13,0.15938727449707998
1,12,13,NaN
4,9,13,NaN
9,4,13,0.631220773570296
13,0,13,0.7349050101248953
2,11,13,0.15938727449707998
1,12,13,NaN
1,12,13,NaN
1,12,13,0.3557510427918548
1,12,13,NaN
1,12,13,0.22259758368267848
1,12,13,0.7423423413009405
7,6,13,0.631220773570296
3,10,13,0.24172487548753607
3,10,13,NaN
3,10,13,0.007537623166531302
10,3,13,0.7423423413009405
1,12,13,NaN
9,4,13,NaN
9,4,13,NaN
5,8,13,0.4475557477195245
5,8,13,NaN
1,12,13,NaN
2,11,13,NaN
10,3,13,0.8237080657963236
2,11,13,0.5865196674031864
3,10,13,0.04531425270758149
1,12,13,0.038067518106646055
3,10,13,0.5217874188020998
1,12,13,NaN
1,12,13,0.0591323386163373
1,12,13,0.49543559874771725
1,12,13,0.31538291069709495
6,7,13,0.9272124484159221
8,5,13,0.7289236662656107
2,11,13,0.12535701036362762
1,12,13,NaN
3,10,13,0.11735031057960332
2,11,13,NaN
2,11,13,NaN
1,12,13,NaN
1,12,13,0.8652322931034484
1,12,13,0.03335734955382278
1,12,13,0.9001259164326818
1,12,13,NaN
1,12,13,0.12498553753515214
10,3,13,0.2891119914176707
1,12,13,0.03593791381959602
3,10,13,NaN
2,11,13,NaN
2,11,13,0.43367744157259835
1,12,13,NaN
1,12,13,NaN
2,11,13,NaN
1,12,13,NaN
1,12,13,NaN
1,12,13,0.631220773570296
1,12,13,0.04737237806624203
1,12,13,NaN
3,10,13,0.6516169525146253
1,12,13,NaN
1,12,13,NaN
3,10,13,NaN
1,12,13,NaN
1,12,13,NaN
1,12,13,NaN
1,12,13,0.05553583653432078
1,12,13,0.840081839905335
0,13,13,0.01384068834559692
0,13,13,0.2553063895016906
0,13,13,NaN
0,13,13,0.5865196674031864
0,13,13,NaN
0,13,13,NaN
0,13,13,0.008685071347745677
0,13,13,NaN
0,13,13,NaN
0,13,13,0.39808423110356206
0,13,13,0.8827570506600473
0,13,13,NaN
0,13,13,0.7092033041123709
0,13,13,0.9338640776124352
0,13,13,0.41556845210556914
0,13,13,NaN
0,13,13,0.3471272520179104
0,13,13,0.24290906152647984
0,13,13,NaN
0,13,13,NaN
0,13,13,0.3557510427918548
0,13,13,NaN
0,13,13,0.9493033010224405
0,13,13,NaN
0,13,13,0.8827570506600473
0,13,13,NaN
0,13,13,NaN
0,13,13,0.007349342594627595
0,13,13,NaN
0,13,13,0.02316809062687119
0,13,13,6.632213950732585e-5
0,13,13,NaN
0,13,13,NaN
0,13,13,NaN
0,13,13,NaN
0,13,13,NaN
0,13,13,0.8158123249426579
0,13,13,NaN
0,13,13,0.008685071347745677
0,13,13,0.9535272622029753
0,13,13,0.8450772854630715
5,7,12,0.9223252053322107
8,4,12,0.8006696868167401
10,2,12,0.3557510427918548
10,2,12,NaN
2,10,12,NaN
7,5,12,NaN
10,2,12,NaN
10,2,12,0.7580966951058977
7,5,12,NaN
9,3,12,NaN
7,5,12,0.07361819104140599
7,5,12,0.8450772854630715
9,3,12,NaN
8,4,12,0.4872726909466505
6,6,12,0.469883223005602
7,5,12,0.9841738135856081
7,5,12,0.4475557477195245
8,4,12,0.631220773570296
6,6,12,NaN
9,3,12,NaN
2,10,12,0.01679528267461473
12,0,12,0.4475557477195245
9,3,12,0.9272124484159221
7,5,12,NaN
9,3,12,NaN
7,5,12,0.00881392655895506
6,6,12,0.27681495769869074
8,4,12,NaN
9,3,12,0.23552307669141448
9,3,12,0.1632304867508098
8,4,12,0.4155618969404342
11,1,12,0.030758156819904358
7,5,12,0.07361819104140599
11,1,12,0.15938727449707998
11,1,12,1.2741551736811635e-6
5,7,12,NaN
8,4,12,0.2954562226479242
7,5,12,0.7038246336797255
6,6,12,0.6717661875924231
11,1,12,NaN
9,3,12,0.5417209770628222
8,4,12,NaN
9,3,12,NaN
9,3,12,0.6702125184631231
6,6,12,0.5359257190811036
8,4,12,0.26771753006387256
10,2,12,0.0630282359819421
11,1,12,0.18348414923983342
12,0,12,0.8954942781772826
12,0,12,0.18348414923983342
8,4,12,0.13695747655435897
7,5,12,NaN
9,3,12,0.0021097079919752504
7,5,12,NaN
10,2,12,0.164811978123913
8,4,12,0.012093584024011722
11,1,12,0.0015506799637766114
12,0,12,0.5192798580998162
5,7,12,0.001756348171646492
11,1,12,0.9001259164326818
9,3,12,NaN
9,3,12,0.4475557477195245
7,5,12,0.1031936970333842
11,1,12,0.8237080657963236
2,10,12,NaN
12,0,12,0.016123825728610704
9,3,12,0.10453965175886143
10,2,12,0.13695747655435897
10,2,12,0.5350186310147395
7,5,12,0.3324741337663371
8,4,12,NaN
9,3,12,NaN
8,4,12,0.4475557477195245
10,2,12,NaN
10,2,12,NaN
4,8,12,0.20063451178495148
10,2,12,0.005828429076222456
7,5,12,0.20590521431572592
4,8,12,0.33070721322117175
10,2,12,NaN
3,9,12,NaN
9,3,12,0.03002897565218359
9,3,12,0.9493033010224405
9,3,12,0.5865196674031864
7,5,12,0.009513809744069091
9,3,12,2.8244814851406743e-5
9,3,12,NaN
2,10,12,NaN
6,6,12,0.63643854716524
7,5,12,0.014775618560071972
8,4,12,0.032853775051729074
10,2,12,0.7726517314264018
8,4,12,NaN
9,3,12,0.9733084005106692
6,6,12,0.49543559874771725
8,4,12,NaN
12,0,12,0.9272124484159221
10,2,12,0.8450772854630715
8,4,12,0.15938727449707998
5,7,12,0.8443251722607275
10,2,12,0.007349342594627595
9,3,12,0.10032275229784271
2,10,12,NaN
10,2,12,0.39240048784992326
7,5,12,NaN
10,2,12,0.4011103777394731
9,3,12,NaN
10,2,12,0.4011103777394731
7,5,12,0.9037646723138313
8,4,12,0.032853775051729074
3,9,12,NaN
7,5,12,NaN
7,5,12,0.800762620430346
8,4,12,0.5417209770628222
12,0,12,0.9493033010224405
7,5,12,0.631220773570296
11,1,12,0.8827570506600473
9,3,12,1.1858910812295818e-10
9,3,12,0.19472917649073473
5,7,12,NaN
8,4,12,0.7206816867481725
10,2,12,0.1559075657592427
7,5,12,0.13695747655435897
6,6,12,0.04639840077249241
8,4,12,0.13695747655435897
10,2,12,0.8450772854630715
11,1,12,0.2278457129338868
11,1,12,0.006997217148765137
10,2,12,0.5865196674031864
11,1,12,0.23182428680121653
6,6,12,NaN
9,3,12,0.21185071034975703
9,3,12,0.0011479411764696121
11,1,12,0.619427914833329
10,2,12,0.14306666737147816
8,4,12,0.08612589160650815
9,3,12,NaN
5,7,12,0.7423423413009405
9,3,12,0.17156333881348462
9,3,12,0.37397752118075256
6,6,12,NaN
9,3,12,0.8768095693934921
9,3,12,0.13684525122146476
8,4,12,NaN
8,4,12,0.11735031057960332
9,3,12,0.031899501372293
8,4,12,0.7195910676048861
9,3,12,0.49543559874771725
8,4,12,NaN
10,2,12,0.11034610818080706
11,1,12,0.5865196674031864
8,4,12,0.32135031818130005
4,8,12,0.7656968560480337
6,6,12,NaN
8,4,12,0.2783692877527476
9,3,12,0.4766516671851947
7,5,12,0.6717661875924231
5,7,12,0.7385892406949538
5,7,12,0.9263616469895146
8,4,12,NaN
9,3,12,0.5491153797024557
11,1,12,0.024308214015217655
4,8,12,NaN
8,4,12,0.4011103777394731
5,7,12,0.7092033041123709
9,3,12,0.4338797918180604
11,1,12,0.3597687351920953
9,3,12,NaN
7,5,12,0.7429277067389697
5,7,12,0.3296496747755379
9,3,12,4.1991836880484576e-6
9,3,12,NaN
7,5,12,0.042646670822942524
9,3,12,0.7811680378186527
7,5,12,NaN
10,2,12,0.31538291069709495
5,7,12,0.9891729664092427
9,3,12,0.4011103777394731
7,5,12,0.7427333155259657
9,3,12,0.4475557477195245
11,1,12,0.00021475946330607262
12,0,12,NaN
9,3,12,0.8237080657963236
8,4,12,0.004243052065979369
10,2,12,NaN
9,3,12,0.006162005486132496
4,8,12,NaN
9,3,12,0.21185071034975703
9,3,12,2.4268819380438414e-10
10,2,12,NaN
9,3,12,0.019796251803769704
8,4,12,0.24924540241158033
10,2,12,0.1553873446138651
9,3,12,NaN
9,3,12,0.07361819104140599
7,5,12,NaN
9,3,12,0.0630282359819421
11,1,12,NaN
8,4,12,NaN
11,1,12,0.28050770561815835
9,3,12,0.5417209770628222
7,5,12,0.13695747655435897
12,0,12,NaN
11,1,12,NaN
6,6,12,0.266948320162069
5,7,12,0.226515820499766
11,1,12,0.46738625787053056
7,5,12,NaN
8,4,12,NaN
8,4,12,0.03831329598506057
6,6,12,0.4011103777394731
9,3,12,0.4011103777394731
12,0,12,0.7811680378186527
11,1,12,0.38022948612685525
11,1,12,0.8310364398957234
6,6,12,0.7572477918328983
10,2,12,0.8017070843095779
5,7,12,0.7423423413009405
10,2,12,0.5249343478849474
9,3,12,0.0006104694118711535
9,3,12,NaN
8,4,12,0.4475557477195245
8,4,12,0.48945833991568644
11,1,12,0.011197505136020821
7,5,12,0.8958762517401009
5,7,12,0.631220773570296
7,5,12,NaN
9,3,12,0.6386796318110681
7,5,12,0.8652322931034484
9,3,12,NaN
8,4,12,NaN
7,5,12,0.6717661875924231
9,3,12,0.8360531634311054
10,2,12,0.7092033041123709
7,5,12,NaN
12,0,12,0.13684525122146476
9,3,12,NaN
8,4,12,NaN
8,4,12,0.1319234804519056
8,4,12,0.1045240737737313
8,4,12,0.34856951380596785
6,6,12,NaN
10,2,12,0.132043038301719
12,0,12,NaN
10,2,12,NaN
8,4,12,0.9733084005106692
11,1,12,0.03831329598506057
9,3,12,0.7774008009854484
9,3,12,0.5681702716420052
7,5,12,0.8450772854630715
11,1,12,0.4011103777394731
9,3,12,0.49543559874771725
4,8,12,NaN
10,2,12,0.3505273884252481
6,6,12,0.00024089803567755889
9,3,12,0.5865196674031864
9,3,12,NaN
12,0,12,0.16021553693686716
5,7,12,0.04047540513693592
9,3,12,0.2783692877527476
10,2,12,0.21185071034975703
11,1,12,0.06669386374370258
11,1,12,0.33698898915753644
12,0,12,0.9137791798943785
10,2,12,0.33206252338918735
9,3,12,0.000985803494383741
8,4,12,NaN
10,2,12,0.24290906152647984
10,2,12,NaN
8,4,12,0.6176727143341546
9,3,12,0.11735031057960332
9,3,12,0.06261051359027789
7,5,12,0.48945833991568644
6,6,12,NaN
9,3,12,NaN
7,5,12,0.15938727449707998
7,5,12,0.019796251803769704
11,1,12,0.5417209770628222
7,5,12,0.10221878961891498
2,10,12,NaN
8,4,12,0.6341923028368341
10,2,12,0.5417209770628222
8,4,12,0.09061241887260031
10,2,12,0.8279889650680171
8,4,12,0.15938727449707998
7,5,12,0.8216590648071691
8,4,12,0.9663500458367166
6,6,12,0.7506126132473532
8,4,12,NaN
7,5,12,0.07361819104140599
10,2,12,0.3271097024776167
10,2,12,0.0040285477034800584
8,4,12,NaN
7,5,12,NaN
10,2,12,NaN
8,4,12,NaN
7,5,12,0.009325005405405363
11,1,12,NaN
11,1,12,0.6755555597037516
12,0,12,NaN
6,6,12,0.7092033041123709
10,2,12,0.00019655091973266512
7,5,12,0.7092033041123709
8,4,12,NaN
10,2,12,NaN
9,3,12,NaN
9,3,12,0.007349342594627595
11,1,12,0.8652322931034484
6,6,12,0.5865196674031864
4,8,12,0.0023485928381110116
8,4,12,NaN
9,3,12,0.010514240590893521
6,6,12,NaN
4,8,12,0.88993860944986
8,4,12,0.31538291069709495
12,0,12,0.9780166728813449
9,3,12,0.5417209770628222
9,3,12,0.04531425270758149
7,5,12,0.6311970502828005
9,3,12,NaN
4,8,12,0.13285552190833122
11,1,12,0.4475557477195245
7,5,12,0.009325005405405363
10,2,12,0.8652322931034484
10,2,12,0.2783692877527476
6,6,12,0.9001259164326818
5,7,12,0.9733084005106692
9,3,12,NaN
9,3,12,NaN
10,2,12,NaN
7,5,12,0.9767012567429126
10,2,12,NaN
8,4,12,NaN
11,1,12,0.1062273149953186
8,4,12,NaN
9,3,12,NaN
9,3,12,0.9001259164326818
10,2,12,0.8827570506600473
9,3,12,0.631220773570296
8,4,12,NaN
10,2,12,0.010040458473689676
5,7,12,0.032853775051729074
6,6,12,NaN
8,4,12,NaN
6,6,12,0.0051653647514528205
4,8,12,0.6582344795822508
8,4,12,0.05181340521139537
10,2,12,NaN
3,9,12,NaN
8,4,12,0.6454932008239671
10,2,12,NaN
8,4,12,0.18348414923983342
11,1,12,NaN
9,3,12,0.032853775051729074
7,5,12,0.08123379932291548
9,3,12,0.06301655851591602
10,2,12,NaN
12,0,12,0.7423423413009405
8,4,12,NaN
12,0,12,0.7195910676048861
12,0,12,0.019796251803769704
7,5,12,NaN
8,4,12,0.6291894126423706
9,3,12,NaN
8,4,12,NaN
9,3,12,0.7092033041123709
8,4,12,NaN
9,3,12,0.7423423413009405
4,8,12,0.5417209770628222
7,5,12,0.6864865212233583
10,2,12,0.49543559874771725
10,2,12,0.11735031057960332
8,4,12,0.2315203507409859
4,8,12,0.24290906152647984
8,4,12,0.49543559874771725
6,6,12,0.0866468386838076
8,4,12,0.9394569650180941
7,5,12,0.9590286414731528
5,7,12,0.04531425270758149
9,3,12,0.3978734912472814
7,5,12,0.009325005405405363
7,5,12,0.1418020666519655
7,5,12,0.3557510427918548
11,1,12,0.21185071034975703
11,1,12,0.38741753600650725
12,0,12,NaN
12,0,12,NaN
8,4,12,0.8006696868167401
11,1,12,0.08612589160650815
9,3,12,0.15938727449707998
2,10,12,NaN
9,3,12,0.5417209770628222
9,3,12,NaN
10,2,12,0.8565837334949431
6,6,12,0.9733084005106692
6,6,12,NaN
8,4,12,NaN
7,5,12,0.9137791798943785
9,3,12,1.8309459711758817e-5
5,7,12,0.31538291069709495
10,2,12,0.7433590367901758
5,7,12,NaN
7,5,12,0.631220773570296
8,4,12,0.7195910676048861
11,1,12,0.032853775051729074
11,1,12,NaN
8,4,12,0.5459916266606403
9,3,12,0.023437746643316073
6,6,12,0.7092033041123709
11,1,12,0.5617869318863326
7,5,12,NaN
7,5,12,0.0063334921090187025
7,5,12,NaN
9,3,12,0.3610387326885879
9,3,12,0.4011103777394731
10,2,12,0.7726517314264018
11,1,12,NaN
4,8,12,0.45023202025075476
9,3,12,0.4011103777394731
8,4,12,0.7423423413009405
8,4,12,NaN
9,3,12,0.8827570506600473
9,3,12,0.44943597007475894
5,7,12,NaN
8,4,12,0.7423423413009405
11,1,12,NaN
6,6,12,0.09617159937011427
8,4,12,0.00022848916477113436
10,2,12,0.7092033041123709
7,5,12,NaN
10,2,12,0.37872944552567545
9,3,12,0.2942871780591215
9,3,12,0.631220773570296
9,3,12,NaN
5,7,12,NaN
7,5,12,0.4011103777394731
12,0,12,0.7092033041123709
2,10,12,0.37733382255645087
4,8,12,NaN
8,4,12,0.8827570506600473
10,2,12,0.10453965175886143
8,4,12,0.0002129125404029077
2,10,12,NaN
7,5,12,0.7125497954121649
11,1,12,0.9733084005106692
9,3,12,0.31876511282887343
12,0,12,0.3168460540691585
6,6,12,0.07361819104140599
6,6,12,NaN
9,3,12,NaN
8,4,12,0.02787455723542097
9,3,12,0.18070989167746893
6,6,12,0.11735031057960332
8,4,12,0.13695747655435897
8,4,12,0.1557000446926056
9,3,12,0.10528657409123422
9,3,12,0.8827570506600473
4,8,12,0.7423423413009405
9,3,12,NaN
5,7,12,0.3717325273368756
10,2,12,NaN
8,4,12,0.4155618969404342
9,3,12,0.001558028339013414
12,0,12,NaN
11,1,12,0.02787455723542097
11,1,12,0.26562593502088566
6,6,12,0.24902514675757284
10,2,12,NaN
8,4,12,0.597002046104909
9,3,12,0.032853775051729074
11,1,12,0.5865196674031864
5,7,12,0.631220773570296
10,2,12,0.3921225773990182
10,2,12,0.33289911354390594
9,3,12,0.35268721233173095
7,5,12,0.4011103777394731
10,2,12,0.31538291069709495
7,5,12,0.8827570506600473
11,1,12,NaN
5,7,12,NaN
2,10,12,0.023071327569096425
5,7,12,NaN
8,4,12,0.006610946063294765
6,6,12,0.0005523737818899551
6,6,12,0.18348414923983342
10,2,12,0.9400555695425443
10,2,12,0.005961402899849122
10,2,12,0.19707611935753971
8,4,12,0.13222834486391932
8,4,12,0.21185071034975703
6,6,12,0.7726517314264018
6,6,12,0.6735230358574139
8,4,12,0.31538291069709495
8,4,12,0.9272124484159221
3,9,12,0.9137791798943785
8,4,12,0.07361819104140599
7,5,12,0.6750969506752849
8,4,12,0.07361819104140599
8,4,12,0.39984397684924244
11,1,12,0.8567572918225971
9,3,12,0.5814213034304652
10,2,12,NaN
6,6,12,0.7506126132473532
7,5,12,0.631220773570296
8,4,12,0.49543559874771725
4,8,12,0.060750676976673926
9,3,12,NaN
2,10,12,0.591628792951135
9,3,12,0.5356673432373547
8,4,12,0.08721998605018397
9,3,12,0.5995720033578802
9,3,12,0.41471216893803126
4,8,12,NaN
9,3,12,0.6355480316295123
8,4,12,0.735914938752462
7,5,12,0.00012081262314632039
9,3,12,NaN
9,3,12,NaN
7,5,12,4.573700142714506e-5
10,2,12,0.8237080657963236
10,2,12,2.0235900494491328e-7
10,2,12,0.04531425270758149
9,3,12,0.18348414923983342
2,10,12,0.7092033041123709
12,0,12,0.31538291069709495
5,7,12,NaN
8,4,12,0.7092033041123709
6,6,12,0.0014918924118052313
7,5,12,0.8450772854630715
5,7,12,NaN
9,3,12,0.000133020263934259
9,3,12,0.24290906152647984
10,2,12,0.7726517314264018
10,2,12,NaN
6,6,12,0.5417209770628222
9,3,12,0.5865196674031864
11,1,12,0.012042389381549527
8,4,12,0.00576234589903852
3,9,12,NaN
12,0,12,0.4786214286103582
9,3,12,0.2783692877527476
10,2,12,0.05706045478678318
8,4,12,0.13747943732785253
9,3,12,0.006162005486132496
10,2,12,5.2053843328811804e-5
9,3,12,0.03831329598506057
7,5,12,0.5865196674031864
9,3,12,0.49543559874771725
5,7,12,0.2954562226479242
8,4,12,0.6341923028368341
10,2,12,0.02479067418896207
7,5,12,0.5356673432373547
9,3,12,0.5865196674031864
9,3,12,NaN
8,4,12,NaN
8,4,12,0.5142466969961698
9,3,12,0.7206816867481725
6,6,12,0.14566235814283515
7,5,12,0.7086978336831354
10,2,12,0.29570084657664103
9,3,12,0.08612589160650815
2,10,12,0.4475557477195245
9,3,12,0.7193262008063538
9,3,12,0.8237080657963236
11,1,12,NaN
9,3,12,0.4475557477195245
6,6,12,NaN
8,4,12,0.8652322931034484
10,2,12,0.9137791798943785
10,2,12,0.8652322931034484
10,2,12,NaN
9,3,12,0.0010281458966575634
7,5,12,0.4230675671847006
7,5,12,0.009206624428480036
8,4,12,0.9001259164326818
5,7,12,0.15938727449707998
9,3,12,NaN
7,5,12,0.2783692877527476
11,1,12,0.0003230500765620089
9,3,12,0.35070777424058597
5,7,12,0.6717661875924231
10,2,12,0.9962290253671563
8,4,12,0.1903248035771523
8,4,12,NaN
9,3,12,0.31538291069709495
9,3,12,0.5865196674031864
9,3,12,0.03831329598506057
9,3,12,0.6717661875924231
7,5,12,NaN
10,2,12,0.004542400723797842
10,2,12,NaN
4,8,12,NaN
8,4,12,NaN
8,4,12,0.49543559874771725
6,6,12,0.07333561262853701
2,10,12,NaN
3,9,12,0.5865196674031864
9,3,12,0.003850725262811029
9,3,12,NaN
8,4,12,0.20115440322638672
7,5,12,NaN
10,2,12,0.21185071034975703
9,3,12,0.4011103777394731
1,11,12,NaN
9,3,12,0.15053239125278248
9,3,12,NaN
7,5,12,0.9137791798943785
9,3,12,0.030442927225316295
9,3,12,NaN
8,4,12,0.2918901956124787
10,2,12,0.4475557477195245
8,4,12,0.9705615494173081
9,3,12,0.2942871780591215
7,5,12,0.9272124484159221
4,8,12,NaN
9,3,12,3.850719219231523e-6
9,3,12,0.19495687179725898
11,1,12,0.10032275229784271
9,3,12,0.7549792482667783
10,2,12,0.3557510427918548
9,3,12,0.49543559874771725
8,4,12,2.111583828571882e-8
8,4,12,NaN
4,8,12,0.11034610818080706
11,1,12,NaN
3,9,12,0.4475557477195245
10,2,12,0.0009224871922270684
9,3,12,0.216995507709159
3,9,12,0.49543559874771725
6,6,12,0.07361819104140599
5,7,12,0.4687423566214028
6,6,12,0.15938727449707998
7,5,12,0.053556438906752275
9,3,12,0.15938727449707998
8,4,12,NaN
10,2,12,NaN
8,4,12,NaN
9,3,12,NaN
5,7,12,NaN
8,4,12,0.10630837637560839
12,0,12,0.3901201530147684
7,5,12,0.7921036530766452
2,10,12,0.0406212292011041
11,1,12,0.8450772854630715
7,5,12,0.19472917649073473
4,8,12,0.9407318892469978
9,3,12,0.15004348820847174
9,3,12,0.023437746643316073
9,3,12,NaN
8,4,12,0.18348414923983342
10,2,12,0.08612589160650815
8,4,12,NaN
11,1,12,0.10567167284309864
8,4,12,0.2783692877527476
7,5,12,0.5417209770628222
8,4,12,NaN
10,2,12,0.5417209770628222
5,7,12,0.5417209770628222
7,5,12,0.11778302376262217
9,3,12,0.7722756456000196
8,4,12,0.001903464737865462
5,7,12,0.18490220011215586
7,5,12,0.24290906152647984
11,1,12,NaN
7,5,12,0.11448489346761681
6,6,12,0.17955445574518175
10,2,12,NaN
6,6,12,0.65475266498511
6,6,12,0.4475557477195245
7,5,12,0.21185071034975703
10,2,12,0.4011103777394731
7,5,12,0.056628607646869285
2,10,12,0.49543559874771725
11,1,12,0.7726517314264018
9,3,12,3.6035569239767766e-5
10,2,12,0.11735031057960332
7,5,12,0.8123990935260732
8,4,12,0.4761631564201882
9,3,12,0.5865196674031864
9,3,12,0.3557510427918548
7,5,12,0.03745131119842266
6,6,12,0.9001259164326818
2,10,12,0.19762631568502523
9,3,12,0.2783692877527476
8,4,12,NaN
11,1,12,0.5640607765433693
6,6,12,0.8237080657963236
2,10,12,NaN
9,3,12,0.48386016504678403
6,6,12,0.4117215240742918
7,5,12,0.01689360125794971
8,4,12,0.024100938031590143
9,3,12,0.03047901862576228
10,2,12,0.004668924113452886
12,0,12,0.49728006934413777
7,5,12,0.2437456008189554
4,8,12,NaN
10,2,12,NaN
8,4,12,0.31538291069709495
10,2,12,0.9590286414731528
10,2,12,0.053556438906752275
8,4,12,0.9733084005106692
5,7,12,0.0630282359819421
10,2,12,0.7596076209181449
7,5,12,NaN
8,4,12,NaN
6,6,12,0.18348414923983342
8,4,12,NaN
7,5,12,NaN
11,1,12,0.5434852093696828
7,5,12,0.8450772854630715
8,4,12,0.4475557477195245
6,6,12,NaN
9,3,12,0.2714976848618461
6,6,12,0.7423423413009405
5,7,12,NaN
8,4,12,0.08612589160650815
8,4,12,0.044065730928019436
7,5,12,0.565973051072774
10,2,12,0.7024550228140299
6,6,12,0.031334283615135884
8,4,12,0.003667812051649711
6,6,12,0.16062133869586234
10,2,12,NaN
7,5,12,0.014602119089690507
7,5,12,NaN
10,2,12,NaN
6,6,12,0.8827570506600473
4,8,12,2.0215394467493567e-5
7,5,12,0.2494557729056143
7,5,12,0.19159711197536944
7,5,12,0.6325885207122176
9,3,12,0.0007056796057917824
6,6,12,0.022642250945598155
4,8,12,0.07694266508321801
3,9,12,NaN
10,2,12,0.4693437400156748
9,3,12,0.10032275229784271
12,0,12,0.4011103777394731
9,3,12,0.004494729339894573
9,3,12,NaN
4,8,12,NaN
11,1,12,0.5865196674031864
5,7,12,0.8450772854630715
10,2,12,0.17986550101915638
10,2,12,0.007349342594627595
7,5,12,NaN
11,1,12,0.8827570506600473
7,5,12,0.20407993892589427
5,7,12,0.21185071034975703
12,0,12,0.21185071034975703
10,2,12,0.07361819104140599
5,7,12,0.8006696868167401
10,2,12,NaN
4,8,12,NaN
9,3,12,0.10521431064973483
8,4,12,0.37872944552567545
7,5,12,0.21185071034975703
11,1,12,0.631220773570296
5,7,12,0.5219837634227541
3,9,12,0.2494557729056143
1,11,12,NaN
12,0,12,0.8827570506600473
10,2,12,NaN
10,2,12,NaN
8,4,12,0.2783692877527476
9,3,12,NaN
9,3,12,0.9786206845654202
8,4,12,0.13695747655435897
11,1,12,0.09189230311782941
8,4,12,0.3901201530147684
8,4,12,0.034821783002058744
8,4,12,NaN
9,3,12,0.005243873939215935
6,6,12,0.4475557477195245
11,1,12,NaN
6,6,12,0.07333561262853701
7,5,12,NaN
10,2,12,NaN
9,3,12,0.7423423413009405
8,4,12,NaN
6,6,12,0.21185071034975703
10,2,12,NaN
11,1,12,0.5183374556419776
9,3,12,0.07361819104140599
8,4,12,0.631220773570296
4,8,12,0.2783692877527476
9,3,12,NaN
9,3,12,0.031272864040791076
10,2,12,0.5237310479321983
8,4,12,0.38134596299167617
7,5,12,NaN
4,8,12,0.06260803999115534
10,2,12,0.8731034760518278
8,4,12,0.03819073145930519
9,3,12,NaN
8,4,12,0.5586738811874173
11,1,12,0.0630282359819421
11,1,12,0.8052971416746826
9,3,12,NaN
1,11,12,NaN
4,8,12,0.8450772854630715
7,5,12,0.032853775051729074
8,4,12,0.009520517827072288
6,6,12,0.5638458657277224
8,4,12,NaN
8,4,12,0.11735031057960332
6,6,12,0.24290906152647984
6,6,12,NaN
8,4,12,0.06063578717073854
10,2,12,0.25584109979204045
8,4,12,0.7038570448214456
3,9,12,0.7092033041123709
10,2,12,0.21369630969567505
8,4,12,0.15938727449707998
8,4,12,0.4475557477195245
9,3,12,0.7423423413009405
2,10,12,NaN
11,1,12,0.7506126132473532
8,4,12,0.8006696868167401
10,2,12,0.7092033041123709
4,8,12,0.574053594207856
6,6,12,0.8652322931034484
9,3,12,NaN
5,7,12,0.003667812051649711
7,5,12,0.4144725532144906
8,4,12,0.4155618969404342
7,5,12,0.8652322931034484
9,3,12,0.007349342594627595
9,3,12,0.08317745655352905
8,4,12,0.5918833009285349
2,10,12,NaN
3,9,12,NaN
3,9,12,0.5865196674031864
7,5,12,0.6717661875924231
7,5,12,0.5417209770628222
8,4,12,0.36250025587125567
9,3,12,0.31538291069709495
7,5,12,NaN
7,5,12,NaN
3,9,12,NaN
11,1,12,0.8404169248638481
7,5,12,NaN
2,10,12,NaN
8,4,12,0.9137791798943785
8,4,12,0.0269376652870168
3,9,12,NaN
10,2,12,0.05673553618547154
6,6,12,0.016656938369781698
8,4,12,0.631220773570296
8,4,12,0.2957919183598498
8,4,12,0.055019965025258535
9,3,12,NaN
11,1,12,NaN
9,3,12,NaN
5,7,12,0.026760188034643955
11,1,12,NaN
3,9,12,0.7726517314264018
8,4,12,0.3072441104859598
8,4,12,0.3557510427918548
8,4,12,NaN
8,4,12,0.8907427450675671
7,5,12,0.11735031057960332
6,6,12,0.0003280962173420797
7,5,12,0.6368500392896812
9,3,12,NaN
8,4,12,NaN
3,9,12,NaN
9,3,12,0.49543559874771725
4,8,12,NaN
10,2,12,0.6717661875924231
11,1,12,NaN
6,6,12,0.0019397943444730912
3,9,12,0.0651832360728938
1,11,12,0.9897165494154831
2,10,12,0.9137791798943785
8,4,12,0.4475557477195245
7,5,12,0.18348414923983342
5,7,12,0.7423423413009405
8,4,12,NaN
10,2,12,0.4475557477195245
9,3,12,NaN
11,1,12,0.4475557477195245
8,4,12,NaN
9,3,12,0.041007510168536127
9,3,12,0.07361819104140599
8,4,12,0.5587721585107637
7,5,12,0.24290906152647984
9,3,12,NaN
12,0,12,NaN
8,4,12,0.631220773570296
8,4,12,NaN
3,9,12,NaN
2,10,12,0.6950267478066641
10,2,12,NaN
5,7,12,0.5865196674031864
8,4,12,NaN
9,3,12,0.9272124484159221
1,11,12,NaN
8,4,12,0.12719512454477763
6,6,12,0.0011479411764696121
9,3,12,0.019796251803769704
11,1,12,0.0010314720511821467
10,2,12,0.06261051359027789
7,5,12,0.5417209770628222
6,6,12,0.3406692866445477
1,11,12,NaN
6,6,12,0.8450772854630715
8,4,12,0.8849828156369832
6,6,12,0.4791666808550361
8,4,12,0.8237080657963236
7,5,12,NaN
10,2,12,NaN
10,2,12,NaN
7,5,12,0.21185071034975703
6,6,12,0.051085957214490704
7,5,12,0.3869560254068547
4,8,12,NaN
6,6,12,0.11116391444125347
6,6,12,0.000181082243870412
10,2,12,0.8247312981019437
6,6,12,0.42835272946817526
7,5,12,NaN
8,4,12,0.4475557477195245
3,9,12,0.16694469412526258
5,7,12,NaN
9,3,12,NaN
9,3,12,NaN
8,4,12,0.7247091139775156
10,2,12,NaN
8,4,12,0.04531425270758149
6,6,12,0.2494557729056143
10,2,12,0.6717661875924231
10,2,12,0.030175803438858662
8,4,12,0.7726517314264018
8,4,12,NaN
4,8,12,NaN
7,5,12,0.11735031057960332
9,3,12,0.8652322931034484
5,7,12,0.18073756617219502
11,1,12,0.8239006664283806
6,6,12,0.9590286414731528
9,3,12,0.4475557477195245
8,4,12,0.9182854506908917
9,3,12,0.9699688204277042
8,4,12,0.6717661875924231
5,7,12,0.12323256899240273
3,9,12,0.016867144244653492
7,5,12,0.11646251271444097
8,4,12,NaN
9,3,12,0.05874651298217758
5,7,12,0.18348414923983342
9,3,12,NaN
7,5,12,0.7740179773793275
5,7,12,0.00021097297297318395
10,2,12,NaN
9,3,12,0.3296496747755379
4,8,12,0.00011032298854759786
7,5,12,0.029870776819237825
9,3,12,0.5625109805583695
8,4,12,0.504317522468818
10,2,12,0.063229303432942
8,4,12,NaN
9,3,12,0.5417209770628222
2,10,12,0.9263119250928534
9,3,12,0.09556004566932308
11,1,12,0.9381173575245357
1,11,12,0.2142901722095881
8,4,12,0.4765973951041183
12,0,12,0.18348414923983342
7,5,12,NaN
8,4,12,0.27411431934373026
6,6,12,0.20199474693874048
9,3,12,0.015195843924299806
7,5,12,0.18348414923983342
6,6,12,0.8785428641324584
10,2,12,0.00013560060699301267
6,6,12,0.1891529974050019
9,3,12,0.9663500458367166
5,7,12,0.9493033010224405
6,6,12,0.7423423413009405
9,3,12,0.08612589160650815
7,5,12,NaN
6,6,12,0.052459520660493246
5,7,12,0.9817777181263128
5,7,12,0.5865196674031864
6,6,12,NaN
7,5,12,NaN
9,3,12,0.11124134052136193
1,11,12,NaN
9,3,12,0.9394569650180941
11,1,12,0.49543559874771725
9,3,12,0.0006692927380089922
5,7,12,0.8294436785114185
5,7,12,NaN
6,6,12,0.22061921544044888
7,5,12,0.5417209770628222
10,2,12,NaN
7,5,12,0.5417209770628222
8,4,12,0.01384068834559692
5,7,12,0.8369666580265805
6,6,12,NaN
7,5,12,0.5477267710409502
4,8,12,NaN
6,6,12,0.49543559874771725
11,1,12,NaN
12,0,12,0.8120853917993482
11,1,12,0.14499639323270927
10,2,12,NaN
11,1,12,0.3480875333945976
6,6,12,0.9590286414731528
9,3,12,0.04058617236931996
5,7,12,0.008314037629848533
9,3,12,0.6985422687824434
2,10,12,0.6717661875924231
11,1,12,0.5263499558718666
9,3,12,0.9663500458367166
6,6,12,0.016465784346890527
9,3,12,0.007200033432762063
8,4,12,0.9590286414731528
9,3,12,0.6695370045025938
2,10,12,0.3557510427918548
10,2,12,0.13695747655435897
6,6,12,0.5894351817087379
8,4,12,NaN
2,10,12,0.2053688479869568
11,1,12,NaN
5,7,12,NaN
6,6,12,0.4687423566214028
3,9,12,NaN
8,4,12,NaN
9,3,12,0.8450772854630715
7,5,12,0.4475557477195245
5,7,12,NaN
9,3,12,NaN
7,5,12,0.122881699123974
2,10,12,NaN
7,5,12,0.7492206055347399
11,1,12,NaN
11,1,12,0.06370146722475982
9,3,12,0.21185071034975703
9,3,12,0.24290906152647984
1,11,12,NaN
1,11,12,NaN
7,5,12,0.403469126446294
8,4,12,0.7423423413009405
6,6,12,0.016656938369781698
9,3,12,NaN
9,3,12,0.7092033041123709
7,5,12,0.7656968560480337
7,5,12,NaN
8,4,12,NaN
9,3,12,0.8237080657963236
1,11,12,NaN
9,3,12,0.49556951559665646
5,7,12,0.7074836137119663
8,4,12,NaN
8,4,12,0.5417209770628222
8,4,12,0.7929338376315631
11,1,12,0.9733084005106692
6,6,12,NaN
7,5,12,NaN
9,3,12,NaN
4,8,12,0.4765973951041183
6,6,12,0.943351252822364
7,5,12,0.2783692877527476
4,8,12,0.023437746643316073
2,10,12,0.22666592145545733
5,7,12,0.9663500458367166
4,8,12,NaN
9,3,12,0.37728946223122545
2,10,12,NaN
9,3,12,0.4605341384005201
9,3,12,0.49543559874771725
5,7,12,NaN
5,7,12,0.007349342594627595
7,5,12,0.3294999442018775
4,8,12,NaN
4,8,12,NaN
6,6,12,0.3296496747755379
5,7,12,NaN
6,6,12,3.025624360340464e-8
5,7,12,NaN
2,10,12,NaN
7,5,12,0.7092033041123709
7,5,12,0.3557510427918548
11,1,12,0.4446836029636322
6,6,12,0.9001259164326818
5,7,12,0.9001259164326818
10,2,12,NaN
1,11,12,0.01181718149279685
9,3,12,0.4011103777394731
7,5,12,0.037508559285134906
8,4,12,0.09898584165054611
3,9,12,NaN
7,5,12,0.032853775051729074
7,5,12,NaN
1,11,12,0.9395078101296959
6,6,12,0.03831329598506057
10,2,12,0.0009462542825563211
6,6,12,0.8006696868167401
11,1,12,NaN
7,5,12,NaN
7,5,12,0.3140788080690369
3,9,12,0.14389655954830133
3,9,12,0.4916256289286548
1,11,12,NaN
6,6,12,0.012200528311507908
8,4,12,0.7716423171976328
4,8,12,0.2726010578744666
1,11,12,NaN
7,5,12,0.053556438906752275
7,5,12,0.06922929707215104
9,3,12,0.631220773570296
7,5,12,0.9406178468407678
10,2,12,0.631220773570296
6,6,12,0.3103194978340013
9,3,12,0.0051653647514528205
6,6,12,NaN
6,6,12,0.04225142236583336
4,8,12,0.16121164999528426
8,4,12,0.024308214015217655
6,6,12,0.9733084005106692
5,7,12,0.997665829571106
10,2,12,0.3557510427918548
10,2,12,NaN
3,9,12,0.08612589160650815
4,8,12,0.647684513035926
2,10,12,0.735914938752462
6,6,12,0.9957874680354333
5,7,12,0.5960509201675027
7,5,12,0.8703304211767222
10,2,12,0.9433900653245906
8,4,12,NaN
9,3,12,0.006353836139816751
9,3,12,NaN
5,7,12,NaN
1,11,12,0.49543559874771725
2,10,12,NaN
1,11,12,NaN
2,10,12,NaN
7,5,12,0.0004893844690014866
2,10,12,0.8381544608128859
9,3,12,NaN
4,8,12,0.1907879710748284
3,9,12,0.49543559874771725
3,9,12,0.6717661875924231
6,6,12,0.4144725532144906
4,8,12,NaN
7,5,12,NaN
9,3,12,0.6988312220991537
2,10,12,0.7506126132473532
5,7,12,0.053556438906752275
7,5,12,0.13695747655435897
1,11,12,NaN
7,5,12,0.8052971416746826
6,6,12,0.5865196674031864
8,4,12,0.3901201530147684
2,10,12,0.3557510427918548
1,11,12,0.21950117629700644
4,8,12,0.24278096737270338
5,7,12,NaN
5,7,12,0.8155299865501007
1,11,12,NaN
2,10,12,0.2047081416919941
1,11,12,NaN
5,7,12,0.8932327670728933
4,8,12,0.504317522468818
1,11,12,0.9885707782763422
1,11,12,NaN
1,11,12,0.8237080657963236
1,11,12,0.377758460589766
2,10,12,0.7921036530766452
1,11,12,0.9001259164326818
1,11,12,NaN
3,9,12,0.8450772854630715
5,7,12,0.6717661875924231
1,11,12,0.39101228905604823
2,10,12,0.4694629602556395
1,11,12,NaN
1,11,12,0.7092033041123709
1,11,12,NaN
1,11,12,0.6717661875924231
2,10,12,0.9272124484159221
1,11,12,0.2783692877527476
3,9,12,NaN
1,11,12,0.35605143866305844
1,11,12,NaN
4,8,12,NaN
2,10,12,0.20118609468023665
1,11,12,0.4693437400156748
1,11,12,NaN
1,11,12,0.40429310641843685
1,11,12,0.05824728114088069
1,11,12,0.9226076594218042
1,11,12,NaN
1,11,12,0.5417209770628222
1,11,12,NaN
1,11,12,NaN
0,12,12,NaN
0,12,12,NaN
0,12,12,0.2687988404175689
0,12,12,0.9001259164326818
0,12,12,NaN
0,12,12,0.8006696868167401
0,12,12,NaN
0,12,12,0.3557510427918548
0,12,12,NaN
0,12,12,NaN
0,12,12,0.48945833991568644
0,12,12,NaN
0,12,12,0.8524802845089371
0,12,12,NaN
0,12,12,0.35600441147607587
0,12,12,0.21793114523149193
0,12,12,0.11487176534329326
0,12,12,NaN
0,12,12,0.7500830909335643
0,12,12,0.3534169740330682
0,12,12,NaN
0,12,12,NaN
0,12,12,0.25149687284499134
0,12,12,0.4252858293965315
0,12,12,0.0003187728386550322
0,12,12,0.6630431571332639
0,12,12,0.8237080657963236
0,12,12,0.39269305989092546
0,12,12,0.6796560791431746
0,12,12,NaN
0,12,12,0.631220773570296
0,12,12,0.6717661875924231
0,12,12,NaN
0,12,12,NaN
0,12,12,NaN
0,12,12,0.3557510427918548
0,12,12,0.11735031057960332
0,12,12,NaN
0,12,12,NaN
0,12,12,NaN
0,12,12,NaN
0,12,12,0.5417209770628222
0,12,12,0.8006696868167401
0,12,12,NaN
0,12,12,0.6717661875924231
0,12,12,NaN
0,12,12,0.08081845347619646
0,12,12,NaN
0,12,12,NaN
0,12,12,0.33370218176312216
9,2,11,0.9137791798943785
10,1,11,0.11735031057960332
11,0,11,0.07050830008207414
7,4,11,0.631220773570296
9,2,11,0.012709423063173103
8,3,11,NaN
8,3,11,0.0749458411847495
9,2,11,0.954952765392826
1,10,11,NaN
6,5,11,NaN
7,4,11,NaN
5,6,11,0.08612589160650815
10,1,11,NaN
6,5,11,0.08612589160650815
11,0,11,0.13951147328880156
8,3,11,0.16576536307405035
5,6,11,0.7346495636162294
10,1,11,0.4475557477195245
9,2,11,0.4475557477195245
7,4,11,0.13684525122146476
6,5,11,0.8237080657963236
8,3,11,0.822144939842402
9,2,11,0.5836741379367263
5,6,11,NaN
11,0,11,0.13755999041304845
4,7,11,NaN
8,3,11,0.0029943360817945284
5,6,11,0.4011103777394731
3,8,11,NaN
8,3,11,NaN
8,3,11,NaN
7,4,11,NaN
9,2,11,NaN
8,3,11,0.005359751268792051
7,4,11,0.31538291069709495
7,4,11,0.000881844164677673
8,3,11,0.4475557477195245
8,3,11,NaN
10,1,11,0.5417209770628222
7,4,11,0.8450772854630715
9,2,11,0.5258084722002629
2,9,11,0.6717661875924231
5,6,11,NaN
9,2,11,NaN
10,1,11,NaN
4,7,11,0.7726517314264018
11,0,11,0.9272124484159221
9,2,11,0.13695747655435897
9,2,11,0.12403477573110436
4,7,11,0.020494194373422217
9,2,11,0.39240048784992326
6,5,11,0.049239272852831896
6,5,11,0.24290906152647984
11,0,11,0.2783692877527476
5,6,11,0.5865196674031864
11,0,11,NaN
10,1,11,0.7423423413009405
8,3,11,0.6398455160113401
8,3,11,0.8052971416746826
8,3,11,0.9001259164326818
8,3,11,NaN
7,4,11,0.4475557477195245
8,3,11,0.10683463152795367
7,4,11,0.053556438906752275
8,3,11,0.14920627363271752
11,0,11,NaN
10,1,11,0.9133952814833073
5,6,11,0.02787455723542097
8,3,11,0.6717661875924231
8,3,11,0.5348214695854034
9,2,11,0.49543559874771725
10,1,11,0.08141011795396025
8,3,11,0.9885707782763422
6,5,11,NaN
11,0,11,0.11735031057960332
6,5,11,0.8450772854630715
9,2,11,0.5084056938789192
5,6,11,NaN
4,7,11,0.5979809262729264
10,1,11,0.0062068859169990215
6,5,11,0.027439155425084495
9,2,11,0.06689475061747586
8,3,11,0.13366404391753955
4,7,11,NaN
9,2,11,0.6589606374511142
9,2,11,0.9841738135856081
1,10,11,0.5865196674031864
4,7,11,0.31538291069709495
7,4,11,0.31538291069709495
6,5,11,0.24290906152647984
7,4,11,0.13695747655435897
10,1,11,0.7092033041123709
8,3,11,0.8450772854630715
7,4,11,0.7423423413009405
4,7,11,0.9663500458367166
9,2,11,0.9394569650180941
8,3,11,NaN
7,4,11,0.18348414923983342
9,2,11,0.06426587784440972
8,3,11,0.7811680378186527
10,1,11,NaN
5,6,11,0.2783692877527476
9,2,11,0.13695747655435897
7,4,11,NaN
8,3,11,0.15114679829899363
5,6,11,NaN
9,2,11,0.631220773570296
6,5,11,0.5417209770628222
8,3,11,0.7423423413009405
8,3,11,0.5526303945152129
6,5,11,NaN
9,2,11,0.4475557477195245
7,4,11,0.019796251803769704
5,6,11,0.7726517314264018
10,1,11,0.17921908749339832
7,4,11,0.21185071034975703
6,5,11,0.4475557477195245
10,1,11,0.009788376434390995
8,3,11,NaN
10,1,11,NaN
8,3,11,0.12616282631084808
11,0,11,NaN
9,2,11,0.06260803999115534
7,4,11,0.21861932953505414
7,4,11,0.7092033041123709
8,3,11,0.13695747655435897
6,5,11,0.7423423413009405
1,10,11,0.28082549839109433
10,1,11,0.01384068834559692
6,5,11,NaN
11,0,11,0.5417209770628222
6,5,11,NaN
8,3,11,NaN
9,2,11,NaN
8,3,11,NaN
6,5,11,0.5183374556419776
8,3,11,NaN
9,2,11,0.450903821167878
2,9,11,0.8237080657963236
7,4,11,0.631220773570296
5,6,11,0.15938727449707998
9,2,11,0.5854023352915735
11,0,11,0.7092033041123709
9,2,11,0.15938727449707998
10,1,11,0.17285819941780986
10,1,11,0.7722756456000196
6,5,11,NaN
8,3,11,0.6386796318110681
7,4,11,NaN
4,7,11,0.5417209770628222
7,4,11,0.4765577138168422
8,3,11,0.30674897518117683
8,3,11,NaN
5,6,11,0.7125497954121649
10,1,11,NaN
5,6,11,NaN
6,5,11,NaN
8,3,11,NaN
2,9,11,NaN
7,4,11,0.8652322931034484
7,4,11,0.7471045596579484
7,4,11,0.9733084005106692
8,3,11,0.0435180342909402
6,5,11,0.02517334441643271
10,1,11,0.7921036530766452
8,3,11,NaN
9,2,11,NaN
8,3,11,NaN
10,1,11,NaN
9,2,11,0.009325005405405363
7,4,11,0.5230234281639412
6,5,11,NaN
7,4,11,NaN
8,3,11,0.3901201530147684
10,1,11,NaN
9,2,11,0.9528290587665033
11,0,11,0.2783692877527476
7,4,11,0.11735031057960332
5,6,11,NaN
7,4,11,0.00045793806343765093
9,2,11,0.3392223006768807
9,2,11,0.051085957214490704
9,2,11,0.3557510427918548
9,2,11,0.5417209770628222
5,6,11,0.2480719536865692
11,0,11,0.3557510427918548
10,1,11,0.5865196674031864
8,3,11,0.001280918664354061
6,5,11,NaN
10,1,11,0.9733084005106692
5,6,11,NaN
8,3,11,0.03542250385965071
9,2,11,0.6511642816364703
8,3,11,0.5417209770628222
6,5,11,NaN
11,0,11,0.019796251803769704
2,9,11,NaN
10,1,11,0.2783692877527476
4,7,11,NaN
8,3,11,NaN
9,2,11,0.631220773570296
8,3,11,1.6396263331134408e-5
6,5,11,0.8006696868167401
7,4,11,NaN
10,1,11,0.42558124022087307
8,3,11,0.27894605277446216
3,8,11,0.09020312547680062
5,6,11,0.9446132805391886
9,2,11,NaN
8,3,11,0.13695747655435897
10,1,11,0.4846432507937973
7,4,11,0.5417209770628222
5,6,11,NaN
8,3,11,0.01085267624927704
9,2,11,0.9270019869278396
8,3,11,0.7816106238148434
8,3,11,NaN
6,5,11,0.2484136802502795
10,1,11,0.4011103777394731
9,2,11,0.11735031057960332
9,2,11,0.5183374556419776
9,2,11,NaN
3,8,11,NaN
8,3,11,NaN
5,6,11,0.07361819104140599
7,4,11,NaN
7,4,11,NaN
8,3,11,0.9263616469895146
9,2,11,0.49833300989942586
6,5,11,NaN
8,3,11,0.9590286414731528
7,4,11,0.21185071034975703
10,1,11,0.41557194049641066
6,5,11,0.9507700223560206
4,7,11,1.712343943894791e-5
8,3,11,4.615447210795802e-5
9,2,11,0.4224825251527265
6,5,11,0.3892404650973566
4,7,11,0.8450772854630715
6,5,11,0.48945833991568644
10,1,11,0.11600516340256257
9,2,11,0.2848870146897535
7,4,11,0.3921225773990182
6,5,11,0.9734582797051468
9,2,11,0.04398849713758003
5,6,11,0.7423423413009405
6,5,11,0.015636784311302335
8,3,11,0.19101133127478886
8,3,11,0.6658411452085188
10,1,11,0.9435871726436874
6,5,11,0.09805946707877673
5,6,11,NaN
8,3,11,0.5847567171990724
7,4,11,0.5417209770628222
4,7,11,0.2942871780591215
6,5,11,0.5417209770628222
8,3,11,0.07361819104140599
5,6,11,0.049259890554971
5,6,11,NaN
7,4,11,NaN
10,1,11,0.8006696868167401
7,4,11,0.49543559874771725
9,2,11,NaN
10,1,11,NaN
10,1,11,0.631220773570296
10,1,11,0.8652322931034484
9,2,11,0.0048802753390964435
9,2,11,2.2668111172050536e-6
5,6,11,0.0003684413776303907
9,2,11,0.38134596299167617
9,2,11,0.31538291069709495
8,3,11,0.38741542676020024
7,4,11,NaN
8,3,11,NaN
9,2,11,0.4353280457046213
8,3,11,0.286359640628645
7,4,11,NaN
11,0,11,0.09900274743090244
9,2,11,0.0825634212989514
6,5,11,NaN
7,4,11,NaN
7,4,11,0.38151887316548055
9,2,11,NaN
7,4,11,0.48945833991568644
7,4,11,NaN
8,3,11,0.2821285268260289
3,8,11,NaN
9,2,11,0.7092033041123709
6,5,11,NaN
9,2,11,0.5806479698688904
7,4,11,0.96010034969802
10,1,11,0.392415614592427
9,2,11,0.07361819104140599
8,3,11,0.31538291069709495
9,2,11,NaN
8,3,11,0.24290906152647984
8,3,11,2.4719680272798164e-6
11,0,11,0.5183374556419776
9,2,11,0.004308146259826655
7,4,11,0.8450772854630715
2,9,11,NaN
8,3,11,0.48945833991568644
6,5,11,0.9493033010224405
4,7,11,0.06689475061747586
10,1,11,NaN
7,4,11,0.9559049769323851
10,1,11,NaN
6,5,11,0.016656938369781698
4,7,11,NaN
10,1,11,0.15157201948529758
8,3,11,0.8450772854630715
9,2,11,0.7092033041123709
7,4,11,0.7270074508757969
9,2,11,0.39314057354644055
3,8,11,0.7423423413009405
10,1,11,NaN
10,1,11,NaN
7,4,11,0.9914311824347485
6,5,11,0.7726517314264018
8,3,11,NaN
6,5,11,0.13695747655435897
10,1,11,0.003722065712895156
10,1,11,NaN
9,2,11,0.18348414923983342
6,5,11,0.31538291069709495
8,3,11,NaN
7,4,11,0.08612589160650815
6,5,11,0.9789190809366978
7,4,11,0.18348414923983342
9,2,11,0.8006696868167401
9,2,11,0.4475557477195245
6,5,11,0.3557510427918548
6,5,11,0.6247885572206273
9,2,11,0.24290906152647984
10,1,11,NaN
11,0,11,NaN
7,4,11,0.3557510427918548
8,3,11,0.007349342594627595
9,2,11,0.9272124484159221
7,4,11,NaN
7,4,11,0.0017732869980941692
7,4,11,NaN
9,2,11,0.22498386269722465
6,5,11,0.7092033041123709
11,0,11,0.5865196674031864
8,3,11,8.38506629602673e-6
6,5,11,0.7608370662300427
4,7,11,0.18934432899759696
7,4,11,NaN
3,8,11,0.21185071034975703
9,2,11,NaN
9,2,11,NaN
6,5,11,0.631220773570296
4,7,11,0.5048392685279899
8,3,11,0.469883223005602
11,0,11,0.053556438906752275
5,6,11,0.7152358309018608
8,3,11,0.1730665860420533
8,3,11,0.6717661875924231
7,4,11,NaN
11,0,11,NaN
8,3,11,NaN
10,1,11,0.915597607609813
8,3,11,0.7423423413009405
10,1,11,NaN
7,4,11,0.09901566991057525
8,3,11,NaN
9,2,11,0.24290906152647984
9,2,11,0.9663500458367166
8,3,11,0.059773742234490494
10,1,11,NaN
10,1,11,0.8081821041229791
4,7,11,NaN
8,3,11,NaN
5,6,11,0.5417209770628222
11,0,11,0.631220773570296
8,3,11,0.03378436049674295
9,2,11,0.5865196674031864
5,6,11,0.00289491306303699
5,6,11,0.33815486982529547
8,3,11,NaN
8,3,11,NaN
9,2,11,0.8006696868167401
9,2,11,0.631220773570296
9,2,11,0.8652322931034484
9,2,11,NaN
6,5,11,0.9272124484159221
8,3,11,0.6717661875924231
7,4,11,0.21185071034975703
6,5,11,0.45341102633009783
6,5,11,0.44563677518214845
8,3,11,NaN
7,4,11,0.4011103777394731
8,3,11,0.631220773570296
8,3,11,0.02787455723542097
11,0,11,7.871427789393884e-6
8,3,11,NaN
8,3,11,0.22252256125194675
5,6,11,NaN
4,7,11,0.2208609460918697
9,2,11,0.631220773570296
8,3,11,0.04072166146359844
6,5,11,NaN
11,0,11,0.11735031057960332
10,1,11,NaN
9,2,11,NaN
9,2,11,0.8237080657963236
6,5,11,0.94918444063969
7,4,11,0.1003487039364472
2,9,11,0.026594646679114247
9,2,11,0.5417209770628222
9,2,11,0.7071289029420325
8,3,11,0.7423423413009405
10,1,11,0.8237080657963236
9,2,11,0.01964751139271028
6,5,11,0.03152188383624377
9,2,11,NaN
9,2,11,0.7962091172332871
9,2,11,0.5865196674031864
7,4,11,NaN
7,4,11,0.5142466969961698
7,4,11,NaN
9,2,11,0.0040242757145463855
7,4,11,NaN
7,4,11,0.9663500458367166
9,2,11,0.7726517314264018
8,3,11,NaN
6,5,11,0.7726517314264018
7,4,11,0.9780166728813449
10,1,11,0.28398208973517614
6,5,11,0.11186735315181814
5,6,11,NaN
7,4,11,NaN
8,3,11,NaN
4,7,11,0.4613036361881774
7,4,11,0.019796251803769704
11,0,11,NaN
10,1,11,0.7998230526739649
8,3,11,0.679881515267723
10,1,11,0.7423423413009405
7,4,11,0.02787455723542097
5,6,11,NaN
7,4,11,NaN
6,5,11,0.6477075591179869
8,3,11,0.49267983519741093
11,0,11,NaN
9,2,11,0.8040139227420533
11,0,11,0.4166426774889227
7,4,11,0.11735031057960332
9,2,11,NaN
7,4,11,0.7092033041123709
7,4,11,0.8678876639901941
8,3,11,0.7423423413009405
6,5,11,0.631220773570296
7,4,11,0.18348414923983342
6,5,11,0.3978734912472814
7,4,11,0.4786101457863796
10,1,11,0.727920708452019
7,4,11,NaN
7,4,11,0.49046484693092784
5,6,11,0.6127253479327994
8,3,11,0.6720402198297147
7,4,11,NaN
11,0,11,NaN
5,6,11,0.9663500458367166
8,3,11,NaN
2,9,11,0.2783692877527476
7,4,11,0.631220773570296
9,2,11,0.8006696868167401
10,1,11,0.7423423413009405
7,4,11,0.31538291069709495
6,5,11,NaN
9,2,11,0.5865196674031864
10,1,11,0.18348414923983342
1,10,11,0.7457471485794999
4,7,11,0.5852026332581821
7,4,11,0.11735031057960332
7,4,11,0.4687423566214028
7,4,11,0.9335053885363508
6,5,11,0.4011103777394731
6,5,11,NaN
8,3,11,0.18348414923983342
9,2,11,NaN
8,3,11,NaN
10,1,11,0.0012449431013605043
9,2,11,NaN
11,0,11,0.5417209770628222
10,1,11,0.3557510427918548
9,2,11,0.24290906152647984
9,2,11,0.053556438906752275
9,2,11,NaN
4,7,11,0.0630282359819421
6,5,11,0.8977188027044554
8,3,11,NaN
5,6,11,0.9394569650180941
10,1,11,NaN
10,1,11,0.18348414923983342
6,5,11,NaN
6,5,11,NaN
7,4,11,0.49543559874771725
7,4,11,0.13695747655435897
8,3,11,0.31538291069709495
10,1,11,0.4833797088764611
6,5,11,NaN
8,3,11,0.0011479411764696121
7,4,11,NaN
9,2,11,0.09556004566932308
8,3,11,0.9137791798943785
2,9,11,NaN
8,3,11,0.015875337349095155
7,4,11,0.46322471060059833
9,2,11,0.8237080657963236
8,3,11,NaN
6,5,11,0.13112804944206594
7,4,11,NaN
3,8,11,0.46074227287477737
11,0,11,0.8652322931034484
8,3,11,0.023437746643316073
9,2,11,0.603702471800636
11,0,11,NaN
8,3,11,0.7092033041123709
5,6,11,0.7092033041123709
7,4,11,0.18348414923983342
9,2,11,0.3557510427918548
8,3,11,0.009042524296405065
6,5,11,0.8652322931034484
11,0,11,NaN
8,3,11,0.15938727449707998
6,5,11,0.6877696185067498
6,5,11,0.023437746643316073
3,8,11,NaN
9,2,11,NaN
7,4,11,0.08612589160650815
8,3,11,0.07800825776211304
6,5,11,0.022821214868286834
4,7,11,0.3455775394540427
5,6,11,NaN
9,2,11,0.4693437400156748
4,7,11,0.03542250385965071
8,3,11,1.4048436693911161e-8
7,4,11,NaN
2,9,11,NaN
6,5,11,0.3892404650973566
7,4,11,0.053556438906752275
8,3,11,NaN
7,4,11,0.02252309639566906
8,3,11,0.7092033041123709
6,5,11,0.48796662186443346
8,3,11,NaN
2,9,11,NaN
6,5,11,NaN
5,6,11,0.004792162993733982
3,8,11,NaN
7,4,11,0.6717661875924231
5,6,11,0.21185071034975703
10,1,11,0.4475557477195245
7,4,11,0.4011103777394731
6,5,11,0.02787455723542097
8,3,11,0.9663500458367166
8,3,11,0.011335119107957231
8,3,11,0.5560784007855747
7,4,11,0.4619429677982131
10,1,11,0.6717661875924231
9,2,11,0.7580966951058977
1,10,11,NaN
7,4,11,0.5256481178705676
6,5,11,0.5417209770628222
7,4,11,0.5865196674031864
9,2,11,0.7294218675744619
7,4,11,NaN
9,2,11,0.3557510427918548
6,5,11,0.392415614592427
5,6,11,0.5417209770628222
9,2,11,NaN
9,2,11,0.15938727449707998
10,1,11,NaN
5,6,11,0.016656938369781698
7,4,11,NaN
9,2,11,0.31538291069709495
8,3,11,0.5865196674031864
7,4,11,NaN
9,2,11,0.007332808179545792
7,4,11,0.6717661875924231
11,0,11,0.2131739554249933
9,2,11,0.9663500458367166
9,2,11,0.8017070843095779
3,8,11,NaN
7,4,11,0.9943152957847301
10,1,11,0.007349342594627595
5,6,11,NaN
8,3,11,0.5417209770628222
8,3,11,NaN
9,2,11,NaN
9,2,11,NaN
6,5,11,NaN
6,5,11,NaN
10,1,11,0.7423423413009405
7,4,11,0.8006696868167401
11,0,11,0.7726517314264018
9,2,11,0.011454797726144186
7,4,11,0.8003581470335097
7,4,11,0.7092033041123709
8,3,11,0.6622268300443522
4,7,11,0.1251908759587476
6,5,11,0.9272124484159221
9,2,11,0.5417209770628222
8,3,11,0.23060139745685035
10,1,11,NaN
8,3,11,0.016656938369781698
8,3,11,0.744819142046858
4,7,11,0.4155618969404342
6,5,11,0.32135031818130005
4,7,11,0.29427293674038085
7,4,11,NaN
4,7,11,0.631220773570296
11,0,11,0.1782184971215875
7,4,11,0.49282720706867394
7,4,11,NaN
8,3,11,0.9263616469895146
6,5,11,0.8768095693934921
5,6,11,0.8006696868167401
10,1,11,0.9335470385049073
11,0,11,0.7092033041123709
6,5,11,0.6006912051840948
7,4,11,0.41970150096749076
5,6,11,0.001534227498540464
7,4,11,0.31734565968288686
7,4,11,7.91196185129557e-6
10,1,11,0.0630282359819421
6,5,11,NaN
1,10,11,0.6717661875924231
5,6,11,NaN
8,3,11,0.9916966421839661
10,1,11,NaN
8,3,11,0.11735031057960332
10,1,11,NaN
8,3,11,0.619427914833329
8,3,11,0.357088143282784
7,4,11,NaN
8,3,11,0.014070979102141426
5,6,11,0.7181968677677774
8,3,11,0.7726517314264018
8,3,11,0.6417181726202376
1,10,11,0.01694795918791417
8,3,11,0.631220773570296
7,4,11,0.2891119914176707
6,5,11,0.9137791798943785
9,2,11,0.6078036258336132
7,4,11,NaN
7,4,11,0.6988332192527883
8,3,11,0.3557510427918548
5,6,11,0.9493033010224405
10,1,11,0.9844328715624185
7,4,11,NaN
7,4,11,0.21185071034975703
9,2,11,NaN
3,8,11,0.024805860945833865
5,6,11,0.3310877085458349
8,3,11,NaN
7,4,11,NaN
6,5,11,0.545442080694089
7,4,11,0.38730771507725104
9,2,11,0.6717661875924231
9,2,11,0.4475557477195245
11,0,11,NaN
5,6,11,0.00018572487616452696
11,0,11,NaN
10,1,11,0.21185071034975703
8,3,11,0.7423423413009405
9,2,11,0.9970869313800661
9,2,11,0.0012559385087017318
9,2,11,0.8827570506600473
9,2,11,0.07930510655428283
9,2,11,NaN
9,2,11,NaN
5,6,11,NaN
4,7,11,0.4793434536759053
7,4,11,NaN
8,3,11,0.5417209770628222
2,9,11,NaN
6,5,11,NaN
4,7,11,0.4475557477195245
3,8,11,0.65475266498511
8,3,11,NaN
9,2,11,NaN
6,5,11,0.11735031057960332
7,4,11,0.2023842908463311
9,2,11,0.11735031057960332
7,4,11,0.7092033041123709
6,5,11,0.04531425270758149
8,3,11,0.08873381443867204
2,9,11,NaN
6,5,11,0.5865196674031864
7,4,11,0.2783692877527476
6,5,11,0.4786101457863796
8,3,11,0.7092033041123709
10,1,11,0.49543559874771725
1,10,11,NaN
9,2,11,0.7423423413009405
4,7,11,0.6599430434070325
7,4,11,0.24290906152647984
7,4,11,NaN
6,5,11,0.31538291069709495
6,5,11,0.014571294282713866
8,3,11,0.41101213353452476
11,0,11,0.006162005486132496
6,5,11,0.9209020711274325
10,1,11,NaN
9,2,11,0.8827570506600473
10,1,11,0.8679189613997627
6,5,11,0.2603072010374049
8,3,11,NaN
8,3,11,0.3557510427918548
7,4,11,0.3557510427918548
9,2,11,9.335214482890061e-6
8,3,11,0.670450152463277
2,9,11,NaN
8,3,11,0.1949097610012271
6,5,11,0.33206252338918735
10,1,11,0.8450772854630715
9,2,11,0.00015957426928159632
6,5,11,0.3557510427918548
9,2,11,0.24290906152647984
5,6,11,0.81370038397191
6,5,11,0.8450772854630715
6,5,11,0.2965040056189322
2,9,11,NaN
5,6,11,0.31538291069709495
7,4,11,0.7726517314264018
7,4,11,0.002711240704027566
10,1,11,0.8827570506600473
7,4,11,6.299715261671093e-6
6,5,11,0.9733084005106692
10,1,11,0.7128003214641632
10,1,11,0.849424478803917
9,2,11,0.9272124484159221
7,4,11,0.8827570506600473
10,1,11,0.22061921544044888
7,4,11,0.011335119107957231
9,2,11,0.24290906152647984
6,5,11,0.6490110035494953
7,4,11,0.8237080657963236
8,3,11,NaN
9,2,11,0.7513226239396661
7,4,11,NaN
6,5,11,0.24443865594187517
8,3,11,NaN
11,0,11,NaN
9,2,11,0.6717661875924231
5,6,11,0.7958189240819411
10,1,11,0.5291660135881519
7,4,11,0.6726559489107342
1,10,11,NaN
8,3,11,NaN
7,4,11,0.7423423413009405
7,4,11,0.5842431231522885
5,6,11,NaN
7,4,11,0.7092033041123709
4,7,11,NaN
8,3,11,0.49543559874771725
9,2,11,0.02664742734906727
8,3,11,NaN
6,5,11,0.30232623165185657
10,1,11,0.023178553387368964
9,2,11,0.6717661875924231
5,6,11,0.06616698080643381
8,3,11,0.8237080657963236
5,6,11,0.8652322931034484
10,1,11,0.19859468434503524
6,5,11,0.631220773570296
9,2,11,NaN
11,0,11,NaN
8,3,11,0.4475557477195245
11,0,11,0.024890851588635403
6,5,11,NaN
5,6,11,0.0011895621936799379
7,4,11,0.37140399206188895
7,4,11,0.49543559874771725
4,7,11,0.8237080657963236
5,6,11,NaN
10,1,11,0.7234577439877888
6,5,11,0.6717661875924231
5,6,11,0.04434755788929772
10,1,11,0.13695747655435897
8,3,11,2.0836537016703145e-5
8,3,11,0.2783692877527476
4,7,11,NaN
7,4,11,0.4011103777394731
8,3,11,0.5865196674031864
8,3,11,0.6778738295817096
8,3,11,NaN
6,5,11,0.41471216893803126
6,5,11,NaN
7,4,11,0.10884028779207737
7,4,11,NaN
7,4,11,5.7665862573752426e-5
5,6,11,0.5865196674031864
5,6,11,NaN
5,6,11,0.4475557477195245
8,3,11,0.1435124944800745
9,2,11,0.8652322931034484
10,1,11,0.5417209770628222
7,4,11,0.631220773570296
9,2,11,0.025703926566105886
10,1,11,NaN
7,4,11,NaN
8,3,11,0.01361558244240131
3,8,11,0.8006696868167401
7,4,11,NaN
10,1,11,0.7423423413009405
7,4,11,0.2750595555450524
7,4,11,NaN
7,4,11,NaN
7,4,11,0.3557510427918548
4,7,11,NaN
8,3,11,0.4155618969404342
11,0,11,NaN
2,9,11,NaN
7,4,11,NaN
8,3,11,NaN
9,2,11,NaN
7,4,11,NaN
9,2,11,0.7726517314264018
11,0,11,0.4144725532144906
9,2,11,NaN
10,1,11,NaN
10,1,11,0.49543559874771725
5,6,11,NaN
8,3,11,NaN
5,6,11,0.3886916278024838
9,2,11,0.8006696868167401
5,6,11,0.04400949574278711
6,5,11,NaN
6,5,11,0.7828689726926349
7,4,11,0.6274697458412111
10,1,11,NaN
8,3,11,0.0630282359819421
8,3,11,0.11735031057960332
7,4,11,NaN
9,2,11,0.49543559874771725
9,2,11,0.18348414923983342
8,3,11,0.41784545216083274
9,2,11,0.10032275229784271
2,9,11,NaN
7,4,11,0.4475557477195245
5,6,11,0.30284410816375495
7,4,11,0.34522970773282896
6,5,11,NaN
9,2,11,0.10632849527807213
7,4,11,0.21927726593844216
5,6,11,0.9137791798943785
7,4,11,NaN
8,3,11,NaN
6,5,11,0.18348414923983342
2,9,11,0.17600453156660253
9,2,11,0.7092033041123709
6,5,11,0.40433981488349036
1,10,11,NaN
5,6,11,0.8768095693934921
6,5,11,NaN
8,3,11,0.7423423413009405
10,1,11,0.18348414923983342
7,4,11,0.03057704418863936
8,3,11,0.49543559874771725
9,2,11,NaN
6,5,11,0.24290906152647984
2,9,11,NaN
7,4,11,0.8237080657963236
5,6,11,NaN
6,5,11,0.33132658896059497
11,0,11,0.8958762517401009
5,6,11,0.31197939865625673
8,3,11,0.6483433522037848
4,7,11,NaN
10,1,11,0.21185071034975703
10,1,11,0.04531425270758149
4,7,11,0.9493033010224405
4,7,11,0.3293767393022514
2,9,11,0.7726517314264018
7,4,11,NaN
7,4,11,NaN
7,4,11,0.6176727143341546
7,4,11,NaN
10,1,11,0.18348414923983342
8,3,11,0.8450772854630715
5,6,11,0.8652322931034484
6,5,11,0.8679189613997627
5,6,11,0.31538291069709495
6,5,11,NaN
5,6,11,NaN
7,4,11,0.04969702057224241
6,5,11,0.09319652354030476
9,2,11,NaN
10,1,11,0.9045778814339657
8,3,11,0.33132658896059497
7,4,11,0.011335119107957231
8,3,11,NaN
6,5,11,0.07361819104140599
6,5,11,0.6535070883003921
7,4,11,0.9394569650180941
6,5,11,NaN
8,3,11,NaN
8,3,11,0.0517856160764604
10,1,11,NaN
7,4,11,NaN
10,1,11,0.11735031057960332
7,4,11,NaN
6,5,11,0.4011103777394731
7,4,11,0.601315698458924
8,3,11,NaN
1,10,11,NaN
8,3,11,0.20042891806448712
8,3,11,0.4475557477195245
9,2,11,NaN
7,4,11,0.35211528379987245
9,2,11,NaN
8,3,11,NaN
8,3,11,NaN
6,5,11,0.08546256908265666
7,4,11,0.03831329598506057
1,10,11,0.20817884702964493
7,4,11,0.0003257085866593444
9,2,11,0.9590286414731528
10,1,11,0.4155618969404342
9,2,11,0.4475557477195245
11,0,11,0.5417209770628222
7,4,11,0.32135031818130005
8,3,11,0.9272124484159221
8,3,11,0.0630282359819421
5,6,11,NaN
2,9,11,0.002271959728328073
7,4,11,NaN
6,5,11,0.4475557477195245
6,5,11,NaN
2,9,11,0.009695474834426943
6,5,11,NaN
1,10,11,NaN
7,4,11,NaN
6,5,11,0.7386272966101467
7,4,11,NaN
6,5,11,0.9733084005106692
8,3,11,0.07361819104140599
6,5,11,0.8006696868167401
8,3,11,0.7726517314264018
10,1,11,0.8168519413310722
8,3,11,0.07710527847975665
7,4,11,0.33077060688108595
8,3,11,0.4475557477195245
8,3,11,0.48416940683333404
9,2,11,NaN
8,3,11,0.8381544608128859
4,7,11,NaN
8,3,11,NaN
10,1,11,0.9272124484159221
8,3,11,0.6717661875924231
8,3,11,NaN
6,5,11,0.8827570506600473
9,2,11,NaN
8,3,11,NaN
10,1,11,0.4475557477195245
6,5,11,0.3557510427918548
7,4,11,NaN
3,8,11,0.6717661875924231
6,5,11,0.5865196674031864
6,5,11,0.9733084005106692
7,4,11,0.8237080657963236
7,4,11,0.8843643593382782
7,4,11,0.631220773570296
8,3,11,0.6717661875924231
7,4,11,NaN
6,5,11,0.3557510427918548
8,3,11,0.8827570506600473
4,7,11,NaN
7,4,11,0.42083786258497696
1,10,11,0.24290906152647984
8,3,11,0.9663500458367166
11,0,11,0.49543559874771725
8,3,11,0.3557510427918548
7,4,11,0.8237080657963236
4,7,11,0.3557510427918548
7,4,11,0.032853775051729074
2,9,11,0.3557510427918548
8,3,11,NaN
9,2,11,0.0651005973923332
5,6,11,0.13695747655435897
8,3,11,NaN
10,1,11,0.7092033041123709
1,10,11,NaN
7,4,11,0.5179313989334253
9,2,11,0.0766388138794357
7,4,11,NaN
5,6,11,0.13695747655435897
6,5,11,0.6286352646486054
6,5,11,2.9905325320682893e-6
5,6,11,0.002990526828977769
4,7,11,0.8253011310616248
8,3,11,0.13695747655435897
5,6,11,0.22185280846944297
10,1,11,0.4011103777394731
7,4,11,0.5865196674031864
8,3,11,NaN
9,2,11,NaN
9,2,11,NaN
5,6,11,0.3557510427918548
8,3,11,0.8450772854630715
4,7,11,0.5272804686501211
7,4,11,0.27982610409166514
9,2,11,0.16714743536748533
8,3,11,0.7423423413009405
5,6,11,0.5865196674031864
6,5,11,0.4011103777394731
8,3,11,0.7726517314264018
10,1,11,NaN
8,3,11,0.5865196674031864
8,3,11,0.2373389003033658
7,4,11,0.3961168541552838
8,3,11,NaN
7,4,11,0.631220773570296
6,5,11,NaN
5,6,11,NaN
1,10,11,NaN
1,10,11,NaN
1,10,11,NaN
6,5,11,NaN
2,9,11,0.6163604147416746
6,5,11,0.49543559874771725
6,5,11,0.6717661875924231
5,6,11,0.0630282359819421
5,6,11,0.00045931464996697694
2,9,11,NaN
4,7,11,NaN
7,4,11,0.9394569650180941
9,2,11,0.31538291069709495
7,4,11,0.07645813402515615
6,5,11,0.11735031057960332
9,2,11,NaN
7,4,11,NaN
5,6,11,0.9001259164326818
7,4,11,NaN
8,3,11,0.02787455723542097
5,6,11,0.006162005486132496
8,3,11,0.4011103777394731
8,3,11,NaN
5,6,11,NaN
7,4,11,NaN
9,2,11,0.9272124484159221
3,8,11,NaN
8,3,11,0.13695747655435897
7,4,11,0.01977472022097585
8,3,11,0.7926558226637133
4,7,11,0.31538291069709495
9,2,11,NaN
6,5,11,0.0049844688540326264
9,2,11,0.6717661875924231
7,4,11,0.3557510427918548
8,3,11,0.069009118384555
7,4,11,NaN
7,4,11,NaN
9,2,11,0.9493033010224405
7,4,11,0.2783692877527476
9,2,11,0.3877627654726201
7,4,11,NaN
5,6,11,NaN
7,4,11,0.9045471222061193
5,6,11,0.19970440553491617
9,2,11,0.09962723721652093
11,0,11,NaN
5,6,11,NaN
9,2,11,0.3892404650973566
9,2,11,NaN
7,4,11,0.001452552915702904
7,4,11,0.8237080657963236
3,8,11,0.631220773570296
10,1,11,0.11735031057960332
8,3,11,0.6717661875924231
11,0,11,0.24543807191102426
7,4,11,0.43236838797587135
2,9,11,0.4011103777394731
4,7,11,0.5231605144894103
11,0,11,0.9272124484159221
8,3,11,0.4475557477195245
7,4,11,0.5417209770628222
4,7,11,0.11735031057960332
4,7,11,NaN
9,2,11,0.002987361809611806
5,6,11,0.7092033041123709
4,7,11,0.0630282359819421
7,4,11,0.8652322931034484
5,6,11,0.20461689384026202
4,7,11,0.5491099842322958
3,8,11,0.8237080657963236
6,5,11,0.1330941510921993
9,2,11,0.5085888036623277
9,2,11,NaN
6,5,11,NaN
8,3,11,0.0143133607905662
9,2,11,0.5677870600662166
11,0,11,0.8450772854630715
6,5,11,0.49543559874771725
5,6,11,NaN
5,6,11,0.7092033041123709
10,1,11,NaN
11,0,11,NaN
2,9,11,NaN
8,3,11,0.11600516340256257
7,4,11,0.7603043288277139
3,8,11,0.631220773570296
2,9,11,0.16834478277681875
3,8,11,0.15959831957195936
9,2,11,0.07716288386104492
9,2,11,0.36939410919043486
7,4,11,NaN
7,4,11,NaN
8,3,11,NaN
8,3,11,NaN
6,5,11,0.8827570506600473
6,5,11,0.6127253479327994
6,5,11,0.7092033041123709
5,6,11,0.8443251722607275
7,4,11,0.07955941938721942
5,6,11,NaN
6,5,11,0.65475266498511
6,5,11,0.5417209770628222
10,1,11,0.7659714714043498
7,4,11,0.7423423413009405
9,2,11,NaN
7,4,11,NaN
8,3,11,0.9089204642943574
4,7,11,0.002827944420886244
9,2,11,0.5417209770628222
6,5,11,0.13695747655435897
3,8,11,0.007349342594627595
8,3,11,NaN
10,1,11,NaN
6,5,11,0.0004159125442967732
10,1,11,0.07361819104140599
5,6,11,0.565973051072774
5,6,11,0.0013978170025709434
9,2,11,0.62471135189573
1,10,11,0.26966864706022203
7,4,11,0.08612589160650815
3,8,11,0.15938727449707998
2,9,11,NaN
6,5,11,NaN
10,1,11,0.8325755965765943
5,6,11,0.023437746643316073
2,9,11,NaN
2,9,11,0.9137791798943785
5,6,11,0.6078036258336132
7,4,11,0.001289710022599179
7,4,11,0.631220773570296
4,7,11,NaN
7,4,11,0.2954562226479242
2,9,11,0.20894683068738307
5,6,11,0.24290906152647984
9,2,11,NaN
6,5,11,0.6864865212233583
10,1,11,0.12926760709987556
8,3,11,0.02787455723542097
10,1,11,0.3773836681513606
9,2,11,0.005507057024814199
1,10,11,0.4155618969404342
2,9,11,0.8450772854630715
7,4,11,0.9280030513210309
5,6,11,NaN
5,6,11,0.12424252203095375
8,3,11,NaN
7,4,11,0.3557510427918548
9,2,11,0.7423423413009405
6,5,11,0.07361819104140599
3,8,11,NaN
6,5,11,0.24290906152647984
7,4,11,0.49543559874771725
2,9,11,NaN
5,6,11,0.10032275229784271
6,5,11,NaN
4,7,11,NaN
10,1,11,NaN
8,3,11,0.5417209770628222
3,8,11,0.0630282359819421
5,6,11,0.7104175646665428
6,5,11,0.3557510427918548
2,9,11,0.10032275229784271
6,5,11,NaN
5,6,11,0.24290906152647984
1,10,11,NaN
5,6,11,NaN
1,10,11,0.4011103777394731
3,8,11,0.7423423413009405
9,2,11,0.2687988404175689
3,8,11,0.30709635870785457
4,7,11,0.6717661875924231
7,4,11,0.7423423413009405
9,2,11,NaN
4,7,11,NaN
5,6,11,NaN
1,10,11,NaN
2,9,11,NaN
9,2,11,NaN
9,2,11,0.009276227024652325
8,3,11,0.6380780114633431
5,6,11,NaN
10,1,11,0.2494557729056143
6,5,11,NaN
8,3,11,0.016656938369781698
9,2,11,0.01384068834559692
6,5,11,0.4475557477195245
7,4,11,0.5347977176829549
6,5,11,0.4011103777394731
6,5,11,0.0006009425893243823
7,4,11,NaN
3,8,11,NaN
5,6,11,0.31538291069709495
9,2,11,0.011335119107957231
6,5,11,0.6163604147416746
7,4,11,0.014794438733758544
7,4,11,0.4518217546422529
8,3,11,NaN
2,9,11,0.6018962792846809
7,4,11,0.0075259095983641645
1,10,11,NaN
7,4,11,0.14299946657965704
11,0,11,NaN
9,2,11,0.4011103777394731
6,5,11,0.749425839706989
8,3,11,NaN
7,4,11,0.21185071034975703
1,10,11,NaN
7,4,11,NaN
6,5,11,0.556053261693435
7,4,11,0.17061968600930538
9,2,11,0.2783692877527476
3,8,11,NaN
4,7,11,0.7726517314264018
7,4,11,0.29847576848684493
6,5,11,0.9789190809366978
2,9,11,NaN
5,6,11,0.03831329598506057
6,5,11,0.631220773570296
7,4,11,0.7127119370465148
6,5,11,0.15938727449707998
7,4,11,0.6717661875924231
4,7,11,0.4011103777394731
4,7,11,4.072585708904098e-9
7,4,11,0.7935477201410412
8,3,11,0.4109529531699218
6,5,11,0.9399889673842494
8,3,11,0.009325005405405363
5,6,11,NaN
4,7,11,0.04531425270758149
3,8,11,0.14459556898905326
2,9,11,NaN
1,10,11,0.8802899068977281
3,8,11,0.9272124484159221
4,7,11,0.2783692877527476
7,4,11,0.01085267624927704
5,6,11,0.15938727449707998
7,4,11,0.2971443159923275
6,5,11,0.3930469172428408
6,5,11,0.3557510427918548
5,6,11,0.8237080657963236
4,7,11,NaN
4,7,11,NaN
2,9,11,NaN
8,3,11,0.028285158555970084
5,6,11,NaN
1,10,11,NaN
3,8,11,NaN
1,10,11,NaN
2,9,11,NaN
8,3,11,0.0023126820938693398
6,5,11,0.823486634434625
6,5,11,0.510849555615338
5,6,11,0.3557510427918548
1,10,11,NaN
6,5,11,0.10430835822982266
6,5,11,NaN
6,5,11,NaN
5,6,11,0.9708301130493874
8,3,11,0.023178553387368964
6,5,11,0.6717661875924231
1,10,11,0.15938727449707998
5,6,11,NaN
5,6,11,0.9137791798943785
3,8,11,NaN
4,7,11,0.8006696868167401
8,3,11,NaN
5,6,11,0.18287866615821555
4,7,11,0.2668400346081453
1,10,11,NaN
1,10,11,0.5865196674031864
1,10,11,0.5484770179902777
6,5,11,NaN
1,10,11,NaN
6,5,11,NaN
1,10,11,0.02787455723542097
2,9,11,NaN
3,8,11,NaN
5,6,11,0.8541931599983016
3,8,11,NaN
1,10,11,0.1608164033036703
1,10,11,0.9916966421839661
6,5,11,NaN
5,6,11,0.30241805994701126
2,9,11,NaN
1,10,11,0.7726517314264018
11,0,11,0.9137791798943785
3,8,11,NaN
2,9,11,NaN
1,10,11,NaN
6,5,11,0.25459673945412375
6,5,11,0.31538291069709495
11,0,11,0.49543559874771725
3,8,11,0.7726517314264018
1,10,11,0.31538291069709495
4,7,11,0.47392407785921564
5,6,11,0.0237245518439987
3,8,11,0.8541931599983016
1,10,11,NaN
1,10,11,NaN
9,2,11,0.7433590367901758
2,9,11,NaN
1,10,11,0.4896505971491183
1,10,11,NaN
4,7,11,NaN
2,9,11,0.7726517314264018
4,7,11,NaN
2,9,11,0.21185071034975703
1,10,11,NaN
1,10,11,NaN
1,10,11,0.49543559874771725
1,10,11,NaN
1,10,11,NaN
2,9,11,0.48386016504678403
1,10,11,0.5733356653898047
3,8,11,0.3557510427918548
1,10,11,NaN
1,10,11,0.41537645198799034
1,10,11,NaN
1,10,11,NaN
3,8,11,NaN
3,8,11,0.8171669894698544
1,10,11,0.8138385796604178
1,10,11,NaN
1,10,11,0.21542433125139374
1,10,11,0.2307478702826715
1,10,11,0.8006696868167401
1,10,11,NaN
2,9,11,NaN
1,10,11,NaN
1,10,11,NaN
1,10,11,NaN
2,9,11,0.5417209770628222
1,10,11,NaN
2,9,11,0.8006696868167401
1,10,11,0.48945833991568644
1,10,11,0.8450772854630715
1,10,11,NaN
1,10,11,0.4475557477195245
1,10,11,NaN
1,10,11,0.9137791798943785
0,11,11,0.15938727449707998
0,11,11,0.34964183809947574
0,11,11,NaN
0,11,11,NaN
0,11,11,NaN
0,11,11,NaN
0,11,11,NaN
0,11,11,NaN
0,11,11,NaN
0,11,11,NaN
0,11,11,0.5865196674031864
0,11,11,0.49543559874771725
0,11,11,NaN
0,11,11,NaN
0,11,11,NaN
0,11,11,NaN
0,11,11,NaN
0,11,11,NaN
0,11,11,NaN
0,11,11,0.8613967251296205
0,11,11,NaN
0,11,11,NaN
0,11,11,0.9137791798943785
0,11,11,NaN
0,11,11,0.5417209770628222
0,11,11,0.8006696868167401
0,11,11,0.5459916266606403
0,11,11,0.08622547085482696
0,11,11,NaN
0,11,11,0.9861706733848241
0,11,11,0.7423423413009405
0,11,11,NaN
0,11,11,NaN
0,11,11,NaN
0,11,11,0.11437852913991037
0,11,11,NaN
0,11,11,NaN
0,11,11,0.12993075714316443
0,11,11,0.8052971416746826
0,11,11,0.5865196674031864
0,11,11,0.4144725532144906
0,11,11,NaN
0,11,11,NaN
0,11,11,NaN
0,11,11,0.5865196674031864
0,11,11,NaN
0,11,11,NaN
0,11,11,NaN
0,11,11,0.8006586145440605
0,11,11,0.2559921408322171
0,11,11,0.4475557477195245
0,11,11,NaN
0,11,11,0.01964751139271028
0,11,11,NaN
0,11,11,NaN
0,11,11,NaN
0,11,11,NaN
0,11,11,NaN
0,11,11,0.6914449821164603
0,11,11,NaN
0,11,11,NaN
0,11,11,0.8827570506600473
0,11,11,0.2918044580718424
0,11,11,NaN
0,11,11,0.11004266429364606
0,11,11,NaN
0,11,11,0.24290906152647984
0,11,11,NaN
0,11,11,NaN
0,11,11,NaN
0,11,11,NaN
0,11,11,NaN
0,11,11,0.24290906152647984
0,11,11,NaN
0,11,11,0.1788386726125394
0,11,11,0.18348414923983342
0,11,11,NaN
9,1,10,0.1763135012773393
7,3,10,0.8827570506600473
8,2,10,NaN
4,6,10,0.9663500458367166
7,3,10,0.8237080657963236
8,2,10,NaN
6,4,10,0.5417209770628222
8,2,10,0.12535701036362762
6,4,10,0.6194796875395513
6,4,10,NaN
7,3,10,0.4475557477195245
5,5,10,NaN
9,1,10,NaN
6,4,10,0.23552307669141448
10,0,10,0.10032275229784271
7,3,10,0.8652322931034484
6,4,10,0.018449787759072963
8,2,10,0.012210223849175236
8,2,10,0.9394569650180941
9,1,10,0.009325005405405363
1,9,10,0.4475557477195245
7,3,10,0.3930469172428408
7,3,10,NaN
7,3,10,0.6702125184631231
8,2,10,0.019130933762431367
9,1,10,0.8827570506600473
7,3,10,0.4475557477195245
6,4,10,NaN
5,5,10,NaN
8,2,10,NaN
4,6,10,NaN
8,2,10,0.8237080657963236
8,2,10,0.2783692877527476
9,1,10,0.631220773570296
7,3,10,NaN
5,5,10,0.053556438906752275
9,1,10,NaN
7,3,10,0.1489664387011602
6,4,10,0.5593539763058477
6,4,10,NaN
6,4,10,4.5472318512819494e-5
9,1,10,NaN
5,5,10,0.0003707391128977508
10,0,10,0.8237080657963236
10,0,10,0.49543559874771725
9,1,10,0.17285819941780986
8,2,10,0.9713478338130888
9,1,10,NaN
9,1,10,0.8901584396541352
9,1,10,0.02787455723542097
8,2,10,NaN
9,1,10,NaN
7,3,10,0.5417209770628222
9,1,10,0.0630282359819421
8,2,10,0.4011103777394731
7,3,10,0.8237080657963236
3,7,10,0.21185071034975703
10,0,10,NaN
7,3,10,0.004593823466945843
9,1,10,0.8652322931034484
7,3,10,0.5461169719095101
7,3,10,0.8827570506600473
6,4,10,0.07361819104140599
9,1,10,0.894503032491616
9,1,10,0.0018409182881712915
7,3,10,NaN
9,1,10,NaN
8,2,10,0.2783692877527476
4,6,10,0.023437746643316073
7,3,10,0.5142466969961698
10,0,10,0.011146777060025585
7,3,10,0.7126046200624173
8,2,10,0.6717661875924231
10,0,10,0.04269686500847585
9,1,10,0.4074851881886294
10,0,10,NaN
7,3,10,NaN
8,2,10,0.5476600256708894
8,2,10,NaN
4,6,10,0.9001259164326818
9,1,10,0.9590286414731528
4,6,10,0.06286191241916073
5,5,10,NaN
9,1,10,0.631220773570296
6,4,10,NaN
5,5,10,0.5865196674031864
7,3,10,0.07470937113784967
6,4,10,0.012562605438220777
8,2,10,0.8827570506600473
6,4,10,0.2783692877527476
7,3,10,0.5417209770628222
8,2,10,0.29190791867773475
9,1,10,0.013084799538945395
4,6,10,0.07538036908527808
7,3,10,0.0032049632972005176
9,1,10,0.2783692877527476
2,8,10,0.8652322931034484
1,9,10,NaN
6,4,10,NaN
7,3,10,NaN
9,1,10,0.49543559874771725
6,4,10,0.21185071034975703
7,3,10,0.018854717067612853
7,3,10,0.36939410919043486
10,0,10,NaN
10,0,10,NaN
5,5,10,NaN
9,1,10,0.3943586556899317
5,5,10,0.49543559874771725
9,1,10,0.9137791798943785
9,1,10,0.10032275229784271
8,2,10,0.0630282359819421
5,5,10,0.9590286414731528
9,1,10,0.631220773570296
7,3,10,0.374484916138371
7,3,10,0.03862357679370768
7,3,10,0.023956801719336642
6,4,10,NaN
7,3,10,0.7005252759586236
10,0,10,NaN
6,4,10,NaN
5,5,10,NaN
8,2,10,0.631220773570296
9,1,10,NaN
10,0,10,NaN
9,1,10,NaN
8,2,10,0.5865196674031864
10,0,10,0.7726517314264018
8,2,10,0.5865196674031864
5,5,10,0.9137791798943785
9,1,10,NaN
5,5,10,0.08612589160650815
4,6,10,0.8237080657963236
5,5,10,0.48416940683333404
5,5,10,0.15938727449707998
9,1,10,0.04099133246999384
8,2,10,0.6589606374511142
8,2,10,NaN
8,2,10,0.28048161633914653
8,2,10,0.4475557477195245
7,3,10,0.6726559489107342
7,3,10,0.2783692877527476
9,1,10,0.7702442930340994
5,5,10,0.9733084005106692
6,4,10,0.5356673432373547
7,3,10,0.8006696868167401
7,3,10,0.15938727449707998
10,0,10,0.6511399264288982
6,4,10,0.24290906152647984
6,4,10,0.07361819104140599
9,1,10,0.11735031057960332
1,9,10,NaN
7,3,10,0.8450772854630715
7,3,10,0.0011255081421950247
7,3,10,0.0630282359819421
8,2,10,NaN
7,3,10,0.5417209770628222
8,2,10,0.9396124013901456
8,2,10,0.07361819104140599
8,2,10,0.7811680378186527
9,1,10,0.9137791798943785
6,4,10,0.18348414923983342
8,2,10,0.027013213859403376
6,4,10,0.7092033041123709
6,4,10,0.21898357023417914
8,2,10,0.6021883752825276
6,4,10,NaN
10,0,10,0.21793114523149193
10,0,10,0.7423423413009405
7,3,10,NaN
7,3,10,0.008891624123104661
9,1,10,0.0004931993107402023
6,4,10,0.2224877855918902
9,1,10,NaN
5,5,10,0.49543559874771725
9,1,10,0.0715846312426232
4,6,10,7.374321167244061e-6
8,2,10,0.7726517314264018
7,3,10,NaN
8,2,10,0.6475233868262518
6,4,10,NaN
9,1,10,0.019796251803769704
9,1,10,0.38951883007049515
8,2,10,0.8652322931034484
6,4,10,NaN
6,4,10,0.7726517314264018
8,2,10,0.4481577254388492
7,3,10,0.04164930280576841
5,5,10,0.03831329598506057
8,2,10,0.14613864065173762
8,2,10,NaN
9,1,10,NaN
8,2,10,0.6966895032110215
7,3,10,NaN
6,4,10,0.21185071034975703
10,0,10,NaN
10,0,10,0.08612589160650815
7,3,10,NaN
8,2,10,0.15938727449707998
7,3,10,0.13695747655435897
5,5,10,NaN
9,1,10,NaN
8,2,10,0.8237080657963236
6,4,10,0.24290906152647984
6,4,10,0.1885441892451347
8,2,10,0.002271959728328073
10,0,10,NaN
6,4,10,NaN
5,5,10,NaN
9,1,10,NaN
5,5,10,0.7732543004398685
6,4,10,0.2942871780591215
4,6,10,NaN
9,1,10,0.00109181297879201
7,3,10,0.22061921544044888
10,0,10,0.9746450669723843
7,3,10,0.8237080657963236
7,3,10,0.5672778376325323
4,6,10,0.0051653647514528205
4,6,10,0.025074958013638977
8,2,10,0.7420399295922501
9,1,10,0.2783692877527476
7,3,10,0.18793866697021402
7,3,10,0.4011103777394731
6,4,10,0.8425652470875747
8,2,10,NaN
10,0,10,0.2271832346372862
5,5,10,0.8765979544523793
9,1,10,0.004769991761607093
9,1,10,0.7726517314264018
9,1,10,0.9001259164326818
6,4,10,0.49543559874771725
8,2,10,0.1972257607771185
9,1,10,NaN
3,7,10,NaN
7,3,10,NaN
9,1,10,0.49543559874771725
6,4,10,0.9272124484159221
7,3,10,0.5844085215984884
4,6,10,0.21185071034975703
6,4,10,0.6662246036382882
10,0,10,0.3892404650973566
9,1,10,0.8237080657963236
10,0,10,NaN
7,3,10,0.4475557477195245
8,2,10,0.631220773570296
8,2,10,NaN
8,2,10,3.077649712007909e-5
9,1,10,NaN
6,4,10,0.4640344786753604
9,1,10,NaN
8,2,10,0.03743375752191524
5,5,10,0.4011103777394731
8,2,10,NaN
9,1,10,0.7929338376315631
10,0,10,0.9434019635102875
7,3,10,NaN
5,5,10,0.2804669182290464
4,6,10,0.007349342594627595
10,0,10,0.4475557477195245
8,2,10,0.8237080657963236
4,6,10,0.32135031818130005
4,6,10,0.7157462957640373
9,1,10,0.8652322931034484
9,1,10,NaN
9,1,10,0.49543559874771725
6,4,10,0.10032275229784271
6,4,10,0.29484581001761506
6,4,10,0.3557510427918548
6,4,10,NaN
9,1,10,0.6717661875924231
6,4,10,0.2913079702450974
8,2,10,0.49543559874771725
8,2,10,0.027439155425084495
7,3,10,0.39269305989092546
5,5,10,0.49543559874771725
5,5,10,0.3557510427918548
9,1,10,0.631220773570296
5,5,10,0.014946346210557158
7,3,10,0.49543559874771725
3,7,10,0.13695747655435897
10,0,10,0.0032344506104328807
7,3,10,0.995737632311299
10,0,10,0.07361819104140599
9,1,10,0.5417209770628222
10,0,10,0.5154346403989263
8,2,10,0.18871354615664282
5,5,10,NaN
7,3,10,0.021386330011343754
8,2,10,0.5183374556419776
8,2,10,NaN
7,3,10,0.07361819104140599
4,6,10,0.631220773570296
6,4,10,0.9733084005106692
8,2,10,0.02787455723542097
3,7,10,0.7726517314264018
7,3,10,0.8237080657963236
3,7,10,NaN
5,5,10,0.016890446250318412
7,3,10,0.2080822798436693
4,6,10,0.03831329598506057
9,1,10,NaN
7,3,10,0.7423423413009405
10,0,10,0.31538291069709495
9,1,10,NaN
7,3,10,NaN
6,4,10,NaN
6,4,10,0.6717661875924231
4,6,10,NaN
8,2,10,NaN
10,0,10,0.18348414923983342
5,5,10,NaN
5,5,10,0.8237080657963236
8,2,10,NaN
6,4,10,NaN
8,2,10,0.5417209770628222
5,5,10,0.016445332902019216
6,4,10,0.07668963462883334
8,2,10,0.31538291069709495
9,1,10,NaN
7,3,10,0.3604472271944394
5,5,10,NaN
5,5,10,NaN
9,1,10,NaN
6,4,10,0.03542250385965071
7,3,10,NaN
4,6,10,0.019710584095354904
6,4,10,0.5417209770628222
5,5,10,0.24290906152647984
6,4,10,0.20817884702964493
5,5,10,0.7423423413009405
8,2,10,0.4475557477195245
7,3,10,0.3557510427918548
8,2,10,0.8012183129642948
7,3,10,NaN
7,3,10,8.755656167338215e-5
8,2,10,0.22498386269722465
7,3,10,NaN
9,1,10,0.4475557477195245
5,5,10,0.9111484821973757
2,8,10,NaN
7,3,10,NaN
8,2,10,0.15938727449707998
8,2,10,NaN
9,1,10,0.9001259164326818
5,5,10,0.004216635031200235
9,1,10,0.33206252338918735
7,3,10,0.14538788108860126
3,7,10,0.24290906152647984
8,2,10,0.2455370881738518
9,1,10,0.7423423413009405
7,3,10,0.631220773570296
8,2,10,0.027013213859403376
10,0,10,NaN
7,3,10,7.144102695439614e-5
9,1,10,0.3557510427918548
6,4,10,0.5865196674031864
6,4,10,0.005359751268792051
5,5,10,0.4011103777394731
5,5,10,0.2954562226479242
7,3,10,0.13695747655435897
4,6,10,0.865856228509367
7,3,10,0.11600516340256257
8,2,10,NaN
7,3,10,NaN
10,0,10,0.49543559874771725
6,4,10,NaN
3,7,10,NaN
6,4,10,NaN
6,4,10,NaN
6,4,10,NaN
7,3,10,0.8901584396541352
5,5,10,0.631220773570296
6,4,10,0.02787455723542097
7,3,10,0.030758156819904358
9,1,10,0.03831329598506057
4,6,10,0.2783692877527476
6,4,10,NaN
5,5,10,0.6127253479327994
10,0,10,0.31538291069709495
5,5,10,0.24290906152647984
7,3,10,0.4475557477195245
8,2,10,0.6718829133842396
10,0,10,0.027739116921794812
3,7,10,0.3921225773990182
7,3,10,0.9394569650180941
7,3,10,NaN
7,3,10,0.961295648688789
6,4,10,0.9968891118855812
10,0,10,0.9733084005106692
3,7,10,0.24290906152647984
5,5,10,0.03831329598506057
8,2,10,0.5417209770628222
8,2,10,0.00010311269799324144
6,4,10,NaN
10,0,10,0.034545306745466436
10,0,10,0.7962091172332871
9,1,10,0.21185071034975703
7,3,10,0.021716887498564267
5,5,10,NaN
8,2,10,NaN
7,3,10,0.07720345489204755
5,5,10,0.8450772854630715
9,1,10,NaN
6,4,10,0.2051841611850297
7,3,10,0.15938727449707998
4,6,10,0.14728900855010782
8,2,10,NaN
7,3,10,0.41537645198799034
8,2,10,0.6176727143341546
5,5,10,NaN
9,1,10,0.7049731262098982
7,3,10,0.03831329598506057
7,3,10,0.3225778289115169
9,1,10,0.4099064883250005
7,3,10,0.00040092638776132887
8,2,10,NaN
6,4,10,0.07361819104140599
3,7,10,0.631220773570296
6,4,10,0.6717661875924231
8,2,10,0.07410943283789428
7,3,10,1.5218875786357445e-7
10,0,10,NaN
6,4,10,0.7726517314264018
8,2,10,0.8006696868167401
8,2,10,0.43489989411086566
9,1,10,NaN
5,5,10,NaN
5,5,10,0.3221152103020015
10,0,10,0.5417209770628222
8,2,10,0.27488039458840285
8,2,10,0.8672028944838255
6,4,10,0.5417209770628222
8,2,10,0.33618145537862953
2,8,10,NaN
8,2,10,NaN
6,4,10,0.5493060417572245
9,1,10,NaN
4,6,10,0.8002212856606234
8,2,10,NaN
2,8,10,0.3557510427918548
7,3,10,0.06799057050274676
9,1,10,0.7525215228656432
8,2,10,NaN
7,3,10,0.053556438906752275
6,4,10,0.9272124484159221
8,2,10,NaN
6,4,10,0.06370058491179999
9,1,10,0.5417209770628222
5,5,10,0.4011103777394731
5,5,10,0.8006696868167401
6,4,10,0.07475482273839583
9,1,10,0.7423423413009405
10,0,10,NaN
7,3,10,0.023437746643316073
9,1,10,0.5126648732228194
7,3,10,0.7423423413009405
9,1,10,0.016656938369781698
4,6,10,0.3557510427918548
7,3,10,0.49543559874771725
9,1,10,0.9624495112557715
8,2,10,NaN
10,0,10,0.9555445515476163
6,4,10,NaN
9,1,10,NaN
4,6,10,0.9137791798943785
8,2,10,NaN
7,3,10,0.9137791798943785
7,3,10,NaN
6,4,10,0.5192798580998162
8,2,10,0.21185071034975703
6,4,10,0.2232445271913284
8,2,10,0.5505597788936559
5,5,10,NaN
6,4,10,0.13695747655435897
7,3,10,0.18348414923983342
8,2,10,0.4475557477195245
8,2,10,0.23831765814627934
9,1,10,0.574053594207856
7,3,10,NaN
5,5,10,0.8901584396541352
4,6,10,0.1319234804519056
8,2,10,NaN
6,4,10,0.9001259164326818
4,6,10,0.057495793370260555
7,3,10,NaN
8,2,10,0.15938727449707998
2,8,10,0.34117257317291055
8,2,10,0.15938727449707998
5,5,10,0.5427791979508634
4,6,10,0.049259890554971
8,2,10,0.7092033041123709
6,4,10,NaN
7,3,10,0.7195910676048861
5,5,10,NaN
7,3,10,0.345589799488376
10,0,10,0.044228749952050894
5,5,10,NaN
7,3,10,0.2783692877527476
8,2,10,NaN
6,4,10,NaN
4,6,10,NaN
8,2,10,0.36009037211954037
8,2,10,0.08977500744720865
5,5,10,NaN
6,4,10,NaN
5,5,10,0.3886916278024838
6,4,10,NaN
7,3,10,0.8450772854630715
4,6,10,NaN
8,2,10,0.8652322931034484
7,3,10,NaN
10,0,10,0.053556438906752275
7,3,10,0.5176590438378194
6,4,10,0.7423423413009405
6,4,10,0.0026282192721900246
7,3,10,0.5865196674031864
6,4,10,NaN
7,3,10,0.08312557081507052
9,1,10,0.1090136935582304
8,2,10,0.5805609459853677
6,4,10,0.6717661875924231
3,7,10,NaN
8,2,10,0.4475557477195245
8,2,10,0.03002897565218359
9,1,10,NaN
8,2,10,0.8450772854630715
5,5,10,NaN
9,1,10,0.8827570506600473
5,5,10,NaN
5,5,10,0.4095013759787483
2,8,10,NaN
5,5,10,1.4029307338300553e-11
9,1,10,0.5865196674031864
8,2,10,0.5430986004575281
9,1,10,NaN
10,0,10,0.8237080657963236
5,5,10,0.8652322931034484
8,2,10,0.20555603187365748
9,1,10,0.15938727449707998
6,4,10,0.4155618969404342
9,1,10,NaN
9,1,10,0.007349342594627595
4,6,10,0.49543559874771725
7,3,10,0.09103409179964331
7,3,10,0.5521980242939738
8,2,10,NaN
8,2,10,NaN
9,1,10,NaN
8,2,10,NaN
6,4,10,NaN
6,4,10,NaN
6,4,10,0.5737458270684518
7,3,10,0.2927831871750694
5,5,10,NaN
9,1,10,0.4011103777394731
8,2,10,0.8652322931034484
5,5,10,0.4475557477195245
8,2,10,NaN
10,0,10,0.5183374556419776
6,4,10,0.3557510427918548
7,3,10,NaN
7,3,10,0.18348414923983342
8,2,10,0.01195516001131901
7,3,10,0.7038570448214456
6,4,10,0.18348414923983342
9,1,10,0.631220773570296
2,8,10,0.008295232987163796
2,8,10,0.8237080657963236
3,7,10,0.42299638800163064
5,5,10,0.6717661875924231
3,7,10,0.6717661875924231
7,3,10,0.7423423413009405
8,2,10,0.4475557477195245
8,2,10,0.1578493159480806
9,1,10,NaN
9,1,10,0.546152762799012
7,3,10,0.8006696868167401
8,2,10,0.31538291069709495
10,0,10,0.6802064442690983
3,7,10,0.23103067796165944
8,2,10,0.48263081791028234
4,6,10,NaN
6,4,10,0.31538291069709495
9,1,10,0.8450772854630715
6,4,10,0.6717661875924231
10,0,10,0.9137791798943785
10,0,10,0.8827570506600473
7,3,10,0.006085403921441703
4,6,10,0.012210223849175236
8,2,10,NaN
3,7,10,NaN
10,0,10,0.8237080657963236
1,9,10,0.002174644490643963
8,2,10,0.019796251803769704
5,5,10,NaN
10,0,10,0.5417209770628222
7,3,10,NaN
6,4,10,0.07361819104140599
10,0,10,0.5273597162781419
6,4,10,0.8958762517401009
9,1,10,0.504317522468818
10,0,10,0.8237080657963236
8,2,10,0.32313755148235057
8,2,10,0.7514535986009501
7,3,10,NaN
9,1,10,0.4810476269387019
5,5,10,NaN
7,3,10,0.4011103777394731
3,7,10,NaN
8,2,10,0.003835087851524878
7,3,10,0.7092033041123709
7,3,10,0.8199065020451013
8,2,10,0.8827570506600473
8,2,10,0.31538291069709495
7,3,10,NaN
3,7,10,0.2634691430303058
8,2,10,0.5301195842009794
7,3,10,0.9970869313800661
8,2,10,0.3141728657289024
3,7,10,NaN
9,1,10,NaN
5,5,10,0.21185071034975703
9,1,10,NaN
4,6,10,NaN
2,8,10,0.7726517314264018
9,1,10,0.3557510427918548
7,3,10,0.10032275229784271
1,9,10,0.9034844744746767
8,2,10,0.9493033010224405
10,0,10,0.5183374556419776
5,5,10,0.24290906152647984
3,7,10,0.019917434997024808
6,4,10,NaN
8,2,10,0.058354162995388384
8,2,10,0.9272124484159221
5,5,10,NaN
9,1,10,NaN
7,3,10,0.558104362999673
7,3,10,0.0013923762882599511
8,2,10,NaN
7,3,10,0.6018962792846809
8,2,10,0.5417209770628222
6,4,10,0.0630282359819421
8,2,10,NaN
7,3,10,NaN
1,9,10,NaN
7,3,10,0.03682854976570325
7,3,10,0.3557510427918548
7,3,10,0.5822397921313143
6,4,10,0.7234577439877888
6,4,10,NaN
8,2,10,NaN
8,2,10,NaN
7,3,10,0.8848200344940353
7,3,10,0.11735031057960332
2,8,10,NaN
7,3,10,0.9590286414731528
7,3,10,0.0005472775738667574
7,3,10,NaN
8,2,10,NaN
9,1,10,0.6717661875924231
8,2,10,NaN
6,4,10,NaN
6,4,10,NaN
7,3,10,0.1543705926232434
5,5,10,NaN
9,1,10,0.5865196674031864
5,5,10,0.7423423413009405
7,3,10,NaN
9,1,10,NaN
6,4,10,0.7423423413009405
6,4,10,0.4011103777394731
6,4,10,0.8827570506600473
3,7,10,NaN
7,3,10,0.6417181726202376
4,6,10,0.5587721585107637
9,1,10,0.6717661875924231
6,4,10,NaN
10,0,10,NaN
8,2,10,0.9493033010224405
6,4,10,0.15938727449707998
9,1,10,0.9272124484159221
10,0,10,0.023437746643316073
8,2,10,NaN
10,0,10,0.053556438906752275
5,5,10,0.03831329598506057
7,3,10,0.3557510427918548
5,5,10,0.49543559874771725
7,3,10,0.3557510427918548
8,2,10,0.24290906152647984
8,2,10,NaN
7,3,10,0.4011103777394731
7,3,10,0.7433590367901758
8,2,10,NaN
8,2,10,NaN
6,4,10,0.9137791798943785
4,6,10,0.9137791798943785
9,1,10,NaN
9,1,10,0.34117257317291055
8,2,10,NaN
6,4,10,0.1287598758037328
8,2,10,0.9565537173653231
5,5,10,NaN
8,2,10,0.6043203463964694
4,6,10,0.0997534938935964
10,0,10,0.17356972116971547
7,3,10,0.3294999442018775
3,7,10,NaN
5,5,10,0.09180520026970693
8,2,10,0.2081086665913275
7,3,10,0.9663500458367166
4,6,10,0.08212258550406558
7,3,10,NaN
7,3,10,0.516884059263346
9,1,10,0.7261107092544306
7,3,10,0.01631725830624874
10,0,10,0.4475557477195245
7,3,10,NaN
7,3,10,0.01070689622687927
10,0,10,0.8652322931034484
2,8,10,0.1430979197194034
7,3,10,NaN
8,2,10,0.06245892049206386
5,5,10,NaN
6,4,10,0.3460247125335673
4,6,10,0.4475557477195245
8,2,10,0.2783692877527476
7,3,10,0.11735031057960332
7,3,10,0.9394569650180941
7,3,10,0.7413288369126881
10,0,10,NaN
8,2,10,8.285780069648436e-7
7,3,10,0.8436779382303344
4,6,10,0.11735031057960332
7,3,10,0.7092033041123709
4,6,10,0.7524575572271958
6,4,10,0.5745454546618926
9,1,10,0.052459520660493246
8,2,10,0.8827570506600473
7,3,10,0.4011103777394731
7,3,10,0.7423423413009405
7,3,10,0.5937639523976828
8,2,10,0.8006696868167401
6,4,10,0.6717661875924231
3,7,10,NaN
10,0,10,0.8237080657963236
6,4,10,0.44478487769872715
8,2,10,0.6163604147416746
10,0,10,0.004593823466945843
9,1,10,0.19472917649073473
6,4,10,NaN
6,4,10,NaN
7,3,10,0.9414784206487701
8,2,10,NaN
6,4,10,0.6368500392896812
3,7,10,0.08612589160650815
5,5,10,0.7423423413009405
4,6,10,0.32135031818130005
8,2,10,0.49543559874771725
7,3,10,NaN
7,3,10,NaN
8,2,10,0.08934560317390572
8,2,10,NaN
7,3,10,0.08854948551296318
5,5,10,0.08612589160650815
9,1,10,0.8954942781772826
8,2,10,0.3557510427918548
9,1,10,0.9001259164326818
4,6,10,0.8450772854630715
6,4,10,0.5490810399229935
7,3,10,0.49543559874771725
3,7,10,NaN
4,6,10,NaN
6,4,10,0.7423423413009405
6,4,10,NaN
7,3,10,0.5008649244965916
7,3,10,0.49543559874771725
6,4,10,0.47044419682038446
3,7,10,NaN
10,0,10,NaN
9,1,10,0.31538291069709495
7,3,10,0.0015506799637766114
4,6,10,0.4011103777394731
9,1,10,NaN
2,8,10,NaN
5,5,10,NaN
2,8,10,0.2875143696471915
9,1,10,0.0034729470174362357
6,4,10,0.07647474817401304
6,4,10,0.5417209770628222
8,2,10,NaN
5,5,10,0.7092033041123709
10,0,10,0.8827570506600473
10,0,10,0.1397548758838223
10,0,10,NaN
5,5,10,NaN
8,2,10,0.20653898995868814
6,4,10,0.8470563648312032
5,5,10,0.002174644490643963
5,5,10,NaN
5,5,10,NaN
2,8,10,NaN
5,5,10,0.24290906152647984
9,1,10,NaN
5,5,10,NaN
8,2,10,NaN
7,3,10,NaN
8,2,10,NaN
5,5,10,0.9001259164326818
9,1,10,0.6717661875924231
8,2,10,0.631220773570296
4,6,10,NaN
8,2,10,0.07361819104140599
6,4,10,NaN
7,3,10,NaN
4,6,10,0.8677819714664171
8,2,10,0.09073169845692328
7,3,10,0.07193862879016444
8,2,10,0.7299771150028777
6,4,10,0.9394569650180941
8,2,10,0.3597687351920953
7,3,10,0.08167557749396862
7,3,10,0.06974711180439698
6,4,10,0.8450772854630715
8,2,10,NaN
5,5,10,0.18348414923983342
3,7,10,0.865856228509367
9,1,10,0.8450772854630715
6,4,10,0.1485966283368871
6,4,10,0.6286352646486054
3,7,10,NaN
8,2,10,0.9663500458367166
9,1,10,0.2918901956124787
6,4,10,0.15938727449707998
6,4,10,0.08612589160650815
7,3,10,NaN
6,4,10,0.053556438906752275
9,1,10,0.2783692877527476
5,5,10,0.631220773570296
5,5,10,0.3557510427918548
8,2,10,0.8652322931034484
7,3,10,0.8983525894108032
9,1,10,0.5805609459853677
4,6,10,0.7092033041123709
6,4,10,0.9094049240986032
9,1,10,0.24290906152647984
6,4,10,NaN
9,1,10,0.8652322931034484
8,2,10,0.631220773570296
4,6,10,0.5865196674031864
9,1,10,0.002211533844513137
7,3,10,0.8166150917845386
8,2,10,0.18348414923983342
7,3,10,NaN
6,4,10,0.49543559874771725
7,3,10,0.1662529718489722
5,5,10,0.00404663473592523
9,1,10,0.4011103777394731
8,2,10,0.02787455723542097
6,4,10,0.631220773570296
5,5,10,0.9326657668111178
8,2,10,0.7572477918328983
9,1,10,0.21861932953505414
6,4,10,0.9272124484159221
7,3,10,0.5577810128000383
7,3,10,0.49543559874771725
6,4,10,0.2783692877527476
6,4,10,0.8006696868167401
3,7,10,NaN
9,1,10,NaN
9,1,10,0.8827570506600473
7,3,10,0.09826233860133686
2,8,10,NaN
6,4,10,0.6589606374511142
5,5,10,0.7423423413009405
8,2,10,0.631220773570296
9,1,10,0.7722983973435389
8,2,10,0.2783692877527476
8,2,10,0.18348414923983342
7,3,10,0.28049638602019156
7,3,10,0.7092033041123709
7,3,10,NaN
6,4,10,0.005456101424944084
8,2,10,0.631220773570296
6,4,10,NaN
9,1,10,NaN
6,4,10,0.3002559202446307
9,1,10,0.4011103777394731
5,5,10,0.014406113945595208
6,4,10,NaN
4,6,10,0.492478030523268
5,5,10,0.5865196674031864
7,3,10,0.9272124484159221
7,3,10,0.9281377006474446
9,1,10,0.49543559874771725
6,4,10,NaN
1,9,10,NaN
6,4,10,8.803696271059182e-5
5,5,10,0.19905637977251603
5,5,10,0.8450772854630715
9,1,10,0.007899058223776106
9,1,10,NaN
1,9,10,NaN
9,1,10,0.02273752721441331
8,2,10,NaN
6,4,10,0.41987593049721794
8,2,10,0.620640103386705
9,1,10,0.03900160981941825
8,2,10,0.011335119107957231
9,1,10,NaN
6,4,10,3.229161711015314e-10
5,5,10,0.00025459882583054385
10,0,10,0.9394569650180941
4,6,10,0.631220773570296
4,6,10,0.9424580868938122
8,2,10,0.9663500458367166
4,6,10,NaN
10,0,10,NaN
7,3,10,NaN
8,2,10,0.005882571564798886
10,0,10,0.4011103777394731
6,4,10,NaN
10,0,10,NaN
7,3,10,0.631220773570296
7,3,10,0.9394569650180941
3,7,10,NaN
9,1,10,0.003667812051649711
3,7,10,NaN
9,1,10,0.631220773570296
5,5,10,NaN
10,0,10,NaN
5,5,10,NaN
7,3,10,0.906381104829951
5,5,10,NaN
10,0,10,NaN
7,3,10,NaN
7,3,10,0.2750595555450524
9,1,10,0.631220773570296
7,3,10,NaN
9,1,10,0.31538291069709495
9,1,10,0.0630282359819421
6,4,10,0.8768095693934921
5,5,10,0.3194477868080629
3,7,10,0.4011103777394731
6,4,10,NaN
6,4,10,0.29866813569091166
1,9,10,0.8355632048596155
9,1,10,0.21185071034975703
8,2,10,0.2783692877527476
6,4,10,0.031334283615135884
9,1,10,0.3892404650973566
6,4,10,0.6717661875924231
8,2,10,NaN
9,1,10,0.3557510427918548
9,1,10,0.8827570506600473
8,2,10,NaN
8,2,10,NaN
8,2,10,0.7423423413009405
8,2,10,0.019011173885964766
3,7,10,0.053556438906752275
7,3,10,0.49543559874771725
7,3,10,NaN
8,2,10,NaN
7,3,10,0.8679189613997627
9,1,10,0.03544866609996305
9,1,10,NaN
5,5,10,NaN
8,2,10,0.13695747655435897
7,3,10,0.36592520720832933
6,4,10,0.7440297634001585
2,8,10,0.7875965616192705
9,1,10,0.11735031057960332
6,4,10,0.053556438906752275
8,2,10,0.014903084897279446
9,1,10,NaN
9,1,10,0.053556438906752275
5,5,10,0.10032275229784271
9,1,10,0.032853775051729074
7,3,10,0.9493033010224405
8,2,10,0.49543559874771725
6,4,10,0.7551951365092707
6,4,10,0.9223173026337197
6,4,10,0.2138809469180063
8,2,10,0.7092033041123709
10,0,10,0.15111429119806577
9,1,10,0.4481577254388492
6,4,10,0.6717661875924231
7,3,10,0.8006696868167401
8,2,10,0.8079928207706086
8,2,10,0.8567150145957111
5,5,10,NaN
7,3,10,0.9272124484159221
7,3,10,0.6042626299089338
9,1,10,0.39269305989092546
5,5,10,NaN
6,4,10,0.4475557477195245
8,2,10,0.5417209770628222
8,2,10,0.631220773570296
7,3,10,NaN
7,3,10,NaN
7,3,10,0.4970007556599039
7,3,10,0.24290906152647984
5,5,10,NaN
3,7,10,NaN
9,1,10,0.3930469172428408
6,4,10,0.4011103777394731
8,2,10,0.631220773570296
4,6,10,0.9590286414731528
8,2,10,0.15938727449707998
10,0,10,NaN
8,2,10,0.8237080657963236
9,1,10,0.05959598339298083
3,7,10,0.5865196674031864
4,6,10,NaN
6,4,10,NaN
5,5,10,0.5417209770628222
7,3,10,NaN
8,2,10,0.749425839706989
10,0,10,NaN
9,1,10,0.4155618969404342
7,3,10,NaN
7,3,10,0.0355000492218276
4,6,10,0.8728539528508543
8,2,10,NaN
9,1,10,0.7726517314264018
7,3,10,0.9001259164326818
7,3,10,0.13695747655435897
8,2,10,0.24290906152647984
5,5,10,0.0008949479627873683
5,5,10,NaN
10,0,10,0.4011103777394731
5,5,10,0.24290906152647984
8,2,10,0.49543559874771725
5,5,10,NaN
3,7,10,0.4011103777394731
5,5,10,0.24870949227180486
5,5,10,0.7092033041123709
8,2,10,0.7726517314264018
2,8,10,0.5782099747879653
3,7,10,0.6717661875924231
6,4,10,0.6382540771262966
6,4,10,0.0630282359819421
3,7,10,0.3557510427918548
7,3,10,0.8652322931034484
4,6,10,NaN
8,2,10,0.21185071034975703
8,2,10,0.02787455723542097
6,4,10,0.9324224401948652
7,3,10,0.028185586029967003
4,6,10,0.3557510427918548
6,4,10,0.49543559874771725
8,2,10,NaN
6,4,10,0.22275375238256778
8,2,10,NaN
8,2,10,0.7092033041123709
8,2,10,0.5865196674031864
5,5,10,0.7092033041123709
7,3,10,0.009325005405405363
4,6,10,NaN
9,1,10,NaN
9,1,10,0.3557510427918548
8,2,10,0.9590286414731528
7,3,10,0.5333261771679382
7,3,10,0.053556438906752275
7,3,10,0.28044691532466665
5,5,10,0.18348414923983342
9,1,10,0.053556438906752275
7,3,10,0.09556004566932308
4,6,10,0.9916966421839661
6,4,10,0.959862095118594
9,1,10,0.7423423413009405
9,1,10,0.023437746643316073
1,9,10,0.49282720706867394
5,5,10,0.04531425270758149
9,1,10,0.7092033041123709
7,3,10,NaN
6,4,10,0.027039842050253816
9,1,10,0.1578493159480806
2,8,10,NaN
10,0,10,0.4475557477195245
8,2,10,0.04521659964797185
7,3,10,0.2783692877527476
7,3,10,0.8237080657963236
5,5,10,0.7092033041123709
7,3,10,0.8006696868167401
7,3,10,NaN
5,5,10,0.05626150211135384
7,3,10,0.4011103777394731
4,6,10,0.5865196674031864
6,4,10,0.4011103777394731
2,8,10,0.8006696868167401
9,1,10,NaN
9,1,10,0.04531425270758149
6,4,10,0.18348414923983342
2,8,10,0.01847294436520439
6,4,10,0.49543559874771725
9,1,10,0.9493033010224405
9,1,10,0.6935191545529157
8,2,10,0.053556438906752275
7,3,10,NaN
9,1,10,0.24290906152647984
6,4,10,NaN
8,2,10,0.6717661875924231
8,2,10,0.8804873849723296
5,5,10,NaN
8,2,10,0.631220773570296
10,0,10,0.9001259164326818
7,3,10,0.2783692877527476
7,3,10,NaN
7,3,10,0.003961745598349959
8,2,10,NaN
5,5,10,0.13695747655435897
8,2,10,0.05198610854568738
7,3,10,NaN
1,9,10,0.7726517314264018
7,3,10,NaN
6,4,10,0.6717661875924231
8,2,10,0.08612589160650815
9,1,10,0.042890411683486576
1,9,10,0.6717661875924231
5,5,10,0.3457924028661233
6,4,10,0.013409168672980731
3,7,10,0.2942871780591215
4,6,10,0.11735031057960332
5,5,10,0.00011242090558501027
9,1,10,NaN
8,2,10,0.0630282359819421
5,5,10,NaN
6,4,10,0.22061921544044888
2,8,10,NaN
6,4,10,0.9004333563474045
5,5,10,0.11735031057960332
4,6,10,0.0017249450381018661
5,5,10,NaN
5,5,10,0.03542250385965071
8,2,10,NaN
6,4,10,0.22498386269722465
9,1,10,0.8470563648312032
1,9,10,NaN
7,3,10,NaN
5,5,10,NaN
4,6,10,NaN
7,3,10,0.7092033041123709
9,1,10,4.0246971679260717e-7
6,4,10,NaN
6,4,10,0.23103067796165944
7,3,10,0.3557510427918548
2,8,10,0.32746023089100873
7,3,10,NaN
9,1,10,0.3657993846599159
5,5,10,0.8572354758801874
5,5,10,0.6796560791431746
5,5,10,NaN
4,6,10,NaN
7,3,10,0.18348414923983342
9,1,10,0.8827570506600473
6,4,10,0.12971959297876556
4,6,10,NaN
6,4,10,0.4011103777394731
7,3,10,0.8006696868167401
1,9,10,0.2029560044328859
10,0,10,NaN
5,5,10,0.11522608861222733
7,3,10,0.691049034208281
6,4,10,0.49543559874771725
6,4,10,0.7423423413009405
4,6,10,NaN
5,5,10,0.9001259164326818
7,3,10,0.49543559874771725
9,1,10,NaN
8,2,10,0.01384068834559692
7,3,10,0.5121207746404707
7,3,10,0.7726517314264018
6,4,10,0.30718131871863114
6,4,10,0.032853775051729074
5,5,10,0.15938727449707998
6,4,10,0.7680372377237703
6,4,10,0.3557510427918548
7,3,10,NaN
7,3,10,0.08238703610652312
6,4,10,0.831460620706741
8,2,10,0.0021960474306923065
4,6,10,0.2954562226479242
7,3,10,NaN
7,3,10,NaN
9,1,10,NaN
4,6,10,0.7423423413009405
4,6,10,0.21185071034975703
5,5,10,NaN
4,6,10,NaN
2,8,10,0.126574894333374
6,4,10,0.4011103777394731
8,2,10,0.8958762517401009
5,5,10,0.3557510427918548
7,3,10,0.016656938369781698
7,3,10,0.8827570506600473
4,6,10,0.6877696185067498
6,4,10,NaN
3,7,10,0.08612589160650815
6,4,10,0.31538291069709495
6,4,10,0.01482903800297318
6,4,10,0.8006696868167401
6,4,10,0.3557510427918548
8,2,10,NaN
9,1,10,0.9137791798943785
6,4,10,0.6796560791431746
6,4,10,NaN
10,0,10,0.28253353147859145
8,2,10,0.31538291069709495
3,7,10,0.9493033010224405
4,6,10,0.1349305611435547
4,6,10,0.9663500458367166
5,5,10,0.31538291069709495
5,5,10,0.4155618969404342
4,6,10,NaN
5,5,10,0.08393888398961358
8,2,10,NaN
8,2,10,0.03075272491859298
8,2,10,NaN
7,3,10,NaN
8,2,10,NaN
7,3,10,NaN
1,9,10,0.7506126132473532
4,6,10,0.9590286414731528
4,6,10,NaN
8,2,10,NaN
7,3,10,NaN
6,4,10,NaN
4,6,10,NaN
8,2,10,0.2783692877527476
7,3,10,0.7726517314264018
3,7,10,0.3662459056239254
7,3,10,NaN
6,4,10,1.1677757463878096e-6
7,3,10,0.5690196519815522
10,0,10,0.9787842580798931
5,5,10,0.9045471222061193
9,1,10,0.0630282359819421
4,6,10,0.8827570506600473
9,1,10,0.63492491556389
5,5,10,2.2776232487829508e-5
10,0,10,0.2783692877527476
7,3,10,NaN
7,3,10,0.4694629602556395
4,6,10,0.4695704475502503
6,4,10,0.8207409537938686
4,6,10,0.6386796318110681
9,1,10,0.3557510427918548
8,2,10,0.31783702725738117
7,3,10,0.04531425270758149
8,2,10,0.631220773570296
10,0,10,0.6717661875924231
4,6,10,NaN
6,4,10,0.17239957638594303
9,1,10,NaN
4,6,10,0.19410350382090052
4,6,10,0.9663500458367166
6,4,10,NaN
6,4,10,0.9552740144516588
9,1,10,0.7726517314264018
8,2,10,0.04661481945225271
8,2,10,0.01964751139271028
8,2,10,0.0038536780719649324
4,6,10,0.12301661974167649
8,2,10,0.7726517314264018
6,4,10,0.11735031057960332
7,3,10,0.3557510427918548
1,9,10,0.3257757903334994
9,1,10,NaN
6,4,10,0.9569806385067289
1,9,10,NaN
8,2,10,0.1553873446138651
7,3,10,0.7423423413009405
3,7,10,4.931725356242723e-9
6,4,10,0.5417209770628222
8,2,10,NaN
4,6,10,0.6716652977267321
2,8,10,0.554557849772264
1,9,10,0.9733084005106692
6,4,10,0.9657544678011104
8,2,10,0.3213996492149199
8,2,10,0.8827570506600473
8,2,10,NaN
7,3,10,0.4475557477195245
10,0,10,0.4011103777394731
6,4,10,NaN
6,4,10,NaN
6,4,10,NaN
7,3,10,0.49543559874771725
9,1,10,0.053556438906752275
7,3,10,NaN
1,9,10,NaN
6,4,10,NaN
7,3,10,NaN
1,9,10,NaN
9,1,10,0.631220773570296
4,6,10,0.001757894068482607
1,9,10,0.49543559874771725
6,4,10,0.49543559874771725
3,7,10,NaN
6,4,10,0.3557510427918548
8,2,10,0.02139443230162059
7,3,10,0.11881885597296148
6,4,10,0.15938727449707998
5,5,10,0.5747790764397182
7,3,10,0.10168759037841331
8,2,10,0.3557510427918548
7,3,10,NaN
4,6,10,0.07193862879016444
6,4,10,NaN
5,5,10,NaN
7,3,10,0.24290906152647984
9,1,10,0.6398933088723426
5,5,10,NaN
5,5,10,0.31538291069709495
4,6,10,0.3594642954664381
7,3,10,NaN
5,5,10,NaN
5,5,10,0.8237080657963236
9,1,10,0.01384068834559692
1,9,10,NaN
2,8,10,0.3575534733500888
5,5,10,NaN
7,3,10,NaN
6,4,10,NaN
8,2,10,0.7811680378186527
5,5,10,0.21185071034975703
9,1,10,0.7726517314264018
9,1,10,0.4155618969404342
8,2,10,0.8237080657963236
7,3,10,NaN
4,6,10,0.31538291069709495
8,2,10,0.6937379552179972
8,2,10,0.08511239003989829
4,6,10,0.6193976025747082
7,3,10,NaN
3,7,10,0.7726517314264018
7,3,10,NaN
6,4,10,0.8827570506600473
1,9,10,NaN
8,2,10,0.8652322931034484
6,4,10,0.49543559874771725
7,3,10,0.8237080657963236
10,0,10,0.4155618969404342
10,0,10,NaN
6,4,10,0.2441291280411453
6,4,10,0.7726517314264018
7,3,10,0.4475557477195245
6,4,10,0.4155618969404342
5,5,10,0.10677112589697987
7,3,10,0.06227839807645494
7,3,10,NaN
8,2,10,0.631220773570296
8,2,10,NaN
4,6,10,NaN
7,3,10,0.12989338725961427
8,2,10,NaN
9,1,10,NaN
6,4,10,0.7092033041123709
6,4,10,0.4475557477195245
3,7,10,0.0011479411764696121
9,1,10,0.4475557477195245
3,7,10,NaN
6,4,10,0.0630282359819421
7,3,10,NaN
4,6,10,0.01614384450217065
9,1,10,0.0550884655477317
5,5,10,0.0003224196696121124
5,5,10,NaN
5,5,10,0.7726517314264018
10,0,10,0.016656938369781698
5,5,10,NaN
3,7,10,0.2783692877527476
9,1,10,0.18348414923983342
3,7,10,0.6717661875924231
9,1,10,0.011335119107957231
7,3,10,0.9272124484159221
7,3,10,0.8863620543241023
6,4,10,0.10032275229784271
8,2,10,0.31538291069709495
6,4,10,NaN
6,4,10,0.49543559874771725
3,7,10,0.631220773570296
7,3,10,0.00026233199003515925
5,5,10,NaN
6,4,10,0.631220773570296
9,1,10,0.21185071034975703
6,4,10,0.0006990857233238907
2,8,10,NaN
9,1,10,NaN
3,7,10,0.7092033041123709
5,5,10,NaN
4,6,10,NaN
9,1,10,0.4011103777394731
7,3,10,1.8164144711585895e-7
6,4,10,NaN
8,2,10,0.5142466969961698
6,4,10,NaN
6,4,10,NaN
6,4,10,0.06548692766554295
8,2,10,0.9272124484159221
6,4,10,0.6717661875924231
3,7,10,NaN
6,4,10,0.9999184769128274
4,6,10,0.013958060429149566
6,4,10,0.8827570506600473
4,6,10,0.8645885648732891
5,5,10,0.6386796318110681
5,5,10,0.596977664396597
7,3,10,0.3557510427918548
5,5,10,0.2942871780591215
3,7,10,NaN
7,3,10,NaN
4,6,10,NaN
5,5,10,0.8812942519182996
6,4,10,0.8867216875884179
5,5,10,0.11735031057960332
7,3,10,0.6453711054401953
4,6,10,0.9663500458367166
10,0,10,0.21185071034975703
1,9,10,0.18194466326707606
1,9,10,0.5063100942068124
5,5,10,NaN
7,3,10,NaN
2,8,10,NaN
1,9,10,0.9943152957847301
4,6,10,0.4364998447572018
3,7,10,NaN
4,6,10,0.7726517314264018
8,2,10,0.025812142723092475
8,2,10,NaN
2,8,10,NaN
5,5,10,0.08123379932291548
8,2,10,NaN
5,5,10,0.055376291873839203
8,2,10,0.21185071034975703
6,4,10,NaN
5,5,10,NaN
5,5,10,NaN
6,4,10,0.030758156819904358
2,8,10,NaN
6,4,10,NaN
6,4,10,0.03831329598506057
4,6,10,0.809977052066805
8,2,10,0.6717661875924231
5,5,10,0.3936412227352208
7,3,10,NaN
4,6,10,0.9663500458367166
5,5,10,0.49543559874771725
10,0,10,0.13695747655435897
5,5,10,NaN
7,3,10,NaN
5,5,10,0.01384068834559692
1,9,10,0.8555638685475072
2,8,10,0.2783692877527476
1,9,10,NaN
6,4,10,0.00025459882583054385
4,6,10,0.2660976189224941
4,6,10,0.0790438832441369
8,2,10,NaN
2,8,10,0.9137791798943785
10,0,10,0.9885707782763422
6,4,10,NaN
6,4,10,0.10032275229784271
5,5,10,0.4475557477195245
6,4,10,0.7726517314264018
6,4,10,0.49543559874771725
6,4,10,0.015000716839285189
3,7,10,0.31538291069709495
5,5,10,0.48945833991568644
6,4,10,NaN
1,9,10,NaN
5,5,10,0.7726517314264018
9,1,10,0.018813909930458773
2,8,10,0.2139195963867424
6,4,10,NaN
8,2,10,0.9705615494173081
8,2,10,0.08770254676053028
5,5,10,0.8672028944838255
1,9,10,NaN
7,3,10,NaN
6,4,10,0.31816371750052425
9,1,10,0.4155618969404342
4,6,10,0.8006696868167401
5,5,10,NaN
1,9,10,NaN
7,3,10,0.4011103777394731
7,3,10,NaN
7,3,10,NaN
5,5,10,0.2714976848618461
3,7,10,NaN
8,2,10,0.9394569650180941
7,3,10,0.65475266498511
5,5,10,NaN
9,1,10,NaN
4,6,10,0.03831329598506057
7,3,10,0.003513039518529106
1,9,10,NaN
1,9,10,NaN
3,7,10,0.9137791798943785
1,9,10,0.8864887068389631
5,5,10,NaN
4,6,10,0.07193862879016444
8,2,10,0.21185071034975703
4,6,10,0.9137791798943785
4,6,10,0.8006696868167401
7,3,10,0.2783692877527476
6,4,10,0.3557510427918548
4,6,10,NaN
4,6,10,0.19632532007171735
8,2,10,0.002174644490643963
10,0,10,0.7746463836173321
7,3,10,0.6717661875924231
2,8,10,NaN
5,5,10,0.31538291069709495
6,4,10,0.6742556534224741
1,9,10,NaN
6,4,10,0.8006696868167401
1,9,10,NaN
8,2,10,0.2130031523150676
6,4,10,NaN
2,8,10,0.5191251996263899
4,6,10,0.010116968549697727
5,5,10,0.631220773570296
3,7,10,0.011335119107957231
1,9,10,NaN
8,2,10,0.31538291069709495
2,8,10,NaN
7,3,10,0.4475557477195245
6,4,10,NaN
8,2,10,0.4011103777394731
2,8,10,NaN
5,5,10,0.49840889524484183
7,3,10,0.11735031057960332
8,2,10,0.6504149927227987
10,0,10,0.07361819104140599
4,6,10,NaN
2,8,10,NaN
1,9,10,NaN
5,5,10,0.7739402109900747
6,4,10,NaN
4,6,10,NaN
3,7,10,NaN
5,5,10,0.5865196674031864
7,3,10,0.6726559489107342
6,4,10,0.8294850092273186
5,5,10,0.631220773570296
8,2,10,0.31538291069709495
4,6,10,0.026435422760939128
5,5,10,0.07361819104140599
2,8,10,NaN
6,4,10,NaN
8,2,10,0.8006696868167401
2,8,10,0.07674591977144238
7,3,10,NaN
6,4,10,0.023437746643316073
5,5,10,0.018276154975253915
7,3,10,0.99874973208563
4,6,10,0.10032275229784271
5,5,10,0.11735031057960332
3,7,10,0.18348414923983342
8,2,10,0.8827570506600473
3,7,10,0.9680318920310171
4,6,10,0.9394569650180941
3,7,10,0.0005284338681148008
3,7,10,0.019796251803769704
1,9,10,NaN
3,7,10,0.18348414923983342
4,6,10,0.5940785884460495
1,9,10,NaN
1,9,10,0.8827570506600473
5,5,10,NaN
6,4,10,0.3921259471612517
5,5,10,0.631220773570296
5,5,10,NaN
5,5,10,0.7195910676048861
8,2,10,0.2809578211923491
5,5,10,0.8827570506600473
6,4,10,NaN
6,4,10,0.9272124484159221
1,9,10,NaN
1,9,10,0.8237080657963236
2,8,10,NaN
8,2,10,0.9943152957847301
6,4,10,0.8356209359820927
4,6,10,NaN
9,1,10,0.7332949827355181
3,7,10,0.6717661875924231
6,4,10,0.32392001901595624
1,9,10,NaN
1,9,10,NaN
1,9,10,NaN
2,8,10,NaN
1,9,10,NaN
1,9,10,NaN
6,4,10,0.0608526707905674
1,9,10,0.04531425270758149
1,9,10,NaN
4,6,10,0.8330817209472989
4,6,10,0.08123379932291548
5,5,10,0.4475557477195245
2,8,10,NaN
3,7,10,8.737717200382628e-9
2,8,10,0.35648023105927507
3,7,10,0.7295340759791964
3,7,10,NaN
2,8,10,NaN
2,8,10,0.03831329598506057
6,4,10,0.21185071034975703
1,9,10,0.7929338376315631
3,7,10,NaN
1,9,10,NaN
6,4,10,0.4155618969404342
6,4,10,NaN
2,8,10,NaN
1,9,10,0.9801730348828621
1,9,10,NaN
1,9,10,NaN
6,4,10,0.7092033041123709
5,5,10,0.7423423413009405
3,7,10,0.4475557477195245
6,4,10,0.3892404650973566
3,7,10,0.13695747655435897
6,4,10,0.3557510427918548
6,4,10,NaN
1,9,10,0.4475557477195245
2,8,10,0.036043445698520686
2,8,10,0.6717661875924231
3,7,10,0.07361819104140599
1,9,10,NaN
1,9,10,NaN
1,9,10,0.4475557477195245
1,9,10,0.1158358294874949
2,8,10,0.8982278723473669
2,8,10,0.7423423413009405
1,9,10,NaN
2,8,10,0.49543559874771725
6,4,10,0.009325005405405363
4,6,10,NaN
2,8,10,NaN
1,9,10,NaN
5,5,10,0.8237080657963236
1,9,10,0.6576859906828122
3,7,10,0.31538291069709495
3,7,10,0.9841738135856081
2,8,10,NaN
3,7,10,0.07721489853968687
4,6,10,0.33206252338918735
4,6,10,0.703988719890633
1,9,10,0.25981141464449625
1,9,10,NaN
4,6,10,0.07361819104140599
1,9,10,0.2783692877527476
2,8,10,0.5417209770628222
1,9,10,0.7726517314264018
1,9,10,0.39270930923383773
1,9,10,NaN
5,5,10,0.7092033041123709
1,9,10,NaN
1,9,10,NaN
1,9,10,NaN
1,9,10,0.8201241523683219
1,9,10,0.032853775051729074
1,9,10,NaN
1,9,10,0.5865196674031864
1,9,10,NaN
1,9,10,NaN
1,9,10,0.17239957638594303
1,9,10,NaN
0,10,10,0.5272804686501211
0,10,10,0.7423423413009405
0,10,10,NaN
0,10,10,NaN
0,10,10,0.6698788055378292
0,10,10,NaN
0,10,10,0.9914311824347485
0,10,10,NaN
0,10,10,0.9708301130493874
0,10,10,NaN
0,10,10,NaN
0,10,10,0.5865196674031864
0,10,10,0.8012183129642948
0,10,10,NaN
0,10,10,0.31538291069709495
0,10,10,NaN
0,10,10,NaN
0,10,10,0.00622925219700268
0,10,10,NaN
0,10,10,0.43504249960114444
0,10,10,NaN
0,10,10,NaN
0,10,10,NaN
0,10,10,0.5865196674031864
0,10,10,NaN
0,10,10,0.2648393986242054
0,10,10,NaN
0,10,10,NaN
0,10,10,0.812499660407898
0,10,10,NaN
0,10,10,NaN
0,10,10,0.6571730521894049
0,10,10,NaN
0,10,10,0.631220773570296
0,10,10,NaN
0,10,10,NaN
0,10,10,NaN
0,10,10,0.206406302752478
0,10,10,0.21185071034975703
0,10,10,0.5674465332166817
0,10,10,NaN
0,10,10,NaN
0,10,10,NaN
0,10,10,NaN
0,10,10,NaN
0,10,10,NaN
0,10,10,0.5183374556419776
0,10,10,NaN
0,10,10,NaN
0,10,10,NaN
0,10,10,0.21185071034975703
0,10,10,NaN
0,10,10,NaN
0,10,10,0.7726517314264018
0,10,10,NaN
0,10,10,0.3557510427918548
0,10,10,0.9028488161798568
0,10,10,0.2783692877527476
0,10,10,NaN
0,10,10,NaN
0,10,10,NaN
0,10,10,0.026836087455082883
0,10,10,0.6363457205872601
0,10,10,NaN
0,10,10,NaN
0,10,10,NaN
0,10,10,NaN
0,10,10,NaN
0,10,10,NaN
9,0,9,0.07361819104140599
6,3,9,0.49543559874771725
6,3,9,0.8827570506600473
7,2,9,0.24290906152647984
7,2,9,NaN
7,2,9,NaN
3,6,9,0.727920708452019
7,2,9,NaN
4,5,9,0.11735031057960332
7,2,9,0.6717661875924231
9,0,9,NaN
9,0,9,0.9137791798943785
7,2,9,0.8107860309478317
5,4,9,0.13951147328880156
6,3,9,0.0979608208966583
1,8,9,NaN
7,2,9,NaN
5,4,9,NaN
7,2,9,0.4475557477195245
7,2,9,0.05287921913986539
9,0,9,0.10032275229784271
8,1,9,NaN
7,2,9,0.49543559874771725
6,3,9,0.010554511513251322
6,3,9,0.631220773570296
6,3,9,NaN
9,0,9,0.8331877170056645
8,1,9,0.8958762517401009
6,3,9,0.7092033041123709
5,4,9,0.3557510427918548
9,0,9,0.671615652276564
7,2,9,0.9789190809366978
4,5,9,0.31538291069709495
7,2,9,NaN
7,2,9,NaN
7,2,9,0.21185071034975703
6,3,9,NaN
2,7,9,0.5865196674031864
7,2,9,0.7423423413009405
8,1,9,0.06396030964274255
8,1,9,0.02787455723542097
8,1,9,NaN
7,2,9,0.9789190809366978
7,2,9,NaN
4,5,9,NaN
7,2,9,0.2783692877527476
5,4,9,0.0630282359819421
9,0,9,NaN
6,3,9,0.8796538269486078
4,5,9,0.15728508976556516
6,3,9,0.2783692877527476
7,2,9,0.08612589160650815
9,0,9,0.49543559874771725
5,4,9,0.33547943614152226
7,2,9,NaN
7,2,9,0.023437746643316073
5,4,9,0.5417209770628222
6,3,9,0.5973498793000412
6,3,9,0.5220084182623728
8,1,9,NaN
6,3,9,NaN
7,2,9,NaN
4,5,9,0.24195219163792167
5,4,9,NaN
7,2,9,0.3770374077707274
1,8,9,0.5192936151751254
4,5,9,0.023437746643316073
7,2,9,NaN
5,4,9,0.4011103777394731
8,1,9,0.9493033010224405
9,0,9,0.9137791798943785
9,0,9,NaN
4,5,9,0.21185071034975703
4,5,9,0.7468528498957987
6,3,9,NaN
7,2,9,NaN
3,6,9,NaN
6,3,9,0.7630546465076665
7,2,9,0.11735031057960332
9,0,9,0.9789190809366978
7,2,9,NaN
6,3,9,NaN
9,0,9,0.5417209770628222
6,3,9,NaN
8,1,9,0.03831329598506057
8,1,9,0.04531425270758149
8,1,9,0.7423423413009405
9,0,9,0.8450772854630715
7,2,9,0.8652322931034484
3,6,9,0.7726517314264018
7,2,9,0.9034844744746767
8,1,9,0.8237080657963236
5,4,9,NaN
8,1,9,NaN
5,4,9,0.49543559874771725
8,1,9,0.6698788055378292
6,3,9,0.9590286414731528
6,3,9,0.08612589160650815
8,1,9,0.4475557477195245
6,3,9,NaN
6,3,9,NaN
8,1,9,0.8006696868167401
9,0,9,2.130889471960868e-8
8,1,9,0.30718131871863114
7,2,9,NaN
4,5,9,0.0007059158855020509
7,2,9,NaN
8,1,9,NaN
7,2,9,0.8958762517401009
7,2,9,NaN
4,5,9,0.9493033010224405
7,2,9,0.21185071034975703
5,4,9,0.2783692877527476
5,4,9,0.03819073145930519
6,3,9,0.0010606868744382305
8,1,9,0.03542250385965071
6,3,9,0.11231476112923948
6,3,9,0.10032275229784271
8,1,9,NaN
1,8,9,NaN
6,3,9,NaN
7,2,9,NaN
8,1,9,0.3557510427918548
7,2,9,NaN
3,6,9,NaN
9,0,9,NaN
4,5,9,0.9914311824347485
5,4,9,0.08612589160650815
5,4,9,NaN
7,2,9,0.0051653647514528205
7,2,9,0.9789190809366978
8,1,9,0.004274171176120683
9,0,9,0.6386796318110681
7,2,9,NaN
5,4,9,NaN
8,1,9,0.04656252878030042
8,1,9,0.3557510427918548
4,5,9,0.9263616469895146
6,3,9,NaN
7,2,9,0.4475557477195245
8,1,9,NaN
8,1,9,0.5174461975717286
8,1,9,NaN
6,3,9,0.9619562356075846
7,2,9,NaN
6,3,9,0.007349342594627595
6,3,9,0.10842814259609851
4,5,9,0.00025459882583054385
4,5,9,0.20028799361036545
7,2,9,0.49543559874771725
6,3,9,NaN
6,3,9,NaN
5,4,9,0.5698524944059813
8,1,9,NaN
8,1,9,0.18493726411462888
7,2,9,0.21185071034975703
8,1,9,0.6559669918128254
6,3,9,0.631220773570296
7,2,9,0.4011103777394731
9,0,9,NaN
4,5,9,0.18348414923983342
8,1,9,0.0355000492218276
4,5,9,0.0003707391128977508
6,3,9,0.01154667431850525
6,3,9,0.7726517314264018
5,4,9,0.3557510427918548
3,6,9,0.5417209770628222
9,0,9,0.11735031057960332
9,0,9,NaN
7,2,9,NaN
7,2,9,0.006991641161466582
9,0,9,0.053556438906752275
9,0,9,0.5865196674031864
5,4,9,0.5085888036623277
7,2,9,NaN
4,5,9,0.025133644366755477
6,3,9,NaN
8,1,9,0.7423423413009405
7,2,9,0.18493726411462888
7,2,9,0.2783692877527476
5,4,9,0.5417209770628222
8,1,9,0.9663500458367166
8,1,9,0.7092033041123709
2,7,9,0.9137791798943785
8,1,9,0.21185071034975703
7,2,9,0.5802917560236949
6,3,9,0.9767012567429126
4,5,9,0.009858290254477164
7,2,9,0.033840385851485494
4,5,9,NaN
8,1,9,NaN
6,3,9,0.12149588864000452
6,3,9,NaN
3,6,9,NaN
9,0,9,0.21369630969567505
5,4,9,0.8237080657963236
6,3,9,NaN
7,2,9,0.44547509189976947
8,1,9,0.6453711054401953
6,3,9,0.9590286414731528
6,3,9,NaN
5,4,9,NaN
9,0,9,0.24290906152647984
7,2,9,NaN
5,4,9,0.07991868216102567
5,4,9,0.31538291069709495
8,1,9,0.3072318420872979
5,4,9,NaN
8,1,9,0.26182431502777886
4,5,9,0.8006696868167401
6,3,9,NaN
6,3,9,0.006022690418803538
7,2,9,0.015146653988701407
7,2,9,0.011335119107957231
6,3,9,NaN
7,2,9,0.07361819104140599
8,1,9,0.7423423413009405
6,3,9,0.7092033041123709
8,1,9,0.631220773570296
5,4,9,NaN
7,2,9,0.6702125184631231
7,2,9,NaN
4,5,9,NaN
8,1,9,0.02787455723542097
6,3,9,NaN
8,1,9,0.3108214037192409
5,4,9,0.08238703610652312
9,0,9,0.4011103777394731
5,4,9,0.2105438322656536
5,4,9,0.5066327331093788
6,3,9,0.6717661875924231
6,3,9,2.153013839543278e-7
8,1,9,0.32828336764439026
9,0,9,0.18348414923983342
8,1,9,0.4011103777394731
6,3,9,0.053556438906752275
9,0,9,0.9157559794938342
6,3,9,0.2783692877527476
9,0,9,NaN
1,8,9,0.9552740144516588
4,5,9,NaN
6,3,9,0.015656193803883427
5,4,9,0.07312993591294423
5,4,9,0.9137791798943785
7,2,9,NaN
6,3,9,NaN
6,3,9,NaN
3,6,9,NaN
8,1,9,NaN
7,2,9,NaN
6,3,9,NaN
5,4,9,0.17380095331716774
4,5,9,0.8652322931034484
9,0,9,0.13695747655435897
8,1,9,0.32263572978925364
5,4,9,0.8006586145440605
4,5,9,0.009325005405405363
8,1,9,0.10571058657745015
7,2,9,0.0630282359819421
8,1,9,NaN
5,4,9,NaN
8,1,9,0.24290906152647984
6,3,9,NaN
7,2,9,NaN
5,4,9,0.01892748106684078
9,0,9,0.6537030330973446
8,1,9,0.31538291069709495
2,7,9,0.0018409182881712915
4,5,9,0.7810055657748826
7,2,9,0.8652322931034484
8,1,9,0.31538291069709495
7,2,9,0.8006696868167401
7,2,9,NaN
9,0,9,0.631220773570296
9,0,9,0.11778302376262217
5,4,9,0.8829429294070849
8,1,9,NaN
8,1,9,0.9916966421839661
8,1,9,0.053556438906752275
6,3,9,NaN
6,3,9,0.15938727449707998
6,3,9,0.09479265933303782
6,3,9,0.5417209770628222
6,3,9,NaN
7,2,9,0.18015117066151784
8,1,9,0.8827570506600473
5,4,9,0.018368800206433313
8,1,9,0.018299050909709885
6,3,9,0.4348845309611771
8,1,9,0.7092033041123709
5,4,9,0.7423423413009405
4,5,9,NaN
7,2,9,0.04068290973947078
5,4,9,NaN
9,0,9,0.7423423413009405
6,3,9,0.6495074555602535
7,2,9,NaN
7,2,9,0.0004120531012142126
6,3,9,NaN
9,0,9,0.11735031057960332
8,1,9,0.5865196674031864
4,5,9,0.6717661875924231
7,2,9,NaN
8,1,9,NaN
8,1,9,0.3528505839756402
5,4,9,NaN
7,2,9,0.004402614285720856
4,5,9,NaN
6,3,9,NaN
4,5,9,0.8006696868167401
5,4,9,NaN
4,5,9,0.48998669307583026
7,2,9,0.014946084446247806
6,3,9,NaN
6,3,9,NaN
5,4,9,0.21185071034975703
9,0,9,0.10453965175886143
8,1,9,NaN
8,1,9,0.007985775909230816
5,4,9,0.053556438906752275
6,3,9,0.5865196674031864
8,1,9,0.9137791798943785
6,3,9,NaN
7,2,9,NaN
6,3,9,NaN
6,3,9,0.4011103777394731
7,2,9,NaN
7,2,9,0.23368507251715348
8,1,9,0.8416968816058027
6,3,9,0.2714976848618461
7,2,9,0.08612589160650815
6,3,9,0.10032275229784271
7,2,9,0.00047778187671626066
7,2,9,0.6286352646486054
6,3,9,0.546152762799012
6,3,9,NaN
8,1,9,NaN
9,0,9,0.18501851559048632
6,3,9,0.9137791798943785
4,5,9,0.9272124484159221
7,2,9,0.8381544608128859
6,3,9,0.4155618969404342
6,3,9,0.0014999320960761434
2,7,9,NaN
8,1,9,NaN
9,0,9,NaN
5,4,9,NaN
7,2,9,0.0003192530265175879
6,3,9,NaN
7,2,9,NaN
8,1,9,NaN
8,1,9,5.6698964806563294e-5
6,3,9,0.019796251803769704
8,1,9,NaN
7,2,9,0.053556438906752275
5,4,9,NaN
7,2,9,NaN
5,4,9,0.03610054266657197
2,7,9,0.01384068834559692
6,3,9,0.3787271079161957
7,2,9,NaN
6,3,9,0.014521816806637371
6,3,9,0.46746160240693957
6,3,9,0.6796560791431746
6,3,9,0.026004546149355896
6,3,9,0.631220773570296
8,1,9,NaN
5,4,9,NaN
6,3,9,0.9263616469895146
6,3,9,0.17076587189641593
7,2,9,NaN
8,1,9,0.9394569650180941
7,2,9,0.03378436049674295
6,3,9,0.6265864499933628
5,4,9,NaN
9,0,9,0.9223173026337197
8,1,9,NaN
3,6,9,NaN
7,2,9,NaN
8,1,9,0.9590286414731528
8,1,9,NaN
4,5,9,0.05693507836098046
7,2,9,0.009325005405405363
9,0,9,NaN
4,5,9,0.7092033041123709
6,3,9,0.7722756456000196
6,3,9,0.012093584024011722
7,2,9,0.10032275229784271
3,6,9,NaN
6,3,9,NaN
2,7,9,0.8450772854630715
8,1,9,NaN
4,5,9,0.44759481517867167
8,1,9,NaN
7,2,9,0.08612589160650815
4,5,9,0.7074836137119663
8,1,9,0.5430986004575281
5,4,9,0.9493033010224405
6,3,9,NaN
6,3,9,NaN
7,2,9,NaN
4,5,9,NaN
8,1,9,0.49543559874771725
6,3,9,NaN
5,4,9,0.04531425270758149
4,5,9,0.00154327323529028
1,8,9,0.6980050982511994
7,2,9,NaN
6,3,9,NaN
7,2,9,0.9001259164326818
5,4,9,0.9590286414731528
7,2,9,NaN
5,4,9,0.5865196674031864
8,1,9,0.4475557477195245
5,4,9,NaN
7,2,9,0.10032275229784271
8,1,9,NaN
6,3,9,0.5085888036623277
6,3,9,0.5389793029912011
8,1,9,0.7726517314264018
9,0,9,NaN
6,3,9,0.13695747655435897
4,5,9,0.0008764135455293186
3,6,9,NaN
1,8,9,NaN
7,2,9,0.504317522468818
4,5,9,0.286359640628645
6,3,9,0.032853775051729074
8,1,9,1.0952402063806595e-7
6,3,9,0.3921225773990182
6,3,9,0.631220773570296
6,3,9,NaN
8,1,9,0.35648023105927507
7,2,9,0.21185071034975703
3,6,9,0.5417209770628222
8,1,9,NaN
5,4,9,0.8237080657963236
6,3,9,0.7726517314264018
6,3,9,0.2783692877527476
8,1,9,0.0630282359819421
5,4,9,0.8958762517401009
8,1,9,NaN
7,2,9,NaN
8,1,9,NaN
6,3,9,0.631220773570296
4,5,9,0.9001259164326818
5,4,9,0.49543559874771725
4,5,9,NaN
8,1,9,NaN
6,3,9,0.34117257317291055
5,4,9,NaN
5,4,9,NaN
7,2,9,NaN
8,1,9,0.14866623471969465
7,2,9,0.4475557477195245
5,4,9,0.4011103777394731
8,1,9,0.7423423413009405
5,4,9,0.0630282359819421
6,3,9,NaN
7,2,9,0.43677335814000423
6,3,9,0.19173792918615756
6,3,9,NaN
6,3,9,0.0630282359819421
8,1,9,0.49938832516806103
6,3,9,0.07361819104140599
5,4,9,NaN
7,2,9,NaN
6,3,9,5.8354662310170924e-5
8,1,9,NaN
4,5,9,NaN
9,0,9,0.15938727449707998
4,5,9,0.023210784217892903
7,2,9,0.12149588864000452
7,2,9,0.016656938369781698
5,4,9,0.24290906152647984
6,3,9,0.29792407768275325
6,3,9,0.13695747655435897
8,1,9,0.6332173965436307
5,4,9,NaN
4,5,9,NaN
4,5,9,NaN
6,3,9,0.21185071034975703
6,3,9,0.23150384047238337
9,0,9,0.31538291069709495
6,3,9,NaN
7,2,9,0.4316337696410986
7,2,9,0.4011103777394731
7,2,9,NaN
9,0,9,0.7423423413009405
6,3,9,NaN
7,2,9,0.9137791798943785
3,6,9,NaN
5,4,9,0.48945833991568644
6,3,9,0.8237080657963236
6,3,9,NaN
6,3,9,0.15938727449707998
8,1,9,0.42176899183240124
6,3,9,0.3272561423761583
4,5,9,0.7423423413009405
9,0,9,0.044272942759572394
6,3,9,NaN
8,1,9,NaN
8,1,9,0.053556438906752275
8,1,9,0.15938727449707998
7,2,9,NaN
5,4,9,0.24290906152647984
8,1,9,0.5865196674031864
8,1,9,0.003902598803958719
8,1,9,0.7425636798859709
8,1,9,0.631220773570296
9,0,9,NaN
7,2,9,NaN
8,1,9,0.3711113193529883
6,3,9,NaN
9,0,9,0.16063721494775413
6,3,9,0.03831329598506057
8,1,9,NaN
8,1,9,NaN
6,3,9,0.37017724429815063
2,7,9,0.09901566991057525
7,2,9,0.08612589160650815
9,0,9,0.7766012771206048
6,3,9,NaN
8,1,9,0.6717661875924231
9,0,9,0.1662529718489722
9,0,9,NaN
8,1,9,0.631220773570296
5,4,9,NaN
4,5,9,0.8006696868167401
9,0,9,0.565973051072774
8,1,9,NaN
3,6,9,0.8237080657963236
8,1,9,0.545442080694089
3,6,9,NaN
7,2,9,NaN
9,0,9,NaN
6,3,9,0.3859109532578767
8,1,9,NaN
8,1,9,0.014232866649806275
8,1,9,0.8827570506600473
7,2,9,0.03682854976570325
8,1,9,NaN
8,1,9,NaN
7,2,9,0.5417157464918063
5,4,9,0.7092033041123709
8,1,9,NaN
7,2,9,NaN
7,2,9,NaN
4,5,9,0.02787455723542097
9,0,9,0.49543559874771725
5,4,9,0.9590286414731528
9,0,9,0.6702125184631231
6,3,9,0.48051069260604495
5,4,9,NaN
7,2,9,0.02787455723542097
2,7,9,0.3557510427918548
7,2,9,0.49543559874771725
5,4,9,0.9140123806651524
4,5,9,NaN
6,3,9,0.023336344057100954
5,4,9,0.0009224871922270684
6,3,9,0.07361819104140599
8,1,9,0.49543559874771725
3,6,9,0.000289817930146545
6,3,9,NaN
9,0,9,0.0033227796239621576
9,0,9,NaN
8,1,9,0.8123990935260732
4,5,9,0.5407509450331557
7,2,9,0.3324741337663371
6,3,9,0.49543559874771725
6,3,9,NaN
9,0,9,0.13684525122146476
4,5,9,NaN
4,5,9,0.49543559874771725
7,2,9,0.9001259164326818
8,1,9,0.7591110384594203
7,2,9,0.9001259164326818
6,3,9,0.6717661875924231
9,0,9,0.24290906152647984
4,5,9,0.7255508227107589
5,4,9,NaN
7,2,9,0.0013483427680009335
1,8,9,NaN
8,1,9,NaN
4,5,9,0.4144725532144906
5,4,9,0.15938727449707998
7,2,9,0.31538291069709495
6,3,9,NaN
8,1,9,NaN
8,1,9,0.30616395003998503
4,5,9,NaN
8,1,9,0.49543559874771725
9,0,9,0.3557510427918548
3,6,9,0.7319373819991458
2,7,9,0.6561631237080556
6,3,9,0.10032275229784271
5,4,9,0.31538291069709495
7,2,9,NaN
7,2,9,0.5417157464918063
6,3,9,NaN
8,1,9,0.11448489346761681
7,2,9,0.2783692877527476
4,5,9,0.11735031057960332
8,1,9,0.7423423413009405
6,3,9,NaN
5,4,9,0.9663500458367166
9,0,9,0.2783692877527476
7,2,9,0.4011103777394731
8,1,9,0.9558333473225399
7,2,9,0.7753537391323821
7,2,9,0.6163604147416746
6,3,9,0.8652322931034484
9,0,9,NaN
8,1,9,0.056628607646869285
6,3,9,0.032853775051729074
8,1,9,0.6127253479327994
9,0,9,NaN
9,0,9,0.17061968600930538
9,0,9,0.9663500458367166
8,1,9,0.041504780003094675
7,2,9,NaN
9,0,9,0.8450772854630715
7,2,9,NaN
6,3,9,0.01241549849760772
7,2,9,0.8237080657963236
9,0,9,0.010528065437539596
7,2,9,0.17600453156660253
7,2,9,0.7726517314264018
8,1,9,NaN
6,3,9,0.01631725830624874
7,2,9,0.11735031057960332
8,1,9,0.9407318892469978
3,6,9,0.0026005022733959654
8,1,9,0.9109294897475665
6,3,9,NaN
8,1,9,0.24290906152647984
8,1,9,0.9396124013901456
5,4,9,0.39732178086779896
7,2,9,NaN
5,4,9,0.0630282359819421
5,4,9,0.015316958482854215
6,3,9,0.24290906152647984
5,4,9,NaN
4,5,9,NaN
6,3,9,NaN
6,3,9,0.5315599583784847
7,2,9,NaN
2,7,9,0.13008303725626696
6,3,9,NaN
8,1,9,0.0630282359819421
3,6,9,0.7423423413009405
4,5,9,NaN
7,2,9,0.6127253479327994
8,1,9,0.8237080657963236
2,7,9,0.8237080657963236
6,3,9,0.228516678946679
5,4,9,0.08298224980460639
7,2,9,NaN
1,8,9,NaN
7,2,9,0.99874973208563
8,1,9,NaN
8,1,9,0.976451772682201
6,3,9,NaN
8,1,9,0.03831329598506057
4,5,9,0.4011103777394731
6,3,9,0.49543559874771725
7,2,9,0.9733084005106692
7,2,9,0.02812277734243624
6,3,9,0.8827570506600473
3,6,9,0.6789788960397155
9,0,9,0.516884059263346
8,1,9,0.8827570506600473
5,4,9,NaN
6,3,9,0.9263616469895146
4,5,9,NaN
8,1,9,NaN
8,1,9,NaN
8,1,9,0.13695747655435897
7,2,9,0.3925179059861403
6,3,9,0.9001259164326818
5,4,9,NaN
8,1,9,0.02787455723542097
9,0,9,NaN
9,0,9,0.032853775051729074
8,1,9,0.8006696868167401
8,1,9,0.04306171529986487
4,5,9,NaN
3,6,9,0.9630945025694654
5,4,9,0.4475557477195245
8,1,9,0.5125296110325024
6,3,9,0.24290906152647984
4,5,9,NaN
5,4,9,NaN
6,3,9,2.4605484021480135e-7
9,0,9,NaN
7,2,9,0.8404169248638481
1,8,9,NaN
6,3,9,0.7038570448214456
3,6,9,NaN
6,3,9,NaN
5,4,9,0.7726517314264018
9,0,9,0.17239957638594303
8,1,9,NaN
8,1,9,0.0693190275725501
6,3,9,0.15938727449707998
7,2,9,0.03831329598506057
6,3,9,NaN
9,0,9,0.7423423413009405
8,1,9,0.15938727449707998
7,2,9,NaN
4,5,9,0.11918318105941637
7,2,9,0.5417209770628222
7,2,9,0.5417209770628222
6,3,9,0.7008889145275486
9,0,9,0.3557510427918548
7,2,9,NaN
9,0,9,0.24290906152647984
6,3,9,0.9789190809366978
6,3,9,0.7423423413009405
5,4,9,0.997665829571106
6,3,9,NaN
6,3,9,0.7092033041123709
5,4,9,NaN
4,5,9,NaN
6,3,9,NaN
7,2,9,NaN
5,4,9,0.8493614973272341
6,3,9,0.19159711197536944
5,4,9,0.631220773570296
5,4,9,0.09332524441489859
3,6,9,0.3557510427918548
9,0,9,0.8493614973272341
1,8,9,0.4047983597961691
9,0,9,0.3659236463803144
6,3,9,0.8006696868167401
4,5,9,0.49543559874771725
6,3,9,NaN
9,0,9,0.08393888398961358
7,2,9,0.01241549849760772
2,7,9,0.15938727449707998
3,6,9,NaN
6,3,9,0.8052971416746826
6,3,9,0.7561215935481438
6,3,9,0.13695747655435897
7,2,9,0.6425067403427447
8,1,9,NaN
6,3,9,0.631220773570296
6,3,9,NaN
4,5,9,0.7092033041123709
4,5,9,0.31538291069709495
4,5,9,NaN
5,4,9,0.986517501520965
7,2,9,0.9493033010224405
6,3,9,0.02787455723542097
6,3,9,0.10399737243935174
7,2,9,NaN
3,6,9,0.24290906152647984
6,3,9,NaN
5,4,9,NaN
7,2,9,0.6127253479327994
7,2,9,0.08612589160650815
4,5,9,NaN
4,5,9,NaN
6,3,9,0.03831329598506057
5,4,9,0.9744032389476114
4,5,9,NaN
7,2,9,NaN
9,0,9,0.0033653748741945817
8,1,9,0.4011103777394731
7,2,9,0.5183445408089343
4,5,9,NaN
4,5,9,0.019796251803769704
8,1,9,0.11735031057960332
5,4,9,NaN
5,4,9,0.6717661875924231
7,2,9,0.31538291069709495
7,2,9,0.031160333182805963
6,3,9,0.006907936578986479
7,2,9,NaN
5,4,9,0.6584358820255097
7,2,9,0.735914938752462
2,7,9,NaN
6,3,9,0.6717661875924231
4,5,9,0.0006009425893243823
9,0,9,0.03831329598506057
5,4,9,1.4746266895721805e-7
8,1,9,0.01384068834559692
9,0,9,NaN
7,2,9,NaN
6,3,9,NaN
8,1,9,NaN
8,1,9,0.9272124484159221
5,4,9,0.8450772854630715
6,3,9,0.2714976848618461
6,3,9,0.3257757903334994
1,8,9,NaN
7,2,9,0.7423423413009405
6,3,9,NaN
6,3,9,0.631220773570296
8,1,9,0.01384068834559692
8,1,9,NaN
6,3,9,0.9272124484159221
7,2,9,0.49543559874771725
6,3,9,0.009798148058913287
7,2,9,0.051085957214490704
9,0,9,0.6717661875924231
6,3,9,NaN
8,1,9,1.4451221739556191e-5
4,5,9,0.2783692877527476
4,5,9,0.12535701036362762
7,2,9,NaN
7,2,9,0.5865196674031864
7,2,9,0.2792229477338685
3,6,9,0.5865196674031864
8,1,9,0.2422259846343798
8,1,9,0.6717661875924231
8,1,9,0.5417209770628222
6,3,9,NaN
6,3,9,NaN
3,6,9,0.9394569650180941
2,7,9,0.13695747655435897
3,6,9,NaN
2,7,9,NaN
6,3,9,NaN
8,1,9,0.9394569650180941
5,4,9,0.01911894359257742
5,4,9,NaN
4,5,9,0.017057875262830858
7,2,9,0.9399889673842494
9,0,9,NaN
9,0,9,NaN
9,0,9,NaN
6,3,9,NaN
7,2,9,0.9045471222061193
9,0,9,NaN
4,5,9,0.0630282359819421
5,4,9,0.1353350936640747
7,2,9,0.08393888398961358
3,6,9,NaN
9,0,9,NaN
3,6,9,0.5417209770628222
7,2,9,0.6547439511859406
6,3,9,0.15938727449707998
6,3,9,0.8901584396541352
4,5,9,NaN
7,2,9,NaN
5,4,9,NaN
6,3,9,NaN
5,4,9,0.7330303240994428
5,4,9,1.9338264858314958e-5
6,3,9,0.10032275229784271
9,0,9,0.8450772854630715
3,6,9,0.21185071034975703
7,2,9,0.21185071034975703
8,1,9,0.007349342594627595
4,5,9,0.9137791798943785
5,4,9,0.8237080657963236
8,1,9,0.9935006700652652
9,0,9,0.5180838030620013
3,6,9,NaN
6,3,9,0.4475557477195245
6,3,9,0.9394569650180941
8,1,9,0.04497222414637479
5,4,9,0.631220773570296
7,2,9,0.8101699123774138
7,2,9,NaN
6,3,9,0.04531425270758149
9,0,9,0.06875525907900623
8,1,9,0.9713478338130888
6,3,9,NaN
8,1,9,0.9469507371874853
8,1,9,0.1169197328351846
7,2,9,NaN
2,7,9,NaN
7,2,9,0.9733084005106692
6,3,9,0.4011103777394731
7,2,9,0.004580223902009651
2,7,9,NaN
8,1,9,NaN
7,2,9,0.005861537072403939
5,4,9,0.8450772854630715
6,3,9,0.13695747655435897
7,2,9,0.4011103777394731
1,8,9,NaN
9,0,9,0.38951883007049515
2,7,9,0.31538291069709495
7,2,9,0.11735031057960332
6,3,9,0.3557510427918548
3,6,9,0.8450772854630715
6,3,9,0.0630282359819421
7,2,9,0.5865196674031864
8,1,9,NaN
2,7,9,NaN
7,2,9,0.02787455723542097
5,4,9,NaN
3,6,9,0.9001259164326818
4,5,9,0.0009557340183381094
8,1,9,0.8222359858287277
4,5,9,NaN
3,6,9,NaN
4,5,9,6.961289284891825e-12
5,4,9,0.8237080657963236
8,1,9,0.9137791798943785
5,4,9,NaN
5,4,9,0.4475557477195245
6,3,9,NaN
8,1,9,0.5090433330562933
7,2,9,0.08612589160650815
6,3,9,0.5865196674031864
6,3,9,0.546152762799012
2,7,9,0.15938727449707998
5,4,9,0.7092033041123709
6,3,9,0.6717661875924231
7,2,9,0.24290906152647984
4,5,9,NaN
3,6,9,0.47191290605989494
6,3,9,0.5937666833661193
5,4,9,0.49543559874771725
7,2,9,NaN
7,2,9,0.1261417012824516
5,4,9,0.7726517314264018
7,2,9,0.9909689764114312
6,3,9,0.3557510427918548
6,3,9,0.631220773570296
5,4,9,NaN
8,1,9,NaN
7,2,9,0.5865196674031864
8,1,9,0.2783692877527476
7,2,9,0.546152762799012
6,3,9,0.5965212096358771
6,3,9,0.30623635626219897
8,1,9,NaN
7,2,9,0.18348414923983342
6,3,9,0.10032275229784271
4,5,9,NaN
5,4,9,NaN
5,4,9,0.5865196674031864
5,4,9,0.08612589160650815
3,6,9,NaN
6,3,9,NaN
7,2,9,0.1543705926232434
2,7,9,0.5865196674031864
3,6,9,0.07361819104140599
5,4,9,0.11649558320498266
5,4,9,NaN
4,5,9,0.07112940632925335
7,2,9,0.08612589160650815
9,0,9,0.4475557477195245
7,2,9,0.6018962792846809
6,3,9,0.2783692877527476
8,1,9,0.4475557477195245
9,0,9,0.8652322931034484
6,3,9,NaN
6,3,9,NaN
7,2,9,0.011335119107957231
4,5,9,0.22366034024896694
5,4,9,0.8237080657963236
3,6,9,0.0021428068524463545
8,1,9,0.08612589160650815
7,2,9,0.5737458270684518
6,3,9,NaN
6,3,9,NaN
7,2,9,0.2783692877527476
7,2,9,NaN
6,3,9,NaN
7,2,9,NaN
8,1,9,0.4011103777394731
8,1,9,NaN
7,2,9,0.7589998745796914
4,5,9,NaN
3,6,9,0.4011103777394731
5,4,9,0.4475557477195245
6,3,9,NaN
7,2,9,0.5336372889232136
6,3,9,NaN
4,5,9,0.06474081858220818
7,2,9,0.6391470662697895
6,3,9,0.0630282359819421
4,5,9,0.11735031057960332
6,3,9,NaN
5,4,9,NaN
9,0,9,0.5865196674031864
9,0,9,0.5417209770628222
8,1,9,0.8827570506600473
3,6,9,NaN
6,3,9,0.8745152410308837
7,2,9,NaN
9,0,9,NaN
7,2,9,0.04225142236583336
5,4,9,0.07641184230018168
7,2,9,NaN
6,3,9,NaN
2,7,9,0.21369630969567505
8,1,9,0.2783692877527476
8,1,9,NaN
8,1,9,0.9841738135856081
8,1,9,NaN
6,3,9,1.8883524498231658e-8
4,5,9,0.15938727449707998
5,4,9,0.8722821616891961
6,3,9,0.224204818507564
9,0,9,NaN
5,4,9,0.631220773570296
3,6,9,NaN
6,3,9,NaN
7,2,9,NaN
6,3,9,0.012990945009564159
4,5,9,NaN
4,5,9,NaN
8,1,9,0.8450772854630715
5,4,9,0.7040648330995487
8,1,9,0.9841738135856081
7,2,9,NaN
2,7,9,0.053556438906752275
6,3,9,0.9493033010224405
6,3,9,0.6717661875924231
7,2,9,0.4011103777394731
5,4,9,5.2154838740823094e-5
9,0,9,NaN
7,2,9,0.8450772854630715
9,0,9,NaN
2,7,9,0.06295827575867896
6,3,9,0.5183374556419776
4,5,9,0.8652322931034484
5,4,9,NaN
7,2,9,NaN
9,0,9,0.4011103777394731
5,4,9,0.10954400898331997
6,3,9,0.04661481945225271
7,2,9,0.49543559874771725
4,5,9,0.02787455723542097
8,1,9,0.5865196674031864
4,5,9,0.22789400077986205
6,3,9,0.12679330476468242
5,4,9,NaN
4,5,9,0.08612589160650815
7,2,9,0.49543559874771725
6,3,9,0.8450772854630715
4,5,9,0.8827570506600473
6,3,9,0.833189614252883
9,0,9,0.33206252338918735
5,4,9,0.5417209770628222
8,1,9,0.005243873939215935
5,4,9,0.8450772854630715
5,4,9,0.6717661875924231
7,2,9,0.047616405613101834
9,0,9,NaN
9,0,9,0.08389215257815189
5,4,9,NaN
8,1,9,0.9137791798943785
8,1,9,NaN
6,3,9,NaN
6,3,9,0.31538291069709495
8,1,9,NaN
6,3,9,0.008989518365494602
6,3,9,NaN
5,4,9,0.7726517314264018
4,5,9,0.12491119250008452
8,1,9,0.00048696561450249534
5,4,9,0.8006696868167401
2,7,9,0.5046013023857796
8,1,9,0.9778452194058398
6,3,9,0.5417209770628222
4,5,9,0.07336314586646288
7,2,9,0.7092033041123709
9,0,9,NaN
6,3,9,NaN
8,1,9,0.18589907033986044
8,1,9,NaN
7,2,9,0.5865196674031864
9,0,9,0.2259864024191315
5,4,9,0.9394569650180941
8,1,9,0.25010987904378235
7,2,9,0.8652322931034484
2,7,9,0.6717661875924231
6,3,9,NaN
8,1,9,NaN
3,6,9,0.2783692877527476
6,3,9,NaN
4,5,9,NaN
8,1,9,0.6566677091663842
7,2,9,0.2783692877527476
7,2,9,0.8652322931034484
6,3,9,0.019796251803769704
4,5,9,0.2144909145927689
5,4,9,0.4155618969404342
8,1,9,0.053556438906752275
7,2,9,NaN
9,0,9,0.4475557477195245
5,4,9,NaN
9,0,9,0.31538291069709495
7,2,9,NaN
4,5,9,0.7021626117604646
4,5,9,0.6717661875924231
6,3,9,NaN
9,0,9,0.8652322931034484
4,5,9,NaN
7,2,9,0.10032275229784271
8,1,9,NaN
5,4,9,NaN
4,5,9,0.4011103777394731
5,4,9,0.012306547352534357
7,2,9,0.004426969511280984
5,4,9,0.24443865594187517
7,2,9,NaN
6,3,9,0.8120853917993482
5,4,9,NaN
5,4,9,NaN
9,0,9,NaN
6,3,9,0.6417181726202376
9,0,9,0.8652322931034484
5,4,9,0.7829592762869115
6,3,9,NaN
7,2,9,NaN
7,2,9,0.24253905388522046
7,2,9,0.7726517314264018
7,2,9,0.07361819104140599
7,2,9,0.18348414923983342
7,2,9,0.8652322931034484
6,3,9,0.9335470385049073
4,5,9,0.7726517314264018
9,0,9,0.5782099747879653
4,5,9,0.8416968816058027
5,4,9,NaN
5,4,9,NaN
6,3,9,0.15272696484970272
8,1,9,0.2187885149467455
5,4,9,0.21185071034975703
6,3,9,0.950555290087074
4,5,9,0.4475557477195245
4,5,9,NaN
8,1,9,0.09706883050029694
3,6,9,NaN
8,1,9,0.13695747655435897
6,3,9,NaN
8,1,9,0.6417181726202376
7,2,9,0.4597981954412224
2,7,9,NaN
7,2,9,0.3557510427918548
8,1,9,NaN
9,0,9,0.3296496747755379
4,5,9,0.535813446454538
5,4,9,0.31538291069709495
3,6,9,0.3222629772517546
2,7,9,0.13695747655435897
6,3,9,NaN
5,4,9,NaN
8,1,9,NaN
9,0,9,NaN
7,2,9,0.7092033041123709
6,3,9,0.9326657668111178
5,4,9,NaN
7,2,9,NaN
1,8,9,0.9193327961836437
6,3,9,NaN
7,2,9,0.49543559874771725
4,5,9,NaN
7,2,9,0.5541549182592796
9,0,9,0.7092033041123709
6,3,9,0.7092033041123709
9,0,9,0.631220773570296
6,3,9,0.6078036258336132
6,3,9,0.31538291069709495
4,5,9,0.026594646679114247
3,6,9,0.07591793279116603
6,3,9,0.5865196674031864
6,3,9,NaN
5,4,9,0.7423423413009405
8,1,9,0.5917729126810681
9,0,9,NaN
3,6,9,0.8652322931034484
8,1,9,0.5865196674031864
8,1,9,0.18348414923983342
6,3,9,NaN
1,8,9,NaN
6,3,9,NaN
4,5,9,0.4011103777394731
4,5,9,0.7423423413009405
5,4,9,NaN
6,3,9,0.9394569650180941
5,4,9,NaN
3,6,9,NaN
5,4,9,NaN
4,5,9,0.5865196674031864
4,5,9,NaN
1,8,9,NaN
8,1,9,NaN
3,6,9,0.5865196674031864
8,1,9,0.017036229151676446
6,3,9,NaN
8,1,9,0.7726517314264018
4,5,9,0.04531425270758149
4,5,9,NaN
5,4,9,NaN
6,3,9,NaN
6,3,9,0.8524802845089371
4,5,9,0.9590286414731528
7,2,9,0.8006696868167401
8,1,9,NaN
7,2,9,NaN
7,2,9,0.2750595555450524
7,2,9,0.9001259164326818
9,0,9,0.5865196674031864
4,5,9,0.11735031057960332
1,8,9,NaN
6,3,9,0.21185071034975703
3,6,9,0.49543559874771725
6,3,9,0.07361819104140599
7,2,9,NaN
8,1,9,0.7423423413009405
8,1,9,0.15109005889100696
8,1,9,0.7726517314264018
5,4,9,NaN
8,1,9,0.2783692877527476
6,3,9,NaN
6,3,9,0.9001259164326818
6,3,9,0.013426433873316016
3,6,9,NaN
6,3,9,NaN
6,3,9,NaN
7,2,9,NaN
7,2,9,NaN
8,1,9,0.8827570506600473
5,4,9,0.07361819104140599
1,8,9,NaN
4,5,9,0.18348414923983342
7,2,9,NaN
7,2,9,0.9394569650180941
6,3,9,0.7726517314264018
7,2,9,0.9916966421839661
6,3,9,0.4475557477195245
7,2,9,0.8006696868167401
4,5,9,0.5417209770628222
5,4,9,0.5084999818547453
3,6,9,0.0630282359819421
4,5,9,NaN
5,4,9,NaN
8,1,9,0.001332001512610656
7,2,9,0.99874973208563
3,6,9,NaN
5,4,9,0.4011103777394731
5,4,9,NaN
4,5,9,NaN
7,2,9,0.18348414923983342
7,2,9,0.6279452302383514
8,1,9,0.8827570506600473
5,4,9,0.4011103777394731
8,1,9,0.13695747655435897
9,0,9,0.5417209770628222
6,3,9,NaN
5,4,9,0.15938727449707998
7,2,9,NaN
5,4,9,0.5356673432373547
5,4,9,NaN
9,0,9,NaN
1,8,9,0.49543559874771725
6,3,9,0.19472917649073473
5,4,9,NaN
8,1,9,0.053556438906752275
6,3,9,0.008218754881680489
8,1,9,0.3557510427918548
5,4,9,0.09442785862847757
4,5,9,NaN
3,6,9,0.001518796056291544
5,4,9,0.5112190045398737
6,3,9,0.2783692877527476
5,4,9,0.010514240590893521
6,3,9,0.18348414923983342
8,1,9,NaN
6,3,9,0.5237310479321983
3,6,9,NaN
7,2,9,0.15938727449707998
6,3,9,0.5417209770628222
4,5,9,0.00021097297297318395
1,8,9,NaN
7,2,9,NaN
8,1,9,0.3901201530147684
7,2,9,NaN
6,3,9,0.9590286414731528
6,3,9,0.8237080657963236
8,1,9,0.8006696868167401
7,2,9,0.01614384450217065
8,1,9,NaN
8,1,9,0.18348414923983342
9,0,9,0.8237080657963236
3,6,9,NaN
8,1,9,NaN
6,3,9,NaN
6,3,9,0.8652322931034484
7,2,9,0.18348414923983342
3,6,9,0.3892404650973566
3,6,9,NaN
7,2,9,0.7423423413009405
8,1,9,NaN
4,5,9,0.4334240939403292
7,2,9,NaN
5,4,9,0.7092033041123709
3,6,9,NaN
5,4,9,NaN
4,5,9,0.3557510427918548
7,2,9,0.21185071034975703
3,6,9,0.8796538269486078
5,4,9,0.31538291069709495
5,4,9,NaN
6,3,9,0.4144725532144906
6,3,9,0.7092033041123709
9,0,9,NaN
4,5,9,NaN
4,5,9,0.025896010593185234
5,4,9,0.01039623198022813
5,4,9,0.631220773570296
7,2,9,NaN
6,3,9,NaN
3,6,9,NaN
6,3,9,0.24290906152647984
8,1,9,0.0167792082507953
6,3,9,0.8450772854630715
8,1,9,0.013952147791740333
3,6,9,0.833375656477414
4,5,9,0.49543559874771725
8,1,9,0.2940883554759377
7,2,9,0.3103194978340013
3,6,9,NaN
8,1,9,6.931867741446708e-5
7,2,9,0.8652322931034484
1,8,9,0.03320816112499768
2,7,9,0.9733084005106692
2,7,9,0.5568272253513131
7,2,9,0.16164647645269392
6,3,9,0.032853775051729074
7,2,9,0.8827570506600473
3,6,9,0.002170656856087986
4,5,9,0.04167465016197058
9,0,9,0.813140914260313
5,4,9,NaN
2,7,9,NaN
4,5,9,NaN
1,8,9,0.7726517314264018
7,2,9,0.6354543051814695
5,4,9,NaN
4,5,9,0.4475557477195245
6,3,9,0.10032275229784271
3,6,9,0.01384068834559692
7,2,9,0.31538291069709495
5,4,9,0.9905279151859651
8,1,9,NaN
7,2,9,NaN
4,5,9,0.2776235736033208
3,6,9,NaN
1,8,9,NaN
8,1,9,NaN
8,1,9,NaN
6,3,9,0.8450772854630715
4,5,9,0.5417209770628222
8,1,9,NaN
8,1,9,0.3005545522921389
6,3,9,0.02787455723542097
2,7,9,NaN
7,2,9,0.9765037847266773
2,7,9,0.9590286414731528
8,1,9,0.631220773570296
3,6,9,NaN
3,6,9,NaN
4,5,9,0.9663500458367166
8,1,9,NaN
5,4,9,0.019796251803769704
8,1,9,0.5865196674031864
3,6,9,NaN
7,2,9,NaN
4,5,9,NaN
9,0,9,0.7423423413009405
3,6,9,0.5865196674031864
4,5,9,0.7525215228656432
3,6,9,0.3557510427918548
7,2,9,0.631220773570296
8,1,9,0.1492411143505795
4,5,9,NaN
9,0,9,0.9522164007240911
3,6,9,0.8006696868167401
6,3,9,NaN
1,8,9,NaN
7,2,9,0.014655993394411452
4,5,9,NaN
5,4,9,NaN
9,0,9,0.7038570448214456
7,2,9,0.24290906152647984
9,0,9,0.8281223234945104
4,5,9,NaN
2,7,9,0.9493033010224405
7,2,9,0.45559831586401484
5,4,9,0.49543559874771725
6,3,9,0.0858927097284006
8,1,9,0.49543559874771725
1,8,9,NaN
3,6,9,NaN
7,2,9,0.11778302376262217
9,0,9,NaN
2,7,9,0.019237957155224403
6,3,9,0.4155618969404342
7,2,9,0.8450772854630715
8,1,9,0.8204783591980831
6,3,9,0.07361819104140599
3,6,9,0.31538291069709495
5,4,9,0.13481412910905607
8,1,9,0.020041312603835314
5,4,9,NaN
4,5,9,0.48004883881956295
4,5,9,0.015000716839285189
8,1,9,0.3557510427918548
7,2,9,NaN
2,7,9,NaN
3,6,9,NaN
6,3,9,0.6717661875924231
6,3,9,NaN
7,2,9,0.8652322931034484
6,3,9,NaN
6,3,9,0.41537645198799034
6,3,9,NaN
1,8,9,NaN
8,1,9,NaN
7,2,9,0.9695814587889082
6,3,9,0.053556438906752275
6,3,9,NaN
1,8,9,NaN
3,6,9,0.49543559874771725
5,4,9,0.8954942781772826
7,2,9,NaN
7,2,9,0.13695747655435897
3,6,9,NaN
8,1,9,NaN
4,5,9,0.30232623165185657
9,0,9,NaN
7,2,9,0.04225142236583336
5,4,9,0.9590286414731528
8,1,9,NaN
7,2,9,0.31538291069709495
3,6,9,NaN
4,5,9,0.3557510427918548
7,2,9,0.007662064402974918
6,3,9,NaN
7,2,9,NaN
7,2,9,0.49543559874771725
2,7,9,NaN
4,5,9,NaN
1,8,9,0.21533152920403897
4,5,9,0.5417209770628222
6,3,9,0.21185071034975703
5,4,9,0.48796662186443346
3,6,9,0.5417209770628222
7,2,9,0.49543559874771725
5,4,9,0.7092033041123709
4,5,9,0.07361819104140599
4,5,9,0.10032275229784271
7,2,9,0.062193508317096004
6,3,9,NaN
4,5,9,NaN
7,2,9,0.8493614973272341
4,5,9,NaN
7,2,9,0.18348414923983342
5,4,9,NaN
7,2,9,0.8006696868167401
3,6,9,0.2996747596134443
6,3,9,0.08604706871663184
7,2,9,0.6717661875924231
6,3,9,0.08604706871663184
3,6,9,0.49680201880863273
7,2,9,0.023437746643316073
4,5,9,NaN
7,2,9,0.7726517314264018
3,6,9,0.5377277453163114
5,4,9,0.9663500458367166
5,4,9,NaN
8,1,9,0.032853775051729074
7,2,9,0.3557510427918548
5,4,9,0.8237080657963236
6,3,9,0.003487733432484928
7,2,9,0.5417209770628222
4,5,9,0.5844059466461718
6,3,9,0.8450772854630715
8,1,9,0.504317522468818
2,7,9,0.15219416624456902
6,3,9,0.3222629772517546
2,7,9,NaN
8,1,9,0.07995085556295152
9,0,9,NaN
5,4,9,0.02569382000255907
6,3,9,0.8672028944838255
2,7,9,0.9096387865783333
9,0,9,NaN
6,3,9,0.8450772854630715
8,1,9,0.9137791798943785
4,5,9,0.631220773570296
5,4,9,0.10032275229784271
6,3,9,0.05044434932745214
7,2,9,NaN
9,0,9,0.5417209770628222
6,3,9,0.3103194978340013
7,2,9,0.2942871780591215
7,2,9,NaN
6,3,9,0.380144956518959
5,4,9,NaN
5,4,9,0.032853775051729074
1,8,9,0.4155618969404342
5,4,9,NaN
7,2,9,0.5417209770628222
4,5,9,0.3528505839756402
5,4,9,NaN
7,2,9,0.0630282359819421
4,5,9,0.5865196674031864
5,4,9,0.5865196674031864
6,3,9,0.6717661875924231
4,5,9,NaN
5,4,9,NaN
9,0,9,0.02787455723542097
8,1,9,0.9045778814339657
7,2,9,0.24290906152647984
1,8,9,0.4011103777394731
4,5,9,NaN
7,2,9,0.631220773570296
3,6,9,NaN
8,1,9,0.4475557477195245
1,8,9,0.6613941906372209
5,4,9,0.4217297431328697
5,4,9,0.10725924455658227
8,1,9,0.7423423413009405
6,3,9,0.8237080657963236
5,4,9,0.5865196674031864
3,6,9,0.8450772854630715
7,2,9,NaN
8,1,9,0.8652322931034484
2,7,9,0.7092033041123709
8,1,9,0.8237080657963236
4,5,9,0.9850160295675858
6,3,9,0.34317437727102074
9,0,9,NaN
7,2,9,0.047673851683162835
8,1,9,0.3557510427918548
6,3,9,0.9824623881048231
5,4,9,0.7092033041123709
2,7,9,0.01824209006080076
5,4,9,NaN
6,3,9,0.42405380233649576
8,1,9,NaN
6,3,9,0.49543559874771725
7,2,9,NaN
4,5,9,0.5417209770628222
7,2,9,0.7423423413009405
6,3,9,0.8079928207706086
7,2,9,NaN
5,4,9,0.8827570506600473
5,4,9,0.892330774293112
5,4,9,NaN
6,3,9,0.3557510427918548
3,6,9,0.04694090375893389
7,2,9,NaN
6,3,9,0.024915765496746678
9,0,9,0.0630282359819421
6,3,9,NaN
8,1,9,0.9663500458367166
7,2,9,0.29445378536883604
5,4,9,0.31538291069709495
8,1,9,0.8237080657963236
6,3,9,0.023437746643316073
7,2,9,0.4155618969404342
7,2,9,NaN
8,1,9,0.6717661875924231
7,2,9,0.11004266429364606
2,7,9,NaN
9,0,9,0.0001317219306323986
5,4,9,0.631220773570296
5,4,9,0.24810666296722955
4,5,9,0.9272124484159221
5,4,9,NaN
6,3,9,0.7448798590570943
7,2,9,NaN
3,6,9,0.18348414923983342
6,3,9,0.31538291069709495
1,8,9,NaN
7,2,9,NaN
3,6,9,NaN
8,1,9,NaN
6,3,9,NaN
7,2,9,NaN
8,1,9,NaN
5,4,9,0.631220773570296
5,4,9,0.005477633170129787
8,1,9,NaN
4,5,9,NaN
6,3,9,NaN
3,6,9,NaN
8,1,9,NaN
7,2,9,NaN
7,2,9,0.31538291069709495
6,3,9,NaN
7,2,9,NaN
7,2,9,0.3557510427918548
7,2,9,NaN
5,4,9,NaN
2,7,9,NaN
5,4,9,0.4283246995169046
8,1,9,0.12609489334674728
7,2,9,0.8006696868167401
7,2,9,NaN
6,3,9,0.8682181956327426
7,2,9,0.8006696868167401
9,0,9,0.0630282359819421
4,5,9,0.03592078018133104
7,2,9,0.7726517314264018
2,7,9,0.0630282359819421
5,4,9,0.011335119107957231
6,3,9,0.8006696868167401
4,5,9,NaN
5,4,9,0.8652322931034484
6,3,9,0.04063232888131092
7,2,9,0.9001259164326818
4,5,9,0.08238703610652312
1,8,9,0.9861063726097309
8,1,9,0.49543559874771725
5,4,9,0.8827570506600473
1,8,9,0.9137791798943785
8,1,9,0.31538291069709495
7,2,9,0.631220773570296
5,4,9,NaN
1,8,9,NaN
7,2,9,0.13695747655435897
5,4,9,0.15938727449707998
7,2,9,0.7580966951058977
5,4,9,0.8827570506600473
6,3,9,NaN
6,3,9,0.31538291069709495
7,2,9,0.9001259164326818
4,5,9,NaN
7,2,9,0.3324741337663371
6,3,9,0.9137791798943785
9,0,9,NaN
8,1,9,NaN
9,0,9,0.8006696868167401
5,4,9,NaN
1,8,9,NaN
3,6,9,0.9493033010224405
3,6,9,NaN
9,0,9,0.7726517314264018
8,1,9,0.4687423566214028
7,2,9,NaN
5,4,9,0.5407509450331557
6,3,9,0.04531425270758149
4,5,9,NaN
4,5,9,0.8232894008336689
2,7,9,NaN
8,1,9,NaN
6,3,9,NaN
3,6,9,0.02787455723542097
6,3,9,NaN
9,0,9,0.8756397940224228
4,5,9,NaN
5,4,9,0.7484458219042898
5,4,9,0.15938727449707998
7,2,9,NaN
7,2,9,0.7092033041123709
4,5,9,NaN
7,2,9,NaN
6,3,9,NaN
3,6,9,NaN
6,3,9,NaN
3,6,9,NaN
8,1,9,0.7244442832767338
2,7,9,0.7423423413009405
5,4,9,0.00026415215255521827
4,5,9,0.94918444063969
8,1,9,0.11735031057960332
8,1,9,0.4475557477195245
1,8,9,0.5417209770628222
5,4,9,0.46322471060059833
9,0,9,NaN
4,5,9,NaN
5,4,9,0.07361819104140599
4,5,9,0.15938727449707998
8,1,9,0.24290906152647984
5,4,9,NaN
4,5,9,0.19296280368719512
7,2,9,0.7423423413009405
3,6,9,NaN
7,2,9,0.0630282359819421
8,1,9,NaN
7,2,9,0.6784846194690077
6,3,9,0.007349342594627595
6,3,9,0.0924971579505958
3,6,9,0.01631725830624874
5,4,9,0.8450772854630715
5,4,9,0.7726517314264018
5,4,9,0.7834008626532678
4,5,9,NaN
8,1,9,NaN
7,2,9,0.07361819104140599
4,5,9,NaN
7,2,9,0.01602171034670792
8,1,9,NaN
5,4,9,0.18348414923983342
6,3,9,0.053556438906752275
8,1,9,NaN
5,4,9,NaN
7,2,9,0.08612589160650815
4,5,9,NaN
5,4,9,0.15938727449707998
6,3,9,NaN
3,6,9,0.5417209770628222
7,2,9,0.631220773570296
5,4,9,NaN
4,5,9,NaN
5,4,9,NaN
4,5,9,NaN
4,5,9,0.5180838030620013
1,8,9,0.10032275229784271
8,1,9,0.7092033041123709
2,7,9,NaN
8,1,9,NaN
4,5,9,0.49543559874771725
8,1,9,0.3557510427918548
1,8,9,0.15474816799439012
4,5,9,0.9388267549449215
6,3,9,0.6717661875924231
5,4,9,0.5865196674031864
8,1,9,NaN
7,2,9,NaN
6,3,9,NaN
8,1,9,NaN
4,5,9,NaN
1,8,9,NaN
3,6,9,0.9999025693857153
5,4,9,0.6897954437884392
5,4,9,0.18348414923983342
7,2,9,0.7758787436037647
6,3,9,0.9663500458367166
4,5,9,0.8450772854630715
3,6,9,0.051085957214490704
1,8,9,0.2424682504764655
8,1,9,0.10032275229784271
4,5,9,0.3936412227352208
6,3,9,NaN
1,8,9,0.5865196674031864
7,2,9,0.016907679716365743
6,3,9,0.5865196674031864
3,6,9,0.3511401866766142
5,4,9,NaN
4,5,9,0.054377528260696036
4,5,9,0.10032275229784271
7,2,9,0.19159711197536944
5,4,9,NaN
7,2,9,NaN
2,7,9,0.631220773570296
1,8,9,0.0630282359819421
6,3,9,0.9590286414731528
7,2,9,0.9828950801648408
7,2,9,NaN
7,2,9,0.5865196674031864
3,6,9,0.006911755538208999
8,1,9,0.9873075474078669
6,3,9,NaN
1,8,9,0.0021960474306923065
5,4,9,NaN
3,6,9,NaN
7,2,9,NaN
6,3,9,NaN
3,6,9,0.03738759444901054
5,4,9,0.7092033041123709
3,6,9,0.7092033041123709
3,6,9,0.8095945504059001
7,2,9,0.8006696868167401
5,4,9,NaN
5,4,9,NaN
3,6,9,0.2954562226479242
5,4,9,NaN
5,4,9,0.8652322931034484
4,5,9,0.5865196674031864
5,4,9,0.4011103777394731
5,4,9,0.8407920274263613
2,7,9,NaN
4,5,9,0.9137791798943785
3,6,9,0.6717661875924231
8,1,9,8.048308954289601e-5
6,3,9,0.5479734552147292
2,7,9,0.6127253479327994
5,4,9,0.7726517314264018
1,8,9,0.8827570506600473
3,6,9,0.4155618969404342
4,5,9,NaN
6,3,9,NaN
2,7,9,0.4475557477195245
4,5,9,0.11735031057960332
7,2,9,NaN
5,4,9,0.31538291069709495
5,4,9,NaN
4,5,9,0.08612589160650815
2,7,9,NaN
1,8,9,NaN
2,7,9,NaN
1,8,9,NaN
8,1,9,NaN
4,5,9,0.13695747655435897
2,7,9,0.34499476950050256
3,6,9,NaN
5,4,9,0.048725772866065754
6,3,9,0.5823623896000979
8,1,9,0.65475266498511
1,8,9,0.8450772854630715
2,7,9,NaN
6,3,9,0.011335119107957231
9,0,9,0.6717661875924231
5,4,9,0.5417209770628222
8,1,9,0.13695747655435897
7,2,9,NaN
6,3,9,0.5417209770628222
6,3,9,0.11210243637512679
4,5,9,0.12674117884567923
6,3,9,0.4011103777394731
6,3,9,NaN
2,7,9,0.31834874394430074
7,2,9,0.010554511513251322
5,4,9,0.9642327956367754
2,7,9,NaN
4,5,9,NaN
4,5,9,NaN
7,2,9,0.26265863600575173
2,7,9,NaN
5,4,9,NaN
5,4,9,0.41835226034965833
6,3,9,NaN
4,5,9,0.8293490681927035
4,5,9,0.5491099842322958
3,6,9,0.24290906152647984
8,1,9,NaN
8,1,9,0.8652322931034484
3,6,9,0.030758156819904358
2,7,9,NaN
5,4,9,NaN
3,6,9,0.7423423413009405
7,2,9,NaN
8,1,9,NaN
4,5,9,0.22333937927903866
5,4,9,0.31538291069709495
8,1,9,0.31538291069709495
7,2,9,0.13695747655435897
7,2,9,0.5865196674031864
2,7,9,NaN
1,8,9,NaN
1,8,9,0.31538291069709495
7,2,9,0.31538291069709495
6,3,9,0.13695747655435897
2,7,9,0.7243576623550703
1,8,9,0.9406183717573664
4,5,9,0.31538291069709495
2,7,9,NaN
4,5,9,0.7935477201410412
6,3,9,0.7726517314264018
5,4,9,NaN
1,8,9,0.8006696868167401
4,5,9,NaN
1,8,9,NaN
3,6,9,NaN
2,7,9,NaN
1,8,9,NaN
1,8,9,NaN
4,5,9,NaN
2,7,9,0.07679849711397702
5,4,9,NaN
8,1,9,0.7423423413009405
3,6,9,0.4475557477195245
5,4,9,NaN
9,0,9,0.7770885885897552
4,5,9,0.39240048784992326
2,7,9,NaN
1,8,9,NaN
1,8,9,0.04606692973227247
2,7,9,NaN
5,4,9,0.6717661875924231
4,5,9,0.9272124484159221
4,5,9,NaN
7,2,9,NaN
4,5,9,NaN
6,3,9,NaN
3,6,9,0.23749076520515447
1,8,9,NaN
4,5,9,0.631220773570296
1,8,9,0.3557510427918548
3,6,9,0.8672028944838255
5,4,9,0.08612589160650815
3,6,9,NaN
5,4,9,0.7433590367901758
5,4,9,NaN
7,2,9,NaN
4,5,9,NaN
1,8,9,NaN
5,4,9,0.13695747655435897
5,4,9,0.10032275229784271
5,4,9,0.055019965025258535
2,7,9,NaN
3,6,9,NaN
6,3,9,3.021276425056406e-7
1,8,9,NaN
2,7,9,0.0883848447881876
2,7,9,0.002055163244283766
1,8,9,0.0316208399640064
1,8,9,NaN
4,5,9,NaN
4,5,9,NaN
3,6,9,0.17341080332093392
5,4,9,NaN
9,0,9,NaN
5,4,9,0.9394569650180941
6,3,9,NaN
3,6,9,0.03374157613982289
6,3,9,0.3257757903334994
4,5,9,0.9663500458367166
3,6,9,NaN
1,8,9,0.469883223005602
1,8,9,NaN
6,3,9,NaN
1,8,9,0.8450772854630715
1,8,9,NaN
1,8,9,NaN
4,5,9,0.5417209770628222
3,6,9,NaN
1,8,9,NaN
3,6,9,NaN
6,3,9,NaN
4,5,9,0.009325005405405363
5,4,9,NaN
1,8,9,NaN
4,5,9,0.003667812051649711
1,8,9,0.10528657409123422
1,8,9,0.13204032223466414
1,8,9,NaN
4,5,9,0.545442080694089
2,7,9,0.38411860542828025
6,3,9,NaN
4,5,9,NaN
1,8,9,0.21185071034975703
2,7,9,NaN
2,7,9,0.045129904099518475
5,4,9,NaN
3,6,9,NaN
1,8,9,NaN
1,8,9,NaN
4,5,9,0.11735031057960332
1,8,9,NaN
2,7,9,NaN
3,6,9,NaN
1,8,9,0.003535022127313548
1,8,9,0.37872944552567545
1,8,9,0.21484698166505767
7,2,9,0.9137791798943785
8,1,9,0.3557510427918548
1,8,9,0.3769145081433092
4,5,9,0.9733084005106692
3,6,9,NaN
1,8,9,NaN
1,8,9,0.4919140719713516
3,6,9,NaN
1,8,9,0.7866523465387082
1,8,9,NaN
3,6,9,0.6516169525146253
1,8,9,NaN
1,8,9,NaN
5,4,9,0.49543559874771725
1,8,9,NaN
4,5,9,0.4011103777394731
1,8,9,0.31538291069709495
4,5,9,0.08934560317390572
2,7,9,0.7722756456000196
1,8,9,NaN
4,5,9,NaN
1,8,9,0.5737458270684518
5,4,9,0.6552277458106822
3,6,9,0.350543904286381
2,7,9,0.8237080657963236
4,5,9,0.9045471222061193
1,8,9,0.7279580285776456
2,7,9,NaN
3,6,9,0.13695747655435897
4,5,9,0.8450772854630715
1,8,9,NaN
3,6,9,0.4475557477195245
1,8,9,NaN
1,8,9,0.7906123531705567
1,8,9,NaN
3,6,9,0.17239957638594303
8,1,9,0.15938727449707998
1,8,9,NaN
2,7,9,NaN
2,7,9,NaN
1,8,9,NaN
1,8,9,NaN
3,6,9,NaN
1,8,9,0.8101699123774138
1,8,9,NaN
1,8,9,0.18108487080819005
2,7,9,0.49543559874771725
3,6,9,0.1943420907405301
1,8,9,0.032027551968309746
1,8,9,0.9101104711790243
1,8,9,NaN
2,7,9,NaN
2,7,9,NaN
1,8,9,NaN
2,7,9,0.8681507180176049
1,8,9,0.4694629602556395
1,8,9,0.03831329598506057
3,6,9,0.3557510427918548
1,8,9,0.21185071034975703
1,8,9,NaN
2,7,9,NaN
1,8,9,0.014521816806637371
2,7,9,0.545442080694089
1,8,9,0.6190060749693063
1,8,9,0.11735031057960332
2,7,9,NaN
1,8,9,0.49543559874771725
1,8,9,NaN
5,4,9,0.2783692877527476
1,8,9,0.7092033041123709
1,8,9,NaN
1,8,9,NaN
1,8,9,NaN
1,8,9,NaN
1,8,9,NaN
1,8,9,0.17385413131995112
1,8,9,0.1557000446926056
1,8,9,0.3557510427918548
1,8,9,0.10032275229784271
0,9,9,0.6078036258336132
0,9,9,NaN
0,9,9,0.17239957638594303
0,9,9,NaN
0,9,9,0.02682098842714307
0,9,9,0.8652322931034484
0,9,9,0.08612589160650815
0,9,9,NaN
0,9,9,0.631220773570296
0,9,9,0.020749039755711515
0,9,9,NaN
0,9,9,NaN
0,9,9,0.8006696868167401
0,9,9,NaN
0,9,9,NaN
0,9,9,NaN
0,9,9,0.5865196674031864
0,9,9,NaN
0,9,9,0.5183374556419776
0,9,9,NaN
0,9,9,0.9493033010224405
0,9,9,NaN
0,9,9,0.7726517314264018
0,9,9,NaN
0,9,9,0.9841738135856081
0,9,9,0.7726517314264018
0,9,9,0.31538291069709495
0,9,9,0.8896292681586132
0,9,9,NaN
0,9,9,NaN
0,9,9,NaN
0,9,9,NaN
0,9,9,0.9916966421839661
0,9,9,NaN
0,9,9,0.869705116604009
0,9,9,NaN
0,9,9,0.7677958265321033
0,9,9,0.22498386269722465
0,9,9,NaN
0,9,9,NaN
0,9,9,NaN
0,9,9,NaN
0,9,9,NaN
0,9,9,NaN
0,9,9,NaN
0,9,9,NaN
0,9,9,NaN
0,9,9,NaN
0,9,9,0.5828674719933252
0,9,9,NaN
0,9,9,NaN
0,9,9,0.4810476269387019
0,9,9,NaN
0,9,9,0.4475557477195245
0,9,9,NaN
0,9,9,NaN
0,9,9,NaN
0,9,9,0.5417209770628222
0,9,9,NaN
0,9,9,NaN
0,9,9,0.8006696868167401
0,9,9,NaN
0,9,9,NaN
0,9,9,NaN
0,9,9,NaN
0,9,9,0.6357245542170192
0,9,9,0.03831329598506057
0,9,9,0.6386796318110681
0,9,9,0.7448798590570943
0,9,9,NaN
0,9,9,0.49543559874771725
0,9,9,NaN
0,9,9,NaN
0,9,9,NaN
0,9,9,NaN
0,9,9,NaN
0,9,9,NaN
0,9,9,NaN
0,9,9,NaN
0,9,9,0.7726517314264018
0,9,9,NaN
0,9,9,0.5417209770628222
0,9,9,0.5417209770628222
0,9,9,NaN
0,9,9,NaN
0,9,9,0.24290906152647984
0,9,9,NaN
0,9,9,NaN
0,9,9,NaN
0,9,9,NaN
0,9,9,0.3557510427918548
0,9,9,0.2494557729056143
0,9,9,NaN
0,9,9,NaN
0,9,9,NaN
0,9,9,NaN
0,9,9,0.8450772854630715
0,9,9,0.6386796318110681
0,9,9,NaN
0,9,9,0.31538291069709495
0,9,9,0.8827570506600473
0,9,9,0.631220773570296
0,9,9,0.676160798651499
0,9,9,NaN
0,9,9,NaN
0,9,9,NaN
0,9,9,NaN
0,9,9,NaN
0,9,9,NaN
0,9,9,NaN
0,9,9,0.9813956792069728
0,9,9,NaN
0,9,9,NaN
0,9,9,NaN
0,9,9,NaN
5,3,8,NaN
7,1,8,NaN
6,2,8,NaN
6,2,8,NaN
6,2,8,NaN
5,3,8,0.4475557477195245
8,0,8,0.6386796318110681
6,2,8,0.8006696868167401
7,1,8,0.7726517314264018
5,3,8,0.9590286414731528
4,4,8,NaN
8,0,8,NaN
4,4,8,0.3557510427918548
6,2,8,NaN
6,2,8,0.0005073113644981881
3,5,8,0.02787455723542097
6,2,8,NaN
4,4,8,NaN
6,2,8,NaN
6,2,8,0.9004333563474045
7,1,8,0.7092033041123709
5,3,8,0.14299946657965704
6,2,8,0.7092033041123709
8,0,8,NaN
4,4,8,0.4011103777394731
7,1,8,0.0001492205218188628
7,1,8,NaN
3,5,8,0.2783692877527476
8,0,8,NaN
7,1,8,0.6547439511859406
6,2,8,NaN
5,3,8,NaN
4,4,8,0.8120853917993482
6,2,8,NaN
7,1,8,NaN
2,6,8,NaN
4,4,8,0.5417209770628222
6,2,8,0.9001259164326818
7,1,8,NaN
7,1,8,0.5865196674031864
5,3,8,0.9663500458367166
6,2,8,NaN
7,1,8,NaN
6,2,8,0.7580966951058977
5,3,8,0.9663500458367166
3,5,8,NaN
7,1,8,NaN
6,2,8,0.09978241842557133
7,1,8,0.07361819104140599
8,0,8,0.24290906152647984
2,6,8,NaN
5,3,8,0.631220773570296
6,2,8,0.4475557477195245
4,4,8,0.15938727449707998
5,3,8,0.8237080657963236
6,2,8,0.4011103777394731
8,0,8,0.8867216875884179
8,0,8,0.18348414923983342
7,1,8,0.7726517314264018
4,4,8,0.21888829582425295
7,1,8,NaN
3,5,8,NaN
6,2,8,NaN
5,3,8,0.1543705926232434
6,2,8,NaN
8,0,8,0.21185071034975703
1,7,8,0.2714976848618461
6,2,8,NaN
3,5,8,0.032853775051729074
4,4,8,0.5865196674031864
6,2,8,0.31538291069709495
7,1,8,0.10032275229784271
8,0,8,NaN
6,2,8,NaN
6,2,8,NaN
5,3,8,0.23552307669141448
1,7,8,0.997665829571106
8,0,8,0.2942871780591215
5,3,8,NaN
6,2,8,NaN
5,3,8,0.8652322931034484
6,2,8,0.8827570506600473
6,2,8,0.04531425270758149
7,1,8,0.8450772854630715
5,3,8,NaN
5,3,8,0.34729379856962467
7,1,8,NaN
8,0,8,NaN
5,3,8,0.883594133467076
4,4,8,0.8652322931034484
8,0,8,0.4475557477195245
8,0,8,0.9789190809366978
4,4,8,NaN
7,1,8,0.4475557477195245
8,0,8,NaN
7,1,8,0.18348414923983342
8,0,8,0.9394569650180941
7,1,8,NaN
2,6,8,0.7423423413009405
6,2,8,0.11735031057960332
5,3,8,0.49543559874771725
7,1,8,0.9916966421839661
6,2,8,0.08612589160650815
8,0,8,0.943593748623269
6,2,8,0.8006696868167401
5,3,8,NaN
4,4,8,NaN
6,2,8,0.2954562226479242
8,0,8,0.8450772854630715
6,2,8,0.8450772854630715
5,3,8,0.33289911354390594
7,1,8,0.7722756456000196
7,1,8,NaN
6,2,8,0.34117257317291055
5,3,8,NaN
6,2,8,0.5417209770628222
4,4,8,0.24290906152647984
7,1,8,NaN
5,3,8,0.11034610818080706
7,1,8,0.31182217031339193
8,0,8,0.734368795276069
7,1,8,NaN
5,3,8,0.7092033041123709
5,3,8,NaN
4,4,8,0.008891624123104661
8,0,8,0.40428033014290043
5,3,8,0.03831329598506057
6,2,8,0.19472917649073473
6,2,8,0.6034053153223242
6,2,8,0.950098641213307
3,5,8,0.31538291069709495
7,1,8,0.03831329598506057
7,1,8,0.2783692877527476
4,4,8,0.5750423213922355
8,0,8,NaN
8,0,8,0.21185071034975703
7,1,8,0.4011103777394731
5,3,8,0.2131460824154702
4,4,8,0.01709510833215027
8,0,8,0.8237080657963236
5,3,8,0.032853775051729074
8,0,8,0.5417209770628222
5,3,8,0.5463430627881201
6,2,8,NaN
7,1,8,0.04531425270758149
5,3,8,0.5857516923617131
3,5,8,NaN
8,0,8,NaN
5,3,8,NaN
5,3,8,NaN
5,3,8,NaN
7,1,8,0.3557510427918548
3,5,8,0.003404124220755101
3,5,8,0.08612589160650815
7,1,8,0.5491099842322958
6,2,8,0.9721398136385131
7,1,8,0.49680201880863273
6,2,8,0.13695747655435897
8,0,8,NaN
8,0,8,0.053556438906752275
6,2,8,0.5732667899725651
6,2,8,0.2954562226479242
8,0,8,0.0630282359819421
8,0,8,NaN
7,1,8,0.8827570506600473
5,3,8,0.24726923726277822
8,0,8,NaN
6,2,8,NaN
2,6,8,NaN
8,0,8,NaN
5,3,8,0.24290906152647984
5,3,8,NaN
4,4,8,NaN
3,5,8,0.5042999045438985
7,1,8,NaN
7,1,8,NaN
6,2,8,NaN
4,4,8,0.6802064442690983
3,5,8,NaN
3,5,8,0.1525882415507564
7,1,8,0.10032275229784271
6,2,8,NaN
4,4,8,0.19071181682797017
6,2,8,0.8237080657963236
7,1,8,0.6417181726202376
6,2,8,0.11735031057960332
4,4,8,0.007233545447707168
2,6,8,0.546152762799012
6,2,8,0.8652322931034484
2,6,8,0.18348414923983342
6,2,8,0.009348494703107476
5,3,8,NaN
6,2,8,0.631220773570296
5,3,8,0.7726517314264018
5,3,8,0.6355480316295123
4,4,8,NaN
7,1,8,0.08612589160650815
6,2,8,0.2634691430303058
4,4,8,0.8450772854630715
7,1,8,NaN
6,2,8,0.023437746643316073
1,7,8,0.4475557477195245
7,1,8,NaN
8,0,8,NaN
6,2,8,NaN
4,4,8,0.9137791798943785
5,3,8,0.5865196674031864
2,6,8,NaN
8,0,8,0.9272124484159221
6,2,8,0.5865196674031864
7,1,8,0.0651005973923332
7,1,8,NaN
3,5,8,NaN
7,1,8,NaN
4,4,8,0.0019397943444730912
7,1,8,NaN
4,4,8,0.7433590367901758
4,4,8,0.022349246986561197
5,3,8,0.19946922082953447
8,0,8,NaN
6,2,8,0.8006696868167401
4,4,8,0.7423423413009405
5,3,8,NaN
6,2,8,0.04434755788929772
5,3,8,0.8006696868167401
5,3,8,0.9958912022525944
6,2,8,0.793850079377916
6,2,8,NaN
4,4,8,NaN
6,2,8,0.7726517314264018
6,2,8,NaN
7,1,8,NaN
4,4,8,0.007349342594627595
7,1,8,NaN
1,7,8,NaN
8,0,8,0.4011103777394731
5,3,8,0.8827570506600473
1,7,8,NaN
2,6,8,0.7726517314264018
4,4,8,0.4759859066755086
4,4,8,0.5572941412899695
6,2,8,0.49543559874771725
7,1,8,NaN
3,5,8,0.24914250210284752
5,3,8,NaN
8,0,8,0.7433590367901758
5,3,8,0.15938727449707998
5,3,8,0.49543559874771725
7,1,8,NaN
7,1,8,NaN
7,1,8,0.4759859066755086
4,4,8,1.2995688641854426e-5
4,4,8,NaN
4,4,8,0.5865196674031864
6,2,8,0.3557510427918548
5,3,8,0.3557510427918548
6,2,8,NaN
8,0,8,0.7722756456000196
8,0,8,NaN
6,2,8,0.8006696868167401
5,3,8,0.0023538845867990448
8,0,8,0.6078036258336132
7,1,8,NaN
8,0,8,0.07762890434825223
5,3,8,0.03831329598506057
6,2,8,0.7092033041123709
5,3,8,0.31538291069709495
6,2,8,NaN
2,6,8,NaN
6,2,8,NaN
8,0,8,0.0630282359819421
7,1,8,NaN
7,1,8,0.05262824611137984
5,3,8,0.21492972441414657
5,3,8,0.29847576848684493
8,0,8,0.032853775051729074
3,5,8,0.13695747655435897
4,4,8,0.3557510427918548
5,3,8,0.9467672437056064
6,2,8,0.8393032107189764
6,2,8,NaN
5,3,8,NaN
5,3,8,0.7929338376315631
7,1,8,0.8450772854630715
4,4,8,0.4011103777394731
4,4,8,0.7811680378186527
7,1,8,NaN
3,5,8,0.3496695889008658
7,1,8,0.5865196674031864
6,2,8,0.21185071034975703
5,3,8,NaN
8,0,8,0.08612589160650815
6,2,8,0.31538291069709495
7,1,8,0.9001259164326818
8,0,8,0.07361819104140599
5,3,8,NaN
8,0,8,NaN
7,1,8,NaN
5,3,8,0.03336985707435324
6,2,8,NaN
5,3,8,0.5417209770628222
4,4,8,0.545442080694089
7,1,8,NaN
8,0,8,NaN
7,1,8,0.8450772854630715
8,0,8,NaN
7,1,8,0.17819371192313782
8,0,8,0.2221151235262964
6,2,8,0.3437148151943971
2,6,8,0.9653070408024775
6,2,8,0.9272124484159221
7,1,8,0.7739402109900747
7,1,8,NaN
6,2,8,0.7092033041123709
6,2,8,NaN
5,3,8,NaN
6,2,8,NaN
4,4,8,0.29985874540037705
4,4,8,0.07779311064755545
5,3,8,0.4405538722189485
6,2,8,0.21185071034975703
4,4,8,0.03831329598506057
4,4,8,0.21185071034975703
6,2,8,NaN
6,2,8,0.11735031057960332
5,3,8,NaN
4,4,8,0.40159073772886
7,1,8,NaN
3,5,8,0.0011479411764696121
5,3,8,NaN
5,3,8,NaN
8,0,8,0.9001259164326818
3,5,8,NaN
4,4,8,NaN
4,4,8,0.49282720706867394
8,0,8,0.7092033041123709
7,1,8,NaN
5,3,8,NaN
8,0,8,0.33620670745215453
7,1,8,0.5417209770628222
7,1,8,0.447924875167798
6,2,8,0.03831329598506057
6,2,8,0.026273082808226333
6,2,8,NaN
5,3,8,0.9272124484159221
6,2,8,0.053556438906752275
3,5,8,0.8652322931034484
7,1,8,0.3557510427918548
7,1,8,0.3233396521022769
4,4,8,0.19472917649073473
4,4,8,NaN
4,4,8,0.22986855794650582
6,2,8,0.24290906152647984
6,2,8,0.12172418835447936
4,4,8,0.2494557729056143
6,2,8,NaN
6,2,8,NaN
5,3,8,0.11735031057960332
6,2,8,NaN
7,1,8,0.49543559874771725
5,3,8,0.7092033041123709
7,1,8,NaN
3,5,8,0.9001259164326818
6,2,8,NaN
7,1,8,0.7726517314264018
7,1,8,NaN
3,5,8,0.5865196674031864
8,0,8,NaN
4,4,8,0.011379413407273286
5,3,8,0.9394569650180941
6,2,8,NaN
6,2,8,0.9272124484159221
6,2,8,NaN
8,0,8,0.3557510427918548
6,2,8,NaN
4,4,8,NaN
7,1,8,0.8827570506600473
6,2,8,0.9802393134028371
5,3,8,NaN
3,5,8,NaN
2,6,8,0.631220773570296
6,2,8,0.3892404650973566
5,3,8,NaN
6,2,8,NaN
5,3,8,0.8827570506600473
4,4,8,0.6913177134149041
5,3,8,0.04531425270758149
7,1,8,NaN
5,3,8,0.9272124484159221
6,2,8,NaN
6,2,8,NaN
8,0,8,NaN
7,1,8,0.11649558320498266
2,6,8,0.10032275229784271
5,3,8,NaN
6,2,8,0.9394569650180941
7,1,8,0.3892404650973566
5,3,8,NaN
8,0,8,0.2783692877527476
8,0,8,NaN
6,2,8,0.19820406815208724
7,1,8,0.8450772854630715
8,0,8,0.05232929073259701
7,1,8,NaN
6,2,8,NaN
4,4,8,NaN
4,4,8,0.11735031057960332
4,4,8,NaN
6,2,8,NaN
6,2,8,NaN
4,4,8,0.2942871780591215
6,2,8,NaN
6,2,8,0.10032275229784271
4,4,8,NaN
3,5,8,NaN
3,5,8,0.4144725532144906
6,2,8,NaN
6,2,8,0.9733084005106692
5,3,8,NaN
5,3,8,0.1871351859144286
6,2,8,0.15938727449707998
6,2,8,NaN
4,4,8,0.2783692877527476
6,2,8,NaN
7,1,8,0.6453711054401953
6,2,8,0.49543559874771725
7,1,8,0.003667812051649711
4,4,8,0.8006696868167401
8,0,8,0.7092033041123709
8,0,8,0.10929612244243982
5,3,8,0.8237080657963236
5,3,8,0.21185071034975703
1,7,8,NaN
7,1,8,0.4398705400517341
7,1,8,NaN
5,3,8,2.91305021323373e-7
7,1,8,0.21185071034975703
6,2,8,NaN
7,1,8,0.11735031057960332
6,2,8,NaN
7,1,8,0.15342113525881537
6,2,8,0.5180838030620013
3,5,8,NaN
6,2,8,NaN
6,2,8,NaN
7,1,8,NaN
4,4,8,0.04531425270758149
7,1,8,0.3557510427918548
5,3,8,0.9736317781747045
5,3,8,0.3557510427918548
6,2,8,0.007634563417277496
6,2,8,NaN
6,2,8,0.9137791798943785
6,2,8,0.5865196674031864
2,6,8,0.01384068834559692
7,1,8,NaN
7,1,8,NaN
8,0,8,0.8338164837817665
5,3,8,NaN
7,1,8,NaN
6,2,8,0.49543559874771725
7,1,8,NaN
7,1,8,0.6424149571665142
7,1,8,0.49543559874771725
8,0,8,0.5847567171990724
6,2,8,0.4037339892249959
5,3,8,0.546152762799012
4,4,8,NaN
5,3,8,0.9001259164326818
6,2,8,NaN
8,0,8,NaN
6,2,8,0.032853775051729074
2,6,8,0.08612589160650815
5,3,8,0.42693333788924814
5,3,8,NaN
3,5,8,NaN
8,0,8,0.3557510427918548
4,4,8,NaN
8,0,8,0.32147936976428176
5,3,8,NaN
4,4,8,0.0630282359819421
8,0,8,0.7726517314264018
5,3,8,0.4786101457863796
5,3,8,NaN
6,2,8,0.9137791798943785
6,2,8,0.08612589160650815
6,2,8,0.6717661875924231
7,1,8,0.31538291069709495
7,1,8,NaN
5,3,8,0.4011103777394731
6,2,8,0.21185071034975703
5,3,8,NaN
5,3,8,NaN
5,3,8,0.8450772854630715
5,3,8,0.15938727449707998
5,3,8,NaN
8,0,8,NaN
7,1,8,NaN
5,3,8,NaN
8,0,8,0.6208747285706957
7,1,8,0.6702125184631231
5,3,8,NaN
8,0,8,0.3557510427918548
8,0,8,NaN
3,5,8,NaN
6,2,8,0.032853775051729074
4,4,8,0.49543559874771725
8,0,8,0.7423423413009405
6,2,8,NaN
6,2,8,NaN
6,2,8,0.31538291069709495
8,0,8,NaN
6,2,8,0.032853775051729074
6,2,8,NaN
7,1,8,NaN
4,4,8,0.631220773570296
6,2,8,0.94918444063969
7,1,8,NaN
4,4,8,0.40731973414821104
5,3,8,NaN
6,2,8,0.7722756456000196
5,3,8,0.5417209770628222
8,0,8,0.8827570506600473
8,0,8,0.7092033041123709
6,2,8,NaN
7,1,8,0.014070979102141426
7,1,8,0.5178782608538058
5,3,8,NaN
7,1,8,0.10260864427713949
6,2,8,0.0022826200458526875
5,3,8,0.24290906152647984
6,2,8,0.34117257317291055
6,2,8,NaN
6,2,8,0.005788065073537284
8,0,8,NaN
5,3,8,0.04737708089887881
5,3,8,NaN
7,1,8,0.6386796318110681
5,3,8,0.662803924606588
6,2,8,0.3223493429257541
6,2,8,NaN
4,4,8,0.9493033010224405
7,1,8,0.10851478067009789
5,3,8,0.6764373541299282
2,6,8,NaN
5,3,8,0.5491099842322958
3,5,8,NaN
3,5,8,NaN
3,5,8,0.32135031818130005
5,3,8,0.5766098469479259
6,2,8,NaN
2,6,8,0.9394569650180941
7,1,8,0.631220773570296
3,5,8,0.002174644490643963
4,4,8,0.8237080657963236
5,3,8,NaN
6,2,8,NaN
7,1,8,0.8450772854630715
6,2,8,NaN
4,4,8,NaN
7,1,8,NaN
7,1,8,NaN
8,0,8,0.08612589160650815
4,4,8,0.5417209770628222
7,1,8,NaN
7,1,8,NaN
8,0,8,0.9394569650180941
6,2,8,0.21185071034975703
6,2,8,0.8237080657963236
5,3,8,0.13695747655435897
4,4,8,0.9493033010224405
8,0,8,NaN
5,3,8,NaN
5,3,8,0.02337725323636905
7,1,8,0.0630282359819421
3,5,8,NaN
4,4,8,NaN
8,0,8,0.49543559874771725
5,3,8,1.0282176821717666e-5
6,2,8,NaN
4,4,8,0.2783692877527476
6,2,8,0.8492263303450983
6,2,8,0.6717661875924231
6,2,8,NaN
6,2,8,0.5417209770628222
7,1,8,0.7423423413009405
6,2,8,0.019796251803769704
7,1,8,0.10032275229784271
6,2,8,NaN
5,3,8,0.6717661875924231
8,0,8,0.1024708857825508
8,0,8,0.5683260669330484
8,0,8,0.15938727449707998
5,3,8,0.5417209770628222
5,3,8,0.631220773570296
6,2,8,0.15938727449707998
4,4,8,NaN
7,1,8,0.03831329598506057
7,1,8,NaN
7,1,8,NaN
5,3,8,0.3557510427918548
5,3,8,0.18348414923983342
3,5,8,NaN
6,2,8,0.13695747655435897
7,1,8,NaN
7,1,8,0.004410062964623328
5,3,8,0.6127253479327994
5,3,8,NaN
7,1,8,0.8450772854630715
7,1,8,NaN
4,4,8,0.8827570506600473
4,4,8,0.005243873939215935
5,3,8,NaN
6,2,8,0.4475557477195245
6,2,8,NaN
6,2,8,0.9841738135856081
5,3,8,0.314240252166281
8,0,8,0.31538291069709495
4,4,8,NaN
7,1,8,0.8237080657963236
4,4,8,NaN
6,2,8,0.08612589160650815
2,6,8,NaN
5,3,8,NaN
4,4,8,0.49543559874771725
5,3,8,NaN
7,1,8,NaN
8,0,8,NaN
7,1,8,0.9663500458367166
4,4,8,0.31538291069709495
4,4,8,NaN
7,1,8,NaN
7,1,8,0.5417209770628222
5,3,8,0.3103194978340013
7,1,8,0.4155618969404342
5,3,8,0.9590286414731528
7,1,8,NaN
8,0,8,NaN
6,2,8,NaN
4,4,8,NaN
7,1,8,0.0630282359819421
6,2,8,0.5865196674031864
3,5,8,0.31538291069709495
7,1,8,0.07941113951310827
4,4,8,0.631220773570296
7,1,8,NaN
7,1,8,NaN
5,3,8,0.10126408812822618
6,2,8,0.5865196674031864
6,2,8,NaN
6,2,8,NaN
4,4,8,0.3338702199081246
4,4,8,0.7726517314264018
8,0,8,0.9272124484159221
8,0,8,1.8848485766467632e-5
7,1,8,0.21185071034975703
8,0,8,NaN
2,6,8,0.8237080657963236
2,6,8,0.0630282359819421
5,3,8,0.8672028944838255
2,6,8,0.6547439511859406
8,0,8,0.7423423413009405
7,1,8,0.04531425270758149
4,4,8,NaN
7,1,8,0.631220773570296
4,4,8,0.3218412812076343
8,0,8,0.892330774293112
6,2,8,NaN
8,0,8,0.028849271107174373
7,1,8,0.6717661875924231
6,2,8,NaN
3,5,8,0.4475557477195245
7,1,8,0.5865196674031864
4,4,8,NaN
8,0,8,NaN
4,4,8,0.6717661875924231
6,2,8,NaN
4,4,8,NaN
7,1,8,NaN
4,4,8,0.21793114523149193
8,0,8,0.03903425320178961
4,4,8,NaN
8,0,8,NaN
8,0,8,0.6306114347567907
5,3,8,0.9272124484159221
5,3,8,0.8006696868167401
7,1,8,0.2783692877527476
5,3,8,0.7234577439877888
4,4,8,0.4011103777394731
7,1,8,0.7726517314264018
5,3,8,NaN
6,2,8,0.18348414923983342
5,3,8,0.956653261008458
7,1,8,0.31538291069709495
6,2,8,0.4011103777394731
7,1,8,0.6355271131310426
8,0,8,0.9851120546352774
5,3,8,NaN
6,2,8,NaN
6,2,8,0.8672028944838255
5,3,8,NaN
7,1,8,0.7726517314264018
3,5,8,NaN
5,3,8,0.0009745088076978728
5,3,8,0.5865196674031864
5,3,8,0.536841316280303
4,4,8,0.013362113839761791
8,0,8,0.9137791798943785
3,5,8,0.49543559874771725
3,5,8,0.662803924606588
6,2,8,0.9493033010224405
6,2,8,NaN
8,0,8,0.814209713202945
3,5,8,0.0012771181829222176
4,4,8,NaN
6,2,8,0.5417209770628222
1,7,8,0.1477886461455502
5,3,8,0.9137791798943785
8,0,8,0.03831329598506057
6,2,8,NaN
8,0,8,0.6802064442690983
4,4,8,0.13695747655435897
6,2,8,NaN
8,0,8,0.0033227796239621576
6,2,8,0.7222957705258365
5,3,8,0.8582584231019814
6,2,8,0.8006696868167401
6,2,8,0.8827570506600473
4,4,8,0.8827570506600473
6,2,8,0.8450772854630715
6,2,8,NaN
6,2,8,0.5008649244965916
5,3,8,NaN
8,0,8,NaN
7,1,8,0.8237080657963236
5,3,8,NaN
6,2,8,NaN
7,1,8,0.9001259164326818
5,3,8,0.5865196674031864
3,5,8,NaN
6,2,8,0.7092033041123709
8,0,8,0.5417209770628222
6,2,8,0.06039821603748155
5,3,8,NaN
7,1,8,NaN
7,1,8,NaN
5,3,8,0.0051653647514528205
2,6,8,NaN
5,3,8,NaN
6,2,8,0.8006696868167401
8,0,8,2.663605350285005e-5
5,3,8,0.4475557477195245
5,3,8,0.29866813569091166
4,4,8,0.5865196674031864
6,2,8,NaN
5,3,8,0.3557510427918548
7,1,8,0.5417209770628222
5,3,8,0.24290906152647984
4,4,8,NaN
4,4,8,0.9137791798943785
4,4,8,0.4475557477195245
6,2,8,0.9001259164326818
8,0,8,NaN
7,1,8,0.0306016193995903
8,0,8,NaN
7,1,8,NaN
7,1,8,0.9657544678011104
6,2,8,0.8652322931034484
7,1,8,0.15938727449707998
7,1,8,NaN
7,1,8,0.18348414923983342
6,2,8,0.3557510427918548
8,0,8,NaN
7,1,8,NaN
8,0,8,0.8006696868167401
2,6,8,NaN
6,2,8,NaN
6,2,8,0.02825632796479247
6,2,8,NaN
4,4,8,0.11735031057960332
5,3,8,NaN
3,5,8,0.1493064762187395
7,1,8,0.24290906152647984
6,2,8,0.07361819104140599
5,3,8,NaN
7,1,8,0.19707611935753971
3,5,8,NaN
7,1,8,0.04531425270758149
6,2,8,0.21484698166505767
5,3,8,0.6367616629707326
6,2,8,0.5417209770628222
5,3,8,0.4475557477195245
6,2,8,0.8006696868167401
7,1,8,0.07361819104140599
8,0,8,NaN
2,6,8,NaN
6,2,8,NaN
7,1,8,0.10032275229784271
7,1,8,NaN
6,2,8,0.5417209770628222
8,0,8,0.47185749960595624
3,5,8,0.8827570506600473
4,4,8,NaN
3,5,8,NaN
5,3,8,0.4036380926305783
3,5,8,0.12519977766350593
5,3,8,0.26182431502777886
8,0,8,0.0051653647514528205
3,5,8,NaN
7,1,8,NaN
5,3,8,0.7092033041123709
8,0,8,NaN
6,2,8,0.0630282359819421
5,3,8,NaN
6,2,8,0.18348414923983342
4,4,8,0.18348414923983342
4,4,8,0.8652322931034484
6,2,8,0.3883133911201663
6,2,8,NaN
8,0,8,0.49543559874771725
6,2,8,NaN
5,3,8,0.08612589160650815
4,4,8,NaN
6,2,8,0.997665829571106
7,1,8,NaN
4,4,8,0.004449364878835658
7,1,8,0.8450772854630715
5,3,8,NaN
6,2,8,0.032853775051729074
7,1,8,0.5264244012554558
7,1,8,0.2753683980699719
7,1,8,0.4475557477195245
6,2,8,NaN
1,7,8,0.13695747655435897
2,6,8,NaN
3,5,8,NaN
5,3,8,NaN
5,3,8,0.03002897565218359
4,4,8,0.8652322931034484
6,2,8,0.11778302376262217
7,1,8,0.7092033041123709
6,2,8,NaN
6,2,8,0.2783692877527476
6,2,8,0.9326657668111178
7,1,8,NaN
4,4,8,NaN
3,5,8,NaN
5,3,8,0.5865196674031864
7,1,8,0.4475557477195245
4,4,8,NaN
5,3,8,0.9137791798943785
3,5,8,NaN
3,5,8,0.18348414923983342
5,3,8,NaN
6,2,8,NaN
7,1,8,0.7726517314264018
6,2,8,0.8827570506600473
6,2,8,NaN
6,2,8,NaN
6,2,8,NaN
7,1,8,0.2822001821299692
5,3,8,0.7925277857155424
7,1,8,NaN
7,1,8,0.7303737933111294
3,5,8,0.8450772854630715
4,4,8,0.012093584024011722
5,3,8,0.9272124484159221
7,1,8,0.9663500458367166
6,2,8,0.10453965175886143
7,1,8,NaN
6,2,8,0.31538291069709495
3,5,8,0.07361819104140599
5,3,8,0.7906123531705567
3,5,8,NaN
3,5,8,NaN
6,2,8,NaN
4,4,8,NaN
6,2,8,0.10032275229784271
5,3,8,0.6717661875924231
8,0,8,NaN
4,4,8,NaN
7,1,8,NaN
7,1,8,NaN
4,4,8,0.07361819104140599
1,7,8,NaN
5,3,8,0.4155618969404342
6,2,8,0.4475557477195245
8,0,8,NaN
6,2,8,NaN
7,1,8,0.6127253479327994
3,5,8,0.2783692877527476
6,2,8,0.10032275229784271
7,1,8,0.5865196674031864
6,2,8,NaN
5,3,8,0.7092033041123709
6,2,8,0.4475557477195245
5,3,8,0.15938727449707998
8,0,8,0.85472980870572
8,0,8,0.12200073623889222
4,4,8,0.21185071034975703
6,2,8,0.032853775051729074
8,0,8,0.4391472934564857
7,1,8,0.053556438906752275
7,1,8,NaN
4,4,8,0.016656938369781698
6,2,8,0.6244949042952829
4,4,8,NaN
6,2,8,3.060609436285145e-5
6,2,8,0.31538291069709495
7,1,8,0.13695747655435897
6,2,8,NaN
6,2,8,NaN
7,1,8,NaN
7,1,8,0.06368355732090206
7,1,8,NaN
5,3,8,0.29847576848684493
6,2,8,0.07361819104140599
7,1,8,NaN
7,1,8,0.0004931993107402023
8,0,8,0.631220773570296
6,2,8,0.1205032423776778
7,1,8,0.9272124484159221
3,5,8,0.07361819104140599
4,4,8,0.4722743735409871
4,4,8,NaN
5,3,8,0.21185071034975703
5,3,8,NaN
5,3,8,0.04531425270758149
7,1,8,0.8827570506600473
8,0,8,NaN
4,4,8,NaN
6,2,8,NaN
7,1,8,0.631220773570296
7,1,8,0.631220773570296
5,3,8,0.21185071034975703
5,3,8,0.3557510427918548
6,2,8,0.5865196674031864
7,1,8,0.7092033041123709
6,2,8,0.0022228081557946287
8,0,8,0.06317037173545716
8,0,8,0.9590286414731528
5,3,8,0.10032275229784271
6,2,8,NaN
5,3,8,NaN
6,2,8,0.565973051072774
5,3,8,NaN
8,0,8,0.8314116697104125
3,5,8,0.053556438906752275
7,1,8,0.24290906152647984
8,0,8,0.91089910393393
3,5,8,0.22883737099162393
4,4,8,0.21185071034975703
8,0,8,0.03299019746997658
5,3,8,0.4475557477195245
6,2,8,0.3557510427918548
6,2,8,NaN
2,6,8,NaN
4,4,8,NaN
4,4,8,0.0630282359819421
8,0,8,0.10535266156618336
7,1,8,NaN
5,3,8,0.8698409175527541
5,3,8,0.5782099747879653
6,2,8,NaN
6,2,8,NaN
8,0,8,0.9394569650180941
8,0,8,NaN
8,0,8,0.05881440532941674
6,2,8,0.2783692877527476
4,4,8,0.9394569650180941
1,7,8,NaN
8,0,8,NaN
3,5,8,0.0003337935247393891
7,1,8,0.08612589160650815
6,2,8,0.31538291069709495
7,1,8,NaN
5,3,8,NaN
4,4,8,0.9365766668781353
5,3,8,0.032853775051729074
8,0,8,NaN
6,2,8,0.49543559874771725
4,4,8,0.3072441104859598
1,7,8,NaN
5,3,8,0.7826812849882073
3,5,8,NaN
6,2,8,NaN
4,4,8,0.9733084005106692
4,4,8,NaN
6,2,8,0.7349050101248953
4,4,8,0.9137791798943785
8,0,8,0.49543559874771725
8,0,8,0.5802917560236949
5,3,8,0.5865196674031864
8,0,8,0.6582344795822508
6,2,8,NaN
4,4,8,0.49543559874771725
7,1,8,NaN
6,2,8,NaN
5,3,8,0.003162931148576836
6,2,8,0.5894933050722301
4,4,8,NaN
4,4,8,0.961817746150979
6,2,8,0.4297115244541349
7,1,8,0.053556438906752275
6,2,8,NaN
3,5,8,0.31538291069709495
5,3,8,0.387050259946225
5,3,8,0.8237080657963236
6,2,8,0.2783692877527476
2,6,8,0.14299946657965704
2,6,8,0.3875457911698417
5,3,8,0.2750595555450524
5,3,8,0.28187056201444793
7,1,8,0.7726517314264018
5,3,8,NaN
6,2,8,0.9001259164326818
7,1,8,0.7092033041123709
3,5,8,NaN
5,3,8,0.24290906152647984
2,6,8,0.7423423413009405
2,6,8,0.11735031057960332
4,4,8,0.7092033041123709
4,4,8,0.8827570506600473
5,3,8,NaN
4,4,8,0.3921225773990182
7,1,8,0.12091886744826937
5,3,8,NaN
8,0,8,0.8679189613997627
8,0,8,0.9858417549799037
6,2,8,0.4475557477195245
7,1,8,NaN
6,2,8,NaN
7,1,8,NaN
6,2,8,0.3557510427918548
6,2,8,0.9272124484159221
4,4,8,NaN
7,1,8,NaN
7,1,8,0.5417209770628222
1,7,8,0.2714976848618461
6,2,8,0.5865196674031864
6,2,8,0.026435422760939128
7,1,8,0.8450772854630715
6,2,8,NaN
4,4,8,0.9493033010224405
5,3,8,NaN
7,1,8,NaN
7,1,8,NaN
6,2,8,0.13695747655435897
7,1,8,0.13695747655435897
5,3,8,NaN
7,1,8,NaN
4,4,8,NaN
4,4,8,NaN
6,2,8,NaN
7,1,8,NaN
5,3,8,0.24290906152647984
8,0,8,0.8293490681927035
7,1,8,0.7428822467027189
5,3,8,0.17356972116971547
8,0,8,0.30312125197606554
1,7,8,NaN
5,3,8,0.3557510427918548
8,0,8,NaN
6,2,8,0.24290906152647984
1,7,8,NaN
8,0,8,0.4155618969404342
4,4,8,NaN
8,0,8,NaN
6,2,8,NaN
6,2,8,0.8827570506600473
5,3,8,NaN
6,2,8,NaN
6,2,8,0.33070721322117175
6,2,8,0.013084799538945395
8,0,8,0.6006912051840948
8,0,8,0.7206816867481725
2,6,8,0.631220773570296
4,4,8,NaN
4,4,8,0.5417209770628222
5,3,8,NaN
7,1,8,0.8006696868167401
6,2,8,0.07361819104140599
3,5,8,0.032853775051729074
6,2,8,0.3953548419620197
6,2,8,0.003778269217024452
6,2,8,0.7092033041123709
4,4,8,NaN
3,5,8,0.002297840002338254
7,1,8,0.2783692877527476
7,1,8,0.023437746643316073
5,3,8,0.21185071034975703
4,4,8,0.13695747655435897
7,1,8,0.49543559874771725
6,2,8,0.09243133366692015
8,0,8,NaN
8,0,8,NaN
5,3,8,0.7092033041123709
4,4,8,NaN
7,1,8,0.1397548758838223
5,3,8,0.24443865594187517
7,1,8,0.9001259164326818
6,2,8,NaN
7,1,8,NaN
7,1,8,0.5311442229662945
4,4,8,0.07361819104140599
6,2,8,0.011335119107957231
8,0,8,NaN
3,5,8,NaN
5,3,8,0.0007254377177656897
2,6,8,0.9493033010224405
4,4,8,NaN
5,3,8,0.7092033041123709
5,3,8,NaN
6,2,8,0.892330774293112
8,0,8,0.4475557477195245
3,5,8,0.21185071034975703
2,6,8,NaN
6,2,8,0.01753780075409128
5,3,8,0.012093584024011722
7,1,8,0.032853775051729074
6,2,8,NaN
6,2,8,NaN
5,3,8,0.25745280632596673
8,0,8,0.8006696868167401
6,2,8,0.4475557477195245
4,4,8,0.4574442976738363
5,3,8,NaN
3,5,8,0.10032275229784271
5,3,8,NaN
3,5,8,NaN
5,3,8,0.24290906152647984
5,3,8,NaN
7,1,8,0.4011103777394731
7,1,8,0.9733084005106692
5,3,8,0.4475557477195245
6,2,8,NaN
2,6,8,0.4011103777394731
5,3,8,NaN
7,1,8,0.5230234281639412
6,2,8,0.21369630969567505
7,1,8,0.16062133869586234
7,1,8,NaN
7,1,8,0.08612589160650815
5,3,8,0.475189180229543
6,2,8,0.49543559874771725
6,2,8,0.5865196674031864
5,3,8,0.2687988404175689
5,3,8,0.7509736323514437
5,3,8,NaN
8,0,8,0.024100938031590143
5,3,8,1.2995688641854426e-5
8,0,8,NaN
5,3,8,0.057907436427637994
7,1,8,0.7726517314264018
7,1,8,0.009948495206473422
5,3,8,0.5417209770628222
5,3,8,0.3557510427918548
6,2,8,NaN
4,4,8,NaN
5,3,8,NaN
7,1,8,0.08612589160650815
4,4,8,NaN
7,1,8,0.8315061487692461
7,1,8,0.4155618969404342
8,0,8,0.9137791798943785
5,3,8,0.13695747655435897
3,5,8,NaN
6,2,8,0.49543559874771725
7,1,8,0.3557510427918548
5,3,8,NaN
8,0,8,NaN
7,1,8,0.4011103777394731
6,2,8,NaN
6,2,8,0.11735031057960332
7,1,8,0.9137791798943785
4,4,8,NaN
8,0,8,0.2783692877527476
7,1,8,0.019235264194226644
8,0,8,NaN
5,3,8,0.4475557477195245
3,5,8,NaN
7,1,8,0.49543559874771725
7,1,8,0.03307529944720139
6,2,8,NaN
4,4,8,0.02787455723542097
7,1,8,0.31538291069709495
6,2,8,0.4011103777394731
5,3,8,0.18348414923983342
7,1,8,0.3557510427918548
5,3,8,NaN
7,1,8,0.21185071034975703
7,1,8,0.8006696868167401
6,2,8,NaN
7,1,8,0.7092033041123709
6,2,8,0.7726517314264018
7,1,8,0.02479067418896207
7,1,8,0.3901201530147684
8,0,8,NaN
3,5,8,0.26966864706022203
8,0,8,0.24290906152647984
5,3,8,NaN
6,2,8,0.8450772854630715
7,1,8,0.8652322931034484
3,5,8,NaN
5,3,8,NaN
7,1,8,0.4011103777394731
6,2,8,0.31538291069709495
3,5,8,NaN
8,0,8,0.4011103777394731
1,7,8,NaN
6,2,8,NaN
7,1,8,0.4155618969404342
3,5,8,NaN
6,2,8,NaN
4,4,8,NaN
6,2,8,0.5417209770628222
4,4,8,NaN
5,3,8,0.9028799113244522
4,4,8,0.9272124484159221
5,3,8,0.8450772854630715
7,1,8,NaN
3,5,8,NaN
5,3,8,0.2714976848618461
6,2,8,NaN
8,0,8,0.9789190809366978
6,2,8,0.7726517314264018
6,2,8,0.0015509148358731086
5,3,8,NaN
8,0,8,0.49543559874771725
7,1,8,NaN
6,2,8,0.21185071034975703
5,3,8,0.8404169248638481
7,1,8,0.049559446744176526
7,1,8,0.9733084005106692
7,1,8,0.9001259164326818
4,4,8,0.6717661875924231
6,2,8,NaN
8,0,8,0.19056295926922487
4,4,8,0.37850561627436674
5,3,8,NaN
5,3,8,0.04225142236583336
5,3,8,0.09061241887260031
7,1,8,NaN
4,4,8,0.10035418164500329
5,3,8,NaN
5,3,8,0.6568777961458048
6,2,8,NaN
6,2,8,0.8237080657963236
4,4,8,0.2834315225973798
3,5,8,NaN
4,4,8,NaN
4,4,8,0.005359751268792051
7,1,8,0.9449861963138341
6,2,8,NaN
2,6,8,0.08123379932291548
6,2,8,0.26661851770537437
8,0,8,0.5865196674031864
8,0,8,0.03831329598506057
4,4,8,0.8827570506600473
8,0,8,0.8006696868167401
3,5,8,NaN
5,3,8,0.03831329598506057
6,2,8,0.24076794488549014
7,1,8,0.7423423413009405
3,5,8,NaN
7,1,8,0.13695747655435897
6,2,8,NaN
4,4,8,0.3783516615788594
7,1,8,NaN
5,3,8,0.48945833991568644
1,7,8,NaN
4,4,8,0.631220773570296
6,2,8,0.5865196674031864
4,4,8,0.7423423413009405
2,6,8,NaN
7,1,8,NaN
7,1,8,0.5984331673138554
3,5,8,0.07361819104140599
4,4,8,0.9272124484159221
7,1,8,0.7423423413009405
7,1,8,0.21185071034975703
5,3,8,0.32135031818130005
6,2,8,0.8450772854630715
5,3,8,NaN
7,1,8,NaN
3,5,8,NaN
4,4,8,0.49543559874771725
7,1,8,0.2783692877527476
6,2,8,0.5865196674031864
6,2,8,NaN
7,1,8,0.44962979008292353
7,1,8,0.5130345811619719
5,3,8,NaN
6,2,8,0.17961928918815778
4,4,8,NaN
6,2,8,NaN
6,2,8,0.3512069050803759
7,1,8,0.2783692877527476
4,4,8,0.6078036258336132
7,1,8,0.7129271629673517
5,3,8,NaN
7,1,8,3.907797179597991e-6
2,6,8,NaN
6,2,8,NaN
3,5,8,0.1543705926232434
6,2,8,0.1728284696123378
4,4,8,NaN
4,4,8,NaN
4,4,8,0.631220773570296
4,4,8,0.7869407257884593
5,3,8,0.15336137710701084
7,1,8,0.31538291069709495
6,2,8,0.6571730521894049
5,3,8,NaN
5,3,8,NaN
3,5,8,NaN
2,6,8,NaN
7,1,8,0.17459216537437522
3,5,8,NaN
5,3,8,0.032853775051729074
4,4,8,0.6718829133842396
6,2,8,0.032853775051729074
7,1,8,0.7514535986009501
8,0,8,NaN
6,2,8,NaN
6,2,8,0.7726517314264018
7,1,8,0.5417209770628222
5,3,8,NaN
7,1,8,NaN
6,2,8,0.3557510427918548
5,3,8,NaN
6,2,8,NaN
5,3,8,NaN
7,1,8,NaN
3,5,8,NaN
3,5,8,NaN
5,3,8,NaN
5,3,8,0.9001259164326818
5,3,8,NaN
6,2,8,0.631220773570296
2,6,8,0.0031099326942599
7,1,8,0.9001259164326818
5,3,8,0.9137791798943785
5,3,8,0.19250429450110604
1,7,8,NaN
5,3,8,0.7906123531705567
7,1,8,0.4155618969404342
6,2,8,0.8006696868167401
4,4,8,0.023437746643316073
2,6,8,0.34994204480869473
6,2,8,0.24290906152647984
7,1,8,NaN
3,5,8,NaN
4,4,8,0.4475557477195245
5,3,8,0.4011103777394731
3,5,8,3.688730703242291e-5
6,2,8,NaN
6,2,8,NaN
3,5,8,NaN
6,2,8,NaN
5,3,8,0.772701548493687
6,2,8,0.9661053455369548
5,3,8,NaN
7,1,8,NaN
7,1,8,0.6717661875924231
6,2,8,0.07679849711397702
3,5,8,NaN
5,3,8,NaN
3,5,8,0.3557510427918548
7,1,8,0.10032275229784271
5,3,8,0.8006696868167401
6,2,8,0.5865196674031864
3,5,8,0.6717661875924231
5,3,8,0.8076511550142321
4,4,8,0.07361819104140599
6,2,8,NaN
7,1,8,0.39101228905604823
1,7,8,NaN
6,2,8,NaN
8,0,8,0.8146963913440949
7,1,8,0.0005591930896375997
5,3,8,0.9394569650180941
2,6,8,NaN
7,1,8,0.3936412227352208
7,1,8,0.9001259164326818
3,5,8,0.03831329598506057
8,0,8,NaN
5,3,8,0.0630282359819421
5,3,8,0.6791534470526538
6,2,8,0.6424149571665142
4,4,8,NaN
6,2,8,0.5356673432373547
8,0,8,0.0004162171130637007
8,0,8,0.6717661875924231
4,4,8,NaN
5,3,8,0.6717661875924231
5,3,8,NaN
6,2,8,0.5865196674031864
3,5,8,0.3557510427918548
7,1,8,NaN
4,4,8,0.7264794350428607
8,0,8,NaN
1,7,8,0.007349342594627595
5,3,8,NaN
4,4,8,NaN
4,4,8,0.4475557477195245
7,1,8,0.47189888395681595
8,0,8,0.005359751268792051
1,7,8,NaN
2,6,8,NaN
3,5,8,0.4475557477195245
7,1,8,0.6717661875924231
7,1,8,0.5865196674031864
5,3,8,NaN
7,1,8,0.4111476188532943
4,4,8,NaN
3,5,8,0.7506126132473532
7,1,8,0.8006696868167401
2,6,8,NaN
7,1,8,NaN
8,0,8,0.8450772854630715
6,2,8,0.21185071034975703
2,6,8,0.9590286414731528
2,6,8,NaN
6,2,8,0.02787455723542097
5,3,8,0.7092033041123709
4,4,8,NaN
5,3,8,NaN
7,1,8,0.9733084005106692
5,3,8,0.5417209770628222
5,3,8,NaN
3,5,8,0.6127253479327994
5,3,8,NaN
2,6,8,NaN
8,0,8,NaN
8,0,8,NaN
5,3,8,NaN
6,2,8,0.4172850508587126
5,3,8,0.2783692877527476
7,1,8,NaN
5,3,8,0.20774295427201153
6,2,8,0.7092033041123709
3,5,8,0.4475557477195245
7,1,8,0.2144909145927689
4,4,8,NaN
6,2,8,NaN
7,1,8,NaN
5,3,8,NaN
7,1,8,0.24290906152647984
6,2,8,0.9137791798943785
7,1,8,NaN
5,3,8,0.21185071034975703
5,3,8,0.4011103777394731
6,2,8,0.31538291069709495
6,2,8,NaN
6,2,8,0.6717661875924231
2,6,8,0.0226066512387292
5,3,8,0.9394569650180941
6,2,8,0.6843245093468778
4,4,8,0.4475557477195245
3,5,8,0.0051653647514528205
7,1,8,NaN
4,4,8,0.053556438906752275
5,3,8,NaN
3,5,8,NaN
6,2,8,0.20797029639738798
8,0,8,0.8006696868167401
6,2,8,NaN
6,2,8,0.7092033041123709
7,1,8,NaN
2,6,8,0.9406183717573664
4,4,8,0.10032275229784271
5,3,8,NaN
5,3,8,0.15938727449707998
6,2,8,NaN
6,2,8,0.15938727449707998
5,3,8,0.055733440128265394
1,7,8,0.5865196674031864
3,5,8,NaN
8,0,8,0.18348414923983342
7,1,8,0.10032275229784271
5,3,8,0.4011103777394731
6,2,8,0.631220773570296
4,4,8,NaN
6,2,8,0.4761631564201882
1,7,8,0.24290906152647984
1,7,8,NaN
5,3,8,NaN
6,2,8,0.15938727449707998
4,4,8,0.0028788935843253277
6,2,8,NaN
4,4,8,NaN
5,3,8,0.6717661875924231
5,3,8,NaN
8,0,8,0.5417209770628222
7,1,8,NaN
6,2,8,0.45127441953439357
6,2,8,0.2783692877527476
7,1,8,NaN
4,4,8,NaN
5,3,8,0.4881062937622142
7,1,8,0.631220773570296
4,4,8,NaN
5,3,8,NaN
8,0,8,0.7092033041123709
4,4,8,0.11004266429364606
7,1,8,0.5813606764788752
6,2,8,NaN
6,2,8,0.10032275229784271
4,4,8,0.8006696868167401
6,2,8,0.49228771369491037
7,1,8,0.7169591732741559
6,2,8,0.08633489067852063
1,7,8,0.18348414923983342
4,4,8,0.7726517314264018
8,0,8,NaN
4,4,8,NaN
6,2,8,0.9885707782763422
7,1,8,0.36134505565174846
6,2,8,0.4011103777394731
8,0,8,0.15938727449707998
3,5,8,NaN
8,0,8,NaN
3,5,8,0.4475557477195245
3,5,8,NaN
7,1,8,NaN
7,1,8,NaN
4,4,8,NaN
4,4,8,0.31538291069709495
1,7,8,0.7423423413009405
4,4,8,0.023437746643316073
3,5,8,NaN
5,3,8,NaN
5,3,8,0.032853775051729074
6,2,8,0.07361819104140599
6,2,8,0.3778246016897343
8,0,8,0.5865196674031864
8,0,8,0.361594649975457
1,7,8,0.4011103777394731
4,4,8,NaN
4,4,8,NaN
4,4,8,NaN
8,0,8,NaN
6,2,8,0.07361819104140599
6,2,8,0.023437746643316073
1,7,8,0.15938727449707998
4,4,8,0.9590286414731528
6,2,8,0.8186709843606993
8,0,8,0.2783692877527476
6,2,8,0.0001888266867381713
5,3,8,NaN
6,2,8,0.3557510427918548
1,7,8,0.03831329598506057
3,5,8,0.6582344795822508
5,3,8,NaN
6,2,8,NaN
5,3,8,NaN
6,2,8,NaN
4,4,8,NaN
7,1,8,0.08612589160650815
5,3,8,NaN
4,4,8,0.8006696868167401
5,3,8,NaN
7,1,8,0.14499639323270927
3,5,8,NaN
4,4,8,0.8802899068977281
6,2,8,0.48503543797308796
5,3,8,0.7423423413009405
7,1,8,0.2486672565305148
7,1,8,0.5865196674031864
4,4,8,0.18348414923983342
6,2,8,NaN
4,4,8,0.6717661875924231
5,3,8,NaN
5,3,8,NaN
8,0,8,0.9736317781747045
7,1,8,0.01384068834559692
1,7,8,NaN
7,1,8,0.8827570506600473
8,0,8,NaN
6,2,8,0.4155618969404342
4,4,8,0.8827570506600473
7,1,8,0.1378458791371122
5,3,8,0.9663500458367166
5,3,8,NaN
6,2,8,0.33540502142773193
5,3,8,0.9272124484159221
5,3,8,0.7726517314264018
1,7,8,NaN
6,2,8,0.8827570506600473
1,7,8,NaN
4,4,8,0.2201884102051137
7,1,8,NaN
3,5,8,NaN
5,3,8,0.15938727449707998
7,1,8,NaN
5,3,8,0.08612589160650815
3,5,8,NaN
2,6,8,NaN
5,3,8,0.07361819104140599
6,2,8,0.49543559874771725
1,7,8,0.24290906152647984
3,5,8,0.032853775051729074
2,6,8,NaN
6,2,8,0.2662566548664171
5,3,8,0.6717661875924231
6,2,8,NaN
6,2,8,0.7875965616192705
7,1,8,0.24396201999859388
3,5,8,0.4898695709764037
7,1,8,0.009325005405405363
8,0,8,0.5417209770628222
8,0,8,0.7921036530766452
7,1,8,0.01272383542526474
5,3,8,0.24290906152647984
1,7,8,NaN
5,3,8,0.023437746643316073
3,5,8,0.3557510427918548
2,6,8,0.024446965023519614
3,5,8,0.5417209770628222
5,3,8,0.4475557477195245
7,1,8,0.08393888398961358
1,7,8,NaN
7,1,8,0.005113723564435851
6,2,8,0.003667812051649711
2,6,8,NaN
6,2,8,NaN
2,6,8,0.5572941412899695
6,2,8,0.49543559874771725
6,2,8,0.5417209770628222
6,2,8,0.2581101081543531
4,4,8,0.07361819104140599
6,2,8,0.5865196674031864
5,3,8,0.7726517314264018
3,5,8,NaN
6,2,8,0.8450772854630715
7,1,8,0.4011103777394731
6,2,8,0.8237080657963236
5,3,8,0.9493033010224405
6,2,8,0.9841738135856081
7,1,8,0.13695747655435897
5,3,8,0.3457924028661233
4,4,8,0.1873747736717425
6,2,8,NaN
5,3,8,NaN
7,1,8,NaN
8,0,8,NaN
7,1,8,0.4475557477195245
5,3,8,0.31538291069709495
7,1,8,0.05026223772411735
7,1,8,NaN
4,4,8,NaN
7,1,8,NaN
2,6,8,NaN
5,3,8,0.6717661875924231
5,3,8,0.13695747655435897
4,4,8,0.3657993846599159
5,3,8,NaN
5,3,8,0.03831329598506057
7,1,8,0.631220773570296
8,0,8,0.9746450669723843
6,2,8,0.9916966421839661
3,5,8,0.8450772854630715
7,1,8,0.0630282359819421
2,6,8,0.3557510427918548
4,4,8,NaN
7,1,8,NaN
3,5,8,0.02337725323636905
7,1,8,0.24290906152647984
5,3,8,0.9590286414731528
4,4,8,0.631220773570296
7,1,8,0.09585577161339616
7,1,8,NaN
6,2,8,0.631220773570296
1,7,8,NaN
1,7,8,0.13695747655435897
6,2,8,0.9733084005106692
5,3,8,NaN
5,3,8,0.21185071034975703
4,4,8,0.04690584705331417
6,2,8,0.24290906152647984
5,3,8,0.032853775051729074
4,4,8,0.7163444076846243
8,0,8,0.8450772854630715
7,1,8,0.8827570506600473
7,1,8,0.5865196674031864
6,2,8,0.164811978123913
4,4,8,0.24290906152647984
8,0,8,0.811843760890753
5,3,8,NaN
5,3,8,NaN
4,4,8,NaN
7,1,8,NaN
7,1,8,NaN
8,0,8,0.9663500458367166
7,1,8,0.1951284434387895
5,3,8,0.007901553345263846
3,5,8,NaN
3,5,8,0.0663060580575583
5,3,8,0.5865196674031864
1,7,8,0.631220773570296
5,3,8,0.9187669915600021
3,5,8,0.48012147132223465
7,1,8,0.004243052065979369
3,5,8,0.49543559874771725
2,6,8,0.8012946914753507
6,2,8,NaN
7,1,8,NaN
6,2,8,NaN
6,2,8,0.04363723380417122
7,1,8,0.11735031057960332
2,6,8,0.20797029639738798
2,6,8,NaN
5,3,8,NaN
7,1,8,0.5873343360492017
1,7,8,0.08612589160650815
5,3,8,0.003095655933344842
2,6,8,NaN
5,3,8,0.6764373541299282
5,3,8,0.9823369252596391
5,3,8,NaN
8,0,8,0.7989598867082888
4,4,8,NaN
6,2,8,NaN
2,6,8,NaN
5,3,8,0.31538291069709495
5,3,8,NaN
2,6,8,NaN
1,7,8,0.21185071034975703
6,2,8,0.8450772854630715
3,5,8,NaN
7,1,8,0.9885707782763422
1,7,8,0.06260803999115534
1,7,8,NaN
1,7,8,0.21185071034975703
6,2,8,0.8450772854630715
6,2,8,NaN
7,1,8,NaN
6,2,8,NaN
8,0,8,0.43268360138789086
3,5,8,NaN
5,3,8,0.18348414923983342
6,2,8,0.24865395301893395
5,3,8,0.18348414923983342
5,3,8,0.49543559874771725
7,1,8,NaN
5,3,8,0.8006696868167401
5,3,8,NaN
4,4,8,NaN
3,5,8,0.6018962792846809
2,6,8,NaN
1,7,8,0.3557510427918548
5,3,8,0.8827570506600473
7,1,8,NaN
6,2,8,1.8465004118562692e-7
5,3,8,0.49543559874771725
5,3,8,0.3557510427918548
6,2,8,0.1733503281198827
6,2,8,NaN
6,2,8,NaN
5,3,8,NaN
6,2,8,0.5417209770628222
5,3,8,NaN
6,2,8,NaN
3,5,8,0.662803924606588
6,2,8,NaN
6,2,8,NaN
7,1,8,0.21185071034975703
6,2,8,0.49543559874771725
6,2,8,0.032853775051729074
6,2,8,NaN
3,5,8,0.9137791798943785
8,0,8,0.5865196674031864
5,3,8,0.85472980870572
5,3,8,0.11892310933012637
5,3,8,NaN
7,1,8,0.8237080657963236
5,3,8,NaN
8,0,8,0.9789190809366978
3,5,8,NaN
6,2,8,0.4011103777394731
4,4,8,0.4456173099182375
6,2,8,NaN
6,2,8,0.8450772854630715
5,3,8,0.7423423413009405
1,7,8,0.7092033041123709
4,4,8,0.007349342594627595
5,3,8,0.9733084005106692
2,6,8,0.7000881862483124
5,3,8,NaN
1,7,8,0.4097626693140714
5,3,8,NaN
2,6,8,NaN
5,3,8,0.8545558605442566
4,4,8,0.08612589160650815
4,4,8,0.13695747655435897
1,7,8,NaN
6,2,8,0.31538291069709495
6,2,8,0.047818685297941976
8,0,8,NaN
2,6,8,0.9663500458367166
2,6,8,0.7572477918328983
7,1,8,NaN
3,5,8,0.04531425270758149
3,5,8,0.23711961404970677
6,2,8,0.2668400346081453
8,0,8,0.3347114122623008
7,1,8,NaN
5,3,8,NaN
2,6,8,0.631220773570296
6,2,8,NaN
7,1,8,0.8652322931034484
6,2,8,0.24290906152647984
6,2,8,0.4087914221489063
7,1,8,0.9789190809366978
7,1,8,0.8006696868167401
7,1,8,0.019796251803769704
5,3,8,NaN
5,3,8,0.14103717055021275
2,6,8,0.13695747655435897
6,2,8,NaN
8,0,8,NaN
7,1,8,NaN
5,3,8,0.3557510427918548
5,3,8,0.3901201530147684
7,1,8,0.7726517314264018
5,3,8,0.004243052065979369
2,6,8,0.053556438906752275
5,3,8,0.4475557477195245
5,3,8,NaN
7,1,8,0.10032275229784271
7,1,8,0.8006696868167401
8,0,8,0.4011103777394731
3,5,8,NaN
8,0,8,0.9137791798943785
8,0,8,0.18348414923983342
5,3,8,0.14315904395014004
6,2,8,0.7423423413009405
8,0,8,NaN
8,0,8,NaN
6,2,8,0.34117257317291055
6,2,8,0.4475557477195245
5,3,8,0.8237080657963236
6,2,8,0.9590286414731528
4,4,8,0.8652322931034484
4,4,8,NaN
4,4,8,0.631220773570296
6,2,8,0.4475557477195245
7,1,8,0.4146689370945025
8,0,8,NaN
6,2,8,NaN
4,4,8,0.3037724019957733
4,4,8,NaN
5,3,8,0.7360910000376489
8,0,8,0.7738393337297048
6,2,8,NaN
5,3,8,0.4011103777394731
3,5,8,0.7921036530766452
5,3,8,0.9367793095288462
8,0,8,0.6717661875924231
7,1,8,0.004440618451736257
5,3,8,NaN
7,1,8,0.5417209770628222
2,6,8,NaN
7,1,8,NaN
7,1,8,0.5417209770628222
8,0,8,NaN
8,0,8,NaN
7,1,8,0.8245364061831029
6,2,8,0.6717661875924231
6,2,8,0.6163604147416746
7,1,8,0.9493033010224405
5,3,8,0.631220773570296
6,2,8,0.24290906152647984
7,1,8,NaN
5,3,8,0.006709219199320382
1,7,8,NaN
6,2,8,NaN
6,2,8,NaN
4,4,8,0.4155618969404342
5,3,8,0.999382148251637
5,3,8,0.28653240485989245
7,1,8,0.5865196674031864
4,4,8,NaN
7,1,8,NaN
5,3,8,NaN
7,1,8,NaN
5,3,8,0.12628445682482306
7,1,8,0.9400555695425443
7,1,8,NaN
3,5,8,0.5865196674031864
7,1,8,0.04834492901947091
4,4,8,0.24290906152647984
2,6,8,0.4475557477195245
4,4,8,0.8006696868167401
4,4,8,0.14478957701123896
3,5,8,0.31395325097494703
5,3,8,0.08612589160650815
6,2,8,0.631220773570296
3,5,8,0.07361819104140599
4,4,8,0.24290906152647984
3,5,8,NaN
4,4,8,0.3557510427918548
4,4,8,0.4155618969404342
1,7,8,NaN
6,2,8,NaN
5,3,8,NaN
5,3,8,NaN
4,4,8,0.013286656744487453
4,4,8,0.6630431571332639
7,1,8,0.3557510427918548
5,3,8,NaN
6,2,8,0.619427914833329
6,2,8,0.9789190809366978
6,2,8,0.8006696868167401
3,5,8,NaN
4,4,8,0.21185071034975703
7,1,8,NaN
6,2,8,0.6717661875924231
4,4,8,NaN
5,3,8,0.6717661875924231
7,1,8,0.3324619115786486
4,4,8,NaN
6,2,8,0.007428633979807518
5,3,8,0.15419292433117038
7,1,8,9.356584637348436e-5
3,5,8,0.14499639323270927
5,3,8,0.8652322931034484
3,5,8,0.631220773570296
5,3,8,NaN
6,2,8,NaN
3,5,8,0.49543559874771725
4,4,8,0.2498028159469753
7,1,8,0.3433793147496606
4,4,8,0.053556438906752275
5,3,8,0.5865196674031864
6,2,8,1.4726036351935885e-5
5,3,8,0.032853775051729074
3,5,8,NaN
5,3,8,0.631220773570296
7,1,8,0.9789190809366978
5,3,8,0.026594646679114247
6,2,8,0.619427914833329
7,1,8,0.15938727449707998
6,2,8,0.24290906152647984
4,4,8,NaN
7,1,8,0.6796560791431746
2,6,8,NaN
6,2,8,0.10457602410260385
1,7,8,NaN
7,1,8,0.2593136845930282
5,3,8,0.12609489334674728
8,0,8,NaN
6,2,8,NaN
8,0,8,0.18348414923983342
6,2,8,0.9507128031352943
5,3,8,NaN
6,2,8,0.31538291069709495
2,6,8,0.12616282631084808
3,5,8,0.7234577439877888
5,3,8,0.24076794488549014
7,1,8,0.4011103777394731
6,2,8,NaN
6,2,8,0.019796251803769704
4,4,8,NaN
6,2,8,0.21185071034975703
5,3,8,0.0355000492218276
6,2,8,NaN
8,0,8,NaN
2,6,8,0.20502549800246278
6,2,8,0.7222957705258365
8,0,8,0.703988719890633
5,3,8,NaN
1,7,8,NaN
3,5,8,0.2144909145927689
8,0,8,0.7438362094927347
6,2,8,0.31538291069709495
2,6,8,NaN
3,5,8,0.07008009356429538
4,4,8,0.08785892331733004
7,1,8,NaN
5,3,8,0.49543559874771725
1,7,8,NaN
2,6,8,0.9272124484159221
6,2,8,NaN
6,2,8,NaN
3,5,8,0.009631423624278592
4,4,8,0.2942871780591215
3,5,8,0.8006696868167401
5,3,8,0.07858279045169449
5,3,8,NaN
6,2,8,0.556053261693435
5,3,8,0.9137791798943785
1,7,8,NaN
7,1,8,NaN
3,5,8,0.18348414923983342
2,6,8,NaN
4,4,8,0.8652322931034484
1,7,8,0.07385242913536019
4,4,8,0.509692648005366
2,6,8,0.9447942448160348
5,3,8,0.04656252878030042
2,6,8,0.21185071034975703
5,3,8,0.7935477201410412
4,4,8,0.7423423413009405
6,2,8,0.8450772854630715
7,1,8,0.8827570506600473
8,0,8,0.3005545522921389
7,1,8,0.4475557477195245
8,0,8,NaN
5,3,8,0.33928778030287077
5,3,8,0.8138254972807204
1,7,8,0.38951883007049515
4,4,8,0.9001259164326818
3,5,8,0.10032275229784271
7,1,8,0.00250152249097896
5,3,8,0.6487523854182391
3,5,8,0.031469602165798284
4,4,8,NaN
7,1,8,0.8450772854630715
3,5,8,0.9400533284470368
6,2,8,NaN
5,3,8,NaN
1,7,8,NaN
7,1,8,0.34994204480869473
5,3,8,0.11448489346761681
6,2,8,NaN
6,2,8,0.053556438906752275
6,2,8,0.957870335184123
4,4,8,NaN
6,2,8,0.9272124484159221
6,2,8,0.049259890554971
1,7,8,NaN
3,5,8,0.11735031057960332
5,3,8,0.2182307691523066
4,4,8,0.013084799538945395
8,0,8,0.2783692877527476
6,2,8,0.5417209770628222
5,3,8,NaN
4,4,8,0.13695747655435897
6,2,8,0.8652322931034484
6,2,8,NaN
8,0,8,NaN
4,4,8,0.40354376925056873
5,3,8,0.8450772854630715
7,1,8,NaN
6,2,8,0.05819598642685907
6,2,8,0.4761631564201882
8,0,8,0.631220773570296
7,1,8,NaN
4,4,8,NaN
5,3,8,NaN
5,3,8,NaN
2,6,8,0.11735031057960332
7,1,8,NaN
8,0,8,NaN
4,4,8,0.10884028779207737
3,5,8,NaN
7,1,8,0.6386796318110681
3,5,8,0.6717661875924231
5,3,8,NaN
4,4,8,0.2809578211923491
7,1,8,0.5417209770628222
6,2,8,0.49282720706867394
6,2,8,0.8652322931034484
7,1,8,0.07679849711397702
5,3,8,0.7247091139775156
3,5,8,0.2412147488524764
2,6,8,0.8652322931034484
4,4,8,NaN
6,2,8,0.31538291069709495
4,4,8,0.07361819104140599
3,5,8,0.5865196674031864
7,1,8,NaN
6,2,8,NaN
2,6,8,0.07366646274388336
6,2,8,NaN
4,4,8,0.2714976848618461
6,2,8,NaN
3,5,8,NaN
1,7,8,0.07366646274388336
4,4,8,0.2783692877527476
6,2,8,0.9943152957847301
2,6,8,NaN
1,7,8,0.6569586058520898
5,3,8,NaN
8,0,8,0.4470201463232827
7,1,8,NaN
4,4,8,0.12291160003788744
8,0,8,0.07361819104140599
4,4,8,NaN
6,2,8,NaN
2,6,8,0.5726042350776799
1,7,8,NaN
6,2,8,0.3557510427918548
7,1,8,0.49543559874771725
7,1,8,0.2783692877527476
2,6,8,0.36189897823696604
3,5,8,NaN
3,5,8,NaN
6,2,8,NaN
6,2,8,0.8341632076690995
2,6,8,NaN
6,2,8,0.631220773570296
4,4,8,0.1397548758838223
2,6,8,0.11004266429364606
6,2,8,0.2687988404175689
3,5,8,0.023437746643316073
2,6,8,0.053556438906752275
5,3,8,0.1062273149953186
3,5,8,NaN
5,3,8,0.7423423413009405
1,7,8,0.41661651381307696
5,3,8,0.49543559874771725
6,2,8,0.3557510427918548
5,3,8,0.04531425270758149
5,3,8,0.8237080657963236
7,1,8,0.49543559874771725
5,3,8,0.4475557477195245
5,3,8,0.15569932148178994
2,6,8,NaN
3,5,8,0.023437746643316073
7,1,8,0.7423423413009405
6,2,8,NaN
4,4,8,NaN
6,2,8,0.31538291069709495
6,2,8,0.758286145133052
8,0,8,NaN
1,7,8,NaN
6,2,8,NaN
6,2,8,NaN
2,6,8,NaN
5,3,8,0.04656252878030042
5,3,8,NaN
4,4,8,NaN
4,4,8,0.8237080657963236
3,5,8,0.9001259164326818
6,2,8,0.4011103777394731
8,0,8,0.8450772854630715
6,2,8,0.12616282631084808
5,3,8,0.0467115594787914
4,4,8,NaN
6,2,8,0.11735031057960332
6,2,8,NaN
5,3,8,0.0003337935247393891
5,3,8,NaN
4,4,8,NaN
4,4,8,1.6365170903910322e-8
4,4,8,NaN
8,0,8,NaN
5,3,8,0.21185071034975703
8,0,8,NaN
7,1,8,0.4932895936019132
5,3,8,NaN
5,3,8,NaN
7,1,8,NaN
1,7,8,0.4011103777394731
1,7,8,0.33258291702730386
6,2,8,NaN
4,4,8,NaN
6,2,8,0.7092033041123709
2,6,8,NaN
3,5,8,NaN
3,5,8,0.7423423413009405
4,4,8,NaN
4,4,8,0.49543559874771725
6,2,8,0.6617547790311457
8,0,8,0.9590286414731528
6,2,8,NaN
4,4,8,0.5865196674031864
4,4,8,0.7092033041123709
6,2,8,0.5417209770628222
3,5,8,0.7195910676048861
8,0,8,NaN
4,4,8,0.15938727449707998
8,0,8,NaN
3,5,8,NaN
7,1,8,NaN
5,3,8,0.5417209770628222
6,2,8,0.38738868329299375
8,0,8,NaN
3,5,8,0.05406684693149736
3,5,8,0.011335119107957231
3,5,8,NaN
5,3,8,NaN
6,2,8,0.9962290253671563
3,5,8,0.49543559874771725
5,3,8,NaN
1,7,8,0.25204371415279375
8,0,8,0.31538291069709495
4,4,8,NaN
4,4,8,0.7125497954121649
4,4,8,0.9394569650180941
7,1,8,0.3296496747755379
7,1,8,0.0630282359819421
5,3,8,NaN
4,4,8,0.4011103777394731
3,5,8,NaN
4,4,8,NaN
6,2,8,0.8980651381540747
2,6,8,0.13911517394498732
7,1,8,0.7423423413009405
2,6,8,0.9493033010224405
6,2,8,0.703988719890633
4,4,8,0.0355000492218276
3,5,8,0.3921225773990182
7,1,8,NaN
8,0,8,0.7092033041123709
3,5,8,NaN
4,4,8,0.9605931799972496
2,6,8,NaN
4,4,8,0.7092033041123709
5,3,8,0.9137791798943785
7,1,8,0.7073866710678153
6,2,8,0.13968105483965973
6,2,8,NaN
5,3,8,0.4475557477195245
5,3,8,0.4475557477195245
2,6,8,NaN
5,3,8,0.4011103777394731
6,2,8,0.04725237519004657
5,3,8,0.006091206321260213
4,4,8,NaN
2,6,8,0.8827570506600473
1,7,8,NaN
1,7,8,NaN
6,2,8,0.04531425270758149
3,5,8,0.0017249450381018661
6,2,8,NaN
1,7,8,0.18348414923983342
5,3,8,NaN
6,2,8,NaN
6,2,8,NaN
2,6,8,0.9663500458367166
2,6,8,0.7726517314264018
7,1,8,0.053556438906752275
4,4,8,0.06116632064730822
3,5,8,0.6286352646486054
4,4,8,0.13831926917448317
3,5,8,0.8896292681586132
1,7,8,NaN
5,3,8,0.08238703610652312
2,6,8,NaN
4,4,8,NaN
4,4,8,NaN
8,0,8,0.7423423413009405
8,0,8,NaN
3,5,8,NaN
2,6,8,0.5417209770628222
2,6,8,0.8450772854630715
2,6,8,0.7423423413009405
6,2,8,0.24290906152647984
6,2,8,0.447924875167798
6,2,8,NaN
2,6,8,NaN
6,2,8,NaN
2,6,8,NaN
1,7,8,NaN
4,4,8,NaN
7,1,8,NaN
4,4,8,0.34169519757047634
5,3,8,0.8652322931034484
3,5,8,0.055690365552000486
6,2,8,0.04661481945225271
4,4,8,0.546152762799012
4,4,8,0.9493033010224405
7,1,8,0.06564624031352669
1,7,8,NaN
5,3,8,NaN
5,3,8,NaN
6,2,8,0.13695747655435897
4,4,8,NaN
4,4,8,0.3557510427918548
6,2,8,NaN
6,2,8,0.3892404650973566
1,7,8,NaN
3,5,8,0.0037676114872972023
7,1,8,0.469883223005602
4,4,8,0.26672713238567525
8,0,8,NaN
1,7,8,0.6717661875924231
4,4,8,0.48416940683333404
5,3,8,0.24278096737270338
7,1,8,NaN
5,3,8,0.5417209770628222
4,4,8,NaN
2,6,8,NaN
4,4,8,NaN
5,3,8,0.8722821616891961
6,2,8,NaN
2,6,8,NaN
6,2,8,0.3871720700520094
2,6,8,NaN
3,5,8,NaN
4,4,8,0.8450772854630715
1,7,8,NaN
3,5,8,0.0003337935247393891
6,2,8,0.22415558807755884
6,2,8,NaN
1,7,8,0.11735031057960332
2,6,8,0.21185071034975703
4,4,8,NaN
7,1,8,0.7726517314264018
6,2,8,0.5587721585107637
7,1,8,0.7726517314264018
2,6,8,0.9137791798943785
5,3,8,0.5192936151751254
5,3,8,0.053556438906752275
3,5,8,0.2783692877527476
2,6,8,0.3557510427918548
4,4,8,NaN
1,7,8,0.7875965616192705
1,7,8,NaN
4,4,8,0.08612589160650815
5,3,8,NaN
7,1,8,0.4475557477195245
4,4,8,NaN
3,5,8,0.49543559874771725
4,4,8,0.2096025141979273
4,4,8,NaN
5,3,8,0.9272124484159221
4,4,8,0.13695747655435897
4,4,8,0.3943586556899317
5,3,8,0.15717251574622604
1,7,8,0.7092033041123709
1,7,8,NaN
1,7,8,0.17600453156660253
6,2,8,0.07900771089222626
3,5,8,0.9916966421839661
5,3,8,0.26562593502088566
7,1,8,NaN
5,3,8,NaN
3,5,8,0.8237080657963236
6,2,8,NaN
5,3,8,NaN
3,5,8,NaN
4,4,8,NaN
4,4,8,0.5417209770628222
1,7,8,0.18348414923983342
8,0,8,0.9550365032141755
6,2,8,0.03831329598506057
6,2,8,0.7423423413009405
7,1,8,0.5417209770628222
6,2,8,0.9885707782763422
4,4,8,0.04449952114246826
8,0,8,NaN
1,7,8,NaN
4,4,8,0.0971712453470126
4,4,8,NaN
3,5,8,NaN
7,1,8,0.634904296123688
3,5,8,NaN
1,7,8,0.8006696868167401
3,5,8,NaN
3,5,8,0.9327073772270043
1,7,8,NaN
1,7,8,0.8652322931034484
1,7,8,NaN
8,0,8,NaN
5,3,8,NaN
3,5,8,NaN
4,4,8,0.5928364209412207
1,7,8,NaN
3,5,8,0.03900160981941825
6,2,8,0.5940785884460495
1,7,8,NaN
3,5,8,NaN
7,1,8,0.8898497662125817
2,6,8,NaN
5,3,8,0.0012176832270594103
3,5,8,NaN
7,1,8,0.07361819104140599
3,5,8,NaN
6,2,8,0.8827570506600473
4,4,8,NaN
7,1,8,0.5865196674031864
4,4,8,NaN
4,4,8,NaN
3,5,8,NaN
5,3,8,0.8827570506600473
8,0,8,NaN
4,4,8,0.18348414923983342
4,4,8,NaN
2,6,8,0.5865196674031864
5,3,8,0.631220773570296
5,3,8,0.9663500458367166
5,3,8,1.8500107692029411e-6
4,4,8,NaN
6,2,8,0.885016935058762
6,2,8,NaN
3,5,8,0.0026035209678680307
2,6,8,0.24290906152647984
4,4,8,NaN
2,6,8,0.800762620430346
3,5,8,0.011335119107957231
2,6,8,0.03831329598506057
2,6,8,0.8827570506600473
5,3,8,NaN
3,5,8,0.4475557477195245
1,7,8,NaN
8,0,8,NaN
6,2,8,NaN
2,6,8,0.010554511513251322
4,4,8,NaN
5,3,8,0.24290906152647984
2,6,8,0.07361819104140599
3,5,8,NaN
4,4,8,NaN
6,2,8,0.49543559874771725
7,1,8,0.006162005486132496
5,3,8,NaN
6,2,8,NaN
5,3,8,NaN
6,2,8,0.4017553187040744
1,7,8,NaN
2,6,8,NaN
3,5,8,NaN
3,5,8,0.08612589160650815
3,5,8,0.9493033010224405
2,6,8,NaN
2,6,8,0.30232623165185657
4,4,8,0.5417209770628222
1,7,8,0.7009196710752872
2,6,8,0.9137791798943785
2,6,8,0.1297032403987914
1,7,8,0.9493033010224405
1,7,8,0.08612589160650815
4,4,8,1.3197622290872773e-7
4,4,8,0.49543559874771725
5,3,8,NaN
3,5,8,0.0051653647514528205
4,4,8,0.7423423413009405
1,7,8,0.7726517314264018
4,4,8,NaN
6,2,8,NaN
2,6,8,NaN
1,7,8,0.7423423413009405
1,7,8,0.0630282359819421
3,5,8,0.8679189613997627
1,7,8,0.16020529307948175
2,6,8,0.4011103777394731
2,6,8,NaN
3,5,8,0.025177821670256985
5,3,8,NaN
2,6,8,0.24290906152647984
2,6,8,0.321221426047442
7,1,8,0.24290906152647984
6,2,8,0.3557510427918548
1,7,8,NaN
4,4,8,0.8278317232225256
3,5,8,0.18348414923983342
7,1,8,NaN
2,6,8,NaN
3,5,8,NaN
5,3,8,0.007595454591845313
3,5,8,0.6717661875924231
1,7,8,0.3557510427918548
3,5,8,NaN
2,6,8,NaN
3,5,8,NaN
3,5,8,0.5417209770628222
4,4,8,NaN
4,4,8,0.5865196674031864
4,4,8,0.8232894008336689
1,7,8,NaN
5,3,8,0.07361819104140599
1,7,8,NaN
1,7,8,0.25142698317889106
5,3,8,NaN
1,7,8,NaN
3,5,8,0.029358847074672813
3,5,8,NaN
4,4,8,0.7856835157441856
2,6,8,NaN
5,3,8,0.8827570506600473
2,6,8,0.39240048784992326
1,7,8,NaN
3,5,8,0.07361819104140599
4,4,8,NaN
1,7,8,NaN
2,6,8,NaN
6,2,8,0.2783692877527476
5,3,8,NaN
4,4,8,NaN
1,7,8,NaN
4,4,8,NaN
1,7,8,NaN
3,5,8,NaN
2,6,8,NaN
1,7,8,0.31538291069709495
2,6,8,0.8150695017363435
6,2,8,NaN
1,7,8,NaN
2,6,8,0.5220084182623728
5,3,8,0.8079928207706086
2,6,8,0.032853775051729074
4,4,8,0.04834492901947091
1,7,8,0.31538291069709495
1,7,8,0.9841738135856081
1,7,8,0.8450772854630715
5,3,8,NaN
1,7,8,0.5865196674031864
2,6,8,NaN
1,7,8,0.23749076520515447
3,5,8,NaN
6,2,8,0.31538291069709495
6,2,8,NaN
4,4,8,NaN
1,7,8,NaN
1,7,8,0.031329711034036166
1,7,8,NaN
4,4,8,NaN
4,4,8,NaN
2,6,8,0.9212837657404788
1,7,8,0.30623635626219897
2,6,8,0.5865196674031864
1,7,8,0.8306190988819181
5,3,8,0.8652322931034484
1,7,8,NaN
2,6,8,NaN
1,7,8,NaN
1,7,8,NaN
2,6,8,0.17333563068094793
3,5,8,NaN
3,5,8,0.9789190809366978
1,7,8,0.1543705926232434
1,7,8,NaN
2,6,8,NaN
5,3,8,0.21185071034975703
4,4,8,0.9733084005106692
1,7,8,0.15968498618355548
4,4,8,0.5737458270684518
2,6,8,0.03831329598506057
5,3,8,NaN
1,7,8,0.631220773570296
2,6,8,0.10032275229784271
3,5,8,NaN
4,4,8,0.5865196674031864
1,7,8,NaN
2,6,8,0.08822774619550867
2,6,8,NaN
2,6,8,NaN
5,3,8,0.5417209770628222
1,7,8,0.13695747655435897
2,6,8,NaN
2,6,8,0.8450772854630715
2,6,8,0.9493033010224405
4,4,8,NaN
1,7,8,NaN
2,6,8,0.31538291069709495
2,6,8,0.13695747655435897
3,5,8,NaN
3,5,8,NaN
2,6,8,0.04225142236583336
1,7,8,NaN
1,7,8,NaN
1,7,8,0.07361819104140599
1,7,8,NaN
1,7,8,0.8652322931034484
1,7,8,NaN
2,6,8,0.5865196674031864
1,7,8,0.11735031057960332
4,4,8,0.8811614663263989
3,5,8,0.31538291069709495
1,7,8,0.18348414923983342
1,7,8,NaN
1,7,8,NaN
4,4,8,8.821486863570372e-8
1,7,8,NaN
3,5,8,0.8652322931034484
1,7,8,NaN
1,7,8,0.3792747974582829
2,6,8,0.546152762799012
1,7,8,NaN
8,0,8,0.2783692877527476
5,3,8,0.9528445388307563
2,6,8,0.07679849711397702
1,7,8,NaN
2,6,8,NaN
1,7,8,NaN
1,7,8,0.631220773570296
2,6,8,NaN
1,7,8,0.13695747655435897
1,7,8,NaN
1,7,8,0.2668400346081453
1,7,8,NaN
1,7,8,0.053556438906752275
1,7,8,NaN
1,7,8,0.5045258176175949
1,7,8,NaN
1,7,8,NaN
3,5,8,NaN
1,7,8,0.5865196674031864
1,7,8,NaN
1,7,8,0.0630282359819421
1,7,8,0.631220773570296
3,5,8,0.8827570506600473
1,7,8,NaN
5,3,8,0.18131256655086636
1,7,8,0.023437746643316073
1,7,8,0.8652322931034484
1,7,8,NaN
1,7,8,NaN
2,6,8,0.11735031057960332
3,5,8,0.2783692877527476
2,6,8,NaN
1,7,8,0.8166150917845386
4,4,8,0.9272124484159221
2,6,8,0.18348414923983342
2,6,8,NaN
1,7,8,0.7726517314264018
2,6,8,0.7546622803700819
1,7,8,NaN
1,7,8,NaN
8,0,8,NaN
1,7,8,0.5653206076413597
1,7,8,NaN
1,7,8,NaN
3,5,8,0.11649558320498266
1,7,8,0.8012183129642948
4,4,8,0.6717661875924231
1,7,8,0.6569586058520898
1,7,8,0.06974711180439698
1,7,8,0.546152762799012
1,7,8,0.422420148283997
2,6,8,0.9590286414731528
2,6,8,NaN
2,6,8,NaN
1,7,8,NaN
1,7,8,NaN
1,7,8,0.0003337935247393891
1,7,8,0.5417209770628222
1,7,8,0.6735261821696107
1,7,8,NaN
1,7,8,NaN
1,7,8,NaN
1,7,8,NaN
1,7,8,NaN
1,7,8,0.9222155645403921
1,7,8,0.8006696868167401
1,7,8,0.007662064402974918
1,7,8,NaN
1,7,8,0.03682854976570325
1,7,8,0.31538291069709495
0,8,8,0.9137791798943785
0,8,8,0.4011103777394731
0,8,8,0.01384068834559692
0,8,8,0.10355997291235915
0,8,8,0.010125541093422397
0,8,8,0.9137791798943785
0,8,8,NaN
0,8,8,0.03308614409062014
0,8,8,NaN
0,8,8,0.8652322931034484
0,8,8,NaN
0,8,8,0.65074860603325
0,8,8,NaN
0,8,8,NaN
0,8,8,NaN
0,8,8,0.004593823466945843
0,8,8,0.49543559874771725
0,8,8,NaN
0,8,8,NaN
0,8,8,NaN
0,8,8,0.13695747655435897
0,8,8,0.23472168263966725
0,8,8,0.546152762799012
0,8,8,NaN
0,8,8,0.21260731309884479
0,8,8,0.8827548320573142
0,8,8,0.04531425270758149
0,8,8,0.18348414923983342
0,8,8,0.2783692877527476
0,8,8,NaN
0,8,8,0.5690477016257284
0,8,8,NaN
0,8,8,NaN
0,8,8,0.24290906152647984
0,8,8,0.0015506799637766114
0,8,8,0.8052971416746826
0,8,8,0.8827570506600473
0,8,8,NaN
0,8,8,NaN
0,8,8,NaN
0,8,8,0.4155618969404342
0,8,8,NaN
0,8,8,0.0051467366828185515
0,8,8,NaN
0,8,8,0.019796251803769704
0,8,8,0.6721156965089703
0,8,8,0.5417209770628222
0,8,8,0.49543559874771725
0,8,8,0.3557510427918548
0,8,8,NaN
0,8,8,NaN
0,8,8,0.11735031057960332
0,8,8,0.8006696868167401
0,8,8,NaN
0,8,8,0.20279334984652234
0,8,8,0.016656938369781698
0,8,8,0.8450772854630715
0,8,8,NaN
0,8,8,NaN
0,8,8,0.15938727449707998
0,8,8,0.4011103777394731
0,8,8,0.8450772854630715
0,8,8,0.24290906152647984
0,8,8,NaN
0,8,8,NaN
0,8,8,NaN
0,8,8,0.6682664032767244
0,8,8,0.12248216031685737
0,8,8,NaN
0,8,8,NaN
0,8,8,NaN
0,8,8,NaN
0,8,8,NaN
0,8,8,NaN
0,8,8,0.5865196674031864
0,8,8,NaN
0,8,8,NaN
0,8,8,0.8450772854630715
0,8,8,NaN
0,8,8,NaN
0,8,8,0.5230234281639412
0,8,8,0.631220773570296
0,8,8,NaN
0,8,8,0.9047853618061095
0,8,8,0.631220773570296
0,8,8,NaN
0,8,8,0.631220773570296
0,8,8,NaN
0,8,8,0.9464701506577652
0,8,8,NaN
0,8,8,0.9663500458367166
0,8,8,NaN
0,8,8,0.6717661875924231
0,8,8,0.22852733614041534
0,8,8,0.17638798005766676
0,8,8,0.5417209770628222
0,8,8,NaN
0,8,8,NaN
0,8,8,NaN
0,8,8,0.00453471810517919
0,8,8,0.7656968560480337
0,8,8,0.6096279662072897
0,8,8,NaN
0,8,8,0.9733084005106692
0,8,8,0.7433590367901758
0,8,8,0.31876511282887343
0,8,8,0.21185071034975703
0,8,8,0.8827570506600473
0,8,8,0.48023658462183644
0,8,8,0.1646838796303987
0,8,8,NaN
0,8,8,0.053556438906752275
0,8,8,0.5865196674031864
0,8,8,0.9001259164326818
0,8,8,0.0630282359819421
0,8,8,NaN
0,8,8,0.10092254123088842
0,8,8,NaN
0,8,8,0.33206252338918735
0,8,8,0.11735031057960332
0,8,8,NaN
0,8,8,NaN
0,8,8,NaN
0,8,8,NaN
0,8,8,NaN
0,8,8,NaN
0,8,8,NaN
0,8,8,0.5231605144894103
0,8,8,0.24290906152647984
0,8,8,0.631220773570296
0,8,8,NaN
0,8,8,NaN
0,8,8,NaN
0,8,8,0.08164210703431729
0,8,8,NaN
0,8,8,0.4123021351434561
0,8,8,NaN
0,8,8,NaN
0,8,8,0.6391470662697895
0,8,8,0.04531425270758149
0,8,8,NaN
0,8,8,0.8943666956096173
0,8,8,0.8006696868167401
0,8,8,NaN
7,0,7,0.13695747655435897
5,2,7,0.9137791798943785
5,2,7,NaN
6,1,7,NaN
7,0,7,0.49543559874771725
5,2,7,0.5417209770628222
6,1,7,NaN
4,3,7,0.6717661875924231
5,2,7,0.5865196674031864
7,0,7,0.49543559874771725
1,6,7,0.45397342671867796
2,5,7,NaN
4,3,7,NaN
4,3,7,0.13695747655435897
4,3,7,0.48416940683333404
7,0,7,NaN
2,5,7,0.7360700055525214
7,0,7,NaN
4,3,7,0.15176091605233927
7,0,7,0.9137791798943785
7,0,7,0.032853775051729074
6,1,7,0.31538291069709495
5,2,7,0.8006696868167401
5,2,7,0.7092033041123709
6,1,7,0.15938727449707998
3,4,7,0.8450772854630715
6,1,7,NaN
5,2,7,NaN
7,0,7,0.631220773570296
2,5,7,NaN
5,2,7,0.4475557477195245
3,4,7,0.02277616192654519
4,3,7,0.9137791798943785
6,1,7,NaN
6,1,7,NaN
4,3,7,NaN
4,3,7,NaN
6,1,7,0.04072166146359844
6,1,7,0.13833345776724826
4,3,7,0.3084902865994626
4,3,7,0.9108371303898248
2,5,7,NaN
6,1,7,NaN
5,2,7,NaN
7,0,7,NaN
7,0,7,0.15938727449707998
5,2,7,NaN
7,0,7,0.4475557477195245
5,2,7,NaN
4,3,7,NaN
3,4,7,0.631220773570296
3,4,7,NaN
4,3,7,0.0025709660283289135
6,1,7,2.2924138618335146e-5
4,3,7,0.15938727449707998
5,2,7,0.31538291069709495
5,2,7,0.10032275229784271
5,2,7,NaN
7,0,7,NaN
3,4,7,NaN
4,3,7,NaN
5,2,7,0.5417209770628222
6,1,7,0.8827570506600473
7,0,7,0.15938727449707998
3,4,7,NaN
2,5,7,0.2942871780591215
7,0,7,NaN
4,3,7,NaN
6,1,7,NaN
2,5,7,0.31538291069709495
5,2,7,0.24290906152647984
5,2,7,0.3558295519221331
6,1,7,0.030758156819904358
7,0,7,0.5865196674031864
5,2,7,NaN
6,1,7,NaN
6,1,7,0.8079928207706086
5,2,7,0.11735031057960332
7,0,7,0.4475557477195245
5,2,7,0.9137791798943785
5,2,7,0.04531425270758149
3,4,7,NaN
6,1,7,0.31538291069709495
6,1,7,0.5865196674031864
5,2,7,0.009325005405405363
5,2,7,NaN
5,2,7,0.9272124484159221
2,5,7,NaN
5,2,7,0.9137791798943785
7,0,7,0.9493033010224405
4,3,7,NaN
5,2,7,NaN
5,2,7,NaN
3,4,7,0.6717661875924231
7,0,7,0.4316337696410986
7,0,7,NaN
5,2,7,NaN
4,3,7,0.9943152957847301
7,0,7,0.7195910676048861
4,3,7,0.7823599011535749
5,2,7,0.7205581755979816
7,0,7,0.7915804538670338
5,2,7,NaN
1,6,7,0.7152661950340622
5,2,7,0.6453711054401953
5,2,7,0.023437746643316073
6,1,7,0.06851553674457755
7,0,7,0.7726517314264018
4,3,7,NaN
4,3,7,NaN
5,2,7,0.0630282359819421
7,0,7,0.7092033041123709
7,0,7,0.5865196674031864
5,2,7,0.5417209770628222
4,3,7,0.631220773570296
7,0,7,NaN
7,0,7,NaN
6,1,7,NaN
6,1,7,0.5417209770628222
7,0,7,0.4011103777394731
5,2,7,NaN
6,1,7,0.31538291069709495
6,1,7,NaN
3,4,7,NaN
6,1,7,0.3463556629669106
5,2,7,0.4155618969404342
5,2,7,0.8827570506600473
4,3,7,0.3557510427918548
6,1,7,NaN
1,6,7,NaN
5,2,7,0.0032049632972005176
1,6,7,0.5180838030620013
5,2,7,NaN
7,0,7,0.8652322931034484
6,1,7,0.6783250147728579
6,1,7,NaN
5,2,7,0.9493033010224405
3,4,7,0.01961772910302823
4,3,7,0.3359178490934185
5,2,7,0.18348414923983342
3,4,7,0.42196906406529333
5,2,7,0.03831329598506057
3,4,7,0.13695747655435897
3,4,7,0.25526182399096786
3,4,7,NaN
5,2,7,0.023437746643316073
3,4,7,0.7934376138737061
5,2,7,0.0338827252945459
7,0,7,NaN
6,1,7,NaN
3,4,7,0.16223043207244456
2,5,7,0.3557510427918548
6,1,7,NaN
6,1,7,0.7092033041123709
7,0,7,0.18348414923983342
4,3,7,NaN
4,3,7,NaN
3,4,7,NaN
5,2,7,NaN
7,0,7,NaN
5,2,7,NaN
5,2,7,0.7492206055347399
7,0,7,NaN
4,3,7,NaN
4,3,7,NaN
4,3,7,0.9885707782763422
6,1,7,NaN
7,0,7,0.7423423413009405
5,2,7,0.7423423413009405
2,5,7,0.2494557729056143
5,2,7,0.4155618969404342
5,2,7,0.31538291069709495
6,1,7,0.030758156819904358
7,0,7,0.4011103777394731
4,3,7,NaN
7,0,7,NaN
3,4,7,NaN
5,2,7,0.4011103777394731
5,2,7,0.6333791837579543
6,1,7,5.2711247959085885e-5
7,0,7,0.7906123531705567
6,1,7,NaN
7,0,7,0.4155618969404342
6,1,7,0.022821214868286834
2,5,7,NaN
4,3,7,0.4919140719713516
3,4,7,0.9394569650180941
5,2,7,NaN
3,4,7,NaN
5,2,7,0.3901201530147684
7,0,7,0.8237080657963236
5,2,7,NaN
6,1,7,0.2668400346081453
4,3,7,0.01384068834559692
7,0,7,0.865856228509367
7,0,7,0.8145316400041906
7,0,7,NaN
5,2,7,0.9394569650180941
4,3,7,0.19068372039615944
4,3,7,NaN
6,1,7,NaN
7,0,7,0.2853846222795123
6,1,7,0.0051653647514528205
5,2,7,NaN
7,0,7,NaN
7,0,7,0.0013978170025709434
4,3,7,0.0467115594787914
4,3,7,0.04531425270758149
6,1,7,0.3557510427918548
6,1,7,NaN
7,0,7,0.8166537600148869
4,3,7,0.1737004878619617
2,5,7,0.18070989167746893
6,1,7,0.2783692877527476
6,1,7,0.009325005405405363
5,2,7,NaN
5,2,7,0.31538291069709495
5,2,7,0.4475557477195245
7,0,7,0.7092033041123709
6,1,7,0.31538291069709495
3,4,7,0.959862095118594
5,2,7,NaN
5,2,7,0.5865196674031864
5,2,7,0.4011103777394731
7,0,7,NaN
3,4,7,0.8237080657963236
6,1,7,NaN
7,0,7,0.018694877291273393
4,3,7,0.7726517314264018
5,2,7,NaN
6,1,7,0.30623635626219897
7,0,7,NaN
5,2,7,NaN
6,1,7,0.11649558320498266
7,0,7,NaN
7,0,7,0.4475557477195245
5,2,7,0.008688601875204375
6,1,7,NaN
4,3,7,0.2783692877527476
7,0,7,0.9263616469895146
6,1,7,0.32135031818130005
7,0,7,NaN
7,0,7,NaN
4,3,7,0.3140788080690369
4,3,7,0.2098366920809593
6,1,7,NaN
6,1,7,NaN
7,0,7,NaN
7,0,7,0.04656252878030042
2,5,7,0.10165302057568272
6,1,7,0.5865196674031864
7,0,7,0.18348414923983342
7,0,7,0.5417209770628222
3,4,7,0.9590286414731528
7,0,7,0.016656938369781698
2,5,7,0.016582058488290193
4,3,7,NaN
7,0,7,NaN
4,3,7,NaN
6,1,7,0.6447962813251564
7,0,7,0.6262297236081859
5,2,7,0.18348414923983342
5,2,7,NaN
6,1,7,NaN
4,3,7,NaN
7,0,7,NaN
6,1,7,0.8079928207706086
5,2,7,NaN
6,1,7,0.631220773570296
2,5,7,NaN
3,4,7,0.2750595555450524
4,3,7,NaN
5,2,7,NaN
5,2,7,NaN
5,2,7,0.631220773570296
5,2,7,0.15938727449707998
6,1,7,0.010698309650319518
7,0,7,NaN
4,3,7,0.02787455723542097
7,0,7,NaN
7,0,7,0.2494557729056143
6,1,7,NaN
2,5,7,NaN
7,0,7,0.22575774570369878
5,2,7,NaN
5,2,7,0.1662529718489722
5,2,7,0.15938727449707998
5,2,7,NaN
6,1,7,NaN
6,1,7,0.49543559874771725
3,4,7,NaN
5,2,7,0.6717661875924231
6,1,7,0.5865196674031864
5,2,7,NaN
3,4,7,0.3289604893111234
6,1,7,NaN
3,4,7,0.7423423413009405
3,4,7,NaN
5,2,7,0.7726517314264018
6,1,7,0.24290906152647984
2,5,7,NaN
4,3,7,0.9493033010224405
5,2,7,0.12610820627145006
5,2,7,0.2783692877527476
6,1,7,0.00010041027820089434
7,0,7,NaN
4,3,7,0.023437746643316073
4,3,7,0.49543559874771725
6,1,7,0.1241327793872999
7,0,7,0.9841738135856081
5,2,7,NaN
5,2,7,0.7726517314264018
1,6,7,0.31197939865625673
5,2,7,NaN
5,2,7,0.24290906152647984
6,1,7,0.8827570506600473
6,1,7,NaN
6,1,7,0.6937379552179972
7,0,7,NaN
7,0,7,0.5417209770628222
1,6,7,0.21185071034975703
4,3,7,NaN
7,0,7,0.6956948978363752
7,0,7,0.21185071034975703
4,3,7,0.22852733614041534
6,1,7,0.8006696868167401
4,3,7,NaN
6,1,7,0.5987615975948107
2,5,7,0.49543559874771725
4,3,7,NaN
5,2,7,NaN
7,0,7,NaN
2,5,7,0.5183374556419776
7,0,7,0.24290906152647984
2,5,7,0.4011103777394731
7,0,7,0.9137791798943785
3,4,7,NaN
4,3,7,NaN
6,1,7,NaN
5,2,7,0.5417209770628222
7,0,7,NaN
7,0,7,NaN
6,1,7,0.631220773570296
6,1,7,0.7423423413009405
4,3,7,NaN
3,4,7,NaN
6,1,7,NaN
6,1,7,NaN
5,2,7,0.12149588864000452
6,1,7,NaN
5,2,7,0.04099338403495692
5,2,7,NaN
5,2,7,NaN
6,1,7,0.9272124484159221
6,1,7,0.5554145297192448
4,3,7,0.9493033010224405
1,6,7,0.07590648522324697
5,2,7,0.631220773570296
5,2,7,0.11735031057960332
7,0,7,NaN
4,3,7,NaN
4,3,7,0.5377181544779314
7,0,7,0.8648077666782058
5,2,7,NaN
5,2,7,0.9841738135856081
6,1,7,NaN
5,2,7,0.9844405870814257
5,2,7,NaN
3,4,7,0.006162005486132496
6,1,7,7.793932665240215e-7
4,3,7,0.41537645198799034
4,3,7,0.8652322931034484
1,6,7,0.5865196674031864
5,2,7,0.13695747655435897
7,0,7,0.3557510427918548
6,1,7,NaN
4,3,7,0.7423423413009405
5,2,7,1.2837962574894457e-6
7,0,7,NaN
7,0,7,0.18348414923983342
5,2,7,0.12609489334674728
6,1,7,0.20774295427201153
5,2,7,0.4011103777394731
5,2,7,0.8450772854630715
5,2,7,0.3557510427918548
7,0,7,0.4155618969404342
5,2,7,0.8237080657963236
4,3,7,0.91089910393393
7,0,7,NaN
4,3,7,0.4352792448711989
2,5,7,NaN
6,1,7,0.14733608627972491
3,4,7,0.04531425270758149
3,4,7,NaN
6,1,7,NaN
6,1,7,0.7092033041123709
6,1,7,NaN
6,1,7,NaN
7,0,7,NaN
6,1,7,NaN
6,1,7,0.015029674653773693
6,1,7,0.2783692877527476
3,4,7,NaN
5,2,7,NaN
4,3,7,0.4475557477195245
6,1,7,0.04531425270758149
6,1,7,NaN
5,2,7,0.5417209770628222
7,0,7,0.8450772854630715
6,1,7,0.7726517314264018
5,2,7,0.9493033010224405
7,0,7,0.4011103777394731
6,1,7,0.053556438906752275
6,1,7,0.5865196674031864
6,1,7,NaN
7,0,7,NaN
6,1,7,NaN
6,1,7,NaN
6,1,7,0.4475557477195245
5,2,7,NaN
4,3,7,0.9392866348129599
6,1,7,NaN
3,4,7,0.47059718300816017
7,0,7,0.6670197930484625
2,5,7,0.24290906152647984
5,2,7,0.5183374556419776
7,0,7,0.631220773570296
3,4,7,0.24290906152647984
7,0,7,0.6717661875924231
2,5,7,NaN
4,3,7,0.8450772854630715
6,1,7,0.15938727449707998
5,2,7,NaN
6,1,7,0.7423423413009405
5,2,7,NaN
5,2,7,0.7726517314264018
5,2,7,0.8567150145957111
3,4,7,0.0932684286944658
6,1,7,0.10087359347892634
6,1,7,NaN
6,1,7,0.21185071034975703
4,3,7,0.3557510427918548
7,0,7,NaN
7,0,7,0.016656938369781698
2,5,7,0.15157201948529758
7,0,7,0.18348414923983342
3,4,7,NaN
5,2,7,NaN
4,3,7,NaN
6,1,7,0.0630282359819421
7,0,7,0.18348414923983342
5,2,7,0.9001259164326818
6,1,7,0.053556438906752275
4,3,7,NaN
3,4,7,0.053556438906752275
6,1,7,0.4475557477195245
2,5,7,0.3557510427918548
5,2,7,NaN
6,1,7,NaN
6,1,7,0.07361819104140599
4,3,7,0.631220773570296
7,0,7,NaN
6,1,7,0.18348414923983342
6,1,7,0.6717661875924231
2,5,7,NaN
5,2,7,0.2783692877527476
5,2,7,0.49543559874771725
7,0,7,NaN
6,1,7,0.5417209770628222
5,2,7,0.032853775051729074
6,1,7,NaN
5,2,7,0.19472917649073473
4,3,7,NaN
7,0,7,0.5183374556419776
4,3,7,NaN
6,1,7,NaN
7,0,7,0.008612112132389464
3,4,7,NaN
4,3,7,0.36901630423000625
4,3,7,NaN
6,1,7,0.11735031057960332
4,3,7,0.31538291069709495
5,2,7,NaN
4,3,7,0.03577866807317248
4,3,7,NaN
5,2,7,0.9272124484159221
7,0,7,2.028879521214614e-6
7,0,7,0.13695747655435897
5,2,7,0.16697450111615791
3,4,7,0.4475557477195245
6,1,7,0.7092033041123709
4,3,7,0.051574572606284015
6,1,7,NaN
7,0,7,NaN
3,4,7,NaN
5,2,7,NaN
4,3,7,0.7092033041123709
7,0,7,0.7726517314264018
7,0,7,0.2668400346081453
3,4,7,NaN
7,0,7,NaN
7,0,7,0.31538291069709495
2,5,7,NaN
5,2,7,0.2809578211923491
4,3,7,NaN
5,2,7,NaN
5,2,7,0.8237080657963236
6,1,7,0.19159711197536944
5,2,7,0.11646251271444097
3,4,7,NaN
6,1,7,0.8652322931034484
5,2,7,NaN
4,3,7,0.8450772854630715
5,2,7,0.7092033041123709
2,5,7,0.5865196674031864
7,0,7,0.631220773570296
2,5,7,NaN
5,2,7,0.032853775051729074
5,2,7,0.6717661875924231
4,3,7,NaN
3,4,7,0.00021172007881940726
7,0,7,0.5118687824565022
6,1,7,0.8450772854630715
7,0,7,0.9493033010224405
4,3,7,0.5417209770628222
7,0,7,NaN
4,3,7,0.20429730283709202
5,2,7,NaN
5,2,7,0.011335119107957231
4,3,7,NaN
5,2,7,0.9272124484159221
6,1,7,0.3571436615162706
7,0,7,0.5417209770628222
6,1,7,NaN
5,2,7,NaN
6,1,7,0.9394569650180941
7,0,7,NaN
4,3,7,NaN
7,0,7,NaN
7,0,7,NaN
4,3,7,NaN
3,4,7,NaN
6,1,7,0.10032275229784271
4,3,7,0.6717661875924231
6,1,7,NaN
2,5,7,0.03332667471359885
6,1,7,0.24290906152647984
5,2,7,NaN
2,5,7,NaN
4,3,7,0.8652322931034484
6,1,7,NaN
5,2,7,0.43205250861296085
6,1,7,NaN
6,1,7,NaN
5,2,7,0.2783692877527476
4,3,7,0.8652322931034484
5,2,7,NaN
3,4,7,0.8237080657963236
6,1,7,0.9272124484159221
4,3,7,NaN
7,0,7,0.24290906152647984
6,1,7,0.48945833991568644
7,0,7,NaN
7,0,7,0.4475557477195245
5,2,7,0.059773742234490494
6,1,7,0.438481079978752
7,0,7,0.4475557477195245
6,1,7,NaN
4,3,7,0.3457924028661233
6,1,7,0.988160491066313
5,2,7,0.9583290119876946
7,0,7,NaN
7,0,7,NaN
5,2,7,0.21185071034975703
7,0,7,NaN
5,2,7,0.07141183824096121
7,0,7,NaN
5,2,7,0.97330261036229
7,0,7,0.49543559874771725
5,2,7,0.7869407257884593
6,1,7,NaN
6,1,7,0.8860530318980872
6,1,7,0.4011103777394731
6,1,7,0.36709175082074785
5,2,7,0.8012183129642948
6,1,7,NaN
5,2,7,NaN
4,3,7,NaN
4,3,7,NaN
6,1,7,NaN
6,1,7,0.8237080657963236
1,6,7,NaN
6,1,7,0.9137791798943785
3,4,7,0.4475557477195245
5,2,7,NaN
7,0,7,0.032853775051729074
5,2,7,NaN
7,0,7,0.7423423413009405
5,2,7,0.07410943283789428
5,2,7,0.13695747655435897
5,2,7,NaN
3,4,7,NaN
7,0,7,NaN
3,4,7,NaN
6,1,7,NaN
6,1,7,0.023437746643316073
7,0,7,NaN
5,2,7,0.016656938369781698
6,1,7,0.2783692877527476
6,1,7,0.13684525122146476
4,3,7,0.07361819104140599
3,4,7,NaN
4,3,7,NaN
4,3,7,0.08840531491979761
1,6,7,0.31538291069709495
5,2,7,0.2783692877527476
4,3,7,0.49543559874771725
6,1,7,NaN
5,2,7,0.7038570448214456
6,1,7,NaN
1,6,7,0.24290906152647984
5,2,7,0.7423423413009405
4,3,7,0.053556438906752275
5,2,7,NaN
5,2,7,0.0047601675245812405
5,2,7,NaN
6,1,7,0.5587721585107637
6,1,7,0.32712525624106803
7,0,7,0.7726517314264018
7,0,7,NaN
5,2,7,NaN
4,3,7,0.597002046104909
5,2,7,0.49543559874771725
5,2,7,NaN
6,1,7,NaN
6,1,7,0.631220773570296
3,4,7,0.8035065475301313
7,0,7,NaN
6,1,7,0.7726517314264018
5,2,7,0.10032275229784271
5,2,7,0.24290906152647984
4,3,7,0.006162005486132496
6,1,7,0.12535701036362762
3,4,7,0.053556438906752275
6,1,7,NaN
5,2,7,0.011335119107957231
3,4,7,0.9137791798943785
4,3,7,0.6582344795822508
7,0,7,0.8237080657963236
4,3,7,NaN
7,0,7,0.023437746643316073
7,0,7,0.18348414923983342
6,1,7,NaN
4,3,7,0.3557510427918548
5,2,7,NaN
4,3,7,NaN
6,1,7,NaN
6,1,7,NaN
3,4,7,NaN
5,2,7,0.9394569650180941
4,3,7,0.08612589160650815
5,2,7,NaN
3,4,7,NaN
3,4,7,0.9001259164326818
6,1,7,0.24290906152647984
6,1,7,NaN
6,1,7,NaN
4,3,7,0.24983016740754818
6,1,7,NaN
6,1,7,0.8652322931034484
5,2,7,NaN
5,2,7,NaN
4,3,7,0.7423423413009405
7,0,7,NaN
7,0,7,NaN
7,0,7,0.27888095173498284
6,1,7,0.0630282359819421
6,1,7,0.6717661875924231
7,0,7,0.8652322931034484
4,3,7,NaN
4,3,7,NaN
5,2,7,NaN
5,2,7,0.0011479411764696121
3,4,7,0.7128003214641632
5,2,7,NaN
6,1,7,NaN
5,2,7,0.1376245476146776
3,4,7,0.4470201463232827
6,1,7,0.18348414923983342
4,3,7,0.003667812051649711
6,1,7,NaN
5,2,7,0.11881885597296148
2,5,7,0.5417209770628222
3,4,7,0.2783692877527476
3,4,7,NaN
4,3,7,0.032853775051729074
5,2,7,0.03831329598506057
6,1,7,0.8827570506600473
6,1,7,0.10453965175886143
6,1,7,0.9245369492091288
6,1,7,NaN
4,3,7,0.8652322931034484
6,1,7,0.7823599011535749
4,3,7,0.4475557477195245
2,5,7,NaN
4,3,7,NaN
4,3,7,0.2999204724897967
4,3,7,0.3557510427918548
5,2,7,0.9916966421839661
6,1,7,4.908214893206453e-6
6,1,7,0.5417209770628222
2,5,7,NaN
3,4,7,NaN
7,0,7,NaN
6,1,7,0.13695747655435897
6,1,7,0.08205886974833973
6,1,7,0.5865196674031864
5,2,7,NaN
3,4,7,NaN
3,4,7,0.2783692877527476
4,3,7,0.5064475937757155
5,2,7,0.7726517314264018
3,4,7,NaN
4,3,7,NaN
6,1,7,0.31538291069709495
7,0,7,0.5847567171990724
4,3,7,0.49543559874771725
6,1,7,NaN
4,3,7,NaN
5,2,7,0.2891119914176707
5,2,7,NaN
6,1,7,0.6381829524867688
5,2,7,0.4011103777394731
5,2,7,NaN
7,0,7,0.2783692877527476
6,1,7,0.07361819104140599
7,0,7,0.6717661875924231
5,2,7,0.3557510427918548
7,0,7,0.2157577586715062
4,3,7,0.04531425270758149
2,5,7,NaN
6,1,7,0.8827570506600473
3,4,7,0.8484596897227448
4,3,7,0.18481445368493432
5,2,7,0.6726559489107342
2,5,7,0.21185071034975703
5,2,7,0.21185071034975703
3,4,7,NaN
7,0,7,0.8652322931034484
5,2,7,0.04531425270758149
3,4,7,NaN
4,3,7,0.0630282359819421
2,5,7,NaN
6,1,7,NaN
5,2,7,NaN
6,1,7,0.24290906152647984
4,3,7,0.6605672398756506
3,4,7,0.0143133607905662
6,1,7,NaN
4,3,7,NaN
6,1,7,0.49543559874771725
6,1,7,0.17472016275617147
6,1,7,0.9663500458367166
5,2,7,NaN
1,6,7,0.05125361764942133
3,4,7,0.2783692877527476
5,2,7,0.701384143635943
3,4,7,NaN
7,0,7,0.4011103777394731
5,2,7,0.5707980959051718
2,5,7,0.13695747655435897
6,1,7,NaN
7,0,7,0.8237080657963236
4,3,7,NaN
4,3,7,0.5417209770628222
5,2,7,0.5417209770628222
6,1,7,0.24290906152647984
5,2,7,0.12149588864000452
7,0,7,0.9841738135856081
3,4,7,0.8652322931034484
4,3,7,NaN
4,3,7,0.6038548294314091
6,1,7,0.08612589160650815
5,2,7,0.15938727449707998
6,1,7,NaN
5,2,7,0.9001259164326818
7,0,7,0.8450772854630715
6,1,7,0.03831329598506057
6,1,7,0.010471938625974783
6,1,7,0.8017070843095779
6,1,7,0.00313676135318182
4,3,7,0.5417209770628222
1,6,7,NaN
5,2,7,NaN
6,1,7,NaN
5,2,7,0.7726517314264018
5,2,7,NaN
5,2,7,0.7092033041123709
3,4,7,0.9034844744746767
4,3,7,0.31538291069709495
4,3,7,NaN
5,2,7,NaN
1,6,7,NaN
7,0,7,0.10032275229784271
5,2,7,NaN
7,0,7,0.0006518537948046228
5,2,7,NaN
5,2,7,0.8827570506600473
4,3,7,0.7716423171976328
3,4,7,0.03542250385965071
4,3,7,0.6286352646486054
7,0,7,0.49543559874771725
7,0,7,NaN
4,3,7,0.019796251803769704
4,3,7,0.33206252338918735
6,1,7,0.24290906152647984
6,1,7,0.3557510427918548
7,0,7,0.18348414923983342
4,3,7,0.631220773570296
7,0,7,NaN
4,3,7,0.18348414923983342
4,3,7,0.884822587095584
6,1,7,0.7092033041123709
4,3,7,NaN
5,2,7,NaN
6,1,7,NaN
6,1,7,NaN
3,4,7,NaN
5,2,7,0.631220773570296
5,2,7,0.4475557477195245
4,3,7,0.6717661875924231
6,1,7,0.13695747655435897
6,1,7,0.49543559874771725
3,4,7,NaN
7,0,7,NaN
7,0,7,0.5865196674031864
3,4,7,NaN
6,1,7,0.31538291069709495
6,1,7,NaN
6,1,7,NaN
5,2,7,0.7423423413009405
6,1,7,0.007349342594627595
5,2,7,0.9272124484159221
6,1,7,NaN
5,2,7,NaN
6,1,7,0.7773220959067998
6,1,7,NaN
5,2,7,0.3557510427918548
7,0,7,3.4293561064898905e-5
4,3,7,NaN
7,0,7,0.9394569650180941
5,2,7,0.9992963309051539
4,3,7,0.4475557477195245
4,3,7,0.032853775051729074
2,5,7,NaN
5,2,7,NaN
5,2,7,NaN
4,3,7,NaN
7,0,7,NaN
5,2,7,0.031125888913427668
7,0,7,0.3760532220974157
6,1,7,NaN
6,1,7,0.4475557477195245
5,2,7,0.17356972116971547
7,0,7,NaN
3,4,7,NaN
1,6,7,0.21185071034975703
6,1,7,0.927676124573591
2,5,7,NaN
5,2,7,0.007349342594627595
5,2,7,0.22554188197615468
3,4,7,0.00109181297879201
4,3,7,NaN
6,1,7,0.4011103777394731
4,3,7,NaN
3,4,7,NaN
4,3,7,NaN
5,2,7,NaN
6,1,7,NaN
3,4,7,0.5865196674031864
5,2,7,0.8652322931034484
4,3,7,NaN
5,2,7,0.7511166189067229
7,0,7,0.08205886974833973
7,0,7,0.6877696185067498
4,3,7,0.2954562226479242
3,4,7,0.28215151070981126
2,5,7,0.7092033041123709
7,0,7,NaN
3,4,7,NaN
3,4,7,0.5865196674031864
5,2,7,0.8006696868167401
5,2,7,NaN
6,1,7,0.07361819104140599
7,0,7,0.5865196674031864
6,1,7,0.7726517314264018
7,0,7,0.23152784084704592
6,1,7,0.703988719890633
6,1,7,NaN
4,3,7,0.08612589160650815
5,2,7,0.24290906152647984
5,2,7,NaN
4,3,7,NaN
5,2,7,NaN
6,1,7,NaN
6,1,7,NaN
5,2,7,0.8237080657963236
6,1,7,NaN
6,1,7,0.4155618969404342
5,2,7,NaN
7,0,7,NaN
6,1,7,0.9001259164326818
6,1,7,0.0630282359819421
4,3,7,0.2559921408322171
5,2,7,0.13695747655435897
4,3,7,NaN
3,4,7,0.631220773570296
5,2,7,NaN
7,0,7,NaN
4,3,7,0.3005545522921389
4,3,7,0.009325005405405363
5,2,7,0.10032275229784271
5,2,7,NaN
4,3,7,NaN
6,1,7,0.0051653647514528205
6,1,7,NaN
4,3,7,NaN
7,0,7,NaN
6,1,7,NaN
4,3,7,0.0010351955229261772
4,3,7,0.043786390847483266
5,2,7,0.0037676114872972023
5,2,7,0.11735031057960332
7,0,7,0.9663500458367166
7,0,7,0.11735031057960332
6,1,7,NaN
5,2,7,0.005559951765226785
7,0,7,0.3940738179546217
7,0,7,NaN
7,0,7,NaN
7,0,7,0.4475557477195245
5,2,7,8.761689815646635e-11
5,2,7,0.023437746643316073
7,0,7,NaN
5,2,7,NaN
6,1,7,0.03831329598506057
7,0,7,NaN
6,1,7,NaN
5,2,7,0.0015556903612297225
3,4,7,NaN
4,3,7,0.10032275229784271
3,4,7,NaN
5,2,7,NaN
4,3,7,0.85472980870572
6,1,7,0.546152762799012
6,1,7,0.2783692877527476
5,2,7,NaN
4,3,7,NaN
3,4,7,0.2783692877527476
3,4,7,NaN
6,1,7,0.6249800346133993
4,3,7,0.6716652977267321
7,0,7,0.01384068834559692
5,2,7,NaN
7,0,7,0.3557510427918548
6,1,7,NaN
4,3,7,0.01964751139271028
7,0,7,NaN
5,2,7,0.6717661875924231
5,2,7,NaN
4,3,7,NaN
3,4,7,NaN
7,0,7,0.07361819104140599
6,1,7,0.0004895913009186018
5,2,7,NaN
6,1,7,0.3557510427918548
4,3,7,0.21185071034975703
5,2,7,NaN
3,4,7,0.3557510427918548
6,1,7,0.5417209770628222
4,3,7,0.15938727449707998
4,3,7,0.9137791798943785
6,1,7,NaN
5,2,7,NaN
5,2,7,0.019796251803769704
6,1,7,0.031899501372293
7,0,7,0.9001259164326818
6,1,7,NaN
5,2,7,0.7423423413009405
4,3,7,0.4475557477195245
6,1,7,0.11881885597296148
5,2,7,NaN
4,3,7,NaN
1,6,7,0.40538887276656754
6,1,7,0.8450772854630715
3,4,7,0.31538291069709495
6,1,7,NaN
6,1,7,NaN
3,4,7,0.5742350835094675
4,3,7,0.5417209770628222
6,1,7,0.49543559874771725
5,2,7,NaN
5,2,7,0.2783692877527476
7,0,7,NaN
5,2,7,NaN
7,0,7,0.09901566991057525
6,1,7,0.016656938369781698
5,2,7,NaN
4,3,7,0.7726517314264018
4,3,7,0.321221426047442
3,4,7,NaN
5,2,7,NaN
5,2,7,NaN
2,5,7,NaN
4,3,7,NaN
3,4,7,0.6006912051840948
7,0,7,NaN
5,2,7,NaN
3,4,7,0.011335119107957231
5,2,7,0.31538291069709495
7,0,7,0.8237080657963236
6,1,7,NaN
6,1,7,0.0005735517524959039
6,1,7,0.28253353147859145
6,1,7,0.016656938369781698
4,3,7,0.9137791798943785
4,3,7,0.15938727449707998
5,2,7,0.0011479411764696121
2,5,7,NaN
1,6,7,NaN
4,3,7,NaN
7,0,7,0.8652322931034484
3,4,7,NaN
5,2,7,NaN
3,4,7,0.3557510427918548
6,1,7,NaN
4,3,7,NaN
3,4,7,0.002554296248323554
2,5,7,0.07361819104140599
4,3,7,NaN
5,2,7,0.8237080657963236
6,1,7,NaN
3,4,7,0.22637100542718774
5,2,7,0.49543559874771725
3,4,7,0.10032275229784271
5,2,7,0.7014753154795036
7,0,7,0.11881885597296148
1,6,7,0.20308914654781968
3,4,7,0.3557510427918548
6,1,7,NaN
6,1,7,NaN
4,3,7,0.5865196674031864
4,3,7,NaN
5,2,7,0.7726517314264018
4,3,7,0.508227344878432
6,1,7,0.9001259164326818
4,3,7,0.0004903203050759656
5,2,7,0.18348414923983342
5,2,7,0.006228284946679394
6,1,7,0.33430800744614414
4,3,7,NaN
7,0,7,0.13695747655435897
5,2,7,NaN
1,6,7,0.02787455723542097
7,0,7,0.7423423413009405
4,3,7,NaN
1,6,7,0.07361819104140599
6,1,7,0.7423423413009405
6,1,7,NaN
5,2,7,NaN
6,1,7,0.4637697101810899
6,1,7,NaN
6,1,7,0.12301661974167649
5,2,7,NaN
4,3,7,NaN
7,0,7,0.4475557477195245
4,3,7,0.9753762328488381
5,2,7,0.8237080657963236
5,2,7,0.6717661875924231
6,1,7,NaN
6,1,7,0.5972060301998896
7,0,7,0.8652322931034484
7,0,7,NaN
5,2,7,0.9590286414731528
6,1,7,NaN
5,2,7,NaN
4,3,7,NaN
6,1,7,0.9001259164326818
6,1,7,0.9001259164326818
2,5,7,NaN
7,0,7,0.32135031818130005
5,2,7,NaN
6,1,7,NaN
5,2,7,NaN
6,1,7,0.8006696868167401
3,4,7,0.0012978216878787687
4,3,7,0.49543559874771725
6,1,7,NaN
5,2,7,0.18194466326707606
5,2,7,0.01602270647545899
1,6,7,NaN
7,0,7,0.18348414923983342
3,4,7,0.8052971416746826
1,6,7,0.23842092967590148
4,3,7,0.8774495750452231
5,2,7,NaN
4,3,7,0.3575534733500888
7,0,7,0.2714976848618461
6,1,7,NaN
6,1,7,0.10032275229784271
6,1,7,0.2307478702826715
5,2,7,0.3557510427918548
6,1,7,NaN
5,2,7,0.5865196674031864
5,2,7,NaN
3,4,7,0.3557510427918548
6,1,7,0.9394569650180941
6,1,7,0.6717661875924231
7,0,7,NaN
4,3,7,NaN
5,2,7,0.4011103777394731
7,0,7,NaN
7,0,7,NaN
7,0,7,0.49543559874771725
5,2,7,NaN
5,2,7,NaN
6,1,7,0.7726517314264018
2,5,7,NaN
5,2,7,NaN
6,1,7,0.4475557477195245
4,3,7,NaN
6,1,7,NaN
5,2,7,0.4475557477195245
4,3,7,NaN
5,2,7,NaN
6,1,7,NaN
4,3,7,0.13695747655435897
7,0,7,0.7726517314264018
6,1,7,0.053556438906752275
7,0,7,NaN
5,2,7,0.48945833991568644
7,0,7,NaN
5,2,7,0.8237080657963236
7,0,7,NaN
2,5,7,0.04661481945225271
4,3,7,0.21185071034975703
3,4,7,0.7423423413009405
5,2,7,0.4475557477195245
5,2,7,0.10032275229784271
3,4,7,0.9493033010224405
5,2,7,0.8006696868167401
7,0,7,0.01384068834559692
7,0,7,NaN
5,2,7,NaN
6,1,7,0.7086978336831354
5,2,7,0.3257757903334994
6,1,7,0.631220773570296
3,4,7,NaN
7,0,7,0.4011103777394731
2,5,7,0.47666409954554445
5,2,7,NaN
6,1,7,0.9630945025694654
3,4,7,0.011335119107957231
7,0,7,0.11735031057960332
5,2,7,0.0011479411764696121
6,1,7,NaN
3,4,7,0.8006696868167401
2,5,7,NaN
4,3,7,NaN
5,2,7,NaN
5,2,7,0.631220773570296
3,4,7,NaN
4,3,7,0.5865196674031864
6,1,7,NaN
5,2,7,0.006162005486132496
2,5,7,NaN
6,1,7,0.18348414923983342
6,1,7,0.2783692877527476
5,2,7,NaN
6,1,7,0.3711151146781179
7,0,7,0.7423423413009405
5,2,7,0.49543559874771725
5,2,7,0.13695747655435897
6,1,7,0.00043007959391900007
5,2,7,NaN
6,1,7,NaN
6,1,7,0.8006696868167401
6,1,7,0.5865196674031864
5,2,7,0.5865196674031864
6,1,7,0.5791089766838394
7,0,7,0.5802917560236949
6,1,7,NaN
5,2,7,NaN
2,5,7,NaN
5,2,7,0.024729265768079406
5,2,7,0.14203042238198715
6,1,7,0.21185071034975703
7,0,7,0.8954942781772826
6,1,7,0.7423423413009405
5,2,7,0.3557510427918548
4,3,7,0.7092033041123709
5,2,7,0.00028079734987518763
3,4,7,NaN
6,1,7,0.0025305598877838143
3,4,7,0.5865196674031864
4,3,7,0.8827570506600473
4,3,7,0.631220773570296
3,4,7,0.8006696868167401
2,5,7,NaN
4,3,7,NaN
4,3,7,0.6267234795477321
6,1,7,0.5417209770628222
4,3,7,NaN
4,3,7,NaN
5,2,7,NaN
4,3,7,NaN
3,4,7,0.9272124484159221
3,4,7,NaN
6,1,7,NaN
7,0,7,0.015503260418305615
5,2,7,NaN
5,2,7,0.031899501372293
1,6,7,0.9572699662678236
5,2,7,NaN
4,3,7,0.4223066230139843
4,3,7,0.18348414923983342
2,5,7,NaN
2,5,7,0.11735031057960332
6,1,7,0.014655993394411452
6,1,7,NaN
4,3,7,NaN
5,2,7,0.6717661875924231
5,2,7,0.31538291069709495
5,2,7,NaN
5,2,7,0.07361819104140599
6,1,7,0.6718829133842396
7,0,7,0.13695747655435897
4,3,7,NaN
4,3,7,0.7092033041123709
7,0,7,0.5865196674031864
2,5,7,NaN
4,3,7,0.5417209770628222
7,0,7,NaN
6,1,7,NaN
3,4,7,0.596977664396597
7,0,7,0.24637969887526942
4,3,7,0.6717661875924231
3,4,7,NaN
7,0,7,0.15938727449707998
5,2,7,0.3557510427918548
7,0,7,0.7423423413009405
6,1,7,0.3557510427918548
7,0,7,0.11841119427115916
6,1,7,NaN
6,1,7,0.6354543051814695
7,0,7,0.20279334984652234
4,3,7,0.023437746643316073
4,3,7,0.7423423413009405
6,1,7,0.631220773570296
6,1,7,0.8166537600148869
5,2,7,NaN
6,1,7,0.9733084005106692
5,2,7,0.5417209770628222
3,4,7,0.4475557477195245
7,0,7,0.053556438906752275
7,0,7,NaN
3,4,7,NaN
7,0,7,NaN
3,4,7,0.8652322931034484
2,5,7,0.21185071034975703
6,1,7,NaN
5,2,7,0.5865196674031864
2,5,7,NaN
4,3,7,0.631220773570296
6,1,7,NaN
5,2,7,0.9289574377480995
2,5,7,0.03831329598506057
5,2,7,NaN
4,3,7,NaN
5,2,7,0.00010685329108371784
2,5,7,0.03831329598506057
6,1,7,0.9590286414731528
5,2,7,0.9001259164326818
5,2,7,0.0051653647514528205
5,2,7,0.5417209770628222
5,2,7,0.3557510427918548
6,1,7,0.2668400346081453
6,1,7,NaN
6,1,7,0.10032275229784271
3,4,7,NaN
7,0,7,0.47898285540188773
3,4,7,NaN
6,1,7,NaN
5,2,7,NaN
5,2,7,0.1842136186312726
4,3,7,0.03307529944720139
5,2,7,0.49543559874771725
5,2,7,NaN
4,3,7,0.18348414923983342
5,2,7,0.24290906152647984
5,2,7,NaN
6,1,7,0.8237080657963236
5,2,7,0.21185071034975703
2,5,7,NaN
6,1,7,0.13695747655435897
6,1,7,NaN
5,2,7,0.18348414923983342
6,1,7,0.31538291069709495
6,1,7,0.035124666925619275
6,1,7,0.7880528047596678
4,3,7,0.032853775051729074
5,2,7,0.631220773570296
7,0,7,NaN
5,2,7,0.21185071034975703
4,3,7,NaN
5,2,7,0.4475557477195245
5,2,7,0.5417209770628222
4,3,7,0.7074836137119663
6,1,7,NaN
4,3,7,0.9590286414731528
5,2,7,0.053556438906752275
6,1,7,0.631220773570296
5,2,7,NaN
6,1,7,0.8237080657963236
5,2,7,0.7726517314264018
6,1,7,0.10032275229784271
1,6,7,0.9931276869131024
5,2,7,NaN
4,3,7,0.5417209770628222
4,3,7,0.2783692877527476
1,6,7,0.4693437400156748
6,1,7,0.8652322931034484
7,0,7,0.6453711054401953
3,4,7,NaN
7,0,7,0.02787455723542097
4,3,7,0.545442080694089
4,3,7,NaN
3,4,7,0.9990719393312734
5,2,7,0.3557510427918548
6,1,7,NaN
5,2,7,NaN
3,4,7,2.340849401731311e-5
5,2,7,0.30623635626219897
4,3,7,0.10567167284309864
6,1,7,0.6702125184631231
6,1,7,0.17356972116971547
4,3,7,0.3076528796990446
4,3,7,NaN
4,3,7,5.905494588999295e-6
7,0,7,0.24290906152647984
5,2,7,0.8652322931034484
5,2,7,0.0630282359819421
7,0,7,0.053556438906752275
5,2,7,0.8237080657963236
5,2,7,NaN
7,0,7,NaN
6,1,7,0.05618513065833065
5,2,7,0.5417209770628222
2,5,7,NaN
6,1,7,0.01847294436520439
5,2,7,0.11735031057960332
5,2,7,0.002196111810611545
6,1,7,0.2996747596134443
4,3,7,NaN
7,0,7,0.2783692877527476
7,0,7,NaN
4,3,7,NaN
6,1,7,NaN
2,5,7,NaN
6,1,7,0.009411711163535662
6,1,7,0.8616414078368598
7,0,7,0.2787356661998807
6,1,7,0.7092033041123709
7,0,7,0.21793114523149193
5,2,7,NaN
7,0,7,0.07361819104140599
5,2,7,0.3557510427918548
5,2,7,0.8237080657963236
4,3,7,0.631220773570296
3,4,7,NaN
5,2,7,0.4475557477195245
5,2,7,0.12119744326034639
3,4,7,NaN
3,4,7,0.8237080657963236
7,0,7,NaN
5,2,7,0.4011103777394731
7,0,7,0.9307930066888556
3,4,7,0.03831329598506057
5,2,7,0.2783692877527476
5,2,7,0.8958762517401009
4,3,7,0.18348414923983342
5,2,7,0.8416968816058027
4,3,7,NaN
5,2,7,NaN
5,2,7,0.15938727449707998
3,4,7,NaN
4,3,7,0.7092033041123709
5,2,7,0.15938727449707998
5,2,7,0.8827570506600473
5,2,7,NaN
3,4,7,0.16442182407226374
3,4,7,0.3557510427918548
6,1,7,NaN
6,1,7,0.7925277857155424
1,6,7,0.3557510427918548
6,1,7,0.6717661875924231
3,4,7,0.6018962792846809
3,4,7,0.18348414923983342
1,6,7,NaN
6,1,7,NaN
6,1,7,0.9493033010224405
3,4,7,0.5865196674031864
4,3,7,0.3592088183055866
5,2,7,NaN
5,2,7,0.053556438906752275
5,2,7,NaN
7,0,7,0.5865196674031864
3,4,7,0.7423423413009405
3,4,7,NaN
3,4,7,0.0022668194929532054
5,2,7,NaN
4,3,7,0.2783692877527476
6,1,7,NaN
4,3,7,NaN
6,1,7,NaN
5,2,7,NaN
6,1,7,NaN
1,6,7,0.03831329598506057
7,0,7,0.7092033041123709
6,1,7,NaN
7,0,7,NaN
7,0,7,NaN
5,2,7,0.04099133246999384
3,4,7,0.49543559874771725
7,0,7,0.784652484882803
2,5,7,NaN
7,0,7,0.029271084155030925
3,4,7,NaN
5,2,7,NaN
1,6,7,NaN
6,1,7,0.016656938369781698
4,3,7,0.17638798005766676
7,0,7,0.18348414923983342
3,4,7,NaN
5,2,7,NaN
6,1,7,NaN
7,0,7,NaN
3,4,7,NaN
7,0,7,NaN
5,2,7,0.9455485413198924
5,2,7,NaN
6,1,7,0.7726517314264018
4,3,7,NaN
5,2,7,NaN
3,4,7,NaN
3,4,7,0.4011103777394731
5,2,7,NaN
6,1,7,NaN
7,0,7,NaN
6,1,7,0.020494194373422217
6,1,7,NaN
6,1,7,0.3557510427918548
6,1,7,0.051085957214490704
4,3,7,0.8652322931034484
7,0,7,0.5865196674031864
5,2,7,NaN
5,2,7,0.10032275229784271
2,5,7,0.427204461150603
4,3,7,0.21185071034975703
2,5,7,NaN
6,1,7,0.7423423413009405
5,2,7,0.631220773570296
5,2,7,NaN
5,2,7,NaN
2,5,7,NaN
5,2,7,NaN
7,0,7,0.9272124484159221
4,3,7,0.4475557477195245
7,0,7,NaN
5,2,7,0.8237080657963236
6,1,7,NaN
7,0,7,NaN
7,0,7,NaN
6,1,7,NaN
2,5,7,0.06182238083326743
5,2,7,0.053556438906752275
6,1,7,0.4011103777394731
4,3,7,NaN
7,0,7,0.6717661875924231
5,2,7,NaN
4,3,7,0.04737237806624203
5,2,7,NaN
4,3,7,0.44759481517867167
6,1,7,0.6717661875924231
5,2,7,0.4011103777394731
5,2,7,NaN
5,2,7,NaN
4,3,7,0.49543559874771725
5,2,7,0.6547439511859406
6,1,7,0.21185071034975703
5,2,7,NaN
2,5,7,0.05159792981011637
5,2,7,0.631220773570296
6,1,7,0.6717661875924231
4,3,7,0.24290906152647984
5,2,7,0.7092033041123709
3,4,7,0.08144170773349156
5,2,7,0.7423423413009405
4,3,7,NaN
7,0,7,NaN
7,0,7,0.33430800744614414
1,6,7,0.9001259164326818
3,4,7,0.15938727449707998
6,1,7,0.31876511282887343
5,2,7,NaN
5,2,7,0.002174644490643963
5,2,7,0.49543559874771725
2,5,7,NaN
6,1,7,0.06731481983907747
3,4,7,NaN
3,4,7,NaN
5,2,7,0.9394569650180941
5,2,7,0.24290906152647984
6,1,7,0.6717661875924231
6,1,7,0.09697756962107856
7,0,7,0.504317522468818
4,3,7,0.45430520763052584
3,4,7,NaN
3,4,7,NaN
6,1,7,0.7770885885897552
6,1,7,NaN
4,3,7,0.18348414923983342
4,3,7,0.1752313472226841
3,4,7,0.8526324443380607
6,1,7,NaN
2,5,7,NaN
4,3,7,0.9733084005106692
3,4,7,0.4827279682959042
5,2,7,0.784231509969405
5,2,7,NaN
4,3,7,0.6476071350760023
5,2,7,NaN
2,5,7,NaN
7,0,7,0.3557510427918548
3,4,7,0.9001259164326818
3,4,7,0.0630282359819421
6,1,7,NaN
6,1,7,0.7903822827145811
2,5,7,NaN
4,3,7,0.9789190809366978
6,1,7,0.00881392655895506
3,4,7,0.4011103777394731
5,2,7,0.31538291069709495
5,2,7,NaN
6,1,7,0.8652322931034484
6,1,7,NaN
6,1,7,0.2783692877527476
5,2,7,0.24290906152647984
7,0,7,NaN
4,3,7,0.9831295068160263
7,0,7,0.24290906152647984
4,3,7,0.8006696868167401
6,1,7,NaN
4,3,7,0.8237080657963236
6,1,7,NaN
4,3,7,0.8237080657963236
5,2,7,NaN
5,2,7,0.7092033041123709
6,1,7,0.9394569650180941
6,1,7,0.7092033041123709
4,3,7,0.2023842908463311
5,2,7,NaN
7,0,7,0.5417209770628222
4,3,7,0.7657133353504112
3,4,7,0.21185071034975703
5,2,7,0.9272124484159221
5,2,7,0.6717661875924231
3,4,7,0.01384068834559692
5,2,7,0.17061968600930538
7,0,7,0.5865196674031864
4,3,7,NaN
5,2,7,0.3104007961617031
5,2,7,0.31538291069709495
4,3,7,NaN
6,1,7,0.7423423413009405
2,5,7,NaN
7,0,7,NaN
5,2,7,0.18348414923983342
3,4,7,0.21185071034975703
4,3,7,NaN
4,3,7,NaN
7,0,7,NaN
7,0,7,0.0032344506104328807
7,0,7,0.5865196674031864
3,4,7,0.3557510427918548
3,4,7,0.9245369492091288
7,0,7,0.0003230500765620089
2,5,7,0.21185071034975703
5,2,7,NaN
7,0,7,NaN
5,2,7,0.5417209770628222
4,3,7,0.18348414923983342
4,3,7,0.9394569650180941
7,0,7,0.07361819104140599
4,3,7,0.24290906152647984
6,1,7,NaN
4,3,7,0.9209020711274325
7,0,7,0.9001259164326818
5,2,7,0.0015506799637766114
5,2,7,NaN
7,0,7,0.005647728192071449
6,1,7,0.7726517314264018
4,3,7,NaN
7,0,7,0.15938727449707998
2,5,7,0.5865196674031864
3,4,7,0.13695747655435897
1,6,7,0.5417209770628222
5,2,7,0.7423423413009405
6,1,7,0.28253353147859145
7,0,7,0.4087914221489063
2,5,7,0.21185071034975703
6,1,7,0.8079928207706086
7,0,7,0.24290906152647984
3,4,7,0.6717661875924231
4,3,7,0.504317522468818
2,5,7,NaN
5,2,7,0.8237080657963236
5,2,7,0.5417209770628222
5,2,7,0.7921036530766452
6,1,7,NaN
4,3,7,0.005160717738431621
7,0,7,0.4155618969404342
6,1,7,0.4475557477195245
6,1,7,NaN
5,2,7,0.7726517314264018
5,2,7,NaN
6,1,7,NaN
7,0,7,NaN
6,1,7,0.15938727449707998
5,2,7,NaN
6,1,7,NaN
4,3,7,0.005846681835556824
6,1,7,0.6717661875924231
2,5,7,0.9137791798943785
4,3,7,0.9004333563474045
6,1,7,0.3940738179546217
4,3,7,NaN
1,6,7,0.0780605596349914
6,1,7,0.7092033041123709
2,5,7,0.7092033041123709
1,6,7,0.7092033041123709
6,1,7,0.7092033041123709
2,5,7,0.7726517314264018
3,4,7,NaN
6,1,7,NaN
5,2,7,NaN
4,3,7,NaN
5,2,7,0.8652322931034484
4,3,7,NaN
3,4,7,NaN
5,2,7,NaN
7,0,7,0.048634953424044204
1,6,7,0.321221426047442
6,1,7,0.11735031057960332
1,6,7,0.8237080657963236
7,0,7,0.032853775051729074
6,1,7,0.3921225773990182
7,0,7,0.10032275229784271
1,6,7,0.4011103777394731
5,2,7,NaN
7,0,7,0.49543559874771725
6,1,7,NaN
5,2,7,0.8493614973272341
2,5,7,0.8653855357790629
4,3,7,NaN
4,3,7,0.5417209770628222
5,2,7,0.21793114523149193
3,4,7,NaN
5,2,7,0.3557510427918548
4,3,7,NaN
5,2,7,NaN
6,1,7,0.24206525087590497
2,5,7,0.8500948623290027
1,6,7,0.8450772854630715
4,3,7,0.2494557729056143
6,1,7,0.26771753006387256
5,2,7,0.9602397512398567
4,3,7,0.24290906152647984
6,1,7,NaN
2,5,7,NaN
4,3,7,0.9708301130493874
6,1,7,0.784652484882803
6,1,7,0.9278387948490197
5,2,7,0.0630282359819421
4,3,7,0.032853775051729074
5,2,7,0.507237906807879
3,4,7,NaN
6,1,7,0.5218395391751623
5,2,7,0.007349342594627595
1,6,7,NaN
5,2,7,NaN
5,2,7,NaN
5,2,7,NaN
5,2,7,NaN
6,1,7,NaN
1,6,7,0.2783692877527476
2,5,7,NaN
4,3,7,NaN
7,0,7,0.21369630969567505
7,0,7,0.4475557477195245
5,2,7,NaN
4,3,7,0.6717661875924231
7,0,7,NaN
6,1,7,0.8237080657963236
5,2,7,0.9546864705558098
3,4,7,0.8986402647140945
6,1,7,NaN
5,2,7,0.01384068834559692
4,3,7,NaN
5,2,7,NaN
5,2,7,NaN
6,1,7,0.8450772854630715
1,6,7,NaN
6,1,7,0.7008889145275486
6,1,7,0.022821214868286834
7,0,7,0.8652322931034484
1,6,7,NaN
5,2,7,0.01384068834559692
3,4,7,NaN
3,4,7,0.321221426047442
4,3,7,NaN
4,3,7,0.9916966421839661
6,1,7,0.8827570506600473
6,1,7,0.002196111810611545
2,5,7,NaN
5,2,7,0.8827570506600473
4,3,7,0.07361819104140599
5,2,7,0.6717661875924231
4,3,7,NaN
2,5,7,0.21185071034975703
1,6,7,0.4475557477195245
1,6,7,NaN
4,3,7,NaN
4,3,7,NaN
4,3,7,0.5417209770628222
3,4,7,NaN
6,1,7,NaN
5,2,7,0.8237080657963236
3,4,7,NaN
7,0,7,0.24290906152647984
5,2,7,0.8237080657963236
3,4,7,0.13695747655435897
4,3,7,0.043004562856591474
2,5,7,NaN
7,0,7,NaN
3,4,7,0.8237080657963236
4,3,7,NaN
4,3,7,0.49543559874771725
4,3,7,0.7423423413009405
3,4,7,NaN
7,0,7,0.10048942274104394
4,3,7,0.21185071034975703
6,1,7,NaN
7,0,7,0.7433590367901758
4,3,7,0.5417209770628222
6,1,7,0.5417209770628222
4,3,7,0.631220773570296
1,6,7,0.8827570506600473
5,2,7,0.631220773570296
6,1,7,0.13695747655435897
5,2,7,0.4519591646295006
4,3,7,NaN
4,3,7,0.2783692877527476
6,1,7,NaN
7,0,7,0.9943152957847301
1,6,7,0.7938688484783513
5,2,7,NaN
4,3,7,NaN
4,3,7,0.09109759119630627
5,2,7,0.631220773570296
2,5,7,NaN
5,2,7,NaN
4,3,7,NaN
3,4,7,0.21185071034975703
5,2,7,0.2783692877527476
2,5,7,0.8237080657963236
5,2,7,0.9001259164326818
6,1,7,0.9137791798943785
5,2,7,NaN
7,0,7,0.4011103777394731
4,3,7,0.5865196674031864
2,5,7,NaN
6,1,7,NaN
4,3,7,0.9137791798943785
5,2,7,NaN
5,2,7,NaN
1,6,7,NaN
4,3,7,NaN
3,4,7,0.0939123558983152
6,1,7,0.6717661875924231
5,2,7,0.2417689110487172
4,3,7,0.8450772854630715
3,4,7,NaN
4,3,7,NaN
7,0,7,NaN
2,5,7,NaN
6,1,7,0.8450772854630715
7,0,7,0.4761631564201882
3,4,7,0.06301655851591602
5,2,7,0.6717661875924231
7,0,7,0.00025841472240767
7,0,7,0.009325005405405363
5,2,7,0.4833797088764611
4,3,7,NaN
2,5,7,NaN
2,5,7,NaN
7,0,7,0.5085888036623277
1,6,7,NaN
5,2,7,0.5847567171990724
4,3,7,NaN
5,2,7,0.8303658393536664
7,0,7,0.5847567171990724
5,2,7,NaN
7,0,7,0.7680372377237703
6,1,7,0.043874772423653466
4,3,7,0.2783692877527476
7,0,7,0.9335053885363508
7,0,7,0.5142466969961698
3,4,7,0.7423423413009405
1,6,7,NaN
7,0,7,0.5417209770628222
7,0,7,0.3457924028661233
6,1,7,NaN
3,4,7,NaN
7,0,7,0.02787455723542097
4,3,7,0.31538291069709495
7,0,7,NaN
6,1,7,NaN
4,3,7,NaN
5,2,7,0.7732543004398685
5,2,7,NaN
4,3,7,0.9493033010224405
5,2,7,0.14005510436937998
5,2,7,0.6717661875924231
3,4,7,NaN
5,2,7,NaN
6,1,7,NaN
6,1,7,0.5417209770628222
7,0,7,0.11735031057960332
5,2,7,0.49543559874771725
1,6,7,NaN
6,1,7,0.3314177058290165
5,2,7,0.15938727449707998
7,0,7,0.5901450920709365
6,1,7,0.8827570506600473
2,5,7,0.2954562226479242
2,5,7,NaN
5,2,7,0.6717661875924231
1,6,7,NaN
6,1,7,NaN
5,2,7,0.9137791798943785
2,5,7,NaN
4,3,7,0.5865196674031864
4,3,7,0.13695747655435897
7,0,7,NaN
5,2,7,NaN
3,4,7,0.008169738303803435
3,4,7,NaN
3,4,7,0.10032275229784271
5,2,7,0.631220773570296
7,0,7,0.9047853618061095
5,2,7,NaN
5,2,7,0.9663500458367166
6,1,7,0.4475557477195245
5,2,7,0.22979658487915589
7,0,7,0.9394569650180941
1,6,7,NaN
7,0,7,0.008629538696281362
2,5,7,0.6717661875924231
3,4,7,0.9590286414731528
1,6,7,NaN
3,4,7,0.9001259164326818
5,2,7,NaN
3,4,7,NaN
5,2,7,0.009325005405405363
2,5,7,NaN
3,4,7,0.012210223849175236
2,5,7,NaN
5,2,7,0.9871472953753332
6,1,7,NaN
5,2,7,0.02633574449857519
6,1,7,0.016656938369781698
5,2,7,NaN
3,4,7,0.8652322931034484
5,2,7,0.9789190809366978
4,3,7,0.09236770052746603
5,2,7,NaN
1,6,7,0.2783692877527476
6,1,7,0.3464128385157782
3,4,7,0.08612589160650815
5,2,7,0.008891624123104661
4,3,7,NaN
3,4,7,NaN
7,0,7,0.0706497928444649
4,3,7,0.3557510427918548
2,5,7,NaN
2,5,7,NaN
7,0,7,NaN
6,1,7,0.11735031057960332
2,5,7,0.0630282359819421
2,5,7,0.004895895863037059
5,2,7,NaN
7,0,7,NaN
7,0,7,NaN
4,3,7,0.8652322931034484
5,2,7,0.8237080657963236
4,3,7,0.7092033041123709
6,1,7,0.6796560791431746
5,2,7,0.7726517314264018
3,4,7,0.3955919342281916
4,3,7,0.7726517314264018
5,2,7,0.016656938369781698
2,5,7,0.09556004566932308
6,1,7,0.21185071034975703
2,5,7,0.019858005654448223
5,2,7,NaN
1,6,7,0.164811978123913
3,4,7,1.0764245929264678e-7
6,1,7,0.10032275229784271
5,2,7,NaN
2,5,7,0.9467672437056064
7,0,7,0.0003167614054397556
3,4,7,0.10032275229784271
4,3,7,0.2783692877527476
5,2,7,NaN
1,6,7,0.2783692877527476
4,3,7,NaN
3,4,7,NaN
6,1,7,0.9733084005106692
5,2,7,NaN
5,2,7,NaN
3,4,7,NaN
6,1,7,0.10032275229784271
5,2,7,0.5417209770628222
4,3,7,NaN
4,3,7,NaN
3,4,7,0.8237080657963236
5,2,7,0.5865196674031864
3,4,7,0.8006696868167401
2,5,7,0.9001259164326818
5,2,7,0.9602397512398567
5,2,7,NaN
5,2,7,NaN
6,1,7,0.24290906152647984
5,2,7,0.3943586556899317
5,2,7,0.9137791798943785
6,1,7,NaN
3,4,7,NaN
5,2,7,0.023437746643316073
4,3,7,0.09463974418193022
7,0,7,0.01384068834559692
5,2,7,0.9493033010224405
4,3,7,0.17084533784849054
4,3,7,NaN
5,2,7,NaN
4,3,7,0.9733084005106692
4,3,7,NaN
6,1,7,0.15101837449407893
3,4,7,0.011335119107957231
5,2,7,NaN
1,6,7,NaN
4,3,7,0.9394569650180941
6,1,7,NaN
5,2,7,0.8404169248638481
5,2,7,NaN
3,4,7,NaN
6,1,7,NaN
5,2,7,0.03963139213085839
5,2,7,0.9272124484159221
2,5,7,NaN
5,2,7,0.13695747655435897
2,5,7,NaN
5,2,7,NaN
5,2,7,NaN
6,1,7,0.09585577161339616
6,1,7,NaN
4,3,7,NaN
5,2,7,NaN
6,1,7,0.8416968816058027
1,6,7,0.888368358349433
3,4,7,NaN
3,4,7,0.11735031057960332
4,3,7,0.023437746643316073
5,2,7,0.2783692877527476
3,4,7,0.023459071009921836
5,2,7,0.004243052065979369
4,3,7,0.053556438906752275
6,1,7,NaN
4,3,7,NaN
3,4,7,0.5417209770628222
3,4,7,NaN
3,4,7,0.6717661875924231
6,1,7,0.24290906152647984
6,1,7,0.21185071034975703
4,3,7,NaN
3,4,7,NaN
1,6,7,NaN
7,0,7,0.032853775051729074
5,2,7,0.9001259164326818
5,2,7,0.011335119107957231
4,3,7,NaN
5,2,7,NaN
4,3,7,NaN
5,2,7,NaN
2,5,7,NaN
2,5,7,0.6717661875924231
5,2,7,NaN
7,0,7,0.13695747655435897
7,0,7,0.3257757903334994
5,2,7,0.13695747655435897
1,6,7,0.4765577138168422
4,3,7,0.631220773570296
7,0,7,0.006162005486132496
6,1,7,0.04754279252302635
6,1,7,0.249365260623092
5,2,7,0.631220773570296
5,2,7,0.9137791798943785
3,4,7,0.5586738811874173
4,3,7,0.31538291069709495
5,2,7,0.9272124484159221
3,4,7,0.08612589160650815
5,2,7,NaN
4,3,7,0.00047778187671626066
5,2,7,0.04531425270758149
2,5,7,0.15938727449707998
6,1,7,0.9394569650180941
1,6,7,0.8006696868167401
6,1,7,0.9708301130493874
4,3,7,0.08612589160650815
5,2,7,NaN
5,2,7,NaN
7,0,7,4.076285440166614e-5
5,2,7,NaN
7,0,7,0.05263387785509992
4,3,7,NaN
6,1,7,NaN
2,5,7,0.5483891686709623
4,3,7,0.5755445613545683
4,3,7,0.31538291069709495
5,2,7,NaN
2,5,7,0.7469972381414643
4,3,7,0.8237080657963236
6,1,7,NaN
4,3,7,0.5417209770628222
7,0,7,0.19101133127478886
7,0,7,NaN
2,5,7,NaN
4,3,7,NaN
7,0,7,NaN
3,4,7,0.9516380417915988
5,2,7,0.5865196674031864
5,2,7,0.5417209770628222
4,3,7,NaN
5,2,7,NaN
6,1,7,NaN
5,2,7,0.10032275229784271
2,5,7,0.8450772854630715
4,3,7,0.15849151711135046
3,4,7,NaN
7,0,7,NaN
6,1,7,NaN
5,2,7,NaN
5,2,7,0.8252297119195917
2,5,7,0.48219865495848724
2,5,7,NaN
3,4,7,0.48945833991568644
3,4,7,0.631220773570296
2,5,7,0.8237080657963236
5,2,7,0.5348544353399113
5,2,7,0.9309556360102781
2,5,7,0.018115007459142414
3,4,7,0.057576555704222286
2,5,7,NaN
6,1,7,NaN
5,2,7,NaN
7,0,7,0.20180390934913753
1,6,7,NaN
6,1,7,0.34736047642475476
1,6,7,0.27578974656637284
6,1,7,0.21185071034975703
5,2,7,0.04661481945225271
7,0,7,0.2783692877527476
6,1,7,5.1229758904223135e-5
4,3,7,0.009325005405405363
5,2,7,0.5417209770628222
5,2,7,0.7092033041123709
3,4,7,0.053556438906752275
2,5,7,NaN
4,3,7,NaN
6,1,7,NaN
3,4,7,NaN
5,2,7,0.07361819104140599
5,2,7,NaN
1,6,7,0.3493909472427503
4,3,7,NaN
2,5,7,0.3557510427918548
3,4,7,NaN
5,2,7,0.631220773570296
3,4,7,0.006162005486132496
5,2,7,0.6391470662697895
2,5,7,0.13572373791591102
6,1,7,NaN
4,3,7,NaN
3,4,7,0.17239957638594303
5,2,7,0.6723851871844705
4,3,7,NaN
5,2,7,0.8573617567451894
7,0,7,0.6717661875924231
5,2,7,0.9885707782763422
7,0,7,0.9469507371874853
5,2,7,0.2023842908463311
4,3,7,0.49543559874771725
7,0,7,0.05069246602627775
5,2,7,NaN
5,2,7,0.9399889673842494
2,5,7,0.8237080657963236
4,3,7,0.9733084005106692
4,3,7,0.2783692877527476
5,2,7,0.7092033041123709
7,0,7,NaN
7,0,7,NaN
3,4,7,0.4475557477195245
4,3,7,0.4475557477195245
5,2,7,NaN
1,6,7,0.5247290877486744
5,2,7,NaN
7,0,7,NaN
6,1,7,NaN
1,6,7,NaN
5,2,7,0.31538291069709495
6,1,7,NaN
3,4,7,NaN
3,4,7,0.3172334325391073
3,4,7,0.892330774293112
7,0,7,NaN
3,4,7,NaN
2,5,7,0.0467115594787914
4,3,7,NaN
6,1,7,0.631220773570296
5,2,7,0.2954562226479242
4,3,7,0.04710242305975149
5,2,7,NaN
3,4,7,0.13695747655435897
7,0,7,0.8450772854630715
7,0,7,0.6717661875924231
6,1,7,NaN
4,3,7,0.7423423413009405
6,1,7,NaN
3,4,7,0.003667812051649711
5,2,7,0.5802917560236949
6,1,7,NaN
1,6,7,NaN
1,6,7,0.18348414923983342
5,2,7,NaN
4,3,7,0.9444246306847185
5,2,7,NaN
4,3,7,NaN
3,4,7,NaN
5,2,7,0.05613138718343797
4,3,7,0.26182431502777886
7,0,7,0.6417181726202376
5,2,7,0.08612589160650815
3,4,7,0.004243052065979369
5,2,7,0.03519362079780124
4,3,7,0.8652322931034484
5,2,7,0.6717661875924231
7,0,7,0.21185071034975703
5,2,7,0.3892404650973566
6,1,7,0.21185071034975703
5,2,7,NaN
7,0,7,0.01384068834559692
3,4,7,NaN
3,4,7,NaN
6,1,7,NaN
3,4,7,NaN
4,3,7,0.006228284946679394
5,2,7,0.9590286414731528
5,2,7,0.8450772854630715
4,3,7,NaN
7,0,7,0.9394569650180941
6,1,7,NaN
5,2,7,NaN
5,2,7,NaN
3,4,7,0.39500683293706373
2,5,7,0.042833437153758654
5,2,7,NaN
3,4,7,0.04497222414637479
4,3,7,NaN
5,2,7,NaN
3,4,7,NaN
6,1,7,NaN
3,4,7,0.2809578211923491
2,5,7,0.8330817209472989
3,4,7,0.4475557477195245
4,3,7,NaN
7,0,7,NaN
4,3,7,0.8006586145440605
4,3,7,NaN
5,2,7,0.9137791798943785
5,2,7,0.0630282359819421
6,1,7,NaN
3,4,7,0.4155618969404342
6,1,7,8.248677615321886e-7
4,3,7,NaN
7,0,7,0.06260803999115534
5,2,7,NaN
4,3,7,0.20774295427201153
6,1,7,0.5865196674031864
3,4,7,0.13695747655435897
5,2,7,0.10032275229784271
5,2,7,0.37051398432044225
1,6,7,0.631220773570296
5,2,7,0.006569379069297146
7,0,7,0.042941840645308954
4,3,7,0.49543559874771725
7,0,7,0.8006696868167401
5,2,7,NaN
1,6,7,NaN
4,3,7,0.3557510427918548
3,4,7,0.7726517314264018
2,5,7,0.7726517314264018
4,3,7,NaN
4,3,7,0.24290906152647984
5,2,7,0.0021960474306923065
4,3,7,NaN
6,1,7,0.6717661875924231
5,2,7,NaN
5,2,7,NaN
5,2,7,NaN
6,1,7,0.4475557477195245
6,1,7,0.004243052065979369
3,4,7,NaN
6,1,7,0.7423423413009405
2,5,7,0.03097316272495864
4,3,7,0.03831329598506057
6,1,7,NaN
6,1,7,0.8802899068977281
5,2,7,0.03831329598506057
5,2,7,NaN
5,2,7,0.7092033041123709
6,1,7,0.4475557477195245
1,6,7,NaN
7,0,7,NaN
6,1,7,0.321221426047442
5,2,7,0.8728036469320565
6,1,7,NaN
6,1,7,0.18348414923983342
1,6,7,NaN
3,4,7,NaN
3,4,7,0.4475557477195245
5,2,7,0.4475557477195245
5,2,7,NaN
2,5,7,0.0630282359819421
7,0,7,NaN
2,5,7,0.504317522468818
6,1,7,0.6717661875924231
6,1,7,0.5417209770628222
7,0,7,0.19820406815208724
5,2,7,NaN
2,5,7,NaN
6,1,7,0.044324416425845746
6,1,7,NaN
6,1,7,0.631220773570296
4,3,7,NaN
7,0,7,0.04531425270758149
3,4,7,0.00202898434882549
4,3,7,NaN
6,1,7,0.18348414923983342
6,1,7,0.4011103777394731
7,0,7,NaN
7,0,7,NaN
5,2,7,0.9335053885363508
6,1,7,0.7092033041123709
7,0,7,0.5417209770628222
5,2,7,0.631220773570296
7,0,7,0.1878275030853709
6,1,7,NaN
5,2,7,0.5417209770628222
4,3,7,0.5865196674031864
6,1,7,NaN
7,0,7,0.7092033041123709
4,3,7,NaN
4,3,7,NaN
4,3,7,0.12616282631084808
3,4,7,0.21185071034975703
6,1,7,NaN
3,4,7,0.4011103777394731
5,2,7,0.8237080657963236
3,4,7,NaN
6,1,7,0.8006696868167401
4,3,7,0.2783692877527476
2,5,7,NaN
4,3,7,0.5928714930828126
4,3,7,0.5865196674031864
4,3,7,0.5865196674031864
7,0,7,0.31538291069709495
6,1,7,0.9590286414731528
2,5,7,0.9137791798943785
5,2,7,NaN
6,1,7,NaN
4,3,7,NaN
4,3,7,0.0032344506104328807
4,3,7,0.8652322931034484
6,1,7,NaN
4,3,7,NaN
5,2,7,NaN
4,3,7,NaN
4,3,7,NaN
5,2,7,0.3222629772517546
7,0,7,NaN
4,3,7,0.5940785884460495
4,3,7,NaN
7,0,7,0.5417209770628222
2,5,7,NaN
6,1,7,0.5417209770628222
5,2,7,0.7295340759791964
1,6,7,0.0630282359819421
3,4,7,0.7423423413009405
6,1,7,NaN
1,6,7,NaN
4,3,7,NaN
3,4,7,0.016656938369781698
1,6,7,0.6913177134149041
2,5,7,NaN
2,5,7,NaN
4,3,7,NaN
5,2,7,0.35296632074941847
3,4,7,NaN
2,5,7,NaN
4,3,7,0.019796251803769704
3,4,7,0.4144725532144906
2,5,7,0.8237080657963236
4,3,7,0.5865196674031864
3,4,7,NaN
3,4,7,NaN
7,0,7,0.9001259164326818
4,3,7,NaN
5,2,7,NaN
2,5,7,NaN
3,4,7,0.33070721322117175
4,3,7,NaN
4,3,7,0.4011103777394731
2,5,7,0.6717661875924231
6,1,7,NaN
4,3,7,0.019796251803769704
5,2,7,0.016656938369781698
2,5,7,0.33815486982529547
4,3,7,0.13695747655435897
1,6,7,NaN
4,3,7,0.13695747655435897
6,1,7,0.9001259164326818
5,2,7,0.9590286414731528
5,2,7,0.31538291069709495
3,4,7,NaN
4,3,7,NaN
5,2,7,NaN
3,4,7,0.8652322931034484
5,2,7,NaN
5,2,7,0.31538291069709495
4,3,7,NaN
1,6,7,0.2783692877527476
3,4,7,NaN
4,3,7,0.631220773570296
4,3,7,0.49543559874771725
7,0,7,0.0032344506104328807
3,4,7,0.5865196674031864
6,1,7,0.49543559874771725
2,5,7,NaN
7,0,7,0.005387388101276861
4,3,7,NaN
2,5,7,5.883824839154585e-5
5,2,7,0.009325005405405363
4,3,7,0.9001259164326818
1,6,7,0.8450772854630715
6,1,7,NaN
7,0,7,0.02787455723542097
1,6,7,0.8652322931034484
3,4,7,NaN
3,4,7,0.31538291069709495
6,1,7,0.9590286414731528
1,6,7,0.9841738135856081
3,4,7,NaN
7,0,7,0.10096037639713139
4,3,7,NaN
6,1,7,NaN
5,2,7,NaN
6,1,7,0.7781570479415058
5,2,7,0.010336152287996326
6,1,7,NaN
4,3,7,0.4011103777394731
1,6,7,NaN
4,3,7,0.04225142236583336
6,1,7,NaN
3,4,7,0.5417209770628222
5,2,7,0.8450772854630715
3,4,7,0.18348414923983342
3,4,7,0.9394569650180941
2,5,7,0.8977188027044554
6,1,7,0.8237080657963236
5,2,7,0.5085888036623277
6,1,7,0.8006696868167401
3,4,7,0.24290906152647984
4,3,7,0.8805803326498585
5,2,7,0.7423423413009405
4,3,7,NaN
3,4,7,0.24290906152647984
3,4,7,0.7423423413009405
3,4,7,NaN
2,5,7,0.7726517314264018
4,3,7,0.5865196674031864
5,2,7,NaN
6,1,7,0.8006696868167401
5,2,7,NaN
7,0,7,NaN
1,6,7,0.15938727449707998
6,1,7,0.17232886725452104
1,6,7,NaN
3,4,7,NaN
5,2,7,0.004426969511280984
4,3,7,0.7092033041123709
4,3,7,NaN
1,6,7,0.7092033041123709
6,1,7,0.2783692877527476
4,3,7,0.9493033010224405
3,4,7,NaN
5,2,7,NaN
2,5,7,NaN
1,6,7,NaN
6,1,7,0.46050017475664007
6,1,7,0.010514240590893521
2,5,7,0.9001259164326818
3,4,7,NaN
4,3,7,0.0021143352159224303
3,4,7,0.22666592145545733
7,0,7,NaN
6,1,7,0.24290906152647984
6,1,7,NaN
5,2,7,NaN
4,3,7,0.22275375238256778
4,3,7,NaN
7,0,7,NaN
4,3,7,0.7092033041123709
3,4,7,NaN
5,2,7,0.5865196674031864
4,3,7,0.10032275229784271
4,3,7,0.07361819104140599
6,1,7,0.9885707782763422
3,4,7,0.9394569650180941
4,3,7,NaN
4,3,7,NaN
5,2,7,0.0630282359819421
4,3,7,NaN
4,3,7,NaN
4,3,7,0.019346468843126248
2,5,7,NaN
6,1,7,NaN
3,4,7,0.007273989939006775
5,2,7,0.5417209770628222
2,5,7,0.8827570506600473
1,6,7,NaN
5,2,7,NaN
2,5,7,NaN
2,5,7,0.3557510427918548
1,6,7,NaN
4,3,7,NaN
7,0,7,NaN
3,4,7,NaN
1,6,7,NaN
1,6,7,0.21484698166505767
4,3,7,0.49543559874771725
4,3,7,0.631220773570296
4,3,7,0.9789190809366978
6,1,7,NaN
6,1,7,0.631220773570296
6,1,7,0.5407509450331557
5,2,7,NaN
4,3,7,0.2783692877527476
3,4,7,0.24290906152647984
5,2,7,NaN
6,1,7,0.15938727449707998
7,0,7,0.07361819104140599
5,2,7,0.021999379031041155
5,2,7,0.09839534673596408
5,2,7,0.7092033041123709
5,2,7,NaN
6,1,7,NaN
3,4,7,0.9789190809366978
5,2,7,NaN
1,6,7,0.5417209770628222
4,3,7,0.03831329598506057
5,2,7,0.11735031057960332
3,4,7,0.13833345776724826
3,4,7,NaN
4,3,7,NaN
2,5,7,0.18348414923983342
7,0,7,NaN
3,4,7,0.8006696868167401
2,5,7,NaN
4,3,7,NaN
5,2,7,0.0630282359819421
4,3,7,0.21477883480366147
2,5,7,0.9001259164326818
5,2,7,NaN
7,0,7,NaN
4,3,7,NaN
2,5,7,0.7423423413009405
4,3,7,0.09585577161339616
3,4,7,0.21815833076983196
4,3,7,0.7726517314264018
2,5,7,0.11856950873932481
3,4,7,0.01799063435361098
4,3,7,NaN
6,1,7,NaN
3,4,7,NaN
3,4,7,0.6698788055378292
5,2,7,NaN
4,3,7,0.40769557677509005
4,3,7,0.8827570506600473
4,3,7,0.8827570506600473
3,4,7,0.04922062336806657
4,3,7,0.631220773570296
6,1,7,0.3557510427918548
1,6,7,NaN
2,5,7,0.5417209770628222
4,3,7,NaN
7,0,7,0.2783692877527476
3,4,7,NaN
6,1,7,0.029670385764023432
3,4,7,0.4694629602556395
2,5,7,NaN
6,1,7,NaN
1,6,7,NaN
1,6,7,0.9663500458367166
5,2,7,NaN
1,6,7,NaN
6,1,7,0.39269305989092546
2,5,7,0.009325005405405363
5,2,7,0.48796662186443346
4,3,7,NaN
4,3,7,NaN
2,5,7,0.7726517314264018
3,4,7,NaN
1,6,7,0.6341923028368341
4,3,7,NaN
3,4,7,NaN
5,2,7,0.6717661875924231
3,4,7,NaN
4,3,7,0.38951883007049515
6,1,7,0.5417209770628222
1,6,7,NaN
3,4,7,0.85472980870572
5,2,7,0.7092033041123709
5,2,7,NaN
1,6,7,NaN
2,5,7,0.10032275229784271
3,4,7,0.5500007748372802
4,3,7,NaN
4,3,7,0.9137791798943785
5,2,7,0.7423423413009405
2,5,7,NaN
5,2,7,0.8052971416746826
5,2,7,NaN
1,6,7,NaN
4,3,7,0.032853775051729074
3,4,7,NaN
3,4,7,NaN
1,6,7,0.4475557477195245
1,6,7,NaN
6,1,7,0.24290906152647984
3,4,7,0.006162005486132496
5,2,7,0.5417209770628222
3,4,7,0.9493033010224405
2,5,7,NaN
5,2,7,0.3519155750824992
2,5,7,NaN
3,4,7,0.2412147488524764
5,2,7,0.3892404650973566
5,2,7,0.016656938369781698
2,5,7,0.20518103745899252
3,4,7,0.0630282359819421
2,5,7,0.3901201530147684
6,1,7,0.7726517314264018
1,6,7,NaN
3,4,7,0.07591793279116603
1,6,7,NaN
2,5,7,NaN
1,6,7,0.24290906152647984
2,5,7,0.3085645379737589
4,3,7,0.7457334860599187
7,0,7,0.49543559874771725
5,2,7,0.032853775051729074
4,3,7,NaN
6,1,7,NaN
5,2,7,0.9001259164326818
6,1,7,0.012210223849175236
4,3,7,NaN
2,5,7,0.5847567171990724
6,1,7,0.04531425270758149
6,1,7,NaN
2,5,7,3.704019279248199e-5
3,4,7,3.508567742877302e-5
2,5,7,NaN
4,3,7,0.04531425270758149
4,3,7,NaN
6,1,7,0.9493033010224405
4,3,7,0.4481577254388492
5,2,7,0.9272124484159221
3,4,7,0.2144909145927689
6,1,7,0.7726517314264018
3,4,7,NaN
2,5,7,NaN
3,4,7,0.016656938369781698
2,5,7,0.5178782608538058
7,0,7,0.0735946796455863
3,4,7,NaN
5,2,7,0.08612589160650815
1,6,7,NaN
4,3,7,0.07361819104140599
5,2,7,0.07323381433205628
3,4,7,0.31538291069709495
2,5,7,NaN
4,3,7,0.49680201880863273
3,4,7,0.49543559874771725
6,1,7,0.11735031057960332
6,1,7,0.7656968560480337
4,3,7,0.8450772854630715
3,4,7,0.0630282359819421
6,1,7,0.003095655933344842
5,2,7,0.9335053885363508
3,4,7,NaN
5,2,7,0.23399600340182594
3,4,7,0.9394569650180941
6,1,7,0.6717661875924231
6,1,7,NaN
3,4,7,0.9706648603567007
6,1,7,0.8726092109665643
4,3,7,0.5417209770628222
4,3,7,0.0002243953491727953
7,0,7,NaN
6,1,7,NaN
5,2,7,0.6717661875924231
1,6,7,NaN
6,1,7,0.5351076851684858
2,5,7,0.8407920274263613
5,2,7,NaN
1,6,7,0.9045471222061193
5,2,7,1.274173653426255e-5
2,5,7,0.18348414923983342
3,4,7,0.3557510427918548
2,5,7,NaN
6,1,7,0.49543559874771725
6,1,7,0.8101699123774138
5,2,7,0.49543559874771725
7,0,7,NaN
2,5,7,0.2783692877527476
4,3,7,0.09857748625377565
4,3,7,NaN
7,0,7,0.2023842908463311
4,3,7,NaN
2,5,7,NaN
1,6,7,0.7423423413009405
2,5,7,0.4475557477195245
5,2,7,0.2105438322656536
5,2,7,0.631220773570296
7,0,7,0.4011103777394731
5,2,7,NaN
4,3,7,0.2783692877527476
3,4,7,NaN
3,4,7,0.18348414923983342
4,3,7,0.13695747655435897
3,4,7,NaN
4,3,7,NaN
2,5,7,0.8432476860197761
2,5,7,NaN
1,6,7,NaN
6,1,7,0.6717661875924231
2,5,7,NaN
3,4,7,0.9272124484159221
1,6,7,0.18348414923983342
4,3,7,NaN
6,1,7,0.8827570506600473
6,1,7,NaN
4,3,7,0.31538291069709495
1,6,7,NaN
2,5,7,0.07361819104140599
4,3,7,0.8450772854630715
3,4,7,0.8006696868167401
5,2,7,0.4155618969404342
6,1,7,NaN
7,0,7,0.2783692877527476
4,3,7,NaN
5,2,7,NaN
4,3,7,0.8827570506600473
3,4,7,NaN
6,1,7,0.8652322931034484
5,2,7,NaN
1,6,7,0.35648023105927507
5,2,7,NaN
2,5,7,NaN
3,4,7,NaN
5,2,7,0.3117481628271399
3,4,7,0.25798689519230145
3,4,7,0.9841738135856081
2,5,7,0.2783692877527476
4,3,7,0.7848534692788302
4,3,7,NaN
3,4,7,0.5427791979508634
5,2,7,0.0924971579505958
3,4,7,NaN
7,0,7,0.5417209770628222
7,0,7,0.9789190809366978
2,5,7,0.008540281883294986
1,6,7,NaN
5,2,7,NaN
5,2,7,0.5865196674031864
4,3,7,NaN
1,6,7,NaN
4,3,7,0.8450772854630715
4,3,7,0.2783692877527476
2,5,7,NaN
6,1,7,0.4475557477195245
3,4,7,0.7423423413009405
4,3,7,0.053556438906752275
4,3,7,NaN
1,6,7,0.7195910676048861
1,6,7,NaN
6,1,7,0.04531425270758149
4,3,7,NaN
7,0,7,0.08612589160650815
6,1,7,0.4011103777394731
2,5,7,NaN
3,4,7,0.8237080657963236
5,2,7,0.053556438906752275
2,5,7,0.2942871780591215
3,4,7,NaN
7,0,7,0.7726517314264018
5,2,7,0.81370038397191
4,3,7,0.005530012845895067
4,3,7,0.2783692877527476
5,2,7,NaN
7,0,7,0.09153387681869193
3,4,7,NaN
6,1,7,0.9137791798943785
2,5,7,NaN
6,1,7,NaN
7,0,7,NaN
6,1,7,0.3517868114957554
3,4,7,0.38951883007049515
5,2,7,0.0015506799637766114
1,6,7,0.018368800206433313
4,3,7,0.0630282359819421
2,5,7,NaN
2,5,7,0.4011103777394731
2,5,7,0.5865196674031864
5,2,7,NaN
3,4,7,0.49543559874771725
4,3,7,0.8237080657963236
3,4,7,0.008431425541146918
6,1,7,NaN
5,2,7,NaN
3,4,7,0.8006696868167401
2,5,7,0.9493033010224405
6,1,7,0.3557510427918548
3,4,7,NaN
3,4,7,0.5865196674031864
1,6,7,NaN
4,3,7,NaN
2,5,7,0.5940785884460495
4,3,7,NaN
7,0,7,0.6286352646486054
1,6,7,NaN
5,2,7,0.07770787174543889
5,2,7,0.15938727449707998
1,6,7,NaN
1,6,7,NaN
5,2,7,0.9001259164326818
6,1,7,NaN
1,6,7,NaN
4,3,7,NaN
2,5,7,0.008002892155317121
4,3,7,0.11735031057960332
5,2,7,0.31538291069709495
5,2,7,0.6717661875924231
5,2,7,NaN
6,1,7,NaN
2,5,7,NaN
7,0,7,NaN
1,6,7,NaN
5,2,7,0.07361819104140599
1,6,7,0.5785086726140618
6,1,7,NaN
4,3,7,NaN
2,5,7,NaN
6,1,7,0.6386796318110681
6,1,7,2.0836537016703145e-5
3,4,7,NaN
5,2,7,0.006005836793448685
6,1,7,0.6127253479327994
6,1,7,NaN
5,2,7,NaN
4,3,7,0.8652322931034484
1,6,7,NaN
5,2,7,NaN
1,6,7,0.35648023105927507
6,1,7,NaN
3,4,7,0.9394569650180941
1,6,7,0.106987438533713
2,5,7,NaN
1,6,7,NaN
3,4,7,0.36598648894016433
3,4,7,NaN
1,6,7,0.631220773570296
4,3,7,0.5865196674031864
1,6,7,0.8237080657963236
4,3,7,NaN
2,5,7,NaN
2,5,7,NaN
4,3,7,0.032853775051729074
3,4,7,NaN
1,6,7,0.9137791798943785
5,2,7,0.9272124484159221
1,6,7,NaN
2,5,7,NaN
4,3,7,0.8450772854630715
1,6,7,NaN
2,5,7,NaN
5,2,7,NaN
6,1,7,NaN
5,2,7,0.9001259164326818
2,5,7,NaN
1,6,7,0.8294436785114185
5,2,7,NaN
2,5,7,0.8450772854630715
4,3,7,0.3557510427918548
3,4,7,0.7726517314264018
2,5,7,0.2783692877527476
3,4,7,0.016656938369781698
1,6,7,NaN
3,4,7,NaN
4,3,7,0.3284698420996326
4,3,7,NaN
5,2,7,0.49543559874771725
6,1,7,0.10032275229784271
5,2,7,NaN
3,4,7,0.13695747655435897
3,4,7,NaN
2,5,7,0.03831329598506057
3,4,7,NaN
5,2,7,0.15938727449707998
4,3,7,0.0077364670248328635
5,2,7,NaN
2,5,7,0.7423423413009405
4,3,7,0.31876511282887343
5,2,7,NaN
6,1,7,NaN
1,6,7,NaN
1,6,7,NaN
3,4,7,NaN
2,5,7,NaN
7,0,7,0.4475557477195245
4,3,7,0.6717661875924231
1,6,7,NaN
3,4,7,0.8450772854630715
1,6,7,NaN
7,0,7,0.31538291069709495
6,1,7,0.5865196674031864
2,5,7,0.4011103777394731
2,5,7,NaN
2,5,7,8.955782365015038e-6
3,4,7,0.4475557477195245
2,5,7,0.7092033041123709
1,6,7,NaN
1,6,7,NaN
3,4,7,NaN
3,4,7,0.07361819104140599
1,6,7,NaN
1,6,7,NaN
4,3,7,0.24062156037303906
3,4,7,NaN
3,4,7,NaN
6,1,7,NaN
4,3,7,NaN
3,4,7,NaN
5,2,7,0.48416940683333404
4,3,7,0.9605931799972496
1,6,7,NaN
4,3,7,0.7092033041123709
6,1,7,NaN
4,3,7,NaN
2,5,7,0.7092033041123709
4,3,7,0.5865196674031864
1,6,7,NaN
2,5,7,0.8381544608128859
3,4,7,NaN
5,2,7,0.24290906152647984
5,2,7,NaN
3,4,7,NaN
3,4,7,NaN
7,0,7,0.225885263545232
3,4,7,0.06974711180439698
2,5,7,0.0630282359819421
1,6,7,0.7726517314264018
6,1,7,0.8006696868167401
2,5,7,0.8978225826879975
4,3,7,0.15938727449707998
3,4,7,0.31538291069709495
3,4,7,NaN
2,5,7,NaN
5,2,7,NaN
1,6,7,0.41537645198799034
2,5,7,NaN
4,3,7,0.5865196674031864
6,1,7,NaN
3,4,7,NaN
5,2,7,NaN
1,6,7,0.11448489346761681
1,6,7,NaN
1,6,7,0.19198453145590996
4,3,7,0.24290906152647984
1,6,7,0.8652322931034484
1,6,7,NaN
2,5,7,NaN
3,4,7,NaN
4,3,7,0.38951883007049515
5,2,7,0.49543559874771725
3,4,7,NaN
2,5,7,0.49543559874771725
5,2,7,0.053556438906752275
2,5,7,0.4155618969404342
7,0,7,NaN
4,3,7,NaN
4,3,7,NaN
5,2,7,NaN
3,4,7,NaN
2,5,7,0.8829429294070849
3,4,7,NaN
6,1,7,0.49543559874771725
1,6,7,0.9590286414731528
1,6,7,0.4475557477195245
4,3,7,0.8237080657963236
2,5,7,0.631220773570296
2,5,7,0.4475557477195245
2,5,7,0.3557510427918548
1,6,7,0.6718829133842396
3,4,7,0.04531425270758149
2,5,7,0.9789246495107619
3,4,7,0.6428548263536524
2,5,7,NaN
3,4,7,0.8006696868167401
1,6,7,0.01847294436520439
1,6,7,NaN
5,2,7,NaN
6,1,7,0.13695747655435897
4,3,7,0.9394569650180941
5,2,7,0.7726517314264018
1,6,7,0.9590286414731528
5,2,7,0.5417209770628222
2,5,7,0.07794792355345778
4,3,7,NaN
4,3,7,0.8827570506600473
2,5,7,0.8237080657963236
4,3,7,0.6631221932031948
5,2,7,0.02787455723542097
1,6,7,NaN
2,5,7,NaN
1,6,7,NaN
1,6,7,0.8827570506600473
2,5,7,0.009325005405405363
4,3,7,NaN
2,5,7,NaN
4,3,7,0.00012887906181803863
1,6,7,NaN
1,6,7,0.6717661875924231
1,6,7,0.9396124013901456
2,5,7,NaN
5,2,7,NaN
3,4,7,0.8796538269486078
4,3,7,0.4669580376223928
5,2,7,0.31538291069709495
2,5,7,0.7726517314264018
6,1,7,0.6018962792846809
1,6,7,0.21185071034975703
1,6,7,0.6341923028368341
4,3,7,NaN
5,2,7,NaN
1,6,7,0.5865196674031864
1,6,7,NaN
3,4,7,NaN
1,6,7,NaN
2,5,7,0.5865196674031864
2,5,7,NaN
6,1,7,NaN
2,5,7,0.08612589160650815
2,5,7,NaN
4,3,7,0.49543559874771725
1,6,7,NaN
2,5,7,0.46024104330756693
4,3,7,0.5802917560236949
1,6,7,NaN
1,6,7,0.6717661875924231
1,6,7,NaN
1,6,7,0.21185071034975703
4,3,7,0.5865196674031864
5,2,7,0.7726517314264018
3,4,7,NaN
2,5,7,0.5488039802041902
2,5,7,NaN
1,6,7,NaN
5,2,7,NaN
2,5,7,NaN
5,2,7,0.3557510427918548
6,1,7,0.8237080657963236
2,5,7,NaN
4,3,7,0.8652322931034484
3,4,7,0.7295340759791964
5,2,7,0.7092033041123709
4,3,7,NaN
5,2,7,NaN
2,5,7,0.7423423413009405
5,2,7,NaN
3,4,7,NaN
2,5,7,NaN
2,5,7,0.02787455723542097
1,6,7,0.8006696868167401
1,6,7,0.7423423413009405
1,6,7,NaN
3,4,7,NaN
1,6,7,NaN
1,6,7,0.18348414923983342
1,6,7,0.7596076209181449
4,3,7,NaN
4,3,7,0.0630282359819421
2,5,7,NaN
1,6,7,NaN
3,4,7,0.6717661875924231
2,5,7,NaN
3,4,7,0.5865196674031864
3,4,7,0.007349342594627595
1,6,7,NaN
3,4,7,0.24290906152647984
2,5,7,NaN
1,6,7,0.8450772854630715
1,6,7,NaN
3,4,7,0.0693980306819044
1,6,7,NaN
5,2,7,NaN
4,3,7,NaN
4,3,7,0.5417209770628222
3,4,7,NaN
3,4,7,0.8006696868167401
1,6,7,NaN
1,6,7,NaN
1,6,7,NaN
1,6,7,0.032853775051729074
2,5,7,NaN
1,6,7,NaN
6,1,7,NaN
4,3,7,NaN
1,6,7,NaN
1,6,7,NaN
1,6,7,0.8055516684807875
2,5,7,NaN
3,4,7,NaN
3,4,7,NaN
2,5,7,0.9137791798943785
2,5,7,NaN
2,5,7,NaN
3,4,7,NaN
2,5,7,0.5421724468728878
1,6,7,NaN
2,5,7,0.25010987904378235
3,4,7,0.5417209770628222
2,5,7,NaN
5,2,7,0.03738759444901054
1,6,7,0.32135031818130005
6,1,7,0.5865196674031864
3,4,7,0.2750595555450524
3,4,7,0.21185071034975703
1,6,7,0.24290906152647984
1,6,7,0.7261107092544306
2,5,7,0.4011103777394731
2,5,7,0.631220773570296
1,6,7,0.3557510427918548
2,5,7,0.7423423413009405
1,6,7,NaN
1,6,7,NaN
2,5,7,0.04531425270758149
4,3,7,0.5417209770628222
2,5,7,0.6176727143341546
1,6,7,NaN
1,6,7,NaN
1,6,7,NaN
1,6,7,NaN
1,6,7,0.9590286414731528
1,6,7,0.85472980870572
1,6,7,NaN
1,6,7,0.5417209770628222
3,4,7,NaN
2,5,7,NaN
1,6,7,0.07710160303522366
2,5,7,NaN
1,6,7,NaN
1,6,7,0.7433590367901758
1,6,7,0.16440044341068083
1,6,7,NaN
4,3,7,NaN
1,6,7,NaN
1,6,7,NaN
1,6,7,NaN
1,6,7,NaN
1,6,7,0.9272124484159221
1,6,7,NaN
1,6,7,NaN
1,6,7,NaN
5,2,7,0.8589284405579497
1,6,7,NaN
1,6,7,0.355965441826101
1,6,7,0.9394569650180941
1,6,7,NaN
1,6,7,NaN
3,4,7,0.06556290551935379
1,6,7,NaN
1,6,7,0.1954772190271984
1,6,7,0.6417181726202376
1,6,7,NaN
1,6,7,NaN
1,6,7,NaN
1,6,7,0.321221426047442
1,6,7,NaN
3,4,7,0.6877696185067498
4,3,7,NaN
1,6,7,0.13684525122146476
1,6,7,0.751700073898189
1,6,7,0.4475557477195245
2,5,7,NaN
2,5,7,NaN
1,6,7,NaN
1,6,7,NaN
1,6,7,0.15085170157487598
1,6,7,0.5865196674031864
1,6,7,NaN
1,6,7,0.5417209770628222
1,6,7,0.0011479411764696121
1,6,7,NaN
1,6,7,NaN
2,5,7,NaN
1,6,7,0.009737072643023509
1,6,7,0.008837046523058055
1,6,7,NaN
2,5,7,NaN
1,6,7,0.2942871780591215
1,6,7,NaN
1,6,7,0.4011103777394731
1,6,7,NaN
1,6,7,NaN
1,6,7,0.8827570506600473
1,6,7,0.7726517314264018
2,5,7,0.006398354596353349
1,6,7,0.321221426047442
1,6,7,0.019796251803769704
1,6,7,NaN
1,6,7,0.4475557477195245
1,6,7,0.5824116458420892
1,6,7,0.44902134106420144
1,6,7,NaN
1,6,7,0.11735031057960332
1,6,7,NaN
1,6,7,0.9493033010224405
1,6,7,NaN
1,6,7,NaN
1,6,7,NaN
1,6,7,NaN
0,7,7,NaN
0,7,7,0.3772790666476198
0,7,7,0.7423423413009405
0,7,7,0.7423423413009405
0,7,7,NaN
0,7,7,0.13915398273438795
0,7,7,0.6279452302383514
0,7,7,0.631220773570296
0,7,7,NaN
0,7,7,0.8006696868167401
0,7,7,NaN
0,7,7,NaN
0,7,7,NaN
0,7,7,NaN
0,7,7,NaN
0,7,7,NaN
0,7,7,0.3392223006768807
0,7,7,0.1557000446926056
0,7,7,NaN
0,7,7,0.6950267478066641
0,7,7,NaN
0,7,7,0.0640966773377878
0,7,7,0.15938727449707998
0,7,7,0.24290906152647984
0,7,7,NaN
0,7,7,NaN
0,7,7,NaN
0,7,7,NaN
0,7,7,0.6717661875924231
0,7,7,0.5865196674031864
0,7,7,0.2996747596134443
0,7,7,NaN
0,7,7,0.15938727449707998
0,7,7,NaN
0,7,7,0.182708636405296
0,7,7,NaN
0,7,7,0.18348414923983342
0,7,7,0.4475557477195245
0,7,7,0.05699841266500686
0,7,7,NaN
0,7,7,NaN
0,7,7,0.5286785642877143
0,7,7,0.6899904659898504
0,7,7,NaN
0,7,7,NaN
0,7,7,NaN
0,7,7,NaN
0,7,7,NaN
0,7,7,NaN
0,7,7,NaN
0,7,7,NaN
0,7,7,0.11646251271444097
0,7,7,0.7726517314264018
0,7,7,0.053556438906752275
0,7,7,NaN
0,7,7,NaN
0,7,7,0.8652322931034484
0,7,7,NaN
0,7,7,NaN
0,7,7,NaN
0,7,7,NaN
0,7,7,0.21185071034975703
0,7,7,0.7065386318579477
0,7,7,NaN
0,7,7,NaN
0,7,7,NaN
0,7,7,NaN
0,7,7,NaN
0,7,7,0.7693002034278787
0,7,7,0.21185071034975703
0,7,7,NaN
0,7,7,NaN
0,7,7,NaN
0,7,7,0.5417209770628222
0,7,7,0.8330825200498062
0,7,7,NaN
0,7,7,NaN
0,7,7,0.7092033041123709
0,7,7,NaN
0,7,7,0.4475557477195245
0,7,7,0.13695747655435897
0,7,7,0.9923160728047131
0,7,7,NaN
0,7,7,0.5865196674031864
0,7,7,0.0467115594787914
0,7,7,NaN
0,7,7,NaN
0,7,7,0.3452265140444184
0,7,7,0.11735031057960332
0,7,7,NaN
0,7,7,NaN
0,7,7,0.9394569650180941
0,7,7,NaN
0,7,7,0.9399889673842494
0,7,7,0.35648023105927507
0,7,7,NaN
0,7,7,0.4122796869030681
0,7,7,NaN
0,7,7,0.3361812539171593
0,7,7,NaN
0,7,7,NaN
0,7,7,0.5417209770628222
0,7,7,0.8450772854630715
0,7,7,NaN
0,7,7,NaN
0,7,7,NaN
0,7,7,0.21185071034975703
0,7,7,0.3892404650973566
0,7,7,NaN
0,7,7,NaN
0,7,7,0.5865196674031864
0,7,7,0.9394569650180941
0,7,7,NaN
0,7,7,NaN
0,7,7,NaN
0,7,7,0.8827570506600473
0,7,7,NaN
0,7,7,NaN
0,7,7,0.0003337935247393891
0,7,7,NaN
0,7,7,NaN
0,7,7,NaN
0,7,7,0.032853775051729074
0,7,7,0.04737237806624203
0,7,7,NaN
0,7,7,0.18348414923983342
0,7,7,NaN
0,7,7,NaN
0,7,7,NaN
0,7,7,NaN
0,7,7,NaN
0,7,7,NaN
0,7,7,0.6717661875924231
0,7,7,NaN
0,7,7,NaN
0,7,7,NaN
0,7,7,NaN
0,7,7,0.8294436785114185
0,7,7,0.7726517314264018
0,7,7,0.8526058373300494
0,7,7,0.7924786022895334
0,7,7,NaN
0,7,7,0.5596045205001129
0,7,7,NaN
0,7,7,NaN
0,7,7,NaN
0,7,7,NaN
0,7,7,0.4011103777394731
0,7,7,NaN
0,7,7,NaN
0,7,7,NaN
0,7,7,NaN
0,7,7,0.19159711197536944
0,7,7,NaN
0,7,7,0.6717661875924231
0,7,7,0.7737430928644878
0,7,7,0.0630282359819421
0,7,7,NaN
0,7,7,NaN
0,7,7,0.9024871747604102
0,7,7,0.9001259164326818
0,7,7,NaN
0,7,7,0.4833797088764611
0,7,7,NaN
0,7,7,NaN
0,7,7,0.6877696185067498
0,7,7,0.8237080657963236
0,7,7,NaN
0,7,7,0.9263616469895146
0,7,7,NaN
0,7,7,NaN
0,7,7,0.24290906152647984
0,7,7,NaN
0,7,7,NaN
0,7,7,NaN
0,7,7,NaN
0,7,7,0.5576528635299173
0,7,7,NaN
0,7,7,NaN
0,7,7,0.9663500458367166
0,7,7,0.4011103777394731
0,7,7,NaN
0,7,7,NaN
0,7,7,0.7092033041123709
0,7,7,NaN
0,7,7,0.9632832378456929
0,7,7,NaN
0,7,7,0.5865196674031864
0,7,7,0.3103194978340013
0,7,7,NaN
0,7,7,NaN
0,7,7,NaN
0,7,7,0.3257757903334994
0,7,7,0.7726517314264018
0,7,7,NaN
0,7,7,0.7423423413009405
0,7,7,NaN
0,7,7,NaN
0,7,7,0.7875965616192705
0,7,7,NaN
0,7,7,NaN
0,7,7,NaN
0,7,7,0.4475557477195245
0,7,7,0.631220773570296
0,7,7,NaN
0,7,7,0.08612589160650815
0,7,7,0.6717661875924231
0,7,7,NaN
0,7,7,NaN
0,7,7,NaN
0,7,7,NaN
0,7,7,0.7092033041123709
0,7,7,0.016907679716365743
5,1,6,0.053556438906752275
5,1,6,NaN
4,2,6,NaN
2,4,6,0.18348414923983342
3,3,6,NaN
5,1,6,0.8450772854630715
3,3,6,0.7092033041123709
3,3,6,NaN
2,4,6,0.6717661875924231
5,1,6,0.5865196674031864
5,1,6,NaN
4,2,6,0.9493033010224405
4,2,6,NaN
4,2,6,0.10032275229784271
4,2,6,0.4011103777394731
5,1,6,NaN
4,2,6,0.7726517314264018
6,0,6,NaN
5,1,6,0.631220773570296
6,0,6,NaN
4,2,6,0.5356673432373547
5,1,6,0.4475557477195245
2,4,6,NaN
4,2,6,NaN
5,1,6,NaN
3,3,6,NaN
6,0,6,NaN
6,0,6,0.2559921408322171
3,3,6,NaN
6,0,6,NaN
4,2,6,NaN
5,1,6,0.5264244012554558
2,4,6,0.32135031818130005
4,2,6,0.3006712795263796
1,5,6,NaN
5,1,6,0.39090127152479387
4,2,6,0.8672028944838255
6,0,6,0.005243873939215935
2,4,6,0.023437746643316073
4,2,6,NaN
3,3,6,0.15938727449707998
5,1,6,0.21185071034975703
6,0,6,0.9001259164326818
3,3,6,NaN
5,1,6,2.6281312890721482e-5
2,4,6,0.09180520026970693
2,4,6,NaN
5,1,6,NaN
5,1,6,0.631220773570296
4,2,6,0.5417209770628222
6,0,6,NaN
3,3,6,NaN
2,4,6,0.08612589160650815
5,1,6,NaN
5,1,6,0.48945833991568644
6,0,6,0.9590286414731528
5,1,6,0.31538291069709495
5,1,6,0.7726517314264018
5,1,6,0.18348414923983342
5,1,6,0.6717661875924231
6,0,6,0.24290906152647984
5,1,6,0.3557510427918548
4,2,6,0.5865196674031864
2,4,6,0.9789190809366978
5,1,6,0.21185071034975703
6,0,6,NaN
5,1,6,NaN
6,0,6,NaN
6,0,6,0.0766031166410967
6,0,6,0.4011103777394731
1,5,6,NaN
1,5,6,NaN
4,2,6,0.703988719890633
1,5,6,0.9663500458367166
4,2,6,0.5865196674031864
5,1,6,NaN
5,1,6,0.15528084168364362
6,0,6,0.00026415215255521827
2,4,6,0.4475557477195245
1,5,6,0.0630282359819421
3,3,6,NaN
4,2,6,0.31538291069709495
5,1,6,NaN
4,2,6,0.01384068834559692
4,2,6,0.20620557735673217
6,0,6,NaN
5,1,6,0.5417209770628222
6,0,6,0.7429277067389697
5,1,6,0.5865196674031864
6,0,6,NaN
3,3,6,0.0016300138586186467
4,2,6,0.3974479226083862
5,1,6,NaN
4,2,6,NaN
6,0,6,NaN
4,2,6,0.0338827252945459
6,0,6,0.5847567171990724
6,0,6,NaN
6,0,6,NaN
4,2,6,NaN
5,1,6,0.631220773570296
4,2,6,NaN
5,1,6,0.7092033041123709
6,0,6,0.631220773570296
5,1,6,0.21185071034975703
3,3,6,0.07361819104140599
4,2,6,NaN
2,4,6,0.6756628524008039
6,0,6,0.631220773570296
6,0,6,NaN
3,3,6,0.047578426452286514
6,0,6,NaN
3,3,6,0.9234063351792013
4,2,6,NaN
4,2,6,0.03831329598506057
4,2,6,0.0924971579505958
3,3,6,0.6717661875924231
6,0,6,NaN
6,0,6,NaN
3,3,6,0.023526326196296094
6,0,6,0.7423423413009405
3,3,6,NaN
5,1,6,NaN
4,2,6,NaN
6,0,6,NaN
2,4,6,0.4011103777394731
3,3,6,0.4103092694335407
5,1,6,0.041007510168536127
5,1,6,NaN
4,2,6,NaN
5,1,6,NaN
5,1,6,0.053556438906752275
4,2,6,NaN
4,2,6,0.3557510427918548
5,1,6,0.8237080657963236
4,2,6,0.15938727449707998
3,3,6,NaN
5,1,6,0.9590286414731528
5,1,6,NaN
5,1,6,NaN
4,2,6,0.6717661875924231
6,0,6,0.7261107092544306
5,1,6,0.5183374556419776
6,0,6,NaN
4,2,6,0.16164647645269392
5,1,6,NaN
4,2,6,0.07361819104140599
4,2,6,NaN
5,1,6,NaN
5,1,6,NaN
5,1,6,0.6368500392896812
5,1,6,0.009325005405405363
5,1,6,0.631220773570296
2,4,6,0.023437746643316073
4,2,6,NaN
6,0,6,NaN
2,4,6,NaN
5,1,6,0.584121767045383
3,3,6,NaN
5,1,6,0.023178553387368964
3,3,6,NaN
3,3,6,NaN
4,2,6,NaN
4,2,6,NaN
6,0,6,0.7423423413009405
5,1,6,0.3557510427918548
3,3,6,0.8652322931034484
5,1,6,0.08612589160650815
5,1,6,0.11735031057960332
6,0,6,0.631220773570296
4,2,6,NaN
2,4,6,0.0040285477034800584
3,3,6,0.07361819104140599
5,1,6,NaN
5,1,6,NaN
4,2,6,NaN
3,3,6,NaN
5,1,6,NaN
5,1,6,0.7092033041123709
4,2,6,0.8237080657963236
3,3,6,0.21185071034975703
5,1,6,0.5142466969961698
5,1,6,0.31538291069709495
5,1,6,NaN
3,3,6,0.3557510427918548
3,3,6,NaN
5,1,6,NaN
3,3,6,NaN
3,3,6,0.4475557477195245
4,2,6,NaN
5,1,6,0.6717661875924231
4,2,6,NaN
5,1,6,NaN
6,0,6,0.7092033041123709
2,4,6,NaN
5,1,6,0.053556438906752275
3,3,6,NaN
5,1,6,0.631220773570296
4,2,6,0.9812148664744478
6,0,6,NaN
6,0,6,NaN
5,1,6,0.4011103777394731
6,0,6,0.012196870997845503
6,0,6,NaN
5,1,6,0.2750595555450524
3,3,6,NaN
6,0,6,0.9253817549007111
5,1,6,0.06260803999115534
5,1,6,0.9394569650180941
3,3,6,0.9394569650180941
6,0,6,0.4011103777394731
6,0,6,0.8565837334949431
6,0,6,0.6976222883064119
6,0,6,0.07361819104140599
4,2,6,0.03831329598506057
4,2,6,NaN
5,1,6,0.0630282359819421
3,3,6,NaN
3,3,6,NaN
2,4,6,0.002174644490643963
6,0,6,0.5183374556419776
5,1,6,0.055019965025258535
3,3,6,NaN
6,0,6,NaN
4,2,6,0.7726517314264018
6,0,6,0.9337796971813142
3,3,6,0.3886916278024838
6,0,6,NaN
6,0,6,0.07361819104140599
3,3,6,0.8138385796604178
5,1,6,0.3892404650973566
5,1,6,0.631220773570296
5,1,6,NaN
2,4,6,0.4011103777394731
4,2,6,0.2640881443958712
6,0,6,0.04398849713758003
5,1,6,0.8827570506600473
3,3,6,NaN
6,0,6,0.03474228726538227
2,4,6,NaN
5,1,6,0.28963920964340784
6,0,6,0.030758156819904358
5,1,6,0.5865196674031864
4,2,6,NaN
4,2,6,0.08612589160650815
4,2,6,0.13695747655435897
4,2,6,0.5417209770628222
5,1,6,0.545442080694089
6,0,6,0.164811978123913
5,1,6,NaN
4,2,6,NaN
5,1,6,0.0467115594787914
3,3,6,0.49543559874771725
5,1,6,NaN
4,2,6,0.5902569289758602
4,2,6,0.6732080597295257
6,0,6,0.9733084005106692
5,1,6,0.020891495680959778
3,3,6,0.02787455723542097
5,1,6,0.6078036258336132
4,2,6,0.6717661875924231
4,2,6,0.10032275229784271
2,4,6,NaN
5,1,6,0.07383224690497286
4,2,6,0.5417209770628222
5,1,6,NaN
5,1,6,0.053556438906752275
4,2,6,0.0032344506104328807
3,3,6,NaN
2,4,6,0.0009212908873981543
3,3,6,NaN
4,2,6,NaN
2,4,6,NaN
6,0,6,0.8827570506600473
4,2,6,NaN
4,2,6,0.7423423413009405
5,1,6,NaN
1,5,6,NaN
4,2,6,0.44759481517867167
6,0,6,NaN
4,2,6,0.5865196674031864
5,1,6,NaN
6,0,6,0.9493033010224405
3,3,6,0.8171669894698544
6,0,6,NaN
6,0,6,0.31538291069709495
5,1,6,0.04531425270758149
2,4,6,NaN
4,2,6,0.49543559874771725
6,0,6,NaN
6,0,6,0.15938727449707998
4,2,6,0.08612589160650815
4,2,6,NaN
5,1,6,0.11735031057960332
5,1,6,0.07564198328636307
5,1,6,NaN
3,3,6,NaN
5,1,6,NaN
4,2,6,0.31538291069709495
4,2,6,NaN
3,3,6,0.0630282359819421
6,0,6,NaN
5,1,6,0.11735031057960332
5,1,6,0.08805963418165871
4,2,6,0.019796251803769704
6,0,6,NaN
4,2,6,0.4011103777394731
4,2,6,0.0979608208966583
6,0,6,0.11735031057960332
6,0,6,NaN
4,2,6,0.24290906152647984
5,1,6,NaN
4,2,6,0.13695747655435897
5,1,6,0.4011103777394731
6,0,6,NaN
5,1,6,0.7423423413009405
3,3,6,0.5865196674031864
5,1,6,NaN
6,0,6,NaN
6,0,6,NaN
5,1,6,0.39500683293706373
4,2,6,0.8006696868167401
4,2,6,0.631220773570296
5,1,6,0.030758156819904358
4,2,6,0.2783692877527476
4,2,6,NaN
3,3,6,NaN
6,0,6,NaN
6,0,6,NaN
3,3,6,0.6717661875924231
4,2,6,0.5865196674031864
3,3,6,NaN
6,0,6,0.03819073145930519
6,0,6,0.9885707782763422
5,1,6,NaN
1,5,6,0.938680148905558
4,2,6,NaN
3,3,6,NaN
5,1,6,NaN
4,2,6,0.11735031057960332
6,0,6,NaN
5,1,6,0.631220773570296
6,0,6,0.5587340330875643
3,3,6,0.09585577161339616
4,2,6,0.8006696868167401
3,3,6,NaN
4,2,6,0.15938727449707998
4,2,6,0.7128003214641632
5,1,6,0.631220773570296
4,2,6,0.8827570506600473
5,1,6,0.3296496747755379
4,2,6,0.9001259164326818
6,0,6,0.7364198855503388
5,1,6,0.2809578211923491
5,1,6,NaN
6,0,6,0.5865196674031864
4,2,6,NaN
6,0,6,NaN
4,2,6,NaN
5,1,6,0.49543559874771725
6,0,6,0.18348414923983342
6,0,6,0.9137791798943785
5,1,6,NaN
2,4,6,NaN
4,2,6,0.6717661875924231
6,0,6,0.22498386269722465
3,3,6,0.6717661875924231
3,3,6,NaN
2,4,6,0.2783692877527476
3,3,6,0.14250984015230442
1,5,6,0.8006696868167401
5,1,6,NaN
5,1,6,NaN
4,2,6,0.8237080657963236
4,2,6,NaN
6,0,6,0.053556438906752275
1,5,6,NaN
4,2,6,NaN
6,0,6,NaN
4,2,6,NaN
3,3,6,0.9721309409601094
6,0,6,NaN
6,0,6,0.7423423413009405
4,2,6,0.5237310479321983
4,2,6,NaN
3,3,6,0.9663500458367166
5,1,6,NaN
4,2,6,0.08612589160650815
4,2,6,0.3599164212940931
6,0,6,0.0274482768931293
5,1,6,0.4283246995169046
5,1,6,NaN
5,1,6,NaN
5,1,6,0.7092033041123709
5,1,6,0.5865196674031864
6,0,6,0.8450772854630715
6,0,6,0.49543559874771725
4,2,6,NaN
5,1,6,NaN
6,0,6,0.7092033041123709
6,0,6,NaN
5,1,6,NaN
5,1,6,NaN
5,1,6,0.31538291069709495
4,2,6,0.8827570506600473
6,0,6,NaN
5,1,6,NaN
6,0,6,NaN
3,3,6,NaN
3,3,6,0.00090419268862463
5,1,6,NaN
4,2,6,0.8237080657963236
4,2,6,NaN
6,0,6,0.4475557477195245
5,1,6,NaN
5,1,6,NaN
4,2,6,0.19707611935753971
4,2,6,0.5417209770628222
4,2,6,NaN
5,1,6,0.6219071491312701
6,0,6,NaN
4,2,6,0.3557510427918548
3,3,6,0.31538291069709495
6,0,6,NaN
5,1,6,NaN
4,2,6,NaN
5,1,6,0.49543559874771725
5,1,6,0.4155618969404342
2,4,6,0.24290906152647984
5,1,6,0.0011400307202472932
4,2,6,0.7092033041123709
5,1,6,NaN
3,3,6,0.39500683293706373
2,4,6,0.017589825118757996
6,0,6,NaN
6,0,6,NaN
3,3,6,NaN
4,2,6,0.7423423413009405
4,2,6,0.5745454546618926
6,0,6,NaN
5,1,6,0.16408468332881176
5,1,6,NaN
6,0,6,0.6896112106618523
4,2,6,0.18348414923983342
3,3,6,0.7700739487437182
5,1,6,0.8827570506600473
4,2,6,0.5640607765433693
4,2,6,NaN
6,0,6,NaN
4,2,6,0.9590286414731528
3,3,6,0.016656938369781698
6,0,6,NaN
5,1,6,0.31538291069709495
1,5,6,NaN
5,1,6,0.31538291069709495
3,3,6,NaN
5,1,6,NaN
5,1,6,0.9706648603567007
6,0,6,NaN
5,1,6,NaN
4,2,6,0.0024413090177181364
5,1,6,0.03831329598506057
5,1,6,0.009899401415845973
5,1,6,0.3557510427918548
5,1,6,0.8827570506600473
5,1,6,0.8827570506600473
4,2,6,0.8006586145440605
3,3,6,0.9789190809366978
4,2,6,0.31538291069709495
4,2,6,0.7726517314264018
6,0,6,NaN
5,1,6,NaN
6,0,6,NaN
4,2,6,0.7726517314264018
5,1,6,NaN
6,0,6,0.4011103777394731
5,1,6,0.7423423413009405
4,2,6,NaN
3,3,6,0.9885707782763422
3,3,6,NaN
2,4,6,0.2783692877527476
4,2,6,0.8006696868167401
3,3,6,0.31538291069709495
6,0,6,NaN
2,4,6,NaN
4,2,6,0.028910181105086082
5,1,6,NaN
6,0,6,NaN
6,0,6,NaN
6,0,6,NaN
4,2,6,NaN
4,2,6,0.5490810399229935
4,2,6,NaN
3,3,6,NaN
6,0,6,0.8330817209472989
4,2,6,0.13684525122146476
6,0,6,0.5417209770628222
6,0,6,0.8652322931034484
3,3,6,0.0037676114872972023
3,3,6,NaN
5,1,6,NaN
6,0,6,0.4475557477195245
5,1,6,0.007349342594627595
6,0,6,0.15938727449707998
4,2,6,NaN
3,3,6,NaN
6,0,6,0.8682626472685974
2,4,6,NaN
2,4,6,0.49543559874771725
4,2,6,0.6386796318110681
2,4,6,NaN
6,0,6,0.04531425270758149
6,0,6,NaN
6,0,6,NaN
5,1,6,NaN
4,2,6,NaN
5,1,6,NaN
4,2,6,0.5417209770628222
4,2,6,NaN
6,0,6,NaN
5,1,6,NaN
5,1,6,0.8006696868167401
5,1,6,NaN
3,3,6,NaN
4,2,6,NaN
2,4,6,0.0015506799637766114
6,0,6,NaN
6,0,6,0.631220773570296
4,2,6,NaN
4,2,6,0.8237080657963236
6,0,6,NaN
5,1,6,0.9789190809366978
3,3,6,NaN
4,2,6,0.6937379552179972
3,3,6,0.9976720009829098
4,2,6,NaN
6,0,6,NaN
2,4,6,0.4011103777394731
5,1,6,0.01384068834559692
4,2,6,0.6717661875924231
6,0,6,0.9999184769128274
3,3,6,NaN
4,2,6,NaN
5,1,6,NaN
6,0,6,0.01384068834559692
5,1,6,0.9137791798943785
4,2,6,0.051227668486551026
6,0,6,0.9272124484159221
6,0,6,0.2441291280411453
2,4,6,0.31538291069709495
6,0,6,0.3557510427918548
6,0,6,0.631220773570296
3,3,6,NaN
6,0,6,NaN
1,5,6,NaN
6,0,6,0.2783692877527476
6,0,6,NaN
1,5,6,0.21185071034975703
4,2,6,0.04449389582417602
4,2,6,0.032853775051729074
3,3,6,0.3557510427918548
5,1,6,NaN
2,4,6,0.5755445613545683
4,2,6,NaN
5,1,6,0.15938727449707998
5,1,6,0.14471373825814463
5,1,6,NaN
6,0,6,NaN
6,0,6,0.4011103777394731
6,0,6,NaN
4,2,6,0.22333937927903866
3,3,6,0.36134505565174846
5,1,6,NaN
5,1,6,0.9590286414731528
5,1,6,0.5865196674031864
5,1,6,NaN
3,3,6,0.5183374556419776
6,0,6,0.05652602055805879
2,4,6,0.5865196674031864
4,2,6,NaN
4,2,6,0.7423423413009405
4,2,6,0.7092033041123709
4,2,6,0.4011103777394731
3,3,6,NaN
6,0,6,0.24290906152647984
6,0,6,NaN
4,2,6,NaN
6,0,6,NaN
5,1,6,0.26113483693213324
5,1,6,NaN
2,4,6,NaN
5,1,6,0.05860654881587824
5,1,6,0.9045471222061193
4,2,6,0.1782184971215875
3,3,6,NaN
3,3,6,0.8237080657963236
5,1,6,0.10430433404708055
3,3,6,0.3557510427918548
3,3,6,0.0034745117268000733
3,3,6,0.06880108721920915
3,3,6,NaN
3,3,6,NaN
3,3,6,0.5417209770628222
1,5,6,NaN
5,1,6,NaN
6,0,6,0.5492933945759987
4,2,6,0.07361819104140599
5,1,6,0.7726517314264018
4,2,6,0.3557510427918548
6,0,6,0.053556438906752275
4,2,6,0.9137791798943785
5,1,6,NaN
6,0,6,NaN
4,2,6,NaN
5,1,6,0.03831329598506057
5,1,6,NaN
6,0,6,NaN
5,1,6,NaN
2,4,6,0.0008949479627873683
4,2,6,0.08393888398961358
3,3,6,NaN
5,1,6,NaN
2,4,6,NaN
5,1,6,NaN
5,1,6,NaN
5,1,6,0.8652322931034484
5,1,6,NaN
4,2,6,0.5782099747879653
3,3,6,NaN
3,3,6,NaN
4,2,6,NaN
3,3,6,0.3943586556899317
4,2,6,0.8652322931034484
2,4,6,0.18348414923983342
6,0,6,0.036969779833143916
5,1,6,0.9493033010224405
5,1,6,NaN
2,4,6,NaN
4,2,6,NaN
6,0,6,NaN
6,0,6,NaN
6,0,6,0.631220773570296
4,2,6,0.7423423413009405
5,1,6,NaN
6,0,6,0.5865196674031864
3,3,6,0.9841738135856081
3,3,6,NaN
4,2,6,0.032853775051729074
4,2,6,0.6637240556986629
3,3,6,NaN
2,4,6,0.3936412227352208
4,2,6,NaN
5,1,6,0.8621047062313124
5,1,6,0.10032275229784271
3,3,6,0.11735031057960332
5,1,6,NaN
6,0,6,0.8237080657963236
5,1,6,0.6717661875924231
6,0,6,0.6353108228246839
4,2,6,NaN
3,3,6,0.7726517314264018
3,3,6,NaN
2,4,6,0.032853775051729074
5,1,6,NaN
3,3,6,NaN
5,1,6,NaN
2,4,6,0.9137791798943785
4,2,6,NaN
5,1,6,0.8450772854630715
4,2,6,NaN
5,1,6,NaN
5,1,6,NaN
3,3,6,NaN
4,2,6,0.03149697862226962
5,1,6,0.9001259164326818
4,2,6,0.4011103777394731
5,1,6,NaN
5,1,6,NaN
6,0,6,NaN
6,0,6,0.2353865347222604
4,2,6,NaN
5,1,6,0.24290906152647984
4,2,6,0.03831329598506057
4,2,6,NaN
5,1,6,NaN
2,4,6,0.9841738135856081
3,3,6,NaN
6,0,6,NaN
4,2,6,0.31538291069709495
4,2,6,0.9001259164326818
3,3,6,0.8279889650680171
3,3,6,0.0018409182881712915
3,3,6,NaN
6,0,6,0.2783692877527476
2,4,6,NaN
3,3,6,0.31538291069709495
6,0,6,NaN
6,0,6,0.18348414923983342
6,0,6,0.6877696185067498
5,1,6,0.13695747655435897
5,1,6,NaN
5,1,6,NaN
3,3,6,0.14208014461642973
5,1,6,0.15938727449707998
6,0,6,0.8827570506600473
6,0,6,NaN
6,0,6,NaN
3,3,6,0.9793798504859225
6,0,6,0.0037676114872972023
5,1,6,0.6717661875924231
3,3,6,0.18348414923983342
3,3,6,0.9493033010224405
5,1,6,NaN
4,2,6,0.3557510427918548
3,3,6,0.8237080657963236
5,1,6,0.49543559874771725
5,1,6,NaN
3,3,6,0.9137791798943785
4,2,6,NaN
4,2,6,0.8652322931034484
4,2,6,0.9590286414731528
6,0,6,0.7423423413009405
5,1,6,0.8006696868167401
5,1,6,0.07984496278561906
5,1,6,0.631220773570296
2,4,6,0.17638798005766676
5,1,6,NaN
5,1,6,NaN
4,2,6,0.1045240737737313
4,2,6,0.29847576848684493
4,2,6,NaN
5,1,6,NaN
5,1,6,0.5865196674031864
6,0,6,NaN
5,1,6,0.0924971579505958
6,0,6,0.6717661875924231
5,1,6,0.0006965040101734388
6,0,6,1.1831015238684667e-5
6,0,6,0.3706401238712206
5,1,6,0.4475557477195245
2,4,6,0.9734582797051468
4,2,6,0.9493033010224405
3,3,6,0.6143795538901218
3,3,6,0.011335119107957231
4,2,6,0.053556438906752275
3,3,6,0.8006696868167401
6,0,6,NaN
6,0,6,NaN
6,0,6,NaN
5,1,6,NaN
4,2,6,0.7423423413009405
5,1,6,NaN
2,4,6,NaN
4,2,6,0.7811680378186527
3,3,6,NaN
5,1,6,0.9137791798943785
6,0,6,NaN
3,3,6,0.5865196674031864
6,0,6,0.11735031057960332
5,1,6,0.7092033041123709
3,3,6,0.3557510427918548
6,0,6,0.051085957214490704
6,0,6,0.49543559874771725
4,2,6,NaN
3,3,6,0.580386311984139
5,1,6,NaN
5,1,6,0.08612589160650815
5,1,6,0.007349342594627595
6,0,6,NaN
3,3,6,0.0015991442554046831
5,1,6,NaN
6,0,6,NaN
5,1,6,0.10954400898331997
5,1,6,0.9272124484159221
5,1,6,NaN
6,0,6,NaN
1,5,6,0.9663500458367166
4,2,6,0.3557510427918548
4,2,6,0.5417209770628222
1,5,6,NaN
5,1,6,0.31538291069709495
3,3,6,0.4619429677982131
5,1,6,NaN
1,5,6,NaN
3,3,6,0.0028788935843253277
5,1,6,0.7061697604903152
6,0,6,0.18348414923983342
5,1,6,0.49543559874771725
5,1,6,0.9590286414731528
6,0,6,0.0014397508916398675
4,2,6,NaN
6,0,6,0.6368500392896812
6,0,6,NaN
5,1,6,0.0003012833779270557
3,3,6,0.010902376247303155
5,1,6,NaN
3,3,6,0.8006696868167401
3,3,6,0.26771753006387256
3,3,6,NaN
1,5,6,NaN
4,2,6,0.11735031057960332
5,1,6,0.5671333747981325
4,2,6,NaN
5,1,6,0.9916966421839661
5,1,6,0.6034053153223242
2,4,6,0.7726517314264018
6,0,6,NaN
5,1,6,NaN
6,0,6,NaN
4,2,6,0.7921036530766452
4,2,6,0.8012183129642948
6,0,6,NaN
5,1,6,NaN
3,3,6,NaN
5,1,6,NaN
5,1,6,0.2668400346081453
5,1,6,0.49543559874771725
6,0,6,NaN
1,5,6,NaN
5,1,6,NaN
4,2,6,0.5865196674031864
6,0,6,0.3557510427918548
3,3,6,0.6796560791431746
6,0,6,0.631220773570296
5,1,6,0.4201685643263037
5,1,6,0.13695747655435897
6,0,6,0.8006696868167401
6,0,6,NaN
2,4,6,0.03831329598506057
2,4,6,NaN
5,1,6,NaN
4,2,6,0.39455129660316307
2,4,6,NaN
6,0,6,NaN
6,0,6,NaN
2,4,6,0.21793114523149193
6,0,6,NaN
5,1,6,NaN
6,0,6,0.15938727449707998
3,3,6,NaN
4,2,6,NaN
3,3,6,0.08612589160650815
4,2,6,NaN
3,3,6,0.014378876956174035
5,1,6,NaN
5,1,6,0.09061241887260031
3,3,6,0.9630945025694654
5,1,6,0.7092033041123709
3,3,6,0.9733084005106692
4,2,6,0.5865196674031864
6,0,6,0.9272124484159221
5,1,6,0.5417209770628222
5,1,6,0.31538291069709495
3,3,6,0.032097683993190684
5,1,6,0.02787455723542097
5,1,6,0.23427522693856764
5,1,6,0.18348414923983342
6,0,6,NaN
3,3,6,NaN
4,2,6,0.13695747655435897
4,2,6,0.7092033041123709
5,1,6,0.7921036530766452
4,2,6,NaN
6,0,6,0.8652322931034484
4,2,6,0.002680120966357725
4,2,6,NaN
2,4,6,0.20028799361036545
1,5,6,NaN
6,0,6,0.4011103777394731
6,0,6,0.24290906152647984
5,1,6,NaN
5,1,6,0.9001259164326818
6,0,6,0.21185071034975703
6,0,6,NaN
4,2,6,NaN
5,1,6,0.01451883569202176
3,3,6,NaN
6,0,6,NaN
3,3,6,NaN
3,3,6,0.8163484745222231
5,1,6,NaN
3,3,6,0.40444970096900007
5,1,6,0.4235807573597861
6,0,6,0.631220773570296
5,1,6,0.4475557477195245
3,3,6,NaN
4,2,6,0.034821783002058744
4,2,6,0.7092033041123709
5,1,6,NaN
2,4,6,0.9891626696239115
5,1,6,0.49543559874771725
5,1,6,0.026594646679114247
5,1,6,0.7657133353504112
1,5,6,0.10032275229784271
3,3,6,0.0007248464413789937
5,1,6,0.03358479511689721
6,0,6,0.3597687351920953
1,5,6,NaN
5,1,6,0.08720316871758996
3,3,6,0.9663500458367166
6,0,6,0.012990945009564159
4,2,6,NaN
4,2,6,NaN
4,2,6,NaN
3,3,6,0.4011103777394731
5,1,6,NaN
5,1,6,0.7423423413009405
5,1,6,NaN
3,3,6,NaN
6,0,6,0.006907936578986479
4,2,6,0.2783692877527476
5,1,6,0.03831329598506057
6,0,6,0.2990121393021677
2,4,6,NaN
2,4,6,NaN
3,3,6,NaN
4,2,6,NaN
5,1,6,0.9663500458367166
4,2,6,0.9137791798943785
6,0,6,NaN
6,0,6,0.15938727449707998
6,0,6,NaN
6,0,6,0.0355000492218276
5,1,6,0.6877696185067498
5,1,6,0.49543559874771725
4,2,6,0.9841738135856081
5,1,6,NaN
4,2,6,NaN
5,1,6,NaN
6,0,6,NaN
3,3,6,0.08612589160650815
2,4,6,0.8908544730115748
4,2,6,0.007349342594627595
5,1,6,NaN
4,2,6,0.3557510427918548
6,0,6,0.1477886461455502
4,2,6,NaN
5,1,6,NaN
6,0,6,0.4011103777394731
5,1,6,NaN
4,2,6,0.9142240793704605
6,0,6,0.18490220011215586
6,0,6,0.4475557477195245
5,1,6,NaN
6,0,6,0.6516169525146253
4,2,6,NaN
5,1,6,0.18348414923983342
4,2,6,NaN
6,0,6,0.004426969511280984
3,3,6,0.0143133607905662
3,3,6,NaN
5,1,6,NaN
5,1,6,NaN
5,1,6,0.15021370908375797
5,1,6,0.4475557477195245
6,0,6,NaN
3,3,6,0.4475557477195245
4,2,6,0.11735031057960332
3,3,6,NaN
6,0,6,0.7499225199423162
2,4,6,0.3901201530147684
4,2,6,NaN
6,0,6,NaN
6,0,6,0.004812211608952799
5,1,6,NaN
5,1,6,NaN
5,1,6,NaN
3,3,6,0.002984340715420321
4,2,6,0.4011103777394731
4,2,6,NaN
4,2,6,0.8006696868167401
4,2,6,0.7092033041123709
5,1,6,0.9108371303898248
4,2,6,0.2478307565382588
6,0,6,0.6213512571366325
4,2,6,0.9885707782763422
5,1,6,0.8652322931034484
4,2,6,NaN
5,1,6,0.4011103777394731
5,1,6,0.03831329598506057
5,1,6,0.7790320057766477
3,3,6,NaN
5,1,6,NaN
6,0,6,NaN
4,2,6,NaN
5,1,6,NaN
6,0,6,0.02787455723542097
4,2,6,0.49543559874771725
5,1,6,0.24290906152647984
4,2,6,0.2783692877527476
3,3,6,0.4475557477195245
5,1,6,NaN
3,3,6,NaN
3,3,6,0.24290906152647984
5,1,6,0.5802917560236949
5,1,6,NaN
4,2,6,0.18348414923983342
6,0,6,0.11778302376262217
6,0,6,NaN
6,0,6,0.38549563063566045
3,3,6,0.15938727449707998
6,0,6,0.13695747655435897
5,1,6,NaN
6,0,6,0.13695747655435897
6,0,6,NaN
2,4,6,0.0630282359819421
6,0,6,0.7092033041123709
4,2,6,NaN
4,2,6,NaN
5,1,6,0.18348414923983342
6,0,6,NaN
5,1,6,NaN
5,1,6,NaN
2,4,6,0.09171824378982071
5,1,6,NaN
6,0,6,NaN
2,4,6,0.27488039458840285
5,1,6,NaN
4,2,6,0.6756330608860038
4,2,6,NaN
6,0,6,0.7423423413009405
4,2,6,0.31538291069709495
6,0,6,NaN
6,0,6,NaN
4,2,6,0.16102219213505037
6,0,6,NaN
6,0,6,NaN
6,0,6,NaN
1,5,6,NaN
1,5,6,0.10032275229784271
5,1,6,0.8450772854630715
3,3,6,NaN
4,2,6,0.8652322931034484
3,3,6,0.02787455723542097
4,2,6,NaN
5,1,6,0.15938727449707998
3,3,6,NaN
4,2,6,0.5417209770628222
4,2,6,0.6717661875924231
5,1,6,0.9767012567429126
2,4,6,0.4475557477195245
5,1,6,0.15938727449707998
3,3,6,0.10362725741653879
6,0,6,NaN
5,1,6,NaN
3,3,6,NaN
6,0,6,NaN
5,1,6,0.631220773570296
3,3,6,0.823475088413977
4,2,6,0.18348414923983342
6,0,6,0.7092033041123709
2,4,6,NaN
5,1,6,0.0003224196696121124
4,2,6,NaN
5,1,6,NaN
6,0,6,0.7423423413009405
5,1,6,0.9272124484159221
3,3,6,NaN
6,0,6,0.2783692877527476
6,0,6,0.8006696868167401
4,2,6,NaN
6,0,6,0.24290906152647984
6,0,6,NaN
3,3,6,0.5865196674031864
6,0,6,0.3557510427918548
5,1,6,0.631220773570296
4,2,6,0.2783692877527476
2,4,6,0.46251587539564226
4,2,6,NaN
6,0,6,0.4475557477195245
6,0,6,0.9001259164326818
1,5,6,0.09936785522206629
5,1,6,0.3557510427918548
6,0,6,0.5865196674031864
6,0,6,0.7726517314264018
3,3,6,NaN
4,2,6,0.9932798152699329
5,1,6,NaN
5,1,6,NaN
4,2,6,NaN
3,3,6,0.24290906152647984
2,4,6,0.11735031057960332
5,1,6,NaN
6,0,6,0.5417209770628222
4,2,6,0.6717661875924231
3,3,6,NaN
4,2,6,0.631220773570296
3,3,6,0.8006696868167401
5,1,6,0.31538291069709495
6,0,6,0.4475557477195245
6,0,6,0.8237080657963236
6,0,6,NaN
6,0,6,NaN
4,2,6,0.07361819104140599
4,2,6,NaN
4,2,6,NaN
2,4,6,0.4475557477195245
4,2,6,0.8652322931034484
1,5,6,0.0060778017932599585
6,0,6,0.016424560355277798
4,2,6,0.18120091648214065
2,4,6,NaN
3,3,6,0.2559921408322171
6,0,6,NaN
3,3,6,NaN
4,2,6,0.08612589160650815
6,0,6,0.49543559874771725
3,3,6,0.001807926262550802
4,2,6,NaN
4,2,6,0.03831329598506057
5,1,6,0.14096918626921734
6,0,6,NaN
5,1,6,0.7726517314264018
4,2,6,NaN
6,0,6,NaN
6,0,6,NaN
6,0,6,NaN
4,2,6,0.6717661875924231
5,1,6,0.8652322931034484
4,2,6,NaN
5,1,6,0.21185071034975703
6,0,6,0.08612589160650815
3,3,6,NaN
3,3,6,NaN
4,2,6,NaN
4,2,6,0.49072630865647615
4,2,6,NaN
4,2,6,NaN
2,4,6,NaN
2,4,6,NaN
6,0,6,NaN
4,2,6,0.03831329598506057
5,1,6,NaN
4,2,6,NaN
4,2,6,0.6163604147416746
5,1,6,0.6718829133842396
5,1,6,0.9263616469895146
5,1,6,0.10528657409123422
6,0,6,0.49543559874771725
4,2,6,0.3140788080690369
2,4,6,0.5417209770628222
5,1,6,0.8827570506600473
1,5,6,NaN
5,1,6,0.9001259164326818
4,2,6,0.10032275229784271
4,2,6,NaN
4,2,6,0.2668400346081453
6,0,6,0.8237080657963236
3,3,6,0.9663500458367166
4,2,6,NaN
5,1,6,0.07361819104140599
6,0,6,NaN
5,1,6,NaN
5,1,6,NaN
6,0,6,0.8827570506600473
1,5,6,NaN
3,3,6,NaN
6,0,6,NaN
5,1,6,NaN
5,1,6,0.03831329598506057
5,1,6,0.4475557477195245
6,0,6,0.016656938369781698
4,2,6,NaN
4,2,6,0.9962743940166422
4,2,6,NaN
3,3,6,NaN
6,0,6,NaN
5,1,6,NaN
5,1,6,NaN
4,2,6,NaN
6,0,6,NaN
6,0,6,0.2783692877527476
4,2,6,NaN
6,0,6,0.22666592145545733
2,4,6,NaN
5,1,6,NaN
3,3,6,NaN
3,3,6,0.8006696868167401
5,1,6,NaN
6,0,6,0.8827570506600473
5,1,6,0.10032275229784271
4,2,6,0.4011103777394731
4,2,6,0.18348414923983342
2,4,6,0.023437746643316073
3,3,6,NaN
6,0,6,0.4475557477195245
4,2,6,NaN
3,3,6,0.5417209770628222
4,2,6,0.13695747655435897
4,2,6,0.7726517314264018
6,0,6,NaN
3,3,6,0.278795063791122
5,1,6,NaN
5,1,6,NaN
4,2,6,NaN
4,2,6,0.019796251803769704
1,5,6,NaN
6,0,6,0.21185071034975703
6,0,6,0.545442080694089
4,2,6,0.9394569650180941
3,3,6,0.0032344506104328807
1,5,6,0.5987615975948107
3,3,6,0.5459916266606403
6,0,6,NaN
6,0,6,0.33206252338918735
5,1,6,NaN
5,1,6,0.025250627276674223
5,1,6,0.08612589160650815
2,4,6,NaN
3,3,6,NaN
6,0,6,0.033404130368620236
3,3,6,0.9733084005106692
1,5,6,0.5989400939446058
6,0,6,0.8419067104764536
1,5,6,0.9394569650180941
4,2,6,NaN
4,2,6,NaN
5,1,6,NaN
6,0,6,NaN
3,3,6,0.49543559874771725
5,1,6,0.6163604147416746
3,3,6,NaN
6,0,6,0.2783692877527476
6,0,6,0.49543559874771725
2,4,6,0.3771637788087311
4,2,6,0.15791455121076756
6,0,6,NaN
5,1,6,NaN
6,0,6,0.4011103777394731
4,2,6,NaN
3,3,6,NaN
4,2,6,0.9394569650180941
5,1,6,0.016656938369781698
5,1,6,0.7057601406770972
5,1,6,NaN
6,0,6,0.5865196674031864
3,3,6,NaN
5,1,6,0.3575534733500888
4,2,6,0.7092033041123709
5,1,6,0.9406178468407678
5,1,6,0.4475557477195245
6,0,6,0.4475557477195245
5,1,6,0.7423423413009405
5,1,6,NaN
6,0,6,NaN
5,1,6,NaN
5,1,6,0.65475266498511
2,4,6,NaN
6,0,6,0.04737237806624203
3,3,6,NaN
5,1,6,0.49543559874771725
5,1,6,0.18348414923983342
2,4,6,NaN
5,1,6,0.2783692877527476
2,4,6,NaN
3,3,6,NaN
6,0,6,NaN
6,0,6,NaN
4,2,6,0.00025459882583054385
5,1,6,0.7423423413009405
4,2,6,NaN
3,3,6,NaN
4,2,6,0.6717661875924231
4,2,6,NaN
6,0,6,NaN
6,0,6,0.7092033041123709
4,2,6,0.6717661875924231
3,3,6,0.008891624123104661
5,1,6,0.31538291069709495
6,0,6,0.21185071034975703
5,1,6,NaN
3,3,6,0.49543559874771725
4,2,6,0.8827570506600473
4,2,6,0.7071497675432074
4,2,6,NaN
5,1,6,0.9509551182420809
5,1,6,0.18348414923983342
6,0,6,0.31538291069709495
3,3,6,NaN
6,0,6,0.6877696185067498
6,0,6,0.7092033041123709
5,1,6,0.8222266152547141
5,1,6,NaN
2,4,6,0.01384068834559692
6,0,6,0.0018409182881712915
6,0,6,NaN
5,1,6,NaN
3,3,6,0.7726517314264018
3,3,6,NaN
5,1,6,NaN
5,1,6,0.35611016970724096
4,2,6,0.8237080657963236
5,1,6,0.31538291069709495
4,2,6,NaN
4,2,6,NaN
6,0,6,NaN
6,0,6,NaN
5,1,6,NaN
3,3,6,0.8105459555201144
5,1,6,0.8522498984348333
1,5,6,NaN
4,2,6,0.8958762517401009
6,0,6,NaN
6,0,6,0.9272124484159221
6,0,6,NaN
5,1,6,0.13833345776724826
5,1,6,0.00034031838045726654
2,4,6,NaN
2,4,6,NaN
6,0,6,NaN
5,1,6,0.7261107092544306
6,0,6,NaN
4,2,6,NaN
4,2,6,NaN
2,4,6,NaN
6,0,6,0.2560770634131026
1,5,6,NaN
4,2,6,NaN
2,4,6,0.5417209770628222
5,1,6,0.957537029596748
4,2,6,0.29358407932182967
3,3,6,0.9493033010224405
4,2,6,0.9770035973419026
6,0,6,NaN
3,3,6,0.04225142236583336
5,1,6,NaN
5,1,6,NaN
3,3,6,NaN
6,0,6,0.21185071034975703
4,2,6,0.31538291069709495
5,1,6,0.9394569650180941
3,3,6,NaN
5,1,6,NaN
2,4,6,0.6386796318110681
6,0,6,NaN
5,1,6,0.02787455723542097
6,0,6,0.4866616619197518
4,2,6,0.2783692877527476
3,3,6,NaN
4,2,6,NaN
5,1,6,0.8450772854630715
5,1,6,0.4635894834035269
5,1,6,0.07361819104140599
4,2,6,NaN
6,0,6,NaN
4,2,6,NaN
5,1,6,0.4475557477195245
4,2,6,NaN
3,3,6,NaN
3,3,6,NaN
6,0,6,NaN
5,1,6,0.4155618969404342
5,1,6,0.02787455723542097
3,3,6,0.65475266498511
5,1,6,0.5311442229662945
6,0,6,NaN
3,3,6,NaN
3,3,6,NaN
5,1,6,0.7423423413009405
6,0,6,0.9001259164326818
4,2,6,NaN
4,2,6,NaN
6,0,6,0.24290906152647984
5,1,6,0.40720597582527557
5,1,6,0.0630282359819421
3,3,6,0.5417209770628222
4,2,6,0.9590286414731528
4,2,6,0.4475557477195245
6,0,6,0.631220773570296
5,1,6,0.7092033041123709
6,0,6,0.4475557477195245
6,0,6,NaN
3,3,6,0.8450772854630715
4,2,6,NaN
3,3,6,0.21185071034975703
4,2,6,NaN
6,0,6,0.07361819104140599
4,2,6,NaN
2,4,6,NaN
6,0,6,0.8237080657963236
6,0,6,0.11735031057960332
6,0,6,NaN
4,2,6,NaN
4,2,6,NaN
5,1,6,NaN
5,1,6,0.7125497954121649
5,1,6,0.014600270431573597
4,2,6,0.0630282359819421
6,0,6,0.0006009425893243823
5,1,6,0.7657133353504112
6,0,6,NaN
3,3,6,0.0630282359819421
5,1,6,0.7026391499738851
3,3,6,0.0630282359819421
4,2,6,0.24290906152647984
4,2,6,0.04661481945225271
3,3,6,NaN
5,1,6,0.8378240146487632
4,2,6,0.00016057868563535126
1,5,6,0.21185071034975703
6,0,6,NaN
3,3,6,NaN
5,1,6,NaN
4,2,6,NaN
4,2,6,0.8450772854630715
3,3,6,0.17356972116971547
4,2,6,NaN
3,3,6,NaN
4,2,6,0.6717661875924231
1,5,6,NaN
5,1,6,0.997665829571106
6,0,6,NaN
3,3,6,NaN
3,3,6,0.7726517314264018
4,2,6,NaN
5,1,6,NaN
4,2,6,0.7274644728681553
5,1,6,0.9780166728813449
4,2,6,0.002174644490643963
6,0,6,NaN
5,1,6,NaN
5,1,6,NaN
4,2,6,0.018149065170741614
4,2,6,0.9590286414731528
5,1,6,NaN
4,2,6,NaN
5,1,6,0.10087359347892634
6,0,6,NaN
4,2,6,NaN
5,1,6,0.0630282359819421
5,1,6,0.8567150145957111
6,0,6,0.7869407257884593
6,0,6,0.5064475937757155
2,4,6,NaN
4,2,6,0.3368416998819596
4,2,6,0.31538291069709495
5,1,6,NaN
4,2,6,NaN
1,5,6,0.31538291069709495
4,2,6,0.7092033041123709
4,2,6,0.8450772854630715
3,3,6,0.2687988404175689
5,1,6,0.21185071034975703
5,1,6,NaN
4,2,6,0.18348414923983342
4,2,6,0.11735031057960332
5,1,6,0.13684525122146476
5,1,6,0.9212837657404788
5,1,6,NaN
3,3,6,0.545442080694089
5,1,6,NaN
2,4,6,NaN
2,4,6,NaN
5,1,6,NaN
6,0,6,NaN
5,1,6,0.49543559874771725
2,4,6,0.13695747655435897
4,2,6,0.9841738135856081
5,1,6,0.31538291069709495
4,2,6,NaN
3,3,6,0.9916966421839661
5,1,6,NaN
6,0,6,0.5865196674031864
4,2,6,0.283656829885431
4,2,6,0.4011103777394731
6,0,6,NaN
1,5,6,0.4011103777394731
5,1,6,NaN
5,1,6,0.3222629772517546
3,3,6,NaN
6,0,6,0.01451135489282647
5,1,6,0.5417209770628222
2,4,6,NaN
6,0,6,0.9841738135856081
3,3,6,NaN
3,3,6,NaN
4,2,6,0.7092033041123709
4,2,6,NaN
2,4,6,NaN
5,1,6,NaN
5,1,6,0.7092033041123709
3,3,6,0.8450772854630715
4,2,6,0.9129523171415184
4,2,6,NaN
5,1,6,0.7423423413009405
6,0,6,NaN
5,1,6,0.07361819104140599
3,3,6,0.4475557477195245
4,2,6,0.8652322931034484
3,3,6,NaN
4,2,6,NaN
4,2,6,0.8237080657963236
5,1,6,0.5417209770628222
3,3,6,0.49543559874771725
4,2,6,0.2144909145927689
4,2,6,NaN
5,1,6,NaN
5,1,6,0.49543559874771725
6,0,6,NaN
6,0,6,0.25974995572883275
2,4,6,0.31538291069709495
5,1,6,0.05626150211135384
5,1,6,NaN
4,2,6,NaN
6,0,6,NaN
4,2,6,0.17600453156660253
6,0,6,NaN
3,3,6,0.02787455723542097
2,4,6,NaN
3,3,6,NaN
6,0,6,0.24290906152647984
5,1,6,NaN
4,2,6,0.631220773570296
5,1,6,0.032853775051729074
4,2,6,NaN
6,0,6,NaN
6,0,6,0.7234577439877888
5,1,6,0.04531425270758149
5,1,6,0.07361819104140599
4,2,6,0.6051207914245795
5,1,6,NaN
3,3,6,NaN
6,0,6,NaN
5,1,6,NaN
6,0,6,NaN
6,0,6,NaN
5,1,6,0.8006696868167401
4,2,6,NaN
5,1,6,0.4475557477195245
5,1,6,NaN
6,0,6,NaN
6,0,6,0.8827570506600473
1,5,6,0.7423423413009405
6,0,6,0.8068207208047298
6,0,6,NaN
6,0,6,0.7514535986009501
5,1,6,NaN
2,4,6,NaN
5,1,6,0.5865196674031864
6,0,6,0.4011103777394731
4,2,6,0.9841738135856081
4,2,6,0.11600516340256257
6,0,6,0.13833345776724826
6,0,6,0.036036832409506635
4,2,6,0.07383224690497286
5,1,6,0.631220773570296
6,0,6,0.546152762799012
5,1,6,NaN
4,2,6,0.4475557477195245
5,1,6,NaN
5,1,6,NaN
5,1,6,0.3557510427918548
1,5,6,0.9272124484159221
6,0,6,NaN
5,1,6,0.04531425270758149
6,0,6,NaN
3,3,6,0.7432031997848977
4,2,6,0.8827570506600473
5,1,6,0.7935477201410412
6,0,6,0.5417209770628222
6,0,6,NaN
6,0,6,NaN
6,0,6,0.631220773570296
5,1,6,0.9001259164326818
5,1,6,0.2603671378658508
6,0,6,NaN
4,2,6,NaN
3,3,6,0.8006696868167401
4,2,6,NaN
5,1,6,0.0019397943444730912
6,0,6,NaN
6,0,6,0.5417209770628222
6,0,6,NaN
5,1,6,0.0630282359819421
5,1,6,NaN
6,0,6,NaN
6,0,6,0.4761631564201882
5,1,6,NaN
4,2,6,0.9756567266031227
2,4,6,NaN
5,1,6,0.3557510427918548
3,3,6,0.07361819104140599
6,0,6,0.00488140996346035
5,1,6,0.8827570506600473
4,2,6,0.7726517314264018
3,3,6,0.030758156819904358
3,3,6,0.4011103777394731
2,4,6,0.7433590367901758
4,2,6,0.5148282693924333
6,0,6,NaN
5,1,6,0.6913177134149041
5,1,6,NaN
6,0,6,NaN
4,2,6,0.5865196674031864
1,5,6,NaN
5,1,6,0.8565837334949431
2,4,6,NaN
5,1,6,NaN
5,1,6,NaN
5,1,6,0.5865196674031864
6,0,6,0.6717661875924231
5,1,6,NaN
2,4,6,0.9789190809366978
5,1,6,0.7092033041123709
4,2,6,0.49543559874771725
5,1,6,NaN
4,2,6,NaN
3,3,6,NaN
2,4,6,NaN
5,1,6,0.24290906152647984
3,3,6,NaN
6,0,6,NaN
2,4,6,0.03779627182476482
3,3,6,0.006162005486132496
3,3,6,0.6717661875924231
2,4,6,NaN
6,0,6,0.5417209770628222
6,0,6,NaN
4,2,6,0.6717661875924231
4,2,6,NaN
6,0,6,NaN
5,1,6,NaN
5,1,6,0.00025459882583054385
4,2,6,NaN
5,1,6,0.10032275229784271
5,1,6,NaN
2,4,6,0.053556438906752275
4,2,6,NaN
4,2,6,0.4475557477195245
5,1,6,0.019796251803769704
3,3,6,NaN
3,3,6,NaN
6,0,6,NaN
3,3,6,0.7423423413009405
6,0,6,NaN
2,4,6,NaN
4,2,6,NaN
5,1,6,0.5865196674031864
4,2,6,NaN
3,3,6,NaN
6,0,6,0.15938727449707998
4,2,6,0.8652322931034484
3,3,6,0.08612589160650815
4,2,6,0.016907679716365743
5,1,6,0.24290906152647984
4,2,6,NaN
6,0,6,0.3557510427918548
5,1,6,0.31197939865625673
3,3,6,NaN
5,1,6,NaN
6,0,6,NaN
6,0,6,0.7092033041123709
6,0,6,0.631220773570296
5,1,6,0.08612589160650815
4,2,6,NaN
5,1,6,NaN
2,4,6,0.735914938752462
3,3,6,0.023437746643316073
4,2,6,0.8303658393536664
2,4,6,0.31538291069709495
3,3,6,0.2968039840460145
4,2,6,0.7092033041123709
6,0,6,0.22789817911970317
2,4,6,0.08176838933445064
3,3,6,0.5386648825825928
6,0,6,0.24290906152647984
6,0,6,NaN
3,3,6,NaN
3,3,6,0.3221728557331701
4,2,6,0.15938727449707998
6,0,6,NaN
5,1,6,NaN
3,3,6,0.9789190809366978
2,4,6,0.7726517314264018
6,0,6,0.8672028944838255
4,2,6,0.9493033010224405
5,1,6,0.13695747655435897
3,3,6,0.023437746643316073
3,3,6,NaN
3,3,6,0.29082539315503025
2,4,6,0.7535269577182196
3,3,6,NaN
3,3,6,0.005828429076222456
6,0,6,NaN
1,5,6,0.11884425865406503
6,0,6,NaN
4,2,6,NaN
4,2,6,0.7726517314264018
6,0,6,NaN
6,0,6,NaN
4,2,6,0.8450772854630715
5,1,6,NaN
5,1,6,NaN
2,4,6,0.7726517314264018
2,4,6,0.3557510427918548
4,2,6,NaN
5,1,6,NaN
2,4,6,0.306360436808133
3,3,6,0.053556438906752275
5,1,6,0.21185071034975703
5,1,6,0.019796251803769704
4,2,6,0.018225447996684758
6,0,6,NaN
2,4,6,NaN
6,0,6,0.8958762517401009
5,1,6,0.4625305939172588
3,3,6,0.8232894008336689
4,2,6,NaN
5,1,6,NaN
5,1,6,NaN
2,4,6,0.7486927845652038
6,0,6,NaN
3,3,6,NaN
6,0,6,NaN
5,1,6,0.2954562226479242
4,2,6,0.4155618969404342
3,3,6,NaN
6,0,6,NaN
5,1,6,0.535813446454538
2,4,6,NaN
2,4,6,NaN
2,4,6,0.9590286414731528
2,4,6,NaN
3,3,6,0.8237080657963236
5,1,6,0.18348414923983342
6,0,6,0.631220773570296
5,1,6,1.7066055117291775e-5
2,4,6,NaN
6,0,6,NaN
2,4,6,NaN
3,3,6,NaN
5,1,6,0.5865196674031864
3,3,6,NaN
5,1,6,0.4011103777394731
5,1,6,NaN
2,4,6,NaN
5,1,6,0.8827570506600473
6,0,6,0.2783692877527476
4,2,6,NaN
5,1,6,0.10032275229784271
1,5,6,NaN
2,4,6,NaN
5,1,6,0.631220773570296
4,2,6,NaN
5,1,6,NaN
4,2,6,NaN
5,1,6,NaN
5,1,6,NaN
4,2,6,NaN
2,4,6,NaN
1,5,6,0.46050017475664007
3,3,6,NaN
5,1,6,0.9001259164326818
6,0,6,NaN
5,1,6,NaN
3,3,6,NaN
5,1,6,0.31538291069709495
6,0,6,0.2783692877527476
4,2,6,NaN
6,0,6,NaN
6,0,6,0.7726517314264018
5,1,6,0.24290906152647984
4,2,6,0.9137791798943785
5,1,6,0.13695747655435897
4,2,6,NaN
6,0,6,0.043874772423653466
2,4,6,NaN
4,2,6,0.053556438906752275
4,2,6,0.2783692877527476
5,1,6,0.9590286414731528
5,1,6,0.11735031057960332
4,2,6,NaN
4,2,6,NaN
4,2,6,0.4011103777394731
5,1,6,0.04531425270758149
2,4,6,0.017745250495042296
5,1,6,0.5311442229662945
3,3,6,0.10544798794477334
3,3,6,NaN
6,0,6,NaN
4,2,6,0.00021097297297318395
4,2,6,NaN
6,0,6,0.9663500458367166
5,1,6,0.5417209770628222
3,3,6,NaN
3,3,6,NaN
3,3,6,NaN
1,5,6,NaN
5,1,6,NaN
4,2,6,0.7092033041123709
2,4,6,0.8006696868167401
2,4,6,0.008989518365494602
5,1,6,NaN
3,3,6,0.0630282359819421
6,0,6,0.0077364670248328635
5,1,6,0.053556438906752275
5,1,6,NaN
6,0,6,0.3557510427918548
4,2,6,NaN
1,5,6,NaN
6,0,6,0.4475557477195245
6,0,6,NaN
4,2,6,0.08612589160650815
6,0,6,NaN
2,4,6,NaN
5,1,6,NaN
6,0,6,0.7925277857155424
4,2,6,NaN
5,1,6,NaN
6,0,6,0.62267864122976
3,3,6,NaN
4,2,6,0.21185071034975703
5,1,6,NaN
4,2,6,NaN
5,1,6,0.9911406851804483
2,4,6,NaN
4,2,6,0.31538291069709495
6,0,6,0.3557510427918548
6,0,6,0.5183374556419776
4,2,6,NaN
4,2,6,0.18348414923983342
2,4,6,0.07361819104140599
1,5,6,0.9272124484159221
3,3,6,0.7423423413009405
3,3,6,NaN
5,1,6,0.5865196674031864
5,1,6,NaN
2,4,6,NaN
5,1,6,0.5417209770628222
5,1,6,NaN
1,5,6,NaN
5,1,6,NaN
4,2,6,NaN
6,0,6,0.017265833624751745
6,0,6,NaN
1,5,6,0.9808556116498774
4,2,6,NaN
4,2,6,NaN
4,2,6,0.009325005405405363
5,1,6,NaN
5,1,6,0.7423423413009405
5,1,6,NaN
2,4,6,0.21185071034975703
3,3,6,0.7726517314264018
3,3,6,NaN
3,3,6,NaN
4,2,6,0.4586696019088711
5,1,6,NaN
6,0,6,0.06588698107127025
6,0,6,0.9590286414731528
6,0,6,0.4011103777394731
3,3,6,0.0026180797962322613
6,0,6,0.4011103777394731
6,0,6,0.24290906152647984
5,1,6,NaN
4,2,6,0.7726517314264018
2,4,6,0.4155618969404342
1,5,6,0.4155618969404342
4,2,6,0.2783692877527476
5,1,6,NaN
5,1,6,NaN
5,1,6,0.7092033041123709
5,1,6,0.5865196674031864
3,3,6,NaN
2,4,6,0.6127253479327994
1,5,6,NaN
4,2,6,NaN
4,2,6,0.8450772854630715
2,4,6,NaN
3,3,6,0.6717661875924231
5,1,6,0.09061241887260031
2,4,6,NaN
4,2,6,NaN
4,2,6,NaN
4,2,6,0.7423423413009405
6,0,6,0.00011792824552213706
5,1,6,0.10032275229784271
5,1,6,NaN
5,1,6,NaN
2,4,6,0.7092033041123709
1,5,6,0.7092033041123709
3,3,6,0.14606046573919937
5,1,6,0.21185071034975703
5,1,6,NaN
4,2,6,0.7423423413009405
4,2,6,NaN
4,2,6,NaN
1,5,6,NaN
6,0,6,NaN
4,2,6,0.8652322931034484
3,3,6,NaN
3,3,6,0.8872185405081541
6,0,6,0.9272124484159221
4,2,6,NaN
6,0,6,0.019796251803769704
5,1,6,0.8450772854630715
4,2,6,0.5183374556419776
5,1,6,0.9885707782763422
5,1,6,NaN
6,0,6,0.5417209770628222
5,1,6,NaN
5,1,6,0.5434852093696828
4,2,6,NaN
3,3,6,0.9789190809366978
3,3,6,0.9272124484159221
4,2,6,0.5865196674031864
4,2,6,0.49543559874771725
4,2,6,0.000871665005367129
4,2,6,NaN
5,1,6,NaN
2,4,6,NaN
4,2,6,NaN
5,1,6,NaN
5,1,6,NaN
5,1,6,NaN
5,1,6,NaN
3,3,6,0.21185071034975703
6,0,6,0.4475557477195245
2,4,6,0.2783692877527476
6,0,6,NaN
6,0,6,0.24290906152647984
4,2,6,NaN
4,2,6,NaN
5,1,6,NaN
3,3,6,0.49543559874771725
5,1,6,0.49556951559665646
4,2,6,NaN
6,0,6,0.6900950986728428
5,1,6,NaN
3,3,6,0.11735031057960332
5,1,6,0.21185071034975703
5,1,6,0.21185071034975703
4,2,6,0.0630282359819421
3,3,6,NaN
3,3,6,0.7423423413009405
5,1,6,0.49556951559665646
1,5,6,0.7454336457960071
5,1,6,0.2783692877527476
4,2,6,NaN
4,2,6,0.005045891385025822
6,0,6,NaN
3,3,6,NaN
6,0,6,0.0051653647514528205
6,0,6,NaN
5,1,6,0.6354543051814695
4,2,6,0.3940738179546217
1,5,6,NaN
6,0,6,0.10311421024026847
4,2,6,NaN
1,5,6,NaN
3,3,6,0.8827570506600473
6,0,6,0.24290906152647984
5,1,6,NaN
2,4,6,0.8652322931034484
1,5,6,NaN
5,1,6,NaN
6,0,6,NaN
5,1,6,0.8526324443380607
5,1,6,NaN
2,4,6,0.5417209770628222
6,0,6,0.7869407257884593
6,0,6,NaN
4,2,6,0.9663500458367166
4,2,6,0.11735031057960332
4,2,6,0.9212837657404788
6,0,6,NaN
4,2,6,0.9001259164326818
4,2,6,NaN
4,2,6,NaN
1,5,6,NaN
2,4,6,0.0051653647514528205
4,2,6,NaN
2,4,6,NaN
6,0,6,0.9789190809366978
6,0,6,0.9943152957847301
6,0,6,0.04531425270758149
4,2,6,0.8006696868167401
5,1,6,NaN
6,0,6,0.631220773570296
4,2,6,0.042286225658757066
3,3,6,NaN
2,4,6,0.9733084005106692
4,2,6,0.8237080657963236
2,4,6,NaN
3,3,6,0.2783692877527476
6,0,6,0.7423423413009405
4,2,6,0.9335053885363508
4,2,6,NaN
5,1,6,0.07361819104140599
2,4,6,0.6507983752003202
5,1,6,NaN
4,2,6,NaN
4,2,6,0.049259890554971
5,1,6,NaN
6,0,6,0.08612589160650815
5,1,6,0.3662459056239254
6,0,6,NaN
2,4,6,NaN
4,2,6,0.5692021899146683
2,4,6,0.04665914117398546
1,5,6,0.3047335085851245
3,3,6,NaN
3,3,6,NaN
4,2,6,NaN
5,1,6,0.019796251803769704
5,1,6,0.4475557477195245
6,0,6,NaN
5,1,6,NaN
3,3,6,0.7423423413009405
4,2,6,NaN
4,2,6,0.9663500458367166
5,1,6,0.9272124484159221
3,3,6,0.8827570506600473
6,0,6,0.18348414923983342
4,2,6,NaN
2,4,6,0.49543559874771725
6,0,6,0.31538291069709495
3,3,6,NaN
1,5,6,NaN
4,2,6,0.03831329598506057
4,2,6,NaN
4,2,6,0.8006696868167401
6,0,6,0.631220773570296
3,3,6,0.6717661875924231
5,1,6,0.4475557477195245
4,2,6,0.24290906152647984
6,0,6,NaN
1,5,6,NaN
5,1,6,NaN
4,2,6,NaN
6,0,6,0.8006696868167401
2,4,6,0.4475557477195245
6,0,6,0.8079928207706086
6,0,6,0.5417209770628222
4,2,6,0.04531425270758149
4,2,6,0.10032275229784271
4,2,6,NaN
4,2,6,NaN
3,3,6,NaN
2,4,6,NaN
5,1,6,NaN
6,0,6,0.7008889145275486
3,3,6,0.18348414923983342
6,0,6,0.21185071034975703
3,3,6,NaN
5,1,6,0.01959468777031155
3,3,6,0.4475557477195245
2,4,6,NaN
1,5,6,NaN
6,0,6,0.31538291069709495
1,5,6,NaN
1,5,6,0.8827570506600473
1,5,6,NaN
3,3,6,NaN
5,1,6,0.8827570506600473
3,3,6,0.4049824714669487
5,1,6,NaN
3,3,6,0.631220773570296
2,4,6,NaN
2,4,6,NaN
3,3,6,NaN
1,5,6,NaN
3,3,6,0.2783692877527476
5,1,6,NaN
5,1,6,0.5865196674031864
5,1,6,0.49543559874771725
4,2,6,0.8237080657963236
1,5,6,NaN
6,0,6,0.8237080657963236
5,1,6,NaN
5,1,6,0.6726559489107342
5,1,6,0.21185071034975703
4,2,6,0.6717661875924231
4,2,6,0.31538291069709495
4,2,6,NaN
5,1,6,0.858875730767394
3,3,6,0.631220773570296
6,0,6,0.023437746643316073
6,0,6,0.8006696868167401
3,3,6,NaN
5,1,6,0.8237080657963236
4,2,6,0.2783692877527476
6,0,6,NaN
6,0,6,0.5417209770628222
5,1,6,NaN
4,2,6,NaN
4,2,6,NaN
6,0,6,0.02351147875816297
5,1,6,0.12896669403328317
4,2,6,NaN
3,3,6,0.13695747655435897
4,2,6,NaN
5,1,6,0.21185071034975703
3,3,6,0.0355000492218276
3,3,6,NaN
2,4,6,0.2783692877527476
2,4,6,NaN
3,3,6,0.4759859066755086
3,3,6,0.3557510427918548
5,1,6,NaN
3,3,6,0.10032275229784271
4,2,6,NaN
6,0,6,0.10032275229784271
5,1,6,0.5417209770628222
5,1,6,0.11735031057960332
4,2,6,NaN
5,1,6,NaN
4,2,6,0.7423423413009405
6,0,6,NaN
5,1,6,0.5170170548030728
3,3,6,0.31538291069709495
3,3,6,NaN
3,3,6,NaN
5,1,6,NaN
5,1,6,0.24290906152647984
5,1,6,0.11735031057960332
3,3,6,0.04661481945225271
3,3,6,NaN
5,1,6,0.7854062055518571
6,0,6,0.13695747655435897
5,1,6,NaN
3,3,6,0.4011103777394731
5,1,6,NaN
3,3,6,NaN
4,2,6,0.03831329598506057
3,3,6,NaN
5,1,6,NaN
2,4,6,NaN
3,3,6,0.5865196674031864
4,2,6,0.3557510427918548
4,2,6,NaN
5,1,6,NaN
6,0,6,0.7092033041123709
6,0,6,0.4011103777394731
6,0,6,0.6717661875924231
4,2,6,0.21185071034975703
5,1,6,0.8450772854630715
5,1,6,0.631220773570296
4,2,6,0.4475557477195245
4,2,6,NaN
2,4,6,0.5417209770628222
2,4,6,0.14962528196952957
1,5,6,NaN
4,2,6,0.9137791798943785
4,2,6,NaN
6,0,6,NaN
2,4,6,0.4011103777394731
4,2,6,0.0630282359819421
1,5,6,NaN
6,0,6,0.24290906152647984
2,4,6,0.0003119016658957341
3,3,6,0.6717661875924231
4,2,6,0.22498386269722465
4,2,6,NaN
1,5,6,NaN
6,0,6,0.4475557477195245
3,3,6,0.9394569650180941
6,0,6,NaN
4,2,6,NaN
5,1,6,0.7726517314264018
5,1,6,0.11034610818080706
4,2,6,0.9137791798943785
3,3,6,NaN
6,0,6,0.37845497725296856
4,2,6,NaN
6,0,6,NaN
6,0,6,NaN
5,1,6,0.10032275229784271
4,2,6,0.631220773570296
5,1,6,0.0003047764283958776
4,2,6,NaN
3,3,6,0.08612589160650815
6,0,6,0.31538291069709495
4,2,6,0.7092033041123709
3,3,6,0.8237080657963236
4,2,6,0.9789190809366978
3,3,6,0.31538291069709495
5,1,6,NaN
4,2,6,NaN
4,2,6,0.07679849711397702
3,3,6,NaN
6,0,6,0.28044691532466665
3,3,6,0.21185071034975703
6,0,6,0.6717661875924231
6,0,6,0.019796251803769704
5,1,6,0.8652322931034484
3,3,6,0.05874651298217758
6,0,6,0.11735031057960332
6,0,6,NaN
5,1,6,NaN
5,1,6,0.7247091139775156
3,3,6,NaN
4,2,6,0.9574629357995315
2,4,6,NaN
6,0,6,0.18348414923983342
3,3,6,NaN
5,1,6,0.4475557477195245
1,5,6,NaN
5,1,6,0.0022228081557946287
5,1,6,NaN
3,3,6,0.7423423413009405
5,1,6,NaN
4,2,6,NaN
4,2,6,0.865856228509367
4,2,6,0.49543559874771725
5,1,6,NaN
1,5,6,NaN
2,4,6,0.6717661875924231
3,3,6,NaN
1,5,6,NaN
5,1,6,0.36278605395149505
5,1,6,0.5865196674031864
4,2,6,NaN
6,0,6,0.24290906152647984
2,4,6,NaN
3,3,6,0.10032275229784271
5,1,6,0.17819371192313782
6,0,6,NaN
1,5,6,0.9493033010224405
5,1,6,0.4011103777394731
3,3,6,0.3152338549253074
4,2,6,NaN
4,2,6,NaN
5,1,6,0.7423423413009405
1,5,6,NaN
4,2,6,0.6034053153223242
5,1,6,0.0011677580875320292
4,2,6,NaN
3,3,6,0.631220773570296
4,2,6,0.24290906152647984
6,0,6,NaN
4,2,6,0.24941956678939126
6,0,6,0.23831765814627934
2,4,6,0.10032275229784271
3,3,6,NaN
6,0,6,0.5865196674031864
5,1,6,NaN
2,4,6,NaN
5,1,6,0.3642172696109036
2,4,6,NaN
2,4,6,0.631220773570296
5,1,6,0.6717661875924231
6,0,6,0.21968774556958512
6,0,6,NaN
4,2,6,NaN
3,3,6,NaN
3,3,6,0.9663500458367166
3,3,6,NaN
5,1,6,0.8652322931034484
5,1,6,0.631220773570296
5,1,6,NaN
3,3,6,0.18348414923983342
1,5,6,0.5865196674031864
4,2,6,NaN
2,4,6,NaN
3,3,6,NaN
5,1,6,NaN
6,0,6,NaN
4,2,6,NaN
4,2,6,0.7929338376315631
4,2,6,0.4475557477195245
5,1,6,NaN
4,2,6,NaN
6,0,6,NaN
2,4,6,NaN
4,2,6,NaN
5,1,6,0.3557510427918548
1,5,6,NaN
6,0,6,NaN
2,4,6,NaN
2,4,6,NaN
2,4,6,0.4973900242501405
5,1,6,0.9137791798943785
5,1,6,1.6122894594613962e-5
6,0,6,0.6341923028368341
3,3,6,0.5865196674031864
4,2,6,NaN
5,1,6,NaN
1,5,6,NaN
2,4,6,0.17356972116971547
2,4,6,NaN
5,1,6,NaN
4,2,6,0.07721489853968687
4,2,6,NaN
2,4,6,NaN
4,2,6,0.545442080694089
3,3,6,0.21185071034975703
4,2,6,0.016656938369781698
6,0,6,NaN
4,2,6,NaN
5,1,6,0.23750457852165702
4,2,6,NaN
4,2,6,0.8311569108333244
6,0,6,NaN
5,1,6,0.8237080657963236
5,1,6,NaN
3,3,6,0.8450772854630715
4,2,6,NaN
4,2,6,0.15938727449707998
5,1,6,0.007349342594627595
6,0,6,0.4011103777394731
4,2,6,0.0030971953291187
4,2,6,0.4475557477195245
4,2,6,0.5417209770628222
4,2,6,NaN
6,0,6,0.08612589160650815
4,2,6,0.02909446234151836
3,3,6,NaN
3,3,6,0.8006696868167401
4,2,6,NaN
5,1,6,0.053556438906752275
4,2,6,0.0051653647514528205
4,2,6,NaN
2,4,6,NaN
4,2,6,NaN
5,1,6,0.06875525907900623
4,2,6,0.5417209770628222
4,2,6,0.6717661875924231
5,1,6,0.28253353147859145
3,3,6,NaN
5,1,6,NaN
4,2,6,NaN
5,1,6,NaN
4,2,6,0.14920627363271752
2,4,6,NaN
2,4,6,0.24290906152647984
4,2,6,NaN
4,2,6,0.7423423413009405
3,3,6,NaN
4,2,6,0.08612589160650815
4,2,6,NaN
6,0,6,NaN
6,0,6,0.0009647631741309733
3,3,6,0.8450772854630715
3,3,6,0.24290906152647984
5,1,6,0.5865196674031864
6,0,6,0.059773742234490494
6,0,6,NaN
2,4,6,NaN
2,4,6,NaN
1,5,6,0.8006696868167401
6,0,6,0.007332808179545792
3,3,6,NaN
5,1,6,NaN
5,1,6,NaN
2,4,6,NaN
6,0,6,0.6368500392896812
2,4,6,0.6958094479411181
4,2,6,0.9272124484159221
6,0,6,NaN
5,1,6,0.7092033041123709
5,1,6,NaN
4,2,6,NaN
3,3,6,0.9493033010224405
4,2,6,0.7092033041123709
4,2,6,0.9399889673842494
5,1,6,0.9559156237507532
4,2,6,0.7726517314264018
4,2,6,0.03831329598506057
3,3,6,0.8827570506600473
5,1,6,NaN
5,1,6,0.631220773570296
5,1,6,0.4475557477195245
6,0,6,0.2783692877527476
4,2,6,NaN
3,3,6,0.38951883007049515
6,0,6,0.8450772854630715
6,0,6,0.49543559874771725
5,1,6,NaN
3,3,6,0.023224731666304097
5,1,6,NaN
1,5,6,0.0013444296956384427
3,3,6,0.18348414923983342
1,5,6,NaN
5,1,6,0.6717661875924231
4,2,6,NaN
5,1,6,NaN
1,5,6,0.04099133246999384
3,3,6,0.0005225277032475052
5,1,6,NaN
4,2,6,NaN
3,3,6,NaN
6,0,6,NaN
6,0,6,0.04531425270758149
5,1,6,0.011335776099345244
4,2,6,0.4155618969404342
5,1,6,0.3557510427918548
4,2,6,NaN
5,1,6,0.2783692877527476
5,1,6,0.631220773570296
5,1,6,NaN
4,2,6,NaN
4,2,6,0.5417209770628222
6,0,6,NaN
3,3,6,0.03831329598506057
1,5,6,0.8277323150719882
5,1,6,0.6717661875924231
6,0,6,0.11735031057960332
3,3,6,NaN
5,1,6,0.6950686511737141
5,1,6,NaN
2,4,6,NaN
3,3,6,0.48945833991568644
6,0,6,NaN
3,3,6,0.007349342594627595
6,0,6,NaN
5,1,6,NaN
5,1,6,0.8237080657963236
3,3,6,NaN
5,1,6,NaN
4,2,6,0.0056249316562666215
4,2,6,NaN
4,2,6,0.9493033010224405
5,1,6,0.4475557477195245
4,2,6,NaN
6,0,6,0.9590286414731528
6,0,6,0.7726517314264018
6,0,6,0.18348414923983342
3,3,6,NaN
2,4,6,0.4475557477195245
3,3,6,0.0386431491357382
3,3,6,0.032853775051729074
6,0,6,NaN
2,4,6,0.47185749960595624
2,4,6,0.4011103777394731
4,2,6,0.6717661875924231
5,1,6,NaN
6,0,6,NaN
6,0,6,0.4011103777394731
6,0,6,0.11778302376262217
2,4,6,NaN
4,2,6,0.24290906152647984
5,1,6,NaN
1,5,6,0.5703436567613895
2,4,6,0.5865196674031864
3,3,6,NaN
5,1,6,0.631220773570296
6,0,6,NaN
6,0,6,NaN
4,2,6,NaN
2,4,6,NaN
5,1,6,0.010990566346880597
6,0,6,NaN
2,4,6,0.023437746643316073
5,1,6,NaN
3,3,6,NaN
5,1,6,NaN
3,3,6,0.7423423413009405
2,4,6,0.9001259164326818
2,4,6,0.7295340759791964
3,3,6,0.9137791798943785
6,0,6,NaN
3,3,6,NaN
1,5,6,NaN
2,4,6,0.9493033010224405
5,1,6,NaN
4,2,6,NaN
3,3,6,0.7982322866578346
5,1,6,NaN
5,1,6,0.8273404403689961
1,5,6,NaN
5,1,6,NaN
3,3,6,0.03542250385965071
4,2,6,0.9272124484159221
5,1,6,0.057495793370260555
5,1,6,0.2783692877527476
4,2,6,0.9733084005106692
2,4,6,0.18348414923983342
5,1,6,0.6030041371445667
5,1,6,NaN
1,5,6,NaN
2,4,6,0.5417209770628222
2,4,6,0.7423423413009405
2,4,6,NaN
4,2,6,NaN
5,1,6,0.9047853618061095
3,3,6,0.11735031057960332
2,4,6,0.8827570506600473
4,2,6,NaN
2,4,6,0.0029759028043151448
4,2,6,NaN
5,1,6,NaN
6,0,6,0.7092033041123709
4,2,6,0.9733084005106692
2,4,6,NaN
3,3,6,0.7423423413009405
2,4,6,NaN
2,4,6,0.1397548758838223
4,2,6,0.9001259164326818
5,1,6,0.2571303971501491
3,3,6,0.24443865594187517
1,5,6,NaN
5,1,6,0.24290906152647984
3,3,6,0.8652322931034484
5,1,6,NaN
3,3,6,NaN
6,0,6,0.7576654531816016
4,2,6,NaN
5,1,6,NaN
6,0,6,NaN
2,4,6,0.6717661875924231
6,0,6,NaN
3,3,6,0.8652322931034484
5,1,6,NaN
4,2,6,0.8052971416746826
5,1,6,NaN
6,0,6,NaN
4,2,6,0.21185071034975703
5,1,6,NaN
3,3,6,0.24290906152647984
2,4,6,0.0003337935247393891
5,1,6,0.14606046573919937
1,5,6,NaN
4,2,6,NaN
4,2,6,0.4011103777394731
4,2,6,0.6717661875924231
6,0,6,0.5263499558718666
4,2,6,NaN
2,4,6,0.4011103777394731
5,1,6,0.49543559874771725
3,3,6,0.15938727449707998
4,2,6,0.9001259164326818
3,3,6,NaN
3,3,6,NaN
4,2,6,0.8058300488304638
4,2,6,0.06974711180439698
4,2,6,NaN
5,1,6,NaN
1,5,6,0.11453156633326798
4,2,6,0.0027062436254735615
1,5,6,0.7802644605683003
6,0,6,NaN
4,2,6,0.04531425270758149
5,1,6,0.8450772854630715
2,4,6,NaN
4,2,6,0.10032275229784271
4,2,6,0.32052918220229487
2,4,6,0.5417209770628222
4,2,6,NaN
6,0,6,NaN
4,2,6,0.21185071034975703
5,1,6,0.7726517314264018
4,2,6,NaN
3,3,6,NaN
3,3,6,0.5417209770628222
6,0,6,0.18348414923983342
5,1,6,NaN
2,4,6,0.31538291069709495
3,3,6,NaN
4,2,6,NaN
6,0,6,NaN
5,1,6,0.7128003214641632
6,0,6,0.21185071034975703
3,3,6,0.5417209770628222
2,4,6,0.24290906152647984
3,3,6,0.5865196674031864
5,1,6,1.4009328440230888e-5
6,0,6,0.5865196674031864
1,5,6,0.3892404650973566
3,3,6,0.5417209770628222
4,2,6,NaN
2,4,6,0.2783692877527476
2,4,6,0.18348414923983342
5,1,6,0.6717661875924231
5,1,6,0.07361819104140599
4,2,6,NaN
2,4,6,NaN
5,1,6,0.04531425270758149
5,1,6,0.7092033041123709
4,2,6,0.2023842908463311
4,2,6,NaN
6,0,6,0.5865196674031864
5,1,6,0.08612589160650815
4,2,6,0.6717661875924231
6,0,6,NaN
4,2,6,NaN
2,4,6,0.7038570448214456
4,2,6,0.13695747655435897
4,2,6,0.9272124484159221
5,1,6,0.023437746643316073
4,2,6,0.0016887152317888118
4,2,6,NaN
4,2,6,NaN
3,3,6,NaN
2,4,6,NaN
5,1,6,0.0002467547588082462
6,0,6,0.6717661875924231
4,2,6,0.3557510427918548
4,2,6,0.631220773570296
6,0,6,0.9663500458367166
5,1,6,0.8006696868167401
4,2,6,NaN
3,3,6,NaN
5,1,6,NaN
6,0,6,NaN
5,1,6,0.3557510427918548
3,3,6,NaN
1,5,6,NaN
2,4,6,NaN
3,3,6,0.91089910393393
4,2,6,NaN
2,4,6,0.08612589160650815
4,2,6,0.053556438906752275
4,2,6,0.5015249489264333
2,4,6,NaN
5,1,6,0.019796251803769704
3,3,6,0.3557510427918548
3,3,6,0.02787455723542097
3,3,6,NaN
4,2,6,NaN
4,2,6,0.020700891386574192
4,2,6,0.6717661875924231
4,2,6,0.31538291069709495
6,0,6,NaN
4,2,6,0.032853775051729074
5,1,6,0.012612560927214024
5,1,6,0.10032275229784271
6,0,6,0.7423423413009405
1,5,6,NaN
3,3,6,0.5417209770628222
6,0,6,0.4011103777394731
5,1,6,0.5417209770628222
4,2,6,NaN
6,0,6,NaN
3,3,6,0.5984331673138554
5,1,6,0.24290906152647984
2,4,6,0.8652322931034484
6,0,6,0.5865196674031864
3,3,6,0.03745131119842266
3,3,6,0.3557510427918548
2,4,6,NaN
5,1,6,NaN
5,1,6,NaN
2,4,6,0.7092033041123709
5,1,6,NaN
3,3,6,0.7726517314264018
5,1,6,0.4475557477195245
2,4,6,NaN
3,3,6,0.8652322931034484
6,0,6,NaN
4,2,6,NaN
6,0,6,NaN
4,2,6,0.5407509450331557
3,3,6,0.8450772854630715
4,2,6,0.0008609558823526643
4,2,6,0.3368416998819596
6,0,6,NaN
5,1,6,NaN
4,2,6,0.10032275229784271
5,1,6,NaN
6,0,6,NaN
5,1,6,NaN
2,4,6,0.04531425270758149
2,4,6,NaN
3,3,6,0.06426587784440972
4,2,6,NaN
5,1,6,0.3921225773990182
3,3,6,NaN
4,2,6,0.5865196674031864
4,2,6,NaN
4,2,6,0.4155618969404342
5,1,6,0.7423423413009405
6,0,6,0.18348414923983342
4,2,6,0.17356972116971547
6,0,6,NaN
4,2,6,0.9137320730960797
5,1,6,0.3557510427918548
5,1,6,0.24290906152647984
4,2,6,0.8652322931034484
5,1,6,0.6078036258336132
2,4,6,NaN
3,3,6,0.9024871747604102
4,2,6,0.9789190809366978
4,2,6,NaN
2,4,6,0.11735031057960332
4,2,6,0.1553873446138651
6,0,6,0.3557510427918548
5,1,6,NaN
5,1,6,0.8237080657963236
5,1,6,0.746260987646364
3,3,6,0.48945833991568644
5,1,6,0.6581338701099227
5,1,6,0.19970440553491617
2,4,6,0.9590286414731528
4,2,6,0.8450772854630715
6,0,6,NaN
4,2,6,0.9394569650180941
6,0,6,0.2638417427615908
1,5,6,NaN
3,3,6,0.019796251803769704
3,3,6,0.5737458270684518
5,1,6,0.4155618969404342
4,2,6,NaN
4,2,6,NaN
6,0,6,NaN
5,1,6,NaN
4,2,6,NaN
4,2,6,0.6229632524493385
6,0,6,NaN
5,1,6,0.9493033010224405
2,4,6,0.11735031057960332
3,3,6,0.048219012700676966
4,2,6,0.8679189613997627
5,1,6,NaN
4,2,6,NaN
6,0,6,NaN
4,2,6,NaN
4,2,6,NaN
6,0,6,0.18348414923983342
3,3,6,NaN
4,2,6,NaN
5,1,6,0.8652322931034484
4,2,6,0.13695747655435897
6,0,6,NaN
3,3,6,0.023437746643316073
2,4,6,NaN
5,1,6,NaN
2,4,6,0.5801933620078924
6,0,6,0.9394569650180941
2,4,6,NaN
4,2,6,NaN
2,4,6,NaN
2,4,6,NaN
1,5,6,0.10032275229784271
5,1,6,NaN
3,3,6,NaN
5,1,6,NaN
3,3,6,NaN
4,2,6,NaN
5,1,6,0.3557510427918548
5,1,6,0.4011103777394731
3,3,6,0.7092033041123709
3,3,6,0.7739402109900747
6,0,6,NaN
5,1,6,NaN
3,3,6,0.05404442795098348
5,1,6,0.4475557477195245
6,0,6,NaN
4,2,6,NaN
4,2,6,0.985026465418789
4,2,6,NaN
5,1,6,0.08612589160650815
3,3,6,NaN
3,3,6,0.9663500458367166
2,4,6,0.6717661875924231
5,1,6,NaN
6,0,6,NaN
4,2,6,NaN
4,2,6,NaN
3,3,6,NaN
6,0,6,NaN
3,3,6,NaN
5,1,6,NaN
6,0,6,0.7423423413009405
4,2,6,0.016907679716365743
1,5,6,0.959862095118594
2,4,6,NaN
3,3,6,0.02139443230162059
3,3,6,NaN
2,4,6,NaN
5,1,6,NaN
4,2,6,0.9272124484159221
6,0,6,NaN
5,1,6,NaN
4,2,6,NaN
3,3,6,NaN
4,2,6,0.5417209770628222
2,4,6,0.5172815995172857
4,2,6,NaN
5,1,6,0.15938727449707998
4,2,6,0.7423423413009405
4,2,6,NaN
4,2,6,NaN
2,4,6,NaN
5,1,6,NaN
3,3,6,NaN
3,3,6,0.0028502332113855278
1,5,6,0.8006696868167401
1,5,6,NaN
6,0,6,0.18348414923983342
3,3,6,0.9586529115106229
5,1,6,NaN
4,2,6,0.31538291069709495
3,3,6,NaN
4,2,6,NaN
3,3,6,NaN
5,1,6,0.9137791798943785
2,4,6,0.4475557477195245
6,0,6,0.8088883242977231
1,5,6,0.8550921578378651
4,2,6,NaN
5,1,6,0.49543559874771725
3,3,6,0.6717661875924231
3,3,6,0.9001259164326818
1,5,6,NaN
5,1,6,0.5553579637914051
3,3,6,NaN
3,3,6,NaN
5,1,6,NaN
4,2,6,0.9663500458367166
5,1,6,NaN
4,2,6,0.004382731291957058
4,2,6,NaN
3,3,6,0.032853775051729074
4,2,6,0.631220773570296
5,1,6,0.8327096023653295
4,2,6,0.7726517314264018
3,3,6,0.15938727449707998
4,2,6,0.7423423413009405
5,1,6,0.26182431502777886
1,5,6,0.7716423171976328
4,2,6,NaN
4,2,6,NaN
1,5,6,0.49543559874771725
4,2,6,NaN
6,0,6,0.05123617810734736
4,2,6,0.1922703317334916
4,2,6,NaN
6,0,6,0.8943666956096173
6,0,6,NaN
3,3,6,NaN
3,3,6,0.8450772854630715
5,1,6,0.011335119107957231
6,0,6,NaN
6,0,6,NaN
2,4,6,NaN
3,3,6,NaN
5,1,6,NaN
2,4,6,NaN
1,5,6,0.8652322931034484
2,4,6,NaN
2,4,6,0.4475557477195245
3,3,6,0.24290906152647984
1,5,6,0.18348414923983342
1,5,6,0.053556438906752275
6,0,6,0.9916966421839661
5,1,6,NaN
5,1,6,0.7423423413009405
6,0,6,0.2644873809895182
1,5,6,NaN
3,3,6,NaN
5,1,6,NaN
3,3,6,0.49543559874771725
4,2,6,NaN
4,2,6,0.9137791798943785
5,1,6,NaN
1,5,6,NaN
5,1,6,0.7506126132473532
2,4,6,0.18348414923983342
2,4,6,0.9493033010224405
3,3,6,0.24443865594187517
5,1,6,NaN
4,2,6,0.3557510427918548
5,1,6,0.23605132609446897
3,3,6,0.4011103777394731
6,0,6,NaN
3,3,6,NaN
4,2,6,0.24290906152647984
6,0,6,NaN
4,2,6,NaN
4,2,6,0.0630282359819421
6,0,6,NaN
5,1,6,0.9001259164326818
5,1,6,0.13695747655435897
3,3,6,NaN
6,0,6,NaN
3,3,6,0.6361473456840927
5,1,6,NaN
6,0,6,0.4475557477195245
4,2,6,0.7563355617734077
3,3,6,0.2783692877527476
2,4,6,NaN
5,1,6,0.8237080657963236
3,3,6,0.2065499439122985
6,0,6,NaN
5,1,6,NaN
6,0,6,NaN
5,1,6,NaN
4,2,6,0.6717661875924231
6,0,6,NaN
5,1,6,0.0013262330913563524
3,3,6,0.09236770052746603
5,1,6,0.053556438906752275
5,1,6,0.5865196674031864
4,2,6,0.016656938369781698
3,3,6,NaN
5,1,6,NaN
4,2,6,NaN
4,2,6,0.9137791798943785
2,4,6,0.11735031057960332
5,1,6,0.6717661875924231
4,2,6,0.4011103777394731
5,1,6,0.3309411667397663
6,0,6,0.9943152957847301
3,3,6,0.13684525122146476
3,3,6,0.2783692877527476
4,2,6,0.28546291073438385
3,3,6,NaN
3,3,6,0.9841738135856081
2,4,6,0.18348414923983342
3,3,6,NaN
2,4,6,NaN
4,2,6,NaN
3,3,6,0.17232677810766922
4,2,6,NaN
6,0,6,NaN
1,5,6,NaN
3,3,6,0.07361819104140599
2,4,6,0.24290906152647984
5,1,6,0.7433590367901758
2,4,6,0.10032275229784271
3,3,6,NaN
3,3,6,NaN
4,2,6,0.8652322931034484
3,3,6,0.22275375238256778
3,3,6,0.4475557477195245
4,2,6,0.5142466969961698
3,3,6,0.31538291069709495
5,1,6,NaN
3,3,6,0.3557510427918548
4,2,6,NaN
6,0,6,NaN
4,2,6,NaN
2,4,6,NaN
2,4,6,NaN
2,4,6,NaN
4,2,6,0.7423423413009405
1,5,6,NaN
2,4,6,NaN
3,3,6,0.04531425270758149
3,3,6,0.7899032963811357
2,4,6,0.8237080657963236
2,4,6,0.15968498618355548
4,2,6,0.7008889145275486
4,2,6,NaN
6,0,6,NaN
5,1,6,NaN
3,3,6,0.7935477201410412
1,5,6,0.025250627276674223
6,0,6,0.9001259164326818
5,1,6,NaN
2,4,6,NaN
4,2,6,0.09585577161339616
5,1,6,0.04531425270758149
4,2,6,0.437140889365224
6,0,6,0.10032275229784271
6,0,6,NaN
5,1,6,0.7423423413009405
5,1,6,NaN
6,0,6,NaN
4,2,6,0.0056249316562666215
4,2,6,0.9137791798943785
4,2,6,NaN
5,1,6,0.03831329598506057
6,0,6,NaN
6,0,6,NaN
3,3,6,0.6458276215849773
4,2,6,NaN
4,2,6,0.15938727449707998
5,1,6,NaN
6,0,6,NaN
5,1,6,NaN
5,1,6,NaN
5,1,6,NaN
4,2,6,NaN
4,2,6,0.17492054353848793
5,1,6,NaN
4,2,6,NaN
5,1,6,NaN
6,0,6,NaN
3,3,6,0.1769905011406843
1,5,6,0.15938727449707998
2,4,6,0.18348414923983342
3,3,6,0.0698821306438392
4,2,6,0.04531425270758149
5,1,6,NaN
3,3,6,NaN
6,0,6,0.8827570506600473
3,3,6,0.7726517314264018
1,5,6,0.4475557477195245
4,2,6,NaN
5,1,6,0.7423423413009405
2,4,6,NaN
6,0,6,0.49543559874771725
3,3,6,NaN
5,1,6,0.3557510427918548
5,1,6,0.3930469172428408
6,0,6,NaN
3,3,6,0.7726517314264018
6,0,6,NaN
4,2,6,0.10032275229784271
6,0,6,0.10032275229784271
1,5,6,NaN
6,0,6,NaN
6,0,6,0.28545283363868706
6,0,6,NaN
1,5,6,NaN
1,5,6,0.29022120076627655
4,2,6,0.15938727449707998
3,3,6,NaN
2,4,6,0.019796251803769704
4,2,6,NaN
4,2,6,0.12616282631084808
5,1,6,NaN
2,4,6,0.07361819104140599
4,2,6,0.6802064442690983
4,2,6,0.3557510427918548
6,0,6,0.0009462542825563211
5,1,6,NaN
1,5,6,0.9590286414731528
3,3,6,0.036870451761458756
4,2,6,0.6453711054401953
3,3,6,NaN
6,0,6,0.03831329598506057
3,3,6,NaN
1,5,6,NaN
1,5,6,NaN
3,3,6,0.5021549736413417
4,2,6,NaN
5,1,6,NaN
3,3,6,0.6717661875924231
5,1,6,NaN
5,1,6,0.8450772854630715
4,2,6,NaN
6,0,6,NaN
3,3,6,NaN
6,0,6,0.7092033041123709
4,2,6,NaN
3,3,6,NaN
4,2,6,NaN
3,3,6,NaN
5,1,6,NaN
5,1,6,NaN
4,2,6,NaN
1,5,6,0.0011479411764696121
4,2,6,0.9493033010224405
6,0,6,NaN
5,1,6,NaN
5,1,6,0.5417209770628222
3,3,6,NaN
4,2,6,NaN
5,1,6,0.2783692877527476
6,0,6,0.2229466453258954
2,4,6,0.8012183129642948
5,1,6,NaN
3,3,6,0.3536104911070231
3,3,6,0.9272124484159221
1,5,6,NaN
6,0,6,NaN
3,3,6,0.4011103777394731
5,1,6,NaN
3,3,6,NaN
4,2,6,NaN
4,2,6,NaN
4,2,6,NaN
4,2,6,0.7092033041123709
2,4,6,0.8508111587300593
5,1,6,0.07361819104140599
4,2,6,0.8450772854630715
5,1,6,NaN
4,2,6,0.4011103777394731
6,0,6,NaN
4,2,6,0.8652322931034484
4,2,6,0.01039623198022813
4,2,6,NaN
4,2,6,0.07361819104140599
5,1,6,0.8652322931034484
2,4,6,0.053556438906752275
4,2,6,0.3886916278024838
6,0,6,NaN
5,1,6,NaN
4,2,6,0.10954400898331997
2,4,6,NaN
1,5,6,NaN
5,1,6,NaN
5,1,6,0.5417209770628222
5,1,6,NaN
3,3,6,0.6717661875924231
5,1,6,NaN
4,2,6,NaN
4,2,6,NaN
5,1,6,NaN
3,3,6,0.4475557477195245
3,3,6,0.5417209770628222
5,1,6,0.7092033041123709
5,1,6,0.9885707782763422
4,2,6,NaN
5,1,6,NaN
6,0,6,NaN
3,3,6,NaN
2,4,6,0.5417209770628222
3,3,6,NaN
5,1,6,0.546152762799012
5,1,6,NaN
5,1,6,0.8827570506600473
6,0,6,0.4011103777394731
3,3,6,NaN
2,4,6,NaN
4,2,6,NaN
2,4,6,0.4687423566214028
4,2,6,0.18348414923983342
5,1,6,0.8450772854630715
5,1,6,NaN
4,2,6,0.10032275229784271
4,2,6,0.12037203525664658
5,1,6,0.023437746643316073
6,0,6,NaN
5,1,6,NaN
5,1,6,0.2942871780591215
3,3,6,0.0630282359819421
3,3,6,NaN
4,2,6,NaN
1,5,6,0.8237080657963236
6,0,6,0.17718161694955317
5,1,6,0.11735031057960332
3,3,6,0.2750595555450524
5,1,6,NaN
4,2,6,0.18348414923983342
4,2,6,NaN
2,4,6,0.2783692877527476
2,4,6,0.8052971416746826
6,0,6,NaN
2,4,6,0.0012978216878787687
4,2,6,0.303119902786551
3,3,6,NaN
5,1,6,0.17239957638594303
5,1,6,NaN
4,2,6,NaN
3,3,6,NaN
4,2,6,NaN
3,3,6,NaN
2,4,6,NaN
6,0,6,0.2783692877527476
4,2,6,NaN
4,2,6,0.3557510427918548
4,2,6,NaN
3,3,6,NaN
5,1,6,NaN
4,2,6,NaN
4,2,6,NaN
3,3,6,NaN
2,4,6,0.2783692877527476
4,2,6,NaN
5,1,6,0.6717661875924231
3,3,6,NaN
2,4,6,0.06576436346439764
6,0,6,0.31197939865625673
4,2,6,0.24443865594187517
6,0,6,NaN
2,4,6,0.9493033010224405
6,0,6,NaN
4,2,6,0.6613941906372209
2,4,6,0.8526058373300494
2,4,6,0.31538291069709495
2,4,6,NaN
4,2,6,0.5085888036623277
5,1,6,0.2665482338227264
4,2,6,NaN
1,5,6,NaN
3,3,6,NaN
6,0,6,0.3557510427918548
3,3,6,NaN
5,1,6,NaN
6,0,6,0.8237080657963236
4,2,6,0.85472980870572
3,3,6,NaN
2,4,6,0.546152762799012
3,3,6,NaN
6,0,6,NaN
6,0,6,NaN
2,4,6,NaN
3,3,6,NaN
4,2,6,0.13695747655435897
5,1,6,0.9001259164326818
5,1,6,0.5865196674031864
2,4,6,0.31197939865625673
3,3,6,0.06093941860335577
5,1,6,0.9394569650180941
3,3,6,0.9408253295664462
2,4,6,NaN
1,5,6,NaN
4,2,6,0.26966864706022203
6,0,6,NaN
6,0,6,NaN
5,1,6,NaN
4,2,6,0.4155618969404342
1,5,6,NaN
4,2,6,NaN
5,1,6,0.5417209770628222
5,1,6,0.8450772854630715
4,2,6,NaN
2,4,6,NaN
4,2,6,0.31538291069709495
5,1,6,NaN
3,3,6,0.5417209770628222
5,1,6,0.03831329598506057
4,2,6,0.3557510427918548
3,3,6,NaN
5,1,6,NaN
3,3,6,0.9841738135856081
4,2,6,0.15538414199960543
4,2,6,0.2891119914176707
6,0,6,0.15938727449707998
4,2,6,NaN
2,4,6,0.8450772854630715
1,5,6,NaN
4,2,6,0.5183374556419776
2,4,6,NaN
4,2,6,0.6956948978363752
3,3,6,0.15938727449707998
2,4,6,NaN
2,4,6,NaN
4,2,6,0.6654147819549119
5,1,6,NaN
6,0,6,0.5407509450331557
5,1,6,2.0319610407508997e-7
4,2,6,0.24290906152647984
5,1,6,0.71798458654869
6,0,6,NaN
6,0,6,NaN
2,4,6,0.004243052065979369
4,2,6,NaN
5,1,6,NaN
6,0,6,NaN
5,1,6,NaN
1,5,6,0.3373921617641711
6,0,6,NaN
3,3,6,0.23716111314214122
3,3,6,NaN
2,4,6,0.11735031057960332
1,5,6,NaN
4,2,6,NaN
6,0,6,0.9663500458367166
3,3,6,NaN
4,2,6,NaN
5,1,6,NaN
2,4,6,NaN
2,4,6,NaN
4,2,6,NaN
3,3,6,0.7423423413009405
4,2,6,NaN
4,2,6,NaN
5,1,6,0.15938727449707998
2,4,6,0.9493033010224405
2,4,6,0.7193693607239986
5,1,6,NaN
6,0,6,0.99874973208563
6,0,6,NaN
3,3,6,NaN
5,1,6,0.24290906152647984
4,2,6,NaN
3,3,6,0.19859468434503524
4,2,6,0.33119719340313347
2,4,6,0.671615652276564
6,0,6,NaN
1,5,6,0.46043383087822015
6,0,6,NaN
4,2,6,0.04531425270758149
1,5,6,0.631220773570296
4,2,6,NaN
1,5,6,NaN
6,0,6,0.01168765473650732
2,4,6,0.8493614973272341
4,2,6,NaN
4,2,6,0.4475557477195245
3,3,6,0.9001259164326818
2,4,6,0.7726517314264018
3,3,6,0.9045471222061193
6,0,6,0.13695747655435897
3,3,6,NaN
4,2,6,NaN
4,2,6,NaN
5,1,6,0.005037178003299613
3,3,6,0.00025622435975601983
4,2,6,NaN
6,0,6,0.9272124484159221
5,1,6,0.8827570506600473
4,2,6,0.03831329598506057
3,3,6,NaN
5,1,6,NaN
4,2,6,0.9733084005106692
4,2,6,NaN
4,2,6,NaN
5,1,6,NaN
4,2,6,0.4475557477195245
6,0,6,0.21185071034975703
4,2,6,0.00650649430198559
3,3,6,NaN
3,3,6,NaN
3,3,6,0.9733084005106692
4,2,6,NaN
4,2,6,NaN
3,3,6,0.7423423413009405
1,5,6,NaN
5,1,6,NaN
3,3,6,0.012452538605550765
2,4,6,0.011335119107957231
4,2,6,0.5865618867708493
3,3,6,0.24290906152647984
3,3,6,0.7241504729012616
2,4,6,NaN
2,4,6,0.5985846757986164
6,0,6,0.5865196674031864
4,2,6,0.6635204127924553
4,2,6,0.5183374556419776
6,0,6,0.9272124484159221
4,2,6,NaN
6,0,6,0.032853775051729074
5,1,6,0.49543559874771725
3,3,6,0.49543559874771725
1,5,6,0.4475557477195245
6,0,6,NaN
1,5,6,NaN
3,3,6,NaN
4,2,6,NaN
4,2,6,NaN
5,1,6,0.10032275229784271
4,2,6,0.4475557477195245
3,3,6,0.9001259164326818
3,3,6,NaN
5,1,6,0.49543559874771725
4,2,6,0.11735031057960332
5,1,6,NaN
4,2,6,NaN
1,5,6,NaN
6,0,6,0.9001259164326818
1,5,6,NaN
2,4,6,NaN
4,2,6,0.9001259164326818
5,1,6,NaN
3,3,6,0.31538291069709495
5,1,6,0.023178553387368964
4,2,6,NaN
4,2,6,NaN
5,1,6,0.001364880456418794
4,2,6,0.631220773570296
4,2,6,0.3892404650973566
2,4,6,0.3557510427918548
3,3,6,0.24290906152647984
3,3,6,NaN
1,5,6,NaN
5,1,6,NaN
5,1,6,0.5064475937757155
1,5,6,NaN
3,3,6,NaN
3,3,6,NaN
2,4,6,0.9590286414731528
4,2,6,0.9384414497526906
5,1,6,0.02787455723542097
4,2,6,0.3557510427918548
1,5,6,0.5865196674031864
3,3,6,0.3557510427918548
2,4,6,0.02975675481820686
5,1,6,NaN
1,5,6,NaN
4,2,6,NaN
3,3,6,0.18348414923983342
4,2,6,0.39455129660316307
3,3,6,0.02574118626400187
5,1,6,NaN
2,4,6,0.8450772854630715
3,3,6,0.08612589160650815
4,2,6,NaN
6,0,6,0.8609663121804405
4,2,6,NaN
5,1,6,NaN
4,2,6,0.005440360477646261
1,5,6,0.9663500458367166
4,2,6,NaN
4,2,6,0.0018409182881712915
4,2,6,0.32135031818130005
5,1,6,0.0630282359819421
5,1,6,0.4011103777394731
5,1,6,NaN
2,4,6,NaN
6,0,6,0.9789190809366978
4,2,6,0.49543559874771725
4,2,6,0.2783692877527476
6,0,6,0.0815193833287991
5,1,6,0.10032275229784271
6,0,6,NaN
3,3,6,0.3557510427918548
4,2,6,0.5417209770628222
5,1,6,0.7092033041123709
4,2,6,0.3368416998819596
2,4,6,NaN
6,0,6,NaN
5,1,6,0.33430800744614414
2,4,6,NaN
5,1,6,0.15272696484970272
4,2,6,0.24290906152647984
4,2,6,0.8237080657963236
1,5,6,NaN
2,4,6,NaN
3,3,6,NaN
5,1,6,NaN
5,1,6,0.7726517314264018
3,3,6,0.17347374196180276
2,4,6,NaN
2,4,6,NaN
5,1,6,0.5900074295986023
4,2,6,0.8652322931034484
5,1,6,0.631220773570296
6,0,6,NaN
3,3,6,NaN
5,1,6,0.03831329598506057
5,1,6,0.9144354835649345
2,4,6,0.15938727449707998
5,1,6,NaN
1,5,6,NaN
3,3,6,0.631220773570296
4,2,6,0.18070989167746893
6,0,6,0.007349342594627595
6,0,6,NaN
4,2,6,0.31538291069709495
3,3,6,0.6720402198297147
5,1,6,0.9841738135856081
4,2,6,NaN
3,3,6,0.4011103777394731
2,4,6,0.7726517314264018
2,4,6,NaN
3,3,6,NaN
4,2,6,NaN
6,0,6,NaN
6,0,6,NaN
1,5,6,NaN
2,4,6,0.5417209770628222
3,3,6,0.07361819104140599
5,1,6,NaN
6,0,6,0.13695747655435897
1,5,6,NaN
3,3,6,0.2942871780591215
2,4,6,NaN
5,1,6,0.4011103777394731
2,4,6,NaN
6,0,6,0.7092033041123709
4,2,6,0.4011103777394731
4,2,6,NaN
5,1,6,0.03682854976570325
1,5,6,NaN
2,4,6,NaN
6,0,6,0.24290906152647984
1,5,6,NaN
5,1,6,0.13695747655435897
3,3,6,0.7423423413009405
3,3,6,0.21185071034975703
4,2,6,0.39240048784992326
2,4,6,0.7726517314264018
3,3,6,0.4475557477195245
3,3,6,NaN
3,3,6,0.21185071034975703
4,2,6,0.6936899165356631
3,3,6,0.6717661875924231
5,1,6,NaN
3,3,6,0.9001259164326818
3,3,6,0.7726517314264018
6,0,6,NaN
3,3,6,NaN
3,3,6,0.7423423413009405
3,3,6,NaN
6,0,6,0.8450772854630715
5,1,6,0.9493033010224405
2,4,6,0.012306547352534357
4,2,6,NaN
3,3,6,0.1259842923080974
3,3,6,0.005961402899849122
3,3,6,0.6286352646486054
4,2,6,0.6717661875924231
2,4,6,0.34480053943693156
3,3,6,0.7813643400319626
3,3,6,NaN
4,2,6,NaN
3,3,6,NaN
4,2,6,0.8652322931034484
2,4,6,NaN
4,2,6,0.16102219213505037
6,0,6,NaN
4,2,6,0.631220773570296
5,1,6,NaN
5,1,6,0.032853775051729074
4,2,6,NaN
5,1,6,NaN
4,2,6,0.7433590367901758
4,2,6,0.9001259164326818
3,3,6,NaN
3,3,6,0.2783692877527476
5,1,6,NaN
2,4,6,0.5865196674031864
6,0,6,NaN
1,5,6,0.631220773570296
3,3,6,NaN
5,1,6,0.007349342594627595
2,4,6,0.9198994984589263
4,2,6,0.9663500458367166
1,5,6,0.850214638655778
6,0,6,0.8652322931034484
5,1,6,0.7092033041123709
1,5,6,NaN
3,3,6,NaN
3,3,6,0.15938727449707998
5,1,6,0.006162005486132496
5,1,6,0.07361819104140599
5,1,6,0.06295827575867896
3,3,6,0.004216635031200235
5,1,6,NaN
5,1,6,0.31538291069709495
5,1,6,0.9789190809366978
3,3,6,NaN
5,1,6,0.4475557477195245
4,2,6,NaN
3,3,6,0.5847567171990724
3,3,6,NaN
1,5,6,NaN
6,0,6,NaN
3,3,6,NaN
5,1,6,0.6078036258336132
4,2,6,NaN
3,3,6,NaN
3,3,6,0.032853775051729074
2,4,6,NaN
5,1,6,NaN
3,3,6,0.15938727449707998
3,3,6,0.2783692877527476
3,3,6,0.4475557477195245
6,0,6,NaN
2,4,6,NaN
6,0,6,0.6717661875924231
1,5,6,0.9663500458367166
4,2,6,NaN
3,3,6,0.9493033010224405
3,3,6,NaN
6,0,6,NaN
5,1,6,0.631220773570296
2,4,6,0.3337179854939416
2,4,6,NaN
3,3,6,0.7423423413009405
3,3,6,NaN
4,2,6,NaN
4,2,6,NaN
3,3,6,0.7423423413009405
4,2,6,0.31538291069709495
3,3,6,0.9452079495188789
1,5,6,0.053556438906752275
6,0,6,NaN
3,3,6,NaN
2,4,6,0.7324367915819942
2,4,6,NaN
5,1,6,NaN
5,1,6,NaN
6,0,6,NaN
2,4,6,NaN
3,3,6,0.18348414923983342
2,4,6,NaN
5,1,6,0.5417209770628222
5,1,6,0.5142466969961698
2,4,6,NaN
1,5,6,NaN
3,3,6,NaN
5,1,6,0.07381728291425768
1,5,6,NaN
4,2,6,0.7423423413009405
1,5,6,NaN
6,0,6,0.9590286414731528
1,5,6,NaN
3,3,6,0.631220773570296
4,2,6,NaN
5,1,6,0.3575534733500888
1,5,6,0.4786101457863796
6,0,6,NaN
3,3,6,NaN
1,5,6,NaN
4,2,6,0.6653938713534817
2,4,6,NaN
5,1,6,0.4475557477195245
3,3,6,NaN
5,1,6,0.9335053885363508
2,4,6,0.6717661875924231
3,3,6,NaN
1,5,6,0.16714743536748533
5,1,6,NaN
1,5,6,0.4011103777394731
2,4,6,0.6717661875924231
4,2,6,NaN
2,4,6,NaN
4,2,6,0.631220773570296
4,2,6,NaN
4,2,6,0.8652322931034484
6,0,6,0.7038570448214456
4,2,6,NaN
5,1,6,0.053556438906752275
3,3,6,0.4475557477195245
4,2,6,0.48945833991568644
5,1,6,NaN
3,3,6,0.2783692877527476
4,2,6,NaN
5,1,6,0.3103194978340013
4,2,6,NaN
5,1,6,0.5417209770628222
4,2,6,0.6417181726202376
5,1,6,NaN
6,0,6,0.4475557477195245
2,4,6,0.6764373541299282
2,4,6,NaN
1,5,6,0.9841738135856081
2,4,6,0.541411178476386
6,0,6,NaN
3,3,6,0.21185071034975703
3,3,6,0.49543559874771725
4,2,6,NaN
3,3,6,NaN
4,2,6,NaN
1,5,6,0.631220773570296
5,1,6,0.8450772854630715
4,2,6,NaN
1,5,6,NaN
1,5,6,0.8652322931034484
4,2,6,0.0022692919944511157
3,3,6,NaN
3,3,6,0.5865196674031864
5,1,6,NaN
3,3,6,NaN
5,1,6,0.9590286414731528
6,0,6,0.9493033010224405
3,3,6,0.21185071034975703
4,2,6,0.7169777446862468
4,2,6,0.8827570506600473
4,2,6,NaN
5,1,6,0.5822114992467733
3,3,6,NaN
1,5,6,0.9394569650180941
1,5,6,0.7726517314264018
3,3,6,0.3557510427918548
4,2,6,NaN
3,3,6,0.42285470536095116
2,4,6,NaN
4,2,6,NaN
6,0,6,0.33894353917131637
2,4,6,NaN
6,0,6,0.6698788055378292
5,1,6,0.7092033041123709
4,2,6,0.6286352646486054
3,3,6,NaN
2,4,6,0.9493033010224405
3,3,6,NaN
3,3,6,0.8297878623200927
1,5,6,NaN
5,1,6,NaN
4,2,6,0.6700547396053643
3,3,6,NaN
4,2,6,NaN
4,2,6,NaN
2,4,6,NaN
3,3,6,0.11778302376262217
3,3,6,NaN
3,3,6,0.053556438906752275
5,1,6,0.02787455723542097
1,5,6,0.4475557477195245
3,3,6,0.18348414923983342
4,2,6,0.8450772854630715
3,3,6,0.47898285540188773
2,4,6,NaN
2,4,6,0.5417209770628222
2,4,6,0.13695747655435897
4,2,6,0.3104739072041007
3,3,6,0.31538291069709495
2,4,6,NaN
2,4,6,0.5427791979508634
4,2,6,NaN
5,1,6,0.24290906152647984
2,4,6,0.6113286722822104
4,2,6,NaN
2,4,6,0.4475557477195245
6,0,6,0.4475557477195245
2,4,6,0.8237080657963236
3,3,6,0.6400009999998718
1,5,6,0.5107324084493579
1,5,6,0.9841738135856081
1,5,6,NaN
1,5,6,NaN
4,2,6,0.8450772854630715
5,1,6,0.631220773570296
5,1,6,0.31538291069709495
5,1,6,0.631220773570296
5,1,6,0.03002897565218359
3,3,6,NaN
4,2,6,NaN
2,4,6,NaN
1,5,6,0.05538051584679613
2,4,6,0.0630282359819421
2,4,6,0.6717661875924231
5,1,6,0.6717661875924231
3,3,6,0.13642443270141452
2,4,6,NaN
3,3,6,0.4297115244541349
5,1,6,0.4011103777394731
1,5,6,0.02059630234816943
2,4,6,0.19472917649073473
1,5,6,NaN
1,5,6,NaN
6,0,6,0.8237080657963236
2,4,6,0.31538291069709495
5,1,6,NaN
1,5,6,NaN
4,2,6,NaN
2,4,6,0.5417209770628222
5,1,6,0.31538291069709495
1,5,6,NaN
2,4,6,0.053556438906752275
1,5,6,0.016656938369781698
4,2,6,0.5417209770628222
2,4,6,0.10126408812822618
5,1,6,NaN
5,1,6,NaN
1,5,6,0.01631725830624874
4,2,6,0.0015895168780674397
3,3,6,0.7726517314264018
6,0,6,NaN
3,3,6,0.13695747655435897
5,1,6,0.7423423413009405
3,3,6,0.07410943283789428
4,2,6,0.10429389904981015
2,4,6,NaN
1,5,6,NaN
4,2,6,NaN
1,5,6,NaN
2,4,6,0.7750603208620331
5,1,6,NaN
2,4,6,NaN
4,2,6,NaN
2,4,6,0.8006696868167401
5,1,6,0.5865196674031864
2,4,6,0.2968039840460145
6,0,6,0.21185071034975703
1,5,6,0.6657361095385197
4,2,6,0.7092033041123709
4,2,6,NaN
3,3,6,0.00025459882583054385
2,4,6,0.18348414923983342
2,4,6,NaN
4,2,6,0.43323385169015566
4,2,6,NaN
2,4,6,NaN
3,3,6,0.24290906152647984
4,2,6,NaN
4,2,6,NaN
2,4,6,NaN
1,5,6,NaN
3,3,6,0.24290906152647984
4,2,6,0.5690409788439089
5,1,6,NaN
4,2,6,0.9943152957847301
1,5,6,0.556426787702993
2,4,6,0.7423423413009405
4,2,6,NaN
3,3,6,NaN
2,4,6,0.4011103777394731
4,2,6,0.9394569650180941
1,5,6,0.031899501372293
2,4,6,NaN
3,3,6,NaN
4,2,6,0.545442080694089
3,3,6,0.9137791798943785
3,3,6,0.3557510427918548
5,1,6,0.21185071034975703
1,5,6,NaN
4,2,6,NaN
2,4,6,NaN
4,2,6,NaN
4,2,6,0.31538291069709495
1,5,6,NaN
5,1,6,NaN
5,1,6,NaN
1,5,6,0.9704657604190396
2,4,6,0.055575412766780075
3,3,6,0.0025709660283289135
4,2,6,0.15938727449707998
2,4,6,NaN
2,4,6,0.574053594207856
2,4,6,NaN
1,5,6,0.7423423413009405
3,3,6,NaN
5,1,6,0.053556438906752275
2,4,6,0.10032275229784271
3,3,6,0.8006696868167401
3,3,6,NaN
5,1,6,0.07361819104140599
4,2,6,NaN
3,3,6,0.33206252338918735
4,2,6,0.02787455723542097
2,4,6,NaN
3,3,6,NaN
2,4,6,0.016656938369781698
4,2,6,0.0026767640152423997
4,2,6,0.31538291069709495
3,3,6,0.8237080657963236
4,2,6,0.631220773570296
3,3,6,0.04531425270758149
5,1,6,0.631220773570296
1,5,6,NaN
6,0,6,0.3103194978340013
1,5,6,NaN
3,3,6,0.053556438906752275
3,3,6,NaN
5,1,6,0.02787455723542097
4,2,6,NaN
2,4,6,NaN
3,3,6,NaN
5,1,6,0.4011103777394731
1,5,6,0.504317522468818
2,4,6,0.546152762799012
3,3,6,NaN
1,5,6,0.6717661875924231
3,3,6,NaN
3,3,6,0.9663500458367166
1,5,6,NaN
1,5,6,0.18120091648214065
4,2,6,0.5865196674031864
3,3,6,0.09963964947773346
4,2,6,0.0051653647514528205
4,2,6,0.5142466969961698
2,4,6,NaN
1,5,6,NaN
3,3,6,NaN
3,3,6,0.24290906152647984
1,5,6,NaN
1,5,6,NaN
1,5,6,NaN
1,5,6,NaN
1,5,6,NaN
4,2,6,0.06974711180439698
2,4,6,NaN
4,2,6,0.5014985125665262
1,5,6,NaN
6,0,6,0.10032275229784271
4,2,6,0.9663500458367166
4,2,6,0.9394569650180941
1,5,6,0.5865196674031864
3,3,6,NaN
1,5,6,0.6267234795477321
3,3,6,NaN
3,3,6,0.5417209770628222
3,3,6,0.8404169248638481
3,3,6,0.11778302376262217
2,4,6,NaN
3,3,6,0.21820458746332494
3,3,6,0.631220773570296
6,0,6,NaN
3,3,6,NaN
2,4,6,0.4011103777394731
4,2,6,0.6717661875924231
2,4,6,0.10032275229784271
3,3,6,NaN
1,5,6,NaN
6,0,6,NaN
4,2,6,NaN
3,3,6,0.631220773570296
4,2,6,NaN
2,4,6,NaN
3,3,6,0.4011103777394731
1,5,6,NaN
4,2,6,0.3557510427918548
6,0,6,NaN
4,2,6,0.8006696868167401
6,0,6,NaN
1,5,6,0.4475557477195245
3,3,6,0.7602602717590135
1,5,6,0.5901450920709365
1,5,6,NaN
2,4,6,0.31538291069709495
1,5,6,0.5417209770628222
2,4,6,NaN
2,4,6,0.6717661875924231
3,3,6,NaN
4,2,6,0.7726517314264018
2,4,6,NaN
4,2,6,NaN
5,1,6,0.8006696868167401
2,4,6,NaN
3,3,6,0.04531425270758149
3,3,6,0.49430165110049595
2,4,6,0.9168970028225842
2,4,6,NaN
4,2,6,NaN
3,3,6,0.631220773570296
5,1,6,0.7726517314264018
4,2,6,NaN
6,0,6,NaN
1,5,6,0.7092033041123709
4,2,6,0.11735031057960332
2,4,6,0.9137791798943785
3,3,6,NaN
6,0,6,NaN
3,3,6,0.19859468434503524
4,2,6,0.019796251803769704
3,3,6,0.08612589160650815
4,2,6,NaN
3,3,6,0.5865196674031864
4,2,6,0.9137791798943785
5,1,6,0.0051653647514528205
1,5,6,NaN
1,5,6,NaN
1,5,6,0.49543559874771725
4,2,6,1.1396539957820149e-5
1,5,6,NaN
1,5,6,NaN
5,1,6,NaN
4,2,6,0.631220773570296
2,4,6,0.9885707782763422
2,4,6,NaN
2,4,6,0.7726517314264018
3,3,6,0.31538291069709495
1,5,6,NaN
2,4,6,NaN
1,5,6,NaN
4,2,6,0.21185071034975703
2,4,6,NaN
6,0,6,NaN
4,2,6,0.24290906152647984
2,4,6,NaN
3,3,6,0.5802917560236949
3,3,6,0.06529835467430033
5,1,6,0.07237586194985693
4,2,6,NaN
2,4,6,NaN
5,1,6,0.00557225276809087
1,5,6,NaN
5,1,6,NaN
2,4,6,NaN
1,5,6,NaN
3,3,6,NaN
3,3,6,0.2942871780591215
1,5,6,NaN
5,1,6,0.3557510427918548
3,3,6,0.6796560791431746
2,4,6,0.5865196674031864
6,0,6,0.4475557477195245
2,4,6,0.9394569650180941
3,3,6,NaN
5,1,6,0.9733084005106692
3,3,6,NaN
3,3,6,0.6717661875924231
1,5,6,0.7423423413009405
1,5,6,0.4011103777394731
3,3,6,0.4011103777394731
2,4,6,NaN
3,3,6,NaN
2,4,6,NaN
6,0,6,0.4047983597961691
4,2,6,NaN
3,3,6,NaN
3,3,6,0.6717661875924231
2,4,6,0.10032275229784271
1,5,6,NaN
3,3,6,0.8237080657963236
2,4,6,0.9590286414731528
6,0,6,0.8652322931034484
1,5,6,NaN
3,3,6,NaN
1,5,6,0.3006412948187603
2,4,6,NaN
3,3,6,0.565973051072774
1,5,6,0.21185071034975703
5,1,6,0.03831329598506057
4,2,6,0.08612589160650815
1,5,6,0.631220773570296
5,1,6,NaN
3,3,6,0.5865196674031864
6,0,6,0.2783692877527476
3,3,6,NaN
3,3,6,0.4117476914545675
3,3,6,0.4011103777394731
2,4,6,0.5884046487167185
3,3,6,0.4475557477195245
1,5,6,NaN
3,3,6,0.6500166462955191
4,2,6,NaN
2,4,6,0.8450772854630715
3,3,6,NaN
2,4,6,NaN
1,5,6,NaN
2,4,6,0.6717661875924231
2,4,6,NaN
5,1,6,0.3978734912472814
2,4,6,NaN
1,5,6,NaN
2,4,6,0.3140788080690369
2,4,6,NaN
2,4,6,0.4297115244541349
5,1,6,0.5417209770628222
4,2,6,NaN
1,5,6,NaN
1,5,6,0.2783692877527476
2,4,6,NaN
3,3,6,NaN
2,4,6,NaN
4,2,6,0.3557510427918548
1,5,6,0.458960506920056
1,5,6,NaN
2,4,6,0.07361819104140599
1,5,6,0.5417209770628222
4,2,6,NaN
2,4,6,NaN
2,4,6,0.483768381519424
4,2,6,NaN
2,4,6,0.7423423413009405
1,5,6,0.631220773570296
2,4,6,NaN
4,2,6,0.23750457852165702
1,5,6,0.019796251803769704
2,4,6,0.31538291069709495
4,2,6,NaN
1,5,6,NaN
1,5,6,0.5200309887494899
4,2,6,NaN
1,5,6,NaN
2,4,6,0.02787455723542097
3,3,6,0.2783692877527476
1,5,6,NaN
1,5,6,0.3557510427918548
3,3,6,0.9493033010224405
2,4,6,NaN
4,2,6,NaN
1,5,6,NaN
2,4,6,0.9885707782763422
4,2,6,NaN
2,4,6,NaN
4,2,6,NaN
1,5,6,0.8255324742651857
2,4,6,0.0630282359819421
2,4,6,NaN
6,0,6,NaN
2,4,6,NaN
1,5,6,0.8867216875884179
4,2,6,NaN
2,4,6,0.017661689050987587
3,3,6,0.8450772854630715
2,4,6,NaN
2,4,6,NaN
5,1,6,0.6717661875924231
1,5,6,NaN
3,3,6,0.5417209770628222
3,3,6,NaN
5,1,6,0.9841738135856081
6,0,6,0.6717661875924231
3,3,6,NaN
5,1,6,NaN
1,5,6,NaN
3,3,6,NaN
3,3,6,0.2508048544175519
6,0,6,0.5417209770628222
4,2,6,NaN
4,2,6,0.49543559874771725
2,4,6,NaN
3,3,6,NaN
6,0,6,NaN
4,2,6,0.5865196674031864
4,2,6,NaN
1,5,6,0.3557510427918548
2,4,6,NaN
4,2,6,0.7423423413009405
1,5,6,NaN
2,4,6,NaN
1,5,6,NaN
1,5,6,NaN
1,5,6,0.04584058380866263
1,5,6,NaN
3,3,6,NaN
2,4,6,0.14545526097261766
1,5,6,0.6939624028980038
4,2,6,0.3557510427918548
3,3,6,NaN
2,4,6,NaN
2,4,6,NaN
2,4,6,NaN
1,5,6,0.8006696868167401
3,3,6,0.8827570506600473
3,3,6,NaN
2,4,6,NaN
2,4,6,NaN
1,5,6,NaN
4,2,6,0.005348631961147096
1,5,6,NaN
2,4,6,0.010554511513251322
1,5,6,0.4011103777394731
3,3,6,0.15938727449707998
3,3,6,0.4475557477195245
1,5,6,NaN
1,5,6,0.4481577254388492
1,5,6,0.18348414923983342
1,5,6,NaN
1,5,6,0.7061697604903152
2,4,6,NaN
3,3,6,0.4997379920273662
5,1,6,NaN
3,3,6,0.7906123531705567
1,5,6,NaN
6,0,6,NaN
2,4,6,NaN
5,1,6,0.31538291069709495
2,4,6,0.08612589160650815
5,1,6,NaN
3,3,6,NaN
2,4,6,0.7423423413009405
2,4,6,NaN
1,5,6,NaN
4,2,6,0.8827570506600473
1,5,6,NaN
2,4,6,2.939914346303461e-5
2,4,6,NaN
2,4,6,NaN
2,4,6,NaN
1,5,6,NaN
1,5,6,0.49543559874771725
3,3,6,0.6717661875924231
2,4,6,0.31538291069709495
2,4,6,0.08612589160650815
4,2,6,0.17769723691138975
1,5,6,0.5417209770628222
6,0,6,0.5417209770628222
3,3,6,NaN
2,4,6,0.9493033010224405
1,5,6,0.4011103777394731
2,4,6,NaN
2,4,6,NaN
3,3,6,NaN
2,4,6,NaN
3,3,6,0.9655720395130856
4,2,6,0.49543559874771725
1,5,6,NaN
3,3,6,NaN
2,4,6,0.5417209770628222
1,5,6,NaN
2,4,6,0.02787455723542097
1,5,6,0.000871665005367129
1,5,6,NaN
3,3,6,NaN
4,2,6,0.032853775051729074
1,5,6,NaN
1,5,6,NaN
1,5,6,0.3557510427918548
1,5,6,NaN
1,5,6,0.19412327736151114
4,2,6,0.7423423413009405
1,5,6,NaN
4,2,6,NaN
1,5,6,NaN
2,4,6,0.07361819104140599
2,4,6,0.8652322931034484
1,5,6,NaN
1,5,6,NaN
2,4,6,NaN
2,4,6,0.546152762799012
1,5,6,NaN
1,5,6,0.18632603224197186
2,4,6,0.8814974802370344
2,4,6,NaN
1,5,6,0.31538291069709495
1,5,6,0.01384068834559692
4,2,6,NaN
3,3,6,NaN
2,4,6,0.01133179387792397
3,3,6,NaN
1,5,6,0.07995085556295152
1,5,6,NaN
4,2,6,NaN
1,5,6,NaN
3,3,6,0.5417209770628222
1,5,6,NaN
2,4,6,NaN
4,2,6,0.7423423413009405
3,3,6,0.7726517314264018
3,3,6,0.9916966421839661
2,4,6,NaN
2,4,6,0.6717661875924231
1,5,6,NaN
3,3,6,NaN
1,5,6,0.026594646679114247
1,5,6,NaN
2,4,6,NaN
1,5,6,NaN
1,5,6,NaN
1,5,6,0.15938727449707998
1,5,6,0.3557510427918548
1,5,6,0.8827570506600473
3,3,6,0.00934806078244992
1,5,6,NaN
1,5,6,0.035124666925619275
1,5,6,NaN
1,5,6,0.4475557477195245
2,4,6,0.9137791798943785
2,4,6,0.2783692877527476
3,3,6,0.8006696868167401
1,5,6,NaN
2,4,6,0.5118687824565022
5,1,6,0.631220773570296
3,3,6,0.5865196674031864
2,4,6,NaN
3,3,6,NaN
1,5,6,NaN
2,4,6,0.4011103777394731
2,4,6,NaN
2,4,6,0.09009641698065257
1,5,6,NaN
2,4,6,NaN
1,5,6,NaN
1,5,6,NaN
1,5,6,0.04531425270758149
2,4,6,0.8237080657963236
2,4,6,0.9272124484159221
3,3,6,0.6717661875924231
1,5,6,0.5417209770628222
1,5,6,NaN
1,5,6,NaN
3,3,6,NaN
1,5,6,NaN
4,2,6,NaN
1,5,6,0.016656938369781698
2,4,6,NaN
2,4,6,0.7092033041123709
3,3,6,NaN
1,5,6,NaN
2,4,6,0.9253817549007111
1,5,6,0.7935477201410412
1,5,6,NaN
2,4,6,NaN
1,5,6,NaN
2,4,6,NaN
2,4,6,0.7423423413009405
1,5,6,NaN
1,5,6,NaN
1,5,6,0.027137532947170608
2,4,6,0.9137791798943785
3,3,6,0.31538291069709495
1,5,6,0.03831329598506057
1,5,6,NaN
2,4,6,NaN
1,5,6,0.4011103777394731
1,5,6,NaN
1,5,6,NaN
2,4,6,NaN
1,5,6,NaN
1,5,6,0.3359178490934185
2,4,6,NaN
1,5,6,0.5417209770628222
1,5,6,NaN
1,5,6,NaN
1,5,6,0.9263616469895146
2,4,6,0.4011103777394731
1,5,6,NaN
1,5,6,0.9394569650180941
1,5,6,NaN
1,5,6,NaN
1,5,6,0.5737458270684518
1,5,6,0.004250857214791613
1,5,6,0.2783692877527476
2,4,6,0.4687423566214028
1,5,6,NaN
1,5,6,0.662803924606588
1,5,6,NaN
1,5,6,NaN
1,5,6,NaN
1,5,6,NaN
1,5,6,NaN
1,5,6,NaN
1,5,6,NaN
1,5,6,NaN
1,5,6,NaN
1,5,6,NaN
1,5,6,NaN
1,5,6,0.44147254254094853
1,5,6,2.46503974686348e-5
1,5,6,NaN
1,5,6,NaN
1,5,6,0.15021370908375797
2,4,6,0.3841027390590934
1,5,6,NaN
1,5,6,NaN
1,5,6,NaN
2,4,6,NaN
1,5,6,NaN
1,5,6,NaN
1,5,6,NaN
1,5,6,0.7726517314264018
1,5,6,NaN
1,5,6,NaN
1,5,6,NaN
1,5,6,0.9335470385049073
1,5,6,0.4011103777394731
1,5,6,NaN
1,5,6,NaN
1,5,6,NaN
2,4,6,NaN
2,4,6,0.0364012555464357
1,5,6,NaN
1,5,6,0.049675848726496684
1,5,6,NaN
1,5,6,0.631220773570296
1,5,6,0.49543559874771725
1,5,6,0.11735031057960332
1,5,6,NaN
0,6,6,0.2175232751022424
0,6,6,0.7092033041123709
0,6,6,0.24290906152647984
0,6,6,NaN
0,6,6,NaN
0,6,6,0.3257757903334994
0,6,6,NaN
0,6,6,NaN
0,6,6,0.9916966421839661
0,6,6,NaN
0,6,6,NaN
0,6,6,NaN
0,6,6,NaN
0,6,6,0.7392945564713493
0,6,6,0.5714671582255558
0,6,6,NaN
0,6,6,NaN
0,6,6,NaN
0,6,6,NaN
0,6,6,NaN
0,6,6,0.8326784434417771
0,6,6,0.631220773570296
0,6,6,0.8237080657963236
0,6,6,0.9493033010224405
0,6,6,NaN
0,6,6,NaN
0,6,6,NaN
0,6,6,NaN
0,6,6,0.5085888036623277
0,6,6,0.49543559874771725
0,6,6,NaN
0,6,6,NaN
0,6,6,NaN
0,6,6,NaN
0,6,6,NaN
0,6,6,0.20011770557593445
0,6,6,NaN
0,6,6,NaN
0,6,6,NaN
0,6,6,NaN
0,6,6,0.014775618560071972
0,6,6,NaN
0,6,6,NaN
0,6,6,NaN
0,6,6,0.11735031057960332
0,6,6,0.7197119862942221
0,6,6,0.9493033010224405
0,6,6,0.7726517314264018
0,6,6,NaN
0,6,6,0.053556438906752275
0,6,6,NaN
0,6,6,0.8006586145440605
0,6,6,0.631220773570296
0,6,6,NaN
0,6,6,NaN
0,6,6,NaN
0,6,6,0.24290906152647984
0,6,6,NaN
0,6,6,NaN
0,6,6,NaN
0,6,6,0.8827570506600473
0,6,6,0.9263616469895146
0,6,6,0.9191328982472408
0,6,6,0.9493033010224405
0,6,6,NaN
0,6,6,0.8450772854630715
0,6,6,NaN
0,6,6,NaN
0,6,6,NaN
0,6,6,NaN
0,6,6,0.07366646274388336
0,6,6,NaN
0,6,6,0.2783692877527476
0,6,6,0.3308011607502096
0,6,6,NaN
0,6,6,0.7092033041123709
0,6,6,0.9223173026337197
0,6,6,0.8827570506600473
0,6,6,0.7092033041123709
0,6,6,NaN
0,6,6,0.18348414923983342
0,6,6,NaN
0,6,6,NaN
0,6,6,NaN
0,6,6,NaN
0,6,6,NaN
0,6,6,NaN
0,6,6,NaN
0,6,6,0.010010625599428068
0,6,6,0.6417181726202376
0,6,6,0.6717661875924231
0,6,6,0.9962290253671563
0,6,6,NaN
0,6,6,NaN
0,6,6,NaN
0,6,6,0.15938727449707998
0,6,6,0.0007792884156305836
0,6,6,NaN
0,6,6,0.9663500458367166
0,6,6,NaN
0,6,6,NaN
0,6,6,0.4792990374319589
0,6,6,NaN
0,6,6,0.9245369492091288
0,6,6,NaN
0,6,6,NaN
0,6,6,0.7726517314264018
0,6,6,NaN
0,6,6,NaN
0,6,6,0.4475557477195245
0,6,6,0.32943809101638244
0,6,6,0.7619879549065046
0,6,6,NaN
0,6,6,NaN
0,6,6,NaN
0,6,6,0.7726517314264018
0,6,6,0.0871400606622546
0,6,6,0.014244884473125772
0,6,6,NaN
0,6,6,0.18348414923983342
0,6,6,NaN
0,6,6,0.3557510427918548
0,6,6,NaN
0,6,6,0.5865196674031864
0,6,6,NaN
0,6,6,NaN
0,6,6,0.932562313019218
0,6,6,0.3534169740330682
0,6,6,0.49543559874771725
0,6,6,NaN
0,6,6,0.9439263969373584
0,6,6,NaN
0,6,6,0.11735031057960332
0,6,6,0.03958993279297476
0,6,6,0.45397342671867796
0,6,6,0.21185071034975703
0,6,6,NaN
0,6,6,0.5554145297192448
0,6,6,0.8006696868167401
0,6,6,0.3557510427918548
0,6,6,0.10626265999746327
0,6,6,0.4475557477195245
0,6,6,0.7423423413009405
0,6,6,NaN
0,6,6,NaN
0,6,6,NaN
0,6,6,NaN
0,6,6,0.9621632124559656
0,6,6,NaN
0,6,6,0.4475557477195245
0,6,6,0.18348414923983342
0,6,6,NaN
0,6,6,NaN
0,6,6,NaN
0,6,6,0.8450772854630715
0,6,6,NaN
0,6,6,0.2029560044328859
0,6,6,NaN
0,6,6,0.7726517314264018
0,6,6,NaN
0,6,6,NaN
0,6,6,0.8997167452561343
0,6,6,0.07361819104140599
0,6,6,NaN
0,6,6,0.8660408878482889
0,6,6,NaN
0,6,6,NaN
0,6,6,0.30232623165185657
0,6,6,NaN
0,6,6,NaN
0,6,6,0.46409686674080264
0,6,6,NaN
0,6,6,0.1553873446138651
0,6,6,0.164811978123913
0,6,6,0.9394569650180941
0,6,6,0.31197939865625673
0,6,6,0.18070989167746893
0,6,6,0.8608737545029385
0,6,6,NaN
0,6,6,0.0630282359819421
0,6,6,0.7726517314264018
0,6,6,0.5865196674031864
0,6,6,NaN
0,6,6,0.13695747655435897
0,6,6,NaN
0,6,6,0.49543559874771725
0,6,6,0.4011103777394731
0,6,6,NaN
0,6,6,NaN
0,6,6,0.7423423413009405
0,6,6,0.8349545024044981
0,6,6,0.6431074224439893
0,6,6,NaN
0,6,6,NaN
0,6,6,0.053556438906752275
0,6,6,NaN
0,6,6,NaN
0,6,6,NaN
0,6,6,0.35672176249845305
0,6,6,NaN
0,6,6,NaN
0,6,6,0.9663500458367166
0,6,6,NaN
0,6,6,NaN
0,6,6,NaN
0,6,6,NaN
0,6,6,NaN
0,6,6,4.834494033284785e-7
0,6,6,0.31538291069709495
0,6,6,0.965929619287277
0,6,6,NaN
0,6,6,0.7092033041123709
0,6,6,0.21369630969567505
0,6,6,0.24290906152647984
0,6,6,0.2783692877527476
0,6,6,0.15938727449707998
0,6,6,NaN
0,6,6,NaN
0,6,6,NaN
0,6,6,NaN
0,6,6,NaN
0,6,6,NaN
0,6,6,0.8652322931034484
0,6,6,NaN
0,6,6,NaN
0,6,6,0.8006696868167401
0,6,6,NaN
0,6,6,0.9975790386415038
0,6,6,0.8450772854630715
0,6,6,NaN
0,6,6,NaN
0,6,6,NaN
0,6,6,NaN
0,6,6,0.5865196674031864
0,6,6,NaN
0,6,6,0.9868369846697604
0,6,6,NaN
0,6,6,0.48741053056587813
0,6,6,0.21185071034975703
0,6,6,0.19472917649073473
0,6,6,NaN
0,6,6,NaN
0,6,6,0.18070989167746893
0,6,6,0.9663500458367166
0,6,6,0.36487275352580184
0,6,6,0.14606046573919937
0,6,6,NaN
0,6,6,NaN
0,6,6,NaN
0,6,6,NaN
0,6,6,NaN
0,6,6,0.7423423413009405
0,6,6,NaN
0,6,6,NaN
0,6,6,0.6717661875924231
0,6,6,0.8648077666782058
0,6,6,NaN
0,6,6,NaN
0,6,6,NaN
0,6,6,0.9237651568474226
0,6,6,0.631220773570296
0,6,6,NaN
0,6,6,0.7811680378186527
0,6,6,NaN
0,6,6,0.20483503372358539
0,6,6,NaN
0,6,6,NaN
0,6,6,NaN
0,6,6,NaN
0,6,6,NaN
0,6,6,NaN
0,6,6,0.631220773570296
0,6,6,NaN
0,6,6,NaN
0,6,6,NaN
0,6,6,0.2047631321796606
0,6,6,NaN
0,6,6,0.2749579479954661
0,6,6,NaN
0,6,6,0.147733209930575
0,6,6,NaN
0,6,6,NaN
0,6,6,0.4475523445566153
0,6,6,NaN
0,6,6,0.8827570506600473
0,6,6,0.12535701036362762
0,6,6,NaN
0,6,6,NaN
0,6,6,0.06529835467430033
0,6,6,NaN
0,6,6,NaN
0,6,6,0.49543559874771725
0,6,6,0.4011103777394731
0,6,6,NaN
0,6,6,0.6877696185067498
0,6,6,0.029722806331543856
0,6,6,0.631220773570296
0,6,6,NaN
0,6,6,NaN
0,6,6,NaN
0,6,6,NaN
0,6,6,NaN
0,6,6,0.8017070843095779
0,6,6,0.631220773570296
0,6,6,NaN
0,6,6,0.9137791798943785
0,6,6,NaN
0,6,6,NaN
0,6,6,0.24290906152647984
0,6,6,0.8827570506600473
0,6,6,0.997665829571106
0,6,6,0.8006696868167401
0,6,6,0.8237080657963236
0,6,6,0.7423423413009405
0,6,6,NaN
0,6,6,NaN
0,6,6,0.9272124484159221
0,6,6,NaN
0,6,6,NaN
0,6,6,0.9137791798943785
0,6,6,0.3901201530147684
0,6,6,NaN
0,6,6,0.3557510427918548
0,6,6,NaN
0,6,6,NaN
0,6,6,NaN
0,6,6,NaN
0,6,6,0.10032275229784271
0,6,6,NaN
0,6,6,0.15938727449707998
0,6,6,0.7092033041123709
0,6,6,NaN
0,6,6,0.4011103777394731
0,6,6,0.24270648280690157
0,6,6,0.12149588864000452
0,6,6,NaN
0,6,6,NaN
0,6,6,NaN
0,6,6,0.08934560317390572
0,6,6,NaN
0,6,6,NaN
0,6,6,NaN
0,6,6,0.8006696868167401
0,6,6,NaN
0,6,6,NaN
0,6,6,0.872074910839314
0,6,6,NaN
0,6,6,NaN
0,6,6,NaN
0,6,6,NaN
0,6,6,NaN
0,6,6,NaN
0,6,6,NaN
0,6,6,0.0008778119677011863
0,6,6,0.6163604147416746
0,6,6,0.9394569650180941
0,6,6,0.4475557477195245
0,6,6,NaN
0,6,6,NaN
0,6,6,0.21185071034975703
0,6,6,0.4810476269387019
0,6,6,NaN
0,6,6,NaN
0,6,6,NaN
0,6,6,0.5865196674031864
0,6,6,NaN
0,6,6,NaN
0,6,6,NaN
0,6,6,NaN
0,6,6,NaN
0,6,6,0.7726517314264018
0,6,6,NaN
0,6,6,0.4475557477195245
0,6,6,NaN
0,6,6,NaN
0,6,6,0.22986855794650582
0,6,6,0.5865196674031864
0,6,6,0.7423423413009405
0,6,6,NaN
0,6,6,NaN
0,6,6,0.21185071034975703
0,6,6,0.242648046864713
0,6,6,NaN
0,6,6,0.5183374556419776
0,6,6,0.3557510427918548
0,6,6,NaN
0,6,6,0.2324225174568507
0,6,6,0.053556438906752275
0,6,6,NaN
0,6,6,NaN
0,6,6,NaN
0,6,6,NaN
0,6,6,NaN
0,6,6,0.08612589160650815
0,6,6,0.7303737933111294
0,6,6,0.85472980870572
0,6,6,0.8450772854630715
0,6,6,NaN
0,6,6,NaN
0,6,6,NaN
0,6,6,0.31139667015434735
0,6,6,NaN
0,6,6,0.22061921544044888
0,6,6,NaN
0,6,6,NaN
0,6,6,NaN
0,6,6,NaN
0,6,6,0.7726517314264018
0,6,6,0.7716423171976328
0,6,6,0.5417209770628222
0,6,6,0.7433590367901758
0,6,6,NaN
0,6,6,0.21185071034975703
0,6,6,NaN
0,6,6,0.7333050545007307
0,6,6,NaN
0,6,6,0.8237080657963236
0,6,6,NaN
0,6,6,0.3557510427918548
0,6,6,NaN
0,6,6,0.4584702087655828
0,6,6,0.7726517314264018
0,6,6,NaN
0,6,6,NaN
3,2,5,0.21185071034975703
5,0,5,NaN
5,0,5,0.07361819104140599
4,1,5,NaN
2,3,5,NaN
3,2,5,0.019796251803769704
5,0,5,0.024100938031590143
4,1,5,NaN
2,3,5,NaN
4,1,5,NaN
4,1,5,0.7726517314264018
5,0,5,0.49543559874771725
4,1,5,NaN
5,0,5,0.7092033041123709
4,1,5,0.6717661875924231
2,3,5,NaN
3,2,5,0.5865196674031864
5,0,5,0.5865196674031864
4,1,5,NaN
2,3,5,NaN
5,0,5,NaN
4,1,5,NaN
3,2,5,0.8450772854630715
5,0,5,NaN
3,2,5,NaN
1,4,5,NaN
5,0,5,NaN
2,3,5,0.8450772854630715
5,0,5,NaN
4,1,5,0.7270886016472382
4,1,5,NaN
4,1,5,0.26771753006387256
4,1,5,NaN
4,1,5,0.6717661875924231
3,2,5,0.6272966876002625
5,0,5,NaN
2,3,5,NaN
5,0,5,NaN
2,3,5,0.24290906152647984
5,0,5,0.4475557477195245
4,1,5,0.04531425270758149
5,0,5,NaN
4,1,5,0.4475557477195245
4,1,5,0.7092033041123709
3,2,5,NaN
5,0,5,NaN
5,0,5,NaN
5,0,5,0.11735031057960332
3,2,5,NaN
3,2,5,0.9394569650180941
4,1,5,NaN
4,1,5,0.8006696868167401
4,1,5,0.5944765921935173
3,2,5,0.13695747655435897
5,0,5,0.00021399329134928402
4,1,5,NaN
2,3,5,0.8450772854630715
3,2,5,NaN
5,0,5,0.24290906152647984
3,2,5,NaN
4,1,5,0.2942871780591215
4,1,5,0.8827570506600473
4,1,5,0.35479845508347996
4,1,5,0.49543559874771725
5,0,5,NaN
1,4,5,0.2783692877527476
5,0,5,NaN
2,3,5,NaN
3,2,5,0.49543559874771725
5,0,5,NaN
4,1,5,0.10032275229784271
4,1,5,0.9951781190776762
5,0,5,NaN
5,0,5,0.03831329598506057
5,0,5,NaN
1,4,5,0.15938727449707998
3,2,5,NaN
4,1,5,0.5430986004575281
3,2,5,NaN
5,0,5,NaN
2,3,5,0.057457424916178265
5,0,5,NaN
4,1,5,NaN
5,0,5,NaN
2,3,5,NaN
4,1,5,0.7092033041123709
4,1,5,NaN
5,0,5,NaN
4,1,5,0.14770721399172193
3,2,5,NaN
5,0,5,NaN
5,0,5,NaN
4,1,5,NaN
4,1,5,0.3557510427918548
1,4,5,NaN
1,4,5,NaN
4,1,5,NaN
4,1,5,NaN
2,3,5,0.7092033041123709
3,2,5,NaN
2,3,5,0.053556438906752275
4,1,5,0.9789190809366978
4,1,5,0.24290906152647984
4,1,5,0.04531425270758149
3,2,5,0.33540502142773193
2,3,5,0.07118757559816605
4,1,5,0.7092033041123709
3,2,5,0.7092033041123709
3,2,5,0.9272124484159221
4,1,5,0.4011103777394731
5,0,5,NaN
5,0,5,0.5417209770628222
4,1,5,NaN
3,2,5,0.07361819104140599
4,1,5,NaN
5,0,5,0.11735031057960332
2,3,5,0.6717661875924231
1,4,5,NaN
4,1,5,0.3557510427918548
4,1,5,0.2783692877527476
3,2,5,0.21185071034975703
4,1,5,NaN
4,1,5,NaN
5,0,5,0.9663500458367166
3,2,5,NaN
4,1,5,0.7726517314264018
3,2,5,NaN
5,0,5,NaN
4,1,5,NaN
3,2,5,0.6717661875924231
1,4,5,NaN
5,0,5,0.8006696868167401
3,2,5,0.6717661875924231
5,0,5,NaN
4,1,5,0.10032275229784271
5,0,5,0.6034053153223242
2,3,5,NaN
5,0,5,NaN
4,1,5,0.8672028944838255
4,1,5,NaN
5,0,5,NaN
4,1,5,NaN
4,1,5,0.3557510427918548
5,0,5,0.7423423413009405
5,0,5,0.3557510427918548
4,1,5,NaN
4,1,5,0.2783692877527476
5,0,5,NaN
5,0,5,0.20774295427201153
5,0,5,0.4011103777394731
3,2,5,NaN
4,1,5,0.3557510427918548
3,2,5,0.631220773570296
5,0,5,0.2942871780591215
4,1,5,0.11735031057960332
3,2,5,NaN
4,1,5,NaN
5,0,5,0.016747214660008357
4,1,5,NaN
5,0,5,0.31538291069709495
5,0,5,NaN
4,1,5,0.0028788935843253277
3,2,5,NaN
5,0,5,NaN
4,1,5,NaN
5,0,5,NaN
1,4,5,0.053556438906752275
3,2,5,0.053556438906752275
4,1,5,0.2942871780591215
5,0,5,0.15938727449707998
3,2,5,0.04531425270758149
2,3,5,NaN
5,0,5,NaN
5,0,5,0.6717661875924231
5,0,5,0.4011103777394731
5,0,5,0.8006696868167401
4,1,5,NaN
4,1,5,NaN
5,0,5,0.9001259164326818
2,3,5,NaN
5,0,5,NaN
3,2,5,0.003920710940117952
3,2,5,0.03779627182476482
2,3,5,NaN
5,0,5,NaN
4,1,5,0.3892404650973566
4,1,5,0.10032275229784271
4,1,5,0.7092033041123709
3,2,5,0.9394569650180941
4,1,5,0.49543559874771725
3,2,5,0.33886474814729256
5,0,5,0.4011103777394731
2,3,5,0.9493033010224405
1,4,5,0.7722756456000196
4,1,5,0.7726517314264018
4,1,5,0.003844733773127393
5,0,5,NaN
4,1,5,0.8006696868167401
4,1,5,NaN
3,2,5,0.08612589160650815
5,0,5,NaN
4,1,5,0.9733084005106692
5,0,5,0.8237080657963236
4,1,5,NaN
4,1,5,NaN
5,0,5,0.02787455723542097
5,0,5,NaN
3,2,5,NaN
2,3,5,NaN
4,1,5,NaN
3,2,5,0.07361819104140599
4,1,5,0.6717661875924231
5,0,5,NaN
1,4,5,NaN
3,2,5,0.7092033041123709
4,1,5,0.631220773570296
4,1,5,NaN
3,2,5,NaN
5,0,5,0.011335119107957231
3,2,5,NaN
2,3,5,NaN
2,3,5,0.9672346647480455
4,1,5,NaN
2,3,5,NaN
4,1,5,0.2687988404175689
5,0,5,0.5417209770628222
1,4,5,0.5865196674031864
3,2,5,0.37220190184059065
2,3,5,NaN
3,2,5,0.6717661875924231
3,2,5,NaN
5,0,5,0.8652322931034484
5,0,5,0.49543559874771725
4,1,5,0.7716423171976328
3,2,5,NaN
5,0,5,0.9001259164326818
3,2,5,0.012181242866982982
3,2,5,0.9789190809366978
4,1,5,NaN
2,3,5,0.4011103777394731
4,1,5,0.5458017815032892
3,2,5,NaN
4,1,5,NaN
4,1,5,0.07361819104140599
2,3,5,NaN
1,4,5,NaN
3,2,5,0.631220773570296
3,2,5,NaN
5,0,5,0.24290906152647984
1,4,5,0.9590286414731528
4,1,5,0.08612589160650815
5,0,5,NaN
5,0,5,0.13695747655435897
5,0,5,NaN
2,3,5,NaN
5,0,5,0.631220773570296
4,1,5,NaN
3,2,5,0.49543559874771725
4,1,5,NaN
3,2,5,0.11086263273031759
3,2,5,0.1641898663479092
5,0,5,0.631220773570296
5,0,5,0.8827570506600473
5,0,5,NaN
5,0,5,NaN
4,1,5,0.04531425270758149
3,2,5,NaN
2,3,5,NaN
4,1,5,NaN
3,2,5,0.032853775051729074
3,2,5,NaN
4,1,5,NaN
5,0,5,NaN
1,4,5,NaN
5,0,5,1.1298248483646105e-5
2,3,5,NaN
3,2,5,0.9001259164326818
1,4,5,0.0630282359819421
3,2,5,NaN
4,1,5,0.49543559874771725
3,2,5,0.4786101457863796
5,0,5,NaN
4,1,5,NaN
4,1,5,0.0630282359819421
5,0,5,0.8237080657963236
3,2,5,NaN
4,1,5,NaN
4,1,5,NaN
4,1,5,NaN
4,1,5,NaN
2,3,5,NaN
5,0,5,0.011335119107957231
5,0,5,NaN
4,1,5,NaN
4,1,5,NaN
5,0,5,NaN
5,0,5,0.8827570506600473
4,1,5,0.6089115276965906
4,1,5,0.24290906152647984
4,1,5,NaN
5,0,5,0.24290906152647984
5,0,5,0.2783692877527476
3,2,5,NaN
2,3,5,NaN
5,0,5,0.7061697604903152
3,2,5,0.18348414923983342
5,0,5,0.19472917649073473
4,1,5,0.31538291069709495
5,0,5,NaN
4,1,5,0.21185071034975703
4,1,5,NaN
2,3,5,NaN
2,3,5,NaN
5,0,5,0.9590286414731528
5,0,5,0.5417209770628222
5,0,5,0.8827570506600473
5,0,5,0.31538291069709495
3,2,5,NaN
3,2,5,0.8450772854630715
3,2,5,0.053556438906752275
5,0,5,0.9137791798943785
2,3,5,0.10032275229784271
3,2,5,0.2783692877527476
5,0,5,0.24290906152647984
5,0,5,NaN
2,3,5,0.24290906152647984
3,2,5,NaN
3,2,5,NaN
3,2,5,NaN
3,2,5,NaN
4,1,5,NaN
5,0,5,0.5865196674031864
2,3,5,0.8006696868167401
5,0,5,NaN
4,1,5,NaN
3,2,5,NaN
5,0,5,0.3557510427918548
2,3,5,NaN
5,0,5,0.9272124484159221
4,1,5,0.7423423413009405
1,4,5,NaN
4,1,5,0.7092033041123709
4,1,5,NaN
1,4,5,0.6717661875924231
4,1,5,0.9394569650180941
4,1,5,0.31538291069709495
4,1,5,0.9137791798943785
4,1,5,0.3222629772517546
4,1,5,NaN
3,2,5,NaN
5,0,5,NaN
4,1,5,0.18348414923983342
5,0,5,0.3243103251855333
5,0,5,NaN
5,0,5,0.01039623198022813
4,1,5,0.9789190809366978
4,1,5,0.023437746643316073
3,2,5,0.15938727449707998
3,2,5,0.24290906152647984
3,2,5,NaN
3,2,5,NaN
5,0,5,0.9146670618471929
3,2,5,0.7092033041123709
5,0,5,0.10032275229784271
5,0,5,0.5417209770628222
5,0,5,0.002817452105910868
3,2,5,NaN
4,1,5,NaN
3,2,5,NaN
5,0,5,0.15052916335678812
2,3,5,NaN
3,2,5,0.7423423413009405
4,1,5,NaN
4,1,5,NaN
5,0,5,NaN
1,4,5,0.004792162993733982
4,1,5,NaN
4,1,5,NaN
3,2,5,0.0018797027315432943
3,2,5,0.31538291069709495
4,1,5,NaN
4,1,5,NaN
4,1,5,0.4475557477195245
4,1,5,0.027013213859403376
3,2,5,NaN
3,2,5,0.01602171034670792
4,1,5,0.8997928663680361
5,0,5,0.631220773570296
5,0,5,NaN
2,3,5,NaN
5,0,5,NaN
3,2,5,NaN
3,2,5,0.8006696868167401
5,0,5,0.5865196674031864
4,1,5,0.3421322247429502
5,0,5,NaN
2,3,5,NaN
3,2,5,0.49680201880863273
5,0,5,NaN
5,0,5,NaN
3,2,5,0.4475557477195245
4,1,5,NaN
2,3,5,NaN
5,0,5,0.3557510427918548
3,2,5,NaN
1,4,5,0.8237080657963236
5,0,5,NaN
3,2,5,0.04661481945225271
5,0,5,NaN
4,1,5,0.631220773570296
3,2,5,0.018947622723003214
3,2,5,0.11735031057960332
4,1,5,NaN
3,2,5,4.991456935293272e-5
5,0,5,NaN
5,0,5,0.5865196674031864
3,2,5,NaN
4,1,5,0.5865196674031864
5,0,5,NaN
3,2,5,NaN
3,2,5,0.18858702277305447
4,1,5,0.01089317767215147
3,2,5,0.16164647645269392
5,0,5,0.5492163170744987
5,0,5,NaN
4,1,5,0.9394569650180941
5,0,5,NaN
5,0,5,NaN
5,0,5,NaN
5,0,5,0.9137791798943785
4,1,5,NaN
4,1,5,NaN
1,4,5,0.4475557477195245
5,0,5,0.08612589160650815
4,1,5,0.5417209770628222
4,1,5,0.5865196674031864
3,2,5,0.10032275229784271
5,0,5,0.631220773570296
3,2,5,0.15938727449707998
5,0,5,NaN
5,0,5,0.10032275229784271
5,0,5,NaN
4,1,5,0.8237080657963236
2,3,5,NaN
5,0,5,NaN
4,1,5,NaN
5,0,5,0.85472980870572
1,4,5,0.48796662186443346
5,0,5,0.8450772854630715
2,3,5,0.5316098301874975
4,1,5,NaN
3,2,5,NaN
4,1,5,NaN
2,3,5,0.9748760721145249
5,0,5,0.18348414923983342
4,1,5,NaN
4,1,5,NaN
4,1,5,0.003667812051649711
5,0,5,NaN
3,2,5,0.10032275229784271
4,1,5,NaN
3,2,5,0.05657759971296718
4,1,5,0.9272124484159221
4,1,5,0.13695747655435897
2,3,5,NaN
2,3,5,NaN
5,0,5,0.8450772854630715
4,1,5,NaN
3,2,5,0.9272124484159221
2,3,5,0.31538291069709495
4,1,5,NaN
4,1,5,0.08238703610652312
3,2,5,NaN
4,1,5,NaN
4,1,5,NaN
3,2,5,0.18348414923983342
2,3,5,0.9733084005106692
1,4,5,NaN
3,2,5,NaN
5,0,5,0.8652322931034484
3,2,5,0.49543559874771725
4,1,5,0.0076533655174101
1,4,5,NaN
5,0,5,0.7726517314264018
4,1,5,NaN
5,0,5,0.9394569650180941
2,3,5,0.49151627415892574
4,1,5,NaN
5,0,5,0.2783692877527476
4,1,5,NaN
3,2,5,0.509410630443543
5,0,5,NaN
5,0,5,NaN
3,2,5,NaN
5,0,5,0.8237080657963236
5,0,5,0.5417209770628222
5,0,5,NaN
3,2,5,0.4011103777394731
4,1,5,0.8827570506600473
4,1,5,NaN
5,0,5,0.4475557477195245
1,4,5,0.21883863816826568
4,1,5,NaN
5,0,5,NaN
4,1,5,NaN
5,0,5,0.4475557477195245
3,2,5,0.8450772854630715
5,0,5,NaN
5,0,5,0.24290906152647984
5,0,5,NaN
5,0,5,NaN
5,0,5,NaN
5,0,5,NaN
5,0,5,NaN
3,2,5,0.053402576121541256
5,0,5,0.49543559874771725
4,1,5,NaN
3,2,5,NaN
4,1,5,0.9001259164326818
4,1,5,0.032853775051729074
2,3,5,0.7423423413009405
2,3,5,0.7423423413009405
4,1,5,0.047578426452286514
3,2,5,NaN
5,0,5,NaN
3,2,5,0.7206816867481725
3,2,5,NaN
2,3,5,0.43556181006908
5,0,5,NaN
4,1,5,NaN
5,0,5,NaN
5,0,5,NaN
5,0,5,0.03743375752191524
3,2,5,NaN
5,0,5,NaN
2,3,5,NaN
4,1,5,NaN
4,1,5,0.9394569650180941
4,1,5,0.17356972116971547
3,2,5,NaN
5,0,5,NaN
5,0,5,NaN
3,2,5,0.003667812051649711
4,1,5,NaN
3,2,5,NaN
2,3,5,0.3557510427918548
5,0,5,0.8237080657963236
5,0,5,0.8572354758801874
4,1,5,0.49543559874771725
4,1,5,0.9733084005106692
5,0,5,NaN
3,2,5,NaN
3,2,5,0.24290906152647984
4,1,5,NaN
3,2,5,0.8652322931034484
3,2,5,0.019796251803769704
3,2,5,NaN
3,2,5,NaN
4,1,5,0.8652322931034484
2,3,5,0.4011103777394731
5,0,5,0.5865196674031864
4,1,5,0.7206816867481725
5,0,5,NaN
4,1,5,NaN
3,2,5,NaN
5,0,5,0.04531425270758149
4,1,5,NaN
3,2,5,0.7433590367901758
3,2,5,NaN
5,0,5,0.8827570506600473
5,0,5,NaN
5,0,5,NaN
3,2,5,0.7092033041123709
4,1,5,NaN
5,0,5,0.9034844744746767
2,3,5,NaN
4,1,5,0.24290906152647984
5,0,5,NaN
5,0,5,0.7555106964698256
5,0,5,0.6717661875924231
2,3,5,0.7726517314264018
4,1,5,NaN
4,1,5,NaN
5,0,5,0.0032049632972005176
3,2,5,NaN
3,2,5,0.7423423413009405
4,1,5,NaN
4,1,5,0.18348414923983342
4,1,5,0.13695747655435897
2,3,5,NaN
5,0,5,0.631220773570296
3,2,5,0.053556438906752275
5,0,5,0.3557510427918548
3,2,5,0.6792869471320356
5,0,5,NaN
4,1,5,NaN
3,2,5,NaN
4,1,5,NaN
4,1,5,NaN
4,1,5,NaN
2,3,5,0.24290906152647984
5,0,5,NaN
4,1,5,NaN
2,3,5,0.3557510427918548
5,0,5,0.5417209770628222
4,1,5,0.6208747285706957
2,3,5,NaN
4,1,5,0.7234577439877888
4,1,5,NaN
4,1,5,NaN
3,2,5,NaN
5,0,5,0.04531425270758149
4,1,5,0.9001259164326818
5,0,5,0.8237080657963236
5,0,5,NaN
3,2,5,NaN
5,0,5,0.6717661875924231
2,3,5,0.4475557477195245
5,0,5,0.4475557477195245
3,2,5,NaN
4,1,5,NaN
5,0,5,NaN
2,3,5,0.8698409175527541
5,0,5,0.15938727449707998
3,2,5,0.9583290119876946
5,0,5,0.24290906152647984
3,2,5,NaN
5,0,5,NaN
5,0,5,NaN
2,3,5,0.735914938752462
5,0,5,NaN
1,4,5,0.4011103777394731
3,2,5,0.6865483700610584
5,0,5,0.4011103777394731
5,0,5,0.3557510427918548
4,1,5,NaN
4,1,5,NaN
3,2,5,NaN
5,0,5,NaN
2,3,5,NaN
4,1,5,0.15938727449707998
3,2,5,0.11735031057960332
3,2,5,NaN
4,1,5,NaN
4,1,5,0.9272124484159221
2,3,5,NaN
4,1,5,NaN
5,0,5,0.4011103777394731
4,1,5,0.7726517314264018
5,0,5,0.02787455723542097
2,3,5,0.04531425270758149
2,3,5,NaN
2,3,5,0.4155618969404342
4,1,5,0.11649558320498266
4,1,5,0.31538291069709495
4,1,5,NaN
5,0,5,0.24290906152647984
4,1,5,0.4011103777394731
4,1,5,0.8237080657963236
5,0,5,NaN
2,3,5,0.4011103777394731
3,2,5,0.15938727449707998
4,1,5,0.11735031057960332
5,0,5,0.07361819104140599
5,0,5,0.4759859066755086
3,2,5,NaN
3,2,5,NaN
5,0,5,0.6717661875924231
4,1,5,NaN
5,0,5,NaN
2,3,5,0.31538291069709495
4,1,5,NaN
3,2,5,0.49543559874771725
4,1,5,NaN
3,2,5,0.21185071034975703
5,0,5,0.8450772854630715
2,3,5,0.4475557477195245
3,2,5,NaN
4,1,5,NaN
5,0,5,NaN
5,0,5,0.8827570506600473
4,1,5,0.0049648450644075885
4,1,5,0.21185071034975703
4,1,5,0.7330303240994428
5,0,5,0.8237080657963236
5,0,5,NaN
2,3,5,0.9137791798943785
3,2,5,1.584466516705776e-6
3,2,5,0.2783692877527476
3,2,5,0.17356972116971547
4,1,5,NaN
3,2,5,NaN
3,2,5,NaN
4,1,5,0.6717661875924231
5,0,5,0.2783692877527476
5,0,5,0.7423423413009405
4,1,5,NaN
4,1,5,0.027013213859403376
4,1,5,NaN
4,1,5,NaN
4,1,5,NaN
4,1,5,0.8827570506600473
4,1,5,NaN
3,2,5,0.9590286414731528
5,0,5,NaN
5,0,5,NaN
5,0,5,0.9047853618061095
4,1,5,0.0006009425893243823
5,0,5,NaN
4,1,5,NaN
5,0,5,NaN
5,0,5,0.15938727449707998
2,3,5,0.9841738135856081
5,0,5,NaN
3,2,5,NaN
5,0,5,0.11735031057960332
3,2,5,0.0630282359819421
5,0,5,NaN
3,2,5,0.053556438906752275
4,1,5,NaN
3,2,5,0.18348414923983342
1,4,5,NaN
3,2,5,0.9137791798943785
2,3,5,NaN
5,0,5,NaN
4,1,5,0.8827570506600473
5,0,5,0.8006696868167401
4,1,5,0.0006806321525892365
3,2,5,0.40745524298120844
4,1,5,0.7726517314264018
5,0,5,0.24290906152647984
5,0,5,NaN
4,1,5,NaN
4,1,5,NaN
4,1,5,NaN
5,0,5,0.49543559874771725
4,1,5,NaN
4,1,5,0.6717661875924231
4,1,5,NaN
3,2,5,NaN
1,4,5,0.5417209770628222
4,1,5,0.5417209770628222
2,3,5,0.24290906152647984
2,3,5,0.15938727449707998
1,4,5,0.8237080657963236
4,1,5,NaN
4,1,5,NaN
1,4,5,NaN
5,0,5,NaN
5,0,5,0.9786206845654202
4,1,5,0.016656938369781698
5,0,5,0.15938727449707998
4,1,5,NaN
5,0,5,0.8006696868167401
4,1,5,NaN
4,1,5,NaN
3,2,5,0.8450772854630715
2,3,5,NaN
4,1,5,NaN
3,2,5,NaN
4,1,5,NaN
4,1,5,0.2783692877527476
4,1,5,NaN
4,1,5,NaN
4,1,5,0.29847576848684493
3,2,5,NaN
4,1,5,0.2957919183598498
3,2,5,0.662803924606588
5,0,5,NaN
5,0,5,NaN
2,3,5,NaN
3,2,5,0.4011103777394731
5,0,5,NaN
4,1,5,NaN
4,1,5,0.13833345776724826
5,0,5,0.4011103777394731
3,2,5,NaN
1,4,5,0.8450772854630715
5,0,5,NaN
4,1,5,0.16888355428577778
5,0,5,0.631220773570296
2,3,5,0.12149588864000452
3,2,5,NaN
5,0,5,0.7423423413009405
3,2,5,NaN
3,2,5,0.3096995617905442
3,2,5,NaN
4,1,5,NaN
4,1,5,NaN
3,2,5,NaN
3,2,5,NaN
5,0,5,NaN
4,1,5,0.9590286414731528
4,1,5,NaN
3,2,5,0.08612589160650815
5,0,5,0.04531425270758149
5,0,5,NaN
5,0,5,NaN
5,0,5,0.4912774418495244
2,3,5,NaN
3,2,5,NaN
5,0,5,0.2783692877527476
2,3,5,0.7092033041123709
3,2,5,0.04531425270758149
2,3,5,NaN
2,3,5,NaN
3,2,5,0.5995553174899105
4,1,5,0.15938727449707998
5,0,5,NaN
5,0,5,NaN
2,3,5,NaN
4,1,5,NaN
2,3,5,NaN
5,0,5,0.9885707782763422
3,2,5,NaN
3,2,5,NaN
3,2,5,NaN
3,2,5,0.00019872867904774833
5,0,5,NaN
4,1,5,0.014070979102141426
5,0,5,NaN
3,2,5,0.631220773570296
4,1,5,NaN
5,0,5,0.7726517314264018
4,1,5,NaN
2,3,5,NaN
4,1,5,0.21185071034975703
5,0,5,0.631220773570296
5,0,5,0.5865196674031864
3,2,5,0.9137791798943785
5,0,5,NaN
3,2,5,0.9916966421839661
3,2,5,0.020494194373422217
2,3,5,NaN
3,2,5,0.03831329598506057
5,0,5,0.4475557477195245
5,0,5,NaN
1,4,5,NaN
4,1,5,0.02787455723542097
4,1,5,NaN
1,4,5,NaN
4,1,5,0.7092033041123709
3,2,5,0.2783692877527476
2,3,5,NaN
5,0,5,0.2783692877527476
3,2,5,0.4475557477195245
3,2,5,0.7726517314264018
1,4,5,NaN
4,1,5,0.6547439511859406
4,1,5,NaN
4,1,5,0.8006696868167401
4,1,5,0.3557510427918548
4,1,5,0.08612589160650815
4,1,5,0.2783692877527476
5,0,5,NaN
4,1,5,NaN
3,2,5,0.4475557477195245
5,0,5,0.8652322931034484
2,3,5,NaN
3,2,5,NaN
4,1,5,NaN
3,2,5,NaN
4,1,5,NaN
3,2,5,NaN
5,0,5,NaN
4,1,5,NaN
4,1,5,0.31538291069709495
4,1,5,0.7423423413009405
3,2,5,9.872412739602099e-5
4,1,5,0.8006696868167401
3,2,5,NaN
5,0,5,0.7092033041123709
2,3,5,NaN
5,0,5,NaN
1,4,5,NaN
4,1,5,0.164811978123913
3,2,5,0.13695747655435897
5,0,5,NaN
2,3,5,NaN
1,4,5,NaN
5,0,5,0.9590286414731528
3,2,5,NaN
5,0,5,NaN
5,0,5,NaN
3,2,5,0.7726517314264018
4,1,5,NaN
2,3,5,0.2783692877527476
5,0,5,0.49543559874771725
5,0,5,NaN
3,2,5,0.30623635626219897
4,1,5,0.4694629602556395
5,0,5,0.5865196674031864
2,3,5,NaN
4,1,5,NaN
5,0,5,NaN
4,1,5,NaN
2,3,5,0.016656938369781698
4,1,5,NaN
3,2,5,NaN
5,0,5,NaN
3,2,5,NaN
5,0,5,0.9663500458367166
3,2,5,NaN
4,1,5,NaN
3,2,5,0.5865196674031864
3,2,5,NaN
5,0,5,0.8450772854630715
3,2,5,0.8006586145440605
2,3,5,0.31538291069709495
3,2,5,NaN
3,2,5,NaN
4,1,5,0.49543559874771725
3,2,5,0.05043684364557827
4,1,5,0.5865196674031864
5,0,5,NaN
3,2,5,0.21185071034975703
5,0,5,0.3557510427918548
4,1,5,NaN
3,2,5,0.6796560791431746
5,0,5,NaN
3,2,5,0.10032275229784271
1,4,5,0.7092033041123709
4,1,5,0.5865196674031864
2,3,5,NaN
4,1,5,0.4011103777394731
5,0,5,0.10032275229784271
3,2,5,NaN
2,3,5,NaN
2,3,5,0.003443019454837147
4,1,5,NaN
5,0,5,0.10032275229784271
4,1,5,NaN
5,0,5,NaN
3,2,5,NaN
4,1,5,0.8006696868167401
2,3,5,0.8450772854630715
4,1,5,0.6589606374511142
4,1,5,0.9914311824347485
4,1,5,NaN
4,1,5,0.9394569650180941
3,2,5,0.2621869875148088
5,0,5,NaN
5,0,5,NaN
3,2,5,NaN
3,2,5,0.15938727449707998
5,0,5,0.8827570506600473
3,2,5,0.7423423413009405
2,3,5,0.05874651298217758
3,2,5,0.03831329598506057
4,1,5,0.6717661875924231
5,0,5,NaN
2,3,5,NaN
4,1,5,NaN
4,1,5,NaN
2,3,5,NaN
4,1,5,0.9231518292730487
4,1,5,NaN
4,1,5,NaN
4,1,5,0.15938727449707998
5,0,5,NaN
3,2,5,NaN
4,1,5,NaN
4,1,5,NaN
5,0,5,NaN
3,2,5,0.5865196674031864
3,2,5,0.032853775051729074
2,3,5,0.2668400346081453
5,0,5,NaN
4,1,5,0.662803924606588
5,0,5,NaN
3,2,5,0.9001259164326818
4,1,5,NaN
5,0,5,NaN
5,0,5,NaN
3,2,5,0.31538291069709495
4,1,5,NaN
2,3,5,0.7423423413009405
2,3,5,0.8237080657963236
4,1,5,NaN
3,2,5,NaN
1,4,5,0.5417209770628222
5,0,5,0.13695747655435897
5,0,5,0.08612589160650815
4,1,5,0.8006696868167401
4,1,5,NaN
4,1,5,NaN
5,0,5,NaN
4,1,5,0.9001259164326818
4,1,5,NaN
4,1,5,0.8678617357362247
5,0,5,NaN
2,3,5,NaN
4,1,5,0.10032275229784271
3,2,5,NaN
2,3,5,0.7092033041123709
2,3,5,0.2687988404175689
5,0,5,0.00038791324036760504
1,4,5,NaN
5,0,5,0.6717661875924231
3,2,5,0.21185071034975703
3,2,5,NaN
5,0,5,0.9551379168882219
3,2,5,NaN
5,0,5,NaN
4,1,5,0.49543559874771725
5,0,5,NaN
4,1,5,NaN
4,1,5,0.9335053885363508
3,2,5,NaN
3,2,5,0.7726517314264018
3,2,5,0.03831329598506057
5,0,5,0.6702125184631231
5,0,5,NaN
4,1,5,0.0630282359819421
5,0,5,0.13695747655435897
5,0,5,NaN
4,1,5,0.9137791798943785
3,2,5,0.9394569650180941
4,1,5,NaN
2,3,5,NaN
4,1,5,NaN
5,0,5,0.13695747655435897
4,1,5,0.06694167944405412
5,0,5,NaN
3,2,5,2.470783873964777e-10
4,1,5,0.4475557477195245
4,1,5,0.8237080657963236
2,3,5,0.08612589160650815
5,0,5,0.5865196674031864
3,2,5,0.31538291069709495
2,3,5,NaN
1,4,5,NaN
1,4,5,0.49543559874771725
4,1,5,0.5802917560236949
3,2,5,0.5417209770628222
3,2,5,0.9137791798943785
5,0,5,NaN
4,1,5,NaN
4,1,5,0.18348414923983342
5,0,5,0.2783692877527476
5,0,5,0.8205576830897556
4,1,5,0.20620557735673217
4,1,5,NaN
3,2,5,0.9493033010224405
5,0,5,NaN
4,1,5,0.02787455723542097
5,0,5,0.016656938369781698
4,1,5,NaN
2,3,5,0.10567167284309864
4,1,5,0.13852063144618346
2,3,5,NaN
5,0,5,0.5865196674031864
4,1,5,0.631220773570296
4,1,5,NaN
5,0,5,NaN
5,0,5,NaN
3,2,5,0.9304226753493123
5,0,5,NaN
5,0,5,0.15938727449707998
4,1,5,NaN
5,0,5,0.24290906152647984
5,0,5,NaN
5,0,5,0.2783692877527476
4,1,5,NaN
4,1,5,0.49543559874771725
4,1,5,NaN
5,0,5,NaN
1,4,5,NaN
3,2,5,0.17239957638594303
5,0,5,0.11735031057960332
4,1,5,0.06347105496993667
5,0,5,0.19159711197536944
2,3,5,0.631220773570296
5,0,5,0.07361819104140599
3,2,5,0.24290906152647984
5,0,5,NaN
5,0,5,NaN
5,0,5,0.2603072010374049
5,0,5,NaN
3,2,5,0.016656938369781698
4,1,5,NaN
5,0,5,NaN
5,0,5,0.4475557477195245
2,3,5,0.4475557477195245
4,1,5,NaN
5,0,5,0.2783692877527476
4,1,5,0.007637736989940973
3,2,5,0.16603225749772405
3,2,5,0.9024871747604102
4,1,5,0.4475557477195245
5,0,5,0.9789190809366978
3,2,5,NaN
5,0,5,0.5865196674031864
4,1,5,0.22822851595792315
3,2,5,0.0630282359819421
4,1,5,NaN
4,1,5,0.6796560791431746
5,0,5,0.3557510427918548
4,1,5,NaN
4,1,5,NaN
3,2,5,NaN
3,2,5,0.8827570506600473
4,1,5,0.0005651559070508257
3,2,5,0.8827570506600473
4,1,5,NaN
3,2,5,NaN
4,1,5,NaN
3,2,5,NaN
5,0,5,NaN
3,2,5,NaN
1,4,5,0.5417209770628222
3,2,5,0.7092033041123709
4,1,5,0.7423423413009405
4,1,5,0.11735031057960332
3,2,5,NaN
4,1,5,NaN
3,2,5,0.9137791798943785
5,0,5,NaN
5,0,5,0.3780238158173627
4,1,5,0.24290906152647984
5,0,5,NaN
4,1,5,0.504317522468818
5,0,5,0.43556181006908
5,0,5,NaN
2,3,5,0.631220773570296
5,0,5,0.9001259164326818
4,1,5,0.4011103777394731
4,1,5,0.7656968560480337
4,1,5,0.5417209770628222
1,4,5,NaN
1,4,5,0.4687423566214028
4,1,5,0.010554511513251322
4,1,5,NaN
3,2,5,NaN
4,1,5,NaN
3,2,5,NaN
3,2,5,0.4146689370945025
3,2,5,NaN
3,2,5,0.24290906152647984
3,2,5,NaN
3,2,5,NaN
5,0,5,NaN
1,4,5,0.8652322931034484
4,1,5,0.7009411557140277
2,3,5,NaN
2,3,5,0.8652322931034484
5,0,5,NaN
2,3,5,NaN
3,2,5,NaN
2,3,5,NaN
3,2,5,3.1170691052600656e-5
4,1,5,NaN
5,0,5,NaN
5,0,5,NaN
5,0,5,0.9394569650180941
4,1,5,NaN
5,0,5,0.7726517314264018
4,1,5,0.49543559874771725
4,1,5,0.24290906152647984
2,3,5,0.631220773570296
3,2,5,NaN
2,3,5,0.1045240737737313
2,3,5,0.8237080657963236
3,2,5,NaN
5,0,5,NaN
4,1,5,NaN
4,1,5,0.5417209770628222
5,0,5,NaN
3,2,5,NaN
3,2,5,NaN
3,2,5,0.9137791798943785
5,0,5,0.07361819104140599
5,0,5,0.4475557477195245
4,1,5,0.9282152544348063
5,0,5,0.04531425270758149
5,0,5,NaN
3,2,5,NaN
1,4,5,0.9636313632939955
5,0,5,NaN
1,4,5,0.31538291069709495
4,1,5,0.0630282359819421
2,3,5,0.6877696185067498
5,0,5,0.04531425270758149
4,1,5,NaN
5,0,5,NaN
3,2,5,0.8450772854630715
2,3,5,NaN
4,1,5,0.8827570506600473
2,3,5,0.18348414923983342
5,0,5,NaN
5,0,5,0.6717661875924231
4,1,5,0.5417209770628222
5,0,5,NaN
5,0,5,0.9391555769285032
4,1,5,NaN
2,3,5,NaN
4,1,5,0.15938727449707998
5,0,5,NaN
1,4,5,0.13116058791013133
3,2,5,NaN
4,1,5,0.631220773570296
2,3,5,0.31538291069709495
5,0,5,NaN
3,2,5,0.8006696868167401
2,3,5,NaN
3,2,5,NaN
4,1,5,0.7958118467816899
4,1,5,0.9272124484159221
3,2,5,NaN
3,2,5,NaN
4,1,5,NaN
4,1,5,0.30623635626219897
3,2,5,NaN
4,1,5,NaN
4,1,5,0.7092033041123709
5,0,5,NaN
2,3,5,NaN
4,1,5,0.00017112254682207225
3,2,5,0.49543559874771725
5,0,5,NaN
3,2,5,0.24290906152647984
2,3,5,0.04531425270758149
5,0,5,0.8006696868167401
4,1,5,0.0630282359819421
5,0,5,NaN
5,0,5,NaN
2,3,5,NaN
3,2,5,0.8237080657963236
3,2,5,0.21185071034975703
4,1,5,NaN
2,3,5,NaN
4,1,5,NaN
4,1,5,0.48796662186443346
5,0,5,0.18348414923983342
2,3,5,NaN
4,1,5,0.7738393337297048
3,2,5,0.17239957638594303
3,2,5,0.9263616469895146
1,4,5,NaN
3,2,5,NaN
2,3,5,0.10032275229784271
5,0,5,0.9885707782763422
5,0,5,0.24290906152647984
3,2,5,NaN
4,1,5,0.021950723470240314
5,0,5,NaN
4,1,5,NaN
2,3,5,0.9590286414731528
3,2,5,0.8125870368614273
3,2,5,NaN
5,0,5,NaN
5,0,5,NaN
3,2,5,NaN
5,0,5,0.5865196674031864
5,0,5,NaN
5,0,5,NaN
4,1,5,0.631220773570296
1,4,5,0.33343912810810805
2,3,5,NaN
4,1,5,0.13695747655435897
4,1,5,NaN
5,0,5,0.31538291069709495
4,1,5,0.023437746643316073
2,3,5,0.8443251722607275
2,3,5,NaN
5,0,5,0.7726517314264018
4,1,5,0.9137791798943785
4,1,5,NaN
4,1,5,NaN
5,0,5,0.4475557477195245
5,0,5,NaN
4,1,5,0.9789190809366978
4,1,5,0.18348414923983342
5,0,5,NaN
3,2,5,NaN
1,4,5,NaN
2,3,5,NaN
4,1,5,0.49543559874771725
1,4,5,NaN
3,2,5,NaN
5,0,5,NaN
4,1,5,NaN
5,0,5,0.7726517314264018
2,3,5,NaN
4,1,5,NaN
5,0,5,0.2783692877527476
5,0,5,NaN
3,2,5,NaN
3,2,5,NaN
5,0,5,NaN
4,1,5,NaN
5,0,5,0.032853775051729074
3,2,5,NaN
4,1,5,0.07193862879016444
4,1,5,NaN
5,0,5,0.4155618969404342
3,2,5,0.4475557477195245
2,3,5,0.04167465016197058
4,1,5,NaN
4,1,5,NaN
5,0,5,NaN
3,2,5,NaN
3,2,5,NaN
4,1,5,NaN
3,2,5,NaN
3,2,5,0.8330817209472989
4,1,5,NaN
4,1,5,NaN
4,1,5,0.3557510427918548
4,1,5,0.9990382316847476
4,1,5,0.49543559874771725
1,4,5,0.9991487671701638
5,0,5,0.8493614973272341
3,2,5,NaN
5,0,5,0.027205474801926772
5,0,5,NaN
5,0,5,NaN
4,1,5,0.03831329598506057
5,0,5,0.004243052065979369
1,4,5,0.0630282359819421
4,1,5,0.7423423413009405
1,4,5,NaN
4,1,5,0.6717661875924231
5,0,5,NaN
4,1,5,NaN
4,1,5,NaN
5,0,5,NaN
2,3,5,0.8652322931034484
3,2,5,0.4475557477195245
4,1,5,0.7092033041123709
1,4,5,0.023437746643316073
4,1,5,0.9493033010224405
4,1,5,NaN
5,0,5,0.9272124484159221
2,3,5,0.5865196674031864
1,4,5,NaN
3,2,5,0.3192447584333121
2,3,5,0.31538291069709495
5,0,5,NaN
4,1,5,NaN
5,0,5,NaN
5,0,5,NaN
3,2,5,NaN
2,3,5,NaN
3,2,5,0.02189679276004851
4,1,5,0.2783692877527476
5,0,5,NaN
3,2,5,NaN
3,2,5,0.4810476269387019
5,0,5,0.3557510427918548
2,3,5,NaN
5,0,5,0.12689770468905617
4,1,5,0.7726517314264018
4,1,5,0.3557510427918548
2,3,5,0.01384068834559692
3,2,5,NaN
4,1,5,NaN
4,1,5,NaN
1,4,5,NaN
5,0,5,0.0025709660283289135
1,4,5,NaN
3,2,5,NaN
5,0,5,NaN
4,1,5,NaN
4,1,5,0.21185071034975703
5,0,5,0.9001259164326818
3,2,5,0.02793223574317211
4,1,5,0.9001259164326818
3,2,5,0.8237080657963236
1,4,5,0.49543559874771725
4,1,5,0.011335119107957231
4,1,5,NaN
3,2,5,0.13695747655435897
3,2,5,NaN
3,2,5,NaN
3,2,5,0.7423423413009405
3,2,5,0.8450772854630715
2,3,5,NaN
4,1,5,NaN
5,0,5,NaN
5,0,5,NaN
4,1,5,0.4475557477195245
5,0,5,0.3592088183055866
3,2,5,NaN
5,0,5,NaN
4,1,5,NaN
4,1,5,NaN
3,2,5,NaN
3,2,5,0.07647474817401304
4,1,5,0.8237080657963236
4,1,5,0.3557510427918548
4,1,5,NaN
3,2,5,0.9394569650180941
5,0,5,NaN
5,0,5,NaN
4,1,5,NaN
5,0,5,NaN
4,1,5,NaN
4,1,5,NaN
4,1,5,0.19410350382090052
2,3,5,0.0338827252945459
5,0,5,0.584035288408222
5,0,5,0.7423423413009405
4,1,5,0.9866589123542336
4,1,5,0.49543559874771725
4,1,5,0.5066327331093788
4,1,5,0.8652322931034484
5,0,5,0.7423423413009405
3,2,5,0.49543559874771725
1,4,5,0.04656252878030042
5,0,5,NaN
2,3,5,0.04531425270758149
2,3,5,NaN
3,2,5,0.4011103777394731
4,1,5,NaN
3,2,5,0.6320827456688481
4,1,5,0.005598143862350422
4,1,5,0.6717661875924231
5,0,5,NaN
4,1,5,NaN
5,0,5,0.10535266156618336
5,0,5,NaN
4,1,5,NaN
3,2,5,0.027197873086465256
4,1,5,NaN
5,0,5,NaN
3,2,5,0.00017642223289970793
2,3,5,0.04531425270758149
5,0,5,NaN
4,1,5,0.5865196674031864
5,0,5,NaN
4,1,5,0.3005545522921389
4,1,5,0.24290906152647984
5,0,5,0.49543559874771725
4,1,5,0.8450772854630715
3,2,5,0.9245369492091288
4,1,5,NaN
4,1,5,0.546152762799012
5,0,5,0.2783692877527476
2,3,5,0.8006696868167401
2,3,5,0.9137791798943785
5,0,5,0.9396124013901456
3,2,5,0.8237080657963236
4,1,5,0.2023842908463311
1,4,5,0.3557510427918548
5,0,5,0.8827570506600473
5,0,5,0.631220773570296
2,3,5,NaN
4,1,5,0.34317437727102074
4,1,5,0.7423423413009405
5,0,5,NaN
3,2,5,NaN
4,1,5,NaN
3,2,5,0.7423423413009405
3,2,5,0.4011103777394731
1,4,5,NaN
3,2,5,0.0900375179683812
2,3,5,NaN
5,0,5,NaN
3,2,5,0.18348414923983342
3,2,5,0.9831295068160263
5,0,5,0.24290906152647984
4,1,5,NaN
3,2,5,0.631220773570296
4,1,5,NaN
2,3,5,NaN
3,2,5,NaN
3,2,5,0.16145799293618568
4,1,5,0.7726517314264018
5,0,5,NaN
5,0,5,NaN
3,2,5,0.18348414923983342
5,0,5,NaN
3,2,5,0.8006696868167401
1,4,5,NaN
4,1,5,NaN
4,1,5,NaN
4,1,5,0.4475557477195245
4,1,5,NaN
2,3,5,0.10032275229784271
5,0,5,0.3557510427918548
5,0,5,0.016931466080687945
4,1,5,NaN
5,0,5,0.08612589160650815
4,1,5,0.9001259164326818
4,1,5,0.24290906152647984
4,1,5,NaN
4,1,5,0.5865196674031864
2,3,5,0.18348414923983342
3,2,5,0.5417209770628222
4,1,5,0.024284110392778512
3,2,5,0.21185071034975703
5,0,5,NaN
2,3,5,NaN
3,2,5,0.08612589160650815
5,0,5,NaN
5,0,5,0.13695747655435897
4,1,5,NaN
4,1,5,NaN
4,1,5,0.3557510427918548
4,1,5,0.024729265768079406
1,4,5,0.8237080657963236
4,1,5,0.9004333563474045
2,3,5,NaN
3,2,5,0.053556438906752275
5,0,5,NaN
3,2,5,0.0630282359819421
4,1,5,0.11735031057960332
4,1,5,NaN
3,2,5,NaN
3,2,5,0.2783692877527476
5,0,5,0.9590286414731528
4,1,5,NaN
5,0,5,0.7726517314264018
5,0,5,NaN
1,4,5,0.31538291069709495
4,1,5,NaN
5,0,5,NaN
2,3,5,NaN
3,2,5,0.10032275229784271
4,1,5,0.7921036530766452
2,3,5,0.18348414923983342
4,1,5,NaN
4,1,5,NaN
5,0,5,0.15938727449707998
4,1,5,0.0630282359819421
5,0,5,0.5865196674031864
4,1,5,0.631220773570296
5,0,5,NaN
3,2,5,0.4086358059608462
2,3,5,NaN
3,2,5,0.8652322931034484
5,0,5,0.3557510427918548
2,3,5,NaN
4,1,5,NaN
4,1,5,NaN
3,2,5,NaN
3,2,5,NaN
3,2,5,0.6717661875924231
5,0,5,NaN
5,0,5,0.08612589160650815
4,1,5,0.11236363637217031
3,2,5,NaN
5,0,5,NaN
3,2,5,NaN
2,3,5,NaN
5,0,5,0.8450772854630715
5,0,5,NaN
3,2,5,NaN
4,1,5,NaN
3,2,5,NaN
5,0,5,0.49543559874771725
5,0,5,0.7423423413009405
5,0,5,0.4475557477195245
4,1,5,0.6413034385553602
4,1,5,0.3557510427918548
3,2,5,NaN
5,0,5,NaN
3,2,5,0.6453711054401953
3,2,5,0.6343477756293385
2,3,5,NaN
4,1,5,NaN
1,4,5,0.7879904763749765
3,2,5,NaN
4,1,5,0.3930469172428408
4,1,5,0.07361819104140599
4,1,5,0.8901584396541352
4,1,5,NaN
5,0,5,NaN
3,2,5,NaN
4,1,5,0.007349342594627595
4,1,5,NaN
3,2,5,0.7726517314264018
5,0,5,0.07361819104140599
3,2,5,NaN
5,0,5,0.4011103777394731
5,0,5,0.6717661875924231
3,2,5,NaN
5,0,5,0.7423423413009405
5,0,5,0.5865196674031864
3,2,5,0.5015249489264333
3,2,5,0.7423423413009405
5,0,5,NaN
4,1,5,0.013975022933555799
5,0,5,NaN
4,1,5,NaN
3,2,5,NaN
4,1,5,0.008605526869536112
4,1,5,0.7726517314264018
5,0,5,0.6078036258336132
4,1,5,0.7716423171976328
5,0,5,0.8450772854630715
4,1,5,NaN
5,0,5,NaN
2,3,5,NaN
4,1,5,NaN
3,2,5,NaN
4,1,5,NaN
2,3,5,0.0630282359819421
4,1,5,0.631220773570296
5,0,5,NaN
3,2,5,0.002271959728328073
4,1,5,NaN
2,3,5,0.7657133353504112
4,1,5,NaN
2,3,5,NaN
5,0,5,NaN
4,1,5,NaN
2,3,5,0.11735031057960332
2,3,5,0.10032275229784271
5,0,5,NaN
2,3,5,NaN
4,1,5,0.24290906152647984
5,0,5,NaN
4,1,5,NaN
2,3,5,NaN
3,2,5,0.4155618969404342
4,1,5,0.49543559874771725
4,1,5,0.5417209770628222
4,1,5,0.8722821616891961
2,3,5,0.4155618969404342
3,2,5,0.4011103777394731
5,0,5,0.031334283615135884
2,3,5,NaN
3,2,5,0.4475557477195245
2,3,5,0.7423423413009405
4,1,5,0.0051653647514528205
5,0,5,0.8827570506600473
4,1,5,0.13695747655435897
5,0,5,NaN
3,2,5,NaN
5,0,5,0.1206625963681682
3,2,5,0.9108371303898248
2,3,5,NaN
2,3,5,NaN
2,3,5,0.08612589160650815
5,0,5,0.7433590367901758
5,0,5,0.6018962792846809
4,1,5,NaN
5,0,5,0.32135031818130005
3,2,5,0.11448489346761681
5,0,5,NaN
4,1,5,NaN
4,1,5,NaN
5,0,5,NaN
5,0,5,0.3557510427918548
5,0,5,NaN
4,1,5,0.032853775051729074
2,3,5,NaN
5,0,5,NaN
3,2,5,0.0630282359819421
5,0,5,NaN
5,0,5,0.18348414923983342
1,4,5,NaN
3,2,5,NaN
4,1,5,NaN
5,0,5,0.06689475061747586
4,1,5,0.15938727449707998
5,0,5,NaN
3,2,5,NaN
5,0,5,0.7092033041123709
4,1,5,NaN
5,0,5,0.631220773570296
3,2,5,NaN
4,1,5,0.1383882748381732
4,1,5,NaN
4,1,5,NaN
3,2,5,0.4011103777394731
5,0,5,NaN
2,3,5,0.5008649244965916
4,1,5,0.9493033010224405
4,1,5,NaN
5,0,5,NaN
3,2,5,NaN
3,2,5,NaN
5,0,5,0.4155618969404342
3,2,5,0.8237080657963236
4,1,5,NaN
5,0,5,NaN
1,4,5,0.631220773570296
4,1,5,0.08612589160650815
3,2,5,0.5038660732764337
2,3,5,0.631220773570296
4,1,5,NaN
5,0,5,0.04531425270758149
3,2,5,NaN
5,0,5,NaN
4,1,5,0.4011103777394731
3,2,5,0.4475557477195245
1,4,5,0.005472162203918327
4,1,5,NaN
4,1,5,NaN
5,0,5,NaN
2,3,5,0.18348414923983342
3,2,5,0.08612589160650815
3,2,5,0.5865196674031864
3,2,5,0.5865196674031864
3,2,5,0.7128003214641632
1,4,5,NaN
1,4,5,0.5417209770628222
5,0,5,0.5865196674031864
3,2,5,0.7423423413009405
1,4,5,NaN
3,2,5,NaN
4,1,5,NaN
3,2,5,0.01384068834559692
5,0,5,0.7716423171976328
1,4,5,NaN
4,1,5,NaN
3,2,5,NaN
5,0,5,0.10126408812822618
3,2,5,0.9789190809366978
5,0,5,NaN
4,1,5,NaN
4,1,5,0.02787455723542097
5,0,5,0.009197347645729735
5,0,5,NaN
4,1,5,NaN
4,1,5,NaN
3,2,5,0.2783692877527476
4,1,5,NaN
4,1,5,0.009275281886714842
5,0,5,0.6717661875924231
3,2,5,0.029000495715790373
3,2,5,NaN
2,3,5,0.4011103777394731
5,0,5,0.8341616593698198
5,0,5,NaN
4,1,5,0.7092033041123709
1,4,5,NaN
2,3,5,0.8450772854630715
3,2,5,0.8450772854630715
5,0,5,0.6359173316308627
3,2,5,NaN
4,1,5,0.4011103777394731
2,3,5,0.24290906152647984
4,1,5,NaN
3,2,5,NaN
2,3,5,NaN
4,1,5,0.41537645198799034
3,2,5,0.4155618969404342
3,2,5,NaN
3,2,5,NaN
3,2,5,0.6718829133842396
5,0,5,0.011344078488777672
3,2,5,NaN
2,3,5,NaN
3,2,5,NaN
4,1,5,0.5805609459853677
3,2,5,0.6717661875924231
3,2,5,NaN
3,2,5,NaN
5,0,5,NaN
4,1,5,0.6208770520020227
5,0,5,0.7092033041123709
5,0,5,0.4011103777394731
1,4,5,0.9394569650180941
5,0,5,0.7726517314264018
5,0,5,NaN
2,3,5,0.7092033041123709
4,1,5,0.8827570506600473
5,0,5,0.6989543254768161
3,2,5,0.9001259164326818
3,2,5,0.4011103777394731
4,1,5,NaN
2,3,5,NaN
5,0,5,NaN
4,1,5,0.9272124484159221
3,2,5,0.02787455723542097
5,0,5,1.1757699386019506e-6
3,2,5,0.02787455723542097
2,3,5,0.21185071034975703
5,0,5,0.2783692877527476
5,0,5,NaN
3,2,5,0.4781957166090772
5,0,5,NaN
5,0,5,NaN
5,0,5,NaN
4,1,5,0.9493033010224405
5,0,5,0.18348414923983342
4,1,5,0.8652322931034484
5,0,5,0.6717661875924231
2,3,5,NaN
4,1,5,0.6717661875924231
4,1,5,NaN
5,0,5,0.6877696185067498
4,1,5,NaN
4,1,5,0.48796662186443346
5,0,5,0.7092033041123709
2,3,5,NaN
3,2,5,NaN
3,2,5,0.7092033041123709
3,2,5,0.6717661875924231
4,1,5,NaN
5,0,5,0.24290906152647984
5,0,5,0.9394569650180941
3,2,5,0.546152762799012
4,1,5,NaN
3,2,5,0.8237080657963236
3,2,5,0.49543559874771725
5,0,5,0.4475557477195245
3,2,5,NaN
4,1,5,NaN
2,3,5,NaN
4,1,5,NaN
5,0,5,NaN
4,1,5,4.016866287660524e-5
3,2,5,0.7726517314264018
2,3,5,NaN
4,1,5,0.15938727449707998
5,0,5,0.7423423413009405
4,1,5,0.3557510427918548
4,1,5,0.31538291069709495
2,3,5,0.4475557477195245
5,0,5,0.4475557477195245
4,1,5,0.11735031057960332
4,1,5,0.5417209770628222
3,2,5,NaN
5,0,5,0.8381544608128859
4,1,5,0.5865196674031864
4,1,5,NaN
3,2,5,0.7726517314264018
4,1,5,NaN
5,0,5,0.007349342594627595
5,0,5,0.7616187900583973
4,1,5,0.5417209770628222
3,2,5,0.31538291069709495
3,2,5,0.735914938752462
4,1,5,0.5417209770628222
1,4,5,NaN
4,1,5,0.8083068487660351
4,1,5,0.9663500458367166
4,1,5,0.8450772854630715
4,1,5,0.11735031057960332
5,0,5,NaN
4,1,5,NaN
3,2,5,NaN
4,1,5,0.9137791798943785
3,2,5,NaN
3,2,5,0.15938727449707998
2,3,5,NaN
1,4,5,0.044421834752334195
4,1,5,NaN
5,0,5,0.10032275229784271
3,2,5,NaN
1,4,5,NaN
4,1,5,0.10032275229784271
4,1,5,0.13695747655435897
3,2,5,0.023437746643316073
2,3,5,0.31538291069709495
3,2,5,NaN
3,2,5,0.07361819104140599
2,3,5,NaN
1,4,5,NaN
4,1,5,0.016656938369781698
2,3,5,0.6717661875924231
4,1,5,0.31538291069709495
1,4,5,0.20471143558157323
1,4,5,NaN
2,3,5,0.10032275229784271
4,1,5,NaN
4,1,5,NaN
4,1,5,0.8652322931034484
5,0,5,0.31538291069709495
3,2,5,NaN
5,0,5,NaN
3,2,5,NaN
4,1,5,0.046796073174982904
5,0,5,NaN
1,4,5,NaN
1,4,5,NaN
4,1,5,NaN
2,3,5,NaN
5,0,5,0.1866428306424799
2,3,5,NaN
4,1,5,0.24290906152647984
4,1,5,NaN
2,3,5,NaN
3,2,5,NaN
4,1,5,NaN
3,2,5,NaN
4,1,5,NaN
3,2,5,0.9789190809366978
3,2,5,0.04531425270758149
3,2,5,NaN
3,2,5,0.6717661875924231
3,2,5,NaN
3,2,5,NaN
3,2,5,NaN
2,3,5,0.03831329598506057
4,1,5,0.321221426047442
4,1,5,NaN
5,0,5,0.2714358672156589
5,0,5,NaN
3,2,5,0.9358351935456245
4,1,5,0.9841738135856081
4,1,5,NaN
3,2,5,0.631220773570296
3,2,5,0.6717661875924231
5,0,5,NaN
5,0,5,NaN
4,1,5,0.7726517314264018
4,1,5,NaN
5,0,5,0.3557510427918548
2,3,5,0.9473866166344842
2,3,5,0.8827570506600473
4,1,5,NaN
3,2,5,NaN
2,3,5,NaN
3,2,5,0.3557510427918548
4,1,5,0.6649913710221773
3,2,5,0.96010034969802
2,3,5,NaN
2,3,5,0.5656757685176056
4,1,5,NaN
1,4,5,NaN
4,1,5,NaN
3,2,5,NaN
5,0,5,NaN
3,2,5,0.631220773570296
4,1,5,NaN
5,0,5,0.8237080657963236
2,3,5,0.29847576848684493
2,3,5,0.8237080657963236
4,1,5,NaN
4,1,5,0.6717661875924231
5,0,5,NaN
5,0,5,0.9789190809366978
4,1,5,0.2783692877527476
4,1,5,0.9396124013901456
5,0,5,0.03831329598506057
5,0,5,NaN
4,1,5,0.18348414923983342
4,1,5,0.8652322931034484
4,1,5,NaN
4,1,5,0.9394569650180941
5,0,5,0.24290906152647984
4,1,5,NaN
4,1,5,0.31538291069709495
2,3,5,8.821486863570372e-8
1,4,5,0.8572354758801874
3,2,5,0.3557510427918548
3,2,5,NaN
5,0,5,0.7092033041123709
4,1,5,NaN
4,1,5,0.11735031057960332
3,2,5,NaN
4,1,5,NaN
5,0,5,NaN
4,1,5,NaN
4,1,5,NaN
4,1,5,0.6265864499933628
5,0,5,0.4593328863328579
2,3,5,NaN
4,1,5,0.49543559874771725
4,1,5,0.8565837334949431
5,0,5,NaN
2,3,5,0.49543559874771725
5,0,5,0.11735031057960332
5,0,5,NaN
2,3,5,0.4011103777394731
3,2,5,NaN
3,2,5,1.655005266429657e-7
3,2,5,NaN
4,1,5,NaN
4,1,5,0.3557510427918548
4,1,5,NaN
4,1,5,0.21185071034975703
2,3,5,NaN
5,0,5,NaN
4,1,5,NaN
2,3,5,NaN
5,0,5,0.028002386421828052
3,2,5,NaN
3,2,5,0.4475557477195245
4,1,5,0.7092033041123709
1,4,5,0.9916966421839661
4,1,5,NaN
4,1,5,0.7958118467816899
3,2,5,NaN
5,0,5,0.7726517314264018
4,1,5,0.5434852093696828
4,1,5,NaN
4,1,5,NaN
2,3,5,0.631220773570296
4,1,5,NaN
5,0,5,NaN
3,2,5,NaN
3,2,5,0.0630282359819421
3,2,5,NaN
5,0,5,NaN
2,3,5,NaN
3,2,5,NaN
1,4,5,NaN
3,2,5,0.8237080657963236
5,0,5,0.2783692877527476
5,0,5,0.7726517314264018
3,2,5,NaN
4,1,5,0.24290906152647984
5,0,5,0.016656938369781698
3,2,5,0.10032275229784271
3,2,5,NaN
5,0,5,0.24290906152647984
5,0,5,NaN
3,2,5,0.7092033041123709
3,2,5,NaN
4,1,5,NaN
3,2,5,NaN
3,2,5,0.8652322931034484
3,2,5,0.6615035152597739
4,1,5,NaN
3,2,5,0.5865196674031864
3,2,5,NaN
3,2,5,NaN
2,3,5,0.7092033041123709
3,2,5,NaN
3,2,5,0.8006696868167401
4,1,5,0.4011103777394731
5,0,5,4.76074633543355e-5
4,1,5,0.04531425270758149
4,1,5,NaN
5,0,5,0.7726517314264018
3,2,5,NaN
3,2,5,0.019796251803769704
4,1,5,NaN
2,3,5,0.49543559874771725
1,4,5,NaN
5,0,5,0.8450772854630715
1,4,5,NaN
3,2,5,NaN
1,4,5,NaN
2,3,5,NaN
5,0,5,NaN
2,3,5,NaN
5,0,5,NaN
5,0,5,NaN
4,1,5,NaN
4,1,5,NaN
4,1,5,NaN
1,4,5,0.9137791798943785
4,1,5,0.032853775051729074
3,2,5,0.15968498618355548
5,0,5,NaN
3,2,5,0.08612589160650815
4,1,5,NaN
4,1,5,NaN
5,0,5,0.8237080657963236
5,0,5,NaN
1,4,5,NaN
2,3,5,NaN
4,1,5,0.016907679716365743
2,3,5,NaN
1,4,5,NaN
2,3,5,NaN
4,1,5,0.3557510427918548
5,0,5,NaN
3,2,5,0.5417209770628222
2,3,5,NaN
5,0,5,0.5427791979508634
5,0,5,NaN
3,2,5,NaN
3,2,5,0.5865196674031864
4,1,5,NaN
3,2,5,NaN
5,0,5,NaN
4,1,5,NaN
2,3,5,0.4011103777394731
3,2,5,NaN
2,3,5,0.13695747655435897
4,1,5,NaN
3,2,5,NaN
5,0,5,NaN
4,1,5,NaN
4,1,5,NaN
5,0,5,0.3505031005958409
2,3,5,NaN
4,1,5,NaN
4,1,5,0.7726517314264018
1,4,5,NaN
2,3,5,NaN
4,1,5,0.12535701036362762
2,3,5,0.8799676340338454
1,4,5,0.5865196674031864
4,1,5,NaN
4,1,5,0.8524802845089371
2,3,5,0.18348414923983342
5,0,5,NaN
4,1,5,0.03831329598506057
5,0,5,NaN
4,1,5,NaN
4,1,5,0.24290906152647984
5,0,5,0.3949200764673108
5,0,5,0.4475557477195245
5,0,5,NaN
5,0,5,0.17638798005766676
5,0,5,0.0630282359819421
4,1,5,0.4011103777394731
2,3,5,0.16062133869586234
4,1,5,NaN
5,0,5,NaN
2,3,5,NaN
3,2,5,NaN
2,3,5,0.007349342594627595
3,2,5,NaN
2,3,5,NaN
2,3,5,0.7423423413009405
3,2,5,NaN
3,2,5,0.03831329598506057
4,1,5,0.9663500458367166
3,2,5,0.814209713202945
5,0,5,NaN
3,2,5,NaN
3,2,5,NaN
5,0,5,NaN
5,0,5,0.9493033010224405
4,1,5,0.4475557477195245
5,0,5,0.053556438906752275
4,1,5,NaN
4,1,5,NaN
4,1,5,0.8006696868167401
3,2,5,NaN
1,4,5,0.21185071034975703
4,1,5,0.4475557477195245
3,2,5,NaN
4,1,5,0.3369219602973721
4,1,5,0.4475557477195245
2,3,5,0.9399889673842494
4,1,5,0.0037676114872972023
4,1,5,0.8450772854630715
5,0,5,NaN
5,0,5,0.8006696868167401
3,2,5,NaN
5,0,5,NaN
3,2,5,0.4475557477195245
5,0,5,0.18348414923983342
3,2,5,NaN
2,3,5,NaN
3,2,5,0.8652322931034484
5,0,5,NaN
2,3,5,0.31538291069709495
4,1,5,0.9272124484159221
2,3,5,0.631220773570296
1,4,5,0.21185071034975703
4,1,5,NaN
4,1,5,0.04531425270758149
2,3,5,0.8931579086916069
4,1,5,NaN
2,3,5,NaN
3,2,5,0.9272124484159221
3,2,5,0.91089910393393
2,3,5,0.9047853618061095
5,0,5,0.02633574449857519
5,0,5,0.01384068834559692
3,2,5,0.9962290253671563
3,2,5,0.6717661875924231
4,1,5,0.04531425270758149
4,1,5,0.8827570506600473
2,3,5,0.0018351366257422326
4,1,5,0.49543559874771725
3,2,5,NaN
4,1,5,0.01551469744486246
5,0,5,0.6717661875924231
4,1,5,0.7726517314264018
4,1,5,NaN
5,0,5,NaN
2,3,5,NaN
4,1,5,0.9493033010224405
3,2,5,0.8237080657963236
5,0,5,NaN
5,0,5,0.9047853618061095
5,0,5,0.631220773570296
4,1,5,NaN
5,0,5,0.5865196674031864
4,1,5,NaN
4,1,5,0.14499639323270927
3,2,5,NaN
3,2,5,NaN
4,1,5,0.631220773570296
5,0,5,0.11735031057960332
4,1,5,NaN
4,1,5,0.15938727449707998
3,2,5,0.7726517314264018
3,2,5,0.006610946063294765
3,2,5,NaN
5,0,5,NaN
5,0,5,0.8237080657963236
5,0,5,0.3557510427918548
4,1,5,NaN
5,0,5,0.3557510427918548
5,0,5,NaN
1,4,5,NaN
5,0,5,NaN
3,2,5,NaN
3,2,5,0.41537645198799034
3,2,5,NaN
4,1,5,NaN
4,1,5,0.4011103777394731
4,1,5,NaN
4,1,5,0.21185071034975703
1,4,5,0.9394569650180941
4,1,5,0.3557510427918548
3,2,5,NaN
2,3,5,NaN
3,2,5,NaN
3,2,5,0.9663500458367166
3,2,5,NaN
2,3,5,0.007104184315978926
3,2,5,NaN
5,0,5,NaN
3,2,5,NaN
2,3,5,0.6717661875924231
3,2,5,NaN
1,4,5,0.21185071034975703
4,1,5,0.28253353147859145
3,2,5,0.0026767640152423997
4,1,5,NaN
4,1,5,0.631220773570296
5,0,5,NaN
4,1,5,0.07361819104140599
5,0,5,0.5865196674031864
3,2,5,0.631220773570296
4,1,5,0.8958762517401009
4,1,5,NaN
3,2,5,0.9493033010224405
4,1,5,0.6717661875924231
2,3,5,0.31538291069709495
4,1,5,0.13695747655435897
4,1,5,0.31538291069709495
3,2,5,NaN
2,3,5,0.04531425270758149
1,4,5,NaN
5,0,5,NaN
3,2,5,0.023437746643316073
3,2,5,0.2783692877527476
4,1,5,NaN
3,2,5,0.5176839037244192
5,0,5,0.9590286414731528
3,2,5,NaN
4,1,5,0.5417209770628222
2,3,5,0.5865196674031864
3,2,5,NaN
3,2,5,0.5767596821998651
2,3,5,NaN
4,1,5,0.9663500458367166
4,1,5,NaN
3,2,5,NaN
3,2,5,0.31538291069709495
3,2,5,0.9001259164326818
5,0,5,NaN
2,3,5,0.009325005405405363
4,1,5,NaN
4,1,5,NaN
2,3,5,0.7433590367901758
3,2,5,0.8652322931034484
4,1,5,NaN
4,1,5,NaN
4,1,5,NaN
4,1,5,0.032853775051729074
4,1,5,0.04531425270758149
4,1,5,0.04531425270758149
5,0,5,0.8652322931034484
4,1,5,0.7921036530766452
4,1,5,NaN
5,0,5,0.7092033041123709
1,4,5,0.49543559874771725
4,1,5,NaN
5,0,5,0.31538291069709495
4,1,5,0.2783692877527476
4,1,5,NaN
3,2,5,0.8237080657963236
4,1,5,0.9630945025694654
5,0,5,0.7423423413009405
5,0,5,0.17061968600930538
4,1,5,0.3557510427918548
3,2,5,0.022670673364260988
5,0,5,NaN
4,1,5,NaN
4,1,5,NaN
4,1,5,NaN
2,3,5,NaN
4,1,5,NaN
4,1,5,0.2235888262708343
2,3,5,0.0077000675682119095
1,4,5,0.49543559874771725
3,2,5,NaN
3,2,5,0.24290906152647984
5,0,5,0.24290906152647984
2,3,5,NaN
2,3,5,NaN
5,0,5,NaN
5,0,5,NaN
2,3,5,0.11735031057960332
5,0,5,NaN
4,1,5,0.0630282359819421
4,1,5,NaN
3,2,5,0.3557510427918548
5,0,5,NaN
3,2,5,NaN
4,1,5,NaN
4,1,5,NaN
3,2,5,0.07361819104140599
5,0,5,NaN
3,2,5,0.009791194461027736
4,1,5,NaN
4,1,5,0.03831329598506057
4,1,5,NaN
5,0,5,NaN
3,2,5,NaN
3,2,5,NaN
5,0,5,NaN
3,2,5,NaN
2,3,5,NaN
4,1,5,NaN
3,2,5,0.4475557477195245
5,0,5,0.6717661875924231
4,1,5,NaN
4,1,5,0.9191328982472408
4,1,5,0.321221426047442
3,2,5,NaN
2,3,5,NaN
4,1,5,NaN
5,0,5,0.056628607646869285
5,0,5,NaN
4,1,5,0.13695747655435897
3,2,5,0.5417209770628222
5,0,5,NaN
3,2,5,NaN
5,0,5,NaN
2,3,5,NaN
5,0,5,0.631220773570296
3,2,5,NaN
4,1,5,0.13695747655435897
5,0,5,0.676783881896489
4,1,5,0.13222834486391932
4,1,5,0.8006696868167401
5,0,5,NaN
4,1,5,0.5496708312420411
3,2,5,0.10528657409123422
5,0,5,0.18348414923983342
5,0,5,NaN
4,1,5,NaN
5,0,5,0.8450772854630715
5,0,5,0.9137791798943785
1,4,5,0.2783692877527476
4,1,5,0.13595932099187039
5,0,5,NaN
2,3,5,0.9590286414731528
4,1,5,NaN
4,1,5,0.49543559874771725
2,3,5,NaN
4,1,5,NaN
4,1,5,NaN
5,0,5,0.15938727449707998
5,0,5,NaN
4,1,5,0.3557510427918548
5,0,5,0.5417209770628222
3,2,5,NaN
4,1,5,0.44852327333044206
3,2,5,NaN
3,2,5,0.053556438906752275
5,0,5,NaN
4,1,5,NaN
3,2,5,0.8827570506600473
3,2,5,0.4011103777394731
3,2,5,0.03831329598506057
4,1,5,NaN
4,1,5,0.7092033041123709
4,1,5,NaN
5,0,5,NaN
2,3,5,NaN
5,0,5,NaN
4,1,5,NaN
4,1,5,NaN
2,3,5,NaN
2,3,5,NaN
4,1,5,NaN
3,2,5,NaN
5,0,5,0.5417209770628222
2,3,5,0.9493033010224405
3,2,5,0.5865196674031864
3,2,5,NaN
4,1,5,NaN
4,1,5,0.6718829133842396
4,1,5,NaN
3,2,5,0.10032275229784271
5,0,5,0.5417209770628222
3,2,5,0.8006696868167401
1,4,5,NaN
2,3,5,NaN
4,1,5,0.8237080657963236
3,2,5,NaN
3,2,5,NaN
5,0,5,NaN
4,1,5,0.9966376055955838
3,2,5,0.4475557477195245
4,1,5,0.7092033041123709
2,3,5,0.8237080657963236
4,1,5,0.023437746643316073
5,0,5,NaN
3,2,5,0.8006696868167401
1,4,5,NaN
3,2,5,NaN
4,1,5,NaN
3,2,5,0.49543559874771725
5,0,5,NaN
4,1,5,0.2942871780591215
4,1,5,NaN
3,2,5,NaN
5,0,5,NaN
3,2,5,0.08362151314300321
3,2,5,0.8679189613997627
4,1,5,0.6717661875924231
5,0,5,0.10032275229784271
4,1,5,0.8827570506600473
5,0,5,NaN
4,1,5,NaN
3,2,5,0.49543559874771725
5,0,5,NaN
3,2,5,0.997665829571106
5,0,5,0.7423423413009405
4,1,5,NaN
5,0,5,0.4631317331688152
3,2,5,0.5865196674031864
2,3,5,0.7092033041123709
3,2,5,NaN
4,1,5,NaN
1,4,5,NaN
4,1,5,NaN
4,1,5,0.15938727449707998
3,2,5,0.6717661875924231
2,3,5,NaN
5,0,5,NaN
3,2,5,NaN
4,1,5,NaN
2,3,5,NaN
2,3,5,NaN
5,0,5,0.6717661875924231
4,1,5,0.41537645198799034
3,2,5,0.9001259164326818
5,0,5,NaN
5,0,5,0.4475557477195245
2,3,5,NaN
4,1,5,0.4011103777394731
4,1,5,NaN
3,2,5,NaN
4,1,5,NaN
3,2,5,NaN
3,2,5,NaN
3,2,5,0.04531425270758149
3,2,5,0.9368493388792121
2,3,5,NaN
3,2,5,NaN
3,2,5,0.8237080657963236
4,1,5,0.11735031057960332
3,2,5,0.03831329598506057
4,1,5,0.23103067796165944
4,1,5,NaN
4,1,5,0.5417209770628222
5,0,5,NaN
5,0,5,0.7726517314264018
3,2,5,0.9263616469895146
5,0,5,0.08612589160650815
5,0,5,NaN
5,0,5,NaN
4,1,5,NaN
5,0,5,NaN
3,2,5,0.8450772854630715
4,1,5,0.0630282359819421
3,2,5,0.5417209770628222
3,2,5,0.5842431231522885
2,3,5,0.9841738135856081
3,2,5,NaN
1,4,5,0.03831329598506057
4,1,5,NaN
4,1,5,0.7423423413009405
4,1,5,0.8450772854630715
4,1,5,NaN
3,2,5,NaN
3,2,5,NaN
5,0,5,NaN
4,1,5,NaN
3,2,5,0.9866589123542336
5,0,5,NaN
3,2,5,0.5865196674031864
4,1,5,0.0051653647514528205
3,2,5,NaN
5,0,5,0.4475557477195245
5,0,5,NaN
1,4,5,NaN
4,1,5,0.7726517314264018
3,2,5,0.9733084005106692
5,0,5,0.10032275229784271
4,1,5,NaN
4,1,5,NaN
5,0,5,0.11778302376262217
3,2,5,NaN
3,2,5,0.018675449025792653
5,0,5,NaN
4,1,5,0.1397548758838223
4,1,5,NaN
3,2,5,NaN
5,0,5,NaN
4,1,5,0.8652322931034484
5,0,5,0.9004333563474045
2,3,5,0.5865196674031864
2,3,5,0.052623682533976375
5,0,5,0.9001259164326818
3,2,5,0.9272124484159221
3,2,5,NaN
3,2,5,0.053556438906752275
5,0,5,NaN
5,0,5,0.0008783264868168839
5,0,5,0.8006696868167401
5,0,5,0.04531425270758149
4,1,5,0.6127253479327994
5,0,5,0.7092033041123709
4,1,5,0.33206252338918735
4,1,5,0.8450772854630715
5,0,5,0.08612589160650815
2,3,5,0.49543559874771725
5,0,5,NaN
3,2,5,NaN
1,4,5,NaN
2,3,5,0.22986855794650582
2,3,5,NaN
2,3,5,NaN
3,2,5,0.43454828409625273
5,0,5,0.9394569650180941
4,1,5,0.4011103777394731
4,1,5,NaN
1,4,5,NaN
5,0,5,NaN
4,1,5,0.24290906152647984
5,0,5,NaN
3,2,5,NaN
2,3,5,NaN
3,2,5,NaN
4,1,5,0.7092033041123709
4,1,5,NaN
2,3,5,0.21185071034975703
4,1,5,NaN
2,3,5,NaN
5,0,5,NaN
3,2,5,NaN
2,3,5,0.5865196674031864
4,1,5,NaN
4,1,5,0.2783692877527476
5,0,5,0.8237080657963236
2,3,5,0.5417209770628222
1,4,5,0.20797029639738798
2,3,5,0.49543559874771725
3,2,5,NaN
4,1,5,0.0630282359819421
5,0,5,NaN
3,2,5,0.11219872109341131
3,2,5,0.9590286414731528
4,1,5,NaN
4,1,5,NaN
4,1,5,0.49543559874771725
4,1,5,0.5417209770628222
4,1,5,NaN
3,2,5,NaN
2,3,5,0.6717661875924231
4,1,5,0.5745454546618926
2,3,5,NaN
2,3,5,NaN
4,1,5,0.8652322931034484
2,3,5,0.4475557477195245
5,0,5,NaN
5,0,5,NaN
4,1,5,0.9137791798943785
3,2,5,NaN
3,2,5,NaN
4,1,5,0.032853775051729074
5,0,5,0.15938727449707998
4,1,5,NaN
4,1,5,NaN
2,3,5,NaN
1,4,5,NaN
3,2,5,0.7726517314264018
4,1,5,0.24290906152647984
4,1,5,0.004216635031200235
4,1,5,NaN
5,0,5,NaN
2,3,5,NaN
5,0,5,NaN
3,2,5,NaN
3,2,5,NaN
4,1,5,NaN
3,2,5,0.631220773570296
3,2,5,NaN
5,0,5,0.7092033041123709
3,2,5,NaN
4,1,5,NaN
4,1,5,NaN
5,0,5,NaN
1,4,5,NaN
4,1,5,0.4011103777394731
2,3,5,0.31538291069709495
3,2,5,0.08123379932291548
4,1,5,NaN
5,0,5,0.016907679716365743
3,2,5,NaN
3,2,5,0.4011103777394731
2,3,5,NaN
2,3,5,NaN
4,1,5,NaN
1,4,5,NaN
4,1,5,NaN
1,4,5,NaN
2,3,5,NaN
3,2,5,0.016656938369781698
4,1,5,0.4475557477195245
4,1,5,0.6717661875924231
4,1,5,0.8450772854630715
4,1,5,0.7092033041123709
4,1,5,NaN
2,3,5,NaN
2,3,5,0.9001259164326818
3,2,5,0.022075569298019914
4,1,5,NaN
5,0,5,0.49543559874771725
5,0,5,0.49543559874771725
5,0,5,0.15938727449707998
2,3,5,0.6320827456688481
1,4,5,NaN
3,2,5,NaN
3,2,5,NaN
3,2,5,0.18348414923983342
3,2,5,NaN
5,0,5,NaN
2,3,5,NaN
2,3,5,NaN
2,3,5,NaN
4,1,5,NaN
1,4,5,NaN
2,3,5,0.4475557477195245
4,1,5,0.10032275229784271
5,0,5,NaN
3,2,5,0.023437746643316073
4,1,5,0.4011103777394731
5,0,5,0.9394569650180941
5,0,5,0.07361819104140599
4,1,5,0.11735031057960332
3,2,5,0.8827570506600473
3,2,5,NaN
5,0,5,NaN
2,3,5,0.546152762799012
4,1,5,NaN
4,1,5,0.7423423413009405
4,1,5,0.5107871461527681
4,1,5,0.3557510427918548
5,0,5,0.8652322931034484
4,1,5,0.7092033041123709
4,1,5,NaN
2,3,5,NaN
4,1,5,0.0003119016658957341
4,1,5,0.18348414923983342
3,2,5,NaN
3,2,5,0.3296496747755379
3,2,5,NaN
3,2,5,NaN
4,1,5,NaN
5,0,5,NaN
4,1,5,0.2783692877527476
3,2,5,NaN
3,2,5,NaN
1,4,5,NaN
3,2,5,0.08612589160650815
4,1,5,0.8652322931034484
5,0,5,0.11735031057960332
4,1,5,0.814209713202945
1,4,5,NaN
4,1,5,NaN
5,0,5,NaN
1,4,5,NaN
1,4,5,0.2942871780591215
4,1,5,0.05648757898504467
5,0,5,0.03149697862226962
5,0,5,0.8237080657963236
2,3,5,NaN
5,0,5,0.24287979158941345
3,2,5,0.6717661875924231
3,2,5,0.18348414923983342
4,1,5,NaN
3,2,5,NaN
4,1,5,NaN
5,0,5,NaN
5,0,5,NaN
3,2,5,0.3575534733500888
5,0,5,NaN
5,0,5,0.8450772854630715
3,2,5,NaN
2,3,5,0.631220773570296
4,1,5,NaN
5,0,5,NaN
3,2,5,0.03104637078153939
3,2,5,NaN
3,2,5,NaN
2,3,5,NaN
1,4,5,NaN
4,1,5,NaN
4,1,5,0.49543559874771725
1,4,5,0.3557510427918548
3,2,5,NaN
3,2,5,0.15938727449707998
4,1,5,0.8652322931034484
4,1,5,NaN
5,0,5,0.31538291069709495
2,3,5,NaN
5,0,5,NaN
4,1,5,NaN
4,1,5,0.9493033010224405
3,2,5,NaN
4,1,5,0.5417209770628222
4,1,5,0.8827570506600473
5,0,5,NaN
4,1,5,0.4011103777394731
2,3,5,0.0010255263913198785
1,4,5,NaN
2,3,5,0.24290906152647984
5,0,5,0.5865196674031864
3,2,5,0.631220773570296
5,0,5,NaN
2,3,5,0.06708088923689182
4,1,5,0.8237080657963236
5,0,5,NaN
3,2,5,NaN
5,0,5,0.8237080657963236
5,0,5,NaN
5,0,5,0.7726517314264018
4,1,5,0.4475557477195245
3,2,5,NaN
4,1,5,NaN
3,2,5,0.03831329598506057
1,4,5,0.5832575858563539
5,0,5,NaN
2,3,5,0.003188739735737105
5,0,5,0.8006586145440605
4,1,5,0.9765037847266773
3,2,5,NaN
3,2,5,NaN
3,2,5,0.4475557477195245
3,2,5,NaN
4,1,5,NaN
4,1,5,NaN
3,2,5,0.4011103777394731
4,1,5,NaN
5,0,5,NaN
4,1,5,NaN
3,2,5,NaN
5,0,5,NaN
3,2,5,NaN
4,1,5,NaN
4,1,5,NaN
3,2,5,NaN
3,2,5,0.08984122528870539
5,0,5,0.07822068786597793
3,2,5,0.4475557477195245
2,3,5,0.8237080657963236
4,1,5,0.13695747655435897
2,3,5,NaN
4,1,5,0.3557510427918548
4,1,5,NaN
4,1,5,NaN
2,3,5,0.24278096737270338
2,3,5,NaN
5,0,5,0.8006696868167401
3,2,5,NaN
5,0,5,0.5430986004575281
4,1,5,0.5417209770628222
4,1,5,NaN
4,1,5,NaN
5,0,5,NaN
3,2,5,0.0015506799637766114
2,3,5,0.8450772854630715
4,1,5,0.21185071034975703
4,1,5,NaN
4,1,5,0.6504149927227987
2,3,5,0.631220773570296
1,4,5,NaN
5,0,5,0.4475557477195245
2,3,5,0.18348414923983342
4,1,5,NaN
5,0,5,0.6717661875924231
5,0,5,0.053556438906752275
5,0,5,0.34063883779906756
4,1,5,NaN
1,4,5,0.019796251803769704
5,0,5,NaN
2,3,5,0.03831329598506057
2,3,5,0.9733084005106692
4,1,5,0.8006696868167401
2,3,5,0.8006696868167401
3,2,5,NaN
4,1,5,0.8006696868167401
1,4,5,0.07361819104140599
3,2,5,NaN
4,1,5,NaN
5,0,5,0.7423423413009405
2,3,5,NaN
2,3,5,NaN
5,0,5,NaN
4,1,5,NaN
1,4,5,0.4475557477195245
3,2,5,0.7234577439877888
4,1,5,NaN
4,1,5,0.5865618867708493
5,0,5,NaN
5,0,5,0.5417209770628222
3,2,5,0.48945833991568644
4,1,5,0.02787455723542097
5,0,5,0.49543559874771725
2,3,5,NaN
3,2,5,NaN
5,0,5,0.3688782808166491
5,0,5,0.7092033041123709
2,3,5,NaN
4,1,5,NaN
4,1,5,NaN
2,3,5,NaN
1,4,5,NaN
3,2,5,NaN
3,2,5,NaN
1,4,5,NaN
4,1,5,NaN
3,2,5,NaN
3,2,5,NaN
3,2,5,NaN
5,0,5,NaN
3,2,5,0.8827570506600473
3,2,5,NaN
5,0,5,NaN
4,1,5,NaN
5,0,5,NaN
5,0,5,NaN
5,0,5,0.8006696868167401
3,2,5,0.05548012082754079
3,2,5,0.8450772854630715
5,0,5,NaN
4,1,5,NaN
4,1,5,NaN
2,3,5,NaN
3,2,5,NaN
5,0,5,NaN
4,1,5,NaN
4,1,5,NaN
1,4,5,0.10032275229784271
4,1,5,NaN
5,0,5,0.4011103777394731
2,3,5,0.01384068834559692
4,1,5,0.1146530478409477
5,0,5,0.18348414923983342
3,2,5,0.5865196674031864
3,2,5,NaN
3,2,5,NaN
3,2,5,0.08613383958954869
5,0,5,NaN
3,2,5,0.6717661875924231
4,1,5,0.18348414923983342
1,4,5,0.7092033041123709
4,1,5,NaN
3,2,5,0.21185071034975703
4,1,5,NaN
2,3,5,NaN
2,3,5,NaN
4,1,5,0.3557510427918548
3,2,5,NaN
3,2,5,NaN
4,1,5,NaN
4,1,5,0.3619139111310755
4,1,5,0.005507057024814199
5,0,5,NaN
4,1,5,0.032853775051729074
4,1,5,NaN
3,2,5,NaN
4,1,5,NaN
4,1,5,0.07361819104140599
2,3,5,0.9493033010224405
5,0,5,NaN
4,1,5,NaN
4,1,5,0.9137791798943785
2,3,5,0.8827570506600473
5,0,5,0.8303658393536664
3,2,5,0.13342950361721975
3,2,5,0.31538291069709495
2,3,5,NaN
2,3,5,NaN
4,1,5,0.3182125969270607
1,4,5,0.9335053885363508
2,3,5,0.49543559874771725
5,0,5,NaN
2,3,5,NaN
2,3,5,0.7008889145275486
3,2,5,NaN
4,1,5,0.5417209770628222
3,2,5,0.001034723757538776
4,1,5,0.8006586145440605
4,1,5,0.9272124484159221
4,1,5,0.7423423413009405
5,0,5,0.24290906152647984
3,2,5,0.11034610818080706
1,4,5,NaN
4,1,5,NaN
4,1,5,NaN
3,2,5,NaN
4,1,5,0.9137791798943785
4,1,5,0.8450772854630715
3,2,5,5.452746349198278e-5
4,1,5,0.8652322931034484
3,2,5,NaN
4,1,5,NaN
2,3,5,0.10032275229784271
3,2,5,NaN
4,1,5,0.8416968816058027
5,0,5,0.023178553387368964
3,2,5,0.2783692877527476
4,1,5,0.4011103777394731
3,2,5,NaN
3,2,5,NaN
5,0,5,NaN
4,1,5,NaN
4,1,5,0.7423423413009405
1,4,5,0.019796251803769704
4,1,5,0.7726517314264018
4,1,5,NaN
4,1,5,NaN
5,0,5,0.9137791798943785
4,1,5,0.17239957638594303
2,3,5,0.04783194361601571
5,0,5,NaN
4,1,5,0.04531425270758149
3,2,5,NaN
2,3,5,0.6717661875924231
5,0,5,0.11735031057960332
4,1,5,NaN
3,2,5,NaN
3,2,5,0.4475557477195245
2,3,5,0.006162005486132496
2,3,5,NaN
1,4,5,NaN
2,3,5,0.053556438906752275
3,2,5,NaN
4,1,5,0.619427914833329
2,3,5,0.8652322931034484
2,3,5,NaN
2,3,5,NaN
5,0,5,NaN
5,0,5,0.8652322931034484
5,0,5,0.6417181726202376
3,2,5,0.02787455723542097
5,0,5,NaN
3,2,5,0.4475557477195245
3,2,5,NaN
1,4,5,0.4475557477195245
3,2,5,0.3557510427918548
5,0,5,0.7092033041123709
3,2,5,NaN
4,1,5,0.24290906152647984
5,0,5,NaN
4,1,5,NaN
1,4,5,NaN
4,1,5,0.3557510427918548
5,0,5,NaN
3,2,5,0.0037676114872972023
3,2,5,NaN
3,2,5,0.21185071034975703
3,2,5,0.9001259164326818
4,1,5,0.8827570506600473
1,4,5,0.6717661875924231
4,1,5,0.8450772854630715
4,1,5,NaN
4,1,5,0.08612589160650815
5,0,5,0.5417209770628222
2,3,5,NaN
5,0,5,NaN
5,0,5,0.7774985655253397
5,0,5,0.016013308691301804
3,2,5,NaN
2,3,5,NaN
3,2,5,NaN
1,4,5,0.9394569650180941
4,1,5,0.7726517314264018
1,4,5,0.7726517314264018
1,4,5,NaN
1,4,5,NaN
3,2,5,NaN
5,0,5,NaN
4,1,5,0.5417209770628222
2,3,5,NaN
5,0,5,0.3557510427918548
3,2,5,0.24290906152647984
1,4,5,0.019796251803769704
5,0,5,NaN
4,1,5,NaN
5,0,5,3.4700108512507733e-6
3,2,5,NaN
3,2,5,NaN
4,1,5,NaN
5,0,5,0.3557510427918548
4,1,5,NaN
2,3,5,0.023437746643316073
4,1,5,NaN
3,2,5,NaN
1,4,5,NaN
2,3,5,NaN
5,0,5,NaN
5,0,5,0.0028788935843253277
2,3,5,0.6018962792846809
5,0,5,NaN
4,1,5,0.631220773570296
3,2,5,0.07361819104140599
4,1,5,0.08785892331733004
3,2,5,0.29847576848684493
2,3,5,NaN
3,2,5,0.006213043085494918
1,4,5,NaN
3,2,5,0.5865196674031864
5,0,5,NaN
1,4,5,0.9001259164326818
4,1,5,NaN
4,1,5,0.4475557477195245
4,1,5,NaN
3,2,5,NaN
5,0,5,NaN
4,1,5,NaN
2,3,5,0.5417209770628222
5,0,5,0.9493033010224405
2,3,5,0.7092033041123709
1,4,5,0.21793114523149193
4,1,5,NaN
2,3,5,0.032853775051729074
4,1,5,NaN
2,3,5,0.7726517314264018
3,2,5,NaN
4,1,5,0.8006696868167401
5,0,5,0.6607862440231476
3,2,5,NaN
5,0,5,NaN
2,3,5,0.6717661875924231
2,3,5,NaN
1,4,5,NaN
3,2,5,NaN
4,1,5,NaN
4,1,5,NaN
5,0,5,NaN
3,2,5,0.8652322931034484
5,0,5,NaN
4,1,5,NaN
3,2,5,NaN
3,2,5,NaN
5,0,5,0.47746777727762757
4,1,5,NaN
1,4,5,0.8478686394264072
5,0,5,0.06301655851591602
5,0,5,NaN
1,4,5,0.8526058373300494
2,3,5,NaN
4,1,5,NaN
5,0,5,NaN
5,0,5,NaN
3,2,5,NaN
4,1,5,0.0016887152317888118
3,2,5,NaN
2,3,5,NaN
4,1,5,NaN
4,1,5,0.8450772854630715
3,2,5,NaN
2,3,5,NaN
5,0,5,NaN
2,3,5,NaN
4,1,5,0.5802917560236949
3,2,5,NaN
4,1,5,NaN
4,1,5,0.4011103777394731
3,2,5,0.631220773570296
4,1,5,NaN
3,2,5,NaN
2,3,5,0.24290906152647984
4,1,5,0.2783692877527476
2,3,5,0.8006696868167401
2,3,5,NaN
2,3,5,0.2783692877527476
3,2,5,0.13695747655435897
3,2,5,NaN
4,1,5,NaN
3,2,5,0.7726517314264018
4,1,5,NaN
2,3,5,0.08612589160650815
5,0,5,NaN
4,1,5,0.9001259164326818
4,1,5,NaN
5,0,5,NaN
5,0,5,0.7092033041123709
4,1,5,NaN
5,0,5,0.4475557477195245
2,3,5,NaN
2,3,5,NaN
4,1,5,NaN
4,1,5,NaN
4,1,5,0.7726517314264018
5,0,5,0.07361819104140599
3,2,5,0.49543559874771725
4,1,5,0.9789190809366978
4,1,5,NaN
4,1,5,NaN
2,3,5,0.04531425270758149
4,1,5,0.3557510427918548
5,0,5,0.006112736078182941
5,0,5,0.7389177142080843
5,0,5,0.21369630969567505
3,2,5,0.9493033010224405
5,0,5,NaN
4,1,5,NaN
4,1,5,NaN
3,2,5,0.03831329598506057
3,2,5,0.9001259164326818
2,3,5,NaN
4,1,5,0.032853775051729074
3,2,5,NaN
4,1,5,0.6078036258336132
4,1,5,NaN
5,0,5,0.5417209770628222
5,0,5,0.07361819104140599
2,3,5,0.3557510427918548
2,3,5,NaN
4,1,5,0.006732744579932586
4,1,5,0.8827570506600473
3,2,5,0.997665829571106
5,0,5,0.15938727449707998
3,2,5,0.2957483074438195
2,3,5,NaN
4,1,5,NaN
3,2,5,NaN
1,4,5,0.032853775051729074
3,2,5,0.7726517314264018
3,2,5,0.02787455723542097
5,0,5,NaN
4,1,5,NaN
3,2,5,0.7092033041123709
3,2,5,NaN
5,0,5,NaN
3,2,5,0.027013213859403376
2,3,5,0.546152762799012
1,4,5,NaN
5,0,5,NaN
4,1,5,NaN
5,0,5,0.3557510427918548
3,2,5,NaN
5,0,5,0.11735031057960332
4,1,5,0.7423423413009405
5,0,5,0.8063978144013296
3,2,5,NaN
5,0,5,NaN
5,0,5,NaN
4,1,5,0.005557554240938445
3,2,5,NaN
5,0,5,NaN
4,1,5,0.4011103777394731
2,3,5,0.07361819104140599
4,1,5,NaN
2,3,5,NaN
3,2,5,0.2631335155706034
2,3,5,NaN
2,3,5,0.7738393337297048
2,3,5,0.3557510427918548
5,0,5,0.10032275229784271
4,1,5,0.631220773570296
2,3,5,NaN
5,0,5,NaN
5,0,5,0.18348414923983342
5,0,5,NaN
4,1,5,NaN
4,1,5,NaN
4,1,5,NaN
3,2,5,0.9396124013901456
5,0,5,0.8450772854630715
3,2,5,0.631220773570296
2,3,5,NaN
5,0,5,NaN
4,1,5,NaN
4,1,5,0.18348414923983342
5,0,5,0.9733084005106692
5,0,5,NaN
3,2,5,NaN
1,4,5,NaN
1,4,5,NaN
5,0,5,NaN
5,0,5,0.7915804538670338
4,1,5,0.21185071034975703
3,2,5,NaN
2,3,5,NaN
2,3,5,0.9493033010224405
5,0,5,0.42835272946817526
4,1,5,NaN
2,3,5,0.9733084005106692
4,1,5,NaN
3,2,5,NaN
5,0,5,NaN
5,0,5,NaN
4,1,5,NaN
2,3,5,NaN
5,0,5,0.5417209770628222
2,3,5,NaN
3,2,5,NaN
5,0,5,NaN
1,4,5,NaN
5,0,5,0.003667812051649711
3,2,5,NaN
4,1,5,0.631220773570296
3,2,5,0.31139667015434735
3,2,5,NaN
5,0,5,NaN
3,2,5,3.1094808358806884e-5
4,1,5,0.3557510427918548
4,1,5,0.4475557477195245
3,2,5,0.4261717207072528
5,0,5,0.8237080657963236
4,1,5,NaN
5,0,5,0.2783692877527476
3,2,5,0.631220773570296
5,0,5,NaN
2,3,5,0.2668400346081453
3,2,5,NaN
4,1,5,0.9001259164326818
3,2,5,NaN
3,2,5,NaN
4,1,5,NaN
3,2,5,0.631220773570296
5,0,5,NaN
3,2,5,NaN
3,2,5,NaN
3,2,5,0.9272124484159221
5,0,5,NaN
3,2,5,0.05330848409862223
5,0,5,NaN
4,1,5,0.7092033041123709
2,3,5,0.07361819104140599
3,2,5,NaN
4,1,5,NaN
4,1,5,0.15938727449707998
3,2,5,NaN
2,3,5,NaN
3,2,5,0.9137791798943785
4,1,5,NaN
4,1,5,NaN
1,4,5,0.8493614973272341
5,0,5,NaN
4,1,5,0.02787455723542097
4,1,5,0.24290906152647984
3,2,5,0.2942871780591215
2,3,5,NaN
3,2,5,NaN
3,2,5,0.6718829133842396
5,0,5,0.13695747655435897
3,2,5,NaN
2,3,5,0.11881885597296148
4,1,5,NaN
1,4,5,NaN
4,1,5,NaN
4,1,5,NaN
4,1,5,NaN
3,2,5,0.7726517314264018
4,1,5,NaN
4,1,5,NaN
5,0,5,NaN
2,3,5,NaN
5,0,5,NaN
3,2,5,0.4011103777394731
5,0,5,NaN
2,3,5,NaN
3,2,5,NaN
4,1,5,0.631220773570296
1,4,5,0.3984538055165723
4,1,5,NaN
3,2,5,0.5417209770628222
4,1,5,0.7092033041123709
2,3,5,0.023437746643316073
5,0,5,NaN
2,3,5,NaN
4,1,5,0.8006696868167401
1,4,5,NaN
4,1,5,NaN
4,1,5,0.8450772854630715
2,3,5,NaN
2,3,5,NaN
4,1,5,NaN
4,1,5,0.15938727449707998
3,2,5,0.9493033010224405
2,3,5,NaN
4,1,5,0.7423423413009405
4,1,5,0.0068712122324491405
5,0,5,NaN
5,0,5,0.24278096737270338
5,0,5,0.8079928207706086
4,1,5,0.631220773570296
3,2,5,0.8450772854630715
2,3,5,0.4475557477195245
4,1,5,NaN
3,2,5,NaN
5,0,5,0.8827570506600473
3,2,5,0.7726517314264018
5,0,5,0.6717661875924231
4,1,5,NaN
4,1,5,0.2783692877527476
2,3,5,NaN
3,2,5,0.24290906152647984
1,4,5,0.7433590367901758
5,0,5,0.5407509450331557
5,0,5,0.31538291069709495
5,0,5,0.5417209770628222
5,0,5,NaN
2,3,5,0.02787455723542097
5,0,5,NaN
2,3,5,0.8827570506600473
2,3,5,NaN
4,1,5,0.09061241887260031
5,0,5,NaN
3,2,5,NaN
1,4,5,0.10032275229784271
5,0,5,0.018340086994098365
4,1,5,0.135292848277118
5,0,5,NaN
5,0,5,NaN
2,3,5,0.8496565946209081
4,1,5,0.9272124484159221
5,0,5,0.9789190809366978
5,0,5,NaN
4,1,5,NaN
2,3,5,NaN
3,2,5,0.9789190809366978
5,0,5,NaN
4,1,5,0.08338194628638097
5,0,5,0.8679189613997627
4,1,5,0.5417209770628222
4,1,5,NaN
4,1,5,0.49543559874771725
4,1,5,NaN
4,1,5,0.5865196674031864
4,1,5,0.4011103777394731
4,1,5,0.5587721585107637
1,4,5,0.5417209770628222
5,0,5,0.18348414923983342
4,1,5,NaN
4,1,5,NaN
3,2,5,0.043540481001731385
4,1,5,NaN
3,2,5,NaN
3,2,5,0.3557510427918548
3,2,5,0.7244442832767338
5,0,5,NaN
4,1,5,0.7092033041123709
4,1,5,0.7726517314264018
2,3,5,0.9394569650180941
4,1,5,NaN
4,1,5,NaN
4,1,5,NaN
5,0,5,0.5356673432373547
3,2,5,0.5865196674031864
3,2,5,NaN
1,4,5,0.1349305611435547
2,3,5,NaN
4,1,5,NaN
3,2,5,NaN
4,1,5,0.2187885149467455
1,4,5,0.6717661875924231
4,1,5,NaN
2,3,5,NaN
2,3,5,0.8237080657963236
5,0,5,NaN
5,0,5,NaN
4,1,5,0.0630282359819421
4,1,5,NaN
3,2,5,NaN
3,2,5,NaN
2,3,5,NaN
5,0,5,0.9663500458367166
4,1,5,0.00728385594099343
5,0,5,NaN
3,2,5,NaN
5,0,5,NaN
2,3,5,NaN
1,4,5,NaN
4,1,5,0.8237080657963236
3,2,5,0.3557510427918548
2,3,5,0.24290906152647984
3,2,5,0.2783692877527476
5,0,5,NaN
2,3,5,NaN
1,4,5,0.31538291069709495
3,2,5,NaN
4,1,5,NaN
3,2,5,NaN
4,1,5,0.21185071034975703
2,3,5,NaN
5,0,5,0.24290906152647984
5,0,5,0.3296496747755379
2,3,5,0.7423423413009405
3,2,5,NaN
2,3,5,0.0016887152317888118
4,1,5,0.31538291069709495
2,3,5,NaN
4,1,5,NaN
3,2,5,NaN
5,0,5,0.3557510427918548
4,1,5,NaN
3,2,5,NaN
3,2,5,NaN
2,3,5,0.9272124484159221
3,2,5,NaN
5,0,5,0.09585577161339616
2,3,5,0.11841119427115916
2,3,5,0.5865196674031864
2,3,5,NaN
4,1,5,NaN
2,3,5,0.631220773570296
3,2,5,0.8237080657963236
4,1,5,NaN
2,3,5,0.48416940683333404
1,4,5,NaN
3,2,5,0.5142466969961698
4,1,5,0.08676612541977712
5,0,5,NaN
4,1,5,0.4011103777394731
2,3,5,0.631220773570296
1,4,5,0.12616282631084808
2,3,5,0.30623635626219897
2,3,5,0.0015506799637766114
4,1,5,NaN
4,1,5,NaN
2,3,5,NaN
2,3,5,NaN
4,1,5,0.7423423413009405
4,1,5,0.4011103777394731
2,3,5,NaN
5,0,5,0.4475557477195245
2,3,5,NaN
5,0,5,NaN
4,1,5,0.11735031057960332
4,1,5,NaN
4,1,5,0.6717661875924231
2,3,5,0.8827570506600473
4,1,5,NaN
4,1,5,NaN
4,1,5,0.5417209770628222
2,3,5,0.4475557477195245
3,2,5,NaN
3,2,5,NaN
3,2,5,NaN
1,4,5,NaN
3,2,5,NaN
4,1,5,NaN
5,0,5,0.8079928207706086
2,3,5,0.5417209770628222
2,3,5,0.9137791798943785
3,2,5,NaN
2,3,5,0.631220773570296
2,3,5,0.3557510427918548
5,0,5,NaN
4,1,5,NaN
4,1,5,0.631220773570296
4,1,5,0.49543559874771725
4,1,5,0.31538291069709495
2,3,5,NaN
4,1,5,NaN
3,2,5,0.3557510427918548
3,2,5,0.5865196674031864
3,2,5,0.053556438906752275
5,0,5,0.49543559874771725
5,0,5,NaN
4,1,5,0.0003580688336320544
4,1,5,NaN
3,2,5,0.49543559874771725
1,4,5,NaN
3,2,5,0.36942850481654377
4,1,5,NaN
4,1,5,NaN
5,0,5,0.08612589160650815
5,0,5,NaN
4,1,5,NaN
2,3,5,NaN
3,2,5,NaN
2,3,5,0.6977762103463471
2,3,5,0.9945636959883947
5,0,5,NaN
2,3,5,0.2783692877527476
5,0,5,NaN
4,1,5,5.608675822779695e-5
5,0,5,NaN
1,4,5,0.7726517314264018
5,0,5,0.5417209770628222
3,2,5,0.7092033041123709
4,1,5,0.6018962792846809
2,3,5,0.8237080657963236
5,0,5,0.8672028944838255
2,3,5,NaN
4,1,5,NaN
3,2,5,0.18348414923983342
4,1,5,0.9916966421839661
4,1,5,0.1842136186312726
3,2,5,0.00011531179143060244
2,3,5,0.4011103777394731
3,2,5,NaN
1,4,5,0.8958762517401009
3,2,5,0.4011103777394731
3,2,5,0.9137791798943785
4,1,5,0.18348414923983342
1,4,5,0.5550353681684953
1,4,5,NaN
4,1,5,NaN
4,1,5,NaN
4,1,5,0.38458693441080893
5,0,5,NaN
2,3,5,0.18348414923983342
4,1,5,NaN
4,1,5,NaN
3,2,5,NaN
3,2,5,0.4011103777394731
3,2,5,NaN
3,2,5,0.004243052065979369
4,1,5,NaN
2,3,5,0.31538291069709495
5,0,5,NaN
4,1,5,NaN
4,1,5,NaN
4,1,5,NaN
4,1,5,NaN
3,2,5,NaN
5,0,5,NaN
4,1,5,NaN
5,0,5,NaN
4,1,5,0.10032275229784271
3,2,5,NaN
1,4,5,0.019796251803769704
5,0,5,0.032853775051729074
4,1,5,0.9663500458367166
4,1,5,NaN
4,1,5,NaN
3,2,5,0.18348414923983342
1,4,5,0.18348414923983342
5,0,5,0.18348414923983342
4,1,5,0.6717661875924231
3,2,5,0.08275556143600536
4,1,5,NaN
4,1,5,0.9137791798943785
1,4,5,0.8652322931034484
1,4,5,NaN
2,3,5,NaN
4,1,5,NaN
4,1,5,0.18348414923983342
5,0,5,NaN
3,2,5,NaN
2,3,5,NaN
5,0,5,NaN
4,1,5,NaN
4,1,5,NaN
3,2,5,NaN
2,3,5,NaN
3,2,5,0.08612589160650815
2,3,5,0.8450772854630715
2,3,5,NaN
3,2,5,NaN
2,3,5,0.055575412766780075
3,2,5,0.07361819104140599
3,2,5,0.9394569650180941
3,2,5,NaN
2,3,5,NaN
2,3,5,NaN
3,2,5,0.631220773570296
4,1,5,0.21185071034975703
5,0,5,0.4475557477195245
2,3,5,NaN
2,3,5,0.8450772854630715
3,2,5,NaN
5,0,5,NaN
3,2,5,0.631220773570296
3,2,5,0.07361819104140599
3,2,5,NaN
5,0,5,0.011335119107957231
3,2,5,0.5407509450331557
5,0,5,NaN
4,1,5,NaN
2,3,5,NaN
4,1,5,NaN
3,2,5,0.7092033041123709
2,3,5,0.015000716839285189
3,2,5,0.03831329598506057
3,2,5,0.814209713202945
5,0,5,0.24290906152647984
2,3,5,NaN
2,3,5,0.5019753028195296
4,1,5,0.49543559874771725
2,3,5,0.9493033010224405
4,1,5,NaN
5,0,5,NaN
5,0,5,0.8460768069613775
3,2,5,0.0003230500765620089
3,2,5,NaN
3,2,5,0.7423423413009405
4,1,5,NaN
3,2,5,NaN
3,2,5,NaN
3,2,5,NaN
5,0,5,0.07361819104140599
3,2,5,0.12954985634636554
4,1,5,0.49543559874771725
3,2,5,0.08612589160650815
4,1,5,NaN
3,2,5,NaN
4,1,5,NaN
3,2,5,0.053556438906752275
5,0,5,0.5417209770628222
3,2,5,0.03831329598506057
5,0,5,NaN
3,2,5,NaN
5,0,5,NaN
5,0,5,NaN
2,3,5,NaN
3,2,5,0.011335119107957231
4,1,5,NaN
5,0,5,NaN
3,2,5,NaN
5,0,5,0.9263616469895146
5,0,5,NaN
4,1,5,NaN
2,3,5,NaN
5,0,5,0.2992435100953518
5,0,5,0.7726517314264018
4,1,5,NaN
4,1,5,6.496841458248091e-6
4,1,5,0.02787455723542097
4,1,5,0.8652322931034484
4,1,5,0.48945833991568644
4,1,5,0.6717661875924231
4,1,5,0.8006696868167401
4,1,5,NaN
5,0,5,0.9954866514738858
3,2,5,0.8652322931034484
3,2,5,NaN
3,2,5,0.03490451021596331
5,0,5,0.7092033041123709
5,0,5,NaN
4,1,5,NaN
5,0,5,NaN
3,2,5,NaN
2,3,5,NaN
3,2,5,NaN
1,4,5,NaN
2,3,5,NaN
4,1,5,NaN
4,1,5,NaN
4,1,5,0.0630282359819421
4,1,5,0.13695747655435897
5,0,5,NaN
3,2,5,0.8802899068977281
4,1,5,NaN
5,0,5,NaN
4,1,5,NaN
4,1,5,0.4603220352564807
4,1,5,NaN
5,0,5,0.953490741220433
1,4,5,NaN
4,1,5,0.8652322931034484
3,2,5,NaN
3,2,5,0.631220773570296
2,3,5,NaN
4,1,5,0.053556438906752275
5,0,5,0.0025709660283289135
4,1,5,0.7092033041123709
3,2,5,NaN
5,0,5,NaN
5,0,5,0.8450772854630715
5,0,5,0.7092033041123709
1,4,5,0.49833300989942586
3,2,5,NaN
2,3,5,0.4011103777394731
1,4,5,NaN
5,0,5,0.0630282359819421
4,1,5,0.3557510427918548
2,3,5,NaN
2,3,5,NaN
2,3,5,NaN
2,3,5,0.7726517314264018
3,2,5,0.4011103777394731
3,2,5,0.8827570506600473
1,4,5,NaN
2,3,5,0.8652322931034484
3,2,5,0.04737237806624203
5,0,5,0.6717661875924231
3,2,5,NaN
5,0,5,0.5847567171990724
5,0,5,0.8827570506600473
4,1,5,0.4011103777394731
3,2,5,NaN
1,4,5,NaN
5,0,5,NaN
4,1,5,NaN
3,2,5,NaN
5,0,5,0.019858005654448223
5,0,5,0.5417209770628222
3,2,5,NaN
3,2,5,0.49543559874771725
3,2,5,0.023437746643316073
4,1,5,0.8631749652158011
3,2,5,NaN
3,2,5,NaN
2,3,5,NaN
4,1,5,NaN
4,1,5,NaN
3,2,5,0.4074851881886294
3,2,5,0.8006696868167401
4,1,5,NaN
3,2,5,NaN
4,1,5,NaN
3,2,5,NaN
5,0,5,0.7546622803700819
4,1,5,0.4475557477195245
3,2,5,0.9733084005106692
1,4,5,0.47746777727762757
2,3,5,NaN
4,1,5,0.053556438906752275
4,1,5,0.4011103777394731
3,2,5,0.9885707782763422
1,4,5,0.023437746643316073
3,2,5,0.49543559874771725
4,1,5,NaN
1,4,5,NaN
2,3,5,0.15938727449707998
5,0,5,NaN
1,4,5,NaN
3,2,5,0.3557510427918548
3,2,5,NaN
2,3,5,0.18348414923983342
1,4,5,0.4475557477195245
3,2,5,0.2783692877527476
1,4,5,NaN
5,0,5,NaN
4,1,5,0.6796560791431746
3,2,5,0.8572354758801874
4,1,5,NaN
2,3,5,NaN
4,1,5,NaN
3,2,5,0.9823369252596391
3,2,5,0.0007345599781720184
1,4,5,NaN
3,2,5,NaN
4,1,5,NaN
2,3,5,0.9794360073024904
5,0,5,0.3557510427918548
4,1,5,0.5180838030620013
5,0,5,0.3557510427918548
1,4,5,0.15968498618355548
2,3,5,NaN
3,2,5,NaN
2,3,5,0.7092033041123709
4,1,5,NaN
4,1,5,0.16812884358675917
4,1,5,0.13695747655435897
4,1,5,0.08274391268691712
3,2,5,NaN
5,0,5,0.5417209770628222
4,1,5,NaN
3,2,5,NaN
3,2,5,0.9821190130468688
5,0,5,0.31538291069709495
4,1,5,0.7092033041123709
2,3,5,0.7726517314264018
2,3,5,0.49543559874771725
1,4,5,NaN
3,2,5,NaN
1,4,5,0.8827570506600473
5,0,5,0.9663500458367166
3,2,5,0.8006696868167401
3,2,5,0.04531425270758149
2,3,5,NaN
5,0,5,0.9394569650180941
5,0,5,NaN
4,1,5,0.15938727449707998
2,3,5,0.535813446454538
3,2,5,0.49543559874771725
3,2,5,0.7813288437269534
4,1,5,0.5417209770628222
4,1,5,NaN
3,2,5,NaN
3,2,5,0.5417209770628222
4,1,5,0.2783692877527476
2,3,5,0.04531425270758149
4,1,5,NaN
5,0,5,NaN
4,1,5,0.7092033041123709
5,0,5,0.5417209770628222
1,4,5,NaN
5,0,5,NaN
3,2,5,NaN
2,3,5,0.49543559874771725
3,2,5,NaN
4,1,5,0.18348414923983342
3,2,5,0.8006696868167401
4,1,5,NaN
2,3,5,0.6018962792846809
4,1,5,0.7433590367901758
3,2,5,NaN
2,3,5,0.7092033041123709
4,1,5,0.053556438906752275
3,2,5,0.5558633362750535
4,1,5,0.1671736913241706
4,1,5,NaN
4,1,5,0.8827570506600473
5,0,5,NaN
2,3,5,0.4475557477195245
5,0,5,0.9590286414731528
2,3,5,NaN
3,2,5,NaN
2,3,5,0.06242403218077636
5,0,5,NaN
1,4,5,0.41764435198038824
4,1,5,0.18432442061078383
2,3,5,0.15938727449707998
2,3,5,0.24290906152647984
2,3,5,0.02787455723542097
3,2,5,NaN
2,3,5,NaN
5,0,5,0.020494194373422217
5,0,5,NaN
4,1,5,NaN
4,1,5,NaN
3,2,5,0.0026406485848879885
4,1,5,NaN
5,0,5,NaN
5,0,5,NaN
5,0,5,NaN
4,1,5,0.9394569650180941
4,1,5,0.18493726411462888
4,1,5,NaN
1,4,5,NaN
4,1,5,NaN
3,2,5,NaN
1,4,5,NaN
3,2,5,NaN
3,2,5,NaN
4,1,5,0.631220773570296
2,3,5,NaN
1,4,5,0.7092033041123709
4,1,5,0.07361819104140599
1,4,5,0.8450772854630715
3,2,5,0.3557510427918548
5,0,5,0.5802917560236949
4,1,5,0.2783692877527476
3,2,5,NaN
5,0,5,NaN
2,3,5,NaN
1,4,5,NaN
5,0,5,NaN
5,0,5,NaN
3,2,5,0.41784545216083274
4,1,5,0.4475557477195245
5,0,5,NaN
5,0,5,NaN
5,0,5,0.8827570506600473
5,0,5,0.10032275229784271
2,3,5,0.6717661875924231
2,3,5,0.5802917560236949
2,3,5,0.8786318778836533
4,1,5,NaN
1,4,5,0.33206252338918735
4,1,5,NaN
3,2,5,0.032853775051729074
3,2,5,NaN
2,3,5,NaN
5,0,5,NaN
3,2,5,0.10087359347892634
5,0,5,0.5356673432373547
5,0,5,0.5477267710409502
4,1,5,0.13833345776724826
3,2,5,0.7092033041123709
5,0,5,0.18348414923983342
1,4,5,0.631220773570296
5,0,5,0.03831329598506057
3,2,5,0.11034610818080706
3,2,5,0.19707611935753971
3,2,5,NaN
4,1,5,NaN
2,3,5,0.3557510427918548
4,1,5,0.8541931599983016
3,2,5,0.4011103777394731
4,1,5,0.0028788935843253277
3,2,5,0.31538291069709495
2,3,5,NaN
2,3,5,NaN
5,0,5,NaN
2,3,5,NaN
3,2,5,NaN
5,0,5,NaN
3,2,5,NaN
2,3,5,NaN
5,0,5,NaN
5,0,5,0.49543559874771725
3,2,5,NaN
3,2,5,0.226515820499766
2,3,5,0.8381544608128859
5,0,5,NaN
1,4,5,NaN
2,3,5,NaN
2,3,5,NaN
4,1,5,NaN
4,1,5,0.2954562226479242
4,1,5,NaN
2,3,5,NaN
5,0,5,0.7092033041123709
2,3,5,NaN
3,2,5,0.017038965860836718
3,2,5,NaN
5,0,5,NaN
3,2,5,0.0015506799637766114
2,3,5,NaN
3,2,5,0.5865196674031864
2,3,5,NaN
5,0,5,0.37686517868714536
5,0,5,0.18348414923983342
3,2,5,0.13695747655435897
3,2,5,NaN
1,4,5,0.34856951380596785
5,0,5,0.7423423413009405
2,3,5,NaN
3,2,5,0.8526058373300494
5,0,5,NaN
4,1,5,NaN
1,4,5,0.13695747655435897
2,3,5,NaN
3,2,5,0.10032275229784271
3,2,5,0.5417209770628222
5,0,5,NaN
3,2,5,NaN
4,1,5,0.12609489334674728
3,2,5,0.18348414923983342
4,1,5,NaN
4,1,5,0.023437746643316073
2,3,5,NaN
3,2,5,0.49543559874771725
3,2,5,0.8958762517401009
3,2,5,0.7092033041123709
1,4,5,0.04531425270758149
5,0,5,0.4155618969404342
3,2,5,0.5865196674031864
5,0,5,0.31538291069709495
2,3,5,0.01384068834559692
4,1,5,NaN
2,3,5,NaN
2,3,5,0.9663500458367166
1,4,5,0.04656252878030042
3,2,5,NaN
4,1,5,0.8652322931034484
3,2,5,0.24290906152647984
3,2,5,0.9885707782763422
2,3,5,0.6717661875924231
3,2,5,0.7195910676048861
3,2,5,0.02787455723542097
3,2,5,NaN
2,3,5,0.5865196674031864
5,0,5,NaN
3,2,5,0.24290906152647984
5,0,5,0.21185071034975703
4,1,5,0.49543559874771725
5,0,5,0.15938727449707998
4,1,5,0.2783692877527476
3,2,5,NaN
4,1,5,NaN
4,1,5,0.631220773570296
1,4,5,NaN
4,1,5,NaN
4,1,5,NaN
5,0,5,NaN
5,0,5,NaN
2,3,5,NaN
4,1,5,0.053556438906752275
2,3,5,0.109259530699668
4,1,5,NaN
4,1,5,NaN
4,1,5,0.07333561262853701
4,1,5,NaN
4,1,5,NaN
1,4,5,NaN
5,0,5,0.07361819104140599
3,2,5,0.5865196674031864
5,0,5,NaN
2,3,5,0.2783692877527476
5,0,5,0.15507671095816405
3,2,5,NaN
4,1,5,0.7726517314264018
4,1,5,0.5865196674031864
2,3,5,0.9137791798943785
3,2,5,NaN
3,2,5,0.18348414923983342
3,2,5,0.29875765720844893
2,3,5,NaN
4,1,5,0.02787455723542097
4,1,5,0.546152762799012
3,2,5,0.4475557477195245
5,0,5,0.20644155301237468
5,0,5,NaN
3,2,5,NaN
1,4,5,NaN
3,2,5,0.21185071034975703
3,2,5,NaN
5,0,5,NaN
5,0,5,NaN
2,3,5,0.9740531148938489
3,2,5,NaN
3,2,5,0.6043203463964694
2,3,5,NaN
2,3,5,NaN
2,3,5,NaN
3,2,5,NaN
5,0,5,0.32135031818130005
4,1,5,NaN
5,0,5,NaN
4,1,5,NaN
3,2,5,NaN
3,2,5,NaN
3,2,5,NaN
2,3,5,NaN
2,3,5,0.8006696868167401
2,3,5,0.0939123558983152
3,2,5,NaN
1,4,5,NaN
3,2,5,0.07361819104140599
3,2,5,0.18481445368493432
2,3,5,NaN
3,2,5,0.7092033041123709
4,1,5,0.9493033010224405
5,0,5,0.02469205186513779
3,2,5,0.5865196674031864
2,3,5,NaN
1,4,5,0.49543559874771725
3,2,5,0.8237080657963236
4,1,5,0.08612589160650815
2,3,5,0.21185071034975703
3,2,5,NaN
2,3,5,NaN
2,3,5,NaN
5,0,5,NaN
4,1,5,0.08612589160650815
3,2,5,0.03542250385965071
3,2,5,NaN
1,4,5,0.4011103777394731
1,4,5,NaN
2,3,5,0.5865196674031864
2,3,5,0.03831329598506057
4,1,5,0.6717661875924231
4,1,5,NaN
3,2,5,0.0012907846203403432
3,2,5,0.032853775051729074
4,1,5,0.2783692877527476
3,2,5,0.07361819104140599
3,2,5,3.416242144331582e-5
2,3,5,0.31538291069709495
2,3,5,0.8827570506600473
1,4,5,NaN
1,4,5,NaN
3,2,5,NaN
1,4,5,NaN
4,1,5,NaN
2,3,5,0.0007248464413789937
3,2,5,NaN
1,4,5,0.6717661875924231
1,4,5,NaN
1,4,5,0.2783692877527476
3,2,5,NaN
4,1,5,NaN
5,0,5,NaN
2,3,5,NaN
3,2,5,0.18348414923983342
1,4,5,NaN
4,1,5,0.7423423413009405
3,2,5,NaN
1,4,5,0.9394569650180941
4,1,5,NaN
1,4,5,NaN
4,1,5,0.13695747655435897
4,1,5,NaN
4,1,5,0.8652322931034484
4,1,5,NaN
5,0,5,NaN
4,1,5,0.7423423413009405
3,2,5,0.631220773570296
4,1,5,NaN
3,2,5,NaN
3,2,5,0.7092033041123709
2,3,5,0.9272124484159221
4,1,5,0.5417209770628222
3,2,5,0.8006696868167401
1,4,5,NaN
1,4,5,0.3557510427918548
2,3,5,0.8450772854630715
4,1,5,0.13695747655435897
3,2,5,0.616915585718086
2,3,5,NaN
5,0,5,NaN
1,4,5,NaN
4,1,5,0.9663500458367166
4,1,5,0.9921840102669246
3,2,5,NaN
3,2,5,NaN
3,2,5,0.4011103777394731
5,0,5,0.04225142236583336
4,1,5,0.18348414923983342
2,3,5,0.5865196674031864
1,4,5,0.7349050101248953
5,0,5,NaN
5,0,5,0.09901566991057525
4,1,5,0.08612589160650815
5,0,5,0.5417209770628222
4,1,5,NaN
3,2,5,NaN
3,2,5,0.5417209770628222
4,1,5,0.49543559874771725
1,4,5,0.31538291069709495
3,2,5,NaN
5,0,5,NaN
4,1,5,0.6163604147416746
2,3,5,0.8237080657963236
2,3,5,NaN
2,3,5,NaN
5,0,5,NaN
5,0,5,NaN
5,0,5,0.21185071034975703
2,3,5,0.10032275229784271
2,3,5,NaN
4,1,5,NaN
1,4,5,NaN
3,2,5,NaN
4,1,5,0.5865196674031864
3,2,5,0.5314013653421129
5,0,5,0.04434755788929772
5,0,5,NaN
3,2,5,NaN
4,1,5,NaN
1,4,5,NaN
2,3,5,0.8652322931034484
2,3,5,0.02787455723542097
4,1,5,0.9943152957847301
5,0,5,NaN
3,2,5,0.7092033041123709
4,1,5,0.00109181297879201
3,2,5,0.06856086755054508
3,2,5,NaN
2,3,5,0.48945833991568644
3,2,5,NaN
3,2,5,0.6006912051840948
4,1,5,0.7092033041123709
5,0,5,NaN
2,3,5,0.0025709660283289135
4,1,5,0.2514770427288528
3,2,5,0.3557510427918548
2,3,5,NaN
2,3,5,NaN
2,3,5,0.7726517314264018
5,0,5,0.02787455723542097
5,0,5,NaN
3,2,5,NaN
3,2,5,0.7234577439877888
3,2,5,0.9943152957847301
4,1,5,0.08612589160650815
5,0,5,NaN
5,0,5,NaN
2,3,5,0.027439155425084495
3,2,5,NaN
3,2,5,0.21185071034975703
3,2,5,NaN
3,2,5,NaN
4,1,5,0.2783692877527476
3,2,5,0.15938727449707998
4,1,5,0.053556438906752275
1,4,5,NaN
3,2,5,0.3892404650973566
4,1,5,NaN
4,1,5,NaN
3,2,5,NaN
3,2,5,NaN
3,2,5,0.0006064594894567663
3,2,5,0.09839534673596408
5,0,5,0.15938727449707998
1,4,5,0.004179568439993116
3,2,5,NaN
2,3,5,0.18490220011215586
4,1,5,NaN
1,4,5,NaN
3,2,5,0.11735031057960332
3,2,5,0.06529835467430033
2,3,5,NaN
3,2,5,0.0026767640152423997
5,0,5,NaN
4,1,5,NaN
2,3,5,0.91089910393393
1,4,5,NaN
2,3,5,NaN
3,2,5,NaN
5,0,5,0.3103194978340013
3,2,5,NaN
3,2,5,NaN
1,4,5,NaN
2,3,5,NaN
5,0,5,NaN
1,4,5,NaN
5,0,5,NaN
4,1,5,NaN
3,2,5,0.4759859066755086
4,1,5,NaN
3,2,5,NaN
2,3,5,NaN
3,2,5,NaN
1,4,5,NaN
4,1,5,NaN
2,3,5,0.18348414923983342
3,2,5,NaN
5,0,5,NaN
4,1,5,0.7726517314264018
2,3,5,0.25786960179498114
4,1,5,0.6717661875924231
5,0,5,0.9663500458367166
4,1,5,0.24290906152647984
4,1,5,0.631220773570296
5,0,5,0.6877696185067498
2,3,5,0.631220773570296
5,0,5,NaN
2,3,5,0.0032344506104328807
2,3,5,NaN
4,1,5,NaN
2,3,5,0.24290906152647984
3,2,5,NaN
3,2,5,NaN
4,1,5,NaN
2,3,5,NaN
2,3,5,NaN
3,2,5,NaN
1,4,5,0.15938727449707998
5,0,5,NaN
3,2,5,NaN
3,2,5,NaN
4,1,5,0.21185071034975703
3,2,5,0.03831329598506057
3,2,5,NaN
5,0,5,NaN
1,4,5,0.49543559874771725
1,4,5,NaN
1,4,5,NaN
2,3,5,NaN
4,1,5,NaN
4,1,5,NaN
4,1,5,NaN
4,1,5,NaN
4,1,5,NaN
4,1,5,0.545442080694089
2,3,5,NaN
4,1,5,0.02787455723542097
2,3,5,NaN
2,3,5,0.8006696868167401
3,2,5,0.18348414923983342
3,2,5,0.6229847125927296
5,0,5,NaN
2,3,5,0.9001259164326818
4,1,5,NaN
3,2,5,NaN
3,2,5,NaN
1,4,5,0.19101133127478886
5,0,5,0.0008949479627873683
5,0,5,0.10032275229784271
1,4,5,0.8076511550142321
1,4,5,NaN
3,2,5,0.5865196674031864
3,2,5,0.341222646016535
2,3,5,NaN
3,2,5,0.3921225773990182
1,4,5,0.8416968816058027
2,3,5,0.8237080657963236
3,2,5,0.6717661875924231
2,3,5,0.49543559874771725
2,3,5,0.10032275229784271
2,3,5,0.07361819104140599
5,0,5,NaN
2,3,5,NaN
4,1,5,0.03831329598506057
4,1,5,NaN
3,2,5,0.9272124484159221
3,2,5,0.9663500458367166
1,4,5,0.9808208076030536
2,3,5,NaN
5,0,5,NaN
2,3,5,0.08612589160650815
2,3,5,NaN
2,3,5,NaN
4,1,5,0.08604706871663184
4,1,5,NaN
3,2,5,0.7726517314264018
2,3,5,NaN
1,4,5,NaN
3,2,5,0.31538291069709495
3,2,5,0.0630282359819421
2,3,5,0.5417209770628222
4,1,5,0.18348414923983342
3,2,5,NaN
5,0,5,0.15938727449707998
3,2,5,0.5417209770628222
1,4,5,0.8237080657963236
4,1,5,NaN
4,1,5,0.11600516340256257
3,2,5,NaN
3,2,5,NaN
1,4,5,NaN
4,1,5,NaN
5,0,5,NaN
4,1,5,0.8237080657963236
2,3,5,NaN
3,2,5,NaN
4,1,5,0.9663500458367166
3,2,5,0.24290906152647984
2,3,5,0.05604650967573297
1,4,5,NaN
5,0,5,NaN
2,3,5,0.2665842100236835
2,3,5,0.15938727449707998
1,4,5,0.5865196674031864
4,1,5,0.5417209770628222
2,3,5,NaN
3,2,5,0.8954942781772826
4,1,5,0.005945408142110275
4,1,5,NaN
2,3,5,NaN
3,2,5,NaN
5,0,5,0.0032344506104328807
3,2,5,0.8450772854630715
5,0,5,NaN
2,3,5,NaN
3,2,5,NaN
5,0,5,NaN
3,2,5,0.4011103777394731
3,2,5,0.15938727449707998
2,3,5,0.21185071034975703
3,2,5,0.00014487981359143169
2,3,5,NaN
3,2,5,0.9602397512398567
2,3,5,0.18348414923983342
2,3,5,NaN
3,2,5,0.8237080657963236
4,1,5,0.9102919314762687
4,1,5,NaN
1,4,5,0.7234577439877888
4,1,5,0.631220773570296
3,2,5,0.9137791798943785
3,2,5,0.0011479411764696121
5,0,5,0.26265863600575173
1,4,5,NaN
4,1,5,NaN
1,4,5,0.02904584968045993
4,1,5,0.4475557477195245
3,2,5,0.9272124484159221
3,2,5,NaN
2,3,5,NaN
3,2,5,0.8006696868167401
4,1,5,0.0006002989595009338
5,0,5,0.640435221301257
4,1,5,NaN
5,0,5,NaN
3,2,5,NaN
3,2,5,0.6802064442690983
5,0,5,NaN
4,1,5,NaN
4,1,5,0.8652322931034484
3,2,5,0.053556438906752275
3,2,5,0.2783692877527476
4,1,5,0.2783692877527476
4,1,5,NaN
3,2,5,NaN
2,3,5,0.872171128521786
4,1,5,NaN
2,3,5,0.18348414923983342
4,1,5,0.3557510427918548
3,2,5,0.8237080657963236
2,3,5,NaN
4,1,5,NaN
4,1,5,NaN
3,2,5,NaN
4,1,5,NaN
4,1,5,0.053556438906752275
4,1,5,0.0630282359819421
1,4,5,NaN
4,1,5,0.9394569650180941
3,2,5,NaN
5,0,5,0.08612589160650815
5,0,5,0.34967941053494805
3,2,5,0.0015506799637766114
4,1,5,0.8006696868167401
1,4,5,0.24290906152647984
4,1,5,0.8450772854630715
2,3,5,0.8006696868167401
3,2,5,0.6717661875924231
2,3,5,0.0027591500259265466
4,1,5,NaN
1,4,5,0.8827570506600473
4,1,5,0.11735031057960332
3,2,5,NaN
5,0,5,NaN
4,1,5,NaN
4,1,5,NaN
5,0,5,0.13695747655435897
3,2,5,0.8237080657963236
4,1,5,0.2783692877527476
4,1,5,0.03831329598506057
1,4,5,NaN
4,1,5,0.15938727449707998
3,2,5,NaN
3,2,5,NaN
5,0,5,NaN
5,0,5,NaN
1,4,5,NaN
2,3,5,0.3557510427918548
2,3,5,NaN
4,1,5,NaN
4,1,5,NaN
2,3,5,NaN
3,2,5,0.1864815118408123
3,2,5,NaN
3,2,5,NaN
5,0,5,NaN
2,3,5,NaN
2,3,5,NaN
1,4,5,NaN
4,1,5,0.041021970097332584
3,2,5,0.38951883007049515
4,1,5,NaN
4,1,5,NaN
5,0,5,NaN
1,4,5,0.7125497954121649
4,1,5,NaN
4,1,5,NaN
5,0,5,0.31538291069709495
4,1,5,0.05293956010254783
4,1,5,0.5417209770628222
4,1,5,0.8416968816058027
3,2,5,NaN
4,1,5,NaN
3,2,5,NaN
5,0,5,NaN
1,4,5,0.6717661875924231
2,3,5,4.407795862455183e-7
3,2,5,NaN
2,3,5,0.5785086726140618
2,3,5,0.5865196674031864
1,4,5,NaN
2,3,5,NaN
2,3,5,NaN
2,3,5,0.09655681997723248
3,2,5,0.2783692877527476
3,2,5,NaN
1,4,5,NaN
3,2,5,0.00010862272302817363
5,0,5,NaN
3,2,5,0.49543559874771725
2,3,5,NaN
4,1,5,0.49543559874771725
1,4,5,0.44637487227825223
5,0,5,0.7092033041123709
3,2,5,NaN
2,3,5,0.07361819104140599
3,2,5,0.21185071034975703
4,1,5,NaN
2,3,5,NaN
5,0,5,NaN
2,3,5,0.8652322931034484
3,2,5,0.3557510427918548
2,3,5,0.8450772854630715
3,2,5,0.014736039941682703
2,3,5,0.0019397943444730912
3,2,5,0.7092033041123709
3,2,5,0.8076511550142321
3,2,5,0.18348414923983342
3,2,5,0.9001259164326818
1,4,5,NaN
3,2,5,NaN
4,1,5,0.9001259164326818
3,2,5,NaN
3,2,5,0.5417209770628222
3,2,5,NaN
1,4,5,NaN
1,4,5,0.9885707782763422
4,1,5,NaN
4,1,5,0.0006006431644125602
4,1,5,0.9916966421839661
5,0,5,NaN
5,0,5,0.49543559874771725
2,3,5,0.053556438906752275
2,3,5,NaN
3,2,5,NaN
1,4,5,0.08612589160650815
3,2,5,0.18348414923983342
4,1,5,0.7281201999183323
2,3,5,0.10032275229784271
1,4,5,0.4011103777394731
4,1,5,NaN
3,2,5,0.9044726571175202
1,4,5,NaN
1,4,5,NaN
2,3,5,0.8237080657963236
3,2,5,0.0005346301600513523
5,0,5,0.9663500458367166
1,4,5,NaN
5,0,5,NaN
1,4,5,0.7092033041123709
5,0,5,0.8848200344940353
3,2,5,0.24290906152647984
5,0,5,NaN
3,2,5,0.07361819104140599
5,0,5,0.3557510427918548
1,4,5,NaN
5,0,5,0.10032275229784271
2,3,5,0.9493033010224405
5,0,5,NaN
1,4,5,NaN
5,0,5,NaN
4,1,5,0.631220773570296
3,2,5,NaN
2,3,5,NaN
2,3,5,NaN
5,0,5,NaN
4,1,5,NaN
3,2,5,0.6748606866912952
2,3,5,NaN
4,1,5,NaN
1,4,5,0.24290906152647984
3,2,5,NaN
1,4,5,NaN
4,1,5,0.8006696868167401
2,3,5,NaN
2,3,5,NaN
4,1,5,0.9001259164326818
1,4,5,NaN
3,2,5,NaN
5,0,5,NaN
2,3,5,NaN
3,2,5,0.7092033041123709
5,0,5,0.9272124484159221
3,2,5,0.08612589160650815
2,3,5,0.9493033010224405
1,4,5,NaN
4,1,5,0.631220773570296
3,2,5,0.7530539494091576
3,2,5,NaN
4,1,5,0.6341923028368341
5,0,5,NaN
1,4,5,0.7869407257884593
1,4,5,0.7423423413009405
3,2,5,0.49543559874771725
4,1,5,0.49543559874771725
3,2,5,NaN
1,4,5,0.6208747285706957
4,1,5,0.11735031057960332
5,0,5,NaN
2,3,5,NaN
5,0,5,0.7726517314264018
1,4,5,NaN
3,2,5,0.814209713202945
4,1,5,NaN
3,2,5,NaN
3,2,5,0.19232703830648665
3,2,5,NaN
3,2,5,0.03831329598506057
4,1,5,NaN
3,2,5,NaN
2,3,5,NaN
4,1,5,NaN
2,3,5,NaN
5,0,5,NaN
2,3,5,0.2942871780591215
2,3,5,0.7423423413009405
3,2,5,0.8450772854630715
3,2,5,NaN
3,2,5,NaN
2,3,5,0.8652322931034484
3,2,5,0.7128003214641632
5,0,5,0.9394569650180941
5,0,5,NaN
2,3,5,NaN
3,2,5,0.13695747655435897
4,1,5,NaN
3,2,5,0.7349830550680261
3,2,5,0.24290906152647984
1,4,5,NaN
2,3,5,0.7092033041123709
4,1,5,0.03831329598506057
2,3,5,0.15938727449707998
3,2,5,0.631220773570296
4,1,5,0.545442080694089
3,2,5,0.9996976455156882
1,4,5,0.00818405125560605
2,3,5,0.8006696868167401
5,0,5,NaN
4,1,5,NaN
4,1,5,0.15938727449707998
5,0,5,0.3368416998819596
3,2,5,NaN
4,1,5,0.5616857959749917
3,2,5,0.21185071034975703
3,2,5,NaN
3,2,5,0.5865196674031864
2,3,5,NaN
3,2,5,0.0630282359819421
2,3,5,0.9394569650180941
4,1,5,NaN
5,0,5,NaN
3,2,5,NaN
5,0,5,0.5865196674031864
4,1,5,0.7509355455215827
3,2,5,0.2187885149467455
3,2,5,NaN
4,1,5,NaN
5,0,5,0.49938832516806103
1,4,5,NaN
2,3,5,0.6717661875924231
2,3,5,0.11735031057960332
5,0,5,NaN
3,2,5,0.5417209770628222
1,4,5,0.8827570506600473
4,1,5,0.43575578153071787
2,3,5,0.7233129731764174
5,0,5,0.5176412516865999
3,2,5,NaN
1,4,5,NaN
2,3,5,NaN
3,2,5,NaN
3,2,5,0.7092033041123709
4,1,5,0.5865196674031864
2,3,5,0.7726517314264018
3,2,5,0.8450772854630715
1,4,5,NaN
4,1,5,NaN
4,1,5,0.45313379393611214
2,3,5,0.3557510427918548
2,3,5,NaN
3,2,5,0.019796251803769704
2,3,5,0.545442080694089
1,4,5,NaN
2,3,5,NaN
5,0,5,NaN
1,4,5,NaN
2,3,5,NaN
4,1,5,0.9001259164326818
5,0,5,0.0630282359819421
4,1,5,0.819408669557501
5,0,5,NaN
5,0,5,0.12197549343583132
4,1,5,NaN
4,1,5,NaN
3,2,5,0.18791406665869986
4,1,5,0.24290906152647984
3,2,5,0.8827570506600473
3,2,5,NaN
2,3,5,NaN
3,2,5,NaN
4,1,5,NaN
3,2,5,NaN
1,4,5,NaN
3,2,5,NaN
4,1,5,NaN
3,2,5,0.012990945009564159
1,4,5,0.21185071034975703
4,1,5,NaN
4,1,5,NaN
3,2,5,NaN
1,4,5,NaN
2,3,5,NaN
4,1,5,NaN
2,3,5,NaN
3,2,5,0.003816831244020385
4,1,5,0.4475557477195245
2,3,5,0.9663500458367166
5,0,5,NaN
3,2,5,NaN
3,2,5,0.8450772854630715
5,0,5,0.08123379932291548
1,4,5,NaN
5,0,5,0.11735031057960332
5,0,5,0.9018304091147563
1,4,5,NaN
1,4,5,NaN
3,2,5,NaN
5,0,5,0.4011103777394731
3,2,5,0.25786960179498114
2,3,5,0.4011103777394731
3,2,5,0.21185071034975703
5,0,5,NaN
1,4,5,NaN
4,1,5,NaN
3,2,5,NaN
2,3,5,0.7092033041123709
1,4,5,NaN
2,3,5,NaN
3,2,5,NaN
2,3,5,0.631220773570296
3,2,5,0.9001259164326818
3,2,5,0.3892404650973566
2,3,5,0.5865196674031864
4,1,5,0.15986494893651448
3,2,5,NaN
4,1,5,NaN
3,2,5,NaN
3,2,5,0.3557510427918548
1,4,5,NaN
2,3,5,NaN
3,2,5,NaN
2,3,5,0.059773742234490494
4,1,5,NaN
4,1,5,NaN
1,4,5,0.9789190809366978
4,1,5,NaN
1,4,5,0.8012183129642948
2,3,5,0.7128003214641632
2,3,5,0.8827570506600473
3,2,5,NaN
5,0,5,0.3557510427918548
1,4,5,NaN
5,0,5,0.6717661875924231
3,2,5,0.03542250385965071
2,3,5,0.8450772854630715
5,0,5,0.3557510427918548
4,1,5,0.003667812051649711
5,0,5,NaN
2,3,5,0.13695747655435897
1,4,5,0.8827570506600473
2,3,5,0.49543559874771725
2,3,5,NaN
4,1,5,0.011335119107957231
2,3,5,NaN
4,1,5,NaN
3,2,5,NaN
2,3,5,NaN
5,0,5,NaN
4,1,5,NaN
3,2,5,0.9493033010224405
5,0,5,NaN
4,1,5,NaN
2,3,5,0.5895910474519179
4,1,5,0.10032275229784271
4,1,5,NaN
2,3,5,0.8006696868167401
3,2,5,0.9799263189777148
5,0,5,0.6764373541299282
4,1,5,NaN
3,2,5,NaN
4,1,5,NaN
2,3,5,NaN
3,2,5,NaN
3,2,5,0.10032275229784271
4,1,5,NaN
4,1,5,0.7092033041123709
1,4,5,0.3557510427918548
3,2,5,0.013310195909093726
1,4,5,0.3557510427918548
3,2,5,NaN
3,2,5,NaN
5,0,5,NaN
1,4,5,NaN
4,1,5,0.04531425270758149
1,4,5,0.24290906152647984
4,1,5,NaN
3,2,5,0.08612589160650815
5,0,5,NaN
1,4,5,0.00109181297879201
2,3,5,NaN
4,1,5,NaN
4,1,5,0.6717661875924231
3,2,5,NaN
3,2,5,NaN
1,4,5,0.31538291069709495
2,3,5,NaN
2,3,5,NaN
4,1,5,0.07995085556295152
3,2,5,NaN
3,2,5,NaN
2,3,5,0.8450772854630715
5,0,5,0.5417209770628222
2,3,5,NaN
2,3,5,0.32135031818130005
3,2,5,NaN
3,2,5,NaN
3,2,5,0.021857059248629337
3,2,5,0.007349342594627595
2,3,5,0.19707611935753971
2,3,5,0.31538291069709495
2,3,5,0.8572354758801874
3,2,5,0.4011103777394731
3,2,5,0.09010025628400098
1,4,5,NaN
4,1,5,0.7092033041123709
1,4,5,NaN
1,4,5,NaN
2,3,5,NaN
2,3,5,0.01089317767215147
4,1,5,0.8652322931034484
2,3,5,0.6505330281640209
2,3,5,NaN
2,3,5,NaN
1,4,5,0.5417209770628222
2,3,5,NaN
2,3,5,0.3557510427918548
3,2,5,0.006162005486132496
1,4,5,NaN
5,0,5,0.1632518843618868
4,1,5,0.9590286414731528
1,4,5,NaN
5,0,5,NaN
3,2,5,NaN
1,4,5,NaN
2,3,5,NaN
4,1,5,0.49543559874771725
1,4,5,NaN
5,0,5,0.10032275229784271
2,3,5,0.11993398552803704
1,4,5,NaN
3,2,5,0.7423423413009405
4,1,5,0.7524575572271958
4,1,5,NaN
2,3,5,0.4011103777394731
2,3,5,0.18348414923983342
4,1,5,0.3557510427918548
3,2,5,0.3557510427918548
3,2,5,0.10032275229784271
4,1,5,NaN
4,1,5,NaN
2,3,5,0.997665829571106
3,2,5,0.0630282359819421
2,3,5,0.8699759096196111
4,1,5,NaN
4,1,5,0.8237080657963236
3,2,5,NaN
3,2,5,NaN
1,4,5,0.5417209770628222
3,2,5,NaN
4,1,5,0.08612589160650815
2,3,5,NaN
3,2,5,NaN
2,3,5,0.10032275229784271
3,2,5,0.8009088443748394
2,3,5,0.8006696868167401
3,2,5,NaN
3,2,5,NaN
1,4,5,0.24443865594187517
2,3,5,NaN
2,3,5,NaN
1,4,5,0.7423423413009405
3,2,5,NaN
4,1,5,NaN
4,1,5,NaN
1,4,5,NaN
3,2,5,NaN
4,1,5,0.9885707782763422
1,4,5,NaN
4,1,5,NaN
3,2,5,0.00031377852049525477
5,0,5,NaN
4,1,5,0.31538291069709495
2,3,5,NaN
5,0,5,0.9590286414731528
3,2,5,0.11735031057960332
4,1,5,0.631220773570296
3,2,5,0.8450772854630715
2,3,5,0.7726517314264018
5,0,5,0.8006696868167401
4,1,5,NaN
2,3,5,0.4011103777394731
5,0,5,0.019796251803769704
2,3,5,NaN
4,1,5,0.11735031057960332
4,1,5,0.008850199909458314
2,3,5,NaN
2,3,5,NaN
1,4,5,0.053556438906752275
5,0,5,NaN
5,0,5,0.8006696868167401
2,3,5,0.5865196674031864
4,1,5,0.5434852093696828
1,4,5,NaN
2,3,5,NaN
4,1,5,NaN
3,2,5,0.12525892494896865
3,2,5,0.3557510427918548
4,1,5,0.4475557477195245
1,4,5,0.21369630969567505
1,4,5,0.6717661875924231
2,3,5,0.2783692877527476
3,2,5,0.5085888036623277
5,0,5,NaN
3,2,5,NaN
3,2,5,0.4011103777394731
2,3,5,0.49543559874771725
3,2,5,NaN
1,4,5,NaN
1,4,5,0.32406922087727086
2,3,5,NaN
3,2,5,0.08612589160650815
4,1,5,0.8450772854630715
3,2,5,0.5865196674031864
4,1,5,0.07361819104140599
1,4,5,0.8237080657963236
2,3,5,NaN
3,2,5,0.9137791798943785
3,2,5,0.8827570506600473
2,3,5,0.21185071034975703
2,3,5,0.2668400346081453
3,2,5,NaN
1,4,5,0.0630282359819421
3,2,5,0.11735031057960332
4,1,5,NaN
2,3,5,NaN
2,3,5,0.5417209770628222
2,3,5,NaN
4,1,5,NaN
2,3,5,NaN
1,4,5,NaN
2,3,5,NaN
3,2,5,0.004011986356794875
4,1,5,NaN
2,3,5,0.6717661875924231
1,4,5,0.04531425270758149
3,2,5,0.07152749563939118
3,2,5,0.3557510427918548
4,1,5,0.7092033041123709
5,0,5,NaN
2,3,5,NaN
2,3,5,NaN
5,0,5,0.631220773570296
4,1,5,0.016656938369781698
5,0,5,0.3557510427918548
1,4,5,0.8827570506600473
3,2,5,NaN
4,1,5,NaN
3,2,5,NaN
3,2,5,0.6717661875924231
2,3,5,NaN
2,3,5,0.662803924606588
2,3,5,0.7128003214641632
3,2,5,NaN
4,1,5,NaN
1,4,5,NaN
4,1,5,0.004982968665078096
2,3,5,NaN
2,3,5,0.49543559874771725
4,1,5,NaN
4,1,5,NaN
1,4,5,0.01631725830624874
1,4,5,0.6742556534224741
4,1,5,NaN
2,3,5,0.8237080657963236
4,1,5,NaN
1,4,5,NaN
2,3,5,NaN
4,1,5,0.9916966421839661
2,3,5,NaN
4,1,5,0.4687423566214028
1,4,5,NaN
2,3,5,NaN
2,3,5,NaN
5,0,5,NaN
2,3,5,NaN
2,3,5,NaN
3,2,5,0.04531425270758149
3,2,5,0.9555445515476163
3,2,5,0.8567150145957111
5,0,5,0.5417209770628222
1,4,5,NaN
3,2,5,0.8237080657963236
2,3,5,NaN
1,4,5,NaN
4,1,5,0.4011103777394731
1,4,5,NaN
4,1,5,NaN
4,1,5,NaN
3,2,5,0.6717661875924231
1,4,5,0.07039637430394473
5,0,5,NaN
2,3,5,NaN
4,1,5,0.8237080657963236
4,1,5,NaN
4,1,5,0.33886474814729256
3,2,5,0.032232598081426644
4,1,5,0.32743477528250936
3,2,5,0.10032275229784271
4,1,5,NaN
2,3,5,NaN
2,3,5,0.22175098618262123
3,2,5,NaN
3,2,5,NaN
4,1,5,0.9272124484159221
4,1,5,0.48416940683333404
3,2,5,0.9399889673842494
3,2,5,0.6717661875924231
3,2,5,0.1782184971215875
1,4,5,NaN
3,2,5,NaN
3,2,5,NaN
3,2,5,0.8450772854630715
1,4,5,0.3324741337663371
2,3,5,NaN
2,3,5,0.10032275229784271
2,3,5,0.7716423171976328
1,4,5,NaN
3,2,5,0.009325005405405363
5,0,5,NaN
5,0,5,0.18348414923983342
5,0,5,NaN
1,4,5,NaN
4,1,5,NaN
1,4,5,0.4475557477195245
1,4,5,NaN
2,3,5,NaN
4,1,5,0.27627282965199973
3,2,5,0.8006696868167401
3,2,5,NaN
3,2,5,NaN
3,2,5,0.6717661875924231
4,1,5,NaN
3,2,5,0.6877696185067498
1,4,5,NaN
5,0,5,NaN
3,2,5,0.5865196674031864
2,3,5,NaN
2,3,5,0.37907018067302667
1,4,5,0.9137791798943785
3,2,5,0.06648188388711995
2,3,5,0.4475557477195245
4,1,5,NaN
5,0,5,NaN
3,2,5,0.4011103777394731
2,3,5,NaN
3,2,5,NaN
3,2,5,NaN
4,1,5,NaN
5,0,5,NaN
2,3,5,NaN
3,2,5,NaN
2,3,5,NaN
3,2,5,0.8237080657963236
1,4,5,NaN
5,0,5,NaN
4,1,5,0.07361819104140599
1,4,5,0.631220773570296
4,1,5,0.7178184494674927
2,3,5,0.9001259164326818
3,2,5,0.010061188291997368
4,1,5,0.5417209770628222
3,2,5,0.8012183129642948
4,1,5,NaN
4,1,5,0.5865196674031864
3,2,5,NaN
3,2,5,0.0630282359819421
2,3,5,0.8450772854630715
2,3,5,0.31538291069709495
2,3,5,NaN
4,1,5,0.8237080657963236
2,3,5,0.927676176038402
4,1,5,NaN
5,0,5,0.8006696868167401
2,3,5,NaN
4,1,5,NaN
3,2,5,NaN
3,2,5,NaN
3,2,5,0.7092033041123709
1,4,5,NaN
3,2,5,0.32135031818130005
3,2,5,0.8954942781772826
4,1,5,0.9493033010224405
4,1,5,0.7423423413009405
4,1,5,NaN
1,4,5,0.5417209770628222
1,4,5,NaN
5,0,5,0.8450772854630715
4,1,5,NaN
5,0,5,0.7423423413009405
1,4,5,0.4011103777394731
2,3,5,0.7092033041123709
1,4,5,0.8652322931034484
1,4,5,NaN
3,2,5,0.9737926869509509
2,3,5,0.631220773570296
2,3,5,0.8006696868167401
4,1,5,0.10528657409123422
2,3,5,NaN
4,1,5,NaN
3,2,5,0.4475557477195245
3,2,5,0.10700588814006887
2,3,5,NaN
2,3,5,NaN
1,4,5,NaN
1,4,5,NaN
4,1,5,NaN
1,4,5,0.5865196674031864
1,4,5,NaN
4,1,5,0.006162005486132496
1,4,5,NaN
1,4,5,1.9816496879297725e-5
5,0,5,0.2783692877527476
3,2,5,NaN
5,0,5,NaN
1,4,5,NaN
3,2,5,NaN
1,4,5,NaN
5,0,5,NaN
3,2,5,NaN
3,2,5,NaN
5,0,5,NaN
2,3,5,NaN
2,3,5,NaN
4,1,5,NaN
3,2,5,NaN
3,2,5,NaN
4,1,5,NaN
3,2,5,0.21185071034975703
1,4,5,0.8237080657963236
5,0,5,NaN
2,3,5,NaN
3,2,5,0.8450772854630715
4,1,5,NaN
1,4,5,0.014423893804124045
2,3,5,NaN
4,1,5,NaN
1,4,5,0.7583850416568418
1,4,5,NaN
1,4,5,0.0072242433829794745
2,3,5,NaN
2,3,5,0.22887112394460885
3,2,5,0.9001259164326818
1,4,5,0.21808338981062514
1,4,5,0.8006696868167401
1,4,5,0.9733084005106692
3,2,5,NaN
2,3,5,0.5842431231522885
2,3,5,0.01384068834559692
1,4,5,NaN
2,3,5,NaN
3,2,5,NaN
5,0,5,NaN
1,4,5,0.7092033041123709
2,3,5,0.21185071034975703
5,0,5,0.2412147488524764
2,3,5,0.4475557477195245
1,4,5,NaN
4,1,5,0.31538291069709495
2,3,5,NaN
2,3,5,NaN
2,3,5,0.04531425270758149
4,1,5,NaN
1,4,5,NaN
4,1,5,NaN
2,3,5,NaN
3,2,5,0.9493033010224405
3,2,5,NaN
1,4,5,NaN
4,1,5,0.5865196674031864
3,2,5,0.8006696868167401
2,3,5,NaN
2,3,5,0.11735031057960332
4,1,5,NaN
1,4,5,0.5865196674031864
1,4,5,0.9137791798943785
3,2,5,NaN
3,2,5,0.0028788935843253277
3,2,5,NaN
3,2,5,0.19707611935753971
4,1,5,NaN
2,3,5,0.8237080657963236
4,1,5,NaN
4,1,5,0.24290906152647984
2,3,5,0.4011103777394731
4,1,5,NaN
3,2,5,NaN
2,3,5,NaN
1,4,5,0.6717661875924231
4,1,5,NaN
1,4,5,NaN
1,4,5,0.8827570506600473
3,2,5,0.21797046131519587
1,4,5,NaN
4,1,5,0.21185071034975703
4,1,5,0.019796251803769704
5,0,5,0.24290906152647984
1,4,5,NaN
3,2,5,0.2783692877527476
1,4,5,0.24390767573536562
1,4,5,NaN
1,4,5,0.17428266896213712
4,1,5,0.08612589160650815
1,4,5,NaN
4,1,5,0.8652322931034484
3,2,5,0.9263616469895146
3,2,5,0.18348414923983342
3,2,5,0.31538291069709495
4,1,5,NaN
2,3,5,0.0003187728386550322
1,4,5,0.6717661875924231
1,4,5,NaN
4,1,5,0.8006696868167401
5,0,5,0.5417209770628222
1,4,5,0.9590286414731528
3,2,5,0.8006586145440605
2,3,5,NaN
2,3,5,NaN
4,1,5,NaN
2,3,5,NaN
3,2,5,0.8237080657963236
1,4,5,NaN
2,3,5,NaN
4,1,5,0.631220773570296
4,1,5,NaN
3,2,5,0.07822068786597793
4,1,5,0.21185071034975703
4,1,5,NaN
3,2,5,0.7423423413009405
1,4,5,0.5865196674031864
4,1,5,0.24290906152647984
1,4,5,0.06574639544977842
3,2,5,0.5865196674031864
2,3,5,NaN
3,2,5,0.31538291069709495
3,2,5,NaN
2,3,5,0.027013213859403376
1,4,5,NaN
2,3,5,NaN
3,2,5,0.3892404650973566
3,2,5,NaN
1,4,5,0.24290906152647984
1,4,5,0.6208747285706957
5,0,5,0.9272124484159221
5,0,5,NaN
3,2,5,NaN
1,4,5,0.6717661875924231
5,0,5,0.11735031057960332
1,4,5,0.4076380833845786
3,2,5,NaN
1,4,5,NaN
2,3,5,NaN
4,1,5,0.5417209770628222
5,0,5,NaN
3,2,5,NaN
4,1,5,NaN
3,2,5,0.18348414923983342
2,3,5,NaN
2,3,5,0.631220773570296
3,2,5,0.631220773570296
3,2,5,0.10032275229784271
1,4,5,0.5538853774129815
1,4,5,NaN
3,2,5,NaN
1,4,5,NaN
4,1,5,0.49543559874771725
1,4,5,NaN
3,2,5,NaN
1,4,5,0.31538291069709495
2,3,5,0.7457471485794999
5,0,5,NaN
3,2,5,NaN
1,4,5,NaN
1,4,5,0.9590286414731528
2,3,5,0.8450772854630715
3,2,5,NaN
4,1,5,0.6717661875924231
2,3,5,NaN
3,2,5,0.10032275229784271
4,1,5,NaN
2,3,5,0.07361819104140599
3,2,5,NaN
4,1,5,NaN
3,2,5,NaN
2,3,5,0.029870776819237825
2,3,5,NaN
3,2,5,0.11056281178533926
1,4,5,0.0630282359819421
1,4,5,0.9394569650180941
2,3,5,NaN
2,3,5,0.2714976848618461
2,3,5,0.7864814165673056
3,2,5,0.007349342594627595
3,2,5,NaN
1,4,5,NaN
1,4,5,NaN
3,2,5,NaN
2,3,5,NaN
4,1,5,0.8006696868167401
2,3,5,0.15938727449707998
1,4,5,NaN
4,1,5,0.4011103777394731
4,1,5,0.07361819104140599
2,3,5,0.0015506799637766114
1,4,5,NaN
4,1,5,NaN
3,2,5,0.053556438906752275
5,0,5,0.053556438906752275
2,3,5,0.8450772854630715
2,3,5,NaN
3,2,5,0.49543559874771725
3,2,5,0.053556438906752275
2,3,5,0.469883223005602
1,4,5,NaN
1,4,5,0.8526058373300494
1,4,5,0.5865196674031864
2,3,5,NaN
5,0,5,NaN
1,4,5,0.8827570506600473
2,3,5,NaN
3,2,5,0.8827570506600473
1,4,5,NaN
3,2,5,NaN
2,3,5,NaN
2,3,5,0.11735031057960332
1,4,5,NaN
2,3,5,0.9272124484159221
4,1,5,NaN
3,2,5,0.3557510427918548
3,2,5,0.8958762517401009
1,4,5,0.01799063435361098
1,4,5,0.9001259164326818
2,3,5,NaN
3,2,5,0.631220773570296
2,3,5,NaN
2,3,5,0.0630282359819421
3,2,5,NaN
4,1,5,NaN
1,4,5,NaN
4,1,5,NaN
2,3,5,0.7092033041123709
2,3,5,0.5417209770628222
2,3,5,NaN
3,2,5,NaN
1,4,5,NaN
1,4,5,NaN
3,2,5,NaN
1,4,5,NaN
5,0,5,0.6717661875924231
4,1,5,NaN
4,1,5,NaN
2,3,5,0.4011103777394731
1,4,5,0.21185071034975703
2,3,5,0.9335470385049073
2,3,5,NaN
2,3,5,NaN
1,4,5,NaN
2,3,5,0.5865196674031864
3,2,5,NaN
3,2,5,NaN
4,1,5,0.9733084005106692
5,0,5,NaN
1,4,5,0.7092033041123709
1,4,5,0.5417209770628222
5,0,5,0.8237080657963236
3,2,5,NaN
3,2,5,NaN
2,3,5,NaN
2,3,5,NaN
1,4,5,NaN
1,4,5,0.15968498618355548
4,1,5,NaN
2,3,5,NaN
3,2,5,0.10851478067009789
3,2,5,0.49543559874771725
1,4,5,NaN
3,2,5,0.13684525122146476
1,4,5,0.053556438906752275
2,3,5,0.5865196674031864
1,4,5,0.7423423413009405
3,2,5,0.032853775051729074
2,3,5,NaN
1,4,5,NaN
1,4,5,NaN
1,4,5,NaN
3,2,5,NaN
2,3,5,0.10032275229784271
5,0,5,NaN
3,2,5,0.8652322931034484
1,4,5,0.9394569650180941
3,2,5,0.2634691430303058
2,3,5,0.49543559874771725
1,4,5,NaN
2,3,5,NaN
2,3,5,0.9394569650180941
2,3,5,0.10032275229784271
3,2,5,0.631220773570296
1,4,5,0.2783692877527476
1,4,5,NaN
2,3,5,NaN
2,3,5,NaN
2,3,5,0.8237080657963236
1,4,5,NaN
2,3,5,0.2891119914176707
2,3,5,0.5865196674031864
2,3,5,NaN
1,4,5,0.2942871780591215
1,4,5,NaN
3,2,5,0.04864505509778855
2,3,5,NaN
5,0,5,NaN
2,3,5,NaN
3,2,5,0.24290906152647984
3,2,5,0.9590286414731528
3,2,5,NaN
4,1,5,0.9272124484159221
1,4,5,NaN
2,3,5,NaN
3,2,5,0.02790304878334621
4,1,5,0.6718829133842396
4,1,5,0.6717661875924231
2,3,5,NaN
4,1,5,0.38951883007049515
4,1,5,0.7726517314264018
3,2,5,NaN
3,2,5,0.8237080657963236
1,4,5,0.33996259583933386
1,4,5,NaN
3,2,5,NaN
2,3,5,NaN
3,2,5,0.010116968549697727
2,3,5,NaN
1,4,5,NaN
1,4,5,NaN
4,1,5,NaN
1,4,5,NaN
2,3,5,0.49543559874771725
4,1,5,NaN
2,3,5,NaN
4,1,5,0.8237080657963236
1,4,5,0.27488039458840285
3,2,5,0.5417209770628222
2,3,5,0.15938727449707998
4,1,5,NaN
2,3,5,NaN
1,4,5,0.7423423413009405
1,4,5,0.9275223295106986
1,4,5,NaN
2,3,5,0.9272124484159221
2,3,5,0.12421410563740573
1,4,5,0.13695747655435897
5,0,5,0.7092033041123709
2,3,5,0.11735031057960332
2,3,5,0.0630282359819421
2,3,5,NaN
1,4,5,NaN
2,3,5,0.9394569650180941
2,3,5,NaN
1,4,5,0.6717661875924231
1,4,5,NaN
3,2,5,NaN
1,4,5,0.010760080639578628
2,3,5,NaN
2,3,5,NaN
1,4,5,0.3557510427918548
1,4,5,NaN
1,4,5,NaN
1,4,5,NaN
2,3,5,NaN
2,3,5,NaN
2,3,5,NaN
1,4,5,NaN
1,4,5,0.5847567171990724
2,3,5,NaN
2,3,5,0.746260987646364
2,3,5,NaN
1,4,5,NaN
1,4,5,NaN
3,2,5,0.1543705926232434
1,4,5,0.6127253479327994
1,4,5,0.3557510427918548
2,3,5,0.7092033041123709
1,4,5,NaN
2,3,5,0.08612589160650815
2,3,5,0.5417209770628222
3,2,5,0.49543559874771725
1,4,5,0.13695747655435897
3,2,5,0.7423423413009405
1,4,5,NaN
2,3,5,NaN
2,3,5,0.9137791798943785
1,4,5,0.7092033041123709
5,0,5,NaN
2,3,5,0.11735031057960332
1,4,5,0.4475557477195245
2,3,5,NaN
2,3,5,0.3557510427918548
4,1,5,0.8827570506600473
2,3,5,NaN
2,3,5,NaN
4,1,5,NaN
1,4,5,0.5701755813666264
2,3,5,0.13695747655435897
3,2,5,NaN
1,4,5,0.4155618969404342
1,4,5,NaN
5,0,5,0.7982643458904206
2,3,5,NaN
5,0,5,0.7726517314264018
1,4,5,NaN
2,3,5,0.49543559874771725
2,3,5,0.7726517314264018
3,2,5,NaN
3,2,5,0.7092033041123709
1,4,5,0.15938727449707998
1,4,5,NaN
2,3,5,0.5865196674031864
1,4,5,NaN
1,4,5,0.006162005486132496
3,2,5,NaN
1,4,5,NaN
1,4,5,NaN
1,4,5,NaN
1,4,5,NaN
4,1,5,NaN
2,3,5,0.631220773570296
2,3,5,NaN
3,2,5,0.9272124484159221
1,4,5,0.8006696868167401
1,4,5,NaN
4,1,5,0.2783692877527476
1,4,5,NaN
1,4,5,0.8863620543241023
2,3,5,0.03713378664128942
2,3,5,0.8237080657963236
1,4,5,NaN
2,3,5,NaN
2,3,5,NaN
2,3,5,NaN
3,2,5,0.7092033041123709
4,1,5,NaN
2,3,5,0.18070989167746893
2,3,5,0.14960266529576946
3,2,5,NaN
2,3,5,0.07361819104140599
2,3,5,0.8170120991175219
1,4,5,0.3368416998819596
1,4,5,NaN
1,4,5,NaN
1,4,5,NaN
1,4,5,NaN
1,4,5,0.03831329598506057
1,4,5,0.9885707782763422
1,4,5,0.009325005405405363
1,4,5,NaN
1,4,5,0.4475557477195245
4,1,5,NaN
1,4,5,NaN
1,4,5,NaN
1,4,5,NaN
3,2,5,0.9137791798943785
1,4,5,NaN
2,3,5,NaN
4,1,5,NaN
1,4,5,NaN
1,4,5,0.05499895876321878
1,4,5,NaN
2,3,5,0.7423423413009405
1,4,5,0.17239957638594303
2,3,5,NaN
1,4,5,0.9916966421839661
1,4,5,0.9841738135856081
3,2,5,0.24290906152647984
2,3,5,0.7935477201410412
1,4,5,NaN
2,3,5,NaN
3,2,5,0.00109181297879201
1,4,5,NaN
1,4,5,0.7092033041123709
1,4,5,NaN
2,3,5,NaN
2,3,5,0.21185071034975703
3,2,5,NaN
1,4,5,0.8052971416746826
2,3,5,NaN
2,3,5,NaN
1,4,5,NaN
3,2,5,0.6717661875924231
2,3,5,0.4011103777394731
4,1,5,NaN
2,3,5,0.32135031818130005
1,4,5,0.631220773570296
3,2,5,NaN
2,3,5,NaN
1,4,5,NaN
4,1,5,0.9663500458367166
1,4,5,NaN
1,4,5,0.9137791798943785
1,4,5,NaN
1,4,5,NaN
1,4,5,0.8652322931034484
3,2,5,NaN
2,3,5,0.08612589160650815
2,3,5,0.055019965025258535
4,1,5,0.9223173026337197
3,2,5,0.11577109985220846
1,4,5,0.9789190809366978
1,4,5,0.422420148283997
2,3,5,0.8450772854630715
4,1,5,0.6391470662697895
5,0,5,NaN
2,3,5,0.7921036530766452
1,4,5,NaN
1,4,5,0.24290906152647984
3,2,5,NaN
2,3,5,NaN
3,2,5,0.8237080657963236
2,3,5,NaN
1,4,5,0.7092033041123709
4,1,5,0.7092033041123709
1,4,5,0.24290906152647984
4,1,5,NaN
1,4,5,NaN
3,2,5,0.5417209770628222
2,3,5,0.7726517314264018
2,3,5,0.5865196674031864
2,3,5,0.08612589160650815
3,2,5,0.631220773570296
1,4,5,0.8652322931034484
2,3,5,NaN
2,3,5,0.08612589160650815
3,2,5,0.18348414923983342
1,4,5,0.6453711054401953
2,3,5,NaN
1,4,5,0.7423423413009405
1,4,5,NaN
2,3,5,0.4475557477195245
1,4,5,0.9001259164326818
1,4,5,0.8293908101783778
1,4,5,NaN
1,4,5,NaN
1,4,5,NaN
1,4,5,0.8450772854630715
1,4,5,NaN
1,4,5,NaN
3,2,5,0.04531425270758149
1,4,5,0.4155618969404342
1,4,5,NaN
2,3,5,0.4475557477195245
1,4,5,0.7726517314264018
1,4,5,0.7423423413009405
1,4,5,NaN
1,4,5,0.7726517314264018
1,4,5,NaN
4,1,5,NaN
1,4,5,NaN
3,2,5,NaN
1,4,5,NaN
1,4,5,0.7423423413009405
1,4,5,NaN
1,4,5,NaN
2,3,5,0.7092033041123709
1,4,5,NaN
1,4,5,0.49543559874771725
1,4,5,0.631220773570296
3,2,5,NaN
1,4,5,0.04065609728507511
2,3,5,0.987419282754938
2,3,5,NaN
1,4,5,0.8827570506600473
1,4,5,0.565973051072774
3,2,5,NaN
1,4,5,NaN
1,4,5,0.7869407257884593
1,4,5,0.004509454290979477
1,4,5,NaN
2,3,5,NaN
3,2,5,NaN
1,4,5,NaN
1,4,5,0.00025459882583054385
2,3,5,NaN
1,4,5,NaN
2,3,5,0.20653898995868814
1,4,5,NaN
1,4,5,0.18348414923983342
2,3,5,NaN
1,4,5,NaN
1,4,5,0.4011103777394731
1,4,5,0.023437746643316073
1,4,5,0.15938727449707998
1,4,5,0.5940785884460495
2,3,5,NaN
1,4,5,0.17638798005766676
1,4,5,0.973338835487004
1,4,5,0.7726517314264018
1,4,5,0.8827570506600473
1,4,5,NaN
1,4,5,0.15938727449707998
1,4,5,NaN
1,4,5,0.9001259164326818
1,4,5,0.8450772854630715
1,4,5,0.6717661875924231
1,4,5,0.8425652470875747
1,4,5,0.4011103777394731
3,2,5,NaN
2,3,5,NaN
1,4,5,NaN
1,4,5,NaN
2,3,5,NaN
1,4,5,NaN
2,3,5,0.5865196674031864
1,4,5,NaN
3,2,5,0.6717661875924231
1,4,5,NaN
1,4,5,0.545442080694089
1,4,5,0.734368795276069
1,4,5,NaN
1,4,5,NaN
1,4,5,0.5417209770628222
1,4,5,0.04180145601252062
2,3,5,0.0031412418260412097
1,4,5,0.7423423413009405
1,4,5,NaN
1,4,5,0.3557510427918548
1,4,5,NaN
1,4,5,0.9001259164326818
1,4,5,NaN
2,3,5,NaN
1,4,5,0.8652322931034484
1,4,5,0.2783692877527476
1,4,5,0.49543559874771725
1,4,5,NaN
1,4,5,0.13699179304262096
2,3,5,NaN
2,3,5,0.4011103777394731
1,4,5,0.032853775051729074
1,4,5,0.08612589160650815
1,4,5,NaN
1,4,5,NaN
1,4,5,NaN
3,2,5,NaN
1,4,5,NaN
1,4,5,0.10032275229784271
1,4,5,0.02698895529475353
1,4,5,0.49543559874771725
1,4,5,NaN
1,4,5,0.7726517314264018
1,4,5,0.7310807502691227
1,4,5,NaN
1,4,5,NaN
1,4,5,0.49543559874771725
2,3,5,0.4475557477195245
2,3,5,NaN
1,4,5,0.735914938752462
1,4,5,NaN
2,3,5,0.7423423413009405
1,4,5,NaN
1,4,5,0.4011103777394731
1,4,5,NaN
1,4,5,0.22259758368267848
1,4,5,NaN
1,4,5,0.6802064442690983
1,4,5,0.3901201530147684
1,4,5,0.35648023105927507
1,4,5,NaN
3,2,5,0.07361819104140599
4,1,5,NaN
1,4,5,0.719187093176264
2,3,5,0.5865196674031864
1,4,5,0.631220773570296
1,4,5,0.5417209770628222
1,4,5,NaN
2,3,5,0.31538291069709495
1,4,5,NaN
1,4,5,NaN
2,3,5,NaN
1,4,5,0.8378006331585499
1,4,5,0.8653855357790629
1,4,5,0.8237080657963236
1,4,5,NaN
1,4,5,NaN
1,4,5,0.053556438906752275
1,4,5,0.49543559874771725
1,4,5,0.016656938369781698
2,3,5,NaN
1,4,5,0.15938727449707998
1,4,5,NaN
2,3,5,NaN
1,4,5,0.31538291069709495
1,4,5,NaN
2,3,5,0.21185071034975703
1,4,5,0.03831329598506057
2,3,5,NaN
2,3,5,0.28546291073438385
2,3,5,0.7092033041123709
1,4,5,0.4011103777394731
1,4,5,0.3557510427918548
1,4,5,NaN
2,3,5,0.9108371303898248
2,3,5,0.427204461150603
1,4,5,0.20574978765239144
1,4,5,NaN
2,3,5,NaN
1,4,5,NaN
1,4,5,NaN
2,3,5,NaN
1,4,5,NaN
1,4,5,NaN
1,4,5,NaN
1,4,5,NaN
1,4,5,NaN
1,4,5,0.6717661875924231
1,4,5,NaN
1,4,5,NaN
1,4,5,NaN
1,4,5,NaN
1,4,5,0.13695747655435897
1,4,5,NaN
1,4,5,0.8450772854630715
1,4,5,NaN
1,4,5,NaN
1,4,5,0.31538291069709495
1,4,5,0.7726517314264018
1,4,5,0.8827570506600473
1,4,5,NaN
1,4,5,0.8006696868167401
1,4,5,NaN
1,4,5,NaN
1,4,5,0.6229847125927296
0,5,5,NaN
0,5,5,NaN
0,5,5,0.4413893742961131
0,5,5,NaN
0,5,5,0.7092033041123709
0,5,5,NaN
0,5,5,NaN
0,5,5,0.9094055775483683
0,5,5,NaN
0,5,5,NaN
0,5,5,0.8958762517401009
0,5,5,0.49543559874771725
0,5,5,NaN
0,5,5,0.3557510427918548
0,5,5,0.5417209770628222
0,5,5,0.565973051072774
0,5,5,NaN
0,5,5,NaN
0,5,5,0.9841738135856081
0,5,5,NaN
0,5,5,NaN
0,5,5,NaN
0,5,5,0.13695747655435897
0,5,5,NaN
0,5,5,NaN
0,5,5,NaN
0,5,5,NaN
0,5,5,0.20471143558157323
0,5,5,NaN
0,5,5,NaN
0,5,5,NaN
0,5,5,NaN
0,5,5,NaN
0,5,5,NaN
0,5,5,0.6877696185067498
0,5,5,0.07361819104140599
0,5,5,0.21185071034975703
0,5,5,0.7726517314264018
0,5,5,NaN
0,5,5,3.3308606616018572e-6
0,5,5,NaN
0,5,5,NaN
0,5,5,NaN
0,5,5,0.18348414923983342
0,5,5,0.17638798005766676
0,5,5,NaN
0,5,5,0.5854840355225887
0,5,5,NaN
0,5,5,0.9394569650180941
0,5,5,NaN
0,5,5,NaN
0,5,5,0.9493033010224405
0,5,5,0.6581338701099227
0,5,5,NaN
0,5,5,NaN
0,5,5,NaN
0,5,5,0.742579089135569
0,5,5,NaN
0,5,5,0.2942871780591215
0,5,5,NaN
0,5,5,NaN
0,5,5,0.08612589160650815
0,5,5,NaN
0,5,5,0.4475557477195245
0,5,5,NaN
0,5,5,0.15938727449707998
0,5,5,0.7092033041123709
0,5,5,NaN
0,5,5,0.2783692877527476
0,5,5,0.15938727449707998
0,5,5,NaN
0,5,5,NaN
0,5,5,0.22498386269722465
0,5,5,0.3901201530147684
0,5,5,0.9841738135856081
0,5,5,0.5417209770628222
0,5,5,NaN
0,5,5,0.21185071034975703
0,5,5,NaN
0,5,5,NaN
0,5,5,NaN
0,5,5,NaN
0,5,5,0.7921036530766452
0,5,5,0.05626150211135384
0,5,5,NaN
0,5,5,0.04329662470811274
0,5,5,NaN
0,5,5,NaN
0,5,5,NaN
0,5,5,NaN
0,5,5,0.3735685107145615
0,5,5,0.5417209770628222
0,5,5,NaN
0,5,5,NaN
0,5,5,NaN
0,5,5,NaN
0,5,5,NaN
0,5,5,NaN
0,5,5,0.5417209770628222
0,5,5,NaN
0,5,5,0.6717661875924231
0,5,5,0.08934560317390572
0,5,5,0.24290906152647984
0,5,5,NaN
0,5,5,0.9001259164326818
0,5,5,0.31538291069709495
0,5,5,0.29847576848684493
0,5,5,NaN
0,5,5,0.8652322931034484
0,5,5,NaN
0,5,5,0.631220773570296
0,5,5,0.8450772854630715
0,5,5,NaN
0,5,5,NaN
0,5,5,NaN
0,5,5,NaN
0,5,5,NaN
0,5,5,NaN
0,5,5,0.5865196674031864
0,5,5,0.5458017815032892
0,5,5,0.8006696868167401
0,5,5,NaN
0,5,5,0.3557510427918548
0,5,5,NaN
0,5,5,0.4475557477195245
0,5,5,0.7092033041123709
0,5,5,0.0036937217530900383
0,5,5,NaN
0,5,5,0.18348414923983342
0,5,5,NaN
0,5,5,0.6127253479327994
0,5,5,NaN
0,5,5,NaN
0,5,5,NaN
0,5,5,NaN
0,5,5,0.33206252338918735
0,5,5,NaN
0,5,5,NaN
0,5,5,0.10032275229784271
0,5,5,0.001573873433505148
0,5,5,0.1292221642705556
0,5,5,NaN
0,5,5,NaN
0,5,5,NaN
0,5,5,NaN
0,5,5,0.07361819104140599
0,5,5,NaN
0,5,5,0.8827570506600473
0,5,5,NaN
0,5,5,0.7423423413009405
0,5,5,0.7726517314264018
0,5,5,0.8980428563600223
0,5,5,NaN
0,5,5,NaN
0,5,5,0.28695465172452056
0,5,5,NaN
0,5,5,0.3140788080690369
0,5,5,0.9001259164326818
0,5,5,NaN
0,5,5,0.49543559874771725
0,5,5,NaN
0,5,5,NaN
0,5,5,0.8222359858287277
0,5,5,0.009513809744069091
0,5,5,NaN
0,5,5,NaN
0,5,5,NaN
0,5,5,NaN
0,5,5,NaN
0,5,5,0.08612589160650815
0,5,5,NaN
0,5,5,0.9137791798943785
0,5,5,0.2587302189360017
0,5,5,0.8450772854630715
0,5,5,NaN
0,5,5,NaN
0,5,5,0.0274482768931293
0,5,5,0.49543559874771725
0,5,5,NaN
0,5,5,NaN
0,5,5,NaN
0,5,5,NaN
0,5,5,NaN
0,5,5,NaN
0,5,5,0.28253353147859145
0,5,5,NaN
0,5,5,0.0630282359819421
0,5,5,NaN
0,5,5,0.8450772854630715
0,5,5,0.9263616469895146
0,5,5,NaN
0,5,5,NaN
0,5,5,0.11735031057960332
0,5,5,0.7485992674469024
0,5,5,NaN
0,5,5,0.019796251803769704
0,5,5,NaN
0,5,5,NaN
0,5,5,NaN
0,5,5,NaN
0,5,5,NaN
0,5,5,NaN
0,5,5,NaN
0,5,5,0.0630282359819421
0,5,5,0.24290906152647984
0,5,5,NaN
0,5,5,NaN
0,5,5,NaN
0,5,5,NaN
0,5,5,NaN
0,5,5,NaN
0,5,5,0.11448489346761681
0,5,5,NaN
0,5,5,NaN
0,5,5,NaN
0,5,5,NaN
0,5,5,NaN
0,5,5,NaN
0,5,5,0.4475557477195245
0,5,5,0.3557510427918548
0,5,5,0.21185071034975703
0,5,5,NaN
0,5,5,NaN
0,5,5,0.4011103777394731
0,5,5,NaN
0,5,5,NaN
0,5,5,NaN
0,5,5,0.24290906152647984
0,5,5,NaN
0,5,5,NaN
0,5,5,0.9464701506577652
0,5,5,NaN
0,5,5,0.9764451176510267
0,5,5,0.8006696868167401
0,5,5,NaN
0,5,5,0.8006696868167401
0,5,5,NaN
0,5,5,NaN
0,5,5,NaN
0,5,5,NaN
0,5,5,0.5417209770628222
0,5,5,NaN
0,5,5,0.6163604147416746
0,5,5,NaN
0,5,5,0.49543559874771725
0,5,5,0.3557510427918548
0,5,5,0.6950686511737141
0,5,5,NaN
0,5,5,NaN
0,5,5,NaN
0,5,5,NaN
0,5,5,NaN
0,5,5,0.7092033041123709
0,5,5,0.13695747655435897
0,5,5,NaN
0,5,5,0.22061921544044888
0,5,5,0.0630282359819421
0,5,5,0.3975265380071949
0,5,5,NaN
0,5,5,NaN
0,5,5,0.8006696868167401
0,5,5,NaN
0,5,5,NaN
0,5,5,NaN
0,5,5,0.9222155645403921
0,5,5,0.7423423413009405
0,5,5,NaN
0,5,5,0.0051653647514528205
0,5,5,NaN
0,5,5,0.5587721585107637
0,5,5,0.9001259164326818
0,5,5,NaN
0,5,5,0.5776425529574326
0,5,5,NaN
0,5,5,0.8867216875884179
0,5,5,NaN
0,5,5,0.8827570506600473
0,5,5,NaN
0,5,5,0.5538853774129815
0,5,5,0.8237080657963236
0,5,5,0.9093891752618881
0,5,5,NaN
0,5,5,NaN
0,5,5,NaN
0,5,5,NaN
0,5,5,0.2307478702826715
0,5,5,0.5417209770628222
0,5,5,0.4011103777394731
0,5,5,NaN
0,5,5,0.9493033010224405
0,5,5,NaN
0,5,5,NaN
0,5,5,NaN
0,5,5,NaN
0,5,5,0.6717661875924231
0,5,5,0.07336314586646288
0,5,5,NaN
0,5,5,NaN
0,5,5,0.4475557477195245
0,5,5,NaN
0,5,5,NaN
0,5,5,0.4011103777394731
0,5,5,0.31538291069709495
0,5,5,NaN
0,5,5,NaN
0,5,5,NaN
0,5,5,NaN
0,5,5,NaN
0,5,5,0.9493033010224405
0,5,5,NaN
0,5,5,NaN
0,5,5,0.4475557477195245
0,5,5,NaN
0,5,5,0.21185071034975703
0,5,5,NaN
0,5,5,0.5940785884460495
0,5,5,NaN
0,5,5,0.0630282359819421
0,5,5,NaN
0,5,5,0.37327421307678155
0,5,5,NaN
0,5,5,0.005361517736308157
0,5,5,NaN
0,5,5,0.5865196674031864
0,5,5,0.1350446889868015
0,5,5,NaN
0,5,5,0.9733084005106692
0,5,5,0.5407509450331557
0,5,5,0.5464771922224547
0,5,5,0.3222629772517546
0,5,5,0.9396124013901456
0,5,5,NaN
0,5,5,NaN
0,5,5,NaN
0,5,5,NaN
0,5,5,NaN
0,5,5,NaN
0,5,5,NaN
0,5,5,0.053556438906752275
0,5,5,NaN
0,5,5,NaN
0,5,5,NaN
0,5,5,NaN
0,5,5,NaN
0,5,5,NaN
0,5,5,NaN
0,5,5,0.7092033041123709
0,5,5,NaN
0,5,5,NaN
0,5,5,0.5865196674031864
0,5,5,NaN
0,5,5,0.2559921408322171
0,5,5,NaN
0,5,5,NaN
0,5,5,NaN
0,5,5,NaN
0,5,5,0.5774659297083589
0,5,5,NaN
0,5,5,NaN
0,5,5,NaN
0,5,5,0.5180838030620013
0,5,5,NaN
0,5,5,0.48945833991568644
0,5,5,NaN
0,5,5,0.10879080321057669
0,5,5,0.3557510427918548
0,5,5,0.8652322931034484
0,5,5,0.7935477201410412
0,5,5,NaN
0,5,5,NaN
0,5,5,NaN
0,5,5,0.8076511550142321
0,5,5,NaN
0,5,5,NaN
0,5,5,NaN
0,5,5,0.21185071034975703
0,5,5,NaN
0,5,5,NaN
0,5,5,NaN
0,5,5,NaN
0,5,5,0.4011103777394731
0,5,5,NaN
0,5,5,0.3557510427918548
0,5,5,0.9233893892896216
0,5,5,0.48945833991568644
0,5,5,0.7092033041123709
0,5,5,NaN
0,5,5,NaN
0,5,5,NaN
0,5,5,NaN
0,5,5,0.6717661875924231
0,5,5,0.8652322931034484
0,5,5,NaN
0,5,5,NaN
0,5,5,0.13695747655435897
0,5,5,NaN
0,5,5,NaN
0,5,5,NaN
0,5,5,0.9403550611242039
0,5,5,NaN
0,5,5,NaN
0,5,5,NaN
0,5,5,NaN
0,5,5,0.8176017761167357
0,5,5,0.5209019411606497
0,5,5,NaN
0,5,5,NaN
0,5,5,NaN
0,5,5,NaN
0,5,5,NaN
0,5,5,0.5417209770628222
0,5,5,0.9001259164326818
0,5,5,0.3557510427918548
0,5,5,NaN
0,5,5,NaN
0,5,5,NaN
0,5,5,NaN
0,5,5,0.4475557477195245
0,5,5,NaN
0,5,5,0.7128003214641632
0,5,5,0.7092033041123709
0,5,5,NaN
0,5,5,NaN
0,5,5,0.8450772854630715
0,5,5,NaN
0,5,5,0.13222834486391932
0,5,5,NaN
0,5,5,0.3557510427918548
0,5,5,0.5417209770628222
0,5,5,0.18348414923983342
0,5,5,0.8207482473000494
0,5,5,NaN
0,5,5,0.48796662186443346
0,5,5,NaN
0,5,5,NaN
0,5,5,NaN
0,5,5,NaN
0,5,5,NaN
0,5,5,NaN
0,5,5,NaN
0,5,5,0.2714976848618461
0,5,5,NaN
0,5,5,NaN
0,5,5,0.24278096737270338
0,5,5,NaN
0,5,5,NaN
0,5,5,NaN
0,5,5,0.08612589160650815
0,5,5,0.631220773570296
0,5,5,NaN
0,5,5,NaN
0,5,5,0.21185071034975703
0,5,5,0.7726517314264018
0,5,5,NaN
0,5,5,NaN
0,5,5,0.9001259164326818
0,5,5,0.8827570506600473
0,5,5,0.7726517314264018
0,5,5,0.03831329598506057
0,5,5,NaN
0,5,5,NaN
0,5,5,0.8237080657963236
0,5,5,0.19707611935753971
0,5,5,8.553923364368567e-6
0,5,5,NaN
0,5,5,0.02139443230162059
0,5,5,NaN
0,5,5,0.4155618969404342
0,5,5,NaN
0,5,5,NaN
0,5,5,NaN
0,5,5,NaN
0,5,5,NaN
0,5,5,NaN
0,5,5,NaN
0,5,5,NaN
0,5,5,NaN
0,5,5,NaN
0,5,5,NaN
0,5,5,NaN
0,5,5,NaN
0,5,5,0.9399889673842494
0,5,5,0.4475557477195245
0,5,5,0.3557510427918548
0,5,5,0.7092033041123709
0,5,5,NaN
0,5,5,0.8450772854630715
0,5,5,NaN
0,5,5,NaN
0,5,5,0.5214504768826657
0,5,5,NaN
0,5,5,NaN
0,5,5,NaN
0,5,5,0.08612589160650815
0,5,5,NaN
0,5,5,0.10032275229784271
0,5,5,NaN
0,5,5,NaN
0,5,5,0.4475557477195245
0,5,5,NaN
0,5,5,0.22061921544044888
0,5,5,NaN
0,5,5,0.38458589995545805
0,5,5,0.02787455723542097
0,5,5,0.6034053153223242
0,5,5,NaN
0,5,5,0.24290906152647984
0,5,5,NaN
0,5,5,NaN
0,5,5,NaN
0,5,5,0.21185071034975703
0,5,5,NaN
0,5,5,0.8237080657963236
0,5,5,NaN
0,5,5,NaN
0,5,5,0.9663500458367166
0,5,5,0.12149588864000452
0,5,5,NaN
0,5,5,NaN
0,5,5,NaN
0,5,5,0.18348414923983342
0,5,5,0.8006696868167401
0,5,5,0.6589606374511142
0,5,5,0.24290906152647984
0,5,5,0.4475557477195245
0,5,5,NaN
0,5,5,NaN
0,5,5,NaN
0,5,5,0.6257738282474897
0,5,5,NaN
0,5,5,0.002984340715420321
0,5,5,0.33575333235368787
0,5,5,0.7092033041123709
0,5,5,NaN
0,5,5,NaN
0,5,5,NaN
0,5,5,NaN
0,5,5,NaN
0,5,5,NaN
0,5,5,NaN
0,5,5,0.4475557477195245
0,5,5,NaN
0,5,5,NaN
0,5,5,0.49543559874771725
0,5,5,NaN
0,5,5,0.7811680378186527
0,5,5,0.8450772854630715
0,5,5,0.4046552111006623
0,5,5,NaN
0,5,5,NaN
0,5,5,0.49543559874771725
0,5,5,NaN
0,5,5,NaN
0,5,5,NaN
0,5,5,NaN
0,5,5,NaN
0,5,5,NaN
0,5,5,0.2783692877527476
0,5,5,NaN
0,5,5,0.2783692877527476
0,5,5,0.8827570506600473
0,5,5,0.9493033010224405
0,5,5,NaN
0,5,5,NaN
0,5,5,0.6877696185067498
0,5,5,0.48945833991568644
0,5,5,0.31538291069709495
0,5,5,0.5587721585107637
0,5,5,NaN
0,5,5,NaN
0,5,5,NaN
0,5,5,NaN
0,5,5,NaN
0,5,5,0.5865196674031864
0,5,5,0.6717661875924231
0,5,5,NaN
0,5,5,0.9272124484159221
0,5,5,NaN
0,5,5,NaN
0,5,5,0.6752434878400125
0,5,5,0.5417209770628222
0,5,5,0.49543559874771725
0,5,5,0.826340972064443
0,5,5,NaN
0,5,5,NaN
0,5,5,NaN
0,5,5,0.5865196674031864
0,5,5,0.08612589160650815
0,5,5,0.15938727449707998
0,5,5,NaN
0,5,5,NaN
0,5,5,0.9394569650180941
0,5,5,0.07361819104140599
0,5,5,0.5417209770628222
0,5,5,NaN
0,5,5,NaN
0,5,5,0.9493033010224405
0,5,5,NaN
0,5,5,0.9733084005106692
0,5,5,NaN
0,5,5,NaN
0,5,5,0.5430986004575281
0,5,5,NaN
0,5,5,NaN
0,5,5,NaN
0,5,5,0.7125497954121649
0,5,5,0.019796251803769704
0,5,5,NaN
0,5,5,0.8827570506600473
0,5,5,NaN
0,5,5,0.8652322931034484
0,5,5,NaN
0,5,5,NaN
0,5,5,0.9137791798943785
0,5,5,NaN
0,5,5,0.11735031057960332
0,5,5,0.8006696868167401
0,5,5,0.3222629772517546
0,5,5,NaN
0,5,5,0.7726517314264018
0,5,5,0.4155618969404342
0,5,5,0.2783692877527476
0,5,5,NaN
0,5,5,0.6078036258336132
0,5,5,0.5940785884460495
0,5,5,NaN
0,5,5,NaN
0,5,5,NaN
0,5,5,NaN
0,5,5,NaN
0,5,5,NaN
0,5,5,NaN
0,5,5,NaN
0,5,5,NaN
0,5,5,NaN
0,5,5,0.9137791798943785
0,5,5,NaN
0,5,5,NaN
0,5,5,NaN
0,5,5,NaN
0,5,5,0.9713478338130888
0,5,5,0.49543559874771725
0,5,5,NaN
0,5,5,NaN
0,5,5,NaN
0,5,5,NaN
0,5,5,NaN
0,5,5,NaN
0,5,5,0.24290906152647984
0,5,5,NaN
0,5,5,0.7738393337297048
0,5,5,NaN
0,5,5,NaN
0,5,5,0.1877378639343151
0,5,5,0.47185749960595624
0,5,5,0.8652322931034484
0,5,5,NaN
0,5,5,0.8237080657963236
0,5,5,NaN
0,5,5,NaN
0,5,5,0.11735031057960332
0,5,5,NaN
0,5,5,0.7125497954121649
0,5,5,NaN
0,5,5,0.18348414923983342
0,5,5,NaN
0,5,5,NaN
0,5,5,NaN
0,5,5,NaN
1,3,4,NaN
4,0,4,NaN
2,2,4,0.7726517314264018
4,0,4,0.49543559874771725
3,1,4,0.8827570506600473
4,0,4,NaN
2,2,4,NaN
1,3,4,0.8652322931034484
3,1,4,0.2783692877527476
4,0,4,NaN
2,2,4,NaN
4,0,4,NaN
3,1,4,0.9212789561858016
4,0,4,NaN
2,2,4,0.7423423413009405
4,0,4,NaN
3,1,4,NaN
3,1,4,NaN
3,1,4,0.4475557477195245
4,0,4,NaN
3,1,4,NaN
3,1,4,0.10032275229784271
2,2,4,NaN
2,2,4,0.02787455723542097
3,1,4,NaN
4,0,4,NaN
1,3,4,NaN
2,2,4,0.8827570506600473
4,0,4,NaN
4,0,4,0.4475557477195245
3,1,4,NaN
2,2,4,NaN
4,0,4,NaN
4,0,4,0.07361819104140599
4,0,4,NaN
3,1,4,NaN
4,0,4,0.0005962824463083237
4,0,4,NaN
2,2,4,NaN
3,1,4,NaN
4,0,4,0.01384068834559692
3,1,4,NaN
4,0,4,NaN
4,0,4,NaN
1,3,4,0.2783692877527476
4,0,4,NaN
4,0,4,NaN
3,1,4,NaN
4,0,4,NaN
4,0,4,0.08612589160650815
3,1,4,0.8237080657963236
2,2,4,0.04661481945225271
1,3,4,NaN
2,2,4,NaN
4,0,4,NaN
3,1,4,0.8006696868167401
3,1,4,0.05924072926390977
3,1,4,0.4475557477195245
2,2,4,NaN
3,1,4,NaN
2,2,4,NaN
3,1,4,NaN
4,0,4,NaN
4,0,4,0.9789190809366978
4,0,4,0.7423423413009405
3,1,4,NaN
3,1,4,0.13695747655435897
3,1,4,0.7423423413009405
3,1,4,0.08205886974833973
2,2,4,0.053556438906752275
2,2,4,NaN
3,1,4,NaN
2,2,4,NaN
4,0,4,NaN
2,2,4,NaN
4,0,4,NaN
2,2,4,NaN
3,1,4,0.2783692877527476
1,3,4,0.9916966421839661
3,1,4,NaN
4,0,4,0.47782850117184666
3,1,4,NaN
4,0,4,0.21185071034975703
1,3,4,0.7423423413009405
4,0,4,NaN
2,2,4,0.07361819104140599
2,2,4,0.023437746643316073
4,0,4,0.11735031057960332
3,1,4,NaN
4,0,4,NaN
4,0,4,0.7726517314264018
3,1,4,0.8652322931034484
4,0,4,0.631220773570296
3,1,4,0.21185071034975703
4,0,4,NaN
4,0,4,0.2783692877527476
4,0,4,0.8006696868167401
3,1,4,NaN
3,1,4,0.8237080657963236
4,0,4,0.6717661875924231
3,1,4,NaN
2,2,4,0.2023842908463311
4,0,4,0.13695747655435897
2,2,4,0.9590286414731528
1,3,4,NaN
1,3,4,NaN
2,2,4,NaN
2,2,4,NaN
2,2,4,0.49543559874771725
1,3,4,NaN
3,1,4,NaN
2,2,4,NaN
3,1,4,NaN
3,1,4,0.6717661875924231
3,1,4,NaN
4,0,4,0.7726517314264018
2,2,4,NaN
2,2,4,NaN
2,2,4,NaN
3,1,4,NaN
4,0,4,NaN
4,0,4,NaN
4,0,4,NaN
3,1,4,NaN
3,1,4,NaN
1,3,4,0.9602397512398567
4,0,4,NaN
4,0,4,0.6341923028368341
1,3,4,0.15938727449707998
3,1,4,NaN
4,0,4,0.8843643593382782
4,0,4,0.11735031057960332
4,0,4,NaN
1,3,4,NaN
4,0,4,NaN
3,1,4,0.9394569650180941
4,0,4,0.10032275229784271
2,2,4,0.8679189613997627
4,0,4,NaN
4,0,4,0.31538291069709495
3,1,4,NaN
4,0,4,NaN
4,0,4,0.18348414923983342
2,2,4,0.9493033010224405
2,2,4,NaN
3,1,4,NaN
2,2,4,NaN
3,1,4,NaN
4,0,4,NaN
4,0,4,NaN
3,1,4,0.5865196674031864
4,0,4,NaN
4,0,4,NaN
3,1,4,0.3557510427918548
2,2,4,NaN
3,1,4,0.17638798005766676
4,0,4,3.060609436285145e-5
2,2,4,0.053556438906752275
3,1,4,NaN
4,0,4,NaN
3,1,4,0.15938727449707998
4,0,4,0.011335119107957231
4,0,4,0.4475557477195245
4,0,4,NaN
2,2,4,0.8052971416746826
2,2,4,NaN
3,1,4,NaN
2,2,4,0.18348414923983342
4,0,4,NaN
4,0,4,NaN
3,1,4,0.006227797553692009
3,1,4,NaN
2,2,4,0.02787455723542097
3,1,4,NaN
3,1,4,0.8450772854630715
3,1,4,0.9663500458367166
4,0,4,NaN
3,1,4,NaN
3,1,4,0.8450772854630715
3,1,4,NaN
4,0,4,NaN
4,0,4,NaN
4,0,4,0.2668400346081453
4,0,4,0.631220773570296
3,1,4,0.2783692877527476
4,0,4,NaN
4,0,4,NaN
2,2,4,0.8652322931034484
4,0,4,NaN
4,0,4,NaN
4,0,4,NaN
4,0,4,0.7092033041123709
1,3,4,NaN
4,0,4,NaN
4,0,4,NaN
4,0,4,0.4759859066755086
4,0,4,0.03831329598506057
4,0,4,0.13695747655435897
4,0,4,NaN
3,1,4,NaN
3,1,4,0.8237080657963236
4,0,4,0.9137791798943785
3,1,4,NaN
4,0,4,0.24290906152647984
1,3,4,0.2412147488524764
4,0,4,NaN
4,0,4,NaN
3,1,4,0.5865196674031864
4,0,4,NaN
3,1,4,0.7092033041123709
4,0,4,0.9885707782763422
3,1,4,0.5417209770628222
2,2,4,0.6717661875924231
4,0,4,0.8237080657963236
3,1,4,NaN
4,0,4,NaN
3,1,4,0.18348414923983342
3,1,4,0.7880528047596678
4,0,4,0.4475557477195245
3,1,4,0.2783692877527476
4,0,4,NaN
4,0,4,NaN
4,0,4,0.7506126132473532
3,1,4,NaN
2,2,4,NaN
4,0,4,0.5417209770628222
4,0,4,NaN
3,1,4,NaN
2,2,4,NaN
4,0,4,NaN
3,1,4,0.13595932099187039
2,2,4,NaN
4,0,4,NaN
4,0,4,NaN
3,1,4,0.13695747655435897
4,0,4,0.8652322931034484
4,0,4,0.9394569650180941
3,1,4,NaN
4,0,4,NaN
4,0,4,NaN
4,0,4,NaN
4,0,4,NaN
4,0,4,0.18348414923983342
3,1,4,NaN
4,0,4,0.08665369552263176
4,0,4,0.5865196674031864
4,0,4,NaN
4,0,4,NaN
3,1,4,NaN
4,0,4,NaN
4,0,4,0.9526087387333404
4,0,4,NaN
1,3,4,NaN
4,0,4,NaN
3,1,4,0.4011103777394731
3,1,4,NaN
4,0,4,NaN
1,3,4,NaN
4,0,4,NaN
3,1,4,NaN
3,1,4,NaN
4,0,4,NaN
3,1,4,0.7423423413009405
4,0,4,0.31538291069709495
4,0,4,0.023437746643316073
3,1,4,NaN
4,0,4,NaN
4,0,4,0.4475557477195245
1,3,4,NaN
3,1,4,NaN
2,2,4,NaN
2,2,4,NaN
3,1,4,0.006162005486132496
3,1,4,0.9394569650180941
2,2,4,NaN
4,0,4,0.9137791798943785
4,0,4,NaN
4,0,4,0.3557510427918548
4,0,4,NaN
3,1,4,0.631220773570296
3,1,4,0.7092033041123709
2,2,4,0.7423423413009405
4,0,4,NaN
4,0,4,NaN
3,1,4,NaN
4,0,4,NaN
2,2,4,NaN
3,1,4,NaN
3,1,4,NaN
4,0,4,NaN
3,1,4,NaN
4,0,4,NaN
2,2,4,NaN
4,0,4,NaN
4,0,4,NaN
4,0,4,NaN
4,0,4,NaN
3,1,4,NaN
4,0,4,0.49543559874771725
3,1,4,NaN
3,1,4,0.5865196674031864
3,1,4,NaN
3,1,4,NaN
4,0,4,NaN
4,0,4,NaN
4,0,4,NaN
4,0,4,NaN
4,0,4,NaN
4,0,4,NaN
4,0,4,NaN
3,1,4,0.13695747655435897
4,0,4,NaN
4,0,4,0.5865196674031864
3,1,4,0.8237080657963236
4,0,4,NaN
3,1,4,NaN
4,0,4,0.7423423413009405
3,1,4,NaN
3,1,4,0.5025846193174434
3,1,4,NaN
3,1,4,0.872171128521786
3,1,4,NaN
4,0,4,NaN
4,0,4,0.08612589160650815
4,0,4,NaN
3,1,4,NaN
4,0,4,NaN
3,1,4,NaN
4,0,4,NaN
2,2,4,NaN
3,1,4,NaN
1,3,4,0.520574945277079
4,0,4,0.8237080657963236
2,2,4,NaN
4,0,4,0.7423423413009405
1,3,4,0.8827570506600473
4,0,4,NaN
4,0,4,0.7195910676048861
2,2,4,0.814209713202945
3,1,4,0.7726517314264018
4,0,4,NaN
4,0,4,NaN
3,1,4,NaN
4,0,4,NaN
3,1,4,0.9001259164326818
4,0,4,0.7128003214641632
3,1,4,0.3557510427918548
2,2,4,NaN
4,0,4,0.3557510427918548
1,3,4,NaN
4,0,4,0.9916966421839661
2,2,4,0.9137791798943785
4,0,4,NaN
3,1,4,0.032853775051729074
4,0,4,0.5865196674031864
4,0,4,NaN
2,2,4,NaN
3,1,4,0.8450772854630715
4,0,4,NaN
3,1,4,NaN
3,1,4,NaN
4,0,4,NaN
4,0,4,NaN
4,0,4,0.4011103777394731
4,0,4,0.5180838030620013
2,2,4,0.9335053885363508
4,0,4,0.29847576848684493
4,0,4,NaN
4,0,4,NaN
2,2,4,0.49543559874771725
2,2,4,0.48796662186443346
4,0,4,NaN
3,1,4,NaN
3,1,4,0.9590286414731528
3,1,4,NaN
4,0,4,0.02787455723542097
4,0,4,NaN
4,0,4,6.349953339914405e-8
3,1,4,0.08612589160650815
4,0,4,0.7206816867481725
3,1,4,0.8652322931034484
4,0,4,NaN
1,3,4,NaN
4,0,4,0.9001259164326818
2,2,4,NaN
2,2,4,NaN
2,2,4,NaN
1,3,4,0.9663500458367166
4,0,4,0.9272124484159221
2,2,4,0.8237080657963236
4,0,4,0.3557510427918548
3,1,4,0.5417209770628222
4,0,4,NaN
4,0,4,NaN
4,0,4,0.18348414923983342
2,2,4,NaN
2,2,4,0.7423423413009405
4,0,4,0.11735031057960332
4,0,4,NaN
2,2,4,0.7726517314264018
4,0,4,NaN
4,0,4,0.21185071034975703
3,1,4,NaN
2,2,4,NaN
4,0,4,0.8450772854630715
4,0,4,0.7092033041123709
3,1,4,NaN
2,2,4,NaN
1,3,4,0.8237080657963236
4,0,4,0.8652322931034484
4,0,4,0.7935477201410412
2,2,4,NaN
4,0,4,NaN
3,1,4,0.9739702814719584
4,0,4,0.9789190809366978
4,0,4,NaN
3,1,4,0.9272124484159221
3,1,4,NaN
4,0,4,NaN
4,0,4,NaN
4,0,4,0.5417209770628222
3,1,4,NaN
3,1,4,0.9137791798943785
4,0,4,0.13695747655435897
3,1,4,NaN
3,1,4,NaN
4,0,4,0.4011103777394731
3,1,4,NaN
3,1,4,0.7092033041123709
4,0,4,NaN
4,0,4,0.3557510427918548
1,3,4,0.8237080657963236
2,2,4,0.9733084005106692
2,2,4,0.5417209770628222
1,3,4,NaN
4,0,4,0.5865196674031864
3,1,4,NaN
3,1,4,0.6341923028368341
3,1,4,NaN
4,0,4,NaN
3,1,4,NaN
4,0,4,0.631220773570296
3,1,4,NaN
4,0,4,0.8006696868167401
4,0,4,NaN
2,2,4,0.15938727449707998
4,0,4,0.4475557477195245
4,0,4,NaN
4,0,4,NaN
4,0,4,NaN
4,0,4,NaN
4,0,4,NaN
3,1,4,NaN
3,1,4,0.01009058747051743
4,0,4,0.0037676114872972023
1,3,4,NaN
2,2,4,NaN
3,1,4,0.15938727449707998
2,2,4,NaN
3,1,4,0.5417209770628222
4,0,4,NaN
4,0,4,0.3557510427918548
4,0,4,0.0051653647514528205
4,0,4,0.7092033041123709
2,2,4,NaN
4,0,4,NaN
4,0,4,0.5995553174899105
4,0,4,NaN
4,0,4,NaN
3,1,4,0.2783692877527476
3,1,4,0.8652322931034484
4,0,4,0.05060759793901786
1,3,4,NaN
4,0,4,0.8237080657963236
4,0,4,0.24290906152647984
2,2,4,NaN
4,0,4,NaN
4,0,4,0.9590286414731528
4,0,4,NaN
4,0,4,NaN
4,0,4,0.4475557477195245
4,0,4,0.5865196674031864
1,3,4,0.02054816843668555
1,3,4,NaN
4,0,4,NaN
3,1,4,NaN
4,0,4,0.5417209770628222
4,0,4,NaN
1,3,4,NaN
4,0,4,NaN
2,2,4,NaN
4,0,4,0.9001259164326818
1,3,4,NaN
3,1,4,NaN
3,1,4,0.4475557477195245
4,0,4,NaN
3,1,4,0.8827570506600473
4,0,4,NaN
4,0,4,NaN
4,0,4,NaN
4,0,4,NaN
1,3,4,0.08612589160650815
4,0,4,NaN
2,2,4,NaN
3,1,4,NaN
4,0,4,NaN
2,2,4,NaN
2,2,4,0.7195910676048861
4,0,4,0.4011103777394731
4,0,4,NaN
3,1,4,NaN
3,1,4,NaN
4,0,4,NaN
2,2,4,0.18348414923983342
3,1,4,NaN
3,1,4,NaN
4,0,4,NaN
3,1,4,NaN
3,1,4,NaN
4,0,4,0.08612589160650815
4,0,4,0.7423423413009405
4,0,4,0.11735031057960332
2,2,4,NaN
4,0,4,NaN
3,1,4,0.7423423413009405
4,0,4,0.21185071034975703
4,0,4,0.007349342594627595
3,1,4,0.13695747655435897
4,0,4,0.8652322931034484
4,0,4,NaN
3,1,4,0.11735031057960332
4,0,4,NaN
2,2,4,0.5802917560236949
2,2,4,0.3592088183055866
1,3,4,NaN
1,3,4,NaN
4,0,4,NaN
3,1,4,0.03831329598506057
4,0,4,0.9943152957847301
3,1,4,0.019796251803769704
3,1,4,NaN
4,0,4,NaN
2,2,4,0.9493033010224405
4,0,4,0.7807383405008899
3,1,4,0.4587488741567415
4,0,4,NaN
4,0,4,NaN
4,0,4,NaN
2,2,4,0.28695465172452056
3,1,4,0.5750423213922355
3,1,4,0.14186176702061054
3,1,4,NaN
3,1,4,NaN
2,2,4,0.07361819104140599
4,0,4,NaN
2,2,4,NaN
3,1,4,NaN
1,3,4,NaN
4,0,4,NaN
3,1,4,NaN
3,1,4,NaN
2,2,4,NaN
4,0,4,NaN
3,1,4,NaN
3,1,4,0.4475557477195245
4,0,4,NaN
3,1,4,NaN
3,1,4,0.6534398523674652
1,3,4,NaN
3,1,4,0.16714743536748533
3,1,4,NaN
4,0,4,NaN
4,0,4,0.24290906152647984
2,2,4,0.006017316218055083
1,3,4,NaN
3,1,4,NaN
2,2,4,0.019796251803769704
3,1,4,0.10032275229784271
1,3,4,NaN
2,2,4,NaN
4,0,4,NaN
1,3,4,NaN
4,0,4,NaN
4,0,4,0.18348414923983342
3,1,4,0.24290906152647984
4,0,4,NaN
4,0,4,0.03149697862226962
4,0,4,NaN
4,0,4,NaN
4,0,4,NaN
3,1,4,NaN
4,0,4,NaN
2,2,4,0.15938727449707998
1,3,4,NaN
3,1,4,NaN
3,1,4,0.04531425270758149
1,3,4,0.02517334441643271
4,0,4,NaN
2,2,4,NaN
3,1,4,NaN
3,1,4,NaN
4,0,4,NaN
4,0,4,0.03831329598506057
3,1,4,NaN
3,1,4,0.4475557477195245
4,0,4,NaN
4,0,4,0.13695747655435897
4,0,4,0.9663500458367166
1,3,4,NaN
1,3,4,0.0630282359819421
1,3,4,NaN
3,1,4,0.31538291069709495
3,1,4,0.5844085215984884
4,0,4,0.24290906152647984
3,1,4,0.026594646679114247
4,0,4,0.04434755788929772
2,2,4,0.5231605144894103
3,1,4,0.7938688484783513
3,1,4,0.4475557477195245
4,0,4,0.872171128521786
2,2,4,0.5865196674031864
2,2,4,NaN
2,2,4,NaN
4,0,4,0.9137791798943785
3,1,4,NaN
2,2,4,NaN
2,2,4,NaN
3,1,4,NaN
4,0,4,NaN
3,1,4,NaN
3,1,4,NaN
4,0,4,NaN
3,1,4,NaN
3,1,4,NaN
2,2,4,NaN
4,0,4,NaN
4,0,4,0.631220773570296
3,1,4,NaN
4,0,4,0.4011103777394731
4,0,4,0.5417209770628222
4,0,4,0.07361819104140599
3,1,4,NaN
4,0,4,0.9733084005106692
2,2,4,0.3557510427918548
4,0,4,NaN
4,0,4,NaN
4,0,4,0.6717661875924231
4,0,4,NaN
4,0,4,0.07361819104140599
3,1,4,0.5865196674031864
3,1,4,0.18070989167746893
3,1,4,NaN
3,1,4,0.49543559874771725
4,0,4,0.9272124484159221
4,0,4,0.007349342594627595
2,2,4,0.8652322931034484
3,1,4,0.8006696868167401
4,0,4,NaN
4,0,4,NaN
3,1,4,0.06260803999115534
4,0,4,NaN
4,0,4,0.0025709660283289135
2,2,4,0.8450772854630715
4,0,4,0.8827570506600473
3,1,4,0.31538291069709495
4,0,4,0.7423423413009405
4,0,4,NaN
3,1,4,0.13695747655435897
4,0,4,NaN
3,1,4,0.5670922261008554
4,0,4,0.9394569650180941
3,1,4,0.44829645463621415
4,0,4,NaN
3,1,4,0.631220773570296
3,1,4,NaN
2,2,4,NaN
2,2,4,NaN
4,0,4,NaN
4,0,4,NaN
2,2,4,NaN
4,0,4,0.023178553387368964
3,1,4,0.9736317781747045
3,1,4,0.7906123531705567
2,2,4,0.15938727449707998
3,1,4,0.5865196674031864
3,1,4,0.11735031057960332
4,0,4,NaN
4,0,4,NaN
4,0,4,0.5865196674031864
4,0,4,0.8237080657963236
4,0,4,0.005268967909656013
4,0,4,NaN
4,0,4,NaN
1,3,4,NaN
2,2,4,NaN
3,1,4,NaN
4,0,4,0.4475557477195245
2,2,4,0.15830168779127235
2,2,4,0.0032344506104328807
2,2,4,NaN
4,0,4,NaN
4,0,4,NaN
4,0,4,0.17600453156660253
4,0,4,NaN
4,0,4,0.0025709660283289135
4,0,4,NaN
4,0,4,0.865856228509367
3,1,4,0.5183374556419776
4,0,4,NaN
4,0,4,NaN
2,2,4,0.4011103777394731
2,2,4,NaN
4,0,4,0.5417209770628222
2,2,4,0.4475557477195245
4,0,4,0.7726517314264018
4,0,4,NaN
4,0,4,NaN
3,1,4,NaN
4,0,4,0.8450772854630715
3,1,4,NaN
3,1,4,NaN
1,3,4,NaN
4,0,4,NaN
3,1,4,0.5865196674031864
1,3,4,NaN
3,1,4,0.31538291069709495
4,0,4,NaN
4,0,4,NaN
3,1,4,NaN
2,2,4,NaN
2,2,4,NaN
3,1,4,0.10032275229784271
3,1,4,NaN
2,2,4,NaN
4,0,4,NaN
4,0,4,0.9493033010224405
4,0,4,NaN
4,0,4,NaN
3,1,4,NaN
4,0,4,NaN
3,1,4,0.053556438906752275
4,0,4,0.7726517314264018
2,2,4,NaN
4,0,4,NaN
4,0,4,0.034821783002058744
4,0,4,NaN
1,3,4,NaN
4,0,4,NaN
3,1,4,0.011344078488777672
1,3,4,NaN
4,0,4,NaN
4,0,4,0.24290906152647984
4,0,4,0.13695747655435897
2,2,4,NaN
3,1,4,NaN
2,2,4,NaN
3,1,4,NaN
4,0,4,0.9789190809366978
3,1,4,NaN
4,0,4,NaN
2,2,4,NaN
3,1,4,NaN
2,2,4,0.24290906152647984
4,0,4,NaN
2,2,4,0.4011103777394731
2,2,4,NaN
4,0,4,NaN
4,0,4,NaN
4,0,4,NaN
4,0,4,NaN
4,0,4,NaN
4,0,4,NaN
4,0,4,0.4694629602556395
3,1,4,NaN
4,0,4,0.10032275229784271
1,3,4,0.9789190809366978
1,3,4,0.4475557477195245
2,2,4,0.053556438906752275
3,1,4,NaN
4,0,4,NaN
4,0,4,0.023437746643316073
4,0,4,NaN
2,2,4,NaN
3,1,4,0.04531425270758149
2,2,4,NaN
4,0,4,0.11735031057960332
3,1,4,0.7423423413009405
4,0,4,NaN
3,1,4,NaN
3,1,4,NaN
3,1,4,0.21185071034975703
4,0,4,0.631220773570296
2,2,4,0.24278096737270338
3,1,4,0.7092033041123709
3,1,4,NaN
3,1,4,0.00021861130861847334
3,1,4,0.5865196674031864
3,1,4,NaN
2,2,4,NaN
3,1,4,0.631220773570296
3,1,4,NaN
3,1,4,NaN
2,2,4,0.7092033041123709
3,1,4,NaN
3,1,4,NaN
4,0,4,NaN
2,2,4,NaN
4,0,4,NaN
4,0,4,NaN
3,1,4,NaN
2,2,4,NaN
4,0,4,0.6635204127924553
4,0,4,NaN
2,2,4,NaN
3,1,4,NaN
3,1,4,0.15938727449707998
2,2,4,NaN
4,0,4,0.15938727449707998
4,0,4,NaN
4,0,4,NaN
3,1,4,NaN
4,0,4,0.06231283068346109
4,0,4,NaN
4,0,4,NaN
4,0,4,0.8827570506600473
4,0,4,0.4475557477195245
2,2,4,0.9493033010224405
1,3,4,NaN
3,1,4,0.15938727449707998
2,2,4,NaN
4,0,4,NaN
2,2,4,0.4011103777394731
2,2,4,NaN
3,1,4,NaN
2,2,4,NaN
4,0,4,0.8652322931034484
3,1,4,0.7423423413009405
4,0,4,NaN
4,0,4,NaN
3,1,4,NaN
4,0,4,NaN
2,2,4,NaN
4,0,4,NaN
3,1,4,0.631220773570296
3,1,4,0.6341923028368341
3,1,4,NaN
4,0,4,0.0900375179683812
2,2,4,NaN
3,1,4,0.04531425270758149
3,1,4,0.1563950217149352
3,1,4,NaN
4,0,4,NaN
4,0,4,NaN
4,0,4,0.053556438906752275
4,0,4,0.8652322931034484
4,0,4,0.5865196674031864
3,1,4,0.2783692877527476
4,0,4,NaN
3,1,4,0.3187323933004152
3,1,4,NaN
4,0,4,0.7726517314264018
4,0,4,0.49543559874771725
3,1,4,NaN
4,0,4,NaN
4,0,4,NaN
3,1,4,0.9961824270748048
3,1,4,0.8409457433908245
2,2,4,NaN
1,3,4,NaN
4,0,4,0.7726517314264018
2,2,4,0.0630282359819421
3,1,4,0.032853775051729074
4,0,4,NaN
3,1,4,NaN
2,2,4,0.8827570506600473
2,2,4,NaN
4,0,4,NaN
3,1,4,NaN
2,2,4,NaN
3,1,4,NaN
4,0,4,NaN
1,3,4,NaN
3,1,4,NaN
4,0,4,NaN
2,2,4,0.942585644569937
4,0,4,NaN
3,1,4,0.5417209770628222
4,0,4,NaN
3,1,4,NaN
3,1,4,NaN
3,1,4,0.8450772854630715
3,1,4,NaN
4,0,4,0.48796662186443346
1,3,4,NaN
3,1,4,NaN
2,2,4,NaN
4,0,4,0.9272124484159221
2,2,4,0.7423423413009405
4,0,4,NaN
4,0,4,0.7423423413009405
4,0,4,NaN
4,0,4,NaN
2,2,4,NaN
4,0,4,0.21185071034975703
4,0,4,NaN
2,2,4,NaN
4,0,4,NaN
4,0,4,0.49543559874771725
4,0,4,NaN
3,1,4,NaN
4,0,4,NaN
3,1,4,NaN
3,1,4,0.8827570506600473
2,2,4,NaN
3,1,4,NaN
1,3,4,NaN
4,0,4,0.02787455723542097
4,0,4,0.3877627654726201
3,1,4,NaN
3,1,4,0.21185071034975703
3,1,4,0.5773362437137952
2,2,4,0.31538291069709495
3,1,4,NaN
4,0,4,0.9733084005106692
4,0,4,0.631220773570296
3,1,4,NaN
1,3,4,NaN
2,2,4,NaN
4,0,4,NaN
1,3,4,0.7092033041123709
3,1,4,0.9045471222061193
2,2,4,0.07237586194985693
2,2,4,NaN
4,0,4,NaN
3,1,4,NaN
4,0,4,NaN
4,0,4,NaN
1,3,4,NaN
2,2,4,0.023437746643316073
4,0,4,NaN
3,1,4,0.49543559874771725
4,0,4,0.8006696868167401
2,2,4,0.08612589160650815
2,2,4,NaN
4,0,4,NaN
2,2,4,NaN
4,0,4,0.49543559874771725
4,0,4,0.8652322931034484
3,1,4,0.24290906152647984
4,0,4,0.301912226265858
3,1,4,NaN
4,0,4,NaN
4,0,4,NaN
4,0,4,NaN
4,0,4,0.9590286414731528
4,0,4,NaN
3,1,4,0.546152762799012
4,0,4,NaN
4,0,4,0.631220773570296
3,1,4,0.010643392429283425
2,2,4,NaN
2,2,4,NaN
4,0,4,0.2954562226479242
3,1,4,NaN
4,0,4,NaN
1,3,4,0.21185071034975703
3,1,4,0.7726517314264018
4,0,4,NaN
4,0,4,0.8827570506600473
2,2,4,0.8652322931034484
4,0,4,NaN
3,1,4,0.8827570506600473
3,1,4,NaN
4,0,4,NaN
2,2,4,0.11004266429364606
3,1,4,NaN
4,0,4,0.8006696868167401
2,2,4,0.9663500458367166
1,3,4,NaN
2,2,4,NaN
3,1,4,0.22498386269722465
4,0,4,NaN
3,1,4,NaN
3,1,4,0.46245369436605144
4,0,4,0.18348414923983342
3,1,4,0.002097270672082325
4,0,4,0.7423423413009405
4,0,4,0.6717661875924231
3,1,4,NaN
4,0,4,NaN
3,1,4,NaN
2,2,4,0.0630282359819421
4,0,4,0.4155618969404342
3,1,4,0.8237080657963236
3,1,4,NaN
2,2,4,0.7092033041123709
2,2,4,0.5854840355225887
1,3,4,NaN
3,1,4,NaN
4,0,4,0.032853775051729074
2,2,4,NaN
4,0,4,NaN
2,2,4,NaN
2,2,4,0.6386796318110681
1,3,4,0.49543559874771725
1,3,4,NaN
4,0,4,0.9024871747604102
2,2,4,0.9663500458367166
3,1,4,NaN
4,0,4,NaN
4,0,4,NaN
3,1,4,0.018854717067612853
4,0,4,NaN
3,1,4,NaN
4,0,4,NaN
1,3,4,0.7423423413009405
3,1,4,0.053556438906752275
3,1,4,0.031334283615135884
1,3,4,0.7726517314264018
3,1,4,0.6717661875924231
4,0,4,0.9663500458367166
3,1,4,0.49543559874771725
1,3,4,0.631220773570296
4,0,4,NaN
1,3,4,NaN
2,2,4,0.6717661875924231
4,0,4,NaN
3,1,4,0.6034053153223242
1,3,4,0.0008609558823526643
4,0,4,0.9999025693857153
3,1,4,NaN
4,0,4,0.631220773570296
4,0,4,NaN
2,2,4,NaN
2,2,4,0.15938727449707998
4,0,4,0.8006696868167401
4,0,4,NaN
4,0,4,0.4475557477195245
4,0,4,NaN
2,2,4,NaN
3,1,4,NaN
3,1,4,NaN
1,3,4,0.4475557477195245
4,0,4,NaN
4,0,4,0.5802917560236949
4,0,4,0.24290906152647984
4,0,4,NaN
2,2,4,0.7423423413009405
4,0,4,0.9272124484159221
2,2,4,NaN
3,1,4,0.8237080657963236
4,0,4,NaN
4,0,4,NaN
3,1,4,0.18348414923983342
2,2,4,NaN
3,1,4,0.11883195402292496
3,1,4,0.5865196674031864
2,2,4,0.5183374556419776
2,2,4,NaN
1,3,4,NaN
4,0,4,0.3557510427918548
3,1,4,NaN
4,0,4,NaN
3,1,4,0.2783692877527476
4,0,4,NaN
3,1,4,NaN
4,0,4,NaN
4,0,4,0.8652322931034484
4,0,4,0.4155618969404342
2,2,4,NaN
3,1,4,NaN
4,0,4,NaN
3,1,4,0.631220773570296
3,1,4,NaN
2,2,4,0.4475557477195245
3,1,4,NaN
2,2,4,NaN
3,1,4,NaN
4,0,4,NaN
4,0,4,NaN
4,0,4,0.3557510427918548
2,2,4,NaN
4,0,4,0.032853775051729074
4,0,4,NaN
4,0,4,NaN
4,0,4,NaN
4,0,4,0.7092033041123709
4,0,4,NaN
1,3,4,0.7008889145275486
3,1,4,NaN
3,1,4,0.49543559874771725
2,2,4,0.10032275229784271
3,1,4,0.4155618969404342
3,1,4,NaN
2,2,4,NaN
4,0,4,NaN
3,1,4,NaN
4,0,4,0.6717661875924231
4,0,4,NaN
2,2,4,NaN
4,0,4,NaN
3,1,4,NaN
4,0,4,NaN
4,0,4,NaN
4,0,4,0.6632766088524773
1,3,4,0.15938727449707998
3,1,4,0.20829546022489856
2,2,4,0.002761612741626664
4,0,4,NaN
3,1,4,0.8237080657963236
3,1,4,0.24290906152647984
3,1,4,0.5183374556419776
3,1,4,0.9733084005106692
4,0,4,0.24290906152647984
3,1,4,NaN
4,0,4,NaN
3,1,4,0.15938727449707998
2,2,4,NaN
3,1,4,0.9493033010224405
4,0,4,NaN
2,2,4,NaN
4,0,4,NaN
4,0,4,0.3557510427918548
4,0,4,NaN
4,0,4,NaN
3,1,4,0.4011103777394731
4,0,4,NaN
3,1,4,0.019144740593394084
4,0,4,0.8827570506600473
4,0,4,NaN
1,3,4,0.8827570506600473
4,0,4,NaN
4,0,4,0.8006696868167401
1,3,4,0.007349342594627595
3,1,4,0.9815242651836288
4,0,4,NaN
4,0,4,NaN
4,0,4,NaN
4,0,4,NaN
4,0,4,NaN
4,0,4,NaN
3,1,4,0.6717661875924231
4,0,4,NaN
4,0,4,0.8237080657963236
4,0,4,0.0630282359819421
1,3,4,NaN
3,1,4,NaN
3,1,4,NaN
1,3,4,0.3328591195597807
4,0,4,NaN
4,0,4,0.5351076851684858
4,0,4,NaN
2,2,4,NaN
4,0,4,NaN
4,0,4,NaN
1,3,4,0.49543559874771725
3,1,4,0.8450772854630715
2,2,4,0.11735031057960332
4,0,4,NaN
3,1,4,0.8237080657963236
4,0,4,0.7935477201410412
4,0,4,NaN
4,0,4,0.9037646723138313
3,1,4,0.8652322931034484
3,1,4,NaN
4,0,4,NaN
2,2,4,0.9885707782763422
4,0,4,NaN
4,0,4,NaN
1,3,4,NaN
4,0,4,0.49543559874771725
2,2,4,NaN
3,1,4,0.5865196674031864
4,0,4,NaN
4,0,4,0.8079928207706086
4,0,4,0.4475557477195245
4,0,4,NaN
4,0,4,0.8653855357790629
3,1,4,NaN
3,1,4,NaN
1,3,4,NaN
1,3,4,NaN
2,2,4,0.8450772854630715
2,2,4,0.44152408950629995
4,0,4,NaN
3,1,4,0.08612589160650815
4,0,4,NaN
4,0,4,NaN
4,0,4,NaN
4,0,4,NaN
1,3,4,NaN
3,1,4,NaN
2,2,4,NaN
4,0,4,NaN
4,0,4,0.49543559874771725
4,0,4,NaN
4,0,4,NaN
2,2,4,NaN
4,0,4,NaN
2,2,4,NaN
3,1,4,6.585244431616714e-5
3,1,4,0.8652322931034484
3,1,4,NaN
4,0,4,NaN
1,3,4,NaN
4,0,4,NaN
4,0,4,0.012454358491824238
3,1,4,0.9590286414731528
3,1,4,0.4475557477195245
4,0,4,0.02787455723542097
3,1,4,0.6717661875924231
3,1,4,NaN
3,1,4,NaN
3,1,4,0.631220773570296
4,0,4,NaN
2,2,4,0.546152762799012
2,2,4,0.4011103777394731
3,1,4,0.0630282359819421
4,0,4,NaN
3,1,4,0.17239957638594303
4,0,4,NaN
4,0,4,NaN
4,0,4,NaN
4,0,4,NaN
4,0,4,NaN
4,0,4,NaN
1,3,4,0.21185071034975703
1,3,4,NaN
1,3,4,NaN
4,0,4,0.4475557477195245
2,2,4,NaN
1,3,4,NaN
3,1,4,0.7423423413009405
3,1,4,0.9001259164326818
3,1,4,NaN
1,3,4,0.8006696868167401
2,2,4,0.1557000446926056
4,0,4,NaN
4,0,4,0.5417209770628222
3,1,4,0.7423423413009405
4,0,4,NaN
1,3,4,0.5417209770628222
2,2,4,0.4786101457863796
4,0,4,0.0026035209678680307
1,3,4,0.4011103777394731
1,3,4,NaN
4,0,4,NaN
3,1,4,NaN
4,0,4,0.8237080657963236
3,1,4,NaN
4,0,4,NaN
3,1,4,0.10032275229784271
3,1,4,NaN
1,3,4,0.01535304931771443
4,0,4,NaN
4,0,4,0.6358441616266302
2,2,4,NaN
2,2,4,NaN
4,0,4,0.6363457205872601
4,0,4,NaN
4,0,4,0.11735031057960332
2,2,4,NaN
4,0,4,0.8652322931034484
2,2,4,0.9889803432472386
4,0,4,0.8450772854630715
4,0,4,NaN
3,1,4,NaN
2,2,4,0.4011103777394731
4,0,4,NaN
4,0,4,NaN
3,1,4,0.9733084005106692
2,2,4,NaN
2,2,4,NaN
3,1,4,NaN
4,0,4,NaN
4,0,4,0.8006696868167401
2,2,4,NaN
2,2,4,NaN
4,0,4,NaN
3,1,4,NaN
3,1,4,NaN
4,0,4,NaN
4,0,4,NaN
3,1,4,NaN
2,2,4,NaN
2,2,4,0.9794609345381463
4,0,4,NaN
4,0,4,NaN
2,2,4,NaN
4,0,4,0.9335053885363508
3,1,4,NaN
4,0,4,0.5865196674031864
4,0,4,NaN
2,2,4,0.0035214879932173168
4,0,4,NaN
3,1,4,0.3557510427918548
2,2,4,NaN
4,0,4,NaN
2,2,4,0.8835484276515241
4,0,4,NaN
4,0,4,NaN
4,0,4,0.21185071034975703
4,0,4,0.08612589160650815
3,1,4,NaN
4,0,4,NaN
2,2,4,NaN
4,0,4,NaN
2,2,4,NaN
2,2,4,NaN
4,0,4,0.8524802845089371
2,2,4,NaN
4,0,4,NaN
4,0,4,NaN
1,3,4,NaN
4,0,4,NaN
2,2,4,0.03831329598506057
4,0,4,NaN
2,2,4,0.7423423413009405
3,1,4,0.014083062671580533
4,0,4,0.11735031057960332
3,1,4,0.2687988404175689
4,0,4,NaN
4,0,4,0.631220773570296
3,1,4,NaN
2,2,4,0.11735031057960332
4,0,4,0.4011103777394731
4,0,4,NaN
3,1,4,0.8802899068977281
4,0,4,NaN
3,1,4,NaN
4,0,4,NaN
2,2,4,0.00010998739681810111
4,0,4,NaN
3,1,4,0.08612589160650815
1,3,4,0.49543559874771725
3,1,4,NaN
4,0,4,0.7726517314264018
2,2,4,0.07946974887892551
4,0,4,NaN
4,0,4,NaN
4,0,4,0.15938727449707998
4,0,4,0.8237080657963236
1,3,4,NaN
2,2,4,0.9590286414731528
3,1,4,NaN
4,0,4,0.8237080657963236
4,0,4,0.24290906152647984
4,0,4,0.9885707782763422
4,0,4,0.0467115594787914
3,1,4,0.3557510427918548
2,2,4,0.49543559874771725
2,2,4,NaN
2,2,4,NaN
3,1,4,NaN
4,0,4,NaN
3,1,4,NaN
4,0,4,NaN
2,2,4,NaN
3,1,4,NaN
3,1,4,NaN
4,0,4,0.7092033041123709
2,2,4,NaN
4,0,4,NaN
2,2,4,0.023437746643316073
3,1,4,0.49543559874771725
3,1,4,0.4011103777394731
4,0,4,0.31538291069709495
4,0,4,0.9841738135856081
3,1,4,NaN
2,2,4,0.8652322931034484
4,0,4,0.7092033041123709
4,0,4,NaN
4,0,4,NaN
4,0,4,0.7092033041123709
1,3,4,NaN
4,0,4,NaN
2,2,4,0.5865196674031864
4,0,4,NaN
4,0,4,0.4011103777394731
3,1,4,NaN
2,2,4,0.023437746643316073
3,1,4,0.800762620430346
4,0,4,NaN
3,1,4,NaN
3,1,4,NaN
3,1,4,NaN
2,2,4,NaN
4,0,4,NaN
3,1,4,NaN
4,0,4,0.13695747655435897
3,1,4,NaN
4,0,4,NaN
3,1,4,NaN
3,1,4,NaN
4,0,4,NaN
2,2,4,NaN
4,0,4,NaN
1,3,4,NaN
4,0,4,NaN
4,0,4,0.07057427857169761
4,0,4,0.001324798885686015
2,2,4,0.8827570506600473
2,2,4,0.18348414923983342
4,0,4,NaN
3,1,4,NaN
3,1,4,0.2783692877527476
2,2,4,NaN
4,0,4,NaN
4,0,4,NaN
4,0,4,NaN
1,3,4,NaN
4,0,4,NaN
3,1,4,NaN
4,0,4,NaN
3,1,4,NaN
3,1,4,NaN
3,1,4,NaN
4,0,4,NaN
4,0,4,NaN
3,1,4,NaN
3,1,4,0.016656938369781698
3,1,4,0.6505330281640209
4,0,4,NaN
3,1,4,NaN
2,2,4,NaN
3,1,4,0.8827570506600473
3,1,4,0.24290906152647984
4,0,4,NaN
3,1,4,NaN
3,1,4,NaN
4,0,4,NaN
2,2,4,0.039357396175288446
3,1,4,NaN
2,2,4,NaN
3,1,4,NaN
1,3,4,NaN
4,0,4,0.6717661875924231
4,0,4,NaN
4,0,4,0.11735031057960332
1,3,4,NaN
2,2,4,0.7092033041123709
2,2,4,NaN
4,0,4,0.4011103777394731
2,2,4,0.3557510427918548
2,2,4,NaN
3,1,4,0.3557510427918548
4,0,4,NaN
3,1,4,NaN
4,0,4,0.08612589160650815
4,0,4,NaN
3,1,4,0.7423423413009405
4,0,4,0.8012183129642948
4,0,4,NaN
2,2,4,0.18348414923983342
1,3,4,NaN
4,0,4,NaN
4,0,4,NaN
3,1,4,NaN
4,0,4,NaN
3,1,4,NaN
2,2,4,0.9122683124263887
2,2,4,NaN
3,1,4,NaN
4,0,4,0.7092033041123709
2,2,4,NaN
4,0,4,NaN
4,0,4,0.7092033041123709
4,0,4,NaN
4,0,4,NaN
4,0,4,0.0630282359819421
3,1,4,NaN
4,0,4,NaN
3,1,4,NaN
3,1,4,0.8450772854630715
3,1,4,NaN
2,2,4,NaN
2,2,4,0.5737458270684518
2,2,4,NaN
4,0,4,NaN
4,0,4,NaN
3,1,4,0.631220773570296
3,1,4,NaN
4,0,4,0.24290906152647984
1,3,4,NaN
4,0,4,0.31538291069709495
1,3,4,NaN
4,0,4,0.9733084005106692
4,0,4,0.07361819104140599
2,2,4,0.9756567266031227
3,1,4,0.2783692877527476
4,0,4,NaN
2,2,4,NaN
4,0,4,NaN
4,0,4,0.997665829571106
4,0,4,0.9001259164326818
4,0,4,0.3557510427918548
2,2,4,NaN
4,0,4,NaN
4,0,4,NaN
2,2,4,0.011335119107957231
4,0,4,NaN
2,2,4,NaN
4,0,4,NaN
2,2,4,NaN
4,0,4,NaN
3,1,4,NaN
2,2,4,NaN
3,1,4,NaN
3,1,4,NaN
4,0,4,0.7726517314264018
3,1,4,0.21185071034975703
3,1,4,0.24290906152647984
2,2,4,0.6767110813367878
4,0,4,NaN
4,0,4,NaN
4,0,4,0.7726517314264018
4,0,4,NaN
3,1,4,0.04531425270758149
1,3,4,NaN
3,1,4,0.3557510427918548
3,1,4,0.18348414923983342
3,1,4,0.24290906152647984
4,0,4,0.8006696868167401
2,2,4,0.16781602114689959
4,0,4,NaN
3,1,4,NaN
2,2,4,NaN
4,0,4,0.5008649244965916
2,2,4,0.24290906152647984
4,0,4,0.07361819104140599
1,3,4,NaN
2,2,4,NaN
4,0,4,NaN
3,1,4,NaN
1,3,4,0.28546291073438385
1,3,4,0.7423423413009405
4,0,4,0.49543559874771725
1,3,4,0.004243052065979369
4,0,4,1.5012533401889603e-7
3,1,4,NaN
2,2,4,0.4475557477195245
1,3,4,0.5417209770628222
1,3,4,0.9272124484159221
3,1,4,NaN
3,1,4,NaN
4,0,4,NaN
3,1,4,0.6717661875924231
4,0,4,NaN
2,2,4,NaN
4,0,4,NaN
2,2,4,NaN
3,1,4,NaN
4,0,4,0.975570842472078
4,0,4,NaN
4,0,4,NaN
2,2,4,0.11735031057960332
3,1,4,NaN
3,1,4,NaN
3,1,4,0.6204770364471659
4,0,4,NaN
4,0,4,0.019649466900605927
4,0,4,NaN
3,1,4,0.31538291069709495
3,1,4,NaN
1,3,4,0.49543559874771725
4,0,4,NaN
3,1,4,NaN
4,0,4,0.11735031057960332
2,2,4,NaN
4,0,4,NaN
1,3,4,NaN
4,0,4,NaN
3,1,4,NaN
1,3,4,0.6871490121725579
3,1,4,NaN
2,2,4,0.49543559874771725
4,0,4,0.5417209770628222
4,0,4,0.16595821610837969
3,1,4,0.49543559874771725
3,1,4,NaN
3,1,4,0.07361819104140599
4,0,4,NaN
4,0,4,0.9789190809366978
4,0,4,NaN
3,1,4,NaN
3,1,4,NaN
2,2,4,0.7726517314264018
1,3,4,0.01384068834559692
3,1,4,0.7092033041123709
4,0,4,0.0630282359819421
4,0,4,NaN
3,1,4,0.7869407257884593
4,0,4,0.15938727449707998
3,1,4,0.631220773570296
4,0,4,0.08612589160650815
4,0,4,0.8652322931034484
4,0,4,NaN
2,2,4,0.5865196674031864
4,0,4,0.8450772854630715
1,3,4,NaN
2,2,4,0.21185071034975703
4,0,4,NaN
1,3,4,0.6717661875924231
4,0,4,NaN
4,0,4,0.21185071034975703
2,2,4,NaN
3,1,4,NaN
2,2,4,NaN
1,3,4,NaN
2,2,4,NaN
3,1,4,NaN
2,2,4,NaN
3,1,4,0.03831329598506057
3,1,4,0.7726517314264018
3,1,4,NaN
3,1,4,NaN
3,1,4,0.03378436049674295
3,1,4,NaN
3,1,4,NaN
3,1,4,0.8450772854630715
4,0,4,NaN
4,0,4,NaN
3,1,4,NaN
2,2,4,NaN
2,2,4,NaN
4,0,4,NaN
3,1,4,0.18348414923983342
3,1,4,NaN
4,0,4,NaN
3,1,4,0.10032275229784271
4,0,4,NaN
3,1,4,NaN
4,0,4,NaN
4,0,4,0.9590286414731528
1,3,4,NaN
3,1,4,NaN
3,1,4,NaN
3,1,4,NaN
3,1,4,0.21185071034975703
3,1,4,0.08612589160650815
3,1,4,NaN
2,2,4,0.17333563068094793
3,1,4,NaN
3,1,4,NaN
4,0,4,NaN
4,0,4,0.8222359858287277
4,0,4,0.3557510427918548
4,0,4,0.4475557477195245
4,0,4,NaN
4,0,4,NaN
4,0,4,0.4475557477195245
3,1,4,NaN
4,0,4,NaN
3,1,4,NaN
3,1,4,NaN
4,0,4,0.49543559874771725
4,0,4,NaN
3,1,4,0.9590286414731528
4,0,4,0.023437746643316073
4,0,4,0.04531425270758149
2,2,4,0.8006696868167401
3,1,4,0.0028788935843253277
3,1,4,NaN
4,0,4,0.8450772854630715
3,1,4,0.7092033041123709
4,0,4,NaN
4,0,4,0.5865196674031864
3,1,4,NaN
2,2,4,NaN
3,1,4,0.2783692877527476
3,1,4,NaN
2,2,4,NaN
2,2,4,0.9493033010224405
2,2,4,0.002174644490643963
3,1,4,0.5865196674031864
1,3,4,0.4475557477195245
1,3,4,0.7092033041123709
3,1,4,NaN
3,1,4,NaN
3,1,4,0.31538291069709495
3,1,4,NaN
2,2,4,0.11735031057960332
3,1,4,NaN
4,0,4,NaN
4,0,4,NaN
3,1,4,NaN
1,3,4,0.8006696868167401
2,2,4,NaN
4,0,4,NaN
3,1,4,NaN
3,1,4,0.5417209770628222
3,1,4,0.31538291069709495
3,1,4,0.9841738135856081
4,0,4,NaN
1,3,4,0.9001259164326818
2,2,4,0.06529835467430033
4,0,4,0.11735031057960332
2,2,4,NaN
2,2,4,0.2750595555450524
3,1,4,NaN
3,1,4,0.24290906152647984
4,0,4,NaN
4,0,4,NaN
2,2,4,NaN
4,0,4,0.0833723867399193
3,1,4,NaN
1,3,4,0.9396124013901456
2,2,4,0.15938727449707998
4,0,4,0.023437746643316073
2,2,4,0.7880528047596678
4,0,4,0.32135031818130005
4,0,4,NaN
3,1,4,NaN
2,2,4,0.5865196674031864
3,1,4,NaN
2,2,4,NaN
1,3,4,0.31538291069709495
2,2,4,NaN
2,2,4,NaN
3,1,4,0.7423423413009405
3,1,4,0.24290906152647984
2,2,4,0.5417209770628222
2,2,4,0.18348414923983342
3,1,4,0.5417209770628222
4,0,4,NaN
2,2,4,NaN
3,1,4,0.24290906152647984
3,1,4,0.7092033041123709
3,1,4,NaN
3,1,4,0.9001259164326818
3,1,4,0.9590286414731528
3,1,4,NaN
4,0,4,0.06831992703274058
1,3,4,NaN
2,2,4,0.49543559874771725
3,1,4,NaN
4,0,4,NaN
3,1,4,0.24290906152647984
3,1,4,0.9394569650180941
2,2,4,0.06974711180439698
3,1,4,NaN
4,0,4,NaN
3,1,4,NaN
1,3,4,NaN
3,1,4,NaN
4,0,4,NaN
2,2,4,NaN
4,0,4,NaN
4,0,4,NaN
4,0,4,1.9122892026484986e-7
2,2,4,0.9663500458367166
1,3,4,NaN
4,0,4,NaN
2,2,4,0.5417209770628222
3,1,4,0.8006696868167401
4,0,4,NaN
2,2,4,0.15938727449707998
4,0,4,0.5417209770628222
2,2,4,NaN
4,0,4,NaN
3,1,4,0.4475557477195245
3,1,4,0.631220773570296
4,0,4,NaN
3,1,4,NaN
4,0,4,NaN
3,1,4,0.5430986004575281
4,0,4,0.8802899068977281
4,0,4,0.019796251803769704
3,1,4,0.6717661875924231
3,1,4,0.7423423413009405
4,0,4,0.08612589160650815
3,1,4,NaN
2,2,4,0.4011103777394731
4,0,4,NaN
1,3,4,0.3557510427918548
3,1,4,0.11888098643898644
4,0,4,0.7880528047596678
4,0,4,NaN
3,1,4,0.5180838030620013
3,1,4,NaN
4,0,4,NaN
2,2,4,0.6386796318110681
3,1,4,NaN
2,2,4,NaN
4,0,4,NaN
2,2,4,0.019796251803769704
4,0,4,0.04531425270758149
4,0,4,0.4475557477195245
4,0,4,0.07361819104140599
2,2,4,NaN
4,0,4,0.49543559874771725
4,0,4,0.5865196674031864
3,1,4,NaN
4,0,4,NaN
4,0,4,NaN
3,1,4,0.15938727449707998
4,0,4,0.7423423413009405
4,0,4,NaN
2,2,4,0.21185071034975703
3,1,4,0.15938727449707998
4,0,4,NaN
3,1,4,0.7092033041123709
2,2,4,0.8450772854630715
3,1,4,NaN
2,2,4,0.8652322931034484
2,2,4,NaN
4,0,4,0.3557510427918548
4,0,4,NaN
3,1,4,NaN
2,2,4,NaN
3,1,4,0.9272124484159221
3,1,4,NaN
4,0,4,0.21185071034975703
3,1,4,0.8237080657963236
3,1,4,NaN
4,0,4,0.31538291069709495
4,0,4,NaN
3,1,4,NaN
4,0,4,NaN
4,0,4,NaN
3,1,4,NaN
4,0,4,0.0005962824463083237
4,0,4,NaN
2,2,4,0.00021097297297318395
4,0,4,0.49543559874771725
1,3,4,0.4011103777394731
3,1,4,0.8006696868167401
2,2,4,NaN
1,3,4,NaN
4,0,4,NaN
3,1,4,0.4011103777394731
3,1,4,0.014898562539721622
1,3,4,0.9663500458367166
2,2,4,0.8450772854630715
2,2,4,NaN
3,1,4,NaN
1,3,4,NaN
2,2,4,0.03831329598506057
1,3,4,NaN
4,0,4,NaN
4,0,4,NaN
4,0,4,NaN
3,1,4,0.7092033041123709
3,1,4,NaN
4,0,4,NaN
1,3,4,NaN
3,1,4,NaN
4,0,4,0.2783692877527476
3,1,4,NaN
3,1,4,0.016656938369781698
2,2,4,NaN
4,0,4,0.016656938369781698
3,1,4,0.11735031057960332
3,1,4,NaN
4,0,4,0.5417209770628222
2,2,4,NaN
4,0,4,NaN
3,1,4,NaN
4,0,4,0.3557510427918548
4,0,4,NaN
2,2,4,NaN
2,2,4,NaN
4,0,4,0.4833797088764611
2,2,4,NaN
4,0,4,NaN
1,3,4,0.2668400346081453
3,1,4,0.2783692877527476
4,0,4,0.5802917560236949
2,2,4,0.8652322931034484
4,0,4,NaN
4,0,4,NaN
3,1,4,0.631220773570296
4,0,4,NaN
2,2,4,0.019796251803769704
1,3,4,NaN
2,2,4,0.631220773570296
3,1,4,NaN
3,1,4,NaN
2,2,4,NaN
4,0,4,NaN
4,0,4,0.0006854121483438036
4,0,4,0.016656938369781698
4,0,4,NaN
4,0,4,NaN
4,0,4,NaN
4,0,4,NaN
4,0,4,NaN
4,0,4,NaN
3,1,4,NaN
2,2,4,0.9885707782763422
2,2,4,NaN
4,0,4,0.04531425270758149
3,1,4,0.00016422159887662522
1,3,4,NaN
4,0,4,0.8827570506600473
2,2,4,NaN
3,1,4,0.9493033010224405
4,0,4,NaN
3,1,4,NaN
4,0,4,NaN
4,0,4,NaN
3,1,4,0.1287645457059199
4,0,4,NaN
4,0,4,NaN
4,0,4,0.9001259164326818
3,1,4,0.05699841266500686
3,1,4,NaN
3,1,4,0.8827570506600473
4,0,4,0.9394569650180941
2,2,4,NaN
4,0,4,0.631220773570296
4,0,4,NaN
4,0,4,0.631220773570296
3,1,4,4.800624598404705e-5
1,3,4,0.07361819104140599
2,2,4,NaN
4,0,4,NaN
3,1,4,NaN
2,2,4,0.21185071034975703
4,0,4,0.7726517314264018
4,0,4,0.9841738135856081
4,0,4,NaN
3,1,4,NaN
4,0,4,0.8237080657963236
4,0,4,NaN
2,2,4,0.7423423413009405
4,0,4,0.8450772854630715
3,1,4,0.13695747655435897
4,0,4,0.41471216893803126
4,0,4,NaN
4,0,4,NaN
3,1,4,NaN
3,1,4,0.9916966421839661
4,0,4,0.023437746643316073
4,0,4,0.019796251803769704
2,2,4,NaN
2,2,4,0.7726517314264018
3,1,4,NaN
4,0,4,NaN
3,1,4,NaN
3,1,4,NaN
4,0,4,NaN
4,0,4,NaN
3,1,4,NaN
3,1,4,0.4475557477195245
1,3,4,NaN
1,3,4,0.21185071034975703
1,3,4,NaN
4,0,4,NaN
3,1,4,NaN
4,0,4,NaN
4,0,4,NaN
4,0,4,NaN
4,0,4,NaN
4,0,4,NaN
4,0,4,NaN
4,0,4,NaN
3,1,4,NaN
3,1,4,0.8827570506600473
3,1,4,0.007349342594627595
3,1,4,NaN
4,0,4,NaN
2,2,4,0.10032275229784271
2,2,4,0.9263616469895146
3,1,4,NaN
2,2,4,NaN
3,1,4,0.7738393337297048
3,1,4,0.3557510427918548
4,0,4,0.0016088414579223701
4,0,4,NaN
4,0,4,NaN
2,2,4,NaN
4,0,4,NaN
4,0,4,0.03831329598506057
3,1,4,NaN
2,2,4,0.24290906152647984
2,2,4,0.9663500458367166
1,3,4,NaN
4,0,4,0.5417209770628222
3,1,4,0.2783692877527476
3,1,4,NaN
4,0,4,NaN
4,0,4,0.9493033010224405
4,0,4,NaN
4,0,4,0.11670177417344978
4,0,4,NaN
3,1,4,0.07193862879016444
4,0,4,0.5417209770628222
1,3,4,NaN
3,1,4,NaN
4,0,4,0.24290906152647984
4,0,4,NaN
3,1,4,NaN
3,1,4,NaN
4,0,4,NaN
4,0,4,0.8827570506600473
3,1,4,NaN
2,2,4,0.7092033041123709
1,3,4,0.4694629602556395
4,0,4,0.5865196674031864
2,2,4,0.7726517314264018
4,0,4,0.10032275229784271
2,2,4,0.8652322931034484
4,0,4,0.005521931915275196
4,0,4,NaN
4,0,4,NaN
2,2,4,NaN
2,2,4,NaN
3,1,4,0.08612589160650815
4,0,4,0.49543559874771725
4,0,4,NaN
4,0,4,0.8652322931034484
4,0,4,0.4011103777394731
2,2,4,NaN
3,1,4,0.631220773570296
4,0,4,NaN
4,0,4,NaN
4,0,4,0.18348414923983342
2,2,4,0.5865196674031864
2,2,4,NaN
2,2,4,0.6717661875924231
3,1,4,NaN
4,0,4,0.15938727449707998
3,1,4,NaN
4,0,4,NaN
4,0,4,0.2157577586715062
4,0,4,0.5587721585107637
4,0,4,NaN
4,0,4,NaN
1,3,4,0.13695747655435897
4,0,4,NaN
4,0,4,NaN
4,0,4,NaN
3,1,4,0.6717661875924231
4,0,4,NaN
2,2,4,0.9916966421839661
3,1,4,NaN
3,1,4,0.4144725532144906
1,3,4,NaN
4,0,4,NaN
4,0,4,0.10032275229784271
2,2,4,0.8006696868167401
4,0,4,NaN
3,1,4,0.3557510427918548
4,0,4,0.4155618969404342
2,2,4,NaN
3,1,4,0.49543559874771725
4,0,4,NaN
4,0,4,NaN
2,2,4,NaN
3,1,4,0.10032275229784271
1,3,4,NaN
4,0,4,0.10032275229784271
4,0,4,0.24290906152647984
2,2,4,0.3557510427918548
4,0,4,0.4831443484583943
4,0,4,0.8450772854630715
3,1,4,NaN
2,2,4,NaN
3,1,4,NaN
3,1,4,NaN
4,0,4,0.8237080657963236
3,1,4,0.016656938369781698
4,0,4,0.9272124484159221
4,0,4,0.7423423413009405
3,1,4,NaN
3,1,4,NaN
4,0,4,NaN
3,1,4,0.5417209770628222
4,0,4,0.5865196674031864
4,0,4,0.0032344506104328807
4,0,4,NaN
4,0,4,NaN
1,3,4,NaN
3,1,4,0.07361819104140599
3,1,4,NaN
3,1,4,0.6717661875924231
3,1,4,0.004692738019516468
4,0,4,0.10032275229784271
3,1,4,0.49543559874771725
2,2,4,0.19159711197536944
2,2,4,0.5430986004575281
3,1,4,0.6717661875924231
4,0,4,NaN
4,0,4,NaN
4,0,4,NaN
2,2,4,NaN
4,0,4,NaN
3,1,4,0.8827570506600473
4,0,4,0.6021883752825276
3,1,4,0.8237080657963236
4,0,4,NaN
4,0,4,NaN
4,0,4,0.31538291069709495
2,2,4,0.3557510427918548
1,3,4,NaN
3,1,4,0.5865196674031864
3,1,4,0.24290906152647984
4,0,4,0.6135282628999283
3,1,4,0.5865196674031864
2,2,4,0.6717661875924231
3,1,4,0.21185071034975703
4,0,4,0.5417209770628222
2,2,4,NaN
4,0,4,NaN
4,0,4,NaN
4,0,4,0.3557510427918548
4,0,4,NaN
4,0,4,0.8006696868167401
2,2,4,NaN
2,2,4,0.5773362437137952
4,0,4,NaN
4,0,4,NaN
3,1,4,0.2811512339687065
3,1,4,NaN
1,3,4,NaN
4,0,4,NaN
4,0,4,NaN
2,2,4,NaN
4,0,4,NaN
1,3,4,0.7092033041123709
4,0,4,0.019796251803769704
1,3,4,NaN
4,0,4,0.40368797838720527
2,2,4,0.3557510427918548
3,1,4,NaN
4,0,4,NaN
3,1,4,0.7092033041123709
4,0,4,NaN
4,0,4,NaN
4,0,4,NaN
3,1,4,0.8006696868167401
1,3,4,0.15938727449707998
3,1,4,0.009325005405405363
1,3,4,NaN
1,3,4,0.0630282359819421
3,1,4,0.5417209770628222
4,0,4,NaN
3,1,4,0.3113494210250248
4,0,4,0.7726517314264018
4,0,4,NaN
1,3,4,0.8006586145440605
2,2,4,NaN
4,0,4,NaN
4,0,4,NaN
4,0,4,0.0630282359819421
4,0,4,NaN
2,2,4,NaN
3,1,4,NaN
4,0,4,NaN
4,0,4,NaN
4,0,4,NaN
3,1,4,NaN
2,2,4,0.4475557477195245
3,1,4,NaN
3,1,4,NaN
4,0,4,NaN
3,1,4,0.02787455723542097
4,0,4,NaN
4,0,4,0.8006696868167401
4,0,4,NaN
4,0,4,NaN
3,1,4,NaN
1,3,4,0.017491153496117618
4,0,4,0.2783692877527476
4,0,4,NaN
4,0,4,0.9001259164326818
4,0,4,NaN
3,1,4,0.08393888398961358
2,2,4,0.5085888036623277
3,1,4,0.7423423413009405
4,0,4,NaN
4,0,4,NaN
3,1,4,NaN
3,1,4,NaN
4,0,4,NaN
2,2,4,NaN
1,3,4,0.02787455723542097
3,1,4,NaN
4,0,4,0.9493033010224405
1,3,4,NaN
4,0,4,NaN
2,2,4,NaN
4,0,4,NaN
4,0,4,NaN
4,0,4,0.35648023105927507
2,2,4,NaN
4,0,4,0.7423423413009405
4,0,4,NaN
3,1,4,0.8237080657963236
3,1,4,0.31538291069709495
4,0,4,0.8450772854630715
4,0,4,NaN
3,1,4,0.13695747655435897
2,2,4,0.9885707782763422
4,0,4,NaN
3,1,4,0.24290906152647984
4,0,4,NaN
3,1,4,NaN
2,2,4,NaN
2,2,4,0.06669386374370258
3,1,4,NaN
4,0,4,NaN
3,1,4,0.21490710616703504
2,2,4,NaN
4,0,4,NaN
3,1,4,NaN
2,2,4,0.24290906152647984
4,0,4,0.9866589123542336
3,1,4,NaN
2,2,4,0.5417209770628222
4,0,4,NaN
3,1,4,NaN
4,0,4,0.3557510427918548
4,0,4,0.07361819104140599
2,2,4,NaN
2,2,4,0.5417209770628222
3,1,4,NaN
4,0,4,NaN
2,2,4,NaN
2,2,4,0.10032275229784271
4,0,4,0.8450772854630715
4,0,4,0.3557510427918548
4,0,4,NaN
3,1,4,0.7092033041123709
1,3,4,NaN
3,1,4,0.8006696868167401
4,0,4,NaN
4,0,4,0.8006696868167401
4,0,4,NaN
4,0,4,NaN
3,1,4,0.024729265768079406
4,0,4,NaN
3,1,4,0.006615922891787756
2,2,4,0.5865196674031864
2,2,4,0.21185071034975703
2,2,4,0.0630282359819421
4,0,4,0.8450772854630715
4,0,4,0.880812989718876
4,0,4,0.10383967051089961
4,0,4,0.5417209770628222
4,0,4,NaN
4,0,4,0.011155119903443665
3,1,4,0.8237080657963236
3,1,4,0.03831329598506057
2,2,4,NaN
3,1,4,NaN
4,0,4,NaN
2,2,4,NaN
4,0,4,NaN
4,0,4,NaN
3,1,4,0.7423423413009405
3,1,4,NaN
3,1,4,0.053556438906752275
4,0,4,0.7726517314264018
4,0,4,NaN
1,3,4,NaN
3,1,4,NaN
1,3,4,NaN
1,3,4,NaN
2,2,4,NaN
3,1,4,0.6717661875924231
4,0,4,NaN
3,1,4,NaN
4,0,4,NaN
1,3,4,NaN
4,0,4,0.5865196674031864
4,0,4,NaN
4,0,4,0.7092033041123709
2,2,4,NaN
4,0,4,NaN
2,2,4,NaN
2,2,4,NaN
4,0,4,NaN
4,0,4,NaN
3,1,4,0.48945833991568644
2,2,4,NaN
4,0,4,NaN
1,3,4,NaN
4,0,4,0.9590286414731528
3,1,4,NaN
3,1,4,NaN
2,2,4,NaN
4,0,4,0.5865196674031864
1,3,4,0.631220773570296
2,2,4,0.7423423413009405
4,0,4,NaN
3,1,4,0.8237080657963236
3,1,4,0.053556438906752275
3,1,4,0.7092033041123709
3,1,4,0.24278096737270338
4,0,4,NaN
1,3,4,0.03490451021596331
2,2,4,0.053556438906752275
2,2,4,0.546152762799012
3,1,4,NaN
2,2,4,0.0051653647514528205
4,0,4,NaN
3,1,4,NaN
3,1,4,NaN
4,0,4,0.9272124484159221
3,1,4,NaN
3,1,4,0.10032275229784271
4,0,4,NaN
4,0,4,0.8237080657963236
1,3,4,NaN
2,2,4,NaN
3,1,4,0.2783692877527476
4,0,4,0.7726517314264018
3,1,4,NaN
3,1,4,NaN
3,1,4,NaN
4,0,4,0.5865196674031864
3,1,4,NaN
3,1,4,NaN
3,1,4,NaN
2,2,4,0.7423423413009405
1,3,4,NaN
2,2,4,0.0007294643704149448
2,2,4,0.8450772854630715
1,3,4,NaN
2,2,4,NaN
4,0,4,0.4475557477195245
4,0,4,NaN
2,2,4,0.49680201880863273
3,1,4,NaN
4,0,4,NaN
4,0,4,NaN
4,0,4,0.7092033041123709
3,1,4,NaN
2,2,4,NaN
1,3,4,NaN
4,0,4,0.5417209770628222
4,0,4,0.9493033010224405
3,1,4,0.7092033041123709
3,1,4,0.04531425270758149
3,1,4,NaN
4,0,4,0.4475557477195245
3,1,4,NaN
4,0,4,NaN
4,0,4,0.6717661875924231
1,3,4,NaN
3,1,4,0.5865196674031864
4,0,4,NaN
1,3,4,0.11735031057960332
3,1,4,0.3534169740330682
4,0,4,NaN
3,1,4,0.31538291069709495
4,0,4,NaN
3,1,4,0.6717661875924231
4,0,4,NaN
3,1,4,NaN
3,1,4,0.9663500458367166
4,0,4,NaN
4,0,4,0.49543559874771725
4,0,4,NaN
1,3,4,0.04710586429197951
4,0,4,NaN
2,2,4,0.11735031057960332
4,0,4,NaN
3,1,4,0.8153467809355665
4,0,4,NaN
3,1,4,0.3901201530147684
2,2,4,0.4155618969404342
4,0,4,0.11735031057960332
3,1,4,0.21185071034975703
4,0,4,NaN
2,2,4,0.545442080694089
4,0,4,0.2783692877527476
4,0,4,NaN
3,1,4,0.11735031057960332
3,1,4,NaN
2,2,4,NaN
3,1,4,NaN
2,2,4,0.06260803999115534
4,0,4,NaN
3,1,4,0.07361819104140599
4,0,4,0.6702125184631231
4,0,4,NaN
2,2,4,0.7125497954121649
4,0,4,NaN
2,2,4,0.02787455723542097
4,0,4,0.15968498618355548
4,0,4,NaN
4,0,4,NaN
4,0,4,0.21185071034975703
2,2,4,NaN
4,0,4,NaN
4,0,4,NaN
4,0,4,NaN
3,1,4,0.631220773570296
3,1,4,NaN
2,2,4,NaN
3,1,4,0.4011103777394731
3,1,4,0.631220773570296
3,1,4,NaN
3,1,4,NaN
3,1,4,0.15938727449707998
2,2,4,NaN
4,0,4,NaN
3,1,4,0.18348414923983342
4,0,4,0.49543559874771725
3,1,4,NaN
4,0,4,0.8237080657963236
3,1,4,0.3557510427918548
3,1,4,NaN
4,0,4,NaN
4,0,4,NaN
2,2,4,NaN
4,0,4,NaN
4,0,4,0.4475557477195245
3,1,4,NaN
4,0,4,NaN
4,0,4,NaN
2,2,4,0.15938727449707998
4,0,4,NaN
4,0,4,NaN
3,1,4,0.7423423413009405
2,2,4,0.7726517314264018
2,2,4,NaN
3,1,4,0.5951421835397155
4,0,4,NaN
4,0,4,0.053556438906752275
3,1,4,NaN
2,2,4,NaN
1,3,4,NaN
4,0,4,NaN
4,0,4,0.9001259164326818
4,0,4,NaN
3,1,4,NaN
2,2,4,NaN
3,1,4,NaN
1,3,4,0.9245369492091288
4,0,4,0.9137791798943785
4,0,4,NaN
3,1,4,0.7423423413009405
4,0,4,NaN
2,2,4,NaN
3,1,4,NaN
4,0,4,0.9272124484159221
2,2,4,0.15938727449707998
3,1,4,NaN
3,1,4,NaN
3,1,4,0.4155618969404342
4,0,4,0.3557510427918548
4,0,4,NaN
3,1,4,0.8237080657963236
3,1,4,NaN
1,3,4,0.631220773570296
3,1,4,NaN
2,2,4,NaN
2,2,4,NaN
2,2,4,NaN
4,0,4,0.5417209770628222
2,2,4,0.49543559874771725
2,2,4,NaN
4,0,4,NaN
4,0,4,NaN
4,0,4,0.4475557477195245
4,0,4,0.997665829571106
3,1,4,0.3921225773990182
3,1,4,0.4011103777394731
3,1,4,0.546152762799012
1,3,4,0.8079928207706086
3,1,4,NaN
3,1,4,NaN
2,2,4,0.2918901956124787
4,0,4,0.10032275229784271
2,2,4,0.31538291069709495
3,1,4,0.02517334441643271
4,0,4,NaN
1,3,4,0.0630282359819421
4,0,4,NaN
4,0,4,0.5417209770628222
3,1,4,NaN
4,0,4,NaN
4,0,4,0.8652322931034484
3,1,4,NaN
3,1,4,0.49543559874771725
2,2,4,NaN
3,1,4,NaN
4,0,4,0.4011103777394731
4,0,4,0.11735031057960332
4,0,4,NaN
4,0,4,0.9001259164326818
3,1,4,NaN
2,2,4,0.18348414923983342
1,3,4,NaN
3,1,4,0.6950686511737141
4,0,4,0.15938727449707998
4,0,4,0.21185071034975703
4,0,4,NaN
4,0,4,0.9733084005106692
3,1,4,0.7423423413009405
2,2,4,0.49543559874771725
4,0,4,0.15938727449707998
2,2,4,0.9137791798943785
1,3,4,NaN
1,3,4,NaN
3,1,4,0.009325005405405363
3,1,4,0.631220773570296
4,0,4,NaN
4,0,4,NaN
4,0,4,0.15938727449707998
4,0,4,NaN
4,0,4,NaN
3,1,4,0.631220773570296
4,0,4,NaN
4,0,4,0.4011103777394731
4,0,4,0.3557510427918548
4,0,4,0.21185071034975703
2,2,4,0.5417209770628222
4,0,4,NaN
2,2,4,0.6717661875924231
4,0,4,0.8652322931034484
4,0,4,0.21185071034975703
4,0,4,NaN
4,0,4,NaN
4,0,4,NaN
4,0,4,NaN
3,1,4,0.026594646679114247
3,1,4,0.8237080657963236
1,3,4,0.9394569650180941
1,3,4,NaN
2,2,4,NaN
2,2,4,NaN
4,0,4,0.5417209770628222
2,2,4,0.4144725532144906
3,1,4,0.3557510427918548
3,1,4,NaN
2,2,4,2.4354023361300555e-10
4,0,4,NaN
4,0,4,0.8827570506600473
3,1,4,NaN
4,0,4,0.11735031057960332
2,2,4,NaN
4,0,4,NaN
4,0,4,NaN
3,1,4,NaN
4,0,4,0.4687423566214028
3,1,4,0.3557510427918548
3,1,4,NaN
4,0,4,0.4011103777394731
4,0,4,NaN
4,0,4,0.6717661875924231
4,0,4,NaN
2,2,4,0.8237080657963236
4,0,4,0.8450772854630715
3,1,4,0.18348414923983342
3,1,4,0.8006696868167401
2,2,4,0.18348414923983342
4,0,4,0.11735031057960332
4,0,4,NaN
4,0,4,NaN
4,0,4,NaN
3,1,4,0.24290906152647984
4,0,4,NaN
4,0,4,0.11735031057960332
3,1,4,NaN
4,0,4,NaN
4,0,4,NaN
4,0,4,0.631220773570296
4,0,4,0.8827570506600473
4,0,4,0.5417209770628222
4,0,4,0.18348414923983342
2,2,4,NaN
4,0,4,NaN
3,1,4,NaN
4,0,4,NaN
4,0,4,0.004243052065979369
3,1,4,NaN
3,1,4,0.923724448414321
4,0,4,NaN
3,1,4,0.08612589160650815
4,0,4,NaN
3,1,4,0.0630282359819421
1,3,4,NaN
4,0,4,0.6717661875924231
4,0,4,NaN
4,0,4,NaN
2,2,4,NaN
3,1,4,0.7423423413009405
4,0,4,0.7092033041123709
2,2,4,0.11735031057960332
3,1,4,NaN
4,0,4,NaN
2,2,4,0.9394569650180941
2,2,4,NaN
2,2,4,NaN
4,0,4,0.032853775051729074
3,1,4,NaN
4,0,4,0.001829175152409893
2,2,4,NaN
4,0,4,0.8827570506600473
4,0,4,NaN
2,2,4,NaN
3,1,4,0.07361819104140599
2,2,4,NaN
4,0,4,0.30954932779399413
3,1,4,NaN
3,1,4,NaN
4,0,4,0.9733084005106692
4,0,4,0.8652322931034484
4,0,4,NaN
3,1,4,0.21185071034975703
2,2,4,0.631220773570296
4,0,4,NaN
3,1,4,NaN
2,2,4,NaN
2,2,4,0.9394569650180941
4,0,4,0.5865196674031864
4,0,4,0.6717661875924231
3,1,4,NaN
4,0,4,NaN
3,1,4,NaN
1,3,4,NaN
4,0,4,NaN
4,0,4,NaN
1,3,4,0.31538291069709495
4,0,4,NaN
4,0,4,NaN
1,3,4,NaN
4,0,4,0.9733084005106692
2,2,4,NaN
3,1,4,0.006213043085494918
2,2,4,NaN
4,0,4,0.3892404650973566
3,1,4,NaN
3,1,4,NaN
2,2,4,0.21185071034975703
4,0,4,NaN
4,0,4,NaN
2,2,4,0.31538291069709495
4,0,4,0.4011103777394731
2,2,4,0.13695747655435897
1,3,4,0.5865196674031864
3,1,4,NaN
2,2,4,NaN
3,1,4,0.4475557477195245
3,1,4,0.31538291069709495
4,0,4,0.11735031057960332
2,2,4,0.016656938369781698
2,2,4,0.9272124484159221
4,0,4,NaN
3,1,4,NaN
1,3,4,0.7726517314264018
2,2,4,NaN
2,2,4,NaN
4,0,4,0.011335119107957231
2,2,4,NaN
4,0,4,NaN
2,2,4,0.01384068834559692
2,2,4,NaN
1,3,4,NaN
4,0,4,0.7726517314264018
4,0,4,NaN
4,0,4,NaN
3,1,4,NaN
3,1,4,NaN
3,1,4,NaN
4,0,4,NaN
4,0,4,NaN
4,0,4,0.023437746643316073
4,0,4,NaN
1,3,4,NaN
3,1,4,NaN
4,0,4,NaN
4,0,4,0.24290906152647984
1,3,4,NaN
4,0,4,0.9493033010224405
3,1,4,NaN
3,1,4,0.6982244921660206
3,1,4,0.6717661875924231
2,2,4,0.7423423413009405
2,2,4,0.5865196674031864
4,0,4,NaN
4,0,4,0.631220773570296
4,0,4,NaN
4,0,4,0.9789190809366978
3,1,4,NaN
4,0,4,0.8006696868167401
3,1,4,NaN
3,1,4,NaN
4,0,4,NaN
3,1,4,NaN
4,0,4,NaN
2,2,4,0.0012449429696824166
4,0,4,0.19820406815208724
2,2,4,NaN
3,1,4,NaN
4,0,4,NaN
3,1,4,NaN
2,2,4,0.631220773570296
3,1,4,0.3557510427918548
3,1,4,0.10032275229784271
4,0,4,0.07361819104140599
4,0,4,0.8450772854630715
3,1,4,NaN
4,0,4,0.5865196674031864
4,0,4,0.062193508317096004
4,0,4,NaN
2,2,4,NaN
4,0,4,NaN
3,1,4,NaN
2,2,4,0.18348414923983342
2,2,4,NaN
2,2,4,0.6717661875924231
4,0,4,0.9663500458367166
4,0,4,NaN
4,0,4,NaN
3,1,4,0.023437746643316073
3,1,4,NaN
4,0,4,NaN
3,1,4,0.7423423413009405
4,0,4,NaN
4,0,4,NaN
3,1,4,0.8416968816058027
4,0,4,0.8652322931034484
3,1,4,NaN
3,1,4,0.7726517314264018
4,0,4,NaN
4,0,4,NaN
4,0,4,NaN
2,2,4,NaN
4,0,4,NaN
2,2,4,0.0025406714540789775
2,2,4,NaN
3,1,4,0.7092033041123709
2,2,4,NaN
3,1,4,NaN
3,1,4,0.2783692877527476
4,0,4,NaN
2,2,4,NaN
4,0,4,0.7726517314264018
4,0,4,NaN
4,0,4,NaN
4,0,4,NaN
4,0,4,NaN
4,0,4,0.4011103777394731
1,3,4,NaN
3,1,4,NaN
4,0,4,0.9001259164326818
3,1,4,0.22061921544044888
3,1,4,0.0630282359819421
1,3,4,NaN
2,2,4,NaN
4,0,4,NaN
2,2,4,NaN
4,0,4,NaN
2,2,4,0.8450772854630715
2,2,4,0.4475557477195245
4,0,4,NaN
3,1,4,NaN
3,1,4,0.5580518946852365
2,2,4,0.2741885095839047
2,2,4,NaN
3,1,4,0.15938727449707998
4,0,4,0.21185071034975703
4,0,4,NaN
2,2,4,0.5865196674031864
1,3,4,NaN
3,1,4,NaN
4,0,4,NaN
4,0,4,NaN
2,2,4,NaN
4,0,4,0.23605132609446897
3,1,4,NaN
2,2,4,NaN
3,1,4,NaN
4,0,4,0.9272124484159221
4,0,4,NaN
2,2,4,NaN
4,0,4,NaN
4,0,4,NaN
1,3,4,NaN
4,0,4,NaN
3,1,4,NaN
2,2,4,NaN
4,0,4,0.11735031057960332
2,2,4,NaN
1,3,4,0.12535701036362762
1,3,4,NaN
4,0,4,0.01384068834559692
3,1,4,NaN
4,0,4,0.7423423413009405
2,2,4,0.18348414923983342
1,3,4,NaN
3,1,4,NaN
3,1,4,NaN
4,0,4,NaN
3,1,4,NaN
4,0,4,NaN
3,1,4,0.5230569416179413
3,1,4,NaN
2,2,4,0.08612589160650815
4,0,4,NaN
4,0,4,NaN
2,2,4,0.7092033041123709
2,2,4,0.0015506799637766114
2,2,4,NaN
4,0,4,NaN
3,1,4,0.17356972116971547
4,0,4,0.9272124484159221
4,0,4,0.31538291069709495
2,2,4,0.15938727449707998
3,1,4,0.5865196674031864
4,0,4,NaN
4,0,4,0.9394569650180941
4,0,4,0.8827570506600473
2,2,4,0.13695747655435897
3,1,4,0.13695747655435897
4,0,4,0.08612589160650815
3,1,4,0.8827570506600473
3,1,4,0.032853775051729074
3,1,4,NaN
2,2,4,NaN
4,0,4,0.0630282359819421
4,0,4,NaN
2,2,4,0.30623635626219897
4,0,4,NaN
1,3,4,NaN
2,2,4,0.8237080657963236
4,0,4,NaN
4,0,4,0.5417209770628222
1,3,4,NaN
2,2,4,NaN
4,0,4,NaN
3,1,4,NaN
3,1,4,NaN
2,2,4,NaN
4,0,4,NaN
4,0,4,0.2786920654827636
4,0,4,0.2783692877527476
2,2,4,0.04072166146359844
4,0,4,0.8796538269486078
2,2,4,NaN
4,0,4,0.631220773570296
1,3,4,NaN
4,0,4,0.019796251803769704
4,0,4,NaN
4,0,4,0.8450772854630715
3,1,4,NaN
2,2,4,NaN
4,0,4,0.02787455723542097
3,1,4,NaN
2,2,4,NaN
2,2,4,0.8827570506600473
3,1,4,0.8450772854630715
4,0,4,0.631220773570296
2,2,4,NaN
4,0,4,NaN
3,1,4,NaN
4,0,4,NaN
2,2,4,0.019796251803769704
4,0,4,NaN
2,2,4,0.8450772854630715
4,0,4,NaN
4,0,4,NaN
2,2,4,0.4475557477195245
4,0,4,NaN
3,1,4,NaN
4,0,4,NaN
4,0,4,NaN
2,2,4,0.11735031057960332
4,0,4,0.9733084005106692
4,0,4,0.19268719079433758
3,1,4,0.1311366214943778
4,0,4,0.7423423413009405
2,2,4,NaN
4,0,4,NaN
4,0,4,0.9885707782763422
4,0,4,0.08612589160650815
3,1,4,NaN
4,0,4,NaN
1,3,4,0.10126408812822618
2,2,4,NaN
3,1,4,NaN
1,3,4,NaN
3,1,4,0.6717661875924231
4,0,4,NaN
2,2,4,0.286359640628645
2,2,4,0.9394569650180941
4,0,4,NaN
2,2,4,NaN
2,2,4,NaN
4,0,4,NaN
3,1,4,0.7092033041123709
4,0,4,NaN
3,1,4,NaN
2,2,4,NaN
2,2,4,NaN
3,1,4,NaN
4,0,4,0.9493033010224405
3,1,4,0.8827570506600473
3,1,4,NaN
4,0,4,NaN
3,1,4,NaN
4,0,4,0.6717661875924231
2,2,4,0.31538291069709495
4,0,4,0.4475557477195245
3,1,4,NaN
4,0,4,0.8958762517401009
4,0,4,NaN
3,1,4,NaN
4,0,4,0.18348414923983342
4,0,4,0.24290906152647984
1,3,4,NaN
3,1,4,0.8450772854630715
1,3,4,NaN
3,1,4,0.6717661875924231
3,1,4,NaN
4,0,4,0.03831329598506057
2,2,4,0.26661851770537437
1,3,4,0.9813956792069728
4,0,4,NaN
4,0,4,0.01052682088805666
4,0,4,0.07470937113784967
4,0,4,0.10032275229784271
3,1,4,0.21968774556958512
3,1,4,0.5417209770628222
1,3,4,NaN
2,2,4,0.011335119107957231
4,0,4,0.49543559874771725
2,2,4,NaN
4,0,4,0.10224556739448792
3,1,4,NaN
4,0,4,0.9663500458367166
2,2,4,NaN
2,2,4,0.8006696868167401
4,0,4,NaN
2,2,4,0.11881885597296148
4,0,4,NaN
4,0,4,NaN
3,1,4,NaN
4,0,4,0.8237080657963236
4,0,4,NaN
2,2,4,NaN
3,1,4,NaN
4,0,4,NaN
4,0,4,0.0032049632972005176
2,2,4,NaN
1,3,4,NaN
3,1,4,0.053556438906752275
3,1,4,NaN
3,1,4,NaN
4,0,4,NaN
4,0,4,NaN
3,1,4,0.31538291069709495
2,2,4,NaN
4,0,4,0.31538291069709495
2,2,4,0.7092033041123709
3,1,4,0.6717661875924231
4,0,4,NaN
3,1,4,0.7726517314264018
3,1,4,0.053556438906752275
1,3,4,NaN
1,3,4,0.2750595555450524
2,2,4,0.7125497954121649
2,2,4,NaN
4,0,4,NaN
4,0,4,NaN
4,0,4,NaN
3,1,4,0.9663500458367166
4,0,4,0.8237080657963236
4,0,4,NaN
4,0,4,NaN
2,2,4,NaN
2,2,4,0.15938727449707998
1,3,4,0.7092033041123709
3,1,4,0.6717661875924231
4,0,4,0.8006696868167401
1,3,4,NaN
3,1,4,NaN
3,1,4,0.7092033041123709
4,0,4,NaN
2,2,4,NaN
2,2,4,NaN
3,1,4,0.5738686140436191
2,2,4,0.13695747655435897
3,1,4,NaN
3,1,4,NaN
2,2,4,0.9733084005106692
4,0,4,NaN
2,2,4,NaN
4,0,4,NaN
3,1,4,NaN
3,1,4,NaN
4,0,4,0.31538291069709495
3,1,4,NaN
3,1,4,0.4011103777394731
4,0,4,NaN
4,0,4,NaN
3,1,4,NaN
3,1,4,0.8652322931034484
3,1,4,NaN
3,1,4,0.24290906152647984
4,0,4,0.18348414923983342
2,2,4,NaN
3,1,4,0.0630282359819421
3,1,4,0.9001259164326818
2,2,4,0.8006696868167401
4,0,4,NaN
4,0,4,NaN
3,1,4,NaN
4,0,4,0.7726517314264018
4,0,4,0.9916966421839661
3,1,4,0.18348414923983342
2,2,4,NaN
4,0,4,0.8006696868167401
1,3,4,NaN
4,0,4,NaN
3,1,4,NaN
4,0,4,NaN
3,1,4,0.2144909145927689
4,0,4,NaN
3,1,4,NaN
4,0,4,NaN
4,0,4,0.07361819104140599
4,0,4,0.8450772854630715
2,2,4,NaN
4,0,4,NaN
2,2,4,NaN
3,1,4,0.15938727449707998
3,1,4,0.8450772854630715
3,1,4,0.6717661875924231
3,1,4,0.5417209770628222
4,0,4,NaN
4,0,4,NaN
3,1,4,0.0630282359819421
2,2,4,NaN
4,0,4,0.8273404403689961
3,1,4,NaN
2,2,4,0.5865196674031864
3,1,4,NaN
4,0,4,NaN
4,0,4,0.2187885149467455
3,1,4,0.009899401415845973
3,1,4,NaN
4,0,4,NaN
4,0,4,0.8450772854630715
1,3,4,NaN
4,0,4,0.3557510427918548
3,1,4,0.2783692877527476
2,2,4,0.49543559874771725
2,2,4,0.20894683068738307
4,0,4,NaN
2,2,4,0.24290906152647984
3,1,4,NaN
4,0,4,0.3557510427918548
1,3,4,NaN
3,1,4,0.18348414923983342
3,1,4,0.2783692877527476
3,1,4,0.08612589160650815
4,0,4,NaN
4,0,4,0.3557510427918548
3,1,4,0.9663500458367166
4,0,4,0.2783692877527476
2,2,4,NaN
4,0,4,NaN
4,0,4,NaN
2,2,4,NaN
3,1,4,0.09944634352875188
4,0,4,0.9663500458367166
4,0,4,NaN
4,0,4,NaN
3,1,4,0.6717661875924231
3,1,4,NaN
2,2,4,0.7423423413009405
4,0,4,0.9001259164326818
1,3,4,NaN
3,1,4,NaN
2,2,4,0.91089910393393
3,1,4,0.631220773570296
3,1,4,NaN
3,1,4,NaN
4,0,4,0.4475557477195245
2,2,4,0.13695747655435897
3,1,4,0.4235807573597861
2,2,4,0.8652322931034484
2,2,4,NaN
1,3,4,NaN
3,1,4,0.15938727449707998
4,0,4,NaN
3,1,4,NaN
4,0,4,0.31538291069709495
3,1,4,0.032853775051729074
4,0,4,0.2783692877527476
4,0,4,0.9137791798943785
3,1,4,0.9001259164326818
3,1,4,0.2783692877527476
4,0,4,NaN
4,0,4,NaN
4,0,4,0.15938727449707998
3,1,4,0.3557510427918548
3,1,4,0.8450772854630715
4,0,4,NaN
4,0,4,0.9885707782763422
3,1,4,NaN
4,0,4,NaN
4,0,4,NaN
1,3,4,NaN
2,2,4,NaN
3,1,4,NaN
1,3,4,0.011335119107957231
3,1,4,0.21185071034975703
4,0,4,NaN
3,1,4,NaN
3,1,4,NaN
4,0,4,NaN
3,1,4,NaN
3,1,4,NaN
4,0,4,NaN
4,0,4,0.5417209770628222
4,0,4,NaN
2,2,4,0.6516169525146253
3,1,4,NaN
3,1,4,NaN
3,1,4,NaN
2,2,4,NaN
2,2,4,NaN
4,0,4,NaN
3,1,4,0.03831329598506057
2,2,4,NaN
3,1,4,NaN
4,0,4,NaN
4,0,4,0.4011103777394731
4,0,4,NaN
2,2,4,NaN
2,2,4,NaN
3,1,4,0.3892404650973566
4,0,4,NaN
3,1,4,0.9394569650180941
1,3,4,0.31538291069709495
4,0,4,NaN
3,1,4,NaN
3,1,4,0.3557510427918548
1,3,4,0.8652322931034484
3,1,4,NaN
4,0,4,0.5417209770628222
4,0,4,0.631220773570296
2,2,4,0.5865196674031864
3,1,4,NaN
4,0,4,NaN
3,1,4,NaN
2,2,4,0.18348414923983342
3,1,4,NaN
4,0,4,0.4475557477195245
2,2,4,0.7423423413009405
4,0,4,0.5417209770628222
2,2,4,0.31876511282887343
1,3,4,0.11735031057960332
4,0,4,NaN
4,0,4,NaN
4,0,4,NaN
1,3,4,0.03831329598506057
3,1,4,0.5865196674031864
3,1,4,0.7092033041123709
1,3,4,0.7726517314264018
4,0,4,NaN
4,0,4,NaN
4,0,4,NaN
4,0,4,NaN
4,0,4,0.21185071034975703
2,2,4,NaN
3,1,4,NaN
2,2,4,0.15938727449707998
4,0,4,NaN
4,0,4,0.29847576848684493
4,0,4,NaN
4,0,4,NaN
4,0,4,0.7092033041123709
4,0,4,NaN
3,1,4,NaN
4,0,4,NaN
3,1,4,0.15938727449707998
1,3,4,NaN
3,1,4,0.4011103777394731
3,1,4,0.7811680378186527
4,0,4,NaN
4,0,4,0.8827570506600473
4,0,4,0.2783692877527476
3,1,4,0.11735031057960332
1,3,4,0.2954562226479242
4,0,4,0.7423423413009405
4,0,4,0.055019965025258535
4,0,4,0.053556438906752275
2,2,4,NaN
4,0,4,NaN
3,1,4,NaN
3,1,4,NaN
2,2,4,NaN
2,2,4,0.5417209770628222
1,3,4,NaN
3,1,4,NaN
1,3,4,0.3557510427918548
2,2,4,0.8450772854630715
2,2,4,0.08612589160650815
2,2,4,0.3392223006768807
2,2,4,NaN
4,0,4,0.0818169348459901
4,0,4,0.49556951559665646
4,0,4,NaN
3,1,4,NaN
4,0,4,NaN
4,0,4,NaN
4,0,4,0.7726517314264018
3,1,4,0.3557510427918548
4,0,4,0.20471143558157323
4,0,4,NaN
4,0,4,0.15938727449707998
4,0,4,NaN
3,1,4,NaN
4,0,4,0.11735031057960332
4,0,4,NaN
2,2,4,NaN
3,1,4,0.15938727449707998
4,0,4,NaN
3,1,4,NaN
3,1,4,NaN
4,0,4,NaN
4,0,4,0.9663500458367166
3,1,4,NaN
2,2,4,NaN
4,0,4,0.3557510427918548
3,1,4,0.019796251803769704
4,0,4,NaN
2,2,4,NaN
4,0,4,NaN
3,1,4,0.032853775051729074
2,2,4,NaN
3,1,4,0.24290906152647984
2,2,4,NaN
4,0,4,0.24290906152647984
2,2,4,0.2783692877527476
3,1,4,NaN
3,1,4,NaN
2,2,4,0.8652322931034484
4,0,4,0.13684525122146476
2,2,4,NaN
4,0,4,NaN
2,2,4,NaN
4,0,4,NaN
3,1,4,NaN
3,1,4,0.9789190809366978
3,1,4,0.4011103777394731
4,0,4,NaN
4,0,4,NaN
3,1,4,NaN
3,1,4,NaN
3,1,4,NaN
4,0,4,NaN
3,1,4,NaN
1,3,4,0.015054575422380912
3,1,4,NaN
2,2,4,NaN
4,0,4,NaN
4,0,4,NaN
4,0,4,NaN
2,2,4,0.9943152957847301
3,1,4,0.49543559874771725
2,2,4,0.8450772854630715
1,3,4,0.5865196674031864
3,1,4,NaN
2,2,4,0.7423423413009405
2,2,4,NaN
2,2,4,NaN
4,0,4,NaN
3,1,4,0.7423423413009405
1,3,4,0.032853775051729074
4,0,4,0.13695747655435897
4,0,4,NaN
3,1,4,NaN
3,1,4,NaN
2,2,4,0.0815193833287991
3,1,4,0.9137791798943785
4,0,4,NaN
3,1,4,0.0032344506104328807
1,3,4,NaN
1,3,4,NaN
4,0,4,NaN
4,0,4,NaN
2,2,4,0.6329792799378947
3,1,4,0.4011103777394731
2,2,4,0.17614887713027638
4,0,4,0.9001259164326818
4,0,4,NaN
4,0,4,NaN
1,3,4,0.31538291069709495
4,0,4,NaN
1,3,4,NaN
2,2,4,NaN
4,0,4,NaN
4,0,4,0.7092033041123709
4,0,4,NaN
2,2,4,NaN
3,1,4,0.2783692877527476
3,1,4,NaN
3,1,4,NaN
1,3,4,NaN
1,3,4,NaN
4,0,4,0.21185071034975703
2,2,4,NaN
4,0,4,NaN
2,2,4,0.1205032423776778
3,1,4,NaN
2,2,4,0.15938727449707998
4,0,4,0.49543559874771725
1,3,4,0.6717661875924231
2,2,4,NaN
2,2,4,0.6717661875924231
3,1,4,NaN
4,0,4,0.9272124484159221
1,3,4,0.5417209770628222
3,1,4,NaN
2,2,4,0.114640480224052
2,2,4,0.4475557477195245
4,0,4,NaN
2,2,4,0.9590286414731528
3,1,4,0.4475557477195245
2,2,4,0.32508224905638566
4,0,4,NaN
4,0,4,NaN
4,0,4,NaN
4,0,4,NaN
3,1,4,0.0032344506104328807
3,1,4,0.4759859066755086
3,1,4,NaN
4,0,4,NaN
3,1,4,NaN
3,1,4,NaN
2,2,4,0.9272124484159221
3,1,4,NaN
3,1,4,0.7092033041123709
4,0,4,0.8827570506600473
4,0,4,NaN
4,0,4,0.3557510427918548
3,1,4,NaN
2,2,4,0.48945833991568644
4,0,4,0.18348414923983342
4,0,4,NaN
3,1,4,NaN
2,2,4,NaN
3,1,4,0.4475557477195245
3,1,4,0.0630282359819421
4,0,4,0.019796251803769704
4,0,4,NaN
1,3,4,NaN
2,2,4,0.7304286356878196
2,2,4,1.0319890249681934e-6
4,0,4,0.023437746643316073
4,0,4,0.8237080657963236
3,1,4,0.3557510427918548
4,0,4,0.6717661875924231
2,2,4,NaN
2,2,4,0.3557510427918548
3,1,4,0.49543559874771725
4,0,4,0.2783692877527476
3,1,4,0.5086342018815367
4,0,4,NaN
4,0,4,0.49543559874771725
2,2,4,NaN
4,0,4,NaN
3,1,4,NaN
3,1,4,NaN
3,1,4,0.5865196674031864
3,1,4,NaN
2,2,4,0.36245071555522096
2,2,4,NaN
2,2,4,NaN
3,1,4,NaN
4,0,4,NaN
4,0,4,NaN
3,1,4,NaN
4,0,4,NaN
2,2,4,NaN
4,0,4,NaN
2,2,4,NaN
3,1,4,NaN
4,0,4,NaN
3,1,4,NaN
4,0,4,0.4475557477195245
3,1,4,NaN
2,2,4,0.8450772854630715
3,1,4,0.6717661875924231
3,1,4,NaN
1,3,4,NaN
3,1,4,0.2783692877527476
3,1,4,NaN
3,1,4,0.6717661875924231
4,0,4,0.11735031057960332
2,2,4,0.15021370908375797
4,0,4,NaN
3,1,4,NaN
3,1,4,NaN
4,0,4,NaN
2,2,4,NaN
2,2,4,0.8237080657963236
3,1,4,NaN
4,0,4,NaN
4,0,4,0.023437746643316073
4,0,4,0.3557510427918548
3,1,4,0.7092033041123709
4,0,4,0.8652322931034484
3,1,4,0.38791964197036305
2,2,4,0.2687988404175689
4,0,4,NaN
4,0,4,NaN
3,1,4,0.5865196674031864
4,0,4,NaN
3,1,4,NaN
4,0,4,0.631220773570296
3,1,4,NaN
4,0,4,0.7092033041123709
4,0,4,NaN
4,0,4,NaN
3,1,4,NaN
3,1,4,NaN
1,3,4,NaN
4,0,4,0.3557510427918548
4,0,4,NaN
3,1,4,NaN
4,0,4,NaN
4,0,4,NaN
2,2,4,NaN
3,1,4,NaN
4,0,4,0.005912815839802541
2,2,4,0.007349342594627595
2,2,4,NaN
3,1,4,NaN
3,1,4,0.49543559874771725
1,3,4,0.3557510427918548
2,2,4,0.9590286414731528
4,0,4,NaN
3,1,4,0.7092033041123709
3,1,4,NaN
3,1,4,0.7423423413009405
3,1,4,0.6078036258336132
2,2,4,NaN
1,3,4,NaN
4,0,4,NaN
2,2,4,0.0630282359819421
4,0,4,NaN
4,0,4,0.4475557477195245
4,0,4,0.8006696868167401
4,0,4,0.2714976848618461
1,3,4,NaN
4,0,4,NaN
3,1,4,NaN
4,0,4,0.18348414923983342
3,1,4,0.00881392655895506
4,0,4,0.4475557477195245
4,0,4,0.9493033010224405
3,1,4,0.9841738135856081
3,1,4,0.7423423413009405
4,0,4,NaN
4,0,4,NaN
3,1,4,NaN
2,2,4,0.4011103777394731
2,2,4,0.7092033041123709
4,0,4,0.15938727449707998
3,1,4,NaN
4,0,4,0.545442080694089
2,2,4,NaN
1,3,4,0.9394569650180941
1,3,4,NaN
2,2,4,0.21185071034975703
4,0,4,NaN
4,0,4,NaN
2,2,4,0.0015506799637766114
2,2,4,0.9493033010224405
2,2,4,0.24290906152647984
1,3,4,0.6717661875924231
3,1,4,0.4011103777394731
2,2,4,0.7092033041123709
3,1,4,NaN
2,2,4,0.5417209770628222
3,1,4,0.010514240590893521
4,0,4,0.012210223849175236
4,0,4,0.532564903774202
4,0,4,NaN
3,1,4,0.24290906152647984
1,3,4,0.47185749960595624
2,2,4,0.49543559874771725
3,1,4,0.8827570506600473
1,3,4,0.631220773570296
4,0,4,NaN
2,2,4,NaN
3,1,4,0.5417209770628222
4,0,4,0.21185071034975703
2,2,4,0.47782850117184666
1,3,4,NaN
2,2,4,0.321221426047442
4,0,4,0.631220773570296
3,1,4,NaN
4,0,4,NaN
3,1,4,NaN
3,1,4,0.2783692877527476
2,2,4,0.08612589160650815
3,1,4,0.8450772854630715
2,2,4,NaN
4,0,4,NaN
3,1,4,0.22498386269722465
3,1,4,NaN
4,0,4,NaN
2,2,4,NaN
4,0,4,0.7092033041123709
4,0,4,0.48416940683333404
2,2,4,NaN
4,0,4,NaN
3,1,4,NaN
4,0,4,0.7726517314264018
2,2,4,0.026594646679114247
3,1,4,0.31538291069709495
3,1,4,0.7726517314264018
2,2,4,NaN
3,1,4,NaN
3,1,4,0.7726517314264018
4,0,4,NaN
4,0,4,NaN
4,0,4,NaN
2,2,4,NaN
4,0,4,NaN
3,1,4,NaN
3,1,4,NaN
3,1,4,0.6717661875924231
1,3,4,NaN
2,2,4,NaN
3,1,4,NaN
3,1,4,NaN
4,0,4,0.5417209770628222
4,0,4,NaN
3,1,4,NaN
3,1,4,0.7092033041123709
3,1,4,NaN
4,0,4,NaN
4,0,4,0.8526058373300494
4,0,4,0.0630282359819421
4,0,4,NaN
3,1,4,0.6717661875924231
3,1,4,0.016656938369781698
3,1,4,0.9001259164326818
3,1,4,NaN
4,0,4,NaN
1,3,4,NaN
4,0,4,NaN
4,0,4,NaN
3,1,4,NaN
3,1,4,0.4011103777394731
1,3,4,NaN
4,0,4,0.9789190809366978
4,0,4,NaN
4,0,4,0.019796251803769704
2,2,4,0.9137791798943785
4,0,4,NaN
3,1,4,NaN
4,0,4,NaN
3,1,4,0.5865196674031864
1,3,4,0.053556438906752275
2,2,4,NaN
3,1,4,NaN
1,3,4,0.07361819104140599
4,0,4,NaN
2,2,4,NaN
4,0,4,0.9001259164326818
4,0,4,NaN
2,2,4,0.04531425270758149
4,0,4,0.2891119914176707
3,1,4,NaN
1,3,4,NaN
4,0,4,NaN
4,0,4,NaN
3,1,4,NaN
3,1,4,NaN
4,0,4,0.8450772854630715
4,0,4,NaN
3,1,4,0.2783692877527476
4,0,4,0.31538291069709495
3,1,4,NaN
3,1,4,0.8652322931034484
4,0,4,NaN
4,0,4,NaN
3,1,4,0.7726517314264018
1,3,4,NaN
3,1,4,0.7416526249544453
2,2,4,0.3557510427918548
3,1,4,0.8827570506600473
4,0,4,0.9885707782763422
2,2,4,NaN
2,2,4,NaN
3,1,4,NaN
3,1,4,0.0029786187459953997
4,0,4,0.4011103777394731
1,3,4,NaN
4,0,4,0.07361819104140599
3,1,4,0.4475557477195245
4,0,4,NaN
3,1,4,NaN
2,2,4,NaN
4,0,4,0.08612589160650815
2,2,4,NaN
4,0,4,NaN
3,1,4,NaN
4,0,4,NaN
3,1,4,NaN
3,1,4,0.13695747655435897
4,0,4,NaN
3,1,4,NaN
2,2,4,0.3338702199081246
2,2,4,0.7423423413009405
3,1,4,0.631220773570296
4,0,4,NaN
4,0,4,NaN
2,2,4,0.321221426047442
3,1,4,NaN
3,1,4,NaN
4,0,4,NaN
2,2,4,NaN
2,2,4,0.9263119250928534
3,1,4,NaN
3,1,4,NaN
4,0,4,0.8652322931034484
2,2,4,NaN
2,2,4,0.3557510427918548
3,1,4,NaN
2,2,4,NaN
2,2,4,0.9001259164326818
3,1,4,NaN
3,1,4,0.8079928207706086
3,1,4,0.1045240737737313
1,3,4,0.21185071034975703
3,1,4,0.31538291069709495
4,0,4,NaN
2,2,4,0.5745454546618926
3,1,4,NaN
3,1,4,NaN
3,1,4,0.07410943283789428
3,1,4,0.053556438906752275
4,0,4,NaN
3,1,4,0.11448489346761681
4,0,4,NaN
4,0,4,0.1543705926232434
2,2,4,NaN
4,0,4,NaN
3,1,4,0.053556438906752275
4,0,4,NaN
3,1,4,NaN
4,0,4,0.2783692877527476
4,0,4,0.49543559874771725
3,1,4,0.17061968600930538
2,2,4,0.8237080657963236
3,1,4,NaN
4,0,4,NaN
2,2,4,NaN
2,2,4,0.04503127985149054
3,1,4,0.8450772854630715
4,0,4,0.7677958265321033
4,0,4,0.011335119107957231
2,2,4,NaN
3,1,4,NaN
2,2,4,0.49543559874771725
2,2,4,0.2809578211923491
3,1,4,NaN
4,0,4,NaN
4,0,4,NaN
3,1,4,NaN
4,0,4,NaN
4,0,4,NaN
4,0,4,0.8827570506600473
3,1,4,0.2783692877527476
1,3,4,NaN
4,0,4,0.8006696868167401
2,2,4,0.11735031057960332
3,1,4,0.3557510427918548
3,1,4,0.8006696868167401
3,1,4,NaN
3,1,4,0.3257757903334994
4,0,4,NaN
2,2,4,NaN
2,2,4,NaN
3,1,4,0.11735031057960332
4,0,4,NaN
2,2,4,0.49543559874771725
2,2,4,0.2783692877527476
3,1,4,NaN
4,0,4,0.8652322931034484
4,0,4,NaN
3,1,4,0.6717661875924231
1,3,4,NaN
4,0,4,NaN
4,0,4,0.0630282359819421
3,1,4,NaN
2,2,4,NaN
4,0,4,NaN
3,1,4,0.07193862879016444
1,3,4,0.0025709660283289135
2,2,4,NaN
3,1,4,0.8237080657963236
2,2,4,NaN
2,2,4,NaN
2,2,4,0.5417209770628222
4,0,4,0.3557510427918548
3,1,4,NaN
3,1,4,0.6717661875924231
1,3,4,0.2783692877527476
4,0,4,0.4011103777394731
4,0,4,0.023437746643316073
4,0,4,0.9663500458367166
3,1,4,NaN
3,1,4,NaN
4,0,4,NaN
3,1,4,0.24290906152647984
3,1,4,NaN
3,1,4,NaN
3,1,4,NaN
1,3,4,0.9001259164326818
4,0,4,0.13695747655435897
4,0,4,NaN
2,2,4,0.08317745655352905
2,2,4,NaN
3,1,4,NaN
4,0,4,NaN
3,1,4,0.631220773570296
3,1,4,0.5640607765433693
4,0,4,0.3557510427918548
3,1,4,NaN
4,0,4,NaN
2,2,4,0.10789080091625923
4,0,4,NaN
4,0,4,NaN
1,3,4,NaN
1,3,4,0.05874651298217758
2,2,4,0.7433590367901758
3,1,4,0.9001259164326818
3,1,4,NaN
2,2,4,0.15226942059756163
3,1,4,0.3557510427918548
2,2,4,0.2783692877527476
2,2,4,NaN
3,1,4,0.8827570506600473
3,1,4,0.18348414923983342
3,1,4,0.7726517314264018
2,2,4,NaN
2,2,4,NaN
2,2,4,NaN
4,0,4,NaN
4,0,4,0.5865196674031864
4,0,4,NaN
3,1,4,NaN
3,1,4,0.7092033041123709
3,1,4,NaN
4,0,4,0.5865196674031864
4,0,4,0.31538291069709495
4,0,4,NaN
2,2,4,NaN
4,0,4,NaN
3,1,4,NaN
1,3,4,0.6163604147416746
4,0,4,NaN
4,0,4,NaN
4,0,4,NaN
4,0,4,NaN
4,0,4,NaN
2,2,4,0.7557824360448216
3,1,4,NaN
4,0,4,0.631220773570296
2,2,4,NaN
3,1,4,NaN
4,0,4,NaN
2,2,4,0.631220773570296
4,0,4,NaN
3,1,4,NaN
3,1,4,NaN
3,1,4,0.22637100542718774
3,1,4,NaN
3,1,4,NaN
3,1,4,NaN
2,2,4,NaN
3,1,4,0.017329121972110485
2,2,4,0.21185071034975703
3,1,4,0.5417209770628222
3,1,4,NaN
3,1,4,0.11735031057960332
3,1,4,NaN
2,2,4,0.9966430707623556
4,0,4,0.6717661875924231
4,0,4,0.11649558320498266
3,1,4,0.5865196674031864
1,3,4,NaN
3,1,4,NaN
4,0,4,0.5865196674031864
1,3,4,0.8450772854630715
3,1,4,NaN
2,2,4,0.31538291069709495
3,1,4,NaN
4,0,4,0.5865196674031864
2,2,4,0.13695747655435897
4,0,4,NaN
3,1,4,NaN
2,2,4,0.49543559874771725
1,3,4,NaN
4,0,4,0.9663500458367166
4,0,4,0.8006696868167401
4,0,4,NaN
3,1,4,NaN
4,0,4,NaN
3,1,4,NaN
4,0,4,0.5865196674031864
3,1,4,0.5417209770628222
4,0,4,0.8450772854630715
1,3,4,0.24290906152647984
4,0,4,NaN
4,0,4,NaN
2,2,4,0.4011103777394731
3,1,4,NaN
3,1,4,0.004243052065979369
2,2,4,NaN
4,0,4,NaN
4,0,4,0.7423423413009405
2,2,4,NaN
4,0,4,NaN
1,3,4,0.4011103777394731
2,2,4,NaN
2,2,4,0.5417209770628222
3,1,4,0.9137791798943785
1,3,4,0.4011103777394731
3,1,4,0.8450772854630715
4,0,4,0.6717661875924231
4,0,4,0.30232623165185657
3,1,4,NaN
2,2,4,0.7247091139775156
2,2,4,0.03831329598506057
3,1,4,NaN
4,0,4,0.032853775051729074
2,2,4,NaN
4,0,4,0.5417209770628222
4,0,4,NaN
4,0,4,0.2783692877527476
4,0,4,0.6163604147416746
4,0,4,NaN
3,1,4,NaN
1,3,4,NaN
4,0,4,NaN
3,1,4,0.6717661875924231
3,1,4,NaN
1,3,4,0.0630282359819421
3,1,4,NaN
4,0,4,0.5865196674031864
3,1,4,NaN
4,0,4,NaN
3,1,4,0.03503152914079648
3,1,4,NaN
2,2,4,NaN
4,0,4,NaN
3,1,4,0.04531425270758149
2,2,4,0.7092033041123709
3,1,4,0.032853775051729074
4,0,4,0.5417209770628222
3,1,4,NaN
3,1,4,NaN
1,3,4,0.7423423413009405
2,2,4,NaN
1,3,4,0.2783692877527476
3,1,4,0.8652322931034484
2,2,4,NaN
3,1,4,NaN
2,2,4,NaN
4,0,4,0.31876511282887343
4,0,4,NaN
4,0,4,NaN
4,0,4,0.7958118467816899
2,2,4,0.48475210738371444
4,0,4,NaN
4,0,4,NaN
2,2,4,0.6717661875924231
3,1,4,0.6717661875924231
3,1,4,NaN
4,0,4,NaN
3,1,4,0.9695814587889082
3,1,4,0.7092033041123709
3,1,4,0.9137791798943785
3,1,4,NaN
4,0,4,0.03831329598506057
3,1,4,0.8006696868167401
1,3,4,0.7389177142080843
3,1,4,0.21185071034975703
1,3,4,NaN
3,1,4,NaN
1,3,4,0.21490710616703504
1,3,4,0.2996747596134443
3,1,4,NaN
4,0,4,NaN
2,2,4,0.5417209770628222
3,1,4,NaN
2,2,4,0.7726517314264018
4,0,4,0.7423423413009405
4,0,4,NaN
4,0,4,0.13695747655435897
4,0,4,NaN
4,0,4,0.631220773570296
4,0,4,0.032853775051729074
1,3,4,0.7423423413009405
3,1,4,NaN
4,0,4,NaN
3,1,4,NaN
3,1,4,0.13695747655435897
2,2,4,NaN
3,1,4,0.21185071034975703
4,0,4,0.6717661875924231
3,1,4,NaN
4,0,4,0.49543559874771725
3,1,4,NaN
2,2,4,0.4011103777394731
3,1,4,NaN
4,0,4,NaN
4,0,4,NaN
3,1,4,NaN
3,1,4,0.4475557477195245
3,1,4,0.08284924503589887
1,3,4,0.4011103777394731
3,1,4,NaN
2,2,4,0.5417209770628222
2,2,4,NaN
3,1,4,0.13695747655435897
2,2,4,0.20542446805423836
4,0,4,0.9663500458367166
4,0,4,0.06426587784440972
4,0,4,0.21185071034975703
1,3,4,0.24290906152647984
4,0,4,NaN
4,0,4,0.07361819104140599
3,1,4,0.9394569650180941
3,1,4,NaN
1,3,4,NaN
4,0,4,0.7726517314264018
1,3,4,0.4475557477195245
2,2,4,NaN
4,0,4,0.07361819104140599
3,1,4,0.9943152957847301
3,1,4,NaN
2,2,4,NaN
2,2,4,NaN
4,0,4,NaN
4,0,4,NaN
1,3,4,0.032853775051729074
4,0,4,0.17239957638594303
3,1,4,NaN
4,0,4,NaN
4,0,4,NaN
3,1,4,0.31538291069709495
2,2,4,0.6698788055378292
4,0,4,0.5417209770628222
2,2,4,0.3557510427918548
4,0,4,0.15682139787620827
4,0,4,NaN
2,2,4,NaN
4,0,4,NaN
3,1,4,NaN
3,1,4,0.631220773570296
2,2,4,0.20471143558157323
3,1,4,NaN
4,0,4,NaN
3,1,4,NaN
4,0,4,0.9885707782763422
4,0,4,NaN
2,2,4,NaN
4,0,4,0.5507915355990903
2,2,4,0.9493033010224405
2,2,4,NaN
2,2,4,NaN
3,1,4,NaN
3,1,4,NaN
4,0,4,0.8827570506600473
4,0,4,0.9137791798943785
3,1,4,0.6717661875924231
4,0,4,0.004692738019516468
2,2,4,0.009325005405405363
3,1,4,0.24290906152647984
2,2,4,0.8829429294070849
4,0,4,NaN
2,2,4,0.0018764535198794985
4,0,4,0.6717661875924231
3,1,4,NaN
2,2,4,NaN
2,2,4,0.11881885597296148
4,0,4,0.631220773570296
3,1,4,NaN
4,0,4,NaN
2,2,4,NaN
4,0,4,0.11735031057960332
4,0,4,0.5417209770628222
2,2,4,0.0016334846931583718
4,0,4,NaN
3,1,4,0.4475557477195245
4,0,4,NaN
3,1,4,0.7092033041123709
3,1,4,NaN
4,0,4,NaN
4,0,4,NaN
4,0,4,0.8237080657963236
3,1,4,0.8404169248638481
4,0,4,0.08612589160650815
4,0,4,NaN
3,1,4,0.2783692877527476
4,0,4,NaN
2,2,4,0.15938727449707998
2,2,4,0.5417209770628222
2,2,4,NaN
1,3,4,0.14570540170093832
2,2,4,NaN
4,0,4,NaN
2,2,4,0.7261107092544306
3,1,4,0.4475557477195245
4,0,4,NaN
2,2,4,NaN
1,3,4,NaN
1,3,4,NaN
3,1,4,NaN
4,0,4,NaN
4,0,4,NaN
4,0,4,NaN
2,2,4,NaN
3,1,4,NaN
3,1,4,0.9272124484159221
2,2,4,NaN
3,1,4,NaN
3,1,4,NaN
3,1,4,0.546152762799012
2,2,4,NaN
2,2,4,0.02787455723542097
4,0,4,NaN
4,0,4,NaN
4,0,4,NaN
1,3,4,0.49543559874771725
3,1,4,0.9590286414731528
2,2,4,0.4475557477195245
4,0,4,NaN
3,1,4,0.023437746643316073
4,0,4,NaN
4,0,4,0.0630282359819421
4,0,4,NaN
3,1,4,NaN
4,0,4,NaN
4,0,4,0.31538291069709495
4,0,4,NaN
3,1,4,0.8827570506600473
3,1,4,0.9733084005106692
2,2,4,NaN
2,2,4,0.8827570506600473
4,0,4,0.4475557477195245
4,0,4,0.4475557477195245
2,2,4,0.5865196674031864
2,2,4,NaN
2,2,4,NaN
3,1,4,0.3557510427918548
3,1,4,0.02787455723542097
1,3,4,NaN
3,1,4,0.49543559874771725
3,1,4,NaN
4,0,4,NaN
3,1,4,NaN
4,0,4,0.11735031057960332
3,1,4,NaN
4,0,4,NaN
3,1,4,NaN
1,3,4,0.07361819104140599
3,1,4,0.009325005405405363
4,0,4,NaN
4,0,4,NaN
2,2,4,NaN
2,2,4,NaN
3,1,4,NaN
4,0,4,NaN
4,0,4,NaN
3,1,4,0.9590286414731528
4,0,4,0.41537645198799034
4,0,4,NaN
4,0,4,NaN
3,1,4,NaN
3,1,4,0.49543559874771725
2,2,4,0.7092033041123709
3,1,4,NaN
3,1,4,NaN
4,0,4,NaN
2,2,4,0.4011103777394731
4,0,4,NaN
2,2,4,NaN
4,0,4,0.7423423413009405
3,1,4,NaN
4,0,4,NaN
3,1,4,NaN
2,2,4,NaN
4,0,4,0.7092033041123709
2,2,4,NaN
3,1,4,NaN
2,2,4,0.5173041056580311
4,0,4,0.8006696868167401
1,3,4,0.10700588814006887
2,2,4,0.7726517314264018
4,0,4,0.24290906152647984
4,0,4,0.24290906152647984
3,1,4,0.9590286414731528
4,0,4,0.16781602114689959
1,3,4,NaN
4,0,4,NaN
1,3,4,NaN
1,3,4,0.13695747655435897
4,0,4,0.7722983973435389
4,0,4,0.8237080657963236
2,2,4,0.08612589160650815
3,1,4,NaN
3,1,4,NaN
3,1,4,NaN
2,2,4,0.18348414923983342
4,0,4,NaN
4,0,4,NaN
4,0,4,0.0032344506104328807
2,2,4,0.08612589160650815
2,2,4,0.4166426774889227
4,0,4,NaN
4,0,4,0.4475557477195245
4,0,4,0.246662791423255
4,0,4,NaN
2,2,4,NaN
1,3,4,0.008970663372323768
1,3,4,0.19101133127478886
3,1,4,NaN
3,1,4,0.03831329598506057
4,0,4,NaN
3,1,4,0.3619139111310755
3,1,4,0.6717661875924231
3,1,4,NaN
2,2,4,NaN
4,0,4,NaN
2,2,4,0.4155618969404342
3,1,4,NaN
2,2,4,0.07361819104140599
4,0,4,0.3557510427918548
2,2,4,0.2620283941434257
2,2,4,0.3557510427918548
4,0,4,NaN
3,1,4,0.01911894359257742
3,1,4,NaN
2,2,4,0.03831329598506057
3,1,4,NaN
3,1,4,0.8006696868167401
4,0,4,NaN
4,0,4,NaN
4,0,4,0.9001259164326818
4,0,4,NaN
1,3,4,NaN
1,3,4,NaN
3,1,4,0.0630282359819421
4,0,4,NaN
4,0,4,0.24290906152647984
2,2,4,NaN
3,1,4,NaN
4,0,4,NaN
3,1,4,0.3557510427918548
1,3,4,NaN
3,1,4,NaN
4,0,4,NaN
4,0,4,0.7092033041123709
4,0,4,0.49543559874771725
4,0,4,NaN
4,0,4,0.0550168493841473
4,0,4,NaN
3,1,4,NaN
1,3,4,0.18348414923983342
3,1,4,NaN
4,0,4,0.011335119107957231
4,0,4,NaN
2,2,4,0.9137791798943785
3,1,4,NaN
3,1,4,NaN
4,0,4,0.9272124484159221
4,0,4,NaN
2,2,4,0.9272124484159221
3,1,4,0.01931974014081501
3,1,4,NaN
2,2,4,NaN
4,0,4,0.631220773570296
3,1,4,NaN
4,0,4,0.6950686511737141
3,1,4,0.8450772854630715
4,0,4,NaN
3,1,4,0.016656938369781698
3,1,4,NaN
3,1,4,NaN
4,0,4,NaN
4,0,4,0.13695747655435897
2,2,4,NaN
3,1,4,0.5865196674031864
2,2,4,NaN
4,0,4,NaN
1,3,4,0.8958762517401009
4,0,4,NaN
4,0,4,NaN
3,1,4,0.08612589160650815
4,0,4,NaN
4,0,4,0.0025709660283289135
3,1,4,NaN
3,1,4,0.23552307669141448
4,0,4,NaN
2,2,4,NaN
3,1,4,NaN
4,0,4,NaN
4,0,4,0.0630282359819421
3,1,4,NaN
3,1,4,NaN
2,2,4,NaN
4,0,4,0.8572354758801874
2,2,4,NaN
2,2,4,0.7092033041123709
3,1,4,NaN
4,0,4,0.49543559874771725
2,2,4,NaN
3,1,4,NaN
3,1,4,NaN
4,0,4,0.8006696868167401
3,1,4,0.032853775051729074
2,2,4,0.0021036301492287465
2,2,4,NaN
3,1,4,NaN
4,0,4,NaN
3,1,4,0.18348414923983342
1,3,4,NaN
4,0,4,NaN
4,0,4,NaN
3,1,4,0.9394569650180941
4,0,4,NaN
4,0,4,NaN
1,3,4,0.49543559874771725
2,2,4,0.024308214015217655
4,0,4,NaN
2,2,4,0.9001259164326818
4,0,4,0.04834492901947091
3,1,4,0.49543559874771725
4,0,4,NaN
4,0,4,0.023437746643316073
4,0,4,NaN
4,0,4,NaN
2,2,4,NaN
1,3,4,NaN
2,2,4,NaN
4,0,4,NaN
3,1,4,0.6717661875924231
4,0,4,NaN
2,2,4,0.8237080657963236
1,3,4,0.07361819104140599
3,1,4,0.8006696868167401
4,0,4,NaN
2,2,4,NaN
4,0,4,0.009325005405405363
2,2,4,NaN
4,0,4,0.2783692877527476
3,1,4,NaN
3,1,4,0.631220773570296
4,0,4,NaN
1,3,4,0.002211533844513137
4,0,4,NaN
3,1,4,NaN
3,1,4,0.09787411102311168
4,0,4,0.7423423413009405
4,0,4,NaN
2,2,4,0.9733084005106692
3,1,4,0.7423423413009405
2,2,4,NaN
4,0,4,NaN
4,0,4,NaN
2,2,4,NaN
4,0,4,NaN
3,1,4,0.2783692877527476
3,1,4,0.15938727449707998
4,0,4,NaN
4,0,4,NaN
3,1,4,NaN
4,0,4,NaN
1,3,4,NaN
4,0,4,NaN
1,3,4,0.11735031057960332
4,0,4,NaN
1,3,4,NaN
3,1,4,NaN
3,1,4,NaN
3,1,4,NaN
3,1,4,NaN
3,1,4,NaN
4,0,4,NaN
4,0,4,0.631220773570296
2,2,4,NaN
3,1,4,0.2783692877527476
3,1,4,0.49543559874771725
4,0,4,0.8652322931034484
3,1,4,NaN
1,3,4,NaN
3,1,4,NaN
2,2,4,NaN
4,0,4,NaN
2,2,4,NaN
4,0,4,NaN
4,0,4,0.15938727449707998
3,1,4,NaN
2,2,4,0.07361819104140599
4,0,4,NaN
4,0,4,NaN
4,0,4,NaN
2,2,4,0.49543559874771725
4,0,4,NaN
1,3,4,0.5417209770628222
3,1,4,0.5417209770628222
1,3,4,0.49680201880863273
2,2,4,NaN
4,0,4,NaN
2,2,4,NaN
4,0,4,NaN
2,2,4,NaN
4,0,4,NaN
4,0,4,0.8827570506600473
4,0,4,NaN
2,2,4,0.9663500458367166
4,0,4,NaN
4,0,4,NaN
1,3,4,NaN
4,0,4,NaN
1,3,4,0.11735031057960332
4,0,4,NaN
4,0,4,0.4475557477195245
3,1,4,NaN
2,2,4,0.3557510427918548
3,1,4,NaN
2,2,4,NaN
2,2,4,0.5865196674031864
4,0,4,NaN
4,0,4,NaN
1,3,4,0.08612589160650815
3,1,4,NaN
3,1,4,NaN
3,1,4,NaN
3,1,4,NaN
4,0,4,0.9394569650180941
4,0,4,0.4011103777394731
3,1,4,0.9394569650180941
2,2,4,NaN
3,1,4,NaN
2,2,4,NaN
3,1,4,NaN
1,3,4,0.631220773570296
3,1,4,0.02222698022213339
2,2,4,0.8652322931034484
3,1,4,0.9548898973741087
1,3,4,NaN
1,3,4,NaN
3,1,4,0.7471045596579484
1,3,4,0.008685071347745677
2,2,4,NaN
2,2,4,0.4011103777394731
4,0,4,NaN
4,0,4,NaN
4,0,4,NaN
4,0,4,NaN
3,1,4,NaN
2,2,4,0.8827570506600473
4,0,4,NaN
2,2,4,0.03831329598506057
3,1,4,0.2783692877527476
2,2,4,NaN
4,0,4,NaN
2,2,4,NaN
3,1,4,0.4011103777394731
3,1,4,NaN
4,0,4,0.13695747655435897
3,1,4,0.7423423413009405
4,0,4,0.4011103777394731
4,0,4,NaN
4,0,4,NaN
3,1,4,NaN
3,1,4,NaN
2,2,4,NaN
3,1,4,0.005424012005378863
2,2,4,0.04531425270758149
4,0,4,NaN
3,1,4,NaN
3,1,4,0.2891119914176707
2,2,4,NaN
2,2,4,0.08612589160650815
1,3,4,0.0026406485848879885
3,1,4,0.8361653087834052
2,2,4,0.7726517314264018
1,3,4,NaN
4,0,4,0.03831329598506057
3,1,4,0.9663500458367166
4,0,4,NaN
4,0,4,0.7092033041123709
3,1,4,NaN
2,2,4,NaN
2,2,4,NaN
3,1,4,NaN
4,0,4,0.8006696868167401
2,2,4,NaN
2,2,4,NaN
2,2,4,NaN
2,2,4,NaN
3,1,4,0.9733084005106692
4,0,4,0.4011103777394731
4,0,4,NaN
3,1,4,0.01384068834559692
4,0,4,0.49543559874771725
2,2,4,NaN
4,0,4,0.08612589160650815
4,0,4,NaN
3,1,4,0.3557510427918548
4,0,4,NaN
2,2,4,NaN
4,0,4,0.8006696868167401
3,1,4,NaN
3,1,4,0.7423423413009405
4,0,4,NaN
4,0,4,NaN
3,1,4,NaN
4,0,4,0.49543559874771725
2,2,4,NaN
3,1,4,NaN
2,2,4,0.2098366920809593
4,0,4,NaN
3,1,4,0.15938727449707998
4,0,4,0.4475557477195245
4,0,4,NaN
4,0,4,NaN
3,1,4,NaN
3,1,4,0.01384068834559692
3,1,4,0.6717661875924231
1,3,4,NaN
3,1,4,0.9137791798943785
4,0,4,NaN
4,0,4,NaN
4,0,4,0.9394569650180941
4,0,4,0.07361819104140599
3,1,4,0.0019397943444730912
3,1,4,0.7726517314264018
2,2,4,0.7423423413009405
4,0,4,0.6717661875924231
1,3,4,0.9493033010224405
2,2,4,NaN
4,0,4,NaN
3,1,4,NaN
3,1,4,0.08612589160650815
4,0,4,NaN
4,0,4,NaN
1,3,4,NaN
3,1,4,NaN
4,0,4,NaN
4,0,4,NaN
2,2,4,0.9137791798943785
3,1,4,0.7726517314264018
3,1,4,NaN
1,3,4,NaN
2,2,4,0.9613211342829432
4,0,4,0.4475557477195245
3,1,4,NaN
4,0,4,0.4011103777394731
2,2,4,0.5417209770628222
2,2,4,0.6417181726202376
3,1,4,NaN
2,2,4,NaN
4,0,4,0.631220773570296
2,2,4,0.49543559874771725
3,1,4,NaN
3,1,4,NaN
2,2,4,0.02787455723542097
2,2,4,0.8652322931034484
4,0,4,NaN
4,0,4,NaN
2,2,4,NaN
4,0,4,0.5417209770628222
2,2,4,NaN
1,3,4,NaN
4,0,4,NaN
4,0,4,NaN
4,0,4,NaN
3,1,4,0.9001259164326818
3,1,4,NaN
4,0,4,NaN
3,1,4,0.4011103777394731
4,0,4,NaN
3,1,4,NaN
2,2,4,0.8163484745222231
4,0,4,0.9663500458367166
4,0,4,NaN
3,1,4,0.9590286414731528
3,1,4,NaN
3,1,4,NaN
4,0,4,0.4155618969404342
3,1,4,0.09585577161339616
2,2,4,0.8450772854630715
2,2,4,0.7423423413009405
3,1,4,0.5785086726140618
2,2,4,0.8006696868167401
2,2,4,NaN
4,0,4,0.7726517314264018
3,1,4,0.6802064442690983
2,2,4,NaN
4,0,4,0.8450772854630715
2,2,4,NaN
3,1,4,NaN
4,0,4,NaN
4,0,4,NaN
4,0,4,0.18348414923983342
4,0,4,NaN
3,1,4,NaN
1,3,4,NaN
3,1,4,0.9303884723699523
3,1,4,0.014121517999605857
1,3,4,NaN
3,1,4,0.053556438906752275
4,0,4,0.4011103777394731
4,0,4,NaN
3,1,4,0.631220773570296
1,3,4,0.10032275229784271
3,1,4,NaN
3,1,4,0.05287921913986539
2,2,4,NaN
2,2,4,NaN
3,1,4,0.03831329598506057
2,2,4,NaN
3,1,4,0.023437746643316073
2,2,4,NaN
4,0,4,0.17356972116971547
4,0,4,0.03831329598506057
4,0,4,0.009325005405405363
2,2,4,NaN
1,3,4,0.7423423413009405
4,0,4,NaN
4,0,4,0.49543559874771725
4,0,4,NaN
3,1,4,0.8237080657963236
1,3,4,0.18348414923983342
2,2,4,NaN
2,2,4,0.7423423413009405
4,0,4,NaN
4,0,4,0.9733084005106692
4,0,4,0.7423423413009405
3,1,4,NaN
2,2,4,0.8652322931034484
2,2,4,0.7657133353504112
4,0,4,NaN
3,1,4,NaN
1,3,4,0.8237080657963236
3,1,4,NaN
3,1,4,NaN
2,2,4,0.032853775051729074
2,2,4,0.8006696868167401
4,0,4,0.49543559874771725
1,3,4,NaN
3,1,4,NaN
3,1,4,NaN
2,2,4,NaN
4,0,4,NaN
3,1,4,NaN
4,0,4,NaN
4,0,4,0.18348414923983342
4,0,4,NaN
3,1,4,0.7726517314264018
1,3,4,0.03831329598506057
2,2,4,0.01964751139271028
3,1,4,NaN
4,0,4,NaN
3,1,4,NaN
3,1,4,0.49543559874771725
1,3,4,NaN
4,0,4,NaN
2,2,4,NaN
2,2,4,0.0008949479627873683
3,1,4,0.5041950015293843
1,3,4,NaN
4,0,4,NaN
4,0,4,NaN
4,0,4,NaN
4,0,4,NaN
4,0,4,0.4475557477195245
2,2,4,0.31538291069709495
1,3,4,NaN
1,3,4,0.01384068834559692
4,0,4,NaN
4,0,4,0.6717661875924231
3,1,4,NaN
1,3,4,NaN
1,3,4,NaN
1,3,4,0.9223173026337197
4,0,4,NaN
2,2,4,NaN
1,3,4,NaN
3,1,4,NaN
4,0,4,0.10032275229784271
2,2,4,NaN
4,0,4,NaN
2,2,4,0.053556438906752275
3,1,4,NaN
4,0,4,NaN
3,1,4,NaN
4,0,4,0.8827570506600473
3,1,4,NaN
2,2,4,NaN
3,1,4,NaN
4,0,4,NaN
2,2,4,NaN
3,1,4,0.9263616469895146
4,0,4,0.21185071034975703
4,0,4,NaN
4,0,4,0.9590286414731528
3,1,4,NaN
3,1,4,NaN
3,1,4,0.03831329598506057
2,2,4,NaN
2,2,4,NaN
4,0,4,NaN
2,2,4,NaN
3,1,4,NaN
4,0,4,0.08612589160650815
2,2,4,NaN
3,1,4,NaN
4,0,4,NaN
2,2,4,NaN
1,3,4,NaN
2,2,4,0.321221426047442
2,2,4,NaN
2,2,4,NaN
3,1,4,NaN
2,2,4,NaN
3,1,4,NaN
1,3,4,0.9272124484159221
4,0,4,0.15938727449707998
3,1,4,NaN
2,2,4,NaN
2,2,4,NaN
2,2,4,NaN
4,0,4,NaN
3,1,4,NaN
4,0,4,0.9001259164326818
3,1,4,NaN
2,2,4,NaN
3,1,4,0.026594646679114247
2,2,4,0.9001259164326818
2,2,4,0.8450772854630715
4,0,4,0.15938727449707998
4,0,4,NaN
1,3,4,0.9663500458367166
4,0,4,0.49543559874771725
4,0,4,NaN
2,2,4,0.11060170041468553
2,2,4,0.9841738135856081
2,2,4,4.834494033284785e-7
2,2,4,NaN
3,1,4,NaN
4,0,4,NaN
2,2,4,0.21185071034975703
2,2,4,NaN
3,1,4,NaN
4,0,4,NaN
2,2,4,NaN
3,1,4,NaN
2,2,4,NaN
2,2,4,NaN
4,0,4,0.5865196674031864
4,0,4,NaN
2,2,4,NaN
2,2,4,0.08612589160650815
2,2,4,NaN
2,2,4,0.6802064442690983
4,0,4,NaN
3,1,4,0.164811978123913
3,1,4,NaN
2,2,4,0.04531425270758149
3,1,4,NaN
4,0,4,NaN
4,0,4,NaN
3,1,4,0.7726517314264018
3,1,4,0.21185071034975703
4,0,4,0.023437746643316073
1,3,4,NaN
4,0,4,NaN
3,1,4,0.5417209770628222
4,0,4,0.4011103777394731
4,0,4,NaN
1,3,4,NaN
3,1,4,NaN
2,2,4,NaN
4,0,4,NaN
2,2,4,NaN
3,1,4,NaN
4,0,4,NaN
1,3,4,0.4475557477195245
3,1,4,NaN
2,2,4,0.12476569321678352
3,1,4,0.2783692877527476
4,0,4,NaN
4,0,4,0.3557510427918548
1,3,4,NaN
2,2,4,0.8450772854630715
3,1,4,NaN
4,0,4,NaN
4,0,4,NaN
3,1,4,0.11735031057960332
3,1,4,NaN
4,0,4,NaN
1,3,4,0.4093964428520231
3,1,4,NaN
3,1,4,NaN
4,0,4,0.18348414923983342
2,2,4,NaN
3,1,4,NaN
3,1,4,0.6717661875924231
4,0,4,0.15938727449707998
1,3,4,0.49543559874771725
1,3,4,0.3557510427918548
2,2,4,NaN
3,1,4,0.24290906152647984
4,0,4,0.9394569650180941
1,3,4,NaN
2,2,4,0.4475557477195245
2,2,4,NaN
4,0,4,NaN
4,0,4,NaN
3,1,4,0.11881885597296148
3,1,4,NaN
3,1,4,NaN
2,2,4,NaN
3,1,4,NaN
4,0,4,NaN
4,0,4,0.3557510427918548
3,1,4,NaN
1,3,4,0.5417209770628222
4,0,4,0.9263616469895146
1,3,4,NaN
3,1,4,NaN
2,2,4,NaN
3,1,4,0.31538291069709495
4,0,4,0.33206252338918735
4,0,4,NaN
4,0,4,NaN
4,0,4,NaN
3,1,4,0.9734582797051468
2,2,4,NaN
1,3,4,0.032853775051729074
2,2,4,0.9394569650180941
4,0,4,0.7726517314264018
2,2,4,0.7726517314264018
4,0,4,NaN
4,0,4,0.2687988404175689
4,0,4,0.7958118467816899
4,0,4,NaN
4,0,4,NaN
2,2,4,NaN
1,3,4,0.15938727449707998
3,1,4,NaN
1,3,4,NaN
4,0,4,0.8237080657963236
3,1,4,NaN
4,0,4,NaN
2,2,4,0.21185071034975703
1,3,4,NaN
2,2,4,NaN
1,3,4,NaN
4,0,4,NaN
4,0,4,NaN
3,1,4,NaN
4,0,4,NaN
4,0,4,0.9137791798943785
3,1,4,0.6717661875924231
3,1,4,NaN
3,1,4,NaN
2,2,4,0.5802917560236949
1,3,4,NaN
3,1,4,0.5865196674031864
4,0,4,0.21185071034975703
4,0,4,0.6717661875924231
3,1,4,0.2783692877527476
4,0,4,0.24290906152647984
4,0,4,0.6717661875924231
4,0,4,0.7423423413009405
3,1,4,0.004243052065979369
2,2,4,0.21185071034975703
3,1,4,0.8450772854630715
2,2,4,0.9590286414731528
4,0,4,NaN
4,0,4,NaN
4,0,4,0.07361819104140599
4,0,4,0.9272124484159221
4,0,4,NaN
4,0,4,NaN
4,0,4,0.5865196674031864
3,1,4,0.07361819104140599
4,0,4,NaN
3,1,4,0.0630282359819421
2,2,4,NaN
1,3,4,NaN
4,0,4,0.631220773570296
3,1,4,NaN
3,1,4,NaN
4,0,4,0.4475557477195245
3,1,4,NaN
1,3,4,NaN
4,0,4,NaN
4,0,4,0.7423423413009405
3,1,4,NaN
2,2,4,NaN
4,0,4,NaN
4,0,4,NaN
3,1,4,NaN
3,1,4,NaN
3,1,4,0.8237080657963236
2,2,4,0.053556438906752275
2,2,4,0.4475557477195245
2,2,4,NaN
3,1,4,0.8006696868167401
4,0,4,NaN
1,3,4,NaN
2,2,4,NaN
3,1,4,0.5865196674031864
1,3,4,0.8237080657963236
4,0,4,0.8006696868167401
4,0,4,0.4011103777394731
2,2,4,0.03149697862226962
3,1,4,NaN
4,0,4,0.2494557729056143
4,0,4,0.8450772854630715
4,0,4,NaN
3,1,4,NaN
4,0,4,NaN
3,1,4,0.07361819104140599
3,1,4,NaN
4,0,4,0.7726517314264018
4,0,4,NaN
4,0,4,0.023437746643316073
1,3,4,0.5417209770628222
3,1,4,0.7092033041123709
3,1,4,0.4011103777394731
4,0,4,0.5183374556419776
3,1,4,0.4011103777394731
3,1,4,NaN
1,3,4,0.4475557477195245
1,3,4,NaN
3,1,4,NaN
3,1,4,NaN
2,2,4,NaN
3,1,4,0.4155618969404342
2,2,4,NaN
2,2,4,0.11735031057960332
2,2,4,NaN
3,1,4,NaN
4,0,4,NaN
2,2,4,NaN
2,2,4,NaN
1,3,4,0.031899501372293
4,0,4,NaN
3,1,4,0.8652322931034484
3,1,4,NaN
1,3,4,NaN
1,3,4,NaN
4,0,4,NaN
2,2,4,0.9263616469895146
4,0,4,NaN
2,2,4,0.8450772854630715
3,1,4,NaN
4,0,4,0.9733084005106692
3,1,4,NaN
4,0,4,0.8450772854630715
4,0,4,0.7726517314264018
3,1,4,0.8311569108333244
3,1,4,0.3557510427918548
1,3,4,NaN
1,3,4,NaN
1,3,4,NaN
2,2,4,NaN
2,2,4,0.9493033010224405
1,3,4,NaN
3,1,4,NaN
4,0,4,NaN
3,1,4,NaN
3,1,4,NaN
1,3,4,NaN
2,2,4,0.4011103777394731
3,1,4,0.3657993846599159
3,1,4,NaN
4,0,4,NaN
1,3,4,NaN
1,3,4,NaN
4,0,4,NaN
4,0,4,NaN
2,2,4,NaN
1,3,4,NaN
2,2,4,NaN
3,1,4,0.4475557477195245
4,0,4,NaN
1,3,4,0.02787455723542097
3,1,4,NaN
4,0,4,NaN
3,1,4,0.3557510427918548
4,0,4,NaN
2,2,4,NaN
4,0,4,NaN
2,2,4,NaN
1,3,4,NaN
2,2,4,0.21185071034975703
4,0,4,0.2992435100953518
3,1,4,NaN
3,1,4,NaN
2,2,4,0.016656938369781698
2,2,4,NaN
3,1,4,NaN
3,1,4,NaN
4,0,4,NaN
2,2,4,NaN
4,0,4,0.8006696868167401
2,2,4,NaN
3,1,4,NaN
4,0,4,0.8006696868167401
1,3,4,NaN
1,3,4,NaN
4,0,4,NaN
1,3,4,0.5865196674031864
3,1,4,NaN
4,0,4,0.2783692877527476
4,0,4,NaN
3,1,4,NaN
2,2,4,0.7726517314264018
3,1,4,NaN
4,0,4,0.31538291069709495
3,1,4,NaN
3,1,4,0.33132658896059497
3,1,4,NaN
1,3,4,0.8006696868167401
2,2,4,NaN
2,2,4,0.11735031057960332
3,1,4,NaN
3,1,4,NaN
2,2,4,NaN
1,3,4,NaN
4,0,4,NaN
4,0,4,0.7726517314264018
3,1,4,NaN
1,3,4,0.016656938369781698
3,1,4,0.13833345776724826
3,1,4,0.9394569650180941
4,0,4,NaN
1,3,4,NaN
3,1,4,0.053556438906752275
1,3,4,0.4155618969404342
4,0,4,0.0034735406480099346
4,0,4,0.5417209770628222
2,2,4,0.546152762799012
1,3,4,NaN
1,3,4,NaN
3,1,4,0.7092033041123709
3,1,4,0.9394569650180941
3,1,4,0.2105438322656536
4,0,4,0.7726517314264018
3,1,4,NaN
4,0,4,NaN
3,1,4,NaN
4,0,4,0.8450772854630715
1,3,4,NaN
2,2,4,NaN
4,0,4,0.9001259164326818
3,1,4,0.11540671459916908
2,2,4,0.04099133246999384
3,1,4,NaN
1,3,4,NaN
3,1,4,NaN
3,1,4,0.31538291069709495
4,0,4,NaN
1,3,4,NaN
4,0,4,NaN
4,0,4,NaN
2,2,4,0.15938727449707998
3,1,4,0.9841738135856081
1,3,4,NaN
3,1,4,0.24290906152647984
3,1,4,0.15938727449707998
2,2,4,NaN
2,2,4,0.04531425270758149
3,1,4,NaN
3,1,4,NaN
1,3,4,NaN
1,3,4,NaN
4,0,4,0.07361819104140599
4,0,4,0.9916966421839661
4,0,4,NaN
3,1,4,0.21185071034975703
4,0,4,NaN
2,2,4,NaN
4,0,4,NaN
4,0,4,0.13695747655435897
4,0,4,0.631220773570296
4,0,4,NaN
2,2,4,NaN
1,3,4,NaN
4,0,4,0.18348414923983342
1,3,4,0.31001982477850004
1,3,4,0.7092033041123709
3,1,4,NaN
3,1,4,0.8652322931034484
3,1,4,NaN
2,2,4,NaN
2,2,4,NaN
2,2,4,0.10032275229784271
2,2,4,0.7423423413009405
2,2,4,NaN
4,0,4,0.04531425270758149
3,1,4,NaN
4,0,4,NaN
3,1,4,0.13695747655435897
4,0,4,0.6717661875924231
2,2,4,NaN
2,2,4,NaN
2,2,4,0.48945833991568644
1,3,4,NaN
3,1,4,0.10032275229784271
4,0,4,NaN
4,0,4,0.7038570448214456
3,1,4,NaN
2,2,4,0.8827570506600473
3,1,4,0.24290906152647984
3,1,4,NaN
3,1,4,NaN
3,1,4,0.5417209770628222
1,3,4,0.5417209770628222
2,2,4,0.631220773570296
3,1,4,NaN
2,2,4,NaN
3,1,4,NaN
4,0,4,0.18348414923983342
4,0,4,NaN
2,2,4,NaN
3,1,4,NaN
2,2,4,NaN
1,3,4,0.11735031057960332
4,0,4,NaN
3,1,4,NaN
1,3,4,0.01039623198022813
1,3,4,0.2858905538457021
1,3,4,0.631220773570296
4,0,4,NaN
2,2,4,0.8006696868167401
3,1,4,NaN
3,1,4,0.5417209770628222
3,1,4,NaN
3,1,4,NaN
2,2,4,NaN
2,2,4,0.49543559874771725
3,1,4,NaN
3,1,4,NaN
4,0,4,NaN
4,0,4,0.4011103777394731
4,0,4,NaN
2,2,4,NaN
4,0,4,NaN
1,3,4,NaN
4,0,4,0.8006696868167401
4,0,4,NaN
3,1,4,NaN
3,1,4,NaN
3,1,4,NaN
4,0,4,NaN
2,2,4,0.31538291069709495
3,1,4,0.8933041695230786
2,2,4,NaN
3,1,4,0.631220773570296
1,3,4,NaN
2,2,4,NaN
2,2,4,NaN
2,2,4,0.7433590367901758
4,0,4,NaN
4,0,4,NaN
4,0,4,NaN
4,0,4,0.3557510427918548
2,2,4,0.8237080657963236
2,2,4,NaN
1,3,4,NaN
2,2,4,NaN
2,2,4,0.18212161378413358
2,2,4,0.8006696868167401
4,0,4,0.8450772854630715
1,3,4,0.18348414923983342
3,1,4,NaN
1,3,4,NaN
4,0,4,0.2783692877527476
1,3,4,NaN
4,0,4,NaN
3,1,4,NaN
4,0,4,0.8006696868167401
4,0,4,NaN
1,3,4,NaN
3,1,4,NaN
3,1,4,0.31538291069709495
2,2,4,0.631220773570296
3,1,4,NaN
3,1,4,NaN
3,1,4,NaN
3,1,4,NaN
3,1,4,0.7726517314264018
3,1,4,NaN
1,3,4,NaN
2,2,4,NaN
3,1,4,NaN
2,2,4,NaN
3,1,4,0.7423423413009405
1,3,4,0.7092033041123709
4,0,4,NaN
3,1,4,NaN
1,3,4,NaN
4,0,4,NaN
1,3,4,NaN
3,1,4,NaN
2,2,4,NaN
1,3,4,NaN
4,0,4,0.053556438906752275
4,0,4,NaN
3,1,4,0.2783692877527476
3,1,4,NaN
3,1,4,0.7092033041123709
4,0,4,0.21185071034975703
4,0,4,NaN
2,2,4,NaN
2,2,4,0.13695747655435897
2,2,4,0.0003230500765620089
3,1,4,0.631220773570296
3,1,4,0.15938727449707998
2,2,4,0.49543559874771725
2,2,4,NaN
4,0,4,NaN
4,0,4,NaN
4,0,4,0.2783692877527476
4,0,4,0.053556438906752275
1,3,4,NaN
4,0,4,NaN
2,2,4,0.023437746643316073
4,0,4,NaN
4,0,4,NaN
4,0,4,0.2088519484374868
3,1,4,NaN
2,2,4,0.5417209770628222
1,3,4,NaN
4,0,4,NaN
2,2,4,NaN
2,2,4,0.18348414923983342
4,0,4,NaN
1,3,4,0.10032275229784271
4,0,4,NaN
1,3,4,NaN
4,0,4,NaN
3,1,4,NaN
4,0,4,NaN
2,2,4,NaN
3,1,4,NaN
4,0,4,0.631220773570296
4,0,4,NaN
4,0,4,NaN
1,3,4,0.023526326196296094
4,0,4,0.7726517314264018
4,0,4,NaN
4,0,4,0.9916966421839661
3,1,4,0.03900160981941825
2,2,4,0.016656938369781698
2,2,4,NaN
3,1,4,NaN
2,2,4,0.9493033010224405
3,1,4,NaN
2,2,4,0.31538291069709495
2,2,4,0.9663500458367166
3,1,4,0.6667808285565223
1,3,4,0.584035288408222
2,2,4,NaN
1,3,4,0.7038570448214456
4,0,4,0.24290906152647984
2,2,4,NaN
4,0,4,NaN
4,0,4,NaN
4,0,4,0.03682854976570325
4,0,4,NaN
1,3,4,NaN
3,1,4,0.5865196674031864
4,0,4,NaN
4,0,4,0.053556438906752275
2,2,4,NaN
4,0,4,0.7423423413009405
2,2,4,0.4011103777394731
3,1,4,NaN
2,2,4,NaN
2,2,4,NaN
4,0,4,NaN
3,1,4,0.4011103777394731
2,2,4,0.7092033041123709
4,0,4,NaN
4,0,4,0.21185071034975703
4,0,4,0.6717661875924231
3,1,4,0.5183374556419776
1,3,4,NaN
2,2,4,0.4011103777394731
4,0,4,0.631220773570296
4,0,4,NaN
3,1,4,0.4475557477195245
2,2,4,NaN
2,2,4,NaN
3,1,4,NaN
2,2,4,NaN
4,0,4,0.07790869961281381
3,1,4,0.7038570448214456
4,0,4,0.2783692877527476
4,0,4,NaN
4,0,4,0.6717661875924231
2,2,4,0.9509551182420809
2,2,4,0.04531425270758149
1,3,4,0.0924971579505958
1,3,4,NaN
3,1,4,0.9272124484159221
4,0,4,NaN
3,1,4,0.5417209770628222
4,0,4,NaN
4,0,4,NaN
3,1,4,0.3422373411490922
2,2,4,NaN
2,2,4,0.5417209770628222
3,1,4,NaN
4,0,4,NaN
1,3,4,0.7092033041123709
3,1,4,0.5417209770628222
4,0,4,NaN
1,3,4,NaN
4,0,4,NaN
3,1,4,NaN
1,3,4,NaN
4,0,4,0.9663500458367166
4,0,4,0.6717661875924231
4,0,4,NaN
2,2,4,NaN
2,2,4,NaN
3,1,4,0.8652322931034484
2,2,4,0.8006696868167401
4,0,4,NaN
3,1,4,NaN
3,1,4,0.053556438906752275
3,1,4,0.10032275229784271
4,0,4,NaN
4,0,4,0.13695747655435897
2,2,4,NaN
2,2,4,0.4011103777394731
3,1,4,NaN
3,1,4,NaN
3,1,4,0.5183374556419776
3,1,4,0.18348414923983342
2,2,4,NaN
2,2,4,0.7092033041123709
1,3,4,NaN
1,3,4,NaN
2,2,4,0.4475557477195245
4,0,4,0.2783692877527476
4,0,4,0.631220773570296
3,1,4,NaN
2,2,4,NaN
3,1,4,NaN
3,1,4,NaN
1,3,4,NaN
4,0,4,0.04710586429197951
4,0,4,0.9272124484159221
2,2,4,NaN
3,1,4,NaN
4,0,4,0.49543559874771725
4,0,4,NaN
4,0,4,NaN
4,0,4,NaN
3,1,4,NaN
4,0,4,0.631220773570296
4,0,4,NaN
2,2,4,0.8450772854630715
4,0,4,NaN
3,1,4,0.9137791798943785
3,1,4,NaN
3,1,4,NaN
3,1,4,0.8237080657963236
4,0,4,NaN
3,1,4,0.5417209770628222
4,0,4,NaN
3,1,4,7.290286062751745e-7
3,1,4,0.8237080657963236
4,0,4,NaN
3,1,4,0.00014666857791666778
4,0,4,NaN
2,2,4,NaN
2,2,4,0.48945833991568644
2,2,4,0.8237080657963236
3,1,4,NaN
4,0,4,0.7092033041123709
4,0,4,NaN
2,2,4,0.8827570506600473
3,1,4,NaN
3,1,4,0.03963139213085839
3,1,4,0.8450772854630715
2,2,4,NaN
4,0,4,0.6717661875924231
2,2,4,0.9733084005106692
4,0,4,0.7092033041123709
1,3,4,NaN
3,1,4,0.06529835467430033
3,1,4,NaN
2,2,4,0.31538291069709495
4,0,4,NaN
4,0,4,0.4475557477195245
3,1,4,NaN
2,2,4,0.3557510427918548
4,0,4,NaN
2,2,4,0.02787455723542097
4,0,4,NaN
3,1,4,NaN
4,0,4,NaN
4,0,4,0.03002897565218359
2,2,4,NaN
4,0,4,NaN
3,1,4,0.9493033010224405
3,1,4,NaN
1,3,4,NaN
3,1,4,NaN
2,2,4,NaN
3,1,4,NaN
4,0,4,NaN
3,1,4,0.44614305014008737
1,3,4,0.5417209770628222
1,3,4,0.5865196674031864
2,2,4,0.7125497954121649
3,1,4,0.0630282359819421
4,0,4,NaN
1,3,4,0.24290906152647984
1,3,4,NaN
2,2,4,NaN
2,2,4,0.3921225773990182
2,2,4,0.04531425270758149
4,0,4,NaN
3,1,4,0.9789190809366978
4,0,4,NaN
1,3,4,NaN
4,0,4,0.13695747655435897
4,0,4,NaN
1,3,4,NaN
3,1,4,NaN
3,1,4,0.9643152903175389
1,3,4,0.6163604147416746
4,0,4,NaN
4,0,4,0.49543559874771725
3,1,4,0.5865196674031864
3,1,4,NaN
4,0,4,0.9733084005106692
1,3,4,NaN
4,0,4,NaN
3,1,4,0.49543559874771725
3,1,4,NaN
3,1,4,0.9590286414731528
1,3,4,NaN
4,0,4,NaN
4,0,4,0.9789190809366978
4,0,4,0.8450772854630715
4,0,4,NaN
2,2,4,0.24290906152647984
4,0,4,NaN
2,2,4,0.5865196674031864
2,2,4,0.8652322931034484
3,1,4,NaN
4,0,4,0.2783692877527476
3,1,4,0.24290906152647984
3,1,4,0.8652322931034484
4,0,4,NaN
3,1,4,NaN
4,0,4,NaN
3,1,4,NaN
3,1,4,0.003667812051649711
4,0,4,NaN
1,3,4,NaN
4,0,4,NaN
4,0,4,NaN
3,1,4,NaN
1,3,4,NaN
4,0,4,NaN
1,3,4,NaN
1,3,4,0.6368500392896812
3,1,4,NaN
2,2,4,NaN
1,3,4,0.0015506799637766114
4,0,4,NaN
1,3,4,NaN
2,2,4,0.2783692877527476
4,0,4,NaN
3,1,4,0.15938727449707998
3,1,4,NaN
3,1,4,NaN
4,0,4,NaN
4,0,4,0.3557510427918548
3,1,4,0.08612589160650815
3,1,4,NaN
3,1,4,NaN
3,1,4,NaN
2,2,4,NaN
3,1,4,0.07410943283789428
4,0,4,0.08612589160650815
4,0,4,0.8827570506600473
3,1,4,NaN
2,2,4,0.6363457205872601
4,0,4,0.21185071034975703
3,1,4,0.31538291069709495
4,0,4,NaN
1,3,4,0.8006696868167401
2,2,4,0.06974711180439698
3,1,4,NaN
3,1,4,NaN
3,1,4,NaN
2,2,4,0.2918901956124787
3,1,4,NaN
3,1,4,NaN
4,0,4,0.5417209770628222
3,1,4,0.31538291069709495
3,1,4,0.046660617326662206
2,2,4,NaN
2,2,4,NaN
4,0,4,0.8652322931034484
4,0,4,NaN
4,0,4,NaN
4,0,4,NaN
3,1,4,NaN
2,2,4,NaN
2,2,4,0.03831329598506057
2,2,4,NaN
2,2,4,0.4011103777394731
4,0,4,0.631220773570296
3,1,4,NaN
1,3,4,0.5417209770628222
1,3,4,NaN
1,3,4,NaN
3,1,4,0.8237080657963236
3,1,4,0.8088883242977231
1,3,4,NaN
4,0,4,0.5234731702865001
3,1,4,0.7423423413009405
1,3,4,NaN
4,0,4,NaN
1,3,4,NaN
1,3,4,0.5417209770628222
4,0,4,NaN
3,1,4,NaN
4,0,4,0.9272124484159221
4,0,4,NaN
2,2,4,0.631220773570296
3,1,4,NaN
4,0,4,0.8006696868167401
3,1,4,0.7929338376315631
2,2,4,NaN
1,3,4,NaN
2,2,4,0.4475557477195245
3,1,4,NaN
1,3,4,NaN
4,0,4,0.4011103777394731
2,2,4,0.18027052375523792
4,0,4,NaN
1,3,4,NaN
4,0,4,0.4475557477195245
3,1,4,NaN
2,2,4,0.019941940507491703
4,0,4,0.31538291069709495
3,1,4,NaN
3,1,4,NaN
4,0,4,0.9137791798943785
4,0,4,0.31538291069709495
3,1,4,0.24290906152647984
1,3,4,0.15021370908375797
3,1,4,0.2307478702826715
1,3,4,0.5417209770628222
2,2,4,0.006162005486132496
2,2,4,0.7423423413009405
4,0,4,0.014411962150527043
2,2,4,NaN
3,1,4,0.02787455723542097
2,2,4,0.6661357335823996
3,1,4,NaN
4,0,4,NaN
4,0,4,NaN
3,1,4,NaN
4,0,4,0.13695747655435897
3,1,4,0.5417209770628222
3,1,4,NaN
4,0,4,NaN
4,0,4,0.016656938369781698
2,2,4,NaN
4,0,4,NaN
3,1,4,0.13695747655435897
3,1,4,NaN
4,0,4,0.5865196674031864
2,2,4,0.8827570506600473
4,0,4,0.6717661875924231
1,3,4,0.3476853706295319
3,1,4,0.2187885149467455
1,3,4,NaN
4,0,4,NaN
3,1,4,0.31538291069709495
2,2,4,NaN
4,0,4,0.7423423413009405
2,2,4,0.9272124484159221
4,0,4,0.5085888036623277
4,0,4,NaN
2,2,4,NaN
1,3,4,0.7092033041123709
2,2,4,0.8545558605442566
3,1,4,NaN
3,1,4,0.03831329598506057
4,0,4,NaN
3,1,4,NaN
1,3,4,0.09901566991057525
4,0,4,0.11735031057960332
3,1,4,NaN
1,3,4,NaN
2,2,4,NaN
3,1,4,NaN
4,0,4,0.23274327690905425
2,2,4,0.8006696868167401
2,2,4,NaN
4,0,4,0.6717661875924231
3,1,4,0.11884425865406503
2,2,4,NaN
2,2,4,0.01964751139271028
3,1,4,NaN
2,2,4,NaN
4,0,4,NaN
4,0,4,0.07361819104140599
3,1,4,0.18348414923983342
4,0,4,NaN
2,2,4,NaN
3,1,4,0.5178782608538058
3,1,4,0.631220773570296
4,0,4,0.9137791798943785
4,0,4,NaN
1,3,4,0.06387824333310188
4,0,4,NaN
1,3,4,NaN
4,0,4,NaN
4,0,4,NaN
1,3,4,NaN
3,1,4,NaN
4,0,4,0.019796251803769704
4,0,4,NaN
2,2,4,NaN
2,2,4,0.5417209770628222
3,1,4,0.011335119107957231
2,2,4,0.8006696868167401
4,0,4,NaN
1,3,4,0.11735031057960332
2,2,4,NaN
4,0,4,0.9394569650180941
3,1,4,NaN
3,1,4,NaN
4,0,4,NaN
2,2,4,NaN
1,3,4,NaN
3,1,4,0.631220773570296
3,1,4,0.9272124484159221
3,1,4,NaN
4,0,4,0.24290906152647984
2,2,4,0.07361819104140599
4,0,4,0.3557510427918548
2,2,4,0.8006696868167401
3,1,4,NaN
3,1,4,0.15938727449707998
3,1,4,NaN
4,0,4,0.31538291069709495
1,3,4,0.18348414923983342
4,0,4,NaN
2,2,4,NaN
3,1,4,NaN
1,3,4,0.49543559874771725
3,1,4,NaN
2,2,4,0.6717661875924231
4,0,4,0.01384068834559692
3,1,4,NaN
1,3,4,NaN
1,3,4,NaN
2,2,4,NaN
3,1,4,0.3120954009438327
4,0,4,NaN
1,3,4,0.032853775051729074
3,1,4,0.0630282359819421
4,0,4,0.31538291069709495
2,2,4,0.4155618969404342
3,1,4,0.011583233102037528
4,0,4,0.053556438906752275
3,1,4,NaN
4,0,4,NaN
3,1,4,NaN
3,1,4,0.11735031057960332
1,3,4,NaN
4,0,4,0.0630282359819421
4,0,4,NaN
4,0,4,NaN
4,0,4,0.4475557477195245
3,1,4,0.4011103777394731
3,1,4,NaN
3,1,4,0.10700588814006887
2,2,4,NaN
1,3,4,NaN
3,1,4,NaN
2,2,4,0.545442080694089
4,0,4,NaN
4,0,4,0.5417209770628222
3,1,4,0.631220773570296
2,2,4,NaN
2,2,4,NaN
4,0,4,0.3557510427918548
3,1,4,0.9394569650180941
4,0,4,0.7514535986009501
3,1,4,0.31538291069709495
1,3,4,NaN
3,1,4,0.016656938369781698
1,3,4,0.07361819104140599
4,0,4,0.05259936544799669
2,2,4,NaN
3,1,4,NaN
4,0,4,0.9272124484159221
1,3,4,0.6717661875924231
3,1,4,0.9272124484159221
3,1,4,0.7423423413009405
2,2,4,0.8652322931034484
4,0,4,NaN
3,1,4,0.5865196674031864
3,1,4,0.9137791798943785
3,1,4,0.49543559874771725
4,0,4,NaN
1,3,4,0.15419292433117038
4,0,4,0.7092033041123709
4,0,4,NaN
3,1,4,NaN
4,0,4,NaN
3,1,4,0.24290906152647984
3,1,4,0.6717661875924231
3,1,4,NaN
2,2,4,NaN
4,0,4,0.9590286414731528
3,1,4,NaN
4,0,4,NaN
4,0,4,NaN
1,3,4,NaN
4,0,4,0.631220773570296
4,0,4,NaN
4,0,4,NaN
3,1,4,0.997889325925379
4,0,4,NaN
3,1,4,0.3557510427918548
3,1,4,0.19820406815208724
2,2,4,0.24290906152647984
2,2,4,NaN
2,2,4,NaN
4,0,4,0.19472917649073473
4,0,4,NaN
2,2,4,0.053556438906752275
3,1,4,NaN
4,0,4,0.49543559874771725
4,0,4,0.7092033041123709
4,0,4,NaN
1,3,4,0.8237080657963236
2,2,4,0.15938727449707998
3,1,4,0.8827570506600473
3,1,4,NaN
4,0,4,NaN
3,1,4,0.24290906152647984
4,0,4,NaN
2,2,4,0.631220773570296
1,3,4,NaN
3,1,4,0.8311569108333244
1,3,4,0.7092033041123709
4,0,4,0.03831329598506057
3,1,4,0.4475557477195245
3,1,4,NaN
4,0,4,0.8006696868167401
4,0,4,0.7092033041123709
2,2,4,NaN
1,3,4,0.1045240737737313
4,0,4,NaN
3,1,4,0.49647831018286104
2,2,4,0.8450772854630715
3,1,4,NaN
4,0,4,0.3557510427918548
4,0,4,0.8968365855253091
1,3,4,NaN
4,0,4,NaN
4,0,4,0.9137791798943785
2,2,4,NaN
3,1,4,NaN
4,0,4,NaN
3,1,4,0.8450772854630715
2,2,4,0.7423423413009405
4,0,4,NaN
4,0,4,0.7423423413009405
4,0,4,NaN
4,0,4,NaN
3,1,4,0.07118757559816605
2,2,4,NaN
4,0,4,NaN
2,2,4,0.0048802753390964435
3,1,4,NaN
1,3,4,0.8006586145440605
4,0,4,NaN
3,1,4,0.43454828409625273
1,3,4,0.13695747655435897
2,2,4,NaN
4,0,4,0.49543559874771725
4,0,4,0.7423423413009405
4,0,4,NaN
2,2,4,0.006210123142791653
4,0,4,NaN
4,0,4,NaN
1,3,4,0.49543559874771725
4,0,4,0.11735031057960332
3,1,4,NaN
4,0,4,0.9590286414731528
2,2,4,NaN
4,0,4,NaN
3,1,4,0.009479708314076397
2,2,4,0.4475557477195245
4,0,4,0.9137791798943785
1,3,4,0.9137791798943785
3,1,4,0.7092033041123709
3,1,4,NaN
4,0,4,NaN
4,0,4,NaN
3,1,4,NaN
1,3,4,0.631220773570296
4,0,4,NaN
3,1,4,0.7726517314264018
3,1,4,0.20118609468023665
2,2,4,NaN
2,2,4,0.03819073145930519
4,0,4,NaN
4,0,4,0.8237080657963236
2,2,4,NaN
4,0,4,NaN
3,1,4,0.49543559874771725
3,1,4,0.9663500458367166
4,0,4,0.15938727449707998
4,0,4,0.4475557477195245
4,0,4,0.8006696868167401
3,1,4,NaN
4,0,4,NaN
2,2,4,NaN
2,2,4,NaN
3,1,4,NaN
4,0,4,NaN
2,2,4,NaN
1,3,4,0.8652322931034484
3,1,4,NaN
4,0,4,0.7726517314264018
3,1,4,NaN
1,3,4,NaN
2,2,4,0.13695747655435897
3,1,4,NaN
4,0,4,0.032853775051729074
2,2,4,0.7921036530766452
4,0,4,0.361594649975457
2,2,4,0.8006696868167401
4,0,4,NaN
3,1,4,NaN
3,1,4,NaN
3,1,4,NaN
4,0,4,NaN
1,3,4,NaN
4,0,4,NaN
4,0,4,0.7726517314264018
4,0,4,0.5865196674031864
2,2,4,NaN
3,1,4,NaN
3,1,4,0.8652322931034484
2,2,4,0.7092033041123709
4,0,4,0.0003333921380685969
2,2,4,0.03831329598506057
4,0,4,NaN
2,2,4,0.9394569650180941
1,3,4,NaN
2,2,4,0.11735031057960332
3,1,4,NaN
4,0,4,NaN
4,0,4,0.7038570448214456
2,2,4,0.6717661875924231
3,1,4,0.032853775051729074
3,1,4,NaN
3,1,4,0.48945833991568644
4,0,4,NaN
4,0,4,NaN
4,0,4,NaN
1,3,4,0.5417209770628222
4,0,4,NaN
1,3,4,0.5417209770628222
2,2,4,NaN
3,1,4,0.7726517314264018
3,1,4,NaN
4,0,4,0.31538291069709495
4,0,4,0.0015506799637766114
3,1,4,NaN
3,1,4,0.0630282359819421
1,3,4,NaN
1,3,4,0.04531425270758149
1,3,4,NaN
1,3,4,NaN
1,3,4,0.4011103777394731
4,0,4,0.5458017815032892
3,1,4,NaN
3,1,4,NaN
3,1,4,0.07361819104140599
2,2,4,0.9493033010224405
1,3,4,NaN
4,0,4,NaN
2,2,4,NaN
3,1,4,NaN
2,2,4,NaN
4,0,4,NaN
4,0,4,0.4146689370945025
4,0,4,0.9590286414731528
3,1,4,NaN
1,3,4,0.13695747655435897
2,2,4,0.4475557477195245
3,1,4,NaN
4,0,4,NaN
2,2,4,NaN
4,0,4,NaN
3,1,4,0.5417209770628222
2,2,4,0.3557510427918548
2,2,4,0.5865196674031864
2,2,4,NaN
3,1,4,NaN
3,1,4,NaN
3,1,4,NaN
3,1,4,NaN
4,0,4,NaN
4,0,4,0.8652322931034484
3,1,4,0.07361819104140599
2,2,4,NaN
4,0,4,0.4011103777394731
3,1,4,0.5714671582255558
2,2,4,0.13695747655435897
3,1,4,NaN
3,1,4,0.4011103777394731
4,0,4,NaN
1,3,4,NaN
4,0,4,NaN
4,0,4,NaN
2,2,4,0.5183374556419776
3,1,4,NaN
3,1,4,NaN
3,1,4,0.10032275229784271
3,1,4,NaN
3,1,4,0.9137791798943785
1,3,4,NaN
4,0,4,0.8006696868167401
4,0,4,0.5865196674031864
1,3,4,NaN
3,1,4,0.0033227796239621576
3,1,4,NaN
3,1,4,NaN
4,0,4,0.03694197230119212
3,1,4,NaN
2,2,4,0.49543559874771725
1,3,4,NaN
4,0,4,0.13695747655435897
2,2,4,0.032853775051729074
3,1,4,NaN
2,2,4,NaN
4,0,4,NaN
4,0,4,0.7423423413009405
4,0,4,NaN
3,1,4,NaN
4,0,4,NaN
2,2,4,NaN
4,0,4,0.11881885597296148
1,3,4,0.31538291069709495
3,1,4,0.03147361739965893
3,1,4,NaN
1,3,4,0.5587721585107637
3,1,4,NaN
4,0,4,0.04531425270758149
2,2,4,0.2783692877527476
2,2,4,NaN
3,1,4,NaN
3,1,4,0.3575534733500888
4,0,4,NaN
2,2,4,NaN
1,3,4,NaN
4,0,4,NaN
4,0,4,0.7092033041123709
4,0,4,NaN
3,1,4,NaN
4,0,4,NaN
2,2,4,NaN
4,0,4,0.03831329598506057
3,1,4,NaN
3,1,4,0.9733084005106692
3,1,4,0.7423423413009405
2,2,4,NaN
3,1,4,NaN
1,3,4,0.004426969511280984
2,2,4,NaN
4,0,4,0.13684525122146476
2,2,4,0.3222629772517546
2,2,4,0.3244001515656908
4,0,4,0.15938727449707998
4,0,4,NaN
1,3,4,0.07361819104140599
1,3,4,0.21185071034975703
4,0,4,0.0630282359819421
3,1,4,NaN
4,0,4,NaN
3,1,4,NaN
2,2,4,0.053556438906752275
4,0,4,NaN
4,0,4,0.053556438906752275
2,2,4,NaN
4,0,4,0.8827570506600473
4,0,4,0.3557510427918548
4,0,4,0.032853775051729074
2,2,4,NaN
3,1,4,0.7423423413009405
4,0,4,NaN
4,0,4,0.4475557477195245
3,1,4,0.4475557477195245
4,0,4,NaN
3,1,4,0.31538291069709495
4,0,4,NaN
3,1,4,NaN
3,1,4,0.5621698651097468
2,2,4,0.055019965025258535
4,0,4,NaN
2,2,4,NaN
2,2,4,0.13695747655435897
4,0,4,0.9245369492091288
3,1,4,NaN
1,3,4,NaN
2,2,4,0.30930969643352185
2,2,4,0.9001259164326818
4,0,4,0.15938727449707998
2,2,4,0.0015506799637766114
2,2,4,0.5960509201675027
1,3,4,NaN
3,1,4,0.8450772854630715
2,2,4,0.31538291069709495
4,0,4,0.0630282359819421
2,2,4,NaN
3,1,4,NaN
4,0,4,NaN
2,2,4,NaN
2,2,4,0.019796251803769704
2,2,4,0.5417209770628222
4,0,4,NaN
2,2,4,0.49543559874771725
2,2,4,0.7092033041123709
2,2,4,NaN
2,2,4,NaN
3,1,4,NaN
2,2,4,0.24290906152647984
3,1,4,NaN
2,2,4,NaN
2,2,4,NaN
4,0,4,0.6977762103463471
2,2,4,0.8827570506600473
3,1,4,NaN
2,2,4,0.31538291069709495
3,1,4,0.31538291069709495
4,0,4,NaN
3,1,4,NaN
3,1,4,0.9222155645403921
2,2,4,NaN
3,1,4,0.9590286414731528
2,2,4,0.2783692877527476
1,3,4,NaN
3,1,4,0.12616282631084808
2,2,4,NaN
4,0,4,NaN
4,0,4,0.9590286414731528
3,1,4,0.24290906152647984
4,0,4,NaN
1,3,4,NaN
2,2,4,NaN
4,0,4,NaN
1,3,4,NaN
4,0,4,NaN
3,1,4,NaN
2,2,4,NaN
1,3,4,NaN
1,3,4,NaN
2,2,4,0.0462060885096858
4,0,4,NaN
4,0,4,NaN
1,3,4,0.5417209770628222
2,2,4,0.2878295377921815
2,2,4,0.9001259164326818
4,0,4,NaN
3,1,4,0.08612589160650815
4,0,4,0.49543559874771725
1,3,4,NaN
2,2,4,NaN
4,0,4,NaN
3,1,4,0.08612589160650815
3,1,4,NaN
2,2,4,0.5417209770628222
3,1,4,0.31538291069709495
3,1,4,NaN
4,0,4,0.5865196674031864
1,3,4,0.7726517314264018
2,2,4,NaN
1,3,4,0.33732590933043793
4,0,4,0.7092033041123709
4,0,4,NaN
2,2,4,0.4011103777394731
3,1,4,0.5417209770628222
4,0,4,NaN
4,0,4,NaN
3,1,4,0.11735031057960332
4,0,4,NaN
4,0,4,0.7092033041123709
4,0,4,NaN
4,0,4,NaN
3,1,4,0.9493033010224405
1,3,4,NaN
4,0,4,0.5417209770628222
2,2,4,0.6311970502828005
3,1,4,NaN
2,2,4,NaN
2,2,4,NaN
1,3,4,NaN
4,0,4,NaN
2,2,4,0.8827570506600473
3,1,4,NaN
1,3,4,0.023437746643316073
4,0,4,NaN
2,2,4,NaN
4,0,4,0.1842136186312726
3,1,4,0.8827570506600473
2,2,4,0.4011103777394731
3,1,4,0.0051653647514528205
2,2,4,NaN
4,0,4,NaN
4,0,4,NaN
3,1,4,NaN
3,1,4,NaN
4,0,4,0.49543559874771725
3,1,4,NaN
1,3,4,NaN
2,2,4,NaN
2,2,4,0.04531425270758149
1,3,4,0.011344078488777672
2,2,4,0.03831329598506057
3,1,4,NaN
3,1,4,0.8450772854630715
2,2,4,0.12421410563740573
1,3,4,0.016656938369781698
2,2,4,0.03831329598506057
3,1,4,NaN
2,2,4,NaN
2,2,4,NaN
3,1,4,NaN
4,0,4,NaN
2,2,4,NaN
2,2,4,0.7738393337297048
2,2,4,NaN
2,2,4,NaN
4,0,4,0.9789190809366978
4,0,4,NaN
2,2,4,NaN
4,0,4,NaN
4,0,4,NaN
4,0,4,NaN
2,2,4,NaN
1,3,4,NaN
1,3,4,NaN
1,3,4,0.11735031057960332
2,2,4,NaN
3,1,4,0.21185071034975703
4,0,4,NaN
4,0,4,0.7423423413009405
1,3,4,0.21185071034975703
4,0,4,NaN
3,1,4,NaN
4,0,4,NaN
1,3,4,NaN
4,0,4,NaN
4,0,4,NaN
1,3,4,0.9663500458367166
2,2,4,NaN
4,0,4,NaN
4,0,4,NaN
4,0,4,NaN
2,2,4,0.6717661875924231
3,1,4,NaN
4,0,4,NaN
4,0,4,NaN
3,1,4,0.7092033041123709
3,1,4,0.8450772854630715
3,1,4,0.19975482199764888
2,2,4,NaN
4,0,4,0.10032275229784271
3,1,4,0.04531425270758149
4,0,4,NaN
4,0,4,0.49543559874771725
2,2,4,0.3557510427918548
2,2,4,NaN
3,1,4,NaN
2,2,4,NaN
3,1,4,NaN
1,3,4,0.7726517314264018
2,2,4,0.9590286414731528
2,2,4,0.49543559874771725
4,0,4,0.7726517314264018
3,1,4,0.6386796318110681
4,0,4,0.7092033041123709
1,3,4,0.8108755240464771
2,2,4,NaN
2,2,4,0.21185071034975703
2,2,4,NaN
4,0,4,NaN
1,3,4,0.5417209770628222
1,3,4,NaN
2,2,4,0.8079928207706086
3,1,4,0.9394569650180941
4,0,4,NaN
4,0,4,NaN
3,1,4,NaN
1,3,4,NaN
2,2,4,NaN
2,2,4,0.565973051072774
2,2,4,NaN
2,2,4,NaN
3,1,4,NaN
4,0,4,NaN
2,2,4,0.8827570506600473
3,1,4,0.6717661875924231
1,3,4,NaN
4,0,4,0.3557510427918548
4,0,4,NaN
3,1,4,0.5865196674031864
2,2,4,NaN
2,2,4,0.48796662186443346
3,1,4,0.9841738135856081
3,1,4,NaN
2,2,4,NaN
2,2,4,0.6717661875924231
4,0,4,0.5865196674031864
3,1,4,NaN
1,3,4,NaN
3,1,4,NaN
2,2,4,NaN
4,0,4,NaN
2,2,4,0.21185071034975703
3,1,4,0.4475557477195245
1,3,4,0.8652322931034484
1,3,4,NaN
3,1,4,0.9739270459138313
1,3,4,NaN
2,2,4,NaN
3,1,4,1.6176974902312948e-6
1,3,4,0.49543559874771725
4,0,4,0.5417209770628222
4,0,4,0.15938727449707998
2,2,4,NaN
4,0,4,NaN
3,1,4,NaN
3,1,4,NaN
4,0,4,0.7423423413009405
4,0,4,NaN
1,3,4,0.7722756456000196
2,2,4,NaN
4,0,4,0.02222698022213339
3,1,4,NaN
4,0,4,0.5511213331111136
4,0,4,NaN
3,1,4,NaN
4,0,4,NaN
1,3,4,0.001112573913251107
2,2,4,0.9272124484159221
3,1,4,0.6718829133842396
2,2,4,NaN
4,0,4,NaN
4,0,4,0.631220773570296
3,1,4,NaN
2,2,4,0.9885707782763422
2,2,4,0.2783692877527476
1,3,4,NaN
3,1,4,0.26182431502777886
3,1,4,NaN
4,0,4,0.023437746643316073
4,0,4,NaN
2,2,4,0.24290906152647984
4,0,4,NaN
3,1,4,NaN
3,1,4,0.6163604147416746
2,2,4,NaN
4,0,4,NaN
2,2,4,NaN
2,2,4,0.4011103777394731
3,1,4,0.7726517314264018
3,1,4,0.5417209770628222
4,0,4,NaN
1,3,4,0.8450772854630715
4,0,4,0.5417209770628222
3,1,4,NaN
4,0,4,0.4155618969404342
2,2,4,0.10032275229784271
3,1,4,0.31538291069709495
3,1,4,NaN
3,1,4,NaN
2,2,4,0.8237080657963236
4,0,4,NaN
4,0,4,NaN
3,1,4,NaN
4,0,4,0.39037567295547426
4,0,4,0.08612589160650815
1,3,4,NaN
3,1,4,0.5865196674031864
3,1,4,NaN
4,0,4,0.1557000446926056
1,3,4,NaN
4,0,4,0.24290906152647984
1,3,4,NaN
4,0,4,0.08612589160650815
3,1,4,NaN
2,2,4,NaN
2,2,4,NaN
4,0,4,NaN
1,3,4,NaN
1,3,4,0.8958762517401009
4,0,4,NaN
3,1,4,NaN
1,3,4,0.8006696868167401
2,2,4,NaN
4,0,4,NaN
2,2,4,NaN
2,2,4,NaN
2,2,4,0.02787455723542097
3,1,4,NaN
2,2,4,NaN
3,1,4,0.8237080657963236
1,3,4,NaN
2,2,4,NaN
3,1,4,0.631220773570296
1,3,4,0.4475557477195245
4,0,4,NaN
3,1,4,NaN
3,1,4,NaN
4,0,4,0.4475557477195245
2,2,4,0.5865196674031864
2,2,4,NaN
3,1,4,0.0006002989595009338
4,0,4,0.011335119107957231
1,3,4,NaN
3,1,4,0.0630282359819421
2,2,4,NaN
4,0,4,0.6717661875924231
2,2,4,NaN
4,0,4,0.7423423413009405
1,3,4,NaN
3,1,4,0.019461417384067987
3,1,4,NaN
4,0,4,NaN
1,3,4,0.00083320293734492
3,1,4,NaN
3,1,4,0.09140681177308141
2,2,4,0.8006696868167401
4,0,4,NaN
2,2,4,0.8450772854630715
4,0,4,NaN
1,3,4,NaN
3,1,4,NaN
3,1,4,0.9493033010224405
2,2,4,NaN
2,2,4,0.9272124484159221
4,0,4,NaN
4,0,4,NaN
1,3,4,NaN
1,3,4,NaN
2,2,4,NaN
3,1,4,0.8294436785114185
2,2,4,0.18348414923983342
1,3,4,NaN
2,2,4,0.1748306502319475
3,1,4,0.9272124484159221
2,2,4,NaN
1,3,4,NaN
3,1,4,NaN
1,3,4,NaN
1,3,4,0.04065609728507511
2,2,4,0.03682854976570325
2,2,4,NaN
2,2,4,NaN
4,0,4,NaN
1,3,4,NaN
1,3,4,NaN
2,2,4,NaN
3,1,4,NaN
2,2,4,NaN
2,2,4,NaN
3,1,4,NaN
2,2,4,NaN
3,1,4,NaN
1,3,4,NaN
3,1,4,NaN
1,3,4,0.6717661875924231
4,0,4,NaN
4,0,4,0.33070721322117175
3,1,4,0.8450772854630715
2,2,4,0.10032275229784271
2,2,4,0.053556438906752275
3,1,4,0.49543559874771725
3,1,4,NaN
2,2,4,NaN
2,2,4,NaN
3,1,4,NaN
4,0,4,NaN
3,1,4,NaN
4,0,4,0.5865196674031864
4,0,4,NaN
4,0,4,NaN
3,1,4,0.5180838030620013
2,2,4,0.9137791798943785
2,2,4,0.556053261693435
4,0,4,NaN
3,1,4,0.5865196674031864
2,2,4,NaN
3,1,4,NaN
4,0,4,0.8006696868167401
4,0,4,0.631220773570296
2,2,4,NaN
2,2,4,0.001198452136655007
3,1,4,NaN
2,2,4,NaN
2,2,4,0.2783692877527476
3,1,4,NaN
3,1,4,0.006162005486132496
4,0,4,0.18348414923983342
3,1,4,NaN
3,1,4,0.8652322931034484
4,0,4,0.7726517314264018
3,1,4,NaN
4,0,4,NaN
4,0,4,NaN
4,0,4,NaN
3,1,4,NaN
2,2,4,NaN
1,3,4,NaN
2,2,4,0.0008949479627873683
3,1,4,NaN
3,1,4,0.3557510427918548
1,3,4,NaN
2,2,4,NaN
2,2,4,NaN
3,1,4,0.24290906152647984
2,2,4,NaN
3,1,4,0.7726517314264018
4,0,4,0.8827570506600473
3,1,4,0.17239957638594303
4,0,4,NaN
3,1,4,0.007899058223776106
4,0,4,0.016656938369781698
2,2,4,NaN
4,0,4,0.9272124484159221
2,2,4,NaN
2,2,4,0.11448489346761681
4,0,4,NaN
4,0,4,NaN
4,0,4,0.5865196674031864
1,3,4,0.6717661875924231
1,3,4,0.9841738135856081
1,3,4,NaN
4,0,4,NaN
2,2,4,0.04531425270758149
4,0,4,NaN
4,0,4,NaN
3,1,4,NaN
3,1,4,NaN
2,2,4,NaN
1,3,4,0.08393888398961358
1,3,4,0.5865196674031864
4,0,4,NaN
4,0,4,NaN
3,1,4,NaN
4,0,4,NaN
4,0,4,NaN
2,2,4,0.8827570506600473
2,2,4,0.8827570506600473
3,1,4,NaN
3,1,4,0.3557510427918548
2,2,4,NaN
3,1,4,NaN
4,0,4,NaN
3,1,4,NaN
2,2,4,NaN
3,1,4,0.4475557477195245
4,0,4,NaN
4,0,4,NaN
3,1,4,NaN
2,2,4,NaN
2,2,4,0.24290906152647984
4,0,4,NaN
2,2,4,NaN
1,3,4,NaN
1,3,4,0.49543559874771725
3,1,4,NaN
2,2,4,NaN
4,0,4,0.31538291069709495
3,1,4,0.6717661875924231
3,1,4,NaN
2,2,4,NaN
4,0,4,NaN
2,2,4,0.2809578211923491
4,0,4,0.7726517314264018
3,1,4,0.9394569650180941
2,2,4,0.5407509450331557
4,0,4,NaN
4,0,4,NaN
4,0,4,NaN
1,3,4,NaN
4,0,4,NaN
4,0,4,NaN
2,2,4,0.0011529476287738855
1,3,4,0.8006696868167401
2,2,4,NaN
4,0,4,0.21185071034975703
4,0,4,0.2177590941048155
4,0,4,0.6717661875924231
1,3,4,NaN
2,2,4,NaN
2,2,4,NaN
4,0,4,NaN
2,2,4,0.5865196674031864
3,1,4,NaN
3,1,4,0.9001259164326818
4,0,4,NaN
4,0,4,NaN
4,0,4,0.5417209770628222
3,1,4,0.02222698022213339
3,1,4,0.5865196674031864
3,1,4,0.13695747655435897
1,3,4,0.004243052065979369
3,1,4,0.6453711054401953
2,2,4,NaN
3,1,4,NaN
3,1,4,0.8450772854630715
2,2,4,NaN
3,1,4,0.21185071034975703
3,1,4,NaN
3,1,4,0.10032275229784271
2,2,4,NaN
1,3,4,NaN
1,3,4,0.9034844744746767
4,0,4,0.0630282359819421
1,3,4,0.007349342594627595
3,1,4,0.33289911354390594
3,1,4,0.5865196674031864
3,1,4,NaN
3,1,4,NaN
2,2,4,NaN
3,1,4,NaN
2,2,4,NaN
1,3,4,NaN
4,0,4,NaN
3,1,4,NaN
1,3,4,0.9663500458367166
4,0,4,NaN
1,3,4,0.18348414923983342
2,2,4,0.5356673432373547
2,2,4,0.5417209770628222
3,1,4,NaN
2,2,4,NaN
1,3,4,NaN
4,0,4,NaN
4,0,4,NaN
2,2,4,NaN
2,2,4,NaN
2,2,4,0.13695747655435897
3,1,4,NaN
1,3,4,0.9943152957847301
4,0,4,NaN
3,1,4,0.49543559874771725
4,0,4,NaN
3,1,4,0.8237080657963236
3,1,4,0.0051653647514528205
2,2,4,0.11735031057960332
4,0,4,0.8827570506600473
2,2,4,NaN
4,0,4,0.31538291069709495
1,3,4,NaN
3,1,4,NaN
3,1,4,0.6368500392896812
4,0,4,NaN
3,1,4,0.6717661875924231
3,1,4,NaN
4,0,4,NaN
3,1,4,NaN
3,1,4,NaN
4,0,4,NaN
4,0,4,NaN
3,1,4,NaN
2,2,4,0.9272124484159221
3,1,4,0.08612589160650815
4,0,4,NaN
3,1,4,NaN
4,0,4,0.2783692877527476
4,0,4,NaN
4,0,4,NaN
2,2,4,NaN
3,1,4,0.4475557477195245
3,1,4,0.13659267367864505
2,2,4,NaN
2,2,4,NaN
3,1,4,NaN
3,1,4,0.11004266429364606
4,0,4,0.8450772854630715
3,1,4,0.1543705926232434
2,2,4,0.13695747655435897
3,1,4,0.49543559874771725
3,1,4,0.15938727449707998
3,1,4,0.19780981286371305
4,0,4,NaN
4,0,4,0.9394569650180941
3,1,4,NaN
4,0,4,NaN
4,0,4,NaN
3,1,4,NaN
4,0,4,0.18348414923983342
3,1,4,0.3557510427918548
4,0,4,0.006162005486132496
1,3,4,0.5407509450331557
4,0,4,NaN
4,0,4,0.0051653647514528205
4,0,4,NaN
4,0,4,0.31538291069709495
3,1,4,0.24806130028015422
1,3,4,NaN
2,2,4,NaN
3,1,4,NaN
3,1,4,0.31538291069709495
4,0,4,0.0630282359819421
3,1,4,NaN
3,1,4,NaN
1,3,4,NaN
4,0,4,NaN
3,1,4,NaN
2,2,4,0.006295073613501605
2,2,4,NaN
2,2,4,0.31538291069709495
3,1,4,0.9272124484159221
3,1,4,0.6717661875924231
3,1,4,NaN
2,2,4,0.21185071034975703
3,1,4,0.4011103777394731
1,3,4,NaN
3,1,4,0.18348414923983342
3,1,4,0.31538291069709495
4,0,4,NaN
2,2,4,0.10032275229784271
2,2,4,0.01964751139271028
4,0,4,0.016656938369781698
3,1,4,0.9841738135856081
4,0,4,0.07361819104140599
3,1,4,NaN
3,1,4,NaN
4,0,4,NaN
2,2,4,NaN
3,1,4,NaN
2,2,4,NaN
3,1,4,0.7092033041123709
1,3,4,NaN
3,1,4,0.6717661875924231
3,1,4,0.24290906152647984
2,2,4,NaN
4,0,4,0.7423423413009405
3,1,4,0.5417209770628222
1,3,4,NaN
4,0,4,NaN
4,0,4,NaN
3,1,4,NaN
2,2,4,0.11735031057960332
2,2,4,NaN
2,2,4,0.2783692877527476
2,2,4,0.6717661875924231
4,0,4,NaN
2,2,4,NaN
2,2,4,NaN
1,3,4,NaN
4,0,4,NaN
1,3,4,NaN
3,1,4,NaN
3,1,4,NaN
4,0,4,NaN
1,3,4,0.7423423413009405
4,0,4,NaN
2,2,4,0.631220773570296
4,0,4,0.016656938369781698
4,0,4,NaN
3,1,4,NaN
1,3,4,NaN
1,3,4,0.6717661875924231
3,1,4,NaN
3,1,4,NaN
3,1,4,NaN
3,1,4,0.8652322931034484
4,0,4,0.9137791798943785
4,0,4,0.5427791979508634
4,0,4,0.8237080657963236
3,1,4,NaN
4,0,4,0.7092033041123709
1,3,4,NaN
3,1,4,NaN
3,1,4,NaN
2,2,4,0.4011103777394731
3,1,4,NaN
1,3,4,NaN
4,0,4,NaN
1,3,4,NaN
2,2,4,NaN
4,0,4,NaN
2,2,4,0.07361819104140599
4,0,4,NaN
4,0,4,0.04531425270758149
4,0,4,0.9001259164326818
1,3,4,NaN
1,3,4,NaN
4,0,4,0.9001259164326818
2,2,4,0.3557510427918548
1,3,4,NaN
2,2,4,NaN
3,1,4,0.18348414923983342
3,1,4,0.24290906152647984
3,1,4,0.18348414923983342
3,1,4,0.5865196674031864
4,0,4,NaN
4,0,4,0.7921036530766452
2,2,4,0.09505088281907789
3,1,4,NaN
3,1,4,NaN
2,2,4,0.9272124484159221
3,1,4,NaN
1,3,4,NaN
3,1,4,0.8450772854630715
4,0,4,NaN
1,3,4,NaN
1,3,4,0.8330817209472989
2,2,4,NaN
4,0,4,NaN
2,2,4,NaN
4,0,4,NaN
2,2,4,NaN
3,1,4,NaN
1,3,4,0.3557510427918548
4,0,4,0.5417209770628222
2,2,4,0.8237080657963236
4,0,4,NaN
4,0,4,0.0630282359819421
4,0,4,NaN
3,1,4,NaN
1,3,4,0.006162005486132496
3,1,4,0.9001259164326818
1,3,4,NaN
4,0,4,NaN
4,0,4,NaN
3,1,4,NaN
4,0,4,NaN
1,3,4,NaN
2,2,4,NaN
2,2,4,NaN
3,1,4,NaN
3,1,4,NaN
2,2,4,NaN
3,1,4,0.011335119107957231
4,0,4,NaN
2,2,4,0.014244884473125772
3,1,4,NaN
1,3,4,0.11884425865406503
4,0,4,NaN
4,0,4,NaN
1,3,4,NaN
2,2,4,NaN
2,2,4,0.7092033041123709
4,0,4,NaN
4,0,4,0.5008649244965916
3,1,4,NaN
2,2,4,0.11735031057960332
3,1,4,NaN
4,0,4,0.8652322931034484
1,3,4,0.023437746643316073
4,0,4,NaN
3,1,4,0.18348414923983342
3,1,4,0.07361819104140599
1,3,4,0.7906123531705567
3,1,4,NaN
3,1,4,0.15938727449707998
4,0,4,0.11735031057960332
3,1,4,0.07361819104140599
4,0,4,NaN
2,2,4,NaN
2,2,4,NaN
1,3,4,NaN
3,1,4,0.11735031057960332
4,0,4,NaN
2,2,4,0.7423423413009405
3,1,4,NaN
3,1,4,0.6717661875924231
3,1,4,NaN
3,1,4,NaN
1,3,4,0.0011479411764696121
4,0,4,NaN
3,1,4,0.032853775051729074
4,0,4,NaN
4,0,4,NaN
3,1,4,0.18348414923983342
3,1,4,NaN
2,2,4,NaN
3,1,4,0.9841738135856081
2,2,4,NaN
2,2,4,0.8237080657963236
4,0,4,NaN
3,1,4,0.04065609728507511
2,2,4,NaN
3,1,4,NaN
3,1,4,NaN
1,3,4,0.24290906152647984
1,3,4,0.4011103777394731
2,2,4,0.26966864706022203
3,1,4,NaN
3,1,4,0.10032275229784271
1,3,4,NaN
2,2,4,NaN
4,0,4,NaN
4,0,4,NaN
1,3,4,0.8652322931034484
4,0,4,NaN
3,1,4,NaN
4,0,4,0.9137791798943785
4,0,4,0.18348414923983342
2,2,4,0.8652322931034484
4,0,4,NaN
1,3,4,NaN
3,1,4,0.009325005405405363
1,3,4,NaN
4,0,4,NaN
4,0,4,0.032853775051729074
2,2,4,0.7092033041123709
3,1,4,0.31538291069709495
3,1,4,0.8827570506600473
1,3,4,0.2783692877527476
3,1,4,NaN
2,2,4,0.7423423413009405
4,0,4,0.4011103777394731
2,2,4,0.07193862879016444
4,0,4,0.009325005405405363
1,3,4,0.631220773570296
4,0,4,NaN
2,2,4,0.8802899068977281
2,2,4,NaN
3,1,4,NaN
4,0,4,0.19859468434503524
3,1,4,NaN
4,0,4,NaN
4,0,4,NaN
2,2,4,0.0051653647514528205
1,3,4,0.8450772854630715
3,1,4,0.4475557477195245
1,3,4,NaN
1,3,4,NaN
1,3,4,NaN
4,0,4,NaN
1,3,4,0.8006696868167401
4,0,4,0.04531425270758149
2,2,4,NaN
3,1,4,NaN
3,1,4,NaN
2,2,4,0.5865196674031864
3,1,4,NaN
1,3,4,NaN
1,3,4,NaN
2,2,4,0.5865196674031864
2,2,4,NaN
3,1,4,NaN
1,3,4,0.04531425270758149
2,2,4,NaN
1,3,4,0.7092033041123709
4,0,4,NaN
2,2,4,0.19159711197536944
3,1,4,NaN
4,0,4,0.6950686511737141
2,2,4,0.17356972116971547
4,0,4,NaN
4,0,4,NaN
4,0,4,NaN
3,1,4,0.7092033041123709
2,2,4,NaN
1,3,4,NaN
3,1,4,NaN
1,3,4,NaN
3,1,4,0.49543559874771725
4,0,4,0.5417209770628222
3,1,4,NaN
3,1,4,0.03831329598506057
4,0,4,NaN
2,2,4,NaN
3,1,4,NaN
3,1,4,NaN
1,3,4,0.049239272852831896
4,0,4,0.2783692877527476
3,1,4,NaN
3,1,4,NaN
2,2,4,NaN
2,2,4,NaN
2,2,4,0.31538291069709495
4,0,4,NaN
3,1,4,NaN
3,1,4,NaN
2,2,4,0.1205032423776778
4,0,4,NaN
4,0,4,NaN
2,2,4,NaN
1,3,4,0.9232506541366252
1,3,4,0.4011103777394731
4,0,4,NaN
2,2,4,0.8450772854630715
3,1,4,0.02479067418896207
2,2,4,0.019796251803769704
1,3,4,0.31538291069709495
3,1,4,0.21185071034975703
2,2,4,0.5417209770628222
3,1,4,NaN
4,0,4,NaN
4,0,4,0.03831329598506057
3,1,4,0.4011103777394731
4,0,4,0.4011103777394731
3,1,4,NaN
2,2,4,0.15938727449707998
3,1,4,NaN
4,0,4,NaN
3,1,4,NaN
2,2,4,NaN
2,2,4,NaN
3,1,4,0.9263616469895146
3,1,4,NaN
2,2,4,0.1782184971215875
4,0,4,0.5865196674031864
1,3,4,NaN
2,2,4,NaN
4,0,4,0.04531425270758149
2,2,4,0.032853775051729074
2,2,4,0.5865196674031864
1,3,4,NaN
4,0,4,NaN
4,0,4,0.31538291069709495
2,2,4,NaN
4,0,4,NaN
4,0,4,0.8450772854630715
4,0,4,0.7726517314264018
2,2,4,0.5865196674031864
3,1,4,0.032853775051729074
3,1,4,0.7423423413009405
2,2,4,0.49543559874771725
3,1,4,NaN
1,3,4,NaN
4,0,4,NaN
1,3,4,0.08606570126690044
4,0,4,0.4011103777394731
2,2,4,0.7092033041123709
3,1,4,NaN
3,1,4,0.49543559874771725
3,1,4,NaN
2,2,4,NaN
3,1,4,0.18348414923983342
3,1,4,NaN
4,0,4,NaN
4,0,4,NaN
4,0,4,0.09140681177308141
3,1,4,NaN
3,1,4,0.008540281883294986
4,0,4,NaN
4,0,4,0.18348414923983342
3,1,4,0.011335119107957231
4,0,4,NaN
4,0,4,0.49543559874771725
3,1,4,NaN
2,2,4,0.3901201530147684
3,1,4,0.053556438906752275
3,1,4,0.8450772854630715
3,1,4,0.0012647329414206309
3,1,4,0.24290906152647984
2,2,4,0.5865196674031864
1,3,4,0.7092033041123709
1,3,4,NaN
2,2,4,0.7092033041123709
4,0,4,0.04531425270758149
2,2,4,NaN
3,1,4,0.2144909145927689
4,0,4,NaN
4,0,4,NaN
2,2,4,NaN
4,0,4,0.662803924606588
3,1,4,0.9137791798943785
1,3,4,NaN
1,3,4,NaN
4,0,4,NaN
1,3,4,0.15938727449707998
2,2,4,NaN
1,3,4,NaN
4,0,4,NaN
1,3,4,NaN
2,2,4,0.5865196674031864
2,2,4,0.07361819104140599
2,2,4,0.9272124484159221
4,0,4,NaN
3,1,4,NaN
2,2,4,NaN
4,0,4,NaN
3,1,4,0.6717661875924231
3,1,4,NaN
3,1,4,NaN
3,1,4,NaN
3,1,4,0.4275914901642578
4,0,4,0.8827570506600473
3,1,4,0.04531425270758149
3,1,4,0.023437746643316073
3,1,4,NaN
4,0,4,NaN
1,3,4,0.9789190809366978
4,0,4,NaN
4,0,4,NaN
2,2,4,0.6717661875924231
3,1,4,0.8829429294070849
1,3,4,NaN
1,3,4,NaN
4,0,4,NaN
1,3,4,0.3557510427918548
4,0,4,NaN
2,2,4,0.023437746643316073
1,3,4,NaN
1,3,4,NaN
3,1,4,0.18348414923983342
4,0,4,0.4475557477195245
2,2,4,0.8076511550142321
4,0,4,NaN
3,1,4,0.4475557477195245
2,2,4,NaN
3,1,4,0.8006696868167401
3,1,4,0.4011103777394731
2,2,4,NaN
3,1,4,0.7423423413009405
3,1,4,0.08612589160650815
2,2,4,0.7423423413009405
1,3,4,NaN
3,1,4,NaN
4,0,4,NaN
1,3,4,0.4011103777394731
1,3,4,0.631220773570296
1,3,4,NaN
1,3,4,NaN
4,0,4,0.9272124484159221
3,1,4,0.2783692877527476
4,0,4,NaN
3,1,4,NaN
4,0,4,0.011335119107957231
3,1,4,NaN
2,2,4,0.9394569650180941
4,0,4,NaN
3,1,4,NaN
1,3,4,NaN
3,1,4,NaN
2,2,4,NaN
2,2,4,0.4475557477195245
3,1,4,NaN
4,0,4,NaN
2,2,4,NaN
4,0,4,NaN
3,1,4,NaN
2,2,4,NaN
3,1,4,NaN
3,1,4,0.6717661875924231
3,1,4,NaN
1,3,4,0.15938727449707998
2,2,4,NaN
2,2,4,0.8450772854630715
1,3,4,0.18348414923983342
2,2,4,NaN
3,1,4,NaN
3,1,4,NaN
3,1,4,NaN
3,1,4,0.8076511550142321
3,1,4,0.0630282359819421
4,0,4,NaN
2,2,4,NaN
4,0,4,0.18348414923983342
3,1,4,0.7423423413009405
4,0,4,NaN
4,0,4,0.11735031057960332
4,0,4,NaN
3,1,4,0.9001259164326818
2,2,4,0.5417209770628222
3,1,4,NaN
2,2,4,0.7423423413009405
2,2,4,NaN
3,1,4,NaN
4,0,4,0.9272124484159221
3,1,4,NaN
3,1,4,0.003667812051649711
1,3,4,0.2783692877527476
4,0,4,0.9137791798943785
3,1,4,0.9705615494173081
4,0,4,0.6717661875924231
4,0,4,0.4976924642344885
2,2,4,0.6717661875924231
4,0,4,0.9493033010224405
2,2,4,NaN
2,2,4,0.49543559874771725
4,0,4,0.8492315008096424
1,3,4,0.15938727449707998
4,0,4,NaN
3,1,4,NaN
2,2,4,NaN
3,1,4,NaN
4,0,4,0.631220773570296
1,3,4,NaN
2,2,4,0.9137791798943785
2,2,4,0.7092033041123709
4,0,4,NaN
4,0,4,0.5865196674031864
2,2,4,NaN
2,2,4,0.631220773570296
4,0,4,NaN
4,0,4,0.5865196674031864
3,1,4,NaN
4,0,4,NaN
4,0,4,NaN
2,2,4,0.9001259164326818
2,2,4,NaN
3,1,4,NaN
1,3,4,NaN
4,0,4,0.032853775051729074
1,3,4,0.5417209770628222
4,0,4,0.8237080657963236
3,1,4,NaN
2,2,4,0.18348414923983342
2,2,4,NaN
1,3,4,NaN
2,2,4,0.017120070397437206
2,2,4,0.9001259164326818
3,1,4,0.02787455723542097
1,3,4,NaN
3,1,4,0.9663500458367166
4,0,4,0.24290906152647984
3,1,4,0.18348414923983342
1,3,4,0.9663500458367166
3,1,4,NaN
4,0,4,NaN
1,3,4,NaN
3,1,4,0.631220773570296
2,2,4,NaN
1,3,4,0.11940934955153187
3,1,4,0.49543559874771725
3,1,4,NaN
3,1,4,NaN
1,3,4,0.11735031057960332
3,1,4,NaN
3,1,4,NaN
3,1,4,0.9394569650180941
3,1,4,0.07361819104140599
3,1,4,NaN
4,0,4,0.9744479320894265
2,2,4,NaN
4,0,4,NaN
1,3,4,NaN
4,0,4,NaN
3,1,4,NaN
1,3,4,NaN
4,0,4,NaN
4,0,4,NaN
4,0,4,0.8800034225976369
3,1,4,NaN
2,2,4,0.9272124484159221
1,3,4,NaN
3,1,4,0.18518387682549323
3,1,4,NaN
4,0,4,NaN
2,2,4,0.5183374556419776
2,2,4,0.631220773570296
4,0,4,0.008953586926379622
4,0,4,NaN
3,1,4,NaN
3,1,4,0.6018962792846809
1,3,4,NaN
2,2,4,NaN
4,0,4,NaN
4,0,4,NaN
2,2,4,0.41471216893803126
2,2,4,NaN
2,2,4,NaN
1,3,4,0.02787455723542097
2,2,4,0.5865196674031864
3,1,4,NaN
4,0,4,NaN
3,1,4,0.8006696868167401
4,0,4,0.21185071034975703
1,3,4,0.0630282359819421
2,2,4,NaN
1,3,4,0.13695747655435897
1,3,4,NaN
4,0,4,0.053556438906752275
2,2,4,NaN
4,0,4,NaN
4,0,4,0.4011103777394731
3,1,4,0.13695747655435897
1,3,4,0.24290906152647984
2,2,4,0.15938727449707998
1,3,4,NaN
3,1,4,NaN
2,2,4,NaN
1,3,4,0.5865196674031864
1,3,4,0.0630282359819421
2,2,4,NaN
4,0,4,0.07361819104140599
2,2,4,NaN
2,2,4,NaN
3,1,4,NaN
2,2,4,NaN
2,2,4,0.2783692877527476
2,2,4,NaN
4,0,4,NaN
2,2,4,NaN
2,2,4,0.3921225773990182
4,0,4,NaN
4,0,4,NaN
4,0,4,NaN
4,0,4,NaN
1,3,4,NaN
4,0,4,NaN
4,0,4,0.15938727449707998
1,3,4,NaN
2,2,4,NaN
1,3,4,NaN
4,0,4,0.8450772854630715
1,3,4,0.01039623198022813
3,1,4,0.014665764483515158
2,2,4,0.15938727449707998
4,0,4,NaN
2,2,4,0.0016887152317888118
1,3,4,0.5417209770628222
2,2,4,0.34317437727102074
2,2,4,NaN
3,1,4,NaN
3,1,4,NaN
3,1,4,0.63065648197481
3,1,4,0.5417209770628222
2,2,4,NaN
1,3,4,0.15938727449707998
1,3,4,0.9841738135856081
1,3,4,0.7423423413009405
4,0,4,0.006162005486132496
2,2,4,NaN
1,3,4,NaN
2,2,4,NaN
4,0,4,NaN
4,0,4,NaN
3,1,4,NaN
3,1,4,0.631220773570296
2,2,4,NaN
1,3,4,NaN
3,1,4,0.7726517314264018
4,0,4,NaN
4,0,4,0.5865196674031864
4,0,4,NaN
3,1,4,0.3557510427918548
2,2,4,0.5865196674031864
2,2,4,NaN
4,0,4,0.8237080657963236
3,1,4,NaN
4,0,4,NaN
3,1,4,NaN
2,2,4,NaN
4,0,4,0.18348414923983342
2,2,4,NaN
2,2,4,0.7454030520420619
2,2,4,0.19159711197536944
3,1,4,0.3557510427918548
1,3,4,0.49543559874771725
3,1,4,0.8006696868167401
4,0,4,NaN
1,3,4,NaN
4,0,4,NaN
4,0,4,NaN
3,1,4,0.6717661875924231
2,2,4,0.6536582027703655
3,1,4,0.8237080657963236
1,3,4,0.03831329598506057
3,1,4,0.18348414923983342
3,1,4,0.5183374556419776
4,0,4,0.21185071034975703
3,1,4,NaN
2,2,4,NaN
4,0,4,NaN
1,3,4,0.6717661875924231
1,3,4,NaN
1,3,4,0.2591209873423419
2,2,4,0.18348414923983342
3,1,4,NaN
4,0,4,NaN
4,0,4,NaN
1,3,4,0.06438224800517557
1,3,4,0.18348414923983342
2,2,4,0.7726517314264018
4,0,4,0.9272124484159221
2,2,4,NaN
2,2,4,NaN
1,3,4,NaN
2,2,4,0.631220773570296
4,0,4,NaN
1,3,4,NaN
2,2,4,NaN
1,3,4,NaN
4,0,4,NaN
4,0,4,0.11735031057960332
2,2,4,NaN
1,3,4,NaN
3,1,4,NaN
1,3,4,NaN
2,2,4,NaN
1,3,4,0.15938727449707998
2,2,4,0.02787455723542097
1,3,4,NaN
3,1,4,NaN
3,1,4,0.10032275229784271
3,1,4,NaN
2,2,4,NaN
4,0,4,NaN
3,1,4,NaN
3,1,4,4.485167001241117e-6
1,3,4,NaN
3,1,4,0.631220773570296
4,0,4,0.7092033041123709
4,0,4,NaN
2,2,4,NaN
2,2,4,0.21185071034975703
3,1,4,0.3557510427918548
2,2,4,0.0051653647514528205
3,1,4,0.7092033041123709
4,0,4,0.6341923028368341
4,0,4,0.5840831237414175
2,2,4,0.2705638380058603
2,2,4,0.02787455723542097
1,3,4,NaN
1,3,4,NaN
2,2,4,NaN
3,1,4,NaN
1,3,4,NaN
2,2,4,0.49543559874771725
3,1,4,0.31538291069709495
3,1,4,0.7506126132473532
2,2,4,0.21185071034975703
2,2,4,NaN
4,0,4,NaN
4,0,4,0.6717661875924231
3,1,4,NaN
3,1,4,0.4475557477195245
4,0,4,NaN
1,3,4,NaN
4,0,4,NaN
1,3,4,NaN
1,3,4,NaN
3,1,4,NaN
2,2,4,0.2783692877527476
2,2,4,NaN
1,3,4,0.4155618969404342
2,2,4,NaN
2,2,4,NaN
2,2,4,NaN
3,1,4,NaN
2,2,4,NaN
1,3,4,NaN
4,0,4,NaN
3,1,4,NaN
2,2,4,NaN
4,0,4,0.5417209770628222
1,3,4,NaN
4,0,4,NaN
4,0,4,0.08612589160650815
1,3,4,0.9001259164326818
1,3,4,NaN
2,2,4,0.631220773570296
4,0,4,0.5865196674031864
3,1,4,0.8006696868167401
3,1,4,0.08215144348628697
2,2,4,NaN
3,1,4,NaN
1,3,4,0.7726517314264018
2,2,4,NaN
4,0,4,0.6717661875924231
2,2,4,0.6127253479327994
1,3,4,0.11735031057960332
4,0,4,NaN
2,2,4,NaN
2,2,4,NaN
3,1,4,0.631220773570296
4,0,4,NaN
3,1,4,NaN
4,0,4,NaN
3,1,4,0.2783692877527476
3,1,4,NaN
4,0,4,NaN
2,2,4,0.4475557477195245
2,2,4,0.631220773570296
3,1,4,0.053556438906752275
2,2,4,0.631220773570296
4,0,4,NaN
1,3,4,0.9916966421839661
2,2,4,NaN
3,1,4,NaN
4,0,4,NaN
4,0,4,NaN
3,1,4,0.9001259164326818
4,0,4,NaN
4,0,4,0.15195035313035382
1,3,4,0.4475557477195245
2,2,4,0.025250627276674223
2,2,4,NaN
3,1,4,0.9663500458367166
4,0,4,0.9137791798943785
4,0,4,NaN
1,3,4,NaN
3,1,4,0.7092033041123709
2,2,4,NaN
4,0,4,0.005759681417239138
1,3,4,NaN
4,0,4,NaN
3,1,4,NaN
2,2,4,NaN
4,0,4,0.631220773570296
2,2,4,0.004653584554256995
3,1,4,0.08612589160650815
2,2,4,NaN
2,2,4,0.24290906152647984
1,3,4,0.5737458270684518
3,1,4,NaN
3,1,4,0.0630282359819421
2,2,4,0.7875965616192705
4,0,4,NaN
2,2,4,0.8237080657963236
2,2,4,NaN
1,3,4,0.7423423413009405
1,3,4,0.8827570506600473
1,3,4,NaN
4,0,4,0.4475557477195245
3,1,4,NaN
3,1,4,0.4011103777394731
3,1,4,0.33206252338918735
2,2,4,0.2783692877527476
2,2,4,0.3557510427918548
2,2,4,0.4011103777394731
4,0,4,NaN
1,3,4,NaN
2,2,4,NaN
3,1,4,NaN
3,1,4,NaN
3,1,4,0.9263616469895146
3,1,4,0.6717661875924231
2,2,4,NaN
1,3,4,NaN
2,2,4,0.08612589160650815
2,2,4,0.3557510427918548
4,0,4,0.3557510427918548
4,0,4,NaN
2,2,4,NaN
2,2,4,0.164811978123913
3,1,4,NaN
2,2,4,NaN
2,2,4,NaN
3,1,4,NaN
2,2,4,0.8063233607767128
4,0,4,NaN
2,2,4,NaN
1,3,4,0.2783692877527476
1,3,4,NaN
4,0,4,0.8006696868167401
1,3,4,0.7423423413009405
4,0,4,NaN
3,1,4,NaN
1,3,4,NaN
4,0,4,NaN
3,1,4,NaN
1,3,4,NaN
3,1,4,0.21531694311334684
4,0,4,NaN
2,2,4,NaN
4,0,4,NaN
3,1,4,NaN
1,3,4,NaN
4,0,4,NaN
1,3,4,NaN
3,1,4,NaN
4,0,4,NaN
3,1,4,0.7656968560480337
1,3,4,NaN
4,0,4,NaN
4,0,4,NaN
2,2,4,NaN
4,0,4,0.31538291069709495
3,1,4,NaN
4,0,4,0.9916966421839661
3,1,4,NaN
4,0,4,0.8450772854630715
1,3,4,NaN
1,3,4,0.8450772854630715
4,0,4,NaN
4,0,4,NaN
3,1,4,0.4475557477195245
4,0,4,NaN
2,2,4,0.6698788055378292
2,2,4,NaN
4,0,4,NaN
2,2,4,NaN
1,3,4,NaN
2,2,4,NaN
3,1,4,0.3892404650973566
2,2,4,2.935227458590318e-10
2,2,4,NaN
3,1,4,NaN
1,3,4,NaN
1,3,4,0.6386796318110681
4,0,4,NaN
1,3,4,0.9396124013901456
4,0,4,0.7726517314264018
2,2,4,0.48945833991568644
4,0,4,0.6368500392896812
2,2,4,NaN
2,2,4,0.0630282359819421
2,2,4,NaN
3,1,4,0.02053963638775908
3,1,4,0.735914938752462
2,2,4,NaN
4,0,4,NaN
2,2,4,NaN
3,1,4,0.7726517314264018
1,3,4,NaN
1,3,4,0.8450772854630715
2,2,4,NaN
1,3,4,0.02787455723542097
4,0,4,NaN
1,3,4,NaN
4,0,4,NaN
1,3,4,NaN
4,0,4,0.31538291069709495
2,2,4,0.6717661875924231
1,3,4,NaN
1,3,4,NaN
1,3,4,0.6877696185067498
3,1,4,0.3557510427918548
3,1,4,NaN
2,2,4,NaN
2,2,4,NaN
2,2,4,0.7092033041123709
4,0,4,NaN
4,0,4,NaN
4,0,4,NaN
4,0,4,NaN
4,0,4,NaN
3,1,4,0.48945833991568644
3,1,4,0.9663500458367166
3,1,4,NaN
1,3,4,NaN
2,2,4,NaN
1,3,4,0.032853775051729074
2,2,4,0.13695747655435897
3,1,4,NaN
3,1,4,NaN
2,2,4,0.4155618969404342
3,1,4,0.08612589160650815
1,3,4,NaN
1,3,4,0.15938727449707998
1,3,4,NaN
3,1,4,NaN
2,2,4,0.0630282359819421
4,0,4,0.2783692877527476
1,3,4,NaN
1,3,4,NaN
2,2,4,0.8237080657963236
4,0,4,0.08612589160650815
3,1,4,NaN
3,1,4,NaN
1,3,4,NaN
1,3,4,NaN
2,2,4,NaN
4,0,4,NaN
4,0,4,NaN
1,3,4,0.3557510427918548
1,3,4,0.9394569650180941
4,0,4,NaN
4,0,4,0.019796251803769704
2,2,4,NaN
3,1,4,NaN
4,0,4,0.21185071034975703
3,1,4,NaN
1,3,4,0.6286352646486054
4,0,4,NaN
1,3,4,NaN
3,1,4,NaN
1,3,4,NaN
3,1,4,0.3575534733500888
1,3,4,0.8237080657963236
1,3,4,0.9137791798943785
2,2,4,0.011335119107957231
4,0,4,NaN
1,3,4,0.6717661875924231
3,1,4,0.004243052065979369
2,2,4,0.3557510427918548
3,1,4,0.4475557477195245
3,1,4,NaN
1,3,4,NaN
2,2,4,0.15938727449707998
4,0,4,NaN
3,1,4,NaN
3,1,4,NaN
3,1,4,NaN
1,3,4,0.3140788080690369
4,0,4,0.6717661875924231
1,3,4,NaN
4,0,4,0.18348414923983342
4,0,4,NaN
2,2,4,0.2783692877527476
4,0,4,0.1557000446926056
1,3,4,NaN
2,2,4,0.6034053153223242
3,1,4,0.9272124484159221
3,1,4,0.18348414923983342
1,3,4,0.009325005405405363
2,2,4,0.7811680378186527
2,2,4,0.7726517314264018
2,2,4,0.2783692877527476
4,0,4,NaN
4,0,4,NaN
2,2,4,0.00392427148477608
2,2,4,NaN
1,3,4,NaN
2,2,4,NaN
4,0,4,NaN
1,3,4,0.6950686511737141
2,2,4,NaN
4,0,4,0.4475557477195245
1,3,4,NaN
3,1,4,0.6717661875924231
2,2,4,0.03831329598506057
4,0,4,NaN
3,1,4,0.10032275229784271
4,0,4,NaN
3,1,4,0.21185071034975703
1,3,4,NaN
4,0,4,NaN
3,1,4,0.053556438906752275
3,1,4,0.02787455723542097
3,1,4,0.7391184704222793
2,2,4,0.49543559874771725
4,0,4,NaN
4,0,4,NaN
3,1,4,0.631220773570296
2,2,4,NaN
3,1,4,0.24290906152647984
2,2,4,0.31538291069709495
4,0,4,NaN
3,1,4,NaN
2,2,4,0.3557510427918548
4,0,4,0.10032275229784271
2,2,4,NaN
1,3,4,0.31876511282887343
2,2,4,NaN
4,0,4,0.07361819104140599
1,3,4,0.5417209770628222
2,2,4,NaN
4,0,4,NaN
3,1,4,NaN
4,0,4,NaN
2,2,4,NaN
2,2,4,NaN
4,0,4,0.15938727449707998
2,2,4,6.984985484229106e-6
2,2,4,NaN
3,1,4,0.5417209770628222
3,1,4,NaN
3,1,4,NaN
2,2,4,0.4786101457863796
2,2,4,0.8827570506600473
1,3,4,0.4011103777394731
2,2,4,0.023437746643316073
2,2,4,0.4475557477195245
1,3,4,0.631220773570296
4,0,4,0.01384068834559692
4,0,4,0.7423423413009405
4,0,4,NaN
2,2,4,NaN
2,2,4,0.7726517314264018
1,3,4,NaN
3,1,4,NaN
3,1,4,NaN
4,0,4,NaN
4,0,4,0.15938727449707998
3,1,4,NaN
1,3,4,NaN
3,1,4,NaN
1,3,4,0.21185071034975703
4,0,4,0.631220773570296
4,0,4,0.9394569650180941
1,3,4,NaN
2,2,4,NaN
3,1,4,NaN
2,2,4,NaN
1,3,4,NaN
2,2,4,NaN
2,2,4,NaN
3,1,4,NaN
2,2,4,0.8006696868167401
1,3,4,0.18348414923983342
4,0,4,NaN
4,0,4,0.3557510427918548
4,0,4,0.25786960179498114
3,1,4,0.4475557477195245
3,1,4,0.31538291069709495
4,0,4,NaN
3,1,4,NaN
4,0,4,NaN
1,3,4,NaN
3,1,4,NaN
3,1,4,0.04531425270758149
4,0,4,NaN
4,0,4,NaN
3,1,4,0.10032275229784271
2,2,4,0.016656938369781698
2,2,4,NaN
3,1,4,NaN
4,0,4,0.9924774799902693
2,2,4,NaN
2,2,4,NaN
4,0,4,NaN
2,2,4,NaN
2,2,4,0.032853775051729074
3,1,4,NaN
1,3,4,NaN
1,3,4,0.9663500458367166
1,3,4,0.9223173026337197
4,0,4,0.6717661875924231
2,2,4,NaN
3,1,4,NaN
2,2,4,NaN
1,3,4,0.08612589160650815
4,0,4,NaN
3,1,4,NaN
1,3,4,NaN
2,2,4,NaN
1,3,4,NaN
3,1,4,0.32135031818130005
3,1,4,NaN
1,3,4,0.00261320416618634
4,0,4,0.9493033010224405
1,3,4,NaN
4,0,4,0.631220773570296
1,3,4,NaN
3,1,4,NaN
2,2,4,0.7423423413009405
4,0,4,NaN
4,0,4,NaN
2,2,4,0.5183374556419776
2,2,4,0.5008649244965916
1,3,4,NaN
2,2,4,NaN
1,3,4,NaN
4,0,4,NaN
3,1,4,NaN
2,2,4,0.4087914221489063
4,0,4,NaN
1,3,4,0.10032275229784271
3,1,4,0.631220773570296
4,0,4,NaN
3,1,4,0.631220773570296
4,0,4,NaN
3,1,4,0.7423423413009405
4,0,4,0.4011103777394731
2,2,4,NaN
2,2,4,0.9916966421839661
1,3,4,0.814209713202945
2,2,4,NaN
3,1,4,NaN
1,3,4,0.5865196674031864
4,0,4,0.011335119107957231
2,2,4,0.631220773570296
3,1,4,NaN
2,2,4,NaN
2,2,4,0.7092033041123709
1,3,4,0.8450772854630715
2,2,4,0.6717661875924231
2,2,4,0.4146689370945025
3,1,4,NaN
2,2,4,NaN
2,2,4,0.8006696868167401
4,0,4,0.011335119107957231
4,0,4,NaN
3,1,4,0.08732629502171309
2,2,4,NaN
4,0,4,0.7726517314264018
2,2,4,NaN
2,2,4,0.008001141298037152
1,3,4,0.33206252338918735
3,1,4,0.13695747655435897
3,1,4,0.9733084005106692
2,2,4,0.9137791798943785
1,3,4,0.8450772854630715
4,0,4,NaN
4,0,4,NaN
1,3,4,NaN
3,1,4,NaN
2,2,4,NaN
4,0,4,NaN
1,3,4,NaN
4,0,4,NaN
3,1,4,NaN
2,2,4,0.631220773570296
3,1,4,0.8652322931034484
3,1,4,0.08612589160650815
1,3,4,0.8006696868167401
2,2,4,NaN
1,3,4,NaN
1,3,4,NaN
3,1,4,NaN
3,1,4,0.9663500458367166
4,0,4,NaN
3,1,4,NaN
2,2,4,0.5008649244965916
3,1,4,NaN
4,0,4,0.9663500458367166
3,1,4,0.631220773570296
4,0,4,NaN
2,2,4,NaN
1,3,4,0.5417209770628222
2,2,4,0.21185071034975703
3,1,4,NaN
2,2,4,NaN
3,1,4,NaN
4,0,4,0.04531425270758149
4,0,4,0.18348414923983342
1,3,4,NaN
2,2,4,NaN
4,0,4,NaN
1,3,4,NaN
4,0,4,NaN
4,0,4,NaN
3,1,4,0.7958118467816899
4,0,4,NaN
3,1,4,NaN
2,2,4,0.3921225773990182
1,3,4,0.18348414923983342
3,1,4,0.9663500458367166
3,1,4,0.9841738135856081
3,1,4,0.21185071034975703
2,2,4,0.8652322931034484
4,0,4,0.7726517314264018
2,2,4,0.631220773570296
2,2,4,NaN
2,2,4,NaN
4,0,4,NaN
3,1,4,NaN
2,2,4,NaN
4,0,4,NaN
3,1,4,0.631220773570296
2,2,4,0.5865196674031864
4,0,4,NaN
4,0,4,NaN
3,1,4,0.2783692877527476
1,3,4,NaN
1,3,4,0.4011103777394731
3,1,4,NaN
3,1,4,NaN
4,0,4,0.13695747655435897
1,3,4,0.05956813281029203
2,2,4,NaN
4,0,4,0.2783692877527476
1,3,4,NaN
2,2,4,NaN
3,1,4,0.5417209770628222
3,1,4,0.4687423566214028
3,1,4,0.18348414923983342
1,3,4,0.0051653647514528205
4,0,4,NaN
4,0,4,0.31538291069709495
2,2,4,NaN
1,3,4,NaN
2,2,4,NaN
1,3,4,NaN
4,0,4,0.5417209770628222
2,2,4,NaN
4,0,4,NaN
3,1,4,0.8237080657963236
3,1,4,NaN
1,3,4,NaN
4,0,4,0.49543559874771725
3,1,4,0.15938727449707998
3,1,4,NaN
4,0,4,0.25222205383052254
4,0,4,NaN
3,1,4,0.33430800744614414
1,3,4,NaN
1,3,4,0.11034610818080706
1,3,4,0.6717661875924231
1,3,4,NaN
4,0,4,NaN
2,2,4,NaN
2,2,4,NaN
3,1,4,NaN
1,3,4,0.07361819104140599
4,0,4,0.7423423413009405
4,0,4,NaN
4,0,4,NaN
1,3,4,0.31538291069709495
1,3,4,0.04606692973227247
1,3,4,NaN
1,3,4,NaN
2,2,4,NaN
4,0,4,0.8237080657963236
3,1,4,NaN
2,2,4,NaN
3,1,4,0.27488039458840285
1,3,4,0.24290906152647984
4,0,4,NaN
1,3,4,0.4011103777394731
2,2,4,NaN
1,3,4,0.2783692877527476
2,2,4,0.6717661875924231
3,1,4,NaN
3,1,4,0.7423423413009405
3,1,4,0.8493614973272341
3,1,4,0.7423423413009405
3,1,4,NaN
3,1,4,NaN
1,3,4,0.8450772854630715
2,2,4,0.032853775051729074
3,1,4,0.5865196674031864
3,1,4,0.8652322931034484
3,1,4,0.4011103777394731
1,3,4,0.5802917560236949
3,1,4,NaN
3,1,4,0.007349342594627595
4,0,4,NaN
2,2,4,NaN
1,3,4,0.9493033010224405
2,2,4,NaN
1,3,4,0.8827570506600473
2,2,4,0.8450772854630715
3,1,4,0.8679189613997627
1,3,4,NaN
2,2,4,0.21185071034975703
1,3,4,NaN
3,1,4,NaN
4,0,4,0.15938727449707998
1,3,4,NaN
4,0,4,NaN
4,0,4,NaN
3,1,4,NaN
1,3,4,NaN
1,3,4,NaN
2,2,4,NaN
2,2,4,0.9297441041971023
4,0,4,NaN
2,2,4,NaN
4,0,4,NaN
3,1,4,0.028897121053015937
2,2,4,NaN
3,1,4,NaN
4,0,4,NaN
2,2,4,0.24290906152647984
3,1,4,0.631220773570296
1,3,4,0.7958118467816899
3,1,4,0.8237080657963236
1,3,4,NaN
1,3,4,NaN
1,3,4,NaN
2,2,4,0.07141183824096121
2,2,4,0.7092033041123709
3,1,4,NaN
1,3,4,NaN
4,0,4,0.13695747655435897
4,0,4,0.8652322931034484
1,3,4,0.04531425270758149
3,1,4,0.5417209770628222
3,1,4,0.3557510427918548
3,1,4,NaN
2,2,4,NaN
3,1,4,0.8237080657963236
3,1,4,NaN
1,3,4,0.7423423413009405
4,0,4,0.9137791798943785
1,3,4,0.631220773570296
1,3,4,NaN
3,1,4,0.9137791798943785
4,0,4,NaN
3,1,4,0.32135031818130005
4,0,4,NaN
1,3,4,NaN
1,3,4,0.2783692877527476
3,1,4,0.9394569650180941
3,1,4,NaN
2,2,4,NaN
3,1,4,0.2783692877527476
1,3,4,0.9137791798943785
3,1,4,0.5183374556419776
3,1,4,NaN
3,1,4,NaN
4,0,4,0.10032275229784271
1,3,4,NaN
1,3,4,0.48945833991568644
4,0,4,0.006162005486132496
2,2,4,NaN
1,3,4,0.13695747655435897
3,1,4,0.2783692877527476
1,3,4,NaN
4,0,4,NaN
4,0,4,NaN
1,3,4,0.13695747655435897
3,1,4,0.07361819104140599
1,3,4,0.954815738344167
2,2,4,0.023437746643316073
1,3,4,0.8958762517401009
3,1,4,NaN
4,0,4,NaN
2,2,4,0.7925277857155424
1,3,4,NaN
1,3,4,0.31538291069709495
3,1,4,NaN
1,3,4,0.749425839706989
2,2,4,NaN
3,1,4,NaN
2,2,4,0.053556438906752275
4,0,4,0.24290906152647984
2,2,4,0.019796251803769704
1,3,4,0.7092033041123709
4,0,4,0.7423423413009405
4,0,4,NaN
3,1,4,0.31538291069709495
4,0,4,NaN
4,0,4,NaN
4,0,4,NaN
4,0,4,NaN
1,3,4,NaN
4,0,4,NaN
3,1,4,NaN
3,1,4,NaN
3,1,4,NaN
4,0,4,NaN
3,1,4,NaN
4,0,4,NaN
1,3,4,0.4011103777394731
4,0,4,NaN
1,3,4,0.016656938369781698
4,0,4,0.4974525700687851
2,2,4,NaN
2,2,4,NaN
2,2,4,NaN
2,2,4,0.4011103777394731
3,1,4,NaN
4,0,4,0.21185071034975703
3,1,4,0.1599671019600959
4,0,4,0.007473039636248956
4,0,4,NaN
2,2,4,0.3557510427918548
1,3,4,NaN
2,2,4,NaN
4,0,4,NaN
2,2,4,NaN
1,3,4,NaN
2,2,4,0.019796251803769704
3,1,4,0.631220773570296
4,0,4,NaN
2,2,4,0.8652322931034484
1,3,4,NaN
2,2,4,NaN
4,0,4,0.24290906152647984
1,3,4,0.9001259164326818
3,1,4,0.019796251803769704
2,2,4,0.023437746643316073
2,2,4,NaN
3,1,4,0.23750457852165702
2,2,4,NaN
1,3,4,0.6717661875924231
4,0,4,NaN
3,1,4,0.2783692877527476
2,2,4,NaN
2,2,4,0.631220773570296
2,2,4,NaN
2,2,4,NaN
4,0,4,NaN
1,3,4,NaN
4,0,4,NaN
1,3,4,NaN
2,2,4,0.7128003214641632
2,2,4,0.02787455723542097
2,2,4,NaN
1,3,4,0.545442080694089
1,3,4,0.7726517314264018
1,3,4,0.631220773570296
1,3,4,0.04531425270758149
4,0,4,NaN
2,2,4,NaN
2,2,4,0.8006696868167401
1,3,4,NaN
3,1,4,0.9733084005106692
4,0,4,NaN
3,1,4,NaN
1,3,4,0.6320827456688481
4,0,4,NaN
1,3,4,NaN
1,3,4,0.6717661875924231
2,2,4,NaN
2,2,4,0.08612589160650815
2,2,4,NaN
3,1,4,NaN
1,3,4,0.4843901614462639
3,1,4,NaN
4,0,4,0.49543559874771725
1,3,4,NaN
4,0,4,0.4011103777394731
2,2,4,NaN
3,1,4,0.24290906152647984
1,3,4,NaN
2,2,4,NaN
1,3,4,0.5677870600662166
3,1,4,0.9137791798943785
4,0,4,NaN
3,1,4,NaN
4,0,4,0.5417209770628222
2,2,4,0.5737458270684518
2,2,4,0.9394569650180941
2,2,4,0.13941246673780522
1,3,4,NaN
3,1,4,0.07361819104140599
2,2,4,0.18348414923983342
1,3,4,NaN
3,1,4,0.5865196674031864
2,2,4,NaN
3,1,4,0.9733084005106692
4,0,4,NaN
3,1,4,0.04531425270758149
1,3,4,0.5180838030620013
2,2,4,0.7423423413009405
2,2,4,NaN
1,3,4,NaN
2,2,4,0.31538291069709495
4,0,4,NaN
2,2,4,0.007349342594627595
3,1,4,0.10032275229784271
2,2,4,NaN
4,0,4,0.21185071034975703
4,0,4,0.8237080657963236
2,2,4,NaN
2,2,4,NaN
1,3,4,0.49543559874771725
4,0,4,NaN
1,3,4,0.07361819104140599
3,1,4,NaN
4,0,4,NaN
4,0,4,0.631220773570296
1,3,4,0.31538291069709495
2,2,4,0.2783692877527476
3,1,4,NaN
2,2,4,0.5972402395410406
4,0,4,0.8381544608128859
2,2,4,NaN
1,3,4,NaN
2,2,4,NaN
1,3,4,0.053556438906752275
1,3,4,0.6717661875924231
3,1,4,NaN
2,2,4,NaN
2,2,4,0.631220773570296
3,1,4,0.13695747655435897
2,2,4,NaN
3,1,4,0.4011103777394731
2,2,4,0.11712186378943623
3,1,4,0.8827570506600473
2,2,4,NaN
1,3,4,0.007349342594627595
2,2,4,NaN
2,2,4,NaN
1,3,4,NaN
4,0,4,NaN
2,2,4,0.03542250385965071
4,0,4,0.21484698166505767
4,0,4,NaN
4,0,4,0.48945833991568644
3,1,4,0.9137791798943785
3,1,4,NaN
2,2,4,NaN
4,0,4,NaN
2,2,4,NaN
2,2,4,0.5865196674031864
2,2,4,0.3557510427918548
4,0,4,NaN
1,3,4,0.10032275229784271
4,0,4,NaN
3,1,4,NaN
3,1,4,0.6717661875924231
4,0,4,0.21185071034975703
1,3,4,NaN
3,1,4,3.3464690495835997e-6
1,3,4,NaN
3,1,4,NaN
3,1,4,0.31538291069709495
1,3,4,NaN
2,2,4,NaN
3,1,4,0.8120853917993482
3,1,4,0.49543559874771725
4,0,4,NaN
2,2,4,0.4475557477195245
1,3,4,NaN
1,3,4,0.02787455723542097
2,2,4,0.9394569650180941
2,2,4,0.003667812051649711
1,3,4,NaN
4,0,4,NaN
1,3,4,0.9222155645403921
1,3,4,0.3557510427918548
4,0,4,0.5417209770628222
4,0,4,0.9590286414731528
3,1,4,NaN
2,2,4,0.38951883007049515
3,1,4,0.8237080657963236
3,1,4,NaN
1,3,4,NaN
1,3,4,NaN
1,3,4,NaN
2,2,4,NaN
1,3,4,NaN
1,3,4,NaN
1,3,4,0.8076511550142321
2,2,4,NaN
4,0,4,0.02787455723542097
2,2,4,0.0004931993107402023
3,1,4,0.7726517314264018
2,2,4,0.6698788055378292
3,1,4,NaN
3,1,4,NaN
2,2,4,NaN
2,2,4,NaN
1,3,4,NaN
3,1,4,NaN
1,3,4,0.5417209770628222
2,2,4,0.21185071034975703
2,2,4,NaN
1,3,4,0.22959902656476144
4,0,4,0.44178975064255993
2,2,4,NaN
1,3,4,NaN
2,2,4,NaN
2,2,4,NaN
4,0,4,NaN
1,3,4,0.03831329598506057
2,2,4,0.46407455156990773
2,2,4,0.9590286414731528
3,1,4,0.15938727449707998
3,1,4,0.3557510427918548
4,0,4,NaN
3,1,4,NaN
4,0,4,0.8006696868167401
4,0,4,0.0630282359819421
4,0,4,NaN
1,3,4,0.7423423413009405
2,2,4,0.7423423413009405
3,1,4,NaN
4,0,4,0.7726517314264018
2,2,4,0.8652322931034484
1,3,4,NaN
2,2,4,NaN
2,2,4,NaN
1,3,4,NaN
2,2,4,NaN
4,0,4,NaN
4,0,4,NaN
2,2,4,NaN
1,3,4,NaN
3,1,4,0.6286352646486054
3,1,4,0.24290906152647984
2,2,4,0.003667812051649711
1,3,4,NaN
2,2,4,NaN
2,2,4,NaN
3,1,4,0.2714976848618461
4,0,4,0.24290906152647984
4,0,4,0.12023631103518356
1,3,4,0.6413034385553602
2,2,4,NaN
2,2,4,NaN
3,1,4,0.7726517314264018
4,0,4,NaN
2,2,4,0.19472917649073473
3,1,4,NaN
3,1,4,NaN
3,1,4,0.9137791798943785
1,3,4,0.91089910393393
3,1,4,NaN
2,2,4,0.7842072154210211
3,1,4,0.8827570506600473
4,0,4,NaN
3,1,4,NaN
1,3,4,0.7092033041123709
4,0,4,NaN
1,3,4,NaN
4,0,4,NaN
2,2,4,0.15938727449707998
1,3,4,0.11824759223569374
2,2,4,NaN
2,2,4,NaN
3,1,4,NaN
2,2,4,0.04531425270758149
3,1,4,NaN
2,2,4,4.692441054790621e-5
2,2,4,NaN
2,2,4,NaN
2,2,4,0.9394569650180941
2,2,4,0.0052150336010960575
1,3,4,NaN
1,3,4,NaN
1,3,4,NaN
3,1,4,NaN
1,3,4,NaN
3,1,4,0.009325005405405363
1,3,4,NaN
1,3,4,0.9885707782763422
2,2,4,NaN
3,1,4,NaN
4,0,4,0.9789190809366978
2,2,4,NaN
4,0,4,NaN
1,3,4,0.4475557477195245
2,2,4,NaN
1,3,4,NaN
4,0,4,0.8450772854630715
4,0,4,NaN
1,3,4,0.2783692877527476
1,3,4,NaN
1,3,4,NaN
4,0,4,0.13695747655435897
3,1,4,0.2783692877527476
3,1,4,0.7423423413009405
2,2,4,0.5179685488194049
2,2,4,NaN
2,2,4,0.13385717340139203
3,1,4,0.0630282359819421
3,1,4,NaN
1,3,4,0.053556438906752275
1,3,4,0.8652322931034484
3,1,4,0.053556438906752275
2,2,4,NaN
1,3,4,NaN
1,3,4,NaN
3,1,4,0.06708088923689182
3,1,4,0.4475557477195245
2,2,4,NaN
3,1,4,0.13684525122146476
4,0,4,0.6717661875924231
4,0,4,NaN
2,2,4,NaN
2,2,4,0.24290906152647984
2,2,4,NaN
3,1,4,NaN
3,1,4,0.0924971579505958
2,2,4,NaN
4,0,4,NaN
4,0,4,NaN
1,3,4,0.7726517314264018
2,2,4,NaN
3,1,4,NaN
1,3,4,0.4087914221489063
4,0,4,NaN
2,2,4,NaN
4,0,4,0.5865196674031864
3,1,4,NaN
2,2,4,NaN
3,1,4,0.8006696868167401
4,0,4,NaN
1,3,4,0.7423423413009405
2,2,4,0.15507671095816405
2,2,4,0.2968808558664339
3,1,4,0.03542250385965071
1,3,4,0.4011103777394731
4,0,4,0.996948504001462
1,3,4,0.4475557477195245
1,3,4,0.4475557477195245
2,2,4,NaN
4,0,4,NaN
3,1,4,0.49543559874771725
3,1,4,NaN
2,2,4,NaN
1,3,4,NaN
2,2,4,NaN
4,0,4,NaN
4,0,4,NaN
3,1,4,0.009325005405405363
1,3,4,NaN
1,3,4,NaN
2,2,4,NaN
2,2,4,NaN
3,1,4,0.4475557477195245
1,3,4,NaN
4,0,4,0.2783692877527476
3,1,4,0.631220773570296
1,3,4,NaN
3,1,4,NaN
1,3,4,NaN
2,2,4,NaN
2,2,4,0.865856228509367
1,3,4,NaN
2,2,4,NaN
4,0,4,0.9552740144516588
3,1,4,NaN
1,3,4,0.2412147488524764
4,0,4,NaN
2,2,4,NaN
4,0,4,0.18348414923983342
1,3,4,0.7092033041123709
4,0,4,0.9493033010224405
4,0,4,NaN
2,2,4,0.6286352646486054
1,3,4,0.31538291069709495
3,1,4,0.7092033041123709
1,3,4,0.2144909145927689
3,1,4,NaN
4,0,4,NaN
2,2,4,NaN
2,2,4,NaN
3,1,4,NaN
2,2,4,0.019796251803769704
1,3,4,NaN
1,3,4,NaN
3,1,4,NaN
2,2,4,0.10544798794477334
1,3,4,NaN
2,2,4,NaN
2,2,4,0.07361819104140599
4,0,4,0.08612589160650815
2,2,4,NaN
4,0,4,NaN
2,2,4,NaN
4,0,4,NaN
3,1,4,0.5844085215984884
2,2,4,NaN
2,2,4,0.02787455723542097
3,1,4,0.5417209770628222
1,3,4,0.6717661875924231
4,0,4,NaN
2,2,4,NaN
1,3,4,NaN
2,2,4,0.8450772854630715
4,0,4,0.6717661875924231
2,2,4,0.9001259164326818
1,3,4,NaN
2,2,4,0.7423423413009405
2,2,4,NaN
1,3,4,NaN
2,2,4,0.3557510427918548
2,2,4,0.9493033010224405
3,1,4,0.03831329598506057
4,0,4,0.8958762517401009
1,3,4,NaN
4,0,4,0.9493033010224405
4,0,4,NaN
2,2,4,0.02200654292301389
3,1,4,NaN
1,3,4,NaN
3,1,4,NaN
4,0,4,NaN
2,2,4,NaN
2,2,4,NaN
1,3,4,NaN
2,2,4,0.007224884659388227
2,2,4,NaN
2,2,4,NaN
1,3,4,0.014655993394411452
2,2,4,0.4475557477195245
1,3,4,NaN
4,0,4,0.7423423413009405
2,2,4,NaN
3,1,4,0.8827570506600473
2,2,4,NaN
3,1,4,0.011912684570359084
1,3,4,NaN
2,2,4,NaN
2,2,4,NaN
4,0,4,NaN
2,2,4,0.05330848409862223
1,3,4,0.24290906152647984
2,2,4,0.8450772854630715
1,3,4,NaN
2,2,4,NaN
4,0,4,0.4475557477195245
2,2,4,NaN
1,3,4,NaN
2,2,4,NaN
3,1,4,NaN
4,0,4,NaN
1,3,4,0.7423423413009405
1,3,4,0.3557510427918548
3,1,4,NaN
2,2,4,0.5865196674031864
2,2,4,NaN
4,0,4,NaN
4,0,4,0.9137791798943785
1,3,4,NaN
1,3,4,0.08612589160650815
1,3,4,0.4475557477195245
4,0,4,NaN
4,0,4,0.8006696868167401
3,1,4,NaN
3,1,4,NaN
3,1,4,NaN
1,3,4,NaN
1,3,4,0.8237080657963236
1,3,4,NaN
1,3,4,0.9137791798943785
1,3,4,0.21185071034975703
1,3,4,NaN
4,0,4,NaN
2,2,4,NaN
2,2,4,0.8237080657963236
1,3,4,0.8827570506600473
3,1,4,0.07361819104140599
4,0,4,NaN
1,3,4,0.7092033041123709
1,3,4,NaN
2,2,4,0.3557510427918548
4,0,4,NaN
2,2,4,0.9951971893304458
2,2,4,0.38951883007049515
1,3,4,NaN
2,2,4,0.8006696868167401
4,0,4,NaN
2,2,4,NaN
1,3,4,NaN
1,3,4,NaN
4,0,4,0.7423423413009405
1,3,4,NaN
1,3,4,NaN
3,1,4,NaN
1,3,4,NaN
2,2,4,NaN
3,1,4,0.8450772854630715
1,3,4,0.4833797088764611
2,2,4,0.21185071034975703
2,2,4,0.7433590367901758
2,2,4,NaN
1,3,4,0.016656938369781698
3,1,4,0.11735031057960332
1,3,4,0.8722821616891961
1,3,4,NaN
1,3,4,NaN
2,2,4,0.6717661875924231
2,2,4,NaN
4,0,4,0.49543559874771725
2,2,4,0.5417209770628222
1,3,4,0.9590286414731528
3,1,4,NaN
2,2,4,NaN
1,3,4,0.8450772854630715
1,3,4,NaN
3,1,4,0.31538291069709495
3,1,4,NaN
4,0,4,0.009325005405405363
3,1,4,0.7726517314264018
4,0,4,0.49543559874771725
4,0,4,0.03831329598506057
3,1,4,NaN
4,0,4,NaN
1,3,4,NaN
4,0,4,0.006210123142791653
2,2,4,NaN
3,1,4,NaN
1,3,4,0.7195910676048861
3,1,4,0.48796662186443346
1,3,4,NaN
2,2,4,NaN
2,2,4,NaN
1,3,4,0.9394569650180941
4,0,4,NaN
4,0,4,0.02787455723542097
4,0,4,NaN
3,1,4,5.608675822779695e-5
2,2,4,NaN
2,2,4,0.1482332205010854
2,2,4,0.7738393337297048
4,0,4,NaN
4,0,4,NaN
2,2,4,NaN
1,3,4,0.7092033041123709
2,2,4,0.023437746643316073
3,1,4,0.8006696868167401
2,2,4,NaN
2,2,4,NaN
1,3,4,NaN
2,2,4,NaN
1,3,4,0.4042090512437901
1,3,4,0.006162005486132496
4,0,4,NaN
3,1,4,NaN
2,2,4,NaN
3,1,4,0.8006696868167401
1,3,4,NaN
2,2,4,0.30190159143610523
3,1,4,NaN
1,3,4,NaN
3,1,4,NaN
1,3,4,NaN
3,1,4,NaN
1,3,4,NaN
2,2,4,0.5417209770628222
2,2,4,NaN
1,3,4,0.3930469172428408
1,3,4,NaN
3,1,4,0.18348414923983342
3,1,4,0.0630282359819421
1,3,4,NaN
4,0,4,NaN
2,2,4,0.631220773570296
1,3,4,NaN
2,2,4,NaN
4,0,4,0.9663500458367166
3,1,4,NaN
1,3,4,0.7726517314264018
3,1,4,0.8006696868167401
3,1,4,0.7092033041123709
1,3,4,NaN
3,1,4,NaN
1,3,4,0.9137791798943785
2,2,4,NaN
1,3,4,NaN
2,2,4,0.31538291069709495
1,3,4,0.032853775051729074
1,3,4,0.7092033041123709
1,3,4,0.6391470662697895
2,2,4,NaN
4,0,4,NaN
2,2,4,0.13695747655435897
1,3,4,0.9493033010224405
1,3,4,0.7726517314264018
1,3,4,NaN
1,3,4,NaN
4,0,4,0.7492206055347399
3,1,4,0.9137791798943785
4,0,4,0.49543559874771725
2,2,4,0.8450772854630715
2,2,4,NaN
2,2,4,0.9137791798943785
2,2,4,0.7726517314264018
1,3,4,0.631220773570296
1,3,4,NaN
1,3,4,0.8006696868167401
1,3,4,NaN
3,1,4,0.5739319803991668
4,0,4,0.08612589160650815
2,2,4,NaN
4,0,4,0.15938727449707998
1,3,4,NaN
3,1,4,0.8006696868167401
3,1,4,0.8958762517401009
1,3,4,NaN
3,1,4,NaN
3,1,4,0.8006696868167401
1,3,4,0.9272124484159221
3,1,4,0.7092033041123709
2,2,4,NaN
3,1,4,0.2783692877527476
1,3,4,0.7092033041123709
3,1,4,0.7726517314264018
1,3,4,NaN
2,2,4,0.9001259164326818
2,2,4,NaN
2,2,4,NaN
4,0,4,NaN
2,2,4,0.7038570448214456
2,2,4,0.8652322931034484
1,3,4,NaN
1,3,4,NaN
1,3,4,NaN
1,3,4,NaN
1,3,4,0.7092033041123709
1,3,4,NaN
1,3,4,0.7092033041123709
1,3,4,0.8079928207706086
3,1,4,0.2783692877527476
1,3,4,NaN
1,3,4,NaN
2,2,4,NaN
1,3,4,NaN
1,3,4,NaN
2,2,4,NaN
3,1,4,NaN
1,3,4,NaN
2,2,4,0.24290906152647984
1,3,4,NaN
4,0,4,NaN
3,1,4,NaN
1,3,4,0.2957919183598498
1,3,4,0.11735031057960332
1,3,4,0.9841738135856081
2,2,4,0.15938727449707998
4,0,4,0.011335119107957231
4,0,4,NaN
4,0,4,NaN
2,2,4,NaN
2,2,4,NaN
1,3,4,NaN
3,1,4,0.15938727449707998
2,2,4,NaN
1,3,4,0.7040648330995487
3,1,4,NaN
1,3,4,0.7726517314264018
1,3,4,NaN
1,3,4,NaN
2,2,4,NaN
2,2,4,0.5844085215984884
1,3,4,0.007349342594627595
4,0,4,0.04531425270758149
1,3,4,NaN
4,0,4,NaN
3,1,4,NaN
1,3,4,NaN
2,2,4,NaN
3,1,4,NaN
4,0,4,0.9122683124263887
2,2,4,0.21185071034975703
1,3,4,0.9137791798943785
1,3,4,0.012824200302182471
3,1,4,NaN
3,1,4,0.9137791798943785
1,3,4,NaN
4,0,4,0.13695747655435897
1,3,4,0.8006696868167401
2,2,4,0.5417209770628222
2,2,4,NaN
4,0,4,NaN
1,3,4,0.07679849711397702
4,0,4,NaN
3,1,4,0.21185071034975703
2,2,4,NaN
2,2,4,NaN
1,3,4,0.4475557477195245
2,2,4,NaN
4,0,4,0.49543559874771725
1,3,4,NaN
1,3,4,NaN
2,2,4,NaN
1,3,4,NaN
1,3,4,0.11881885597296148
3,1,4,NaN
4,0,4,0.6717661875924231
2,2,4,NaN
3,1,4,NaN
3,1,4,NaN
4,0,4,NaN
4,0,4,NaN
2,2,4,NaN
4,0,4,NaN
3,1,4,0.6717661875924231
4,0,4,NaN
2,2,4,NaN
1,3,4,0.4687423566214028
1,3,4,NaN
3,1,4,0.008869854201186423
1,3,4,0.6717661875924231
4,0,4,NaN
3,1,4,NaN
4,0,4,0.4475557477195245
2,2,4,0.053556438906752275
1,3,4,0.18348414923983342
1,3,4,0.9272124484159221
1,3,4,0.6717661875924231
1,3,4,NaN
4,0,4,0.4475557477195245
4,0,4,0.7726517314264018
1,3,4,0.023437746643316073
1,3,4,0.009692258839508916
1,3,4,NaN
3,1,4,NaN
1,3,4,NaN
2,2,4,0.07361819104140599
3,1,4,NaN
4,0,4,NaN
1,3,4,0.41784545216083274
3,1,4,NaN
3,1,4,NaN
2,2,4,NaN
2,2,4,0.11735031057960332
2,2,4,0.4475557477195245
2,2,4,NaN
3,1,4,0.2144909145927689
1,3,4,NaN
2,2,4,NaN
1,3,4,NaN
1,3,4,0.10032275229784271
2,2,4,NaN
4,0,4,0.0051653647514528205
3,1,4,NaN
4,0,4,NaN
1,3,4,0.6341923028368341
2,2,4,NaN
2,2,4,0.5865196674031864
2,2,4,NaN
4,0,4,NaN
3,1,4,NaN
4,0,4,0.1492411143505795
1,3,4,NaN
1,3,4,NaN
2,2,4,0.13695747655435897
4,0,4,NaN
1,3,4,NaN
1,3,4,NaN
2,2,4,NaN
2,2,4,0.11735031057960332
1,3,4,0.8237080657963236
2,2,4,NaN
1,3,4,NaN
1,3,4,0.4475557477195245
3,1,4,0.4155618969404342
2,2,4,0.10032275229784271
4,0,4,0.9789190809366978
2,2,4,0.18348414923983342
1,3,4,0.9733084005106692
2,2,4,0.7726517314264018
4,0,4,0.4011103777394731
1,3,4,0.9663500458367166
3,1,4,0.004243052065979369
3,1,4,NaN
3,1,4,0.007349342594627595
1,3,4,0.5964087996771485
2,2,4,0.8006696868167401
2,2,4,NaN
4,0,4,0.33235886503761797
2,2,4,NaN
1,3,4,NaN
2,2,4,0.21185071034975703
2,2,4,0.7423423413009405
1,3,4,0.21185071034975703
4,0,4,NaN
1,3,4,NaN
4,0,4,NaN
1,3,4,0.9841738135856081
2,2,4,NaN
2,2,4,NaN
1,3,4,0.31538291069709495
1,3,4,0.321221426047442
1,3,4,NaN
4,0,4,0.04531425270758149
2,2,4,NaN
3,1,4,NaN
2,2,4,NaN
3,1,4,0.14499639323270927
2,2,4,0.8237080657963236
1,3,4,NaN
1,3,4,0.6399698686907713
4,0,4,0.5865196674031864
4,0,4,NaN
1,3,4,0.9916966421839661
4,0,4,NaN
3,1,4,0.7726517314264018
2,2,4,0.4475557477195245
1,3,4,0.1543705926232434
1,3,4,NaN
2,2,4,NaN
1,3,4,NaN
1,3,4,NaN
1,3,4,0.10032275229784271
2,2,4,NaN
1,3,4,NaN
1,3,4,0.7726517314264018
1,3,4,0.07361819104140599
4,0,4,0.2783692877527476
2,2,4,NaN
2,2,4,0.31538291069709495
1,3,4,NaN
2,2,4,0.5417209770628222
4,0,4,0.49543559874771725
3,1,4,NaN
1,3,4,0.4011103777394731
1,3,4,NaN
1,3,4,NaN
1,3,4,NaN
1,3,4,0.5865196674031864
1,3,4,0.9590286414731528
4,0,4,0.9663500458367166
2,2,4,NaN
2,2,4,NaN
2,2,4,NaN
2,2,4,NaN
1,3,4,NaN
4,0,4,NaN
4,0,4,0.3557510427918548
1,3,4,0.02787455723542097
1,3,4,NaN
1,3,4,0.9098222961631155
1,3,4,NaN
4,0,4,NaN
1,3,4,NaN
4,0,4,NaN
2,2,4,NaN
1,3,4,0.7726517314264018
3,1,4,0.631220773570296
1,3,4,0.6717661875924231
1,3,4,0.15938727449707998
2,2,4,NaN
1,3,4,NaN
1,3,4,0.2783692877527476
1,3,4,NaN
4,0,4,0.5865196674031864
4,0,4,0.9272124484159221
1,3,4,NaN
2,2,4,NaN
1,3,4,0.4475557477195245
2,2,4,0.13695747655435897
2,2,4,NaN
4,0,4,0.9394569650180941
2,2,4,NaN
1,3,4,NaN
1,3,4,NaN
1,3,4,0.8652322931034484
1,3,4,NaN
3,1,4,0.10032275229784271
1,3,4,0.9394569650180941
1,3,4,0.7423423413009405
2,2,4,NaN
2,2,4,NaN
2,2,4,0.8572354758801874
2,2,4,NaN
2,2,4,NaN
1,3,4,0.24290906152647984
2,2,4,0.7423423413009405
1,3,4,NaN
1,3,4,0.7722614379438936
1,3,4,0.8237080657963236
2,2,4,NaN
2,2,4,NaN
2,2,4,0.9272124484159221
1,3,4,0.04531425270758149
3,1,4,NaN
3,1,4,0.5865196674031864
1,3,4,NaN
1,3,4,NaN
1,3,4,0.014601366429191553
4,0,4,NaN
1,3,4,0.9272124484159221
1,3,4,NaN
1,3,4,0.631220773570296
1,3,4,NaN
1,3,4,0.47185749960595624
3,1,4,NaN
3,1,4,0.49543559874771725
4,0,4,NaN
1,3,4,0.9137791798943785
1,3,4,0.8827570506600473
2,2,4,NaN
4,0,4,0.49543559874771725
1,3,4,NaN
4,0,4,NaN
2,2,4,0.18348414923983342
1,3,4,0.13695747655435897
1,3,4,0.7092033041123709
4,0,4,NaN
1,3,4,0.48945833991568644
3,1,4,0.24290906152647984
1,3,4,0.11735031057960332
2,2,4,NaN
2,2,4,0.7092033041123709
1,3,4,0.21185071034975703
2,2,4,NaN
1,3,4,NaN
1,3,4,NaN
1,3,4,NaN
2,2,4,0.11735031057960332
1,3,4,0.18348414923983342
2,2,4,NaN
3,1,4,NaN
2,2,4,0.727920708452019
2,2,4,0.49543559874771725
2,2,4,NaN
2,2,4,NaN
2,2,4,NaN
2,2,4,NaN
1,3,4,0.3557510427918548
3,1,4,NaN
4,0,4,0.7092033041123709
4,0,4,0.892330774293112
1,3,4,0.8802899068977281
2,2,4,0.8237080657963236
4,0,4,NaN
2,2,4,NaN
2,2,4,NaN
2,2,4,NaN
4,0,4,NaN
1,3,4,0.0009174579028145428
1,3,4,NaN
1,3,4,0.5865196674031864
1,3,4,0.9335053885363508
3,1,4,NaN
2,2,4,NaN
4,0,4,0.703988719890633
2,2,4,NaN
2,2,4,0.49543559874771725
1,3,4,0.9137791798943785
3,1,4,NaN
1,3,4,NaN
1,3,4,0.4011103777394731
2,2,4,0.07361819104140599
2,2,4,NaN
1,3,4,0.10032275229784271
2,2,4,0.02787455723542097
2,2,4,0.15938727449707998
1,3,4,NaN
1,3,4,NaN
1,3,4,0.4781957166090772
1,3,4,NaN
1,3,4,NaN
2,2,4,0.10032275229784271
4,0,4,NaN
3,1,4,NaN
1,3,4,NaN
2,2,4,NaN
4,0,4,NaN
1,3,4,NaN
1,3,4,NaN
2,2,4,0.4011103777394731
1,3,4,0.8450772854630715
1,3,4,0.02787455723542097
2,2,4,NaN
4,0,4,0.631220773570296
2,2,4,NaN
2,2,4,0.9137791798943785
1,3,4,0.03831329598506057
3,1,4,NaN
1,3,4,NaN
3,1,4,NaN
1,3,4,0.7128003214641632
2,2,4,NaN
2,2,4,0.10032275229784271
3,1,4,NaN
3,1,4,0.4475557477195245
1,3,4,0.7092033041123709
1,3,4,0.3557510427918548
1,3,4,NaN
1,3,4,NaN
4,0,4,0.6717661875924231
3,1,4,0.9663500458367166
4,0,4,NaN
1,3,4,NaN
1,3,4,0.49543559874771725
1,3,4,NaN
2,2,4,NaN
1,3,4,0.9137791798943785
2,2,4,NaN
2,2,4,0.8006696868167401
4,0,4,0.21185071034975703
1,3,4,NaN
2,2,4,0.33430800744614414
2,2,4,0.7234577439877888
2,2,4,NaN
2,2,4,NaN
3,1,4,0.9272124484159221
1,3,4,NaN
1,3,4,NaN
1,3,4,0.19056295926922487
3,1,4,0.7726517314264018
1,3,4,0.6717661875924231
1,3,4,0.13695747655435897
3,1,4,NaN
1,3,4,0.33206252338918735
2,2,4,NaN
1,3,4,NaN
1,3,4,0.7726517314264018
2,2,4,NaN
4,0,4,NaN
2,2,4,0.631220773570296
2,2,4,0.9001259164326818
3,1,4,NaN
2,2,4,NaN
3,1,4,NaN
2,2,4,0.3557510427918548
3,1,4,NaN
4,0,4,NaN
2,2,4,NaN
1,3,4,NaN
4,0,4,0.9663500458367166
2,2,4,0.9962290253671563
3,1,4,NaN
2,2,4,NaN
1,3,4,0.7726517314264018
2,2,4,NaN
2,2,4,0.7726517314264018
2,2,4,0.02787455723542097
1,3,4,0.9762982915271908
2,2,4,NaN
2,2,4,0.9590286414731528
4,0,4,0.2783692877527476
1,3,4,0.7423423413009405
3,1,4,NaN
3,1,4,0.9001259164326818
2,2,4,NaN
1,3,4,NaN
3,1,4,0.13695747655435897
4,0,4,NaN
4,0,4,0.2783692877527476
2,2,4,0.21185071034975703
3,1,4,NaN
1,3,4,NaN
1,3,4,0.4155618969404342
2,2,4,NaN
1,3,4,0.49543559874771725
2,2,4,NaN
1,3,4,NaN
1,3,4,0.6717661875924231
2,2,4,NaN
1,3,4,NaN
2,2,4,NaN
2,2,4,NaN
1,3,4,NaN
4,0,4,0.0051653647514528205
3,1,4,NaN
1,3,4,NaN
1,3,4,0.15938727449707998
1,3,4,0.5417209770628222
2,2,4,NaN
1,3,4,NaN
1,3,4,0.8450772854630715
1,3,4,0.7726517314264018
3,1,4,0.7092033041123709
2,2,4,NaN
3,1,4,0.24290906152647984
1,3,4,0.6717661875924231
2,2,4,0.023437746643316073
2,2,4,0.2783692877527476
2,2,4,NaN
1,3,4,NaN
3,1,4,NaN
1,3,4,NaN
3,1,4,NaN
4,0,4,NaN
2,2,4,0.4475557477195245
2,2,4,NaN
2,2,4,NaN
4,0,4,NaN
1,3,4,NaN
1,3,4,0.4475557477195245
3,1,4,NaN
3,1,4,0.49543559874771725
3,1,4,0.032853775051729074
2,2,4,NaN
1,3,4,NaN
2,2,4,NaN
2,2,4,NaN
2,2,4,NaN
3,1,4,NaN
1,3,4,NaN
1,3,4,NaN
2,2,4,NaN
1,3,4,0.8450772854630715
2,2,4,NaN
2,2,4,0.02787455723542097
4,0,4,0.31538291069709495
1,3,4,NaN
1,3,4,0.24290906152647984
2,2,4,NaN
1,3,4,0.9663500458367166
2,2,4,NaN
1,3,4,0.8237080657963236
1,3,4,NaN
1,3,4,NaN
3,1,4,0.13695747655435897
1,3,4,0.04626540978768393
1,3,4,0.631220773570296
1,3,4,NaN
1,3,4,NaN
2,2,4,NaN
1,3,4,NaN
2,2,4,0.9137791798943785
1,3,4,NaN
1,3,4,0.0340768802719843
1,3,4,NaN
1,3,4,NaN
1,3,4,0.13695747655435897
1,3,4,NaN
3,1,4,NaN
1,3,4,NaN
2,2,4,NaN
1,3,4,NaN
3,1,4,NaN
3,1,4,NaN
4,0,4,NaN
2,2,4,0.08606570126690044
2,2,4,0.3643296166089109
1,3,4,0.8768095693934921
1,3,4,0.7423423413009405
2,2,4,NaN
1,3,4,NaN
1,3,4,NaN
1,3,4,NaN
1,3,4,0.011335119107957231
1,3,4,NaN
1,3,4,NaN
1,3,4,NaN
2,2,4,0.4475557477195245
1,3,4,NaN
2,2,4,0.6717661875924231
3,1,4,0.04531425270758149
1,3,4,NaN
2,2,4,NaN
1,3,4,0.631220773570296
3,1,4,0.6717661875924231
1,3,4,0.4011103777394731
1,3,4,0.9663500458367166
2,2,4,0.31538291069709495
1,3,4,NaN
2,2,4,0.9001259164326818
1,3,4,NaN
2,2,4,NaN
2,2,4,NaN
1,3,4,0.11600516340256257
3,1,4,NaN
1,3,4,0.43075787581356145
2,2,4,0.053556438906752275
1,3,4,NaN
2,2,4,0.08612589160650815
2,2,4,NaN
4,0,4,NaN
1,3,4,0.05406684693149736
3,1,4,0.6717661875924231
2,2,4,0.9394569650180941
1,3,4,NaN
1,3,4,NaN
2,2,4,0.007349342594627595
1,3,4,0.6897954437884392
2,2,4,0.9272124484159221
2,2,4,0.016656938369781698
2,2,4,0.2783692877527476
1,3,4,0.9789190809366978
2,2,4,0.9049238421275821
1,3,4,0.8237080657963236
2,2,4,0.032853775051729074
1,3,4,NaN
2,2,4,NaN
1,3,4,0.6717661875924231
4,0,4,NaN
3,1,4,0.3557510427918548
2,2,4,NaN
3,1,4,0.8006696868167401
2,2,4,0.631220773570296
3,1,4,0.04531425270758149
4,0,4,NaN
1,3,4,NaN
1,3,4,0.19159711197536944
1,3,4,0.9193061478538381
1,3,4,NaN
1,3,4,0.5417209770628222
1,3,4,NaN
2,2,4,NaN
4,0,4,NaN
4,0,4,NaN
3,1,4,NaN
2,2,4,0.6163604147416746
1,3,4,0.8652322931034484
1,3,4,NaN
2,2,4,0.13695747655435897
1,3,4,NaN
3,1,4,NaN
1,3,4,NaN
2,2,4,NaN
1,3,4,NaN
4,0,4,0.8450772854630715
2,2,4,0.31538291069709495
2,2,4,NaN
3,1,4,0.7092033041123709
4,0,4,NaN
1,3,4,NaN
4,0,4,0.10032275229784271
4,0,4,NaN
1,3,4,NaN
1,3,4,NaN
1,3,4,NaN
1,3,4,0.24290906152647984
2,2,4,0.31538291069709495
2,2,4,NaN
2,2,4,0.10032275229784271
2,2,4,0.03002897565218359
1,3,4,NaN
2,2,4,NaN
1,3,4,0.7092033041123709
1,3,4,NaN
1,3,4,0.01384068834559692
1,3,4,NaN
3,1,4,NaN
1,3,4,NaN
4,0,4,NaN
2,2,4,0.7897769749083152
2,2,4,0.4475557477195245
1,3,4,0.3557510427918548
3,1,4,NaN
1,3,4,NaN
1,3,4,NaN
1,3,4,0.7423423413009405
2,2,4,NaN
2,2,4,NaN
2,2,4,0.49543559874771725
1,3,4,0.1032356490197009
1,3,4,0.2783692877527476
2,2,4,NaN
1,3,4,NaN
1,3,4,0.8237080657963236
4,0,4,0.7092033041123709
1,3,4,NaN
1,3,4,0.19513021128400873
1,3,4,NaN
2,2,4,NaN
2,2,4,NaN
1,3,4,0.21185071034975703
1,3,4,NaN
2,2,4,0.49543559874771725
1,3,4,0.865856228509367
1,3,4,NaN
3,1,4,0.8237080657963236
4,0,4,0.49543559874771725
1,3,4,NaN
2,2,4,0.24290906152647984
2,2,4,NaN
1,3,4,0.2522773353786719
4,0,4,NaN
1,3,4,0.032853775051729074
1,3,4,0.49543559874771725
2,2,4,NaN
1,3,4,NaN
2,2,4,0.9326657668111178
1,3,4,0.7726517314264018
3,1,4,0.9272124484159221
2,2,4,NaN
2,2,4,NaN
1,3,4,NaN
1,3,4,0.6717661875924231
2,2,4,0.7423423413009405
2,2,4,0.3296496747755379
1,3,4,NaN
1,3,4,0.18348414923983342
2,2,4,NaN
2,2,4,NaN
1,3,4,0.7423423413009405
2,2,4,0.07361819104140599
1,3,4,0.08612589160650815
4,0,4,NaN
4,0,4,NaN
1,3,4,0.1446676741174563
2,2,4,NaN
2,2,4,0.5865196674031864
2,2,4,NaN
1,3,4,0.10032275229784271
1,3,4,NaN
1,3,4,0.8450772854630715
1,3,4,NaN
1,3,4,NaN
1,3,4,0.7726517314264018
1,3,4,NaN
2,2,4,0.49543559874771725
4,0,4,NaN
3,1,4,NaN
1,3,4,NaN
1,3,4,NaN
1,3,4,0.7092033041123709
1,3,4,NaN
2,2,4,0.01384068834559692
1,3,4,NaN
1,3,4,0.4011103777394731
1,3,4,NaN
1,3,4,NaN
1,3,4,0.5865196674031864
1,3,4,0.8827570506600473
1,3,4,NaN
2,2,4,NaN
2,2,4,0.9493033010224405
1,3,4,0.5417209770628222
1,3,4,0.8237080657963236
2,2,4,0.0018409182881712915
4,0,4,NaN
2,2,4,NaN
1,3,4,NaN
1,3,4,NaN
1,3,4,0.34729379856962467
2,2,4,0.8652322931034484
2,2,4,0.4011103777394731
1,3,4,0.0032344506104328807
1,3,4,NaN
2,2,4,0.0032344506104328807
1,3,4,NaN
2,2,4,0.4926805509915818
1,3,4,0.21185071034975703
1,3,4,NaN
3,1,4,NaN
1,3,4,0.8652322931034484
2,2,4,0.15938727449707998
1,3,4,NaN
1,3,4,NaN
2,2,4,0.11735031057960332
1,3,4,0.5417209770628222
1,3,4,0.13695747655435897
1,3,4,0.10032275229784271
2,2,4,0.8527245124233102
1,3,4,NaN
1,3,4,NaN
1,3,4,NaN
1,3,4,NaN
2,2,4,0.631220773570296
1,3,4,0.31538291069709495
1,3,4,0.631220773570296
1,3,4,0.08612589160650815
1,3,4,NaN
1,3,4,NaN
1,3,4,0.11735031057960332
1,3,4,0.6950686511737141
1,3,4,NaN
1,3,4,0.662803924606588
1,3,4,NaN
1,3,4,NaN
1,3,4,NaN
4,0,4,0.631220773570296
2,2,4,0.4011103777394731
1,3,4,NaN
1,3,4,NaN
3,1,4,NaN
1,3,4,NaN
2,2,4,NaN
1,3,4,NaN
1,3,4,0.7206816867481725
1,3,4,NaN
3,1,4,0.34117257317291055
1,3,4,0.07410943283789428
1,3,4,NaN
2,2,4,NaN
2,2,4,0.18348414923983342
1,3,4,NaN
1,3,4,0.3557510427918548
1,3,4,NaN
1,3,4,NaN
1,3,4,NaN
1,3,4,NaN
2,2,4,NaN
4,0,4,NaN
2,2,4,0.21185071034975703
4,0,4,NaN
1,3,4,NaN
1,3,4,NaN
1,3,4,NaN
1,3,4,0.7092033041123709
1,3,4,0.24290906152647984
1,3,4,0.5865196674031864
1,3,4,0.8652322931034484
2,2,4,NaN
4,0,4,NaN
2,2,4,NaN
1,3,4,0.4475557477195245
1,3,4,NaN
1,3,4,0.4011103777394731
1,3,4,NaN
2,2,4,NaN
2,2,4,NaN
1,3,4,NaN
1,3,4,NaN
2,2,4,0.48945833991568644
1,3,4,0.11735031057960332
1,3,4,NaN
1,3,4,0.49543559874771725
1,3,4,NaN
1,3,4,NaN
1,3,4,NaN
1,3,4,NaN
2,2,4,NaN
1,3,4,NaN
1,3,4,0.24290906152647984
1,3,4,NaN
2,2,4,0.5183374556419776
1,3,4,0.01384068834559692
1,3,4,0.24290906152647984
1,3,4,NaN
4,0,4,NaN
4,0,4,0.7244442832767338
1,3,4,NaN
1,3,4,NaN
1,3,4,NaN
1,3,4,0.5180838030620013
1,3,4,NaN
1,3,4,NaN
1,3,4,NaN
1,3,4,0.6717661875924231
1,3,4,NaN
1,3,4,NaN
1,3,4,NaN
1,3,4,NaN
1,3,4,NaN
4,0,4,NaN
2,2,4,NaN
2,2,4,0.9789190809366978
1,3,4,0.631220773570296
1,3,4,NaN
1,3,4,NaN
1,3,4,0.4475557477195245
1,3,4,0.4475557477195245
1,3,4,NaN
2,2,4,NaN
1,3,4,NaN
1,3,4,0.49543559874771725
3,1,4,0.7092033041123709
4,0,4,NaN
1,3,4,NaN
1,3,4,NaN
4,0,4,0.8827570506600473
1,3,4,0.7726517314264018
1,3,4,0.2783692877527476
1,3,4,NaN
1,3,4,NaN
1,3,4,0.8827570506600473
1,3,4,NaN
3,1,4,0.18348414923983342
1,3,4,0.21490710616703504
1,3,4,0.13695747655435897
1,3,4,NaN
2,2,4,NaN
1,3,4,0.053556438906752275
1,3,4,0.7726517314264018
1,3,4,NaN
1,3,4,NaN
1,3,4,0.5865196674031864
1,3,4,0.6717661875924231
2,2,4,0.5491099842322958
1,3,4,0.11004266429364606
1,3,4,0.6717661875924231
1,3,4,NaN
1,3,4,NaN
1,3,4,0.5865196674031864
1,3,4,NaN
1,3,4,0.032853775051729074
1,3,4,NaN
3,1,4,NaN
1,3,4,NaN
1,3,4,0.22442380098744252
1,3,4,NaN
1,3,4,NaN
1,3,4,0.07361819104140599
1,3,4,0.4011103777394731
1,3,4,0.5417209770628222
1,3,4,0.9590286414731528
1,3,4,0.8006696868167401
1,3,4,0.4475557477195245
1,3,4,NaN
1,3,4,NaN
1,3,4,0.9590286414731528
1,3,4,0.11735031057960332
1,3,4,NaN
1,3,4,0.49543559874771725
1,3,4,NaN
1,3,4,NaN
2,2,4,0.15845920766529598
1,3,4,0.7092033041123709
1,3,4,NaN
1,3,4,0.8006696868167401
1,3,4,NaN
1,3,4,NaN
1,3,4,0.49543559874771725
1,3,4,NaN
1,3,4,0.15938727449707998
2,2,4,0.15938727449707998
1,3,4,0.0443548972348261
1,3,4,NaN
1,3,4,0.3557510427918548
1,3,4,NaN
2,2,4,0.631220773570296
1,3,4,NaN
1,3,4,NaN
2,2,4,0.11735031057960332
1,3,4,NaN
1,3,4,0.9137791798943785
1,3,4,0.07770787174543889
1,3,4,0.01384068834559692
1,3,4,0.016656938369781698
1,3,4,NaN
1,3,4,NaN
1,3,4,NaN
1,3,4,NaN
1,3,4,NaN
1,3,4,NaN
1,3,4,0.7423423413009405
1,3,4,NaN
1,3,4,0.7092033041123709
1,3,4,NaN
4,0,4,NaN
1,3,4,0.0630282359819421
1,3,4,NaN
1,3,4,NaN
1,3,4,NaN
1,3,4,NaN
1,3,4,NaN
1,3,4,NaN
2,2,4,0.4011103777394731
1,3,4,NaN
1,3,4,NaN
1,3,4,NaN
1,3,4,0.00881392655895506
1,3,4,NaN
1,3,4,0.11735031057960332
1,3,4,NaN
1,3,4,NaN
1,3,4,0.7423423413009405
1,3,4,0.4155618969404342
1,3,4,NaN
1,3,4,NaN
1,3,4,NaN
1,3,4,NaN
1,3,4,NaN
1,3,4,NaN
1,3,4,NaN
1,3,4,0.4786101457863796
2,2,4,NaN
1,3,4,NaN
1,3,4,NaN
1,3,4,NaN
1,3,4,0.9137791798943785
1,3,4,0.053556438906752275
1,3,4,NaN
1,3,4,0.8237080657963236
1,3,4,0.49543559874771725
2,2,4,NaN
1,3,4,NaN
1,3,4,NaN
1,3,4,0.0022668194929532054
1,3,4,0.5865196674031864
1,3,4,NaN
1,3,4,0.0630282359819421
1,3,4,NaN
1,3,4,NaN
1,3,4,0.8652322931034484
1,3,4,0.9094055775483683
1,3,4,NaN
1,3,4,NaN
1,3,4,0.8012183129642948
0,4,4,NaN
0,4,4,NaN
0,4,4,NaN
0,4,4,0.10032275229784271
0,4,4,NaN
0,4,4,NaN
0,4,4,NaN
0,4,4,0.24290906152647984
0,4,4,0.008891624123104661
0,4,4,NaN
0,4,4,NaN
0,4,4,0.8006696868167401
0,4,4,0.053556438906752275
0,4,4,NaN
0,4,4,NaN
0,4,4,NaN
0,4,4,0.8450772854630715
0,4,4,NaN
0,4,4,0.4475557477195245
0,4,4,0.31538291069709495
0,4,4,NaN
0,4,4,0.49543559874771725
0,4,4,NaN
0,4,4,NaN
0,4,4,0.05573136797620164
0,4,4,NaN
0,4,4,NaN
0,4,4,0.3557510427918548
0,4,4,NaN
0,4,4,NaN
0,4,4,NaN
0,4,4,NaN
0,4,4,NaN
0,4,4,NaN
0,4,4,NaN
0,4,4,NaN
0,4,4,NaN
0,4,4,0.5417209770628222
0,4,4,NaN
0,4,4,0.9885707782763422
0,4,4,NaN
0,4,4,0.4475557477195245
0,4,4,NaN
0,4,4,NaN
0,4,4,NaN
0,4,4,NaN
0,4,4,NaN
0,4,4,NaN
0,4,4,NaN
0,4,4,NaN
0,4,4,0.5417209770628222
0,4,4,0.6736522319193892
0,4,4,NaN
0,4,4,NaN
0,4,4,0.631220773570296
0,4,4,0.7423423413009405
0,4,4,NaN
0,4,4,NaN
0,4,4,NaN
0,4,4,NaN
0,4,4,NaN
0,4,4,0.8450772854630715
0,4,4,NaN
0,4,4,NaN
0,4,4,0.13695747655435897
0,4,4,NaN
0,4,4,0.02787455723542097
0,4,4,NaN
0,4,4,NaN
0,4,4,NaN
0,4,4,NaN
0,4,4,NaN
0,4,4,NaN
0,4,4,NaN
0,4,4,NaN
0,4,4,0.6717661875924231
0,4,4,NaN
0,4,4,NaN
0,4,4,NaN
0,4,4,0.21185071034975703
0,4,4,NaN
0,4,4,0.18481445368493432
0,4,4,0.31538291069709495
0,4,4,0.5417209770628222
0,4,4,NaN
0,4,4,0.22061921544044888
0,4,4,0.8006696868167401
0,4,4,0.6078036258336132
0,4,4,0.8567831739605898
0,4,4,NaN
0,4,4,NaN
0,4,4,NaN
0,4,4,0.031899501372293
0,4,4,NaN
0,4,4,NaN
0,4,4,NaN
0,4,4,NaN
0,4,4,NaN
0,4,4,0.5865196674031864
0,4,4,NaN
0,4,4,NaN
0,4,4,NaN
0,4,4,0.18348414923983342
0,4,4,0.9137791798943785
0,4,4,NaN
0,4,4,NaN
0,4,4,0.9001259164326818
0,4,4,0.3557510427918548
0,4,4,NaN
0,4,4,0.10032275229784271
0,4,4,NaN
0,4,4,0.5417209770628222
0,4,4,NaN
0,4,4,NaN
0,4,4,0.3557510427918548
0,4,4,NaN
0,4,4,NaN
0,4,4,0.8652322931034484
0,4,4,NaN
0,4,4,NaN
0,4,4,NaN
0,4,4,0.5865196674031864
0,4,4,NaN
0,4,4,0.620640103386705
0,4,4,0.9726831539700095
0,4,4,0.30146974376286034
0,4,4,NaN
0,4,4,NaN
0,4,4,0.9493033010224405
0,4,4,NaN
0,4,4,0.7726517314264018
0,4,4,NaN
0,4,4,0.631220773570296
0,4,4,0.032853775051729074
0,4,4,NaN
0,4,4,0.4475557477195245
0,4,4,NaN
0,4,4,0.8954942781772826
0,4,4,NaN
0,4,4,0.5709175155670079
0,4,4,NaN
0,4,4,NaN
0,4,4,NaN
0,4,4,NaN
0,4,4,NaN
0,4,4,NaN
0,4,4,0.6717661875924231
0,4,4,0.4011103777394731
0,4,4,0.0032344506104328807
0,4,4,NaN
0,4,4,0.31538291069709495
0,4,4,0.7726517314264018
0,4,4,0.631220773570296
0,4,4,0.2307478702826715
0,4,4,0.13695747655435897
0,4,4,0.0630282359819421
0,4,4,NaN
0,4,4,NaN
0,4,4,NaN
0,4,4,NaN
0,4,4,0.9907703944053677
0,4,4,NaN
0,4,4,NaN
0,4,4,NaN
0,4,4,NaN
0,4,4,NaN
0,4,4,0.7092033041123709
0,4,4,0.7423423413009405
0,4,4,0.3557510427918548
0,4,4,NaN
0,4,4,NaN
0,4,4,NaN
0,4,4,NaN
0,4,4,NaN
0,4,4,0.49543559874771725
0,4,4,NaN
0,4,4,NaN
0,4,4,0.3103194978340013
0,4,4,0.7092033041123709
0,4,4,NaN
0,4,4,NaN
0,4,4,NaN
0,4,4,NaN
0,4,4,NaN
0,4,4,0.8006696868167401
0,4,4,NaN
0,4,4,NaN
0,4,4,0.24290906152647984
0,4,4,NaN
0,4,4,0.7092033041123709
0,4,4,NaN
0,4,4,NaN
0,4,4,0.5865196674031864
0,4,4,NaN
0,4,4,NaN
0,4,4,0.9137791798943785
0,4,4,0.09061241887260031
0,4,4,NaN
0,4,4,0.5865196674031864
0,4,4,NaN
0,4,4,NaN
0,4,4,NaN
0,4,4,NaN
0,4,4,NaN
0,4,4,0.11735031057960332
0,4,4,NaN
0,4,4,NaN
0,4,4,NaN
0,4,4,NaN
0,4,4,NaN
0,4,4,NaN
0,4,4,NaN
0,4,4,0.0032344506104328807
0,4,4,NaN
0,4,4,NaN
0,4,4,0.03831329598506057
0,4,4,0.9590286414731528
0,4,4,0.8006696868167401
0,4,4,NaN
0,4,4,NaN
0,4,4,NaN
0,4,4,NaN
0,4,4,0.9045471222061193
0,4,4,NaN
0,4,4,NaN
0,4,4,0.4475557477195245
0,4,4,0.24290906152647984
0,4,4,0.7092033041123709
0,4,4,0.9024871747604102
0,4,4,NaN
0,4,4,NaN
0,4,4,NaN
0,4,4,0.703988719890633
0,4,4,NaN
0,4,4,NaN
0,4,4,NaN
0,4,4,NaN
0,4,4,NaN
0,4,4,NaN
0,4,4,NaN
0,4,4,NaN
0,4,4,0.31538291069709495
0,4,4,NaN
0,4,4,NaN
0,4,4,NaN
0,4,4,NaN
0,4,4,NaN
0,4,4,NaN
0,4,4,0.6717661875924231
0,4,4,0.4011103777394731
0,4,4,0.8237080657963236
0,4,4,NaN
0,4,4,NaN
0,4,4,NaN
0,4,4,NaN
0,4,4,0.49543559874771725
0,4,4,NaN
0,4,4,0.6127253479327994
0,4,4,NaN
0,4,4,NaN
0,4,4,0.21185071034975703
0,4,4,0.8450772854630715
0,4,4,NaN
0,4,4,0.016070590250945833
0,4,4,NaN
0,4,4,NaN
0,4,4,NaN
0,4,4,NaN
0,4,4,0.7726517314264018
0,4,4,0.31538291069709495
0,4,4,NaN
0,4,4,NaN
0,4,4,NaN
0,4,4,NaN
0,4,4,NaN
0,4,4,NaN
0,4,4,0.5207113899991818
0,4,4,NaN
0,4,4,NaN
0,4,4,NaN
0,4,4,0.8237080657963236
0,4,4,0.13695747655435897
0,4,4,NaN
0,4,4,0.6717661875924231
0,4,4,NaN
0,4,4,NaN
0,4,4,NaN
0,4,4,NaN
0,4,4,NaN
0,4,4,NaN
0,4,4,NaN
0,4,4,0.8237080657963236
0,4,4,0.8672028944838255
0,4,4,0.019796251803769704
0,4,4,0.2783692877527476
0,4,4,NaN
0,4,4,NaN
0,4,4,NaN
0,4,4,0.7092033041123709
0,4,4,NaN
0,4,4,0.9789190809366978
0,4,4,NaN
0,4,4,NaN
0,4,4,NaN
0,4,4,NaN
0,4,4,NaN
0,4,4,NaN
0,4,4,0.8237080657963236
0,4,4,NaN
0,4,4,NaN
0,4,4,NaN
0,4,4,NaN
0,4,4,NaN
0,4,4,0.9885707782763422
0,4,4,0.07361819104140599
0,4,4,NaN
0,4,4,0.9137791798943785
0,4,4,0.29847576848684493
0,4,4,NaN
0,4,4,0.4155618969404342
0,4,4,0.007349342594627595
0,4,4,NaN
0,4,4,NaN
0,4,4,NaN
0,4,4,NaN
0,4,4,NaN
0,4,4,NaN
0,4,4,NaN
0,4,4,0.4475557477195245
0,4,4,NaN
0,4,4,NaN
0,4,4,NaN
0,4,4,0.07361819104140599
0,4,4,NaN
0,4,4,NaN
0,4,4,0.21898357023417914
0,4,4,NaN
0,4,4,NaN
0,4,4,NaN
0,4,4,NaN
0,4,4,NaN
0,4,4,NaN
0,4,4,0.9108371303898248
0,4,4,0.15938727449707998
0,4,4,0.0630282359819421
0,4,4,0.7875965616192705
0,4,4,NaN
0,4,4,NaN
0,4,4,NaN
0,4,4,NaN
0,4,4,NaN
0,4,4,0.9590286414731528
0,4,4,0.4475557477195245
0,4,4,NaN
0,4,4,NaN
0,4,4,NaN
0,4,4,0.07770787174543889
0,4,4,NaN
0,4,4,NaN
0,4,4,0.4155618969404342
0,4,4,NaN
0,4,4,NaN
0,4,4,NaN
0,4,4,NaN
0,4,4,NaN
0,4,4,0.6717661875924231
0,4,4,0.053556438906752275
0,4,4,NaN
0,4,4,NaN
0,4,4,0.4011103777394731
0,4,4,NaN
0,4,4,NaN
0,4,4,NaN
0,4,4,0.15938727449707998
0,4,4,NaN
0,4,4,NaN
0,4,4,0.04531425270758149
0,4,4,NaN
0,4,4,NaN
0,4,4,NaN
0,4,4,NaN
0,4,4,NaN
0,4,4,NaN
0,4,4,NaN
0,4,4,NaN
0,4,4,0.13695747655435897
0,4,4,NaN
0,4,4,0.9962290253671563
0,4,4,0.8450772854630715
0,4,4,NaN
0,4,4,0.4011103777394731
0,4,4,NaN
0,4,4,NaN
0,4,4,NaN
0,4,4,NaN
0,4,4,NaN
0,4,4,NaN
0,4,4,NaN
0,4,4,0.053556438906752275
0,4,4,NaN
0,4,4,0.3557510427918548
0,4,4,NaN
0,4,4,NaN
0,4,4,0.21185071034975703
0,4,4,NaN
0,4,4,NaN
0,4,4,0.8450772854630715
0,4,4,NaN
0,4,4,NaN
0,4,4,0.9789190809366978
0,4,4,NaN
0,4,4,0.21185071034975703
0,4,4,NaN
0,4,4,NaN
0,4,4,NaN
0,4,4,0.24290906152647984
0,4,4,0.4475557477195245
0,4,4,NaN
0,4,4,0.019796251803769704
0,4,4,NaN
0,4,4,0.30232623165185657
0,4,4,NaN
0,4,4,NaN
0,4,4,NaN
0,4,4,NaN
0,4,4,NaN
0,4,4,NaN
0,4,4,0.631220773570296
0,4,4,NaN
0,4,4,NaN
0,4,4,NaN
0,4,4,0.9841738135856081
0,4,4,0.8827570506600473
0,4,4,0.11735031057960332
0,4,4,NaN
0,4,4,NaN
0,4,4,NaN
0,4,4,NaN
0,4,4,NaN
0,4,4,0.5417209770628222
0,4,4,0.8827570506600473
0,4,4,NaN
0,4,4,NaN
0,4,4,NaN
0,4,4,NaN
0,4,4,NaN
0,4,4,NaN
0,4,4,0.9916966421839661
0,4,4,NaN
0,4,4,0.9493033010224405
0,4,4,0.4011103777394731
0,4,4,NaN
0,4,4,NaN
0,4,4,NaN
0,4,4,NaN
0,4,4,NaN
0,4,4,0.5865196674031864
0,4,4,NaN
0,4,4,NaN
0,4,4,0.4011103777394731
0,4,4,0.18348414923983342
0,4,4,NaN
0,4,4,NaN
0,4,4,0.6828262100057688
0,4,4,0.8450772854630715
0,4,4,0.24290906152647984
0,4,4,NaN
0,4,4,NaN
0,4,4,NaN
0,4,4,NaN
0,4,4,0.9394569650180941
0,4,4,NaN
0,4,4,NaN
0,4,4,0.9001259164326818
0,4,4,0.49543559874771725
0,4,4,NaN
0,4,4,NaN
0,4,4,NaN
0,4,4,NaN
0,4,4,NaN
0,4,4,NaN
0,4,4,NaN
0,4,4,0.4475557477195245
0,4,4,NaN
0,4,4,NaN
0,4,4,NaN
0,4,4,NaN
0,4,4,NaN
0,4,4,NaN
0,4,4,NaN
0,4,4,0.0630282359819421
0,4,4,0.10032275229784271
0,4,4,0.956653261008458
0,4,4,NaN
0,4,4,NaN
0,4,4,NaN
0,4,4,NaN
0,4,4,NaN
0,4,4,0.2783692877527476
0,4,4,NaN
0,4,4,0.014244884473125772
0,4,4,0.9394569650180941
0,4,4,0.6717661875924231
0,4,4,NaN
0,4,4,0.13018816655571913
0,4,4,0.15968498618355548
0,4,4,NaN
0,4,4,0.04099133246999384
0,4,4,0.6717661875924231
0,4,4,NaN
0,4,4,NaN
0,4,4,NaN
0,4,4,NaN
0,4,4,NaN
0,4,4,0.8450772854630715
0,4,4,0.10528657409123422
0,4,4,NaN
0,4,4,NaN
0,4,4,NaN
0,4,4,0.15938727449707998
0,4,4,0.24290906152647984
0,4,4,NaN
0,4,4,0.9590286414731528
0,4,4,0.3557510427918548
0,4,4,0.8492263303450983
0,4,4,0.4475557477195245
0,4,4,NaN
0,4,4,0.8827570506600473
0,4,4,NaN
0,4,4,NaN
0,4,4,NaN
0,4,4,0.21185071034975703
0,4,4,0.8237080657963236
0,4,4,NaN
0,4,4,0.9001259164326818
0,4,4,NaN
0,4,4,NaN
0,4,4,0.9001259164326818
0,4,4,0.5417209770628222
0,4,4,NaN
0,4,4,0.7423423413009405
0,4,4,0.2637133377239455
0,4,4,0.9962290253671563
0,4,4,0.5241547328283553
0,4,4,NaN
0,4,4,NaN
0,4,4,NaN
0,4,4,0.2783692877527476
0,4,4,NaN
0,4,4,NaN
0,4,4,NaN
0,4,4,NaN
0,4,4,NaN
0,4,4,0.04225142236583336
0,4,4,NaN
0,4,4,NaN
0,4,4,0.5417209770628222
0,4,4,0.02787455723542097
0,4,4,0.7423423413009405
0,4,4,NaN
0,4,4,0.2783692877527476
0,4,4,NaN
0,4,4,NaN
0,4,4,0.7423423413009405
0,4,4,0.7423423413009405
0,4,4,0.08264573974256474
0,4,4,0.9253817549007111
0,4,4,NaN
0,4,4,NaN
0,4,4,NaN
0,4,4,NaN
0,4,4,0.9789190809366978
0,4,4,NaN
0,4,4,NaN
0,4,4,0.5940785884460495
0,4,4,0.13595932099187039
0,4,4,NaN
0,4,4,NaN
0,4,4,0.631220773570296
0,4,4,NaN
0,4,4,NaN
0,4,4,NaN
0,4,4,0.07410943283789428
0,4,4,NaN
0,4,4,NaN
0,4,4,NaN
0,4,4,NaN
0,4,4,0.004243052065979369
0,4,4,0.0015506799637766114
0,4,4,NaN
0,4,4,NaN
0,4,4,NaN
0,4,4,0.24290906152647984
0,4,4,0.8450772854630715
0,4,4,0.9394569650180941
0,4,4,NaN
0,4,4,NaN
0,4,4,0.0630282359819421
0,4,4,NaN
0,4,4,0.0015506799637766114
0,4,4,NaN
0,4,4,0.5417209770628222
0,4,4,0.49543559874771725
0,4,4,NaN
0,4,4,NaN
0,4,4,NaN
0,4,4,NaN
0,4,4,NaN
0,4,4,0.6717661875924231
0,4,4,NaN
0,4,4,NaN
0,4,4,NaN
0,4,4,NaN
0,4,4,NaN
0,4,4,0.631220773570296
0,4,4,NaN
0,4,4,NaN
0,4,4,NaN
0,4,4,0.5865196674031864
0,4,4,NaN
0,4,4,NaN
0,4,4,NaN
0,4,4,0.003667812051649711
0,4,4,NaN
0,4,4,0.5865196674031864
0,4,4,0.3557510427918548
0,4,4,0.5417209770628222
0,4,4,0.2783692877527476
0,4,4,NaN
0,4,4,NaN
0,4,4,0.9001259164326818
0,4,4,0.019796251803769704
0,4,4,NaN
0,4,4,NaN
0,4,4,0.7423423413009405
0,4,4,NaN
0,4,4,NaN
0,4,4,NaN
0,4,4,0.7092033041123709
0,4,4,NaN
0,4,4,NaN
0,4,4,NaN
0,4,4,NaN
0,4,4,NaN
0,4,4,NaN
0,4,4,NaN
0,4,4,NaN
0,4,4,NaN
0,4,4,NaN
0,4,4,NaN
0,4,4,NaN
0,4,4,NaN
0,4,4,NaN
0,4,4,NaN
0,4,4,NaN
0,4,4,NaN
0,4,4,0.8867216875884179
0,4,4,NaN
0,4,4,NaN
0,4,4,0.7726517314264018
0,4,4,0.47392407785921564
0,4,4,0.9493033010224405
0,4,4,0.03831329598506057
0,4,4,0.08612589160650815
0,4,4,NaN
0,4,4,NaN
0,4,4,NaN
0,4,4,NaN
0,4,4,0.10954400898331997
0,4,4,NaN
0,4,4,0.3140788080690369
0,4,4,0.5843763191717781
0,4,4,NaN
0,4,4,NaN
0,4,4,NaN
0,4,4,NaN
0,4,4,0.5417209770628222
0,4,4,NaN
0,4,4,0.032853775051729074
0,4,4,NaN
0,4,4,NaN
0,4,4,0.4475557477195245
0,4,4,0.47392407785921564
0,4,4,0.15938727449707998
0,4,4,NaN
0,4,4,NaN
0,4,4,NaN
0,4,4,0.053556438906752275
0,4,4,0.4475557477195245
0,4,4,0.24290906152647984
0,4,4,0.10032275229784271
0,4,4,0.5417209770628222
0,4,4,NaN
0,4,4,NaN
0,4,4,NaN
0,4,4,NaN
0,4,4,NaN
0,4,4,0.5865196674031864
0,4,4,0.7092033041123709
0,4,4,NaN
0,4,4,NaN
0,4,4,NaN
0,4,4,NaN
0,4,4,NaN
0,4,4,NaN
0,4,4,NaN
0,4,4,0.8006696868167401
0,4,4,NaN
0,4,4,0.18348414923983342
0,4,4,0.7092033041123709
0,4,4,0.7423423413009405
0,4,4,NaN
0,4,4,NaN
0,4,4,NaN
0,4,4,0.8237080657963236
0,4,4,NaN
0,4,4,0.24290906152647984
0,4,4,NaN
0,4,4,NaN
0,4,4,NaN
0,4,4,0.5802917560236949
0,4,4,NaN
0,4,4,NaN
0,4,4,NaN
0,4,4,NaN
0,4,4,NaN
0,4,4,0.7092033041123709
0,4,4,NaN
0,4,4,0.7009196710752872
0,4,4,NaN
0,4,4,0.49543559874771725
0,4,4,NaN
0,4,4,NaN
0,4,4,NaN
0,4,4,NaN
0,4,4,NaN
0,4,4,NaN
0,4,4,0.7423423413009405
0,4,4,NaN
0,4,4,0.29835348765116493
0,4,4,NaN
0,4,4,0.5433632443606092
0,4,4,NaN
0,4,4,NaN
0,4,4,NaN
0,4,4,NaN
0,4,4,NaN
0,4,4,0.5865196674031864
0,4,4,NaN
0,4,4,NaN
0,4,4,NaN
0,4,4,NaN
0,4,4,NaN
0,4,4,NaN
0,4,4,0.4475557477195245
0,4,4,NaN
0,4,4,NaN
0,4,4,NaN
0,4,4,NaN
0,4,4,NaN
0,4,4,NaN
0,4,4,0.9047853618061095
0,4,4,0.21185071034975703
0,4,4,NaN
0,4,4,NaN
0,4,4,NaN
0,4,4,NaN
0,4,4,NaN
0,4,4,NaN
0,4,4,NaN
0,4,4,NaN
0,4,4,NaN
0,4,4,NaN
0,4,4,NaN
0,4,4,NaN
0,4,4,NaN
0,4,4,0.9001259164326818
0,4,4,NaN
0,4,4,0.31538291069709495
0,4,4,NaN
0,4,4,NaN
0,4,4,0.6717661875924231
0,4,4,NaN
0,4,4,NaN
0,4,4,0.02787455723542097
0,4,4,NaN
0,4,4,NaN
0,4,4,NaN
0,4,4,0.7104519257596621
0,4,4,NaN
0,4,4,0.18348414923983342
0,4,4,0.8450772854630715
0,4,4,NaN
0,4,4,NaN
0,4,4,NaN
0,4,4,NaN
0,4,4,NaN
0,4,4,0.08131311481254204
0,4,4,NaN
0,4,4,0.9137791798943785
0,4,4,NaN
0,4,4,NaN
0,4,4,NaN
0,4,4,NaN
0,4,4,NaN
0,4,4,NaN
0,4,4,0.7092033041123709
0,4,4,0.5417209770628222
0,4,4,0.6717661875924231
0,4,4,0.9394569650180941
0,4,4,NaN
0,4,4,0.31538291069709495
0,4,4,0.01085267624927704
0,4,4,NaN
0,4,4,NaN
0,4,4,0.10032275229784271
0,4,4,0.2783692877527476
0,4,4,NaN
0,4,4,NaN
0,4,4,NaN
0,4,4,0.3557510427918548
0,4,4,0.15938727449707998
0,4,4,0.17285819941780986
0,4,4,NaN
0,4,4,0.6460732430377639
0,4,4,0.1205032423776778
0,4,4,NaN
0,4,4,0.21185071034975703
0,4,4,NaN
0,4,4,NaN
0,4,4,0.8958762517401009
0,4,4,0.4475557477195245
0,4,4,NaN
0,4,4,0.0630282359819421
0,4,4,0.9272124484159221
0,4,4,NaN
0,4,4,NaN
0,4,4,0.18348414923983342
0,4,4,NaN
0,4,4,NaN
0,4,4,NaN
0,4,4,NaN
0,4,4,0.03831329598506057
0,4,4,NaN
0,4,4,0.24290906152647984
0,4,4,0.619427914833329
0,4,4,0.7423423413009405
0,4,4,0.6717661875924231
0,4,4,0.8652322931034484
0,4,4,0.10535266156618336
0,4,4,0.9590286414731528
0,4,4,0.9590286414731528
0,4,4,NaN
0,4,4,0.8450772854630715
0,4,4,NaN
0,4,4,0.49543559874771725
0,4,4,NaN
0,4,4,NaN
0,4,4,0.8450772854630715
0,4,4,NaN
0,4,4,NaN
0,4,4,0.15938727449707998
0,4,4,NaN
0,4,4,NaN
0,4,4,NaN
0,4,4,NaN
0,4,4,NaN
0,4,4,0.0467115594787914
0,4,4,0.8237080657963236
0,4,4,NaN
0,4,4,NaN
0,4,4,0.6717661875924231
0,4,4,NaN
0,4,4,0.011335119107957231
0,4,4,NaN
0,4,4,NaN
0,4,4,0.4011103777394731
0,4,4,NaN
0,4,4,0.13695747655435897
0,4,4,NaN
0,4,4,0.7433590367901758
0,4,4,NaN
0,4,4,NaN
0,4,4,0.9493033010224405
0,4,4,NaN
0,4,4,NaN
0,4,4,NaN
0,4,4,NaN
0,4,4,NaN
0,4,4,NaN
0,4,4,0.8450772854630715
0,4,4,0.01384068834559692
0,4,4,NaN
0,4,4,NaN
0,4,4,0.8450772854630715
0,4,4,NaN
0,4,4,NaN
0,4,4,0.09450980669307071
0,4,4,NaN
0,4,4,0.7423423413009405
0,4,4,0.631220773570296
0,4,4,NaN
0,4,4,NaN
0,4,4,NaN
0,4,4,0.8652322931034484
0,4,4,0.08612589160650815
0,4,4,NaN
0,4,4,0.3557510427918548
0,4,4,NaN
0,4,4,NaN
0,4,4,0.30232623165185657
0,4,4,NaN
0,4,4,NaN
0,4,4,0.8652322931034484
0,4,4,0.6127253479327994
0,4,4,NaN
0,4,4,NaN
0,4,4,0.0931632187317728
0,4,4,NaN
0,4,4,NaN
0,4,4,NaN
0,4,4,NaN
0,4,4,NaN
0,4,4,NaN
0,4,4,NaN
0,4,4,0.7726517314264018
0,4,4,NaN
0,4,4,NaN
0,4,4,0.6717661875924231
0,4,4,NaN
0,4,4,0.4011103777394731
0,4,4,0.8450772854630715
0,4,4,NaN
0,4,4,0.18348414923983342
0,4,4,0.8450772854630715
0,4,4,NaN
0,4,4,0.9001259164326818
0,4,4,NaN
0,4,4,NaN
0,4,4,NaN
0,4,4,NaN
0,4,4,0.5865196674031864
0,4,4,0.8462455523832452
0,4,4,0.3202520689672649
0,4,4,0.2783692877527476
0,4,4,NaN
0,4,4,0.4475557477195245
0,4,4,NaN
0,4,4,NaN
0,4,4,NaN
0,4,4,NaN
0,4,4,0.3557510427918548
0,4,4,NaN
0,4,4,0.032853775051729074
0,4,4,NaN
0,4,4,NaN
0,4,4,0.3576125799751027
0,4,4,NaN
0,4,4,NaN
0,4,4,0.4011103777394731
0,4,4,NaN
0,4,4,NaN
0,4,4,NaN
0,4,4,NaN
0,4,4,NaN
0,4,4,NaN
0,4,4,NaN
0,4,4,0.6717661875924231
0,4,4,0.31538291069709495
0,4,4,0.7716423171976328
0,4,4,0.33206252338918735
0,4,4,NaN
0,4,4,NaN
0,4,4,0.8843643593382782
0,4,4,NaN
0,4,4,NaN
0,4,4,0.15968498618355548
0,4,4,0.009325005405405363
0,4,4,NaN
0,4,4,0.4011103777394731
0,4,4,0.8006696868167401
0,4,4,0.9841738135856081
0,4,4,0.19056295926922487
0,4,4,NaN
0,4,4,0.7423423413009405
0,4,4,NaN
0,4,4,NaN
0,4,4,0.18348414923983342
0,4,4,NaN
0,4,4,NaN
0,4,4,NaN
0,4,4,0.9841738135856081
0,4,4,0.8237080657963236
0,4,4,NaN
0,4,4,0.15938727449707998
0,4,4,NaN
0,4,4,NaN
0,4,4,NaN
0,4,4,0.9001259164326818
0,4,4,NaN
0,4,4,NaN
0,4,4,NaN
0,4,4,0.7732543004398685
0,4,4,NaN
0,4,4,NaN
0,4,4,0.45397342671867796
0,4,4,0.8827570506600473
0,4,4,NaN
0,4,4,NaN
0,4,4,NaN
0,4,4,0.8827570506600473
0,4,4,NaN
0,4,4,NaN
0,4,4,NaN
0,4,4,NaN
0,4,4,NaN
0,4,4,NaN
0,4,4,0.7726517314264018
0,4,4,0.49543559874771725
0,4,4,NaN
0,4,4,0.9024871747604102
0,4,4,NaN
0,4,4,NaN
0,4,4,NaN
0,4,4,0.8006696868167401
0,4,4,NaN
0,4,4,NaN
0,4,4,NaN
0,4,4,NaN
0,4,4,NaN
0,4,4,0.869705116604009
0,4,4,NaN
0,4,4,0.7423423413009405
0,4,4,NaN
0,4,4,0.21185071034975703
0,4,4,0.11735031057960332
0,4,4,NaN
0,4,4,NaN
0,4,4,NaN
0,4,4,0.8450772854630715
0,4,4,0.004410062964623328
0,4,4,0.5417209770628222
0,4,4,0.9789190809366978
0,4,4,NaN
0,4,4,0.7656968560480337
0,4,4,NaN
0,4,4,0.5417209770628222
0,4,4,NaN
0,4,4,0.8679189613997627
0,4,4,NaN
0,4,4,NaN
0,4,4,NaN
0,4,4,NaN
0,4,4,NaN
0,4,4,NaN
0,4,4,0.5865196674031864
0,4,4,NaN
0,4,4,0.7775795196926195
0,4,4,NaN
0,4,4,NaN
0,4,4,NaN
0,4,4,NaN
0,4,4,0.9001259164326818
0,4,4,NaN
0,4,4,NaN
0,4,4,NaN
0,4,4,0.31538291069709495
0,4,4,NaN
0,4,4,0.49543559874771725
0,4,4,0.02787455723542097
0,4,4,NaN
0,4,4,NaN
0,4,4,NaN
0,4,4,NaN
0,4,4,0.009325005405405363
0,4,4,NaN
0,4,4,NaN
0,4,4,NaN
0,4,4,NaN
0,4,4,NaN
0,4,4,NaN
0,4,4,NaN
0,4,4,0.7707806061831215
0,4,4,0.8237080657963236
0,4,4,NaN
0,4,4,NaN
0,4,4,NaN
0,4,4,0.21185071034975703
0,4,4,NaN
0,4,4,NaN
0,4,4,0.5417209770628222
0,4,4,NaN
0,4,4,NaN
0,4,4,0.7092033041123709
0,4,4,NaN
0,4,4,0.8827570506600473
0,4,4,NaN
0,4,4,NaN
0,4,4,0.7423423413009405
0,4,4,0.6717661875924231
0,4,4,0.5417209770628222
0,4,4,NaN
0,4,4,0.49543559874771725
0,4,4,0.08604706871663184
0,4,4,NaN
0,4,4,NaN
0,4,4,0.9272124484159221
0,4,4,NaN
0,4,4,NaN
0,4,4,NaN
0,4,4,NaN
0,4,4,0.9841738135856081
0,4,4,NaN
0,4,4,NaN
0,4,4,NaN
0,4,4,NaN
0,4,4,0.11004266429364606
0,4,4,0.4475557477195245
0,4,4,0.5417209770628222
0,4,4,0.07361819104140599
0,4,4,0.8652322931034484
0,4,4,0.7038570448214456
0,4,4,NaN
0,4,4,0.16605532935867887
0,4,4,0.9663500458367166
0,4,4,NaN
0,4,4,NaN
0,4,4,NaN
0,4,4,NaN
0,4,4,NaN
0,4,4,NaN
0,4,4,NaN
0,4,4,0.13695747655435897
0,4,4,NaN
0,4,4,0.31538291069709495
0,4,4,0.49543559874771725
0,4,4,0.8237080657963236
0,4,4,NaN
0,4,4,0.01085267624927704
0,4,4,0.3557510427918548
0,4,4,0.5417209770628222
0,4,4,NaN
0,4,4,NaN
0,4,4,0.8101699123774138
0,4,4,NaN
0,4,4,NaN
0,4,4,NaN
0,4,4,NaN
0,4,4,NaN
0,4,4,0.07361819104140599
0,4,4,NaN
0,4,4,0.33899816048640846
0,4,4,0.5417209770628222
0,4,4,NaN
0,4,4,0.4011103777394731
0,4,4,NaN
0,4,4,0.8652322931034484
0,4,4,NaN
0,4,4,NaN
0,4,4,NaN
0,4,4,NaN
0,4,4,NaN
0,4,4,NaN
0,4,4,NaN
0,4,4,NaN
0,4,4,NaN
0,4,4,0.49543559874771725
0,4,4,0.631220773570296
0,4,4,0.3257757903334994
0,4,4,0.7726517314264018
0,4,4,0.13695747655435897
0,4,4,0.21369630969567505
0,4,4,0.8237080657963236
0,4,4,0.7423423413009405
0,4,4,NaN
0,4,4,NaN
0,4,4,NaN
0,4,4,NaN
0,4,4,0.7726517314264018
0,4,4,NaN
0,4,4,NaN
0,4,4,NaN
0,4,4,NaN
0,4,4,0.11735031057960332
0,4,4,NaN
0,4,4,NaN
0,4,4,0.7125497954121649
0,4,4,NaN
0,4,4,NaN
0,4,4,0.7423423413009405
0,4,4,NaN
0,4,4,NaN
0,4,4,NaN
0,4,4,0.5417209770628222
0,4,4,NaN
0,4,4,NaN
0,4,4,0.8120853917993482
0,4,4,0.5865196674031864
0,4,4,NaN
0,4,4,NaN
0,4,4,NaN
0,4,4,NaN
0,4,4,NaN
0,4,4,0.7423423413009405
0,4,4,NaN
0,4,4,NaN
0,4,4,0.1782184971215875
0,4,4,0.08612589160650815
0,4,4,NaN
0,4,4,NaN
0,4,4,NaN
0,4,4,NaN
0,4,4,NaN
0,4,4,NaN
0,4,4,NaN
0,4,4,NaN
0,4,4,NaN
0,4,4,NaN
0,4,4,0.631220773570296
0,4,4,NaN
0,4,4,NaN
0,4,4,NaN
0,4,4,0.2912191263579411
0,4,4,NaN
0,4,4,NaN
0,4,4,NaN
0,4,4,NaN
0,4,4,NaN
0,4,4,0.7092033041123709
0,4,4,NaN
0,4,4,0.9137791798943785
0,4,4,NaN
0,4,4,NaN
0,4,4,NaN
0,4,4,NaN
0,4,4,NaN
0,4,4,NaN
0,4,4,NaN
0,4,4,NaN
0,4,4,NaN
0,4,4,NaN
0,4,4,NaN
0,4,4,0.016035560723550422
0,4,4,NaN
0,4,4,0.6717661875924231
0,4,4,0.12892689661618534
0,4,4,0.8652322931034484
0,4,4,0.5865196674031864
0,4,4,0.08612589160650815
0,4,4,NaN
0,4,4,0.24290906152647984
0,4,4,0.8006696868167401
0,4,4,NaN
0,4,4,NaN
0,4,4,0.7092033041123709
0,4,4,NaN
0,4,4,0.2783692877527476
0,4,4,NaN
0,4,4,NaN
0,4,4,NaN
0,4,4,0.7128003214641632
0,4,4,NaN
0,4,4,NaN
0,4,4,0.7911407579639452
0,4,4,NaN
0,4,4,NaN
0,4,4,0.7423423413009405
0,4,4,NaN
0,4,4,NaN
0,4,4,0.631220773570296
0,4,4,0.5491099842322958
0,4,4,0.4011103777394731
0,4,4,NaN
0,4,4,0.005028600763177403
0,4,4,0.4687423566214028
0,4,4,0.631220773570296
0,4,4,0.24290906152647984
0,4,4,0.13695747655435897
0,4,4,NaN
0,4,4,NaN
0,4,4,NaN
0,4,4,NaN
0,4,4,NaN
0,4,4,0.8012183129642948
0,4,4,NaN
0,4,4,NaN
0,4,4,NaN
0,4,4,NaN
0,4,4,NaN
0,4,4,0.11203766109263956
0,4,4,NaN
0,4,4,NaN
0,4,4,NaN
0,4,4,NaN
0,4,4,NaN
0,4,4,0.7423423413009405
0,4,4,NaN
0,4,4,NaN
0,4,4,NaN
0,4,4,0.390356556525744
0,4,4,0.0028788935843253277
0,4,4,NaN
0,4,4,NaN
0,4,4,0.8006696868167401
0,4,4,NaN
0,4,4,NaN
0,4,4,0.5587721585107637
0,4,4,0.9335053885363508
0,4,4,NaN
0,4,4,0.5458017815032892
0,4,4,0.23670088159206143
0,4,4,NaN
0,4,4,0.7092033041123709
0,4,4,0.8565837334949431
0,4,4,0.32135031818130005
0,4,4,NaN
0,4,4,0.5865196674031864
0,4,4,0.5417209770628222
0,4,4,0.7423423413009405
0,4,4,NaN
0,4,4,0.8652322931034484
0,4,4,NaN
0,4,4,NaN
0,4,4,NaN
0,4,4,NaN
0,4,4,NaN
0,4,4,NaN
0,4,4,0.18348414923983342
0,4,4,NaN
0,4,4,NaN
0,4,4,NaN
0,4,4,0.31538291069709495
0,4,4,NaN
0,4,4,0.6717661875924231
0,4,4,0.2783692877527476
0,4,4,0.7869407257884593
0,4,4,0.9137791798943785
0,4,4,NaN
0,4,4,0.49543559874771725
0,4,4,NaN
0,4,4,0.15938727449707998
0,4,4,NaN
0,4,4,NaN
0,4,4,NaN
0,4,4,NaN
0,4,4,NaN
0,4,4,NaN
0,4,4,NaN
0,4,4,0.3892404650973566
0,4,4,0.5417209770628222
0,4,4,NaN
0,4,4,NaN
0,4,4,0.22498386269722465
0,4,4,0.8450772854630715
0,4,4,NaN
0,4,4,NaN
0,4,4,NaN
0,4,4,0.016656938369781698
0,4,4,0.21185071034975703
0,4,4,0.7726517314264018
0,4,4,0.31538291069709495
0,4,4,NaN
0,4,4,NaN
0,4,4,0.6717661875924231
0,4,4,0.15938727449707998
0,4,4,NaN
0,4,4,NaN
0,4,4,0.07361819104140599
0,4,4,NaN
0,4,4,NaN
0,4,4,NaN
0,4,4,NaN
0,4,4,NaN
0,4,4,NaN
0,4,4,0.4011103777394731
0,4,4,NaN
0,4,4,NaN
0,4,4,0.5351076851684858
0,4,4,0.5118695531588837
0,4,4,NaN
0,4,4,NaN
0,4,4,NaN
0,4,4,NaN
0,4,4,NaN
0,4,4,NaN
0,4,4,NaN
0,4,4,0.8237080657963236
0,4,4,0.24290906152647984
0,4,4,NaN
0,4,4,NaN
0,4,4,NaN
0,4,4,0.49543559874771725
0,4,4,0.7092033041123709
0,4,4,NaN
0,4,4,NaN
0,4,4,0.8686268632458807
0,4,4,0.735914938752462
0,4,4,NaN
0,4,4,NaN
0,4,4,NaN
0,4,4,NaN
0,4,4,NaN
0,4,4,NaN
0,4,4,NaN
0,4,4,0.23750457852165702
0,4,4,NaN
0,4,4,NaN
0,4,4,0.8827570506600473
0,4,4,0.5802917560236949
0,4,4,0.38741753600650725
0,4,4,NaN
0,4,4,0.3223493429257541
0,4,4,0.9394569650180941
0,4,4,NaN
0,4,4,NaN
0,4,4,0.3892404650973566
0,4,4,0.10032275229784271
0,4,4,0.24290906152647984
0,4,4,NaN
0,4,4,NaN
0,4,4,NaN
0,4,4,NaN
0,4,4,NaN
0,4,4,NaN
0,4,4,NaN
0,4,4,0.18348414923983342
0,4,4,NaN
0,4,4,NaN
0,4,4,NaN
0,4,4,0.7726517314264018
0,4,4,NaN
0,4,4,0.7092033041123709
0,4,4,0.6956948978363752
0,4,4,0.31538291069709495
0,4,4,NaN
0,4,4,0.000133020263934259
0,4,4,0.9590286414731528
0,4,4,NaN
0,4,4,NaN
0,4,4,0.07361819104140599
0,4,4,NaN
0,4,4,NaN
0,4,4,0.7423423413009405
0,4,4,0.6717661875924231
0,4,4,NaN
0,4,4,0.8006696868167401
0,4,4,0.18348414923983342
0,4,4,NaN
0,4,4,0.2144909145927689
0,4,4,NaN
0,4,4,0.8827570506600473
0,4,4,0.18348414923983342
0,4,4,NaN
0,4,4,NaN
0,4,4,0.31538291069709495
0,4,4,NaN
0,4,4,NaN
0,4,4,NaN
0,4,4,0.5865196674031864
0,4,4,0.7726517314264018
0,4,4,NaN
0,4,4,0.7726517314264018
0,4,4,NaN
0,4,4,NaN
0,4,4,NaN
0,4,4,0.8237080657963236
0,4,4,0.9394569650180941
0,4,4,NaN
0,4,4,0.8237080657963236
0,4,4,0.206406302752478
0,4,4,0.5120808826186937
0,4,4,NaN
0,4,4,NaN
0,4,4,NaN
0,4,4,NaN
0,4,4,0.6702125184631231
0,4,4,0.2809578211923491
0,4,4,0.13695747655435897
0,4,4,NaN
0,4,4,0.5847567171990724
0,4,4,NaN
0,4,4,NaN
0,4,4,NaN
0,4,4,NaN
0,4,4,NaN
0,4,4,0.019796251803769704
0,4,4,0.5865196674031864
0,4,4,NaN
0,4,4,NaN
0,4,4,NaN
0,4,4,0.07361819104140599
0,4,4,0.2783692877527476
0,4,4,NaN
0,4,4,NaN
0,4,4,NaN
0,4,4,0.07361819104140599
0,4,4,0.21793114523149193
0,4,4,0.18348414923983342
0,4,4,NaN
0,4,4,NaN
0,4,4,NaN
0,4,4,NaN
0,4,4,NaN
0,4,4,NaN
0,4,4,0.21185071034975703
0,4,4,NaN
0,4,4,NaN
0,4,4,NaN
0,4,4,NaN
0,4,4,NaN
0,4,4,0.5865196674031864
0,4,4,0.3557510427918548
0,4,4,NaN
0,4,4,0.8827570506600473
0,4,4,NaN
0,4,4,0.4475557477195245
0,4,4,NaN
0,4,4,NaN
0,4,4,NaN
0,4,4,NaN
0,4,4,NaN
0,4,4,0.2942871780591215
0,4,4,NaN
0,4,4,NaN
0,4,4,NaN
0,4,4,0.053556438906752275
0,4,4,NaN
0,4,4,NaN
0,4,4,0.6717661875924231
0,4,4,NaN
0,4,4,NaN
0,4,4,0.8524802845089371
0,4,4,NaN
0,4,4,0.5865196674031864
0,4,4,NaN
0,4,4,NaN
0,4,4,NaN
0,4,4,NaN
0,4,4,NaN
0,4,4,NaN
0,4,4,NaN
0,4,4,0.07361819104140599
0,4,4,NaN
0,4,4,0.15938727449707998
0,4,4,NaN
0,4,4,NaN
0,4,4,NaN
0,4,4,0.7726517314264018
0,4,4,NaN
0,4,4,NaN
0,4,4,0.4475557477195245
0,4,4,0.6717661875924231
0,4,4,0.631220773570296
0,4,4,0.3978734912472814
0,4,4,NaN
0,4,4,NaN
0,4,4,NaN
0,4,4,NaN
0,4,4,NaN
0,4,4,0.8006696868167401
0,4,4,0.5865196674031864
0,4,4,NaN
0,4,4,NaN
0,4,4,NaN
0,4,4,NaN
0,4,4,NaN
0,4,4,0.9272124484159221
0,4,4,0.3557510427918548
0,4,4,NaN
0,4,4,0.2783692877527476
0,4,4,0.8237080657963236
0,4,4,NaN
0,4,4,NaN
0,4,4,NaN
0,4,4,NaN
0,4,4,NaN
0,4,4,0.07361819104140599
0,4,4,NaN
0,4,4,0.003667812051649711
0,4,4,NaN
0,4,4,0.8652322931034484
0,4,4,0.18791406665869986
0,4,4,0.8450772854630715
0,4,4,NaN
0,4,4,NaN
0,4,4,9.937366935495953e-5
0,4,4,0.31538291069709495
0,4,4,0.7092033041123709
0,4,4,0.4475557477195245
0,4,4,NaN
0,4,4,0.4011103777394731
0,4,4,0.7790320057766477
0,4,4,NaN
0,4,4,NaN
0,4,4,0.31538291069709495
0,4,4,NaN
0,4,4,NaN
0,4,4,NaN
0,4,4,0.8237080657963236
0,4,4,NaN
0,4,4,0.4011103777394731
0,4,4,NaN
0,4,4,0.8827570506600473
0,4,4,NaN
0,4,4,NaN
0,4,4,NaN
0,4,4,0.20471143558157323
0,4,4,NaN
0,4,4,NaN
0,4,4,0.3118564916730534
0,4,4,NaN
0,4,4,NaN
0,4,4,NaN
0,4,4,NaN
0,4,4,0.21185071034975703
0,4,4,NaN
0,4,4,NaN
0,4,4,NaN
0,4,4,NaN
0,4,4,NaN
0,4,4,NaN
0,4,4,NaN
0,4,4,0.8006696868167401
0,4,4,NaN
0,4,4,0.13695747655435897
0,4,4,0.4475557477195245
0,4,4,NaN
0,4,4,0.8006696868167401
0,4,4,NaN
0,4,4,0.11735031057960332
0,4,4,NaN
0,4,4,NaN
0,4,4,0.31538291069709495
0,4,4,NaN
0,4,4,NaN
0,4,4,NaN
0,4,4,0.6717661875924231
0,4,4,NaN
0,4,4,0.8827570506600473
0,4,4,0.07361819104140599
0,4,4,NaN
0,4,4,NaN
0,4,4,0.49543559874771725
0,4,4,NaN
0,4,4,0.037204229490245815
0,4,4,NaN
0,4,4,0.5865196674031864
0,4,4,NaN
0,4,4,NaN
0,4,4,NaN
0,4,4,NaN
0,4,4,NaN
0,4,4,0.9335053885363508
0,4,4,0.11735031057960332
0,4,4,0.5417209770628222
0,4,4,NaN
0,4,4,NaN
0,4,4,0.631220773570296
0,4,4,NaN
0,4,4,NaN
0,4,4,NaN
0,4,4,NaN
0,4,4,0.933481309396083
0,4,4,NaN
0,4,4,0.5180838030620013
0,4,4,0.9001259164326818
0,4,4,NaN
0,4,4,NaN
0,4,4,NaN
0,4,4,NaN
0,4,4,0.1045240737737313
0,4,4,NaN
0,4,4,NaN
0,4,4,0.0630282359819421
0,4,4,0.2783692877527476
0,4,4,0.15021370908375797
0,4,4,NaN
0,4,4,0.631220773570296
0,4,4,0.9047853618061095
0,4,4,NaN
0,4,4,0.6717661875924231
0,4,4,NaN
0,4,4,NaN
0,4,4,0.21185071034975703
0,4,4,NaN
0,4,4,NaN
0,4,4,0.6717661875924231
0,4,4,NaN
0,4,4,NaN
0,4,4,0.8827570506600473
0,4,4,0.053556438906752275
0,4,4,0.8006696868167401
0,4,4,NaN
0,4,4,NaN
0,4,4,NaN
0,4,4,NaN
0,4,4,NaN
0,4,4,NaN
0,4,4,NaN
0,4,4,NaN
0,4,4,0.6717661875924231
0,4,4,NaN
0,4,4,NaN
0,4,4,NaN
0,4,4,NaN
0,4,4,NaN
0,4,4,NaN
0,4,4,NaN
3,0,3,NaN
3,0,3,NaN
1,2,3,0.5865196674031864
3,0,3,NaN
3,0,3,0.02787455723542097
2,1,3,NaN
3,0,3,NaN
3,0,3,NaN
2,1,3,NaN
3,0,3,0.4475557477195245
3,0,3,NaN
3,0,3,NaN
2,1,3,NaN
2,1,3,0.31538291069709495
3,0,3,0.08612589160650815
3,0,3,NaN
1,2,3,0.07770787174543889
3,0,3,NaN
3,0,3,NaN
2,1,3,NaN
3,0,3,NaN
1,2,3,0.8450772854630715
3,0,3,NaN
3,0,3,NaN
3,0,3,NaN
3,0,3,0.9001259164326818
2,1,3,NaN
3,0,3,NaN
1,2,3,NaN
3,0,3,0.08612589160650815
3,0,3,NaN
2,1,3,0.9024571572458361
3,0,3,NaN
2,1,3,NaN
3,0,3,NaN
3,0,3,NaN
3,0,3,NaN
3,0,3,NaN
1,2,3,NaN
1,2,3,0.7092033041123709
1,2,3,NaN
3,0,3,0.7128003214641632
3,0,3,NaN
3,0,3,NaN
3,0,3,0.3557510427918548
3,0,3,NaN
3,0,3,NaN
3,0,3,NaN
2,1,3,NaN
3,0,3,NaN
3,0,3,NaN
1,2,3,0.9663500458367166
3,0,3,NaN
3,0,3,NaN
3,0,3,0.3557510427918548
3,0,3,0.13695747655435897
3,0,3,NaN
1,2,3,0.7092033041123709
2,1,3,0.7869407257884593
3,0,3,NaN
1,2,3,NaN
3,0,3,NaN
3,0,3,NaN
2,1,3,0.49543559874771725
3,0,3,NaN
3,0,3,NaN
1,2,3,0.9272124484159221
2,1,3,0.13695747655435897
3,0,3,0.4011103777394731
2,1,3,0.0630282359819421
3,0,3,NaN
1,2,3,0.18348414923983342
1,2,3,0.8450772854630715
3,0,3,0.0630282359819421
1,2,3,0.9394569650180941
3,0,3,NaN
3,0,3,0.6717661875924231
3,0,3,0.08612589160650815
2,1,3,0.4694629602556395
3,0,3,NaN
2,1,3,NaN
3,0,3,NaN
3,0,3,NaN
2,1,3,NaN
1,2,3,NaN
2,1,3,0.49543559874771725
3,0,3,NaN
3,0,3,NaN
1,2,3,NaN
1,2,3,0.03831329598506057
2,1,3,NaN
3,0,3,0.03831329598506057
3,0,3,NaN
3,0,3,NaN
2,1,3,0.8006696868167401
3,0,3,NaN
2,1,3,NaN
2,1,3,NaN
1,2,3,NaN
3,0,3,NaN
3,0,3,NaN
2,1,3,NaN
3,0,3,0.07361819104140599
3,0,3,NaN
2,1,3,NaN
3,0,3,NaN
2,1,3,NaN
2,1,3,NaN
2,1,3,NaN
3,0,3,NaN
2,1,3,NaN
3,0,3,NaN
3,0,3,0.631220773570296
2,1,3,0.9223173026337197
3,0,3,NaN
3,0,3,0.7726517314264018
3,0,3,0.0630282359819421
2,1,3,NaN
3,0,3,0.9137791798943785
3,0,3,NaN
3,0,3,NaN
1,2,3,NaN
2,1,3,NaN
3,0,3,NaN
2,1,3,NaN
1,2,3,0.6176727143341546
2,1,3,NaN
2,1,3,0.01384068834559692
3,0,3,NaN
1,2,3,NaN
3,0,3,NaN
3,0,3,0.31538291069709495
3,0,3,NaN
2,1,3,0.032853775051729074
1,2,3,NaN
1,2,3,0.8827570506600473
1,2,3,0.9733084005106692
3,0,3,NaN
2,1,3,0.6516169525146253
3,0,3,NaN
3,0,3,0.11735031057960332
3,0,3,0.7726517314264018
3,0,3,NaN
3,0,3,NaN
3,0,3,0.31538291069709495
3,0,3,NaN
3,0,3,NaN
3,0,3,0.0630282359819421
2,1,3,0.08612589160650815
3,0,3,NaN
1,2,3,NaN
3,0,3,NaN
3,0,3,0.10032275229784271
1,2,3,0.49543559874771725
1,2,3,0.817945423828407
3,0,3,0.9001259164326818
1,2,3,NaN
3,0,3,0.631220773570296
3,0,3,NaN
1,2,3,0.31538291069709495
3,0,3,0.8237080657963236
2,1,3,0.3557510427918548
3,0,3,NaN
1,2,3,0.011335119107957231
3,0,3,NaN
3,0,3,NaN
3,0,3,NaN
3,0,3,NaN
2,1,3,NaN
2,1,3,0.9272124484159221
3,0,3,NaN
3,0,3,NaN
3,0,3,NaN
3,0,3,NaN
3,0,3,0.9399889673842494
2,1,3,0.38951883007049515
1,2,3,NaN
3,0,3,0.9272124484159221
2,1,3,NaN
2,1,3,0.15938727449707998
3,0,3,NaN
3,0,3,0.0025709660283289135
1,2,3,NaN
3,0,3,0.6717661875924231
2,1,3,NaN
1,2,3,NaN
3,0,3,0.865856228509367
3,0,3,NaN
3,0,3,NaN
2,1,3,NaN
2,1,3,NaN
3,0,3,0.11735031057960332
3,0,3,NaN
3,0,3,0.22973875429216498
1,2,3,NaN
3,0,3,0.8450772854630715
3,0,3,NaN
3,0,3,NaN
3,0,3,0.15938727449707998
3,0,3,0.8450772854630715
3,0,3,NaN
3,0,3,NaN
3,0,3,NaN
3,0,3,NaN
3,0,3,NaN
2,1,3,NaN
3,0,3,0.631220773570296
1,2,3,NaN
2,1,3,0.10032275229784271
3,0,3,NaN
2,1,3,NaN
3,0,3,NaN
1,2,3,0.8079928207706086
3,0,3,0.4011103777394731
1,2,3,NaN
3,0,3,NaN
2,1,3,NaN
2,1,3,NaN
3,0,3,0.8006696868167401
3,0,3,NaN
3,0,3,NaN
3,0,3,NaN
3,0,3,NaN
3,0,3,NaN
3,0,3,0.9272124484159221
3,0,3,0.4475557477195245
3,0,3,NaN
3,0,3,NaN
2,1,3,0.7935477201410412
3,0,3,NaN
3,0,3,NaN
2,1,3,0.7092033041123709
3,0,3,0.11735031057960332
3,0,3,NaN
2,1,3,0.03831329598506057
3,0,3,NaN
3,0,3,NaN
3,0,3,NaN
3,0,3,0.9137791798943785
3,0,3,NaN
2,1,3,NaN
3,0,3,0.7726517314264018
3,0,3,NaN
3,0,3,0.5865196674031864
3,0,3,NaN
3,0,3,NaN
3,0,3,NaN
3,0,3,NaN
2,1,3,NaN
3,0,3,1.2115013117134035e-5
1,2,3,NaN
2,1,3,NaN
3,0,3,0.02787455723542097
1,2,3,NaN
1,2,3,NaN
2,1,3,NaN
1,2,3,NaN
2,1,3,NaN
2,1,3,NaN
2,1,3,NaN
3,0,3,0.9943152957847301
3,0,3,NaN
3,0,3,0.21369630969567505
3,0,3,NaN
3,0,3,NaN
2,1,3,NaN
3,0,3,NaN
3,0,3,NaN
3,0,3,0.5417209770628222
2,1,3,NaN
3,0,3,NaN
3,0,3,NaN
2,1,3,NaN
3,0,3,NaN
3,0,3,0.49543559874771725
2,1,3,0.5417209770628222
1,2,3,NaN
1,2,3,0.546152762799012
2,1,3,NaN
2,1,3,NaN
1,2,3,0.4011103777394731
3,0,3,NaN
2,1,3,NaN
2,1,3,NaN
3,0,3,NaN
3,0,3,0.0630282359819421
3,0,3,NaN
3,0,3,NaN
3,0,3,NaN
1,2,3,NaN
3,0,3,NaN
3,0,3,NaN
3,0,3,NaN
3,0,3,0.8006696868167401
3,0,3,0.7423423413009405
2,1,3,NaN
1,2,3,0.08612589160650815
3,0,3,NaN
3,0,3,0.023437746643316073
2,1,3,0.21185071034975703
3,0,3,NaN
3,0,3,NaN
2,1,3,NaN
3,0,3,NaN
2,1,3,NaN
3,0,3,0.055690365552000486
3,0,3,NaN
3,0,3,NaN
3,0,3,0.4011103777394731
3,0,3,0.02787455723542097
3,0,3,0.3557510427918548
3,0,3,NaN
2,1,3,NaN
2,1,3,NaN
3,0,3,0.8652322931034484
3,0,3,NaN
3,0,3,NaN
2,1,3,NaN
2,1,3,NaN
3,0,3,NaN
3,0,3,NaN
3,0,3,NaN
3,0,3,NaN
3,0,3,0.9137791798943785
3,0,3,NaN
3,0,3,NaN
3,0,3,NaN
3,0,3,NaN
1,2,3,NaN
3,0,3,NaN
3,0,3,0.5865196674031864
1,2,3,NaN
2,1,3,NaN
3,0,3,0.6717661875924231
1,2,3,0.3557510427918548
3,0,3,0.009461474583863828
2,1,3,0.13695747655435897
3,0,3,NaN
3,0,3,0.8006696868167401
3,0,3,NaN
3,0,3,NaN
3,0,3,NaN
3,0,3,NaN
3,0,3,NaN
2,1,3,NaN
2,1,3,0.08612589160650815
2,1,3,NaN
3,0,3,NaN
2,1,3,NaN
2,1,3,0.6499073937393419
3,0,3,NaN
3,0,3,NaN
3,0,3,NaN
2,1,3,NaN
3,0,3,NaN
3,0,3,NaN
1,2,3,0.032853775051729074
3,0,3,NaN
3,0,3,NaN
3,0,3,0.5865196674031864
2,1,3,NaN
2,1,3,NaN
1,2,3,0.7092033041123709
3,0,3,NaN
1,2,3,0.49543559874771725
3,0,3,NaN
3,0,3,NaN
3,0,3,NaN
3,0,3,NaN
3,0,3,NaN
3,0,3,0.24290906152647984
3,0,3,NaN
3,0,3,NaN
3,0,3,NaN
3,0,3,0.7092033041123709
3,0,3,0.5142466969961698
3,0,3,0.7726517314264018
2,1,3,0.03831329598506057
2,1,3,0.96010034969802
3,0,3,0.7092033041123709
3,0,3,NaN
2,1,3,0.5865196674031864
2,1,3,NaN
3,0,3,0.5865196674031864
2,1,3,0.49543559874771725
2,1,3,NaN
1,2,3,0.8237080657963236
3,0,3,NaN
3,0,3,0.8827570506600473
3,0,3,0.5085888036623277
2,1,3,NaN
3,0,3,NaN
3,0,3,NaN
3,0,3,NaN
3,0,3,NaN
3,0,3,NaN
2,1,3,NaN
2,1,3,NaN
3,0,3,NaN
3,0,3,NaN
3,0,3,NaN
1,2,3,NaN
3,0,3,NaN
3,0,3,NaN
2,1,3,0.21185071034975703
3,0,3,NaN
3,0,3,NaN
3,0,3,NaN
3,0,3,0.4475557477195245
3,0,3,NaN
2,1,3,0.5865196674031864
1,2,3,NaN
1,2,3,0.07366646274388336
3,0,3,0.02787455723542097
3,0,3,NaN
1,2,3,0.00021097297297318395
3,0,3,NaN
1,2,3,0.3921225773990182
2,1,3,NaN
2,1,3,0.2783692877527476
3,0,3,NaN
3,0,3,NaN
3,0,3,0.31538291069709495
3,0,3,NaN
3,0,3,NaN
2,1,3,NaN
3,0,3,NaN
3,0,3,NaN
1,2,3,0.8237080657963236
3,0,3,NaN
3,0,3,0.04531425270758149
1,2,3,NaN
1,2,3,NaN
3,0,3,NaN
3,0,3,NaN
2,1,3,0.9590286414731528
3,0,3,0.32135031818130005
3,0,3,NaN
2,1,3,NaN
3,0,3,NaN
3,0,3,0.4011103777394731
2,1,3,NaN
3,0,3,NaN
3,0,3,NaN
2,1,3,0.04531425270758149
3,0,3,NaN
1,2,3,NaN
3,0,3,0.18348414923983342
3,0,3,0.10032275229784271
2,1,3,NaN
3,0,3,0.6163604147416746
3,0,3,0.8237080657963236
1,2,3,0.3557510427918548
1,2,3,0.3392223006768807
2,1,3,NaN
2,1,3,0.21185071034975703
2,1,3,NaN
3,0,3,NaN
3,0,3,0.6717661875924231
3,0,3,0.5865196674031864
2,1,3,NaN
2,1,3,NaN
3,0,3,NaN
1,2,3,NaN
3,0,3,NaN
2,1,3,NaN
3,0,3,NaN
3,0,3,NaN
2,1,3,0.7423423413009405
3,0,3,NaN
3,0,3,NaN
1,2,3,NaN
3,0,3,0.9001259164326818
2,1,3,0.5427791979508634
3,0,3,NaN
3,0,3,0.00019677433250991374
3,0,3,NaN
1,2,3,NaN
2,1,3,NaN
1,2,3,0.7423423413009405
3,0,3,0.8006696868167401
3,0,3,0.7092033041123709
1,2,3,NaN
3,0,3,0.631220773570296
2,1,3,NaN
3,0,3,0.5417209770628222
3,0,3,NaN
2,1,3,NaN
1,2,3,NaN
1,2,3,NaN
3,0,3,0.35296632074941847
3,0,3,0.33430800744614414
3,0,3,NaN
2,1,3,0.10528657409123422
1,2,3,NaN
1,2,3,NaN
2,1,3,NaN
3,0,3,0.24290906152647984
3,0,3,0.49543559874771725
3,0,3,NaN
3,0,3,NaN
3,0,3,0.2750595555450524
2,1,3,NaN
1,2,3,NaN
3,0,3,NaN
3,0,3,NaN
3,0,3,NaN
2,1,3,NaN
3,0,3,NaN
2,1,3,NaN
3,0,3,NaN
2,1,3,NaN
1,2,3,0.5417209770628222
2,1,3,NaN
2,1,3,NaN
3,0,3,NaN
2,1,3,0.49543559874771725
3,0,3,NaN
2,1,3,NaN
3,0,3,NaN
3,0,3,NaN
2,1,3,NaN
3,0,3,0.9493033010224405
3,0,3,NaN
2,1,3,0.032853775051729074
3,0,3,NaN
2,1,3,NaN
3,0,3,NaN
3,0,3,0.5417209770628222
3,0,3,NaN
2,1,3,0.7726517314264018
1,2,3,NaN
3,0,3,0.023437746643316073
1,2,3,NaN
3,0,3,NaN
3,0,3,NaN
3,0,3,NaN
2,1,3,0.46786252112749976
3,0,3,NaN
3,0,3,0.7423423413009405
3,0,3,NaN
3,0,3,0.011335119107957231
3,0,3,NaN
3,0,3,0.10032275229784271
3,0,3,NaN
3,0,3,NaN
2,1,3,0.2783692877527476
3,0,3,0.5417209770628222
3,0,3,NaN
3,0,3,NaN
3,0,3,NaN
3,0,3,NaN
2,1,3,0.18348414923983342
3,0,3,0.18348414923983342
2,1,3,NaN
3,0,3,0.10032275229784271
2,1,3,0.596977664396597
3,0,3,0.7726517314264018
3,0,3,NaN
3,0,3,NaN
2,1,3,NaN
1,2,3,NaN
2,1,3,0.09399892993747164
1,2,3,NaN
3,0,3,0.4475557477195245
3,0,3,0.004243052065979369
2,1,3,NaN
2,1,3,NaN
2,1,3,NaN
3,0,3,NaN
3,0,3,NaN
3,0,3,0.1287645457059199
3,0,3,NaN
3,0,3,0.3557510427918548
3,0,3,NaN
3,0,3,0.016656938369781698
3,0,3,NaN
2,1,3,NaN
3,0,3,0.7423423413009405
1,2,3,NaN
2,1,3,NaN
2,1,3,NaN
3,0,3,NaN
2,1,3,NaN
2,1,3,0.9916966421839661
2,1,3,NaN
3,0,3,NaN
1,2,3,0.7726517314264018
2,1,3,NaN
3,0,3,NaN
1,2,3,0.7457471485794999
3,0,3,NaN
3,0,3,NaN
3,0,3,NaN
3,0,3,NaN
2,1,3,NaN
3,0,3,0.9590286414731528
3,0,3,0.9841738135856081
1,2,3,NaN
3,0,3,0.8079928207706086
2,1,3,NaN
2,1,3,NaN
3,0,3,0.31538291069709495
2,1,3,NaN
3,0,3,NaN
3,0,3,NaN
3,0,3,NaN
2,1,3,0.7726517314264018
3,0,3,NaN
3,0,3,0.4011103777394731
3,0,3,NaN
3,0,3,NaN
2,1,3,0.6717661875924231
2,1,3,0.5865196674031864
3,0,3,NaN
3,0,3,0.03831329598506057
2,1,3,NaN
3,0,3,NaN
3,0,3,0.3257757903334994
1,2,3,NaN
3,0,3,NaN
3,0,3,0.0630282359819421
2,1,3,0.631220773570296
2,1,3,NaN
3,0,3,NaN
3,0,3,0.9493033010224405
1,2,3,0.8450772854630715
1,2,3,NaN
3,0,3,NaN
2,1,3,NaN
3,0,3,NaN
3,0,3,NaN
2,1,3,0.7423423413009405
3,0,3,NaN
3,0,3,0.21185071034975703
3,0,3,0.026202796250139316
3,0,3,NaN
3,0,3,0.5417209770628222
2,1,3,0.48796662186443346
3,0,3,NaN
3,0,3,NaN
1,2,3,NaN
3,0,3,0.2783692877527476
3,0,3,NaN
1,2,3,NaN
2,1,3,0.12037203525664658
3,0,3,0.24290906152647984
2,1,3,NaN
2,1,3,NaN
3,0,3,NaN
3,0,3,NaN
3,0,3,NaN
3,0,3,0.009325005405405363
2,1,3,NaN
3,0,3,NaN
3,0,3,0.3296496747755379
3,0,3,NaN
3,0,3,NaN
2,1,3,NaN
2,1,3,NaN
2,1,3,0.933481309396083
3,0,3,NaN
1,2,3,NaN
1,2,3,0.03831329598506057
2,1,3,0.011335119107957231
3,0,3,NaN
3,0,3,NaN
3,0,3,NaN
3,0,3,0.7092033041123709
3,0,3,NaN
3,0,3,0.007349342594627595
2,1,3,NaN
1,2,3,NaN
2,1,3,NaN
3,0,3,NaN
2,1,3,NaN
3,0,3,NaN
1,2,3,0.7726517314264018
1,2,3,NaN
3,0,3,NaN
3,0,3,NaN
1,2,3,NaN
3,0,3,0.7092033041123709
2,1,3,0.03831329598506057
2,1,3,0.5417209770628222
2,1,3,NaN
3,0,3,NaN
1,2,3,0.49543559874771725
2,1,3,NaN
1,2,3,NaN
2,1,3,0.0630282359819421
2,1,3,0.8006696868167401
2,1,3,NaN
2,1,3,0.7092033041123709
3,0,3,NaN
3,0,3,NaN
3,0,3,NaN
3,0,3,0.9394569650180941
3,0,3,NaN
1,2,3,NaN
2,1,3,NaN
2,1,3,NaN
3,0,3,NaN
3,0,3,NaN
2,1,3,NaN
1,2,3,0.08612589160650815
3,0,3,NaN
3,0,3,NaN
3,0,3,NaN
3,0,3,NaN
3,0,3,NaN
2,1,3,NaN
3,0,3,NaN
3,0,3,NaN
3,0,3,0.019796251803769704
3,0,3,NaN
3,0,3,NaN
2,1,3,NaN
3,0,3,0.2783692877527476
1,2,3,0.2412147488524764
3,0,3,NaN
3,0,3,NaN
2,1,3,NaN
2,1,3,0.005959078234642705
3,0,3,0.02787455723542097
3,0,3,NaN
3,0,3,NaN
2,1,3,NaN
3,0,3,NaN
2,1,3,0.0051653647514528205
3,0,3,NaN
2,1,3,NaN
3,0,3,NaN
3,0,3,NaN
3,0,3,NaN
3,0,3,NaN
3,0,3,NaN
2,1,3,0.10032275229784271
3,0,3,0.21185071034975703
3,0,3,NaN
3,0,3,NaN
3,0,3,0.8827570506600473
3,0,3,NaN
3,0,3,0.631220773570296
2,1,3,NaN
3,0,3,NaN
3,0,3,0.8954942781772826
3,0,3,0.9733084005106692
3,0,3,NaN
3,0,3,NaN
2,1,3,0.24290906152647984
3,0,3,NaN
3,0,3,0.14920627363271752
2,1,3,0.9516380417915988
3,0,3,NaN
1,2,3,NaN
2,1,3,0.5417209770628222
3,0,3,NaN
1,2,3,0.4475557477195245
1,2,3,NaN
3,0,3,NaN
2,1,3,0.8450772854630715
3,0,3,NaN
3,0,3,NaN
3,0,3,NaN
3,0,3,0.03542250385965071
2,1,3,0.3846348137518202
3,0,3,0.631220773570296
3,0,3,NaN
3,0,3,0.31538291069709495
3,0,3,NaN
1,2,3,NaN
1,2,3,0.31538291069709495
1,2,3,NaN
2,1,3,NaN
3,0,3,NaN
2,1,3,0.6717661875924231
3,0,3,0.4475557477195245
2,1,3,0.4011103777394731
2,1,3,NaN
3,0,3,0.10032275229784271
2,1,3,NaN
3,0,3,NaN
3,0,3,NaN
3,0,3,NaN
2,1,3,0.8827570506600473
3,0,3,NaN
3,0,3,0.6717661875924231
3,0,3,NaN
2,1,3,NaN
3,0,3,0.01384068834559692
2,1,3,0.31538291069709495
2,1,3,0.8827570506600473
3,0,3,NaN
2,1,3,NaN
3,0,3,NaN
2,1,3,0.02787455723542097
2,1,3,NaN
3,0,3,0.631220773570296
3,0,3,NaN
2,1,3,NaN
1,2,3,0.5865196674031864
3,0,3,NaN
3,0,3,NaN
3,0,3,NaN
2,1,3,NaN
3,0,3,NaN
3,0,3,NaN
2,1,3,NaN
3,0,3,0.49543559874771725
3,0,3,NaN
2,1,3,0.11735031057960332
2,1,3,0.021240048737931935
2,1,3,NaN
2,1,3,0.06585764142406583
3,0,3,NaN
1,2,3,NaN
3,0,3,0.7423423413009405
3,0,3,0.8450772854630715
3,0,3,NaN
2,1,3,NaN
3,0,3,0.10032275229784271
1,2,3,NaN
3,0,3,0.9394569650180941
3,0,3,0.7726517314264018
1,2,3,NaN
2,1,3,0.11735031057960332
3,0,3,NaN
3,0,3,NaN
3,0,3,NaN
3,0,3,NaN
3,0,3,NaN
3,0,3,NaN
3,0,3,NaN
3,0,3,0.001105213795509275
2,1,3,0.10032275229784271
3,0,3,0.01062635796373852
1,2,3,NaN
2,1,3,NaN
2,1,3,NaN
2,1,3,NaN
3,0,3,NaN
3,0,3,NaN
3,0,3,NaN
3,0,3,NaN
3,0,3,0.053556438906752275
3,0,3,0.4475557477195245
3,0,3,0.9841738135856081
1,2,3,NaN
3,0,3,0.31538291069709495
1,2,3,NaN
3,0,3,NaN
1,2,3,0.8827570506600473
3,0,3,NaN
3,0,3,0.49543559874771725
1,2,3,0.999382148251637
3,0,3,NaN
2,1,3,NaN
2,1,3,0.6717661875924231
3,0,3,NaN
2,1,3,0.5865196674031864
3,0,3,NaN
3,0,3,NaN
2,1,3,NaN
2,1,3,NaN
3,0,3,0.13695747655435897
3,0,3,0.6717661875924231
2,1,3,NaN
2,1,3,0.7726517314264018
2,1,3,NaN
3,0,3,NaN
3,0,3,0.4475557477195245
2,1,3,0.5865196674031864
3,0,3,0.49543559874771725
2,1,3,NaN
3,0,3,NaN
3,0,3,0.011335119107957231
3,0,3,0.2687988404175689
3,0,3,NaN
2,1,3,NaN
2,1,3,0.19472917649073473
3,0,3,NaN
2,1,3,NaN
3,0,3,NaN
2,1,3,NaN
1,2,3,NaN
2,1,3,NaN
3,0,3,NaN
1,2,3,0.10032275229784271
3,0,3,NaN
3,0,3,NaN
2,1,3,NaN
3,0,3,0.053556438906752275
2,1,3,0.9733084005106692
3,0,3,NaN
3,0,3,NaN
3,0,3,NaN
3,0,3,0.2783692877527476
3,0,3,NaN
2,1,3,NaN
3,0,3,NaN
2,1,3,NaN
3,0,3,0.8006696868167401
2,1,3,0.24290906152647984
3,0,3,0.7092033041123709
3,0,3,NaN
3,0,3,NaN
3,0,3,NaN
2,1,3,0.6717661875924231
3,0,3,0.016656938369781698
1,2,3,0.2783692877527476
3,0,3,0.15938727449707998
2,1,3,0.7423423413009405
3,0,3,0.8237080657963236
2,1,3,0.13695747655435897
2,1,3,NaN
2,1,3,NaN
3,0,3,NaN
3,0,3,NaN
3,0,3,NaN
3,0,3,NaN
2,1,3,NaN
3,0,3,NaN
3,0,3,NaN
3,0,3,NaN
3,0,3,NaN
3,0,3,NaN
3,0,3,0.5865196674031864
3,0,3,NaN
3,0,3,0.5865196674031864
3,0,3,0.18348414923983342
1,2,3,NaN
3,0,3,NaN
3,0,3,NaN
3,0,3,0.7423423413009405
3,0,3,NaN
2,1,3,0.011335119107957231
3,0,3,0.5865196674031864
2,1,3,0.9001259164326818
3,0,3,NaN
3,0,3,NaN
3,0,3,NaN
3,0,3,NaN
3,0,3,NaN
3,0,3,NaN
1,2,3,0.9394569650180941
2,1,3,NaN
3,0,3,NaN
3,0,3,NaN
3,0,3,NaN
3,0,3,NaN
3,0,3,NaN
3,0,3,0.9001259164326818
3,0,3,0.03831329598506057
3,0,3,NaN
2,1,3,NaN
3,0,3,NaN
3,0,3,NaN
3,0,3,0.5183374556419776
3,0,3,0.05618513065833065
2,1,3,0.0025709660283289135
2,1,3,NaN
2,1,3,NaN
2,1,3,NaN
2,1,3,NaN
3,0,3,0.3557510427918548
2,1,3,0.8652322931034484
2,1,3,NaN
3,0,3,0.49543559874771725
2,1,3,NaN
3,0,3,0.7092033041123709
3,0,3,NaN
1,2,3,NaN
1,2,3,0.8954942781772826
1,2,3,0.5940785884460495
3,0,3,0.7092033041123709
2,1,3,NaN
3,0,3,NaN
3,0,3,0.21185071034975703
2,1,3,NaN
3,0,3,NaN
3,0,3,NaN
3,0,3,NaN
2,1,3,NaN
3,0,3,NaN
3,0,3,NaN
2,1,3,NaN
3,0,3,0.631220773570296
2,1,3,0.4475557477195245
3,0,3,NaN
3,0,3,NaN
3,0,3,NaN
2,1,3,0.5417209770628222
3,0,3,0.31538291069709495
3,0,3,NaN
3,0,3,NaN
1,2,3,NaN
3,0,3,NaN
3,0,3,NaN
3,0,3,NaN
3,0,3,0.8450772854630715
2,1,3,NaN
3,0,3,NaN
3,0,3,NaN
3,0,3,NaN
3,0,3,NaN
3,0,3,NaN
3,0,3,0.7726517314264018
3,0,3,NaN
2,1,3,NaN
3,0,3,NaN
3,0,3,NaN
3,0,3,NaN
3,0,3,NaN
2,1,3,0.03831329598506057
1,2,3,0.8237080657963236
2,1,3,NaN
2,1,3,NaN
3,0,3,0.49543559874771725
2,1,3,NaN
3,0,3,0.9001259164326818
3,0,3,NaN
3,0,3,NaN
3,0,3,0.03831329598506057
2,1,3,0.006162005486132496
3,0,3,0.8237080657963236
3,0,3,NaN
3,0,3,NaN
2,1,3,NaN
3,0,3,NaN
1,2,3,0.5417209770628222
3,0,3,NaN
1,2,3,NaN
3,0,3,NaN
2,1,3,NaN
3,0,3,NaN
1,2,3,0.4475557477195245
3,0,3,NaN
2,1,3,NaN
1,2,3,NaN
2,1,3,NaN
3,0,3,NaN
3,0,3,NaN
2,1,3,NaN
2,1,3,NaN
3,0,3,0.13695747655435897
3,0,3,NaN
2,1,3,NaN
2,1,3,NaN
2,1,3,NaN
3,0,3,NaN
3,0,3,0.009325005405405363
2,1,3,NaN
2,1,3,NaN
3,0,3,0.13695747655435897
3,0,3,NaN
1,2,3,NaN
2,1,3,0.4475557477195245
3,0,3,NaN
3,0,3,NaN
2,1,3,0.3557510427918548
1,2,3,0.8237080657963236
2,1,3,NaN
3,0,3,NaN
3,0,3,NaN
2,1,3,NaN
2,1,3,0.631220773570296
3,0,3,NaN
1,2,3,0.15938727449707998
3,0,3,NaN
3,0,3,NaN
3,0,3,0.7425636798859709
2,1,3,0.2783692877527476
2,1,3,NaN
3,0,3,NaN
3,0,3,NaN
3,0,3,NaN
3,0,3,NaN
2,1,3,0.8652322931034484
3,0,3,NaN
2,1,3,NaN
2,1,3,NaN
3,0,3,NaN
3,0,3,0.15797446565673084
1,2,3,0.4011103777394731
3,0,3,NaN
3,0,3,NaN
3,0,3,NaN
3,0,3,0.11448489346761681
3,0,3,0.12616282631084808
3,0,3,NaN
3,0,3,NaN
3,0,3,NaN
3,0,3,NaN
1,2,3,NaN
3,0,3,NaN
1,2,3,NaN
2,1,3,NaN
3,0,3,0.0006064594894567663
3,0,3,NaN
3,0,3,NaN
2,1,3,NaN
3,0,3,NaN
3,0,3,NaN
2,1,3,NaN
2,1,3,NaN
3,0,3,NaN
3,0,3,NaN
1,2,3,NaN
1,2,3,NaN
3,0,3,0.9394569650180941
3,0,3,0.7423423413009405
2,1,3,NaN
1,2,3,NaN
2,1,3,NaN
3,0,3,NaN
3,0,3,NaN
2,1,3,0.24290906152647984
3,0,3,0.3557510427918548
3,0,3,NaN
1,2,3,0.13695747655435897
3,0,3,NaN
3,0,3,NaN
3,0,3,NaN
3,0,3,0.7423423413009405
3,0,3,0.24290906152647984
1,2,3,0.7423423413009405
1,2,3,NaN
3,0,3,0.7423423413009405
3,0,3,NaN
3,0,3,NaN
3,0,3,NaN
2,1,3,0.3557510427918548
3,0,3,NaN
1,2,3,0.8237080657963236
3,0,3,NaN
2,1,3,NaN
2,1,3,NaN
3,0,3,NaN
3,0,3,NaN
2,1,3,0.9599110656894589
2,1,3,0.5865196674031864
1,2,3,NaN
3,0,3,NaN
3,0,3,NaN
3,0,3,NaN
2,1,3,0.9999184769128274
3,0,3,NaN
3,0,3,NaN
2,1,3,NaN
3,0,3,NaN
3,0,3,NaN
2,1,3,0.3557510427918548
3,0,3,NaN
3,0,3,0.6717661875924231
3,0,3,NaN
3,0,3,0.49543559874771725
2,1,3,NaN
3,0,3,NaN
2,1,3,NaN
1,2,3,NaN
3,0,3,NaN
2,1,3,0.9663500458367166
3,0,3,NaN
3,0,3,0.8006696868167401
2,1,3,NaN
3,0,3,0.7423423413009405
3,0,3,NaN
3,0,3,0.18348414923983342
3,0,3,0.4475557477195245
3,0,3,NaN
2,1,3,NaN
2,1,3,NaN
3,0,3,NaN
3,0,3,NaN
3,0,3,0.631220773570296
1,2,3,NaN
2,1,3,0.49543559874771725
3,0,3,NaN
3,0,3,NaN
2,1,3,NaN
2,1,3,NaN
2,1,3,0.4011103777394731
3,0,3,0.7092033041123709
2,1,3,0.7423423413009405
2,1,3,NaN
3,0,3,NaN
3,0,3,NaN
2,1,3,0.10032275229784271
3,0,3,NaN
1,2,3,NaN
2,1,3,NaN
3,0,3,NaN
2,1,3,NaN
2,1,3,NaN
3,0,3,0.15938727449707998
3,0,3,NaN
3,0,3,NaN
3,0,3,NaN
3,0,3,0.4475557477195245
3,0,3,NaN
3,0,3,NaN
3,0,3,NaN
3,0,3,0.24290906152647984
3,0,3,NaN
3,0,3,NaN
2,1,3,NaN
3,0,3,NaN
2,1,3,NaN
3,0,3,NaN
3,0,3,NaN
3,0,3,0.5417209770628222
3,0,3,0.8006696868167401
3,0,3,NaN
3,0,3,NaN
2,1,3,NaN
3,0,3,NaN
3,0,3,NaN
3,0,3,0.7680372377237703
3,0,3,NaN
3,0,3,NaN
3,0,3,NaN
3,0,3,0.6717661875924231
3,0,3,NaN
2,1,3,0.12149588864000452
2,1,3,NaN
3,0,3,NaN
3,0,3,0.18348414923983342
2,1,3,0.8237080657963236
3,0,3,0.7092033041123709
3,0,3,0.9559049769323851
2,1,3,NaN
3,0,3,NaN
2,1,3,NaN
3,0,3,0.009325005405405363
1,2,3,0.03831329598506057
3,0,3,0.07842457588308151
3,0,3,0.3557510427918548
3,0,3,0.21185071034975703
3,0,3,0.0019397943444730912
3,0,3,NaN
3,0,3,NaN
2,1,3,NaN
2,1,3,NaN
3,0,3,0.8827570506600473
3,0,3,0.2783692877527476
2,1,3,0.9916966421839661
3,0,3,0.0015506799637766114
3,0,3,NaN
3,0,3,0.4475557477195245
2,1,3,NaN
2,1,3,0.7726517314264018
3,0,3,0.3619139111310755
2,1,3,0.24290906152647984
3,0,3,0.3557510427918548
3,0,3,NaN
1,2,3,NaN
3,0,3,NaN
3,0,3,NaN
3,0,3,NaN
3,0,3,NaN
3,0,3,NaN
3,0,3,0.15938727449707998
2,1,3,NaN
2,1,3,0.4475557477195245
3,0,3,NaN
1,2,3,0.5417209770628222
3,0,3,NaN
3,0,3,0.053556438906752275
2,1,3,NaN
3,0,3,NaN
3,0,3,0.4011103777394731
3,0,3,0.8652322931034484
3,0,3,NaN
2,1,3,NaN
3,0,3,0.49543559874771725
3,0,3,NaN
3,0,3,NaN
3,0,3,NaN
3,0,3,NaN
1,2,3,NaN
3,0,3,NaN
1,2,3,NaN
3,0,3,NaN
3,0,3,NaN
2,1,3,NaN
3,0,3,NaN
2,1,3,NaN
3,0,3,NaN
2,1,3,NaN
3,0,3,NaN
3,0,3,NaN
1,2,3,NaN
3,0,3,NaN
3,0,3,0.0630282359819421
3,0,3,NaN
2,1,3,NaN
3,0,3,0.04531425270758149
3,0,3,NaN
3,0,3,0.9789190809366978
2,1,3,NaN
3,0,3,NaN
2,1,3,NaN
3,0,3,0.8237080657963236
3,0,3,0.400762163914378
3,0,3,NaN
3,0,3,0.9253817549007111
3,0,3,0.2783692877527476
2,1,3,NaN
3,0,3,NaN
3,0,3,NaN
2,1,3,0.8330817209472989
3,0,3,NaN
3,0,3,NaN
1,2,3,NaN
3,0,3,0.9590286414731528
3,0,3,NaN
3,0,3,NaN
3,0,3,0.10032275229784271
3,0,3,NaN
2,1,3,0.08612589160650815
3,0,3,NaN
3,0,3,NaN
1,2,3,NaN
3,0,3,NaN
3,0,3,NaN
2,1,3,NaN
3,0,3,0.2783692877527476
3,0,3,0.8006696868167401
2,1,3,NaN
3,0,3,0.24290906152647984
2,1,3,0.5417209770628222
3,0,3,0.7423423413009405
3,0,3,NaN
3,0,3,0.2942871780591215
3,0,3,NaN
3,0,3,NaN
2,1,3,NaN
3,0,3,NaN
2,1,3,NaN
1,2,3,NaN
1,2,3,NaN
1,2,3,0.10032275229784271
2,1,3,0.13695747655435897
3,0,3,0.053556438906752275
2,1,3,NaN
3,0,3,NaN
3,0,3,NaN
3,0,3,0.7423423413009405
3,0,3,NaN
3,0,3,NaN
3,0,3,NaN
3,0,3,NaN
3,0,3,NaN
2,1,3,NaN
3,0,3,NaN
3,0,3,NaN
2,1,3,0.8006696868167401
2,1,3,0.18348414923983342
3,0,3,NaN
2,1,3,NaN
2,1,3,0.4011103777394731
2,1,3,0.6717661875924231
3,0,3,NaN
3,0,3,NaN
2,1,3,NaN
3,0,3,NaN
2,1,3,0.4425746163028472
3,0,3,NaN
3,0,3,0.9663500458367166
3,0,3,NaN
2,1,3,NaN
2,1,3,NaN
3,0,3,0.5865196674031864
3,0,3,NaN
3,0,3,0.8827570506600473
2,1,3,0.2668400346081453
3,0,3,NaN
3,0,3,NaN
1,2,3,0.4759859066755086
2,1,3,NaN
3,0,3,NaN
2,1,3,NaN
3,0,3,NaN
2,1,3,0.07361819104140599
2,1,3,NaN
1,2,3,0.7038570448214456
3,0,3,NaN
2,1,3,NaN
3,0,3,0.05869292438052602
2,1,3,NaN
3,0,3,0.31538291069709495
2,1,3,NaN
3,0,3,NaN
2,1,3,0.6717661875924231
3,0,3,NaN
2,1,3,0.5865196674031864
3,0,3,NaN
1,2,3,NaN
2,1,3,NaN
3,0,3,0.9001259164326818
3,0,3,NaN
3,0,3,NaN
1,2,3,0.07361819104140599
2,1,3,0.21185071034975703
3,0,3,NaN
1,2,3,NaN
2,1,3,NaN
3,0,3,NaN
1,2,3,NaN
1,2,3,NaN
3,0,3,NaN
3,0,3,NaN
3,0,3,0.5417209770628222
3,0,3,0.9263616469895146
2,1,3,NaN
3,0,3,NaN
3,0,3,NaN
2,1,3,NaN
3,0,3,NaN
1,2,3,NaN
2,1,3,NaN
3,0,3,NaN
3,0,3,NaN
3,0,3,NaN
2,1,3,0.9663500458367166
3,0,3,NaN
3,0,3,NaN
2,1,3,NaN
3,0,3,NaN
2,1,3,0.7726517314264018
2,1,3,NaN
1,2,3,NaN
3,0,3,0.5417209770628222
2,1,3,NaN
2,1,3,0.13695747655435897
3,0,3,NaN
3,0,3,0.03831329598506057
2,1,3,NaN
3,0,3,NaN
3,0,3,0.9493033010224405
1,2,3,0.11735031057960332
2,1,3,NaN
3,0,3,NaN
3,0,3,NaN
3,0,3,NaN
2,1,3,NaN
3,0,3,0.0630282359819421
3,0,3,0.4475557477195245
2,1,3,0.9663500458367166
2,1,3,0.6717661875924231
3,0,3,0.20974189114913813
3,0,3,0.9001259164326818
3,0,3,NaN
2,1,3,0.9841738135856081
3,0,3,NaN
3,0,3,NaN
2,1,3,NaN
2,1,3,NaN
3,0,3,NaN
3,0,3,NaN
2,1,3,0.8450772854630715
3,0,3,NaN
1,2,3,0.8006696868167401
1,2,3,NaN
2,1,3,NaN
3,0,3,NaN
2,1,3,0.7092033041123709
2,1,3,NaN
3,0,3,NaN
2,1,3,0.10032275229784271
2,1,3,NaN
1,2,3,0.6341923028368341
2,1,3,NaN
2,1,3,NaN
1,2,3,NaN
2,1,3,NaN
2,1,3,NaN
2,1,3,0.18325456369763338
3,0,3,NaN
3,0,3,0.7423423413009405
1,2,3,0.8006586145440605
3,0,3,NaN
3,0,3,NaN
3,0,3,0.7423423413009405
2,1,3,0.6034053153223242
3,0,3,NaN
2,1,3,0.884822587095584
3,0,3,NaN
2,1,3,NaN
3,0,3,0.4475557477195245
3,0,3,NaN
2,1,3,NaN
3,0,3,0.11735031057960332
2,1,3,0.8237080657963236
3,0,3,NaN
1,2,3,NaN
3,0,3,0.9272124484159221
3,0,3,0.9263616469895146
2,1,3,NaN
2,1,3,NaN
3,0,3,NaN
3,0,3,NaN
3,0,3,NaN
3,0,3,NaN
3,0,3,NaN
2,1,3,NaN
3,0,3,NaN
2,1,3,NaN
3,0,3,NaN
3,0,3,0.0015506799637766114
2,1,3,NaN
2,1,3,0.24290906152647984
3,0,3,NaN
3,0,3,0.4475557477195245
2,1,3,NaN
1,2,3,0.03831329598506057
2,1,3,0.31538291069709495
3,0,3,NaN
3,0,3,NaN
2,1,3,NaN
1,2,3,NaN
3,0,3,0.4011103777394731
2,1,3,0.03831329598506057
1,2,3,NaN
3,0,3,0.49543559874771725
2,1,3,NaN
3,0,3,0.631220773570296
3,0,3,0.7092033041123709
3,0,3,0.8006696868167401
3,0,3,NaN
2,1,3,NaN
3,0,3,NaN
3,0,3,0.11735031057960332
3,0,3,NaN
3,0,3,NaN
3,0,3,NaN
3,0,3,NaN
3,0,3,NaN
2,1,3,NaN
3,0,3,NaN
2,1,3,NaN
1,2,3,0.032853775051729074
3,0,3,NaN
3,0,3,0.9493033010224405
2,1,3,0.04531425270758149
3,0,3,NaN
3,0,3,0.1477886461455502
2,1,3,NaN
3,0,3,NaN
3,0,3,NaN
3,0,3,0.7726517314264018
1,2,3,NaN
3,0,3,0.9733084005106692
2,1,3,0.5865196674031864
1,2,3,0.49543559874771725
3,0,3,NaN
3,0,3,NaN
3,0,3,NaN
3,0,3,NaN
2,1,3,NaN
3,0,3,NaN
3,0,3,0.49543559874771725
3,0,3,0.18348414923983342
3,0,3,NaN
3,0,3,NaN
3,0,3,0.9713478338130888
2,1,3,NaN
3,0,3,NaN
3,0,3,NaN
3,0,3,0.08612589160650815
3,0,3,0.7726517314264018
3,0,3,NaN
2,1,3,NaN
1,2,3,NaN
3,0,3,NaN
3,0,3,NaN
3,0,3,NaN
3,0,3,NaN
3,0,3,NaN
3,0,3,NaN
2,1,3,NaN
2,1,3,0.0051653647514528205
2,1,3,0.3557510427918548
3,0,3,NaN
3,0,3,NaN
2,1,3,NaN
3,0,3,0.3557510427918548
2,1,3,NaN
3,0,3,NaN
2,1,3,NaN
3,0,3,NaN
1,2,3,0.4011103777394731
3,0,3,NaN
3,0,3,NaN
3,0,3,NaN
3,0,3,NaN
3,0,3,0.4011103777394731
2,1,3,NaN
3,0,3,NaN
2,1,3,0.6717661875924231
3,0,3,0.02574118626400187
3,0,3,NaN
2,1,3,NaN
1,2,3,NaN
2,1,3,NaN
3,0,3,NaN
3,0,3,0.6717661875924231
3,0,3,NaN
3,0,3,NaN
2,1,3,0.6788279884437206
2,1,3,NaN
2,1,3,NaN
3,0,3,NaN
3,0,3,NaN
3,0,3,0.6717661875924231
3,0,3,NaN
3,0,3,NaN
3,0,3,NaN
1,2,3,NaN
2,1,3,0.03831329598506057
1,2,3,0.8006696868167401
2,1,3,0.032853775051729074
3,0,3,NaN
3,0,3,NaN
3,0,3,NaN
3,0,3,0.03831329598506057
1,2,3,NaN
3,0,3,0.6589606374511142
2,1,3,NaN
1,2,3,NaN
1,2,3,NaN
3,0,3,NaN
3,0,3,NaN
3,0,3,NaN
2,1,3,0.49543559874771725
2,1,3,NaN
3,0,3,0.9137791798943785
2,1,3,0.7092033041123709
3,0,3,0.8006696868167401
3,0,3,0.37907018067302667
3,0,3,NaN
3,0,3,NaN
2,1,3,NaN
2,1,3,NaN
3,0,3,NaN
3,0,3,NaN
3,0,3,NaN
3,0,3,NaN
1,2,3,NaN
3,0,3,NaN
1,2,3,0.3222629772517546
2,1,3,NaN
3,0,3,0.07361819104140599
3,0,3,0.6717661875924231
3,0,3,0.18348414923983342
3,0,3,0.9493033010224405
2,1,3,0.000274823627667683
3,0,3,0.4475557477195245
3,0,3,NaN
2,1,3,0.18348414923983342
3,0,3,0.8652322931034484
3,0,3,0.18348414923983342
2,1,3,NaN
3,0,3,NaN
3,0,3,0.02787455723542097
3,0,3,NaN
2,1,3,NaN
3,0,3,NaN
2,1,3,NaN
3,0,3,NaN
2,1,3,NaN
3,0,3,0.631220773570296
2,1,3,NaN
3,0,3,NaN
1,2,3,0.31538291069709495
3,0,3,NaN
1,2,3,NaN
3,0,3,0.8652322931034484
1,2,3,NaN
2,1,3,NaN
1,2,3,0.4475557477195245
3,0,3,0.7423423413009405
3,0,3,NaN
3,0,3,NaN
3,0,3,NaN
2,1,3,NaN
2,1,3,NaN
3,0,3,NaN
1,2,3,0.5417209770628222
3,0,3,0.545442080694089
2,1,3,0.7092033041123709
1,2,3,NaN
3,0,3,NaN
3,0,3,0.2783692877527476
3,0,3,NaN
3,0,3,NaN
2,1,3,NaN
3,0,3,NaN
1,2,3,NaN
2,1,3,0.7092033041123709
3,0,3,NaN
3,0,3,NaN
3,0,3,NaN
3,0,3,NaN
3,0,3,NaN
2,1,3,NaN
2,1,3,0.4011103777394731
3,0,3,NaN
3,0,3,NaN
2,1,3,NaN
2,1,3,NaN
1,2,3,NaN
2,1,3,NaN
2,1,3,0.8652322931034484
3,0,3,NaN
2,1,3,NaN
3,0,3,0.9001259164326818
3,0,3,0.49543559874771725
3,0,3,0.5417209770628222
3,0,3,NaN
3,0,3,0.8450772854630715
2,1,3,NaN
3,0,3,0.4011103777394731
3,0,3,0.03831329598506057
2,1,3,NaN
2,1,3,0.631220773570296
3,0,3,NaN
2,1,3,NaN
3,0,3,NaN
3,0,3,0.04531425270758149
1,2,3,NaN
3,0,3,0.8652322931034484
3,0,3,0.4475557477195245
3,0,3,NaN
1,2,3,0.631220773570296
2,1,3,NaN
3,0,3,NaN
1,2,3,NaN
2,1,3,NaN
3,0,3,NaN
2,1,3,NaN
3,0,3,0.8006696868167401
1,2,3,NaN
2,1,3,0.13695747655435897
2,1,3,0.02787455723542097
3,0,3,0.7864814165673056
3,0,3,0.9137791798943785
1,2,3,0.5865196674031864
3,0,3,NaN
2,1,3,NaN
2,1,3,NaN
2,1,3,0.631220773570296
3,0,3,NaN
2,1,3,NaN
3,0,3,NaN
2,1,3,NaN
1,2,3,0.49543559874771725
3,0,3,0.3557510427918548
3,0,3,NaN
3,0,3,0.032853775051729074
2,1,3,NaN
3,0,3,NaN
3,0,3,NaN
2,1,3,NaN
3,0,3,0.7233129731764174
3,0,3,NaN
3,0,3,NaN
1,2,3,0.8652322931034484
3,0,3,NaN
3,0,3,NaN
3,0,3,0.8237080657963236
1,2,3,NaN
3,0,3,NaN
2,1,3,NaN
1,2,3,NaN
3,0,3,NaN
1,2,3,0.13695747655435897
3,0,3,0.10032275229784271
2,1,3,0.8827570506600473
3,0,3,NaN
3,0,3,0.6717661875924231
3,0,3,NaN
3,0,3,NaN
2,1,3,NaN
2,1,3,0.11735031057960332
1,2,3,0.15938727449707998
3,0,3,NaN
2,1,3,0.15938727449707998
3,0,3,0.11735031057960332
3,0,3,0.631220773570296
1,2,3,NaN
3,0,3,0.4155618969404342
1,2,3,NaN
3,0,3,0.08612589160650815
1,2,3,NaN
3,0,3,0.8827570506600473
3,0,3,NaN
1,2,3,0.44852327333044206
3,0,3,NaN
3,0,3,NaN
3,0,3,NaN
3,0,3,0.631220773570296
2,1,3,0.99874973208563
2,1,3,0.03831329598506057
3,0,3,0.8652322931034484
3,0,3,NaN
3,0,3,NaN
3,0,3,NaN
3,0,3,NaN
2,1,3,NaN
2,1,3,NaN
3,0,3,NaN
3,0,3,NaN
3,0,3,0.9394569650180941
1,2,3,0.15938727449707998
3,0,3,NaN
1,2,3,NaN
3,0,3,NaN
1,2,3,NaN
3,0,3,NaN
3,0,3,0.08612589160650815
3,0,3,NaN
3,0,3,NaN
3,0,3,NaN
3,0,3,0.8006696868167401
2,1,3,0.7092033041123709
2,1,3,NaN
2,1,3,0.7092033041123709
3,0,3,0.1553873446138651
3,0,3,NaN
3,0,3,NaN
3,0,3,NaN
1,2,3,0.24290906152647984
3,0,3,NaN
3,0,3,0.8827570506600473
2,1,3,NaN
2,1,3,0.0057272564759926516
3,0,3,NaN
2,1,3,0.3940738179546217
2,1,3,0.21185071034975703
2,1,3,0.11735031057960332
3,0,3,0.13695747655435897
3,0,3,0.8450772854630715
3,0,3,NaN
3,0,3,0.6717661875924231
3,0,3,0.006162005486132496
3,0,3,NaN
1,2,3,NaN
3,0,3,NaN
2,1,3,0.3557510427918548
3,0,3,0.011335119107957231
3,0,3,0.8652322931034484
2,1,3,NaN
3,0,3,NaN
2,1,3,0.5865196674031864
3,0,3,NaN
2,1,3,NaN
3,0,3,NaN
1,2,3,NaN
3,0,3,NaN
3,0,3,NaN
2,1,3,NaN
2,1,3,NaN
2,1,3,NaN
3,0,3,NaN
3,0,3,NaN
2,1,3,NaN
3,0,3,0.7726517314264018
3,0,3,NaN
2,1,3,NaN
1,2,3,0.49543559874771725
3,0,3,NaN
2,1,3,NaN
1,2,3,0.0028502332113855278
3,0,3,0.997665829571106
3,0,3,0.21185071034975703
3,0,3,NaN
3,0,3,NaN
3,0,3,NaN
3,0,3,0.04531425270758149
3,0,3,NaN
3,0,3,NaN
3,0,3,NaN
1,2,3,0.03831329598506057
3,0,3,NaN
2,1,3,NaN
3,0,3,NaN
1,2,3,0.11778302376262217
3,0,3,NaN
2,1,3,NaN
3,0,3,NaN
3,0,3,NaN
2,1,3,NaN
3,0,3,NaN
3,0,3,0.5417209770628222
2,1,3,0.7726517314264018
3,0,3,0.8450772854630715
3,0,3,NaN
3,0,3,NaN
3,0,3,0.7726517314264018
3,0,3,NaN
3,0,3,NaN
3,0,3,NaN
3,0,3,0.39269305989092546
1,2,3,NaN
3,0,3,NaN
3,0,3,NaN
3,0,3,0.9493033010224405
1,2,3,NaN
3,0,3,NaN
3,0,3,0.631220773570296
3,0,3,NaN
3,0,3,NaN
2,1,3,NaN
2,1,3,0.7423423413009405
2,1,3,NaN
3,0,3,NaN
2,1,3,NaN
3,0,3,NaN
1,2,3,NaN
3,0,3,NaN
3,0,3,NaN
3,0,3,NaN
3,0,3,NaN
3,0,3,NaN
2,1,3,0.7726517314264018
2,1,3,NaN
3,0,3,NaN
2,1,3,NaN
3,0,3,0.5865196674031864
3,0,3,NaN
3,0,3,NaN
3,0,3,0.016907679716365743
3,0,3,NaN
1,2,3,0.556053261693435
3,0,3,NaN
3,0,3,0.2783692877527476
2,1,3,NaN
3,0,3,0.13695747655435897
2,1,3,0.3557510427918548
2,1,3,NaN
2,1,3,NaN
2,1,3,0.10032275229784271
3,0,3,NaN
3,0,3,NaN
1,2,3,0.1666739955450889
2,1,3,0.8450772854630715
3,0,3,NaN
3,0,3,NaN
3,0,3,NaN
2,1,3,NaN
3,0,3,NaN
3,0,3,NaN
3,0,3,NaN
2,1,3,NaN
1,2,3,NaN
1,2,3,NaN
3,0,3,NaN
3,0,3,NaN
3,0,3,NaN
3,0,3,0.24290906152647984
3,0,3,NaN
3,0,3,NaN
3,0,3,0.99874973208563
2,1,3,0.08612589160650815
3,0,3,0.6717661875924231
3,0,3,0.11735031057960332
3,0,3,NaN
3,0,3,NaN
3,0,3,0.10032275229784271
1,2,3,NaN
3,0,3,NaN
2,1,3,0.07361819104140599
3,0,3,NaN
2,1,3,0.7092033041123709
2,1,3,NaN
2,1,3,0.5491099842322958
3,0,3,NaN
3,0,3,0.8101699123774138
3,0,3,NaN
2,1,3,NaN
3,0,3,NaN
3,0,3,NaN
2,1,3,NaN
3,0,3,NaN
2,1,3,NaN
2,1,3,NaN
2,1,3,0.5865196674031864
3,0,3,0.6717661875924231
1,2,3,NaN
2,1,3,NaN
2,1,3,0.31538291069709495
1,2,3,0.08612589160650815
3,0,3,0.6717661875924231
3,0,3,NaN
2,1,3,0.22915169335290791
1,2,3,0.6717661875924231
3,0,3,NaN
3,0,3,NaN
2,1,3,NaN
3,0,3,NaN
3,0,3,0.11735031057960332
1,2,3,0.053556438906752275
3,0,3,NaN
1,2,3,NaN
2,1,3,NaN
1,2,3,NaN
3,0,3,0.4475557477195245
3,0,3,NaN
2,1,3,NaN
3,0,3,NaN
3,0,3,0.5417209770628222
3,0,3,NaN
1,2,3,NaN
2,1,3,NaN
2,1,3,0.8450772854630715
2,1,3,NaN
3,0,3,NaN
3,0,3,0.8652322931034484
2,1,3,NaN
3,0,3,0.21185071034975703
2,1,3,0.8827570506600473
2,1,3,NaN
3,0,3,0.5417209770628222
3,0,3,NaN
2,1,3,NaN
3,0,3,NaN
2,1,3,NaN
2,1,3,NaN
3,0,3,NaN
3,0,3,NaN
1,2,3,NaN
2,1,3,NaN
3,0,3,NaN
2,1,3,0.5417209770628222
1,2,3,NaN
3,0,3,NaN
2,1,3,0.9733084005106692
1,2,3,NaN
3,0,3,0.11735031057960332
3,0,3,NaN
1,2,3,0.4475557477195245
2,1,3,0.49543559874771725
3,0,3,NaN
3,0,3,NaN
2,1,3,0.2942871780591215
3,0,3,0.023437746643316073
2,1,3,0.3901201530147684
2,1,3,NaN
2,1,3,NaN
3,0,3,0.631220773570296
1,2,3,0.3557510427918548
1,2,3,0.016656938369781698
3,0,3,0.24290906152647984
2,1,3,NaN
3,0,3,NaN
3,0,3,NaN
3,0,3,NaN
2,1,3,NaN
3,0,3,NaN
3,0,3,NaN
2,1,3,0.07008009356429538
3,0,3,0.04398849713758003
3,0,3,NaN
2,1,3,NaN
3,0,3,0.13695747655435897
3,0,3,NaN
3,0,3,0.4475557477195245
3,0,3,0.6717661875924231
3,0,3,NaN
3,0,3,NaN
1,2,3,0.3557510427918548
3,0,3,0.21185071034975703
3,0,3,NaN
3,0,3,0.053556438906752275
1,2,3,NaN
3,0,3,NaN
3,0,3,0.8652322931034484
1,2,3,0.31538291069709495
3,0,3,0.21185071034975703
3,0,3,NaN
3,0,3,NaN
2,1,3,NaN
1,2,3,NaN
2,1,3,NaN
3,0,3,NaN
1,2,3,NaN
2,1,3,0.8652322931034484
3,0,3,NaN
3,0,3,NaN
1,2,3,NaN
1,2,3,NaN
3,0,3,NaN
2,1,3,0.9590286414731528
2,1,3,0.8006696868167401
3,0,3,0.631220773570296
3,0,3,NaN
3,0,3,NaN
2,1,3,0.3557510427918548
2,1,3,NaN
3,0,3,0.08612589160650815
3,0,3,NaN
2,1,3,NaN
2,1,3,NaN
2,1,3,0.10032275229784271
3,0,3,0.4475557477195245
3,0,3,0.9943152957847301
3,0,3,0.9272124484159221
3,0,3,NaN
2,1,3,0.631220773570296
2,1,3,0.24290906152647984
3,0,3,0.4694629602556395
2,1,3,NaN
2,1,3,0.13695747655435897
3,0,3,0.631220773570296
2,1,3,NaN
2,1,3,NaN
1,2,3,NaN
3,0,3,0.17285819941780986
3,0,3,0.4011103777394731
3,0,3,NaN
3,0,3,NaN
2,1,3,0.24290906152647984
2,1,3,NaN
3,0,3,0.631220773570296
3,0,3,0.016656938369781698
3,0,3,0.7423423413009405
3,0,3,0.6717661875924231
3,0,3,NaN
1,2,3,NaN
2,1,3,NaN
3,0,3,0.5417209770628222
3,0,3,NaN
3,0,3,0.014244884473125772
3,0,3,0.21793114523149193
3,0,3,NaN
3,0,3,NaN
2,1,3,0.9394569650180941
2,1,3,NaN
3,0,3,NaN
3,0,3,0.07361819104140599
3,0,3,NaN
3,0,3,0.15938727449707998
3,0,3,0.7092033041123709
2,1,3,NaN
3,0,3,0.7726517314264018
3,0,3,0.059468879478277926
2,1,3,NaN
3,0,3,NaN
2,1,3,0.3557510427918548
2,1,3,NaN
3,0,3,0.9001259164326818
3,0,3,0.4475557477195245
3,0,3,NaN
3,0,3,0.631220773570296
2,1,3,0.2783692877527476
3,0,3,0.8006696868167401
2,1,3,NaN
1,2,3,NaN
3,0,3,NaN
3,0,3,NaN
3,0,3,0.9272124484159221
2,1,3,NaN
2,1,3,NaN
3,0,3,NaN
3,0,3,NaN
3,0,3,NaN
3,0,3,NaN
1,2,3,NaN
3,0,3,0.18348414923983342
3,0,3,0.9137791798943785
2,1,3,NaN
3,0,3,0.8006696868167401
2,1,3,NaN
3,0,3,NaN
2,1,3,0.04531425270758149
1,2,3,0.3557510427918548
3,0,3,NaN
3,0,3,0.2783692877527476
3,0,3,0.0630282359819421
3,0,3,0.11735031057960332
3,0,3,0.4011103777394731
1,2,3,0.8450772854630715
1,2,3,0.7726517314264018
2,1,3,0.9001259164326818
3,0,3,0.7092033041123709
3,0,3,0.5865196674031864
3,0,3,NaN
3,0,3,NaN
2,1,3,NaN
2,1,3,NaN
3,0,3,NaN
3,0,3,NaN
2,1,3,NaN
3,0,3,NaN
2,1,3,NaN
2,1,3,NaN
3,0,3,NaN
3,0,3,NaN
3,0,3,NaN
2,1,3,NaN
2,1,3,0.18348414923983342
3,0,3,NaN
3,0,3,NaN
1,2,3,0.9137791798943785
3,0,3,NaN
2,1,3,NaN
2,1,3,NaN
1,2,3,0.01384068834559692
1,2,3,NaN
3,0,3,0.0050722559080912605
2,1,3,NaN
3,0,3,NaN
2,1,3,NaN
2,1,3,NaN
2,1,3,NaN
2,1,3,NaN
3,0,3,NaN
2,1,3,0.3940738179546217
2,1,3,NaN
3,0,3,NaN
3,0,3,0.7092033041123709
3,0,3,0.9263616469895146
3,0,3,NaN
1,2,3,NaN
3,0,3,NaN
1,2,3,NaN
1,2,3,0.04531425270758149
3,0,3,NaN
3,0,3,NaN
3,0,3,0.9001259164326818
3,0,3,NaN
3,0,3,0.8006696868167401
2,1,3,0.03831329598506057
3,0,3,0.7423423413009405
3,0,3,0.6717661875924231
3,0,3,0.03831329598506057
3,0,3,NaN
3,0,3,NaN
3,0,3,0.8237080657963236
3,0,3,0.31538291069709495
3,0,3,NaN
3,0,3,NaN
2,1,3,NaN
3,0,3,NaN
3,0,3,NaN
2,1,3,NaN
3,0,3,NaN
3,0,3,NaN
2,1,3,NaN
3,0,3,NaN
3,0,3,NaN
3,0,3,NaN
2,1,3,NaN
1,2,3,NaN
2,1,3,0.18348414923983342
3,0,3,NaN
3,0,3,NaN
2,1,3,0.9399889673842494
3,0,3,NaN
3,0,3,NaN
2,1,3,0.7092033041123709
1,2,3,NaN
3,0,3,NaN
2,1,3,0.727920708452019
2,1,3,NaN
1,2,3,NaN
3,0,3,0.9001259164326818
3,0,3,0.3557510427918548
2,1,3,NaN
3,0,3,NaN
2,1,3,NaN
3,0,3,0.4475557477195245
2,1,3,0.7423423413009405
2,1,3,NaN
2,1,3,0.9047853618061095
3,0,3,NaN
3,0,3,0.49543559874771725
2,1,3,NaN
3,0,3,NaN
2,1,3,NaN
3,0,3,0.6717661875924231
3,0,3,NaN
3,0,3,NaN
1,2,3,0.5417209770628222
3,0,3,NaN
2,1,3,0.019796251803769704
2,1,3,NaN
3,0,3,0.2662566548664171
3,0,3,NaN
2,1,3,NaN
3,0,3,0.8237080657963236
3,0,3,NaN
3,0,3,NaN
1,2,3,0.01384068834559692
1,2,3,0.4475557477195245
3,0,3,0.8237080657963236
1,2,3,NaN
2,1,3,0.5417209770628222
3,0,3,NaN
1,2,3,NaN
3,0,3,NaN
2,1,3,0.24840620911853398
3,0,3,NaN
2,1,3,NaN
3,0,3,0.18348414923983342
2,1,3,0.8237080657963236
2,1,3,NaN
3,0,3,NaN
3,0,3,NaN
3,0,3,NaN
3,0,3,NaN
3,0,3,NaN
3,0,3,0.7726517314264018
3,0,3,NaN
3,0,3,0.7423423413009405
1,2,3,0.9001259164326818
3,0,3,NaN
3,0,3,0.13695747655435897
3,0,3,NaN
3,0,3,NaN
3,0,3,0.2687988404175689
3,0,3,NaN
1,2,3,NaN
3,0,3,NaN
3,0,3,NaN
2,1,3,0.9137791798943785
3,0,3,NaN
3,0,3,0.053556438906752275
3,0,3,NaN
3,0,3,0.10032275229784271
2,1,3,0.49543559874771725
3,0,3,NaN
2,1,3,0.0025709660283289135
3,0,3,NaN
2,1,3,NaN
2,1,3,0.8079928207706086
1,2,3,0.8827570506600473
2,1,3,NaN
1,2,3,NaN
3,0,3,0.5417209770628222
2,1,3,NaN
3,0,3,0.21185071034975703
3,0,3,NaN
2,1,3,NaN
3,0,3,0.31538291069709495
2,1,3,NaN
3,0,3,0.631220773570296
3,0,3,0.16455506960760444
1,2,3,0.7423423413009405
3,0,3,0.11735031057960332
3,0,3,NaN
2,1,3,0.631220773570296
3,0,3,NaN
3,0,3,NaN
1,2,3,0.49543559874771725
1,2,3,0.009388486219663619
2,1,3,0.5417209770628222
3,0,3,NaN
3,0,3,NaN
2,1,3,NaN
3,0,3,0.9789190809366978
3,0,3,0.3557510427918548
3,0,3,NaN
3,0,3,NaN
2,1,3,NaN
3,0,3,NaN
2,1,3,NaN
3,0,3,0.8006696868167401
2,1,3,0.8006696868167401
3,0,3,0.4011103777394731
2,1,3,0.07361819104140599
3,0,3,NaN
3,0,3,NaN
3,0,3,NaN
2,1,3,NaN
3,0,3,0.08612589160650815
3,0,3,NaN
3,0,3,NaN
3,0,3,NaN
2,1,3,NaN
2,1,3,NaN
3,0,3,NaN
2,1,3,NaN
2,1,3,NaN
2,1,3,0.6698788055378292
3,0,3,0.2783692877527476
3,0,3,NaN
1,2,3,NaN
3,0,3,NaN
3,0,3,0.5417209770628222
3,0,3,0.11735031057960332
1,2,3,0.053556438906752275
3,0,3,0.11735031057960332
2,1,3,NaN
3,0,3,NaN
2,1,3,NaN
3,0,3,NaN
3,0,3,NaN
3,0,3,NaN
3,0,3,NaN
3,0,3,NaN
3,0,3,0.2783692877527476
1,2,3,0.08612589160650815
3,0,3,NaN
3,0,3,0.4011103777394731
3,0,3,NaN
3,0,3,0.8006696868167401
1,2,3,NaN
2,1,3,0.8207482473000494
2,1,3,0.5417209770628222
3,0,3,0.4475557477195245
3,0,3,NaN
3,0,3,0.10032275229784271
3,0,3,NaN
3,0,3,NaN
3,0,3,NaN
1,2,3,NaN
3,0,3,NaN
1,2,3,NaN
2,1,3,NaN
3,0,3,0.2783692877527476
3,0,3,0.023437746643316073
3,0,3,0.10032275229784271
3,0,3,NaN
3,0,3,0.8006696868167401
3,0,3,0.8237080657963236
3,0,3,NaN
3,0,3,NaN
3,0,3,NaN
1,2,3,0.49543559874771725
3,0,3,NaN
3,0,3,NaN
3,0,3,0.7092033041123709
3,0,3,NaN
3,0,3,NaN
3,0,3,0.24290906152647984
3,0,3,NaN
3,0,3,NaN
3,0,3,0.392415614592427
3,0,3,NaN
3,0,3,NaN
2,1,3,NaN
2,1,3,NaN
1,2,3,NaN
3,0,3,NaN
3,0,3,NaN
2,1,3,0.1557000446926056
3,0,3,NaN
1,2,3,0.631220773570296
3,0,3,0.10032275229784271
3,0,3,0.8237080657963236
3,0,3,NaN
3,0,3,0.8827570506600473
3,0,3,NaN
3,0,3,NaN
2,1,3,NaN
1,2,3,NaN
3,0,3,NaN
3,0,3,NaN
3,0,3,NaN
3,0,3,0.8450772854630715
3,0,3,0.13695747655435897
3,0,3,NaN
3,0,3,NaN
3,0,3,NaN
2,1,3,NaN
2,1,3,NaN
3,0,3,NaN
3,0,3,0.6329792799378947
3,0,3,NaN
1,2,3,NaN
3,0,3,NaN
1,2,3,0.9962290253671563
3,0,3,NaN
3,0,3,0.631220773570296
3,0,3,NaN
2,1,3,NaN
3,0,3,0.4011103777394731
3,0,3,NaN
2,1,3,0.7092033041123709
3,0,3,0.11735031057960332
3,0,3,NaN
1,2,3,NaN
2,1,3,NaN
3,0,3,NaN
3,0,3,NaN
3,0,3,NaN
2,1,3,NaN
2,1,3,NaN
1,2,3,0.814209713202945
3,0,3,NaN
3,0,3,NaN
3,0,3,NaN
3,0,3,NaN
2,1,3,0.7423423413009405
3,0,3,NaN
1,2,3,0.7234577439877888
3,0,3,NaN
3,0,3,NaN
3,0,3,NaN
2,1,3,NaN
3,0,3,0.053556438906752275
1,2,3,0.02787455723542097
3,0,3,NaN
3,0,3,NaN
3,0,3,0.8006696868167401
1,2,3,NaN
2,1,3,NaN
2,1,3,NaN
2,1,3,NaN
2,1,3,NaN
2,1,3,NaN
3,0,3,0.0025305598877838143
3,0,3,NaN
3,0,3,NaN
1,2,3,0.6717661875924231
3,0,3,0.3557510427918548
3,0,3,0.08612589160650815
3,0,3,0.21185071034975703
3,0,3,0.8237080657963236
3,0,3,NaN
2,1,3,NaN
3,0,3,NaN
3,0,3,NaN
3,0,3,NaN
2,1,3,NaN
3,0,3,NaN
3,0,3,NaN
3,0,3,0.631220773570296
3,0,3,NaN
3,0,3,NaN
3,0,3,NaN
2,1,3,NaN
3,0,3,0.9001259164326818
2,1,3,0.8652322931034484
3,0,3,NaN
3,0,3,0.7423423413009405
3,0,3,NaN
3,0,3,0.38951883007049515
3,0,3,0.2975514300208542
3,0,3,NaN
3,0,3,0.8450772854630715
3,0,3,0.631220773570296
2,1,3,NaN
2,1,3,0.8616414078368598
3,0,3,0.4475557477195245
1,2,3,0.18348414923983342
1,2,3,0.8006696868167401
3,0,3,0.11735031057960332
2,1,3,0.8652322931034484
2,1,3,NaN
3,0,3,0.02787455723542097
2,1,3,0.21369630969567505
3,0,3,NaN
3,0,3,NaN
3,0,3,NaN
3,0,3,NaN
3,0,3,0.6717661875924231
3,0,3,NaN
3,0,3,0.8237080657963236
3,0,3,0.8652322931034484
2,1,3,NaN
3,0,3,0.15938727449707998
3,0,3,NaN
3,0,3,NaN
2,1,3,NaN
3,0,3,NaN
3,0,3,NaN
2,1,3,NaN
2,1,3,NaN
3,0,3,NaN
3,0,3,0.08612589160650815
2,1,3,NaN
3,0,3,0.3350775838796779
3,0,3,NaN
2,1,3,NaN
3,0,3,NaN
2,1,3,NaN
3,0,3,0.6717661875924231
2,1,3,NaN
3,0,3,NaN
3,0,3,NaN
1,2,3,NaN
3,0,3,NaN
3,0,3,0.631220773570296
3,0,3,0.31538291069709495
1,2,3,NaN
3,0,3,NaN
3,0,3,NaN
2,1,3,NaN
3,0,3,NaN
3,0,3,NaN
1,2,3,NaN
2,1,3,NaN
1,2,3,0.6717661875924231
2,1,3,0.6717661875924231
3,0,3,0.4011103777394731
1,2,3,NaN
2,1,3,NaN
2,1,3,NaN
3,0,3,NaN
3,0,3,NaN
3,0,3,0.546152762799012
3,0,3,NaN
3,0,3,NaN
3,0,3,NaN
3,0,3,NaN
2,1,3,NaN
3,0,3,NaN
1,2,3,NaN
2,1,3,NaN
3,0,3,0.631220773570296
3,0,3,NaN
3,0,3,NaN
1,2,3,NaN
3,0,3,NaN
3,0,3,0.631220773570296
1,2,3,0.8450772854630715
2,1,3,NaN
3,0,3,NaN
3,0,3,NaN
1,2,3,0.4011103777394731
3,0,3,0.0023538845867990448
3,0,3,0.6698788055378292
3,0,3,NaN
1,2,3,0.5865196674031864
3,0,3,0.31538291069709495
3,0,3,0.31538291069709495
3,0,3,NaN
3,0,3,NaN
3,0,3,0.005261015691383476
3,0,3,0.21185071034975703
1,2,3,0.08612589160650815
3,0,3,0.21185071034975703
3,0,3,NaN
2,1,3,NaN
3,0,3,NaN
3,0,3,0.7423423413009405
3,0,3,0.4011103777394731
3,0,3,NaN
2,1,3,NaN
3,0,3,NaN
2,1,3,NaN
2,1,3,NaN
3,0,3,NaN
3,0,3,0.8237080657963236
2,1,3,NaN
3,0,3,NaN
3,0,3,NaN
2,1,3,NaN
3,0,3,NaN
3,0,3,NaN
1,2,3,0.735914938752462
3,0,3,0.8006696868167401
3,0,3,NaN
3,0,3,NaN
3,0,3,NaN
3,0,3,NaN
3,0,3,NaN
1,2,3,0.4475557477195245
2,1,3,NaN
3,0,3,NaN
3,0,3,0.00109181297879201
3,0,3,NaN
1,2,3,0.7092033041123709
1,2,3,NaN
2,1,3,NaN
3,0,3,NaN
2,1,3,0.8237080657963236
3,0,3,NaN
3,0,3,NaN
3,0,3,NaN
3,0,3,NaN
3,0,3,NaN
3,0,3,NaN
3,0,3,NaN
1,2,3,0.07361819104140599
1,2,3,NaN
2,1,3,NaN
3,0,3,0.4475557477195245
1,2,3,NaN
3,0,3,0.49543559874771725
3,0,3,0.03533018680960607
2,1,3,0.5865196674031864
2,1,3,0.735914938752462
3,0,3,NaN
3,0,3,0.7092033041123709
3,0,3,NaN
3,0,3,0.11735031057960332
1,2,3,NaN
3,0,3,NaN
3,0,3,0.5417209770628222
3,0,3,NaN
1,2,3,NaN
3,0,3,NaN
3,0,3,NaN
3,0,3,NaN
2,1,3,0.8237080657963236
2,1,3,NaN
3,0,3,NaN
3,0,3,NaN
3,0,3,NaN
2,1,3,0.4475557477195245
3,0,3,0.9916966421839661
1,2,3,0.6717661875924231
2,1,3,NaN
3,0,3,0.5737458270684518
2,1,3,NaN
3,0,3,NaN
2,1,3,0.049259890554971
3,0,3,NaN
3,0,3,NaN
3,0,3,NaN
2,1,3,NaN
2,1,3,0.8450772854630715
2,1,3,NaN
3,0,3,0.631220773570296
3,0,3,0.7423423413009405
2,1,3,NaN
2,1,3,NaN
3,0,3,NaN
3,0,3,NaN
1,2,3,0.31538291069709495
3,0,3,0.13695747655435897
1,2,3,0.6871490121725579
3,0,3,0.8827570506600473
2,1,3,0.5865196674031864
2,1,3,NaN
3,0,3,0.6717661875924231
3,0,3,NaN
3,0,3,0.4475557477195245
3,0,3,0.24290906152647984
2,1,3,0.8827570506600473
3,0,3,NaN
2,1,3,0.4475557477195245
2,1,3,NaN
3,0,3,0.4475557477195245
2,1,3,NaN
3,0,3,NaN
3,0,3,0.0939123558983152
3,0,3,NaN
3,0,3,NaN
3,0,3,NaN
1,2,3,NaN
3,0,3,NaN
3,0,3,NaN
3,0,3,0.8652322931034484
1,2,3,0.9001259164326818
3,0,3,0.03831329598506057
3,0,3,0.6717661875924231
3,0,3,NaN
2,1,3,0.7092033041123709
2,1,3,0.8006586145440605
3,0,3,NaN
2,1,3,NaN
2,1,3,0.49543559874771725
2,1,3,0.9137791798943785
3,0,3,0.2783692877527476
3,0,3,NaN
2,1,3,NaN
3,0,3,NaN
3,0,3,0.8237080657963236
3,0,3,0.7726517314264018
3,0,3,NaN
2,1,3,NaN
1,2,3,0.8006696868167401
3,0,3,NaN
3,0,3,NaN
2,1,3,NaN
3,0,3,0.2783692877527476
2,1,3,NaN
3,0,3,0.9789190809366978
3,0,3,NaN
3,0,3,0.07361819104140599
3,0,3,NaN
3,0,3,NaN
3,0,3,0.7726517314264018
3,0,3,NaN
3,0,3,0.5008649244965916
3,0,3,0.4011103777394731
2,1,3,NaN
3,0,3,NaN
2,1,3,NaN
3,0,3,0.2783692877527476
3,0,3,0.053556438906752275
3,0,3,0.053556438906752275
2,1,3,NaN
3,0,3,NaN
3,0,3,NaN
3,0,3,NaN
3,0,3,NaN
1,2,3,NaN
3,0,3,NaN
3,0,3,0.24290906152647984
1,2,3,NaN
2,1,3,0.6717661875924231
2,1,3,0.8827570506600473
2,1,3,NaN
2,1,3,0.08612589160650815
2,1,3,0.2783692877527476
3,0,3,NaN
2,1,3,NaN
3,0,3,NaN
2,1,3,0.31538291069709495
2,1,3,0.9263616469895146
3,0,3,NaN
3,0,3,NaN
3,0,3,0.24290906152647984
3,0,3,NaN
2,1,3,0.21185071034975703
1,2,3,0.8450772854630715
3,0,3,NaN
3,0,3,NaN
3,0,3,NaN
2,1,3,NaN
3,0,3,NaN
3,0,3,0.8012183129642948
3,0,3,0.631220773570296
3,0,3,0.631220773570296
2,1,3,NaN
3,0,3,NaN
3,0,3,0.9663500458367166
2,1,3,NaN
3,0,3,NaN
2,1,3,0.5417209770628222
1,2,3,0.4011103777394731
3,0,3,NaN
3,0,3,NaN
1,2,3,NaN
3,0,3,NaN
2,1,3,0.6717661875924231
2,1,3,0.13695747655435897
3,0,3,7.137632820218666e-5
2,1,3,NaN
3,0,3,0.8827570506600473
2,1,3,NaN
2,1,3,NaN
1,2,3,NaN
3,0,3,0.3557510427918548
2,1,3,0.6717661875924231
2,1,3,0.6717661875924231
3,0,3,NaN
2,1,3,NaN
1,2,3,NaN
3,0,3,NaN
3,0,3,NaN
3,0,3,NaN
3,0,3,NaN
3,0,3,0.18348414923983342
3,0,3,0.8652322931034484
3,0,3,0.5865196674031864
3,0,3,NaN
3,0,3,0.631220773570296
2,1,3,0.24290906152647984
3,0,3,0.5865196674031864
2,1,3,0.31538291069709495
3,0,3,0.49543559874771725
3,0,3,NaN
3,0,3,NaN
3,0,3,0.8450772854630715
2,1,3,NaN
3,0,3,NaN
1,2,3,NaN
3,0,3,0.49543559874771725
2,1,3,NaN
3,0,3,0.5865196674031864
3,0,3,NaN
3,0,3,NaN
3,0,3,NaN
2,1,3,NaN
3,0,3,NaN
2,1,3,NaN
1,2,3,NaN
2,1,3,0.2783692877527476
2,1,3,NaN
2,1,3,NaN
3,0,3,0.01631725830624874
2,1,3,NaN
3,0,3,NaN
2,1,3,NaN
1,2,3,0.7433590367901758
3,0,3,NaN
2,1,3,NaN
1,2,3,NaN
3,0,3,NaN
3,0,3,NaN
3,0,3,0.8652322931034484
3,0,3,NaN
3,0,3,NaN
3,0,3,NaN
1,2,3,NaN
1,2,3,NaN
3,0,3,0.4011103777394731
3,0,3,0.9272124484159221
3,0,3,NaN
3,0,3,0.7726517314264018
3,0,3,0.4011103777394731
2,1,3,NaN
3,0,3,NaN
3,0,3,NaN
1,2,3,NaN
1,2,3,NaN
3,0,3,0.7423423413009405
2,1,3,NaN
3,0,3,0.4475557477195245
2,1,3,NaN
3,0,3,NaN
3,0,3,NaN
3,0,3,NaN
2,1,3,NaN
2,1,3,NaN
3,0,3,0.9137791798943785
2,1,3,0.2783692877527476
1,2,3,NaN
2,1,3,NaN
3,0,3,NaN
3,0,3,0.3557510427918548
3,0,3,NaN
3,0,3,NaN
3,0,3,NaN
3,0,3,0.8652322931034484
3,0,3,0.002174644490643963
3,0,3,NaN
3,0,3,NaN
2,1,3,NaN
1,2,3,NaN
2,1,3,NaN
3,0,3,NaN
3,0,3,NaN
1,2,3,NaN
1,2,3,NaN
3,0,3,0.15938727449707998
2,1,3,0.02787455723542097
1,2,3,0.0630282359819421
1,2,3,NaN
2,1,3,0.8237080657963236
3,0,3,NaN
3,0,3,0.11735031057960332
1,2,3,NaN
3,0,3,NaN
2,1,3,NaN
3,0,3,0.5417209770628222
3,0,3,NaN
3,0,3,NaN
2,1,3,0.4011103777394731
3,0,3,NaN
2,1,3,0.5865196674031864
3,0,3,0.24290906152647984
3,0,3,NaN
2,1,3,NaN
3,0,3,0.24290906152647984
3,0,3,NaN
1,2,3,NaN
3,0,3,0.9204828084105061
3,0,3,0.9001259164326818
3,0,3,NaN
3,0,3,NaN
2,1,3,0.007662064402974918
2,1,3,NaN
2,1,3,0.31538291069709495
3,0,3,NaN
1,2,3,0.631220773570296
2,1,3,NaN
3,0,3,NaN
3,0,3,NaN
3,0,3,NaN
3,0,3,NaN
3,0,3,NaN
2,1,3,0.2714976848618461
3,0,3,0.032853775051729074
3,0,3,NaN
3,0,3,0.49543559874771725
3,0,3,0.07361819104140599
3,0,3,NaN
3,0,3,0.9789190809366978
2,1,3,0.03831329598506057
1,2,3,0.5865196674031864
2,1,3,NaN
3,0,3,NaN
3,0,3,0.9137791798943785
1,2,3,0.2783692877527476
3,0,3,0.5865196674031864
2,1,3,0.5865196674031864
2,1,3,NaN
3,0,3,NaN
3,0,3,NaN
1,2,3,0.5714671582255558
3,0,3,0.8958762517401009
3,0,3,NaN
2,1,3,NaN
3,0,3,NaN
2,1,3,NaN
2,1,3,NaN
3,0,3,NaN
3,0,3,0.7423423413009405
3,0,3,NaN
2,1,3,NaN
3,0,3,NaN
2,1,3,NaN
1,2,3,NaN
2,1,3,NaN
3,0,3,NaN
3,0,3,NaN
3,0,3,NaN
3,0,3,0.2783692877527476
3,0,3,NaN
3,0,3,NaN
3,0,3,NaN
3,0,3,NaN
3,0,3,NaN
3,0,3,NaN
3,0,3,0.016656938369781698
3,0,3,0.48796662186443346
3,0,3,NaN
3,0,3,NaN
3,0,3,NaN
3,0,3,0.5417209770628222
2,1,3,NaN
3,0,3,NaN
2,1,3,NaN
2,1,3,0.21185071034975703
2,1,3,0.8652322931034484
2,1,3,NaN
3,0,3,NaN
1,2,3,NaN
2,1,3,0.6717661875924231
3,0,3,0.3557510427918548
3,0,3,0.15938727449707998
1,2,3,0.8825820707276247
3,0,3,0.6717661875924231
3,0,3,0.5865196674031864
3,0,3,NaN
3,0,3,0.002174644490643963
2,1,3,0.321221426047442
2,1,3,NaN
3,0,3,NaN
2,1,3,NaN
2,1,3,NaN
3,0,3,NaN
3,0,3,NaN
3,0,3,0.02787455723542097
3,0,3,0.5865196674031864
3,0,3,NaN
3,0,3,NaN
1,2,3,0.8009088443748394
3,0,3,NaN
2,1,3,NaN
2,1,3,0.8827570506600473
3,0,3,NaN
2,1,3,0.8450772854630715
3,0,3,NaN
3,0,3,0.31538291069709495
3,0,3,0.04531425270758149
3,0,3,NaN
1,2,3,0.4011103777394731
3,0,3,NaN
3,0,3,NaN
3,0,3,NaN
3,0,3,0.24290906152647984
2,1,3,0.8237080657963236
3,0,3,0.959862095118594
3,0,3,NaN
1,2,3,NaN
1,2,3,NaN
1,2,3,NaN
2,1,3,0.9733084005106692
1,2,3,0.1782184971215875
3,0,3,NaN
2,1,3,NaN
3,0,3,NaN
3,0,3,0.31538291069709495
3,0,3,NaN
1,2,3,NaN
3,0,3,NaN
1,2,3,0.5865196674031864
3,0,3,NaN
1,2,3,NaN
1,2,3,NaN
3,0,3,0.7423423413009405
2,1,3,0.8450772854630715
3,0,3,NaN
3,0,3,NaN
2,1,3,NaN
3,0,3,0.18348414923983342
1,2,3,NaN
2,1,3,0.8450772854630715
3,0,3,0.9789190809366978
3,0,3,NaN
1,2,3,NaN
3,0,3,NaN
2,1,3,NaN
2,1,3,0.8450772854630715
3,0,3,0.5417209770628222
3,0,3,0.032853775051729074
3,0,3,0.5417209770628222
2,1,3,NaN
3,0,3,NaN
2,1,3,NaN
3,0,3,NaN
3,0,3,0.7195910676048861
3,0,3,0.8006696868167401
2,1,3,0.15938727449707998
3,0,3,0.49543559874771725
2,1,3,0.631220773570296
3,0,3,NaN
2,1,3,NaN
2,1,3,NaN
3,0,3,NaN
3,0,3,NaN
2,1,3,NaN
2,1,3,0.9663500458367166
2,1,3,NaN
3,0,3,NaN
1,2,3,NaN
3,0,3,NaN
3,0,3,0.596977664396597
2,1,3,0.11448489346761681
3,0,3,0.24290906152647984
3,0,3,NaN
3,0,3,NaN
2,1,3,0.9001259164326818
3,0,3,NaN
3,0,3,0.8006696868167401
3,0,3,NaN
3,0,3,NaN
3,0,3,NaN
3,0,3,NaN
2,1,3,0.8006696868167401
2,1,3,NaN
3,0,3,NaN
2,1,3,NaN
3,0,3,NaN
3,0,3,NaN
3,0,3,NaN
2,1,3,0.1205032423776778
1,2,3,0.9394569650180941
1,2,3,0.49543559874771725
3,0,3,0.9137791798943785
2,1,3,NaN
2,1,3,0.4011103777394731
1,2,3,NaN
2,1,3,0.5417209770628222
3,0,3,NaN
3,0,3,NaN
2,1,3,0.872171128521786
2,1,3,0.007349342594627595
1,2,3,0.3557510427918548
3,0,3,NaN
1,2,3,NaN
2,1,3,0.4011103777394731
3,0,3,NaN
3,0,3,NaN
3,0,3,NaN
1,2,3,0.5865196674031864
3,0,3,NaN
2,1,3,0.022455109578196603
1,2,3,0.8652322931034484
2,1,3,NaN
2,1,3,NaN
3,0,3,0.4475557477195245
3,0,3,NaN
3,0,3,NaN
3,0,3,0.0028788935843253277
3,0,3,NaN
3,0,3,NaN
3,0,3,NaN
3,0,3,NaN
3,0,3,NaN
3,0,3,NaN
3,0,3,NaN
3,0,3,NaN
3,0,3,NaN
3,0,3,NaN
3,0,3,NaN
3,0,3,NaN
3,0,3,NaN
2,1,3,NaN
3,0,3,NaN
2,1,3,0.8825820707276247
2,1,3,NaN
3,0,3,NaN
3,0,3,NaN
3,0,3,0.5417209770628222
2,1,3,NaN
3,0,3,NaN
3,0,3,NaN
3,0,3,NaN
3,0,3,NaN
3,0,3,NaN
3,0,3,0.21185071034975703
3,0,3,0.18348414923983342
3,0,3,0.5417209770628222
3,0,3,NaN
2,1,3,NaN
2,1,3,NaN
2,1,3,NaN
3,0,3,NaN
3,0,3,0.02787455723542097
3,0,3,0.6717661875924231
3,0,3,NaN
3,0,3,NaN
2,1,3,0.8652322931034484
3,0,3,NaN
2,1,3,0.02787455723542097
3,0,3,0.3557510427918548
3,0,3,0.004243052065979369
3,0,3,NaN
3,0,3,NaN
3,0,3,0.4475557477195245
3,0,3,0.3557510427918548
3,0,3,NaN
2,1,3,0.3557510427918548
3,0,3,NaN
2,1,3,NaN
3,0,3,NaN
3,0,3,NaN
3,0,3,NaN
3,0,3,NaN
3,0,3,NaN
2,1,3,NaN
2,1,3,NaN
3,0,3,0.9001259164326818
2,1,3,NaN
2,1,3,0.8827570506600473
3,0,3,NaN
3,0,3,NaN
1,2,3,0.21185071034975703
2,1,3,0.8273404403689961
3,0,3,NaN
3,0,3,NaN
3,0,3,NaN
1,2,3,NaN
3,0,3,NaN
3,0,3,NaN
3,0,3,NaN
3,0,3,NaN
3,0,3,NaN
3,0,3,NaN
1,2,3,NaN
3,0,3,NaN
2,1,3,NaN
1,2,3,0.032853775051729074
3,0,3,0.6717661875924231
3,0,3,NaN
3,0,3,NaN
1,2,3,NaN
3,0,3,NaN
3,0,3,NaN
2,1,3,0.18348414923983342
1,2,3,NaN
1,2,3,0.4475557477195245
1,2,3,NaN
3,0,3,NaN
3,0,3,0.8827570506600473
2,1,3,NaN
2,1,3,NaN
3,0,3,NaN
3,0,3,NaN
2,1,3,NaN
3,0,3,NaN
1,2,3,NaN
3,0,3,0.9137791798943785
1,2,3,0.49543559874771725
1,2,3,NaN
2,1,3,0.9663500458367166
1,2,3,NaN
3,0,3,0.6956948978363752
2,1,3,0.24290906152647984
3,0,3,NaN
3,0,3,NaN
3,0,3,NaN
2,1,3,NaN
3,0,3,0.4475557477195245
2,1,3,0.9272124484159221
1,2,3,0.08612589160650815
3,0,3,NaN
2,1,3,NaN
3,0,3,0.9663500458367166
2,1,3,NaN
2,1,3,0.7423423413009405
3,0,3,0.4475557477195245
1,2,3,NaN
1,2,3,0.4011103777394731
3,0,3,0.5417209770628222
2,1,3,0.7726517314264018
3,0,3,NaN
3,0,3,NaN
2,1,3,0.5865196674031864
3,0,3,NaN
2,1,3,NaN
3,0,3,NaN
3,0,3,NaN
3,0,3,NaN
3,0,3,NaN
2,1,3,NaN
2,1,3,0.0003337935247393891
2,1,3,NaN
2,1,3,0.7423423413009405
2,1,3,0.05618513065833065
3,0,3,0.8827570506600473
3,0,3,NaN
3,0,3,NaN
3,0,3,NaN
3,0,3,NaN
3,0,3,0.8827570506600473
3,0,3,NaN
3,0,3,NaN
1,2,3,NaN
3,0,3,NaN
3,0,3,0.9628025134227487
3,0,3,0.2783692877527476
3,0,3,NaN
1,2,3,0.8652322931034484
3,0,3,0.48762226963993255
3,0,3,NaN
3,0,3,0.631220773570296
3,0,3,NaN
1,2,3,0.4475557477195245
1,2,3,0.631220773570296
3,0,3,NaN
3,0,3,0.5417209770628222
3,0,3,NaN
3,0,3,NaN
1,2,3,0.31538291069709495
3,0,3,0.0630282359819421
3,0,3,NaN
3,0,3,NaN
3,0,3,8.085853746477512e-5
1,2,3,NaN
2,1,3,NaN
2,1,3,NaN
3,0,3,NaN
1,2,3,NaN
2,1,3,0.8237080657963236
2,1,3,NaN
2,1,3,0.9663500458367166
2,1,3,NaN
3,0,3,NaN
2,1,3,0.007349342594627595
1,2,3,0.631220773570296
2,1,3,0.016656938369781698
3,0,3,0.3557510427918548
2,1,3,NaN
2,1,3,0.24290906152647984
3,0,3,NaN
3,0,3,0.31538291069709495
2,1,3,NaN
2,1,3,NaN
3,0,3,NaN
3,0,3,NaN
1,2,3,NaN
3,0,3,NaN
1,2,3,NaN
3,0,3,NaN
2,1,3,0.5865196674031864
2,1,3,0.011335119107957231
3,0,3,0.7726517314264018
3,0,3,0.053556438906752275
3,0,3,NaN
3,0,3,NaN
2,1,3,0.8237080657963236
3,0,3,5.5767305338316475e-6
3,0,3,0.3557510427918548
2,1,3,NaN
3,0,3,NaN
3,0,3,NaN
3,0,3,0.31538291069709495
3,0,3,NaN
3,0,3,0.9590286414731528
3,0,3,0.04531425270758149
3,0,3,NaN
1,2,3,0.7092033041123709
3,0,3,NaN
2,1,3,NaN
1,2,3,0.08612589160650815
3,0,3,NaN
3,0,3,NaN
2,1,3,NaN
2,1,3,NaN
2,1,3,0.10032275229784271
3,0,3,NaN
2,1,3,NaN
3,0,3,NaN
3,0,3,NaN
3,0,3,NaN
2,1,3,0.45145152132093413
2,1,3,NaN
3,0,3,NaN
2,1,3,NaN
1,2,3,NaN
2,1,3,0.35960053888192506
2,1,3,NaN
3,0,3,NaN
2,1,3,0.631220773570296
3,0,3,0.4475557477195245
3,0,3,NaN
3,0,3,NaN
2,1,3,0.4011103777394731
2,1,3,NaN
3,0,3,NaN
2,1,3,0.7423423413009405
3,0,3,NaN
3,0,3,NaN
2,1,3,NaN
3,0,3,NaN
3,0,3,0.9394569650180941
1,2,3,NaN
2,1,3,NaN
3,0,3,NaN
2,1,3,NaN
3,0,3,0.4155618969404342
3,0,3,NaN
2,1,3,NaN
3,0,3,NaN
1,2,3,0.39117182757839936
1,2,3,NaN
3,0,3,NaN
3,0,3,NaN
3,0,3,NaN
3,0,3,0.08612589160650815
2,1,3,0.24290906152647984
2,1,3,NaN
1,2,3,NaN
3,0,3,NaN
3,0,3,0.5865196674031864
2,1,3,NaN
3,0,3,NaN
3,0,3,NaN
2,1,3,NaN
3,0,3,NaN
1,2,3,NaN
2,1,3,NaN
2,1,3,0.03831329598506057
3,0,3,9.399581199074068e-6
3,0,3,NaN
3,0,3,NaN
3,0,3,NaN
3,0,3,0.8012183129642948
3,0,3,NaN
2,1,3,0.11735031057960332
1,2,3,NaN
2,1,3,0.8450772854630715
2,1,3,0.4087914221489063
3,0,3,NaN
3,0,3,NaN
3,0,3,NaN
3,0,3,NaN
3,0,3,NaN
1,2,3,0.3557510427918548
2,1,3,NaN
3,0,3,NaN
3,0,3,0.7092033041123709
1,2,3,0.8237080657963236
2,1,3,0.48416940683333404
3,0,3,NaN
3,0,3,0.9394569650180941
2,1,3,0.13695747655435897
2,1,3,0.7423423413009405
3,0,3,NaN
1,2,3,NaN
3,0,3,0.3557510427918548
3,0,3,NaN
2,1,3,NaN
2,1,3,NaN
3,0,3,NaN
3,0,3,NaN
1,2,3,0.15938727449707998
3,0,3,0.7423423413009405
3,0,3,0.49543559874771725
3,0,3,NaN
2,1,3,NaN
3,0,3,NaN
1,2,3,NaN
3,0,3,NaN
1,2,3,NaN
1,2,3,NaN
2,1,3,NaN
2,1,3,NaN
2,1,3,0.13695747655435897
3,0,3,0.15938727449707998
3,0,3,0.0630282359819421
3,0,3,NaN
3,0,3,0.3557510427918548
1,2,3,0.032853775051729074
3,0,3,NaN
3,0,3,NaN
3,0,3,NaN
2,1,3,NaN
3,0,3,NaN
3,0,3,NaN
1,2,3,NaN
3,0,3,0.18348414923983342
3,0,3,NaN
3,0,3,NaN
3,0,3,0.5417209770628222
3,0,3,NaN
2,1,3,NaN
2,1,3,0.8237080657963236
2,1,3,NaN
3,0,3,NaN
2,1,3,0.053556438906752275
2,1,3,NaN
3,0,3,0.45145152132093413
1,2,3,NaN
1,2,3,0.21185071034975703
3,0,3,NaN
2,1,3,NaN
2,1,3,NaN
2,1,3,0.04531425270758149
3,0,3,NaN
3,0,3,0.2783692877527476
2,1,3,NaN
2,1,3,NaN
2,1,3,NaN
3,0,3,NaN
3,0,3,NaN
2,1,3,0.7726517314264018
3,0,3,NaN
2,1,3,NaN
3,0,3,NaN
3,0,3,NaN
2,1,3,NaN
3,0,3,NaN
3,0,3,0.24290906152647984
3,0,3,NaN
2,1,3,0.8493614973272341
2,1,3,0.6717661875924231
2,1,3,NaN
3,0,3,NaN
3,0,3,0.5865196674031864
1,2,3,NaN
3,0,3,NaN
3,0,3,NaN
3,0,3,NaN
2,1,3,0.9590286414731528
3,0,3,NaN
2,1,3,NaN
3,0,3,NaN
3,0,3,0.6717661875924231
3,0,3,NaN
3,0,3,NaN
1,2,3,0.08612589160650815
3,0,3,NaN
3,0,3,0.4011103777394731
3,0,3,NaN
2,1,3,NaN
1,2,3,NaN
1,2,3,NaN
2,1,3,0.9590286414731528
3,0,3,NaN
3,0,3,0.9001259164326818
2,1,3,NaN
2,1,3,NaN
3,0,3,NaN
1,2,3,NaN
2,1,3,0.17239957638594303
3,0,3,NaN
3,0,3,NaN
2,1,3,0.016656938369781698
1,2,3,NaN
3,0,3,0.023437746643316073
3,0,3,NaN
1,2,3,NaN
3,0,3,NaN
2,1,3,0.9733084005106692
2,1,3,NaN
2,1,3,NaN
3,0,3,NaN
2,1,3,0.9272124484159221
3,0,3,NaN
3,0,3,NaN
3,0,3,NaN
1,2,3,NaN
3,0,3,NaN
1,2,3,NaN
2,1,3,NaN
1,2,3,NaN
3,0,3,0.11735031057960332
2,1,3,NaN
3,0,3,0.3557510427918548
3,0,3,NaN
3,0,3,0.631220773570296
3,0,3,NaN
3,0,3,0.053556438906752275
3,0,3,NaN
3,0,3,0.49543559874771725
3,0,3,NaN
2,1,3,0.11735031057960332
3,0,3,NaN
2,1,3,0.7092033041123709
3,0,3,NaN
2,1,3,0.631220773570296
2,1,3,NaN
2,1,3,NaN
3,0,3,NaN
1,2,3,0.7869407257884593
2,1,3,NaN
3,0,3,NaN
3,0,3,0.49543559874771725
3,0,3,NaN
3,0,3,NaN
3,0,3,NaN
2,1,3,NaN
2,1,3,0.8652322931034484
2,1,3,NaN
2,1,3,NaN
3,0,3,NaN
3,0,3,NaN
3,0,3,0.7092033041123709
2,1,3,0.9590286414731528
3,0,3,NaN
3,0,3,NaN
3,0,3,NaN
3,0,3,NaN
3,0,3,NaN
2,1,3,0.5865196674031864
2,1,3,NaN
3,0,3,NaN
2,1,3,NaN
2,1,3,NaN
3,0,3,NaN
2,1,3,NaN
2,1,3,NaN
2,1,3,NaN
2,1,3,NaN
2,1,3,NaN
3,0,3,NaN
2,1,3,NaN
2,1,3,NaN
3,0,3,NaN
1,2,3,0.31538291069709495
3,0,3,NaN
3,0,3,0.8652322931034484
3,0,3,NaN
2,1,3,NaN
3,0,3,0.053556438906752275
2,1,3,NaN
3,0,3,NaN
2,1,3,NaN
2,1,3,0.3978734912472814
3,0,3,0.4475557477195245
2,1,3,NaN
2,1,3,NaN
3,0,3,NaN
3,0,3,0.8450772854630715
3,0,3,NaN
3,0,3,0.004243052065979369
3,0,3,0.19159711197536944
1,2,3,NaN
3,0,3,NaN
2,1,3,0.8443251722607275
3,0,3,0.019796251803769704
3,0,3,NaN
3,0,3,NaN
3,0,3,NaN
1,2,3,NaN
2,1,3,NaN
2,1,3,NaN
1,2,3,NaN
3,0,3,0.5417209770628222
3,0,3,NaN
2,1,3,0.7726517314264018
2,1,3,0.5417209770628222
3,0,3,NaN
3,0,3,0.8652322931034484
2,1,3,0.8237080657963236
3,0,3,0.7092033041123709
3,0,3,NaN
3,0,3,NaN
3,0,3,NaN
3,0,3,NaN
2,1,3,0.5865196674031864
3,0,3,NaN
3,0,3,NaN
2,1,3,NaN
1,2,3,NaN
2,1,3,0.003667812051649711
2,1,3,0.5865196674031864
3,0,3,NaN
1,2,3,0.631220773570296
3,0,3,NaN
1,2,3,NaN
2,1,3,NaN
2,1,3,NaN
1,2,3,NaN
2,1,3,0.631220773570296
3,0,3,NaN
3,0,3,0.4011103777394731
2,1,3,0.40778061682487854
3,0,3,NaN
3,0,3,NaN
3,0,3,NaN
1,2,3,0.4475557477195245
1,2,3,NaN
2,1,3,NaN
3,0,3,NaN
3,0,3,NaN
3,0,3,NaN
2,1,3,NaN
2,1,3,NaN
3,0,3,NaN
2,1,3,NaN
3,0,3,0.49543559874771725
2,1,3,NaN
1,2,3,NaN
3,0,3,NaN
2,1,3,NaN
3,0,3,NaN
3,0,3,NaN
3,0,3,0.03831329598506057
2,1,3,0.5865196674031864
3,0,3,NaN
2,1,3,NaN
3,0,3,0.019796251803769704
2,1,3,NaN
3,0,3,NaN
3,0,3,NaN
3,0,3,NaN
3,0,3,NaN
2,1,3,0.7423423413009405
3,0,3,NaN
2,1,3,NaN
2,1,3,NaN
3,0,3,NaN
2,1,3,NaN
3,0,3,0.5417209770628222
2,1,3,NaN
3,0,3,NaN
3,0,3,NaN
3,0,3,NaN
2,1,3,0.8652322931034484
3,0,3,NaN
3,0,3,0.4475557477195245
2,1,3,0.39240048784992326
3,0,3,NaN
3,0,3,NaN
3,0,3,0.5865196674031864
1,2,3,NaN
3,0,3,NaN
3,0,3,NaN
3,0,3,0.01384068834559692
3,0,3,0.7423423413009405
3,0,3,NaN
3,0,3,NaN
2,1,3,NaN
3,0,3,NaN
3,0,3,NaN
2,1,3,NaN
3,0,3,NaN
1,2,3,NaN
3,0,3,0.8652322931034484
2,1,3,0.7726517314264018
3,0,3,NaN
3,0,3,NaN
3,0,3,NaN
3,0,3,NaN
3,0,3,0.07361819104140599
3,0,3,0.04710586429197951
2,1,3,0.4011103777394731
3,0,3,NaN
3,0,3,0.10032275229784271
1,2,3,NaN
3,0,3,0.6717661875924231
3,0,3,0.18348414923983342
3,0,3,NaN
3,0,3,NaN
2,1,3,NaN
3,0,3,NaN
3,0,3,NaN
3,0,3,0.15938727449707998
3,0,3,NaN
1,2,3,0.49543559874771725
2,1,3,NaN
2,1,3,0.5865196674031864
3,0,3,NaN
3,0,3,NaN
3,0,3,NaN
3,0,3,0.7423423413009405
3,0,3,NaN
2,1,3,0.01384068834559692
2,1,3,NaN
1,2,3,NaN
1,2,3,NaN
2,1,3,0.631220773570296
2,1,3,NaN
2,1,3,NaN
1,2,3,NaN
3,0,3,NaN
2,1,3,0.7092033041123709
2,1,3,0.7416526249544453
2,1,3,NaN
3,0,3,NaN
3,0,3,NaN
3,0,3,NaN
3,0,3,0.4475557477195245
1,2,3,NaN
2,1,3,NaN
3,0,3,NaN
3,0,3,0.97475251484558
3,0,3,0.07361819104140599
2,1,3,0.5941149636239217
3,0,3,NaN
3,0,3,NaN
3,0,3,0.865856228509367
3,0,3,NaN
2,1,3,NaN
3,0,3,0.631220773570296
2,1,3,NaN
2,1,3,NaN
2,1,3,NaN
3,0,3,NaN
2,1,3,NaN
2,1,3,0.15938727449707998
1,2,3,0.10032275229784271
3,0,3,NaN
3,0,3,0.6882409341666169
3,0,3,0.8652322931034484
3,0,3,NaN
2,1,3,0.8006696868167401
3,0,3,0.8450772854630715
3,0,3,NaN
3,0,3,NaN
2,1,3,NaN
3,0,3,NaN
3,0,3,NaN
3,0,3,0.5417209770628222
3,0,3,0.10032275229784271
2,1,3,0.3140788080690369
3,0,3,0.24290906152647984
3,0,3,NaN
3,0,3,NaN
2,1,3,NaN
1,2,3,0.9970869313800661
3,0,3,NaN
1,2,3,NaN
2,1,3,NaN
2,1,3,NaN
3,0,3,0.023437746643316073
2,1,3,NaN
2,1,3,NaN
3,0,3,NaN
2,1,3,NaN
1,2,3,NaN
1,2,3,0.5865196674031864
3,0,3,NaN
3,0,3,NaN
3,0,3,NaN
2,1,3,0.18348414923983342
3,0,3,NaN
2,1,3,0.3222629772517546
3,0,3,NaN
1,2,3,NaN
1,2,3,0.5417209770628222
1,2,3,NaN
3,0,3,NaN
2,1,3,NaN
3,0,3,0.24290906152647984
2,1,3,NaN
3,0,3,NaN
1,2,3,NaN
3,0,3,NaN
2,1,3,NaN
3,0,3,NaN
2,1,3,0.7423423413009405
2,1,3,NaN
1,2,3,NaN
3,0,3,NaN
3,0,3,0.5417209770628222
3,0,3,0.2232445271913284
3,0,3,NaN
3,0,3,NaN
1,2,3,NaN
2,1,3,NaN
3,0,3,0.8652322931034484
3,0,3,NaN
2,1,3,NaN
3,0,3,NaN
3,0,3,NaN
1,2,3,NaN
2,1,3,NaN
3,0,3,NaN
3,0,3,0.31538291069709495
2,1,3,0.8567150145957111
2,1,3,NaN
3,0,3,NaN
3,0,3,0.007349342594627595
2,1,3,0.9916966421839661
2,1,3,0.016656938369781698
3,0,3,NaN
3,0,3,0.5865196674031864
3,0,3,0.8652322931034484
3,0,3,0.8006696868167401
2,1,3,0.6717661875924231
3,0,3,NaN
1,2,3,NaN
3,0,3,NaN
3,0,3,NaN
2,1,3,0.2603072010374049
1,2,3,0.5640607765433693
3,0,3,0.4475557477195245
3,0,3,NaN
2,1,3,0.4155618969404342
2,1,3,NaN
3,0,3,NaN
2,1,3,NaN
3,0,3,NaN
1,2,3,NaN
3,0,3,0.6717661875924231
3,0,3,0.2494557729056143
3,0,3,0.6717661875924231
3,0,3,0.15938727449707998
2,1,3,NaN
2,1,3,0.49543559874771725
2,1,3,NaN
3,0,3,NaN
3,0,3,0.631220773570296
3,0,3,NaN
2,1,3,NaN
3,0,3,NaN
3,0,3,NaN
2,1,3,0.030758156819904358
2,1,3,NaN
2,1,3,0.18348414923983342
2,1,3,NaN
2,1,3,NaN
3,0,3,NaN
2,1,3,0.9001259164326818
3,0,3,NaN
3,0,3,NaN
2,1,3,0.18348414923983342
3,0,3,0.7726517314264018
3,0,3,NaN
2,1,3,NaN
2,1,3,0.8652322931034484
1,2,3,NaN
3,0,3,0.7726517314264018
3,0,3,NaN
2,1,3,0.99874973208563
2,1,3,NaN
2,1,3,NaN
1,2,3,0.0630282359819421
3,0,3,0.8827570506600473
3,0,3,NaN
3,0,3,NaN
3,0,3,NaN
2,1,3,NaN
3,0,3,NaN
2,1,3,NaN
3,0,3,NaN
2,1,3,NaN
3,0,3,0.7423423413009405
3,0,3,NaN
3,0,3,0.8827570506600473
1,2,3,NaN
3,0,3,0.4475557477195245
1,2,3,0.13695747655435897
2,1,3,NaN
1,2,3,NaN
2,1,3,NaN
3,0,3,NaN
2,1,3,NaN
3,0,3,NaN
2,1,3,NaN
1,2,3,NaN
3,0,3,0.00025459882583054385
3,0,3,0.9663500458367166
3,0,3,NaN
2,1,3,0.3296496747755379
3,0,3,NaN
3,0,3,NaN
3,0,3,NaN
3,0,3,NaN
2,1,3,0.8006696868167401
3,0,3,NaN
1,2,3,NaN
2,1,3,NaN
2,1,3,NaN
3,0,3,NaN
3,0,3,NaN
3,0,3,NaN
2,1,3,NaN
3,0,3,NaN
2,1,3,NaN
1,2,3,NaN
2,1,3,0.7423423413009405
3,0,3,NaN
2,1,3,NaN
1,2,3,0.07361819104140599
3,0,3,NaN
2,1,3,NaN
3,0,3,NaN
3,0,3,NaN
2,1,3,0.3103194978340013
3,0,3,0.631220773570296
1,2,3,NaN
2,1,3,0.9272124484159221
3,0,3,0.9137791798943785
3,0,3,0.631220773570296
3,0,3,0.2783692877527476
1,2,3,NaN
2,1,3,NaN
3,0,3,0.053556438906752275
3,0,3,NaN
1,2,3,NaN
3,0,3,NaN
3,0,3,0.8055448683865796
3,0,3,NaN
1,2,3,NaN
3,0,3,0.08612589160650815
1,2,3,0.4810476269387019
2,1,3,NaN
3,0,3,NaN
3,0,3,NaN
2,1,3,NaN
3,0,3,NaN
2,1,3,NaN
3,0,3,NaN
3,0,3,NaN
3,0,3,NaN
3,0,3,NaN
3,0,3,NaN
1,2,3,NaN
3,0,3,NaN
3,0,3,NaN
3,0,3,0.7423423413009405
1,2,3,NaN
3,0,3,0.24290906152647984
2,1,3,0.9001259164326818
1,2,3,0.7423423413009405
2,1,3,0.4011103777394731
3,0,3,NaN
2,1,3,0.9272124484159221
3,0,3,NaN
3,0,3,NaN
2,1,3,0.02787455723542097
3,0,3,0.6717661875924231
1,2,3,NaN
3,0,3,NaN
1,2,3,0.2687988404175689
3,0,3,0.7962091172332871
3,0,3,NaN
3,0,3,0.07361819104140599
2,1,3,0.8652322931034484
3,0,3,NaN
3,0,3,NaN
1,2,3,NaN
2,1,3,NaN
1,2,3,NaN
3,0,3,NaN
1,2,3,NaN
1,2,3,NaN
2,1,3,0.8237080657963236
2,1,3,0.8827570506600473
3,0,3,0.4475557477195245
2,1,3,NaN
2,1,3,NaN
2,1,3,NaN
3,0,3,NaN
3,0,3,NaN
1,2,3,NaN
2,1,3,NaN
2,1,3,NaN
2,1,3,NaN
2,1,3,NaN
3,0,3,NaN
3,0,3,NaN
2,1,3,0.8450772854630715
3,0,3,NaN
3,0,3,0.5865196674031864
3,0,3,NaN
3,0,3,NaN
2,1,3,NaN
3,0,3,0.7423423413009405
3,0,3,0.7092033041123709
3,0,3,NaN
3,0,3,0.10032275229784271
2,1,3,NaN
2,1,3,0.49543559874771725
3,0,3,NaN
3,0,3,NaN
2,1,3,NaN
3,0,3,NaN
2,1,3,NaN
3,0,3,NaN
1,2,3,NaN
3,0,3,NaN
2,1,3,0.12535701036362762
3,0,3,NaN
3,0,3,NaN
1,2,3,NaN
1,2,3,0.22498386269722465
3,0,3,NaN
2,1,3,0.31538291069709495
3,0,3,NaN
3,0,3,NaN
3,0,3,0.08612589160650815
3,0,3,NaN
1,2,3,NaN
3,0,3,NaN
1,2,3,NaN
3,0,3,NaN
3,0,3,0.2783692877527476
3,0,3,0.9885707782763422
3,0,3,0.031092423139682055
2,1,3,0.6717661875924231
2,1,3,NaN
1,2,3,NaN
3,0,3,NaN
2,1,3,NaN
3,0,3,0.0630282359819421
3,0,3,0.4011103777394731
3,0,3,4.025853230889044e-6
3,0,3,0.04531425270758149
3,0,3,0.0012771181829222176
3,0,3,NaN
3,0,3,NaN
3,0,3,NaN
1,2,3,NaN
3,0,3,NaN
3,0,3,NaN
3,0,3,0.8652322931034484
3,0,3,NaN
3,0,3,0.18348414923983342
3,0,3,NaN
3,0,3,0.7726517314264018
3,0,3,0.9272124484159221
3,0,3,NaN
3,0,3,NaN
3,0,3,NaN
1,2,3,NaN
3,0,3,0.8006696868167401
2,1,3,NaN
2,1,3,NaN
3,0,3,NaN
3,0,3,NaN
2,1,3,0.053556438906752275
3,0,3,NaN
3,0,3,0.11881885597296148
1,2,3,NaN
3,0,3,0.7092033041123709
2,1,3,NaN
3,0,3,0.5865196674031864
2,1,3,NaN
3,0,3,NaN
3,0,3,NaN
3,0,3,NaN
3,0,3,0.2783692877527476
3,0,3,0.4011103777394731
3,0,3,NaN
2,1,3,NaN
3,0,3,NaN
3,0,3,NaN
3,0,3,NaN
2,1,3,NaN
1,2,3,0.9047853618061095
3,0,3,NaN
2,1,3,0.8652322931034484
3,0,3,0.5773362437137952
3,0,3,NaN
2,1,3,NaN
2,1,3,NaN
3,0,3,0.9137791798943785
2,1,3,0.5417209770628222
3,0,3,0.9137791798943785
3,0,3,0.8450772854630715
2,1,3,0.5417209770628222
3,0,3,NaN
3,0,3,0.006162005486132496
3,0,3,NaN
2,1,3,NaN
3,0,3,NaN
1,2,3,0.31297661183624653
1,2,3,NaN
2,1,3,NaN
3,0,3,NaN
3,0,3,NaN
2,1,3,NaN
1,2,3,NaN
3,0,3,NaN
3,0,3,NaN
3,0,3,NaN
2,1,3,NaN
3,0,3,NaN
3,0,3,NaN
1,2,3,NaN
3,0,3,NaN
3,0,3,NaN
3,0,3,0.7092033041123709
2,1,3,NaN
3,0,3,NaN
3,0,3,0.631220773570296
3,0,3,0.31538291069709495
3,0,3,0.11735031057960332
3,0,3,NaN
3,0,3,NaN
3,0,3,NaN
3,0,3,NaN
2,1,3,NaN
1,2,3,NaN
3,0,3,0.003667812051649711
2,1,3,0.9394569650180941
2,1,3,0.21185071034975703
3,0,3,NaN
2,1,3,NaN
3,0,3,0.631220773570296
1,2,3,0.21185071034975703
3,0,3,NaN
3,0,3,NaN
3,0,3,0.49543559874771725
3,0,3,NaN
1,2,3,NaN
3,0,3,NaN
2,1,3,NaN
3,0,3,0.9394569650180941
2,1,3,0.9137791798943785
2,1,3,NaN
1,2,3,NaN
3,0,3,NaN
3,0,3,NaN
2,1,3,NaN
3,0,3,0.00154327323529028
3,0,3,NaN
1,2,3,NaN
3,0,3,0.15938727449707998
2,1,3,NaN
3,0,3,0.9493033010224405
3,0,3,0.18348414923983342
2,1,3,0.9137791798943785
2,1,3,0.5865196674031864
1,2,3,NaN
3,0,3,NaN
2,1,3,NaN
2,1,3,NaN
1,2,3,0.8450772854630715
2,1,3,0.631220773570296
3,0,3,NaN
3,0,3,NaN
1,2,3,NaN
3,0,3,NaN
3,0,3,NaN
3,0,3,0.10032275229784271
3,0,3,0.016656938369781698
3,0,3,NaN
3,0,3,0.0005932662962095539
3,0,3,0.5865196674031864
2,1,3,NaN
3,0,3,NaN
3,0,3,0.4475557477195245
3,0,3,NaN
3,0,3,0.21185071034975703
1,2,3,NaN
2,1,3,0.6717661875924231
3,0,3,NaN
3,0,3,NaN
3,0,3,NaN
3,0,3,NaN
3,0,3,0.3557510427918548
2,1,3,0.8006696868167401
2,1,3,0.04531425270758149
2,1,3,NaN
3,0,3,0.4475557477195245
1,2,3,NaN
3,0,3,0.9394569650180941
2,1,3,NaN
3,0,3,NaN
2,1,3,0.6717661875924231
3,0,3,NaN
3,0,3,NaN
3,0,3,NaN
2,1,3,0.13595932099187039
3,0,3,0.8827570506600473
1,2,3,0.04225142236583336
1,2,3,NaN
3,0,3,NaN
3,0,3,NaN
3,0,3,NaN
3,0,3,NaN
3,0,3,NaN
3,0,3,NaN
1,2,3,NaN
2,1,3,NaN
3,0,3,NaN
3,0,3,NaN
3,0,3,0.053556438906752275
3,0,3,NaN
2,1,3,NaN
1,2,3,0.2783692877527476
3,0,3,0.03831329598506057
3,0,3,NaN
1,2,3,0.49543559874771725
2,1,3,0.31538291069709495
3,0,3,NaN
3,0,3,NaN
3,0,3,0.7726517314264018
3,0,3,NaN
2,1,3,NaN
1,2,3,0.0630282359819421
3,0,3,0.631220773570296
1,2,3,NaN
1,2,3,0.01964751139271028
2,1,3,NaN
3,0,3,0.08612589160650815
3,0,3,NaN
3,0,3,0.3557510427918548
1,2,3,0.0397876711182459
3,0,3,NaN
3,0,3,0.13695747655435897
2,1,3,NaN
2,1,3,NaN
3,0,3,NaN
3,0,3,0.7726517314264018
3,0,3,NaN
1,2,3,NaN
3,0,3,0.02787455723542097
2,1,3,NaN
2,1,3,0.053556438906752275
3,0,3,0.2783692877527476
1,2,3,NaN
1,2,3,0.016656938369781698
3,0,3,NaN
2,1,3,0.7092033041123709
3,0,3,NaN
2,1,3,0.49543559874771725
3,0,3,NaN
1,2,3,NaN
3,0,3,NaN
3,0,3,NaN
3,0,3,0.631220773570296
3,0,3,NaN
3,0,3,NaN
2,1,3,0.7558565668598912
3,0,3,NaN
1,2,3,NaN
3,0,3,0.7092033041123709
3,0,3,0.15938727449707998
3,0,3,NaN
2,1,3,0.18348414923983342
3,0,3,NaN
2,1,3,0.4146689370945025
1,2,3,NaN
3,0,3,0.8450772854630715
3,0,3,NaN
3,0,3,NaN
1,2,3,0.49543559874771725
3,0,3,NaN
3,0,3,0.032853775051729074
3,0,3,NaN
2,1,3,NaN
2,1,3,0.49543559874771725
1,2,3,NaN
3,0,3,0.9137791798943785
2,1,3,0.9137791798943785
2,1,3,0.6717661875924231
2,1,3,NaN
2,1,3,NaN
3,0,3,0.4475557477195245
3,0,3,0.9137791798943785
1,2,3,NaN
3,0,3,0.8450772854630715
1,2,3,NaN
3,0,3,NaN
3,0,3,0.9001259164326818
3,0,3,0.5022467846173346
3,0,3,0.29866813569091166
2,1,3,NaN
3,0,3,NaN
2,1,3,NaN
3,0,3,NaN
3,0,3,NaN
3,0,3,0.13695747655435897
3,0,3,NaN
3,0,3,0.631220773570296
2,1,3,0.31538291069709495
2,1,3,NaN
2,1,3,0.006162005486132496
1,2,3,0.11735031057960332
3,0,3,0.7092033041123709
2,1,3,0.8652322931034484
1,2,3,NaN
3,0,3,NaN
3,0,3,NaN
3,0,3,NaN
2,1,3,0.15938727449707998
1,2,3,0.2783692877527476
3,0,3,0.7423423413009405
2,1,3,NaN
2,1,3,NaN
2,1,3,NaN
3,0,3,NaN
3,0,3,NaN
2,1,3,NaN
2,1,3,0.8827570506600473
2,1,3,NaN
3,0,3,0.00869726514992638
1,2,3,NaN
3,0,3,0.31538291069709495
3,0,3,NaN
1,2,3,0.9663500458367166
3,0,3,0.7092033041123709
1,2,3,NaN
3,0,3,0.24290906152647984
2,1,3,1.071752280387718e-5
3,0,3,NaN
3,0,3,NaN
2,1,3,NaN
3,0,3,0.03831329598506057
3,0,3,NaN
2,1,3,NaN
3,0,3,0.6163604147416746
2,1,3,0.31538291069709495
2,1,3,0.49543559874771725
2,1,3,NaN
1,2,3,0.9740531148938489
3,0,3,NaN
2,1,3,NaN
3,0,3,0.20471143558157323
3,0,3,NaN
3,0,3,NaN
3,0,3,0.2783692877527476
3,0,3,NaN
1,2,3,NaN
1,2,3,NaN
3,0,3,NaN
1,2,3,0.07361819104140599
1,2,3,NaN
3,0,3,0.05406684693149736
1,2,3,NaN
3,0,3,0.7423423413009405
3,0,3,NaN
3,0,3,NaN
3,0,3,0.0051653647514528205
3,0,3,NaN
3,0,3,NaN
2,1,3,NaN
2,1,3,NaN
1,2,3,NaN
3,0,3,NaN
2,1,3,0.21185071034975703
3,0,3,0.004243052065979369
1,2,3,0.8450772854630715
3,0,3,NaN
3,0,3,NaN
3,0,3,NaN
3,0,3,NaN
3,0,3,NaN
3,0,3,NaN
3,0,3,NaN
2,1,3,0.4475557477195245
2,1,3,NaN
2,1,3,0.2783692877527476
2,1,3,0.07361819104140599
2,1,3,0.4011103777394731
3,0,3,NaN
3,0,3,NaN
3,0,3,0.04531425270758149
3,0,3,NaN
3,0,3,NaN
1,2,3,0.8827570506600473
2,1,3,0.8827570506600473
1,2,3,0.546152762799012
3,0,3,0.5417209770628222
3,0,3,0.0033227796239621576
3,0,3,0.1292221642705556
1,2,3,NaN
3,0,3,NaN
1,2,3,0.4011103777394731
3,0,3,0.3557510427918548
3,0,3,NaN
3,0,3,0.9137791798943785
3,0,3,NaN
3,0,3,NaN
3,0,3,NaN
3,0,3,0.15938727449707998
2,1,3,NaN
3,0,3,0.31538291069709495
3,0,3,NaN
2,1,3,NaN
3,0,3,NaN
2,1,3,0.36781165287223216
2,1,3,0.10032275229784271
3,0,3,NaN
3,0,3,NaN
2,1,3,0.07361819104140599
3,0,3,NaN
3,0,3,0.8237080657963236
3,0,3,NaN
1,2,3,0.15938727449707998
2,1,3,0.631220773570296
3,0,3,0.5417209770628222
2,1,3,NaN
1,2,3,NaN
1,2,3,NaN
1,2,3,NaN
3,0,3,NaN
1,2,3,0.007349342594627595
2,1,3,0.2783692877527476
3,0,3,0.24290906152647984
3,0,3,NaN
3,0,3,NaN
3,0,3,NaN
1,2,3,0.9394569650180941
3,0,3,NaN
3,0,3,0.4011103777394731
3,0,3,0.3557510427918548
3,0,3,NaN
1,2,3,NaN
3,0,3,0.7726517314264018
2,1,3,0.07361819104140599
3,0,3,0.06260803999115534
3,0,3,0.08612589160650815
2,1,3,0.7092033041123709
1,2,3,NaN
2,1,3,NaN
3,0,3,0.18348414923983342
3,0,3,NaN
2,1,3,NaN
2,1,3,NaN
3,0,3,0.27108864225141616
3,0,3,0.8237080657963236
3,0,3,0.8237080657963236
1,2,3,0.016656938369781698
3,0,3,NaN
3,0,3,NaN
1,2,3,NaN
3,0,3,NaN
2,1,3,0.2783692877527476
2,1,3,NaN
2,1,3,NaN
2,1,3,NaN
1,2,3,NaN
1,2,3,NaN
3,0,3,2.659777332097384e-5
2,1,3,NaN
2,1,3,NaN
2,1,3,NaN
3,0,3,NaN
3,0,3,NaN
2,1,3,0.9590286414731528
2,1,3,0.07361819104140599
3,0,3,NaN
2,1,3,NaN
2,1,3,NaN
3,0,3,NaN
3,0,3,NaN
2,1,3,0.9733084005106692
3,0,3,NaN
3,0,3,NaN
3,0,3,0.8450772854630715
3,0,3,0.6717661875924231
3,0,3,NaN
3,0,3,0.5417209770628222
3,0,3,NaN
2,1,3,0.11735031057960332
1,2,3,NaN
3,0,3,0.24290906152647984
3,0,3,NaN
3,0,3,NaN
2,1,3,NaN
3,0,3,NaN
2,1,3,0.03831329598506057
3,0,3,NaN
3,0,3,NaN
3,0,3,NaN
1,2,3,NaN
3,0,3,0.631220773570296
3,0,3,0.3557510427918548
3,0,3,NaN
2,1,3,NaN
2,1,3,0.03903425320178961
2,1,3,NaN
2,1,3,NaN
3,0,3,0.5865196674031864
3,0,3,NaN
2,1,3,NaN
3,0,3,NaN
3,0,3,0.4475557477195245
2,1,3,NaN
3,0,3,0.9137791798943785
3,0,3,NaN
3,0,3,0.7092033041123709
3,0,3,NaN
3,0,3,0.3557510427918548
3,0,3,NaN
2,1,3,0.21185071034975703
2,1,3,NaN
1,2,3,0.10032275229784271
3,0,3,NaN
2,1,3,NaN
2,1,3,0.9394569650180941
1,2,3,NaN
3,0,3,NaN
1,2,3,NaN
3,0,3,NaN
3,0,3,0.8006696868167401
3,0,3,0.9841738135856081
1,2,3,NaN
3,0,3,NaN
2,1,3,0.7583850416568418
3,0,3,0.631220773570296
3,0,3,NaN
3,0,3,NaN
3,0,3,0.4011103777394731
3,0,3,NaN
3,0,3,NaN
2,1,3,0.9394569650180941
3,0,3,NaN
2,1,3,0.49543559874771725
3,0,3,NaN
2,1,3,NaN
3,0,3,NaN
1,2,3,NaN
3,0,3,0.0051653647514528205
3,0,3,NaN
3,0,3,0.3557510427918548
3,0,3,NaN
3,0,3,NaN
2,1,3,0.8827570506600473
1,2,3,0.18348414923983342
3,0,3,NaN
2,1,3,NaN
3,0,3,NaN
3,0,3,NaN
1,2,3,NaN
1,2,3,0.9789190809366978
3,0,3,NaN
3,0,3,NaN
2,1,3,NaN
1,2,3,NaN
3,0,3,NaN
3,0,3,0.053556438906752275
3,0,3,NaN
3,0,3,NaN
2,1,3,NaN
3,0,3,NaN
3,0,3,NaN
3,0,3,NaN
3,0,3,0.3557510427918548
3,0,3,0.7092033041123709
3,0,3,0.5865196674031864
3,0,3,NaN
2,1,3,0.24290906152647984
2,1,3,NaN
2,1,3,0.21185071034975703
3,0,3,NaN
3,0,3,0.5417209770628222
3,0,3,NaN
3,0,3,NaN
3,0,3,0.11735031057960332
2,1,3,NaN
2,1,3,0.032853775051729074
3,0,3,NaN
2,1,3,NaN
3,0,3,0.7247091139775156
3,0,3,NaN
3,0,3,0.2714976848618461
1,2,3,0.9394569650180941
3,0,3,0.9394569650180941
3,0,3,NaN
3,0,3,NaN
1,2,3,NaN
1,2,3,NaN
2,1,3,NaN
3,0,3,0.04531425270758149
3,0,3,NaN
2,1,3,NaN
3,0,3,NaN
1,2,3,NaN
3,0,3,NaN
3,0,3,NaN
2,1,3,NaN
2,1,3,NaN
3,0,3,NaN
3,0,3,0.031334283615135884
2,1,3,0.7092033041123709
2,1,3,NaN
3,0,3,NaN
3,0,3,0.5865196674031864
1,2,3,NaN
3,0,3,NaN
2,1,3,0.999382148251637
2,1,3,NaN
2,1,3,0.0015506799637766114
2,1,3,0.24290906152647984
2,1,3,NaN
2,1,3,NaN
3,0,3,NaN
2,1,3,NaN
1,2,3,NaN
2,1,3,NaN
2,1,3,NaN
2,1,3,NaN
3,0,3,NaN
3,0,3,NaN
3,0,3,0.9001259164326818
2,1,3,NaN
1,2,3,0.9001259164326818
2,1,3,NaN
1,2,3,NaN
2,1,3,0.5865196674031864
2,1,3,0.8237080657963236
1,2,3,NaN
3,0,3,NaN
2,1,3,NaN
3,0,3,NaN
2,1,3,0.631220773570296
2,1,3,NaN
1,2,3,0.8827570506600473
2,1,3,0.023178553387368964
2,1,3,0.5865196674031864
2,1,3,0.4011103777394731
3,0,3,NaN
3,0,3,NaN
3,0,3,NaN
2,1,3,NaN
3,0,3,NaN
1,2,3,0.24290906152647984
3,0,3,0.31538291069709495
2,1,3,NaN
2,1,3,0.631220773570296
1,2,3,NaN
3,0,3,NaN
3,0,3,0.9272124484159221
3,0,3,0.4475557477195245
3,0,3,NaN
1,2,3,0.6717661875924231
3,0,3,NaN
3,0,3,NaN
1,2,3,NaN
3,0,3,0.026594646679114247
3,0,3,NaN
3,0,3,0.21185071034975703
3,0,3,NaN
3,0,3,0.4011103777394731
2,1,3,NaN
1,2,3,NaN
3,0,3,NaN
3,0,3,0.5417209770628222
2,1,3,NaN
3,0,3,NaN
3,0,3,NaN
2,1,3,0.8006696868167401
2,1,3,0.631220773570296
2,1,3,NaN
3,0,3,NaN
3,0,3,0.31538291069709495
3,0,3,NaN
3,0,3,NaN
2,1,3,NaN
1,2,3,0.18348414923983342
1,2,3,0.631220773570296
2,1,3,0.07361819104140599
3,0,3,NaN
3,0,3,NaN
1,2,3,NaN
3,0,3,NaN
3,0,3,0.4475557477195245
3,0,3,NaN
2,1,3,NaN
3,0,3,0.4475557477195245
3,0,3,0.04531425270758149
3,0,3,NaN
2,1,3,0.02787455723542097
2,1,3,0.7423423413009405
3,0,3,0.1543705926232434
3,0,3,NaN
2,1,3,NaN
3,0,3,NaN
2,1,3,0.5417209770628222
2,1,3,0.31538291069709495
2,1,3,NaN
3,0,3,0.10032275229784271
1,2,3,NaN
3,0,3,NaN
3,0,3,0.03831329598506057
3,0,3,0.3557510427918548
2,1,3,NaN
3,0,3,NaN
1,2,3,0.07361819104140599
1,2,3,0.7206816867481725
2,1,3,NaN
3,0,3,NaN
3,0,3,0.4011103777394731
3,0,3,0.6843245093468778
3,0,3,0.8450772854630715
1,2,3,NaN
3,0,3,NaN
1,2,3,NaN
1,2,3,0.8237080657963236
3,0,3,0.07679849711397702
2,1,3,NaN
2,1,3,NaN
3,0,3,NaN
2,1,3,0.2954562226479242
2,1,3,NaN
3,0,3,0.31538291069709495
2,1,3,0.8652322931034484
3,0,3,0.4475557477195245
3,0,3,NaN
2,1,3,0.11735031057960332
3,0,3,NaN
3,0,3,0.31538291069709495
3,0,3,NaN
3,0,3,NaN
2,1,3,NaN
2,1,3,NaN
3,0,3,0.02787455723542097
2,1,3,NaN
1,2,3,0.9590286414731528
2,1,3,NaN
2,1,3,NaN
2,1,3,NaN
3,0,3,NaN
1,2,3,0.5865196674031864
1,2,3,0.872171128521786
3,0,3,0.4475557477195245
3,0,3,NaN
1,2,3,NaN
2,1,3,0.01384068834559692
3,0,3,NaN
3,0,3,NaN
3,0,3,0.11735031057960332
3,0,3,NaN
1,2,3,NaN
3,0,3,NaN
3,0,3,NaN
3,0,3,NaN
3,0,3,0.18348414923983342
3,0,3,0.31538291069709495
3,0,3,NaN
2,1,3,NaN
2,1,3,0.8006696868167401
1,2,3,0.9394569650180941
1,2,3,NaN
3,0,3,0.27302689982185635
3,0,3,NaN
2,1,3,0.9001259164326818
3,0,3,NaN
1,2,3,0.13695747655435897
2,1,3,NaN
3,0,3,0.4011103777394731
3,0,3,NaN
3,0,3,0.7423423413009405
3,0,3,NaN
2,1,3,0.5939174630429254
2,1,3,NaN
3,0,3,NaN
2,1,3,NaN
3,0,3,0.7092033041123709
2,1,3,NaN
3,0,3,NaN
3,0,3,NaN
3,0,3,0.02517334441643271
3,0,3,NaN
3,0,3,NaN
3,0,3,NaN
3,0,3,NaN
3,0,3,0.7726517314264018
3,0,3,NaN
3,0,3,NaN
3,0,3,0.21185071034975703
3,0,3,0.631220773570296
3,0,3,NaN
3,0,3,0.8933041695230786
2,1,3,NaN
3,0,3,NaN
3,0,3,NaN
2,1,3,0.7722756456000196
2,1,3,NaN
3,0,3,0.9590286414731528
3,0,3,NaN
2,1,3,0.3557510427918548
1,2,3,NaN
3,0,3,0.13695747655435897
3,0,3,0.041458384515727004
3,0,3,0.9396124013901456
2,1,3,NaN
2,1,3,0.7423423413009405
3,0,3,NaN
3,0,3,NaN
3,0,3,NaN
3,0,3,NaN
3,0,3,NaN
3,0,3,NaN
2,1,3,NaN
3,0,3,NaN
2,1,3,0.8006696868167401
3,0,3,NaN
3,0,3,0.4011103777394731
2,1,3,NaN
3,0,3,NaN
3,0,3,NaN
3,0,3,NaN
1,2,3,NaN
1,2,3,0.39269305989092546
2,1,3,0.03831329598506057
2,1,3,NaN
2,1,3,NaN
3,0,3,NaN
3,0,3,NaN
2,1,3,0.2783692877527476
1,2,3,0.7726517314264018
2,1,3,NaN
1,2,3,NaN
2,1,3,NaN
2,1,3,NaN
2,1,3,0.029107318908468127
1,2,3,0.002174644490643963
2,1,3,0.4011103777394731
3,0,3,0.4011103777394731
3,0,3,NaN
3,0,3,0.7423423413009405
3,0,3,NaN
3,0,3,NaN
2,1,3,NaN
3,0,3,NaN
3,0,3,NaN
2,1,3,NaN
2,1,3,0.7825847512744097
2,1,3,NaN
3,0,3,0.9663500458367166
2,1,3,0.5782894280484996
1,2,3,0.8450772854630715
3,0,3,NaN
3,0,3,NaN
3,0,3,NaN
2,1,3,0.4475557477195245
2,1,3,0.3921225773990182
2,1,3,0.9663500458367166
3,0,3,NaN
3,0,3,NaN
2,1,3,NaN
3,0,3,NaN
3,0,3,NaN
2,1,3,0.10032275229784271
1,2,3,NaN
3,0,3,NaN
1,2,3,NaN
2,1,3,NaN
3,0,3,0.8827570506600473
2,1,3,0.7092033041123709
3,0,3,0.8652322931034484
3,0,3,0.2783692877527476
3,0,3,0.4011103777394731
2,1,3,0.07361819104140599
1,2,3,NaN
2,1,3,NaN
2,1,3,NaN
2,1,3,NaN
1,2,3,NaN
3,0,3,NaN
3,0,3,NaN
2,1,3,NaN
2,1,3,NaN
3,0,3,NaN
3,0,3,NaN
3,0,3,NaN
3,0,3,NaN
2,1,3,0.6904872269140253
2,1,3,NaN
3,0,3,NaN
2,1,3,NaN
3,0,3,NaN
2,1,3,NaN
3,0,3,NaN
2,1,3,0.6078036258336132
3,0,3,NaN
2,1,3,NaN
2,1,3,0.5417209770628222
3,0,3,NaN
3,0,3,NaN
1,2,3,0.8827570506600473
3,0,3,0.6717661875924231
2,1,3,NaN
3,0,3,NaN
3,0,3,NaN
1,2,3,NaN
1,2,3,0.3257757903334994
2,1,3,NaN
3,0,3,0.7423423413009405
1,2,3,NaN
3,0,3,NaN
2,1,3,0.5417209770628222
1,2,3,NaN
1,2,3,NaN
2,1,3,NaN
3,0,3,NaN
3,0,3,NaN
2,1,3,NaN
3,0,3,NaN
3,0,3,NaN
1,2,3,0.2783692877527476
2,1,3,0.631220773570296
3,0,3,0.03831329598506057
3,0,3,NaN
2,1,3,NaN
3,0,3,NaN
3,0,3,0.2187885149467455
3,0,3,0.7092033041123709
3,0,3,NaN
2,1,3,NaN
3,0,3,NaN
2,1,3,NaN
3,0,3,NaN
3,0,3,NaN
3,0,3,NaN
2,1,3,NaN
1,2,3,0.5865196674031864
3,0,3,0.053556438906752275
2,1,3,NaN
1,2,3,NaN
1,2,3,NaN
1,2,3,0.6717661875924231
3,0,3,NaN
3,0,3,0.8827570506600473
2,1,3,0.31538291069709495
3,0,3,0.8153467809355665
2,1,3,NaN
2,1,3,NaN
1,2,3,NaN
2,1,3,NaN
3,0,3,0.9999025693857153
1,2,3,NaN
3,0,3,NaN
3,0,3,NaN
2,1,3,0.03819073145930519
2,1,3,NaN
3,0,3,NaN
3,0,3,0.4011103777394731
3,0,3,NaN
1,2,3,NaN
2,1,3,NaN
3,0,3,NaN
2,1,3,0.06301655851591602
1,2,3,0.08612589160650815
3,0,3,0.7423423413009405
3,0,3,0.8652322931034484
3,0,3,0.4011103777394731
2,1,3,NaN
3,0,3,NaN
2,1,3,NaN
3,0,3,NaN
3,0,3,NaN
2,1,3,NaN
2,1,3,NaN
3,0,3,NaN
2,1,3,0.631220773570296
2,1,3,NaN
2,1,3,0.11735031057960332
3,0,3,0.8006696868167401
2,1,3,0.7726517314264018
3,0,3,NaN
2,1,3,NaN
3,0,3,0.2783692877527476
2,1,3,0.9001259164326818
3,0,3,NaN
2,1,3,0.6717661875924231
3,0,3,0.5118189879469395
3,0,3,0.6717661875924231
3,0,3,0.5984961169584494
2,1,3,NaN
1,2,3,NaN
1,2,3,0.5865196674031864
3,0,3,NaN
3,0,3,NaN
3,0,3,NaN
2,1,3,NaN
3,0,3,NaN
3,0,3,NaN
2,1,3,NaN
3,0,3,NaN
3,0,3,NaN
2,1,3,NaN
1,2,3,NaN
3,0,3,NaN
3,0,3,0.016656938369781698
3,0,3,NaN
2,1,3,0.631220773570296
3,0,3,NaN
3,0,3,NaN
3,0,3,NaN
3,0,3,NaN
3,0,3,NaN
3,0,3,NaN
1,2,3,0.8237080657963236
1,2,3,NaN
3,0,3,NaN
2,1,3,NaN
2,1,3,0.10032275229784271
3,0,3,NaN
3,0,3,NaN
2,1,3,0.4011103777394731
2,1,3,NaN
3,0,3,0.03831329598506057
3,0,3,NaN
3,0,3,NaN
1,2,3,NaN
3,0,3,NaN
3,0,3,NaN
3,0,3,NaN
2,1,3,NaN
2,1,3,0.8450772854630715
3,0,3,NaN
3,0,3,0.8450772854630715
3,0,3,NaN
2,1,3,NaN
1,2,3,NaN
3,0,3,NaN
3,0,3,NaN
3,0,3,0.9399889673842494
3,0,3,NaN
2,1,3,NaN
3,0,3,NaN
3,0,3,NaN
3,0,3,NaN
3,0,3,NaN
3,0,3,NaN
2,1,3,0.7726517314264018
3,0,3,NaN
2,1,3,NaN
2,1,3,0.04531425270758149
1,2,3,0.7092033041123709
3,0,3,NaN
2,1,3,NaN
3,0,3,0.5417209770628222
1,2,3,NaN
3,0,3,NaN
2,1,3,0.10453965175886143
3,0,3,NaN
3,0,3,NaN
1,2,3,NaN
2,1,3,0.8237080657963236
2,1,3,0.5865196674031864
2,1,3,NaN
2,1,3,0.8827570506600473
3,0,3,NaN
1,2,3,0.016656938369781698
3,0,3,NaN
3,0,3,0.4011103777394731
3,0,3,NaN
3,0,3,NaN
3,0,3,NaN
2,1,3,0.8827570506600473
2,1,3,NaN
2,1,3,NaN
1,2,3,NaN
1,2,3,0.0630282359819421
3,0,3,NaN
3,0,3,0.7423423413009405
2,1,3,0.004410062964623328
3,0,3,NaN
2,1,3,0.13695747655435897
3,0,3,NaN
2,1,3,0.5865196674031864
2,1,3,NaN
1,2,3,NaN
3,0,3,NaN
2,1,3,0.8827570506600473
3,0,3,NaN
3,0,3,NaN
3,0,3,NaN
3,0,3,0.9733084005106692
2,1,3,0.15938727449707998
3,0,3,0.9663500458367166
3,0,3,NaN
1,2,3,NaN
3,0,3,NaN
2,1,3,0.8006696868167401
2,1,3,0.31538291069709495
3,0,3,0.9590286414731528
1,2,3,0.5417209770628222
2,1,3,0.24290906152647984
1,2,3,0.26771753006387256
3,0,3,NaN
2,1,3,NaN
3,0,3,NaN
1,2,3,NaN
3,0,3,0.21185071034975703
3,0,3,NaN
2,1,3,0.49543559874771725
3,0,3,0.13695747655435897
3,0,3,0.9841738135856081
3,0,3,NaN
2,1,3,NaN
2,1,3,NaN
3,0,3,0.006917509677420626
3,0,3,0.49543559874771725
2,1,3,0.21185071034975703
2,1,3,NaN
2,1,3,0.3557510427918548
3,0,3,0.08612589160650815
2,1,3,NaN
3,0,3,0.65475266498511
3,0,3,NaN
3,0,3,0.8006696868167401
3,0,3,NaN
3,0,3,0.24290906152647984
2,1,3,NaN
3,0,3,0.6407805281627196
3,0,3,NaN
3,0,3,NaN
2,1,3,NaN
3,0,3,0.9733084005106692
3,0,3,NaN
2,1,3,NaN
3,0,3,NaN
3,0,3,NaN
2,1,3,0.17356972116971547
2,1,3,NaN
3,0,3,NaN
3,0,3,NaN
3,0,3,NaN
1,2,3,0.31538291069709495
3,0,3,NaN
2,1,3,NaN
1,2,3,NaN
3,0,3,0.8237080657963236
3,0,3,0.7726517314264018
3,0,3,0.4011103777394731
3,0,3,NaN
3,0,3,0.8006696868167401
3,0,3,NaN
3,0,3,NaN
2,1,3,NaN
2,1,3,0.02787455723542097
2,1,3,0.10032275229784271
3,0,3,NaN
1,2,3,NaN
2,1,3,0.6079749113219112
3,0,3,0.2783692877527476
3,0,3,0.9733084005106692
1,2,3,0.9394569650180941
1,2,3,NaN
3,0,3,0.7423423413009405
3,0,3,NaN
2,1,3,NaN
2,1,3,NaN
3,0,3,NaN
2,1,3,NaN
3,0,3,0.9001259164326818
3,0,3,0.18348414923983342
2,1,3,NaN
3,0,3,NaN
2,1,3,NaN
3,0,3,NaN
3,0,3,0.4475557477195245
3,0,3,0.8237080657963236
2,1,3,NaN
1,2,3,0.21185071034975703
3,0,3,NaN
2,1,3,NaN
1,2,3,NaN
3,0,3,0.7726517314264018
2,1,3,NaN
1,2,3,NaN
2,1,3,0.057495793370260555
2,1,3,NaN
3,0,3,0.7423423413009405
3,0,3,0.24290906152647984
3,0,3,NaN
2,1,3,NaN
2,1,3,0.5417209770628222
3,0,3,NaN
1,2,3,NaN
2,1,3,NaN
3,0,3,NaN
2,1,3,NaN
1,2,3,0.8006696868167401
3,0,3,0.08612589160650815
3,0,3,NaN
2,1,3,0.49543559874771725
3,0,3,NaN
3,0,3,NaN
3,0,3,NaN
3,0,3,NaN
2,1,3,NaN
1,2,3,0.631220773570296
3,0,3,NaN
2,1,3,0.24290906152647984
3,0,3,NaN
3,0,3,0.9272124484159221
1,2,3,NaN
3,0,3,0.31538291069709495
3,0,3,NaN
2,1,3,NaN
3,0,3,NaN
2,1,3,NaN
3,0,3,NaN
3,0,3,0.5417209770628222
3,0,3,NaN
2,1,3,0.4475557477195245
3,0,3,NaN
2,1,3,NaN
2,1,3,0.5183374556419776
3,0,3,0.21185071034975703
2,1,3,NaN
1,2,3,NaN
3,0,3,0.631220773570296
1,2,3,0.24290906152647984
1,2,3,NaN
2,1,3,NaN
3,0,3,0.5865196674031864
3,0,3,0.9001259164326818
3,0,3,NaN
2,1,3,NaN
3,0,3,NaN
2,1,3,NaN
3,0,3,0.631220773570296
3,0,3,NaN
2,1,3,NaN
1,2,3,NaN
2,1,3,NaN
3,0,3,0.0038828024778285214
1,2,3,0.8450772854630715
2,1,3,NaN
3,0,3,NaN
3,0,3,NaN
3,0,3,0.0015506799637766114
3,0,3,0.3557510427918548
3,0,3,0.15938727449707998
3,0,3,NaN
1,2,3,NaN
2,1,3,0.49543559874771725
3,0,3,NaN
3,0,3,NaN
2,1,3,0.7092033041123709
3,0,3,NaN
3,0,3,NaN
1,2,3,0.5417209770628222
2,1,3,0.6717661875924231
2,1,3,NaN
3,0,3,NaN
3,0,3,NaN
3,0,3,NaN
3,0,3,NaN
2,1,3,NaN
3,0,3,NaN
2,1,3,NaN
2,1,3,NaN
1,2,3,NaN
2,1,3,NaN
2,1,3,0.2714976848618461
3,0,3,NaN
2,1,3,NaN
3,0,3,0.10032275229784271
3,0,3,NaN
3,0,3,0.2783692877527476
3,0,3,NaN
2,1,3,NaN
3,0,3,NaN
3,0,3,NaN
3,0,3,NaN
1,2,3,0.12616282631084808
3,0,3,NaN
3,0,3,NaN
2,1,3,NaN
1,2,3,0.5865196674031864
2,1,3,0.9841738135856081
3,0,3,NaN
2,1,3,0.31591658452587973
3,0,3,NaN
2,1,3,NaN
3,0,3,NaN
3,0,3,NaN
3,0,3,NaN
3,0,3,0.8237080657963236
1,2,3,0.07361819104140599
3,0,3,0.9663500458367166
3,0,3,NaN
3,0,3,0.2783692877527476
3,0,3,NaN
2,1,3,0.24290906152647984
3,0,3,NaN
3,0,3,0.11735031057960332
3,0,3,NaN
3,0,3,0.18348414923983342
2,1,3,0.2668400346081453
3,0,3,NaN
2,1,3,0.00013199314610271546
2,1,3,NaN
2,1,3,0.3557510427918548
1,2,3,0.8652322931034484
3,0,3,NaN
2,1,3,0.49543559874771725
2,1,3,NaN
3,0,3,NaN
2,1,3,0.8652322931034484
3,0,3,NaN
2,1,3,0.7423423413009405
2,1,3,0.032853775051729074
3,0,3,NaN
2,1,3,NaN
3,0,3,0.9272124484159221
3,0,3,0.7423423413009405
3,0,3,NaN
3,0,3,NaN
2,1,3,NaN
3,0,3,0.9272124484159221
1,2,3,0.18348414923983342
3,0,3,NaN
2,1,3,0.9605931799972496
1,2,3,NaN
2,1,3,NaN
1,2,3,0.13695747655435897
2,1,3,NaN
3,0,3,NaN
3,0,3,NaN
3,0,3,NaN
3,0,3,NaN
3,0,3,0.6717661875924231
3,0,3,0.8450772854630715
3,0,3,NaN
1,2,3,NaN
2,1,3,0.4475557477195245
3,0,3,0.7092033041123709
2,1,3,0.7726517314264018
1,2,3,NaN
3,0,3,0.5865196674031864
3,0,3,NaN
1,2,3,NaN
3,0,3,NaN
3,0,3,NaN
3,0,3,0.8827570506600473
3,0,3,NaN
3,0,3,NaN
3,0,3,0.6484445009755815
3,0,3,NaN
3,0,3,NaN
3,0,3,NaN
2,1,3,NaN
3,0,3,NaN
3,0,3,NaN
3,0,3,0.6752434878400125
2,1,3,0.9137791798943785
2,1,3,NaN
3,0,3,NaN
1,2,3,0.757393750692233
1,2,3,0.6717661875924231
3,0,3,NaN
2,1,3,0.3557510427918548
2,1,3,NaN
1,2,3,NaN
3,0,3,NaN
3,0,3,NaN
3,0,3,NaN
2,1,3,0.7726517314264018
2,1,3,NaN
3,0,3,0.9663500458367166
3,0,3,NaN
3,0,3,NaN
2,1,3,NaN
3,0,3,0.11841119427115916
2,1,3,0.9493033010224405
3,0,3,NaN
2,1,3,0.9663500458367166
3,0,3,NaN
2,1,3,NaN
3,0,3,NaN
3,0,3,NaN
2,1,3,NaN
2,1,3,0.24290906152647984
3,0,3,NaN
2,1,3,NaN
3,0,3,NaN
3,0,3,NaN
2,1,3,NaN
1,2,3,NaN
1,2,3,NaN
3,0,3,NaN
3,0,3,NaN
3,0,3,NaN
3,0,3,NaN
2,1,3,0.15938727449707998
3,0,3,0.4475557477195245
1,2,3,NaN
3,0,3,NaN
3,0,3,0.9001259164326818
3,0,3,6.29516129015415e-5
2,1,3,0.8827570506600473
2,1,3,0.5865196674031864
1,2,3,0.7726517314264018
3,0,3,NaN
3,0,3,0.3557510427918548
3,0,3,NaN
3,0,3,NaN
3,0,3,0.8652322931034484
3,0,3,0.9916966421839661
1,2,3,NaN
3,0,3,NaN
3,0,3,0.6717661875924231
3,0,3,NaN
3,0,3,NaN
3,0,3,NaN
1,2,3,NaN
2,1,3,NaN
1,2,3,NaN
3,0,3,NaN
2,1,3,0.7092033041123709
2,1,3,NaN
2,1,3,NaN
3,0,3,NaN
1,2,3,0.053556438906752275
3,0,3,NaN
2,1,3,NaN
3,0,3,0.18348414923983342
3,0,3,NaN
2,1,3,0.39269305989092546
3,0,3,NaN
2,1,3,NaN
3,0,3,NaN
1,2,3,NaN
1,2,3,NaN
1,2,3,0.06116632064730822
1,2,3,0.5417209770628222
2,1,3,0.8263308603132329
2,1,3,0.631220773570296
3,0,3,NaN
2,1,3,NaN
2,1,3,0.631220773570296
3,0,3,0.009791194461027736
2,1,3,0.18348414923983342
2,1,3,0.6717661875924231
3,0,3,0.11735031057960332
3,0,3,NaN
3,0,3,NaN
3,0,3,NaN
2,1,3,0.0003280962173420797
1,2,3,0.31538291069709495
2,1,3,NaN
3,0,3,NaN
3,0,3,NaN
3,0,3,0.13595932099187039
3,0,3,0.8006696868167401
2,1,3,0.7423423413009405
2,1,3,0.7065394596061488
3,0,3,0.8237080657963236
2,1,3,NaN
2,1,3,0.49543559874771725
2,1,3,0.032853775051729074
3,0,3,NaN
3,0,3,0.4694629602556395
2,1,3,NaN
3,0,3,NaN
3,0,3,NaN
2,1,3,NaN
3,0,3,0.4011103777394731
2,1,3,NaN
2,1,3,0.7423423413009405
2,1,3,0.631220773570296
1,2,3,0.631220773570296
3,0,3,NaN
2,1,3,NaN
1,2,3,0.10032275229784271
3,0,3,NaN
1,2,3,0.0032561589250800133
3,0,3,NaN
3,0,3,NaN
3,0,3,0.3557510427918548
3,0,3,NaN
2,1,3,NaN
2,1,3,0.18348414923983342
2,1,3,0.5417209770628222
1,2,3,0.7423423413009405
2,1,3,NaN
3,0,3,NaN
3,0,3,0.18348414923983342
3,0,3,NaN
3,0,3,0.7074836137119663
3,0,3,NaN
3,0,3,NaN
2,1,3,NaN
2,1,3,0.09556004566932308
2,1,3,NaN
1,2,3,NaN
2,1,3,NaN
3,0,3,NaN
2,1,3,0.8237080657963236
2,1,3,NaN
3,0,3,NaN
3,0,3,NaN
3,0,3,0.04531425270758149
1,2,3,0.8827570506600473
1,2,3,NaN
3,0,3,NaN
3,0,3,NaN
3,0,3,NaN
1,2,3,0.631220773570296
3,0,3,0.21185071034975703
1,2,3,0.15938727449707998
2,1,3,NaN
2,1,3,NaN
3,0,3,NaN
3,0,3,NaN
2,1,3,0.4011103777394731
3,0,3,NaN
3,0,3,NaN
3,0,3,NaN
3,0,3,0.053556438906752275
1,2,3,NaN
2,1,3,NaN
1,2,3,NaN
3,0,3,0.18348414923983342
3,0,3,NaN
1,2,3,NaN
3,0,3,0.8450772854630715
3,0,3,NaN
3,0,3,NaN
2,1,3,0.07361819104140599
3,0,3,NaN
3,0,3,NaN
3,0,3,NaN
2,1,3,NaN
1,2,3,NaN
1,2,3,0.13695747655435897
3,0,3,NaN
3,0,3,0.4475557477195245
2,1,3,NaN
3,0,3,NaN
2,1,3,NaN
3,0,3,NaN
3,0,3,NaN
3,0,3,NaN
3,0,3,NaN
3,0,3,0.8652322931034484
2,1,3,NaN
3,0,3,NaN
3,0,3,NaN
2,1,3,NaN
3,0,3,NaN
1,2,3,NaN
2,1,3,0.8237080657963236
1,2,3,0.49543559874771725
3,0,3,0.8006696868167401
3,0,3,NaN
3,0,3,NaN
2,1,3,NaN
3,0,3,NaN
2,1,3,0.7423423413009405
3,0,3,NaN
2,1,3,NaN
3,0,3,NaN
3,0,3,0.3557510427918548
3,0,3,NaN
3,0,3,0.25974995572883275
2,1,3,0.48416940683333404
2,1,3,0.4475557477195245
3,0,3,NaN
1,2,3,NaN
2,1,3,NaN
2,1,3,NaN
3,0,3,NaN
1,2,3,NaN
3,0,3,0.7423423413009405
2,1,3,0.8237080657963236
3,0,3,0.9137791798943785
3,0,3,NaN
3,0,3,0.15938727449707998
1,2,3,0.9001259164326818
3,0,3,NaN
3,0,3,0.3557510427918548
1,2,3,0.4011103777394731
1,2,3,NaN
2,1,3,NaN
3,0,3,NaN
1,2,3,NaN
3,0,3,NaN
3,0,3,0.08612589160650815
1,2,3,NaN
3,0,3,NaN
1,2,3,0.6877696185067498
3,0,3,NaN
1,2,3,NaN
2,1,3,NaN
3,0,3,NaN
2,1,3,NaN
3,0,3,NaN
3,0,3,NaN
3,0,3,NaN
2,1,3,NaN
3,0,3,NaN
1,2,3,NaN
2,1,3,0.023437746643316073
3,0,3,NaN
3,0,3,NaN
1,2,3,0.18348414923983342
1,2,3,NaN
3,0,3,0.7423423413009405
1,2,3,NaN
3,0,3,0.4011103777394731
3,0,3,0.24290906152647984
3,0,3,NaN
1,2,3,0.3557510427918548
1,2,3,NaN
3,0,3,NaN
2,1,3,NaN
3,0,3,NaN
2,1,3,0.4011103777394731
3,0,3,NaN
3,0,3,0.7726517314264018
3,0,3,0.9493033010224405
1,2,3,NaN
2,1,3,0.3557510427918548
3,0,3,NaN
1,2,3,0.11735031057960332
3,0,3,NaN
3,0,3,NaN
3,0,3,NaN
3,0,3,NaN
2,1,3,0.07361819104140599
1,2,3,0.631220773570296
3,0,3,0.4011103777394731
2,1,3,0.21185071034975703
3,0,3,NaN
3,0,3,NaN
2,1,3,0.8827570506600473
2,1,3,NaN
2,1,3,NaN
2,1,3,0.10528657409123422
3,0,3,0.12689999929435006
2,1,3,0.48945833991568644
3,0,3,NaN
2,1,3,NaN
2,1,3,0.9394569650180941
3,0,3,0.6717661875924231
3,0,3,0.4011103777394731
3,0,3,0.24290906152647984
1,2,3,0.053556438906752275
2,1,3,0.7726517314264018
3,0,3,NaN
2,1,3,NaN
3,0,3,NaN
3,0,3,NaN
3,0,3,0.9493033010224405
2,1,3,NaN
2,1,3,0.11735031057960332
3,0,3,NaN
2,1,3,0.9663500458367166
3,0,3,0.5865196674031864
3,0,3,0.5417209770628222
2,1,3,0.0003012833779270557
3,0,3,0.032853775051729074
3,0,3,NaN
3,0,3,NaN
3,0,3,0.2783692877527476
2,1,3,NaN
3,0,3,NaN
2,1,3,NaN
3,0,3,0.9590286414731528
3,0,3,NaN
3,0,3,NaN
3,0,3,NaN
2,1,3,NaN
2,1,3,NaN
2,1,3,0.3557510427918548
3,0,3,NaN
3,0,3,0.0019397943444730912
1,2,3,0.546152762799012
2,1,3,NaN
2,1,3,NaN
3,0,3,NaN
3,0,3,NaN
2,1,3,0.8450772854630715
2,1,3,NaN
3,0,3,NaN
3,0,3,NaN
3,0,3,0.7726517314264018
3,0,3,0.5865196674031864
1,2,3,0.8450772854630715
2,1,3,NaN
2,1,3,0.631220773570296
1,2,3,0.4475557477195245
3,0,3,NaN
3,0,3,NaN
3,0,3,0.5417209770628222
2,1,3,0.04531425270758149
2,1,3,NaN
2,1,3,0.8652322931034484
3,0,3,NaN
3,0,3,NaN
2,1,3,0.3557510427918548
1,2,3,NaN
1,2,3,0.5865196674031864
3,0,3,NaN
3,0,3,NaN
3,0,3,NaN
3,0,3,NaN
3,0,3,0.8827570506600473
3,0,3,NaN
1,2,3,NaN
3,0,3,NaN
3,0,3,NaN
2,1,3,NaN
3,0,3,NaN
1,2,3,NaN
3,0,3,NaN
3,0,3,NaN
2,1,3,NaN
2,1,3,0.8237080657963236
2,1,3,0.0939123558983152
2,1,3,0.0010462671142817178
1,2,3,0.24290906152647984
2,1,3,NaN
1,2,3,NaN
1,2,3,NaN
3,0,3,0.18348414923983342
3,0,3,NaN
2,1,3,0.4475557477195245
3,0,3,0.49543559874771725
3,0,3,NaN
3,0,3,NaN
1,2,3,0.3557510427918548
1,2,3,0.7092033041123709
2,1,3,0.019796251803769704
1,2,3,0.10032275229784271
1,2,3,NaN
1,2,3,NaN
3,0,3,NaN
3,0,3,NaN
2,1,3,NaN
3,0,3,NaN
3,0,3,NaN
3,0,3,0.2783692877527476
3,0,3,NaN
1,2,3,0.2783692877527476
2,1,3,NaN
3,0,3,NaN
2,1,3,NaN
2,1,3,NaN
2,1,3,NaN
3,0,3,NaN
1,2,3,0.12088509169756151
2,1,3,NaN
3,0,3,NaN
3,0,3,NaN
3,0,3,NaN
3,0,3,NaN
2,1,3,0.5865196674031864
3,0,3,0.4681695760901867
3,0,3,0.19068372039615944
2,1,3,NaN
2,1,3,NaN
2,1,3,NaN
3,0,3,NaN
3,0,3,0.31538291069709495
2,1,3,0.8450772854630715
2,1,3,0.4475557477195245
3,0,3,0.5417209770628222
3,0,3,NaN
3,0,3,NaN
3,0,3,NaN
3,0,3,NaN
3,0,3,0.31538291069709495
2,1,3,0.6171697997107362
3,0,3,NaN
2,1,3,NaN
1,2,3,0.49543559874771725
3,0,3,0.10032275229784271
1,2,3,0.8237080657963236
1,2,3,0.10032275229784271
2,1,3,NaN
2,1,3,0.813140914260313
2,1,3,0.9663500458367166
3,0,3,NaN
3,0,3,0.31538291069709495
2,1,3,0.10032275229784271
2,1,3,0.44129694859266916
3,0,3,0.10032275229784271
2,1,3,NaN
3,0,3,NaN
3,0,3,NaN
3,0,3,NaN
1,2,3,0.0010847255883198999
3,0,3,NaN
3,0,3,NaN
2,1,3,0.18348414923983342
1,2,3,0.49543559874771725
2,1,3,NaN
2,1,3,NaN
2,1,3,NaN
3,0,3,NaN
2,1,3,0.10032275229784271
3,0,3,NaN
3,0,3,NaN
3,0,3,NaN
3,0,3,0.4475557477195245
3,0,3,NaN
2,1,3,NaN
3,0,3,0.11735031057960332
2,1,3,NaN
3,0,3,NaN
3,0,3,NaN
3,0,3,NaN
1,2,3,NaN
3,0,3,NaN
2,1,3,0.9137791798943785
2,1,3,NaN
3,0,3,0.7423423413009405
2,1,3,NaN
3,0,3,NaN
3,0,3,NaN
2,1,3,0.4475557477195245
2,1,3,NaN
2,1,3,0.9272124484159221
2,1,3,0.21185071034975703
2,1,3,0.8652322931034484
2,1,3,0.4475557477195245
3,0,3,NaN
3,0,3,NaN
3,0,3,NaN
3,0,3,NaN
2,1,3,0.6717661875924231
3,0,3,NaN
3,0,3,NaN
3,0,3,NaN
3,0,3,NaN
3,0,3,NaN
3,0,3,NaN
1,2,3,NaN
2,1,3,NaN
3,0,3,NaN
3,0,3,NaN
3,0,3,NaN
2,1,3,0.8450772854630715
3,0,3,NaN
2,1,3,NaN
1,2,3,0.7244442832767338
3,0,3,NaN
3,0,3,0.03831329598506057
3,0,3,NaN
2,1,3,NaN
3,0,3,NaN
2,1,3,NaN
3,0,3,NaN
2,1,3,0.5417209770628222
2,1,3,NaN
3,0,3,NaN
3,0,3,NaN
3,0,3,NaN
3,0,3,NaN
3,0,3,NaN
3,0,3,NaN
2,1,3,0.7726517314264018
3,0,3,NaN
3,0,3,NaN
3,0,3,NaN
3,0,3,0.833375656477414
2,1,3,0.03002897565218359
2,1,3,NaN
3,0,3,0.8526324443380607
3,0,3,NaN
3,0,3,NaN
3,0,3,NaN
3,0,3,NaN
3,0,3,NaN
1,2,3,0.9137791798943785
1,2,3,0.6717661875924231
2,1,3,NaN
3,0,3,0.5865196674031864
2,1,3,NaN
3,0,3,NaN
3,0,3,NaN
1,2,3,NaN
3,0,3,0.7722756456000196
3,0,3,NaN
1,2,3,NaN
3,0,3,NaN
2,1,3,NaN
3,0,3,0.5865196674031864
3,0,3,NaN
2,1,3,NaN
3,0,3,0.3557510427918548
3,0,3,NaN
3,0,3,NaN
3,0,3,NaN
3,0,3,NaN
3,0,3,0.21185071034975703
2,1,3,NaN
3,0,3,0.13833345776724826
2,1,3,NaN
3,0,3,NaN
1,2,3,0.9004333563474045
2,1,3,NaN
3,0,3,NaN
2,1,3,NaN
3,0,3,NaN
2,1,3,NaN
2,1,3,0.9394569650180941
2,1,3,0.02787455723542097
2,1,3,0.04656252878030042
2,1,3,NaN
3,0,3,0.4011103777394731
3,0,3,0.02787455723542097
2,1,3,NaN
2,1,3,NaN
3,0,3,NaN
2,1,3,0.21185071034975703
1,2,3,0.0630282359819421
2,1,3,NaN
2,1,3,NaN
3,0,3,0.21185071034975703
3,0,3,NaN
3,0,3,NaN
2,1,3,NaN
1,2,3,NaN
3,0,3,0.2783692877527476
2,1,3,NaN
1,2,3,NaN
3,0,3,NaN
3,0,3,0.7423423413009405
2,1,3,NaN
3,0,3,NaN
1,2,3,NaN
2,1,3,NaN
3,0,3,NaN
3,0,3,0.08612589160650815
3,0,3,NaN
3,0,3,0.9493033010224405
2,1,3,NaN
3,0,3,NaN
1,2,3,NaN
2,1,3,NaN
3,0,3,NaN
1,2,3,NaN
1,2,3,NaN
2,1,3,0.8237080657963236
3,0,3,NaN
2,1,3,NaN
3,0,3,NaN
3,0,3,0.053556438906752275
3,0,3,0.3557510427918548
2,1,3,NaN
2,1,3,0.9001259164326818
1,2,3,0.004243052065979369
3,0,3,NaN
1,2,3,NaN
3,0,3,0.4011103777394731
3,0,3,NaN
3,0,3,NaN
2,1,3,NaN
3,0,3,NaN
2,1,3,0.8006696868167401
3,0,3,NaN
3,0,3,NaN
3,0,3,NaN
2,1,3,0.023437746643316073
1,2,3,0.7423423413009405
3,0,3,NaN
3,0,3,NaN
3,0,3,0.5180838030620013
3,0,3,NaN
3,0,3,0.7423423413009405
2,1,3,0.49543559874771725
3,0,3,NaN
2,1,3,0.10032275229784271
3,0,3,0.49543559874771725
2,1,3,0.24290906152647984
2,1,3,0.49543559874771725
3,0,3,NaN
2,1,3,NaN
3,0,3,0.6717661875924231
3,0,3,0.5865196674031864
3,0,3,0.631220773570296
2,1,3,NaN
3,0,3,NaN
3,0,3,NaN
2,1,3,NaN
2,1,3,0.31538291069709495
1,2,3,NaN
3,0,3,NaN
3,0,3,NaN
2,1,3,NaN
2,1,3,NaN
3,0,3,0.9272124484159221
2,1,3,NaN
3,0,3,NaN
3,0,3,0.07361819104140599
3,0,3,NaN
3,0,3,NaN
2,1,3,0.22915169335290791
3,0,3,NaN
2,1,3,NaN
2,1,3,0.6078036258336132
2,1,3,0.7726517314264018
2,1,3,NaN
2,1,3,0.24290906152647984
2,1,3,NaN
3,0,3,0.15938727449707998
3,0,3,NaN
3,0,3,0.04783194361601571
3,0,3,NaN
3,0,3,NaN
3,0,3,NaN
3,0,3,0.8827570506600473
3,0,3,NaN
3,0,3,0.2783692877527476
3,0,3,NaN
2,1,3,NaN
3,0,3,NaN
2,1,3,NaN
3,0,3,NaN
3,0,3,NaN
2,1,3,NaN
2,1,3,0.0630282359819421
1,2,3,NaN
3,0,3,NaN
3,0,3,NaN
2,1,3,NaN
1,2,3,NaN
3,0,3,NaN
3,0,3,NaN
2,1,3,NaN
2,1,3,NaN
3,0,3,NaN
2,1,3,NaN
3,0,3,NaN
1,2,3,NaN
3,0,3,NaN
2,1,3,NaN
3,0,3,NaN
3,0,3,NaN
2,1,3,NaN
1,2,3,NaN
3,0,3,NaN
2,1,3,0.7423423413009405
3,0,3,NaN
3,0,3,NaN
2,1,3,0.21185071034975703
3,0,3,NaN
3,0,3,NaN
1,2,3,NaN
2,1,3,0.9272124484159221
3,0,3,NaN
3,0,3,0.631220773570296
1,2,3,0.8006586145440605
2,1,3,0.8006696868167401
2,1,3,NaN
2,1,3,NaN
1,2,3,0.5865196674031864
3,0,3,NaN
2,1,3,0.4444278769038982
3,0,3,0.0630282359819421
2,1,3,NaN
2,1,3,0.31538291069709495
3,0,3,NaN
3,0,3,NaN
3,0,3,NaN
3,0,3,0.01361558244240131
3,0,3,0.2783692877527476
2,1,3,0.01384068834559692
2,1,3,0.31538291069709495
3,0,3,NaN
3,0,3,NaN
2,1,3,0.5865196674031864
1,2,3,0.4475557477195245
3,0,3,NaN
3,0,3,NaN
3,0,3,NaN
2,1,3,NaN
3,0,3,NaN
1,2,3,0.7199825501756255
3,0,3,NaN
1,2,3,0.3557510427918548
3,0,3,0.631220773570296
3,0,3,NaN
3,0,3,NaN
3,0,3,NaN
3,0,3,NaN
3,0,3,0.6717661875924231
3,0,3,NaN
2,1,3,NaN
3,0,3,NaN
3,0,3,NaN
3,0,3,0.023437746643316073
2,1,3,NaN
3,0,3,NaN
1,2,3,NaN
3,0,3,NaN
3,0,3,NaN
2,1,3,NaN
1,2,3,NaN
1,2,3,NaN
2,1,3,0.21185071034975703
3,0,3,NaN
2,1,3,NaN
2,1,3,NaN
3,0,3,0.8827570506600473
1,2,3,NaN
3,0,3,NaN
1,2,3,NaN
3,0,3,NaN
1,2,3,0.10032275229784271
3,0,3,NaN
3,0,3,0.5865196674031864
2,1,3,0.8450772854630715
3,0,3,NaN
3,0,3,0.6453711054401953
3,0,3,NaN
3,0,3,NaN
2,1,3,NaN
3,0,3,NaN
3,0,3,0.8237080657963236
3,0,3,NaN
1,2,3,NaN
3,0,3,NaN
3,0,3,NaN
3,0,3,NaN
3,0,3,0.03831329598506057
1,2,3,0.5865196674031864
3,0,3,0.8006696868167401
3,0,3,NaN
3,0,3,0.631220773570296
2,1,3,0.13695747655435897
3,0,3,NaN
3,0,3,0.7423423413009405
2,1,3,NaN
1,2,3,0.07361819104140599
3,0,3,0.04531425270758149
2,1,3,0.06260803999115534
2,1,3,NaN
3,0,3,0.8827570506600473
3,0,3,0.7092033041123709
2,1,3,0.5417209770628222
3,0,3,0.8827570506600473
3,0,3,NaN
1,2,3,NaN
3,0,3,NaN
3,0,3,NaN
2,1,3,NaN
2,1,3,0.07361819104140599
3,0,3,NaN
3,0,3,0.4475557477195245
1,2,3,NaN
2,1,3,NaN
2,1,3,0.15272696484970272
3,0,3,NaN
3,0,3,NaN
3,0,3,NaN
3,0,3,0.4011103777394731
1,2,3,NaN
1,2,3,NaN
3,0,3,NaN
3,0,3,NaN
1,2,3,NaN
3,0,3,NaN
2,1,3,NaN
3,0,3,NaN
2,1,3,0.9137791798943785
2,1,3,0.5417209770628222
3,0,3,NaN
3,0,3,NaN
2,1,3,6.29516129015415e-5
3,0,3,NaN
3,0,3,NaN
2,1,3,0.7092033041123709
3,0,3,NaN
2,1,3,NaN
1,2,3,NaN
3,0,3,NaN
3,0,3,NaN
2,1,3,NaN
3,0,3,0.1349305611435547
3,0,3,NaN
2,1,3,0.017491153496117618
3,0,3,0.8222266152547141
1,2,3,NaN
2,1,3,0.6717661875924231
2,1,3,0.31538291069709495
3,0,3,NaN
3,0,3,0.9885707782763422
3,0,3,NaN
3,0,3,NaN
3,0,3,NaN
2,1,3,0.5417209770628222
3,0,3,0.3892404650973566
3,0,3,0.04531425270758149
3,0,3,NaN
3,0,3,NaN
3,0,3,NaN
2,1,3,NaN
3,0,3,NaN
3,0,3,NaN
3,0,3,NaN
1,2,3,NaN
2,1,3,0.4475557477195245
3,0,3,NaN
1,2,3,NaN
3,0,3,0.3557510427918548
3,0,3,NaN
2,1,3,0.9663500458367166
2,1,3,NaN
3,0,3,NaN
3,0,3,0.7092033041123709
3,0,3,NaN
2,1,3,0.3557510427918548
2,1,3,NaN
3,0,3,NaN
1,2,3,0.053556438906752275
3,0,3,NaN
3,0,3,NaN
1,2,3,0.5417209770628222
3,0,3,NaN
2,1,3,NaN
1,2,3,NaN
3,0,3,NaN
3,0,3,0.3557510427918548
3,0,3,NaN
3,0,3,NaN
3,0,3,NaN
2,1,3,NaN
1,2,3,NaN
3,0,3,0.7092033041123709
3,0,3,NaN
3,0,3,0.0003867233469640171
3,0,3,NaN
2,1,3,NaN
3,0,3,NaN
2,1,3,0.7423423413009405
2,1,3,0.9602397512398567
2,1,3,NaN
1,2,3,NaN
2,1,3,NaN
3,0,3,NaN
3,0,3,NaN
3,0,3,NaN
2,1,3,NaN
3,0,3,NaN
1,2,3,0.2783692877527476
3,0,3,NaN
3,0,3,NaN
3,0,3,NaN
3,0,3,NaN
2,1,3,NaN
2,1,3,NaN
3,0,3,NaN
2,1,3,0.8237080657963236
2,1,3,0.13695747655435897
2,1,3,NaN
3,0,3,NaN
3,0,3,0.4011103777394731
2,1,3,0.7457471485794999
2,1,3,NaN
2,1,3,NaN
3,0,3,NaN
2,1,3,0.7128003214641632
2,1,3,NaN
3,0,3,0.4475557477195245
3,0,3,NaN
3,0,3,NaN
3,0,3,0.24290906152647984
3,0,3,0.5865196674031864
3,0,3,0.38951883007049515
3,0,3,NaN
1,2,3,0.8450772854630715
1,2,3,0.053556438906752275
3,0,3,NaN
2,1,3,0.08612589160650815
3,0,3,NaN
3,0,3,NaN
3,0,3,0.4011103777394731
3,0,3,0.13695747655435897
3,0,3,0.0630282359819421
1,2,3,NaN
1,2,3,NaN
1,2,3,NaN
3,0,3,NaN
2,1,3,NaN
3,0,3,NaN
3,0,3,NaN
1,2,3,NaN
2,1,3,NaN
2,1,3,NaN
3,0,3,NaN
1,2,3,0.9733084005106692
3,0,3,0.8006696868167401
2,1,3,0.703988719890633
2,1,3,NaN
2,1,3,0.8450772854630715
2,1,3,0.15916212529391516
3,0,3,NaN
3,0,3,NaN
3,0,3,NaN
3,0,3,NaN
2,1,3,0.4475557477195245
3,0,3,NaN
3,0,3,NaN
3,0,3,NaN
3,0,3,NaN
1,2,3,NaN
2,1,3,NaN
2,1,3,0.5417209770628222
3,0,3,NaN
2,1,3,NaN
3,0,3,NaN
3,0,3,NaN
2,1,3,NaN
3,0,3,0.18348414923983342
3,0,3,NaN
3,0,3,0.7738393337297048
3,0,3,0.8652322931034484
3,0,3,NaN
3,0,3,NaN
3,0,3,0.8450772854630715
3,0,3,0.9001259164326818
2,1,3,NaN
3,0,3,0.3557510427918548
2,1,3,NaN
1,2,3,NaN
3,0,3,0.9962290253671563
3,0,3,NaN
3,0,3,0.24290906152647984
1,2,3,0.4011103777394731
3,0,3,0.9394569650180941
3,0,3,NaN
3,0,3,NaN
3,0,3,0.7726517314264018
2,1,3,NaN
2,1,3,NaN
3,0,3,0.631220773570296
3,0,3,NaN
3,0,3,NaN
2,1,3,NaN
3,0,3,0.023437746643316073
3,0,3,0.4475557477195245
3,0,3,NaN
1,2,3,0.49543559874771725
1,2,3,0.8827570506600473
1,2,3,0.7726517314264018
3,0,3,NaN
3,0,3,NaN
2,1,3,0.9272124484159221
1,2,3,0.49543559874771725
1,2,3,NaN
3,0,3,NaN
3,0,3,NaN
3,0,3,NaN
1,2,3,0.5417209770628222
3,0,3,NaN
2,1,3,NaN
2,1,3,NaN
3,0,3,NaN
1,2,3,0.21185071034975703
2,1,3,0.8768095693934921
1,2,3,NaN
3,0,3,NaN
3,0,3,NaN
2,1,3,0.4011103777394731
3,0,3,NaN
3,0,3,0.4155618969404342
2,1,3,NaN
3,0,3,NaN
2,1,3,NaN
2,1,3,0.03831329598506057
3,0,3,NaN
3,0,3,0.01384068834559692
3,0,3,NaN
1,2,3,NaN
3,0,3,0.7726517314264018
3,0,3,NaN
2,1,3,NaN
3,0,3,NaN
3,0,3,NaN
2,1,3,NaN
2,1,3,NaN
3,0,3,NaN
3,0,3,NaN
3,0,3,NaN
3,0,3,NaN
2,1,3,0.9951781190776762
2,1,3,0.49543559874771725
3,0,3,NaN
2,1,3,NaN
3,0,3,0.8652322931034484
3,0,3,NaN
2,1,3,NaN
3,0,3,0.9841738135856081
2,1,3,NaN
2,1,3,NaN
3,0,3,NaN
3,0,3,0.023437746643316073
2,1,3,NaN
3,0,3,0.7423423413009405
3,0,3,NaN
2,1,3,NaN
2,1,3,NaN
2,1,3,NaN
2,1,3,0.7092033041123709
3,0,3,NaN
2,1,3,0.2783692877527476
2,1,3,0.05406684693149736
2,1,3,NaN
3,0,3,NaN
3,0,3,0.2783692877527476
2,1,3,0.6717661875924231
3,0,3,0.8450772854630715
3,0,3,NaN
3,0,3,NaN
2,1,3,NaN
2,1,3,NaN
2,1,3,NaN
2,1,3,NaN
3,0,3,0.7092033041123709
3,0,3,0.023052927720565324
2,1,3,NaN
3,0,3,NaN
2,1,3,NaN
3,0,3,NaN
3,0,3,NaN
1,2,3,NaN
3,0,3,0.04531425270758149
2,1,3,0.016656938369781698
2,1,3,0.27285056795494594
1,2,3,0.5417209770628222
3,0,3,NaN
3,0,3,NaN
1,2,3,0.7092033041123709
3,0,3,NaN
2,1,3,NaN
3,0,3,NaN
3,0,3,NaN
3,0,3,NaN
2,1,3,0.21185071034975703
2,1,3,NaN
3,0,3,NaN
3,0,3,NaN
2,1,3,0.31538291069709495
3,0,3,NaN
2,1,3,0.0630282359819421
2,1,3,0.4475557477195245
3,0,3,NaN
2,1,3,NaN
3,0,3,NaN
3,0,3,NaN
2,1,3,NaN
1,2,3,NaN
3,0,3,NaN
3,0,3,0.8006696868167401
3,0,3,NaN
2,1,3,0.6717661875924231
1,2,3,0.011335119107957231
1,2,3,0.11735031057960332
1,2,3,0.18348414923983342
3,0,3,NaN
1,2,3,0.7726517314264018
3,0,3,0.18348414923983342
1,2,3,NaN
2,1,3,NaN
1,2,3,NaN
3,0,3,NaN
2,1,3,0.9663500458367166
3,0,3,NaN
3,0,3,0.8827570506600473
1,2,3,NaN
3,0,3,0.4475557477195245
3,0,3,0.8450772854630715
3,0,3,NaN
2,1,3,NaN
3,0,3,NaN
3,0,3,NaN
3,0,3,0.7092033041123709
2,1,3,0.0143133607905662
3,0,3,NaN
1,2,3,NaN
3,0,3,NaN
3,0,3,NaN
1,2,3,NaN
2,1,3,0.8652322931034484
1,2,3,NaN
3,0,3,0.019796251803769704
2,1,3,NaN
3,0,3,NaN
1,2,3,NaN
3,0,3,NaN
1,2,3,NaN
3,0,3,0.6717661875924231
3,0,3,0.0005735517524959039
3,0,3,NaN
3,0,3,NaN
3,0,3,NaN
2,1,3,NaN
3,0,3,0.02787455723542097
2,1,3,0.9663500458367166
2,1,3,NaN
3,0,3,NaN
3,0,3,NaN
3,0,3,NaN
2,1,3,0.9493033010224405
2,1,3,NaN
3,0,3,0.4011103777394731
3,0,3,NaN
3,0,3,NaN
2,1,3,NaN
3,0,3,0.24290906152647984
3,0,3,0.4475557477195245
3,0,3,0.5865196674031864
1,2,3,0.011335119107957231
3,0,3,NaN
3,0,3,NaN
3,0,3,0.4011103777394731
3,0,3,NaN
3,0,3,NaN
3,0,3,NaN
3,0,3,0.8827570506600473
1,2,3,NaN
3,0,3,0.8450772854630715
3,0,3,NaN
3,0,3,NaN
2,1,3,NaN
3,0,3,0.3557510427918548
2,1,3,NaN
3,0,3,NaN
1,2,3,0.8237080657963236
2,1,3,0.10032275229784271
3,0,3,NaN
3,0,3,NaN
1,2,3,NaN
3,0,3,0.8652322931034484
2,1,3,NaN
2,1,3,0.006162005486132496
3,0,3,0.9663500458367166
3,0,3,NaN
2,1,3,NaN
2,1,3,NaN
3,0,3,0.21185071034975703
1,2,3,NaN
3,0,3,NaN
3,0,3,0.4011103777394731
3,0,3,NaN
2,1,3,0.8450772854630715
2,1,3,0.49543559874771725
1,2,3,0.9272124484159221
3,0,3,NaN
3,0,3,NaN
2,1,3,0.9272124484159221
3,0,3,NaN
2,1,3,0.26182431502777886
2,1,3,NaN
2,1,3,NaN
3,0,3,NaN
3,0,3,NaN
3,0,3,NaN
3,0,3,NaN
1,2,3,NaN
2,1,3,0.7423423413009405
2,1,3,NaN
1,2,3,NaN
3,0,3,NaN
3,0,3,NaN
2,1,3,NaN
2,1,3,NaN
2,1,3,NaN
2,1,3,NaN
2,1,3,NaN
3,0,3,0.24290906152647984
3,0,3,NaN
2,1,3,NaN
2,1,3,0.11735031057960332
1,2,3,NaN
3,0,3,NaN
3,0,3,0.5865196674031864
3,0,3,0.631220773570296
3,0,3,0.631220773570296
3,0,3,0.24290906152647984
2,1,3,0.0011479411764696121
3,0,3,NaN
3,0,3,NaN
3,0,3,NaN
1,2,3,NaN
2,1,3,0.07361819104140599
2,1,3,NaN
3,0,3,NaN
3,0,3,0.7092033041123709
1,2,3,NaN
2,1,3,NaN
3,0,3,NaN
3,0,3,NaN
3,0,3,0.31538291069709495
3,0,3,NaN
3,0,3,0.3557510427918548
2,1,3,0.9493033010224405
2,1,3,0.053556438906752275
2,1,3,NaN
3,0,3,NaN
3,0,3,0.07361819104140599
3,0,3,NaN
2,1,3,0.17333563068094793
1,2,3,NaN
1,2,3,0.053556438906752275
1,2,3,NaN
2,1,3,0.9733084005106692
3,0,3,0.5865196674031864
1,2,3,0.3557510427918548
2,1,3,NaN
3,0,3,NaN
1,2,3,NaN
3,0,3,0.9004633723697736
3,0,3,0.49543559874771725
3,0,3,0.8652322931034484
2,1,3,NaN
2,1,3,NaN
3,0,3,0.6717661875924231
2,1,3,NaN
1,2,3,NaN
2,1,3,NaN
3,0,3,NaN
3,0,3,NaN
2,1,3,NaN
2,1,3,NaN
2,1,3,0.3557510427918548
2,1,3,NaN
2,1,3,NaN
3,0,3,NaN
3,0,3,0.18348414923983342
3,0,3,NaN
3,0,3,NaN
1,2,3,NaN
1,2,3,0.5417209770628222
1,2,3,NaN
1,2,3,NaN
2,1,3,NaN
2,1,3,NaN
3,0,3,NaN
1,2,3,NaN
3,0,3,NaN
3,0,3,NaN
2,1,3,NaN
3,0,3,0.3557510427918548
2,1,3,NaN
2,1,3,NaN
3,0,3,0.49543559874771725
2,1,3,NaN
2,1,3,NaN
2,1,3,0.11735031057960332
2,1,3,NaN
2,1,3,0.8672028944838255
3,0,3,0.24290906152647984
3,0,3,NaN
3,0,3,NaN
3,0,3,0.6717661875924231
3,0,3,NaN
3,0,3,NaN
3,0,3,0.24290906152647984
2,1,3,NaN
3,0,3,NaN
3,0,3,NaN
3,0,3,NaN
2,1,3,NaN
3,0,3,NaN
2,1,3,0.8237080657963236
2,1,3,NaN
3,0,3,0.631220773570296
1,2,3,NaN
2,1,3,0.31538291069709495
3,0,3,0.7234577439877888
2,1,3,NaN
2,1,3,NaN
2,1,3,0.9789190809366978
2,1,3,0.872171128521786
3,0,3,0.23103067796165944
3,0,3,NaN
2,1,3,NaN
3,0,3,NaN
1,2,3,NaN
3,0,3,NaN
3,0,3,NaN
3,0,3,0.7726517314264018
1,2,3,0.08612589160650815
3,0,3,NaN
3,0,3,0.08612589160650815
3,0,3,NaN
1,2,3,NaN
1,2,3,NaN
3,0,3,NaN
2,1,3,NaN
3,0,3,NaN
3,0,3,0.07361819104140599
3,0,3,NaN
3,0,3,0.9590286414731528
2,1,3,0.18348414923983342
3,0,3,0.003667812051649711
3,0,3,NaN
1,2,3,NaN
3,0,3,0.9493033010224405
3,0,3,NaN
3,0,3,NaN
3,0,3,NaN
1,2,3,0.7726517314264018
2,1,3,NaN
1,2,3,NaN
3,0,3,0.18348414923983342
3,0,3,NaN
2,1,3,0.3557510427918548
1,2,3,NaN
3,0,3,0.4011103777394731
3,0,3,0.9137791798943785
3,0,3,0.8237080657963236
3,0,3,0.7423423413009405
2,1,3,NaN
1,2,3,NaN
1,2,3,NaN
3,0,3,0.8006696868167401
2,1,3,NaN
3,0,3,NaN
2,1,3,NaN
1,2,3,NaN
3,0,3,NaN
1,2,3,0.9663500458367166
3,0,3,0.023437746643316073
3,0,3,0.5865196674031864
2,1,3,NaN
3,0,3,0.7726517314264018
1,2,3,0.053556438906752275
3,0,3,0.8006696868167401
3,0,3,0.7423423413009405
3,0,3,0.9137791798943785
2,1,3,NaN
2,1,3,NaN
1,2,3,0.21185071034975703
3,0,3,NaN
2,1,3,NaN
3,0,3,NaN
1,2,3,NaN
2,1,3,NaN
3,0,3,0.11735031057960332
1,2,3,0.18348414923983342
3,0,3,0.4475557477195245
3,0,3,NaN
2,1,3,NaN
2,1,3,NaN
3,0,3,0.9272124484159221
3,0,3,NaN
3,0,3,NaN
3,0,3,0.3557510427918548
2,1,3,NaN
3,0,3,0.10032275229784271
3,0,3,NaN
2,1,3,NaN
3,0,3,NaN
3,0,3,0.4475557477195245
1,2,3,NaN
3,0,3,NaN
1,2,3,NaN
1,2,3,NaN
2,1,3,NaN
2,1,3,0.8450772854630715
3,0,3,NaN
1,2,3,NaN
2,1,3,NaN
2,1,3,NaN
3,0,3,0.9137791798943785
2,1,3,0.9493033010224405
3,0,3,NaN
1,2,3,NaN
2,1,3,0.17061968600930538
3,0,3,NaN
3,0,3,0.3921225773990182
1,2,3,0.631220773570296
1,2,3,0.9493033010224405
1,2,3,0.7423423413009405
3,0,3,NaN
3,0,3,NaN
3,0,3,0.08350093612577351
2,1,3,0.8006696868167401
2,1,3,0.8237080657963236
1,2,3,0.2144909145927689
3,0,3,NaN
3,0,3,NaN
2,1,3,1.0725166065720575e-6
2,1,3,NaN
3,0,3,NaN
3,0,3,0.11881885597296148
3,0,3,0.8450772854630715
3,0,3,0.18348414923983342
3,0,3,0.8237080657963236
2,1,3,0.4475557477195245
2,1,3,NaN
3,0,3,0.9493033010224405
1,2,3,NaN
3,0,3,0.9272124484159221
3,0,3,NaN
2,1,3,NaN
1,2,3,NaN
3,0,3,NaN
3,0,3,NaN
2,1,3,NaN
3,0,3,NaN
2,1,3,0.4011103777394731
1,2,3,NaN
1,2,3,0.631220773570296
3,0,3,0.9245369492091288
2,1,3,0.08612589160650815
3,0,3,NaN
3,0,3,NaN
1,2,3,NaN
3,0,3,0.5865196674031864
3,0,3,0.7726517314264018
3,0,3,0.5737458270684518
2,1,3,NaN
3,0,3,NaN
3,0,3,NaN
3,0,3,0.8237080657963236
3,0,3,0.053556438906752275
1,2,3,0.5417209770628222
3,0,3,0.20829546022489856
2,1,3,0.8958762517401009
3,0,3,0.18070989167746893
3,0,3,NaN
3,0,3,NaN
3,0,3,0.6717661875924231
2,1,3,0.8450772854630715
1,2,3,NaN
2,1,3,NaN
3,0,3,NaN
2,1,3,NaN
2,1,3,NaN
2,1,3,NaN
3,0,3,NaN
3,0,3,NaN
3,0,3,NaN
3,0,3,NaN
3,0,3,0.8450772854630715
2,1,3,NaN
2,1,3,NaN
3,0,3,6.122839442964825e-7
3,0,3,NaN
2,1,3,NaN
2,1,3,0.3693339912362533
3,0,3,NaN
2,1,3,0.4475557477195245
3,0,3,NaN
3,0,3,NaN
2,1,3,NaN
3,0,3,NaN
3,0,3,NaN
2,1,3,NaN
1,2,3,NaN
2,1,3,NaN
3,0,3,0.9394569650180941
3,0,3,NaN
1,2,3,0.9663500458367166
2,1,3,NaN
3,0,3,NaN
1,2,3,0.07336314586646288
3,0,3,NaN
3,0,3,NaN
3,0,3,NaN
3,0,3,0.13684525122146476
2,1,3,NaN
1,2,3,NaN
2,1,3,NaN
2,1,3,NaN
3,0,3,NaN
1,2,3,NaN
2,1,3,0.5417209770628222
2,1,3,NaN
3,0,3,0.10032275229784271
3,0,3,NaN
2,1,3,0.31538291069709495
2,1,3,NaN
2,1,3,NaN
3,0,3,NaN
2,1,3,0.24290906152647984
2,1,3,0.2783692877527476
2,1,3,NaN
3,0,3,NaN
2,1,3,0.10032275229784271
3,0,3,NaN
2,1,3,NaN
3,0,3,NaN
1,2,3,NaN
2,1,3,0.7423423413009405
2,1,3,0.032853775051729074
3,0,3,NaN
1,2,3,0.631220773570296
2,1,3,NaN
2,1,3,0.7092033041123709
3,0,3,NaN
3,0,3,NaN
2,1,3,NaN
2,1,3,0.18348414923983342
2,1,3,0.8450772854630715
2,1,3,0.9733084005106692
3,0,3,NaN
3,0,3,NaN
3,0,3,NaN
2,1,3,0.4475557477195245
1,2,3,0.21185071034975703
3,0,3,NaN
2,1,3,NaN
2,1,3,NaN
3,0,3,NaN
3,0,3,NaN
3,0,3,NaN
3,0,3,NaN
3,0,3,0.15938727449707998
1,2,3,0.11735031057960332
3,0,3,0.9047853618061095
2,1,3,0.7726517314264018
2,1,3,0.9590286414731528
2,1,3,NaN
3,0,3,NaN
3,0,3,0.8450772854630715
3,0,3,NaN
2,1,3,NaN
3,0,3,NaN
2,1,3,NaN
2,1,3,0.9733084005106692
1,2,3,0.49543559874771725
2,1,3,NaN
2,1,3,0.07361819104140599
2,1,3,NaN
2,1,3,0.8652322931034484
3,0,3,NaN
3,0,3,NaN
2,1,3,0.6717661875924231
2,1,3,NaN
3,0,3,NaN
1,2,3,NaN
1,2,3,NaN
1,2,3,0.8237080657963236
2,1,3,0.18586598614127245
3,0,3,NaN
3,0,3,0.8006696868167401
3,0,3,NaN
3,0,3,NaN
2,1,3,0.9885707782763422
3,0,3,NaN
2,1,3,NaN
2,1,3,NaN
2,1,3,NaN
3,0,3,0.5417209770628222
2,1,3,0.5865196674031864
3,0,3,NaN
2,1,3,0.8450772854630715
3,0,3,NaN
1,2,3,NaN
2,1,3,NaN
1,2,3,NaN
2,1,3,0.053556438906752275
3,0,3,NaN
2,1,3,NaN
2,1,3,NaN
1,2,3,0.5865196674031864
2,1,3,0.9137791798943785
3,0,3,NaN
3,0,3,NaN
1,2,3,NaN
3,0,3,0.2783692877527476
2,1,3,NaN
1,2,3,NaN
3,0,3,NaN
3,0,3,NaN
1,2,3,NaN
2,1,3,0.08612589160650815
1,2,3,0.5461169719095101
2,1,3,0.9663500458367166
2,1,3,NaN
1,2,3,0.24290906152647984
3,0,3,NaN
3,0,3,NaN
1,2,3,0.016656938369781698
3,0,3,NaN
2,1,3,NaN
3,0,3,0.7092033041123709
3,0,3,NaN
1,2,3,0.4011103777394731
2,1,3,NaN
3,0,3,NaN
3,0,3,NaN
3,0,3,NaN
3,0,3,0.7726517314264018
1,2,3,NaN
3,0,3,NaN
3,0,3,NaN
3,0,3,NaN
3,0,3,NaN
2,1,3,NaN
1,2,3,0.4475557477195245
3,0,3,NaN
2,1,3,NaN
3,0,3,NaN
2,1,3,NaN
2,1,3,0.03831329598506057
3,0,3,NaN
3,0,3,0.8450772854630715
3,0,3,NaN
1,2,3,NaN
2,1,3,NaN
3,0,3,0.4011103777394731
3,0,3,NaN
3,0,3,NaN
3,0,3,0.31538291069709495
3,0,3,NaN
3,0,3,NaN
3,0,3,0.006162005486132496
1,2,3,NaN
2,1,3,0.8237080657963236
3,0,3,NaN
2,1,3,0.02787455723542097
3,0,3,NaN
3,0,3,0.31538291069709495
3,0,3,0.31538291069709495
3,0,3,NaN
3,0,3,0.8827570506600473
2,1,3,NaN
2,1,3,0.13695747655435897
3,0,3,NaN
3,0,3,0.49543559874771725
3,0,3,0.053556438906752275
1,2,3,NaN
3,0,3,0.6717661875924231
1,2,3,NaN
1,2,3,0.8652322931034484
1,2,3,NaN
1,2,3,NaN
3,0,3,NaN
3,0,3,NaN
3,0,3,NaN
2,1,3,NaN
3,0,3,NaN
2,1,3,0.49543559874771725
2,1,3,NaN
3,0,3,NaN
2,1,3,0.9733084005106692
2,1,3,NaN
3,0,3,NaN
3,0,3,NaN
3,0,3,NaN
3,0,3,NaN
2,1,3,NaN
2,1,3,NaN
3,0,3,0.31538291069709495
3,0,3,NaN
2,1,3,0.9663500458367166
1,2,3,NaN
2,1,3,NaN
3,0,3,NaN
1,2,3,NaN
1,2,3,NaN
3,0,3,0.6717661875924231
2,1,3,NaN
3,0,3,0.4011103777394731
2,1,3,0.8450772854630715
3,0,3,0.8827570506600473
2,1,3,NaN
1,2,3,NaN
2,1,3,0.9789190809366978
3,0,3,NaN
2,1,3,0.053556438906752275
1,2,3,NaN
1,2,3,0.49543559874771725
3,0,3,NaN
2,1,3,NaN
3,0,3,0.49543559874771725
2,1,3,0.631220773570296
3,0,3,NaN
3,0,3,NaN
3,0,3,NaN
2,1,3,NaN
2,1,3,NaN
1,2,3,NaN
3,0,3,NaN
1,2,3,0.7423423413009405
3,0,3,0.7092033041123709
1,2,3,0.004243052065979369
2,1,3,NaN
3,0,3,NaN
1,2,3,NaN
2,1,3,NaN
3,0,3,NaN
2,1,3,NaN
2,1,3,0.16164647645269392
2,1,3,0.9137791798943785
3,0,3,NaN
3,0,3,0.5865196674031864
3,0,3,NaN
3,0,3,NaN
3,0,3,NaN
3,0,3,NaN
2,1,3,0.24290906152647984
1,2,3,NaN
3,0,3,0.4011103777394731
1,2,3,NaN
2,1,3,0.8006696868167401
3,0,3,NaN
3,0,3,NaN
2,1,3,NaN
1,2,3,NaN
3,0,3,0.11778302376262217
3,0,3,NaN
3,0,3,0.631220773570296
3,0,3,NaN
3,0,3,NaN
1,2,3,NaN
3,0,3,NaN
3,0,3,NaN
3,0,3,NaN
1,2,3,NaN
2,1,3,NaN
3,0,3,NaN
3,0,3,0.18348414923983342
3,0,3,NaN
1,2,3,NaN
1,2,3,0.31538291069709495
3,0,3,0.7423423413009405
3,0,3,NaN
3,0,3,0.4011103777394731
2,1,3,NaN
2,1,3,NaN
3,0,3,0.6717661875924231
2,1,3,NaN
1,2,3,NaN
2,1,3,0.9137791798943785
3,0,3,NaN
1,2,3,0.9821190130468688
1,2,3,NaN
3,0,3,0.8652322931034484
3,0,3,NaN
3,0,3,NaN
3,0,3,NaN
3,0,3,0.6717661875924231
2,1,3,NaN
3,0,3,NaN
2,1,3,NaN
3,0,3,NaN
1,2,3,0.3557510427918548
2,1,3,NaN
1,2,3,0.9272124484159221
3,0,3,0.7726517314264018
2,1,3,NaN
3,0,3,NaN
3,0,3,NaN
2,1,3,NaN
3,0,3,0.9590286414731528
3,0,3,0.8006696868167401
3,0,3,0.8827570506600473
3,0,3,NaN
3,0,3,NaN
2,1,3,0.11851818845817348
1,2,3,NaN
2,1,3,NaN
3,0,3,0.04531425270758149
3,0,3,NaN
1,2,3,NaN
2,1,3,NaN
1,2,3,0.0630282359819421
2,1,3,0.8237080657963236
3,0,3,0.24290906152647984
3,0,3,0.9885707782763422
3,0,3,NaN
1,2,3,NaN
2,1,3,NaN
2,1,3,NaN
3,0,3,NaN
1,2,3,NaN
2,1,3,0.07361819104140599
2,1,3,0.6717661875924231
2,1,3,NaN
2,1,3,NaN
2,1,3,0.631220773570296
3,0,3,0.7726517314264018
1,2,3,NaN
3,0,3,NaN
3,0,3,0.10032275229784271
1,2,3,0.9137791798943785
3,0,3,0.13695747655435897
3,0,3,0.8237080657963236
2,1,3,NaN
3,0,3,0.5865196674031864
1,2,3,NaN
3,0,3,NaN
3,0,3,NaN
3,0,3,NaN
2,1,3,NaN
3,0,3,NaN
3,0,3,NaN
3,0,3,NaN
3,0,3,0.07361819104140599
1,2,3,0.865856228509367
2,1,3,0.8652322931034484
2,1,3,NaN
3,0,3,NaN
3,0,3,0.8006696868167401
3,0,3,NaN
3,0,3,NaN
1,2,3,0.3557510427918548
1,2,3,0.19412327736151114
3,0,3,NaN
2,1,3,0.8006696868167401
2,1,3,0.10032275229784271
3,0,3,0.002211533844513137
3,0,3,NaN
3,0,3,NaN
3,0,3,0.15938727449707998
1,2,3,NaN
2,1,3,NaN
3,0,3,NaN
2,1,3,0.9394569650180941
3,0,3,NaN
3,0,3,0.9841738135856081
3,0,3,NaN
3,0,3,0.9394569650180941
3,0,3,NaN
2,1,3,NaN
2,1,3,NaN
3,0,3,NaN
3,0,3,NaN
3,0,3,0.9663500458367166
3,0,3,NaN
3,0,3,0.8006696868167401
2,1,3,0.7092033041123709
3,0,3,NaN
3,0,3,NaN
3,0,3,0.2023842908463311
1,2,3,NaN
3,0,3,NaN
1,2,3,NaN
3,0,3,0.5417209770628222
1,2,3,NaN
2,1,3,0.631220773570296
1,2,3,NaN
3,0,3,NaN
3,0,3,NaN
2,1,3,NaN
3,0,3,0.03831329598506057
1,2,3,NaN
1,2,3,NaN
2,1,3,NaN
2,1,3,0.6717661875924231
2,1,3,NaN
1,2,3,NaN
3,0,3,NaN
3,0,3,0.9137791798943785
3,0,3,0.8526058373300494
2,1,3,NaN
2,1,3,NaN
2,1,3,NaN
1,2,3,NaN
3,0,3,0.6717661875924231
2,1,3,0.005348631961147096
3,0,3,NaN
3,0,3,NaN
3,0,3,NaN
2,1,3,NaN
3,0,3,NaN
3,0,3,NaN
2,1,3,NaN
3,0,3,NaN
3,0,3,0.4011103777394731
3,0,3,0.631220773570296
3,0,3,NaN
2,1,3,NaN
3,0,3,NaN
3,0,3,NaN
1,2,3,NaN
2,1,3,0.4475557477195245
2,1,3,NaN
1,2,3,NaN
2,1,3,0.8237080657963236
3,0,3,NaN
3,0,3,NaN
1,2,3,0.18348414923983342
1,2,3,NaN
1,2,3,0.8652322931034484
2,1,3,0.5417209770628222
2,1,3,0.016656938369781698
2,1,3,NaN
2,1,3,NaN
2,1,3,0.4475557477195245
3,0,3,NaN
3,0,3,0.12609489334674728
3,0,3,NaN
3,0,3,NaN
3,0,3,NaN
1,2,3,NaN
3,0,3,NaN
2,1,3,0.08612589160650815
2,1,3,NaN
3,0,3,NaN
3,0,3,NaN
2,1,3,NaN
2,1,3,0.9272124484159221
2,1,3,NaN
2,1,3,0.6717661875924231
1,2,3,NaN
3,0,3,NaN
3,0,3,NaN
3,0,3,0.7423423413009405
3,0,3,NaN
2,1,3,0.18348414923983342
3,0,3,NaN
3,0,3,NaN
2,1,3,NaN
2,1,3,NaN
3,0,3,0.02787455723542097
3,0,3,NaN
3,0,3,NaN
3,0,3,NaN
2,1,3,NaN
2,1,3,NaN
3,0,3,NaN
2,1,3,0.7092033041123709
1,2,3,0.0019397943444730912
2,1,3,0.7092033041123709
2,1,3,0.7726517314264018
3,0,3,NaN
1,2,3,NaN
3,0,3,0.631220773570296
3,0,3,NaN
3,0,3,NaN
1,2,3,0.31538291069709495
3,0,3,NaN
2,1,3,NaN
2,1,3,0.5865196674031864
3,0,3,NaN
3,0,3,NaN
3,0,3,0.8450772854630715
3,0,3,NaN
2,1,3,NaN
2,1,3,0.0630282359819421
2,1,3,NaN
3,0,3,NaN
2,1,3,0.3557510427918548
1,2,3,NaN
3,0,3,NaN
3,0,3,NaN
3,0,3,0.0025709660283289135
2,1,3,0.9789190809366978
3,0,3,0.9733084005106692
2,1,3,NaN
2,1,3,NaN
2,1,3,NaN
1,2,3,NaN
2,1,3,NaN
2,1,3,NaN
3,0,3,NaN
3,0,3,NaN
3,0,3,NaN
1,2,3,NaN
3,0,3,0.631220773570296
3,0,3,NaN
2,1,3,NaN
3,0,3,NaN
3,0,3,NaN
3,0,3,0.8827570506600473
3,0,3,0.9272124484159221
2,1,3,NaN
2,1,3,NaN
3,0,3,0.8652322931034484
3,0,3,0.053556438906752275
2,1,3,NaN
3,0,3,0.009325005405405363
2,1,3,0.4011103777394731
2,1,3,0.08612589160650815
3,0,3,NaN
2,1,3,NaN
1,2,3,0.5865196674031864
2,1,3,NaN
1,2,3,0.6386796318110681
3,0,3,NaN
3,0,3,0.5865196674031864
3,0,3,0.5417209770628222
1,2,3,NaN
1,2,3,NaN
1,2,3,NaN
2,1,3,0.7092033041123709
2,1,3,NaN
3,0,3,NaN
1,2,3,NaN
2,1,3,0.7423423413009405
2,1,3,0.3557510427918548
3,0,3,NaN
2,1,3,NaN
3,0,3,0.18120091648214065
1,2,3,NaN
2,1,3,NaN
3,0,3,NaN
3,0,3,NaN
1,2,3,NaN
3,0,3,0.7092033041123709
3,0,3,NaN
1,2,3,NaN
1,2,3,NaN
2,1,3,NaN
3,0,3,NaN
3,0,3,NaN
2,1,3,NaN
2,1,3,NaN
2,1,3,NaN
2,1,3,0.7726517314264018
3,0,3,0.5417209770628222
1,2,3,NaN
2,1,3,NaN
2,1,3,NaN
2,1,3,NaN
2,1,3,NaN
1,2,3,NaN
1,2,3,NaN
2,1,3,NaN
3,0,3,NaN
3,0,3,0.2783692877527476
3,0,3,0.9733084005106692
1,2,3,NaN
2,1,3,NaN
2,1,3,0.9394569650180941
1,2,3,NaN
3,0,3,NaN
3,0,3,NaN
3,0,3,NaN
2,1,3,0.13695747655435897
3,0,3,NaN
3,0,3,NaN
3,0,3,NaN
3,0,3,NaN
2,1,3,NaN
3,0,3,NaN
3,0,3,NaN
1,2,3,0.321221426047442
2,1,3,NaN
3,0,3,0.31538291069709495
3,0,3,NaN
3,0,3,NaN
2,1,3,NaN
3,0,3,NaN
3,0,3,NaN
3,0,3,NaN
3,0,3,NaN
3,0,3,NaN
3,0,3,0.3368416998819596
1,2,3,NaN
2,1,3,NaN
3,0,3,NaN
3,0,3,0.5417209770628222
2,1,3,NaN
1,2,3,0.7882077860957023
1,2,3,NaN
3,0,3,0.631220773570296
3,0,3,0.007759718124196265
1,2,3,NaN
3,0,3,NaN
2,1,3,NaN
1,2,3,0.2783692877527476
3,0,3,NaN
2,1,3,NaN
3,0,3,NaN
1,2,3,NaN
3,0,3,0.5263499558718666
3,0,3,NaN
2,1,3,0.09573802279852978
3,0,3,NaN
1,2,3,NaN
3,0,3,NaN
2,1,3,NaN
2,1,3,NaN
2,1,3,0.4475557477195245
3,0,3,0.7008889145275486
3,0,3,NaN
3,0,3,0.08612589160650815
3,0,3,NaN
1,2,3,0.5039270951568245
3,0,3,NaN
3,0,3,NaN
1,2,3,NaN
3,0,3,NaN
2,1,3,0.6717661875924231
3,0,3,NaN
2,1,3,NaN
3,0,3,0.5865196674031864
3,0,3,0.18348414923983342
1,2,3,NaN
3,0,3,NaN
3,0,3,0.5417209770628222
3,0,3,NaN
1,2,3,0.8006696868167401
1,2,3,NaN
1,2,3,0.6018962792846809
3,0,3,NaN
3,0,3,NaN
3,0,3,NaN
1,2,3,NaN
2,1,3,0.09180520026970693
3,0,3,NaN
3,0,3,NaN
2,1,3,0.4011103777394731
3,0,3,NaN
3,0,3,0.04531425270758149
3,0,3,NaN
2,1,3,0.4155618969404342
3,0,3,NaN
3,0,3,NaN
2,1,3,0.5865196674031864
2,1,3,0.5865196674031864
1,2,3,0.7726517314264018
2,1,3,NaN
3,0,3,0.5865196674031864
2,1,3,NaN
3,0,3,NaN
1,2,3,0.8450772854630715
3,0,3,NaN
1,2,3,NaN
3,0,3,NaN
2,1,3,0.10032275229784271
2,1,3,NaN
3,0,3,NaN
3,0,3,NaN
2,1,3,0.7423423413009405
2,1,3,0.13695747655435897
1,2,3,0.6717661875924231
2,1,3,0.7092033041123709
3,0,3,NaN
3,0,3,NaN
3,0,3,0.6717661875924231
3,0,3,NaN
3,0,3,NaN
1,2,3,NaN
3,0,3,0.8827570506600473
2,1,3,0.2783692877527476
1,2,3,NaN
3,0,3,NaN
2,1,3,NaN
2,1,3,0.49543559874771725
3,0,3,NaN
1,2,3,NaN
3,0,3,NaN
2,1,3,NaN
3,0,3,NaN
2,1,3,NaN
3,0,3,NaN
1,2,3,NaN
3,0,3,0.4475557477195245
1,2,3,NaN
2,1,3,0.8652322931034484
2,1,3,0.9272124484159221
2,1,3,NaN
3,0,3,NaN
3,0,3,NaN
1,2,3,0.7726517314264018
3,0,3,0.21185071034975703
3,0,3,NaN
2,1,3,NaN
2,1,3,NaN
2,1,3,NaN
3,0,3,NaN
3,0,3,NaN
1,2,3,0.4011103777394731
2,1,3,NaN
3,0,3,0.4011103777394731
3,0,3,0.9663500458367166
3,0,3,0.9733084005106692
3,0,3,NaN
2,1,3,NaN
3,0,3,NaN
3,0,3,0.28049638602019156
3,0,3,NaN
3,0,3,NaN
1,2,3,NaN
3,0,3,0.007349342594627595
3,0,3,0.5417209770628222
3,0,3,NaN
3,0,3,0.31538291069709495
2,1,3,0.11735031057960332
3,0,3,NaN
3,0,3,0.5417209770628222
3,0,3,NaN
2,1,3,NaN
1,2,3,NaN
3,0,3,NaN
3,0,3,0.3557510427918548
3,0,3,NaN
2,1,3,NaN
3,0,3,0.07361819104140599
3,0,3,NaN
2,1,3,NaN
2,1,3,0.6717661875924231
3,0,3,0.10032275229784271
3,0,3,NaN
3,0,3,NaN
2,1,3,0.48416940683333404
3,0,3,NaN
2,1,3,0.4011103777394731
3,0,3,NaN
2,1,3,0.631220773570296
3,0,3,NaN
3,0,3,NaN
2,1,3,0.005961402899849122
2,1,3,0.4475557477195245
1,2,3,0.08612589160650815
3,0,3,NaN
2,1,3,0.7423423413009405
2,1,3,NaN
3,0,3,NaN
3,0,3,0.7423423413009405
2,1,3,NaN
2,1,3,NaN
3,0,3,0.5865196674031864
1,2,3,NaN
2,1,3,0.030758156819904358
3,0,3,NaN
1,2,3,0.8273404403689961
3,0,3,0.6717661875924231
3,0,3,NaN
2,1,3,0.9272124484159221
3,0,3,0.10032275229784271
2,1,3,NaN
3,0,3,0.032232598081426644
3,0,3,NaN
1,2,3,NaN
1,2,3,NaN
1,2,3,NaN
2,1,3,NaN
3,0,3,NaN
3,0,3,NaN
3,0,3,NaN
2,1,3,NaN
2,1,3,0.4475557477195245
2,1,3,NaN
3,0,3,NaN
3,0,3,NaN
1,2,3,NaN
3,0,3,NaN
3,0,3,NaN
3,0,3,NaN
1,2,3,0.03831329598506057
2,1,3,0.8827570506600473
3,0,3,0.9394569650180941
1,2,3,NaN
1,2,3,0.4011103777394731
1,2,3,NaN
2,1,3,NaN
3,0,3,NaN
3,0,3,NaN
2,1,3,NaN
3,0,3,0.9663500458367166
3,0,3,0.7726517314264018
3,0,3,NaN
3,0,3,NaN
1,2,3,0.15938727449707998
3,0,3,0.2017684930711775
2,1,3,0.10032275229784271
3,0,3,NaN
3,0,3,NaN
3,0,3,0.9947902460509087
3,0,3,0.8450772854630715
3,0,3,NaN
2,1,3,0.18348414923983342
3,0,3,NaN
2,1,3,NaN
2,1,3,NaN
2,1,3,NaN
2,1,3,NaN
2,1,3,NaN
2,1,3,0.8006696868167401
3,0,3,0.8450772854630715
3,0,3,NaN
3,0,3,NaN
3,0,3,0.9001259164326818
3,0,3,NaN
3,0,3,NaN
3,0,3,0.49543559874771725
3,0,3,0.18348414923983342
2,1,3,NaN
2,1,3,NaN
3,0,3,NaN
3,0,3,0.2783692877527476
2,1,3,0.3557510427918548
1,2,3,NaN
1,2,3,NaN
3,0,3,NaN
1,2,3,NaN
3,0,3,NaN
2,1,3,NaN
3,0,3,NaN
3,0,3,NaN
2,1,3,NaN
1,2,3,0.7423423413009405
3,0,3,0.6516169525146253
3,0,3,NaN
3,0,3,0.08612589160650815
2,1,3,0.9590286414731528
2,1,3,NaN
2,1,3,NaN
3,0,3,NaN
3,0,3,NaN
3,0,3,NaN
2,1,3,0.6717661875924231
2,1,3,NaN
3,0,3,NaN
3,0,3,NaN
2,1,3,NaN
3,0,3,NaN
3,0,3,NaN
2,1,3,0.4011103777394731
1,2,3,0.6717661875924231
3,0,3,0.3557510427918548
3,0,3,NaN
2,1,3,NaN
2,1,3,0.4475557477195245
3,0,3,NaN
3,0,3,NaN
3,0,3,0.4475557477195245
1,2,3,NaN
1,2,3,0.5560784007855747
2,1,3,NaN
3,0,3,NaN
3,0,3,NaN
3,0,3,0.31538291069709495
2,1,3,NaN
3,0,3,NaN
2,1,3,NaN
3,0,3,NaN
3,0,3,0.13695747655435897
3,0,3,NaN
2,1,3,NaN
1,2,3,NaN
3,0,3,NaN
2,1,3,NaN
3,0,3,NaN
3,0,3,0.5417209770628222
3,0,3,NaN
3,0,3,0.0630282359819421
1,2,3,0.0630282359819421
2,1,3,0.1842136186312726
3,0,3,NaN
3,0,3,NaN
2,1,3,NaN
2,1,3,NaN
1,2,3,NaN
3,0,3,NaN
2,1,3,NaN
3,0,3,NaN
2,1,3,NaN
1,2,3,NaN
3,0,3,0.7657133353504112
3,0,3,0.5417209770628222
3,0,3,NaN
3,0,3,NaN
2,1,3,NaN
1,2,3,NaN
2,1,3,NaN
2,1,3,NaN
2,1,3,0.8006696868167401
3,0,3,NaN
1,2,3,NaN
2,1,3,NaN
3,0,3,NaN
3,0,3,NaN
3,0,3,0.8237080657963236
2,1,3,0.4475557477195245
3,0,3,NaN
3,0,3,NaN
2,1,3,NaN
3,0,3,0.631220773570296
3,0,3,NaN
1,2,3,NaN
3,0,3,NaN
3,0,3,NaN
2,1,3,NaN
3,0,3,0.7726517314264018
1,2,3,NaN
2,1,3,0.11735031057960332
3,0,3,NaN
3,0,3,0.4011103777394731
3,0,3,NaN
1,2,3,NaN
2,1,3,NaN
3,0,3,NaN
3,0,3,NaN
2,1,3,NaN
3,0,3,NaN
2,1,3,0.3557510427918548
1,2,3,0.4011103777394731
1,2,3,0.5417209770628222
3,0,3,0.01451883569202176
3,0,3,NaN
3,0,3,NaN
3,0,3,0.6717661875924231
2,1,3,0.023178553387368964
2,1,3,NaN
3,0,3,0.004243052065979369
3,0,3,0.013975022933555799
2,1,3,NaN
1,2,3,0.5180838030620013
3,0,3,NaN
2,1,3,0.3557510427918548
1,2,3,NaN
2,1,3,NaN
3,0,3,NaN
2,1,3,0.04531425270758149
2,1,3,NaN
1,2,3,NaN
3,0,3,NaN
3,0,3,0.9663500458367166
1,2,3,NaN
3,0,3,0.4011103777394731
3,0,3,0.8006696868167401
3,0,3,NaN
2,1,3,NaN
2,1,3,NaN
3,0,3,0.29875765720844893
3,0,3,0.4475557477195245
3,0,3,NaN
2,1,3,NaN
2,1,3,0.0274482768931293
3,0,3,NaN
2,1,3,NaN
3,0,3,NaN
3,0,3,NaN
2,1,3,0.4011103777394731
2,1,3,NaN
1,2,3,0.4475557477195245
2,1,3,0.15938727449707998
2,1,3,0.7092033041123709
2,1,3,NaN
2,1,3,0.9001259164326818
3,0,3,NaN
2,1,3,NaN
1,2,3,0.3731258514902117
2,1,3,0.18348414923983342
2,1,3,NaN
1,2,3,NaN
3,0,3,NaN
2,1,3,NaN
3,0,3,NaN
2,1,3,NaN
2,1,3,0.5865196674031864
1,2,3,NaN
1,2,3,0.5417209770628222
3,0,3,0.7726517314264018
3,0,3,NaN
1,2,3,NaN
1,2,3,NaN
3,0,3,NaN
3,0,3,NaN
1,2,3,NaN
1,2,3,0.7092033041123709
2,1,3,0.3557510427918548
2,1,3,NaN
2,1,3,NaN
3,0,3,NaN
3,0,3,NaN
2,1,3,NaN
3,0,3,NaN
3,0,3,NaN
3,0,3,NaN
1,2,3,NaN
3,0,3,NaN
2,1,3,NaN
2,1,3,NaN
3,0,3,0.24290906152647984
3,0,3,NaN
2,1,3,0.019796251803769704
3,0,3,0.7726517314264018
2,1,3,0.9394569650180941
2,1,3,0.9733084005106692
1,2,3,NaN
1,2,3,NaN
3,0,3,0.9493033010224405
3,0,3,0.03307529944720139
3,0,3,NaN
3,0,3,NaN
2,1,3,NaN
2,1,3,NaN
3,0,3,NaN
1,2,3,NaN
1,2,3,NaN
2,1,3,0.8652322931034484
2,1,3,NaN
1,2,3,NaN
3,0,3,NaN
1,2,3,0.31538291069709495
2,1,3,0.9841738135856081
1,2,3,NaN
1,2,3,0.053556438906752275
3,0,3,0.2783692877527476
3,0,3,NaN
3,0,3,0.6717661875924231
1,2,3,NaN
2,1,3,NaN
2,1,3,0.9045471222061193
2,1,3,NaN
1,2,3,NaN
2,1,3,NaN
3,0,3,0.7423423413009405
3,0,3,NaN
2,1,3,NaN
1,2,3,NaN
2,1,3,NaN
3,0,3,NaN
3,0,3,NaN
3,0,3,0.556053261693435
2,1,3,0.631220773570296
2,1,3,0.5865196674031864
3,0,3,NaN
3,0,3,NaN
2,1,3,NaN
2,1,3,0.631220773570296
3,0,3,0.6717661875924231
1,2,3,0.4011103777394731
1,2,3,0.631220773570296
2,1,3,NaN
1,2,3,0.3557510427918548
2,1,3,NaN
2,1,3,NaN
3,0,3,0.10032275229784271
3,0,3,NaN
3,0,3,NaN
2,1,3,0.6717661875924231
3,0,3,0.4155618969404342
1,2,3,NaN
1,2,3,0.7726517314264018
3,0,3,0.2783692877527476
1,2,3,0.04710586429197951
2,1,3,NaN
2,1,3,NaN
2,1,3,NaN
2,1,3,NaN
3,0,3,0.053556438906752275
3,0,3,0.24290906152647984
2,1,3,0.04531425270758149
3,0,3,NaN
3,0,3,0.5865196674031864
3,0,3,0.7726517314264018
1,2,3,NaN
1,2,3,NaN
3,0,3,NaN
1,2,3,0.8450772854630715
2,1,3,NaN
1,2,3,NaN
2,1,3,0.5865196674031864
2,1,3,NaN
3,0,3,NaN
2,1,3,0.2559921408322171
2,1,3,0.8416968816058027
2,1,3,NaN
1,2,3,NaN
1,2,3,NaN
2,1,3,NaN
3,0,3,NaN
2,1,3,NaN
2,1,3,NaN
2,1,3,0.9335053885363508
1,2,3,0.5865196674031864
3,0,3,0.7092033041123709
1,2,3,NaN
3,0,3,NaN
3,0,3,NaN
3,0,3,0.24290906152647984
1,2,3,0.9137791798943785
3,0,3,0.5865196674031864
2,1,3,NaN
2,1,3,0.7726517314264018
3,0,3,NaN
2,1,3,NaN
3,0,3,NaN
3,0,3,NaN
2,1,3,0.18348414923983342
3,0,3,NaN
3,0,3,NaN
1,2,3,0.019796251803769704
1,2,3,NaN
1,2,3,NaN
3,0,3,0.3557510427918548
2,1,3,NaN
3,0,3,NaN
1,2,3,0.8450772854630715
2,1,3,NaN
2,1,3,0.631220773570296
2,1,3,NaN
1,2,3,NaN
3,0,3,NaN
2,1,3,0.8450772854630715
1,2,3,0.0047003493073026585
3,0,3,NaN
3,0,3,NaN
3,0,3,NaN
2,1,3,0.5417209770628222
3,0,3,NaN
3,0,3,0.5417209770628222
1,2,3,NaN
2,1,3,0.03831329598506057
2,1,3,NaN
3,0,3,0.13695747655435897
3,0,3,NaN
3,0,3,0.15938727449707998
2,1,3,0.8450772854630715
2,1,3,0.4011103777394731
2,1,3,0.8652322931034484
3,0,3,NaN
2,1,3,NaN
2,1,3,NaN
2,1,3,0.5587721585107637
3,0,3,0.15938727449707998
2,1,3,NaN
2,1,3,9.187113457255621e-5
2,1,3,NaN
2,1,3,0.11735031057960332
3,0,3,NaN
3,0,3,NaN
2,1,3,NaN
3,0,3,0.631220773570296
2,1,3,NaN
1,2,3,0.13695747655435897
3,0,3,0.11735031057960332
3,0,3,0.5865196674031864
3,0,3,NaN
2,1,3,0.13695747655435897
3,0,3,NaN
1,2,3,0.4011103777394731
2,1,3,0.9733084005106692
3,0,3,NaN
3,0,3,0.8237080657963236
2,1,3,NaN
3,0,3,NaN
3,0,3,NaN
2,1,3,NaN
3,0,3,NaN
3,0,3,NaN
3,0,3,NaN
3,0,3,NaN
3,0,3,NaN
3,0,3,0.032853775051729074
3,0,3,0.10032275229784271
2,1,3,0.8652322931034484
2,1,3,0.019796251803769704
1,2,3,NaN
3,0,3,NaN
3,0,3,NaN
1,2,3,NaN
2,1,3,NaN
2,1,3,NaN
1,2,3,0.9394569650180941
1,2,3,NaN
3,0,3,0.8652322931034484
3,0,3,NaN
3,0,3,0.6717661875924231
3,0,3,NaN
3,0,3,0.4011103777394731
2,1,3,NaN
3,0,3,0.8006696868167401
2,1,3,0.5417209770628222
2,1,3,0.978442199687822
1,2,3,NaN
1,2,3,NaN
1,2,3,0.15938727449707998
2,1,3,NaN
3,0,3,NaN
3,0,3,0.6717661875924231
3,0,3,NaN
3,0,3,NaN
3,0,3,0.2783692877527476
3,0,3,0.4011103777394731
3,0,3,0.18348414923983342
2,1,3,0.016656938369781698
3,0,3,NaN
3,0,3,0.08612589160650815
1,2,3,0.5865196674031864
3,0,3,0.4011103777394731
1,2,3,0.10032275229784271
3,0,3,0.631220773570296
3,0,3,0.631220773570296
3,0,3,NaN
1,2,3,NaN
1,2,3,0.8237080657963236
3,0,3,0.04531425270758149
1,2,3,NaN
2,1,3,NaN
1,2,3,NaN
1,2,3,NaN
3,0,3,NaN
1,2,3,NaN
1,2,3,0.006162005486132496
3,0,3,NaN
2,1,3,NaN
3,0,3,NaN
3,0,3,0.07361819104140599
3,0,3,NaN
3,0,3,0.18348414923983342
3,0,3,0.13695747655435897
2,1,3,NaN
2,1,3,NaN
2,1,3,0.4475557477195245
2,1,3,NaN
3,0,3,NaN
1,2,3,NaN
2,1,3,0.8006696868167401
3,0,3,0.7423423413009405
3,0,3,0.631220773570296
3,0,3,NaN
1,2,3,NaN
3,0,3,0.31538291069709495
2,1,3,NaN
3,0,3,0.21185071034975703
3,0,3,0.4475557477195245
1,2,3,0.03831329598506057
1,2,3,NaN
1,2,3,NaN
3,0,3,NaN
2,1,3,0.8652322931034484
3,0,3,0.4475557477195245
2,1,3,0.032853775051729074
3,0,3,NaN
3,0,3,0.31538291069709495
3,0,3,NaN
3,0,3,NaN
2,1,3,NaN
2,1,3,0.5417209770628222
2,1,3,NaN
3,0,3,NaN
2,1,3,0.9789190809366978
3,0,3,NaN
2,1,3,NaN
3,0,3,NaN
1,2,3,NaN
2,1,3,NaN
2,1,3,NaN
2,1,3,NaN
2,1,3,0.7726517314264018
1,2,3,0.15938727449707998
2,1,3,0.8006696868167401
2,1,3,NaN
3,0,3,NaN
3,0,3,0.8006696868167401
1,2,3,0.7092033041123709
3,0,3,NaN
2,1,3,NaN
3,0,3,NaN
3,0,3,NaN
2,1,3,NaN
2,1,3,NaN
3,0,3,0.31538291069709495
2,1,3,NaN
3,0,3,NaN
2,1,3,0.9137791798943785
1,2,3,NaN
3,0,3,NaN
3,0,3,NaN
1,2,3,NaN
2,1,3,NaN
1,2,3,NaN
3,0,3,0.9493033010224405
3,0,3,0.08612589160650815
1,2,3,0.8833791023009167
2,1,3,NaN
3,0,3,0.7726517314264018
3,0,3,NaN
2,1,3,0.4011103777394731
1,2,3,0.04531425270758149
3,0,3,0.15938727449707998
3,0,3,NaN
3,0,3,0.08612589160650815
1,2,3,0.21185071034975703
2,1,3,NaN
1,2,3,NaN
3,0,3,NaN
2,1,3,NaN
3,0,3,NaN
3,0,3,NaN
2,1,3,NaN
3,0,3,0.5865196674031864
2,1,3,NaN
2,1,3,NaN
1,2,3,0.016656938369781698
3,0,3,0.24290906152647984
2,1,3,NaN
2,1,3,NaN
2,1,3,NaN
3,0,3,NaN
3,0,3,NaN
3,0,3,NaN
2,1,3,0.01847294436520439
3,0,3,0.9137791798943785
2,1,3,NaN
1,2,3,NaN
2,1,3,0.5940785884460495
3,0,3,NaN
3,0,3,0.3604472271944394
2,1,3,0.18348414923983342
1,2,3,4.707336021360081e-5
2,1,3,NaN
3,0,3,0.7092033041123709
2,1,3,0.7092033041123709
3,0,3,NaN
2,1,3,0.8012183129642948
2,1,3,NaN
3,0,3,0.7092033041123709
2,1,3,0.8006696868167401
3,0,3,NaN
3,0,3,NaN
3,0,3,0.5417209770628222
1,2,3,0.18348414923983342
1,2,3,0.009325005405405363
3,0,3,NaN
3,0,3,NaN
2,1,3,NaN
3,0,3,0.02787455723542097
1,2,3,NaN
2,1,3,NaN
2,1,3,0.5865196674031864
1,2,3,NaN
2,1,3,NaN
1,2,3,NaN
3,0,3,NaN
2,1,3,NaN
2,1,3,0.9137791798943785
2,1,3,0.6018962792846809
2,1,3,NaN
3,0,3,NaN
3,0,3,NaN
2,1,3,0.9001259164326818
3,0,3,NaN
1,2,3,0.6718829133842396
2,1,3,0.4011103777394731
2,1,3,NaN
3,0,3,0.4011103777394731
1,2,3,NaN
2,1,3,NaN
1,2,3,0.24290906152647984
2,1,3,NaN
3,0,3,NaN
2,1,3,NaN
3,0,3,NaN
3,0,3,NaN
3,0,3,0.13695747655435897
3,0,3,NaN
1,2,3,0.00309569332205786
3,0,3,NaN
2,1,3,0.8006696868167401
3,0,3,NaN
2,1,3,NaN
2,1,3,NaN
3,0,3,NaN
3,0,3,0.7726517314264018
2,1,3,NaN
2,1,3,NaN
1,2,3,NaN
3,0,3,NaN
2,1,3,NaN
3,0,3,NaN
2,1,3,0.8006696868167401
3,0,3,NaN
3,0,3,NaN
2,1,3,NaN
3,0,3,NaN
1,2,3,0.004243052065979369
3,0,3,NaN
2,1,3,NaN
3,0,3,NaN
1,2,3,0.8652322931034484
3,0,3,NaN
1,2,3,0.9137791798943785
3,0,3,NaN
3,0,3,NaN
3,0,3,NaN
2,1,3,NaN
2,1,3,NaN
3,0,3,0.6717661875924231
3,0,3,NaN
2,1,3,0.49543559874771725
2,1,3,NaN
3,0,3,0.9001259164326818
2,1,3,NaN
3,0,3,NaN
3,0,3,NaN
2,1,3,0.0011975738931419813
3,0,3,NaN
2,1,3,0.21484698166505767
2,1,3,NaN
3,0,3,NaN
1,2,3,0.023523370190105038
2,1,3,NaN
1,2,3,NaN
1,2,3,NaN
1,2,3,NaN
2,1,3,NaN
1,2,3,0.5085888036623277
1,2,3,NaN
2,1,3,NaN
1,2,3,NaN
3,0,3,NaN
2,1,3,NaN
2,1,3,0.3140788080690369
1,2,3,0.5979809262729264
3,0,3,0.8006696868167401
1,2,3,0.8652322931034484
3,0,3,NaN
3,0,3,0.4475557477195245
2,1,3,0.06301655851591602
2,1,3,NaN
2,1,3,0.9733084005106692
3,0,3,0.9001259164326818
2,1,3,NaN
1,2,3,NaN
3,0,3,0.4011103777394731
3,0,3,NaN
3,0,3,NaN
3,0,3,NaN
3,0,3,NaN
3,0,3,NaN
1,2,3,NaN
1,2,3,NaN
3,0,3,NaN
3,0,3,0.21185071034975703
1,2,3,0.04531425270758149
2,1,3,NaN
3,0,3,0.8450772854630715
1,2,3,0.4475557477195245
3,0,3,0.9137791798943785
3,0,3,NaN
2,1,3,0.5417209770628222
2,1,3,NaN
2,1,3,NaN
1,2,3,NaN
2,1,3,0.24290906152647984
3,0,3,0.8006696868167401
2,1,3,NaN
3,0,3,NaN
3,0,3,NaN
1,2,3,0.06227839807645494
1,2,3,NaN
2,1,3,0.7234577439877888
2,1,3,0.17666485912015545
1,2,3,NaN
2,1,3,0.9331521579997426
3,0,3,NaN
3,0,3,NaN
3,0,3,0.7726517314264018
2,1,3,NaN
3,0,3,0.053556438906752275
2,1,3,NaN
3,0,3,NaN
3,0,3,0.8652322931034484
3,0,3,NaN
2,1,3,NaN
2,1,3,NaN
3,0,3,0.3557510427918548
2,1,3,NaN
3,0,3,0.03831329598506057
2,1,3,NaN
3,0,3,0.4011103777394731
2,1,3,0.04531425270758149
3,0,3,NaN
3,0,3,0.8450772854630715
3,0,3,0.5865196674031864
3,0,3,0.49543559874771725
1,2,3,NaN
2,1,3,NaN
1,2,3,0.719187093176264
1,2,3,0.9493033010224405
2,1,3,0.5865196674031864
3,0,3,0.8006696868167401
2,1,3,NaN
3,0,3,NaN
2,1,3,0.3604472271944394
2,1,3,NaN
3,0,3,NaN
3,0,3,NaN
3,0,3,NaN
3,0,3,NaN
1,2,3,NaN
3,0,3,0.5417209770628222
1,2,3,0.2783692877527476
3,0,3,NaN
2,1,3,0.19639556869426913
3,0,3,0.15938727449707998
2,1,3,NaN
1,2,3,0.4475557477195245
1,2,3,0.9590286414731528
3,0,3,NaN
1,2,3,0.8237080657963236
1,2,3,0.4155618969404342
1,2,3,NaN
1,2,3,NaN
2,1,3,NaN
3,0,3,NaN
2,1,3,NaN
2,1,3,NaN
3,0,3,0.8450772854630715
3,0,3,NaN
3,0,3,NaN
2,1,3,0.9001259164326818
2,1,3,0.0015506799637766114
3,0,3,NaN
2,1,3,NaN
2,1,3,NaN
2,1,3,0.7092033041123709
2,1,3,0.6210813404819252
2,1,3,NaN
3,0,3,NaN
3,0,3,0.2954562226479242
1,2,3,NaN
3,0,3,NaN
2,1,3,0.03831329598506057
1,2,3,NaN
2,1,3,NaN
3,0,3,0.8652322931034484
3,0,3,0.5865196674031864
3,0,3,NaN
1,2,3,NaN
1,2,3,NaN
3,0,3,0.8652322931034484
3,0,3,NaN
3,0,3,NaN
2,1,3,NaN
3,0,3,NaN
3,0,3,NaN
3,0,3,NaN
2,1,3,0.9394569650180941
2,1,3,NaN
2,1,3,0.21185071034975703
2,1,3,0.4011103777394731
2,1,3,NaN
2,1,3,0.9137791798943785
3,0,3,0.3557510427918548
1,2,3,NaN
2,1,3,0.7423423413009405
3,0,3,NaN
2,1,3,NaN
2,1,3,NaN
3,0,3,NaN
3,0,3,NaN
1,2,3,0.04737237806624203
3,0,3,NaN
3,0,3,NaN
3,0,3,0.31538291069709495
2,1,3,0.0011052224293586004
3,0,3,0.631220773570296
2,1,3,NaN
3,0,3,NaN
2,1,3,NaN
2,1,3,0.0630282359819421
3,0,3,0.9001259164326818
1,2,3,NaN
1,2,3,NaN
1,2,3,0.49543559874771725
3,0,3,0.9400555695425443
2,1,3,0.631220773570296
3,0,3,0.7726517314264018
3,0,3,0.9493033010224405
2,1,3,0.7726517314264018
1,2,3,0.13833345776724826
3,0,3,0.053556438906752275
3,0,3,NaN
3,0,3,NaN
3,0,3,NaN
3,0,3,0.2783692877527476
2,1,3,NaN
3,0,3,NaN
1,2,3,0.4011103777394731
3,0,3,NaN
2,1,3,NaN
1,2,3,0.9001259164326818
3,0,3,0.9272124484159221
3,0,3,0.2783692877527476
3,0,3,NaN
1,2,3,NaN
3,0,3,NaN
2,1,3,0.7092033041123709
1,2,3,0.631220773570296
3,0,3,0.24290906152647984
1,2,3,NaN
2,1,3,NaN
3,0,3,NaN
3,0,3,NaN
3,0,3,NaN
2,1,3,0.4475557477195245
2,1,3,0.0004931993107402023
3,0,3,0.9493033010224405
3,0,3,NaN
1,2,3,NaN
1,2,3,NaN
2,1,3,0.8237080657963236
3,0,3,0.2783692877527476
2,1,3,NaN
2,1,3,NaN
3,0,3,0.053556438906752275
3,0,3,NaN
3,0,3,0.4475557477195245
3,0,3,NaN
2,1,3,NaN
1,2,3,NaN
1,2,3,0.49543559874771725
3,0,3,NaN
3,0,3,NaN
3,0,3,NaN
1,2,3,NaN
2,1,3,NaN
3,0,3,0.9789190809366978
3,0,3,0.8827570506600473
3,0,3,NaN
1,2,3,NaN
2,1,3,0.07361819104140599
2,1,3,0.01384068834559692
2,1,3,NaN
2,1,3,NaN
1,2,3,NaN
2,1,3,NaN
1,2,3,0.18348414923983342
3,0,3,NaN
2,1,3,0.48945833991568644
2,1,3,NaN
1,2,3,NaN
3,0,3,0.21185071034975703
3,0,3,0.8652322931034484
3,0,3,NaN
3,0,3,0.08612589160650815
3,0,3,NaN
1,2,3,NaN
3,0,3,NaN
1,2,3,NaN
3,0,3,0.5417209770628222
3,0,3,NaN
2,1,3,NaN
1,2,3,NaN
3,0,3,NaN
3,0,3,NaN
3,0,3,0.4011103777394731
2,1,3,NaN
3,0,3,0.9841738135856081
2,1,3,NaN
1,2,3,NaN
2,1,3,NaN
2,1,3,NaN
2,1,3,0.662803924606588
2,1,3,0.8827570506600473
2,1,3,NaN
3,0,3,0.7423423413009405
2,1,3,NaN
3,0,3,NaN
2,1,3,0.02787455723542097
2,1,3,NaN
3,0,3,0.0630282359819421
3,0,3,0.4475557477195245
1,2,3,NaN
3,0,3,NaN
3,0,3,NaN
3,0,3,0.8652322931034484
2,1,3,NaN
2,1,3,NaN
2,1,3,0.4475557477195245
1,2,3,NaN
3,0,3,NaN
2,1,3,NaN
3,0,3,0.7423423413009405
2,1,3,NaN
2,1,3,NaN
3,0,3,0.9841738135856081
3,0,3,NaN
3,0,3,NaN
3,0,3,0.4475557477195245
1,2,3,NaN
2,1,3,0.5865196674031864
1,2,3,NaN
3,0,3,NaN
2,1,3,NaN
2,1,3,NaN
1,2,3,0.49543559874771725
3,0,3,0.8006696868167401
3,0,3,NaN
3,0,3,NaN
2,1,3,NaN
2,1,3,0.11735031057960332
3,0,3,NaN
2,1,3,NaN
2,1,3,0.02787455723542097
3,0,3,NaN
1,2,3,NaN
3,0,3,0.7657133353504112
1,2,3,NaN
3,0,3,0.24290906152647984
2,1,3,NaN
3,0,3,NaN
3,0,3,NaN
3,0,3,0.31538291069709495
1,2,3,0.3557510427918548
1,2,3,NaN
3,0,3,NaN
1,2,3,NaN
1,2,3,0.5417209770628222
2,1,3,NaN
3,0,3,NaN
1,2,3,0.6717661875924231
1,2,3,NaN
2,1,3,NaN
3,0,3,0.9548898973741087
3,0,3,0.053556438906752275
3,0,3,0.9789190809366978
3,0,3,0.4475557477195245
3,0,3,NaN
1,2,3,NaN
2,1,3,0.7506126132473532
3,0,3,NaN
3,0,3,0.49543559874771725
3,0,3,0.8006696868167401
3,0,3,NaN
3,0,3,NaN
3,0,3,NaN
3,0,3,NaN
3,0,3,NaN
2,1,3,NaN
3,0,3,NaN
3,0,3,0.31538291069709495
3,0,3,NaN
1,2,3,NaN
1,2,3,NaN
1,2,3,NaN
2,1,3,NaN
1,2,3,NaN
1,2,3,0.6286352646486054
3,0,3,NaN
3,0,3,NaN
2,1,3,NaN
2,1,3,0.5417209770628222
1,2,3,NaN
2,1,3,0.5865196674031864
1,2,3,NaN
1,2,3,NaN
2,1,3,NaN
2,1,3,0.6531179433977793
3,0,3,NaN
2,1,3,NaN
2,1,3,NaN
2,1,3,NaN
2,1,3,0.23831765814627934
3,0,3,NaN
1,2,3,NaN
1,2,3,NaN
2,1,3,NaN
1,2,3,NaN
2,1,3,NaN
2,1,3,NaN
1,2,3,0.8652322931034484
3,0,3,0.7092033041123709
1,2,3,NaN
2,1,3,NaN
2,1,3,NaN
2,1,3,NaN
2,1,3,NaN
3,0,3,NaN
3,0,3,NaN
3,0,3,NaN
1,2,3,0.3296496747755379
3,0,3,0.4011103777394731
2,1,3,NaN
3,0,3,NaN
2,1,3,NaN
2,1,3,0.08612589160650815
2,1,3,NaN
3,0,3,0.9394569650180941
3,0,3,NaN
3,0,3,NaN
1,2,3,NaN
1,2,3,NaN
1,2,3,0.4475557477195245
3,0,3,NaN
2,1,3,NaN
1,2,3,NaN
2,1,3,0.631220773570296
2,1,3,0.31538291069709495
2,1,3,NaN
2,1,3,NaN
2,1,3,0.4011103777394731
2,1,3,NaN
1,2,3,0.3921225773990182
2,1,3,0.8616414078368598
3,0,3,NaN
3,0,3,NaN
3,0,3,NaN
1,2,3,0.631220773570296
3,0,3,0.18348414923983342
2,1,3,NaN
3,0,3,0.7423423413009405
1,2,3,0.18348414923983342
2,1,3,NaN
2,1,3,NaN
2,1,3,0.8827570506600473
1,2,3,NaN
3,0,3,NaN
3,0,3,NaN
3,0,3,NaN
3,0,3,NaN
3,0,3,NaN
3,0,3,0.4475557477195245
2,1,3,0.21185071034975703
1,2,3,0.6718829133842396
1,2,3,NaN
3,0,3,NaN
3,0,3,0.9272124484159221
2,1,3,NaN
3,0,3,NaN
3,0,3,0.4475557477195245
3,0,3,NaN
3,0,3,NaN
3,0,3,NaN
3,0,3,NaN
3,0,3,NaN
3,0,3,NaN
3,0,3,0.760515431023592
2,1,3,NaN
3,0,3,0.9137791798943785
2,1,3,NaN
2,1,3,NaN
1,2,3,NaN
2,1,3,NaN
2,1,3,NaN
1,2,3,NaN
3,0,3,NaN
3,0,3,NaN
2,1,3,0.07361819104140599
2,1,3,0.4011103777394731
2,1,3,NaN
2,1,3,NaN
3,0,3,NaN
3,0,3,NaN
3,0,3,NaN
3,0,3,NaN
3,0,3,NaN
2,1,3,0.3892404650973566
3,0,3,0.4011103777394731
3,0,3,NaN
3,0,3,NaN
2,1,3,0.2783692877527476
3,0,3,NaN
2,1,3,0.9394569650180941
2,1,3,0.3557510427918548
2,1,3,NaN
2,1,3,0.5417209770628222
1,2,3,0.6368500392896812
2,1,3,NaN
3,0,3,NaN
2,1,3,0.04783194361601571
1,2,3,0.4011103777394731
2,1,3,NaN
3,0,3,NaN
2,1,3,NaN
1,2,3,NaN
2,1,3,0.13695747655435897
1,2,3,0.15938727449707998
2,1,3,0.2783692877527476
3,0,3,NaN
2,1,3,NaN
1,2,3,NaN
3,0,3,NaN
3,0,3,NaN
1,2,3,NaN
3,0,3,0.3557510427918548
3,0,3,NaN
3,0,3,0.0032344506104328807
1,2,3,NaN
3,0,3,0.04531425270758149
2,1,3,0.3892404650973566
1,2,3,0.631220773570296
2,1,3,NaN
1,2,3,0.9590286414731528
2,1,3,NaN
3,0,3,0.08069521242320596
3,0,3,NaN
3,0,3,0.7423423413009405
3,0,3,NaN
3,0,3,0.019796251803769704
3,0,3,NaN
2,1,3,NaN
1,2,3,NaN
1,2,3,NaN
2,1,3,NaN
1,2,3,NaN
3,0,3,NaN
3,0,3,NaN
3,0,3,NaN
1,2,3,0.9789190809366978
3,0,3,NaN
3,0,3,0.9885707782763422
3,0,3,NaN
3,0,3,NaN
2,1,3,NaN
3,0,3,0.023437746643316073
3,0,3,NaN
1,2,3,NaN
2,1,3,0.4011103777394731
2,1,3,0.31538291069709495
2,1,3,2.1449365608182186e-6
2,1,3,0.7092033041123709
3,0,3,NaN
1,2,3,NaN
3,0,3,NaN
2,1,3,0.8237080657963236
2,1,3,NaN
3,0,3,NaN
3,0,3,NaN
1,2,3,NaN
1,2,3,NaN
2,1,3,NaN
3,0,3,0.631220773570296
1,2,3,NaN
3,0,3,NaN
3,0,3,NaN
3,0,3,NaN
3,0,3,0.5417209770628222
2,1,3,0.8006696868167401
3,0,3,NaN
3,0,3,0.5417209770628222
2,1,3,NaN
2,1,3,NaN
3,0,3,NaN
2,1,3,0.18243552329394647
3,0,3,NaN
3,0,3,NaN
3,0,3,NaN
3,0,3,NaN
2,1,3,0.9047853618061095
3,0,3,0.49543559874771725
2,1,3,NaN
2,1,3,NaN
1,2,3,NaN
2,1,3,0.11735031057960332
3,0,3,NaN
1,2,3,NaN
2,1,3,NaN
1,2,3,NaN
1,2,3,NaN
2,1,3,NaN
3,0,3,NaN
2,1,3,0.5865196674031864
1,2,3,0.24290906152647984
1,2,3,NaN
3,0,3,NaN
3,0,3,NaN
3,0,3,NaN
1,2,3,NaN
1,2,3,NaN
2,1,3,NaN
3,0,3,NaN
2,1,3,NaN
2,1,3,NaN
3,0,3,0.7760381621991888
3,0,3,NaN
1,2,3,0.4011103777394731
3,0,3,0.5865196674031864
3,0,3,NaN
2,1,3,NaN
2,1,3,NaN
3,0,3,0.4011103777394731
2,1,3,NaN
2,1,3,0.9137791798943785
3,0,3,NaN
3,0,3,NaN
3,0,3,NaN
3,0,3,0.4475557477195245
3,0,3,0.18348414923983342
1,2,3,NaN
2,1,3,NaN
1,2,3,NaN
3,0,3,NaN
3,0,3,NaN
3,0,3,NaN
3,0,3,NaN
3,0,3,NaN
3,0,3,0.8450772854630715
3,0,3,NaN
1,2,3,0.9234063351792013
3,0,3,NaN
3,0,3,NaN
3,0,3,0.6717661875924231
3,0,3,NaN
3,0,3,0.8652322931034484
3,0,3,NaN
3,0,3,NaN
3,0,3,0.5865196674031864
2,1,3,0.10032275229784271
2,1,3,NaN
2,1,3,NaN
1,2,3,NaN
3,0,3,NaN
1,2,3,0.5865196674031864
3,0,3,NaN
3,0,3,0.8827570506600473
3,0,3,0.9962290253671563
3,0,3,NaN
3,0,3,0.8958762517401009
2,1,3,0.004243052065979369
2,1,3,0.9137791798943785
2,1,3,NaN
3,0,3,NaN
2,1,3,0.08215144348628697
2,1,3,NaN
2,1,3,NaN
3,0,3,NaN
3,0,3,NaN
3,0,3,0.4475557477195245
3,0,3,NaN
3,0,3,0.03743375752191524
1,2,3,NaN
1,2,3,0.4475557477195245
2,1,3,NaN
2,1,3,NaN
2,1,3,0.6417181726202376
3,0,3,0.9394569650180941
3,0,3,NaN
3,0,3,0.8652322931034484
2,1,3,NaN
3,0,3,NaN
2,1,3,0.2750595555450524
2,1,3,0.017329121972110485
1,2,3,NaN
3,0,3,0.11735031057960332
2,1,3,NaN
1,2,3,NaN
2,1,3,NaN
1,2,3,NaN
3,0,3,0.8006696868167401
1,2,3,NaN
3,0,3,NaN
2,1,3,0.9272124484159221
2,1,3,NaN
3,0,3,0.5417209770628222
3,0,3,NaN
3,0,3,NaN
2,1,3,0.8006696868167401
3,0,3,NaN
3,0,3,NaN
1,2,3,NaN
2,1,3,NaN
2,1,3,NaN
3,0,3,NaN
1,2,3,NaN
2,1,3,0.31538291069709495
1,2,3,0.68282983368235
2,1,3,NaN
2,1,3,0.18348414923983342
3,0,3,NaN
3,0,3,NaN
1,2,3,NaN
3,0,3,NaN
3,0,3,NaN
3,0,3,NaN
3,0,3,0.7726517314264018
2,1,3,0.9263616469895146
3,0,3,NaN
3,0,3,NaN
1,2,3,NaN
3,0,3,NaN
3,0,3,NaN
3,0,3,NaN
3,0,3,0.7092033041123709
2,1,3,NaN
3,0,3,NaN
2,1,3,NaN
2,1,3,NaN
3,0,3,0.0031412418260412097
3,0,3,NaN
3,0,3,NaN
2,1,3,NaN
2,1,3,0.3557510427918548
3,0,3,NaN
1,2,3,NaN
3,0,3,0.4475557477195245
2,1,3,NaN
3,0,3,NaN
1,2,3,NaN
3,0,3,NaN
1,2,3,0.5491099842322958
2,1,3,NaN
3,0,3,NaN
3,0,3,0.9943152957847301
3,0,3,NaN
3,0,3,NaN
2,1,3,0.2014974201484389
3,0,3,NaN
3,0,3,0.9137791798943785
1,2,3,NaN
3,0,3,0.5865196674031864
3,0,3,0.7726517314264018
2,1,3,0.0032344506104328807
2,1,3,NaN
2,1,3,NaN
2,1,3,NaN
1,2,3,0.4475557477195245
2,1,3,NaN
3,0,3,NaN
3,0,3,NaN
2,1,3,0.6717661875924231
3,0,3,NaN
3,0,3,NaN
1,2,3,0.5417209770628222
3,0,3,NaN
3,0,3,0.0143133607905662
3,0,3,0.18348414923983342
2,1,3,0.21185071034975703
2,1,3,NaN
3,0,3,0.10032275229784271
1,2,3,0.9396124013901456
3,0,3,0.3557510427918548
3,0,3,NaN
3,0,3,0.02787455723542097
3,0,3,NaN
3,0,3,NaN
2,1,3,NaN
3,0,3,NaN
3,0,3,NaN
2,1,3,0.07361819104140599
1,2,3,NaN
3,0,3,NaN
3,0,3,NaN
3,0,3,0.7092033041123709
3,0,3,0.9137791798943785
3,0,3,NaN
3,0,3,NaN
3,0,3,0.4694629602556395
1,2,3,0.3557510427918548
3,0,3,NaN
3,0,3,NaN
3,0,3,NaN
2,1,3,0.7726517314264018
2,1,3,0.9001259164326818
2,1,3,NaN
3,0,3,0.4011103777394731
2,1,3,NaN
3,0,3,0.01384068834559692
3,0,3,NaN
3,0,3,NaN
3,0,3,NaN
2,1,3,NaN
2,1,3,0.053556438906752275
2,1,3,NaN
2,1,3,0.7092033041123709
3,0,3,0.24290906152647984
1,2,3,NaN
3,0,3,0.4475557477195245
1,2,3,NaN
2,1,3,NaN
3,0,3,0.032853775051729074
3,0,3,0.7726517314264018
1,2,3,0.4011103777394731
3,0,3,NaN
2,1,3,NaN
1,2,3,NaN
2,1,3,0.31538291069709495
1,2,3,NaN
3,0,3,0.5865196674031864
3,0,3,0.5865196674031864
2,1,3,0.016656938369781698
3,0,3,NaN
1,2,3,NaN
3,0,3,0.7092033041123709
3,0,3,0.9394569650180941
1,2,3,0.6030296094265772
3,0,3,NaN
2,1,3,NaN
3,0,3,NaN
2,1,3,NaN
2,1,3,0.9272124484159221
2,1,3,NaN
2,1,3,NaN
3,0,3,NaN
3,0,3,NaN
1,2,3,0.631220773570296
1,2,3,NaN
2,1,3,0.9394569650180941
2,1,3,0.5417209770628222
2,1,3,NaN
2,1,3,NaN
2,1,3,0.5865196674031864
3,0,3,NaN
2,1,3,NaN
2,1,3,NaN
3,0,3,NaN
3,0,3,0.9733084005106692
3,0,3,NaN
3,0,3,0.7726517314264018
2,1,3,NaN
3,0,3,0.032853775051729074
3,0,3,NaN
3,0,3,NaN
3,0,3,NaN
1,2,3,0.6717661875924231
3,0,3,NaN
2,1,3,0.5865196674031864
3,0,3,NaN
1,2,3,0.4475557477195245
3,0,3,0.1557000446926056
3,0,3,0.3103194978340013
3,0,3,NaN
3,0,3,NaN
3,0,3,NaN
3,0,3,0.9137791798943785
2,1,3,0.10032275229784271
3,0,3,NaN
1,2,3,NaN
3,0,3,NaN
2,1,3,NaN
1,2,3,NaN
2,1,3,0.0032344506104328807
3,0,3,NaN
2,1,3,0.08612589160650815
1,2,3,0.49543559874771725
3,0,3,NaN
2,1,3,NaN
3,0,3,NaN
1,2,3,NaN
2,1,3,NaN
1,2,3,NaN
2,1,3,NaN
3,0,3,0.21490710616703504
3,0,3,NaN
2,1,3,NaN
3,0,3,0.016656938369781698
2,1,3,NaN
2,1,3,0.631220773570296
1,2,3,0.18348414923983342
1,2,3,NaN
2,1,3,NaN
3,0,3,0.8450772854630715
3,0,3,0.6229632524493385
2,1,3,NaN
2,1,3,0.8652322931034484
1,2,3,0.833375656477414
1,2,3,NaN
3,0,3,NaN
2,1,3,0.8827570506600473
1,2,3,NaN
2,1,3,0.4011103777394731
2,1,3,0.5865196674031864
2,1,3,NaN
1,2,3,0.13695747655435897
2,1,3,0.7423423413009405
3,0,3,0.8652322931034484
3,0,3,NaN
3,0,3,NaN
2,1,3,0.49543559874771725
3,0,3,NaN
3,0,3,0.31538291069709495
2,1,3,NaN
3,0,3,NaN
2,1,3,0.8827570506600473
2,1,3,NaN
3,0,3,0.9272124484159221
2,1,3,0.7423423413009405
1,2,3,NaN
2,1,3,NaN
3,0,3,NaN
2,1,3,NaN
3,0,3,0.31538291069709495
2,1,3,0.631220773570296
2,1,3,0.7423423413009405
3,0,3,NaN
1,2,3,NaN
3,0,3,NaN
3,0,3,0.99874973208563
1,2,3,NaN
3,0,3,0.31538291069709495
2,1,3,NaN
1,2,3,NaN
2,1,3,NaN
3,0,3,NaN
3,0,3,0.4475557477195245
3,0,3,NaN
1,2,3,0.631220773570296
3,0,3,NaN
1,2,3,NaN
2,1,3,0.2783692877527476
2,1,3,NaN
3,0,3,0.4475557477195245
1,2,3,NaN
1,2,3,0.8652322931034484
2,1,3,NaN
3,0,3,NaN
3,0,3,NaN
3,0,3,0.7423423413009405
2,1,3,NaN
1,2,3,0.8652322931034484
1,2,3,NaN
1,2,3,NaN
3,0,3,0.9590286414731528
3,0,3,NaN
3,0,3,NaN
2,1,3,NaN
3,0,3,0.0630282359819421
3,0,3,NaN
1,2,3,0.18348414923983342
1,2,3,0.49543559874771725
3,0,3,NaN
1,2,3,0.8652322931034484
3,0,3,0.21185071034975703
3,0,3,NaN
1,2,3,NaN
2,1,3,0.3892404650973566
3,0,3,NaN
1,2,3,NaN
1,2,3,NaN
3,0,3,NaN
3,0,3,0.03909059385337299
3,0,3,0.9001259164326818
3,0,3,NaN
2,1,3,NaN
2,1,3,NaN
1,2,3,NaN
2,1,3,NaN
2,1,3,NaN
3,0,3,NaN
2,1,3,0.631220773570296
3,0,3,NaN
2,1,3,NaN
3,0,3,0.8450772854630715
2,1,3,NaN
3,0,3,0.7423423413009405
1,2,3,NaN
1,2,3,NaN
3,0,3,NaN
3,0,3,0.0026406485848879885
2,1,3,NaN
3,0,3,NaN
3,0,3,0.6717661875924231
2,1,3,0.1666739955450889
3,0,3,NaN
3,0,3,0.0001678729059741899
1,2,3,0.3557510427918548
2,1,3,NaN
2,1,3,NaN
2,1,3,NaN
3,0,3,0.5865196674031864
3,0,3,NaN
2,1,3,0.10032275229784271
3,0,3,NaN
3,0,3,NaN
3,0,3,NaN
3,0,3,NaN
2,1,3,NaN
3,0,3,NaN
3,0,3,0.11735031057960332
2,1,3,NaN
2,1,3,0.4475557477195245
3,0,3,NaN
2,1,3,0.0025709660283289135
1,2,3,NaN
2,1,3,NaN
2,1,3,NaN
1,2,3,0.9733084005106692
3,0,3,NaN
2,1,3,0.036036832409506635
3,0,3,NaN
3,0,3,NaN
3,0,3,NaN
3,0,3,NaN
3,0,3,NaN
3,0,3,NaN
1,2,3,0.3557510427918548
1,2,3,0.9137791798943785
1,2,3,NaN
3,0,3,NaN
1,2,3,NaN
3,0,3,0.7423423413009405
3,0,3,NaN
2,1,3,NaN
2,1,3,0.9001259164326818
1,2,3,0.8867216875884179
2,1,3,NaN
2,1,3,NaN
2,1,3,NaN
2,1,3,NaN
2,1,3,0.3557510427918548
3,0,3,0.7423423413009405
1,2,3,NaN
3,0,3,0.4011103777394731
1,2,3,0.4475557477195245
1,2,3,NaN
2,1,3,0.08612589160650815
3,0,3,NaN
2,1,3,NaN
3,0,3,NaN
3,0,3,NaN
1,2,3,NaN
2,1,3,NaN
3,0,3,NaN
3,0,3,NaN
1,2,3,0.8450772854630715
2,1,3,0.8237080657963236
3,0,3,0.24290906152647984
3,0,3,NaN
2,1,3,NaN
3,0,3,NaN
2,1,3,NaN
1,2,3,NaN
2,1,3,NaN
3,0,3,NaN
3,0,3,NaN
3,0,3,NaN
2,1,3,NaN
2,1,3,0.8006696868167401
3,0,3,NaN
3,0,3,NaN
2,1,3,0.7423423413009405
1,2,3,NaN
2,1,3,0.9500539830956739
3,0,3,NaN
3,0,3,NaN
1,2,3,0.24290906152647984
2,1,3,0.3222629772517546
2,1,3,NaN
3,0,3,NaN
2,1,3,0.0630282359819421
3,0,3,0.5417209770628222
2,1,3,NaN
3,0,3,NaN
3,0,3,0.49543559874771725
2,1,3,0.3901201530147684
1,2,3,NaN
1,2,3,0.08612589160650815
3,0,3,NaN
2,1,3,0.9399889673842494
3,0,3,NaN
2,1,3,NaN
1,2,3,NaN
1,2,3,NaN
3,0,3,NaN
3,0,3,0.5865196674031864
1,2,3,NaN
2,1,3,NaN
3,0,3,0.08612589160650815
1,2,3,NaN
3,0,3,0.9493033010224405
3,0,3,0.07361819104140599
3,0,3,NaN
1,2,3,0.6504149927227987
1,2,3,NaN
3,0,3,NaN
3,0,3,NaN
1,2,3,0.9001259164326818
3,0,3,NaN
3,0,3,NaN
3,0,3,NaN
1,2,3,NaN
3,0,3,0.5865196674031864
2,1,3,0.03831329598506057
3,0,3,0.7423423413009405
1,2,3,0.10032275229784271
1,2,3,0.631220773570296
3,0,3,0.9272124484159221
3,0,3,NaN
2,1,3,0.011335119107957231
3,0,3,NaN
3,0,3,0.7423423413009405
3,0,3,NaN
2,1,3,0.9137791798943785
1,2,3,NaN
2,1,3,0.15968498618355548
1,2,3,NaN
1,2,3,0.49543559874771725
1,2,3,NaN
3,0,3,NaN
2,1,3,NaN
2,1,3,0.3557510427918548
1,2,3,NaN
1,2,3,0.02787455723542097
1,2,3,0.49543559874771725
2,1,3,NaN
3,0,3,NaN
2,1,3,NaN
3,0,3,NaN
3,0,3,NaN
2,1,3,0.13695747655435897
2,1,3,NaN
3,0,3,NaN
3,0,3,NaN
2,1,3,NaN
3,0,3,0.02787455723542097
2,1,3,NaN
3,0,3,NaN
3,0,3,NaN
1,2,3,NaN
1,2,3,NaN
2,1,3,0.4475557477195245
3,0,3,0.47496041713237874
2,1,3,0.18348414923983342
3,0,3,0.4475557477195245
3,0,3,NaN
1,2,3,NaN
3,0,3,NaN
2,1,3,0.21185071034975703
2,1,3,NaN
3,0,3,NaN
1,2,3,NaN
1,2,3,NaN
2,1,3,0.4011103777394731
3,0,3,NaN
3,0,3,NaN
3,0,3,0.5865196674031864
2,1,3,0.11735031057960332
2,1,3,0.9885707782763422
3,0,3,0.9137791798943785
3,0,3,NaN
2,1,3,NaN
2,1,3,0.9263616469895146
1,2,3,NaN
2,1,3,NaN
3,0,3,NaN
1,2,3,NaN
2,1,3,NaN
1,2,3,NaN
3,0,3,NaN
2,1,3,NaN
2,1,3,0.7726517314264018
1,2,3,NaN
1,2,3,NaN
3,0,3,NaN
1,2,3,0.6127253479327994
2,1,3,NaN
2,1,3,NaN
2,1,3,NaN
3,0,3,NaN
2,1,3,0.019796251803769704
1,2,3,NaN
2,1,3,0.3296496747755379
3,0,3,0.3557510427918548
3,0,3,0.631220773570296
2,1,3,NaN
3,0,3,NaN
3,0,3,NaN
3,0,3,NaN
2,1,3,NaN
2,1,3,0.2783692877527476
2,1,3,NaN
1,2,3,0.9272124484159221
3,0,3,NaN
2,1,3,0.7092033041123709
3,0,3,NaN
1,2,3,NaN
3,0,3,NaN
3,0,3,NaN
3,0,3,NaN
3,0,3,0.0630282359819421
3,0,3,NaN
2,1,3,NaN
1,2,3,0.7423423413009405
1,2,3,0.7921036530766452
2,1,3,0.8006696868167401
3,0,3,NaN
3,0,3,NaN
3,0,3,0.9394569650180941
3,0,3,0.006162005486132496
3,0,3,NaN
2,1,3,NaN
3,0,3,0.9394569650180941
3,0,3,NaN
3,0,3,0.7875965616192705
3,0,3,NaN
1,2,3,NaN
3,0,3,NaN
1,2,3,NaN
3,0,3,0.7726517314264018
3,0,3,0.8237080657963236
2,1,3,NaN
3,0,3,NaN
3,0,3,NaN
3,0,3,NaN
1,2,3,NaN
3,0,3,0.21185071034975703
3,0,3,NaN
3,0,3,NaN
3,0,3,NaN
3,0,3,NaN
3,0,3,0.13695747655435897
3,0,3,NaN
2,1,3,NaN
1,2,3,NaN
3,0,3,0.8006696868167401
1,2,3,NaN
3,0,3,0.8827570506600473
3,0,3,0.49543559874771725
3,0,3,NaN
3,0,3,NaN
3,0,3,NaN
3,0,3,NaN
3,0,3,0.9789190809366978
1,2,3,0.8450772854630715
3,0,3,NaN
3,0,3,0.6717661875924231
2,1,3,NaN
3,0,3,NaN
3,0,3,NaN
3,0,3,NaN
2,1,3,NaN
2,1,3,0.24290906152647984
3,0,3,NaN
3,0,3,NaN
3,0,3,NaN
2,1,3,NaN
3,0,3,NaN
3,0,3,NaN
2,1,3,NaN
1,2,3,0.9789190809366978
3,0,3,0.5417209770628222
3,0,3,NaN
3,0,3,0.8450772854630715
2,1,3,0.8827570506600473
2,1,3,NaN
1,2,3,NaN
3,0,3,NaN
3,0,3,NaN
3,0,3,NaN
3,0,3,NaN
3,0,3,0.0051653647514528205
3,0,3,NaN
3,0,3,NaN
2,1,3,0.21185071034975703
2,1,3,0.016656938369781698
2,1,3,NaN
3,0,3,0.2783692877527476
2,1,3,NaN
3,0,3,0.49543559874771725
3,0,3,NaN
1,2,3,NaN
3,0,3,NaN
3,0,3,NaN
3,0,3,0.053556438906752275
3,0,3,NaN
2,1,3,NaN
1,2,3,NaN
1,2,3,NaN
2,1,3,NaN
3,0,3,NaN
3,0,3,NaN
3,0,3,NaN
2,1,3,NaN
2,1,3,NaN
3,0,3,NaN
1,2,3,NaN
2,1,3,NaN
1,2,3,NaN
2,1,3,NaN
2,1,3,NaN
2,1,3,NaN
1,2,3,NaN
1,2,3,0.18348414923983342
3,0,3,NaN
3,0,3,NaN
3,0,3,NaN
3,0,3,0.4011103777394731
3,0,3,NaN
3,0,3,0.6717661875924231
3,0,3,NaN
1,2,3,NaN
2,1,3,NaN
2,1,3,NaN
1,2,3,NaN
1,2,3,NaN
2,1,3,NaN
2,1,3,0.18070989167746893
3,0,3,NaN
2,1,3,0.535813446454538
3,0,3,NaN
1,2,3,NaN
2,1,3,NaN
1,2,3,0.24076794488549014
2,1,3,0.0630282359819421
3,0,3,NaN
2,1,3,0.31538291069709495
1,2,3,0.6717661875924231
1,2,3,0.0467115594787914
3,0,3,0.7423423413009405
3,0,3,NaN
1,2,3,0.8827570506600473
3,0,3,0.8443251722607275
3,0,3,0.4475557477195245
1,2,3,NaN
3,0,3,NaN
2,1,3,NaN
2,1,3,NaN
1,2,3,NaN
2,1,3,NaN
2,1,3,0.09525598220316298
3,0,3,NaN
3,0,3,0.21185071034975703
1,2,3,0.7726517314264018
2,1,3,0.13695747655435897
2,1,3,NaN
1,2,3,0.7423423413009405
3,0,3,NaN
3,0,3,NaN
2,1,3,NaN
2,1,3,NaN
1,2,3,NaN
1,2,3,NaN
3,0,3,NaN
2,1,3,0.04072166146359844
2,1,3,NaN
2,1,3,NaN
1,2,3,NaN
2,1,3,NaN
3,0,3,NaN
2,1,3,NaN
3,0,3,0.21185071034975703
1,2,3,0.4475557477195245
2,1,3,0.8827570506600473
3,0,3,NaN
2,1,3,0.7423423413009405
1,2,3,NaN
3,0,3,NaN
2,1,3,0.8652322931034484
2,1,3,NaN
2,1,3,NaN
3,0,3,NaN
3,0,3,0.2783692877527476
3,0,3,NaN
3,0,3,NaN
3,0,3,0.0011479411764696121
3,0,3,NaN
3,0,3,NaN
1,2,3,NaN
3,0,3,0.5417209770628222
2,1,3,0.8076511550142321
2,1,3,NaN
3,0,3,0.5865196674031864
2,1,3,NaN
2,1,3,NaN
1,2,3,0.5417209770628222
3,0,3,NaN
2,1,3,0.7423423413009405
1,2,3,0.7726517314264018
3,0,3,0.9001259164326818
3,0,3,NaN
1,2,3,NaN
3,0,3,NaN
3,0,3,NaN
2,1,3,0.9001259164326818
3,0,3,NaN
3,0,3,NaN
3,0,3,0.2783692877527476
3,0,3,NaN
3,0,3,0.9394569650180941
2,1,3,NaN
3,0,3,NaN
3,0,3,NaN
3,0,3,NaN
2,1,3,0.892330774293112
3,0,3,0.8006696868167401
2,1,3,0.9137791798943785
2,1,3,NaN
2,1,3,NaN
3,0,3,0.7423423413009405
3,0,3,NaN
3,0,3,NaN
3,0,3,NaN
2,1,3,NaN
3,0,3,NaN
3,0,3,0.5865196674031864
1,2,3,NaN
2,1,3,NaN
2,1,3,NaN
3,0,3,NaN
2,1,3,0.21185071034975703
3,0,3,NaN
1,2,3,NaN
3,0,3,NaN
1,2,3,NaN
1,2,3,0.8076511550142321
3,0,3,0.0355000492218276
3,0,3,0.023437746643316073
2,1,3,0.3257757903334994
1,2,3,NaN
2,1,3,0.8237080657963236
2,1,3,0.006162005486132496
1,2,3,NaN
2,1,3,NaN
2,1,3,0.8672028944838255
2,1,3,NaN
3,0,3,0.8450772854630715
3,0,3,0.11735031057960332
2,1,3,NaN
3,0,3,NaN
3,0,3,NaN
1,2,3,NaN
3,0,3,NaN
2,1,3,NaN
3,0,3,NaN
3,0,3,NaN
3,0,3,0.13695747655435897
1,2,3,0.8237080657963236
3,0,3,0.007349342594627595
2,1,3,0.1842136186312726
3,0,3,NaN
1,2,3,0.3557510427918548
3,0,3,NaN
3,0,3,NaN
2,1,3,NaN
1,2,3,NaN
3,0,3,NaN
3,0,3,0.08612589160650815
3,0,3,NaN
2,1,3,NaN
2,1,3,NaN
3,0,3,NaN
3,0,3,0.7092033041123709
2,1,3,NaN
3,0,3,NaN
1,2,3,NaN
3,0,3,NaN
2,1,3,0.8652322931034484
1,2,3,NaN
3,0,3,NaN
2,1,3,0.631220773570296
3,0,3,NaN
2,1,3,0.13695747655435897
3,0,3,NaN
2,1,3,NaN
2,1,3,NaN
3,0,3,NaN
2,1,3,NaN
2,1,3,NaN
2,1,3,NaN
2,1,3,NaN
3,0,3,NaN
3,0,3,NaN
3,0,3,0.31538291069709495
1,2,3,NaN
3,0,3,NaN
3,0,3,NaN
3,0,3,0.9137791798943785
2,1,3,NaN
3,0,3,NaN
3,0,3,NaN
2,1,3,NaN
3,0,3,NaN
3,0,3,NaN
2,1,3,NaN
1,2,3,0.10032275229784271
3,0,3,NaN
1,2,3,NaN
2,1,3,0.8237080657963236
2,1,3,NaN
3,0,3,NaN
1,2,3,0.08612589160650815
2,1,3,0.2783692877527476
2,1,3,NaN
3,0,3,NaN
2,1,3,0.7092033041123709
1,2,3,NaN
2,1,3,NaN
3,0,3,NaN
2,1,3,NaN
2,1,3,NaN
1,2,3,NaN
1,2,3,NaN
3,0,3,NaN
2,1,3,NaN
2,1,3,NaN
3,0,3,0.7454030520420619
1,2,3,0.07361819104140599
3,0,3,NaN
1,2,3,0.49543559874771725
3,0,3,NaN
1,2,3,0.9841738135856081
1,2,3,NaN
3,0,3,NaN
1,2,3,0.7092033041123709
1,2,3,0.11735031057960332
2,1,3,NaN
3,0,3,NaN
3,0,3,0.631220773570296
3,0,3,NaN
1,2,3,0.8450772854630715
3,0,3,NaN
2,1,3,NaN
1,2,3,NaN
3,0,3,NaN
3,0,3,NaN
1,2,3,NaN
3,0,3,NaN
1,2,3,NaN
1,2,3,NaN
3,0,3,0.6717661875924231
3,0,3,0.6717661875924231
2,1,3,NaN
3,0,3,NaN
2,1,3,NaN
2,1,3,NaN
2,1,3,NaN
2,1,3,NaN
3,0,3,NaN
2,1,3,0.053556438906752275
2,1,3,NaN
2,1,3,0.9001259164326818
2,1,3,NaN
1,2,3,NaN
1,2,3,NaN
3,0,3,0.004056908776285185
1,2,3,NaN
1,2,3,0.631220773570296
2,1,3,0.8237080657963236
3,0,3,NaN
1,2,3,NaN
3,0,3,NaN
1,2,3,NaN
3,0,3,NaN
3,0,3,NaN
3,0,3,NaN
3,0,3,0.21185071034975703
2,1,3,NaN
1,2,3,0.631220773570296
2,1,3,NaN
2,1,3,NaN
2,1,3,NaN
2,1,3,NaN
3,0,3,NaN
3,0,3,NaN
1,2,3,NaN
2,1,3,NaN
2,1,3,NaN
3,0,3,NaN
3,0,3,NaN
3,0,3,0.5865196674031864
3,0,3,NaN
3,0,3,NaN
2,1,3,NaN
3,0,3,NaN
2,1,3,0.47185749960595624
3,0,3,NaN
3,0,3,0.7726517314264018
1,2,3,0.4475557477195245
2,1,3,NaN
1,2,3,0.631220773570296
3,0,3,NaN
2,1,3,NaN
2,1,3,NaN
3,0,3,NaN
3,0,3,NaN
2,1,3,0.030758156819904358
3,0,3,NaN
1,2,3,NaN
2,1,3,NaN
1,2,3,NaN
3,0,3,NaN
1,2,3,NaN
3,0,3,NaN
3,0,3,NaN
1,2,3,NaN
3,0,3,0.9394569650180941
1,2,3,NaN
1,2,3,NaN
1,2,3,NaN
3,0,3,0.3557510427918548
1,2,3,NaN
2,1,3,NaN
2,1,3,NaN
1,2,3,0.8237080657963236
2,1,3,0.631220773570296
3,0,3,NaN
3,0,3,NaN
2,1,3,NaN
2,1,3,NaN
3,0,3,NaN
2,1,3,NaN
1,2,3,NaN
1,2,3,0.5865196674031864
3,0,3,0.5417209770628222
1,2,3,0.4636536557958813
2,1,3,NaN
2,1,3,NaN
3,0,3,NaN
1,2,3,0.3557510427918548
3,0,3,0.631220773570296
3,0,3,NaN
3,0,3,NaN
2,1,3,NaN
1,2,3,0.04072166146359844
3,0,3,NaN
2,1,3,NaN
2,1,3,0.4759859066755086
2,1,3,NaN
2,1,3,NaN
3,0,3,NaN
2,1,3,NaN
3,0,3,NaN
3,0,3,NaN
2,1,3,NaN
2,1,3,NaN
2,1,3,NaN
2,1,3,0.21477883480366147
2,1,3,NaN
1,2,3,NaN
2,1,3,0.0467115594787914
2,1,3,NaN
2,1,3,0.07361819104140599
1,2,3,NaN
1,2,3,0.9733084005106692
1,2,3,NaN
3,0,3,NaN
3,0,3,NaN
3,0,3,NaN
2,1,3,NaN
3,0,3,NaN
2,1,3,NaN
2,1,3,0.15938727449707998
1,2,3,NaN
2,1,3,NaN
2,1,3,NaN
1,2,3,0.5417209770628222
3,0,3,NaN
2,1,3,NaN
1,2,3,0.006162005486132496
3,0,3,0.07361819104140599
1,2,3,NaN
3,0,3,NaN
3,0,3,NaN
2,1,3,NaN
3,0,3,NaN
3,0,3,NaN
1,2,3,0.9394569650180941
1,2,3,NaN
3,0,3,NaN
3,0,3,NaN
3,0,3,0.31538291069709495
3,0,3,NaN
3,0,3,NaN
1,2,3,0.8006696868167401
3,0,3,NaN
1,2,3,NaN
3,0,3,NaN
3,0,3,0.4011103777394731
3,0,3,NaN
3,0,3,0.2783692877527476
3,0,3,NaN
3,0,3,NaN
1,2,3,0.0004799805848787542
1,2,3,0.4475557477195245
3,0,3,0.21185071034975703
1,2,3,0.0032344506104328807
3,0,3,NaN
2,1,3,0.3557510427918548
2,1,3,0.4011103777394731
2,1,3,NaN
3,0,3,NaN
2,1,3,0.3557510427918548
1,2,3,NaN
2,1,3,NaN
1,2,3,NaN
1,2,3,0.13695747655435897
1,2,3,NaN
2,1,3,0.631220773570296
2,1,3,NaN
2,1,3,0.631220773570296
3,0,3,NaN
2,1,3,NaN
3,0,3,0.31538291069709495
3,0,3,0.00021359456432636374
2,1,3,NaN
2,1,3,NaN
3,0,3,NaN
3,0,3,0.6717661875924231
3,0,3,NaN
1,2,3,0.7423423413009405
2,1,3,0.30623635626219897
3,0,3,NaN
1,2,3,NaN
1,2,3,NaN
2,1,3,0.6717661875924231
3,0,3,NaN
2,1,3,0.4011103777394731
3,0,3,NaN
3,0,3,NaN
3,0,3,NaN
3,0,3,0.8827570506600473
3,0,3,0.15938727449707998
2,1,3,NaN
2,1,3,NaN
2,1,3,0.5865196674031864
3,0,3,NaN
2,1,3,NaN
3,0,3,NaN
1,2,3,NaN
1,2,3,NaN
3,0,3,NaN
3,0,3,NaN
3,0,3,NaN
2,1,3,NaN
2,1,3,0.07361819104140599
2,1,3,0.31538291069709495
2,1,3,NaN
2,1,3,NaN
2,1,3,NaN
1,2,3,NaN
3,0,3,NaN
3,0,3,0.09556004566932308
2,1,3,NaN
2,1,3,0.8652322931034484
2,1,3,NaN
3,0,3,NaN
1,2,3,0.8526058373300494
3,0,3,NaN
2,1,3,NaN
1,2,3,0.4011103777394731
2,1,3,NaN
1,2,3,0.8679189613997627
2,1,3,NaN
3,0,3,0.4011103777394731
2,1,3,NaN
1,2,3,0.6717661875924231
2,1,3,0.7092033041123709
1,2,3,NaN
3,0,3,0.4475557477195245
2,1,3,0.8450772854630715
3,0,3,0.3557510427918548
3,0,3,NaN
3,0,3,NaN
2,1,3,NaN
3,0,3,NaN
1,2,3,NaN
2,1,3,NaN
2,1,3,NaN
2,1,3,NaN
3,0,3,NaN
3,0,3,NaN
3,0,3,0.3557510427918548
2,1,3,0.016656938369781698
3,0,3,NaN
1,2,3,0.5865196674031864
2,1,3,NaN
3,0,3,NaN
3,0,3,NaN
2,1,3,0.07361819104140599
2,1,3,NaN
1,2,3,NaN
3,0,3,0.4475557477195245
3,0,3,NaN
3,0,3,0.15938727449707998
2,1,3,0.6871490121725579
3,0,3,NaN
3,0,3,NaN
3,0,3,NaN
2,1,3,NaN
2,1,3,0.9137791798943785
3,0,3,NaN
3,0,3,NaN
2,1,3,NaN
3,0,3,NaN
2,1,3,NaN
2,1,3,0.9137791798943785
2,1,3,NaN
2,1,3,0.02787455723542097
1,2,3,NaN
2,1,3,NaN
3,0,3,0.07361819104140599
2,1,3,0.8237080657963236
2,1,3,NaN
1,2,3,NaN
1,2,3,0.6717661875924231
2,1,3,0.4475557477195245
3,0,3,0.01384068834559692
3,0,3,0.9493033010224405
3,0,3,0.04531425270758149
2,1,3,NaN
2,1,3,NaN
1,2,3,NaN
3,0,3,NaN
3,0,3,NaN
2,1,3,NaN
3,0,3,NaN
3,0,3,0.8698409175527541
3,0,3,NaN
3,0,3,0.21185071034975703
3,0,3,NaN
1,2,3,0.8679189613997627
2,1,3,NaN
2,1,3,NaN
1,2,3,NaN
1,2,3,0.3103194978340013
2,1,3,NaN
3,0,3,NaN
1,2,3,NaN
1,2,3,NaN
3,0,3,NaN
2,1,3,NaN
3,0,3,0.49543559874771725
3,0,3,NaN
3,0,3,NaN
3,0,3,0.4475557477195245
2,1,3,NaN
2,1,3,0.631220773570296
3,0,3,0.11735031057960332
3,0,3,NaN
3,0,3,NaN
3,0,3,NaN
3,0,3,NaN
3,0,3,NaN
2,1,3,0.8652322931034484
1,2,3,0.03831329598506057
2,1,3,NaN
2,1,3,0.11735031057960332
1,2,3,0.11778302376262217
3,0,3,NaN
2,1,3,0.2783692877527476
3,0,3,NaN
2,1,3,NaN
2,1,3,0.2783692877527476
2,1,3,NaN
2,1,3,NaN
2,1,3,0.8827570506600473
3,0,3,NaN
1,2,3,NaN
3,0,3,0.008295232987163796
3,0,3,0.5865196674031864
2,1,3,0.5183374556419776
2,1,3,NaN
3,0,3,NaN
2,1,3,0.2494557729056143
3,0,3,NaN
2,1,3,NaN
1,2,3,NaN
2,1,3,NaN
3,0,3,0.5865196674031864
2,1,3,0.6717661875924231
2,1,3,0.21185071034975703
2,1,3,NaN
1,2,3,NaN
2,1,3,NaN
1,2,3,0.516884059263346
1,2,3,NaN
3,0,3,NaN
2,1,3,0.5865196674031864
3,0,3,0.07842457588308151
3,0,3,0.0016887152317888118
3,0,3,NaN
3,0,3,NaN
2,1,3,0.5865196674031864
2,1,3,NaN
3,0,3,0.7092033041123709
2,1,3,NaN
2,1,3,0.5417209770628222
3,0,3,NaN
2,1,3,NaN
2,1,3,0.30232623165185657
3,0,3,NaN
3,0,3,0.5865196674031864
3,0,3,0.9733084005106692
2,1,3,0.01384068834559692
3,0,3,0.8827570506600473
2,1,3,NaN
2,1,3,NaN
3,0,3,NaN
1,2,3,NaN
2,1,3,NaN
3,0,3,NaN
3,0,3,NaN
2,1,3,NaN
3,0,3,NaN
3,0,3,0.18348414923983342
3,0,3,0.9840492671618996
2,1,3,0.31538291069709495
2,1,3,0.3557510427918548
2,1,3,NaN
1,2,3,0.8450772854630715
2,1,3,0.31538291069709495
2,1,3,NaN
3,0,3,NaN
3,0,3,NaN
2,1,3,0.7092033041123709
3,0,3,0.053556438906752275
3,0,3,NaN
1,2,3,0.31538291069709495
1,2,3,NaN
2,1,3,NaN
3,0,3,0.49543559874771725
1,2,3,0.4475557477195245
2,1,3,NaN
1,2,3,0.4011103777394731
2,1,3,0.21185071034975703
1,2,3,0.49543559874771725
2,1,3,0.2783692877527476
2,1,3,NaN
2,1,3,0.8237080657963236
3,0,3,NaN
2,1,3,NaN
1,2,3,NaN
1,2,3,NaN
2,1,3,NaN
2,1,3,NaN
1,2,3,NaN
2,1,3,NaN
3,0,3,0.2783692877527476
3,0,3,NaN
2,1,3,NaN
1,2,3,NaN
3,0,3,NaN
1,2,3,0.49543559874771725
3,0,3,NaN
2,1,3,NaN
3,0,3,NaN
2,1,3,0.8006696868167401
2,1,3,NaN
2,1,3,0.01384068834559692
1,2,3,NaN
2,1,3,NaN
2,1,3,0.24290906152647984
3,0,3,NaN
2,1,3,NaN
3,0,3,NaN
2,1,3,NaN
3,0,3,NaN
2,1,3,NaN
2,1,3,NaN
2,1,3,0.13050785381393398
3,0,3,NaN
1,2,3,0.7572477918328983
3,0,3,NaN
1,2,3,0.8652322931034484
2,1,3,0.99874973208563
1,2,3,0.631220773570296
1,2,3,NaN
3,0,3,0.016656938369781698
1,2,3,0.8652322931034484
2,1,3,NaN
2,1,3,0.011335119107957231
3,0,3,0.08612589160650815
3,0,3,NaN
2,1,3,NaN
2,1,3,0.9137791798943785
2,1,3,0.07336314586646288
1,2,3,0.36134505565174846
3,0,3,NaN
2,1,3,NaN
3,0,3,NaN
2,1,3,NaN
3,0,3,NaN
3,0,3,NaN
3,0,3,NaN
2,1,3,0.8579293188365982
2,1,3,0.8443251722607275
2,1,3,0.2783692877527476
3,0,3,NaN
2,1,3,0.933481309396083
3,0,3,0.10032275229784271
1,2,3,NaN
3,0,3,0.053556438906752275
3,0,3,0.8827570506600473
2,1,3,NaN
1,2,3,NaN
3,0,3,NaN
2,1,3,NaN
3,0,3,NaN
3,0,3,NaN
2,1,3,NaN
3,0,3,0.8827570506600473
3,0,3,NaN
2,1,3,0.6717661875924231
2,1,3,NaN
2,1,3,NaN
3,0,3,NaN
2,1,3,0.7580966951058977
1,2,3,NaN
3,0,3,NaN
3,0,3,NaN
2,1,3,NaN
2,1,3,NaN
1,2,3,NaN
3,0,3,0.7206816867481725
2,1,3,NaN
1,2,3,NaN
3,0,3,NaN
1,2,3,0.7726517314264018
1,2,3,NaN
1,2,3,NaN
3,0,3,NaN
2,1,3,NaN
3,0,3,NaN
3,0,3,NaN
2,1,3,NaN
2,1,3,NaN
1,2,3,NaN
2,1,3,0.053556438906752275
3,0,3,NaN
2,1,3,NaN
3,0,3,0.4475557477195245
3,0,3,0.011843197841200491
1,2,3,0.10032275229784271
3,0,3,NaN
3,0,3,0.8827570506600473
2,1,3,NaN
2,1,3,0.9493033010224405
2,1,3,0.8827570506600473
3,0,3,NaN
2,1,3,0.8450772854630715
3,0,3,NaN
3,0,3,0.7092033041123709
1,2,3,NaN
3,0,3,NaN
2,1,3,NaN
2,1,3,NaN
3,0,3,0.032853775051729074
3,0,3,NaN
3,0,3,0.10032275229784271
1,2,3,NaN
2,1,3,0.7677958265321033
1,2,3,0.13595932099187039
2,1,3,NaN
3,0,3,NaN
1,2,3,NaN
1,2,3,NaN
3,0,3,0.8450772854630715
1,2,3,0.7128003214641632
3,0,3,NaN
2,1,3,NaN
2,1,3,NaN
3,0,3,0.032853775051729074
2,1,3,2.0438860767095404e-5
2,1,3,0.4011103777394731
1,2,3,NaN
3,0,3,0.15938727449707998
2,1,3,0.08612589160650815
3,0,3,NaN
1,2,3,NaN
3,0,3,NaN
3,0,3,NaN
3,0,3,NaN
1,2,3,NaN
1,2,3,0.8237080657963236
2,1,3,0.631220773570296
3,0,3,NaN
1,2,3,NaN
3,0,3,0.7423423413009405
3,0,3,0.8237080657963236
2,1,3,0.4352792448711989
2,1,3,0.8237080657963236
1,2,3,0.019796251803769704
2,1,3,NaN
3,0,3,NaN
2,1,3,NaN
3,0,3,NaN
2,1,3,0.13695747655435897
3,0,3,NaN
3,0,3,NaN
3,0,3,NaN
1,2,3,NaN
2,1,3,0.5865196674031864
2,1,3,0.8237080657963236
2,1,3,0.11735031057960332
3,0,3,0.9137791798943785
2,1,3,NaN
3,0,3,0.4011103777394731
1,2,3,NaN
1,2,3,NaN
3,0,3,NaN
3,0,3,0.9885707782763422
1,2,3,NaN
2,1,3,NaN
2,1,3,NaN
1,2,3,NaN
1,2,3,NaN
3,0,3,NaN
3,0,3,0.9789190809366978
2,1,3,NaN
2,1,3,NaN
3,0,3,NaN
3,0,3,0.4011103777394731
2,1,3,0.13695747655435897
2,1,3,0.15968498618355548
2,1,3,NaN
1,2,3,0.9885707782763422
3,0,3,0.24290906152647984
2,1,3,NaN
3,0,3,0.7722756456000196
3,0,3,NaN
3,0,3,NaN
3,0,3,NaN
3,0,3,NaN
3,0,3,NaN
3,0,3,NaN
2,1,3,NaN
3,0,3,0.0013516227876332158
3,0,3,0.15938727449707998
1,2,3,0.7726517314264018
1,2,3,NaN
1,2,3,0.8006696868167401
3,0,3,NaN
3,0,3,NaN
3,0,3,NaN
1,2,3,0.7092033041123709
3,0,3,NaN
3,0,3,NaN
2,1,3,NaN
2,1,3,NaN
1,2,3,NaN
3,0,3,0.13695747655435897
1,2,3,0.053556438906752275
1,2,3,NaN
2,1,3,NaN
3,0,3,NaN
2,1,3,0.3557510427918548
3,0,3,0.7726517314264018
2,1,3,NaN
3,0,3,NaN
1,2,3,NaN
3,0,3,NaN
2,1,3,NaN
2,1,3,0.9663500458367166
2,1,3,NaN
3,0,3,0.7092033041123709
2,1,3,NaN
3,0,3,0.31538291069709495
3,0,3,NaN
3,0,3,NaN
1,2,3,NaN
3,0,3,NaN
1,2,3,NaN
3,0,3,NaN
1,2,3,NaN
2,1,3,NaN
2,1,3,NaN
3,0,3,NaN
1,2,3,NaN
3,0,3,NaN
3,0,3,NaN
3,0,3,NaN
2,1,3,0.7506126132473532
3,0,3,NaN
2,1,3,NaN
3,0,3,NaN
3,0,3,0.5417209770628222
2,1,3,0.10032275229784271
3,0,3,NaN
3,0,3,NaN
3,0,3,NaN
2,1,3,0.9493033010224405
3,0,3,0.9493033010224405
1,2,3,NaN
3,0,3,0.21185071034975703
2,1,3,NaN
2,1,3,NaN
1,2,3,NaN
1,2,3,NaN
1,2,3,NaN
2,1,3,NaN
2,1,3,NaN
1,2,3,NaN
2,1,3,NaN
3,0,3,NaN
3,0,3,NaN
2,1,3,NaN
2,1,3,0.18348414923983342
2,1,3,0.019796251803769704
1,2,3,NaN
3,0,3,NaN
1,2,3,NaN
2,1,3,NaN
3,0,3,NaN
2,1,3,NaN
3,0,3,NaN
2,1,3,NaN
3,0,3,NaN
3,0,3,0.3005545522921389
2,1,3,0.4475557477195245
2,1,3,NaN
2,1,3,0.9004333563474045
1,2,3,NaN
2,1,3,0.8652322931034484
1,2,3,0.5417209770628222
3,0,3,NaN
1,2,3,NaN
3,0,3,0.9733084005106692
2,1,3,0.6717661875924231
1,2,3,NaN
3,0,3,NaN
2,1,3,NaN
3,0,3,NaN
3,0,3,NaN
2,1,3,0.9590286414731528
2,1,3,0.08612589160650815
1,2,3,NaN
3,0,3,NaN
2,1,3,NaN
3,0,3,NaN
2,1,3,0.5865196674031864
3,0,3,0.11649558320498266
3,0,3,NaN
2,1,3,NaN
2,1,3,0.21185071034975703
3,0,3,0.6717661875924231
3,0,3,0.5417209770628222
2,1,3,NaN
3,0,3,NaN
3,0,3,NaN
1,2,3,NaN
3,0,3,NaN
3,0,3,NaN
3,0,3,NaN
3,0,3,NaN
1,2,3,NaN
2,1,3,0.5417209770628222
2,1,3,0.11258903540781648
3,0,3,NaN
3,0,3,0.9394569650180941
3,0,3,NaN
3,0,3,NaN
2,1,3,NaN
2,1,3,NaN
3,0,3,NaN
2,1,3,NaN
3,0,3,0.9493033010224405
1,2,3,NaN
3,0,3,NaN
1,2,3,NaN
3,0,3,0.18348414923983342
3,0,3,NaN
1,2,3,NaN
3,0,3,0.002174644490643963
3,0,3,NaN
2,1,3,0.8237080657963236
1,2,3,0.8237080657963236
1,2,3,0.31538291069709495
2,1,3,NaN
3,0,3,NaN
3,0,3,NaN
2,1,3,NaN
3,0,3,NaN
2,1,3,NaN
2,1,3,0.7423423413009405
3,0,3,NaN
3,0,3,NaN
2,1,3,NaN
2,1,3,0.4475557477195245
1,2,3,NaN
3,0,3,NaN
1,2,3,NaN
1,2,3,NaN
3,0,3,NaN
3,0,3,0.21185071034975703
3,0,3,NaN
3,0,3,NaN
1,2,3,NaN
1,2,3,NaN
2,1,3,NaN
3,0,3,NaN
1,2,3,NaN
2,1,3,NaN
1,2,3,NaN
1,2,3,NaN
3,0,3,NaN
3,0,3,NaN
3,0,3,NaN
3,0,3,0.11735031057960332
3,0,3,0.8827570506600473
1,2,3,NaN
3,0,3,0.4011103777394731
3,0,3,0.8584962802892923
3,0,3,NaN
2,1,3,0.08612589160650815
1,2,3,0.08612589160650815
2,1,3,NaN
2,1,3,0.023437746643316073
2,1,3,NaN
2,1,3,0.2783692877527476
1,2,3,NaN
2,1,3,NaN
2,1,3,0.7423423413009405
3,0,3,NaN
3,0,3,NaN
3,0,3,NaN
2,1,3,NaN
1,2,3,NaN
2,1,3,NaN
2,1,3,NaN
2,1,3,NaN
2,1,3,0.0924971579505958
3,0,3,0.023437746643316073
3,0,3,NaN
3,0,3,NaN
1,2,3,0.631220773570296
1,2,3,NaN
3,0,3,NaN
1,2,3,NaN
3,0,3,NaN
3,0,3,NaN
3,0,3,NaN
2,1,3,0.053556438906752275
1,2,3,0.31538291069709495
3,0,3,NaN
1,2,3,0.9663500458367166
3,0,3,NaN
2,1,3,0.2783692877527476
2,1,3,NaN
2,1,3,NaN
1,2,3,NaN
2,1,3,0.8237080657963236
1,2,3,0.7726517314264018
1,2,3,NaN
2,1,3,NaN
1,2,3,NaN
2,1,3,NaN
3,0,3,0.7423423413009405
2,1,3,NaN
3,0,3,0.631220773570296
3,0,3,NaN
3,0,3,0.4011103777394731
2,1,3,NaN
2,1,3,NaN
2,1,3,NaN
3,0,3,NaN
3,0,3,NaN
1,2,3,0.15419292433117038
2,1,3,0.8006696868167401
2,1,3,0.8012183129642948
1,2,3,0.10032275229784271
1,2,3,NaN
1,2,3,NaN
3,0,3,NaN
2,1,3,0.11735031057960332
2,1,3,NaN
3,0,3,NaN
2,1,3,NaN
2,1,3,NaN
3,0,3,0.9272124484159221
3,0,3,0.13695747655435897
2,1,3,NaN
1,2,3,NaN
1,2,3,0.9272124484159221
2,1,3,0.49543559874771725
1,2,3,NaN
1,2,3,NaN
3,0,3,NaN
1,2,3,0.10032275229784271
1,2,3,0.5085888036623277
1,2,3,NaN
3,0,3,NaN
1,2,3,0.6717661875924231
3,0,3,NaN
2,1,3,NaN
1,2,3,NaN
3,0,3,NaN
3,0,3,NaN
3,0,3,NaN
2,1,3,NaN
2,1,3,0.8450772854630715
3,0,3,NaN
1,2,3,NaN
2,1,3,0.21185071034975703
2,1,3,NaN
3,0,3,0.11735031057960332
1,2,3,0.0011479411764696121
1,2,3,NaN
3,0,3,0.7423423413009405
3,0,3,NaN
1,2,3,0.6717661875924231
3,0,3,NaN
1,2,3,NaN
2,1,3,0.3557510427918548
3,0,3,NaN
2,1,3,NaN
3,0,3,0.7726517314264018
2,1,3,0.7092033041123709
2,1,3,0.4597125862765721
2,1,3,NaN
1,2,3,NaN
3,0,3,NaN
1,2,3,0.4011103777394731
2,1,3,NaN
2,1,3,NaN
1,2,3,0.4011103777394731
3,0,3,0.6163604147416746
3,0,3,0.9789190809366978
3,0,3,0.49543559874771725
3,0,3,NaN
3,0,3,0.0630282359819421
2,1,3,NaN
3,0,3,NaN
2,1,3,NaN
2,1,3,NaN
3,0,3,0.2783692877527476
2,1,3,NaN
3,0,3,NaN
1,2,3,NaN
2,1,3,NaN
1,2,3,0.10032275229784271
1,2,3,NaN
3,0,3,NaN
3,0,3,NaN
2,1,3,0.9394569650180941
3,0,3,NaN
2,1,3,0.6717661875924231
3,0,3,0.9394569650180941
2,1,3,NaN
3,0,3,NaN
3,0,3,NaN
3,0,3,NaN
3,0,3,0.4475557477195245
1,2,3,NaN
3,0,3,0.631220773570296
3,0,3,NaN
3,0,3,NaN
3,0,3,NaN
2,1,3,NaN
3,0,3,NaN
1,2,3,0.012181242866982982
2,1,3,NaN
2,1,3,NaN
2,1,3,NaN
2,1,3,NaN
1,2,3,0.9493033010224405
3,0,3,9.715640361435838e-5
3,0,3,NaN
2,1,3,NaN
2,1,3,0.3557510427918548
3,0,3,0.9001259164326818
1,2,3,NaN
3,0,3,NaN
1,2,3,NaN
3,0,3,NaN
3,0,3,NaN
1,2,3,NaN
1,2,3,0.49543559874771725
1,2,3,0.21185071034975703
2,1,3,0.07361819104140599
3,0,3,0.0630282359819421
1,2,3,NaN
2,1,3,0.735914938752462
2,1,3,0.7423423413009405
3,0,3,NaN
1,2,3,NaN
3,0,3,NaN
1,2,3,0.9108371303898248
2,1,3,NaN
1,2,3,0.6226911899425736
1,2,3,NaN
3,0,3,0.9394569650180941
1,2,3,NaN
3,0,3,NaN
1,2,3,NaN
3,0,3,NaN
3,0,3,NaN
1,2,3,NaN
2,1,3,NaN
3,0,3,NaN
1,2,3,NaN
1,2,3,NaN
2,1,3,0.7092033041123709
2,1,3,NaN
2,1,3,0.3930469172428408
2,1,3,NaN
2,1,3,NaN
2,1,3,NaN
1,2,3,NaN
1,2,3,0.019796251803769704
2,1,3,NaN
3,0,3,0.04531425270758149
3,0,3,0.8450772854630715
3,0,3,NaN
3,0,3,NaN
1,2,3,NaN
2,1,3,0.6717661875924231
2,1,3,NaN
3,0,3,0.5865196674031864
2,1,3,NaN
3,0,3,NaN
2,1,3,NaN
2,1,3,NaN
3,0,3,NaN
3,0,3,0.4475557477195245
3,0,3,NaN
3,0,3,NaN
3,0,3,0.9137791798943785
3,0,3,NaN
3,0,3,NaN
1,2,3,0.136420810875336
3,0,3,NaN
3,0,3,NaN
1,2,3,NaN
3,0,3,0.5865196674031864
3,0,3,NaN
3,0,3,NaN
3,0,3,NaN
3,0,3,6.491323745265144e-7
1,2,3,0.4475557477195245
2,1,3,NaN
1,2,3,NaN
3,0,3,0.7223147046415697
1,2,3,0.7092033041123709
3,0,3,NaN
1,2,3,0.5180838030620013
2,1,3,NaN
3,0,3,NaN
2,1,3,NaN
1,2,3,0.2783692877527476
2,1,3,0.24290906152647984
3,0,3,0.0032344506104328807
2,1,3,0.9001259164326818
2,1,3,NaN
3,0,3,NaN
1,2,3,NaN
1,2,3,0.6717661875924231
1,2,3,NaN
2,1,3,NaN
1,2,3,NaN
1,2,3,NaN
3,0,3,NaN
2,1,3,0.053556438906752275
3,0,3,0.18348414923983342
2,1,3,NaN
1,2,3,NaN
1,2,3,NaN
2,1,3,0.631220773570296
1,2,3,NaN
3,0,3,0.03831329598506057
2,1,3,NaN
2,1,3,0.8237080657963236
2,1,3,NaN
3,0,3,NaN
3,0,3,NaN
3,0,3,NaN
1,2,3,NaN
2,1,3,NaN
2,1,3,0.3557510427918548
1,2,3,0.03831329598506057
3,0,3,0.2783692877527476
3,0,3,NaN
1,2,3,NaN
2,1,3,NaN
3,0,3,0.10032275229784271
2,1,3,0.18858702277305447
1,2,3,NaN
3,0,3,0.24290906152647984
1,2,3,NaN
2,1,3,0.6717661875924231
3,0,3,0.4011103777394731
3,0,3,NaN
3,0,3,NaN
2,1,3,0.31538291069709495
1,2,3,NaN
2,1,3,NaN
3,0,3,0.18348414923983342
2,1,3,NaN
3,0,3,NaN
3,0,3,NaN
2,1,3,0.2747719176169195
2,1,3,NaN
1,2,3,0.49543559874771725
2,1,3,NaN
3,0,3,NaN
2,1,3,NaN
2,1,3,NaN
3,0,3,NaN
3,0,3,0.08612589160650815
2,1,3,0.4011103777394731
2,1,3,NaN
3,0,3,NaN
3,0,3,NaN
3,0,3,NaN
3,0,3,NaN
3,0,3,NaN
3,0,3,0.49543559874771725
3,0,3,0.24290906152647984
3,0,3,0.9663500458367166
2,1,3,NaN
2,1,3,NaN
3,0,3,NaN
2,1,3,0.21185071034975703
2,1,3,NaN
1,2,3,0.015000716839285189
2,1,3,0.933481309396083
3,0,3,NaN
3,0,3,NaN
3,0,3,NaN
3,0,3,NaN
3,0,3,NaN
3,0,3,0.21185071034975703
3,0,3,NaN
1,2,3,NaN
2,1,3,NaN
2,1,3,NaN
2,1,3,NaN
1,2,3,0.07361819104140599
3,0,3,NaN
2,1,3,NaN
3,0,3,0.0020389024782761695
2,1,3,NaN
3,0,3,NaN
1,2,3,NaN
1,2,3,0.02787455723542097
3,0,3,NaN
3,0,3,NaN
2,1,3,NaN
2,1,3,0.08983946784942456
3,0,3,NaN
3,0,3,NaN
3,0,3,NaN
3,0,3,0.0016887152317888118
2,1,3,NaN
3,0,3,NaN
2,1,3,NaN
2,1,3,0.4475557477195245
1,2,3,NaN
1,2,3,NaN
2,1,3,NaN
3,0,3,0.8827570506600473
2,1,3,NaN
3,0,3,0.2783692877527476
1,2,3,NaN
3,0,3,0.006889162773166826
1,2,3,0.4011103777394731
2,1,3,NaN
3,0,3,0.8450772854630715
3,0,3,0.631220773570296
2,1,3,0.8006696868167401
1,2,3,NaN
3,0,3,NaN
1,2,3,NaN
1,2,3,0.03831329598506057
1,2,3,0.5620674092051808
2,1,3,NaN
3,0,3,0.2783692877527476
2,1,3,0.49543559874771725
3,0,3,NaN
2,1,3,NaN
2,1,3,NaN
3,0,3,NaN
3,0,3,0.053556438906752275
1,2,3,NaN
1,2,3,NaN
3,0,3,NaN
2,1,3,NaN
3,0,3,0.631220773570296
3,0,3,NaN
2,1,3,0.031334283615135884
2,1,3,0.8237080657963236
2,1,3,NaN
2,1,3,0.7726517314264018
3,0,3,NaN
2,1,3,0.007473039636248956
1,2,3,NaN
2,1,3,0.8237080657963236
3,0,3,0.8006696868167401
2,1,3,0.09901566991057525
2,1,3,0.18348414923983342
3,0,3,0.3557510427918548
3,0,3,NaN
3,0,3,NaN
1,2,3,NaN
2,1,3,NaN
1,2,3,NaN
2,1,3,NaN
1,2,3,NaN
3,0,3,0.04531425270758149
3,0,3,NaN
1,2,3,NaN
2,1,3,0.5865196674031864
3,0,3,0.8450772854630715
3,0,3,NaN
1,2,3,NaN
1,2,3,0.21898357023417914
2,1,3,NaN
3,0,3,NaN
1,2,3,0.15938727449707998
3,0,3,NaN
2,1,3,NaN
1,2,3,0.8237080657963236
2,1,3,NaN
3,0,3,NaN
1,2,3,NaN
3,0,3,NaN
3,0,3,NaN
1,2,3,0.7726517314264018
2,1,3,NaN
2,1,3,0.08612589160650815
1,2,3,0.9916966421839661
3,0,3,NaN
1,2,3,0.3557510427918548
1,2,3,0.7349050101248953
3,0,3,NaN
2,1,3,NaN
2,1,3,NaN
3,0,3,NaN
2,1,3,NaN
3,0,3,0.006162005486132496
2,1,3,NaN
3,0,3,NaN
1,2,3,NaN
3,0,3,NaN
1,2,3,NaN
2,1,3,NaN
3,0,3,0.8006696868167401
2,1,3,NaN
2,1,3,0.053556438906752275
1,2,3,0.4155618969404342
2,1,3,NaN
3,0,3,NaN
2,1,3,0.739226346224963
2,1,3,0.00039521384536782354
1,2,3,NaN
1,2,3,NaN
1,2,3,NaN
3,0,3,NaN
3,0,3,NaN
2,1,3,NaN
1,2,3,NaN
1,2,3,0.18348414923983342
2,1,3,NaN
3,0,3,0.04531425270758149
3,0,3,NaN
2,1,3,NaN
3,0,3,0.5417209770628222
2,1,3,NaN
2,1,3,0.7092033041123709
2,1,3,NaN
2,1,3,0.18348414923983342
3,0,3,NaN
1,2,3,NaN
1,2,3,NaN
3,0,3,0.91089910393393
1,2,3,NaN
2,1,3,NaN
1,2,3,NaN
2,1,3,NaN
1,2,3,0.8237080657963236
2,1,3,0.31538291069709495
1,2,3,NaN
2,1,3,NaN
2,1,3,NaN
3,0,3,NaN
2,1,3,NaN
1,2,3,NaN
3,0,3,NaN
1,2,3,0.7726517314264018
3,0,3,0.01384068834559692
1,2,3,0.21185071034975703
3,0,3,NaN
3,0,3,NaN
3,0,3,NaN
2,1,3,0.011335119107957231
3,0,3,NaN
2,1,3,0.9733084005106692
2,1,3,NaN
3,0,3,NaN
3,0,3,NaN
2,1,3,NaN
2,1,3,NaN
2,1,3,NaN
3,0,3,NaN
3,0,3,NaN
2,1,3,NaN
3,0,3,0.3557510427918548
2,1,3,NaN
3,0,3,NaN
3,0,3,NaN
1,2,3,NaN
2,1,3,NaN
2,1,3,NaN
1,2,3,NaN
3,0,3,NaN
1,2,3,0.4011103777394731
1,2,3,0.7092033041123709
1,2,3,NaN
3,0,3,NaN
1,2,3,NaN
3,0,3,NaN
2,1,3,0.8652322931034484
3,0,3,0.8237080657963236
2,1,3,NaN
2,1,3,0.22498386269722465
3,0,3,NaN
3,0,3,NaN
1,2,3,0.631220773570296
3,0,3,0.7092033041123709
2,1,3,NaN
2,1,3,0.7038570448214456
2,1,3,NaN
2,1,3,NaN
1,2,3,0.31538291069709495
2,1,3,NaN
3,0,3,NaN
2,1,3,NaN
2,1,3,0.49543559874771725
2,1,3,0.9001259164326818
1,2,3,0.13695747655435897
2,1,3,0.7726517314264018
3,0,3,NaN
2,1,3,0.31538291069709495
2,1,3,0.9137791798943785
2,1,3,0.023526326196296094
3,0,3,0.7092033041123709
1,2,3,NaN
3,0,3,NaN
3,0,3,NaN
3,0,3,0.631220773570296
1,2,3,NaN
3,0,3,NaN
1,2,3,0.21185071034975703
3,0,3,NaN
2,1,3,NaN
1,2,3,0.631220773570296
1,2,3,NaN
1,2,3,NaN
2,1,3,0.6717661875924231
3,0,3,NaN
3,0,3,NaN
3,0,3,NaN
3,0,3,NaN
1,2,3,0.8652322931034484
3,0,3,NaN
3,0,3,0.5183374556419776
2,1,3,NaN
2,1,3,NaN
1,2,3,NaN
3,0,3,0.9047853618061095
2,1,3,NaN
3,0,3,0.8652322931034484
3,0,3,NaN
3,0,3,NaN
1,2,3,NaN
3,0,3,NaN
3,0,3,0.2783692877527476
3,0,3,NaN
1,2,3,NaN
2,1,3,0.023437746643316073
3,0,3,NaN
1,2,3,0.08612589160650815
2,1,3,NaN
3,0,3,NaN
2,1,3,NaN
2,1,3,NaN
2,1,3,NaN
1,2,3,NaN
2,1,3,NaN
3,0,3,NaN
2,1,3,NaN
1,2,3,NaN
3,0,3,0.8652322931034484
1,2,3,NaN
3,0,3,0.8450772854630715
3,0,3,NaN
3,0,3,0.5865196674031864
3,0,3,NaN
2,1,3,0.5865196674031864
2,1,3,0.053556438906752275
2,1,3,0.13695747655435897
1,2,3,NaN
3,0,3,NaN
2,1,3,NaN
2,1,3,0.5865196674031864
2,1,3,NaN
2,1,3,NaN
1,2,3,NaN
2,1,3,NaN
2,1,3,NaN
3,0,3,NaN
3,0,3,NaN
2,1,3,NaN
2,1,3,NaN
3,0,3,NaN
2,1,3,0.8450772854630715
3,0,3,0.24290906152647984
1,2,3,0.8279889650680171
3,0,3,0.8006696868167401
2,1,3,0.8652322931034484
3,0,3,0.03831329598506057
3,0,3,NaN
2,1,3,NaN
1,2,3,NaN
1,2,3,NaN
1,2,3,NaN
2,1,3,NaN
1,2,3,0.31538291069709495
3,0,3,NaN
3,0,3,NaN
3,0,3,NaN
2,1,3,0.07361819104140599
3,0,3,NaN
1,2,3,0.5417209770628222
3,0,3,0.5865196674031864
3,0,3,NaN
3,0,3,NaN
2,1,3,NaN
1,2,3,NaN
3,0,3,0.5865196674031864
2,1,3,NaN
2,1,3,NaN
2,1,3,NaN
2,1,3,0.11735031057960332
1,2,3,NaN
2,1,3,NaN
3,0,3,0.13695747655435897
1,2,3,0.4475557477195245
2,1,3,NaN
1,2,3,NaN
2,1,3,NaN
3,0,3,NaN
2,1,3,NaN
2,1,3,0.10453965175886143
2,1,3,NaN
3,0,3,0.31538291069709495
1,2,3,NaN
3,0,3,0.04531425270758149
1,2,3,0.9841738135856081
2,1,3,0.49543559874771725
2,1,3,NaN
3,0,3,NaN
2,1,3,0.24290906152647984
2,1,3,0.18348414923983342
2,1,3,NaN
3,0,3,0.03831329598506057
2,1,3,0.04531425270758149
2,1,3,NaN
3,0,3,NaN
3,0,3,0.7423423413009405
1,2,3,0.03831329598506057
3,0,3,NaN
3,0,3,NaN
3,0,3,NaN
1,2,3,NaN
2,1,3,NaN
3,0,3,NaN
3,0,3,NaN
3,0,3,0.631220773570296
1,2,3,NaN
2,1,3,NaN
2,1,3,NaN
1,2,3,NaN
3,0,3,NaN
1,2,3,NaN
3,0,3,NaN
1,2,3,NaN
2,1,3,0.9943152957847301
1,2,3,NaN
2,1,3,NaN
2,1,3,NaN
3,0,3,NaN
2,1,3,0.0550884655477317
2,1,3,0.4155618969404342
2,1,3,NaN
2,1,3,0.8006696868167401
3,0,3,NaN
2,1,3,NaN
3,0,3,NaN
1,2,3,NaN
2,1,3,NaN
3,0,3,NaN
3,0,3,NaN
2,1,3,NaN
1,2,3,0.007349342594627595
2,1,3,NaN
1,2,3,0.016656938369781698
3,0,3,NaN
3,0,3,NaN
1,2,3,NaN
2,1,3,NaN
1,2,3,NaN
3,0,3,NaN
1,2,3,NaN
3,0,3,NaN
1,2,3,0.016656938369781698
1,2,3,0.9394569650180941
3,0,3,NaN
2,1,3,NaN
2,1,3,NaN
3,0,3,0.18348414923983342
2,1,3,NaN
2,1,3,0.8827570506600473
2,1,3,NaN
3,0,3,NaN
3,0,3,NaN
3,0,3,NaN
2,1,3,NaN
2,1,3,NaN
2,1,3,NaN
3,0,3,NaN
3,0,3,NaN
3,0,3,0.4011103777394731
3,0,3,NaN
1,2,3,NaN
2,1,3,NaN
1,2,3,NaN
1,2,3,0.08934560317390572
3,0,3,NaN
3,0,3,0.8652322931034484
2,1,3,NaN
3,0,3,NaN
1,2,3,NaN
1,2,3,0.31538291069709495
3,0,3,NaN
2,1,3,NaN
3,0,3,0.8416968816058027
1,2,3,0.2144909145927689
2,1,3,NaN
2,1,3,NaN
3,0,3,0.8450772854630715
3,0,3,NaN
3,0,3,NaN
1,2,3,NaN
2,1,3,NaN
2,1,3,0.7423423413009405
3,0,3,NaN
1,2,3,NaN
3,0,3,NaN
1,2,3,NaN
1,2,3,0.4475557477195245
2,1,3,NaN
1,2,3,NaN
2,1,3,0.8652322931034484
1,2,3,NaN
3,0,3,NaN
2,1,3,0.49543559874771725
3,0,3,NaN
3,0,3,0.6717661875924231
3,0,3,NaN
2,1,3,NaN
2,1,3,NaN
2,1,3,NaN
3,0,3,0.0003119016658957341
3,0,3,NaN
1,2,3,NaN
1,2,3,0.7726517314264018
3,0,3,NaN
2,1,3,0.08612589160650815
1,2,3,NaN
1,2,3,0.6717661875924231
2,1,3,0.08612589160650815
1,2,3,NaN
3,0,3,NaN
3,0,3,0.7726517314264018
3,0,3,0.21185071034975703
3,0,3,NaN
2,1,3,0.4011103777394731
3,0,3,NaN
2,1,3,NaN
3,0,3,0.0051653647514528205
2,1,3,NaN
3,0,3,0.21185071034975703
2,1,3,NaN
2,1,3,0.6717661875924231
2,1,3,NaN
2,1,3,0.4155618969404342
3,0,3,NaN
2,1,3,NaN
1,2,3,NaN
3,0,3,0.013310195909093726
3,0,3,0.15938727449707998
2,1,3,0.5865196674031864
2,1,3,0.21185071034975703
3,0,3,NaN
2,1,3,NaN
1,2,3,NaN
3,0,3,0.4011103777394731
3,0,3,NaN
1,2,3,NaN
1,2,3,0.6717661875924231
3,0,3,NaN
1,2,3,0.5737458270684518
2,1,3,0.023178553387368964
3,0,3,0.8652322931034484
1,2,3,NaN
1,2,3,0.9272124484159221
3,0,3,NaN
3,0,3,NaN
3,0,3,NaN
2,1,3,NaN
2,1,3,NaN
2,1,3,0.8652322931034484
3,0,3,0.7423423413009405
1,2,3,NaN
3,0,3,NaN
3,0,3,NaN
2,1,3,NaN
3,0,3,NaN
2,1,3,0.5865196674031864
3,0,3,NaN
3,0,3,NaN
2,1,3,NaN
3,0,3,0.631220773570296
3,0,3,NaN
2,1,3,0.7726517314264018
1,2,3,NaN
3,0,3,0.21185071034975703
3,0,3,NaN
3,0,3,NaN
3,0,3,0.24290906152647984
1,2,3,0.4011103777394731
1,2,3,NaN
2,1,3,NaN
3,0,3,NaN
3,0,3,0.6320827456688481
1,2,3,NaN
2,1,3,NaN
3,0,3,NaN
2,1,3,0.5865618867708493
3,0,3,NaN
2,1,3,0.0003337935247393891
2,1,3,NaN
3,0,3,0.631220773570296
2,1,3,NaN
2,1,3,NaN
3,0,3,0.9550365032141755
2,1,3,0.9493033010224405
3,0,3,0.6034053153223242
2,1,3,NaN
1,2,3,0.5417209770628222
3,0,3,NaN
3,0,3,NaN
1,2,3,NaN
2,1,3,NaN
3,0,3,0.4011103777394731
2,1,3,0.5865196674031864
2,1,3,NaN
1,2,3,0.5417209770628222
2,1,3,NaN
2,1,3,0.5417209770628222
3,0,3,NaN
3,0,3,NaN
1,2,3,0.8006696868167401
3,0,3,NaN
1,2,3,NaN
3,0,3,NaN
1,2,3,0.8006696868167401
3,0,3,NaN
1,2,3,0.8273404403689961
3,0,3,NaN
1,2,3,0.49543559874771725
3,0,3,NaN
2,1,3,NaN
2,1,3,NaN
1,2,3,NaN
2,1,3,0.04531425270758149
1,2,3,NaN
3,0,3,NaN
3,0,3,NaN
2,1,3,0.18348414923983342
2,1,3,NaN
1,2,3,NaN
2,1,3,NaN
1,2,3,0.7716423171976328
3,0,3,NaN
2,1,3,NaN
2,1,3,NaN
2,1,3,0.9493033010224405
3,0,3,NaN
2,1,3,0.6717661875924231
3,0,3,NaN
1,2,3,NaN
1,2,3,0.7726517314264018
2,1,3,NaN
2,1,3,NaN
2,1,3,0.0630282359819421
1,2,3,0.18348414923983342
2,1,3,NaN
2,1,3,0.631220773570296
3,0,3,NaN
1,2,3,NaN
3,0,3,NaN
3,0,3,NaN
3,0,3,0.7423423413009405
3,0,3,NaN
1,2,3,NaN
1,2,3,NaN
2,1,3,NaN
2,1,3,NaN
3,0,3,NaN
3,0,3,0.7726517314264018
3,0,3,NaN
1,2,3,0.049259890554971
1,2,3,0.6717661875924231
3,0,3,0.3557510427918548
1,2,3,0.053556438906752275
2,1,3,NaN
2,1,3,NaN
3,0,3,NaN
2,1,3,NaN
2,1,3,0.7092033041123709
3,0,3,0.7726517314264018
1,2,3,NaN
3,0,3,NaN
2,1,3,NaN
3,0,3,NaN
2,1,3,NaN
2,1,3,0.7726517314264018
1,2,3,NaN
2,1,3,NaN
2,1,3,NaN
2,1,3,NaN
3,0,3,NaN
1,2,3,0.11735031057960332
3,0,3,NaN
3,0,3,NaN
3,0,3,NaN
2,1,3,NaN
3,0,3,NaN
1,2,3,NaN
3,0,3,NaN
1,2,3,NaN
3,0,3,NaN
3,0,3,NaN
3,0,3,NaN
2,1,3,0.8802899068977281
1,2,3,NaN
3,0,3,NaN
1,2,3,NaN
1,2,3,NaN
1,2,3,NaN
3,0,3,NaN
3,0,3,NaN
3,0,3,NaN
3,0,3,0.8827570506600473
2,1,3,NaN
2,1,3,NaN
3,0,3,0.18348414923983342
1,2,3,0.5865196674031864
2,1,3,NaN
2,1,3,NaN
2,1,3,NaN
1,2,3,NaN
3,0,3,NaN
1,2,3,0.9493033010224405
2,1,3,NaN
2,1,3,0.3222629772517546
3,0,3,NaN
3,0,3,0.31538291069709495
1,2,3,NaN
3,0,3,NaN
1,2,3,0.11735031057960332
3,0,3,0.4475557477195245
3,0,3,0.9394569650180941
3,0,3,0.4475557477195245
3,0,3,NaN
2,1,3,NaN
1,2,3,NaN
2,1,3,NaN
2,1,3,NaN
3,0,3,0.5865196674031864
2,1,3,NaN
1,2,3,NaN
3,0,3,0.7921036530766452
2,1,3,NaN
2,1,3,0.5417209770628222
2,1,3,NaN
2,1,3,NaN
1,2,3,0.4475557477195245
3,0,3,NaN
2,1,3,0.9001259164326818
2,1,3,NaN
3,0,3,NaN
2,1,3,NaN
2,1,3,0.9789190809366978
3,0,3,NaN
2,1,3,0.5865196674031864
3,0,3,NaN
2,1,3,NaN
1,2,3,NaN
3,0,3,0.5417209770628222
2,1,3,NaN
1,2,3,NaN
3,0,3,0.9590286414731528
3,0,3,NaN
3,0,3,NaN
3,0,3,0.9272124484159221
2,1,3,NaN
3,0,3,NaN
3,0,3,0.7423423413009405
2,1,3,NaN
3,0,3,NaN
3,0,3,NaN
3,0,3,NaN
2,1,3,0.5865196674031864
1,2,3,NaN
3,0,3,NaN
1,2,3,NaN
1,2,3,NaN
2,1,3,NaN
1,2,3,0.21185071034975703
3,0,3,NaN
1,2,3,NaN
3,0,3,NaN
3,0,3,NaN
3,0,3,0.7092033041123709
2,1,3,NaN
3,0,3,0.07721489853968687
3,0,3,0.8652322931034484
1,2,3,NaN
2,1,3,NaN
1,2,3,NaN
1,2,3,NaN
1,2,3,NaN
2,1,3,0.49543559874771725
1,2,3,0.8958762517401009
3,0,3,NaN
3,0,3,0.032853775051729074
1,2,3,NaN
3,0,3,NaN
1,2,3,0.8450772854630715
2,1,3,0.7423423413009405
3,0,3,NaN
1,2,3,NaN
2,1,3,NaN
3,0,3,NaN
3,0,3,NaN
2,1,3,0.31538291069709495
1,2,3,0.6717661875924231
3,0,3,0.5417209770628222
3,0,3,0.0004960446992148233
2,1,3,0.08612589160650815
2,1,3,NaN
3,0,3,NaN
2,1,3,NaN
2,1,3,0.11735031057960332
3,0,3,NaN
3,0,3,NaN
2,1,3,NaN
3,0,3,NaN
2,1,3,0.8827570506600473
2,1,3,NaN
3,0,3,NaN
3,0,3,NaN
2,1,3,0.6717661875924231
3,0,3,NaN
1,2,3,NaN
2,1,3,NaN
3,0,3,0.9394569650180941
3,0,3,NaN
2,1,3,0.8652322931034484
1,2,3,NaN
2,1,3,NaN
3,0,3,NaN
1,2,3,NaN
2,1,3,NaN
2,1,3,NaN
1,2,3,NaN
2,1,3,0.10032275229784271
2,1,3,NaN
3,0,3,NaN
2,1,3,NaN
3,0,3,0.4011103777394731
1,2,3,0.7423423413009405
3,0,3,NaN
1,2,3,NaN
3,0,3,NaN
3,0,3,NaN
3,0,3,NaN
3,0,3,0.2783692877527476
3,0,3,0.3557510427918548
3,0,3,NaN
3,0,3,0.9272124484159221
2,1,3,0.9137791798943785
3,0,3,NaN
1,2,3,NaN
2,1,3,0.2783692877527476
1,2,3,0.7092033041123709
1,2,3,0.011335119107957231
1,2,3,NaN
2,1,3,NaN
2,1,3,0.4011103777394731
2,1,3,NaN
2,1,3,0.9272124484159221
1,2,3,NaN
3,0,3,NaN
2,1,3,NaN
1,2,3,0.6717661875924231
2,1,3,0.06474081858220818
2,1,3,0.3557510427918548
3,0,3,NaN
1,2,3,NaN
1,2,3,0.5417209770628222
1,2,3,NaN
2,1,3,0.7092033041123709
3,0,3,NaN
1,2,3,NaN
2,1,3,NaN
2,1,3,NaN
3,0,3,NaN
2,1,3,0.3557510427918548
1,2,3,NaN
3,0,3,0.9272124484159221
1,2,3,0.15938727449707998
2,1,3,NaN
3,0,3,NaN
1,2,3,NaN
3,0,3,NaN
3,0,3,0.24290906152647984
1,2,3,NaN
3,0,3,NaN
2,1,3,0.6717661875924231
3,0,3,NaN
1,2,3,0.14090102164138496
1,2,3,NaN
3,0,3,NaN
3,0,3,NaN
1,2,3,0.49543559874771725
3,0,3,0.9590286414731528
2,1,3,NaN
3,0,3,NaN
1,2,3,NaN
2,1,3,NaN
2,1,3,0.4011103777394731
3,0,3,NaN
2,1,3,0.2783692877527476
3,0,3,NaN
3,0,3,NaN
3,0,3,0.631220773570296
3,0,3,NaN
1,2,3,NaN
2,1,3,0.00716161789846564
1,2,3,NaN
3,0,3,NaN
2,1,3,NaN
2,1,3,NaN
3,0,3,NaN
3,0,3,NaN
3,0,3,NaN
3,0,3,NaN
1,2,3,NaN
2,1,3,NaN
2,1,3,0.5865196674031864
2,1,3,NaN
3,0,3,NaN
2,1,3,0.8006696868167401
3,0,3,NaN
3,0,3,0.8450772854630715
3,0,3,NaN
1,2,3,NaN
3,0,3,NaN
1,2,3,NaN
3,0,3,NaN
1,2,3,0.9001259164326818
2,1,3,NaN
3,0,3,NaN
2,1,3,NaN
2,1,3,0.2783692877527476
3,0,3,0.9669541551065273
1,2,3,0.8827570506600473
2,1,3,0.31538291069709495
3,0,3,NaN
1,2,3,NaN
3,0,3,NaN
3,0,3,NaN
1,2,3,NaN
3,0,3,NaN
1,2,3,0.4011103777394731
3,0,3,NaN
3,0,3,NaN
3,0,3,0.6717661875924231
3,0,3,0.18348414923983342
3,0,3,0.5417209770628222
1,2,3,NaN
3,0,3,NaN
1,2,3,NaN
1,2,3,0.15938727449707998
3,0,3,NaN
3,0,3,NaN
2,1,3,NaN
1,2,3,NaN
1,2,3,0.7423423413009405
1,2,3,0.4011103777394731
1,2,3,NaN
3,0,3,0.7092033041123709
3,0,3,0.0004931993107402023
1,2,3,0.07361819104140599
1,2,3,0.4011103777394731
2,1,3,0.8827570506600473
3,0,3,0.13695747655435897
3,0,3,0.3901201530147684
2,1,3,0.3557510427918548
1,2,3,NaN
2,1,3,0.9137791798943785
3,0,3,0.14920627363271752
3,0,3,NaN
3,0,3,NaN
3,0,3,NaN
2,1,3,NaN
2,1,3,0.21185071034975703
3,0,3,0.31538291069709495
1,2,3,NaN
1,2,3,0.08612589160650815
1,2,3,NaN
3,0,3,0.9590286414731528
3,0,3,0.4475557477195245
2,1,3,NaN
3,0,3,NaN
1,2,3,NaN
2,1,3,0.023437746643316073
2,1,3,NaN
2,1,3,0.7726517314264018
1,2,3,NaN
2,1,3,NaN
1,2,3,NaN
2,1,3,0.49543559874771725
2,1,3,NaN
1,2,3,NaN
3,0,3,0.31538291069709495
3,0,3,0.4475557477195245
3,0,3,NaN
3,0,3,NaN
2,1,3,NaN
2,1,3,NaN
1,2,3,NaN
2,1,3,0.7423423413009405
1,2,3,NaN
3,0,3,NaN
2,1,3,NaN
2,1,3,NaN
1,2,3,NaN
1,2,3,NaN
1,2,3,0.5417209770628222
1,2,3,NaN
1,2,3,NaN
1,2,3,NaN
2,1,3,0.7092033041123709
3,0,3,NaN
3,0,3,0.631220773570296
1,2,3,NaN
3,0,3,0.21185071034975703
1,2,3,0.5865196674031864
2,1,3,0.9943152957847301
2,1,3,NaN
2,1,3,NaN
3,0,3,NaN
2,1,3,NaN
3,0,3,NaN
3,0,3,NaN
1,2,3,NaN
3,0,3,NaN
1,2,3,NaN
3,0,3,NaN
1,2,3,NaN
2,1,3,0.5865196674031864
2,1,3,NaN
2,1,3,NaN
1,2,3,NaN
3,0,3,NaN
1,2,3,NaN
3,0,3,NaN
3,0,3,0.9137791798943785
3,0,3,NaN
1,2,3,NaN
1,2,3,NaN
1,2,3,NaN
2,1,3,NaN
2,1,3,NaN
3,0,3,NaN
1,2,3,NaN
1,2,3,NaN
2,1,3,NaN
3,0,3,NaN
3,0,3,NaN
3,0,3,0.7423423413009405
1,2,3,NaN
3,0,3,NaN
1,2,3,NaN
3,0,3,NaN
1,2,3,0.49543559874771725
3,0,3,NaN
3,0,3,NaN
2,1,3,0.8672028944838255
3,0,3,0.3557510427918548
2,1,3,0.3557510427918548
2,1,3,NaN
1,2,3,NaN
3,0,3,NaN
2,1,3,0.08612589160650815
3,0,3,NaN
2,1,3,NaN
1,2,3,NaN
3,0,3,NaN
3,0,3,NaN
3,0,3,NaN
2,1,3,NaN
2,1,3,NaN
2,1,3,0.7423423413009405
2,1,3,NaN
2,1,3,NaN
2,1,3,0.02787455723542097
1,2,3,0.9137791798943785
3,0,3,0.6950686511737141
3,0,3,0.6717661875924231
3,0,3,NaN
2,1,3,0.9733084005106692
3,0,3,NaN
2,1,3,0.6717661875924231
3,0,3,0.7092033041123709
3,0,3,NaN
3,0,3,NaN
2,1,3,0.4011103777394731
3,0,3,0.7726517314264018
1,2,3,0.4011103777394731
2,1,3,NaN
1,2,3,0.7726517314264018
3,0,3,0.0051653647514528205
1,2,3,NaN
1,2,3,NaN
2,1,3,0.24290906152647984
1,2,3,NaN
3,0,3,0.07361819104140599
1,2,3,NaN
2,1,3,0.8827570506600473
2,1,3,NaN
3,0,3,NaN
3,0,3,NaN
2,1,3,NaN
3,0,3,NaN
3,0,3,NaN
2,1,3,0.4155618969404342
3,0,3,0.8381544608128859
1,2,3,NaN
2,1,3,NaN
3,0,3,NaN
2,1,3,NaN
2,1,3,NaN
3,0,3,NaN
2,1,3,0.9137791798943785
2,1,3,0.631220773570296
3,0,3,NaN
1,2,3,0.013558353790174461
2,1,3,0.49543559874771725
2,1,3,NaN
1,2,3,NaN
3,0,3,NaN
3,0,3,NaN
3,0,3,NaN
2,1,3,NaN
2,1,3,0.8237080657963236
3,0,3,NaN
3,0,3,NaN
2,1,3,0.03047901862576228
1,2,3,NaN
3,0,3,NaN
3,0,3,NaN
2,1,3,0.7423423413009405
3,0,3,0.4765973951041183
1,2,3,0.4011103777394731
3,0,3,NaN
2,1,3,0.24290906152647984
3,0,3,NaN
3,0,3,NaN
3,0,3,NaN
2,1,3,0.24290906152647984
1,2,3,NaN
3,0,3,0.13695747655435897
1,2,3,0.8679189613997627
3,0,3,NaN
3,0,3,0.631220773570296
2,1,3,NaN
1,2,3,NaN
1,2,3,0.21185071034975703
2,1,3,NaN
3,0,3,0.19101133127478886
2,1,3,NaN
1,2,3,NaN
1,2,3,0.4011103777394731
2,1,3,0.08612589160650815
2,1,3,0.9394569650180941
1,2,3,NaN
1,2,3,0.01384068834559692
1,2,3,0.13695747655435897
3,0,3,NaN
3,0,3,0.9712291694276233
3,0,3,0.31538291069709495
3,0,3,0.08612589160650815
1,2,3,0.03831329598506057
3,0,3,NaN
3,0,3,0.02574118626400187
1,2,3,NaN
1,2,3,0.3557510427918548
1,2,3,NaN
2,1,3,NaN
1,2,3,NaN
2,1,3,NaN
1,2,3,NaN
1,2,3,NaN
3,0,3,0.8237080657963236
3,0,3,NaN
2,1,3,0.07361819104140599
2,1,3,0.07361819104140599
2,1,3,NaN
3,0,3,0.6717661875924231
3,0,3,0.31538291069709495
2,1,3,0.08612589160650815
2,1,3,NaN
3,0,3,NaN
3,0,3,NaN
2,1,3,0.11735031057960332
2,1,3,0.08612589160650815
1,2,3,0.9263119250928534
2,1,3,0.032853775051729074
1,2,3,NaN
2,1,3,NaN
3,0,3,0.8450772854630715
3,0,3,NaN
2,1,3,0.49543559874771725
1,2,3,0.4475557477195245
1,2,3,NaN
3,0,3,0.8722821616891961
2,1,3,0.6717661875924231
3,0,3,NaN
2,1,3,NaN
3,0,3,NaN
3,0,3,NaN
2,1,3,NaN
2,1,3,0.7061697604903152
2,1,3,0.2023842908463311
1,2,3,0.2783692877527476
3,0,3,0.7092033041123709
3,0,3,0.5417209770628222
3,0,3,NaN
1,2,3,0.09901566991057525
1,2,3,0.5865196674031864
3,0,3,0.18348414923983342
2,1,3,0.7457471485794999
2,1,3,0.31538291069709495
1,2,3,NaN
1,2,3,NaN
1,2,3,0.005243873939215935
2,1,3,NaN
3,0,3,0.6058475619775189
1,2,3,0.3557510427918548
1,2,3,NaN
2,1,3,NaN
2,1,3,0.9590286414731528
3,0,3,NaN
2,1,3,NaN
2,1,3,NaN
1,2,3,0.3557510427918548
2,1,3,0.3557510427918548
1,2,3,0.8450772854630715
2,1,3,NaN
3,0,3,NaN
3,0,3,NaN
3,0,3,0.31538291069709495
2,1,3,NaN
1,2,3,NaN
3,0,3,0.011335119107957231
1,2,3,NaN
3,0,3,0.4475557477195245
1,2,3,NaN
3,0,3,NaN
3,0,3,NaN
3,0,3,NaN
2,1,3,NaN
1,2,3,0.21185071034975703
3,0,3,0.10032275229784271
2,1,3,NaN
3,0,3,NaN
1,2,3,NaN
1,2,3,NaN
1,2,3,NaN
2,1,3,0.4475557477195245
2,1,3,NaN
3,0,3,NaN
1,2,3,NaN
3,0,3,NaN
3,0,3,NaN
3,0,3,NaN
3,0,3,0.5572941412899695
3,0,3,NaN
3,0,3,0.8652322931034484
3,0,3,0.8827570506600473
1,2,3,NaN
2,1,3,0.023437746643316073
1,2,3,0.5417209770628222
3,0,3,NaN
2,1,3,NaN
3,0,3,NaN
1,2,3,NaN
2,1,3,NaN
2,1,3,0.49543559874771725
1,2,3,NaN
3,0,3,0.9263616469895146
3,0,3,NaN
3,0,3,NaN
3,0,3,0.49543559874771725
2,1,3,0.3557510427918548
2,1,3,NaN
2,1,3,0.7423423413009405
2,1,3,NaN
2,1,3,NaN
1,2,3,0.13695747655435897
1,2,3,0.9841738135856081
1,2,3,0.04531425270758149
1,2,3,NaN
3,0,3,NaN
2,1,3,0.9590286414731528
3,0,3,0.0630282359819421
1,2,3,0.08612589160650815
1,2,3,NaN
3,0,3,NaN
3,0,3,NaN
2,1,3,NaN
3,0,3,NaN
3,0,3,NaN
3,0,3,0.5417209770628222
1,2,3,0.5417209770628222
2,1,3,0.997665829571106
3,0,3,NaN
2,1,3,NaN
1,2,3,0.49543559874771725
3,0,3,0.5417209770628222
3,0,3,0.21185071034975703
1,2,3,NaN
1,2,3,NaN
3,0,3,NaN
1,2,3,NaN
3,0,3,NaN
2,1,3,NaN
2,1,3,NaN
1,2,3,NaN
1,2,3,NaN
2,1,3,NaN
1,2,3,NaN
2,1,3,NaN
3,0,3,NaN
2,1,3,0.4146689370945025
1,2,3,0.7423423413009405
1,2,3,NaN
2,1,3,NaN
3,0,3,0.4011103777394731
1,2,3,NaN
1,2,3,NaN
1,2,3,NaN
1,2,3,NaN
1,2,3,0.9663500458367166
2,1,3,0.7680372377237703
3,0,3,NaN
2,1,3,0.5417209770628222
2,1,3,NaN
2,1,3,NaN
3,0,3,NaN
2,1,3,NaN
1,2,3,NaN
3,0,3,NaN
2,1,3,0.18348414923983342
2,1,3,0.8006696868167401
1,2,3,0.10354475183949527
1,2,3,0.2954562226479242
3,0,3,0.07361819104140599
2,1,3,NaN
1,2,3,0.9590286414731528
1,2,3,0.5865196674031864
1,2,3,NaN
3,0,3,NaN
2,1,3,0.7423423413009405
2,1,3,NaN
2,1,3,NaN
2,1,3,NaN
1,2,3,0.5417209770628222
2,1,3,0.21793114523149193
3,0,3,NaN
1,2,3,NaN
1,2,3,NaN
2,1,3,NaN
3,0,3,NaN
2,1,3,NaN
3,0,3,NaN
3,0,3,0.5865196674031864
1,2,3,NaN
3,0,3,NaN
2,1,3,0.15938727449707998
2,1,3,NaN
3,0,3,NaN
3,0,3,NaN
1,2,3,0.9047853618061095
3,0,3,0.4475557477195245
2,1,3,0.9272124484159221
1,2,3,0.10032275229784271
1,2,3,0.8827570506600473
2,1,3,NaN
2,1,3,0.8652322931034484
1,2,3,NaN
2,1,3,NaN
1,2,3,NaN
2,1,3,NaN
1,2,3,NaN
2,1,3,NaN
3,0,3,NaN
2,1,3,0.49543559874771725
3,0,3,0.053556438906752275
3,0,3,NaN
3,0,3,0.9663500458367166
2,1,3,0.7423423413009405
3,0,3,NaN
1,2,3,NaN
1,2,3,NaN
1,2,3,NaN
3,0,3,NaN
3,0,3,NaN
1,2,3,0.06426587784440972
1,2,3,NaN
1,2,3,NaN
2,1,3,NaN
3,0,3,NaN
3,0,3,NaN
3,0,3,0.7722756456000196
2,1,3,0.8450772854630715
1,2,3,0.49543559874771725
1,2,3,0.5865196674031864
1,2,3,NaN
2,1,3,NaN
3,0,3,NaN
1,2,3,NaN
1,2,3,NaN
1,2,3,NaN
3,0,3,NaN
2,1,3,NaN
1,2,3,NaN
1,2,3,0.019796251803769704
3,0,3,NaN
1,2,3,NaN
2,1,3,0.24309646777766658
1,2,3,NaN
3,0,3,NaN
1,2,3,0.2559921408322171
2,1,3,NaN
3,0,3,NaN
1,2,3,0.49543559874771725
2,1,3,NaN
2,1,3,0.49543559874771725
1,2,3,NaN
2,1,3,0.24290906152647984
2,1,3,0.11735031057960332
1,2,3,NaN
3,0,3,NaN
1,2,3,0.8237080657963236
2,1,3,0.4011103777394731
3,0,3,0.13695747655435897
1,2,3,NaN
3,0,3,0.4475557477195245
3,0,3,NaN
1,2,3,0.7092033041123709
2,1,3,NaN
2,1,3,NaN
3,0,3,0.3557510427918548
3,0,3,NaN
3,0,3,NaN
1,2,3,NaN
2,1,3,0.49543559874771725
2,1,3,0.6726559489107342
3,0,3,0.11735031057960332
2,1,3,0.15938727449707998
1,2,3,NaN
1,2,3,NaN
2,1,3,NaN
3,0,3,NaN
2,1,3,0.9137791798943785
3,0,3,NaN
2,1,3,NaN
1,2,3,NaN
1,2,3,0.15938727449707998
3,0,3,NaN
3,0,3,NaN
2,1,3,NaN
3,0,3,0.8120853917993482
1,2,3,NaN
3,0,3,NaN
2,1,3,NaN
3,0,3,NaN
1,2,3,NaN
3,0,3,NaN
1,2,3,NaN
3,0,3,0.02787455723542097
1,2,3,NaN
2,1,3,0.24290906152647984
1,2,3,NaN
3,0,3,NaN
2,1,3,0.9394569650180941
3,0,3,NaN
1,2,3,NaN
1,2,3,0.032853775051729074
2,1,3,0.8237080657963236
1,2,3,0.5865196674031864
2,1,3,0.18348414923983342
2,1,3,NaN
1,2,3,0.31538291069709495
2,1,3,NaN
3,0,3,NaN
2,1,3,NaN
2,1,3,0.975570842472078
2,1,3,NaN
3,0,3,0.8450772854630715
2,1,3,NaN
1,2,3,0.2783692877527476
3,0,3,NaN
3,0,3,NaN
1,2,3,NaN
2,1,3,0.4011103777394731
3,0,3,NaN
1,2,3,0.8450772854630715
1,2,3,NaN
1,2,3,NaN
1,2,3,NaN
2,1,3,0.3557510427918548
1,2,3,NaN
3,0,3,0.02787455723542097
3,0,3,NaN
1,2,3,NaN
1,2,3,NaN
2,1,3,NaN
1,2,3,NaN
3,0,3,0.8827570506600473
3,0,3,NaN
2,1,3,0.631220773570296
1,2,3,0.2783692877527476
3,0,3,NaN
2,1,3,0.9667627164901474
2,1,3,0.49543559874771725
2,1,3,NaN
2,1,3,NaN
3,0,3,NaN
3,0,3,NaN
3,0,3,NaN
3,0,3,NaN
3,0,3,NaN
2,1,3,0.8237080657963236
1,2,3,0.9001259164326818
3,0,3,NaN
3,0,3,NaN
3,0,3,NaN
1,2,3,NaN
3,0,3,NaN
1,2,3,NaN
1,2,3,0.31538291069709495
1,2,3,NaN
3,0,3,NaN
3,0,3,0.4011103777394731
1,2,3,NaN
2,1,3,0.07770787174543889
3,0,3,0.31538291069709495
2,1,3,0.9394569650180941
2,1,3,NaN
3,0,3,0.5865196674031864
2,1,3,NaN
1,2,3,NaN
3,0,3,0.9885707782763422
2,1,3,NaN
2,1,3,NaN
2,1,3,0.7929338376315631
3,0,3,NaN
1,2,3,NaN
2,1,3,NaN
1,2,3,NaN
1,2,3,NaN
2,1,3,0.631220773570296
1,2,3,NaN
1,2,3,0.7726517314264018
1,2,3,NaN
1,2,3,NaN
2,1,3,NaN
1,2,3,NaN
1,2,3,0.03542250385965071
1,2,3,0.8006696868167401
3,0,3,NaN
1,2,3,0.9916966421839661
2,1,3,NaN
3,0,3,NaN
2,1,3,NaN
3,0,3,NaN
2,1,3,0.4011103777394731
3,0,3,NaN
3,0,3,NaN
2,1,3,0.7092033041123709
1,2,3,0.15938727449707998
3,0,3,0.21185071034975703
2,1,3,NaN
1,2,3,NaN
2,1,3,0.2412147488524764
2,1,3,NaN
3,0,3,NaN
3,0,3,NaN
1,2,3,NaN
2,1,3,NaN
3,0,3,NaN
2,1,3,NaN
1,2,3,NaN
3,0,3,0.6717661875924231
3,0,3,NaN
1,2,3,0.18348414923983342
2,1,3,NaN
2,1,3,NaN
2,1,3,NaN
3,0,3,NaN
2,1,3,NaN
1,2,3,NaN
2,1,3,NaN
3,0,3,NaN
2,1,3,NaN
2,1,3,0.2783692877527476
3,0,3,NaN
2,1,3,NaN
3,0,3,0.5417209770628222
1,2,3,NaN
2,1,3,NaN
3,0,3,NaN
3,0,3,0.4011103777394731
3,0,3,NaN
3,0,3,NaN
3,0,3,NaN
1,2,3,NaN
3,0,3,NaN
3,0,3,NaN
3,0,3,0.13695747655435897
3,0,3,NaN
2,1,3,NaN
3,0,3,0.8827570506600473
1,2,3,0.08612589160650815
2,1,3,0.8450772854630715
1,2,3,0.21185071034975703
3,0,3,0.032853775051729074
1,2,3,NaN
3,0,3,NaN
2,1,3,0.4011103777394731
2,1,3,NaN
3,0,3,NaN
2,1,3,NaN
2,1,3,NaN
1,2,3,NaN
1,2,3,NaN
2,1,3,0.019796251803769704
3,0,3,NaN
2,1,3,NaN
2,1,3,NaN
3,0,3,NaN
2,1,3,0.18348414923983342
3,0,3,NaN
2,1,3,NaN
3,0,3,0.4011103777394731
3,0,3,NaN
2,1,3,0.9841738135856081
1,2,3,NaN
2,1,3,NaN
2,1,3,0.00016422159887662522
3,0,3,0.04531425270758149
1,2,3,0.8652322931034484
3,0,3,0.49543559874771725
1,2,3,0.11086263273031759
2,1,3,NaN
2,1,3,0.007473039636248956
1,2,3,NaN
2,1,3,0.0006027240177229737
2,1,3,0.5417209770628222
3,0,3,NaN
2,1,3,NaN
2,1,3,0.9394569650180941
3,0,3,NaN
3,0,3,NaN
3,0,3,NaN
2,1,3,0.7092033041123709
3,0,3,NaN
1,2,3,0.24290906152647984
2,1,3,0.11881885597296148
3,0,3,0.19068372039615944
2,1,3,NaN
3,0,3,NaN
3,0,3,0.5417209770628222
1,2,3,NaN
2,1,3,NaN
3,0,3,NaN
2,1,3,0.9137791798943785
3,0,3,NaN
2,1,3,NaN
2,1,3,0.49543559874771725
1,2,3,NaN
1,2,3,0.10032275229784271
2,1,3,NaN
1,2,3,NaN
3,0,3,0.15938727449707998
3,0,3,NaN
1,2,3,NaN
2,1,3,NaN
3,0,3,0.4011103777394731
3,0,3,NaN
3,0,3,NaN
2,1,3,0.7726517314264018
3,0,3,NaN
1,2,3,NaN
2,1,3,NaN
3,0,3,NaN
1,2,3,NaN
2,1,3,0.8450772854630715
3,0,3,NaN
1,2,3,0.38951883007049515
3,0,3,NaN
1,2,3,NaN
3,0,3,NaN
1,2,3,NaN
2,1,3,NaN
3,0,3,0.5417209770628222
3,0,3,NaN
1,2,3,0.3557510427918548
1,2,3,NaN
2,1,3,NaN
2,1,3,NaN
1,2,3,NaN
1,2,3,NaN
3,0,3,NaN
2,1,3,0.13695747655435897
1,2,3,0.8827570506600473
3,0,3,NaN
1,2,3,NaN
2,1,3,NaN
1,2,3,NaN
1,2,3,0.31538291069709495
2,1,3,NaN
1,2,3,0.5865196674031864
2,1,3,NaN
3,0,3,0.5865196674031864
1,2,3,NaN
3,0,3,NaN
2,1,3,NaN
2,1,3,NaN
1,2,3,NaN
2,1,3,NaN
1,2,3,0.08612589160650815
3,0,3,NaN
3,0,3,NaN
2,1,3,NaN
3,0,3,NaN
1,2,3,0.019796251803769704
1,2,3,NaN
1,2,3,NaN
3,0,3,NaN
1,2,3,NaN
1,2,3,NaN
2,1,3,NaN
2,1,3,NaN
1,2,3,NaN
2,1,3,NaN
3,0,3,NaN
3,0,3,NaN
3,0,3,NaN
3,0,3,0.9663500458367166
1,2,3,NaN
1,2,3,0.7738393337297048
3,0,3,NaN
3,0,3,NaN
3,0,3,NaN
3,0,3,0.9272124484159221
3,0,3,NaN
2,1,3,NaN
2,1,3,NaN
3,0,3,NaN
2,1,3,0.8006696868167401
3,0,3,NaN
3,0,3,NaN
3,0,3,NaN
1,2,3,NaN
3,0,3,0.8006696868167401
1,2,3,0.18348414923983342
2,1,3,NaN
3,0,3,0.9493033010224405
3,0,3,0.08612589160650815
1,2,3,0.6698788055378292
2,1,3,NaN
3,0,3,NaN
1,2,3,NaN
3,0,3,0.4475557477195245
2,1,3,NaN
3,0,3,NaN
2,1,3,NaN
3,0,3,NaN
3,0,3,NaN
1,2,3,NaN
2,1,3,NaN
1,2,3,NaN
3,0,3,NaN
1,2,3,0.9493033010224405
2,1,3,NaN
3,0,3,NaN
2,1,3,0.10032275229784271
3,0,3,NaN
2,1,3,NaN
3,0,3,NaN
1,2,3,0.016656938369781698
2,1,3,NaN
3,0,3,NaN
2,1,3,NaN
3,0,3,NaN
2,1,3,0.9916966421839661
1,2,3,NaN
2,1,3,NaN
2,1,3,0.17600453156660253
3,0,3,NaN
3,0,3,NaN
3,0,3,0.01384068834559692
1,2,3,NaN
2,1,3,NaN
3,0,3,0.24290906152647984
1,2,3,0.6717661875924231
3,0,3,0.4475557477195245
2,1,3,NaN
2,1,3,NaN
3,0,3,NaN
2,1,3,0.631220773570296
1,2,3,NaN
2,1,3,NaN
3,0,3,0.10032275229784271
3,0,3,NaN
1,2,3,NaN
1,2,3,0.0630282359819421
3,0,3,0.4011103777394731
1,2,3,NaN
3,0,3,NaN
3,0,3,NaN
1,2,3,0.6717661875924231
2,1,3,NaN
2,1,3,NaN
3,0,3,NaN
3,0,3,NaN
2,1,3,0.07361819104140599
1,2,3,NaN
1,2,3,0.5865196674031864
3,0,3,NaN
2,1,3,NaN
3,0,3,0.21185071034975703
3,0,3,0.019796251803769704
1,2,3,NaN
1,2,3,NaN
1,2,3,NaN
3,0,3,0.04531425270758149
1,2,3,0.31876511282887343
2,1,3,0.030758156819904358
3,0,3,NaN
2,1,3,NaN
3,0,3,0.21185071034975703
2,1,3,NaN
2,1,3,0.08612589160650815
3,0,3,NaN
1,2,3,NaN
3,0,3,NaN
2,1,3,NaN
3,0,3,NaN
1,2,3,0.18348414923983342
3,0,3,NaN
2,1,3,NaN
1,2,3,NaN
2,1,3,0.023437746643316073
2,1,3,0.24290906152647984
1,2,3,NaN
3,0,3,0.49543559874771725
2,1,3,NaN
2,1,3,NaN
3,0,3,NaN
3,0,3,NaN
1,2,3,NaN
2,1,3,0.5417209770628222
3,0,3,0.49543559874771725
2,1,3,NaN
1,2,3,NaN
1,2,3,0.49543559874771725
2,1,3,NaN
2,1,3,0.04531425270758149
3,0,3,0.9272124484159221
3,0,3,0.49543559874771725
3,0,3,NaN
2,1,3,NaN
2,1,3,0.9407318892469978
1,2,3,NaN
3,0,3,NaN
1,2,3,NaN
3,0,3,NaN
1,2,3,0.48945833991568644
3,0,3,0.8827570506600473
2,1,3,NaN
2,1,3,NaN
3,0,3,NaN
3,0,3,NaN
2,1,3,NaN
2,1,3,0.9137791798943785
3,0,3,0.4475557477195245
3,0,3,NaN
3,0,3,NaN
3,0,3,NaN
2,1,3,NaN
1,2,3,NaN
2,1,3,NaN
1,2,3,NaN
1,2,3,NaN
1,2,3,NaN
2,1,3,0.13695747655435897
1,2,3,NaN
2,1,3,NaN
3,0,3,NaN
2,1,3,0.631220773570296
2,1,3,0.18348414923983342
2,1,3,0.5865196674031864
3,0,3,0.01384068834559692
1,2,3,NaN
1,2,3,NaN
3,0,3,0.9394569650180941
2,1,3,0.7092033041123709
2,1,3,0.10032275229784271
3,0,3,NaN
3,0,3,0.019796251803769704
2,1,3,0.9493033010224405
2,1,3,NaN
2,1,3,0.011335119107957231
2,1,3,NaN
2,1,3,NaN
3,0,3,NaN
2,1,3,NaN
3,0,3,NaN
1,2,3,NaN
3,0,3,NaN
1,2,3,NaN
2,1,3,NaN
3,0,3,0.07361819104140599
1,2,3,NaN
3,0,3,0.4093964428520231
3,0,3,0.5865196674031864
1,2,3,NaN
2,1,3,NaN
3,0,3,0.631220773570296
3,0,3,NaN
3,0,3,NaN
2,1,3,0.8652322931034484
1,2,3,0.5417209770628222
2,1,3,0.15938727449707998
3,0,3,0.546152762799012
3,0,3,NaN
1,2,3,0.0032344506104328807
2,1,3,NaN
3,0,3,NaN
1,2,3,0.1842136186312726
1,2,3,0.055690365552000486
3,0,3,NaN
2,1,3,NaN
3,0,3,NaN
2,1,3,0.21185071034975703
1,2,3,NaN
2,1,3,0.461000691600806
2,1,3,NaN
1,2,3,0.0006806321525892365
3,0,3,NaN
1,2,3,NaN
2,1,3,0.9590286414731528
3,0,3,NaN
3,0,3,NaN
3,0,3,NaN
3,0,3,0.8827570506600473
2,1,3,NaN
1,2,3,NaN
3,0,3,NaN
1,2,3,NaN
3,0,3,NaN
2,1,3,NaN
3,0,3,NaN
3,0,3,NaN
1,2,3,NaN
2,1,3,NaN
1,2,3,0.21185071034975703
2,1,3,NaN
3,0,3,NaN
2,1,3,NaN
2,1,3,NaN
3,0,3,0.9137791798943785
2,1,3,0.0630282359819421
1,2,3,NaN
2,1,3,NaN
1,2,3,0.5865196674031864
1,2,3,NaN
3,0,3,NaN
1,2,3,NaN
3,0,3,NaN
2,1,3,NaN
3,0,3,NaN
2,1,3,0.10032275229784271
3,0,3,0.8450772854630715
2,1,3,NaN
2,1,3,NaN
2,1,3,NaN
2,1,3,NaN
1,2,3,NaN
1,2,3,0.5865196674031864
2,1,3,0.7092033041123709
2,1,3,NaN
2,1,3,0.7726517314264018
1,2,3,NaN
1,2,3,0.5417209770628222
2,1,3,NaN
3,0,3,NaN
3,0,3,NaN
3,0,3,NaN
2,1,3,0.5417209770628222
1,2,3,NaN
1,2,3,NaN
1,2,3,0.8827570506600473
2,1,3,NaN
3,0,3,NaN
2,1,3,NaN
2,1,3,NaN
2,1,3,0.631220773570296
1,2,3,NaN
3,0,3,0.31538291069709495
1,2,3,NaN
1,2,3,NaN
2,1,3,NaN
1,2,3,0.21898357023417914
1,2,3,NaN
2,1,3,NaN
1,2,3,0.49543559874771725
3,0,3,NaN
1,2,3,NaN
3,0,3,NaN
2,1,3,0.8652322931034484
1,2,3,0.9493033010224405
1,2,3,NaN
2,1,3,NaN
1,2,3,NaN
2,1,3,0.21185071034975703
1,2,3,NaN
2,1,3,NaN
3,0,3,0.07361819104140599
1,2,3,NaN
3,0,3,NaN
3,0,3,0.8237080657963236
2,1,3,NaN
2,1,3,0.8237080657963236
3,0,3,NaN
1,2,3,0.8450772854630715
1,2,3,NaN
2,1,3,0.07057427857169761
2,1,3,0.631220773570296
3,0,3,NaN
3,0,3,0.5142466969961698
3,0,3,NaN
3,0,3,NaN
3,0,3,NaN
1,2,3,NaN
1,2,3,NaN
1,2,3,0.03831329598506057
1,2,3,0.18348414923983342
2,1,3,NaN
2,1,3,NaN
2,1,3,NaN
3,0,3,0.6717661875924231
2,1,3,NaN
2,1,3,0.7726517314264018
2,1,3,NaN
2,1,3,NaN
3,0,3,NaN
2,1,3,NaN
2,1,3,NaN
2,1,3,NaN
1,2,3,0.5865196674031864
2,1,3,NaN
1,2,3,NaN
1,2,3,0.023437746643316073
2,1,3,0.11735031057960332
1,2,3,0.21185071034975703
1,2,3,NaN
3,0,3,NaN
1,2,3,NaN
3,0,3,NaN
1,2,3,0.8450772854630715
1,2,3,0.5865196674031864
2,1,3,NaN
2,1,3,NaN
3,0,3,NaN
3,0,3,0.7423423413009405
1,2,3,NaN
1,2,3,NaN
3,0,3,NaN
1,2,3,NaN
3,0,3,NaN
2,1,3,NaN
1,2,3,NaN
3,0,3,NaN
2,1,3,0.631220773570296
3,0,3,0.08612589160650815
2,1,3,NaN
1,2,3,0.8450772854630715
3,0,3,NaN
1,2,3,0.4011103777394731
2,1,3,0.7092033041123709
2,1,3,NaN
2,1,3,NaN
2,1,3,NaN
2,1,3,0.11881885597296148
2,1,3,NaN
1,2,3,0.6717661875924231
3,0,3,NaN
1,2,3,NaN
2,1,3,NaN
2,1,3,0.9453741860157817
3,0,3,NaN
3,0,3,0.8017070843095779
3,0,3,0.9733084005106692
1,2,3,0.8237080657963236
2,1,3,NaN
2,1,3,0.08612589160650815
2,1,3,NaN
3,0,3,0.4475557477195245
3,0,3,NaN
2,1,3,NaN
3,0,3,NaN
2,1,3,NaN
1,2,3,0.7726517314264018
2,1,3,NaN
1,2,3,NaN
2,1,3,NaN
1,2,3,NaN
1,2,3,0.4011103777394731
1,2,3,NaN
3,0,3,NaN
2,1,3,0.15938727449707998
1,2,3,NaN
2,1,3,NaN
3,0,3,NaN
3,0,3,0.4475557477195245
3,0,3,NaN
3,0,3,NaN
1,2,3,NaN
1,2,3,NaN
2,1,3,NaN
2,1,3,0.6717661875924231
3,0,3,NaN
2,1,3,0.9001259164326818
3,0,3,NaN
1,2,3,NaN
1,2,3,NaN
2,1,3,NaN
2,1,3,NaN
1,2,3,NaN
1,2,3,NaN
2,1,3,NaN
3,0,3,NaN
3,0,3,NaN
2,1,3,NaN
2,1,3,0.631220773570296
3,0,3,NaN
2,1,3,NaN
2,1,3,NaN
3,0,3,NaN
3,0,3,NaN
1,2,3,0.5669672448310068
2,1,3,NaN
1,2,3,NaN
3,0,3,NaN
1,2,3,0.5865196674031864
3,0,3,0.4475557477195245
3,0,3,0.9272124484159221
1,2,3,NaN
2,1,3,0.4155618969404342
1,2,3,NaN
1,2,3,NaN
3,0,3,NaN
1,2,3,NaN
2,1,3,NaN
2,1,3,NaN
1,2,3,NaN
1,2,3,NaN
2,1,3,NaN
3,0,3,0.24290906152647984
1,2,3,0.5865196674031864
2,1,3,0.007349342594627595
1,2,3,0.8237080657963236
3,0,3,NaN
3,0,3,NaN
1,2,3,0.21369630969567505
3,0,3,0.631220773570296
2,1,3,NaN
1,2,3,0.8237080657963236
3,0,3,NaN
2,1,3,NaN
2,1,3,NaN
1,2,3,NaN
1,2,3,0.04531425270758149
2,1,3,0.5940785884460495
3,0,3,NaN
2,1,3,0.49543559874771725
3,0,3,0.7092033041123709
1,2,3,NaN
3,0,3,NaN
2,1,3,NaN
2,1,3,0.08612589160650815
1,2,3,0.6717661875924231
1,2,3,NaN
3,0,3,0.5865196674031864
1,2,3,0.9001259164326818
2,1,3,NaN
2,1,3,0.7726517314264018
1,2,3,0.9550365032141755
3,0,3,NaN
3,0,3,NaN
2,1,3,0.24290906152647984
1,2,3,0.5865196674031864
2,1,3,NaN
3,0,3,0.8237080657963236
2,1,3,NaN
2,1,3,NaN
1,2,3,NaN
3,0,3,NaN
1,2,3,NaN
3,0,3,NaN
3,0,3,0.07361819104140599
3,0,3,NaN
1,2,3,0.21185071034975703
3,0,3,NaN
2,1,3,NaN
1,2,3,NaN
2,1,3,NaN
3,0,3,NaN
3,0,3,NaN
1,2,3,NaN
1,2,3,0.2783692877527476
2,1,3,0.7423423413009405
1,2,3,0.24290906152647984
2,1,3,0.006162005486132496
3,0,3,NaN
2,1,3,NaN
2,1,3,0.4011103777394731
3,0,3,NaN
2,1,3,0.4475557477195245
1,2,3,NaN
3,0,3,NaN
1,2,3,NaN
1,2,3,NaN
3,0,3,0.9590286414731528
1,2,3,NaN
3,0,3,NaN
3,0,3,NaN
1,2,3,0.9493033010224405
2,1,3,NaN
1,2,3,NaN
1,2,3,NaN
2,1,3,NaN
1,2,3,0.2783692877527476
1,2,3,0.662803924606588
1,2,3,0.7921036530766452
2,1,3,0.49543559874771725
1,2,3,NaN
3,0,3,0.631220773570296
3,0,3,0.0068712122324491405
2,1,3,NaN
2,1,3,NaN
2,1,3,NaN
2,1,3,0.2783692877527476
1,2,3,NaN
1,2,3,0.7423423413009405
1,2,3,NaN
2,1,3,NaN
2,1,3,0.04531425270758149
2,1,3,0.7423423413009405
3,0,3,NaN
2,1,3,NaN
2,1,3,0.8827570506600473
1,2,3,NaN
1,2,3,NaN
1,2,3,NaN
3,0,3,0.6717661875924231
3,0,3,NaN
2,1,3,NaN
3,0,3,0.631220773570296
2,1,3,NaN
2,1,3,0.48051069260604495
3,0,3,NaN
3,0,3,0.8652322931034484
3,0,3,0.631220773570296
3,0,3,NaN
2,1,3,NaN
3,0,3,0.2783692877527476
1,2,3,0.2783692877527476
1,2,3,NaN
1,2,3,0.21185071034975703
2,1,3,NaN
2,1,3,NaN
1,2,3,0.9001259164326818
2,1,3,NaN
2,1,3,NaN
2,1,3,NaN
1,2,3,NaN
1,2,3,NaN
2,1,3,0.5417209770628222
2,1,3,NaN
1,2,3,0.24290906152647984
1,2,3,NaN
3,0,3,NaN
1,2,3,0.31538291069709495
2,1,3,0.9222047163123048
1,2,3,NaN
1,2,3,NaN
1,2,3,0.8237080657963236
2,1,3,0.8006696868167401
3,0,3,NaN
3,0,3,NaN
2,1,3,NaN
2,1,3,NaN
3,0,3,NaN
1,2,3,0.5865196674031864
2,1,3,NaN
3,0,3,NaN
3,0,3,NaN
2,1,3,0.04531425270758149
2,1,3,0.3557510427918548
1,2,3,0.5737458270684518
1,2,3,NaN
1,2,3,NaN
2,1,3,NaN
1,2,3,NaN
2,1,3,NaN
1,2,3,NaN
2,1,3,NaN
3,0,3,0.5865196674031864
1,2,3,NaN
1,2,3,NaN
1,2,3,NaN
2,1,3,NaN
1,2,3,NaN
2,1,3,NaN
2,1,3,NaN
3,0,3,NaN
3,0,3,NaN
2,1,3,0.13695747655435897
3,0,3,NaN
3,0,3,NaN
1,2,3,NaN
2,1,3,NaN
3,0,3,NaN
1,2,3,NaN
3,0,3,NaN
3,0,3,NaN
2,1,3,NaN
3,0,3,0.7726517314264018
3,0,3,NaN
1,2,3,0.016656938369781698
2,1,3,NaN
1,2,3,0.7726517314264018
3,0,3,NaN
1,2,3,NaN
1,2,3,0.13695747655435897
2,1,3,NaN
3,0,3,NaN
3,0,3,NaN
1,2,3,NaN
1,2,3,NaN
3,0,3,NaN
1,2,3,NaN
3,0,3,NaN
1,2,3,NaN
3,0,3,0.9493033010224405
2,1,3,0.5865196674031864
2,1,3,NaN
3,0,3,NaN
3,0,3,NaN
3,0,3,NaN
2,1,3,NaN
2,1,3,NaN
2,1,3,NaN
2,1,3,NaN
3,0,3,NaN
3,0,3,NaN
3,0,3,NaN
2,1,3,0.4011103777394731
2,1,3,NaN
1,2,3,NaN
1,2,3,NaN
2,1,3,NaN
2,1,3,0.9643152903175389
1,2,3,0.21185071034975703
1,2,3,0.7092033041123709
3,0,3,0.9037646723138313
1,2,3,0.7726517314264018
1,2,3,NaN
2,1,3,NaN
2,1,3,NaN
2,1,3,NaN
1,2,3,0.9915775197266072
2,1,3,NaN
2,1,3,NaN
2,1,3,NaN
1,2,3,NaN
3,0,3,NaN
2,1,3,NaN
2,1,3,0.8006696868167401
2,1,3,0.5417209770628222
3,0,3,0.8237080657963236
3,0,3,0.735914938752462
3,0,3,0.5417209770628222
3,0,3,0.04531425270758149
2,1,3,NaN
1,2,3,0.7423423413009405
1,2,3,NaN
1,2,3,0.023437746643316073
2,1,3,0.3557510427918548
3,0,3,NaN
3,0,3,0.21185071034975703
2,1,3,NaN
2,1,3,NaN
3,0,3,NaN
2,1,3,0.8006696868167401
2,1,3,0.631220773570296
2,1,3,0.24290906152647984
3,0,3,0.4475557477195245
2,1,3,NaN
3,0,3,NaN
2,1,3,NaN
3,0,3,NaN
2,1,3,NaN
2,1,3,NaN
1,2,3,NaN
1,2,3,NaN
2,1,3,NaN
3,0,3,NaN
1,2,3,0.9272124484159221
2,1,3,0.5865196674031864
1,2,3,NaN
2,1,3,NaN
1,2,3,0.9272124484159221
1,2,3,0.49543559874771725
2,1,3,0.13695747655435897
1,2,3,0.31538291069709495
3,0,3,0.2783692877527476
3,0,3,NaN
1,2,3,0.49543559874771725
2,1,3,NaN
1,2,3,0.49543559874771725
2,1,3,NaN
1,2,3,NaN
1,2,3,NaN
2,1,3,NaN
1,2,3,NaN
2,1,3,0.21185071034975703
2,1,3,NaN
3,0,3,0.31538291069709495
1,2,3,NaN
2,1,3,NaN
2,1,3,NaN
2,1,3,0.3557510427918548
1,2,3,NaN
3,0,3,NaN
2,1,3,NaN
2,1,3,NaN
1,2,3,NaN
2,1,3,0.019796251803769704
2,1,3,0.4011103777394731
3,0,3,0.6717661875924231
2,1,3,NaN
1,2,3,NaN
2,1,3,0.24290906152647984
1,2,3,NaN
1,2,3,NaN
3,0,3,0.04531425270758149
1,2,3,NaN
3,0,3,NaN
1,2,3,NaN
3,0,3,NaN
3,0,3,0.31538291069709495
2,1,3,NaN
2,1,3,0.21185071034975703
3,0,3,NaN
2,1,3,0.4011103777394731
1,2,3,0.03831329598506057
3,0,3,NaN
1,2,3,NaN
2,1,3,NaN
3,0,3,0.8237080657963236
3,0,3,NaN
2,1,3,NaN
1,2,3,0.7656968560480337
3,0,3,0.4011103777394731
3,0,3,0.4011103777394731
1,2,3,NaN
2,1,3,NaN
2,1,3,NaN
1,2,3,0.49543559874771725
1,2,3,NaN
2,1,3,NaN
1,2,3,NaN
2,1,3,NaN
2,1,3,NaN
3,0,3,NaN
2,1,3,NaN
2,1,3,NaN
3,0,3,0.5417209770628222
3,0,3,NaN
2,1,3,NaN
2,1,3,NaN
1,2,3,NaN
3,0,3,NaN
1,2,3,NaN
2,1,3,NaN
1,2,3,NaN
3,0,3,NaN
3,0,3,NaN
1,2,3,NaN
3,0,3,NaN
2,1,3,0.31538291069709495
2,1,3,NaN
3,0,3,NaN
2,1,3,0.8450772854630715
2,1,3,NaN
3,0,3,0.5183374556419776
2,1,3,NaN
1,2,3,0.6717661875924231
1,2,3,NaN
2,1,3,0.7423423413009405
1,2,3,NaN
3,0,3,0.8006696868167401
2,1,3,NaN
3,0,3,0.11735031057960332
1,2,3,NaN
2,1,3,0.3557510427918548
2,1,3,0.4475557477195245
2,1,3,NaN
1,2,3,NaN
3,0,3,NaN
2,1,3,NaN
3,0,3,NaN
2,1,3,0.08612589160650815
3,0,3,0.8450772854630715
1,2,3,NaN
1,2,3,0.21185071034975703
1,2,3,NaN
3,0,3,0.8450772854630715
2,1,3,NaN
2,1,3,NaN
2,1,3,NaN
3,0,3,NaN
2,1,3,NaN
1,2,3,0.0015506799637766114
1,2,3,NaN
2,1,3,NaN
2,1,3,NaN
3,0,3,NaN
1,2,3,1.2315763881741952e-5
1,2,3,NaN
1,2,3,NaN
3,0,3,NaN
3,0,3,NaN
1,2,3,0.19101133127478886
1,2,3,NaN
1,2,3,NaN
1,2,3,NaN
2,1,3,NaN
1,2,3,NaN
1,2,3,NaN
1,2,3,0.9590286414731528
3,0,3,0.3557510427918548
3,0,3,NaN
1,2,3,NaN
3,0,3,0.973338835487004
1,2,3,NaN
3,0,3,0.5417209770628222
2,1,3,NaN
3,0,3,NaN
1,2,3,NaN
1,2,3,NaN
1,2,3,NaN
2,1,3,0.7423423413009405
1,2,3,NaN
1,2,3,NaN
2,1,3,NaN
2,1,3,0.060587282457580494
2,1,3,0.5417209770628222
1,2,3,0.8006696868167401
1,2,3,NaN
2,1,3,NaN
3,0,3,0.5865196674031864
2,1,3,0.469883223005602
1,2,3,NaN
2,1,3,NaN
2,1,3,0.8829429294070849
1,2,3,NaN
2,1,3,0.8237080657963236
1,2,3,NaN
1,2,3,NaN
2,1,3,NaN
1,2,3,NaN
2,1,3,0.9740531148938489
3,0,3,0.22498386269722465
2,1,3,NaN
1,2,3,NaN
2,1,3,NaN
1,2,3,NaN
1,2,3,NaN
2,1,3,NaN
2,1,3,0.03831329598506057
3,0,3,NaN
3,0,3,NaN
3,0,3,0.14315904395014004
2,1,3,NaN
2,1,3,NaN
2,1,3,0.5865196674031864
2,1,3,0.596977664396597
3,0,3,0.04531425270758149
2,1,3,NaN
2,1,3,0.4475557477195245
1,2,3,0.16164647645269392
2,1,3,0.10032275229784271
2,1,3,0.019950534006185374
2,1,3,NaN
1,2,3,NaN
1,2,3,NaN
1,2,3,0.07410943283789428
3,0,3,NaN
1,2,3,NaN
3,0,3,NaN
2,1,3,NaN
3,0,3,NaN
2,1,3,0.8827570506600473
2,1,3,NaN
1,2,3,0.03831329598506057
3,0,3,NaN
3,0,3,NaN
3,0,3,NaN
2,1,3,NaN
2,1,3,NaN
1,2,3,NaN
2,1,3,0.13695747655435897
2,1,3,NaN
1,2,3,NaN
2,1,3,NaN
3,0,3,NaN
3,0,3,0.8006696868167401
2,1,3,0.3557510427918548
2,1,3,NaN
1,2,3,NaN
3,0,3,NaN
3,0,3,0.3557510427918548
3,0,3,NaN
2,1,3,NaN
3,0,3,0.5417209770628222
1,2,3,NaN
2,1,3,0.18348414923983342
3,0,3,NaN
1,2,3,NaN
3,0,3,NaN
1,2,3,0.9663500458367166
2,1,3,NaN
3,0,3,0.31538291069709495
1,2,3,NaN
1,2,3,NaN
3,0,3,NaN
2,1,3,NaN
2,1,3,0.5865196674031864
3,0,3,NaN
3,0,3,NaN
1,2,3,NaN
1,2,3,0.784231509969405
1,2,3,0.9789190809366978
3,0,3,NaN
3,0,3,NaN
2,1,3,NaN
3,0,3,NaN
1,2,3,NaN
2,1,3,NaN
1,2,3,NaN
3,0,3,NaN
3,0,3,NaN
1,2,3,0.5865196674031864
1,2,3,NaN
3,0,3,0.8679189613997627
2,1,3,NaN
1,2,3,NaN
1,2,3,0.5417209770628222
2,1,3,NaN
2,1,3,0.8006696868167401
3,0,3,0.631220773570296
1,2,3,0.0003782400589819402
1,2,3,NaN
1,2,3,NaN
2,1,3,0.24290906152647984
1,2,3,0.631220773570296
1,2,3,NaN
2,1,3,NaN
1,2,3,0.04531425270758149
2,1,3,0.5427791979508634
2,1,3,0.21185071034975703
1,2,3,0.18348414923983342
3,0,3,0.6717661875924231
1,2,3,NaN
1,2,3,NaN
1,2,3,NaN
3,0,3,NaN
2,1,3,NaN
1,2,3,NaN
2,1,3,NaN
3,0,3,NaN
2,1,3,0.6717661875924231
1,2,3,NaN
2,1,3,0.023437746643316073
3,0,3,0.9841738135856081
1,2,3,0.7726517314264018
1,2,3,0.7726517314264018
2,1,3,0.8462455523832452
2,1,3,0.4475557477195245
2,1,3,0.04531425270758149
2,1,3,NaN
2,1,3,NaN
2,1,3,0.7433590367901758
2,1,3,NaN
1,2,3,NaN
1,2,3,NaN
2,1,3,NaN
3,0,3,NaN
3,0,3,0.6717661875924231
1,2,3,NaN
3,0,3,0.5865196674031864
1,2,3,NaN
3,0,3,NaN
2,1,3,0.7092033041123709
3,0,3,0.0009212908873981543
1,2,3,NaN
2,1,3,NaN
1,2,3,0.2783692877527476
2,1,3,NaN
2,1,3,0.08612589160650815
2,1,3,NaN
2,1,3,NaN
1,2,3,NaN
2,1,3,0.18348414923983342
3,0,3,NaN
3,0,3,0.8006696868167401
1,2,3,NaN
3,0,3,NaN
1,2,3,0.11881885597296148
1,2,3,NaN
2,1,3,NaN
3,0,3,NaN
2,1,3,0.10032275229784271
3,0,3,NaN
1,2,3,0.9335053885363508
1,2,3,NaN
3,0,3,0.37397752118075256
2,1,3,NaN
3,0,3,NaN
1,2,3,NaN
2,1,3,NaN
2,1,3,NaN
2,1,3,NaN
1,2,3,0.7074836137119663
1,2,3,0.006162005486132496
3,0,3,0.5417209770628222
1,2,3,NaN
1,2,3,0.7092033041123709
1,2,3,NaN
2,1,3,NaN
1,2,3,NaN
2,1,3,0.5237310479321983
1,2,3,NaN
3,0,3,0.5865196674031864
1,2,3,0.10528657409123422
3,0,3,0.11735031057960332
2,1,3,NaN
1,2,3,NaN
3,0,3,NaN
1,2,3,0.08612589160650815
1,2,3,0.9001259164326818
3,0,3,NaN
1,2,3,0.7234577439877888
1,2,3,0.4011103777394731
3,0,3,0.7166163546831145
2,1,3,0.6717661875924231
2,1,3,0.24290906152647984
1,2,3,0.49543559874771725
2,1,3,NaN
3,0,3,0.8006696868167401
1,2,3,NaN
1,2,3,NaN
1,2,3,NaN
1,2,3,NaN
1,2,3,NaN
1,2,3,NaN
2,1,3,NaN
2,1,3,0.019796251803769704
1,2,3,0.02787455723542097
1,2,3,NaN
3,0,3,NaN
3,0,3,0.49543559874771725
2,1,3,NaN
2,1,3,NaN
3,0,3,NaN
1,2,3,0.007349342594627595
3,0,3,0.007273989939006775
1,2,3,NaN
3,0,3,NaN
3,0,3,NaN
1,2,3,0.11735031057960332
3,0,3,NaN
3,0,3,NaN
2,1,3,NaN
1,2,3,NaN
3,0,3,0.13695747655435897
1,2,3,NaN
1,2,3,NaN
2,1,3,NaN
1,2,3,0.631220773570296
1,2,3,0.049259890554971
2,1,3,0.8827570506600473
3,0,3,NaN
1,2,3,NaN
3,0,3,0.4011103777394731
1,2,3,0.5417209770628222
1,2,3,NaN
1,2,3,NaN
3,0,3,NaN
3,0,3,NaN
1,2,3,NaN
3,0,3,NaN
1,2,3,NaN
3,0,3,NaN
1,2,3,0.5865196674031864
2,1,3,NaN
1,2,3,0.7092033041123709
1,2,3,0.2668400346081453
1,2,3,NaN
2,1,3,0.053556438906752275
1,2,3,0.32135031818130005
1,2,3,NaN
3,0,3,0.3557510427918548
2,1,3,NaN
3,0,3,NaN
1,2,3,NaN
1,2,3,NaN
2,1,3,0.04531425270758149
3,0,3,NaN
1,2,3,NaN
3,0,3,0.9789190809366978
2,1,3,NaN
2,1,3,NaN
2,1,3,NaN
3,0,3,0.31139667015434735
2,1,3,NaN
2,1,3,0.01384068834559692
1,2,3,0.0924971579505958
3,0,3,0.24290906152647984
2,1,3,0.7423423413009405
2,1,3,0.08612589160650815
2,1,3,NaN
2,1,3,NaN
3,0,3,NaN
2,1,3,0.21185071034975703
2,1,3,NaN
2,1,3,0.6717661875924231
1,2,3,NaN
2,1,3,NaN
2,1,3,NaN
1,2,3,NaN
2,1,3,0.07361819104140599
3,0,3,NaN
1,2,3,NaN
2,1,3,NaN
1,2,3,0.0630282359819421
1,2,3,0.07361819104140599
3,0,3,0.8237080657963236
3,0,3,NaN
3,0,3,0.9733084005106692
2,1,3,NaN
1,2,3,NaN
3,0,3,NaN
2,1,3,NaN
2,1,3,NaN
2,1,3,0.4475557477195245
1,2,3,0.9001259164326818
2,1,3,0.4011103777394731
2,1,3,0.04531425270758149
1,2,3,NaN
1,2,3,NaN
1,2,3,NaN
1,2,3,NaN
2,1,3,0.003667812051649711
2,1,3,0.24290906152647984
2,1,3,NaN
2,1,3,0.9047853618061095
1,2,3,NaN
2,1,3,NaN
2,1,3,0.8237080657963236
2,1,3,0.24290906152647984
1,2,3,0.5805799146366137
1,2,3,NaN
2,1,3,NaN
2,1,3,NaN
3,0,3,0.8006696868167401
1,2,3,0.8279889650680171
1,2,3,0.8006696868167401
2,1,3,0.7726517314264018
1,2,3,0.6717661875924231
1,2,3,0.8652322931034484
1,2,3,0.0630282359819421
1,2,3,NaN
3,0,3,NaN
2,1,3,NaN
3,0,3,0.9001259164326818
2,1,3,NaN
3,0,3,NaN
3,0,3,0.5022467846173346
1,2,3,NaN
1,2,3,NaN
3,0,3,NaN
3,0,3,NaN
2,1,3,0.0630282359819421
2,1,3,NaN
3,0,3,NaN
1,2,3,NaN
3,0,3,NaN
3,0,3,NaN
1,2,3,NaN
1,2,3,0.014521816806637371
2,1,3,0.10032275229784271
1,2,3,NaN
2,1,3,NaN
3,0,3,NaN
2,1,3,NaN
2,1,3,0.7726517314264018
1,2,3,NaN
1,2,3,0.21185071034975703
1,2,3,NaN
1,2,3,NaN
3,0,3,0.49543559874771725
2,1,3,NaN
2,1,3,NaN
1,2,3,NaN
1,2,3,0.006162005486132496
3,0,3,NaN
1,2,3,NaN
3,0,3,0.03831329598506057
3,0,3,0.18348414923983342
3,0,3,NaN
1,2,3,0.07361819104140599
2,1,3,NaN
1,2,3,NaN
2,1,3,NaN
1,2,3,NaN
1,2,3,0.9663500458367166
1,2,3,0.4475557477195245
1,2,3,NaN
1,2,3,NaN
2,1,3,NaN
2,1,3,NaN
1,2,3,NaN
1,2,3,0.15938727449707998
1,2,3,NaN
2,1,3,0.8493614973272341
3,0,3,NaN
1,2,3,NaN
2,1,3,0.07361819104140599
1,2,3,NaN
2,1,3,NaN
2,1,3,NaN
3,0,3,0.631220773570296
3,0,3,0.02787455723542097
2,1,3,NaN
1,2,3,NaN
1,2,3,NaN
3,0,3,NaN
1,2,3,NaN
2,1,3,NaN
3,0,3,NaN
1,2,3,0.8450772854630715
1,2,3,0.9663500458367166
3,0,3,NaN
1,2,3,NaN
2,1,3,NaN
1,2,3,0.04531425270758149
2,1,3,NaN
2,1,3,0.9394569650180941
2,1,3,NaN
1,2,3,0.0003337935247393891
3,0,3,NaN
1,2,3,NaN
1,2,3,NaN
2,1,3,NaN
2,1,3,NaN
2,1,3,NaN
1,2,3,NaN
3,0,3,0.10032275229784271
1,2,3,NaN
3,0,3,0.4475557477195245
2,1,3,0.662803924606588
1,2,3,NaN
2,1,3,NaN
3,0,3,NaN
2,1,3,NaN
1,2,3,NaN
2,1,3,0.2065499439122985
1,2,3,0.03831329598506057
1,2,3,0.15938727449707998
1,2,3,NaN
3,0,3,NaN
2,1,3,0.8652322931034484
3,0,3,NaN
1,2,3,NaN
1,2,3,0.3257757903334994
3,0,3,NaN
1,2,3,0.9137791798943785
3,0,3,NaN
1,2,3,NaN
1,2,3,NaN
3,0,3,0.8652322931034484
1,2,3,NaN
1,2,3,NaN
2,1,3,NaN
3,0,3,0.9394569650180941
1,2,3,0.9272124484159221
2,1,3,NaN
1,2,3,NaN
1,2,3,NaN
3,0,3,NaN
2,1,3,0.9001259164326818
1,2,3,NaN
2,1,3,NaN
2,1,3,0.6717661875924231
2,1,3,NaN
1,2,3,NaN
3,0,3,0.003667812051649711
1,2,3,0.9394569650180941
2,1,3,0.9789190809366978
3,0,3,0.49543559874771725
2,1,3,NaN
3,0,3,0.3557510427918548
1,2,3,0.016656938369781698
2,1,3,NaN
1,2,3,NaN
3,0,3,NaN
3,0,3,0.631220773570296
3,0,3,0.24076794488549014
2,1,3,0.7092033041123709
2,1,3,NaN
2,1,3,0.8958762517401009
3,0,3,NaN
3,0,3,0.11735031057960332
1,2,3,0.9733084005106692
1,2,3,0.9137791798943785
1,2,3,NaN
2,1,3,NaN
1,2,3,NaN
2,1,3,NaN
2,1,3,NaN
1,2,3,NaN
1,2,3,NaN
1,2,3,NaN
2,1,3,NaN
3,0,3,0.10954400898331997
1,2,3,0.032853775051729074
2,1,3,0.3257757903334994
3,0,3,NaN
1,2,3,NaN
2,1,3,NaN
3,0,3,NaN
3,0,3,0.31538291069709495
3,0,3,NaN
1,2,3,0.0015898250843467197
3,0,3,NaN
2,1,3,0.7092033041123709
1,2,3,NaN
1,2,3,NaN
1,2,3,0.9001259164326818
1,2,3,NaN
2,1,3,0.631220773570296
2,1,3,NaN
3,0,3,NaN
1,2,3,NaN
3,0,3,0.31538291069709495
2,1,3,NaN
3,0,3,NaN
2,1,3,NaN
2,1,3,NaN
1,2,3,NaN
1,2,3,0.9916966421839661
1,2,3,0.6101717257400829
1,2,3,NaN
3,0,3,0.31538291069709495
3,0,3,0.24290906152647984
1,2,3,0.5417209770628222
1,2,3,0.7423423413009405
2,1,3,NaN
3,0,3,NaN
1,2,3,NaN
3,0,3,0.6717661875924231
2,1,3,0.3557510427918548
2,1,3,NaN
3,0,3,0.4011103777394731
3,0,3,NaN
3,0,3,NaN
2,1,3,NaN
2,1,3,NaN
1,2,3,0.6717661875924231
1,2,3,0.15938727449707998
2,1,3,NaN
3,0,3,0.8237080657963236
3,0,3,NaN
3,0,3,NaN
3,0,3,0.2783692877527476
1,2,3,0.5417209770628222
3,0,3,0.24290906152647984
1,2,3,NaN
1,2,3,NaN
2,1,3,0.7423423413009405
1,2,3,NaN
3,0,3,0.33070721322117175
2,1,3,NaN
1,2,3,0.631220773570296
2,1,3,0.02787455723542097
1,2,3,0.00016422159887662522
1,2,3,NaN
2,1,3,NaN
2,1,3,0.9789190809366978
3,0,3,0.07361819104140599
3,0,3,NaN
3,0,3,0.7092033041123709
1,2,3,NaN
1,2,3,NaN
1,2,3,0.8600581479035513
1,2,3,NaN
2,1,3,NaN
2,1,3,NaN
1,2,3,0.8827570506600473
3,0,3,NaN
1,2,3,0.7423423413009405
3,0,3,NaN
2,1,3,NaN
2,1,3,NaN
1,2,3,NaN
1,2,3,0.019796251803769704
1,2,3,0.032853775051729074
2,1,3,NaN
2,1,3,NaN
3,0,3,0.4475557477195245
3,0,3,0.2783692877527476
1,2,3,NaN
2,1,3,NaN
3,0,3,NaN
1,2,3,NaN
2,1,3,NaN
2,1,3,NaN
1,2,3,0.7092033041123709
2,1,3,NaN
2,1,3,NaN
2,1,3,0.3557510427918548
2,1,3,NaN
3,0,3,NaN
3,0,3,0.4011103777394731
1,2,3,0.21185071034975703
3,0,3,NaN
3,0,3,0.5417209770628222
3,0,3,NaN
2,1,3,NaN
2,1,3,0.4011103777394731
3,0,3,NaN
2,1,3,0.2783692877527476
2,1,3,NaN
3,0,3,NaN
1,2,3,NaN
2,1,3,0.07361819104140599
3,0,3,0.8006696868167401
3,0,3,NaN
3,0,3,0.7726517314264018
3,0,3,NaN
1,2,3,0.5737458270684518
3,0,3,NaN
1,2,3,NaN
1,2,3,NaN
3,0,3,NaN
1,2,3,NaN
2,1,3,NaN
1,2,3,0.5417209770628222
2,1,3,0.9841738135856081
3,0,3,0.8652322931034484
2,1,3,NaN
3,0,3,0.4475557477195245
1,2,3,NaN
2,1,3,NaN
3,0,3,0.4475557477195245
3,0,3,0.11448489346761681
3,0,3,NaN
2,1,3,NaN
3,0,3,NaN
1,2,3,0.032853775051729074
1,2,3,0.8652322931034484
1,2,3,NaN
3,0,3,0.31538291069709495
3,0,3,NaN
1,2,3,0.5865196674031864
2,1,3,NaN
1,2,3,0.49543559874771725
2,1,3,NaN
2,1,3,NaN
2,1,3,NaN
2,1,3,NaN
1,2,3,NaN
3,0,3,0.631220773570296
1,2,3,0.7092033041123709
2,1,3,NaN
1,2,3,0.8450772854630715
1,2,3,NaN
1,2,3,NaN
2,1,3,NaN
1,2,3,NaN
2,1,3,0.8827570506600473
1,2,3,NaN
2,1,3,0.5865196674031864
3,0,3,NaN
2,1,3,0.4475557477195245
3,0,3,NaN
3,0,3,0.7506126132473532
1,2,3,0.24290906152647984
1,2,3,0.5865196674031864
1,2,3,0.7092033041123709
1,2,3,NaN
1,2,3,NaN
2,1,3,0.8450772854630715
2,1,3,NaN
1,2,3,NaN
2,1,3,NaN
1,2,3,0.5865196674031864
1,2,3,NaN
1,2,3,0.9663500458367166
1,2,3,NaN
1,2,3,0.3557510427918548
2,1,3,NaN
2,1,3,NaN
1,2,3,NaN
2,1,3,NaN
2,1,3,0.8827570506600473
3,0,3,NaN
3,0,3,NaN
3,0,3,0.9137791798943785
1,2,3,NaN
3,0,3,NaN
2,1,3,NaN
1,2,3,0.07361819104140599
1,2,3,NaN
2,1,3,0.23737763128062828
1,2,3,0.5865196674031864
1,2,3,NaN
1,2,3,NaN
3,0,3,0.21185071034975703
3,0,3,NaN
1,2,3,0.3368416998819596
3,0,3,0.032853775051729074
1,2,3,NaN
3,0,3,0.9493033010224405
1,2,3,NaN
3,0,3,NaN
2,1,3,0.9916966421839661
2,1,3,0.31538291069709495
2,1,3,NaN
2,1,3,0.7726517314264018
3,0,3,NaN
1,2,3,NaN
2,1,3,NaN
2,1,3,0.0630282359819421
1,2,3,0.8237080657963236
1,2,3,NaN
1,2,3,0.10032275229784271
2,1,3,NaN
2,1,3,NaN
3,0,3,NaN
1,2,3,NaN
1,2,3,NaN
1,2,3,NaN
2,1,3,0.023437746643316073
3,0,3,NaN
3,0,3,0.631220773570296
3,0,3,NaN
1,2,3,0.03831329598506057
2,1,3,0.31538291069709495
1,2,3,NaN
1,2,3,NaN
1,2,3,NaN
3,0,3,0.17638798005766676
2,1,3,0.9001259164326818
3,0,3,NaN
1,2,3,NaN
2,1,3,0.4475557477195245
3,0,3,0.9272124484159221
3,0,3,0.9789190809366978
3,0,3,NaN
1,2,3,NaN
3,0,3,NaN
1,2,3,0.31538291069709495
2,1,3,0.4475557477195245
1,2,3,NaN
1,2,3,0.9421367887253204
3,0,3,0.24290906152647984
3,0,3,0.8443251722607275
3,0,3,NaN
1,2,3,0.06295827575867896
3,0,3,0.6717661875924231
3,0,3,NaN
1,2,3,NaN
3,0,3,NaN
2,1,3,0.053556438906752275
3,0,3,NaN
2,1,3,0.24290906152647984
1,2,3,NaN
1,2,3,0.7092033041123709
1,2,3,NaN
1,2,3,0.2942871780591215
2,1,3,0.5865196674031864
1,2,3,NaN
2,1,3,NaN
1,2,3,NaN
1,2,3,NaN
2,1,3,0.5865196674031864
2,1,3,0.04531425270758149
3,0,3,NaN
1,2,3,0.011335119107957231
2,1,3,NaN
1,2,3,NaN
2,1,3,NaN
2,1,3,0.4475557477195245
1,2,3,0.0630282359819421
3,0,3,0.11735031057960332
1,2,3,NaN
1,2,3,NaN
1,2,3,0.9493033010224405
3,0,3,0.631220773570296
1,2,3,NaN
2,1,3,NaN
1,2,3,0.8652322931034484
2,1,3,NaN
3,0,3,0.4011103777394731
2,1,3,NaN
2,1,3,NaN
2,1,3,NaN
1,2,3,NaN
3,0,3,NaN
1,2,3,NaN
2,1,3,NaN
3,0,3,NaN
3,0,3,NaN
1,2,3,NaN
2,1,3,NaN
2,1,3,NaN
3,0,3,0.6163604147416746
3,0,3,NaN
3,0,3,NaN
1,2,3,NaN
1,2,3,0.8123990935260732
1,2,3,NaN
1,2,3,NaN
3,0,3,0.08612589160650815
2,1,3,0.9272124484159221
2,1,3,NaN
1,2,3,NaN
1,2,3,NaN
3,0,3,NaN
2,1,3,NaN
1,2,3,NaN
1,2,3,0.04531425270758149
3,0,3,NaN
1,2,3,0.26375997158699477
2,1,3,0.3557510427918548
1,2,3,NaN
1,2,3,0.24290906152647984
1,2,3,0.631220773570296
1,2,3,NaN
1,2,3,NaN
1,2,3,0.8006696868167401
1,2,3,0.9733084005106692
2,1,3,0.7423423413009405
1,2,3,NaN
1,2,3,NaN
3,0,3,NaN
2,1,3,NaN
3,0,3,NaN
2,1,3,NaN
3,0,3,NaN
1,2,3,NaN
1,2,3,NaN
1,2,3,NaN
1,2,3,NaN
1,2,3,0.5865196674031864
1,2,3,0.6078036258336132
2,1,3,NaN
1,2,3,NaN
1,2,3,NaN
1,2,3,0.21185071034975703
2,1,3,NaN
1,2,3,0.18348414923983342
1,2,3,0.15938727449707998
1,2,3,NaN
3,0,3,NaN
1,2,3,NaN
1,2,3,0.8827570506600473
1,2,3,NaN
3,0,3,NaN
3,0,3,NaN
1,2,3,NaN
2,1,3,0.5865196674031864
1,2,3,NaN
1,2,3,0.0630282359819421
2,1,3,NaN
3,0,3,0.9001259164326818
3,0,3,0.8006696868167401
1,2,3,NaN
1,2,3,0.023437746643316073
3,0,3,NaN
2,1,3,NaN
1,2,3,0.8237080657963236
1,2,3,NaN
1,2,3,NaN
1,2,3,NaN
2,1,3,0.9001259164326818
2,1,3,0.9001259164326818
1,2,3,NaN
3,0,3,NaN
1,2,3,NaN
2,1,3,NaN
2,1,3,0.7423423413009405
3,0,3,NaN
3,0,3,0.8237080657963236
1,2,3,0.5865196674031864
1,2,3,NaN
1,2,3,0.11735031057960332
2,1,3,0.31538291069709495
2,1,3,NaN
2,1,3,0.631220773570296
1,2,3,0.31538291069709495
1,2,3,NaN
3,0,3,NaN
1,2,3,NaN
3,0,3,NaN
2,1,3,NaN
3,0,3,NaN
3,0,3,NaN
1,2,3,0.5417209770628222
3,0,3,NaN
1,2,3,NaN
2,1,3,NaN
2,1,3,0.19707611935753971
2,1,3,0.15938727449707998
2,1,3,NaN
2,1,3,0.019796251803769704
1,2,3,NaN
2,1,3,0.01384068834559692
1,2,3,NaN
2,1,3,NaN
3,0,3,0.9272124484159221
2,1,3,0.11735031057960332
1,2,3,0.21185071034975703
3,0,3,NaN
3,0,3,0.9394569650180941
3,0,3,0.31538291069709495
1,2,3,NaN
2,1,3,0.10032275229784271
1,2,3,0.9272124484159221
3,0,3,NaN
1,2,3,NaN
3,0,3,NaN
2,1,3,0.4011103777394731
1,2,3,NaN
1,2,3,0.631220773570296
1,2,3,NaN
1,2,3,NaN
3,0,3,NaN
1,2,3,0.2783692877527476
1,2,3,NaN
1,2,3,0.49543559874771725
1,2,3,NaN
3,0,3,0.016656938369781698
1,2,3,0.02787455723542097
2,1,3,0.3557510427918548
1,2,3,NaN
1,2,3,NaN
1,2,3,NaN
1,2,3,NaN
1,2,3,NaN
1,2,3,NaN
3,0,3,0.01384068834559692
1,2,3,NaN
1,2,3,0.049239272852831896
1,2,3,NaN
2,1,3,NaN
2,1,3,NaN
2,1,3,NaN
1,2,3,NaN
2,1,3,NaN
3,0,3,NaN
1,2,3,NaN
1,2,3,0.7423423413009405
1,2,3,0.9137791798943785
2,1,3,NaN
2,1,3,NaN
1,2,3,NaN
1,2,3,0.033840385851485494
1,2,3,NaN
1,2,3,NaN
1,2,3,0.9137791798943785
2,1,3,NaN
1,2,3,0.6717661875924231
2,1,3,NaN
2,1,3,NaN
3,0,3,NaN
1,2,3,NaN
1,2,3,NaN
1,2,3,NaN
3,0,3,NaN
1,2,3,NaN
1,2,3,NaN
1,2,3,NaN
1,2,3,NaN
3,0,3,0.24290906152647984
1,2,3,NaN
1,2,3,NaN
3,0,3,NaN
1,2,3,NaN
3,0,3,NaN
3,0,3,NaN
1,2,3,0.9137791798943785
1,2,3,NaN
3,0,3,NaN
3,0,3,0.10032275229784271
1,2,3,NaN
2,1,3,NaN
3,0,3,0.10032275229784271
1,2,3,NaN
1,2,3,NaN
3,0,3,0.032853775051729074
3,0,3,NaN
1,2,3,0.2783692877527476
1,2,3,NaN
3,0,3,NaN
3,0,3,NaN
3,0,3,0.8652322931034484
3,0,3,NaN
1,2,3,0.4011103777394731
2,1,3,0.7921036530766452
1,2,3,NaN
3,0,3,NaN
1,2,3,NaN
1,2,3,NaN
3,0,3,NaN
3,0,3,NaN
1,2,3,NaN
3,0,3,NaN
3,0,3,0.11735031057960332
3,0,3,NaN
2,1,3,0.4011103777394731
2,1,3,0.3557510427918548
3,0,3,NaN
3,0,3,NaN
2,1,3,0.5417209770628222
2,1,3,0.39269305989092546
1,2,3,NaN
2,1,3,NaN
3,0,3,0.18348414923983342
3,0,3,NaN
3,0,3,0.24290906152647984
3,0,3,0.9789190809366978
1,2,3,0.15938727449707998
1,2,3,NaN
2,1,3,0.49543559874771725
1,2,3,0.053556438906752275
1,2,3,NaN
2,1,3,0.3557510427918548
2,1,3,0.3557510427918548
1,2,3,NaN
2,1,3,NaN
1,2,3,NaN
2,1,3,NaN
2,1,3,0.11735031057960332
2,1,3,0.49680201880863273
1,2,3,NaN
3,0,3,NaN
2,1,3,NaN
2,1,3,NaN
2,1,3,NaN
1,2,3,NaN
1,2,3,0.3103194978340013
1,2,3,NaN
1,2,3,0.7423423413009405
2,1,3,0.7092033041123709
2,1,3,NaN
1,2,3,NaN
3,0,3,NaN
3,0,3,0.053556438906752275
1,2,3,NaN
1,2,3,NaN
1,2,3,NaN
3,0,3,0.31538291069709495
1,2,3,NaN
1,2,3,NaN
1,2,3,NaN
2,1,3,0.5417209770628222
1,2,3,0.24290906152647984
3,0,3,NaN
2,1,3,NaN
1,2,3,NaN
1,2,3,NaN
1,2,3,NaN
2,1,3,NaN
3,0,3,0.6717661875924231
1,2,3,NaN
3,0,3,0.9916966421839661
1,2,3,0.8652322931034484
1,2,3,0.0630282359819421
1,2,3,NaN
1,2,3,0.4011103777394731
1,2,3,0.8006696868167401
2,1,3,NaN
2,1,3,NaN
2,1,3,0.4475557477195245
1,2,3,0.24290906152647984
3,0,3,NaN
3,0,3,NaN
3,0,3,NaN
1,2,3,0.6078036258336132
1,2,3,NaN
1,2,3,NaN
2,1,3,0.7199825501756255
2,1,3,NaN
1,2,3,NaN
1,2,3,0.5417209770628222
1,2,3,0.49543559874771725
1,2,3,NaN
1,2,3,NaN
2,1,3,0.0924971579505958
1,2,3,0.8006696868167401
1,2,3,0.5417209770628222
3,0,3,0.10032275229784271
3,0,3,NaN
1,2,3,0.3557510427918548
1,2,3,NaN
2,1,3,NaN
1,2,3,NaN
3,0,3,0.23103067796165944
1,2,3,0.48251311295478655
2,1,3,NaN
1,2,3,NaN
2,1,3,0.997665829571106
1,2,3,0.7423423413009405
2,1,3,NaN
2,1,3,NaN
1,2,3,0.9137791798943785
2,1,3,NaN
2,1,3,NaN
2,1,3,NaN
1,2,3,NaN
2,1,3,NaN
2,1,3,0.3557510427918548
2,1,3,0.18348414923983342
1,2,3,NaN
2,1,3,NaN
1,2,3,NaN
1,2,3,NaN
1,2,3,NaN
1,2,3,0.5865196674031864
1,2,3,NaN
1,2,3,0.24290906152647984
2,1,3,NaN
2,1,3,0.04531425270758149
3,0,3,NaN
1,2,3,0.08612589160650815
1,2,3,0.14103717055021275
2,1,3,NaN
2,1,3,0.9493033010224405
2,1,3,0.5865196674031864
3,0,3,NaN
3,0,3,NaN
1,2,3,NaN
1,2,3,NaN
1,2,3,0.8652322931034484
1,2,3,NaN
1,2,3,0.24290906152647984
2,1,3,NaN
2,1,3,NaN
1,2,3,NaN
1,2,3,NaN
3,0,3,NaN
3,0,3,NaN
3,0,3,NaN
2,1,3,0.4475557477195245
1,2,3,NaN
1,2,3,NaN
3,0,3,NaN
1,2,3,NaN
2,1,3,0.3557510427918548
1,2,3,NaN
3,0,3,0.03831329598506057
1,2,3,0.5430986004575281
1,2,3,NaN
2,1,3,0.5417209770628222
1,2,3,NaN
1,2,3,NaN
3,0,3,NaN
1,2,3,NaN
1,2,3,NaN
1,2,3,NaN
1,2,3,0.8450772854630715
3,0,3,NaN
3,0,3,NaN
1,2,3,0.5417209770628222
3,0,3,NaN
1,2,3,NaN
1,2,3,NaN
2,1,3,NaN
2,1,3,NaN
1,2,3,NaN
1,2,3,NaN
1,2,3,NaN
1,2,3,NaN
1,2,3,NaN
1,2,3,NaN
1,2,3,NaN
3,0,3,NaN
1,2,3,NaN
1,2,3,NaN
1,2,3,NaN
2,1,3,NaN
1,2,3,0.49543559874771725
1,2,3,NaN
2,1,3,NaN
3,0,3,0.5417209770628222
1,2,3,NaN
1,2,3,NaN
2,1,3,NaN
1,2,3,NaN
2,1,3,NaN
1,2,3,NaN
3,0,3,0.5427791979508634
3,0,3,NaN
1,2,3,0.15938727449707998
2,1,3,NaN
2,1,3,NaN
1,2,3,0.8237080657963236
2,1,3,NaN
1,2,3,NaN
2,1,3,0.24290906152647984
1,2,3,NaN
2,1,3,NaN
1,2,3,NaN
2,1,3,6.544188901560709e-5
1,2,3,NaN
3,0,3,0.9001259164326818
2,1,3,NaN
1,2,3,NaN
1,2,3,0.31538291069709495
1,2,3,NaN
1,2,3,NaN
1,2,3,NaN
3,0,3,0.8450772854630715
3,0,3,NaN
3,0,3,NaN
1,2,3,NaN
2,1,3,0.17638798005766676
1,2,3,NaN
3,0,3,NaN
2,1,3,NaN
1,2,3,NaN
2,1,3,0.7092033041123709
1,2,3,0.44852327333044206
1,2,3,0.7423423413009405
1,2,3,0.7092033041123709
1,2,3,NaN
2,1,3,0.3265496967160561
1,2,3,NaN
1,2,3,0.8006696868167401
2,1,3,NaN
3,0,3,NaN
3,0,3,NaN
3,0,3,NaN
2,1,3,NaN
1,2,3,NaN
1,2,3,NaN
1,2,3,0.053556438906752275
1,2,3,NaN
2,1,3,0.4011103777394731
1,2,3,NaN
3,0,3,NaN
1,2,3,NaN
1,2,3,0.461000691600806
1,2,3,NaN
1,2,3,NaN
1,2,3,NaN
2,1,3,NaN
2,1,3,NaN
1,2,3,NaN
2,1,3,NaN
2,1,3,0.7726517314264018
1,2,3,0.4011103777394731
2,1,3,NaN
2,1,3,NaN
1,2,3,NaN
2,1,3,NaN
3,0,3,0.18348414923983342
3,0,3,0.5802917560236949
3,0,3,NaN
1,2,3,0.5142466969961698
2,1,3,NaN
2,1,3,NaN
2,1,3,NaN
1,2,3,NaN
1,2,3,NaN
1,2,3,NaN
1,2,3,NaN
2,1,3,0.4011103777394731
2,1,3,0.8827570506600473
1,2,3,0.07361819104140599
2,1,3,NaN
1,2,3,NaN
1,2,3,0.21185071034975703
1,2,3,NaN
2,1,3,0.4155618969404342
1,2,3,0.7295340759791964
1,2,3,0.31538291069709495
1,2,3,0.07361819104140599
2,1,3,NaN
2,1,3,NaN
1,2,3,0.11735031057960332
2,1,3,NaN
1,2,3,NaN
3,0,3,NaN
2,1,3,NaN
3,0,3,0.5865196674031864
2,1,3,0.31538291069709495
1,2,3,NaN
1,2,3,NaN
1,2,3,0.6286352646486054
2,1,3,NaN
2,1,3,NaN
3,0,3,0.0630282359819421
1,2,3,0.053556438906752275
1,2,3,NaN
1,2,3,0.3921225773990182
1,2,3,NaN
1,2,3,NaN
1,2,3,0.4786101457863796
3,0,3,0.15938727449707998
3,0,3,0.7092033041123709
2,1,3,0.7433590367901758
1,2,3,NaN
2,1,3,0.31538291069709495
2,1,3,0.631220773570296
1,2,3,NaN
1,2,3,0.7092033041123709
1,2,3,0.9394569650180941
1,2,3,NaN
1,2,3,0.7125497954121649
3,0,3,0.6717661875924231
1,2,3,NaN
1,2,3,0.13695747655435897
1,2,3,0.13695747655435897
2,1,3,0.08612589160650815
2,1,3,NaN
2,1,3,NaN
1,2,3,0.2783692877527476
1,2,3,NaN
1,2,3,0.8450772854630715
1,2,3,0.18348414923983342
1,2,3,NaN
1,2,3,0.5434852093696828
1,2,3,NaN
2,1,3,0.3557510427918548
3,0,3,0.5417209770628222
1,2,3,NaN
2,1,3,0.07361819104140599
2,1,3,NaN
1,2,3,0.5737458270684518
1,2,3,0.4475557477195245
2,1,3,0.631220773570296
3,0,3,NaN
3,0,3,0.0029786187459953997
2,1,3,NaN
3,0,3,NaN
1,2,3,0.21185071034975703
2,1,3,NaN
3,0,3,NaN
1,2,3,0.5427791979508634
2,1,3,0.9045471222061193
1,2,3,NaN
1,2,3,NaN
2,1,3,0.31538291069709495
1,2,3,0.4011103777394731
3,0,3,NaN
2,1,3,NaN
1,2,3,NaN
1,2,3,NaN
3,0,3,NaN
2,1,3,NaN
2,1,3,0.8652322931034484
3,0,3,0.24290906152647984
2,1,3,0.9394569650180941
3,0,3,0.5865196674031864
1,2,3,NaN
1,2,3,0.6516169525146253
1,2,3,0.3921225773990182
1,2,3,NaN
1,2,3,0.18493726411462888
1,2,3,NaN
2,1,3,0.7423423413009405
1,2,3,NaN
2,1,3,NaN
1,2,3,NaN
3,0,3,0.3921225773990182
1,2,3,NaN
1,2,3,0.9394569650180941
3,0,3,0.4011103777394731
2,1,3,NaN
1,2,3,0.30623635626219897
2,1,3,NaN
3,0,3,NaN
1,2,3,NaN
2,1,3,NaN
1,2,3,0.49543559874771725
2,1,3,0.31538291069709495
1,2,3,NaN
1,2,3,NaN
2,1,3,NaN
1,2,3,NaN
3,0,3,NaN
3,0,3,NaN
2,1,3,NaN
1,2,3,0.9001259164326818
1,2,3,NaN
3,0,3,0.9663500458367166
1,2,3,NaN
3,0,3,NaN
1,2,3,0.5417209770628222
2,1,3,NaN
1,2,3,NaN
1,2,3,NaN
2,1,3,NaN
1,2,3,NaN
3,0,3,NaN
3,0,3,0.8652322931034484
3,0,3,NaN
1,2,3,NaN
3,0,3,0.0006962994163131918
1,2,3,NaN
2,1,3,0.5434852093696828
1,2,3,0.21185071034975703
2,1,3,NaN
2,1,3,0.6717661875924231
1,2,3,0.631220773570296
1,2,3,0.4475557477195245
2,1,3,NaN
2,1,3,NaN
1,2,3,NaN
3,0,3,NaN
1,2,3,NaN
1,2,3,0.9137791798943785
3,0,3,NaN
1,2,3,NaN
1,2,3,0.3557510427918548
1,2,3,NaN
3,0,3,0.5427791979508634
2,1,3,NaN
1,2,3,0.631220773570296
1,2,3,NaN
1,2,3,NaN
1,2,3,NaN
2,1,3,0.5865196674031864
1,2,3,0.03831329598506057
1,2,3,NaN
1,2,3,NaN
3,0,3,0.15938727449707998
3,0,3,0.4475557477195245
2,1,3,NaN
1,2,3,0.8698409175527541
2,1,3,0.12535701036362762
3,0,3,NaN
2,1,3,0.8450772854630715
1,2,3,NaN
2,1,3,NaN
3,0,3,0.31538291069709495
3,0,3,NaN
3,0,3,0.004243052065979369
1,2,3,NaN
2,1,3,NaN
1,2,3,0.5865196674031864
1,2,3,NaN
1,2,3,NaN
3,0,3,NaN
2,1,3,NaN
1,2,3,NaN
1,2,3,0.3557510427918548
1,2,3,0.11735031057960332
2,1,3,NaN
3,0,3,0.6717661875924231
3,0,3,0.0068712122324491405
2,1,3,NaN
2,1,3,NaN
2,1,3,0.8006696868167401
2,1,3,NaN
3,0,3,0.8237080657963236
1,2,3,NaN
3,0,3,NaN
1,2,3,NaN
1,2,3,NaN
3,0,3,NaN
1,2,3,NaN
2,1,3,0.662803924606588
1,2,3,NaN
1,2,3,NaN
1,2,3,NaN
1,2,3,NaN
2,1,3,0.631220773570296
2,1,3,NaN
1,2,3,NaN
2,1,3,NaN
1,2,3,NaN
3,0,3,NaN
1,2,3,NaN
3,0,3,NaN
1,2,3,NaN
1,2,3,0.03831329598506057
2,1,3,NaN
1,2,3,NaN
1,2,3,0.5526303945152129
1,2,3,NaN
1,2,3,NaN
1,2,3,NaN
1,2,3,NaN
3,0,3,NaN
2,1,3,0.9137791798943785
1,2,3,NaN
1,2,3,NaN
1,2,3,NaN
1,2,3,NaN
1,2,3,NaN
2,1,3,NaN
2,1,3,NaN
3,0,3,0.9394569650180941
2,1,3,NaN
1,2,3,0.21185071034975703
3,0,3,0.631220773570296
1,2,3,0.9663500458367166
2,1,3,NaN
1,2,3,NaN
3,0,3,NaN
1,2,3,0.006162005486132496
1,2,3,0.6717661875924231
1,2,3,NaN
1,2,3,0.11735031057960332
2,1,3,NaN
3,0,3,0.8652322931034484
3,0,3,0.7222957705258365
2,1,3,NaN
2,1,3,NaN
2,1,3,NaN
1,2,3,NaN
1,2,3,NaN
1,2,3,0.3557510427918548
1,2,3,0.9789190809366978
1,2,3,NaN
3,0,3,NaN
1,2,3,0.8827570506600473
1,2,3,0.0006064594894567663
2,1,3,0.9493033010224405
3,0,3,NaN
2,1,3,NaN
1,2,3,0.7423423413009405
2,1,3,0.8652322931034484
1,2,3,0.3557510427918548
3,0,3,NaN
2,1,3,NaN
2,1,3,NaN
1,2,3,NaN
2,1,3,NaN
1,2,3,0.13695747655435897
2,1,3,NaN
2,1,3,NaN
1,2,3,NaN
1,2,3,NaN
2,1,3,NaN
1,2,3,NaN
2,1,3,0.7906123531705567
2,1,3,NaN
3,0,3,NaN
1,2,3,NaN
1,2,3,NaN
1,2,3,0.31538291069709495
2,1,3,0.49543559874771725
1,2,3,NaN
1,2,3,0.7722756456000196
2,1,3,0.6286352646486054
1,2,3,NaN
3,0,3,NaN
2,1,3,NaN
1,2,3,0.8827570506600473
2,1,3,NaN
1,2,3,0.3557510427918548
1,2,3,0.631220773570296
2,1,3,0.4475557477195245
1,2,3,NaN
1,2,3,NaN
1,2,3,NaN
2,1,3,0.2783692877527476
2,1,3,0.8652322931034484
2,1,3,NaN
1,2,3,0.8237080657963236
2,1,3,NaN
1,2,3,NaN
1,2,3,0.6717661875924231
1,2,3,NaN
2,1,3,NaN
1,2,3,NaN
2,1,3,NaN
2,1,3,0.4011103777394731
1,2,3,0.21185071034975703
3,0,3,NaN
2,1,3,NaN
1,2,3,NaN
3,0,3,0.565973051072774
2,1,3,NaN
3,0,3,NaN
2,1,3,0.7423423413009405
2,1,3,NaN
2,1,3,NaN
1,2,3,NaN
2,1,3,0.9001259164326818
1,2,3,NaN
1,2,3,NaN
2,1,3,NaN
3,0,3,NaN
1,2,3,NaN
1,2,3,NaN
2,1,3,NaN
3,0,3,NaN
1,2,3,NaN
1,2,3,NaN
1,2,3,NaN
2,1,3,NaN
1,2,3,NaN
3,0,3,NaN
1,2,3,NaN
2,1,3,NaN
1,2,3,0.11735031057960332
1,2,3,NaN
1,2,3,NaN
2,1,3,NaN
2,1,3,NaN
1,2,3,0.631220773570296
2,1,3,NaN
2,1,3,0.032853775051729074
1,2,3,NaN
1,2,3,NaN
1,2,3,0.08612589160650815
2,1,3,NaN
1,2,3,0.7092033041123709
1,2,3,NaN
3,0,3,0.8827570506600473
1,2,3,NaN
1,2,3,0.2634691430303058
1,2,3,NaN
1,2,3,0.7727708809183191
1,2,3,0.0015506799637766114
2,1,3,0.3557510427918548
1,2,3,0.6717661875924231
3,0,3,NaN
1,2,3,NaN
3,0,3,NaN
2,1,3,0.032853775051729074
1,2,3,0.9394569650180941
1,2,3,0.7234577439877888
2,1,3,NaN
3,0,3,NaN
1,2,3,0.5179685488194049
2,1,3,NaN
1,2,3,NaN
1,2,3,NaN
1,2,3,NaN
1,2,3,NaN
2,1,3,NaN
1,2,3,0.8130745858067697
1,2,3,0.6717661875924231
1,2,3,0.631220773570296
2,1,3,NaN
2,1,3,NaN
1,2,3,NaN
1,2,3,NaN
1,2,3,NaN
1,2,3,0.18348414923983342
1,2,3,NaN
2,1,3,0.02787455723542097
3,0,3,NaN
3,0,3,NaN
1,2,3,0.6717661875924231
2,1,3,NaN
1,2,3,NaN
3,0,3,0.8827570506600473
1,2,3,NaN
1,2,3,0.5417209770628222
2,1,3,NaN
1,2,3,NaN
1,2,3,0.8958944778048679
1,2,3,NaN
1,2,3,NaN
1,2,3,NaN
3,0,3,NaN
1,2,3,NaN
2,1,3,NaN
1,2,3,0.6717661875924231
2,1,3,0.9493033010224405
3,0,3,NaN
2,1,3,NaN
1,2,3,0.009325005405405363
1,2,3,NaN
1,2,3,NaN
1,2,3,0.5865196674031864
2,1,3,0.7092033041123709
2,1,3,0.08612589160650815
1,2,3,0.8006696868167401
3,0,3,0.3557510427918548
2,1,3,NaN
1,2,3,NaN
1,2,3,NaN
3,0,3,0.7423423413009405
3,0,3,NaN
2,1,3,0.13695747655435897
1,2,3,NaN
1,2,3,NaN
1,2,3,NaN
1,2,3,NaN
1,2,3,NaN
1,2,3,NaN
1,2,3,NaN
3,0,3,0.017120070397437206
1,2,3,0.8450772854630715
1,2,3,NaN
1,2,3,NaN
1,2,3,NaN
1,2,3,NaN
1,2,3,NaN
3,0,3,0.7038570448214456
2,1,3,NaN
1,2,3,NaN
1,2,3,0.8827570506600473
2,1,3,0.9001259164326818
3,0,3,NaN
2,1,3,0.9137791798943785
3,0,3,NaN
3,0,3,NaN
1,2,3,NaN
1,2,3,NaN
1,2,3,NaN
1,2,3,0.23750457852165702
1,2,3,NaN
1,2,3,NaN
1,2,3,NaN
2,1,3,0.11881885597296148
3,0,3,NaN
1,2,3,0.4475557477195245
1,2,3,0.4475557477195245
1,2,3,0.04531425270758149
2,1,3,NaN
1,2,3,0.8652322931034484
1,2,3,NaN
2,1,3,NaN
1,2,3,NaN
2,1,3,0.18348414923983342
1,2,3,NaN
2,1,3,0.2783692877527476
1,2,3,NaN
1,2,3,NaN
2,1,3,NaN
2,1,3,NaN
2,1,3,NaN
2,1,3,NaN
1,2,3,0.25974995572883275
1,2,3,0.9001259164326818
1,2,3,NaN
1,2,3,NaN
1,2,3,0.49543559874771725
1,2,3,NaN
1,2,3,0.5417209770628222
1,2,3,0.9394569650180941
1,2,3,NaN
1,2,3,NaN
2,1,3,0.9272124484159221
1,2,3,NaN
1,2,3,NaN
1,2,3,NaN
1,2,3,NaN
1,2,3,0.0051653647514528205
1,2,3,NaN
1,2,3,0.3557510427918548
2,1,3,NaN
1,2,3,NaN
1,2,3,NaN
1,2,3,NaN
2,1,3,NaN
3,0,3,0.13695747655435897
3,0,3,NaN
3,0,3,NaN
1,2,3,NaN
1,2,3,0.9137791798943785
2,1,3,NaN
1,2,3,NaN
2,1,3,0.3557510427918548
1,2,3,NaN
1,2,3,NaN
1,2,3,0.9253817549007111
1,2,3,0.053556438906752275
1,2,3,0.0630282359819421
1,2,3,NaN
2,1,3,NaN
1,2,3,NaN
1,2,3,NaN
2,1,3,NaN
1,2,3,0.7726517314264018
2,1,3,NaN
2,1,3,0.49543559874771725
1,2,3,NaN
1,2,3,0.7657133353504112
1,2,3,NaN
3,0,3,NaN
1,2,3,NaN
2,1,3,NaN
1,2,3,0.10032275229784271
2,1,3,NaN
1,2,3,0.31538291069709495
1,2,3,0.20407993892589427
1,2,3,0.631220773570296
1,2,3,0.13695747655435897
3,0,3,NaN
3,0,3,0.8450772854630715
1,2,3,NaN
2,1,3,NaN
1,2,3,NaN
1,2,3,0.7423423413009405
1,2,3,NaN
1,2,3,NaN
1,2,3,0.7726517314264018
1,2,3,NaN
1,2,3,0.8237080657963236
2,1,3,NaN
1,2,3,NaN
2,1,3,0.006162005486132496
1,2,3,0.7423423413009405
1,2,3,0.08612589160650815
1,2,3,NaN
1,2,3,NaN
2,1,3,NaN
1,2,3,NaN
3,0,3,NaN
1,2,3,0.4475557477195245
1,2,3,NaN
1,2,3,NaN
3,0,3,0.011335119107957231
1,2,3,NaN
1,2,3,NaN
1,2,3,NaN
2,1,3,NaN
1,2,3,NaN
1,2,3,NaN
1,2,3,NaN
2,1,3,0.8450772854630715
1,2,3,0.4110915499686912
1,2,3,NaN
1,2,3,NaN
1,2,3,NaN
1,2,3,NaN
1,2,3,NaN
3,0,3,0.8827570506600473
1,2,3,0.8827570506600473
2,1,3,0.2783692877527476
1,2,3,NaN
1,2,3,0.5417209770628222
1,2,3,0.6699634208936545
1,2,3,0.13695747655435897
1,2,3,NaN
1,2,3,0.6717661875924231
2,1,3,0.7726517314264018
2,1,3,NaN
1,2,3,NaN
2,1,3,0.015304259850294164
1,2,3,0.49543559874771725
2,1,3,NaN
1,2,3,0.8237080657963236
2,1,3,NaN
1,2,3,0.08612589160650815
1,2,3,0.007926419698743173
1,2,3,NaN
1,2,3,NaN
1,2,3,0.8450772854630715
1,2,3,NaN
2,1,3,NaN
3,0,3,NaN
1,2,3,0.8652322931034484
1,2,3,NaN
2,1,3,0.631220773570296
1,2,3,NaN
2,1,3,NaN
1,2,3,0.8522985682074615
1,2,3,0.0051653647514528205
2,1,3,0.6717661875924231
1,2,3,NaN
1,2,3,NaN
1,2,3,0.5417209770628222
1,2,3,0.9394569650180941
1,2,3,0.9841738135856081
1,2,3,0.8237080657963236
1,2,3,NaN
2,1,3,0.032853775051729074
1,2,3,0.9789190809366978
1,2,3,0.24290906152647984
1,2,3,0.19637134249271243
2,1,3,NaN
1,2,3,NaN
1,2,3,NaN
1,2,3,NaN
1,2,3,NaN
1,2,3,0.1197365197970914
1,2,3,0.053556438906752275
1,2,3,NaN
2,1,3,0.2783692877527476
1,2,3,NaN
1,2,3,0.7092033041123709
1,2,3,NaN
1,2,3,0.9733084005106692
3,0,3,NaN
1,2,3,NaN
1,2,3,0.6717661875924231
1,2,3,NaN
1,2,3,0.5865196674031864
1,2,3,0.5865196674031864
1,2,3,NaN
1,2,3,0.8827570506600473
3,0,3,NaN
2,1,3,NaN
1,2,3,NaN
1,2,3,NaN
3,0,3,0.5960509201675027
1,2,3,NaN
1,2,3,0.21185071034975703
3,0,3,NaN
2,1,3,0.13074576858288242
2,1,3,NaN
1,2,3,0.5417209770628222
1,2,3,0.21185071034975703
1,2,3,0.03542250385965071
3,0,3,NaN
1,2,3,0.4475557477195245
1,2,3,NaN
1,2,3,NaN
2,1,3,NaN
2,1,3,NaN
1,2,3,NaN
1,2,3,NaN
1,2,3,NaN
1,2,3,NaN
1,2,3,0.013975022933555799
1,2,3,NaN
1,2,3,NaN
1,2,3,0.8652322931034484
1,2,3,NaN
3,0,3,0.9001259164326818
1,2,3,NaN
1,2,3,0.10954400898331997
1,2,3,NaN
1,2,3,NaN
2,1,3,0.3557510427918548
2,1,3,0.18348414923983342
1,2,3,NaN
1,2,3,0.9137791798943785
1,2,3,NaN
1,2,3,NaN
1,2,3,0.7423423413009405
1,2,3,NaN
1,2,3,NaN
2,1,3,0.07361819104140599
2,1,3,NaN
2,1,3,0.080624535981197
1,2,3,NaN
1,2,3,0.8827570506600473
1,2,3,0.8006696868167401
1,2,3,0.009325005405405363
1,2,3,NaN
2,1,3,NaN
1,2,3,0.11600516340256257
1,2,3,NaN
1,2,3,0.4766516671851947
1,2,3,NaN
1,2,3,NaN
2,1,3,0.08612589160650815
1,2,3,0.5183374556419776
1,2,3,NaN
2,1,3,0.7726517314264018
1,2,3,0.5865196674031864
2,1,3,NaN
1,2,3,NaN
2,1,3,0.7726517314264018
1,2,3,0.4475557477195245
1,2,3,NaN
3,0,3,NaN
1,2,3,NaN
3,0,3,NaN
1,2,3,NaN
1,2,3,NaN
1,2,3,NaN
1,2,3,NaN
1,2,3,6.631462803144677e-5
1,2,3,0.631220773570296
2,1,3,0.02787455723542097
3,0,3,0.18348414923983342
1,2,3,0.00025459882583054385
3,0,3,NaN
1,2,3,0.052459520660493246
1,2,3,NaN
2,1,3,0.9733084005106692
1,2,3,NaN
2,1,3,0.5865196674031864
1,2,3,0.009325005405405363
2,1,3,0.04531425270758149
1,2,3,NaN
1,2,3,0.6717661875924231
2,1,3,0.7423423413009405
2,1,3,NaN
1,2,3,0.11778302376262217
3,0,3,0.9137791798943785
1,2,3,0.5865196674031864
1,2,3,0.9789190809366978
1,2,3,0.08612589160650815
1,2,3,NaN
1,2,3,NaN
2,1,3,NaN
2,1,3,0.8006696868167401
3,0,3,NaN
2,1,3,NaN
1,2,3,NaN
1,2,3,NaN
1,2,3,NaN
2,1,3,0.15938727449707998
2,1,3,NaN
2,1,3,0.023437746643316073
1,2,3,NaN
1,2,3,NaN
1,2,3,NaN
1,2,3,NaN
1,2,3,NaN
2,1,3,NaN
3,0,3,NaN
2,1,3,NaN
2,1,3,0.9001259164326818
2,1,3,NaN
1,2,3,0.631220773570296
2,1,3,NaN
1,2,3,NaN
1,2,3,NaN
1,2,3,NaN
1,2,3,0.85472980870572
1,2,3,NaN
2,1,3,0.631220773570296
1,2,3,NaN
1,2,3,NaN
1,2,3,NaN
2,1,3,0.631220773570296
1,2,3,0.02787455723542097
1,2,3,NaN
1,2,3,0.7423423413009405
2,1,3,0.5865196674031864
1,2,3,NaN
3,0,3,NaN
1,2,3,NaN
1,2,3,NaN
1,2,3,NaN
3,0,3,NaN
1,2,3,NaN
1,2,3,0.09982692203679888
1,2,3,NaN
1,2,3,NaN
2,1,3,0.8450772854630715
2,1,3,NaN
1,2,3,NaN
1,2,3,0.5865196674031864
1,2,3,NaN
1,2,3,NaN
1,2,3,NaN
1,2,3,NaN
2,1,3,NaN
2,1,3,NaN
2,1,3,0.49543559874771725
1,2,3,NaN
1,2,3,NaN
1,2,3,0.18348414923983342
1,2,3,NaN
3,0,3,0.7092033041123709
1,2,3,0.9222047163123048
3,0,3,NaN
1,2,3,0.49543559874771725
1,2,3,NaN
1,2,3,NaN
2,1,3,NaN
1,2,3,NaN
1,2,3,NaN
3,0,3,NaN
1,2,3,NaN
1,2,3,NaN
2,1,3,NaN
1,2,3,NaN
1,2,3,0.5865196674031864
1,2,3,NaN
2,1,3,0.9272124484159221
1,2,3,NaN
1,2,3,NaN
1,2,3,NaN
1,2,3,NaN
1,2,3,NaN
1,2,3,NaN
1,2,3,0.24290906152647984
1,2,3,0.6717661875924231
1,2,3,NaN
1,2,3,0.0630282359819421
1,2,3,0.9493033010224405
1,2,3,NaN
2,1,3,NaN
1,2,3,NaN
1,2,3,NaN
1,2,3,NaN
1,2,3,NaN
1,2,3,0.8679189613997627
2,1,3,NaN
1,2,3,0.7726517314264018
2,1,3,NaN
1,2,3,NaN
3,0,3,NaN
1,2,3,NaN
1,2,3,0.7092033041123709
1,2,3,NaN
1,2,3,NaN
1,2,3,NaN
1,2,3,NaN
1,2,3,NaN
1,2,3,NaN
1,2,3,0.7726517314264018
1,2,3,0.6717661875924231
1,2,3,NaN
2,1,3,NaN
1,2,3,NaN
1,2,3,0.13695747655435897
1,2,3,NaN
1,2,3,NaN
2,1,3,NaN
1,2,3,NaN
1,2,3,0.09180520026970693
1,2,3,NaN
1,2,3,0.7423423413009405
2,1,3,NaN
1,2,3,0.24290906152647984
1,2,3,0.31538291069709495
1,2,3,0.21185071034975703
1,2,3,NaN
2,1,3,0.9590286414731528
1,2,3,NaN
2,1,3,0.051085957214490704
1,2,3,0.7726517314264018
2,1,3,0.7726517314264018
2,1,3,NaN
1,2,3,NaN
1,2,3,NaN
1,2,3,NaN
2,1,3,0.17638798005766676
3,0,3,0.019796251803769704
2,1,3,NaN
1,2,3,NaN
1,2,3,NaN
1,2,3,NaN
1,2,3,0.5417209770628222
1,2,3,NaN
1,2,3,0.9394569650180941
1,2,3,NaN
1,2,3,NaN
2,1,3,0.3557510427918548
1,2,3,0.9493033010224405
1,2,3,NaN
1,2,3,0.8006696868167401
1,2,3,NaN
1,2,3,NaN
1,2,3,NaN
1,2,3,NaN
1,2,3,NaN
2,1,3,NaN
1,2,3,0.631220773570296
1,2,3,0.8006696868167401
1,2,3,0.19472917649073473
2,1,3,NaN
1,2,3,NaN
2,1,3,NaN
1,2,3,NaN
2,1,3,NaN
1,2,3,NaN
2,1,3,0.5417209770628222
1,2,3,0.9272124484159221
1,2,3,NaN
1,2,3,NaN
1,2,3,NaN
2,1,3,NaN
1,2,3,NaN
2,1,3,0.5417209770628222
2,1,3,NaN
1,2,3,0.08612589160650815
1,2,3,NaN
2,1,3,0.8768095693934921
1,2,3,NaN
1,2,3,0.7423423413009405
1,2,3,0.17356972116971547
1,2,3,NaN
1,2,3,NaN
3,0,3,0.31538291069709495
1,2,3,NaN
2,1,3,NaN
2,1,3,0.4475557477195245
3,0,3,NaN
2,1,3,NaN
1,2,3,NaN
1,2,3,0.8006696868167401
2,1,3,NaN
2,1,3,NaN
1,2,3,NaN
1,2,3,NaN
1,2,3,NaN
1,2,3,NaN
3,0,3,0.8006696868167401
2,1,3,0.9841738135856081
1,2,3,0.6717661875924231
1,2,3,NaN
1,2,3,NaN
1,2,3,NaN
1,2,3,0.5417209770628222
2,1,3,0.6717661875924231
1,2,3,NaN
1,2,3,0.7423423413009405
1,2,3,NaN
1,2,3,NaN
1,2,3,0.03831329598506057
1,2,3,NaN
1,2,3,NaN
1,2,3,0.4475557477195245
1,2,3,NaN
1,2,3,NaN
1,2,3,0.11735031057960332
1,2,3,NaN
1,2,3,0.8450772854630715
1,2,3,0.5180838030620013
1,2,3,NaN
1,2,3,0.3557510427918548
1,2,3,NaN
1,2,3,NaN
1,2,3,0.9605931799972496
1,2,3,NaN
2,1,3,0.044324416425845746
1,2,3,NaN
3,0,3,0.24290906152647984
1,2,3,NaN
1,2,3,NaN
1,2,3,NaN
2,1,3,0.9885707782763422
1,2,3,NaN
2,1,3,NaN
1,2,3,NaN
1,2,3,0.2783692877527476
2,1,3,0.7726517314264018
1,2,3,0.07361819104140599
1,2,3,0.4011103777394731
1,2,3,NaN
1,2,3,0.631220773570296
2,1,3,0.053556438906752275
1,2,3,NaN
1,2,3,NaN
1,2,3,0.631220773570296
1,2,3,NaN
1,2,3,0.13695747655435897
2,1,3,NaN
1,2,3,NaN
2,1,3,0.5417209770628222
1,2,3,0.6717661875924231
1,2,3,0.4475557477195245
1,2,3,NaN
1,2,3,NaN
1,2,3,NaN
1,2,3,0.01384068834559692
2,1,3,0.5417209770628222
1,2,3,0.6717661875924231
1,2,3,NaN
1,2,3,NaN
2,1,3,0.5865196674031864
2,1,3,NaN
2,1,3,0.49543559874771725
2,1,3,NaN
1,2,3,NaN
2,1,3,NaN
1,2,3,0.49543559874771725
1,2,3,NaN
1,2,3,NaN
1,2,3,0.7238414738524657
1,2,3,NaN
1,2,3,0.3557510427918548
1,2,3,NaN
1,2,3,0.7726517314264018
1,2,3,NaN
2,1,3,0.31538291069709495
1,2,3,NaN
2,1,3,NaN
1,2,3,NaN
1,2,3,NaN
1,2,3,NaN
1,2,3,0.4011103777394731
1,2,3,NaN
1,2,3,0.8237080657963236
1,2,3,0.7092033041123709
1,2,3,NaN
1,2,3,0.9493033010224405
2,1,3,0.7423423413009405
1,2,3,NaN
1,2,3,NaN
2,1,3,NaN
2,1,3,NaN
3,0,3,NaN
3,0,3,NaN
1,2,3,NaN
1,2,3,NaN
1,2,3,0.9789190809366978
1,2,3,0.13695747655435897
1,2,3,NaN
1,2,3,NaN
1,2,3,NaN
1,2,3,NaN
2,1,3,NaN
1,2,3,NaN
1,2,3,NaN
1,2,3,NaN
1,2,3,NaN
1,2,3,NaN
1,2,3,NaN
1,2,3,NaN
1,2,3,NaN
1,2,3,0.8896292681586132
1,2,3,0.6717661875924231
2,1,3,NaN
1,2,3,NaN
1,2,3,NaN
1,2,3,NaN
2,1,3,0.9493033010224405
1,2,3,NaN
2,1,3,0.31538291069709495
2,1,3,NaN
2,1,3,NaN
1,2,3,0.631220773570296
1,2,3,0.4475557477195245
2,1,3,NaN
3,0,3,0.6717661875924231
1,2,3,NaN
2,1,3,NaN
1,2,3,NaN
1,2,3,NaN
1,2,3,0.3901201530147684
1,2,3,NaN
1,2,3,NaN
1,2,3,NaN
3,0,3,NaN
1,2,3,NaN
1,2,3,NaN
1,2,3,NaN
2,1,3,NaN
1,2,3,0.3557510427918548
1,2,3,0.6717661875924231
1,2,3,NaN
1,2,3,0.24290906152647984
1,2,3,NaN
1,2,3,0.006162005486132496
1,2,3,0.6772517851899561
1,2,3,NaN
1,2,3,0.03474228726538227
1,2,3,0.997665829571106
1,2,3,0.7726517314264018
1,2,3,0.8006696868167401
1,2,3,NaN
1,2,3,0.04531425270758149
1,2,3,NaN
2,1,3,0.01384068834559692
1,2,3,0.5417209770628222
3,0,3,NaN
1,2,3,NaN
1,2,3,0.6717661875924231
1,2,3,NaN
3,0,3,0.7092033041123709
1,2,3,0.631220773570296
1,2,3,0.9001259164326818
1,2,3,NaN
1,2,3,0.7726517314264018
1,2,3,NaN
1,2,3,NaN
1,2,3,NaN
1,2,3,NaN
1,2,3,NaN
2,1,3,NaN
1,2,3,NaN
1,2,3,NaN
1,2,3,0.08612589160650815
2,1,3,NaN
1,2,3,NaN
1,2,3,NaN
1,2,3,NaN
1,2,3,0.9394569650180941
2,1,3,0.022821214868286834
1,2,3,NaN
1,2,3,0.7572477918328983
1,2,3,0.8237080657963236
2,1,3,NaN
1,2,3,0.18348414923983342
1,2,3,0.24290906152647984
1,2,3,0.6950686511737141
1,2,3,NaN
2,1,3,NaN
1,2,3,0.5865196674031864
1,2,3,0.21185071034975703
3,0,3,NaN
1,2,3,NaN
1,2,3,NaN
1,2,3,0.0032344506104328807
2,1,3,NaN
1,2,3,NaN
2,1,3,NaN
2,1,3,NaN
2,1,3,0.5417209770628222
1,2,3,0.11735031057960332
1,2,3,0.3557510427918548
1,2,3,NaN
1,2,3,NaN
1,2,3,NaN
1,2,3,NaN
1,2,3,NaN
1,2,3,0.7423423413009405
1,2,3,0.49543559874771725
1,2,3,NaN
1,2,3,0.18348414923983342
1,2,3,0.9137791798943785
1,2,3,0.7092033041123709
2,1,3,NaN
2,1,3,NaN
1,2,3,NaN
1,2,3,NaN
1,2,3,NaN
1,2,3,NaN
2,1,3,0.2783692877527476
1,2,3,0.8237080657963236
1,2,3,0.01384068834559692
1,2,3,0.4011103777394731
1,2,3,NaN
1,2,3,0.5925743297331779
3,0,3,NaN
3,0,3,0.4475557477195245
1,2,3,NaN
2,1,3,NaN
1,2,3,0.8006696868167401
1,2,3,0.7726517314264018
1,2,3,NaN
2,1,3,0.49543559874771725
1,2,3,0.18348414923983342
1,2,3,7.759403196503217e-8
1,2,3,0.38741542676020024
1,2,3,0.3457924028661233
1,2,3,NaN
1,2,3,0.11116391444125347
1,2,3,NaN
1,2,3,NaN
1,2,3,NaN
2,1,3,NaN
1,2,3,0.631220773570296
2,1,3,0.6717661875924231
1,2,3,NaN
1,2,3,NaN
1,2,3,NaN
1,2,3,NaN
1,2,3,NaN
1,2,3,NaN
1,2,3,NaN
1,2,3,NaN
1,2,3,0.9493033010224405
1,2,3,NaN
1,2,3,NaN
1,2,3,NaN
1,2,3,0.15938727449707998
1,2,3,0.9943152957847301
1,2,3,0.9335053885363508
1,2,3,NaN
1,2,3,NaN
1,2,3,0.5417209770628222
1,2,3,NaN
1,2,3,NaN
1,2,3,NaN
1,2,3,NaN
1,2,3,0.6726559489107342
1,2,3,NaN
1,2,3,0.3557510427918548
2,1,3,NaN
2,1,3,0.49543559874771725
2,1,3,0.6717661875924231
1,2,3,NaN
1,2,3,NaN
1,2,3,NaN
1,2,3,0.0051653647514528205
1,2,3,NaN
1,2,3,NaN
2,1,3,0.03831329598506057
1,2,3,NaN
3,0,3,NaN
1,2,3,NaN
2,1,3,0.08612589160650815
1,2,3,NaN
1,2,3,NaN
1,2,3,NaN
1,2,3,NaN
1,2,3,NaN
1,2,3,NaN
1,2,3,NaN
1,2,3,NaN
2,1,3,NaN
1,2,3,NaN
1,2,3,0.4475557477195245
1,2,3,NaN
1,2,3,NaN
1,2,3,NaN
1,2,3,NaN
1,2,3,0.15938727449707998
3,0,3,NaN
1,2,3,NaN
1,2,3,NaN
1,2,3,NaN
2,1,3,0.18348414923983342
1,2,3,0.18348414923983342
1,2,3,0.02787455723542097
1,2,3,NaN
3,0,3,NaN
1,2,3,NaN
1,2,3,NaN
1,2,3,NaN
1,2,3,NaN
2,1,3,NaN
1,2,3,0.21185071034975703
1,2,3,0.9001259164326818
1,2,3,0.8237080657963236
1,2,3,NaN
1,2,3,NaN
1,2,3,NaN
2,1,3,NaN
1,2,3,NaN
1,2,3,NaN
2,1,3,NaN
2,1,3,NaN
2,1,3,NaN
1,2,3,0.08612589160650815
1,2,3,NaN
1,2,3,NaN
1,2,3,0.21185071034975703
2,1,3,0.011335119107957231
1,2,3,0.5417209770628222
2,1,3,0.631220773570296
1,2,3,NaN
1,2,3,0.07361819104140599
1,2,3,0.6717661875924231
1,2,3,0.7092033041123709
1,2,3,0.4011103777394731
1,2,3,NaN
1,2,3,NaN
1,2,3,NaN
1,2,3,NaN
3,0,3,NaN
1,2,3,0.49543559874771725
1,2,3,NaN
1,2,3,NaN
1,2,3,NaN
1,2,3,0.4011103777394731
1,2,3,0.997665829571106
1,2,3,NaN
1,2,3,0.007349342594627595
1,2,3,0.5417209770628222
1,2,3,NaN
1,2,3,NaN
1,2,3,NaN
1,2,3,0.6717661875924231
1,2,3,0.4475557477195245
1,2,3,NaN
1,2,3,0.11735031057960332
1,2,3,NaN
1,2,3,NaN
1,2,3,NaN
1,2,3,0.9590286414731528
1,2,3,NaN
1,2,3,0.053556438906752275
1,2,3,NaN
1,2,3,NaN
2,1,3,NaN
1,2,3,NaN
1,2,3,0.24290906152647984
1,2,3,0.5865196674031864
1,2,3,0.5865196674031864
1,2,3,NaN
1,2,3,NaN
2,1,3,0.5417209770628222
1,2,3,NaN
1,2,3,0.6717661875924231
1,2,3,NaN
1,2,3,NaN
1,2,3,0.8450772854630715
1,2,3,NaN
1,2,3,0.9885707782763422
1,2,3,NaN
2,1,3,NaN
1,2,3,0.7572477918328983
1,2,3,0.8237080657963236
2,1,3,NaN
2,1,3,0.49543559874771725
1,2,3,NaN
1,2,3,0.21185071034975703
1,2,3,NaN
1,2,3,NaN
1,2,3,NaN
1,2,3,NaN
1,2,3,NaN
2,1,3,NaN
1,2,3,NaN
1,2,3,NaN
2,1,3,NaN
1,2,3,0.631220773570296
1,2,3,NaN
1,2,3,NaN
1,2,3,NaN
1,2,3,NaN
1,2,3,0.8652322931034484
1,2,3,0.21185071034975703
1,2,3,NaN
1,2,3,0.0026035209678680307
1,2,3,NaN
1,2,3,NaN
1,2,3,NaN
1,2,3,0.5417209770628222
1,2,3,NaN
2,1,3,NaN
1,2,3,NaN
2,1,3,0.18348414923983342
1,2,3,NaN
1,2,3,NaN
1,2,3,NaN
1,2,3,NaN
1,2,3,NaN
1,2,3,NaN
2,1,3,0.7092033041123709
1,2,3,0.5865196674031864
1,2,3,NaN
1,2,3,NaN
1,2,3,0.7423423413009405
1,2,3,NaN
1,2,3,0.6717661875924231
1,2,3,NaN
1,2,3,NaN
1,2,3,0.5417209770628222
1,2,3,NaN
1,2,3,NaN
1,2,3,NaN
1,2,3,0.9069738900390313
1,2,3,0.4011103777394731
2,1,3,NaN
1,2,3,NaN
1,2,3,NaN
1,2,3,0.21185071034975703
1,2,3,NaN
1,2,3,0.10032275229784271
1,2,3,NaN
1,2,3,NaN
1,2,3,NaN
1,2,3,NaN
1,2,3,NaN
1,2,3,0.24290906152647984
1,2,3,0.9272124484159221
1,2,3,NaN
1,2,3,NaN
1,2,3,NaN
1,2,3,NaN
1,2,3,0.6717661875924231
2,1,3,NaN
1,2,3,NaN
1,2,3,NaN
1,2,3,NaN
2,1,3,0.03831329598506057
1,2,3,NaN
1,2,3,NaN
1,2,3,0.0630282359819421
1,2,3,0.005251081925505819
1,2,3,NaN
1,2,3,NaN
2,1,3,0.9335053885363508
1,2,3,0.5183374556419776
1,2,3,0.7726517314264018
0,3,3,NaN
0,3,3,NaN
0,3,3,NaN
0,3,3,NaN
0,3,3,NaN
0,3,3,NaN
0,3,3,0.1876063558126113
0,3,3,0.8652322931034484
0,3,3,NaN
0,3,3,0.11735031057960332
0,3,3,NaN
0,3,3,0.9234063351792013
0,3,3,NaN
0,3,3,NaN
0,3,3,NaN
0,3,3,NaN
0,3,3,0.023437746643316073
0,3,3,0.7423423413009405
0,3,3,NaN
0,3,3,NaN
0,3,3,NaN
0,3,3,NaN
0,3,3,NaN
0,3,3,NaN
0,3,3,NaN
0,3,3,0.5417209770628222
0,3,3,NaN
0,3,3,NaN
0,3,3,NaN
0,3,3,NaN
0,3,3,NaN
0,3,3,NaN
0,3,3,NaN
0,3,3,NaN
0,3,3,NaN
0,3,3,NaN
0,3,3,NaN
0,3,3,0.9137791798943785
0,3,3,NaN
0,3,3,NaN
0,3,3,NaN
0,3,3,0.5865196674031864
0,3,3,0.6127253479327994
0,3,3,NaN
0,3,3,NaN
0,3,3,0.6717661875924231
0,3,3,0.07361819104140599
0,3,3,0.06260803999115534
0,3,3,0.8006696868167401
0,3,3,NaN
0,3,3,NaN
0,3,3,NaN
0,3,3,0.09585577161339616
0,3,3,NaN
0,3,3,NaN
0,3,3,NaN
0,3,3,NaN
0,3,3,NaN
0,3,3,NaN
0,3,3,0.4011103777394731
0,3,3,NaN
0,3,3,NaN
0,3,3,0.631220773570296
0,3,3,0.6717661875924231
0,3,3,NaN
0,3,3,0.07361819104140599
0,3,3,NaN
0,3,3,NaN
0,3,3,NaN
0,3,3,NaN
0,3,3,NaN
0,3,3,0.8827570506600473
0,3,3,0.9034844744746767
0,3,3,NaN
0,3,3,0.04531425270758149
0,3,3,NaN
0,3,3,NaN
0,3,3,NaN
0,3,3,0.11881885597296148
0,3,3,NaN
0,3,3,NaN
0,3,3,0.9001259164326818
0,3,3,NaN
0,3,3,0.8237080657963236
0,3,3,NaN
0,3,3,NaN
0,3,3,0.7726517314264018
0,3,3,NaN
0,3,3,NaN
0,3,3,NaN
0,3,3,NaN
0,3,3,NaN
0,3,3,NaN
0,3,3,NaN
0,3,3,NaN
0,3,3,NaN
0,3,3,0.17356972116971547
0,3,3,0.04531425270758149
0,3,3,NaN
0,3,3,NaN
0,3,3,NaN
0,3,3,NaN
0,3,3,0.9706648603567007
0,3,3,NaN
0,3,3,NaN
0,3,3,0.6386796318110681
0,3,3,NaN
0,3,3,NaN
0,3,3,NaN
0,3,3,NaN
0,3,3,NaN
0,3,3,NaN
0,3,3,NaN
0,3,3,0.18348414923983342
0,3,3,0.8079928207706086
0,3,3,NaN
0,3,3,0.07361819104140599
0,3,3,NaN
0,3,3,0.38951883007049515
0,3,3,NaN
0,3,3,0.4011103777394731
0,3,3,0.8006696868167401
0,3,3,0.16782127706106006
0,3,3,NaN
0,3,3,NaN
0,3,3,0.7423423413009405
0,3,3,0.11735031057960332
0,3,3,NaN
0,3,3,NaN
0,3,3,NaN
0,3,3,NaN
0,3,3,NaN
0,3,3,NaN
0,3,3,NaN
0,3,3,NaN
0,3,3,NaN
0,3,3,NaN
0,3,3,NaN
0,3,3,NaN
0,3,3,NaN
0,3,3,NaN
0,3,3,NaN
0,3,3,0.0630282359819421
0,3,3,NaN
0,3,3,0.13684525122146476
0,3,3,0.4475557477195245
0,3,3,NaN
0,3,3,NaN
0,3,3,NaN
0,3,3,0.11735031057960332
0,3,3,NaN
0,3,3,NaN
0,3,3,0.631220773570296
0,3,3,0.631220773570296
0,3,3,NaN
0,3,3,NaN
0,3,3,NaN
0,3,3,NaN
0,3,3,NaN
0,3,3,NaN
0,3,3,NaN
0,3,3,0.7360910000376489
0,3,3,0.18348414923983342
0,3,3,0.03320816112499768
0,3,3,0.4475557477195245
0,3,3,NaN
0,3,3,NaN
0,3,3,0.9137791798943785
0,3,3,0.49543559874771725
0,3,3,0.9394569650180941
0,3,3,NaN
0,3,3,0.8827570506600473
0,3,3,0.9001259164326818
0,3,3,0.11735031057960332
0,3,3,0.5417209770628222
0,3,3,0.7092033041123709
0,3,3,NaN
0,3,3,NaN
0,3,3,0.6717661875924231
0,3,3,NaN
0,3,3,0.7423423413009405
0,3,3,NaN
0,3,3,NaN
0,3,3,NaN
0,3,3,0.7423423413009405
0,3,3,0.9550365032141755
0,3,3,NaN
0,3,3,NaN
0,3,3,NaN
0,3,3,NaN
0,3,3,NaN
0,3,3,NaN
0,3,3,NaN
0,3,3,0.7423423413009405
0,3,3,0.06426587784440972
0,3,3,NaN
0,3,3,0.6717661875924231
0,3,3,0.9394569650180941
0,3,3,NaN
0,3,3,NaN
0,3,3,0.9733084005106692
0,3,3,NaN
0,3,3,NaN
0,3,3,0.8006696868167401
0,3,3,NaN
0,3,3,NaN
0,3,3,NaN
0,3,3,NaN
0,3,3,NaN
0,3,3,0.5417209770628222
0,3,3,0.8450772854630715
0,3,3,NaN
0,3,3,0.31538291069709495
0,3,3,NaN
0,3,3,NaN
0,3,3,0.8652322931034484
0,3,3,NaN
0,3,3,NaN
0,3,3,NaN
0,3,3,0.5865196674031864
0,3,3,NaN
0,3,3,NaN
0,3,3,NaN
0,3,3,NaN
0,3,3,NaN
0,3,3,NaN
0,3,3,0.3921225773990182
0,3,3,NaN
0,3,3,0.8450772854630715
0,3,3,NaN
0,3,3,0.0939123558983152
0,3,3,NaN
0,3,3,NaN
0,3,3,NaN
0,3,3,NaN
0,3,3,0.0630282359819421
0,3,3,NaN
0,3,3,0.631220773570296
0,3,3,0.39269305989092546
0,3,3,NaN
0,3,3,0.7726517314264018
0,3,3,NaN
0,3,3,NaN
0,3,3,NaN
0,3,3,NaN
0,3,3,NaN
0,3,3,NaN
0,3,3,NaN
0,3,3,NaN
0,3,3,NaN
0,3,3,NaN
0,3,3,NaN
0,3,3,0.016656938369781698
0,3,3,NaN
0,3,3,0.0630282359819421
0,3,3,NaN
0,3,3,NaN
0,3,3,NaN
0,3,3,NaN
0,3,3,0.49543559874771725
0,3,3,NaN
0,3,3,NaN
0,3,3,NaN
0,3,3,NaN
0,3,3,0.7261107092544306
0,3,3,NaN
0,3,3,NaN
0,3,3,0.2023842908463311
0,3,3,NaN
0,3,3,0.631220773570296
0,3,3,NaN
0,3,3,NaN
0,3,3,NaN
0,3,3,NaN
0,3,3,0.9621632124559656
0,3,3,NaN
0,3,3,NaN
0,3,3,0.2783692877527476
0,3,3,NaN
0,3,3,0.2954562226479242
0,3,3,NaN
0,3,3,0.24290906152647984
0,3,3,NaN
0,3,3,0.3421322247429502
0,3,3,NaN
0,3,3,NaN
0,3,3,NaN
0,3,3,NaN
0,3,3,NaN
0,3,3,NaN
0,3,3,0.7092033041123709
0,3,3,NaN
0,3,3,NaN
0,3,3,NaN
0,3,3,NaN
0,3,3,0.8237080657963236
0,3,3,NaN
0,3,3,NaN
0,3,3,0.4475557477195245
0,3,3,NaN
0,3,3,NaN
0,3,3,NaN
0,3,3,NaN
0,3,3,NaN
0,3,3,NaN
0,3,3,NaN
0,3,3,NaN
0,3,3,NaN
0,3,3,NaN
0,3,3,NaN
0,3,3,0.8237080657963236
0,3,3,0.9047853618061095
0,3,3,0.8827570506600473
0,3,3,0.8827570506600473
0,3,3,0.8237080657963236
0,3,3,0.4475557477195245
0,3,3,0.6717661875924231
0,3,3,0.4011103777394731
0,3,3,NaN
0,3,3,NaN
0,3,3,NaN
0,3,3,NaN
0,3,3,0.9137791798943785
0,3,3,NaN
0,3,3,NaN
0,3,3,NaN
0,3,3,NaN
0,3,3,NaN
0,3,3,NaN
0,3,3,NaN
0,3,3,0.49543559874771725
0,3,3,NaN
0,3,3,0.8076511550142321
0,3,3,0.8652322931034484
0,3,3,NaN
0,3,3,0.13695747655435897
0,3,3,NaN
0,3,3,NaN
0,3,3,NaN
0,3,3,NaN
0,3,3,NaN
0,3,3,0.03542250385965071
0,3,3,NaN
0,3,3,NaN
0,3,3,NaN
0,3,3,NaN
0,3,3,NaN
0,3,3,NaN
0,3,3,0.7726517314264018
0,3,3,0.13695747655435897
0,3,3,NaN
0,3,3,NaN
0,3,3,0.2783692877527476
0,3,3,0.31538291069709495
0,3,3,NaN
0,3,3,NaN
0,3,3,NaN
0,3,3,0.08612589160650815
0,3,3,NaN
0,3,3,0.49680201880863273
0,3,3,0.11735031057960332
0,3,3,NaN
0,3,3,0.9789190809366978
0,3,3,NaN
0,3,3,NaN
0,3,3,NaN
0,3,3,0.6717661875924231
0,3,3,0.004509454290979477
0,3,3,NaN
0,3,3,0.24290906152647984
0,3,3,NaN
0,3,3,NaN
0,3,3,NaN
0,3,3,0.15938727449707998
0,3,3,NaN
0,3,3,NaN
0,3,3,NaN
0,3,3,0.8450772854630715
0,3,3,NaN
0,3,3,0.21185071034975703
0,3,3,0.4475557477195245
0,3,3,NaN
0,3,3,NaN
0,3,3,NaN
0,3,3,NaN
0,3,3,0.6717661875924231
0,3,3,NaN
0,3,3,NaN
0,3,3,0.21185071034975703
0,3,3,NaN
0,3,3,NaN
0,3,3,0.5417209770628222
0,3,3,NaN
0,3,3,0.39269305989092546
0,3,3,NaN
0,3,3,NaN
0,3,3,NaN
0,3,3,0.11735031057960332
0,3,3,NaN
0,3,3,NaN
0,3,3,NaN
0,3,3,0.17600453156660253
0,3,3,NaN
0,3,3,NaN
0,3,3,0.18348414923983342
0,3,3,NaN
0,3,3,0.6717661875924231
0,3,3,NaN
0,3,3,0.7726517314264018
0,3,3,NaN
0,3,3,NaN
0,3,3,0.7092033041123709
0,3,3,NaN
0,3,3,NaN
0,3,3,NaN
0,3,3,NaN
0,3,3,NaN
0,3,3,NaN
0,3,3,0.8237080657963236
0,3,3,NaN
0,3,3,0.8450772854630715
0,3,3,NaN
0,3,3,NaN
0,3,3,NaN
0,3,3,NaN
0,3,3,NaN
0,3,3,0.6717661875924231
0,3,3,NaN
0,3,3,0.04691745961105644
0,3,3,0.31538291069709495
0,3,3,0.18070989167746893
0,3,3,NaN
0,3,3,NaN
0,3,3,NaN
0,3,3,0.8652322931034484
0,3,3,NaN
0,3,3,NaN
0,3,3,0.8821315975070846
0,3,3,0.44178975064255993
0,3,3,0.9137791798943785
0,3,3,NaN
0,3,3,0.4011103777394731
0,3,3,NaN
0,3,3,0.2783692877527476
0,3,3,NaN
0,3,3,NaN
0,3,3,NaN
0,3,3,NaN
0,3,3,NaN
0,3,3,NaN
0,3,3,NaN
0,3,3,NaN
0,3,3,NaN
0,3,3,NaN
0,3,3,NaN
0,3,3,NaN
0,3,3,0.4475557477195245
0,3,3,NaN
0,3,3,0.023437746643316073
0,3,3,NaN
0,3,3,NaN
0,3,3,NaN
0,3,3,NaN
0,3,3,NaN
0,3,3,NaN
0,3,3,NaN
0,3,3,0.11735031057960332
0,3,3,NaN
0,3,3,NaN
0,3,3,0.5417209770628222
0,3,3,NaN
0,3,3,0.5865196674031864
0,3,3,NaN
0,3,3,0.631220773570296
0,3,3,NaN
0,3,3,NaN
0,3,3,NaN
0,3,3,NaN
0,3,3,0.4011103777394731
0,3,3,NaN
0,3,3,0.6718829133842396
0,3,3,0.5183374556419776
0,3,3,0.011335119107957231
0,3,3,NaN
0,3,3,NaN
0,3,3,NaN
0,3,3,NaN
0,3,3,NaN
0,3,3,NaN
0,3,3,NaN
0,3,3,0.04531425270758149
0,3,3,NaN
0,3,3,NaN
0,3,3,NaN
0,3,3,NaN
0,3,3,0.7423423413009405
0,3,3,0.321221426047442
0,3,3,NaN
0,3,3,0.7726517314264018
0,3,3,NaN
0,3,3,NaN
0,3,3,NaN
0,3,3,NaN
0,3,3,0.13695747655435897
0,3,3,0.9493033010224405
0,3,3,NaN
0,3,3,0.49543559874771725
0,3,3,NaN
0,3,3,NaN
0,3,3,NaN
0,3,3,NaN
0,3,3,0.6717661875924231
0,3,3,NaN
0,3,3,NaN
0,3,3,NaN
0,3,3,NaN
0,3,3,NaN
0,3,3,NaN
0,3,3,NaN
0,3,3,NaN
0,3,3,NaN
0,3,3,NaN
0,3,3,0.15938727449707998
0,3,3,0.7854062055518571
0,3,3,NaN
0,3,3,NaN
0,3,3,NaN
0,3,3,NaN
0,3,3,NaN
0,3,3,NaN
0,3,3,0.2783692877527476
0,3,3,NaN
0,3,3,0.7423423413009405
0,3,3,0.24290906152647984
0,3,3,0.5865196674031864
0,3,3,0.5865196674031864
0,3,3,NaN
0,3,3,NaN
0,3,3,0.8006696868167401
0,3,3,NaN
0,3,3,0.9663500458367166
0,3,3,NaN
0,3,3,NaN
0,3,3,NaN
0,3,3,NaN
0,3,3,0.0630282359819421
0,3,3,NaN
0,3,3,NaN
0,3,3,0.9137791798943785
0,3,3,NaN
0,3,3,NaN
0,3,3,NaN
0,3,3,NaN
0,3,3,NaN
0,3,3,NaN
0,3,3,NaN
0,3,3,0.18348414923983342
0,3,3,NaN
0,3,3,NaN
0,3,3,0.03831329598506057
0,3,3,NaN
0,3,3,0.5865196674031864
0,3,3,0.21185071034975703
0,3,3,NaN
0,3,3,NaN
0,3,3,NaN
0,3,3,0.631220773570296
0,3,3,NaN
0,3,3,NaN
0,3,3,NaN
0,3,3,NaN
0,3,3,NaN
0,3,3,NaN
0,3,3,0.8006696868167401
0,3,3,NaN
0,3,3,NaN
0,3,3,NaN
0,3,3,0.011335119107957231
0,3,3,NaN
0,3,3,0.9663500458367166
0,3,3,NaN
0,3,3,NaN
0,3,3,NaN
0,3,3,NaN
0,3,3,NaN
0,3,3,NaN
0,3,3,NaN
0,3,3,NaN
0,3,3,NaN
0,3,3,NaN
0,3,3,NaN
0,3,3,NaN
0,3,3,NaN
0,3,3,NaN
0,3,3,NaN
0,3,3,NaN
0,3,3,0.9137791798943785
0,3,3,NaN
0,3,3,NaN
0,3,3,NaN
0,3,3,NaN
0,3,3,NaN
0,3,3,NaN
0,3,3,NaN
0,3,3,NaN
0,3,3,0.7423423413009405
0,3,3,NaN
0,3,3,NaN
0,3,3,NaN
0,3,3,0.3557510427918548
0,3,3,0.9394569650180941
0,3,3,NaN
0,3,3,NaN
0,3,3,NaN
0,3,3,NaN
0,3,3,NaN
0,3,3,NaN
0,3,3,NaN
0,3,3,NaN
0,3,3,NaN
0,3,3,NaN
0,3,3,NaN
0,3,3,0.9493033010224405
0,3,3,NaN
0,3,3,0.31538291069709495
0,3,3,NaN
0,3,3,0.11735031057960332
0,3,3,NaN
0,3,3,NaN
0,3,3,NaN
0,3,3,NaN
0,3,3,NaN
0,3,3,NaN
0,3,3,NaN
0,3,3,NaN
0,3,3,0.031899501372293
0,3,3,0.9556969248072393
0,3,3,0.5865196674031864
0,3,3,NaN
0,3,3,NaN
0,3,3,NaN
0,3,3,NaN
0,3,3,NaN
0,3,3,NaN
0,3,3,0.0032344506104328807
0,3,3,NaN
0,3,3,NaN
0,3,3,0.13695747655435897
0,3,3,NaN
0,3,3,NaN
0,3,3,NaN
0,3,3,NaN
0,3,3,NaN
0,3,3,NaN
0,3,3,NaN
0,3,3,NaN
0,3,3,NaN
0,3,3,NaN
0,3,3,NaN
0,3,3,NaN
0,3,3,0.5417209770628222
0,3,3,NaN
0,3,3,NaN
0,3,3,NaN
0,3,3,NaN
0,3,3,NaN
0,3,3,NaN
0,3,3,NaN
0,3,3,NaN
0,3,3,0.9493033010224405
0,3,3,NaN
0,3,3,0.49543559874771725
0,3,3,NaN
0,3,3,NaN
0,3,3,NaN
0,3,3,NaN
0,3,3,NaN
0,3,3,NaN
0,3,3,NaN
0,3,3,NaN
0,3,3,NaN
0,3,3,NaN
0,3,3,NaN
0,3,3,0.631220773570296
0,3,3,NaN
0,3,3,NaN
0,3,3,NaN
0,3,3,0.02787455723542097
0,3,3,NaN
0,3,3,0.619427914833329
0,3,3,NaN
0,3,3,NaN
0,3,3,NaN
0,3,3,NaN
0,3,3,NaN
0,3,3,NaN
0,3,3,0.21185071034975703
0,3,3,NaN
0,3,3,0.2783692877527476
0,3,3,NaN
0,3,3,NaN
0,3,3,NaN
0,3,3,0.3557510427918548
0,3,3,NaN
0,3,3,NaN
0,3,3,NaN
0,3,3,NaN
0,3,3,NaN
0,3,3,NaN
0,3,3,0.5417209770628222
0,3,3,NaN
0,3,3,NaN
0,3,3,0.7726517314264018
0,3,3,NaN
0,3,3,0.8652322931034484
0,3,3,NaN
0,3,3,NaN
0,3,3,NaN
0,3,3,NaN
0,3,3,0.9394569650180941
0,3,3,NaN
0,3,3,NaN
0,3,3,0.8652322931034484
0,3,3,NaN
0,3,3,NaN
0,3,3,0.4475557477195245
0,3,3,NaN
0,3,3,NaN
0,3,3,NaN
0,3,3,NaN
0,3,3,0.9137791798943785
0,3,3,0.8450772854630715
0,3,3,NaN
0,3,3,NaN
0,3,3,0.3557510427918548
0,3,3,0.5417209770628222
0,3,3,NaN
0,3,3,NaN
0,3,3,NaN
0,3,3,0.8827570506600473
0,3,3,NaN
0,3,3,NaN
0,3,3,NaN
0,3,3,NaN
0,3,3,0.7008889145275486
0,3,3,NaN
0,3,3,NaN
0,3,3,NaN
0,3,3,NaN
0,3,3,NaN
0,3,3,0.9394569650180941
0,3,3,NaN
0,3,3,0.9137791798943785
0,3,3,NaN
0,3,3,NaN
0,3,3,NaN
0,3,3,NaN
0,3,3,0.31538291069709495
0,3,3,0.8237080657963236
0,3,3,0.4155618969404342
0,3,3,NaN
0,3,3,0.49543559874771725
0,3,3,NaN
0,3,3,NaN
0,3,3,0.6341923028368341
0,3,3,0.5865196674031864
0,3,3,NaN
0,3,3,0.8237080657963236
0,3,3,0.4011103777394731
0,3,3,NaN
0,3,3,NaN
0,3,3,NaN
0,3,3,NaN
0,3,3,NaN
0,3,3,NaN
0,3,3,0.15938727449707998
0,3,3,NaN
0,3,3,NaN
0,3,3,0.31182217031339193
0,3,3,0.8450772854630715
0,3,3,NaN
0,3,3,NaN
0,3,3,0.24290906152647984
0,3,3,NaN
0,3,3,0.08612589160650815
0,3,3,NaN
0,3,3,NaN
0,3,3,NaN
0,3,3,NaN
0,3,3,0.5180838030620013
0,3,3,0.8652322931034484
0,3,3,0.7423423413009405
0,3,3,0.002174644490643963
0,3,3,NaN
0,3,3,NaN
0,3,3,0.2662566548664171
0,3,3,NaN
0,3,3,NaN
0,3,3,0.8450772854630715
0,3,3,NaN
0,3,3,NaN
0,3,3,NaN
0,3,3,0.21185071034975703
0,3,3,NaN
0,3,3,0.032853775051729074
0,3,3,NaN
0,3,3,NaN
0,3,3,NaN
0,3,3,NaN
0,3,3,NaN
0,3,3,NaN
0,3,3,NaN
0,3,3,NaN
0,3,3,NaN
0,3,3,NaN
0,3,3,NaN
0,3,3,0.01384068834559692
0,3,3,0.8006696868167401
0,3,3,0.7726517314264018
0,3,3,NaN
0,3,3,NaN
0,3,3,0.8827570506600473
0,3,3,0.9841738135856081
0,3,3,0.49543559874771725
0,3,3,NaN
0,3,3,0.6717661875924231
0,3,3,NaN
0,3,3,NaN
0,3,3,NaN
0,3,3,0.7092033041123709
0,3,3,NaN
0,3,3,0.9047853618061095
0,3,3,NaN
0,3,3,NaN
0,3,3,NaN
0,3,3,NaN
0,3,3,NaN
0,3,3,0.08612589160650815
0,3,3,NaN
0,3,3,NaN
0,3,3,0.24290906152647984
0,3,3,NaN
0,3,3,0.8827570506600473
0,3,3,NaN
0,3,3,0.3557510427918548
0,3,3,NaN
0,3,3,NaN
0,3,3,0.037934897540293014
0,3,3,NaN
0,3,3,NaN
0,3,3,NaN
0,3,3,NaN
0,3,3,NaN
0,3,3,NaN
0,3,3,NaN
0,3,3,NaN
0,3,3,NaN
0,3,3,0.04225142236583336
0,3,3,0.5417209770628222
0,3,3,NaN
0,3,3,0.8652322931034484
0,3,3,NaN
0,3,3,NaN
0,3,3,NaN
0,3,3,NaN
0,3,3,NaN
0,3,3,NaN
0,3,3,0.5865196674031864
0,3,3,NaN
0,3,3,NaN
0,3,3,NaN
0,3,3,NaN
0,3,3,0.09585577161339616
0,3,3,NaN
0,3,3,0.31538291069709495
0,3,3,NaN
0,3,3,NaN
0,3,3,NaN
0,3,3,NaN
0,3,3,NaN
0,3,3,NaN
0,3,3,NaN
0,3,3,NaN
0,3,3,NaN
0,3,3,0.011335119107957231
0,3,3,NaN
0,3,3,0.4011103777394731
0,3,3,NaN
0,3,3,NaN
0,3,3,NaN
0,3,3,0.14189240120171184
0,3,3,0.4475557477195245
0,3,3,0.3557510427918548
0,3,3,NaN
0,3,3,0.4011103777394731
0,3,3,0.8237080657963236
0,3,3,0.31538291069709495
0,3,3,NaN
0,3,3,0.13595932099187039
0,3,3,0.8827570506600473
0,3,3,NaN
0,3,3,NaN
0,3,3,NaN
0,3,3,NaN
0,3,3,NaN
0,3,3,NaN
0,3,3,0.21185071034975703
0,3,3,NaN
0,3,3,NaN
0,3,3,0.2455370881738518
0,3,3,0.31538291069709495
0,3,3,NaN
0,3,3,NaN
0,3,3,NaN
0,3,3,0.21185071034975703
0,3,3,NaN
0,3,3,NaN
0,3,3,NaN
0,3,3,NaN
0,3,3,NaN
0,3,3,0.2821285268260289
0,3,3,NaN
0,3,3,NaN
0,3,3,NaN
0,3,3,NaN
0,3,3,NaN
0,3,3,0.2783692877527476
0,3,3,NaN
0,3,3,NaN
0,3,3,0.6368500392896812
0,3,3,0.8237080657963236
0,3,3,NaN
0,3,3,NaN
0,3,3,0.4011103777394731
0,3,3,0.8006696868167401
0,3,3,0.31538291069709495
0,3,3,NaN
0,3,3,NaN
0,3,3,NaN
0,3,3,0.5737458270684518
0,3,3,0.21185071034975703
0,3,3,NaN
0,3,3,NaN
0,3,3,NaN
0,3,3,NaN
0,3,3,0.24290906152647984
0,3,3,0.4475557477195245
0,3,3,NaN
0,3,3,NaN
0,3,3,NaN
0,3,3,0.892330774293112
0,3,3,NaN
0,3,3,0.8640689242098223
0,3,3,NaN
0,3,3,NaN
0,3,3,NaN
0,3,3,NaN
0,3,3,0.13535130453988403
0,3,3,NaN
0,3,3,NaN
0,3,3,NaN
0,3,3,NaN
0,3,3,0.5417209770628222
0,3,3,0.0630282359819421
0,3,3,NaN
0,3,3,NaN
0,3,3,NaN
0,3,3,NaN
0,3,3,NaN
0,3,3,NaN
0,3,3,NaN
0,3,3,NaN
0,3,3,0.8450772854630715
0,3,3,NaN
0,3,3,NaN
0,3,3,0.8006696868167401
0,3,3,NaN
0,3,3,NaN
0,3,3,NaN
0,3,3,NaN
0,3,3,NaN
0,3,3,NaN
0,3,3,NaN
0,3,3,NaN
0,3,3,0.3557510427918548
0,3,3,NaN
0,3,3,NaN
0,3,3,0.7092033041123709
0,3,3,0.8652322931034484
0,3,3,0.5417209770628222
0,3,3,NaN
0,3,3,NaN
0,3,3,NaN
0,3,3,NaN
0,3,3,0.15938727449707998
0,3,3,NaN
0,3,3,NaN
0,3,3,NaN
0,3,3,0.1045240737737313
0,3,3,NaN
0,3,3,0.6286352646486054
0,3,3,0.21793114523149193
0,3,3,NaN
0,3,3,0.5865196674031864
0,3,3,0.7423423413009405
0,3,3,0.631220773570296
0,3,3,0.2783692877527476
0,3,3,NaN
0,3,3,0.9943152957847301
0,3,3,NaN
0,3,3,NaN
0,3,3,NaN
0,3,3,0.2783692877527476
0,3,3,NaN
0,3,3,NaN
0,3,3,NaN
0,3,3,0.07361819104140599
0,3,3,NaN
0,3,3,NaN
0,3,3,NaN
0,3,3,NaN
0,3,3,0.49543559874771725
0,3,3,0.005768109628956703
0,3,3,NaN
0,3,3,NaN
0,3,3,0.8652322931034484
0,3,3,0.11735031057960332
0,3,3,NaN
0,3,3,NaN
0,3,3,NaN
0,3,3,0.4475557477195245
0,3,3,NaN
0,3,3,NaN
0,3,3,NaN
0,3,3,NaN
0,3,3,NaN
0,3,3,0.2783692877527476
0,3,3,NaN
0,3,3,NaN
0,3,3,NaN
0,3,3,NaN
0,3,3,0.11778302376262217
0,3,3,0.7423423413009405
0,3,3,0.13695747655435897
0,3,3,NaN
0,3,3,0.7423423413009405
0,3,3,NaN
0,3,3,0.0630282359819421
0,3,3,0.8450772854630715
0,3,3,NaN
0,3,3,NaN
0,3,3,NaN
0,3,3,NaN
0,3,3,0.4011103777394731
0,3,3,NaN
0,3,3,0.6717661875924231
0,3,3,NaN
0,3,3,0.11735031057960332
0,3,3,NaN
0,3,3,NaN
0,3,3,0.4155618969404342
0,3,3,NaN
0,3,3,NaN
0,3,3,NaN
0,3,3,NaN
0,3,3,NaN
0,3,3,NaN
0,3,3,NaN
0,3,3,NaN
0,3,3,NaN
0,3,3,NaN
0,3,3,NaN
0,3,3,NaN
0,3,3,0.07361819104140599
0,3,3,0.6717661875924231
0,3,3,NaN
0,3,3,0.3296496747755379
0,3,3,NaN
0,3,3,NaN
0,3,3,NaN
0,3,3,NaN
0,3,3,0.15938727449707998
0,3,3,NaN
0,3,3,NaN
0,3,3,NaN
0,3,3,0.9705615494173081
0,3,3,0.03831329598506057
0,3,3,0.3557510427918548
0,3,3,NaN
0,3,3,0.2783692877527476
0,3,3,NaN
0,3,3,NaN
0,3,3,0.21185071034975703
0,3,3,NaN
0,3,3,NaN
0,3,3,NaN
0,3,3,NaN
0,3,3,NaN
0,3,3,NaN
0,3,3,NaN
0,3,3,NaN
0,3,3,0.7423423413009405
0,3,3,0.5417209770628222
0,3,3,0.5865196674031864
0,3,3,0.3557510427918548
0,3,3,NaN
0,3,3,0.9394569650180941
0,3,3,NaN
0,3,3,0.24290906152647984
0,3,3,NaN
0,3,3,NaN
0,3,3,NaN
0,3,3,NaN
0,3,3,NaN
0,3,3,NaN
0,3,3,0.6717661875924231
0,3,3,NaN
0,3,3,0.6717661875924231
0,3,3,0.9263616469895146
0,3,3,NaN
0,3,3,0.9493033010224405
0,3,3,NaN
0,3,3,NaN
0,3,3,NaN
0,3,3,0.7726517314264018
0,3,3,NaN
0,3,3,NaN
0,3,3,NaN
0,3,3,NaN
0,3,3,NaN
0,3,3,0.2783692877527476
0,3,3,NaN
0,3,3,NaN
0,3,3,0.007349342594627595
0,3,3,NaN
0,3,3,NaN
0,3,3,0.22112908935485992
0,3,3,NaN
0,3,3,0.49543559874771725
0,3,3,NaN
0,3,3,NaN
0,3,3,NaN
0,3,3,NaN
0,3,3,0.8958762517401009
0,3,3,NaN
0,3,3,NaN
0,3,3,0.8006696868167401
0,3,3,NaN
0,3,3,NaN
0,3,3,NaN
0,3,3,0.24290906152647984
0,3,3,NaN
0,3,3,NaN
0,3,3,NaN
0,3,3,0.9394569650180941
0,3,3,0.9272124484159221
0,3,3,NaN
0,3,3,0.49543559874771725
0,3,3,NaN
0,3,3,NaN
0,3,3,NaN
0,3,3,NaN
0,3,3,NaN
0,3,3,NaN
0,3,3,0.7092033041123709
0,3,3,NaN
0,3,3,0.9137791798943785
0,3,3,NaN
0,3,3,0.6717661875924231
0,3,3,NaN
0,3,3,NaN
0,3,3,0.7092033041123709
0,3,3,0.9394569650180941
0,3,3,NaN
0,3,3,NaN
0,3,3,NaN
0,3,3,NaN
0,3,3,NaN
0,3,3,NaN
0,3,3,NaN
0,3,3,0.18348414923983342
0,3,3,NaN
0,3,3,NaN
0,3,3,NaN
0,3,3,NaN
0,3,3,NaN
0,3,3,NaN
0,3,3,NaN
0,3,3,NaN
0,3,3,NaN
0,3,3,NaN
0,3,3,NaN
0,3,3,NaN
0,3,3,NaN
0,3,3,NaN
0,3,3,NaN
0,3,3,NaN
0,3,3,NaN
0,3,3,NaN
0,3,3,NaN
0,3,3,NaN
0,3,3,0.631220773570296
0,3,3,0.03831329598506057
0,3,3,0.48945833991568644
0,3,3,NaN
0,3,3,NaN
0,3,3,NaN
0,3,3,NaN
0,3,3,NaN
0,3,3,NaN
0,3,3,NaN
0,3,3,0.21185071034975703
0,3,3,NaN
0,3,3,NaN
0,3,3,NaN
0,3,3,0.4011103777394731
0,3,3,NaN
0,3,3,NaN
0,3,3,0.892330774293112
0,3,3,NaN
0,3,3,NaN
0,3,3,NaN
0,3,3,NaN
0,3,3,0.9590286414731528
0,3,3,NaN
0,3,3,NaN
0,3,3,NaN
0,3,3,NaN
0,3,3,NaN
0,3,3,NaN
0,3,3,0.5417209770628222
0,3,3,NaN
0,3,3,NaN
0,3,3,0.7423423413009405
0,3,3,NaN
0,3,3,NaN
0,3,3,0.18348414923983342
0,3,3,NaN
0,3,3,NaN
0,3,3,NaN
0,3,3,NaN
0,3,3,NaN
0,3,3,NaN
0,3,3,0.07721489853968687
0,3,3,NaN
0,3,3,0.07361819104140599
0,3,3,NaN
0,3,3,0.9137791798943785
0,3,3,0.24290906152647984
0,3,3,0.8652322931034484
0,3,3,NaN
0,3,3,0.7195910676048861
0,3,3,NaN
0,3,3,NaN
0,3,3,NaN
0,3,3,0.5417209770628222
0,3,3,NaN
0,3,3,NaN
0,3,3,NaN
0,3,3,NaN
0,3,3,NaN
0,3,3,0.15938727449707998
0,3,3,NaN
0,3,3,NaN
0,3,3,NaN
0,3,3,NaN
0,3,3,NaN
0,3,3,NaN
0,3,3,NaN
0,3,3,NaN
0,3,3,0.8652322931034484
0,3,3,0.3557510427918548
0,3,3,0.9493033010224405
0,3,3,NaN
0,3,3,0.7092033041123709
0,3,3,NaN
0,3,3,NaN
0,3,3,NaN
0,3,3,0.631220773570296
0,3,3,NaN
0,3,3,0.7092033041123709
0,3,3,NaN
0,3,3,0.18348414923983342
0,3,3,NaN
0,3,3,NaN
0,3,3,0.7726517314264018
0,3,3,NaN
0,3,3,0.5773362437137952
0,3,3,NaN
0,3,3,NaN
0,3,3,NaN
0,3,3,NaN
0,3,3,NaN
0,3,3,0.9493033010224405
0,3,3,NaN
0,3,3,0.631220773570296
0,3,3,0.49543559874771725
0,3,3,NaN
0,3,3,NaN
0,3,3,NaN
0,3,3,NaN
0,3,3,NaN
0,3,3,0.6717661875924231
0,3,3,NaN
0,3,3,0.15938727449707998
0,3,3,NaN
0,3,3,NaN
0,3,3,NaN
0,3,3,0.5417209770628222
0,3,3,NaN
0,3,3,0.4475557477195245
0,3,3,0.631220773570296
0,3,3,NaN
0,3,3,0.02787455723542097
0,3,3,0.016656938369781698
0,3,3,0.8450772854630715
0,3,3,0.2783692877527476
0,3,3,0.9493033010224405
0,3,3,NaN
0,3,3,NaN
0,3,3,NaN
0,3,3,NaN
0,3,3,0.3557510427918548
0,3,3,NaN
0,3,3,0.4011103777394731
0,3,3,NaN
0,3,3,0.9272124484159221
0,3,3,NaN
0,3,3,NaN
0,3,3,0.49543559874771725
0,3,3,NaN
0,3,3,0.4475557477195245
0,3,3,NaN
0,3,3,0.11735031057960332
0,3,3,NaN
0,3,3,NaN
0,3,3,NaN
0,3,3,0.4475557477195245
0,3,3,NaN
0,3,3,NaN
0,3,3,NaN
0,3,3,0.3557510427918548
0,3,3,0.4155618969404342
0,3,3,NaN
0,3,3,NaN
0,3,3,NaN
0,3,3,NaN
0,3,3,0.8672028944838255
0,3,3,NaN
0,3,3,NaN
0,3,3,NaN
0,3,3,NaN
0,3,3,NaN
0,3,3,NaN
0,3,3,0.4011103777394731
0,3,3,NaN
0,3,3,NaN
0,3,3,0.19393484159783017
0,3,3,NaN
0,3,3,NaN
0,3,3,NaN
0,3,3,NaN
0,3,3,NaN
0,3,3,NaN
0,3,3,NaN
0,3,3,NaN
0,3,3,NaN
0,3,3,NaN
0,3,3,NaN
0,3,3,0.31538291069709495
0,3,3,0.19159711197536944
0,3,3,0.8652322931034484
0,3,3,NaN
0,3,3,NaN
0,3,3,0.4155618969404342
0,3,3,0.3557510427918548
0,3,3,NaN
0,3,3,0.06260803999115534
0,3,3,NaN
0,3,3,NaN
0,3,3,0.757393750692233
0,3,3,0.9394569650180941
0,3,3,NaN
0,3,3,0.9272124484159221
0,3,3,NaN
0,3,3,NaN
0,3,3,NaN
0,3,3,NaN
0,3,3,NaN
0,3,3,NaN
0,3,3,NaN
0,3,3,NaN
0,3,3,NaN
0,3,3,NaN
0,3,3,NaN
0,3,3,NaN
0,3,3,NaN
0,3,3,0.8006696868167401
0,3,3,NaN
0,3,3,0.8237080657963236
0,3,3,NaN
0,3,3,NaN
0,3,3,NaN
0,3,3,NaN
0,3,3,NaN
0,3,3,NaN
0,3,3,NaN
0,3,3,0.10032275229784271
0,3,3,NaN
0,3,3,0.04531425270758149
0,3,3,NaN
0,3,3,NaN
0,3,3,0.9841738135856081
0,3,3,NaN
0,3,3,NaN
0,3,3,NaN
0,3,3,NaN
0,3,3,0.6717661875924231
0,3,3,NaN
0,3,3,NaN
0,3,3,0.631220773570296
0,3,3,0.9396124013901456
0,3,3,NaN
0,3,3,NaN
0,3,3,NaN
0,3,3,0.07361819104140599
0,3,3,NaN
0,3,3,0.7092033041123709
0,3,3,NaN
0,3,3,0.3557510427918548
0,3,3,0.9399889673842494
0,3,3,0.9137791798943785
0,3,3,NaN
0,3,3,0.9394569650180941
0,3,3,NaN
0,3,3,NaN
0,3,3,NaN
0,3,3,NaN
0,3,3,NaN
0,3,3,NaN
0,3,3,0.7092033041123709
0,3,3,NaN
0,3,3,0.631220773570296
0,3,3,NaN
0,3,3,0.010116968549697727
0,3,3,0.7423423413009405
0,3,3,NaN
0,3,3,NaN
0,3,3,NaN
0,3,3,NaN
0,3,3,NaN
0,3,3,0.023437746643316073
0,3,3,NaN
0,3,3,0.21185071034975703
0,3,3,0.49543559874771725
0,3,3,NaN
0,3,3,NaN
0,3,3,NaN
0,3,3,NaN
0,3,3,0.4810476269387019
0,3,3,0.5973498793000412
0,3,3,NaN
0,3,3,0.5417209770628222
0,3,3,0.4475557477195245
0,3,3,0.631220773570296
0,3,3,NaN
0,3,3,NaN
0,3,3,NaN
0,3,3,NaN
0,3,3,NaN
0,3,3,NaN
0,3,3,NaN
0,3,3,0.4011103777394731
0,3,3,0.2783692877527476
0,3,3,NaN
0,3,3,NaN
0,3,3,NaN
0,3,3,NaN
0,3,3,NaN
0,3,3,NaN
0,3,3,0.8237080657963236
0,3,3,0.18348414923983342
0,3,3,NaN
0,3,3,NaN
0,3,3,NaN
0,3,3,NaN
0,3,3,NaN
0,3,3,NaN
0,3,3,NaN
0,3,3,NaN
0,3,3,NaN
0,3,3,0.7726517314264018
0,3,3,NaN
0,3,3,NaN
0,3,3,NaN
0,3,3,NaN
0,3,3,NaN
0,3,3,NaN
0,3,3,0.08622547085482696
0,3,3,NaN
0,3,3,0.23552307669141448
0,3,3,0.5865196674031864
0,3,3,NaN
0,3,3,NaN
0,3,3,NaN
0,3,3,0.9272124484159221
0,3,3,0.21185071034975703
0,3,3,NaN
0,3,3,NaN
0,3,3,NaN
0,3,3,NaN
0,3,3,NaN
0,3,3,NaN
0,3,3,NaN
0,3,3,NaN
0,3,3,0.8237080657963236
0,3,3,NaN
0,3,3,NaN
0,3,3,0.4475557477195245
0,3,3,NaN
0,3,3,NaN
0,3,3,NaN
0,3,3,NaN
0,3,3,NaN
0,3,3,NaN
0,3,3,NaN
0,3,3,0.11735031057960332
0,3,3,0.24290906152647984
0,3,3,NaN
0,3,3,0.24290906152647984
0,3,3,0.5865196674031864
0,3,3,NaN
0,3,3,NaN
0,3,3,NaN
0,3,3,0.9025137882987498
0,3,3,NaN
0,3,3,NaN
0,3,3,NaN
0,3,3,0.6877696185067498
0,3,3,0.21185071034975703
0,3,3,NaN
0,3,3,NaN
0,3,3,NaN
0,3,3,NaN
0,3,3,NaN
0,3,3,NaN
0,3,3,0.4475557477195245
0,3,3,0.31538291069709495
0,3,3,NaN
0,3,3,NaN
0,3,3,0.4011103777394731
0,3,3,NaN
0,3,3,0.8450772854630715
0,3,3,0.5417209770628222
0,3,3,NaN
0,3,3,NaN
0,3,3,NaN
0,3,3,0.17494077114024512
0,3,3,NaN
0,3,3,NaN
0,3,3,0.8450772854630715
0,3,3,NaN
0,3,3,NaN
0,3,3,0.4475557477195245
0,3,3,NaN
0,3,3,0.7726517314264018
0,3,3,NaN
0,3,3,NaN
0,3,3,0.3557510427918548
0,3,3,NaN
0,3,3,0.4475557477195245
0,3,3,0.21185071034975703
0,3,3,NaN
0,3,3,0.9394569650180941
0,3,3,NaN
0,3,3,NaN
0,3,3,0.2783692877527476
0,3,3,0.9137791798943785
0,3,3,0.13695747655435897
0,3,3,NaN
0,3,3,NaN
0,3,3,NaN
0,3,3,NaN
0,3,3,NaN
0,3,3,NaN
0,3,3,0.2783692877527476
0,3,3,NaN
0,3,3,NaN
0,3,3,NaN
0,3,3,0.7726517314264018
0,3,3,NaN
0,3,3,NaN
0,3,3,NaN
0,3,3,NaN
0,3,3,NaN
0,3,3,0.07361819104140599
0,3,3,0.9001259164326818
0,3,3,NaN
0,3,3,NaN
0,3,3,0.377758460589766
0,3,3,NaN
0,3,3,NaN
0,3,3,0.18070989167746893
0,3,3,NaN
0,3,3,0.8652322931034484
0,3,3,0.07336314586646288
0,3,3,NaN
0,3,3,NaN
0,3,3,NaN
0,3,3,NaN
0,3,3,NaN
0,3,3,NaN
0,3,3,NaN
0,3,3,NaN
0,3,3,NaN
0,3,3,NaN
0,3,3,0.10044552340224652
0,3,3,NaN
0,3,3,0.21185071034975703
0,3,3,NaN
0,3,3,0.7726517314264018
0,3,3,0.01384068834559692
0,3,3,NaN
0,3,3,0.18348414923983342
0,3,3,NaN
0,3,3,NaN
0,3,3,0.9733084005106692
0,3,3,NaN
0,3,3,NaN
0,3,3,NaN
0,3,3,NaN
0,3,3,0.3683063365100792
0,3,3,0.10032275229784271
0,3,3,NaN
0,3,3,NaN
0,3,3,NaN
0,3,3,0.24290906152647984
0,3,3,NaN
0,3,3,NaN
0,3,3,NaN
0,3,3,0.9137791798943785
0,3,3,NaN
0,3,3,0.8827570506600473
0,3,3,NaN
0,3,3,NaN
0,3,3,NaN
0,3,3,0.5417209770628222
0,3,3,NaN
0,3,3,NaN
0,3,3,0.6078036258336132
0,3,3,0.5417209770628222
0,3,3,0.03743375752191524
0,3,3,NaN
0,3,3,NaN
0,3,3,0.9789190809366978
0,3,3,NaN
0,3,3,NaN
0,3,3,0.5417209770628222
0,3,3,0.2783692877527476
0,3,3,NaN
0,3,3,NaN
0,3,3,NaN
0,3,3,NaN
0,3,3,NaN
0,3,3,NaN
0,3,3,NaN
0,3,3,0.9137791798943785
0,3,3,0.49543559874771725
0,3,3,NaN
0,3,3,NaN
0,3,3,0.4011103777394731
0,3,3,NaN
0,3,3,NaN
0,3,3,0.7722756456000196
0,3,3,NaN
0,3,3,NaN
0,3,3,NaN
0,3,3,NaN
0,3,3,NaN
0,3,3,NaN
0,3,3,NaN
0,3,3,0.631220773570296
0,3,3,NaN
0,3,3,NaN
0,3,3,0.8827570506600473
0,3,3,NaN
0,3,3,NaN
0,3,3,0.8652322931034484
0,3,3,NaN
0,3,3,NaN
0,3,3,NaN
0,3,3,0.3557510427918548
0,3,3,NaN
0,3,3,NaN
0,3,3,0.7915804538670338
0,3,3,NaN
0,3,3,NaN
0,3,3,NaN
0,3,3,NaN
0,3,3,0.4475557477195245
0,3,3,NaN
0,3,3,NaN
0,3,3,0.4765577138168422
0,3,3,NaN
0,3,3,NaN
0,3,3,NaN
0,3,3,NaN
0,3,3,NaN
0,3,3,0.5865196674031864
0,3,3,0.9394569650180941
0,3,3,NaN
0,3,3,NaN
0,3,3,NaN
0,3,3,NaN
0,3,3,0.26182431502777886
0,3,3,0.631220773570296
0,3,3,NaN
0,3,3,NaN
0,3,3,NaN
0,3,3,NaN
0,3,3,NaN
0,3,3,NaN
0,3,3,NaN
0,3,3,0.5865196674031864
0,3,3,NaN
0,3,3,NaN
0,3,3,NaN
0,3,3,NaN
0,3,3,0.3557510427918548
0,3,3,NaN
0,3,3,NaN
0,3,3,NaN
0,3,3,NaN
0,3,3,NaN
0,3,3,NaN
0,3,3,NaN
0,3,3,0.5417209770628222
0,3,3,NaN
0,3,3,NaN
0,3,3,NaN
0,3,3,NaN
0,3,3,NaN
0,3,3,0.2783692877527476
0,3,3,NaN
0,3,3,0.9493033010224405
0,3,3,0.3557510427918548
0,3,3,0.3557510427918548
0,3,3,0.08612589160650815
0,3,3,NaN
0,3,3,NaN
0,3,3,NaN
0,3,3,NaN
0,3,3,NaN
0,3,3,NaN
0,3,3,NaN
0,3,3,0.48416940683333404
0,3,3,NaN
0,3,3,0.4475557477195245
0,3,3,NaN
0,3,3,NaN
0,3,3,NaN
0,3,3,NaN
0,3,3,0.8237080657963236
0,3,3,NaN
0,3,3,NaN
0,3,3,NaN
0,3,3,NaN
0,3,3,NaN
0,3,3,NaN
0,3,3,0.4011103777394731
0,3,3,NaN
0,3,3,NaN
0,3,3,0.8450772854630715
0,3,3,NaN
0,3,3,0.3557510427918548
0,3,3,0.8017070843095779
0,3,3,NaN
0,3,3,0.7092033041123709
0,3,3,NaN
0,3,3,NaN
0,3,3,NaN
0,3,3,NaN
0,3,3,NaN
0,3,3,NaN
0,3,3,0.3557510427918548
0,3,3,NaN
0,3,3,0.2783692877527476
0,3,3,NaN
0,3,3,NaN
0,3,3,0.49543559874771725
0,3,3,NaN
0,3,3,NaN
0,3,3,NaN
0,3,3,NaN
0,3,3,NaN
0,3,3,NaN
0,3,3,NaN
0,3,3,0.11735031057960332
0,3,3,NaN
0,3,3,NaN
0,3,3,NaN
0,3,3,NaN
0,3,3,NaN
0,3,3,NaN
0,3,3,0.6717661875924231
0,3,3,NaN
0,3,3,NaN
0,3,3,NaN
0,3,3,0.7726517314264018
0,3,3,NaN
0,3,3,NaN
0,3,3,NaN
0,3,3,0.0192164001336207
0,3,3,NaN
0,3,3,0.6717661875924231
0,3,3,NaN
0,3,3,0.4475557477195245
0,3,3,0.8450772854630715
0,3,3,NaN
0,3,3,0.7128003214641632
0,3,3,0.31538291069709495
0,3,3,0.5865196674031864
0,3,3,NaN
0,3,3,0.4475557477195245
0,3,3,NaN
0,3,3,0.5865196674031864
0,3,3,NaN
0,3,3,NaN
0,3,3,NaN
0,3,3,0.024729265768079406
0,3,3,0.48945833991568644
0,3,3,NaN
0,3,3,NaN
0,3,3,0.48416940683333404
0,3,3,0.8652322931034484
0,3,3,0.8450772854630715
0,3,3,0.8450772854630715
0,3,3,NaN
0,3,3,NaN
0,3,3,0.2187885149467455
0,3,3,NaN
0,3,3,0.2783692877527476
0,3,3,NaN
0,3,3,NaN
0,3,3,NaN
0,3,3,0.21185071034975703
0,3,3,0.8006696868167401
0,3,3,0.7726517314264018
0,3,3,NaN
0,3,3,NaN
0,3,3,NaN
0,3,3,NaN
0,3,3,NaN
0,3,3,NaN
0,3,3,0.18348414923983342
0,3,3,NaN
0,3,3,NaN
0,3,3,NaN
0,3,3,NaN
0,3,3,NaN
0,3,3,NaN
0,3,3,NaN
0,3,3,NaN
0,3,3,NaN
0,3,3,NaN
0,3,3,0.08612589160650815
0,3,3,0.47746777727762757
0,3,3,NaN
0,3,3,NaN
0,3,3,0.10032275229784271
0,3,3,NaN
0,3,3,NaN
0,3,3,NaN
0,3,3,NaN
0,3,3,0.7423423413009405
0,3,3,0.7247091139775156
0,3,3,0.6717661875924231
0,3,3,0.5427791979508634
0,3,3,0.053556438906752275
0,3,3,NaN
0,3,3,0.9137791798943785
0,3,3,NaN
0,3,3,NaN
0,3,3,NaN
0,3,3,0.49543559874771725
0,3,3,0.13695747655435897
0,3,3,0.5417209770628222
0,3,3,NaN
0,3,3,NaN
0,3,3,NaN
0,3,3,NaN
0,3,3,NaN
0,3,3,0.631220773570296
0,3,3,NaN
0,3,3,NaN
0,3,3,NaN
0,3,3,0.8652322931034484
0,3,3,NaN
0,3,3,NaN
0,3,3,NaN
0,3,3,NaN
0,3,3,NaN
0,3,3,NaN
0,3,3,0.33996259583933386
0,3,3,NaN
0,3,3,NaN
0,3,3,NaN
0,3,3,0.49543559874771725
0,3,3,NaN
0,3,3,NaN
0,3,3,0.7433590367901758
0,3,3,NaN
0,3,3,NaN
0,3,3,0.03831329598506057
0,3,3,NaN
0,3,3,NaN
0,3,3,NaN
0,3,3,NaN
0,3,3,NaN
0,3,3,NaN
0,3,3,0.31538291069709495
0,3,3,NaN
0,3,3,NaN
0,3,3,NaN
0,3,3,NaN
0,3,3,NaN
0,3,3,NaN
0,3,3,NaN
0,3,3,NaN
0,3,3,0.11735031057960332
0,3,3,NaN
0,3,3,NaN
0,3,3,NaN
0,3,3,NaN
0,3,3,0.011335119107957231
0,3,3,0.016656938369781698
0,3,3,0.7092033041123709
0,3,3,0.4011103777394731
0,3,3,NaN
0,3,3,NaN
0,3,3,0.631220773570296
0,3,3,0.7726517314264018
0,3,3,NaN
0,3,3,0.6717661875924231
0,3,3,NaN
0,3,3,0.49543559874771725
0,3,3,NaN
0,3,3,NaN
0,3,3,NaN
0,3,3,0.05874651298217758
0,3,3,0.8450772854630715
0,3,3,0.8006696868167401
0,3,3,NaN
0,3,3,0.9001259164326818
0,3,3,NaN
0,3,3,NaN
0,3,3,NaN
0,3,3,NaN
0,3,3,NaN
0,3,3,NaN
0,3,3,NaN
0,3,3,0.11735031057960332
0,3,3,NaN
0,3,3,NaN
0,3,3,NaN
0,3,3,0.8237080657963236
0,3,3,NaN
0,3,3,NaN
0,3,3,NaN
0,3,3,NaN
0,3,3,NaN
0,3,3,0.7423423413009405
0,3,3,2.6281312890721482e-5
0,3,3,NaN
0,3,3,NaN
0,3,3,NaN
0,3,3,0.8237080657963236
0,3,3,NaN
0,3,3,NaN
0,3,3,NaN
0,3,3,0.7423423413009405
0,3,3,0.41537645198799034
0,3,3,0.31538291069709495
0,3,3,NaN
0,3,3,NaN
0,3,3,NaN
0,3,3,NaN
0,3,3,NaN
0,3,3,0.010116968549697727
0,3,3,NaN
0,3,3,NaN
0,3,3,NaN
0,3,3,NaN
0,3,3,NaN
0,3,3,NaN
0,3,3,0.11735031057960332
0,3,3,NaN
0,3,3,NaN
0,3,3,NaN
0,3,3,NaN
0,3,3,NaN
0,3,3,NaN
0,3,3,NaN
0,3,3,NaN
0,3,3,0.631220773570296
0,3,3,NaN
0,3,3,NaN
0,3,3,NaN
0,3,3,NaN
0,3,3,NaN
0,3,3,NaN
0,3,3,NaN
0,3,3,NaN
0,3,3,NaN
0,3,3,NaN
0,3,3,0.6424149571665142
0,3,3,NaN
0,3,3,NaN
0,3,3,NaN
0,3,3,0.31538291069709495
0,3,3,0.7433590367901758
0,3,3,0.41537645198799034
0,3,3,NaN
0,3,3,0.7726517314264018
0,3,3,NaN
0,3,3,NaN
0,3,3,0.6717661875924231
0,3,3,NaN
0,3,3,NaN
0,3,3,0.943835936647512
0,3,3,NaN
0,3,3,NaN
0,3,3,NaN
0,3,3,NaN
0,3,3,NaN
0,3,3,NaN
0,3,3,NaN
0,3,3,NaN
0,3,3,NaN
0,3,3,NaN
0,3,3,NaN
0,3,3,0.565973051072774
0,3,3,0.9001259164326818
0,3,3,NaN
0,3,3,NaN
0,3,3,0.5417209770628222
0,3,3,NaN
0,3,3,0.8450772854630715
0,3,3,NaN
0,3,3,NaN
0,3,3,0.4155618969404342
0,3,3,NaN
0,3,3,NaN
0,3,3,NaN
0,3,3,NaN
0,3,3,NaN
0,3,3,NaN
0,3,3,0.5865196674031864
0,3,3,NaN
0,3,3,0.8237080657963236
0,3,3,NaN
0,3,3,0.31538291069709495
0,3,3,NaN
0,3,3,0.4475557477195245
0,3,3,0.6950686511737141
0,3,3,NaN
0,3,3,NaN
0,3,3,0.8237080657963236
0,3,3,0.9493033010224405
0,3,3,NaN
0,3,3,0.30232623165185657
0,3,3,0.17239957638594303
0,3,3,NaN
0,3,3,0.7423423413009405
0,3,3,NaN
0,3,3,0.631220773570296
0,3,3,0.053556438906752275
0,3,3,0.7423423413009405
0,3,3,0.4759859066755086
0,3,3,0.11735031057960332
0,3,3,NaN
0,3,3,NaN
0,3,3,0.4475557477195245
0,3,3,NaN
0,3,3,NaN
0,3,3,0.01384068834559692
0,3,3,NaN
0,3,3,0.631220773570296
0,3,3,0.4011103777394731
0,3,3,NaN
0,3,3,NaN
0,3,3,NaN
0,3,3,NaN
0,3,3,0.5417209770628222
0,3,3,0.2783692877527476
0,3,3,NaN
0,3,3,NaN
0,3,3,NaN
0,3,3,0.4011103777394731
0,3,3,NaN
0,3,3,NaN
0,3,3,0.8978401930379759
0,3,3,NaN
0,3,3,NaN
0,3,3,NaN
0,3,3,0.07118757559816605
0,3,3,NaN
0,3,3,NaN
0,3,3,NaN
0,3,3,NaN
0,3,3,NaN
0,3,3,0.4475557477195245
0,3,3,NaN
0,3,3,NaN
0,3,3,0.0306016193995903
0,3,3,NaN
0,3,3,NaN
0,3,3,NaN
0,3,3,0.04531425270758149
0,3,3,NaN
0,3,3,NaN
0,3,3,NaN
0,3,3,0.3557510427918548
0,3,3,NaN
0,3,3,NaN
0,3,3,NaN
0,3,3,NaN
0,3,3,0.11004266429364606
0,3,3,0.011335119107957231
0,3,3,0.08612589160650815
0,3,3,NaN
0,3,3,0.7092033041123709
0,3,3,NaN
0,3,3,NaN
0,3,3,0.6717661875924231
0,3,3,NaN
0,3,3,NaN
0,3,3,NaN
0,3,3,NaN
0,3,3,NaN
0,3,3,NaN
0,3,3,NaN
0,3,3,NaN
0,3,3,NaN
0,3,3,NaN
0,3,3,0.7423423413009405
0,3,3,0.2783692877527476
0,3,3,NaN
0,3,3,0.4475557477195245
0,3,3,0.11735031057960332
0,3,3,NaN
0,3,3,NaN
0,3,3,0.4011103777394731
0,3,3,NaN
0,3,3,NaN
0,3,3,NaN
0,3,3,NaN
0,3,3,NaN
0,3,3,0.8006696868167401
0,3,3,NaN
0,3,3,NaN
0,3,3,0.5865196674031864
0,3,3,NaN
0,3,3,0.12609489334674728
0,3,3,NaN
0,3,3,0.7726517314264018
0,3,3,NaN
0,3,3,NaN
0,3,3,0.7092033041123709
0,3,3,NaN
0,3,3,NaN
0,3,3,NaN
0,3,3,NaN
0,3,3,NaN
0,3,3,NaN
0,3,3,0.10032275229784271
0,3,3,0.9590286414731528
0,3,3,NaN
0,3,3,NaN
0,3,3,NaN
0,3,3,NaN
0,3,3,NaN
0,3,3,NaN
0,3,3,NaN
0,3,3,NaN
0,3,3,NaN
0,3,3,NaN
0,3,3,NaN
0,3,3,0.18348414923983342
0,3,3,NaN
0,3,3,0.6717661875924231
0,3,3,0.2783692877527476
0,3,3,NaN
0,3,3,NaN
0,3,3,0.055019965025258535
0,3,3,0.9001259164326818
0,3,3,NaN
0,3,3,NaN
0,3,3,NaN
0,3,3,NaN
0,3,3,NaN
0,3,3,NaN
0,3,3,0.8450772854630715
0,3,3,NaN
0,3,3,NaN
0,3,3,NaN
0,3,3,0.631220773570296
0,3,3,0.6717661875924231
0,3,3,NaN
0,3,3,NaN
0,3,3,NaN
0,3,3,NaN
0,3,3,NaN
0,3,3,NaN
0,3,3,NaN
0,3,3,NaN
0,3,3,NaN
0,3,3,NaN
0,3,3,NaN
0,3,3,NaN
0,3,3,NaN
0,3,3,NaN
0,3,3,NaN
0,3,3,NaN
0,3,3,NaN
0,3,3,NaN
0,3,3,NaN
0,3,3,0.04072166146359844
0,3,3,NaN
0,3,3,NaN
0,3,3,NaN
0,3,3,NaN
0,3,3,0.49543559874771725
0,3,3,NaN
0,3,3,NaN
0,3,3,NaN
0,3,3,NaN
0,3,3,NaN
0,3,3,NaN
0,3,3,NaN
0,3,3,NaN
0,3,3,NaN
0,3,3,NaN
0,3,3,NaN
0,3,3,0.29847576848684493
0,3,3,NaN
0,3,3,NaN
0,3,3,NaN
0,3,3,0.7092033041123709
0,3,3,NaN
0,3,3,NaN
0,3,3,0.6698788055378292
0,3,3,NaN
0,3,3,0.0630282359819421
0,3,3,NaN
0,3,3,NaN
0,3,3,NaN
0,3,3,0.11735031057960332
0,3,3,0.9137791798943785
0,3,3,0.7423423413009405
0,3,3,0.8237080657963236
0,3,3,NaN
0,3,3,0.42934391970117475
0,3,3,0.22061921544044888
0,3,3,0.4011103777394731
0,3,3,NaN
0,3,3,0.8450772854630715
0,3,3,0.7092033041123709
0,3,3,NaN
0,3,3,NaN
0,3,3,NaN
0,3,3,NaN
0,3,3,0.7726517314264018
0,3,3,0.032853775051729074
0,3,3,NaN
0,3,3,NaN
0,3,3,NaN
0,3,3,0.49543559874771725
0,3,3,NaN
0,3,3,NaN
0,3,3,NaN
0,3,3,NaN
0,3,3,NaN
0,3,3,NaN
0,3,3,NaN
0,3,3,NaN
0,3,3,NaN
0,3,3,0.7726517314264018
0,3,3,NaN
0,3,3,0.9137791798943785
0,3,3,0.8652322931034484
0,3,3,NaN
0,3,3,NaN
0,3,3,NaN
0,3,3,NaN
0,3,3,NaN
0,3,3,NaN
0,3,3,NaN
0,3,3,NaN
0,3,3,NaN
0,3,3,NaN
0,3,3,0.24076794488549014
0,3,3,0.4011103777394731
0,3,3,NaN
0,3,3,NaN
0,3,3,0.3557510427918548
0,3,3,NaN
0,3,3,0.8526324443380607
0,3,3,NaN
0,3,3,NaN
0,3,3,0.5865196674031864
0,3,3,NaN
0,3,3,NaN
0,3,3,NaN
0,3,3,NaN
0,3,3,NaN
0,3,3,0.8237080657963236
0,3,3,NaN
0,3,3,NaN
0,3,3,NaN
0,3,3,NaN
0,3,3,0.0630282359819421
0,3,3,0.8652322931034484
0,3,3,NaN
0,3,3,NaN
0,3,3,NaN
0,3,3,NaN
0,3,3,NaN
0,3,3,NaN
0,3,3,NaN
0,3,3,0.31538291069709495
0,3,3,NaN
0,3,3,NaN
0,3,3,0.7423423413009405
0,3,3,NaN
0,3,3,0.7423423413009405
0,3,3,0.20774295427201153
0,3,3,0.631220773570296
0,3,3,0.3557510427918548
0,3,3,NaN
0,3,3,0.5417209770628222
0,3,3,NaN
0,3,3,NaN
0,3,3,NaN
0,3,3,NaN
0,3,3,0.6717661875924231
0,3,3,NaN
0,3,3,NaN
0,3,3,NaN
0,3,3,0.9628189117338997
0,3,3,0.49543559874771725
0,3,3,NaN
0,3,3,NaN
0,3,3,NaN
0,3,3,NaN
0,3,3,NaN
0,3,3,NaN
0,3,3,0.04531425270758149
0,3,3,NaN
0,3,3,NaN
0,3,3,0.8237080657963236
0,3,3,NaN
0,3,3,0.15938727449707998
0,3,3,NaN
0,3,3,NaN
0,3,3,NaN
0,3,3,NaN
0,3,3,NaN
0,3,3,NaN
0,3,3,0.7092033041123709
0,3,3,0.49543559874771725
0,3,3,NaN
0,3,3,NaN
0,3,3,0.7092033041123709
0,3,3,NaN
0,3,3,0.8237080657963236
0,3,3,0.24290906152647984
0,3,3,NaN
0,3,3,0.4011103777394731
0,3,3,NaN
0,3,3,NaN
0,3,3,NaN
0,3,3,NaN
0,3,3,NaN
0,3,3,0.03831329598506057
0,3,3,NaN
0,3,3,0.08612589160650815
0,3,3,NaN
0,3,3,0.9550365032141755
0,3,3,NaN
0,3,3,NaN
0,3,3,NaN
0,3,3,NaN
0,3,3,NaN
0,3,3,0.18348414923983342
0,3,3,NaN
0,3,3,NaN
0,3,3,NaN
0,3,3,NaN
0,3,3,0.9590286414731528
0,3,3,NaN
0,3,3,NaN
0,3,3,0.7423423413009405
0,3,3,NaN
0,3,3,NaN
0,3,3,NaN
0,3,3,0.8237080657963236
0,3,3,NaN
0,3,3,NaN
0,3,3,NaN
0,3,3,0.6018962792846809
0,3,3,NaN
0,3,3,NaN
0,3,3,0.3557510427918548
0,3,3,NaN
0,3,3,0.032853775051729074
0,3,3,0.5417209770628222
0,3,3,0.9001259164326818
0,3,3,NaN
0,3,3,NaN
0,3,3,NaN
0,3,3,NaN
0,3,3,NaN
0,3,3,NaN
0,3,3,0.9001259164326818
0,3,3,NaN
0,3,3,NaN
0,3,3,NaN
0,3,3,0.631220773570296
0,3,3,0.8237080657963236
0,3,3,NaN
0,3,3,0.08612589160650815
0,3,3,NaN
0,3,3,NaN
0,3,3,NaN
0,3,3,NaN
0,3,3,NaN
0,3,3,0.6717661875924231
0,3,3,NaN
0,3,3,0.30232623165185657
0,3,3,NaN
0,3,3,0.07361819104140599
0,3,3,NaN
0,3,3,0.9272124484159221
0,3,3,NaN
0,3,3,0.620640103386705
0,3,3,NaN
0,3,3,NaN
0,3,3,NaN
0,3,3,NaN
0,3,3,0.6717661875924231
0,3,3,0.4011103777394731
0,3,3,NaN
0,3,3,0.053556438906752275
0,3,3,NaN
0,3,3,NaN
0,3,3,NaN
0,3,3,0.7423423413009405
0,3,3,NaN
0,3,3,NaN
0,3,3,NaN
0,3,3,NaN
0,3,3,NaN
0,3,3,NaN
0,3,3,NaN
0,3,3,NaN
0,3,3,NaN
0,3,3,NaN
0,3,3,NaN
0,3,3,NaN
0,3,3,0.49543559874771725
0,3,3,NaN
0,3,3,0.9590286414731528
0,3,3,0.8006696868167401
0,3,3,NaN
0,3,3,0.545442080694089
0,3,3,NaN
0,3,3,NaN
0,3,3,NaN
0,3,3,0.5417209770628222
0,3,3,NaN
0,3,3,NaN
0,3,3,NaN
0,3,3,NaN
0,3,3,NaN
0,3,3,NaN
0,3,3,NaN
0,3,3,NaN
0,3,3,NaN
0,3,3,NaN
0,3,3,0.7423423413009405
0,3,3,NaN
0,3,3,NaN
0,3,3,NaN
0,3,3,NaN
0,3,3,NaN
0,3,3,0.8652322931034484
0,3,3,0.4011103777394731
0,3,3,0.7092033041123709
0,3,3,NaN
0,3,3,NaN
0,3,3,NaN
0,3,3,NaN
0,3,3,NaN
0,3,3,0.9394569650180941
0,3,3,NaN
0,3,3,NaN
0,3,3,NaN
0,3,3,NaN
0,3,3,NaN
0,3,3,NaN
0,3,3,0.9394569650180941
0,3,3,NaN
0,3,3,NaN
0,3,3,0.002174644490643963
0,3,3,0.49543559874771725
0,3,3,0.5417209770628222
0,3,3,NaN
0,3,3,NaN
0,3,3,NaN
0,3,3,NaN
0,3,3,NaN
0,3,3,0.5417209770628222
0,3,3,NaN
0,3,3,0.7092033041123709
0,3,3,NaN
0,3,3,NaN
0,3,3,0.9493033010224405
0,3,3,NaN
0,3,3,0.0630282359819421
0,3,3,NaN
0,3,3,0.11735031057960332
0,3,3,NaN
0,3,3,0.7423423413009405
0,3,3,NaN
0,3,3,NaN
0,3,3,NaN
0,3,3,NaN
0,3,3,NaN
0,3,3,0.9001259164326818
0,3,3,0.5477267710409502
0,3,3,0.9493033010224405
0,3,3,NaN
0,3,3,NaN
0,3,3,NaN
0,3,3,NaN
0,3,3,NaN
0,3,3,0.8006696868167401
0,3,3,NaN
0,3,3,0.9001259164326818
0,3,3,0.01996352449046529
0,3,3,NaN
0,3,3,NaN
0,3,3,NaN
0,3,3,0.9841738135856081
0,3,3,NaN
0,3,3,NaN
0,3,3,0.8237080657963236
0,3,3,0.011335119107957231
0,3,3,NaN
0,3,3,NaN
0,3,3,NaN
0,3,3,NaN
0,3,3,0.631220773570296
0,3,3,NaN
0,3,3,NaN
0,3,3,0.18348414923983342
0,3,3,NaN
0,3,3,0.9001259164326818
0,3,3,NaN
0,3,3,NaN
0,3,3,NaN
0,3,3,NaN
0,3,3,NaN
0,3,3,0.6717661875924231
0,3,3,0.9493033010224405
0,3,3,NaN
0,3,3,0.8827570506600473
0,3,3,NaN
0,3,3,NaN
0,3,3,NaN
0,3,3,NaN
0,3,3,NaN
0,3,3,NaN
0,3,3,0.7726517314264018
0,3,3,NaN
0,3,3,0.0051653647514528205
0,3,3,NaN
0,3,3,NaN
0,3,3,NaN
0,3,3,0.4011103777394731
0,3,3,NaN
0,3,3,0.31538291069709495
0,3,3,NaN
0,3,3,NaN
0,3,3,0.6163604147416746
0,3,3,0.8827570506600473
0,3,3,NaN
0,3,3,0.03831329598506057
0,3,3,NaN
0,3,3,NaN
0,3,3,NaN
0,3,3,0.31538291069709495
0,3,3,NaN
0,3,3,NaN
0,3,3,NaN
0,3,3,NaN
0,3,3,NaN
0,3,3,NaN
0,3,3,NaN
0,3,3,0.15938727449707998
0,3,3,NaN
0,3,3,0.10032275229784271
0,3,3,0.4475557477195245
0,3,3,NaN
0,3,3,NaN
0,3,3,NaN
0,3,3,NaN
0,3,3,NaN
0,3,3,NaN
0,3,3,NaN
0,3,3,0.8006696868167401
0,3,3,NaN
0,3,3,NaN
0,3,3,NaN
0,3,3,NaN
0,3,3,0.8237080657963236
0,3,3,NaN
0,3,3,0.3557510427918548
0,3,3,NaN
0,3,3,NaN
0,3,3,NaN
0,3,3,0.5356673432373547
0,3,3,NaN
0,3,3,NaN
0,3,3,NaN
0,3,3,0.07361819104140599
0,3,3,0.5417209770628222
0,3,3,NaN
0,3,3,NaN
0,3,3,NaN
0,3,3,0.21185071034975703
0,3,3,NaN
0,3,3,NaN
0,3,3,0.4475557477195245
0,3,3,0.8652322931034484
0,3,3,NaN
0,3,3,NaN
0,3,3,0.12535701036362762
0,3,3,0.49543559874771725
0,3,3,NaN
0,3,3,0.0006806321525892365
0,3,3,NaN
0,3,3,NaN
0,3,3,0.8006696868167401
0,3,3,NaN
0,3,3,NaN
0,3,3,NaN
0,3,3,NaN
0,3,3,NaN
0,3,3,NaN
0,3,3,0.9789190809366978
0,3,3,NaN
0,3,3,NaN
0,3,3,NaN
0,3,3,NaN
0,3,3,NaN
0,3,3,0.631220773570296
0,3,3,NaN
0,3,3,NaN
0,3,3,NaN
0,3,3,0.3557510427918548
0,3,3,NaN
0,3,3,0.8652322931034484
0,3,3,NaN
0,3,3,0.13695747655435897
0,3,3,NaN
0,3,3,NaN
0,3,3,NaN
0,3,3,0.8237080657963236
0,3,3,NaN
0,3,3,NaN
0,3,3,NaN
0,3,3,0.9272124484159221
0,3,3,0.8006696868167401
0,3,3,0.8006696868167401
0,3,3,0.5865196674031864
0,3,3,NaN
0,3,3,0.631220773570296
0,3,3,NaN
0,3,3,NaN
0,3,3,NaN
0,3,3,NaN
0,3,3,NaN
0,3,3,0.7726517314264018
0,3,3,NaN
0,3,3,NaN
0,3,3,0.7726517314264018
0,3,3,NaN
0,3,3,0.4011103777394731
0,3,3,NaN
0,3,3,NaN
0,3,3,NaN
0,3,3,NaN
0,3,3,NaN
0,3,3,NaN
0,3,3,NaN
0,3,3,NaN
0,3,3,0.002174644490643963
0,3,3,0.8450772854630715
0,3,3,0.7423423413009405
0,3,3,NaN
0,3,3,NaN
0,3,3,NaN
0,3,3,NaN
0,3,3,0.7092033041123709
0,3,3,NaN
0,3,3,NaN
0,3,3,NaN
0,3,3,NaN
0,3,3,0.10032275229784271
0,3,3,NaN
0,3,3,NaN
0,3,3,NaN
0,3,3,NaN
0,3,3,NaN
0,3,3,NaN
0,3,3,NaN
0,3,3,NaN
0,3,3,NaN
0,3,3,NaN
0,3,3,NaN
0,3,3,NaN
0,3,3,NaN
0,3,3,NaN
0,3,3,0.7423423413009405
0,3,3,NaN
0,3,3,NaN
0,3,3,NaN
0,3,3,NaN
0,3,3,NaN
0,3,3,0.0630282359819421
0,3,3,NaN
0,3,3,NaN
0,3,3,0.9841738135856081
0,3,3,NaN
0,3,3,NaN
0,3,3,0.8827570506600473
0,3,3,NaN
0,3,3,0.6361110900314597
0,3,3,NaN
0,3,3,NaN
0,3,3,NaN
0,3,3,NaN
0,3,3,NaN
0,3,3,NaN
0,3,3,0.9841738135856081
0,3,3,NaN
0,3,3,NaN
0,3,3,NaN
0,3,3,NaN
0,3,3,NaN
0,3,3,0.053556438906752275
0,3,3,NaN
0,3,3,0.8006696868167401
0,3,3,NaN
0,3,3,0.4475557477195245
0,3,3,NaN
0,3,3,0.013958060429149566
0,3,3,NaN
0,3,3,0.17061968600930538
0,3,3,0.4011103777394731
0,3,3,0.13695747655435897
0,3,3,NaN
0,3,3,NaN
0,3,3,NaN
0,3,3,NaN
0,3,3,NaN
0,3,3,NaN
0,3,3,NaN
0,3,3,NaN
0,3,3,NaN
0,3,3,NaN
0,3,3,0.8055448683865796
0,3,3,0.6247885572206273
0,3,3,0.5417209770628222
0,3,3,NaN
0,3,3,0.10032275229784271
0,3,3,0.631220773570296
0,3,3,0.8237080657963236
0,3,3,0.44522753777302426
0,3,3,0.49543559874771725
0,3,3,NaN
0,3,3,NaN
0,3,3,0.17333563068094793
0,3,3,0.15938727449707998
0,3,3,NaN
0,3,3,0.4475557477195245
0,3,3,0.10032275229784271
0,3,3,NaN
0,3,3,0.31538291069709495
0,3,3,0.4475557477195245
0,3,3,NaN
0,3,3,0.13695747655435897
0,3,3,NaN
0,3,3,NaN
0,3,3,NaN
0,3,3,NaN
0,3,3,NaN
0,3,3,NaN
0,3,3,NaN
0,3,3,0.631220773570296
0,3,3,NaN
0,3,3,NaN
0,3,3,NaN
0,3,3,NaN
0,3,3,NaN
0,3,3,NaN
0,3,3,NaN
0,3,3,0.7726517314264018
0,3,3,0.9137791798943785
0,3,3,0.8768095693934921
0,3,3,NaN
0,3,3,NaN
0,3,3,0.31538291069709495
0,3,3,NaN
0,3,3,0.8237080657963236
0,3,3,NaN
0,3,3,0.8827570506600473
0,3,3,0.7423423413009405
0,3,3,NaN
0,3,3,NaN
0,3,3,NaN
0,3,3,0.2783692877527476
0,3,3,NaN
0,3,3,NaN
0,3,3,NaN
0,3,3,NaN
0,3,3,NaN
0,3,3,NaN
0,3,3,NaN
0,3,3,NaN
0,3,3,NaN
0,3,3,0.7423423413009405
0,3,3,0.2783692877527476
0,3,3,NaN
0,3,3,NaN
0,3,3,NaN
0,3,3,NaN
0,3,3,0.7423423413009405
0,3,3,NaN
0,3,3,NaN
0,3,3,NaN
0,3,3,NaN
0,3,3,NaN
0,3,3,NaN
0,3,3,NaN
0,3,3,NaN
0,3,3,0.8450772854630715
0,3,3,NaN
0,3,3,NaN
0,3,3,NaN
0,3,3,0.4475557477195245
0,3,3,0.7092033041123709
0,3,3,NaN
0,3,3,NaN
0,3,3,0.31538291069709495
0,3,3,NaN
0,3,3,NaN
0,3,3,NaN
0,3,3,0.6717661875924231
0,3,3,NaN
0,3,3,NaN
0,3,3,0.5417209770628222
0,3,3,NaN
0,3,3,NaN
0,3,3,0.7423423413009405
0,3,3,0.18348414923983342
0,3,3,0.15938727449707998
0,3,3,NaN
0,3,3,NaN
0,3,3,NaN
0,3,3,NaN
0,3,3,NaN
0,3,3,NaN
0,3,3,NaN
0,3,3,NaN
0,3,3,NaN
0,3,3,NaN
0,3,3,NaN
0,3,3,NaN
0,3,3,NaN
0,3,3,0.18348414923983342
0,3,3,NaN
0,3,3,NaN
0,3,3,NaN
0,3,3,0.5417209770628222
0,3,3,0.15938727449707998
0,3,3,NaN
0,3,3,NaN
0,3,3,NaN
0,3,3,0.15938727449707998
0,3,3,NaN
0,3,3,NaN
0,3,3,NaN
0,3,3,NaN
0,3,3,NaN
0,3,3,0.3457924028661233
0,3,3,NaN
0,3,3,0.07361819104140599
0,3,3,0.31538291069709495
0,3,3,NaN
0,3,3,NaN
0,3,3,NaN
0,3,3,0.13695747655435897
0,3,3,NaN
0,3,3,NaN
0,3,3,NaN
0,3,3,NaN
0,3,3,0.01384068834559692
0,3,3,NaN
0,3,3,0.7195910676048861
0,3,3,NaN
0,3,3,NaN
0,3,3,NaN
0,3,3,0.9272124484159221
0,3,3,NaN
0,3,3,0.0630282359819421
0,3,3,NaN
0,3,3,0.4011103777394731
0,3,3,0.9047853618061095
0,3,3,NaN
0,3,3,NaN
0,3,3,NaN
0,3,3,NaN
0,3,3,0.032853775051729074
0,3,3,NaN
0,3,3,0.7726517314264018
0,3,3,0.631220773570296
0,3,3,NaN
0,3,3,NaN
0,3,3,NaN
0,3,3,NaN
0,3,3,NaN
0,3,3,NaN
0,3,3,0.18348414923983342
0,3,3,NaN
0,3,3,NaN
0,3,3,NaN
0,3,3,0.7423423413009405
0,3,3,NaN
0,3,3,NaN
0,3,3,NaN
0,3,3,NaN
0,3,3,NaN
0,3,3,0.15938727449707998
0,3,3,NaN
0,3,3,NaN
0,3,3,NaN
0,3,3,NaN
0,3,3,NaN
0,3,3,0.24290906152647984
0,3,3,0.4475557477195245
0,3,3,0.8827570506600473
0,3,3,NaN
0,3,3,NaN
0,3,3,NaN
0,3,3,NaN
0,3,3,NaN
0,3,3,NaN
0,3,3,0.5417209770628222
0,3,3,0.9137791798943785
0,3,3,NaN
0,3,3,0.4155618969404342
0,3,3,NaN
0,3,3,NaN
0,3,3,0.5417209770628222
0,3,3,NaN
0,3,3,0.4011103777394731
0,3,3,0.0630282359819421
0,3,3,0.24290906152647984
0,3,3,NaN
0,3,3,NaN
0,3,3,0.9590286414731528
0,3,3,NaN
0,3,3,NaN
0,3,3,0.9093891752618881
0,3,3,NaN
0,3,3,0.9394569650180941
0,3,3,0.9001259164326818
0,3,3,NaN
0,3,3,NaN
0,3,3,NaN
0,3,3,NaN
0,3,3,0.15938727449707998
0,3,3,0.11735031057960332
0,3,3,NaN
0,3,3,NaN
0,3,3,NaN
0,3,3,NaN
0,3,3,0.8237080657963236
0,3,3,NaN
0,3,3,NaN
0,3,3,NaN
0,3,3,NaN
0,3,3,NaN
0,3,3,NaN
0,3,3,NaN
0,3,3,NaN
0,3,3,0.31538291069709495
0,3,3,0.8006696868167401
0,3,3,NaN
0,3,3,NaN
0,3,3,NaN
0,3,3,NaN
0,3,3,NaN
0,3,3,NaN
0,3,3,NaN
0,3,3,NaN
0,3,3,NaN
0,3,3,NaN
0,3,3,NaN
0,3,3,NaN
0,3,3,NaN
0,3,3,NaN
0,3,3,NaN
0,3,3,0.24290906152647984
0,3,3,0.3892404650973566
0,3,3,NaN
0,3,3,NaN
0,3,3,NaN
0,3,3,NaN
0,3,3,NaN
0,3,3,NaN
0,3,3,0.9001259164326818
0,3,3,NaN
0,3,3,NaN
0,3,3,NaN
0,3,3,NaN
0,3,3,NaN
0,3,3,0.08612589160650815
0,3,3,NaN
0,3,3,0.5417209770628222
0,3,3,NaN
0,3,3,NaN
0,3,3,0.3557510427918548
0,3,3,0.7261107092544306
0,3,3,NaN
0,3,3,NaN
0,3,3,NaN
0,3,3,NaN
0,3,3,0.4475557477195245
0,3,3,NaN
0,3,3,NaN
0,3,3,NaN
0,3,3,NaN
0,3,3,NaN
0,3,3,0.4011103777394731
0,3,3,NaN
0,3,3,NaN
0,3,3,0.07410943283789428
0,3,3,0.07361819104140599
0,3,3,0.5417209770628222
0,3,3,0.3557510427918548
0,3,3,NaN
0,3,3,NaN
0,3,3,NaN
0,3,3,NaN
0,3,3,NaN
0,3,3,NaN
0,3,3,NaN
0,3,3,0.6042626299089338
0,3,3,0.3557510427918548
0,3,3,NaN
0,3,3,NaN
0,3,3,NaN
0,3,3,NaN
0,3,3,NaN
0,3,3,NaN
0,3,3,NaN
0,3,3,NaN
0,3,3,0.49543559874771725
0,3,3,0.032853775051729074
0,3,3,NaN
0,3,3,NaN
0,3,3,NaN
0,3,3,0.6913177134149041
0,3,3,0.11735031057960332
0,3,3,0.3901201530147684
0,3,3,NaN
0,3,3,0.03147361739965893
0,3,3,NaN
0,3,3,NaN
0,3,3,NaN
0,3,3,NaN
0,3,3,NaN
0,3,3,NaN
0,3,3,0.2783692877527476
0,3,3,NaN
0,3,3,NaN
0,3,3,NaN
0,3,3,NaN
0,3,3,0.7345023209659065
0,3,3,NaN
0,3,3,NaN
0,3,3,NaN
0,3,3,NaN
0,3,3,0.8006696868167401
0,3,3,0.18348414923983342
0,3,3,0.8237080657963236
0,3,3,NaN
0,3,3,NaN
0,3,3,0.8827570506600473
0,3,3,NaN
0,3,3,0.4011103777394731
0,3,3,NaN
0,3,3,NaN
0,3,3,NaN
0,3,3,0.5865196674031864
0,3,3,NaN
0,3,3,0.9137791798943785
0,3,3,NaN
0,3,3,NaN
0,3,3,0.21185071034975703
0,3,3,NaN
0,3,3,NaN
0,3,3,0.11735031057960332
0,3,3,NaN
0,3,3,NaN
0,3,3,0.634063106622557
0,3,3,NaN
0,3,3,0.18348414923983342
0,3,3,NaN
0,3,3,NaN
0,3,3,0.8237080657963236
0,3,3,NaN
0,3,3,0.11735031057960332
0,3,3,NaN
0,3,3,NaN
0,3,3,NaN
0,3,3,0.01384068834559692
0,3,3,NaN
0,3,3,NaN
0,3,3,NaN
0,3,3,0.7092033041123709
0,3,3,NaN
0,3,3,NaN
0,3,3,NaN
0,3,3,NaN
0,3,3,NaN
0,3,3,0.07361819104140599
0,3,3,NaN
0,3,3,NaN
0,3,3,NaN
0,3,3,NaN
0,3,3,NaN
0,3,3,NaN
0,3,3,NaN
0,3,3,NaN
0,3,3,NaN
0,3,3,NaN
0,3,3,NaN
0,3,3,NaN
0,3,3,NaN
0,3,3,0.9137791798943785
0,3,3,0.7092033041123709
0,3,3,NaN
0,3,3,0.31538291069709495
0,3,3,NaN
0,3,3,NaN
0,3,3,0.7726517314264018
0,3,3,0.631220773570296
0,3,3,NaN
0,3,3,NaN
0,3,3,NaN
0,3,3,0.8450772854630715
0,3,3,NaN
0,3,3,0.8450772854630715
0,3,3,0.21185071034975703
0,3,3,0.7206816867481725
0,3,3,NaN
0,3,3,NaN
0,3,3,NaN
0,3,3,NaN
0,3,3,NaN
0,3,3,NaN
0,3,3,0.5865196674031864
0,3,3,NaN
0,3,3,NaN
0,3,3,NaN
0,3,3,0.2783692877527476
0,3,3,0.6717661875924231
0,3,3,NaN
0,3,3,NaN
0,3,3,NaN
0,3,3,NaN
0,3,3,NaN
0,3,3,0.4011103777394731
0,3,3,NaN
0,3,3,NaN
0,3,3,NaN
0,3,3,NaN
0,3,3,NaN
0,3,3,0.9272124484159221
0,3,3,0.9137791798943785
0,3,3,0.04008567985883298
0,3,3,NaN
0,3,3,0.011335119107957231
0,3,3,0.8012183129642948
0,3,3,NaN
0,3,3,NaN
0,3,3,0.15938727449707998
0,3,3,0.07361819104140599
0,3,3,NaN
0,3,3,0.7092033041123709
0,3,3,0.9001259164326818
0,3,3,NaN
0,3,3,NaN
0,3,3,0.631220773570296
0,3,3,0.04531425270758149
0,3,3,0.0016887152317888118
0,3,3,NaN
0,3,3,NaN
0,3,3,NaN
0,3,3,0.9272124484159221
0,3,3,NaN
0,3,3,0.6717661875924231
0,3,3,NaN
0,3,3,0.09685031835335334
0,3,3,NaN
0,3,3,NaN
0,3,3,0.4144725532144906
0,3,3,NaN
0,3,3,0.24290906152647984
0,3,3,0.8237080657963236
0,3,3,0.6717661875924231
0,3,3,NaN
0,3,3,0.9847043262013357
0,3,3,NaN
0,3,3,NaN
0,3,3,NaN
0,3,3,NaN
0,3,3,0.11735031057960332
0,3,3,NaN
0,3,3,NaN
0,3,3,NaN
0,3,3,NaN
0,3,3,NaN
0,3,3,0.8237080657963236
0,3,3,NaN
0,3,3,NaN
0,3,3,0.19707611935753971
0,3,3,NaN
0,3,3,NaN
0,3,3,NaN
0,3,3,NaN
0,3,3,0.19056295926922487
0,3,3,NaN
0,3,3,NaN
0,3,3,NaN
0,3,3,NaN
0,3,3,0.9001259164326818
0,3,3,NaN
0,3,3,0.053556438906752275
0,3,3,0.9272124484159221
0,3,3,NaN
0,3,3,NaN
0,3,3,0.053556438906752275
0,3,3,NaN
0,3,3,0.631220773570296
0,3,3,NaN
0,3,3,0.7869407257884593
0,3,3,NaN
0,3,3,NaN
0,3,3,0.21185071034975703
0,3,3,NaN
0,3,3,NaN
0,3,3,0.8006696868167401
0,3,3,0.8006696868167401
0,3,3,0.7029809655593798
0,3,3,NaN
0,3,3,NaN
0,3,3,NaN
0,3,3,0.4011103777394731
0,3,3,NaN
0,3,3,NaN
0,3,3,NaN
0,3,3,NaN
0,3,3,0.7092033041123709
0,3,3,NaN
0,3,3,NaN
0,3,3,NaN
0,3,3,NaN
0,3,3,NaN
0,3,3,NaN
0,3,3,NaN
0,3,3,0.49543559874771725
0,3,3,NaN
0,3,3,NaN
0,3,3,0.4011103777394731
0,3,3,0.5417209770628222
0,3,3,0.8827570506600473
0,3,3,NaN
0,3,3,NaN
0,3,3,NaN
0,3,3,NaN
0,3,3,NaN
0,3,3,NaN
0,3,3,NaN
0,3,3,NaN
0,3,3,0.8679189613997627
0,3,3,0.8006696868167401
0,3,3,0.9630945025694654
0,3,3,NaN
0,3,3,0.8652322931034484
0,3,3,0.0022228081557946287
0,3,3,NaN
0,3,3,0.6717661875924231
0,3,3,0.3557510427918548
0,3,3,0.8006696868167401
0,3,3,NaN
0,3,3,0.31538291069709495
0,3,3,NaN
0,3,3,0.5865196674031864
0,3,3,NaN
0,3,3,NaN
0,3,3,NaN
0,3,3,NaN
0,3,3,NaN
0,3,3,NaN
0,3,3,NaN
0,3,3,0.3557510427918548
0,3,3,NaN
0,3,3,0.4011103777394731
0,3,3,NaN
0,3,3,NaN
0,3,3,NaN
0,3,3,NaN
0,3,3,NaN
0,3,3,NaN
0,3,3,0.03831329598506057
0,3,3,0.6717661875924231
0,3,3,0.4166426774889227
0,3,3,NaN
0,3,3,NaN
0,3,3,0.9493033010224405
0,3,3,0.5417209770628222
0,3,3,NaN
0,3,3,NaN
0,3,3,NaN
0,3,3,NaN
0,3,3,NaN
0,3,3,NaN
0,3,3,NaN
0,3,3,0.3557510427918548
0,3,3,NaN
0,3,3,NaN
0,3,3,NaN
0,3,3,0.5417209770628222
0,3,3,NaN
0,3,3,0.24290906152647984
0,3,3,NaN
0,3,3,NaN
0,3,3,0.0008949479627873683
0,3,3,NaN
0,3,3,0.8652322931034484
0,3,3,NaN
0,3,3,NaN
0,3,3,0.7726517314264018
0,3,3,NaN
0,3,3,0.5802917560236949
0,3,3,0.8652322931034484
0,3,3,0.04531425270758149
0,3,3,0.18348414923983342
0,3,3,0.0630282359819421
0,3,3,NaN
0,3,3,NaN
0,3,3,NaN
0,3,3,NaN
0,3,3,0.4011103777394731
0,3,3,NaN
0,3,3,NaN
0,3,3,NaN
0,3,3,NaN
0,3,3,NaN
0,3,3,NaN
0,3,3,0.631220773570296
0,3,3,NaN
0,3,3,0.545442080694089
0,3,3,NaN
0,3,3,NaN
0,3,3,NaN
0,3,3,NaN
0,3,3,0.11881885597296148
0,3,3,NaN
0,3,3,NaN
0,3,3,NaN
0,3,3,NaN
0,3,3,0.15938727449707998
0,3,3,0.4475557477195245
0,3,3,NaN
0,3,3,NaN
0,3,3,NaN
0,3,3,0.4475557477195245
0,3,3,0.8006696868167401
0,3,3,NaN
0,3,3,0.8233369488341821
0,3,3,0.2783692877527476
0,3,3,0.49543559874771725
0,3,3,NaN
0,3,3,NaN
0,3,3,0.053556438906752275
0,3,3,0.4475557477195245
0,3,3,0.9137791798943785
0,3,3,0.15938727449707998
0,3,3,NaN
0,3,3,0.18348414923983342
0,3,3,NaN
0,3,3,NaN
0,3,3,NaN
0,3,3,0.18348414923983342
0,3,3,0.48945833991568644
0,3,3,NaN
0,3,3,NaN
0,3,3,NaN
0,3,3,NaN
0,3,3,NaN
0,3,3,0.9493033010224405
0,3,3,NaN
0,3,3,NaN
0,3,3,NaN
0,3,3,NaN
0,3,3,NaN
0,3,3,NaN
0,3,3,NaN
0,3,3,0.21185071034975703
0,3,3,NaN
0,3,3,NaN
0,3,3,0.6717661875924231
0,3,3,NaN
0,3,3,NaN
0,3,3,NaN
0,3,3,0.3557510427918548
0,3,3,NaN
0,3,3,0.29151274521619297
0,3,3,0.2783692877527476
0,3,3,NaN
0,3,3,NaN
0,3,3,NaN
0,3,3,NaN
0,3,3,0.04719722548374116
0,3,3,NaN
0,3,3,NaN
0,3,3,0.019796251803769704
0,3,3,NaN
0,3,3,NaN
0,3,3,NaN
0,3,3,NaN
0,3,3,NaN
0,3,3,0.7423423413009405
0,3,3,0.8450772854630715
0,3,3,NaN
0,3,3,NaN
0,3,3,NaN
0,3,3,NaN
0,3,3,NaN
0,3,3,NaN
0,3,3,NaN
0,3,3,NaN
0,3,3,0.18348414923983342
0,3,3,0.631220773570296
0,3,3,NaN
0,3,3,NaN
0,3,3,0.03831329598506057
0,3,3,0.49543559874771725
0,3,3,NaN
0,3,3,0.8237080657963236
0,3,3,0.22061921544044888
0,3,3,NaN
0,3,3,NaN
0,3,3,NaN
0,3,3,NaN
0,3,3,NaN
0,3,3,NaN
0,3,3,NaN
0,3,3,NaN
0,3,3,NaN
0,3,3,NaN
0,3,3,0.4011103777394731
0,3,3,NaN
0,3,3,NaN
0,3,3,NaN
0,3,3,NaN
0,3,3,NaN
0,3,3,NaN
0,3,3,NaN
0,3,3,0.032853775051729074
0,3,3,NaN
0,3,3,NaN
0,3,3,0.9493033010224405
0,3,3,NaN
0,3,3,0.8006696868167401
0,3,3,NaN
0,3,3,NaN
0,3,3,NaN
0,3,3,NaN
0,3,3,NaN
0,3,3,NaN
0,3,3,0.631220773570296
0,3,3,NaN
0,3,3,NaN
0,3,3,NaN
0,3,3,NaN
0,3,3,NaN
0,3,3,0.03831329598506057
0,3,3,NaN
0,3,3,NaN
0,3,3,NaN
0,3,3,NaN
0,3,3,0.009325005405405363
0,3,3,0.016656938369781698
0,3,3,0.053556438906752275
0,3,3,NaN
0,3,3,NaN
0,3,3,NaN
0,3,3,0.3557510427918548
0,3,3,0.24290906152647984
0,3,3,NaN
0,3,3,NaN
0,3,3,NaN
0,3,3,NaN
0,3,3,NaN
0,3,3,0.9493033010224405
0,3,3,NaN
0,3,3,NaN
0,3,3,NaN
0,3,3,0.02787455723542097
0,3,3,NaN
0,3,3,NaN
0,3,3,NaN
0,3,3,NaN
0,3,3,NaN
0,3,3,0.631220773570296
0,3,3,NaN
0,3,3,NaN
0,3,3,0.9590286414731528
0,3,3,NaN
0,3,3,NaN
0,3,3,NaN
0,3,3,NaN
0,3,3,NaN
0,3,3,0.31538291069709495
0,3,3,NaN
0,3,3,NaN
0,3,3,NaN
0,3,3,NaN
0,3,3,NaN
0,3,3,0.9272124484159221
0,3,3,0.9137791798943785
0,3,3,NaN
0,3,3,NaN
0,3,3,NaN
0,3,3,NaN
0,3,3,NaN
0,3,3,NaN
0,3,3,0.21185071034975703
0,3,3,0.10032275229784271
0,3,3,NaN
0,3,3,0.9001259164326818
0,3,3,0.631220773570296
0,3,3,NaN
0,3,3,NaN
0,3,3,0.15938727449707998
0,3,3,0.04531425270758149
0,3,3,0.18348414923983342
0,3,3,NaN
0,3,3,0.6717661875924231
0,3,3,0.5802917560236949
0,3,3,0.21185071034975703
0,3,3,NaN
0,3,3,NaN
0,3,3,0.11735031057960332
0,3,3,NaN
0,3,3,NaN
0,3,3,NaN
0,3,3,0.7195910676048861
0,3,3,NaN
0,3,3,0.7423423413009405
0,3,3,NaN
0,3,3,NaN
0,3,3,0.7726517314264018
0,3,3,NaN
0,3,3,NaN
0,3,3,NaN
0,3,3,0.9394569650180941
0,3,3,NaN
0,3,3,NaN
0,3,3,0.3749359597311098
0,3,3,NaN
0,3,3,NaN
0,3,3,0.04321969538510668
0,3,3,NaN
0,3,3,0.2783692877527476
0,3,3,NaN
0,3,3,NaN
0,3,3,NaN
0,3,3,NaN
0,3,3,0.8006696868167401
0,3,3,NaN
0,3,3,NaN
0,3,3,NaN
0,3,3,NaN
0,3,3,NaN
0,3,3,NaN
0,3,3,0.2783692877527476
0,3,3,NaN
0,3,3,NaN
0,3,3,NaN
0,3,3,0.05406684693149736
0,3,3,NaN
0,3,3,0.7423423413009405
0,3,3,NaN
0,3,3,0.8450772854630715
0,3,3,NaN
0,3,3,0.11735031057960332
0,3,3,NaN
0,3,3,NaN
0,3,3,NaN
0,3,3,NaN
0,3,3,NaN
0,3,3,NaN
0,3,3,0.631220773570296
0,3,3,NaN
0,3,3,NaN
0,3,3,0.7092033041123709
0,3,3,0.7423423413009405
0,3,3,NaN
0,3,3,NaN
0,3,3,0.9885707782763422
0,3,3,NaN
0,3,3,NaN
0,3,3,NaN
0,3,3,NaN
0,3,3,NaN
0,3,3,NaN
0,3,3,NaN
0,3,3,NaN
0,3,3,0.053556438906752275
0,3,3,NaN
0,3,3,0.8450772854630715
0,3,3,NaN
0,3,3,NaN
0,3,3,NaN
0,3,3,NaN
0,3,3,NaN
0,3,3,NaN
0,3,3,NaN
0,3,3,NaN
0,3,3,NaN
0,3,3,0.7548869775837979
0,3,3,0.1543705926232434
0,3,3,NaN
0,3,3,0.8237080657963236
0,3,3,NaN
0,3,3,NaN
0,3,3,NaN
0,3,3,NaN
0,3,3,NaN
0,3,3,0.7092033041123709
0,3,3,NaN
0,3,3,NaN
0,3,3,NaN
0,3,3,NaN
0,3,3,0.6717661875924231
0,3,3,NaN
0,3,3,NaN
0,3,3,NaN
0,3,3,NaN
0,3,3,NaN
0,3,3,NaN
0,3,3,NaN
0,3,3,NaN
0,3,3,NaN
0,3,3,NaN
0,3,3,NaN
0,3,3,NaN
0,3,3,0.9943152957847301
0,3,3,0.631220773570296
0,3,3,0.31538291069709495
0,3,3,0.3557510427918548
0,3,3,NaN
0,3,3,NaN
0,3,3,NaN
0,3,3,NaN
0,3,3,NaN
0,3,3,NaN
0,3,3,NaN
0,3,3,NaN
0,3,3,NaN
0,3,3,0.8006696868167401
0,3,3,NaN
0,3,3,0.053556438906752275
0,3,3,NaN
0,3,3,0.865856228509367
0,3,3,NaN
0,3,3,NaN
0,3,3,0.08612589160650815
0,3,3,NaN
0,3,3,NaN
0,3,3,0.5183374556419776
0,3,3,NaN
0,3,3,NaN
0,3,3,0.2947166108969876
0,3,3,NaN
0,3,3,NaN
0,3,3,0.3557510427918548
0,3,3,NaN
0,3,3,0.18348414923983342
0,3,3,NaN
0,3,3,NaN
0,3,3,0.21185071034975703
0,3,3,0.6432678645368975
0,3,3,0.3140788080690369
0,3,3,0.21185071034975703
0,3,3,NaN
0,3,3,NaN
0,3,3,NaN
0,3,3,0.40743672562032
0,3,3,0.11087937092837119
0,3,3,NaN
0,3,3,NaN
0,3,3,NaN
0,3,3,0.49543559874771725
0,3,3,NaN
0,3,3,NaN
0,3,3,NaN
0,3,3,NaN
0,3,3,NaN
0,3,3,NaN
0,3,3,NaN
0,3,3,0.24290906152647984
0,3,3,0.31538291069709495
0,3,3,0.321221426047442
0,3,3,NaN
0,3,3,NaN
0,3,3,NaN
0,3,3,0.8006696868167401
0,3,3,0.5865196674031864
0,3,3,0.07361819104140599
0,3,3,NaN
0,3,3,NaN
0,3,3,NaN
0,3,3,0.18070989167746893
0,3,3,NaN
0,3,3,NaN
0,3,3,0.9493033010224405
0,3,3,NaN
0,3,3,0.18348414923983342
0,3,3,NaN
0,3,3,0.007614092190777373
0,3,3,0.3072441104859598
0,3,3,NaN
0,3,3,NaN
0,3,3,NaN
0,3,3,0.8450772854630715
0,3,3,0.4475557477195245
0,3,3,0.9272124484159221
0,3,3,NaN
0,3,3,NaN
0,3,3,0.26182431502777886
0,3,3,0.4011103777394731
0,3,3,NaN
0,3,3,NaN
0,3,3,NaN
0,3,3,NaN
0,3,3,0.023437746643316073
0,3,3,0.9253817549007111
0,3,3,NaN
0,3,3,NaN
0,3,3,NaN
0,3,3,0.7092033041123709
0,3,3,NaN
0,3,3,NaN
0,3,3,NaN
0,3,3,0.9001259164326818
0,3,3,0.9733084005106692
0,3,3,NaN
0,3,3,NaN
0,3,3,NaN
0,3,3,0.6717661875924231
0,3,3,0.12689770468905617
0,3,3,NaN
0,3,3,NaN
0,3,3,0.9789190809366978
0,3,3,0.9733084005106692
0,3,3,NaN
0,3,3,NaN
0,3,3,NaN
0,3,3,NaN
0,3,3,0.0630282359819421
0,3,3,NaN
0,3,3,NaN
0,3,3,NaN
0,3,3,0.07361819104140599
0,3,3,0.4011103777394731
0,3,3,NaN
0,3,3,NaN
0,3,3,0.9394569650180941
0,3,3,NaN
0,3,3,0.631220773570296
0,3,3,NaN
0,3,3,NaN
0,3,3,NaN
0,3,3,NaN
0,3,3,NaN
0,3,3,0.8237080657963236
0,3,3,0.49543559874771725
0,3,3,NaN
0,3,3,NaN
0,3,3,NaN
0,3,3,NaN
0,3,3,NaN
0,3,3,NaN
0,3,3,NaN
0,3,3,0.011335119107957231
0,3,3,NaN
0,3,3,NaN
0,3,3,NaN
0,3,3,NaN
0,3,3,NaN
0,3,3,NaN
0,3,3,0.032853775051729074
0,3,3,NaN
0,3,3,0.8006696868167401
0,3,3,NaN
0,3,3,NaN
0,3,3,NaN
0,3,3,NaN
0,3,3,NaN
0,3,3,0.24290906152647984
0,3,3,NaN
0,3,3,0.6127253479327994
0,3,3,0.9137791798943785
0,3,3,NaN
0,3,3,0.7092033041123709
0,3,3,NaN
0,3,3,NaN
0,3,3,NaN
0,3,3,NaN
0,3,3,NaN
0,3,3,NaN
0,3,3,NaN
0,3,3,NaN
0,3,3,0.5865196674031864
0,3,3,0.6717661875924231
0,3,3,NaN
0,3,3,NaN
0,3,3,NaN
0,3,3,0.631220773570296
0,3,3,NaN
0,3,3,NaN
0,3,3,NaN
0,3,3,NaN
0,3,3,NaN
0,3,3,NaN
0,3,3,NaN
0,3,3,NaN
0,3,3,NaN
0,3,3,NaN
0,3,3,0.8450772854630715
0,3,3,NaN
0,3,3,NaN
0,3,3,NaN
0,3,3,NaN
0,3,3,NaN
0,3,3,NaN
0,3,3,NaN
0,3,3,NaN
0,3,3,NaN
0,3,3,NaN
0,3,3,NaN
0,3,3,NaN
0,3,3,NaN
0,3,3,NaN
0,3,3,0.9590286414731528
0,3,3,NaN
0,3,3,0.6717661875924231
0,3,3,0.02787455723542097
0,3,3,0.06227839807645494
0,3,3,NaN
0,3,3,0.04531425270758149
0,3,3,NaN
0,3,3,NaN
0,3,3,NaN
0,3,3,NaN
0,3,3,0.8006696868167401
0,3,3,NaN
0,3,3,NaN
0,3,3,NaN
0,3,3,NaN
0,3,3,0.021240048737931935
0,3,3,NaN
0,3,3,NaN
0,3,3,NaN
0,3,3,NaN
0,3,3,NaN
0,3,3,NaN
0,3,3,NaN
0,3,3,NaN
0,3,3,0.053556438906752275
0,3,3,NaN
0,3,3,0.5417209770628222
0,3,3,NaN
0,3,3,NaN
0,3,3,NaN
0,3,3,NaN
0,3,3,NaN
0,3,3,NaN
0,3,3,NaN
0,3,3,NaN
0,3,3,0.9001259164326818
0,3,3,NaN
0,3,3,NaN
0,3,3,NaN
0,3,3,NaN
0,3,3,NaN
0,3,3,NaN
0,3,3,0.21185071034975703
0,3,3,0.9137791798943785
0,3,3,NaN
0,3,3,0.023437746643316073
0,3,3,0.49543559874771725
0,3,3,NaN
0,3,3,NaN
0,3,3,NaN
0,3,3,NaN
0,3,3,NaN
0,3,3,NaN
0,3,3,0.4475557477195245
0,3,3,NaN
0,3,3,NaN
0,3,3,NaN
0,3,3,NaN
0,3,3,NaN
0,3,3,NaN
0,3,3,NaN
0,3,3,NaN
0,3,3,NaN
0,3,3,NaN
0,3,3,NaN
0,3,3,0.7038570448214456
0,3,3,0.4155618969404342
0,3,3,0.9493033010224405
0,3,3,NaN
0,3,3,NaN
0,3,3,NaN
0,3,3,NaN
0,3,3,0.9272124484159221
0,3,3,NaN
0,3,3,0.49543559874771725
0,3,3,NaN
0,3,3,NaN
0,3,3,NaN
0,3,3,NaN
0,3,3,NaN
0,3,3,0.2783692877527476
0,3,3,NaN
0,3,3,0.8450772854630715
0,3,3,0.7128003214641632
0,3,3,NaN
0,3,3,0.019796251803769704
0,3,3,NaN
0,3,3,NaN
0,3,3,0.9272124484159221
0,3,3,0.11735031057960332
0,3,3,0.2029560044328859
0,3,3,NaN
0,3,3,0.5417209770628222
0,3,3,NaN
0,3,3,NaN
0,3,3,NaN
0,3,3,0.019796251803769704
0,3,3,NaN
0,3,3,0.1543705926232434
0,3,3,NaN
0,3,3,0.7092033041123709
0,3,3,0.031899501372293
0,3,3,NaN
0,3,3,NaN
0,3,3,NaN
0,3,3,NaN
0,3,3,NaN
0,3,3,NaN
0,3,3,NaN
0,3,3,NaN
0,3,3,NaN
0,3,3,NaN
0,3,3,NaN
0,3,3,0.631220773570296
0,3,3,NaN
0,3,3,NaN
0,3,3,NaN
0,3,3,NaN
0,3,3,0.9263119250928534
0,3,3,0.002744424131849029
0,3,3,NaN
0,3,3,NaN
0,3,3,NaN
0,3,3,0.019796251803769704
0,3,3,NaN
0,3,3,NaN
0,3,3,NaN
0,3,3,NaN
0,3,3,NaN
0,3,3,NaN
0,3,3,0.5183374556419776
0,3,3,NaN
0,3,3,0.631220773570296
0,3,3,NaN
0,3,3,0.0630282359819421
0,3,3,NaN
0,3,3,NaN
0,3,3,NaN
0,3,3,NaN
0,3,3,NaN
0,3,3,0.631220773570296
0,3,3,0.10954400898331997
0,3,3,NaN
0,3,3,0.631220773570296
0,3,3,0.07361819104140599
0,3,3,0.8237080657963236
0,3,3,0.1502217599889992
0,3,3,0.4475557477195245
0,3,3,0.9394569650180941
0,3,3,0.21185071034975703
0,3,3,NaN
0,3,3,NaN
0,3,3,NaN
0,3,3,NaN
0,3,3,0.2783692877527476
0,3,3,NaN
0,3,3,0.8450772854630715
0,3,3,NaN
0,3,3,NaN
0,3,3,NaN
0,3,3,0.3222629772517546
0,3,3,NaN
0,3,3,NaN
0,3,3,NaN
0,3,3,0.4475557477195245
0,3,3,NaN
0,3,3,0.02787455723542097
0,3,3,NaN
0,3,3,NaN
0,3,3,NaN
0,3,3,0.08612589160650815
0,3,3,NaN
0,3,3,NaN
0,3,3,0.2144909145927689
0,3,3,NaN
0,3,3,0.8450772854630715
0,3,3,NaN
0,3,3,0.7206816867481725
0,3,3,0.02787455723542097
0,3,3,NaN
0,3,3,0.08612589160650815
0,3,3,NaN
0,3,3,NaN
0,3,3,NaN
0,3,3,0.9841738135856081
0,3,3,NaN
0,3,3,0.0630282359819421
0,3,3,NaN
0,3,3,NaN
0,3,3,NaN
0,3,3,NaN
0,3,3,NaN
0,3,3,NaN
0,3,3,NaN
0,3,3,NaN
0,3,3,NaN
0,3,3,NaN
0,3,3,0.11735031057960332
0,3,3,0.13695747655435897
0,3,3,NaN
0,3,3,NaN
0,3,3,NaN
0,3,3,0.9001259164326818
0,3,3,NaN
0,3,3,NaN
0,3,3,0.631220773570296
0,3,3,NaN
0,3,3,NaN
0,3,3,0.31538291069709495
0,3,3,NaN
0,3,3,0.631220773570296
0,3,3,NaN
0,3,3,0.24290906152647984
0,3,3,0.4011103777394731
0,3,3,NaN
0,3,3,NaN
0,3,3,0.18348414923983342
0,3,3,0.18348414923983342
0,3,3,NaN
0,3,3,NaN
0,3,3,NaN
0,3,3,NaN
0,3,3,NaN
0,3,3,NaN
0,3,3,0.8237080657963236
0,3,3,NaN
0,3,3,NaN
0,3,3,0.023437746643316073
0,3,3,NaN
0,3,3,0.37483650396292384
0,3,3,NaN
0,3,3,NaN
0,3,3,NaN
0,3,3,NaN
0,3,3,NaN
0,3,3,NaN
0,3,3,NaN
0,3,3,0.6956948978363752
0,3,3,NaN
0,3,3,NaN
0,3,3,NaN
0,3,3,NaN
0,3,3,NaN
0,3,3,NaN
0,3,3,0.31538291069709495
0,3,3,NaN
0,3,3,NaN
0,3,3,0.49543559874771725
0,3,3,NaN
0,3,3,NaN
0,3,3,NaN
0,3,3,0.5430986004575281
0,3,3,NaN
0,3,3,NaN
0,3,3,0.11735031057960332
0,3,3,NaN
0,3,3,NaN
0,3,3,0.7726517314264018
0,3,3,NaN
0,3,3,0.5434852093696828
0,3,3,NaN
0,3,3,NaN
0,3,3,NaN
0,3,3,NaN
0,3,3,0.9001259164326818
0,3,3,0.8450772854630715
0,3,3,NaN
0,3,3,NaN
0,3,3,NaN
0,3,3,0.8006696868167401
0,3,3,0.31538291069709495
0,3,3,NaN
0,3,3,NaN
0,3,3,NaN
0,3,3,NaN
0,3,3,NaN
0,3,3,0.08612589160650815
0,3,3,0.4011103777394731
0,3,3,NaN
0,3,3,NaN
0,3,3,NaN
0,3,3,NaN
0,3,3,NaN
0,3,3,NaN
0,3,3,NaN
0,3,3,0.4011103777394731
0,3,3,0.9590286414731528
0,3,3,NaN
0,3,3,0.8652322931034484
0,3,3,0.24290906152647984
0,3,3,NaN
0,3,3,NaN
0,3,3,NaN
0,3,3,NaN
0,3,3,NaN
0,3,3,0.631220773570296
0,3,3,NaN
0,3,3,NaN
0,3,3,NaN
0,3,3,NaN
0,3,3,0.4011103777394731
0,3,3,NaN
0,3,3,0.15938727449707998
0,3,3,NaN
0,3,3,NaN
0,3,3,0.814209713202945
0,3,3,NaN
0,3,3,NaN
0,3,3,NaN
0,3,3,0.15797446565673084
0,3,3,NaN
0,3,3,NaN
0,3,3,0.3557510427918548
0,3,3,NaN
0,3,3,0.7092033041123709
0,3,3,0.8827570506600473
0,3,3,NaN
0,3,3,NaN
0,3,3,0.019796251803769704
0,3,3,0.5865196674031864
0,3,3,NaN
0,3,3,NaN
0,3,3,NaN
0,3,3,NaN
0,3,3,NaN
0,3,3,0.7092033041123709
0,3,3,0.17600453156660253
0,3,3,0.24290906152647984
0,3,3,NaN
0,3,3,NaN
0,3,3,NaN
0,3,3,0.7092033041123709
0,3,3,NaN
0,3,3,NaN
0,3,3,0.8237080657963236
0,3,3,0.8955377014035121
0,3,3,0.7423423413009405
0,3,3,NaN
0,3,3,NaN
0,3,3,0.4011103777394731
0,3,3,NaN
0,3,3,0.8652322931034484
0,3,3,NaN
0,3,3,NaN
0,3,3,NaN
0,3,3,0.7423423413009405
0,3,3,NaN
0,3,3,NaN
0,3,3,NaN
0,3,3,0.023437746643316073
0,3,3,NaN
0,3,3,NaN
0,3,3,0.3557510427918548
0,3,3,0.8237080657963236
0,3,3,NaN
0,3,3,NaN
0,3,3,NaN
0,3,3,NaN
0,3,3,NaN
0,3,3,0.5176839037244192
0,3,3,NaN
0,3,3,NaN
0,3,3,NaN
0,3,3,NaN
0,3,3,0.5417209770628222
0,3,3,NaN
0,3,3,NaN
0,3,3,NaN
0,3,3,0.4011103777394731
0,3,3,NaN
0,3,3,0.0025709660283289135
0,3,3,NaN
0,3,3,NaN
0,3,3,0.7061697604903152
0,3,3,NaN
0,3,3,NaN
0,3,3,0.8827570506600473
0,3,3,0.21185071034975703
0,3,3,0.7423423413009405
0,3,3,NaN
0,3,3,0.9272124484159221
0,3,3,0.31538291069709495
0,3,3,NaN
0,3,3,0.7423423413009405
0,3,3,NaN
0,3,3,NaN
0,3,3,NaN
0,3,3,0.6717661875924231
0,3,3,NaN
0,3,3,0.9137791798943785
0,3,3,0.15938727449707998
0,3,3,0.7726517314264018
0,3,3,NaN
0,3,3,0.7092033041123709
0,3,3,NaN
0,3,3,NaN
0,3,3,NaN
0,3,3,NaN
0,3,3,NaN
0,3,3,NaN
0,3,3,0.9137791798943785
0,3,3,NaN
0,3,3,NaN
0,3,3,0.8006696868167401
0,3,3,NaN
0,3,3,NaN
0,3,3,NaN
0,3,3,NaN
0,3,3,NaN
0,3,3,0.01961094207767712
0,3,3,0.9137791798943785
0,3,3,0.8652322931034484
0,3,3,0.3557510427918548
0,3,3,0.8273404403689961
0,3,3,NaN
0,3,3,NaN
0,3,3,0.5865196674031864
0,3,3,NaN
0,3,3,NaN
0,3,3,NaN
0,3,3,NaN
0,3,3,0.9137791798943785
0,3,3,0.7092033041123709
0,3,3,0.24290906152647984
0,3,3,0.15938727449707998
0,3,3,NaN
0,3,3,0.22498386269722465
0,3,3,NaN
0,3,3,NaN
0,3,3,0.6717661875924231
0,3,3,NaN
0,3,3,NaN
0,3,3,NaN
0,3,3,NaN
0,3,3,0.39276872776093164
0,3,3,NaN
0,3,3,NaN
0,3,3,NaN
0,3,3,NaN
0,3,3,NaN
0,3,3,NaN
0,3,3,0.9721398136385131
0,3,3,NaN
0,3,3,0.414629629838108
0,3,3,NaN
0,3,3,NaN
0,3,3,NaN
0,3,3,NaN
0,3,3,0.7726517314264018
0,3,3,NaN
0,3,3,NaN
0,3,3,NaN
0,3,3,NaN
0,3,3,NaN
0,3,3,NaN
0,3,3,NaN
0,3,3,0.2783692877527476
0,3,3,NaN
0,3,3,NaN
0,3,3,NaN
0,3,3,NaN
0,3,3,NaN
0,3,3,NaN
0,3,3,0.5865196674031864
0,3,3,NaN
0,3,3,NaN
0,3,3,NaN
0,3,3,NaN
0,3,3,NaN
0,3,3,NaN
0,3,3,NaN
0,3,3,NaN
0,3,3,NaN
0,3,3,0.21185071034975703
0,3,3,0.02787455723542097
0,3,3,NaN
0,3,3,0.5183374556419776
0,3,3,NaN
0,3,3,NaN
0,3,3,NaN
0,3,3,NaN
0,3,3,NaN
0,3,3,NaN
0,3,3,NaN
0,3,3,NaN
0,3,3,NaN
0,3,3,0.006162005486132496
0,3,3,NaN
0,3,3,0.9493033010224405
0,3,3,0.7423423413009405
0,3,3,0.8237080657963236
0,3,3,NaN
0,3,3,NaN
0,3,3,NaN
0,3,3,NaN
0,3,3,0.7726517314264018
0,3,3,NaN
0,3,3,NaN
0,3,3,0.49543559874771725
0,3,3,NaN
0,3,3,NaN
0,3,3,0.8079928207706086
0,3,3,NaN
0,3,3,NaN
0,3,3,NaN
0,3,3,0.0630282359819421
0,3,3,NaN
0,3,3,0.24290906152647984
0,3,3,NaN
0,3,3,0.9272124484159221
0,3,3,0.7092033041123709
0,3,3,NaN
0,3,3,0.9789190809366978
0,3,3,0.7128003214641632
0,3,3,NaN
0,3,3,0.02787455723542097
0,3,3,0.31538291069709495
0,3,3,NaN
0,3,3,NaN
0,3,3,NaN
0,3,3,0.32828336764439026
0,3,3,NaN
0,3,3,NaN
0,3,3,0.014655993394411452
0,3,3,NaN
0,3,3,NaN
0,3,3,0.7423423413009405
0,3,3,0.9916966421839661
0,3,3,0.7423423413009405
0,3,3,NaN
