hfq_lcd_1,hfq_lcd_2,nb_ints,bp_fdr
47326,14032,61358,0.024979424385777767
44765,13497,58262,5.063210494323906e-7
16062,10285,26347,0.6121016099508122
16521,6211,22732,0.028886075440067927
12286,6936,19222,0.7286316877722917
11664,4575,16239,0.9999996001813158
10188,5027,15215,0.9945766076214879
7558,6079,13637,3.709789002653007e-17
8604,3738,12342,2.7727270033475413e-15
9055,3105,12160,4.084975425856564e-10
8126,3055,11181,0.562149231572274
6061,3996,10057,6.222255891353537e-13
7570,2108,9678,8.356362337324539e-13
7724,1707,9431,0.00017644080765729858
6468,2479,8947,2.0375022741576865e-5
6160,2453,8613,9.143468784310337e-11
6308,2291,8599,0.6505728275062779
6562,1900,8462,8.452469642688706e-32
5688,2753,8441,5.3944450441661945e-8
5606,2509,8115,0.0002286532136631147
4485,3339,7824,0.09943458759150654
5612,1773,7385,0.3149813444585866
5307,2061,7368,0.002977160719810696
5494,1617,7111,1.8733762818786656e-49
2399,3993,6392,0.7267509803124766
3486,2735,6221,0.6559945167018542
4216,1986,6202,0.7094515197808151
2283,3749,6032,0.14766029718238274
4244,1579,5823,7.290817421348851e-20
3735,1861,5596,0.6296107762766334
4046,1537,5583,3.349569917035034e-11
2790,2570,5360,0.46220780184934035
3530,1786,5316,0.9994802748747967
3470,1511,4981,0.18769446178203986
3304,1641,4945,9.028710329317092e-7
3509,1324,4833,0.47793771766761745
3269,1521,4790,4.379922385929486e-20
3031,1593,4624,0.021960220642977778
2668,1839,4507,0.7267509803124766
3270,1213,4483,4.1046556144951434e-10
3083,1235,4318,0.55938655314031
3013,1159,4172,1.7335050266320347e-30
3129,988,4117,5.850247237065635e-22
2836,1265,4101,0.569149748895899
2358,1677,4035,0.23979578697366985
2747,1286,4033,3.157858270842983e-10
2498,1396,3894,0.9277404558743804
2452,1320,3772,0.6914431924244484
2678,1066,3744,0.3149813444585866
2722,892,3614,0.9649170932836378
2553,1056,3609,5.938343157583108e-12
2098,1462,3560,0.00044215045880462747
2573,844,3417,0.2180321792514569
2591,810,3401,0.9711836190363513
2559,732,3291,0.001395290507411648
1870,1307,3177,4.533094372783182e-15
2269,806,3075,0.9958877026004227
2000,875,2875,0.010531813079515109
1801,1070,2871,4.216016492654852e-45
2048,689,2737,0.022354028998561398
2000,718,2718,0.030176783755456106
2005,674,2679,0.017875825362068328
1990,675,2665,0.1735429569267864
1928,735,2663,0.010164864035855441
1940,708,2648,0.010856845523153864
1787,815,2602,5.559737942265919e-7
1751,825,2576,5.503841279767611e-32
1800,734,2534,4.3010313176901725e-12
1734,730,2464,0.35291544996872376
1613,849,2462,0.36828820715253097
1693,759,2452,2.974526366713081e-5
1423,978,2401,6.872680483605543e-13
1588,773,2361,5.771001207227297e-7
1420,925,2345,0.0003090811978430916
1601,688,2289,4.16686796543204e-5
1566,705,2271,0.7582540955828375
1731,522,2253,2.175068694241706e-6
1629,586,2215,7.475649332299204e-5
1625,554,2179,0.47793771766761745
1632,537,2169,0.16806732870266622
1512,638,2150,1.0284027263839229e-41
1405,726,2131,0.06307640324410625
1626,502,2128,2.066921039068372e-47
1610,509,2119,0.0042994101677571
1334,737,2071,1.0995941103727998e-11
1627,444,2071,0.6104096037191906
1771,296,2067,1.1120354291662557e-5
1470,594,2064,1.598655539368862e-13
1504,546,2050,9.87131262806165e-6
1230,811,2041,0.9662364252136059
1446,579,2025,0.7748737244623078
1625,383,2008,0.7742978317299153
1096,874,1970,0.00023115211481536824
1380,544,1924,0.0032093106674331126
1345,577,1922,0.7267509803124766
1334,576,1910,0.1338820259343615
1443,434,1877,0.5238679062670301
1239,619,1858,0.5238679062670301
1322,526,1848,1.8653976041797135e-13
1222,571,1793,4.616679751234813e-15
1161,628,1789,0.018697705260793566
1291,488,1779,4.4814714540486655e-11
1074,681,1755,1.4079203125797613e-15
1302,448,1750,0.0029401848537247617
1110,626,1736,0.004406625249913076
644,1088,1732,NaN
1244,487,1731,5.678571042410966e-13
1217,514,1731,0.0004158534736246581
576,1146,1722,0.4349853247152349
1147,553,1700,0.028886075440067927
1260,440,1700,0.15266559172204572
1187,508,1695,1.7327105155753064e-9
1208,486,1694,4.943881844728594e-7
1173,517,1690,2.7217459980247236e-21
1446,241,1687,1.7362332355916466e-10
1224,455,1679,1.899922080109491e-5
557,1120,1677,0.4605056081864523
1202,474,1676,0.19822060134400624
1264,410,1674,0.0019183159234723625
1127,504,1631,4.390845412668416e-5
1096,525,1621,0.9923256991209348
1062,544,1606,0.015187791455759074
1019,571,1590,5.51927535674713e-30
1107,475,1582,0.9894656266614458
1087,468,1555,6.947915172888524e-14
1047,506,1553,2.5564321892901687e-9
877,666,1543,0.23765254376575215
1053,490,1543,0.028886075440067927
989,547,1536,0.8356407771585233
1151,378,1529,0.34327331961230745
1015,485,1500,0.004008757719307321
1068,430,1498,1.126933746691841e-17
484,1010,1494,0.8393416031099491
1102,387,1489,0.8560547766681994
1011,469,1480,0.786623350458894
429,1049,1478,0.8516358427352287
1025,440,1465,2.5948262938351505e-5
937,528,1465,1.8137553914425532e-9
1078,379,1457,0.5238679062670301
1117,338,1455,1.6814272171940556e-9
1192,257,1449,8.956222232596514e-13
1046,403,1449,0.00040100321513155795
1117,326,1443,2.9996107344250847e-50
1020,421,1441,3.376537425023976e-8
1019,418,1437,0.5283052988675551
487,944,1431,0.43116983099757117
443,985,1428,0.7671599505987317
989,438,1427,4.676735361656804e-18
1094,330,1424,4.430033722703083e-9
876,541,1417,0.3149813444585866
494,922,1416,0.786623350458894
1041,372,1413,0.0494455745194533
997,410,1407,0.3120124265182471
414,992,1406,0.8886935889394204
914,477,1391,0.0009583848883406158
1105,277,1382,8.583302217710224e-11
742,640,1382,0.3355009130994319
1047,335,1382,0.00013007457573476234
895,483,1378,7.965232432389785e-22
828,537,1365,0.03725245051358448
907,457,1364,0.9030952226408369
479,885,1364,0.9388397790286686
914,449,1363,0.13226785803647356
1023,339,1362,0.0019705168910349475
687,674,1361,0.6104096037191906
873,475,1348,0.000906697108992888
919,424,1343,0.39064081951093954
965,378,1343,0.03317022976394289
866,475,1341,0.9281891857323722
712,626,1338,0.7796683858996464
996,340,1336,0.00034250439989553204
759,575,1334,0.007005733507502875
674,658,1332,0.6360807500038601
979,345,1324,0.25478311671132536
917,404,1321,0.8886935889394204
764,556,1320,1.927520393162805e-14
912,407,1319,0.16838187786328743
1037,281,1318,0.00036244341970944396
1048,267,1315,0.8805304695607762
825,482,1307,2.2478132341455904e-6
677,627,1304,0.6174357547786606
735,565,1300,0.6696447590225784
494,806,1300,0.7267509803124766
447,842,1289,0.569149748895899
873,403,1276,5.0432044535641887e-17
743,532,1275,1.3911841060993249e-14
647,627,1274,0.6411053348755945
959,315,1274,0.01558171370910422
863,408,1271,0.8886935889394204
684,566,1250,0.36623542301881595
515,720,1235,0.11441415810964797
943,292,1235,0.016314898271010056
795,440,1235,0.16806732870266622
760,460,1220,0.2563185575495064
941,263,1204,9.176205556160431e-37
798,389,1187,0.0015948981469459185
953,231,1184,0.9519176370357206
887,294,1181,0.025326362003203564
870,309,1179,0.0037594388265096137
754,424,1178,8.76447814858089e-6
343,835,1178,0.4224113138603762
909,264,1173,9.75026409752303e-5
698,469,1167,1.0936516685133453e-5
709,455,1164,0.004233797416283164
802,362,1164,2.7198298400626393e-8
852,307,1159,0.013869794569570942
882,272,1154,0.7267509803124766
722,427,1149,0.7267509803124766
739,407,1146,0.9975663265144364
819,318,1137,0.20386594419054804
371,758,1129,0.19236277848876807
422,707,1129,0.6914431924244484
409,720,1129,NaN
463,665,1128,0.3149813444585866
415,712,1127,0.27923371017636817
815,312,1127,6.469744166562648e-15
816,304,1120,0.79989229234132
809,309,1118,0.815619098391547
658,455,1113,0.13096257898017075
781,329,1110,0.9998481616645963
755,350,1105,0.3993865480693819
777,328,1105,5.927245216538566e-32
381,722,1103,0.2180321792514569
814,282,1096,0.001223246779955502
724,368,1092,0.9694305317492427
604,477,1081,0.07470550857760336
707,373,1080,5.488679068794324e-8
883,189,1072,3.5581575932655673e-12
686,371,1057,0.8356407771585233
691,364,1055,2.63263824742058e-8
856,191,1047,3.8056503293057055e-20
626,414,1040,1.8623797364184806e-22
682,353,1035,3.632244286753122e-10
697,335,1032,0.00010621572260058828
627,397,1024,0.06769949373295762
651,369,1020,3.322416663434515e-7
380,636,1016,0.19236277848876807
595,420,1015,0.29563615908375207
797,215,1012,4.661648479523448e-6
646,366,1012,0.6700819226404529
824,185,1009,9.30534368790728e-14
557,442,999,5.957838745993736e-24
636,358,994,0.14545977221215692
708,283,991,0.7114557325978269
360,628,988,0.2689829743483109
349,627,976,0.786623350458894
816,145,961,2.364933018113964e-5
712,236,948,0.021349098202775727
309,634,943,0.17429697011091852
305,637,942,0.29152744922397855
661,278,939,0.27923371017636817
733,204,937,7.117997273655421e-20
717,218,935,5.324795699136035e-6
748,185,933,0.7485587118002319
590,342,932,0.00694806401563823
681,251,932,0.0003794060810870382
590,341,931,0.6524786404155544
340,589,929,0.8570028897344354
596,319,915,7.706237932887361e-5
707,205,912,0.9975663265144364
710,202,912,2.8164057427600784e-5
674,237,911,0.8638077923073388
637,272,909,0.06780387505373525
618,290,908,8.629929376192398e-12
669,236,905,0.6371900825250151
591,313,904,0.786623350458894
317,585,902,0.09683640585592641
561,340,901,0.19236277848876807
630,269,899,0.004989699454469441
663,230,893,2.7270639873065275e-18
645,246,891,0.8733102078879845
270,619,889,NaN
702,186,888,0.034332919748993974
687,200,887,0.06563541274219366
498,386,884,0.3149813444585866
619,261,880,0.05735097310840156
584,296,880,0.27923371017636817
649,229,878,0.8553400459938837
573,296,869,3.84489680662148e-7
702,164,866,9.226460438611274e-26
603,263,866,5.460262013545025e-7
634,229,863,0.8553400459938837
506,357,863,0.07921806938784665
629,231,860,0.8733102078879845
628,227,855,0.8733102078879845
592,261,853,0.002065289557376019
622,229,851,0.4978612930060522
594,255,849,0.3149813444585866
620,226,846,0.8713950029539326
544,297,841,4.2706615291870936e-11
503,334,837,0.048034026891584
267,568,835,0.47793771766761745
643,192,835,0.0941967710503182
638,196,834,0.8247794860559974
561,270,831,0.003629579040394292
670,155,825,6.038075052098429e-11
577,245,822,5.638128206153058e-10
595,214,809,6.6738535823080025e-6
528,281,809,0.0010092828110543624
569,239,808,0.6838541622262505
542,263,805,6.6453901713419526e-9
588,214,802,0.011586548192418248
511,291,802,0.9098582776971055
657,141,798,8.332749420150756e-13
492,304,796,1.592892621488343e-10
442,350,792,0.7902301314388062
470,322,792,3.3019615098356376e-22
450,337,787,0.046639840457967
550,236,786,0.08596717446393809
299,487,786,0.39064081951093954
602,183,785,1.3364134717930147e-14
578,205,783,0.028886075440067927
521,250,771,0.8553400459938837
575,192,767,0.8886935889394204
570,189,759,7.721555073396285e-7
430,326,756,0.516258663267163
560,196,756,0.08679548673066068
421,334,755,0.9440623300839589
475,278,753,1.0459918246974392e-23
642,110,752,0.46291823917412256
513,236,749,0.3575430700112861
248,501,749,0.6104096037191906
579,168,747,2.8032686227978193e-9
510,233,743,0.024979424385777767
581,159,740,0.9462757609299627
485,248,733,1.6670220172828846e-61
240,487,727,NaN
417,299,716,0.052188571556734314
529,182,711,5.492506421176156e-5
501,205,706,7.033441012448529e-7
360,339,699,0.13069008269726776
491,203,694,5.991348085629382e-17
428,254,682,0.011199217453087083
423,258,681,0.8553400459938837
380,299,679,0.015401835526519804
471,204,675,0.07595141309044488
223,452,675,NaN
463,210,673,4.450871947913488e-11
499,174,673,2.569102546020198e-9
411,261,672,3.483445661727721e-9
499,172,671,0.9431708302845724
237,429,666,0.3149813444585866
415,250,665,0.6505728275062779
505,159,664,0.00011258132400410848
429,235,664,1.7566353055397488e-10
477,186,663,1.596588543883877e-5
365,297,662,0.35291544996872376
531,130,661,0.03848453591375665
420,240,660,0.06960406157613451
482,176,658,7.220110843742968e-11
455,199,654,0.39064081951093954
503,142,645,0.08596717446393809
446,199,645,0.01050598493783588
463,181,644,1.5477364774592649e-13
441,202,643,0.9163216390929619
455,185,640,0.15781950762130442
415,225,640,0.002021584355367181
476,163,639,9.213626259114953e-12
373,263,636,0.927808813496808
221,414,635,0.35291544996872376
391,239,630,0.6914431924244484
232,397,629,NaN
466,162,628,0.22206115562261727
441,184,625,9.48159922345946e-9
434,191,625,0.2390719703548513
374,250,624,0.6505728275062779
310,311,621,0.8420965571860106
446,175,621,6.978029486956595e-17
476,145,621,0.027171927646387862
213,403,616,0.5923750403943074
366,247,613,0.39064081951093954
423,189,612,7.69977345606556e-16
449,162,611,0.039349948099886185
432,179,611,1.7986065160774444e-8
451,159,610,0.8886935889394204
404,205,609,0.00033625166364219955
413,196,609,0.10251553182142131
352,256,608,0.27923371017636817
363,245,608,3.289193911623108e-6
415,188,603,5.088862685529759e-7
442,161,603,0.9890687076435615
437,164,601,5.025682123950013e-14
442,157,599,3.0473583784487656e-30
437,160,597,6.353562108075542e-5
362,234,596,0.0005886988449484705
421,174,595,0.5238679062670301
364,230,594,0.4000801055241669
421,167,588,0.7636190996706197
214,374,588,0.08338428661019415
365,220,585,0.010464738336267002
311,272,583,0.023734728000790625
431,149,580,0.002955005968057403
404,176,580,3.2562985735376964e-6
375,204,579,0.0006028459869854185
420,157,577,0.569149748895899
202,373,575,0.6104096037191906
434,140,574,0.786623350458894
372,199,571,1.679771133903375e-12
384,186,570,7.964936808064206e-6
416,151,567,5.352797216829293e-7
431,136,567,0.7796420344295866
412,154,566,0.47034801282372335
399,167,566,0.8120477488685461
395,171,566,0.6233628903783974
207,359,566,0.19236277848876807
411,154,565,6.275773125327881e-21
215,349,564,NaN
360,204,564,0.07754038874179214
385,179,564,0.0030522525449457427
421,140,561,0.0010008775655359929
209,351,560,NaN
395,164,559,0.0021928722349394557
209,350,559,0.04370689030141423
436,123,559,0.16806732870266622
415,143,558,0.0005076175663657769
433,125,558,0.43116983099757117
196,361,557,0.3149813444585866
165,391,556,0.16909288643313697
384,169,553,0.08876335463494411
396,157,553,0.9028734614313888
411,140,551,0.037390362388968514
401,147,548,0.5964688708433801
366,180,546,0.9857264206675347
402,143,545,3.068300556048016e-7
391,149,540,0.34737781907098164
407,133,540,0.028886075440067927
339,197,536,0.008853120376531918
374,161,535,6.082191761297204e-6
440,95,535,1.8838709686227244e-9
373,161,534,0.6433254605689149
395,139,534,0.003736962491151852
429,105,534,1.3438499864251546e-5
383,150,533,3.3025318056582756e-5
285,247,532,0.9163216390929619
400,131,531,6.607889631842472e-7
345,186,531,0.8943409204337305
394,136,530,0.0026908597986054356
426,103,529,0.05296112601931084
335,194,529,0.0006048415200837499
382,143,525,0.9811127762214269
403,121,524,7.475649332299204e-5
331,191,522,0.005213469009152869
362,160,522,3.688802999577196e-8
384,138,522,0.0002545976280628358
294,226,520,0.8553400459938837
361,159,520,0.007429025002497947
313,206,519,0.8817484155834895
304,214,518,0.43116983099757117
365,152,517,2.1079253001166673e-7
304,211,515,0.6914431924244484
347,168,515,NaN
320,194,514,1.2324137330433486e-10
375,136,511,6.691977704062876e-12
393,117,510,0.6493318083187278
179,331,510,0.8553400459938837
344,165,509,1.8945539131219227e-21
353,155,508,2.4515355681983408e-8
355,153,508,0.19236277848876807
337,170,507,9.285081130045714e-23
323,182,505,0.00018626809650976162
358,146,504,7.76449277352641e-6
376,128,504,0.8733102078879845
301,202,503,0.25737367591553945
386,115,501,0.0006329861261860579
283,217,500,1.6834565120530245e-5
387,113,500,0.07697975747672636
368,130,498,0.6104096037191906
377,120,497,4.4725544130561516e-17
314,183,497,0.00034475056275615006
359,138,497,0.008126970210441814
351,143,494,0.9388397790286686
400,93,493,0.004802085451674007
331,162,493,1.008368965852204e-13
356,136,492,8.412986324105191e-6
353,139,492,3.3237197378654763e-11
358,132,490,2.542973996741247e-15
367,123,490,2.5805734893030815e-10
296,194,490,0.43116983099757117
378,111,489,0.07468696135079936
307,180,487,9.541928329082835e-11
329,158,487,0.023536310079113054
312,174,486,4.264173984380273e-9
314,172,486,0.6104096037191906
387,98,485,3.6475766284376857e-29
330,154,484,0.0002177304599152594
347,137,484,5.682394737229743e-22
255,229,484,0.007172328654179807
317,166,483,5.548604250414451e-8
184,299,483,0.24924498471286638
300,179,479,0.1298724704817915
366,109,475,7.128749089507962e-10
355,120,475,0.448895673790543
133,341,474,0.29150741749705483
298,175,473,4.219203903041585e-7
268,205,473,0.0538077261973858
375,98,473,7.953809506481327e-9
285,187,472,0.7267509803124766
308,163,471,0.008829182901250551
331,138,469,NaN
309,158,467,0.8530191354146802
158,309,467,0.39064081951093954
239,227,466,0.9030952226408369
299,167,466,0.1089886805419751
332,133,465,7.795459207724286e-11
312,152,464,0.8553400459938837
337,127,464,6.766436938089764e-6
324,139,463,3.463352430270926e-5
313,149,462,0.6891120924042281
287,175,462,0.00622011005945517
250,211,461,0.4167455880947951
333,128,461,0.05982476739643335
274,187,461,0.569149748895899
238,222,460,0.4520826645210757
316,144,460,7.979121758614393e-18
149,311,460,0.20272569926680656
306,151,457,0.8553400459938837
325,132,457,3.289121417070191e-23
282,174,456,4.812733257977038e-9
326,129,455,0.701903430945011
354,101,455,0.2180321792514569
360,94,454,0.18750689194936776
297,157,454,1.3153550659741998e-6
327,127,454,6.599739503990403e-12
330,123,453,1.3735658034873198e-27
318,135,453,3.832991727040747e-22
380,73,453,0.006526898613877194
301,150,451,1.3336264802145348e-9
301,147,448,7.064314109069664e-8
347,100,447,0.569149748895899
264,183,447,0.7717665365998222
305,141,446,0.19325255950200845
312,134,446,0.3149813444585866
336,110,446,0.5760713119924952
307,139,446,0.11404401218842061
254,191,445,0.001992082501916779
315,129,444,NaN
320,124,444,3.917870886793478e-6
297,147,444,4.1519411126349464e-9
338,105,443,1.2831515161603987e-14
325,118,443,0.2689829743483109
316,126,442,3.210127855540857e-7
216,224,440,0.004634591509811278
246,194,440,0.008126970210441814
251,187,438,0.9923256991209348
267,168,435,0.03585406618583707
183,252,435,0.6914431924244484
266,169,435,0.9989734613366652
328,106,434,0.6104096037191906
345,89,434,0.3149813444585866
323,111,434,0.3149813444585866
291,142,433,0.2180321792514569
286,145,431,0.01389863463638223
328,102,430,0.0002494194631639057
353,75,428,0.8553400459938837
281,147,428,5.6116977576964585e-5
288,136,424,0.9336978548483741
299,125,424,2.4712773435302133e-20
276,148,424,0.976413425292083
148,274,422,NaN
270,152,422,0.21042656991869807
259,162,421,0.2922543021024723
343,77,420,2.355971227817681e-7
167,253,420,0.3149813444585866
299,119,418,7.102574963338795e-8
167,250,417,0.47793771766761745
154,263,417,0.5589970810748731
294,123,417,0.15649892078603664
336,81,417,0.2810768122587715
320,96,416,1.549020668078443e-16
285,131,416,4.1046556144951434e-10
235,180,415,0.5263334269238956
308,106,414,0.01389863463638223
276,136,412,0.394595992013748
280,131,411,0.0012620776870821782
221,190,411,0.569149748895899
144,267,411,0.9811127762214269
288,122,410,0.4283380061822935
288,122,410,0.02112402914940914
221,189,410,0.007854789810822787
301,109,410,0.0011525580426737776
308,102,410,0.9407142412954593
225,184,409,2.812010271432344e-11
230,179,409,0.35291544996872376
243,166,409,0.5238679062670301
282,126,408,1.6825696984090306e-8
278,129,407,1.0196552884425886e-5
275,132,407,0.19236277848876807
268,139,407,0.0406520392788744
313,91,404,0.8553400459938837
247,157,404,0.35291544996872376
261,142,403,0.47793771766761745
242,161,403,0.8377651734740394
240,163,403,1.1810859832924176e-15
141,261,402,0.6270574859892161
148,254,402,0.07071721497299611
273,128,401,0.9388397790286686
312,87,399,0.010918928637431446
313,86,399,0.0002771712235489285
235,163,398,0.4222252462481096
265,132,397,0.014379485220457218
231,165,396,4.361265224089034e-14
299,97,396,0.6914431924244484
282,113,395,0.6505728275062779
287,107,394,1.3653384203974651e-11
249,145,394,0.2915585221741225
279,112,391,0.6222967864067018
273,118,391,0.2124682700529187
279,112,391,2.0491510408112152e-5
237,153,390,0.10310415451275755
275,115,390,0.786623350458894
293,96,389,0.8120477488685461
314,75,389,0.018502636503799408
149,239,388,0.34584570288719085
279,106,385,0.8714133350315937
287,97,384,0.2672814209109059
262,122,384,1.4746965332215574e-19
274,109,383,0.08596717446393809
262,121,383,1.0674793400569317e-17
260,119,379,0.41971016048649445
275,103,378,0.021960220642977778
258,120,378,0.8321310975840616
253,125,378,0.6914431924244484
277,99,376,1.2809382011096002e-16
275,101,376,0.27206313462586623
252,123,375,0.7267509803124766
267,107,374,2.1464031227117026e-9
293,81,374,0.12514734766813476
246,128,374,0.0494455745194533
257,116,373,0.8886935889394204
262,110,372,0.16806732870266622
141,231,372,0.7267509803124766
279,93,372,3.5395627294066086e-5
272,99,371,0.002575661533274672
285,86,371,8.133448965798447e-13
173,198,371,0.9711836190363513
248,123,371,0.1088008792096981
202,168,370,0.10371384722230308
263,106,369,0.16806732870266622
206,163,369,0.002886113337745591
260,109,369,0.7267509803124766
292,77,369,0.05735097310840156
204,165,369,4.835212694219883e-11
254,114,368,8.998690043862865e-7
254,114,368,0.21789723100099276
295,72,367,0.569149748895899
283,84,367,0.004591016114071061
272,94,366,6.383183037074068e-6
255,111,366,0.8120477488685461
295,70,365,0.003037790553673848
247,117,364,1.866233581599595e-14
264,99,363,0.6914431924244484
237,126,363,0.7582540955828375
246,117,363,0.08243008594796802
295,67,362,0.1662306573916556
256,105,361,0.0003327811575972101
241,120,361,0.8506016158293764
258,102,360,0.12635511161368396
243,116,359,0.1776311121340965
252,106,358,0.569149748895899
250,108,358,3.114495261681894e-8
249,108,357,0.03570451444668249
253,104,357,0.927808813496808
270,86,356,0.37663203097474707
232,123,355,0.8886935889394204
246,109,355,1.8932685283743388e-5
273,81,354,0.23093510377514126
252,101,353,0.0008063098877017115
228,124,352,0.000754268153430686
232,118,350,0.001583690230640813
225,125,350,0.026023395606754277
281,69,350,0.5238679062670301
231,118,349,0.00012117474320989966
254,95,349,0.29569307779021964
269,79,348,3.6222134085666496e-9
262,85,347,5.257122472043426e-8
118,229,347,0.39064081951093954
243,103,346,0.00016538671304748353
193,152,345,1.7911882726981431e-12
255,90,345,3.0016028236060863e-6
271,74,345,0.9957834448623186
220,124,344,1.1635383808228594e-8
243,101,344,0.06611573959509347
223,121,344,0.0002320858295021718
244,99,343,0.19787481685719194
247,95,342,0.0031442074968010846
213,129,342,0.9192810705338788
241,100,341,1.4347479959882437e-12
204,137,341,1.0880301858165356e-8
166,175,341,0.6914431924244484
236,104,340,0.36491215129400506
201,139,340,0.786623350458894
243,96,339,0.8805948451270708
216,123,339,0.43116983099757117
219,120,339,0.8623915205166599
235,104,339,0.33501339159712645
259,80,339,0.0034724022141841334
250,88,338,1.8419932766351964e-8
280,58,338,0.0337835829779059
264,74,338,0.35291544996872376
245,92,337,0.35291544996872376
223,114,337,6.804935110314426e-6
246,90,336,1.7517459089011014e-5
245,91,336,0.024979424385777767
236,100,336,0.39064081951093954
0,336,336,0.9032622055145537
217,118,335,3.2736425968035766e-10
248,86,334,0.5238679062670301
235,99,334,1.869811559128472e-5
233,100,333,0.03422895896948013
272,61,333,6.288326966157759e-5
233,100,333,0.9574264943593161
245,88,333,9.306927786180199e-13
209,124,333,2.299295318235375e-16
232,101,333,2.1420851798378168e-5
197,136,333,0.1977556222965425
210,122,332,0.5238679062670301
243,89,332,0.39064081951093954
140,192,332,0.21136508192682682
209,123,332,3.045176727153391e-7
233,98,331,0.9030952226408369
194,137,331,0.7198781911567993
224,107,331,0.7557109034848237
245,85,330,0.00024623732038157664
199,131,330,9.420869662698291e-17
218,112,330,0.7936017220805062
246,83,329,1.2005663227640873e-5
201,128,329,0.0494455745194533
234,94,328,0.9794050731971804
256,72,328,0.028886075440067927
244,84,328,0.8038067251394717
136,192,328,0.05024269401463384
197,131,328,0.9322681032664935
192,136,328,3.283297307092614e-5
232,95,327,0.4763980005468558
232,95,327,0.04370689030141423
235,92,327,0.0008422940959598546
200,126,326,0.02059491414632601
255,71,326,0.9030952226408369
218,107,325,1.1073619115656271e-12
234,91,325,0.011532985534739066
149,173,322,0.00045701465042921765
267,52,319,0.8553400459938837
162,157,319,0.6103337567461415
198,121,319,0.010068233694426141
204,114,318,0.40864291597539004
251,67,318,4.184745962692397e-7
158,160,318,1.7989554193647546e-11
189,129,318,2.9444819312736346e-13
238,79,317,3.637216317105506e-11
237,80,317,0.09203666236026743
195,121,316,9.203123755678326e-7
175,141,316,0.0519898271543974
216,99,315,0.0001878033765791771
206,109,315,0.0008240170421971913
217,97,314,0.006358433725923349
227,87,314,0.0007445588982060613
248,65,313,2.0120158056017186e-7
229,84,313,3.1202647856379373e-11
212,101,313,0.32574355896958235
211,102,313,0.47793771766761745
199,113,312,0.7267509803124766
205,107,312,0.034284112020703215
265,47,312,0.0035749366903522215
203,109,312,0.927808813496808
200,112,312,9.193721282205832e-10
239,73,312,0.9665753169139698
239,72,311,0.07979232009824984
201,110,311,2.162457383468858e-12
256,54,310,0.10983659928236575
210,99,309,3.8056503293057055e-20
185,124,309,0.2180321792514569
198,110,308,0.9490411065363702
190,118,308,0.9975374675608227
225,83,308,0.09468790141887201
191,116,307,0.002955005968057403
209,98,307,0.3149813444585866
217,89,306,0.7582540955828375
196,110,306,0.21188953477193237
217,88,305,0.8120477488685461
209,96,305,0.8886935889394204
229,76,305,0.927808813496808
89,215,304,0.046736840441678106
144,160,304,4.480844209844447e-8
248,56,304,0.5052876489065324
191,112,303,0.1065474098988584
225,78,303,1.8321911408497663e-9
201,102,303,1.9709865876247026e-12
204,98,302,0.0481138554266973
227,75,302,6.665209021062256e-7
164,137,301,0.2676978755745514
229,72,301,0.005372277359153435
216,85,301,1.0957273727340194e-12
228,73,301,0.47793771766761745
223,78,301,0.004313474035661269
215,86,301,NaN
205,96,301,0.3149813444585866
209,91,300,0.786623350458894
171,129,300,0.00036019757140490796
200,100,300,0.7195635334782493
214,86,300,7.980475360476896e-7
199,101,300,0.4132751533614514
201,97,298,0.0014025378387851359
201,97,298,0.04153332216386556
200,97,297,0.01880761644846058
212,85,297,5.375764445059075e-12
133,164,297,0.5961772992142031
184,113,297,0.002341385228516042
211,86,297,0.5773058455873221
218,78,296,0.05505047635388983
207,89,296,0.013337551919188631
206,90,296,0.0005994351748846041
234,62,296,0.3615781916513025
241,54,295,0.2180321792514569
223,72,295,0.04689180723053518
111,184,295,0.35291544996872376
183,112,295,0.0002530858132453944
222,73,295,2.1687663694807994e-6
214,80,294,0.27923371017636817
228,66,294,0.9350765363360477
144,150,294,0.6473918093184402
196,97,293,0.018308659296560174
215,78,293,0.00020420180961345735
188,104,292,0.8733102078879845
204,88,292,0.4347860949099593
214,78,292,0.9811127762214269
182,110,292,0.08373410198078966
173,119,292,0.13592364437184146
208,83,291,0.9081623535248994
207,84,291,0.11404401218842061
207,84,291,0.77527591436512
188,103,291,0.8733102078879845
210,80,290,0.3333774444389776
157,133,290,0.005669396643674503
240,49,289,1.01668223944421e-5
216,73,289,0.12790259804419335
221,68,289,0.5238679062670301
197,91,288,0.4357534849431548
189,99,288,0.786623350458894
207,80,287,0.38108354045296244
225,62,287,0.1391501325209082
194,92,286,0.8926735212774597
139,147,286,0.6505728275062779
215,69,284,0.9030952226408369
185,99,284,6.647509962210371e-7
216,68,284,3.1918232026819694e-14
155,129,284,1.56900147924493e-21
202,80,282,0.7165991564737738
189,92,281,2.176197025965214e-10
200,81,281,3.559284275599031e-18
156,125,281,0.0004886929631939565
201,79,280,0.8356407771585233
158,121,279,1.342049626372435e-10
198,81,279,0.021960220642977778
200,79,279,0.927808813496808
145,134,279,0.0030894056481070957
200,79,279,0.16553877009032408
194,84,278,0.9501069885590042
181,97,278,0.03317022976394289
191,87,278,1.337751600690335e-6
162,116,278,2.3313194634087e-14
152,125,277,9.759302222270325e-8
195,82,277,0.32305707266974876
134,142,276,NaN
204,72,276,0.000781117483155133
192,84,276,0.28347396492421956
161,114,275,0.8886935889394204
219,54,273,0.7371636890975745
195,78,273,0.028422459127673036
198,75,273,3.7188166930358166e-10
273,0,273,0.7915914671976814
216,57,273,2.427881178750944e-7
167,105,272,0.27923371017636817
167,105,272,0.00039238875317376237
185,87,272,3.53567908746868e-7
155,117,272,0.0003694829930834379
184,88,272,0.9944136266474382
209,63,272,2.0828654173726705e-7
167,104,271,0.3149813444585866
209,61,270,0.003988389310926715
126,144,270,0.6505728275062779
173,96,269,2.6254009220527926e-5
188,81,269,2.328151107992732e-17
152,116,268,0.9388397790286686
187,81,268,1.5749234061873813e-10
176,92,268,0.16744255129731914
159,108,267,0.12142222712129203
200,67,267,0.8068335743694346
173,94,267,0.16806732870266622
194,73,267,0.999476579159544
190,77,267,2.503871289599613e-11
181,86,267,1.4727314037359627e-5
163,103,266,0.029759490626231518
183,83,266,0.49844303410516877
160,106,266,0.01503960167880451
189,76,265,1.667521538654641e-10
184,81,265,0.22800960046469332
154,110,264,3.07815690495512e-21
129,135,264,0.4716478292644406
182,82,264,0.19236277848876807
188,75,263,1.2049597507585244e-14
196,67,263,0.05735097310840156
128,135,263,0.35291544996872376
159,103,262,0.655823848610501
161,101,262,0.08699181934976358
189,73,262,0.7267509803124766
151,110,261,0.11460775436455195
164,97,261,0.13688544778570097
143,118,261,0.35291544996872376
191,70,261,0.06611573959509347
150,110,260,0.01972545845043138
185,75,260,0.08513733751567261
110,150,260,0.7267509803124766
181,79,260,5.7584998621270346e-8
178,82,260,0.1507992520388127
197,63,260,2.765342103358782e-8
80,180,260,0.6079649461721918
206,53,259,0.00021579733481205207
146,113,259,0.219958351198403
187,72,259,0.008609300721812119
167,92,259,0.010592801415054478
185,73,258,9.458065948942356e-21
150,107,257,0.003293814703347817
177,80,257,NaN
190,67,257,4.340466117809587e-5
198,59,257,0.11404401218842061
164,93,257,0.9055257584401837
189,68,257,0.0006383347795095382
148,108,256,3.5358238088068626e-23
175,81,256,0.6809710272617158
166,89,255,3.532159062048399e-10
181,73,254,3.159189472201361e-40
124,130,254,0.6914431924244484
175,79,254,0.08877730836893008
165,88,253,0.2552571482584644
152,101,253,0.5935881976573033
208,45,253,0.07470550857760336
165,88,253,5.46578327740121e-13
171,82,253,0.39023786105476627
141,112,253,2.3886111926138247e-6
180,73,253,0.3487586082458566
80,173,253,0.6104096037191906
169,84,253,0.045617003110543904
84,168,252,0.5171350244870895
150,102,252,2.1253265266817642e-11
155,97,252,4.16612948586875e-8
200,51,251,0.3732822815895335
117,134,251,0.00013899563094330449
200,51,251,1.0572399185823128e-5
185,66,251,1.3927823787256723e-5
141,110,251,5.0875379786236134e-5
187,63,250,0.07190276004242258
199,51,250,5.680327467440957e-19
216,34,250,3.8503195807073694e-5
175,75,250,0.09793550138459234
83,166,249,0.6940591149529088
169,79,248,0.031691502573389034
178,70,248,0.038709141732408185
224,24,248,0.013491876920394176
168,79,247,5.627728770185532e-6
167,80,247,0.005415444354048498
124,123,247,0.9249318174205405
178,69,247,0.13261969879294871
176,70,246,0.11404401218842061
192,54,246,0.37599666949271626
173,73,246,0.839951801155155
124,121,245,0.18253582620357642
157,88,245,0.16806732870266622
168,77,245,0.03794641341295346
132,111,243,0.569149748895899
188,55,243,2.7811879506677817e-8
133,110,243,0.23775490787319767
188,55,243,0.08951726595934094
133,110,243,0.0494455745194533
175,67,242,0.02715064252195694
124,118,242,0.569149748895899
177,65,242,0.021960220642977778
162,79,241,0.08596717446393809
176,65,241,3.764732629335361e-14
178,63,241,0.9958917914405245
178,63,241,0.24398860010660894
157,84,241,0.7232736574812922
189,52,241,0.15582004017406265
177,64,241,5.918832160260841e-6
150,91,241,0.1786973706166474
182,58,240,0.007683841480251671
185,55,240,0.21153607444395284
183,57,240,0.05714537733063394
170,70,240,3.6003090210704577e-7
176,64,240,0.01040679973317472
143,97,240,0.006213050112590019
202,38,240,0.11404401218842061
149,90,239,0.004177547422638857
143,96,239,0.03212283844334118
176,63,239,1.6949122614512735e-9
139,100,239,0.003507800329574747
178,61,239,0.995779364174419
193,46,239,0.0008780239115870126
180,59,239,1.9174405567589604e-6
183,55,238,0.05514257429132306
190,48,238,0.976413425292083
158,80,238,0.0008962689048393573
180,58,238,0.3149813444585866
146,91,237,0.007751013901954147
143,94,237,0.18678571217507012
167,70,237,0.0006909415068716265
181,56,237,0.0638043559310834
161,74,235,3.1918232026819694e-14
179,56,235,0.08998994118962207
196,39,235,0.12708929624792484
134,101,235,0.36226926414328703
177,58,235,2.511170540254413e-17
176,59,235,4.587379983559385e-12
175,60,235,0.01585695029855159
164,70,234,0.1298724704817915
169,65,234,2.5493302676748795e-6
170,64,234,0.47793771766761745
95,139,234,0.4991160421078876
151,83,234,0.3506995420646953
126,108,234,NaN
174,59,233,0.013470383387329338
193,40,233,0.001095352875867783
141,92,233,0.024979424385777767
150,83,233,0.6104096037191906
172,61,233,4.4986523251930304e-14
175,57,232,8.39828662952765e-6
77,155,232,0.38578359346942265
165,66,231,1.081770855884055e-13
148,83,231,0.00010465885515306246
176,55,231,0.8413494998982758
126,105,231,0.7236444893150484
173,58,231,0.0015769617323328359
139,92,231,0.00046819913310969637
170,60,230,7.532534767212052e-12
170,60,230,5.6116977576964585e-5
135,95,230,5.715672072711578e-23
159,70,229,0.7582540955828375
180,49,229,0.8333832134691702
103,126,229,0.6104096037191906
165,64,229,6.63723272081977e-11
138,91,229,2.923069935377195e-7
171,57,228,0.08911126766519745
154,74,228,0.9999245513996746
177,51,228,0.6128345305770811
162,66,228,0.03317022976394289
157,71,228,4.352400847205511e-10
176,51,227,0.7116811060572561
161,66,227,0.8886935889394204
164,63,227,9.231078653471013e-5
157,70,227,2.3563936567851094e-11
148,79,227,0.00016724562911601593
112,115,227,0.786623350458894
153,73,226,0.0003242113399740254
158,68,226,0.05080284995051731
162,64,226,0.9711836190363513
159,66,225,0.0005595239178402309
170,54,224,0.3364695286120129
136,88,224,2.547267274416136e-12
159,65,224,0.001268469146450935
169,55,224,0.07470550857760336
150,74,224,0.39064081951093954
181,42,223,0.39064081951093954
152,71,223,0.35291544996872376
142,81,223,0.15267134196746351
159,64,223,0.005812985542910942
160,63,223,0.3149813444585866
116,107,223,0.6227875607758656
139,83,222,0.09943458759150654
173,48,221,0.3149813444585866
143,78,221,0.8356407771585233
158,63,221,0.9003148939670534
165,56,221,7.139653123896875e-6
156,65,221,0.08596717446393809
144,76,220,0.05735097310840156
132,88,220,0.002322541453489918
129,91,220,0.5870630650041954
165,55,220,0.0005316124251325859
136,84,220,0.7516440444752949
148,72,220,0.03798596160275798
157,62,219,5.417321833637321e-26
160,59,219,7.625510358483892e-5
164,55,219,0.00014706372589014276
156,63,219,0.00018642180953765464
152,67,219,0.21485930371336193
126,93,219,0.2342633859254745
145,73,218,0.39064081951093954
140,78,218,0.0006587622722670626
161,56,217,0.6505728275062779
149,68,217,0.0037687713941706663
148,69,217,1.5567119208270014e-8
162,55,217,0.006544612794933796
132,84,216,0.34723149040671586
164,52,216,0.9894656266614458
120,96,216,0.9499854292983245
151,64,215,0.5381955735841177
146,69,215,4.461605360499678e-8
140,75,215,1.7658179387714233e-5
163,51,214,0.19236277848876807
149,65,214,0.7315650513595587
166,48,214,0.3889403095281262
113,101,214,0.8553400459938837
138,75,213,0.3885804930602123
138,75,213,0.9798789682706209
148,65,213,0.001444240015957052
149,64,213,0.995277195914707
144,69,213,0.8356407771585233
131,82,213,0.35291544996872376
147,65,212,0.3296228791973748
152,60,212,0.2500618865060673
138,74,212,0.9337271792329145
146,66,212,0.0806674194217208
100,112,212,NaN
158,53,211,0.1932215700910489
130,81,211,0.6472368046499707
163,48,211,7.573759574492295e-5
166,45,211,0.000657502048400621
145,66,211,0.8437033118774633
125,86,211,2.355971227817681e-7
156,54,210,4.862599997327823e-6
161,49,210,0.5238679062670301
135,75,210,0.0034019500666224085
164,45,209,0.9711836190363513
147,62,209,1.9326260908771387e-7
155,54,209,0.011314193569257076
76,133,209,NaN
127,82,209,8.694002929230023e-8
138,71,209,0.1441498973063699
155,54,209,0.07664003767522594
130,78,208,0.935477702841524
144,64,208,0.24524244003177142
124,84,208,0.9982421046835523
135,73,208,0.8553400459938837
156,52,208,0.27923371017636817
145,63,208,0.9961520687047375
170,38,208,9.995570608864604e-5
154,54,208,0.9935452191549489
160,47,207,0.1141029065164724
146,60,206,0.06611573959509347
129,77,206,0.569149748895899
117,89,206,0.0001671704302200658
130,76,206,0.8126062497204273
148,58,206,0.9857264206675347
122,83,205,0.6396834731342287
150,55,205,0.9944136266474382
162,43,205,9.603441089255152e-6
144,61,205,1.9308975288668088e-7
175,30,205,0.031151750081717174
135,70,205,0.0015191893127259257
155,49,204,2.7558903472477854e-9
150,54,204,0.6914431924244484
163,41,204,0.43116983099757117
156,48,204,0.09939104221103735
133,71,204,1.6801666540300114e-5
80,124,204,0.6914431924244484
111,92,203,0.13438387633004728
146,57,203,0.7267509803124766
144,59,203,0.00030219912362534554
138,65,203,0.8915062399522097
105,98,203,0.0027840491786118257
82,121,203,0.6104096037191906
110,93,203,0.8886935889394204
170,32,202,0.028886075440067927
161,41,202,1.9592045328737507e-11
119,83,202,0.21895362374060312
161,41,202,0.569149748895899
141,60,201,8.371532551741897e-7
138,63,201,0.8553400459938837
117,84,201,0.002270804770336552
163,38,201,0.010639203672650257
123,78,201,0.005182458613898771
134,66,200,2.8366160572686967e-9
164,36,200,0.8548385225505856
117,83,200,0.09643943255026395
125,75,200,4.727293241540133e-10
154,46,200,0.0005312216868881761
126,73,199,0.5483075110900147
130,69,199,0.9388397790286686
162,37,199,6.931685196295008e-6
147,52,199,0.00043763565801286796
104,95,199,0.8120477488685461
146,52,198,8.045925893702703e-15
120,78,198,0.39064081951093954
126,72,198,0.9574264943593161
157,41,198,0.0017939869839629595
153,45,198,2.0155553309486866e-21
148,50,198,0.9944136266474382
138,59,197,2.181995461069557e-9
116,81,197,0.9163216390929619
120,77,197,0.0015741128929970091
107,90,197,NaN
122,75,197,0.2686020472115035
132,65,197,0.7582540955828375
137,59,196,0.00032533904390748557
120,76,196,0.43116983099757117
135,61,196,4.461198820712014e-5
123,73,196,8.075257748222902e-11
100,96,196,0.8356407771585233
134,61,195,0.07008675609660682
118,77,195,0.39058618657736854
134,61,195,0.569149748895899
152,43,195,0.09943458759150654
120,75,195,0.9742880337184239
115,80,195,0.00040636151568301007
135,59,194,0.43116983099757117
133,61,194,3.994467628439574e-5
113,80,193,0.8098849745012694
142,51,193,0.3149813444585866
147,46,193,0.010171429401133985
142,51,193,0.549121901449897
159,34,193,0.01618137777815632
134,59,193,0.7878498711946279
122,71,193,0.6091143196846087
117,75,192,0.016314898271010056
130,62,192,0.029804432280760247
114,78,192,0.005532763997559484
128,64,192,0.24524244003177142
96,96,192,2.1068211491158618e-19
139,52,191,2.6567654854644364e-9
152,39,191,0.8553400459938837
124,67,191,NaN
140,51,191,0.7267231724802315
115,76,191,8.319123315203503e-9
141,49,190,9.032865743712317e-15
131,59,190,0.06611573959509347
139,51,190,0.39064081951093954
102,88,190,0.1298724704817915
125,65,190,0.0006948882296705719
129,61,190,4.87916130954995e-5
140,50,190,4.44372302472711e-8
104,86,190,0.0020438261891672616
124,65,189,0.9689551078642531
86,103,189,0.569149748895899
164,25,189,0.47793771766761745
122,67,189,0.06478578840885994
128,61,189,0.05710489237543506
142,47,189,8.840481545012133e-6
126,62,188,0.024979424385777767
123,65,188,NaN
126,62,188,0.9649170932836378
146,42,188,0.8164037185351688
130,58,188,0.00014081304658158217
134,53,187,0.03529763348168879
134,53,187,0.24524244003177142
126,61,187,3.828452421172728e-9
129,58,187,0.0004441268484753989
130,57,187,0.8626133495361339
136,51,187,0.8120477488685461
142,45,187,0.9944203036868209
108,78,186,0.6558811672284648
111,75,186,0.7267509803124766
141,45,186,5.621673016617782e-7
110,76,186,2.9333640135667187e-8
110,76,186,0.7267509803124766
121,65,186,0.07191827894079268
114,71,185,0.009612451761176161
146,39,185,0.39064081951093954
125,60,185,1.474345186117246e-9
140,45,185,0.9490411065363702
135,50,185,0.04370689030141423
127,58,185,2.415829655416669e-18
102,83,185,0.9103345519982275
92,93,185,0.8553400459938837
130,55,185,0.19236277848876807
135,50,185,6.935203751089718e-6
64,121,185,0.7267509803124766
108,76,184,NaN
133,51,184,0.5200681292830164
114,70,184,0.13393558026713664
130,54,184,0.02030875416459294
125,58,183,0.569149748895899
110,73,183,0.5238679062670301
125,58,183,0.025287818947210623
141,42,183,1.9607593335965106e-10
124,59,183,4.374459566605046e-28
118,65,183,1.450349133197003e-19
126,57,183,2.028696088051426e-6
64,119,183,NaN
100,83,183,0.05886141873423657
138,44,182,0.07470550857760336
130,52,182,0.004853991563388955
108,74,182,0.9846278046356925
133,49,182,0.0003380800671452674
122,59,181,0.3983172037181578
145,36,181,0.43116983099757117
124,57,181,0.27923371017636817
128,53,181,0.5250744322869274
131,50,181,3.957534952823087e-12
113,68,181,0.0013423680881663256
120,61,181,0.6843079860461407
123,57,180,0.9944136266474382
103,77,180,0.9484768833729602
131,49,180,0.0057212698255424055
132,48,180,0.8044806010336019
116,64,180,0.01498468992570048
126,54,180,7.631459199958441e-21
134,46,180,0.47793771766761745
96,84,180,1.1790472245052895e-25
141,38,179,4.929853439867719e-7
130,49,179,0.040939980856155064
117,62,179,0.0005175157592216794
137,42,179,9.964095007587047e-6
121,58,179,0.6841639890926987
127,51,178,1.7573401212897652e-8
118,60,178,1.5995207628169009e-9
113,65,178,0.0011600690836363382
177,0,177,NaN
112,65,177,0.7582540955828375
119,58,177,0.0029107863672165443
63,114,177,NaN
131,45,176,0.004208891755348142
124,52,176,0.00016657268073534272
147,29,176,0.12313097911493162
119,57,176,0.4269788713421857
115,61,176,0.14181255025830478
112,64,176,0.604249311406548
117,59,176,0.03317022976394289
121,55,176,6.175244385287525e-7
120,56,176,0.8733102078879845
132,43,175,0.3439032812359393
106,69,175,0.005262279037284714
114,61,175,7.231082969535059e-6
130,45,175,0.8733102078879845
111,64,175,0.025698204759846976
141,34,175,0.8733102078879845
124,51,175,4.361265224089034e-14
100,75,175,1.3421137474194122e-5
112,62,174,NaN
112,62,174,0.380301422149532
135,39,174,0.015401907202796853
119,55,174,2.116501693871006e-5
103,71,174,0.9811127762214269
132,42,174,0.29346374389340574
133,41,174,0.054458554974616734
109,65,174,0.6420207917782143
136,37,173,0.27923371017636817
119,54,173,NaN
117,56,173,1.61117122167628e-7
133,40,173,0.020795645599893515
66,107,173,0.09943458759150654
134,39,173,0.6914431924244484
135,38,173,0.00035430403099876177
116,56,172,0.004781585755281602
122,50,172,NaN
109,63,172,0.35291544996872376
120,52,172,2.1361609809075377e-8
129,43,172,1.6793267103864997e-6
121,50,171,1.1277825576888813e-13
116,55,171,0.47793771766761745
100,71,171,0.03317022976394289
102,69,171,0.11854482790579711
117,54,171,1.9544060355023927e-10
118,53,171,0.005362820771109053
109,61,170,4.123328200763102e-5
111,59,170,0.02381882315539034
119,51,170,0.017571899522903747
133,37,170,3.283297307092614e-5
47,123,170,0.7317270555675619
113,57,170,0.5238679062670301
120,50,170,3.2998184426619086e-12
128,42,170,0.9994175398571594
129,41,170,0.043256710905118505
119,51,170,2.742719324335359e-7
94,76,170,0.9961520687047375
119,51,170,0.05735097310840156
109,60,169,0.21789723100099276
125,44,169,0.9465119742145252
89,80,169,0.9974748018356083
135,34,169,0.7600437710950968
124,45,169,0.018599818988225294
118,51,169,0.27923371017636817
93,76,169,0.09943458759150654
96,73,169,0.01880761644846058
127,41,168,0.035837294825058374
110,58,168,0.20615922106944676
128,40,168,5.344348358880242e-7
117,51,168,3.537893944316686e-5
117,51,168,0.0057212698255424055
127,41,168,0.9675699817337315
112,56,168,0.9944136266474382
124,44,168,8.76447814858089e-6
115,53,168,0.4598399296714607
125,43,168,0.47793771766761745
106,62,168,NaN
127,40,167,0.19236277848876807
127,40,167,7.321419751465072e-5
104,63,167,0.08453644015786052
115,52,167,3.0340057979270182e-9
116,50,166,2.7144794616596524e-5
127,39,166,0.012371257093710876
113,53,166,0.007067030922015641
120,46,166,0.26478024389279453
112,53,165,0.5238679062670301
107,58,165,0.8253729419652603
108,57,165,0.00018408031779129525
129,36,165,1.2257465128240334e-12
125,40,165,0.03794641341295346
79,86,165,0.8879580173453769
122,42,164,0.08596717446393809
119,45,164,0.07470550857760336
124,40,164,0.14766029718238274
108,56,164,0.0011116748803106189
96,68,164,0.06611573959509347
135,29,164,1.179018326089252e-16
123,40,163,1.8831118226776642e-10
118,45,163,0.0025885332615561358
128,35,163,0.5238679062670301
125,38,163,0.7582540955828375
113,50,163,0.005672237327424505
104,59,163,0.016314898271010056
113,49,162,0.013712126257744364
115,47,162,0.00454071977825546
139,23,162,NaN
105,57,162,6.430267196619855e-9
116,46,162,0.029578841960716577
108,54,162,0.9770904897528405
99,62,161,0.11549028879150981
99,62,161,0.11337211477982084
121,40,161,0.6914431924244484
60,101,161,NaN
91,70,161,0.047784606247743326
102,58,160,0.47793771766761745
93,67,160,NaN
104,56,160,0.020473116387465462
114,46,160,0.6104096037191906
101,59,160,2.2794457566814251e-7
126,34,160,1.1848365600689846e-5
76,84,160,0.27923371017636817
111,48,159,0.110983235695115
92,67,159,0.010926940780999128
76,83,159,NaN
86,73,159,0.006159149435891095
111,48,159,0.9490411065363702
109,50,159,0.3137935660393799
108,50,158,0.14766029718238274
134,24,158,0.09943458759150654
117,41,158,0.03106574945465921
101,57,158,0.00140684628736026
110,48,158,0.07790756760782165
105,53,158,1.93600736461741e-9
62,96,158,0.34954811991288426
109,49,158,0.6914431924244484
107,51,158,0.5792527980273514
109,49,158,9.932250266598476e-5
123,35,158,0.06611573959509347
92,66,158,NaN
124,34,158,2.837032890350734e-15
106,51,157,0.8244080569780772
98,59,157,0.9030952226408369
113,44,157,0.27923371017636817
119,38,157,0.08596717446393809
120,37,157,0.3149813444585866
104,52,156,0.17630897365314024
112,44,156,6.47229225087646e-8
115,41,156,0.07585931171352854
108,48,156,5.10222122146053e-7
110,45,155,0.011532985534739066
115,40,155,0.5238679062670301
105,50,155,6.229606604987558e-7
113,42,155,0.9030952226408369
109,46,155,0.04314883378646375
100,55,155,0.24511852285822497
114,41,155,0.13688544778570097
85,70,155,0.23564906043828582
108,46,154,0.1535238301458931
101,53,154,0.5879137644183348
115,39,154,0.01880761644846058
105,49,154,0.8886935889394204
101,53,154,0.5141953094560456
109,45,154,0.023656751924740167
103,51,154,0.0010726495262370873
121,33,154,0.3780354172760131
96,58,154,0.6104096037191906
113,40,153,2.4411974651996783e-6
99,54,153,0.5238679062670301
105,48,153,0.002415177317062864
79,74,153,0.5701231542911878
88,65,153,1.2707658136830958e-7
84,69,153,2.9420316378825497e-11
102,51,153,0.0030852415028262354
103,50,153,0.8784610713261372
103,50,153,8.643343939857703e-8
107,46,153,0.07580679801662497
99,54,153,7.691010016309474e-5
110,42,152,0.31099141350453136
125,27,152,0.0010560349859957587
107,45,152,0.003237003648625577
101,51,152,1.7585269824428049e-7
107,45,152,0.0006414195910831065
119,33,152,0.011532985534739066
102,50,152,0.009778647628762748
91,60,151,0.08952284426970802
108,43,151,1.102131510128475e-22
116,35,151,3.1706209236722024e-15
111,40,151,0.24524244003177142
79,72,151,0.01880761644846058
131,20,151,0.03794641341295346
94,57,151,0.0051622622712891855
103,48,151,0.9501305535207419
108,43,151,0.02499668773992909
112,39,151,2.2919265395018416e-5
133,18,151,0.09943458759150654
100,50,150,0.2023180014223277
113,37,150,0.6914431924244484
106,44,150,0.06611573959509347
104,46,150,0.016314898271010056
109,41,150,0.05735097310840156
96,54,150,0.9973722782398073
107,43,150,0.0069761914769390105
90,60,150,3.169888829865415e-8
108,42,150,0.17754437314011004
112,38,150,1.0856382140197435e-8
100,49,149,2.7497201524803512e-5
115,34,149,0.005215382285792536
114,35,149,0.14485476489719812
119,30,149,0.3149813444585866
127,22,149,0.05735097310840156
125,24,149,0.16630196507265754
108,41,149,0.013539080672352722
92,57,149,0.00075905623670473
87,62,149,0.34483262925866776
95,54,149,1.1321006611289197e-8
117,31,148,0.0006754929615778253
90,58,148,0.8733102078879845
120,28,148,0.07793861513287051
100,48,148,0.04080264511952795
110,38,148,0.01389863463638223
101,47,148,0.009651381406582095
90,58,148,0.0006468469049096161
93,55,148,0.02333045614954029
115,33,148,0.06564498471088673
101,47,148,0.14148136381656617
89,59,148,0.43116983099757117
80,68,148,6.72315095410977e-5
99,48,147,0.5336606505865084
108,39,147,0.09943458759150654
98,49,147,6.4801509478785165e-12
104,43,147,7.336971084315444e-7
115,32,147,3.454820856000263e-5
117,30,147,0.11368184516155987
104,43,147,0.9687472590262524
117,30,147,0.22052278249562096
90,57,147,0.0477123455774357
104,43,147,0.18978849286892654
78,69,147,0.8356407771585233
107,39,146,0.47793771766761745
98,48,146,0.0026391905797281826
100,46,146,0.6104096037191906
108,38,146,4.235030538773483e-7
62,84,146,0.5149648723296032
126,20,146,2.060435960953128e-5
90,56,146,0.06645337165505787
80,66,146,0.19236277848876807
90,56,146,0.02559496340809184
90,55,145,NaN
94,51,145,7.953809506481327e-9
105,40,145,0.0019571217412402897
101,44,145,0.5633634085842112
104,41,145,0.9954634388173841
88,57,145,0.9994289869693611
103,42,145,0.03794641341295346
102,43,145,4.964144407393308e-11
76,69,145,0.2180321792514569
80,65,145,0.0691365070408117
95,50,145,2.3265917847899525e-10
120,24,144,0.016314898271010056
81,63,144,0.5584949720574854
104,40,144,0.001980488685510807
95,49,144,0.3700804399348152
104,40,144,0.4090671984091914
93,51,144,0.20662702974574546
107,37,144,0.19909618569804266
98,45,143,0.05735097310840156
94,49,143,1.7190087544529686e-6
102,41,143,0.0013337672099278796
101,42,143,6.947915172888524e-14
113,30,143,0.47793771766761745
92,51,143,0.0035144565335119907
104,39,143,0.007453097243952204
62,81,143,0.2501683804129228
99,44,143,0.00014814701446695002
81,62,143,0.6104096037191906
94,49,143,0.0006383599575324237
92,50,142,0.9030952226408369
103,39,142,0.00035142220026238203
106,36,142,0.04370689030141423
92,50,142,0.569149748895899
72,70,142,0.021960220642977778
90,52,142,4.352281403266122e-30
81,61,142,NaN
101,41,142,0.20505081019716265
81,61,142,0.04283515320054583
91,51,142,0.11404401218842061
95,47,142,0.9217876908523208
107,34,141,0.009476476894913396
71,70,141,0.6599212761651518
81,60,141,0.05735097310840156
112,29,141,0.022426683680617916
99,42,141,0.4222232237805691
94,47,141,0.052139021242194036
99,42,141,0.47793771766761745
116,25,141,0.46665148352732555
78,63,141,0.5278478671255954
93,47,140,0.9388316950193444
104,36,140,0.47793771766761745
90,50,140,0.10933308507816578
98,42,140,3.710352184801114e-7
94,46,140,0.0015982794730985748
89,51,140,0.569149748895899
77,63,140,4.006980905295206e-8
103,37,140,0.05005732049331196
87,53,140,0.5238679062670301
95,45,140,0.8886935889394204
100,39,139,2.399189558368224e-6
117,22,139,1.974550301020003e-13
102,37,139,0.0066464631463082026
92,47,139,0.08596717446393809
107,32,139,0.00044773021507973855
94,45,139,1.866233581599595e-14
73,66,139,2.6954897109514844e-6
121,18,139,0.0001485807393031632
83,56,139,3.5261398419796766e-6
83,56,139,0.5859398367146251
94,45,139,0.2180321792514569
93,46,139,0.016383461900240225
106,32,138,0.0003919073350733173
80,58,138,0.6104096037191906
80,58,138,0.005812985542910942
98,40,138,0.527896009496767
93,45,138,0.9999996001813158
99,39,138,0.11150333757207405
106,31,137,2.6391120426049336e-10
94,43,137,1.5172859533322435e-5
83,54,137,0.0182452088363984
100,37,137,2.9876235560208614e-7
105,32,137,0.3010324919428967
100,37,137,0.6505728275062779
96,41,137,0.27923371017636817
90,47,137,0.8553400459938837
92,45,137,4.4139817396867297e-8
100,37,137,5.361575454873998e-5
91,46,137,0.0027942459918466156
74,62,136,0.35291544996872376
84,52,136,9.215234777986129e-14
97,39,136,0.8120477488685461
110,26,136,0.27923371017636817
80,56,136,0.46404251034492144
76,60,136,0.8553400459938837
90,46,136,0.8553400459938837
84,51,135,0.3929716779845387
93,42,135,0.0006255806724304149
97,38,135,0.6104096037191906
96,39,135,0.1298724704817915
81,54,135,4.378867702586333e-6
97,38,135,0.035281687742618334
83,51,134,0.008126970210441814
94,40,134,0.6505728275062779
91,43,134,0.6545851685125973
90,44,134,0.43116983099757117
106,28,134,0.0012697377367349638
93,41,134,0.24524244003177142
86,47,133,0.003021386711138231
94,39,133,1.1460536375373853e-24
106,27,133,0.06611573959509347
109,24,133,3.2679238148602673e-10
84,49,133,NaN
85,48,133,0.7759010711146737
89,44,133,NaN
94,39,133,0.16806732870266622
88,45,133,5.782204630985009e-5
133,0,133,0.6914431924244484
91,42,133,8.17686677869892e-19
101,32,133,0.39064081951093954
98,35,133,0.0025395864645517984
50,83,133,NaN
108,24,132,0.7267509803124766
104,28,132,0.002525981128161138
92,40,132,0.004094192617177124
93,39,132,0.569149748895899
75,57,132,0.47793771766761745
94,38,132,0.011532985534739066
79,53,132,0.001615416478124687
74,58,132,NaN
99,33,132,0.00020613449612550888
82,50,132,NaN
93,39,132,0.3149813444585866
75,57,132,5.116613382467026e-8
87,45,132,0.0051132273054143584
72,60,132,0.944424720726467
79,52,131,0.8187208190102906
100,31,131,2.2557119149170805e-10
94,37,131,0.11404401218842061
96,35,131,0.3149813444585866
76,55,131,NaN
89,42,131,0.0003319402328622391
84,47,131,0.8356407771585233
67,64,131,0.004043237390150072
101,30,131,0.41629100485857523
97,34,131,0.0037364952897147004
70,61,131,1.5913882417674878e-7
88,43,131,0.001509361667200799
81,50,131,0.0017826400165705289
103,27,130,0.14935751760728017
92,38,130,5.300214734455282e-13
83,47,130,0.7267509803124766
88,42,130,0.024979424385777767
110,20,130,0.011283759558776195
91,39,130,0.017740639657955685
99,31,130,0.029804432280760247
94,36,130,0.5238679062670301
111,19,130,0.9030952226408369
70,60,130,0.1662306573916556
69,61,130,0.001023577509651045
68,62,130,NaN
109,20,129,0.0003827303472582953
88,41,129,0.04822419469387481
79,50,129,0.33192038423520853
82,47,129,0.7871857874816071
80,49,129,0.000634653938008605
90,39,129,0.5238679062670301
81,48,129,0.06505737314525147
84,45,129,0.2216226569591245
83,46,129,0.04767541108131925
93,36,129,0.040989627610595165
89,40,129,0.009289550460028535
99,30,129,0.24524244003177142
94,35,129,0.01672849991745417
108,21,129,0.5238679062670301
60,69,129,0.1548133941171136
93,35,128,0.013246614512978715
86,42,128,NaN
97,31,128,0.9961520687047375
92,36,128,0.0279592609923644
87,41,128,0.17918957081717504
82,46,128,0.2890600921574564
96,32,128,0.016314898271010056
98,30,128,1.8055498473517776e-6
91,37,128,8.077810008874354e-7
87,41,128,0.3729410775804572
94,34,128,0.635377457279266
101,27,128,0.1200127030893133
94,34,128,0.006603050547196798
96,32,128,1.0154132228132342e-9
90,38,128,6.304554856455411e-5
67,61,128,0.016491287551816867
79,48,127,0.9867345011722811
84,43,127,0.27923371017636817
103,24,127,0.8952603189304542
79,48,127,NaN
85,42,127,4.622102422518755e-5
93,34,127,0.04370689030141423
80,47,127,0.7652324673251514
71,56,127,0.06246456265169001
100,27,127,0.49243073363821727
76,51,127,0.00013234515888621193
78,49,127,NaN
80,47,127,0.4148520358572002
97,30,127,0.007177138185732504
92,35,127,0.01389863463638223
88,39,127,0.30213109197152027
78,49,127,0.2455855282344786
77,50,127,6.545680790397033e-12
72,55,127,0.3290626223998898
87,40,127,0.0026908597986054356
83,44,127,0.002192543746811821
78,48,126,0.09441587032811674
80,46,126,0.9852484599995445
91,35,126,0.15384676417547805
93,33,126,5.4924578496104e-7
66,60,126,0.927808813496808
88,38,126,0.7267509803124766
73,53,126,0.5238679062670301
91,35,126,0.7598836991610819
78,48,126,0.03143149580518715
91,35,126,1.1876052049041848e-8
90,36,126,0.0021922556724647394
73,53,126,0.005914032742715096
94,32,126,2.40936225327531e-8
65,61,126,0.0026291895353947156
96,29,125,0.8553400459938837
94,31,125,0.11332853845206824
87,38,125,0.03794641341295346
77,48,125,9.623145983300068e-5
95,30,125,0.032809717157230425
81,44,125,0.00043648699155858403
101,24,125,0.028886075440067927
93,32,125,4.727293241540133e-10
83,42,125,0.0008389736745902476
98,27,125,0.06611573959509347
80,45,125,5.576882180945403e-13
83,42,125,0.1281047197574059
90,35,125,0.0005739143173002757
92,33,125,4.693793090486723e-7
72,53,125,0.10714031937554615
66,59,125,0.6689033359385416
124,0,124,NaN
85,39,124,0.016046218007118893
87,37,124,0.007131978107427122
94,30,124,1.1114492146070356e-5
98,26,124,6.8743135552028e-20
88,36,124,0.9163216390929619
85,39,124,2.4450916924256697e-9
73,51,124,0.5255502342751625
87,37,124,0.028838767980147135
61,63,124,0.6505728275062779
93,31,124,0.23318254648867254
87,36,123,0.0002575232924310884
92,31,123,0.06475087889723984
87,36,123,1.2353320009773219e-5
75,48,123,0.24524244003177142
77,46,123,0.7261030265883628
50,73,123,0.6505728275062779
90,33,123,0.05391508522710743
68,55,123,0.16806732870266622
64,59,123,0.007377405349959475
66,57,123,0.3761245419307974
89,33,122,8.853374162952026e-20
73,49,122,0.05735097310840156
91,31,122,0.5238679062670301
83,39,122,0.0005011777558872372
78,44,122,0.0012405565350236446
91,31,122,0.7582540955828375
77,45,122,NaN
78,44,122,5.04681126985526e-11
73,49,122,0.15397718097655833
80,42,122,7.131669303133748e-8
82,40,122,0.24524244003177142
68,54,122,NaN
67,55,122,0.9711836190363513
78,44,122,0.6914431924244484
83,39,122,4.4424575291396556e-7
74,48,122,0.21244261769086545
70,51,121,0.7267509803124766
81,40,121,0.14766029718238274
86,35,121,0.6017300766829649
69,52,121,0.43116983099757117
73,48,121,0.002637451167617164
77,44,121,0.002041093620851873
64,57,121,0.9028737617755953
83,38,121,0.39064081951093954
75,46,121,0.19236277848876807
66,55,121,0.007623760100505784
81,40,121,0.05618737464621411
67,54,121,0.8120477488685461
96,25,121,0.47793771766761745
85,36,121,0.01389863463638223
97,24,121,0.4058981724515161
78,43,121,0.015746714991234118
91,29,120,0.00028953577020651613
88,32,120,0.005209385894191212
69,51,120,0.1875804235191672
70,50,120,0.03317022976394289
69,51,120,0.7582540955828375
95,25,120,0.927808813496808
86,34,120,0.9929574540824891
70,50,120,0.3438838308355931
94,26,120,0.21823801882382632
73,47,120,0.09943458759150654
74,46,120,0.07235805312586963
80,40,120,0.000807055938237943
80,40,120,0.8356407771585233
76,44,120,0.35291544996872376
84,36,120,0.002204041626885435
86,34,120,0.37084447498732276
71,48,119,0.09976701932322533
74,45,119,NaN
80,39,119,0.12108678880867565
77,42,119,0.029195089371910662
66,53,119,0.11404401218842061
89,30,119,9.695318009856972e-5
66,53,119,3.578894898815534e-5
87,32,119,0.0023417234359199993
91,28,119,1.825858990451957e-6
96,23,119,0.009184456777325066
71,48,119,0.000535089603472903
83,36,119,0.024979424385777767
77,42,119,0.0002810115714226904
69,50,119,0.9411454283675338
84,34,118,0.5857956602368398
89,29,118,1.6495698314056868e-6
80,38,118,0.00025659290452468355
94,24,118,0.8120477488685461
73,45,118,8.390380631987778e-8
81,37,118,0.8733102078879845
85,33,118,5.955770650494391e-7
77,41,118,0.5993851584559252
95,23,118,0.06962196380309064
87,31,118,0.0007571359047696817
90,28,118,0.19236277848876807
65,53,118,0.48741518333156936
74,44,118,0.33856457375460813
90,27,117,0.47793771766761745
81,36,117,0.003179364079327502
86,31,117,0.8120477488685461
76,41,117,0.33423906518184976
81,36,117,0.0011754657952401503
77,40,117,0.6198976156047806
85,32,117,0.0011507030930313932
72,45,117,0.6914431924244484
86,31,117,0.0014742423279781932
80,37,117,0.0019155362447107096
94,23,117,0.3919470319937749
90,27,117,0.00041914988244956937
90,27,117,0.002365390414830537
84,33,117,0.008126970210441814
77,40,117,0.02519241702250545
77,40,117,0.01498468992570048
67,50,117,1.801274064043573e-5
68,48,116,1.080284670596802e-6
64,52,116,0.569149748895899
56,60,116,0.8938973109500474
75,41,116,4.9987955609989686e-5
93,23,116,0.00018626809650976162
86,30,116,2.116501693871006e-5
52,64,116,0.7945790042268563
85,31,116,0.1603191287701746
72,44,116,0.0009408571412443489
69,47,116,0.052051242985002154
98,18,116,0.7132977784684164
76,40,116,0.47793771766761745
65,51,116,2.7782585087768397e-6
84,32,116,3.421054355496059e-6
83,33,116,6.746788669077164e-8
68,48,116,0.7582540955828375
69,47,116,0.16806732870266622
96,20,116,0.06205085667351304
96,19,115,0.0024241433275798752
80,35,115,0.9691258048072355
70,45,115,0.2698987269755261
78,37,115,0.15328213259184967
85,30,115,6.0311752017116314e-6
78,37,115,0.000216722326461496
81,34,115,0.0494455745194533
64,51,115,0.8120477488685461
82,33,115,0.001615416478124687
65,50,115,0.9169546222162895
91,24,115,0.9961520687047375
77,38,115,6.291265524988476e-7
64,51,115,0.18635666681927693
84,31,115,0.9490411065363702
66,49,115,0.6831466968857139
63,52,115,2.8396617299361604e-9
61,54,115,8.047492145716188e-6
59,55,114,6.632759032304294e-7
60,54,114,0.35291544996872376
82,32,114,0.2227592146649156
65,49,114,NaN
82,32,114,0.6102314113438695
59,55,114,0.0007208658256785766
79,35,114,NaN
80,34,114,0.005043121192482222
78,36,114,0.8120477488685461
91,23,114,0.00033737193133156405
85,29,114,0.9030952226408369
97,17,114,0.7124365675910596
79,35,114,0.0682258545574277
68,45,113,4.511572417720592e-5
102,11,113,0.569149748895899
81,32,113,4.0232493878368884e-7
60,53,113,0.5664819057997456
80,33,113,0.9717126183245496
82,31,113,1.0158478044977598e-8
70,43,113,0.3693233344202032
65,48,113,0.9181582329658486
89,24,113,0.005043121192482222
83,30,113,0.8850920993743409
86,27,113,0.007401338825669462
84,29,113,0.04370689030141423
83,30,113,0.05799916363429437
81,32,113,0.3149813444585866
79,34,113,1.2473132431821029e-21
85,28,113,0.5323223605979089
82,30,112,0.32584330935747435
88,24,112,0.6505728275062779
81,31,112,0.39064081951093954
67,45,112,0.05602095844566146
92,20,112,0.1298724704817915
69,43,112,0.3137601520561043
78,34,112,6.139038505100275e-8
69,43,112,4.042813317907939e-7
83,29,112,0.0015551446507584873
82,30,112,0.9857264206675347
79,33,112,0.05735097310840156
78,34,112,0.5834115276806305
84,28,112,4.268741150397731e-30
91,21,112,0.27923371017636817
73,39,112,0.9904668468145821
80,32,112,3.3055602723543496e-27
75,37,112,2.094295265219962e-12
81,31,112,0.016314898271010056
88,24,112,0.03317022976394289
71,41,112,0.19245885877895735
83,29,112,NaN
81,30,111,2.4312091948485616e-5
76,35,111,0.6505728275062779
83,28,111,0.8120477488685461
77,34,111,0.921881291872341
86,25,111,3.6291492947548857e-20
91,20,111,5.573676241575587e-13
77,34,111,0.02987662212609643
82,29,111,NaN
81,30,111,9.926068409112062e-9
62,49,111,9.723002557995568e-5
82,29,111,0.0006609840841351245
85,26,111,0.0006153145668887804
78,33,111,0.8120477488685461
65,46,111,0.43224694165048705
73,38,111,0.00035976304975985
87,24,111,0.48618973008397615
91,20,111,0.8387190493498771
81,30,111,0.000153421167966806
68,43,111,0.7920997616567117
87,23,110,0.11404401218842061
68,42,110,0.6823458866415312
82,28,110,0.3451580196994974
88,22,110,0.0007269701204670202
81,29,110,0.31254531403088454
79,31,110,0.01705875261683726
74,36,110,0.01389863463638223
85,25,110,0.02356281542275554
76,34,110,0.3149813444585866
64,46,110,0.10650622330362938
81,29,110,0.22313056332638612
77,33,110,6.924141560404139e-9
78,32,110,NaN
92,18,110,3.591366558948178e-15
72,38,110,7.1477806723392525e-9
88,22,110,0.028886075440067927
71,39,110,0.3149813444585866
82,28,110,0.027882076405189214
63,46,109,0.39064081951093954
75,34,109,0.27369177007057516
80,29,109,2.3243856367975325e-8
79,30,109,9.318753298733258e-6
80,29,109,0.007110959647739414
79,30,109,9.310223818688236e-22
67,42,109,0.8531546840729491
79,30,109,0.07904654952126482
68,41,109,0.0132794783269874
67,42,109,0.0643343323744314
78,31,109,4.1386024835393e-8
67,42,109,0.35291544996872376
78,31,109,0.18331564376107773
69,40,109,0.35291544996872376
60,49,109,0.6104096037191906
75,34,109,1.4420984091531278e-18
63,45,108,0.39650840548794225
66,42,108,0.011555684499191015
86,22,108,0.6395572045856511
67,41,108,0.0013762638817795528
61,47,108,NaN
90,18,108,0.9992709037339045
74,34,108,0.6104096037191906
82,26,108,0.6914431924244484
78,30,108,0.927808813496808
67,41,108,0.003692420939891682
79,29,108,0.003730776881644937
72,36,108,0.006504312941901548
66,42,108,0.47793771766761745
66,42,108,0.8502009908290202
64,44,108,0.07470550857760336
60,48,108,0.019036740897044373
67,41,108,0.16806732870266622
62,45,107,0.02034441485500185
87,20,107,4.717940867368104e-6
79,28,107,0.8886935889394204
78,29,107,0.35291544996872376
73,34,107,8.149255764056776e-18
79,28,107,NaN
77,30,107,0.6369379628466229
75,32,107,0.1557854831704946
58,49,107,0.1298724704817915
58,49,107,0.7151647358566182
87,20,107,0.6581186411566695
61,46,107,0.9975663265144364
73,34,107,0.39064081951093954
57,50,107,0.6914431924244484
76,31,107,0.06101359906981539
69,37,106,NaN
69,37,106,0.2978765585245854
66,40,106,0.022822008743694108
89,17,106,0.03832442848911993
71,35,106,0.018229250553309765
62,44,106,7.679337686809803e-7
62,44,106,0.05735097310840156
65,41,106,0.14766029718238274
77,29,106,0.003511969978610025
80,26,106,0.0016585237183692743
1,105,106,0.8120477488685461
86,19,105,0.0409952775740713
79,26,105,2.9680420545005174e-28
79,26,105,4.6154027214669915e-8
79,26,105,0.16806732870266622
57,48,105,0.0014170049163680974
77,28,105,6.130225509696549e-8
61,44,105,4.929853439867719e-7
68,37,105,0.5907584520313892
81,24,105,0.07470550857760336
72,33,105,0.39064081951093954
71,34,105,0.43116983099757117
81,24,105,0.003395524305939675
65,40,105,NaN
69,36,105,0.09943458759150654
71,34,105,0.08898878437472828
66,39,105,0.27923371017636817
78,27,105,0.8120477488685461
72,33,105,2.842341289171189e-11
68,37,105,6.059052060269665e-15
79,26,105,0.6914431924244484
69,36,105,0.691349990721419
59,46,105,0.39064081951093954
89,15,104,0.1611324902456503
70,34,104,2.145098843373204e-10
89,15,104,0.7582540955828375
50,54,104,0.10060305776076059
69,35,104,0.007948639735271164
74,30,104,9.106096878289727e-7
79,25,104,0.03317022976394289
73,31,104,4.8124471049770155e-5
67,37,104,2.119933986929679e-5
72,32,104,0.3237225582375334
74,30,104,0.9236218576208326
63,41,104,0.01880761644846058
66,38,104,0.8404123076882271
71,33,104,6.947915172888524e-14
63,41,104,1.8623078097165655e-7
73,31,104,0.012513240903067976
66,38,104,NaN
74,30,104,2.8519103126110363e-16
76,28,104,0.43116983099757117
56,48,104,3.6705916933193584e-6
77,27,104,0.5463177020835844
70,33,103,0.005639180322213558
65,38,103,0.4066645770458422
73,30,103,7.2815099248668e-6
80,23,103,1.1159696226563795e-8
70,33,103,0.0021143719650214676
83,20,103,0.06611573959509347
70,33,103,0.000818385688725302
70,33,103,0.6302457912898844
69,34,103,NaN
76,27,103,0.2180321792514569
75,28,103,0.4404219962916001
80,23,103,0.10225760774021089
71,32,103,0.19236277848876807
77,26,103,0.4293899597827523
69,34,103,0.0494455745194533
71,32,103,2.5493302676748795e-6
81,22,103,0.004715953681301811
70,33,103,0.00019886155983991856
80,23,103,0.00013110958775551282
70,33,103,0.00011780555366774196
66,37,103,0.0054916236401845245
91,12,103,0.8268968966524638
80,23,103,0.8944579070414149
68,35,103,0.16806732870266622
68,35,103,4.643105248749972e-14
74,28,102,5.3422474642016294e-5
71,31,102,0.03317022976394289
63,39,102,0.016314898271010056
60,42,102,7.439540484188043e-7
76,26,102,0.016668878586993535
63,39,102,5.733334706709964e-10
72,30,102,0.06611573959509347
71,31,102,0.09178431246094756
66,36,102,0.518076374702793
78,24,102,7.161810876064893e-11
63,39,102,0.35291544996872376
64,38,102,0.5630164702736209
64,38,102,0.6505728275062779
64,38,102,0.17079749860551827
78,24,102,0.0051488436423395584
60,42,102,0.6505728275062779
0,102,102,NaN
84,17,101,0.786623350458894
43,58,101,0.7118954751865516
80,21,101,NaN
88,13,101,0.029356847734777158
43,58,101,0.05753016084891672
56,45,101,2.0290334529140932e-8
67,34,101,0.014626700518837795
72,29,101,0.2156833050067113
77,24,101,0.05735097310840156
72,29,101,8.609512586080063e-5
69,32,101,0.1843110081899105
63,38,101,0.6505728275062779
66,35,101,0.006483429254954134
67,34,101,0.1070017375333616
66,35,101,0.41234126630269774
67,34,101,0.0011282453382129827
65,36,101,0.43116983099757117
78,23,101,0.5238679062670301
78,23,101,1.4381828878708315e-9
77,23,100,0.012500661678189756
74,26,100,1.0813572838874307e-10
72,28,100,0.786623350458894
77,23,100,7.910050401630319e-6
69,31,100,0.6914431924244484
69,31,100,0.011676042219187393
62,38,100,NaN
56,44,100,0.5238679062670301
63,37,100,0.5238679062670301
70,30,100,0.19236277848876807
67,33,100,0.01996330810830078
70,30,100,4.825250167971794e-6
71,29,100,0.09943458759150654
73,27,100,0.27923371017636817
73,27,100,0.00015850382613109628
64,36,100,0.0005544930981464062
69,31,100,0.39064081951093954
60,40,100,0.10177179387091262
65,35,100,0.01751242315168032
63,37,100,0.2628638809276584
65,35,100,0.09943458759150654
52,48,100,0.21634148350354646
77,23,100,0.022428895171695867
59,41,100,0.27923371017636817
80,19,99,0.00039483657203352664
73,26,99,9.51452365100772e-6
72,27,99,2.13459493903789e-6
75,24,99,0.025719287173567924
56,43,99,NaN
69,30,99,0.0011436093410325384
71,28,99,0.23614676279178654
60,39,99,2.937344159551447e-13
71,28,99,0.00016905098811440162
57,42,99,0.3774598529206817
60,39,99,0.9163216390929619
91,8,99,0.35291544996872376
77,22,99,0.03631748016992583
74,25,99,0.7133287862107596
56,43,99,0.06611573959509347
67,32,99,0.786623350458894
83,16,99,0.6883697411656019
81,18,99,0.003433409031818724
57,42,99,0.9944894223341915
77,22,99,1.1485213937117556e-11
65,34,99,0.00014814701446695002
69,30,99,0.06205085667351304
60,38,98,0.05231146877405281
76,22,98,0.009778647628762748
80,18,98,0.786623350458894
71,27,98,0.0036964487389569358
72,26,98,0.00020319841456097547
78,20,98,0.022276604983255514
76,22,98,0.20639598778636292
61,37,98,0.8919236783589062
76,22,98,0.8547983695069024
65,33,98,0.9388397790286686
69,29,98,0.08543303638254568
64,34,98,0.07414106076519886
72,26,98,0.0022774169245747444
61,37,98,8.824242830168931e-9
59,39,98,0.07045794469374675
58,40,98,0.6833758768314452
59,39,98,0.001159176029035004
68,30,98,0.7509621331206686
80,18,98,0.39064081951093954
64,34,98,0.14766029718238274
68,30,98,0.786623350458894
82,16,98,0.08777785623212679
63,35,98,6.826371129373862e-11
69,28,97,0.6914431924244484
48,49,97,0.21882182911729364
61,36,97,0.33347966425887854
68,29,97,0.0052355815398865985
56,41,97,NaN
68,29,97,0.7084562945626739
67,30,97,0.9574264943593161
61,36,97,0.24524244003177142
51,46,97,0.19101789277501707
68,29,97,0.43967908854037246
71,26,97,0.09943458759150654
64,33,97,0.02681846979740832
65,32,97,0.7687502537929748
67,30,97,0.39064081951093954
60,37,97,0.11606518444598486
55,42,97,0.09982810921076125
63,34,97,0.3391407137624664
69,28,97,0.04873049285831893
76,21,97,0.569149748895899
67,30,97,0.883511449257622
84,13,97,0.30402068600938054
60,37,97,0.00027699621487790275
64,32,96,0.24524244003177142
64,32,96,NaN
65,31,96,0.7582540955828375
60,36,96,0.0002941112218403112
75,21,96,0.35291544996872376
71,25,96,5.622267262762787e-7
71,25,96,0.5238679062670301
84,12,96,0.19578391365517359
80,16,96,1.0122210695201288e-9
64,32,96,0.6104096037191906
67,29,96,0.0598447695170595
64,32,96,0.927808813496808
73,23,96,7.323706330602975e-5
65,31,96,4.107711181604808e-8
73,23,96,0.0005175157592216794
73,23,96,0.2735710714401208
46,50,96,0.2180321792514569
64,32,96,0.16641507328435187
73,23,96,0.5875277597497683
79,17,96,0.2325871675735591
68,28,96,0.35291544996872376
62,33,95,5.195793666021457e-7
64,31,95,0.01880761644846058
68,27,95,0.2999366890553652
64,31,95,NaN
55,40,95,0.1714499720616822
61,34,95,0.028886075440067927
54,41,95,0.8120477488685461
53,42,95,0.00023013675450330384
63,32,95,2.0166310744349603e-13
62,33,95,5.245160206343877e-7
54,41,95,0.03530917623542547
78,17,95,2.2651042479650072e-6
60,35,95,0.979925337619969
62,33,95,1.2338693746819599e-11
60,35,95,0.4412255987982729
55,40,95,0.5238679062670301
66,29,95,0.957679245509039
54,41,95,0.004107351584063071
64,31,95,0.33648516912873583
63,32,95,4.4986649244046426e-11
53,42,95,0.9820636115054128
35,60,95,NaN
57,38,95,NaN
52,42,94,0.002525981128161138
74,20,94,0.03794641341295346
66,28,94,3.946133567868031e-6
67,27,94,0.15375355774948946
70,24,94,9.634509529701998e-6
76,18,94,0.012778441385636512
75,19,94,0.6104096037191906
66,28,94,0.15154547598110665
67,27,94,0.0025240485899969208
67,26,93,0.9163216390929619
65,28,93,NaN
66,27,93,2.7529704021050116e-11
74,19,93,0.07404537223515212
58,35,93,0.0494455745194533
74,19,93,2.2919265395018416e-5
63,30,93,0.7267509803124766
62,31,93,0.43116983099757117
73,20,93,4.912922756596748e-5
74,19,93,0.005734596011627363
62,31,93,1.0644353240694065e-5
61,32,93,6.132344727415615e-6
61,32,93,2.791327551881317e-15
58,35,93,NaN
67,26,93,0.24281061747483673
55,38,93,0.14766029718238274
73,20,93,0.2575080507655577
66,27,93,6.78127853178067e-5
52,41,93,0.02356281542275554
57,36,93,0.9979275602259802
59,33,92,0.38152542179471416
69,23,92,0.021960220642977778
70,22,92,4.680775092134039e-10
59,33,92,0.0006878849616741209
72,20,92,0.09943458759150654
75,17,92,0.005779712096509696
71,21,92,0.0028461769711710765
73,19,92,0.05565552347350377
65,27,92,0.3307899925735319
53,39,92,0.8217947918094123
61,31,92,0.174717999718369
56,36,92,0.6505728275062779
59,33,92,0.6325097637454403
70,22,92,3.5182279392961543e-13
59,33,92,NaN
61,31,92,0.17364141098377553
69,23,92,0.6104096037191906
49,43,92,6.291265524988476e-7
57,35,92,1.1155375833750403e-7
54,38,92,0.005526087017204326
73,19,92,0.7267509803124766
57,35,92,0.786623350458894
56,36,92,0.00010792679205061807
61,31,92,0.07254921310101063
65,27,92,0.26705439742436476
69,23,92,0.0011507030930313932
70,22,92,0.0049120061921287895
69,23,92,0.9163216390929619
52,40,92,0.007863119551258362
38,54,92,0.7395154438501491
74,17,91,0.927808813496808
55,36,91,0.048458113738521234
57,34,91,0.786623350458894
67,24,91,0.07470550857760336
65,26,91,0.8120477488685461
53,38,91,0.16775530815600678
70,21,91,0.0011639569526353697
66,25,91,0.08162854093843279
69,22,91,0.02861338585982106
58,33,91,0.028886075440067927
71,20,91,0.011676042219187393
63,28,91,3.1316058886479757e-10
67,24,91,0.975045885951871
58,33,91,0.013545801321747318
69,22,91,NaN
68,23,91,0.027233651423703972
59,32,91,0.0016769291644021082
54,37,91,3.4297619580468326e-9
63,28,91,0.0721312416732304
55,36,91,0.0006468469049096161
51,40,91,0.47793771766761745
52,39,91,0.05735097310840156
50,41,91,NaN
64,27,91,0.00033801097957905884
58,33,91,0.6914431924244484
61,30,91,2.568775634082611e-6
66,25,91,0.1298724704817915
29,62,91,NaN
62,28,90,2.0939213828079434e-11
69,21,90,0.929420211974953
60,30,90,NaN
58,32,90,0.0013390946049544525
56,34,90,0.021960220642977778
54,36,90,0.5582031500858196
58,32,90,0.8120477488685461
55,35,90,0.5718785679422652
41,49,90,1.6861901256062382e-8
72,18,90,0.7050748097984598
71,19,90,0.41667228471068896
56,34,90,0.7087302965681296
70,20,90,0.0001758954237470193
66,24,90,0.4445900956815239
59,31,90,1.3470835762867732e-10
65,25,90,0.1099520988026062
70,20,90,0.01880761644846058
74,16,90,0.001668386463538543
60,30,90,0.003123428273659279
55,35,90,4.4337604078508495e-8
57,33,90,0.9578553115654289
53,37,90,0.03317022976394289
69,20,89,0.8733102078879845
69,20,89,0.7582540955828375
58,31,89,0.19236277848876807
55,34,89,3.3137127930511436e-7
66,23,89,2.9655281339021347e-10
60,29,89,0.04370689030141423
70,19,89,0.45146350262049123
54,35,89,0.9711836190363513
52,37,89,0.016314898271010056
65,24,89,0.3761245419307974
62,27,89,1.678470573698972e-28
57,32,89,0.004324455566476429
69,20,89,3.3338469715088444e-6
54,35,89,0.0005965192645442308
47,42,89,0.03794641341295346
72,17,89,2.0234910381057178e-5
58,31,89,1.259750508724712e-5
52,37,89,0.8321747445856162
63,26,89,0.0007205596359871171
57,32,89,NaN
52,37,89,1.3049604049616484e-8
51,38,89,0.01631377147053314
43,46,89,0.7228809570217043
73,16,89,0.7582540955828375
60,29,89,1.4459918935994129e-5
65,24,89,0.45292893749220575
65,24,89,0.01368579112874161
51,38,89,0.024979424385777767
59,29,88,5.7777586771519085e-6
52,36,88,0.2716738799454098
55,33,88,0.3500763628333154
52,36,88,0.0005471814090150353
64,24,88,0.1223992071672027
53,35,88,NaN
60,28,88,0.0008487368935305671
62,26,88,0.03340016814091324
66,22,88,0.580476664706154
66,22,88,0.1695460744230108
60,28,88,0.39212443992329193
59,29,88,0.06954350594859149
64,24,88,0.1351913483589755
65,23,88,0.06697981811411768
53,35,88,0.459934789712258
39,49,88,0.9811127762214269
68,20,88,3.6866121459652244e-6
64,24,88,0.27923371017636817
63,25,88,0.07470550857760336
59,29,88,0.04621537417921504
63,25,88,0.8886935889394204
51,37,88,0.019211860151043723
64,24,88,0.9811127762214269
62,26,88,0.8668276586306484
47,41,88,2.8644050274343233e-12
46,41,87,0.05489070724403072
67,20,87,0.7267509803124766
35,52,87,NaN
71,16,87,8.400123102106545e-5
59,28,87,0.8417325934397953
55,32,87,6.723592240010173e-7
49,38,87,0.004853991563388955
64,23,87,1.3850516293124726e-6
62,25,87,0.3149813444585866
51,36,87,NaN
71,16,87,0.0046283855161125854
64,23,87,0.9649170932836378
68,19,87,0.11404401218842061
50,37,87,0.09943458759150654
63,24,87,1.8318310265460782e-6
55,32,87,0.5812674370390299
62,25,87,0.34772701205208395
64,23,87,0.11025672288304808
58,29,87,0.06295943328276828
66,21,87,6.8743135552028e-20
48,39,87,0.8200571235986994
59,28,87,0.8011231299361113
52,35,87,0.9511282412875086
65,22,87,0.4111366773560389
68,19,87,6.890990580247798e-12
60,27,87,0.6104096037191906
54,33,87,0.8219888390369144
61,26,87,0.004533856028045281
66,21,87,0.6848837067943455
76,11,87,0.15419237217074636
63,24,87,0.0029617998293933892
60,27,87,2.6093453901670707e-5
53,34,87,0.03528480281117925
56,31,87,0.09432536137916907
50,37,87,0.927808813496808
55,31,86,0.6035141186102801
57,29,86,0.9912983266914047
76,10,86,0.31948863561509383
63,23,86,0.8733102078879845
52,34,86,0.8553400459938837
71,15,86,0.8361753386712045
60,26,86,1.467514027003528e-12
61,25,86,0.786623350458894
52,34,86,0.8733102078879845
72,14,86,0.4827363618411571
46,40,86,9.348599233749975e-6
61,25,86,7.109947588516457e-11
55,31,86,0.27923371017636817
56,30,86,0.35711111955837943
72,14,86,0.019328692148357782
58,28,86,0.001501201570678399
62,24,86,0.02032783979704169
66,20,86,0.016314898271010056
74,12,86,0.7582540955828375
46,40,86,0.14054614824513728
47,39,86,0.0032459052348330275
67,19,86,0.4549572586547953
57,29,86,2.5738495557840302e-17
68,18,86,4.550264150776501e-6
61,25,86,4.1682818566976265e-7
68,18,86,0.736501281585805
43,43,86,0.4337859820306786
64,22,86,0.3688933084068742
50,36,86,0.49918214384274195
32,54,86,0.5211297830557466
59,27,86,0.36215561302139254
48,38,86,0.00286272138773579
56,30,86,0.5238679062670301
66,20,86,0.00023744451305343143
42,44,86,0.02284125987622498
62,24,86,0.010747146960563602
0,86,86,NaN
63,22,85,0.032540914978515245
61,24,85,0.024979424385777767
60,25,85,2.974278622769831e-14
43,42,85,0.2180321792514569
58,27,85,0.07552934375500878
63,22,85,0.2887478495258714
57,28,85,0.7054647705495206
40,45,85,0.39231564188517754
48,37,85,0.05049419218353955
58,27,85,0.5300887376425737
53,32,85,0.6505728275062779
61,24,85,0.006894942840718113
43,42,85,NaN
65,20,85,0.45372930326004024
57,28,85,2.5548568583504467e-5
50,35,85,0.2480573226888528
56,29,85,0.4831302299275005
55,30,85,0.8289660338055629
58,27,85,0.015881378349973104
54,31,85,0.04370689030141423
57,28,85,NaN
58,27,85,2.711522190658849e-5
53,32,85,0.05839550671254134
63,22,85,0.00020236106516317818
62,23,85,0.6914431924244484
61,24,85,0.002540737153810242
57,28,85,0.39064081951093954
41,44,85,0.589108411345042
45,39,84,0.026304543491812656
65,19,84,0.339072654599856
57,27,84,NaN
65,19,84,0.49827697822965905
56,28,84,NaN
59,25,84,0.06991270921998387
54,30,84,0.8356407771585233
54,30,84,0.3773823598901749
51,33,84,0.33304013744744404
60,24,84,9.5437110531989e-47
69,15,84,0.9787057338697612
59,25,84,NaN
65,19,84,0.6951558211975414
63,21,84,0.04370689030141423
55,29,84,0.7582540955828375
55,29,84,0.01940776160731422
44,40,84,1.850217748775173e-6
62,22,84,0.14781456405242807
47,37,84,0.6811781136366286
53,31,84,0.47793771766761745
69,15,84,3.342138286553251e-14
71,13,84,0.030050041367914997
62,22,84,0.01416937598656737
70,14,84,0.6505728275062779
1,83,84,NaN
54,29,83,0.9538651614421965
44,39,83,0.2833085488103314
44,39,83,0.6004305201030945
58,25,83,0.14766029718238274
52,31,83,0.7977796570386502
42,41,83,0.017098624693700236
54,29,83,0.0013109430148309806
68,15,83,0.8489240103259551
69,14,83,1.6887853350913738e-7
57,26,83,0.9163216390929619
53,30,83,0.7582540955828375
52,31,83,0.00018626809650976162
59,24,83,0.24524244003177142
60,23,83,0.5572647884129938
62,21,83,0.7920072173322933
43,40,83,0.8099251015967508
40,43,83,0.12285696121360684
59,24,83,1.5163649734103466e-5
52,31,83,NaN
74,9,83,0.041635019464548575
62,21,83,0.059375014099305
52,31,83,0.05735097310840156
43,40,83,0.5245685011795286
81,2,83,0.05735097310840156
63,20,83,NaN
44,39,83,0.7267509803124766
42,41,83,0.5491860668846232
53,30,83,0.00031465539838795197
52,31,83,0.39064081951093954
55,28,83,0.06384218223204119
54,29,83,0.0023804329266377752
62,21,83,0.06611573959509347
50,33,83,0.0480923066249872
43,40,83,0.35291544996872376
66,17,83,0.4418239726165951
69,14,83,0.8040849747710522
60,23,83,0.33326865980046866
66,17,83,0.14766029718238274
48,35,83,0.16806732870266622
60,23,83,3.0950190053147726e-5
50,32,82,0.47793771766761745
50,32,82,0.7804760834147509
50,32,82,0.7267509803124766
59,23,82,0.27923371017636817
52,30,82,0.7582540955828375
57,25,82,0.009778647628762748
51,31,82,0.03317022976394289
54,28,82,0.19432264563606916
63,19,82,0.7008341837100798
52,30,82,0.7267509803124766
70,12,82,NaN
45,37,82,4.038233246133963e-7
58,24,82,0.5238679062670301
59,23,82,0.0002657063760506073
39,43,82,0.003984610448345915
61,21,82,0.6104096037191906
55,27,82,0.16806732870266622
56,26,82,0.007767046840224774
56,26,82,0.5652042430126011
68,14,82,0.029131094038025364
56,26,82,0.19006049850635795
56,26,82,0.08225134999445155
55,27,82,NaN
17,65,82,0.9163216390929619
58,24,82,0.0581042223140914
38,44,82,0.7898444655328967
63,18,81,5.351587846970136e-13
52,29,81,0.8483090332722323
55,26,81,0.7582540955828375
48,33,81,0.07470550857760336
41,40,81,0.9834164478540763
44,37,81,0.41517985494253973
58,23,81,3.768727749148172e-14
62,19,81,0.5238679062670301
62,19,81,0.1131994784950405
55,26,81,0.8733102078879845
50,31,81,0.9404092037250062
56,25,81,0.786623350458894
37,44,81,0.8531964876729393
56,25,81,0.08853158576289961
40,41,81,0.8886935889394204
63,18,81,0.47793771766761745
58,23,81,0.0494455745194533
57,24,81,0.021960220642977778
62,19,81,NaN
54,27,81,0.004918115902563154
62,19,81,0.14766029718238274
54,27,81,0.14766029718238274
63,18,81,0.5238679062670301
54,27,81,0.09943458759150654
45,36,81,0.020925476368593793
56,25,81,0.569149748895899
56,25,81,0.12716642183906898
66,15,81,1.721537481381032e-5
66,15,81,0.5998480102360293
54,27,81,NaN
47,34,81,0.8365308973481118
58,23,81,0.27923371017636817
58,23,81,0.01051483982402171
64,17,81,0.8840834624895153
52,29,81,0.32399594457778746
59,21,80,NaN
56,24,80,0.006291610364558353
52,28,80,0.0010397688212229752
56,24,80,0.6818559439758479
62,18,80,0.0004148827334996949
56,24,80,0.39064081951093954
58,22,80,0.8958682133221744
61,19,80,0.08596717446393809
57,23,80,0.14041055556839163
50,30,80,0.1149891858401164
57,23,80,0.08035318210261462
67,13,80,4.124025529714737e-5
58,22,80,0.0005283744034217561
39,41,80,0.6436643587617594
55,25,80,0.1298724704817915
63,17,80,0.025369512250136075
50,30,80,4.041847351312946e-15
59,21,80,0.05071990536405273
62,18,80,0.6914431924244484
41,39,80,0.586959361410022
44,36,80,NaN
49,31,80,0.005799898528411709
54,26,80,0.5495276758320206
55,24,79,0.6104096037191906
61,18,79,0.6505728275062779
53,26,79,0.01880761644846058
48,31,79,0.0015953900077070884
50,29,79,0.09943458759150654
59,20,79,0.03317022976394289
53,26,79,0.07270871113520451
55,24,79,0.08121102602241519
58,21,79,0.8187099180950794
64,15,79,0.29599887316342616
59,20,79,0.8120477488685461
46,33,79,0.7267509803124766
60,19,79,0.006134062080693453
63,16,79,0.0032459052348330275
65,14,79,0.569149748895899
62,17,79,0.6434186828844388
58,21,79,0.927808813496808
54,25,79,0.2939777833992081
58,21,79,0.4532588116778701
51,28,79,0.013195305943671914
57,22,79,0.6505728275062779
63,16,79,0.9645977848212985
42,37,79,0.927808813496808
54,25,79,0.024979424385777767
60,19,79,0.06719869824957
57,22,79,0.19236277848876807
50,29,79,0.009866056344567947
46,32,78,0.8312215268202057
51,27,78,0.18066038034507104
51,27,78,0.8733102078879845
44,34,78,8.451636231272797e-6
62,16,78,7.349388809441255e-11
59,19,78,0.898085140021059
44,34,78,0.5238679062670301
60,18,78,0.9303590630901102
50,28,78,0.009243077843767525
46,32,78,0.16806732870266622
54,24,78,0.9388397790286686
59,19,78,0.1624685972245197
49,29,78,0.21585757419958487
47,31,78,0.4901897854386027
56,22,78,0.627547314597961
54,24,78,0.12113712352456922
53,25,78,0.35291544996872376
58,20,78,6.599739503990403e-12
58,20,78,1.4232853324203975e-24
50,28,78,1.0936516685133453e-5
52,26,78,0.0005857790192534117
43,35,78,0.27923371017636817
46,32,78,0.9339768989923213
61,17,78,0.6914431924244484
54,24,78,0.00024600717285037016
67,11,78,0.6505728275062779
54,24,78,NaN
51,27,78,0.00041196503001193806
50,28,78,3.354310911364044e-5
55,23,78,7.2014426190495285e-6
51,27,78,0.14766029718238274
58,20,78,0.6104096037191906
53,25,78,0.13323228422449623
62,16,78,0.017770807806555038
55,23,78,0.08596717446393809
52,25,77,0.10779967529357523
38,39,77,0.27361988212407007
51,26,77,0.5111289038500485
46,31,77,0.03168202543041009
57,20,77,0.03317022976394289
63,14,77,0.8120477488685461
46,31,77,0.2180321792514569
52,25,77,0.3149813444585866
61,16,77,0.0005048837443927123
57,20,77,0.005304566941278814
51,26,77,3.627867546094723e-11
58,19,77,0.04166471787214332
52,25,77,0.004040652545659596
58,19,77,0.06784160234044177
49,28,77,0.11596975765260929
44,33,77,0.43116983099757117
58,19,77,0.0005735848637036571
52,25,77,0.042602362202337034
38,39,77,0.3110768247029527
58,19,77,1.9855361998671123e-5
58,19,77,0.05735097310840156
53,24,77,0.11826074174418735
50,27,77,0.035207387609143305
51,26,77,0.017041995002457476
45,32,77,0.06611573959509347
52,25,77,0.008655088813202197
55,22,77,0.29367672008844187
53,24,77,0.7582540955828375
46,31,77,0.8706964446414454
41,36,77,0.8187494385726887
56,21,77,0.04520895103242307
63,14,77,0.8886935889394204
59,18,77,0.003579386646138677
58,19,77,0.9637316802229695
43,34,77,2.5476875876899998e-5
49,28,77,0.06847803442906263
62,15,77,0.8733102078879845
39,38,77,0.6036390459383904
64,13,77,0.00030817762693647824
60,17,77,2.0158021831704466e-5
52,24,76,0.43116983099757117
53,23,76,0.8323885578585754
52,24,76,0.6505728275062779
56,20,76,0.3708564938123391
47,29,76,7.648666075068401e-10
53,23,76,0.5988966746409761
48,28,76,0.16546829083669107
56,20,76,0.30989554637951605
46,30,76,0.0012556529884766487
52,24,76,4.361265224089034e-14
57,19,76,0.1174687202690218
49,27,76,1.8496801624914313e-5
54,22,76,0.0010066937616959677
54,22,76,0.11404401218842061
43,33,76,0.2173119558296296
57,19,76,0.2180321792514569
55,21,76,0.19236277848876807
54,22,76,0.22386157316614574
48,28,76,0.005459628721714172
54,22,76,0.00019792261032651484
50,26,76,0.569149748895899
53,23,76,NaN
45,31,76,4.685736473737653e-5
49,27,76,0.07470550857760336
40,36,76,0.03736284359395037
50,26,76,0.03357551447524939
58,18,76,0.035918422632344106
47,29,76,0.8120477488685461
60,16,76,0.01159481083672812
50,26,76,0.09195162711391454
52,24,76,NaN
53,23,76,0.29031552023269463
44,32,76,0.5689871904896366
53,23,76,0.9965079257688162
52,24,76,0.8264921638122676
53,23,76,0.7977144099423688
51,25,76,4.930182007154868e-14
45,31,76,6.132344727415615e-6
47,29,76,0.3149813444585866
51,24,75,0.1920690305132668
47,28,75,0.0018687239650106327
48,27,75,4.337617105055361e-14
45,30,75,0.0321268208906137
54,21,75,2.9876235560208614e-7
36,39,75,0.6104096037191906
60,15,75,0.2672244281594091
55,20,75,0.057564296028016486
62,13,75,0.39394394312283604
46,29,75,2.1837770682167794e-5
49,26,75,2.130485495801456e-5
51,24,75,0.14766029718238274
57,18,75,0.509423270157097
42,33,75,0.0012014730331427986
47,28,75,0.34761220357298417
56,19,75,0.7582540955828375
63,12,75,0.11125870239877717
57,18,75,0.04370689030141423
50,25,75,0.2737473789131862
49,26,75,0.00015299736533354818
55,20,75,0.5238679062670301
40,35,75,0.414054132793838
51,24,75,0.036657194656117435
61,14,75,0.7582540955828375
46,29,75,NaN
39,36,75,0.0017706377296890716
42,33,75,0.47793771766761745
47,28,75,0.21928763303434612
53,22,75,0.01389863463638223
62,13,75,0.4844313485299932
59,16,75,0.09904645773788236
33,42,75,0.8733102078879845
44,31,75,0.02020108461391771
42,32,74,NaN
51,23,74,0.0644350487419363
58,16,74,0.8460993396070104
50,24,74,0.6505728275062779
50,24,74,0.08348680939238247
61,13,74,NaN
55,19,74,0.017425487034327797
62,12,74,0.0026588418405665516
50,24,74,0.06624890018066978
35,39,74,0.927808813496808
52,22,74,0.5238679062670301
58,16,74,0.1664277158801966
47,27,74,0.09943458759150654
55,19,74,0.015429059159892192
44,30,74,0.31880934821255
46,28,74,0.8510144106579195
27,47,74,0.5922202752450703
50,24,74,0.2689829743483109
43,31,74,0.6104096037191906
44,30,74,7.770661133992006e-7
55,19,74,0.2180321792514569
59,15,74,6.556266134123143e-6
51,23,74,0.004481918205941617
42,32,74,0.028886075440067927
37,37,74,0.23367417229022813
62,12,74,0.39064081951093954
47,27,74,0.08201450306556018
39,35,74,0.35291544996872376
40,34,74,0.9326742371724436
51,23,74,0.8396819585038292
52,22,74,0.02271531594723948
45,29,74,0.0015463221123749764
58,16,74,0.5379372282456739
59,15,74,NaN
43,31,74,0.1955114354155344
49,25,74,0.0559646337342187
59,15,74,0.05735097310840156
51,23,74,0.6134781141796641
50,24,74,0.046690761809313794
56,17,73,0.27923371017636817
50,23,73,0.005876047170948744
50,23,73,0.6777695128181356
49,24,73,0.9923256991209348
52,21,73,0.0019221219535038017
50,23,73,NaN
48,25,73,0.7582540955828375
50,23,73,0.00012053752175999499
39,34,73,0.01027225099847666
41,32,73,0.6914431924244484
52,21,73,0.43116983099757117
52,21,73,0.016046248132287888
42,31,73,0.028886075440067927
46,27,73,0.8860695274587349
56,17,73,0.14766029718238274
52,21,73,0.5265662938074172
48,25,73,0.1849025129055265
49,24,73,0.569149748895899
39,34,73,0.18670049458156507
50,23,73,0.06839942618222541
56,17,73,0.8356407771585233
46,27,73,0.8120477488685461
54,19,73,0.3438838308355931
51,22,73,1.0642927658975575e-10
39,34,73,0.5646110165762238
55,18,73,0.1298724704817915
53,20,73,4.692002578621834e-6
54,19,73,0.6167276926402169
56,17,73,0.11404401218842061
46,27,73,0.06520394492126189
48,25,73,0.508953933519552
54,19,73,0.024979424385777767
55,18,73,0.018308659296560174
36,37,73,0.9694305317492427
54,19,73,0.10082069578758616
53,20,73,0.4894804701198658
40,33,73,0.6603349835179124
55,18,73,0.008602817919201216
53,20,73,0.36045405433182165
50,23,73,0.26610181065665545
58,15,73,0.0051501474946753795
57,16,73,0.09943458759150654
42,30,72,NaN
55,17,72,0.27503931349285315
49,23,72,0.07064700967825392
53,19,72,0.8553400459938837
52,20,72,0.10690530221104588
49,23,72,0.0016997450757664932
52,20,72,0.6104096037191906
55,17,72,0.25819982730174895
50,22,72,NaN
57,15,72,0.31818956133047765
45,27,72,0.08219935552038937
47,25,72,0.06611573959509347
48,24,72,2.9096516476122602e-5
51,21,72,0.353599447309061
37,35,72,0.03726764561354659
52,20,72,0.9166925017582588
56,16,72,1.0021233986979885e-6
53,19,72,0.03794641341295346
42,30,72,0.8857570739180827
52,20,72,0.001056170776395136
53,19,72,NaN
40,32,72,0.14766029718238274
57,15,72,NaN
53,19,72,0.015382182928631355
49,23,72,0.4318568726938903
40,32,72,0.6914431924244484
49,23,72,NaN
50,22,72,0.9186175782414124
49,23,72,0.9030952226408369
52,20,72,0.03794641341295346
38,34,72,0.043584025913012324
52,20,72,0.0016337839236027064
43,29,72,0.06611573959509347
54,18,72,0.6104096037191906
50,22,72,0.005043121192482222
46,26,72,0.679270212056102
49,23,72,0.04370689030141423
59,13,72,0.8356407771585233
45,27,72,0.6914431924244484
42,30,72,0.9585233235432962
49,23,72,0.0069761914769390105
57,15,72,8.058826659723415e-5
23,49,72,NaN
46,25,71,NaN
55,16,71,0.24524244003177142
46,25,71,0.00027829026732822276
42,29,71,0.16806732870266622
54,17,71,0.8120477488685461
45,26,71,0.47793771766761745
55,16,71,7.6049801413189815e-6
49,22,71,4.7584249010244314e-14
53,18,71,0.012821346572366039
49,22,71,0.976413425292083
45,26,71,0.13502068156837266
59,12,71,8.686784845759727e-6
57,14,71,0.09943458759150654
38,33,71,0.03821886475300034
47,24,71,0.569149748895899
52,19,71,0.0011146402612570326
49,22,71,0.044089529513861685
53,18,71,0.39064081951093954
42,29,71,0.43116983099757117
41,30,71,0.8356407771585233
41,30,71,0.0002584356008813593
56,15,71,0.01346315646997636
43,28,71,0.02129016587359247
52,19,71,0.8733102078879845
45,26,71,0.00034670556129117337
52,19,71,0.35291544996872376
44,27,71,1.0294759387548435e-5
51,20,71,0.00018465209576378608
29,42,71,0.8733102078879845
49,22,71,0.09562191603538123
53,17,70,0.6102398501867613
39,31,70,1.0159839880449341e-15
54,16,70,0.679427747420261
44,26,70,0.05735097310840156
38,32,70,0.3438838308355931
58,12,70,0.2173566535722837
41,29,70,0.7267509803124766
36,34,70,0.2973697887694534
42,28,70,0.0006049533256566545
49,21,70,0.0897884950842915
45,25,70,1.9292151889368143e-6
51,19,70,0.00023084031069048636
52,18,70,0.0007194453527886352
55,15,70,0.6505728275062779
37,33,70,7.239814005812904e-5
43,27,70,0.009681398529947847
38,32,70,0.21240128115576637
39,31,70,0.21772760620776474
43,27,70,1.3288473433115306e-10
45,25,70,0.8719688696727484
49,21,70,0.43116983099757117
44,26,70,0.9448134584613901
43,27,70,0.0004900429245077378
43,27,70,3.394302647410293e-5
50,20,70,6.42888093005097e-8
45,25,70,0.0494455745194533
55,15,70,0.569149748895899
33,37,70,0.6505728275062779
51,19,70,0.21872685420822788
46,24,70,0.5773058455873221
38,32,70,0.4730836263821803
53,17,70,0.27803071313876504
48,22,70,0.47793771766761745
63,7,70,6.491137768714134e-32
48,22,70,0.00021376754147254154
42,28,70,0.0021658441345355074
41,29,70,0.9030952226408369
41,29,70,0.00019126760310733912
53,17,70,0.6817571412426577
50,20,70,0.11404401218842061
50,20,70,NaN
40,30,70,0.16806732870266622
42,28,70,0.024248719325486518
42,28,70,0.28943941893284153
49,21,70,2.5925367945001236e-5
56,14,70,0.21965593838920608
42,28,70,NaN
47,23,70,0.00835938014600774
37,33,70,0.4293788648339165
48,22,70,0.8120477488685461
37,32,69,1.8344907162121461e-6
40,29,69,0.48839898046553576
30,39,69,0.9388397790286686
42,27,69,0.8356407771585233
54,15,69,0.27923371017636817
50,19,69,0.1949862194469136
50,19,69,0.27923371017636817
41,28,69,3.493261128656576e-7
44,25,69,0.4289146975022043
44,25,69,0.1918645452030342
57,12,69,0.0008183420543888439
53,16,69,0.9649170932836378
46,23,69,0.21498812238916915
47,22,69,0.1969425706652473
33,36,69,0.038563434375979436
52,17,69,0.22069417794872875
34,35,69,0.49193352763403253
56,13,69,0.569149748895899
39,30,69,0.03317022976394289
33,36,69,0.11404401218842061
54,15,69,0.15633206425483318
50,19,69,0.18013456410173428
48,21,69,0.002566627702980654
32,37,69,0.0007185436218854343
30,39,69,0.5715421478733888
46,23,69,0.9907269969801745
40,29,69,0.9163216390929619
42,27,69,0.43116983099757117
52,17,69,0.7267509803124766
54,15,69,0.08596717446393809
47,22,69,0.6952438494333865
57,12,69,0.03236547265052562
46,23,69,0.6104096037191906
44,25,69,0.09997347375243848
57,12,69,0.05689424360939412
27,42,69,0.03593580504488276
37,32,69,0.027983438302460684
46,23,69,0.0494455745194533
43,26,69,0.00015241001148454578
33,36,69,0.569149748895899
42,27,69,0.15128370502590446
52,17,69,0.0007284065880754496
49,20,69,0.13941541216460676
49,19,68,0.14766029718238274
37,31,68,0.9490411065363702
39,29,68,0.0016695972032426706
39,29,68,0.6639719807457465
38,30,68,5.639108845213019e-7
48,20,68,0.005043121192482222
41,27,68,0.0351713543351547
51,17,68,0.017020495727951886
56,12,68,0.20837262919643304
38,30,68,0.7533382620421305
52,16,68,2.645148849438841e-5
41,27,68,0.05220287261000913
50,18,68,0.0463222385007521
37,31,68,0.9761773558056852
35,33,68,0.7267509803124766
45,23,68,0.6537761933423425
44,24,68,0.9321430112008519
56,12,68,0.009432575291117386
47,21,68,0.01399937364987276
50,18,68,6.170541493313975e-8
49,19,68,0.07303908925110751
49,19,68,0.522625179226662
47,21,68,0.5587292078295509
54,14,68,0.027914588686766138
53,15,68,0.03325963841701047
42,26,68,0.6565330472234151
51,17,68,0.7582540955828375
46,22,68,6.890990580247798e-12
47,21,68,0.007703035256994536
51,17,68,0.3635495913163821
48,20,68,0.9682006518101429
46,22,68,1.615591199785885e-16
45,23,68,0.2180321792514569
38,30,68,0.001564855657841324
44,24,68,0.0494455745194533
50,18,68,2.5398723504882797e-6
41,27,68,0.0025827623807904193
53,15,68,0.48820229637163687
45,23,68,1.7179213019652246e-10
46,22,68,0.24524244003177142
48,20,68,0.06478917217062978
47,21,68,0.32371186145325037
47,21,68,NaN
57,11,68,0.6104096037191906
46,22,68,0.3149813444585866
29,38,67,0.40461898817694963
40,27,67,0.06032071570429101
39,28,67,0.002510159637143206
46,21,67,0.18345618250604243
44,23,67,0.9163216390929619
49,18,67,0.24524244003177142
34,33,67,NaN
50,17,67,0.01880761644846058
42,25,67,3.355848562121167e-6
47,20,67,0.07542030286547154
43,24,67,0.7237082392953866
55,12,67,2.2071157006479435e-11
48,19,67,0.18551839776985624
49,18,67,0.19742354212255392
42,25,67,0.17222226910927435
39,28,67,0.9475458637650329
54,13,67,0.3613957875408074
45,22,67,0.7582540955828375
49,18,67,0.00026161092353564646
37,30,67,0.023636278789770686
40,27,67,0.1403433999717934
53,14,67,0.0019981849851546723
44,23,67,0.03483006529043562
25,42,67,0.4820158338840728
43,24,67,0.569149748895899
45,22,67,0.8356407771585233
41,26,67,0.27923371017636817
52,15,67,0.9538931874596894
46,21,67,0.7340131287349707
46,21,67,0.1754314186002982
38,29,67,0.06663526978780421
46,21,67,0.6505728275062779
44,23,67,0.6505728275062779
48,19,67,0.030716386730480303
26,41,67,0.7267509803124766
43,24,67,0.569149748895899
43,24,67,0.4782778568920566
48,19,67,2.7807717472135017e-6
57,10,67,4.1073814163453216e-10
43,24,67,0.5228973209285722
48,19,67,0.08198688208340896
43,24,67,0.8578183459000129
36,31,67,0.12968106247920444
45,22,67,0.19236277848876807
42,25,67,0.04426242367372956
39,28,67,0.39064081951093954
38,29,67,0.021960220642977778
31,36,67,0.3135722502283105
54,13,67,0.04303962332367507
48,19,67,0.0002412000850069436
39,28,67,0.1590926090302548
41,26,67,0.01694256957041194
32,35,67,0.005812985542910942
35,32,67,0.786623350458894
43,23,66,0.9139570952412007
43,23,66,0.040860118119394134
38,28,66,2.130485495801456e-5
42,24,66,0.8120477488685461
55,11,66,0.00013444025417896105
60,6,66,0.00140684628736026
49,17,66,0.9896636255863608
42,24,66,0.004835255559590399
44,22,66,8.844575685290329e-5
51,15,66,4.956487489264306e-15
33,33,66,0.21002525657285454
49,17,66,0.007042697993226285
56,10,66,0.009497202615846351
51,15,66,0.2180321792514569
49,17,66,1.0741744706949457e-15
45,21,66,0.5617931085048798
48,18,66,0.39064081951093954
49,17,66,0.7618321244837786
44,22,66,0.0001964628752646336
37,29,66,0.2799749112062731
43,23,66,0.4609317171292689
41,25,66,0.43116983099757117
39,27,66,0.6914431924244484
26,40,66,0.08128417922364366
43,23,66,0.021960220642977778
48,18,66,0.6355497009806598
43,23,66,0.023004162614084146
36,30,66,0.7542182472149255
43,23,66,0.2837491369183746
43,23,66,0.17237928120219748
36,30,66,0.1643096032863896
32,34,66,0.002247770441109618
48,17,65,0.35291544996872376
33,32,65,0.9811127762214269
53,12,65,0.7267509803124766
43,22,65,7.271514224613174e-7
49,16,65,0.20895745355908638
41,24,65,NaN
35,30,65,0.786623350458894
42,23,65,0.9711836190363513
42,23,65,8.451636231272797e-6
38,27,65,0.3421336661502389
48,17,65,0.7267509803124766
51,14,65,0.009849010598933764
42,23,65,0.47793771766761745
32,33,65,NaN
44,21,65,6.332075349738023e-9
48,17,65,4.413259890783078e-7
38,27,65,0.6104096037191906
28,37,65,0.06611573959509347
53,12,65,0.9761531361456651
39,26,65,0.007469241365179191
44,21,65,0.008439078980657683
51,14,65,1.598655539368862e-13
41,24,65,0.8120477488685461
52,13,65,0.0494455745194533
46,19,65,0.19236277848876807
42,23,65,0.3149813444585866
48,17,65,0.6104096037191906
24,41,65,0.477196459028352
42,23,65,0.2041586443531495
47,18,65,0.9742424423393758
53,12,65,0.19236277848876807
46,19,65,0.002431469544996961
36,29,65,0.5923823418524601
44,21,65,9.166379095241831e-5
45,20,65,0.00019210305605838688
51,14,65,0.05784084777940061
45,20,65,0.00021258983514316115
44,20,64,0.35291544996872376
43,21,64,0.19751605670219902
46,18,64,0.6545851685125973
47,17,64,0.06611573959509347
34,30,64,0.6914431924244484
38,26,64,0.6505728275062779
49,15,64,0.0007863404406648751
37,27,64,0.4595129508689094
27,37,64,0.4224113138603762
39,25,64,0.0020267747632560533
40,24,64,0.37912774960537887
34,30,64,0.8643988086500717
43,21,64,0.47793771766761745
40,24,64,0.04370689030141423
47,17,64,0.35291544996872376
41,23,64,0.7582540955828375
45,19,64,0.24229626375182944
33,31,64,0.9574264943593161
43,21,64,0.11118373061354613
52,12,64,0.04966830315114854
39,25,64,0.16010966445073055
41,23,64,0.1770502635619893
44,20,64,0.05042370805304184
41,23,64,9.986168105359465e-5
50,14,64,1.1723677678187847e-5
43,21,64,0.24524244003177142
47,17,64,2.1687663694807994e-6
38,26,64,0.9388397790286686
44,20,64,0.0003679943689994297
48,16,64,0.14923958463335857
43,21,64,0.9739594253840732
31,33,64,0.9847853614868064
48,16,64,0.1298724704817915
51,13,64,0.06611573959509347
40,24,64,0.03290486743036956
54,10,64,0.07071721497299611
46,18,64,1.9565431607804567e-5
40,24,64,0.7550293097216695
41,23,64,0.8120477488685461
51,13,64,0.004521299575166376
26,38,64,0.9744142713815468
37,27,64,0.7046067592141365
36,28,64,0.2837384534615242
38,26,64,0.02919530705084374
40,24,64,0.0001663853378641958
44,20,64,0.43116983099757117
30,34,64,0.005812985542910942
40,23,63,0.6104096037191906
35,28,63,1.899922080109491e-5
48,15,63,9.541401031422111e-7
46,17,63,0.09154494074679878
46,17,63,0.09704498348397773
37,26,63,NaN
53,10,63,0.19923229962846026
48,15,63,0.7582540955828375
43,20,63,0.0019200366220758882
56,7,63,0.9521679174805971
46,17,63,0.00018465209576378608
41,22,63,0.06611573959509347
35,28,63,0.47793771766761745
50,13,63,0.9501112909167503
36,27,63,0.15015313972613675
33,30,63,0.6945647792957623
48,15,63,0.039413734062399126
54,9,63,0.10100407669113425
50,13,63,6.298324512697376e-5
43,20,63,0.19236277848876807
46,17,63,0.0494455745194533
31,32,63,0.6914431924244484
44,19,63,1.080626362132586e-16
48,15,63,0.08777765891061388
30,33,63,0.43116983099757117
45,18,63,0.9980763453230295
36,27,63,0.9234701316760743
43,20,63,0.9482785163856388
44,19,63,0.9490411065363702
52,11,63,0.5911631272153078
42,21,63,0.0898299469267829
46,17,63,0.47793771766761745
54,9,63,0.012854868923751843
35,28,63,0.518865972263257
28,35,63,0.6914431924244484
50,13,63,0.4991160421078876
49,14,63,0.0494455745194533
50,13,63,4.432047449793741e-9
38,25,63,0.07470550857760336
41,22,63,4.4849993097336276e-5
38,25,63,0.8904729239491649
35,28,63,NaN
37,26,63,0.0011553210263509689
37,26,63,0.016314898271010056
45,18,63,0.7086809780395155
43,20,63,0.00410274757132537
34,29,63,0.03225642009965496
45,18,63,5.3542230203536765e-5
36,27,63,0.44495755210926213
38,25,63,0.27923371017636817
35,28,63,0.05735097310840156
45,18,63,0.5238679062670301
41,22,63,0.01966884569905628
42,21,63,0.004657438304781275
48,15,63,0.6505728275062779
46,17,63,0.0002824860943876951
41,22,63,0.5238679062670301
41,22,63,0.16920997635197488
53,10,63,0.39064081951093954
38,25,63,0.09943458759150654
47,16,63,0.00016688404302961398
41,22,63,0.007995056874149717
47,16,63,0.8677775209268038
33,30,63,0.6104096037191906
33,30,63,0.7582540955828375
49,13,62,0.6633007151597551
33,29,62,0.029421957503512286
49,13,62,0.569149748895899
46,16,62,0.1707591676227782
33,29,62,0.03207555948412286
41,21,62,0.07110032878282799
39,23,62,0.6914431924244484
50,12,62,0.018107984861512525
43,19,62,0.04954129078928867
38,24,62,0.24524244003177142
39,23,62,0.00399792118569598
31,31,62,0.3935464129549626
49,13,62,0.16806732870266622
48,14,62,0.09909791566310193
46,16,62,3.02925673324906e-11
45,17,62,0.9443767478236245
39,23,62,0.2183697508415242
30,32,62,0.8723796283282426
46,16,62,0.608138869680907
42,20,62,0.03034906199033262
35,27,62,0.11082122640118382
54,8,62,0.14766029718238274
33,29,62,0.006395859147961158
36,26,62,0.2690499474445848
43,19,62,0.0004093902881646654
40,22,62,0.569149748895899
50,12,62,0.0007224191165508568
50,12,62,0.003204411855440357
42,20,62,0.0007445046588665431
33,29,62,0.09474193237717449
45,17,62,0.007027145033107123
42,20,62,0.8553400459938837
37,25,62,0.927808813496808
50,12,62,0.017393620573983862
44,18,62,0.6104096037191906
53,9,62,0.6751427849657703
51,11,62,0.927808813496808
44,18,62,9.958163388217176e-6
36,26,62,4.39674955161806e-12
41,21,62,0.47793771766761745
43,19,62,0.19236277848876807
41,21,62,NaN
43,19,62,0.002952867238810604
47,15,62,0.5238679062670301
34,28,62,0.25196919672332796
39,23,62,0.024979424385777767
45,17,62,0.35291544996872376
42,19,61,3.0741990804533455e-11
47,14,61,0.6505728275062779
46,15,61,0.017102398593246623
40,21,61,0.08596717446393809
50,11,61,8.45114915276935e-16
42,19,61,6.106248912382789e-5
35,26,61,0.01346315646997636
51,10,61,0.7582540955828375
46,15,61,0.3149813444585866
45,16,61,0.000969726299768816
45,16,61,2.0099809131903865e-5
43,18,61,0.7739168628975988
43,18,61,0.000604267018169762
46,15,61,0.03832442848911993
47,14,61,0.0012376389007390679
37,24,61,0.8356407771585233
41,20,61,0.008604769691188079
49,12,61,0.5238679062670301
37,24,61,0.5610993554525331
32,29,61,0.05787129980228116
41,20,61,NaN
37,24,61,3.3025318056582756e-5
40,21,61,0.2180321792514569
49,12,61,0.43918055098756414
23,38,61,0.004062924307953556
36,25,61,0.18297011772296662
50,11,61,0.7582540955828375
42,19,61,0.1298724704817915
42,19,61,0.023500530581361104
39,22,61,0.003939803426165048
49,12,61,0.035281687742618334
44,17,61,0.21650709739091673
28,33,61,1.240215491561892e-5
40,21,61,0.0295142552888108
39,22,61,0.08596717446393809
29,32,61,0.47793771766761745
40,21,61,0.1462260404271767
42,19,61,0.5696513943209713
37,24,61,0.6943404963852597
45,16,61,0.6104096037191906
45,16,61,0.16948838645458023
44,17,61,0.35291544996872376
38,23,61,0.016817541646756137
43,18,61,0.8886935889394204
32,29,61,0.024979424385777767
0,61,61,0.6914431924244484
45,15,60,0.7582540955828375
50,10,60,0.04370689030141423
46,14,60,0.41070347605247093
42,18,60,0.27923371017636817
47,13,60,0.061838956229302966
41,19,60,0.4581632797112741
47,13,60,6.863715088772659e-10
44,16,60,0.7582540955828375
39,21,60,0.7266198444621523
47,13,60,4.510747308145576e-10
40,20,60,0.7267509803124766
36,24,60,0.8120477488685461
37,23,60,1.4585567971563685e-5
34,26,60,0.19236277848876807
42,18,60,0.569149748895899
36,24,60,0.0002250780620023253
35,25,60,0.007022778637790016
42,18,60,0.43116983099757117
48,12,60,0.021960220642977778
48,12,60,0.8613257628963716
38,22,60,0.07470550857760336
43,17,60,0.42026167776499884
43,17,60,0.14766029718238274
37,23,60,0.927808813496808
32,28,60,0.00034681454552622394
45,15,60,5.4886513134648714e-5
51,9,60,0.8848980504225208
41,19,60,0.08696433373528961
34,26,60,0.6104096037191906
44,16,60,0.03794641341295346
50,10,60,0.03504245360960172
50,10,60,0.0035797719829568624
42,18,60,0.11404401218842061
33,27,60,0.11728687948642964
44,16,60,0.8553400459938837
26,34,60,0.17237928120219748
42,18,60,0.39064081951093954
40,20,60,0.27923371017636817
48,12,60,0.1595712628749319
40,20,60,0.1655094678022766
42,18,60,0.05735097310840156
38,22,60,0.0001819246251961305
47,13,60,0.37781793416570153
49,11,60,0.005632526213586824
42,18,60,0.0005927889716743955
39,21,60,0.3149813444585866
40,20,60,2.328151107992732e-17
38,22,60,0.002319854734094276
26,34,60,0.569149748895899
49,11,60,0.42748198770303625
37,23,60,0.569149748895899
41,19,60,0.569149748895899
33,27,60,0.8553400459938837
39,21,60,0.5238679062670301
31,29,60,0.625497478145558
32,28,60,0.8304196237555387
32,28,60,0.976413425292083
44,16,60,0.11221670383685764
53,7,60,0.5405656312476225
0,60,60,NaN
48,11,59,0.001014519099614235
48,11,59,3.111231767091083e-5
43,16,59,0.8733102078879845
37,22,59,0.06611573959509347
45,14,59,0.8553400459938837
47,12,59,0.09204796266836293
36,23,59,2.028696088051426e-6
37,22,59,7.339485011181098e-5
34,25,59,NaN
34,25,59,0.3885804930602123
43,16,59,0.27923371017636817
38,21,59,0.0688914228446462
34,25,59,0.19236277848876807
41,18,59,0.48707460940376274
36,23,59,0.08379687061265075
39,20,59,3.8997889148462245e-13
36,23,59,0.4319457008453618
40,19,59,0.7078348554289404
51,8,59,0.8568442062370992
42,17,59,8.315881519441711e-10
49,10,59,2.0290334529140932e-8
44,15,59,0.001993041441623594
26,33,59,0.3149813444585866
38,21,59,0.9975663265144364
41,18,59,1.879471443824488e-5
38,21,59,0.00894476918025409
43,16,59,0.02594333434322192
40,19,59,0.05614829057609547
41,18,59,0.004167836925912513
44,15,59,0.9139889846580141
43,16,59,0.6914431924244484
29,30,59,0.9760260625901475
35,24,59,0.00010887513234694124
29,30,59,0.35113265454937587
37,22,59,0.11272109321087095
27,32,59,0.7403268470229887
41,18,59,0.9490411065363702
55,4,59,0.840731478569672
30,29,59,0.013712126257744364
39,20,59,0.5238679062670301
39,20,59,6.352265444354792e-5
37,22,59,0.05735097310840156
40,19,59,0.06357235776291786
34,25,59,0.3888624911462834
50,9,59,0.8487840734384642
34,25,59,0.17666449770216994
35,24,59,0.8779927352551035
0,59,59,NaN
41,17,58,0.03737714018555399
28,30,58,0.7280943808812835
33,25,58,0.43116983099757117
42,16,58,0.06611573959509347
42,16,58,1.9493828721658837e-8
36,22,58,0.5949434715032891
41,17,58,0.3940012545928889
37,21,58,0.00026149749239929134
34,24,58,0.04997649280041309
38,20,58,0.24524244003177142
29,29,58,0.9540810542922633
48,10,58,1.9855361998671123e-5
33,25,58,0.01602440075883218
36,22,58,0.0011798948301528116
40,18,58,0.7267509803124766
47,11,58,0.09943458759150654
39,19,58,0.05735097310840156
51,7,58,0.43895504023737475
26,32,58,0.0020347474540517102
42,16,58,0.30065481526240656
47,11,58,0.6505728275062779
34,24,58,0.8084688522555011
48,10,58,0.5780205714578942
41,17,58,0.0004158534736246581
44,14,58,0.28869058262081004
37,21,58,3.283297307092614e-5
45,13,58,0.3149813444585866
31,27,58,0.10453389205014954
29,29,58,0.16806732870266622
35,23,58,0.0500191442566812
32,26,58,0.15952152419467513
39,19,58,3.1762120505454056e-9
38,20,58,0.657974905804055
38,20,58,0.5239926705045399
37,21,58,0.3564135158287097
42,16,58,0.18978457707066612
40,18,58,0.0006220611724999115
41,17,58,0.02620947065384381
32,26,58,0.0792972786957223
41,17,58,0.8612293207085854
27,31,58,0.6914431924244484
37,21,58,0.1298724704817915
22,36,58,NaN
30,28,58,0.009836931653934112
40,18,58,0.9681598263748241
25,33,58,0.22617423071667783
38,20,58,0.006951920230350676
36,22,58,0.354583736338218
36,22,58,0.30929693898314
46,12,58,0.43116983099757117
46,12,58,0.8050567643351645
40,18,58,0.6914431924244484
40,18,58,0.8915062399522097
38,20,58,NaN
36,22,58,0.39064081951093954
34,24,58,0.43116983099757117
37,21,58,6.288326966157759e-5
33,25,58,0.021960220642977778
38,20,58,0.2434648034099467
44,13,57,0.9599714996141764
43,14,57,0.5762171830227469
37,20,57,0.00030715482574857474
45,12,57,0.9030952226408369
49,8,57,9.826316432231524e-8
34,23,57,0.19728220251224193
44,13,57,0.16660120173109963
36,21,57,2.1211562688847063e-6
38,19,57,0.20166626607530774
39,18,57,0.5564316926614082
35,22,57,5.6116977576964585e-5
40,17,57,0.04342582885872138
40,17,57,0.4528588503617414
40,17,57,0.05735097310840156
35,22,57,0.3149813444585866
31,26,57,0.0002827704470734395
42,15,57,4.459567345106339e-18
41,16,57,NaN
38,19,57,0.00089595337658983
39,18,57,0.3047992766699712
48,9,57,0.005779046761532592
39,18,57,0.9932914290143484
41,16,57,0.6505728275062779
38,19,57,1.0677249592105818e-5
45,12,57,0.0011798948301528116
41,16,57,2.001406612768562e-5
42,15,57,0.7842262684189236
45,12,57,0.11608498213619
34,23,57,0.00021150094470876978
42,15,57,0.786623350458894
40,17,57,0.8094466329245218
39,18,57,0.7188955692237825
37,20,57,2.3631016486439693e-9
40,17,57,0.007214273598671214
34,23,57,0.6505728275062779
28,29,57,0.7710243629861026
34,23,57,0.23751946325872808
31,26,57,0.8442143217132388
41,16,57,0.8733102078879845
50,7,57,0.2910227149123058
38,19,57,1.3033331789877474e-7
26,31,57,NaN
48,9,57,0.6505728275062779
42,15,57,4.9661539317793125e-6
44,13,57,4.485097087889758e-6
37,20,57,0.24524244003177142
34,23,57,0.04197771095338774
43,14,57,0.11404401218842061
42,15,57,4.511771313694354e-12
45,12,57,0.03813857178422546
38,19,57,0.43116983099757117
44,13,57,0.7267509803124766
36,21,57,0.15449553998350563
34,23,57,0.0006489589761097294
41,16,57,0.04120590039718743
38,19,57,0.662544985862031
33,24,57,0.32692506161786467
36,21,57,0.9649170932836378
32,25,57,0.8120477488685461
51,5,56,0.2187436586061163
34,22,56,0.0002766230724193131
47,9,56,0.23315004637390313
40,16,56,0.6194176469041626
47,9,56,0.0007909142234648145
44,12,56,0.8733102078879845
42,14,56,0.1298724704817915
39,17,56,0.003367338106169952
40,16,56,0.501527229393384
40,16,56,0.8798877439810707
40,16,56,8.905739166816719e-10
33,23,56,0.9030952226408369
32,24,56,0.5238679062670301
37,19,56,0.24524244003177142
40,16,56,0.927808813496808
37,19,56,0.0007390723467088382
40,16,56,0.0494455745194533
44,12,56,0.5238679062670301
34,22,56,0.7276097636747406
38,18,56,0.03495103827881606
31,25,56,0.030686791344415803
38,18,56,0.20903396476774397
43,13,56,0.024979424385777767
37,19,56,NaN
40,16,56,1.8547743989344182e-5
29,27,56,0.1335172585826882
43,13,56,0.8753250684073972
42,14,56,0.31704501574285643
35,21,56,0.8721408705063919
32,24,56,0.013395131360961985
38,18,56,0.5394297914787428
31,25,56,0.47793771766761745
41,15,56,0.9649170932836378
22,34,56,NaN
34,22,56,1.6423123315566699e-9
42,14,56,0.17963188626737284
39,17,56,0.038034568764745286
43,13,56,0.29010766294138957
41,15,56,0.07403921797379127
36,20,56,0.0006383599575324237
45,11,56,2.944345978875419e-19
45,11,56,0.9894656266614458
42,14,56,0.30223074864584737
38,18,56,0.011532985534739066
42,14,56,0.0038507013431628777
40,16,56,0.47793771766761745
26,30,56,0.8553400459938837
44,12,56,0.43116983099757117
30,26,56,0.0018363134187126047
40,16,56,0.04834421425570296
39,17,56,0.5990329082073426
37,19,56,NaN
36,20,56,0.8886935889394204
46,10,56,0.00028953577020651613
36,20,56,0.32305707266974876
41,15,56,0.05085634994401552
34,22,56,0.034922393959490323
42,14,56,0.17082621388521055
41,15,56,0.009451847493898153
33,23,56,0.6505728275062779
39,17,56,0.16806732870266622
36,20,56,0.6388232601902304
36,20,56,0.786623350458894
41,15,56,0.009809829536500381
32,24,56,0.2582603317772707
45,11,56,0.8553400459938837
38,18,56,0.2077432897100687
34,22,56,0.9649170932836378
24,32,56,0.7189772297606682
43,13,56,0.08535236969998883
25,31,56,0.687530953296231
32,24,56,0.43116983099757117
28,28,56,0.023200464283531255
40,16,56,0.39064081951093954
18,38,56,NaN
43,12,55,0.9944136266474382
37,18,55,0.08596717446393809
40,15,55,0.15511515943047263
27,28,55,0.5605813369937916
36,19,55,0.5238679062670301
49,6,55,0.47793771766761745
48,7,55,0.15691508478808847
35,20,55,0.06747920406234253
45,10,55,2.568775634082611e-6
37,18,55,0.8553400459938837
35,20,55,0.01929973578594341
40,15,55,0.35291544996872376
36,19,55,0.9975663265144364
43,12,55,0.35291544996872376
41,14,55,0.005735435653529325
38,17,55,0.23519964823513345
38,17,55,0.00010844443334127833
52,3,55,9.305841439516377e-7
43,12,55,0.00796823659902793
47,8,55,0.6104096037191906
43,12,55,0.010851720246259394
43,12,55,0.804322830447459
40,15,55,0.001832386846543167
36,19,55,3.44719241776846e-10
44,11,55,0.07850913174244453
33,22,55,0.8553400459938837
31,24,55,NaN
30,25,55,0.3218591202602161
35,20,55,0.39064081951093954
44,11,55,0.44073682300936967
37,18,55,0.35883734860730154
35,20,55,0.7095044571249637
38,17,55,1.0218148283147821e-8
40,15,55,0.3991002918922058
39,16,55,0.47793771766761745
31,24,55,0.8303480160787857
41,14,55,0.41042264186656446
46,9,55,3.354310911364044e-5
36,19,55,0.9753478801841567
41,14,55,0.5495694158430917
30,25,55,0.8553400459938837
39,16,55,0.00613505400393739
37,18,55,0.7267509803124766
33,22,55,0.19965734992734785
34,21,55,0.09793550138459234
34,21,55,0.47793771766761745
32,23,55,0.8255945201596695
31,24,55,0.6252152140585641
33,22,55,0.09041082130248763
31,24,55,0.002152503030862236
39,16,55,0.7267509803124766
30,25,55,0.8733102078879845
30,25,55,0.06724665486023214
38,17,55,0.9211481344245498
21,34,55,0.786623350458894
38,16,54,0.9508459074602118
42,12,54,0.0069761914769390105
40,14,54,0.031634049422065075
44,10,54,0.9786740326723926
36,18,54,0.5831882647318274
36,18,54,0.3149813444585866
38,16,54,0.19236277848876807
37,17,54,0.013286758722018968
32,22,54,0.786623350458894
44,10,54,0.24524244003177142
40,14,54,0.0026587860916491442
40,14,54,0.21796123091191663
46,8,54,0.5056875992377938
32,22,54,0.8733102078879845
42,12,54,0.060773857901421376
36,18,54,0.007236241101443657
39,15,54,0.12600022877398684
42,12,54,0.8525198270877331
35,19,54,0.43116983099757117
37,17,54,0.35291544996872376
29,25,54,0.0006767867559390506
36,18,54,0.1790204676189971
34,20,54,0.0006448384451893563
38,16,54,0.006399527454301025
38,16,54,0.008126970210441814
31,23,54,0.569149748895899
36,18,54,0.013685746863098603
41,13,54,0.19121937447061957
42,12,54,0.45007853064030423
34,20,54,0.025512418359136736
39,15,54,8.468654598862083e-5
39,15,54,0.014660218698233285
41,13,54,0.14217668998069036
35,19,54,0.018502636503799408
47,7,54,0.3571814712441825
40,14,54,0.004634591509811278
34,20,54,0.0004464639741541694
36,18,54,0.8553400459938837
40,14,54,5.838548931438367e-5
40,14,54,0.012594351208262617
40,14,54,0.22585127330625698
40,14,54,0.0009630613861357583
36,18,54,0.056047524540840145
45,9,54,0.022775574142850415
41,13,54,0.021960220642977778
28,26,54,0.038228124397631465
42,12,54,0.18330351528959715
35,19,54,0.9574264943593161
36,18,54,0.27923371017636817
41,13,54,0.19236277848876807
40,14,54,0.9737411224163068
39,15,54,0.786623350458894
41,13,54,0.7885543480379439
32,22,54,0.4228788385167073
38,16,54,2.8444743056808472e-18
37,17,54,0.03870993684086292
40,14,54,0.7582540955828375
46,8,54,0.35498330147752044
38,16,54,0.8733102078879845
35,19,54,0.05086060202629375
33,21,54,0.0007486875309448473
33,21,54,0.000813260876790439
33,21,54,0.8356407771585233
38,16,54,1.3822718001218184e-7
39,15,54,0.03317022976394289
34,20,54,0.8553400459938837
33,21,54,0.024979424385777767
30,24,54,2.2058477109595465e-5
35,18,53,0.43116983099757117
35,18,53,NaN
39,14,53,0.39064081951093954
43,10,53,0.07309204827269017
33,20,53,0.0021658441345355074
43,10,53,0.8761338882225493
48,5,53,2.841651501378756e-8
36,17,53,0.016314898271010056
30,23,53,0.340310985161078
31,22,53,0.06531381230386216
33,20,53,0.00911539315041507
32,21,53,0.9163216390929619
34,19,53,0.786623350458894
37,16,53,0.0014455708024683428
34,19,53,0.6005241586175776
39,14,53,0.00016404593952162552
38,15,53,0.08427667253818402
38,15,53,0.0002575232924310884
34,19,53,0.005437828958415766
34,19,53,0.39064081951093954
39,14,53,0.0069761914769390105
34,19,53,0.6003996673603762
40,13,53,0.2180321792514569
40,13,53,0.09895045949707272
40,13,53,3.541636397447067e-5
39,14,53,2.4682265898260227e-10
36,17,53,1.0825109093566666e-6
40,13,53,0.6505728275062779
38,15,53,0.8600299370799694
38,15,53,1.723377371084949e-6
38,15,53,0.8835499673693277
43,10,53,0.27923371017636817
27,26,53,0.27361988212407007
44,9,53,0.24524244003177142
35,18,53,0.06569940535687903
36,17,53,0.02046232655892919
40,13,53,0.07334559042024837
35,18,53,0.546887784189126
39,14,53,3.874692200357943e-13
42,11,53,0.786623350458894
36,17,53,0.058003723644868645
33,20,53,0.003736962491151852
30,23,53,0.39064081951093954
35,18,53,0.3149813444585866
44,9,53,0.002021584355367181
29,24,53,0.69380963844179
26,27,53,0.0069761914769390105
37,16,53,0.25058496773030076
33,20,53,0.8356407771585233
38,15,53,0.261848989991769
37,16,53,0.8596857551841458
42,11,53,0.2540364123106803
38,15,53,0.1163445614810025
43,10,53,0.19206563573064495
48,5,53,8.406184873198307e-5
35,18,53,0.08103941152215043
39,14,53,0.0494455745194533
31,22,53,8.63033671884128e-5
42,11,53,0.24524244003177142
36,17,53,0.27923371017636817
31,22,53,0.43116983099757117
33,20,53,4.8274250306353176e-24
36,17,53,0.9729995061872249
28,25,53,0.47793771766761745
34,19,53,8.899596424963632e-8
28,25,53,0.06611573959509347
34,18,52,0.6104096037191906
38,14,52,0.47793771766761745
39,13,52,0.07470550857760336
45,7,52,8.481794915924847e-9
42,10,52,0.0022774169245747444
41,11,52,0.9649170932836378
31,21,52,NaN
28,24,52,NaN
35,17,52,0.3858148300918316
34,18,52,0.6104096037191906
38,14,52,0.6505728275062779
28,24,52,0.24524244003177142
41,11,52,0.448081387063163
27,25,52,0.1550706486855781
34,18,52,0.007172328654179807
31,21,52,0.7008341837100798
42,10,52,0.52081239046747
42,10,52,0.9574264943593161
36,16,52,0.034922393959490323
43,9,52,0.11404401218842061
35,17,52,0.01960754194531745
24,28,52,NaN
26,26,52,0.5238679062670301
40,12,52,0.003348050780605804
37,15,52,0.8553400459938837
43,9,52,0.9811726526682121
31,21,52,0.0494455745194533
42,10,52,0.3149813444585866
40,12,52,0.0007515724282678125
36,16,52,0.0033031551584125724
40,12,52,0.11522601739524108
38,14,52,0.35291544996872376
37,15,52,NaN
36,16,52,0.5812402394960782
38,14,52,0.29465466720940453
44,8,52,0.07223811786893232
29,23,52,NaN
30,22,52,0.5238679062670301
44,8,52,0.47133418877028727
47,5,52,5.888385774698131e-7
30,22,52,0.5238679062670301
41,11,52,0.47793771766761745
38,14,52,0.7178512315603562
33,19,52,0.13047666498476818
40,12,52,0.04717203868627009
32,20,52,0.8120477488685461
36,16,52,0.04471528080694834
37,15,52,0.35291544996872376
34,18,52,0.09943458759150654
24,28,52,0.9490411065363702
40,12,52,0.016660250289508037
37,15,52,0.08007711757956039
43,9,52,0.01301053860529317
37,15,52,0.15303821631665013
42,10,52,0.27923371017636817
38,14,52,0.8287435168167143
38,14,52,0.39064081951093954
30,22,52,0.11404401218842061
40,12,52,0.43116983099757117
41,11,52,0.004779354571585513
46,6,52,0.3691748466790755
31,21,52,0.16010966445073055
33,19,52,0.04974604073273377
30,22,52,0.1298724704817915
36,16,52,0.04856955247456101
40,12,52,0.6725446935326742
40,12,52,0.10043914484140906
38,14,52,0.6505728275062779
27,25,52,0.6104096037191906
39,12,51,NaN
30,21,51,NaN
41,10,51,0.0037421004662579584
36,15,51,0.19236277848876807
37,14,51,0.0041098896001649995
41,10,51,1.1825309097516478e-7
34,17,51,0.9649170932836378
33,18,51,0.8356407771585233
27,24,51,0.27923371017636817
33,18,51,0.49152425841217506
26,25,51,0.07190276004242258
39,12,51,0.45066890477417637
44,7,51,0.8733102078879845
35,16,51,0.786623350458894
33,18,51,0.6644148641634398
37,14,51,0.8291191345239641
42,9,51,4.441304068183107e-6
31,20,51,NaN
33,18,51,0.6570587483358454
37,14,51,0.16806732870266622
32,19,51,0.0006287794791519848
26,25,51,0.0017878031946212277
33,18,51,0.3056939696993061
25,26,51,0.19236277848876807
43,8,51,0.01749955508267872
31,20,51,0.8120477488685461
23,28,51,0.27923371017636817
36,15,51,0.08153641524440954
27,24,51,0.42993815307309513
37,14,51,0.515462219748183
36,15,51,0.15233618458437861
33,18,51,NaN
34,17,51,0.014391808117449797
30,21,51,0.029819449317652916
37,14,51,0.7267509803124766
33,18,51,5.0167617879052103e-17
27,24,51,4.395892847963983e-5
32,19,51,0.6127803589726138
41,10,51,0.0001322760992525715
35,16,51,0.0011414657967351051
38,13,51,0.5504372103100373
36,15,51,0.8553400459938837
46,5,51,0.010886433863373436
31,20,51,0.8120477488685461
42,9,51,0.011045346294370262
30,21,51,0.7582540955828375
30,21,51,0.9124936917766695
37,14,51,8.665210499983395e-7
36,15,51,0.003577669239439876
32,19,51,8.042168151417755e-5
26,25,51,NaN
30,21,51,0.976413425292083
36,15,51,0.00032648420121427716
33,18,51,0.7267509803124766
29,22,51,0.569149748895899
36,15,51,2.5099906352380207e-5
40,11,51,0.35291544996872376
41,10,51,0.0003705343603454179
42,9,51,4.082068123949364e-15
36,15,51,0.27923371017636817
37,14,51,0.025331807364820946
36,15,51,0.08929985881775364
38,13,51,NaN
33,18,51,0.031734142492054945
26,25,51,NaN
36,15,51,0.1298724704817915
30,21,51,0.12565758230440177
35,16,51,0.14815971147877616
34,16,50,0.2635919661402064
34,16,50,0.4518711102881792
33,17,50,0.0001457289396437798
29,21,50,0.3192005393321646
37,13,50,0.47793771766761745
36,14,50,0.4168982955167263
43,7,50,0.21906329559608997
36,14,50,4.519854975283433e-7
38,12,50,0.07171717073707237
34,16,50,NaN
41,9,50,0.19236277848876807
24,26,50,0.047849615296992776
36,14,50,0.5265496987982838
32,18,50,0.1298724704817915
27,23,50,0.6505728275062779
38,12,50,0.06628432983387775
41,9,50,1.282962166106576e-5
34,16,50,0.3768734709448707
25,25,50,NaN
30,20,50,0.569149748895899
36,14,50,0.10915931696156479
31,19,50,0.08622811860676048
34,16,50,4.2409450326948555e-7
28,22,50,NaN
36,14,50,0.4410407582656118
41,9,50,0.3173390395741258
34,16,50,0.2222382523495135
30,20,50,0.595214723784028
31,19,50,0.8438483337392692
40,10,50,0.027205363184543113
31,19,50,3.4035422176554676e-8
39,11,50,0.014992829574666055
37,13,50,5.208428698278242e-8
43,7,50,0.008340908645076937
38,12,50,0.00015927260789709425
30,20,50,0.7990865219478738
33,17,50,0.3058103436252612
42,8,50,0.11757439762782299
39,11,50,5.864097845623441e-7
36,14,50,0.759468988222582
32,18,50,0.07470550857760336
35,15,50,0.3142951417451662
34,16,50,0.5238679062670301
33,17,50,0.39064081951093954
37,13,50,0.015001161410219382
31,19,50,0.05521827206292082
28,22,50,0.01389863463638223
34,16,50,0.635125797392096
40,10,50,0.08596717446393809
35,15,50,3.2054127706973887e-9
31,19,50,0.47793771766761745
35,15,50,0.19236277848876807
32,18,50,0.0029969978223546184
42,8,50,0.7267509803124766
32,18,50,0.06611573959509347
38,12,50,0.014716196856687114
44,6,50,0.9743712954043033
27,23,50,0.569149748895899
32,18,50,0.9863191732505203
41,9,50,0.5238679062670301
27,23,50,0.47793771766761745
24,26,50,0.796698434844773
34,16,50,0.3922512813825383
32,18,50,0.7029752558327218
35,15,50,0.0005765102760025678
37,13,50,0.10828576278146844
29,21,50,0.23549781405298376
40,10,50,0.10695017669016375
44,6,50,4.461658449329434e-12
27,23,50,0.028886075440067927
43,7,50,0.023755526006250985
37,13,50,NaN
40,10,50,0.2651369157896775
25,25,50,0.39064081951093954
24,26,50,NaN
20,30,50,0.04370689030141423
35,15,50,0.053527291739943854
28,22,50,0.052439144784968236
17,33,50,0.8677452779441086
24,25,49,0.15878993846380932
29,20,49,NaN
34,15,49,0.355587312323037
25,24,49,0.028886075440067927
41,8,49,0.6104096037191906
34,15,49,0.0005025281518498432
40,9,49,2.25397491593342e-17
19,30,49,0.00015612214906662294
39,10,49,0.2180321792514569
39,10,49,0.022809583771130675
40,9,49,7.695305888130912e-13
30,19,49,0.0406520392788744
37,12,49,2.973369749473497e-6
37,12,49,0.03258904338618467
41,8,49,0.0046353322550879315
32,17,49,0.14766029718238274
40,9,49,1.3067247554948012e-8
32,17,49,0.06611573959509347
38,11,49,0.19375404702283835
38,11,49,0.47793771766761745
27,22,49,0.43116983099757117
30,19,49,0.22592075560198233
22,27,49,0.070151508950222
33,16,49,0.0003990141897703247
47,2,49,0.5238679062670301
33,16,49,0.06478578840885994
36,13,49,0.1626837045473278
30,19,49,0.05735097310840156
33,16,49,0.9030952226408369
25,24,49,0.3149813444585866
38,11,49,0.2702618163806368
40,9,49,0.6104096037191906
39,10,49,0.39064081951093954
29,20,49,0.010476342359814041
29,20,49,0.05055938541524781
44,5,49,0.1491707444589754
34,15,49,0.08596717446393809
39,10,49,2.2806107408336877e-19
35,14,49,0.006709898680211875
39,10,49,0.16055859423833893
36,13,49,0.6801343863235055
35,14,49,4.0280364098250024e-5
30,19,49,0.569149748895899
37,12,49,0.0021033883237369724
27,22,49,0.837072801592926
35,14,49,0.5238679062670301
30,19,49,0.06258273552781025
39,10,49,0.14766029718238274
36,13,49,0.7974801082737207
42,7,49,0.0019002529914548918
31,18,49,0.022791945896994008
27,22,49,0.003292552388002024
24,25,49,0.03323103706585356
36,13,49,0.2896569540478086
32,17,49,0.08099505703668636
34,15,49,0.3856531509145497
28,21,49,0.5373048086687494
32,17,49,0.7988985084615036
32,17,49,0.11404401218842061
31,18,49,0.569149748895899
32,17,49,0.5238679062670301
25,24,49,0.39064081951093954
35,14,49,0.0409952775740713
29,20,49,0.3575430700112861
24,25,49,0.8571008797935598
36,13,49,0.9030952226408369
46,3,49,0.20489463434600952
43,6,49,0.35291544996872376
37,12,49,0.897524252175927
32,17,49,0.0005079807587914103
25,24,49,0.778155620979131
34,15,49,0.43116983099757117
42,7,49,0.05666800239664035
33,16,49,0.995779364174419
40,9,49,0.20220001429207987
35,14,49,0.000980639083169729
30,19,49,NaN
28,21,49,0.01064831440116803
34,15,49,4.595673143031084e-6
37,12,49,1.5471209371009846e-7
27,22,49,NaN
35,14,49,0.5592719695976525
37,12,49,0.1772942007379433
34,14,48,0.3065718993996671
39,9,48,0.23885852356276677
25,23,48,0.07107829351655166
29,19,48,0.3504214407210825
38,10,48,0.0033956790803636836
33,15,48,9.913395007104151e-8
24,24,48,0.9388397790286686
35,13,48,0.01700169253695833
34,14,48,2.4416381486904104e-7
37,11,48,0.39064081951093954
33,15,48,0.5238679062670301
29,19,48,0.2180321792514569
22,26,48,0.18018765856946856
38,10,48,2.2210610042587486e-9
31,17,48,0.23229343070174227
37,11,48,0.11404401218842061
35,13,48,0.19395095787973468
35,13,48,0.24976442755906333
34,14,48,0.11530423287773654
32,16,48,0.1580353887451804
33,15,48,0.786623350458894
25,23,48,5.310544476176399e-7
29,19,48,0.9163216390929619
34,14,48,0.37653311411255047
40,8,48,0.01803268440941342
37,11,48,0.39064081951093954
28,20,48,0.06315603836613255
32,16,48,0.35291544996872376
35,13,48,0.006668544086774262
28,20,48,0.055657645155107884
27,21,48,0.2098285047647613
39,9,48,0.464975147809772
27,21,48,NaN
33,15,48,0.23641643138480134
28,20,48,0.27923371017636817
17,31,48,0.3149813444585866
32,16,48,0.3587191796178476
34,14,48,0.41118330060308267
28,20,48,0.6914431924244484
37,11,48,0.12408662700192402
34,14,48,0.0422242213428269
35,13,48,0.7582540955828375
39,9,48,0.569149748895899
37,11,48,0.3454007031351589
40,8,48,7.839440367621844e-6
39,9,48,0.03123380518246932
20,28,48,0.04370689030141423
34,14,48,0.7267509803124766
34,14,48,NaN
23,25,48,0.9181162708877872
33,15,48,0.027062097293973568
38,10,48,0.14958683115325092
27,21,48,NaN
38,10,48,0.11404401218842061
31,17,48,0.00014559475827312306
35,13,48,0.046344776658535515
24,24,48,0.003078942379107465
33,15,48,0.05917457162697486
22,26,48,0.012190902293233875
28,20,48,2.1192583255465603e-9
35,13,48,1.3121492929920688e-8
29,19,48,3.068300556048016e-7
37,11,48,0.004472594018803418
37,11,48,0.9780233859133618
31,17,48,0.5165050765702685
38,10,48,0.0598447695170595
17,31,48,0.6632007221963502
30,18,48,0.825905751338254
31,17,48,0.03321079371305514
33,15,48,0.41809905839339895
25,23,48,0.09701151988530725
36,12,48,0.10248307439230935
30,18,48,NaN
32,16,48,0.3149813444585866
35,12,47,0.27923371017636817
25,22,47,0.1680606360033169
36,11,47,0.0041530367210941945
40,7,47,0.11404401218842061
40,7,47,0.03495964534037282
30,17,47,0.43116983099757117
38,9,47,0.5238679062670301
33,14,47,0.004651085017921468
39,8,47,0.0015880070545587351
33,14,47,0.9897153823014565
34,13,47,0.015310435763140838
36,11,47,0.2744465055622495
27,20,47,0.7738724594686239
28,19,47,0.5238679062670301
31,16,47,0.006213073656059411
22,25,47,0.7473872953424745
35,12,47,6.8265449819931236e-12
32,15,47,0.01880761644846058
31,16,47,0.03317022976394289
32,15,47,0.4266771996833284
35,12,47,0.0004438291022075464
38,9,47,0.0005514225424303585
30,17,47,NaN
33,14,47,NaN
32,15,47,0.37470524397250166
34,13,47,9.18227379477279e-6
36,11,47,0.250063357909386
31,16,47,0.0494455745194533
30,17,47,0.3659733314490811
33,14,47,0.0022874872404172976
41,6,47,9.995986961514214e-6
31,16,47,0.6256621242609978
39,8,47,4.485097087889758e-6
41,6,47,0.33326865980046866
37,10,47,0.7582540955828375
36,11,47,0.13840966024702317
36,11,47,0.927808813496808
24,23,47,0.11979385795605679
34,13,47,0.2180321792514569
29,18,47,2.130485495801456e-5
28,19,47,0.35291544996872376
35,12,47,0.6505728275062779
41,6,47,0.33825459805305175
36,11,47,6.5002401145702375e-6
43,4,47,0.6551572290994103
31,16,47,0.4878308011135697
24,23,47,0.5889883013907422
35,12,47,0.16044754334082306
26,21,47,NaN
31,16,47,0.14766029718238274
33,14,47,0.6450034076217963
30,17,47,0.3149813444585866
28,19,47,0.8355369082991615
28,19,47,0.6868304800663166
29,18,47,0.06747621969827915
35,12,47,0.07159045158556479
32,15,47,0.8228512845621858
41,6,47,0.7281188322060451
35,12,47,0.972609132787436
36,11,47,0.14766029718238274
27,20,47,5.751422706327455e-7
27,20,47,0.004585347086369891
31,16,47,0.9697141919815567
24,23,47,0.4863278444572242
17,30,47,0.0016664544476050064
32,15,47,0.9163216390929619
33,14,47,2.511170540254413e-17
37,10,47,0.786623350458894
36,11,47,0.5253474148657685
20,27,47,NaN
29,18,47,0.6914431924244484
28,19,47,NaN
0,47,47,0.3149813444585866
30,16,46,0.39064081951093954
34,12,46,0.16034751652744048
40,6,46,0.03495964534037282
28,18,46,0.060763460636847885
28,18,46,0.9574264943593161
38,8,46,0.35291544996872376
35,11,46,5.04681126985526e-11
14,32,46,0.18563523829979425
33,13,46,0.8553400459938837
36,10,46,0.6505728275062779
29,17,46,0.8777771275890612
27,19,46,0.4376980178061627
38,8,46,0.00023084031069048636
25,21,46,1.487385694962379e-6
30,16,46,NaN
31,15,46,0.8553400459938837
33,13,46,0.7582540955828375
28,18,46,0.39064081951093954
31,15,46,0.00010448409117045345
30,16,46,0.7585557405828564
37,9,46,0.0007063012592599022
36,10,46,0.2489912754771692
30,16,46,0.012766279249332038
31,15,46,0.329773553006689
35,11,46,0.0006898487446361929
34,12,46,0.20369100189773323
34,12,46,0.03794641341295346
28,18,46,0.6265721583391173
34,12,46,0.6505728275062779
43,3,46,0.7096595839713354
37,9,46,NaN
32,14,46,2.6116441661957144e-5
35,11,46,0.09842728655232909
37,9,46,0.0019373272554754754
40,6,46,0.08596717446393809
35,11,46,0.6532350330787657
27,19,46,0.27923371017636817
39,7,46,0.0012210720504117728
31,15,46,0.569149748895899
31,15,46,0.20263263491504227
27,19,46,0.8356407771585233
35,11,46,0.0005208016584624122
32,14,46,NaN
29,17,46,0.3111804108650104
30,16,46,NaN
34,12,46,0.0005245260710193799
35,11,46,1.4556307664458095e-5
28,18,46,0.2180321792514569
26,20,46,NaN
32,14,46,0.47793771766761745
31,15,46,0.7579406892066354
35,11,46,0.27923371017636817
37,9,46,0.00011039224643203294
40,6,46,0.786623350458894
35,11,46,0.006013233734660044
25,21,46,0.7689097080461573
37,9,46,0.569149748895899
27,19,46,0.01389863463638223
37,9,46,0.6104096037191906
33,13,46,0.24524244003177142
33,13,46,0.010211378559962247
33,13,46,0.40642305364248654
27,19,46,0.6363600131598418
27,19,46,0.09354594768429964
34,12,46,0.024639727816982263
28,18,46,0.927808813496808
36,10,46,0.5033464254696357
22,24,46,0.3039354462796009
31,15,46,0.07635814637056378
34,12,46,0.564192946413891
27,19,46,0.3529432135069654
32,14,46,0.024979424385777767
22,24,46,0.3772209045302459
32,14,46,0.8356407771585233
23,23,46,0.0364254665639505
29,17,46,1.2967139223591336e-5
36,10,46,0.4991160421078876
33,13,46,0.8232633267251638
20,26,46,0.7085856463462555
34,12,46,0.24524244003177142
37,9,46,0.6104096037191906
40,6,46,0.4393341782655797
37,9,46,0.2963105796608051
26,20,46,0.0807032461316428
25,21,46,0.2719707453157105
34,12,46,0.9753343764225884
30,16,46,0.0757515355701886
30,16,46,NaN
38,8,46,0.41170857122363536
30,16,46,0.0022868868881712585
35,11,46,0.47793771766761745
28,18,46,0.43116983099757117
33,13,46,0.8862786885110916
30,16,46,NaN
41,5,46,0.0725059600773152
21,25,46,0.004334782584049835
30,16,46,2.595979738029279e-10
29,17,46,0.39064081951093954
38,7,45,0.02233120925362568
36,9,45,0.8733102078879845
37,8,45,0.3771518381220071
39,6,45,0.9742414362000713
35,10,45,8.845293619805208e-5
39,6,45,0.17019718943406822
26,19,45,0.5589131158135334
40,5,45,0.027953254715888536
35,10,45,0.16939378808009065
30,15,45,0.08898878437472828
31,14,45,0.0321409442832315
22,23,45,NaN
28,17,45,0.06634183190627037
30,15,45,0.024979424385777767
34,11,45,0.005599730293975825
39,6,45,0.8553400459938837
29,16,45,0.017425487034327797
34,11,45,0.07957010436201761
29,16,45,0.10022418245206074
28,17,45,0.0022138963004988384
36,9,45,0.8319847100908485
37,8,45,0.8120477488685461
36,9,45,0.646292526359672
25,20,45,0.08596717446393809
34,11,45,0.9490411065363702
36,9,45,0.7043665800841338
34,11,45,0.01618011539461698
31,14,45,0.21896408630530137
28,17,45,0.13613397683051168
28,17,45,0.35291544996872376
34,11,45,0.6505728275062779
39,6,45,0.8120477488685461
37,8,45,0.1298059919744438
24,21,45,9.75880352699768e-6
33,12,45,0.9388397790286686
33,12,45,0.08596717446393809
26,19,45,7.381004849788476e-18
26,19,45,0.00011572991820912054
27,18,45,0.39064081951093954
34,11,45,0.671884262440174
33,12,45,0.43116983099757117
34,11,45,0.7582540955828375
39,6,45,2.279329842021768e-12
26,19,45,7.551333344499086e-8
32,13,45,0.012375664426633712
38,7,45,0.028955525833034013
28,17,45,0.0121170684232241
27,18,45,0.08596717446393809
38,7,45,0.7877019390461641
38,7,45,0.06803419389649398
34,11,45,0.10174097711626726
31,14,45,0.00014559475827312306
26,19,45,0.9388397790286686
24,21,45,0.9030952226408369
35,10,45,0.30253877843378474
26,19,45,0.9075362269330731
35,10,45,0.004271462947567752
33,12,45,0.9866500232111284
32,13,45,0.8553400459938837
34,11,45,0.764192988337961
22,23,45,0.569149748895899
27,18,45,0.3360010748858838
28,17,45,NaN
23,22,45,NaN
29,16,45,0.8886935889394204
26,19,45,0.37563824493133885
25,20,45,0.8226611022363957
36,9,45,0.023615686808042078
32,13,45,0.6104096037191906
35,10,45,8.539823108921807e-6
29,16,45,0.062069808390135546
38,7,45,0.4000801055241669
27,18,45,0.49974308594955635
32,13,45,0.11404401218842061
35,10,45,0.5604183182183268
29,16,45,0.9490411065363702
29,16,45,0.19416522404620343
35,10,45,5.132348396328376e-9
19,26,45,0.028886075440067927
32,13,45,0.6104096037191906
33,12,45,0.19236277848876807
25,20,45,0.2473383900911022
28,16,44,0.011532985534739066
34,10,44,0.0011407650026749345
34,10,44,0.7582540955828375
35,9,44,0.037773817061412626
34,10,44,0.0016597504915188022
23,21,44,0.9574264943593161
31,13,44,0.9574264943593161
27,17,44,NaN
30,14,44,0.35291544996872376
26,18,44,0.03187536152159114
34,10,44,0.2192047393093197
35,9,44,NaN
32,12,44,0.009778647628762748
31,13,44,0.5646443582939173
20,24,44,0.35291544996872376
29,15,44,0.05679232243928185
35,9,44,0.04370689030141423
31,13,44,0.0006953864114899776
28,16,44,0.11404401218842061
24,20,44,9.007151713402326e-15
28,16,44,0.6481614195325708
44,0,44,NaN
32,12,44,0.26184218027159517
32,12,44,3.0848727838544035e-13
28,16,44,NaN
36,8,44,0.6104096037191906
31,13,44,0.8733102078879845
26,18,44,0.00020343752297750537
25,19,44,0.27923371017636817
26,18,44,NaN
28,16,44,0.8553400459938837
31,13,44,5.679062262274559e-10
30,14,44,0.3149813444585866
34,10,44,0.7322050477268979
29,15,44,0.04370689030141423
28,16,44,0.6540000571173049
22,22,44,0.008621118579899757
37,7,44,4.673759138420139e-9
21,23,44,0.015303402496458897
22,22,44,0.13167432976611848
22,22,44,NaN
26,18,44,0.2180321792514569
33,11,44,0.6144376451514457
44,0,44,NaN
35,9,44,0.9388397790286686
23,21,44,0.21069536954048745
28,16,44,0.5483188329118075
34,10,44,0.2702833892898054
32,12,44,0.6914431924244484
34,10,44,0.07470550857760336
31,13,44,0.6217371170361621
27,17,44,0.0006953564901223434
36,8,44,4.796967727561287e-8
24,20,44,0.8485252890386139
34,10,44,0.010844916154836185
17,27,44,NaN
32,12,44,0.7243195423811148
20,24,44,0.8886935889394204
31,13,44,2.530092303730334e-14
29,15,44,0.024979424385777767
27,17,44,0.35864643506765403
35,9,44,0.01880761644846058
35,9,44,0.08596717446393809
28,16,44,0.9274415466437095
29,15,44,0.003736962491151852
33,11,44,NaN
24,20,44,0.03317022976394289
33,11,44,8.39828662952765e-6
27,17,44,0.11023137503745452
34,10,44,0.8961703428287421
28,16,44,0.19082461381806662
33,11,44,0.7090605112775457
28,16,44,0.004138745228826956
35,9,44,0.47793771766761745
30,14,44,0.04101365440811682
27,17,44,0.024775975187416772
22,22,44,0.6914431924244484
31,13,44,NaN
30,14,44,0.08929855926260931
32,12,44,0.00014558809030724087
25,19,44,NaN
34,10,44,0.005537788456115057
22,22,44,0.4496037056261923
32,12,44,0.786623350458894
25,19,44,0.1045382993956102
30,14,44,0.3149813444585866
27,17,44,0.16806732870266622
26,18,44,0.7526171274186245
31,13,44,0.24621866189830025
29,15,44,0.43116983099757117
30,14,44,0.838088751939616
35,9,44,0.6124850666781179
19,25,44,0.0003233652969133653
20,24,44,0.4987376385275761
27,17,44,4.082542345100888e-5
30,14,44,0.0014308538457082638
34,10,44,0.04370689030141423
25,19,44,0.020227458713911982
27,17,44,0.002204041626885435
17,27,44,0.197694131210213
33,10,43,0.53752012563644
28,15,43,0.031299262524308064
30,13,43,0.009681398529947847
26,17,43,NaN
35,8,43,0.004232317169592533
28,15,43,0.03794641341295346
28,15,43,0.004509071280446964
26,17,43,0.18926706195678053
26,17,43,0.47793771766761745
30,13,43,0.20731755823093484
35,8,43,0.37400156131655193
28,15,43,NaN
35,8,43,0.8120477488685461
39,4,43,0.11404401218842061
19,24,43,0.00011979435306209887
27,16,43,0.569149748895899
37,6,43,0.725175582641391
35,8,43,0.3273181597804894
29,14,43,0.1271046824560588
26,17,43,1.6968680058916445e-5
33,10,43,0.8886935889394204
29,14,43,0.20236271325657626
32,11,43,2.3620729396171695e-14
31,12,43,0.8886935889394204
22,21,43,0.16467142839243262
29,14,43,0.01880761644846058
35,8,43,0.7267509803124766
28,15,43,0.054550431958309525
36,7,43,0.7416780072296906
35,8,43,0.3000579733684543
28,15,43,0.016079695990314585
34,9,43,0.9163216390929619
30,13,43,0.11179080847849755
27,16,43,0.7620180347286606
28,15,43,0.5982094700734554
37,6,43,0.59993181027862
29,14,43,0.5189066377500715
33,10,43,0.3188230561740054
29,14,43,0.005372277359153435
29,14,43,0.007370414748210379
36,7,43,4.956487489264306e-15
26,17,43,0.5238679062670301
22,21,43,0.1506272127507447
37,6,43,0.6186541228950915
34,9,43,0.006075392550651024
29,14,43,0.7582540955828375
30,13,43,0.0007534260872901951
31,12,43,0.9030952226408369
31,12,43,0.2450931749620127
24,19,43,0.0006168548687238766
35,8,43,0.47793771766761745
34,9,43,0.10151649008547839
28,15,43,0.9163216390929619
23,20,43,0.384833974932419
36,7,43,9.235678366864598e-27
34,9,43,0.0821591411723623
38,5,43,0.4513928212934783
25,18,43,0.43116983099757117
28,15,43,0.3543069904888474
29,14,43,0.0035678329133476535
27,16,43,1.69157708672527e-5
28,15,43,0.35291544996872376
27,16,43,0.35291544996872376
37,6,43,0.6309890505728575
32,11,43,0.003633502783001847
28,15,43,0.04071718408876552
33,10,43,0.9711836190363513
28,15,43,0.016314898271010056
25,18,43,0.7663504363503215
31,12,43,0.5535344428473521
33,10,43,6.015060674170919e-6
28,15,43,0.029819695240313852
32,11,43,0.09943458759150654
29,14,43,NaN
39,4,43,1.4354398318905156e-6
23,20,43,0.8222395906427652
26,17,43,0.2939730012678052
35,8,43,0.7582540955828375
34,9,43,0.9490411065363702
30,13,43,0.08767522389070966
37,6,43,0.786623350458894
30,13,43,0.786623350458894
33,10,43,0.8553400459938837
22,21,43,0.4867390839649757
16,27,43,0.18884555925470772
28,15,43,0.3149813444585866
32,11,43,0.6268590540433595
31,12,43,0.003724159962768164
36,7,43,0.25535219553056665
17,26,43,0.7687502537929748
25,18,43,0.7061106379263572
23,20,43,0.03317022976394289
29,14,43,0.009830001815366356
34,9,43,0.03330140347082417
27,16,43,NaN
23,20,43,3.4775328477665803e-11
28,15,43,0.23885852356276677
29,14,43,0.001619228531764433
30,13,43,0.2449297274308735
23,20,43,0.1654126149448315
21,22,43,0.010926940780999128
29,14,43,0.5238679062670301
34,9,43,0.2061327063786464
33,10,43,0.6560640018429799
29,14,43,8.031763583803741e-22
29,14,43,0.1298724704817915
27,16,43,0.6914431924244484
31,12,43,0.18654749272719315
23,20,43,0.8242170964266853
20,23,43,0.03175904119768275
27,16,43,0.16730377744931765
27,16,43,NaN
24,19,43,0.7688505867250652
26,17,43,0.19236277848876807
19,24,43,0.569149748895899
31,12,43,0.19236277848876807
23,20,43,0.6104096037191906
33,10,43,0.029498564819111065
23,20,43,0.16806732870266622
33,9,42,0.3149813444585866
24,18,42,5.901784287205885e-5
22,20,42,0.569149748895899
36,6,42,0.4474943045303625
31,11,42,0.8733102078879845
26,16,42,0.0041098896001649995
22,20,42,0.3123930419781155
35,7,42,0.00352372873417422
42,0,42,NaN
35,7,42,0.8626374954196416
30,12,42,0.9760371608718595
30,12,42,0.01389863463638223
30,12,42,0.8918804705694074
36,6,42,0.19236277848876807
21,21,42,0.8120477488685461
32,10,42,0.9388397790286686
30,12,42,0.1298724704817915
25,17,42,0.3149813444585866
25,17,42,0.7582540955828375
25,17,42,0.6104096037191906
25,17,42,0.9574264943593161
28,14,42,4.812731920896994e-14
32,10,42,0.6104096037191906
33,9,42,0.7451440261225767
29,13,42,0.508348854845957
26,16,42,0.41781409793355745
32,10,42,0.7267509803124766
42,0,42,NaN
27,15,42,0.0008601278700566139
31,11,42,0.5358750319711114
29,13,42,0.8553400459938837
32,10,42,0.16056701651246247
34,8,42,NaN
27,15,42,0.09455234258140978
30,12,42,0.7582540955828375
23,19,42,0.04559281237759794
31,11,42,0.7267509803124766
29,13,42,0.27923371017636817
31,11,42,0.019671946686220566
21,21,42,0.00010695091908994513
29,13,42,0.4529035484109553
30,12,42,0.24524244003177142
22,20,42,1.55333977471957e-11
28,14,42,0.002398472043733659
30,12,42,0.08865442804974892
15,27,42,0.2932521660462191
32,10,42,0.8120477488685461
28,14,42,0.47793771766761745
35,7,42,0.16538061778560054
28,14,42,0.16806732870266622
34,8,42,3.957534952823087e-12
31,11,42,0.6914431924244484
26,16,42,NaN
28,14,42,0.03495964534037282
31,11,42,0.7429854857368734
33,9,42,0.6914431924244484
29,13,42,0.0333019727821438
24,18,42,0.024045838484402518
25,17,42,0.693313524337762
32,10,42,0.024979424385777767
35,7,42,4.676117115541576e-10
30,12,42,0.27923371017636817
26,16,42,0.007637101109968503
30,12,42,0.005128705037515077
26,16,42,0.569149748895899
32,10,42,0.20007711440181405
32,10,42,0.16920997635197488
17,25,42,NaN
31,11,42,0.2018613520607239
37,5,42,0.06275235321243143
26,16,42,0.39064081951093954
36,6,42,0.019314633334848993
23,19,42,0.07470550857760336
24,18,42,0.786623350458894
32,10,42,0.0069761914769390105
23,19,42,0.47793771766761745
23,19,42,0.5377148988299753
30,12,42,0.005734596011627363
31,11,42,0.9978169109810027
25,17,42,0.8789473120059187
25,17,42,0.3702559102085446
21,21,42,0.9593573736068796
30,12,42,0.0007664265401528999
32,10,42,0.047091994205031976
27,15,42,0.2180321792514569
31,11,42,0.569149748895899
29,13,42,0.7582540955828375
32,10,42,0.0004440117444104579
27,15,42,NaN
29,13,42,0.002525911997220311
29,13,42,2.632408478565552e-7
16,26,42,0.10168790499957063
25,17,42,0.786623350458894
27,15,42,0.16806732870266622
24,18,42,0.05768038046760561
23,19,42,0.856099320322802
27,15,42,0.00011175326710459694
29,13,42,0.9574264943593161
25,17,42,1.6485958199427508e-6
31,11,42,1.3839553983503284e-5
27,15,42,0.14914285186080783
27,15,42,0.27923371017636817
26,16,42,0.43116983099757117
16,26,42,0.5446945752455903
29,13,42,0.685375302412876
31,11,42,0.0016826876044248836
32,10,42,0.9388397790286686
36,6,42,0.249416285452069
20,22,42,0.6652925236461642
15,27,42,0.23775490787319767
28,14,42,4.067264583754957e-5
22,20,42,0.17451494739556594
23,19,42,0.10934238025470769
27,14,41,0.08611992392613187
26,15,41,0.591044113040286
33,8,41,0.00012144539666672063
29,12,41,0.003292552388002024
29,12,41,0.569149748895899
30,11,41,0.20224582803514266
36,5,41,0.14766029718238274
36,5,41,0.2180321792514569
29,12,41,0.4187753940959514
28,13,41,0.6505728275062779
30,11,41,0.569149748895899
29,12,41,0.11404401218842061
34,7,41,4.821073331194875e-7
34,7,41,0.8553400459938837
34,7,41,0.2945512358541225
29,12,41,0.4830203490534876
27,14,41,0.9640031965561647
27,14,41,0.6603763125808613
28,13,41,8.196441370794287e-8
23,18,41,0.42597953678524436
22,19,41,0.5238679062670301
33,8,41,1.66995622085774e-5
28,13,41,NaN
28,13,41,0.013712126257744364
29,12,41,0.38236749711800555
26,15,41,0.6505728275062779
24,17,41,0.8446670019012709
32,9,41,0.19791816706709664
29,12,41,0.7248184860337687
19,22,41,0.11413319319866876
23,18,41,0.5045958648733039
25,16,41,0.35673481647176514
32,9,41,0.39064081951093954
23,18,41,0.8553400459938837
28,13,41,0.001508782930268598
30,11,41,0.5238679062670301
29,12,41,0.48965322794655824
30,11,41,0.569149748895899
31,10,41,0.0909457514480561
28,13,41,0.01880761644846058
26,15,41,0.3317032403204969
21,20,41,NaN
33,8,41,0.021960220642977778
32,9,41,0.24524244003177142
13,28,41,NaN
25,16,41,9.400910816379757e-5
25,16,41,0.7267509803124766
34,7,41,0.00510469474382052
22,19,41,0.009778647628762748
32,9,41,0.0792972786957223
27,14,41,0.8120477488685461
24,17,41,0.16806732870266622
34,7,41,0.20157900336660672
27,14,41,0.004509521289986466
29,12,41,0.43300054181328856
29,12,41,0.8120477488685461
31,10,41,0.30218755319155693
33,8,41,0.9994213063020521
25,16,41,0.43116983099757117
32,9,41,0.13073301847673183
29,12,41,0.5683482913276348
19,22,41,0.06609594320742991
31,10,41,0.1544058590633882
28,13,41,0.054540830779051676
24,17,41,0.7267509803124766
28,13,41,0.569149748895899
30,11,41,0.08596717446393809
24,17,41,0.8590741817898323
33,8,41,0.5459342736313567
27,14,41,0.04370689030141423
20,21,41,0.8886935889394204
35,6,41,0.0001787383917232653
31,10,41,0.01880761644846058
35,6,41,0.24524244003177142
33,8,41,NaN
31,10,41,0.5238679062670301
22,19,41,NaN
30,11,41,0.5238679062670301
25,16,41,0.15910320794159202
29,12,41,0.2538920224200415
33,8,41,0.2180321792514569
26,15,41,0.4638544598942458
26,15,41,0.5855801746794833
33,8,41,0.7267509803124766
30,11,41,0.9089407946875258
30,11,41,0.9498586579249012
21,20,41,0.6181101058296996
26,15,41,0.7783567221556376
30,11,41,0.919495164097692
26,15,41,0.6104096037191906
38,3,41,0.019919141109135143
35,6,41,0.7582540955828375
33,8,41,0.6914431924244484
20,21,41,0.6104096037191906
23,18,41,NaN
21,20,41,0.32833815635925573
34,7,41,0.023123327107023008
35,6,41,0.12455834780604687
28,13,41,0.6914431924244484
22,19,41,0.1739887363054829
34,7,41,0.7080597963478518
22,19,41,0.41904672836152596
25,16,41,0.33643967864860097
32,9,41,0.0019952882578643345
29,12,41,1.3238146167203343e-7
28,13,41,0.6505728275062779
20,21,41,0.7018497101942912
24,17,41,0.39064081951093954
33,8,41,0.09744728426356286
24,17,41,0.22179585141348962
32,9,41,0.5238679062670301
29,12,41,0.6104096037191906
34,7,41,0.3149813444585866
30,11,41,0.39064081951093954
29,12,41,0.10051231658927298
33,8,41,0.0001878033765791771
26,15,41,0.350789014742344
31,10,41,0.018208223388350393
20,21,41,0.9811127762214269
23,18,41,0.8289932884128259
28,12,40,0.927808813496808
32,8,40,0.3648451096862543
36,4,40,0.09113781834352841
27,13,40,0.07157219894732256
32,8,40,0.6104096037191906
23,17,40,0.30491401391169487
22,18,40,0.7508193087330272
23,17,40,0.13451723645842137
22,18,40,0.07470550857760336
27,13,40,0.19236277848876807
34,6,40,0.021960220642977778
21,19,40,0.11110936828737274
28,12,40,0.6914431924244484
32,8,40,0.3149813444585866
28,12,40,0.11404401218842061
38,2,40,0.1503052273691054
26,14,40,0.43116983099757117
33,7,40,1.2767295445020479e-5
28,12,40,0.6561839446912664
32,8,40,0.005812985542910942
29,11,40,0.6526867681914591
30,10,40,0.005043121192482222
32,8,40,0.005322101987151836
21,19,40,0.11404401218842061
24,16,40,0.6771910595286158
24,16,40,0.014679297117829374
24,16,40,0.8120477488685461
27,13,40,0.15809459486737495
30,10,40,NaN
29,11,40,0.03991365471729221
31,9,40,0.007410986119868795
29,11,40,0.9509433779492813
32,8,40,0.15321939438832988
29,11,40,0.0012216474936602303
22,18,40,0.5717209747271683
25,15,40,0.00010380473480559846
29,11,40,NaN
29,11,40,5.138380326180828e-7
22,18,40,0.0071535416044638915
21,19,40,0.021960220642977778
28,12,40,0.3396288091141945
31,9,40,0.05395944731712807
34,6,40,0.14766029718238274
28,12,40,0.9262841574091628
31,9,40,0.08927673405703955
18,22,40,0.04091611853282917
21,19,40,0.8455356195129405
27,13,40,0.8621548621268441
26,14,40,0.002169986677416212
26,14,40,0.4583499504001113
20,20,40,0.34254664865369505
28,12,40,0.06611573959509347
22,18,40,0.03794641341295346
31,9,40,0.44325095393073444
27,13,40,0.6104096037191906
29,11,40,0.24524244003177142
26,14,40,NaN
34,6,40,0.011254867317837697
24,16,40,0.43116983099757117
30,10,40,0.39064081951093954
31,9,40,0.7582540955828375
26,14,40,0.29298733443307473
27,13,40,0.025741889407608094
25,15,40,0.004974307492999009
27,13,40,0.6505728275062779
23,17,40,0.004129962537233471
29,11,40,0.9490411065363702
27,13,40,0.0013780466984558853
19,21,40,NaN
24,16,40,0.5811281864628504
28,12,40,0.17950525566626213
35,5,40,0.109763946282178
20,20,40,1.4483971438559826e-5
30,10,40,0.00011109207696962062
27,13,40,1.1270722336701201e-5
31,9,40,0.3149813444585866
31,9,40,3.918132455777063e-10
16,24,40,0.47674103296482273
29,11,40,0.6505728275062779
26,14,40,0.0010092828110543624
27,13,40,0.43116983099757117
35,5,40,0.9758047935878457
28,12,40,0.11404401218842061
29,11,40,0.5238679062670301
28,12,40,0.01464142389551623
30,10,40,4.871940815848876e-5
34,6,40,0.3233744592186083
30,10,40,0.9578553115654289
31,9,40,0.128053489034345
31,9,40,0.05735097310840156
14,26,40,NaN
24,16,40,0.0026587860916491442
32,8,40,0.007809263505467793
40,0,40,0.3134409009234705
24,16,40,0.03317022976394289
27,13,40,0.000607381876368428
33,7,40,NaN
32,8,40,0.13711766666033934
28,12,40,0.9030952226408369
22,18,40,NaN
27,13,40,0.892099105411126
27,13,40,0.0012021828864750644
24,16,40,8.147448909747807e-5
28,12,40,0.8120477488685461
27,13,40,0.6505728275062779
24,16,40,0.9944136266474382
33,7,40,0.19366965023640045
24,16,40,0.6914431924244484
22,18,40,6.2477877935407865e-18
29,11,40,1.2646389290130316e-7
22,18,40,0.6914431924244484
21,19,40,0.03317022976394289
31,9,40,0.037442888361197316
27,13,40,0.6943481993757649
34,6,40,0.19236277848876807
19,21,40,0.6505728275062779
26,14,40,0.007581739812926548
31,9,40,0.1298724704817915
24,16,40,0.5788308425110856
28,12,40,0.27171073661627937
17,23,40,0.0001235698202825705
31,9,40,0.06556756152231104
25,15,40,0.005537788456115057
22,18,40,0.49523292450608625
23,16,39,0.2180321792514569
36,3,39,1.0539735703123277e-5
28,11,39,0.7482504937345986
26,13,39,0.07662761346449029
32,7,39,0.05244392398861477
23,16,39,0.676212238216721
26,13,39,0.6293150791863887
25,14,39,0.35291544996872376
25,14,39,0.8583211455622112
27,12,39,5.4150065462967304e-5
22,17,39,0.35291544996872376
27,12,39,0.2747763039548348
28,11,39,0.6914431924244484
29,10,39,0.5855210597390021
18,21,39,NaN
18,21,39,NaN
21,18,39,3.6886951142511654e-6
39,0,39,0.6505728275062779
30,9,39,0.06880985822046329
27,12,39,0.06611573959509347
31,8,39,0.8886935889394204
26,13,39,0.5997367624036737
26,13,39,0.27923371017636817
29,10,39,0.17044280049119595
33,6,39,0.17754437314011004
18,21,39,0.7579998561983351
29,10,39,0.3149813444585866
26,13,39,0.6914431924244484
27,12,39,0.030642029363001456
25,14,39,0.3149813444585866
25,14,39,2.7543618239286185e-8
29,10,39,0.27311673388269325
24,15,39,0.03463093166333102
34,5,39,0.0003343339099630603
21,18,39,0.09433938603605749
32,7,39,0.00015241001148454578
32,7,39,0.028886075440067927
28,11,39,0.9518716524717384
16,23,39,0.01815618602863793
28,11,39,0.1175472763187801
27,12,39,0.28138456293455044
35,4,39,0.495898836816151
24,15,39,0.021960220642977778
34,5,39,NaN
15,24,39,0.6643727273084722
22,17,39,0.24524244003177142
27,12,39,0.9574264943593161
27,12,39,0.35291544996872376
24,15,39,1.357192387088789e-11
31,8,39,0.1629017869186853
23,16,39,0.06361261966374508
24,15,39,0.9240557934735052
22,17,39,NaN
35,4,39,0.5238679062670301
30,9,39,6.382921793245607e-6
24,15,39,0.6914431924244484
30,9,39,0.2021919397217202
26,13,39,0.41392023763189834
32,7,39,2.648645490636892e-5
35,4,39,0.525165427247855
25,14,39,0.6505728275062779
27,12,39,0.17148721758596733
30,9,39,0.01389863463638223
24,15,39,0.5235797891418857
31,8,39,0.2987043416710876
27,12,39,0.9030952226408369
26,13,39,0.2689829743483109
26,13,39,0.023832958594287915
30,9,39,5.62071202334491e-9
26,13,39,0.5238679062670301
26,13,39,0.5453896379818538
29,10,39,0.8733102078879845
32,7,39,1.2550584653589053e-12
29,10,39,0.3149813444585866
30,9,39,0.7287333109900413
23,16,39,0.35064018308951
25,14,39,0.010111241721440551
25,14,39,0.3419774187929745
30,9,39,0.39064081951093954
15,24,39,0.1298724704817915
32,7,39,0.8886935889394204
27,12,39,0.5972119773445547
31,8,39,0.27923371017636817
35,4,39,0.9163216390929619
26,13,39,0.5238679062670301
27,12,39,8.420114851280257e-9
25,14,39,0.2180321792514569
32,7,39,0.0494455745194533
19,20,39,0.39064081951093954
25,14,39,0.09127844681789991
24,15,39,0.6881797860912127
24,15,39,0.00798727724278358
27,12,39,0.3149813444585866
21,18,39,0.009987886712593562
29,10,39,0.08258017313923939
28,11,39,0.5238679062670301
28,11,39,0.3206767342282125
26,13,39,2.5398723504882797e-6
26,13,39,0.2783906442366183
30,9,39,0.0002727398177016611
30,9,39,0.786623350458894
25,14,39,0.27923371017636817
28,11,39,0.026289359456218353
26,13,39,0.5280999614707598
29,10,39,0.09943458759150654
28,11,39,0.006408162061155108
22,17,39,NaN
23,16,39,0.008192872836725925
20,19,39,0.6975169519778409
20,19,39,0.2389350768035953
25,14,39,0.1452259319141794
19,20,39,0.693247684912971
24,15,39,0.27923371017636817
25,14,39,0.4147302052450692
27,12,39,0.8120477488685461
17,22,39,0.2987448500003153
26,13,39,0.7965188419159412
31,8,39,0.010318109874926125
29,10,39,0.03210986947722217
26,13,39,0.03794641341295346
17,22,39,0.00010733374300474082
26,13,39,0.18345618250604243
26,12,38,0.09775731278281836
25,13,38,0.12249387755891822
34,4,38,0.6104096037191906
27,11,38,0.0002213948926744011
29,9,38,0.02233120925362568
26,12,38,NaN
19,19,38,0.7587147927179876
25,13,38,0.03317022976394289
29,9,38,0.010614772493043392
20,18,38,NaN
26,12,38,0.23778090130669274
27,11,38,0.0010994569515755108
24,14,38,0.9711836190363513
22,16,38,0.14681679081311594
33,5,38,0.14766029718238274
28,10,38,0.39064081951093954
31,7,38,0.07347183477145547
23,15,38,NaN
31,7,38,0.1552154193286926
25,13,38,0.6271411953337829
25,13,38,0.7582540955828375
23,15,38,NaN
28,10,38,0.46990440698130853
27,11,38,5.858693046664007e-6
26,12,38,0.09005073282846202
21,17,38,NaN
25,13,38,1.2578235285361158e-5
27,11,38,0.7887116911391194
29,9,38,0.7267509803124766
18,20,38,NaN
20,18,38,0.6164384174810988
26,12,38,0.6777695128181356
16,22,38,0.1515417663342128
26,12,38,0.927808813496808
28,10,38,0.1002871427543777
25,13,38,0.8886935889394204
24,14,38,0.35291544996872376
23,15,38,0.001589268487716637
30,8,38,0.8733102078879845
17,21,38,NaN
22,16,38,0.22025554445648093
25,13,38,0.06244536396280216
25,13,38,0.9896148649262377
29,9,38,0.06820627383264868
27,11,38,0.07223520650665197
24,14,38,0.1095178148388494
11,27,38,0.9346472882048238
24,14,38,0.43116983099757117
16,22,38,NaN
26,12,38,NaN
31,7,38,0.6690291672147769
29,9,38,0.35291544996872376
30,8,38,0.5757776593678634
25,13,38,0.01914158125420294
24,14,38,0.9173859698340253
25,13,38,0.10097085060309731
24,14,38,0.15641210033651057
29,9,38,0.47793771766761745
31,7,38,0.00160519784188288
32,6,38,0.10161924155596509
31,7,38,0.8720060212102919
28,10,38,0.8356407771585233
26,12,38,NaN
23,15,38,0.3149813444585866
21,17,38,0.0015599480556845872
26,12,38,0.7267509803124766
34,4,38,0.05541601102545278
26,12,38,0.00015911603309798851
21,17,38,0.009451847493898153
31,7,38,0.39064081951093954
21,17,38,NaN
27,11,38,0.2180321792514569
25,13,38,0.22963514921284672
25,13,38,NaN
23,15,38,0.08596717446393809
22,16,38,0.14766029718238274
24,14,38,0.1915429441114098
32,6,38,0.27923371017636817
25,13,38,0.5238679062670301
28,10,38,0.5983272420341859
19,19,38,0.04370689030141423
29,9,38,0.008126970210441814
21,17,38,NaN
22,16,38,0.027209755850271865
29,9,38,0.7582540955828375
31,7,38,0.43116983099757117
19,19,38,0.0018597051720473806
26,12,38,0.6914431924244484
31,7,38,0.01880761644846058
21,17,38,0.9201503055851467
26,12,38,0.00046838960388815426
24,14,38,0.06611573959509347
26,12,38,0.46876369241606414
28,10,38,0.24293162693296422
28,10,38,0.631642957042002
28,10,38,0.8733102078879845
23,15,38,0.927808813496808
20,18,38,0.39064081951093954
27,11,38,0.7478081067090419
23,15,38,0.06644203006708745
26,12,38,0.005969779013764954
32,6,38,0.003668267446153306
17,21,38,0.03794641341295346
21,17,38,NaN
25,13,38,0.6914431924244484
20,18,38,0.9490411065363702
24,14,38,0.45099460537181496
17,21,38,0.44225110174558596
30,8,38,1.812670987818765e-8
30,8,38,1.608456764823901e-5
30,8,38,0.7582540955828375
26,12,38,0.5265628925906157
28,10,38,0.3184078464652321
24,14,38,0.7996022682801525
28,10,38,0.4994966444245364
25,13,38,0.8886935889394204
28,10,38,0.36888935259215605
20,18,38,0.8733102078879845
26,12,38,NaN
27,11,38,0.8120477488685461
21,17,38,0.43116983099757117
25,13,38,0.9597702299516772
22,16,38,0.009707912347300746
27,11,38,0.027794670633698462
26,12,38,0.12850274943229842
25,13,38,0.27923371017636817
27,11,38,0.2180321792514569
29,9,38,0.01389863463638223
30,8,38,NaN
29,9,38,0.47793771766761745
24,14,38,0.9873776790947123
12,26,38,0.5238679062670301
30,8,38,0.09943458759150654
11,27,38,NaN
27,11,38,NaN
27,11,38,3.5172658242684245e-5
22,16,38,0.013634372736722104
26,12,38,0.05735097310840156
21,17,38,0.0016556487818953928
25,13,38,0.14766029718238274
18,20,38,0.17079749860551827
22,16,38,0.8886935889394204
0,38,38,0.39064081951093954
29,8,37,0.1972282663404737
30,7,37,0.8347667581477408
20,17,37,0.24524244003177142
20,17,37,NaN
22,15,37,0.24294460652886596
30,7,37,0.6505728275062779
19,18,37,0.002386077296316151
30,7,37,0.16806732870266622
18,19,37,0.8356407771585233
19,18,37,0.6505728275062779
29,8,37,0.569149748895899
28,9,37,0.0127737418092466
22,15,37,0.19236277848876807
32,5,37,0.786623350458894
22,15,37,0.39064081951093954
28,9,37,0.17264655163294626
19,18,37,0.35291544996872376
29,8,37,8.527719505800986e-9
22,15,37,0.4333653481979653
25,12,37,0.21253717035067515
20,17,37,0.7796876969447605
31,6,37,0.2180321792514569
28,9,37,0.27923371017636817
26,11,37,0.6104096037191906
23,14,37,0.6505728275062779
18,19,37,0.27870456266544297
20,17,37,0.07455391499369704
30,7,37,0.24524244003177142
27,10,37,0.1994843338958164
23,14,37,0.35258453934072187
25,12,37,0.3510988978347291
26,11,37,0.003333971761064009
32,5,37,0.569149748895899
24,13,37,0.27923371017636817
31,6,37,0.15703288483936723
25,12,37,0.001444240015957052
24,13,37,0.027983438302460684
26,11,37,0.2723189257606476
27,10,37,0.0020547117181096944
28,9,37,0.35291544996872376
21,16,37,0.6104096037191906
29,8,37,0.43921332554793197
29,8,37,0.38382005958791077
34,3,37,0.41511487493282856
24,13,37,NaN
27,10,37,0.05735097310840156
29,8,37,0.7267509803124766
23,14,37,0.8930231247989338
28,9,37,0.023583463495265775
22,15,37,0.9154001983687238
28,9,37,NaN
20,17,37,NaN
31,6,37,0.0071420682232409315
25,12,37,4.181390708203571e-6
24,13,37,0.0015285294192039394
24,13,37,6.334488644724316e-7
31,6,37,0.5238679062670301
24,13,37,0.7993597802024413
18,19,37,NaN
24,13,37,0.8120477488685461
26,11,37,0.16806732870266622
29,8,37,0.3973347080271846
17,20,37,0.024633589860765866
33,4,37,0.8733102078879845
25,12,37,NaN
22,15,37,0.02046232655892919
29,8,37,0.32405012819342405
22,15,37,0.10386280003851106
23,14,37,0.10494065707100242
26,11,37,0.4565686298181358
24,13,37,0.45601442429146544
24,13,37,0.6481959356056671
30,7,37,1.1556222461441513e-14
20,17,37,0.021960220642977778
24,13,37,0.09791877015994112
28,9,37,0.8553400459938837
17,20,37,NaN
20,17,37,0.8733102078879845
33,4,37,0.003292552388002024
14,23,37,NaN
17,20,37,0.3149813444585866
25,12,37,0.03794641341295346
22,15,37,0.7582540955828375
22,15,37,0.07397897819448779
25,12,37,0.25018326592098367
25,12,37,0.1465751432334632
22,15,37,0.002862089447820485
25,12,37,0.09943458759150654
25,12,37,0.569149748895899
27,10,37,0.04603565011955554
31,6,37,0.024979424385777767
26,11,37,0.3781628038340069
22,15,37,0.003018768817523291
31,6,37,NaN
23,14,37,0.7097871918743238
26,11,37,0.0023431036412512422
21,16,37,0.569149748895899
24,13,37,3.7238918963289824e-6
27,10,37,0.016314898271010056
22,15,37,0.6539048895087975
25,12,37,0.08596717446393809
29,8,37,0.28197110429404376
27,10,37,0.5238679062670301
23,14,37,0.017802196363838216
18,19,37,NaN
31,6,37,0.9574264943593161
19,18,37,0.30392114153723454
22,15,37,0.16806505866252816
28,9,37,0.011390009389069953
26,11,37,0.47793771766761745
23,14,37,0.9811127762214269
20,17,37,0.5238679062670301
22,15,37,0.6449141637052175
24,13,37,0.5238679062670301
21,16,37,NaN
26,11,37,0.8419985081835657
16,21,37,0.002790442889910591
27,10,37,0.6914431924244484
24,13,37,0.6914431924244484
18,19,37,0.061121652375754947
15,22,37,0.5238679062670301
25,12,37,0.02330432689511345
30,7,37,0.11404401218842061
16,21,37,0.23721625565726448
19,17,36,1.2246267508878254e-6
28,8,36,0.5238679062670301
32,4,36,0.786623350458894
23,13,36,0.43116983099757117
25,11,36,0.1298724704817915
28,8,36,0.9030952226408369
21,15,36,0.8851563760676645
23,13,36,0.5238679062670301
23,13,36,0.3149813444585866
18,18,36,0.017948606829935678
25,11,36,0.6505728275062779
29,7,36,0.698481212235265
27,9,36,0.47793771766761745
18,18,36,0.011648483719935475
24,12,36,0.35291544996872376
22,14,36,0.35542672159903027
25,11,36,0.0743250751822445
24,12,36,NaN
25,11,36,0.35711384072784785
30,6,36,0.39064081951093954
27,9,36,0.5739890428129969
23,13,36,0.5262068611557558
25,11,36,0.882910267398412
21,15,36,0.1981252493779365
28,8,36,0.9708984627809097
13,23,36,0.8733102078879845
25,11,36,0.5991049707843241
25,11,36,0.7694812955536678
25,11,36,4.0385253484014734e-11
26,10,36,NaN
19,17,36,NaN
27,9,36,0.02272987638976439
22,14,36,NaN
21,15,36,0.8648261522812826
13,23,36,NaN
20,16,36,0.4620859063819344
30,6,36,0.5710085869070006
22,14,36,0.5814940512306759
30,6,36,0.04971904546315262
22,14,36,0.04010752512476498
31,5,36,5.417321833637321e-26
19,17,36,3.9960548950263444e-5
21,15,36,0.0369757886530127
11,25,36,NaN
26,10,36,NaN
18,18,36,0.8357182354726234
27,9,36,0.8120477488685461
20,16,36,0.24464742323441582
23,13,36,0.01880761644846058
30,6,36,0.5553435586011645
24,12,36,0.009062307136550504
23,13,36,0.023767853555391415
25,11,36,0.6505728275062779
25,11,36,0.08596717446393809
22,14,36,0.16806732870266622
21,15,36,0.5238679062670301
26,10,36,NaN
17,19,36,0.2916846404609003
22,14,36,0.9574264943593161
28,8,36,0.14766029718238274
21,15,36,0.09432536137916907
21,15,36,0.34090595310275673
20,16,36,0.8615360213242728
25,11,36,0.7178282932618822
23,13,36,0.08200264180404974
30,6,36,0.05787129980228116
28,8,36,0.03755002505945168
31,5,36,0.3016867366457135
24,12,36,6.892776313883098e-9
19,17,36,0.6406034741790448
19,17,36,0.39064081951093954
27,9,36,0.5306098130081229
30,6,36,0.9876784359255399
26,10,36,0.4143989510257894
23,13,36,0.03317022976394289
25,11,36,0.8733102078879845
25,11,36,0.06300956657182648
33,3,36,0.24428311613685458
22,14,36,0.6505728275062779
30,6,36,0.6025686857747419
24,12,36,0.0494455745194533
20,16,36,0.9163216390929619
25,11,36,0.6556158022737991
30,6,36,0.40621440265158876
22,14,36,NaN
24,12,36,0.9711836190363513
27,9,36,0.22839283834241253
26,10,36,0.8716201740223186
24,12,36,1.519437219105541e-6
26,10,36,1.4477407220006967e-6
28,8,36,0.12727974929886837
20,16,36,0.9417868889228287
31,5,36,0.007067030922015641
27,9,36,0.11701918771823439
21,15,36,0.08315847050590605
27,9,36,0.014370523131132209
26,10,36,0.004415467530135323
26,10,36,0.09744467276568682
20,16,36,0.569149748895899
26,10,36,0.8553400459938837
25,11,36,0.6104096037191906
18,18,36,0.0406196905571524
30,6,36,0.00012592610546066703
23,13,36,0.46831059486489934
30,6,36,0.01568809451492595
25,11,36,0.2181220690610368
32,4,36,0.7582540955828375
23,13,36,0.001284145695841365
24,12,36,4.562658683724997e-5
27,9,36,1.884143349531023e-9
32,4,36,0.6104096037191906
22,14,36,0.47655506408451354
22,14,36,0.7947456491402916
22,14,36,0.35291544996872376
24,12,36,0.7486826138959857
28,8,36,0.3149813444585866
31,5,36,0.009636161009353134
30,6,36,0.14766029718238274
19,17,36,0.2180321792514569
21,15,36,5.8211655261587805e-6
24,12,36,0.11404401218842061
17,19,36,0.6914431924244484
26,10,36,3.2623910589904323e-15
22,14,36,1.3425722587044951e-11
25,11,36,0.028886075440067927
22,14,36,0.47793771766761745
22,14,36,0.4745047450686367
16,20,36,0.1176835557913003
22,14,36,0.2088165338587052
19,17,36,0.6342504556854462
25,11,36,0.5238679062670301
23,13,36,0.09191387214385223
28,8,36,0.16425004124513354
22,14,36,0.02199520433764377
29,7,36,0.34761220357298417
28,8,36,0.19236277848876807
16,20,36,0.02297572850527499
27,9,36,NaN
24,12,36,0.30850458025821004
23,13,36,0.5601386327067556
30,6,36,0.35291544996872376
29,7,36,0.9977663231717048
26,10,36,0.09943458759150654
27,9,36,0.3278000441409442
23,13,36,5.7601202106167894e-5
16,20,36,NaN
14,22,36,0.113668712711818
17,19,36,0.8356407771585233
21,15,36,0.9757216246754844
22,14,36,0.9957943881587188
23,13,36,0.5316375412678435
27,9,36,0.04996549424274525
17,19,36,0.11404401218842061
21,15,36,0.08030607948792752
25,11,36,0.6505728275062779
15,21,36,0.02629687812509202
24,12,36,0.12438791922373567
26,10,36,NaN
24,12,36,0.6773509514248109
18,18,36,0.7817087271152079
28,7,35,0.014430507574309462
21,14,35,0.20209020239059258
29,6,35,0.03794641341295346
27,8,35,0.3931896629048796
23,12,35,0.7582540955828375
28,7,35,NaN
23,12,35,0.6104096037191906
19,16,35,0.7182901332110991
25,10,35,0.9030952226408369
24,11,35,0.1298724704817915
20,15,35,0.8733102078879845
25,10,35,0.43116983099757117
18,17,35,0.4947671332661143
22,13,35,0.39064081951093954
27,8,35,0.06611573959509347
23,12,35,0.03317022976394289
20,15,35,0.47793771766761745
30,5,35,0.6104096037191906
24,11,35,0.024979424385777767
23,12,35,0.809457732104256
22,13,35,0.05321653558402334
26,9,35,0.2116214973785848
18,17,35,0.9993792918935489
23,12,35,0.05607562772176608
19,16,35,0.008126970210441814
27,8,35,0.14733907092964157
24,11,35,0.3380219566764408
19,16,35,0.1944271954474024
25,10,35,0.6505728275062779
27,8,35,0.000523678905146906
23,12,35,9.148468839022533e-19
26,9,35,0.00012285420681238738
23,12,35,0.9388397790286686
18,17,35,0.21101139311860784
25,10,35,0.24524244003177142
21,14,35,0.11404401218842061
24,11,35,0.2051832914472554
23,12,35,0.3149813444585866
22,13,35,0.8647007880268124
15,20,35,0.8120477488685461
26,9,35,0.6104096037191906
24,11,35,0.06611573959509347
28,7,35,0.19236277848876807
24,11,35,1.1076825253521426e-8
27,8,35,0.8831475335533902
28,7,35,0.07470550857760336
24,11,35,0.7533282809955695
30,5,35,NaN
19,16,35,NaN
31,4,35,0.927808813496808
28,7,35,0.4911567499601062
24,11,35,0.22458241324578665
23,12,35,0.03794641341295346
29,6,35,7.288057422743132e-5
27,8,35,0.00510469474382052
22,13,35,0.6771894186416864
26,9,35,0.8733102078879845
27,8,35,0.43116983099757117
23,12,35,0.001290026908059383
31,4,35,0.6230639707239964
24,11,35,0.016716098207624673
25,10,35,0.04097195264387107
28,7,35,0.19236277848876807
28,7,35,0.03450067636179364
23,12,35,0.17457431213863583
31,4,35,0.3149813444585866
21,14,35,0.16930590999827722
20,15,35,0.7582540955828375
27,8,35,0.1298724704817915
26,9,35,NaN
23,12,35,0.19236277848876807
19,16,35,0.02420849455198073
26,9,35,NaN
28,7,35,0.037773817061412626
26,9,35,0.0030008301078778407
26,9,35,0.004414033765448185
26,9,35,0.9844981213994081
19,16,35,0.13914220960808654
21,14,35,0.6505728275062779
20,15,35,0.9186581748551437
23,12,35,0.43116983099757117
25,10,35,NaN
25,10,35,NaN
21,14,35,0.8894872790652307
28,7,35,0.39064081951093954
16,19,35,0.5316054445161652
29,6,35,NaN
21,14,35,0.7336089395786086
27,8,35,0.3991002918922058
21,14,35,NaN
25,10,35,NaN
19,16,35,0.4777311359008324
24,11,35,0.542893659653181
29,6,35,0.8393361282664256
26,9,35,0.03582414360891531
21,14,35,9.891946561918303e-5
24,11,35,0.8886935889394204
28,7,35,0.7582540955828375
32,3,35,0.356225653747003
26,9,35,0.3589355334391
20,15,35,8.162422702940242e-5
20,15,35,3.0140646714000045e-6
27,8,35,3.8277259677529764e-5
28,7,35,0.03905915157300472
21,14,35,0.07250991283424543
23,12,35,4.815157693405892e-5
30,5,35,0.8553400459938837
24,11,35,0.3046373675631524
19,16,35,0.0634888394833499
28,7,35,0.19236277848876807
30,5,35,0.9817335446919762
27,8,35,0.1977556222965425
25,10,35,0.27923371017636817
22,13,35,0.5014509919352662
27,8,35,0.1416498128847232
17,18,35,NaN
21,14,35,0.08005145917764003
28,7,35,0.9952837586075667
22,13,35,0.07470550857760336
28,7,35,0.6104096037191906
33,2,35,0.6104096037191906
28,7,35,0.04260633119857238
20,15,35,0.015912914927376804
28,7,35,0.3293454250745546
22,13,35,0.24411139827525505
23,12,35,0.13720864399957322
22,13,35,0.27369177007057516
30,5,35,0.30615382903302757
21,14,35,0.006518892416174077
16,19,35,0.12244298214941945
22,13,35,0.0069761914769390105
8,27,35,0.007484101767442374
27,8,35,0.8376813166979566
24,10,34,0.4416901144042746
21,13,34,NaN
24,10,34,NaN
26,8,34,0.786623350458894
27,7,34,0.8301587603376136
27,7,34,NaN
20,14,34,0.14922885480484338
24,10,34,0.35291544996872376
31,3,34,0.010022867073105632
22,12,34,NaN
21,13,34,NaN
18,16,34,0.927808813496808
22,12,34,0.40881113235932376
18,16,34,0.47793771766761745
26,8,34,2.3853326572264567e-14
25,9,34,0.8120477488685461
27,7,34,0.9733069275158233
26,8,34,0.3508904735204974
26,8,34,0.6505728275062779
24,10,34,0.4991160421078876
27,7,34,0.6104096037191906
26,8,34,0.16806732870266622
22,12,34,0.4224091830489508
22,12,34,0.7562694628978405
24,10,34,0.7609377136742074
20,14,34,2.984981866333694e-6
28,6,34,0.9574264943593161
27,7,34,0.47793771766761745
29,5,34,0.2628786040860414
25,9,34,0.0004309137361991025
24,10,34,0.6914431924244484
21,13,34,NaN
22,12,34,0.6914431924244484
26,8,34,0.755353941330425
22,12,34,0.8733102078879845
18,16,34,0.927808813496808
18,16,34,0.47793771766761745
24,10,34,0.22182974979267248
23,11,34,0.8848355625652738
24,10,34,0.6104096037191906
19,15,34,3.93998820446786e-5
24,10,34,0.27923371017636817
21,13,34,0.17735310799475898
25,9,34,0.3190100710230785
24,10,34,0.7965188419159412
24,10,34,0.6112900264613372
29,5,34,0.1298724704817915
26,8,34,0.01884871335406908
23,11,34,0.6505728275062779
22,12,34,0.17834950867125007
24,10,34,0.07470550857760336
22,12,34,0.47793771766761745
23,11,34,NaN
21,13,34,0.7359251766054129
18,16,34,0.011320444518651268
23,11,34,0.18176477206666744
25,9,34,0.001615416478124687
29,5,34,0.6547530547816921
23,11,34,0.6914431924244484
25,9,34,0.0017772890137520622
29,5,34,0.39064081951093954
24,10,34,0.2180321792514569
16,18,34,0.2180321792514569
29,5,34,0.3845705868927023
26,8,34,0.29629655955831513
15,19,34,0.35560298997368484
22,12,34,0.8886935889394204
25,9,34,0.11404401218842061
21,13,34,0.6061360034034095
28,6,34,0.0028971272581848413
18,16,34,0.7387227303199636
23,11,34,0.09943458759150654
23,11,34,0.24524244003177142
21,13,34,NaN
26,8,34,NaN
22,12,34,0.21889928437678033
16,18,34,0.35291544996872376
25,9,34,0.104001489006683
13,21,34,NaN
23,11,34,0.9574264943593161
16,18,34,0.0008720011597934831
14,20,34,0.023239026699877204
26,8,34,0.43116983099757117
23,11,34,0.5048419449027391
24,10,34,0.7832101001413484
27,7,34,0.04370689030141423
26,8,34,0.04370689030141423
23,11,34,0.13762311168548058
29,5,34,0.27923371017636817
23,11,34,0.1298724704817915
22,12,34,0.03794641341295346
21,13,34,0.9163216390929619
21,13,34,0.1298724704817915
20,14,34,0.3846256271598691
27,7,34,0.08596717446393809
27,7,34,0.8014863301572596
16,18,34,0.47793771766761745
23,11,34,0.447924294040135
20,14,34,0.35291544996872376
24,10,34,0.0935143211259711
15,19,34,0.488223588127451
22,12,34,0.5723478033865719
26,8,34,0.011532985534739066
22,12,34,0.05082739661709108
30,4,34,0.2389566253162466
22,12,34,0.021960220642977778
29,5,34,NaN
25,9,34,0.08596717446393809
17,17,34,NaN
23,11,34,0.8886935889394204
25,9,34,0.9388397790286686
24,10,34,0.022801579877269648
32,2,34,0.3869153390216529
29,5,34,0.0003241484614087314
21,13,34,0.6587908346147244
22,12,34,0.13528224671066874
18,16,34,0.16132064705963103
23,11,34,0.8120477488685461
22,12,34,0.8553400459938837
26,8,34,3.385218360561043e-9
26,8,34,0.27923371017636817
24,10,34,0.06833650301601076
25,9,34,0.40177794535074474
22,12,34,0.6033847583421794
21,13,34,0.17868092002046818
18,16,34,0.05487705090359544
25,9,34,0.6104096037191906
29,5,34,0.6505728275062779
20,14,34,0.5010250475591044
18,16,34,4.9543823958183754e-27
22,12,34,0.6505728275062779
17,17,34,0.36031376485824984
21,13,34,0.6316798676837306
24,10,34,0.00706262229353238
20,14,34,0.08655171336769797
24,10,34,0.002317129168399305
29,5,34,0.29017575349733293
23,11,34,0.6505728275062779
26,8,34,0.19236277848876807
17,17,34,0.6524390373453665
22,12,34,0.8553400459938837
19,15,34,0.6167276926402169
24,10,34,NaN
26,8,34,0.8951975244852564
21,13,34,0.3149813444585866
20,14,34,0.6235842325054772
19,15,34,0.9649170932836378
21,13,34,0.052943807159096905
19,15,34,0.12893564246392505
21,13,34,0.8912946442909502
25,9,34,0.07470550857760336
28,6,34,0.41605758143981575
27,7,34,0.7267509803124766
20,14,34,0.11404401218842061
28,6,34,NaN
25,9,34,0.192268347885567
21,13,34,0.10460724488391619
20,14,34,0.43116983099757117
22,12,34,0.4662889772326178
19,15,34,0.9388397790286686
22,12,34,0.4460487039450372
20,14,34,0.6505728275062779
18,16,34,NaN
21,13,34,0.05735097310840156
21,13,34,0.5238679062670301
23,11,34,0.895278878438409
20,14,34,0.3571729369984557
24,10,34,0.6302057075505743
21,13,34,0.15842667773139518
23,11,34,0.8624022659331372
22,12,34,0.39064081951093954
21,13,34,0.7582540955828375
18,16,34,0.03302103604137982
25,9,34,0.8553400459938837
17,17,34,4.69383637164275e-13
23,11,34,0.0758158430974549
23,11,34,0.47793771766761745
25,9,34,0.8350450258822552
23,11,34,0.6082249542980535
19,15,34,0.0014674752415409496
17,17,34,0.8886935889394204
20,13,33,0.16752486409233308
26,7,33,0.6104096037191906
18,15,33,0.340482788296856
27,6,33,0.2594323268891036
24,9,33,0.569149748895899
23,10,33,0.306172604107671
23,10,33,0.786623350458894
23,10,33,1.498462291266069e-6
25,8,33,0.4357534849431548
23,10,33,0.15341035017483262
24,9,33,0.39064081951093954
19,14,33,0.01537250210992142
20,13,33,0.21250165183378086
17,16,33,0.01880761644846058
17,16,33,NaN
26,7,33,0.2139251911548274
30,3,33,0.01880761644846058
23,10,33,0.9470839064631977
24,9,33,0.0494455745194533
21,12,33,0.3149813444585866
22,11,33,0.0059303767479526774
24,9,33,1.97105751103253e-10
20,13,33,0.39064081951093954
26,7,33,0.9030952226408369
19,14,33,0.0004964096431385244
28,5,33,0.6880751652472807
25,8,33,0.8365477107444697
27,6,33,0.11404401218842061
13,20,33,0.08596717446393809
31,2,33,0.8553400459938837
25,8,33,0.927808813496808
22,11,33,0.06611573959509347
27,6,33,0.0004547450483276262
20,13,33,0.2843415579918925
23,10,33,0.9490411065363702
25,8,33,0.9944136266474382
25,8,33,0.8741469391136231
21,12,33,0.43116983099757117
22,11,33,0.9388397790286686
24,9,33,0.003579386646138677
17,16,33,0.9857264206675347
20,13,33,NaN
23,10,33,0.04823985991420126
30,3,33,0.3716922609845092
8,25,33,NaN
21,12,33,4.419579034532161e-10
22,11,33,0.262789728590792
25,8,33,0.33130136513579594
27,6,33,0.9163216390929619
23,10,33,0.007703035256994536
25,8,33,0.021960220642977778
22,11,33,0.5738645733396459
24,9,33,0.07897223658577864
29,4,33,0.569149748895899
23,10,33,0.6282434764735905
26,7,33,0.05024269401463384
27,6,33,0.07147107681587833
26,7,33,4.464860753933281e-9
21,12,33,0.013712126257744364
16,17,33,0.7267509803124766
25,8,33,0.00010935084112026251
10,23,33,NaN
28,5,33,0.8356407771585233
24,9,33,0.11404401218842061
21,12,33,9.46052769168653e-10
21,12,33,NaN
23,10,33,0.786623350458894
31,2,33,0.23583062137654515
27,6,33,2.2126477434842113e-6
27,6,33,0.3359218714700452
21,12,33,NaN
25,8,33,0.06663526978780421
16,17,33,0.7404739578246131
28,5,33,0.027970185089245304
22,11,33,0.007045289961237507
25,8,33,0.23751946325872808
23,10,33,0.14549337191046094
27,6,33,0.00030928602228262543
26,7,33,0.7267509803124766
26,7,33,0.43116983099757117
19,14,33,0.007083043508954244
23,10,33,0.3149813444585866
23,10,33,0.39829520691364856
24,9,33,0.006756436351777498
15,18,33,0.03857634187079425
27,6,33,0.23914808854416206
21,12,33,0.002451938043855681
22,11,33,2.5493302676748795e-6
16,17,33,0.35291544996872376
23,10,33,0.028886075440067927
25,8,33,0.786623350458894
23,10,33,0.0119893858011075
27,6,33,0.786623350458894
24,9,33,0.3796098301507214
24,9,33,0.8599448233797026
24,9,33,0.017264835981753796
23,10,33,0.7582540955828375
25,8,33,0.850935881781776
19,14,33,0.569149748895899
19,14,33,0.034071779086208585
18,15,33,0.459934789712258
27,6,33,0.06611573959509347
25,8,33,0.5811859225845307
29,4,33,0.007921727754484542
23,10,33,0.1535238301458931
17,16,33,0.6914431924244484
21,12,33,0.39266969609308705
26,7,33,0.06258273552781025
24,9,33,0.03317022976394289
17,16,33,0.5238679062670301
27,6,33,0.00017810178089035355
25,8,33,0.040144669931475835
24,9,33,0.003498929746280723
14,19,33,0.24524244003177142
25,8,33,0.3149813444585866
27,6,33,0.6741241053376478
24,9,33,0.007880543139535021
20,13,33,0.003384326966544083
22,11,33,0.009779873404371923
19,14,33,0.5584487601824157
19,14,33,0.47793771766761745
25,8,33,0.9894656266614458
23,10,33,5.626604081430563e-18
28,5,33,0.2909387354767012
26,7,33,0.23775490787319767
14,19,33,0.47793771766761745
24,9,33,0.7556978411434596
22,11,33,0.0011639569526353697
26,7,33,NaN
29,4,33,0.8356407771585233
19,14,33,0.3149813444585866
25,8,33,0.004715953681301811
22,11,33,0.7096595839713354
27,6,33,0.004654269858502091
29,4,33,NaN
22,11,33,0.0715229744828267
22,11,33,NaN
25,8,33,0.13814695855528175
24,9,33,0.43116983099757117
19,14,33,NaN
20,13,33,0.5238679062670301
24,9,33,1.0739584621379856e-6
21,12,33,0.9900827104104118
27,6,33,0.0475816611072545
20,13,33,0.8356407771585233
26,7,33,NaN
23,10,33,0.11582348322406927
18,15,33,0.5207795698191587
25,8,33,0.05735097310840156
28,5,33,0.0035360939323376655
25,8,33,0.00010207745995600191
19,14,33,0.786623350458894
18,15,33,0.011683918215119457
23,10,33,0.5653623726009963
22,11,33,0.3984102242279074
24,9,33,0.04370689030141423
21,12,33,0.70002410376093
20,13,33,0.0001218751798716561
25,8,33,0.35291544996872376
23,10,33,0.06242002312118676
27,6,33,0.35291544996872376
20,13,33,0.2739325178300225
24,9,33,0.05045295034751473
10,23,33,NaN
26,7,33,0.003940103023904975
15,18,33,0.47793771766761745
19,14,33,0.19236277848876807
18,15,33,0.9376164124347595
25,8,33,0.000139286117744898
27,6,33,0.019816156933121377
11,22,33,0.012088921270974622
25,8,33,0.29735330813690697
19,14,33,NaN
28,5,33,NaN
16,17,33,0.053615443391919794
19,14,33,0.0410169458575411
18,15,33,0.22070415999972068
14,19,33,0.8220798995180966
25,7,32,0.7267509803124766
22,10,32,0.42013414946672634
17,15,32,0.035256788240510345
26,6,32,0.18932157232516858
29,3,32,0.8709202096126
28,4,32,0.6914431924244484
16,16,32,0.001632914354290446
22,10,32,0.20683561022317865
25,7,32,0.0494455745194533
22,10,32,0.10912807864472827
24,8,32,0.7534284481609909
22,10,32,0.40864291597539004
21,11,32,0.1410533766264183
22,10,32,NaN
23,9,32,0.33530102360144665
25,7,32,0.29713765128054276
28,4,32,0.7833052365368723
18,14,32,0.0494455745194533
23,9,32,NaN
16,16,32,0.6104096037191906
24,8,32,0.43116983099757117
22,10,32,0.6734478698316608
24,8,32,0.024979424385777767
23,9,32,0.15108107506198015
28,4,32,0.6104096037191906
21,11,32,0.7267509803124766
19,13,32,0.8553400459938837
26,6,32,0.03317022976394289
26,6,32,0.030786481894124886
27,5,32,0.9975663265144364
19,13,32,0.09534091724513198
24,8,32,0.18412495885117325
22,10,32,0.1253908874723245
24,8,32,0.5238679062670301
25,7,32,0.24524244003177142
26,6,32,0.3149813444585866
19,13,32,0.27915902995412767
26,6,32,0.6080231349062026
24,8,32,0.7013612488469289
17,15,32,0.3149813444585866
21,11,32,0.3149813444585866
16,16,32,0.00424061458871323
22,10,32,0.5622269573775187
13,19,32,0.8777402628603329
22,10,32,0.687303108234878
25,7,32,0.14766029718238274
14,18,32,0.4952297166305814
19,13,32,0.47793771766761745
25,7,32,0.5773058455873221
25,7,32,0.00010150000271028846
22,10,32,NaN
25,7,32,0.8733102078879845
23,9,32,0.9163216390929619
20,12,32,0.00030928602228262543
22,10,32,0.786623350458894
22,10,32,4.5654296401772e-6
20,12,32,0.39064081951093954
24,8,32,0.007782321610847096
24,8,32,0.003367338106169952
25,7,32,0.19626537326024587
24,8,32,0.09943458759150654
24,8,32,0.024979424385777767
17,15,32,0.17693819250309567
23,9,32,0.8120477488685461
24,8,32,0.0013210871204812442
31,1,32,NaN
21,11,32,0.6272347064682485
23,9,32,0.23885948028139628
21,11,32,0.21293511244110183
25,7,32,0.14995428037602984
25,7,32,0.6505728275062779
19,13,32,0.04370689030141423
19,13,32,0.06361773977288258
24,8,32,0.8733102078879845
30,2,32,0.9163216390929619
23,9,32,0.9187894739533579
24,8,32,0.6575648763794938
22,10,32,0.9030952226408369
28,4,32,0.05735097310840156
22,10,32,0.00010368969691908953
21,11,32,NaN
22,10,32,0.8120477488685461
22,10,32,0.7267509803124766
23,9,32,0.47793771766761745
23,9,32,0.01880761644846058
31,1,32,6.703048804689658e-5
24,8,32,0.13845944067729005
28,4,32,0.42032538329052527
25,7,32,0.2180321792514569
16,16,32,0.04370689030141423
19,13,32,NaN
28,4,32,NaN
28,4,32,0.7267509803124766
14,18,32,0.17665593336694874
20,12,32,0.7618602483279737
24,8,32,0.9677886808309822
22,10,32,0.0010103154280246113
22,10,32,0.43116983099757117
19,13,32,0.3127359942750485
21,11,32,0.6505728275062779
21,11,32,0.20404415626156172
23,9,32,0.1298724704817915
26,6,32,0.9233145724296911
18,14,32,0.8886935889394204
22,10,32,0.05231146877405281
16,16,32,NaN
20,12,32,0.21263860223470424
17,15,32,0.5908282957311262
22,10,32,0.14464234867083556
25,7,32,0.927808813496808
25,7,32,0.2232707630435565
23,9,32,0.0005464682716739847
27,5,32,0.06977970577322201
17,15,32,0.6505728275062779
18,14,32,0.47793771766761745
21,11,32,0.08596717446393809
22,10,32,0.39064081951093954
20,12,32,0.569149748895899
19,13,32,0.9574264943593161
25,7,32,0.8562490975423745
19,13,32,0.14766029718238274
23,9,32,0.5238679062670301
18,14,32,0.9253414881438247
22,10,32,4.1065271179123404e-6
25,7,32,0.4293788648339165
26,6,32,0.6104096037191906
24,8,32,0.22299079200382918
22,10,32,0.020049741080416485
18,14,32,0.10444890579023715
19,13,32,0.7582540955828375
16,16,32,0.5245191919552568
25,7,32,0.6505728275062779
21,11,32,0.7267509803124766
24,8,32,0.9590753751704374
20,12,32,0.786623350458894
25,7,32,0.12756177754750322
25,7,32,0.021960220642977778
22,10,32,0.6505728275062779
30,2,32,0.08596717446393809
19,13,32,0.0020547117181096944
22,10,32,0.5073530555139169
23,9,32,0.6104096037191906
19,13,32,0.08316330516629919
21,11,32,0.43116983099757117
24,8,32,0.020250058248217906
22,10,32,0.8772173292823856
26,6,32,0.05272212739474541
19,13,32,0.24524244003177142
22,10,32,0.11325952267132422
23,9,32,NaN
23,9,32,0.7189885635798453
22,10,32,0.9445388616155395
21,11,32,0.00035086523143086407
7,25,32,0.09045117102970913
21,11,32,0.69328390570336
21,11,32,0.27923371017636817
18,14,32,0.8356407771585233
24,8,32,0.8553400459938837
19,13,32,0.0494455745194533
16,16,32,0.33915752724885034
27,5,32,0.08886539694349221
21,11,32,0.03642978119714055
22,10,32,NaN
6,26,32,0.43116983099757117
21,11,32,0.21112268501439
21,11,32,0.3554439375770609
27,5,32,0.43116983099757117
17,15,32,0.3964853320199584
14,18,32,0.569149748895899
23,9,32,0.16806732870266622
20,12,32,0.11966553967779815
17,15,32,0.4467091842047806
24,8,32,0.11404401218842061
22,10,32,0.8281279681667693
23,9,32,0.8886935889394204
0,32,32,NaN
24,7,31,0.6979814411333362
25,6,31,1.6084874506732178e-8
21,10,31,0.43116983099757117
23,8,31,0.3686669367933696
22,9,31,0.3149813444585866
20,11,31,0.4211676641972941
20,11,31,0.927808813496808
24,7,31,0.08941352353043942
18,13,31,2.255458017993781e-8
24,7,31,0.6843611346568995
26,5,31,0.06754380544691489
27,4,31,0.3255828147983917
25,6,31,NaN
16,15,31,0.03618461391077204
22,9,31,0.569149748895899
21,10,31,0.0002299701166156919
16,15,31,0.8059802751919646
24,7,31,0.7267509803124766
24,7,31,0.18412038343688367
20,11,31,0.35291544996872376
29,2,31,0.4161866312279514
26,5,31,0.9649170932836378
23,8,31,0.3149813444585866
25,6,31,0.0757605944826674
22,9,31,0.3149813444585866
24,7,31,0.39064081951093954
19,12,31,0.39064081951093954
13,18,31,0.2180321792514569
27,4,31,0.9711836190363513
25,6,31,0.4994966444245364
26,5,31,0.0494455745194533
24,7,31,7.306699498217907e-14
19,12,31,0.00040100321513155795
26,5,31,0.005750977248364125
26,5,31,0.9490411065363702
19,12,31,0.07470550857760336
23,8,31,0.8120477488685461
23,8,31,0.128053489034345
20,11,31,0.5238679062670301
25,6,31,0.12967647861072845
23,8,31,0.6139464758421552
17,14,31,0.003507800329574747
15,16,31,0.5238679062670301
22,9,31,0.2930958234465476
22,9,31,0.001290026908059383
21,10,31,0.0007177571438504775
26,5,31,0.04356159259578981
23,8,31,0.0486372526053031
21,10,31,0.39064081951093954
21,10,31,0.9030952226408369
19,12,31,0.00014559475827312306
16,15,31,0.004027823920056548
23,8,31,0.4342185296949001
22,9,31,0.08596717446393809
17,14,31,0.927808813496808
13,18,31,0.24524244003177142
23,8,31,NaN
19,12,31,NaN
14,17,31,0.569149748895899
19,12,31,0.7807344916374638
26,5,31,0.8120477488685461
20,11,31,NaN
24,7,31,0.6914431924244484
21,10,31,0.8356407771585233
25,6,31,0.07470550857760336
18,13,31,0.5277513569369194
21,10,31,NaN
23,8,31,0.32547849399674933
27,4,31,0.4806136570467456
18,13,31,0.8733102078879845
18,13,31,0.8318719122899398
21,10,31,0.024707240908717645
18,13,31,0.44841551493561976
18,13,31,0.39064081951093954
21,10,31,0.029024058458289797
19,12,31,0.08636262714398725
12,19,31,0.786623350458894
25,6,31,0.3612000066351205
22,9,31,0.05735097310840156
25,6,31,NaN
21,10,31,0.34761220357298417
16,15,31,0.0009630613861357583
21,10,31,1.6968680058916445e-5
17,14,31,6.759546452902773e-7
17,14,31,0.7641621947776353
21,10,31,2.580212981311379e-5
25,6,31,NaN
17,14,31,0.39064081951093954
18,13,31,0.044479678455075715
24,7,31,0.5238679062670301
26,5,31,0.6165709600421269
22,9,31,0.47793771766761745
24,7,31,0.03797591318205367
18,13,31,NaN
16,15,31,4.436146001415551e-6
26,5,31,0.08940638656868989
27,4,31,0.16806732870266622
21,10,31,0.3871276612859961
16,15,31,0.19236277848876807
17,14,31,0.7582540955828375
23,8,31,0.18264479984357238
20,11,31,0.6104096037191906
19,12,31,0.038963737467815875
17,14,31,0.2049298958364697
28,3,31,0.006943468320448339
17,14,31,7.706894189104437e-5
19,12,31,4.539960285046593e-10
22,9,31,0.8120859630063624
18,13,31,0.21801828562993525
19,12,31,0.42078408044731125
13,18,31,0.6104096037191906
24,7,31,0.05158371192482618
19,12,31,0.062285387889107376
19,12,31,0.780767055581763
27,4,31,0.7893934183703576
21,10,31,0.6914431924244484
23,8,31,0.8356407771585233
26,5,31,0.8886935889394204
15,16,31,0.24524244003177142
17,14,31,0.3804227085499523
25,6,31,0.00767259072085118
20,11,31,0.47793771766761745
24,7,31,0.2180321792514569
23,8,31,0.8288275170208178
19,12,31,0.6104096037191906
26,5,31,0.03162241916014955
13,18,31,0.6104096037191906
25,6,31,0.5242572922090472
20,11,31,0.00015771288611175625
22,9,31,0.09469067632792794
13,18,31,0.18054352035695415
18,13,31,0.9490411065363702
26,5,31,0.8553400459938837
25,6,31,0.2180321792514569
25,6,31,0.74513460441154
20,11,31,0.786623350458894
19,12,31,0.2180321792514569
16,15,31,0.03631304747208017
25,6,31,0.0007453939215793982
18,13,31,0.43116983099757117
21,10,31,NaN
23,8,31,0.03365889304086465
20,11,31,0.1298724704817915
22,9,31,0.6145127819643993
19,12,31,0.569149748895899
21,10,31,0.27455034805659895
26,5,31,0.00356267499994518
22,9,31,0.6862343112465332
24,7,31,0.7582540955828375
20,11,31,0.0010789052445606914
23,8,31,0.9873295017812902
17,14,31,0.0009585328462305891
26,5,31,0.19186952892394854
19,12,31,0.04008780744764414
24,7,31,0.7582540955828375
15,16,31,0.7267509803124766
19,12,31,0.6914431924244484
25,6,31,0.007228814128772408
23,8,31,0.19236277848876807
19,12,31,0.1429946832586164
17,14,31,0.8886935889394204
25,6,31,0.16825612904089518
19,12,31,0.4169685111845706
21,10,31,NaN
23,8,31,0.17157658542633555
19,12,31,0.854256739830431
16,15,31,0.27191562323823354
15,16,31,0.5238679062670301
20,11,31,0.38186776163156705
21,10,31,0.08596717446393809
18,13,31,0.0005891266211071069
20,11,31,0.000781117483155133
15,16,31,0.8149553954080702
16,15,31,0.569149748895899
21,10,31,0.5238679062670301
9,22,31,0.7267509803124766
17,14,31,0.4715240799213216
13,18,31,0.34518366315953075
21,10,31,0.5295659969212783
16,15,31,0.065192788682676
13,18,31,0.7582540955828375
14,17,31,0.41389364271846923
17,14,31,0.41950548711722313
19,12,31,0.06611573959509347
5,26,31,NaN
22,8,30,0.03821886475300034
18,12,30,0.24524244003177142
16,14,30,0.786623350458894
24,6,30,0.08596717446393809
17,13,30,0.8733102078879845
18,12,30,0.569149748895899
23,7,30,0.13720864399957322
20,10,30,0.14766029718238274
24,6,30,9.423709627735178e-14
19,11,30,0.2517585689369683
30,0,30,NaN
18,12,30,NaN
26,4,30,3.5663416177020443e-6
18,12,30,0.24524244003177142
23,7,30,0.5160028450682882
24,6,30,0.7640362080403491
25,5,30,0.872647719531958
21,9,30,0.4837740741754331
17,13,30,0.709595326003584
24,6,30,0.02023257076090796
20,10,30,0.9711836190363513
25,5,30,0.002540474563841239
21,9,30,0.08596717446393809
29,1,30,0.07470550857760336
22,8,30,0.11404401218842061
20,10,30,0.6505728275062779
26,4,30,0.9030952226408369
21,9,30,0.5338179121576556
21,9,30,0.7582540955828375
24,6,30,0.3321268220107492
25,5,30,0.8419374550221659
23,7,30,0.2180321792514569
11,19,30,0.16806732870266622
16,14,30,0.012526317760540973
24,6,30,0.6505728275062779
22,8,30,0.9999996001813158
18,12,30,5.122174259591953e-5
15,15,30,0.658828320086202
20,10,30,0.2180321792514569
17,13,30,0.9392116541194482
25,5,30,0.6289255455308421
14,16,30,0.7496528586820598
18,12,30,0.15581448821811866
17,13,30,0.47793771766761745
20,10,30,0.3463236287652538
19,11,30,0.6914431924244484
18,12,30,0.6505728275062779
13,17,30,0.5238679062670301
17,13,30,0.6104096037191906
20,10,30,0.0002785551176244392
20,10,30,0.7582540955828375
23,7,30,0.2093414727687176
20,10,30,0.5799167738850397
20,10,30,0.47793771766761745
15,15,30,0.6505728275062779
21,9,30,0.07019949981212667
24,6,30,0.5034281007488016
22,8,30,0.8693659103480473
20,10,30,0.27923371017636817
25,5,30,0.27923371017636817
13,17,30,0.021960220642977778
19,11,30,0.5974065307662478
22,8,30,0.1955114354155344
19,11,30,0.002515118661294435
18,12,30,0.8310164619499383
27,3,30,0.7522391036550746
21,9,30,0.01585695029855159
24,6,30,0.600450870138093
19,11,30,0.001072552325130898
25,5,30,0.8886935889394204
23,7,30,0.5238679062670301
15,15,30,NaN
26,4,30,NaN
15,15,30,0.9500964739288349
19,11,30,0.2056225560662034
25,5,30,0.16806732870266622
21,9,30,0.028886075440067927
25,5,30,0.01304202532599163
20,10,30,0.6104096037191906
18,12,30,0.7267509803124766
13,17,30,NaN
24,6,30,0.342228462236381
16,14,30,0.9163216390929619
19,11,30,0.39064081951093954
21,9,30,0.27923371017636817
25,5,30,0.00015499005091417658
21,9,30,0.010765891198031884
22,8,30,0.510550918834245
22,8,30,0.6505728275062779
16,14,30,0.9574264943593161
21,9,30,0.00011608275608745525
22,8,30,0.9197711921160525
22,8,30,0.10451795417223111
23,7,30,0.028886075440067927
22,8,30,0.3039894224468805
22,8,30,0.7582540955828375
15,15,30,0.01716605543829782
22,8,30,0.9769088029927667
22,8,30,0.27720909473170413
23,7,30,0.08329617909428062
20,10,30,0.00424248703403857
15,15,30,0.05482873170835122
22,8,30,0.016314898271010056
20,10,30,0.002494430625796547
24,6,30,0.27923371017636817
16,14,30,0.0006502975010850544
19,11,30,0.927808813496808
22,8,30,0.005262279037284714
16,14,30,0.3149813444585866
21,9,30,0.569149748895899
11,19,30,0.6104096037191906
20,10,30,0.5881582258853283
19,11,30,2.0837343114121828e-9
20,10,30,0.9490411065363702
25,5,30,0.47793771766761745
21,9,30,0.6914431924244484
22,8,30,8.444600178703441e-9
21,9,30,NaN
15,15,30,0.6001710911719581
20,10,30,0.0011798948301528116
22,8,30,3.0714805073857847e-12
20,10,30,0.1351638932826638
25,5,30,0.7582540955828375
23,7,30,0.07464891766559492
20,10,30,0.2180321792514569
26,4,30,0.4182881678320993
21,9,30,0.43116983099757117
14,16,30,0.43116983099757117
19,11,30,0.017769559792989907
26,4,30,0.005325968606604698
21,9,30,0.04445366945029399
20,10,30,0.48725471360049555
25,5,30,0.6615749407402861
22,8,30,0.3966973669309761
23,7,30,0.00429512986435641
21,9,30,0.11404401218842061
21,9,30,0.026805123141895912
21,9,30,0.27923371017636817
28,2,30,0.35291544996872376
20,10,30,0.0005867185585263997
22,8,30,0.43116983099757117
24,6,30,0.003671542059578491
15,15,30,0.1599237375769595
16,14,30,0.5238679062670301
21,9,30,0.9871017532303915
25,5,30,0.2913160389672045
25,5,30,0.43116983099757117
22,8,30,0.09445948344357818
19,11,30,0.4826308021833172
22,8,30,0.08513733751567261
24,6,30,0.06611573959509347
26,4,30,NaN
18,12,30,0.4129210572381568
21,9,30,0.47793771766761745
15,15,30,9.255230387004972e-5
15,15,30,0.17826507996785776
27,3,30,0.3208492733396589
13,17,30,0.24524244003177142
13,17,30,NaN
18,12,30,0.39064081951093954
17,13,30,NaN
18,12,30,0.08596717446393809
22,8,30,4.235763116550401e-6
16,14,30,0.06611573959509347
20,10,30,0.09962888526441416
22,8,30,0.3379466134475343
11,19,30,0.29927437701074955
20,10,30,0.003332450050382286
18,12,30,0.3149813444585866
17,13,30,7.334015057304515e-9
22,8,30,0.01389863463638223
16,14,30,0.5753791351149288
20,10,30,9.286905596872592e-5
20,10,30,0.43116983099757117
17,13,30,0.5238679062670301
20,10,30,0.9163216390929619
24,6,30,0.27923371017636817
21,9,30,0.0494455745194533
16,14,30,0.011274202153479018
20,10,30,0.9318646517798973
16,14,30,0.9030952226408369
22,8,30,0.0014335281951541835
15,15,30,0.38120040655300724
21,9,30,0.36244928526211806
22,8,30,0.8886935889394204
23,7,30,0.14766029718238274
22,8,30,0.927808813496808
21,9,30,0.05735097310840156
13,17,30,0.39064081951093954
16,14,30,0.667650893503322
22,8,30,0.5263334269238956
20,10,30,0.6505728275062779
18,12,30,0.0003852632834136741
21,9,30,0.11404401218842061
20,10,30,NaN
26,4,30,0.16806732870266622
18,12,30,0.6066464034012516
20,10,30,0.08596717446393809
20,10,30,0.8553400459938837
19,11,30,0.00034331120160633244
20,10,30,0.3149813444585866
15,15,30,0.08596717446393809
18,12,30,0.06846923668517754
20,10,30,0.8120477488685461
20,10,30,0.39064081951093954
19,11,30,0.6581234077889652
24,6,30,0.8316205917110703
11,19,30,0.05519842588798306
14,16,30,0.005318546716225323
24,6,30,0.3036810383810461
12,18,30,0.19198514339938025
19,11,30,0.786623350458894
19,11,30,0.012817819434302425
14,16,30,0.41970700005396155
20,10,30,1.4530590976338516e-10
20,9,29,0.7717649933187941
23,6,29,0.08335606071331027
20,9,29,0.24524244003177142
22,7,29,0.1874838843188349
21,8,29,0.0009404511219783167
26,3,29,0.00444317316176167
29,0,29,NaN
21,8,29,0.6104096037191906
23,6,29,0.07470550857760336
18,11,29,0.1476019081064549
20,9,29,0.44750959375483534
15,14,29,0.9820730037014942
21,8,29,0.2198291349872236
18,11,29,0.03794641341295346
16,13,29,0.18788095293422222
21,8,29,0.07594661815168838
27,2,29,0.24338462052666024
25,4,29,0.927808813496808
24,5,29,0.39064081951093954
21,8,29,0.5238679062670301
13,16,29,0.7267509803124766
18,11,29,0.03996474753214043
24,5,29,0.927808813496808
20,9,29,0.03512079811005851
18,11,29,0.010131876037282586
13,16,29,0.2961826741806151
20,9,29,0.0010686252234919633
21,8,29,0.7582540955828375
16,13,29,0.0011348667356105707
17,12,29,0.011532985534739066
22,7,29,0.9420981889230496
20,9,29,0.40251633061569947
19,10,29,0.9857264206675347
23,6,29,0.6914431924244484
25,4,29,0.6641869792704455
23,6,29,0.8049266366749928
25,4,29,0.786623350458894
22,7,29,0.21789723100099276
24,5,29,0.04306214895045103
19,10,29,0.569149748895899
25,4,29,0.8120477488685461
27,2,29,0.0494455745194533
14,15,29,0.8360641133422532
15,14,29,0.1298724704817915
13,16,29,1.1826496403234555e-11
17,12,29,0.6104096037191906
19,10,29,0.001406892302278777
24,5,29,0.6914431924244484
20,9,29,0.03794641341295346
14,15,29,0.7223808654393404
21,8,29,0.9490411065363702
19,10,29,0.17554556086376574
20,9,29,0.21801828562993525
20,9,29,0.015386599197838085
22,7,29,0.19236277848876807
24,5,29,0.6914431924244484
20,9,29,0.00031661081035655355
21,8,29,NaN
15,14,29,NaN
24,5,29,0.11404401218842061
23,6,29,0.6970278470084447
21,8,29,0.11404401218842061
22,7,29,0.0494455745194533
24,5,29,0.0896682391540499
28,1,29,0.8733102078879845
18,11,29,0.061748758280145595
24,5,29,0.14766029718238274
21,8,29,0.006451950508384332
18,11,29,0.194916781989927
14,15,29,0.9894656266614458
22,7,29,0.0494455745194533
25,4,29,0.8886935889394204
21,8,29,0.10251979307445384
24,5,29,0.2767478372475271
22,7,29,0.00012053752175999499
24,5,29,0.06611573959509347
20,9,29,0.39064081951093954
21,8,29,0.5630166139379108
20,9,29,0.7844388966181169
17,12,29,0.47793771766761745
20,9,29,0.9388397790286686
23,6,29,0.7000605000027735
18,11,29,0.3878658771163968
23,6,29,0.3845705868927023
20,9,29,0.002341120706278806
20,9,29,0.9490411065363702
20,9,29,0.08596717446393809
19,10,29,0.3684117106497717
20,9,29,0.09943458759150654
19,10,29,0.569149748895899
15,14,29,0.02201933528522306
23,6,29,0.786623350458894
26,3,29,0.05399672881197043
13,16,29,0.6505728275062779
16,13,29,0.2054604714829756
21,8,29,0.028886075440067927
20,9,29,0.21038518966865968
21,8,29,0.7267509803124766
24,5,29,0.1535238301458931
21,8,29,0.7582540955828375
17,12,29,0.07470550857760336
13,16,29,0.2542376970831104
22,7,29,5.468384629653413e-5
17,12,29,0.11677372445145498
22,7,29,0.6000288125552982
23,6,29,0.8733102078879845
19,10,29,0.01368579112874161
11,18,29,0.18233696802160865
20,9,29,0.569149748895899
21,8,29,0.0010082123504906381
21,8,29,0.614666099200814
19,10,29,0.7891699805834256
20,9,29,0.6764193009540613
25,4,29,0.927808813496808
17,12,29,0.9490411065363702
17,12,29,0.2767179826420143
17,12,29,0.1298724704817915
23,6,29,0.021960220642977778
19,10,29,0.10691993090950501
23,6,29,0.7267509803124766
16,13,29,NaN
25,4,29,0.7582540955828375
20,9,29,NaN
24,5,29,0.6914431924244484
20,9,29,0.03876496707735809
16,13,29,0.39064081951093954
23,6,29,0.3399317954751388
19,10,29,0.322308947757932
24,5,29,0.5735840659320418
15,14,29,0.7582540955828375
22,7,29,0.8737285661576628
20,9,29,0.49346118357604196
22,7,29,0.5814185744542766
22,7,29,2.2478132341455904e-6
20,9,29,0.7582540955828375
13,16,29,0.8803805127111343
21,8,29,0.08954109100586255
16,13,29,0.06370157783544687
20,9,29,0.412065519967622
20,9,29,0.007110959647739414
22,7,29,0.786623350458894
16,13,29,0.0008917513181677782
16,13,29,1.1132367310138036e-7
13,16,29,NaN
23,6,29,0.1298724704817915
23,6,29,0.11404401218842061
18,11,29,0.05628451200613584
22,7,29,0.735929631454859
19,10,29,0.026745232174587432
17,12,29,NaN
23,6,29,0.43094840861985045
24,5,29,0.3149813444585866
19,10,29,0.24524244003177142
25,4,29,0.04457859526827078
13,16,29,NaN
21,8,29,0.7267509803124766
20,9,29,NaN
24,5,29,4.755705694610105e-5
20,9,29,0.6419476415593415
20,9,29,0.27923371017636817
21,8,29,0.00011109207696962062
12,17,29,0.5378992680453923
16,13,29,0.5238679062670301
21,8,29,0.09038971865096361
22,7,29,0.08211364647077032
17,12,29,0.028886075440067927
14,15,29,0.1857574106433981
12,17,29,0.514780104174374
24,5,29,0.24524244003177142
24,5,29,NaN
16,13,29,0.0023325865830169505
19,10,29,1.0638667839247802e-6
18,11,29,0.3986596068529624
21,8,29,0.22372036655880298
17,12,29,2.2033487002942618e-11
22,7,29,0.0042409726829504895
19,10,29,0.005717451181283633
19,10,29,0.15082841860330473
16,13,29,0.341410248795003
23,6,29,0.47793771766761745
24,5,29,NaN
16,13,29,0.16806732870266622
26,3,29,0.05691639148768639
9,20,29,NaN
12,17,29,0.24524244003177142
19,10,29,NaN
26,3,29,0.05618603772204769
26,3,29,0.6005077193044667
23,6,29,0.7670712327899869
24,5,29,0.0604091415605203
18,11,29,0.1632341564709179
16,13,29,0.6155603947037318
18,11,29,0.07470550857760336
15,14,29,0.08702966340594118
14,15,29,0.7535701946819345
20,9,29,0.9490411065363702
17,12,29,0.00041914988244956937
22,7,29,0.48257831229426656
22,7,29,4.275046747220944e-6
22,7,29,0.00011249547843523377
21,8,29,0.1895254016891324
19,10,29,0.24524244003177142
15,14,29,0.35331188713520073
18,11,29,0.9499501694970821
18,11,29,0.24924498471286638
19,10,29,0.47793771766761745
19,10,29,0.7267509803124766
13,16,29,0.7582540955828375
18,11,29,0.43116983099757117
11,18,29,0.9030952226408369
20,9,29,NaN
23,6,29,5.106017269999198e-10
14,15,29,0.6833758768314452
19,10,29,0.18899437434520078
20,9,29,0.02681846979740832
18,11,29,0.002085221153355066
16,13,29,NaN
18,11,29,0.6104096037191906
25,4,29,0.05735097310840156
23,6,29,0.06630019816705905
24,5,29,0.011940675348913424
16,13,29,0.2111824015734766
11,18,29,NaN
19,10,29,0.3718553552834124
23,6,29,0.7379510684097156
17,12,29,0.9710958477637861
20,9,29,0.786623350458894
19,10,29,0.11404401218842061
22,7,29,0.0004947725474043278
18,11,29,0.16806732870266622
22,7,29,7.122138165636035e-7
18,11,29,0.8001768301323084
21,8,29,8.449354203125533e-5
22,7,29,0.48026817487152107
16,13,29,NaN
19,10,29,0.013395131360961985
13,16,29,0.1718120487076102
20,9,29,0.5238679062670301
18,11,29,0.27923371017636817
19,10,29,7.109947588516457e-11
24,5,29,0.009975527338728685
17,12,29,0.9992561495245676
18,11,29,0.024707240908717645
17,12,29,0.27923371017636817
21,8,29,0.5238679062670301
15,14,29,0.04370689030141423
4,25,29,NaN
16,13,29,0.10392937583696027
20,9,29,0.47793771766761745
0,29,29,0.8553400459938837
0,29,29,NaN
21,7,28,0.05682570339684898
24,4,28,0.01389863463638223
22,6,28,0.038751649178293573
18,10,28,0.3353861776255602
21,7,28,0.3518037758840958
19,9,28,0.059687611740210714
21,7,28,0.1813060059573726
22,6,28,0.23467651380312426
21,7,28,0.11404401218842061
16,12,28,0.03697931026753441
24,4,28,0.16806732870266622
20,8,28,0.8537053619441506
17,11,28,0.1298724704817915
17,11,28,0.05614500584030579
12,16,28,0.37919239535013843
20,8,28,0.3761245419307974
18,10,28,0.05308938126690684
14,14,28,0.08909134949678237
20,8,28,0.8790078775122278
23,5,28,0.11495245185604208
18,10,28,0.30048697405612546
22,6,28,0.6845471502257279
27,1,28,0.976413425292083
19,9,28,NaN
24,4,28,0.7582540955828375
20,8,28,0.1298724704817915
18,10,28,NaN
15,13,28,0.5161124902917397
21,7,28,0.17770316752772874
13,15,28,0.39064081951093954
19,9,28,0.01880761644846058
20,8,28,0.8553400459938837
16,12,28,0.41540163919411166
18,10,28,0.4563323579061191
21,7,28,0.7492066249863193
19,9,28,0.11404401218842061
19,9,28,0.0003333256188124994
27,1,28,0.5427749298056341
17,11,28,0.6104096037191906
18,10,28,0.7267509803124766
17,11,28,0.24877854166632626
20,8,28,0.9975663265144364
20,8,28,0.786623350458894
21,7,28,0.7267509803124766
17,11,28,NaN
13,15,28,NaN
16,12,28,3.879588246503555e-5
10,18,28,0.08428291342706595
14,14,28,0.0644350487419363
20,8,28,0.49548445657839474
21,7,28,0.04370689030141423
20,8,28,0.03961949404410786
21,7,28,0.6505728275062779
22,6,28,0.19236277848876807
19,9,28,0.9453302951606364
16,12,28,0.11404401218842061
24,4,28,0.5238679062670301
18,10,28,0.3478972134410771
14,14,28,0.0002980739332989629
24,4,28,0.23998434548551473
21,7,28,0.001624114442948408
24,4,28,0.786623350458894
12,16,28,0.9574264943593161
19,9,28,0.48722336253522947
23,5,28,NaN
16,12,28,0.7405024985889217
17,11,28,0.1385989238375786
24,4,28,0.7582540955828375
17,11,28,0.9964911883827735
21,7,28,0.35291544996872376
14,14,28,0.09224943786131173
19,9,28,0.15771422919830375
16,12,28,0.3087676206840262
20,8,28,0.27923371017636817
21,7,28,0.7772315570635925
16,12,28,0.16006923637461035
20,8,28,0.08596717446393809
28,0,28,0.7983781391030823
18,10,28,0.7582540955828375
18,10,28,0.1854137792993142
23,5,28,NaN
22,6,28,0.8356407771585233
18,10,28,NaN
15,13,28,0.07470550857760336
17,11,28,0.6505728275062779
18,10,28,0.015660833290503374
19,9,28,0.569149748895899
18,10,28,0.011279245221969067
23,5,28,0.4751143985295658
21,7,28,0.0027678426632977353
17,11,28,0.569149748895899
21,7,28,0.1967328832053469
15,13,28,0.569149748895899
19,9,28,0.1298724704817915
20,8,28,0.3149813444585866
16,12,28,9.710183378550814e-6
21,7,28,0.18781806810524965
18,10,28,NaN
21,7,28,1.3347005740073091e-6
18,10,28,0.06373980375872917
21,7,28,0.8120477488685461
17,11,28,0.1403433999717934
22,6,28,0.6104096037191906
23,5,28,0.5238679062670301
26,2,28,0.8120477488685461
13,15,28,0.06611573959509347
21,7,28,NaN
20,8,28,0.8356407771585233
20,8,28,0.5246866660394404
20,8,28,NaN
22,6,28,0.9649170932836378
25,3,28,0.976413425292083
18,10,28,0.39064081951093954
25,3,28,0.0013612935428160553
26,2,28,0.03338742949107979
25,3,28,0.21993698388149333
15,13,28,0.4994966444245364
19,9,28,0.928230156934323
19,9,28,0.27923371017636817
18,10,28,NaN
14,14,28,0.5999526748847857
25,3,28,0.0010131158904252656
24,4,28,0.6074673289068107
18,10,28,NaN
20,8,28,0.9030952226408369
22,6,28,0.5938914747864221
19,9,28,0.01158826867549933
22,6,28,0.8200323745608656
23,5,28,0.43116983099757117
17,11,28,0.24524244003177142
12,16,28,NaN
16,12,28,0.08596717446393809
18,10,28,0.2949613779940595
18,10,28,0.46661684489991384
11,17,28,0.7720777749211799
21,7,28,0.35291544996872376
21,7,28,0.8120477488685461
23,5,28,0.08685213375699144
19,9,28,0.006558886409566265
18,10,28,NaN
22,6,28,0.08596717446393809
25,3,28,0.297673924730661
19,9,28,0.7359024161248603
17,11,28,0.17168747634674655
15,13,28,NaN
18,10,28,0.6505728275062779
14,14,28,0.37769676934086016
12,16,28,0.27923371017636817
19,9,28,0.7267509803124766
19,9,28,0.9207896196354726
25,3,28,0.28471031313202666
19,9,28,0.07470550857760336
13,15,28,0.8620360028278322
22,6,28,0.021960220642977778
19,9,28,0.019421179507279392
15,13,28,0.0029792793147789126
21,7,28,0.5238679062670301
15,13,28,0.962834179068287
19,9,28,0.5874950280192738
15,13,28,0.5657497886937495
18,10,28,NaN
16,12,28,0.3149813444585866
19,9,28,0.028886075440067927
23,5,28,0.00809951138419477
20,8,28,NaN
17,11,28,0.6104096037191906
19,9,28,0.07922415044358874
20,8,28,0.34761220357298417
22,6,28,0.8733102078879845
24,4,28,0.016314898271010056
15,13,28,0.39064081951093954
23,5,28,NaN
19,9,28,0.7582540955828375
20,8,28,0.6171684938164347
21,7,28,6.9908127314248e-5
13,15,28,0.6104096037191906
17,11,28,0.046475473144705806
17,11,28,0.0494455745194533
24,4,28,0.005683833276154068
19,9,28,0.026498915120765902
18,10,28,NaN
19,9,28,0.021960220642977778
20,8,28,0.5711545348677339
18,10,28,0.754849212675362
18,10,28,0.0494455745194533
23,5,28,0.20402678523788345
17,11,28,0.6628754651484838
21,7,28,1.955461275064713e-8
20,8,28,0.023734728000790625
18,10,28,0.013852388665336928
16,12,28,0.5238679062670301
23,5,28,2.767908617323565e-5
16,12,28,0.5639597379516316
14,14,28,0.298085208124839
21,7,28,0.7878498711946279
17,11,28,0.013468332291462565
21,7,28,0.6914431924244484
17,11,28,0.576770703907187
25,3,28,0.7718834732979032
22,6,28,0.6914431924244484
13,15,28,0.8886935889394204
15,13,28,0.6293150791863887
15,13,28,0.786623350458894
17,11,28,0.39064081951093954
20,8,28,NaN
14,14,28,0.04551470590270447
22,6,28,0.09807940661457272
19,9,28,0.39064081951093954
19,9,28,0.09943458759150654
15,13,28,0.43116983099757117
14,14,28,0.03084514459526964
21,7,28,0.9369541353486156
19,9,28,0.8120477488685461
17,11,28,0.024979424385777767
17,11,28,0.8795612281561821
17,11,28,0.11404401218842061
14,14,28,0.9030952226408369
22,6,28,0.0032478137681984263
14,14,28,0.6426117173380109
13,15,28,0.569149748895899
19,9,28,0.59866815648169
13,15,28,0.15385414083975474
21,7,28,0.04053714815399294
12,16,28,0.07144301127571027
20,8,28,0.03333033114510992
14,14,28,NaN
20,8,28,0.569149748895899
18,10,28,0.06620812305438166
19,9,28,0.748486475949648
12,16,28,0.927808813496808
17,11,28,0.06288978661407628
22,6,28,0.3680514013859315
14,14,28,0.8356407771585233
17,11,28,0.0289617662634879
20,8,28,0.6279961160158345
15,13,28,0.03794641341295346
13,15,28,0.024979424385777767
15,13,28,0.569149748895899
13,15,28,0.01752146496752668
24,4,28,0.08596717446393809
9,19,28,0.33395816904874165
15,13,28,0.3012880093151865
22,5,27,0.8120477488685461
21,6,27,0.9490411065363702
19,8,27,0.7495169234697725
19,8,27,0.6273751681844424
15,12,27,0.6685806057799846
16,11,27,0.8344435384292775
22,5,27,0.4000801055241669
15,12,27,0.6104096037191906
21,6,27,0.6104096037191906
21,6,27,0.07470550857760336
19,8,27,NaN
22,5,27,0.14766029718238274
23,4,27,0.698481212235265
19,8,27,0.005043121192482222
21,6,27,0.8715474304555039
18,9,27,0.43116983099757117
15,12,27,0.9030952226408369
14,13,27,0.7582540955828375
19,8,27,0.7582540955828375
20,7,27,0.0494455745194533
17,10,27,0.000993210403031361
19,8,27,0.45086417053775407
21,6,27,0.16806732870266622
16,11,27,NaN
15,12,27,0.9784831952815981
17,10,27,0.0494455745194533
14,13,27,0.43116983099757117
21,6,27,0.00011109207696962062
22,5,27,0.43116983099757117
23,4,27,0.440557922050337
22,5,27,0.27923371017636817
19,8,27,0.12949271193010106
13,14,27,0.569149748895899
18,9,27,0.07982248965360123
20,7,27,8.448131773081476e-7
16,11,27,0.569149748895899
23,4,27,0.045618400190819995
20,7,27,7.40536890266948e-8
17,10,27,NaN
26,1,27,0.4160323784122075
14,13,27,0.26567225833940067
19,8,27,0.3567083845373092
20,7,27,0.6104096037191906
18,9,27,0.26290426196731564
12,15,27,0.9030952226408369
17,10,27,0.0041098896001649995
14,13,27,NaN
17,10,27,0.44667081054286434
17,10,27,0.7639090111232705
20,7,27,0.10160694969434013
21,6,27,0.44324923276638845
22,5,27,0.005043121192482222
19,8,27,0.8539423423713562
23,4,27,0.01608823782511317
18,9,27,0.0024513661337999715
20,7,27,0.03317022976394289
17,10,27,0.27923371017636817
15,12,27,0.0019484129084920239
13,14,27,0.5238679062670301
17,10,27,0.5238679062670301
20,7,27,0.3333183231756706
24,3,27,0.7582540955828375
14,13,27,NaN
21,6,27,0.7468263446827387
17,10,27,0.23720303557767164
20,7,27,0.005682931542566675
18,9,27,0.06594546648588448
21,6,27,4.2743898313251755e-7
18,9,27,0.35291544996872376
21,6,27,0.5915722002000079
21,6,27,0.0739986198755672
22,5,27,0.11404401218842061
20,7,27,0.35433818572372294
17,10,27,0.5238679062670301
22,5,27,0.8768304190127963
19,8,27,0.6505728275062779
18,9,27,0.6914431924244484
15,12,27,0.3671922668732308
16,11,27,NaN
22,5,27,1.0907199553297507e-7
20,7,27,0.14766029718238274
22,5,27,0.1298724704817915
18,9,27,0.28346050699032976
17,10,27,0.26825305018098394
16,11,27,0.786623350458894
22,5,27,0.6104096037191906
17,10,27,0.7978276763923389
16,11,27,0.927808813496808
20,7,27,0.6270834104820613
19,8,27,0.01510077367814519
23,4,27,0.017740639657955685
19,8,27,0.09943458759150654
20,7,27,0.020930879809963377
13,14,27,0.43116983099757117
15,12,27,0.05143047865041352
21,6,27,0.0494455745194533
21,6,27,0.40057686224618433
17,10,27,0.0010397688212229752
22,5,27,0.27923371017636817
22,5,27,0.27923371017636817
21,6,27,3.163826712019192e-6
22,5,27,0.23894355904171577
15,12,27,0.7965188419159412
19,8,27,0.7310724205454222
20,7,27,0.1298724704817915
17,10,27,0.8553400459938837
15,12,27,0.8120477488685461
21,6,27,0.7582540955828375
15,12,27,0.05674659712594095
20,7,27,0.011532985534739066
13,14,27,0.3149813444585866
19,8,27,0.11404401218842061
20,7,27,4.6330459903022626e-5
21,6,27,0.26315971143606204
20,7,27,0.5518230716037433
16,11,27,0.0494455745194533
20,7,27,0.9388397790286686
21,6,27,0.10635849460651928
13,14,27,0.8553400459938837
23,4,27,0.08875667123821913
18,9,27,0.0010515858899332318
20,7,27,0.004147499826987915
21,6,27,0.47793771766761745
23,4,27,0.6124850666781179
21,6,27,0.6505728275062779
18,9,27,0.017933258106063537
18,9,27,9.794746461760372e-7
16,11,27,0.8477785922136382
19,8,27,0.00013542545503155069
16,11,27,0.19457107808319668
24,3,27,0.7866570460180823
22,5,27,0.04190008291118024
13,14,27,0.7753547394313652
17,10,27,0.27923371017636817
24,3,27,0.04283515320054583
19,8,27,0.9490411065363702
18,9,27,3.6210514139884275e-6
14,13,27,0.18239930233194862
16,11,27,NaN
17,10,27,0.70177300707852
23,4,27,0.8553400459938837
12,15,27,0.4209913144681212
21,6,27,0.39064081951093954
16,11,27,0.6665681462294304
18,9,27,0.001382000381885569
18,9,27,0.31465409776500114
19,8,27,0.15495457881038363
16,11,27,0.3241628852260824
9,18,27,0.07461297444210133
17,10,27,0.39064081951093954
14,13,27,0.03317022976394289
19,8,27,0.786623350458894
16,11,27,0.2625025281838719
24,3,27,0.15641210033651057
19,8,27,0.03699091267857888
14,13,27,NaN
14,13,27,0.0012422638639423846
23,4,27,0.15384676417547805
16,11,27,0.5238679062670301
19,8,27,0.7582540955828375
20,7,27,0.8443080503972791
16,11,27,0.3248700105297678
20,7,27,0.43116983099757117
17,10,27,0.08596717446393809
18,9,27,0.8095968648869089
19,8,27,0.7267509803124766
17,10,27,0.07470550857760336
21,6,27,0.05689424360939412
21,6,27,0.008126970210441814
16,11,27,0.5492931529835141
18,9,27,0.569149748895899
18,9,27,0.021960220642977778
20,7,27,0.0262512281788443
19,8,27,0.0042994101677571
11,16,27,0.7672107125496376
20,7,27,NaN
19,8,27,0.001181574613005218
18,9,27,0.39064081951093954
18,9,27,0.3149813444585866
23,4,27,0.9163216390929619
16,11,27,0.3554964502825546
20,7,27,0.9926402902228978
18,9,27,0.5238679062670301
19,8,27,0.024944461227632508
16,11,27,0.013236299484785148
11,16,27,0.5318745003492784
13,14,27,0.014682274821217046
22,5,27,0.010426629810331321
10,17,27,0.6360759519686227
13,14,27,0.08596717446393809
18,9,27,0.6383329851282468
19,8,27,0.786623350458894
17,10,27,0.7582540955828375
20,7,27,0.6914431924244484
21,6,27,NaN
21,6,27,NaN
21,6,27,NaN
18,9,27,4.477609116565106e-9
21,6,27,0.04370689030141423
20,7,27,1.067029660674191e-6
17,10,27,0.7582540955828375
21,6,27,0.04370689030141423
24,3,27,0.027679590635742577
17,10,27,0.8772173292823856
21,6,27,0.27116600498059784
21,6,27,0.002987992232759718
19,8,27,0.28616593043300437
22,5,27,0.5238679062670301
20,7,27,0.580476664706154
13,14,27,0.006917621885038478
17,10,27,0.13473751826301208
20,7,27,0.786623350458894
21,6,27,0.8026856543955325
20,7,27,0.8738296454935907
20,7,27,0.25643862360104874
19,8,27,0.6275098539845592
21,6,27,0.08596717446393809
24,3,27,0.006384295481787992
17,10,27,0.7745613616725378
19,8,27,NaN
14,13,27,NaN
18,9,27,0.16806732870266622
19,8,27,0.1348461293624989
18,9,27,0.015129947034247918
16,11,27,0.6104096037191906
16,11,27,0.7582540955828375
18,9,27,0.8624184954145794
13,14,27,0.476429606343931
15,12,27,0.8886935889394204
16,11,27,0.8733102078879845
19,8,27,0.9330804535944056
17,10,27,0.976413425292083
21,6,27,0.15233618458437861
23,4,27,0.2180321792514569
16,11,27,0.8553400459938837
23,4,27,NaN
20,7,27,0.2180321792514569
16,11,27,NaN
20,7,27,0.569149748895899
22,5,27,0.7267509803124766
19,8,27,0.7485615680039323
17,10,27,0.1298724704817915
12,15,27,0.8028394434449332
21,6,27,0.04837488493767728
17,10,27,0.0007913349812008624
24,3,27,0.43508115133720443
20,7,27,0.5120424555292679
16,11,27,0.00025172143004899424
15,12,27,0.3619497521789483
19,8,27,0.009403985162690533
16,11,27,0.6982669561442454
20,7,27,0.28714548791819094
9,18,27,0.976413425292083
13,14,27,0.04882862664195177
13,14,27,0.39064081951093954
22,5,27,1.1250162333909948e-5
17,10,27,0.002462429681238322
11,16,27,0.6914431924244484
20,7,27,0.3149813444585866
18,9,27,0.2646275152972071
19,8,27,0.928335039744719
21,6,27,0.3149813444585866
14,13,27,0.1715490790655692
1,26,27,0.7267509803124766
1,26,27,NaN
16,10,26,NaN
16,10,26,NaN
19,7,26,0.006943468320448339
18,8,26,0.3924024351670053
21,5,26,0.3040509301999955
21,5,26,0.011283759558776195
12,14,26,NaN
22,4,26,NaN
18,8,26,0.19941268802727774
16,10,26,0.5238679062670301
20,6,26,0.000906697108992888
18,8,26,0.1416498128847232
18,8,26,0.02021232476449543
18,8,26,0.927808813496808
20,6,26,0.3149813444585866
14,12,26,0.7149461960516099
20,6,26,0.33747711281298665
20,6,26,0.09943458759150654
20,6,26,1.155252779782186e-11
17,9,26,1.7833690420715733e-5
18,8,26,NaN
15,11,26,0.7582540955828375
16,10,26,0.39064081951093954
22,4,26,0.11389985699278314
17,9,26,0.2180321792514569
19,7,26,8.162422702940242e-5
15,11,26,0.5128818977677144
21,5,26,0.14543645602523292
23,3,26,0.6914431924244484
20,6,26,0.1298724704817915
22,4,26,0.8120477488685461
16,10,26,0.47793771766761745
11,15,26,0.5288278745421038
22,4,26,0.998767140334452
20,6,26,0.5392399358666587
13,13,26,0.6914431924244484
20,6,26,0.09943458759150654
19,7,26,1.9446710053662856e-20
23,3,26,0.6104096037191906
21,5,26,2.085978374157201e-6
18,8,26,0.43116983099757117
22,4,26,NaN
19,7,26,NaN
14,12,26,0.1298724704817915
17,9,26,NaN
22,4,26,0.08362912298519999
16,10,26,0.2674056645646104
17,9,26,0.03794641341295346
21,5,26,0.39064081951093954
21,5,26,0.976413425292083
19,7,26,0.39064081951093954
18,8,26,0.04922012481907258
20,6,26,0.5154630714048932
15,11,26,0.8340199380319986
17,9,26,0.00013219395680375088
19,7,26,0.00033625166364219955
18,8,26,0.2750071280140046
15,11,26,0.6914431924244484
25,1,26,0.43116983099757117
18,8,26,0.003292552388002024
15,11,26,0.4799899508298325
18,8,26,0.6505728275062779
20,6,26,0.47793771766761745
17,9,26,0.0069761914769390105
12,14,26,0.11026600956611228
15,11,26,2.2978934125946783e-7
22,4,26,0.6104096037191906
21,5,26,0.004117301956801973
16,10,26,0.8230315619602742
13,13,26,0.14766029718238274
24,2,26,0.569149748895899
14,12,26,0.16454205039216788
14,12,26,0.9163216390929619
16,10,26,0.3691604398947173
20,6,26,0.1926085183729053
20,6,26,0.9163216390929619
21,5,26,0.600450870138093
20,6,26,0.04370689030141423
17,9,26,0.02723833801031631
22,4,26,5.372216608767735e-5
12,14,26,NaN
17,9,26,0.33208756404563405
14,12,26,0.07484633231283616
20,6,26,0.2389566253162466
15,11,26,0.14885396357807945
18,8,26,0.3447365971826162
14,12,26,0.43116983099757117
19,7,26,0.4450989494172984
15,11,26,0.6800400616474153
21,5,26,0.00025282058666530174
17,9,26,0.2693730166189094
10,16,26,NaN
17,9,26,0.8120477488685461
21,5,26,0.2180321792514569
23,3,26,0.7267509803124766
22,4,26,0.786623350458894
14,12,26,1.3839553983503284e-5
15,11,26,1.890402466605534e-5
16,10,26,NaN
19,7,26,0.0008067929644192934
17,9,26,0.835445920380814
16,10,26,0.047987509495043774
13,13,26,0.5028985244967676
20,6,26,0.11404401218842061
17,9,26,0.00068704034983087
20,6,26,0.30021310140986385
13,13,26,0.23886035975062164
17,9,26,NaN
16,10,26,NaN
22,4,26,0.005368236069949862
17,9,26,NaN
16,10,26,0.9163216390929619
21,5,26,NaN
20,6,26,0.0262512281788443
21,5,26,0.14766029718238274
21,5,26,0.14031548794264034
20,6,26,0.5871306048028513
20,6,26,0.32574775647740795
19,7,26,0.569149748895899
21,5,26,0.46987719676275735
18,8,26,0.9030952226408369
21,5,26,0.6505728275062779
15,11,26,0.08596717446393809
19,7,26,0.39064081951093954
22,4,26,0.06611573959509347
15,11,26,0.6131672805072431
15,11,26,0.7582540955828375
14,12,26,0.021711312287536283
17,9,26,0.3135923314710072
19,7,26,0.12644618081623427
16,10,26,0.786623350458894
22,4,26,0.5238679062670301
19,7,26,0.6914431924244484
19,7,26,0.043910856949410756
23,3,26,0.08601228108978967
18,8,26,0.0112223311619511
23,3,26,0.09415298921146979
17,9,26,0.24524244003177142
23,3,26,0.47793771766761745
10,16,26,0.6104096037191906
21,5,26,0.08596717446393809
17,9,26,0.0013134121519956193
23,3,26,0.7001820591828618
16,10,26,0.28282318595580375
20,6,26,0.7086809780395155
22,4,26,0.7029136824057814
25,1,26,0.07470550857760336
20,6,26,0.3149813444585866
15,11,26,0.8886935889394204
16,10,26,0.35291544996872376
23,3,26,0.5238679062670301
19,7,26,0.7312996970413469
19,7,26,0.5849110062409737
23,3,26,0.7642200045931139
18,8,26,0.43116983099757117
20,6,26,0.11921159808009636
16,10,26,0.17754437314011004
16,10,26,0.01389863463638223
21,5,26,0.16806732870266622
15,11,26,0.7017700714820657
19,7,26,0.35291544996872376
17,9,26,0.9418263683201168
20,6,26,0.3688652282470339
18,8,26,0.03317022976394289
21,5,26,0.2180321792514569
18,8,26,0.6914431924244484
16,10,26,0.30420564075848794
22,4,26,0.7267509803124766
18,8,26,0.13547642545360053
18,8,26,0.43116983099757117
14,12,26,0.06559552217798295
17,9,26,0.09303468333622832
15,11,26,0.7737698066027012
21,5,26,0.7582540955828375
16,10,26,0.7314953025366993
23,3,26,0.786623350458894
16,10,26,0.003206615043526353
15,11,26,0.8572290105071229
21,5,26,0.09224943786131173
20,6,26,0.6914431924244484
18,8,26,0.009179427503665119
17,9,26,0.7874609362943916
18,8,26,0.11006681345085904
18,8,26,0.16806732870266622
17,9,26,0.8591886725785952
14,12,26,0.8553400459938837
22,4,26,0.16457969555403024
13,13,26,0.8356407771585233
18,8,26,0.08596717446393809
13,13,26,0.2180321792514569
13,13,26,0.03794641341295346
22,4,26,0.3001627023624477
16,10,26,0.8041251208831873
16,10,26,0.1298724704817915
17,9,26,0.6914431924244484
17,9,26,0.5560216554987482
21,5,26,0.1123508867122492
12,14,26,0.8120477488685461
17,9,26,0.0011957147832016637
11,15,26,0.8163296346270426
15,11,26,0.786623350458894
14,12,26,0.47793771766761745
20,6,26,0.587695969297652
23,3,26,0.5393726362030963
13,13,26,0.9490411065363702
18,8,26,0.7267509803124766
17,9,26,0.4784723918678434
21,5,26,0.9574264943593161
20,6,26,0.8733102078879845
11,15,26,0.30250452894029245
19,7,26,0.6104096037191906
20,6,26,0.8429344681183168
18,8,26,0.43116983099757117
16,10,26,0.44820360375365464
18,8,26,0.12089202900980671
21,5,26,0.8334585995484338
16,10,26,0.7582540955828375
18,8,26,0.3573979493674552
11,15,26,0.07470550857760336
17,9,26,0.19979176983482597
16,10,26,0.9388397790286686
21,5,26,0.6247367993689836
19,7,26,1.2211702599269246e-5
19,7,26,0.8733102078879845
17,9,26,0.3312987782863132
14,12,26,0.27923371017636817
18,8,26,0.35291544996872376
13,13,26,0.47793771766761745
19,7,26,0.04370689030141423
13,13,26,0.8677341282427297
23,3,26,0.9030952226408369
17,9,26,NaN
13,13,26,NaN
21,5,26,0.2668132574185519
17,9,26,0.29152744922397855
20,6,26,0.6780942857912643
15,11,26,0.1420500312506737
9,17,26,0.27923371017636817
20,6,26,0.6104096037191906
20,6,26,0.012525706256158033
17,9,26,0.09943458759150654
18,8,26,0.0029959357049240366
17,9,26,0.36021764941090323
20,6,26,0.8953841840106833
16,10,26,0.5238679062670301
14,12,26,0.39064081951093954
13,13,26,0.0011864683022303779
20,6,26,0.28850389426694806
15,11,26,0.43116983099757117
17,9,26,0.11366043787729194
17,9,26,0.9846923601827738
23,3,26,0.031146887226608525
16,10,26,0.8886935889394204
20,6,26,0.4671797591776152
19,7,26,0.003397778118156558
14,12,26,0.28170614299541114
19,7,26,0.0499799084113593
19,7,26,NaN
17,9,26,0.8733102078879845
18,8,26,0.04191334760834582
20,6,26,0.8886935889394204
21,5,26,0.16593713717822578
15,11,26,NaN
22,4,26,0.24524244003177142
17,9,26,NaN
18,8,26,0.06849541221610396
13,13,26,0.39064081951093954
18,8,26,0.27923371017636817
16,10,26,0.0022617768393140393
11,15,26,0.7213790103692349
16,10,26,0.7051840551574875
18,8,26,0.7582540955828375
21,5,26,0.35291544996872376
18,8,26,0.35291544996872376
13,13,26,0.6104096037191906
20,6,26,0.27923371017636817
12,14,26,0.6743966597224563
21,5,26,0.025416424872894618
16,10,26,2.066544831263157e-10
25,1,26,0.014341859042106619
16,10,26,0.9067720854084454
21,5,26,0.6914431924244484
15,11,26,0.6406084046224528
19,7,26,0.006291610364558353
16,10,26,0.005342341478136689
15,11,26,0.786623350458894
17,9,26,0.5781134713010863
20,6,26,0.13209538995767123
15,11,26,0.03794641341295346
0,26,26,NaN
15,10,25,0.9388397790286686
15,10,25,0.8733102078879845
19,6,25,0.024979424385777767
17,8,25,0.9336228284599689
17,8,25,0.038283645135009314
21,4,25,0.4371931042241237
14,11,25,0.8886935889394204
16,9,25,0.1396641526391215
18,7,25,0.17923589928811115
20,5,25,0.011532985534739066
21,4,25,5.933348292776863e-6
20,5,25,0.1350165612673906
23,2,25,0.6957023826938187
16,9,25,0.006465442995735871
17,8,25,0.0494455745194533
20,5,25,0.34090176897074526
12,13,25,0.03794641341295346
18,7,25,0.7267201751003189
18,7,25,0.3282749989164512
16,9,25,0.06611573959509347
13,12,25,0.006927733363358336
13,12,25,0.5408528594619176
16,9,25,0.24524244003177142
14,11,25,0.31704501574285643
18,7,25,0.43116983099757117
15,10,25,0.5238679062670301
18,7,25,0.8553400459938837
10,15,25,0.3001209445664135
15,10,25,0.01821922353681587
19,6,25,0.6505728275062779
20,5,25,0.47793771766761745
18,7,25,0.43116983099757117
20,5,25,1.2561791947659765e-7
14,11,25,0.27923371017636817
11,14,25,0.19236277848876807
18,7,25,0.140573809124404
17,8,25,NaN
22,3,25,0.13341236267327444
17,8,25,0.9273367568114737
15,10,25,0.8733102078879845
23,2,25,0.44365682880145535
20,5,25,0.786623350458894
12,13,25,0.9530422007109688
18,7,25,0.003880596181552787
18,7,25,0.9154001983687238
10,15,25,0.5352964363456182
17,8,25,0.27923371017636817
19,6,25,0.057430780960562824
21,4,25,0.3211448275468575
12,13,25,0.9711836190363513
20,5,25,0.8649340249785883
22,3,25,0.7582540955828375
19,6,25,0.10690530221104588
22,3,25,0.25162402923673055
21,4,25,0.009019366264986567
17,8,25,0.3361093076964668
13,12,25,0.8553400459938837
19,6,25,0.04735175483895442
23,2,25,0.33648568438494775
12,13,25,0.11582490399675924
16,9,25,0.07470550857760336
21,4,25,4.755316611876155e-17
18,7,25,0.024979424385777767
18,7,25,0.47793771766761745
14,11,25,NaN
21,4,25,0.02290284273898218
19,6,25,0.20578420488912028
20,5,25,0.6052575717569469
22,3,25,0.24524244003177142
9,16,25,0.2180321792514569
17,8,25,NaN
19,6,25,0.7582540955828375
20,5,25,1.696701738917444e-5
19,6,25,0.024979424385777767
19,6,25,0.4231126620795834
14,11,25,NaN
18,7,25,0.007158759250531392
12,13,25,0.21938364244094138
20,5,25,0.3364695286120129
21,4,25,0.03317022976394289
21,4,25,0.4478148399920161
16,9,25,0.1959089313078929
23,2,25,0.003058802898945174
20,5,25,0.13685926584970762
14,11,25,0.35291544996872376
21,4,25,NaN
17,8,25,0.7135162223098863
14,11,25,0.5088194505248759
17,8,25,0.6752803300250508
18,7,25,0.35291544996872376
21,4,25,0.27923371017636817
19,6,25,0.47793771766761745
24,1,25,0.011532985534739066
13,12,25,0.03352144174064833
19,6,25,0.17598129046127173
22,3,25,NaN
19,6,25,0.7582540955828375
19,6,25,0.43116983099757117
13,12,25,0.13749246968382445
16,9,25,0.43116983099757117
16,9,25,0.7582540955828375
20,5,25,0.9659697455186896
21,4,25,0.02803954725386389
8,17,25,0.7883197045776431
13,12,25,0.08355755448000633
15,10,25,0.9418263683201168
12,13,25,0.30843074169981005
10,15,25,NaN
14,11,25,0.1298724704817915
18,7,25,0.7582540955828375
16,9,25,0.042386284772009925
18,7,25,0.12045797879463838
19,6,25,0.38090335688227855
18,7,25,0.028886075440067927
22,3,25,0.9894656266614458
19,6,25,0.35291544996872376
21,4,25,0.39358887595016795
20,5,25,0.04370689030141423
16,9,25,NaN
22,3,25,0.9644873832631483
16,9,25,0.23296233068875113
15,10,25,0.09943458759150654
17,8,25,0.6505728275062779
14,11,25,0.17592458285060839
12,13,25,0.8356407771585233
18,7,25,0.00786113577249532
16,9,25,0.7582540955828375
10,15,25,0.3742435995723311
12,13,25,0.39064081951093954
17,8,25,0.7582540955828375
22,3,25,0.04370689030141423
18,7,25,0.7267509803124766
17,8,25,0.29159325008453285
16,9,25,0.569149748895899
19,6,25,0.015821674137751637
12,13,25,0.8356407771585233
20,5,25,0.9934257979636152
19,6,25,0.43547669375104925
16,9,25,0.5126849685716086
17,8,25,0.65253947368384
20,5,25,0.6104096037191906
16,9,25,0.8120477488685461
21,4,25,0.7582540955828375
17,8,25,0.030188153937688054
14,11,25,0.11963534171286741
21,4,25,NaN
18,7,25,0.9923256991209348
22,3,25,0.7864735087738021
21,4,25,0.8041836694557949
20,5,25,NaN
15,10,25,0.0069761914769390105
21,4,25,0.48358607622490263
19,6,25,0.9649170932836378
15,10,25,0.12202393396180507
16,9,25,0.2527498369229319
16,9,25,0.3303601795835675
15,10,25,0.8454254263298364
17,8,25,0.15875303175648273
16,9,25,0.3149813444585866
19,6,25,0.9687273964969916
18,7,25,0.8356407771585233
18,7,25,0.1298724704817915
18,7,25,0.0004710372881317063
18,7,25,0.001290026908059383
17,8,25,0.04778674642927769
15,10,25,0.5400966170326612
11,14,25,NaN
7,18,25,0.3885924263154555
18,7,25,0.5964198602053076
13,12,25,0.6914431924244484
17,8,25,0.01130159570894879
19,6,25,0.43397431523502467
13,12,25,0.04111024738716256
20,5,25,NaN
17,8,25,0.7267509803124766
18,7,25,0.3698123875749513
16,9,25,0.4315621044848326
14,11,25,NaN
17,8,25,0.7912211962721379
13,12,25,0.35291544996872376
18,7,25,0.022375915907775913
18,7,25,NaN
17,8,25,0.9711836190363513
15,10,25,0.0026908597986054356
16,9,25,0.5835458497777681
14,11,25,0.2054603952335086
13,12,25,0.05543332557227604
21,4,25,0.9163216390929619
16,9,25,0.0022345721650635702
22,3,25,0.32671813090365037
15,10,25,0.47352820514830546
17,8,25,0.3559444476614108
16,9,25,0.5997367624036737
20,5,25,0.5494442643268308
11,14,25,0.21867556790285456
9,16,25,0.1857574106433981
15,10,25,NaN
16,9,25,NaN
19,6,25,1.120043902316127e-11
15,10,25,0.43116983099757117
21,4,25,NaN
10,15,25,0.14494447355209641
14,11,25,0.8475247888646967
15,10,25,0.024979424385777767
22,3,25,NaN
19,6,25,0.05003211115672228
17,8,25,0.786623350458894
17,8,25,NaN
17,8,25,0.05843513601767184
16,9,25,0.3761245419307974
15,10,25,0.40724038507503196
18,7,25,0.002380065756876522
16,9,25,0.0042534213043509935
18,7,25,0.19236277848876807
19,6,25,0.9987422495656005
19,6,25,0.33923574789393146
10,15,25,0.24524244003177142
11,14,25,0.46203539481954997
14,11,25,0.7267509803124766
14,11,25,NaN
23,2,25,0.5762917305117143
16,9,25,0.6050380921932803
22,3,25,0.1711074051718141
22,3,25,0.9933976413853325
20,5,25,0.008514037356458481
12,13,25,0.11831400601811629
16,9,25,0.49889533245144163
15,10,25,0.0494455745194533
16,9,25,0.976846215996112
20,5,25,0.0004114648291741971
17,8,25,0.16806732870266622
12,13,25,0.00026870648357680687
22,3,25,0.9163216390929619
18,7,25,0.569149748895899
14,11,25,0.927808813496808
14,11,25,0.02419017938960485
9,16,25,0.19236277848876807
19,6,25,3.7163121613795617e-6
14,11,25,0.374851038003795
10,15,25,0.7267509803124766
21,4,25,0.2178454293690397
17,8,25,0.7582540955828375
15,10,25,5.7053078989841466e-5
10,15,25,0.001832386846543167
20,5,25,0.9570846649102851
16,9,25,0.32908501953956826
16,9,25,0.2998345313437701
19,6,25,0.03317022976394289
15,10,25,0.009946346848443947
19,6,25,0.9744142713815468
22,3,25,0.9490411065363702
17,8,25,0.08596717446393809
16,9,25,0.4598148540348415
19,6,25,0.01929973578594341
19,6,25,0.10556536415487065
15,10,25,0.01880761644846058
19,6,25,5.2363326330849835e-11
12,13,25,0.9163216390929619
21,4,25,0.00140635359260669
17,8,25,0.35291544996872376
13,12,25,0.1700643923965375
20,5,25,0.0016318564282906945
17,8,25,NaN
15,10,25,NaN
18,7,25,0.6505728275062779
11,14,25,0.8733102078879845
16,9,25,NaN
16,9,25,0.007944231819760665
12,13,25,0.9388397790286686
16,9,25,0.14766029718238274
16,9,25,0.3149813444585866
16,9,25,0.82336052680081
8,17,25,0.6914431924244484
11,14,25,0.5238679062670301
16,9,25,0.06611573959509347
16,9,25,NaN
2,23,25,NaN
6,19,25,0.6363600131598418
12,13,25,0.14766029718238274
16,9,25,0.014671942089496121
9,16,25,NaN
13,12,25,0.8499738769261137
14,11,25,0.9163216390929619
7,18,25,NaN
16,8,24,0.8120477488685461
18,6,24,0.46586600841451387
15,9,24,0.9574264943593161
17,7,24,0.11241416181709965
18,6,24,0.029285021604614644
20,4,24,0.9716064019984623
15,9,24,0.5274839876505201
17,7,24,NaN
21,3,24,0.7928658478707435
22,2,24,0.47793771766761745
18,6,24,0.006943468320448339
21,3,24,0.9711836190363513
20,4,24,1.1314123090658086e-5
17,7,24,0.2447606768404553
19,5,24,0.744986062510002
15,9,24,0.8553400459938837
15,9,24,NaN
11,13,24,0.3149813444585866
20,4,24,0.4266192458633748
8,16,24,NaN
17,7,24,0.012427876467601146
18,6,24,0.11441415810964797
16,8,24,0.001220789084759391
15,9,24,0.6456745380051689
10,14,24,0.35291544996872376
16,8,24,0.8502342375170587
14,10,24,0.6914431924244484
18,6,24,NaN
17,7,24,0.24524244003177142
14,10,24,0.5238679062670301
17,7,24,0.7267509803124766
19,5,24,NaN
16,8,24,0.024979424385777767
18,6,24,0.11404401218842061
11,13,24,0.6389498365007177
17,7,24,0.5365892779984986
16,8,24,0.004989699454469441
19,5,24,0.5238679062670301
14,10,24,0.8733102078879845
21,3,24,0.0004148721887432007
17,7,24,0.6680201345774208
17,7,24,0.06230950139940581
15,9,24,0.008126970210441814
12,12,24,0.33243704120387024
15,9,24,0.2953642399253187
12,12,24,0.39064081951093954
15,9,24,0.39064081951093954
19,5,24,0.27892311114761037
20,4,24,0.5439985059498154
15,9,24,0.7618321244837786
18,6,24,NaN
13,11,24,0.08190229540742312
21,3,24,0.9821656095361124
13,11,24,0.9388397790286686
16,8,24,0.0021658441345355074
16,8,24,0.01880761644846058
11,13,24,0.47793771766761745
15,9,24,0.11404401218842061
17,7,24,0.8248873319871847
15,9,24,0.1298724704817915
20,4,24,0.00691313334501886
18,6,24,0.831516680736018
21,3,24,0.7582540955828375
10,14,24,0.7097871918743238
15,9,24,0.43116983099757117
23,1,24,0.7842310306366098
14,10,24,0.9163216390929619
17,7,24,0.927808813496808
22,2,24,0.11345419365537296
15,9,24,0.9490411065363702
19,5,24,4.551805471002114e-11
17,7,24,0.9421890205392022
20,4,24,0.9192930491747608
20,4,24,0.786623350458894
17,7,24,0.9574264943593161
20,4,24,0.6505728275062779
20,4,24,0.8120477488685461
17,7,24,0.008126970210441814
20,4,24,0.003504852842474432
16,8,24,0.29941021151810654
14,10,24,0.02207867342725446
13,11,24,NaN
21,3,24,0.20489463434600952
15,9,24,0.35291544996872376
16,8,24,0.24524244003177142
15,9,24,0.9504172734370129
13,11,24,0.39064081951093954
13,11,24,0.6505728275062779
14,10,24,0.1298724704817915
19,5,24,0.8041130708038002
13,11,24,0.8335462605431005
17,7,24,NaN
15,9,24,0.00863146524438919
19,5,24,0.9712359759576593
19,5,24,0.8553400459938837
17,7,24,0.8356407771585233
17,7,24,0.03794641341295346
19,5,24,0.9163216390929619
18,6,24,0.8389240783925519
17,7,24,0.2582603317772707
16,8,24,5.8519089648909044e-5
17,7,24,0.5179622615502391
18,6,24,0.6715844753074347
13,11,24,0.8733102078879845
18,6,24,0.08057858990711546
19,5,24,0.005043121192482222
18,6,24,0.11032904380329082
15,9,24,6.906316093466267e-6
21,3,24,0.35291544996872376
22,2,24,0.068420592236988
15,9,24,0.18054882958016266
21,3,24,0.7582540955828375
15,9,24,0.786623350458894
20,4,24,0.41112436327273544
19,5,24,0.01965594503700554
23,1,24,0.5238679062670301
17,7,24,0.0021739443363281187
19,5,24,0.6845482241568709
17,7,24,0.7267509803124766
21,3,24,0.10374004520589829
14,10,24,2.0393692522870778e-5
18,6,24,0.5238679062670301
15,9,24,2.660062636892344e-9
18,6,24,0.15903290925947638
15,9,24,1.6968680058916445e-5
16,8,24,0.1818115834285574
15,9,24,0.6914431924244484
11,13,24,0.6104096037191906
18,6,24,0.01210506162419269
16,8,24,0.341015869613418
18,6,24,0.6505728275062779
17,7,24,0.569149748895899
14,10,24,0.14766029718238274
20,4,24,0.006134062080693453
17,7,24,0.2509637840179918
18,6,24,0.8135071818166099
16,8,24,0.24524244003177142
17,7,24,0.39064081951093954
17,7,24,4.1158812228617366e-5
22,2,24,6.217150002738333e-5
15,9,24,0.05742826055407044
14,10,24,0.39064081951093954
20,4,24,0.16806732870266622
18,6,24,0.0006244317543008373
14,10,24,0.9937213602575413
19,5,24,0.02492078913302027
21,3,24,0.17211933048772846
17,7,24,0.4480555789978924
19,5,24,0.07191827894079268
18,6,24,0.5238679062670301
13,11,24,0.8886935889394204
15,9,24,0.9369541353486156
17,7,24,0.11404401218842061
14,10,24,0.37824137435070915
18,6,24,0.41977992885494003
20,4,24,0.8553400459938837
18,6,24,0.5955304987509562
15,9,24,0.0833714956243983
16,8,24,0.17976796543298817
20,4,24,0.7267509803124766
15,9,24,0.011440127966828502
16,8,24,0.0006237805914166137
10,14,24,0.04370689030141423
13,11,24,0.03794641341295346
13,11,24,0.7267509803124766
20,4,24,0.8220835137642122
18,6,24,0.47793771766761745
15,9,24,0.07470550857760336
21,3,24,0.010772658693875437
17,7,24,0.412004134481539
20,4,24,0.005375373023671006
20,4,24,0.569149748895899
17,7,24,0.18584317509475798
22,2,24,0.6572888598200927
14,10,24,0.6178846619406263
18,6,24,NaN
17,7,24,0.007038517191957132
19,5,24,0.14766029718238274
15,9,24,0.11404401218842061
21,3,24,0.1672525811624285
16,8,24,0.39064081951093954
13,11,24,0.5238679062670301
18,6,24,0.6925025904795765
20,4,24,0.8733102078879845
18,6,24,0.005237411403484176
12,12,24,0.2046254006764598
16,8,24,0.40873542980547234
18,6,24,2.6093453901670707e-5
17,7,24,0.045171059457474856
11,13,24,0.4863086384334603
14,10,24,0.23800090250320732
14,10,24,0.19495609242513703
18,6,24,0.3742435995723311
18,6,24,0.016314898271010056
16,8,24,0.0481138554266973
20,4,24,0.04064129161642117
18,6,24,0.8553400459938837
19,5,24,0.05788984493871185
14,10,24,0.6505728275062779
19,5,24,0.024979424385777767
21,3,24,0.9938351796274233
11,13,24,0.9649170932836378
15,9,24,0.06848721968582282
19,5,24,NaN
11,13,24,0.41605758143981575
15,9,24,0.868642575669901
10,14,24,0.927808813496808
17,7,24,NaN
10,14,24,0.19236277848876807
19,5,24,NaN
18,6,24,0.9923256991209348
12,12,24,0.8356407771585233
18,6,24,0.33878555306723085
16,8,24,0.786623350458894
20,4,24,0.27923371017636817
15,9,24,0.6122699191388004
18,6,24,0.0002828718998097598
15,9,24,0.11017873936440498
18,6,24,0.5638706566058377
17,7,24,0.002204041626885435
10,14,24,0.12817290501840012
12,12,24,0.6104096037191906
13,11,24,0.47793771766761745
15,9,24,0.7004946307553668
21,3,24,NaN
20,4,24,0.8886935889394204
17,7,24,0.1451035742563759
17,7,24,0.8761194767429168
15,9,24,0.33820219008666946
13,11,24,0.6673449709556282
20,4,24,0.542893659653181
13,11,24,0.2646275152972071
14,10,24,0.2689829743483109
12,12,24,0.1956788926452347
16,8,24,0.9847853614868064
19,5,24,0.0005258188178436998
19,5,24,0.5406056330613668
19,5,24,0.16806732870266622
20,4,24,0.0016997450757664932
12,12,24,NaN
19,5,24,0.8886935889394204
22,2,24,0.7114914957501842
20,4,24,0.7158510672320785
13,11,24,0.24524244003177142
14,10,24,NaN
17,7,24,0.10946466747892662
21,3,24,0.8886935889394204
16,8,24,0.16806732870266622
16,8,24,0.35291544996872376
13,11,24,0.8239791231562341
13,11,24,0.24524244003177142
14,10,24,4.352400847205511e-10
22,2,24,0.6104096037191906
17,7,24,0.35291544996872376
20,4,24,0.01880761644846058
12,12,24,0.9346472882048238
16,8,24,0.1365558335839681
17,7,24,0.05735097310840156
13,11,24,0.036809369798343844
20,4,24,0.8553400459938837
16,8,24,0.6914431924244484
17,7,24,0.43116983099757117
12,12,24,0.6165709600421269
16,8,24,0.6914431924244484
13,11,24,0.028886075440067927
15,9,24,3.920700044682391e-6
12,12,24,0.8733102078879845
16,8,24,0.4587446182236527
19,5,24,0.5238679062670301
21,3,24,0.09943458759150654
13,11,24,0.24924498471286638
22,2,24,0.8553400459938837
21,3,24,0.014548951783532429
19,5,24,NaN
14,10,24,NaN
15,9,24,0.3107052693054885
18,6,24,0.40847057803294584
14,10,24,0.9183572509246128
14,10,24,0.04370689030141423
13,11,24,0.8553400459938837
10,14,24,0.4652364583881482
14,10,24,0.16806732870266622
15,9,24,0.9711836190363513
12,12,24,0.6104096037191906
13,11,24,0.26860424921195214
17,7,24,0.7022224543306482
17,7,24,0.010435511473202139
9,15,24,0.39064081951093954
13,11,24,0.413668157711759
17,7,24,2.5712440501398967e-19
16,8,24,0.7979772218701419
16,8,24,0.8356407771585233
14,10,24,0.3149813444585866
16,8,24,0.6603349835179124
15,9,24,0.39064081951093954
15,9,24,0.9955985512078239
19,5,24,0.16806732870266622
18,6,24,0.9163216390929619
13,11,24,0.27923371017636817
13,11,24,0.038709141732408185
18,6,24,0.5141293972210327
15,9,24,0.4368888615379155
18,6,24,0.04911701121922061
17,7,24,0.7705940375385851
19,5,24,0.7267509803124766
14,10,24,0.0748547017430984
17,7,24,0.3742435995723311
18,6,24,NaN
17,7,24,0.835445920380814
19,5,24,0.00734814971107851
13,11,24,0.8219854434454303
13,11,24,0.006943468320448339
17,7,24,0.9675877338057677
11,13,24,0.10448347646004424
17,7,24,0.9388397790286686
9,15,24,0.011532985534739066
15,9,24,0.8886935889394204
8,16,24,0.6508431836734708
14,10,24,0.6914431924244484
12,12,24,0.013376419123398167
21,2,23,0.8886935889394204
16,7,23,0.06611573959509347
15,8,23,NaN
16,7,23,0.03432256643084406
15,8,23,0.08596717446393809
12,11,23,NaN
23,0,23,0.524618986835894
18,5,23,0.11404401218842061
11,12,23,0.7443549434604705
19,4,23,NaN
14,9,23,0.6723552896868629
13,10,23,2.1621553720282665e-6
16,7,23,0.7267509803124766
8,15,23,0.6657409357539631
17,6,23,0.3420481727026579
17,6,23,0.08652718198254832
16,7,23,0.6302057075505743
19,4,23,0.7507274440626746
18,5,23,0.9975663265144364
17,6,23,0.569149748895899
19,4,23,0.8886935889394204
16,7,23,NaN
18,5,23,0.16806732870266622
20,3,23,0.35291544996872376
18,5,23,0.15136942264717324
12,11,23,0.9748679548240279
16,7,23,0.39064081951093954
19,4,23,0.22846806561080596
18,5,23,0.39064081951093954
13,10,23,0.0012607703288429362
22,1,23,0.0007136403195713557
15,8,23,NaN
7,16,23,0.15896810974127581
12,11,23,0.9857264206675347
15,8,23,0.9388397790286686
16,7,23,0.08596717446393809
16,7,23,0.1298724704817915
13,10,23,5.222971094635196e-13
17,6,23,0.7883696248010116
11,12,23,0.04108655292367057
18,5,23,NaN
13,10,23,0.5238679062670301
17,6,23,0.04756558109096035
20,3,23,0.5852182796679051
13,10,23,0.7097811720769613
19,4,23,NaN
21,2,23,8.876687205868743e-6
14,9,23,NaN
14,9,23,0.43116983099757117
13,10,23,0.6106336110686816
16,7,23,0.7795772058829553
19,4,23,0.14718839493002667
18,5,23,0.0004202076940036568
15,8,23,0.569149748895899
15,8,23,0.35291544996872376
19,4,23,0.35291544996872376
15,8,23,NaN
16,7,23,0.569149748895899
17,6,23,0.03832442848911993
22,1,23,0.2282523807203539
20,3,23,0.9030952226408369
18,5,23,0.2980184407627389
20,3,23,0.856099320322802
17,6,23,0.7687502537929748
13,10,23,0.8037815187752209
13,10,23,0.11238283400260263
18,5,23,0.9142184309417247
18,5,23,0.6104096037191906
20,3,23,0.009778647628762748
21,2,23,0.05244655839151549
14,9,23,NaN
15,8,23,1.511699181699743e-7
17,6,23,0.5496740327775071
19,4,23,0.8886935889394204
18,5,23,0.24875019210896873
20,3,23,0.6914431924244484
17,6,23,0.13341236267327444
18,5,23,0.0494455745194533
17,6,23,0.7582540955828375
18,5,23,0.951393307592525
10,13,23,0.9145378434507965
16,7,23,0.09148694638515692
8,15,23,0.35291544996872376
22,1,23,0.27923371017636817
18,5,23,0.0019318434222163523
16,7,23,0.8419750946165039
18,5,23,0.09943458759150654
10,13,23,0.007704539951859536
16,7,23,0.4201316654087296
16,7,23,0.13826953602754674
17,6,23,0.6277163530672917
17,6,23,0.4892673659773662
20,3,23,0.8890964111803288
14,9,23,NaN
17,6,23,0.111799773585099
12,11,23,0.6914431924244484
19,4,23,NaN
18,5,23,NaN
18,5,23,0.22432906189870536
18,5,23,0.5013629881912998
18,5,23,0.4211840856944108
18,5,23,0.5238679062670301
20,3,23,0.06495475064961
14,9,23,0.47413681226380844
21,2,23,0.7280943808812835
15,8,23,0.35291544996872376
17,6,23,0.17700985142377026
17,6,23,0.14766029718238274
17,6,23,0.14466529257729066
15,8,23,0.04517808191721581
19,4,23,0.8120477488685461
23,0,23,0.6505728275062779
17,6,23,0.35291544996872376
15,8,23,0.394595992013748
16,7,23,0.02884648015387053
13,10,23,0.35291544996872376
15,8,23,0.829230192004585
19,4,23,0.6443211970296769
17,6,23,0.6463365460227656
11,12,23,0.0025153450208055456
17,6,23,0.1368245611710233
16,7,23,0.6984480480735876
18,5,23,0.08907770439120857
13,10,23,NaN
18,5,23,0.5238679062670301
10,13,23,0.8733102078879845
16,7,23,0.05735097310840156
7,16,23,0.569149748895899
18,5,23,0.01389863463638223
14,9,23,0.8896767678070949
16,7,23,0.35291544996872376
14,9,23,0.030166758530915844
21,2,23,0.9388397790286686
19,4,23,1.4860992975714757e-8
17,6,23,0.9997715078092386
16,7,23,0.569149748895899
14,9,23,0.026701162590969416
18,5,23,0.8232049061140527
18,5,23,0.27923371017636817
17,6,23,0.040338818240522344
15,8,23,0.1298724704817915
16,7,23,0.3562443155970912
14,9,23,0.569149748895899
20,3,23,3.92349928462622e-10
19,4,23,0.1298724704817915
15,8,23,0.1298724704817915
17,6,23,0.09308831155962075
20,3,23,0.569149748895899
14,9,23,0.6104096037191906
9,14,23,0.4067021916952511
19,4,23,0.5238679062670301
16,7,23,NaN
21,2,23,0.9632173565978501
15,8,23,0.39064081951093954
15,8,23,0.9698938591878393
11,12,23,0.10599919274584775
13,10,23,0.07144301127571027
14,9,23,0.8850920993743409
16,7,23,NaN
19,4,23,0.6912844784292481
16,7,23,0.38596607674866784
13,10,23,0.47793771766761745
17,6,23,0.8553400459938837
13,10,23,NaN
20,3,23,0.14401567657589354
18,5,23,0.2634771836525448
18,5,23,0.6505728275062779
11,12,23,0.7267509803124766
17,6,23,0.39064081951093954
18,5,23,0.8553400459938837
17,6,23,0.22638285711391684
10,13,23,0.0006899266807871554
14,9,23,0.8553400459938837
11,12,23,0.5238679062670301
10,13,23,NaN
23,0,23,0.99199544466995
15,8,23,0.9388397790286686
11,12,23,0.09791877015994112
18,5,23,0.18535539630810344
22,1,23,0.8886935889394204
21,2,23,0.1298724704817915
15,8,23,0.35291544996872376
15,8,23,0.8973046230165866
13,10,23,0.47793771766761745
16,7,23,0.0008022253232680113
23,0,23,0.35291544996872376
17,6,23,0.6505728275062779
11,12,23,0.18447668566508332
19,4,23,0.7582540955828375
11,12,23,NaN
13,10,23,NaN
11,12,23,0.7211237363328438
14,9,23,NaN
16,7,23,NaN
18,5,23,0.569149748895899
12,11,23,0.2625042931532704
15,8,23,0.47793771766761745
17,6,23,0.0014874951358297911
19,4,23,0.2343532669674004
13,10,23,NaN
10,13,23,0.04926687036913629
13,10,23,0.8434353428891113
12,11,23,0.09627645605386655
15,8,23,0.08622811860676048
12,11,23,0.5238679062670301
18,5,23,NaN
12,11,23,0.0008780239115870126
16,7,23,0.34953978094647237
15,8,23,0.16806732870266622
15,8,23,0.9030952226408369
18,5,23,0.002499165817450397
13,10,23,0.9163216390929619
20,3,23,0.35291544996872376
16,7,23,0.0494455745194533
10,13,23,0.43116983099757117
13,10,23,0.9163216390929619
12,11,23,0.0021658441345355074
18,5,23,0.08529575091927637
20,3,23,0.47793771766761745
19,4,23,0.24986211990220497
16,7,23,0.049048229448445016
13,10,23,0.6104096037191906
15,8,23,0.8120477488685461
8,15,23,0.8499738769261137
19,4,23,0.6505728275062779
16,7,23,0.24521647003541877
13,10,23,0.6104096037191906
17,6,23,0.43116983099757117
15,8,23,0.023544277977978777
17,6,23,0.35291544996872376
18,5,23,NaN
15,8,23,0.2180321792514569
17,6,23,0.6952752918434916
15,8,23,0.6085171726612192
15,8,23,0.27923371017636817
15,8,23,0.47793771766761745
15,8,23,NaN
16,7,23,1.0644353240694065e-5
16,7,23,0.47793771766761745
9,14,23,0.5418151894023262
16,7,23,0.9711836190363513
23,0,23,0.07470550857760336
9,14,23,0.024812921885943286
15,8,23,8.967083649647258e-12
16,7,23,0.976413425292083
14,9,23,0.47793771766761745
14,9,23,0.16133329916571926
17,6,23,NaN
17,6,23,0.3499087767308378
14,9,23,0.009681398529947847
13,10,23,0.07470550857760336
13,10,23,0.8553400459938837
12,11,23,0.037949403467921146
10,13,23,0.7267509803124766
19,4,23,0.19236277848876807
17,6,23,0.13967990257158364
15,8,23,0.38156225806261806
9,14,23,0.7267509803124766
21,2,23,0.7267509803124766
14,9,23,0.43378485459378857
15,8,23,0.8120477488685461
14,9,23,NaN
13,10,23,0.5740992758090337
15,8,23,0.49918214384274195
19,4,23,0.00010194300671151483
17,6,23,0.9030952226408369
17,6,23,0.5238679062670301
15,8,23,NaN
14,9,23,0.019874383233203122
12,11,23,0.3024709133385735
21,2,23,0.12381403283823032
15,8,23,0.39064081951093954
10,13,23,0.08863168072979613
15,8,23,0.2806626397885094
17,6,23,0.3481515588509746
14,9,23,0.07893528159241672
11,12,23,0.1353034593800635
14,9,23,0.004810220163821986
13,10,23,0.9552488682437087
18,5,23,0.010367282255418534
18,5,23,0.3977207899161071
16,7,23,0.8553400459938837
7,16,23,NaN
16,7,23,0.07602995700308383
14,9,23,0.013525164912479537
11,12,23,0.8451544942757592
15,8,23,0.7348067795342801
7,16,23,0.47793771766761745
15,8,23,0.03317022976394289
16,7,23,0.30269813342924645
18,5,23,0.6914431924244484
11,12,23,0.786623350458894
16,7,23,0.786623350458894
15,8,23,0.6373794445924824
11,12,23,0.10082069578758616
15,8,23,0.6061360034034095
14,9,23,0.016665606805696325
18,5,23,0.3149813444585866
16,7,23,0.8601147703771074
13,10,23,0.9030952226408369
16,7,23,NaN
5,18,23,0.7773352132454299
12,11,23,0.0494455745194533
18,5,23,0.35291544996872376
14,9,23,0.05735097310840156
17,6,23,0.0015324689807858784
16,7,23,0.0006759539241190549
14,9,23,0.14766029718238274
14,9,23,0.569149748895899
16,7,23,0.1349501479024508
11,12,23,0.013082840924109754
19,4,23,0.5959935380343269
17,6,23,0.39636594911031336
10,13,23,NaN
16,7,23,0.9543798935136544
17,6,23,0.04370689030141423
10,13,23,0.7168098915427259
16,7,23,0.6104096037191906
17,6,23,0.07470550857760336
15,8,23,0.38515304702739395
14,9,23,0.9419267774461777
16,7,23,0.03832442848911993
11,12,23,0.26129833814012116
9,14,23,0.0017885899927709203
19,4,23,0.18193580930670458
12,11,23,0.8438423357264185
18,5,23,0.04370689030141423
10,13,23,0.9490411065363702
12,11,23,NaN
15,8,23,0.28944702567086644
13,10,23,0.7659147414542963
10,13,23,0.28156176450826964
13,10,23,0.2354209915496563
7,16,23,0.9574264943593161
18,5,23,0.5342743195415078
12,11,23,NaN
14,9,23,0.3425275478499724
22,1,23,0.5895635136587275
16,7,23,0.24487512933307073
17,6,23,0.10831818123946103
18,5,23,0.0012521628992407934
15,8,23,0.6505728275062779
16,7,23,NaN
16,7,23,0.6914431924244484
16,7,23,0.7245327354243621
15,8,23,0.7307080242362954
17,6,23,0.37744328959242257
17,6,23,0.786623350458894
7,16,23,NaN
9,14,23,0.8946772526571838
17,6,23,0.8733102078879845
16,7,23,0.16580652373295576
16,7,23,0.03832442848911993
13,10,23,NaN
15,7,22,0.4184697085852105
16,6,22,0.6104096037191906
18,4,22,0.24524244003177142
18,4,22,0.7582540955828375
16,6,22,2.321281114092614e-5
13,9,22,0.37868490459402065
14,8,22,0.9496753744971554
14,8,22,0.7793736108125946
17,5,22,0.569149748895899
17,5,22,NaN
20,2,22,0.8560210859616346
15,7,22,NaN
10,12,22,0.4016876334123
14,8,22,0.3149813444585866
16,6,22,0.6104096037191906
16,6,22,0.0494455745194533
17,5,22,0.004782878078225459
16,6,22,NaN
18,4,22,0.5710105808882789
19,3,22,0.5238679062670301
16,6,22,0.663023519876961
16,6,22,0.5648882816339776
17,5,22,0.16806732870266622
15,7,22,0.0494455745194533
13,9,22,0.49967217041154777
15,7,22,0.8886935889394204
17,5,22,0.004167836925912513
14,8,22,0.6247831288486835
15,7,22,0.0037421004662579584
9,13,22,0.9698381863121827
16,6,22,NaN
14,8,22,0.8435043382094298
17,5,22,5.996419477547179e-7
16,6,22,0.9388397790286686
10,12,22,NaN
16,6,22,0.1298724704817915
15,7,22,0.011676042219187393
12,10,22,0.6104096037191906
6,16,22,NaN
11,11,22,NaN
19,3,22,0.0021224976841380094
14,8,22,0.4433082776193464
11,11,22,0.4375201754908151
19,3,22,2.3816167129563984e-7
22,0,22,0.00022886325300795326
16,6,22,0.03794641341295346
14,8,22,0.11446996028509092
16,6,22,0.469141860580654
6,16,22,0.2825756595979886
15,7,22,0.47793771766761745
14,8,22,0.5685645827336749
17,5,22,0.9700956589813522
17,5,22,0.4154476768072959
13,9,22,0.4964159108272727
12,10,22,0.6505728275062779
17,5,22,0.927808813496808
13,9,22,0.3358423605078035
17,5,22,0.0002571969152188113
16,6,22,NaN
12,10,22,0.6104096037191906
13,9,22,0.07470550857760336
11,11,22,0.43116983099757117
20,2,22,NaN
15,7,22,0.8553400459938837
19,3,22,0.14766029718238274
13,9,22,0.27923371017636817
14,8,22,0.43116983099757117
17,5,22,0.0012823494677848526
14,8,22,0.8286871145538625
19,3,22,0.0494455745194533
16,6,22,0.34904234155373115
14,8,22,0.06692471807371472
20,2,22,0.16658916873314614
18,4,22,0.27923371017636817
15,7,22,0.786623350458894
18,4,22,0.16415025456937038
12,10,22,0.2180321792514569
19,3,22,0.0012992416572142691
10,12,22,0.04370689030141423
18,4,22,0.43357295780318633
18,4,22,4.901938364658815e-10
18,4,22,0.7582540955828375
21,1,22,0.9166748835319142
12,10,22,0.6104096037191906
15,7,22,0.633320885721366
8,14,22,0.9711836190363513
14,8,22,0.9829280425344317
12,10,22,0.3149813444585866
16,6,22,6.106248912382789e-5
14,8,22,0.2180321792514569
18,4,22,0.46529325261280957
19,3,22,0.0016936875771883394
17,5,22,0.15930510444911616
18,4,22,0.6524808534563837
17,5,22,0.3761245419307974
20,2,22,0.07470550857760336
16,6,22,0.22979919843652377
19,3,22,0.5918218303398949
20,2,22,0.518612107417052
21,1,22,0.24524244003177142
15,7,22,0.03576050897086274
11,11,22,0.6674877731780154
14,8,22,0.06688244879084325
13,9,22,0.6104096037191906
18,4,22,0.00967871968350868
19,3,22,0.2118462902945455
16,6,22,0.35219649220313193
15,7,22,0.11404401218842061
15,7,22,0.2790685441766533
14,8,22,0.7267509803124766
12,10,22,0.9564777580764182
16,6,22,0.39839533592489496
16,6,22,0.5943092832975374
11,11,22,0.20446522187106064
13,9,22,0.4337953914991433
11,11,22,0.9770904897528405
21,1,22,0.7965188419159412
15,7,22,0.9649170932836378
18,4,22,0.0006663356954491807
15,7,22,NaN
19,3,22,0.16806732870266622
22,0,22,0.9163216390929619
16,6,22,NaN
16,6,22,0.05484643459903017
16,6,22,0.10622009955194817
10,12,22,0.43116983099757117
15,7,22,0.054458554974616734
21,1,22,0.6505728275062779
14,8,22,0.07470550857760336
16,6,22,0.20018418134586174
17,5,22,0.3742435995723311
18,4,22,0.8356407771585233
11,11,22,0.23967195993390902
15,7,22,0.022386958395530145
12,10,22,NaN
17,5,22,NaN
16,6,22,0.8158924105553306
17,5,22,0.7590206726511173
19,3,22,0.2582603317772707
13,9,22,0.7582540955828375
9,13,22,0.7267509803124766
16,6,22,0.43116983099757117
10,12,22,0.786623350458894
16,6,22,0.6010911519234442
17,5,22,0.0006850971503755335
12,10,22,0.8886935889394204
15,7,22,0.7292776180501116
19,3,22,0.3149813444585866
20,2,22,NaN
14,8,22,0.5380136154546352
17,5,22,0.01830255405672734
17,5,22,0.8356407771585233
15,7,22,0.03809573064998079
16,6,22,0.5679874989776735
19,3,22,0.13879968337112916
14,8,22,0.2813750198505732
14,8,22,0.6104096037191906
19,3,22,0.7176333403612641
19,3,22,NaN
17,5,22,0.5847774659478073
16,6,22,0.24265113445020126
15,7,22,0.3149813444585866
16,6,22,0.39064081951093954
13,9,22,0.5334692204844212
15,7,22,0.8733102078879845
12,10,22,0.3652175594115951
19,3,22,0.965127060382914
15,7,22,0.8227569264251133
16,6,22,0.9388397790286686
13,9,22,0.11630718581987913
14,8,22,0.12063673385611459
15,7,22,NaN
18,4,22,0.5135710360245356
19,3,22,0.09943458759150654
14,8,22,0.001159293066643153
18,4,22,0.6104096037191906
10,12,22,0.6104096037191906
20,2,22,0.2044121138608789
10,12,22,NaN
13,9,22,0.024385824296838752
18,4,22,2.255458017993781e-8
16,6,22,0.8848878662194983
17,5,22,0.8120477488685461
17,5,22,NaN
16,6,22,NaN
16,6,22,0.47793771766761745
14,8,22,0.27923371017636817
16,6,22,0.0864486310188279
18,4,22,0.35291544996872376
13,9,22,0.00011044730718232346
17,5,22,0.47469264503566905
14,8,22,0.10614217952144234
14,8,22,0.19236277848876807
15,7,22,0.786623350458894
15,7,22,2.4646164350181935e-6
19,3,22,0.0022228964530876852
17,5,22,0.025748207880683882
16,6,22,0.7216616496035767
17,5,22,0.7110898234562069
10,12,22,0.2635919661402064
17,5,22,0.9577318535526965
17,5,22,1.0771527561460734e-15
13,9,22,0.3149813444585866
16,6,22,0.6914431924244484
19,3,22,0.8120477488685461
14,8,22,0.57456433005906
17,5,22,0.01556978449169554
16,6,22,0.5472137017309278
15,7,22,0.011532985534739066
17,5,22,0.06611573959509347
17,5,22,0.24258134371638582
15,7,22,0.7205084172796447
13,9,22,0.22305281962080273
14,8,22,0.16731086219686855
17,5,22,0.16806732870266622
14,8,22,0.15277796884091854
15,7,22,NaN
19,3,22,0.9194087477301285
15,7,22,0.8792351123040099
15,7,22,0.1368463757378285
13,9,22,0.8553400459938837
13,9,22,0.42300416647365363
9,13,22,0.1200079059284548
17,5,22,0.00886816356912314
14,8,22,0.5564113182656435
17,5,22,0.6124850666781179
17,5,22,0.7267509803124766
13,9,22,NaN
16,6,22,0.8553400459938837
13,9,22,0.00018626809650976162
18,4,22,0.8711210064765215
18,4,22,0.007033999188601559
16,6,22,0.0039506887388986115
14,8,22,0.7062218848366699
13,9,22,0.5238679062670301
17,5,22,0.48146667876816124
17,5,22,2.6537440182074074e-6
20,2,22,0.06188775034027309
17,5,22,0.3149813444585866
15,7,22,0.15385414083975474
15,7,22,0.23519964823513345
14,8,22,0.5238679062670301
16,6,22,5.621209816258665e-5
17,5,22,0.8120477488685461
21,1,22,0.12827605864272526
17,5,22,0.06514128435526301
14,8,22,0.46674734782765237
10,12,22,0.47793771766761745
17,5,22,0.7936167421674006
16,6,22,0.6505728275062779
14,8,22,0.0383466473577332
18,4,22,0.6104096037191906
14,8,22,9.910608175574328e-5
19,3,22,0.08679548673066068
12,10,22,NaN
15,7,22,0.0008145210158411151
14,8,22,0.6178846619406263
14,8,22,0.43116983099757117
10,12,22,0.21196654444885876
16,6,22,0.6505728275062779
11,11,22,0.47793771766761745
17,5,22,0.49974308594955635
16,6,22,0.17835159470002207
14,8,22,0.569149748895899
14,8,22,0.6136873621421118
17,5,22,0.06637475513060802
15,7,22,0.7582540955828375
11,11,22,0.4976091165980284
14,8,22,0.992087054114443
9,13,22,0.47793771766761745
16,6,22,0.8028394434449332
14,8,22,0.37912774960537887
12,10,22,0.43116983099757117
16,6,22,0.37711010857880495
18,4,22,0.7582540955828375
16,6,22,0.6879505593683516
10,12,22,NaN
15,7,22,0.12434052149423039
17,5,22,0.8356407771585233
15,7,22,0.06765236569145118
13,9,22,0.9711836190363513
15,7,22,0.27923371017636817
14,8,22,0.03794641341295346
11,11,22,0.16806732870266622
13,9,22,0.20446522187106064
14,8,22,0.07470550857760336
14,8,22,0.9857264206675347
19,3,22,0.35291544996872376
11,11,22,0.8553400459938837
12,10,22,NaN
14,8,22,0.0494455745194533
19,3,22,0.9574264943593161
14,8,22,0.04370689030141423
17,5,22,0.14931295450626952
12,10,22,0.016080152742706383
14,8,22,0.033491703947569715
14,8,22,NaN
15,7,22,0.4964159108272727
17,5,22,0.6791029294095899
20,2,22,0.13096257898017075
13,9,22,0.7267509803124766
16,6,22,0.44032282206510803
14,8,22,0.569149748895899
15,7,22,NaN
18,4,22,0.24399559551177383
18,4,22,0.220706932971633
15,7,22,NaN
10,12,22,NaN
14,8,22,0.3963297320132505
15,7,22,0.3941590449126238
16,6,22,0.7544652941025498
15,7,22,0.0262512281788443
17,5,22,0.9574264943593161
14,8,22,0.8886935889394204
15,7,22,0.7582540955828375
12,10,22,0.14766029718238274
12,10,22,0.3094662601457849
19,3,22,0.2180321792514569
20,2,22,0.6104096037191906
15,7,22,0.27923371017636817
19,3,22,0.6896845478296425
9,13,22,0.8371845163164848
13,9,22,0.43116983099757117
20,2,22,0.9030952226408369
10,12,22,0.2282523807203539
10,12,22,0.8733102078879845
12,10,22,0.16806732870266622
15,7,22,NaN
13,9,22,9.06664724465406e-5
12,10,22,NaN
15,7,22,0.0017022230106785582
9,13,22,0.24524244003177142
13,9,22,0.5238679062670301
10,12,22,NaN
16,6,22,0.020297963806965257
14,8,22,0.8018874206495692
14,8,22,0.7407443370168437
11,11,22,NaN
16,6,22,0.18030280370750532
10,12,22,0.07470550857760336
15,7,22,0.06611573959509347
14,8,22,0.35291544996872376
9,13,22,0.5345514168659042
11,11,22,0.23399731804248558
13,9,22,0.6572105885891888
13,9,22,0.014135493952328307
15,7,22,0.09943458759150654
13,9,22,0.0494455745194533
12,10,22,0.13628197347995444
14,8,22,0.6104096037191906
13,9,22,0.559075410100788
8,14,22,0.15801081835608813
15,7,22,0.9502070408420132
17,5,22,0.693247684912971
13,9,22,0.16806732870266622
14,8,22,0.34717777518949483
14,8,22,NaN
10,12,22,0.5073530555139169
16,6,22,0.31742172815539044
16,6,22,0.5238679062670301
18,4,22,0.07158688154724774
18,4,22,0.27923371017636817
15,7,22,0.050896549647943906
13,9,22,0.22272217531556485
16,6,22,0.569149748895899
15,7,22,0.39064081951093954
13,9,22,0.07226867047101211
12,10,22,0.6653048490083034
12,10,22,0.4989544611601759
14,8,22,0.8340074500493351
12,10,22,0.0007208091420046077
15,7,22,0.00023115211481536824
20,2,22,0.9030952226408369
13,9,22,0.7264534810896126
9,13,22,0.43116983099757117
9,13,22,0.5888686263900761
11,11,22,0.6104096037191906
15,7,22,NaN
10,12,22,0.877346693528875
9,13,22,NaN
11,11,22,0.8293035252137387
11,11,22,0.11404401218842061
4,18,22,0.9838442967615677
15,6,21,0.14727975962398746
18,3,21,0.4470873600946982
15,6,21,0.08454216141609264
14,7,21,0.5997367624036737
13,8,21,0.005812985542910942
12,9,21,NaN
15,6,21,0.05735097310840156
16,5,21,0.94409806519495
15,6,21,2.5264019719138e-5
18,3,21,0.08169623491205907
10,11,21,0.3190220379126532
14,7,21,0.007131978107427122
17,4,21,0.05735097310840156
10,11,21,0.2180321792514569
16,5,21,0.14619324590426389
12,9,21,0.7625046912562875
12,9,21,0.025560291555089935
13,8,21,0.039830514568964165
16,5,21,0.04370689030141423
16,5,21,0.927808813496808
12,9,21,0.00140684628736026
10,11,21,0.7891282970416341
17,4,21,0.8826145696953298
18,3,21,0.8120477488685461
18,3,21,0.569149748895899
18,3,21,0.047870064071713736
13,8,21,0.8926735212774597
6,15,21,0.7267509803124766
18,3,21,0.6914431924244484
15,6,21,0.03258904338618467
11,10,21,0.7267509803124766
14,7,21,0.6104096037191906
14,7,21,0.0002412000850069436
18,3,21,0.23719278598920093
17,4,21,0.05735097310840156
20,1,21,0.3149813444585866
16,5,21,0.8886935889394204
12,9,21,0.5081539488921618
10,11,21,0.7470062346334309
20,1,21,0.0024135186238182843
15,6,21,0.7582540955828375
19,2,21,0.1954087071243745
14,7,21,0.008126970210441814
13,8,21,0.6914431924244484
17,4,21,0.01453233931352617
16,5,21,0.028886075440067927
11,10,21,0.786623350458894
18,3,21,0.09470470946062762
11,10,21,0.4731190166248185
10,11,21,NaN
13,8,21,0.020374631031305674
16,5,21,0.5887136401334965
16,5,21,0.39064081951093954
10,11,21,0.7144619567782146
9,12,21,0.8886935889394204
20,1,21,0.24306061686296715
13,8,21,0.6914431924244484
18,3,21,NaN
13,8,21,0.13918292590358317
14,7,21,0.569149748895899
13,8,21,3.1372437863626834e-8
14,7,21,0.40685701951534237
15,6,21,0.8120477488685461
12,9,21,0.8913660586143316
13,8,21,0.3149813444585866
16,5,21,0.013246614512978715
14,7,21,0.009354828506268327
17,4,21,0.7267509803124766
10,11,21,0.00015927260789709425
15,6,21,0.0046519285244135435
8,13,21,0.01389863463638223
17,4,21,0.0494455745194533
12,9,21,0.8120477488685461
11,10,21,0.569149748895899
20,1,21,0.43116983099757117
16,5,21,0.33087629814495323
12,9,21,0.9168487333312834
10,11,21,0.7582540955828375
17,4,21,0.6914431924244484
19,2,21,0.42808213133006934
18,3,21,0.9498107709788688
21,0,21,0.7267509803124766
15,6,21,NaN
20,1,21,NaN
18,3,21,0.34295154681899953
11,10,21,0.07493179943024818
16,5,21,0.5518102086965355
18,3,21,0.8120477488685461
13,8,21,0.05533257505563487
18,3,21,0.04370689030141423
13,8,21,0.03353555403990294
13,8,21,0.2180321792514569
8,13,21,NaN
15,6,21,0.9523966152300924
10,11,21,NaN
11,10,21,0.05735097310840156
13,8,21,0.6104096037191906
13,8,21,0.9574264943593161
16,5,21,0.43025297240066895
12,9,21,0.3149813444585866
15,6,21,0.34761220357298417
8,13,21,0.7267509803124766
12,9,21,0.20096464205908082
13,8,21,0.011598889787191938
18,3,21,0.0156627706445271
17,4,21,0.9574264943593161
18,3,21,0.569149748895899
16,5,21,0.39064081951093954
19,2,21,0.008375979243947248
16,5,21,0.39064081951093954
11,10,21,0.54705940272544
20,1,21,0.786623350458894
16,5,21,0.01781933718137551
11,10,21,0.3149813444585866
18,3,21,0.31504647647294387
13,8,21,0.2180784617405161
12,9,21,0.8553400459938837
14,7,21,1.3060979376968913e-5
11,10,21,0.4797045107636526
12,9,21,0.06611573959509347
14,7,21,0.05584969836908688
19,2,21,0.6505728275062779
14,7,21,0.18241740543885507
13,8,21,0.008584876365811523
18,3,21,NaN
18,3,21,NaN
16,5,21,0.07470550857760336
12,9,21,0.9770904897528405
19,2,21,0.07806552573121982
14,7,21,0.7267509803124766
10,11,21,0.11404401218842061
12,9,21,0.6608402410714511
13,8,21,0.1202452869936166
11,10,21,0.04658792455745698
8,13,21,0.03019091534221904
13,8,21,0.8228512845621858
19,2,21,0.9711836190363513
17,4,21,0.13527702190552193
11,10,21,0.009778647628762748
14,7,21,0.06275183290190109
20,1,21,0.9220054386657792
14,7,21,0.24524244003177142
15,6,21,0.12229535574902503
14,7,21,0.1905734886698872
16,5,21,0.25841863339059545
15,6,21,0.7445139701927583
17,4,21,0.9811127762214269
13,8,21,NaN
15,6,21,0.05612656761045807
13,8,21,3.0789533962952106e-7
13,8,21,0.04837488493767728
15,6,21,0.6914431924244484
14,7,21,0.8550475614396549
11,10,21,0.35291544996872376
9,12,21,NaN
18,3,21,0.7093214620337562
13,8,21,0.013203517757916748
18,3,21,0.009778647628762748
19,2,21,0.7267509803124766
14,7,21,0.3380631690586218
14,7,21,0.2180321792514569
17,4,21,NaN
18,3,21,0.1806390726147815
11,10,21,0.001980488685510807
19,2,21,0.027872247282706247
17,4,21,9.194226902087946e-6
12,9,21,0.6720501312717965
14,7,21,7.749580263120404e-6
9,12,21,0.8072908027734569
12,9,21,0.05735097310840156
15,6,21,0.7432914192112406
18,3,21,0.9030952226408369
14,7,21,0.4553023459174757
14,7,21,0.46829056106980504
14,7,21,0.11404401218842061
16,5,21,0.018063659984134055
20,1,21,0.04823985991420126
13,8,21,0.679982085970212
16,5,21,0.03684080835350202
13,8,21,0.6149967419262863
11,10,21,0.7582540955828375
14,7,21,0.0494455745194533
17,4,21,NaN
12,9,21,0.3452897653639875
18,3,21,0.3149813444585866
18,3,21,NaN
8,13,21,0.39064081951093954
16,5,21,0.43116983099757117
12,9,21,0.27923371017636817
14,7,21,0.3149813444585866
18,3,21,0.9014732709784808
14,7,21,0.07184409503042379
20,1,21,0.7582540955828375
13,8,21,0.569149748895899
15,6,21,0.026315165750355998
14,7,21,0.0494455745194533
13,8,21,0.702101144055541
17,4,21,0.2180321792514569
10,11,21,NaN
13,8,21,0.4009131605687915
16,5,21,0.24524244003177142
13,8,21,0.6276012883409902
8,13,21,0.3149813444585866
16,5,21,0.11404401218842061
15,6,21,0.7582540955828375
14,7,21,0.4976876088405292
17,4,21,0.2402060527091709
14,7,21,0.5238679062670301
12,9,21,0.1298724704817915
17,4,21,0.5423582328253098
12,9,21,0.5238679062670301
13,8,21,NaN
16,5,21,0.47793771766761745
17,4,21,0.689453944004183
15,6,21,0.009778647628762748
12,9,21,0.27923371017636817
14,7,21,0.9281891857323722
17,4,21,NaN
16,5,21,0.7267509803124766
16,5,21,0.11404401218842061
13,8,21,0.27923371017636817
12,9,21,0.29328770969698625
14,7,21,0.06636335868109941
14,7,21,0.9466960694546169
13,8,21,0.569149748895899
13,8,21,0.39064081951093954
16,5,21,0.07060175045658396
12,9,21,NaN
13,8,21,0.04464680475335071
19,2,21,0.569149748895899
12,9,21,0.5146396390279834
13,8,21,0.0494455745194533
13,8,21,0.9574264943593161
15,6,21,0.7514022120535484
8,13,21,0.3149813444585866
17,4,21,0.9388397790286686
13,8,21,0.015454592262669988
18,3,21,0.786623350458894
12,9,21,0.569149748895899
18,3,21,0.7267509803124766
12,9,21,0.7582540955828375
14,7,21,0.43116983099757117
17,4,21,0.22884993719077776
15,6,21,0.4892859320135297
16,5,21,0.11780535595758435
14,7,21,0.5610925499322685
21,0,21,0.7267509803124766
20,1,21,0.5538901449796717
14,7,21,0.6914431924244484
20,1,21,0.5238679062670301
13,8,21,0.02687978744646936
20,1,21,0.00031045983536615214
13,8,21,8.202745916359805e-5
11,10,21,0.8120477488685461
17,4,21,0.6505728275062779
12,9,21,0.35291544996872376
16,5,21,0.6505728275062779
15,6,21,0.7267509803124766
18,3,21,0.00140684628736026
9,12,21,0.45668340459894363
11,10,21,NaN
16,5,21,0.5514079975878313
8,13,21,0.08596717446393809
17,4,21,0.021340394204168465
14,7,21,0.021960220642977778
11,10,21,0.724705019628785
17,4,21,0.09332961208522675
17,4,21,0.35448283047767565
11,10,21,0.7582540955828375
15,6,21,0.9388397790286686
13,8,21,0.03794641341295346
10,11,21,0.82878280471548
16,5,21,0.10328296149413824
14,7,21,0.5350104602822932
10,11,21,0.9388397790286686
12,9,21,0.4260870475127485
18,3,21,NaN
13,8,21,0.8370498159240735
15,6,21,0.9857264206675347
13,8,21,0.2605264540024329
13,8,21,0.39064081951093954
12,9,21,0.07470550857760336
16,5,21,0.3329133170859025
13,8,21,0.09943458759150654
16,5,21,0.3149813444585866
10,11,21,1.4488687709559447e-7
13,8,21,0.5238679062670301
15,6,21,0.8356407771585233
15,6,21,NaN
19,2,21,0.927808813496808
11,10,21,7.63304405876884e-15
18,3,21,0.2180321792514569
18,3,21,0.011505472637065065
15,6,21,0.6624236527122731
9,12,21,0.06461160394220969
17,4,21,0.04004483044243833
16,5,21,0.0007863404406648751
17,4,21,0.6505728275062779
8,13,21,0.8733102078879845
8,13,21,NaN
21,0,21,0.7565581235088792
14,7,21,0.5799260012611499
14,7,21,0.4642450937042358
15,6,21,0.02175654595040706
17,4,21,0.04370689030141423
15,6,21,0.00041914988244956937
15,6,21,0.5085873952377192
14,7,21,0.9711836190363513
15,6,21,0.7698966101625856
12,9,21,0.7267509803124766
18,3,21,0.2180321792514569
14,7,21,0.2953674683200135
15,6,21,0.2487017745671355
16,5,21,0.3044607015806879
12,9,21,0.00018626809650976162
13,8,21,0.11404401218842061
11,10,21,NaN
13,8,21,NaN
12,9,21,0.004646500673980717
19,2,21,NaN
10,11,21,0.5954132137392268
14,7,21,0.04648353208381145
16,5,21,0.14766029718238274
12,9,21,0.2576238790177218
13,8,21,0.05735097310840156
16,5,21,0.6432832118560391
4,17,21,0.6505728275062779
11,10,21,0.2180321792514569
14,7,21,0.43116983099757117
10,11,21,0.1298724704817915
14,7,21,0.786623350458894
13,8,21,0.0494455745194533
12,9,21,0.27923371017636817
15,6,21,0.09943458759150654
15,6,21,0.43116983099757117
20,1,21,0.05377583688094146
10,11,21,0.8344088816782749
14,7,21,0.43116983099757117
7,14,21,0.27923371017636817
9,12,21,0.718890399749424
15,6,21,0.45543499306555746
15,6,21,0.6914431924244484
13,8,21,0.3942151665518826
17,4,21,0.47793771766761745
12,9,21,0.43116983099757117
15,6,21,0.0007194453527886352
19,2,21,0.7322050477268979
15,6,21,0.1298724704817915
15,6,21,0.09943458759150654
15,6,21,0.06611573959509347
13,8,21,0.9030952226408369
13,8,21,0.06611573959509347
16,5,21,0.3149813444585866
15,6,21,0.569149748895899
16,5,21,0.7582540955828375
15,6,21,NaN
15,6,21,0.16545871172984405
14,7,21,0.2180321792514569
10,11,21,0.4235802828155972
14,7,21,0.85268531951153
15,6,21,0.47793771766761745
11,10,21,0.26638044492688684
9,12,21,0.24524244003177142
10,11,21,0.9574264943593161
12,9,21,0.023734728000790625
15,6,21,0.08596717446393809
16,5,21,0.8120477488685461
10,11,21,0.24428311613685458
12,9,21,0.35291544996872376
15,6,21,0.05556113360706031
9,12,21,0.48477176477637074
13,8,21,0.005965245823902669
11,10,21,0.39064081951093954
10,11,21,0.8733102078879845
16,5,21,NaN
14,7,21,0.47793771766761745
15,6,21,0.7267509803124766
13,8,21,0.3149813444585866
16,5,21,0.2842514317022942
11,10,21,0.976413425292083
7,14,21,0.1298724704817915
15,6,21,0.1254341546735878
13,8,21,0.8733102078879845
7,14,21,0.4947358222495851
16,5,21,0.8902671821005191
11,10,21,0.6791886906992786
17,4,21,0.03832442848911993
18,3,21,0.35291544996872376
12,9,21,0.3149813444585866
12,9,21,0.2180321792514569
16,5,21,NaN
12,9,21,0.10851783272060982
16,5,21,0.004236543900366504
19,2,21,NaN
13,8,21,0.7749456791321362
15,6,21,0.02751076219547416
11,10,21,0.24265113445020126
17,4,21,0.06611573959509347
9,12,21,0.24524244003177142
10,11,21,0.47793771766761745
16,5,21,0.11767923242411157
16,5,21,0.12953942497200951
17,4,21,0.569149748895899
7,14,21,0.3530992199982404
16,5,21,3.837197960256524e-5
17,4,21,0.9030952226408369
10,11,21,0.2570978092067664
12,9,21,0.7748336527713573
18,3,21,0.2690499474445848
17,4,21,0.24524244003177142
11,10,21,0.937415027308364
7,14,21,0.004634591509811278
11,10,21,0.16554523165976798
15,6,21,0.3149813444585866
10,11,21,0.9574264943593161
11,10,21,0.6969118584122742
14,7,21,0.6104096037191906
8,13,21,0.27923371017636817
20,1,21,0.6104096037191906
8,13,21,3.863225603802187e-9
13,8,21,0.03576050897086274
8,13,21,0.8886935889394204
8,13,21,0.8120477488685461
10,11,21,0.7267509803124766
13,8,21,0.0003985831268311912
12,9,21,NaN
14,7,21,0.6505728275062779
12,9,21,0.6914431924244484
13,8,21,0.569149748895899
18,3,21,0.08717246590274609
11,10,21,0.6996384734245222
11,10,21,0.27973423535675845
8,13,21,NaN
12,9,21,0.3221050621445739
10,11,21,0.47793771766761745
10,11,21,0.06962668849165998
13,8,21,0.09060586658010784
2,19,21,NaN
12,8,20,0.8733102078879845
15,5,20,0.5238679062670301
14,6,20,0.7267509803124766
18,2,20,0.2180321792514569
12,8,20,3.44524877042975e-12
12,8,20,0.9574264943593161
12,8,20,0.47793771766761745
12,8,20,0.6581186411566695
13,7,20,0.6699316956768837
10,10,20,0.7866324214377751
16,4,20,6.21147661988489e-6
10,10,20,0.015440156573497937
16,4,20,NaN
13,7,20,0.5021343414634515
10,10,20,0.90261601749015
14,6,20,0.2180321792514569
15,5,20,0.5238679062670301
16,4,20,0.7861530252867327
14,6,20,0.13784261242835
14,6,20,0.07470550857760336
16,4,20,0.6689865766715579
13,7,20,0.43116983099757117
19,1,20,0.02420849455198073
15,5,20,0.7774891427160723
12,8,20,0.7446534512253695
11,9,20,0.08596717446393809
15,5,20,0.8733102078879845
15,5,20,0.99687962315925
17,3,20,0.47793771766761745
17,3,20,0.29394543633723913
15,5,20,0.7746422002015738
17,3,20,0.33476506540958056
14,6,20,NaN
14,6,20,0.6104096037191906
13,7,20,0.39064081951093954
17,3,20,0.8733102078879845
15,5,20,0.47793771766761745
11,9,20,0.5921365162840748
12,8,20,0.15029444090051114
11,9,20,0.43116983099757117
17,3,20,0.6505728275062779
11,9,20,0.3728926694955151
14,6,20,0.42519587616987514
15,5,20,0.5101470570072587
14,6,20,0.49918214384274195
10,10,20,0.5170146111217542
16,4,20,0.9711836190363513
16,4,20,0.39064081951093954
16,4,20,0.12952153958388088
14,6,20,0.35291544996872376
12,8,20,0.8553400459938837
14,6,20,0.005213469009152869
14,6,20,3.699607078436352e-6
14,6,20,0.2180321792514569
18,2,20,0.3834200545597561
12,8,20,0.0769906592429377
13,7,20,0.028886075440067927
15,5,20,0.8356407771585233
10,10,20,4.959776046004305e-5
14,6,20,0.05735097310840156
14,6,20,0.47793771766761745
14,6,20,0.39064081951093954
15,5,20,0.9334691110098536
14,6,20,NaN
11,9,20,0.39064081951093954
16,4,20,0.1298724704817915
11,9,20,0.16806732870266622
14,6,20,0.039380025203966225
18,2,20,0.17222426534457716
19,1,20,0.4284543065785545
16,4,20,0.9030952226408369
18,2,20,0.818859453949597
13,7,20,0.8553400459938837
12,8,20,0.5876959607667496
11,9,20,0.8886935889394204
16,4,20,0.005043121192482222
14,6,20,0.8356407771585233
14,6,20,0.2180321792514569
12,8,20,0.0025386922843397236
14,6,20,0.5247491209619671
14,6,20,0.8709946896249802
12,8,20,0.01389863463638223
15,5,20,0.021960220642977778
16,4,20,0.1904912817780078
14,6,20,0.9711836190363513
8,12,20,0.786623350458894
14,6,20,0.3149813444585866
16,4,20,0.43116983099757117
10,10,20,NaN
13,7,20,0.07470550857760336
10,10,20,0.7892948546140758
13,7,20,NaN
10,10,20,0.6585262402058086
18,2,20,0.11404401218842061
15,5,20,0.976413425292083
18,2,20,0.20557080528219254
18,2,20,0.19236277848876807
17,3,20,0.0001297178418891754
15,5,20,0.6231994428908446
15,5,20,0.786623350458894
17,3,20,0.8886935889394204
8,12,20,0.0015464799174818506
18,2,20,0.8815560790124995
13,7,20,0.0029123984696318786
8,12,20,0.1298724704817915
12,8,20,0.6539048895087975
13,7,20,0.786623350458894
14,6,20,0.8509109221945315
16,4,20,0.20747595375896702
14,6,20,0.27171933825395994
16,4,20,0.7582540955828375
14,6,20,0.9196275253429564
9,11,20,0.8356407771585233
11,9,20,NaN
13,7,20,NaN
11,9,20,NaN
16,4,20,0.46372142762000573
13,7,20,0.1321804394262462
13,7,20,0.0004421204782614117
9,11,20,0.0494455745194533
12,8,20,0.4451417985297616
16,4,20,0.35291544996872376
17,3,20,0.6104096037191906
12,8,20,0.47793771766761745
16,4,20,0.3742435995723311
14,6,20,0.011532985534739066
14,6,20,0.7267509803124766
19,1,20,0.600450870138093
14,6,20,0.4376980178061627
16,4,20,0.11404401218842061
9,11,20,0.27923371017636817
18,2,20,0.833513031681099
13,7,20,0.9951652649991032
18,2,20,NaN
12,8,20,0.7705219498666207
16,4,20,0.009881013800084328
12,8,20,0.27923371017636817
9,11,20,0.6505728275062779
15,5,20,0.7625451933616036
14,6,20,NaN
18,2,20,0.19236277848876807
17,3,20,0.786623350458894
16,4,20,NaN
13,7,20,0.3952016734542419
12,8,20,NaN
14,6,20,0.43116983099757117
17,3,20,0.47793771766761745
11,9,20,NaN
18,2,20,0.4350377206465628
11,9,20,0.6080625072272475
16,4,20,0.0004710372881317063
16,4,20,0.15602494098856565
17,3,20,0.19236277848876807
15,5,20,0.6505728275062779
15,5,20,0.07806552573121982
10,10,20,0.8154008003958785
15,5,20,0.2860429207920498
15,5,20,9.380564266595889e-5
17,3,20,0.39064081951093954
14,6,20,0.2527354682474934
9,11,20,0.6603349835179124
18,2,20,0.9163216390929619
13,7,20,0.05714537733063394
18,2,20,0.08596717446393809
17,3,20,0.39064081951093954
14,6,20,0.7718834732979032
16,4,20,0.6144291328368549
18,2,20,0.19410270098889665
12,8,20,2.558141373420127e-6
17,3,20,0.8711210064765215
20,0,20,0.6505728275062779
13,7,20,0.2360600274054477
16,4,20,NaN
16,4,20,0.05735097310840156
13,7,20,0.5568361487991768
10,10,20,0.8867520092225946
18,2,20,0.8553400459938837
10,10,20,NaN
12,8,20,0.8733102078879845
13,7,20,0.3116132289962125
16,4,20,0.24524244003177142
8,12,20,0.06994093384433102
12,8,20,0.7967137583373257
11,9,20,0.04339218450984187
13,7,20,0.8120477488685461
14,6,20,0.6617868453835062
14,6,20,0.06611573959509347
12,8,20,0.06611573959509347
19,1,20,0.786623350458894
18,2,20,0.0014733347885079308
12,8,20,NaN
13,7,20,0.8733102078879845
17,3,20,0.39137773268330683
14,6,20,0.6505728275062779
12,8,20,NaN
17,3,20,0.3557535011301247
14,6,20,0.6104096037191906
14,6,20,0.1765435140235981
15,5,20,1.2076777406324408e-9
16,4,20,0.6104096037191906
15,5,20,0.5827415904134219
17,3,20,0.6833758768314452
15,5,20,0.29242982280532115
14,6,20,NaN
16,4,20,0.8526907761969745
18,2,20,0.0069761914769390105
13,7,20,0.01880761644846058
16,4,20,0.43116983099757117
15,5,20,0.8712841065467551
12,8,20,0.24524244003177142
17,3,20,0.03794641341295346
12,8,20,0.39064081951093954
11,9,20,0.6104096037191906
14,6,20,0.569149748895899
14,6,20,0.3700804399348152
15,5,20,0.6505728275062779
15,5,20,0.17871671622711122
12,8,20,0.27923371017636817
14,6,20,0.015235109631787704
15,5,20,0.0831729717292867
16,4,20,0.35064018308951
15,5,20,0.07175940769236619
12,8,20,0.43116983099757117
12,8,20,0.8356407771585233
17,3,20,0.0494455745194533
12,8,20,0.4801910706773512
15,5,20,0.8103163637455192
16,4,20,NaN
16,4,20,0.9255517228778117
9,11,20,0.03633548402373443
14,6,20,0.07258035839146354
19,1,20,0.6162308233278025
11,9,20,0.47793771766761745
16,4,20,0.43116983099757117
18,2,20,0.18027862260923705
18,2,20,0.00019914758976070362
16,4,20,0.005851406186168589
11,9,20,0.7435460888593889
17,3,20,0.6369154620682849
14,6,20,0.004232317169592533
11,9,20,0.7964073539985004
15,5,20,0.6835676607781669
18,2,20,0.786623350458894
15,5,20,0.39311689139524014
16,4,20,NaN
14,6,20,0.7542487932152732
16,4,20,4.123328200763102e-5
14,6,20,0.19236277848876807
12,8,20,0.8886935889394204
8,12,20,0.05735097310840156
13,7,20,0.0027230138345036357
14,6,20,0.7624021109592186
14,6,20,0.9649170932836378
16,4,20,0.07274732546843425
11,9,20,0.786623350458894
9,11,20,0.799561844581873
14,6,20,NaN
13,7,20,1.1085130604436454e-6
18,2,20,0.6104096037191906
13,7,20,7.724294397629632e-6
13,7,20,0.00016559575554745597
13,7,20,0.16634556239254916
16,4,20,0.00528059827556978
12,8,20,0.4531617018831539
9,11,20,0.03794641341295346
9,11,20,8.63033671884128e-5
11,9,20,0.11354843902927864
14,6,20,0.9574264943593161
15,5,20,NaN
20,0,20,3.06724052349179e-7
16,4,20,0.3221050621445739
8,12,20,NaN
13,7,20,0.9711836190363513
14,6,20,0.02582027330394393
16,4,20,0.07794647087740116
18,2,20,0.8120477488685461
13,7,20,0.9388397790286686
15,5,20,0.35291544996872376
13,7,20,0.47793771766761745
11,9,20,0.8886935889394204
14,6,20,0.2180321792514569
16,4,20,0.6914431924244484
11,9,20,0.4621217639716664
11,9,20,0.0037260999790815455
14,6,20,0.03794641341295346
18,2,20,NaN
13,7,20,0.01880761644846058
15,5,20,0.07924714639104104
16,4,20,0.8886935889394204
12,8,20,0.07470550857760336
16,4,20,0.2931470697450717
10,10,20,0.8302334133793421
12,8,20,0.43116983099757117
9,11,20,0.08688552310156732
20,0,20,NaN
15,5,20,0.49199495498637763
12,8,20,0.21038383101737232
11,9,20,0.00011318505235844428
12,8,20,0.47793771766761745
10,10,20,0.1358387633186852
13,7,20,0.569149748895899
16,4,20,0.744463018655058
14,6,20,0.8487250270925094
17,3,20,NaN
18,2,20,0.569149748895899
15,5,20,0.02968764530375516
12,8,20,0.24524244003177142
17,3,20,0.8886935889394204
14,6,20,0.044871480355834506
17,3,20,0.0013785869344160864
15,5,20,0.15266838547855235
13,7,20,0.27923371017636817
13,7,20,NaN
13,7,20,0.2100975705900902
17,3,20,0.1141029065164724
19,1,20,0.0023640057379917057
14,6,20,0.3080738088558596
12,8,20,0.13258733823277455
17,3,20,0.3195497322006788
17,3,20,0.5799048869221126
13,7,20,0.8334585995484338
15,5,20,0.02233120925362568
14,6,20,0.7420474369276789
12,8,20,0.9509245524953797
17,3,20,0.6104096037191906
15,5,20,0.3149813444585866
17,3,20,0.569149748895899
11,9,20,0.5238679062670301
13,7,20,0.18996136902878427
15,5,20,NaN
13,7,20,0.6892063820332365
12,8,20,0.3704088098513344
12,8,20,NaN
12,8,20,0.15385414083975474
13,7,20,0.021960220642977778
10,10,20,0.3149813444585866
9,11,20,0.03870993684086292
11,9,20,0.2100810803147979
12,8,20,NaN
14,6,20,0.8915062399522097
13,7,20,0.16909288643313697
10,10,20,0.5572767062953609
6,14,20,0.12338524702709984
15,5,20,0.07470550857760336
12,8,20,0.8553400459938837
13,7,20,0.3149813444585866
9,11,20,0.5487248846986198
17,3,20,0.9030952226408369
13,7,20,0.3065703971446554
8,12,20,NaN
7,13,20,0.07711890120107545
15,5,20,0.09943458759150654
9,11,20,0.43116983099757117
18,2,20,0.49500858772681006
13,7,20,NaN
11,9,20,0.7168765355269078
10,10,20,0.8886935889394204
14,6,20,0.39064081951093954
14,6,20,0.27923371017636817
13,7,20,0.8761338882225493
14,6,20,0.3149813444585866
10,10,20,0.01417845443008608
14,6,20,0.1619721089976811
7,13,20,0.8886935889394204
19,1,20,0.19236277848876807
15,5,20,0.7251339425213262
18,2,20,NaN
11,9,20,0.6505728275062779
17,3,20,0.0008391348970296121
17,3,20,0.3149813444585866
14,6,20,0.43391572785288834
14,6,20,NaN
14,6,20,0.927808813496808
12,8,20,0.08596717446393809
15,5,20,NaN
15,5,20,0.4738786531330763
17,3,20,0.05815503506459222
11,9,20,0.9163216390929619
13,7,20,0.9388397790286686
10,10,20,0.1298724704817915
10,10,20,NaN
10,10,20,NaN
10,10,20,0.7267509803124766
13,7,20,NaN
15,5,20,2.0437697595037986e-6
11,9,20,0.003582116739495766
10,10,20,NaN
14,6,20,0.7267509803124766
15,5,20,5.7698708400148e-7
12,8,20,0.848851653511025
16,4,20,0.40193142367613854
17,3,20,NaN
15,5,20,0.4024500461929282
13,7,20,0.0011405958292169565
17,3,20,0.6104096037191906
15,5,20,NaN
15,5,20,0.47793771766761745
8,12,20,0.0012426226722390891
13,7,20,0.11275721317893599
9,11,20,0.052065607871912556
13,7,20,0.43116983099757117
15,5,20,0.6342896145255685
13,7,20,9.779478070706134e-5
12,8,20,NaN
15,5,20,NaN
10,10,20,0.014366636492115295
19,1,20,0.011532985534739066
15,5,20,0.786623350458894
5,15,20,0.9649170932836378
13,7,20,0.00635535212834715
13,7,20,NaN
19,1,20,0.15490981827571945
10,10,20,0.16806732870266622
9,11,20,0.4116200671979565
10,10,20,NaN
13,7,20,0.04348994754144877
14,6,20,0.7900482511365249
16,4,20,0.7253516492776285
13,7,20,0.010649613574193655
15,5,20,0.9351048183364512
12,8,20,0.43116983099757117
16,4,20,0.00016030650803778977
19,1,20,0.8733102078879845
13,7,20,0.9030952226408369
17,3,20,0.5502305758263235
13,7,20,0.19456178731963916
8,12,20,NaN
16,4,20,0.030804356686686164
17,3,20,0.8120477488685461
14,6,20,0.004751239966302475
15,5,20,0.30911082193777273
16,4,20,0.15848715944372765
7,13,20,0.9910268197127584
15,5,20,0.47793771766761745
14,6,20,0.19236277848876807
14,6,20,0.9975134002898697
13,7,20,0.35291544996872376
13,7,20,0.38843611850924453
15,5,20,0.49974308594955635
9,11,20,0.6181101058296996
11,9,20,0.6089688059662983
11,9,20,0.029433947477451497
15,5,20,0.14766029718238274
13,7,20,0.7239782791499272
17,3,20,0.8356407771585233
8,12,20,NaN
10,10,20,NaN
17,3,20,0.6505728275062779
14,6,20,0.20269402681223855
12,8,20,NaN
7,13,20,NaN
17,3,20,NaN
17,3,20,0.27923371017636817
10,10,20,0.06266239104657624
10,10,20,0.01971541338143591
10,10,20,2.321953598383306e-13
11,9,20,0.8120477488685461
9,11,20,NaN
5,15,20,NaN
16,3,19,0.8852433775627164
12,7,19,0.8729252946731
8,11,19,0.569149748895899
17,2,19,8.461006831718072e-6
13,6,19,0.8886935889394204
17,2,19,0.35291544996872376
14,5,19,0.05735097310840156
14,5,19,0.8553400459938837
10,9,19,0.6293150791863887
12,7,19,0.5455631941807394
13,6,19,0.6342896145255685
12,7,19,0.7119642554646806
14,5,19,0.19236277848876807
13,6,19,0.3942158950285683
15,4,19,0.34518366315953075
18,1,19,0.8553400459938837
14,5,19,0.5238679062670301
13,6,19,0.22684614968713038
15,4,19,0.34148679196524007
13,6,19,0.9490411065363702
15,4,19,0.926136775142821
15,4,19,0.11404401218842061
13,6,19,0.43116983099757117
12,7,19,0.2180321792514569
18,1,19,0.06233038666912189
12,7,19,0.09943458759150654
17,2,19,0.8733102078879845
11,8,19,NaN
18,1,19,0.7728072152821247
15,4,19,0.746899259447708
10,9,19,0.0001283493053618304
16,3,19,0.4976876088405292
18,1,19,0.6104096037191906
15,4,19,0.7055277283206506
12,7,19,0.7267509803124766
15,4,19,0.802096084276103
13,6,19,0.08665576957399786
10,9,19,0.8120477488685461
11,8,19,1.9177812828552273e-6
9,10,19,0.09943458759150654
13,6,19,NaN
16,3,19,0.9030952226408369
15,4,19,0.06784317053583135
13,6,19,0.27923371017636817
11,8,19,0.8120477488685461
13,6,19,0.4027726911264209
14,5,19,0.06702104229404784
13,6,19,0.584770535449267
9,10,19,0.8120477488685461
13,6,19,0.5238679062670301
16,3,19,0.019796523301242496
12,7,19,0.08338428661019415
15,4,19,0.053858857553638305
12,7,19,0.8016040925511023
16,3,19,0.5056158576458172
11,8,19,0.24524244003177142
16,3,19,0.47793771766761745
13,6,19,0.17702067523356343
14,5,19,0.13906406781445516
9,10,19,0.09943458759150654
9,10,19,0.7582540955828375
15,4,19,0.2922543021024723
11,8,19,0.47668867184384645
16,3,19,0.42955423208910193
12,7,19,0.24524244003177142
17,2,19,0.6104096037191906
11,8,19,0.14766029718238274
12,7,19,0.3149813444585866
13,6,19,0.3149813444585866
13,6,19,0.11726928401446424
14,5,19,0.0588157646511543
7,12,19,0.3750244367924015
11,8,19,0.7648379229709507
11,8,19,0.8886935889394204
9,10,19,0.9771750401955331
15,4,19,0.14766029718238274
17,2,19,0.35587524864318215
14,5,19,0.05943526362219959
16,3,19,2.511170540254413e-17
11,8,19,0.3390029931715419
13,6,19,0.03317022976394289
14,5,19,NaN
14,5,19,0.0006844774385758311
14,5,19,0.4249253948843679
11,8,19,0.23927485683956143
9,10,19,0.030881559391154795
15,4,19,0.016658075581756155
16,3,19,0.43116983099757117
15,4,19,0.0494455745194533
16,3,19,0.8886935889394204
14,5,19,0.569149748895899
15,4,19,0.7458064554079694
8,11,19,0.9342024193094649
16,3,19,0.9264908183918954
14,5,19,0.9961520687047375
15,4,19,0.43116983099757117
14,5,19,0.052967136932495294
12,7,19,0.03283574410267084
10,9,19,NaN
12,7,19,0.007581739812926548
16,3,19,0.06611573959509347
10,9,19,NaN
16,3,19,0.27579969118703734
10,9,19,0.00577445305810282
16,3,19,0.01007411648743724
10,9,19,0.8759065478179722
17,2,19,0.6015114488310271
15,4,19,0.5227513531542676
13,6,19,0.3842354983269181
13,6,19,0.35291544996872376
14,5,19,0.4030311858436486
13,6,19,0.17413987330500078
15,4,19,NaN
16,3,19,0.08492710015095228
14,5,19,NaN
12,7,19,0.3149813444585866
15,4,19,0.8886935889394204
18,1,19,0.9470839064631977
13,6,19,0.5162249408821253
14,5,19,1.2383683809053814e-6
16,3,19,0.7913256977825794
17,2,19,0.0001671704302200658
14,5,19,0.8886935889394204
10,9,19,0.4201284037509991
10,9,19,0.8120477488685461
14,5,19,0.8553400459938837
16,3,19,0.16806732870266622
16,3,19,0.686312413903223
14,5,19,0.8356407771585233
15,4,19,0.569149748895899
15,4,19,0.8733102078879845
16,3,19,0.2291199344835928
12,7,19,NaN
14,5,19,0.13596460998511614
11,8,19,0.9490411065363702
18,1,19,0.8109337708353938
14,5,19,0.3149813444585866
13,6,19,0.6104096037191906
11,8,19,0.43116983099757117
8,11,19,0.35291544996872376
18,1,19,0.8553400459938837
9,10,19,0.7823485802220941
11,8,19,1.2823874633045584e-16
13,6,19,0.9894656266614458
13,6,19,0.7267509803124766
16,3,19,0.9459681899133079
14,5,19,0.9397410332458679
11,8,19,0.6963971704666482
11,8,19,0.6914431924244484
10,9,19,NaN
14,5,19,0.35291544996872376
15,4,19,0.0019450151670099658
8,11,19,NaN
12,7,19,0.06511832441028356
12,7,19,0.1152483267443691
15,4,19,0.7267509803124766
14,5,19,0.04277233799001675
10,9,19,NaN
16,3,19,0.886133562752054
12,7,19,NaN
10,9,19,NaN
16,3,19,NaN
14,5,19,0.355587312323037
9,10,19,NaN
15,4,19,0.1249394564501897
13,6,19,0.8120477488685461
14,5,19,0.9201879030010567
12,7,19,0.16806732870266622
13,6,19,0.07044038523874768
15,4,19,0.1715991250753603
14,5,19,0.7833052365368723
13,6,19,0.32737681721578793
10,9,19,0.5491860668846232
11,8,19,0.03739673631801416
16,3,19,0.16806732870266622
16,3,19,0.5178370814811811
15,4,19,0.7085168429750891
17,2,19,0.08625482536884584
10,9,19,0.6104096037191906
15,4,19,0.8120477488685461
12,7,19,0.7131536736316408
15,4,19,0.786623350458894
14,5,19,0.9030952226408369
11,8,19,0.037377460393096716
16,3,19,0.8514555396941815
11,8,19,0.10687588997833566
13,6,19,0.8356407771585233
12,7,19,0.012525706256158033
16,3,19,0.05239995100271757
16,3,19,0.508953933519552
14,5,19,0.3106011952233781
12,7,19,0.08211364647077032
14,5,19,0.09973310375331167
11,8,19,0.5622944983153025
12,7,19,0.4249086619821455
16,3,19,0.21079022478976564
17,2,19,0.39064081951093954
14,5,19,0.1468860167756686
18,1,19,0.5137173761126813
14,5,19,0.03317022976394289
12,7,19,0.020571280269786735
16,3,19,0.6914431924244484
15,4,19,NaN
17,2,19,0.003988389310926715
12,7,19,0.0032481880957195525
16,3,19,0.04370689030141423
15,4,19,0.8356407771585233
13,6,19,0.786623350458894
16,3,19,0.35291544996872376
16,3,19,3.1486208568921502e-6
16,3,19,0.4215696873188161
9,10,19,0.7395451926420419
13,6,19,0.6914431924244484
13,6,19,0.08377390331698155
10,9,19,0.2273691499849331
14,5,19,NaN
10,9,19,0.009347888602483189
10,9,19,0.5238679062670301
14,5,19,1.5889378796528623e-12
13,6,19,0.5567740199748449
15,4,19,0.27923371017636817
14,5,19,0.06611573959509347
16,3,19,0.7748196833020822
12,7,19,0.6914431924244484
14,5,19,0.7582540955828375
16,3,19,0.7267509803124766
17,2,19,0.9711836190363513
9,10,19,0.03794641341295346
19,0,19,0.2180321792514569
15,4,19,0.6505728275062779
10,9,19,0.976413425292083
16,3,19,NaN
15,4,19,NaN
12,7,19,0.47793771766761745
12,7,19,0.2562211145714436
17,2,19,0.3149813444585866
19,0,19,0.20446522187106064
16,3,19,0.2555492186038529
12,7,19,0.5238679062670301
8,11,19,0.04837874840357128
11,8,19,NaN
11,8,19,0.7556978411434596
11,8,19,0.11404401218842061
10,9,19,0.14766029718238274
12,7,19,0.03794641341295346
8,11,19,NaN
13,6,19,0.8867520092225946
14,5,19,0.8581967138692722
15,4,19,0.022579874553303
15,4,19,0.5717400801251672
15,4,19,0.6505728275062779
16,3,19,0.5713192201968662
9,10,19,0.6104096037191906
10,9,19,0.27923371017636817
15,4,19,0.27923371017636817
16,3,19,0.9811127762214269
12,7,19,0.16806732870266622
11,8,19,0.11275721317893599
14,5,19,0.9649170932836378
14,5,19,0.28307077970323524
14,5,19,0.29321466086640874
11,8,19,0.01880761644846058
16,3,19,0.43116983099757117
11,8,19,NaN
16,3,19,0.11404401218842061
11,8,19,0.41869652412294683
13,6,19,0.852977556294311
15,4,19,0.5997367624036737
13,6,19,6.233594976917115e-5
13,6,19,0.8356407771585233
15,4,19,0.7267509803124766
17,2,19,NaN
15,4,19,0.9163216390929619
13,6,19,0.36428083313067533
15,4,19,0.7276273774714598
11,8,19,0.9711836190363513
14,5,19,0.09664106527988661
15,4,19,0.5968966639901184
14,5,19,0.9030952226408369
13,6,19,0.8733102078879845
16,3,19,0.5894142236375125
12,7,19,0.19236277848876807
13,6,19,0.9711836190363513
11,8,19,0.5524124149113901
16,3,19,1.240215491561892e-5
15,4,19,0.011532985534739066
14,5,19,0.7582540955828375
14,5,19,0.6104096037191906
16,3,19,0.03317022976394289
12,7,19,0.569149748895899
12,7,19,0.786623350458894
12,7,19,0.00010171502848095974
11,8,19,NaN
11,8,19,0.8120477488685461
13,6,19,0.7582540955828375
18,1,19,0.7203564476348491
13,6,19,0.6104096037191906
14,5,19,0.030159013885430328
12,7,19,0.06611573959509347
16,3,19,0.23539120805068833
12,7,19,0.2054603952335086
12,7,19,0.5238679062670301
14,5,19,0.026105724801307604
6,13,19,2.9445872587982856e-8
15,4,19,0.21196654444885876
12,7,19,0.17452205667126056
16,3,19,0.8081559725771413
11,8,19,0.3149813444585866
8,11,19,0.5238679062670301
8,11,19,0.2180321792514569
10,9,19,0.1452259319141794
14,5,19,0.31312047735889537
12,7,19,NaN
9,10,19,0.023832958594287915
16,3,19,0.7582540955828375
12,7,19,0.004692070177375517
14,5,19,0.000910517286686404
14,5,19,0.04299214195966394
13,6,19,0.569149748895899
8,11,19,0.5238679062670301
12,7,19,0.4187059985084263
12,7,19,0.19236277848876807
13,6,19,0.47793771766761745
17,2,19,0.4204692132497654
15,4,19,0.13106443373315022
16,3,19,0.813356305084054
14,5,19,0.11524811775768302
11,8,19,1.55333977471957e-11
10,9,19,0.5238679062670301
14,5,19,0.8120477488685461
11,8,19,0.569149748895899
15,4,19,0.502475440760969
13,6,19,0.9550451458247768
9,10,19,0.6375917157112907
15,4,19,3.4823512660314396e-5
14,5,19,0.9811127762214269
12,7,19,8.497915791482572e-5
14,5,19,0.07620474780430428
12,7,19,0.7582540955828375
6,13,19,NaN
17,2,19,0.10163984078036402
13,6,19,0.11773904254284825
11,8,19,0.04370689030141423
13,6,19,0.1298724704817915
14,5,19,0.7796596873637143
11,8,19,0.011483244565653078
14,5,19,0.32028056859052434
14,5,19,0.2825756595979886
14,5,19,6.63357100974836e-5
14,5,19,0.48741518333156936
12,7,19,0.7582540955828375
12,7,19,0.35291544996872376
9,10,19,0.43116983099757117
11,8,19,0.35291544996872376
10,9,19,0.8372210448059351
15,4,19,NaN
14,5,19,0.24524244003177142
13,6,19,0.24120588406174315
8,11,19,5.833438921993545e-6
15,4,19,0.9490411065363702
17,2,19,0.00038023757194273976
15,4,19,0.26944556358019567
14,5,19,0.0692309627638174
9,10,19,0.35291544996872376
10,9,19,0.19236277848876807
14,5,19,0.6413089309277351
12,7,19,0.14766029718238274
12,7,19,0.976413425292083
10,9,19,0.06611573959509347
11,8,19,0.35291544996872376
13,6,19,0.27923371017636817
10,9,19,0.08596717446393809
14,5,19,0.2180321792514569
10,9,19,0.569149748895899
15,4,19,0.07470550857760336
13,6,19,0.39064081951093954
15,4,19,0.020066947609743552
13,6,19,0.529353316858865
10,9,19,0.1298724704817915
10,9,19,0.27923371017636817
15,4,19,0.11404401218842061
13,6,19,NaN
14,5,19,0.9574264943593161
13,6,19,0.8886935889394204
16,3,19,0.47648781194403034
14,5,19,0.06611573959509347
14,5,19,0.6104096037191906
11,8,19,0.976413425292083
12,7,19,0.059543683472680374
11,8,19,0.19236277848876807
14,5,19,0.5360785881220944
7,12,19,0.295111887036188
15,4,19,0.5586629375058667
12,7,19,0.4992040126825283
13,6,19,0.01880761644846058
6,13,19,0.5021175993014138
10,9,19,0.7267509803124766
13,6,19,0.5238679062670301
13,6,19,0.00412683448666872
13,6,19,0.3149813444585866
15,4,19,0.569149748895899
15,4,19,0.47793771766761745
11,8,19,0.2180321792514569
18,1,19,0.3704088098513344
11,8,19,0.9490411065363702
13,6,19,0.4928438220123153
12,7,19,0.11106005017245817
8,11,19,0.15295145219157733
5,14,19,9.511414321089178e-5
15,4,19,0.786623350458894
11,8,19,0.4032908967307786
14,5,19,0.8561904927966342
15,4,19,0.43453111645626014
10,9,19,0.4038449062645893
12,7,19,0.020329062034305602
13,6,19,0.07275715399015716
11,8,19,0.37276604230560045
12,7,19,0.8553400459938837
11,8,19,0.5238679062670301
13,6,19,0.8442143217132388
16,3,19,0.11404401218842061
10,9,19,0.6830056538763157
15,4,19,0.034071779086208585
5,14,19,0.0012812072368745295
11,8,19,0.569149748895899
10,9,19,0.16889879913117523
11,8,19,0.00018626809650976162
15,4,19,0.7267509803124766
13,6,19,0.39064081951093954
13,6,19,0.47793771766761745
11,8,19,0.18273789300540966
12,7,19,0.9711836190363513
14,5,19,0.5053828615070908
15,4,19,0.11404401218842061
9,10,19,NaN
15,4,19,0.07470550857760336
13,6,19,0.02548237968689347
9,10,19,0.5540873343323887
15,4,19,0.07470550857760336
16,3,19,0.11404401218842061
12,7,19,0.11404401218842061
11,8,19,0.0007173728532372139
14,5,19,0.0007173728532372139
13,6,19,0.2180321792514569
10,9,19,0.6505728275062779
14,5,19,NaN
15,4,19,0.27923371017636817
10,9,19,0.9490411065363702
12,7,19,0.0014927131895414532
10,9,19,0.5730932380632375
9,10,19,NaN
15,4,19,0.44949054908928254
12,7,19,0.27923371017636817
13,6,19,2.9420316378825497e-11
14,5,19,0.6505728275062779
15,4,19,0.0494455745194533
17,2,19,0.1298724704817915
12,7,19,0.12773975537169022
16,3,19,0.15657039639895326
10,9,19,NaN
17,2,19,0.009416457466085871
11,8,19,0.35064018308951
8,11,19,0.6211913805896042
13,6,19,0.9785341872589124
14,5,19,0.028886075440067927
11,8,19,0.07949600929556037
12,7,19,0.6505728275062779
11,8,19,0.4435139942676699
11,8,19,0.9070193410081515
13,6,19,0.786623350458894
15,4,19,0.6104096037191906
14,5,19,0.24524244003177142
12,7,19,0.8120477488685461
11,8,19,0.06611573959509347
14,5,19,0.569149748895899
13,6,19,0.7574121262773853
14,5,19,0.27923371017636817
10,9,19,0.43116983099757117
16,3,19,0.7393473173159254
15,4,19,0.9976417786233024
15,4,19,0.9364395848695745
13,6,19,NaN
12,7,19,0.5046671802875321
7,12,19,0.35291544996872376
9,10,19,0.43116983099757117
13,6,19,0.6505728275062779
13,6,19,4.1000482143360976e-5
11,8,19,NaN
16,3,19,0.21921633489052605
7,12,19,0.5293530306304361
18,1,19,0.569149748895899
13,6,19,0.06401128502476251
15,4,19,0.1667415265459775
14,5,19,0.441628117849861
10,9,19,0.552424233439963
7,12,19,0.2202418353456636
17,2,19,0.6936424771194916
10,9,19,0.3742435995723311
12,7,19,0.835445920380814
9,10,19,0.43116983099757117
11,8,19,0.3780338328768062
15,4,19,0.10637377610555356
15,4,19,0.5238679062670301
16,3,19,0.13374802677892397
10,9,19,0.47793771766761745
14,5,19,0.16806732870266622
17,2,19,0.43116983099757117
8,11,19,0.6104096037191906
7,12,19,0.569149748895899
9,10,19,0.23967195993390902
9,10,19,0.3443769268372111
11,8,19,0.0002061163304742849
11,8,19,0.6918467433407898
11,8,19,0.18665721484805395
8,11,19,0.6104096037191906
17,2,19,0.47793771766761745
11,8,19,0.1878093587054184
6,13,19,0.9809518170106082
7,12,19,0.23864809353021751
10,9,19,0.7267509803124766
7,12,19,0.569149748895899
7,12,19,0.8126729029481431
12,7,19,0.09202951559951761
11,8,19,NaN
15,3,18,0.5798937178626712
13,5,18,0.226122338802516
12,6,18,0.20350771270466123
13,5,18,0.27923371017636817
11,7,18,0.8598969392346995
15,3,18,0.635047412777756
10,8,18,0.04964954513285959
14,4,18,0.3067580173687954
15,3,18,0.24524244003177142
13,5,18,0.8356407771585233
14,4,18,NaN
14,4,18,NaN
13,5,18,0.5238679062670301
16,2,18,0.45439882058756564
13,5,18,0.08841043433137821
13,5,18,0.01389863463638223
12,6,18,0.05651344205280098
14,4,18,NaN
14,4,18,0.057001573045734374
13,5,18,NaN
13,5,18,0.47793771766761745
10,8,18,0.19236277848876807
9,9,18,0.9944136266474382
12,6,18,0.9781570007290948
14,4,18,0.46674734782765237
14,4,18,0.016314898271010056
11,7,18,0.07743381151635584
10,8,18,0.6505728275062779
13,5,18,0.012930376099504412
14,4,18,0.1577047185802891
7,11,18,0.43116983099757117
14,4,18,0.003964604231965587
9,9,18,0.024088021686497353
15,3,18,0.17573748206528877
15,3,18,0.9052710563736999
13,5,18,0.6914431924244484
16,2,18,0.019211860151043723
12,6,18,2.511170540254413e-17
9,9,18,0.8886935889394204
7,11,18,0.9208196858431406
13,5,18,NaN
9,9,18,0.7267509803124766
13,5,18,0.22638285711391684
10,8,18,NaN
8,10,18,0.6914431924244484
13,5,18,0.569149748895899
11,7,18,0.786623350458894
11,7,18,0.8120477488685461
14,4,18,0.4875606435472145
14,4,18,0.9814035337823958
14,4,18,0.7243845976925712
16,2,18,0.6104096037191906
11,7,18,0.13720864399957322
13,5,18,0.8886935889394204
16,2,18,0.9030952226408369
11,7,18,NaN
11,7,18,0.5371272577310802
17,1,18,0.5238679062670301
11,7,18,0.46462907279466026
10,8,18,NaN
14,4,18,0.2555492186038529
9,9,18,0.8356407771585233
13,5,18,0.7582540955828375
10,8,18,0.07470550857760336
12,6,18,0.12680008512920185
10,8,18,0.8550088325164503
11,7,18,0.1390539007800917
10,8,18,0.2180321792514569
18,0,18,0.11003319334580011
12,6,18,0.47793771766761745
14,4,18,0.8120477488685461
14,4,18,0.02671216103293696
16,2,18,0.6914431924244484
12,6,18,0.25841863339059545
18,0,18,0.6734523261623956
13,5,18,0.06698998199662683
16,2,18,0.2749710632509176
12,6,18,0.43116983099757117
11,7,18,0.2447606768404553
12,6,18,0.16806732870266622
12,6,18,0.6914431924244484
13,5,18,NaN
10,8,18,0.569149748895899
11,7,18,0.35291544996872376
13,5,18,0.5238679062670301
10,8,18,0.6104096037191906
11,7,18,NaN
16,2,18,0.008461920005397552
13,5,18,0.09943458759150654
14,4,18,0.1176835557913003
14,4,18,0.16977666641425052
12,6,18,0.03794641341295346
15,3,18,0.14695653593489266
18,0,18,NaN
13,5,18,0.8470330128390556
16,2,18,0.49108278401291966
14,4,18,0.06611573959509347
13,5,18,0.8356407771585233
7,11,18,0.3149813444585866
11,7,18,0.240467882745908
8,10,18,0.9144543318755083
8,10,18,0.18103881052705736
13,5,18,0.6914431924244484
15,3,18,0.37361608949720165
9,9,18,0.049523828114177056
16,2,18,0.24524244003177142
14,4,18,0.01389863463638223
12,6,18,0.27923371017636817
15,3,18,0.08596717446393809
15,3,18,0.7476253652239586
16,2,18,0.17665822214958837
8,10,18,0.08596717446393809
10,8,18,0.1452259319141794
9,9,18,0.8356407771585233
13,5,18,0.4858302344377379
15,3,18,0.7051840551574875
13,5,18,0.5517389158679978
16,2,18,0.001651880406391314
14,4,18,NaN
13,5,18,0.04422878935923019
15,3,18,0.927808813496808
16,2,18,0.8420563347904323
14,4,18,0.0625876200337763
3,15,18,0.5343055927764339
15,3,18,0.6987507664693062
15,3,18,0.9163216390929619
12,6,18,NaN
15,3,18,0.47793771766761745
15,3,18,0.7582540955828375
14,4,18,0.8356407771585233
10,8,18,NaN
15,3,18,0.4881401213013328
13,5,18,0.8733102078879845
15,3,18,0.7971405917373999
16,2,18,0.7971405917373999
13,5,18,NaN
12,6,18,0.8120477488685461
13,5,18,0.0069761914769390105
15,3,18,0.7255430170894469
12,6,18,0.7582540955828375
10,8,18,0.8886935889394204
13,5,18,0.06602598606146323
9,9,18,0.1298724704817915
15,3,18,0.1258579744224465
11,7,18,0.3876186938690225
6,12,18,0.29321466086640874
10,8,18,0.31409443517540975
15,3,18,0.8737581549272933
10,8,18,0.4516958513995944
5,13,18,0.6912215794074628
8,10,18,0.1298724704817915
13,5,18,0.9894656266614458
9,9,18,0.6505728275062779
10,8,18,0.7820392856731134
12,6,18,2.1582446918766742e-8
16,2,18,0.7254173488347118
17,1,18,NaN
13,5,18,0.03252564035271814
13,5,18,0.48835881909493345
13,5,18,0.08940638656868989
13,5,18,0.33931642609489265
15,3,18,0.26001860740166294
11,7,18,6.116092613115348e-11
17,1,18,0.1298724704817915
11,7,18,0.11404401218842061
12,6,18,0.39064081951093954
13,5,18,0.0494455745194533
14,4,18,NaN
12,6,18,0.6914431924244484
14,4,18,0.41774745314013734
12,6,18,0.6505728275062779
7,11,18,0.05367349393063757
15,3,18,0.7714101208810823
12,6,18,0.8886935889394204
12,6,18,0.050947094392156604
15,3,18,0.3149813444585866
14,4,18,0.6505728275062779
17,1,18,0.9037660618902502
9,9,18,NaN
9,9,18,0.06520394492126189
15,3,18,0.535015558581042
16,2,18,0.7582540955828375
14,4,18,0.976413425292083
13,5,18,0.9030952226408369
17,1,18,0.6914431924244484
11,7,18,0.47793771766761745
12,6,18,0.786623350458894
10,8,18,0.6505728275062779
8,10,18,1.8721979770758294e-6
12,6,18,0.3149813444585866
11,7,18,0.47793771766761745
15,3,18,0.13109722194558823
12,6,18,0.927808813496808
11,7,18,0.14766029718238274
8,10,18,0.298085208124839
13,5,18,0.7582540955828375
11,7,18,0.026999469171552166
9,9,18,0.6897430133573689
8,10,18,0.9227794561684306
15,3,18,NaN
11,7,18,0.3742435995723311
14,4,18,NaN
9,9,18,0.7068097291346472
15,3,18,0.786623350458894
11,7,18,0.1298724704817915
13,5,18,0.48405999098306696
15,3,18,0.07178198774486431
18,0,18,0.569149748895899
11,7,18,NaN
14,4,18,0.2180321792514569
11,7,18,0.7937506497436896
15,3,18,0.6505728275062779
14,4,18,0.02525146481538045
13,5,18,NaN
10,8,18,0.5538901449796717
10,8,18,0.3742435995723311
16,2,18,6.363457880246503e-6
14,4,18,0.348392690676012
15,3,18,0.31515681159648173
10,8,18,0.9030952226408369
14,4,18,0.35291544996872376
16,2,18,0.7267509803124766
10,8,18,0.040017217909789904
14,4,18,0.3149813444585866
13,5,18,0.9811127762214269
13,5,18,0.005812985542910942
11,7,18,0.24524244003177142
11,7,18,0.8222169940363451
14,4,18,0.9278842493806271
11,7,18,0.1490245492892796
14,4,18,0.6880587719654837
16,2,18,0.8084242153349067
11,7,18,0.9163216390929619
14,4,18,0.9700478328506684
14,4,18,0.02567024169824511
15,3,18,0.8103465456503136
15,3,18,0.9163216390929619
13,5,18,0.19236277848876807
12,6,18,0.057504697145493416
15,3,18,0.6571089705617404
14,4,18,0.0494455745194533
15,3,18,0.3149813444585866
14,4,18,0.4120432192918853
15,3,18,0.03560604151102741
11,7,18,0.43116983099757117
14,4,18,0.8121165545874115
11,7,18,0.000841997965756327
9,9,18,0.09943458759150654
10,8,18,0.057971390251512975
10,8,18,0.024979424385777767
13,5,18,0.3792291976070341
17,1,18,0.06279257074858553
17,1,18,0.8733102078879845
11,7,18,0.39259468851919826
8,10,18,0.0021658441345355074
9,9,18,0.569149748895899
14,4,18,NaN
14,4,18,0.6969053605791781
14,4,18,0.6745576075656271
11,7,18,0.08596717446393809
12,6,18,0.8120477488685461
8,10,18,0.06611573959509347
13,5,18,0.07688740165212873
14,4,18,0.7582540955828375
12,6,18,6.47958573991684e-7
9,9,18,NaN
13,5,18,0.17368710433506626
11,7,18,0.003736962491151852
15,3,18,0.434252350632265
12,6,18,0.2575780237347944
12,6,18,0.11404401218842061
14,4,18,0.06611573959509347
12,6,18,0.569149748895899
14,4,18,0.006566770512558653
12,6,18,0.24524244003177142
13,5,18,0.10865577521940828
10,8,18,NaN
13,5,18,0.569149748895899
12,6,18,0.009778647628762748
18,0,18,0.39064081951093954
13,5,18,NaN
15,3,18,0.544531486681739
9,9,18,0.927808813496808
14,4,18,0.5478031715504391
11,7,18,NaN
11,7,18,NaN
12,6,18,0.04306214895045103
14,4,18,NaN
8,10,18,NaN
11,7,18,0.9977447785712957
10,8,18,0.015674835263348227
9,9,18,0.5238679062670301
13,5,18,0.36955181654122055
12,6,18,0.21364357141624377
14,4,18,NaN
15,3,18,0.26874624569127564
14,4,18,0.4260351099593111
13,5,18,0.34436755433536964
14,4,18,0.4964159108272727
15,3,18,0.24182181791417656
14,4,18,0.6914431924244484
17,1,18,0.3398510589953337
18,0,18,0.00044205303876336223
5,13,18,0.7267509803124766
10,8,18,0.9012417934053495
16,2,18,0.974403268805087
14,4,18,0.5932290821066095
13,5,18,0.7717678460439098
11,7,18,5.844527690281423e-5
13,5,18,NaN
11,7,18,0.8356407771585233
10,8,18,NaN
14,4,18,0.7582540955828375
6,12,18,0.01533978140109222
10,8,18,NaN
13,5,18,NaN
12,6,18,0.05735097310840156
14,4,18,0.08596717446393809
13,5,18,0.6122699191388004
10,8,18,0.6914431924244484
11,7,18,0.01389863463638223
13,5,18,0.9574264943593161
9,9,18,0.8926735212774597
11,7,18,0.9490411065363702
16,2,18,0.6505728275062779
13,5,18,0.35291544996872376
7,11,18,0.9498107709788688
14,4,18,0.19203102194205587
12,6,18,0.08596717446393809
16,2,18,0.6104096037191906
12,6,18,NaN
12,6,18,0.5859398367146251
15,3,18,0.927808813496808
5,13,18,NaN
13,5,18,0.4165954261913659
13,5,18,0.42236973714536497
14,4,18,0.6104096037191906
13,5,18,0.6104096037191906
15,3,18,0.3112595959455639
13,5,18,0.19236277848876807
11,7,18,0.27923371017636817
14,4,18,0.07548339370634642
8,10,18,0.04973714865730227
13,5,18,0.6104096037191906
8,10,18,0.4113241415443393
12,6,18,0.01880761644846058
15,3,18,0.8886935889394204
14,4,18,0.2437054497069554
16,2,18,0.27923371017636817
15,3,18,0.9388397790286686
9,9,18,0.6044529908691718
12,6,18,0.7476897450381128
14,4,18,0.25761925049124035
13,5,18,0.8120477488685461
11,7,18,0.6914431924244484
12,6,18,0.7976315416824463
7,11,18,0.569149748895899
10,8,18,NaN
14,4,18,0.7267509803124766
10,8,18,0.3798740375166462
17,1,18,0.1418937199215479
11,7,18,0.976413425292083
15,3,18,0.8284332174026219
11,7,18,NaN
13,5,18,0.20454101942175748
8,10,18,0.4991160421078876
16,2,18,0.2694387154462428
7,11,18,0.376920247488876
12,6,18,8.103950982473729e-8
12,6,18,0.8120477488685461
13,5,18,0.5875047933163319
13,5,18,0.6914431924244484
8,10,18,NaN
9,9,18,0.05735097310840156
10,8,18,0.8553400459938837
10,8,18,0.7456805400009805
14,4,18,0.3771518381220071
5,13,18,NaN
11,7,18,0.6914431924244484
12,6,18,0.3639069399091061
9,9,18,1.8875711688005397e-7
14,4,18,0.30504494867266135
11,7,18,0.8733102078879845
16,2,18,NaN
10,8,18,0.19236277848876807
11,7,18,0.24460822501461685
12,6,18,0.018063659984134055
14,4,18,0.7267509803124766
11,7,18,0.008126970210441814
14,4,18,0.35291544996872376
11,7,18,NaN
11,7,18,0.0007816739579934577
11,7,18,0.07719835415438564
14,4,18,0.19236277848876807
9,9,18,0.5958343748056257
11,7,18,0.9060835950229434
14,4,18,0.6505728275062779
12,6,18,0.9388397790286686
14,4,18,0.17571440118858525
4,14,18,0.4554278907755289
13,5,18,0.24524244003177142
14,4,18,0.8438063799482737
13,5,18,NaN
16,2,18,0.39064081951093954
15,3,18,0.976413425292083
8,10,18,0.05089468677569448
10,8,18,0.6714506732851715
14,4,18,0.0001306720577708128
13,5,18,0.12092917215399594
11,7,18,0.6104096037191906
9,9,18,0.5868138649188503
15,3,18,0.8733102078879845
10,8,18,0.017141606822949323
13,5,18,0.786623350458894
12,6,18,0.3149813444585866
10,8,18,0.1535238301458931
12,6,18,0.16806732870266622
8,10,18,0.6104096037191906
15,3,18,0.16806732870266622
15,3,18,0.5238679062670301
13,5,18,0.7427734321370411
14,4,18,0.7582540955828375
12,6,18,0.895609284571934
13,5,18,0.06611573959509347
13,5,18,0.3149813444585866
6,12,18,0.19009840026808147
12,6,18,0.039413734062399126
7,11,18,0.4284543065785545
12,6,18,0.019045647355547927
12,6,18,5.4032597197886514e-5
13,5,18,0.5538374299285835
11,7,18,0.7353345814209427
10,8,18,0.9305366899544003
12,6,18,0.7267509803124766
14,4,18,0.005083125456358271
14,4,18,0.8322716531584269
13,5,18,0.013712126257744364
3,15,18,NaN
9,9,18,0.005537788456115057
5,13,18,0.43116983099757117
12,6,18,0.7267509803124766
10,8,18,NaN
10,8,18,0.08665466923058944
11,7,18,0.034317293690990805
13,5,18,0.8090242468222666
11,7,18,0.8886935889394204
12,6,18,0.9163216390929619
9,9,18,0.07470550857760336
14,4,18,0.07235805312586963
15,3,18,0.007731247392675284
7,11,18,0.34148679196524007
7,11,18,0.2582297943420956
16,2,18,0.3149813444585866
10,8,18,0.6505728275062779
15,3,18,0.8553400459938837
9,9,18,0.14766029718238274
9,9,18,0.43116983099757117
14,4,18,0.26134435212527396
14,4,18,NaN
6,12,18,0.04370689030141423
10,8,18,0.00843281382204466
12,6,18,0.7177045504313464
13,5,18,1.1730271163737233e-14
13,5,18,0.22536079906686615
11,7,18,0.04366206962822854
13,5,18,0.0194294699670672
11,7,18,0.43873215973784274
17,1,18,0.7267509803124766
13,5,18,0.9966081752765567
12,6,18,0.3098483403022634
9,9,18,0.8553400459938837
9,9,18,0.6505728275062779
9,9,18,0.9574264943593161
10,8,18,0.12271242326112966
8,10,18,0.8356407771585233
11,7,18,0.6009278962459881
13,5,18,0.3149813444585866
13,5,18,0.09461133503218455
10,8,18,0.5356528369990872
10,8,18,1.3057342840508655e-6
12,6,18,0.08406149812419524
13,5,18,0.6505728275062779
10,8,18,0.39064081951093954
10,8,18,0.9894656266614458
10,8,18,NaN
11,7,18,0.9030952226408369
16,2,18,0.1302554989557062
10,8,18,0.403851406510203
14,4,18,0.6215022275350514
9,9,18,0.6914431924244484
10,8,18,0.7362695246484731
8,10,18,NaN
12,6,18,0.5238679062670301
8,10,18,0.6733338725204463
8,10,18,0.02727426834911622
12,6,18,0.9550046686823203
15,3,18,0.11500558161880858
12,6,18,0.976413425292083
10,8,18,NaN
7,11,18,0.2635919661402064
12,6,18,0.08153641524440954
6,12,18,NaN
10,8,18,0.19236277848876807
8,10,18,0.5092410612574025
10,8,18,0.6863784960971685
11,7,18,0.024979424385777767
5,13,18,0.01044551582857099
6,12,18,NaN
9,9,18,0.40059018897982246
13,5,18,0.7582540955828375
11,7,18,0.8356234148186656
6,12,18,0.09038273652288834
13,5,18,0.8886935889394204
10,8,18,0.16806732870266622
11,7,18,0.47793771766761745
12,6,18,0.4708619484962238
9,9,18,0.28307077970323524
12,6,18,0.786623350458894
14,4,18,0.509235325925905
4,14,18,0.09943458759150654
11,7,18,0.0052099370692472655
7,11,18,0.7878072502566102
10,8,18,0.786623350458894
9,9,18,NaN
13,5,18,0.7582540955828375
7,11,18,0.01504943747471832
11,7,18,0.28359438302863144
13,5,18,0.0013636017652128216
10,8,18,0.37724479029472885
13,5,18,0.7267509803124766
12,6,18,0.019451477356742637
13,5,18,0.09864833986492844
12,6,18,0.9030952226408369
10,8,18,0.013673537187648492
13,5,18,0.35291544996872376
6,12,18,0.5238679062670301
11,7,18,1.2823274379664757e-6
15,3,18,0.5238679062670301
9,9,18,0.24368594119729317
12,6,18,0.8356407771585233
13,5,18,0.06163867128503534
12,6,18,NaN
8,10,18,0.009778647628762748
0,18,18,0.6104096037191906
16,1,17,0.04108655292367057
14,3,17,0.569149748895899
14,3,17,0.26361069907068074
17,0,17,0.2709859774602301
10,7,17,0.6645256373043382
12,5,17,NaN
13,4,17,0.8915062399522097
9,8,17,3.5800076551503234e-12
12,5,17,0.8886935889394204
15,2,17,0.17923589928811115
13,4,17,0.4598148540348415
11,6,17,0.6505728275062779
15,2,17,0.8120477488685461
11,6,17,0.03923415700838753
12,5,17,0.8356407771585233
15,2,17,0.004475247428581538
7,10,17,0.40057686224618433
11,6,17,0.6914431924244484
17,0,17,0.6104096037191906
9,8,17,0.569149748895899
10,7,17,NaN
10,7,17,0.3149813444585866
13,4,17,0.434252350632265
10,7,17,0.003498929746280723
14,3,17,0.16806732870266622
9,8,17,0.09943458759150654
13,4,17,0.7159460255782601
12,5,17,0.5238679062670301
14,3,17,0.8553400459938837
7,10,17,0.0711319012481736
14,3,17,0.11404401218842061
12,5,17,0.47793771766761745
7,10,17,0.8553400459938837
11,6,17,0.47071912788603154
12,5,17,0.8356407771585233
11,6,17,0.6177018808509218
12,5,17,0.428530600234369
14,3,17,0.12417898547719712
10,7,17,0.786623350458894
11,6,17,0.7267509803124766
7,10,17,0.5238679062670301
15,2,17,0.43116983099757117
12,5,17,0.16806732870266622
11,6,17,NaN
9,8,17,0.8733102078879845
11,6,17,0.1298724704817915
15,2,17,0.5062305180016348
11,6,17,0.02035129797750294
10,7,17,0.1298724704817915
14,3,17,0.19236277848876807
9,8,17,0.20840001689108031
15,2,17,0.27923371017636817
12,5,17,0.9388397790286686
12,5,17,1.0739584621379856e-6
13,4,17,0.005963735767188439
16,1,17,0.23912482062798096
14,3,17,0.4207174552846458
17,0,17,0.7267509803124766
14,3,17,0.6104096037191906
9,8,17,0.0494455745194533
15,2,17,0.09943458759150654
12,5,17,0.29649219863134413
15,2,17,0.06450760581668652
12,5,17,0.03794641341295346
13,4,17,0.6914431924244484
8,9,17,0.3149813444585866
15,2,17,0.026459394210309975
8,9,17,0.3149813444585866
10,7,17,NaN
6,11,17,0.5492837405855631
10,7,17,0.786623350458894
13,4,17,1.0040507775025332e-5
12,5,17,0.12773975537169022
16,1,17,0.28156871035331515
14,3,17,0.443338251904699
12,5,17,0.2594323268891036
15,2,17,0.927808813496808
16,1,17,0.9838431072860508
10,7,17,0.43116983099757117
12,5,17,0.8120477488685461
8,9,17,0.39064081951093954
8,9,17,0.9049113247247513
11,6,17,0.0004947725474043278
12,5,17,0.08072090703573134
14,3,17,0.927808813496808
11,6,17,0.03794641341295346
11,6,17,0.03794641341295346
15,2,17,0.27923371017636817
13,4,17,0.010590124734692537
10,7,17,0.786623350458894
16,1,17,0.8420312144037658
14,3,17,0.9208710587338479
17,0,17,0.7267509803124766
13,4,17,0.10668916920004635
14,3,17,0.1298724704817915
13,4,17,0.06300911531109181
14,3,17,NaN
15,2,17,0.03422895896948013
11,6,17,0.8905031003601305
12,5,17,0.2370872259488594
11,6,17,NaN
12,5,17,0.16806732870266622
15,2,17,0.1897264079208636
12,5,17,0.25979846609330315
15,2,17,0.09624014586270531
9,8,17,0.0494455745194533
16,1,17,0.786623350458894
11,6,17,0.9329429693680733
10,7,17,0.8415454746148262
10,7,17,0.13723604531668815
12,5,17,0.10496729307856598
13,4,17,0.23721625565726448
16,1,17,0.6914431924244484
12,5,17,0.14766029718238274
16,1,17,0.6505728275062779
13,4,17,0.8120477488685461
9,8,17,0.5238679062670301
13,4,17,0.45412572329706863
11,6,17,0.054550431958309525
16,1,17,0.3149813444585866
9,8,17,0.12645481336172268
12,5,17,0.8120477488685461
16,1,17,NaN
8,9,17,0.6505728275062779
12,5,17,0.27923371017636817
14,3,17,0.012099106464360724
15,2,17,0.07019949981212667
10,7,17,NaN
11,6,17,0.5028350770788523
14,3,17,0.007068328898011305
14,3,17,NaN
12,5,17,0.33946891733981766
7,10,17,0.6104096037191906
13,4,17,0.6903456803885557
12,5,17,0.8438423357264185
10,7,17,0.08410181471914081
7,10,17,0.976413425292083
12,5,17,0.8120477488685461
16,1,17,0.780190049397316
12,5,17,0.42514777349959965
10,7,17,NaN
12,5,17,0.018229250553309765
9,8,17,NaN
9,8,17,0.11404401218842061
15,2,17,0.08596717446393809
12,5,17,0.00577445305810282
13,4,17,NaN
5,12,17,0.8356407771585233
10,7,17,4.511572417720592e-5
11,6,17,0.987237937343176
12,5,17,0.569149748895899
13,4,17,0.8781068198919112
8,9,17,0.3149813444585866
13,4,17,NaN
8,9,17,0.508953933519552
9,8,17,0.24631578167811732
15,2,17,0.06440146802564656
15,2,17,0.976413425292083
12,5,17,0.16806732870266622
9,8,17,0.3769816357406774
11,6,17,0.35291544996872376
11,6,17,0.786623350458894
14,3,17,0.5845043225828493
11,6,17,0.06290779359395417
15,2,17,0.8733102078879845
14,3,17,0.7582540955828375
15,2,17,0.6968329974115571
14,3,17,0.6376591069466422
12,5,17,NaN
15,2,17,0.35291544996872376
13,4,17,0.7582540955828375
8,9,17,0.04422878935923019
8,9,17,0.01808457153853621
13,4,17,0.7551888657132336
12,5,17,0.24391384367915364
11,6,17,0.5271156477446863
13,4,17,0.35291544996872376
14,3,17,0.39064081951093954
9,8,17,0.6635745230501309
11,6,17,0.2180321792514569
16,1,17,0.2581944663897952
10,7,17,0.18013456410173428
14,3,17,0.028886075440067927
7,10,17,NaN
10,7,17,NaN
12,5,17,NaN
14,3,17,0.6104096037191906
14,3,17,0.6104096037191906
10,7,17,0.5324843322519373
12,5,17,0.00048454870780256044
13,4,17,0.3149813444585866
13,4,17,0.4642115807403252
14,3,17,2.4324133225459774e-7
11,6,17,0.7582540955828375
12,5,17,0.6505728275062779
14,3,17,NaN
9,8,17,0.10104053580263075
7,10,17,NaN
12,5,17,0.7574089747845156
12,5,17,0.7013148700450363
11,6,17,0.9163216390929619
7,10,17,0.1149852721241039
14,3,17,4.30071984639174e-8
12,5,17,NaN
10,7,17,0.16806732870266622
14,3,17,0.5238679062670301
10,7,17,0.9626402682131646
13,4,17,0.9163216390929619
13,4,17,0.029195089371910662
8,9,17,0.0585997377730128
13,4,17,0.7630647027675251
16,1,17,0.003845461454367164
12,5,17,NaN
16,1,17,0.2180321792514569
14,3,17,0.7377518677167634
13,4,17,NaN
11,6,17,0.569149748895899
14,3,17,0.08596717446393809
8,9,17,0.06148493056274291
13,4,17,0.6914431924244484
7,10,17,0.7556978411434596
11,6,17,0.32060825008327226
13,4,17,0.3160407649063274
10,7,17,0.9116515474873951
12,5,17,NaN
7,10,17,0.8749807266668611
17,0,17,0.24524244003177142
12,5,17,0.35291544996872376
9,8,17,0.21738936989366414
12,5,17,0.8553400459938837
17,0,17,0.8422680619144889
12,5,17,0.6505728275062779
11,6,17,0.27491026813872427
12,5,17,0.7582540955828375
17,0,17,0.7582540955828375
13,4,17,NaN
12,5,17,0.4492568979831514
12,5,17,0.999571469716254
16,1,17,NaN
14,3,17,0.786623350458894
17,0,17,0.47793771766761745
12,5,17,7.178861673955595e-5
12,5,17,0.0038046755977006776
12,5,17,0.2136893171668084
12,5,17,0.0401814512439978
15,2,17,0.5518230716037433
12,5,17,0.786623350458894
13,4,17,0.6505728275062779
16,1,17,0.14766029718238274
11,6,17,0.2399548016524519
10,7,17,0.43116983099757117
14,3,17,0.2180321792514569
14,3,17,0.8356407771585233
15,2,17,0.9649170932836378
9,8,17,0.29152744922397855
9,8,17,0.38651347107216605
11,6,17,0.1298724704817915
12,5,17,0.04422878935923019
7,10,17,0.7754706369411236
12,5,17,0.09943458759150654
10,7,17,0.37407338728350964
8,9,17,0.5238679062670301
12,5,17,0.03794641341295346
11,6,17,1.0260707289992425e-5
17,0,17,NaN
15,2,17,0.7582540955828375
13,4,17,0.569149748895899
13,4,17,0.2180321792514569
14,3,17,NaN
11,6,17,0.6221960769107671
15,2,17,0.5238679062670301
15,2,17,0.8553400459938837
10,7,17,0.786623350458894
10,7,17,0.279102362902047
13,4,17,0.34737781907098164
12,5,17,0.27923371017636817
11,6,17,0.9649170932836378
11,6,17,0.3453947992010969
11,6,17,0.43116983099757117
12,5,17,NaN
9,8,17,0.2205233621104929
15,2,17,NaN
9,8,17,NaN
7,10,17,0.244784264352271
9,8,17,0.009778647628762748
11,6,17,0.5685220017711174
8,9,17,0.47793771766761745
16,1,17,0.6505728275062779
9,8,17,0.6104096037191906
11,6,17,0.8120477488685461
9,8,17,0.02960879216763601
11,6,17,0.3149813444585866
13,4,17,0.786623350458894
14,3,17,0.049431027460480864
10,7,17,0.7993600872299944
13,4,17,0.23533927788459774
11,6,17,0.6104096037191906
16,1,17,0.20200329776063802
14,3,17,0.43116983099757117
9,8,17,0.43116983099757117
15,2,17,0.6914431924244484
12,5,17,NaN
10,7,17,NaN
12,5,17,0.9163216390929619
10,7,17,0.1001715455690501
10,7,17,0.13643473806811868
12,5,17,0.2929685525838139
13,4,17,0.5238679062670301
9,8,17,0.9649170932836378
12,5,17,0.8553400459938837
14,3,17,NaN
16,1,17,0.3149813444585866
9,8,17,0.042065194022621925
11,6,17,0.8733102078879845
12,5,17,0.8733102078879845
12,5,17,0.9163216390929619
7,10,17,0.6124850666781179
6,11,17,0.19442285129984113
8,9,17,0.09943458759150654
14,3,17,0.2636744451571519
9,8,17,0.569149748895899
11,6,17,0.1288823483443298
11,6,17,0.7810325782778438
12,5,17,0.2180321792514569
12,5,17,0.8553400459938837
8,9,17,0.6914431924244484
15,2,17,0.5238679062670301
14,3,17,0.9649170932836378
11,6,17,0.569149748895899
8,9,17,0.24524244003177142
8,9,17,0.7267509803124766
12,5,17,0.07470550857760336
10,7,17,0.7582540955828375
11,6,17,0.27923371017636817
10,7,17,0.7110840275955896
12,5,17,2.4312091948485616e-5
12,5,17,0.028886075440067927
11,6,17,0.6914431924244484
15,2,17,0.7582540955828375
14,3,17,0.569149748895899
9,8,17,0.8334585995484338
12,5,17,NaN
8,9,17,0.7267509803124766
11,6,17,0.49828939203917005
13,4,17,1.5476547230945632e-6
13,4,17,0.06611573959509347
10,7,17,0.786623350458894
8,9,17,0.786623350458894
11,6,17,0.8601054495843692
14,3,17,0.6948729241227136
16,1,17,0.9604374572615237
15,2,17,0.7582540955828375
14,3,17,0.44761555770487343
12,5,17,0.17573444659959167
10,7,17,0.15385414083975474
16,1,17,0.16806732870266622
6,11,17,0.24524244003177142
14,3,17,NaN
13,4,17,0.6505728275062779
13,4,17,0.39064081951093954
14,3,17,0.8733102078879845
13,4,17,0.19590470524050466
6,11,17,NaN
11,6,17,0.35291544996872376
12,5,17,0.7731316344270219
15,2,17,0.6505728275062779
4,13,17,NaN
10,7,17,0.786623350458894
12,5,17,0.927808813496808
11,6,17,0.9811127762214269
12,5,17,0.4256303463105041
14,3,17,0.4805170117305434
13,4,17,1.1242589533157422e-11
16,1,17,0.786623350458894
11,6,17,0.8120477488685461
11,6,17,0.0125666915006404
11,6,17,0.14974809563216557
13,4,17,0.39064081951093954
9,8,17,0.5151668437882826
14,3,17,0.4092134767180488
7,10,17,0.6505728275062779
14,3,17,0.2869777100666304
15,2,17,0.0010594825509165613
13,4,17,0.16806732870266622
15,2,17,0.009630316766919542
12,5,17,0.0002727217483945868
16,1,17,0.9163216390929619
9,8,17,0.786623350458894
14,3,17,NaN
13,4,17,0.7645898686153514
15,2,17,0.7582540955828375
10,7,17,0.27923371017636817
11,6,17,0.927808813496808
12,5,17,0.7582540955828375
10,7,17,0.057200279132576734
8,9,17,0.5238679062670301
12,5,17,0.05735097310840156
13,4,17,0.5608165511214481
10,7,17,0.05115153792004506
15,2,17,0.19236277848876807
8,9,17,0.8356407771585233
12,5,17,0.055582879195765676
14,3,17,0.19181604589851997
15,2,17,0.8795612281561821
9,8,17,0.569149748895899
9,8,17,0.06987514958024155
11,6,17,0.23194421925005532
7,10,17,0.030456654273696277
10,7,17,NaN
10,7,17,0.0005245260710193799
15,2,17,0.07470550857760336
9,8,17,0.43116983099757117
14,3,17,1.5567119208270014e-8
13,4,17,0.9388397790286686
6,11,17,0.2180321792514569
11,6,17,0.30021795194770345
13,4,17,0.927808813496808
10,7,17,0.6631752548826297
10,7,17,0.14766029718238274
6,11,17,0.6351618898905972
13,4,17,0.27704729219108637
14,3,17,NaN
13,4,17,0.06611573959509347
15,2,17,0.8886935889394204
10,7,17,0.011551079077192813
11,6,17,0.1298724704817915
13,4,17,0.05735097310840156
7,10,17,0.47793771766761745
11,6,17,0.9624802709094217
13,4,17,0.00206561521163883
13,4,17,0.7582540955828375
13,4,17,0.14733907092964157
7,10,17,0.16806732870266622
14,3,17,0.5238679062670301
7,10,17,0.021960220642977778
12,5,17,0.11238283400260263
12,5,17,0.1103865794223758
10,7,17,0.8886935889394204
10,7,17,0.3803150878140453
14,3,17,NaN
11,6,17,NaN
13,4,17,0.6914431924244484
13,4,17,0.9811127762214269
15,2,17,0.9178633461135688
11,6,17,0.47266832536886993
10,7,17,0.2661877905994226
10,7,17,0.43116983099757117
12,5,17,0.39064081951093954
13,4,17,0.569149748895899
13,4,17,0.8120477488685461
13,4,17,0.0018685329208981566
13,4,17,0.6422166221771615
11,6,17,0.27923371017636817
11,6,17,0.39064081951093954
10,7,17,0.7582540955828375
16,1,17,0.5238679062670301
8,9,17,0.004316587960056543
14,3,17,0.6505728275062779
13,4,17,0.8733102078879845
11,6,17,0.6104096037191906
6,11,17,0.27923371017636817
14,3,17,0.5019664283181796
14,3,17,0.25128594972809765
11,6,17,NaN
15,2,17,0.2443575560208113
8,9,17,0.7267509803124766
13,4,17,0.009193913937938314
11,6,17,0.5238679062670301
14,3,17,0.45677512738407716
10,7,17,0.9792412109570652
13,4,17,NaN
11,6,17,0.10617237434556377
11,6,17,0.927808813496808
11,6,17,0.5238679062670301
14,3,17,0.11275721317893599
12,5,17,0.47793771766761745
10,7,17,0.03794641341295346
9,8,17,0.07294083545464225
12,5,17,0.9923710697724246
11,6,17,0.9272780706028005
7,10,17,0.03317022976394289
11,6,17,0.573000365888612
10,7,17,0.927808813496808
15,2,17,0.8477546288291843
11,6,17,0.27923371017636817
11,6,17,0.9030952226408369
13,4,17,1.5432852080852572e-5
14,3,17,0.16806732870266622
9,8,17,0.19236277848876807
6,11,17,0.47793771766761745
14,3,17,0.6104096037191906
11,6,17,0.786623350458894
14,3,17,NaN
12,5,17,0.004084209245751944
9,8,17,0.47793771766761745
12,5,17,0.786623350458894
14,3,17,0.1298724704817915
12,5,17,0.5238679062670301
12,5,17,0.24397643896962964
13,4,17,0.024979424385777767
10,7,17,0.569149748895899
14,3,17,0.03225642009965496
11,6,17,0.5137712076769645
12,5,17,0.24524244003177142
13,4,17,0.35391383538068705
6,11,17,0.02153222217499462
10,7,17,0.12289396983693622
7,10,17,0.19236277848876807
12,5,17,0.008703010931408371
12,5,17,0.024979424385777767
15,2,17,0.5176500305694816
12,5,17,0.6880751652472807
10,7,17,0.199438750995816
16,1,17,0.583704258552935
9,8,17,0.6505728275062779
11,6,17,0.9388397790286686
13,4,17,0.09943458759150654
12,5,17,0.16806732870266622
11,6,17,0.41700799793765303
6,11,17,0.3149813444585866
13,4,17,0.39064081951093954
12,5,17,NaN
11,6,17,NaN
12,5,17,0.35291544996872376
16,1,17,0.882770753351599
14,3,17,0.03576050897086274
12,5,17,0.4712081165916592
11,6,17,0.05814432758308865
10,7,17,0.9574264943593161
13,4,17,NaN
7,10,17,0.8733102078879845
8,9,17,0.05735097310840156
6,11,17,0.3394827800964382
13,4,17,0.29031552023269463
12,5,17,0.5238679062670301
12,5,17,0.47793771766761745
8,9,17,0.1298724704817915
12,5,17,0.976413425292083
12,5,17,NaN
14,3,17,NaN
11,6,17,0.14957336921813058
8,9,17,0.2074336080892737
14,3,17,0.20843921694012235
10,7,17,0.5238679062670301
10,7,17,0.3149813444585866
13,4,17,0.1331422827046218
11,6,17,0.7582540955828375
10,7,17,0.9030952226408369
6,11,17,0.2477684300345629
2,15,17,0.45150441487122767
6,11,17,0.024979424385777767
13,4,17,0.013712126257744364
10,7,17,0.7823686695400939
13,4,17,0.27923371017636817
7,10,17,0.1289522269790458
9,8,17,0.16594948891315084
14,3,17,0.7267509803124766
14,3,17,0.9927242667073665
10,7,17,0.046522267568891794
12,5,17,0.5943404369742408
9,8,17,0.03882938247350222
14,3,17,0.22610864911857503
8,9,17,0.0005245260710193799
6,11,17,0.32507203558018594
11,6,17,0.27923371017636817
9,8,17,0.6167276926402169
8,9,17,NaN
13,4,17,0.3149813444585866
11,6,17,0.01672849991745417
11,6,17,0.786623350458894
6,11,17,0.3167742018810966
11,6,17,0.9649170932836378
7,10,17,NaN
11,6,17,0.5574815151212139
10,7,17,0.1298724704817915
12,5,17,0.29257091331012974
13,4,17,0.8855317841966583
13,4,17,0.16806732870266622
10,7,17,0.33326865980046866
8,9,17,0.6914431924244484
15,2,17,0.7582540955828375
12,5,17,0.10402820165755808
12,5,17,0.5238679062670301
8,9,17,0.8522681939012121
5,12,17,NaN
12,5,17,0.7492066249863193
7,10,17,NaN
10,7,17,0.6777695128181356
11,6,17,NaN
7,10,17,0.8120477488685461
10,7,17,0.024979424385777767
5,12,17,0.39489615203904993
8,9,17,NaN
7,10,17,0.1298724704817915
7,10,17,0.8234098866904849
10,7,17,0.056080058349943035
8,9,17,0.11404401218842061
14,3,17,0.7059305357774761
6,11,17,0.07940628283938449
0,17,17,NaN
15,1,16,0.3149813444585866
11,5,16,0.24524244003177142
11,5,16,0.47793771766761745
6,10,16,0.786623350458894
13,3,16,0.19236277848876807
14,2,16,0.09943458759150654
12,4,16,0.16806732870266622
8,8,16,0.24524244003177142
9,7,16,0.927808813496808
9,7,16,0.11072243263795642
12,4,16,NaN
11,5,16,0.27923371017636817
9,7,16,0.0030522525449457427
12,4,16,NaN
12,4,16,0.14766029718238274
14,2,16,0.1549169948833652
14,2,16,0.0069761914769390105
13,3,16,0.33760602663517336
12,4,16,0.1298724704817915
8,8,16,0.47793771766761745
16,0,16,0.09943458759150654
13,3,16,0.005683833276154068
15,1,16,0.5684462032054458
12,4,16,NaN
6,10,16,0.08831300977470789
7,9,16,0.927808813496808
13,3,16,0.09664106527988661
13,3,16,0.5267226863898712
9,7,16,0.7213574018943657
13,3,16,9.689936880603499e-8
14,2,16,0.9163216390929619
11,5,16,0.11281315446021763
7,9,16,0.45813683403839317
12,4,16,0.43116983099757117
11,5,16,0.8665005049185559
12,4,16,0.3848911649245451
12,4,16,0.1298333048371158
16,0,16,NaN
15,1,16,0.09864833986492844
9,7,16,0.7267509803124766
13,3,16,0.7267509803124766
15,1,16,0.07000976209110062
16,0,16,NaN
7,9,16,0.6914431924244484
14,2,16,0.42537305567347006
11,5,16,0.6914431924244484
9,7,16,0.5238679062670301
7,9,16,0.6914431924244484
12,4,16,0.5349580477750201
9,7,16,0.27923371017636817
13,3,16,0.9163216390929619
10,6,16,0.8714133350315937
11,5,16,NaN
12,4,16,NaN
12,4,16,0.14766029718238274
13,3,16,0.17776669322541172
14,2,16,0.2688726217189456
10,6,16,0.3149813444585866
10,6,16,0.2911066943689218
8,8,16,NaN
14,2,16,0.008921188929335636
10,6,16,0.9647176847332639
13,3,16,0.023507810291445035
12,4,16,0.6914431924244484
14,2,16,0.4729409466999116
13,3,16,0.41283611865885633
11,5,16,0.25841863339059545
12,4,16,0.8045777400548616
11,5,16,0.24524244003177142
10,6,16,0.8733102078879845
11,5,16,0.9711836190363513
6,10,16,0.6505728275062779
7,9,16,0.5446945752455903
9,7,16,0.9815353570757909
11,5,16,0.48399427984400384
16,0,16,0.8841108077998974
10,6,16,NaN
12,4,16,NaN
12,4,16,0.0005029616302900957
13,3,16,0.10419563974854139
10,6,16,0.4164395352668605
13,3,16,0.03337526311669015
12,4,16,0.5238679062670301
12,4,16,0.024979424385777767
7,9,16,0.07470550857760336
9,7,16,0.10650553459128373
13,3,16,0.011532985534739066
11,5,16,0.7267509803124766
13,3,16,0.8733102078879845
12,4,16,0.7418184099199671
13,3,16,0.8089772077842032
12,4,16,0.09943458759150654
9,7,16,0.27923371017636817
14,2,16,0.8251287332662642
8,8,16,0.3991804991956431
11,5,16,0.520053458607958
8,8,16,0.6104096037191906
13,3,16,0.43116983099757117
14,2,16,0.024591694557900588
11,5,16,0.6505728275062779
14,2,16,0.060069387632799856
15,1,16,0.47785747272415985
13,3,16,0.22517472444014322
12,4,16,0.2180321792514569
12,4,16,0.27923371017636817
11,5,16,0.2203199795714991
9,7,16,NaN
10,6,16,0.671884262440174
13,3,16,0.05636428661604266
10,6,16,0.8886935889394204
11,5,16,0.021960220642977778
15,1,16,1.0314414219550229e-8
12,4,16,0.786623350458894
9,7,16,0.14130249784287108
10,6,16,0.6914431924244484
10,6,16,0.1298724704817915
12,4,16,0.09943458759150654
11,5,16,0.927808813496808
10,6,16,0.43116983099757117
8,8,16,0.003736962491151852
12,4,16,0.11404401218842061
9,7,16,0.07470550857760336
14,2,16,0.08385215067064358
6,10,16,0.8815560790124995
14,2,16,0.17414192631530095
9,7,16,0.19586239757844154
11,5,16,0.1298724704817915
13,3,16,NaN
12,4,16,0.5356574979690264
15,1,16,0.24524244003177142
9,7,16,NaN
12,4,16,NaN
12,4,16,0.6104096037191906
11,5,16,0.9030952226408369
10,6,16,0.7377518677167634
9,7,16,0.6104096037191906
11,5,16,0.786623350458894
13,3,16,0.6505728275062779
14,2,16,0.8383188728615674
10,6,16,0.05735097310840156
15,1,16,0.011532985534739066
11,5,16,0.39551643646850454
11,5,16,0.11630718581987913
10,6,16,0.15108107506198015
15,1,16,0.06754735844147498
13,3,16,0.7267509803124766
15,1,16,0.08596717446393809
14,2,16,0.6336167339280843
11,5,16,0.08596717446393809
14,2,16,0.4155837349263178
11,5,16,0.8553400459938837
14,2,16,0.3941328313838194
8,8,16,0.07208448570893271
10,6,16,0.06611573959509347
8,8,16,0.6914431924244484
11,5,16,NaN
9,7,16,0.9574264943593161
13,3,16,0.9574264943593161
14,2,16,0.976413425292083
7,9,16,0.0019675271788632967
13,3,16,0.8228512845621858
15,1,16,0.35291544996872376
11,5,16,0.35542217803473797
13,3,16,0.0739986198755672
10,6,16,NaN
13,3,16,0.27923371017636817
8,8,16,0.27923371017636817
14,2,16,0.35291544996872376
12,4,16,0.6104096037191906
13,3,16,0.7267509803124766
15,1,16,0.01389863463638223
10,6,16,0.18252452791249305
14,2,16,0.23450945453911315
6,10,16,0.8615410241408302
8,8,16,0.012775662171771743
11,5,16,0.8356407771585233
13,3,16,0.786623350458894
9,7,16,0.786623350458894
12,4,16,0.7577856821590561
12,4,16,0.4894898520532541
16,0,16,0.001674435085710787
14,2,16,0.004497976151771823
14,2,16,NaN
12,4,16,0.9344132953724426
6,10,16,0.5238679062670301
11,5,16,0.8201376674967286
9,7,16,0.4941031947134869
13,3,16,0.02567024169824511
12,4,16,0.47793771766761745
7,9,16,0.24524244003177142
14,2,16,0.8983539636908847
9,7,16,0.004802085451674007
8,8,16,0.47793771766761745
9,7,16,0.7216359530122496
12,4,16,0.8356407771585233
12,4,16,0.08347168638697826
10,6,16,0.09818376398099275
12,4,16,0.5238679062670301
14,2,16,NaN
11,5,16,0.06173741226939378
9,7,16,NaN
11,5,16,0.279102362902047
8,8,16,0.0013140100899287435
8,8,16,0.11404401218842061
11,5,16,0.6914431924244484
6,10,16,NaN
10,6,16,0.7267509803124766
7,9,16,0.21045766366933516
11,5,16,0.8120477488685461
7,9,16,0.015949722080473596
13,3,16,0.08622811860676048
12,4,16,0.9681598263748241
13,3,16,0.05845801447574302
10,6,16,0.8153083058530535
8,8,16,0.0125666915006404
14,2,16,3.5544713972302155e-5
9,7,16,0.3149813444585866
11,5,16,0.5773058455873221
8,8,16,0.43116983099757117
10,6,16,0.1298724704817915
13,3,16,0.00688182463002634
10,6,16,0.20446522187106064
11,5,16,0.15070034843408195
14,2,16,0.9711836190363513
14,2,16,0.22804845861030715
10,6,16,0.24524244003177142
11,5,16,0.927808813496808
11,5,16,0.01935040053557205
9,7,16,0.01880761644846058
12,4,16,NaN
13,3,16,0.8553400459938837
6,10,16,0.6104096037191906
9,7,16,0.8553400459938837
11,5,16,0.0033805027105114635
12,4,16,0.6914431924244484
11,5,16,0.4047451295745834
11,5,16,0.29398775652436904
7,9,16,0.9811127762214269
13,3,16,0.2180321792514569
10,6,16,0.14619510397328314
14,2,16,0.6225864249068848
9,7,16,0.08596717446393809
15,1,16,0.7582540955828375
11,5,16,0.569149748895899
11,5,16,0.3684366941581071
14,2,16,NaN
7,9,16,NaN
10,6,16,0.0004831845624800179
10,6,16,0.4226679753771598
9,7,16,0.18268889243605613
14,2,16,0.03336477736565598
13,3,16,0.8438423357264185
11,5,16,NaN
14,2,16,0.04058047110496641
9,7,16,0.16806732870266622
10,6,16,0.5073621134381501
10,6,16,0.1638698292649792
13,3,16,0.47793771766761745
6,10,16,0.7267509803124766
12,4,16,0.20674865453103278
8,8,16,0.5250567057525605
11,5,16,0.9711836190363513
6,10,16,0.042166057371900705
8,8,16,1.1069934811659392e-6
10,6,16,0.14030936073036446
11,5,16,NaN
8,8,16,NaN
16,0,16,0.6941654285541331
13,3,16,0.19236277848876807
11,5,16,0.11404401218842061
8,8,16,NaN
11,5,16,0.7582540955828375
11,5,16,0.38120040655300724
10,6,16,0.002341385228516042
14,2,16,0.33914565940818797
11,5,16,0.744354685837057
13,3,16,0.786623350458894
10,6,16,NaN
15,1,16,0.014894203191090331
13,3,16,0.6785173121259562
8,8,16,0.09943458759150654
8,8,16,0.7184127471308331
11,5,16,0.7995566534302362
14,2,16,NaN
11,5,16,0.3149813444585866
16,0,16,0.19236277848876807
12,4,16,0.6505728275062779
11,5,16,0.059375014099305
9,7,16,0.21932433908219287
13,3,16,0.20178885856879036
10,6,16,NaN
7,9,16,0.8442143217132388
12,4,16,0.11727910176199036
11,5,16,0.9030952226408369
13,3,16,0.5238679062670301
12,4,16,0.38120040655300724
12,4,16,0.927808813496808
13,3,16,0.2198757938963596
15,1,16,0.2180321792514569
12,4,16,0.0008607290697209527
13,3,16,0.19236277848876807
11,5,16,0.0089121507640341
12,4,16,0.35291544996872376
11,5,16,0.7965188419159412
8,8,16,0.8553400459938837
5,11,16,0.9030952226408369
11,5,16,0.4510306748943155
10,6,16,0.00036290265255528576
12,4,16,0.9030952226408369
15,1,16,0.927808813496808
8,8,16,0.09059027703148187
13,3,16,0.0643343323744314
10,6,16,0.8345901848713788
12,4,16,0.5935059829432466
13,3,16,0.08596717446393809
15,1,16,0.3986582587600586
14,2,16,0.3040467098806182
15,1,16,NaN
7,9,16,0.00018276124273200174
11,5,16,0.8120477488685461
13,3,16,0.016314898271010056
11,5,16,0.27369177007057516
13,3,16,0.39064081951093954
9,7,16,0.010956805886802375
7,9,16,0.47793771766761745
12,4,16,NaN
7,9,16,0.927808813496808
11,5,16,NaN
9,7,16,1.759710615828107e-17
10,6,16,NaN
11,5,16,0.43116983099757117
12,4,16,0.5661458330262015
11,5,16,0.7267509803124766
10,6,16,0.7327060107672737
10,6,16,0.4929616008487722
13,3,16,NaN
13,3,16,0.026544105439047547
6,10,16,0.5128723981889991
7,9,16,0.9030952226408369
6,10,16,NaN
10,6,16,4.871940815848876e-5
12,4,16,1.7528563139962134e-5
16,0,16,0.4240378693561768
15,1,16,0.0494455745194533
12,4,16,0.19236277848876807
12,4,16,0.05330096178578783
11,5,16,0.6104096037191906
12,4,16,0.2507961516249971
11,5,16,0.24996777919646226
11,5,16,0.8417597041123437
10,6,16,0.14747593194869013
12,4,16,0.05422466433035453
9,7,16,0.258131959231999
11,5,16,0.786623350458894
13,3,16,0.17104099674583134
12,4,16,0.09458739958692793
14,2,16,0.001087883808453319
14,2,16,0.08622811860676048
10,6,16,0.6035857129840764
12,4,16,0.6586256137369226
8,8,16,0.6914431924244484
10,6,16,NaN
15,1,16,NaN
13,3,16,0.8894872790652307
13,3,16,0.14766029718238274
6,10,16,0.8553400459938837
14,2,16,0.9527674506648444
10,6,16,0.08204737904851192
16,0,16,0.0423011529859463
13,3,16,0.42013414946672634
13,3,16,0.6914431924244484
13,3,16,0.6738985202756693
13,3,16,0.9372708383534336
9,7,16,0.39064081951093954
9,7,16,0.26582468349812016
8,8,16,0.0010844076421933431
12,4,16,0.7267509803124766
14,2,16,0.9831992379850718
9,7,16,NaN
14,2,16,0.007794072996325431
8,8,16,0.07470550857760336
10,6,16,0.3149813444585866
7,9,16,0.7441694138382422
10,6,16,0.9110103630662282
8,8,16,0.5019494461543331
15,1,16,0.927808813496808
5,11,16,0.09198105980083514
8,8,16,0.47793771766761745
9,7,16,0.9388397790286686
13,3,16,0.43116983099757117
14,2,16,0.7883696248010116
9,7,16,0.35291544996872376
10,6,16,0.43116983099757117
10,6,16,0.968500499506702
15,1,16,0.9857264206675347
14,2,16,0.8051470103453523
4,12,16,NaN
10,6,16,0.6505728275062779
11,5,16,NaN
9,7,16,0.018229250553309765
10,6,16,0.13368400210847103
9,7,16,0.9649170932836378
11,5,16,0.6914431924244484
13,3,16,0.39064081951093954
8,8,16,0.927808813496808
11,5,16,0.05548669974491552
8,8,16,0.18268889243605613
13,3,16,0.2487387337807112
13,3,16,0.9463302358534665
9,7,16,0.028886075440067927
13,3,16,0.786623350458894
16,0,16,0.569149748895899
11,5,16,0.3149813444585866
6,10,16,0.43116983099757117
7,9,16,0.16806732870266622
6,10,16,0.09137910693701533
9,7,16,0.927808813496808
12,4,16,0.004748329130221185
11,5,16,0.13201981927414394
12,4,16,0.42588437050292194
11,5,16,0.7216270646592551
11,5,16,0.29624974636604956
11,5,16,NaN
14,2,16,0.7582540955828375
11,5,16,0.41972665434581785
14,2,16,0.25515656253939945
8,8,16,0.7582540955828375
9,7,16,0.19236277848876807
10,6,16,0.4311012318041039
9,7,16,0.2049868536459767
11,5,16,0.0494455745194533
11,5,16,0.9852127742606888
12,4,16,0.16806732870266622
7,9,16,0.47793771766761745
14,2,16,0.09943458759150654
6,10,16,0.12187209891123059
12,4,16,0.7421844373812497
12,4,16,0.5729635328980598
10,6,16,0.09943458759150654
11,5,16,0.8513046372730211
13,3,16,0.6614745683287327
13,3,16,0.6914431924244484
12,4,16,NaN
12,4,16,0.786623350458894
9,7,16,NaN
12,4,16,0.8120477488685461
14,2,16,0.5772247307024195
13,3,16,NaN
12,4,16,NaN
10,6,16,0.008126970210441814
12,4,16,0.2180321792514569
12,4,16,0.6505728275062779
7,9,16,NaN
9,7,16,0.569149748895899
11,5,16,0.3149813444585866
8,8,16,0.7582540955828375
13,3,16,0.3742435995723311
12,4,16,0.6153940068137741
5,11,16,0.07470550857760336
14,2,16,0.10690530221104588
13,3,16,0.7050280867029836
13,3,16,0.09943458759150654
10,6,16,0.03832442848911993
14,2,16,0.10614217952144234
10,6,16,0.10885650900680569
13,3,16,0.13685926584970762
11,5,16,0.8256230883739165
12,4,16,0.08596717446393809
13,3,16,0.39064081951093954
11,5,16,0.4178595746907311
8,8,16,0.7582540955828375
13,3,16,0.47793771766761745
13,3,16,0.8733102078879845
12,4,16,0.6104096037191906
9,7,16,0.27923371017636817
9,7,16,0.47793771766761745
13,3,16,0.47793771766761745
14,2,16,NaN
8,8,16,NaN
10,6,16,0.637080823011968
16,0,16,0.8356407771585233
10,6,16,0.3336907001061408
5,11,16,NaN
10,6,16,0.013712126257744364
14,2,16,0.43907639826125666
11,5,16,0.9574264943593161
12,4,16,0.5238679062670301
12,4,16,0.7965875407021011
10,6,16,0.8356407771585233
10,6,16,0.2294932696937403
9,7,16,0.3149813444585866
13,3,16,0.14766029718238274
12,4,16,0.015569606545111346
11,5,16,0.786623350458894
13,3,16,0.43116983099757117
12,4,16,0.00011466584937767693
14,2,16,NaN
11,5,16,0.009033664485464773
11,5,16,0.5194259444797081
13,3,16,0.009813559417662364
12,4,16,0.7883197045776431
8,8,16,0.403164292265612
12,4,16,0.7051840551574875
8,8,16,0.019980641321215274
11,5,16,0.5238679062670301
12,4,16,0.976413425292083
11,5,16,0.5622269573775187
15,1,16,0.43116983099757117
11,5,16,0.30021795194770345
10,6,16,0.786623350458894
11,5,16,NaN
12,4,16,0.47793771766761745
10,6,16,0.5517111756832372
14,2,16,0.8120477488685461
7,9,16,0.14766029718238274
11,5,16,0.046282953561662024
8,8,16,0.786623350458894
14,2,16,0.3396288091141945
6,10,16,0.413668157711759
5,11,16,0.8356407771585233
8,8,16,0.08468922570809387
14,2,16,0.27568962265245694
10,6,16,0.6505728275062779
12,4,16,0.6624236527122731
12,4,16,0.826238785868674
8,8,16,0.8356407771585233
12,4,16,0.11689700687172024
11,5,16,0.1897264079208636
10,6,16,0.5238679062670301
14,2,16,0.05351741422845637
11,5,16,0.9780696263073689
13,3,16,0.9499501694970821
7,9,16,2.399189558368224e-6
7,9,16,0.024979424385777767
13,3,16,NaN
9,7,16,0.27923371017636817
8,8,16,0.7267509803124766
13,3,16,0.5879137644183348
10,6,16,0.5995205396478887
9,7,16,0.09943458759150654
10,6,16,0.434252350632265
7,9,16,0.9938792419703397
12,4,16,0.786623350458894
11,5,16,0.18098230076510288
15,1,16,0.000504162542090383
6,10,16,0.27923371017636817
13,3,16,0.5665009669052208
11,5,16,0.0494455745194533
14,2,16,0.00894476918025409
14,2,16,0.9494471673386267
7,9,16,NaN
10,6,16,0.0006212223233562833
10,6,16,0.27923371017636817
15,1,16,0.04370689030141423
12,4,16,NaN
11,5,16,0.9649170932836378
11,5,16,0.3140341755055495
11,5,16,0.21801828562993525
2,14,16,NaN
12,4,16,0.39064081951093954
11,5,16,0.569149748895899
12,4,16,0.35291544996872376
10,6,16,0.42936278072318534
11,5,16,0.569149748895899
10,6,16,0.19236277848876807
11,5,16,0.9574264943593161
15,1,16,0.04594662107383271
12,4,16,0.2509726397862374
10,6,16,0.6505728275062779
10,6,16,0.8733102078879845
10,6,16,0.19236277848876807
13,3,16,0.927808813496808
12,4,16,0.8886935889394204
13,3,16,0.08596717446393809
10,6,16,0.6914431924244484
7,9,16,0.252270039373808
5,11,16,0.19236277848876807
13,3,16,0.41781409793355745
12,4,16,0.16806732870266622
6,10,16,0.0007634542375115639
8,8,16,0.8553400459938837
10,6,16,0.01880761644846058
13,3,16,0.3310575243284388
6,10,16,0.42894008304109993
7,9,16,0.7237030627829396
9,7,16,0.011371643185123287
14,2,16,0.7267509803124766
15,1,16,0.8356407771585233
12,4,16,0.8363384580472685
10,6,16,0.39064081951093954
14,2,16,0.01880761644846058
6,10,16,0.569149748895899
9,7,16,0.8120477488685461
11,5,16,NaN
10,6,16,0.9601038462120632
9,7,16,0.14380796890676686
13,3,16,0.27923371017636817
4,12,16,0.8575529556192604
12,4,16,0.9378970603051083
8,8,16,0.11736794350386794
11,5,16,0.9490411065363702
10,6,16,0.7267509803124766
12,4,16,0.8261215908243751
10,6,16,0.2228573033671602
4,12,16,0.3876242855253962
6,10,16,0.19355778172758606
10,6,16,NaN
9,7,16,0.927808813496808
6,10,16,0.6914431924244484
12,4,16,0.028886075440067927
9,7,16,0.2180321792514569
5,11,16,0.2180321792514569
13,3,16,0.3761789657966841
11,5,16,0.018687494433562747
9,7,16,0.8356407771585233
6,10,16,NaN
13,3,16,0.35291544996872376
13,3,16,0.8356407771585233
11,5,16,0.7582540955828375
10,6,16,0.1644275779137656
6,10,16,0.3149813444585866
14,2,16,0.6593377898422206
10,6,16,NaN
11,5,16,NaN
10,6,16,0.9397129331666128
7,9,16,0.009946346848443947
15,1,16,0.4047451295745834
9,7,16,0.9388397790286686
13,3,16,0.9388397790286686
12,4,16,0.7971405917373999
9,7,16,0.8253524868214149
9,7,16,0.14766029718238274
2,14,16,NaN
14,2,16,0.1298724704817915
11,5,16,0.9857264206675347
5,11,16,0.6505728275062779
14,2,16,0.43116983099757117
12,4,16,0.9263427358570171
10,6,16,0.6670191970950775
6,10,16,0.15490981827571945
8,8,16,0.19236277848876807
11,5,16,0.7470062346334309
6,10,16,0.927808813496808
11,5,16,0.6381834013647257
16,0,16,NaN
9,7,16,0.2180321792514569
8,8,16,0.14766029718238274
10,6,16,0.11643208946713443
12,4,16,0.7541925098307979
12,4,16,0.15233618458437861
8,8,16,0.24924498471286638
13,3,16,NaN
13,3,16,0.03317022976394289
12,4,16,0.8301587603376136
8,8,16,0.06550027273138873
11,5,16,0.35291544996872376
7,9,16,0.1462981757036148
11,5,16,0.6104096037191906
11,5,16,0.06017516926255354
12,4,16,NaN
10,6,16,NaN
14,2,16,0.569149748895899
12,4,16,0.6104096037191906
14,2,16,4.761271455092825e-12
9,7,16,0.0010888839354443848
12,4,16,0.13879968337112916
8,8,16,0.786623350458894
5,11,16,0.35291544996872376
13,3,16,0.010240466646865228
10,6,16,0.00036956507722812686
10,6,16,0.8356407771585233
5,11,16,0.43079723852176577
11,5,16,0.6914431924244484
9,7,16,0.5932290821066095
8,8,16,0.1298724704817915
9,7,16,0.8356407771585233
7,9,16,NaN
0,16,16,0.8886935889394204
13,2,15,0.9823539745020664
9,6,15,0.18582778432378205
13,2,15,0.5521089525595249
11,4,15,0.7267509803124766
13,2,15,0.5393132648020448
10,5,15,NaN
10,5,15,NaN
11,4,15,NaN
11,4,15,0.6104096037191906
10,5,15,0.8733102078879845
10,5,15,0.47793771766761745
10,5,15,0.42061609003203637
15,0,15,NaN
11,4,15,0.4826308021833172
10,5,15,0.7582540955828375
13,2,15,0.5238679062670301
10,5,15,0.7582540955828375
8,7,15,0.11416727504707068
13,2,15,0.16805128114196788
10,5,15,0.4991160421078876
9,6,15,0.27923371017636817
14,1,15,0.8120477488685461
7,8,15,0.3586388144596836
10,5,15,0.21614389894961414
15,0,15,0.5710105808882789
12,3,15,0.27923371017636817
13,2,15,NaN
10,5,15,0.5791090871827316
13,2,15,0.6914431924244484
11,4,15,0.7049285952554136
13,2,15,0.6153940068137741
6,9,15,NaN
10,5,15,0.6505728275062779
10,5,15,0.09943458759150654
12,3,15,0.9490411065363702
12,3,15,0.24206862824530861
9,6,15,0.30288063866390935
11,4,15,0.003498929746280723
6,9,15,0.2980216279021262
11,4,15,0.055153739608688065
11,4,15,0.27923371017636817
8,7,15,0.5238679062670301
10,5,15,NaN
8,7,15,0.05735097310840156
11,4,15,NaN
12,3,15,0.7582540955828375
10,5,15,0.09943458759150654
13,2,15,0.23967195993390902
14,1,15,NaN
10,5,15,0.3056939696993061
9,6,15,0.35622003925093365
13,2,15,0.2180321792514569
11,4,15,0.569149748895899
9,6,15,0.1298724704817915
12,3,15,0.10699828261346676
13,2,15,0.611813169495618
6,9,15,0.39064081951093954
12,3,15,0.8438423357264185
12,3,15,NaN
11,4,15,0.14766029718238274
9,6,15,0.7556978411434596
8,7,15,0.9030952226408369
14,1,15,0.9811127762214269
13,2,15,0.5049126045374276
11,4,15,0.03317022976394289
10,5,15,NaN
4,11,15,0.10433084706732713
14,1,15,0.256701305099555
12,3,15,NaN
10,5,15,0.7582540955828375
9,6,15,0.1343255919699744
11,4,15,0.5632678227317058
14,1,15,0.1897264079208636
10,5,15,0.7267509803124766
8,7,15,0.07223520650665197
10,5,15,0.2317896791484857
14,1,15,0.06611573959509347
8,7,15,0.1137064338410385
7,8,15,NaN
10,5,15,0.4976876088405292
12,3,15,0.05911597968127347
12,3,15,0.9388397790286686
9,6,15,0.27923371017636817
12,3,15,0.1111195171933653
9,6,15,0.24524244003177142
13,2,15,0.1176835557913003
12,3,15,0.24524244003177142
8,7,15,NaN
9,6,15,NaN
6,9,15,NaN
13,2,15,0.13145386467425696
8,7,15,0.33825459805305175
12,3,15,0.038328960042511635
12,3,15,0.6505728275062779
13,2,15,0.27923371017636817
12,3,15,0.011390009389069953
11,4,15,0.3149813444585866
10,5,15,0.8457202402837245
11,4,15,NaN
10,5,15,0.6914431924244484
10,5,15,0.5238679062670301
12,3,15,NaN
12,3,15,0.7314295465243337
10,5,15,0.9401419686700717
13,2,15,0.9631640544147257
10,5,15,NaN
7,8,15,0.8733102078879845
12,3,15,0.2907402583445574
10,5,15,0.8688875181435378
9,6,15,NaN
5,10,15,0.26478024389279453
12,3,15,0.7267509803124766
11,4,15,NaN
11,4,15,0.31790934428179907
8,7,15,NaN
11,4,15,0.7582540955828375
11,4,15,0.020329062034305602
10,5,15,0.07664003767522594
11,4,15,0.7267509803124766
13,2,15,0.39064081951093954
9,6,15,0.4469543751672003
11,4,15,NaN
10,5,15,0.7582540955828375
4,11,15,0.4365914733224351
11,4,15,0.927808813496808
9,6,15,0.01880761644846058
13,2,15,1.8698110706850767e-7
9,6,15,0.09943458759150654
12,3,15,0.5599978804188306
11,4,15,0.47793771766761745
14,1,15,0.004058507309597608
12,3,15,NaN
13,2,15,3.1916178860289985e-6
13,2,15,0.5982094700734554
14,1,15,0.9030952226408369
11,4,15,0.042652350106310445
11,4,15,0.0032856958504020087
8,7,15,0.6914431924244484
10,5,15,0.6104096037191906
7,8,15,0.9712762287955113
12,3,15,0.14766029718238274
9,6,15,0.41252758618344587
10,5,15,0.8377651734740394
10,5,15,NaN
10,5,15,0.9030952226408369
9,6,15,0.35512324779844634
8,7,15,NaN
12,3,15,0.7267509803124766
8,7,15,0.01389863463638223
11,4,15,2.541672876007417e-12
12,3,15,0.07106729632585213
10,5,15,0.4409150679801434
13,2,15,0.47793771766761745
11,4,15,0.9111292005727651
11,4,15,0.14766029718238274
11,4,15,0.43505367066121214
11,4,15,0.2180321792514569
14,1,15,0.8211926326610755
9,6,15,0.35291544996872376
7,8,15,0.01880761644846058
11,4,15,0.3149813444585866
12,3,15,0.3379466134475343
13,2,15,0.39064081951093954
12,3,15,0.5962797896518199
12,3,15,0.7267509803124766
10,5,15,0.569149748895899
12,3,15,0.7900811505319244
11,4,15,0.9811127762214269
14,1,15,0.7267509803124766
11,4,15,0.8733102078879845
14,1,15,0.11404401218842061
10,5,15,NaN
10,5,15,0.6914431924244484
13,2,15,0.9163216390929619
12,3,15,0.9574264943593161
14,1,15,0.93106657208408
11,4,15,0.6185978652815428
8,7,15,NaN
13,2,15,0.0007362392450102263
11,4,15,0.19605850890638093
13,2,15,0.8796552106905523
13,2,15,NaN
13,2,15,0.6104096037191906
9,6,15,0.5238679062670301
13,2,15,0.2518134987008401
11,4,15,0.8061540216469135
11,4,15,0.021960220642977778
10,5,15,0.8733102078879845
10,5,15,0.8372210448059351
13,2,15,0.06912928850278105
12,3,15,0.2180321792514569
11,4,15,0.8553400459938837
8,7,15,NaN
12,3,15,0.6217518526344135
10,5,15,0.029106906203170267
10,5,15,0.9490411065363702
9,6,15,0.9649170932836378
13,2,15,0.5238679062670301
10,5,15,0.977863546179021
12,3,15,0.950123188320673
12,3,15,0.8553400459938837
14,1,15,0.0026908597986054356
9,6,15,0.011532985534739066
13,2,15,NaN
14,1,15,0.9163216390929619
9,6,15,0.01229313298164619
10,5,15,0.6914431924244484
13,2,15,3.35050847306491e-5
9,6,15,0.4943730544802636
11,4,15,0.6505728275062779
5,10,15,0.04340931789643753
11,4,15,NaN
6,9,15,0.08596717446393809
10,5,15,6.794777925840379e-9
10,5,15,0.9165717073659406
8,7,15,0.8822072646799609
12,3,15,0.569149748895899
11,4,15,0.16806732870266622
11,4,15,0.049576405545377324
13,2,15,0.6104096037191906
11,4,15,0.7362695246484731
11,4,15,0.569149748895899
13,2,15,0.8120477488685461
11,4,15,0.6783118840006884
13,2,15,0.3149813444585866
8,7,15,0.9811127762214269
12,3,15,0.011532985534739066
12,3,15,NaN
11,4,15,0.6365508517270718
10,5,15,0.08596717446393809
15,0,15,0.35291544996872376
10,5,15,0.927808813496808
13,2,15,0.9711836190363513
10,5,15,0.3541248567718841
11,4,15,0.569149748895899
12,3,15,NaN
12,3,15,0.6914431924244484
6,9,15,0.6663582051092047
12,3,15,0.05735097310840156
6,9,15,0.6914431924244484
13,2,15,0.11404401218842061
14,1,15,0.35291544996872376
8,7,15,0.25737367591553945
10,5,15,0.6505728275062779
9,6,15,0.026862454156496306
10,5,15,0.05735097310840156
15,0,15,0.46300317794890655
10,5,15,0.2744374207158884
11,4,15,NaN
10,5,15,0.9658911981530067
11,4,15,NaN
12,3,15,0.4862191468642977
14,1,15,0.09943458759150654
9,6,15,0.05735097310840156
8,7,15,0.27923371017636817
8,7,15,0.8120477488685461
10,5,15,0.1280536510434667
11,4,15,0.003433409031818724
13,2,15,NaN
13,2,15,0.8120477488685461
8,7,15,0.6104096037191906
4,11,15,0.4141423181228057
14,1,15,0.37912774960537887
9,6,15,0.11404401218842061
8,7,15,0.47793771766761745
11,4,15,NaN
12,3,15,0.3149813444585866
10,5,15,0.7154746861447431
7,8,15,0.9030952226408369
8,7,15,0.8356407771585233
13,2,15,0.46195051910656865
11,4,15,0.9574264943593161
8,7,15,0.10831818123946103
12,3,15,0.47793771766761745
3,12,15,0.7267509803124766
10,5,15,0.7267509803124766
11,4,15,0.8916728451585603
13,2,15,0.9894656266614458
13,2,15,0.8886935889394204
9,6,15,0.5238679062670301
12,3,15,0.7267509803124766
10,5,15,0.7582540955828375
11,4,15,0.48712789431080455
12,3,15,NaN
9,6,15,0.6104096037191906
9,6,15,0.001777121491153367
13,2,15,0.14766029718238274
7,8,15,NaN
12,3,15,0.07144301127571027
11,4,15,0.7884316055896218
8,7,15,0.01389863463638223
12,3,15,0.3327532955349631
9,6,15,0.6505728275062779
12,3,15,0.43116983099757117
14,1,15,0.2282523807203539
9,6,15,0.4551553632952136
11,4,15,0.8356407771585233
9,6,15,0.2354136081901448
10,5,15,0.35171431930341224
11,4,15,NaN
7,8,15,0.9842884222676445
12,3,15,0.05735097310840156
15,0,15,NaN
8,7,15,0.6104096037191906
8,7,15,0.6104096037191906
13,2,15,0.434252350632265
11,4,15,0.07470550857760336
8,7,15,0.11032904380329082
11,4,15,0.19769118211044892
10,5,15,NaN
14,1,15,0.03317022976394289
6,9,15,3.573301156336347e-5
7,8,15,0.0120300720195521
14,1,15,0.2180321792514569
11,4,15,1.614190714296555e-5
12,3,15,NaN
11,4,15,0.8553400459938837
6,9,15,0.02019759965196604
9,6,15,0.1573719692630097
10,5,15,0.9944136266474382
12,3,15,0.24306061686296715
8,7,15,0.6505728275062779
8,7,15,0.43116983099757117
10,5,15,0.47793771766761745
9,6,15,0.6914431924244484
11,4,15,0.007171101116774019
10,5,15,NaN
13,2,15,NaN
13,2,15,NaN
9,6,15,NaN
14,1,15,0.41461215502847965
6,9,15,0.19710915270679216
11,4,15,0.028886075440067927
13,2,15,0.8356407771585233
11,4,15,0.08064986968258647
9,6,15,0.43116983099757117
13,2,15,NaN
11,4,15,NaN
11,4,15,0.014430507574309462
11,4,15,NaN
8,7,15,0.569149748895899
13,2,15,0.6914431924244484
10,5,15,0.5538901449796717
9,6,15,0.6914431924244484
7,8,15,0.39064081951093954
9,6,15,0.01880761644846058
10,5,15,0.5238679062670301
11,4,15,0.0023245984452637657
13,2,15,0.6505728275062779
13,2,15,0.8553400459938837
11,4,15,0.7582540955828375
14,1,15,0.03317022976394289
10,5,15,0.27923371017636817
11,4,15,0.12556121803858344
14,1,15,0.7762201877346611
8,7,15,0.6603349835179124
9,6,15,0.7267509803124766
11,4,15,0.4314037531004128
11,4,15,0.9163216390929619
9,6,15,0.04288234386063672
12,3,15,0.09943458759150654
12,3,15,0.6914431924244484
13,2,15,0.6104096037191906
10,5,15,NaN
8,7,15,0.4121791531732406
13,2,15,NaN
10,5,15,NaN
12,3,15,0.5654337078158098
8,7,15,0.8120477488685461
12,3,15,0.47793771766761745
9,6,15,0.27923371017636817
7,8,15,0.1663268519805742
13,2,15,0.1321051964532587
13,2,15,0.8733102078879845
9,6,15,0.569149748895899
14,1,15,0.42924376117093205
12,3,15,0.7267509803124766
12,3,15,0.6505728275062779
6,9,15,0.10618453959473441
12,3,15,0.16806732870266622
11,4,15,0.8356407771585233
12,3,15,0.7582540955828375
8,7,15,0.7004946307553668
9,6,15,0.643584194794213
10,5,15,0.8623915205166599
13,2,15,0.1805388631610351
10,5,15,0.7267509803124766
13,2,15,0.8120477488685461
9,6,15,NaN
11,4,15,0.7265583240906526
11,4,15,NaN
3,12,15,0.8733102078879845
8,7,15,0.0023506941221251437
11,4,15,0.1298724704817915
13,2,15,0.1298724704817915
12,3,15,0.786623350458894
11,4,15,NaN
11,4,15,0.39148430188624206
11,4,15,0.0007474693149938361
12,3,15,0.2312453960900206
12,3,15,0.2180321792514569
10,5,15,NaN
10,5,15,0.010250732387901572
11,4,15,NaN
13,2,15,0.6462010984076658
12,3,15,0.02624467129700024
10,5,15,0.6505728275062779
12,3,15,5.0293581607902506e-8
12,3,15,7.671068992304909e-14
7,8,15,NaN
11,4,15,0.23461428231521703
10,5,15,0.5911157186286697
15,0,15,0.9992647059795429
8,7,15,NaN
8,7,15,0.5546673949899672
13,2,15,0.9163216390929619
12,3,15,NaN
5,10,15,0.976413425292083
10,5,15,0.5596586852583841
6,9,15,NaN
8,7,15,0.06611573959509347
15,0,15,0.06611573959509347
8,7,15,0.786623350458894
10,5,15,0.32833815635925573
12,3,15,0.0005245260710193799
12,3,15,0.16806732870266622
13,2,15,0.1149852721241039
8,7,15,0.5238679062670301
10,5,15,0.39684708998330565
8,7,15,0.31980298833364845
7,8,15,0.01738938273898306
13,2,15,0.8120477488685461
8,7,15,0.6104096037191906
8,7,15,2.7801389090400985e-13
14,1,15,NaN
10,5,15,0.534865269881235
12,3,15,0.2180321792514569
12,3,15,0.04305286634201347
8,7,15,NaN
12,3,15,0.013486691998533765
9,6,15,0.786623350458894
6,9,15,0.43116983099757117
9,6,15,0.2180321792514569
11,4,15,NaN
13,2,15,0.786623350458894
8,7,15,0.25034608547358833
14,1,15,0.09269102164409769
14,1,15,0.008126970210441814
9,6,15,0.3579882913622283
9,6,15,0.43116983099757117
13,2,15,0.12425695230763355
7,8,15,NaN
8,7,15,0.04960074264533522
13,2,15,0.8356407771585233
11,4,15,0.8556171925378488
12,3,15,0.3289106372459893
14,1,15,0.9490411065363702
8,7,15,0.1298724704817915
8,7,15,0.9649170932836378
9,6,15,0.03317022976394289
9,6,15,NaN
9,6,15,0.006043759106504935
9,6,15,0.9824148597709884
11,4,15,0.976413425292083
11,4,15,0.0494455745194533
14,1,15,0.6040332820740316
14,1,15,0.8090263657921628
10,5,15,0.9030952226408369
9,6,15,0.016039789034995006
10,5,15,0.19442300694229814
11,4,15,0.14766029718238274
9,6,15,NaN
11,4,15,0.1298724704817915
12,3,15,0.43116983099757117
10,5,15,0.5781675499244491
14,1,15,0.2180321792514569
9,6,15,0.2522111356313252
12,3,15,0.27923371017636817
8,7,15,0.5238679062670301
9,6,15,NaN
8,7,15,0.3672915769085355
10,5,15,0.8733102078879845
10,5,15,0.8886935889394204
10,5,15,0.9635902843354757
8,7,15,0.5238679062670301
13,2,15,0.786623350458894
9,6,15,0.600450870138093
10,5,15,NaN
10,5,15,0.1298724704817915
13,2,15,0.569149748895899
8,7,15,NaN
10,5,15,0.43116983099757117
11,4,15,0.6821508849338733
10,5,15,0.8180976137874967
13,2,15,5.758675674057393e-6
8,7,15,0.40057686224618433
11,4,15,0.057200279132576734
12,3,15,0.1298724704817915
13,2,15,0.6505728275062779
7,8,15,0.24524244003177142
12,3,15,0.5402251117345204
10,5,15,NaN
8,7,15,0.8723666051278157
12,3,15,0.194332801368009
8,7,15,NaN
10,5,15,0.44056287779721176
9,6,15,0.8553400459938837
13,2,15,0.648636887546408
13,2,15,0.9095862478081117
6,9,15,0.7034685659805565
13,2,15,0.0494455745194533
14,1,15,0.3149813444585866
8,7,15,0.1667415265459775
12,3,15,0.7823447303896285
14,1,15,0.10174683178772435
9,6,15,0.1298724704817915
12,3,15,0.19236277848876807
13,2,15,0.024639727816982263
7,8,15,0.20903396476774397
7,8,15,0.005812985542910942
5,10,15,0.0009313895321246699
8,7,15,0.43116983099757117
9,6,15,NaN
9,6,15,0.11608048772857024
11,4,15,0.786623350458894
13,2,15,0.5238679062670301
11,4,15,0.09943458759150654
11,4,15,0.052426175986999175
9,6,15,0.927808813496808
9,6,15,0.004781585755281602
10,5,15,0.569149748895899
11,4,15,0.996475114457651
8,7,15,0.39064081951093954
9,6,15,0.35291544996872376
10,5,15,0.35291544996872376
12,3,15,0.03317022976394289
8,7,15,0.11003319334580011
12,3,15,0.12346713597942294
12,3,15,0.38120040655300724
12,3,15,0.6505728275062779
11,4,15,0.42555315228712065
9,6,15,0.00014558809030724087
11,4,15,NaN
10,5,15,0.0494455745194533
10,5,15,0.35291544996872376
7,8,15,0.8733102078879845
11,4,15,0.3461791361602018
13,2,15,0.07470550857760336
9,6,15,0.9388397790286686
13,2,15,0.8553400459938837
9,6,15,0.12612380968363193
12,3,15,0.5238679062670301
7,8,15,0.16806732870266622
9,6,15,0.6914431924244484
14,1,15,0.23767833553316434
12,3,15,0.1298724704817915
10,5,15,0.5935881976573033
9,6,15,0.04997649280041309
11,4,15,0.927808813496808
13,2,15,0.6306127289580729
10,5,15,0.5454485696892611
12,3,15,NaN
9,6,15,2.8379065888332553e-6
10,5,15,0.27640264496584055
13,2,15,0.8886935889394204
12,3,15,0.9030952226408369
8,7,15,0.39064081951093954
10,5,15,0.07470550857760336
9,6,15,0.5238679062670301
12,3,15,0.0026908597986054356
12,3,15,0.3149813444585866
8,7,15,0.5238679062670301
11,4,15,0.00460626716712326
13,2,15,0.968257569164134
10,5,15,0.47793771766761745
8,7,15,0.3879525283895282
15,0,15,NaN
9,6,15,0.5450128640646109
8,7,15,0.7106817527054631
12,3,15,0.29152744922397855
12,3,15,NaN
8,7,15,NaN
8,7,15,0.1535238301458931
14,1,15,0.786623350458894
13,2,15,0.2180321792514569
10,5,15,NaN
11,4,15,0.9440623300839589
15,0,15,0.7582540955828375
8,7,15,0.4620859063819344
15,0,15,0.000370419818699736
7,8,15,0.6914431924244484
12,3,15,0.27923371017636817
10,5,15,NaN
13,2,15,0.5238679062670301
11,4,15,0.6410393485022922
6,9,15,0.8120477488685461
10,5,15,0.43116983099757117
12,3,15,0.002851475321677061
12,3,15,0.5142559746732766
11,4,15,NaN
12,3,15,0.584822259446327
9,6,15,0.0016633276352872215
11,4,15,0.6725021787366776
11,4,15,0.43116983099757117
8,7,15,0.9521024768311083
7,8,15,0.7616161931560907
12,3,15,0.16806732870266622
14,1,15,0.24524244003177142
11,4,15,0.47793771766761745
11,4,15,0.4474780994118341
9,6,15,0.19236277848876807
10,5,15,NaN
10,5,15,0.5040135489283958
10,5,15,0.11443289197602204
11,4,15,NaN
8,7,15,0.7582540955828375
7,8,15,0.9163216390929619
9,6,15,0.4222232237805691
10,5,15,NaN
4,11,15,0.2200502983740984
8,7,15,NaN
5,10,15,0.47793771766761745
13,2,15,0.9388397790286686
9,6,15,0.7814721758177507
14,1,15,5.627674476129663e-6
10,5,15,0.7267509803124766
11,4,15,0.008888611834365168
8,7,15,0.8886935889394204
8,7,15,0.43116983099757117
12,3,15,0.95167105545021
7,8,15,0.9030952226408369
4,11,15,0.3409437665129763
9,6,15,0.41605758143981575
9,6,15,0.13663937392015987
13,2,15,0.48598831769096845
12,3,15,0.35291544996872376
7,8,15,0.06586250234217812
9,6,15,0.654094675350711
9,6,15,0.02059491414632601
11,4,15,0.7267509803124766
8,7,15,0.021960220642977778
12,3,15,6.350308894287467e-8
11,4,15,0.8733102078879845
7,8,15,0.07581337951062211
9,6,15,NaN
8,7,15,0.05667045924551062
7,8,15,0.9163216390929619
12,3,15,0.7582540955828375
10,5,15,0.41220587784174245
10,5,15,0.976413425292083
9,6,15,0.9388397790286686
10,5,15,0.03317022976394289
13,2,15,0.001983662439689671
6,9,15,0.24524244003177142
8,7,15,0.07470550857760336
10,5,15,0.9894656266614458
3,12,15,0.8356407771585233
10,5,15,0.9649170932836378
13,2,15,0.5836186496091371
4,11,15,NaN
9,6,15,0.8517372630840184
10,5,15,0.16806732870266622
8,7,15,0.09943458759150654
7,8,15,0.569149748895899
11,4,15,0.03705855677049678
11,4,15,0.8775738673702466
8,7,15,0.2887478495258714
9,6,15,0.569149748895899
8,7,15,0.788204966253354
9,6,15,0.7582540955828375
13,2,15,0.47793771766761745
10,5,15,0.927808813496808
10,5,15,0.9388397790286686
9,6,15,0.559075410100788
11,4,15,0.47793771766761745
14,1,15,0.1266378279632951
9,6,15,0.2180321792514569
11,4,15,0.030456654273696277
9,6,15,0.47793771766761745
13,2,15,0.35556818918325567
13,2,15,0.19236277848876807
11,4,15,0.06611573959509347
6,9,15,0.5238679062670301
8,7,15,0.8120477488685461
10,5,15,0.786623350458894
11,4,15,0.6721497244984956
9,6,15,5.217751520874189e-7
11,4,15,0.09419333749464559
9,6,15,0.8356407771585233
9,6,15,NaN
12,3,15,0.010171429401133985
10,5,15,NaN
8,7,15,0.418745196324568
10,5,15,0.9711836190363513
6,9,15,0.9030952226408369
13,2,15,0.05601539246594558
7,8,15,0.09066227399497846
9,6,15,0.39023219218390126
13,2,15,0.4155837349263178
5,10,15,0.1298724704817915
11,4,15,0.5101378324077324
12,3,15,0.7582540955828375
5,10,15,0.8120477488685461
9,6,15,0.569149748895899
7,8,15,0.39064081951093954
11,4,15,0.7582540955828375
13,2,15,0.4356729117939005
11,4,15,0.3761245419307974
9,6,15,0.06889611605445974
9,6,15,NaN
12,3,15,0.6435097233096089
13,2,15,0.3243973664242189
8,7,15,0.8356407771585233
11,4,15,0.19236277848876807
12,3,15,0.5238679062670301
7,8,15,0.8120477488685461
8,7,15,NaN
11,4,15,NaN
8,7,15,0.7616161931560907
9,6,15,0.8120477488685461
12,3,15,0.01166810178593573
13,2,15,0.1896383202798438
10,5,15,0.08596717446393809
10,5,15,NaN
11,4,15,0.8017672142055512
12,3,15,0.44568239306185353
8,7,15,0.1429925556520615
6,9,15,0.23767833553316434
11,4,15,0.5781675499244491
10,5,15,0.43116983099757117
15,0,15,0.6847105836268657
11,4,15,4.485097087889758e-6
6,9,15,0.2180321792514569
12,3,15,0.43116983099757117
7,8,15,0.43116983099757117
11,4,15,0.43116983099757117
6,9,15,NaN
12,3,15,0.47793771766761745
9,6,15,0.3149813444585866
7,8,15,0.0494455745194533
8,7,15,0.7267509803124766
12,3,15,NaN
3,12,15,0.9803712182982594
7,8,15,0.7267509803124766
8,7,15,0.16806732870266622
4,11,15,0.7267509803124766
11,4,15,0.37249757577128445
8,7,15,0.9163216390929619
13,2,15,0.5238679062670301
6,9,15,NaN
11,4,15,0.569149748895899
6,9,15,NaN
10,5,15,0.8120477488685461
10,5,15,0.569149748895899
11,4,15,NaN
8,7,15,0.8733102078879845
10,5,15,0.03317022976394289
7,8,15,0.24524244003177142
11,4,15,0.39064081951093954
11,4,15,0.6914431924244484
7,8,15,NaN
12,3,15,0.6505728275062779
13,2,15,NaN
12,3,15,0.3739033448161707
8,7,15,0.46375592940468
11,4,15,0.003292552388002024
3,12,15,0.15270825610781935
9,6,15,0.6914431924244484
9,6,15,0.27923371017636817
10,5,15,0.2182641750276965
11,4,15,0.6505728275062779
9,6,15,0.026130660140126397
10,5,15,0.17923589928811115
9,6,15,NaN
7,8,15,0.40406157572715024
11,4,15,0.28689184687405256
9,6,15,0.569149748895899
2,13,15,0.5745836310547504
8,7,15,0.08596717446393809
11,4,15,0.4756837422048558
15,0,15,NaN
9,6,15,NaN
7,8,15,0.5238679062670301
9,6,15,0.001380230625370697
4,11,15,0.3336258932807064
8,7,15,0.8512376471049337
8,7,15,0.6104096037191906
7,8,15,0.6505728275062779
11,4,15,0.9610625581084165
6,9,15,NaN
12,3,15,0.00040866964409225513
8,7,15,0.2298343831632397
13,2,15,0.37416259181893485
6,9,15,0.09943458759150654
4,11,15,0.569149748895899
9,6,15,0.02623516257050727
10,5,15,0.27923371017636817
5,10,15,0.27923371017636817
6,9,15,0.6914431924244484
3,12,15,0.569149748895899
5,10,15,0.6530651822996918
2,13,15,0.51843697893367
0,15,15,0.16806732870266622
11,3,14,0.6239842331195603
11,3,14,0.49640883029524513
11,3,14,0.1439951028411099
8,6,14,0.6104096037191906
11,3,14,0.028886075440067927
7,7,14,0.1773175314708135
7,7,14,0.2932521660462191
11,3,14,0.8120477488685461
12,2,14,0.1449807348020754
11,3,14,0.39064081951093954
11,3,14,0.9574264943593161
7,7,14,NaN
11,3,14,0.5139980799655295
7,7,14,0.6505728275062779
6,8,14,0.31211353396821057
8,6,14,0.04543099633858033
11,3,14,0.786623350458894
7,7,14,0.5409175297192212
7,7,14,0.11404401218842061
14,0,14,0.43116983099757117
12,2,14,0.09791877015994112
5,9,14,NaN
11,3,14,0.002386077296316151
7,7,14,0.39293388124168943
9,5,14,NaN
12,2,14,0.7582540955828375
6,8,14,0.111799773585099
10,4,14,0.19236277848876807
13,1,14,0.4994966444245364
13,1,14,0.27923371017636817
8,6,14,0.39520605957861854
12,2,14,0.786623350458894
8,6,14,0.9722374232364134
7,7,14,0.0026301637796302766
12,2,14,0.19236277848876807
5,9,14,0.6702773889987267
8,6,14,0.569149748895899
10,4,14,NaN
10,4,14,0.1502045403482311
12,2,14,0.8356407771585233
12,2,14,0.835445920380814
8,6,14,0.9501305535207419
6,8,14,0.47793771766761745
11,3,14,0.2523837923203448
13,1,14,0.31855743562315714
12,2,14,0.27923371017636817
14,0,14,0.24524244003177142
9,5,14,0.9163216390929619
8,6,14,NaN
9,5,14,0.09943458759150654
7,7,14,0.24935371344785628
10,4,14,NaN
10,4,14,0.6505728275062779
13,1,14,0.6923947679661372
11,3,14,0.3743711060223805
9,5,14,0.5383084840395578
10,4,14,0.5627315995931274
9,5,14,0.2108168406725848
12,2,14,0.19236277848876807
9,5,14,0.14766029718238274
8,6,14,0.08596717446393809
7,7,14,0.10179850153474891
11,3,14,0.5238679062670301
10,4,14,0.35064018308951
12,2,14,0.8356407771585233
10,4,14,0.08596717446393809
7,7,14,0.569149748895899
9,5,14,0.43292318755020015
14,0,14,NaN
9,5,14,0.8733102078879845
11,3,14,0.0033225510040912755
6,8,14,0.4758612014530136
9,5,14,0.8205119805300845
5,9,14,0.15470597725958513
9,5,14,0.3117476893236263
10,4,14,0.7582540955828375
11,3,14,0.2310597120416214
13,1,14,0.7127976885857877
10,4,14,0.786623350458894
9,5,14,0.03317022976394289
12,2,14,0.8356407771585233
12,2,14,0.8120477488685461
7,7,14,0.5238679062670301
7,7,14,0.2410365082610745
9,5,14,0.24524244003177142
12,2,14,0.80377667752077
12,2,14,0.23839757796923433
9,5,14,NaN
7,7,14,0.2997977060149924
12,2,14,0.0021658441345355074
9,5,14,0.0428628007000034
10,4,14,0.8154866199118721
13,1,14,0.6633454647811289
10,4,14,NaN
12,2,14,0.8553400459938837
12,2,14,0.14766029718238274
7,7,14,0.09368657991103171
13,1,14,0.5636058727325644
13,1,14,0.7407968514774976
8,6,14,0.6505728275062779
10,4,14,0.16806732870266622
12,2,14,0.20449605458564507
6,8,14,0.569149748895899
9,5,14,0.15947211014166376
9,5,14,0.9030952226408369
12,2,14,0.786623350458894
11,3,14,0.5617195428277607
8,6,14,0.7582540955828375
12,2,14,0.6505728275062779
10,4,14,0.27923371017636817
12,2,14,0.47793771766761745
11,3,14,0.6807331295878106
14,0,14,9.862087982194928e-5
8,6,14,0.5238679062670301
9,5,14,0.05735097310840156
8,6,14,0.786623350458894
7,7,14,0.3282631963612229
10,4,14,0.16580652373295576
11,3,14,NaN
12,2,14,0.9857264206675347
10,4,14,0.04770903581571987
13,1,14,0.7267509803124766
13,1,14,0.006439208083713591
11,3,14,0.7308388722559174
7,7,14,NaN
9,5,14,0.43116983099757117
11,3,14,0.07785650577288503
10,4,14,0.441872674233577
9,5,14,0.2180321792514569
8,6,14,0.29435730434998586
11,3,14,0.43116983099757117
11,3,14,0.786623350458894
9,5,14,0.7241505080110492
11,3,14,0.03317022976394289
11,3,14,0.06128422312012846
11,3,14,0.9163216390929619
7,7,14,0.8494737767320522
8,6,14,0.11890993311662881
10,4,14,0.14314014797197924
10,4,14,0.07551759560197975
9,5,14,0.35291544996872376
8,6,14,0.2755864974635706
7,7,14,0.30448205986765275
11,3,14,0.7525382463383198
11,3,14,0.9923256991209348
12,2,14,0.09935079818988445
11,3,14,0.5211909837071358
12,2,14,0.09943458759150654
9,5,14,0.2180321792514569
13,1,14,NaN
12,2,14,NaN
10,4,14,0.5238679062670301
10,4,14,0.7878048498939336
9,5,14,NaN
7,7,14,0.6104096037191906
8,6,14,0.11404401218842061
11,3,14,0.1298724704817915
13,1,14,0.008126970210441814
12,2,14,0.11404401218842061
11,3,14,0.32908501953956826
13,1,14,0.6399459519858473
9,5,14,9.316639180298219e-7
13,1,14,0.11272109321087095
9,5,14,0.49918214384274195
12,2,14,0.1371037293268695
9,5,14,0.9080512145375185
12,2,14,0.2180321792514569
9,5,14,0.7883197045776431
7,7,14,0.3060474264101089
8,6,14,0.786623350458894
11,3,14,0.34295154681899953
8,6,14,0.031118340084666414
10,4,14,0.569149748895899
13,1,14,0.6153231841290485
8,6,14,0.786623350458894
11,3,14,0.0194294699670672
12,2,14,0.4991160421078876
11,3,14,0.9030952226408369
12,2,14,0.2689829743483109
14,0,14,0.16806732870266622
11,3,14,0.02401564773234554
12,2,14,0.7718834732979032
10,4,14,0.27923371017636817
9,5,14,0.08753456966841358
9,5,14,0.688691836979555
10,4,14,0.0001661292005667669
6,8,14,0.8356407771585233
9,5,14,0.3149813444585866
12,2,14,0.39064081951093954
10,4,14,0.30501300137804466
8,6,14,NaN
3,11,14,0.6505728275062779
11,3,14,0.16806732870266622
10,4,14,9.179766936385154e-13
13,1,14,0.43116983099757117
9,5,14,0.6914431924244484
12,2,14,0.0038555652639853453
14,0,14,0.7483979191916101
9,5,14,0.01686408954459615
9,5,14,0.580476664706154
10,4,14,0.18268889243605613
8,6,14,NaN
10,4,14,0.9076567631511695
8,6,14,0.07470550857760336
12,2,14,0.45265539931600185
8,6,14,0.4409150679801434
13,1,14,0.9080968462449838
13,1,14,0.08127868309554964
9,5,14,0.40685701951534237
10,4,14,0.19236277848876807
10,4,14,0.569149748895899
7,7,14,0.3871581495179797
11,3,14,0.07100384143277781
11,3,14,NaN
11,3,14,0.04370689030141423
8,6,14,0.39064081951093954
14,0,14,NaN
7,7,14,NaN
12,2,14,0.4314124540894225
12,2,14,NaN
11,3,14,0.4535301383366468
11,3,14,0.27575772814726096
9,5,14,NaN
9,5,14,NaN
12,2,14,0.016314898271010056
9,5,14,0.2574161113688288
10,4,14,0.23751518805196392
9,5,14,0.008375979243947248
9,5,14,0.09124830011198266
10,4,14,0.927808813496808
10,4,14,0.569149748895899
11,3,14,0.09943458759150654
12,2,14,0.016906654892221033
9,5,14,0.7776185128655076
9,5,14,NaN
10,4,14,0.7525382463383198
13,1,14,0.2885953885090414
12,2,14,0.24524244003177142
10,4,14,0.0494455745194533
9,5,14,0.6914431924244484
9,5,14,0.016314898271010056
11,3,14,0.8356407771585233
12,2,14,0.8553400459938837
12,2,14,0.2196367715330911
9,5,14,0.038900312760013635
5,9,14,0.008044754137568985
9,5,14,0.9807716625840556
11,3,14,NaN
9,5,14,NaN
6,8,14,0.7582540955828375
11,3,14,0.7866570460180823
12,2,14,NaN
11,3,14,0.27923371017636817
11,3,14,0.40210844939005286
13,1,14,0.7306888842834384
11,3,14,0.5763395140973624
5,9,14,0.9649170932836378
10,4,14,0.09943458759150654
14,0,14,0.5312030346452522
10,4,14,0.8553400459938837
7,7,14,0.005784521883260812
11,3,14,0.569149748895899
9,5,14,0.3056939696993061
10,4,14,0.9388397790286686
12,2,14,0.04370689030141423
8,6,14,0.7615135457364529
10,4,14,0.4990635126706389
8,6,14,0.07470550857760336
11,3,14,0.27923371017636817
8,6,14,NaN
10,4,14,0.8733102078879845
12,2,14,0.8553400459938837
8,6,14,0.3149813444585866
14,0,14,0.21867556790285456
13,1,14,NaN
7,7,14,0.35739019505264435
8,6,14,0.22884993719077776
7,7,14,0.2180321792514569
10,4,14,0.9618213284925404
11,3,14,0.8886935889394204
10,4,14,0.004554333108122071
9,5,14,0.5083172424817289
9,5,14,0.8553400459938837
12,2,14,0.5238679062670301
9,5,14,0.37400156131655193
10,4,14,0.4791720486140629
5,9,14,0.39064081951093954
9,5,14,0.5238679062670301
4,10,14,0.5238679062670301
8,6,14,0.7582540955828375
11,3,14,0.5238679062670301
10,4,14,0.9987733018693484
12,2,14,0.06371566618807578
7,7,14,0.04370689030141423
9,5,14,NaN
13,1,14,0.8733102078879845
12,2,14,0.5260673748981816
8,6,14,0.3152632562010504
13,1,14,0.6914431924244484
8,6,14,0.7718834732979032
9,5,14,0.17450031624093076
5,9,14,NaN
11,3,14,0.3991804991956431
11,3,14,0.3851974407799202
11,3,14,0.569149748895899
7,7,14,0.9163216390929619
9,5,14,0.2180321792514569
11,3,14,0.8886935889394204
7,7,14,0.5514079975878313
10,4,14,NaN
6,8,14,0.2390300939754913
8,6,14,0.2180321792514569
9,5,14,0.9395843526680013
11,3,14,0.7267509803124766
8,6,14,0.7081103761447236
12,2,14,0.34614936639919647
12,2,14,0.3149813444585866
13,1,14,0.7310724205454222
12,2,14,0.03794641341295346
14,0,14,0.8553400459938837
14,0,14,0.7582540955828375
10,4,14,NaN
11,3,14,0.786623350458894
10,4,14,0.9163216390929619
12,2,14,0.7582540955828375
12,2,14,0.7582540955828375
13,1,14,0.010511646283907737
12,2,14,0.5147367250874288
11,3,14,0.006235283409290214
13,1,14,NaN
13,1,14,NaN
13,1,14,0.8120477488685461
9,5,14,0.9657678691820086
10,4,14,0.9163216390929619
9,5,14,0.30818335687499615
10,4,14,0.0021658441345355074
7,7,14,NaN
11,3,14,0.8733102078879845
12,2,14,0.6505728275062779
9,5,14,0.8733102078879845
10,4,14,0.43116983099757117
11,3,14,NaN
12,2,14,0.046803464277493684
8,6,14,NaN
11,3,14,0.8356407771585233
8,6,14,0.5887887246012045
9,5,14,0.7267509803124766
7,7,14,0.786623350458894
8,6,14,0.21789723100099276
12,2,14,NaN
10,4,14,0.9030952226408369
12,2,14,0.028125592264612736
4,10,14,0.6979814411333362
10,4,14,0.360987682594145
11,3,14,0.16533866598123084
10,4,14,0.9864908412937116
10,4,14,0.27923371017636817
12,2,14,0.19236277848876807
10,4,14,0.2180321792514569
6,8,14,NaN
13,1,14,NaN
12,2,14,0.3120165166784324
8,6,14,0.38120040655300724
8,6,14,0.7164020726036062
9,5,14,0.1253908874723245
10,4,14,0.2180321792514569
11,3,14,0.030881559391154795
11,3,14,0.01833321277383268
8,6,14,0.6505728275062779
7,7,14,0.8535850208720485
7,7,14,0.19391568785273258
12,2,14,0.6104096037191906
12,2,14,0.01880761644846058
5,9,14,0.05735097310840156
10,4,14,0.928823009125845
7,7,14,0.31541585501919994
12,2,14,0.9729995061872249
11,3,14,0.23317042075384584
8,6,14,0.010971401101095514
8,6,14,0.7582540955828375
8,6,14,NaN
9,5,14,NaN
11,3,14,0.11800774763896874
9,5,14,NaN
13,1,14,0.29652676995052113
9,5,14,0.8120477488685461
11,3,14,0.6342896145255685
10,4,14,0.24524244003177142
8,6,14,0.026807881958807504
10,4,14,0.8919236783589062
11,3,14,0.18026223215782192
8,6,14,8.328133254800783e-6
11,3,14,0.44837403634050005
8,6,14,0.2180321792514569
11,3,14,NaN
9,5,14,0.0028064398453199564
7,7,14,NaN
13,1,14,NaN
11,3,14,0.0428628007000034
5,9,14,NaN
9,5,14,NaN
12,2,14,0.0800613968912437
11,3,14,NaN
9,5,14,NaN
9,5,14,0.5337265242442191
8,6,14,NaN
13,1,14,0.6505728275062779
7,7,14,0.14766029718238274
7,7,14,NaN
9,5,14,0.04370689030141423
9,5,14,0.569149748895899
11,3,14,0.6104096037191906
12,2,14,NaN
10,4,14,0.03958484440423688
8,6,14,0.8926735212774597
7,7,14,0.36011639833989206
10,4,14,0.011618571336729019
12,2,14,NaN
10,4,14,0.7362718975315528
9,5,14,0.4957866838477617
12,2,14,0.9701743609529594
10,4,14,NaN
8,6,14,0.9434992889453038
12,2,14,0.1535238301458931
12,2,14,0.019773966877389287
13,1,14,0.6505728275062779
9,5,14,0.07470550857760336
10,4,14,0.032809717157230425
8,6,14,0.3414128383435478
9,5,14,0.8302653408002212
8,6,14,0.786623350458894
7,7,14,NaN
10,4,14,NaN
11,3,14,0.5907130319237799
11,3,14,0.08064986968258647
9,5,14,0.6104096037191906
11,3,14,NaN
13,1,14,0.10251553182142131
7,7,14,0.8120477488685461
10,4,14,0.06431092538817108
8,6,14,0.038228124397631465
9,5,14,0.07470550857760336
10,4,14,0.2555492186038529
9,5,14,0.569149748895899
12,2,14,0.05735097310840156
8,6,14,0.0546698957511087
7,7,14,0.9030952226408369
9,5,14,NaN
11,3,14,0.03082862143783168
13,1,14,0.6914431924244484
10,4,14,0.024639727816982263
9,5,14,0.2180321792514569
6,8,14,0.8886935889394204
7,7,14,0.001290026908059383
10,4,14,0.07470550857760336
11,3,14,0.8760048022721579
9,5,14,0.7582540955828375
12,2,14,0.5851351716628166
10,4,14,NaN
8,6,14,0.6914431924244484
6,8,14,0.06378893431439268
10,4,14,0.786623350458894
10,4,14,0.6833758768314452
12,2,14,0.2558081518189751
9,5,14,0.40767323688581975
11,3,14,0.43042558539947645
9,5,14,0.35291544996872376
7,7,14,0.9969039333734406
10,4,14,0.7051840551574875
13,1,14,0.39064081951093954
9,5,14,0.19236277848876807
10,4,14,0.6914431924244484
13,1,14,NaN
11,3,14,0.48598831769096845
10,4,14,0.16041028371683363
10,4,14,0.7616161931560907
7,7,14,0.3149813444585866
11,3,14,0.1955114354155344
9,5,14,0.569149748895899
12,2,14,0.13067888610224584
11,3,14,0.622576768892996
11,3,14,0.7582540955828375
11,3,14,0.0018457343021968573
10,4,14,1.4128901895281605e-5
11,3,14,0.5648882816339776
8,6,14,0.6914431924244484
11,3,14,0.8886935889394204
12,2,14,0.35291544996872376
11,3,14,0.7626015218157729
13,1,14,0.9030952226408369
11,3,14,0.8565610522997391
12,2,14,0.0494455745194533
9,5,14,0.00024012365237191223
12,2,14,0.5239350384296257
11,3,14,0.8553400459938837
5,9,14,2.2919265395018416e-5
7,7,14,0.6712759770773201
10,4,14,0.6104096037191906
8,6,14,NaN
8,6,14,NaN
9,5,14,0.26429328434376825
11,3,14,0.3149813444585866
13,1,14,0.9056930643234072
10,4,14,NaN
12,2,14,0.9030952226408369
11,3,14,0.7582540955828375
8,6,14,0.028886075440067927
10,4,14,0.6894275105958597
12,2,14,0.47505796135548783
9,5,14,0.8553525547547207
8,6,14,0.7213574018943657
12,2,14,0.11404401218842061
7,7,14,0.47793771766761745
9,5,14,0.6104096037191906
6,8,14,0.786623350458894
10,4,14,0.16806732870266622
8,6,14,0.881722821436595
10,4,14,0.065653527312952
14,0,14,0.27923371017636817
12,2,14,0.6505728275062779
11,3,14,0.19236277848876807
13,1,14,0.09943458759150654
11,3,14,NaN
14,0,14,0.6505728275062779
13,1,14,0.8886935889394204
13,1,14,0.19236277848876807
11,3,14,0.8120477488685461
6,8,14,NaN
11,3,14,0.9030952226408369
9,5,14,0.9030952226408369
10,4,14,0.7267509803124766
10,4,14,0.24524244003177142
10,4,14,0.011915790513156265
9,5,14,NaN
8,6,14,0.35291544996872376
12,2,14,0.9861075232949922
11,3,14,0.5591011913854034
8,6,14,0.961823523476959
9,5,14,0.8308105768210646
9,5,14,0.6505728275062779
9,5,14,NaN
9,5,14,0.018703712613980326
7,7,14,0.0494455745194533
13,1,14,NaN
9,5,14,0.0010726495262370873
3,11,14,0.6505728275062779
10,4,14,0.004974307492999009
8,6,14,0.47793771766761745
9,5,14,0.00843781050437528
12,2,14,0.19236277848876807
6,8,14,0.6505728275062779
7,7,14,0.34327331961230745
3,11,14,0.022140018461463087
12,2,14,0.000790518490683544
6,8,14,0.03794641341295346
9,5,14,0.042738144715591446
10,4,14,0.006943468320448339
7,7,14,0.8356407771585233
11,3,14,0.41220587784174245
9,5,14,0.7582540955828375
11,3,14,NaN
11,3,14,0.7582540955828375
9,5,14,0.6505728275062779
10,4,14,0.7582540955828375
11,3,14,0.8024539731264221
10,4,14,5.106017269999198e-10
13,1,14,0.8553400459938837
8,6,14,0.9163216390929619
11,3,14,0.9711836190363513
5,9,14,0.023635535022672665
7,7,14,0.47793771766761745
10,4,14,0.601193495786156
9,5,14,0.8088024005972897
7,7,14,0.6281691590403519
12,2,14,0.23767833553316434
12,2,14,0.0004413294620571483
10,4,14,0.01389863463638223
12,2,14,0.564957470495117
7,7,14,0.6957023826938187
12,2,14,0.6505728275062779
9,5,14,0.569149748895899
12,2,14,0.47793771766761745
7,7,14,NaN
8,6,14,0.012864555166680053
9,5,14,0.1472837546646137
8,6,14,0.569149748895899
11,3,14,NaN
9,5,14,0.6467820594447807
14,0,14,0.1298724704817915
9,5,14,0.11404401218842061
8,6,14,NaN
8,6,14,0.8553400459938837
5,9,14,0.6104096037191906
9,5,14,0.9657243602426226
10,4,14,0.24524244003177142
10,4,14,0.47793771766761745
11,3,14,0.005347391825682323
7,7,14,0.05055938541524781
11,3,14,0.06980490438129187
14,0,14,0.057001573045734374
11,3,14,0.32222353213527744
12,2,14,NaN
10,4,14,0.01880761644846058
8,6,14,0.47793771766761745
13,1,14,0.8886935889394204
9,5,14,0.39064081951093954
11,3,14,0.622409950155701
8,6,14,0.5548242149839248
8,6,14,0.24498152292150824
4,10,14,0.3742435995723311
10,4,14,NaN
7,7,14,0.9388397790286686
10,4,14,0.08596717446393809
10,4,14,0.0003125761569872488
12,2,14,0.006943468320448339
10,4,14,0.03627859760008406
12,2,14,0.16806732870266622
9,5,14,0.3433766838933405
6,8,14,0.0028461769711710765
9,5,14,0.2582603317772707
8,6,14,0.09943458759150654
6,8,14,NaN
7,7,14,0.9388397790286686
11,3,14,0.47793771766761745
10,4,14,0.19236277848876807
9,5,14,0.6914431924244484
11,3,14,0.7405229578845898
10,4,14,0.39064081951093954
7,7,14,0.7267509803124766
8,6,14,0.27923371017636817
10,4,14,0.008297818794296353
11,3,14,0.6505728275062779
7,7,14,0.9897327639469223
5,9,14,NaN
11,3,14,0.34014708922354936
13,1,14,0.14869084213816952
4,10,14,NaN
12,2,14,0.3149813444585866
9,5,14,0.05735097310840156
12,2,14,0.7913256977825794
8,6,14,NaN
8,6,14,0.041939205563066906
7,7,14,NaN
10,4,14,0.6521513645575112
7,7,14,7.131669303133748e-8
7,7,14,NaN
7,7,14,0.9996806036192971
10,4,14,0.9248895680419671
12,2,14,NaN
10,4,14,0.38120040655300724
8,6,14,0.9651055379267132
13,1,14,NaN
11,3,14,0.14884707514738083
4,10,14,0.39064081951093954
7,7,14,0.0356593445110551
12,2,14,3.641136245964572e-11
11,3,14,0.011532985534739066
11,3,14,0.12384372900653073
5,9,14,0.08898878437472828
12,2,14,0.00016434886788564392
10,4,14,0.5238679062670301
13,1,14,0.9367393261764189
11,3,14,0.009400726603686486
11,3,14,0.3149813444585866
9,5,14,0.927808813496808
11,3,14,0.9490411065363702
10,4,14,0.9030952226408369
11,3,14,0.5238679062670301
7,7,14,0.7582540955828375
8,6,14,0.5421748981395801
11,3,14,0.8120477488685461
10,4,14,0.9770904897528405
4,10,14,0.00084282940234985
11,3,14,0.8733102078879845
6,8,14,0.24524244003177142
12,2,14,0.14916419829498662
5,9,14,0.6505728275062779
13,1,14,0.9490411065363702
12,2,14,1.7327105155753064e-9
14,0,14,0.8952122840141851
5,9,14,0.4481374155569548
10,4,14,0.7267509803124766
8,6,14,0.20711346746366094
9,5,14,0.7267509803124766
10,4,14,0.06869899914548346
7,7,14,0.4611325262333748
12,2,14,0.05429269036743468
11,3,14,0.8553400459938837
11,3,14,0.14766029718238274
8,6,14,0.27923371017636817
5,9,14,0.27834543899436226
8,6,14,0.8356407771585233
12,2,14,0.9574264943593161
12,2,14,0.0010520800436583989
11,3,14,0.3207182538509835
11,3,14,0.9163216390929619
8,6,14,0.5614056147192097
9,5,14,0.39064081951093954
6,8,14,0.0034080249947278985
10,4,14,0.0027942459918466156
13,1,14,0.24524244003177142
8,6,14,0.16909288643313697
10,4,14,NaN
12,2,14,0.09943458759150654
8,6,14,0.07470550857760336
9,5,14,0.017098624693700236
12,2,14,NaN
8,6,14,0.00730572393184499
7,7,14,0.2749833704469154
8,6,14,0.8886935889394204
12,2,14,0.8120477488685461
6,8,14,NaN
11,3,14,0.7762201877346611
10,4,14,NaN
9,5,14,0.02283477071425034
10,4,14,0.7267509803124766
12,2,14,0.00013899563094330449
11,3,14,NaN
11,3,14,0.6944809040791058
9,5,14,0.569149748895899
9,5,14,NaN
10,4,14,NaN
8,6,14,NaN
10,4,14,0.35291544996872376
9,5,14,0.02064475695016029
11,3,14,0.17889779655492372
7,7,14,0.2180321792514569
13,1,14,0.7787061633409784
12,2,14,0.10251553182142131
11,3,14,0.569149748895899
11,3,14,NaN
10,4,14,NaN
9,5,14,0.8120477488685461
12,2,14,NaN
11,3,14,NaN
10,4,14,0.47793771766761745
7,7,14,0.3149813444585866
10,4,14,0.3484383828570179
9,5,14,0.5986125043837017
9,5,14,NaN
9,5,14,0.9163216390929619
12,2,14,0.9258563129027894
8,6,14,0.8856916587132709
7,7,14,0.6123928819288874
9,5,14,0.0011600437129260335
7,7,14,0.09706483743487271
7,7,14,0.07470550857760336
12,2,14,0.09198105980083514
8,6,14,0.8068335743694346
4,10,14,0.6649017452550947
8,6,14,0.09943458759150654
10,4,14,0.860101018259973
10,4,14,0.021960220642977778
7,7,14,NaN
12,2,14,0.5424247626896399
10,4,14,0.8886935889394204
10,4,14,NaN
9,5,14,0.0494455745194533
9,5,14,0.58394469255402
8,6,14,0.42975363341109135
9,5,14,0.9994175398571594
7,7,14,0.16806732870266622
13,1,14,0.011532985534739066
13,1,14,NaN
10,4,14,NaN
10,4,14,0.01389863463638223
7,7,14,0.2180321792514569
10,4,14,0.08596717446393809
8,6,14,0.03794641341295346
10,4,14,0.5238679062670301
8,6,14,0.04975907954809952
11,3,14,0.03794641341295346
11,3,14,0.1307268519791761
11,3,14,0.11404401218842061
9,5,14,NaN
6,8,14,0.6104096037191906
9,5,14,0.6486175740207071
6,8,14,0.7672958956753194
13,1,14,0.7249415004237635
12,2,14,0.24306061686296715
13,1,14,0.00725973124917006
8,6,14,0.6914431924244484
6,8,14,NaN
10,4,14,0.27923371017636817
8,6,14,0.03162241916014955
7,7,14,0.18183880503920036
8,6,14,0.6914431924244484
6,8,14,0.3149813444585866
7,7,14,0.6505728275062779
8,6,14,0.47793771766761745
4,10,14,0.11404401218842061
9,5,14,NaN
9,5,14,0.00036848254575783205
6,8,14,3.757036209641763e-5
10,4,14,0.8120477488685461
11,3,14,0.24524244003177142
9,5,14,NaN
10,4,14,0.37232927375794594
6,8,14,NaN
8,6,14,0.13826789573170475
5,9,14,0.1418937199215479
6,8,14,0.18793005263217943
12,2,14,0.569149748895899
10,4,14,0.5238679062670301
7,7,14,0.43116983099757117
8,6,14,0.47793771766761745
9,5,14,0.00911539315041507
5,9,14,0.3119208406939464
7,7,14,0.35291544996872376
7,7,14,NaN
11,3,14,0.2126795479730764
8,6,14,0.24524244003177142
10,4,14,0.05735097310840156
8,6,14,9.540316988776216e-6
11,3,14,0.39369471580020415
8,6,14,0.9318611077779196
5,9,14,0.9388397790286686
12,2,14,0.35291544996872376
11,3,14,0.8272102901716242
8,6,14,0.600450870138093
9,5,14,0.9030952226408369
7,7,14,0.8886935889394204
7,7,14,0.6505728275062779
10,4,14,0.8553400459938837
10,4,14,0.6437959270127077
12,2,14,0.039107938526883185
9,5,14,0.335233128720832
12,2,14,0.004497976151771823
8,6,14,0.07333573133397102
6,8,14,0.27923371017636817
9,5,14,0.43116983099757117
10,4,14,0.39064081951093954
10,4,14,0.18268889243605613
6,8,14,0.05735097310840156
10,4,14,0.39064081951093954
14,0,14,0.43116983099757117
8,6,14,5.155762656885155e-5
8,6,14,0.47793771766761745
13,1,14,0.8347430662440776
10,4,14,0.27923371017636817
10,4,14,0.927808813496808
9,5,14,0.08596717446393809
7,7,14,0.7267509803124766
10,4,14,0.22884993719077776
10,4,14,0.03794641341295346
10,4,14,0.0015741128929970091
8,6,14,NaN
8,6,14,0.35291544996872376
8,6,14,0.7582540955828375
8,6,14,0.05607562772176608
8,6,14,NaN
8,6,14,0.8886935889394204
10,4,14,0.47793771766761745
12,2,14,0.8356407771585233
11,3,14,0.43116983099757117
12,2,14,0.47793771766761745
6,8,14,0.03794641341295346
10,4,14,NaN
4,10,14,NaN
8,6,14,0.7971405917373999
8,6,14,0.08596717446393809
6,8,14,0.3851050012073977
6,8,14,0.885092921024987
6,8,14,0.35291544996872376
6,8,14,0.3811559719270071
9,5,14,0.011532985534739066
8,6,14,NaN
11,3,14,0.3570932286081106
11,3,14,0.7004946307553668
9,5,14,0.27923371017636817
11,3,14,0.29446683655059047
8,6,14,0.20806285071996927
9,5,14,NaN
12,2,14,0.027853018008089647
5,9,14,0.38100487490820945
6,8,14,0.04370689030141423
9,5,14,0.1535238301458931
6,8,14,0.1298724704817915
7,7,14,NaN
9,5,14,0.5932290821066095
8,6,14,0.21867556790285456
8,6,14,0.601378973132058
6,8,14,0.47793771766761745
10,4,14,NaN
10,4,14,0.569149748895899
10,4,14,0.5474747122062302
12,2,14,0.6505728275062779
11,3,14,0.14766029718238274
8,6,14,0.8886935889394204
9,5,14,NaN
5,9,14,0.9901588482655285
5,9,14,0.5238679062670301
5,9,14,0.2180321792514569
5,9,14,0.08492145781881325
7,7,14,0.9498107709788688
11,3,14,0.15182858150679202
3,11,14,0.5852182796679051
3,11,14,NaN
8,6,14,0.2893495549396563
11,3,14,0.6613458241540483
5,9,14,0.5590191101694953
9,5,14,0.5100054851644259
10,4,14,NaN
13,1,14,0.8733102078879845
6,8,14,0.11404401218842061
8,6,14,0.8120477488685461
11,3,14,0.39064081951093954
4,10,14,0.22010667447377627
12,2,14,NaN
3,11,14,0.7267509803124766
4,10,14,NaN
8,6,14,0.6040160335038423
12,2,14,0.39064081951093954
7,7,14,NaN
5,9,14,0.6505728275062779
9,5,14,NaN
11,3,14,0.3513645204627907
3,11,14,0.15910320794159202
3,11,14,0.7582540955828375
2,12,14,0.1176835557913003
5,9,14,0.9388397790286686
5,9,14,0.5491144745663307
2,12,14,0.4488898217259356
0,14,14,NaN
12,1,13,0.05429050338667007
9,4,13,0.1298724704817915
11,2,13,0.8792351123040099
11,2,13,0.782903667423808
6,7,13,0.6104096037191906
9,4,13,0.20537088262805858
12,1,13,0.001983662439689671
7,6,13,0.7582540955828375
11,2,13,0.6914431924244484
11,2,13,0.0494455745194533
9,4,13,0.5972119773445547
7,6,13,0.6505728275062779
7,6,13,0.9163216390929619
9,4,13,0.3363530019838253
11,2,13,0.2526461978423147
8,5,13,0.8120477488685461
11,2,13,0.10103897753512467
11,2,13,0.48796470272536757
8,5,13,0.20481231853813753
9,4,13,0.11404401218842061
7,6,13,0.5273051842089419
2,11,13,0.4755218093754403
9,4,13,NaN
8,5,13,0.005459628721714172
13,0,13,0.569149748895899
9,4,13,0.6914431924244484
9,4,13,0.8894872790652307
8,5,13,0.6914431924244484
6,7,13,0.28307077970323524
10,3,13,0.9574264943593161
8,5,13,0.5142974068710185
8,5,13,0.8553400459938837
9,4,13,0.5238679062670301
9,4,13,0.27923371017636817
10,3,13,0.2180321792514569
11,2,13,0.7582540955828375
9,4,13,0.39064081951093954
8,5,13,0.05943526362219959
10,3,13,0.88133899093619
12,1,13,0.7267509803124766
9,4,13,0.4703153196219304
7,6,13,0.6840661734311456
10,3,13,0.042209046497500714
12,1,13,0.7267509803124766
9,4,13,0.04370689030141423
8,5,13,0.5696513943209713
10,3,13,0.43116983099757117
13,0,13,0.9163216390929619
8,5,13,NaN
6,7,13,0.6505728275062779
11,2,13,0.41220587784174245
6,7,13,0.35291544996872376
6,7,13,0.004805300525545834
13,0,13,NaN
12,1,13,0.9490411065363702
13,0,13,0.024979424385777767
10,3,13,NaN
12,1,13,0.07661787593310519
11,2,13,0.43116983099757117
13,0,13,0.6612022198553533
10,3,13,0.2396698591814561
12,1,13,0.6975379547393806
8,5,13,0.6378478937112115
10,3,13,1.0331464253801914e-6
10,3,13,0.9388397790286686
11,2,13,NaN
5,8,13,0.00032761331717757363
11,2,13,NaN
8,5,13,0.27923371017636817
7,6,13,0.8553400459938837
11,2,13,NaN
9,4,13,0.35761713869244427
9,4,13,0.35291544996872376
9,4,13,0.5537682366370024
6,7,13,0.6124850666781179
7,6,13,0.02196993699708425
11,2,13,0.30885494323816476
8,5,13,0.279102362902047
4,9,13,0.13906406781445516
6,7,13,0.028886075440067927
10,3,13,0.635931506864433
9,4,13,0.08207104980691618
10,3,13,0.7004946307553668
10,3,13,NaN
9,4,13,0.35291544996872376
10,3,13,0.9923256991209348
10,3,13,0.16806732870266622
10,3,13,0.09943458759150654
8,5,13,0.37400156131655193
11,2,13,0.19236277848876807
9,4,13,0.8135482976761393
11,2,13,0.001268469146450935
7,6,13,0.786623350458894
9,4,13,0.6505728275062779
7,6,13,0.4571907493602561
11,2,13,0.12542794944147784
11,2,13,0.39064081951093954
11,2,13,0.07190276004242258
4,9,13,0.09943458759150654
9,4,13,0.8356407771585233
11,2,13,0.07655443489586021
9,4,13,0.5997367624036737
9,4,13,0.7101271160889846
8,5,13,0.9388397790286686
13,0,13,0.19236277848876807
11,2,13,NaN
8,5,13,0.4235207341402081
10,3,13,0.3634279597327827
13,0,13,NaN
7,6,13,0.16100451299727028
9,4,13,0.3979838319247483
8,5,13,0.6104096037191906
8,5,13,0.19236277848876807
8,5,13,0.786623350458894
11,2,13,0.43510449668095885
8,5,13,0.7267509803124766
12,1,13,0.6860924261945035
13,0,13,NaN
10,3,13,2.8181903647686894e-12
10,3,13,0.21332087083318071
10,3,13,0.6938945835771415
11,2,13,0.06611573959509347
9,4,13,0.08030607948792752
8,5,13,0.6914431924244484
12,1,13,4.661648479523448e-6
6,7,13,0.8120477488685461
11,2,13,0.6880751652472807
9,4,13,NaN
11,2,13,0.7600437710950968
9,4,13,0.976413425292083
12,1,13,0.39064081951093954
6,7,13,0.3149813444585866
10,3,13,0.27923371017636817
11,2,13,0.0008992300531919226
11,2,13,0.7253112617648666
8,5,13,0.7971405917373999
9,4,13,0.2825756595979886
11,2,13,0.9388397790286686
11,2,13,0.9524314615054318
12,1,13,NaN
10,3,13,0.4166257394014715
9,4,13,NaN
10,3,13,0.6505728275062779
11,2,13,0.569149748895899
7,6,13,0.6505728275062779
9,4,13,NaN
7,6,13,0.35291544996872376
7,6,13,0.47793771766761745
12,1,13,0.6914431924244484
9,4,13,0.05735097310840156
8,5,13,0.9030952226408369
8,5,13,0.6104096037191906
9,4,13,0.786623350458894
7,6,13,0.39064081951093954
9,4,13,NaN
12,1,13,0.8347505074120837
10,3,13,0.6301161474995413
13,0,13,0.6104096037191906
11,2,13,0.0494455745194533
10,3,13,0.5238679062670301
9,4,13,0.11404401218842061
11,2,13,0.00020094983084102105
7,6,13,0.14755710980708794
13,0,13,0.62668848563475
13,0,13,0.1434001057020988
10,3,13,0.8356407771585233
8,5,13,0.9750524115085104
11,2,13,0.6342896145255685
10,3,13,0.39064081951093954
11,2,13,0.7456388688217966
8,5,13,0.11404401218842061
10,3,13,0.43116983099757117
10,3,13,0.3597550721766484
10,3,13,0.02739687347528031
11,2,13,NaN
8,5,13,0.47793771766761745
9,4,13,NaN
7,6,13,0.26117407638000295
12,1,13,NaN
12,1,13,0.8928748783332889
9,4,13,0.2180321792514569
10,3,13,0.8759293690700437
11,2,13,0.09943458759150654
7,6,13,0.0006043142201546388
6,7,13,0.5074600772676255
7,6,13,0.8894872790652307
9,4,13,0.5238679062670301
9,4,13,0.2787463374731081
9,4,13,0.5816791977993836
6,7,13,NaN
6,7,13,0.47793771766761745
8,5,13,0.07115131791206425
11,2,13,NaN
7,6,13,0.10400772642145306
11,2,13,0.3991804991956431
11,2,13,0.070348606938881
10,3,13,0.000514736453815554
8,5,13,0.16806732870266622
10,3,13,0.43116983099757117
8,5,13,0.39064081951093954
10,3,13,0.3312512500358062
12,1,13,0.024979424385777767
12,1,13,0.0013022138535497547
6,7,13,0.009236477316634864
10,3,13,0.8690159395584456
9,4,13,NaN
9,4,13,NaN
8,5,13,0.9490411065363702
6,7,13,0.9388397790286686
11,2,13,9.51452365100772e-6
11,2,13,0.9461825198141972
13,0,13,0.33747711281298665
12,1,13,NaN
7,6,13,0.14766029718238274
7,6,13,0.6124850666781179
11,2,13,0.03923415700838753
10,3,13,0.8809278045763519
10,3,13,0.006688004175782371
12,1,13,0.8451151712834539
13,0,13,0.8228512845621858
13,0,13,0.5239031305054509
8,5,13,0.9811127762214269
9,4,13,0.05619783725586759
10,3,13,0.01205539851618688
10,3,13,0.3569678006634699
11,2,13,0.9894656266614458
11,2,13,0.3149813444585866
8,5,13,0.1446008148920012
11,2,13,0.43116983099757117
9,4,13,NaN
11,2,13,0.39064081951093954
9,4,13,0.7582540955828375
7,6,13,0.7582540955828375
9,4,13,0.5238679062670301
9,4,13,NaN
11,2,13,0.9574264943593161
8,5,13,0.9649170932836378
10,3,13,0.6914431924244484
10,3,13,0.6958522351935951
11,2,13,0.043591034374985696
11,2,13,0.6505728275062779
9,4,13,0.43116983099757117
8,5,13,0.03794641341295346
8,5,13,0.20032332804585348
10,3,13,0.39064081951093954
9,4,13,0.35291544996872376
11,2,13,0.9001447818271163
8,5,13,0.47413681226380844
9,4,13,0.7267509803124766
12,1,13,0.0012642021551813624
8,5,13,0.3149813444585866
9,4,13,0.05735097310840156
5,8,13,0.7582540955828375
7,6,13,NaN
11,2,13,0.23100160899825223
7,6,13,0.0006576509204367865
7,6,13,NaN
10,3,13,0.10650553459128373
9,4,13,0.10601582887176596
9,4,13,0.7582540955828375
11,2,13,0.1054307557971246
10,3,13,0.31489077439800467
9,4,13,0.015008049450699586
8,5,13,0.47793771766761745
10,3,13,0.8120477488685461
11,2,13,0.786623350458894
11,2,13,0.11404401218842061
8,5,13,0.0006384638808290278
5,8,13,0.18193580930670458
10,3,13,0.21192652223189226
11,2,13,0.9163216390929619
10,3,13,0.19236277848876807
9,4,13,0.05735097310840156
10,3,13,NaN
7,6,13,0.005812985542910942
9,4,13,NaN
11,2,13,0.3149813444585866
10,3,13,0.3562884268477149
10,3,13,0.9649170932836378
7,6,13,0.3017525179838236
9,4,13,0.3742435995723311
9,4,13,NaN
9,4,13,0.6231994428908446
11,2,13,0.786623350458894
11,2,13,0.5305809958241076
9,4,13,0.7267509803124766
8,5,13,NaN
8,5,13,0.04996123257293713
9,4,13,0.3663542520215952
10,3,13,0.8129730920395707
9,4,13,0.33326865980046866
11,2,13,0.6104096037191906
6,7,13,0.18846229057371425
11,2,13,0.6351262922221126
9,4,13,0.013712126257744364
11,2,13,0.62441596674926
7,6,13,0.03317022976394289
11,2,13,0.4093884380512676
9,4,13,0.6976503157951947
7,6,13,0.569149748895899
8,5,13,0.6505728275062779
10,3,13,0.0006069056115636073
8,5,13,0.07876524112321458
6,7,13,0.7267509803124766
9,4,13,0.5238679062670301
11,2,13,0.09943458759150654
6,7,13,0.7712718880746144
11,2,13,0.0805737209298858
10,3,13,0.014100384570607959
12,1,13,0.27923371017636817
8,5,13,0.8120477488685461
10,3,13,0.06611573959509347
5,8,13,0.0010251404796137974
6,7,13,0.20289880394901175
10,3,13,6.621659692396609e-10
10,3,13,0.023636278789770686
11,2,13,0.8886935889394204
13,0,13,0.667090364651946
7,6,13,0.6880751652472807
10,3,13,NaN
13,0,13,0.8120477488685461
9,4,13,0.47793771766761745
10,3,13,NaN
9,4,13,0.5665009669052208
6,7,13,0.43116983099757117
7,6,13,0.786623350458894
9,4,13,0.3266367607569598
9,4,13,0.00878448135613214
7,6,13,0.9163216390929619
9,4,13,1.3839553983503284e-5
7,6,13,0.6505728275062779
10,3,13,NaN
4,9,13,0.43116983099757117
8,5,13,NaN
11,2,13,0.02044106720705182
9,4,13,NaN
12,1,13,0.1506701710653331
10,3,13,0.05735097310840156
12,1,13,0.8356407771585233
11,2,13,0.7280943808812835
8,5,13,NaN
11,2,13,0.927808813496808
8,5,13,0.16806732870266622
10,3,13,0.8154866199118721
12,1,13,0.976413425292083
11,2,13,0.6104096037191906
10,3,13,0.15073824459295596
10,3,13,0.8264473595056105
11,2,13,0.8356407771585233
9,4,13,NaN
12,1,13,0.6842165490772106
7,6,13,0.16429971652269956
8,5,13,0.028886075440067927
9,4,13,0.11404401218842061
11,2,13,0.5238679062670301
6,7,13,0.7582540955828375
12,1,13,NaN
8,5,13,0.6505728275062779
8,5,13,0.3447641273448307
10,3,13,0.9857264206675347
8,5,13,0.8886935889394204
10,3,13,0.00342723891943496
10,3,13,0.9490411065363702
12,1,13,0.927808813496808
7,6,13,NaN
11,2,13,NaN
7,6,13,0.5238679062670301
7,6,13,0.32855715296620297
7,6,13,0.028955214485411357
6,7,13,0.47793771766761745
12,1,13,0.5238679062670301
8,5,13,0.7267509803124766
9,4,13,0.0494455745194533
10,3,13,0.8553400459938837
13,0,13,0.5238679062670301
7,6,13,NaN
9,4,13,0.6165709600421269
8,5,13,0.9574264943593161
11,2,13,0.8733102078879845
5,8,13,0.07470550857760336
9,4,13,0.569149748895899
10,3,13,0.47793771766761745
9,4,13,0.7762201877346611
12,1,13,0.786623350458894
12,1,13,0.4738414580791632
7,6,13,0.006917621885038478
13,0,13,NaN
8,5,13,0.12645481336172268
12,1,13,0.04370689030141423
9,4,13,0.9388397790286686
6,7,13,0.976413425292083
12,1,13,0.4929089676336083
7,6,13,0.8886935889394204
12,1,13,NaN
8,5,13,NaN
9,4,13,NaN
13,0,13,0.19236277848876807
6,7,13,0.6104096037191906
11,2,13,0.09943458759150654
8,5,13,NaN
10,3,13,0.7820392856731134
10,3,13,0.8120477488685461
13,0,13,NaN
10,3,13,0.3149813444585866
5,8,13,NaN
9,4,13,0.569149748895899
13,0,13,0.09943458759150654
7,6,13,0.6914431924244484
9,4,13,0.5238679062670301
10,3,13,0.2010507967770961
8,5,13,NaN
12,1,13,0.569149748895899
6,7,13,9.28261097278257e-8
7,6,13,0.29003142060264003
8,5,13,0.030770961767323874
10,3,13,0.4393666504541848
12,1,13,0.5625524319365759
8,5,13,NaN
13,0,13,0.8553400459938837
11,2,13,0.29929407982791134
10,3,13,0.47793771766761745
10,3,13,0.6104096037191906
8,5,13,0.12773975537169022
11,2,13,0.7267509803124766
8,5,13,0.9490411065363702
11,2,13,0.8390224628952402
4,9,13,0.09060586658010784
10,3,13,0.6037073606540022
9,4,13,0.5238679062670301
11,2,13,0.39064081951093954
9,4,13,0.00038012422610547193
9,4,13,0.5614282767823132
8,5,13,0.6914431924244484
10,3,13,0.3321268220107492
9,4,13,0.6104096037191906
8,5,13,0.8733102078879845
8,5,13,0.10398097402740011
7,6,13,0.6061950180348337
12,1,13,0.43116983099757117
10,3,13,0.569149748895899
7,6,13,0.9711836190363513
12,1,13,0.8886935889394204
11,2,13,0.0494455745194533
10,3,13,0.24524244003177142
10,3,13,0.5249166828566932
8,5,13,NaN
9,4,13,0.15551101886914126
10,3,13,0.569149748895899
9,4,13,0.2180321792514569
8,5,13,0.09943458759150654
12,1,13,0.976413425292083
11,2,13,0.48835881909493345
9,4,13,NaN
7,6,13,NaN
6,7,13,0.8886935889394204
10,3,13,NaN
9,4,13,0.24540763927200684
10,3,13,0.11404401218842061
7,6,13,0.16806732870266622
8,5,13,0.7582540955828375
10,3,13,0.5415174627904871
11,2,13,0.0002318079037621896
8,5,13,0.569149748895899
9,4,13,0.6909108556815501
11,2,13,0.024979424385777767
8,5,13,0.8733102078879845
13,0,13,0.2676485245478586
6,7,13,0.43116983099757117
11,2,13,0.927808813496808
3,10,13,0.9857264206675347
10,3,13,0.35291544996872376
5,8,13,0.7839658395932403
12,1,13,0.6505728275062779
10,3,13,NaN
10,3,13,0.02880644910718575
10,3,13,0.47793771766761745
10,3,13,0.41786649792034114
8,5,13,0.2348738220123747
8,5,13,0.24460822501461685
11,2,13,0.786623350458894
9,4,13,0.9711836190363513
12,1,13,0.27923371017636817
10,3,13,0.35291544996872376
8,5,13,0.8992415610379013
5,8,13,NaN
10,3,13,0.7018497101942912
7,6,13,NaN
6,7,13,0.3589534363742974
6,7,13,0.8120477488685461
8,5,13,0.7582540955828375
8,5,13,0.7756024382383391
10,3,13,0.8356407771585233
7,6,13,0.009443267178429325
8,5,13,0.27369177007057516
9,4,13,0.5238679062670301
10,3,13,0.47793771766761745
8,5,13,0.24460822501461685
5,8,13,0.11404401218842061
4,9,13,NaN
6,7,13,0.27923371017636817
11,2,13,0.06611573959509347
11,2,13,0.43116983099757117
10,3,13,NaN
10,3,13,0.8120477488685461
11,2,13,NaN
10,3,13,0.6104096037191906
9,4,13,NaN
12,1,13,NaN
11,2,13,0.3388116370474644
8,5,13,0.08596717446393809
9,4,13,0.1322597904679332
10,3,13,NaN
10,3,13,0.8733102078879845
8,5,13,NaN
8,5,13,0.6217334819702733
10,3,13,0.5839734665758088
10,3,13,0.02969008549221028
12,1,13,0.6704287383046245
11,2,13,0.9163216390929619
9,4,13,NaN
9,4,13,0.4991160421078876
5,8,13,0.41220587784174245
9,4,13,0.022732360598151514
8,5,13,0.024979424385777767
12,1,13,0.6734839199335755
7,6,13,0.004622083999325161
8,5,13,0.6505728275062779
8,5,13,0.5526719340665229
10,3,13,0.0494455745194533
12,1,13,NaN
10,3,13,0.3149813444585866
10,3,13,0.5238679062670301
10,3,13,0.8553400459938837
13,0,13,0.35291544996872376
7,6,13,0.7267509803124766
8,5,13,0.47793771766761745
8,5,13,0.8886935889394204
10,3,13,0.6104096037191906
10,3,13,0.05735097310840156
5,8,13,0.9388397790286686
11,2,13,0.8583029941685503
9,4,13,NaN
9,4,13,0.6671837238690199
9,4,13,0.3149813444585866
7,6,13,NaN
9,4,13,0.1905734886698872
8,5,13,0.6944809040791058
11,2,13,0.8886935889394204
9,4,13,NaN
11,2,13,0.017770278009477874
10,3,13,NaN
8,5,13,0.786623350458894
7,6,13,NaN
9,4,13,0.5932290821066095
12,1,13,0.6914431924244484
9,4,13,0.8120477488685461
11,2,13,0.07470550857760336
11,2,13,0.0037135219572303085
10,3,13,0.6289011470195491
11,2,13,0.23345051356520424
12,1,13,NaN
10,3,13,0.24524244003177142
12,1,13,0.04756558109096035
12,1,13,0.8120477488685461
10,3,13,0.7267509803124766
8,5,13,0.8026239540898698
10,3,13,0.9655240115289089
6,7,13,NaN
10,3,13,0.050009021240474724
8,5,13,NaN
9,4,13,0.5403610814909066
7,6,13,0.8502633007892875
7,6,13,0.6505728275062779
11,2,13,0.0786450017419506
11,2,13,0.01880761644846058
8,5,13,0.09943458759150654
7,6,13,0.014962454152667318
10,3,13,0.04433490972519086
2,11,13,NaN
11,2,13,NaN
10,3,13,0.5488573615770014
12,1,13,NaN
9,4,13,0.8553400459938837
7,6,13,0.5781929900650312
10,3,13,0.4708619484962238
9,4,13,0.9388397790286686
7,6,13,0.6104096037191906
11,2,13,0.014759806523077512
10,3,13,0.7901937924534529
11,2,13,NaN
7,6,13,0.47793771766761745
10,3,13,0.8160384179905569
10,3,13,0.005526087017204326
5,8,13,NaN
9,4,13,0.9282949421463316
10,3,13,0.2180321792514569
11,2,13,0.569149748895899
10,3,13,NaN
7,6,13,NaN
8,5,13,0.7620180347286606
9,4,13,0.9030952226408369
5,8,13,0.927808813496808
10,3,13,0.9631417020840093
9,4,13,0.39064081951093954
10,3,13,5.3656638916418296e-5
10,3,13,0.39064081951093954
10,3,13,0.9402544724749247
8,5,13,0.9795657289619913
8,5,13,0.35291544996872376
12,1,13,0.6104096037191906
10,3,13,0.6918467433407898
9,4,13,0.9208196858431406
7,6,13,0.7582540955828375
4,9,13,0.03317022976394289
11,2,13,0.9246591386530283
7,6,13,0.45994862565269123
8,5,13,0.08596717446393809
9,4,13,0.569149748895899
9,4,13,0.15923444872011824
10,3,13,0.2180321792514569
9,4,13,0.6777695128181356
13,0,13,0.6914431924244484
6,7,13,0.27369177007057516
10,3,13,NaN
7,6,13,0.19236277848876807
13,0,13,0.37432100197360746
6,7,13,0.8120477488685461
10,3,13,0.026459394210309975
9,4,13,0.49974308594955635
8,5,13,NaN
6,7,13,0.7582540955828375
6,7,13,0.24524244003177142
12,1,13,NaN
11,2,13,0.47793771766761745
7,6,13,0.04172931890337794
7,6,13,0.7213574018943657
8,5,13,NaN
13,0,13,9.517142869403522e-6
8,5,13,0.9364395848695745
8,5,13,0.07226867047101211
11,2,13,0.24524244003177142
7,6,13,0.27923371017636817
9,4,13,0.011569084956472754
10,3,13,0.6079358786738067
8,5,13,0.09197369466683283
12,1,13,0.8120477488685461
8,5,13,0.11411656951662591
6,7,13,NaN
8,5,13,NaN
9,4,13,0.43116983099757117
9,4,13,0.569149748895899
6,7,13,0.9843723582806438
13,0,13,0.47793771766761745
7,6,13,0.8228512845621858
8,5,13,0.9360978825947692
10,3,13,0.8321052325352415
9,4,13,0.569149748895899
9,4,13,0.3058146747414049
8,5,13,0.3149813444585866
11,2,13,0.01241076783068421
10,3,13,0.45716777027946803
8,5,13,0.786623350458894
10,3,13,0.6914431924244484
11,2,13,NaN
5,8,13,0.19791957500408625
8,5,13,0.9490411065363702
10,3,13,0.786623350458894
10,3,13,0.11404401218842061
10,3,13,0.9030952226408369
9,4,13,0.9805821261241653
10,3,13,0.7610356656309002
8,5,13,0.8733102078879845
12,1,13,0.005772729173959262
11,2,13,0.7157542725026307
7,6,13,0.18091108934243078
9,4,13,0.39064081951093954
12,1,13,0.0326919623059998
7,6,13,0.6104096037191906
11,2,13,0.6120715674403764
9,4,13,0.26748562182294744
7,6,13,0.8886935889394204
12,1,13,0.13624438063845323
12,1,13,0.9030952226408369
11,2,13,0.0007269701204670202
7,6,13,0.04676149641708538
9,4,13,NaN
7,6,13,0.002978771701919071
5,8,13,NaN
11,2,13,0.06611573959509347
9,4,13,0.2180321792514569
8,5,13,0.564353697632529
7,6,13,0.8733102078879845
7,6,13,0.14947572971922893
10,3,13,0.697387582086333
6,7,13,NaN
7,6,13,0.27923371017636817
8,5,13,0.11404401218842061
9,4,13,NaN
8,5,13,0.8333569924352651
9,4,13,0.8120477488685461
7,6,13,0.3149813444585866
13,0,13,0.7582540955828375
7,6,13,0.8120477488685461
9,4,13,0.24524244003177142
7,6,13,0.8120477488685461
9,4,13,NaN
12,1,13,0.39064081951093954
11,2,13,0.6104096037191906
11,2,13,NaN
10,3,13,0.01634663086004615
8,5,13,0.8120477488685461
10,3,13,0.06293282075594732
10,3,13,0.48598831769096845
7,6,13,0.7582540955828375
8,5,13,0.01824428252050893
13,0,13,0.42501482670463225
6,7,13,0.6914431924244484
8,5,13,0.47329880251277884
11,2,13,0.569149748895899
8,5,13,0.014430507574309462
5,8,13,0.27923371017636817
10,3,13,0.9711836190363513
11,2,13,0.20674865453103278
10,3,13,0.3149813444585866
11,2,13,NaN
9,4,13,0.7582540955828375
12,1,13,0.2390719703548513
6,7,13,0.03921899685873236
8,5,13,0.06230950139940581
11,2,13,NaN
8,5,13,0.38169095957905497
9,4,13,0.11426917715802859
10,3,13,0.013246614512978715
12,1,13,NaN
9,4,13,0.592769487455363
13,0,13,0.31310190723505754
10,3,13,0.673943430960899
9,4,13,NaN
7,6,13,0.0748713112240768
9,4,13,0.6914431924244484
10,3,13,0.3380631690586218
8,5,13,0.16806732870266622
10,3,13,0.023636278789770686
11,2,13,0.07719835415438564
5,8,13,0.1298724704817915
11,2,13,0.786623350458894
10,3,13,0.5901340728058918
5,8,13,0.19388767209469884
9,4,13,0.46848193777559505
4,9,13,0.11448507731266748
10,3,13,0.8120477488685461
9,4,13,0.786623350458894
9,4,13,0.6345331196530349
9,4,13,0.1298724704817915
11,2,13,0.19236277848876807
9,4,13,0.051293215225713056
6,7,13,0.8856916587132709
11,2,13,0.243468666525841
8,5,13,0.24524244003177142
12,1,13,0.8733102078879845
10,3,13,0.9698902511694549
10,3,13,0.1724887586047758
6,7,13,0.856099320322802
9,4,13,0.14766029718238274
9,4,13,0.3700804399348152
5,8,13,0.16947077080402415
9,4,13,0.9649170932836378
3,10,13,NaN
9,4,13,0.8790098495173823
12,1,13,0.19236277848876807
6,7,13,NaN
9,4,13,0.5292801225588163
11,2,13,0.07470550857760336
9,4,13,NaN
10,3,13,NaN
8,5,13,0.9766366676354316
8,5,13,0.6104096037191906
7,6,13,0.11417779026757115
11,2,13,0.0796215254345068
6,7,13,NaN
3,10,13,0.06611573959509347
6,7,13,0.8866035662539163
12,1,13,0.007600945930713287
8,5,13,0.9388397790286686
7,6,13,0.22629218975926868
6,7,13,0.04370689030141423
8,5,13,0.43116983099757117
6,7,13,0.7582540955828375
6,7,13,0.12173051621346478
7,6,13,0.40057686224618433
11,2,13,0.08596717446393809
11,2,13,0.2180321792514569
7,6,13,0.8733102078879845
9,4,13,0.06636335868109941
7,6,13,0.005331218589610908
13,0,13,0.1784931810048681
11,2,13,0.8451544942757592
9,4,13,0.47793771766761745
12,1,13,0.009681398529947847
7,6,13,0.9769866916315402
10,3,13,0.16806732870266622
8,5,13,0.3824873431479844
11,2,13,0.24524244003177142
7,6,13,0.0028783533530973814
7,6,13,0.008340908645076937
7,6,13,0.5610754927363164
9,4,13,0.9857264206675347
9,4,13,0.47793771766761745
10,3,13,0.5014950038804706
9,4,13,0.786623350458894
8,5,13,0.39064081951093954
8,5,13,0.47793771766761745
10,3,13,0.6505728275062779
8,5,13,0.5238679062670301
8,5,13,0.4424678536639815
6,7,13,0.43116983099757117
9,4,13,0.11404401218842061
8,5,13,0.30201275568553915
7,6,13,NaN
9,4,13,0.9711836190363513
8,5,13,NaN
9,4,13,0.5238679062670301
10,3,13,0.07981442761647606
8,5,13,NaN
9,4,13,NaN
10,3,13,0.39064081951093954
11,2,13,0.16806732870266622
11,2,13,0.47793771766761745
8,5,13,NaN
6,7,13,0.24265113445020126
9,4,13,0.6963339240884681
6,7,13,NaN
9,4,13,0.2132642465754212
10,3,13,0.026807881958807504
6,7,13,0.298085208124839
7,6,13,0.8733102078879845
8,5,13,0.06644203006708745
13,0,13,0.1298724704817915
7,6,13,0.35291544996872376
8,5,13,NaN
10,3,13,0.5442138693925274
10,3,13,0.6505728275062779
8,5,13,0.5019030460972459
12,1,13,0.003736962491151852
10,3,13,0.6505728275062779
10,3,13,0.0032856958504020087
10,3,13,0.07470550857760336
6,7,13,0.11404401218842061
11,2,13,0.8061584916820631
10,3,13,0.1942957439832667
7,6,13,0.6505728275062779
8,5,13,0.14247848547774344
7,6,13,0.47793771766761745
7,6,13,8.594640704012522e-5
8,5,13,0.8356407771585233
12,1,13,0.6505728275062779
10,3,13,0.8553400459938837
7,6,13,0.011223829815119272
6,7,13,0.6620931275532066
11,2,13,0.7267509803124766
11,2,13,0.15822480178608164
6,7,13,0.1028536769303966
8,5,13,NaN
9,4,13,0.08596717446393809
11,2,13,0.8886935889394204
8,5,13,0.8057372331500027
8,5,13,0.7582540955828375
5,8,13,0.9894656266614458
10,3,13,0.5238679062670301
9,4,13,0.9183965815358661
9,4,13,0.6505728275062779
11,2,13,0.24524244003177142
4,9,13,0.05811996475742818
11,2,13,0.8135071818166099
11,2,13,0.4518711102881792
4,9,13,0.927808813496808
8,5,13,0.022814450160995984
7,6,13,NaN
5,8,13,0.3195497322006788
11,2,13,0.8553400459938837
13,0,13,0.16922731549821454
10,3,13,0.16417639155360317
9,4,13,0.27923371017636817
9,4,13,0.7267509803124766
9,4,13,NaN
8,5,13,0.569149748895899
6,7,13,0.1298724704817915
5,8,13,0.6505728275062779
8,5,13,0.7582540955828375
11,2,13,0.0005720886833909552
9,4,13,0.1298724704817915
12,1,13,0.33535389988954983
10,3,13,0.35291544996872376
9,4,13,0.6505728275062779
8,5,13,NaN
12,1,13,0.569149748895899
10,3,13,0.43116983099757117
11,2,13,NaN
7,6,13,0.7267509803124766
4,9,13,0.1298724704817915
12,1,13,0.8553400459938837
10,3,13,0.3149813444585866
6,7,13,NaN
10,3,13,0.42517202484128763
8,5,13,0.6914431924244484
8,5,13,0.9030952226408369
6,7,13,0.8120477488685461
11,2,13,0.4421992193846525
8,5,13,0.9388397790286686
6,7,13,0.583704258552935
6,7,13,0.9030952226408369
10,3,13,0.06991963723236336
6,7,13,0.20510044724329102
11,2,13,NaN
11,2,13,0.5417625086232414
9,4,13,0.9163216390929619
10,3,13,0.9388397790286686
9,4,13,0.8911116527193347
8,5,13,0.7694337840545193
10,3,13,0.19236277848876807
8,5,13,NaN
10,3,13,NaN
3,10,13,0.7377518677167634
5,8,13,0.39064081951093954
5,8,13,0.569149748895899
10,3,13,0.7472249648824072
9,4,13,0.47793771766761745
8,5,13,0.7582540955828375
6,7,13,NaN
12,1,13,0.07253555478286966
8,5,13,0.0066453811501788855
12,1,13,0.19236277848876807
9,4,13,0.07523290839918179
4,9,13,0.8356407771585233
8,5,13,0.7582540955828375
9,4,13,0.8356407771585233
10,3,13,0.7582540955828375
9,4,13,0.6377482388747552
9,4,13,0.7251339425213262
10,3,13,0.7004946307553668
9,4,13,0.7965188419159412
8,5,13,0.7267509803124766
7,6,13,0.4276990213320994
8,5,13,0.04370689030141423
11,2,13,0.9811127762214269
8,5,13,0.921881291872341
11,2,13,0.43116983099757117
8,5,13,0.43116983099757117
8,5,13,0.8553400459938837
7,6,13,0.397218601077234
8,5,13,0.49052223944716505
3,10,13,0.6104096037191906
10,3,13,0.2180321792514569
10,3,13,0.9388397790286686
9,4,13,NaN
8,5,13,0.010367282255418534
7,6,13,0.35421118688505554
10,3,13,0.927808813496808
10,3,13,0.3061838486804675
7,6,13,NaN
7,6,13,0.03317022976394289
13,0,13,0.8553400459938837
10,3,13,0.569149748895899
7,6,13,0.927808813496808
11,2,13,0.8317487915373964
6,7,13,NaN
11,2,13,0.07828334778398768
10,3,13,0.3362383795865911
8,5,13,0.7774891427160723
6,7,13,0.8886935889394204
7,6,13,NaN
9,4,13,0.35291544996872376
5,8,13,0.9030952226408369
10,3,13,0.4254107661519796
9,4,13,0.03794641341295346
9,4,13,0.14766029718238274
8,5,13,0.7582540955828375
7,6,13,0.31704501574285643
6,7,13,2.6241009685538902e-5
5,8,13,0.9030952226408369
6,7,13,0.08596717446393809
12,1,13,NaN
6,7,13,0.569149748895899
12,1,13,0.7754706369411236
6,7,13,0.5238679062670301
7,6,13,NaN
5,8,13,NaN
7,6,13,0.7582540955828375
7,6,13,0.06654797678075672
5,8,13,NaN
4,9,13,NaN
6,7,13,0.8553400459938837
13,0,13,0.8253524868214149
5,8,13,0.976413425292083
10,3,13,0.19236277848876807
4,9,13,0.11404401218842061
4,9,13,0.7582540955828375
5,8,13,0.7532778439006099
11,2,13,0.699861256061579
10,3,13,0.7122347893552301
9,4,13,0.00795750598841786
3,10,13,0.569149748895899
9,4,13,0.40689438256974936
7,6,13,0.786623350458894
7,6,13,0.10540710377473797
7,6,13,0.6914431924244484
8,5,13,0.0004710372881317063
4,9,13,0.05129347530427043
3,10,13,0.018548247383438486
10,3,13,0.786623350458894
11,2,13,0.47793771766761745
9,4,13,0.6104096037191906
6,7,13,0.786623350458894
5,8,13,NaN
13,0,13,0.5238679062670301
10,3,13,0.9163216390929619
3,10,13,0.6056088466880238
3,10,13,0.8553400459938837
5,8,13,0.05244392398861477
3,10,13,NaN
3,10,13,NaN
5,7,12,NaN
10,2,12,NaN
10,2,12,0.1298724704817915
12,0,12,0.09943458759150654
12,0,12,0.11404401218842061
5,7,12,0.7797001542643168
8,4,12,NaN
9,3,12,0.8553400459938837
10,2,12,0.8068335743694346
11,1,12,0.4864511916448216
12,0,12,0.05942871667226306
10,2,12,NaN
6,6,12,0.7526641198113733
10,2,12,0.12986244341348038
6,6,12,0.6505728275062779
8,4,12,NaN
6,6,12,0.5538901449796717
10,2,12,0.3589105744809484
9,3,12,0.9752670849383556
7,5,12,0.923007024384333
8,4,12,0.786623350458894
7,5,12,1.1723677678187847e-5
8,4,12,0.6914431924244484
6,6,12,NaN
8,4,12,0.786623350458894
12,0,12,0.19236277848876807
6,6,12,0.6104096037191906
9,3,12,0.6969267480584103
11,1,12,0.0494455745194533
8,4,12,NaN
9,3,12,0.9388397790286686
5,7,12,0.6914431924244484
9,3,12,0.007730327401090898
10,2,12,0.1736090654248207
9,3,12,0.2246355017842651
11,1,12,0.05735097310840156
9,3,12,0.9388397790286686
9,3,12,0.7280943808812835
7,5,12,NaN
7,5,12,0.43116983099757117
7,5,12,0.24524244003177142
7,5,12,0.11404401218842061
10,2,12,0.998767140334452
7,5,12,0.9647176847332639
11,1,12,0.5403493661528306
11,1,12,2.2487874669763045e-8
9,3,12,0.05735097310840156
8,4,12,0.11685766209239938
5,7,12,0.0016226596111910392
12,0,12,0.0007546122540956477
7,5,12,0.8886935889394204
6,6,12,0.7267509803124766
11,1,12,NaN
9,3,12,0.16806732870266622
9,3,12,0.6104096037191906
9,3,12,0.748059431382419
8,4,12,0.3149813444585866
9,3,12,0.7267509803124766
7,5,12,0.7675617980827256
8,4,12,0.3505066990350568
10,2,12,0.09943458759150654
9,3,12,0.3149813444585866
9,3,12,0.01880761644846058
8,4,12,0.7582540955828375
3,9,12,0.569149748895899
9,3,12,0.803859248990492
9,3,12,NaN
11,1,12,0.05735097310840156
12,0,12,0.8553400459938837
12,0,12,0.6021043003633119
5,7,12,0.1298724704817915
5,7,12,0.004568626080947697
11,1,12,0.9227794561684306
8,4,12,0.7377112735617909
9,3,12,0.11404401218842061
11,1,12,0.32305707266974876
7,5,12,0.08540206460765576
7,5,12,0.11404401218842061
11,1,12,0.5238679062670301
7,5,12,0.3149813444585866
9,3,12,0.0021702858257890306
12,0,12,NaN
9,3,12,0.1535238301458931
9,3,12,0.6505728275062779
4,8,12,NaN
7,5,12,NaN
9,3,12,0.20539105020327372
8,4,12,0.04370689030141423
7,5,12,0.4155837349263178
11,1,12,0.21867556790285456
6,6,12,0.053096276016362146
11,1,12,0.06555315337540005
8,4,12,0.6104096037191906
11,1,12,0.7267509803124766
11,1,12,0.0706611427473914
9,3,12,0.8553400459938837
10,2,12,0.2180321792514569
10,2,12,0.000969726299768816
9,3,12,0.05487751302693134
9,3,12,0.9574264943593161
9,3,12,0.7651448210060903
9,3,12,NaN
8,4,12,0.39064081951093954
6,6,12,0.06611573959509347
5,7,12,0.6450034076217963
9,3,12,NaN
10,2,12,0.8120477488685461
10,2,12,0.17187112365642557
4,8,12,0.39064081951093954
7,5,12,0.3149813444585866
11,1,12,0.711820810192181
7,5,12,0.3634279597327827
10,2,12,0.9976849769557183
9,3,12,0.30893500824791326
10,2,12,0.3779102528278029
11,1,12,0.2180321792514569
9,3,12,0.0011387300537688148
6,6,12,0.9923256991209348
10,2,12,0.10251553182142131
12,0,12,0.786623350458894
5,7,12,0.8733102078879845
6,6,12,0.7377518677167634
9,3,12,0.3149813444585866
9,3,12,0.3355971967101025
11,1,12,0.39064081951093954
6,6,12,0.16806732870266622
9,3,12,0.6917983025199519
10,2,12,0.6914431924244484
7,5,12,NaN
12,0,12,0.9163216390929619
11,1,12,0.11404401218842061
10,2,12,0.813356305084054
6,6,12,0.4376980178061627
9,3,12,NaN
11,1,12,0.569149748895899
9,3,12,0.47669007767124383
6,6,12,0.8673681325590636
7,5,12,0.9235042051071662
11,1,12,NaN
10,2,12,0.7267509803124766
12,0,12,0.9388397790286686
11,1,12,0.43116983099757117
8,4,12,0.6914431924244484
10,2,12,0.6831407456884754
10,2,12,0.2180321792514569
6,6,12,0.04248311245685416
8,4,12,0.19236277848876807
9,3,12,0.00566619428213717
11,1,12,0.30269813342924645
11,1,12,0.01767490057571594
10,2,12,0.9032925157500761
8,4,12,0.06520394492126189
12,0,12,0.9051341158018694
9,3,12,0.8553400459938837
10,2,12,0.028886075440067927
7,5,12,0.24924498471286638
7,5,12,0.7267509803124766
9,3,12,0.4560921745881834
5,7,12,0.976413425292083
9,3,12,0.05735097310840156
5,7,12,0.6104096037191906
7,5,12,NaN
8,4,12,0.7718834732979032
9,3,12,0.569149748895899
8,4,12,NaN
4,8,12,0.2201555279937552
10,2,12,0.7661443760431564
6,6,12,0.43116983099757117
6,6,12,0.35291544996872376
10,2,12,0.1634480400371566
10,2,12,0.3659739710726048
9,3,12,0.976413425292083
9,3,12,0.16362228711441207
11,1,12,0.5997367624036737
10,2,12,0.39064081951093954
8,4,12,0.4000801055241669
4,8,12,0.976413425292083
8,4,12,0.35291544996872376
7,5,12,0.2679483028271
10,2,12,0.7718834732979032
5,7,12,0.9894656266614458
11,1,12,0.09943458759150654
10,2,12,0.9811991992125333
8,4,12,NaN
9,3,12,0.6227602618016779
10,2,12,0.9056046843790553
4,8,12,NaN
6,6,12,NaN
8,4,12,0.3288287248716368
7,5,12,0.0013636017652128216
9,3,12,0.27923371017636817
5,7,12,0.7582540955828375
9,3,12,0.5230787621166343
11,1,12,0.5249329504225402
6,6,12,0.4472446323113762
12,0,12,0.43116983099757117
11,1,12,0.07470550857760336
12,0,12,0.6104096037191906
9,3,12,1.240215491561892e-5
12,0,12,0.39064081951093954
10,2,12,0.005812985542910942
9,3,12,0.8228512845621858
9,3,12,0.08529783561090813
9,3,12,0.14766029718238274
10,2,12,0.2584962825211682
8,4,12,0.976413425292083
5,7,12,0.9902082698132992
9,3,12,0.47793771766761745
10,2,12,0.27493001489602026
9,3,12,0.5238679062670301
10,2,12,0.008126970210441814
11,1,12,6.157943511712696e-7
12,0,12,NaN
9,3,12,0.7582540955828375
6,6,12,0.786623350458894
11,1,12,0.27923371017636817
9,3,12,0.04370689030141423
9,3,12,0.47793771766761745
11,1,12,3.0950190053147726e-5
8,4,12,0.03811971993405068
8,4,12,0.6104096037191906
9,3,12,0.27923371017636817
12,0,12,0.3013200036218333
10,2,12,0.5066441379476206
11,1,12,0.03794641341295346
5,7,12,0.06611573959509347
10,2,12,0.8553400459938837
10,2,12,0.6104096037191906
10,2,12,0.47793771766761745
8,4,12,NaN
7,5,12,NaN
10,2,12,0.16806732870266622
9,3,12,NaN
9,3,12,NaN
6,6,12,0.08030607948792752
7,5,12,0.35064018308951
8,4,12,0.8356407771585233
9,3,12,0.09943458759150654
11,1,12,NaN
11,1,12,0.7377518677167634
9,3,12,0.6505728275062779
9,3,12,0.003055208843341656
9,3,12,0.6638121423149543
8,4,12,0.6104096037191906
6,6,12,0.34575042922579696
7,5,12,0.6788238365099214
10,2,12,0.03360152555108443
11,1,12,0.5500452689084449
6,6,12,0.27004439234267225
7,5,12,NaN
9,3,12,0.927808813496808
8,4,12,0.47793771766761745
6,6,12,0.47793771766761745
9,3,12,0.47793771766761745
11,1,12,0.8120477488685461
7,5,12,0.43116983099757117
11,1,12,0.8633549083996223
10,2,12,0.11443289197602204
8,4,12,0.7112522953527708
8,4,12,0.6104096037191906
9,3,12,0.0016695972032426706
9,3,12,NaN
7,5,12,0.13486259337547257
5,7,12,0.40839371521425477
7,5,12,0.6104096037191906
10,2,12,0.35291544996872376
6,6,12,0.08338428661019415
11,1,12,0.6104096037191906
10,2,12,0.9030952226408369
11,1,12,0.047753644687596464
5,7,12,0.43116983099757117
7,5,12,0.6505728275062779
9,3,12,0.7004946307553668
9,3,12,0.27923371017636817
8,4,12,NaN
7,5,12,0.7267509803124766
9,3,12,0.8120477488685461
10,2,12,0.7582540955828375
12,0,12,0.19236277848876807
10,2,12,6.299298845714228e-7
10,2,12,NaN
4,8,12,0.9405535191577423
9,3,12,0.0494455745194533
8,4,12,0.43503442015972027
12,0,12,NaN
9,3,12,NaN
8,4,12,0.1907226015563047
11,1,12,0.5246816890440986
10,2,12,0.19186430642600996
10,2,12,NaN
12,0,12,0.11404401218842061
10,2,12,NaN
8,4,12,0.976413425292083
11,1,12,0.11809542650811759
11,1,12,0.47793771766761745
10,2,12,0.43116983099757117
7,5,12,NaN
8,4,12,0.47793771766761745
5,7,12,0.06995230473284704
8,4,12,0.39064081951093954
9,3,12,0.00957964955488847
11,1,12,0.38875782603835135
12,0,12,0.927808813496808
10,2,12,0.413994787143734
8,4,12,0.21049533236325113
8,4,12,0.6909108556815501
10,2,12,0.9388397790286686
8,4,12,0.9649170932836378
11,1,12,0.5425018711550109
8,4,12,0.3149813444585866
11,1,12,0.1298724704817915
10,2,12,0.12675225705192558
11,1,12,0.786623350458894
6,6,12,0.5238679062670301
7,5,12,0.2180321792514569
7,5,12,0.03794641341295346
12,0,12,0.4174033662565302
8,4,12,0.927808813496808
10,2,12,0.11404401218842061
8,4,12,0.024979424385777767
8,4,12,0.6944809040791058
7,5,12,0.9490411065363702
8,4,12,NaN
8,4,12,0.04366206962822854
11,1,12,0.6141325293870626
11,1,12,NaN
7,5,12,0.024979424385777767
8,4,12,0.2180321792514569
10,2,12,NaN
8,4,12,0.9711836190363513
9,3,12,0.0011768469865933485
6,6,12,0.37286914297586976
8,4,12,0.7267509803124766
10,2,12,0.20510044724329102
7,5,12,0.03876496707735809
7,5,12,0.11404401218842061
9,3,12,0.4290571762414923
7,5,12,0.29310918837196637
10,2,12,NaN
12,0,12,0.5402490438618278
10,2,12,NaN
7,5,12,0.021960220642977778
10,2,12,0.5773058455873221
11,1,12,NaN
10,2,12,0.9766317289177732
9,3,12,0.8772173292823856
7,5,12,0.04687837277483672
7,5,12,0.7582540955828375
8,4,12,NaN
8,4,12,0.028886075440067927
9,3,12,NaN
8,4,12,NaN
11,1,12,0.552171153253758
9,3,12,0.7560383088189783
11,1,12,0.8886935889394204
7,5,12,0.6914431924244484
7,5,12,0.6505728275062779
7,5,12,0.12625588389212233
6,6,12,0.6505728275062779
9,3,12,0.5442683331551674
6,6,12,0.6914431924244484
10,2,12,0.007278715460076158
5,7,12,0.16909288643313697
7,5,12,0.3742435995723311
9,3,12,0.026162471945239567
4,8,12,0.9107607886637495
8,4,12,0.03794641341295346
7,5,12,0.0654288313455151
8,4,12,0.39064081951093954
9,3,12,0.6104096037191906
9,3,12,0.11890993311662881
7,5,12,0.6914431924244484
11,1,12,0.5238679062670301
7,5,12,0.6602340923177186
7,5,12,0.021960220642977778
8,4,12,0.14766029718238274
6,6,12,0.8019376056269515
7,5,12,0.9976749895396593
7,5,12,0.06611573959509347
7,5,12,0.8103873796610911
8,4,12,0.47793771766761745
10,2,12,0.35291544996872376
7,5,12,0.569149748895899
11,1,12,NaN
9,3,12,0.9975663265144364
5,7,12,0.9766196438369386
9,3,12,NaN
7,5,12,0.9806800563575573
11,1,12,NaN
8,4,12,0.011532985534739066
7,5,12,0.8120477488685461
7,5,12,0.6505728275062779
9,3,12,0.9163216390929619
9,3,12,0.1298724704817915
9,3,12,0.6914431924244484
8,4,12,NaN
10,2,12,0.1298724704817915
6,6,12,NaN
9,3,12,NaN
9,3,12,0.11441415810964797
10,2,12,0.48602070272372766
9,3,12,0.6914431924244484
11,1,12,0.5932290821066095
4,8,12,0.7249973758200221
8,4,12,0.0797976001630092
10,2,12,0.6674560628988502
8,4,12,0.7288736847526647
10,2,12,NaN
7,5,12,0.49946125146047005
6,6,12,0.27923371017636817
10,2,12,NaN
8,4,12,0.24524244003177142
10,2,12,NaN
11,1,12,0.14766029718238274
8,4,12,0.19312666741895557
9,3,12,0.09943458759150654
9,3,12,0.19236277848876807
10,2,12,NaN
6,6,12,0.0032760452862448317
12,0,12,0.8894872790652307
11,1,12,0.6104096037191906
12,0,12,NaN
9,3,12,0.8886935889394204
7,5,12,0.2548822963865161
12,0,12,0.7718023892608249
7,5,12,0.021960220642977778
12,0,12,0.03794641341295346
9,3,12,0.07470550857760336
7,5,12,0.9767933190034093
7,5,12,NaN
8,4,12,0.03290270843898189
9,3,12,NaN
10,2,12,0.9226378003658237
6,6,12,NaN
9,3,12,0.6914431924244484
9,3,12,0.786623350458894
4,8,12,0.6104096037191906
9,3,12,0.927808813496808
6,6,12,0.7508193087330272
8,4,12,0.43116983099757117
9,3,12,0.09336053966016185
12,0,12,3.2031787217859415e-8
9,3,12,0.7267509803124766
7,5,12,0.12926491599377718
9,3,12,0.00510469474382052
10,2,12,NaN
5,7,12,0.1533647903201398
10,2,12,0.47793771766761745
8,4,12,0.19236277848876807
9,3,12,0.3149813444585866
10,2,12,0.38623677341492746
7,5,12,0.021960220642977778
10,2,12,0.569149748895899
10,2,12,0.0040412113142036755
12,0,12,NaN
7,5,12,0.8276887574990969
9,3,12,0.2180321792514569
9,3,12,0.569149748895899
6,6,12,NaN
11,1,12,1.8623078097165655e-7
5,7,12,0.39064081951093954
10,2,12,NaN
12,0,12,0.24524244003177142
8,4,12,0.7717649933187941
11,1,12,0.05735097310840156
8,4,12,0.786623350458894
11,1,12,0.8120477488685461
8,4,12,0.7582540955828375
11,1,12,0.3149813444585866
6,6,12,0.11032904380329082
8,4,12,0.06611573959509347
7,5,12,0.015629680137245736
8,4,12,0.21329512329514985
9,3,12,0.47793771766761745
10,2,12,0.8120477488685461
6,6,12,0.2487387337807112
7,5,12,0.15688737606127978
12,0,12,0.08596717446393809
6,6,12,0.7118303812222769
10,2,12,0.9138260147625946
12,0,12,0.927808813496808
9,3,12,0.9030952226408369
8,4,12,0.569149748895899
9,3,12,0.5238679062670301
6,6,12,0.17615320567237455
9,3,12,0.6505728275062779
6,6,12,0.11581605501033913
9,3,12,NaN
9,3,12,0.7727911082485781
11,1,12,0.03516225761443983
10,2,12,0.43116983099757117
7,5,12,0.8048912601865938
8,4,12,0.24524244003177142
11,1,12,0.6914431924244484
7,5,12,6.1261266596338835e-9
6,6,12,0.8733102078879845
7,5,12,0.2734802093344062
5,7,12,NaN
12,0,12,0.39064081951093954
10,2,12,0.2569336132648076
11,1,12,0.04370689030141423
12,0,12,0.7582540955828375
8,4,12,0.06636335868109941
6,6,12,0.569149748895899
9,3,12,0.6303196983824285
9,3,12,NaN
11,1,12,0.39064081951093954
8,4,12,0.0005959873867211562
10,2,12,0.05575094784810443
9,3,12,0.005043121192482222
5,7,12,0.6505728275062779
8,4,12,0.005812985542910942
10,2,12,0.9509245524953797
8,4,12,0.00103426189067825
8,4,12,0.21852223053514863
12,0,12,0.4722037265128805
6,6,12,NaN
12,0,12,0.8356407771585233
8,4,12,0.11404401218842061
8,4,12,0.2180321792514569
4,8,12,0.8796193530935986
3,9,12,7.131669303133748e-8
11,1,12,0.2180321792514569
7,5,12,0.5238679062670301
8,4,12,0.6505728275062779
8,4,12,0.4994966444245364
8,4,12,0.00042611306475686826
12,0,12,NaN
11,1,12,0.0494455745194533
11,1,12,0.3463402905488472
6,6,12,0.32345974344103906
8,4,12,0.5693436795377382
11,1,12,NaN
9,3,12,0.05735097310840156
8,4,12,0.7267509803124766
8,4,12,NaN
10,2,12,0.786623350458894
9,3,12,0.27923371017636817
9,3,12,0.19236277848876807
11,1,12,0.47699782718635464
10,2,12,0.39064081951093954
9,3,12,0.7267509803124766
8,4,12,0.3149813444585866
10,2,12,0.39064081951093954
7,5,12,0.7582540955828375
8,4,12,0.39064081951093954
8,4,12,0.033014874456586005
10,2,12,0.0017429679171121488
7,5,12,0.3486139350400925
8,4,12,0.031727320398366
6,6,12,0.7299219742847133
9,3,12,0.09943458759150654
12,0,12,0.015324817549915526
7,5,12,0.7311049637818292
11,1,12,0.8867047345203788
9,3,12,0.5585750149936756
5,7,12,NaN
10,2,12,NaN
6,6,12,0.7971405917373999
11,1,12,0.950144339150178
8,4,12,0.569149748895899
10,2,12,NaN
9,3,12,0.6104096037191906
8,4,12,0.9987254473508408
10,2,12,0.09943458759150654
6,6,12,0.04370689030141423
12,0,12,NaN
10,2,12,0.9278842493806271
8,4,12,0.1322772513167781
9,3,12,0.4976876088405292
4,8,12,NaN
6,6,12,0.27923371017636817
3,9,12,0.47914124724211143
9,3,12,0.569149748895899
9,3,12,NaN
9,3,12,NaN
6,6,12,0.01187091265547051
10,2,12,6.165426523653194e-6
9,3,12,0.09943458759150654
6,6,12,0.43116983099757117
10,2,12,0.0441481387955793
6,6,12,0.0030430291665406563
8,4,12,0.25918290793792376
9,3,12,0.7267509803124766
7,5,12,0.0494455745194533
5,7,12,NaN
9,3,12,0.24524244003177142
10,2,12,0.7051840551574875
7,5,12,0.6505728275062779
10,2,12,0.19236277848876807
10,2,12,0.7842895596541878
7,5,12,0.43445522156144323
8,4,12,NaN
6,6,12,0.5238679062670301
10,2,12,NaN
6,6,12,0.6104096037191906
8,4,12,0.5238679062670301
7,5,12,0.24524244003177142
11,1,12,0.02617245096529854
8,4,12,0.013918669568935732
9,3,12,0.8356407771585233
10,2,12,0.2180321792514569
8,4,12,0.4000801055241669
8,4,12,NaN
9,3,12,0.35291544996872376
9,3,12,6.21147661988489e-6
6,6,12,0.7765580169591111
9,3,12,0.0498211855562657
10,2,12,0.000152747844150879
9,3,12,0.9490411065363702
7,5,12,0.3149813444585866
9,3,12,0.6505728275062779
8,4,12,0.47793771766761745
8,4,12,0.39064081951093954
7,5,12,0.6505728275062779
11,1,12,0.013468332291462565
9,3,12,0.569149748895899
5,7,12,0.3761245419307974
8,4,12,0.6071476588292525
12,0,12,0.001382000381885569
12,0,12,0.6263978651447539
7,5,12,0.17655605616056183
9,3,12,0.6505728275062779
5,7,12,0.6914431924244484
6,6,12,0.10877383653892923
7,5,12,0.7582540955828375
9,3,12,0.11404401218842061
9,3,12,0.5238679062670301
11,1,12,NaN
8,4,12,0.25195898052417576
7,5,12,0.7582540955828375
7,5,12,0.6104096037191906
9,3,12,0.6350836174586586
9,3,12,0.038005185525338825
9,3,12,0.6228718359458059
6,6,12,0.1653920422641482
7,5,12,0.17594112906869552
10,2,12,0.15490981827571945
6,6,12,0.39064081951093954
8,4,12,0.407631130273535
11,1,12,0.0009268874622959765
11,1,12,0.7333942161249434
12,0,12,0.24524244003177142
8,4,12,0.251553279922912
11,1,12,0.8733102078879845
5,7,12,0.7267509803124766
10,2,12,0.9961520687047375
8,4,12,0.249760303109957
5,7,12,0.6733338725204463
12,0,12,0.8200571235986994
7,5,12,0.0005398865031291143
8,4,12,0.34429914640991227
7,5,12,0.0494455745194533
8,4,12,0.00011860037869383344
10,2,12,NaN
9,3,12,0.8513449733539833
7,5,12,NaN
8,4,12,0.786623350458894
8,4,12,0.569149748895899
8,4,12,0.569149748895899
6,6,12,0.11404401218842061
7,5,12,0.786623350458894
9,3,12,0.009762253479634686
9,3,12,NaN
8,4,12,0.2734802093344062
7,5,12,NaN
6,6,12,0.2910839214374057
9,3,12,0.47793771766761745
9,3,12,0.6181101058296996
8,4,12,NaN
8,4,12,0.5238679062670301
6,6,12,0.6122699191388004
7,5,12,0.9631417020840093
8,4,12,0.19236277848876807
9,3,12,0.07470550857760336
8,4,12,NaN
10,2,12,0.3671922668732308
10,2,12,0.9857264206675347
9,3,12,0.37550568530369205
5,7,12,0.47793771766761745
9,3,12,0.6505728275062779
8,4,12,NaN
9,3,12,0.569149748895899
11,1,12,NaN
10,2,12,0.04370689030141423
9,3,12,0.28850389426694806
10,2,12,0.04275874235967053
3,9,12,0.569149748895899
6,6,12,0.29992795882311146
7,5,12,0.5465998000629727
8,4,12,0.47793771766761745
8,4,12,0.04368270355668965
11,1,12,NaN
7,5,12,0.8581967138692722
9,3,12,0.6104096037191906
7,5,12,0.6771910595286158
6,6,12,0.11785016423699653
11,1,12,0.5850212204236686
7,5,12,0.2635919661402064
8,4,12,0.976413425292083
4,8,12,0.7045022874516484
8,4,12,0.13685926584970762
9,3,12,0.569149748895899
10,2,12,0.10739324180004464
8,4,12,0.05735097310840156
8,4,12,0.35291544996872376
8,4,12,NaN
7,5,12,0.27923371017636817
7,5,12,0.16909288643313697
9,3,12,0.9388397790286686
8,4,12,0.8886935889394204
8,4,12,0.8553400459938837
7,5,12,0.3149813444585866
8,4,12,0.4347860949099593
7,5,12,0.16806732870266622
8,4,12,0.7496528586820598
6,6,12,NaN
6,6,12,0.6505728275062779
6,6,12,0.004324455566476429
6,6,12,0.3546384460010991
7,5,12,0.5238679062670301
11,1,12,0.11404401218842061
9,3,12,9.498676712096999e-5
7,5,12,0.00931581883337238
9,3,12,0.4400101647693196
9,3,12,0.41317749537566417
10,2,12,0.26572499571916486
8,4,12,0.2639432789426667
7,5,12,0.21468555033930584
9,3,12,9.314766436580354e-7
9,3,12,0.8953841840106833
6,6,12,0.11404401218842061
8,4,12,0.8120477488685461
7,5,12,3.1913458406189666e-5
11,1,12,0.2757171845877721
11,1,12,0.1298724704817915
10,2,12,0.8553400459938837
8,4,12,0.786623350458894
7,5,12,0.14082917703140416
7,5,12,0.9388397790286686
8,4,12,0.9923256991209348
6,6,12,0.6674050877977149
12,0,12,0.5730932380632375
8,4,12,0.08596717446393809
8,4,12,0.4192561690137086
7,5,12,0.0015005461086055564
8,4,12,0.0494455745194533
8,4,12,0.39064081951093954
6,6,12,0.8886935889394204
8,4,12,NaN
10,2,12,0.08596717446393809
7,5,12,0.6104096037191906
7,5,12,0.31704501574285643
12,0,12,NaN
5,7,12,0.09943458759150654
9,3,12,0.5238679062670301
10,2,12,0.005046520619520874
9,3,12,0.9950761480956185
7,5,12,NaN
8,4,12,NaN
6,6,12,0.6914431924244484
5,7,12,0.8733102078879845
10,2,12,0.7267509803124766
8,4,12,0.7288736847526647
8,4,12,0.0028461769711710765
7,5,12,0.7299219742847133
5,7,12,0.05735097310840156
10,2,12,0.6914431924244484
11,1,12,0.27923371017636817
8,4,12,0.5238679062670301
9,3,12,0.0494455745194533
8,4,12,0.8733102078879845
6,6,12,0.8886935889394204
10,2,12,0.934837365285002
6,6,12,0.9163216390929619
9,3,12,0.47793771766761745
7,5,12,0.786623350458894
3,9,12,0.8123070222115768
11,1,12,0.9030952226408369
5,7,12,0.01374036398349999
9,3,12,0.19236277848876807
5,7,12,0.6914431924244484
9,3,12,0.786623350458894
9,3,12,0.08855730563460006
8,4,12,0.3908373162767055
10,2,12,NaN
7,5,12,0.031174305793176527
5,7,12,0.8733102078879845
6,6,12,0.9030952226408369
11,1,12,0.04370689030141423
10,2,12,NaN
6,6,12,0.7267509803124766
11,1,12,0.19236277848876807
7,5,12,0.32305707266974876
5,7,12,NaN
9,3,12,0.16806732870266622
12,0,12,0.04370689030141423
9,3,12,0.010068233694426141
10,2,12,0.8553400459938837
8,4,12,0.4337859820306786
12,0,12,0.7883696248010116
5,7,12,0.6505728275062779
10,2,12,0.8926580785083739
6,6,12,0.5314793082930347
9,3,12,0.002059342533606551
12,0,12,0.47793771766761745
9,3,12,0.08082475258512975
11,1,12,NaN
9,3,12,0.6505728275062779
9,3,12,0.002041587269003747
11,1,12,0.6505728275062779
11,1,12,0.8120477488685461
5,7,12,0.8733102078879845
9,3,12,0.1839758560647906
8,4,12,0.569149748895899
8,4,12,NaN
10,2,12,4.0214309111796304e-5
7,5,12,0.24524244003177142
7,5,12,0.5495722550774548
11,1,12,0.17665593336694874
11,1,12,0.43116983099757117
5,7,12,0.27923371017636817
12,0,12,0.27923371017636817
5,7,12,0.8356407771585233
10,2,12,0.12737793182116824
10,2,12,NaN
9,3,12,0.021284402799713498
7,5,12,0.27923371017636817
11,1,12,0.6914431924244484
6,6,12,NaN
7,5,12,NaN
11,1,12,0.42205186127994077
7,5,12,0.8290836879621496
8,4,12,0.5385366333774935
10,2,12,0.6104096037191906
9,3,12,0.9388397790286686
6,6,12,0.47793771766761745
12,0,12,0.8151211883283976
8,4,12,0.9490411065363702
8,4,12,0.19236277848876807
11,1,12,0.14113342861177913
11,1,12,0.7582540955828375
9,3,12,0.927808813496808
9,3,12,0.01880761644846058
8,4,12,NaN
8,4,12,0.08831300977470789
6,6,12,0.5238679062670301
6,6,12,0.14766029718238274
7,5,12,NaN
6,6,12,0.5467797495466866
5,7,12,0.4024500461929282
11,1,12,0.24524244003177142
10,2,12,NaN
9,3,12,0.11404401218842061
8,4,12,0.5966310559873437
8,4,12,0.927808813496808
8,4,12,0.8675185362596362
8,4,12,0.7779987073518837
8,4,12,0.569149748895899
6,6,12,0.3149813444585866
9,3,12,0.6104096037191906
9,3,12,NaN
8,4,12,0.4924484189509075
9,3,12,0.028886075440067927
4,8,12,0.1298724704817915
10,2,12,0.8961806328922665
11,1,12,0.09943458759150654
6,6,12,0.7487863085421204
8,4,12,NaN
4,8,12,0.8553400459938837
8,4,12,NaN
7,5,12,0.569149748895899
7,5,12,0.05735097310840156
7,5,12,NaN
8,4,12,0.6505728275062779
6,6,12,0.8886935889394204
6,6,12,0.34255824668317536
7,5,12,0.9711836190363513
12,0,12,0.40057686224618433
8,4,12,0.03258904338618467
8,4,12,0.6038549736784852
4,8,12,0.30856717299617703
7,5,12,0.1634480400371566
8,4,12,0.2887478495258714
9,3,12,0.05735097310840156
8,4,12,0.9574264943593161
7,5,12,0.14766029718238274
2,10,12,NaN
11,1,12,0.39064081951093954
8,4,12,0.0494455745194533
8,4,12,0.8356407771585233
10,2,12,0.9061536335874555
4,8,12,0.6505728275062779
8,4,12,NaN
8,4,12,0.8356407771585233
8,4,12,0.34312133628825187
9,3,12,0.43116983099757117
8,4,12,0.39064081951093954
10,2,12,0.6104096037191906
9,3,12,NaN
9,3,12,0.6914431924244484
8,4,12,0.011485346177060141
9,3,12,NaN
7,5,12,0.8886935889394204
9,3,12,0.38097661399078503
8,4,12,0.2958999745735502
9,3,12,0.12645481336172268
8,4,12,0.6702489506054912
7,5,12,0.27320869508887874
9,3,12,0.021960220642977778
4,8,12,0.8016678924817376
7,5,12,0.7267509803124766
8,4,12,0.7267509803124766
7,5,12,0.2180321792514569
10,2,12,0.6574809504165171
7,5,12,0.7582540955828375
9,3,12,NaN
9,3,12,0.43116983099757117
7,5,12,NaN
5,7,12,0.8120477488685461
9,3,12,0.7267509803124766
10,2,12,0.8120477488685461
7,5,12,0.35291544996872376
8,4,12,0.023473153810962172
8,4,12,0.22658295815569432
8,4,12,0.6914431924244484
8,4,12,0.09535262215313915
9,3,12,0.0494455745194533
11,1,12,NaN
8,4,12,0.609896620122574
4,8,12,0.813356305084054
9,3,12,NaN
5,7,12,0.0494455745194533
9,3,12,0.9030952226408369
6,6,12,0.03961949404410786
11,1,12,NaN
8,4,12,0.39064081951093954
7,5,12,0.5250843377898355
9,3,12,0.5158483250979553
8,4,12,NaN
8,4,12,0.8120477488685461
7,5,12,0.6979814411333362
9,3,12,NaN
9,3,12,0.569149748895899
10,2,12,NaN
10,2,12,NaN
8,4,12,0.5238679062670301
6,6,12,0.08794087657375788
10,2,12,0.08726503944976902
5,7,12,0.3742435995723311
5,7,12,0.03080397172945783
11,1,12,NaN
6,6,12,0.9030952226408369
10,2,12,0.06719869824957
11,1,12,0.6505728275062779
9,3,12,NaN
7,5,12,0.6930481168528798
9,3,12,0.07171717073707237
6,6,12,0.6505728275062779
7,5,12,0.3149813444585866
6,6,12,0.6219749707987902
12,0,12,NaN
7,5,12,0.9871017532303915
10,2,12,0.7267509803124766
7,5,12,0.11081545405740292
9,3,12,0.03432256643084406
6,6,12,0.5538901449796717
5,7,12,0.35747813802301914
8,4,12,NaN
12,0,12,0.569149748895899
10,2,12,0.21305021651124667
8,4,12,NaN
7,5,12,0.35291544996872376
8,4,12,0.057191071006149376
10,2,12,0.7267509803124766
11,1,12,0.0023126388912252057
5,7,12,0.2449297274308735
10,2,12,0.8356407771585233
10,2,12,0.03591114987820427
10,2,12,0.3914582360390856
7,5,12,0.6104096037191906
5,7,12,0.991590744955455
9,3,12,0.8553400459938837
6,6,12,0.00656766577839122
7,5,12,9.344619549487289e-6
9,3,12,0.001102444749394713
8,4,12,0.935353174845087
10,2,12,0.39064081951093954
7,5,12,0.9711836190363513
10,2,12,NaN
8,4,12,0.8104920154357423
6,6,12,NaN
10,2,12,0.6914431924244484
10,2,12,NaN
7,5,12,0.03317022976394289
11,1,12,0.6914431924244484
10,2,12,NaN
7,5,12,0.27923371017636817
6,6,12,0.08596717446393809
9,3,12,0.2180321792514569
7,5,12,0.47362143559052317
5,7,12,0.2971023014467394
4,8,12,NaN
11,1,12,0.786623350458894
12,0,12,0.7111190517956282
5,7,12,0.24524244003177142
8,4,12,0.6603349835179124
7,5,12,0.47793771766761745
6,6,12,0.5157230649100004
8,4,12,0.3575430700112861
8,4,12,0.5559000222668687
8,4,12,0.5033211031065998
6,6,12,0.2180321792514569
9,3,12,NaN
9,3,12,NaN
10,2,12,NaN
9,3,12,0.01831478121149832
8,4,12,0.07470550857760336
7,5,12,0.48823336258910927
4,8,12,0.6505728275062779
8,4,12,0.8120477488685461
9,3,12,0.2180321792514569
7,5,12,0.3069994037058653
8,4,12,NaN
3,9,12,0.35291544996872376
5,7,12,0.3149813444585866
3,9,12,0.4234486922035611
11,1,12,2.797220433145924e-5
9,3,12,0.9057798171170244
8,4,12,0.19236277848876807
8,4,12,0.8886935889394204
10,2,12,0.9270068243941626
7,5,12,0.015132255961516582
7,5,12,0.16806732870266622
9,3,12,0.10884469377278097
8,4,12,0.43116983099757117
5,7,12,0.24524244003177142
9,3,12,NaN
9,3,12,0.06960607403716158
10,2,12,0.6914431924244484
5,7,12,0.0004710372881317063
10,2,12,NaN
4,8,12,0.00039668728898109107
9,3,12,0.6391418042573195
8,4,12,0.580476664706154
5,7,12,0.35291544996872376
8,4,12,0.9569548076722786
11,1,12,0.286186818849422
9,3,12,0.07086520159553832
10,2,12,0.010511646283907737
8,4,12,NaN
9,3,12,0.6104096037191906
8,4,12,0.1416498128847232
5,7,12,0.47793771766761745
10,2,12,0.5093224151816879
11,1,12,0.4018392967039946
10,2,12,NaN
8,4,12,0.001824155951688419
11,1,12,0.10377949832695951
7,5,12,0.9639944988940998
10,2,12,0.927808813496808
7,5,12,0.4994966444245364
7,5,12,0.24524244003177142
11,1,12,0.09943458759150654
6,6,12,0.941785900744186
10,2,12,0.00039098178208606934
6,6,12,0.23146741776147997
9,3,12,0.950144339150178
9,3,12,0.07715851442987712
5,7,12,0.19236277848876807
5,7,12,0.9845699527396177
6,6,12,NaN
8,4,12,0.18234315532451167
9,3,12,0.52421397931187
4,8,12,0.1132934252766795
6,6,12,NaN
4,8,12,0.17237318541622765
5,7,12,0.31224139213433516
10,2,12,0.3576633097076375
10,2,12,0.5238679062670301
6,6,12,0.569149748895899
10,2,12,0.7582540955828375
10,2,12,NaN
7,5,12,0.6104096037191906
7,5,12,0.39064081951093954
8,4,12,0.19236277848876807
11,1,12,NaN
9,3,12,0.09943458759150654
9,3,12,0.19236277848876807
8,4,12,0.8706742169922651
10,2,12,NaN
6,6,12,0.31704501574285643
8,4,12,0.8886935889394204
8,4,12,0.600450870138093
8,4,12,0.19563073192505895
6,6,12,0.47793771766761745
7,5,12,0.6944809040791058
9,3,12,0.01880761644846058
7,5,12,0.7267509803124766
9,3,12,0.4789868713541627
10,2,12,0.2180321792514569
8,4,12,NaN
5,7,12,0.5238679062670301
11,1,12,NaN
10,2,12,NaN
6,6,12,0.0011352856114397129
7,5,12,0.8733102078879845
8,4,12,0.2737097376502565
5,7,12,0.564353697632529
8,4,12,NaN
6,6,12,0.5991602891913111
6,6,12,NaN
6,6,12,0.8933726510995149
7,5,12,0.10251553182142131
10,2,12,0.8553400459938837
11,1,12,0.8120477488685461
8,4,12,0.35291544996872376
10,2,12,0.569149748895899
11,1,12,0.2635919661402064
5,7,12,0.927808813496808
6,6,12,0.794369579839077
7,5,12,0.6104096037191906
11,1,12,0.18722363222026256
10,2,12,0.19236277848876807
6,6,12,0.19236277848876807
5,7,12,0.786623350458894
8,4,12,NaN
4,8,12,0.48184980161615815
7,5,12,0.8120477488685461
7,5,12,0.44761555770487343
8,4,12,0.5238679062670301
8,4,12,NaN
6,6,12,0.3149813444585866
7,5,12,0.569149748895899
8,4,12,0.35291544996872376
10,2,12,NaN
9,3,12,0.5559000222668687
8,4,12,0.2755449641351035
5,7,12,0.7582540955828375
9,3,12,0.5198216722127402
4,8,12,0.03317022976394289
6,6,12,0.9030952226408369
6,6,12,0.3437645159965176
6,6,12,0.3742435995723311
6,6,12,NaN
7,5,12,0.4850231676882064
3,9,12,0.3149813444585866
7,5,12,NaN
5,7,12,0.3149813444585866
6,6,12,NaN
12,0,12,0.9388397790286686
4,8,12,0.5894415439087384
6,6,12,0.9543798935136544
7,5,12,0.18162716280178304
7,5,12,NaN
8,4,12,0.8790078775122278
2,10,12,NaN
10,2,12,NaN
7,5,12,0.028886075440067927
6,6,12,NaN
3,9,12,0.36166064643965345
5,7,12,0.021960220642977778
8,4,12,0.6505728275062779
5,7,12,0.8733102078879845
7,5,12,0.6944809040791058
4,8,12,0.1298724704817915
8,4,12,0.12159174440790987
9,3,12,0.8120477488685461
6,6,12,0.5238679062670301
11,1,12,0.8553400459938837
11,1,12,0.47793771766761745
5,7,12,0.6505728275062779
6,6,12,0.27923371017636817
5,7,12,NaN
7,5,12,0.0016387637901843202
7,5,12,0.7267509803124766
7,5,12,0.43116983099757117
11,1,12,0.25737367591553945
7,5,12,NaN
9,3,12,0.005043121192482222
10,2,12,NaN
7,5,12,0.012766279249332038
10,2,12,0.5238679062670301
8,4,12,0.14766029718238274
6,6,12,0.021960220642977778
9,3,12,NaN
7,5,12,NaN
11,1,12,NaN
9,3,12,0.00040475487384542864
4,8,12,0.2455855282344786
3,9,12,0.20183418639243247
8,4,12,0.8120477488685461
7,5,12,0.569149748895899
7,5,12,0.03233589368654853
4,8,12,2.6901980533175326e-7
3,9,12,5.272636700971508e-5
9,3,12,0.4906689457137772
9,3,12,0.1298724704817915
7,5,12,0.8886935889394204
6,6,12,0.7530636039384914
6,6,12,NaN
6,6,12,0.030853963728108273
8,4,12,0.04527678817243286
6,6,12,0.976413425292083
7,5,12,0.5906605063607225
7,5,12,0.27369177007057516
8,4,12,0.43116983099757117
5,7,12,0.5238679062670301
6,6,12,0.786623350458894
8,4,12,0.9490411065363702
6,6,12,0.27923371017636817
4,8,12,0.9163216390929619
8,4,12,NaN
8,4,12,0.0428628007000034
9,3,12,0.006109547850239143
3,9,12,0.8120477488685461
6,6,12,0.8880493652948713
9,3,12,NaN
6,6,12,0.7267509803124766
8,4,12,0.2180321792514569
5,7,12,NaN
1,11,12,0.08596717446393809
6,6,12,0.05189328437384342
10,2,12,0.47793771766761745
7,5,12,0.7267509803124766
5,7,12,0.24524244003177142
9,3,12,NaN
4,8,12,0.20346168732120398
8,4,12,0.6104096037191906
2,10,12,0.09535262215313915
5,7,12,0.5238679062670301
3,9,12,0.569149748895899
9,3,12,0.08975602866162591
5,7,12,0.1552079106403656
7,5,12,0.9037039802297602
5,7,12,0.08596717446393809
9,3,12,0.9511282412875086
7,5,12,0.10097436198213873
4,8,12,NaN
6,6,12,0.6505728275062779
7,5,12,0.8733102078879845
2,10,12,0.43116983099757117
6,6,12,0.6470895300670835
7,5,12,0.8577845364004981
3,9,12,0.5192261905974404
5,7,12,0.853388755745764
5,7,12,0.47793771766761745
2,10,12,0.8553400459938837
9,3,12,0.27923371017636817
0,12,12,NaN
0,12,12,NaN
11,0,11,0.11404401218842061
10,1,11,0.3149813444585866
8,3,11,0.9838431072860508
10,1,11,0.06373980375872917
9,2,11,0.8356407771585233
7,4,11,0.7676625781036953
9,2,11,0.569149748895899
8,3,11,NaN
8,3,11,0.11411656951662591
8,3,11,NaN
7,4,11,0.6104096037191906
6,5,11,NaN
7,4,11,NaN
9,2,11,0.18565671261500397
6,5,11,NaN
11,0,11,0.21416435870988162
5,6,11,0.786623350458894
10,1,11,0.5238679062670301
9,2,11,0.5238679062670301
7,4,11,0.8120477488685461
8,3,11,NaN
11,0,11,0.18111903892778553
5,6,11,NaN
11,0,11,0.19236277848876807
6,5,11,0.9030952226408369
7,4,11,0.9461494416332971
4,7,11,0.8630485905458092
10,1,11,0.7310724205454222
10,1,11,0.021960220642977778
10,1,11,0.5654648437266528
11,0,11,0.569149748895899
7,4,11,0.7582540955828375
11,0,11,0.09693111916668734
8,3,11,0.5846308402678874
11,0,11,0.16806732870266622
10,1,11,NaN
9,2,11,0.6104096037191906
9,2,11,0.6104096037191906
5,6,11,0.9711836190363513
8,3,11,0.30615382903302757
10,1,11,NaN
4,7,11,0.8120477488685461
11,0,11,0.9388397790286686
9,2,11,0.07470550857760336
8,3,11,0.8553400459938837
9,2,11,0.47793771766761745
5,6,11,0.1298724704817915
10,1,11,NaN
8,3,11,0.3684147765722506
11,0,11,NaN
10,1,11,0.569149748895899
8,3,11,0.6914431924244484
9,2,11,0.06241308063884182
5,6,11,0.6505728275062779
10,1,11,0.07470550857760336
8,3,11,0.8769484581714071
8,3,11,0.7267509803124766
7,4,11,0.0021658441345355074
7,4,11,0.11404401218842061
8,3,11,0.9163216390929619
10,1,11,0.03317022976394289
11,0,11,NaN
10,1,11,0.7626015218157729
7,4,11,0.35291544996872376
8,3,11,0.7267509803124766
9,2,11,0.569149748895899
8,3,11,0.5238679062670301
10,1,11,0.8553400459938837
8,3,11,0.9894656266614458
9,2,11,0.4409150679801434
8,3,11,0.6897620710823784
11,0,11,0.05735097310840156
9,2,11,NaN
9,2,11,0.35998470439769087
8,3,11,0.36559859995253624
10,1,11,0.3776579701305206
10,1,11,0.00398515591972035
10,1,11,0.9566181061774477
7,4,11,0.16557117897595908
8,3,11,0.7582540955828375
8,3,11,0.19236277848876807
7,4,11,NaN
10,1,11,NaN
9,2,11,0.9857264206675347
8,3,11,0.08053811635438642
7,4,11,0.0422242213428269
5,6,11,0.09943458759150654
9,2,11,0.9030952226408369
7,4,11,0.7806308313129448
10,1,11,0.02153222217499462
8,3,11,0.00020034767345995493
10,1,11,0.7582540955828375
7,4,11,0.786623350458894
4,7,11,0.9456363068869769
9,2,11,0.8614080673321627
10,1,11,0.1335172585826882
6,5,11,0.17132698407709473
7,4,11,0.2180321792514569
8,3,11,0.8228512845621858
7,4,11,0.0015903996575593418
11,0,11,NaN
4,7,11,0.9163216390929619
6,5,11,0.3761245419307974
9,2,11,0.8886935889394204
5,6,11,7.131669303133748e-8
8,3,11,0.03237113240398726
5,6,11,NaN
6,5,11,0.8553400459938837
9,2,11,0.47793771766761745
6,5,11,0.6104096037191906
8,3,11,0.786623350458894
6,5,11,0.5238679062670301
5,6,11,0.43116983099757117
6,5,11,NaN
6,5,11,0.8120477488685461
7,4,11,0.03876496707735809
10,1,11,NaN
6,5,11,0.12061928631752288
8,3,11,0.27923371017636817
10,1,11,0.24524244003177142
9,2,11,0.04092727999168757
9,2,11,0.8733102078879845
6,5,11,0.41970700005396155
10,1,11,0.022375915907775913
8,3,11,0.16937344997164627
9,2,11,0.09943458759150654
11,0,11,0.9580398933413975
6,5,11,0.786623350458894
10,1,11,0.39064081951093954
7,4,11,0.6460312455629489
8,3,11,0.6333331473606065
11,0,11,0.47793771766761745
6,5,11,NaN
7,4,11,0.07071721497299611
7,4,11,0.11404401218842061
5,6,11,0.4875606435472145
6,5,11,0.003307265271565802
8,3,11,0.22143725304686954
8,3,11,NaN
9,2,11,NaN
7,4,11,0.6914431924244484
8,3,11,0.13102234958465034
5,6,11,0.39064081951093954
9,2,11,0.9622158133616089
9,2,11,0.2180321792514569
6,5,11,0.43116983099757117
10,1,11,0.23775490787319767
8,3,11,0.7004946307553668
10,1,11,0.27923371017636817
7,4,11,0.7582540955828375
4,7,11,0.35291544996872376
7,4,11,0.5610754927363164
9,2,11,0.9163216390929619
11,0,11,0.3079850965693163
10,1,11,0.0006028459869854185
10,1,11,NaN
11,0,11,0.5958581141867287
6,5,11,0.5614282767823132
10,1,11,0.7097871918743238
8,3,11,NaN
7,4,11,NaN
7,4,11,0.8886935889394204
6,5,11,0.9773029272956367
10,1,11,0.14766029718238274
10,1,11,0.0911092184694247
8,3,11,NaN
8,3,11,NaN
7,4,11,0.786623350458894
7,4,11,0.8553400459938837
9,2,11,0.9576786357105694
6,5,11,NaN
7,4,11,NaN
8,3,11,0.9649170932836378
9,2,11,0.16074755563602114
7,4,11,0.8120477488685461
9,2,11,0.428530600234369
7,4,11,0.5238679062670301
9,2,11,0.08596717446393809
6,5,11,0.3149813444585866
8,3,11,0.8268355675106137
9,2,11,0.08596717446393809
8,3,11,NaN
9,2,11,0.14148136381656617
9,2,11,0.6104096037191906
7,4,11,0.08794087657375788
10,1,11,0.6505728275062779
11,0,11,NaN
8,3,11,0.0210669673992058
6,5,11,NaN
10,1,11,0.976413425292083
5,6,11,NaN
9,2,11,0.7162610855046763
7,4,11,0.27923371017636817
10,1,11,0.3137978815361948
8,3,11,0.5395673009229611
6,5,11,NaN
6,5,11,0.9345562956492612
6,5,11,0.8886935889394204
4,7,11,NaN
7,4,11,0.6913815546809284
8,3,11,NaN
9,2,11,0.8886935889394204
9,2,11,0.03317022976394289
8,3,11,0.48919456173445874
8,3,11,0.8356407771585233
7,4,11,0.6775315690698368
10,1,11,0.5091607471758738
4,7,11,0.01833321277383268
8,3,11,0.6334916946518364
9,2,11,0.4994966444245364
8,3,11,0.16806732870266622
10,1,11,0.2180321792514569
9,2,11,0.927808813496808
6,5,11,0.8733102078879845
6,5,11,0.9169211431492119
9,2,11,0.8120477488685461
8,3,11,0.8203464590555191
10,1,11,0.05548669974491552
8,3,11,0.569149748895899
9,2,11,0.14766029718238274
9,2,11,0.15318131521390047
11,0,11,0.8733102078879845
7,4,11,0.8553400459938837
7,4,11,NaN
10,1,11,0.47669007767124383
6,5,11,NaN
5,6,11,0.9494471673386267
8,3,11,0.9649170932836378
8,3,11,NaN
9,2,11,0.43116983099757117
10,1,11,0.24524244003177142
6,5,11,0.7267509803124766
10,1,11,0.4994966444245364
8,3,11,0.00014426564405291913
9,2,11,0.5109744681860121
6,5,11,0.7582540955828375
4,7,11,0.8733102078879845
6,5,11,0.569149748895899
8,3,11,0.7211146082534441
7,4,11,NaN
7,4,11,0.7267509803124766
9,2,11,0.9030952226408369
6,5,11,0.6505728275062779
9,2,11,NaN
6,5,11,0.9769765172901873
5,6,11,0.786623350458894
8,3,11,0.2582603317772707
6,5,11,0.14766029718238274
7,4,11,0.35291544996872376
10,1,11,0.6724239905035665
8,3,11,0.9649170932836378
6,5,11,0.19236277848876807
5,6,11,0.12099406097108538
7,4,11,0.6104096037191906
8,3,11,0.03317022976394289
8,3,11,0.8886935889394204
10,1,11,0.19236277848876807
9,2,11,0.8554695011515411
10,1,11,0.8356407771585233
10,1,11,0.6104096037191906
7,4,11,0.43116983099757117
8,3,11,0.009997286173008008
8,3,11,0.4875606435472145
8,3,11,0.01389863463638223
6,5,11,0.5238679062670301
10,1,11,0.8886935889394204
9,2,11,0.012184096237386859
8,3,11,0.3063915105046338
9,2,11,0.46915074580711696
9,2,11,0.19236277848876807
9,2,11,0.47979204481745763
8,3,11,0.5019751631958569
3,8,11,0.8120477488685461
8,3,11,0.07516402919625821
7,4,11,0.8882277173198035
7,4,11,NaN
5,6,11,0.12995989402215086
8,3,11,0.364225774553072
7,4,11,0.08596717446393809
10,1,11,NaN
7,4,11,0.2180321792514569
7,4,11,0.24524244003177142
6,5,11,0.8356407771585233
10,1,11,0.9163216390929619
8,3,11,NaN
9,2,11,0.24524244003177142
7,4,11,0.2180321792514569
9,2,11,0.2180321792514569
10,1,11,0.3479742922906569
7,4,11,0.47793771766761745
8,3,11,0.11404401218842061
10,1,11,0.3149813444585866
9,2,11,0.023536310079113054
7,4,11,0.47793771766761745
8,3,11,0.34513274092166535
8,3,11,0.39064081951093954
8,3,11,0.08794087657375788
6,5,11,0.3149813444585866
8,3,11,0.3149813444585866
8,3,11,8.288544125584158e-6
6,5,11,0.041204458816809404
8,3,11,0.2351234969721843
6,5,11,0.786623350458894
7,4,11,NaN
9,2,11,0.011532985534739066
8,3,11,0.7965188419159412
10,1,11,0.9811127762214269
8,3,11,0.4875606435472145
5,6,11,0.8733102078879845
6,5,11,0.008126970210441814
8,3,11,0.07862949089731315
4,7,11,0.5997367624036737
8,3,11,0.23458125428458745
10,1,11,NaN
11,0,11,0.5477486134556108
10,1,11,NaN
8,3,11,0.6914431924244484
9,2,11,0.09943458759150654
4,7,11,NaN
5,6,11,0.52421397931187
6,5,11,0.013712126257744364
7,4,11,0.7801388238178582
7,4,11,0.27923371017636817
7,4,11,0.042386284772009925
10,1,11,NaN
8,3,11,0.9013802240548311
3,8,11,0.15490981827571945
6,5,11,0.8120477488685461
8,3,11,NaN
6,5,11,0.19236277848876807
10,1,11,NaN
9,2,11,0.24524244003177142
6,5,11,0.39064081951093954
7,4,11,0.6104096037191906
7,4,11,0.1298724704817915
6,5,11,0.005772729173959262
8,3,11,0.021291121477515468
6,5,11,0.43116983099757117
8,3,11,0.06611573959509347
6,5,11,0.569149748895899
10,1,11,NaN
9,2,11,0.11404401218842061
3,8,11,0.2180321792514569
6,5,11,0.7712718880746144
8,3,11,0.9490411065363702
6,5,11,0.7267509803124766
9,2,11,0.07711890120107545
8,3,11,0.028886075440067927
10,1,11,0.9546043490729612
11,0,11,0.7582540955828375
8,3,11,2.7645233944214258e-5
9,2,11,0.8886935889394204
9,2,11,0.41263641718921285
10,1,11,0.7267509803124766
6,5,11,NaN
8,3,11,0.976413425292083
9,2,11,0.39064081951093954
7,4,11,0.39064081951093954
10,1,11,0.3149813444585866
9,2,11,0.2180321792514569
6,5,11,NaN
4,7,11,0.5815928988172803
8,3,11,0.5800738008588345
9,2,11,0.0003043113440020372
8,3,11,0.11404401218842061
11,0,11,0.08596717446393809
8,3,11,0.7582540955828375
2,9,11,NaN
7,4,11,NaN
7,4,11,0.8120477488685461
8,3,11,0.7626172258371589
10,1,11,0.022579874553303
9,2,11,0.08596717446393809
6,5,11,0.11404401218842061
4,7,11,0.6312521649346363
6,5,11,0.7267509803124766
7,4,11,0.04370689030141423
8,3,11,0.9431256790160365
7,4,11,0.00937528965543574
10,1,11,NaN
8,3,11,0.66613331865186
4,7,11,0.07470550857760336
8,3,11,NaN
5,6,11,0.6104096037191906
11,0,11,0.6914431924244484
9,2,11,0.6505728275062779
7,4,11,0.7297736583625457
7,4,11,0.7479911887362787
5,6,11,0.006942584151059143
5,6,11,0.49231531582500254
10,1,11,0.7583524241541088
11,0,11,0.5817929492589985
9,2,11,0.6914431924244484
8,3,11,0.01700169253695833
9,2,11,NaN
8,3,11,0.09337452515357803
10,1,11,0.298085208124839
6,5,11,0.8553400459938837
7,4,11,0.0974866047760331
10,1,11,0.28206793084116294
9,2,11,0.03317022976394289
5,6,11,0.43116983099757117
4,7,11,0.30831821904942935
11,0,11,0.8886935889394204
5,6,11,0.7582540955828375
6,5,11,0.36650630250948923
8,3,11,0.6914431924244484
10,1,11,0.0098968790713959
8,3,11,NaN
6,5,11,0.6673449709556282
9,2,11,0.4854339467672266
11,0,11,0.43091850384796315
9,2,11,0.6914431924244484
10,1,11,0.9163216390929619
10,1,11,NaN
9,2,11,NaN
7,4,11,0.14766029718238274
8,3,11,0.24524244003177142
9,2,11,0.842397004022357
9,2,11,0.7582540955828375
8,3,11,0.786623350458894
10,1,11,0.8553400459938837
6,5,11,0.05429050338667007
9,2,11,NaN
9,2,11,0.8390814330253379
10,1,11,0.429252085200595
7,4,11,NaN
7,4,11,0.5932290821066095
9,2,11,0.4784723918678434
4,7,11,0.7267509803124766
7,4,11,0.9163216390929619
9,2,11,0.927808813496808
10,1,11,0.6914431924244484
6,5,11,0.6124850666781179
4,7,11,0.08596717446393809
9,2,11,0.6505728275062779
4,7,11,0.5354657453422125
6,5,11,NaN
7,4,11,0.038709141732408185
7,4,11,0.06611573959509347
8,3,11,0.6957023826938187
10,1,11,0.6104096037191906
8,3,11,0.2772353224428294
6,5,11,0.4137373899564104
7,4,11,NaN
6,5,11,0.569149748895899
7,4,11,NaN
9,2,11,0.14736363930099047
8,3,11,0.5986799131426598
8,3,11,0.569149748895899
6,5,11,0.014253564825494586
11,0,11,0.5019030460972459
7,4,11,0.16806732870266622
9,2,11,0.8866035662539163
7,4,11,0.2896385218445665
5,6,11,0.778971258305894
9,2,11,0.17729434667575933
7,4,11,0.40847057803294584
8,3,11,0.0003596720144201098
9,2,11,0.03317022976394289
10,1,11,NaN
7,4,11,0.7582540955828375
10,1,11,0.6936424771194916
10,1,11,0.21915067046192294
10,1,11,0.9388397790286686
7,4,11,0.24524244003177142
7,4,11,0.7265017938657867
7,4,11,0.5238679062670301
7,4,11,0.42805531799620705
9,2,11,0.6505728275062779
9,2,11,0.6122699191388004
8,3,11,NaN
9,2,11,0.017881082921032253
8,3,11,0.13574399758183164
9,2,11,0.9631652653835119
9,2,11,0.7267509803124766
10,1,11,0.35291544996872376
9,2,11,NaN
7,4,11,0.39064081951093954
6,5,11,NaN
9,2,11,0.7175892464143123
9,2,11,0.569149748895899
9,2,11,0.5656402939811999
7,4,11,0.5238679062670301
8,3,11,0.05735097310840156
9,2,11,0.3149813444585866
7,4,11,0.16806732870266622
6,5,11,NaN
11,0,11,0.569149748895899
8,3,11,0.0494455745194533
8,3,11,0.13906406781445516
5,6,11,0.6671837238690199
9,2,11,NaN
9,2,11,0.03450067636179364
7,4,11,0.8815560790124995
11,0,11,0.21116418186693267
10,1,11,0.7582540955828375
11,0,11,0.0011957147832016637
9,2,11,0.3149813444585866
3,8,11,0.25329997556801176
9,2,11,0.9857264206675347
7,4,11,0.07105296709417117
5,6,11,0.9490411065363702
6,5,11,0.39064081951093954
9,2,11,0.9649170932836378
8,3,11,0.24391384367915364
10,1,11,0.09943458759150654
5,6,11,0.6914431924244484
7,4,11,0.19236277848876807
8,3,11,0.39064081951093954
10,1,11,0.569149748895899
10,1,11,0.27923371017636817
9,2,11,0.9501305535207419
8,3,11,0.01106291855365187
10,1,11,0.8733102078879845
10,1,11,0.3747978454637973
10,1,11,0.786623350458894
11,0,11,0.6643654170602393
7,4,11,0.16806732870266622
4,7,11,NaN
9,2,11,0.1452259319141794
9,2,11,0.16806732870266622
8,3,11,0.927808813496808
7,4,11,0.5437654384381475
9,2,11,0.8553400459938837
6,5,11,0.7267509803124766
9,2,11,0.43116983099757117
8,3,11,0.07470550857760336
9,2,11,0.8733102078879845
8,3,11,0.35291544996872376
7,4,11,NaN
4,7,11,0.7267509803124766
11,0,11,0.47793771766761745
11,0,11,0.6581186411566695
7,4,11,0.013012090556402367
6,5,11,0.2473598434937979
8,3,11,0.03317022976394289
11,0,11,NaN
8,3,11,NaN
10,1,11,0.7267509803124766
6,5,11,0.39064081951093954
7,4,11,0.48692223302250587
8,3,11,0.06300956657182648
8,3,11,0.02890370521364133
10,1,11,0.08596717446393809
7,4,11,0.6914431924244484
7,4,11,0.8553400459938837
6,5,11,0.8356407771585233
7,4,11,0.7321706776108354
9,2,11,0.6324446812893797
11,0,11,0.6104096037191906
6,5,11,0.00725973124917006
7,4,11,0.1298724704817915
9,2,11,0.823096772342844
8,3,11,0.9574264943593161
9,2,11,0.4651673082324882
7,4,11,0.6526543142465616
4,7,11,NaN
7,4,11,0.6951558211975414
8,3,11,0.011532985534739066
9,2,11,0.7267509803124766
8,3,11,0.3565317346123029
8,3,11,0.9711836190363513
9,2,11,0.43116983099757117
4,7,11,0.4178329013358985
5,6,11,0.5238679062670301
8,3,11,0.7971405917373999
8,3,11,0.4994966444245364
9,2,11,0.47793771766761745
4,7,11,0.06373980375872917
9,2,11,0.2649352064313141
10,1,11,NaN
6,5,11,0.3912057984548707
6,5,11,0.47699782718635464
8,3,11,0.5587162519288353
11,0,11,0.7582540955828375
8,3,11,0.9653855066490298
6,5,11,0.569149748895899
8,3,11,NaN
8,3,11,0.9388397790286686
7,4,11,NaN
6,5,11,0.9711836190363513
7,4,11,0.7267509803124766
8,3,11,0.976413425292083
5,6,11,0.48741518333156936
9,2,11,0.786623350458894
8,3,11,4.671689260254697e-5
5,6,11,NaN
8,3,11,0.9711836190363513
8,3,11,0.7459276368945258
7,4,11,0.5430615642812584
10,1,11,0.07470550857760336
11,0,11,0.39064081951093954
9,2,11,0.0494455745194533
8,3,11,0.16806732870266622
11,0,11,NaN
7,4,11,0.7582540955828375
9,2,11,0.5727094346442054
6,5,11,0.8733102078879845
7,4,11,0.03317022976394289
5,6,11,0.004918115902563154
7,4,11,NaN
10,1,11,NaN
7,4,11,0.569149748895899
7,4,11,0.16806732870266622
9,2,11,0.7267509803124766
6,5,11,0.47793771766761745
5,6,11,0.6104096037191906
8,3,11,0.001817972294315379
8,3,11,0.5238679062670301
5,6,11,0.0009268874622959765
5,6,11,NaN
7,4,11,NaN
10,1,11,NaN
7,4,11,0.569149748895899
8,3,11,0.36316589340636496
7,4,11,0.9030952226408369
10,1,11,0.512759892688604
5,6,11,0.8606810332531978
7,4,11,NaN
11,0,11,0.28213161122996433
7,4,11,0.9944136266474382
7,4,11,0.2180321792514569
10,1,11,0.976413425292083
9,2,11,0.09943458759150654
11,0,11,0.16659838178576247
9,2,11,0.8553400459938837
8,3,11,0.6104096037191906
8,3,11,NaN
9,2,11,NaN
9,2,11,NaN
8,3,11,0.12331608849787486
6,5,11,NaN
8,3,11,4.109789129289824e-12
8,3,11,0.8442143217132388
9,2,11,0.024979424385777767
8,3,11,0.39064081951093954
9,2,11,0.6914431924244484
4,7,11,0.05057477335086704
9,2,11,0.8356407771585233
5,6,11,0.11951279328382143
6,5,11,0.9388397790286686
8,3,11,0.37529752384369847
8,3,11,0.03317022976394289
9,2,11,0.03626781202639805
7,4,11,0.09943458759150654
8,3,11,0.0019002529914548918
4,7,11,0.4994966444245364
6,5,11,0.2180321792514569
6,5,11,0.4000801055241669
4,7,11,0.11757439762782299
9,2,11,0.6319989411614972
10,1,11,0.2869410164640306
7,4,11,NaN
4,7,11,0.6914431924244484
8,3,11,NaN
9,2,11,0.27923371017636817
7,4,11,NaN
7,4,11,0.7267509803124766
8,3,11,0.8707284841932942
6,5,11,0.27440674060556197
10,1,11,0.946641464491898
11,0,11,0.47793771766761745
8,3,11,0.7267509803124766
6,5,11,0.6689033359385416
7,4,11,0.7915444054439713
5,6,11,0.0042389324883594275
4,7,11,0.786623350458894
10,1,11,0.09943458759150654
6,5,11,NaN
7,4,11,0.8733102078879845
8,3,11,0.786623350458894
8,3,11,0.9388397790286686
8,3,11,0.6914431924244484
8,3,11,0.2370872259488594
10,1,11,0.08596717446393809
10,1,11,0.21867556790285456
8,3,11,0.9030952226408369
5,6,11,0.011012009779505432
7,4,11,0.786623350458894
8,3,11,0.1298724704817915
7,4,11,0.8049739825120291
6,5,11,0.09943458759150654
6,5,11,0.6508882193128779
8,3,11,0.6880751652472807
7,4,11,4.1997600689174225e-7
6,5,11,0.27923371017636817
7,4,11,0.0033066883895136404
10,1,11,0.9860859545777094
9,2,11,0.9915100969385146
10,1,11,0.05735097310840156
7,4,11,0.27923371017636817
9,2,11,0.019217246432890994
7,4,11,0.5238679062670301
9,2,11,0.1335172585826882
9,2,11,0.279102362902047
3,8,11,8.354861815276147e-5
11,0,11,0.07470550857760336
5,6,11,0.41317226988116207
9,2,11,0.2180321792514569
8,3,11,0.04370689030141423
9,2,11,0.5238679062670301
5,6,11,0.0005179612292109171
11,0,11,NaN
4,7,11,0.7165991564737738
10,1,11,0.8641135609647326
6,5,11,0.0021658441345355074
8,3,11,0.8356407771585233
8,3,11,0.11404401218842061
9,2,11,0.8886935889394204
9,2,11,0.003498929746280723
9,2,11,0.8356407771585233
9,2,11,NaN
10,1,11,0.927808813496808
9,2,11,NaN
3,8,11,0.9490411065363702
11,0,11,0.6505728275062779
9,2,11,0.22433501833867905
5,6,11,0.05188964179846309
9,2,11,NaN
7,4,11,0.47793771766761745
5,6,11,0.8120477488685461
7,4,11,0.5238679062670301
11,0,11,0.1020053081748332
4,7,11,0.95114620166082
8,3,11,NaN
9,2,11,NaN
6,5,11,0.14766029718238274
6,5,11,0.21192652223189226
6,5,11,0.13784261242835
6,5,11,0.43116983099757117
7,4,11,0.6505728275062779
8,3,11,NaN
6,5,11,0.07470550857760336
8,3,11,0.9481181950251637
6,5,11,0.3576633097076375
6,5,11,0.5648882816339776
8,3,11,0.46661684489991384
10,1,11,0.569149748895899
9,2,11,0.786623350458894
11,0,11,0.786623350458894
8,3,11,0.05309841051998343
7,4,11,0.3149813444585866
6,5,11,0.19236277848876807
2,9,11,0.2180321792514569
11,0,11,0.7267509803124766
9,2,11,0.3305502538123514
8,3,11,0.8553400459938837
9,2,11,0.778971258305894
9,2,11,0.7839998393049317
5,6,11,NaN
10,1,11,0.8926735212774597
8,3,11,0.43116983099757117
8,3,11,0.43116983099757117
9,2,11,0.22556505645181077
9,2,11,2.8093747473479634e-5
7,4,11,0.47793771766761745
11,0,11,0.8120477488685461
7,4,11,0.024269811610269285
6,5,11,0.1298724704817915
6,5,11,0.6914431924244484
10,1,11,0.8953841840106833
6,5,11,0.43116983099757117
7,4,11,NaN
9,2,11,0.16806732870266622
9,2,11,0.3149813444585866
6,5,11,0.8733102078879845
9,2,11,0.786623350458894
5,6,11,0.009997286173008008
5,6,11,0.7362695246484731
7,4,11,0.6476801409421038
5,6,11,0.04808172697395618
7,4,11,0.47793771766761745
7,4,11,0.927808813496808
10,1,11,0.8775306543988742
7,4,11,0.8733102078879845
7,4,11,1.8547743989344182e-5
2,9,11,NaN
6,5,11,0.976413425292083
10,1,11,0.7635139812160975
10,1,11,0.8775306543988742
8,3,11,0.2449297274308735
7,4,11,0.9030952226408369
10,1,11,0.29321466086640874
9,2,11,0.9711836190363513
8,3,11,0.6165709600421269
9,2,11,0.7988154660504694
7,4,11,0.2887478495258714
7,4,11,0.415849424375834
5,6,11,0.05735097310840156
9,2,11,0.8047442396377734
5,6,11,0.07470550857760336
7,4,11,0.569149748895899
4,7,11,0.07470550857760336
8,3,11,NaN
5,6,11,0.5238679062670301
7,4,11,0.7582540955828375
7,4,11,0.7251339425213262
4,7,11,NaN
9,2,11,0.6914431924244484
8,3,11,0.5944062381500475
5,6,11,0.6505728275062779
10,1,11,0.5441384907588015
8,3,11,0.6505728275062779
6,5,11,0.24274098601481534
5,6,11,NaN
9,2,11,0.8553400459938837
7,4,11,0.08596717446393809
5,6,11,0.8135122998034316
10,1,11,0.26881241911136733
9,2,11,NaN
5,6,11,0.35291544996872376
11,0,11,0.5238679062670301
8,3,11,0.5238679062670301
11,0,11,0.038751649178293573
6,5,11,0.47793771766761745
5,6,11,0.0033164182647068365
6,5,11,0.9030952226408369
10,1,11,0.19236277848876807
9,2,11,0.7470062346334309
4,7,11,0.6342896145255685
5,6,11,NaN
6,5,11,NaN
6,5,11,0.00013542545503155069
8,3,11,5.1467604485815195e-9
10,1,11,0.7762201877346611
5,6,11,0.07470550857760336
6,5,11,0.43116983099757117
10,1,11,0.9614732447572635
9,2,11,0.09943458759150654
7,4,11,0.47793771766761745
9,2,11,0.6104096037191906
9,2,11,0.7006551257550627
8,3,11,0.9388397790286686
8,3,11,NaN
6,5,11,0.36061571791882463
7,4,11,0.16385624944946378
5,6,11,0.6914431924244484
7,4,11,NaN
9,2,11,0.8886935889394204
4,7,11,0.028886075440067927
6,5,11,0.441872674233577
11,0,11,NaN
7,4,11,0.8449089100410629
3,8,11,0.8733102078879845
7,4,11,NaN
11,0,11,0.8370498159240735
7,4,11,NaN
7,4,11,NaN
6,5,11,0.5114118757531821
7,4,11,0.9249318174205405
4,7,11,NaN
8,3,11,0.7852840193273499
2,9,11,NaN
8,3,11,NaN
8,3,11,0.06846923668517754
8,3,11,NaN
7,4,11,NaN
9,2,11,0.8120477488685461
9,2,11,0.24524244003177142
8,3,11,NaN
4,7,11,NaN
9,2,11,0.35291544996872376
10,1,11,0.6914431924244484
9,2,11,0.08750634057473962
10,1,11,0.16806732870266622
4,7,11,0.8733102078879845
9,2,11,0.01767534902383288
5,6,11,0.36481389771464195
10,1,11,NaN
9,2,11,0.5238679062670301
8,3,11,0.09943458759150654
8,3,11,0.16806732870266622
10,1,11,0.7132580347370449
5,6,11,0.00911539315041507
9,2,11,0.569149748895899
8,3,11,0.5001707668227029
9,2,11,0.14766029718238274
8,3,11,0.4472189894720591
9,2,11,0.2825756595979886
10,1,11,0.011676042219187393
7,4,11,0.5238679062670301
5,6,11,0.28307077970323524
6,5,11,0.8733102078879845
9,2,11,0.1557854831704946
9,2,11,0.11404401218842061
8,3,11,0.021960220642977778
6,5,11,0.4166257394014715
8,3,11,NaN
6,5,11,0.24524244003177142
6,5,11,NaN
9,2,11,0.22721344589483075
6,5,11,0.11404401218842061
8,3,11,0.786623350458894
8,3,11,0.8385668735605378
5,6,11,0.5238679062670301
6,5,11,0.5079325843016903
7,4,11,NaN
7,4,11,0.3677052937449486
8,3,11,0.6505728275062779
9,2,11,0.6914431924244484
10,1,11,0.6505728275062779
11,0,11,0.8886935889394204
5,6,11,0.03794641341295346
6,5,11,0.27923371017636817
6,5,11,NaN
8,3,11,0.712777579022733
6,5,11,0.43116983099757117
10,1,11,0.1298724704817915
10,1,11,0.31704501574285643
6,5,11,0.5988966746409761
9,2,11,0.11404401218842061
10,1,11,0.075223414583358
8,3,11,0.8442143217132388
4,7,11,0.9574264943593161
9,2,11,NaN
5,6,11,0.6505728275062779
10,1,11,0.28676495242973066
4,7,11,0.0020809118405570814
8,3,11,0.03317022976394289
5,6,11,0.39064081951093954
9,2,11,0.67410470467112
8,3,11,0.09776273493825524
9,2,11,0.6426385446506481
8,3,11,0.012375518483440769
8,3,11,0.3149813444585866
9,2,11,NaN
8,3,11,0.41370653116364914
8,3,11,0.026677791602139532
7,4,11,0.35291544996872376
4,7,11,0.927808813496808
8,3,11,0.05800795266566109
7,4,11,0.2180321792514569
8,3,11,NaN
6,5,11,0.7188560844264795
6,5,11,0.35291544996872376
7,4,11,0.10328296149413824
10,1,11,NaN
9,2,11,0.8553400459938837
7,4,11,0.24524244003177142
9,2,11,0.16806732870266622
4,7,11,0.7051840551574875
8,3,11,0.6777695128181356
6,5,11,0.3634279597327827
10,1,11,0.6898638222421187
8,3,11,0.786623350458894
8,3,11,NaN
7,4,11,0.07470550857760336
7,4,11,0.43116983099757117
7,4,11,0.710073343725375
8,3,11,0.13319981825306582
9,2,11,0.6104096037191906
6,5,11,0.8886935889394204
6,5,11,0.8415454746148262
9,2,11,0.07470550857760336
8,3,11,0.8120477488685461
8,3,11,0.5932290821066095
10,1,11,0.00033625166364219955
7,4,11,0.5156223136984843
6,5,11,0.012881972862117407
7,4,11,0.06611573959509347
7,4,11,0.000229658889979026
7,4,11,0.6579379751568183
9,2,11,0.9649170932836378
6,5,11,NaN
8,3,11,0.05735097310840156
7,4,11,0.27923371017636817
4,7,11,0.569149748895899
8,3,11,0.6505728275062779
6,5,11,0.5238679062670301
5,6,11,NaN
6,5,11,0.5238679062670301
7,4,11,0.34761220357298417
6,5,11,NaN
6,5,11,0.23142180185594782
10,1,11,0.1891264280794328
5,6,11,0.7267509803124766
10,1,11,0.4000801055241669
8,3,11,0.032885718358176434
9,2,11,0.5238679062670301
8,3,11,0.7939776423099195
8,3,11,NaN
6,5,11,0.2180321792514569
10,1,11,0.9453728858020672
6,5,11,0.441872674233577
10,1,11,NaN
8,3,11,0.43116983099757117
7,4,11,0.3835872791105428
6,5,11,0.8356407771585233
10,1,11,0.770107297009592
8,3,11,0.35291544996872376
10,1,11,NaN
10,1,11,0.19236277848876807
8,3,11,0.6104096037191906
7,4,11,0.8120477488685461
6,5,11,NaN
8,3,11,0.6725504338224801
8,3,11,0.35291544996872376
2,9,11,0.21774885065391478
7,4,11,0.47793771766761745
5,6,11,0.003736962491151852
8,3,11,0.021960220642977778
6,5,11,0.04687796347903008
9,2,11,NaN
9,2,11,0.503469558941455
8,3,11,0.3255003689325649
8,3,11,0.8720060212102919
10,1,11,0.9678237453967298
4,7,11,NaN
7,4,11,0.5935059829432466
7,4,11,0.7267509803124766
8,3,11,NaN
2,9,11,2.568775634082611e-6
8,3,11,NaN
6,5,11,0.43116983099757117
10,1,11,0.47793771766761745
10,1,11,0.785277422041644
5,6,11,0.0003125761569872488
9,2,11,0.6763954018485628
9,2,11,0.09943458759150654
10,1,11,0.5238679062670301
5,6,11,NaN
3,8,11,0.7267509803124766
7,4,11,0.024286804755450996
6,5,11,0.976413425292083
8,3,11,0.6505728275062779
5,6,11,0.47413681226380844
6,5,11,0.19236277848876807
9,2,11,0.957391832257364
8,3,11,NaN
10,1,11,NaN
9,2,11,0.9811127762214269
8,3,11,0.7267509803124766
7,4,11,0.5238679062670301
7,4,11,0.17963188626737284
6,5,11,0.9644080435490529
7,4,11,0.5059868890442308
6,5,11,0.30850458025821004
8,3,11,0.47793771766761745
8,3,11,0.43116983099757117
7,4,11,0.8553400459938837
4,7,11,0.43116983099757117
7,4,11,0.8356407771585233
7,4,11,0.18492279718353932
6,5,11,0.0021658441345355074
11,0,11,NaN
6,5,11,0.36493389829939676
8,3,11,0.47793771766761745
8,3,11,0.3520518699291209
9,2,11,0.10145390263059653
5,6,11,NaN
6,5,11,0.9163216390929619
5,6,11,0.7267509803124766
9,2,11,0.08186878784150564
9,2,11,0.786623350458894
9,2,11,0.07893528159241672
6,5,11,0.8356407771585233
5,6,11,0.0016997450757664932
4,7,11,0.7267509803124766
7,4,11,0.43116983099757117
8,3,11,0.4269371211075119
7,4,11,0.41316615599062007
8,3,11,NaN
4,7,11,0.786623350458894
8,3,11,NaN
9,2,11,0.9388397790286686
9,2,11,0.05027848355774194
8,3,11,0.6505728275062779
5,6,11,0.6505728275062779
6,5,11,0.47793771766761745
8,3,11,0.8983383876251304
8,3,11,0.749198901361248
7,4,11,0.6505728275062779
3,8,11,0.9030952226408369
8,3,11,0.3149813444585866
7,4,11,0.0526544563200439
5,6,11,NaN
7,4,11,0.43116983099757117
8,3,11,NaN
6,5,11,NaN
5,6,11,NaN
3,8,11,0.906749574984348
6,5,11,0.6555287729991368
10,1,11,0.7017382494075344
6,5,11,0.976413425292083
2,9,11,0.6880751652472807
10,1,11,0.35064018308951
6,5,11,0.3761245419307974
8,3,11,0.7774891427160723
9,2,11,0.1298724704817915
7,4,11,0.04370689030141423
9,2,11,NaN
8,3,11,NaN
7,4,11,NaN
4,7,11,0.9649170932836378
7,4,11,0.9030952226408369
9,2,11,0.8553400459938837
4,7,11,0.8688875181435378
8,3,11,0.7582540955828375
8,3,11,0.47793771766761745
10,1,11,0.9091352501634676
8,3,11,NaN
5,6,11,NaN
7,4,11,0.0008939684159588148
9,2,11,0.9388397790286686
9,2,11,0.786623350458894
7,4,11,2.5326816636131608e-6
8,3,11,0.5247581091293865
7,4,11,NaN
9,2,11,0.6914431924244484
8,3,11,0.19236277848876807
10,1,11,0.14766029718238274
4,7,11,0.21789723100099276
5,6,11,0.8894872790652307
10,1,11,0.1916390876669254
6,5,11,NaN
10,1,11,0.696287418849325
9,2,11,0.8120477488685461
9,2,11,0.9163216390929619
7,4,11,0.416441552132081
9,2,11,0.9959563016385328
9,2,11,0.43116983099757117
5,6,11,0.569149748895899
4,7,11,0.8356407771585233
10,1,11,0.27923371017636817
9,2,11,0.2180321792514569
9,2,11,0.47469264503566905
5,6,11,NaN
7,4,11,0.921881291872341
8,3,11,0.13845051203258424
9,2,11,0.5246239879575669
5,6,11,0.47793771766761745
5,6,11,0.19236277848876807
6,5,11,0.9517781462285417
9,2,11,0.8120477488685461
6,5,11,0.06373980375872917
11,0,11,0.786623350458894
5,6,11,NaN
10,1,11,0.7347707862191044
8,3,11,0.11831400601811629
8,3,11,NaN
9,2,11,0.47793771766761745
3,8,11,0.6555287729991368
6,5,11,0.9712359759576593
7,4,11,0.07470550857760336
7,4,11,0.5207163251672441
8,3,11,0.9030952226408369
8,3,11,0.1298724704817915
4,7,11,0.6061360034034095
7,4,11,0.0792972786957223
7,4,11,0.07470550857760336
5,6,11,0.786623350458894
7,4,11,0.8000268595624913
8,3,11,NaN
8,3,11,0.5238679062670301
7,4,11,0.6104096037191906
4,7,11,0.08338428661019415
4,7,11,0.6104096037191906
4,7,11,0.0033647642722392642
10,1,11,0.9461825198141972
5,6,11,0.6833758768314452
7,4,11,0.7040412424820544
7,4,11,0.16988036619922947
7,4,11,0.6914431924244484
4,7,11,0.09943458759150654
6,5,11,0.6181101058296996
5,6,11,0.14766029718238274
9,2,11,0.43116983099757117
8,3,11,0.4129210572381568
3,8,11,0.8733102078879845
9,2,11,NaN
5,6,11,0.6556882463379623
9,2,11,NaN
6,5,11,0.07159045158556479
8,3,11,0.030456654273696277
5,6,11,0.3149813444585866
8,3,11,0.4185114058659865
7,4,11,0.927808813496808
5,6,11,0.7582540955828375
7,4,11,0.11404401218842061
11,0,11,0.7267509803124766
8,3,11,0.0011189098452109635
7,4,11,0.031727320398366
4,7,11,0.6104096037191906
9,2,11,0.6505728275062779
8,3,11,0.35291544996872376
7,4,11,0.7267509803124766
6,5,11,0.335233128720832
9,2,11,0.03277521431830874
4,7,11,0.39064081951093954
9,2,11,0.9711836190363513
9,2,11,0.45019209148141975
9,2,11,NaN
6,5,11,0.07341146826200697
10,1,11,0.8120477488685461
9,2,11,0.9058849933666898
8,3,11,0.5238679062670301
8,3,11,0.1496511622336001
8,3,11,0.47793771766761745
8,3,11,0.6914431924244484
9,2,11,0.927808813496808
9,2,11,0.6505728275062779
9,2,11,0.8553400459938837
9,2,11,0.27426830339175584
10,1,11,0.9057753793488846
7,4,11,0.786623350458894
9,2,11,NaN
8,3,11,0.9269474237997964
6,5,11,NaN
3,8,11,0.06273695115622187
8,3,11,0.14445468246262233
4,7,11,0.007995056874149717
10,1,11,0.09192753552788831
6,5,11,0.5238679062670301
5,6,11,NaN
10,1,11,0.026701162590969416
10,1,11,NaN
6,5,11,0.786623350458894
5,6,11,0.0037445610199295853
9,2,11,0.6914431924244484
7,4,11,0.1298724704817915
9,2,11,0.0009268874622959765
7,4,11,0.9649170932836378
10,1,11,0.6603349835179124
4,7,11,0.8356407771585233
7,4,11,0.14766029718238274
4,7,11,0.6914431924244484
5,6,11,0.05735097310840156
6,5,11,0.5625524319365759
4,7,11,0.35291544996872376
7,4,11,0.6914431924244484
6,5,11,NaN
2,9,11,0.27923371017636817
5,6,11,0.13879968337112916
8,3,11,0.0494455745194533
8,3,11,0.927808813496808
9,2,11,0.3932950730456257
7,4,11,0.43300054181328856
4,7,11,0.24524244003177142
9,2,11,0.786623350458894
6,5,11,0.11404401218842061
7,4,11,0.9999003496660525
7,4,11,0.2180321792514569
5,6,11,0.8886935889394204
4,7,11,0.6896845478296425
9,2,11,0.8014067317381686
7,4,11,0.27369177007057516
9,2,11,0.6914431924244484
5,6,11,0.5238679062670301
8,3,11,0.7097871918743238
5,6,11,0.7267509803124766
5,6,11,0.018502636503799408
5,6,11,0.27923371017636817
9,2,11,0.07470550857760336
4,7,11,0.8952293248440348
5,6,11,NaN
8,3,11,NaN
4,7,11,0.6104096037191906
9,2,11,0.21002587428019345
4,7,11,0.7267509803124766
11,0,11,0.07909011724416819
6,5,11,0.35291544996872376
4,7,11,0.9574264943593161
8,3,11,0.3688589049859038
9,2,11,0.07470550857760336
6,5,11,0.03202471173732321
6,5,11,0.5238679062670301
8,3,11,0.111799773585099
9,2,11,0.017895190002216652
5,6,11,0.8553400459938837
9,2,11,0.8886935889394204
9,2,11,0.1854137792993142
9,2,11,0.35291544996872376
7,4,11,0.7948277814152832
5,6,11,NaN
6,5,11,0.2627551567903574
8,3,11,0.03317022976394289
5,6,11,0.9490411065363702
4,7,11,NaN
7,4,11,0.8294144325450359
6,5,11,0.47793771766761745
5,6,11,1.226255510788649e-7
4,7,11,0.2180321792514569
5,6,11,NaN
7,4,11,NaN
1,10,11,0.04015887463970694
4,7,11,0.26194455297200586
10,1,11,0.8553400459938837
9,2,11,0.09943458759150654
7,4,11,0.27923371017636817
8,3,11,NaN
7,4,11,NaN
4,7,11,0.3487595586689774
5,6,11,0.7582540955828375
11,0,11,0.6914431924244484
6,5,11,0.5012152049879475
9,2,11,0.47793771766761745
7,4,11,0.03463093166333102
4,7,11,0.06611573959509347
2,9,11,0.43116983099757117
6,5,11,0.27923371017636817
5,6,11,0.08596717446393809
8,3,11,NaN
6,5,11,0.05735097310840156
9,2,11,0.9490411065363702
5,6,11,0.690599837110904
6,5,11,0.00350699126896234
7,4,11,NaN
10,1,11,NaN
6,5,11,0.6312521649346363
9,2,11,0.04986375367705703
7,4,11,0.7582540955828375
7,4,11,0.5723478033865719
6,5,11,0.6914431924244484
6,5,11,0.6104096037191906
3,8,11,0.43116983099757117
5,6,11,0.9617172795536147
3,8,11,0.46165641349917586
2,9,11,0.8553400459938837
6,5,11,0.5665009669052208
7,4,11,0.7267509803124766
7,4,11,0.47793771766761745
5,6,11,NaN
7,4,11,0.9388178341361093
6,5,11,0.6104096037191906
8,3,11,0.021960220642977778
5,6,11,0.015300915198979656
6,5,11,0.8733102078879845
9,2,11,0.35291544996872376
3,8,11,0.9388397790286686
4,7,11,0.35291544996872376
7,4,11,0.024639727816982263
5,6,11,0.2180321792514569
6,5,11,0.6104096037191906
6,5,11,0.6426385446506481
5,6,11,0.8553400459938837
6,5,11,0.43116983099757117
7,4,11,0.005084147641695978
6,5,11,0.24524244003177142
2,9,11,0.44606234553507124
4,7,11,0.9030952226408369
8,3,11,0.08596717446393809
6,5,11,0.9961520687047375
6,5,11,0.813356305084054
8,3,11,0.05133320199086504
5,6,11,0.569149748895899
8,3,11,0.28193279135381133
7,4,11,NaN
5,6,11,0.43116983099757117
4,7,11,0.5298689398568474
9,2,11,0.946506116290473
8,3,11,0.04517808191721581
5,6,11,NaN
8,3,11,0.998767140334452
3,8,11,0.9720684776892391
4,7,11,0.8442143217132388
8,3,11,NaN
5,6,11,0.9388397790286686
2,9,11,0.8957845465898323
6,5,11,0.7051840551574875
6,5,11,NaN
7,4,11,NaN
6,5,11,NaN
3,8,11,0.21789723100099276
11,0,11,0.569149748895899
4,7,11,0.1253908874723245
4,7,11,0.19236277848876807
3,8,11,NaN
3,8,11,0.7566088422379251
5,6,11,0.24923566525856317
5,6,11,0.04091721224458645
2,9,11,0.06611573959509347
4,7,11,0.15120734719856144
6,5,11,0.24816337669686978
1,10,11,0.569149748895899
4,7,11,NaN
4,7,11,NaN
3,8,11,0.1298724704817915
5,6,11,0.6737446122794849
3,8,11,0.976413425292083
3,8,11,0.569149748895899
2,9,11,0.35291544996872376
5,6,11,0.8733102078879845
1,10,11,NaN
1,10,11,0.24524244003177142
1,10,11,0.35291544996872376
2,9,11,0.6104096037191906
0,11,11,NaN
9,1,10,0.8553400459938837
7,3,10,0.5238679062670301
8,2,10,0.2180321792514569
7,3,10,0.36572093238079634
8,2,10,0.7267509803124766
10,0,10,0.43116983099757117
10,0,10,0.6505728275062779
4,6,10,0.19236277848876807
5,5,10,0.37451897150716096
7,3,10,0.14709554934350175
8,2,10,0.5238679062670301
9,1,10,NaN
8,2,10,NaN
7,3,10,0.4991160421078876
8,2,10,NaN
6,4,10,0.6104096037191906
7,3,10,0.5451612506370332
6,4,10,0.43116983099757117
10,0,10,0.01880761644846058
10,0,10,0.08596717446393809
7,3,10,0.2726612601547445
8,2,10,0.7220569427594582
9,1,10,NaN
7,3,10,0.6914431924244484
4,6,10,0.4646617387804386
9,1,10,NaN
9,1,10,0.10082850167539632
8,2,10,NaN
8,2,10,0.9370710385360655
9,1,10,0.3117476893236263
5,5,10,0.11003319334580011
10,0,10,0.7299219742847133
8,2,10,0.08338428661019415
6,4,10,0.028196145465327692
6,4,10,0.35291544996872376
8,2,10,0.02668274358731565
4,6,10,0.927808813496808
8,2,10,0.06258715944075069
10,0,10,0.24524244003177142
6,4,10,0.32960531902169343
6,4,10,0.6104096037191906
7,3,10,0.47793771766761745
8,2,10,0.010862813402238379
8,2,10,0.03794641341295346
5,5,10,0.6104096037191906
6,4,10,0.7714875310972275
8,2,10,NaN
5,5,10,0.27133977412972915
9,1,10,NaN
8,2,10,0.35713956167329985
6,4,10,2.5386385907977168e-5
5,5,10,0.2646275152972071
5,5,10,0.009997286173008008
8,2,10,0.43116983099757117
8,2,10,0.45980705164187363
8,2,10,0.8733102078879845
4,6,10,NaN
9,1,10,0.9388397790286686
8,2,10,NaN
8,2,10,0.35291544996872376
8,2,10,0.4000158509831306
9,1,10,0.6914431924244484
5,5,10,0.08596717446393809
7,3,10,0.7582540955828375
9,1,10,NaN
6,4,10,NaN
5,5,10,0.47793771766761745
7,3,10,0.4376980178061627
8,2,10,0.19236277848876807
6,4,10,0.00013897638844541135
9,1,10,NaN
5,5,10,0.00014559475827312306
10,0,10,0.6777695128181356
10,0,10,0.6532880762121756
8,2,10,0.745321582267437
8,2,10,0.40685701951534237
3,7,10,0.835271072662155
10,0,10,0.7435460888593889
7,3,10,NaN
9,1,10,0.2389566253162466
8,2,10,0.976413425292083
9,1,10,0.9115847525002773
9,1,10,NaN
7,3,10,0.6104096037191906
7,3,10,0.8120477488685461
8,2,10,0.47793771766761745
9,1,10,0.786623350458894
10,0,10,0.7582540955828375
3,7,10,0.27923371017636817
8,2,10,0.6780764626058351
7,3,10,0.06413778316154452
10,0,10,0.9300411020742549
4,6,10,0.1804780941953254
5,5,10,0.0390624643874199
9,1,10,0.8561047008290459
9,1,10,0.5382008445833466
8,2,10,0.9711836190363513
6,4,10,0.9811127762214269
6,4,10,0.6777695128181356
7,3,10,NaN
8,2,10,0.35291544996872376
5,5,10,0.04370689030141423
7,3,10,0.5932290821066095
7,3,10,NaN
10,0,10,0.02513128128295319
9,1,10,0.6453854222765528
7,3,10,0.3149813444585866
10,0,10,0.39064081951093954
6,4,10,0.8367477272345994
7,3,10,NaN
6,4,10,0.6104096037191906
8,2,10,0.6165709600421269
5,5,10,0.06611573959509347
7,3,10,0.005717119381097382
9,1,10,NaN
8,2,10,0.09943458759150654
8,2,10,0.8886935889394204
8,2,10,0.40057686224618433
9,1,10,0.9030952226408369
5,5,10,NaN
9,1,10,0.6914431924244484
5,5,10,0.6505728275062779
7,3,10,0.9426955380411017
6,4,10,NaN
7,3,10,0.6104096037191906
5,5,10,0.39923316667356906
8,2,10,0.9846923601827738
2,8,10,0.976413425292083
6,4,10,NaN
8,2,10,0.03634711538524854
7,3,10,0.4447976379944523
8,2,10,0.05941561357986095
7,3,10,0.8090242468222666
10,0,10,NaN
9,1,10,0.7051840551574875
8,2,10,0.569149748895899
9,1,10,0.27923371017636817
9,1,10,0.47793771766761745
6,4,10,0.9382407875534173
9,1,10,0.9872462448780103
9,1,10,0.14766029718238274
8,2,10,0.039413734062399126
5,5,10,0.7158268795819263
9,1,10,0.27923371017636817
8,2,10,0.9711836190363513
7,3,10,0.06645337165505787
8,2,10,0.01880761644846058
10,0,10,NaN
6,4,10,NaN
5,5,10,0.5028176160747315
9,1,10,NaN
8,2,10,0.6505728275062779
10,0,10,0.6914431924244484
10,0,10,NaN
9,1,10,0.06401128502476251
9,1,10,NaN
10,0,10,NaN
5,5,10,0.1298724704817915
8,2,10,0.06504008292509281
4,6,10,0.8553400459938837
4,6,10,0.6181101058296996
5,5,10,0.1418937199215479
8,2,10,0.46760096578228905
8,2,10,0.8356407771585233
10,0,10,0.08857269810898276
6,4,10,0.2834268479442009
8,2,10,0.4080064469917169
5,5,10,0.6492314148219378
7,3,10,0.729112911591227
5,5,10,NaN
5,5,10,0.976413425292083
7,3,10,0.8356407771585233
6,4,10,0.3149813444585866
9,1,10,0.07806552573121982
7,3,10,0.8733102078879845
8,2,10,0.47793771766761745
8,2,10,0.13205724491365367
6,4,10,0.0021658441345355074
8,2,10,0.036671729933833434
8,2,10,0.6880751652472807
8,2,10,0.15190084941165977
6,4,10,0.9163216390929619
8,2,10,0.26129833814012116
9,1,10,0.9574264943593161
9,1,10,0.927808813496808
6,4,10,0.47793771766761745
8,2,10,0.0494455745194533
5,5,10,0.06254751280147007
4,6,10,0.7582540955828375
10,0,10,0.786623350458894
7,3,10,NaN
7,3,10,NaN
8,2,10,0.27923371017636817
7,3,10,NaN
6,4,10,0.29577319923436
9,1,10,NaN
8,2,10,0.3250919847897066
8,2,10,0.5911759548372951
4,6,10,0.6528364522579192
4,6,10,2.6510401939697863e-5
8,2,10,0.8120477488685461
10,0,10,0.9085310591844357
5,5,10,0.10832314495893053
9,1,10,0.03794641341295346
7,3,10,0.8356407771585233
6,4,10,0.39064081951093954
6,4,10,NaN
4,6,10,0.8356407771585233
8,2,10,0.7267509803124766
9,1,10,0.07794647087740116
6,4,10,NaN
8,2,10,0.35291544996872376
8,2,10,0.6104096037191906
8,2,10,0.46375958347490065
7,3,10,0.4882827428503961
7,3,10,0.3149813444585866
7,3,10,0.07190694593493432
8,2,10,0.39064081951093954
9,1,10,NaN
7,3,10,NaN
8,2,10,0.8886935889394204
6,4,10,0.6104096037191906
7,3,10,0.006158458354327043
9,1,10,0.28953637817626154
7,3,10,NaN
8,2,10,0.2180321792514569
7,3,10,0.19236277848876807
5,5,10,NaN
6,4,10,0.06611573959509347
9,1,10,NaN
7,3,10,0.0069761914769390105
8,2,10,0.8553400459938837
6,4,10,0.25195898052417576
8,2,10,0.05350922146769348
10,0,10,0.03794641341295346
9,1,10,0.16806732870266622
6,4,10,0.08596717446393809
10,0,10,0.9040236058096718
10,0,10,0.39064081951093954
9,1,10,NaN
4,6,10,0.7267509803124766
6,4,10,0.37407338728350964
8,2,10,NaN
9,1,10,NaN
7,3,10,5.166292889319393e-5
6,4,10,0.06401128502476251
6,4,10,NaN
7,3,10,0.515102207846429
6,4,10,NaN
10,0,10,0.9779591734791565
7,3,10,0.8553400459938837
5,5,10,0.7883696248010116
7,3,10,0.6453854222765528
6,4,10,0.23539126197881183
8,2,10,0.39064081951093954
9,1,10,0.400502136395296
9,1,10,0.15586378200445064
3,7,10,0.6104096037191906
7,3,10,0.5238679062670301
8,2,10,0.06605785625411062
9,1,10,0.9711836190363513
7,3,10,0.24524244003177142
8,2,10,NaN
9,1,10,0.012354368253280517
8,2,10,0.9406815268333757
8,2,10,0.9051118345095425
8,2,10,0.7208606799501817
9,1,10,0.9163216390929619
8,2,10,0.11295878582047383
9,1,10,0.3755057174009287
3,7,10,0.004835255559590399
4,6,10,0.6850778970613136
8,2,10,0.8886935889394204
9,1,10,0.8733102078879845
8,2,10,0.8138883305816202
6,4,10,NaN
3,7,10,NaN
7,3,10,NaN
9,1,10,0.569149748895899
6,4,10,0.9388397790286686
6,4,10,0.7059068339088819
9,1,10,0.9923256991209348
8,2,10,0.6914431924244484
8,2,10,0.786623350458894
7,3,10,0.028886075440067927
9,1,10,0.7004946307553668
9,1,10,NaN
9,1,10,0.786623350458894
6,4,10,0.7582540955828375
8,2,10,0.06611573959509347
7,3,10,NaN
8,2,10,NaN
10,0,10,0.8067301940154148
5,5,10,0.03317022976394289
4,6,10,0.01880761644846058
9,1,10,NaN
9,1,10,0.569149748895899
5,5,10,0.7267509803124766
6,4,10,NaN
8,2,10,0.7582540955828375
7,3,10,0.47793771766761745
9,1,10,0.7267509803124766
6,4,10,0.36927758367629854
7,3,10,0.9096375914897366
8,2,10,0.0494455745194533
7,3,10,0.47793771766761745
7,3,10,0.8553400459938837
8,2,10,0.5296553819863891
10,0,10,0.008126970210441814
6,4,10,0.011532985534739066
7,3,10,0.9961520687047375
10,0,10,0.11404401218842061
6,4,10,0.43116983099757117
6,4,10,0.19732756781700658
8,2,10,0.786623350458894
7,3,10,0.08839897919758923
6,4,10,NaN
7,3,10,0.49918214384274195
6,4,10,0.976413425292083
9,1,10,0.39064081951093954
7,3,10,0.7993225624447436
4,6,10,0.9388397790286686
4,6,10,0.06611573959509347
9,1,10,NaN
9,1,10,0.9574264943593161
6,4,10,0.3149813444585866
9,1,10,0.35291544996872376
6,4,10,0.004406625249913076
10,0,10,0.27206313462586623
7,3,10,0.34427812823546927
9,1,10,NaN
8,2,10,0.8553400459938837
7,3,10,NaN
6,4,10,0.4927305745392258
5,5,10,0.7267509803124766
6,4,10,0.6165709600421269
4,6,10,NaN
7,3,10,0.7582540955828375
9,1,10,NaN
5,5,10,0.6505728275062779
8,2,10,NaN
10,0,10,0.24524244003177142
6,4,10,0.976413425292083
5,5,10,NaN
6,4,10,NaN
8,2,10,0.6104096037191906
8,2,10,NaN
4,6,10,0.6708399665644664
9,1,10,0.025587402994192474
6,4,10,0.1176299841418236
10,0,10,0.041756426774888285
6,4,10,0.569149748895899
8,2,10,0.39064081951093954
6,4,10,0.2180321792514569
8,2,10,0.024979424385777767
7,3,10,0.03082862143783168
5,5,10,NaN
5,5,10,NaN
7,3,10,0.05498616731087817
6,4,10,0.12014018573383349
7,3,10,0.9030952226408369
4,6,10,0.039545474403230946
5,5,10,0.009070866612381323
8,2,10,0.0503194017806944
5,5,10,0.80296304814862
7,3,10,0.058843633883826824
10,0,10,0.7582540955828375
7,3,10,0.0002542711247418477
8,2,10,0.30021795194770345
6,4,10,0.8553400459938837
7,3,10,NaN
8,2,10,0.35291544996872376
9,1,10,0.8120477488685461
7,3,10,NaN
8,2,10,0.03618461391077204
8,2,10,0.8553400459938837
9,1,10,0.9163216390929619
8,2,10,0.021960220642977778
8,2,10,0.22721344589483075
9,1,10,0.41605758143981575
6,4,10,0.5238679062670301
7,3,10,0.026701162590969416
5,5,10,NaN
9,1,10,0.786623350458894
9,1,10,0.015506697199170501
9,1,10,0.19227446548267058
9,1,10,NaN
8,2,10,0.0494455745194533
7,3,10,NaN
10,0,10,NaN
2,8,10,0.9299960987709883
8,2,10,0.11404401218842061
8,2,10,0.6373488269486605
6,4,10,NaN
9,1,10,0.6122699191388004
7,3,10,0.7161905828751687
4,6,10,0.8894872790652307
8,2,10,0.927808813496808
7,3,10,0.16806732870266622
4,6,10,NaN
8,2,10,0.7267509803124766
4,6,10,0.0034065259420264847
10,0,10,0.569149748895899
6,4,10,NaN
9,1,10,0.786623350458894
5,5,10,NaN
6,4,10,0.956901172279682
9,1,10,0.6921264114979254
8,2,10,0.0005514225424303585
9,1,10,NaN
7,3,10,0.6505728275062779
6,4,10,NaN
6,4,10,NaN
7,3,10,0.4994966444245364
9,1,10,0.47793771766761745
7,3,10,0.20843921694012235
5,5,10,0.12955753224420893
6,4,10,0.4575868931285442
9,1,10,0.8617837372065115
6,4,10,NaN
8,2,10,0.27923371017636817
7,3,10,NaN
7,3,10,0.786623350458894
9,1,10,0.6426385446506481
8,2,10,0.8320543161166908
8,2,10,0.6647763205652307
10,0,10,0.04971904546315262
7,3,10,0.00026627542179938823
8,2,10,0.24524244003177142
3,7,10,0.6308436717226097
9,1,10,0.023636278789770686
9,1,10,0.2988172312781712
8,2,10,0.9030952226408369
7,3,10,0.9676795056920008
3,7,10,0.3149813444585866
4,6,10,0.8886935889394204
8,2,10,0.6104096037191906
8,2,10,0.0002912261384686795
4,6,10,0.39064081951093954
5,5,10,0.6725356801907104
8,2,10,1.6075299369223023e-5
7,3,10,0.04306214895045103
3,7,10,0.27923371017636817
8,2,10,0.005999183455863117
7,3,10,0.1174872807325569
6,4,10,0.7267509803124766
9,1,10,NaN
8,2,10,0.24524244003177142
6,4,10,0.16806732870266622
8,2,10,0.5238679062670301
4,6,10,0.2075903196540139
8,2,10,0.6890865170788175
4,6,10,0.6914431924244484
9,1,10,0.786623350458894
7,3,10,0.24305859320870377
8,2,10,0.9163216390929619
6,4,10,NaN
5,5,10,NaN
8,2,10,0.14925014610071402
7,3,10,0.06611573959509347
5,5,10,0.030550139643457996
8,2,10,0.47793771766761745
9,1,10,0.7267509803124766
7,3,10,0.00014763318587380283
7,3,10,0.47546769896456464
7,3,10,0.7531492374478542
10,0,10,0.43116983099757117
8,2,10,0.8356407771585233
8,2,10,0.11404401218842061
5,5,10,0.4005837905931495
10,0,10,0.6104096037191906
8,2,10,0.35291544996872376
5,5,10,0.06268297407675318
5,5,10,NaN
6,4,10,0.226958309927138
5,5,10,0.775460583894218
6,4,10,0.6104096037191906
7,3,10,NaN
8,2,10,NaN
7,3,10,0.43116983099757117
9,1,10,0.5238679062670301
8,2,10,0.05735097310840156
8,2,10,0.7773095028467583
6,4,10,0.976413425292083
9,1,10,0.6505728275062779
8,2,10,NaN
6,4,10,0.10108554137859418
9,1,10,0.35291544996872376
8,2,10,0.5238679062670301
5,5,10,0.47793771766761745
9,1,10,0.786623350458894
10,0,10,NaN
7,3,10,0.11404401218842061
7,3,10,0.9388397790286686
5,5,10,0.5238679062670301
7,3,10,0.16806732870266622
7,3,10,0.786623350458894
8,2,10,NaN
7,3,10,0.786623350458894
9,1,10,0.47793771766761745
9,1,10,0.9687721627802969
8,2,10,0.34388160144133195
6,4,10,NaN
9,1,10,NaN
8,2,10,0.27923371017636817
6,4,10,0.6748349919778464
9,1,10,0.7866570460180823
10,0,10,0.3413768704475388
8,2,10,0.456286396873206
7,3,10,NaN
10,0,10,0.9030952226408369
9,1,10,0.01389863463638223
9,1,10,0.6505728275062779
10,0,10,0.16806732870266622
8,2,10,0.6254901922746705
8,2,10,0.2180321792514569
8,2,10,0.033947697766098635
5,5,10,NaN
8,2,10,0.5238679062670301
8,2,10,0.3149813444585866
7,3,10,0.49168692085055293
9,1,10,0.6505728275062779
10,0,10,0.26748562182294744
7,3,10,0.9030952226408369
5,5,10,0.9115847525002773
8,2,10,NaN
8,2,10,0.569149748895899
3,7,10,0.7267509803124766
9,1,10,NaN
9,1,10,0.6505728275062779
6,4,10,0.3296601297219065
4,6,10,0.39288591561680847
8,2,10,0.01871400874630955
9,1,10,0.9030952226408369
7,3,10,0.06611573959509347
7,3,10,0.6104096037191906
10,0,10,0.7582540955828375
5,5,10,NaN
7,3,10,NaN
7,3,10,0.35291544996872376
9,1,10,0.1905734886698872
9,1,10,0.7764839449250098
6,4,10,0.8544729488355682
10,0,10,0.7267509803124766
6,4,10,0.786623350458894
5,5,10,NaN
8,2,10,0.007020094076531926
9,1,10,0.34043918542267915
8,2,10,0.835445920380814
7,3,10,0.0408717751508502
8,2,10,0.47793771766761745
6,4,10,0.0002889970929932063
8,2,10,0.030955288800534237
5,5,10,0.3149813444585866
5,5,10,0.4762928186283321
5,5,10,0.18330351528959715
4,6,10,0.0005008189795691639
7,3,10,0.786623350458894
6,4,10,0.5246816890440986
8,2,10,0.0001743348745048331
8,2,10,0.8886935889394204
9,1,10,0.8705474716209929
8,2,10,0.8884292469140985
7,3,10,0.47793771766761745
6,4,10,0.39064081951093954
7,3,10,0.6505728275062779
6,4,10,0.5569353235612374
9,1,10,0.3149813444585866
5,5,10,0.05735097310840156
3,7,10,NaN
8,2,10,0.5238679062670301
10,0,10,0.9139887276047786
8,2,10,0.6104096037191906
8,2,10,0.013077141302225035
2,8,10,0.24524244003177142
9,1,10,0.9490411065363702
9,1,10,NaN
9,1,10,NaN
10,0,10,0.8553400459938837
9,1,10,NaN
5,5,10,0.8886935889394204
8,2,10,NaN
8,2,10,0.27923371017636817
7,3,10,0.7267509803124766
8,2,10,0.7267509803124766
9,1,10,0.06803693998778051
8,2,10,0.3556926167598756
6,4,10,0.4991160421078876
8,2,10,0.9857264206675347
8,2,10,0.7018497101942912
7,3,10,0.6914431924244484
7,3,10,0.7267509803124766
8,2,10,0.509102914119062
8,2,10,0.6505728275062779
7,3,10,0.5514079975878313
9,1,10,0.04370689030141423
8,2,10,NaN
7,3,10,0.7928498919603273
10,0,10,0.976413425292083
8,2,10,NaN
6,4,10,NaN
7,3,10,0.37570314063450055
5,5,10,NaN
7,3,10,0.005537788456115057
6,4,10,0.7582540955828375
10,0,10,0.015453733469619903
8,2,10,NaN
7,3,10,0.6914431924244484
4,6,10,0.007007194462726481
7,3,10,0.24524244003177142
7,3,10,0.7582540955828375
9,1,10,0.6914431924244484
5,5,10,0.1711074051718141
8,2,10,NaN
4,6,10,0.09943458759150654
6,4,10,0.8984383793875093
5,5,10,0.7267509803124766
9,1,10,0.8047442396377734
3,7,10,0.7267509803124766
3,7,10,0.18840242091839982
7,3,10,0.786623350458894
6,4,10,NaN
8,2,10,0.786623350458894
9,1,10,0.4285523599603249
4,6,10,0.786623350458894
8,2,10,0.4651568190510032
8,2,10,0.6914431924244484
7,3,10,0.569149748895899
7,3,10,0.0021658441345355074
6,4,10,0.16806732870266622
6,4,10,0.04370689030141423
8,2,10,0.569149748895899
4,6,10,NaN
10,0,10,0.9388397790286686
9,1,10,0.06611573959509347
10,0,10,0.9793524896450593
10,0,10,0.9030952226408369
5,5,10,0.43849015138465164
8,2,10,0.7625600138694293
9,1,10,0.8372210448059351
4,6,10,0.09485710055343047
8,2,10,NaN
9,1,10,0.9030952226408369
7,3,10,0.9388397790286686
8,2,10,NaN
7,3,10,0.9574264943593161
7,3,10,NaN
9,1,10,0.8356407771585233
3,7,10,0.9534620176825103
6,4,10,0.8978880704832715
10,0,10,0.6104096037191906
7,3,10,NaN
3,7,10,0.13570996387225293
8,2,10,0.6657779521723682
6,4,10,0.04370689030141423
9,1,10,0.2689829743483109
9,1,10,0.569149748895899
5,5,10,0.8356407771585233
9,1,10,0.580476664706154
2,8,10,0.9490411065363702
7,3,10,3.693790144496878e-9
10,0,10,0.8553400459938837
8,2,10,0.8356407771585233
8,2,10,0.10650015649208378
7,3,10,0.47793771766761745
8,2,10,0.009778647628762748
9,1,10,0.8886935889394204
9,1,10,0.06611573959509347
9,1,10,0.15449553998350563
8,2,10,0.021960220642977778
5,5,10,0.569149748895899
9,1,10,0.19438283164339631
3,7,10,0.9388397790286686
6,4,10,0.8149553954080702
7,3,10,0.7267509803124766
4,6,10,NaN
8,2,10,0.38120040655300724
6,4,10,0.5905302395327882
9,1,10,0.4934056248338516
9,1,10,0.13017842260892531
5,5,10,0.7769039851633458
8,2,10,0.09545501930084961
8,2,10,0.8446299326960217
7,3,10,0.41038522432310426
10,0,10,0.6619009488544698
9,1,10,0.8886935889394204
7,3,10,0.6045404139355193
8,2,10,NaN
8,2,10,0.003998455697765826
9,1,10,0.6104096037191906
5,5,10,0.569149748895899
7,3,10,NaN
8,2,10,0.06526776982498808
6,4,10,0.09943458759150654
7,3,10,0.028886075440067927
8,2,10,0.00017001039876799191
8,2,10,0.10024485737295281
7,3,10,0.43116983099757117
9,1,10,0.19784309389266158
7,3,10,0.6914431924244484
7,3,10,0.7145529577746634
7,3,10,0.16806732870266622
5,5,10,0.8068335743694346
9,1,10,0.4937630106088201
7,3,10,0.9574264943593161
9,1,10,0.43116983099757117
7,3,10,0.9649170932836378
6,4,10,0.9388397790286686
8,2,10,NaN
8,2,10,0.35291544996872376
9,1,10,0.7267509803124766
8,2,10,NaN
6,4,10,NaN
6,4,10,NaN
4,6,10,0.8553400459938837
5,5,10,0.3364695286120129
4,6,10,0.7267509803124766
4,6,10,0.9178593087952175
8,2,10,0.7846484761471272
5,5,10,NaN
9,1,10,0.25454717416683376
9,1,10,0.6505728275062779
8,2,10,0.3072982878773625
7,3,10,NaN
6,4,10,0.028886075440067927
6,4,10,0.786623350458894
8,2,10,0.19236277848876807
5,5,10,0.11976611286156427
5,5,10,0.03794641341295346
6,4,10,0.9801825429086544
9,1,10,0.7267509803124766
10,0,10,NaN
8,2,10,0.9574264943593161
6,4,10,0.2180321792514569
8,2,10,0.40057686224618433
9,1,10,0.9388397790286686
8,2,10,NaN
8,2,10,0.05735097310840156
5,5,10,0.06611573959509347
7,3,10,0.43116983099757117
8,2,10,0.9120468719124126
8,2,10,NaN
5,5,10,0.021791851517298382
9,1,10,0.9388397790286686
9,1,10,0.4293788648339165
8,2,10,0.2859178929722665
9,1,10,0.9388397790286686
7,3,10,0.7338330878507054
10,0,10,0.6247831288486835
8,2,10,0.004242574475501609
6,4,10,0.35291544996872376
8,2,10,NaN
10,0,10,0.5238679062670301
10,0,10,0.23967195993390902
7,3,10,0.21965593838920608
6,4,10,0.14675868971531003
7,3,10,0.7907331404122097
9,1,10,0.008601086178488778
8,2,10,0.6104096037191906
7,3,10,0.9908731264986397
5,5,10,0.07667552188108233
5,5,10,0.7032568701720255
10,0,10,0.7267509803124766
5,5,10,0.07470550857760336
6,4,10,NaN
7,3,10,0.03317022976394289
8,2,10,0.3149813444585866
7,3,10,NaN
9,1,10,0.3983172037181578
9,1,10,0.569149748895899
8,2,10,NaN
7,3,10,0.16806732870266622
7,3,10,0.9961520687047375
5,5,10,0.04370689030141423
10,0,10,0.40748882714197426
10,0,10,NaN
4,6,10,0.569149748895899
4,6,10,0.16806732870266622
7,3,10,0.11404401218842061
5,5,10,0.41605758143981575
8,2,10,0.16806732870266622
9,1,10,NaN
9,1,10,0.04330473737022407
5,5,10,0.03280919992226024
6,4,10,0.06611573959509347
7,3,10,0.47793771766761745
6,4,10,0.2932521660462191
8,2,10,0.8356407771585233
3,7,10,NaN
10,0,10,0.8553400459938837
6,4,10,0.011939719164983268
4,6,10,0.6104096037191906
7,3,10,0.33567463513532864
4,6,10,0.9490411065363702
8,2,10,0.8721408705063919
10,0,10,0.011532985534739066
7,3,10,0.8886935889394204
6,4,10,0.5238679062670301
9,1,10,0.21332087083318071
7,3,10,0.19236277848876807
6,4,10,0.7267509803124766
7,3,10,0.9975663265144364
10,0,10,0.47091178319614463
7,3,10,0.9511282412875086
6,4,10,0.6979814411333362
5,5,10,0.786623350458894
10,0,10,0.2737097376502565
7,3,10,0.002462429681238322
3,7,10,0.06167104137753552
6,4,10,0.5710105808882789
8,2,10,0.569149748895899
8,2,10,NaN
7,3,10,0.13293772388169967
6,4,10,0.5238679062670301
5,5,10,0.1298724704817915
7,3,10,0.39064081951093954
10,0,10,0.8963652623124123
9,1,10,0.9163216390929619
4,6,10,0.8733102078879845
6,4,10,0.6225709116109862
7,3,10,0.569149748895899
8,2,10,0.39064081951093954
6,4,10,0.15328213259184967
7,3,10,NaN
3,7,10,NaN
7,3,10,0.569149748895899
6,4,10,0.8553400459938837
7,3,10,0.786623350458894
7,3,10,0.5932290821066095
9,1,10,0.0011829157674048193
8,2,10,0.43116983099757117
7,3,10,0.0021658441345355074
4,6,10,0.5238679062670301
7,3,10,0.43116983099757117
6,4,10,0.41507409146267865
7,3,10,0.3112872245863739
5,5,10,NaN
7,3,10,5.751235219315106e-7
2,8,10,0.5238679062670301
9,1,10,0.001407321853563919
9,1,10,0.786623350458894
7,3,10,0.18531609190623538
10,0,10,0.07624117367166473
8,2,10,0.02287533776280145
4,6,10,NaN
10,0,10,NaN
9,1,10,0.7267509803124766
8,2,10,0.9294287202211824
8,2,10,0.569149748895899
7,3,10,0.7582540955828375
9,1,10,0.9009126621907598
5,5,10,0.6115042628018943
8,2,10,0.08596717446393809
6,4,10,0.044090294429424415
6,4,10,0.27923371017636817
5,5,10,NaN
5,5,10,0.3149813444585866
5,5,10,NaN
8,2,10,NaN
7,3,10,NaN
9,1,10,0.927808813496808
6,4,10,0.12536168616024804
10,0,10,0.48284286108776076
9,1,10,0.7267509803124766
4,6,10,0.7051840551574875
8,2,10,0.06611573959509347
8,2,10,0.11404401218842061
7,3,10,0.927808813496808
5,5,10,0.569149748895899
6,4,10,0.7582540955828375
7,3,10,NaN
8,2,10,0.5048014399601627
7,3,10,0.136225017515748
9,1,10,0.1955114354155344
8,2,10,0.8162301788357378
6,4,10,0.3684147765722506
8,2,10,NaN
5,5,10,0.24524244003177142
3,7,10,0.8892697616577826
8,2,10,0.2180321792514569
7,3,10,0.5238679062670301
9,1,10,0.8733102078879845
6,4,10,0.6914431924244484
6,4,10,0.05735097310840156
5,5,10,0.6505728275062779
6,4,10,0.19236277848876807
6,4,10,0.1298724704817915
7,3,10,NaN
7,3,10,0.2449297274308735
7,3,10,0.43013799836873395
9,1,10,0.6505728275062779
7,3,10,0.009778647628762748
4,6,10,0.7582540955828375
7,3,10,0.569149748895899
9,1,10,0.3149813444585866
9,1,10,0.5238679062670301
2,8,10,0.19236277848876807
9,1,10,0.05224308276272827
8,2,10,0.24524244003177142
7,3,10,0.2825756595979886
7,3,10,0.22884993719077776
9,1,10,0.4376784485724118
6,4,10,0.04370689030141423
10,0,10,0.45203860362196885
4,6,10,NaN
5,5,10,0.2256439593896559
7,3,10,0.6123364216024084
6,4,10,0.21192652223189226
6,4,10,0.8672028004762595
5,5,10,0.13856347117016418
7,3,10,0.927808813496808
9,1,10,0.29003142060264003
3,7,10,0.569149748895899
6,4,10,0.9388397790286686
7,3,10,0.5993146007975199
5,5,10,0.8039682723719253
7,3,10,0.051503654072887504
9,1,10,NaN
9,1,10,NaN
7,3,10,0.7323492782049352
4,6,10,0.8892589753212087
9,1,10,0.9030952226408369
7,3,10,0.14766029718238274
6,4,10,0.3421998722560615
4,6,10,0.10322917148780314
5,5,10,0.5290957226832519
7,3,10,0.043178913839214496
7,3,10,0.09943458759150654
7,3,10,0.35542672159903027
7,3,10,NaN
10,0,10,0.3149813444585866
8,2,10,0.6914431924244484
6,4,10,NaN
9,1,10,NaN
9,1,10,0.4976876088405292
8,2,10,0.47793771766761745
9,1,10,0.4505346754739242
8,2,10,0.6342996351484973
6,4,10,0.8733102078879845
5,5,10,0.5662068924654156
6,4,10,NaN
8,2,10,0.2180321792514569
7,3,10,0.9398458670086453
9,1,10,0.569149748895899
5,5,10,0.2688726217189456
7,3,10,0.35291544996872376
9,1,10,0.7267509803124766
5,5,10,0.1298724704817915
9,1,10,0.06742082151389328
8,2,10,0.024979424385777767
4,6,10,0.43116983099757117
9,1,10,0.9857264206675347
6,4,10,3.807173156687775e-11
10,0,10,0.9490411065363702
8,2,10,0.6306127289580729
4,6,10,0.9522528320138453
8,2,10,0.9711836190363513
4,6,10,0.6104096037191906
7,3,10,2.260680936785779e-5
4,6,10,0.4000801055241669
5,5,10,0.04865158917921087
10,0,10,0.48587321464950706
6,4,10,NaN
7,3,10,0.5997367624036737
7,3,10,0.6914431924244484
7,3,10,0.786623350458894
5,5,10,0.05994986606844041
7,3,10,0.17133970431474144
9,1,10,0.009778647628762748
6,4,10,0.8007286602403526
6,4,10,0.8886935889394204
4,6,10,0.43116983099757117
9,1,10,0.43116983099757117
5,5,10,NaN
5,5,10,NaN
5,5,10,NaN
7,3,10,0.8861608710288148
4,6,10,0.9030952226408369
6,4,10,0.22902260252000559
10,0,10,NaN
8,2,10,0.002575661533274672
7,3,10,0.6505728275062779
5,5,10,0.7267509803124766
9,1,10,0.6914431924244484
8,2,10,0.298085208124839
9,1,10,0.39064081951093954
9,1,10,0.09943458759150654
5,5,10,0.39732536205743674
3,7,10,0.47793771766761745
8,2,10,0.20449021494253553
7,3,10,0.19236277848876807
6,4,10,NaN
6,4,10,0.36581674090066935
6,4,10,0.5238679062670301
5,5,10,0.18028981353402404
6,4,10,0.7267509803124766
8,2,10,NaN
7,3,10,0.3841004877657883
9,1,10,0.1307439117974443
8,2,10,NaN
9,1,10,0.8553400459938837
8,2,10,NaN
8,2,10,0.786623350458894
7,3,10,0.16806732870266622
5,5,10,0.11404401218842061
9,1,10,0.1176835557913003
6,4,10,0.5997367624036737
9,1,10,0.5982094700734554
8,2,10,0.6914431924244484
6,4,10,0.6244108415606892
9,1,10,0.06373980375872917
9,1,10,NaN
9,1,10,0.056853755455704945
3,7,10,0.43116983099757117
10,0,10,0.786623350458894
9,1,10,0.2076772881729034
9,1,10,0.43116983099757117
7,3,10,0.009778647628762748
2,8,10,0.29927437701074955
8,2,10,0.4157810456524481
6,4,10,0.11003319334580011
8,2,10,0.03144768489503788
7,3,10,0.786623350458894
5,5,10,0.2449297274308735
9,1,10,0.3184309640493109
6,4,10,NaN
10,0,10,0.49370895279409294
7,3,10,0.41770047774472097
7,3,10,0.0013198205775605948
6,4,10,0.9581769916412048
6,4,10,0.35291544996872376
2,8,10,0.43116983099757117
8,2,10,0.7582540955828375
9,1,10,0.5246816890440986
7,3,10,0.8120477488685461
6,4,10,0.7267509803124766
8,2,10,0.5229661431256225
7,3,10,0.2582603317772707
7,3,10,0.8356407771585233
7,3,10,0.569149748895899
4,6,10,0.47793771766761745
5,5,10,0.026745232174587432
9,1,10,0.4994966444245364
7,3,10,0.27923371017636817
8,2,10,0.8451544942757592
7,3,10,0.8553400459938837
3,7,10,0.6104096037191906
2,8,10,0.569149748895899
8,2,10,0.39064081951093954
9,1,10,0.47793771766761745
5,5,10,NaN
8,2,10,0.07523290839918179
7,3,10,NaN
7,3,10,0.3149813444585866
5,5,10,NaN
6,4,10,NaN
9,1,10,0.47793771766761745
7,3,10,0.11404401218842061
8,2,10,0.6914431924244484
6,4,10,0.11757439762782299
6,4,10,0.8356407771585233
6,4,10,0.569149748895899
8,2,10,0.2180321792514569
10,0,10,NaN
8,2,10,0.8553400459938837
6,4,10,0.34524011563745877
3,7,10,0.6505728275062779
5,5,10,NaN
4,6,10,0.34800250462788124
9,1,10,0.24524244003177142
10,0,10,0.853367847611327
6,4,10,NaN
10,0,10,0.8120477488685461
5,5,10,0.6914431924244484
7,3,10,NaN
8,2,10,0.7081346744672059
10,0,10,NaN
10,0,10,0.24524244003177142
7,3,10,NaN
5,5,10,0.39064081951093954
8,2,10,0.7582540955828375
9,1,10,0.8120477488685461
7,3,10,0.33537641091959514
8,2,10,0.3149813444585866
4,6,10,0.2292236719051204
10,0,10,0.47793771766761745
8,2,10,0.41781409793355745
5,5,10,0.8356407771585233
7,3,10,0.43116983099757117
7,3,10,0.08926870278585915
3,7,10,0.13002084739089786
5,5,10,0.7582540955828375
8,2,10,0.42428970761790885
10,0,10,0.35291544996872376
8,2,10,0.5238679062670301
7,3,10,0.6704950448853323
4,6,10,NaN
8,2,10,0.27923371017636817
2,8,10,0.40685701951534237
8,2,10,0.22215367389926066
7,3,10,0.5608165511214481
7,3,10,NaN
8,2,10,0.04972199675371605
7,3,10,NaN
4,6,10,0.43116983099757117
6,4,10,0.569149748895899
8,2,10,NaN
7,3,10,0.6641373069070975
6,4,10,0.39064081951093954
4,6,10,0.6505728275062779
3,7,10,0.9649170932836378
8,2,10,NaN
6,4,10,NaN
8,2,10,0.7582540955828375
8,2,10,0.6181101058296996
4,6,10,NaN
9,1,10,0.43116983099757117
5,5,10,0.3723783301722003
6,4,10,0.24460822501461685
8,2,10,0.9811127762214269
4,6,10,0.5287412615458975
7,3,10,0.08596717446393809
5,5,10,0.3149813444585866
7,3,10,0.3545515622174973
8,2,10,0.35291544996872376
8,2,10,0.28548604454310106
9,1,10,0.049431027460480864
7,3,10,0.6104096037191906
7,3,10,0.16922731549821454
5,5,10,0.11404401218842061
6,4,10,0.43116983099757117
8,2,10,0.8120477488685461
7,3,10,0.356225653747003
5,5,10,0.47793771766761745
9,1,10,0.35291544996872376
6,4,10,0.0021658441345355074
8,2,10,7.090702685184651e-7
10,0,10,0.47793771766761745
6,4,10,0.786623350458894
6,4,10,0.6914431924244484
7,3,10,0.47793771766761745
10,0,10,0.786623350458894
6,4,10,0.24052387475031833
8,2,10,0.39064081951093954
8,2,10,0.20446522187106064
9,1,10,0.7267509803124766
8,2,10,0.9292834918280294
8,2,10,0.1546359837576767
7,3,10,NaN
6,4,10,0.0494455745194533
8,2,10,0.8438423357264185
6,4,10,0.6505728275062779
8,2,10,0.07470550857760336
7,3,10,0.35291544996872376
7,3,10,0.8553400459938837
1,9,10,0.24524244003177142
6,4,10,0.24524244003177142
8,2,10,0.43903276685247417
8,2,10,0.2180321792514569
7,3,10,0.47793771766761745
4,6,10,0.6505728275062779
10,0,10,0.7267509803124766
6,4,10,0.47793771766761745
7,3,10,NaN
9,1,10,NaN
7,3,10,0.5418151894023262
10,0,10,0.2180321792514569
6,4,10,0.47793771766761745
2,8,10,0.03781652145430735
5,5,10,0.2336191559924881
8,2,10,0.08193569484549745
9,1,10,0.7541844537911053
7,3,10,NaN
6,4,10,0.8120477488685461
6,4,10,0.8286133622409098
8,2,10,0.9030952226408369
8,2,10,0.6914431924244484
10,0,10,0.9163216390929619
8,2,10,NaN
5,5,10,0.39064081951093954
8,2,10,0.08596717446393809
1,9,10,0.6104096037191906
7,3,10,NaN
5,5,10,NaN
7,3,10,0.2180321792514569
8,2,10,0.1298724704817915
8,2,10,0.43116983099757117
7,3,10,0.5317492507581663
9,1,10,0.8442143217132388
7,3,10,0.6104096037191906
5,5,10,0.16806732870266622
4,6,10,0.0031939589558267843
8,2,10,3.159659053542063e-5
5,5,10,0.06373980375872917
8,2,10,0.7582540955828375
9,1,10,0.8438423357264185
6,4,10,0.6505728275062779
6,4,10,0.8553400459938837
8,2,10,NaN
8,2,10,0.9369439266869328
2,8,10,0.39064081951093954
7,3,10,0.9030952226408369
6,4,10,0.6505728275062779
7,3,10,0.7582540955828375
9,1,10,1.0815507214869696e-6
4,6,10,0.8553400459938837
5,5,10,0.5238679062670301
3,7,10,NaN
5,5,10,0.9490411065363702
6,4,10,0.19236277848876807
9,1,10,0.24524244003177142
4,6,10,NaN
7,3,10,0.43116983099757117
7,3,10,0.8733102078879845
9,1,10,0.1298724704817915
7,3,10,NaN
5,5,10,0.5238679062670301
8,2,10,0.39064081951093954
5,5,10,NaN
9,1,10,0.8356407771585233
6,4,10,0.47793771766761745
4,6,10,0.7267509803124766
6,4,10,0.569149748895899
6,4,10,0.786623350458894
7,3,10,0.569149748895899
9,1,10,0.19236277848876807
3,7,10,NaN
8,2,10,0.9574264943593161
10,0,10,0.8386871482763745
8,2,10,NaN
7,3,10,0.5905632524688199
8,2,10,0.6914431924244484
5,5,10,0.4062394770584327
2,8,10,NaN
6,4,10,0.8733102078879845
2,8,10,NaN
9,1,10,0.6104096037191906
8,2,10,0.07042263512420655
9,1,10,0.47793771766761745
8,2,10,0.005772729173959262
7,3,10,0.2652234315583034
6,4,10,0.1546359837576767
9,1,10,NaN
8,2,10,0.7405024985889217
10,0,10,0.5238679062670301
5,5,10,NaN
4,6,10,NaN
9,1,10,0.6505728275062779
8,2,10,NaN
4,6,10,NaN
6,4,10,0.47793771766761745
5,5,10,0.7582540955828375
8,2,10,0.5659929359348211
7,3,10,0.6914431924244484
5,5,10,0.35291544996872376
7,3,10,0.03317022976394289
9,1,10,0.0494455745194533
3,7,10,0.02668274358731565
7,3,10,0.5238679062670301
8,2,10,0.0010569041636161965
10,0,10,0.8120477488685461
5,5,10,0.4816456353300211
6,4,10,0.6104096037191906
2,8,10,0.35064018308951
10,0,10,0.7490732785791113
10,0,10,0.024979424385777767
9,1,10,0.7582540955828375
4,6,10,0.927808813496808
5,5,10,0.39064081951093954
5,5,10,0.6600849557704564
9,1,10,0.2625521638125007
5,5,10,0.01389863463638223
9,1,10,0.27923371017636817
8,2,10,0.0571955631258506
2,8,10,NaN
9,1,10,0.5238679062670301
7,3,10,0.7820392856731134
8,2,10,0.450391632385382
8,2,10,NaN
7,3,10,NaN
6,4,10,NaN
7,3,10,0.7267509803124766
7,3,10,0.36386705953770626
7,3,10,0.2180321792514569
8,2,10,0.35291544996872376
7,3,10,0.19236277848876807
7,3,10,0.8120477488685461
3,7,10,0.7732068114803083
7,3,10,NaN
9,1,10,0.35291544996872376
5,5,10,0.9649170932836378
7,3,10,0.8117545461479245
8,2,10,NaN
5,5,10,0.9226469813228233
5,5,10,0.7921078942735305
10,0,10,0.35291544996872376
5,5,10,0.6104096037191906
7,3,10,NaN
7,3,10,0.8120477488685461
5,5,10,0.9388397790286686
7,3,10,0.5521089525595249
8,2,10,0.9388397790286686
9,1,10,0.013443361397107603
4,6,10,0.976413425292083
4,6,10,0.552171153253758
6,4,10,0.04781688363569863
7,3,10,0.786623350458894
5,5,10,0.6336252331298636
4,6,10,0.2180321792514569
10,0,10,0.7267509803124766
6,4,10,0.35291544996872376
8,2,10,2.4779888447141322e-6
4,6,10,NaN
7,3,10,0.000806908017261574
9,1,10,0.580476664706154
7,3,10,0.8356407771585233
6,4,10,0.23767833553316434
7,3,10,NaN
9,1,10,NaN
4,6,10,0.9811127762214269
6,4,10,NaN
10,0,10,0.6914431924244484
4,6,10,0.24524244003177142
8,2,10,0.07786144731338215
8,2,10,0.8120477488685461
7,3,10,0.43116983099757117
6,4,10,0.8886935889394204
6,4,10,0.927808813496808
7,3,10,0.6686972237667548
8,2,10,0.43116983099757117
9,1,10,0.6914431924244484
6,4,10,0.6104096037191906
3,7,10,0.786623350458894
5,5,10,0.4257213474204127
6,4,10,0.9649170932836378
1,9,10,0.39064081951093954
7,3,10,0.43165032606270193
2,8,10,0.47793771766761745
6,4,10,0.7420474369276789
7,3,10,0.08488835111625782
7,3,10,NaN
5,5,10,0.569149748895899
10,0,10,0.7582540955828375
7,3,10,0.16806732870266622
7,3,10,NaN
4,6,10,0.43116983099757117
7,3,10,0.40034262290629463
7,3,10,0.5238679062670301
10,0,10,0.3742435995723311
6,4,10,0.19236277848876807
6,4,10,NaN
6,4,10,NaN
9,1,10,0.08596717446393809
5,5,10,0.8582886528094301
2,8,10,0.28378442242975516
7,3,10,0.7582540955828375
8,2,10,0.010335942478854606
6,4,10,0.569149748895899
8,2,10,0.43116983099757117
6,4,10,0.43116983099757117
7,3,10,0.09943458759150654
4,6,10,NaN
3,7,10,0.4022445589991977
8,2,10,0.043256710905118505
7,3,10,0.7251339425213262
3,7,10,0.18461869415149532
6,4,10,0.33326865980046866
7,3,10,0.12625588389212233
8,2,10,0.6104096037191906
7,3,10,NaN
10,0,10,NaN
9,1,10,0.6104096037191906
8,2,10,0.8759065478179722
7,3,10,0.4285523599603249
9,1,10,0.6104096037191906
4,6,10,0.4393926467441438
7,3,10,0.022775574142850415
8,2,10,0.41781409793355745
6,4,10,0.5484150634300536
9,1,10,0.9645578560222008
8,2,10,0.07470550857760336
9,1,10,0.6377482388747552
6,4,10,NaN
9,1,10,0.02926229795982833
6,4,10,0.33326865980046866
7,3,10,0.9894656266614458
6,4,10,NaN
4,6,10,0.47793771766761745
6,4,10,0.9944136266474382
5,5,10,0.8356407771585233
9,1,10,0.8120477488685461
8,2,10,0.8553400459938837
6,4,10,0.4994966444245364
8,2,10,0.6537804622963171
7,3,10,0.37983320010123245
4,6,10,0.6914431924244484
7,3,10,NaN
7,3,10,0.49918214384274195
6,4,10,0.9030952226408369
7,3,10,0.47793771766761745
8,2,10,0.8886935889394204
6,4,10,0.569149748895899
10,0,10,0.4994966444245364
10,0,10,NaN
4,6,10,NaN
7,3,10,0.7267509803124766
7,3,10,NaN
7,3,10,0.015258688183551807
4,6,10,0.6914431924244484
7,3,10,0.39064081951093954
6,4,10,0.49948394424073345
8,2,10,0.11404401218842061
8,2,10,0.008126970210441814
5,5,10,0.5251163507419075
8,2,10,0.7051840551574875
6,4,10,0.9139887276047786
3,7,10,5.5671447354404384e-5
9,1,10,0.5238679062670301
7,3,10,NaN
5,5,10,0.001106900367668606
8,2,10,NaN
10,0,10,0.002341385228516042
8,2,10,0.32214234290098015
9,1,10,0.7718834732979032
4,6,10,0.13258733823277455
8,2,10,0.47793771766761745
8,2,10,0.8356407771585233
8,2,10,0.559075410100788
7,3,10,0.8926735212774597
7,3,10,0.9388397790286686
8,2,10,0.39064081951093954
6,4,10,NaN
7,3,10,0.00021258983514316115
3,7,10,0.39064081951093954
5,5,10,0.24524244003177142
6,4,10,0.0020189698294542165
10,0,10,0.028545523489546212
9,1,10,NaN
5,5,10,0.8886935889394204
5,5,10,0.6505728275062779
6,4,10,0.10251553182142131
7,3,10,0.39064081951093954
4,6,10,NaN
8,2,10,0.6124850666781179
10,0,10,0.24524244003177142
8,2,10,0.0494455745194533
7,3,10,2.630253717199841e-7
7,3,10,NaN
9,1,10,0.40482541638197506
8,2,10,0.21584486045221568
6,4,10,0.569149748895899
9,1,10,0.11404401218842061
6,4,10,NaN
7,3,10,0.1594009386464488
7,3,10,0.786623350458894
4,6,10,0.8517372630840184
3,7,10,NaN
4,6,10,0.7478973510657498
4,6,10,0.19236277848876807
8,2,10,0.6505728275062779
6,4,10,0.9030952226408369
7,3,10,0.786623350458894
10,0,10,0.8356407771585233
5,5,10,0.6626854588022666
5,5,10,0.24524244003177142
8,2,10,0.6104096037191906
8,2,10,0.9030952226408369
7,3,10,0.7267509803124766
3,7,10,0.413668157711759
5,5,10,0.16806732870266622
10,0,10,0.8733102078879845
7,3,10,0.9711836190363513
4,6,10,0.8120477488685461
7,3,10,0.3481941231240484
4,6,10,NaN
8,2,10,NaN
5,5,10,0.0167316249860622
9,1,10,0.19236277848876807
5,5,10,0.1253908874723245
8,2,10,NaN
6,4,10,NaN
6,4,10,0.6649017452550947
5,5,10,0.786623350458894
5,5,10,NaN
6,4,10,0.24524244003177142
4,6,10,0.01880761644846058
6,4,10,0.5238679062670301
6,4,10,0.06611573959509347
8,2,10,0.43116983099757117
7,3,10,0.786623350458894
4,6,10,0.005588378747762926
7,3,10,0.16002315298293593
7,3,10,0.2042210848573475
6,4,10,NaN
4,6,10,0.9712164459673922
5,5,10,0.9621334103354321
8,2,10,0.5238679062670301
8,2,10,0.11404401218842061
5,5,10,0.3149813444585866
7,3,10,0.04370689030141423
5,5,10,0.028886075440067927
7,3,10,0.6104096037191906
2,8,10,0.38120040655300724
5,5,10,5.0293581607902506e-8
4,6,10,0.34706096394183633
4,6,10,0.12070484588568954
7,3,10,0.11404401218842061
3,7,10,0.43331755452227066
6,4,10,NaN
4,6,10,0.786623350458894
6,4,10,NaN
9,1,10,0.7267509803124766
10,0,10,0.9894656266614458
5,5,10,0.5238679062670301
6,4,10,0.18840242091839982
7,3,10,0.7582540955828375
6,4,10,0.6777695128181356
6,4,10,0.16806732870266622
5,5,10,0.9711836190363513
5,5,10,0.569149748895899
6,4,10,0.786623350458894
8,2,10,NaN
6,4,10,0.3111804108650104
7,3,10,0.7708660355603512
3,7,10,NaN
5,5,10,0.47793771766761745
1,9,10,NaN
5,5,10,0.8435073844885222
7,3,10,0.39064081951093954
4,6,10,0.8356407771585233
5,5,10,0.8356407771585233
5,5,10,NaN
5,5,10,0.6505728275062779
7,3,10,0.47793771766761745
5,5,10,0.3149813444585866
7,3,10,NaN
7,3,10,0.8544729488355682
6,4,10,0.4991160421078876
7,3,10,0.6181101058296996
7,3,10,0.24524244003177142
4,6,10,0.03395404656926941
6,4,10,0.9671406601506299
4,6,10,0.06611573959509347
3,7,10,0.786623350458894
4,6,10,NaN
4,6,10,0.569149748895899
6,4,10,NaN
3,7,10,0.927808813496808
7,3,10,0.13201981927414394
4,6,10,0.11404401218842061
6,4,10,NaN
7,3,10,0.2582603317772707
5,5,10,0.08316330516629919
6,4,10,0.8580232531767573
5,5,10,0.23751946325872808
3,7,10,0.5414762193219138
7,3,10,0.8886935889394204
5,5,10,0.47793771766761745
5,5,10,0.24524244003177142
7,3,10,0.14846399853420175
8,2,10,0.19236277848876807
8,2,10,0.47793771766761745
4,6,10,0.22386157316614574
4,6,10,0.015477336685979289
6,4,10,0.6104096037191906
7,3,10,0.7306888842834384
9,1,10,0.43116983099757117
8,2,10,0.47699782718635464
4,6,10,0.8919943993992574
8,2,10,0.7151347458514916
8,2,10,0.12773975537169022
7,3,10,0.3363425959713109
5,5,10,0.5923750403943074
5,5,10,NaN
6,4,10,NaN
6,4,10,0.9490411065363702
5,5,10,NaN
5,5,10,0.5620465280229204
4,6,10,0.5238679062670301
7,3,10,0.7288736847526647
8,2,10,0.8886935889394204
6,4,10,0.6104096037191906
3,7,10,0.6777695128181356
4,6,10,0.3684147765722506
5,5,10,0.6914431924244484
8,2,10,0.4991160421078876
5,5,10,0.05735097310840156
8,2,10,0.09943458759150654
4,6,10,0.021560996291461996
7,3,10,0.6542392696512638
6,4,10,0.08831300977470789
5,5,10,0.11404401218842061
6,4,10,NaN
6,4,10,NaN
8,2,10,0.569149748895899
7,3,10,0.0928212601831052
4,6,10,0.16806732870266622
4,6,10,0.43116983099757117
8,2,10,0.9030952226408369
4,6,10,0.8356407771585233
4,6,10,0.9490411065363702
7,3,10,0.09368657991103171
3,7,10,0.0012823494677848526
2,8,10,NaN
3,7,10,0.24524244003177142
10,0,10,0.8175059460904002
5,5,10,NaN
2,8,10,NaN
6,4,10,0.47793771766761745
5,5,10,0.7996451111049949
5,5,10,0.8553400459938837
5,5,10,NaN
4,6,10,NaN
5,5,10,0.6104096037191906
5,5,10,0.24524244003177142
4,6,10,NaN
6,4,10,0.4033544654826235
8,2,10,0.23092167214421425
6,4,10,NaN
10,0,10,NaN
4,6,10,0.13073496949858587
5,5,10,0.9711836190363513
8,2,10,0.8356407771585233
5,5,10,0.786623350458894
2,8,10,NaN
6,4,10,NaN
3,7,10,0.2180321792514569
6,4,10,0.27923371017636817
6,4,10,0.4994966444245364
1,9,10,NaN
8,2,10,0.7883696248010116
2,8,10,0.7608152116985611
6,4,10,0.9139887276047786
5,5,10,0.786623350458894
4,6,10,0.47793771766761745
8,2,10,0.927808813496808
8,2,10,0.6914431924244484
5,5,10,0.8886935889394204
6,4,10,NaN
1,9,10,0.5238679062670301
2,8,10,0.9163216390929619
2,8,10,0.786623350458894
4,6,10,0.28307077970323524
6,4,10,0.6104096037191906
6,4,10,0.021960220642977778
4,6,10,0.35291544996872376
2,8,10,NaN
4,6,10,0.7582540955828375
3,7,10,0.04433490972519086
1,9,10,0.6505728275062779
4,6,10,0.1074189363735076
5,5,10,0.25841863339059545
0,10,10,NaN
0,10,10,0.23967195993390902
0,10,10,NaN
6,3,9,0.9030952226408369
3,6,9,0.5238679062670301
9,0,9,0.569149748895899
7,2,9,NaN
7,2,9,0.37912774960537887
8,1,9,NaN
5,4,9,0.07711890120107545
1,8,9,NaN
7,2,9,NaN
6,3,9,NaN
7,2,9,0.9163903413877368
6,3,9,0.9649170932836378
7,2,9,0.04517808191721581
5,4,9,0.00833351257142285
6,3,9,0.023832958594287915
3,6,9,0.0494455745194533
9,0,9,0.8671160706580505
8,1,9,0.569149748895899
8,1,9,0.9163216390929619
7,2,9,0.13922504167518382
6,3,9,0.7582540955828375
5,4,9,0.12199204495993134
9,0,9,0.786623350458894
4,5,9,0.7582540955828375
7,2,9,NaN
6,3,9,NaN
7,2,9,0.7004946307553668
7,2,9,0.05735097310840156
5,4,9,NaN
4,5,9,0.502475440760969
7,2,9,0.27923371017636817
7,2,9,0.2180321792514569
8,1,9,0.0494455745194533
4,5,9,NaN
7,2,9,0.35291544996872376
9,0,9,NaN
4,5,9,0.2180321792514569
6,3,9,0.35291544996872376
7,2,9,0.14029537822782215
6,3,9,0.2180321792514569
7,2,9,0.1298724704817915
7,2,9,NaN
7,2,9,0.024979424385777767
6,3,9,0.6056350429307049
7,2,9,NaN
7,2,9,NaN
5,4,9,0.569149748895899
5,4,9,NaN
9,0,9,0.27923371017636817
8,1,9,0.775460583894218
5,4,9,0.47793771766761745
9,0,9,0.9963020919739074
3,6,9,0.002417365878450618
4,5,9,0.6505728275062779
7,2,9,0.0010439657561641445
9,0,9,0.9944136266474382
6,3,9,0.08794087657375788
4,5,9,0.7935534981386869
6,3,9,NaN
8,1,9,0.5250567057525605
8,1,9,0.11608498213619
7,2,9,0.09943458759150654
3,6,9,0.0021658441345355074
7,2,9,0.16806732870266622
6,3,9,0.8886935889394204
6,3,9,0.39064081951093954
9,0,9,0.6104096037191906
6,3,9,NaN
6,3,9,0.9570734678655722
8,1,9,0.07470550857760336
9,0,9,0.09943458759150654
9,0,9,0.8733102078879845
9,0,9,0.8356407771585233
5,4,9,0.8720060212102919
7,2,9,0.6104096037191906
8,1,9,0.12632998965248549
6,3,9,0.4568217968383201
8,1,9,0.569149748895899
8,1,9,0.3149813444585866
5,4,9,NaN
8,1,9,0.9923256991209348
8,1,9,0.954443213669654
7,2,9,0.8553400459938837
6,3,9,0.1298724704817915
6,3,9,0.404228076877238
5,4,9,0.19236277848876807
8,1,9,0.5238679062670301
6,3,9,NaN
6,3,9,0.04370689030141423
9,0,9,6.350308894287467e-8
8,1,9,0.19667076642470155
9,0,9,0.024979424385777767
5,4,9,NaN
6,3,9,0.35291544996872376
4,5,9,0.002341385228516042
7,2,9,0.35291544996872376
9,0,9,NaN
8,1,9,0.8733102078879845
8,1,9,0.569149748895899
7,2,9,0.9163216390929619
7,2,9,0.927808813496808
4,5,9,0.9574264943593161
8,1,9,0.2180321792514569
7,2,9,0.11608498213619
5,4,9,0.001290026908059383
4,5,9,0.21789723100099276
7,2,9,0.7267509803124766
8,1,9,NaN
5,4,9,NaN
8,1,9,0.47793771766761745
5,4,9,0.0042372930662815545
6,3,9,0.9857264206675347
7,2,9,NaN
7,2,9,0.7737394555982433
7,2,9,NaN
7,2,9,0.8733102078879845
4,5,9,0.9923256991209348
6,3,9,0.9388397790286686
9,0,9,0.27923371017636817
7,2,9,0.6505728275062779
5,4,9,0.6181216420355086
9,0,9,0.7004946307553668
5,4,9,0.06611573959509347
6,3,9,0.3149813444585866
8,1,9,0.13473344949604715
5,4,9,0.6505728275062779
4,5,9,NaN
7,2,9,NaN
8,1,9,0.43116983099757117
9,0,9,0.6505728275062779
7,2,9,0.06194508116938417
7,2,9,0.2180321792514569
5,4,9,NaN
4,5,9,0.0037687713941706663
5,4,9,0.7883696248010116
8,1,9,NaN
8,1,9,0.5977748436466278
7,2,9,0.39064081951093954
8,1,9,0.826735348430389
5,4,9,0.927808813496808
5,4,9,0.569149748895899
8,1,9,0.6914431924244484
6,3,9,0.01880761644846058
6,3,9,0.1543302946919988
6,3,9,0.3420481727026579
7,2,9,NaN
8,1,9,0.9030952226408369
9,0,9,0.8356407771585233
8,1,9,0.1781337112716812
7,2,9,0.5279580163868239
8,1,9,0.24924498471286638
6,3,9,0.9388397790286686
6,3,9,0.618226601507986
8,1,9,0.0002996279396233284
4,5,9,0.24524244003177142
8,1,9,0.27923371017636817
4,5,9,0.0010397688212229752
6,3,9,0.3807749893928021
3,6,9,0.13906406781445516
4,5,9,0.25819982730174895
7,2,9,0.06611573959509347
7,2,9,0.9448134584613901
9,0,9,0.6463932984133082
7,2,9,0.009261607046660385
9,0,9,0.6505728275062779
7,2,9,NaN
8,1,9,0.21690461786681978
7,2,9,NaN
6,3,9,0.15735044159846018
8,1,9,0.16806732870266622
6,3,9,0.003051915076059942
9,0,9,NaN
6,3,9,NaN
6,3,9,NaN
5,4,9,0.03962483578870635
8,1,9,0.786623350458894
7,2,9,0.8356407771585233
8,1,9,0.3634279597327827
8,1,9,0.10265256933016106
8,1,9,0.19236277848876807
8,1,9,0.8356407771585233
8,1,9,0.8120477488685461
7,2,9,0.7622161362245191
5,4,9,0.27369177007057516
4,5,9,0.04338905671645377
7,2,9,0.06055751529260266
6,3,9,0.1739887363054829
6,3,9,0.004263881059487224
3,6,9,NaN
6,3,9,0.9961520687047375
9,0,9,0.2825756595979886
7,2,9,0.47793771766761745
5,4,9,0.8553400459938837
6,3,9,NaN
7,2,9,0.5238679062670301
6,3,9,NaN
5,4,9,NaN
7,2,9,0.35291544996872376
9,0,9,0.08513931609486723
6,3,9,NaN
9,0,9,NaN
7,2,9,0.6104096037191906
5,4,9,0.8442143217132388
5,4,9,0.7883696248010116
6,3,9,0.014701498378582692
7,2,9,0.032340388786537166
5,4,9,0.0026908597986054356
3,6,9,0.569149748895899
7,2,9,0.11404401218842061
5,4,9,0.3929716779845387
5,4,9,0.2180321792514569
6,3,9,0.7377518677167634
5,4,9,NaN
7,2,9,0.00033092533868990266
6,3,9,NaN
4,5,9,0.5238679062670301
9,0,9,NaN
7,2,9,0.34090176897074526
4,5,9,NaN
7,2,9,NaN
7,2,9,0.991238301654498
6,3,9,0.5238679062670301
7,2,9,0.8356407771585233
5,4,9,NaN
5,4,9,0.7582540955828375
9,0,9,0.9490411065363702
8,1,9,0.5238679062670301
5,4,9,0.005219049040737945
7,2,9,0.7976012301399058
6,3,9,0.43116983099757117
6,3,9,0.7267509803124766
7,2,9,NaN
6,3,9,6.299298845714228e-7
8,1,9,0.05735097310840156
6,3,9,0.35291544996872376
1,8,9,0.9796763412476183
6,3,9,0.03317022976394289
5,4,9,0.11404401218842061
3,6,9,0.8042807439964583
9,0,9,NaN
7,2,9,0.10468005796760022
7,2,9,0.1298724704817915
7,2,9,0.43116983099757117
9,0,9,0.43510449668095885
7,2,9,0.9574264943593161
6,3,9,0.019269433283331302
7,2,9,0.7582540955828375
6,3,9,0.9574264943593161
7,2,9,0.19236277848876807
4,5,9,0.34008513803187734
4,5,9,0.9783371267399661
9,0,9,0.19236277848876807
7,2,9,0.9516148043868172
5,4,9,0.8356407771585233
4,5,9,0.021960220642977778
8,1,9,0.11404401218842061
8,1,9,0.8120477488685461
8,1,9,NaN
7,2,9,0.8356407771585233
5,4,9,NaN
7,2,9,0.7582540955828375
6,3,9,0.35291544996872376
5,4,9,0.03794641341295346
7,2,9,NaN
6,3,9,0.3295319620904107
6,3,9,0.008126970210441814
7,2,9,0.07239714409202684
7,2,9,0.11404401218842061
9,0,9,0.8120477488685461
8,1,9,0.8553400459938837
5,4,9,0.3589672569672733
7,2,9,NaN
4,5,9,NaN
9,0,9,0.031734142492054945
9,0,9,0.16909288643313697
7,2,9,0.3784856861059211
8,1,9,0.14766029718238274
6,3,9,0.7582540955828375
7,2,9,0.5238679062670301
8,1,9,0.08596717446393809
5,4,9,0.47912007977132837
9,0,9,NaN
6,3,9,0.24524244003177142
6,3,9,0.0494455745194533
6,3,9,NaN
9,0,9,0.9362891784527098
6,3,9,0.5238679062670301
7,2,9,7.586549468264083e-5
6,3,9,0.927808813496808
6,3,9,0.14369292680826953
6,3,9,0.6104096037191906
8,1,9,NaN
5,4,9,0.9529815656166643
8,1,9,0.5238679062670301
9,0,9,0.755119282660364
6,3,9,NaN
7,2,9,0.08164335718689085
8,1,9,0.9030952226408369
9,0,9,0.27923371017636817
6,3,9,0.7267509803124766
8,1,9,0.7582540955828375
5,4,9,0.786623350458894
4,5,9,0.9235769684893195
5,4,9,0.35291544996872376
4,5,9,0.47793771766761745
3,6,9,0.8886935889394204
7,2,9,0.009104312911706658
6,3,9,NaN
9,0,9,0.16806732870266622
5,4,9,0.9811127762214269
8,1,9,0.6505728275062779
6,3,9,0.8120477488685461
6,3,9,0.6914431924244484
8,1,9,0.43116983099757117
8,1,9,0.07470550857760336
5,4,9,0.16806732870266622
7,2,9,0.41781409793355745
8,1,9,0.5292385145068604
6,3,9,0.41781302776622364
4,5,9,0.8356407771585233
4,5,9,0.43116983099757117
5,4,9,0.45273141574927656
5,4,9,NaN
7,2,9,0.030770961767323874
5,4,9,0.40410631534515257
5,4,9,0.27923371017636817
9,0,9,0.1535238301458931
4,5,9,0.6505728275062779
8,1,9,0.976413425292083
8,1,9,NaN
5,4,9,0.6914431924244484
8,1,9,0.019036740897044373
8,1,9,0.27923371017636817
6,3,9,0.6505728275062779
5,4,9,0.29321466086640874
8,1,9,0.25515656253939945
8,1,9,0.927808813496808
6,3,9,0.47793771766761745
7,2,9,NaN
7,2,9,0.31308355035614016
6,3,9,0.35291544996872376
8,1,9,0.04770903581571987
7,2,9,0.8813308229621929
9,0,9,NaN
7,2,9,0.07602995700308383
8,1,9,0.8356407771585233
7,2,9,NaN
7,2,9,0.7582540955828375
9,0,9,0.5238679062670301
6,3,9,0.4267186639402188
9,0,9,0.2492925369263459
8,1,9,0.16806732870266622
7,2,9,0.016498859504318755
7,2,9,0.9490411065363702
5,4,9,NaN
7,2,9,NaN
7,2,9,0.5521089525595249
7,2,9,0.19236277848876807
6,3,9,0.20446522187106064
8,1,9,0.01880761644846058
8,1,9,NaN
9,0,9,NaN
7,2,9,NaN
5,4,9,0.5238679062670301
6,3,9,0.8886935889394204
7,2,9,NaN
4,5,9,0.38120040655300724
7,2,9,0.8482175287738329
7,2,9,0.08622811860676048
9,0,9,0.8886935889394204
6,3,9,0.7883696248010116
9,0,9,0.6055692680583473
7,2,9,0.47793771766761745
6,3,9,0.27923371017636817
8,1,9,0.9649170932836378
6,3,9,0.7377518677167634
7,2,9,0.12630237091773283
6,3,9,2.622523857967246e-6
7,2,9,0.27923371017636817
6,3,9,0.6914431924244484
8,1,9,NaN
5,4,9,NaN
6,3,9,0.9388397790286686
8,1,9,0.8886935889394204
7,2,9,0.26748562182294744
7,2,9,0.19236277848876807
5,4,9,0.7582540955828375
6,3,9,0.569149748895899
8,1,9,0.9490411065363702
7,2,9,0.6237258160406982
8,1,9,NaN
6,3,9,0.6914431924244484
7,2,9,0.6936424771194916
8,1,9,0.024979424385777767
6,3,9,0.43116983099757117
7,2,9,0.9151260035689958
3,6,9,NaN
6,3,9,0.27369177007057516
2,7,9,0.028886075440067927
6,3,9,0.9030952226408369
8,1,9,0.4496037056261923
6,3,9,0.9163216390929619
9,0,9,NaN
5,4,9,0.5138100954229677
4,5,9,0.7582540955828375
6,3,9,0.8120477488685461
8,1,9,0.5238679062670301
7,2,9,0.47793771766761745
3,6,9,0.6699647531762388
9,0,9,0.6505728275062779
5,4,9,0.5392073624570944
8,1,9,NaN
6,3,9,0.6505728275062779
4,5,9,0.7582540955828375
8,1,9,0.921881291872341
7,2,9,0.786623350458894
5,4,9,0.9574264943593161
6,3,9,0.0021658441345355074
8,1,9,0.5238679062670301
4,5,9,0.49715630498806584
6,3,9,NaN
6,3,9,0.9711836190363513
7,2,9,NaN
7,2,9,NaN
9,0,9,0.927808813496808
7,2,9,0.5791090871827316
5,4,9,0.7267509803124766
5,4,9,0.6505728275062779
6,3,9,0.8776090385390519
6,3,9,0.8120477488685461
9,0,9,0.25918290793792376
7,2,9,0.8553400459938837
8,1,9,0.39064081951093954
4,5,9,0.002344729287620416
6,3,9,0.8733102078879845
5,4,9,0.1342639921368174
5,4,9,0.7582540955828375
6,3,9,0.6914431924244484
7,2,9,0.46324213944261333
8,1,9,0.434252350632265
8,1,9,0.745321582267437
8,1,9,NaN
5,4,9,NaN
9,0,9,0.8356407771585233
5,4,9,0.8553400459938837
6,3,9,0.8120477488685461
7,2,9,NaN
7,2,9,0.003736962491151852
6,3,9,0.05735097310840156
8,1,9,0.386328161405229
5,4,9,0.9163216390929619
8,1,9,0.569149748895899
8,1,9,0.19923229962846026
5,4,9,0.6914431924244484
9,0,9,NaN
6,3,9,0.6914431924244484
6,3,9,0.9574264943593161
7,2,9,0.5297178185124995
8,1,9,0.26207250578872776
5,4,9,0.4994966444245364
5,4,9,0.4863524652434451
4,5,9,NaN
7,2,9,0.600450870138093
9,0,9,0.7267509803124766
8,1,9,NaN
7,2,9,NaN
7,2,9,0.47793771766761745
8,1,9,0.16591031594326086
6,3,9,0.4293788648339165
5,4,9,NaN
7,2,9,NaN
8,1,9,0.5978455647101357
6,3,9,0.1535238301458931
7,2,9,0.4293788648339165
7,2,9,0.09943458759150654
5,4,9,0.18193580930670458
7,2,9,0.8886935889394204
7,2,9,0.9163216390929619
8,1,9,0.9711836190363513
8,1,9,0.7582540955828375
6,3,9,0.25918290793792376
5,4,9,0.9163216390929619
6,3,9,0.06563541274219366
7,2,9,0.6505728275062779
7,2,9,0.11404401218842061
6,3,9,0.4670922699479349
8,1,9,0.61901799918729
4,5,9,NaN
7,2,9,NaN
6,3,9,0.9862308063155505
6,3,9,0.00019204538424648213
6,3,9,0.569149748895899
8,1,9,NaN
6,3,9,0.26979005885869173
3,6,9,0.4000801055241669
7,2,9,NaN
9,0,9,0.2180321792514569
4,5,9,0.04370689030141423
7,2,9,0.1739887363054829
7,2,9,0.03432256643084406
6,3,9,0.38113787349823686
8,1,9,0.7267509803124766
8,1,9,0.8886389137801648
8,1,9,0.6930486752535967
7,2,9,NaN
4,5,9,NaN
6,3,9,0.3107052693054885
8,1,9,0.34223222913070334
5,4,9,0.7635139812160975
9,0,9,0.39064081951093954
6,3,9,NaN
7,2,9,0.5209753175597518
7,2,9,0.47793771766761745
7,2,9,NaN
9,0,9,0.786623350458894
9,0,9,0.43116983099757117
7,2,9,0.11404401218842061
6,3,9,0.7774891427160723
5,4,9,0.9574264943593161
5,4,9,0.04370689030141423
4,5,9,0.01389863463638223
5,4,9,0.8356407771585233
6,3,9,NaN
7,2,9,0.927808813496808
3,6,9,NaN
6,3,9,0.8553400459938837
8,1,9,0.08596717446393809
6,3,9,NaN
8,1,9,NaN
7,2,9,0.2180321792514569
7,2,9,0.8120477488685461
6,3,9,NaN
8,1,9,0.5090302883072566
6,3,9,0.4080502289475638
9,0,9,0.07470550857760336
8,1,9,NaN
8,1,9,0.08596717446393809
7,2,9,NaN
8,1,9,0.6104096037191906
6,3,9,0.6914431924244484
8,1,9,0.786623350458894
7,2,9,0.3509895082844074
8,1,9,0.6914431924244484
6,3,9,0.6104096037191906
5,4,9,0.8886935889394204
8,1,9,0.45283909515038767
4,5,9,NaN
8,1,9,0.0053540216701124035
4,5,9,0.701176261108408
6,3,9,NaN
6,3,9,NaN
6,3,9,0.35291544996872376
8,1,9,NaN
6,3,9,0.45232633572694075
8,1,9,NaN
8,1,9,NaN
9,0,9,0.8168462185671674
6,3,9,NaN
9,0,9,0.9030952226408369
6,3,9,0.15490981827571945
9,0,9,0.22884993719077776
9,0,9,0.6505728275062779
8,1,9,0.6914431924244484
9,0,9,0.6505728275062779
4,5,9,0.8356407771585233
9,0,9,0.6426385446506481
6,3,9,NaN
3,6,9,0.16806732870266622
7,2,9,NaN
6,3,9,0.7582540955828375
6,3,9,2.2882906014641777e-6
9,0,9,0.24524244003177142
9,0,9,NaN
6,3,9,0.4720932502155319
8,1,9,0.927808813496808
7,2,9,0.8120477488685461
8,1,9,NaN
4,5,9,NaN
6,3,9,0.173467779144842
8,1,9,0.24524244003177142
5,4,9,0.7582540955828375
6,3,9,0.3110768247029527
6,3,9,NaN
6,3,9,0.39064081951093954
8,1,9,0.1535238301458931
7,2,9,NaN
9,0,9,0.39064081951093954
7,2,9,NaN
8,1,9,0.23767833553316434
4,5,9,0.0494455745194533
7,2,9,NaN
3,6,9,0.6104096037191906
4,5,9,0.19236277848876807
6,3,9,0.5659515108619382
7,2,9,0.47482382811093277
8,1,9,0.12538563526443292
5,4,9,0.9289009624137061
4,5,9,NaN
7,2,9,0.8916165549352955
6,3,9,0.11404401218842061
6,3,9,0.569149748895899
8,1,9,0.21332903489271252
6,3,9,NaN
9,0,9,NaN
7,2,9,0.6914431924244484
7,2,9,0.47669007767124383
6,3,9,NaN
9,0,9,0.3685132424976222
4,5,9,NaN
7,2,9,0.7267509803124766
9,0,9,NaN
7,2,9,0.9163216390929619
8,1,9,0.43116983099757117
8,1,9,NaN
6,3,9,0.7267509803124766
5,4,9,NaN
6,3,9,0.3149813444585866
7,2,9,0.7680463986976283
8,1,9,0.0069114224843666115
6,3,9,0.786623350458894
5,4,9,NaN
8,1,9,NaN
6,3,9,0.16245213545894713
4,5,9,0.1298724704817915
3,6,9,0.24524244003177142
7,2,9,0.27923371017636817
9,0,9,0.8886935889394204
7,2,9,0.39064081951093954
7,2,9,0.07470550857760336
7,2,9,0.8356407771585233
6,3,9,NaN
8,1,9,0.39064081951093954
5,4,9,NaN
5,4,9,0.8733102078879845
9,0,9,0.35711384072784785
8,1,9,0.3149813444585866
9,0,9,0.27923371017636817
4,5,9,0.786623350458894
6,3,9,NaN
7,2,9,0.22229956128994882
2,7,9,0.7211237363328438
5,4,9,0.39064081951093954
8,1,9,0.11500558161880858
6,3,9,0.06453915876521883
6,3,9,NaN
4,5,9,0.39064081951093954
6,3,9,0.6914431924244484
8,1,9,0.8533335285521608
7,2,9,NaN
5,4,9,0.9711836190363513
9,0,9,0.35291544996872376
3,6,9,NaN
5,4,9,0.927808813496808
7,2,9,NaN
6,3,9,0.8442143217132388
8,1,9,0.35291544996872376
9,0,9,0.8008169120755485
4,5,9,0.16637939557572207
9,0,9,0.05735097310840156
9,0,9,0.9711836190363513
6,3,9,0.6104096037191906
8,1,9,0.6505728275062779
7,2,9,NaN
9,0,9,0.8733102078879845
6,3,9,0.9852254211697609
6,3,9,0.01880761644846058
7,2,9,0.8553400459938837
5,4,9,0.509042899926863
7,2,9,0.2449297274308735
8,1,9,0.6914431924244484
9,0,9,0.8120477488685461
3,6,9,0.6914431924244484
4,5,9,0.14766029718238274
8,1,9,0.9574264943593161
8,1,9,0.927808813496808
7,2,9,0.13067888610224584
7,2,9,0.023522890144729965
4,5,9,NaN
5,4,9,0.01880761644846058
4,5,9,0.927808813496808
8,1,9,0.9365111227773979
7,2,9,0.6505728275062779
4,5,9,0.927808813496808
8,1,9,0.8886935889394204
6,3,9,0.39064081951093954
7,2,9,0.9030952226408369
4,5,9,NaN
4,5,9,0.786623350458894
6,3,9,0.561172973510263
6,3,9,NaN
8,1,9,0.1535238301458931
6,3,9,0.27923371017636817
8,1,9,0.8120477488685461
4,5,9,NaN
7,2,9,NaN
9,0,9,0.7267509803124766
5,4,9,0.0821591411723623
6,3,9,0.2635919661402064
6,3,9,0.6979814411333362
7,2,9,NaN
8,1,9,0.43116983099757117
8,1,9,0.9803712163790038
4,5,9,0.3673803532349322
8,1,9,0.8356407771585233
6,3,9,0.927808813496808
7,2,9,0.976413425292083
8,1,9,0.786623350458894
7,2,9,0.051910539776863815
6,3,9,0.9030952226408369
7,2,9,0.9775427347559655
9,0,9,0.5964545205257348
5,4,9,NaN
4,5,9,NaN
7,2,9,0.18558454683946482
7,2,9,0.009778647628762748
9,0,9,0.21260641172354036
8,1,9,0.9060641442192896
9,0,9,0.8915062399522097
8,1,9,0.19236277848876807
5,4,9,0.1883944632074566
7,2,9,0.9388397790286686
6,3,9,0.7616161931560907
5,4,9,0.07470550857760336
7,2,9,NaN
8,1,9,0.0494455745194533
9,0,9,NaN
8,1,9,0.9490411065363702
7,2,9,0.3500953581623925
8,1,9,0.982160837345064
9,0,9,0.05735097310840156
6,3,9,NaN
4,5,9,NaN
6,3,9,0.02569245020287108
8,1,9,0.026409962191555184
8,1,9,NaN
6,3,9,0.3149813444585866
4,5,9,0.6505728275062779
5,4,9,NaN
3,6,9,0.6833758768314452
7,2,9,0.6104096037191906
9,0,9,0.927808813496808
7,2,9,0.8733102078879845
6,3,9,0.7582540955828375
6,3,9,0.2981031488230232
7,2,9,0.7997109087083109
4,5,9,NaN
9,0,9,NaN
9,0,9,0.23747300133211435
5,4,9,0.786623350458894
6,3,9,0.2180321792514569
7,2,9,0.06611573959509347
8,1,9,0.4926769465477197
7,2,9,0.22386157316614574
9,0,9,0.43116983099757117
7,2,9,NaN
9,0,9,0.3149813444585866
6,3,9,0.842397004022357
5,4,9,0.7267509803124766
7,2,9,NaN
6,3,9,0.786623350458894
5,4,9,0.9975663265144364
6,3,9,0.7267509803124766
7,2,9,0.061167329661828064
6,3,9,0.06611573959509347
9,0,9,0.8120477488685461
6,3,9,0.7582540955828375
7,2,9,0.36407118118265414
7,2,9,NaN
4,5,9,0.27923371017636817
7,2,9,NaN
6,3,9,0.7322561492069477
5,4,9,0.8772173292823856
5,4,9,0.8013909175499733
5,4,9,0.6914431924244484
4,5,9,NaN
6,3,9,0.8356407771585233
6,3,9,0.05735097310840156
9,0,9,0.3923534478914259
5,4,9,0.8553400459938837
9,0,9,0.1298724704817915
6,3,9,0.8415454746148262
3,6,9,0.5238679062670301
5,4,9,0.8356407771585233
6,3,9,0.4662752862996195
7,2,9,0.14766029718238274
7,2,9,0.0494455745194533
4,5,9,0.9365863482608261
7,2,9,0.9857264206675347
7,2,9,NaN
4,5,9,0.09333751255938885
4,5,9,0.6104096037191906
8,1,9,0.5238679062670301
6,3,9,0.927808813496808
5,4,9,0.9711836190363513
6,3,9,NaN
7,2,9,0.26991388597301463
4,5,9,0.19236277848876807
7,2,9,0.5238679062670301
8,1,9,0.9574264943593161
7,2,9,0.6833758768314452
7,2,9,0.1298724704817915
4,5,9,0.927808813496808
4,5,9,NaN
6,3,9,0.5383039264338554
5,4,9,0.9775883802813302
6,3,9,0.43116983099757117
3,6,9,0.786623350458894
6,3,9,0.20402678523788345
9,0,9,0.00878921996117435
7,2,9,0.04370689030141423
6,3,9,0.7051840551574875
6,3,9,0.8886935889394204
4,5,9,NaN
8,1,9,0.16806732870266622
7,2,9,0.14619510397328314
5,4,9,0.7450593573756056
8,1,9,0.6914431924244484
5,4,9,NaN
5,4,9,0.7399154854618395
4,5,9,0.8356407771585233
8,1,9,NaN
6,3,9,0.2302582989000087
6,3,9,0.006439208083713591
4,5,9,0.8733102078879845
6,3,9,0.44910755679173275
6,3,9,0.7267509803124766
4,5,9,0.001615416478124687
8,1,9,0.01364802182269672
8,1,9,0.09943458759150654
9,0,9,NaN
9,0,9,0.06611573959509347
6,3,9,0.6104096037191906
5,4,9,0.5238679062670301
8,1,9,0.47793771766761745
6,3,9,0.6426385446506481
8,1,9,0.5823641244239374
8,1,9,NaN
8,1,9,0.9574264943593161
9,0,9,0.1749545167878153
7,2,9,0.976413425292083
4,5,9,0.39064081951093954
5,4,9,0.0976685280654983
8,1,9,0.08596717446393809
9,0,9,0.8733102078879845
7,2,9,NaN
5,4,9,0.9494471673386267
8,1,9,NaN
5,4,9,0.9163216390929619
7,2,9,0.19236277848876807
6,3,9,0.14766029718238274
8,1,9,0.1298724704817915
8,1,9,0.016314898271010056
9,0,9,0.9582404464912507
6,3,9,0.9388397790286686
7,2,9,0.569149748895899
6,3,9,0.021960220642977778
7,2,9,0.06611573959509347
7,2,9,NaN
4,5,9,0.5848867008361857
7,2,9,0.35400789612396283
6,3,9,0.48804305670070336
8,1,9,0.3149813444585866
5,4,9,0.0017590992001324415
5,4,9,0.786623350458894
8,1,9,0.7267509803124766
6,3,9,0.39064081951093954
6,3,9,NaN
5,4,9,0.14766029718238274
3,6,9,0.9490411065363702
8,1,9,0.7806308313129448
2,7,9,0.19236277848876807
2,7,9,0.6914431924244484
9,0,9,0.7727911082485781
3,6,9,NaN
5,4,9,NaN
2,7,9,NaN
5,4,9,0.6181101058296996
8,1,9,0.7004946307553668
7,2,9,0.9163216390929619
9,0,9,0.856099320322802
7,2,9,0.005812985542910942
5,4,9,0.6914431924244484
8,1,9,0.35291544996872376
8,1,9,0.9490411065363702
8,1,9,0.35291544996872376
7,2,9,0.9771443588150875
7,2,9,0.6426385446506481
4,5,9,0.034748321987026785
5,4,9,0.27923371017636817
6,3,9,0.5988966746409761
7,2,9,0.950144339150178
9,0,9,NaN
9,0,9,NaN
9,0,9,NaN
7,2,9,0.43116983099757117
7,2,9,0.965622054367614
6,3,9,0.19236277848876807
5,4,9,0.16976848994412302
9,0,9,0.5238679062670301
9,0,9,0.0007101484987586474
6,3,9,0.35291544996872376
5,4,9,0.8886935889394204
4,5,9,0.0004710372881317063
9,0,9,NaN
6,3,9,NaN
7,2,9,0.7208606799501817
6,3,9,0.2180321792514569
5,4,9,0.8733102078879845
8,1,9,0.35291544996872376
4,5,9,NaN
7,2,9,NaN
7,2,9,0.11404401218842061
7,2,9,0.028886075440067927
5,4,9,0.786623350458894
7,2,9,0.569149748895899
6,3,9,0.05735097310840156
5,4,9,0.9163216390929619
9,0,9,0.569149748895899
6,3,9,0.19236277848876807
9,0,9,0.6914431924244484
7,2,9,0.22433250905754928
8,1,9,0.434252350632265
4,5,9,0.927808813496808
7,2,9,0.5238679062670301
5,4,9,0.8553400459938837
7,2,9,0.9407234676271421
8,1,9,0.9944136266474382
7,2,9,0.01389863463638223
6,3,9,0.8507009936367159
8,1,9,0.6104096037191906
5,4,9,0.9678382007957801
8,1,9,0.07470550857760336
6,3,9,0.27923371017636817
6,3,9,0.8553400459938837
6,3,9,0.6277385253821351
3,6,9,0.06948920321343782
2,7,9,0.27073882354074513
5,4,9,0.17923589928811115
8,1,9,0.9574264943593161
6,3,9,0.998225219067332
5,4,9,0.4448820332619842
5,4,9,NaN
8,1,9,0.16806732870266622
7,2,9,0.47793771766761745
6,3,9,0.0020547117181096944
8,1,9,0.7582540955828375
7,2,9,0.011760002921009753
8,1,9,0.16806732870266622
8,1,9,0.08596717446393809
7,2,9,0.28414234422706497
9,0,9,0.6104096037191906
5,4,9,0.8733102078879845
8,1,9,0.5238679062670301
7,2,9,0.03794641341295346
5,4,9,0.9574264943593161
9,0,9,0.8733102078879845
7,2,9,0.6104096037191906
5,4,9,0.196724626738486
7,2,9,0.6181101058296996
9,0,9,0.2038674554194001
7,2,9,0.16806732870266622
2,7,9,0.6505728275062779
5,4,9,0.6104096037191906
7,2,9,0.19236277848876807
4,5,9,NaN
4,5,9,0.7582540955828375
7,2,9,0.8886935889394204
8,1,9,NaN
9,0,9,0.9030952226408369
8,1,9,0.9030952226408369
7,2,9,0.27923371017636817
3,6,9,0.9163216390929619
4,5,9,0.002618526517825072
6,3,9,0.4412255987982729
8,1,9,0.8553400459938837
7,2,9,0.8733102078879845
3,6,9,NaN
5,4,9,0.7965188419159412
7,2,9,0.008375979243947248
6,3,9,0.22984693539792353
9,0,9,0.35291544996872376
8,1,9,0.39064081951093954
5,4,9,NaN
9,0,9,0.6689033359385416
6,3,9,0.08492145781881325
6,3,9,NaN
8,1,9,0.4994966444245364
8,1,9,0.3149813444585866
8,1,9,0.5877447595761185
7,2,9,0.1298724704817915
8,1,9,0.030804356686686164
6,3,9,0.47793771766761745
6,3,9,0.7582540955828375
4,5,9,NaN
8,1,9,0.04370689030141423
3,6,9,0.14766029718238274
4,5,9,NaN
3,6,9,0.7587826908454655
7,2,9,0.8616652451716816
5,4,9,0.569149748895899
7,2,9,NaN
5,4,9,0.8120477488685461
7,2,9,0.9850035265815548
8,1,9,NaN
6,3,9,0.1200079059284548
8,1,9,NaN
7,2,9,0.6505728275062779
8,1,9,0.35291544996872376
7,2,9,0.024979424385777767
4,5,9,NaN
7,2,9,0.24524244003177142
7,2,9,0.927808813496808
5,4,9,0.991407709110268
4,5,9,NaN
5,4,9,0.024979424385777767
7,2,9,0.04182186393985971
7,2,9,NaN
7,2,9,0.43116983099757117
6,3,9,0.47793771766761745
3,6,9,NaN
5,4,9,0.7582540955828375
4,5,9,0.43116983099757117
8,1,9,0.6672954276675664
7,2,9,0.21789723100099276
7,2,9,0.4863524652434451
6,3,9,NaN
8,1,9,0.9388397790286686
6,3,9,0.4155837349263178
7,2,9,0.9574264943593161
6,3,9,0.16806732870266622
6,3,9,0.6835696883162311
8,1,9,0.8356407771585233
9,0,9,0.569149748895899
6,3,9,0.1298724704817915
8,1,9,0.28307077970323524
5,4,9,0.24524244003177142
9,0,9,0.045352089232317414
4,5,9,0.0739986198755672
6,3,9,0.7267509803124766
8,1,9,0.8120477488685461
6,3,9,0.35291544996872376
8,1,9,0.5238679062670301
6,3,9,0.8356407771585233
9,0,9,0.40684532456948086
6,3,9,NaN
7,2,9,0.024979424385777767
6,3,9,NaN
8,1,9,0.9163216390929619
7,2,9,0.5238679062670301
8,1,9,0.39064081951093954
8,1,9,0.4964159108272727
9,0,9,0.9490411065363702
6,3,9,NaN
5,4,9,NaN
8,1,9,0.1416498128847232
2,7,9,0.9490411065363702
9,0,9,0.6293150791863887
6,3,9,0.8135122998034316
8,1,9,0.9107607886637495
5,4,9,0.5238679062670301
7,2,9,0.5238679062670301
8,1,9,0.6914431924244484
4,5,9,0.16806732870266622
6,3,9,0.8356407771585233
4,5,9,0.7978276763923389
4,5,9,0.23751946325872808
3,6,9,NaN
9,0,9,0.37695975557520156
9,0,9,NaN
5,4,9,0.24524244003177142
7,2,9,0.1266378279632951
7,2,9,0.8977390521606552
7,2,9,NaN
7,2,9,NaN
6,3,9,NaN
7,2,9,0.39064081951093954
8,1,9,0.35291544996872376
8,1,9,0.9535666294281654
6,3,9,4.415242037644211e-8
6,3,9,0.06611573959509347
6,3,9,NaN
6,3,9,0.39064081951093954
9,0,9,0.7560845963589301
7,2,9,0.6104096037191906
9,0,9,0.43116983099757117
9,0,9,NaN
5,4,9,0.14354816969760925
6,3,9,0.825994201363067
7,2,9,0.9686942429996167
5,4,9,0.8553400459938837
9,0,9,0.35291544996872376
6,3,9,0.11926870220734946
3,6,9,NaN
4,5,9,0.7582540955828375
6,3,9,NaN
7,2,9,NaN
5,4,9,0.005772729173959262
6,3,9,0.19251336407863334
6,3,9,0.028422459127673036
9,0,9,0.9574264943593161
7,2,9,NaN
4,5,9,4.4340466236852464e-7
2,7,9,0.08596717446393809
6,3,9,0.7267509803124766
5,4,9,0.2536284219694736
7,2,9,0.05735097310840156
5,4,9,0.24524244003177142
8,1,9,0.6162308233278025
5,4,9,0.00013718483963669737
4,5,9,0.2180321792514569
5,4,9,0.5469036922065601
7,2,9,0.8733102078879845
8,1,9,0.014703851468838522
8,1,9,0.47793771766761745
6,3,9,0.6505728275062779
5,4,9,0.9649170932836378
8,1,9,0.7377518677167634
4,5,9,NaN
9,0,9,0.569149748895899
2,7,9,0.09943458759150654
7,2,9,0.42092716310443984
4,5,9,0.7267509803124766
8,1,9,0.27923371017636817
9,0,9,0.47793771766761745
5,4,9,0.6914431924244484
5,4,9,0.805087333057751
2,7,9,NaN
8,1,9,0.6505728275062779
4,5,9,0.058475620166160494
4,5,9,0.0013401508373793102
5,4,9,NaN
7,2,9,0.8553400459938837
6,3,9,0.05735097310840156
7,2,9,0.6104096037191906
9,0,9,0.41537327410127706
5,4,9,0.6104096037191906
7,2,9,NaN
5,4,9,0.8733102078879845
2,7,9,0.1253908874723245
9,0,9,0.1298724704817915
5,4,9,NaN
8,1,9,0.3684147765722506
8,1,9,0.927808813496808
8,1,9,NaN
8,1,9,NaN
8,1,9,0.5238679062670301
9,0,9,0.566571052006028
8,1,9,0.9944136266474382
7,2,9,0.569149748895899
6,3,9,NaN
5,4,9,0.8356407771585233
5,4,9,0.6520330411244653
9,0,9,NaN
8,1,9,0.9811127762214269
7,2,9,0.7582540955828375
5,4,9,NaN
9,0,9,NaN
7,2,9,NaN
8,1,9,0.19236277848876807
6,3,9,NaN
6,3,9,0.13643473806811868
9,0,9,0.7267509803124766
7,2,9,0.016314898271010056
7,2,9,0.11404401218842061
7,2,9,NaN
9,0,9,NaN
7,2,9,0.003937705507057386
7,2,9,0.8886935889394204
7,2,9,NaN
6,3,9,NaN
9,0,9,0.9811127762214269
4,5,9,0.1298724704817915
6,3,9,0.03794641341295346
3,6,9,0.4518711102881792
5,4,9,0.0027942459918466156
7,2,9,0.07711890120107545
8,1,9,0.7988985084615036
9,0,9,0.569149748895899
7,2,9,0.7582540955828375
6,3,9,0.786623350458894
7,2,9,0.569149748895899
8,1,9,0.08596717446393809
8,1,9,0.927808813496808
7,2,9,NaN
9,0,9,0.35126286957849934
4,5,9,0.7582540955828375
4,5,9,0.7488785959857837
6,3,9,0.9109199667482268
4,5,9,0.09943458759150654
9,0,9,0.7267509803124766
6,3,9,NaN
7,2,9,0.23967195993390902
6,3,9,NaN
5,4,9,0.31704501574285643
5,4,9,0.016453507757996446
5,4,9,NaN
8,1,9,0.8719114967142728
9,0,9,NaN
9,0,9,NaN
6,3,9,0.7051840551574875
5,4,9,0.8232925095110941
7,2,9,0.6104096037191906
7,2,9,0.3149813444585866
7,2,9,0.11404401218842061
6,3,9,0.946641464491898
9,0,9,0.529148053182353
5,4,9,0.05735097310840156
7,2,9,0.39064081951093954
6,3,9,0.21584486045221568
4,5,9,0.07470550857760336
7,2,9,0.8733102078879845
5,4,9,0.01170142139423544
5,4,9,0.14532724886744422
6,3,9,NaN
3,6,9,NaN
8,1,9,0.0015769516053792095
8,1,9,0.19236277848876807
8,1,9,0.6626300836293451
7,2,9,0.6007557743635324
6,3,9,0.39064081951093954
8,1,9,0.7606177598538248
8,1,9,0.24524244003177142
8,1,9,0.3149813444585866
9,0,9,0.8120477488685461
4,5,9,0.2533281632863547
3,6,9,0.40057686224618433
7,2,9,0.004031988941148194
8,1,9,0.786623350458894
6,3,9,NaN
4,5,9,0.786623350458894
5,4,9,0.5238679062670301
7,2,9,0.569149748895899
4,5,9,0.43116983099757117
7,2,9,0.628342087974571
9,0,9,0.7582540955828375
6,3,9,0.7582540955828375
6,3,9,0.39064081951093954
4,5,9,0.0494455745194533
8,1,9,0.24524244003177142
5,4,9,0.786623350458894
5,4,9,0.6104096037191906
5,4,9,NaN
6,3,9,0.8553400459938837
3,6,9,0.8886935889394204
6,3,9,NaN
8,1,9,0.24524244003177142
4,5,9,0.49918214384274195
3,6,9,0.007246714130658564
7,2,9,0.19484929148191663
4,5,9,0.45004117752274037
5,4,9,NaN
8,1,9,0.35291544996872376
7,2,9,0.5238679062670301
7,2,9,0.9711836190363513
4,5,9,0.6665647963115473
4,5,9,0.6914431924244484
7,2,9,0.39064081951093954
6,3,9,NaN
5,4,9,NaN
6,3,9,0.8811680344369395
6,3,9,0.8733102078879845
8,1,9,NaN
7,2,9,0.6104096037191906
6,3,9,0.026745232174587432
5,4,9,0.8356407771585233
8,1,9,0.08596717446393809
9,0,9,0.6505728275062779
8,1,9,0.1253908874723245
5,4,9,0.19236277848876807
7,2,9,0.06636335868109941
8,1,9,0.47793771766761745
5,4,9,NaN
6,3,9,0.9163216390929619
6,3,9,0.07470550857760336
3,6,9,NaN
6,3,9,NaN
7,2,9,NaN
9,0,9,0.6104096037191906
8,1,9,0.3761245419307974
7,2,9,NaN
8,1,9,0.9030952226408369
6,3,9,0.1298724704817915
4,5,9,0.24524244003177142
7,2,9,0.47793771766761745
7,2,9,0.9923256991209348
4,5,9,NaN
7,2,9,0.7582540955828375
9,0,9,0.569149748895899
4,5,9,0.6104096037191906
3,6,9,0.09943458759150654
6,3,9,NaN
7,2,9,0.03293327873256208
4,5,9,NaN
5,4,9,0.6833758768314452
6,3,9,0.044050024933956586
8,1,9,0.2180321792514569
5,4,9,NaN
8,1,9,0.6505728275062779
8,1,9,0.2180321792514569
5,4,9,0.47793771766761745
4,5,9,0.2757171845877721
8,1,9,0.19236277848876807
6,3,9,0.5238679062670301
8,1,9,0.5238679062670301
7,2,9,0.47793771766761745
6,3,9,0.17451494739556594
1,8,9,NaN
8,1,9,0.9574264943593161
5,4,9,0.2180321792514569
9,0,9,0.44195283113052
5,4,9,NaN
7,2,9,0.04370689030141423
5,4,9,0.3149813444585866
6,3,9,0.2487387337807112
5,4,9,0.8553400459938837
6,3,9,0.7582540955828375
5,4,9,0.5895899589794203
9,0,9,0.35291544996872376
5,4,9,0.023636278789770686
6,3,9,0.5521089525595249
3,6,9,0.918855277066247
6,3,9,NaN
5,4,9,0.32186457831411924
6,3,9,0.6104096037191906
4,5,9,0.0004710372881317063
1,8,9,NaN
4,5,9,0.7267509803124766
6,3,9,0.9512080475141054
7,2,9,0.03317022976394289
8,1,9,0.7249702042008515
8,1,9,0.6914431924244484
8,1,9,0.31044628313235456
9,0,9,0.7972534394311613
8,1,9,0.24524244003177142
7,2,9,0.32364403045119544
9,0,9,0.8553400459938837
6,3,9,0.04370689030141423
5,4,9,0.43116983099757117
3,6,9,NaN
8,1,9,0.8818107708246105
8,1,9,NaN
7,2,9,0.05735097310840156
2,7,9,0.6425905910231665
7,2,9,0.07144301127571027
5,4,9,NaN
6,3,9,0.039413734062399126
8,1,9,0.3149813444585866
6,3,9,0.8120477488685461
4,5,9,NaN
4,5,9,0.35651070461218487
6,3,9,0.6641373069070975
7,2,9,0.9388397790286686
7,2,9,0.11707105300991738
7,2,9,0.27923371017636817
5,4,9,0.39064081951093954
4,5,9,0.8733102078879845
9,0,9,0.3871581495179797
5,4,9,0.05735097310840156
5,4,9,0.6897620710823784
7,2,9,NaN
8,1,9,0.39064081951093954
3,6,9,NaN
8,1,9,0.4481374155569548
6,3,9,0.3149813444585866
8,1,9,0.03379430617249742
3,6,9,0.8666601300087545
6,3,9,0.5238679062670301
6,3,9,0.2180321792514569
8,1,9,0.00019607726602065018
7,2,9,0.8886935889394204
2,7,9,0.976413425292083
6,3,9,0.8886935889394204
7,2,9,0.22143725304686954
6,3,9,0.05735097310840156
6,3,9,0.8886935889394204
7,2,9,0.9030952226408369
4,5,9,0.07159045158556479
8,1,9,0.004608671198576861
6,3,9,0.03317022976394289
6,3,9,0.43116983099757117
1,8,9,0.8120477488685461
5,4,9,NaN
9,0,9,0.6104096037191906
6,3,9,0.14766029718238274
6,3,9,0.19236277848876807
3,6,9,0.013712126257744364
4,5,9,0.09791877015994112
8,1,9,NaN
6,3,9,0.9574264943593161
5,4,9,0.04037325570594479
3,6,9,NaN
3,6,9,0.6104096037191906
6,3,9,0.34627363489382523
1,8,9,NaN
5,4,9,0.8846053896489343
8,1,9,0.7582540955828375
7,2,9,0.569149748895899
8,1,9,0.4153339203190224
7,2,9,0.6012446778877729
3,6,9,0.9163216390929619
7,2,9,0.8733102078879845
5,4,9,0.9163216390929619
2,7,9,NaN
8,1,9,0.06434767517508228
8,1,9,0.2400265323923745
3,6,9,NaN
3,6,9,NaN
8,1,9,0.015016283933462127
7,2,9,2.2528697605813234e-6
8,1,9,0.8553400459938837
8,1,9,0.14766029718238274
6,3,9,0.9030952226408369
6,3,9,0.11404401218842061
7,2,9,NaN
4,5,9,NaN
8,1,9,0.000782542047686554
5,4,9,NaN
4,5,9,0.0007871721246728897
4,5,9,0.7267509803124766
6,3,9,0.8356407771585233
3,6,9,0.7558567217833067
6,3,9,0.24524244003177142
5,4,9,NaN
5,4,9,0.5238679062670301
7,2,9,0.3149813444585866
8,1,9,0.3149813444585866
6,3,9,0.04311881849636402
7,2,9,0.020724908504337565
6,3,9,0.11404401218842061
9,0,9,0.8607237761883643
8,1,9,0.7267509803124766
5,4,9,0.569149748895899
6,3,9,0.6914431924244484
2,7,9,0.19236277848876807
1,8,9,NaN
6,3,9,0.05735097310840156
5,4,9,0.7985795319631572
9,0,9,0.6316522331464391
5,4,9,0.5246816890440986
8,1,9,0.786623350458894
5,4,9,0.9194087477301285
3,6,9,0.19236277848876807
7,2,9,0.8733102078879845
7,2,9,0.1634480400371566
6,3,9,0.27923371017636817
6,3,9,0.14766029718238274
5,4,9,0.27923371017636817
3,6,9,0.13145386467425696
5,4,9,NaN
7,2,9,NaN
7,2,9,NaN
4,5,9,0.5659515108619382
4,5,9,0.03162241916014955
6,3,9,0.6505728275062779
4,5,9,0.5035021600775402
2,7,9,NaN
6,3,9,0.7267509803124766
9,0,9,0.09879623191375883
8,1,9,0.14766029718238274
6,3,9,0.8356407771585233
8,1,9,0.5238679062670301
6,3,9,NaN
7,2,9,0.9163216390929619
3,6,9,0.23069840106845832
5,4,9,NaN
3,6,9,0.27923371017636817
8,1,9,0.6914431924244484
8,1,9,0.07470550857760336
7,2,9,0.9388397790286686
6,3,9,0.08596717446393809
6,3,9,0.008126970210441814
4,5,9,NaN
3,6,9,0.569149748895899
6,3,9,NaN
6,3,9,NaN
2,7,9,0.47793771766761745
4,5,9,0.28850389426694806
4,5,9,0.6104096037191906
9,0,9,NaN
7,2,9,0.5859398367146251
7,2,9,0.0739986198755672
4,5,9,0.04370689030141423
7,2,9,NaN
7,2,9,0.6890711832812486
7,2,9,0.018728619767883044
7,2,9,NaN
4,5,9,NaN
6,3,9,0.2180321792514569
7,2,9,NaN
4,5,9,NaN
6,3,9,0.27923371017636817
6,3,9,0.7267509803124766
6,3,9,0.016370961650981484
7,2,9,0.8120477488685461
6,3,9,0.24524244003177142
3,6,9,0.6104096037191906
4,5,9,0.5625524319365759
7,2,9,0.016314898271010056
4,5,9,0.14766029718238274
5,4,9,NaN
3,6,9,0.8356407771585233
6,3,9,NaN
2,7,9,0.7444764811943226
5,4,9,0.6505728275062779
4,5,9,NaN
7,2,9,0.8772173292823856
6,3,9,NaN
4,5,9,0.2689829743483109
9,0,9,0.04370689030141423
6,3,9,0.6104096037191906
6,3,9,NaN
6,3,9,0.5496289744938432
6,3,9,0.1298724704817915
6,3,9,0.09943458759150654
7,2,9,0.7267509803124766
6,3,9,0.7582540955828375
7,2,9,0.7267509803124766
7,2,9,0.04370689030141423
5,4,9,0.7267509803124766
7,2,9,0.8120477488685461
7,2,9,0.19236277848876807
5,4,9,0.9711836190363513
5,4,9,NaN
8,1,9,0.05735097310840156
9,0,9,0.6505728275062779
6,3,9,0.8846053896489343
5,4,9,0.1706924490281538
7,2,9,0.43116983099757117
5,4,9,0.7267509803124766
4,5,9,0.19236277848876807
9,0,9,0.9811127762214269
5,4,9,0.5238679062670301
8,1,9,0.02132838903933266
6,3,9,0.9604626685271819
9,0,9,0.976413425292083
6,3,9,0.8733102078879845
6,3,9,0.9961520687047375
6,3,9,0.5238679062670301
6,3,9,0.40057686224618433
3,6,9,9.956545122603985e-7
9,0,9,NaN
5,4,9,0.18121007231285743
6,3,9,0.8915062399522097
6,3,9,0.43116983099757117
9,0,9,NaN
6,3,9,0.6914431924244484
5,4,9,0.786623350458894
4,5,9,0.6914431924244484
3,6,9,0.9711836190363513
7,2,9,NaN
6,3,9,0.6179046215940467
9,0,9,0.15400828794927318
7,2,9,NaN
8,1,9,0.6104096037191906
7,2,9,0.3742435995723311
6,3,9,0.46591804782428736
6,3,9,0.14766029718238274
7,2,9,0.6231994428908446
8,1,9,0.927808813496808
5,4,9,NaN
9,0,9,0.2736443004038405
5,4,9,NaN
8,1,9,NaN
7,2,9,0.6181101058296996
7,2,9,0.14766029718238274
9,0,9,NaN
8,1,9,NaN
5,4,9,0.07470550857760336
9,0,9,0.43116983099757117
7,2,9,NaN
5,4,9,NaN
7,2,9,0.09943458759150654
4,5,9,0.6505728275062779
5,4,9,0.6505728275062779
7,2,9,NaN
6,3,9,0.43116983099757117
9,0,9,0.24524244003177142
7,2,9,0.14766029718238274
9,0,9,0.0494455745194533
8,1,9,0.922035880222687
7,2,9,0.567058713628358
8,1,9,0.786623350458894
7,2,9,0.06611573959509347
4,5,9,NaN
8,1,9,0.8553400459938837
7,2,9,0.5238679062670301
8,1,9,0.5238679062670301
7,2,9,NaN
5,4,9,0.5080880822963807
8,1,9,0.4959882483088199
7,2,9,0.7607434724582098
5,4,9,0.03794641341295346
5,4,9,0.38974203068186947
6,3,9,0.786623350458894
7,2,9,0.19236277848876807
6,3,9,0.9490411065363702
5,4,9,0.8356407771585233
8,1,9,0.011532985534739066
7,2,9,NaN
2,7,9,0.7582540955828375
8,1,9,0.8553400459938837
7,2,9,0.9814787331657449
7,2,9,0.3149813444585866
8,1,9,0.43116983099757117
7,2,9,0.9923256991209348
9,0,9,NaN
6,3,9,NaN
6,3,9,0.976413425292083
6,3,9,0.9852084744146637
5,4,9,0.7582540955828375
5,4,9,NaN
7,2,9,NaN
8,1,9,NaN
5,4,9,0.9030952226408369
5,4,9,0.1509649591367944
7,2,9,0.9490411065363702
8,1,9,0.038169696126355054
5,4,9,0.2443114569803409
6,3,9,0.43116983099757117
7,2,9,0.028545523489546212
6,3,9,0.0469157489765211
6,3,9,0.1298724704817915
6,3,9,0.2858900098733872
3,6,9,0.11404401218842061
9,0,9,0.09943458759150654
4,5,9,0.9894917196012778
6,3,9,NaN
6,3,9,NaN
7,2,9,0.47793771766761745
5,4,9,0.39064081951093954
8,1,9,0.8553400459938837
6,3,9,0.04370689030141423
7,2,9,0.16909288643313697
8,1,9,0.6505728275062779
2,7,9,NaN
5,4,9,0.6914431924244484
5,4,9,0.27923371017636817
8,1,9,NaN
5,4,9,0.22353654034282044
4,5,9,0.9030952226408369
5,4,9,NaN
6,3,9,0.7878048498939336
4,5,9,0.7290821328223354
5,4,9,0.21482432826452488
4,5,9,0.20446522187106064
1,8,9,0.14766029718238274
7,2,9,NaN
7,2,9,0.40193142367613854
6,3,9,NaN
8,1,9,NaN
6,3,9,NaN
6,3,9,0.09943458759150654
7,2,9,0.03439594381870065
6,3,9,0.14849436910386432
7,2,9,NaN
2,7,9,NaN
5,4,9,0.01371259640683632
4,5,9,NaN
9,0,9,0.24935371344785628
6,3,9,2.121361004447771e-5
7,2,9,0.569149748895899
7,2,9,NaN
7,2,9,0.2180321792514569
8,1,9,NaN
6,3,9,0.09943458759150654
7,2,9,0.9278842493806271
7,2,9,NaN
9,0,9,0.8886935889394204
4,5,9,0.24415119797619425
7,2,9,0.8356407771585233
7,2,9,0.2180321792514569
5,4,9,0.06611573959509347
6,3,9,0.7470062346334309
7,2,9,0.569149748895899
5,4,9,0.06401128502476251
6,3,9,0.35291544996872376
7,2,9,0.7745613616725378
8,1,9,0.04370689030141423
8,1,9,0.43116983099757117
4,5,9,0.7267509803124766
3,6,9,0.11404401218842061
9,0,9,0.09943458759150654
9,0,9,0.9163216390929619
7,2,9,0.47699782718635464
4,5,9,0.01705007897908406
6,3,9,0.7350424694448859
5,4,9,0.49093253047947244
5,4,9,NaN
5,4,9,0.35761713869244427
4,5,9,0.19236277848876807
6,3,9,0.12061031337983635
5,4,9,NaN
7,2,9,0.8120477488685461
6,3,9,0.6970278470084447
5,4,9,0.07921280589207809
6,3,9,0.8356407771585233
4,5,9,NaN
5,4,9,0.07794647087740116
6,3,9,0.4274046640618447
4,5,9,0.07941632442935864
5,4,9,0.9030952226408369
6,3,9,0.6914431924244484
6,3,9,0.8423358170614657
4,5,9,0.5019030460972459
7,2,9,0.0494455745194533
5,4,9,NaN
7,2,9,0.06611573959509347
7,2,9,0.19236277848876807
5,4,9,0.2180321792514569
8,1,9,0.47793771766761745
7,2,9,0.8068335743694346
7,2,9,0.7928589155000674
2,7,9,0.569149748895899
5,4,9,0.9030952226408369
6,3,9,NaN
5,4,9,0.1373168588493447
6,3,9,0.6551995153414862
7,2,9,0.9163216390929619
4,5,9,0.8120477488685461
9,0,9,0.44407859878518663
7,2,9,0.4155837349263178
7,2,9,0.9030952226408369
9,0,9,0.05735097310840156
6,3,9,0.5238679062670301
7,2,9,0.5238679062670301
5,4,9,0.48178555683933594
5,4,9,NaN
6,3,9,0.6654481381154571
8,1,9,0.9030952226408369
4,5,9,0.9634999976232144
9,0,9,0.6914431924244484
6,3,9,0.9461494416332971
5,4,9,0.6104096037191906
4,5,9,NaN
4,5,9,0.25777909000631616
7,2,9,0.43116983099757117
4,5,9,0.8553400459938837
9,0,9,0.24524244003177142
7,2,9,0.569149748895899
7,2,9,0.39064081951093954
4,5,9,0.8733102078879845
6,3,9,NaN
8,1,9,NaN
4,5,9,0.29935491447474055
6,3,9,NaN
3,6,9,0.0494455745194533
6,3,9,NaN
7,2,9,0.404221527217003
4,5,9,NaN
1,8,9,0.9857264206675347
5,4,9,0.7933806699607665
4,5,9,0.8876928958714316
5,4,9,0.2180321792514569
7,2,9,0.8353614043224897
4,5,9,0.6505728275062779
3,6,9,0.5464665432719641
7,2,9,0.6104096037191906
7,2,9,0.867652382375846
7,2,9,0.6185978652815428
7,2,9,0.09943458759150654
8,1,9,0.24305859320870377
5,4,9,0.39064081951093954
9,0,9,NaN
7,2,9,0.6104096037191906
4,5,9,0.43116983099757117
8,1,9,0.3149813444585866
5,4,9,0.08596717446393809
4,5,9,0.26134435212527396
5,4,9,0.786623350458894
6,3,9,0.01880761644846058
6,3,9,0.05735097310840156
7,2,9,NaN
5,4,9,0.8733102078879845
7,2,9,NaN
5,4,9,0.9649170932836378
2,7,9,0.2389566253162466
4,5,9,NaN
6,3,9,0.8064138324033102
8,1,9,NaN
4,5,9,NaN
5,4,9,0.6104096037191906
5,4,9,0.24524244003177142
4,5,9,0.6712470663081342
6,3,9,0.08649710955703466
8,1,9,NaN
7,2,9,0.41781302776622364
4,5,9,0.09009039033231302
4,5,9,0.9917317688897272
4,5,9,NaN
2,7,9,0.6505728275062779
7,2,9,0.1298724704817915
5,4,9,NaN
5,4,9,0.23747300133211435
4,5,9,0.10458470610555541
6,3,9,0.6505728275062779
6,3,9,0.0004710372881317063
6,3,9,0.19236277848876807
7,2,9,0.6914431924244484
6,3,9,0.9030952226408369
8,1,9,0.786623350458894
6,3,9,NaN
4,5,9,NaN
4,5,9,0.5988966746409761
1,8,9,0.14766029718238274
8,1,9,NaN
4,5,9,0.07391405098370019
4,5,9,0.569149748895899
5,4,9,0.8733102078879845
8,1,9,0.5346185078287452
7,2,9,0.6447145499738884
6,3,9,0.7267509803124766
8,1,9,NaN
6,3,9,0.7556978411434596
8,1,9,0.47793771766761745
6,3,9,0.43116983099757117
6,3,9,0.6914431924244484
4,5,9,0.786623350458894
3,6,9,0.9997715078092386
4,5,9,2.568775634082611e-6
5,4,9,6.01211089581482e-11
5,4,9,0.19236277848876807
5,4,9,0.24524244003177142
6,3,9,0.9388397790286686
3,6,9,0.07943651022733338
8,1,9,0.14766029718238274
3,6,9,0.08794087657375788
3,6,9,0.43116983099757117
6,3,9,0.9388397790286686
6,3,9,0.7267509803124766
3,6,9,0.7267509803124766
4,5,9,0.04370689030141423
8,1,9,0.35064018308951
5,4,9,NaN
8,1,9,0.07375527987950117
4,5,9,NaN
7,2,9,0.7267509803124766
7,2,9,0.9857264206675347
2,7,9,0.7267509803124766
6,3,9,0.845511170148306
4,5,9,0.8553400459938837
7,2,9,NaN
3,6,9,0.016454041257455594
6,3,9,0.7004742624478542
9,0,9,0.927808813496808
6,3,9,0.6505728275062779
4,5,9,0.927808813496808
9,0,9,0.7582540955828375
4,5,9,0.19236277848876807
3,6,9,0.00866408407529711
5,4,9,0.6104096037191906
1,8,9,0.9711836190363513
6,3,9,0.1298724704817915
7,2,9,0.19236277848876807
3,6,9,0.06611573959509347
6,3,9,0.9388397790286686
8,1,9,0.058599105194059246
4,5,9,0.2180321792514569
3,6,9,0.7582540955828375
3,6,9,0.8473270069463701
5,4,9,0.7582540955828375
7,2,9,0.8356407771585233
8,1,9,0.16806732870266622
6,3,9,0.05735097310840156
8,1,9,0.3149813444585866
5,4,9,0.9711836190363513
7,2,9,0.08596717446393809
5,4,9,0.298085208124839
3,6,9,NaN
4,5,9,0.20617387279374633
5,4,9,0.47793771766761745
5,4,9,0.8733102078879845
4,5,9,0.927808813496808
2,7,9,0.8867520092225946
3,6,9,0.7267509803124766
8,1,9,6.278299741531613e-6
4,5,9,0.441872674233577
6,3,9,0.609450862456138
6,3,9,0.5239350384296257
5,4,9,0.8120477488685461
3,6,9,0.27923371017636817
5,4,9,NaN
6,3,9,NaN
5,4,9,0.9811127762214269
7,2,9,0.05792948481159253
4,5,9,0.16806732870266622
5,4,9,0.9711836190363513
4,5,9,0.1298724704817915
5,4,9,0.7267509803124766
5,4,9,0.6366653858872755
4,5,9,0.502914127521131
6,3,9,0.10617458133178838
8,1,9,NaN
6,3,9,0.018229250553309765
3,6,9,0.47793771766761745
5,4,9,0.024979424385777767
5,4,9,0.2732837137868121
7,2,9,0.8085134082657423
4,5,9,0.35291544996872376
6,3,9,0.024979424385777767
9,0,9,0.7267509803124766
8,1,9,0.9637672614068644
8,1,9,0.14803399045492785
5,4,9,0.6104096037191906
6,3,9,0.4738091454703735
8,1,9,0.19236277848876807
6,3,9,0.6104096037191906
1,8,9,0.19236277848876807
6,3,9,0.5084086067479073
4,5,9,NaN
7,2,9,0.47793771766761745
4,5,9,NaN
5,4,9,0.6004527843768707
7,2,9,0.3149813444585866
6,3,9,0.0494455745194533
4,5,9,0.35291544996872376
7,2,9,0.3420481727026579
3,6,9,0.6280553728004558
5,4,9,NaN
6,3,9,NaN
4,5,9,0.6231994428908446
8,1,9,0.8886935889394204
3,6,9,0.05735097310840156
3,6,9,0.585052169959032
4,5,9,0.8553400459938837
5,4,9,NaN
7,2,9,0.02187407744317664
8,1,9,0.016314898271010056
5,4,9,0.39064081951093954
4,5,9,0.21919031849666593
7,2,9,0.9528814196864168
5,4,9,0.27923371017636817
3,6,9,0.35291544996872376
7,2,9,0.12192445596338415
7,2,9,0.6505728275062779
5,4,9,0.18578372937380389
5,4,9,0.47793771766761745
6,3,9,0.19236277848876807
5,4,9,NaN
4,5,9,0.06071093991491607
3,6,9,0.7582540955828375
6,3,9,0.33731752363350576
4,5,9,0.2487387337807112
4,5,9,0.6104096037191906
4,5,9,0.8553400459938837
3,6,9,0.8886935889394204
4,5,9,0.16806732870266622
6,3,9,0.8120477488685461
5,4,9,NaN
1,8,9,0.8356407771585233
3,6,9,NaN
6,3,9,0.6104096037191906
5,4,9,0.33535389988954983
5,4,9,NaN
8,1,9,0.786623350458894
3,6,9,0.7267509803124766
5,4,9,NaN
4,5,9,NaN
4,5,9,NaN
7,2,9,0.1955114354155344
7,2,9,NaN
3,6,9,NaN
4,5,9,NaN
7,2,9,0.43116983099757117
6,3,9,0.7267509803124766
3,6,9,0.26011459376378937
4,5,9,0.6914431924244484
8,1,9,0.356225653747003
2,7,9,0.024639727816982263
9,0,9,0.35291544996872376
5,4,9,0.1298724704817915
2,7,9,0.001564855657841324
5,4,9,0.786623350458894
5,4,9,0.7883696248010116
5,4,9,NaN
5,4,9,0.8690159395584456
5,4,9,0.6505728275062779
7,2,9,NaN
4,5,9,NaN
5,4,9,0.19236277848876807
3,6,9,NaN
5,4,9,0.14766029718238274
2,7,9,0.3733222322118885
3,6,9,0.017552639050881412
2,7,9,NaN
3,6,9,NaN
6,3,9,9.012975547106382e-7
6,3,9,NaN
4,5,9,0.8120477488685461
4,5,9,NaN
4,5,9,NaN
2,7,9,0.9829600053122503
7,2,9,0.21682898339839116
4,5,9,0.9649170932836378
3,6,9,0.05254218331285673
6,3,9,0.34800250462788124
7,2,9,0.3149813444585866
6,3,9,NaN
8,1,9,0.021960220642977778
6,3,9,0.11404401218842061
3,6,9,1.1635383808228594e-8
6,3,9,NaN
2,7,9,NaN
5,4,9,0.36316589340636496
1,8,9,0.9490411065363702
5,4,9,0.8553400459938837
1,8,9,0.15385414083975474
4,5,9,0.5238679062670301
6,3,9,NaN
2,7,9,0.6914431924244484
6,3,9,NaN
1,8,9,0.27923371017636817
3,6,9,0.9894656266614458
3,6,9,NaN
5,4,9,0.024639727816982263
3,6,9,0.26659930912697066
7,2,9,0.7582540955828375
5,4,9,0.29321466086640874
1,8,9,0.39064081951093954
4,5,9,0.1335172585826882
4,5,9,NaN
5,4,9,0.7216501769625897
5,4,9,NaN
4,5,9,0.921881291872341
2,7,9,NaN
4,5,9,NaN
4,5,9,0.8733102078879845
1,8,9,0.16806732870266622
2,7,9,0.6181101058296996
3,6,9,0.5238679062670301
2,7,9,0.2180321792514569
3,6,9,0.4000801055241669
3,6,9,0.23751946325872808
8,1,9,0.2180321792514569
3,6,9,0.42894008304109993
3,6,9,0.5906605063607225
1,8,9,0.4994966444245364
3,6,9,0.27361988212407007
3,6,9,0.7582540955828375
2,7,9,0.16806732870266622
2,7,9,0.39064081951093954
2,7,9,NaN
4,5,9,0.16806732870266622
3,6,9,0.43116983099757117
2,7,9,NaN
1,8,9,0.21789723100099276
0,9,9,NaN
0,9,9,0.600450870138093
0,9,9,0.8356407771585233
0,9,9,0.8886935889394204
0,9,9,0.15037713929872534
7,1,8,0.8078930974576499
5,3,8,2.8654180951908307e-5
5,3,8,NaN
7,1,8,0.19236277848876807
6,2,8,NaN
6,2,8,NaN
8,0,8,0.000914568070103814
5,3,8,0.7695898139415669
4,4,8,0.16806732870266622
6,2,8,0.8733102078879845
5,3,8,0.6505728275062779
7,1,8,0.8120477488685461
8,0,8,NaN
2,6,8,0.6104096037191906
5,3,8,1.0294759387548435e-5
6,2,8,NaN
8,0,8,0.00029844223868399493
4,4,8,NaN
6,2,8,0.9175214707400388
6,2,8,0.34408145797193157
7,1,8,0.7582540955828375
6,2,8,0.06611573959509347
6,2,8,0.7582540955828375
4,4,8,0.47793771766761745
7,1,8,0.004781296684918278
7,1,8,0.9923256991209348
3,5,8,0.35291544996872376
8,0,8,NaN
6,2,8,0.9030952226408369
6,2,8,0.39064081951093954
6,2,8,0.8120477488685461
8,0,8,0.05052018534305579
7,1,8,0.39064081951093954
6,2,8,NaN
7,1,8,NaN
5,3,8,0.8120477488685461
2,6,8,NaN
6,2,8,0.9163216390929619
7,1,8,NaN
6,2,8,0.24524244003177142
7,1,8,0.6505728275062779
5,3,8,0.9711836190363513
5,3,8,NaN
6,2,8,0.7267509803124766
6,2,8,0.8068335743694346
7,1,8,NaN
7,1,8,0.569149748895899
8,0,8,0.9649170932836378
5,3,8,0.6914431924244484
8,0,8,0.8730105014999823
4,4,8,0.2180321792514569
6,2,8,0.47793771766761745
5,3,8,0.8886935889394204
5,3,8,0.6505728275062779
6,2,8,0.47793771766761745
7,1,8,0.7742614768708198
7,1,8,0.440467302905545
5,3,8,0.5238679062670301
4,4,8,0.2933725212455113
7,1,8,0.9163216390929619
3,5,8,NaN
6,2,8,NaN
6,2,8,0.5238679062670301
4,4,8,0.8120477488685461
6,2,8,NaN
6,2,8,0.6505728275062779
5,3,8,0.424724004223882
6,2,8,NaN
8,0,8,0.0007708530500589535
6,2,8,0.39064081951093954
7,1,8,0.4620859063819344
7,1,8,0.14766029718238274
8,0,8,0.0494455745194533
7,1,8,0.39064081951093954
7,1,8,0.8399815704500814
5,3,8,0.6104096037191906
5,3,8,0.39064081951093954
6,2,8,0.2389566253162466
5,3,8,0.41713962256090414
5,3,8,0.47793771766761745
5,3,8,0.3149813444585866
8,0,8,0.3742435995723311
5,3,8,NaN
6,2,8,NaN
6,2,8,0.1298724704817915
3,5,8,NaN
8,0,8,0.6124850666781179
7,1,8,0.8120477488685461
6,2,8,0.927808813496808
7,1,8,0.25058496773030076
6,2,8,0.11404401218842061
8,0,8,0.7267509803124766
7,1,8,0.8733102078879845
6,2,8,NaN
5,3,8,0.7267509803124766
5,3,8,0.43116983099757117
6,2,8,0.6505728275062779
8,0,8,NaN
5,3,8,0.9388397790286686
3,5,8,0.9649170932836378
8,0,8,0.5238679062670301
8,0,8,0.7267509803124766
7,1,8,0.5238679062670301
7,1,8,0.6951558211975414
6,2,8,0.9011298503673315
4,4,8,0.7267509803124766
6,2,8,0.16806732870266622
8,0,8,0.0055612505038303145
6,2,8,0.5238679062670301
6,2,8,0.1298724704817915
6,2,8,0.9163216390929619
7,1,8,0.7582540955828375
2,6,8,0.9370710385360655
4,4,8,NaN
4,4,8,NaN
5,3,8,0.7267509803124766
8,0,8,0.7806308313129448
5,3,8,0.8356407771585233
6,2,8,0.8414870460189495
5,3,8,0.5238679062670301
5,3,8,NaN
8,0,8,0.8733102078879845
6,2,8,0.09943458759150654
8,0,8,0.6505728275062779
6,2,8,0.8733102078879845
5,3,8,0.41655898172953215
6,2,8,NaN
7,1,8,0.7189496966683618
6,2,8,0.4293788648339165
7,1,8,0.16232629322647835
5,3,8,0.4994966444245364
5,3,8,0.1634480400371566
8,0,8,0.786623350458894
7,1,8,0.2180321792514569
4,4,8,0.1253908874723245
6,2,8,0.43116983099757117
6,2,8,0.5398118890911481
5,3,8,NaN
4,4,8,0.03317022976394289
8,0,8,0.48270642710035994
5,3,8,0.9574264943593161
5,3,8,0.06611573959509347
5,3,8,0.25819982730174895
6,2,8,0.569149748895899
6,2,8,0.4485285724294629
6,2,8,0.9582242966948634
5,3,8,0.9894656266614458
3,5,8,0.5905632524688199
8,0,8,0.24524244003177142
5,3,8,0.43116983099757117
7,1,8,0.06611573959509347
7,1,8,0.35291544996872376
4,4,8,0.6505728275062779
6,2,8,NaN
5,3,8,0.5614056147192097
8,0,8,NaN
7,1,8,0.47793771766761745
7,1,8,0.5932290821066095
6,2,8,0.01389863463638223
8,0,8,0.8553400459938837
5,3,8,0.05735097310840156
8,0,8,0.6104096037191906
6,2,8,NaN
3,5,8,0.018058879174910992
7,1,8,NaN
7,1,8,0.9163216390929619
7,1,8,0.6104096037191906
5,3,8,NaN
6,2,8,NaN
5,3,8,NaN
6,2,8,0.15490981827571945
7,1,8,0.43116983099757117
3,5,8,0.3195497322006788
7,1,8,0.6143316402737037
7,1,8,0.05735097310840156
7,1,8,0.5717400801251672
8,0,8,0.025882702075382766
6,2,8,0.8120477488685461
6,2,8,0.7955814383918094
7,1,8,0.17684523121967236
5,3,8,0.2180321792514569
4,4,8,0.09943458759150654
4,4,8,NaN
4,4,8,0.9789728380903923
8,0,8,0.09943458759150654
8,0,8,NaN
7,1,8,0.017767052653971976
6,2,8,0.3204669994183135
4,4,8,0.39064081951093954
8,0,8,NaN
6,2,8,NaN
4,4,8,0.8733102078879845
6,2,8,0.4693449283745874
8,0,8,NaN
3,5,8,0.6785173121259562
7,1,8,NaN
6,2,8,NaN
4,4,8,0.7377518677167634
6,2,8,0.24524244003177142
5,3,8,0.7582540955828375
8,0,8,0.22463082962819758
7,1,8,0.14766029718238274
4,4,8,0.7377518677167634
6,2,8,0.976413425292083
3,5,8,0.6104096037191906
6,2,8,NaN
8,0,8,0.9711836190363513
6,2,8,0.5723478033865719
7,1,8,0.08685213375699144
4,4,8,0.0026908597986054356
4,4,8,0.028886075440067927
6,2,8,0.39064081951093954
5,3,8,0.927808813496808
8,0,8,0.24584587239361114
5,3,8,NaN
7,1,8,0.9574264943593161
6,2,8,0.6914431924244484
7,1,8,NaN
5,3,8,0.8120477488685461
5,3,8,0.06286791078096893
5,3,8,0.43116983099757117
7,1,8,0.11803090558563888
4,4,8,0.8733102078879845
7,1,8,NaN
4,4,8,0.47793771766761745
7,1,8,0.01389863463638223
7,1,8,NaN
7,1,8,0.786623350458894
5,3,8,0.569149748895899
4,4,8,0.3784856861059211
5,3,8,0.6505728275062779
2,6,8,NaN
8,0,8,0.7267509803124766
8,0,8,0.00046819913310969637
4,4,8,0.8886935889394204
6,2,8,NaN
8,0,8,0.7673625686414469
5,3,8,0.2832426254274401
7,1,8,0.0848263304388712
7,1,8,0.35291544996872376
3,5,8,6.35977576817352e-11
7,1,8,NaN
8,0,8,NaN
6,2,8,0.8356407771585233
8,0,8,0.47793771766761745
8,0,8,0.7582540955828375
8,0,8,0.8088024005972897
4,4,8,0.8120477488685461
4,4,8,NaN
6,2,8,0.8120477488685461
5,3,8,NaN
4,4,8,0.7582540955828375
5,3,8,0.8886935889394204
4,4,8,0.01880761644846058
7,1,8,NaN
4,4,8,0.6104096037191906
6,2,8,NaN
7,1,8,NaN
6,2,8,0.07585931171352854
8,0,8,0.5529417089425467
8,0,8,0.666555413788901
5,3,8,NaN
4,4,8,0.8886935889394204
8,0,8,0.6914431924244484
5,3,8,0.6181101058296996
2,6,8,0.8120477488685461
4,4,8,0.5614056147192097
5,3,8,0.16233207120691143
4,4,8,0.6336252331298636
6,2,8,0.569149748895899
7,1,8,NaN
3,5,8,0.5238679062670301
5,3,8,NaN
8,0,8,0.7883696248010116
7,1,8,0.5614056147192097
6,2,8,0.7267509803124766
4,4,8,0.6505728275062779
7,1,8,0.3149813444585866
6,2,8,NaN
8,0,8,0.6505728275062779
7,1,8,0.5432832363462621
5,3,8,NaN
5,3,8,NaN
7,1,8,0.6914431924244484
3,5,8,0.43116983099757117
8,0,8,0.5918218303398949
7,1,8,NaN
8,0,8,0.12290086050461367
5,3,8,NaN
2,6,8,NaN
6,2,8,NaN
8,0,8,0.41042264186656446
5,3,8,0.4598148540348415
6,2,8,0.2521106208520775
5,3,8,0.34436755433536964
6,2,8,NaN
5,3,8,NaN
5,3,8,0.8353614043224897
7,1,8,0.8068335743694346
4,4,8,0.47793771766761745
4,4,8,0.8228512845621858
7,1,8,0.6505728275062779
7,1,8,NaN
5,3,8,NaN
8,0,8,0.1298724704817915
6,2,8,0.39064081951093954
8,0,8,0.11404401218842061
5,3,8,NaN
4,4,8,0.6914431924244484
7,1,8,0.6505728275062779
4,4,8,0.14619510397328314
7,1,8,0.04259743303611915
6,2,8,0.8120477488685461
5,3,8,0.8120477488685461
4,4,8,0.011532985534739066
6,2,8,0.786623350458894
5,3,8,0.05260838238919444
5,3,8,0.6104096037191906
7,1,8,NaN
4,4,8,0.5555768541943809
5,3,8,0.04370689030141423
6,2,8,0.09943458759150654
8,0,8,0.47793771766761745
6,2,8,0.8120477488685461
8,0,8,0.9490411065363702
8,0,8,0.23118400373002265
5,3,8,NaN
6,2,8,0.03794641341295346
6,2,8,0.43116983099757117
6,2,8,0.9388397790286686
7,1,8,NaN
6,2,8,0.19236277848876807
5,3,8,0.021960220642977778
6,2,8,NaN
8,0,8,0.6104096037191906
4,4,8,0.38371878833671685
4,4,8,0.11890993311662881
6,2,8,0.27923371017636817
4,4,8,0.06611573959509347
7,1,8,0.9115847525002773
5,3,8,0.30684220736432677
7,1,8,0.8356407771585233
4,4,8,0.569149748895899
6,2,8,NaN
6,2,8,0.5194683565997645
7,1,8,0.1298724704817915
5,3,8,0.8553400459938837
7,1,8,0.47793771766761745
5,3,8,NaN
8,0,8,0.8581967138692722
8,0,8,0.786623350458894
8,0,8,0.035916832216512325
3,5,8,NaN
5,3,8,0.4483075739664987
7,1,8,0.1727027499207451
5,3,8,0.7582540955828375
4,4,8,NaN
5,3,8,0.786623350458894
7,1,8,0.8356407771585233
4,4,8,0.08596717446393809
4,4,8,0.8733102078879845
7,1,8,0.24191551817309517
8,0,8,0.7582540955828375
7,1,8,NaN
5,3,8,NaN
6,2,8,0.5235797891418857
8,0,8,0.41826345500019324
6,2,8,0.8814137596034862
7,1,8,0.5239350384296257
7,1,8,0.569149748895899
4,4,8,0.6914431924244484
6,2,8,0.06611573959509347
5,3,8,0.000634998956066282
8,0,8,0.0494455745194533
5,3,8,0.9388397790286686
6,2,8,0.08596717446393809
5,3,8,0.3264949142576582
5,3,8,0.8733102078879845
7,1,8,0.43116983099757117
7,1,8,0.630634751960826
7,1,8,0.40201304197956117
4,4,8,0.2635919661402064
6,2,8,0.0012210720504117728
8,0,8,0.6914431924244484
8,0,8,0.8876928958714316
6,2,8,NaN
4,4,8,NaN
7,1,8,0.6104096037191906
7,1,8,NaN
6,2,8,0.3149813444585866
6,2,8,0.03317022976394289
6,2,8,0.35291544996872376
6,2,8,NaN
5,3,8,0.39064081951093954
5,3,8,0.16806732870266622
4,4,8,0.016314898271010056
7,1,8,0.3149813444585866
7,1,8,0.569149748895899
7,1,8,NaN
3,5,8,0.9164881048356623
7,1,8,0.00169124793571687
7,1,8,0.8120477488685461
5,3,8,0.058497861699084996
8,0,8,0.6505728275062779
5,3,8,0.6505728275062779
8,0,8,NaN
8,0,8,0.9490411065363702
6,2,8,NaN
6,2,8,0.569149748895899
6,2,8,NaN
2,6,8,0.7911291559604043
8,0,8,0.43116983099757117
7,1,8,0.8553400459938837
7,1,8,0.9030952226408369
6,2,8,0.9827819974640319
7,1,8,0.9761030188990792
5,3,8,NaN
3,5,8,0.8733102078879845
6,2,8,0.569149748895899
8,0,8,0.5905302395327882
6,2,8,0.39064081951093954
5,3,8,0.39064081951093954
5,3,8,0.0664509569745253
3,5,8,0.9811127762214269
5,3,8,NaN
4,4,8,0.3149813444585866
8,0,8,0.927808813496808
4,4,8,0.9574264943593161
5,3,8,0.9030952226408369
4,4,8,0.7205084172796447
5,3,8,0.011244944091629868
7,1,8,NaN
6,2,8,NaN
7,1,8,NaN
6,2,8,NaN
8,0,8,NaN
2,6,8,0.14766029718238274
7,1,8,0.11404401218842061
8,0,8,0.6914431924244484
5,3,8,NaN
8,0,8,0.8120477488685461
5,3,8,0.4611325262333748
6,2,8,0.8886935889394204
8,0,8,NaN
6,2,8,0.2689829743483109
8,0,8,0.08596717446393809
4,4,8,0.8658540332483595
4,4,8,NaN
6,2,8,NaN
6,2,8,NaN
7,1,8,0.6104096037191906
6,2,8,0.3698108452828349
4,4,8,0.47793771766761745
6,2,8,NaN
8,0,8,0.7267509803124766
2,6,8,0.3149813444585866
6,2,8,0.14766029718238274
4,4,8,NaN
3,5,8,NaN
3,5,8,0.49611054178899044
5,3,8,0.976413425292083
3,5,8,0.019919627692201583
7,1,8,NaN
6,2,8,0.976413425292083
7,1,8,NaN
5,3,8,0.03794641341295346
6,2,8,NaN
5,3,8,0.9388397790286686
5,3,8,0.8733102078879845
7,1,8,NaN
6,2,8,NaN
8,0,8,0.7582540955828375
7,1,8,0.7097871918743238
8,0,8,0.024219003298203964
7,1,8,0.009778647628762748
5,3,8,0.6833758768314452
4,4,8,0.976413425292083
6,2,8,NaN
8,0,8,0.7582540955828375
5,3,8,0.8553400459938837
5,3,8,0.43116983099757117
3,5,8,0.21455038478444216
7,1,8,0.5238679062670301
5,3,8,0.28307077970323524
5,3,8,0.6289011470195491
6,2,8,0.927808813496808
2,6,8,0.43116983099757117
6,2,8,NaN
7,1,8,0.786623350458894
7,1,8,0.18268889243605613
3,5,8,0.6104096037191906
6,2,8,0.5988966746409761
8,0,8,NaN
3,5,8,NaN
6,2,8,0.35291544996872376
6,2,8,NaN
8,0,8,0.11404401218842061
5,3,8,0.851777198401425
6,2,8,NaN
7,1,8,0.927808813496808
6,2,8,0.279204212176188
4,4,8,0.2737097376502565
6,2,8,NaN
6,2,8,0.6505728275062779
4,4,8,0.11685766209239938
6,2,8,0.9649170932836378
8,0,8,NaN
7,1,8,0.3466804619547042
6,2,8,0.03642935839850725
7,1,8,0.1298724704817915
7,1,8,0.23519964823513345
8,0,8,0.865785786342416
4,4,8,0.09290207736494607
5,3,8,0.024979424385777767
8,0,8,0.5565440288873363
5,3,8,0.826927407513763
7,1,8,NaN
8,0,8,NaN
6,2,8,0.3761245419307974
5,3,8,0.23031350309951668
7,1,8,0.9163216390929619
6,2,8,0.43116983099757117
7,1,8,0.569149748895899
8,0,8,0.35291544996872376
6,2,8,0.13784261242835
7,1,8,0.11316512957963908
8,0,8,0.47793771766761745
8,0,8,NaN
7,1,8,0.5238679062670301
5,3,8,0.5141436876350187
7,1,8,0.8356407771585233
8,0,8,0.569149748895899
8,0,8,0.848580166826168
5,3,8,0.9030952226408369
4,4,8,NaN
8,0,8,0.01334484742812911
3,5,8,NaN
6,2,8,0.09643943255026395
6,2,8,0.5617537200461341
5,3,8,NaN
4,4,8,0.0007185436218854343
4,4,8,0.09943458759150654
8,0,8,0.6505728275062779
8,0,8,0.8120477488685461
4,4,8,NaN
6,2,8,0.3779006430079414
6,2,8,0.1298724704817915
8,0,8,0.8886935889394204
6,2,8,0.6505728275062779
7,1,8,0.9649170932836378
5,3,8,NaN
5,3,8,0.2180321792514569
8,0,8,NaN
6,2,8,0.9388397790286686
8,0,8,0.6505728275062779
7,1,8,NaN
5,3,8,NaN
8,0,8,NaN
6,2,8,0.05735097310840156
6,2,8,0.8663562069763665
8,0,8,0.786623350458894
7,1,8,0.567058713628358
8,0,8,0.8120477488685461
6,2,8,NaN
6,2,8,NaN
4,4,8,NaN
8,0,8,NaN
4,4,8,0.569149748895899
7,1,8,0.569149748895899
7,1,8,NaN
7,1,8,0.8356407771585233
7,1,8,NaN
5,3,8,0.6104096037191906
6,2,8,0.8120477488685461
5,3,8,0.6104096037191906
5,3,8,0.27923371017636817
8,0,8,0.7582540955828375
6,2,8,0.17271182598973286
4,4,8,0.00622011005945517
6,2,8,0.5887017587639392
7,1,8,0.569149748895899
5,3,8,NaN
7,1,8,0.14878564623616447
8,0,8,0.10618453959473441
6,2,8,0.006134062080693453
5,3,8,0.04056363034360948
6,2,8,NaN
4,4,8,0.5238679062670301
4,4,8,0.0494455745194533
8,0,8,0.4949852519477254
8,0,8,0.8442143217132388
8,0,8,NaN
7,1,8,0.9163216390929619
5,3,8,0.6505728275062779
6,2,8,0.9857264206675347
6,2,8,0.8860982979135889
8,0,8,0.569149748895899
5,3,8,0.07972904225862379
7,1,8,0.004974307492999009
5,3,8,NaN
6,2,8,0.7267509803124766
5,3,8,0.9163216390929619
7,1,8,NaN
6,2,8,0.5162571680657735
5,3,8,NaN
6,2,8,0.8886935889394204
4,4,8,0.9574264943593161
7,1,8,0.29240650867502005
4,4,8,0.569149748895899
6,2,8,0.9574264943593161
7,1,8,0.9120267103924353
1,7,8,0.12536168616024804
6,2,8,0.569149748895899
5,3,8,0.7408850427549573
6,2,8,0.19236277848876807
3,5,8,0.005043121192482222
5,3,8,NaN
5,3,8,0.5225106727981041
5,3,8,0.17665593336694874
7,1,8,0.8733102078879845
7,1,8,0.11404401218842061
6,2,8,NaN
7,1,8,0.35291544996872376
5,3,8,0.9574264943593161
5,3,8,0.35291544996872376
8,0,8,0.1298724704817915
4,4,8,0.6104096037191906
7,1,8,NaN
7,1,8,NaN
8,0,8,0.8886935889394204
6,2,8,0.27923371017636817
7,1,8,NaN
8,0,8,NaN
5,3,8,NaN
7,1,8,0.09943458759150654
8,0,8,0.6104096037191906
4,4,8,NaN
8,0,8,0.4994966444245364
6,2,8,0.014111785205885618
5,3,8,7.07829769422918e-5
6,2,8,NaN
5,3,8,0.35291544996872376
6,2,8,0.8768304190127963
4,4,8,0.9163216390929619
7,1,8,0.6505728275062779
7,1,8,0.786623350458894
7,1,8,0.8356407771585233
6,2,8,NaN
6,2,8,0.03794641341295346
7,1,8,0.4437938210268878
5,3,8,0.5186776258108836
8,0,8,0.7149828061322704
8,0,8,0.15064687380821135
8,0,8,0.6453751644408573
5,3,8,NaN
7,1,8,0.3266367607569598
6,2,8,0.14766029718238274
5,3,8,0.6104096037191906
6,2,8,0.7465421325146016
7,1,8,0.9030952226408369
7,1,8,0.17963188626737284
4,4,8,0.35380494432441356
7,1,8,0.011147975972374373
6,2,8,0.024979424385777767
7,1,8,NaN
6,2,8,0.7978113718996226
7,1,8,NaN
5,3,8,0.24524244003177142
6,2,8,NaN
6,2,8,0.19236277848876807
8,0,8,NaN
8,0,8,0.8553400459938837
7,1,8,NaN
6,2,8,0.7582540955828375
7,1,8,0.7965188419159412
6,2,8,NaN
8,0,8,0.8886935889394204
5,3,8,0.6833758768314452
5,3,8,0.0412560244792114
4,4,8,NaN
6,2,8,0.023328444168775313
4,4,8,0.9030952226408369
6,2,8,0.2180321792514569
8,0,8,0.569149748895899
4,4,8,0.05714537733063394
5,3,8,0.08596717446393809
5,3,8,NaN
8,0,8,0.27923371017636817
3,5,8,0.8658540332483595
6,2,8,0.5238679062670301
6,2,8,0.301411599174144
7,1,8,NaN
5,3,8,0.3266066525732508
7,1,8,0.2180321792514569
6,2,8,NaN
7,1,8,0.8886935889394204
6,2,8,0.35291544996872376
6,2,8,0.16806732870266622
6,2,8,0.9857264206675347
5,3,8,0.39064081951093954
5,3,8,0.45366422250754623
4,4,8,NaN
8,0,8,0.9944136266474382
6,2,8,0.5774361259627373
4,4,8,NaN
5,3,8,NaN
6,2,8,0.1298724704817915
5,3,8,0.8356407771585233
5,3,8,0.927808813496808
7,1,8,NaN
6,2,8,0.786623350458894
8,0,8,NaN
6,2,8,0.0021658441345355074
5,3,8,0.6227602618016779
6,2,8,0.6690636368703204
6,2,8,0.17624365102045894
3,5,8,0.06958723457965216
7,1,8,0.6104096037191906
5,3,8,0.009778647628762748
5,3,8,0.16922731549821454
3,5,8,0.6104096037191906
3,5,8,0.8370498159240735
5,3,8,0.6104096037191906
7,1,8,NaN
2,6,8,0.8553400459938837
4,4,8,0.8291191345239641
4,4,8,NaN
6,2,8,0.6505728275062779
5,3,8,0.6505728275062779
4,4,8,0.8553400459938837
7,1,8,0.11785016423699653
7,1,8,NaN
4,4,8,0.35291544996872376
8,0,8,NaN
5,3,8,0.0023804329266377752
6,2,8,0.6505728275062779
5,3,8,0.4182881678320993
5,3,8,0.8120477488685461
8,0,8,0.3149813444585866
6,2,8,0.2710240766415548
8,0,8,0.8047442396377734
6,2,8,NaN
6,2,8,0.927808813496808
5,3,8,0.7718834732979032
4,4,8,0.8120477488685461
8,0,8,0.9388397790286686
7,1,8,0.27923371017636817
4,4,8,0.015440156573497937
2,6,8,0.09943458759150654
6,2,8,0.0017587277531909025
2,6,8,0.0494455745194533
7,1,8,0.9030952226408369
8,0,8,0.786623350458894
7,1,8,0.786623350458894
4,4,8,0.9163216390929619
5,3,8,0.9649170932836378
7,1,8,0.29203902103331936
7,1,8,0.6914431924244484
4,4,8,0.4017618113266574
8,0,8,0.3149813444585866
5,3,8,0.024979424385777767
4,4,8,0.6104096037191906
6,2,8,0.16806732870266622
6,2,8,0.786623350458894
5,3,8,0.8356407771585233
6,2,8,0.005325968606604698
3,5,8,0.10040339724208837
5,3,8,0.35291544996872376
6,2,8,0.6914431924244484
8,0,8,0.39064081951093954
4,4,8,0.7267509803124766
5,3,8,0.9649170932836378
5,3,8,0.6914431924244484
7,1,8,0.16806732870266622
7,1,8,NaN
4,4,8,0.2887478495258714
7,1,8,NaN
6,2,8,0.976413425292083
7,1,8,0.03794641341295346
6,2,8,0.024979424385777767
4,4,8,NaN
8,0,8,NaN
8,0,8,0.6914431924244484
5,3,8,0.6426385446506481
8,0,8,0.09943458759150654
3,5,8,0.21801828562993525
7,1,8,0.1165843968261808
5,3,8,0.7762201877346611
4,4,8,0.47793771766761745
8,0,8,0.7582540955828375
6,2,8,0.02993264811704476
7,1,8,0.8120477488685461
6,2,8,0.43116983099757117
5,3,8,0.8356407771585233
8,0,8,0.9234008089309449
5,3,8,0.9649170932836378
6,2,8,0.47793771766761745
5,3,8,0.8356407771585233
8,0,8,NaN
5,3,8,0.6505728275062779
6,2,8,NaN
5,3,8,0.6505728275062779
5,3,8,0.6505728275062779
6,2,8,0.38120040655300724
3,5,8,0.569149748895899
6,2,8,0.16806732870266622
7,1,8,0.0021271961863865863
6,2,8,0.2180321792514569
6,2,8,0.9574264943593161
6,2,8,0.6603349835179124
5,3,8,0.9163216390929619
8,0,8,0.8553400459938837
6,2,8,0.9711836190363513
6,2,8,0.6104096037191906
5,3,8,0.5997367624036737
5,3,8,0.927808813496808
6,2,8,NaN
6,2,8,0.013634372736722104
6,2,8,0.01389863463638223
6,2,8,0.43116983099757117
5,3,8,0.39064081951093954
8,0,8,0.28618816762224913
8,0,8,0.06611573959509347
4,4,8,0.19236277848876807
6,2,8,0.7745613616725378
6,2,8,0.05735097310840156
7,1,8,0.47793771766761745
7,1,8,0.7883696248010116
5,3,8,0.8862622222784815
6,2,8,0.8356407771585233
8,0,8,NaN
6,2,8,0.9030952226408369
4,4,8,0.799787441845633
8,0,8,0.3893663006447881
4,4,8,0.016314898271010056
8,0,8,NaN
6,2,8,NaN
7,1,8,0.8553400459938837
5,3,8,NaN
6,2,8,NaN
5,3,8,0.6505728275062779
8,0,8,0.16806732870266622
8,0,8,0.8438423357264185
5,3,8,NaN
7,1,8,NaN
7,1,8,NaN
5,3,8,NaN
8,0,8,NaN
8,0,8,0.6181101058296996
7,1,8,0.39064081951093954
6,2,8,0.8356407771585233
8,0,8,7.929551567671752e-5
5,3,8,0.6104096037191906
6,2,8,0.786623350458894
6,2,8,0.9388397790286686
5,3,8,0.3841004877657883
6,2,8,0.01210506162419269
6,2,8,0.5238679062670301
5,3,8,0.47793771766761745
4,4,8,0.43116983099757117
8,0,8,0.6914431924244484
7,1,8,0.47793771766761745
5,3,8,0.7267509803124766
7,1,8,0.786623350458894
5,3,8,0.47793771766761745
7,1,8,NaN
7,1,8,0.9649170932836378
5,3,8,0.3149813444585866
4,4,8,NaN
4,4,8,0.927808813496808
4,4,8,0.5988966746409761
6,2,8,0.6914431924244484
7,1,8,0.5080618991580238
8,0,8,NaN
7,1,8,0.057200279132576734
7,1,8,0.19268173985122816
7,1,8,0.9711836190363513
6,2,8,0.7267509803124766
6,2,8,0.5238679062670301
8,0,8,NaN
5,3,8,0.1298724704817915
7,1,8,0.6124850666781179
6,2,8,0.03794641341295346
6,2,8,NaN
8,0,8,NaN
7,1,8,NaN
8,0,8,0.8733102078879845
2,6,8,NaN
4,4,8,0.0028669386104298905
6,2,8,NaN
4,4,8,0.06846923668517754
4,4,8,0.16806732870266622
5,3,8,0.43116983099757117
6,2,8,0.08172924968617738
5,3,8,NaN
5,3,8,0.8886935889394204
3,5,8,0.569149748895899
6,2,8,0.7461064625450873
7,1,8,0.07159045158556479
5,3,8,0.8886935889394204
8,0,8,0.9388397790286686
6,2,8,0.6104096037191906
3,5,8,0.786623350458894
5,3,8,0.6505728275062779
8,0,8,0.3149813444585866
5,3,8,0.10251553182142131
5,3,8,0.6104096037191906
6,2,8,0.8886935889394204
7,1,8,0.8733102078879845
7,1,8,0.48685048895104227
7,1,8,0.786623350458894
6,2,8,NaN
7,1,8,0.14766029718238274
6,2,8,0.6104096037191906
6,2,8,NaN
4,4,8,0.5852182796679051
8,0,8,0.5567740199748449
4,4,8,0.151853308916635
4,4,8,0.569149748895899
6,2,8,NaN
7,1,8,0.6228718359458059
3,5,8,0.9030952226408369
4,4,8,0.39064081951093954
6,2,8,0.6104096037191906
7,1,8,0.786623350458894
5,3,8,0.8553400459938837
7,1,8,0.6057259113647713
6,2,8,0.14766029718238274
6,2,8,NaN
7,1,8,0.2360600274054477
7,1,8,0.9163216390929619
4,4,8,0.8553400459938837
3,5,8,NaN
8,0,8,NaN
6,2,8,0.4202993281420541
5,3,8,0.1739887363054829
4,4,8,0.7582540955828375
5,3,8,NaN
6,2,8,0.24524244003177142
5,3,8,0.8886935889394204
6,2,8,0.14766029718238274
6,2,8,0.14619510397328314
8,0,8,0.9227794561684306
8,0,8,0.569149748895899
1,7,8,0.5238679062670301
5,3,8,0.1298724704817915
4,4,8,NaN
6,2,8,0.9944136266474382
7,1,8,0.6944809040791058
8,0,8,0.7267509803124766
6,2,8,NaN
4,4,8,0.19236277848876807
3,5,8,0.8553400459938837
6,2,8,0.43116983099757117
5,3,8,NaN
8,0,8,0.9574264943593161
7,1,8,0.1307439117974443
7,1,8,0.4035376396477098
8,0,8,0.1897264079208636
6,2,8,NaN
7,1,8,0.34940549625232825
2,6,8,0.6505728275062779
8,0,8,0.39064081951093954
4,4,8,0.9838431072860508
8,0,8,NaN
6,2,8,0.7786299441059021
4,4,8,0.6505728275062779
6,2,8,0.569149748895899
6,2,8,0.6293150791863887
7,1,8,0.35291544996872376
7,1,8,NaN
4,4,8,0.786623350458894
5,3,8,0.21238798388396882
8,0,8,0.19236277848876807
5,3,8,0.1517602806201845
5,3,8,0.3149813444585866
5,3,8,0.16086681115157894
7,1,8,0.8120477488685461
4,4,8,0.6104096037191906
4,4,8,0.37732568794307136
6,2,8,0.27923371017636817
6,2,8,NaN
7,1,8,0.3679952265661958
6,2,8,0.7582540955828375
5,3,8,0.4926413777967898
5,3,8,0.04006111153961159
7,1,8,0.24524244003177142
4,4,8,0.0021658441345355074
5,3,8,0.9030952226408369
6,2,8,0.05735097310840156
5,3,8,0.43116983099757117
6,2,8,0.1535238301458931
6,2,8,0.39064081951093954
3,5,8,0.023636278789770686
6,2,8,NaN
6,2,8,NaN
6,2,8,0.41605758143981575
4,4,8,0.6505728275062779
6,2,8,0.569149748895899
7,1,8,0.24524244003177142
4,4,8,0.37919239535013843
5,3,8,0.8120477488685461
5,3,8,0.3991804991956431
6,2,8,0.3579882913622283
7,1,8,0.2180321792514569
5,3,8,0.2887478495258714
6,2,8,NaN
7,1,8,0.6104096037191906
7,1,8,0.6833758768314452
3,5,8,0.35291544996872376
6,2,8,0.03794641341295346
7,1,8,0.6505728275062779
6,2,8,NaN
6,2,8,0.39064081951093954
7,1,8,0.023636278789770686
7,1,8,0.8120477488685461
5,3,8,0.2180321792514569
5,3,8,0.569149748895899
7,1,8,0.14766029718238274
4,4,8,0.27923371017636817
8,0,8,0.5238679062670301
7,1,8,0.8356407771585233
4,4,8,0.03317022976394289
6,2,8,0.6914431924244484
4,4,8,NaN
6,2,8,7.551333344499086e-8
6,2,8,0.39064081951093954
6,2,8,NaN
8,0,8,0.998767140334452
7,1,8,NaN
7,1,8,0.021960220642977778
7,1,8,0.10073479699549323
7,1,8,NaN
6,2,8,0.7582540955828375
7,1,8,0.2180321792514569
7,1,8,0.0006028459869854185
7,1,8,0.9388397790286686
3,5,8,0.11404401218842061
7,1,8,0.5425018711550109
5,3,8,NaN
4,4,8,0.07470550857760336
7,1,8,0.9461494416332971
6,2,8,0.8733102078879845
6,2,8,0.5427622376828348
7,1,8,0.9030952226408369
3,5,8,0.353599447309061
8,0,8,NaN
6,2,8,NaN
5,3,8,0.786623350458894
5,3,8,0.6505728275062779
7,1,8,0.6914431924244484
7,1,8,0.4129210572381568
5,3,8,0.43116983099757117
6,2,8,0.6505728275062779
4,4,8,0.8975069834248082
3,5,8,0.6505728275062779
8,0,8,0.9649170932836378
5,3,8,0.03832442848911993
6,2,8,0.786623350458894
6,2,8,0.7855208523461213
7,1,8,0.35291544996872376
8,0,8,0.450830982346412
5,3,8,0.27923371017636817
3,5,8,0.024467725881061813
7,1,8,0.3149813444585866
3,5,8,0.0011847690627558023
8,0,8,0.927808813496808
8,0,8,0.05865291161723107
8,0,8,0.8120477488685461
1,7,8,0.3242944243506929
7,1,8,0.8356407771585233
6,2,8,NaN
2,6,8,NaN
4,4,8,NaN
8,0,8,0.5238679062670301
7,1,8,0.09943458759150654
5,3,8,0.43116983099757117
6,2,8,NaN
8,0,8,NaN
6,2,8,NaN
8,0,8,0.9490411065363702
8,0,8,NaN
6,2,8,0.43116983099757117
8,0,8,NaN
7,1,8,0.1298724704817915
6,2,8,0.8047442396377734
6,2,8,0.40057686224618433
3,5,8,0.43116983099757117
7,1,8,0.09943458759150654
6,2,8,0.39064081951093954
7,1,8,NaN
8,0,8,NaN
5,3,8,0.03317022976394289
6,2,8,0.33187630388268197
8,0,8,NaN
7,1,8,0.6505728275062779
6,2,8,0.569149748895899
4,4,8,0.39064081951093954
3,5,8,0.18977338564987994
5,3,8,0.39064081951093954
5,3,8,0.8248813773388172
6,2,8,NaN
4,4,8,0.4220363892878617
5,3,8,0.6104096037191906
6,2,8,0.976413425292083
6,2,8,0.786623350458894
7,1,8,0.1298724704817915
6,2,8,0.786623350458894
6,2,8,0.6505728275062779
5,3,8,0.6505728275062779
6,2,8,0.16099988170704063
6,2,8,NaN
7,1,8,0.7267509803124766
3,5,8,0.27923371017636817
8,0,8,NaN
7,1,8,0.01642779385874559
4,4,8,0.569149748895899
8,0,8,NaN
5,3,8,0.8720060212102919
6,2,8,NaN
6,2,8,0.6944809040791058
6,2,8,0.8553400459938837
7,1,8,0.08596717446393809
7,1,8,NaN
3,5,8,0.927808813496808
6,2,8,0.35291544996872376
6,2,8,0.5238679062670301
7,1,8,0.07190276004242258
5,3,8,0.3579882913622283
7,1,8,0.7582540955828375
3,5,8,NaN
5,3,8,0.3149813444585866
2,6,8,0.786623350458894
5,3,8,0.06894387276900754
4,4,8,0.7582540955828375
4,4,8,0.47793771766761745
7,1,8,NaN
4,4,8,0.7930718081094797
4,4,8,0.786623350458894
8,0,8,0.8926735212774597
7,1,8,0.210875169776163
8,0,8,0.9873996127663766
6,2,8,0.42217607811023794
6,2,8,0.5238679062670301
6,2,8,NaN
7,1,8,NaN
6,2,8,0.9388397790286686
5,3,8,0.6505728275062779
4,4,8,NaN
7,1,8,NaN
6,2,8,0.49918214384274195
4,4,8,0.09943458759150654
8,0,8,0.35291544996872376
7,1,8,NaN
5,3,8,0.569149748895899
6,2,8,0.19236277848876807
6,2,8,NaN
5,3,8,0.6165709600421269
6,2,8,0.6124850666781179
1,7,8,NaN
5,3,8,0.19236277848876807
7,1,8,NaN
6,2,8,0.8356407771585233
4,4,8,NaN
6,2,8,0.6671143179119937
7,1,8,NaN
7,1,8,0.8733102078879845
5,3,8,0.3149813444585866
8,0,8,0.8615133600692064
6,2,8,NaN
6,2,8,0.045617003110543904
7,1,8,0.8886935889394204
6,2,8,0.4111366773560389
5,3,8,0.37407338728350964
8,0,8,NaN
3,5,8,7.131669303133748e-8
1,7,8,NaN
5,3,8,0.3380631690586218
4,4,8,0.6505728275062779
7,1,8,0.3149813444585866
5,3,8,0.569149748895899
6,2,8,0.24524244003177142
3,5,8,0.5614056147192097
4,4,8,NaN
8,0,8,NaN
6,2,8,NaN
7,1,8,0.9005450204492977
5,3,8,NaN
6,2,8,NaN
4,4,8,NaN
6,2,8,0.027983438302460684
4,4,8,0.9388397790286686
8,0,8,0.47793771766761745
6,2,8,0.43116983099757117
2,6,8,0.6914431924244484
4,4,8,NaN
5,3,8,NaN
6,2,8,0.11404401218842061
6,2,8,0.47793771766761745
6,2,8,0.009777898272366045
5,3,8,0.35291544996872376
3,5,8,0.006266491197846545
8,0,8,0.23458125428458745
5,3,8,0.569149748895899
6,2,8,0.008126970210441814
5,3,8,0.27923371017636817
5,3,8,0.6104096037191906
4,4,8,0.19236277848876807
8,0,8,NaN
7,1,8,0.569149748895899
6,2,8,0.13879968337112916
8,0,8,0.5238679062670301
5,3,8,0.7582540955828375
4,4,8,NaN
7,1,8,0.30892273242609175
7,1,8,0.05735097310840156
5,3,8,0.31704501574285643
7,1,8,0.5238679062670301
7,1,8,0.9163216390929619
6,2,8,NaN
6,2,8,0.39064081951093954
6,2,8,NaN
5,3,8,0.7582540955828375
4,4,8,NaN
7,1,8,0.6104096037191906
4,4,8,0.11404401218842061
6,2,8,0.9944556516778996
6,2,8,0.14675868971531003
8,0,8,NaN
8,0,8,0.11404401218842061
8,0,8,0.8356407771585233
5,3,8,0.0020176129829229594
6,2,8,0.569149748895899
6,2,8,0.8553400459938837
4,4,8,0.43116983099757117
6,2,8,0.0359695347252951
5,3,8,0.015295844900407621
7,1,8,0.5238679062670301
8,0,8,0.8356407771585233
4,4,8,0.27923371017636817
7,1,8,0.08596717446393809
6,2,8,0.5238679062670301
5,3,8,NaN
4,4,8,0.6104096037191906
7,1,8,0.6505728275062779
6,2,8,0.14349822065559714
5,3,8,0.5723478033865719
7,1,8,0.47793771766761745
7,1,8,0.3149813444585866
4,4,8,0.6914431924244484
6,2,8,NaN
2,6,8,0.47793771766761745
6,2,8,0.569149748895899
3,5,8,NaN
7,1,8,0.6059583912640851
6,2,8,0.28186076293937984
7,1,8,0.03794641341295346
7,1,8,0.22065363969599822
7,1,8,0.07472565948968676
3,5,8,0.786623350458894
2,6,8,0.06611573959509347
6,2,8,1.4155394328333535e-8
6,2,8,0.4994966444245364
2,6,8,0.0007162824686014661
6,2,8,0.7267509803124766
5,3,8,3.9872543673382566e-5
7,1,8,NaN
8,0,8,NaN
7,1,8,NaN
6,2,8,NaN
5,3,8,0.8120477488685461
5,3,8,0.43116983099757117
4,4,8,NaN
5,3,8,0.43116983099757117
5,3,8,NaN
5,3,8,0.27923371017636817
8,0,8,0.8915062399522097
4,4,8,NaN
5,3,8,NaN
8,0,8,0.927808813496808
3,5,8,NaN
6,2,8,0.569149748895899
7,1,8,0.8733102078879845
4,4,8,0.0004710372881317063
5,3,8,0.05553852787770489
6,2,8,0.83171651295907
8,0,8,0.7267509803124766
5,3,8,0.10331723859313684
8,0,8,0.00933887985437181
8,0,8,0.43447317571892513
6,2,8,0.5238679062670301
7,1,8,0.2114480507219044
7,1,8,0.03794641341295346
8,0,8,NaN
6,2,8,0.6104096037191906
7,1,8,0.8886935889394204
7,1,8,NaN
7,1,8,0.0194294699670672
2,6,8,0.028886075440067927
7,1,8,0.07192352452314332
4,4,8,0.0494455745194533
7,1,8,0.39064081951093954
5,3,8,NaN
8,0,8,0.5256655757670078
7,1,8,0.27923371017636817
7,1,8,0.8356407771585233
7,1,8,0.7582540955828375
7,1,8,0.8356407771585233
6,2,8,0.9490411065363702
8,0,8,0.19236277848876807
4,4,8,0.9649170932836378
4,4,8,0.999314501161395
2,6,8,0.13502068156837266
8,0,8,0.3149813444585866
6,2,8,0.8733102078879845
7,1,8,0.39064081951093954
4,4,8,0.14931295450626952
7,1,8,0.8886935889394204
5,3,8,0.47793771766761745
3,5,8,NaN
7,1,8,0.9745564562221124
5,3,8,0.29865591886984516
6,2,8,NaN
7,1,8,0.4994966444245364
3,5,8,NaN
6,2,8,NaN
6,2,8,0.6104096037191906
4,4,8,NaN
5,3,8,0.8952603189304542
7,1,8,0.17326199200780926
6,2,8,0.8120477488685461
4,4,8,0.5238679062670301
6,2,8,0.39064081951093954
7,1,8,NaN
3,5,8,NaN
6,2,8,0.8120477488685461
7,1,8,0.9163216390929619
6,2,8,NaN
5,3,8,0.8120477488685461
6,2,8,0.43116983099757117
4,4,8,0.7582540955828375
5,3,8,NaN
4,4,8,0.1298724704817915
5,3,8,0.9388397790286686
6,2,8,0.04370689030141423
7,1,8,NaN
6,2,8,0.27923371017636817
4,4,8,0.27923371017636817
4,4,8,0.8733102078879845
6,2,8,0.8733102078879845
6,2,8,0.2180321792514569
5,3,8,0.9649170932836378
7,1,8,0.08323340773906233
7,1,8,0.9163216390929619
6,2,8,0.3149813444585866
8,0,8,NaN
8,0,8,0.35064018308951
7,1,8,0.786623350458894
5,3,8,NaN
5,3,8,NaN
7,1,8,0.7883197045776431
5,3,8,0.07230037807412046
7,1,8,NaN
6,2,8,0.08596717446393809
8,0,8,0.5991051458840594
3,5,8,0.6505728275062779
5,3,8,NaN
3,5,8,0.8553400459938837
6,2,8,0.6914431924244484
6,2,8,0.24265113445020126
4,4,8,0.569149748895899
3,5,8,NaN
8,0,8,NaN
7,1,8,0.569149748895899
5,3,8,0.0015190443931926724
4,4,8,0.013712126257744364
8,0,8,0.25904407407269936
7,1,8,NaN
7,1,8,0.9388397790286686
6,2,8,NaN
6,2,8,0.09943458759150654
8,0,8,0.6505728275062779
4,4,8,0.9030952226408369
8,0,8,0.8356407771585233
5,3,8,0.06611573959509347
3,5,8,0.4994966444245364
6,2,8,0.27923371017636817
8,0,8,0.8733102078879845
3,5,8,0.8120477488685461
7,1,8,NaN
1,7,8,0.9030952226408369
7,1,8,0.24524244003177142
8,0,8,0.32522770520773187
4,4,8,0.6914431924244484
6,2,8,0.39064081951093954
4,4,8,0.6944809040791058
6,2,8,0.6914431924244484
5,3,8,0.4938637732629531
7,1,8,0.34790065714960045
2,6,8,NaN
7,1,8,NaN
7,1,8,0.004637567059427986
3,5,8,0.11404401218842061
7,1,8,NaN
7,1,8,0.786623350458894
8,0,8,0.9711836190363513
7,1,8,0.35291544996872376
5,3,8,0.7444764811943226
6,2,8,0.9030952226408369
6,2,8,NaN
3,5,8,0.4747800856629414
5,3,8,0.1502045403482311
7,1,8,NaN
4,4,8,0.569149748895899
3,5,8,NaN
3,5,8,0.8033019842520314
3,5,8,0.7267509803124766
7,1,8,0.35291544996872376
6,2,8,0.4999191146174629
6,2,8,NaN
7,1,8,0.5913100350687926
7,1,8,0.3469443231837335
6,2,8,0.03162241916014955
4,4,8,NaN
6,2,8,0.06611573959509347
7,1,8,0.6293150791863887
7,1,8,0.6505728275062779
5,3,8,NaN
5,3,8,NaN
2,6,8,0.35291544996872376
3,5,8,0.05735097310840156
6,2,8,0.2370872259488594
4,4,8,NaN
5,3,8,0.6914431924244484
5,3,8,0.21554068652512046
5,3,8,0.6914431924244484
6,2,8,0.27923371017636817
7,1,8,0.39064081951093954
3,5,8,NaN
7,1,8,0.24125633337630548
7,1,8,NaN
5,3,8,0.05735097310840156
4,4,8,0.7280943808812835
7,1,8,0.927808813496808
5,3,8,0.11404401218842061
5,3,8,0.6450034076217963
5,3,8,0.47793771766761745
6,2,8,0.8120477488685461
7,1,8,0.6104096037191906
5,3,8,NaN
7,1,8,0.08618285233498064
6,2,8,NaN
7,1,8,0.7921078942735305
7,1,8,NaN
7,1,8,0.08596717446393809
3,5,8,NaN
5,3,8,0.04527678817243286
6,2,8,0.6914431924244484
2,6,8,0.007955229337153038
7,1,8,0.9163216390929619
5,3,8,0.7887116911391194
5,3,8,0.9574264943593161
6,2,8,0.07470550857760336
5,3,8,0.7208606799501817
6,2,8,0.8356407771585233
5,3,8,0.0494455745194533
8,0,8,0.9163216390929619
5,3,8,0.5693208297222321
6,2,8,0.5238679062670301
5,3,8,0.35291544996872376
7,1,8,0.2533293918658867
3,5,8,0.5238679062670301
6,2,8,0.6104096037191906
5,3,8,0.9030952226408369
5,3,8,0.5723478033865719
5,3,8,0.0008988548480445034
7,1,8,NaN
5,3,8,0.569149748895899
4,4,8,0.5238679062670301
5,3,8,0.47793771766761745
7,1,8,0.015553792242850339
4,4,8,0.2455855282344786
6,2,8,0.3149813444585866
3,5,8,0.00011249547843523377
5,3,8,0.5238679062670301
6,2,8,0.4409150679801434
6,2,8,0.8120477488685461
6,2,8,0.9711836190363513
4,4,8,NaN
5,3,8,0.6505728275062779
6,2,8,0.7915914671976814
7,1,8,0.7267509803124766
8,0,8,0.03794641341295346
5,3,8,0.7729530295904309
6,2,8,0.8199661816918719
5,3,8,0.24524244003177142
4,4,8,0.786623350458894
4,4,8,0.8120477488685461
4,4,8,0.569149748895899
4,4,8,NaN
5,3,8,0.8356407771585233
6,2,8,NaN
6,2,8,0.7636880742300809
6,2,8,0.6505728275062779
6,2,8,NaN
5,3,8,0.16806732870266622
6,2,8,0.40616630736305853
6,2,8,0.19236277848876807
6,2,8,NaN
7,1,8,0.47793771766761745
5,3,8,0.3332462494428366
7,1,8,0.6851502045925851
6,2,8,0.39064081951093954
5,3,8,0.8356407771585233
2,6,8,0.786623350458894
7,1,8,0.8356407771585233
3,5,8,0.06611573959509347
5,3,8,0.09943458759150654
6,2,8,0.7058216926241668
4,4,8,NaN
6,2,8,0.6104096037191906
7,1,8,0.14766029718238274
8,0,8,0.004153178794747034
8,0,8,0.3149813444585866
4,4,8,NaN
6,2,8,0.16806732870266622
5,3,8,NaN
4,4,8,0.2835113526288067
5,3,8,0.7267509803124766
5,3,8,NaN
6,2,8,0.9720643042021744
6,2,8,0.35291544996872376
3,5,8,0.43116983099757117
7,1,8,0.569149748895899
5,3,8,NaN
8,0,8,NaN
1,7,8,0.01880761644846058
3,5,8,0.23233690630179868
5,3,8,NaN
5,3,8,NaN
4,4,8,0.9628011558162913
8,0,8,NaN
8,0,8,0.6505728275062779
6,2,8,0.39064081951093954
7,1,8,0.25142217156174496
8,0,8,0.013712126257744364
5,3,8,0.6505728275062779
3,5,8,0.8135122998034316
8,0,8,0.8356407771585233
3,5,8,0.5238679062670301
5,3,8,0.03794641341295346
4,4,8,0.301012826131001
3,5,8,0.8356407771585233
8,0,8,0.4524412864432752
5,3,8,NaN
7,1,8,0.2449297274308735
6,2,8,0.3149813444585866
8,0,8,0.028218122371605772
6,2,8,0.29321466086640874
4,4,8,NaN
7,1,8,NaN
6,2,8,0.5238679062670301
6,2,8,0.27923371017636817
2,6,8,0.9649170932836378
4,4,8,0.6505728275062779
5,3,8,NaN
6,2,8,0.04975052266208309
8,0,8,0.9163216390929619
7,1,8,0.976413425292083
5,3,8,0.6104096037191906
8,0,8,0.01424120439112847
5,3,8,NaN
5,3,8,NaN
2,6,8,NaN
8,0,8,NaN
8,0,8,NaN
4,4,8,0.9168274270729363
7,1,8,0.671884262440174
6,2,8,0.031197943905202058
6,2,8,0.27923371017636817
5,3,8,0.3895748749463902
8,0,8,0.24524244003177142
6,2,8,0.8553400459938837
7,1,8,0.28307077970323524
5,3,8,0.835445920380814
6,2,8,NaN
7,1,8,NaN
5,3,8,NaN
5,3,8,0.017339233990893127
3,5,8,0.026115373695975386
7,1,8,0.3149813444585866
6,2,8,0.927808813496808
5,3,8,0.47793771766761745
5,3,8,0.4986609698537673
5,3,8,0.927808813496808
6,2,8,0.39064081951093954
5,3,8,0.5625524319365759
4,4,8,0.47793771766761745
5,3,8,0.8946772526571838
7,1,8,NaN
4,4,8,0.08596717446393809
5,3,8,0.8553400459938837
3,5,8,0.8733102078879845
8,0,8,0.8356407771585233
6,2,8,0.7582540955828375
7,1,8,0.7582540955828375
3,5,8,0.569149748895899
4,4,8,0.14766029718238274
4,4,8,0.06611573959509347
6,2,8,NaN
4,4,8,NaN
5,3,8,0.2180321792514569
7,1,8,NaN
6,2,8,0.47793771766761745
4,4,8,0.16806732870266622
5,3,8,0.09071333344884228
3,5,8,NaN
8,0,8,0.08281937796669081
6,2,8,0.6914431924244484
4,4,8,NaN
6,2,8,0.5608165511214481
5,3,8,0.9130406674143923
7,1,8,0.8887153494841501
6,2,8,0.11404401218842061
5,3,8,NaN
6,2,8,0.2180321792514569
4,4,8,0.786623350458894
6,2,8,NaN
5,3,8,0.7267509803124766
5,3,8,0.35291544996872376
6,2,8,0.2710240766415548
6,2,8,0.35291544996872376
7,1,8,NaN
4,4,8,NaN
5,3,8,0.569149748895899
4,4,8,NaN
7,1,8,0.8553400459938837
5,3,8,NaN
6,2,8,0.47793771766761745
7,1,8,0.05735097310840156
6,2,8,0.9040939774707706
7,1,8,NaN
4,4,8,0.16195633609137647
5,3,8,NaN
4,4,8,0.8356407771585233
4,4,8,NaN
5,3,8,0.018021006085139752
6,2,8,0.6004702430523493
4,4,8,NaN
6,2,8,0.47793771766761745
6,2,8,0.9894656266614458
6,2,8,0.6914431924244484
8,0,8,NaN
8,0,8,0.34714039127145196
4,4,8,0.3149813444585866
7,1,8,NaN
4,4,8,0.43116983099757117
7,1,8,NaN
4,4,8,NaN
4,4,8,0.2180321792514569
4,4,8,0.04370689030141423
3,5,8,0.21192652223189226
6,2,8,0.33326865980046866
6,2,8,0.11404401218842061
5,3,8,0.5608165511214481
8,0,8,0.6505728275062779
8,0,8,0.8846053896489343
5,3,8,0.47793771766761745
6,2,8,NaN
5,3,8,0.028886075440067927
3,5,8,0.5207163251672441
5,3,8,NaN
6,2,8,NaN
4,4,8,NaN
4,4,8,0.569149748895899
5,3,8,0.8356407771585233
5,3,8,0.11404401218842061
8,0,8,NaN
6,2,8,0.11404401218842061
3,5,8,0.19236277848876807
7,1,8,0.9030952226408369
8,0,8,NaN
5,3,8,0.6104096037191906
7,1,8,0.8196900978144788
6,2,8,0.7582540955828375
5,3,8,0.6104096037191906
6,2,8,0.43116983099757117
1,7,8,0.06611573959509347
6,2,8,0.7582540955828375
3,5,8,0.7240015360833464
6,2,8,0.43116983099757117
4,4,8,NaN
4,4,8,0.3149813444585866
5,3,8,0.8558135073122184
6,2,8,0.8074183849885881
6,2,8,NaN
5,3,8,0.6104096037191906
7,1,8,0.20446522187106064
4,4,8,0.9030952226408369
6,2,8,0.9030952226408369
5,3,8,0.5238679062670301
5,3,8,0.9711836190363513
8,0,8,0.1770606477292435
5,3,8,0.786623350458894
6,2,8,0.6209238822367553
5,3,8,0.4515001341730505
4,4,8,0.47793771766761745
3,5,8,0.4994966444245364
8,0,8,0.9163216390929619
1,7,8,NaN
1,7,8,NaN
6,2,8,NaN
7,1,8,0.21049533236325113
8,0,8,0.8938869567322518
7,1,8,0.028886075440067927
5,3,8,0.8356407771585233
7,1,8,0.9030952226408369
4,4,8,NaN
8,0,8,NaN
6,2,8,0.9030952226408369
6,2,8,NaN
3,5,8,0.43116983099757117
6,2,8,0.786623350458894
8,0,8,0.6914431924244484
5,3,8,0.14082917703140416
4,4,8,0.5238679062670301
7,1,8,0.07982248965360123
5,3,8,NaN
4,4,8,0.927808813496808
5,3,8,NaN
5,3,8,0.9719722103984055
7,1,8,0.927808813496808
4,4,8,0.8553400459938837
5,3,8,0.8120477488685461
5,3,8,NaN
7,1,8,NaN
6,2,8,0.786623350458894
8,0,8,0.569149748895899
3,5,8,NaN
5,3,8,NaN
7,1,8,NaN
8,0,8,0.06611573959509347
5,3,8,0.6833758768314452
5,3,8,0.0494455745194533
3,5,8,NaN
2,6,8,0.8553400459938837
4,4,8,NaN
4,4,8,0.573162886137003
5,3,8,NaN
7,1,8,0.6505728275062779
5,3,8,0.11404401218842061
2,6,8,0.3149813444585866
7,1,8,0.6104096037191906
2,6,8,NaN
4,4,8,0.39064081951093954
7,1,8,0.5932290821066095
3,5,8,0.569149748895899
5,3,8,0.7267509803124766
6,2,8,0.8288275170208178
8,0,8,0.43116983099757117
5,3,8,0.07878127187675577
5,3,8,0.9649170932836378
8,0,8,0.12645481336172268
3,5,8,0.569149748895899
3,5,8,0.43116983099757117
2,6,8,0.045617003110543904
7,1,8,0.08831300977470789
7,1,8,0.6665647963115473
7,1,8,0.01389863463638223
6,2,8,0.6277385253821351
6,2,8,0.3579882913622283
7,1,8,0.6104096037191906
5,3,8,0.6505728275062779
6,2,8,NaN
6,2,8,0.3396288091141945
5,3,8,0.16806732870266622
4,4,8,0.11404401218842061
5,3,8,0.2180321792514569
7,1,8,0.9030952226408369
6,2,8,0.24524244003177142
6,2,8,0.8553400459938837
7,1,8,0.47793771766761745
6,2,8,0.8553400459938837
6,2,8,0.786623350458894
6,2,8,0.9649170932836378
7,1,8,0.19236277848876807
6,2,8,0.7267509803124766
6,2,8,NaN
6,2,8,0.8120477488685461
7,1,8,NaN
4,4,8,0.003736962491151852
8,0,8,0.6505728275062779
3,5,8,0.9923256991209348
7,1,8,0.797520272859883
4,4,8,0.9490411065363702
5,3,8,0.7267509803124766
8,0,8,0.7829533425930767
3,5,8,0.8886935889394204
5,3,8,0.786623350458894
7,1,8,0.39064081951093954
5,3,8,0.06611573959509347
7,1,8,0.6914431924244484
6,2,8,0.9923256991209348
3,5,8,0.8733102078879845
4,4,8,0.02668274358731565
4,4,8,NaN
7,1,8,NaN
8,0,8,0.07470550857760336
3,5,8,0.04662176436132418
6,2,8,NaN
7,1,8,0.8754420969801208
5,3,8,0.051881829280575956
4,4,8,0.569149748895899
2,6,8,0.6505728275062779
7,1,8,0.7267509803124766
6,2,8,0.892258475417701
4,4,8,0.1298724704817915
3,5,8,0.569149748895899
6,2,8,0.976413425292083
7,1,8,0.569149748895899
5,3,8,0.47793771766761745
6,2,8,0.3149813444585866
7,1,8,0.43116983099757117
5,3,8,0.16641507328435187
3,5,8,0.9574264943593161
7,1,8,0.7875335240676284
7,1,8,0.6505728275062779
6,2,8,0.22721344589483075
4,4,8,0.3149813444585866
7,1,8,0.16806732870266622
7,1,8,0.8578183459000129
6,2,8,0.8120477488685461
3,5,8,0.6190245376533959
4,4,8,NaN
7,1,8,0.8553400459938837
7,1,8,NaN
8,0,8,0.5238679062670301
6,2,8,NaN
3,5,8,0.10540991491165824
7,1,8,0.7582540955828375
7,1,8,0.011532985534739066
2,6,8,0.8369832950612013
5,3,8,NaN
4,4,8,NaN
5,3,8,0.786623350458894
7,1,8,NaN
6,2,8,0.7232424384484775
2,6,8,0.6124850666781179
7,1,8,0.6733866293406785
5,3,8,0.7582540955828375
6,2,8,0.07470550857760336
5,3,8,NaN
3,5,8,0.6104096037191906
7,1,8,0.28307077970323524
2,6,8,NaN
6,2,8,0.8581967138692722
5,3,8,0.985133159599795
5,3,8,0.024979424385777767
4,4,8,0.39064081951093954
4,4,8,NaN
2,6,8,NaN
4,4,8,0.569149748895899
5,3,8,0.8553400459938837
2,6,8,NaN
6,2,8,0.786623350458894
3,5,8,NaN
7,1,8,0.9894656266614458
7,1,8,0.6333331473606065
7,1,8,NaN
1,7,8,0.27923371017636817
2,6,8,NaN
6,2,8,0.8733102078879845
3,5,8,1.706509725395022e-10
6,2,8,0.6914431924244484
7,1,8,0.8733102078879845
8,0,8,0.5218294966892713
5,3,8,0.569149748895899
7,1,8,NaN
4,4,8,0.022471333932035563
3,5,8,0.6505728275062779
7,1,8,0.3149813444585866
7,1,8,NaN
5,3,8,0.9030952226408369
7,1,8,NaN
3,5,8,0.2772684207370053
7,1,8,0.6104096037191906
5,3,8,0.7582540955828375
5,3,8,0.14766029718238274
6,2,8,NaN
6,2,8,0.8553400459938837
5,3,8,0.27923371017636817
5,3,8,0.6505728275062779
2,6,8,0.7267509803124766
8,0,8,0.0494455745194533
5,3,8,NaN
5,3,8,NaN
8,0,8,0.030453540455551435
6,2,8,NaN
8,0,8,0.06611573959509347
3,5,8,0.7267509803124766
6,2,8,NaN
7,1,8,0.6104096037191906
6,2,8,0.05735097310840156
6,2,8,NaN
2,6,8,0.05735097310840156
4,4,8,0.9720643042021744
4,4,8,0.0014555372150106404
7,1,8,0.8553400459938837
6,2,8,0.43116983099757117
6,2,8,NaN
4,4,8,1.3830782499918726e-5
7,1,8,0.786623350458894
1,7,8,0.48899812866057885
4,4,8,0.4450859003134324
7,1,8,0.9649170932836378
4,4,8,0.13025220017064673
5,3,8,0.8553400459938837
6,2,8,0.39064081951093954
6,2,8,0.4199837245225796
4,4,8,0.9961520687047375
8,0,8,NaN
6,2,8,0.7582540955828375
4,4,8,0.39064081951093954
7,1,8,0.786623350458894
3,5,8,0.07470550857760336
3,5,8,0.7267509803124766
3,5,8,0.3149813444585866
5,3,8,0.35291544996872376
5,3,8,0.8558297248259592
1,7,8,0.9388397790286686
8,0,8,0.6293150791863887
4,4,8,0.6909108556815501
5,3,8,0.011532985534739066
6,2,8,0.3149813444585866
4,4,8,0.9163216390929619
3,5,8,0.09198105980083514
6,2,8,0.48835881909493345
7,1,8,0.27923371017636817
5,3,8,NaN
1,7,8,0.6505728275062779
5,3,8,0.43116983099757117
4,4,8,0.927808813496808
6,2,8,NaN
6,2,8,0.688691836979555
5,3,8,0.43116983099757117
5,3,8,0.9857264206675347
5,3,8,8.913200433090591e-5
6,2,8,0.683711470528295
5,3,8,0.5238679062670301
7,1,8,0.14766029718238274
7,1,8,0.8356407771585233
8,0,8,0.47793771766761745
5,3,8,NaN
3,5,8,0.364944180090729
8,0,8,0.927808813496808
4,4,8,NaN
6,2,8,0.03941149998125494
3,5,8,NaN
6,2,8,0.7013148700450363
6,2,8,0.43447317571892513
8,0,8,NaN
5,3,8,0.8553400459938837
4,4,8,NaN
4,4,8,0.8120477488685461
6,2,8,0.5238679062670301
7,1,8,0.786623350458894
6,2,8,0.6104096037191906
4,4,8,NaN
8,0,8,0.8135122998034316
3,5,8,0.835445920380814
8,0,8,0.7267509803124766
5,3,8,NaN
7,1,8,0.6104096037191906
4,4,8,NaN
6,2,8,0.7582540955828375
2,6,8,NaN
8,0,8,NaN
8,0,8,NaN
7,1,8,0.856099320322802
4,4,8,0.7280943808812835
6,2,8,0.6505728275062779
3,5,8,0.061167329661828064
5,3,8,0.8952603189304542
2,6,8,0.6505728275062779
6,2,8,0.43116983099757117
5,3,8,0.3648665211198764
7,1,8,0.6505728275062779
3,5,8,NaN
4,4,8,NaN
7,1,8,0.015821674137751637
6,2,8,NaN
7,1,8,NaN
6,2,8,0.569149748895899
3,5,8,0.6505728275062779
4,4,8,0.8356407771585233
6,2,8,0.6914431924244484
4,4,8,0.6961151024603008
4,4,8,0.43116983099757117
5,3,8,NaN
4,4,8,0.6451446834204977
4,4,8,0.7267509803124766
5,3,8,0.43116983099757117
7,1,8,0.43116983099757117
3,5,8,NaN
5,3,8,NaN
6,2,8,0.927808813496808
6,2,8,0.3149813444585866
5,3,8,0.24368594119729317
6,2,8,0.8553400459938837
5,3,8,0.16806732870266622
7,1,8,0.00026920605768093937
6,2,8,NaN
7,1,8,0.11354835501046419
6,2,8,NaN
6,2,8,0.6833758768314452
5,3,8,0.6505728275062779
3,5,8,0.569149748895899
5,3,8,0.11727910176199036
5,3,8,0.8356407771585233
6,2,8,0.39064081951093954
4,4,8,0.6516882982744185
5,3,8,NaN
7,1,8,0.4311542916668486
6,2,8,0.786623350458894
4,4,8,0.04527678817243286
3,5,8,0.9490411065363702
5,3,8,0.6505728275062779
3,5,8,0.7294196718967969
6,2,8,0.00012023773694909609
5,3,8,0.9159594227480574
6,2,8,0.00011039224643203294
8,0,8,0.11404401218842061
5,3,8,0.020574674913745546
7,1,8,NaN
5,3,8,0.028886075440067927
6,2,8,0.43116983099757117
8,0,8,0.9490411065363702
6,2,8,NaN
5,3,8,0.6914431924244484
7,1,8,0.9811127762214269
5,3,8,0.14833948041286477
5,3,8,0.45203860362196885
6,2,8,0.3149813444585866
7,1,8,0.7362229459392412
5,3,8,NaN
8,0,8,NaN
7,1,8,0.09943458759150654
5,3,8,NaN
6,2,8,0.9586090266487731
3,5,8,0.786623350458894
3,5,8,0.4215511605687188
5,3,8,NaN
5,3,8,0.7582540955828375
6,2,8,0.0494455745194533
3,5,8,NaN
5,3,8,0.1708982748765404
5,3,8,0.569149748895899
6,2,8,NaN
5,3,8,0.16806732870266622
6,2,8,0.01498468992570048
4,4,8,NaN
6,2,8,0.27923371017636817
6,2,8,0.2180321792514569
6,2,8,0.786623350458894
3,5,8,0.35643162796008276
5,3,8,NaN
5,3,8,NaN
5,3,8,0.5769429082813287
6,2,8,0.39064081951093954
4,4,8,0.27923371017636817
3,5,8,0.111799773585099
6,2,8,0.9711836190363513
7,1,8,0.3991804991956431
5,3,8,0.10374590883834008
5,3,8,0.976413425292083
6,2,8,0.660379804230122
2,6,8,0.9388397790286686
6,2,8,NaN
4,4,8,0.8886935889394204
3,5,8,0.01880761644846058
7,1,8,0.7540927615582267
6,2,8,0.6104096037191906
2,6,8,0.09943458759150654
3,5,8,0.612646483652386
7,1,8,0.8553400459938837
1,7,8,NaN
8,0,8,0.2689829743483109
6,2,8,0.19456835505827189
7,1,8,NaN
7,1,8,NaN
1,7,8,NaN
4,4,8,0.8886935889394204
3,5,8,0.8733102078879845
3,5,8,0.5238679062670301
6,2,8,0.24524244003177142
8,0,8,0.8886935889394204
2,6,8,0.27923371017636817
5,3,8,0.7502235137165818
4,4,8,NaN
6,2,8,0.08596717446393809
6,2,8,0.8733102078879845
8,0,8,0.6104096037191906
7,1,8,0.27923371017636817
5,3,8,0.4994966444245364
5,3,8,NaN
8,0,8,NaN
4,4,8,NaN
3,5,8,NaN
5,3,8,0.39064081951093954
5,3,8,0.9711836190363513
7,1,8,0.0066957455140245065
2,6,8,0.7582540955828375
3,5,8,0.16806732870266622
7,1,8,0.6455454534970112
4,4,8,NaN
6,2,8,0.11404401218842061
5,3,8,0.03317022976394289
7,1,8,0.9388397790286686
6,2,8,0.9649170932836378
5,3,8,0.6914431924244484
6,2,8,0.08338428661019415
3,5,8,0.16806732870266622
4,4,8,0.027983438302460684
4,4,8,0.5773058455873221
4,4,8,0.19236277848876807
4,4,8,0.5238679062670301
3,5,8,0.39064081951093954
4,4,8,0.8356407771585233
2,6,8,0.02207867342725446
3,5,8,0.47793771766761745
6,2,8,0.6914431924244484
8,0,8,0.7717649933187941
5,3,8,NaN
5,3,8,0.40685701951534237
5,3,8,NaN
7,1,8,0.552171153253758
7,1,8,0.0004506498121146294
8,0,8,0.35291544996872376
4,4,8,0.16385624944946378
3,5,8,NaN
3,5,8,0.41369728228944896
7,1,8,0.7004946307553668
5,3,8,0.03794641341295346
5,3,8,0.05735097310840156
6,2,8,0.47793771766761745
3,5,8,0.7267509803124766
5,3,8,0.552171153253758
3,5,8,0.5625524319365759
6,2,8,0.6505728275062779
5,3,8,NaN
7,1,8,0.11757439762782299
6,2,8,0.9649170932836378
6,2,8,0.43116983099757117
8,0,8,0.8839305911741261
5,3,8,0.5521089525595249
5,3,8,0.24524244003177142
7,1,8,0.9698805002588489
4,4,8,0.5238679062670301
3,5,8,0.6505728275062779
7,1,8,NaN
4,4,8,0.1826431630642101
6,2,8,NaN
6,2,8,NaN
5,3,8,0.8356407771585233
1,7,8,0.11404401218842061
6,2,8,0.11404915126907474
7,1,8,NaN
6,2,8,0.9944136266474382
8,0,8,0.28000901008968565
3,5,8,0.39064081951093954
4,4,8,0.569149748895899
6,2,8,0.42013414946672634
3,5,8,0.9896636255863608
5,3,8,NaN
7,1,8,0.5238679062670301
3,5,8,0.7693155671798736
6,2,8,NaN
4,4,8,0.17752471881703133
3,5,8,0.9274708751932033
5,3,8,0.569149748895899
7,1,8,0.6914431924244484
4,4,8,NaN
6,2,8,0.9030952226408369
7,1,8,0.976413425292083
6,2,8,0.11404401218842061
7,1,8,0.5238679062670301
4,4,8,NaN
4,4,8,0.6104096037191906
1,7,8,NaN
7,1,8,0.6505728275062779
7,1,8,0.569149748895899
6,2,8,NaN
3,5,8,NaN
3,5,8,NaN
4,4,8,0.5238679062670301
2,6,8,NaN
4,4,8,0.1955114354155344
3,5,8,0.8733102078879845
2,6,8,0.16195633609137647
3,5,8,0.04370689030141423
6,2,8,0.28167996098908876
7,1,8,0.2401741559814839
4,4,8,NaN
4,4,8,0.600450870138093
5,3,8,0.5885684447590089
4,4,8,0.47793771766761745
5,3,8,0.5665009669052208
5,3,8,0.569149748895899
6,2,8,0.6505728275062779
5,3,8,0.07470550857760336
2,6,8,0.7294218728835996
4,4,8,0.41209599838782995
7,1,8,0.569149748895899
2,6,8,0.3149813444585866
3,5,8,0.04370689030141423
3,5,8,0.569149748895899
7,1,8,0.786623350458894
4,4,8,NaN
3,5,8,0.14766029718238274
6,2,8,0.39064081951093954
8,0,8,0.1298724704817915
7,1,8,0.3149813444585866
5,3,8,0.6880751652472807
6,2,8,0.9062868302890691
4,4,8,0.927808813496808
6,2,8,0.03317022976394289
6,2,8,0.4362170644596157
6,2,8,NaN
7,1,8,0.9961520687047375
5,3,8,0.5238679062670301
5,3,8,NaN
4,4,8,0.20446522187106064
4,4,8,0.927808813496808
6,2,8,0.16992758885259884
5,3,8,0.2607641752722392
2,6,8,NaN
8,0,8,0.8733102078879845
6,2,8,0.18837707711143628
5,3,8,0.07806552573121982
6,2,8,0.16806732870266622
6,2,8,NaN
5,3,8,0.0004710372881317063
4,4,8,0.569149748895899
7,1,8,0.43116983099757117
8,0,8,0.8886935889394204
8,0,8,NaN
7,1,8,0.569149748895899
3,5,8,0.926456370925808
1,7,8,NaN
6,2,8,0.5394595361638572
4,4,8,0.047793813048798504
6,2,8,0.4926413777967898
7,1,8,0.11404401218842061
5,3,8,0.9574264943593161
8,0,8,0.393278873260582
6,2,8,0.04336036899644101
3,5,8,0.786623350458894
4,4,8,0.6914431924244484
4,4,8,NaN
7,1,8,0.7582540955828375
8,0,8,0.9649170932836378
7,1,8,NaN
4,4,8,0.14766029718238274
6,2,8,NaN
4,4,8,0.7582540955828375
6,2,8,0.6104096037191906
6,2,8,0.16806732870266622
8,0,8,NaN
8,0,8,NaN
5,3,8,0.6104096037191906
8,0,8,NaN
3,5,8,NaN
7,1,8,0.27923371017636817
5,3,8,0.6104096037191906
4,4,8,0.6104096037191906
6,2,8,NaN
8,0,8,NaN
5,3,8,0.010381011585832794
3,5,8,NaN
6,2,8,0.9490411065363702
6,2,8,0.9585233235432962
5,3,8,NaN
3,5,8,0.569149748895899
5,3,8,NaN
5,3,8,0.976413425292083
5,3,8,0.9030952226408369
6,2,8,0.0010644702267374165
8,0,8,0.008604769691188079
3,5,8,0.9139887276047786
4,4,8,0.8126324749837678
5,3,8,NaN
4,4,8,0.47793771766761745
6,2,8,0.6505728275062779
3,5,8,NaN
7,1,8,0.5238679062670301
3,5,8,NaN
3,5,8,0.9163216390929619
6,2,8,0.43116983099757117
5,3,8,0.9944136266474382
7,1,8,NaN
7,1,8,0.9997984778923911
4,4,8,0.7582540955828375
5,3,8,0.07423501931623855
7,1,8,0.7582540955828375
6,2,8,0.19382583419672883
6,2,8,0.8356407771585233
5,3,8,0.5238679062670301
7,1,8,0.9030952226408369
4,4,8,0.27923371017636817
5,3,8,0.47793771766761745
7,1,8,0.19590470524050466
6,2,8,0.6563461840562935
6,2,8,0.7582540955828375
3,5,8,0.14766029718238274
5,3,8,0.6104096037191906
5,3,8,0.5519096342199161
2,6,8,0.9030952226408369
6,2,8,0.00104428895995821
6,2,8,NaN
4,4,8,0.28307077970323524
6,2,8,0.1743605121089963
7,1,8,NaN
6,2,8,NaN
4,4,8,NaN
5,3,8,0.6505728275062779
2,6,8,0.8867520092225946
5,3,8,0.6104096037191906
5,3,8,0.8886935889394204
3,5,8,0.29849812481602916
3,5,8,0.6104096037191906
5,3,8,NaN
8,0,8,0.24524244003177142
5,3,8,NaN
3,5,8,0.16806732870266622
6,2,8,0.8553400459938837
8,0,8,NaN
2,6,8,0.030662327266074332
3,5,8,0.14766029718238274
6,2,8,0.3149813444585866
6,2,8,0.7267509803124766
2,6,8,0.05735097310840156
6,2,8,0.47793771766761745
2,6,8,NaN
7,1,8,NaN
4,4,8,0.428530600234369
4,4,8,0.009836931653934112
6,2,8,0.07759977638594512
4,4,8,0.6181101058296996
5,3,8,0.39072148944877794
8,0,8,0.35291544996872376
5,3,8,NaN
5,3,8,0.2282523807203539
3,5,8,0.7582540955828375
5,3,8,0.976413425292083
4,4,8,NaN
7,1,8,0.008126970210441814
7,1,8,0.7267509803124766
6,2,8,NaN
6,2,8,0.9463302358534665
7,1,8,0.3968294180847901
8,0,8,0.8553400459938837
5,3,8,0.6914431924244484
4,4,8,0.34751997243728694
8,0,8,NaN
7,1,8,0.35291544996872376
6,2,8,0.1054307557971246
6,2,8,0.7267509803124766
7,1,8,NaN
5,3,8,0.4994966444245364
3,5,8,0.35291544996872376
5,3,8,0.6914431924244484
6,2,8,0.2180321792514569
5,3,8,0.9509245524953797
3,5,8,0.9163216390929619
5,3,8,0.8972796670626189
8,0,8,0.11404401218842061
4,4,8,0.07980008977524133
2,6,8,0.7267509803124766
8,0,8,0.8356407771585233
6,2,8,NaN
4,4,8,NaN
2,6,8,NaN
4,4,8,0.8733102078879845
3,5,8,0.1298724704817915
8,0,8,0.009778647628762748
4,4,8,0.0004710372881317063
6,2,8,0.2982491580797601
6,2,8,0.9889782599480158
1,7,8,0.16806732870266622
2,6,8,0.27923371017636817
4,4,8,NaN
4,4,8,0.35291544996872376
3,5,8,0.01880761644846058
7,1,8,0.8120477488685461
4,4,8,0.27923371017636817
3,5,8,0.47793771766761745
5,3,8,0.14766029718238274
6,2,8,NaN
4,4,8,NaN
7,1,8,0.8553400459938837
6,2,8,0.35291544996872376
4,4,8,0.9030952226408369
1,7,8,0.6104096037191906
4,4,8,0.1298724704817915
3,5,8,0.35291544996872376
7,1,8,NaN
5,3,8,0.7582540955828375
8,0,8,NaN
4,4,8,NaN
5,3,8,0.09943458759150654
7,1,8,0.5238679062670301
6,2,8,0.569149748895899
5,3,8,0.8267244224325522
4,4,8,0.43447317571892513
5,3,8,0.19236277848876807
5,3,8,NaN
5,3,8,0.13906406781445516
8,0,8,0.6104096037191906
4,4,8,NaN
6,2,8,0.9388397790286686
2,6,8,0.927808813496808
5,3,8,0.9711836190363513
5,3,8,0.7267509803124766
5,3,8,0.2180321792514569
5,3,8,0.4611325262333748
4,4,8,0.08596717446393809
7,1,8,0.19953098496642013
3,5,8,0.24792823201117983
3,5,8,0.9923256991209348
5,3,8,0.47949462199096043
6,2,8,0.8733102078879845
7,1,8,0.6505728275062779
5,3,8,0.09943458759150654
6,2,8,NaN
3,5,8,NaN
4,4,8,0.7613775119368597
4,4,8,NaN
6,2,8,0.6505728275062779
8,0,8,0.9631417020840093
6,2,8,0.786623350458894
7,1,8,0.6104096037191906
4,4,8,0.5441384907588015
6,2,8,0.39064081951093954
5,3,8,0.09943458759150654
4,4,8,NaN
5,3,8,0.06611573959509347
4,4,8,0.43116983099757117
3,5,8,NaN
1,7,8,0.8356407771585233
6,2,8,0.6505728275062779
3,5,8,NaN
7,1,8,0.19236277848876807
5,3,8,NaN
3,5,8,0.6603349835179124
8,0,8,NaN
3,5,8,0.690599837110904
5,3,8,NaN
6,2,8,0.3149813444585866
3,5,8,NaN
6,2,8,0.21932433908219287
4,4,8,0.6590723426324541
3,5,8,0.14196467076213382
6,2,8,0.6603349835179124
4,4,8,NaN
2,6,8,NaN
5,3,8,0.003292552388002024
8,0,8,0.19236277848876807
3,5,8,NaN
8,0,8,0.5238679062670301
4,4,8,0.8876928958714316
4,4,8,NaN
4,4,8,NaN
3,5,8,NaN
7,1,8,0.6104096037191906
5,3,8,0.927808813496808
6,2,8,0.021960220642977778
7,1,8,0.786623350458894
8,0,8,NaN
4,4,8,0.24524244003177142
3,5,8,0.2180321792514569
7,1,8,0.786623350458894
3,5,8,0.43116983099757117
5,3,8,0.9388397790286686
5,3,8,2.8561726808965745e-8
4,4,8,NaN
6,2,8,0.9067048766226535
4,4,8,0.02059979886077772
3,5,8,0.006943468320448339
4,4,8,0.2180321792514569
4,4,8,0.9711836190363513
2,6,8,0.8356407771585233
7,1,8,0.8553400459938837
2,6,8,0.9030952226408369
4,4,8,0.6342896145255685
3,5,8,0.5238679062670301
7,1,8,NaN
6,2,8,NaN
4,4,8,0.7267509803124766
7,1,8,0.04370689030141423
4,4,8,0.03317022976394289
4,4,8,0.5238679062670301
5,3,8,0.3149813444585866
7,1,8,0.016314898271010056
5,3,8,0.43116983099757117
6,2,8,NaN
1,7,8,0.40366382933404
3,5,8,0.4791720486140629
3,5,8,0.9574264943593161
5,3,8,NaN
4,4,8,0.6104096037191906
1,7,8,0.6468191471968593
6,2,8,0.6563461840562935
8,0,8,0.5238679062670301
1,7,8,NaN
1,7,8,0.1298724704817915
5,3,8,NaN
8,0,8,0.39064081951093954
2,6,8,0.569149748895899
8,0,8,NaN
2,6,8,NaN
4,4,8,0.7582540955828375
4,4,8,NaN
4,4,8,NaN
6,2,8,NaN
1,7,8,0.09943458759150654
2,6,8,0.08596717446393809
5,3,8,0.7004946307553668
2,6,8,NaN
5,3,8,NaN
5,3,8,0.24524244003177142
7,1,8,0.3149813444585866
5,3,8,0.9671406601506299
2,6,8,0.3149813444585866
5,3,8,0.6833758768314452
3,5,8,0.24524244003177142
4,4,8,0.3742435995723311
7,1,8,NaN
3,5,8,NaN
2,6,8,0.5238679062670301
3,5,8,NaN
4,4,8,NaN
4,4,8,0.6505728275062779
5,3,8,NaN
1,7,8,NaN
4,4,8,0.7556978411434596
3,5,8,0.8867520092225946
3,5,8,0.5238679062670301
2,6,8,NaN
5,3,8,0.9030952226408369
6,2,8,0.8525198541510478
3,5,8,NaN
3,5,8,0.11404401218842061
6,2,8,0.2180321792514569
4,4,8,0.3149813444585866
4,4,8,NaN
4,4,8,0.7058958584723501
2,6,8,NaN
6,2,8,0.35291544996872376
5,3,8,NaN
4,4,8,0.1298724704817915
4,4,8,NaN
1,7,8,0.8120477488685461
1,7,8,0.01990154390996113
2,6,8,0.32875648258805307
1,7,8,0.35291544996872376
6,2,8,NaN
5,3,8,0.0494455745194533
5,3,8,0.569149748895899
2,6,8,0.6056350429307049
4,4,8,0.7267509803124766
2,6,8,0.0017362074656830236
2,6,8,0.021960220642977778
4,4,8,0.07981442761647606
4,4,8,NaN
5,3,8,0.19626967872868542
6,2,8,0.39064081951093954
6,2,8,NaN
4,4,8,NaN
3,5,8,0.09204796266836293
5,3,8,0.15270825610781935
1,7,8,NaN
4,4,8,NaN
4,4,8,0.43116983099757117
2,6,8,0.6505728275062779
4,4,8,0.47793771766761745
4,4,8,0.5238679062670301
3,5,8,0.3149813444585866
2,6,8,0.23883035883046883
3,5,8,NaN
3,5,8,0.5238679062670301
2,6,8,NaN
5,3,8,0.27923371017636817
4,4,8,0.786623350458894
4,4,8,0.6505728275062779
2,6,8,0.27923371017636817
2,6,8,0.14766029718238274
3,5,8,NaN
4,4,8,0.6505728275062779
2,6,8,0.9711836190363513
1,7,8,NaN
2,6,8,0.6104096037191906
4,4,8,0.24524244003177142
2,6,8,0.8733102078879845
4,4,8,NaN
3,5,8,NaN
4,4,8,NaN
4,4,8,0.7971405917373999
3,5,8,0.39064081951093954
2,6,8,0.09337452515357803
1,7,8,0.6104096037191906
3,5,8,0.6104096037191906
2,6,8,0.21932433908219287
3,5,8,0.8553400459938837
2,6,8,0.6181101058296996
4,4,8,NaN
1,7,8,0.19236277848876807
1,7,8,0.5811250037345635
2,6,8,NaN
2,6,8,NaN
1,7,8,0.8886935889394204
2,6,8,NaN
2,6,8,0.07461297444210133
4,4,8,0.9388397790286686
2,6,8,0.8024439537054752
8,0,8,NaN
1,7,8,0.7859118778367243
1,7,8,NaN
5,3,8,NaN
1,7,8,0.0005029616302900957
2,6,8,0.9649170932836378
2,6,8,NaN
1,7,8,NaN
1,7,8,0.2180321792514569
1,7,8,0.04116631278166648
1,7,8,0.06611573959509347
0,8,8,0.39064081951093954
0,8,8,NaN
0,8,8,NaN
0,8,8,NaN
0,8,8,NaN
0,8,8,NaN
0,8,8,0.27923371017636817
0,8,8,0.6505728275062779
0,8,8,NaN
0,8,8,NaN
0,8,8,0.6914431924244484
0,8,8,NaN
0,8,8,0.6914431924244484
0,8,8,NaN
0,8,8,0.12644618081623427
5,2,7,0.10526132047521596
5,2,7,0.9656192292054144
4,3,7,0.5238679062670301
7,0,7,0.7582540955828375
5,2,7,0.5238679062670301
4,3,7,0.01880761644846058
4,3,7,NaN
3,4,7,0.7509176810696861
5,2,7,0.7208606799501817
6,1,7,NaN
3,4,7,NaN
4,3,7,0.7267509803124766
7,0,7,0.47793771766761745
7,0,7,0.6505728275062779
4,3,7,NaN
5,2,7,NaN
6,1,7,0.5791614065310035
4,3,7,NaN
4,3,7,0.569149748895899
7,0,7,NaN
4,3,7,0.21412135428770812
7,0,7,0.927808813496808
5,2,7,0.8356407771585233
4,3,7,0.35291544996872376
5,2,7,0.7582540955828375
7,0,7,0.927808813496808
4,3,7,0.24460822501461685
7,0,7,0.9490411065363702
5,2,7,0.11404401218842061
7,0,7,NaN
5,2,7,0.9574264943593161
6,1,7,NaN
7,0,7,0.39064081951093954
5,2,7,NaN
5,2,7,0.5238679062670301
6,1,7,NaN
4,3,7,NaN
6,1,7,0.6185250717575355
7,0,7,0.47793771766761745
4,3,7,NaN
5,2,7,0.09943458759150654
7,0,7,0.11404401218842061
6,1,7,0.07071721497299611
5,2,7,NaN
5,2,7,0.6505728275062779
4,3,7,NaN
7,0,7,NaN
6,1,7,0.8886935889394204
2,5,7,0.7582540955828375
5,2,7,NaN
7,0,7,NaN
7,0,7,0.2180321792514569
5,2,7,NaN
3,4,7,0.6914431924244484
4,3,7,6.304554856455411e-5
6,1,7,0.009778647628762748
4,3,7,0.28698340255488175
5,2,7,0.7267509803124766
5,2,7,0.028886075440067927
7,0,7,NaN
3,4,7,NaN
4,3,7,NaN
6,1,7,0.569149748895899
6,1,7,0.6914431924244484
5,2,7,0.6104096037191906
6,1,7,0.9414680221645236
7,0,7,0.2180321792514569
4,3,7,0.8120477488685461
2,5,7,0.37407338728350964
7,0,7,NaN
4,3,7,NaN
6,1,7,NaN
3,4,7,0.4975628356914267
5,2,7,0.432894956289733
6,1,7,0.05735097310840156
6,1,7,0.3149813444585866
5,2,7,0.05434178988477607
1,6,7,0.16806732870266622
6,1,7,0.927808813496808
7,0,7,NaN
5,2,7,0.16806732870266622
4,3,7,0.47793771766761745
5,2,7,0.2092743164211092
4,3,7,NaN
4,3,7,0.14766029718238274
6,1,7,0.8886935889394204
5,2,7,0.07470550857760336
5,2,7,0.8228512845621858
4,3,7,0.9030952226408369
5,2,7,0.0026722880418886827
5,2,7,0.021960220642977778
6,1,7,0.7582540955828375
3,4,7,0.7267509803124766
6,1,7,0.8665420603155435
3,4,7,0.025488999069099922
5,2,7,0.6499177494556172
4,3,7,NaN
2,5,7,0.6250677149094533
7,0,7,0.5238679062670301
3,4,7,0.9030952226408369
5,2,7,NaN
4,3,7,0.46364349773006763
5,2,7,0.07806552573121982
5,2,7,0.47793771766761745
4,3,7,0.43116983099757117
4,3,7,0.7888839994666096
5,2,7,0.6505728275062779
7,0,7,0.9574264943593161
5,2,7,0.6505728275062779
6,1,7,0.03317022976394289
7,0,7,0.7717649933187941
7,0,7,0.9775455376967783
4,3,7,0.8846053896489343
5,2,7,0.9388397790286686
4,3,7,0.6777695128181356
5,2,7,0.927808813496808
7,0,7,0.8347430662440776
5,2,7,NaN
5,2,7,0.03581648928247503
6,1,7,0.8553400459938837
3,4,7,NaN
6,1,7,0.7532778439006099
6,1,7,0.9649170932836378
6,1,7,NaN
6,1,7,0.11370407802421256
4,3,7,0.16806732870266622
6,1,7,0.03794641341295346
7,0,7,0.8553400459938837
4,3,7,NaN
7,0,7,0.7582540955828375
6,1,7,0.08200499116413348
6,1,7,NaN
5,2,7,0.8624882414100478
6,1,7,0.5418151894023262
4,3,7,0.6914431924244484
7,0,7,NaN
7,0,7,NaN
7,0,7,NaN
7,0,7,0.001474569893862101
3,4,7,NaN
6,1,7,0.6104096037191906
7,0,7,0.005574707054908456
7,0,7,0.47793771766761745
5,2,7,0.15490981827571945
7,0,7,0.4991160421078876
6,1,7,NaN
3,4,7,NaN
3,4,7,0.8846053896489343
5,2,7,0.9030952226408369
6,1,7,0.9388397790286686
6,1,7,NaN
5,2,7,0.008126970210441814
5,2,7,NaN
7,0,7,0.8886935889394204
3,4,7,0.35764392185370714
6,1,7,NaN
6,1,7,0.43116983099757117
4,3,7,0.42013414946672634
3,4,7,NaN
5,2,7,0.24524244003177142
3,4,7,0.6124850666781179
4,3,7,0.35291544996872376
5,2,7,0.3511973532405764
6,1,7,0.8158303065562799
7,0,7,0.786623350458894
6,1,7,0.6505728275062779
5,2,7,0.04370689030141423
6,1,7,0.7718834732979032
5,2,7,0.17557682679308798
4,3,7,0.5238679062670301
2,5,7,0.43116983099757117
6,1,7,0.8120477488685461
6,1,7,NaN
7,0,7,0.24524244003177142
7,0,7,NaN
6,1,7,0.35291544996872376
5,2,7,0.48690670584200896
4,3,7,0.1298724704817915
3,4,7,NaN
4,3,7,0.4885065497274139
5,2,7,NaN
6,1,7,NaN
5,2,7,0.6505728275062779
7,0,7,0.09943458759150654
5,2,7,0.6918467433407898
7,0,7,0.47793771766761745
7,0,7,NaN
4,3,7,0.5435993666851904
5,2,7,0.8553400459938837
7,0,7,0.786623350458894
5,2,7,0.786623350458894
7,0,7,NaN
4,3,7,0.8553400459938837
6,1,7,0.05735097310840156
7,0,7,0.5997367624036737
7,0,7,0.47793771766761745
3,4,7,0.9711836190363513
7,0,7,NaN
7,0,7,0.6914431924244484
5,2,7,0.35064018308951
6,1,7,NaN
5,2,7,0.09943458759150654
7,0,7,0.8334585995484338
4,3,7,0.8120477488685461
5,2,7,NaN
6,1,7,NaN
3,4,7,NaN
6,1,7,0.04370689030141423
5,2,7,NaN
3,4,7,0.08596717446393809
3,4,7,0.9490411065363702
5,2,7,0.47793771766761745
4,3,7,0.35291544996872376
5,2,7,NaN
7,0,7,0.7051840551574875
5,2,7,0.04442811089823051
4,3,7,NaN
5,2,7,0.7267509803124766
7,0,7,0.8894872790652307
5,2,7,0.9811127762214269
6,1,7,0.8356407771585233
5,2,7,0.9490411065363702
4,3,7,0.15630331089780697
6,1,7,NaN
7,0,7,0.35909706957418586
4,3,7,0.7267509803124766
6,1,7,0.04527678817243286
3,4,7,0.19438283164339631
5,2,7,0.8553400459938837
3,4,7,0.39064081951093954
6,1,7,NaN
5,2,7,NaN
7,0,7,NaN
5,2,7,0.6833758768314452
3,4,7,0.7004946307553668
5,2,7,0.14766029718238274
4,3,7,0.07806552573121982
6,1,7,NaN
6,1,7,0.04370689030141423
4,3,7,0.43116983099757117
6,1,7,0.021960220642977778
5,2,7,NaN
5,2,7,0.39064081951093954
6,1,7,0.6914431924244484
5,2,7,0.8356407771585233
6,1,7,0.2180321792514569
3,4,7,0.9657678691820086
5,2,7,0.6505728275062779
6,1,7,0.7267509803124766
5,2,7,0.47793771766761745
7,0,7,NaN
5,2,7,0.9163216390929619
6,1,7,NaN
6,1,7,NaN
5,2,7,NaN
7,0,7,0.47793771766761745
6,1,7,0.39064081951093954
5,2,7,NaN
7,0,7,0.569149748895899
6,1,7,0.16806732870266622
7,0,7,NaN
7,0,7,NaN
7,0,7,0.5238679062670301
3,4,7,0.9523966152300924
6,1,7,NaN
4,3,7,0.35291544996872376
6,1,7,0.4000801055241669
7,0,7,NaN
4,3,7,0.27923371017636817
6,1,7,NaN
5,2,7,0.927808813496808
6,1,7,NaN
4,3,7,0.14294439969261946
7,0,7,0.6505728275062779
5,2,7,0.4976876088405292
2,5,7,0.14923123451296794
7,0,7,0.24524244003177142
7,0,7,0.6104096037191906
2,5,7,0.6914431924244484
7,0,7,0.03317022976394289
3,4,7,7.519069573506258e-7
3,4,7,0.7267509803124766
5,2,7,NaN
7,0,7,0.8269759614084176
5,2,7,0.24524244003177142
4,3,7,0.6505728275062779
6,1,7,0.6914431924244484
6,1,7,NaN
7,0,7,0.07470550857760336
6,1,7,NaN
7,0,7,0.678047477862323
5,2,7,0.6104096037191906
5,2,7,0.976413425292083
6,1,7,0.3149813444585866
5,2,7,0.6914431924244484
7,0,7,0.35291544996872376
7,0,7,0.32305707266974876
6,1,7,0.7582540955828375
7,0,7,0.9030952226408369
6,1,7,0.4328049966125176
4,3,7,0.8356407771585233
2,5,7,NaN
7,0,7,0.30198453782194484
4,3,7,0.7582540955828375
6,1,7,0.05735097310840156
5,2,7,0.860550865716855
7,0,7,NaN
5,2,7,0.43116983099757117
7,0,7,0.9490411065363702
5,2,7,0.22884993719077776
4,3,7,0.3742435995723311
4,3,7,NaN
5,2,7,0.7267509803124766
5,2,7,NaN
3,4,7,0.7267509803124766
5,2,7,0.27923371017636817
6,1,7,0.9836831168207316
6,1,7,0.569149748895899
6,1,7,0.7321689802233006
5,2,7,NaN
5,2,7,NaN
5,2,7,NaN
6,1,7,NaN
3,4,7,NaN
4,3,7,0.05232734058000738
5,2,7,0.8356407771585233
6,1,7,0.3149813444585866
5,2,7,0.1863052707762464
5,2,7,0.35291544996872376
6,1,7,7.78415992613773e-5
7,0,7,0.7578796107025404
7,0,7,NaN
5,2,7,0.569149748895899
6,1,7,0.5238679062670301
5,2,7,0.7267509803124766
7,0,7,0.09192177882083297
5,2,7,NaN
5,2,7,NaN
5,2,7,0.7844190155395753
6,1,7,NaN
6,1,7,0.7541925098307979
4,3,7,NaN
6,1,7,0.7866570460180823
4,3,7,0.6505728275062779
7,0,7,0.27923371017636817
3,4,7,NaN
5,2,7,0.8733102078879845
7,0,7,0.7582540955828375
5,2,7,0.07470550857760336
7,0,7,NaN
7,0,7,0.569149748895899
3,4,7,NaN
6,1,7,0.27923371017636817
4,3,7,0.8876928958714316
4,3,7,NaN
6,1,7,0.7582540955828375
4,3,7,0.04370689030141423
2,5,7,0.9235769684893195
6,1,7,0.43116983099757117
7,0,7,NaN
6,1,7,0.600450870138093
3,4,7,0.8069821373019821
5,2,7,0.786623350458894
5,2,7,0.5238679062670301
4,3,7,NaN
4,3,7,0.05735097310840156
6,1,7,NaN
6,1,7,NaN
5,2,7,0.18098230076510288
4,3,7,0.5652042430126011
6,1,7,NaN
6,1,7,NaN
5,2,7,0.07058458555602995
5,2,7,NaN
7,0,7,0.6067847866078693
6,1,7,0.02454498350141212
6,1,7,0.9388397790286686
5,2,7,0.16806732870266622
7,0,7,0.6704287383046245
4,3,7,0.8733102078879845
4,3,7,0.5538901449796717
4,3,7,0.9490411065363702
7,0,7,0.8886935889394204
5,2,7,0.786623350458894
5,2,7,NaN
5,2,7,0.9860248107084248
4,3,7,NaN
7,0,7,0.8916165549352955
5,2,7,NaN
5,2,7,NaN
5,2,7,0.5209753175597518
4,3,7,0.49918214384274195
7,0,7,0.39064081951093954
2,5,7,0.35291544996872376
5,2,7,0.19236277848876807
4,3,7,0.5512909571593558
5,2,7,NaN
7,0,7,0.43116983099757117
7,0,7,0.6104096037191906
5,2,7,0.7267509803124766
7,0,7,0.5439985059498154
4,3,7,0.786623350458894
5,2,7,2.9680321139320697e-6
5,2,7,0.6410393485022922
7,0,7,0.24524244003177142
5,2,7,0.18193580930670458
6,1,7,0.27923371017636817
6,1,7,0.39064081951093954
5,2,7,0.47793771766761745
5,2,7,0.8733102078879845
5,2,7,0.8553400459938837
7,0,7,0.4970572649455119
7,0,7,0.43116983099757117
5,2,7,0.9030952226408369
6,1,7,0.9030952226408369
2,5,7,NaN
6,1,7,0.47793771766761745
4,3,7,0.2829094761361467
6,1,7,NaN
6,1,7,NaN
6,1,7,0.7582540955828375
6,1,7,NaN
4,3,7,0.06611573959509347
7,0,7,NaN
6,1,7,NaN
3,4,7,0.3149813444585866
5,2,7,0.27923371017636817
6,1,7,0.35291544996872376
5,2,7,0.786623350458894
3,4,7,NaN
5,2,7,0.8120477488685461
6,1,7,0.8120477488685461
4,3,7,0.5238679062670301
6,1,7,0.07470550857760336
5,2,7,0.6104096037191906
5,2,7,0.8720060212102919
6,1,7,0.8120477488685461
5,2,7,0.03794641341295346
4,3,7,0.9574264943593161
5,2,7,NaN
7,0,7,0.07190276004242258
6,1,7,0.08596717446393809
6,1,7,0.6505728275062779
5,2,7,0.2838355662784277
6,1,7,0.9711836190363513
7,0,7,0.39064081951093954
6,1,7,NaN
6,1,7,0.10251553182142131
7,0,7,0.8658540332483595
4,3,7,0.9490411065363702
6,1,7,0.47669007767124383
3,4,7,0.3149813444585866
6,1,7,NaN
6,1,7,0.013634372736722104
6,1,7,0.3742435995723311
7,0,7,0.6914431924244484
4,3,7,0.569149748895899
7,0,7,0.7267509803124766
6,1,7,0.8874324015766001
5,2,7,0.7004946307553668
4,3,7,NaN
6,1,7,0.6070853343243738
5,2,7,0.6505728275062779
6,1,7,0.786623350458894
5,2,7,0.8120477488685461
5,2,7,0.8866035662539163
6,1,7,0.569149748895899
5,2,7,0.35291544996872376
7,0,7,0.5674207152274264
4,3,7,0.7267509803124766
6,1,7,0.4005583668073223
4,3,7,0.7267509803124766
6,1,7,0.19236277848876807
6,1,7,0.6665647963115473
7,0,7,NaN
5,2,7,0.7374273169317287
7,0,7,0.2180321792514569
3,4,7,NaN
3,4,7,0.04370689030141423
7,0,7,NaN
4,3,7,NaN
6,1,7,0.25521805547442383
7,0,7,0.24524244003177142
5,2,7,0.9163216390929619
4,3,7,0.8010271395690505
3,4,7,0.9961520687047375
4,3,7,NaN
3,4,7,0.08596717446393809
6,1,7,0.9369541353486156
6,1,7,0.24524244003177142
6,1,7,0.6505728275062779
5,2,7,0.43116983099757117
5,2,7,NaN
5,2,7,0.2744465055622495
3,4,7,0.1897264079208636
4,3,7,0.11404401218842061
7,0,7,0.6309860459537707
7,0,7,NaN
6,1,7,0.7987062849596229
7,0,7,NaN
5,2,7,0.05735097310840156
6,1,7,NaN
4,3,7,NaN
5,2,7,NaN
7,0,7,0.5997367624036737
6,1,7,NaN
7,0,7,0.7267509803124766
5,2,7,0.49918214384274195
7,0,7,0.021566714894894336
3,4,7,NaN
7,0,7,NaN
4,3,7,0.39064081951093954
4,3,7,0.06438862889107769
6,1,7,0.6505728275062779
4,3,7,NaN
6,1,7,0.8120477488685461
6,1,7,0.05343574543364245
7,0,7,0.19236277848876807
4,3,7,0.600450870138093
4,3,7,0.0016556487818953928
3,4,7,0.9944136266474382
4,3,7,0.833620616424574
3,4,7,0.5238679062670301
6,1,7,0.8120477488685461
4,3,7,0.08596717446393809
4,3,7,0.9163819657867436
6,1,7,0.6104096037191906
6,1,7,NaN
7,0,7,NaN
6,1,7,0.34093625977756503
3,4,7,NaN
5,2,7,0.47793771766761745
5,2,7,NaN
6,1,7,0.15691508478808847
4,3,7,0.7582540955828375
5,2,7,0.4087500030307623
7,0,7,0.9067405416250536
4,3,7,NaN
6,1,7,0.21192652223189226
5,2,7,0.023832958594287915
3,4,7,NaN
7,0,7,NaN
7,0,7,0.39064081951093954
7,0,7,0.7267509803124766
5,2,7,0.27923371017636817
4,3,7,NaN
5,2,7,0.7582540955828375
5,2,7,0.8553400459938837
6,1,7,0.16806732870266622
7,0,7,0.8886935889394204
3,4,7,0.47793771766761745
3,4,7,0.05942871667226306
5,2,7,0.24524244003177142
7,0,7,NaN
5,2,7,0.31939061254917733
5,2,7,0.7582540955828375
2,5,7,0.6505728275062779
6,1,7,0.8356407771585233
5,2,7,0.11404401218842061
4,3,7,NaN
6,1,7,0.5333607607726687
6,1,7,0.8733102078879845
7,0,7,0.9574264943593161
3,4,7,0.569149748895899
5,2,7,0.14766029718238274
5,2,7,0.09039120529974017
4,3,7,0.35291544996872376
5,2,7,0.8733102078879845
6,1,7,0.5238679062670301
4,3,7,0.19236277848876807
5,2,7,0.27923371017636817
5,2,7,0.39064081951093954
5,2,7,0.47793771766761745
5,2,7,NaN
5,2,7,0.8553400459938837
7,0,7,0.6914431924244484
6,1,7,NaN
6,1,7,NaN
5,2,7,0.6505728275062779
6,1,7,0.2180321792514569
7,0,7,NaN
4,3,7,NaN
7,0,7,NaN
7,0,7,0.05735097310840156
4,3,7,0.43116983099757117
4,3,7,0.8370498159240735
5,2,7,0.03317022976394289
6,1,7,0.6914431924244484
5,2,7,0.39064081951093954
4,3,7,0.39064081951093954
2,5,7,0.058045201643294145
6,1,7,0.27923371017636817
5,2,7,NaN
2,5,7,NaN
6,1,7,NaN
4,3,7,0.07470550857760336
5,2,7,0.5194259444797081
6,1,7,NaN
6,1,7,0.6104096037191906
7,0,7,0.1298724704817915
3,4,7,0.47793771766761745
3,4,7,0.7429299564203464
6,1,7,0.00010226100824904903
7,0,7,NaN
4,3,7,0.7600387682539927
6,1,7,0.8733102078879845
6,1,7,0.5238679062670301
6,1,7,NaN
5,2,7,0.7573739818757326
4,3,7,0.8886935889394204
7,0,7,NaN
3,4,7,0.858754952071793
5,2,7,0.11275721317893599
7,0,7,NaN
5,2,7,0.976413425292083
7,0,7,0.569149748895899
5,2,7,0.8291191345239641
6,1,7,NaN
6,1,7,0.6104096037191906
5,2,7,NaN
5,2,7,0.8370498159240735
4,3,7,0.40057686224618433
6,1,7,NaN
5,2,7,0.7582540955828375
4,3,7,NaN
6,1,7,NaN
6,1,7,0.7055277283206506
6,1,7,0.8505134737223575
6,1,7,0.19236277848876807
3,4,7,0.5238679062670301
5,2,7,NaN
7,0,7,0.05735097310840156
4,3,7,0.15641210033651057
5,2,7,NaN
3,4,7,NaN
7,0,7,NaN
6,1,7,0.8356407771585233
6,1,7,0.04370689030141423
6,1,7,0.43116983099757117
7,0,7,0.8356407771585233
4,3,7,0.11404401218842061
4,3,7,NaN
7,0,7,0.6914431924244484
5,2,7,0.32625820666107586
4,3,7,0.569149748895899
6,1,7,NaN
5,2,7,0.7582540955828375
4,3,7,0.2973153698543936
6,1,7,0.6914431924244484
6,1,7,0.6914431924244484
5,2,7,0.786623350458894
4,3,7,0.5514079975878313
7,0,7,0.786623350458894
7,0,7,0.47793771766761745
1,6,7,0.8886935889394204
5,2,7,NaN
6,1,7,0.6342896145255685
6,1,7,0.4401185774407521
7,0,7,0.8120477488685461
5,2,7,0.38120040655300724
4,3,7,0.6631122009692823
5,2,7,0.569149748895899
7,0,7,0.6914431924244484
6,1,7,0.3149813444585866
5,2,7,NaN
6,1,7,0.6410047014229925
7,0,7,1.4212342407932087e-5
6,1,7,0.6914431924244484
3,4,7,0.8386013894518956
5,2,7,NaN
7,0,7,0.3149813444585866
5,2,7,0.7004946307553668
5,2,7,0.3149813444585866
3,4,7,0.9769765172901873
4,3,7,0.016314898271010056
5,2,7,0.9574264943593161
3,4,7,0.024979424385777767
3,4,7,0.08596717446393809
6,1,7,NaN
6,1,7,0.786623350458894
6,1,7,0.0034019500666224085
6,1,7,0.6505728275062779
4,3,7,0.8733102078879845
4,3,7,NaN
7,0,7,0.04370689030141423
7,0,7,0.24524244003177142
4,3,7,NaN
6,1,7,0.927808813496808
4,3,7,0.2180321792514569
6,1,7,NaN
5,2,7,0.9490411065363702
4,3,7,0.6505728275062779
3,4,7,NaN
6,1,7,0.08596717446393809
6,1,7,0.029433947477451497
3,4,7,0.132327921547866
5,2,7,0.8733102078879845
6,1,7,NaN
5,2,7,NaN
7,0,7,0.09943458759150654
4,3,7,0.00033625166364219955
5,2,7,0.07470550857760336
4,3,7,0.4957501680659703
6,1,7,0.7621028630634273
7,0,7,NaN
6,1,7,0.09943458759150654
5,2,7,0.023328444168775313
4,3,7,0.31772911548937016
6,1,7,0.7267509803124766
7,0,7,0.8886935889394204
4,3,7,NaN
5,2,7,0.0422242213428269
5,2,7,NaN
4,3,7,NaN
5,2,7,0.8886935889394204
5,2,7,0.7267509803124766
6,1,7,0.0008462405776536792
6,1,7,NaN
5,2,7,0.1298724704817915
6,1,7,0.6104096037191906
5,2,7,NaN
3,4,7,0.3149813444585866
4,3,7,0.05735097310840156
6,1,7,0.6482180777342321
6,1,7,0.9030952226408369
6,1,7,0.35291544996872376
6,1,7,0.9388397790286686
6,1,7,NaN
6,1,7,0.49795693882232495
4,3,7,0.8886935889394204
6,1,7,0.8236405014654354
4,3,7,0.7717678460439098
4,3,7,0.5238679062670301
3,4,7,0.786623350458894
4,3,7,0.3845553756516382
5,2,7,0.9163216390929619
6,1,7,0.6104096037191906
6,1,7,0.6500704635670264
7,0,7,0.1298724704817915
6,1,7,0.7718834732979032
4,3,7,NaN
7,0,7,NaN
5,2,7,NaN
5,2,7,NaN
6,1,7,NaN
6,1,7,0.34090176897074526
3,4,7,0.35291544996872376
6,1,7,0.27804741012287126
4,3,7,0.583704258552935
6,1,7,0.0494455745194533
6,1,7,NaN
7,0,7,0.5422525769539362
7,0,7,0.8553400459938837
7,0,7,0.6914431924244484
4,3,7,0.7582540955828375
6,1,7,0.024979424385777767
6,1,7,NaN
5,2,7,0.3684147765722506
3,4,7,0.09943458759150654
6,1,7,0.6104096037191906
6,1,7,0.7004946307553668
7,0,7,NaN
5,2,7,0.34761220357298417
7,0,7,0.8356407771585233
6,1,7,0.6505728275062779
5,2,7,NaN
7,0,7,0.03794641341295346
6,1,7,0.12773975537169022
7,0,7,0.7267509803124766
7,0,7,0.28378442242975516
3,4,7,0.21192652223189226
7,0,7,0.11404401218842061
6,1,7,0.9030952226408369
6,1,7,0.11404401218842061
6,1,7,0.49134132118438995
5,2,7,0.9776381857169749
7,0,7,0.6505728275062779
3,4,7,NaN
5,2,7,0.27923371017636817
5,2,7,0.9475166600024885
4,3,7,0.001240015501610167
2,5,7,NaN
5,2,7,0.07470550857760336
7,0,7,NaN
4,3,7,0.09943458759150654
6,1,7,NaN
5,2,7,0.24524244003177142
5,2,7,NaN
6,1,7,0.3149813444585866
6,1,7,NaN
3,4,7,0.24524244003177142
7,0,7,0.8120477488685461
7,0,7,0.4955107983224379
4,3,7,0.8553400459938837
4,3,7,0.49918214384274195
4,3,7,0.24524244003177142
6,1,7,NaN
3,4,7,0.43116983099757117
7,0,7,0.47793771766761745
2,5,7,0.14766029718238274
3,4,7,0.001976043529545728
6,1,7,0.03317022976394289
5,2,7,0.6468867373745472
2,5,7,0.19236277848876807
6,1,7,0.9163216390929619
7,0,7,0.4388287889410952
6,1,7,NaN
6,1,7,0.1298724704817915
5,2,7,0.21801828562993525
4,3,7,0.9163216390929619
6,1,7,0.4841298010053845
7,0,7,0.27923371017636817
5,2,7,0.39064081951093954
5,2,7,NaN
6,1,7,0.6914431924244484
6,1,7,0.7267509803124766
4,3,7,NaN
5,2,7,0.6104096037191906
6,1,7,0.3149813444585866
7,0,7,0.2180321792514569
5,2,7,0.1739887363054829
7,0,7,0.8356407771585233
3,4,7,0.8886935889394204
6,1,7,0.1298724704817915
6,1,7,0.3569678006634699
4,3,7,0.35291544996872376
5,2,7,NaN
6,1,7,NaN
6,1,7,0.8504830088269835
7,0,7,0.8733102078879845
3,4,7,0.27212575476868656
6,1,7,NaN
6,1,7,0.27923371017636817
5,2,7,0.976413425292083
6,1,7,0.8370498159240735
6,1,7,0.008132692286114714
5,2,7,0.07470550857760336
6,1,7,NaN
5,2,7,0.8120477488685461
5,2,7,0.7582540955828375
5,2,7,NaN
7,0,7,0.14766029718238274
7,0,7,0.0007199974042067104
5,2,7,NaN
3,4,7,0.8356407771585233
5,2,7,0.786623350458894
3,4,7,0.0630039028500216
4,3,7,0.6914431924244484
7,0,7,NaN
4,3,7,0.02023257076090796
7,0,7,0.24524244003177142
6,1,7,NaN
6,1,7,0.7883696248010116
4,3,7,0.6914431924244484
7,0,7,0.7758521948360289
6,1,7,0.24524244003177142
4,3,7,0.24524244003177142
4,3,7,0.9062750189464649
6,1,7,0.00458083637822332
5,2,7,0.8356407771585233
4,3,7,NaN
6,1,7,NaN
6,1,7,NaN
6,1,7,0.21192652223189226
7,0,7,0.671884262440174
6,1,7,0.3149813444585866
3,4,7,NaN
4,3,7,NaN
5,2,7,0.5238679062670301
5,2,7,NaN
6,1,7,0.19236277848876807
6,1,7,0.569149748895899
3,4,7,NaN
6,1,7,NaN
3,4,7,0.6909108556815501
3,4,7,NaN
6,1,7,NaN
6,1,7,NaN
4,3,7,0.3149813444585866
6,1,7,0.35291544996872376
6,1,7,0.8154173560465886
7,0,7,0.003442031241625779
7,0,7,0.9490411065363702
7,0,7,0.7267509803124766
5,2,7,0.9993792918935489
4,3,7,0.5238679062670301
3,4,7,0.7267509803124766
4,3,7,0.018728619767883044
3,4,7,0.31348308264580493
2,5,7,NaN
6,1,7,0.21365265131406308
2,5,7,0.9039247128544875
3,4,7,0.13167432976611848
4,3,7,0.2107370810748233
5,2,7,0.9770904897528405
4,3,7,NaN
7,0,7,NaN
6,1,7,0.3231610161230375
5,2,7,0.35587524864318215
6,1,7,NaN
5,2,7,0.8356407771585233
3,4,7,NaN
5,2,7,0.23967195993390902
5,2,7,NaN
6,1,7,0.6505728275062779
4,3,7,NaN
6,1,7,NaN
7,0,7,0.1200079059284548
5,2,7,NaN
5,2,7,0.07470550857760336
6,1,7,0.6505728275062779
6,1,7,0.10327702178179952
5,2,7,0.0002464722772376741
4,3,7,0.030881559391154795
6,1,7,0.47793771766761745
2,5,7,0.7582540955828375
6,1,7,0.2180321792514569
4,3,7,NaN
6,1,7,0.3149813444585866
5,2,7,NaN
3,4,7,NaN
4,3,7,NaN
4,3,7,0.27178907286999066
7,0,7,0.12773975537169022
7,0,7,0.11404401218842061
6,1,7,0.5723478033865719
4,3,7,0.3761245419307974
3,4,7,0.0739986198755672
4,3,7,0.15321939438832988
4,3,7,0.7267509803124766
7,0,7,NaN
5,2,7,0.569149748895899
6,1,7,0.19236277848876807
3,4,7,NaN
4,3,7,0.47793771766761745
5,2,7,0.4409150679801434
4,3,7,0.6198186723337362
5,2,7,0.7820392856731134
7,0,7,0.6505728275062779
4,3,7,0.8733102078879845
4,3,7,0.1298724704817915
5,2,7,0.7267509803124766
5,2,7,0.16806732870266622
5,2,7,NaN
4,3,7,0.9574264943593161
4,3,7,0.5238679062670301
4,3,7,NaN
5,2,7,NaN
6,1,7,0.786623350458894
6,1,7,NaN
6,1,7,NaN
7,0,7,NaN
6,1,7,0.09943458759150654
4,3,7,0.33326865980046866
5,2,7,0.19236277848876807
3,4,7,0.6914431924244484
3,4,7,0.5437446365518499
7,0,7,NaN
4,3,7,0.38527301637080064
7,0,7,0.8356407771585233
4,3,7,0.021960220642977778
7,0,7,NaN
7,0,7,0.5238679062670301
4,3,7,0.24524244003177142
5,2,7,NaN
5,2,7,0.35291544996872376
6,1,7,0.01389863463638223
4,3,7,0.14766029718238274
7,0,7,NaN
6,1,7,NaN
4,3,7,NaN
6,1,7,0.47793771766761745
1,6,7,0.8120477488685461
7,0,7,NaN
4,3,7,0.24104347655366543
4,3,7,0.19236277848876807
6,1,7,NaN
6,1,7,0.11023773663085865
6,1,7,NaN
4,3,7,0.8733102078879845
4,3,7,0.002861878919963153
4,3,7,0.07470550857760336
6,1,7,0.927808813496808
4,3,7,NaN
7,0,7,NaN
5,2,7,0.6104096037191906
6,1,7,0.4409150679801434
6,1,7,0.7267509803124766
6,1,7,0.7267509803124766
6,1,7,NaN
7,0,7,0.008925598745813518
5,2,7,0.8415775866432562
3,4,7,0.27923371017636817
4,3,7,0.6104096037191906
7,0,7,0.024979424385777767
7,0,7,0.8356407771585233
7,0,7,0.5567740199748449
5,2,7,3.4198843145624057e-10
6,1,7,0.569149748895899
4,3,7,0.04370689030141423
4,3,7,0.8135122998034316
7,0,7,0.27923371017636817
3,4,7,0.8356407771585233
4,3,7,0.14766029718238274
7,0,7,0.8120477488685461
6,1,7,0.7582540955828375
5,2,7,NaN
5,2,7,0.8505922633157982
4,3,7,0.8846053896489343
6,1,7,0.6181101058296996
5,2,7,0.42145703666973044
5,2,7,NaN
6,1,7,0.6914431924244484
7,0,7,0.028886075440067927
7,0,7,0.028886075440067927
5,2,7,0.786623350458894
5,2,7,NaN
7,0,7,0.43116983099757117
6,1,7,NaN
6,1,7,0.8886935889394204
4,3,7,0.08596717446393809
6,1,7,0.7829533425930767
5,2,7,0.7267509803124766
3,4,7,0.2531205832179865
5,2,7,NaN
4,3,7,NaN
3,4,7,NaN
6,1,7,0.9711836190363513
4,3,7,NaN
6,1,7,0.0013423680881663256
7,0,7,0.5740249097901647
5,2,7,0.3680749717320121
5,2,7,0.8356407771585233
6,1,7,0.43116983099757117
4,3,7,0.27923371017636817
6,1,7,NaN
3,4,7,0.6104096037191906
3,4,7,0.43116983099757117
4,3,7,0.4611325262333748
5,2,7,0.47793771766761745
5,2,7,0.9388397790286686
5,2,7,0.19236277848876807
4,3,7,NaN
7,0,7,0.9163216390929619
5,2,7,NaN
4,3,7,0.5238679062670301
4,3,7,NaN
1,6,7,0.48284286108776076
7,0,7,0.6297379206032901
6,1,7,0.8733102078879845
6,1,7,0.11404401218842061
5,2,7,0.09039120529974017
6,1,7,0.4749772618230307
3,4,7,0.39064081951093954
7,0,7,NaN
6,1,7,NaN
6,1,7,NaN
5,2,7,NaN
7,0,7,0.06611573959509347
5,2,7,NaN
6,1,7,NaN
6,1,7,0.03317022976394289
5,2,7,NaN
3,4,7,NaN
5,2,7,0.19953098496642013
4,3,7,0.47793771766761745
5,2,7,NaN
4,3,7,0.6914431924244484
4,3,7,0.11404401218842061
5,2,7,NaN
7,0,7,0.4786712662113003
5,2,7,NaN
3,4,7,0.024979424385777767
7,0,7,0.8553400459938837
5,2,7,0.8553400459938837
4,3,7,0.01880761644846058
6,1,7,0.3575430700112861
6,1,7,0.03317022976394289
4,3,7,NaN
6,1,7,0.4338351419398155
6,1,7,0.05742826055407044
4,3,7,0.8120650679189139
5,2,7,0.0021658441345355074
3,4,7,0.6432303195892692
7,0,7,0.0494455745194533
3,4,7,0.1298724704817915
5,2,7,NaN
5,2,7,0.13574399758183164
3,4,7,0.006776431157113699
6,1,7,0.059706748683590896
4,3,7,NaN
6,1,7,NaN
3,4,7,0.3014024516562934
6,1,7,0.7267509803124766
5,2,7,0.569149748895899
6,1,7,0.23767833553316434
6,1,7,NaN
3,4,7,0.4611979671507897
4,3,7,0.8356407771585233
6,1,7,0.14766029718238274
4,3,7,0.5238679062670301
4,3,7,0.6505728275062779
4,3,7,NaN
5,2,7,0.569149748895899
5,2,7,0.16806732870266622
2,5,7,NaN
6,1,7,0.9163216390929619
5,2,7,0.24524244003177142
4,3,7,0.6104096037191906
5,2,7,0.01579473713175917
6,1,7,0.24914024105595053
7,0,7,0.786623350458894
6,1,7,0.004110290842626127
6,1,7,NaN
5,2,7,0.6124850666781179
5,2,7,NaN
6,1,7,NaN
5,2,7,NaN
4,3,7,NaN
4,3,7,0.9787973768019238
6,1,7,NaN
7,0,7,0.9030952226408369
7,0,7,0.8886935889394204
6,1,7,0.6633007151597551
4,3,7,0.5238679062670301
3,4,7,0.3575430700112861
7,0,7,0.2635919661402064
3,4,7,0.685375302412876
5,2,7,0.6505728275062779
7,0,7,NaN
6,1,7,0.3149813444585866
6,1,7,NaN
6,1,7,0.786623350458894
5,2,7,NaN
4,3,7,NaN
5,2,7,NaN
4,3,7,NaN
6,1,7,0.6104096037191906
5,2,7,0.024979424385777767
7,0,7,0.2834268479442009
6,1,7,NaN
6,1,7,0.8356407771585233
6,1,7,0.9711836190363513
4,3,7,0.569149748895899
5,2,7,0.3114228962546707
6,1,7,NaN
7,0,7,NaN
6,1,7,0.6707159238212521
7,0,7,0.24524244003177142
4,3,7,0.02059491414632601
6,1,7,0.7051048860295676
6,1,7,0.9574264943593161
2,5,7,0.028886075440067927
5,2,7,0.7582540955828375
4,3,7,0.8120477488685461
6,1,7,0.9163216390929619
5,2,7,0.43116983099757117
5,2,7,0.4326296637015369
6,1,7,NaN
6,1,7,0.11404401218842061
6,1,7,NaN
5,2,7,0.6505728275062779
6,1,7,0.569149748895899
6,1,7,0.9490411065363702
6,1,7,0.7898927340743036
7,0,7,NaN
4,3,7,0.07470550857760336
3,4,7,0.39064081951093954
5,2,7,NaN
6,1,7,4.5095060801502485e-5
5,2,7,0.43116983099757117
7,0,7,0.569149748895899
7,0,7,0.5238679062670301
4,3,7,0.01631377147053314
6,1,7,0.5238679062670301
2,5,7,0.24524244003177142
5,2,7,NaN
6,1,7,0.5238679062670301
6,1,7,NaN
5,2,7,0.5238679062670301
7,0,7,0.332479597025432
5,2,7,NaN
4,3,7,0.6505728275062779
5,2,7,0.3634279597327827
3,4,7,0.07144301127571027
7,0,7,0.9574264943593161
6,1,7,0.47793771766761745
7,0,7,0.8120477488685461
6,1,7,NaN
4,3,7,0.12630237091773283
5,2,7,0.04089864774737193
5,2,7,0.27923371017636817
4,3,7,NaN
7,0,7,NaN
5,2,7,0.8886935889394204
2,5,7,0.05267472679002931
3,4,7,0.24524244003177142
3,4,7,NaN
7,0,7,0.5238679062670301
5,2,7,NaN
5,2,7,0.14766029718238274
6,1,7,0.6505728275062779
4,3,7,0.14766029718238274
6,1,7,0.04997649280041309
5,2,7,0.9714796873064745
7,0,7,0.028886075440067927
7,0,7,NaN
5,2,7,NaN
6,1,7,0.7582540955828375
5,2,7,0.3742435995723311
7,0,7,0.786623350458894
3,4,7,0.5238679062670301
5,2,7,NaN
6,1,7,0.9163216390929619
7,0,7,0.6019505004417548
7,0,7,NaN
7,0,7,0.16806732870266622
4,3,7,0.0204484426044272
6,1,7,0.5238679062670301
2,5,7,0.5618634859342676
5,2,7,0.9030952226408369
6,1,7,0.898383341903535
5,2,7,0.8120477488685461
3,4,7,0.024979424385777767
7,0,7,0.16806732870266622
6,1,7,NaN
5,2,7,NaN
7,0,7,0.6914431924244484
4,3,7,0.9711836190363513
6,1,7,0.39064081951093954
3,4,7,0.8356407771585233
2,5,7,NaN
4,3,7,NaN
5,2,7,NaN
6,1,7,NaN
6,1,7,0.6203771858916055
5,2,7,0.6914431924244484
3,4,7,NaN
7,0,7,0.7249702042008515
5,2,7,0.27923371017636817
7,0,7,0.8733102078879845
6,1,7,NaN
3,4,7,0.05735097310840156
3,4,7,0.7251339425213262
4,3,7,0.07719835415438564
5,2,7,0.016314898271010056
6,1,7,0.8356407771585233
6,1,7,0.47793771766761745
5,2,7,NaN
7,0,7,NaN
6,1,7,NaN
4,3,7,0.8733102078879845
6,1,7,0.9481606420043924
7,0,7,NaN
5,2,7,0.7267509803124766
6,1,7,0.0011945192539890418
5,2,7,NaN
4,3,7,0.1298724704817915
5,2,7,0.6505728275062779
7,0,7,0.591091083820003
4,3,7,0.6505728275062779
6,1,7,0.9649170932836378
5,2,7,0.12587348997925174
6,1,7,0.786623350458894
7,0,7,0.9857264206675347
6,1,7,0.9574264943593161
5,2,7,0.569149748895899
4,3,7,0.7582540955828375
5,2,7,NaN
3,4,7,NaN
6,1,7,NaN
5,2,7,0.5932290821066095
6,1,7,0.006291610364558353
4,3,7,0.9030952226408369
5,2,7,NaN
3,4,7,0.9503849767387041
5,2,7,0.24524244003177142
4,3,7,NaN
4,3,7,0.43116983099757117
4,3,7,NaN
5,2,7,0.5136659797345695
5,2,7,0.47793771766761745
3,4,7,NaN
6,1,7,NaN
6,1,7,NaN
7,0,7,0.032809717157230425
5,2,7,0.030501767605601224
5,2,7,0.9490411065363702
4,3,7,0.08596717446393809
2,5,7,NaN
5,2,7,0.7267509803124766
5,2,7,0.39064081951093954
6,1,7,0.40057686224618433
5,2,7,NaN
5,2,7,0.11404401218842061
6,1,7,0.7280943808812835
5,2,7,0.7582540955828375
4,3,7,0.7582540955828375
7,0,7,0.9867514747722076
2,5,7,NaN
4,3,7,NaN
7,0,7,0.976413425292083
6,1,7,0.569149748895899
4,3,7,0.8553400459938837
3,4,7,0.24524244003177142
4,3,7,NaN
4,3,7,0.7267509803124766
7,0,7,0.6612022198553533
7,0,7,0.13694115382136104
6,1,7,0.6104096037191906
7,0,7,0.16991743917154892
6,1,7,0.09943458759150654
6,1,7,0.6966944220734185
5,2,7,0.3149813444585866
6,1,7,0.5238679062670301
2,5,7,0.6799010381106332
5,2,7,0.2180321792514569
6,1,7,0.021960220642977778
5,2,7,0.04370689030141423
4,3,7,0.786623350458894
6,1,7,0.6914431924244484
6,1,7,0.00044001059650286653
7,0,7,0.9163216390929619
5,2,7,0.08246061550628658
4,3,7,NaN
5,2,7,0.8414882176549443
4,3,7,0.47793771766761745
4,3,7,0.9769765172901873
6,1,7,0.976413425292083
6,1,7,0.1298724704817915
7,0,7,0.8733102078879845
5,2,7,0.6104096037191906
6,1,7,NaN
7,0,7,NaN
3,4,7,0.04370689030141423
7,0,7,0.8553400459938837
6,1,7,0.14082917703140416
7,0,7,NaN
2,5,7,NaN
5,2,7,NaN
2,5,7,0.27923371017636817
6,1,7,0.009778647628762748
5,2,7,0.6505728275062779
3,4,7,0.3149813444585866
3,4,7,0.33330440151059476
4,3,7,0.8553400459938837
7,0,7,0.8120477488685461
4,3,7,0.39064081951093954
4,3,7,0.44311266049772563
5,2,7,0.5514079975878313
6,1,7,NaN
6,1,7,0.11404401218842061
6,1,7,NaN
6,1,7,NaN
5,2,7,NaN
4,3,7,NaN
5,2,7,0.024979424385777767
5,2,7,0.9163216390929619
5,2,7,0.013246614512978715
5,2,7,0.21338586630487963
7,0,7,0.9490411065363702
5,2,7,0.43116983099757117
3,4,7,NaN
6,1,7,0.14766029718238274
6,1,7,0.5238679062670301
6,1,7,0.2417013304671269
6,1,7,0.19236277848876807
5,2,7,0.8733102078879845
6,1,7,0.976413425292083
6,1,7,0.39064081951093954
5,2,7,0.057200279132576734
5,2,7,0.24899449722401487
4,3,7,0.05942871667226306
6,1,7,0.02260783223413573
5,2,7,0.569149748895899
4,3,7,0.24524244003177142
6,1,7,NaN
5,2,7,0.3149813444585866
5,2,7,0.3149813444585866
6,1,7,0.35291544996872376
6,1,7,0.8553400459938837
6,1,7,0.9490411065363702
6,1,7,4.3113584866942236e-5
3,4,7,0.35291544996872376
6,1,7,0.6505728275062779
7,0,7,NaN
4,3,7,NaN
4,3,7,0.05296112601931084
6,1,7,NaN
5,2,7,0.24524244003177142
6,1,7,0.39064081951093954
6,1,7,0.04370689030141423
7,0,7,0.9574264943593161
4,3,7,0.9234008089309449
7,0,7,0.4806330734118194
6,1,7,0.47793771766761745
4,3,7,0.786623350458894
5,2,7,0.8886935889394204
5,2,7,0.27923371017636817
5,2,7,0.8120477488685461
5,2,7,0.6104096037191906
5,2,7,0.5238679062670301
6,1,7,0.35291544996872376
7,0,7,0.05735097310840156
5,2,7,0.6104096037191906
3,4,7,0.16792911421874926
7,0,7,0.35291544996872376
4,3,7,0.2180321792514569
2,5,7,0.03794641341295346
2,5,7,0.1298724704817915
5,2,7,NaN
5,2,7,0.9030952226408369
6,1,7,0.8553400459938837
5,2,7,NaN
7,0,7,0.8356407771585233
6,1,7,0.14766029718238274
7,0,7,NaN
7,0,7,0.6505728275062779
4,3,7,0.6104096037191906
4,3,7,0.9793243167250663
3,4,7,0.27923371017636817
3,4,7,NaN
6,1,7,0.9030952226408369
7,0,7,0.00022580455973041474
7,0,7,0.0494455745194533
4,3,7,0.20947649362836407
4,3,7,0.6951558211975414
6,1,7,0.569149748895899
6,1,7,0.5238679062670301
5,2,7,0.8120477488685461
6,1,7,0.3149813444585866
6,1,7,0.5664586559315047
2,5,7,NaN
6,1,7,0.11005482189815376
5,2,7,0.3742435995723311
5,2,7,NaN
5,2,7,0.47793771766761745
5,2,7,0.39064081951093954
4,3,7,0.1546215281318603
6,1,7,0.23778090130669274
4,3,7,0.39064081951093954
4,3,7,NaN
4,3,7,NaN
6,1,7,0.6104096037191906
4,3,7,1.7462585706160987e-5
6,1,7,0.7582540955828375
7,0,7,0.3149813444585866
5,2,7,0.8886935889394204
7,0,7,0.08596717446393809
7,0,7,NaN
5,2,7,0.1955114354155344
5,2,7,0.6104096037191906
5,2,7,0.45848711376105067
6,1,7,0.03781652145430735
4,3,7,NaN
7,0,7,0.35291544996872376
6,1,7,0.7249415004237635
4,3,7,0.14354816969760925
4,3,7,NaN
3,4,7,0.786623350458894
6,1,7,0.07470550857760336
6,1,7,0.021960220642977778
7,0,7,0.3606508982417093
6,1,7,0.7582540955828375
5,2,7,NaN
5,2,7,0.07470550857760336
5,2,7,NaN
7,0,7,0.11404401218842061
3,4,7,0.6104096037191906
7,0,7,0.4146917806427044
4,3,7,0.6914431924244484
3,4,7,NaN
5,2,7,0.5238679062670301
2,5,7,0.39064081951093954
3,4,7,0.8553400459938837
7,0,7,NaN
4,3,7,0.7688545625668083
5,2,7,0.35291544996872376
5,2,7,0.9163216390929619
6,1,7,0.9163216390929619
5,2,7,0.2180321792514569
6,1,7,NaN
3,4,7,NaN
6,1,7,0.6505728275062779
5,2,7,0.28307077970323524
3,4,7,0.8120477488685461
5,2,7,0.9030952226408369
7,0,7,NaN
4,3,7,NaN
6,1,7,0.8120477488685461
6,1,7,0.41317226988116207
4,3,7,0.19236277848876807
6,1,7,0.8351109592176696
6,1,7,NaN
7,0,7,NaN
4,3,7,0.3149813444585866
3,4,7,0.24524244003177142
5,2,7,NaN
6,1,7,0.9574264943593161
3,4,7,0.6505728275062779
5,2,7,0.7267509803124766
2,5,7,0.23724447940630053
3,4,7,0.021960220642977778
5,2,7,0.1253908874723245
5,2,7,NaN
6,1,7,0.16806732870266622
3,4,7,NaN
5,2,7,0.7237030627829396
4,3,7,0.14766029718238274
2,5,7,0.6505728275062779
6,1,7,0.35291544996872376
4,3,7,0.35291544996872376
6,1,7,0.3204276667879883
4,3,7,NaN
5,2,7,NaN
7,0,7,0.2180321792514569
6,1,7,NaN
4,3,7,0.1370453755522779
7,0,7,0.7582540955828375
4,3,7,0.6104096037191906
7,0,7,0.5238679062670301
5,2,7,4.769528937840503e-5
7,0,7,NaN
3,4,7,0.569149748895899
2,5,7,NaN
7,0,7,NaN
7,0,7,0.05330155335845117
3,4,7,NaN
5,2,7,NaN
3,4,7,NaN
6,1,7,0.03317022976394289
7,0,7,0.07100384143277781
3,4,7,0.43921332554793197
7,0,7,0.24524244003177142
3,4,7,NaN
7,0,7,0.7582540955828375
5,2,7,0.2180321792514569
5,2,7,0.39064081951093954
4,3,7,NaN
3,4,7,0.7288736847526647
4,3,7,0.4000801055241669
6,1,7,0.8068335743694346
4,3,7,0.8886935889394204
3,4,7,NaN
7,0,7,NaN
6,1,7,0.8120477488685461
6,1,7,NaN
5,2,7,0.8553400459938837
7,0,7,0.47793771766761745
6,1,7,0.7582540955828375
6,1,7,0.5238679062670301
6,1,7,0.8120477488685461
4,3,7,NaN
4,3,7,0.39064081951093954
7,0,7,0.22721344589483075
3,4,7,0.47793771766761745
5,2,7,NaN
5,2,7,0.05487751302693134
4,3,7,0.47793771766761745
7,0,7,NaN
5,2,7,0.3871581495179797
4,3,7,NaN
6,1,7,NaN
6,1,7,0.8120477488685461
7,0,7,0.9030952226408369
4,3,7,0.08740237658058177
3,4,7,0.7267509803124766
4,3,7,0.8886935889394204
6,1,7,0.028886075440067927
7,0,7,0.6505728275062779
5,2,7,0.786623350458894
6,1,7,0.8213387706992771
5,2,7,0.1955114354155344
3,4,7,0.7582540955828375
6,1,7,0.9743439185802852
5,2,7,0.6914431924244484
5,2,7,0.14766029718238274
5,2,7,0.7582540955828375
6,1,7,0.35291544996872376
5,2,7,NaN
4,3,7,0.39064081951093954
7,0,7,0.6505728275062779
6,1,7,0.600450870138093
2,5,7,NaN
5,2,7,0.016314898271010056
7,0,7,0.9388397790286686
4,3,7,0.14113342861177913
6,1,7,0.8213387706992771
6,1,7,0.2076344762375495
5,2,7,0.927808813496808
4,3,7,0.7267509803124766
4,3,7,0.5104256188862456
7,0,7,NaN
3,4,7,0.35291544996872376
6,1,7,0.5997367624036737
7,0,7,NaN
6,1,7,0.8553400459938837
5,2,7,0.0069761914769390105
6,1,7,0.8733102078879845
5,2,7,0.7267509803124766
5,2,7,0.11441415810964797
4,3,7,0.6104096037191906
7,0,7,NaN
5,2,7,0.6914431924244484
7,0,7,NaN
6,1,7,0.9388397790286686
5,2,7,NaN
6,1,7,0.5238679062670301
4,3,7,NaN
4,3,7,0.07470550857760336
4,3,7,0.786623350458894
3,4,7,0.1298724704817915
5,2,7,0.01738938273898306
3,4,7,NaN
4,3,7,0.033724783567914994
6,1,7,0.7267509803124766
5,2,7,0.47793771766761745
5,2,7,0.47793771766761745
4,3,7,0.9463302358534665
7,0,7,NaN
4,3,7,0.7267509803124766
4,3,7,0.0022565980531312054
4,3,7,0.39701712315508486
2,5,7,0.08596717446393809
5,2,7,0.6914431924244484
6,1,7,0.7267509803124766
6,1,7,NaN
3,4,7,0.569149748895899
5,2,7,0.09943458759150654
4,3,7,NaN
5,2,7,0.7582540955828375
7,0,7,NaN
7,0,7,NaN
3,4,7,0.2180321792514569
6,1,7,0.35291544996872376
4,3,7,0.6505728275062779
5,2,7,0.39064081951093954
2,5,7,0.569149748895899
3,4,7,NaN
2,5,7,NaN
4,3,7,0.786623350458894
6,1,7,0.3154827181210648
4,3,7,0.39064081951093954
6,1,7,NaN
7,0,7,NaN
4,3,7,0.8792351123040099
7,0,7,0.8633549083996223
6,1,7,0.4964159108272727
5,2,7,0.21789723100099276
6,1,7,0.14766029718238274
7,0,7,0.2180321792514569
4,3,7,0.5319321778085871
3,4,7,NaN
3,4,7,NaN
5,2,7,0.569149748895899
6,1,7,0.8553400459938837
4,3,7,0.43116983099757117
6,1,7,NaN
6,1,7,NaN
7,0,7,0.5997367624036737
4,3,7,0.8447223468532435
5,2,7,NaN
3,4,7,0.9388397790286686
3,4,7,NaN
4,3,7,0.7118303812222769
4,3,7,0.6099108764384441
5,2,7,0.3149813444585866
7,0,7,0.43116983099757117
5,2,7,NaN
3,4,7,0.9163216390929619
3,4,7,0.09943458759150654
6,1,7,NaN
2,5,7,NaN
4,3,7,0.6178846619406263
6,1,7,0.02059491414632601
3,4,7,0.8356407771585233
6,1,7,0.6505728275062779
7,0,7,0.22721344589483075
5,2,7,NaN
7,0,7,0.1634480400371566
6,1,7,0.9163216390929619
6,1,7,NaN
5,2,7,0.7582540955828375
6,1,7,0.35291544996872376
5,2,7,0.3149813444585866
6,1,7,0.5238679062670301
2,5,7,0.9708770260810728
4,3,7,0.9857264206675347
4,3,7,0.8356407771585233
5,2,7,0.4023821492670515
4,3,7,0.8553400459938837
6,1,7,0.03115804787969391
5,2,7,0.569149748895899
5,2,7,0.7582540955828375
6,1,7,0.7582540955828375
4,3,7,0.27369177007057516
5,2,7,NaN
7,0,7,0.6181101058296996
6,1,7,NaN
4,3,7,0.9030952226408369
4,3,7,NaN
5,2,7,0.9388397790286686
5,2,7,0.7267509803124766
6,1,7,NaN
5,2,7,0.026409962191555184
4,3,7,NaN
7,0,7,0.06611573959509347
6,1,7,0.6505728275062779
5,2,7,0.23857314542651398
6,1,7,0.7582540955828375
2,5,7,NaN
3,4,7,0.27923371017636817
5,2,7,0.1298724704817915
4,3,7,0.8120477488685461
5,2,7,0.9711836190363513
5,2,7,0.9369363208107282
3,4,7,0.9872470307369259
5,2,7,0.569149748895899
3,4,7,0.43116983099757117
5,2,7,0.9163216390929619
3,4,7,0.659583339612714
5,2,7,0.009778647628762748
2,5,7,0.27923371017636817
7,0,7,0.8733102078879845
4,3,7,0.3149813444585866
4,3,7,NaN
5,2,7,0.6104096037191906
6,1,7,0.6914431924244484
4,3,7,0.24524244003177142
7,0,7,0.8733102078879845
4,3,7,0.9490411065363702
7,0,7,0.5238679062670301
6,1,7,NaN
4,3,7,0.3149813444585866
7,0,7,0.8442143217132388
6,1,7,NaN
4,3,7,0.9363177018631194
5,2,7,0.18268889243605613
5,2,7,0.0041098896001649995
5,2,7,NaN
6,1,7,0.8120477488685461
4,3,7,NaN
3,4,7,0.04370689030141423
1,6,7,0.6104096037191906
5,2,7,0.786623350458894
7,0,7,0.48741518333156936
7,0,7,0.3149813444585866
3,4,7,0.7267509803124766
3,4,7,NaN
6,1,7,0.40057686224618433
4,3,7,0.580476664706154
2,5,7,NaN
6,1,7,NaN
4,3,7,0.012261395342655239
5,2,7,0.05735097310840156
6,1,7,0.5238679062670301
5,2,7,NaN
6,1,7,NaN
5,2,7,NaN
7,0,7,NaN
4,3,7,0.11003319334580011
3,4,7,0.9490411065363702
7,0,7,NaN
5,2,7,0.0357711320309493
6,1,7,0.2180321792514569
5,2,7,0.35291544996872376
6,1,7,NaN
2,5,7,0.569149748895899
5,2,7,0.7267509803124766
4,3,7,0.014750519362452278
3,4,7,0.48392550552826236
6,1,7,0.4038646964388369
2,5,7,0.6505728275062779
7,0,7,0.7582540955828375
6,1,7,0.2859055160429459
6,1,7,0.7774891427160723
7,0,7,NaN
2,5,7,0.9503849767387041
7,0,7,0.5997367624036737
4,3,7,NaN
4,3,7,NaN
5,2,7,0.8886935889394204
7,0,7,NaN
5,2,7,0.2199258087791301
1,6,7,0.3991804991956431
1,6,7,0.569149748895899
1,6,7,0.9030952226408369
3,4,7,0.35291544996872376
7,0,7,0.14766029718238274
4,3,7,0.07470550857760336
2,5,7,0.35291544996872376
2,5,7,0.39064081951093954
3,4,7,0.8530191354146802
5,2,7,NaN
5,2,7,NaN
6,1,7,NaN
5,2,7,0.8772173292823856
5,2,7,0.8356407771585233
5,2,7,0.27923371017636817
4,3,7,0.6104096037191906
3,4,7,0.35291544996872376
6,1,7,0.35291544996872376
3,4,7,0.6914431924244484
5,2,7,NaN
6,1,7,NaN
3,4,7,0.9574264943593161
4,3,7,0.44455820687200376
4,3,7,0.2526461978423147
6,1,7,0.9163216390929619
4,3,7,0.43116983099757117
4,3,7,0.14766029718238274
6,1,7,0.3149813444585866
6,1,7,NaN
4,3,7,0.976352411899471
6,1,7,0.5272864178103512
7,0,7,NaN
7,0,7,0.47793771766761745
4,3,7,0.2775591129125469
6,1,7,0.9388397790286686
6,1,7,0.6505728275062779
5,2,7,0.09943458759150654
3,4,7,NaN
5,2,7,0.5852182796679051
7,0,7,0.5238679062670301
3,4,7,0.02864218466860735
3,4,7,0.8120477488685461
5,2,7,0.7582540955828375
5,2,7,NaN
5,2,7,0.06611573959509347
5,2,7,NaN
5,2,7,NaN
6,1,7,NaN
4,3,7,0.07711890120107545
5,2,7,0.8733102078879845
2,5,7,NaN
2,5,7,NaN
7,0,7,NaN
6,1,7,0.9790284717996436
6,1,7,0.19236277848876807
7,0,7,NaN
5,2,7,NaN
6,1,7,0.16307530245483515
5,2,7,NaN
7,0,7,0.9030952226408369
5,2,7,0.8733102078879845
6,1,7,0.8553400459938837
5,2,7,0.9626629527274152
3,4,7,0.9163216390929619
6,1,7,NaN
5,2,7,0.028886075440067927
5,2,7,NaN
6,1,7,0.9163216390929619
4,3,7,0.7267509803124766
6,1,7,0.8733102078879845
6,1,7,0.7582540955828375
6,1,7,0.04370689030141423
1,6,7,NaN
4,3,7,NaN
4,3,7,0.741400356185576
3,4,7,1.0572399185823128e-5
6,1,7,0.9030952226408369
6,1,7,0.001615416478124687
3,4,7,0.5011698656182956
5,2,7,0.7267509803124766
7,0,7,0.5238679062670301
4,3,7,NaN
6,1,7,0.08596717446393809
3,4,7,0.977386714330231
4,3,7,NaN
6,1,7,0.0006417664607406903
3,4,7,NaN
4,3,7,NaN
4,3,7,NaN
7,0,7,0.5874148019861682
7,0,7,0.14766029718238274
3,4,7,0.19236277848876807
4,3,7,0.07292140901541648
2,5,7,NaN
4,3,7,0.8886935889394204
7,0,7,NaN
7,0,7,0.1298724704817915
4,3,7,0.569149748895899
7,0,7,0.35291544996872376
5,2,7,0.06611573959509347
4,3,7,0.27923371017636817
4,3,7,0.4201688331859995
7,0,7,0.03794641341295346
6,1,7,0.39064081951093954
7,0,7,0.9574264943593161
7,0,7,0.911629832151686
4,3,7,0.6914431924244484
6,1,7,0.27369177007057516
3,4,7,0.39064081951093954
5,2,7,0.6914431924244484
7,0,7,0.6104096037191906
6,1,7,0.19236277848876807
6,1,7,0.00885557391209198
5,2,7,0.6914431924244484
3,4,7,0.16307530245483515
5,2,7,0.6505728275062779
5,2,7,0.7267509803124766
6,1,7,NaN
5,2,7,0.24368594119729317
5,2,7,NaN
5,2,7,0.8772173292823856
4,3,7,0.13720864399957322
5,2,7,0.6914431924244484
5,2,7,0.7267509803124766
6,1,7,0.47793771766761745
3,4,7,0.27923371017636817
5,2,7,0.16806732870266622
6,1,7,0.19236277848876807
2,5,7,0.8553400459938837
6,1,7,0.818859453949597
6,1,7,0.927808813496808
5,2,7,NaN
7,0,7,0.7582540955828375
4,3,7,0.6505728275062779
6,1,7,0.3960964105560513
3,4,7,NaN
6,1,7,0.35291544996872376
7,0,7,0.43116983099757117
5,2,7,0.009778647628762748
4,3,7,NaN
5,2,7,0.5238679062670301
3,4,7,0.1416498128847232
6,1,7,0.7267509803124766
3,4,7,NaN
7,0,7,NaN
6,1,7,0.9857264206675347
6,1,7,0.6550286662496524
2,5,7,0.5403493661528306
3,4,7,0.8120477488685461
7,0,7,0.5608165511214481
5,2,7,0.5238679062670301
2,5,7,0.111799773585099
5,2,7,NaN
7,0,7,0.0007101484987586474
5,2,7,0.8072793293969286
2,5,7,NaN
4,3,7,0.49918214384274195
6,1,7,NaN
6,1,7,0.569149748895899
6,1,7,0.9711836190363513
3,4,7,0.24391384367915364
5,2,7,0.8626123396509864
7,0,7,0.6505728275062779
5,2,7,NaN
5,2,7,0.6914431924244484
4,3,7,0.7582540955828375
3,4,7,0.3275809732650753
6,1,7,0.48835881909493345
5,2,7,0.9096230823462605
3,4,7,0.2180321792514569
3,4,7,0.786623350458894
4,3,7,0.35291544996872376
7,0,7,0.881722821436595
5,2,7,0.43300054181328856
3,4,7,0.6104096037191906
7,0,7,0.0021658441345355074
7,0,7,NaN
5,2,7,0.8334585995484338
7,0,7,0.43116983099757117
5,2,7,0.6104096037191906
4,3,7,0.43116983099757117
3,4,7,0.16806732870266622
6,1,7,0.021960220642977778
7,0,7,0.14766029718238274
7,0,7,0.835445920380814
7,0,7,NaN
6,1,7,NaN
4,3,7,0.43116983099757117
5,2,7,0.8126966716884672
7,0,7,0.24524244003177142
5,2,7,0.569149748895899
5,2,7,0.4553922840654004
6,1,7,0.6914431924244484
4,3,7,0.9084939409843066
5,2,7,0.8733102078879845
5,2,7,0.9617351697746482
3,4,7,0.8120477488685461
5,2,7,0.194193996926544
6,1,7,NaN
7,0,7,0.16806732870266622
6,1,7,NaN
7,0,7,0.6555287729991368
6,1,7,0.3213698514196318
7,0,7,0.011194948428434541
4,3,7,0.5337265242442191
4,3,7,0.7582540955828375
6,1,7,NaN
5,2,7,0.4224113138603762
6,1,7,0.5238679062670301
4,3,7,0.24460822501461685
1,6,7,0.8356407771585233
4,3,7,0.6505728275062779
5,2,7,NaN
4,3,7,0.18193580930670458
3,4,7,NaN
3,4,7,0.09558994661775555
6,1,7,0.024979424385777767
3,4,7,0.04778084000038995
3,4,7,0.7491904517465607
4,3,7,0.8972429512221398
3,4,7,0.6426385446506481
5,2,7,0.43116983099757117
6,1,7,0.6505728275062779
2,5,7,0.43116983099757117
7,0,7,0.9234008089309449
5,2,7,0.835445920380814
5,2,7,0.927808813496808
5,2,7,0.9711836190363513
5,2,7,0.569149748895899
6,1,7,0.5238679062670301
3,4,7,NaN
3,4,7,0.1298724704817915
7,0,7,NaN
6,1,7,0.26543955876019565
3,4,7,0.9649170932836378
5,2,7,0.569149748895899
5,2,7,0.3058366289693537
7,0,7,0.569149748895899
3,4,7,0.9163216390929619
2,5,7,0.8356407771585233
5,2,7,NaN
5,2,7,0.021960220642977778
6,1,7,0.03794641341295346
6,1,7,0.7267509803124766
6,1,7,NaN
6,1,7,0.03317022976394289
5,2,7,0.9811127762214269
1,6,7,0.014717126937960987
4,3,7,0.1370453755522779
5,2,7,0.3149813444585866
6,1,7,0.43116983099757117
4,3,7,0.786623350458894
5,2,7,0.9485861991488049
5,2,7,NaN
5,2,7,0.9574264943593161
3,4,7,NaN
7,0,7,0.47793771766761745
7,0,7,0.8553400459938837
7,0,7,0.09943458759150654
6,1,7,0.6914431924244484
5,2,7,0.6880751652472807
7,0,7,0.8553400459938837
6,1,7,0.16806732870266622
3,4,7,0.43116983099757117
7,0,7,0.8120477488685461
2,5,7,0.09943458759150654
7,0,7,NaN
4,3,7,0.9030952226408369
5,2,7,0.06102968370002862
4,3,7,0.9574264943593161
7,0,7,0.35291544996872376
4,3,7,0.8120477488685461
5,2,7,0.03317022976394289
2,5,7,0.03876496707735809
7,0,7,0.5223924410112606
7,0,7,0.07363145247980953
3,4,7,3.823651763444095e-7
4,3,7,0.38845653221823784
4,3,7,0.4991160421078876
6,1,7,0.14766029718238274
2,5,7,0.9574264943593161
3,4,7,0.14766029718238274
4,3,7,0.35291544996872376
5,2,7,NaN
6,1,7,0.927808813496808
7,0,7,NaN
4,3,7,NaN
3,4,7,0.9030952226408369
3,4,7,0.0004947725474043278
6,1,7,0.976413425292083
5,2,7,NaN
5,2,7,NaN
3,4,7,NaN
4,3,7,0.16806732870266622
3,4,7,0.8553400459938837
5,2,7,NaN
5,2,7,0.22940196305137553
6,1,7,0.16806732870266622
6,1,7,0.8733102078879845
4,3,7,NaN
3,4,7,NaN
6,1,7,0.8264473595056105
5,2,7,0.927808813496808
4,3,7,0.5983679447151996
5,2,7,0.04370689030141423
3,4,7,0.6104096037191906
4,3,7,0.008126970210441814
5,2,7,0.5238679062670301
4,3,7,0.1416498128847232
5,2,7,0.35291544996872376
7,0,7,0.028886075440067927
5,2,7,0.6505728275062779
3,4,7,0.7582540955828375
5,2,7,0.9205520696841176
2,5,7,0.8846053896489343
2,5,7,0.43116983099757117
5,2,7,0.9388397790286686
5,2,7,0.8085134082657423
4,3,7,0.27923371017636817
4,3,7,NaN
4,3,7,NaN
6,1,7,0.05735097310840156
3,4,7,0.024979424385777767
5,2,7,NaN
4,3,7,0.9490411065363702
4,3,7,0.8733102078879845
5,2,7,0.6757318421349375
7,0,7,NaN
3,4,7,NaN
4,3,7,0.8272931386569693
6,1,7,NaN
7,0,7,0.9894656266614458
5,2,7,0.06880985822046329
5,2,7,0.19236277848876807
4,3,7,0.41220587784174245
5,2,7,NaN
5,2,7,NaN
5,2,7,NaN
5,2,7,NaN
6,1,7,0.029433947477451497
6,1,7,0.9574264943593161
5,2,7,NaN
4,3,7,NaN
6,1,7,0.569149748895899
6,1,7,0.17326199200780926
3,4,7,0.7847765916768703
4,3,7,0.7582540955828375
4,3,7,NaN
4,3,7,0.04370689030141423
5,2,7,0.35291544996872376
2,5,7,0.35291544996872376
5,2,7,0.011532985534739066
6,1,7,NaN
4,3,7,0.6914431924244484
6,1,7,0.8630485905458092
3,4,7,0.7267509803124766
5,2,7,NaN
4,3,7,NaN
5,2,7,0.8763124080288489
3,4,7,NaN
5,2,7,0.6505728275062779
1,6,7,NaN
5,2,7,0.9163216390929619
5,2,7,0.5648882816339776
5,2,7,NaN
5,2,7,NaN
4,3,7,0.3149813444585866
5,2,7,0.024979424385777767
4,3,7,0.2180321792514569
3,4,7,0.8298866076559507
3,4,7,0.7267509803124766
7,0,7,0.19236277848876807
2,5,7,0.3149813444585866
7,0,7,0.40685701951534237
3,4,7,0.6104096037191906
5,2,7,0.19236277848876807
4,3,7,0.6104096037191906
4,3,7,0.6914431924244484
3,4,7,0.927808813496808
3,4,7,0.8330223095361201
6,1,7,0.08040795640101321
4,3,7,0.7251339425213262
6,1,7,0.8473601719568133
5,2,7,0.9505128771614952
7,0,7,0.6505728275062779
6,1,7,0.16806732870266622
4,3,7,0.6505728275062779
3,4,7,0.6345331196530349
5,2,7,0.9678237453967298
3,4,7,0.1298724704817915
6,1,7,0.6804192740464278
4,3,7,0.0013790100305853632
4,3,7,0.19236277848876807
5,2,7,0.07470550857760336
7,0,7,0.03144768489503788
5,2,7,0.39064081951093954
2,5,7,0.1298724704817915
5,2,7,0.6914431924244484
6,1,7,NaN
4,3,7,0.9030952226408369
2,5,7,0.569149748895899
7,0,7,0.0001387002537364648
5,2,7,NaN
5,2,7,0.8356407771585233
4,3,7,0.08596717446393809
6,1,7,0.47793771766761745
5,2,7,0.023200464283531255
2,5,7,0.14401971515179923
4,3,7,0.6505728275062779
4,3,7,0.9653971749831022
4,3,7,0.39064081951093954
5,2,7,NaN
2,5,7,0.7934096684483232
4,3,7,0.6104096037191906
7,0,7,0.11803090558563888
7,0,7,NaN
5,2,7,0.8343462938185449
3,4,7,0.8356407771585233
7,0,7,NaN
5,2,7,0.6505728275062779
5,2,7,0.6104096037191906
6,1,7,NaN
4,3,7,0.2180321792514569
7,0,7,NaN
6,1,7,NaN
5,2,7,0.7938417686770887
6,1,7,0.0494455745194533
2,5,7,0.3554602880726259
4,3,7,0.47699782718635464
2,5,7,NaN
5,2,7,0.8886935889394204
5,2,7,0.9431256790160365
4,3,7,0.7267509803124766
2,5,7,0.2180321792514569
5,2,7,NaN
3,4,7,0.8886935889394204
6,1,7,0.43116983099757117
1,6,7,0.35291544996872376
4,3,7,0.06611573959509347
6,1,7,0.927808813496808
7,0,7,0.43116983099757117
6,1,7,0.00017585034250691114
5,2,7,0.6104096037191906
6,1,7,0.9388397790286686
4,3,7,0.4153339203190224
3,4,7,0.7267509803124766
3,4,7,0.08596717446393809
4,3,7,NaN
6,1,7,NaN
4,3,7,0.43116983099757117
3,4,7,NaN
5,2,7,0.9811127762214269
6,1,7,0.6111669684899206
3,4,7,NaN
5,2,7,0.11404401218842061
5,2,7,NaN
7,0,7,0.516805290321714
7,0,7,0.569149748895899
7,0,7,0.4129210572381568
6,1,7,0.8733102078879845
4,3,7,NaN
6,1,7,NaN
5,2,7,0.6914431924244484
3,4,7,0.016314898271010056
3,4,7,0.24524244003177142
2,5,7,0.19236277848876807
5,2,7,0.7267509803124766
4,3,7,0.9811127762214269
5,2,7,0.39064081951093954
2,5,7,0.1298724704817915
3,4,7,0.23767833553316434
6,1,7,0.5238679062670301
6,1,7,0.9649170932836378
5,2,7,0.5621972642363567
4,3,7,NaN
5,2,7,0.8876928958714316
6,1,7,0.22293686396780193
7,0,7,NaN
5,2,7,0.27520710767535356
7,0,7,0.9574264943593161
7,0,7,0.08529783561090813
5,2,7,NaN
3,4,7,0.6068028775442625
5,2,7,NaN
5,2,7,NaN
4,3,7,0.35291544996872376
7,0,7,NaN
3,4,7,0.5238679062670301
5,2,7,NaN
5,2,7,0.7582540955828375
5,2,7,NaN
7,0,7,NaN
4,3,7,0.41243746839433815
6,1,7,NaN
1,6,7,NaN
4,3,7,0.9923256991209348
6,1,7,NaN
3,4,7,NaN
7,0,7,NaN
3,4,7,NaN
2,5,7,0.07806552573121982
4,3,7,NaN
2,5,7,0.36328132112947753
6,1,7,0.3149813444585866
5,2,7,0.3761245419307974
1,6,7,NaN
5,2,7,0.6104096037191906
6,1,7,0.43116983099757117
2,5,7,0.6505728275062779
7,0,7,0.8733102078879845
7,0,7,0.7267509803124766
4,3,7,0.21801828562993525
5,2,7,0.7582540955828375
4,3,7,0.786623350458894
6,1,7,NaN
3,4,7,0.9995738338928857
7,0,7,0.04370689030141423
5,2,7,0.43815991993863795
5,2,7,0.01880761644846058
5,2,7,NaN
6,1,7,0.927808813496808
5,2,7,0.6505728275062779
6,1,7,NaN
6,1,7,0.07159045158556479
6,1,7,0.011390009389069953
3,4,7,NaN
5,2,7,0.09103860416508672
4,3,7,0.3421998722560615
3,4,7,0.7582540955828375
4,3,7,0.7846484761471272
5,2,7,0.27923371017636817
3,4,7,NaN
5,2,7,0.25169118752697744
3,4,7,0.16806732870266622
5,2,7,0.9388397790286686
4,3,7,NaN
4,3,7,0.9693434265444021
6,1,7,NaN
3,4,7,NaN
7,0,7,0.27923371017636817
5,2,7,0.47699782718635464
6,1,7,0.27923371017636817
4,3,7,0.07470550857760336
5,2,7,0.05308938126690684
3,4,7,NaN
3,4,7,0.043256710905118505
3,4,7,0.07470550857760336
4,3,7,0.01579473713175917
2,5,7,NaN
5,2,7,0.8733102078879845
5,2,7,NaN
7,0,7,0.9490411065363702
5,2,7,0.35291544996872376
7,0,7,NaN
5,2,7,NaN
3,4,7,0.47793771766761745
2,5,7,0.07090439613873063
6,1,7,0.09943458759150654
2,5,7,0.43116983099757117
5,2,7,0.43447317571892513
6,1,7,NaN
6,1,7,NaN
3,4,7,0.356225653747003
1,6,7,0.39064081951093954
3,4,7,0.19236277848876807
7,0,7,NaN
7,0,7,NaN
3,4,7,0.08596717446393809
2,5,7,0.19236277848876807
5,2,7,NaN
3,4,7,0.27923371017636817
4,3,7,0.19236277848876807
4,3,7,NaN
6,1,7,0.8370498159240735
5,2,7,0.23767833553316434
7,0,7,NaN
6,1,7,0.5314793082930347
3,4,7,NaN
3,4,7,0.3149813444585866
5,2,7,NaN
4,3,7,0.38079140676979706
4,3,7,0.19236277848876807
6,1,7,0.3149813444585866
6,1,7,0.6505728275062779
4,3,7,0.7582540955828375
3,4,7,0.2840387126110196
3,4,7,0.3431754752185676
5,2,7,0.063700605219273
1,6,7,0.6914431924244484
5,2,7,NaN
2,5,7,0.569149748895899
6,1,7,0.6044914403699415
5,2,7,0.016305340041465968
5,2,7,0.43116983099757117
7,0,7,0.08596717446393809
7,0,7,0.8356407771585233
3,4,7,0.3149813444585866
4,3,7,0.569149748895899
7,0,7,0.7541925098307979
6,1,7,NaN
6,1,7,NaN
5,2,7,NaN
1,6,7,NaN
4,3,7,0.39064081951093954
4,3,7,0.47793771766761745
5,2,7,0.9811127762214269
2,5,7,0.7267509803124766
6,1,7,0.09196177633639409
1,6,7,0.976413425292083
5,2,7,0.005772729173959262
5,2,7,NaN
6,1,7,0.07915902598293813
3,4,7,0.8120477488685461
6,1,7,0.7267509803124766
5,2,7,NaN
2,5,7,0.11404401218842061
3,4,7,0.47793771766761745
5,2,7,0.06611573959509347
5,2,7,NaN
5,2,7,NaN
5,2,7,0.8356407771585233
6,1,7,0.5238679062670301
6,1,7,0.7581100109260108
6,1,7,0.47793771766761745
4,3,7,NaN
3,4,7,NaN
6,1,7,0.9163216390929619
7,0,7,0.24549245415541338
4,3,7,0.9894656266614458
6,1,7,0.7939215082873365
2,5,7,0.05687827676827315
4,3,7,0.06611573959509347
6,1,7,0.9030952226408369
5,2,7,0.06611573959509347
3,4,7,0.47793771766761745
5,2,7,0.7582540955828375
6,1,7,0.5238679062670301
6,1,7,NaN
5,2,7,0.786623350458894
4,3,7,0.8553400459938837
6,1,7,0.841704026364515
6,1,7,0.009352510293756564
4,3,7,0.14766029718238274
4,3,7,0.13150693152862286
6,1,7,NaN
6,1,7,0.08596717446393809
6,1,7,0.24524244003177142
6,1,7,NaN
5,2,7,0.7582540955828375
6,1,7,0.4591738800669553
5,2,7,NaN
4,3,7,NaN
7,0,7,NaN
3,4,7,NaN
5,2,7,0.6312521649346363
5,2,7,NaN
3,4,7,NaN
6,1,7,0.35291544996872376
3,4,7,NaN
4,3,7,0.786623350458894
6,1,7,0.6914431924244484
4,3,7,NaN
6,1,7,0.47793771766761745
7,0,7,NaN
4,3,7,0.4000801055241669
5,2,7,0.43116983099757117
6,1,7,NaN
6,1,7,0.43300054181328856
2,5,7,NaN
2,5,7,NaN
6,1,7,NaN
7,0,7,0.7582540955828375
2,5,7,NaN
4,3,7,0.9649170932836378
6,1,7,0.7582540955828375
3,4,7,0.6505728275062779
3,4,7,0.11404401218842061
2,5,7,NaN
6,1,7,0.47793771766761745
1,6,7,NaN
3,4,7,0.47793771766761745
1,6,7,0.35291544996872376
6,1,7,NaN
3,4,7,0.8886935889394204
7,0,7,0.9030952226408369
4,3,7,NaN
4,3,7,0.35291544996872376
4,3,7,0.6590228553208207
4,3,7,0.6505728275062779
7,0,7,0.35291544996872376
4,3,7,0.6505728275062779
7,0,7,0.35291544996872376
5,2,7,NaN
6,1,7,NaN
4,3,7,0.008126970210441814
4,3,7,0.8886935889394204
6,1,7,NaN
5,2,7,0.6104096037191906
4,3,7,NaN
4,3,7,NaN
4,3,7,0.8356407771585233
5,2,7,0.40057686224618433
7,0,7,NaN
5,2,7,0.7267509803124766
3,4,7,0.06373980375872917
3,4,7,NaN
5,2,7,NaN
4,3,7,NaN
3,4,7,0.976413425292083
7,0,7,0.6104096037191906
2,5,7,0.6104096037191906
5,2,7,0.9030952226408369
3,4,7,0.786623350458894
4,3,7,0.6505728275062779
6,1,7,NaN
3,4,7,0.24524244003177142
5,2,7,0.569149748895899
7,0,7,0.7582540955828375
2,5,7,0.5828445293297304
4,3,7,NaN
4,3,7,NaN
5,2,7,0.7887116911391194
5,2,7,0.8733102078879845
5,2,7,0.39064081951093954
4,3,7,0.03794641341295346
6,1,7,0.004879887885410718
4,3,7,0.39923316667356906
4,3,7,0.8553400459938837
3,4,7,NaN
3,4,7,NaN
5,2,7,0.35291544996872376
6,1,7,0.4895141413434146
5,2,7,0.03317022976394289
2,5,7,0.35291544996872376
5,2,7,0.8120477488685461
4,3,7,NaN
4,3,7,0.47793771766761745
6,1,7,NaN
5,2,7,0.03317022976394289
2,5,7,0.4260870475127485
4,3,7,0.4820158338840728
6,1,7,0.5029421879700534
1,6,7,NaN
6,1,7,0.06611573959509347
4,3,7,0.19236277848876807
4,3,7,0.046929803190124894
6,1,7,0.9163216390929619
5,2,7,0.786623350458894
3,4,7,0.5778196332930701
4,3,7,0.8772173292823856
5,2,7,0.39064081951093954
2,5,7,0.3149813444585866
4,3,7,0.24524244003177142
3,4,7,0.9619545174912767
4,3,7,NaN
6,1,7,NaN
7,0,7,0.27923371017636817
5,2,7,0.35291544996872376
3,4,7,0.976413425292083
4,3,7,NaN
2,5,7,0.9574264943593161
4,3,7,0.05735097310840156
4,3,7,0.6914431924244484
5,2,7,NaN
6,1,7,0.39064081951093954
3,4,7,0.6505728275062779
6,1,7,0.7556388921648755
7,0,7,0.013539080672352722
5,2,7,0.8120477488685461
4,3,7,0.9163216390929619
6,1,7,0.35291544996872376
3,4,7,NaN
6,1,7,0.43116983099757117
5,2,7,NaN
6,1,7,0.9649170932836378
2,5,7,0.2180321792514569
7,0,7,NaN
4,3,7,0.47793771766761745
5,2,7,NaN
5,2,7,NaN
6,1,7,0.8180976137874967
5,2,7,0.6505728275062779
6,1,7,0.7097871918743238
4,3,7,0.47793771766761745
4,3,7,0.0013247924043372978
5,2,7,0.41456866404428055
1,6,7,NaN
5,2,7,0.18193580930670458
3,4,7,0.27697688443563284
6,1,7,NaN
6,1,7,0.8733102078879845
2,5,7,0.6505728275062779
2,5,7,0.9163216390929619
4,3,7,NaN
6,1,7,NaN
6,1,7,0.8356407771585233
4,3,7,0.6104096037191906
5,2,7,0.786623350458894
4,3,7,0.3149813444585866
3,4,7,0.786623350458894
5,2,7,0.09303154594688605
3,4,7,NaN
2,5,7,0.27212575476868656
4,3,7,0.2582603317772707
5,2,7,NaN
6,1,7,0.8356407771585233
5,2,7,NaN
7,0,7,NaN
4,3,7,0.7582540955828375
4,3,7,0.04513624694967498
5,2,7,0.0026908597986054356
6,1,7,0.7582540955828375
4,3,7,NaN
6,1,7,0.09943458759150654
6,1,7,0.35291544996872376
4,3,7,0.9574264943593161
5,2,7,NaN
2,5,7,0.00186487432340404
6,1,7,0.5395673009229611
4,3,7,0.7582540955828375
2,5,7,0.9163216390929619
3,4,7,0.3011447146917934
7,0,7,NaN
5,2,7,NaN
6,1,7,NaN
7,0,7,NaN
4,3,7,0.29624974636604956
4,3,7,0.27923371017636817
7,0,7,NaN
1,6,7,NaN
4,3,7,0.7267509803124766
3,4,7,NaN
2,5,7,0.47793771766761745
5,2,7,0.6505728275062779
4,3,7,0.11404401218842061
5,2,7,NaN
3,4,7,0.9490411065363702
4,3,7,NaN
4,3,7,NaN
4,3,7,NaN
5,2,7,0.11085888273827789
3,4,7,0.0875160463826691
7,0,7,NaN
4,3,7,0.6914431924244484
6,1,7,NaN
3,4,7,0.6505728275062779
5,2,7,0.5238679062670301
5,2,7,0.6104096037191906
3,4,7,0.8733102078879845
1,6,7,NaN
4,3,7,NaN
6,1,7,0.35291544996872376
5,2,7,0.927808813496808
7,0,7,0.47793771766761745
6,1,7,0.9574264943593161
4,3,7,NaN
4,3,7,NaN
4,3,7,0.1298724704817915
3,4,7,0.35291544996872376
3,4,7,0.9163216390929619
1,6,7,NaN
4,3,7,0.9163216390929619
6,1,7,0.5997367624036737
4,3,7,0.6914431924244484
5,2,7,NaN
4,3,7,0.9811127762214269
3,4,7,0.569149748895899
6,1,7,0.6104096037191906
5,2,7,0.15641210033651057
5,2,7,NaN
4,3,7,0.35291544996872376
3,4,7,0.3149813444585866
5,2,7,NaN
5,2,7,NaN
6,1,7,0.2180321792514569
7,0,7,0.05735097310840156
5,2,7,0.6505728275062779
6,1,7,NaN
6,1,7,0.7267509803124766
7,0,7,0.09943458759150654
5,2,7,0.14766029718238274
6,1,7,0.8356407771585233
4,3,7,0.13826789573170475
5,2,7,NaN
4,3,7,0.06611573959509347
3,4,7,0.9021970593852234
4,3,7,0.8356407771585233
3,4,7,NaN
6,1,7,0.15641210033651057
2,5,7,0.24524244003177142
5,2,7,0.11404401218842061
3,4,7,0.47793771766761745
4,3,7,NaN
5,2,7,0.7582540955828375
6,1,7,0.6779635346471379
4,3,7,0.26618708012551523
4,3,7,0.2838355662784277
2,5,7,0.7267509803124766
7,0,7,NaN
5,2,7,0.40057686224618433
2,5,7,0.2945512358541225
4,3,7,0.1449807348020754
4,3,7,0.5846809781909883
4,3,7,NaN
6,1,7,NaN
3,4,7,0.024979424385777767
3,4,7,0.976413425292083
3,4,7,0.976413425292083
5,2,7,0.6104096037191906
5,2,7,NaN
4,3,7,NaN
3,4,7,0.9163216390929619
4,3,7,0.9030952226408369
6,1,7,0.35291544996872376
6,1,7,0.4129210572381568
4,3,7,NaN
7,0,7,0.6505728275062779
3,4,7,0.09976443612207929
4,3,7,0.6914431924244484
6,1,7,0.27923371017636817
4,3,7,NaN
5,2,7,0.8553400459938837
6,1,7,0.05373869358430851
1,6,7,0.1298724704817915
2,5,7,0.08641861616227295
6,1,7,NaN
1,6,7,NaN
4,3,7,0.7772753739288986
6,1,7,0.47793771766761745
4,3,7,0.39064081951093954
5,2,7,0.600450870138093
2,5,7,0.021960220642977778
6,1,7,0.14434028837701032
1,6,7,NaN
6,1,7,0.16806732870266622
6,1,7,0.9388397790286686
5,2,7,0.569149748895899
4,3,7,NaN
4,3,7,NaN
4,3,7,0.15070034843408195
6,1,7,0.14766029718238274
4,3,7,0.43116983099757117
6,1,7,0.10832548003691665
3,4,7,0.6914431924244484
3,4,7,0.8594521925587248
5,2,7,0.583704258552935
3,4,7,NaN
5,2,7,0.7267509803124766
5,2,7,0.43116983099757117
5,2,7,3.202546547727059e-5
1,6,7,NaN
3,4,7,0.8846053896489343
2,5,7,0.7556978411434596
2,5,7,0.021960220642977778
4,3,7,0.3960964105560513
3,4,7,0.24524244003177142
5,2,7,0.27923371017636817
4,3,7,0.049431027460480864
4,3,7,NaN
6,1,7,0.8134300065522734
4,3,7,0.927808813496808
5,2,7,0.8415454746148262
5,2,7,0.569149748895899
5,2,7,NaN
2,5,7,0.8630485905458092
3,4,7,0.19236277848876807
6,1,7,0.09943458759150654
6,1,7,0.47793771766761745
3,4,7,0.7267509803124766
5,2,7,0.8120477488685461
3,4,7,0.016314898271010056
4,3,7,9.255230387004972e-5
4,3,7,NaN
5,2,7,0.43116983099757117
2,5,7,NaN
6,1,7,0.9961520687047375
6,1,7,0.6165709600421269
5,2,7,0.47669007767124383
4,3,7,0.04370689030141423
5,2,7,0.0342815304783045
6,1,7,0.8120477488685461
2,5,7,0.569149748895899
1,6,7,NaN
5,2,7,0.9106588844378174
4,3,7,0.8733102078879845
5,2,7,0.9388397790286686
4,3,7,0.792153059464923
7,0,7,0.9163216390929619
6,1,7,NaN
5,2,7,0.9163216390929619
6,1,7,0.02668274358731565
4,3,7,NaN
4,3,7,0.9490411065363702
5,2,7,0.24524244003177142
6,1,7,0.786623350458894
3,4,7,NaN
3,4,7,0.00013003307471884235
5,2,7,0.7582540955828375
4,3,7,0.08596717446393809
3,4,7,0.25841863339059545
5,2,7,0.9388397790286686
3,4,7,0.3266367607569598
6,1,7,0.8120477488685461
3,4,7,NaN
2,5,7,NaN
3,4,7,0.24524244003177142
2,5,7,0.4088446690641341
7,0,7,0.11404401218842061
4,3,7,0.15641210033651057
6,1,7,0.5338179121576556
3,4,7,NaN
7,0,7,0.6914431924244484
3,4,7,0.39064081951093954
4,3,7,0.5723478033865719
4,3,7,0.786623350458894
6,1,7,0.16806732870266622
4,3,7,NaN
3,4,7,0.5238679062670301
3,4,7,0.7267509803124766
3,4,7,NaN
4,3,7,0.9388397790286686
3,4,7,0.37400156131655193
7,0,7,0.6914431924244484
4,3,7,NaN
2,5,7,0.6505728275062779
5,2,7,0.31256013794376947
4,3,7,0.7774891427160723
3,4,7,0.9754712488158004
6,1,7,0.7267509803124766
6,1,7,NaN
3,4,7,0.9761030188990792
5,2,7,0.43116983099757117
6,1,7,0.8980367015838008
5,2,7,0.8720060212102919
4,3,7,0.0006197265046636289
4,3,7,NaN
5,2,7,NaN
7,0,7,0.1298724704817915
6,1,7,NaN
7,0,7,NaN
4,3,7,0.7582540955828375
5,2,7,0.9649170932836378
4,3,7,0.5238679062670301
7,0,7,0.9166314502531471
5,2,7,NaN
4,3,7,0.5238679062670301
5,2,7,3.837197960256524e-5
3,4,7,0.43116983099757117
6,1,7,0.569149748895899
6,1,7,0.8457558054085423
5,2,7,0.14766029718238274
4,3,7,0.14766029718238274
3,4,7,NaN
7,0,7,0.27369177007057516
3,4,7,0.18183312636013135
4,3,7,NaN
1,6,7,NaN
2,5,7,NaN
2,5,7,7.431552404683872e-5
5,2,7,0.0630039028500216
3,4,7,0.18193580930670458
5,2,7,0.9490411065363702
6,1,7,0.9811127762214269
7,0,7,0.47793771766761745
5,2,7,NaN
4,3,7,0.19236277848876807
3,4,7,NaN
4,3,7,NaN
3,4,7,0.9574264943593161
4,3,7,NaN
3,4,7,0.045617003110543904
7,0,7,0.48741518333156936
3,4,7,0.48741518333156936
5,2,7,NaN
4,3,7,0.6914431924244484
6,1,7,0.7267509803124766
3,4,7,0.9388397790286686
4,3,7,0.024979424385777767
4,3,7,0.39064081951093954
2,5,7,0.8553400459938837
3,4,7,NaN
5,2,7,0.6914431924244484
3,4,7,0.5799167738850397
4,3,7,0.8733102078879845
3,4,7,0.8356407771585233
7,0,7,0.35291544996872376
3,4,7,0.9490411065363702
3,4,7,NaN
4,3,7,0.13906406781445516
6,1,7,0.6104096037191906
6,1,7,0.9440623300839589
3,4,7,NaN
4,3,7,0.19236277848876807
2,5,7,0.8553400459938837
6,1,7,0.6505728275062779
2,5,7,0.35291544996872376
6,1,7,0.1298724704817915
4,3,7,NaN
4,3,7,0.47793771766761745
3,4,7,NaN
5,2,7,0.5238679062670301
4,3,7,NaN
1,6,7,0.7582540955828375
4,3,7,0.9574264943593161
5,2,7,0.6679941189616382
7,0,7,0.47793771766761745
5,2,7,0.6505728275062779
3,4,7,0.19236277848876807
2,5,7,NaN
4,3,7,0.8733102078879845
2,5,7,0.6683858343074105
6,1,7,0.5238679062670301
3,4,7,0.6447145499738884
4,3,7,0.4761935087182088
1,6,7,0.7582540955828375
4,3,7,NaN
3,4,7,0.8120477488685461
4,3,7,NaN
7,0,7,0.1298724704817915
5,2,7,NaN
6,1,7,0.47793771766761745
2,5,7,NaN
5,2,7,0.08596717446393809
3,4,7,0.786623350458894
1,6,7,0.9388397790286686
3,4,7,0.24524244003177142
5,2,7,0.003736962491151852
7,0,7,0.39064081951093954
7,0,7,0.8120477488685461
4,3,7,0.2689829743483109
5,2,7,0.8120477488685461
2,5,7,NaN
5,2,7,0.8841990636274315
5,2,7,0.35291544996872376
2,5,7,0.004167836925912513
4,3,7,0.01389863463638223
4,3,7,0.35291544996872376
5,2,7,NaN
5,2,7,0.06611573959509347
5,2,7,0.00036956507722812686
7,0,7,0.2180321792514569
6,1,7,0.6505728275062779
5,2,7,0.9649170932836378
4,3,7,0.35291544996872376
6,1,7,0.43116983099757117
5,2,7,0.00042793371979231524
3,4,7,0.23967195993390902
3,4,7,NaN
2,5,7,NaN
6,1,7,0.8553400459938837
5,2,7,0.5238679062670301
4,3,7,0.9488644718957877
5,2,7,0.8356407771585233
5,2,7,NaN
5,2,7,0.7267509803124766
4,3,7,0.8886935889394204
3,4,7,0.6505728275062779
5,2,7,0.7097871918743238
4,3,7,NaN
4,3,7,0.569149748895899
4,3,7,0.05735097310840156
2,5,7,0.5238679062670301
5,2,7,0.1200079059284548
6,1,7,0.43116983099757117
4,3,7,0.7582540955828375
5,2,7,0.4129210572381568
5,2,7,0.9494471673386267
6,1,7,NaN
4,3,7,0.6914431924244484
2,5,7,0.01880761644846058
5,2,7,0.47793771766761745
5,2,7,NaN
6,1,7,NaN
3,4,7,0.4024500461929282
2,5,7,0.5238679062670301
6,1,7,0.021047204711731143
5,2,7,0.11404401218842061
2,5,7,0.23751946325872808
1,6,7,0.6505728275062779
6,1,7,0.5576316006584354
6,1,7,NaN
4,3,7,NaN
2,5,7,NaN
6,1,7,0.0003007253837725032
3,4,7,NaN
5,2,7,0.014854230415381066
6,1,7,0.6833758768314452
5,2,7,0.8926735212774597
5,2,7,NaN
5,2,7,NaN
7,0,7,NaN
6,1,7,NaN
5,2,7,NaN
3,4,7,0.6104096037191906
3,4,7,0.13002084739089786
2,5,7,0.9961520687047375
3,4,7,0.4478148399920161
1,6,7,0.6914431924244484
2,5,7,0.5665009669052208
4,3,7,0.8733102078879845
4,3,7,0.11964745363043211
5,2,7,NaN
5,2,7,NaN
5,2,7,0.9163216390929619
4,3,7,0.17391789470537425
5,2,7,NaN
2,5,7,0.6505728275062779
4,3,7,0.43116983099757117
3,4,7,0.8120477488685461
3,4,7,0.5238679062670301
3,4,7,NaN
7,0,7,NaN
6,1,7,0.14766029718238274
3,4,7,0.19236277848876807
4,3,7,0.7718834732979032
1,6,7,0.2825756595979886
2,5,7,0.06611573959509347
3,4,7,NaN
5,2,7,0.11404401218842061
4,3,7,0.019394915091313133
5,2,7,0.9711836190363513
4,3,7,0.786623350458894
4,3,7,0.08596717446393809
2,5,7,0.8120477488685461
3,4,7,NaN
4,3,7,0.848580166826168
6,1,7,NaN
1,6,7,NaN
3,4,7,NaN
4,3,7,0.7582540955828375
3,4,7,0.8733102078879845
4,3,7,4.212959332264504e-7
4,3,7,0.6104096037191906
4,3,7,0.7582540955828375
3,4,7,0.47793771766761745
6,1,7,NaN
3,4,7,0.6104096037191906
5,2,7,0.8120477488685461
2,5,7,2.5191940806161816e-5
1,6,7,NaN
4,3,7,0.6890453911806849
4,3,7,0.2180321792514569
3,4,7,0.11404401218842061
1,6,7,NaN
3,4,7,0.7267509803124766
3,4,7,NaN
5,2,7,NaN
6,1,7,0.7582540955828375
3,4,7,NaN
6,1,7,NaN
4,3,7,0.7267509803124766
4,3,7,NaN
4,3,7,0.6914431924244484
5,2,7,0.6914431924244484
3,4,7,0.41605758143981575
5,2,7,0.1325135879999877
1,6,7,0.7267509803124766
6,1,7,NaN
4,3,7,NaN
4,3,7,0.8120477488685461
2,5,7,0.8720060212102919
3,4,7,0.8886935889394204
5,2,7,NaN
4,3,7,0.9574264943593161
5,2,7,NaN
2,5,7,0.8288275170208178
3,4,7,0.14766029718238274
3,4,7,0.9030952226408369
7,0,7,0.29927437701074955
3,4,7,0.7004946307553668
5,2,7,0.27923371017636817
3,4,7,0.39064081951093954
3,4,7,0.7198719716072299
5,2,7,0.6914431924244484
2,5,7,0.8356407771585233
3,4,7,NaN
2,5,7,NaN
2,5,7,0.6505728275062779
6,1,7,NaN
3,4,7,0.35291544996872376
3,4,7,NaN
3,4,7,0.5238679062670301
3,4,7,0.6979814411333362
3,4,7,NaN
5,2,7,0.10682673733425765
2,5,7,0.47793771766761745
5,2,7,0.39064081951093954
7,0,7,0.39064081951093954
6,1,7,0.14766029718238274
7,0,7,NaN
4,3,7,NaN
4,3,7,NaN
5,2,7,0.3149813444585866
3,4,7,NaN
2,5,7,0.07470550857760336
6,1,7,0.569149748895899
1,6,7,0.9649170932836378
3,4,7,0.9649170932836378
1,6,7,0.27923371017636817
5,2,7,0.17368710433506626
3,4,7,0.011069134398571597
2,5,7,NaN
5,2,7,0.45493894579992555
1,6,7,NaN
4,3,7,0.5989365115182869
4,3,7,0.9490411065363702
4,3,7,NaN
4,3,7,0.07470550857760336
2,5,7,0.4494765580252265
5,2,7,0.11404401218842061
3,4,7,0.6914431924244484
1,6,7,0.35291544996872376
5,2,7,0.5238679062670301
2,5,7,0.8553400459938837
4,3,7,0.7267509803124766
3,4,7,0.09943458759150654
3,4,7,NaN
3,4,7,0.11404401218842061
1,6,7,0.21250165183378086
4,3,7,0.000415597988361493
2,5,7,NaN
5,2,7,0.9030952226408369
3,4,7,0.4472189894720591
5,2,7,0.39064081951093954
6,1,7,0.6704287383046245
1,6,7,0.27923371017636817
2,5,7,NaN
4,3,7,0.670426186587915
4,3,7,NaN
5,2,7,NaN
1,6,7,0.6505728275062779
4,3,7,0.9030952226408369
1,6,7,NaN
5,2,7,0.6165709600421269
2,5,7,NaN
5,2,7,0.12444028929854835
6,1,7,NaN
3,4,7,0.2180321792514569
4,3,7,0.569149748895899
1,6,7,0.7267509803124766
2,5,7,NaN
5,2,7,0.8886935889394204
3,4,7,NaN
3,4,7,NaN
2,5,7,NaN
3,4,7,0.7595366123875196
4,3,7,0.8886935889394204
2,5,7,0.19236277848876807
3,4,7,0.7829533425930767
1,6,7,NaN
1,6,7,0.6914431924244484
4,3,7,0.5238679062670301
5,2,7,NaN
4,3,7,0.14766029718238274
1,6,7,NaN
1,6,7,NaN
4,3,7,0.47793771766761745
2,5,7,NaN
2,5,7,NaN
3,4,7,NaN
3,4,7,0.7267509803124766
5,2,7,0.8553400459938837
3,4,7,0.8068335743694346
3,4,7,0.569149748895899
3,4,7,0.4991160421078876
3,4,7,0.5238679062670301
3,4,7,0.3149813444585866
2,5,7,0.569149748895899
7,0,7,0.5969402631687231
1,6,7,0.09943458759150654
2,5,7,0.9490411065363702
3,4,7,0.1095304131851277
2,5,7,0.9894656266614458
4,3,7,0.6104096037191906
1,6,7,NaN
4,3,7,0.791419040897927
6,1,7,NaN
1,6,7,NaN
1,6,7,0.39064081951093954
2,5,7,NaN
1,6,7,0.0004710372881317063
3,4,7,NaN
3,4,7,NaN
3,4,7,0.9388397790286686
2,5,7,0.927808813496808
2,5,7,NaN
3,4,7,0.8886935889394204
2,5,7,NaN
2,5,7,0.027134657842909343
6,1,7,0.8120477488685461
3,4,7,0.29321466086640874
1,6,7,0.6104096037191906
2,5,7,0.9163216390929619
2,5,7,0.786623350458894
1,6,7,NaN
2,5,7,0.07470550857760336
4,3,7,0.6104096037191906
2,5,7,0.6909108556815501
3,4,7,0.8120477488685461
1,6,7,0.6104096037191906
1,6,7,0.9894656266614458
3,4,7,7.131669303133748e-8
1,6,7,NaN
4,3,7,NaN
2,5,7,NaN
3,4,7,0.7267509803124766
1,6,7,0.8356407771585233
2,5,7,0.9811127762214269
3,4,7,0.27923371017636817
3,4,7,NaN
3,4,7,0.10336053465597209
1,6,7,0.976413425292083
3,4,7,0.16806732870266622
2,5,7,0.9388397790286686
2,5,7,0.11404401218842061
1,6,7,NaN
3,4,7,0.7470062346334309
1,6,7,0.6104096037191906
2,5,7,0.07470550857760336
4,3,7,0.7267509803124766
1,6,7,NaN
1,6,7,0.6104096037191906
2,5,7,0.5238679062670301
1,6,7,0.38120040655300724
1,6,7,NaN
1,6,7,0.9793526576357393
2,5,7,NaN
2,5,7,0.47793771766761745
1,6,7,0.47793771766761745
1,6,7,NaN
2,5,7,0.015985230249669843
1,6,7,0.03794641341295346
1,6,7,NaN
1,6,7,NaN
1,6,7,0.2825756595979886
1,6,7,NaN
0,7,7,0.27923371017636817
0,7,7,NaN
0,7,7,NaN
0,7,7,NaN
0,7,7,0.16806732870266622
0,7,7,0.03317022976394289
0,7,7,NaN
0,7,7,NaN
0,7,7,NaN
0,7,7,0.43116983099757117
0,7,7,NaN
0,7,7,NaN
0,7,7,0.8356407771585233
0,7,7,NaN
0,7,7,0.314886562946766
0,7,7,NaN
0,7,7,NaN
0,7,7,NaN
0,7,7,NaN
0,7,7,NaN
0,7,7,0.14369292680826953
0,7,7,0.9420632628261543
0,7,7,0.6505728275062779
0,7,7,0.8120477488685461
0,7,7,0.47793771766761745
0,7,7,0.07470550857760336
0,7,7,0.8733102078879845
0,7,7,NaN
0,7,7,NaN
0,7,7,0.6914431924244484
0,7,7,NaN
0,7,7,NaN
5,1,6,NaN
2,4,6,0.24524244003177142
4,2,6,0.5238679062670301
3,3,6,NaN
5,1,6,0.8733102078879845
5,1,6,0.569149748895899
5,1,6,0.02731845350963147
5,1,6,0.7053916540347464
5,1,6,NaN
4,2,6,0.32305707266974876
4,2,6,0.9574264943593161
5,1,6,NaN
4,2,6,0.8120477488685461
6,0,6,NaN
5,1,6,0.39064081951093954
6,0,6,NaN
2,4,6,0.976352411899471
5,1,6,NaN
4,2,6,0.6104096037191906
6,0,6,0.11404401218842061
6,0,6,0.8886935889394204
4,2,6,0.40685701951534237
4,2,6,NaN
6,0,6,0.24524244003177142
5,1,6,NaN
3,3,6,NaN
6,0,6,0.6914431924244484
6,0,6,NaN
3,3,6,NaN
5,1,6,0.5238679062670301
5,1,6,0.47793771766761745
4,2,6,0.4129210572381568
6,0,6,0.1298724704817915
5,1,6,NaN
6,0,6,0.7267509803124766
3,3,6,0.927808813496808
4,2,6,0.8733102078879845
6,0,6,0.7267509803124766
2,4,6,0.04370689030141423
5,1,6,0.35764392185370714
4,2,6,NaN
5,1,6,0.27923371017636817
4,2,6,0.04756558109096035
5,1,6,0.927808813496808
5,1,6,9.192420133967431e-5
1,5,6,0.13887631687385704
2,4,6,NaN
6,0,6,0.9923256991209348
3,3,6,0.6104096037191906
5,1,6,0.6914431924244484
4,2,6,0.6104096037191906
6,0,6,NaN
4,2,6,0.9490411065363702
2,4,6,0.1298724704817915
4,2,6,0.9997715078092386
5,1,6,NaN
3,3,6,0.03317022976394289
5,1,6,0.569149748895899
3,3,6,0.927808813496808
6,0,6,0.9649170932836378
5,1,6,0.39064081951093954
6,0,6,5.459997816169882e-5
5,1,6,0.47793771766761745
5,1,6,0.8005106216925023
5,1,6,0.7267509803124766
5,1,6,0.43116983099757117
4,2,6,0.6505728275062779
5,1,6,0.40685701951534237
3,3,6,0.03794641341295346
6,0,6,NaN
6,0,6,0.3149813444585866
6,0,6,NaN
6,0,6,0.47793771766761745
5,1,6,NaN
3,3,6,NaN
4,2,6,0.927808813496808
6,0,6,NaN
5,1,6,0.39639064652917183
5,1,6,0.27369177007057516
6,0,6,0.05735097310840156
4,2,6,0.7582540955828375
3,3,6,0.8886935889394204
4,2,6,0.6505728275062779
4,2,6,0.6505728275062779
5,1,6,0.600450870138093
4,2,6,0.14766029718238274
4,2,6,0.9490411065363702
5,1,6,0.2180321792514569
3,3,6,0.569149748895899
5,1,6,0.786623350458894
5,1,6,0.030456654273696277
2,4,6,0.5238679062670301
3,3,6,NaN
4,2,6,0.028886075440067927
4,2,6,NaN
3,3,6,0.35291544996872376
5,1,6,0.9501305535207419
6,0,6,NaN
6,0,6,0.7883197045776431
5,1,6,0.6505728275062779
6,0,6,0.43116983099757117
3,3,6,0.004409879727120972
5,1,6,NaN
6,0,6,NaN
4,2,6,0.41179444111930164
5,1,6,0.43116983099757117
6,0,6,0.6505728275062779
5,1,6,0.18193580930670458
6,0,6,NaN
6,0,6,NaN
5,1,6,0.6914431924244484
6,0,6,0.6914431924244484
3,3,6,0.11404401218842061
4,2,6,NaN
2,4,6,0.7322050477268979
5,1,6,0.9030952226408369
5,1,6,0.16806732870266622
3,3,6,NaN
6,0,6,0.6914431924244484
6,0,6,NaN
2,4,6,NaN
6,0,6,0.6914431924244484
6,0,6,0.03811971993405068
5,1,6,0.35291544996872376
4,2,6,0.028422459127673036
5,1,6,NaN
6,0,6,NaN
5,1,6,NaN
4,2,6,NaN
6,0,6,NaN
2,4,6,0.47793771766761745
3,3,6,0.4938209628423111
5,1,6,NaN
4,2,6,NaN
5,1,6,NaN
5,1,6,0.08596717446393809
6,0,6,0.004631375954615346
4,2,6,NaN
3,3,6,0.7780459686159678
4,2,6,0.43116983099757117
4,2,6,0.2180321792514569
5,1,6,NaN
4,2,6,0.7267509803124766
4,2,6,0.569149748895899
6,0,6,NaN
4,2,6,0.11404401218842061
3,3,6,0.43116983099757117
6,0,6,0.04663580361483409
6,0,6,0.8438423357264185
5,1,6,NaN
6,0,6,0.47793771766761745
5,1,6,0.09943458759150654
2,4,6,0.044698407972648145
4,2,6,NaN
6,0,6,NaN
3,3,6,NaN
5,1,6,0.04517808191721581
3,3,6,0.3149813444585866
3,3,6,NaN
5,1,6,0.7965188419159412
4,2,6,NaN
4,2,6,NaN
4,2,6,NaN
6,0,6,NaN
6,0,6,0.786623350458894
6,0,6,0.8553400459938837
5,1,6,0.49872245417846345
5,1,6,0.2180321792514569
5,1,6,0.1298724704817915
6,0,6,0.6914431924244484
5,1,6,0.07470550857760336
3,3,6,0.08596717446393809
3,3,6,0.11404401218842061
3,3,6,0.08596717446393809
6,0,6,NaN
5,1,6,NaN
4,2,6,NaN
5,1,6,0.05735097310840156
4,2,6,NaN
5,1,6,0.0005245260710193799
4,2,6,0.8553400459938837
5,1,6,0.39064081951093954
5,1,6,NaN
3,3,6,0.43116983099757117
6,0,6,0.8886935889394204
5,1,6,NaN
3,3,6,NaN
5,1,6,0.7267509803124766
4,2,6,0.14766029718238274
5,1,6,NaN
5,1,6,0.6505728275062779
3,3,6,NaN
4,2,6,0.7582540955828375
5,1,6,0.9649170932836378
6,0,6,NaN
4,2,6,0.24524244003177142
5,1,6,0.47793771766761745
6,0,6,NaN
5,1,6,0.220074911089742
3,3,6,0.9574264943593161
3,3,6,NaN
6,0,6,0.9388397790286686
3,3,6,0.6104096037191906
5,1,6,0.9490411065363702
6,0,6,0.5238679062670301
6,0,6,NaN
4,2,6,0.09943458759150654
4,2,6,0.1298724704817915
6,0,6,NaN
4,2,6,0.9988750486937799
6,0,6,0.47699782718635464
5,1,6,NaN
6,0,6,0.8861018044908572
5,1,6,0.0494455745194533
6,0,6,0.7579406892066354
3,3,6,1.4488687709559447e-7
6,0,6,0.11404401218842061
6,0,6,0.04763465412993759
5,1,6,NaN
4,2,6,NaN
3,3,6,0.9501305535207419
6,0,6,NaN
5,1,6,0.08831300977470789
3,3,6,0.27374695252083203
2,4,6,0.6104096037191906
5,1,6,0.8120477488685461
6,0,6,0.021960220642977778
5,1,6,NaN
6,0,6,0.9460128954471386
6,0,6,0.11404401218842061
3,3,6,0.557739535996326
5,1,6,0.6914431924244484
2,4,6,0.35291544996872376
5,1,6,0.47699782718635464
5,1,6,0.8356407771585233
4,2,6,NaN
6,0,6,0.09709191194538813
6,0,6,0.5977062346724129
5,1,6,0.9030952226408369
5,1,6,0.3694918993828264
6,0,6,0.05735097310840156
4,2,6,NaN
4,2,6,NaN
3,3,6,NaN
5,1,6,0.8886935889394204
5,1,6,0.6505728275062779
6,0,6,0.569149748895899
4,2,6,NaN
4,2,6,0.1298724704817915
5,1,6,0.6165709600421269
6,0,6,0.22721344589483075
5,1,6,NaN
3,3,6,0.600450870138093
5,1,6,NaN
4,2,6,0.6556158022737991
4,2,6,0.7297949255016193
6,0,6,0.9030952226408369
4,2,6,0.14766029718238274
2,4,6,NaN
5,1,6,0.021960220642977778
5,1,6,0.11404401218842061
3,3,6,0.6914431924244484
6,0,6,0.19236277848876807
5,1,6,NaN
4,2,6,0.07516402919625821
3,3,6,NaN
6,0,6,0.9030952226408369
5,1,6,0.2180321792514569
6,0,6,0.47793771766761745
4,2,6,NaN
3,3,6,0.22517472444014322
6,0,6,0.9030952226408369
4,2,6,NaN
6,0,6,0.5514079975878313
4,2,6,0.2180321792514569
4,2,6,0.786623350458894
5,1,6,NaN
4,2,6,0.47793771766761745
5,1,6,0.09350501095577299
6,0,6,NaN
3,3,6,0.27923371017636817
6,0,6,0.7267509803124766
6,0,6,0.6505728275062779
4,2,6,0.6505728275062779
6,0,6,0.9574264943593161
6,0,6,0.7456805400009805
6,0,6,NaN
6,0,6,0.39064081951093954
3,3,6,0.2180321792514569
5,1,6,NaN
4,2,6,0.569149748895899
5,1,6,0.34169113707219884
4,2,6,NaN
4,2,6,0.279102362902047
4,2,6,NaN
5,1,6,0.16806732870266622
5,1,6,0.11679998504820105
3,3,6,0.8120477488685461
5,1,6,0.39064081951093954
6,0,6,0.4150427128478048
4,2,6,0.2180321792514569
5,1,6,0.9857264206675347
6,0,6,0.8120477488685461
4,2,6,0.6505728275062779
4,2,6,0.39064081951093954
6,0,6,0.024979424385777767
6,0,6,NaN
3,3,6,0.1418937199215479
5,1,6,0.6790820128744283
4,2,6,0.19236277848876807
6,0,6,0.009997286173008008
4,2,6,0.47793771766761745
4,2,6,0.14709554934350175
5,1,6,0.9574264943593161
5,1,6,0.80296304814862
6,0,6,0.16806732870266622
6,0,6,NaN
5,1,6,NaN
5,1,6,0.6104096037191906
4,2,6,0.19236277848876807
5,1,6,0.6505728275062779
6,0,6,0.09943458759150654
5,1,6,NaN
6,0,6,0.024979424385777767
6,0,6,0.45127404477891064
6,0,6,0.37143462295452095
5,1,6,NaN
6,0,6,0.16922731549821454
4,2,6,0.08596717446393809
2,4,6,0.5932290821066095
6,0,6,NaN
6,0,6,NaN
3,3,6,0.16806732870266622
4,2,6,0.569149748895899
5,1,6,NaN
5,1,6,0.6914431924244484
5,1,6,0.35291544996872376
6,0,6,NaN
6,0,6,0.4994966444245364
5,1,6,0.7527686239580107
6,0,6,0.6104096037191906
5,1,6,0.024979424385777767
5,1,6,NaN
4,2,6,NaN
6,0,6,NaN
6,0,6,NaN
2,4,6,NaN
5,1,6,0.9030952226408369
6,0,6,NaN
3,3,6,NaN
6,0,6,0.06611573959509347
6,0,6,0.9894656266614458
3,3,6,0.6914431924244484
3,3,6,NaN
4,2,6,0.16806732870266622
3,3,6,0.08596717446393809
4,2,6,0.2180321792514569
3,3,6,0.04273501808112286
5,1,6,0.6914431924244484
5,1,6,0.4129210572381568
3,3,6,0.0802997701960728
4,2,6,0.9163216390929619
6,0,6,0.9811127762214269
6,0,6,0.07470550857760336
5,1,6,0.356225653747003
6,0,6,0.9285332885737351
5,1,6,NaN
5,1,6,4.540354038790028e-5
4,2,6,0.35291544996872376
5,1,6,0.569149748895899
6,0,6,0.569149748895899
3,3,6,0.43445522156144323
6,0,6,0.44455820687200376
5,1,6,0.35291544996872376
6,0,6,0.927808813496808
4,2,6,0.43116983099757117
2,4,6,NaN
4,2,6,NaN
6,0,6,0.39064081951093954
5,1,6,0.569149748895899
6,0,6,NaN
6,0,6,0.298085208124839
6,0,6,0.24524244003177142
5,1,6,0.7774891427160723
5,1,6,0.7727911082485781
3,3,6,0.2000773982693332
5,1,6,0.2887478495258714
4,2,6,0.43116983099757117
5,1,6,0.9163216390929619
4,2,6,0.8553400459938837
4,2,6,NaN
2,4,6,0.8120477488685461
6,0,6,NaN
3,3,6,0.976413425292083
4,2,6,0.35794735405289674
6,0,6,0.786623350458894
5,1,6,0.2180321792514569
4,2,6,NaN
3,3,6,0.9711836190363513
5,1,6,0.7267509803124766
4,2,6,0.1298724704817915
3,3,6,0.0021658441345355074
4,2,6,0.4387710096196656
6,0,6,0.8517372630840184
5,1,6,NaN
5,1,6,0.6914431924244484
5,1,6,NaN
3,3,6,0.1298724704817915
6,0,6,0.8733102078879845
5,1,6,NaN
6,0,6,0.07663061051714337
4,2,6,0.02629687812509202
6,0,6,0.7582540955828375
5,1,6,0.6104096037191906
4,2,6,0.9490411065363702
3,3,6,0.0808976304440672
6,0,6,NaN
5,1,6,NaN
5,1,6,0.39064081951093954
4,2,6,0.7560845963589301
2,4,6,0.2895896325248102
4,2,6,0.1994209940517664
6,0,6,NaN
5,1,6,NaN
6,0,6,NaN
6,0,6,0.14766029718238274
6,0,6,0.927808813496808
6,0,6,NaN
5,1,6,0.6914431924244484
4,2,6,0.6104096037191906
2,4,6,0.6505728275062779
5,1,6,0.6505728275062779
4,2,6,NaN
4,2,6,0.09060586658010784
5,1,6,0.2677468206324656
6,0,6,0.8553400459938837
4,2,6,0.43116983099757117
4,2,6,0.8120477488685461
5,1,6,0.23792095229662205
6,0,6,NaN
4,2,6,0.7582540955828375
5,1,6,NaN
2,4,6,0.6505728275062779
5,1,6,0.569149748895899
3,3,6,0.6124850666781179
4,2,6,0.569149748895899
4,2,6,0.35291544996872376
5,1,6,0.8120477488685461
4,2,6,0.2449297274308735
2,4,6,0.03637016329314575
3,3,6,0.8553400459938837
4,2,6,0.8733102078879845
5,1,6,0.36460919903091565
4,2,6,0.6914431924244484
4,2,6,0.24524244003177142
3,3,6,0.6254901922746705
3,3,6,0.8120477488685461
5,1,6,0.9030952226408369
4,2,6,0.9163216390929619
4,2,6,NaN
5,1,6,NaN
6,0,6,0.07470550857760336
4,2,6,0.9649170932836378
3,3,6,0.0006401202862313794
6,0,6,NaN
5,1,6,0.39064081951093954
4,2,6,0.7616161931560907
2,4,6,0.9811127762214269
3,3,6,NaN
5,1,6,NaN
6,0,6,NaN
5,1,6,NaN
5,1,6,0.06611573959509347
5,1,6,0.02233120925362568
6,0,6,NaN
5,1,6,0.005812985542910942
5,1,6,0.43116983099757117
5,1,6,0.6118067632631251
5,1,6,0.4166367761666078
4,2,6,0.8356407771585233
2,4,6,0.009778647628762748
5,1,6,0.7727911082485781
4,2,6,0.39064081951093954
4,2,6,0.8120477488685461
6,0,6,NaN
6,0,6,0.6505728275062779
2,4,6,0.016536460311182142
6,0,6,0.27923371017636817
6,0,6,0.5214901354000671
5,1,6,0.786623350458894
3,3,6,0.9894656266614458
2,4,6,0.35291544996872376
3,3,6,NaN
2,4,6,0.47793771766761745
4,2,6,0.9649170932836378
5,1,6,0.927808813496808
5,1,6,NaN
3,3,6,NaN
4,2,6,0.15716366155074718
6,0,6,NaN
6,0,6,NaN
6,0,6,NaN
4,2,6,0.6225709116109862
3,3,6,0.08596717446393809
2,4,6,0.8733102078879845
2,4,6,0.862675841111742
3,3,6,0.6505728275062779
4,2,6,NaN
4,2,6,0.19236277848876807
6,0,6,0.8886935889394204
4,2,6,0.9894656266614458
5,1,6,0.9388397790286686
3,3,6,0.009765403051649914
4,2,6,0.6914431924244484
6,0,6,0.8120477488685461
6,0,6,0.5238679062670301
6,0,6,0.7125460997863595
6,0,6,0.2180321792514569
3,3,6,NaN
6,0,6,0.9811127762214269
5,1,6,0.5238679062670301
6,0,6,0.8930231247989338
3,3,6,0.7718834732979032
1,5,6,0.9711836190363513
5,1,6,0.6104096037191906
6,0,6,0.786623350458894
2,4,6,0.569149748895899
4,2,6,0.5833950129642113
6,0,6,0.1298724704817915
4,2,6,0.8272931386569693
2,4,6,NaN
6,0,6,NaN
2,4,6,0.43116983099757117
4,2,6,NaN
4,2,6,0.33243704120387024
4,2,6,NaN
6,0,6,0.8876928958714316
6,0,6,NaN
5,1,6,NaN
5,1,6,0.8733102078879845
5,1,6,0.8356407771585233
5,1,6,NaN
4,2,6,0.3149813444585866
3,3,6,0.8886935889394204
4,2,6,NaN
6,0,6,NaN
6,0,6,0.6914431924244484
5,1,6,0.9811127762214269
3,3,6,NaN
4,2,6,NaN
6,0,6,NaN
2,4,6,0.47793771766761745
6,0,6,0.3149813444585866
5,1,6,0.7073065833733292
4,2,6,0.13409334942250706
6,0,6,0.9999003496660525
6,0,6,0.27369177007057516
4,2,6,NaN
6,0,6,0.028886075440067927
5,1,6,0.927808813496808
6,0,6,0.6181101058296996
5,1,6,0.8886935889394204
6,0,6,0.43116983099757117
6,0,6,0.6914431924244484
5,1,6,NaN
3,3,6,NaN
6,0,6,NaN
4,2,6,0.569149748895899
6,0,6,0.786623350458894
6,0,6,0.35291544996872376
2,4,6,0.8120477488685461
4,2,6,NaN
4,2,6,0.07470550857760336
5,1,6,0.35291544996872376
3,3,6,0.43116983099757117
5,1,6,NaN
6,0,6,0.6914431924244484
5,1,6,0.7582540955828375
5,1,6,0.2180321792514569
6,0,6,0.16806732870266622
5,1,6,NaN
5,1,6,0.26048984707811046
6,0,6,NaN
5,1,6,0.7267509803124766
4,2,6,0.2957340907500869
5,1,6,NaN
5,1,6,0.1298724704817915
5,1,6,0.35291544996872376
4,2,6,0.240467882745908
5,1,6,0.9649170932836378
4,2,6,NaN
6,0,6,0.946641464491898
2,4,6,0.6505728275062779
5,1,6,0.9649170932836378
5,1,6,NaN
4,2,6,0.7582540955828375
5,1,6,0.35291544996872376
3,3,6,0.43116983099757117
4,2,6,0.47793771766761745
6,0,6,0.3149813444585866
6,0,6,0.8733102078879845
4,2,6,NaN
6,0,6,NaN
5,1,6,NaN
4,2,6,NaN
6,0,6,0.14766029718238274
6,0,6,0.1298724704817915
5,1,6,NaN
2,4,6,NaN
6,0,6,0.19236277848876807
3,3,6,0.8553400459938837
6,0,6,NaN
3,3,6,0.5342166474767918
3,3,6,0.009115225455742634
3,3,6,NaN
3,3,6,NaN
3,3,6,0.6104096037191906
2,4,6,0.005812985542910942
1,5,6,NaN
6,0,6,NaN
4,2,6,0.11404401218842061
5,1,6,0.8120477488685461
4,2,6,0.43116983099757117
5,1,6,0.5800620663711124
3,3,6,0.5238679062670301
3,3,6,NaN
6,0,6,NaN
5,1,6,0.7444764811943226
6,0,6,NaN
4,2,6,0.8120477488685461
2,4,6,0.07470550857760336
4,2,6,0.976413425292083
3,3,6,NaN
5,1,6,NaN
6,0,6,NaN
2,4,6,0.002341385228516042
5,1,6,0.9030952226408369
4,2,6,0.8370498159240735
2,4,6,NaN
3,3,6,NaN
4,2,6,0.43116983099757117
4,2,6,0.35291544996872376
4,2,6,0.8120477488685461
5,1,6,NaN
5,1,6,0.7267509803124766
4,2,6,0.8886935889394204
5,1,6,0.43116983099757117
5,1,6,0.43116983099757117
4,2,6,0.27923371017636817
3,3,6,NaN
3,3,6,NaN
4,2,6,0.2180321792514569
5,1,6,NaN
3,3,6,0.42883381225392875
4,2,6,0.8886935889394204
2,4,6,0.24524244003177142
6,0,6,NaN
4,2,6,0.0029321330663761103
4,2,6,0.8699393114309927
5,1,6,NaN
6,0,6,0.3149813444585866
2,4,6,0.7267509803124766
6,0,6,0.5238679062670301
4,2,6,0.8291191345239641
4,2,6,5.286128998786161e-6
6,0,6,0.43116983099757117
4,2,6,0.24524244003177142
5,1,6,NaN
5,1,6,NaN
3,3,6,0.8886935889394204
4,2,6,0.16909288643313697
5,1,6,0.9451432656873449
6,0,6,0.6505728275062779
3,3,6,NaN
5,1,6,0.3149813444585866
4,2,6,0.927808813496808
5,1,6,0.3149813444585866
4,2,6,NaN
5,1,6,0.8886935889394204
3,3,6,0.16806732870266622
5,1,6,NaN
6,0,6,0.8553400459938837
6,0,6,0.6203065859182315
5,1,6,0.7267509803124766
5,1,6,0.7582540955828375
6,0,6,0.6970319259827963
4,2,6,NaN
6,0,6,0.6481940395275179
4,2,6,0.09943458759150654
3,3,6,0.8120477488685461
2,4,6,0.05735097310840156
5,1,6,NaN
2,4,6,0.927808813496808
6,0,6,0.7582540955828375
4,2,6,0.6505728275062779
6,0,6,NaN
3,3,6,0.19434466643336454
6,0,6,0.7582540955828375
5,1,6,NaN
3,3,6,NaN
3,3,6,0.6165709600421269
5,1,6,NaN
5,1,6,NaN
6,0,6,NaN
6,0,6,0.31465409776500114
5,1,6,0.005043121192482222
4,2,6,NaN
4,2,6,0.48602070272372766
5,1,6,0.3149813444585866
4,2,6,0.8120477488685461
4,2,6,0.19236277848876807
2,4,6,0.927808813496808
4,2,6,0.7267509803124766
6,0,6,0.34054347346020714
5,1,6,0.9388397790286686
4,2,6,0.8553400459938837
4,2,6,0.39064081951093954
4,2,6,0.9164881048356623
5,1,6,0.976413425292083
3,3,6,0.8582877608590422
3,3,6,0.004835255559590399
3,3,6,NaN
6,0,6,NaN
6,0,6,0.24524244003177142
5,1,6,NaN
5,1,6,0.28307077970323524
4,2,6,0.47793771766761745
5,1,6,0.49795693882232495
3,3,6,0.19994434902855765
6,0,6,0.9030952226408369
6,0,6,0.9388397790286686
6,0,6,NaN
5,1,6,0.005812985542910942
6,0,6,NaN
3,3,6,0.981448517370014
6,0,6,0.6104096037191906
6,0,6,0.009765403051649914
3,3,6,0.8975069834248082
5,1,6,0.6505728275062779
5,1,6,0.6505728275062779
5,1,6,0.6540861916041221
5,1,6,0.35291544996872376
5,1,6,0.569149748895899
6,0,6,NaN
3,3,6,0.927808813496808
4,2,6,NaN
6,0,6,0.5238679062670301
6,0,6,NaN
4,2,6,0.9649170932836378
5,1,6,0.034902768119673695
5,1,6,0.8356407771585233
6,0,6,0.47793771766761745
4,2,6,NaN
5,1,6,NaN
4,2,6,0.1546359837576767
5,1,6,NaN
4,2,6,NaN
5,1,6,NaN
4,2,6,NaN
5,1,6,0.13906406781445516
6,0,6,0.7267509803124766
6,0,6,0.0001375073437557011
5,1,6,0.001918745376381882
4,2,6,0.00021195418541143294
3,3,6,0.8356407771585233
4,2,6,0.08596717446393809
3,3,6,0.8356407771585233
6,0,6,NaN
6,0,6,NaN
6,0,6,NaN
4,2,6,0.8886935889394204
2,4,6,0.07806552573121982
4,2,6,0.786623350458894
5,1,6,0.35291544996872376
5,1,6,NaN
4,2,6,0.786623350458894
3,3,6,NaN
6,0,6,0.976413425292083
6,0,6,NaN
3,3,6,0.6505728275062779
6,0,6,0.16806732870266622
2,4,6,0.9461825198141972
5,1,6,0.7582540955828375
3,3,6,0.43116983099757117
5,1,6,0.224523273519213
5,1,6,NaN
6,0,6,0.8451544942757592
5,1,6,0.01880761644846058
5,1,6,NaN
3,3,6,0.004232317169592533
3,3,6,0.569149748895899
5,1,6,0.16044197349517517
3,3,6,0.786623350458894
5,1,6,0.9388397790286686
4,2,6,0.0038380208272633808
6,0,6,NaN
5,1,6,0.8733102078879845
2,4,6,NaN
3,3,6,0.5238679062670301
4,2,6,0.7267509803124766
6,0,6,0.7582540955828375
5,1,6,0.39064081951093954
5,1,6,0.569149748895899
5,1,6,0.43116983099757117
2,4,6,0.569149748895899
5,1,6,NaN
5,1,6,0.7582540955828375
6,0,6,NaN
5,1,6,NaN
5,1,6,0.39064081951093954
6,0,6,1.4120729008118853e-6
3,3,6,0.6505728275062779
4,2,6,NaN
6,0,6,0.835445920380814
5,1,6,0.9490411065363702
4,2,6,NaN
3,3,6,0.0007722696595447667
3,3,6,0.946641464491898
3,3,6,NaN
1,5,6,NaN
4,2,6,0.16806732870266622
4,2,6,NaN
5,1,6,0.6104096037191906
6,0,6,0.8356407771585233
5,1,6,0.9923256991209348
6,0,6,NaN
6,0,6,0.6914431924244484
5,1,6,0.2282523807203539
2,4,6,0.8120477488685461
4,2,6,NaN
5,1,6,NaN
2,4,6,0.24274098601481534
6,0,6,NaN
4,2,6,0.35291544996872376
6,0,6,NaN
3,3,6,NaN
5,1,6,0.5521089525595249
3,3,6,NaN
2,4,6,NaN
6,0,6,NaN
3,3,6,0.004885898913119691
5,1,6,NaN
1,5,6,NaN
5,1,6,0.7626015218157729
6,0,6,0.9574264943593161
4,2,6,0.7971405917373999
4,2,6,NaN
5,1,6,0.6505728275062779
1,5,6,0.03794641341295346
4,2,6,0.6505728275062779
6,0,6,0.43116983099757117
5,1,6,0.47793771766761745
5,1,6,0.03969332077468964
5,1,6,0.14766029718238274
5,1,6,0.39064081951093954
5,1,6,0.43116983099757117
4,2,6,0.927808813496808
5,1,6,0.5066277546201244
5,1,6,0.19236277848876807
6,0,6,0.8356407771585233
6,0,6,NaN
3,3,6,0.569149748895899
4,2,6,NaN
2,4,6,NaN
6,0,6,0.16806732870266622
5,1,6,NaN
5,1,6,0.6914431924244484
6,0,6,0.9030952226408369
5,1,6,0.4362603454400625
3,3,6,NaN
3,3,6,0.25698871957740044
4,2,6,NaN
5,1,6,NaN
3,3,6,0.2180321792514569
6,0,6,0.2180321792514569
3,3,6,0.03002638953784875
5,1,6,NaN
5,1,6,0.13685926584970762
4,2,6,0.2057789763366691
5,1,6,0.7582540955828375
3,3,6,0.9558502833680242
5,1,6,0.1298724704817915
4,2,6,0.3969448981026577
4,2,6,0.6505728275062779
6,0,6,NaN
6,0,6,0.9388397790286686
5,1,6,0.6294021665643313
5,1,6,0.39064081951093954
2,4,6,NaN
5,1,6,0.0494455745194533
6,0,6,NaN
5,1,6,0.8553400459938837
5,1,6,0.43116983099757117
4,2,6,0.19236277848876807
2,4,6,0.9857264206675347
4,2,6,0.08596717446393809
5,1,6,0.8050468755743588
3,3,6,0.35291544996872376
4,2,6,0.6104096037191906
4,2,6,0.8120477488685461
6,0,6,0.8886935889394204
4,2,6,NaN
5,1,6,NaN
2,4,6,0.27073882354074513
6,0,6,0.47793771766761745
6,0,6,0.3149813444585866
5,1,6,0.6104096037191906
5,1,6,0.9163216390929619
6,0,6,0.27923371017636817
6,0,6,0.3318933980048265
2,4,6,0.35291544996872376
5,1,6,0.030802219468709268
5,1,6,0.7582540955828375
6,0,6,NaN
5,1,6,0.6104096037191906
4,2,6,NaN
3,3,6,NaN
3,3,6,0.4810508263307117
5,1,6,0.3514942406577541
5,1,6,0.6988422924455849
6,0,6,0.6914431924244484
5,1,6,0.5238679062670301
5,1,6,0.6958522351935951
3,3,6,0.05735097310840156
4,2,6,0.24524244003177142
4,2,6,0.8553400459938837
5,1,6,0.569149748895899
5,1,6,0.0494455745194533
5,1,6,0.47793771766761745
4,2,6,NaN
1,5,6,NaN
6,0,6,0.19236277848876807
4,2,6,0.7667685234411091
3,3,6,0.39064081951093954
4,2,6,0.6025544455485983
6,0,6,0.2689829743483109
6,0,6,0.028422459127673036
5,1,6,0.9388397790286686
5,1,6,NaN
3,3,6,NaN
4,2,6,0.17753844823785986
1,5,6,0.569149748895899
5,1,6,NaN
5,1,6,0.786623350458894
3,3,6,0.6505728275062779
5,1,6,NaN
3,3,6,NaN
6,0,6,0.7267509803124766
6,0,6,0.016596577616118536
5,1,6,0.20577556653186643
4,2,6,0.028665281103185784
3,3,6,NaN
5,1,6,0.06611573959509347
4,2,6,0.3764919019826926
6,0,6,0.3835952018347509
3,3,6,0.8120477488685461
2,4,6,NaN
4,2,6,NaN
5,1,6,0.9711836190363513
6,0,6,0.8733102078879845
6,0,6,NaN
4,2,6,0.9574264943593161
6,0,6,NaN
6,0,6,0.9163216390929619
6,0,6,0.2180321792514569
6,0,6,NaN
6,0,6,0.06401128502476251
5,1,6,0.11312653567456343
5,1,6,0.569149748895899
4,2,6,0.8120477488685461
6,0,6,0.835445920380814
6,0,6,NaN
6,0,6,0.08596717446393809
5,1,6,NaN
6,0,6,NaN
3,3,6,0.2180321792514569
3,3,6,0.1298724704817915
4,2,6,0.022632263618383216
2,4,6,0.9115847525002773
5,1,6,NaN
6,0,6,0.47793771766761745
4,2,6,0.27923371017636817
4,2,6,0.15844644329959195
6,0,6,0.8553400459938837
4,2,6,0.19236277848876807
5,1,6,0.2180321792514569
4,2,6,0.9525096013127643
6,0,6,0.47793771766761745
6,0,6,0.5648882816339776
5,1,6,0.13067888610224584
6,0,6,0.0654288313455151
6,0,6,0.5238679062670301
6,0,6,NaN
4,2,6,0.43116983099757117
3,3,6,0.030456654273696277
5,1,6,NaN
3,3,6,NaN
4,2,6,0.9427037247315124
4,2,6,NaN
5,1,6,0.3149813444585866
6,0,6,NaN
5,1,6,0.5238679062670301
6,0,6,NaN
6,0,6,0.43116983099757117
5,1,6,0.0021658441345355074
3,3,6,0.5238679062670301
4,2,6,0.16806732870266622
3,3,6,NaN
5,1,6,0.7582540955828375
4,2,6,0.0692309627638174
6,0,6,NaN
6,0,6,0.012365847373154236
5,1,6,0.6914431924244484
5,1,6,NaN
6,0,6,0.16806732870266622
6,0,6,0.8923623362698452
5,1,6,NaN
3,3,6,0.007700563332498691
6,0,6,0.8733102078879845
6,0,6,0.16922731549821454
6,0,6,NaN
4,2,6,0.7582540955828375
2,4,6,0.43116983099757117
5,1,6,1.7882897756534253e-6
5,1,6,0.927808813496808
5,1,6,0.015454592262669988
5,1,6,0.4215696873188161
5,1,6,0.6833758768314452
4,2,6,NaN
3,3,6,0.8356407771585233
6,0,6,0.9574264943593161
5,1,6,0.7820392856731134
6,0,6,NaN
3,3,6,NaN
5,1,6,0.30320446117074934
4,2,6,NaN
5,1,6,NaN
6,0,6,0.0494455745194533
6,0,6,0.7977863035417704
6,0,6,0.47669007767124383
5,1,6,0.3149813444585866
4,2,6,NaN
4,2,6,0.00140684628736026
4,2,6,0.35291544996872376
4,2,6,0.11404401218842061
5,1,6,0.7762201877346611
3,3,6,0.5238679062670301
6,0,6,0.921881291872341
3,3,6,NaN
4,2,6,0.569149748895899
3,3,6,0.3149813444585866
5,1,6,NaN
4,2,6,0.24524244003177142
6,0,6,0.11685766209239938
6,0,6,NaN
6,0,6,0.6065509481318526
6,0,6,0.4712081165916592
6,0,6,0.927808813496808
3,3,6,0.2180321792514569
6,0,6,0.19236277848876807
3,3,6,0.9490411065363702
6,0,6,0.2299296832619814
6,0,6,NaN
4,2,6,NaN
6,0,6,NaN
5,1,6,NaN
5,1,6,0.6914431924244484
4,2,6,0.9649170932836378
5,1,6,0.5278294455010347
2,4,6,0.13835575943955988
6,0,6,0.2180321792514569
1,5,6,0.39064081951093954
5,1,6,0.43116983099757117
4,2,6,0.9030952226408369
4,2,6,0.0494455745194533
4,2,6,NaN
4,2,6,NaN
2,4,6,NaN
3,3,6,0.43116983099757117
6,0,6,0.786623350458894
4,2,6,0.39064081951093954
6,0,6,NaN
3,3,6,0.47793771766761745
3,3,6,0.786623350458894
6,0,6,0.6104096037191906
6,0,6,0.6914431924244484
6,0,6,NaN
5,1,6,0.7582540955828375
6,0,6,NaN
5,1,6,0.43116983099757117
6,0,6,0.6177018808509218
5,1,6,0.16806732870266622
4,2,6,NaN
5,1,6,0.8733102078879845
6,0,6,0.2180321792514569
6,0,6,0.927808813496808
6,0,6,0.8356407771585233
5,1,6,0.27369177007057516
5,1,6,0.9645977848212985
3,3,6,0.0494455745194533
4,2,6,0.47793771766761745
3,3,6,0.786623350458894
3,3,6,NaN
5,1,6,0.9806800563575573
5,1,6,0.2180321792514569
1,5,6,0.815619098391547
3,3,6,0.15230486591290823
6,0,6,NaN
6,0,6,NaN
3,3,6,0.8553400459938837
4,2,6,0.24524244003177142
6,0,6,0.7582540955828375
5,1,6,0.00013375758221081688
3,3,6,NaN
5,1,6,NaN
4,2,6,NaN
5,1,6,NaN
4,2,6,NaN
5,1,6,0.9388397790286686
3,3,6,0.8688875181435378
6,0,6,0.21049533236325113
6,0,6,0.8356407771585233
6,0,6,0.3149813444585866
6,0,6,0.6505728275062779
5,1,6,0.9030952226408369
6,0,6,0.14766029718238274
3,3,6,0.6505728275062779
6,0,6,0.43116983099757117
4,2,6,NaN
6,0,6,0.08186643571634444
3,3,6,0.8733102078879845
5,1,6,0.43116983099757117
5,1,6,0.39064081951093954
4,2,6,0.8120477488685461
6,0,6,0.8120477488685461
5,1,6,0.6833758768314452
5,1,6,0.9115847525002773
4,2,6,0.9388397790286686
5,1,6,NaN
4,2,6,NaN
6,0,6,NaN
2,4,6,0.16806732870266622
5,1,6,0.05735097310840156
5,1,6,NaN
5,1,6,0.38279025412778
4,2,6,0.7267509803124766
4,2,6,0.7582540955828375
5,1,6,0.9388397790286686
6,0,6,0.5988966746409761
3,3,6,0.8356407771585233
6,0,6,0.6104096037191906
5,1,6,0.5238679062670301
5,1,6,0.39064081951093954
2,4,6,0.35291544996872376
6,0,6,0.9450233618102043
4,2,6,0.31704501574285643
6,0,6,NaN
4,2,6,0.11404401218842061
4,2,6,NaN
6,0,6,0.9163216390929619
6,0,6,0.7582540955828375
4,2,6,0.8886935889394204
4,2,6,0.24524244003177142
6,0,6,0.9649170932836378
6,0,6,NaN
4,2,6,0.1298724704817915
5,1,6,NaN
4,2,6,NaN
4,2,6,0.06611573959509347
5,1,6,NaN
6,0,6,NaN
4,2,6,0.0004710372881317063
5,1,6,0.8120477488685461
2,4,6,0.09943458759150654
5,1,6,NaN
3,3,6,NaN
5,1,6,NaN
5,1,6,0.01166810178593573
4,2,6,0.927808813496808
6,0,6,0.6914431924244484
6,0,6,0.21046876427536526
5,1,6,0.7582540955828375
6,0,6,0.8120477488685461
5,1,6,NaN
6,0,6,NaN
5,1,6,0.6104096037191906
4,2,6,0.47793771766761745
3,3,6,NaN
6,0,6,NaN
4,2,6,0.569149748895899
6,0,6,NaN
4,2,6,0.7267509803124766
6,0,6,0.47793771766761745
5,1,6,0.5238679062670301
4,2,6,NaN
6,0,6,0.1298724704817915
5,1,6,0.7267509803124766
4,2,6,NaN
4,2,6,NaN
4,2,6,0.9501305535207419
4,2,6,NaN
4,2,6,NaN
2,4,6,NaN
6,0,6,NaN
4,2,6,NaN
5,1,6,NaN
5,1,6,NaN
4,2,6,NaN
4,2,6,0.7000316372896551
5,1,6,0.8553400459938837
4,2,6,0.3149813444585866
6,0,6,0.569149748895899
4,2,6,0.013586981065800315
2,4,6,0.27923371017636817
5,1,6,0.9030952226408369
4,2,6,NaN
4,2,6,0.6505728275062779
5,1,6,0.9163216390929619
6,0,6,0.9030952226408369
3,3,6,0.8886935889394204
4,2,6,NaN
6,0,6,0.3511880936280086
3,3,6,0.9711836190363513
5,1,6,0.16922731549821454
3,3,6,0.061269156053460755
4,2,6,NaN
5,1,6,0.11404401218842061
5,1,6,NaN
4,2,6,0.27923371017636817
6,0,6,0.05735097310840156
5,1,6,0.9857264206675347
6,0,6,0.9030952226408369
6,0,6,NaN
6,0,6,0.8356407771585233
5,1,6,0.8120477488685461
6,0,6,0.03317022976394289
4,2,6,NaN
4,2,6,0.9963020919739074
4,2,6,NaN
3,3,6,NaN
4,2,6,0.4832561451933705
1,5,6,0.35291544996872376
5,1,6,0.43116983099757117
5,1,6,NaN
5,1,6,NaN
4,2,6,NaN
4,2,6,NaN
3,3,6,0.03225642009965496
4,2,6,0.0573890075051576
6,0,6,0.35291544996872376
5,1,6,0.569149748895899
5,1,6,0.6505728275062779
4,2,6,0.8886935889394204
6,0,6,0.3011447146917934
4,2,6,0.6104096037191906
5,1,6,NaN
5,1,6,NaN
4,2,6,0.8356407771585233
5,1,6,0.37400156131655193
4,2,6,0.47793771766761745
3,3,6,0.6013427140244767
3,3,6,0.27923371017636817
6,0,6,0.9163216390929619
2,4,6,0.7154746861447431
2,4,6,0.04370689030141423
6,0,6,0.7956261595356564
6,0,6,0.9995738338928857
5,1,6,0.8120477488685461
3,3,6,NaN
3,3,6,0.47793771766761745
6,0,6,0.09641634503299593
4,2,6,0.19236277848876807
6,0,6,0.8553400459938837
6,0,6,NaN
5,1,6,0.11404401218842061
4,2,6,0.6104096037191906
6,0,6,NaN
5,1,6,0.001624114442948408
3,3,6,0.35291544996872376
5,1,6,NaN
5,1,6,0.6505728275062779
4,2,6,NaN
1,5,6,0.7267509803124766
4,2,6,0.03794641341295346
4,2,6,0.09943458759150654
5,1,6,0.9811127762214269
4,2,6,0.9388397790286686
5,1,6,0.18578372937380389
4,2,6,0.9490411065363702
1,5,6,0.6657779521723682
6,0,6,0.41605758143981575
3,3,6,0.8213387706992771
4,2,6,0.7267509803124766
4,2,6,0.8553400459938837
3,3,6,0.43116983099757117
3,3,6,NaN
4,2,6,0.4000801055241669
6,0,6,0.39064081951093954
5,1,6,0.1298724704817915
2,4,6,0.11404401218842061
3,3,6,0.14766029718238274
3,3,6,NaN
3,3,6,0.976413425292083
3,3,6,0.5238679062670301
4,2,6,0.8553400459938837
5,1,6,0.7377518677167634
4,2,6,NaN
4,2,6,NaN
6,0,6,0.47793771766761745
3,3,6,0.569149748895899
5,1,6,0.6880751652472807
3,3,6,NaN
6,0,6,NaN
6,0,6,0.35291544996872376
6,0,6,0.569149748895899
6,0,6,0.6914431924244484
4,2,6,0.38080930355315645
5,1,6,NaN
5,1,6,NaN
6,0,6,0.47793771766761745
6,0,6,0.6505728275062779
6,0,6,0.8553400459938837
6,0,6,0.8733102078879845
4,2,6,0.927808813496808
3,3,6,0.19236277848876807
6,0,6,0.8553400459938837
4,2,6,0.9490411065363702
5,1,6,0.03317022976394289
5,1,6,0.7582540955828375
5,1,6,NaN
3,3,6,NaN
3,3,6,0.11404401218842061
6,0,6,0.6505728275062779
4,2,6,0.9490411065363702
3,3,6,NaN
5,1,6,0.43447317571892513
5,1,6,0.7893934183703576
5,1,6,0.5238679062670301
6,0,6,NaN
2,4,6,0.11404401218842061
3,3,6,0.7727911082485781
6,0,6,0.5238679062670301
5,1,6,0.8553400459938837
5,1,6,NaN
6,0,6,NaN
5,1,6,0.04370689030141423
5,1,6,0.7993600872299944
5,1,6,NaN
5,1,6,0.7213574018943657
4,2,6,0.8356407771585233
5,1,6,0.19236277848876807
5,1,6,0.8120477488685461
4,2,6,0.6505728275062779
5,1,6,0.569149748895899
5,1,6,0.8733102078879845
5,1,6,0.24524244003177142
5,1,6,0.35291544996872376
3,3,6,0.9924700607390016
6,0,6,0.7267509803124766
4,2,6,0.6181101058296996
6,0,6,NaN
3,3,6,0.6505728275062779
5,1,6,0.8356407771585233
6,0,6,NaN
6,0,6,0.8720060212102919
6,0,6,0.6312521649346363
4,2,6,NaN
4,2,6,0.7267509803124766
5,1,6,0.4285523599603249
4,2,6,NaN
2,4,6,0.9711836190363513
5,1,6,0.9649170932836378
3,3,6,NaN
4,2,6,0.7267509803124766
5,1,6,0.39064081951093954
3,3,6,0.08219935552038937
5,1,6,NaN
4,2,6,0.9030952226408369
4,2,6,NaN
3,3,6,NaN
4,2,6,0.9490411065363702
5,1,6,NaN
5,1,6,0.24524244003177142
5,1,6,0.8120477488685461
6,0,6,0.39064081951093954
5,1,6,NaN
6,0,6,0.28094264177186057
4,2,6,0.47793771766761745
4,2,6,NaN
4,2,6,0.4220363892878617
6,0,6,0.7582540955828375
3,3,6,0.021960220642977778
4,2,6,0.24524244003177142
5,1,6,0.3149813444585866
5,1,6,0.2271455689834712
6,0,6,NaN
6,0,6,0.356225653747003
3,3,6,0.6914431924244484
5,1,6,0.5238679062670301
5,1,6,0.12645481336172268
3,3,6,0.8733102078879845
3,3,6,NaN
5,1,6,NaN
4,2,6,0.8553400459938837
6,0,6,0.24524244003177142
4,2,6,NaN
4,2,6,NaN
6,0,6,NaN
5,1,6,0.569149748895899
3,3,6,0.8604045818016827
3,3,6,0.8473601719568133
5,1,6,0.8807129847760922
4,2,6,0.00037391586451701814
4,2,6,NaN
4,2,6,0.9163216390929619
4,2,6,0.2180321792514569
4,2,6,0.8733102078879845
6,0,6,NaN
6,0,6,0.9447403838458389
5,1,6,0.6914431924244484
6,0,6,NaN
2,4,6,0.27923371017636817
3,3,6,0.5723478033865719
5,1,6,0.9494471673386267
6,0,6,0.9811127762214269
5,1,6,0.6914431924244484
5,1,6,0.8120477488685461
6,0,6,0.021960220642977778
4,2,6,NaN
2,4,6,NaN
4,2,6,0.9337271792329145
5,1,6,0.009778647628762748
4,2,6,0.35291544996872376
3,3,6,0.5599733442126108
6,0,6,NaN
3,3,6,0.7267509803124766
3,3,6,0.07435087286665179
6,0,6,0.9265806056433037
3,3,6,0.569149748895899
6,0,6,0.6914431924244484
4,2,6,0.39064081951093954
5,1,6,0.9490411065363702
4,2,6,0.6505728275062779
5,1,6,NaN
6,0,6,NaN
5,1,6,0.786623350458894
5,1,6,0.0494455745194533
6,0,6,0.569149748895899
5,1,6,0.6505728275062779
4,2,6,NaN
5,1,6,0.5438523311920737
4,2,6,NaN
5,1,6,0.0494455745194533
2,4,6,0.39064081951093954
5,1,6,0.5238679062670301
6,0,6,NaN
6,0,6,NaN
5,1,6,0.49918214384274195
6,0,6,0.8553400459938837
4,2,6,0.9711836190363513
6,0,6,0.43116983099757117
6,0,6,0.5059824106986184
6,0,6,0.43116983099757117
3,3,6,NaN
5,1,6,0.6914431924244484
5,1,6,0.6914431924244484
3,3,6,NaN
3,3,6,NaN
4,2,6,0.569149748895899
4,2,6,NaN
6,0,6,0.3149813444585866
5,1,6,0.48598831769096845
4,2,6,NaN
4,2,6,0.9649170932836378
6,0,6,0.6914431924244484
5,1,6,0.5238679062670301
6,0,6,0.5238679062670301
5,1,6,0.6914431924244484
6,0,6,0.6914431924244484
3,3,6,0.8733102078879845
4,2,6,NaN
3,3,6,0.27923371017636817
4,2,6,0.11404401218842061
3,3,6,0.24524244003177142
6,0,6,0.8553400459938837
6,0,6,0.16806732870266622
5,1,6,NaN
3,3,6,0.6505728275062779
2,4,6,0.09943458759150654
6,0,6,NaN
4,2,6,NaN
4,2,6,0.24524244003177142
3,3,6,0.00433700536456852
5,1,6,NaN
4,2,6,NaN
3,3,6,0.7267509803124766
4,2,6,NaN
5,1,6,0.8120477488685461
5,1,6,0.7267509803124766
6,0,6,NaN
6,0,6,0.001615416478124687
5,1,6,0.7551362750453269
6,0,6,NaN
5,1,6,0.7582540955828375
5,1,6,0.008126970210441814
5,1,6,0.985133159599795
4,2,6,0.3128054681726522
4,2,6,0.3149813444585866
5,1,6,2.568775634082611e-6
5,1,6,0.35291544996872376
3,3,6,NaN
5,1,6,0.8356407771585233
5,1,6,0.5922202752450703
4,2,6,0.16232629322647835
5,1,6,0.40057686224618433
4,2,6,0.7582540955828375
3,3,6,0.23967195993390902
4,2,6,NaN
6,0,6,0.016314898271010056
5,1,6,0.8842171442215973
4,2,6,0.7267509803124766
6,0,6,0.7582540955828375
3,3,6,NaN
3,3,6,0.8733102078879845
4,2,6,NaN
3,3,6,0.07949600929556037
4,2,6,0.976413425292083
3,3,6,NaN
5,1,6,NaN
5,1,6,NaN
6,0,6,0.28689184687405256
4,2,6,0.786623350458894
5,1,6,0.016314898271010056
4,2,6,0.005043121192482222
6,0,6,NaN
6,0,6,0.48358607622490263
5,1,6,0.24524244003177142
4,2,6,0.9649170932836378
5,1,6,NaN
6,0,6,0.9960853277303906
5,1,6,NaN
4,2,6,NaN
5,1,6,0.09943458759150654
5,1,6,0.8866035662539163
6,0,6,0.8291191345239641
2,4,6,NaN
4,2,6,0.4224113138603762
5,1,6,NaN
4,2,6,NaN
1,5,6,0.39064081951093954
4,2,6,0.8733102078879845
5,1,6,0.6104096037191906
5,1,6,0.9365426440212087
5,1,6,NaN
3,3,6,0.6165709600421269
5,1,6,NaN
2,4,6,0.9163216390929619
4,2,6,0.6603349835179124
5,1,6,0.569149748895899
6,0,6,NaN
4,2,6,0.8733102078879845
6,0,6,0.6505728275062779
4,2,6,0.5082559477879546
4,2,6,0.786623350458894
5,1,6,0.39064081951093954
4,2,6,NaN
3,3,6,0.9923256991209348
4,2,6,0.927808813496808
5,1,6,0.9163216390929619
6,0,6,0.6505728275062779
4,2,6,0.6165709600421269
4,2,6,0.7267509803124766
6,0,6,NaN
6,0,6,0.14766029718238274
4,2,6,0.05735097310840156
5,1,6,NaN
6,0,6,0.39064081951093954
6,0,6,0.027199146681465527
3,3,6,NaN
4,2,6,0.7582540955828375
5,1,6,0.6104096037191906
6,0,6,0.24524244003177142
2,4,6,NaN
5,1,6,0.0494455745194533
6,0,6,0.413668157711759
5,1,6,0.786623350458894
5,1,6,0.7582540955828375
4,2,6,NaN
6,0,6,NaN
3,3,6,0.8733102078879845
4,2,6,NaN
5,1,6,0.786623350458894
6,0,6,NaN
2,4,6,0.7090903416068433
1,5,6,0.818859453949597
3,3,6,0.023241712907202783
3,3,6,NaN
6,0,6,0.786623350458894
3,3,6,0.569149748895899
5,1,6,0.998767140334452
6,0,6,NaN
5,1,6,0.786623350458894
6,0,6,NaN
6,0,6,0.39058618657736854
5,1,6,0.43116983099757117
3,3,6,0.5649522290328863
2,4,6,0.024979424385777767
2,4,6,0.39064081951093954
4,2,6,0.6044914403699415
5,1,6,NaN
4,2,6,NaN
4,2,6,0.028886075440067927
4,2,6,0.2449297274308735
6,0,6,0.6914431924244484
3,3,6,0.8120477488685461
6,0,6,0.2780136555871319
2,4,6,NaN
3,3,6,NaN
6,0,6,0.3149813444585866
3,3,6,0.8180578404386568
5,1,6,0.976413425292083
5,1,6,0.569149748895899
6,0,6,0.24524244003177142
6,0,6,0.39064081951093954
6,0,6,0.4472189894720591
6,0,6,NaN
4,2,6,NaN
5,1,6,0.8179142752161765
4,2,6,0.5238679062670301
5,1,6,0.976413425292083
5,1,6,0.07470550857760336
4,2,6,0.6707349621050268
3,3,6,0.8688875181435378
3,3,6,NaN
6,0,6,0.4120432192918853
6,0,6,NaN
6,0,6,NaN
6,0,6,NaN
5,1,6,0.8356407771585233
5,1,6,0.47793771766761745
5,1,6,0.16806732870266622
5,1,6,NaN
6,0,6,NaN
5,1,6,0.27923371017636817
6,0,6,0.9030952226408369
3,3,6,NaN
6,0,6,0.7569522625664208
6,0,6,0.7582540955828375
5,1,6,NaN
4,2,6,0.976413425292083
6,0,6,0.8423181441438142
5,1,6,0.6505728275062779
6,0,6,0.7986584725866982
5,1,6,0.6505728275062779
6,0,6,0.47793771766761745
4,2,6,0.9857264206675347
4,2,6,0.569149748895899
4,2,6,0.16806732870266622
6,0,6,0.13906654979568236
2,4,6,NaN
3,3,6,NaN
4,2,6,0.11404401218842061
6,0,6,0.9490411065363702
4,2,6,0.1298724704817915
6,0,6,NaN
5,1,6,NaN
5,1,6,0.4935751984271405
2,4,6,0.4299909003423002
5,1,6,0.43116983099757117
1,5,6,0.9892198486363319
5,1,6,0.27923371017636817
6,0,6,NaN
2,4,6,0.7476253652239586
5,1,6,0.5983679447151996
5,1,6,NaN
6,0,6,NaN
6,0,6,NaN
5,1,6,0.23279522155370033
6,0,6,NaN
6,0,6,NaN
5,1,6,0.9163216390929619
4,2,6,0.8886935889394204
4,2,6,0.10834056752637997
5,1,6,0.927808813496808
2,4,6,0.8733102078879845
3,3,6,0.8356407771585233
4,2,6,NaN
1,5,6,NaN
3,3,6,NaN
5,1,6,NaN
1,5,6,0.3421998722560615
6,0,6,NaN
5,1,6,0.6200618616063078
6,0,6,0.6104096037191906
6,0,6,NaN
5,1,6,NaN
5,1,6,NaN
5,1,6,0.976413425292083
4,2,6,0.9649170932836378
1,5,6,0.786623350458894
4,2,6,0.3149813444585866
5,1,6,0.927808813496808
3,3,6,NaN
5,1,6,0.7267509803124766
5,1,6,0.43116983099757117
6,0,6,0.012525706256158033
5,1,6,NaN
4,2,6,0.8120477488685461
6,0,6,0.786623350458894
3,3,6,0.05735097310840156
4,2,6,NaN
5,1,6,0.7509176810696861
6,0,6,NaN
3,3,6,NaN
5,1,6,0.9649170932836378
4,2,6,NaN
1,5,6,NaN
4,2,6,0.9811127762214269
4,2,6,0.47793771766761745
5,1,6,0.47793771766761745
6,0,6,0.7267509803124766
5,1,6,NaN
6,0,6,0.9711836190363513
2,4,6,0.9811127762214269
4,2,6,0.569149748895899
3,3,6,0.4964159108272727
5,1,6,NaN
4,2,6,NaN
3,3,6,NaN
4,2,6,NaN
6,0,6,0.8886935889394204
2,4,6,0.06611573959509347
5,1,6,0.7582540955828375
6,0,6,0.47793771766761745
2,4,6,NaN
6,0,6,0.6104096037191906
6,0,6,NaN
4,2,6,NaN
6,0,6,NaN
5,1,6,0.028886075440067927
3,3,6,9.380564266595889e-5
5,1,6,0.21406091477604397
6,0,6,NaN
3,3,6,NaN
5,1,6,0.43116983099757117
2,4,6,0.08596717446393809
3,3,6,0.9030952226408369
1,5,6,NaN
3,3,6,0.03794641341295346
3,3,6,NaN
6,0,6,NaN
3,3,6,0.786623350458894
6,0,6,NaN
5,1,6,0.8581967138692722
3,3,6,NaN
6,0,6,0.2180321792514569
4,2,6,0.569149748895899
5,1,6,0.9999963913009383
6,0,6,6.914887408799665e-7
4,2,6,0.47793771766761745
3,3,6,0.9030952226408369
2,4,6,NaN
4,2,6,0.03463093166333102
5,1,6,0.3149813444585866
4,2,6,NaN
6,0,6,0.43116983099757117
4,2,6,0.006479622276569894
6,0,6,NaN
5,1,6,NaN
5,1,6,0.7267509803124766
6,0,6,0.7582540955828375
6,0,6,0.6914431924244484
5,1,6,0.1298724704817915
2,4,6,0.9361877053277394
2,4,6,0.786623350458894
3,3,6,0.04370689030141423
5,1,6,0.8733102078879845
6,0,6,0.16806732870266622
4,2,6,0.8621548621268441
6,0,6,NaN
6,0,6,0.303709033122216
2,4,6,0.1266422911083184
4,2,6,0.24524244003177142
5,1,6,0.509102914119062
6,0,6,0.3149813444585866
4,2,6,0.2180321792514569
6,0,6,NaN
3,3,6,0.786623350458894
2,4,6,0.47793771766761745
4,2,6,0.2180321792514569
4,2,6,0.16806732870266622
6,0,6,NaN
5,1,6,0.8567055730870228
3,3,6,0.9811127762214269
4,2,6,0.8866035662539163
5,1,6,0.3149813444585866
3,3,6,0.04370689030141423
3,3,6,NaN
4,2,6,4.610805214137108e-7
5,1,6,0.43116983099757117
6,0,6,NaN
3,3,6,0.01413206529622516
3,3,6,0.43116983099757117
4,2,6,0.8213387706992771
5,1,6,0.6914431924244484
1,5,6,0.16909288643313697
4,2,6,0.8120477488685461
4,2,6,NaN
6,0,6,NaN
3,3,6,0.927808813496808
5,1,6,NaN
6,0,6,0.786623350458894
5,1,6,NaN
5,1,6,0.03794641341295346
4,2,6,0.037390452051085675
6,0,6,NaN
6,0,6,0.9163216390929619
4,2,6,NaN
5,1,6,0.35291544996872376
5,1,6,NaN
5,1,6,0.7582540955828375
6,0,6,0.6505728275062779
6,0,6,NaN
3,3,6,NaN
6,0,6,0.20489463434600952
2,4,6,0.9923256991209348
5,1,6,0.3761245419307974
4,2,6,NaN
6,0,6,0.9923256991209348
3,3,6,0.8733102078879845
4,2,6,0.5610754927363164
3,3,6,NaN
4,2,6,0.6914431924244484
3,3,6,0.8356407771585233
2,4,6,NaN
4,2,6,NaN
5,1,6,0.08596717446393809
2,4,6,NaN
6,0,6,0.06611573959509347
3,3,6,NaN
5,1,6,0.08017117700180935
5,1,6,0.7582540955828375
3,3,6,0.8553400459938837
5,1,6,0.24524244003177142
5,1,6,0.14766029718238274
6,0,6,0.6914431924244484
5,1,6,0.8733102078879845
3,3,6,0.6505728275062779
6,0,6,0.39064081951093954
6,0,6,NaN
6,0,6,0.11404401218842061
3,3,6,NaN
4,2,6,0.270265983802831
1,5,6,0.927808813496808
3,3,6,NaN
5,1,6,0.47793771766761745
5,1,6,0.9030952226408369
4,2,6,0.569149748895899
6,0,6,0.2578554173185668
4,2,6,NaN
4,2,6,0.09793149945569206
4,2,6,0.03832442848911993
6,0,6,0.8553400459938837
3,3,6,0.016314898271010056
1,5,6,NaN
5,1,6,0.6914431924244484
4,2,6,NaN
3,3,6,0.9889324734642139
5,1,6,NaN
5,1,6,0.47793771766761745
4,2,6,NaN
3,3,6,0.8120477488685461
1,5,6,0.5395673009229611
5,1,6,0.9163216390929619
4,2,6,0.8886935889394204
5,1,6,0.0803659083927964
6,0,6,0.35291544996872376
4,2,6,NaN
6,0,6,0.8120477488685461
4,2,6,0.927808813496808
6,0,6,0.07470550857760336
2,4,6,NaN
4,2,6,0.08596717446393809
6,0,6,0.7267509803124766
5,1,6,NaN
2,4,6,0.27923371017636817
5,1,6,0.16806732870266622
4,2,6,NaN
5,1,6,NaN
4,2,6,0.47793771766761745
5,1,6,0.4097989646471749
3,3,6,0.15233618458437861
5,1,6,0.2100810803147979
5,1,6,0.10996165376987276
3,3,6,NaN
6,0,6,0.9711836190363513
5,1,6,0.04408554882784712
3,3,6,NaN
3,3,6,NaN
3,3,6,NaN
5,1,6,NaN
4,2,6,0.9163216390929619
4,2,6,0.7582540955828375
2,4,6,0.8356407771585233
2,4,6,0.27718784479331987
3,3,6,0.09943458759150654
2,4,6,NaN
5,1,6,0.08596717446393809
5,1,6,NaN
6,0,6,0.6505728275062779
4,2,6,0.14766029718238274
4,2,6,NaN
5,1,6,0.11404401218842061
4,2,6,0.9811127762214269
6,0,6,0.0494455745194533
6,0,6,NaN
5,1,6,0.5238679062670301
5,1,6,0.43116983099757117
4,2,6,0.7267509803124766
6,0,6,0.8350127285751167
4,2,6,NaN
5,1,6,0.5260673748981816
5,1,6,NaN
5,1,6,0.9052710563736999
3,3,6,0.5238679062670301
5,1,6,NaN
5,1,6,0.9923256991209348
3,3,6,0.9574264943593161
4,2,6,0.47793771766761745
4,2,6,0.2100810803147979
2,4,6,NaN
6,0,6,0.4376980178061627
4,2,6,NaN
6,0,6,NaN
4,2,6,0.24524244003177142
2,4,6,0.11404401218842061
1,5,6,0.9388397790286686
5,1,6,0.5238679062670301
4,2,6,0.6781629679067602
5,1,6,NaN
6,0,6,0.9030952226408369
5,1,6,0.786623350458894
5,1,6,0.8713853221944785
6,0,6,0.05735097310840156
6,0,6,NaN
3,3,6,NaN
5,1,6,0.7582540955828375
3,3,6,0.39064081951093954
3,3,6,0.14766029718238274
4,2,6,NaN
5,1,6,NaN
3,3,6,0.6181101058296996
3,3,6,0.6104096037191906
5,1,6,0.021960220642977778
4,2,6,0.5795244230986537
5,1,6,NaN
4,2,6,0.19434466643336454
5,1,6,NaN
5,1,6,0.6104096037191906
3,3,6,0.927808813496808
3,3,6,NaN
4,2,6,0.53752012563644
5,1,6,NaN
3,3,6,0.9327351109097423
5,1,6,NaN
6,0,6,0.10328296149413824
6,0,6,0.9649170932836378
4,2,6,0.11404401218842061
4,2,6,0.07470550857760336
6,0,6,0.47793771766761745
4,2,6,0.7267509803124766
6,0,6,0.6914431924244484
6,0,6,0.16909288643313697
5,1,6,NaN
4,2,6,0.15581683667259968
5,1,6,0.07120555796514749
4,2,6,0.8120477488685461
3,3,6,0.6914431924244484
3,3,6,0.8120477488685461
4,2,6,NaN
6,0,6,0.16806732870266622
4,2,6,0.35291544996872376
5,1,6,NaN
4,2,6,0.05735097310840156
5,1,6,0.7582540955828375
5,1,6,NaN
5,1,6,0.6505728275062779
6,0,6,0.8553400459938837
5,1,6,0.43116983099757117
4,2,6,NaN
2,4,6,0.03317022976394289
4,2,6,0.7267509803124766
4,2,6,0.8553400459938837
3,3,6,0.7377518677167634
5,1,6,0.7582540955828375
5,1,6,0.13685926584970762
3,3,6,0.22642965172874094
6,0,6,0.47793771766761745
2,4,6,0.11404401218842061
4,2,6,NaN
4,2,6,0.786623350458894
5,1,6,0.14766029718238274
5,1,6,NaN
5,1,6,NaN
2,4,6,0.7582540955828375
3,3,6,0.6733338725204463
5,1,6,0.0020547117181096944
4,2,6,0.002341385228516042
5,1,6,0.27923371017636817
5,1,6,0.43116983099757117
4,2,6,NaN
2,4,6,NaN
6,0,6,NaN
6,0,6,NaN
6,0,6,0.7609238401059641
3,3,6,0.8356407771585233
4,2,6,0.8886935889394204
3,3,6,NaN
3,3,6,0.9082600283866564
6,0,6,0.9388397790286686
4,2,6,NaN
4,2,6,NaN
5,1,6,0.9894656266614458
6,0,6,0.3149813444585866
5,1,6,0.6124850666781179
2,4,6,0.3025748043360606
3,3,6,0.9811127762214269
4,2,6,0.6505728275062779
4,2,6,0.18793005263217943
4,2,6,0.569149748895899
3,3,6,0.6505728275062779
4,2,6,NaN
5,1,6,NaN
5,1,6,0.47793771766761745
5,1,6,0.43116983099757117
4,2,6,0.8120477488685461
4,2,6,0.04370689030141423
5,1,6,NaN
2,4,6,0.35291544996872376
1,5,6,NaN
6,0,6,0.3149813444585866
4,2,6,NaN
3,3,6,0.2582603317772707
5,1,6,0.7161253152147065
4,2,6,0.6745576075656271
4,2,6,0.8120477488685461
5,1,6,NaN
4,2,6,0.569149748895899
4,2,6,NaN
5,1,6,0.13409334942250706
6,0,6,0.7496528586820598
5,1,6,NaN
5,1,6,NaN
5,1,6,0.9163216390929619
4,2,6,0.09943458759150654
4,2,6,0.6505728275062779
6,0,6,0.18355627165367336
5,1,6,0.6305763132480043
3,3,6,NaN
4,2,6,0.39064081951093954
3,3,6,0.3014558260671088
5,1,6,0.19004618220217653
6,0,6,0.6505728275062779
4,2,6,0.47793771766761745
1,5,6,0.791456630679168
4,2,6,0.7267509803124766
6,0,6,0.835445920380814
6,0,6,NaN
6,0,6,NaN
6,0,6,0.16806732870266622
5,1,6,0.5614056147192097
6,0,6,0.01389863463638223
2,4,6,0.028886075440067927
5,1,6,0.7968002134178109
6,0,6,NaN
6,0,6,0.786623350458894
6,0,6,0.14990490579812485
4,2,6,NaN
6,0,6,0.3149813444585866
5,1,6,0.786623350458894
1,5,6,0.5238679062670301
5,1,6,0.5238679062670301
4,2,6,0.23967195993390902
6,0,6,NaN
6,0,6,NaN
5,1,6,0.8811404051633659
6,0,6,0.8293952381661907
6,0,6,NaN
4,2,6,0.16806732870266622
4,2,6,0.1371037293268695
6,0,6,NaN
6,0,6,NaN
4,2,6,0.7267509803124766
4,2,6,NaN
2,4,6,0.01389863463638223
4,2,6,0.8553400459938837
4,2,6,NaN
6,0,6,0.9811127762214269
6,0,6,0.9944136266474382
6,0,6,0.03794641341295346
3,3,6,0.8946772526571838
4,2,6,0.8356407771585233
5,1,6,0.7582540955828375
6,0,6,0.12879327077821834
5,1,6,0.6603763125808613
3,3,6,NaN
6,0,6,NaN
2,4,6,0.976413425292083
3,3,6,0.35291544996872376
6,0,6,0.7051840551574875
4,2,6,0.9466960694546169
4,2,6,NaN
5,1,6,0.7267509803124766
2,4,6,0.7160174465956853
4,2,6,NaN
5,1,6,0.627213306268691
4,2,6,0.2553206439799449
4,2,6,0.04370689030141423
5,1,6,0.08596717446393809
6,0,6,0.1298724704817915
4,2,6,NaN
4,2,6,0.19236277848876807
5,1,6,0.44624504319954184
6,0,6,NaN
3,3,6,0.583704258552935
6,0,6,0.2180321792514569
6,0,6,0.27923371017636817
2,4,6,0.08051935457359304
4,2,6,0.43116983099757117
2,4,6,NaN
6,0,6,0.11404401218842061
5,1,6,NaN
3,3,6,NaN
5,1,6,0.03890988427313072
5,1,6,0.5238679062670301
6,0,6,0.1298724704817915
3,3,6,NaN
4,2,6,0.14729460309844108
5,1,6,NaN
5,1,6,0.2582603317772707
4,2,6,0.7267509803124766
3,3,6,0.43116983099757117
4,2,6,NaN
4,2,6,0.8919325415677978
4,2,6,0.9711836190363513
4,2,6,0.7582540955828375
3,3,6,0.3991804991956431
6,0,6,0.786623350458894
5,1,6,0.9388397790286686
4,2,6,0.9662848430678245
4,2,6,0.9647176847332639
4,2,6,NaN
4,2,6,0.7956261595356564
6,0,6,0.09943458759150654
4,2,6,0.8817387520363322
4,2,6,NaN
6,0,6,0.8643928371321746
4,2,6,0.9961520687047375
3,3,6,0.6426385446506481
4,2,6,0.06611573959509347
4,2,6,0.8356407771585233
6,0,6,0.6914431924244484
3,3,6,0.7267509803124766
5,1,6,0.5238679062670301
4,2,6,0.3149813444585866
6,0,6,0.6505728275062779
4,2,6,0.04370689030141423
4,2,6,0.9388397790286686
6,0,6,NaN
4,2,6,0.8886935889394204
5,1,6,NaN
4,2,6,NaN
5,1,6,NaN
6,0,6,0.8356407771585233
6,0,6,0.8438423357264185
4,2,6,0.07470550857760336
4,2,6,0.6505728275062779
4,2,6,0.8120477488685461
2,4,6,NaN
5,1,6,0.00014706372589014276
5,1,6,0.35291544996872376
5,1,6,NaN
1,5,6,NaN
6,0,6,0.7582540955828375
6,0,6,NaN
6,0,6,NaN
4,2,6,0.6505728275062779
2,4,6,0.08596717446393809
3,3,6,0.24524244003177142
4,2,6,0.42955423208910193
6,0,6,0.27923371017636817
6,0,6,0.03794641341295346
3,3,6,0.5238679062670301
4,2,6,NaN
6,0,6,0.39064081951093954
1,5,6,NaN
6,0,6,0.8886935889394204
1,5,6,NaN
5,1,6,0.05735097310840156
5,1,6,0.9030952226408369
5,1,6,NaN
6,0,6,NaN
2,4,6,NaN
3,3,6,0.35291544996872376
5,1,6,NaN
6,0,6,0.569149748895899
4,2,6,0.4496037056261923
5,1,6,0.5238679062670301
4,2,6,NaN
3,3,6,0.09943458759150654
3,3,6,0.6914431924244484
4,2,6,0.8553400459938837
4,2,6,0.8733102078879845
6,0,6,0.43116983099757117
5,1,6,NaN
4,2,6,0.786623350458894
5,1,6,0.16806732870266622
4,2,6,0.7267509803124766
4,2,6,0.39064081951093954
4,2,6,0.39064081951093954
5,1,6,0.47793771766761745
4,2,6,0.7582540955828375
3,3,6,0.6914431924244484
6,0,6,0.04370689030141423
5,1,6,0.41781409793355745
5,1,6,0.24524244003177142
6,0,6,0.8356407771585233
6,0,6,0.03688684583587268
5,1,6,0.8553400459938837
6,0,6,NaN
6,0,6,NaN
6,0,6,0.6104096037191906
6,0,6,0.43116983099757117
6,0,6,0.3505066990350568
4,2,6,0.2180321792514569
4,2,6,NaN
5,1,6,0.18344187803825196
5,1,6,0.6505728275062779
4,2,6,0.39064081951093954
4,2,6,0.4712366831290067
5,1,6,0.27923371017636817
3,3,6,NaN
2,4,6,0.1416498128847232
5,1,6,0.6104096037191906
3,3,6,0.7923777790111666
5,1,6,NaN
3,3,6,0.14766029718238274
5,1,6,0.003276704745150498
4,2,6,0.5238679062670301
4,2,6,0.4129210572381568
6,0,6,0.5238679062670301
6,0,6,0.14766029718238274
5,1,6,0.31704501574285643
5,1,6,0.441872674233577
4,2,6,NaN
6,0,6,0.8733102078879845
5,1,6,NaN
6,0,6,0.600450870138093
4,2,6,0.786623350458894
6,0,6,0.8892589753212087
3,3,6,NaN
3,3,6,NaN
5,1,6,0.27923371017636817
5,1,6,0.7582540955828375
4,2,6,0.01880761644846058
4,2,6,0.671884262440174
5,1,6,0.1955114354155344
5,1,6,0.16806732870266622
1,5,6,0.6914431924244484
3,3,6,NaN
5,1,6,NaN
3,3,6,0.47793771766761745
5,1,6,0.04370689030141423
5,1,6,0.01367752243104895
3,3,6,0.32149594913354446
4,2,6,0.06611573959509347
5,1,6,NaN
2,4,6,NaN
3,3,6,0.569149748895899
4,2,6,0.6104096037191906
5,1,6,NaN
6,0,6,0.7582540955828375
6,0,6,0.7267509803124766
4,2,6,0.27923371017636817
5,1,6,0.47793771766761745
4,2,6,NaN
4,2,6,0.8553400459938837
2,4,6,0.21144353116659603
6,0,6,0.9030952226408369
6,0,6,0.9871631040100375
4,2,6,0.927808813496808
6,0,6,0.9975663265144364
4,2,6,0.5238679062670301
2,4,6,0.5238679062670301
4,2,6,0.020574674913745546
6,0,6,0.47793771766761745
3,3,6,NaN
4,2,6,0.34436755433536964
6,0,6,0.3149813444585866
3,3,6,0.7267509803124766
5,1,6,0.5238679062670301
2,4,6,0.3149813444585866
4,2,6,NaN
5,1,6,0.28307077970323524
6,0,6,0.7785698078289688
4,2,6,0.24524244003177142
3,3,6,0.6104096037191906
4,2,6,NaN
6,0,6,NaN
4,2,6,0.8886935889394204
4,2,6,NaN
5,1,6,0.7796683858996464
5,1,6,0.8120477488685461
4,2,6,0.1634480400371566
5,1,6,0.8553400459938837
2,4,6,0.35513912757198834
6,0,6,NaN
2,4,6,NaN
5,1,6,0.5262068611557558
2,4,6,0.3561403930374315
6,0,6,0.1416498128847232
5,1,6,0.71002209275465
4,2,6,NaN
5,1,6,0.9030952226408369
5,1,6,0.14766029718238274
5,1,6,0.6165709600421269
4,2,6,0.6914431924244484
4,2,6,0.3149813444585866
5,1,6,0.7582540955828375
3,3,6,NaN
3,3,6,NaN
5,1,6,0.0007645829389446158
4,2,6,NaN
6,0,6,0.10162290870819868
3,3,6,0.8553400459938837
5,1,6,NaN
5,1,6,0.8120477488685461
4,2,6,0.11757439762782299
3,3,6,0.14766029718238274
6,0,6,0.4453002840206215
4,2,6,NaN
6,0,6,NaN
6,0,6,0.7267509803124766
3,3,6,NaN
5,1,6,0.8886935889394204
6,0,6,0.7582540955828375
3,3,6,0.09486229378034049
5,1,6,0.9163216390929619
3,3,6,0.6914431924244484
3,3,6,0.09943458759150654
3,3,6,NaN
4,2,6,0.9894656266614458
6,0,6,0.41781409793355745
4,2,6,NaN
5,1,6,NaN
4,2,6,0.5238679062670301
2,4,6,NaN
2,4,6,0.5665009669052208
5,1,6,0.5238679062670301
4,2,6,0.6505728275062779
5,1,6,NaN
4,2,6,0.9388397790286686
3,3,6,0.786623350458894
5,1,6,NaN
2,4,6,0.9811127762214269
4,2,6,0.8894872790652307
5,1,6,0.02059491414632601
2,4,6,0.11404401218842061
5,1,6,NaN
4,2,6,0.3149813444585866
2,4,6,0.7267509803124766
5,1,6,0.9995570104817448
5,1,6,0.07470550857760336
3,3,6,NaN
5,1,6,0.439589157250651
3,3,6,0.6505728275062779
5,1,6,0.6505728275062779
4,2,6,NaN
6,0,6,0.3149813444585866
2,4,6,0.9388397790286686
3,3,6,0.8926735212774597
3,3,6,0.14766029718238274
6,0,6,NaN
3,3,6,0.43447317571892513
3,3,6,0.9857264206675347
2,4,6,NaN
4,2,6,NaN
6,0,6,NaN
5,1,6,0.3149813444585866
4,2,6,0.515462219748183
5,1,6,0.003200675931370756
4,2,6,0.3242944243506929
5,1,6,0.6472735756023147
6,0,6,0.3149813444585866
2,4,6,0.14766029718238274
3,3,6,NaN
5,1,6,0.27923371017636817
5,1,6,NaN
2,4,6,0.6914431924244484
5,1,6,0.7267509803124766
5,1,6,0.786623350458894
6,0,6,0.47793771766761745
6,0,6,NaN
5,1,6,0.5238679062670301
4,2,6,NaN
3,3,6,NaN
3,3,6,0.9711836190363513
3,3,6,NaN
5,1,6,0.8886935889394204
3,3,6,0.47793771766761745
4,2,6,0.6505728275062779
3,3,6,NaN
5,1,6,NaN
3,3,6,0.43116983099757117
4,2,6,NaN
6,0,6,NaN
5,1,6,0.8356407771585233
4,2,6,0.8353614043224897
5,1,6,0.9369541353486156
4,2,6,0.8553400459938837
4,2,6,NaN
5,1,6,NaN
4,2,6,0.24524244003177142
6,0,6,NaN
5,1,6,0.8356407771585233
5,1,6,NaN
6,0,6,0.6505728275062779
5,1,6,0.43116983099757117
1,5,6,NaN
6,0,6,NaN
6,0,6,0.8733102078879845
2,4,6,0.27923371017636817
5,1,6,0.927808813496808
5,1,6,0.8886935889394204
5,1,6,4.770158443740744e-5
6,0,6,0.6944809040791058
4,2,6,NaN
5,1,6,NaN
5,1,6,0.6124850666781179
5,1,6,NaN
1,5,6,0.8733102078879845
4,2,6,0.1176835557913003
2,4,6,NaN
4,2,6,NaN
4,2,6,0.8733102078879845
4,2,6,0.4518923762079997
6,0,6,NaN
4,2,6,0.569149748895899
6,0,6,0.40685701951534237
3,3,6,0.04370689030141423
5,1,6,0.06611573959509347
4,2,6,NaN
4,2,6,0.5430713980935298
5,1,6,NaN
6,0,6,0.7123900015355726
3,3,6,0.8733102078879845
4,2,6,0.43116983099757117
4,2,6,0.8120477488685461
4,2,6,0.2180321792514569
5,1,6,0.5238679062670301
4,2,6,NaN
5,1,6,0.018021006085139752
6,0,6,0.47793771766761745
4,2,6,0.008040529885904767
4,2,6,0.5238679062670301
6,0,6,0.36316589340636496
4,2,6,0.053395159654127736
6,0,6,NaN
2,4,6,0.009350098661831863
4,2,6,0.06611573959509347
3,3,6,0.8356407771585233
4,2,6,NaN
5,1,6,0.08596717446393809
4,2,6,0.01389863463638223
4,2,6,NaN
1,5,6,NaN
5,1,6,0.07470550857760336
6,0,6,0.6505728275062779
6,0,6,0.6104096037191906
4,2,6,0.7267509803124766
5,1,6,0.484963360909219
5,1,6,NaN
4,2,6,0.927808813496808
5,1,6,NaN
5,1,6,0.6165709600421269
4,2,6,0.021960220642977778
3,3,6,0.24524244003177142
4,2,6,0.19236277848876807
4,2,6,0.35291544996872376
3,3,6,0.4991711397682765
5,1,6,0.9163216390929619
2,4,6,0.3149813444585866
4,2,6,0.786623350458894
3,3,6,NaN
4,2,6,0.1298724704817915
2,4,6,0.9030952226408369
4,2,6,NaN
3,3,6,NaN
5,1,6,0.569149748895899
2,4,6,NaN
3,3,6,0.3149813444585866
5,1,6,0.6505728275062779
5,1,6,0.569149748895899
2,4,6,NaN
6,0,6,0.017699483111847783
3,3,6,NaN
5,1,6,NaN
6,0,6,0.6979814411333362
6,0,6,NaN
6,0,6,0.738128315829072
5,1,6,0.7582540955828375
5,1,6,0.786623350458894
4,2,6,0.7582540955828375
4,2,6,0.9503849767387041
4,2,6,0.6013427140244767
3,3,6,0.43116983099757117
3,3,6,0.3569678006634699
5,1,6,0.6914431924244484
4,2,6,NaN
2,4,6,0.5238679062670301
4,2,6,0.5256489450204721
4,2,6,NaN
3,3,6,0.47793771766761745
6,0,6,0.8733102078879845
5,1,6,NaN
4,2,6,0.6914431924244484
3,3,6,0.021960220642977778
3,3,6,0.7582540955828375
3,3,6,0.7582540955828375
5,1,6,0.09943458759150654
4,2,6,0.7582540955828375
3,3,6,0.24524244003177142
1,5,6,0.9163216390929619
3,3,6,0.6505728275062779
4,2,6,0.9388397790286686
5,1,6,0.8553400459938837
5,1,6,0.9857264206675347
5,1,6,0.7556978411434596
5,1,6,NaN
4,2,6,0.6104096037191906
4,2,6,NaN
6,0,6,NaN
6,0,6,0.07470550857760336
5,1,6,0.024979424385777767
4,2,6,0.5238679062670301
3,3,6,0.8886935889394204
5,1,6,0.43116983099757117
5,1,6,0.6104096037191906
5,1,6,0.2587349706883056
5,1,6,NaN
4,2,6,0.927808813496808
6,0,6,NaN
3,3,6,0.06611573959509347
2,4,6,NaN
6,0,6,0.009778647628762748
6,0,6,NaN
5,1,6,0.7556978411434596
5,1,6,NaN
3,3,6,0.569149748895899
6,0,6,NaN
6,0,6,NaN
6,0,6,0.004232317169592533
6,0,6,NaN
5,1,6,NaN
5,1,6,NaN
5,1,6,0.8553400459938837
5,1,6,0.8553400459938837
3,3,6,NaN
5,1,6,NaN
4,2,6,NaN
2,4,6,0.9388412091662768
4,2,6,NaN
6,0,6,0.9649170932836378
6,0,6,0.8120477488685461
6,0,6,0.6104096037191906
6,0,6,0.24524244003177142
3,3,6,NaN
5,1,6,0.0494455745194533
6,0,6,0.8356407771585233
3,3,6,0.06725495892849052
3,3,6,0.05735097310840156
6,0,6,NaN
4,2,6,0.7267509803124766
2,4,6,0.8886935889394204
4,2,6,0.5238679062670301
5,1,6,NaN
6,0,6,NaN
2,4,6,NaN
4,2,6,0.3149813444585866
4,2,6,NaN
2,4,6,0.028886075440067927
6,0,6,0.8733102078879845
5,1,6,0.43116983099757117
3,3,6,NaN
5,1,6,0.6914431924244484
4,2,6,0.569149748895899
2,4,6,0.4765184898954487
3,3,6,0.39064081951093954
4,2,6,NaN
5,1,6,0.024815604085721435
5,1,6,0.27923371017636817
4,2,6,0.11404401218842061
6,0,6,0.9030952226408369
3,3,6,0.5765878788143821
4,2,6,0.927808813496808
3,3,6,NaN
5,1,6,NaN
2,4,6,0.9163216390929619
4,2,6,0.9708770260810728
4,2,6,0.7036726923266671
4,2,6,NaN
2,4,6,0.8438423357264185
4,2,6,0.7267509803124766
6,0,6,0.5238679062670301
3,3,6,0.47793771766761745
3,3,6,0.27923371017636817
3,3,6,0.8356407771585233
5,1,6,NaN
2,4,6,0.9039247128544875
5,1,6,NaN
5,1,6,NaN
6,0,6,NaN
3,3,6,0.024979424385777767
6,0,6,0.927808813496808
5,1,6,0.01389863463638223
5,1,6,0.6104096037191906
4,2,6,0.9388397790286686
5,1,6,0.27923371017636817
5,1,6,0.47793771766761745
4,2,6,0.976413425292083
2,4,6,0.24524244003177142
3,3,6,NaN
5,1,6,0.6702415429369832
4,2,6,0.9690919266423372
5,1,6,0.569149748895899
2,4,6,0.786623350458894
3,3,6,0.8709584620447157
3,3,6,0.47793771766761745
4,2,6,NaN
2,4,6,0.007773743930851846
4,2,6,NaN
4,2,6,NaN
6,0,6,0.43116983099757117
6,0,6,0.7582540955828375
4,2,6,0.976413425292083
6,0,6,NaN
5,1,6,0.9163216390929619
5,1,6,0.8894872790652307
3,3,6,0.31704501574285643
3,3,6,0.8733102078879845
4,2,6,0.1449807348020754
5,1,6,0.3149813444585866
4,2,6,0.9163216390929619
5,1,6,0.569149748895899
5,1,6,0.9163216390929619
3,3,6,0.9862469009734708
6,0,6,0.8356407771585233
3,3,6,NaN
6,0,6,0.5238679062670301
6,0,6,0.8061611288229218
3,3,6,0.8886935889394204
2,4,6,0.6162308233278025
5,1,6,NaN
5,1,6,NaN
4,2,6,0.3149813444585866
3,3,6,NaN
5,1,6,NaN
4,2,6,0.3149813444585866
6,0,6,0.6914431924244484
6,0,6,NaN
4,2,6,0.6914431924244484
3,3,6,0.47793771766761745
4,2,6,0.2180321792514569
4,2,6,NaN
5,1,6,0.6104096037191906
4,2,6,NaN
6,0,6,0.786623350458894
4,2,6,NaN
5,1,6,0.927808813496808
4,2,6,0.8544729488355682
4,2,6,0.8370498159240735
5,1,6,0.2180321792514569
2,4,6,0.976413425292083
2,4,6,0.7626015218157729
4,2,6,0.8408298570244154
3,3,6,0.2180321792514569
2,4,6,0.8886935889394204
4,2,6,0.9770904897528405
4,2,6,0.11003319334580011
5,1,6,NaN
6,0,6,NaN
3,3,6,0.5622269573775187
4,2,6,0.015411358124301236
6,0,6,0.016314898271010056
4,2,6,0.5238679062670301
3,3,6,0.7806308313129448
4,2,6,NaN
2,4,6,0.0494455745194533
2,4,6,0.6505728275062779
4,2,6,0.14766029718238274
5,1,6,0.07470550857760336
2,4,6,0.6505728275062779
4,2,6,0.8535824153048513
5,1,6,0.39064081951093954
4,2,6,NaN
6,0,6,NaN
4,2,6,0.7169135432818012
4,2,6,0.9030952226408369
3,3,6,0.96004745983874
1,5,6,0.47793771766761745
6,0,6,0.07309715683666868
3,3,6,0.6914431924244484
4,2,6,0.013589193873647626
4,2,6,0.7267509803124766
2,4,6,0.39064081951093954
5,1,6,0.4311542916668486
6,0,6,NaN
5,1,6,0.7635139812160975
6,0,6,0.27923371017636817
5,1,6,0.253068678421956
5,1,6,0.569149748895899
5,1,6,NaN
6,0,6,0.7582540955828375
6,0,6,0.09943458759150654
3,3,6,0.6104096037191906
5,1,6,0.7073061913796417
6,0,6,0.9574264943593161
3,3,6,0.6505728275062779
5,1,6,3.93998820446786e-5
6,0,6,0.6505728275062779
5,1,6,0.4991160421078876
2,4,6,0.24524244003177142
4,2,6,NaN
4,2,6,0.4192825648086889
5,1,6,0.07470550857760336
6,0,6,NaN
3,3,6,0.569149748895899
5,1,6,0.7582540955828375
4,2,6,0.27369177007057516
1,5,6,0.00016030650803778977
4,2,6,0.927808813496808
4,2,6,NaN
4,2,6,0.7267509803124766
6,0,6,NaN
4,2,6,0.03794641341295346
4,2,6,0.9388397790286686
4,2,6,0.003292552388002024
5,1,6,0.786623350458894
1,5,6,0.5238679062670301
5,1,6,NaN
6,0,6,NaN
4,2,6,NaN
3,3,6,NaN
2,4,6,0.6914431924244484
6,0,6,NaN
6,0,6,0.7267509803124766
4,2,6,0.43116983099757117
4,2,6,0.6914431924244484
5,1,6,NaN
5,1,6,0.8915062399522097
6,0,6,0.569149748895899
4,2,6,NaN
5,1,6,0.8356407771585233
5,1,6,0.03317022976394289
5,1,6,NaN
6,0,6,0.01429308546954785
3,3,6,NaN
5,1,6,0.43116983099757117
2,4,6,NaN
5,1,6,0.2180321792514569
6,0,6,0.9163216390929619
3,3,6,0.9363177018631194
3,3,6,NaN
4,2,6,NaN
4,2,6,0.6505728275062779
6,0,6,0.8120477488685461
4,2,6,0.5398118890911481
6,0,6,0.24524244003177142
5,1,6,0.03794641341295346
3,3,6,0.23967195993390902
5,1,6,NaN
5,1,6,NaN
3,3,6,0.0494455745194533
4,2,6,NaN
5,1,6,0.0275939375196181
4,2,6,0.7267509803124766
5,1,6,0.8120477488685461
2,4,6,0.03794641341295346
3,3,6,0.9975663265144364
4,2,6,0.0889003080475787
5,1,6,NaN
4,2,6,0.5906605063607225
5,1,6,0.14766029718238274
6,0,6,0.786623350458894
6,0,6,NaN
4,2,6,0.7582540955828375
6,0,6,0.47793771766761745
5,1,6,0.9397410332458679
5,1,6,0.3149813444585866
5,1,6,0.569149748895899
4,2,6,NaN
5,1,6,0.6104096037191906
6,0,6,NaN
6,0,6,0.6104096037191906
5,1,6,0.07470550857760336
5,1,6,0.786623350458894
5,1,6,0.569149748895899
4,2,6,0.40685701951534237
5,1,6,0.3149813444585866
6,0,6,NaN
3,3,6,NaN
6,0,6,0.6505728275062779
5,1,6,0.01389863463638223
5,1,6,0.6104096037191906
3,3,6,0.09650595150176387
6,0,6,NaN
4,2,6,0.43116983099757117
3,3,6,0.2180321792514569
5,1,6,0.786623350458894
5,1,6,NaN
5,1,6,0.5238679062670301
6,0,6,NaN
6,0,6,NaN
4,2,6,NaN
6,0,6,NaN
4,2,6,0.6104096037191906
4,2,6,0.0016997450757664932
4,2,6,0.5997367624036737
4,2,6,NaN
6,0,6,NaN
5,1,6,NaN
5,1,6,0.6979814411333362
4,2,6,0.14766029718238274
5,1,6,NaN
6,0,6,NaN
6,0,6,NaN
2,4,6,0.07470550857760336
4,2,6,0.39064081951093954
6,0,6,0.6104096037191906
4,2,6,NaN
3,3,6,NaN
3,3,6,0.786623350458894
3,3,6,0.16806732870266622
3,3,6,NaN
2,4,6,NaN
4,2,6,NaN
5,1,6,0.786623350458894
4,2,6,0.16806732870266622
6,0,6,NaN
4,2,6,0.927808813496808
6,0,6,0.9811127762214269
4,2,6,0.49918214384274195
5,1,6,0.2402060527091709
5,1,6,0.1783263642100764
4,2,6,NaN
4,2,6,0.2180321792514569
6,0,6,0.43116983099757117
5,1,6,0.8553400459938837
4,2,6,0.6944402906861334
5,1,6,0.7208219477177662
5,1,6,0.09943458759150654
5,1,6,0.8553400459938837
5,1,6,0.7930718081094797
4,2,6,0.35291544996872376
5,1,6,0.7249415004237635
3,3,6,0.9431256790160365
5,1,6,0.2698056871573366
6,0,6,0.7718834732979032
4,2,6,0.9671406601506299
6,0,6,NaN
4,2,6,0.6914431924244484
6,0,6,0.34436755433536964
3,3,6,0.03794641341295346
5,1,6,NaN
2,4,6,0.6505728275062779
4,2,6,0.786623350458894
4,2,6,NaN
4,2,6,0.056989084244644585
4,2,6,NaN
6,0,6,NaN
3,3,6,0.8120477488685461
4,2,6,0.7267509803124766
4,2,6,0.3421998722560615
6,0,6,0.6104096037191906
5,1,6,0.9574264943593161
4,2,6,0.950144339150178
6,0,6,NaN
3,3,6,0.4580058470529476
4,2,6,0.8928748783332889
4,2,6,0.5982094700734554
3,3,6,0.0005182444452910924
4,2,6,NaN
6,0,6,NaN
6,0,6,0.6505728275062779
6,0,6,0.7237030627829396
6,0,6,0.24524244003177142
3,3,6,NaN
4,2,6,NaN
5,1,6,0.8886935889394204
5,1,6,0.4293788648339165
4,2,6,0.19236277848876807
3,3,6,0.04370689030141423
2,4,6,0.2582603317772707
2,4,6,NaN
5,1,6,NaN
5,1,6,0.8120477488685461
5,1,6,0.8153375580321547
6,0,6,0.8733102078879845
2,4,6,NaN
4,2,6,NaN
4,2,6,NaN
4,2,6,0.8733102078879845
2,4,6,NaN
5,1,6,0.5238679062670301
4,2,6,0.9857264206675347
3,3,6,0.7267509803124766
1,5,6,NaN
3,3,6,0.04986375367705703
5,1,6,0.43447317571892513
4,2,6,NaN
3,3,6,NaN
5,1,6,NaN
4,2,6,0.09943458759150654
4,2,6,0.43116983099757117
6,0,6,0.0494455745194533
4,2,6,NaN
4,2,6,NaN
6,0,6,0.9811127762214269
5,1,6,0.43116983099757117
4,2,6,0.7582540955828375
3,3,6,0.010772658693875437
5,1,6,0.47793771766761745
5,1,6,NaN
3,3,6,0.7267509803124766
6,0,6,0.08596717446393809
4,2,6,0.6505728275062779
5,1,6,NaN
5,1,6,NaN
3,3,6,NaN
6,0,6,NaN
6,0,6,0.43116983099757117
5,1,6,0.1298724704817915
3,3,6,0.569149748895899
4,2,6,NaN
2,4,6,0.7267509803124766
5,1,6,NaN
6,0,6,NaN
4,2,6,NaN
5,1,6,0.43116983099757117
4,2,6,NaN
4,2,6,0.43116983099757117
3,3,6,NaN
6,0,6,0.11404401218842061
5,1,6,0.7582540955828375
6,0,6,NaN
5,1,6,0.6104096037191906
5,1,6,NaN
3,3,6,0.8733102078879845
5,1,6,NaN
6,0,6,0.47978552061845176
4,2,6,0.034071779086208585
2,4,6,NaN
2,4,6,NaN
5,1,6,0.2538903781145753
5,1,6,NaN
5,1,6,0.17326199200780926
4,2,6,0.6505728275062779
6,0,6,NaN
4,2,6,0.9649170932836378
4,2,6,0.786623350458894
3,3,6,NaN
6,0,6,0.43116983099757117
3,3,6,NaN
2,4,6,0.701150987208631
5,1,6,NaN
5,1,6,0.9163216390929619
5,1,6,0.9388397790286686
4,2,6,NaN
5,1,6,0.7582540955828375
6,0,6,0.9163216390929619
3,3,6,0.7267509803124766
2,4,6,0.9388397790286686
5,1,6,0.8733102078879845
4,2,6,0.43116983099757117
4,2,6,NaN
5,1,6,NaN
5,1,6,NaN
6,0,6,NaN
4,2,6,0.9030952226408369
3,3,6,NaN
2,4,6,0.786623350458894
1,5,6,0.8356407771585233
6,0,6,0.24524244003177142
3,3,6,0.9649170932836378
5,1,6,NaN
4,2,6,0.008280037542497782
3,3,6,NaN
2,4,6,0.03317022976394289
5,1,6,0.927808813496808
2,4,6,0.5238679062670301
5,1,6,0.27923371017636817
3,3,6,0.11404401218842061
3,3,6,0.7267509803124766
5,1,6,0.6298811375525751
4,2,6,0.9348518938971883
2,4,6,0.24524244003177142
3,3,6,NaN
5,1,6,NaN
5,1,6,NaN
4,2,6,0.011345281263749165
4,2,6,NaN
4,2,6,NaN
5,1,6,0.8656056306318144
4,2,6,0.786623350458894
6,0,6,0.6505728275062779
3,3,6,NaN
6,0,6,0.8330805877421494
4,2,6,NaN
4,2,6,0.26011642653742273
5,1,6,0.5238679062670301
5,1,6,0.16806732870266622
3,3,6,NaN
5,1,6,0.6914431924244484
3,3,6,0.47793771766761745
6,0,6,NaN
6,0,6,NaN
2,4,6,NaN
4,2,6,0.8927029865566553
6,0,6,0.8451544942757592
2,4,6,NaN
1,5,6,0.08596717446393809
4,2,6,NaN
3,3,6,0.6914431924244484
6,0,6,0.9923256991209348
6,0,6,0.3455495073588903
3,3,6,0.569149748895899
4,2,6,NaN
5,1,6,NaN
4,2,6,0.3503645205965729
4,2,6,0.927808813496808
3,3,6,0.07144301127571027
5,1,6,0.8356407771585233
4,2,6,NaN
2,4,6,0.9574264943593161
4,2,6,0.6165709600421269
1,5,6,NaN
4,2,6,0.450391632385382
4,2,6,0.43116983099757117
4,2,6,NaN
3,3,6,0.47793771766761745
4,2,6,0.3149813444585866
3,3,6,0.7582540955828375
3,3,6,0.7582540955828375
2,4,6,0.11404401218842061
6,0,6,NaN
3,3,6,0.5419604839811157
4,2,6,NaN
4,2,6,0.09943458759150654
6,0,6,NaN
5,1,6,0.19236277848876807
3,3,6,NaN
3,3,6,0.47793771766761745
5,1,6,0.3195497322006788
3,3,6,0.6914431924244484
5,1,6,0.9923256991209348
6,0,6,0.8356407771585233
2,4,6,NaN
5,1,6,0.3841004877657883
5,1,6,0.9649170932836378
2,4,6,0.14766029718238274
5,1,6,NaN
3,3,6,NaN
6,0,6,NaN
4,2,6,0.6505728275062779
3,3,6,NaN
5,1,6,NaN
6,0,6,NaN
4,2,6,NaN
4,2,6,NaN
2,4,6,0.16806732870266622
5,1,6,0.14766029718238274
4,2,6,0.47793771766761745
4,2,6,NaN
6,0,6,0.9944556516778996
3,3,6,0.19236277848876807
5,1,6,0.7267509803124766
3,3,6,0.35291544996872376
4,2,6,0.3634279597327827
5,1,6,0.927808813496808
2,4,6,0.24524244003177142
3,3,6,NaN
3,3,6,NaN
3,3,6,0.8553400459938837
3,3,6,0.23816875944260357
4,2,6,NaN
6,0,6,0.35291544996872376
4,2,6,0.9490411065363702
6,0,6,NaN
2,4,6,0.8356407771585233
3,3,6,0.8553400459938837
5,1,6,0.7883696248010116
2,4,6,0.14766029718238274
3,3,6,NaN
2,4,6,0.8733102078879845
2,4,6,0.0052380867779818025
5,1,6,NaN
4,2,6,0.8886935889394204
5,1,6,0.1298724704817915
5,1,6,NaN
2,4,6,0.40685701951534237
3,3,6,0.5238679062670301
5,1,6,0.23967195993390902
3,3,6,0.39064081951093954
4,2,6,NaN
3,3,6,0.43116983099757117
4,2,6,NaN
6,0,6,NaN
4,2,6,0.09943458759150654
3,3,6,0.18268889243605613
2,4,6,0.786623350458894
4,2,6,NaN
6,0,6,0.6104096037191906
6,0,6,NaN
2,4,6,0.27923371017636817
6,0,6,0.8886935889394204
1,5,6,NaN
2,4,6,NaN
6,0,6,0.11404401218842061
4,2,6,0.1298724704817915
3,3,6,0.09486229378034049
2,4,6,0.8553400459938837
5,1,6,0.27923371017636817
4,2,6,0.7582540955828375
4,2,6,0.9963020919739074
6,0,6,NaN
1,5,6,0.04756558109096035
4,2,6,NaN
4,2,6,0.19236277848876807
4,2,6,0.8553400459938837
6,0,6,NaN
5,1,6,0.786623350458894
5,1,6,NaN
6,0,6,NaN
4,2,6,0.8733102078879845
5,1,6,0.00040353449629041896
4,2,6,0.03953681319211427
4,2,6,0.21554068652512046
4,2,6,NaN
6,0,6,NaN
4,2,6,NaN
5,1,6,0.06611573959509347
5,1,6,NaN
2,4,6,0.8356407771585233
6,0,6,NaN
6,0,6,0.030501767605601224
6,0,6,NaN
5,1,6,0.013817227542573064
4,2,6,NaN
4,2,6,0.15641210033651057
6,0,6,0.8120477488685461
1,5,6,NaN
3,3,6,NaN
3,3,6,NaN
5,1,6,0.9163216390929619
6,0,6,NaN
3,3,6,0.11404401218842061
5,1,6,NaN
5,1,6,NaN
3,3,6,NaN
4,2,6,NaN
5,1,6,0.9708770260810728
6,0,6,NaN
4,2,6,NaN
5,1,6,NaN
5,1,6,0.22642965172874094
2,4,6,0.6505728275062779
5,1,6,NaN
5,1,6,0.01389863463638223
6,0,6,NaN
6,0,6,NaN
3,3,6,0.24445996892032879
3,3,6,0.10957995389019767
4,2,6,0.07470550857760336
5,1,6,0.24524244003177142
6,0,6,NaN
6,0,6,0.9030952226408369
3,3,6,0.7267509803124766
2,4,6,0.47793771766761745
3,3,6,0.0019211123718668231
4,2,6,0.6505728275062779
4,2,6,0.7246269254168586
6,0,6,0.569149748895899
3,3,6,0.8120477488685461
5,1,6,0.18098230076510288
6,0,6,NaN
3,3,6,0.9030952226408369
6,0,6,NaN
3,3,6,0.8120477488685461
6,0,6,NaN
4,2,6,0.14766029718238274
6,0,6,0.14766029718238274
6,0,6,0.8120477488685461
6,0,6,NaN
6,0,6,0.927808813496808
6,0,6,0.36316589340636496
6,0,6,NaN
4,2,6,0.9030952226408369
2,4,6,0.5250567057525605
6,0,6,0.9163216390929619
5,1,6,0.723850449642353
5,1,6,0.05224308276272827
4,2,6,NaN
6,0,6,NaN
4,2,6,0.18268889243605613
4,2,6,NaN
2,4,6,0.11404401218842061
5,1,6,0.35291544996872376
6,0,6,0.002862027955498334
3,3,6,0.34762662671429856
5,1,6,0.8356407771585233
6,0,6,0.27923371017636817
3,3,6,NaN
3,3,6,NaN
2,4,6,0.47793771766761745
5,1,6,NaN
5,1,6,0.52421397931187
5,1,6,NaN
4,2,6,NaN
6,0,6,NaN
3,3,6,NaN
6,0,6,0.7582540955828375
3,3,6,0.7582540955828375
4,2,6,NaN
5,1,6,0.06611573959509347
5,1,6,NaN
3,3,6,0.927808813496808
4,2,6,0.19236277848876807
5,1,6,0.4260374084499692
1,5,6,2.2764242501049854e-5
6,0,6,0.6104096037191906
4,2,6,0.9388397790286686
4,2,6,0.9574264943593161
2,4,6,NaN
6,0,6,NaN
5,1,6,0.6505728275062779
5,1,6,0.6104096037191906
3,3,6,0.7956261595356564
4,2,6,0.07470550857760336
5,1,6,0.1054307557971246
6,0,6,0.24524244003177142
3,3,6,0.9388397790286686
4,2,6,0.5238679062670301
5,1,6,0.6104096037191906
6,0,6,NaN
6,0,6,0.14766029718238274
5,1,6,NaN
2,4,6,0.997483494542086
6,0,6,NaN
3,3,6,NaN
6,0,6,NaN
5,1,6,NaN
4,2,6,NaN
4,2,6,0.9574264943593161
4,2,6,NaN
4,2,6,0.7582540955828375
3,3,6,NaN
5,1,6,0.6505728275062779
4,2,6,0.8733102078879845
5,1,6,0.8886935889394204
4,2,6,0.47793771766761745
4,2,6,0.8438423357264185
6,0,6,NaN
2,4,6,0.6104096037191906
5,1,6,0.8553400459938837
5,1,6,0.04218619430109513
5,1,6,NaN
4,2,6,0.16002315298293593
4,2,6,0.2180321792514569
5,1,6,0.6505728275062779
4,2,6,0.26748562182294744
4,2,6,NaN
4,2,6,0.6914431924244484
3,3,6,0.7267509803124766
4,2,6,0.569149748895899
5,1,6,NaN
4,2,6,0.7582540955828375
4,2,6,NaN
5,1,6,NaN
5,1,6,0.39064081951093954
3,3,6,0.5238679062670301
3,3,6,0.786623350458894
5,1,6,0.7582540955828375
3,3,6,0.9463302358534665
5,1,6,0.9574264943593161
2,4,6,0.8733102078879845
5,1,6,0.8915062399522097
5,1,6,0.8356407771585233
5,1,6,NaN
2,4,6,0.9163216390929619
3,3,6,NaN
5,1,6,0.6181101058296996
5,1,6,0.7090382643940695
5,1,6,NaN
5,1,6,0.6704287383046245
6,0,6,0.9030952226408369
6,0,6,0.07470550857760336
5,1,6,0.9163216390929619
2,4,6,NaN
6,0,6,0.14766029718238274
4,2,6,NaN
2,4,6,0.552171153253758
3,3,6,0.2825756595979886
2,4,6,0.7267509803124766
4,2,6,0.24524244003177142
5,1,6,0.8733102078879845
5,1,6,NaN
3,3,6,0.9776073102588829
4,2,6,0.037439331523255695
5,1,6,0.04370689030141423
6,0,6,NaN
5,1,6,NaN
4,2,6,0.05735097310840156
5,1,6,0.37407338728350964
6,0,6,0.24524244003177142
4,2,6,0.8658520196234009
4,2,6,0.6505728275062779
5,1,6,0.16806732870266622
3,3,6,0.35291544996872376
5,1,6,NaN
4,2,6,0.7582540955828375
4,2,6,0.24524244003177142
2,4,6,0.47699782718635464
4,2,6,NaN
5,1,6,NaN
3,3,6,0.8886935889394204
4,2,6,0.38845653221823784
3,3,6,NaN
5,1,6,0.9030952226408369
5,1,6,0.23751946325872808
5,1,6,0.39064081951093954
6,0,6,0.39064081951093954
4,2,6,0.0008393401000817592
4,2,6,NaN
4,2,6,0.786623350458894
2,4,6,NaN
6,0,6,0.35291544996872376
2,4,6,NaN
4,2,6,NaN
4,2,6,0.43116983099757117
3,3,6,0.0013437105745478962
3,3,6,NaN
5,1,6,NaN
3,3,6,NaN
2,4,6,0.2180321792514569
4,2,6,0.0026908597986054356
4,2,6,NaN
5,1,6,0.7267509803124766
3,3,6,NaN
2,4,6,0.10398097402740011
6,0,6,0.569149748895899
6,0,6,NaN
4,2,6,NaN
2,4,6,0.8822072646799609
3,3,6,0.24524244003177142
2,4,6,0.35291544996872376
3,3,6,0.39064081951093954
6,0,6,0.569149748895899
2,4,6,NaN
3,3,6,0.39064081951093954
4,2,6,NaN
4,2,6,NaN
5,1,6,0.976413425292083
3,3,6,NaN
6,0,6,0.6104096037191906
4,2,6,0.24350587042319508
5,1,6,NaN
5,1,6,1.4727314037359627e-5
5,1,6,NaN
3,3,6,0.9890270938537072
2,4,6,0.27923371017636817
4,2,6,0.7267509803124766
6,0,6,0.5773058455873221
3,3,6,0.9829280425344317
3,3,6,0.8553400459938837
2,4,6,0.7267509803124766
3,3,6,0.9966596847022722
5,1,6,0.6104096037191906
4,2,6,0.25895160897716957
4,2,6,NaN
3,3,6,NaN
6,0,6,NaN
6,0,6,2.568775634082611e-6
4,2,6,0.5223924410112606
2,4,6,0.43116983099757117
5,1,6,NaN
5,1,6,0.6505728275062779
3,3,6,0.09943458759150654
5,1,6,0.9490411065363702
3,3,6,0.6914431924244484
2,4,6,NaN
4,2,6,0.35291544996872376
6,0,6,NaN
6,0,6,NaN
5,1,6,NaN
1,5,6,0.27923371017636817
4,2,6,0.7267509803124766
5,1,6,0.9574264943593161
5,1,6,0.8733102078879845
5,1,6,NaN
4,2,6,0.43116983099757117
3,3,6,0.9857264206675347
4,2,6,0.21765535073950573
4,2,6,0.3684147765722506
6,0,6,0.2180321792514569
4,2,6,NaN
4,2,6,0.18884555925470772
2,4,6,0.8733102078879845
4,2,6,NaN
4,2,6,0.600450870138093
2,4,6,NaN
4,2,6,0.8544693965999884
3,3,6,0.1955114354155344
5,1,6,0.9930183300206383
5,1,6,NaN
5,1,6,0.47912007977132837
5,1,6,NaN
5,1,6,0.786623350458894
5,1,6,5.946760403691423e-7
4,2,6,0.3149813444585866
5,1,6,0.43116983099757117
2,4,6,0.011532985534739066
4,2,6,NaN
3,3,6,0.7362695246484731
5,1,6,NaN
1,5,6,0.43438809885535956
6,0,6,NaN
3,3,6,0.5486478712569115
3,3,6,0.6505728275062779
3,3,6,0.383805687420589
6,0,6,NaN
3,3,6,NaN
3,3,6,0.0739986198755672
2,4,6,0.3684147765722506
1,5,6,0.14766029718238274
3,3,6,0.9388397790286686
2,4,6,0.9931445931347905
4,2,6,NaN
6,0,6,0.9711836190363513
3,3,6,NaN
4,2,6,NaN
2,4,6,NaN
4,2,6,0.9811127762214269
2,4,6,NaN
5,1,6,0.39064081951093954
4,2,6,NaN
5,1,6,0.5238679062670301
4,2,6,0.028886075440067927
2,4,6,0.6676681261699472
6,0,6,NaN
5,1,6,NaN
6,0,6,0.998767140334452
6,0,6,0.03317022976394289
3,3,6,NaN
5,1,6,0.3149813444585866
4,2,6,NaN
3,3,6,0.2690499474445848
2,4,6,0.7267509803124766
6,0,6,NaN
4,2,6,0.3149813444585866
4,2,6,NaN
6,0,6,NaN
5,1,6,0.4167379528877616
4,2,6,0.24524244003177142
1,5,6,0.5409175297192212
3,3,6,0.14766029718238274
6,0,6,NaN
3,3,6,NaN
4,2,6,0.07470550857760336
2,4,6,0.976413425292083
3,3,6,NaN
2,4,6,0.8120477488685461
4,2,6,NaN
4,2,6,0.569149748895899
2,4,6,0.8772173292823856
4,2,6,0.7280943808812835
3,3,6,0.9163216390929619
5,1,6,NaN
2,4,6,0.835445920380814
3,3,6,0.058712488523008026
4,2,6,0.6889029147099545
6,0,6,0.19236277848876807
4,2,6,NaN
2,4,6,0.786623350458894
3,3,6,1.240215491561892e-5
6,0,6,0.7040922970269711
4,2,6,NaN
4,2,6,0.6277385253821351
6,0,6,0.9388397790286686
5,1,6,0.9030952226408369
4,2,6,0.06611573959509347
3,3,6,NaN
5,1,6,0.39064081951093954
3,3,6,0.8120477488685461
4,2,6,0.976413425292083
1,5,6,0.786623350458894
3,3,6,0.8553400459938837
5,1,6,NaN
5,1,6,0.5238679062670301
4,2,6,0.5238679062670301
4,2,6,0.8057149776648489
3,3,6,NaN
4,2,6,NaN
6,0,6,0.42501482670463225
2,4,6,0.14766029718238274
5,1,6,0.8733102078879845
5,1,6,0.569149748895899
2,4,6,0.6104096037191906
6,0,6,NaN
3,3,6,0.786623350458894
4,2,6,0.027041894301818793
3,3,6,0.025800244085264285
2,4,6,0.12686893886119122
3,3,6,0.569149748895899
3,3,6,0.7370635657353836
2,4,6,NaN
2,4,6,0.6646646306326647
2,4,6,0.9030952226408369
4,2,6,0.9535892442086363
6,0,6,0.9388397790286686
6,0,6,0.05735097310840156
5,1,6,0.569149748895899
4,2,6,0.24524244003177142
4,2,6,0.8356407771585233
3,3,6,0.43116983099757117
5,1,6,0.927808813496808
4,2,6,0.7582540955828375
6,0,6,NaN
1,5,6,NaN
3,3,6,0.7267509803124766
3,3,6,NaN
4,2,6,NaN
5,1,6,0.7582540955828375
3,3,6,NaN
4,2,6,NaN
5,1,6,0.14766029718238274
4,2,6,0.5238679062670301
5,1,6,0.133267190088327
5,1,6,0.05445312259103204
5,1,6,NaN
4,2,6,0.48835881909493345
4,2,6,0.8733102078879845
4,2,6,0.43116983099757117
5,1,6,0.06611573959509347
5,1,6,0.569149748895899
3,3,6,0.47793771766761745
4,2,6,0.16806732870266622
5,1,6,NaN
3,3,6,0.35291544996872376
6,0,6,0.9163216390929619
3,3,6,0.6104096037191906
3,3,6,NaN
2,4,6,0.0494455745194533
5,1,6,NaN
5,1,6,0.08596717446393809
3,3,6,0.6104096037191906
4,2,6,NaN
4,2,6,0.6505728275062779
5,1,6,0.003736962491151852
4,2,6,0.6914431924244484
6,0,6,0.9923256991209348
4,2,6,NaN
2,4,6,0.6914431924244484
3,3,6,0.3149813444585866
3,3,6,0.569149748895899
5,1,6,NaN
3,3,6,NaN
4,2,6,0.9490411065363702
6,0,6,NaN
5,1,6,0.0494455745194533
4,2,6,0.2531598497750213
6,0,6,0.3199283258540093
3,3,6,0.111799773585099
5,1,6,0.9729995061872249
5,1,6,NaN
1,5,6,NaN
4,2,6,NaN
5,1,6,0.11404401218842061
3,3,6,0.1298724704817915
6,0,6,0.7267509803124766
5,1,6,0.39064081951093954
5,1,6,0.8356407771585233
4,2,6,NaN
2,4,6,0.47793771766761745
2,4,6,0.008126970210441814
3,3,6,0.026745232174587432
3,3,6,NaN
4,2,6,0.014011919687875962
4,2,6,0.7267509803124766
2,4,6,0.05735097310840156
2,4,6,0.23519964823513345
4,2,6,0.24524244003177142
5,1,6,0.07470550857760336
4,2,6,0.004835255559590399
4,2,6,0.4000801055241669
5,1,6,0.9631393672529005
5,1,6,NaN
4,2,6,0.9388397790286686
4,2,6,NaN
4,2,6,0.569149748895899
4,2,6,0.8886935889394204
6,0,6,0.12536168616024804
5,1,6,0.5238679062670301
3,3,6,0.43116983099757117
4,2,6,0.9030952226408369
2,4,6,NaN
4,2,6,0.6104096037191906
5,1,6,0.5238679062670301
2,4,6,NaN
6,0,6,0.8866035662539163
4,2,6,0.4224113138603762
2,4,6,NaN
5,1,6,0.7582540955828375
6,0,6,NaN
4,2,6,0.19236277848876807
5,1,6,0.2180321792514569
4,2,6,0.3149813444585866
4,2,6,0.8553400459938837
3,3,6,0.8120477488685461
2,4,6,NaN
5,1,6,NaN
4,2,6,0.30981697903862965
5,1,6,0.8120477488685461
3,3,6,0.24005590306819827
4,2,6,0.6834483235459792
4,2,6,0.9574264943593161
5,1,6,0.6551974735406849
3,3,6,0.02454498350141212
5,1,6,0.6914431924244484
3,3,6,NaN
5,1,6,0.06611573959509347
4,2,6,NaN
4,2,6,0.9944136266474382
3,3,6,0.9944136266474382
4,2,6,0.24524244003177142
6,0,6,0.017787451370016184
6,0,6,0.7267509803124766
3,3,6,0.24524244003177142
5,1,6,NaN
1,5,6,0.7582540955828375
6,0,6,0.5858499591145053
3,3,6,0.9711836190363513
4,2,6,0.8120477488685461
3,3,6,0.8886935889394204
5,1,6,0.1137064338410385
6,0,6,0.04006111153961159
4,2,6,NaN
4,2,6,0.09436603431682718
6,0,6,NaN
6,0,6,NaN
1,5,6,NaN
3,3,6,0.08940638656868989
4,2,6,0.6212067370423722
5,1,6,0.14766029718238274
1,5,6,NaN
4,2,6,0.5791090871827316
2,4,6,NaN
6,0,6,0.5238679062670301
4,2,6,0.03317022976394289
5,1,6,0.47793771766761745
4,2,6,NaN
4,2,6,NaN
5,1,6,0.06558371494713075
6,0,6,0.3149813444585866
4,2,6,0.39064081951093954
5,1,6,0.569149748895899
3,3,6,0.2547124518715385
4,2,6,0.6104096037191906
5,1,6,0.7051840551574875
2,4,6,0.05362593097255636
3,3,6,0.7582540955828375
5,1,6,0.5238679062670301
3,3,6,0.09943458759150654
5,1,6,3.354310911364044e-5
3,3,6,0.7267509803124766
6,0,6,NaN
5,1,6,NaN
5,1,6,0.7900811505319244
3,3,6,0.8413624991840033
3,3,6,0.786623350458894
2,4,6,0.026745232174587432
5,1,6,0.43511622983403836
3,3,6,0.18126509258724546
5,1,6,0.27923371017636817
3,3,6,0.39064081951093954
6,0,6,0.47793771766761745
3,3,6,0.6914431924244484
2,4,6,0.43116983099757117
1,5,6,0.07470550857760336
6,0,6,NaN
3,3,6,NaN
4,2,6,0.22116286876719243
5,1,6,NaN
5,1,6,0.6914431924244484
5,1,6,NaN
1,5,6,0.47793771766761745
4,2,6,0.35291544996872376
4,2,6,0.9163216390929619
3,3,6,0.09943458759150654
6,0,6,0.5238679062670301
2,4,6,0.6505728275062779
6,0,6,NaN
1,5,6,0.6914431924244484
5,1,6,0.786623350458894
3,3,6,NaN
5,1,6,0.017588662417007697
4,2,6,0.786623350458894
1,5,6,0.87915590377087
3,3,6,0.9030952226408369
6,0,6,0.8553400459938837
1,5,6,0.39064081951093954
5,1,6,0.7582540955828375
3,3,6,NaN
3,3,6,0.2180321792514569
3,3,6,0.06611573959509347
5,1,6,0.016314898271010056
5,1,6,0.11404401218842061
4,2,6,0.6505728275062779
5,1,6,0.09943458759150654
3,3,6,0.786623350458894
5,1,6,NaN
3,3,6,0.011505472637065065
5,1,6,0.3011466038064972
5,1,6,NaN
2,4,6,NaN
3,3,6,0.7280943808812835
5,1,6,0.39064081951093954
5,1,6,NaN
5,1,6,0.9811127762214269
3,3,6,NaN
5,1,6,0.5238679062670301
4,2,6,NaN
3,3,6,0.24522886459141935
5,1,6,0.6104096037191906
4,2,6,0.6914431924244484
5,1,6,NaN
3,3,6,0.6104096037191906
5,1,6,0.6780942857912643
6,0,6,NaN
3,3,6,0.6914431924244484
3,3,6,NaN
5,1,6,0.19236277848876807
3,3,6,0.14196467076213382
4,2,6,0.11404401218842061
5,1,6,NaN
2,4,6,0.18572223786986866
3,3,6,0.2180321792514569
4,2,6,NaN
6,0,6,NaN
5,1,6,0.8321310975840616
2,4,6,NaN
2,4,6,0.8733102078879845
6,0,6,0.7267509803124766
2,4,6,0.3591938059057047
4,2,6,0.6104096037191906
2,4,6,NaN
4,2,6,0.8539027053856348
6,0,6,NaN
5,1,6,0.39064081951093954
5,1,6,0.3078839504799642
4,2,6,0.18273789300540966
2,4,6,NaN
3,3,6,0.786623350458894
4,2,6,NaN
4,2,6,NaN
5,1,6,0.9574264943593161
3,3,6,0.786623350458894
2,4,6,0.723892045307122
4,2,6,0.39064081951093954
1,5,6,0.08596717446393809
1,5,6,NaN
1,5,6,0.9711836190363513
4,2,6,NaN
3,3,6,0.9701743609529594
2,4,6,0.786623350458894
5,1,6,0.927808813496808
5,1,6,NaN
6,0,6,NaN
6,0,6,NaN
6,0,6,NaN
5,1,6,0.8553400459938837
5,1,6,0.5932290821066095
1,5,6,NaN
3,3,6,0.06611573959509347
4,2,6,0.786623350458894
4,2,6,0.6104096037191906
6,0,6,0.9649170932836378
4,2,6,NaN
3,3,6,0.6162308233278025
6,0,6,NaN
4,2,6,0.885092921024987
1,5,6,NaN
4,2,6,0.3014558260671088
3,3,6,NaN
3,3,6,0.0686551271137931
4,2,6,0.7267509803124766
5,1,6,0.6914431924244484
5,1,6,0.16806732870266622
3,3,6,NaN
1,5,6,0.23022443303585033
2,4,6,0.7267509803124766
4,2,6,0.3149813444585866
2,4,6,NaN
6,0,6,0.7582540955828375
5,1,6,0.08596717446393809
3,3,6,0.5238679062670301
5,1,6,NaN
3,3,6,0.25841863339059545
4,2,6,0.2180321792514569
5,1,6,0.6130153237052497
5,1,6,0.6104096037191906
6,0,6,0.47793771766761745
6,0,6,0.5238679062670301
2,4,6,0.7333942161249434
5,1,6,0.690599837110904
2,4,6,NaN
6,0,6,NaN
2,4,6,NaN
6,0,6,0.1298724704817915
3,3,6,0.569149748895899
3,3,6,0.2180321792514569
4,2,6,0.4994966444245364
2,4,6,0.9563452662912983
3,3,6,0.5859398367146251
3,3,6,0.8733102078879845
3,3,6,NaN
4,2,6,NaN
5,1,6,0.8733102078879845
4,2,6,0.9996806036192971
5,1,6,0.14766029718238274
4,2,6,0.6505728275062779
4,2,6,0.09943458759150654
2,4,6,0.9490411065363702
5,1,6,0.9811127762214269
1,5,6,0.16806732870266622
3,3,6,NaN
3,3,6,0.9987254473508408
3,3,6,NaN
3,3,6,0.6505728275062779
6,0,6,0.9574264943593161
5,1,6,0.9649170932836378
3,3,6,0.27923371017636817
3,3,6,0.5633327313645807
4,2,6,0.7679882402797534
4,2,6,0.9030952226408369
6,0,6,NaN
4,2,6,0.14766029718238274
6,0,6,0.6914431924244484
3,3,6,NaN
4,2,6,NaN
3,3,6,0.508953933519552
4,2,6,NaN
6,0,6,NaN
6,0,6,0.7267509803124766
5,1,6,0.8733102078879845
5,1,6,0.7582540955828375
2,4,6,0.9574264943593161
5,1,6,NaN
6,0,6,0.17624365102045894
3,3,6,0.27923371017636817
3,3,6,0.8622665491323485
5,1,6,0.7582540955828375
2,4,6,NaN
4,2,6,0.8886935889394204
4,2,6,0.9030952226408369
4,2,6,NaN
5,1,6,0.03794641341295346
2,4,6,NaN
5,1,6,0.3149813444585866
4,2,6,NaN
3,3,6,0.16909288643313697
3,3,6,NaN
1,5,6,0.5238679062670301
3,3,6,0.5652042430126011
6,0,6,NaN
3,3,6,0.8733102078879845
2,4,6,NaN
3,3,6,0.18963228414712222
2,4,6,0.603132320714226
2,4,6,0.7582540955828375
4,2,6,0.39064081951093954
6,0,6,0.16806732870266622
3,3,6,0.39064081951093954
3,3,6,0.09943458759150654
4,2,6,NaN
6,0,6,0.3825667105419556
3,3,6,0.7949364673206402
6,0,6,0.5238679062670301
1,5,6,NaN
4,2,6,0.8733102078879845
3,3,6,NaN
5,1,6,0.39064081951093954
3,3,6,0.16806732870266622
6,0,6,0.9717054036174141
5,1,6,NaN
2,4,6,NaN
4,2,6,0.39064081951093954
5,1,6,0.2180321792514569
2,4,6,0.7267509803124766
3,3,6,0.3374932638523401
4,2,6,0.5608165511214481
4,2,6,0.06373980375872917
3,3,6,0.5117594472953083
5,1,6,0.47793771766761745
5,1,6,0.009778647628762748
1,5,6,0.08596717446393809
2,4,6,NaN
3,3,6,NaN
6,0,6,0.8553400459938837
5,1,6,NaN
6,0,6,0.47793771766761745
5,1,6,0.786623350458894
4,2,6,NaN
5,1,6,0.1298724704817915
6,0,6,0.7004946307553668
4,2,6,0.7004946307553668
4,2,6,NaN
5,1,6,0.3424922154103419
3,3,6,NaN
2,4,6,0.43116983099757117
3,3,6,0.8120477488685461
1,5,6,0.03432256643084406
1,5,6,0.28012697338181247
4,2,6,0.6104096037191906
1,5,6,0.6914431924244484
5,1,6,NaN
4,2,6,0.0005110083885857013
3,3,6,0.8120477488685461
6,0,6,NaN
3,3,6,0.19236277848876807
5,1,6,0.786623350458894
2,4,6,NaN
2,4,6,NaN
4,2,6,0.15214304026398962
2,4,6,NaN
4,2,6,0.03317022976394289
4,2,6,NaN
1,5,6,NaN
2,4,6,NaN
4,2,6,0.11404401218842061
3,3,6,0.6914431924244484
2,4,6,0.37998215683100106
6,0,6,0.8544693965999884
4,2,6,0.7582540955828375
5,1,6,0.9961520687047375
3,3,6,0.6063245964933165
4,2,6,0.3149813444585866
2,4,6,0.24524244003177142
1,5,6,0.3180459004737425
1,5,6,NaN
5,1,6,0.9030952226408369
6,0,6,NaN
4,2,6,0.002886113337745591
4,2,6,0.5235797891418857
5,1,6,0.786623350458894
6,0,6,0.786623350458894
4,2,6,NaN
2,4,6,NaN
4,2,6,NaN
4,2,6,NaN
2,4,6,NaN
1,5,6,NaN
2,4,6,0.927808813496808
4,2,6,0.39064081951093954
5,1,6,0.968500499506702
4,2,6,0.9944136266474382
1,5,6,0.6944809040791058
4,2,6,0.9490411065363702
3,3,6,NaN
4,2,6,0.29321466086640874
3,3,6,0.390978407194007
3,3,6,NaN
4,2,6,0.6165709600421269
3,3,6,0.9030952226408369
3,3,6,0.43116983099757117
5,1,6,NaN
4,2,6,NaN
2,4,6,0.08991748615123073
3,3,6,0.005812985542910942
3,3,6,0.3149813444585866
4,2,6,0.2180321792514569
2,4,6,NaN
2,4,6,NaN
3,3,6,NaN
5,1,6,0.15070034843408195
2,4,6,0.14766029718238274
3,3,6,0.8356407771585233
2,4,6,0.569149748895899
3,3,6,0.16806732870266622
4,2,6,NaN
6,0,6,0.7267509803124766
2,4,6,0.47793771766761745
3,3,6,0.39064081951093954
2,4,6,0.569149748895899
3,3,6,NaN
2,4,6,0.03317022976394289
5,1,6,0.9030952226408369
3,3,6,0.7582540955828375
4,2,6,0.39064081951093954
5,1,6,0.6914431924244484
3,3,6,0.8553400459938837
3,3,6,0.569149748895899
6,0,6,0.39064081951093954
4,2,6,0.19236277848876807
3,3,6,0.9030952226408369
4,2,6,0.7267509803124766
1,5,6,0.569149748895899
3,3,6,0.04370689030141423
3,3,6,NaN
2,4,6,0.27923371017636817
2,4,6,0.35291544996872376
4,2,6,NaN
5,1,6,0.0494455745194533
4,2,6,0.24524244003177142
2,4,6,NaN
3,3,6,NaN
5,1,6,0.47793771766761745
3,3,6,0.6505728275062779
4,2,6,0.6516832234205356
3,3,6,NaN
4,2,6,0.5238679062670301
2,4,6,NaN
3,3,6,NaN
3,3,6,0.14766029718238274
4,2,6,0.01389863463638223
4,2,6,NaN
5,1,6,0.16922731549821454
1,5,6,NaN
3,3,6,0.3149813444585866
1,5,6,NaN
3,3,6,0.786623350458894
3,3,6,0.34838415860805044
5,1,6,0.5238679062670301
1,5,6,NaN
3,3,6,0.43116983099757117
2,4,6,0.08596717446393809
1,5,6,NaN
6,0,6,0.14766029718238274
4,2,6,0.9490411065363702
3,3,6,NaN
4,2,6,0.5906605063607225
3,3,6,0.9923256991209348
2,4,6,0.7582540955828375
3,3,6,0.04370689030141423
3,3,6,NaN
3,3,6,0.8733102078879845
2,4,6,0.8733102078879845
4,2,6,0.03432256643084406
6,0,6,NaN
3,3,6,0.39064081951093954
2,4,6,0.6914431924244484
2,4,6,NaN
4,2,6,0.7267509803124766
4,2,6,0.43116983099757117
3,3,6,0.24524244003177142
2,4,6,0.14766029718238274
1,5,6,NaN
6,0,6,NaN
3,3,6,0.6914431924244484
2,4,6,NaN
2,4,6,0.4201688331859995
2,4,6,0.5238679062670301
6,0,6,NaN
3,3,6,0.786623350458894
6,0,6,NaN
4,2,6,0.00140635359260669
5,1,6,0.7267509803124766
6,0,6,NaN
4,2,6,0.3098483403022634
4,2,6,0.7470062346334309
1,5,6,0.9711836190363513
5,1,6,0.8356407771585233
3,3,6,0.07470550857760336
3,3,6,0.569149748895899
2,4,6,0.1897264079208636
2,4,6,0.9314443144075367
2,4,6,0.8120477488685461
5,1,6,0.786623350458894
4,2,6,NaN
6,0,6,NaN
3,3,6,0.786623350458894
4,2,6,0.16806732870266622
3,3,6,0.06611573959509347
3,3,6,NaN
3,3,6,0.35291544996872376
6,0,6,NaN
3,3,6,0.2690499474445848
4,2,6,0.8733102078879845
3,3,6,0.4000801055241669
4,2,6,0.1955114354155344
4,2,6,0.03794641341295346
3,3,6,0.1298724704817915
4,2,6,0.14766029718238274
3,3,6,0.08596717446393809
3,3,6,0.6505728275062779
5,1,6,0.00011095730392881093
4,2,6,NaN
4,2,6,3.252741453711183e-5
1,5,6,NaN
5,1,6,NaN
5,1,6,NaN
3,3,6,0.8964240720613699
6,0,6,NaN
3,3,6,0.39064081951093954
3,3,6,0.06611573959509347
2,4,6,0.48741518333156936
3,3,6,0.9396100531737777
1,5,6,NaN
4,2,6,0.27923371017636817
2,4,6,NaN
4,2,6,0.8075083023693836
6,0,6,NaN
4,2,6,0.3149813444585866
3,3,6,0.6505728275062779
1,5,6,NaN
2,4,6,0.3149813444585866
5,1,6,0.9574264943593161
6,0,6,0.9163216390929619
4,2,6,0.3634279597327827
5,1,6,0.11404401218842061
4,2,6,NaN
3,3,6,0.16806732870266622
1,5,6,0.569149748895899
2,4,6,0.47793771766761745
5,1,6,NaN
2,4,6,NaN
3,3,6,0.8356407771585233
2,4,6,0.6104096037191906
4,2,6,0.08030607948792752
1,5,6,0.569149748895899
4,2,6,NaN
6,0,6,0.5238679062670301
4,2,6,0.6652035151045167
3,3,6,NaN
5,1,6,0.976413425292083
3,3,6,0.7267509803124766
4,2,6,0.976413425292083
3,3,6,0.9163216390929619
2,4,6,NaN
2,4,6,0.6505728275062779
3,3,6,0.028886075440067927
6,0,6,0.4829458652057926
6,0,6,0.7267509803124766
4,2,6,NaN
2,4,6,0.7582540955828375
5,1,6,NaN
3,3,6,NaN
3,3,6,0.8553400459938837
3,3,6,0.04370689030141423
6,0,6,0.8886935889394204
4,2,6,0.1298724704817915
2,4,6,0.010218414746225
3,3,6,0.6426385446506481
6,0,6,0.05324536860482517
5,1,6,0.06611573959509347
1,5,6,NaN
4,2,6,NaN
3,3,6,0.7004946307553668
3,3,6,0.6914431924244484
6,0,6,0.35291544996872376
3,3,6,0.4964159108272727
3,3,6,9.75026409752303e-5
3,3,6,0.7154746861447431
4,2,6,0.5983679447151996
2,4,6,NaN
5,1,6,0.24524244003177142
1,5,6,0.2495511238709262
1,5,6,NaN
2,4,6,NaN
2,4,6,0.927808813496808
2,4,6,0.39064081951093954
3,3,6,0.569149748895899
4,2,6,0.8120477488685461
2,4,6,0.569149748895899
5,1,6,0.6104096037191906
2,4,6,0.17963188626737284
6,0,6,0.7727911082485781
6,0,6,NaN
5,1,6,NaN
2,4,6,NaN
4,2,6,0.43116983099757117
4,2,6,0.39064081951093954
2,4,6,NaN
1,5,6,0.5402490438618278
4,2,6,0.21724189709903236
4,2,6,0.786623350458894
5,1,6,0.3149813444585866
6,0,6,NaN
2,4,6,NaN
3,3,6,0.6505728275062779
2,4,6,0.569149748895899
4,2,6,NaN
2,4,6,0.07719835415438564
1,5,6,0.6505728275062779
2,4,6,0.43116983099757117
2,4,6,0.7582540955828375
4,2,6,0.07470550857760336
1,5,6,0.3149813444585866
4,2,6,0.3149813444585866
5,1,6,0.16806732870266622
6,0,6,0.06611573959509347
4,2,6,0.001992082501916779
2,4,6,0.580476664706154
4,2,6,NaN
3,3,6,0.569149748895899
6,0,6,0.786623350458894
3,3,6,0.09943458759150654
1,5,6,NaN
2,4,6,0.01880761644846058
1,5,6,0.43116983099757117
4,2,6,NaN
1,5,6,NaN
2,4,6,0.9894656266614458
4,2,6,NaN
2,4,6,NaN
2,4,6,0.09943458759150654
4,2,6,NaN
2,4,6,0.8120477488685461
2,4,6,0.09943458759150654
2,4,6,NaN
4,2,6,0.35291544996872376
2,4,6,NaN
6,0,6,NaN
2,4,6,0.03676746461821101
3,3,6,0.0494455745194533
2,4,6,NaN
3,3,6,NaN
3,3,6,0.8733102078879845
2,4,6,0.2180321792514569
3,3,6,NaN
1,5,6,NaN
3,3,6,0.35291544996872376
1,5,6,NaN
3,3,6,NaN
6,0,6,0.9649170932836378
3,3,6,0.01389863463638223
3,3,6,0.6505728275062779
5,1,6,0.9857264206675347
6,0,6,0.7267509803124766
5,1,6,NaN
2,4,6,0.561325598824325
3,3,6,NaN
3,3,6,0.32354948801358757
6,0,6,0.6104096037191906
3,3,6,0.3991804991956431
4,2,6,0.7582540955828375
4,2,6,0.569149748895899
4,2,6,0.16909288643313697
3,3,6,0.19236277848876807
3,3,6,NaN
6,0,6,NaN
3,3,6,NaN
6,0,6,0.39064081951093954
4,2,6,0.6505728275062779
4,2,6,NaN
2,4,6,NaN
1,5,6,NaN
3,3,6,0.9388397790286686
2,4,6,NaN
2,4,6,0.20510044724329102
3,3,6,0.976413425292083
2,4,6,0.8553400459938837
2,4,6,0.3508134857599388
6,0,6,NaN
4,2,6,0.43116983099757117
3,3,6,0.7582540955828375
2,4,6,NaN
2,4,6,0.24524244003177142
4,2,6,0.9030952226408369
2,4,6,0.3149813444585866
3,3,6,0.9030952226408369
3,3,6,NaN
4,2,6,0.1298724704817915
2,4,6,0.026745232174587432
2,4,6,NaN
4,2,6,0.013712126257744364
1,5,6,NaN
2,4,6,0.023832958594287915
2,4,6,0.39064081951093954
5,1,6,0.7717678460439098
1,5,6,0.5246816890440986
3,3,6,0.6104096037191906
1,5,6,0.3149813444585866
1,5,6,0.7582540955828375
4,2,6,0.06611573959509347
2,4,6,NaN
2,4,6,0.6505728275062779
5,1,6,NaN
3,3,6,0.8334585995484338
6,0,6,NaN
4,2,6,0.21957029374233306
2,4,6,0.16185650363828735
2,4,6,0.5238679062670301
5,1,6,0.7267509803124766
5,1,6,NaN
6,0,6,NaN
2,4,6,0.11404401218842061
1,5,6,NaN
3,3,6,0.6689033359385416
4,2,6,0.9030952226408369
4,2,6,NaN
2,4,6,8.92721195308773e-5
3,3,6,0.8733102078879845
3,3,6,0.9163216390929619
2,4,6,0.8733102078879845
1,5,6,NaN
1,5,6,NaN
2,4,6,0.08596717446393809
2,4,6,0.569149748895899
1,5,6,NaN
3,3,6,0.34831683579158784
3,3,6,0.6141325293870626
4,2,6,0.1298724704817915
1,5,6,0.6104096037191906
1,5,6,0.2180321792514569
6,0,6,0.6104096037191906
3,3,6,NaN
1,5,6,0.04370689030141423
2,4,6,0.47793771766761745
1,5,6,0.47793771766761745
2,4,6,NaN
2,4,6,6.99167923126868e-5
3,3,6,NaN
3,3,6,0.5723478033865719
1,5,6,0.39064081951093954
2,4,6,NaN
3,3,6,0.9711836190363513
4,2,6,0.569149748895899
3,3,6,NaN
2,4,6,0.1200079059284548
5,1,6,NaN
2,4,6,0.0494455745194533
2,4,6,0.35291544996872376
1,5,6,0.03092483346499008
3,3,6,0.1298724704817915
2,4,6,NaN
1,5,6,NaN
3,3,6,0.6505728275062779
4,2,6,0.07470550857760336
1,5,6,0.016314898271010056
2,4,6,0.06974238862662646
5,1,6,NaN
1,5,6,0.25895160897716957
1,5,6,0.5238679062670301
1,5,6,NaN
2,4,6,0.11404401218842061
5,1,6,0.35291544996872376
2,4,6,0.786623350458894
1,5,6,0.8334585995484338
2,4,6,0.6914431924244484
1,5,6,0.028886075440067927
4,2,6,NaN
2,4,6,0.024979424385777767
3,3,6,NaN
4,2,6,0.19236277848876807
1,5,6,0.6914431924244484
4,2,6,0.35701506227450536
4,2,6,NaN
1,5,6,NaN
2,4,6,NaN
3,3,6,0.6104096037191906
4,2,6,0.27923371017636817
3,3,6,0.9923256991209348
2,4,6,0.7267509803124766
3,3,6,0.8356407771585233
3,3,6,0.022632263618383216
2,4,6,NaN
4,2,6,NaN
5,1,6,0.4444917954589738
1,5,6,0.394595992013748
3,3,6,NaN
4,2,6,0.9370710385360655
4,2,6,NaN
2,4,6,0.8886935889394204
3,3,6,0.8356407771585233
5,1,6,0.6914431924244484
4,2,6,NaN
2,4,6,0.47793771766761745
2,4,6,0.13613225891580563
3,3,6,NaN
1,5,6,NaN
1,5,6,0.6231994428908446
1,5,6,0.07470550857760336
2,4,6,0.885092921024987
2,4,6,0.9795455593485497
1,5,6,0.6104096037191906
2,4,6,0.35064018308951
1,5,6,0.6225709116109862
3,3,6,NaN
2,4,6,NaN
6,0,6,0.024979424385777767
4,2,6,NaN
2,4,6,NaN
2,4,6,0.7582540955828375
1,5,6,0.41605758143981575
2,4,6,0.9388397790286686
1,5,6,0.05735097310840156
1,5,6,0.39064081951093954
6,0,6,0.24524244003177142
2,4,6,NaN
1,5,6,0.39064081951093954
1,5,6,0.14766029718238274
1,5,6,0.14766029718238274
3,3,6,0.39064081951093954
1,5,6,0.9490411065363702
1,5,6,NaN
1,5,6,NaN
2,4,6,0.5514079975878313
1,5,6,NaN
1,5,6,NaN
1,5,6,NaN
1,5,6,NaN
6,0,6,0.9030952226408369
1,5,6,NaN
1,5,6,NaN
1,5,6,8.541497716775934e-5
1,5,6,0.009778647628762748
1,5,6,NaN
2,4,6,0.08030607948792752
3,3,6,0.3634279597327827
2,4,6,0.30021795194770345
1,5,6,0.5238679062670301
2,4,6,NaN
1,5,6,NaN
1,5,6,NaN
1,5,6,0.6914431924244484
0,6,6,NaN
0,6,6,NaN
0,6,6,NaN
0,6,6,NaN
0,6,6,0.5859398367146251
0,6,6,0.6505728275062779
0,6,6,NaN
0,6,6,0.27067662790403374
0,6,6,NaN
0,6,6,NaN
0,6,6,0.9030952226408369
0,6,6,0.014886905269929591
0,6,6,NaN
0,6,6,NaN
0,6,6,0.8886935889394204
0,6,6,0.7878498711946279
0,6,6,0.014581218272023714
0,6,6,0.030453540455551435
0,6,6,NaN
0,6,6,0.6505728275062779
0,6,6,0.5238679062670301
0,6,6,0.27923371017636817
0,6,6,NaN
0,6,6,0.27923371017636817
0,6,6,0.19236277848876807
0,6,6,0.5238679062670301
0,6,6,0.11404401218842061
0,6,6,0.8894872790652307
0,6,6,0.49918214384274195
0,6,6,0.6505728275062779
0,6,6,0.569149748895899
0,6,6,0.0494455745194533
0,6,6,NaN
0,6,6,7.131669303133748e-8
0,6,6,NaN
0,6,6,NaN
0,6,6,0.8356407771585233
0,6,6,NaN
0,6,6,0.35291544996872376
0,6,6,NaN
0,6,6,NaN
0,6,6,NaN
0,6,6,NaN
0,6,6,0.7267509803124766
0,6,6,NaN
0,6,6,NaN
0,6,6,0.8886935889394204
0,6,6,0.5238679062670301
0,6,6,NaN
0,6,6,0.6104096037191906
0,6,6,NaN
0,6,6,NaN
0,6,6,NaN
0,6,6,0.10251553182142131
0,6,6,0.569149748895899
0,6,6,NaN
0,6,6,0.927808813496808
0,6,6,0.9030952226408369
0,6,6,NaN
0,6,6,NaN
0,6,6,0.24524244003177142
0,6,6,0.9388397790286686
0,6,6,0.43116983099757117
0,6,6,0.8952603189304542
0,6,6,NaN
0,6,6,NaN
0,6,6,0.024979424385777767
0,6,6,0.6104096037191906
0,6,6,NaN
0,6,6,NaN
0,6,6,NaN
0,6,6,NaN
0,6,6,NaN
0,6,6,0.07470550857760336
0,6,6,0.6505728275062779
0,6,6,NaN
0,6,6,NaN
0,6,6,NaN
0,6,6,NaN
0,6,6,NaN
0,6,6,NaN
0,6,6,0.8886935889394204
0,6,6,0.39064081951093954
0,6,6,0.8356407771585233
0,6,6,NaN
0,6,6,NaN
0,6,6,NaN
0,6,6,0.1298724704817915
0,6,6,0.813356305084054
0,6,6,0.8733102078879845
0,6,6,0.8886935889394204
0,6,6,0.43116983099757117
0,6,6,0.27923371017636817
0,6,6,NaN
0,6,6,0.663023519876961
0,6,6,0.09943458759150654
0,6,6,NaN
0,6,6,NaN
0,6,6,NaN
0,6,6,0.43116983099757117
5,0,5,0.9711836190363513
5,0,5,0.4994966444245364
4,1,5,0.1298724704817915
5,0,5,0.11404401218842061
4,1,5,NaN
2,3,5,NaN
3,2,5,NaN
5,0,5,0.786623350458894
5,0,5,0.04534321154834282
4,1,5,NaN
2,3,5,NaN
4,1,5,0.8120477488685461
4,1,5,NaN
5,0,5,0.569149748895899
4,1,5,0.7267509803124766
5,0,5,0.6505728275062779
2,3,5,NaN
4,1,5,0.3149813444585866
5,0,5,NaN
5,0,5,NaN
3,2,5,0.04370689030141423
5,0,5,NaN
2,3,5,0.528681168483813
2,3,5,0.8733102078879845
5,0,5,NaN
5,0,5,NaN
4,1,5,0.8886935889394204
4,1,5,0.6880751652472807
4,1,5,NaN
2,3,5,0.4000801055241669
4,1,5,NaN
5,0,5,0.19236277848876807
3,2,5,0.6914431924244484
5,0,5,NaN
2,3,5,NaN
2,3,5,0.01476693545530171
4,1,5,0.3149813444585866
5,0,5,0.5238679062670301
4,1,5,0.35291544996872376
2,3,5,0.3149813444585866
5,0,5,0.9993411900943526
5,0,5,0.5238679062670301
3,2,5,0.7582540955828375
5,0,5,NaN
3,2,5,NaN
3,2,5,0.5424381044321342
3,2,5,NaN
5,0,5,NaN
5,0,5,0.16806732870266622
2,3,5,NaN
5,0,5,0.16806732870266622
4,1,5,0.8356407771585233
4,1,5,0.6611860131981008
3,2,5,0.19236277848876807
5,0,5,0.8120477488685461
4,1,5,0.3817230428960346
4,1,5,0.569149748895899
5,0,5,NaN
4,1,5,NaN
5,0,5,0.35291544996872376
5,0,5,0.8356407771585233
2,3,5,0.8733102078879845
3,2,5,0.9388397790286686
2,3,5,0.9811127762214269
4,1,5,0.27523299038722177
4,1,5,0.3742435995723311
4,1,5,0.2792743490935695
5,0,5,NaN
4,1,5,0.6704287383046245
1,4,5,0.7582540955828375
5,0,5,NaN
5,0,5,NaN
5,0,5,0.06611573959509347
4,1,5,NaN
4,1,5,0.9649170932836378
5,0,5,0.35291544996872376
4,1,5,0.6122699191388004
3,2,5,NaN
5,0,5,NaN
5,0,5,NaN
5,0,5,NaN
4,1,5,NaN
5,0,5,NaN
3,2,5,0.8553400459938837
1,4,5,NaN
4,1,5,0.7582540955828375
5,0,5,0.6104096037191906
5,0,5,0.386328161405229
4,1,5,NaN
3,2,5,NaN
1,4,5,0.6505728275062779
4,1,5,0.24524244003177142
4,1,5,0.21059809463596493
3,2,5,0.7582540955828375
5,0,5,NaN
4,1,5,NaN
4,1,5,0.43116983099757117
3,2,5,0.0328348453054822
5,0,5,NaN
4,1,5,NaN
4,1,5,0.016314898271010056
2,3,5,0.7582540955828375
3,2,5,NaN
3,2,5,0.6914431924244484
4,1,5,0.786623350458894
2,3,5,0.9574264943593161
4,1,5,0.3149813444585866
4,1,5,0.07470550857760336
2,3,5,0.43116983099757117
5,0,5,0.35291544996872376
5,0,5,0.6104096037191906
4,1,5,NaN
4,1,5,NaN
4,1,5,NaN
4,1,5,0.1298724704817915
3,2,5,0.9522528320138453
5,0,5,0.16806732870266622
4,1,5,0.47793771766761745
4,1,5,0.43116983099757117
5,0,5,0.7267509803124766
3,2,5,0.27923371017636817
5,0,5,0.9163216390929619
4,1,5,NaN
4,1,5,NaN
3,2,5,0.007519629347378021
4,1,5,0.7582540955828375
5,0,5,0.9711836190363513
3,2,5,NaN
4,1,5,0.6914431924244484
3,2,5,NaN
4,1,5,NaN
5,0,5,NaN
5,0,5,NaN
4,1,5,0.7051840551574875
5,0,5,0.8356407771585233
5,0,5,0.0494455745194533
3,2,5,0.7267509803124766
5,0,5,NaN
4,1,5,0.14766029718238274
5,0,5,0.671884262440174
5,0,5,NaN
4,1,5,0.8915062399522097
4,1,5,0.5423582328253098
5,0,5,0.569149748895899
5,0,5,0.05735097310840156
4,1,5,NaN
4,1,5,0.43116983099757117
5,0,5,0.786623350458894
4,1,5,0.06611573959509347
4,1,5,NaN
4,1,5,0.786623350458894
5,0,5,NaN
5,0,5,0.27923371017636817
3,2,5,0.43116983099757117
4,1,5,0.43116983099757117
3,2,5,0.7582540955828375
2,3,5,0.9490411065363702
3,2,5,0.6914431924244484
4,1,5,0.6104096037191906
5,0,5,0.10062932783728167
4,1,5,0.16806732870266622
3,2,5,NaN
4,1,5,NaN
4,1,5,0.8356407771585233
5,0,5,0.045617003110543904
5,0,5,0.4137373899564104
4,1,5,NaN
3,2,5,NaN
5,0,5,NaN
2,3,5,NaN
4,1,5,NaN
3,2,5,0.9030952226408369
5,0,5,0.8216433443437378
5,0,5,NaN
1,4,5,0.08596717446393809
4,1,5,0.3742435995723311
5,0,5,0.2180321792514569
3,2,5,0.07470550857760336
5,0,5,0.32305707266974876
4,1,5,0.6505728275062779
5,0,5,0.24524244003177142
5,0,5,0.13812562235135267
2,3,5,NaN
5,0,5,0.5238679062670301
5,0,5,NaN
4,1,5,0.697170463945141
2,3,5,0.03317022976394289
4,1,5,NaN
5,0,5,0.9163216390929619
2,3,5,NaN
5,0,5,NaN
5,0,5,NaN
5,0,5,0.798258507482951
3,2,5,0.010917089172112761
5,0,5,0.43116983099757117
3,2,5,0.06611573959509347
4,1,5,0.950144339150178
5,0,5,NaN
4,1,5,0.14766029718238274
4,1,5,0.47793771766761745
3,2,5,0.9662848430678245
4,1,5,0.569149748895899
3,2,5,0.569149748895899
4,1,5,0.22580749721805404
5,0,5,0.8886935889394204
5,0,5,0.5238679062670301
3,2,5,0.6914431924244484
4,1,5,0.8120477488685461
4,1,5,0.009811944357590684
5,0,5,0.6505728275062779
5,0,5,0.8553400459938837
3,2,5,NaN
5,0,5,0.0494455745194533
4,1,5,NaN
5,0,5,0.14766029718238274
5,0,5,0.8068335743694346
3,2,5,0.08596717446393809
3,2,5,NaN
4,1,5,NaN
5,0,5,0.4000801055241669
5,0,5,0.6505728275062779
4,1,5,NaN
4,1,5,NaN
4,1,5,0.8356407771585233
4,1,5,0.3149813444585866
5,0,5,0.4908605351383169
1,4,5,NaN
3,2,5,0.42721151448376155
4,1,5,0.6914431924244484
3,2,5,NaN
5,0,5,0.9711836190363513
5,0,5,NaN
5,0,5,0.024979424385777767
5,0,5,0.9574264943593161
5,0,5,0.27923371017636817
4,1,5,NaN
3,2,5,0.6914431924244484
4,1,5,0.6378478937112115
5,0,5,0.62668848563475
4,1,5,0.35064018308951
4,1,5,0.8120477488685461
4,1,5,0.569149748895899
4,1,5,0.7582540955828375
3,2,5,0.45531430747461654
4,1,5,0.1298724704817915
4,1,5,NaN
4,1,5,0.22195114617399592
5,0,5,0.9030952226408369
5,0,5,0.08596717446393809
5,0,5,NaN
3,2,5,NaN
5,0,5,NaN
4,1,5,NaN
5,0,5,0.5238679062670301
3,2,5,NaN
5,0,5,0.9163216390929619
4,1,5,0.927808813496808
3,2,5,0.026405641442637996
5,0,5,0.0010066937616959677
4,1,5,NaN
3,2,5,0.9811127762214269
2,3,5,0.8553400459938837
4,1,5,0.7582540955828375
5,0,5,0.43116983099757117
3,2,5,0.37998215683100106
5,0,5,0.28378442242975516
5,0,5,NaN
3,2,5,NaN
4,1,5,0.24524244003177142
5,0,5,NaN
5,0,5,0.6104096037191906
4,1,5,0.2282523807203539
5,0,5,0.9551334428212331
3,2,5,NaN
5,0,5,0.5238679062670301
4,1,5,0.786623350458894
4,1,5,0.1298724704817915
5,0,5,0.042614707975505435
2,3,5,0.35291544996872376
5,0,5,0.8135122998034316
5,0,5,0.19236277848876807
2,3,5,0.9046065819155337
2,3,5,NaN
5,0,5,NaN
3,2,5,0.14766029718238274
4,1,5,0.6505728275062779
5,0,5,0.927808813496808
5,0,5,0.786623350458894
3,2,5,0.34054347346020714
2,3,5,0.6626854588022666
5,0,5,0.7582540955828375
3,2,5,0.569149748895899
4,1,5,0.43116983099757117
4,1,5,NaN
3,2,5,0.9649170932836378
3,2,5,0.1642931390531809
3,2,5,0.47793771766761745
5,0,5,0.939360003226765
1,4,5,0.16806732870266622
5,0,5,NaN
5,0,5,0.9030952226408369
4,1,5,0.7267509803124766
5,0,5,NaN
5,0,5,NaN
3,2,5,NaN
4,1,5,NaN
5,0,5,0.16806732870266622
5,0,5,0.47793771766761745
3,2,5,NaN
4,1,5,NaN
5,0,5,NaN
1,4,5,NaN
5,0,5,3.8277259677529764e-5
2,3,5,0.01880761644846058
5,0,5,NaN
1,4,5,0.09943458759150654
4,1,5,0.927808813496808
5,0,5,0.40057686224618433
4,1,5,0.07470550857760336
4,1,5,0.569149748895899
3,2,5,0.569149748895899
3,2,5,0.5648882816339776
5,0,5,NaN
3,2,5,0.5238679062670301
1,4,5,NaN
4,1,5,NaN
4,1,5,0.976413425292083
4,1,5,NaN
4,1,5,NaN
2,3,5,NaN
4,1,5,NaN
3,2,5,0.3589964096282288
5,0,5,NaN
5,0,5,0.9163216390929619
2,3,5,0.976413425292083
4,1,5,0.43116983099757117
5,0,5,0.23089981185493386
3,2,5,0.6505728275062779
5,0,5,0.07470550857760336
4,1,5,NaN
5,0,5,0.3149813444585866
5,0,5,0.23751946325872808
3,2,5,NaN
3,2,5,NaN
3,2,5,0.24524244003177142
5,0,5,0.2635919661402064
4,1,5,0.6665647963115473
4,1,5,0.3149813444585866
4,1,5,0.39064081951093954
4,1,5,0.27923371017636817
5,0,5,0.5238679062670301
5,0,5,0.9649170932836378
5,0,5,NaN
4,1,5,NaN
5,0,5,0.9030952226408369
3,2,5,0.927808813496808
5,0,5,0.43116983099757117
3,2,5,0.8886935889394204
3,2,5,NaN
5,0,5,0.7336089395786086
3,2,5,0.8733102078879845
3,2,5,0.35291544996872376
5,0,5,NaN
5,0,5,0.8891644393906453
2,3,5,0.3149813444585866
3,2,5,NaN
3,2,5,NaN
3,2,5,NaN
5,0,5,NaN
3,2,5,NaN
2,3,5,NaN
4,1,5,NaN
5,0,5,0.6603349835179124
4,1,5,NaN
3,2,5,NaN
4,1,5,NaN
5,0,5,0.6505728275062779
2,3,5,0.8356407771585233
5,0,5,NaN
4,1,5,NaN
4,1,5,0.024979424385777767
5,0,5,0.43116983099757117
5,0,5,0.9388397790286686
5,0,5,0.927808813496808
4,1,5,0.47793771766761745
4,1,5,0.8733102078879845
4,1,5,0.1258411106180253
4,1,5,0.43116983099757117
4,1,5,0.927808813496808
4,1,5,0.40057686224618433
5,0,5,NaN
5,0,5,NaN
4,1,5,NaN
5,0,5,0.6979814411333362
5,0,5,NaN
5,0,5,0.023636278789770686
4,1,5,0.9811127762214269
4,1,5,0.005812985542910942
3,2,5,0.3149813444585866
5,0,5,0.8120477488685461
3,2,5,NaN
5,0,5,NaN
3,2,5,0.7582540955828375
5,0,5,0.14766029718238274
5,0,5,0.8209931288341058
5,0,5,0.6104096037191906
5,0,5,0.005128705037515077
4,1,5,0.9030952226408369
3,2,5,NaN
4,1,5,NaN
3,2,5,NaN
5,0,5,0.21730833606708477
3,2,5,0.3684147765722506
4,1,5,0.5238679062670301
4,1,5,0.4000801055241669
4,1,5,NaN
3,2,5,0.6124850666781179
5,0,5,NaN
5,0,5,0.3149813444585866
4,1,5,NaN
5,0,5,0.8553400459938837
4,1,5,0.14766029718238274
3,2,5,0.00015918740029626326
5,0,5,0.9264083967110665
4,1,5,NaN
5,0,5,0.07794647087740116
4,1,5,NaN
4,1,5,0.35556818918325567
5,0,5,0.6104096037191906
5,0,5,0.3149813444585866
4,1,5,0.1298724704817915
4,1,5,0.6104096037191906
4,1,5,NaN
4,1,5,NaN
3,2,5,0.03317022976394289
4,1,5,0.8733102078879845
5,0,5,0.6914431924244484
5,0,5,NaN
2,3,5,0.07192352452314332
3,2,5,NaN
3,2,5,0.16195633609137647
5,0,5,0.11404401218842061
3,2,5,0.3149813444585866
4,1,5,NaN
3,2,5,NaN
4,1,5,0.022456817124025728
5,0,5,NaN
3,2,5,0.5723478033865719
5,0,5,0.08596717446393809
5,0,5,NaN
5,0,5,0.9711836190363513
5,0,5,0.6505728275062779
3,2,5,0.47793771766761745
5,0,5,0.002861878919963153
3,2,5,0.010926940780999128
1,4,5,0.7267509803124766
3,2,5,NaN
5,0,5,0.5013629881912998
5,0,5,0.43116983099757117
5,0,5,NaN
4,1,5,NaN
5,0,5,0.47793771766761745
5,0,5,0.6104096037191906
4,1,5,0.6914431924244484
3,2,5,0.16806732870266622
5,0,5,0.8120477488685461
3,2,5,0.5648882816339776
5,0,5,0.6038923551880735
4,1,5,0.6505728275062779
5,0,5,0.5238679062670301
5,0,5,NaN
3,2,5,NaN
2,3,5,0.11404401218842061
3,2,5,0.2528924239050204
5,0,5,0.04370689030141423
5,0,5,0.6237258160406982
5,0,5,NaN
4,1,5,0.9490411065363702
3,2,5,0.6505728275062779
5,0,5,NaN
5,0,5,NaN
3,2,5,NaN
4,1,5,NaN
4,1,5,NaN
4,1,5,NaN
4,1,5,0.5238679062670301
2,3,5,0.03317022976394289
5,0,5,0.1298724704817915
4,1,5,0.6914431924244484
4,1,5,0.6104096037191906
4,1,5,NaN
4,1,5,0.6505728275062779
2,3,5,0.6065509481318526
3,2,5,0.2180321792514569
5,0,5,0.47793771766761745
5,0,5,0.14766029718238274
5,0,5,NaN
5,0,5,NaN
3,2,5,NaN
4,1,5,NaN
5,0,5,0.8846053896489343
5,0,5,NaN
5,0,5,0.8733102078879845
4,1,5,NaN
4,1,5,NaN
5,0,5,0.24524244003177142
3,2,5,0.09943458759150654
4,1,5,NaN
4,1,5,NaN
5,0,5,NaN
3,2,5,0.8356407771585233
4,1,5,NaN
5,0,5,NaN
4,1,5,0.9388397790286686
4,1,5,0.06611573959509347
4,1,5,0.16195633609137647
2,3,5,0.7582540955828375
5,0,5,0.2968623799212947
5,0,5,0.8733102078879845
4,1,5,NaN
4,1,5,0.6505728275062779
4,1,5,0.6914431924244484
2,3,5,0.24524244003177142
4,1,5,0.8733102078879845
4,1,5,0.12773975537169022
3,2,5,NaN
4,1,5,NaN
1,4,5,NaN
3,2,5,NaN
5,0,5,0.8886935889394204
5,0,5,NaN
3,2,5,0.569149748895899
4,1,5,0.01880761644846058
5,0,5,0.5238679062670301
5,0,5,0.6505728275062779
5,0,5,0.8120477488685461
4,1,5,NaN
2,3,5,0.27923371017636817
5,0,5,0.9490411065363702
4,1,5,NaN
4,1,5,NaN
5,0,5,0.6104096037191906
3,2,5,0.6914431924244484
3,2,5,0.587549390756177
5,0,5,NaN
5,0,5,0.1298724704817915
3,2,5,NaN
4,1,5,0.9811127762214269
5,0,5,0.8553400459938837
5,0,5,NaN
3,2,5,0.47793771766761745
4,1,5,NaN
4,1,5,NaN
5,0,5,0.5238679062670301
3,2,5,NaN
1,4,5,0.29041418463437396
3,2,5,0.00035976304975985
5,0,5,0.47793771766761745
4,1,5,0.1298724704817915
5,0,5,0.5238679062670301
5,0,5,NaN
3,2,5,0.8733102078879845
5,0,5,0.3149813444585866
5,0,5,NaN
4,1,5,0.0494455745194533
2,3,5,0.39064081951093954
5,0,5,NaN
3,2,5,NaN
3,2,5,0.19236277848876807
5,0,5,NaN
5,0,5,NaN
5,0,5,0.9923256991209348
2,3,5,0.8553400459938837
5,0,5,0.8553400459938837
5,0,5,NaN
4,1,5,NaN
5,0,5,0.9443617025978779
3,2,5,0.24524244003177142
4,1,5,0.05735097310840156
2,3,5,0.786623350458894
5,0,5,0.5238679062670301
2,3,5,0.786623350458894
4,1,5,0.08529783561090813
5,0,5,NaN
3,2,5,0.10251553182142131
2,3,5,0.5238679062670301
5,0,5,0.08596717446393809
5,0,5,NaN
4,1,5,NaN
5,0,5,0.5521089525595249
5,0,5,0.12596473828435184
3,2,5,0.08257435057169986
5,0,5,0.08596717446393809
5,0,5,0.06611573959509347
3,2,5,NaN
3,2,5,NaN
2,3,5,0.05735097310840156
4,1,5,NaN
4,1,5,0.3871581495179797
5,0,5,NaN
4,1,5,0.23778090130669274
5,0,5,NaN
5,0,5,NaN
3,2,5,0.009778647628762748
5,0,5,NaN
4,1,5,0.09943458759150654
4,1,5,0.06611573959509347
3,2,5,NaN
4,1,5,0.569149748895899
4,1,5,0.976413425292083
5,0,5,NaN
4,1,5,0.5238679062670301
4,1,5,NaN
3,2,5,0.9490411065363702
3,2,5,0.786623350458894
5,0,5,NaN
3,2,5,NaN
3,2,5,NaN
4,1,5,0.5514079975878313
2,3,5,0.47793771766761745
5,0,5,0.5614282767823132
4,1,5,0.2180321792514569
5,0,5,0.6104096037191906
4,1,5,0.0494455745194533
4,1,5,0.7727911082485781
4,1,5,0.4994966444245364
5,0,5,NaN
5,0,5,0.16806732870266622
5,0,5,NaN
5,0,5,0.569149748895899
3,2,5,0.552171153253758
4,1,5,NaN
3,2,5,NaN
4,1,5,0.24524244003177142
5,0,5,0.07470550857760336
4,1,5,0.8120477488685461
5,0,5,0.009778647628762748
2,3,5,0.3149813444585866
4,1,5,0.4070251181586685
2,3,5,0.07470550857760336
5,0,5,0.9030952226408369
4,1,5,0.786623350458894
5,0,5,NaN
3,2,5,0.7582540955828375
4,1,5,NaN
2,3,5,NaN
5,0,5,0.8299867752581909
4,1,5,0.3149813444585866
5,0,5,NaN
4,1,5,0.43116983099757117
5,0,5,0.6979814411333362
4,1,5,0.569149748895899
2,3,5,0.8120477488685461
5,0,5,NaN
4,1,5,0.37796329328911665
3,2,5,0.786623350458894
4,1,5,0.39064081951093954
4,1,5,0.24524244003177142
4,1,5,0.19236277848876807
4,1,5,NaN
5,0,5,0.6914431924244484
5,0,5,0.9388397790286686
3,2,5,0.8120477488685461
5,0,5,0.43116983099757117
3,2,5,0.08596717446393809
5,0,5,NaN
4,1,5,0.5238679062670301
3,2,5,0.5300588416032667
4,1,5,NaN
4,1,5,NaN
3,2,5,0.8120477488685461
4,1,5,0.27923371017636817
2,3,5,0.8733102078879845
2,3,5,0.3149813444585866
3,2,5,NaN
4,1,5,0.09943458759150654
5,0,5,0.6104096037191906
3,2,5,0.8733102078879845
5,0,5,0.0494455745194533
3,2,5,NaN
5,0,5,0.07470550857760336
5,0,5,0.8553400459938837
2,3,5,0.5238679062670301
3,2,5,0.0625876200337763
5,0,5,0.5238679062670301
3,2,5,NaN
5,0,5,0.9574264943593161
5,0,5,0.5238679062670301
2,3,5,0.8952603189304542
5,0,5,0.2180321792514569
5,0,5,0.6505728275062779
3,2,5,0.9649170932836378
3,2,5,NaN
5,0,5,NaN
5,0,5,NaN
2,3,5,0.786623350458894
4,1,5,NaN
4,1,5,NaN
4,1,5,0.27923371017636817
5,0,5,NaN
5,0,5,0.20489463434600952
1,4,5,0.7582540955828375
4,1,5,0.2180321792514569
4,1,5,0.6505728275062779
3,2,5,NaN
2,3,5,NaN
4,1,5,0.2180321792514569
5,0,5,0.569149748895899
3,2,5,0.8275909927088239
5,0,5,0.7059305357774761
4,1,5,NaN
5,0,5,0.47793771766761745
3,2,5,NaN
5,0,5,0.0494455745194533
2,3,5,0.08924328562389647
2,3,5,0.49974308594955635
4,1,5,0.16806732870266622
4,1,5,0.39064081951093954
4,1,5,NaN
4,1,5,0.47793771766761745
1,4,5,0.6505728275062779
5,0,5,0.6505728275062779
4,1,5,0.8553400459938837
3,2,5,0.08596717446393809
5,0,5,NaN
3,2,5,0.2180321792514569
5,0,5,NaN
4,1,5,0.7582540955828375
4,1,5,0.16806732870266622
3,2,5,0.826238785868674
5,0,5,0.11404401218842061
3,2,5,0.7582540955828375
2,3,5,0.6505728275062779
5,0,5,0.7267509803124766
5,0,5,0.6104096037191906
5,0,5,NaN
4,1,5,0.8886935889394204
2,3,5,0.5614282767823132
2,3,5,0.5238679062670301
5,0,5,0.18853082438700441
5,0,5,0.569149748895899
5,0,5,0.27923371017636817
5,0,5,0.9030952226408369
4,1,5,0.27923371017636817
4,1,5,0.44195283113052
5,0,5,0.35291544996872376
4,1,5,0.7377518677167634
5,0,5,0.24524244003177142
4,1,5,0.786623350458894
5,0,5,0.8553400459938837
3,2,5,0.7267509803124766
4,1,5,0.998767140334452
3,2,5,0.35291544996872376
5,0,5,NaN
4,1,5,0.7267509803124766
5,0,5,0.35291544996872376
3,2,5,0.13423378660903315
4,1,5,0.8120477488685461
5,0,5,0.927808813496808
2,3,5,0.8356407771585233
5,0,5,0.786623350458894
4,1,5,0.8553400459938837
4,1,5,NaN
4,1,5,0.0494455745194533
5,0,5,0.9490411065363702
4,1,5,0.47793771766761745
4,1,5,NaN
5,0,5,0.3149813444585866
5,0,5,0.8370498159240735
5,0,5,NaN
3,2,5,0.6104096037191906
5,0,5,0.6505728275062779
3,2,5,0.0021658441345355074
5,0,5,NaN
5,0,5,NaN
5,0,5,0.9033272339683006
5,0,5,0.552171153253758
5,0,5,NaN
4,1,5,NaN
2,3,5,NaN
5,0,5,NaN
3,2,5,0.8553400459938837
5,0,5,0.8553400459938837
2,3,5,0.7267509803124766
5,0,5,NaN
2,3,5,0.786623350458894
3,2,5,0.927808813496808
5,0,5,0.16806732870266622
3,2,5,0.39064081951093954
3,2,5,0.09943458759150654
4,1,5,NaN
5,0,5,0.5614282767823132
3,2,5,NaN
5,0,5,0.7582540955828375
4,1,5,0.2180321792514569
3,2,5,0.24524244003177142
1,4,5,NaN
3,2,5,0.927808813496808
4,1,5,0.39064081951093954
5,0,5,0.8553400459938837
4,1,5,0.9030952226408369
5,0,5,0.8356407771585233
1,4,5,NaN
5,0,5,0.9163216390929619
3,2,5,0.43116983099757117
4,1,5,0.16806732870266622
3,2,5,NaN
4,1,5,0.001290026908059383
5,0,5,0.0311936292469497
5,0,5,0.05735097310840156
4,1,5,NaN
4,1,5,NaN
2,3,5,0.8733102078879845
4,1,5,NaN
4,1,5,0.8120477488685461
4,1,5,0.7280943808812835
2,3,5,0.2180321792514569
5,0,5,0.569149748895899
5,0,5,NaN
3,2,5,0.43116983099757117
4,1,5,0.7267509803124766
3,2,5,0.3149813444585866
1,4,5,0.6104096037191906
3,2,5,NaN
4,1,5,NaN
2,3,5,NaN
5,0,5,0.2689829743483109
2,3,5,0.2180321792514569
3,2,5,0.14766029718238274
4,1,5,0.6505728275062779
1,4,5,0.8553400459938837
4,1,5,NaN
4,1,5,0.3511880936280086
5,0,5,0.6914431924244484
5,0,5,NaN
3,2,5,0.03794641341295346
2,3,5,0.3149813444585866
5,0,5,0.2180321792514569
4,1,5,NaN
3,2,5,0.9583814263990373
5,0,5,0.8356407771585233
4,1,5,NaN
3,2,5,0.07719835415438564
4,1,5,0.24524244003177142
5,0,5,0.9552077030873962
3,2,5,0.24524244003177142
5,0,5,0.8553400459938837
5,0,5,NaN
3,2,5,0.8733102078879845
2,3,5,NaN
4,1,5,NaN
3,2,5,NaN
4,1,5,NaN
4,1,5,NaN
4,1,5,0.38120040655300724
3,2,5,0.35291544996872376
3,2,5,1.1262610663478262e-6
3,2,5,0.7267509803124766
5,0,5,0.3149813444585866
3,2,5,0.47793771766761745
5,0,5,0.6104096037191906
4,1,5,0.6505728275062779
4,1,5,NaN
5,0,5,0.6505728275062779
4,1,5,0.19434466643336454
4,1,5,0.569149748895899
3,2,5,NaN
5,0,5,NaN
3,2,5,0.9163216390929619
5,0,5,0.6914431924244484
5,0,5,0.569149748895899
2,3,5,0.1739887363054829
3,2,5,NaN
4,1,5,NaN
5,0,5,0.21885174757196577
5,0,5,0.786623350458894
3,2,5,0.39064081951093954
1,4,5,0.19236277848876807
3,2,5,0.9917317688897272
4,1,5,NaN
3,2,5,0.6604813418631587
3,2,5,NaN
4,1,5,0.02668274358731565
4,1,5,NaN
4,1,5,0.9503849767387041
3,2,5,NaN
5,0,5,NaN
4,1,5,NaN
3,2,5,0.1298724704817915
5,0,5,0.24524244003177142
4,1,5,0.4935751984271405
4,1,5,0.6788295181031945
2,3,5,0.01389863463638223
5,0,5,0.07470550857760336
5,0,5,NaN
5,0,5,NaN
5,0,5,0.569149748895899
2,3,5,0.3149813444585866
4,1,5,NaN
3,2,5,NaN
4,1,5,0.0494455745194533
5,0,5,0.35291544996872376
4,1,5,0.6164901678017619
2,3,5,0.19236277848876807
3,2,5,0.09486229378034049
4,1,5,0.7267509803124766
2,3,5,NaN
2,3,5,0.68431141890515
4,1,5,0.2180321792514569
4,1,5,0.0018091012574232453
5,0,5,NaN
4,1,5,0.9163216390929619
2,3,5,NaN
4,1,5,NaN
2,3,5,NaN
5,0,5,0.9894656266614458
3,2,5,NaN
1,4,5,NaN
3,2,5,0.01880761644846058
3,2,5,0.0005741472643684899
5,0,5,NaN
4,1,5,0.19236277848876807
2,3,5,0.5521089525595249
4,1,5,NaN
4,1,5,0.1298724704817915
5,0,5,0.8120477488685461
5,0,5,0.006943468320448339
4,1,5,0.27923371017636817
5,0,5,0.6914431924244484
5,0,5,0.6505728275062779
3,2,5,0.927808813496808
5,0,5,NaN
3,2,5,0.9923256991209348
4,1,5,0.7582540955828375
3,2,5,0.03945359390865018
2,3,5,NaN
3,2,5,0.06611573959509347
4,1,5,0.010511646283907737
4,1,5,0.6104096037191906
3,2,5,0.6505728275062779
4,1,5,0.7635139812160975
5,0,5,NaN
1,4,5,NaN
3,2,5,0.058843633883826824
3,2,5,0.1905734886698872
4,1,5,0.7582540955828375
3,2,5,0.35291544996872376
2,3,5,NaN
5,0,5,0.35291544996872376
2,3,5,0.47793771766761745
4,1,5,0.8356407771585233
5,0,5,0.24524244003177142
2,3,5,0.06611573959509347
4,1,5,0.6914431924244484
5,0,5,0.39064081951093954
3,2,5,0.07470550857760336
3,2,5,0.5238679062670301
2,3,5,NaN
5,0,5,0.7267509803124766
3,2,5,0.04370689030141423
4,1,5,NaN
2,3,5,0.7267509803124766
3,2,5,0.5238679062670301
4,1,5,NaN
4,1,5,0.8807888791878545
3,2,5,NaN
5,0,5,NaN
5,0,5,NaN
4,1,5,0.39064081951093954
4,1,5,0.786623350458894
5,0,5,0.7267509803124766
4,1,5,0.05534222797716546
4,1,5,0.8356407771585233
2,3,5,NaN
4,1,5,0.6306127289580729
2,3,5,NaN
5,0,5,0.35291544996872376
1,4,5,NaN
3,2,5,0.19236277848876807
2,3,5,NaN
5,0,5,NaN
4,1,5,NaN
5,0,5,0.723850449642353
4,1,5,0.028886075440067927
5,0,5,0.9649170932836378
5,0,5,NaN
5,0,5,NaN
5,0,5,0.6914431924244484
4,1,5,NaN
2,3,5,0.6505728275062779
5,0,5,0.569149748895899
5,0,5,NaN
3,2,5,0.39064081951093954
5,0,5,0.6505728275062779
4,1,5,0.10251979307445384
2,3,5,NaN
3,2,5,NaN
4,1,5,NaN
5,0,5,0.4829458652057926
5,0,5,NaN
5,0,5,0.8553400459938837
2,3,5,0.49918214384274195
4,1,5,NaN
4,1,5,NaN
5,0,5,0.4130504998390838
3,2,5,0.9490411065363702
4,1,5,0.976413425292083
5,0,5,0.9711836190363513
3,2,5,0.3871581495179797
5,0,5,0.8733102078879845
3,2,5,NaN
4,1,5,0.30021795194770345
1,4,5,0.49795693882232495
3,2,5,NaN
3,2,5,0.024979424385777767
4,1,5,0.9030952226408369
4,1,5,0.39064081951093954
3,2,5,0.08596717446393809
4,1,5,0.6505728275062779
4,1,5,0.7322050477268979
5,0,5,0.6505728275062779
4,1,5,0.39064081951093954
3,2,5,0.27923371017636817
4,1,5,NaN
5,0,5,0.3149813444585866
4,1,5,0.8356407771585233
5,0,5,NaN
3,2,5,0.1298724704817915
3,2,5,0.6505728275062779
3,2,5,NaN
5,0,5,NaN
3,2,5,0.24524244003177142
2,3,5,NaN
5,0,5,0.25918290793792376
3,2,5,0.27923371017636817
3,2,5,0.6914431924244484
2,3,5,0.009201407301479829
5,0,5,0.9388397790286686
4,1,5,0.2180321792514569
4,1,5,NaN
4,1,5,0.6104096037191906
3,2,5,NaN
2,3,5,0.8733102078879845
4,1,5,0.9923256991209348
4,1,5,0.9490411065363702
2,3,5,0.569149748895899
3,2,5,0.35291544996872376
5,0,5,0.9163216390929619
3,2,5,0.569149748895899
2,3,5,NaN
4,1,5,0.8120477488685461
5,0,5,NaN
5,0,5,NaN
4,1,5,0.03317022976394289
3,2,5,NaN
2,3,5,0.0494455745194533
5,0,5,0.569149748895899
4,1,5,0.43116983099757117
4,1,5,0.5665009669052208
3,2,5,0.976413425292083
3,2,5,0.7582540955828375
4,1,5,0.14766029718238274
4,1,5,NaN
3,2,5,0.2180321792514569
5,0,5,0.9030952226408369
3,2,5,0.786623350458894
2,3,5,0.6914431924244484
2,3,5,0.09486229378034049
3,2,5,0.06611573959509347
4,1,5,0.7267509803124766
5,0,5,NaN
4,1,5,NaN
4,1,5,NaN
2,3,5,NaN
4,1,5,0.9376006789248466
4,1,5,NaN
4,1,5,NaN
4,1,5,0.8553400459938837
4,1,5,0.2180321792514569
4,1,5,NaN
5,0,5,0.24524244003177142
3,2,5,NaN
4,1,5,NaN
4,1,5,0.6979814411333362
5,0,5,NaN
5,0,5,NaN
2,3,5,NaN
4,1,5,0.6914431924244484
5,0,5,0.8370498159240735
5,0,5,NaN
4,1,5,NaN
4,1,5,0.017881082921032253
5,0,5,0.43116983099757117
3,2,5,NaN
2,3,5,0.8553400459938837
5,0,5,NaN
3,2,5,0.6104096037191906
4,1,5,0.11404401218842061
2,3,5,0.8553400459938837
2,3,5,0.8356407771585233
5,0,5,NaN
5,0,5,NaN
3,2,5,NaN
5,0,5,0.7267509803124766
4,1,5,0.8356407771585233
5,0,5,0.12847708570272062
5,0,5,NaN
4,1,5,NaN
4,1,5,NaN
4,1,5,0.8886935889394204
4,1,5,0.8356407771585233
4,1,5,0.8920084065136369
5,0,5,NaN
3,2,5,0.9490411065363702
2,3,5,0.7582540955828375
2,3,5,0.35064018308951
5,0,5,NaN
5,0,5,0.0011777323257218563
5,0,5,NaN
4,1,5,0.7249415004237635
5,0,5,0.9235769684893195
5,0,5,0.7267509803124766
3,2,5,0.27923371017636817
3,2,5,NaN
5,0,5,0.9631417020840093
2,3,5,NaN
4,1,5,NaN
4,1,5,0.569149748895899
4,1,5,NaN
2,3,5,0.09943458759150654
5,0,5,0.364944180090729
5,0,5,0.17133970431474144
3,2,5,NaN
3,2,5,NaN
4,1,5,0.7582540955828375
5,0,5,0.6104096037191906
5,0,5,0.015411358124301236
4,1,5,0.927808813496808
3,2,5,NaN
5,0,5,0.39064081951093954
4,1,5,0.5238679062670301
4,1,5,NaN
3,2,5,0.2180321792514569
4,1,5,NaN
4,1,5,0.10526132047521596
3,2,5,1.706509725395022e-10
4,1,5,0.5238679062670301
4,1,5,0.6505728275062779
4,1,5,0.8553400459938837
2,3,5,0.1298724704817915
1,4,5,0.298085208124839
5,0,5,0.6505728275062779
2,3,5,NaN
1,4,5,0.9107607886637495
4,1,5,0.6505728275062779
5,0,5,NaN
4,1,5,NaN
3,2,5,0.9388397790286686
4,1,5,NaN
4,1,5,NaN
3,2,5,0.9574264943593161
5,0,5,NaN
4,1,5,0.0494455745194533
5,0,5,0.07992445386659836
5,0,5,0.6505728275062779
4,1,5,NaN
3,2,5,NaN
5,0,5,0.6505728275062779
4,1,5,0.19236277848876807
4,1,5,0.745426879852493
2,3,5,NaN
4,1,5,NaN
5,0,5,0.8733102078879845
4,1,5,0.6914431924244484
5,0,5,NaN
4,1,5,NaN
4,1,5,NaN
5,0,5,0.3149813444585866
5,0,5,NaN
4,1,5,0.9923256991209348
2,3,5,0.03682191202059047
5,0,5,0.43116983099757117
2,3,5,0.29150798032891484
4,1,5,0.23519964823513345
4,1,5,NaN
4,1,5,0.07470550857760336
4,1,5,NaN
3,2,5,0.9631417020840093
4,1,5,0.9431256790160365
5,0,5,NaN
1,4,5,0.9163216390929619
3,2,5,0.23751946325872808
5,0,5,0.25841863339059545
4,1,5,0.7582540955828375
4,1,5,0.09943458759150654
5,0,5,0.11404401218842061
3,2,5,0.3149813444585866
5,0,5,NaN
5,0,5,0.5514079975878313
5,0,5,NaN
5,0,5,NaN
3,2,5,0.03317022976394289
5,0,5,0.5238679062670301
2,3,5,0.5238679062670301
4,1,5,NaN
5,0,5,0.35291544996872376
3,2,5,0.6914431924244484
3,2,5,0.22739217610887186
4,1,5,0.15490981827571945
3,2,5,0.008126970210441814
3,2,5,0.9711836190363513
5,0,5,0.6505728275062779
4,1,5,NaN
3,2,5,0.09943458759150654
4,1,5,NaN
4,1,5,0.06680983687166232
4,1,5,0.24524244003177142
4,1,5,0.569149748895899
3,2,5,0.8442143217132388
5,0,5,0.0272511999430944
5,0,5,0.786623350458894
4,1,5,NaN
4,1,5,0.6914431924244484
3,2,5,0.1176835557913003
3,2,5,NaN
5,0,5,0.9388397790286686
3,2,5,0.7385524509922824
3,2,5,0.9163216390929619
3,2,5,0.9030952226408369
4,1,5,0.47793771766761745
4,1,5,NaN
3,2,5,NaN
3,2,5,0.7582540955828375
4,1,5,NaN
3,2,5,NaN
5,0,5,0.7582540955828375
3,2,5,NaN
5,0,5,0.43116983099757117
5,0,5,NaN
4,1,5,NaN
3,2,5,0.7582540955828375
3,2,5,0.786623350458894
2,3,5,0.23883035883046883
4,1,5,0.786623350458894
3,2,5,NaN
4,1,5,0.16806732870266622
5,0,5,0.5982094700734554
1,4,5,0.9163216390929619
4,1,5,0.44932270642957706
3,2,5,NaN
3,2,5,0.927808813496808
4,1,5,NaN
5,0,5,0.2936076401667629
5,0,5,NaN
5,0,5,0.46324542038266586
4,1,5,NaN
4,1,5,NaN
5,0,5,0.9163216390929619
5,0,5,NaN
5,0,5,NaN
5,0,5,NaN
3,2,5,0.19236277848876807
2,3,5,0.6914431924244484
5,0,5,0.03794641341295346
5,0,5,0.9163216390929619
4,1,5,0.47793771766761745
3,2,5,0.11404401218842061
4,1,5,0.6104096037191906
4,1,5,0.35291544996872376
4,1,5,0.7806308313129448
5,0,5,0.43116983099757117
4,1,5,0.023832958594287915
3,2,5,0.04370689030141423
4,1,5,0.06611573959509347
3,2,5,NaN
4,1,5,NaN
3,2,5,0.4959882483088199
3,2,5,0.3149813444585866
3,2,5,NaN
4,1,5,0.5238679062670301
5,0,5,NaN
1,4,5,0.8886935889394204
2,3,5,0.8886935889394204
2,3,5,NaN
3,2,5,NaN
4,1,5,0.6914431924244484
3,2,5,9.639311477520224e-5
4,1,5,NaN
5,0,5,NaN
5,0,5,NaN
5,0,5,0.8698846585221226
3,2,5,0.19236277848876807
2,3,5,0.6914431924244484
4,1,5,0.2180321792514569
3,2,5,0.35291544996872376
2,3,5,0.8553400459938837
3,2,5,NaN
2,3,5,0.6914431924244484
5,0,5,0.152195186389477
5,0,5,NaN
3,2,5,0.33326865980046866
3,2,5,0.27923371017636817
4,1,5,0.927808813496808
5,0,5,NaN
4,1,5,NaN
3,2,5,0.9490411065363702
4,1,5,0.8553400459938837
5,0,5,0.3242944243506929
3,2,5,0.47793771766761745
4,1,5,NaN
5,0,5,0.11404401218842061
4,1,5,NaN
5,0,5,0.5238679062670301
4,1,5,0.3149813444585866
5,0,5,0.02454498350141212
4,1,5,0.004232317169592533
5,0,5,NaN
1,4,5,0.39064081951093954
5,0,5,0.19236277848876807
4,1,5,0.004595624251579072
4,1,5,NaN
5,0,5,NaN
4,1,5,0.9463302358534665
3,2,5,NaN
2,3,5,NaN
5,0,5,NaN
5,0,5,0.7267509803124766
4,1,5,0.6104096037191906
5,0,5,NaN
5,0,5,0.9490411065363702
4,1,5,0.9910268197127584
4,1,5,0.021960220642977778
4,1,5,0.2180321792514569
3,2,5,0.9711836190363513
5,0,5,NaN
5,0,5,0.1298724704817915
4,1,5,0.6914431924244484
2,3,5,0.39064081951093954
4,1,5,0.027187319425584548
5,0,5,NaN
2,3,5,NaN
3,2,5,NaN
4,1,5,0.8356407771585233
4,1,5,0.786623350458894
3,2,5,NaN
3,2,5,NaN
4,1,5,0.7267509803124766
4,1,5,NaN
4,1,5,0.47793771766761745
4,1,5,0.39064081951093954
3,2,5,NaN
5,0,5,NaN
2,3,5,NaN
4,1,5,0.9649170932836378
5,0,5,NaN
3,2,5,0.3149813444585866
2,3,5,0.07470550857760336
4,1,5,0.09943458759150654
4,1,5,0.09943458759150654
3,2,5,0.7582540955828375
2,3,5,0.5899727572488195
4,1,5,NaN
5,0,5,0.27067662790403374
4,1,5,NaN
2,3,5,NaN
3,2,5,NaN
2,3,5,NaN
5,0,5,0.2635919661402064
4,1,5,NaN
4,1,5,0.569149748895899
5,0,5,0.39064081951093954
5,0,5,0.786623350458894
2,3,5,0.6505728275062779
5,0,5,0.6914431924244484
4,1,5,0.24524244003177142
5,0,5,0.6914431924244484
3,2,5,0.23751946325872808
3,2,5,0.8886935889394204
3,2,5,NaN
2,3,5,0.37400156131655193
3,2,5,NaN
4,1,5,0.14766029718238274
5,0,5,NaN
4,1,5,NaN
2,3,5,0.9649170932836378
3,2,5,0.31704501574285643
3,2,5,NaN
4,1,5,NaN
5,0,5,NaN
5,0,5,NaN
4,1,5,0.2180321792514569
5,0,5,0.0494455745194533
2,3,5,NaN
4,1,5,0.19236277848876807
4,1,5,0.6914431924244484
5,0,5,0.5610364209058417
3,2,5,0.7582540955828375
4,1,5,0.044089529513861685
3,2,5,0.976413425292083
5,0,5,0.2621615658751287
2,3,5,NaN
5,0,5,0.8120477488685461
3,2,5,0.35291544996872376
4,1,5,0.927808813496808
4,1,5,NaN
4,1,5,0.6930481168528798
4,1,5,NaN
5,0,5,NaN
4,1,5,0.24524244003177142
5,0,5,NaN
3,2,5,NaN
4,1,5,NaN
4,1,5,0.35291544996872376
4,1,5,NaN
2,3,5,0.35291544996872376
1,4,5,NaN
5,0,5,0.001865002884858753
4,1,5,0.9388397790286686
3,2,5,NaN
5,0,5,0.8120477488685461
5,0,5,NaN
5,0,5,0.09943458759150654
4,1,5,NaN
2,3,5,NaN
4,1,5,0.11404401218842061
5,0,5,0.6505728275062779
4,1,5,0.9234008089309449
5,0,5,0.6293150791863887
5,0,5,NaN
4,1,5,0.9761030188990792
5,0,5,0.9163216390929619
5,0,5,NaN
4,1,5,NaN
5,0,5,0.05735097310840156
3,2,5,NaN
4,1,5,0.08740237658058177
3,2,5,0.4620859063819344
4,1,5,NaN
5,0,5,0.4994966444245364
4,1,5,0.09289673435314648
3,2,5,0.5238679062670301
4,1,5,0.7267509803124766
5,0,5,NaN
3,2,5,NaN
2,3,5,NaN
3,2,5,NaN
4,1,5,0.3149813444585866
5,0,5,0.7582540955828375
3,2,5,0.6505728275062779
4,1,5,0.569149748895899
3,2,5,NaN
5,0,5,NaN
4,1,5,0.6505728275062779
3,2,5,0.48328007533787704
3,2,5,0.8658540332483595
4,1,5,0.9649170932836378
5,0,5,0.786623350458894
4,1,5,0.39064081951093954
3,2,5,NaN
4,1,5,NaN
4,1,5,0.8120477488685461
4,1,5,0.569149748895899
1,4,5,0.9992635393994358
3,2,5,NaN
5,0,5,0.0494455745194533
5,0,5,NaN
4,1,5,0.786623350458894
5,0,5,NaN
4,1,5,0.002020077249367323
5,0,5,0.011532985534739066
4,1,5,0.6289011470195491
5,0,5,NaN
2,3,5,0.8886935889394204
3,2,5,0.5238679062670301
3,2,5,0.4994966444245364
5,0,5,0.08596717446393809
5,0,5,0.39064081951093954
4,1,5,0.1416498128847232
5,0,5,0.7267509803124766
1,4,5,0.04418618664405676
4,1,5,0.9574264943593161
5,0,5,0.9388397790286686
2,3,5,0.6505728275062779
4,1,5,0.3149813444585866
4,1,5,NaN
4,1,5,0.6124850666781179
3,2,5,NaN
5,0,5,0.0494455745194533
4,1,5,NaN
3,2,5,NaN
5,0,5,NaN
2,3,5,NaN
2,3,5,NaN
4,1,5,0.3149813444585866
5,0,5,NaN
2,3,5,0.6880751652472807
5,0,5,0.9776381857169749
3,2,5,0.6181101058296996
3,2,5,0.10322342788852171
5,0,5,0.6936424771194916
5,0,5,0.7267509803124766
3,2,5,0.43116983099757117
5,0,5,0.1619721089976811
5,0,5,NaN
4,1,5,0.17291716651480712
4,1,5,0.39064081951093954
3,2,5,0.569149748895899
3,2,5,0.5238679062670301
5,0,5,NaN
4,1,5,0.16806732870266622
4,1,5,0.27923371017636817
5,0,5,0.4560921745881834
3,2,5,0.8553400459938837
5,0,5,0.8930231247989338
3,2,5,0.27923371017636817
3,2,5,0.6914431924244484
5,0,5,0.2957340907500869
3,2,5,0.6880751652472807
4,1,5,0.024979424385777767
3,2,5,0.10735783861920471
3,2,5,NaN
4,1,5,NaN
4,1,5,NaN
5,0,5,0.2663988121175997
4,1,5,NaN
4,1,5,0.16806732870266622
5,0,5,NaN
5,0,5,0.3149813444585866
4,1,5,NaN
3,2,5,NaN
5,0,5,NaN
2,3,5,0.5338179121576556
4,1,5,NaN
5,0,5,0.3149813444585866
4,1,5,0.48598831769096845
3,2,5,0.11785016423699653
3,2,5,0.16909288643313697
3,2,5,0.8356407771585233
4,1,5,NaN
4,1,5,0.08800937903995973
4,1,5,0.43116983099757117
4,1,5,NaN
4,1,5,0.9388397790286686
4,1,5,0.3149813444585866
3,2,5,0.9490411065363702
5,0,5,NaN
5,0,5,NaN
4,1,5,0.06611573959509347
5,0,5,NaN
4,1,5,NaN
5,0,5,NaN
4,1,5,0.2625507503654805
2,3,5,0.14766029718238274
1,4,5,0.19236277848876807
4,1,5,NaN
4,1,5,0.9889324734642139
4,1,5,0.2180321792514569
4,1,5,0.569149748895899
5,0,5,0.786623350458894
4,1,5,0.03317022976394289
1,4,5,0.07794647087740116
4,1,5,0.6104096037191906
4,1,5,0.786623350458894
2,3,5,NaN
3,2,5,0.47793771766761745
5,0,5,0.14766029718238274
3,2,5,0.1298724704817915
4,1,5,0.0006853264970170809
4,1,5,0.7267509803124766
4,1,5,NaN
5,0,5,0.8553400459938837
4,1,5,NaN
3,2,5,0.0494455745194533
5,0,5,NaN
4,1,5,0.7582540955828375
3,2,5,0.0004890027315585818
5,0,5,NaN
2,3,5,NaN
4,1,5,0.6505728275062779
5,0,5,NaN
4,1,5,0.38527301637080064
4,1,5,0.8553400459938837
5,0,5,0.569149748895899
3,2,5,0.9388397790286686
4,1,5,NaN
5,0,5,0.35291544996872376
5,0,5,0.6914431924244484
4,1,5,NaN
3,2,5,0.8553400459938837
5,0,5,0.6914431924244484
2,3,5,0.6505728275062779
2,3,5,0.927808813496808
4,1,5,0.8886935889394204
4,1,5,0.927808813496808
5,0,5,NaN
4,1,5,NaN
3,2,5,0.2180321792514569
4,1,5,NaN
5,0,5,NaN
3,2,5,0.012308547753270059
5,0,5,NaN
5,0,5,0.09943458759150654
5,0,5,0.3149813444585866
4,1,5,NaN
3,2,5,0.6914431924244484
3,2,5,NaN
4,1,5,NaN
5,0,5,NaN
3,2,5,0.2211753718338007
4,1,5,0.9711836190363513
5,0,5,NaN
3,2,5,0.24524244003177142
3,2,5,0.8356407771585233
5,0,5,0.976413425292083
1,4,5,NaN
5,0,5,0.5321483908369387
5,0,5,0.298085208124839
1,4,5,0.8733102078879845
5,0,5,0.6277385253821351
4,1,5,0.43116983099757117
4,1,5,0.5238679062670301
4,1,5,0.6914431924244484
5,0,5,0.034887503176661235
5,0,5,0.8120477488685461
4,1,5,NaN
5,0,5,NaN
4,1,5,0.7267509803124766
5,0,5,0.1298724704817915
4,1,5,0.9163216390929619
4,1,5,0.43116983099757117
4,1,5,0.17049586064816538
4,1,5,0.26626774199268605
5,0,5,0.8733102078879845
2,3,5,0.24524244003177142
4,1,5,0.04499882029926334
5,0,5,NaN
3,2,5,0.16041028371683363
3,2,5,0.0338215193764378
2,3,5,NaN
3,2,5,0.28953637817626154
4,1,5,0.9923256991209348
2,3,5,0.24016933897870207
5,0,5,NaN
5,0,5,0.19236277848876807
4,1,5,NaN
4,1,5,0.43116983099757117
4,1,5,0.045617003110543904
4,1,5,NaN
4,1,5,0.9490411065363702
3,2,5,NaN
2,3,5,NaN
5,0,5,0.8733102078879845
5,0,5,NaN
3,2,5,0.09943458759150654
4,1,5,0.16806732870266622
2,3,5,0.7267509803124766
3,2,5,NaN
3,2,5,0.14766029718238274
3,2,5,0.35291544996872376
4,1,5,0.6104096037191906
5,0,5,0.9649170932836378
5,0,5,NaN
4,1,5,0.8733102078879845
4,1,5,NaN
5,0,5,0.8120477488685461
5,0,5,NaN
1,4,5,0.39064081951093954
4,1,5,0.27264896380284004
4,1,5,NaN
5,0,5,NaN
4,1,5,0.40057686224618433
3,2,5,0.009443267178429325
2,3,5,0.24524244003177142
4,1,5,0.009681398529947847
4,1,5,NaN
4,1,5,0.8553400459938837
5,0,5,0.2180321792514569
4,1,5,0.09943458759150654
5,0,5,0.6505728275062779
5,0,5,NaN
3,2,5,0.27923371017636817
4,1,5,0.6914431924244484
4,1,5,0.6104096037191906
5,0,5,NaN
3,2,5,0.4883505789375699
2,3,5,NaN
3,2,5,0.9811127762214269
3,2,5,0.8886935889394204
5,0,5,0.7280943808812835
4,1,5,0.7883696248010116
4,1,5,0.8886935889394204
5,0,5,0.43116983099757117
4,1,5,0.9030952226408369
4,1,5,NaN
2,3,5,NaN
4,1,5,NaN
5,0,5,0.18027862260923705
3,2,5,NaN
2,3,5,0.4045483445915807
5,0,5,0.976413425292083
5,0,5,NaN
5,0,5,NaN
5,0,5,0.8120477488685461
5,0,5,0.8733102078879845
5,0,5,NaN
3,2,5,NaN
5,0,5,0.9894656266614458
5,0,5,0.7883696248010116
5,0,5,0.5238679062670301
4,1,5,0.06611573959509347
5,0,5,0.7267509803124766
4,1,5,0.9030952226408369
4,1,5,0.43116983099757117
4,1,5,0.11404401218842061
5,0,5,NaN
5,0,5,0.569149748895899
5,0,5,NaN
5,0,5,0.8370498159240735
4,1,5,0.927808813496808
3,2,5,0.786623350458894
1,4,5,0.5567740199748449
4,1,5,0.016314898271010056
3,2,5,0.47793771766761745
4,1,5,0.9030952226408369
4,1,5,0.47793771766761745
2,3,5,0.927808813496808
4,1,5,0.11404401218842061
4,1,5,0.9509685024303983
4,1,5,NaN
4,1,5,0.7267509803124766
5,0,5,0.19236277848876807
3,2,5,NaN
4,1,5,0.01880761644846058
3,2,5,0.000969726299768816
3,2,5,0.0546698957511087
5,0,5,0.11404401218842061
2,3,5,0.8264915658816376
4,1,5,0.08314407706625565
2,3,5,0.9783371267399661
4,1,5,0.7582540955828375
3,2,5,0.3784856861059211
5,0,5,0.7267509803124766
3,2,5,NaN
5,0,5,0.786623350458894
5,0,5,0.6505728275062779
5,0,5,0.9163216390929619
3,2,5,0.35291544996872376
3,2,5,0.786623350458894
3,2,5,0.9030952226408369
4,1,5,NaN
5,0,5,0.16806732870266622
4,1,5,NaN
3,2,5,NaN
4,1,5,0.8120477488685461
3,2,5,NaN
5,0,5,0.6777695128181356
4,1,5,0.5861055538637626
5,0,5,0.8733102078879845
5,0,5,NaN
5,0,5,NaN
4,1,5,0.1298724704817915
2,3,5,0.03317022976394289
2,3,5,NaN
4,1,5,NaN
3,2,5,NaN
5,0,5,0.5238679062670301
4,1,5,0.6914431924244484
5,0,5,NaN
4,1,5,0.5238679062670301
5,0,5,0.35291544996872376
4,1,5,0.9490411065363702
4,1,5,NaN
2,3,5,0.6104096037191906
5,0,5,0.7267509803124766
4,1,5,0.5273315166097177
4,1,5,0.11404401218842061
4,1,5,0.06611573959509347
5,0,5,0.6104096037191906
5,0,5,0.9574264943593161
2,3,5,0.569149748895899
2,3,5,NaN
2,3,5,NaN
5,0,5,0.3742435995723311
4,1,5,0.569149748895899
4,1,5,0.06611573959509347
2,3,5,NaN
3,2,5,0.4994966444245364
5,0,5,NaN
4,1,5,0.7312996970413469
3,2,5,0.47793771766761745
2,3,5,0.5570182288938353
3,2,5,0.5608165511214481
2,3,5,0.786623350458894
4,1,5,0.01389863463638223
4,1,5,0.9975663265144364
4,1,5,0.19236277848876807
3,2,5,NaN
5,0,5,0.17250611099502075
2,3,5,0.6104096037191906
2,3,5,NaN
5,0,5,NaN
4,1,5,NaN
4,1,5,NaN
5,0,5,NaN
5,0,5,NaN
3,2,5,0.04298744612796795
4,1,5,0.00140684628736026
4,1,5,0.6104096037191906
2,3,5,NaN
4,1,5,NaN
4,1,5,0.6914431924244484
5,0,5,NaN
2,3,5,0.0494455745194533
3,2,5,0.1719109032661709
5,0,5,NaN
5,0,5,0.24524244003177142
1,4,5,NaN
3,2,5,NaN
4,1,5,0.6914431924244484
5,0,5,0.1062071331545163
5,0,5,NaN
3,2,5,NaN
4,1,5,0.2180321792514569
3,2,5,NaN
5,0,5,0.35291544996872376
4,1,5,0.8733102078879845
5,0,5,0.6914431924244484
3,2,5,NaN
3,2,5,0.6914431924244484
4,1,5,0.19438283164339631
4,1,5,NaN
4,1,5,NaN
5,0,5,NaN
2,3,5,0.5773058455873221
4,1,5,0.9574264943593161
4,1,5,NaN
3,2,5,NaN
5,0,5,0.1298724704817915
4,1,5,NaN
3,2,5,0.8553400459938837
5,0,5,0.6505728275062779
4,1,5,NaN
5,0,5,NaN
4,1,5,0.1298724704817915
5,0,5,0.6104096037191906
3,2,5,0.581646005881792
4,1,5,0.3149813444585866
4,1,5,0.03876496707735809
3,2,5,0.8356407771585233
5,0,5,0.07470550857760336
4,1,5,0.47793771766761745
3,2,5,0.14766029718238274
5,0,5,NaN
4,1,5,0.27923371017636817
2,3,5,0.24524244003177142
3,2,5,0.13530627768026668
3,2,5,0.6505728275062779
3,2,5,0.8733102078879845
2,3,5,0.8356407771585233
1,4,5,0.8186721086762009
1,4,5,0.6944809040791058
3,2,5,0.786623350458894
5,0,5,0.6505728275062779
3,2,5,NaN
1,4,5,0.6914431924244484
3,2,5,NaN
4,1,5,NaN
3,2,5,0.028886075440067927
4,1,5,NaN
3,2,5,NaN
5,0,5,NaN
3,2,5,0.9811127762214269
5,0,5,NaN
4,1,5,NaN
2,3,5,0.786623350458894
4,1,5,0.9490411065363702
5,0,5,NaN
5,0,5,0.020891010468093208
4,1,5,0.6505728275062779
2,3,5,0.6289011470195491
4,1,5,NaN
3,2,5,0.39064081951093954
4,1,5,0.6914431924244484
5,0,5,0.569149748895899
4,1,5,0.6104096037191906
3,2,5,NaN
3,2,5,NaN
5,0,5,0.16806732870266622
4,1,5,0.02112402914940914
4,1,5,0.6767923819715689
3,2,5,0.27898768923329464
3,2,5,0.7582540955828375
4,1,5,0.7582540955828375
4,1,5,NaN
4,1,5,0.8733102078879845
4,1,5,0.0004437869943047829
4,1,5,0.7582540955828375
4,1,5,0.6914431924244484
3,2,5,0.8733102078879845
3,2,5,NaN
2,3,5,0.3149813444585866
4,1,5,NaN
3,2,5,0.5238679062670301
3,2,5,NaN
4,1,5,0.4986609698537673
3,2,5,NaN
3,2,5,0.016314898271010056
5,0,5,0.5238679062670301
5,0,5,0.8497748708487024
4,1,5,0.019063129449717817
3,2,5,NaN
1,4,5,0.8886935889394204
2,3,5,NaN
4,1,5,0.6505728275062779
5,0,5,0.24524244003177142
4,1,5,0.6914431924244484
5,0,5,0.7582540955828375
1,4,5,0.9711836190363513
2,3,5,0.7582540955828375
5,0,5,NaN
4,1,5,0.9030952226408369
5,0,5,0.7582540955828375
4,1,5,NaN
3,2,5,0.1298724704817915
2,3,5,NaN
5,0,5,NaN
4,1,5,0.9388397790286686
3,2,5,0.0494455745194533
1,4,5,0.7013148700450363
4,1,5,0.1739887363054829
5,0,5,1.4022078333176914e-6
3,2,5,0.004853991563388955
2,3,5,0.27923371017636817
5,0,5,0.47793771766761745
5,0,5,NaN
3,2,5,0.8553400459938837
5,0,5,NaN
5,0,5,0.8451544942757592
4,1,5,0.35291544996872376
5,0,5,NaN
5,0,5,0.927808813496808
3,2,5,0.8553400459938837
4,1,5,0.9574264943593161
5,0,5,0.24524244003177142
2,3,5,0.569149748895899
5,0,5,0.7267509803124766
3,2,5,0.35291544996872376
5,0,5,NaN
4,1,5,0.7267509803124766
4,1,5,0.6505728275062779
3,2,5,NaN
3,2,5,NaN
5,0,5,0.8356407771585233
5,0,5,0.5238679062670301
4,1,5,0.39064081951093954
4,1,5,NaN
2,3,5,NaN
3,2,5,0.927808813496808
3,2,5,NaN
4,1,5,0.0739986198755672
3,2,5,0.7582540955828375
4,1,5,0.43116983099757117
5,0,5,0.3149813444585866
5,0,5,0.9490411065363702
3,2,5,0.6181101058296996
4,1,5,0.8648033122356378
4,1,5,NaN
3,2,5,0.8553400459938837
3,2,5,NaN
4,1,5,NaN
5,0,5,0.9163216390929619
5,0,5,0.009243077843767525
5,0,5,0.10710552794919559
5,0,5,0.14766029718238274
4,1,5,0.00012018272415399149
3,2,5,0.8120477488685461
2,3,5,NaN
5,0,5,0.25841863339059545
5,0,5,0.05735097310840156
4,1,5,0.2180321792514569
4,1,5,0.6505728275062779
3,2,5,0.35291544996872376
4,1,5,0.39064081951093954
5,0,5,0.569149748895899
4,1,5,0.6104096037191906
5,0,5,0.5238679062670301
4,1,5,0.6104096037191906
3,2,5,NaN
4,1,5,0.3149813444585866
5,0,5,0.8886935889394204
4,1,5,0.7267509803124766
5,0,5,0.8720060212102919
5,0,5,0.47793771766761745
4,1,5,NaN
3,2,5,0.8120477488685461
5,0,5,0.8106777389785569
4,1,5,0.6104096037191906
5,0,5,0.47793771766761745
3,2,5,0.786623350458894
5,0,5,0.976413425292083
3,2,5,0.16806732870266622
3,2,5,0.01539228315906172
5,0,5,0.7267509803124766
3,2,5,0.7267509803124766
4,1,5,0.8453629677080109
4,1,5,NaN
4,1,5,0.9711836190363513
4,1,5,NaN
3,2,5,0.47793771766761745
4,1,5,0.9388397790286686
3,2,5,NaN
4,1,5,NaN
3,2,5,0.786623350458894
5,0,5,0.14766029718238274
3,2,5,NaN
3,2,5,0.43116983099757117
4,1,5,0.8886935889394204
3,2,5,0.07973275783906969
3,2,5,NaN
4,1,5,0.9388397790286686
3,2,5,0.11404401218842061
2,3,5,NaN
1,4,5,NaN
4,1,5,NaN
5,0,5,0.7267509803124766
2,3,5,0.14766029718238274
4,1,5,NaN
4,1,5,0.8886935889394204
3,2,5,NaN
5,0,5,0.6104096037191906
3,2,5,NaN
4,1,5,0.0069761914769390105
5,0,5,NaN
4,1,5,0.16806732870266622
5,0,5,0.25208537209082255
4,1,5,0.786623350458894
2,3,5,NaN
5,0,5,0.786623350458894
4,1,5,0.08338428661019415
3,2,5,0.11404401218842061
5,0,5,NaN
5,0,5,0.8068335743694346
4,1,5,0.43116983099757117
3,2,5,0.8356407771585233
2,3,5,NaN
5,0,5,0.6505728275062779
5,0,5,0.15385414083975474
4,1,5,NaN
4,1,5,0.6914431924244484
3,2,5,0.07470550857760336
3,2,5,NaN
3,2,5,0.6104096037191906
4,1,5,NaN
3,2,5,0.05735097310840156
5,0,5,0.32305707266974876
3,2,5,0.6505728275062779
3,2,5,NaN
4,1,5,0.8733102078879845
5,0,5,0.927808813496808
2,3,5,NaN
4,1,5,0.3991804991956431
4,1,5,NaN
5,0,5,0.35291544996872376
3,2,5,0.948867364315247
2,3,5,0.24524244003177142
4,1,5,0.9857264206675347
4,1,5,NaN
3,2,5,0.33326865980046866
3,2,5,NaN
3,2,5,0.4155837349263178
2,3,5,0.47458228869049734
4,1,5,0.7582540955828375
1,4,5,0.927808813496808
3,2,5,0.7267509803124766
4,1,5,0.35291544996872376
5,0,5,NaN
5,0,5,NaN
4,1,5,0.8120477488685461
4,1,5,NaN
2,3,5,0.9574264943593161
3,2,5,0.9574264943593161
3,2,5,0.15233618458437861
4,1,5,0.9163216390929619
3,2,5,NaN
3,2,5,NaN
3,2,5,0.43116983099757117
4,1,5,0.7582540955828375
5,0,5,0.7971405917373999
3,2,5,NaN
2,3,5,0.5997367624036737
4,1,5,NaN
4,1,5,NaN
3,2,5,0.2180321792514569
3,2,5,0.3380631690586218
5,0,5,NaN
3,2,5,0.1711074051718141
4,1,5,0.16806732870266622
2,3,5,0.47793771766761745
4,1,5,0.3149813444585866
4,1,5,NaN
4,1,5,0.09415298921146979
4,1,5,0.6104096037191906
5,0,5,0.9811127762214269
5,0,5,NaN
4,1,5,0.9494471673386267
5,0,5,0.06611573959509347
5,0,5,0.6505728275062779
5,0,5,0.05735097310840156
5,0,5,0.786623350458894
5,0,5,0.5238679062670301
4,1,5,0.8886935889394204
4,1,5,NaN
4,1,5,0.9490411065363702
5,0,5,0.3149813444585866
4,1,5,0.3011447146917934
1,4,5,0.8876928958714316
3,2,5,0.43116983099757117
4,1,5,NaN
3,2,5,0.8553400459938837
4,1,5,0.16806732870266622
3,2,5,NaN
4,1,5,NaN
3,2,5,0.7582540955828375
4,1,5,NaN
4,1,5,0.3147248360840866
3,2,5,NaN
5,0,5,0.569149748895899
4,1,5,NaN
5,0,5,NaN
2,3,5,0.7096228328631794
4,1,5,NaN
5,0,5,NaN
5,0,5,0.35291544996872376
3,2,5,0.39064081951093954
5,0,5,0.5388863724137921
3,2,5,0.9892198486363319
4,1,5,NaN
4,1,5,0.6505728275062779
4,1,5,NaN
5,0,5,0.9490411065363702
5,0,5,0.9030952226408369
4,1,5,NaN
2,3,5,0.569149748895899
5,0,5,0.16806732870266622
3,2,5,0.3685813602724861
4,1,5,0.16806732870266622
4,1,5,0.6505728275062779
4,1,5,NaN
4,1,5,NaN
4,1,5,0.27923371017636817
5,0,5,0.03947280769908433
3,2,5,0.9574264943593161
5,0,5,0.786623350458894
3,2,5,NaN
3,2,5,0.3360243258598447
4,1,5,0.8356407771585233
4,1,5,0.8442143217132388
5,0,5,0.8120477488685461
3,2,5,NaN
4,1,5,0.6124850666781179
4,1,5,NaN
3,2,5,0.8886935889394204
4,1,5,NaN
3,2,5,0.9163216390929619
4,1,5,NaN
5,0,5,NaN
3,2,5,NaN
5,0,5,0.5988966746409761
3,2,5,NaN
5,0,5,NaN
3,2,5,NaN
3,2,5,0.8553400459938837
3,2,5,0.24924498471286638
5,0,5,0.8733102078879845
3,2,5,NaN
2,3,5,0.43116983099757117
5,0,5,0.8120477488685461
4,1,5,0.755658916490895
5,0,5,0.0007708530500589535
5,0,5,0.19236277848876807
4,1,5,0.16806732870266622
5,0,5,0.3149813444585866
5,0,5,NaN
3,2,5,0.6833758768314452
3,2,5,NaN
2,3,5,0.5238679062670301
3,2,5,0.8733102078879845
3,2,5,0.8846053896489343
3,2,5,0.8356407771585233
5,0,5,NaN
4,1,5,NaN
3,2,5,0.6505728275062779
3,2,5,NaN
3,2,5,0.08941352353043942
3,2,5,NaN
5,0,5,0.2180321792514569
5,0,5,0.0342815304783045
3,2,5,NaN
4,1,5,0.47793771766761745
5,0,5,0.00014270557708414674
3,2,5,0.569149748895899
3,2,5,NaN
4,1,5,NaN
3,2,5,0.7267509803124766
3,2,5,NaN
2,3,5,0.6633544274002195
4,1,5,0.8120477488685461
3,2,5,0.8886935889394204
1,4,5,NaN
2,3,5,0.39064081951093954
4,1,5,0.927808813496808
5,0,5,0.8733102078879845
4,1,5,0.3402522806522006
5,0,5,0.5238679062670301
2,3,5,0.9388397790286686
5,0,5,NaN
5,0,5,0.9711836190363513
2,3,5,NaN
5,0,5,NaN
4,1,5,NaN
4,1,5,NaN
4,1,5,0.9805846931366433
4,1,5,NaN
4,1,5,0.6104096037191906
5,0,5,0.6914431924244484
5,0,5,NaN
3,2,5,0.00022600488301374128
2,3,5,0.515462219748183
3,2,5,0.24524244003177142
2,3,5,NaN
4,1,5,NaN
4,1,5,0.27923371017636817
5,0,5,0.9163216390929619
2,3,5,0.4000801055241669
4,1,5,0.14766029718238274
5,0,5,0.009866056344567947
2,3,5,0.16806732870266622
5,0,5,NaN
1,4,5,NaN
3,2,5,0.7267509803124766
3,2,5,0.5238679062670301
4,1,5,0.03463093166333102
2,3,5,NaN
5,0,5,0.9163216390929619
4,1,5,0.39064081951093954
5,0,5,NaN
4,1,5,0.7267509803124766
2,3,5,0.39064081951093954
2,3,5,NaN
2,3,5,0.15691508478808847
4,1,5,0.021960220642977778
4,1,5,0.0018091012574232453
5,0,5,0.7718834732979032
5,0,5,0.5234214701906054
5,0,5,NaN
4,1,5,0.5614056147192097
5,0,5,0.8733102078879845
2,3,5,0.3149813444585866
4,1,5,0.7555460681956515
5,0,5,0.9649170932836378
3,2,5,NaN
5,0,5,NaN
2,3,5,0.19236277848876807
2,3,5,NaN
4,1,5,NaN
4,1,5,NaN
4,1,5,NaN
4,1,5,0.3149813444585866
2,3,5,NaN
4,1,5,0.17963188626737284
3,2,5,0.5238679062670301
3,2,5,NaN
2,3,5,0.9030952226408369
2,3,5,0.9894656266614458
4,1,5,NaN
4,1,5,0.8811680344369395
3,2,5,0.24524244003177142
2,3,5,NaN
5,0,5,NaN
5,0,5,0.786623350458894
4,1,5,0.6468757071051889
4,1,5,0.40753390463573524
3,2,5,0.10432762368203273
5,0,5,NaN
5,0,5,0.24460822501461685
3,2,5,0.16806732870266622
5,0,5,0.09943458759150654
4,1,5,0.47793771766761745
3,2,5,NaN
4,1,5,0.35291544996872376
2,3,5,0.47793771766761745
4,1,5,NaN
4,1,5,0.2180321792514569
5,0,5,NaN
2,3,5,NaN
3,2,5,NaN
2,3,5,0.01880761644846058
4,1,5,0.9462609372974075
5,0,5,0.7883696248010116
3,2,5,NaN
2,3,5,0.786623350458894
3,2,5,NaN
4,1,5,0.29152744922397855
4,1,5,0.9711836190363513
5,0,5,NaN
4,1,5,0.24524244003177142
4,1,5,0.1298724704817915
5,0,5,NaN
5,0,5,0.14766029718238274
1,4,5,0.927808813496808
4,1,5,0.35291544996872376
3,2,5,0.6914431924244484
5,0,5,0.9574264943593161
2,3,5,0.16806732870266622
5,0,5,0.08596717446393809
4,1,5,NaN
4,1,5,0.8356407771585233
3,2,5,NaN
1,4,5,0.27923371017636817
4,1,5,0.8353614043224897
4,1,5,0.569149748895899
4,1,5,NaN
4,1,5,0.39064081951093954
4,1,5,0.5238679062670301
2,3,5,0.0005245260710193799
1,4,5,0.8886935889394204
5,0,5,0.8120477488685461
5,0,5,NaN
4,1,5,0.39064081951093954
5,0,5,NaN
3,2,5,0.08596717446393809
2,3,5,0.27923371017636817
5,0,5,0.6104096037191906
4,1,5,0.5723478033865719
3,2,5,0.8886935889394204
5,0,5,NaN
3,2,5,0.5238679062670301
3,2,5,0.39064081951093954
3,2,5,0.5238679062670301
5,0,5,0.16806732870266622
4,1,5,0.021960220642977778
4,1,5,0.6104096037191906
4,1,5,NaN
4,1,5,0.23519964823513345
3,2,5,0.9711836190363513
2,3,5,0.9388397790286686
4,1,5,0.3149813444585866
4,1,5,0.8356407771585233
3,2,5,0.7883197045776431
4,1,5,0.35291544996872376
3,2,5,0.9388397790286686
5,0,5,0.8886935889394204
5,0,5,NaN
3,2,5,0.2180321792514569
5,0,5,0.0494455745194533
5,0,5,0.028886075440067927
3,2,5,0.035812686490297944
3,2,5,0.7267509803124766
4,1,5,0.9030952226408369
4,1,5,0.569149748895899
3,2,5,0.5238679062670301
4,1,5,0.007721525992639655
5,0,5,0.7267509803124766
4,1,5,NaN
5,0,5,NaN
4,1,5,0.9574264943593161
4,1,5,0.5238679062670301
5,0,5,NaN
5,0,5,0.11404401218842061
2,3,5,0.7582540955828375
4,1,5,NaN
5,0,5,0.6505728275062779
3,2,5,0.24524244003177142
3,2,5,0.6505728275062779
4,1,5,0.6914431924244484
4,1,5,NaN
3,2,5,0.4738091454703735
4,1,5,0.2180321792514569
3,2,5,0.08007020889788616
3,2,5,0.016314898271010056
4,1,5,0.35291544996872376
5,0,5,NaN
5,0,5,0.43116983099757117
4,1,5,NaN
3,2,5,0.43116983099757117
5,0,5,0.43116983099757117
3,2,5,0.9836831168207316
5,0,5,NaN
3,2,5,0.6084112956964365
5,0,5,NaN
2,3,5,0.35291544996872376
3,2,5,NaN
4,1,5,0.47793771766761745
4,1,5,NaN
4,1,5,0.43116983099757117
4,1,5,0.24524244003177142
4,1,5,0.9811127762214269
5,0,5,NaN
4,1,5,0.8553400459938837
5,0,5,NaN
1,4,5,0.9490411065363702
4,1,5,0.43116983099757117
3,2,5,NaN
3,2,5,0.47793771766761745
3,2,5,0.0494455745194533
3,2,5,NaN
3,2,5,0.9711836190363513
3,2,5,NaN
2,3,5,0.0002969680381859203
5,0,5,0.6104096037191906
5,0,5,0.7582540955828375
4,1,5,NaN
3,2,5,NaN
5,0,5,0.8356407771585233
5,0,5,NaN
3,2,5,0.927808813496808
4,1,5,0.5517248103782787
5,0,5,0.26478024389279453
2,3,5,0.7267509803124766
3,2,5,NaN
4,1,5,NaN
4,1,5,0.3579882913622283
3,2,5,0.006996208912368631
2,3,5,0.2180321792514569
2,3,5,0.569149748895899
4,1,5,0.6914431924244484
5,0,5,NaN
5,0,5,0.25272823083984397
4,1,5,0.11404401218842061
5,0,5,0.6505728275062779
4,1,5,0.927808813496808
5,0,5,0.5250567057525605
3,2,5,0.6914431924244484
5,0,5,0.6914431924244484
5,0,5,NaN
4,1,5,0.9163216390929619
2,3,5,0.9490411065363702
5,0,5,0.8120477488685461
4,1,5,NaN
4,1,5,0.009354828506268327
5,0,5,2.1211562688847063e-6
3,2,5,0.5781675499244491
4,1,5,0.8120477488685461
2,3,5,0.39064081951093954
4,1,5,0.3149813444585866
5,0,5,0.03432256643084406
5,0,5,0.3149813444585866
3,2,5,0.35291544996872376
4,1,5,NaN
3,2,5,0.5982094700734554
5,0,5,0.8356407771585233
5,0,5,0.5238679062670301
5,0,5,0.9649170932836378
4,1,5,0.6104096037191906
3,2,5,NaN
3,2,5,0.6505728275062779
2,3,5,NaN
3,2,5,NaN
3,2,5,0.8421169459135842
4,1,5,NaN
3,2,5,NaN
5,0,5,0.24524244003177142
3,2,5,0.8658540332483595
3,2,5,0.43116983099757117
5,0,5,NaN
4,1,5,NaN
3,2,5,0.8733102078879845
2,3,5,0.021960220642977778
1,4,5,0.9662848430678245
4,1,5,NaN
5,0,5,0.016314898271010056
4,1,5,NaN
1,4,5,0.5238679062670301
3,2,5,0.8886935889394204
4,1,5,0.43116983099757117
3,2,5,NaN
4,1,5,0.07470550857760336
2,3,5,0.6505728275062779
5,0,5,0.6914431924244484
3,2,5,0.6505728275062779
4,1,5,0.07470550857760336
2,3,5,0.24350587042319508
5,0,5,NaN
3,2,5,0.34761220357298417
5,0,5,0.9944136266474382
2,3,5,0.786623350458894
4,1,5,0.8120477488685461
5,0,5,0.7582540955828375
5,0,5,0.8733102078879845
4,1,5,NaN
5,0,5,0.7582540955828375
4,1,5,0.5238679062670301
4,1,5,NaN
5,0,5,0.39064081951093954
2,3,5,0.8120477488685461
3,2,5,0.5238679062670301
4,1,5,0.976413425292083
4,1,5,NaN
3,2,5,0.8553400459938837
3,2,5,0.6880751652472807
4,1,5,0.9694305317492427
4,1,5,0.43116983099757117
3,2,5,0.04370689030141423
4,1,5,0.9030952226408369
5,0,5,0.569149748895899
5,0,5,NaN
4,1,5,NaN
4,1,5,NaN
3,2,5,0.569149748895899
2,3,5,NaN
4,1,5,NaN
3,2,5,0.5238679062670301
4,1,5,0.2712139293664631
2,3,5,0.01880761644846058
5,0,5,0.3149813444585866
3,2,5,0.9365750679810384
2,3,5,NaN
4,1,5,0.9163216390929619
5,0,5,NaN
3,2,5,0.4762928186283321
3,2,5,0.5873382701052826
5,0,5,NaN
2,3,5,0.2180321792514569
5,0,5,0.8553400459938837
4,1,5,0.8886935889394204
4,1,5,0.11404401218842061
4,1,5,0.04370689030141423
2,3,5,NaN
3,2,5,NaN
4,1,5,NaN
5,0,5,0.16806732870266622
4,1,5,NaN
5,0,5,NaN
3,2,5,0.11404401218842061
5,0,5,NaN
3,2,5,0.021960220642977778
4,1,5,NaN
4,1,5,NaN
4,1,5,NaN
5,0,5,NaN
5,0,5,0.5859398367146251
3,2,5,0.7582540955828375
5,0,5,0.9649170932836378
4,1,5,0.35291544996872376
3,2,5,NaN
4,1,5,NaN
5,0,5,0.6880751652472807
5,0,5,0.7582540955828375
4,1,5,NaN
4,1,5,0.9344936011100471
2,3,5,NaN
4,1,5,NaN
5,0,5,NaN
3,2,5,NaN
4,1,5,0.6833758768314452
1,4,5,NaN
4,1,5,0.18193580930670458
3,2,5,0.6104096037191906
5,0,5,NaN
5,0,5,0.7582540955828375
5,0,5,0.39064081951093954
3,2,5,NaN
5,0,5,0.9175214707400388
4,1,5,0.19236277848876807
4,1,5,0.9694305317492427
5,0,5,NaN
5,0,5,NaN
5,0,5,0.24524244003177142
4,1,5,0.19236277848876807
5,0,5,NaN
5,0,5,0.8733102078879845
5,0,5,0.927808813496808
1,4,5,0.35291544996872376
4,1,5,0.19236277848876807
3,2,5,0.2487387337807112
5,0,5,NaN
4,1,5,NaN
4,1,5,0.11404401218842061
3,2,5,NaN
3,2,5,0.600450870138093
4,1,5,0.569149748895899
3,2,5,0.14073537440233225
4,1,5,NaN
5,0,5,NaN
1,4,5,0.09943458759150654
5,0,5,0.7181111919488574
5,0,5,0.8356407771585233
5,0,5,NaN
4,1,5,0.16614440376039774
3,2,5,NaN
3,2,5,0.786623350458894
3,2,5,0.08596717446393809
4,1,5,NaN
3,2,5,0.9030952226408369
3,2,5,0.47793771766761745
4,1,5,0.06611573959509347
4,1,5,NaN
4,1,5,NaN
5,0,5,NaN
5,0,5,NaN
4,1,5,NaN
4,1,5,NaN
5,0,5,NaN
4,1,5,0.007028251640889947
2,3,5,0.786623350458894
2,3,5,0.8356407771585233
2,3,5,NaN
3,2,5,0.6104096037191906
2,3,5,0.04370689030141423
5,0,5,0.569149748895899
5,0,5,0.18355627165367336
4,1,5,NaN
4,1,5,0.27923371017636817
3,2,5,0.35291544996872376
5,0,5,0.8356407771585233
3,2,5,0.6505728275062779
4,1,5,NaN
4,1,5,0.6914431924244484
4,1,5,0.0494455745194533
2,3,5,NaN
3,2,5,0.14766029718238274
3,2,5,0.6626854588022666
5,0,5,0.6104096037191906
1,4,5,NaN
2,3,5,NaN
4,1,5,0.8553400459938837
5,0,5,0.9030952226408369
3,2,5,NaN
5,0,5,NaN
3,2,5,0.5238679062670301
4,1,5,0.7004946307553668
3,2,5,0.2180321792514569
5,0,5,0.7267509803124766
3,2,5,0.8356407771585233
3,2,5,0.9997715078092386
3,2,5,0.07470550857760336
3,2,5,NaN
1,4,5,0.5238679062670301
2,3,5,0.09943458759150654
4,1,5,0.7582540955828375
5,0,5,0.03794641341295346
4,1,5,0.3742435995723311
3,2,5,NaN
4,1,5,0.9115847525002773
5,0,5,NaN
3,2,5,0.892060644376351
4,1,5,0.7267509803124766
3,2,5,0.9030952226408369
5,0,5,0.14766029718238274
4,1,5,0.9030952226408369
5,0,5,NaN
5,0,5,0.001290026908059383
3,2,5,0.569149748895899
4,1,5,0.5028802700241758
3,2,5,0.9494471673386267
4,1,5,NaN
5,0,5,NaN
5,0,5,0.023636278789770686
5,0,5,0.786623350458894
3,2,5,0.16806732870266622
4,1,5,0.6505728275062779
4,1,5,0.5238679062670301
5,0,5,0.07259892841236863
5,0,5,0.04370689030141423
2,3,5,NaN
5,0,5,0.5442683331551674
3,2,5,0.6505728275062779
2,3,5,0.7582540955828375
3,2,5,NaN
4,1,5,NaN
3,2,5,0.09943458759150654
4,1,5,NaN
4,1,5,0.2180321792514569
3,2,5,0.7267509803124766
2,3,5,0.8120477488685461
2,3,5,NaN
5,0,5,NaN
4,1,5,NaN
4,1,5,0.09137910693701533
4,1,5,0.6914431924244484
4,1,5,0.49918214384274195
3,2,5,0.9163216390929619
5,0,5,NaN
5,0,5,0.3684147765722506
5,0,5,NaN
4,1,5,0.47793771766761745
4,1,5,NaN
3,2,5,NaN
3,2,5,0.07470550857760336
3,2,5,0.8709133490938697
5,0,5,0.43116983099757117
3,2,5,0.24524244003177142
4,1,5,0.8356407771585233
3,2,5,NaN
4,1,5,0.9490411065363702
3,2,5,0.1298724704817915
5,0,5,NaN
4,1,5,0.30850458025821004
4,1,5,NaN
5,0,5,NaN
5,0,5,0.8120477488685461
5,0,5,0.6914431924244484
3,2,5,0.9388397790286686
5,0,5,0.1298724704817915
5,0,5,NaN
5,0,5,NaN
3,2,5,NaN
4,1,5,NaN
4,1,5,0.5997367624036737
3,2,5,0.43116983099757117
4,1,5,0.09943458759150654
3,2,5,0.6104096037191906
3,2,5,0.6505728275062779
2,3,5,0.9857264206675347
3,2,5,NaN
3,2,5,0.3149813444585866
4,1,5,0.7051840551574875
1,4,5,0.06611573959509347
4,1,5,0.786623350458894
4,1,5,0.8733102078879845
4,1,5,0.43116983099757117
3,2,5,0.7582540955828375
5,0,5,NaN
3,2,5,0.35291544996872376
5,0,5,NaN
3,2,5,NaN
4,1,5,NaN
3,2,5,0.9889324734642139
1,4,5,0.6104096037191906
5,0,5,NaN
4,1,5,0.9030952226408369
2,3,5,0.5614056147192097
5,0,5,NaN
3,2,5,0.6505728275062779
4,1,5,0.8886935889394204
5,0,5,0.8120477488685461
5,0,5,NaN
4,1,5,NaN
1,4,5,NaN
4,1,5,0.8120477488685461
4,1,5,0.8553400459938837
3,2,5,0.24595326053372413
5,0,5,0.14766029718238274
4,1,5,NaN
5,0,5,NaN
2,3,5,0.39064081951093954
5,0,5,0.9030952226408369
4,1,5,NaN
4,1,5,0.28307077970323524
3,2,5,NaN
4,1,5,0.03794641341295346
5,0,5,NaN
4,1,5,0.35291544996872376
1,4,5,NaN
3,2,5,0.1298724704817915
4,1,5,NaN
5,0,5,0.9388397790286686
3,2,5,0.927808813496808
3,2,5,NaN
5,0,5,0.7267509803124766
4,1,5,0.8886935889394204
5,0,5,0.9175214707400388
2,3,5,0.6505728275062779
2,3,5,0.08701073381918811
3,2,5,0.9388397790286686
3,2,5,NaN
4,1,5,NaN
2,3,5,0.9325443840100321
5,0,5,0.7582540955828375
5,0,5,0.47793771766761745
3,2,5,0.7582540955828375
5,0,5,NaN
5,0,5,0.00031955193749114136
5,0,5,0.5614056147192097
4,1,5,0.48534906371178016
5,0,5,0.07470550857760336
4,1,5,0.6833758768314452
3,2,5,0.9923256991209348
5,0,5,0.7582540955828375
4,1,5,0.41605758143981575
3,2,5,NaN
5,0,5,0.43116983099757117
4,1,5,0.47793771766761745
2,3,5,0.26822728249395883
5,0,5,NaN
3,2,5,NaN
3,2,5,0.35291544996872376
5,0,5,0.512157215696795
1,4,5,NaN
4,1,5,0.7267509803124766
2,3,5,0.308520361888945
2,3,5,NaN
3,2,5,0.6505728275062779
5,0,5,0.6011200181348078
5,0,5,0.9490411065363702
1,4,5,0.11404401218842061
5,0,5,NaN
2,3,5,NaN
4,1,5,0.3149813444585866
3,2,5,0.9574264943593161
5,0,5,0.08596717446393809
3,2,5,NaN
3,2,5,NaN
4,1,5,0.7582540955828375
4,1,5,0.998767140334452
4,1,5,NaN
5,0,5,NaN
4,1,5,0.7582540955828375
4,1,5,NaN
5,0,5,0.5983679447151996
3,2,5,0.6410393485022922
3,2,5,NaN
4,1,5,NaN
4,1,5,NaN
1,4,5,0.2180321792514569
2,3,5,NaN
4,1,5,0.7582540955828375
3,2,5,NaN
4,1,5,0.09943458759150654
3,2,5,0.16222412795605662
4,1,5,0.47793771766761745
2,3,5,0.05260838238919444
4,1,5,0.569149748895899
4,1,5,0.6505728275062779
4,1,5,NaN
3,2,5,NaN
2,3,5,0.7267509803124766
3,2,5,0.47793771766761745
4,1,5,0.39064081951093954
3,2,5,NaN
4,1,5,0.9711836190363513
4,1,5,0.6505728275062779
2,3,5,NaN
5,0,5,NaN
5,0,5,NaN
5,0,5,0.35291544996872376
2,3,5,0.16806732870266622
3,2,5,0.7718834732979032
4,1,5,0.0035982749758739973
5,0,5,0.2180321792514569
4,1,5,0.19236277848876807
3,2,5,0.1298724704817915
5,0,5,0.9574264943593161
4,1,5,0.6450034076217963
5,0,5,0.6104096037191906
4,1,5,NaN
4,1,5,0.025282984742597252
5,0,5,0.7267509803124766
3,2,5,0.8120477488685461
3,2,5,0.6104096037191906
4,1,5,0.010723388270927387
2,3,5,0.08794087657375788
4,1,5,0.7582540955828375
5,0,5,0.569149748895899
3,2,5,NaN
3,2,5,NaN
5,0,5,0.6914431924244484
4,1,5,NaN
4,1,5,0.30769512422133544
3,2,5,NaN
3,2,5,0.5997367624036737
4,1,5,NaN
4,1,5,0.09943458759150654
3,2,5,0.43116983099757117
2,3,5,0.7322050477268979
4,1,5,NaN
1,4,5,NaN
5,0,5,0.6505728275062779
4,1,5,0.47793771766761745
3,2,5,0.6944809040791058
3,2,5,0.927808813496808
5,0,5,0.8720060212102919
3,2,5,0.020593242347986745
3,2,5,0.9490411065363702
4,1,5,NaN
5,0,5,0.0338215193764378
3,2,5,0.47793771766761745
2,3,5,NaN
2,3,5,NaN
5,0,5,0.49974308594955635
3,2,5,0.03317022976394289
4,1,5,0.7582540955828375
4,1,5,NaN
4,1,5,NaN
4,1,5,0.976413425292083
3,2,5,0.9626244420723142
2,3,5,0.9163216390929619
5,0,5,0.569149748895899
5,0,5,0.569149748895899
4,1,5,0.09303468333622832
2,3,5,0.6918467433407898
3,2,5,NaN
2,3,5,0.4472189894720591
3,2,5,0.39064081951093954
3,2,5,NaN
5,0,5,NaN
5,0,5,0.24524244003177142
1,4,5,0.5441880326629595
4,1,5,NaN
2,3,5,NaN
3,2,5,NaN
2,3,5,0.6914431924244484
4,1,5,NaN
4,1,5,0.279102362902047
4,1,5,0.9574264943593161
4,1,5,0.9743439185802852
5,0,5,NaN
3,2,5,0.016453507757996446
4,1,5,NaN
4,1,5,0.47793771766761745
4,1,5,0.27923371017636817
1,4,5,0.569149748895899
5,0,5,0.9490411065363702
5,0,5,0.11404401218842061
3,2,5,NaN
4,1,5,0.16806732870266622
3,2,5,0.6914431924244484
3,2,5,0.19236277848876807
3,2,5,0.786623350458894
5,0,5,NaN
5,0,5,0.7582540955828375
2,3,5,0.6181101058296996
4,1,5,NaN
4,1,5,0.786623350458894
5,0,5,0.8886935889394204
3,2,5,NaN
4,1,5,0.7582540955828375
4,1,5,NaN
2,3,5,NaN
5,0,5,NaN
4,1,5,0.000969726299768816
2,3,5,0.6104096037191906
5,0,5,0.47793771766761745
2,3,5,NaN
4,1,5,0.5969402631687231
3,2,5,0.27923371017636817
3,2,5,NaN
4,1,5,0.47793771766761745
5,0,5,NaN
5,0,5,0.6181101058296996
4,1,5,0.9208196858431406
4,1,5,0.40685701951534237
3,2,5,0.24524244003177142
3,2,5,0.569149748895899
2,3,5,NaN
3,2,5,NaN
3,2,5,0.1298724704817915
4,1,5,0.8886935889394204
4,1,5,NaN
3,2,5,NaN
2,3,5,0.09699666242672274
5,0,5,0.16806732870266622
4,1,5,0.8517372630840184
4,1,5,0.2180321792514569
4,1,5,0.40057686224618433
5,0,5,0.28575335828497883
4,1,5,0.7180469729808402
5,0,5,NaN
4,1,5,0.08596717446393809
3,2,5,0.18098230076510288
4,1,5,0.006497458436035881
2,3,5,NaN
4,1,5,0.7582540955828375
5,0,5,0.05735097310840156
4,1,5,0.569149748895899
2,3,5,NaN
5,0,5,0.3149813444585866
3,2,5,0.24524244003177142
4,1,5,NaN
3,2,5,0.6104096037191906
4,1,5,0.6914431924244484
5,0,5,0.11404401218842061
5,0,5,NaN
3,2,5,0.39064081951093954
5,0,5,0.9366851673337394
3,2,5,NaN
5,0,5,NaN
3,2,5,0.9030952226408369
3,2,5,NaN
2,3,5,NaN
4,1,5,0.7267509803124766
4,1,5,0.7582540955828375
5,0,5,0.35291544996872376
3,2,5,0.19236277848876807
4,1,5,0.7267509803124766
4,1,5,0.024979424385777767
3,2,5,NaN
3,2,5,NaN
2,3,5,0.16922731549821454
3,2,5,0.2180321792514569
3,2,5,0.7639082904695532
2,3,5,NaN
4,1,5,0.8356407771585233
3,2,5,0.005632687619080563
5,0,5,NaN
3,2,5,0.569149748895899
2,3,5,0.24524244003177142
4,1,5,0.7582540955828375
2,3,5,NaN
4,1,5,0.9574264943593161
3,2,5,NaN
3,2,5,0.028564900544910395
4,1,5,0.6104096037191906
3,2,5,0.7582540955828375
4,1,5,0.9030952226408369
5,0,5,NaN
4,1,5,0.35291544996872376
5,0,5,0.786623350458894
2,3,5,0.9811127762214269
5,0,5,0.27923371017636817
3,2,5,NaN
3,2,5,0.8356407771585233
3,2,5,0.6914431924244484
5,0,5,NaN
4,1,5,0.8553400459938837
2,3,5,0.6914431924244484
2,3,5,0.8451544942757592
5,0,5,0.8553400459938837
5,0,5,NaN
2,3,5,0.6104096037191906
4,1,5,0.6181101058296996
3,2,5,NaN
3,2,5,NaN
3,2,5,0.06611573959509347
5,0,5,0.8356407771585233
3,2,5,NaN
3,2,5,0.21088724428596914
5,0,5,0.47793771766761745
3,2,5,0.5760713119924952
3,2,5,0.9030952226408369
3,2,5,0.47793771766761745
4,1,5,NaN
4,1,5,0.8553400459938837
4,1,5,NaN
5,0,5,NaN
3,2,5,NaN
3,2,5,0.39064081951093954
4,1,5,0.09943458759150654
2,3,5,NaN
3,2,5,0.9490411065363702
4,1,5,0.2180321792514569
3,2,5,NaN
3,2,5,NaN
3,2,5,0.5238679062670301
5,0,5,0.18268889243605613
4,1,5,0.19236277848876807
2,3,5,0.6104096037191906
4,1,5,0.927808813496808
5,0,5,0.35291544996872376
5,0,5,0.49918214384274195
4,1,5,0.6104096037191906
4,1,5,NaN
2,3,5,0.0009051346899777894
2,3,5,0.5238679062670301
4,1,5,0.8733102078879845
5,0,5,0.34761220357298417
3,2,5,0.4376980178061627
4,1,5,NaN
3,2,5,0.927808813496808
3,2,5,0.15422149175928218
5,0,5,NaN
4,1,5,0.915999535825675
3,2,5,0.028886075440067927
2,3,5,0.8733102078879845
1,4,5,0.11023977403177572
4,1,5,0.5614056147192097
4,1,5,0.8120477488685461
3,2,5,NaN
4,1,5,0.7151347458514916
2,3,5,0.6914431924244484
2,3,5,0.09943458759150654
5,0,5,0.4681693113619374
2,3,5,NaN
4,1,5,NaN
5,0,5,0.8553400459938837
5,0,5,0.42770923673200084
4,1,5,NaN
5,0,5,NaN
4,1,5,NaN
2,3,5,0.06611573959509347
3,2,5,0.19236277848876807
2,3,5,0.9169211431492119
4,1,5,NaN
5,0,5,NaN
5,0,5,0.826534057652796
3,2,5,NaN
4,1,5,0.0017264663566164534
4,1,5,0.6914431924244484
4,1,5,NaN
5,0,5,0.786623350458894
2,3,5,NaN
2,3,5,NaN
5,0,5,0.09943458759150654
3,2,5,0.7508193087330272
4,1,5,NaN
5,0,5,0.6104096037191906
5,0,5,NaN
5,0,5,0.6104096037191906
5,0,5,0.9163216390929619
5,0,5,0.569149748895899
2,3,5,NaN
5,0,5,0.7582540955828375
2,3,5,NaN
4,1,5,NaN
4,1,5,NaN
4,1,5,0.3288906023669085
4,1,5,0.34295154681899953
1,4,5,NaN
5,0,5,0.6104096037191906
5,0,5,0.9030952226408369
2,3,5,0.13906406781445516
5,0,5,0.6104096037191906
3,2,5,NaN
3,2,5,0.35291544996872376
3,2,5,0.7883696248010116
3,2,5,NaN
4,1,5,NaN
5,0,5,NaN
3,2,5,0.6505728275062779
5,0,5,NaN
4,1,5,NaN
3,2,5,NaN
4,1,5,0.976413425292083
2,3,5,0.27923371017636817
5,0,5,0.8356407771585233
3,2,5,0.5873382701052826
3,2,5,0.8733102078879845
3,2,5,0.9309921044487384
5,0,5,NaN
3,2,5,0.25737367591553945
4,1,5,NaN
5,0,5,NaN
4,1,5,NaN
4,1,5,0.7820392856731134
4,1,5,NaN
5,0,5,NaN
3,2,5,0.1298724704817915
3,2,5,0.6104096037191906
4,1,5,NaN
4,1,5,NaN
5,0,5,0.729546808974223
2,3,5,0.0019801671526889723
3,2,5,0.7267509803124766
1,4,5,0.7267509803124766
5,0,5,0.24524244003177142
3,2,5,NaN
5,0,5,NaN
5,0,5,NaN
4,1,5,0.24524244003177142
3,2,5,0.5576316006584354
4,1,5,NaN
3,2,5,0.29003142060264003
4,1,5,0.9649170932836378
2,3,5,NaN
4,1,5,0.5238679062670301
3,2,5,NaN
5,0,5,0.9030952226408369
1,4,5,0.3149813444585866
4,1,5,0.44455820687200376
4,1,5,0.8356407771585233
5,0,5,NaN
1,4,5,0.17566319465054633
4,1,5,0.07470550857760336
4,1,5,NaN
3,2,5,NaN
5,0,5,0.6104096037191906
4,1,5,NaN
4,1,5,NaN
5,0,5,NaN
4,1,5,0.7582540955828375
2,3,5,0.9030952226408369
5,0,5,0.8621548621268441
3,2,5,0.5631417180077889
5,0,5,0.24524244003177142
3,2,5,0.19236277848876807
3,2,5,0.8120477488685461
5,0,5,NaN
5,0,5,0.8120477488685461
2,3,5,NaN
4,1,5,0.1461435786404284
3,2,5,0.3149813444585866
2,3,5,NaN
2,3,5,0.6777695128181356
3,2,5,NaN
4,1,5,0.5972119773445547
2,3,5,0.24524244003177142
4,1,5,0.39064081951093954
5,0,5,NaN
3,2,5,0.1634480400371566
2,3,5,0.7582540955828375
3,2,5,0.0027517497636354643
4,1,5,0.786623350458894
5,0,5,0.7582540955828375
5,0,5,0.11404401218842061
5,0,5,NaN
3,2,5,0.786623350458894
2,3,5,0.39064081951093954
2,3,5,0.24524244003177142
2,3,5,0.11404401218842061
1,4,5,NaN
2,3,5,0.7883696248010116
3,2,5,0.39378214822597113
5,0,5,0.2180321792514569
4,1,5,NaN
3,2,5,NaN
4,1,5,0.9649170932836378
3,2,5,0.569149748895899
4,1,5,0.8733102078879845
3,2,5,0.00015588547938560847
2,3,5,0.13826789573170475
2,3,5,0.14766029718238274
3,2,5,NaN
4,1,5,0.8733102078879845
3,2,5,0.07470550857760336
4,1,5,0.2180321792514569
5,0,5,0.24524244003177142
4,1,5,0.03317022976394289
3,2,5,0.35291544996872376
3,2,5,NaN
4,1,5,0.47793771766761745
4,1,5,0.8153083058530535
5,0,5,0.6505728275062779
4,1,5,0.27212575476868656
5,0,5,NaN
3,2,5,NaN
4,1,5,0.3195497322006788
5,0,5,0.16930590999827722
4,1,5,0.3575430700112861
1,4,5,0.03794641341295346
4,1,5,0.8120477488685461
2,3,5,0.8120477488685461
3,2,5,0.8553400459938837
4,1,5,0.8886935889394204
4,1,5,NaN
4,1,5,0.35291544996872376
3,2,5,0.19953098496642013
4,1,5,0.23767833553316434
4,1,5,0.07470550857760336
3,2,5,NaN
2,3,5,0.10906462151577391
2,3,5,0.7267509803124766
5,0,5,0.2825756595979886
3,2,5,0.8356407771585233
3,2,5,NaN
3,2,5,0.5238679062670301
2,3,5,0.7582540955828375
4,1,5,0.569149748895899
2,3,5,0.08596717446393809
3,2,5,NaN
2,3,5,0.8733102078879845
3,2,5,NaN
5,0,5,0.8120477488685461
2,3,5,NaN
2,3,5,NaN
5,0,5,NaN
5,0,5,0.7635139812160975
5,0,5,0.976413425292083
5,0,5,0.7051840551574875
3,2,5,0.0494455745194533
4,1,5,0.976413425292083
4,1,5,0.786623350458894
5,0,5,NaN
3,2,5,0.8553400459938837
3,2,5,NaN
3,2,5,0.3149813444585866
2,3,5,0.5238679062670301
3,2,5,0.786623350458894
5,0,5,NaN
4,1,5,NaN
4,1,5,0.08064986968258647
4,1,5,0.43116983099757117
5,0,5,NaN
3,2,5,0.009765403051649914
3,2,5,NaN
4,1,5,0.9574264943593161
4,1,5,0.8733102078879845
4,1,5,0.002341120706278806
4,1,5,NaN
4,1,5,0.1298724704817915
5,0,5,0.6104096037191906
2,3,5,NaN
4,1,5,0.6505728275062779
3,2,5,0.8135122998034316
3,2,5,0.013712126257744364
2,3,5,0.24524244003177142
5,0,5,0.8177652705213504
3,2,5,0.927808813496808
5,0,5,0.03317022976394289
5,0,5,0.1781206085876508
2,3,5,NaN
5,0,5,NaN
5,0,5,0.11404401218842061
3,2,5,NaN
4,1,5,0.8120477488685461
1,4,5,0.8120477488685461
5,0,5,0.39064081951093954
2,3,5,0.9574264943593161
2,3,5,NaN
2,3,5,0.6914431924244484
5,0,5,NaN
4,1,5,NaN
5,0,5,5.048454905653545e-6
4,1,5,NaN
5,0,5,0.43116983099757117
3,2,5,0.39064081951093954
2,3,5,0.04370689030141423
2,3,5,0.6505728275062779
3,2,5,0.9388397790286686
2,3,5,0.16922731549821454
4,1,5,NaN
3,2,5,NaN
2,3,5,NaN
5,0,5,NaN
5,0,5,0.0069761914769390105
2,3,5,0.43116983099757117
2,3,5,0.6704287383046245
5,0,5,0.6104096037191906
4,1,5,NaN
4,1,5,0.6914431924244484
3,2,5,0.11404401218842061
4,1,5,0.13150693152862286
4,1,5,0.10090600198295654
2,3,5,NaN
5,0,5,NaN
2,3,5,0.9559506140730419
3,2,5,NaN
5,0,5,NaN
4,1,5,0.16806732870266622
2,3,5,0.6104096037191906
5,0,5,0.9574264943593161
2,3,5,0.7582540955828375
1,4,5,0.2887478495258714
4,1,5,NaN
3,2,5,NaN
4,1,5,0.8356407771585233
3,2,5,NaN
5,0,5,NaN
4,1,5,0.9811127762214269
5,0,5,NaN
4,1,5,NaN
2,3,5,0.43116983099757117
2,3,5,NaN
3,2,5,0.2180321792514569
1,4,5,0.6104096037191906
3,2,5,NaN
4,1,5,NaN
5,0,5,NaN
5,0,5,NaN
4,1,5,0.35291544996872376
3,2,5,0.9030952226408369
4,1,5,0.6104096037191906
2,3,5,0.1298724704817915
3,2,5,NaN
3,2,5,0.5621402468288088
5,0,5,0.24967676872682318
5,0,5,0.569149748895899
4,1,5,NaN
2,3,5,0.0494455745194533
1,4,5,0.9544749785008448
5,0,5,0.11404401218842061
5,0,5,NaN
3,2,5,0.8120477488685461
5,0,5,NaN
5,0,5,NaN
3,2,5,NaN
4,1,5,0.03624618885094255
2,3,5,0.8553400459938837
5,0,5,0.9030952226408369
3,2,5,NaN
2,3,5,0.03796981081168248
4,1,5,0.8733102078879845
4,1,5,0.24524244003177142
3,2,5,0.9030952226408369
2,3,5,NaN
2,3,5,0.08940638656868989
4,1,5,NaN
5,0,5,0.19236277848876807
4,1,5,0.976413425292083
4,1,5,0.569149748895899
2,3,5,NaN
2,3,5,0.03832442848911993
3,2,5,NaN
4,1,5,NaN
2,3,5,0.1298724704817915
3,2,5,0.11003319334580011
4,1,5,NaN
3,2,5,0.6914431924244484
4,1,5,0.9811127762214269
4,1,5,NaN
3,2,5,0.4846356733487174
3,2,5,NaN
2,3,5,0.3149813444585866
3,2,5,0.24524244003177142
4,1,5,NaN
4,1,5,NaN
4,1,5,0.35291544996872376
2,3,5,0.35291544996872376
3,2,5,NaN
3,2,5,0.8658540332483595
3,2,5,0.8120477488685461
4,1,5,NaN
4,1,5,NaN
5,0,5,0.8560390901712934
4,1,5,0.9944136266474382
5,0,5,0.5238679062670301
4,1,5,0.8120477488685461
5,0,5,0.11404401218842061
4,1,5,0.9970413029696218
4,1,5,0.6505728275062779
3,2,5,0.569149748895899
4,1,5,NaN
2,3,5,0.07470550857760336
4,1,5,0.43116983099757117
5,0,5,0.14766029718238274
3,2,5,0.9574264943593161
5,0,5,NaN
4,1,5,NaN
4,1,5,0.569149748895899
3,2,5,0.08596717446393809
3,2,5,0.06611573959509347
2,3,5,NaN
3,2,5,NaN
4,1,5,NaN
4,1,5,0.9811127762214269
5,0,5,0.43116983099757117
4,1,5,0.8356407771585233
2,3,5,0.43116983099757117
4,1,5,0.016314898271010056
3,2,5,NaN
3,2,5,0.0494455745194533
1,4,5,0.3871581495179797
4,1,5,NaN
5,0,5,NaN
4,1,5,0.9030952226408369
5,0,5,0.2180321792514569
3,2,5,0.3761245419307974
2,3,5,NaN
3,2,5,NaN
4,1,5,0.786623350458894
3,2,5,0.0494455745194533
4,1,5,0.9490411065363702
2,3,5,0.8120477488685461
2,3,5,0.09415298921146979
4,1,5,NaN
5,0,5,NaN
3,2,5,0.0494455745194533
5,0,5,NaN
2,3,5,0.6181101058296996
4,1,5,0.6914431924244484
4,1,5,0.7429299564203464
5,0,5,NaN
3,2,5,NaN
5,0,5,0.16806732870266622
3,2,5,0.569149748895899
4,1,5,NaN
5,0,5,0.8421169459135842
4,1,5,2.5350272554235704e-10
2,3,5,0.7267509803124766
5,0,5,NaN
4,1,5,0.08596717446393809
3,2,5,0.9115847525002773
3,2,5,NaN
4,1,5,0.8356407771585233
5,0,5,0.14766029718238274
3,2,5,0.5238679062670301
5,0,5,NaN
4,1,5,NaN
5,0,5,0.2734802093344062
4,1,5,NaN
5,0,5,NaN
4,1,5,NaN
2,3,5,0.43116983099757117
5,0,5,0.9163216390929619
5,0,5,0.5238679062670301
1,4,5,0.6177018808509218
4,1,5,NaN
5,0,5,0.8120477488685461
5,0,5,0.7971405917373999
5,0,5,0.24524244003177142
5,0,5,NaN
5,0,5,0.6104096037191906
5,0,5,NaN
4,1,5,0.43116983099757117
4,1,5,NaN
3,2,5,0.5253168319505241
5,0,5,0.9645977848212985
3,2,5,0.6914431924244484
2,3,5,NaN
5,0,5,NaN
4,1,5,0.24524244003177142
3,2,5,0.6505728275062779
5,0,5,NaN
4,1,5,0.6505728275062779
3,2,5,NaN
1,4,5,NaN
1,4,5,NaN
5,0,5,NaN
4,1,5,0.7582540955828375
4,1,5,0.27923371017636817
3,2,5,NaN
2,3,5,NaN
4,1,5,NaN
3,2,5,0.6505728275062779
4,1,5,0.39064081951093954
3,2,5,0.03794641341295346
3,2,5,0.24524244003177142
4,1,5,0.04370689030141423
4,1,5,0.10322917148780314
4,1,5,NaN
2,3,5,0.08622811860676048
3,2,5,NaN
5,0,5,NaN
5,0,5,NaN
3,2,5,0.6505728275062779
2,3,5,NaN
5,0,5,0.29805850957692626
5,0,5,0.6104096037191906
5,0,5,NaN
3,2,5,NaN
1,4,5,NaN
5,0,5,0.009778647628762748
5,0,5,0.5982094700734554
4,1,5,NaN
1,4,5,0.6342896145255685
1,4,5,NaN
2,3,5,NaN
3,2,5,0.09184669900070074
2,3,5,0.9200864044832865
3,2,5,0.10904220996434351
4,1,5,0.35291544996872376
4,1,5,0.6104096037191906
2,3,5,0.6426385446506481
3,2,5,NaN
5,0,5,NaN
4,1,5,0.5239350384296257
5,0,5,0.8553400459938837
4,1,5,NaN
4,1,5,NaN
3,2,5,0.6104096037191906
5,0,5,NaN
4,1,5,0.43116983099757117
3,2,5,0.6914431924244484
4,1,5,0.5652042430126011
4,1,5,0.6505728275062779
4,1,5,0.3149813444585866
3,2,5,NaN
4,1,5,0.9163216390929619
2,3,5,0.9649170932836378
5,0,5,0.9537207633421196
3,2,5,NaN
4,1,5,NaN
4,1,5,0.5576316006584354
3,2,5,0.7051840551574875
3,2,5,0.28304449311119495
5,0,5,NaN
3,2,5,0.6914431924244484
2,3,5,0.8733102078879845
2,3,5,0.044182294336632504
4,1,5,0.07470550857760336
3,2,5,0.8886935889394204
2,3,5,0.05735097310840156
2,3,5,NaN
5,0,5,0.8733102078879845
5,0,5,NaN
1,4,5,0.569149748895899
4,1,5,0.569149748895899
5,0,5,0.43116983099757117
5,0,5,0.8370498159240735
3,2,5,NaN
5,0,5,NaN
4,1,5,0.7582540955828375
2,3,5,NaN
3,2,5,0.794369579839077
4,1,5,NaN
4,1,5,0.2180321792514569
4,1,5,NaN
3,2,5,0.927808813496808
4,1,5,NaN
4,1,5,0.4409150679801434
4,1,5,0.3149813444585866
5,0,5,0.01880761644846058
5,0,5,0.19236277848876807
4,1,5,NaN
5,0,5,NaN
3,2,5,0.11404401218842061
2,3,5,0.16922731549821454
3,2,5,0.9440623300839589
3,2,5,0.7267509803124766
4,1,5,NaN
4,1,5,0.8553400459938837
4,1,5,NaN
3,2,5,0.19236277848876807
4,1,5,NaN
4,1,5,NaN
4,1,5,0.35291544996872376
5,0,5,NaN
2,3,5,NaN
2,3,5,0.07794647087740116
5,0,5,NaN
3,2,5,0.47793771766761745
2,3,5,NaN
5,0,5,0.8356407771585233
4,1,5,NaN
4,1,5,0.6914431924244484
1,4,5,0.47793771766761745
4,1,5,0.7582540955828375
1,4,5,0.3149813444585866
3,2,5,0.39064081951093954
3,2,5,0.927808813496808
3,2,5,0.4986609698537673
3,2,5,NaN
4,1,5,0.8356407771585233
2,3,5,NaN
2,3,5,NaN
5,0,5,0.4046841702243187
4,1,5,0.8886935889394204
2,3,5,0.786623350458894
3,2,5,0.8733102078879845
2,3,5,NaN
5,0,5,0.31953493776184616
2,3,5,NaN
5,0,5,NaN
5,0,5,NaN
4,1,5,0.2180321792514569
4,1,5,0.786623350458894
3,2,5,0.24524244003177142
5,0,5,0.8120477488685461
2,3,5,0.27923371017636817
3,2,5,0.569149748895899
4,1,5,NaN
5,0,5,0.3149813444585866
4,1,5,0.08596717446393809
5,0,5,0.8451544942757592
4,1,5,0.7582540955828375
4,1,5,0.6914431924244484
2,3,5,0.5238679062670301
4,1,5,0.7582540955828375
4,1,5,NaN
3,2,5,0.6914431924244484
4,1,5,0.356225653747003
2,3,5,NaN
5,0,5,0.9030952226408369
3,2,5,0.927808813496808
3,2,5,0.8120477488685461
5,0,5,0.9490411065363702
5,0,5,0.7267509803124766
4,1,5,NaN
4,1,5,0.927808813496808
2,3,5,NaN
1,4,5,0.8553400459938837
5,0,5,0.6104096037191906
5,0,5,0.569149748895899
5,0,5,0.39064081951093954
5,0,5,0.6104096037191906
5,0,5,NaN
4,1,5,0.16806732870266622
5,0,5,NaN
2,3,5,0.9030952226408369
4,1,5,0.18268889243605613
3,2,5,0.07470550857760336
4,1,5,0.13685926584970762
4,1,5,0.43116983099757117
3,2,5,0.8553400459938837
4,1,5,0.19236277848876807
3,2,5,0.6505728275062779
5,0,5,NaN
2,3,5,0.8789158845033073
4,1,5,0.9388397790286686
5,0,5,0.7267509803124766
5,0,5,0.48347738958654707
5,0,5,0.07470550857760336
5,0,5,0.43116983099757117
2,3,5,0.47793771766761745
5,0,5,NaN
5,0,5,0.6914431924244484
4,1,5,NaN
2,3,5,NaN
2,3,5,NaN
3,2,5,NaN
3,2,5,0.19653079551217434
3,2,5,0.9811127762214269
2,3,5,0.14766029718238274
5,0,5,NaN
5,0,5,0.1298724704817915
4,1,5,0.19236277848876807
2,3,5,0.2180321792514569
4,1,5,0.9490411065363702
4,1,5,0.1298724704817915
5,0,5,0.8928748783332889
3,2,5,NaN
4,1,5,0.6104096037191906
4,1,5,0.600450870138093
4,1,5,NaN
4,1,5,NaN
4,1,5,NaN
4,1,5,0.43116983099757117
4,1,5,0.6505728275062779
4,1,5,0.6342896145255685
3,2,5,NaN
1,4,5,0.6104096037191906
3,2,5,NaN
5,0,5,0.6124850666781179
4,1,5,NaN
2,3,5,NaN
4,1,5,NaN
3,2,5,NaN
4,1,5,NaN
3,2,5,0.7754706369411236
1,4,5,NaN
4,1,5,0.8120477488685461
5,0,5,NaN
4,1,5,NaN
5,0,5,0.9030952226408369
4,1,5,NaN
4,1,5,NaN
3,2,5,0.47793771766761745
2,3,5,NaN
5,0,5,0.6104096037191906
3,2,5,NaN
4,1,5,0.8886935889394204
5,0,5,0.8733102078879845
1,4,5,0.19236277848876807
5,0,5,0.2593073589783814
4,1,5,0.8553400459938837
4,1,5,NaN
4,1,5,0.6104096037191906
3,2,5,0.06611573959509347
5,0,5,NaN
2,3,5,0.3488573784823576
3,2,5,NaN
3,2,5,NaN
4,1,5,0.47793771766761745
2,3,5,NaN
4,1,5,0.017425487034327797
3,2,5,NaN
5,0,5,NaN
3,2,5,0.0023640057379917057
3,2,5,0.6104096037191906
4,1,5,NaN
2,3,5,0.3149813444585866
3,2,5,NaN
3,2,5,0.35291544996872376
5,0,5,NaN
4,1,5,0.5238679062670301
5,0,5,NaN
4,1,5,NaN
3,2,5,0.2180321792514569
4,1,5,0.41042264186656446
2,3,5,0.6914431924244484
2,3,5,0.02015513364261931
5,0,5,0.3149813444585866
5,0,5,0.4129210572381568
3,2,5,NaN
2,3,5,0.003292552388002024
4,1,5,0.39064081951093954
4,1,5,NaN
3,2,5,NaN
5,0,5,0.33413314208354655
4,1,5,0.786623350458894
3,2,5,0.08634310854901082
5,0,5,0.47793771766761745
4,1,5,NaN
4,1,5,0.655823848610501
4,1,5,0.6505728275062779
3,2,5,NaN
3,2,5,NaN
4,1,5,NaN
2,3,5,0.9388397790286686
3,2,5,NaN
3,2,5,0.43116983099757117
5,0,5,0.1449807348020754
2,3,5,0.16991743917154892
2,3,5,0.9163216390929619
4,1,5,NaN
2,3,5,0.6914431924244484
3,2,5,0.8553400459938837
4,1,5,NaN
2,3,5,0.569149748895899
1,4,5,NaN
3,2,5,0.5932290821066095
4,1,5,0.1298724704817915
2,3,5,0.786623350458894
2,3,5,0.35291544996872376
5,0,5,NaN
3,2,5,0.9574264943593161
1,4,5,0.18268889243605613
4,1,5,NaN
2,3,5,0.39064081951093954
2,3,5,0.6505728275062779
2,3,5,0.0041098896001649995
2,3,5,NaN
1,4,5,0.6104096037191906
4,1,5,0.786623350458894
4,1,5,0.47793771766761745
4,1,5,NaN
5,0,5,0.7774891427160723
4,1,5,0.27923371017636817
4,1,5,0.508953933519552
4,1,5,NaN
2,3,5,0.9030952226408369
4,1,5,0.6104096037191906
3,2,5,0.8886935889394204
3,2,5,NaN
5,0,5,0.24460822501461685
5,0,5,0.015440156573497937
3,2,5,0.6104096037191906
4,1,5,0.786623350458894
3,2,5,NaN
5,0,5,0.6104096037191906
2,3,5,0.6104096037191906
2,3,5,0.927808813496808
5,0,5,0.7288736847526647
5,0,5,NaN
2,3,5,NaN
5,0,5,0.2180321792514569
4,1,5,0.569149748895899
1,4,5,0.8753250684073972
4,1,5,NaN
4,1,5,0.569149748895899
3,2,5,0.43116983099757117
1,4,5,0.8120477488685461
5,0,5,0.1298724704817915
3,2,5,0.927808813496808
3,2,5,0.786623350458894
4,1,5,0.0010068688311245528
4,1,5,NaN
3,2,5,NaN
5,0,5,0.1298724704817915
4,1,5,NaN
5,0,5,NaN
2,3,5,NaN
3,2,5,0.19236277848876807
5,0,5,NaN
2,3,5,0.994915131521405
2,3,5,0.9711836190363513
2,3,5,0.35291544996872376
5,0,5,0.786623350458894
4,1,5,0.00020076968540447187
5,0,5,NaN
3,2,5,0.8120477488685461
4,1,5,0.35848247465946637
5,0,5,0.6104096037191906
3,2,5,0.7582540955828375
4,1,5,0.06373980375872917
4,1,5,0.9894656266614458
2,3,5,0.8553400459938837
4,1,5,0.9068914554680145
5,0,5,NaN
3,2,5,0.24524244003177142
4,1,5,0.35291544996872376
5,0,5,NaN
4,1,5,7.759261266324726e-13
3,2,5,0.8553400459938837
3,2,5,0.9490411065363702
5,0,5,0.569149748895899
3,2,5,NaN
5,0,5,0.35064018308951
3,2,5,NaN
5,0,5,0.9574264943593161
3,2,5,0.927808813496808
4,1,5,0.24524244003177142
1,4,5,0.6289011470195491
4,1,5,0.9961520687047375
4,1,5,0.47175456934989174
3,2,5,0.9030952226408369
5,0,5,0.5238679062670301
5,0,5,0.3991804991956431
5,0,5,NaN
2,3,5,0.24524244003177142
4,1,5,NaN
4,1,5,NaN
3,2,5,0.47793771766761745
3,2,5,NaN
4,1,5,NaN
2,3,5,0.39064081951093954
3,2,5,NaN
2,3,5,0.1897264079208636
5,0,5,0.8746756894456885
4,1,5,NaN
3,2,5,0.47793771766761745
4,1,5,0.9574264943593161
4,1,5,0.786623350458894
3,2,5,NaN
5,0,5,NaN
4,1,5,NaN
5,0,5,NaN
3,2,5,NaN
5,0,5,0.05735097310840156
5,0,5,0.0262512281788443
3,2,5,0.12887147190692422
3,2,5,NaN
4,1,5,NaN
1,4,5,NaN
5,0,5,0.19236277848876807
2,3,5,NaN
4,1,5,NaN
4,1,5,0.08622811860676048
4,1,5,0.24524244003177142
5,0,5,NaN
3,2,5,NaN
4,1,5,NaN
3,2,5,NaN
3,2,5,0.1298724704817915
2,3,5,0.09943458759150654
3,2,5,0.11404401218842061
4,1,5,0.7267509803124766
3,2,5,0.8886935889394204
3,2,5,0.6914431924244484
4,1,5,0.27923371017636817
5,0,5,0.9574264943593161
1,4,5,0.8733102078879845
5,0,5,NaN
5,0,5,NaN
3,2,5,0.6914431924244484
3,2,5,NaN
5,0,5,0.024979424385777767
5,0,5,NaN
1,4,5,0.0026908597986054356
4,1,5,NaN
4,1,5,0.7210064247993613
2,3,5,0.031734142492054945
3,2,5,0.2100810803147979
3,2,5,0.8517372630840184
4,1,5,0.569149748895899
4,1,5,0.43116983099757117
5,0,5,NaN
2,3,5,0.5238679062670301
5,0,5,0.8733102078879845
3,2,5,0.6505728275062779
3,2,5,0.0009268874622959765
3,2,5,NaN
3,2,5,0.786623350458894
3,2,5,0.9794651516524246
4,1,5,NaN
3,2,5,NaN
3,2,5,NaN
3,2,5,NaN
5,0,5,0.11404401218842061
3,2,5,0.3149813444585866
3,2,5,0.2936076401667629
4,1,5,NaN
4,1,5,0.11404401218842061
4,1,5,NaN
3,2,5,0.06611573959509347
4,1,5,0.7166241521640168
5,0,5,NaN
3,2,5,NaN
5,0,5,NaN
5,0,5,NaN
4,1,5,0.7582540955828375
5,0,5,NaN
2,3,5,NaN
3,2,5,0.024979424385777767
5,0,5,NaN
3,2,5,0.16806732870266622
5,0,5,0.9388397790286686
5,0,5,NaN
5,0,5,0.47793771766761745
4,1,5,0.5238679062670301
4,1,5,NaN
4,1,5,0.04986375367705703
4,1,5,0.976413425292083
4,1,5,0.8886935889394204
4,1,5,0.7267509803124766
4,1,5,0.8356407771585233
4,1,5,NaN
5,0,5,0.16794371840175115
5,0,5,0.9960521401749916
3,2,5,NaN
5,0,5,0.8553400459938837
3,2,5,0.7762201877346611
5,0,5,NaN
2,3,5,NaN
3,2,5,NaN
1,4,5,NaN
5,0,5,0.6104096037191906
4,1,5,0.569149748895899
1,4,5,0.2473598434937979
5,0,5,NaN
5,0,5,0.786623350458894
4,1,5,NaN
4,1,5,NaN
4,1,5,0.11404401218842061
2,3,5,0.16806732870266622
5,0,5,NaN
3,2,5,0.6505728275062779
3,2,5,0.9030952226408369
4,1,5,0.35291544996872376
4,1,5,0.9012417934053495
4,1,5,NaN
4,1,5,NaN
5,0,5,0.9620481345878165
1,4,5,NaN
4,1,5,0.8886935889394204
3,2,5,0.6914431924244484
2,3,5,0.39064081951093954
2,3,5,NaN
3,2,5,NaN
3,2,5,0.786623350458894
5,0,5,0.8733102078879845
4,1,5,NaN
3,2,5,0.8733102078879845
5,0,5,0.09943458759150654
4,1,5,0.43116983099757117
2,3,5,0.9711836190363513
2,3,5,NaN
3,2,5,0.47793771766761745
3,2,5,0.9030952226408369
4,1,5,0.03794641341295346
3,2,5,0.0272511999430944
4,1,5,0.6505728275062779
4,1,5,0.2999767357273456
4,1,5,NaN
5,0,5,0.1298724704817915
5,0,5,0.7267509803124766
3,2,5,NaN
5,0,5,0.6505728275062779
4,1,5,0.06611573959509347
5,0,5,0.8886935889394204
5,0,5,NaN
3,2,5,NaN
1,4,5,NaN
5,0,5,NaN
5,0,5,0.39064081951093954
5,0,5,0.03876496707735809
3,2,5,NaN
3,2,5,0.04370689030141423
4,1,5,0.8886935889394204
3,2,5,NaN
3,2,5,NaN
2,3,5,NaN
3,2,5,0.9030952226408369
5,0,5,NaN
4,1,5,NaN
4,1,5,0.19236277848876807
1,4,5,0.8733102078879845
3,2,5,NaN
5,0,5,0.8024439537054752
4,1,5,0.5238679062670301
3,2,5,0.976413425292083
3,2,5,0.47793771766761745
2,3,5,0.7582540955828375
2,3,5,NaN
3,2,5,0.15641210033651057
3,2,5,0.9894656266614458
5,0,5,0.6914431924244484
5,0,5,0.06611573959509347
4,1,5,NaN
3,2,5,0.3149813444585866
1,4,5,NaN
3,2,5,0.43116983099757117
3,2,5,0.6104096037191906
3,2,5,NaN
4,1,5,0.35291544996872376
4,1,5,NaN
1,4,5,0.5238679062670301
3,2,5,0.35291544996872376
4,1,5,0.0494455745194533
5,0,5,0.03794641341295346
5,0,5,0.6104096037191906
5,0,5,NaN
3,2,5,0.8876928958714316
4,1,5,NaN
4,1,5,NaN
3,2,5,0.985133159599795
3,2,5,0.002149862829952926
3,2,5,NaN
1,4,5,NaN
3,2,5,NaN
4,1,5,NaN
2,3,5,0.9818881139156399
3,2,5,NaN
3,2,5,NaN
5,0,5,0.43116983099757117
1,4,5,NaN
4,1,5,0.5988966746409761
5,0,5,0.43116983099757117
4,1,5,0.16806732870266622
2,3,5,NaN
3,2,5,0.012184096237386859
4,1,5,0.12792785720171027
3,2,5,0.35291544996872376
5,0,5,0.13382947994582756
4,1,5,NaN
3,2,5,NaN
3,2,5,0.37663203097474707
4,1,5,NaN
3,2,5,0.27923371017636817
3,2,5,0.2180321792514569
4,1,5,0.3684614622232415
4,1,5,0.7582540955828375
5,0,5,0.976413425292083
3,2,5,0.6104096037191906
4,1,5,0.4615751167625696
4,1,5,0.07470550857760336
5,0,5,0.7762201877346611
4,1,5,0.8120477488685461
3,2,5,0.9852084744146637
5,0,5,0.24524244003177142
4,1,5,0.7582540955828375
2,3,5,0.569149748895899
3,2,5,NaN
1,4,5,NaN
3,2,5,NaN
1,4,5,0.9030952226408369
5,0,5,0.9711836190363513
3,2,5,0.8356407771585233
5,0,5,0.9490411065363702
4,1,5,NaN
4,1,5,0.9685940134524093
4,1,5,NaN
4,1,5,0.8356407771585233
4,1,5,0.786623350458894
3,2,5,NaN
4,1,5,NaN
4,1,5,0.35291544996872376
2,3,5,0.07470550857760336
5,0,5,NaN
4,1,5,NaN
4,1,5,0.7582540955828375
3,2,5,NaN
5,0,5,NaN
3,2,5,NaN
1,4,5,0.005812985542910942
4,1,5,0.569149748895899
4,1,5,NaN
3,2,5,0.9030952226408369
3,2,5,0.8356407771585233
5,0,5,NaN
4,1,5,0.5932290821066095
4,1,5,0.7883696248010116
2,3,5,0.7582540955828375
3,2,5,0.6296736787486885
4,1,5,0.11509704379511426
4,1,5,0.9030952226408369
5,0,5,NaN
1,4,5,0.569149748895899
2,3,5,NaN
2,3,5,0.1298724704817915
5,0,5,NaN
1,4,5,0.9030952226408369
5,0,5,0.16922731549821454
4,1,5,0.15680382674133259
2,3,5,0.2180321792514569
4,1,5,NaN
4,1,5,NaN
5,0,5,0.5238679062670301
3,2,5,NaN
4,1,5,0.39064081951093954
4,1,5,0.8553400459938837
2,3,5,NaN
5,0,5,0.03945359390865018
3,2,5,0.1416498128847232
4,1,5,0.8120477488685461
4,1,5,NaN
4,1,5,NaN
3,2,5,0.8356407771585233
4,1,5,NaN
3,2,5,0.4931703743417111
5,0,5,NaN
5,0,5,NaN
3,2,5,NaN
5,0,5,0.8120477488685461
4,1,5,0.9490411065363702
4,1,5,0.24924498471286638
4,1,5,0.3149813444585866
1,4,5,NaN
4,1,5,NaN
3,2,5,NaN
5,0,5,0.6165709600421269
2,3,5,NaN
1,4,5,0.7582540955828375
4,1,5,0.569149748895899
3,2,5,0.43116983099757117
5,0,5,0.6505728275062779
3,2,5,NaN
2,3,5,NaN
1,4,5,NaN
3,2,5,0.6914431924244484
1,4,5,NaN
5,0,5,0.8120477488685461
5,0,5,NaN
4,1,5,0.7582540955828375
5,0,5,0.47793771766761745
5,0,5,NaN
3,2,5,0.5001707668227029
3,2,5,0.7582540955828375
3,2,5,0.8047736462146573
3,2,5,NaN
3,2,5,NaN
5,0,5,NaN
4,1,5,0.976413425292083
2,3,5,0.786623350458894
2,3,5,0.0494455745194533
5,0,5,0.9030952226408369
4,1,5,0.14766029718238274
2,3,5,0.6505728275062779
4,1,5,NaN
1,4,5,0.41605758143981575
3,2,5,0.05735097310840156
3,2,5,NaN
5,0,5,0.43116983099757117
2,3,5,0.6181101058296996
2,3,5,NaN
5,0,5,0.6914431924244484
3,2,5,0.39064081951093954
3,2,5,0.14766029718238274
5,0,5,0.6104096037191906
5,0,5,0.6198672960142407
1,4,5,NaN
5,0,5,0.24524244003177142
1,4,5,0.6914431924244484
2,3,5,0.8553400459938837
4,1,5,0.11404401218842061
3,2,5,0.16232629322647835
4,1,5,NaN
3,2,5,NaN
3,2,5,NaN
4,1,5,0.8352821851426296
3,2,5,0.47793771766761745
3,2,5,0.43116983099757117
3,2,5,0.39064081951093954
3,2,5,0.034071779086208585
5,0,5,NaN
4,1,5,NaN
5,0,5,NaN
2,3,5,NaN
3,2,5,NaN
5,0,5,NaN
3,2,5,NaN
4,1,5,0.569149748895899
3,2,5,0.3014558260671088
4,1,5,0.9494471673386267
4,1,5,0.23894355904171577
4,1,5,0.9163216390929619
3,2,5,0.11404401218842061
2,3,5,0.24524244003177142
4,1,5,0.01579473713175917
4,1,5,0.8733102078879845
4,1,5,0.3761245419307974
3,2,5,NaN
3,2,5,0.7267509803124766
4,1,5,0.9649170932836378
2,3,5,0.7774098940934286
3,2,5,0.7267509803124766
5,0,5,NaN
2,3,5,0.6880751652472807
5,0,5,0.45980705164187363
5,0,5,0.24524244003177142
3,2,5,NaN
2,3,5,NaN
3,2,5,0.19236277848876807
1,4,5,0.47793771766761745
3,2,5,NaN
1,4,5,0.43116983099757117
5,0,5,0.35291544996872376
3,2,5,0.8815560790124995
5,0,5,NaN
4,1,5,NaN
3,2,5,0.8733102078879845
5,0,5,0.4120432192918853
1,4,5,0.19236277848876807
5,0,5,0.6505728275062779
4,1,5,0.6104096037191906
3,2,5,0.14766029718238274
5,0,5,0.14766029718238274
5,0,5,NaN
5,0,5,NaN
4,1,5,0.18193580930670458
3,2,5,0.24524244003177142
4,1,5,0.6914431924244484
3,2,5,NaN
3,2,5,NaN
2,3,5,NaN
3,2,5,0.5238679062670301
3,2,5,NaN
2,3,5,0.07794647087740116
5,0,5,0.8553400459938837
5,0,5,0.6104096037191906
3,2,5,0.5441384907588015
3,2,5,0.6505728275062779
2,3,5,NaN
5,0,5,0.786623350458894
2,3,5,0.028886075440067927
2,3,5,NaN
4,1,5,0.33326865980046866
3,2,5,0.8120477488685461
1,4,5,0.47793771766761745
4,1,5,0.6505728275062779
3,2,5,0.6505728275062779
5,0,5,0.569149748895899
3,2,5,0.3149813444585866
4,1,5,0.927808813496808
3,2,5,0.6896845478296425
3,2,5,0.3871581495179797
5,0,5,0.27923371017636817
4,1,5,0.569149748895899
5,0,5,0.8733102078879845
2,3,5,NaN
5,0,5,0.2180321792514569
4,1,5,0.8886935889394204
4,1,5,NaN
4,1,5,0.5238679062670301
1,4,5,NaN
5,0,5,0.16806732870266622
4,1,5,NaN
5,0,5,NaN
4,1,5,0.6104096037191906
5,0,5,NaN
4,1,5,0.8886935889394204
4,1,5,0.08596717446393809
4,1,5,0.5517248103782787
2,3,5,0.15954140900030148
4,1,5,NaN
3,2,5,0.8886935889394204
4,1,5,0.927808813496808
4,1,5,0.11404401218842061
3,2,5,0.39064081951093954
5,0,5,0.4285523599603249
4,1,5,NaN
5,0,5,0.9889673422062064
4,1,5,0.47793771766761745
5,0,5,NaN
2,3,5,0.35291544996872376
5,0,5,0.2180321792514569
4,1,5,0.8120477488685461
4,1,5,0.5997367624036737
2,3,5,0.927808813496808
4,1,5,NaN
4,1,5,0.9369541353486156
2,3,5,0.9984170862735525
4,1,5,0.0494455745194533
3,2,5,0.5238679062670301
3,2,5,0.27923371017636817
5,0,5,0.35291544996872376
3,2,5,0.6914431924244484
5,0,5,NaN
4,1,5,NaN
4,1,5,0.9649170932836378
5,0,5,NaN
3,2,5,NaN
3,2,5,NaN
2,3,5,0.6505728275062779
1,4,5,0.6196988209773128
3,2,5,NaN
2,3,5,0.47793771766761745
3,2,5,NaN
5,0,5,0.4000801055241669
4,1,5,NaN
1,4,5,0.8356407771585233
3,2,5,NaN
3,2,5,0.9032925157500761
2,3,5,0.1416498128847232
3,2,5,0.5238679062670301
1,4,5,NaN
3,2,5,0.2487387337807112
2,3,5,NaN
4,1,5,0.9822316699970077
5,0,5,0.045365566278769004
4,1,5,0.786623350458894
2,3,5,NaN
2,3,5,0.569149748895899
3,2,5,0.8862520881415454
4,1,5,NaN
4,1,5,0.1298724704817915
3,2,5,NaN
5,0,5,NaN
3,2,5,0.06373980375872917
4,1,5,NaN
2,3,5,NaN
2,3,5,NaN
3,2,5,0.47173561724614077
4,1,5,NaN
4,1,5,NaN
1,4,5,NaN
3,2,5,0.003398447014767764
3,2,5,0.22469693501949276
3,2,5,0.11404401218842061
3,2,5,0.00010496378329129926
2,3,5,0.9030952226408369
1,4,5,NaN
3,2,5,0.43116983099757117
4,1,5,NaN
3,2,5,NaN
3,2,5,0.6914431924244484
2,3,5,0.47793771766761745
3,2,5,NaN
1,4,5,NaN
4,1,5,0.39064081951093954
4,1,5,0.569149748895899
4,1,5,0.21921633489052605
3,2,5,0.19236277848876807
4,1,5,NaN
1,4,5,0.0494455745194533
4,1,5,0.19236277848876807
3,2,5,0.8811680344369395
4,1,5,NaN
4,1,5,0.786623350458894
4,1,5,0.8886935889394204
5,0,5,NaN
4,1,5,NaN
5,0,5,NaN
4,1,5,0.786623350458894
3,2,5,0.6914431924244484
4,1,5,0.47669007767124383
3,2,5,0.7582540955828375
3,2,5,0.37912774960537887
5,0,5,0.5816012542609746
3,2,5,0.9639730398918742
5,0,5,0.5238679062670301
1,4,5,NaN
1,4,5,0.7444764811943226
2,3,5,0.14766029718238274
3,2,5,0.9961520687047375
2,3,5,0.8733102078879845
4,1,5,0.19236277848876807
3,2,5,0.688691836979555
2,3,5,NaN
4,1,5,0.3149813444585866
4,1,5,0.9711836190363513
4,1,5,NaN
3,2,5,NaN
3,2,5,0.47793771766761745
5,0,5,0.0739986198755672
4,1,5,0.24524244003177142
2,3,5,0.6505728275062779
5,0,5,NaN
5,0,5,0.14766029718238274
4,1,5,0.1298724704817915
4,1,5,0.4522496688467786
5,0,5,0.6104096037191906
1,4,5,NaN
5,0,5,0.8553400459938837
4,1,5,0.569149748895899
1,4,5,0.39064081951093954
4,1,5,0.6104096037191906
5,0,5,NaN
4,1,5,0.6880751652472807
4,1,5,NaN
2,3,5,0.8553400459938837
2,3,5,NaN
3,2,5,0.976413425292083
5,0,5,NaN
4,1,5,0.9030952226408369
3,2,5,0.5238679062670301
5,0,5,0.11404401218842061
5,0,5,NaN
2,3,5,NaN
3,2,5,0.976413425292083
5,0,5,0.6914431924244484
2,3,5,NaN
2,3,5,0.02370113433407248
1,4,5,NaN
4,1,5,0.47793771766761745
3,2,5,NaN
1,4,5,0.01389863463638223
4,1,5,NaN
4,1,5,NaN
4,1,5,0.927808813496808
4,1,5,NaN
2,3,5,0.39064081951093954
3,2,5,0.6104096037191906
5,0,5,0.07470550857760336
5,0,5,NaN
4,1,5,NaN
2,3,5,0.8886935889394204
2,3,5,0.0494455745194533
5,0,5,NaN
4,1,5,0.5648882816339776
3,2,5,0.6914431924244484
5,0,5,NaN
2,3,5,0.6914431924244484
4,1,5,0.5238679062670301
4,1,5,NaN
2,3,5,NaN
4,1,5,0.1298724704817915
4,1,5,NaN
5,0,5,NaN
4,1,5,0.002962633203831984
3,2,5,0.10877385270737792
3,2,5,NaN
3,2,5,0.6689033359385416
3,2,5,0.35291544996872376
5,0,5,NaN
3,2,5,NaN
2,3,5,0.39064081951093954
5,0,5,0.44455820687200376
2,3,5,0.8120477488685461
5,0,5,NaN
3,2,5,0.9944136266474382
4,1,5,0.1298724704817915
3,2,5,0.27923371017636817
3,2,5,NaN
4,1,5,0.09943458759150654
3,2,5,0.27923371017636817
3,2,5,NaN
2,3,5,NaN
5,0,5,0.7718834732979032
5,0,5,0.6914431924244484
4,1,5,0.9163216390929619
4,1,5,0.40057686224618433
4,1,5,NaN
3,2,5,0.47699782718635464
4,1,5,0.47669007767124383
4,1,5,NaN
4,1,5,NaN
3,2,5,0.13906406781445516
1,4,5,0.6550908167434163
3,2,5,0.001290026908059383
3,2,5,0.14677387409399853
5,0,5,0.5041139558218918
5,0,5,0.2180321792514569
4,1,5,NaN
4,1,5,0.9388397790286686
2,3,5,0.24784592621311466
4,1,5,0.786623350458894
4,1,5,0.4994966444245364
3,2,5,0.10251553182142131
2,3,5,NaN
3,2,5,0.006996208912368631
5,0,5,NaN
2,3,5,0.927808813496808
1,4,5,NaN
2,3,5,0.7582540955828375
2,3,5,NaN
3,2,5,NaN
5,0,5,NaN
3,2,5,0.47793771766761745
1,4,5,NaN
4,1,5,0.569149748895899
1,4,5,0.35291544996872376
2,3,5,NaN
3,2,5,0.16806732870266622
5,0,5,NaN
5,0,5,NaN
5,0,5,0.5238679062670301
3,2,5,0.5614056147192097
4,1,5,NaN
3,2,5,NaN
2,3,5,0.5238679062670301
4,1,5,0.569149748895899
3,2,5,NaN
4,1,5,NaN
4,1,5,NaN
2,3,5,0.24524244003177142
3,2,5,NaN
5,0,5,NaN
5,0,5,NaN
4,1,5,0.8120477488685461
5,0,5,0.47793771766761745
4,1,5,0.6505728275062779
2,3,5,0.6914431924244484
4,1,5,NaN
2,3,5,0.09415298921146979
3,2,5,0.8733102078879845
2,3,5,NaN
2,3,5,NaN
3,2,5,0.0006028459869854185
2,3,5,NaN
3,2,5,NaN
5,0,5,NaN
5,0,5,0.09943458759150654
5,0,5,0.2829094761361467
3,2,5,NaN
4,1,5,0.27923371017636817
3,2,5,0.5225909076567413
1,4,5,0.6405995803458168
3,2,5,NaN
5,0,5,NaN
2,3,5,0.569149748895899
2,3,5,NaN
4,1,5,NaN
4,1,5,0.3149813444585866
4,1,5,0.47793771766761745
4,1,5,0.41781409793355745
2,3,5,0.39064081951093954
4,1,5,0.0494455745194533
2,3,5,NaN
2,3,5,0.6505728275062779
3,2,5,0.8733102078879845
3,2,5,0.6914431924244484
5,0,5,0.06373980375872917
4,1,5,NaN
2,3,5,NaN
5,0,5,0.43116983099757117
3,2,5,NaN
4,1,5,0.28737363455015386
5,0,5,0.002540737153810242
1,4,5,NaN
4,1,5,NaN
5,0,5,0.14766029718238274
3,2,5,0.42868942642179036
3,2,5,0.47793771766761745
3,2,5,0.6914431924244484
4,1,5,0.20362260861793707
2,3,5,0.8553400459938837
3,2,5,0.7267509803124766
2,3,5,0.11404401218842061
1,4,5,NaN
1,4,5,0.8356407771585233
2,3,5,0.011308780136261689
1,4,5,0.11404401218842061
1,4,5,0.028886075440067927
3,2,5,0.6505728275062779
5,0,5,NaN
2,3,5,NaN
3,2,5,0.7267509803124766
1,4,5,0.9030952226408369
3,2,5,0.8733102078879845
1,4,5,0.2180321792514569
4,1,5,0.6104096037191906
4,1,5,NaN
2,3,5,0.3128054681726522
5,0,5,0.35291544996872376
2,3,5,NaN
5,0,5,NaN
2,3,5,0.1298724704817915
4,1,5,0.39064081951093954
5,0,5,0.35291544996872376
2,3,5,NaN
3,2,5,0.39064081951093954
4,1,5,0.1298724704817915
2,3,5,0.11404401218842061
4,1,5,NaN
5,0,5,0.9857264206675347
4,1,5,0.6505728275062779
5,0,5,0.021960220642977778
2,3,5,NaN
3,2,5,0.39064081951093954
2,3,5,0.39064081951093954
1,4,5,0.007763513544020537
3,2,5,NaN
3,2,5,0.6104096037191906
4,1,5,NaN
2,3,5,NaN
3,2,5,NaN
4,1,5,NaN
1,4,5,NaN
5,0,5,NaN
5,0,5,NaN
4,1,5,0.8553400459938837
4,1,5,0.024979424385777767
2,3,5,NaN
3,2,5,NaN
3,2,5,0.3149813444585866
2,3,5,0.3499450179272783
1,4,5,0.6505728275062779
4,1,5,0.6104096037191906
2,3,5,NaN
3,2,5,0.9163216390929619
4,1,5,0.014530075456567225
3,2,5,0.5238679062670301
2,3,5,NaN
5,0,5,0.008126970210441814
3,2,5,0.8733102078879845
5,0,5,NaN
2,3,5,NaN
3,2,5,0.01880761644846058
3,2,5,0.8886935889394204
1,4,5,0.041851687467623834
3,2,5,0.008126970210441814
5,0,5,NaN
3,2,5,0.47793771766761745
4,1,5,5.802021640318061e-6
3,2,5,0.9811127762214269
2,3,5,NaN
3,2,5,0.9574264943593161
2,3,5,0.24524244003177142
5,0,5,NaN
2,3,5,NaN
3,2,5,0.8553400459938837
4,1,5,0.9163216390929619
4,1,5,0.8120477488685461
3,2,5,0.6798894030306788
3,2,5,0.927808813496808
5,0,5,0.3420481727026579
4,1,5,0.6914431924244484
1,4,5,NaN
3,2,5,0.9388397790286686
3,2,5,NaN
3,2,5,NaN
3,2,5,0.028886075440067927
4,1,5,0.8733102078879845
4,1,5,0.6104096037191906
5,0,5,0.7005821965184994
5,0,5,NaN
4,1,5,NaN
2,3,5,NaN
5,0,5,NaN
4,1,5,NaN
4,1,5,0.8886935889394204
1,4,5,0.07470550857760336
3,2,5,0.35291544996872376
1,4,5,0.6505728275062779
3,2,5,NaN
1,4,5,0.14766029718238274
4,1,5,0.43116983099757117
4,1,5,0.35291544996872376
3,2,5,0.9574264943593161
3,2,5,NaN
2,3,5,0.19393398639805892
3,2,5,0.8733102078879845
4,1,5,0.7444764811943226
3,2,5,0.43116983099757117
2,3,5,0.27923371017636817
4,1,5,NaN
5,0,5,0.47793771766761745
4,1,5,NaN
3,2,5,NaN
5,0,5,0.37143462295452095
3,2,5,0.6914431924244484
4,1,5,0.08596717446393809
4,1,5,0.9403044996116311
4,1,5,0.9490411065363702
5,0,5,0.47793771766761745
5,0,5,0.43116983099757117
2,3,5,0.7267509803124766
4,1,5,0.8120477488685461
3,2,5,0.0040994610194820735
4,1,5,0.8356407771585233
1,4,5,0.3149813444585866
2,3,5,0.9490411065363702
4,1,5,0.05735097310840156
2,3,5,0.8356407771585233
2,3,5,0.007401338825669462
5,0,5,0.5773058455873221
3,2,5,NaN
5,0,5,NaN
2,3,5,0.03115804787969391
4,1,5,NaN
5,0,5,NaN
4,1,5,NaN
3,2,5,0.8553400459938837
4,1,5,0.35291544996872376
4,1,5,0.06611573959509347
3,2,5,NaN
4,1,5,0.9857264206675347
3,2,5,NaN
5,0,5,0.8553400459938837
4,1,5,0.12773975537169022
2,3,5,0.16806732870266622
2,3,5,NaN
4,1,5,0.31980298833364845
2,3,5,0.20820334049076583
5,0,5,NaN
1,4,5,NaN
2,3,5,0.48284286108776076
4,1,5,NaN
4,1,5,NaN
5,0,5,NaN
2,3,5,NaN
5,0,5,0.43116983099757117
4,1,5,0.14766029718238274
4,1,5,0.07161744688923331
3,2,5,0.47793771766761745
2,3,5,0.49918214384274195
4,1,5,NaN
5,0,5,NaN
3,2,5,0.8706742169922651
3,2,5,0.7005119024026033
1,4,5,0.7616161931560907
4,1,5,NaN
4,1,5,0.6104096037191906
4,1,5,0.8733102078879845
3,2,5,NaN
3,2,5,0.8886935889394204
4,1,5,0.7912923686209575
3,2,5,0.14766029718238274
4,1,5,0.1298724704817915
4,1,5,NaN
3,2,5,NaN
3,2,5,NaN
5,0,5,0.39064081951093954
5,0,5,NaN
1,4,5,0.7267509803124766
3,2,5,NaN
3,2,5,NaN
2,3,5,0.6505728275062779
4,1,5,NaN
1,4,5,NaN
3,2,5,0.8068335743694346
4,1,5,0.0654288313455151
2,3,5,0.11404401218842061
4,1,5,NaN
2,3,5,0.8733102078879845
3,2,5,1.2767295445020479e-5
5,0,5,0.24524244003177142
2,3,5,NaN
3,2,5,0.569149748895899
2,3,5,NaN
4,1,5,0.569149748895899
4,1,5,0.6505728275062779
3,2,5,0.7267509803124766
4,1,5,NaN
3,2,5,NaN
2,3,5,0.6505728275062779
2,3,5,0.11404401218842061
4,1,5,0.7280943808812835
3,2,5,NaN
4,1,5,0.19718576911266722
3,2,5,0.7977863035417704
3,2,5,0.43116983099757117
2,3,5,0.8733102078879845
3,2,5,0.03136136685593508
3,2,5,0.6914431924244484
2,3,5,0.35291544996872376
2,3,5,0.003736962491151852
3,2,5,0.7582540955828375
3,2,5,0.8442143217132388
3,2,5,0.24524244003177142
3,2,5,NaN
2,3,5,0.3742435995723311
5,0,5,0.6505728275062779
4,1,5,0.9163216390929619
3,2,5,0.3742435995723311
3,2,5,NaN
3,2,5,0.6104096037191906
3,2,5,NaN
1,4,5,0.9894656266614458
4,1,5,0.08596717446393809
4,1,5,0.8553400459938837
4,1,5,0.0016997450757664932
3,2,5,0.786623350458894
5,0,5,NaN
5,0,5,0.569149748895899
3,2,5,NaN
3,2,5,0.010271050821149914
1,4,5,0.1298724704817915
4,1,5,0.7823686695400939
2,3,5,0.14766029718238274
1,4,5,0.47793771766761745
4,1,5,NaN
3,2,5,0.9217876908523208
4,1,5,0.569149748895899
3,2,5,NaN
2,3,5,0.38232088069286796
5,0,5,0.47793771766761745
4,1,5,NaN
2,3,5,NaN
3,2,5,0.8553400459938837
4,1,5,NaN
3,2,5,0.001501201570678399
5,0,5,0.9711836190363513
5,0,5,NaN
4,1,5,0.7137160212033369
5,0,5,0.5238679062670301
5,0,5,0.9055257584401837
5,0,5,NaN
3,2,5,0.11404401218842061
5,0,5,0.43116983099757117
1,4,5,NaN
5,0,5,NaN
5,0,5,NaN
2,3,5,NaN
4,1,5,NaN
5,0,5,NaN
3,2,5,0.6124850666781179
4,1,5,NaN
3,2,5,0.7323598335014817
4,1,5,NaN
2,3,5,NaN
1,4,5,0.3149813444585866
3,2,5,NaN
4,1,5,0.27923371017636817
2,3,5,0.8886935889394204
2,3,5,NaN
4,1,5,0.9163216390929619
4,1,5,0.6914431924244484
5,0,5,0.9761110027580587
2,3,5,NaN
3,2,5,0.9988886093398469
3,2,5,0.7582540955828375
5,0,5,0.9388397790286686
4,1,5,0.927808813496808
3,2,5,0.1298724704817915
1,4,5,NaN
5,0,5,NaN
1,4,5,0.8765265779384452
1,4,5,0.06611573959509347
3,2,5,0.569295776243204
2,3,5,NaN
1,4,5,NaN
2,3,5,0.569149748895899
4,1,5,0.16806732870266622
2,3,5,0.24524244003177142
5,0,5,0.569149748895899
2,3,5,NaN
2,3,5,0.7395154438501491
4,1,5,0.35291544996872376
5,0,5,0.37400156131655193
3,2,5,0.8517372630840184
4,1,5,NaN
3,2,5,NaN
5,0,5,NaN
3,2,5,0.9982027918868771
3,2,5,NaN
3,2,5,0.47793771766761745
3,2,5,0.47793771766761745
3,2,5,NaN
2,3,5,NaN
1,4,5,0.6104096037191906
1,4,5,0.5246239879575669
2,3,5,NaN
5,0,5,NaN
2,3,5,0.1722747973592747
3,2,5,0.8733102078879845
4,1,5,0.6914431924244484
2,3,5,0.02015513364261931
3,2,5,NaN
3,2,5,NaN
5,0,5,NaN
1,4,5,0.6104096037191906
3,2,5,0.7635139812160975
2,3,5,NaN
3,2,5,0.2825756595979886
1,4,5,0.6914431924244484
5,0,5,0.9490411065363702
2,3,5,NaN
4,1,5,0.028886075440067927
4,1,5,NaN
1,4,5,NaN
2,3,5,0.7582540955828375
4,1,5,0.06611573959509347
2,3,5,0.2180321792514569
3,2,5,0.9711836190363513
3,2,5,0.9574264943593161
3,2,5,0.90261601749015
5,0,5,NaN
2,3,5,0.786623350458894
5,0,5,NaN
4,1,5,0.2180321792514569
5,0,5,0.4224113138603762
4,1,5,0.6377208235057528
2,3,5,NaN
3,2,5,0.27923371017636817
3,2,5,NaN
4,1,5,NaN
4,1,5,NaN
4,1,5,0.8733102078879845
3,2,5,0.24524244003177142
5,0,5,NaN
2,3,5,0.15233618458437861
5,0,5,0.6505728275062779
4,1,5,0.04370689030141423
4,1,5,0.7959019558150374
3,2,5,0.28929474121582777
3,2,5,NaN
2,3,5,0.04126107184964673
3,2,5,NaN
4,1,5,NaN
2,3,5,0.7267509803124766
3,2,5,0.9574264943593161
3,2,5,0.09943458759150654
2,3,5,0.16806732870266622
3,2,5,0.6104096037191906
1,4,5,0.9030952226408369
4,1,5,0.5238679062670301
4,1,5,0.9194087477301285
3,2,5,0.11404401218842061
2,3,5,0.7761782027904507
5,0,5,0.5976530813458909
3,2,5,NaN
2,3,5,NaN
1,4,5,NaN
3,2,5,NaN
2,3,5,0.03317022976394289
3,2,5,0.7582540955828375
5,0,5,0.9030952226408369
4,1,5,NaN
5,0,5,NaN
4,1,5,0.9857264206675347
2,3,5,0.43116983099757117
5,0,5,NaN
1,4,5,0.09415298921146979
3,2,5,0.9574264943593161
2,3,5,0.11404401218842061
3,2,5,0.03794641341295346
5,0,5,0.9388397790286686
2,3,5,NaN
5,0,5,NaN
5,0,5,0.8120477488685461
4,1,5,0.9163216390929619
4,1,5,0.8553400459938837
2,3,5,0.6914431924244484
4,1,5,0.3149813444585866
3,2,5,NaN
4,1,5,NaN
4,1,5,NaN
3,2,5,0.028422459127673036
2,3,5,0.9030952226408369
4,1,5,NaN
1,4,5,0.3149813444585866
4,1,5,0.28307077970323524
3,2,5,NaN
4,1,5,NaN
3,2,5,0.04408554882784712
2,3,5,0.6914431924244484
4,1,5,NaN
3,2,5,NaN
2,3,5,0.6914431924244484
3,2,5,NaN
3,2,5,0.00979202041283011
4,1,5,0.5238679062670301
2,3,5,0.9711836190363513
3,2,5,0.7267509803124766
4,1,5,0.19236277848876807
3,2,5,0.9388397790286686
3,2,5,0.976413425292083
3,2,5,NaN
5,0,5,0.49910991085371204
1,4,5,NaN
5,0,5,0.9170333570526914
1,4,5,NaN
4,1,5,0.03317022976394289
3,2,5,NaN
5,0,5,0.14766029718238274
3,2,5,0.33413314208354655
2,3,5,0.47793771766761745
3,2,5,0.27923371017636817
5,0,5,NaN
1,4,5,NaN
4,1,5,NaN
2,3,5,NaN
3,2,5,NaN
2,3,5,0.7582540955828375
2,3,5,0.8229071219709164
4,1,5,0.0494455745194533
3,2,5,0.41781409793355745
3,2,5,NaN
2,3,5,0.7267509803124766
2,3,5,0.569149748895899
3,2,5,0.8120477488685461
3,2,5,0.43116983099757117
2,3,5,NaN
4,1,5,0.0792972786957223
1,4,5,NaN
4,1,5,0.43116983099757117
2,3,5,0.3149813444585866
4,1,5,0.6505728275062779
5,0,5,0.7582540955828375
3,2,5,NaN
3,2,5,0.47793771766761745
4,1,5,1.1559850993015243e-6
3,2,5,0.6505728275062779
2,3,5,0.47793771766761745
2,3,5,0.08596717446393809
2,3,5,0.07470550857760336
3,2,5,0.7582540955828375
4,1,5,NaN
4,1,5,0.5913636389785709
1,4,5,0.9163216390929619
3,2,5,0.786623350458894
4,1,5,NaN
3,2,5,0.27923371017636817
1,4,5,NaN
5,0,5,0.66015175560236
2,3,5,0.8733102078879845
1,4,5,NaN
5,0,5,0.43116983099757117
5,0,5,0.8886935889394204
5,0,5,0.569149748895899
2,3,5,NaN
2,3,5,0.19236277848876807
1,4,5,NaN
3,2,5,0.0071420682232409315
4,1,5,0.8135122998034316
2,3,5,0.569149748895899
2,3,5,NaN
1,4,5,0.921881291872341
3,2,5,0.0016997450757664932
4,1,5,NaN
1,4,5,0.6505728275062779
2,3,5,0.47793771766761745
3,2,5,0.9574264943593161
5,0,5,NaN
4,1,5,NaN
4,1,5,0.14766029718238274
3,2,5,NaN
2,3,5,0.8356407771585233
3,2,5,0.9824825484506837
4,1,5,0.5238679062670301
2,3,5,0.6914431924244484
1,4,5,0.8356407771585233
5,0,5,NaN
3,2,5,NaN
3,2,5,0.9163216390929619
3,2,5,0.4481374155569548
3,2,5,0.14766029718238274
4,1,5,NaN
1,4,5,0.8553400459938837
4,1,5,0.7237030627829396
5,0,5,0.01579473713175917
2,3,5,0.1428507955609769
4,1,5,0.6505728275062779
3,2,5,0.020724908504337565
3,2,5,0.028886075440067927
3,2,5,NaN
5,0,5,NaN
5,0,5,NaN
4,1,5,NaN
4,1,5,0.8553400459938837
4,1,5,0.07470550857760336
1,4,5,0.13906406781445516
3,2,5,0.47793771766761745
3,2,5,0.1298724704817915
5,0,5,NaN
2,3,5,NaN
5,0,5,0.42955423208910193
4,1,5,NaN
4,1,5,NaN
5,0,5,0.6505728275062779
4,1,5,NaN
2,3,5,0.43116983099757117
3,2,5,NaN
5,0,5,NaN
3,2,5,NaN
4,1,5,0.43116983099757117
1,4,5,0.39064081951093954
3,2,5,NaN
2,3,5,NaN
5,0,5,0.5614056147192097
4,1,5,0.12173051621346478
3,2,5,NaN
5,0,5,0.1298724704817915
2,3,5,0.8733102078879845
5,0,5,0.4862191468642977
5,0,5,NaN
5,0,5,NaN
4,1,5,0.8356407771585233
2,3,5,NaN
2,3,5,0.4000801055241669
3,2,5,0.6505728275062779
3,2,5,0.0428628007000034
2,3,5,0.9857264206675347
3,2,5,0.01880761644846058
2,3,5,0.39064081951093954
3,2,5,0.3742435995723311
3,2,5,0.1338420210667661
1,4,5,NaN
2,3,5,0.21801828562993525
4,1,5,NaN
2,3,5,NaN
2,3,5,0.24524244003177142
4,1,5,NaN
1,4,5,NaN
3,2,5,NaN
2,3,5,NaN
3,2,5,0.3149813444585866
4,1,5,NaN
2,3,5,0.786623350458894
4,1,5,0.8553400459938837
2,3,5,0.6104096037191906
3,2,5,0.9944136266474382
3,2,5,0.5238679062670301
2,3,5,2.5350272554235704e-10
2,3,5,NaN
3,2,5,NaN
2,3,5,NaN
2,3,5,0.43116983099757117
3,2,5,0.8095037901662552
3,2,5,0.6104096037191906
2,3,5,0.2757171845877721
4,1,5,0.08596717446393809
4,1,5,0.7883197045776431
1,4,5,NaN
4,1,5,0.580476664706154
3,2,5,NaN
1,4,5,NaN
2,3,5,0.8120477488685461
3,2,5,0.7556978411434596
3,2,5,NaN
2,3,5,NaN
4,1,5,0.569149748895899
1,4,5,NaN
5,0,5,0.8120477488685461
4,1,5,0.927808813496808
2,3,5,0.9163216390929619
1,4,5,0.9163216390929619
3,2,5,0.786623350458894
3,2,5,NaN
5,0,5,0.7267509803124766
4,1,5,NaN
4,1,5,0.1298724704817915
4,1,5,0.5988966746409761
4,1,5,0.927808813496808
3,2,5,0.47793771766761745
3,2,5,0.23967195993390902
5,0,5,0.35291544996872376
3,2,5,0.03794641341295346
4,1,5,NaN
4,1,5,0.7267509803124766
2,3,5,0.43116983099757117
3,2,5,0.09943458759150654
5,0,5,NaN
2,3,5,0.8953841840106833
4,1,5,0.39064081951093954
1,4,5,0.6104096037191906
1,4,5,0.0494455745194533
2,3,5,0.6505728275062779
3,2,5,0.8733102078879845
2,3,5,0.927808813496808
2,3,5,0.07144301127571027
1,4,5,0.4991160421078876
2,3,5,0.6104096037191906
4,1,5,0.1298724704817915
2,3,5,NaN
2,3,5,NaN
4,1,5,NaN
4,1,5,0.3149813444585866
4,1,5,NaN
3,2,5,0.7582540955828375
3,2,5,0.5238679062670301
4,1,5,0.9894656266614458
3,2,5,0.0007850823292231978
3,2,5,0.8926735212774597
3,2,5,0.27923371017636817
5,0,5,NaN
5,0,5,0.03317022976394289
1,4,5,0.43116983099757117
1,4,5,0.6505728275062779
5,0,5,0.786623350458894
1,4,5,NaN
4,1,5,0.5270205331995395
4,1,5,0.08596717446393809
5,0,5,0.9649170932836378
5,0,5,0.47793771766761745
3,2,5,0.927808813496808
3,2,5,0.16806732870266622
4,1,5,0.6914431924244484
3,2,5,0.8733102078879845
2,3,5,0.8120477488685461
4,1,5,NaN
4,1,5,NaN
1,4,5,0.11404401218842061
2,3,5,NaN
4,1,5,0.02046232655892919
2,3,5,NaN
2,3,5,0.5246239879575669
3,2,5,0.47699782718635464
5,0,5,0.8356407771585233
2,3,5,NaN
2,3,5,NaN
2,3,5,0.6505728275062779
4,1,5,0.028886075440067927
5,0,5,NaN
2,3,5,NaN
4,1,5,NaN
3,2,5,0.18058426507453035
2,3,5,0.1298724704817915
4,1,5,0.5238679062670301
1,4,5,0.7267509803124766
2,3,5,0.35291544996872376
3,2,5,0.5859398367146251
5,0,5,NaN
4,1,5,0.569149748895899
4,1,5,0.8733102078879845
3,2,5,0.6505728275062779
5,0,5,0.569149748895899
1,4,5,0.47793771766761745
2,3,5,0.09943458759150654
3,2,5,0.927808813496808
3,2,5,0.9030952226408369
3,2,5,NaN
1,4,5,0.09943458759150654
3,2,5,0.12387650542482291
2,3,5,NaN
2,3,5,0.6104096037191906
2,3,5,NaN
4,1,5,NaN
1,4,5,0.07470550857760336
3,2,5,0.11381003185166245
5,0,5,0.7267509803124766
1,4,5,NaN
3,2,5,0.6914431924244484
2,3,5,0.6505728275062779
4,1,5,0.786623350458894
5,0,5,NaN
2,3,5,NaN
5,0,5,0.6914431924244484
4,1,5,0.03317022976394289
3,2,5,0.27923371017636817
5,0,5,0.43116983099757117
1,4,5,0.9030952226408369
3,2,5,NaN
3,2,5,NaN
3,2,5,0.7267509803124766
2,3,5,NaN
3,2,5,0.6914431924244484
4,1,5,0.24524244003177142
3,2,5,NaN
3,2,5,0.6914431924244484
2,3,5,NaN
2,3,5,0.569149748895899
4,1,5,NaN
5,0,5,0.8120477488685461
2,3,5,0.6914431924244484
3,2,5,0.03317022976394289
2,3,5,0.41070022009127366
3,2,5,0.6914431924244484
3,2,5,NaN
4,1,5,NaN
2,3,5,0.976413425292083
4,1,5,0.9923256991209348
2,3,5,0.19236277848876807
4,1,5,0.5514079975878313
2,3,5,0.07645978622100104
2,3,5,NaN
5,0,5,NaN
2,3,5,NaN
3,2,5,0.27923371017636817
3,2,5,0.8866035662539163
5,0,5,0.6104096037191906
2,3,5,0.8733102078879845
2,3,5,0.569149748895899
2,3,5,0.6277385253821351
3,2,5,0.8553400459938837
2,3,5,NaN
4,1,5,0.14766029718238274
4,1,5,0.9030952226408369
2,3,5,0.6914431924244484
3,2,5,0.6505728275062779
4,1,5,0.7267509803124766
3,2,5,0.28307077970323524
3,2,5,0.7267509803124766
1,4,5,0.47793771766761745
5,0,5,NaN
5,0,5,0.0194294699670672
3,2,5,NaN
5,0,5,0.5238679062670301
4,1,5,0.8553400459938837
4,1,5,NaN
4,1,5,0.42501482670463225
4,1,5,0.4095164378308192
4,1,5,NaN
2,3,5,NaN
5,0,5,0.3149813444585866
2,3,5,NaN
4,1,5,0.9388397790286686
3,2,5,0.27923371017636817
4,1,5,0.569149748895899
3,2,5,NaN
1,4,5,NaN
4,1,5,NaN
3,2,5,NaN
3,2,5,NaN
1,4,5,NaN
1,4,5,0.8356407771585233
3,2,5,0.7267509803124766
4,1,5,NaN
4,1,5,0.9548963680492144
5,0,5,NaN
5,0,5,0.24524244003177142
5,0,5,NaN
1,4,5,NaN
2,3,5,0.05735097310840156
4,1,5,0.08596717446393809
3,2,5,0.14401971515179923
1,4,5,NaN
4,1,5,0.35291544996872376
3,2,5,0.8356407771585233
3,2,5,NaN
3,2,5,NaN
3,2,5,0.7267509803124766
4,1,5,NaN
5,0,5,NaN
2,3,5,NaN
2,3,5,0.47793771766761745
4,1,5,NaN
4,1,5,0.9761030188990792
1,4,5,0.12254902054606506
3,2,5,0.9975663265144364
5,0,5,0.47793771766761745
1,4,5,0.927808813496808
4,1,5,NaN
2,3,5,NaN
5,0,5,0.04006111153961159
3,2,5,NaN
3,2,5,0.04370689030141423
3,2,5,0.3149813444585866
4,1,5,NaN
5,0,5,NaN
3,2,5,0.47793771766761745
2,3,5,NaN
4,1,5,NaN
5,0,5,0.9388397790286686
4,1,5,0.569149748895899
2,3,5,0.5238679062670301
4,1,5,0.5723478033865719
2,3,5,NaN
2,3,5,0.27923371017636817
3,2,5,0.24524244003177142
3,2,5,NaN
2,3,5,NaN
5,0,5,NaN
3,2,5,0.7223069751229689
4,1,5,0.11404401218842061
1,4,5,0.6914431924244484
2,3,5,0.5238679062670301
4,1,5,0.7693339901414781
2,3,5,0.9163216390929619
3,2,5,0.022724779966081878
3,2,5,0.11404401218842061
3,2,5,0.47793771766761745
2,3,5,NaN
4,1,5,0.6505728275062779
3,2,5,NaN
4,1,5,0.008251811335006682
2,3,5,0.39064081951093954
2,3,5,0.9030952226408369
2,3,5,NaN
2,3,5,0.16806732870266622
4,1,5,0.7988985084615036
4,1,5,NaN
4,1,5,NaN
5,0,5,0.8356407771585233
5,0,5,0.7267509803124766
2,3,5,NaN
2,3,5,NaN
4,1,5,0.9711836190363513
3,2,5,NaN
1,4,5,NaN
2,3,5,0.52421397931187
2,3,5,0.22402414099346415
5,0,5,NaN
3,2,5,0.4000801055241669
4,1,5,0.9574264943593161
1,4,5,0.8720060212102919
2,3,5,0.786623350458894
4,1,5,NaN
1,4,5,0.6104096037191906
4,1,5,0.03794641341295346
1,4,5,NaN
5,0,5,0.8733102078879845
1,4,5,0.6505728275062779
5,0,5,0.786623350458894
5,0,5,NaN
4,1,5,0.6505728275062779
4,1,5,0.39064081951093954
2,3,5,0.8356407771585233
2,3,5,NaN
2,3,5,NaN
1,4,5,0.47793771766761745
3,2,5,0.3784856861059211
4,1,5,0.8120477488685461
3,2,5,0.5238679062670301
3,2,5,0.15641210033651057
2,3,5,0.8356407771585233
2,3,5,0.2180321792514569
2,3,5,NaN
2,3,5,NaN
4,1,5,0.016314898271010056
5,0,5,0.05735097310840156
1,4,5,NaN
1,4,5,6.06209527255984e-5
5,0,5,0.35291544996872376
5,0,5,0.43116983099757117
2,3,5,NaN
3,2,5,NaN
5,0,5,NaN
2,3,5,NaN
1,4,5,NaN
3,2,5,NaN
5,0,5,NaN
3,2,5,0.9984170862735525
3,2,5,NaN
5,0,5,0.27923371017636817
2,3,5,NaN
2,3,5,NaN
4,1,5,NaN
2,3,5,0.24524244003177142
3,2,5,0.16806732870266622
4,1,5,0.7267509803124766
4,1,5,NaN
1,4,5,0.8553400459938837
3,2,5,0.8733102078879845
4,1,5,NaN
4,1,5,NaN
2,3,5,0.9115847525002773
1,4,5,0.8057372331500027
3,2,5,NaN
3,2,5,NaN
3,2,5,NaN
2,3,5,0.47793771766761745
4,1,5,NaN
1,4,5,NaN
3,2,5,NaN
2,3,5,0.057001573045734374
2,3,5,NaN
2,3,5,0.04484680792536015
2,3,5,0.35291544996872376
1,4,5,0.8356407771585233
1,4,5,0.976413425292083
2,3,5,0.0630039028500216
1,4,5,NaN
3,2,5,0.3149813444585866
1,4,5,NaN
5,0,5,0.8553400459938837
3,2,5,NaN
1,4,5,0.43116983099757117
1,4,5,0.7582540955828375
2,3,5,0.27923371017636817
2,3,5,0.9662848430678245
1,4,5,NaN
2,3,5,0.21867556790285456
4,1,5,0.47793771766761745
2,3,5,NaN
2,3,5,NaN
2,3,5,0.07470550857760336
5,0,5,0.8120477488685461
4,1,5,0.8886935889394204
3,2,5,0.032623869315491646
3,2,5,0.6505728275062779
1,4,5,NaN
3,2,5,0.6914431924244484
1,4,5,0.39064081951093954
4,1,5,NaN
4,1,5,NaN
5,0,5,0.9647176847332639
3,2,5,NaN
5,0,5,NaN
1,4,5,NaN
4,1,5,0.6505728275062779
2,3,5,0.39064081951093954
2,3,5,0.7267509803124766
2,3,5,NaN
2,3,5,NaN
2,3,5,NaN
4,1,5,NaN
1,4,5,0.6505728275062779
3,2,5,0.6914431924244484
2,3,5,NaN
3,2,5,0.0069761914769390105
3,2,5,0.6104096037191906
3,2,5,NaN
3,2,5,0.7267509803124766
3,2,5,0.2689829743483109
4,1,5,NaN
4,1,5,0.3149813444585866
4,1,5,NaN
3,2,5,NaN
2,3,5,0.7582540955828375
2,3,5,NaN
2,3,5,NaN
4,1,5,0.927808813496808
1,4,5,NaN
3,2,5,0.28953637817626154
1,4,5,0.011532985534739066
3,2,5,0.546655313055785
2,3,5,0.5933518439909273
4,1,5,0.27923371017636817
1,4,5,NaN
3,2,5,0.35291544996872376
4,1,5,0.8733102078879845
4,1,5,NaN
3,2,5,0.8886935889394204
4,1,5,0.1298724704817915
3,2,5,0.569149748895899
4,1,5,0.8886935889394204
4,1,5,0.47793771766761745
3,2,5,0.24524244003177142
3,2,5,0.39064081951093954
4,1,5,NaN
2,3,5,0.0008808530291195588
2,3,5,0.16806732870266622
3,2,5,0.9574264943593161
3,2,5,0.010664432827338519
3,2,5,NaN
4,1,5,0.8356407771585233
5,0,5,0.6104096037191906
2,3,5,NaN
4,1,5,0.8120477488685461
2,3,5,NaN
1,4,5,NaN
1,4,5,0.6293617793053654
1,4,5,0.569149748895899
1,4,5,NaN
3,2,5,0.1200079059284548
5,0,5,0.43116983099757117
2,3,5,0.5238679062670301
4,1,5,NaN
4,1,5,NaN
3,2,5,0.1289522269790458
4,1,5,0.8442143217132388
3,2,5,0.6505728275062779
2,3,5,NaN
3,2,5,0.39064081951093954
5,0,5,0.018728619767883044
3,2,5,NaN
5,0,5,0.7267509803124766
2,3,5,0.0494455745194533
1,4,5,NaN
1,4,5,0.27923371017636817
2,3,5,0.21468555033930584
2,3,5,NaN
3,2,5,0.3331425028302695
3,2,5,0.4774865058051427
5,0,5,NaN
5,0,5,0.9711836190363513
5,0,5,0.9388397790286686
5,0,5,NaN
3,2,5,NaN
3,2,5,NaN
3,2,5,NaN
4,1,5,0.39064081951093954
4,1,5,0.9811127762214269
2,3,5,NaN
4,1,5,0.6104096037191906
5,0,5,NaN
1,4,5,0.27923371017636817
3,2,5,NaN
4,1,5,0.8356407771585233
1,4,5,0.98360398711795
2,3,5,NaN
3,2,5,0.6914431924244484
4,1,5,0.8886935889394204
2,3,5,0.786623350458894
1,4,5,0.17141253123462613
3,2,5,NaN
4,1,5,0.569149748895899
5,0,5,0.8120477488685461
4,1,5,NaN
3,2,5,NaN
1,4,5,0.08596717446393809
5,0,5,NaN
3,2,5,0.4994966444245364
3,2,5,0.6505728275062779
2,3,5,0.8733102078879845
3,2,5,NaN
4,1,5,0.7267509803124766
1,4,5,NaN
4,1,5,0.35291544996872376
2,3,5,0.11404401218842061
4,1,5,0.786623350458894
3,2,5,NaN
1,4,5,0.09943458759150654
2,3,5,0.036259159138170606
3,2,5,0.9030952226408369
2,3,5,0.35291544996872376
2,3,5,0.8275909927088239
2,3,5,NaN
3,2,5,NaN
1,4,5,NaN
2,3,5,NaN
3,2,5,NaN
4,1,5,0.8356407771585233
2,3,5,0.07461745656210227
4,1,5,0.47793771766761745
4,1,5,0.11404401218842061
3,2,5,0.0026908597986054356
1,4,5,NaN
4,1,5,0.6944809040791058
1,4,5,0.5238679062670301
4,1,5,NaN
4,1,5,0.16806732870266622
4,1,5,0.6914431924244484
3,2,5,0.08596717446393809
5,0,5,0.08622811860676048
3,2,5,0.9273490072283265
3,2,5,0.6505728275062779
3,2,5,0.08596717446393809
2,3,5,0.27923371017636817
1,4,5,NaN
1,4,5,0.05027848355774194
1,4,5,0.8815560790124995
1,4,5,NaN
4,1,5,0.8733102078879845
2,3,5,NaN
2,3,5,0.9163216390929619
4,1,5,0.3991804991956431
2,3,5,0.6051815182615797
3,2,5,0.6104096037191906
2,3,5,0.2389566253162466
2,3,5,0.3149813444585866
2,3,5,0.16806732870266622
1,4,5,NaN
3,2,5,0.976413425292083
2,3,5,0.9388397790286686
4,1,5,NaN
3,2,5,0.43116983099757117
3,2,5,0.4152501342505789
3,2,5,0.6914431924244484
2,3,5,NaN
2,3,5,0.09943458759150654
4,1,5,NaN
4,1,5,0.23233690630179868
4,1,5,NaN
3,2,5,0.569149748895899
2,3,5,0.7582540955828375
3,2,5,NaN
1,4,5,0.016314898271010056
2,3,5,0.9483409664504113
2,3,5,NaN
3,2,5,NaN
2,3,5,0.6505728275062779
2,3,5,0.016314898271010056
4,1,5,NaN
2,3,5,0.6104096037191906
3,2,5,0.786623350458894
2,3,5,NaN
2,3,5,0.9490411065363702
1,4,5,0.8120477488685461
2,3,5,0.7267509803124766
5,0,5,0.9030952226408369
5,0,5,0.569149748895899
2,3,5,0.8733102078879845
4,1,5,0.976413425292083
2,3,5,0.10251553182142131
3,2,5,0.18027862260923705
5,0,5,NaN
1,4,5,0.7582540955828375
1,4,5,0.927808813496808
5,0,5,0.7267509803124766
5,0,5,0.8553400459938837
3,2,5,NaN
2,3,5,NaN
2,3,5,0.1298724704817915
1,4,5,NaN
4,1,5,NaN
4,1,5,0.9645977848212985
3,2,5,0.16002315298293593
3,2,5,0.569149748895899
1,4,5,NaN
2,3,5,0.7582540955828375
3,2,5,0.19236277848876807
2,3,5,0.13409334942250706
4,1,5,0.24524244003177142
3,2,5,0.05735097310840156
2,3,5,0.8733102078879845
4,1,5,0.9892795871931969
4,1,5,0.7267509803124766
1,4,5,0.786623350458894
1,4,5,NaN
4,1,5,0.35291544996872376
2,3,5,0.14766029718238274
5,0,5,NaN
2,3,5,0.8135122998034316
2,3,5,0.04370689030141423
2,3,5,0.06611573959509347
2,3,5,NaN
2,3,5,0.09943458759150654
1,4,5,NaN
2,3,5,NaN
1,4,5,0.05125937230970995
2,3,5,0.013246614512978715
3,2,5,NaN
2,3,5,0.6944809040791058
2,3,5,0.6505728275062779
1,4,5,0.9355006806033188
4,1,5,NaN
2,3,5,NaN
3,2,5,0.43116983099757117
2,3,5,0.8886935889394204
2,3,5,0.15405444011599104
1,4,5,0.11757439762782299
4,1,5,0.24924498471286638
3,2,5,0.05224308276272827
5,0,5,NaN
2,3,5,0.5238679062670301
2,3,5,NaN
3,2,5,0.3149813444585866
3,2,5,NaN
4,1,5,0.7267509803124766
2,3,5,NaN
4,1,5,0.47793771766761745
3,2,5,NaN
4,1,5,0.8120477488685461
3,2,5,NaN
2,3,5,NaN
2,3,5,0.8886935889394204
2,3,5,0.04370689030141423
3,2,5,0.02272987638976439
2,3,5,NaN
4,1,5,0.6914431924244484
1,4,5,NaN
4,1,5,0.046072335968895095
4,1,5,NaN
1,4,5,NaN
2,3,5,NaN
1,4,5,0.35291544996872376
4,1,5,0.8356407771585233
2,3,5,NaN
1,4,5,0.8442143217132388
2,3,5,0.6505728275062779
3,2,5,0.14766029718238274
2,3,5,0.27923371017636817
2,3,5,NaN
2,3,5,0.0494455745194533
1,4,5,0.5238679062670301
4,1,5,0.49974308594955635
2,3,5,NaN
1,4,5,0.47793771766761745
5,0,5,0.569149748895899
3,2,5,0.03093656572143049
1,4,5,0.07159045158556479
2,3,5,NaN
3,2,5,0.7267509803124766
4,1,5,0.35291544996872376
1,4,5,0.7267509803124766
3,2,5,NaN
1,4,5,0.024812921885943286
2,3,5,0.8733102078879845
3,2,5,0.6914431924244484
1,4,5,NaN
1,4,5,0.8356407771585233
2,3,5,0.6505728275062779
2,3,5,0.47793771766761745
2,3,5,NaN
2,3,5,NaN
1,4,5,NaN
2,3,5,NaN
1,4,5,0.6833758768314452
2,3,5,0.002940271476161044
2,3,5,0.7582540955828375
1,4,5,NaN
2,3,5,0.023636278789770686
1,4,5,0.569149748895899
2,3,5,0.9100596738904295
2,3,5,NaN
2,3,5,0.786623350458894
3,2,5,0.8886935889394204
5,0,5,NaN
1,4,5,0.9163216390929619
2,3,5,0.16806732870266622
1,4,5,0.5238679062670301
2,3,5,NaN
2,3,5,0.47793771766761745
2,3,5,0.5238679062670301
2,3,5,NaN
5,0,5,0.13906406781445516
4,1,5,0.9030952226408369
1,4,5,NaN
2,3,5,NaN
2,3,5,0.09943458759150654
1,4,5,NaN
2,3,5,0.19236277848876807
1,4,5,NaN
3,2,5,NaN
5,0,5,0.8356407771585233
3,2,5,0.05735097310840156
2,3,5,NaN
5,0,5,0.8120477488685461
2,3,5,0.5238679062670301
2,3,5,0.32345974344103906
1,4,5,0.786623350458894
3,2,5,0.8886935889394204
3,2,5,NaN
1,4,5,NaN
3,2,5,0.9656192292054144
3,2,5,NaN
2,3,5,0.927808813496808
1,4,5,0.6944809040791058
4,1,5,0.5300029968808856
4,1,5,NaN
2,3,5,0.9163216390929619
2,3,5,0.6914431924244484
3,2,5,0.786623350458894
2,3,5,0.0025240485899969208
5,0,5,0.8305914421970574
2,3,5,0.2838355662784277
1,4,5,NaN
2,3,5,0.6104096037191906
1,4,5,NaN
2,3,5,NaN
2,3,5,NaN
4,1,5,NaN
1,4,5,0.0026908597986054356
3,2,5,0.3149813444585866
3,2,5,0.06236474996179402
3,2,5,NaN
2,3,5,0.11404401218842061
4,1,5,NaN
1,4,5,NaN
2,3,5,0.8544693965999884
1,4,5,NaN
1,4,5,NaN
5,0,5,0.5567740199748449
1,4,5,0.9894656266614458
1,4,5,0.021960220642977778
1,4,5,NaN
1,4,5,NaN
3,2,5,0.29150741749705483
3,2,5,0.6104096037191906
1,4,5,NaN
3,2,5,0.927808813496808
2,3,5,0.36572093238079634
2,3,5,NaN
4,1,5,NaN
1,4,5,0.991862058283015
5,0,5,0.6505728275062779
1,4,5,0.08863168072979613
2,3,5,0.786623350458894
1,4,5,0.1449807348020754
2,3,5,0.8356407771585233
1,4,5,0.35291544996872376
1,4,5,0.8952603189304542
1,4,5,0.7582540955828375
1,4,5,NaN
1,4,5,NaN
1,4,5,0.3149813444585866
3,2,5,0.39064081951093954
2,3,5,NaN
1,4,5,0.9030952226408369
2,3,5,NaN
3,2,5,0.19236277848876807
2,3,5,0.45806707145349207
3,2,5,NaN
1,4,5,0.8733102078879845
4,1,5,0.9711836190363513
3,2,5,NaN
1,4,5,0.927808813496808
5,0,5,0.47793771766761745
1,4,5,0.8886935889394204
1,4,5,0.8120477488685461
2,3,5,0.5710105808882789
3,2,5,0.16806732870266622
1,4,5,0.30893500824791326
4,1,5,0.7013148700450363
5,0,5,NaN
3,2,5,0.556858524769095
1,4,5,NaN
1,4,5,0.3149813444585866
3,2,5,0.1298724704817915
1,4,5,0.9325443840100321
2,3,5,NaN
1,4,5,NaN
1,4,5,0.7582540955828375
2,3,5,0.1897264079208636
3,2,5,0.8553400459938837
2,3,5,NaN
1,4,5,0.7582540955828375
3,2,5,NaN
4,1,5,0.7582540955828375
1,4,5,0.3149813444585866
4,1,5,NaN
4,1,5,0.7267509803124766
2,3,5,0.6833758768314452
1,4,5,NaN
3,2,5,0.8690159395584456
2,3,5,0.7582540955828375
2,3,5,0.6505728275062779
5,0,5,0.8886935889394204
1,4,5,0.786623350458894
2,3,5,0.20884965792956076
2,3,5,0.5654337078158098
1,4,5,0.8886935889394204
2,3,5,NaN
2,3,5,0.9574264943593161
2,3,5,0.1298724704817915
2,3,5,0.6914431924244484
1,4,5,0.7582540955828375
1,4,5,NaN
1,4,5,NaN
1,4,5,NaN
2,3,5,0.5238679062670301
2,3,5,NaN
1,4,5,NaN
3,2,5,0.07470550857760336
4,1,5,NaN
3,2,5,0.14766029718238274
2,3,5,0.35291544996872376
4,1,5,NaN
1,4,5,0.786623350458894
1,4,5,NaN
1,4,5,0.6914431924244484
3,2,5,NaN
3,2,5,NaN
2,3,5,0.11404401218842061
3,2,5,0.24524244003177142
2,3,5,0.49918214384274195
2,3,5,0.6104096037191906
2,3,5,0.3149813444585866
2,3,5,NaN
2,3,5,0.39064081951093954
3,2,5,NaN
2,3,5,0.9711836190363513
1,4,5,NaN
2,3,5,0.09943458759150654
1,4,5,0.24524244003177142
1,4,5,NaN
1,4,5,0.6603349835179124
2,3,5,NaN
2,3,5,NaN
2,3,5,0.2869767189245156
1,4,5,0.9163216390929619
1,4,5,0.8733102078879845
3,2,5,NaN
2,3,5,NaN
1,4,5,0.011532985534739066
3,2,5,0.7267509803124766
1,4,5,0.6165709600421269
1,4,5,0.035000965461686
1,4,5,NaN
1,4,5,0.6104096037191906
1,4,5,0.0733037689917471
2,3,5,0.008126970210441814
4,1,5,0.560512215307002
1,4,5,0.786623350458894
1,4,5,NaN
1,4,5,0.43116983099757117
1,4,5,0.19434466643336454
1,4,5,0.9163216390929619
1,4,5,NaN
2,3,5,NaN
1,4,5,0.9574264943593161
1,4,5,NaN
1,4,5,0.569149748895899
2,3,5,NaN
2,3,5,0.47793771766761745
1,4,5,0.05735097310840156
1,4,5,NaN
3,2,5,NaN
1,4,5,0.14766029718238274
1,4,5,0.0494455745194533
1,4,5,0.14766029718238274
1,4,5,0.2370872259488594
1,4,5,NaN
1,4,5,0.569149748895899
2,3,5,0.6914431924244484
1,4,5,NaN
1,4,5,0.47793771766761745
2,3,5,0.569149748895899
1,4,5,0.19236277848876807
1,4,5,NaN
2,3,5,0.43116983099757117
1,4,5,0.19236277848876807
1,4,5,0.47793771766761745
4,1,5,NaN
1,4,5,NaN
1,4,5,0.47793771766761745
1,4,5,0.4337859820306786
1,4,5,NaN
1,4,5,0.016314898271010056
3,2,5,0.11404401218842061
4,1,5,NaN
1,4,5,0.569149748895899
2,3,5,0.6505728275062779
1,4,5,NaN
2,3,5,NaN
1,4,5,NaN
2,3,5,0.5238679062670301
1,4,5,0.7267509803124766
1,4,5,NaN
1,4,5,0.6505728275062779
1,4,5,0.08596717446393809
1,4,5,NaN
1,4,5,0.03317022976394289
2,3,5,0.3798740375166462
2,3,5,NaN
2,3,5,NaN
1,4,5,0.06611573959509347
2,3,5,NaN
1,4,5,0.47793771766761745
1,4,5,0.43116983099757117
1,4,5,NaN
2,3,5,0.5137712076769645
1,4,5,NaN
1,4,5,NaN
2,3,5,NaN
1,4,5,0.1801091406687688
1,4,5,0.8733102078879845
1,4,5,0.8356407771585233
1,4,5,NaN
2,3,5,NaN
1,4,5,NaN
1,4,5,0.16806732870266622
1,4,5,0.8120477488685461
1,4,5,0.9030952226408369
1,4,5,0.786623350458894
1,4,5,0.09943458759150654
1,4,5,NaN
1,4,5,0.6914431924244484
0,5,5,0.7582540955828375
0,5,5,0.47793771766761745
0,5,5,NaN
0,5,5,0.786623350458894
0,5,5,0.47793771766761745
0,5,5,0.6104096037191906
0,5,5,0.8598290759779019
0,5,5,NaN
0,5,5,0.2487387337807112
0,5,5,0.8356407771585233
0,5,5,NaN
0,5,5,NaN
0,5,5,0.6104096037191906
0,5,5,NaN
0,5,5,0.3837225177388809
0,5,5,0.27923371017636817
0,5,5,0.6914431924244484
0,5,5,0.786623350458894
0,5,5,0.09137910693701533
0,5,5,NaN
0,5,5,NaN
0,5,5,0.0494455745194533
0,5,5,NaN
0,5,5,0.16806732870266622
0,5,5,NaN
0,5,5,0.47793771766761745
0,5,5,0.9163216390929619
0,5,5,0.7189496966683618
0,5,5,0.16806732870266622
0,5,5,0.19236277848876807
0,5,5,0.20399938200972975
0,5,5,0.6914431924244484
0,5,5,0.8120477488685461
0,5,5,0.01579473713175917
0,5,5,0.6104096037191906
0,5,5,0.6104096037191906
0,5,5,0.3149813444585866
0,5,5,0.8120477488685461
0,5,5,NaN
0,5,5,0.43116983099757117
0,5,5,NaN
0,5,5,NaN
0,5,5,0.09943458759150654
0,5,5,0.927808813496808
0,5,5,NaN
0,5,5,NaN
0,5,5,0.8553400459938837
0,5,5,0.927808813496808
0,5,5,0.47793771766761745
0,5,5,NaN
0,5,5,NaN
0,5,5,0.5517248103782787
0,5,5,0.27923371017636817
0,5,5,0.013246614512978715
0,5,5,0.8733102078879845
0,5,5,NaN
0,5,5,0.47793771766761745
0,5,5,NaN
0,5,5,NaN
0,5,5,NaN
0,5,5,NaN
0,5,5,0.927808813496808
0,5,5,0.39064081951093954
0,5,5,0.6505728275062779
0,5,5,NaN
0,5,5,0.786623350458894
0,5,5,0.7582540955828375
0,5,5,NaN
0,5,5,0.40056001484287423
0,5,5,NaN
0,5,5,NaN
0,5,5,NaN
0,5,5,0.24524244003177142
0,5,5,0.6505728275062779
0,5,5,NaN
0,5,5,NaN
0,5,5,0.43116983099757117
0,5,5,0.08596717446393809
0,5,5,0.7582540955828375
0,5,5,0.1905734886698872
0,5,5,NaN
0,5,5,0.24524244003177142
0,5,5,NaN
0,5,5,NaN
0,5,5,NaN
0,5,5,NaN
0,5,5,NaN
0,5,5,0.06611573959509347
0,5,5,1.4491512703122273e-5
0,5,5,0.39064081951093954
0,5,5,NaN
0,5,5,0.0011947009911942937
0,5,5,NaN
0,5,5,0.24524244003177142
0,5,5,0.6037786581204206
0,5,5,NaN
0,5,5,0.6505728275062779
0,5,5,0.05735097310840156
0,5,5,NaN
0,5,5,NaN
0,5,5,0.47793771766761745
0,5,5,0.1739887363054829
0,5,5,0.96839824184048
0,5,5,NaN
0,5,5,0.39064081951093954
0,5,5,NaN
0,5,5,NaN
0,5,5,NaN
0,5,5,0.5238679062670301
0,5,5,NaN
0,5,5,NaN
0,5,5,0.6104096037191906
0,5,5,NaN
0,5,5,NaN
0,5,5,NaN
0,5,5,NaN
0,5,5,0.35291544996872376
0,5,5,NaN
0,5,5,NaN
0,5,5,0.16806732870266622
0,5,5,0.39064081951093954
0,5,5,NaN
0,5,5,0.19487843896651855
0,5,5,NaN
0,5,5,0.6505728275062779
0,5,5,0.1298724704817915
0,5,5,0.9490411065363702
0,5,5,NaN
0,5,5,NaN
0,5,5,0.7267509803124766
0,5,5,0.03794641341295346
0,5,5,0.9030952226408369
0,5,5,NaN
0,5,5,0.8886935889394204
0,5,5,NaN
0,5,5,0.786623350458894
0,5,5,0.43116983099757117
0,5,5,0.8553400459938837
0,5,5,NaN
0,5,5,NaN
0,5,5,NaN
0,5,5,NaN
0,5,5,NaN
0,5,5,0.24524244003177142
0,5,5,NaN
0,5,5,NaN
1,3,4,NaN
4,0,4,NaN
2,2,4,0.8120477488685461
4,0,4,NaN
2,2,4,0.8484651316838429
3,1,4,0.9030952226408369
2,2,4,NaN
4,0,4,NaN
1,3,4,0.8886935889394204
4,0,4,NaN
4,0,4,NaN
3,1,4,0.9649170932836378
4,0,4,0.47793771766761745
2,2,4,NaN
2,2,4,0.3149813444585866
4,0,4,0.8886935889394204
3,1,4,0.8120477488685461
2,2,4,0.31704501574285643
4,0,4,NaN
4,0,4,NaN
3,1,4,0.9365111227773979
4,0,4,NaN
4,0,4,NaN
3,1,4,NaN
3,1,4,NaN
3,1,4,0.5238679062670301
4,0,4,NaN
3,1,4,NaN
2,2,4,0.003964604231965587
3,1,4,NaN
4,0,4,NaN
1,3,4,NaN
3,1,4,NaN
4,0,4,NaN
4,0,4,0.5238679062670301
1,3,4,NaN
3,1,4,0.9923256991209348
2,2,4,NaN
4,0,4,0.11404401218842061
3,1,4,NaN
1,3,4,0.569149748895899
4,0,4,0.8356407771585233
2,2,4,NaN
4,0,4,0.43116983099757117
3,1,4,NaN
4,0,4,0.028886075440067927
3,1,4,0.16806732870266622
1,3,4,0.47793771766761745
3,1,4,NaN
4,0,4,NaN
4,0,4,NaN
1,3,4,0.35291544996872376
4,0,4,NaN
4,0,4,NaN
4,0,4,NaN
3,1,4,0.8553400459938837
3,1,4,0.569149748895899
2,2,4,0.569149748895899
4,0,4,NaN
3,1,4,0.8356407771585233
3,1,4,0.09683640585592641
3,1,4,0.20446522187106064
3,1,4,NaN
4,0,4,0.9811127762214269
3,1,4,NaN
3,1,4,0.19236277848876807
3,1,4,0.4994966444245364
3,1,4,0.7267509803124766
3,1,4,0.12773975537169022
2,2,4,0.08596717446393809
4,0,4,NaN
4,0,4,0.786623350458894
4,0,4,NaN
4,0,4,NaN
4,0,4,0.9030952226408369
2,2,4,NaN
3,1,4,0.35291544996872376
4,0,4,0.07470550857760336
4,0,4,NaN
3,1,4,NaN
4,0,4,0.5610206340925104
2,2,4,0.041204458816809404
3,1,4,NaN
3,1,4,0.6914431924244484
4,0,4,0.27923371017636817
1,3,4,0.786623350458894
4,0,4,NaN
2,2,4,0.03082862143783168
4,0,4,0.43116983099757117
3,1,4,NaN
2,2,4,0.04370689030141423
4,0,4,0.7267509803124766
4,0,4,0.11404401218842061
4,0,4,0.8553400459938837
2,2,4,0.3871581495179797
4,0,4,NaN
4,0,4,0.16806732870266622
2,2,4,0.27923371017636817
4,0,4,0.6104096037191906
4,0,4,0.8553400459938837
3,1,4,NaN
3,1,4,0.8553400459938837
3,1,4,0.6505728275062779
4,0,4,0.7267509803124766
3,1,4,NaN
2,2,4,0.27369177007057516
1,3,4,NaN
1,3,4,NaN
2,2,4,NaN
2,2,4,0.569149748895899
4,0,4,0.569149748895899
3,1,4,0.7267509803124766
4,0,4,0.39064081951093954
3,1,4,NaN
3,1,4,0.11764258059486607
3,1,4,NaN
3,1,4,0.7267509803124766
3,1,4,NaN
4,0,4,0.6342896145255685
4,0,4,0.8120477488685461
2,2,4,NaN
2,2,4,NaN
2,2,4,NaN
4,0,4,NaN
4,0,4,0.43116983099757117
4,0,4,NaN
4,0,4,0.08596717446393809
3,1,4,NaN
4,0,4,0.35291544996872376
4,0,4,0.6944809040791058
4,0,4,NaN
1,3,4,0.2180321792514569
2,2,4,NaN
4,0,4,0.9052671431328051
4,0,4,0.16806732870266622
4,0,4,0.9649170932836378
3,1,4,0.35291544996872376
4,0,4,NaN
1,3,4,NaN
3,1,4,NaN
2,2,4,0.6104096037191906
4,0,4,0.14766029718238274
4,0,4,0.39064081951093954
4,0,4,NaN
4,0,4,0.24524244003177142
2,2,4,NaN
2,2,4,0.8886935889394204
4,0,4,NaN
3,1,4,NaN
4,0,4,NaN
4,0,4,0.5238679062670301
3,1,4,0.5983679447151996
4,0,4,NaN
4,0,4,NaN
3,1,4,0.43116983099757117
4,0,4,0.7948277814152832
2,2,4,NaN
3,1,4,0.24460822501461685
4,0,4,0.00011095730392881093
4,0,4,NaN
3,1,4,NaN
4,0,4,NaN
1,3,4,0.976413425292083
3,1,4,NaN
4,0,4,NaN
4,0,4,0.024979424385777767
4,0,4,0.013246614512978715
4,0,4,0.9030952226408369
4,0,4,0.5238679062670301
4,0,4,NaN
2,2,4,0.8415454746148262
4,0,4,0.08622811860676048
2,2,4,NaN
4,0,4,0.24524244003177142
3,1,4,NaN
2,2,4,0.2180321792514569
2,2,4,0.35291544996872376
4,0,4,NaN
4,0,4,NaN
4,0,4,0.9388397790286686
4,0,4,0.6914431924244484
4,0,4,NaN
2,2,4,0.07190276004242258
3,1,4,NaN
4,0,4,0.39064081951093954
3,1,4,0.8733102078879845
3,1,4,0.9711836190363513
4,0,4,0.9388397790286686
4,0,4,NaN
3,1,4,0.1298724704817915
3,1,4,0.8733102078879845
2,2,4,0.05735097310840156
4,0,4,0.39064081951093954
3,1,4,0.6104096037191906
4,0,4,NaN
3,1,4,NaN
4,0,4,0.7267509803124766
4,0,4,NaN
4,0,4,0.8733102078879845
3,1,4,0.786623350458894
4,0,4,0.34761220357298417
4,0,4,0.6914431924244484
3,1,4,0.25841863339059545
3,1,4,0.9711836190363513
4,0,4,NaN
4,0,4,0.9030952226408369
2,2,4,0.8886935889394204
3,1,4,0.1637801471349057
4,0,4,NaN
4,0,4,0.19236277848876807
4,0,4,NaN
2,2,4,NaN
4,0,4,0.9649170932836378
3,1,4,NaN
2,2,4,0.6505728275062779
1,3,4,NaN
3,1,4,NaN
4,0,4,NaN
3,1,4,0.9538373562872867
4,0,4,0.015440156573497937
4,0,4,NaN
4,0,4,NaN
4,0,4,NaN
4,0,4,0.569149748895899
4,0,4,0.19236277848876807
4,0,4,NaN
3,1,4,NaN
3,1,4,0.8553400459938837
4,0,4,0.6505728275062779
3,1,4,NaN
4,0,4,0.8720060212102919
4,0,4,0.3149813444585866
4,0,4,NaN
4,0,4,0.8501290889143656
4,0,4,NaN
4,0,4,0.9894656266614458
2,2,4,0.7267509803124766
4,0,4,0.6104096037191906
4,0,4,0.8553400459938837
3,1,4,NaN
4,0,4,0.835445920380814
4,0,4,NaN
3,1,4,0.24524244003177142
3,1,4,0.8312215268202057
4,0,4,0.43116983099757117
3,1,4,0.35291544996872376
2,2,4,0.9975134002898697
4,0,4,NaN
2,2,4,NaN
4,0,4,NaN
3,1,4,NaN
2,2,4,0.9388397790286686
3,1,4,0.9923256991209348
2,2,4,NaN
4,0,4,0.6104096037191906
3,1,4,NaN
3,1,4,NaN
2,2,4,NaN
4,0,4,NaN
3,1,4,0.19236277848876807
2,2,4,NaN
3,1,4,0.47793771766761745
4,0,4,NaN
4,0,4,NaN
3,1,4,0.19236277848876807
4,0,4,0.8886935889394204
4,0,4,0.7829533425930767
3,1,4,NaN
4,0,4,0.02260783223413573
2,2,4,0.19236277848876807
4,0,4,NaN
4,0,4,NaN
4,0,4,NaN
4,0,4,NaN
4,0,4,NaN
4,0,4,0.6505728275062779
4,0,4,NaN
4,0,4,NaN
3,1,4,NaN
4,0,4,0.35291544996872376
1,3,4,NaN
4,0,4,NaN
3,1,4,0.47793771766761745
4,0,4,0.6104096037191906
4,0,4,NaN
3,1,4,NaN
4,0,4,0.5997367624036737
3,1,4,0.47793771766761745
4,0,4,NaN
4,0,4,0.04370689030141423
3,1,4,0.569149748895899
3,1,4,NaN
4,0,4,0.5238679062670301
3,1,4,NaN
2,2,4,0.1468860167756686
3,1,4,0.29321466086640874
3,1,4,0.9030952226408369
2,2,4,NaN
2,2,4,NaN
3,1,4,0.9490411065363702
4,0,4,0.39064081951093954
2,2,4,0.8846053896489343
4,0,4,NaN
4,0,4,0.43116983099757117
4,0,4,0.005043121192482222
2,2,4,0.6505728275062779
4,0,4,NaN
3,1,4,0.7582540955828375
2,2,4,0.8120477488685461
4,0,4,0.7267509803124766
4,0,4,NaN
3,1,4,NaN
2,2,4,NaN
3,1,4,NaN
3,1,4,NaN
1,3,4,0.0004710372881317063
4,0,4,0.08596717446393809
4,0,4,0.9463302358534665
4,0,4,0.47793771766761745
3,1,4,NaN
4,0,4,NaN
4,0,4,NaN
4,0,4,NaN
4,0,4,0.9162546819059104
4,0,4,0.569149748895899
3,1,4,NaN
3,1,4,0.6505728275062779
4,0,4,0.8120477488685461
4,0,4,NaN
4,0,4,NaN
3,1,4,0.024979424385777767
3,1,4,0.6104096037191906
4,0,4,0.9030952226408369
4,0,4,NaN
4,0,4,NaN
3,1,4,0.19236277848876807
3,1,4,0.9030952226408369
4,0,4,NaN
3,1,4,0.9711836190363513
3,1,4,0.8886935889394204
4,0,4,NaN
4,0,4,0.786623350458894
4,0,4,0.7267509803124766
3,1,4,NaN
3,1,4,0.1298724704817915
4,0,4,0.5238679062670301
3,1,4,0.8975069834248082
1,3,4,NaN
4,0,4,NaN
4,0,4,NaN
4,0,4,NaN
4,0,4,NaN
4,0,4,0.11404401218842061
4,0,4,0.47793771766761745
2,2,4,0.47793771766761745
4,0,4,NaN
3,1,4,NaN
3,1,4,NaN
3,1,4,NaN
2,2,4,0.5238679062670301
4,0,4,0.569149748895899
2,2,4,NaN
4,0,4,NaN
3,1,4,NaN
4,0,4,0.8553400459938837
4,0,4,0.19236277848876807
4,0,4,0.9490411065363702
4,0,4,NaN
2,2,4,0.03317022976394289
4,0,4,NaN
4,0,4,NaN
3,1,4,0.39064081951093954
2,2,4,0.8517372630840184
4,0,4,0.6104096037191906
2,2,4,NaN
4,0,4,NaN
4,0,4,NaN
4,0,4,0.7582540955828375
3,1,4,0.43116983099757117
4,0,4,0.2180321792514569
1,3,4,NaN
4,0,4,NaN
4,0,4,0.9923710697724246
3,1,4,0.05735097310840156
4,0,4,0.6505728275062779
4,0,4,0.569149748895899
3,1,4,0.8733102078879845
3,1,4,NaN
4,0,4,NaN
4,0,4,0.8517372630840184
4,0,4,NaN
3,1,4,NaN
3,1,4,NaN
4,0,4,NaN
3,1,4,0.6505728275062779
4,0,4,0.5988966746409761
4,0,4,NaN
2,2,4,0.569149748895899
4,0,4,NaN
4,0,4,NaN
3,1,4,NaN
2,2,4,0.786623350458894
3,1,4,0.9649170932836378
4,0,4,0.8553400459938837
3,1,4,NaN
4,0,4,0.0494455745194533
4,0,4,NaN
4,0,4,NaN
4,0,4,8.159515883822917e-8
4,0,4,0.14766029718238274
4,0,4,0.7727911082485781
3,1,4,0.8886935889394204
4,0,4,0.8553400459938837
4,0,4,0.7267509803124766
3,1,4,0.1955114354155344
1,3,4,0.9649170932836378
3,1,4,0.2180321792514569
2,2,4,NaN
2,2,4,NaN
4,0,4,0.6693192926050577
4,0,4,NaN
4,0,4,0.9388397790286686
2,2,4,0.8553400459938837
4,0,4,NaN
3,1,4,0.7582540955828375
3,1,4,0.3871581495179797
4,0,4,NaN
4,0,4,0.43116983099757117
3,1,4,0.6104096037191906
3,1,4,0.6104096037191906
4,0,4,0.8120477488685461
4,0,4,NaN
4,0,4,NaN
3,1,4,0.35291544996872376
4,0,4,0.5238679062670301
4,0,4,NaN
2,2,4,0.5238679062670301
4,0,4,0.24524244003177142
4,0,4,0.43116983099757117
2,2,4,0.786623350458894
4,0,4,0.1373168588493447
4,0,4,NaN
3,1,4,NaN
4,0,4,0.8733102078879845
4,0,4,0.7582540955828375
3,1,4,NaN
2,2,4,0.8553400459938837
3,1,4,0.7582540955828375
1,3,4,0.8553400459938837
2,2,4,NaN
3,1,4,NaN
3,1,4,0.5997367624036737
2,2,4,NaN
4,0,4,NaN
3,1,4,0.9775142638804422
4,0,4,0.9811127762214269
2,2,4,0.9163216390929619
3,1,4,0.9030952226408369
3,1,4,0.9388397790286686
3,1,4,NaN
2,2,4,0.6104096037191906
4,0,4,NaN
4,0,4,0.569149748895899
3,1,4,NaN
4,0,4,0.6104096037191906
3,1,4,NaN
4,0,4,0.19236277848876807
3,1,4,0.09943458759150654
3,1,4,0.7582540955828375
4,0,4,0.8120477488685461
3,1,4,0.9729995061872249
4,0,4,NaN
3,1,4,0.8733102078879845
3,1,4,0.8120477488685461
4,0,4,NaN
3,1,4,NaN
4,0,4,0.6505728275062779
3,1,4,0.22402414099346415
3,1,4,0.6944809040791058
3,1,4,NaN
3,1,4,0.07470550857760336
4,0,4,NaN
4,0,4,0.6914431924244484
3,1,4,0.19236277848876807
2,2,4,0.14766029718238274
2,2,4,0.569149748895899
4,0,4,0.0026908597986054356
3,1,4,NaN
4,0,4,0.8356407771585233
4,0,4,0.35291544996872376
4,0,4,0.5997367624036737
4,0,4,0.5238679062670301
4,0,4,NaN
1,3,4,NaN
4,0,4,NaN
4,0,4,0.39064081951093954
4,0,4,NaN
4,0,4,0.9030952226408369
3,1,4,NaN
3,1,4,0.022954021004124685
1,3,4,NaN
3,1,4,0.2180321792514569
4,0,4,NaN
4,0,4,0.3742435995723311
4,0,4,0.03048441104108692
4,0,4,0.7582540955828375
2,2,4,NaN
4,0,4,NaN
4,0,4,NaN
4,0,4,0.6104096037191906
3,1,4,0.7582540955828375
4,0,4,NaN
3,1,4,0.35291544996872376
3,1,4,0.8886935889394204
4,0,4,NaN
1,3,4,NaN
4,0,4,0.8553400459938837
2,2,4,0.8553400459938837
2,2,4,NaN
4,0,4,0.9649170932836378
4,0,4,NaN
1,3,4,0.9574264943593161
4,0,4,NaN
4,0,4,0.5238679062670301
1,3,4,0.04306214895045103
4,0,4,NaN
4,0,4,0.8120477488685461
3,1,4,NaN
4,0,4,0.6104096037191906
4,0,4,0.5238679062670301
1,3,4,0.01389863463638223
1,3,4,0.27923371017636817
4,0,4,NaN
3,1,4,0.3439701657350148
2,2,4,NaN
4,0,4,0.9163216390929619
3,1,4,NaN
3,1,4,0.6104096037191906
3,1,4,NaN
3,1,4,0.5238679062670301
4,0,4,NaN
3,1,4,0.9030952226408369
4,0,4,NaN
4,0,4,NaN
4,0,4,NaN
3,1,4,0.24524244003177142
3,1,4,NaN
4,0,4,NaN
3,1,4,NaN
4,0,4,0.7582540955828375
3,1,4,0.013038327875788194
4,0,4,NaN
4,0,4,NaN
4,0,4,0.7267509803124766
3,1,4,NaN
4,0,4,NaN
4,0,4,0.786623350458894
2,2,4,0.24524244003177142
3,1,4,NaN
3,1,4,NaN
3,1,4,NaN
4,0,4,0.6914431924244484
4,0,4,NaN
3,1,4,NaN
4,0,4,0.1298724704817915
3,1,4,NaN
4,0,4,NaN
4,0,4,0.25737367591553945
4,0,4,0.786623350458894
4,0,4,0.16806732870266622
2,2,4,0.47793771766761745
4,0,4,NaN
3,1,4,0.786623350458894
4,0,4,0.27923371017636817
4,0,4,0.35291544996872376
4,0,4,0.01880761644846058
3,1,4,0.19236277848876807
4,0,4,0.7582540955828375
3,1,4,0.24524244003177142
4,0,4,NaN
4,0,4,NaN
4,0,4,NaN
3,1,4,0.9084939409843066
3,1,4,0.3481941231240484
4,0,4,NaN
2,2,4,0.6505728275062779
4,0,4,NaN
3,1,4,0.06611573959509347
3,1,4,NaN
4,0,4,NaN
4,0,4,0.08596717446393809
2,2,4,0.9574264943593161
3,1,4,0.6505728275062779
4,0,4,0.16806732870266622
4,0,4,NaN
4,0,4,0.7582540955828375
3,1,4,0.6505728275062779
3,1,4,0.19947122514264
3,1,4,NaN
3,1,4,NaN
4,0,4,NaN
4,0,4,NaN
3,1,4,NaN
1,3,4,NaN
4,0,4,NaN
3,1,4,NaN
4,0,4,NaN
3,1,4,0.927808813496808
3,1,4,NaN
4,0,4,0.8733102078879845
3,1,4,0.7192294087064068
3,1,4,0.23022443303585033
4,0,4,NaN
4,0,4,NaN
2,2,4,0.03794641341295346
2,2,4,NaN
4,0,4,0.05735097310840156
3,1,4,0.9030952226408369
1,3,4,NaN
4,0,4,0.813356305084054
4,0,4,NaN
4,0,4,0.24524244003177142
4,0,4,NaN
4,0,4,NaN
4,0,4,NaN
3,1,4,NaN
3,1,4,0.9944136266474382
2,2,4,0.569149748895899
3,1,4,NaN
2,2,4,0.2180321792514569
4,0,4,NaN
3,1,4,0.47793771766761745
4,0,4,0.5238679062670301
4,0,4,0.9030952226408369
4,0,4,0.9894656266614458
4,0,4,NaN
4,0,4,0.7267509803124766
4,0,4,NaN
4,0,4,0.569149748895899
3,1,4,0.9030952226408369
4,0,4,0.06611573959509347
4,0,4,NaN
3,1,4,NaN
3,1,4,0.5238679062670301
2,2,4,0.7267509803124766
4,0,4,NaN
4,0,4,0.9490411065363702
3,1,4,0.2180321792514569
4,0,4,NaN
3,1,4,0.5932290821066095
4,0,4,NaN
4,0,4,0.19236277848876807
1,3,4,NaN
3,1,4,0.27923371017636817
4,0,4,0.8553400459938837
4,0,4,0.3149813444585866
4,0,4,0.021960220642977778
3,1,4,0.016314898271010056
3,1,4,0.6505728275062779
3,1,4,NaN
3,1,4,1.2338693746819599e-11
2,2,4,0.6061360034034095
3,1,4,0.8356407771585233
4,0,4,0.8975069834248082
2,2,4,0.6505728275062779
3,1,4,0.09943458759150654
2,2,4,0.7582540955828375
4,0,4,0.927808813496808
3,1,4,NaN
3,1,4,0.9857264206675347
4,0,4,0.04174916611930539
2,2,4,NaN
4,0,4,NaN
3,1,4,0.8553400459938837
3,1,4,0.9889324734642139
2,2,4,0.2867799729614728
2,2,4,NaN
3,1,4,NaN
4,0,4,0.5238679062670301
2,2,4,0.976413425292083
4,0,4,NaN
3,1,4,NaN
2,2,4,0.7267509803124766
2,2,4,0.574851203026855
3,1,4,NaN
2,2,4,0.35291544996872376
3,1,4,0.7582540955828375
4,0,4,NaN
3,1,4,NaN
2,2,4,NaN
4,0,4,0.6104096037191906
4,0,4,0.6104096037191906
3,1,4,0.00020094983084102105
3,1,4,0.8886935889394204
4,0,4,0.11404401218842061
3,1,4,NaN
2,2,4,0.9857264206675347
4,0,4,0.35291544996872376
4,0,4,0.976413425292083
2,2,4,0.43116983099757117
4,0,4,NaN
4,0,4,NaN
4,0,4,0.7267509803124766
2,2,4,0.8120477488685461
4,0,4,0.47793771766761745
4,0,4,NaN
3,1,4,0.569149748895899
3,1,4,NaN
4,0,4,0.9388397790286686
4,0,4,0.01880761644846058
4,0,4,NaN
3,1,4,0.07470550857760336
3,1,4,0.8356407771585233
2,2,4,0.3420798343691175
4,0,4,NaN
4,0,4,NaN
4,0,4,0.005812985542910942
2,2,4,0.8733102078879845
4,0,4,0.9030952226408369
3,1,4,0.39064081951093954
4,0,4,0.786623350458894
4,0,4,NaN
2,2,4,0.786623350458894
3,1,4,0.09943458759150654
3,1,4,0.8120477488685461
3,1,4,0.19236277848876807
4,0,4,NaN
3,1,4,0.6439138272505792
4,0,4,0.9490411065363702
3,1,4,0.5246239879575669
4,0,4,NaN
4,0,4,0.27923371017636817
4,0,4,NaN
3,1,4,NaN
4,0,4,NaN
4,0,4,NaN
4,0,4,0.04370689030141423
4,0,4,0.8630485905458092
3,1,4,0.9591709885976378
2,2,4,0.6957023826938187
3,1,4,0.8334585995484338
2,2,4,0.2180321792514569
3,1,4,0.5238679062670301
3,1,4,0.16806732870266622
4,0,4,NaN
4,0,4,0.6914431924244484
4,0,4,0.8553400459938837
4,0,4,0.013254150855994616
4,0,4,NaN
3,1,4,0.6880751652472807
4,0,4,0.6104096037191906
4,0,4,0.9439837078791721
4,0,4,NaN
3,1,4,NaN
4,0,4,0.5238679062670301
3,1,4,0.16806732870266622
2,2,4,0.2180321792514569
4,0,4,0.9574264943593161
2,2,4,0.008126970210441814
4,0,4,0.8553400459938837
2,2,4,0.021960220642977778
4,0,4,NaN
4,0,4,NaN
4,0,4,NaN
3,1,4,0.9501305535207419
4,0,4,NaN
4,0,4,0.8894872790652307
4,0,4,NaN
4,0,4,NaN
3,1,4,0.9649170932836378
4,0,4,NaN
2,2,4,0.49918214384274195
4,0,4,0.6104096037191906
3,1,4,0.014561485082669577
2,2,4,0.5238679062670301
4,0,4,0.8120477488685461
4,0,4,NaN
4,0,4,NaN
4,0,4,0.8733102078879845
4,0,4,0.27923371017636817
4,0,4,0.24524244003177142
4,0,4,0.8733102078879845
3,1,4,NaN
3,1,4,0.27923371017636817
4,0,4,NaN
4,0,4,NaN
3,1,4,0.6505728275062779
3,1,4,0.39064081951093954
4,0,4,NaN
4,0,4,0.8120477488685461
4,0,4,NaN
2,2,4,NaN
4,0,4,NaN
4,0,4,NaN
4,0,4,NaN
3,1,4,NaN
2,2,4,NaN
4,0,4,NaN
4,0,4,0.9574264943593161
4,0,4,NaN
3,1,4,0.8356407771585233
4,0,4,0.01880761644846058
4,0,4,NaN
3,1,4,0.48741518333156936
2,2,4,0.07470550857760336
4,0,4,NaN
3,1,4,0.35291544996872376
4,0,4,0.06230950139940581
3,1,4,NaN
4,0,4,0.9857264206675347
4,0,4,0.786623350458894
4,0,4,NaN
3,1,4,0.024979424385777767
4,0,4,NaN
4,0,4,0.3149813444585866
4,0,4,0.7267509803124766
2,2,4,0.08596717446393809
3,1,4,0.3871581495179797
4,0,4,0.552171153253758
2,2,4,NaN
3,1,4,NaN
3,1,4,NaN
2,2,4,0.5238679062670301
4,0,4,0.7267509803124766
2,2,4,0.6104096037191906
3,1,4,NaN
3,1,4,0.5238679062670301
4,0,4,NaN
3,1,4,0.927808813496808
2,2,4,0.3149813444585866
4,0,4,0.1298724704817915
4,0,4,NaN
4,0,4,0.35291544996872376
4,0,4,0.786623350458894
2,2,4,NaN
2,2,4,0.569149748895899
2,2,4,NaN
4,0,4,NaN
4,0,4,NaN
2,2,4,0.2180321792514569
4,0,4,NaN
4,0,4,NaN
3,1,4,NaN
4,0,4,NaN
4,0,4,0.786623350458894
4,0,4,NaN
4,0,4,NaN
3,1,4,0.6914431924244484
4,0,4,0.14766029718238274
4,0,4,NaN
2,2,4,0.08596717446393809
4,0,4,NaN
4,0,4,NaN
3,1,4,0.16806732870266622
4,0,4,NaN
4,0,4,0.04370689030141423
4,0,4,NaN
2,2,4,NaN
3,1,4,0.07470550857760336
2,2,4,NaN
4,0,4,0.16806732870266622
3,1,4,0.786623350458894
4,0,4,0.9388397790286686
3,1,4,NaN
3,1,4,0.7582540955828375
3,1,4,NaN
3,1,4,0.0006269028168521023
4,0,4,NaN
3,1,4,0.7582540955828375
3,1,4,0.6505728275062779
4,0,4,0.7582540955828375
3,1,4,NaN
3,1,4,0.569149748895899
2,2,4,0.8553400459938837
3,1,4,0.6914431924244484
3,1,4,0.4024500461929282
3,1,4,NaN
3,1,4,NaN
4,0,4,NaN
2,2,4,NaN
4,0,4,NaN
4,0,4,0.786623350458894
2,2,4,0.19236277848876807
4,0,4,0.6505728275062779
4,0,4,NaN
2,2,4,NaN
4,0,4,0.7267509803124766
4,0,4,NaN
2,2,4,NaN
3,1,4,NaN
4,0,4,NaN
2,2,4,NaN
4,0,4,0.2180321792514569
4,0,4,NaN
4,0,4,NaN
3,1,4,0.5238679062670301
4,0,4,NaN
4,0,4,NaN
4,0,4,NaN
4,0,4,0.35291544996872376
4,0,4,0.818859453949597
2,2,4,0.569149748895899
2,2,4,0.9574264943593161
2,2,4,NaN
2,2,4,0.47793771766761745
2,2,4,NaN
3,1,4,NaN
2,2,4,NaN
4,0,4,0.8886935889394204
4,0,4,NaN
4,0,4,NaN
4,0,4,NaN
4,0,4,0.3149813444585866
4,0,4,NaN
4,0,4,0.47793771766761745
3,1,4,0.6914431924244484
3,1,4,NaN
2,2,4,NaN
3,1,4,NaN
4,0,4,NaN
4,0,4,0.08596717446393809
4,0,4,0.8886935889394204
4,0,4,0.27923371017636817
4,0,4,0.6505728275062779
4,0,4,NaN
4,0,4,NaN
3,1,4,NaN
4,0,4,0.8120477488685461
4,0,4,0.569149748895899
1,3,4,0.39064081951093954
3,1,4,0.1956788926452347
3,1,4,NaN
4,0,4,0.24524244003177142
4,0,4,NaN
4,0,4,NaN
3,1,4,0.8733102078879845
2,2,4,NaN
1,3,4,NaN
4,0,4,0.8120477488685461
2,2,4,0.09943458759150654
3,1,4,0.05735097310840156
2,2,4,0.8886935889394204
4,0,4,NaN
3,1,4,NaN
2,2,4,0.7560845963589301
2,2,4,NaN
4,0,4,NaN
3,1,4,NaN
2,2,4,0.43116983099757117
3,1,4,0.786623350458894
4,0,4,NaN
4,0,4,NaN
3,1,4,0.6104096037191906
4,0,4,NaN
3,1,4,NaN
3,1,4,0.39064081951093954
3,1,4,0.6293150791863887
3,1,4,NaN
3,1,4,0.15703288483936723
4,0,4,0.569149748895899
3,1,4,0.3149813444585866
1,3,4,NaN
3,1,4,NaN
2,2,4,0.27923371017636817
4,0,4,0.786623350458894
4,0,4,NaN
2,2,4,0.5066277546201244
4,0,4,NaN
4,0,4,0.27923371017636817
4,0,4,0.8886935889394204
4,0,4,NaN
4,0,4,0.8120477488685461
2,2,4,NaN
4,0,4,NaN
4,0,4,0.5972119773445547
4,0,4,NaN
4,0,4,0.03794641341295346
4,0,4,0.3149813444585866
4,0,4,0.16806732870266622
4,0,4,0.7582540955828375
4,0,4,NaN
3,1,4,0.9030952226408369
4,0,4,0.8553400459938837
2,2,4,NaN
3,1,4,NaN
1,3,4,NaN
2,2,4,0.7267509803124766
4,0,4,0.47469264503566905
3,1,4,NaN
3,1,4,0.27923371017636817
4,0,4,NaN
4,0,4,0.14766029718238274
3,1,4,0.6505728275062779
2,2,4,0.39064081951093954
3,1,4,NaN
4,0,4,0.43116983099757117
3,1,4,0.6914431924244484
4,0,4,NaN
4,0,4,0.976413425292083
4,0,4,NaN
3,1,4,0.5687836460579578
3,1,4,0.8356407771585233
4,0,4,NaN
2,2,4,0.39064081951093954
3,1,4,0.10328296149413824
3,1,4,0.47793771766761745
1,3,4,NaN
4,0,4,0.47793771766761745
4,0,4,NaN
3,1,4,0.921881291872341
2,2,4,0.11404401218842061
3,1,4,NaN
2,2,4,0.25841863339059545
2,2,4,0.19236277848876807
4,0,4,NaN
4,0,4,NaN
3,1,4,NaN
3,1,4,0.13685926584970762
4,0,4,NaN
4,0,4,NaN
3,1,4,0.7582540955828375
4,0,4,NaN
3,1,4,0.35291544996872376
3,1,4,0.569149748895899
2,2,4,0.1298724704817915
1,3,4,0.6104096037191906
4,0,4,NaN
3,1,4,0.9574264943593161
2,2,4,NaN
4,0,4,0.569149748895899
1,3,4,NaN
1,3,4,0.14766029718238274
3,1,4,0.3149813444585866
3,1,4,NaN
4,0,4,NaN
4,0,4,NaN
3,1,4,0.9757216246754844
4,0,4,NaN
4,0,4,0.9649170932836378
4,0,4,0.23369895413802538
4,0,4,NaN
4,0,4,0.786623350458894
4,0,4,0.786623350458894
4,0,4,0.8213387706992771
3,1,4,0.6486175740207071
4,0,4,0.6914431924244484
4,0,4,0.927808813496808
3,1,4,0.023501800034166964
2,2,4,NaN
4,0,4,0.3761245419307974
4,0,4,0.39064081951093954
4,0,4,NaN
1,3,4,0.27923371017636817
3,1,4,0.6914431924244484
3,1,4,0.8120477488685461
4,0,4,0.8120477488685461
4,0,4,0.9030952226408369
2,2,4,0.8886935889394204
4,0,4,0.9466960694546169
3,1,4,0.9030952226408369
4,0,4,NaN
3,1,4,0.6505728275062779
4,0,4,0.8356407771585233
2,2,4,0.9711836190363513
3,1,4,0.298085208124839
4,0,4,0.026745232174587432
4,0,4,0.6505728275062779
4,0,4,0.8356407771585233
3,1,4,0.927808813496808
3,1,4,NaN
3,1,4,0.5432741318379126
3,1,4,0.32305707266974876
4,0,4,0.7582540955828375
4,0,4,0.7267509803124766
3,1,4,NaN
3,1,4,NaN
2,2,4,0.09943458759150654
3,1,4,0.927808813496808
4,0,4,0.6505728275062779
4,0,4,0.35761713869244427
3,1,4,NaN
4,0,4,0.7582540955828375
1,3,4,NaN
1,3,4,0.39064081951093954
4,0,4,0.05735097310840156
3,1,4,0.8553400459938837
2,2,4,NaN
4,0,4,0.927808813496808
4,0,4,NaN
4,0,4,NaN
3,1,4,0.9325443840100321
4,0,4,0.9217876908523208
1,3,4,NaN
1,3,4,0.6104096037191906
3,1,4,NaN
3,1,4,0.11750706895429797
3,1,4,NaN
4,0,4,0.5997417196858464
3,1,4,NaN
4,0,4,NaN
4,0,4,NaN
3,1,4,0.03794641341295346
4,0,4,0.8120477488685461
2,2,4,0.1298724704817915
3,1,4,NaN
3,1,4,0.8120477488685461
3,1,4,0.35291544996872376
4,0,4,0.3149813444585866
4,0,4,0.06611573959509347
4,0,4,0.8186721086762009
3,1,4,0.569149748895899
4,0,4,0.9711836190363513
3,1,4,0.05735097310840156
3,1,4,0.7267509803124766
1,3,4,0.24524244003177142
4,0,4,NaN
4,0,4,NaN
3,1,4,0.671884262440174
1,3,4,0.0016997450757664932
3,1,4,NaN
4,0,4,0.4129210572381568
3,1,4,0.7051840551574875
4,0,4,0.786623350458894
2,2,4,NaN
2,2,4,0.2180321792514569
4,0,4,0.8356407771585233
4,0,4,NaN
3,1,4,0.9163216390929619
1,3,4,0.5238679062670301
4,0,4,NaN
4,0,4,0.6505728275062779
4,0,4,0.3149813444585866
4,0,4,NaN
3,1,4,0.7004946307553668
4,0,4,0.35291544996872376
4,0,4,NaN
4,0,4,0.6969118584122742
2,2,4,NaN
4,0,4,NaN
3,1,4,0.9163216390929619
4,0,4,NaN
3,1,4,0.24524244003177142
3,1,4,0.927808813496808
3,1,4,0.7267509803124766
3,1,4,0.16930590999827722
2,2,4,0.5997367624036737
4,0,4,0.7267509803124766
4,0,4,0.927808813496808
4,0,4,0.27923371017636817
4,0,4,NaN
3,1,4,0.35291544996872376
4,0,4,NaN
3,1,4,NaN
4,0,4,0.43116983099757117
1,3,4,0.569149748895899
4,0,4,NaN
3,1,4,NaN
4,0,4,NaN
3,1,4,0.6914431924244484
4,0,4,0.47793771766761745
3,1,4,NaN
2,2,4,NaN
3,1,4,NaN
4,0,4,0.6914431924244484
3,1,4,0.9843271293745748
4,0,4,0.43116983099757117
4,0,4,0.19236277848876807
4,0,4,0.1593289591976684
2,2,4,0.569149748895899
4,0,4,NaN
4,0,4,0.6914431924244484
4,0,4,NaN
3,1,4,0.39064081951093954
4,0,4,0.7582540955828375
4,0,4,0.6104096037191906
4,0,4,0.013566701930336565
3,1,4,0.6505728275062779
2,2,4,0.02926229795982833
3,1,4,NaN
4,0,4,NaN
3,1,4,0.8304844244455872
3,1,4,NaN
3,1,4,NaN
4,0,4,0.7267509803124766
4,0,4,0.9649170932836378
4,0,4,NaN
4,0,4,NaN
3,1,4,0.8733102078879845
4,0,4,0.7310724205454222
4,0,4,NaN
3,1,4,NaN
4,0,4,NaN
4,0,4,NaN
4,0,4,NaN
4,0,4,0.19236277848876807
4,0,4,0.786623350458894
3,1,4,0.27923371017636817
2,2,4,NaN
3,1,4,NaN
3,1,4,0.7213574018943657
3,1,4,0.47793771766761745
2,2,4,0.3149813444585866
3,1,4,0.5997367624036737
4,0,4,NaN
4,0,4,0.3149813444585866
3,1,4,0.8356407771585233
4,0,4,NaN
3,1,4,0.2180321792514569
3,1,4,0.9574264943593161
4,0,4,NaN
4,0,4,0.27923371017636817
2,2,4,NaN
4,0,4,NaN
3,1,4,0.8886935889394204
4,0,4,NaN
3,1,4,NaN
4,0,4,0.9030952226408369
4,0,4,NaN
1,3,4,0.9030952226408369
4,0,4,NaN
1,3,4,0.018021006085139752
1,3,4,0.05735097310840156
4,0,4,0.35764392185370714
3,1,4,0.7267509803124766
3,1,4,NaN
4,0,4,NaN
4,0,4,0.35291544996872376
4,0,4,0.8356407771585233
4,0,4,NaN
4,0,4,NaN
4,0,4,NaN
3,1,4,0.19236277848876807
3,1,4,0.7267509803124766
4,0,4,NaN
4,0,4,0.8356407771585233
4,0,4,0.09943458759150654
3,1,4,NaN
3,1,4,0.7582540955828375
4,0,4,0.022989895341661758
4,0,4,NaN
2,2,4,NaN
4,0,4,0.6104096037191906
3,1,4,0.7267509803124766
4,0,4,NaN
4,0,4,NaN
1,3,4,0.569149748895899
3,1,4,0.8733102078879845
2,2,4,0.16806732870266622
4,0,4,NaN
3,1,4,0.8553400459938837
3,1,4,0.569149748895899
4,0,4,0.9030952226408369
4,0,4,NaN
4,0,4,0.9211763994776797
4,0,4,0.9668376488587265
3,1,4,0.8886935889394204
4,0,4,NaN
3,1,4,NaN
4,0,4,NaN
4,0,4,NaN
1,3,4,NaN
4,0,4,0.569149748895899
2,2,4,NaN
4,0,4,0.7582540955828375
4,0,4,NaN
3,1,4,0.0311936292469497
4,0,4,0.5238679062670301
4,0,4,NaN
3,1,4,0.1887632276850339
3,1,4,NaN
4,0,4,0.8886935889394204
3,1,4,NaN
3,1,4,NaN
1,3,4,NaN
2,2,4,0.8733102078879845
3,1,4,0.569149748895899
4,0,4,NaN
4,0,4,0.6914431924244484
4,0,4,NaN
4,0,4,NaN
4,0,4,0.9711836190363513
4,0,4,0.43116983099757117
4,0,4,NaN
1,3,4,NaN
3,1,4,NaN
2,2,4,0.9649170932836378
3,1,4,0.050009021240474724
3,1,4,0.27923371017636817
2,2,4,NaN
4,0,4,0.8120477488685461
4,0,4,NaN
4,0,4,0.569149748895899
3,1,4,NaN
4,0,4,NaN
4,0,4,0.3149813444585866
4,0,4,NaN
2,2,4,NaN
3,1,4,NaN
3,1,4,0.8886935889394204
3,1,4,NaN
4,0,4,NaN
1,3,4,NaN
4,0,4,0.8553400459938837
2,2,4,0.8120477488685461
4,0,4,NaN
4,0,4,0.9388397790286686
4,0,4,0.6124850666781179
4,0,4,0.027041894301818793
3,1,4,0.5238679062670301
4,0,4,0.0494455745194533
2,2,4,0.39064081951093954
3,1,4,0.11404401218842061
3,1,4,0.03794641341295346
3,1,4,0.9857264206675347
3,1,4,0.9894656266614458
3,1,4,NaN
4,0,4,NaN
2,2,4,0.47793771766761745
3,1,4,0.09943458759150654
4,0,4,NaN
3,1,4,0.23751946325872808
4,0,4,0.569149748895899
4,0,4,0.24524244003177142
2,2,4,0.7606177598538248
4,0,4,NaN
4,0,4,NaN
4,0,4,NaN
1,3,4,0.27923371017636817
3,1,4,NaN
4,0,4,0.5238679062670301
2,2,4,NaN
1,3,4,NaN
2,2,4,0.8356407771585233
3,1,4,0.786623350458894
4,0,4,0.16930590999827722
4,0,4,NaN
4,0,4,NaN
3,1,4,NaN
1,3,4,NaN
2,2,4,0.2180321792514569
4,0,4,NaN
4,0,4,0.6104096037191906
3,1,4,0.786623350458894
1,3,4,0.6104096037191906
2,2,4,0.5648882816339776
1,3,4,NaN
3,1,4,0.5238679062670301
4,0,4,0.8553400459938837
3,1,4,NaN
4,0,4,NaN
2,2,4,NaN
3,1,4,0.14766029718238274
3,1,4,NaN
4,0,4,0.8184548334188386
4,0,4,NaN
4,0,4,0.6505728275062779
4,0,4,0.19236277848876807
2,2,4,0.6104096037191906
4,0,4,0.47793771766761745
4,0,4,0.8120477488685461
4,0,4,NaN
4,0,4,0.23967195993390902
4,0,4,0.37416259181893485
2,2,4,NaN
4,0,4,0.6976503157951947
4,0,4,NaN
4,0,4,0.16806732870266622
2,2,4,NaN
3,1,4,0.8733102078879845
4,0,4,0.3149813444585866
4,0,4,0.8733102078879845
4,0,4,NaN
4,0,4,NaN
3,1,4,0.43116983099757117
4,0,4,0.7267509803124766
4,0,4,0.9388397790286686
3,1,4,0.11981866870413095
4,0,4,NaN
3,1,4,0.976413425292083
2,2,4,0.08596717446393809
3,1,4,NaN
4,0,4,NaN
4,0,4,0.8356407771585233
2,2,4,0.021960220642977778
1,3,4,0.24524244003177142
2,2,4,NaN
4,0,4,NaN
4,0,4,NaN
3,1,4,NaN
3,1,4,NaN
3,1,4,0.4994966444245364
4,0,4,NaN
2,2,4,0.27923371017636817
3,1,4,0.1298724704817915
2,2,4,0.569149748895899
2,2,4,0.9820896572063952
4,0,4,NaN
2,2,4,NaN
3,1,4,0.3149813444585866
4,0,4,0.6505728275062779
2,2,4,NaN
2,2,4,0.009428487268345677
3,1,4,0.43116983099757117
4,0,4,NaN
4,0,4,0.9811127762214269
3,1,4,NaN
4,0,4,0.7267509803124766
4,0,4,NaN
2,2,4,0.9041679968710045
4,0,4,0.9030952226408369
4,0,4,NaN
4,0,4,NaN
4,0,4,0.27923371017636817
4,0,4,0.1298724704817915
3,1,4,NaN
3,1,4,0.3666379234740718
4,0,4,0.39064081951093954
2,2,4,0.6104096037191906
4,0,4,0.9975663265144364
2,2,4,NaN
4,0,4,0.9811127762214269
2,2,4,NaN
2,2,4,NaN
4,0,4,0.05487751302693134
4,0,4,NaN
4,0,4,NaN
1,3,4,NaN
4,0,4,0.9030952226408369
3,1,4,0.8969576291261567
2,2,4,0.786623350458894
4,0,4,0.16806732870266622
3,1,4,0.35064018308951
4,0,4,NaN
3,1,4,0.43116983099757117
3,1,4,NaN
4,0,4,NaN
4,0,4,0.2180321792514569
4,0,4,0.47793771766761745
4,0,4,NaN
3,1,4,0.6122699191388004
4,0,4,0.8120477488685461
4,0,4,NaN
2,2,4,0.0003277334376382125
3,1,4,NaN
4,0,4,0.8120477488685461
2,2,4,0.12089684927013093
2,2,4,0.569149748895899
4,0,4,0.7582540955828375
4,0,4,NaN
4,0,4,NaN
2,2,4,NaN
2,2,4,0.9649170932836378
4,0,4,0.1298724704817915
4,0,4,0.8553400459938837
4,0,4,0.3149813444585866
4,0,4,0.9894656266614458
3,1,4,0.43116983099757117
2,2,4,0.569149748895899
2,2,4,0.569149748895899
3,1,4,NaN
4,0,4,NaN
3,1,4,NaN
3,1,4,NaN
4,0,4,0.7582540955828375
2,2,4,NaN
4,0,4,NaN
3,1,4,0.569149748895899
3,1,4,0.9370710385360655
3,1,4,NaN
2,2,4,0.5238679062670301
3,1,4,NaN
2,2,4,0.8886935889394204
4,0,4,0.569149748895899
4,0,4,0.9376443963323561
4,0,4,0.36316589340636496
4,0,4,NaN
4,0,4,NaN
4,0,4,0.7582540955828375
2,2,4,0.47793771766761745
3,1,4,NaN
1,3,4,0.7267509803124766
4,0,4,0.47793771766761745
3,1,4,0.4224113138603762
4,0,4,NaN
4,0,4,0.927808813496808
3,1,4,NaN
2,2,4,0.47793771766761745
4,0,4,0.43116983099757117
4,0,4,0.27923371017636817
3,1,4,0.8553400459938837
4,0,4,NaN
3,1,4,NaN
3,1,4,0.2180321792514569
2,2,4,NaN
1,3,4,NaN
4,0,4,0.16806732870266622
4,0,4,NaN
3,1,4,0.04909333972219609
2,2,4,NaN
3,1,4,0.09943458759150654
3,1,4,NaN
4,0,4,NaN
3,1,4,NaN
3,1,4,NaN
4,0,4,0.47793771766761745
2,2,4,0.7267509803124766
3,1,4,0.3149813444585866
3,1,4,0.8553400459938837
4,0,4,NaN
1,3,4,NaN
3,1,4,0.17453877636293222
4,0,4,0.8356407771585233
4,0,4,0.11353592014196388
4,0,4,0.003579386646138677
2,2,4,NaN
2,2,4,0.9030952226408369
4,0,4,NaN
3,1,4,0.786623350458894
3,1,4,0.03794641341295346
3,1,4,0.35291544996872376
3,1,4,0.3242944243506929
2,2,4,NaN
3,1,4,NaN
4,0,4,NaN
4,0,4,NaN
3,1,4,0.08596717446393809
4,0,4,NaN
4,0,4,NaN
3,1,4,NaN
3,1,4,0.6165709600421269
3,1,4,NaN
3,1,4,0.07470550857760336
4,0,4,0.39064081951093954
4,0,4,NaN
3,1,4,0.7154746861447431
3,1,4,NaN
3,1,4,0.9030952226408369
3,1,4,NaN
4,0,4,NaN
4,0,4,NaN
2,2,4,0.06754735844147498
4,0,4,0.7267509803124766
4,0,4,0.46558428065213486
3,1,4,NaN
1,3,4,NaN
4,0,4,0.7267509803124766
3,1,4,0.09943458759150654
2,2,4,NaN
4,0,4,NaN
4,0,4,0.580476664706154
3,1,4,0.7582540955828375
4,0,4,0.16806732870266622
3,1,4,NaN
2,2,4,0.7582540955828375
2,2,4,NaN
2,2,4,NaN
4,0,4,0.47793771766761745
4,0,4,0.786623350458894
2,2,4,0.2180321792514569
4,0,4,NaN
2,2,4,0.3421998722560615
3,1,4,NaN
4,0,4,NaN
3,1,4,NaN
4,0,4,NaN
3,1,4,0.05735097310840156
4,0,4,0.1298724704817915
3,1,4,0.786623350458894
4,0,4,NaN
1,3,4,NaN
4,0,4,NaN
4,0,4,NaN
3,1,4,NaN
4,0,4,NaN
4,0,4,0.39064081951093954
2,2,4,NaN
3,1,4,0.3149813444585866
3,1,4,NaN
4,0,4,0.6914431924244484
2,2,4,NaN
4,0,4,0.786623350458894
3,1,4,0.9030952226408369
2,2,4,0.3742435995723311
4,0,4,0.5238679062670301
4,0,4,NaN
4,0,4,0.7582540955828375
3,1,4,0.3761245419307974
4,0,4,NaN
4,0,4,NaN
4,0,4,0.09943458759150654
3,1,4,NaN
2,2,4,0.030166758530915844
3,1,4,0.11443289197602204
4,0,4,0.9857264206675347
4,0,4,NaN
1,3,4,0.6104096037191906
4,0,4,0.43116983099757117
3,1,4,NaN
3,1,4,NaN
2,2,4,NaN
2,2,4,0.6505728275062779
2,2,4,NaN
4,0,4,NaN
4,0,4,NaN
4,0,4,0.8356407771585233
3,1,4,0.01880761644846058
2,2,4,NaN
4,0,4,0.3149813444585866
4,0,4,0.9649170932836378
1,3,4,NaN
4,0,4,0.03317022976394289
1,3,4,NaN
4,0,4,0.976413425292083
2,2,4,0.8772173292823856
4,0,4,0.11404401218842061
2,2,4,NaN
3,1,4,0.14766029718238274
3,1,4,0.35291544996872376
3,1,4,0.3149813444585866
4,0,4,NaN
4,0,4,NaN
2,2,4,NaN
4,0,4,0.9975663265144364
4,0,4,0.9163216390929619
2,2,4,0.9218066314534563
2,2,4,0.0040832496566769886
2,2,4,NaN
3,1,4,0.5238679062670301
4,0,4,NaN
4,0,4,NaN
3,1,4,0.39064081951093954
2,2,4,0.024979424385777767
4,0,4,NaN
2,2,4,NaN
4,0,4,0.9970885346324667
2,2,4,NaN
2,2,4,0.6914431924244484
3,1,4,NaN
3,1,4,NaN
4,0,4,0.8120477488685461
3,1,4,0.27923371017636817
3,1,4,0.3149813444585866
2,2,4,0.42721151448376155
4,0,4,0.569149748895899
4,0,4,0.8120477488685461
4,0,4,NaN
3,1,4,0.07470550857760336
3,1,4,0.43116983099757117
2,2,4,0.6104096037191906
3,1,4,0.24524244003177142
4,0,4,NaN
3,1,4,0.3149813444585866
3,1,4,0.9388397790286686
2,2,4,0.06611573959509347
4,0,4,0.8356407771585233
2,2,4,0.2284777502806358
4,0,4,NaN
3,1,4,0.9166748835319142
4,0,4,NaN
3,1,4,0.29321466086640874
4,0,4,0.09943458759150654
2,2,4,NaN
4,0,4,0.6505728275062779
4,0,4,0.6104096037191906
2,2,4,0.3149813444585866
4,0,4,0.11404401218842061
1,3,4,NaN
4,0,4,NaN
4,0,4,NaN
3,1,4,NaN
4,0,4,0.07470550857760336
1,3,4,0.786623350458894
4,0,4,0.569149748895899
1,3,4,0.010068233694426141
3,1,4,0.3149813444585866
2,2,4,0.43116983099757117
4,0,4,4.817300265438161e-7
4,0,4,0.8103873796610911
3,1,4,0.786623350458894
2,2,4,0.5238679062670301
4,0,4,NaN
1,3,4,0.9388397790286686
2,2,4,NaN
2,2,4,0.27923371017636817
4,0,4,0.8438423357264185
4,0,4,NaN
3,1,4,0.6104096037191906
4,0,4,0.9030952226408369
4,0,4,NaN
4,0,4,NaN
2,2,4,NaN
2,2,4,NaN
3,1,4,0.9388397790286686
3,1,4,NaN
4,0,4,0.9794651516524246
4,0,4,0.6505728275062779
2,2,4,0.0792972786957223
4,0,4,0.7267509803124766
3,1,4,NaN
2,2,4,0.8733102078879845
4,0,4,0.16806732870266622
4,0,4,0.24524244003177142
4,0,4,0.03811971993405068
4,0,4,NaN
3,1,4,NaN
4,0,4,NaN
3,1,4,0.39064081951093954
3,1,4,0.08596717446393809
4,0,4,NaN
3,1,4,0.9163216390929619
3,1,4,NaN
3,1,4,0.6505728275062779
4,0,4,0.16806732870266622
4,0,4,0.569149748895899
4,0,4,NaN
4,0,4,0.3149813444585866
3,1,4,NaN
1,3,4,0.7444764811943226
2,2,4,0.39064081951093954
3,1,4,0.01389863463638223
2,2,4,0.569149748895899
4,0,4,0.16806732870266622
4,0,4,0.22874525939682608
3,1,4,0.569149748895899
3,1,4,NaN
3,1,4,0.11404401218842061
3,1,4,0.27369177007057516
4,0,4,0.9811127762214269
4,0,4,NaN
4,0,4,NaN
3,1,4,NaN
3,1,4,NaN
3,1,4,0.24524244003177142
2,2,4,0.9067405416250536
4,0,4,0.6914431924244484
1,3,4,0.028886075440067927
4,0,4,0.39064081951093954
4,0,4,NaN
3,1,4,0.8291191345239641
4,0,4,0.05271901918054164
4,0,4,0.8886935889394204
3,1,4,0.0494455745194533
4,0,4,NaN
3,1,4,0.9163216390929619
4,0,4,0.7322050477268979
2,2,4,0.27923371017636817
4,0,4,0.35291544996872376
4,0,4,NaN
4,0,4,0.7556978411434596
2,2,4,NaN
3,1,4,0.7582540955828375
4,0,4,0.27923371017636817
3,1,4,NaN
2,2,4,0.8540265500416823
2,2,4,0.27923371017636817
4,0,4,0.9857264206675347
1,3,4,NaN
1,3,4,NaN
2,2,4,NaN
3,1,4,NaN
2,2,4,NaN
4,0,4,NaN
3,1,4,0.06611573959509347
3,1,4,NaN
3,1,4,0.8886935889394204
2,2,4,0.27923371017636817
4,0,4,0.2690499474445848
3,1,4,NaN
2,2,4,0.6914431924244484
4,0,4,NaN
3,1,4,0.9836831168207316
2,2,4,NaN
4,0,4,0.6914431924244484
3,1,4,NaN
2,2,4,NaN
4,0,4,NaN
4,0,4,NaN
3,1,4,0.927808813496808
4,0,4,0.2689829743483109
2,2,4,0.007539947890695903
4,0,4,NaN
3,1,4,NaN
4,0,4,NaN
1,3,4,NaN
1,3,4,NaN
4,0,4,NaN
3,1,4,NaN
3,1,4,NaN
3,1,4,NaN
3,1,4,0.8553400459938837
3,1,4,0.27923371017636817
3,1,4,0.1298724704817915
4,0,4,0.6914431924244484
3,1,4,0.569149748895899
4,0,4,NaN
3,1,4,NaN
4,0,4,NaN
3,1,4,NaN
4,0,4,0.786623350458894
3,1,4,0.35291544996872376
4,0,4,NaN
4,0,4,0.976413425292083
3,1,4,0.9030952226408369
4,0,4,0.39064081951093954
3,1,4,0.7582540955828375
4,0,4,0.8553400459938837
4,0,4,0.6704287383046245
4,0,4,0.7582540955828375
4,0,4,NaN
4,0,4,0.6914431924244484
4,0,4,0.5238679062670301
3,1,4,0.8356407771585233
4,0,4,NaN
2,2,4,0.7760591422582112
4,0,4,0.569149748895899
4,0,4,NaN
4,0,4,NaN
4,0,4,0.04370689030141423
2,2,4,0.08596717446393809
2,2,4,0.44195283113052
4,0,4,0.27923371017636817
3,1,4,0.0069761914769390105
4,0,4,0.8733102078879845
4,0,4,NaN
4,0,4,0.6505728275062779
1,3,4,0.786623350458894
2,2,4,NaN
2,2,4,0.9163216390929619
4,0,4,0.43116983099757117
3,1,4,NaN
2,2,4,0.9574264943593161
2,2,4,0.005043121192482222
1,3,4,0.9163216390929619
3,1,4,0.6505728275062779
2,2,4,NaN
3,1,4,NaN
3,1,4,NaN
2,2,4,NaN
3,1,4,NaN
3,1,4,0.39064081951093954
4,0,4,0.7267509803124766
2,2,4,0.2521500365992926
3,1,4,NaN
2,2,4,0.16806732870266622
3,1,4,0.19236277848876807
3,1,4,NaN
4,0,4,0.9490411065363702
4,0,4,NaN
4,0,4,NaN
3,1,4,NaN
3,1,4,0.005043121192482222
3,1,4,NaN
4,0,4,0.35291544996872376
4,0,4,0.8553400459938837
4,0,4,0.786623350458894
3,1,4,NaN
3,1,4,0.39064081951093954
3,1,4,0.9857264206675347
4,0,4,NaN
4,0,4,NaN
1,3,4,0.9163216390929619
1,3,4,0.10251553182142131
3,1,4,NaN
4,0,4,0.16806732870266622
2,2,4,NaN
2,2,4,0.35291544996872376
2,2,4,NaN
3,1,4,0.3149813444585866
4,0,4,NaN
4,0,4,NaN
2,2,4,0.24524244003177142
2,2,4,NaN
4,0,4,0.1298724704817915
3,1,4,0.1298724704817915
4,0,4,0.9490411065363702
4,0,4,0.4000801055241669
2,2,4,0.6505728275062779
4,0,4,0.19236277848876807
3,1,4,NaN
4,0,4,0.03794641341295346
4,0,4,0.8553400459938837
3,1,4,0.3149813444585866
2,2,4,0.6104096037191906
2,2,4,0.39064081951093954
4,0,4,NaN
2,2,4,0.7875186770328252
2,2,4,NaN
3,1,4,0.7582540955828375
3,1,4,NaN
3,1,4,0.9163216390929619
3,1,4,NaN
3,1,4,0.18193580930670458
1,3,4,NaN
2,2,4,0.569149748895899
3,1,4,0.6505728275062779
3,1,4,0.9490411065363702
2,2,4,0.8356407771585233
2,2,4,NaN
3,1,4,NaN
4,0,4,NaN
1,3,4,0.6909108556815501
3,1,4,NaN
3,1,4,NaN
4,0,4,NaN
4,0,4,0.9811127762214269
4,0,4,0.42013414946672634
2,2,4,0.7582540955828375
4,0,4,NaN
4,0,4,NaN
3,1,4,0.0494455745194533
4,0,4,NaN
4,0,4,5.748522240791723e-7
2,2,4,0.9711836190363513
2,2,4,0.8356407771585233
1,3,4,NaN
2,2,4,0.569149748895899
3,1,4,0.8356407771585233
4,0,4,NaN
2,2,4,0.2180321792514569
4,0,4,0.6104096037191906
2,2,4,NaN
4,0,4,NaN
3,1,4,0.5238679062670301
3,1,4,0.6914431924244484
4,0,4,0.47793771766761745
4,0,4,0.2180321792514569
3,1,4,1.3149411495994443e-5
4,0,4,NaN
3,1,4,0.6122699191388004
4,0,4,0.9030952226408369
4,0,4,0.03794641341295346
3,1,4,0.7582540955828375
3,1,4,0.7267509803124766
3,1,4,0.786623350458894
3,1,4,0.9163216390929619
2,2,4,0.9490411065363702
3,1,4,NaN
4,0,4,NaN
1,3,4,0.43116983099757117
2,2,4,0.47793771766761745
4,0,4,NaN
4,0,4,0.8305914421970574
2,2,4,0.7267509803124766
3,1,4,NaN
4,0,4,NaN
2,2,4,0.7004946307553668
2,2,4,0.0069114224843666115
2,2,4,NaN
2,2,4,0.03794641341295346
4,0,4,0.07470550857760336
4,0,4,0.5238679062670301
3,1,4,0.9731516835978289
4,0,4,0.11404401218842061
4,0,4,0.569149748895899
4,0,4,0.6505728275062779
3,1,4,0.7267509803124766
3,1,4,0.8120477488685461
3,1,4,0.6505728275062779
3,1,4,0.028886075440067927
3,1,4,0.35291544996872376
2,2,4,NaN
3,1,4,NaN
4,0,4,0.8886935889394204
4,0,4,0.786623350458894
3,1,4,0.2180321792514569
4,0,4,0.786623350458894
4,0,4,NaN
2,2,4,0.27923371017636817
4,0,4,0.07719835415438564
4,0,4,NaN
2,2,4,NaN
4,0,4,0.6231994428908446
3,1,4,0.7267509803124766
4,0,4,NaN
3,1,4,NaN
3,1,4,0.9388397790286686
3,1,4,NaN
4,0,4,0.27923371017636817
3,1,4,0.8553400459938837
4,0,4,NaN
4,0,4,0.9388397790286686
3,1,4,NaN
4,0,4,NaN
3,1,4,NaN
4,0,4,0.4994966444245364
2,2,4,0.3149813444585866
4,0,4,NaN
4,0,4,0.8305914421970574
3,1,4,NaN
4,0,4,NaN
4,0,4,0.33756954203342066
4,0,4,0.569149748895899
3,1,4,0.8356407771585233
4,0,4,0.5238679062670301
1,3,4,0.24524244003177142
4,0,4,NaN
3,1,4,0.27923371017636817
3,1,4,0.47793771766761745
3,1,4,0.03317022976394289
3,1,4,0.9649170932836378
3,1,4,0.40685701951534237
1,3,4,0.8120477488685461
2,2,4,0.06611573959509347
3,1,4,0.569149748895899
2,2,4,0.569149748895899
4,0,4,0.7267509803124766
1,3,4,NaN
4,0,4,NaN
4,0,4,NaN
4,0,4,NaN
3,1,4,NaN
4,0,4,NaN
4,0,4,NaN
4,0,4,0.927808813496808
1,3,4,NaN
4,0,4,NaN
4,0,4,0.35291544996872376
3,1,4,NaN
3,1,4,0.03317022976394289
2,2,4,NaN
4,0,4,0.4409150679801434
3,1,4,0.16806732870266622
3,1,4,NaN
4,0,4,NaN
3,1,4,0.8356407771585233
4,0,4,NaN
2,2,4,0.786623350458894
2,2,4,NaN
4,0,4,NaN
1,3,4,0.34761220357298417
2,2,4,NaN
4,0,4,0.6505728275062779
2,2,4,0.8886935889394204
4,0,4,0.8356407771585233
4,0,4,NaN
4,0,4,NaN
3,1,4,0.6914431924244484
4,0,4,0.927808813496808
1,3,4,NaN
2,2,4,0.6914431924244484
3,1,4,NaN
4,0,4,0.2957340907500869
4,0,4,NaN
4,0,4,NaN
2,2,4,NaN
4,0,4,NaN
4,0,4,0.03317022976394289
2,2,4,0.02046232655892919
3,1,4,0.6505728275062779
4,0,4,NaN
3,1,4,NaN
4,0,4,NaN
4,0,4,NaN
4,0,4,NaN
4,0,4,NaN
3,1,4,NaN
3,1,4,0.7267509803124766
2,2,4,NaN
3,1,4,0.6505728275062779
4,0,4,0.14766029718238274
2,2,4,NaN
4,0,4,NaN
2,2,4,NaN
3,1,4,0.8553400459938837
4,0,4,NaN
3,1,4,0.18588064213351077
4,0,4,0.9163216390929619
3,1,4,0.9030952226408369
4,0,4,0.9490411065363702
2,2,4,NaN
3,1,4,0.24524244003177142
4,0,4,0.6914431924244484
4,0,4,0.47793771766761745
4,0,4,0.6914431924244484
3,1,4,0.0001270290512204407
3,1,4,0.3149813444585866
4,0,4,NaN
4,0,4,0.2180321792514569
4,0,4,NaN
3,1,4,NaN
2,2,4,0.8120477488685461
4,0,4,0.03317022976394289
4,0,4,0.9857264206675347
3,1,4,NaN
4,0,4,0.0494455745194533
4,0,4,0.8553400459938837
2,2,4,0.7267509803124766
4,0,4,0.8733102078879845
4,0,4,NaN
3,1,4,0.19236277848876807
4,0,4,0.4976876088405292
4,0,4,NaN
4,0,4,0.9811127762214269
4,0,4,NaN
3,1,4,NaN
3,1,4,0.9923256991209348
4,0,4,0.001382000381885569
4,0,4,0.03794641341295346
4,0,4,0.9030952226408369
2,2,4,0.8120477488685461
4,0,4,NaN
3,1,4,NaN
4,0,4,NaN
3,1,4,NaN
3,1,4,NaN
1,3,4,NaN
4,0,4,NaN
4,0,4,NaN
4,0,4,NaN
3,1,4,0.5238679062670301
3,1,4,0.9711836190363513
1,3,4,0.27923371017636817
1,3,4,0.0692309627638174
3,1,4,NaN
4,0,4,NaN
4,0,4,NaN
3,1,4,NaN
3,1,4,0.7556978411434596
4,0,4,NaN
2,2,4,0.6914431924244484
2,2,4,NaN
4,0,4,0.7582540955828375
4,0,4,NaN
4,0,4,NaN
4,0,4,NaN
4,0,4,0.8120477488685461
3,1,4,NaN
3,1,4,0.9030952226408369
3,1,4,0.569149748895899
3,1,4,NaN
2,2,4,0.7582540955828375
4,0,4,NaN
2,2,4,0.14766029718238274
2,2,4,NaN
4,0,4,NaN
4,0,4,NaN
4,0,4,0.1298724704817915
2,2,4,0.9388397790286686
3,1,4,NaN
2,2,4,NaN
3,1,4,0.8135122998034316
4,0,4,NaN
4,0,4,0.8120477488685461
4,0,4,0.06611573959509347
3,1,4,NaN
2,2,4,0.9711836190363513
4,0,4,0.5997367624036737
3,1,4,0.35291544996872376
4,0,4,NaN
4,0,4,0.14766029718238274
4,0,4,NaN
3,1,4,NaN
4,0,4,NaN
4,0,4,NaN
4,0,4,0.16806732870266622
4,0,4,0.06300956657182648
4,0,4,0.8553400459938837
3,1,4,NaN
3,1,4,0.9163216390929619
4,0,4,0.1535238301458931
4,0,4,NaN
3,1,4,NaN
3,1,4,NaN
4,0,4,0.569149748895899
4,0,4,0.3149813444585866
4,0,4,0.10485475353872681
3,1,4,NaN
4,0,4,NaN
3,1,4,0.9711836190363513
2,2,4,0.7582540955828375
4,0,4,NaN
3,1,4,0.39064081951093954
4,0,4,0.6505728275062779
2,2,4,0.03206353381043552
4,0,4,0.14766029718238274
4,0,4,NaN
4,0,4,NaN
4,0,4,NaN
2,2,4,NaN
3,1,4,0.8370498159240735
2,2,4,NaN
3,1,4,0.1298724704817915
4,0,4,NaN
4,0,4,0.569149748895899
4,0,4,NaN
2,2,4,NaN
4,0,4,NaN
4,0,4,NaN
4,0,4,0.0002956297645142123
2,2,4,0.24524244003177142
4,0,4,0.9574264943593161
4,0,4,0.6104096037191906
2,2,4,NaN
2,2,4,0.7267509803124766
4,0,4,0.2180321792514569
3,1,4,0.8733102078879845
4,0,4,0.43116983099757117
4,0,4,NaN
4,0,4,NaN
1,3,4,0.19236277848876807
4,0,4,NaN
4,0,4,NaN
4,0,4,NaN
4,0,4,NaN
4,0,4,0.47793771766761745
1,3,4,NaN
4,0,4,0.11404401218842061
4,0,4,0.08289776252598251
2,2,4,0.24524244003177142
4,0,4,NaN
4,0,4,0.49918214384274195
4,0,4,0.6505728275062779
2,2,4,NaN
4,0,4,0.786623350458894
3,1,4,0.569149748895899
3,1,4,0.35291544996872376
2,2,4,NaN
4,0,4,0.43116983099757117
4,0,4,NaN
1,3,4,NaN
4,0,4,0.14766029718238274
4,0,4,0.3149813444585866
2,2,4,0.5238679062670301
4,0,4,0.569149748895899
4,0,4,NaN
3,1,4,NaN
4,0,4,0.786623350458894
2,2,4,0.9711836190363513
3,1,4,0.47793771766761745
2,2,4,0.39064081951093954
4,0,4,NaN
4,0,4,0.43116983099757117
3,1,4,0.04370689030141423
4,0,4,0.6505728275062779
4,0,4,0.008126970210441814
4,0,4,NaN
4,0,4,NaN
1,3,4,NaN
4,0,4,NaN
3,1,4,0.7267509803124766
3,1,4,0.9030952226408369
3,1,4,0.569149748895899
2,2,4,0.19236277848876807
4,0,4,0.7208267934113812
2,2,4,0.25841863339059545
2,2,4,0.6141325293870626
1,3,4,0.8120477488685461
4,0,4,NaN
4,0,4,NaN
4,0,4,NaN
3,1,4,0.39064081951093954
4,0,4,0.8553400459938837
2,2,4,NaN
4,0,4,NaN
4,0,4,0.6714506732851715
3,1,4,0.8553400459938837
2,2,4,0.43116983099757117
3,1,4,NaN
4,0,4,0.927808813496808
4,0,4,0.6848402521701592
2,2,4,0.7267509803124766
3,1,4,0.27923371017636817
4,0,4,0.1298724704817915
4,0,4,0.6104096037191906
2,2,4,NaN
4,0,4,NaN
4,0,4,NaN
4,0,4,0.43116983099757117
3,1,4,0.9857264206675347
4,0,4,NaN
2,2,4,NaN
4,0,4,0.6944809040791058
4,0,4,NaN
4,0,4,NaN
3,1,4,0.35711384072784785
4,0,4,NaN
3,1,4,NaN
3,1,4,NaN
1,3,4,NaN
4,0,4,NaN
4,0,4,NaN
4,0,4,0.786623350458894
3,1,4,0.47793771766761745
2,2,4,0.14766029718238274
3,1,4,NaN
4,0,4,0.308520361888945
3,1,4,0.11404401218842061
4,0,4,NaN
1,3,4,NaN
4,0,4,0.4824007362109782
2,2,4,0.43116983099757117
3,1,4,NaN
4,0,4,NaN
4,0,4,NaN
4,0,4,0.7267509803124766
3,1,4,0.2180321792514569
4,0,4,NaN
4,0,4,0.6104096037191906
4,0,4,NaN
1,3,4,0.08596717446393809
1,3,4,NaN
2,2,4,0.9975663265144364
3,1,4,0.6104096037191906
3,1,4,0.6505728275062779
3,1,4,0.39064081951093954
3,1,4,0.6288963196793692
4,0,4,0.8120477488685461
4,0,4,NaN
3,1,4,0.20402678523788345
4,0,4,0.998767140334452
4,0,4,NaN
4,0,4,0.8553400459938837
4,0,4,0.8733102078879845
4,0,4,0.27923371017636817
4,0,4,0.005043121192482222
4,0,4,0.09943458759150654
3,1,4,0.3991804991956431
3,1,4,0.8356407771585233
4,0,4,NaN
3,1,4,NaN
2,2,4,NaN
3,1,4,0.7267509803124766
3,1,4,0.8356407771585233
4,0,4,NaN
4,0,4,NaN
3,1,4,NaN
3,1,4,0.19236277848876807
4,0,4,NaN
3,1,4,0.5238679062670301
3,1,4,0.9030952226408369
3,1,4,0.569149748895899
3,1,4,NaN
4,0,4,0.8356407771585233
3,1,4,0.3149813444585866
4,0,4,NaN
4,0,4,NaN
4,0,4,NaN
3,1,4,0.8120477488685461
3,1,4,NaN
4,0,4,0.35291544996872376
4,0,4,0.9163216390929619
4,0,4,0.9657678691820086
3,1,4,0.8370498159240735
3,1,4,0.1298724704817915
1,3,4,0.6104096037191906
2,2,4,0.5859398367146251
4,0,4,NaN
4,0,4,NaN
1,3,4,0.24524244003177142
4,0,4,NaN
2,2,4,NaN
2,2,4,0.35291544996872376
1,3,4,0.0494455745194533
3,1,4,NaN
3,1,4,NaN
1,3,4,NaN
3,1,4,0.8120477488685461
3,1,4,0.16806732870266622
4,0,4,NaN
4,0,4,0.8733102078879845
4,0,4,NaN
2,2,4,0.43116983099757117
4,0,4,NaN
3,1,4,0.8553400459938837
3,1,4,0.39064081951093954
4,0,4,0.9502097959375116
4,0,4,0.786623350458894
3,1,4,0.19236277848876807
4,0,4,NaN
3,1,4,0.6346329073632243
4,0,4,0.3149813444585866
1,3,4,NaN
4,0,4,NaN
2,2,4,0.21867556790285456
4,0,4,0.8886935889394204
3,1,4,0.6178846619406263
3,1,4,NaN
2,2,4,NaN
2,2,4,0.1054307557971246
4,0,4,0.569149748895899
4,0,4,NaN
3,1,4,0.28307077970323524
2,2,4,NaN
4,0,4,0.8553400459938837
3,1,4,0.6626854588022666
2,2,4,0.3149813444585866
4,0,4,0.9886555582423022
4,0,4,0.0494455745194533
2,2,4,0.6104096037191906
3,1,4,NaN
2,2,4,0.6104096037191906
3,1,4,0.01935040053557205
4,0,4,NaN
3,1,4,NaN
4,0,4,0.43116983099757117
2,2,4,0.14766029718238274
4,0,4,0.11404401218842061
2,2,4,0.6104096037191906
3,1,4,0.5238679062670301
2,2,4,0.14766029718238274
4,0,4,0.43116983099757117
4,0,4,NaN
1,3,4,NaN
4,0,4,NaN
4,0,4,0.8356407771585233
4,0,4,NaN
2,2,4,NaN
3,1,4,0.045617003110543904
3,1,4,0.016220583372708347
2,2,4,0.03832442848911993
4,0,4,0.8733102078879845
4,0,4,0.9030952226408369
4,0,4,0.15070034843408195
2,2,4,0.2980050038846693
3,1,4,0.24524244003177142
3,1,4,NaN
4,0,4,0.025567511248207955
3,1,4,0.8553400459938837
2,2,4,NaN
3,1,4,NaN
4,0,4,NaN
4,0,4,NaN
2,2,4,NaN
3,1,4,0.786623350458894
3,1,4,NaN
3,1,4,0.08596717446393809
4,0,4,0.08020410541711359
3,1,4,0.13904733870987065
4,0,4,0.6505728275062779
3,1,4,NaN
1,3,4,NaN
4,0,4,0.08596717446393809
2,2,4,NaN
3,1,4,0.7762201877346611
4,0,4,0.35291544996872376
4,0,4,NaN
3,1,4,0.009778647628762748
3,1,4,NaN
4,0,4,NaN
3,1,4,NaN
1,3,4,NaN
4,0,4,NaN
3,1,4,0.7051840551574875
4,0,4,0.6505728275062779
4,0,4,0.16044197349517517
3,1,4,NaN
4,0,4,NaN
4,0,4,0.8415454746148262
3,1,4,NaN
4,0,4,0.5238679062670301
4,0,4,NaN
2,2,4,0.11404401218842061
4,0,4,NaN
3,1,4,0.569149748895899
4,0,4,NaN
4,0,4,0.9649170932836378
4,0,4,0.6505728275062779
3,1,4,0.7582540955828375
3,1,4,NaN
2,2,4,NaN
1,3,4,0.7582540955828375
2,2,4,0.6944809040791058
4,0,4,NaN
3,1,4,0.8553400459938837
3,1,4,0.08596717446393809
2,2,4,0.6181101058296996
3,1,4,0.3149813444585866
2,2,4,0.7582540955828375
4,0,4,NaN
1,3,4,0.06295943328276828
2,2,4,0.08596717446393809
2,2,4,0.6181101058296996
2,2,4,NaN
2,2,4,0.01389863463638223
4,0,4,NaN
3,1,4,0.6505728275062779
4,0,4,NaN
3,1,4,0.47793771766761745
4,0,4,0.9388397790286686
3,1,4,NaN
4,0,4,0.7147310020537643
1,3,4,NaN
3,1,4,NaN
2,2,4,NaN
4,0,4,0.8886935889394204
3,1,4,0.35291544996872376
3,1,4,NaN
4,0,4,0.8120477488685461
4,0,4,0.6505728275062779
3,1,4,NaN
4,0,4,0.1298724704817915
3,1,4,0.7582540955828375
2,2,4,0.8694736073002092
3,1,4,0.11404401218842061
4,0,4,0.29152744922397855
4,0,4,NaN
2,2,4,0.7727911082485781
2,2,4,0.8733102078879845
1,3,4,NaN
3,1,4,0.9490411065363702
4,0,4,NaN
4,0,4,NaN
3,1,4,NaN
4,0,4,NaN
4,0,4,NaN
3,1,4,0.6505728275062779
3,1,4,0.01821922353681587
2,2,4,NaN
2,2,4,0.2180321792514569
3,1,4,NaN
1,3,4,0.16806732870266622
2,2,4,0.6104096037191906
2,2,4,0.786623350458894
1,3,4,0.3149813444585866
4,0,4,NaN
3,1,4,NaN
3,1,4,0.7582540955828375
4,0,4,0.7267509803124766
2,2,4,NaN
2,2,4,NaN
4,0,4,0.14766029718238274
4,0,4,0.5238679062670301
3,1,4,0.9649170932836378
4,0,4,NaN
4,0,4,0.7267509803124766
1,3,4,NaN
3,1,4,0.6505728275062779
4,0,4,0.6104096037191906
3,1,4,NaN
4,0,4,0.8120477488685461
2,2,4,0.0004710372881317063
3,1,4,0.9030952226408369
3,1,4,0.9490411065363702
4,0,4,NaN
4,0,4,NaN
4,0,4,0.5238679062670301
3,1,4,0.7267509803124766
4,0,4,NaN
4,0,4,0.927808813496808
3,1,4,NaN
4,0,4,0.6914431924244484
4,0,4,0.058843633883826824
4,0,4,0.14766029718238274
4,0,4,0.8886935889394204
2,2,4,0.6914431924244484
3,1,4,0.9711836190363513
4,0,4,NaN
4,0,4,0.6777695128181356
4,0,4,NaN
1,3,4,0.39064081951093954
4,0,4,NaN
2,2,4,0.16806732870266622
4,0,4,4.011866711475556e-5
3,1,4,0.8509109221945315
4,0,4,NaN
4,0,4,0.27923371017636817
4,0,4,0.7267509803124766
4,0,4,0.16806732870266622
3,1,4,0.9711836190363513
3,1,4,NaN
3,1,4,0.27923371017636817
4,0,4,0.6914431924244484
4,0,4,0.35291544996872376
4,0,4,NaN
3,1,4,0.35291544996872376
2,2,4,NaN
3,1,4,0.24524244003177142
3,1,4,NaN
3,1,4,0.11404401218842061
4,0,4,NaN
1,3,4,NaN
4,0,4,NaN
4,0,4,NaN
1,3,4,0.73411009250689
4,0,4,0.21867556790285456
4,0,4,NaN
4,0,4,NaN
4,0,4,0.27923371017636817
4,0,4,NaN
2,2,4,NaN
4,0,4,NaN
4,0,4,NaN
4,0,4,NaN
3,1,4,0.6914431924244484
1,3,4,NaN
3,1,4,0.47793771766761745
3,1,4,0.7267509803124766
3,1,4,NaN
3,1,4,0.5988966746409761
2,2,4,0.9490411065363702
4,0,4,0.39064081951093954
3,1,4,0.47793771766761745
2,2,4,NaN
4,0,4,0.05548669974491552
4,0,4,NaN
3,1,4,0.24524244003177142
4,0,4,0.569149748895899
3,1,4,0.8553400459938837
3,1,4,NaN
4,0,4,0.927808813496808
4,0,4,0.8356407771585233
3,1,4,0.18769446178203986
3,1,4,0.7616161931560907
3,1,4,NaN
4,0,4,NaN
4,0,4,NaN
4,0,4,NaN
4,0,4,0.6539048895087975
3,1,4,0.19236277848876807
4,0,4,0.5238679062670301
2,2,4,0.2180321792514569
4,0,4,NaN
3,1,4,0.9388397790286686
4,0,4,NaN
3,1,4,0.786623350458894
4,0,4,NaN
2,2,4,0.3742435995723311
4,0,4,NaN
3,1,4,0.6612022198553533
2,2,4,0.3149813444585866
3,1,4,NaN
2,2,4,NaN
4,0,4,NaN
4,0,4,0.9163216390929619
2,2,4,0.6104096037191906
3,1,4,0.569149748895899
2,2,4,NaN
3,1,4,NaN
2,2,4,NaN
3,1,4,NaN
4,0,4,2.1440501193350732e-5
4,0,4,0.927808813496808
4,0,4,0.3149813444585866
3,1,4,0.786623350458894
4,0,4,0.9010636307194763
4,0,4,0.8553400459938837
4,0,4,0.1897264079208636
2,2,4,NaN
3,1,4,0.6104096037191906
4,0,4,0.3149813444585866
2,2,4,0.3149813444585866
4,0,4,0.9388397790286686
3,1,4,0.5238679062670301
3,1,4,NaN
2,2,4,0.2180321792514569
3,1,4,NaN
3,1,4,NaN
3,1,4,0.4994966444245364
4,0,4,0.6104096037191906
4,0,4,NaN
3,1,4,0.7635139812160975
4,0,4,NaN
2,2,4,0.6453854222765528
3,1,4,NaN
3,1,4,NaN
2,2,4,NaN
4,0,4,0.6104096037191906
4,0,4,0.6165709600421269
2,2,4,0.569149748895899
3,1,4,NaN
2,2,4,NaN
4,0,4,0.24524244003177142
3,1,4,0.47793771766761745
3,1,4,0.6177018808509218
4,0,4,NaN
4,0,4,NaN
2,2,4,NaN
3,1,4,NaN
2,2,4,0.37400156131655193
4,0,4,NaN
3,1,4,0.04663580361483409
2,2,4,0.7582540955828375
4,0,4,NaN
1,3,4,0.09943458759150654
4,0,4,NaN
3,1,4,NaN
4,0,4,0.6914431924244484
4,0,4,0.9811127762214269
3,1,4,0.976413425292083
3,1,4,0.569149748895899
2,2,4,0.9388397790286686
4,0,4,0.47793771766761745
4,0,4,0.9163216390929619
3,1,4,NaN
1,3,4,NaN
4,0,4,0.6914431924244484
2,2,4,0.47793771766761745
3,1,4,0.7556978411434596
4,0,4,0.2180321792514569
4,0,4,0.27923371017636817
4,0,4,NaN
4,0,4,0.976413425292083
4,0,4,0.9030952226408369
3,1,4,0.786623350458894
2,2,4,0.8356407771585233
2,2,4,0.569149748895899
2,2,4,0.927808813496808
1,3,4,NaN
1,3,4,NaN
4,0,4,0.08596717446393809
3,1,4,NaN
4,0,4,NaN
4,0,4,0.6104096037191906
4,0,4,0.8120477488685461
4,0,4,0.2180321792514569
4,0,4,NaN
3,1,4,0.43116983099757117
3,1,4,NaN
4,0,4,0.14766029718238274
3,1,4,0.6914431924244484
4,0,4,NaN
4,0,4,0.47793771766761745
4,0,4,0.43116983099757117
2,2,4,0.6104096037191906
4,0,4,0.6104096037191906
4,0,4,NaN
2,2,4,0.7267509803124766
4,0,4,0.6914431924244484
4,0,4,NaN
4,0,4,NaN
4,0,4,0.47793771766761745
3,1,4,0.8553400459938837
1,3,4,0.9490411065363702
4,0,4,NaN
2,2,4,0.04370689030141423
1,3,4,0.16806732870266622
4,0,4,0.6104096037191906
2,2,4,0.49795693882232495
3,1,4,NaN
3,1,4,0.43116983099757117
2,2,4,0.35291544996872376
4,0,4,0.006158458354327043
2,2,4,0.0494455745194533
4,0,4,NaN
3,1,4,NaN
4,0,4,0.5238679062670301
4,0,4,0.9030952226408369
3,1,4,NaN
3,1,4,0.14766029718238274
4,0,4,0.16806732870266622
4,0,4,0.8733102078879845
4,0,4,NaN
4,0,4,NaN
4,0,4,NaN
3,1,4,NaN
4,0,4,0.5514079975878313
3,1,4,0.4994966444245364
3,1,4,NaN
4,0,4,0.47793771766761745
4,0,4,NaN
4,0,4,NaN
4,0,4,0.7267509803124766
4,0,4,0.9574264943593161
3,1,4,0.27369177007057516
4,0,4,NaN
3,1,4,0.8120477488685461
4,0,4,0.16806732870266622
3,1,4,0.2180321792514569
3,1,4,NaN
4,0,4,0.35291544996872376
4,0,4,NaN
3,1,4,0.6130399561779601
4,0,4,0.8120477488685461
4,0,4,NaN
4,0,4,0.16806732870266622
4,0,4,NaN
4,0,4,NaN
4,0,4,0.6914431924244484
4,0,4,0.9030952226408369
2,2,4,0.8120477488685461
4,0,4,0.6104096037191906
4,0,4,0.24524244003177142
3,1,4,NaN
3,1,4,NaN
4,0,4,NaN
4,0,4,0.3149813444585866
3,1,4,0.5238679062670301
4,0,4,0.39064081951093954
4,0,4,NaN
4,0,4,0.011532985534739066
2,2,4,0.09943458759150654
4,0,4,NaN
3,1,4,NaN
4,0,4,0.0071420682232409315
4,0,4,NaN
3,1,4,0.47793771766761745
1,3,4,NaN
2,2,4,0.18027862260923705
4,0,4,0.7267509803124766
4,0,4,0.4994966444245364
4,0,4,NaN
4,0,4,0.7582540955828375
4,0,4,NaN
2,2,4,NaN
3,1,4,0.7582540955828375
3,1,4,0.6777695128181356
4,0,4,0.7582540955828375
1,3,4,0.9388397790286686
4,0,4,0.1854137792993142
4,0,4,0.8356407771585233
2,2,4,0.8438423357264185
3,1,4,NaN
2,2,4,0.9490411065363702
2,2,4,0.9811127762214269
4,0,4,NaN
4,0,4,0.786623350458894
3,1,4,NaN
4,0,4,0.8356407771585233
4,0,4,0.004974307492999009
3,1,4,NaN
4,0,4,0.9030952226408369
3,1,4,NaN
2,2,4,NaN
4,0,4,0.24524244003177142
4,0,4,0.39064081951093954
3,1,4,NaN
3,1,4,NaN
4,0,4,0.976413425292083
4,0,4,0.8886935889394204
4,0,4,NaN
3,1,4,0.24524244003177142
3,1,4,0.27923371017636817
4,0,4,NaN
3,1,4,NaN
3,1,4,0.39064081951093954
2,2,4,NaN
2,2,4,0.9490411065363702
3,1,4,NaN
4,0,4,NaN
3,1,4,0.03794641341295346
4,0,4,0.6914431924244484
3,1,4,0.8356407771585233
4,0,4,NaN
1,3,4,0.39064081951093954
4,0,4,NaN
4,0,4,0.7267509803124766
3,1,4,NaN
1,3,4,NaN
2,2,4,0.9030952226408369
2,2,4,NaN
4,0,4,NaN
4,0,4,0.47699782718635464
3,1,4,NaN
4,0,4,NaN
3,1,4,0.47793771766761745
2,2,4,NaN
2,2,4,0.39064081951093954
4,0,4,0.569149748895899
2,2,4,0.9944136266474382
4,0,4,0.47793771766761745
2,2,4,0.6505728275062779
2,2,4,0.19236277848876807
2,2,4,0.6505728275062779
4,0,4,0.016314898271010056
3,1,4,NaN
3,1,4,0.5238679062670301
3,1,4,0.39064081951093954
4,0,4,NaN
4,0,4,0.16806732870266622
4,0,4,0.569149748895899
4,0,4,NaN
2,2,4,0.16806732870266622
1,3,4,0.8120477488685461
1,3,4,0.39064081951093954
4,0,4,0.2180321792514569
4,0,4,0.9163216390929619
2,2,4,NaN
4,0,4,0.7560845963589301
4,0,4,0.024979424385777767
4,0,4,NaN
2,2,4,0.0011189098452109635
4,0,4,NaN
4,0,4,0.8120477488685461
4,0,4,NaN
4,0,4,0.03317022976394289
3,1,4,0.8886935889394204
4,0,4,NaN
4,0,4,NaN
4,0,4,NaN
4,0,4,NaN
3,1,4,NaN
4,0,4,0.04370689030141423
4,0,4,NaN
4,0,4,0.1739887363054829
3,1,4,NaN
4,0,4,0.39064081951093954
4,0,4,0.6104096037191906
2,2,4,0.8553400459938837
4,0,4,0.3149813444585866
1,3,4,NaN
4,0,4,0.47793771766761745
3,1,4,0.47793771766761745
4,0,4,0.24524244003177142
3,1,4,NaN
4,0,4,0.9574264943593161
3,1,4,NaN
3,1,4,0.7582540955828375
3,1,4,0.7267509803124766
4,0,4,0.6914431924244484
4,0,4,0.9388397790286686
4,0,4,0.2180321792514569
4,0,4,NaN
4,0,4,0.9811127762214269
4,0,4,0.6306127289580729
2,2,4,0.5932290821066095
3,1,4,NaN
3,1,4,NaN
4,0,4,NaN
3,1,4,NaN
2,2,4,NaN
2,2,4,0.003348050780605804
4,0,4,0.2689829743483109
3,1,4,NaN
3,1,4,0.6914431924244484
3,1,4,NaN
3,1,4,NaN
4,0,4,0.24524244003177142
2,2,4,0.6914431924244484
4,0,4,0.11404401218842061
3,1,4,0.8553400459938837
4,0,4,0.8733102078879845
3,1,4,NaN
3,1,4,0.23547303736951072
4,0,4,0.9030952226408369
3,1,4,0.7380430366376391
2,2,4,0.569149748895899
2,2,4,0.2180321792514569
1,3,4,0.19236277848876807
1,3,4,0.663023519876961
4,0,4,0.6104096037191906
2,2,4,NaN
2,2,4,0.24524244003177142
4,0,4,NaN
2,2,4,0.24524244003177142
4,0,4,0.8733102078879845
1,3,4,0.0069761914769390105
2,2,4,0.7267509803124766
3,1,4,0.47793771766761745
4,0,4,NaN
4,0,4,NaN
3,1,4,0.04370689030141423
4,0,4,NaN
3,1,4,0.786623350458894
4,0,4,NaN
4,0,4,NaN
4,0,4,0.9163216390929619
3,1,4,NaN
3,1,4,0.8120477488685461
4,0,4,NaN
3,1,4,0.786623350458894
4,0,4,0.024979424385777767
2,2,4,NaN
2,2,4,NaN
4,0,4,NaN
2,2,4,NaN
3,1,4,NaN
4,0,4,NaN
3,1,4,NaN
2,2,4,NaN
2,2,4,0.47793771766761745
4,0,4,0.8120477488685461
1,3,4,0.35291544996872376
2,2,4,0.6225606058772853
4,0,4,NaN
4,0,4,NaN
4,0,4,NaN
3,1,4,0.4994966444245364
4,0,4,0.2973153698543936
4,0,4,0.24524244003177142
2,2,4,NaN
4,0,4,NaN
4,0,4,0.6277385253821351
4,0,4,0.786623350458894
3,1,4,0.9227794561684306
3,1,4,0.2914385579466906
3,1,4,0.09943458759150654
2,2,4,NaN
4,0,4,NaN
2,2,4,NaN
4,0,4,NaN
3,1,4,0.569149748895899
4,0,4,NaN
3,1,4,0.19487843896651855
2,2,4,0.921881291872341
4,0,4,0.03432256643084406
2,2,4,0.8733102078879845
4,0,4,NaN
3,1,4,NaN
3,1,4,0.6330615509315789
2,2,4,NaN
2,2,4,0.8733102078879845
4,0,4,NaN
2,2,4,NaN
3,1,4,0.8553400459938837
3,1,4,NaN
4,0,4,0.27923371017636817
4,0,4,NaN
1,3,4,NaN
3,1,4,NaN
4,0,4,NaN
2,2,4,0.927808813496808
4,0,4,NaN
4,0,4,0.7267509803124766
4,0,4,NaN
4,0,4,NaN
3,1,4,NaN
2,2,4,NaN
2,2,4,0.7377518677167634
3,1,4,NaN
3,1,4,0.47793771766761745
3,1,4,0.07470550857760336
2,2,4,NaN
4,0,4,NaN
4,0,4,0.9388397790286686
2,2,4,NaN
4,0,4,0.5300588416032667
4,0,4,NaN
4,0,4,NaN
3,1,4,NaN
3,1,4,NaN
2,2,4,NaN
2,2,4,0.9657678691820086
4,0,4,0.16806732870266622
2,2,4,NaN
4,0,4,0.7718834732979032
1,3,4,0.17963188626737284
4,0,4,0.028886075440067927
2,2,4,0.24524244003177142
3,1,4,0.8553400459938837
1,3,4,NaN
3,1,4,NaN
4,0,4,NaN
3,1,4,NaN
2,2,4,0.1298724704817915
4,0,4,0.43116983099757117
4,0,4,0.786623350458894
2,2,4,0.7582540955828375
4,0,4,0.9466960694546169
2,2,4,NaN
3,1,4,NaN
4,0,4,0.6104096037191906
3,1,4,0.23967195993390902
4,0,4,NaN
4,0,4,0.2180321792514569
4,0,4,0.9388397790286686
3,1,4,NaN
4,0,4,0.39064081951093954
2,2,4,0.2180321792514569
4,0,4,0.2180321792514569
3,1,4,0.6505728275062779
3,1,4,0.569149748895899
4,0,4,0.35291544996872376
4,0,4,0.6104096037191906
2,2,4,0.4409150679801434
3,1,4,0.19236277848876807
4,0,4,NaN
4,0,4,0.1298724704817915
3,1,4,0.47793771766761745
1,3,4,0.11404401218842061
3,1,4,0.05735097310840156
4,0,4,NaN
3,1,4,0.3149813444585866
3,1,4,0.7267509803124766
4,0,4,NaN
3,1,4,0.09943458759150654
2,2,4,0.9490029168098503
2,2,4,0.9711836190363513
4,0,4,0.6914431924244484
2,2,4,0.6104096037191906
2,2,4,0.22884993719077776
4,0,4,0.0061295503385386625
4,0,4,0.3149813444585866
2,2,4,NaN
2,2,4,0.831498887551991
4,0,4,NaN
1,3,4,NaN
4,0,4,NaN
3,1,4,0.07470550857760336
4,0,4,0.9490411065363702
3,1,4,NaN
2,2,4,NaN
4,0,4,0.7267509803124766
2,2,4,0.1298724704817915
4,0,4,NaN
2,2,4,0.35064018308951
3,1,4,0.09943458759150654
2,2,4,0.9857264206675347
4,0,4,0.35235143506324895
4,0,4,0.35291544996872376
2,2,4,0.07071721497299611
4,0,4,0.9030952226408369
2,2,4,0.8120477488685461
4,0,4,0.6914431924244484
3,1,4,0.27923371017636817
1,3,4,NaN
1,3,4,NaN
4,0,4,0.038709141732408185
2,2,4,0.6505728275062779
4,0,4,NaN
4,0,4,NaN
2,2,4,0.49584438759889266
4,0,4,NaN
4,0,4,0.8886935889394204
3,1,4,NaN
4,0,4,NaN
1,3,4,0.413668157711759
4,0,4,0.0494455745194533
3,1,4,NaN
3,1,4,0.6505728275062779
2,2,4,0.569149748895899
2,2,4,0.9030952226408369
3,1,4,0.8886935889394204
4,0,4,0.6914431924244484
2,2,4,NaN
3,1,4,NaN
4,0,4,NaN
2,2,4,0.03794641341295346
4,0,4,0.8516857984937946
2,2,4,0.8733102078879845
2,2,4,0.8841108077998974
3,1,4,0.7139341762418627
4,0,4,NaN
4,0,4,NaN
4,0,4,NaN
4,0,4,NaN
4,0,4,0.6104096037191906
3,1,4,NaN
3,1,4,0.6104096037191906
4,0,4,NaN
4,0,4,0.002862089447820485
2,2,4,0.976413425292083
4,0,4,0.976413425292083
3,1,4,0.4483075739664987
4,0,4,0.2625507503654805
3,1,4,0.18701148541468426
4,0,4,0.786623350458894
4,0,4,0.9894656266614458
3,1,4,NaN
4,0,4,NaN
4,0,4,NaN
4,0,4,0.0052607313297347936
1,3,4,0.14766029718238274
2,2,4,NaN
3,1,4,NaN
3,1,4,0.7267509803124766
4,0,4,0.43116983099757117
2,2,4,0.9490411065363702
4,0,4,0.9030952226408369
3,1,4,0.569149748895899
4,0,4,0.7582540955828375
4,0,4,NaN
3,1,4,0.7582540955828375
4,0,4,0.06373980375872917
4,0,4,NaN
4,0,4,0.24524244003177142
2,2,4,0.9163216390929619
3,1,4,0.6505728275062779
4,0,4,0.9574264943593161
3,1,4,0.9030952226408369
3,1,4,NaN
2,2,4,0.8356407771585233
2,2,4,0.39064081951093954
3,1,4,NaN
4,0,4,NaN
3,1,4,NaN
4,0,4,0.24524244003177142
3,1,4,0.8733102078879845
2,2,4,NaN
1,3,4,NaN
3,1,4,0.7560845963589301
3,1,4,0.7267509803124766
3,1,4,0.24524244003177142
4,0,4,0.8733102078879845
4,0,4,NaN
4,0,4,0.023500530581361104
4,0,4,0.05735097310840156
4,0,4,0.11404401218842061
4,0,4,0.14766029718238274
3,1,4,0.2895896325248102
1,3,4,NaN
1,3,4,0.9649170932836378
2,2,4,0.024979424385777767
3,1,4,0.35064018308951
2,2,4,NaN
4,0,4,0.14833948041286477
4,0,4,0.9711836190363513
4,0,4,0.7582540955828375
4,0,4,0.8553400459938837
3,1,4,NaN
4,0,4,NaN
4,0,4,0.9711836190363513
4,0,4,0.9944136266474382
3,1,4,0.7267509803124766
3,1,4,0.5238679062670301
4,0,4,NaN
4,0,4,NaN
4,0,4,NaN
4,0,4,0.8733102078879845
3,1,4,NaN
4,0,4,NaN
4,0,4,NaN
2,2,4,NaN
3,1,4,0.08596717446393809
4,0,4,0.927808813496808
4,0,4,0.569149748895899
3,1,4,0.9574264943593161
1,3,4,0.3991804991956431
2,2,4,NaN
4,0,4,0.39064081951093954
2,2,4,0.976413425292083
2,2,4,NaN
4,0,4,0.9388397790286686
2,2,4,0.8733102078879845
4,0,4,NaN
3,1,4,0.9163216390929619
4,0,4,NaN
3,1,4,0.8120477488685461
4,0,4,NaN
4,0,4,NaN
3,1,4,0.9857264206675347
4,0,4,0.8553400459938837
4,0,4,0.7582540955828375
4,0,4,NaN
3,1,4,NaN
2,2,4,NaN
2,2,4,0.2180321792514569
2,2,4,0.8733102078879845
1,3,4,0.7582540955828375
3,1,4,0.7267509803124766
3,1,4,0.7251339425213262
4,0,4,NaN
3,1,4,NaN
3,1,4,0.7582540955828375
4,0,4,0.6104096037191906
2,2,4,0.976413425292083
2,2,4,NaN
3,1,4,0.8120477488685461
1,3,4,0.47669007767124383
3,1,4,0.5238679062670301
3,1,4,NaN
3,1,4,0.26248301038701094
3,1,4,0.5238679062670301
3,1,4,NaN
2,2,4,NaN
2,2,4,0.976413425292083
4,0,4,NaN
2,2,4,NaN
4,0,4,NaN
3,1,4,0.14632154380015464
3,1,4,NaN
4,0,4,0.6833758768314452
3,1,4,0.026788836799488437
4,0,4,NaN
3,1,4,NaN
4,0,4,NaN
3,1,4,0.09943458759150654
3,1,4,0.8886935889394204
3,1,4,NaN
2,2,4,NaN
4,0,4,0.24524244003177142
3,1,4,0.003736962491151852
4,0,4,0.9711836190363513
4,0,4,0.9388397790286686
3,1,4,0.9163216390929619
4,0,4,NaN
4,0,4,NaN
3,1,4,0.08596717446393809
3,1,4,NaN
3,1,4,NaN
4,0,4,0.8120477488685461
4,0,4,0.47793771766761745
4,0,4,0.9923256991209348
2,2,4,0.06846923668517754
4,0,4,0.8356407771585233
1,3,4,0.8553400459938837
4,0,4,NaN
3,1,4,NaN
4,0,4,NaN
4,0,4,NaN
4,0,4,NaN
3,1,4,0.03794641341295346
4,0,4,NaN
4,0,4,0.11404401218842061
2,2,4,0.8815560790124995
4,0,4,0.9030952226408369
2,2,4,NaN
4,0,4,NaN
4,0,4,0.7582540955828375
3,1,4,NaN
4,0,4,0.7582540955828375
3,1,4,0.8733102078879845
3,1,4,0.7267509803124766
4,0,4,NaN
4,0,4,NaN
4,0,4,NaN
4,0,4,NaN
3,1,4,0.14766029718238274
2,2,4,NaN
4,0,4,0.5237651580395428
3,1,4,NaN
2,2,4,0.2180321792514569
3,1,4,NaN
4,0,4,NaN
1,3,4,0.0762619312245506
4,0,4,0.6914431924244484
4,0,4,0.8288275170208178
4,0,4,0.8733102078879845
3,1,4,0.8356407771585233
4,0,4,0.43116983099757117
3,1,4,0.16806732870266622
1,3,4,0.16307530245483515
4,0,4,NaN
4,0,4,0.8886935889394204
4,0,4,0.6539048895087975
3,1,4,0.7267509803124766
1,3,4,0.9402136794595342
3,1,4,0.8184811231907887
4,0,4,0.43116983099757117
1,3,4,NaN
3,1,4,0.24524244003177142
3,1,4,0.9163216390929619
3,1,4,0.35291544996872376
4,0,4,0.8120477488685461
4,0,4,NaN
4,0,4,0.43116983099757117
4,0,4,0.35291544996872376
3,1,4,0.7582540955828375
2,2,4,NaN
3,1,4,0.1634480400371566
4,0,4,0.9649170932836378
4,0,4,0.27923371017636817
4,0,4,NaN
3,1,4,NaN
2,2,4,NaN
3,1,4,0.14766029718238274
4,0,4,0.9711836190363513
4,0,4,NaN
4,0,4,0.18595098120809989
3,1,4,0.35291544996872376
3,1,4,0.7267509803124766
3,1,4,NaN
4,0,4,NaN
2,2,4,0.11404401218842061
4,0,4,0.015509795757573287
4,0,4,0.9163216390929619
3,1,4,0.2689829743483109
1,3,4,0.43116983099757117
4,0,4,0.7582540955828375
4,0,4,0.6104096037191906
3,1,4,NaN
3,1,4,NaN
3,1,4,NaN
4,0,4,0.5238679062670301
2,2,4,0.039413734062399126
3,1,4,0.512276410838285
2,2,4,0.8886935889394204
4,0,4,0.6914431924244484
4,0,4,NaN
3,1,4,NaN
4,0,4,0.4155837349263178
4,0,4,NaN
3,1,4,0.05735097310840156
4,0,4,0.35291544996872376
4,0,4,0.927808813496808
4,0,4,0.39064081951093954
3,1,4,NaN
4,0,4,NaN
4,0,4,NaN
4,0,4,0.2180321792514569
3,1,4,0.43116983099757117
3,1,4,0.9518742840488552
3,1,4,0.7582540955828375
4,0,4,NaN
4,0,4,0.9894656266614458
3,1,4,0.16806732870266622
3,1,4,0.11411656951662591
2,2,4,NaN
3,1,4,NaN
2,2,4,0.9639730398918742
3,1,4,0.27923371017636817
4,0,4,NaN
3,1,4,NaN
2,2,4,NaN
3,1,4,0.7267509803124766
4,0,4,NaN
4,0,4,0.8733102078879845
4,0,4,0.47793771766761745
3,1,4,NaN
3,1,4,NaN
3,1,4,NaN
4,0,4,NaN
3,1,4,0.6231994428908446
4,0,4,0.6104096037191906
4,0,4,0.6914431924244484
3,1,4,NaN
3,1,4,NaN
3,1,4,0.786623350458894
3,1,4,NaN
3,1,4,0.6914431924244484
2,2,4,NaN
3,1,4,0.6104096037191906
3,1,4,NaN
2,2,4,NaN
4,0,4,NaN
2,2,4,NaN
3,1,4,NaN
3,1,4,0.35291544996872376
4,0,4,0.43116983099757117
4,0,4,NaN
2,2,4,NaN
2,2,4,NaN
4,0,4,NaN
3,1,4,0.14766029718238274
3,1,4,NaN
2,2,4,0.8356407771585233
1,3,4,0.8886935889394204
3,1,4,NaN
4,0,4,0.6914431924244484
2,2,4,0.6104096037191906
3,1,4,NaN
3,1,4,0.7582540955828375
3,1,4,NaN
3,1,4,0.00019126760310733912
4,0,4,0.06611573959509347
3,1,4,NaN
4,0,4,0.5238679062670301
4,0,4,0.6104096037191906
2,2,4,0.11404401218842061
1,3,4,0.16806732870266622
4,0,4,0.8689082233424323
4,0,4,0.05735097310840156
4,0,4,0.35291544996872376
3,1,4,0.39064081951093954
3,1,4,0.7582540955828375
3,1,4,NaN
4,0,4,NaN
3,1,4,NaN
3,1,4,NaN
3,1,4,0.5238679062670301
2,2,4,NaN
3,1,4,NaN
2,2,4,0.16806732870266622
4,0,4,NaN
4,0,4,0.38120040655300724
4,0,4,NaN
2,2,4,0.35291544996872376
4,0,4,NaN
4,0,4,NaN
4,0,4,NaN
4,0,4,0.6914431924244484
3,1,4,NaN
3,1,4,0.976413425292083
4,0,4,NaN
4,0,4,0.786623350458894
3,1,4,0.47793771766761745
4,0,4,0.9030952226408369
4,0,4,0.35291544996872376
3,1,4,0.11404401218842061
3,1,4,0.7582540955828375
4,0,4,0.08831300977470789
4,0,4,0.02059491414632601
2,2,4,NaN
4,0,4,NaN
3,1,4,NaN
1,3,4,NaN
4,0,4,0.8733102078879845
2,2,4,0.9490411065363702
3,1,4,NaN
2,2,4,0.8733102078879845
4,0,4,0.4991160421078876
2,2,4,0.1298724704817915
2,2,4,0.5238679062670301
2,2,4,NaN
3,1,4,NaN
4,0,4,0.5710105808882789
4,0,4,NaN
3,1,4,0.49918214384274195
4,0,4,NaN
3,1,4,NaN
4,0,4,NaN
4,0,4,NaN
3,1,4,0.43116983099757117
4,0,4,0.279102362902047
4,0,4,NaN
4,0,4,0.2180321792514569
3,1,4,0.9030952226408369
4,0,4,NaN
3,1,4,0.9388397790286686
2,2,4,NaN
3,1,4,0.2180321792514569
4,0,4,NaN
3,1,4,NaN
3,1,4,0.005043121192482222
4,0,4,NaN
4,0,4,0.9711836190363513
4,0,4,0.01389863463638223
3,1,4,NaN
3,1,4,0.39064081951093954
2,2,4,0.35560298997368484
4,0,4,0.6505728275062779
3,1,4,0.9811127762214269
2,2,4,NaN
4,0,4,0.9163216390929619
4,0,4,NaN
4,0,4,0.6914431924244484
4,0,4,NaN
3,1,4,0.05735097310840156
2,2,4,NaN
3,1,4,0.3505066990350568
3,1,4,0.5260673748981816
3,1,4,NaN
4,0,4,NaN
3,1,4,0.3149813444585866
2,2,4,NaN
2,2,4,0.35291544996872376
3,1,4,NaN
2,2,4,0.8886935889394204
2,2,4,NaN
4,0,4,NaN
2,2,4,NaN
4,0,4,NaN
3,1,4,NaN
3,1,4,0.9811127762214269
3,1,4,0.569149748895899
3,1,4,0.39064081951093954
4,0,4,NaN
3,1,4,NaN
3,1,4,NaN
4,0,4,0.8120477488685461
4,0,4,0.4201688331859995
4,0,4,0.5238679062670301
4,0,4,NaN
3,1,4,NaN
4,0,4,0.1298724704817915
3,1,4,0.3421998722560615
4,0,4,NaN
4,0,4,0.927808813496808
3,1,4,NaN
4,0,4,0.9574264943593161
1,3,4,0.07608681169637632
3,1,4,NaN
4,0,4,NaN
4,0,4,NaN
2,2,4,0.927808813496808
2,2,4,0.3149813444585866
4,0,4,NaN
2,2,4,0.9944136266474382
3,1,4,0.569149748895899
3,1,4,0.9030952226408369
2,2,4,0.6505728275062779
3,1,4,NaN
2,2,4,0.786623350458894
2,2,4,NaN
4,0,4,NaN
3,1,4,0.786623350458894
1,3,4,0.6505728275062779
4,0,4,0.19236277848876807
4,0,4,NaN
3,1,4,NaN
3,1,4,NaN
2,2,4,0.12536168616024804
3,1,4,0.47793771766761745
4,0,4,NaN
3,1,4,0.008126970210441814
4,0,4,0.11404401218842061
1,3,4,NaN
4,0,4,NaN
4,0,4,NaN
4,0,4,NaN
4,0,4,NaN
4,0,4,NaN
4,0,4,0.9388397790286686
3,1,4,NaN
4,0,4,0.9163216390929619
4,0,4,NaN
4,0,4,NaN
3,1,4,NaN
1,3,4,0.39064081951093954
2,2,4,0.15960295294837254
1,3,4,NaN
3,1,4,0.028886075440067927
4,0,4,NaN
2,2,4,NaN
2,2,4,NaN
3,1,4,0.35291544996872376
3,1,4,NaN
3,1,4,NaN
1,3,4,NaN
1,3,4,0.569149748895899
2,2,4,NaN
2,2,4,0.3149813444585866
4,0,4,0.08596717446393809
1,3,4,0.5238679062670301
3,1,4,0.9388397790286686
2,2,4,0.17368710433506626
3,1,4,0.6914431924244484
3,1,4,NaN
2,2,4,0.2180321792514569
3,1,4,0.6773608429167917
4,0,4,0.569149748895899
2,2,4,NaN
4,0,4,0.9139887276047786
3,1,4,NaN
2,2,4,0.16806732870266622
4,0,4,NaN
2,2,4,0.13826789573170475
4,0,4,NaN
2,2,4,0.9649170932836378
2,2,4,0.27923371017636817
2,2,4,NaN
4,0,4,NaN
4,0,4,NaN
3,1,4,0.008126970210441814
3,1,4,0.021960220642977778
4,0,4,NaN
3,1,4,NaN
2,2,4,NaN
2,2,4,0.12061031337983635
3,1,4,NaN
3,1,4,0.3149813444585866
4,0,4,NaN
4,0,4,0.43116983099757117
1,3,4,NaN
3,1,4,NaN
4,0,4,0.24524244003177142
4,0,4,0.00013542545503155069
3,1,4,NaN
2,2,4,NaN
3,1,4,0.6505728275062779
3,1,4,0.1298724704817915
2,2,4,0.39064081951093954
4,0,4,0.03794641341295346
4,0,4,NaN
4,0,4,NaN
2,2,4,0.14766029718238274
3,1,4,NaN
1,3,4,NaN
1,3,4,0.8329384027277059
2,2,4,0.7852015756224541
2,2,4,0.786623350458894
4,0,4,0.2180321792514569
3,1,4,0.08596717446393809
2,2,4,2.836836183668568e-6
4,0,4,0.04370689030141423
3,1,4,0.43116983099757117
4,0,4,0.7267509803124766
3,1,4,0.927808813496808
1,3,4,0.11404401218842061
3,1,4,0.569149748895899
3,1,4,0.5238679062670301
1,3,4,0.7582540955828375
4,0,4,NaN
4,0,4,0.569149748895899
3,1,4,NaN
3,1,4,0.6505728275062779
3,1,4,NaN
3,1,4,0.5160174032611533
3,1,4,0.18268889243605613
2,2,4,0.4419631958573979
2,2,4,NaN
3,1,4,0.8356407771585233
4,0,4,0.5238679062670301
2,2,4,NaN
3,1,4,NaN
4,0,4,0.0494455745194533
4,0,4,NaN
3,1,4,NaN
4,0,4,NaN
4,0,4,0.27923371017636817
1,3,4,0.3149813444585866
2,2,4,NaN
4,0,4,NaN
2,2,4,0.35291544996872376
2,2,4,NaN
1,3,4,0.7582540955828375
2,2,4,0.6104096037191906
4,0,4,NaN
4,0,4,0.9711836190363513
3,1,4,NaN
4,0,4,0.35291544996872376
3,1,4,NaN
2,2,4,0.8733102078879845
3,1,4,NaN
4,0,4,0.6104096037191906
1,3,4,0.9379925816619488
3,1,4,NaN
2,2,4,0.43116983099757117
2,2,4,0.33726041884594316
3,1,4,NaN
2,2,4,0.3149813444585866
3,1,4,NaN
4,0,4,NaN
2,2,4,0.09943458759150654
2,2,4,0.8553400459938837
3,1,4,NaN
4,0,4,NaN
2,2,4,NaN
2,2,4,NaN
4,0,4,0.04370689030141423
4,0,4,0.43116983099757117
3,1,4,0.46840243521221187
3,1,4,0.84624810647053
4,0,4,0.8886935889394204
3,1,4,0.4718628802221467
2,2,4,0.35064018308951
4,0,4,NaN
3,1,4,0.6505728275062779
4,0,4,NaN
3,1,4,NaN
4,0,4,0.569149748895899
4,0,4,NaN
3,1,4,0.6914431924244484
2,2,4,0.3149813444585866
3,1,4,NaN
3,1,4,0.5238679062670301
4,0,4,0.7582540955828375
4,0,4,NaN
4,0,4,NaN
4,0,4,0.1298724704817915
3,1,4,0.835445920380814
4,0,4,0.07470550857760336
4,0,4,0.43116983099757117
4,0,4,NaN
3,1,4,NaN
4,0,4,NaN
2,2,4,0.06611573959509347
4,0,4,NaN
3,1,4,0.6914431924244484
2,2,4,0.6104096037191906
2,2,4,NaN
3,1,4,NaN
4,0,4,0.01440151796944689
2,2,4,0.017881082921032253
3,1,4,0.43116983099757117
2,2,4,NaN
2,2,4,NaN
3,1,4,NaN
3,1,4,0.6104096037191906
4,0,4,NaN
3,1,4,NaN
3,1,4,0.786623350458894
3,1,4,0.8356407771585233
2,2,4,NaN
4,0,4,0.786623350458894
4,0,4,NaN
4,0,4,0.9649170932836378
2,2,4,NaN
4,0,4,NaN
3,1,4,NaN
4,0,4,0.4994966444245364
4,0,4,0.47793771766761745
2,2,4,0.6124850666781179
4,0,4,0.927808813496808
4,0,4,NaN
3,1,4,NaN
3,1,4,0.02059491414632601
4,0,4,NaN
4,0,4,0.5238679062670301
4,0,4,0.9574264943593161
3,1,4,0.9857264206675347
4,0,4,NaN
1,3,4,0.6104096037191906
4,0,4,NaN
3,1,4,0.39064081951093954
4,0,4,NaN
2,2,4,0.47793771766761745
2,2,4,0.7582540955828375
4,0,4,0.2180321792514569
3,1,4,NaN
2,2,4,NaN
1,3,4,NaN
2,2,4,0.27923371017636817
3,1,4,NaN
4,0,4,0.8553400459938837
3,1,4,0.3266367607569598
3,1,4,0.9163216390929619
4,0,4,NaN
4,0,4,NaN
4,0,4,NaN
2,2,4,0.0026908597986054356
2,2,4,0.7267509803124766
2,2,4,0.3149813444585866
3,1,4,0.47793771766761745
4,0,4,0.39064081951093954
4,0,4,0.5238679062670301
3,1,4,NaN
3,1,4,0.023636278789770686
3,1,4,0.6603349835179124
4,0,4,0.02668274358731565
4,0,4,0.6104096037191906
4,0,4,0.5238679062670301
3,1,4,0.3149813444585866
1,3,4,0.5567740199748449
1,3,4,0.6914431924244484
2,2,4,NaN
3,1,4,0.6104096037191906
2,2,4,0.5610206340925104
4,0,4,NaN
4,0,4,0.6505728275062779
3,1,4,NaN
4,0,4,0.6914431924244484
4,0,4,NaN
1,3,4,0.06611573959509347
3,1,4,0.8553400459938837
4,0,4,0.29152744922397855
3,1,4,NaN
4,0,4,0.01880761644846058
2,2,4,0.1298724704817915
4,0,4,0.7267509803124766
2,2,4,NaN
3,1,4,0.3149813444585866
3,1,4,0.9235769684893195
2,2,4,NaN
3,1,4,NaN
4,0,4,NaN
3,1,4,0.298085208124839
4,0,4,0.10505601881811426
3,1,4,0.6944809040791058
2,2,4,NaN
4,0,4,0.7582540955828375
4,0,4,0.569149748895899
4,0,4,NaN
4,0,4,NaN
3,1,4,NaN
4,0,4,0.8120477488685461
3,1,4,0.39064081951093954
3,1,4,0.8120477488685461
2,2,4,NaN
3,1,4,0.8120477488685461
4,0,4,0.09591071523851115
4,0,4,NaN
4,0,4,NaN
3,1,4,0.7582540955828375
4,0,4,NaN
3,1,4,0.7582540955828375
2,2,4,NaN
4,0,4,NaN
3,1,4,0.05735097310840156
1,3,4,NaN
2,2,4,NaN
3,1,4,NaN
4,0,4,0.6104096037191906
4,0,4,NaN
4,0,4,0.7267509803124766
4,0,4,0.7267509803124766
4,0,4,NaN
3,1,4,0.7582540955828375
4,0,4,0.6505728275062779
4,0,4,NaN
4,0,4,0.8815560790124995
3,1,4,NaN
3,1,4,0.0006401202862313794
3,1,4,0.9163216390929619
3,1,4,NaN
4,0,4,NaN
2,2,4,NaN
3,1,4,0.11404401218842061
1,3,4,NaN
4,0,4,NaN
4,0,4,NaN
3,1,4,NaN
4,0,4,0.9811127762214269
3,1,4,0.6914431924244484
4,0,4,NaN
3,1,4,NaN
4,0,4,NaN
4,0,4,0.24595840223031296
4,0,4,NaN
2,2,4,NaN
3,1,4,NaN
2,2,4,0.6914431924244484
3,1,4,0.4224113138603762
4,0,4,0.3149813444585866
1,3,4,0.14766029718238274
3,1,4,NaN
4,0,4,NaN
4,0,4,NaN
3,1,4,0.6914431924244484
3,1,4,0.7635139812160975
4,0,4,0.9163216390929619
4,0,4,NaN
3,1,4,0.43116983099757117
4,0,4,NaN
2,2,4,NaN
4,0,4,NaN
4,0,4,NaN
4,0,4,NaN
4,0,4,NaN
4,0,4,NaN
2,2,4,0.07470550857760336
3,1,4,NaN
1,3,4,0.07470550857760336
4,0,4,0.7267509803124766
4,0,4,NaN
3,1,4,NaN
3,1,4,0.5238679062670301
4,0,4,0.8733102078879845
4,0,4,NaN
3,1,4,NaN
3,1,4,0.35291544996872376
4,0,4,0.21250165183378086
3,1,4,0.8886935889394204
4,0,4,0.35291544996872376
4,0,4,NaN
3,1,4,0.8120477488685461
3,1,4,0.786623350458894
2,2,4,0.43116983099757117
3,1,4,0.9030952226408369
3,1,4,NaN
4,0,4,0.9894656266614458
2,2,4,0.8356407771585233
3,1,4,0.9030952226408369
3,1,4,0.024979424385777767
2,2,4,NaN
3,1,4,0.008754673419487694
3,1,4,0.5238679062670301
4,0,4,NaN
3,1,4,NaN
2,2,4,0.6914431924244484
3,1,4,0.4153339203190224
4,0,4,0.5056158576458172
4,0,4,0.11404401218842061
3,1,4,0.11404401218842061
1,3,4,NaN
3,1,4,0.11035077653832408
3,1,4,NaN
3,1,4,0.9649170932836378
4,0,4,NaN
2,2,4,0.786623350458894
4,0,4,NaN
4,0,4,NaN
3,1,4,0.8886935889394204
3,1,4,0.9388397790286686
1,3,4,0.569149748895899
4,0,4,NaN
3,1,4,NaN
3,1,4,NaN
4,0,4,NaN
2,2,4,0.9388397790286686
3,1,4,0.08596717446393809
3,1,4,0.16806732870266622
3,1,4,NaN
4,0,4,0.8886935889394204
2,2,4,NaN
3,1,4,0.5238679062670301
2,2,4,0.43116983099757117
2,2,4,0.23451331947662785
4,0,4,0.1298724704817915
3,1,4,NaN
2,2,4,NaN
3,1,4,NaN
3,1,4,0.1546359837576767
2,2,4,0.024979424385777767
4,0,4,NaN
3,1,4,NaN
3,1,4,0.11441415810964797
3,1,4,0.976413425292083
4,0,4,NaN
3,1,4,0.16806732870266622
4,0,4,NaN
4,0,4,0.21789723100099276
2,2,4,NaN
3,1,4,0.15490981827571945
3,1,4,0.8553400459938837
4,0,4,NaN
4,0,4,0.569149748895899
4,0,4,0.39064081951093954
3,1,4,0.7470062346334309
3,1,4,NaN
4,0,4,0.5246816890440986
3,1,4,NaN
4,0,4,0.39064081951093954
4,0,4,0.024979424385777767
3,1,4,NaN
2,2,4,0.569149748895899
4,0,4,NaN
3,1,4,0.5238679062670301
3,1,4,NaN
4,0,4,NaN
4,0,4,NaN
3,1,4,NaN
3,1,4,0.6505728275062779
4,0,4,NaN
4,0,4,0.9030952226408369
3,1,4,0.35291544996872376
1,3,4,NaN
4,0,4,0.8356407771585233
2,2,4,0.8733102078879845
3,1,4,0.1200079059284548
2,2,4,0.16806732870266622
3,1,4,0.43116983099757117
3,1,4,0.8356407771585233
3,1,4,NaN
3,1,4,0.40685701951534237
4,0,4,NaN
4,0,4,NaN
2,2,4,0.813356305084054
2,2,4,0.6880751652472807
2,2,4,NaN
4,0,4,NaN
3,1,4,0.16806732870266622
4,0,4,NaN
2,2,4,0.569149748895899
2,2,4,NaN
4,0,4,0.8886935889394204
4,0,4,NaN
4,0,4,NaN
4,0,4,0.6104096037191906
3,1,4,NaN
2,2,4,NaN
3,1,4,0.9163216390929619
3,1,4,0.11404401218842061
2,2,4,0.5238679062670301
3,1,4,NaN
3,1,4,0.8553400459938837
4,0,4,NaN
2,2,4,NaN
2,2,4,0.6104096037191906
4,0,4,0.43116983099757117
3,1,4,NaN
3,1,4,0.7267509803124766
3,1,4,0.9894656266614458
4,0,4,NaN
4,0,4,0.47793771766761745
4,0,4,0.04370689030141423
3,1,4,NaN
2,2,4,NaN
4,0,4,NaN
4,0,4,0.2582603317772707
3,1,4,NaN
1,3,4,0.9163216390929619
4,0,4,0.19236277848876807
4,0,4,NaN
2,2,4,0.12645481336172268
2,2,4,NaN
4,0,4,0.14766029718238274
3,1,4,0.6914431924244484
2,2,4,0.021960220642977778
4,0,4,0.43116983099757117
2,2,4,0.24524244003177142
2,2,4,0.9388397790286686
3,1,4,0.09943458759150654
4,0,4,NaN
2,2,4,0.1586433407991969
2,2,4,0.05942871667226306
4,0,4,NaN
3,1,4,0.9163216390929619
3,1,4,NaN
2,2,4,0.2152885450438405
3,1,4,0.6104096037191906
4,0,4,0.8553400459938837
3,1,4,0.43116983099757117
3,1,4,0.35291544996872376
2,2,4,0.35291544996872376
3,1,4,0.24524244003177142
3,1,4,0.09943458759150654
4,0,4,0.6104096037191906
2,2,4,0.23519964823513345
2,2,4,NaN
3,1,4,NaN
2,2,4,0.6505728275062779
3,1,4,0.7582540955828375
3,1,4,0.9649170932836378
2,2,4,NaN
2,2,4,0.34761220357298417
3,1,4,0.6505728275062779
4,0,4,0.6505728275062779
4,0,4,NaN
2,2,4,0.6122699191388004
2,2,4,NaN
3,1,4,NaN
3,1,4,0.7582540955828375
3,1,4,NaN
4,0,4,0.6505728275062779
4,0,4,0.39064081951093954
2,2,4,0.16806732870266622
3,1,4,0.786623350458894
4,0,4,NaN
2,2,4,NaN
4,0,4,0.219301492954922
4,0,4,0.5238679062670301
4,0,4,NaN
3,1,4,NaN
4,0,4,NaN
4,0,4,0.8356407771585233
1,3,4,0.6104096037191906
4,0,4,NaN
4,0,4,NaN
1,3,4,0.03794641341295346
4,0,4,NaN
4,0,4,NaN
2,2,4,0.47793771766761745
1,3,4,0.7894127300833248
2,2,4,0.6505728275062779
2,2,4,0.8034045848351558
3,1,4,NaN
4,0,4,0.7718834732979032
4,0,4,0.9030952226408369
3,1,4,NaN
4,0,4,0.5238679062670301
2,2,4,0.6914431924244484
4,0,4,0.39064081951093954
3,1,4,NaN
3,1,4,NaN
3,1,4,NaN
3,1,4,NaN
2,2,4,NaN
3,1,4,0.03539201526565143
3,1,4,0.6104096037191906
3,1,4,NaN
2,2,4,NaN
4,0,4,0.47793771766761745
3,1,4,0.16806732870266622
3,1,4,NaN
3,1,4,NaN
2,2,4,0.996718803758193
4,0,4,NaN
4,0,4,0.35291544996872376
3,1,4,0.6505728275062779
3,1,4,NaN
4,0,4,0.569149748895899
1,3,4,0.8553400459938837
2,2,4,NaN
2,2,4,0.7582540955828375
4,0,4,0.6505728275062779
4,0,4,NaN
3,1,4,NaN
2,2,4,0.569149748895899
4,0,4,0.9490411065363702
4,0,4,0.9711836190363513
4,0,4,0.6104096037191906
4,0,4,0.8356407771585233
2,2,4,0.9030952226408369
4,0,4,NaN
4,0,4,NaN
3,1,4,NaN
3,1,4,0.7582540955828375
3,1,4,NaN
4,0,4,0.6505728275062779
4,0,4,0.8733102078879845
4,0,4,0.11404401218842061
2,2,4,NaN
4,0,4,0.3455495073588903
3,1,4,0.21378285116432522
3,1,4,NaN
4,0,4,NaN
3,1,4,NaN
4,0,4,0.6104096037191906
4,0,4,0.786623350458894
2,2,4,NaN
3,1,4,0.7267509803124766
2,2,4,0.8733102078879845
1,3,4,0.8120477488685461
2,2,4,0.569149748895899
3,1,4,0.47793771766761745
3,1,4,0.8733102078879845
4,0,4,0.7267509803124766
3,1,4,0.6104096037191906
2,2,4,0.7774891427160723
1,3,4,0.09943458759150654
2,2,4,0.06611573959509347
4,0,4,NaN
3,1,4,NaN
3,1,4,0.1718120487076102
3,1,4,0.569149748895899
4,0,4,0.05735097310840156
4,0,4,0.6104096037191906
4,0,4,NaN
4,0,4,0.786623350458894
4,0,4,0.6880751652472807
3,1,4,NaN
3,1,4,NaN
4,0,4,NaN
1,3,4,0.25379502363329814
4,0,4,0.8886935889394204
3,1,4,0.7267509803124766
3,1,4,NaN
1,3,4,0.020574674913745546
3,1,4,0.06167104137753552
3,1,4,NaN
4,0,4,NaN
3,1,4,0.07470550857760336
2,2,4,0.7582540955828375
3,1,4,0.05735097310840156
2,2,4,0.2180321792514569
3,1,4,0.3149813444585866
3,1,4,NaN
3,1,4,0.27923371017636817
4,0,4,NaN
3,1,4,0.7044183615208645
2,2,4,0.6505728275062779
4,0,4,0.16806732870266622
3,1,4,0.6914431924244484
4,0,4,0.7267509803124766
4,0,4,NaN
4,0,4,NaN
3,1,4,NaN
4,0,4,0.8356407771585233
2,2,4,0.569149748895899
4,0,4,NaN
4,0,4,NaN
2,2,4,0.7267509803124766
2,2,4,0.7718834732979032
3,1,4,0.7582540955828375
3,1,4,0.43116983099757117
3,1,4,0.669351499290207
3,1,4,NaN
3,1,4,0.9649170932836378
4,0,4,NaN
2,2,4,0.786623350458894
4,0,4,0.06611573959509347
3,1,4,0.8356407771585233
1,3,4,0.786623350458894
4,0,4,0.43116983099757117
3,1,4,0.927808813496808
1,3,4,NaN
1,3,4,NaN
3,1,4,NaN
1,3,4,0.28307077970323524
1,3,4,0.38382005958791077
4,0,4,0.1298724704817915
3,1,4,NaN
4,0,4,NaN
2,2,4,0.6104096037191906
3,1,4,NaN
3,1,4,NaN
2,2,4,0.8120477488685461
4,0,4,0.1449807348020754
4,0,4,0.6914431924244484
4,0,4,0.05735097310840156
3,1,4,NaN
4,0,4,NaN
3,1,4,NaN
4,0,4,NaN
2,2,4,NaN
4,0,4,0.38120040655300724
4,0,4,0.7267509803124766
3,1,4,NaN
4,0,4,0.569149748895899
3,1,4,NaN
4,0,4,0.6914431924244484
4,0,4,0.7267509803124766
2,2,4,0.6505728275062779
3,1,4,NaN
4,0,4,NaN
3,1,4,NaN
3,1,4,NaN
3,1,4,0.1296193830360021
3,1,4,0.8886935889394204
4,0,4,0.569149748895899
3,1,4,NaN
2,2,4,0.6104096037191906
2,2,4,NaN
2,2,4,NaN
2,2,4,0.27898456379978337
4,0,4,NaN
2,2,4,NaN
2,2,4,NaN
4,0,4,0.9711836190363513
4,0,4,0.10251553182142131
4,0,4,0.39064081951093954
4,0,4,0.27923371017636817
3,1,4,0.8356407771585233
1,3,4,0.3149813444585866
4,0,4,NaN
4,0,4,NaN
4,0,4,0.11404401218842061
3,1,4,0.9490411065363702
3,1,4,0.17925928663536936
4,0,4,0.17665593336694874
3,1,4,NaN
2,2,4,0.47793771766761745
3,1,4,0.5238679062670301
1,3,4,NaN
4,0,4,0.8120477488685461
2,2,4,NaN
3,1,4,0.9944139247239078
3,1,4,NaN
2,2,4,0.9944136266474382
4,0,4,0.5501745728921399
4,0,4,NaN
4,0,4,NaN
4,0,4,NaN
1,3,4,0.009778647628762748
3,1,4,0.04370689030141423
4,0,4,NaN
4,0,4,0.23751946325872808
3,1,4,NaN
4,0,4,0.786623350458894
4,0,4,NaN
4,0,4,NaN
1,3,4,0.7280943808812835
4,0,4,0.6104096037191906
2,2,4,0.6505728275062779
2,2,4,0.43116983099757117
2,2,4,0.8356407771585233
4,0,4,NaN
4,0,4,NaN
2,2,4,0.6914431924244484
3,1,4,NaN
3,1,4,0.6104096037191906
2,2,4,0.786623350458894
3,1,4,0.4152501342505789
2,2,4,0.279102362902047
3,1,4,0.5238679062670301
4,0,4,NaN
4,0,4,NaN
2,2,4,NaN
4,0,4,0.6255119310760437
2,2,4,0.927808813496808
4,0,4,0.6104096037191906
3,1,4,NaN
2,2,4,NaN
2,2,4,NaN
4,0,4,0.0010416928400279958
3,1,4,0.6505728275062779
3,1,4,NaN
4,0,4,0.9030952226408369
4,0,4,0.927808813496808
4,0,4,0.011711556503507945
2,2,4,0.021960220642977778
4,0,4,0.9838431072860508
3,1,4,0.3149813444585866
4,0,4,NaN
4,0,4,NaN
2,2,4,NaN
4,0,4,0.6914431924244484
2,2,4,NaN
3,1,4,NaN
4,0,4,NaN
2,2,4,NaN
3,1,4,NaN
4,0,4,0.16806732870266622
4,0,4,0.9030952226408369
3,1,4,0.5238679062670301
4,0,4,NaN
4,0,4,NaN
4,0,4,NaN
4,0,4,0.8553400459938837
3,1,4,0.950194606862977
2,2,4,NaN
3,1,4,0.6914431924244484
4,0,4,0.1298724704817915
4,0,4,NaN
4,0,4,NaN
4,0,4,NaN
2,2,4,0.2180321792514569
2,2,4,NaN
1,3,4,0.20501964262884717
3,1,4,NaN
2,2,4,NaN
2,2,4,0.7806308313129448
3,1,4,0.5238679062670301
4,0,4,0.8120477488685461
4,0,4,NaN
2,2,4,0.6104096037191906
1,3,4,NaN
3,1,4,NaN
4,0,4,0.8553400459938837
3,1,4,NaN
4,0,4,NaN
3,1,4,NaN
3,1,4,NaN
3,1,4,0.9388397790286686
1,3,4,NaN
4,0,4,0.04006111153961159
2,2,4,0.47793771766761745
3,1,4,NaN
4,0,4,0.1298724704817915
2,2,4,NaN
2,2,4,0.0494455745194533
4,0,4,NaN
4,0,4,NaN
4,0,4,0.39064081951093954
4,0,4,NaN
3,1,4,NaN
3,1,4,0.9388397790286686
3,1,4,0.9649170932836378
2,2,4,0.5238679062670301
4,0,4,NaN
3,1,4,NaN
4,0,4,0.7965188419159412
3,1,4,NaN
4,0,4,0.09943458759150654
4,0,4,NaN
3,1,4,NaN
4,0,4,0.9649170932836378
3,1,4,NaN
4,0,4,0.39064081951093954
4,0,4,0.6505728275062779
3,1,4,0.927808813496808
2,2,4,NaN
3,1,4,NaN
3,1,4,0.8733102078879845
2,2,4,0.9030952226408369
4,0,4,0.5238679062670301
4,0,4,0.11404401218842061
4,0,4,NaN
2,2,4,NaN
2,2,4,NaN
3,1,4,0.12645481336172268
3,1,4,0.569149748895899
3,1,4,0.6505728275062779
2,2,4,0.5238679062670301
3,1,4,NaN
4,0,4,0.16806732870266622
3,1,4,NaN
4,0,4,0.786623350458894
4,0,4,NaN
3,1,4,NaN
1,3,4,0.9388397790286686
3,1,4,0.35291544996872376
3,1,4,0.01880761644846058
4,0,4,0.07711890120107545
4,0,4,NaN
4,0,4,NaN
2,2,4,NaN
3,1,4,NaN
3,1,4,0.9649170932836378
4,0,4,NaN
3,1,4,0.9388397790286686
3,1,4,0.5238679062670301
3,1,4,0.9388397790286686
4,0,4,0.7582540955828375
4,0,4,NaN
4,0,4,NaN
3,1,4,NaN
2,2,4,0.2180321792514569
3,1,4,0.569149748895899
2,2,4,0.7582540955828375
3,1,4,NaN
3,1,4,NaN
4,0,4,NaN
4,0,4,0.6104096037191906
3,1,4,NaN
2,2,4,0.569149748895899
4,0,4,0.35291544996872376
4,0,4,0.786623350458894
2,2,4,NaN
3,1,4,NaN
4,0,4,0.8356407771585233
4,0,4,0.786623350458894
1,3,4,0.47793771766761745
4,0,4,0.9574264943593161
2,2,4,0.27923371017636817
2,2,4,0.6104096037191906
3,1,4,0.04370689030141423
4,0,4,0.7582540955828375
2,2,4,NaN
3,1,4,NaN
2,2,4,0.5948875865660165
4,0,4,0.8356407771585233
2,2,4,0.8120477488685461
4,0,4,0.3149813444585866
2,2,4,0.569149748895899
2,2,4,NaN
3,1,4,0.7582540955828375
3,1,4,0.9649170932836378
2,2,4,0.569149748895899
4,0,4,0.2284777502806358
4,0,4,NaN
4,0,4,NaN
1,3,4,NaN
1,3,4,0.19236277848876807
3,1,4,0.7280943808812835
4,0,4,0.8120477488685461
3,1,4,0.9030952226408369
4,0,4,NaN
2,2,4,0.35291544996872376
2,2,4,0.13685926584970762
3,1,4,NaN
3,1,4,NaN
4,0,4,NaN
2,2,4,NaN
4,0,4,NaN
3,1,4,0.6914431924244484
2,2,4,0.1298724704817915
4,0,4,NaN
4,0,4,0.3202046301044897
4,0,4,NaN
2,2,4,NaN
1,3,4,0.020563236286270888
1,3,4,0.6277385253821351
3,1,4,NaN
3,1,4,0.06611573959509347
4,0,4,0.7582540955828375
3,1,4,0.7267509803124766
4,0,4,NaN
3,1,4,NaN
2,2,4,0.11404401218842061
4,0,4,0.43116983099757117
1,3,4,NaN
2,2,4,0.3428268224397041
2,2,4,0.43116983099757117
3,1,4,0.30984219120853695
4,0,4,NaN
4,0,4,0.7267509803124766
3,1,4,0.024621303900570574
3,1,4,0.03794641341295346
3,1,4,NaN
2,2,4,0.06611573959509347
3,1,4,0.47793771766761745
3,1,4,0.8733102078879845
4,0,4,NaN
3,1,4,0.14766029718238274
3,1,4,0.9163216390929619
4,0,4,NaN
4,0,4,NaN
3,1,4,0.7267509803124766
2,2,4,0.39064081951093954
4,0,4,NaN
4,0,4,NaN
4,0,4,0.6505728275062779
2,2,4,0.1062071331545163
4,0,4,0.3149813444585866
3,1,4,NaN
4,0,4,NaN
3,1,4,0.43116983099757117
4,0,4,0.47793771766761745
1,3,4,NaN
2,2,4,NaN
3,1,4,NaN
4,0,4,NaN
4,0,4,NaN
4,0,4,NaN
1,3,4,0.8356407771585233
4,0,4,0.569149748895899
4,0,4,0.08940840104643374
3,1,4,NaN
4,0,4,NaN
2,2,4,0.927808813496808
4,0,4,0.43116983099757117
3,1,4,0.7267509803124766
3,1,4,0.08596717446393809
4,0,4,0.9388397790286686
4,0,4,NaN
2,2,4,0.8356407771585233
3,1,4,NaN
3,1,4,NaN
2,2,4,NaN
2,2,4,0.569149748895899
4,0,4,0.1298724704817915
3,1,4,0.03317022976394289
3,1,4,0.009778647628762748
3,1,4,NaN
3,1,4,NaN
4,0,4,NaN
4,0,4,NaN
3,1,4,NaN
4,0,4,0.19236277848876807
2,2,4,0.24524244003177142
3,1,4,0.569149748895899
2,2,4,NaN
4,0,4,NaN
3,1,4,0.7493813878892716
4,0,4,NaN
3,1,4,0.1298724704817915
2,2,4,0.39064081951093954
4,0,4,0.7582540955828375
4,0,4,0.005812985542910942
3,1,4,NaN
4,0,4,NaN
4,0,4,NaN
4,0,4,0.09943458759150654
3,1,4,NaN
2,2,4,NaN
2,2,4,NaN
4,0,4,0.01389863463638223
4,0,4,0.7267509803124766
4,0,4,0.569149748895899
2,2,4,NaN
3,1,4,NaN
4,0,4,NaN
3,1,4,NaN
3,1,4,0.35291544996872376
4,0,4,NaN
3,1,4,0.05735097310840156
2,2,4,0.005715054816141409
2,2,4,NaN
3,1,4,0.9711836190363513
3,1,4,0.050009021240474724
3,1,4,0.3066408861326925
4,0,4,NaN
4,0,4,NaN
3,1,4,0.835445920380814
4,0,4,0.43116983099757117
3,1,4,0.9490411065363702
4,0,4,NaN
2,2,4,0.6505728275062779
1,3,4,0.569149748895899
4,0,4,0.14766029718238274
2,2,4,0.35291544996872376
2,2,4,0.04527678817243286
4,0,4,NaN
4,0,4,NaN
4,0,4,0.07981442761647606
3,1,4,0.569149748895899
2,2,4,0.1641884099906473
3,1,4,NaN
4,0,4,0.39064081951093954
4,0,4,NaN
2,2,4,0.7267509803124766
4,0,4,NaN
4,0,4,NaN
4,0,4,0.8120477488685461
4,0,4,0.1298724704817915
2,2,4,0.3742435995723311
3,1,4,0.00889043248553033
4,0,4,0.7582540955828375
4,0,4,0.835445920380814
4,0,4,NaN
3,1,4,NaN
4,0,4,NaN
4,0,4,0.021960220642977778
2,2,4,NaN
4,0,4,0.35291544996872376
4,0,4,NaN
1,3,4,0.005812985542910942
4,0,4,NaN
3,1,4,NaN
2,2,4,0.1985124895887412
4,0,4,0.5238679062670301
4,0,4,0.6104096037191906
3,1,4,0.14766029718238274
4,0,4,0.786623350458894
4,0,4,NaN
4,0,4,0.39064081951093954
2,2,4,0.976413425292083
4,0,4,NaN
4,0,4,NaN
1,3,4,0.9490411065363702
4,0,4,NaN
4,0,4,NaN
3,1,4,0.35291544996872376
4,0,4,NaN
3,1,4,NaN
3,1,4,0.3421998722560615
4,0,4,NaN
1,3,4,NaN
4,0,4,NaN
2,2,4,NaN
4,0,4,NaN
3,1,4,NaN
3,1,4,NaN
3,1,4,NaN
3,1,4,0.47793771766761745
3,1,4,NaN
2,2,4,NaN
4,0,4,0.43116983099757117
4,0,4,0.6914431924244484
4,0,4,0.9030952226408369
3,1,4,0.35291544996872376
3,1,4,NaN
3,1,4,NaN
2,2,4,0.07924423927726969
1,3,4,NaN
3,1,4,NaN
1,3,4,0.7267509803124766
3,1,4,0.8451544942757592
2,2,4,NaN
4,0,4,NaN
2,2,4,NaN
4,0,4,0.8356407771585233
4,0,4,0.818859453949597
3,1,4,0.43116983099757117
1,3,4,0.39064081951093954
4,0,4,NaN
3,1,4,NaN
2,2,4,0.11404401218842061
4,0,4,NaN
4,0,4,NaN
4,0,4,NaN
2,2,4,0.569149748895899
4,0,4,NaN
3,1,4,0.6104096037191906
2,2,4,NaN
4,0,4,NaN
2,2,4,0.16806732870266622
4,0,4,NaN
3,1,4,0.15700008406591598
4,0,4,0.9030952226408369
2,2,4,0.945284647436371
4,0,4,NaN
4,0,4,NaN
4,0,4,NaN
1,3,4,0.16806732870266622
4,0,4,NaN
4,0,4,0.5238679062670301
4,0,4,0.9494471673386267
2,2,4,0.43116983099757117
3,1,4,NaN
2,2,4,NaN
2,2,4,0.6880751652472807
4,0,4,NaN
2,2,4,0.14766029718238274
4,0,4,NaN
2,2,4,0.40685701951534237
4,0,4,NaN
3,1,4,NaN
3,1,4,NaN
3,1,4,NaN
4,0,4,0.9490411065363702
4,0,4,0.8356407771585233
3,1,4,0.9490411065363702
3,1,4,0.6505728275062779
1,3,4,0.6914431924244484
3,1,4,0.04370689030141423
2,2,4,0.8886935889394204
2,2,4,0.3149813444585866
3,1,4,0.569149748895899
3,1,4,0.35291544996872376
1,3,4,0.020066947609743552
4,0,4,0.8120477488685461
4,0,4,NaN
4,0,4,NaN
4,0,4,NaN
4,0,4,NaN
4,0,4,NaN
4,0,4,0.3149813444585866
3,1,4,NaN
2,2,4,0.9030952226408369
3,1,4,0.09791877015994112
2,2,4,0.06611573959509347
3,1,4,0.35291544996872376
1,3,4,0.786623350458894
2,2,4,NaN
4,0,4,0.7582540955828375
2,2,4,0.43116983099757117
3,1,4,0.47793771766761745
4,0,4,0.8047442396377734
4,0,4,0.19236277848876807
4,0,4,0.6457909706295131
4,0,4,NaN
4,0,4,0.47793771766761745
4,0,4,0.35291544996872376
3,1,4,0.3569474117241365
1,3,4,0.5238679062670301
4,0,4,NaN
3,1,4,NaN
3,1,4,NaN
4,0,4,0.9388397790286686
1,3,4,0.6914431924244484
3,1,4,NaN
2,2,4,0.6104096037191906
4,0,4,0.6505728275062779
4,0,4,0.9030952226408369
3,1,4,NaN
2,2,4,NaN
4,0,4,0.43116983099757117
1,3,4,0.0069114224843666115
2,2,4,0.8120477488685461
1,3,4,NaN
4,0,4,0.06611573959509347
2,2,4,6.852701189560407e-5
4,0,4,0.7582540955828375
4,0,4,NaN
3,1,4,NaN
1,3,4,NaN
4,0,4,NaN
3,1,4,NaN
4,0,4,0.8886935889394204
2,2,4,NaN
3,1,4,NaN
2,2,4,NaN
2,2,4,NaN
2,2,4,0.6104096037191906
4,0,4,NaN
2,2,4,0.08596717446393809
4,0,4,0.1298724704817915
3,1,4,NaN
4,0,4,NaN
4,0,4,NaN
3,1,4,NaN
4,0,4,NaN
2,2,4,0.7310724205454222
4,0,4,NaN
4,0,4,NaN
3,1,4,NaN
4,0,4,0.569149748895899
2,2,4,NaN
3,1,4,NaN
4,0,4,0.6914431924244484
3,1,4,0.5238679062670301
3,1,4,0.2180321792514569
4,0,4,NaN
4,0,4,0.9030952226408369
4,0,4,NaN
2,2,4,0.6914431924244484
3,1,4,0.47793771766761745
4,0,4,0.9163216390929619
4,0,4,NaN
3,1,4,0.7267509803124766
1,3,4,NaN
4,0,4,0.9494471673386267
3,1,4,0.14766029718238274
4,0,4,NaN
4,0,4,NaN
4,0,4,0.9490411065363702
1,3,4,0.15196626117006476
3,1,4,NaN
3,1,4,0.003736962491151852
1,3,4,NaN
3,1,4,0.8120477488685461
4,0,4,NaN
4,0,4,NaN
2,2,4,0.09943458759150654
4,0,4,0.7267509803124766
3,1,4,0.9388397790286686
4,0,4,0.9030952226408369
2,2,4,NaN
4,0,4,NaN
2,2,4,0.7582540955828375
4,0,4,0.9163216390929619
2,2,4,NaN
3,1,4,NaN
4,0,4,0.43116983099757117
3,1,4,0.1298724704817915
4,0,4,NaN
4,0,4,NaN
2,2,4,0.9284461654715683
1,3,4,NaN
3,1,4,0.8120477488685461
3,1,4,NaN
4,0,4,0.8553400459938837
4,0,4,NaN
1,3,4,NaN
4,0,4,NaN
4,0,4,NaN
4,0,4,0.04370689030141423
4,0,4,0.5238679062670301
4,0,4,0.30021795194770345
4,0,4,0.6914431924244484
2,2,4,0.47793771766761745
2,2,4,NaN
2,2,4,0.8733102078879845
4,0,4,NaN
3,1,4,NaN
1,3,4,0.998767140334452
3,1,4,NaN
2,2,4,0.0494455745194533
3,1,4,0.9388397790286686
4,0,4,NaN
4,0,4,NaN
3,1,4,NaN
2,2,4,NaN
3,1,4,0.8733102078879845
4,0,4,NaN
1,3,4,NaN
4,0,4,NaN
3,1,4,NaN
4,0,4,NaN
4,0,4,0.7582540955828375
3,1,4,0.9163216390929619
3,1,4,NaN
4,0,4,0.9163216390929619
4,0,4,NaN
2,2,4,0.5238679062670301
4,0,4,0.6914431924244484
4,0,4,NaN
2,2,4,0.8553400459938837
2,2,4,0.1100049015788768
3,1,4,NaN
4,0,4,0.6505728275062779
3,1,4,0.9649170932836378
4,0,4,0.7582540955828375
4,0,4,0.3149813444585866
4,0,4,0.4994966444245364
4,0,4,0.47793771766761745
2,2,4,0.7280943808812835
2,2,4,0.786623350458894
2,2,4,0.8356407771585233
4,0,4,0.8120477488685461
4,0,4,0.8733102078879845
3,1,4,0.47546769896456464
2,2,4,NaN
3,1,4,NaN
4,0,4,NaN
4,0,4,0.2180321792514569
4,0,4,NaN
4,0,4,0.24524244003177142
3,1,4,0.29321466086640874
3,1,4,0.9416671017208508
3,1,4,0.029782914800054437
4,0,4,0.43300054181328856
3,1,4,0.0009630613861357583
3,1,4,0.08596717446393809
3,1,4,NaN
4,0,4,0.47793771766761745
4,0,4,0.8886935889394204
3,1,4,0.6914431924244484
3,1,4,NaN
2,2,4,NaN
4,0,4,0.2180321792514569
3,1,4,0.009975527338728685
2,2,4,NaN
2,2,4,0.27923371017636817
3,1,4,0.06611573959509347
2,2,4,0.9163216390929619
2,2,4,NaN
2,2,4,NaN
4,0,4,NaN
3,1,4,0.569149748895899
3,1,4,0.04370689030141423
4,0,4,0.23967195993390902
4,0,4,0.06611573959509347
2,2,4,NaN
3,1,4,0.47793771766761745
4,0,4,0.569149748895899
4,0,4,NaN
3,1,4,0.8553400459938837
2,2,4,0.9163216390929619
4,0,4,0.5238679062670301
2,2,4,NaN
2,2,4,0.35291544996872376
4,0,4,NaN
4,0,4,0.976413425292083
4,0,4,0.679982085970212
4,0,4,0.43116983099757117
3,1,4,0.5200607599278028
3,1,4,NaN
2,2,4,0.8886935889394204
4,0,4,0.6505728275062779
4,0,4,NaN
1,3,4,0.8553400459938837
3,1,4,NaN
3,1,4,NaN
2,2,4,0.8120477488685461
4,0,4,NaN
4,0,4,NaN
4,0,4,0.43116983099757117
2,2,4,0.8356407771585233
4,0,4,0.569149748895899
1,3,4,NaN
3,1,4,NaN
2,2,4,NaN
4,0,4,NaN
3,1,4,0.569149748895899
4,0,4,0.42799821399279203
4,0,4,0.24524244003177142
4,0,4,NaN
4,0,4,0.7891629854152117
3,1,4,0.011023647123542847
3,1,4,0.8120477488685461
3,1,4,0.10052583786417947
3,1,4,0.6914431924244484
3,1,4,NaN
4,0,4,NaN
2,2,4,0.6833758768314452
3,1,4,0.569149748895899
2,2,4,0.9711836190363513
4,0,4,NaN
2,2,4,0.002341385228516042
4,0,4,0.4155837349263178
3,1,4,0.08596717446393809
2,2,4,NaN
3,1,4,0.5791090871827316
4,0,4,NaN
4,0,4,NaN
2,2,4,3.201380840645589e-7
1,3,4,0.8928748783332889
4,0,4,0.8120477488685461
2,2,4,0.39064081951093954
4,0,4,0.04190446498657221
2,2,4,NaN
1,3,4,0.028886075440067927
4,0,4,0.7267509803124766
3,1,4,0.1298724704817915
1,3,4,NaN
1,3,4,NaN
1,3,4,0.9370710385360655
2,2,4,NaN
4,0,4,NaN
2,2,4,0.8886935889394204
2,2,4,NaN
2,2,4,0.43116983099757117
4,0,4,0.6104096037191906
4,0,4,0.14766029718238274
2,2,4,NaN
3,1,4,0.8886935889394204
2,2,4,0.08596717446393809
3,1,4,0.35291544996872376
4,0,4,NaN
3,1,4,NaN
4,0,4,0.9030952226408369
2,2,4,NaN
3,1,4,0.5515996609601495
2,2,4,0.9944136266474382
2,2,4,0.47793771766761745
4,0,4,0.786623350458894
4,0,4,NaN
2,2,4,NaN
4,0,4,0.8733102078879845
4,0,4,NaN
3,1,4,0.2958999745735502
4,0,4,0.27923371017636817
4,0,4,NaN
3,1,4,0.8553400459938837
3,1,4,NaN
3,1,4,0.06611573959509347
2,2,4,NaN
3,1,4,0.7362695246484731
4,0,4,NaN
2,2,4,NaN
3,1,4,NaN
4,0,4,0.1298724704817915
2,2,4,0.569149748895899
3,1,4,NaN
4,0,4,0.9687386038227805
2,2,4,0.6914431924244484
3,1,4,0.0262512281788443
2,2,4,NaN
2,2,4,NaN
3,1,4,NaN
2,2,4,0.927808813496808
3,1,4,0.7582540955828375
4,0,4,0.927808813496808
4,0,4,0.07470550857760336
1,3,4,0.9388397790286686
4,0,4,0.2180321792514569
4,0,4,0.8553400459938837
2,2,4,0.7582540955828375
3,1,4,NaN
4,0,4,0.04370689030141423
2,2,4,0.021960220642977778
3,1,4,NaN
4,0,4,NaN
4,0,4,0.11404401218842061
3,1,4,0.05735097310840156
4,0,4,0.9163216390929619
2,2,4,NaN
2,2,4,0.8733102078879845
4,0,4,NaN
3,1,4,NaN
1,3,4,0.9711836190363513
2,2,4,0.8120477488685461
4,0,4,0.8733102078879845
4,0,4,0.569149748895899
2,2,4,0.9857264206675347
4,0,4,0.8553400459938837
1,3,4,0.0004710372881317063
2,2,4,NaN
3,1,4,0.8886935889394204
3,1,4,NaN
3,1,4,0.786623350458894
1,3,4,0.09943458759150654
4,0,4,NaN
4,0,4,0.8120477488685461
3,1,4,0.39064081951093954
4,0,4,NaN
3,1,4,0.6914431924244484
2,2,4,NaN
3,1,4,NaN
4,0,4,0.6505728275062779
4,0,4,0.5982094700734554
3,1,4,0.6505728275062779
3,1,4,NaN
4,0,4,0.16806732870266622
4,0,4,NaN
2,2,4,NaN
2,2,4,0.7582540955828375
2,2,4,NaN
2,2,4,0.7362695246484731
4,0,4,NaN
3,1,4,0.22721344589483075
3,1,4,NaN
2,2,4,0.24524244003177142
3,1,4,NaN
4,0,4,NaN
4,0,4,0.569149748895899
4,0,4,0.2689829743483109
4,0,4,0.030453540455551435
4,0,4,0.04370689030141423
3,1,4,0.04370689030141423
3,1,4,0.6104096037191906
4,0,4,0.47793771766761745
2,2,4,0.7582540955828375
3,1,4,0.8733102078879845
1,3,4,NaN
2,2,4,NaN
2,2,4,NaN
3,1,4,NaN
4,0,4,NaN
3,1,4,NaN
2,2,4,0.18111903892778553
4,0,4,NaN
3,1,4,0.4911567499601062
4,0,4,0.8120477488685461
2,2,4,0.39064081951093954
4,0,4,0.43116983099757117
4,0,4,0.47793771766761745
2,2,4,0.8733102078879845
3,1,4,NaN
4,0,4,NaN
4,0,4,NaN
3,1,4,0.16806732870266622
4,0,4,0.5238679062670301
2,2,4,0.28307077970323524
1,3,4,0.4892673659773662
3,1,4,NaN
3,1,4,NaN
4,0,4,0.24524244003177142
4,0,4,0.8120477488685461
3,1,4,NaN
4,0,4,NaN
4,0,4,0.2180321792514569
1,3,4,0.569149748895899
1,3,4,0.43116983099757117
3,1,4,0.39064081951093954
2,2,4,NaN
3,1,4,0.5614056147192097
2,2,4,NaN
4,0,4,0.9490411065363702
1,3,4,0.786623350458894
2,2,4,0.6914431924244484
3,1,4,0.1298724704817915
4,0,4,NaN
3,1,4,NaN
3,1,4,0.47793771766761745
2,2,4,NaN
3,1,4,NaN
2,2,4,NaN
4,0,4,0.43116983099757117
3,1,4,NaN
1,3,4,NaN
4,0,4,0.3455495073588903
3,1,4,0.27923371017636817
3,1,4,0.39064081951093954
4,0,4,0.4145416665443885
3,1,4,NaN
4,0,4,NaN
3,1,4,0.9769765172901873
2,2,4,NaN
1,3,4,0.05735097310840156
2,2,4,0.9490411065363702
3,1,4,0.35064018308951
4,0,4,0.8120477488685461
2,2,4,0.8120477488685461
3,1,4,NaN
1,3,4,NaN
4,0,4,NaN
4,0,4,0.8356407771585233
4,0,4,NaN
4,0,4,NaN
3,1,4,0.835445920380814
3,1,4,NaN
4,0,4,NaN
4,0,4,0.8553400459938837
3,1,4,NaN
4,0,4,NaN
2,2,4,0.927808813496808
2,2,4,NaN
4,0,4,NaN
4,0,4,0.927808813496808
3,1,4,0.7267509803124766
3,1,4,0.8553400459938837
3,1,4,NaN
2,2,4,0.6505728275062779
1,3,4,NaN
2,2,4,0.8886935889394204
3,1,4,0.6505728275062779
4,0,4,0.27923371017636817
4,0,4,0.7267509803124766
3,1,4,0.35291544996872376
4,0,4,0.3149813444585866
4,0,4,0.7267509803124766
3,1,4,0.00030014352028296136
3,1,4,0.8733102078879845
2,2,4,0.9649170932836378
4,0,4,NaN
2,2,4,0.07711890120107545
4,0,4,NaN
2,2,4,0.9944136266474382
3,1,4,NaN
4,0,4,NaN
4,0,4,0.5238679062670301
3,1,4,0.11404401218842061
4,0,4,NaN
2,2,4,NaN
3,1,4,NaN
3,1,4,NaN
4,0,4,0.5238679062670301
4,0,4,0.5238679062670301
4,0,4,NaN
2,2,4,0.9490411065363702
4,0,4,0.786623350458894
3,1,4,NaN
2,2,4,NaN
4,0,4,NaN
2,2,4,NaN
3,1,4,NaN
3,1,4,NaN
4,0,4,0.8926735212774597
3,1,4,0.8553400459938837
4,0,4,NaN
2,2,4,0.07470550857760336
3,1,4,0.8356407771585233
4,0,4,NaN
4,0,4,NaN
2,2,4,0.6914431924244484
4,0,4,NaN
4,0,4,0.19456835505827189
3,1,4,0.40689438256974936
3,1,4,NaN
4,0,4,NaN
4,0,4,0.9030952226408369
4,0,4,0.8733102078879845
3,1,4,0.27923371017636817
4,0,4,NaN
3,1,4,NaN
4,0,4,NaN
3,1,4,0.11404401218842061
3,1,4,NaN
4,0,4,0.8120477488685461
4,0,4,0.6104096037191906
4,0,4,0.9388397790286686
4,0,4,0.04370689030141423
2,2,4,0.003736962491151852
1,3,4,0.6104096037191906
3,1,4,0.47793771766761745
4,0,4,0.5997367624036737
1,3,4,0.3871581495179797
3,1,4,0.47793771766761745
1,3,4,0.5238679062670301
2,2,4,0.9574264943593161
3,1,4,0.8733102078879845
2,2,4,0.786623350458894
3,1,4,NaN
2,2,4,0.786623350458894
3,1,4,0.4991160421078876
2,2,4,0.16806732870266622
2,2,4,NaN
3,1,4,NaN
4,0,4,NaN
2,2,4,NaN
4,0,4,NaN
3,1,4,NaN
1,3,4,NaN
4,0,4,0.1200127030893133
2,2,4,0.9388397790286686
4,0,4,NaN
2,2,4,0.43923178664743245
4,0,4,0.976413425292083
3,1,4,0.6914431924244484
4,0,4,0.8120477488685461
3,1,4,0.8630485905458092
3,1,4,0.43116983099757117
1,3,4,NaN
3,1,4,0.8438423357264185
1,3,4,NaN
4,0,4,0.2180321792514569
2,2,4,0.0692309627638174
2,2,4,0.9574264943593161
1,3,4,NaN
4,0,4,0.43116983099757117
3,1,4,NaN
2,2,4,NaN
3,1,4,0.43116983099757117
4,0,4,NaN
2,2,4,0.09943458759150654
2,2,4,0.8553400459938837
3,1,4,NaN
1,3,4,NaN
4,0,4,NaN
2,2,4,0.47793771766761745
3,1,4,0.4481374155569548
4,0,4,NaN
3,1,4,NaN
2,2,4,0.39064081951093954
4,0,4,0.9649170932836378
1,3,4,NaN
4,0,4,NaN
2,2,4,NaN
1,3,4,NaN
4,0,4,NaN
2,2,4,0.8356407771585233
3,1,4,0.5238679062670301
4,0,4,0.47793771766761745
3,1,4,NaN
4,0,4,0.6104096037191906
3,1,4,0.43116983099757117
4,0,4,NaN
2,2,4,NaN
3,1,4,0.0021658441345355074
2,2,4,0.9030952226408369
4,0,4,0.6104096037191906
3,1,4,0.9711836190363513
3,1,4,0.003292552388002024
3,1,4,NaN
2,2,4,0.03317022976394289
3,1,4,NaN
3,1,4,0.08596717446393809
1,3,4,0.04370689030141423
2,2,4,NaN
2,2,4,NaN
4,0,4,0.9219435935262313
4,0,4,0.5238679062670301
3,1,4,0.569149748895899
3,1,4,NaN
4,0,4,0.8356407771585233
2,2,4,0.9811127762214269
3,1,4,NaN
1,3,4,NaN
1,3,4,0.3149813444585866
4,0,4,NaN
4,0,4,0.35291544996872376
4,0,4,NaN
3,1,4,NaN
4,0,4,0.6505728275062779
2,2,4,NaN
2,2,4,0.7820392856731134
3,1,4,0.1298724704817915
1,3,4,0.786623350458894
3,1,4,NaN
2,2,4,NaN
4,0,4,0.24524244003177142
3,1,4,NaN
4,0,4,NaN
4,0,4,NaN
3,1,4,0.7582540955828375
3,1,4,0.9388397790286686
2,2,4,0.8733102078879845
3,1,4,NaN
3,1,4,NaN
2,2,4,0.7267509803124766
2,2,4,0.08622811860676048
4,0,4,NaN
3,1,4,NaN
3,1,4,0.27923371017636817
3,1,4,NaN
4,0,4,NaN
2,2,4,0.1298724704817915
4,0,4,0.976413425292083
4,0,4,0.6104096037191906
2,2,4,0.6181101058296996
3,1,4,0.8356407771585233
2,2,4,0.39064081951093954
4,0,4,NaN
3,1,4,0.569149748895899
3,1,4,0.27923371017636817
4,0,4,0.8120477488685461
3,1,4,0.7582540955828375
3,1,4,NaN
4,0,4,0.8733102078879845
3,1,4,0.976413425292083
1,3,4,NaN
2,2,4,NaN
4,0,4,0.9163216390929619
3,1,4,NaN
2,2,4,0.07144301127571027
3,1,4,NaN
3,1,4,0.6104096037191906
3,1,4,0.39064081951093954
2,2,4,0.03810648578957795
4,0,4,NaN
4,0,4,0.35291544996872376
2,2,4,0.2180321792514569
4,0,4,NaN
3,1,4,0.9857264206675347
4,0,4,NaN
3,1,4,0.3149813444585866
3,1,4,0.2180321792514569
1,3,4,NaN
2,2,4,NaN
2,2,4,0.11404401218842061
4,0,4,0.2180321792514569
1,3,4,NaN
4,0,4,0.11404401218842061
4,0,4,0.19236277848876807
3,1,4,0.6505728275062779
4,0,4,NaN
1,3,4,NaN
3,1,4,0.27923371017636817
3,1,4,0.3149813444585866
4,0,4,NaN
3,1,4,0.6505728275062779
4,0,4,0.16806732870266622
4,0,4,0.19236277848876807
4,0,4,NaN
4,0,4,0.9961520687047375
4,0,4,0.569149748895899
4,0,4,0.786623350458894
1,3,4,NaN
4,0,4,0.5238679062670301
4,0,4,0.24524244003177142
4,0,4,0.6505728275062779
1,3,4,0.39064081951093954
2,2,4,0.47669007767124383
3,1,4,NaN
3,1,4,0.8886935889394204
3,1,4,0.5238679062670301
2,2,4,NaN
2,2,4,0.7112038556117453
4,0,4,NaN
4,0,4,0.8358384014069233
2,2,4,0.3565317346123029
3,1,4,NaN
4,0,4,NaN
4,0,4,0.7267509803124766
4,0,4,NaN
2,2,4,0.786623350458894
3,1,4,0.14766029718238274
4,0,4,NaN
3,1,4,0.6505728275062779
4,0,4,0.7582540955828375
2,2,4,0.9030952226408369
3,1,4,0.47793771766761745
1,3,4,NaN
4,0,4,0.6914431924244484
4,0,4,0.27923371017636817
3,1,4,0.6104096037191906
2,2,4,0.6914431924244484
2,2,4,0.6914431924244484
4,0,4,0.24524244003177142
4,0,4,NaN
2,2,4,0.5238679062670301
3,1,4,0.5238679062670301
3,1,4,NaN
4,0,4,0.5238679062670301
4,0,4,0.6914431924244484
3,1,4,NaN
4,0,4,0.6104096037191906
4,0,4,0.7582540955828375
4,0,4,NaN
2,2,4,0.2689829743483109
1,3,4,0.023636278789770686
1,3,4,0.3149813444585866
3,1,4,0.9388397790286686
3,1,4,0.786623350458894
3,1,4,0.8120477488685461
2,2,4,0.786623350458894
3,1,4,0.6104096037191906
3,1,4,NaN
3,1,4,NaN
4,0,4,0.5238679062670301
3,1,4,NaN
2,2,4,0.569149748895899
4,0,4,0.47793771766761745
4,0,4,NaN
4,0,4,NaN
2,2,4,NaN
4,0,4,0.8356407771585233
4,0,4,NaN
3,1,4,NaN
3,1,4,NaN
2,2,4,0.6181101058296996
3,1,4,NaN
3,1,4,NaN
4,0,4,NaN
3,1,4,NaN
3,1,4,0.35064018308951
2,2,4,0.39064081951093954
4,0,4,0.0494455745194533
1,3,4,0.7267509803124766
2,2,4,NaN
3,1,4,0.6914431924244484
3,1,4,NaN
1,3,4,NaN
2,2,4,NaN
2,2,4,NaN
3,1,4,0.569149748895899
2,2,4,0.7582540955828375
4,0,4,NaN
4,0,4,0.7582540955828375
4,0,4,NaN
4,0,4,0.8926735212774597
2,2,4,0.8553400459938837
1,3,4,NaN
2,2,4,NaN
2,2,4,0.8733102078879845
4,0,4,0.09943458759150654
2,2,4,0.8356407771585233
3,1,4,NaN
4,0,4,0.8356407771585233
2,2,4,0.8886935889394204
4,0,4,NaN
4,0,4,NaN
4,0,4,0.9649170932836378
3,1,4,0.39064081951093954
4,0,4,0.8197319796183198
4,0,4,0.6914431924244484
1,3,4,NaN
3,1,4,0.39064081951093954
2,2,4,NaN
4,0,4,0.6505728275062779
4,0,4,NaN
4,0,4,0.8356407771585233
2,2,4,0.6231994428908446
4,0,4,NaN
3,1,4,0.786623350458894
3,1,4,0.7267509803124766
3,1,4,NaN
2,2,4,0.6914431924244484
3,1,4,0.6914431924244484
4,0,4,0.9811127762214269
3,1,4,0.6505728275062779
2,2,4,0.8120477488685461
4,0,4,0.786623350458894
3,1,4,0.8120477488685461
3,1,4,NaN
3,1,4,0.16806732870266622
3,1,4,0.028886075440067927
2,2,4,0.16806732870266622
3,1,4,0.6505728275062779
3,1,4,0.28307077970323524
3,1,4,0.786623350458894
1,3,4,0.7582540955828375
4,0,4,0.021960220642977778
4,0,4,NaN
4,0,4,NaN
4,0,4,0.09943458759150654
4,0,4,0.08596717446393809
4,0,4,0.24524244003177142
3,1,4,0.35291544996872376
3,1,4,NaN
4,0,4,0.43116983099757117
2,2,4,NaN
4,0,4,NaN
2,2,4,0.14766029718238274
4,0,4,NaN
4,0,4,0.27923371017636817
4,0,4,NaN
3,1,4,0.6104096037191906
2,2,4,NaN
2,2,4,0.19236277848876807
3,1,4,0.6914431924244484
2,2,4,0.569149748895899
4,0,4,NaN
2,2,4,NaN
4,0,4,0.08596717446393809
1,3,4,0.11404401218842061
4,0,4,0.8356407771585233
4,0,4,0.24524244003177142
4,0,4,NaN
2,2,4,0.9649170932836378
4,0,4,0.27923371017636817
3,1,4,0.6104096037191906
4,0,4,0.024979424385777767
2,2,4,0.6104096037191906
3,1,4,0.39064081951093954
4,0,4,0.43116983099757117
4,0,4,NaN
2,2,4,NaN
4,0,4,0.8553400459938837
4,0,4,NaN
4,0,4,0.552171153253758
4,0,4,0.786623350458894
1,3,4,0.14766029718238274
4,0,4,0.03317022976394289
1,3,4,NaN
3,1,4,0.31939061254917733
4,0,4,0.3149813444585866
2,2,4,NaN
3,1,4,0.786623350458894
3,1,4,NaN
3,1,4,0.40057686224618433
4,0,4,0.6914431924244484
4,0,4,NaN
3,1,4,0.14148136381656617
3,1,4,NaN
4,0,4,NaN
4,0,4,NaN
4,0,4,0.8120477488685461
4,0,4,0.9490411065363702
4,0,4,NaN
4,0,4,0.9923256991209348
4,0,4,0.7267509803124766
3,1,4,0.04164248943037167
2,2,4,0.7267509803124766
2,2,4,0.03317022976394289
2,2,4,0.39064081951093954
3,1,4,0.6505728275062779
2,2,4,0.9711836190363513
2,2,4,NaN
4,0,4,0.3149813444585866
3,1,4,NaN
3,1,4,NaN
4,0,4,NaN
4,0,4,0.8733102078879845
4,0,4,NaN
4,0,4,0.06611573959509347
4,0,4,NaN
2,2,4,0.7267509803124766
3,1,4,0.6505728275062779
4,0,4,0.39064081951093954
4,0,4,0.8553400459938837
2,2,4,0.16806732870266622
4,0,4,NaN
2,2,4,0.8553400459938837
4,0,4,0.023636278789770686
2,2,4,NaN
3,1,4,0.47793771766761745
2,2,4,0.47793771766761745
3,1,4,0.6505728275062779
2,2,4,0.47793771766761745
3,1,4,0.7267509803124766
2,2,4,NaN
2,2,4,NaN
3,1,4,0.47793771766761745
2,2,4,0.49974308594955635
2,2,4,NaN
4,0,4,0.27923371017636817
3,1,4,0.6914431924244484
2,2,4,0.47793771766761745
4,0,4,0.8733102078879845
4,0,4,0.6914431924244484
4,0,4,NaN
3,1,4,0.43116983099757117
3,1,4,0.5238679062670301
3,1,4,NaN
3,1,4,NaN
3,1,4,0.27923371017636817
4,0,4,0.12008477371265946
3,1,4,NaN
4,0,4,0.14766029718238274
3,1,4,0.6505728275062779
1,3,4,0.0025471183979869
3,1,4,0.7582540955828375
4,0,4,0.35291544996872376
4,0,4,NaN
4,0,4,0.7267509803124766
2,2,4,0.07470550857760336
3,1,4,NaN
3,1,4,0.9388397790286686
1,3,4,0.010131876037282586
4,0,4,NaN
4,0,4,NaN
3,1,4,0.6104096037191906
4,0,4,0.07470550857760336
4,0,4,NaN
2,2,4,NaN
2,2,4,0.6104096037191906
3,1,4,NaN
3,1,4,NaN
4,0,4,NaN
2,2,4,NaN
1,3,4,0.7582540955828375
3,1,4,0.6104096037191906
2,2,4,NaN
4,0,4,0.08596717446393809
2,2,4,0.6505728275062779
3,1,4,0.8356407771585233
4,0,4,NaN
1,3,4,NaN
4,0,4,NaN
4,0,4,0.9711836190363513
3,1,4,0.7762201877346611
4,0,4,NaN
4,0,4,0.569149748895899
2,2,4,NaN
2,2,4,NaN
2,2,4,0.6104096037191906
2,2,4,NaN
2,2,4,0.8356407771585233
3,1,4,0.47793771766761745
4,0,4,NaN
3,1,4,NaN
4,0,4,0.569149748895899
2,2,4,0.6505728275062779
3,1,4,0.08596717446393809
3,1,4,0.14766029718238274
4,0,4,NaN
4,0,4,0.19236277848876807
4,0,4,0.11524811775768302
2,2,4,0.47793771766761745
3,1,4,NaN
3,1,4,NaN
2,2,4,0.8733102078879845
3,1,4,0.600450870138093
3,1,4,0.7582540955828375
3,1,4,0.24524244003177142
3,1,4,0.7582540955828375
3,1,4,NaN
4,0,4,0.4922089608262671
2,2,4,0.9030952226408369
2,2,4,0.7582540955828375
3,1,4,NaN
1,3,4,NaN
2,2,4,0.5988966746409761
4,0,4,0.35291544996872376
3,1,4,NaN
2,2,4,0.8886935889394204
3,1,4,NaN
1,3,4,NaN
4,0,4,NaN
3,1,4,NaN
1,3,4,NaN
3,1,4,NaN
2,2,4,0.8120477488685461
4,0,4,0.569149748895899
4,0,4,NaN
3,1,4,0.569149748895899
4,0,4,NaN
3,1,4,NaN
4,0,4,0.6914431924244484
4,0,4,NaN
2,2,4,0.8733102078879845
4,0,4,0.927808813496808
4,0,4,NaN
3,1,4,0.927808813496808
2,2,4,NaN
3,1,4,NaN
3,1,4,NaN
3,1,4,0.3841004877657883
3,1,4,0.6914431924244484
4,0,4,NaN
4,0,4,NaN
3,1,4,0.5988966746409761
3,1,4,0.6104096037191906
4,0,4,NaN
3,1,4,NaN
2,2,4,0.01389863463638223
4,0,4,NaN
3,1,4,NaN
3,1,4,0.00044839265490758664
4,0,4,NaN
2,2,4,NaN
2,2,4,NaN
4,0,4,NaN
2,2,4,0.8553400459938837
3,1,4,NaN
4,0,4,0.7582540955828375
4,0,4,NaN
4,0,4,NaN
2,2,4,0.9030952226408369
3,1,4,0.786623350458894
1,3,4,NaN
3,1,4,NaN
3,1,4,0.057001573045734374
3,1,4,0.9388397790286686
4,0,4,0.975417005325033
4,0,4,0.7267509803124766
3,1,4,0.16806732870266622
4,0,4,NaN
4,0,4,0.7582540955828375
1,3,4,NaN
3,1,4,0.10251553182142131
3,1,4,0.3991804991956431
3,1,4,NaN
4,0,4,0.41220587784174245
3,1,4,0.5238679062670301
2,2,4,0.3380631690586218
4,0,4,NaN
3,1,4,0.08596717446393809
4,0,4,0.5238679062670301
3,1,4,0.21867556790285456
4,0,4,0.5066277546201244
2,2,4,0.0494455745194533
4,0,4,NaN
4,0,4,0.05487751302693134
4,0,4,NaN
4,0,4,0.8553400459938837
3,1,4,NaN
3,1,4,NaN
2,2,4,NaN
3,1,4,0.9490411065363702
4,0,4,0.7582540955828375
1,3,4,0.8356407771585233
3,1,4,0.921881291872341
4,0,4,0.786623350458894
3,1,4,0.5238679062670301
4,0,4,0.39064081951093954
3,1,4,0.927808813496808
3,1,4,0.6914431924244484
4,0,4,0.47793771766761745
3,1,4,0.09943458759150654
4,0,4,NaN
4,0,4,0.5238679062670301
2,2,4,0.47793771766761745
2,2,4,0.07470550857760336
4,0,4,NaN
2,2,4,0.04370689030141423
2,2,4,NaN
3,1,4,NaN
4,0,4,NaN
3,1,4,0.14766029718238274
4,0,4,NaN
1,3,4,NaN
4,0,4,NaN
3,1,4,0.09943458759150654
3,1,4,0.9708770260810728
1,3,4,0.7936017220805062
4,0,4,NaN
4,0,4,0.569149748895899
3,1,4,0.6505728275062779
4,0,4,0.976413425292083
3,1,4,0.0494455745194533
1,3,4,NaN
4,0,4,NaN
3,1,4,0.600450870138093
3,1,4,NaN
3,1,4,0.9649170932836378
1,3,4,NaN
4,0,4,NaN
4,0,4,0.8733102078879845
3,1,4,0.24524244003177142
2,2,4,0.3149813444585866
4,0,4,NaN
1,3,4,NaN
2,2,4,0.786623350458894
2,2,4,0.8886935889394204
3,1,4,0.3149813444585866
3,1,4,0.8886935889394204
4,0,4,NaN
3,1,4,NaN
1,3,4,0.5238679062670301
2,2,4,0.47793771766761745
2,2,4,NaN
4,0,4,NaN
4,0,4,0.6914431924244484
3,1,4,NaN
4,0,4,NaN
4,0,4,0.6104096037191906
4,0,4,0.2180321792514569
3,1,4,NaN
3,1,4,0.8356407771585233
3,1,4,0.6104096037191906
2,2,4,0.39064081951093954
4,0,4,NaN
2,2,4,0.569149748895899
2,2,4,0.35291544996872376
4,0,4,0.38120040655300724
4,0,4,NaN
3,1,4,NaN
3,1,4,0.2180321792514569
3,1,4,0.24524244003177142
3,1,4,NaN
4,0,4,NaN
4,0,4,0.43116983099757117
3,1,4,0.04370689030141423
3,1,4,0.1298724704817915
3,1,4,NaN
3,1,4,NaN
2,2,4,NaN
3,1,4,0.11441415810964797
4,0,4,0.9030952226408369
4,0,4,NaN
3,1,4,0.569149748895899
4,0,4,0.27923371017636817
3,1,4,0.8733102078879845
3,1,4,0.3914885635981597
4,0,4,NaN
4,0,4,0.5238679062670301
4,0,4,0.7600437710950968
3,1,4,0.6505728275062779
3,1,4,0.4810508263307117
3,1,4,NaN
3,1,4,NaN
1,3,4,NaN
2,2,4,0.7582540955828375
4,0,4,0.7267509803124766
4,0,4,NaN
3,1,4,0.14766029718238274
3,1,4,0.39064081951093954
2,2,4,0.6505728275062779
3,1,4,0.07806849416026818
2,2,4,NaN
3,1,4,NaN
3,1,4,0.33326865980046866
3,1,4,0.9030952226408369
4,0,4,0.9030952226408369
4,0,4,NaN
4,0,4,0.8926735212774597
4,0,4,NaN
3,1,4,0.47793771766761745
3,1,4,0.569149748895899
4,0,4,0.2528924239050204
2,2,4,NaN
4,0,4,0.1298724704817915
2,2,4,NaN
2,2,4,0.47793771766761745
2,2,4,NaN
4,0,4,0.560512215307002
4,0,4,NaN
1,3,4,0.6104096037191906
1,3,4,NaN
3,1,4,0.8553400459938837
2,2,4,0.5723478033865719
2,2,4,0.569149748895899
4,0,4,0.6065509481318526
4,0,4,0.1298724704817915
4,0,4,0.1298724704817915
4,0,4,NaN
2,2,4,NaN
4,0,4,NaN
3,1,4,NaN
3,1,4,0.2180321792514569
3,1,4,0.06611573959509347
4,0,4,0.9388397790286686
3,1,4,NaN
2,2,4,0.6914431924244484
3,1,4,0.39064081951093954
3,1,4,NaN
4,0,4,0.9030952226408369
4,0,4,0.8356407771585233
3,1,4,0.3149813444585866
3,1,4,0.8353614043224897
2,2,4,NaN
3,1,4,0.39064081951093954
1,3,4,NaN
2,2,4,0.5238679062670301
3,1,4,NaN
4,0,4,0.24460822501461685
3,1,4,NaN
4,0,4,0.014992829574666055
2,2,4,0.927808813496808
4,0,4,NaN
2,2,4,0.7915698038353979
4,0,4,0.47793771766761745
1,3,4,0.9574264943593161
4,0,4,NaN
4,0,4,0.927808813496808
3,1,4,NaN
4,0,4,0.5238679062670301
3,1,4,0.39064081951093954
3,1,4,0.34761220357298417
4,0,4,NaN
2,2,4,0.03947975474069444
4,0,4,0.6505728275062779
3,1,4,NaN
4,0,4,0.927808813496808
4,0,4,NaN
3,1,4,0.35291544996872376
4,0,4,0.39064081951093954
3,1,4,0.3149813444585866
1,3,4,0.5419501758987693
4,0,4,0.14766029718238274
2,2,4,0.016314898271010056
2,2,4,NaN
2,2,4,0.39064081951093954
4,0,4,0.600450870138093
2,2,4,0.7267509803124766
4,0,4,0.013246614512978715
3,1,4,NaN
4,0,4,NaN
4,0,4,0.19236277848876807
3,1,4,0.6104096037191906
3,1,4,NaN
3,1,4,0.8356407771585233
3,1,4,0.35291544996872376
4,0,4,NaN
2,2,4,0.569149748895899
3,1,4,0.27923371017636817
4,0,4,0.03317022976394289
2,2,4,NaN
3,1,4,0.1449807348020754
3,1,4,0.09943458759150654
4,0,4,0.6505728275062779
2,2,4,0.5238679062670301
2,2,4,0.9030952226408369
2,2,4,0.8356407771585233
4,0,4,0.7267509803124766
1,3,4,0.38691380890639476
4,0,4,0.786623350458894
4,0,4,NaN
3,1,4,0.8696727641108148
3,1,4,0.39064081951093954
4,0,4,0.03317022976394289
2,2,4,0.9388397790286686
4,0,4,0.5859398367146251
4,0,4,0.5913100350687926
2,2,4,NaN
2,2,4,NaN
2,2,4,0.8802135408645907
2,2,4,0.7582540955828375
4,0,4,0.47793771766761745
2,2,4,0.12059691487024554
4,0,4,NaN
3,1,4,NaN
3,1,4,NaN
1,3,4,NaN
3,1,4,NaN
4,0,4,0.308913019540168
1,3,4,0.7267509803124766
2,2,4,0.8356407771585233
3,1,4,0.47793771766761745
3,1,4,0.16909288643313697
1,3,4,0.27923371017636817
2,2,4,NaN
2,2,4,0.03832442848911993
4,0,4,0.03794641341295346
2,2,4,NaN
2,2,4,0.04370689030141423
3,1,4,0.976413425292083
4,0,4,NaN
4,0,4,0.01579473713175917
2,2,4,NaN
4,0,4,NaN
2,2,4,NaN
3,1,4,0.5978455647101357
4,0,4,0.927808813496808
4,0,4,NaN
1,3,4,NaN
4,0,4,NaN
3,1,4,0.8886935889394204
4,0,4,NaN
2,2,4,0.2180321792514569
3,1,4,0.06192439929803409
3,1,4,NaN
4,0,4,0.8120477488685461
4,0,4,NaN
2,2,4,0.7582540955828375
3,1,4,0.8356407771585233
4,0,4,NaN
2,2,4,NaN
2,2,4,0.7971405917373999
2,2,4,0.8356407771585233
4,0,4,NaN
4,0,4,0.8553400459938837
3,1,4,NaN
4,0,4,NaN
2,2,4,NaN
1,3,4,NaN
2,2,4,NaN
2,2,4,NaN
3,1,4,0.7267509803124766
2,2,4,0.07470550857760336
3,1,4,0.6914431924244484
3,1,4,0.6505728275062779
3,1,4,0.14766029718238274
3,1,4,NaN
3,1,4,0.06373980375872917
2,2,4,0.7267509803124766
3,1,4,NaN
4,0,4,0.39064081951093954
2,2,4,NaN
2,2,4,NaN
2,2,4,0.47793771766761745
4,0,4,0.35291544996872376
3,1,4,NaN
4,0,4,0.5238679062670301
4,0,4,0.569149748895899
2,2,4,0.9030952226408369
4,0,4,0.028886075440067927
3,1,4,NaN
4,0,4,NaN
2,2,4,0.24524244003177142
4,0,4,NaN
1,3,4,0.8370498159240735
1,3,4,0.05735097310840156
3,1,4,0.008162001333751903
4,0,4,0.39064081951093954
2,2,4,0.4994966444245364
2,2,4,0.7582540955828375
2,2,4,0.35291544996872376
3,1,4,0.025003268719838538
3,1,4,0.9811127762214269
4,0,4,0.08596717446393809
4,0,4,NaN
2,2,4,NaN
3,1,4,0.01880761644846058
3,1,4,NaN
3,1,4,0.21192652223189226
4,0,4,0.2180321792514569
1,3,4,NaN
2,2,4,0.8733102078879845
4,0,4,0.09943458759150654
4,0,4,NaN
1,3,4,0.10265256933016106
4,0,4,NaN
4,0,4,0.5238679062670301
2,2,4,0.394595992013748
1,3,4,0.4620859063819344
3,1,4,NaN
4,0,4,0.29649219863134413
2,2,4,0.6165709600421269
2,2,4,NaN
4,0,4,0.6104096037191906
2,2,4,0.14766029718238274
2,2,4,0.569149748895899
3,1,4,0.39064081951093954
2,2,4,NaN
4,0,4,NaN
2,2,4,NaN
3,1,4,0.7774891427160723
3,1,4,0.03317022976394289
1,3,4,0.11404401218842061
4,0,4,0.39064081951093954
4,0,4,0.13887631687385704
4,0,4,NaN
4,0,4,NaN
4,0,4,0.9388397790286686
2,2,4,0.8553400459938837
2,2,4,0.48835881909493345
3,1,4,0.786623350458894
4,0,4,0.786623350458894
4,0,4,NaN
3,1,4,0.23715204557720845
2,2,4,0.6104096037191906
4,0,4,0.024979424385777767
2,2,4,0.9857264206675347
3,1,4,0.569149748895899
4,0,4,NaN
4,0,4,0.14766029718238274
4,0,4,0.7582540955828375
4,0,4,0.9832754479900205
2,2,4,NaN
3,1,4,0.39064081951093954
3,1,4,0.569149748895899
4,0,4,NaN
3,1,4,NaN
4,0,4,NaN
1,3,4,NaN
3,1,4,NaN
4,0,4,0.8649130204981906
3,1,4,0.08596717446393809
4,0,4,NaN
4,0,4,0.8553400459938837
4,0,4,NaN
2,2,4,0.6791029294095899
4,0,4,0.8356407771585233
4,0,4,NaN
4,0,4,NaN
2,2,4,0.43116983099757117
3,1,4,0.997963239656183
4,0,4,NaN
2,2,4,NaN
4,0,4,NaN
2,2,4,0.3149813444585866
2,2,4,NaN
2,2,4,0.08596717446393809
3,1,4,0.6104096037191906
3,1,4,NaN
4,0,4,0.29321466086640874
4,0,4,0.7582540955828375
3,1,4,0.3761245419307974
2,2,4,0.2180321792514569
3,1,4,0.39064081951093954
4,0,4,0.8733102078879845
4,0,4,NaN
3,1,4,0.0018091012574232453
3,1,4,0.3149813444585866
2,2,4,0.16806732870266622
2,2,4,0.9039247128544875
4,0,4,NaN
2,2,4,0.6914431924244484
4,0,4,0.6505728275062779
1,3,4,NaN
4,0,4,0.7582540955828375
3,1,4,0.8553400459938837
1,3,4,0.3991804991956431
4,0,4,0.6104096037191906
3,1,4,0.8630485905458092
4,0,4,NaN
4,0,4,0.06611573959509347
3,1,4,0.5238679062670301
3,1,4,NaN
4,0,4,0.8356407771585233
4,0,4,0.7582540955828375
2,2,4,0.05735097310840156
4,0,4,NaN
3,1,4,0.7883696248010116
3,1,4,0.5704802311051715
2,2,4,0.8733102078879845
4,0,4,0.9574264943593161
3,1,4,NaN
4,0,4,0.43116983099757117
4,0,4,NaN
4,0,4,0.9163216390929619
1,3,4,NaN
4,0,4,0.24524244003177142
4,0,4,0.927808813496808
2,2,4,NaN
3,1,4,0.9163216390929619
2,2,4,NaN
3,1,4,0.8733102078879845
3,1,4,0.7600437710950968
2,2,4,0.786623350458894
4,0,4,NaN
2,2,4,0.9890032347591703
4,0,4,0.786623350458894
4,0,4,NaN
4,0,4,0.08596717446393809
4,0,4,NaN
4,0,4,0.05735097310840156
3,1,4,0.6914431924244484
4,0,4,0.6914431924244484
4,0,4,0.8886935889394204
3,1,4,0.11081545405740292
2,2,4,NaN
4,0,4,NaN
2,2,4,0.6124850666781179
4,0,4,0.6505728275062779
4,0,4,NaN
4,0,4,NaN
3,1,4,NaN
2,2,4,NaN
4,0,4,0.39064081951093954
3,1,4,0.43116983099757117
3,1,4,0.5235797891418857
2,2,4,0.8733102078879845
2,2,4,0.7092807124457875
4,0,4,0.569149748895899
4,0,4,0.786623350458894
3,1,4,NaN
3,1,4,NaN
4,0,4,NaN
1,3,4,0.9030952226408369
3,1,4,0.43116983099757117
4,0,4,NaN
4,0,4,0.47793771766761745
2,2,4,0.015440156573497937
4,0,4,0.569149748895899
4,0,4,NaN
3,1,4,0.028886075440067927
3,1,4,NaN
4,0,4,0.9649170932836378
2,2,4,NaN
2,2,4,NaN
4,0,4,NaN
3,1,4,0.5238679062670301
2,2,4,0.5238679062670301
3,1,4,NaN
4,0,4,0.927808813496808
4,0,4,0.24524244003177142
4,0,4,0.19236277848876807
3,1,4,0.7582540955828375
3,1,4,NaN
3,1,4,NaN
4,0,4,NaN
4,0,4,NaN
4,0,4,0.8553400459938837
1,3,4,0.013645523488091485
2,2,4,0.2000773982693332
2,2,4,NaN
4,0,4,NaN
3,1,4,NaN
4,0,4,NaN
3,1,4,0.8120477488685461
4,0,4,0.9711836190363513
4,0,4,0.6914431924244484
2,2,4,0.06611573959509347
4,0,4,NaN
4,0,4,0.8553400459938837
2,2,4,0.8501290889143656
4,0,4,NaN
3,1,4,0.786623350458894
4,0,4,NaN
4,0,4,NaN
3,1,4,0.569149748895899
3,1,4,0.9711836190363513
4,0,4,0.2180321792514569
4,0,4,0.06611573959509347
4,0,4,0.47793771766761745
2,2,4,NaN
4,0,4,0.8356407771585233
3,1,4,NaN
4,0,4,NaN
2,2,4,NaN
2,2,4,NaN
4,0,4,0.9163216390929619
2,2,4,0.9743493285636795
3,1,4,0.5238679062670301
2,2,4,NaN
3,1,4,0.43116983099757117
3,1,4,NaN
3,1,4,NaN
4,0,4,0.9599237022961847
4,0,4,0.8120477488685461
3,1,4,NaN
3,1,4,0.11404401218842061
3,1,4,0.976413425292083
2,2,4,0.6505728275062779
2,2,4,0.6914431924244484
2,2,4,0.835445920380814
4,0,4,0.5989365115182869
2,2,4,0.8356407771585233
3,1,4,NaN
2,2,4,0.9163216390929619
3,1,4,NaN
3,1,4,NaN
3,1,4,NaN
4,0,4,NaN
4,0,4,0.9763103922068648
4,0,4,0.8120477488685461
4,0,4,0.6505728275062779
2,2,4,0.2180321792514569
3,1,4,0.6104096037191906
2,2,4,0.7582540955828375
4,0,4,0.0011116748803106189
4,0,4,NaN
2,2,4,0.9490411065363702
3,1,4,NaN
4,0,4,NaN
3,1,4,0.06611573959509347
4,0,4,0.7582540955828375
2,2,4,0.7267509803124766
4,0,4,0.39064081951093954
3,1,4,0.569149748895899
4,0,4,NaN
1,3,4,0.6539048895087975
4,0,4,NaN
4,0,4,NaN
3,1,4,0.8120477488685461
3,1,4,NaN
3,1,4,0.06611573959509347
4,0,4,0.39064081951093954
4,0,4,0.6914431924244484
3,1,4,NaN
3,1,4,0.7267509803124766
3,1,4,0.09943458759150654
2,2,4,0.6914431924244484
4,0,4,NaN
2,2,4,0.1123484147729605
4,0,4,0.6178846619406263
2,2,4,NaN
3,1,4,NaN
1,3,4,0.3149813444585866
4,0,4,NaN
2,2,4,NaN
3,1,4,NaN
2,2,4,0.7582540955828375
3,1,4,0.8733102078879845
4,0,4,NaN
4,0,4,NaN
4,0,4,0.9649170932836378
4,0,4,0.5932290821066095
1,3,4,NaN
3,1,4,NaN
2,2,4,0.0026908597986054356
2,2,4,0.5238679062670301
4,0,4,NaN
2,2,4,NaN
4,0,4,NaN
4,0,4,NaN
3,1,4,0.6104096037191906
2,2,4,0.43116983099757117
1,3,4,0.927808813496808
3,1,4,0.786623350458894
2,2,4,NaN
3,1,4,NaN
4,0,4,NaN
4,0,4,0.8886935889394204
2,2,4,NaN
1,3,4,NaN
2,2,4,0.47793771766761745
2,2,4,NaN
4,0,4,0.47793771766761745
3,1,4,NaN
1,3,4,NaN
4,0,4,NaN
3,1,4,0.24460822501461685
4,0,4,NaN
4,0,4,NaN
1,3,4,0.02015513364261931
1,3,4,NaN
4,0,4,NaN
4,0,4,NaN
2,2,4,0.45203860362196885
2,2,4,0.600450870138093
3,1,4,NaN
4,0,4,NaN
3,1,4,0.14766029718238274
2,2,4,0.47793771766761745
3,1,4,NaN
1,3,4,0.5238679062670301
3,1,4,0.14766029718238274
3,1,4,NaN
3,1,4,NaN
4,0,4,0.06611573959509347
3,1,4,NaN
2,2,4,0.569149748895899
2,2,4,0.8553400459938837
3,1,4,NaN
1,3,4,NaN
4,0,4,0.19236277848876807
2,2,4,0.05735097310840156
4,0,4,NaN
2,2,4,NaN
4,0,4,NaN
2,2,4,0.7582540955828375
4,0,4,0.786623350458894
3,1,4,NaN
4,0,4,NaN
2,2,4,0.7267509803124766
4,0,4,0.8120477488685461
4,0,4,0.16922731549821454
1,3,4,0.7582540955828375
3,1,4,NaN
1,3,4,0.6359371675320079
2,2,4,NaN
3,1,4,NaN
2,2,4,0.124381703168031
2,2,4,NaN
4,0,4,NaN
4,0,4,0.9662848430678245
1,3,4,0.8553400459938837
4,0,4,0.7582540955828375
4,0,4,NaN
3,1,4,NaN
4,0,4,NaN
4,0,4,0.6505728275062779
2,2,4,NaN
4,0,4,0.06611573959509347
3,1,4,0.786623350458894
3,1,4,0.8160384179905569
3,1,4,NaN
2,2,4,NaN
4,0,4,NaN
4,0,4,NaN
2,2,4,NaN
4,0,4,0.19236277848876807
2,2,4,0.40057686224618433
2,2,4,0.40410631534515257
4,0,4,0.2180321792514569
4,0,4,NaN
1,3,4,0.11404401218842061
2,2,4,0.47793771766761745
4,0,4,0.009778647628762748
3,1,4,0.24524244003177142
3,1,4,0.7541925098307979
4,0,4,NaN
3,1,4,NaN
2,2,4,0.08596717446393809
4,0,4,NaN
4,0,4,NaN
4,0,4,0.08596717446393809
2,2,4,NaN
4,0,4,0.43116983099757117
3,1,4,0.24524244003177142
3,1,4,0.786623350458894
4,0,4,NaN
2,2,4,NaN
4,0,4,0.5238679062670301
3,1,4,0.5238679062670301
2,2,4,0.8733102078879845
4,0,4,NaN
2,2,4,0.9030952226408369
3,1,4,NaN
4,0,4,0.0002318079037621896
3,1,4,0.16806732870266622
3,1,4,NaN
4,0,4,0.9500964739288349
2,2,4,0.08831300977470789
4,0,4,NaN
2,2,4,NaN
2,2,4,0.19236277848876807
2,2,4,NaN
4,0,4,NaN
4,0,4,0.9388397790286686
1,3,4,0.6914431924244484
3,1,4,NaN
2,2,4,0.39064081951093954
3,1,4,0.8442143217132388
4,0,4,0.7582540955828375
2,2,4,0.9574264943593161
2,2,4,NaN
4,0,4,0.2180321792514569
2,2,4,0.003964604231965587
4,0,4,NaN
2,2,4,0.663023519876961
4,0,4,0.008126970210441814
1,3,4,NaN
3,1,4,0.8733102078879845
4,0,4,0.09943458759150654
1,3,4,NaN
3,1,4,NaN
2,2,4,NaN
2,2,4,NaN
4,0,4,NaN
2,2,4,0.03794641341295346
2,2,4,0.11404401218842061
4,0,4,0.7429299564203464
2,2,4,0.6104096037191906
4,0,4,NaN
2,2,4,0.569149748895899
2,2,4,0.7582540955828375
2,2,4,NaN
4,0,4,0.6914431924244484
3,1,4,NaN
2,2,4,0.3149813444585866
3,1,4,NaN
3,1,4,0.27923371017636817
2,2,4,NaN
4,0,4,NaN
2,2,4,NaN
2,2,4,0.9030952226408369
4,0,4,NaN
3,1,4,NaN
3,1,4,0.02260783223413573
1,3,4,0.0494455745194533
2,2,4,0.39064081951093954
3,1,4,NaN
2,2,4,0.02668274358731565
2,2,4,0.14766029718238274
4,0,4,0.8411113773668614
2,2,4,0.35291544996872376
1,3,4,NaN
4,0,4,0.6914431924244484
3,1,4,0.18268889243605613
2,2,4,NaN
4,0,4,NaN
4,0,4,0.9649170932836378
4,0,4,NaN
2,2,4,NaN
1,3,4,NaN
4,0,4,NaN
4,0,4,0.3149813444585866
2,2,4,NaN
1,3,4,NaN
2,2,4,NaN
4,0,4,NaN
4,0,4,0.8553400459938837
4,0,4,NaN
3,1,4,NaN
3,1,4,NaN
2,2,4,0.364944180090729
2,2,4,0.9163216390929619
4,0,4,NaN
1,3,4,NaN
3,1,4,0.5238679062670301
4,0,4,0.9030952226408369
4,0,4,0.27923371017636817
4,0,4,0.7243195423811148
4,0,4,0.569149748895899
1,3,4,NaN
4,0,4,NaN
4,0,4,NaN
3,1,4,0.1298724704817915
2,2,4,0.6104096037191906
3,1,4,0.39064081951093954
3,1,4,NaN
1,3,4,NaN
4,0,4,0.6505728275062779
2,2,4,NaN
4,0,4,0.7582540955828375
4,0,4,NaN
2,2,4,0.47793771766761745
4,0,4,0.9030952226408369
4,0,4,0.3149813444585866
4,0,4,0.7582540955828375
2,2,4,0.23461428231521703
2,2,4,NaN
4,0,4,NaN
4,0,4,0.8886935889394204
4,0,4,0.9574264943593161
4,0,4,NaN
4,0,4,NaN
3,1,4,0.9574264943593161
2,2,4,0.8385668735605378
2,2,4,0.6914431924244484
4,0,4,0.6104096037191906
3,1,4,0.35291544996872376
4,0,4,0.07470550857760336
3,1,4,0.7582540955828375
2,2,4,0.6914431924244484
3,1,4,NaN
2,2,4,NaN
2,2,4,NaN
4,0,4,0.3421998722560615
4,0,4,NaN
4,0,4,NaN
2,2,4,0.9030952226408369
3,1,4,NaN
1,3,4,0.04370689030141423
2,2,4,NaN
4,0,4,0.08211861461897187
3,1,4,0.9163216390929619
4,0,4,NaN
3,1,4,0.786623350458894
3,1,4,0.01389863463638223
4,0,4,0.8553400459938837
4,0,4,NaN
4,0,4,NaN
4,0,4,0.35291544996872376
4,0,4,0.569149748895899
1,3,4,0.07470550857760336
2,2,4,NaN
1,3,4,NaN
3,1,4,0.07470550857760336
2,2,4,0.07470550857760336
1,3,4,0.024979424385777767
1,3,4,0.3269086988347228
2,2,4,0.06611573959509347
3,1,4,NaN
3,1,4,0.8733102078879845
4,0,4,NaN
1,3,4,0.03317022976394289
2,2,4,0.27923371017636817
2,2,4,NaN
4,0,4,0.39064081951093954
2,2,4,0.8886935889394204
2,2,4,NaN
4,0,4,NaN
4,0,4,0.927808813496808
2,2,4,NaN
4,0,4,0.9811127762214269
4,0,4,NaN
4,0,4,NaN
2,2,4,NaN
2,2,4,0.14766029718238274
4,0,4,NaN
4,0,4,NaN
3,1,4,0.569149748895899
4,0,4,0.7267509803124766
2,2,4,NaN
2,2,4,NaN
1,3,4,NaN
2,2,4,0.005812985542910942
4,0,4,0.35291544996872376
1,3,4,NaN
2,2,4,0.569149748895899
2,2,4,0.8733102078879845
2,2,4,0.8356407771585233
3,1,4,0.27923371017636817
3,1,4,NaN
4,0,4,NaN
3,1,4,NaN
4,0,4,0.35291544996872376
4,0,4,0.47699782718635464
4,0,4,0.786623350458894
1,3,4,0.29321466086640874
4,0,4,NaN
3,1,4,0.19236277848876807
4,0,4,NaN
1,3,4,NaN
3,1,4,0.22884993719077776
4,0,4,0.6505728275062779
4,0,4,NaN
3,1,4,0.6914431924244484
4,0,4,NaN
4,0,4,NaN
1,3,4,0.9711836190363513
4,0,4,NaN
4,0,4,NaN
4,0,4,NaN
2,2,4,0.43116983099757117
3,1,4,NaN
4,0,4,NaN
4,0,4,NaN
3,1,4,0.7582540955828375
3,1,4,0.8733102078879845
3,1,4,0.27052457189334916
4,0,4,0.14766029718238274
4,0,4,0.569149748895899
2,2,4,0.43116983099757117
4,0,4,0.39064081951093954
3,1,4,NaN
2,2,4,NaN
4,0,4,0.8120477488685461
3,1,4,0.35291544996872376
2,2,4,NaN
2,2,4,0.27923371017636817
4,0,4,NaN
1,3,4,0.6104096037191906
3,1,4,0.7883696248010116
2,2,4,0.8451544942757592
2,2,4,0.16806732870266622
4,0,4,NaN
4,0,4,NaN
4,0,4,NaN
3,1,4,0.1298724704817915
1,3,4,NaN
2,2,4,0.7582540955828375
2,2,4,0.6426385446506481
3,1,4,NaN
3,1,4,NaN
4,0,4,0.7267509803124766
4,0,4,0.47793771766761745
3,1,4,NaN
4,0,4,NaN
2,2,4,0.8502235671206062
2,2,4,0.9030952226408369
4,0,4,NaN
3,1,4,0.8120477488685461
1,3,4,NaN
3,1,4,NaN
4,0,4,0.43116983099757117
3,1,4,0.6505728275062779
2,2,4,0.569149748895899
3,1,4,0.9857264206675347
3,1,4,NaN
3,1,4,NaN
2,2,4,0.16806732870266622
3,1,4,0.14766029718238274
2,2,4,0.7718834732979032
4,0,4,0.6505728275062779
3,1,4,NaN
1,3,4,0.6914431924244484
3,1,4,NaN
2,2,4,NaN
4,0,4,NaN
4,0,4,NaN
2,2,4,0.27923371017636817
4,0,4,NaN
4,0,4,NaN
3,1,4,0.7541925098307979
3,1,4,0.5238679062670301
3,1,4,0.9773029272956367
3,1,4,5.625835939796811e-6
2,2,4,NaN
1,3,4,0.43116983099757117
4,0,4,NaN
2,2,4,0.2893190745003554
3,1,4,NaN
1,3,4,0.8120477488685461
3,1,4,NaN
2,2,4,0.8120477488685461
4,0,4,0.786623350458894
4,0,4,NaN
4,0,4,NaN
3,1,4,0.9503849767387041
4,0,4,0.09943458759150654
4,0,4,0.7267509803124766
3,1,4,NaN
4,0,4,0.6247831288486835
4,0,4,NaN
3,1,4,0.5238679062670301
4,0,4,NaN
1,3,4,0.003292552388002024
3,1,4,0.3149813444585866
3,1,4,NaN
3,1,4,0.7280943808812835
2,2,4,NaN
4,0,4,NaN
3,1,4,NaN
2,2,4,0.9894656266614458
3,1,4,NaN
4,0,4,0.04370689030141423
4,0,4,NaN
4,0,4,NaN
2,2,4,0.3149813444585866
4,0,4,NaN
4,0,4,NaN
4,0,4,NaN
3,1,4,0.24524244003177142
3,1,4,NaN
3,1,4,NaN
3,1,4,0.6880751652472807
2,2,4,0.6914431924244484
4,0,4,NaN
2,2,4,NaN
2,2,4,0.47793771766761745
3,1,4,0.6104096037191906
1,3,4,0.09625729203500964
4,0,4,NaN
2,2,4,0.05735097310840156
1,3,4,0.8733102078879845
4,0,4,0.6104096037191906
3,1,4,NaN
4,0,4,0.49918214384274195
4,0,4,0.39064081951093954
3,1,4,NaN
3,1,4,NaN
2,2,4,0.8553400459938837
2,2,4,0.569149748895899
3,1,4,NaN
4,0,4,0.5589745788524981
4,0,4,NaN
4,0,4,0.569149748895899
4,0,4,0.1298724704817915
3,1,4,NaN
3,1,4,0.6505728275062779
1,3,4,NaN
4,0,4,0.7582540955828375
4,0,4,0.4845149933938751
4,0,4,0.1298724704817915
2,2,4,NaN
3,1,4,NaN
3,1,4,0.8815560790124995
2,2,4,NaN
4,0,4,NaN
4,0,4,NaN
4,0,4,NaN
3,1,4,NaN
2,2,4,NaN
4,0,4,NaN
4,0,4,NaN
2,2,4,NaN
2,2,4,0.0494455745194533
2,2,4,NaN
2,2,4,0.1200079059284548
4,0,4,NaN
2,2,4,NaN
1,3,4,NaN
2,2,4,NaN
4,0,4,NaN
4,0,4,0.24524244003177142
3,1,4,0.16806732870266622
2,2,4,0.9825119807364223
4,0,4,0.5238679062670301
2,2,4,0.6505728275062779
2,2,4,NaN
3,1,4,0.05992140333620699
4,0,4,0.024979424385777767
4,0,4,NaN
3,1,4,NaN
2,2,4,0.47793771766761745
2,2,4,0.3450495104343071
2,2,4,NaN
4,0,4,NaN
4,0,4,0.7267509803124766
4,0,4,0.028886075440067927
2,2,4,0.3149813444585866
4,0,4,NaN
4,0,4,NaN
3,1,4,0.9574264943593161
1,3,4,NaN
2,2,4,NaN
4,0,4,0.786623350458894
2,2,4,NaN
1,3,4,NaN
3,1,4,0.03794641341295346
2,2,4,0.2180321792514569
4,0,4,0.6104096037191906
4,0,4,NaN
1,3,4,0.001828788996692396
3,1,4,NaN
4,0,4,NaN
2,2,4,0.8733102078879845
1,3,4,NaN
3,1,4,NaN
3,1,4,0.9574264943593161
3,1,4,0.5238679062670301
2,2,4,0.9163216390929619
4,0,4,0.9388397790286686
4,0,4,NaN
1,3,4,NaN
2,2,4,NaN
4,0,4,0.9975663265144364
3,1,4,0.8553400459938837
4,0,4,0.6909108556815501
2,2,4,NaN
2,2,4,0.6914431924244484
1,3,4,0.021960220642977778
4,0,4,NaN
1,3,4,NaN
3,1,4,0.9388397790286686
2,2,4,NaN
2,2,4,NaN
4,0,4,0.03162241916014955
3,1,4,NaN
2,2,4,0.04370689030141423
4,0,4,0.6104096037191906
2,2,4,0.35291544996872376
2,2,4,NaN
4,0,4,NaN
2,2,4,NaN
3,1,4,0.03794641341295346
2,2,4,NaN
2,2,4,NaN
3,1,4,NaN
4,0,4,0.03317022976394289
3,1,4,0.7582540955828375
2,2,4,NaN
2,2,4,0.01880761644846058
2,2,4,0.11404401218842061
3,1,4,0.7267509803124766
4,0,4,0.7582540955828375
4,0,4,0.41220587784174245
2,2,4,0.030456654273696277
2,2,4,0.08596717446393809
3,1,4,0.569149748895899
3,1,4,NaN
2,2,4,NaN
4,0,4,NaN
4,0,4,0.6505728275062779
4,0,4,0.927808813496808
2,2,4,0.3149813444585866
4,0,4,NaN
3,1,4,0.5988966746409761
4,0,4,NaN
4,0,4,NaN
1,3,4,0.11404401218842061
4,0,4,0.27162063118632374
2,2,4,0.927808813496808
2,2,4,0.6312521649346363
2,2,4,NaN
3,1,4,NaN
4,0,4,0.8356407771585233
4,0,4,0.6914431924244484
2,2,4,NaN
4,0,4,0.8822072646799609
4,0,4,NaN
2,2,4,0.003422726156160591
3,1,4,NaN
2,2,4,NaN
3,1,4,0.9857264206675347
3,1,4,NaN
3,1,4,0.016314898271010056
2,2,4,0.8553400459938837
3,1,4,NaN
4,0,4,0.8120477488685461
4,0,4,NaN
2,2,4,NaN
4,0,4,NaN
4,0,4,NaN
3,1,4,NaN
4,0,4,NaN
2,2,4,0.6104096037191906
3,1,4,0.6780942857912643
3,1,4,NaN
2,2,4,NaN
3,1,4,0.43116983099757117
1,3,4,0.024979424385777767
2,2,4,NaN
4,0,4,0.07312498033088694
2,2,4,NaN
4,0,4,0.14766029718238274
3,1,4,0.8120477488685461
4,0,4,0.9030952226408369
4,0,4,0.976413425292083
2,2,4,0.009778647628762748
1,3,4,0.2180321792514569
4,0,4,NaN
4,0,4,NaN
3,1,4,0.8772173292823856
3,1,4,0.01880761644846058
3,1,4,0.7582540955828375
4,0,4,0.03317022976394289
2,2,4,NaN
2,2,4,0.7582540955828375
4,0,4,NaN
3,1,4,0.9163216390929619
4,0,4,NaN
4,0,4,0.5663154962767257
4,0,4,NaN
2,2,4,0.927808813496808
2,2,4,0.07470550857760336
4,0,4,NaN
4,0,4,NaN
3,1,4,0.19236277848876807
3,1,4,NaN
2,2,4,NaN
4,0,4,0.24524244003177142
4,0,4,NaN
4,0,4,0.43116983099757117
4,0,4,NaN
4,0,4,0.8356407771585233
2,2,4,NaN
3,1,4,NaN
3,1,4,0.43116983099757117
2,2,4,0.24524244003177142
4,0,4,NaN
3,1,4,NaN
3,1,4,0.35291544996872376
3,1,4,0.8733102078879845
3,1,4,0.5238679062670301
4,0,4,0.8120477488685461
3,1,4,0.7369006208311565
1,3,4,0.8291191345239641
4,0,4,NaN
4,0,4,NaN
4,0,4,0.9711836190363513
4,0,4,0.9574264943593161
2,2,4,0.3149813444585866
4,0,4,NaN
2,2,4,NaN
3,1,4,NaN
3,1,4,0.2180321792514569
3,1,4,NaN
3,1,4,NaN
1,3,4,0.569149748895899
2,2,4,0.7267509803124766
4,0,4,0.39064081951093954
3,1,4,0.7267509803124766
3,1,4,NaN
2,2,4,NaN
1,3,4,0.9388397790286686
4,0,4,NaN
4,0,4,0.8120477488685461
3,1,4,0.9490411065363702
3,1,4,0.9490411065363702
2,2,4,0.6104096037191906
4,0,4,0.04370689030141423
4,0,4,0.786623350458894
4,0,4,NaN
4,0,4,NaN
3,1,4,NaN
2,2,4,0.0027967746392788552
1,3,4,0.8356407771585233
2,2,4,NaN
4,0,4,0.27923371017636817
4,0,4,NaN
1,3,4,0.786623350458894
1,3,4,NaN
4,0,4,NaN
4,0,4,0.6914431924244484
1,3,4,NaN
3,1,4,NaN
3,1,4,0.24524244003177142
2,2,4,NaN
2,2,4,NaN
2,2,4,NaN
4,0,4,NaN
3,1,4,NaN
2,2,4,0.24524244003177142
3,1,4,0.6505728275062779
4,0,4,0.7267509803124766
4,0,4,NaN
4,0,4,NaN
3,1,4,NaN
4,0,4,NaN
4,0,4,0.6104096037191906
3,1,4,0.04370689030141423
3,1,4,0.8733102078879845
3,1,4,0.19236277848876807
1,3,4,0.011532985534739066
3,1,4,0.7095979314024999
2,2,4,NaN
3,1,4,0.8356407771585233
2,2,4,NaN
3,1,4,0.16806732870266622
2,2,4,0.11404401218842061
4,0,4,0.9163216390929619
3,1,4,NaN
4,0,4,0.8733102078879845
3,1,4,0.14766029718238274
2,2,4,NaN
1,3,4,NaN
4,0,4,0.09943458759150654
3,1,4,NaN
2,2,4,NaN
3,1,4,0.5238679062670301
1,3,4,0.8120477488685461
4,0,4,0.8356407771585233
4,0,4,NaN
3,1,4,NaN
1,3,4,0.9711836190363513
4,0,4,NaN
4,0,4,NaN
4,0,4,NaN
2,2,4,0.6104096037191906
2,2,4,0.8356407771585233
2,2,4,NaN
1,3,4,NaN
4,0,4,NaN
2,2,4,0.8733102078879845
2,2,4,NaN
2,2,4,0.19236277848876807
3,1,4,NaN
2,2,4,0.9030952226408369
3,1,4,0.19236277848876807
4,0,4,0.8553400459938837
4,0,4,NaN
3,1,4,0.569149748895899
4,0,4,NaN
4,0,4,0.6914431924244484
2,2,4,0.16806732870266622
3,1,4,0.43116983099757117
4,0,4,0.9030952226408369
2,2,4,NaN
4,0,4,NaN
3,1,4,0.8553400459938837
4,0,4,NaN
3,1,4,0.6979814411333362
4,0,4,NaN
3,1,4,NaN
3,1,4,0.4751143985295658
4,0,4,NaN
3,1,4,0.569149748895899
4,0,4,NaN
4,0,4,0.21789723100099276
3,1,4,NaN
3,1,4,NaN
4,0,4,NaN
4,0,4,NaN
2,2,4,0.9388397790286686
3,1,4,0.1298724704817915
4,0,4,NaN
3,1,4,NaN
2,2,4,0.6914431924244484
4,0,4,0.35291544996872376
4,0,4,NaN
2,2,4,NaN
4,0,4,0.6505728275062779
4,0,4,0.6880751652472807
4,0,4,0.39064081951093954
3,1,4,0.5238679062670301
3,1,4,0.19236277848876807
2,2,4,NaN
4,0,4,NaN
4,0,4,0.8733102078879845
2,2,4,0.6914431924244484
3,1,4,0.2180321792514569
4,0,4,NaN
4,0,4,0.9490411065363702
3,1,4,0.7213574018943657
2,2,4,0.7582540955828375
4,0,4,NaN
4,0,4,NaN
2,2,4,0.9194087477301285
3,1,4,NaN
4,0,4,0.24524244003177142
3,1,4,0.43116983099757117
1,3,4,0.44910755679173275
3,1,4,NaN
4,0,4,NaN
4,0,4,NaN
3,1,4,NaN
3,1,4,0.24308589955930748
4,0,4,0.24524244003177142
2,2,4,0.9490411065363702
4,0,4,NaN
4,0,4,0.2180321792514569
4,0,4,0.39064081951093954
3,1,4,0.3207182538509835
3,1,4,0.19236277848876807
1,3,4,NaN
2,2,4,NaN
3,1,4,NaN
3,1,4,0.39064081951093954
4,0,4,0.09943458759150654
3,1,4,NaN
3,1,4,NaN
1,3,4,NaN
2,2,4,0.07071721497299611
3,1,4,NaN
2,2,4,0.8356407771585233
2,2,4,0.015440156573497937
2,2,4,NaN
2,2,4,NaN
2,2,4,0.39064081951093954
3,1,4,0.9388397790286686
2,2,4,0.7582540955828375
2,2,4,0.1298724704817915
3,1,4,0.6914431924244484
3,1,4,NaN
3,1,4,0.9030952226408369
3,1,4,0.24524244003177142
4,0,4,0.10328296149413824
4,0,4,NaN
2,2,4,0.14766029718238274
2,2,4,0.03832442848911993
3,1,4,0.9857264206675347
4,0,4,0.11404401218842061
3,1,4,0.16806732870266622
4,0,4,NaN
4,0,4,0.4000801055241669
2,2,4,0.001485663756579797
2,2,4,NaN
2,2,4,0.43116983099757117
3,1,4,0.7582540955828375
3,1,4,NaN
3,1,4,0.3149813444585866
4,0,4,0.786623350458894
3,1,4,0.6104096037191906
4,0,4,0.7267509803124766
4,0,4,NaN
4,0,4,NaN
4,0,4,NaN
2,2,4,0.8733102078879845
3,1,4,0.06611573959509347
2,2,4,0.35291544996872376
2,2,4,0.7267509803124766
4,0,4,NaN
2,2,4,0.7267509803124766
4,0,4,0.9811127762214269
2,2,4,NaN
2,2,4,NaN
1,3,4,NaN
4,0,4,NaN
3,1,4,NaN
1,3,4,NaN
3,1,4,0.03794641341295346
3,1,4,NaN
3,1,4,NaN
4,0,4,NaN
4,0,4,NaN
4,0,4,NaN
4,0,4,0.03317022976394289
3,1,4,0.35291544996872376
3,1,4,NaN
1,3,4,NaN
2,2,4,0.8886935889394204
3,1,4,NaN
3,1,4,0.9030952226408369
2,2,4,0.7267509803124766
4,0,4,0.43116983099757117
1,3,4,NaN
3,1,4,0.5238679062670301
3,1,4,0.8886935889394204
4,0,4,0.7582540955828375
4,0,4,NaN
3,1,4,0.9649170932836378
4,0,4,NaN
3,1,4,NaN
2,2,4,0.47793771766761745
4,0,4,NaN
4,0,4,0.11404401218842061
4,0,4,0.09943458759150654
3,1,4,0.5238679062670301
4,0,4,NaN
4,0,4,0.7582540955828375
4,0,4,0.9388397790286686
4,0,4,0.8733102078879845
2,2,4,0.569149748895899
2,2,4,0.11404401218842061
4,0,4,NaN
4,0,4,0.07470550857760336
4,0,4,0.24524244003177142
4,0,4,0.9163216390929619
2,2,4,0.4994966444245364
3,1,4,0.9574264943593161
1,3,4,NaN
3,1,4,NaN
4,0,4,0.9165542235846281
4,0,4,0.19236277848876807
2,2,4,NaN
3,1,4,0.3149813444585866
3,1,4,0.6912844784292481
2,2,4,NaN
3,1,4,0.05735097310840156
4,0,4,0.6104096037191906
4,0,4,NaN
4,0,4,0.835445920380814
3,1,4,0.7288744016034205
3,1,4,0.14766029718238274
3,1,4,0.27923371017636817
3,1,4,NaN
1,3,4,0.9894656266614458
3,1,4,NaN
3,1,4,0.08596717446393809
2,2,4,0.3149813444585866
3,1,4,NaN
3,1,4,0.4991160421078876
1,3,4,NaN
4,0,4,0.8733102078879845
3,1,4,0.8733102078879845
4,0,4,NaN
4,0,4,NaN
2,2,4,0.14766029718238274
2,2,4,NaN
3,1,4,NaN
2,2,4,0.32305707266974876
4,0,4,NaN
3,1,4,NaN
3,1,4,0.8356407771585233
1,3,4,0.43116983099757117
4,0,4,0.3149813444585866
4,0,4,0.09943458759150654
4,0,4,NaN
4,0,4,0.569149748895899
1,3,4,0.016314898271010056
3,1,4,0.7582540955828375
1,3,4,NaN
4,0,4,NaN
2,2,4,0.19236277848876807
4,0,4,NaN
3,1,4,NaN
3,1,4,0.6104096037191906
4,0,4,NaN
1,3,4,0.6914431924244484
2,2,4,0.47793771766761745
1,3,4,NaN
2,2,4,NaN
3,1,4,NaN
4,0,4,NaN
3,1,4,0.08596717446393809
4,0,4,0.3149813444585866
3,1,4,0.024979424385777767
3,1,4,NaN
4,0,4,NaN
4,0,4,NaN
2,2,4,NaN
3,1,4,0.35291544996872376
2,2,4,0.7582540955828375
2,2,4,0.6104096037191906
4,0,4,0.08338428661019415
3,1,4,0.41605758143981575
4,0,4,NaN
4,0,4,0.786623350458894
3,1,4,NaN
3,1,4,NaN
4,0,4,0.8886935889394204
2,2,4,NaN
3,1,4,0.24524244003177142
2,2,4,0.8886935889394204
3,1,4,0.569149748895899
3,1,4,0.11404401218842061
2,2,4,0.19236277848876807
3,1,4,0.2180321792514569
4,0,4,0.16806732870266622
3,1,4,0.9227794561684306
4,0,4,NaN
4,0,4,0.9574264943593161
2,2,4,NaN
3,1,4,0.16806732870266622
4,0,4,NaN
2,2,4,0.786623350458894
4,0,4,0.786623350458894
3,1,4,NaN
4,0,4,0.5238679062670301
1,3,4,0.9802563078962381
3,1,4,0.047870064071713736
2,2,4,0.441872674233577
3,1,4,NaN
4,0,4,NaN
3,1,4,0.05735097310840156
4,0,4,NaN
4,0,4,0.8886935889394204
4,0,4,NaN
3,1,4,NaN
2,2,4,NaN
3,1,4,0.9857264206675347
2,2,4,NaN
2,2,4,0.8553400459938837
3,1,4,0.9490411065363702
3,1,4,0.07100384143277781
2,2,4,NaN
3,1,4,NaN
4,0,4,0.8356407771585233
3,1,4,0.47793771766761745
3,1,4,0.8517372630840184
3,1,4,NaN
3,1,4,0.14766029718238274
3,1,4,0.6914431924244484
4,0,4,NaN
4,0,4,NaN
3,1,4,0.9811127762214269
4,0,4,0.07470550857760336
3,1,4,NaN
3,1,4,0.8553400459938837
4,0,4,0.927808813496808
1,3,4,NaN
2,2,4,0.9574264943593161
3,1,4,0.47793771766761745
1,3,4,NaN
2,2,4,0.9407275692905283
4,0,4,NaN
3,1,4,NaN
3,1,4,0.49795693882232495
4,0,4,NaN
2,2,4,0.7582540955828375
3,1,4,0.9030952226408369
1,3,4,0.35291544996872376
2,2,4,0.7636880742300809
2,2,4,NaN
2,2,4,1.0145392992137061e-6
2,2,4,0.6104096037191906
1,3,4,0.16806732870266622
4,0,4,0.021960220642977778
1,3,4,0.6914431924244484
4,0,4,NaN
2,2,4,0.9574264943593161
3,1,4,0.6914431924244484
2,2,4,NaN
3,1,4,NaN
4,0,4,0.6777695128181356
4,0,4,0.2690499474445848
4,0,4,NaN
4,0,4,NaN
3,1,4,NaN
2,2,4,0.7582540955828375
1,3,4,NaN
2,2,4,0.3039894224468805
2,2,4,0.8733102078879845
4,0,4,NaN
2,2,4,0.8356407771585233
3,1,4,0.2180321792514569
3,1,4,0.8733102078879845
4,0,4,NaN
4,0,4,0.07470550857760336
4,0,4,0.09943458759150654
3,1,4,0.16806732870266622
2,2,4,0.6505728275062779
3,1,4,0.8733102078879845
1,3,4,NaN
3,1,4,NaN
1,3,4,0.07470550857760336
2,2,4,NaN
1,3,4,0.7582540955828375
3,1,4,NaN
4,0,4,NaN
4,0,4,0.7556978411434596
4,0,4,NaN
4,0,4,NaN
3,1,4,0.7582540955828375
2,2,4,NaN
2,2,4,0.47793771766761745
4,0,4,NaN
1,3,4,0.09943458759150654
4,0,4,NaN
2,2,4,0.4846356733487174
3,1,4,NaN
3,1,4,0.11404401218842061
3,1,4,NaN
3,1,4,0.06611573959509347
4,0,4,0.5488573615770014
4,0,4,NaN
3,1,4,0.43116983099757117
3,1,4,0.0002464722772376741
3,1,4,0.7582540955828375
3,1,4,0.14171971371427808
4,0,4,0.35291544996872376
3,1,4,NaN
4,0,4,0.21789723100099276
3,1,4,NaN
2,2,4,NaN
4,0,4,0.43116983099757117
4,0,4,NaN
3,1,4,0.8886935889394204
3,1,4,NaN
4,0,4,NaN
4,0,4,NaN
4,0,4,NaN
3,1,4,0.6880751652472807
2,2,4,NaN
3,1,4,0.04930713521914894
2,2,4,0.03794641341295346
1,3,4,0.39064081951093954
3,1,4,0.27923371017636817
2,2,4,0.6104096037191906
4,0,4,NaN
4,0,4,0.06611573959509347
3,1,4,0.47793771766761745
4,0,4,0.47793771766761745
4,0,4,0.5238679062670301
3,1,4,NaN
1,3,4,NaN
2,2,4,0.2180321792514569
2,2,4,0.8356407771585233
2,2,4,NaN
2,2,4,NaN
4,0,4,0.020329062034305602
3,1,4,0.8120477488685461
2,2,4,0.24524244003177142
4,0,4,0.6505728275062779
1,3,4,0.47793771766761745
2,2,4,0.05735097310840156
2,2,4,0.6505728275062779
4,0,4,NaN
4,0,4,0.39064081951093954
2,2,4,NaN
4,0,4,NaN
3,1,4,0.47793771766761745
4,0,4,0.8733102078879845
4,0,4,0.8120477488685461
2,2,4,0.6505728275062779
3,1,4,0.05735097310840156
3,1,4,0.786623350458894
4,0,4,0.9892198486363319
2,2,4,0.569149748895899
1,3,4,NaN
3,1,4,NaN
4,0,4,NaN
2,2,4,0.6914431924244484
3,1,4,0.7267509803124766
3,1,4,0.569149748895899
3,1,4,0.7267509803124766
2,2,4,0.8755964818758069
3,1,4,NaN
2,2,4,NaN
3,1,4,0.24524244003177142
4,0,4,NaN
4,0,4,NaN
3,1,4,NaN
4,0,4,0.569149748895899
2,2,4,0.6914431924244484
4,0,4,0.13826789573170475
3,1,4,0.7267509803124766
3,1,4,0.020329062034305602
4,0,4,NaN
2,2,4,NaN
1,3,4,NaN
3,1,4,0.024979424385777767
4,0,4,0.9030952226408369
4,0,4,NaN
4,0,4,0.569149748895899
3,1,4,0.08611352309823088
4,0,4,NaN
4,0,4,0.14766029718238274
3,1,4,0.0034119506657149475
3,1,4,0.3149813444585866
3,1,4,0.14766029718238274
4,0,4,0.7582540955828375
2,2,4,0.08103981330970414
2,2,4,0.6505728275062779
3,1,4,NaN
1,3,4,0.7582540955828375
3,1,4,0.8530191354146802
2,2,4,0.1298724704817915
1,3,4,NaN
4,0,4,0.07470550857760336
1,3,4,0.16806732870266622
2,2,4,0.6914431924244484
3,1,4,NaN
4,0,4,0.26748562182294744
4,0,4,NaN
2,2,4,0.27923371017636817
4,0,4,NaN
3,1,4,0.35291544996872376
2,2,4,NaN
4,0,4,0.47793771766761745
3,1,4,0.927808813496808
1,3,4,NaN
4,0,4,NaN
1,3,4,0.2180321792514569
2,2,4,NaN
1,3,4,NaN
2,2,4,0.39064081951093954
4,0,4,NaN
3,1,4,0.03317022976394289
4,0,4,0.19236277848876807
1,3,4,NaN
2,2,4,0.6505728275062779
2,2,4,NaN
4,0,4,NaN
2,2,4,NaN
3,1,4,NaN
2,2,4,NaN
4,0,4,NaN
3,1,4,0.569149748895899
1,3,4,0.8564948749865482
2,2,4,NaN
3,1,4,0.6880751652472807
3,1,4,NaN
3,1,4,0.6467123967874784
3,1,4,NaN
4,0,4,0.9030952226408369
3,1,4,NaN
4,0,4,NaN
4,0,4,0.47793771766761745
4,0,4,NaN
4,0,4,0.8356407771585233
2,2,4,0.8120477488685461
3,1,4,0.8733102078879845
4,0,4,NaN
2,2,4,0.7267509803124766
3,1,4,NaN
3,1,4,0.9032925157500761
4,0,4,0.39064081951093954
4,0,4,0.21455038478444216
1,3,4,NaN
1,3,4,0.43116983099757117
4,0,4,0.8553400459938837
2,2,4,0.04370689030141423
3,1,4,0.24524244003177142
4,0,4,0.9163216390929619
2,2,4,0.8442143217132388
4,0,4,NaN
3,1,4,0.5238679062670301
4,0,4,0.43116983099757117
2,2,4,NaN
3,1,4,0.8356407771585233
2,2,4,NaN
3,1,4,0.786623350458894
4,0,4,NaN
3,1,4,0.5861055538637626
2,2,4,0.7582540955828375
2,2,4,0.16930590999827722
3,1,4,0.9163216390929619
2,2,4,0.786623350458894
3,1,4,NaN
3,1,4,0.9163216390929619
4,0,4,0.786623350458894
2,2,4,0.6914431924244484
1,3,4,NaN
2,2,4,NaN
2,2,4,0.7267509803124766
2,2,4,0.786623350458894
4,0,4,0.9388397790286686
4,0,4,NaN
3,1,4,NaN
3,1,4,0.1298724704817915
4,0,4,NaN
2,2,4,0.8553400459938837
4,0,4,0.024979424385777767
3,1,4,NaN
2,2,4,0.8553400459938837
1,3,4,NaN
3,1,4,0.786623350458894
2,2,4,NaN
2,2,4,0.5238679062670301
3,1,4,NaN
4,0,4,NaN
3,1,4,NaN
3,1,4,NaN
1,3,4,0.8553400459938837
2,2,4,0.8733102078879845
3,1,4,0.3149813444585866
1,3,4,0.14766029718238274
2,2,4,NaN
3,1,4,NaN
4,0,4,0.2360600274054477
3,1,4,NaN
3,1,4,0.35291544996872376
3,1,4,NaN
3,1,4,0.09943458759150654
2,2,4,0.2957340907500869
4,0,4,0.8553400459938837
4,0,4,0.24524244003177142
3,1,4,0.6505728275062779
4,0,4,NaN
4,0,4,0.16806732870266622
4,0,4,NaN
2,2,4,NaN
3,1,4,0.9163216390929619
2,2,4,0.43116983099757117
4,0,4,0.8120477488685461
4,0,4,0.8733102078879845
3,1,4,NaN
4,0,4,0.9388397790286686
4,0,4,NaN
3,1,4,NaN
3,1,4,0.009778647628762748
4,0,4,0.786623350458894
2,2,4,NaN
3,1,4,NaN
2,2,4,NaN
3,1,4,0.9757216246754844
4,0,4,0.7267509803124766
4,0,4,0.5726703406877984
4,0,4,NaN
2,2,4,0.7267509803124766
4,0,4,0.3149813444585866
3,1,4,0.29830784538777744
4,0,4,0.9574264943593161
2,2,4,NaN
3,1,4,0.47669007767124383
4,0,4,0.8775738673702466
3,1,4,0.8120477488685461
1,3,4,0.2180321792514569
3,1,4,NaN
4,0,4,0.8553400459938837
2,2,4,0.29927437701074955
3,1,4,0.5538901449796717
3,1,4,NaN
1,3,4,NaN
2,2,4,0.927808813496808
2,2,4,0.9388397790286686
2,2,4,0.7582540955828375
4,0,4,NaN
4,0,4,NaN
4,0,4,0.6505728275062779
2,2,4,NaN
2,2,4,0.6914431924244484
4,0,4,NaN
4,0,4,0.6505728275062779
3,1,4,NaN
4,0,4,0.6104096037191906
4,0,4,NaN
4,0,4,NaN
3,1,4,0.9490411065363702
2,2,4,0.9163216390929619
2,2,4,0.6505728275062779
3,1,4,0.24524244003177142
3,1,4,NaN
4,0,4,0.05735097310840156
1,3,4,0.6104096037191906
1,3,4,0.6104096037191906
3,1,4,NaN
2,2,4,0.24524244003177142
2,2,4,0.8553400459938837
2,2,4,0.035984117161293905
2,2,4,0.9030952226408369
4,0,4,NaN
3,1,4,0.0494455745194533
3,1,4,0.01166810178593573
1,3,4,NaN
3,1,4,0.9711836190363513
3,1,4,0.26613879757894193
4,0,4,0.3149813444585866
2,2,4,0.6914431924244484
3,1,4,0.24524244003177142
1,3,4,0.9711836190363513
3,1,4,NaN
4,0,4,NaN
3,1,4,0.6914431924244484
4,0,4,0.1298724704817915
4,0,4,NaN
1,3,4,0.17168747634674655
3,1,4,0.569149748895899
2,2,4,0.9456363068869769
4,0,4,NaN
3,1,4,NaN
4,0,4,NaN
3,1,4,NaN
3,1,4,NaN
3,1,4,NaN
4,0,4,0.9777309058033266
2,2,4,NaN
4,0,4,NaN
3,1,4,NaN
1,3,4,0.8120477488685461
1,3,4,NaN
4,0,4,NaN
4,0,4,NaN
3,1,4,NaN
4,0,4,0.8356407771585233
3,1,4,NaN
3,1,4,0.24913533962918938
4,0,4,0.003292552388002024
4,0,4,NaN
2,2,4,0.5997367624036737
2,2,4,0.08492145781881325
4,0,4,0.02102956122482775
4,0,4,NaN
3,1,4,NaN
3,1,4,0.6704287383046245
3,1,4,0.27923371017636817
1,3,4,NaN
2,2,4,NaN
2,2,4,NaN
1,3,4,NaN
3,1,4,0.3149813444585866
4,0,4,NaN
3,1,4,0.7267509803124766
4,0,4,0.9894656266614458
3,1,4,NaN
2,2,4,NaN
2,2,4,0.6505728275062779
3,1,4,0.8553400459938837
4,0,4,NaN
4,0,4,NaN
1,3,4,NaN
4,0,4,0.27923371017636817
2,2,4,0.27923371017636817
4,0,4,NaN
1,3,4,0.19236277848876807
1,3,4,NaN
4,0,4,0.08596717446393809
2,2,4,NaN
4,0,4,0.4000801055241669
3,1,4,0.13879968337112916
4,0,4,0.47793771766761745
3,1,4,0.19236277848876807
4,0,4,0.32305707266974876
2,2,4,0.598523937250863
2,2,4,0.2180321792514569
1,3,4,0.43116983099757117
1,3,4,NaN
4,0,4,0.09943458759150654
3,1,4,NaN
2,2,4,NaN
1,3,4,0.6505728275062779
1,3,4,0.09943458759150654
2,2,4,NaN
2,2,4,0.2180321792514569
4,0,4,0.11404401218842061
4,0,4,0.9388397790286686
2,2,4,NaN
2,2,4,NaN
3,1,4,NaN
4,0,4,0.6505728275062779
4,0,4,NaN
1,3,4,NaN
2,2,4,NaN
2,2,4,0.47793771766761745
2,2,4,NaN
4,0,4,NaN
4,0,4,NaN
4,0,4,NaN
4,0,4,0.2180321792514569
1,3,4,NaN
1,3,4,NaN
4,0,4,0.8733102078879845
1,3,4,0.022989895341661758
2,2,4,0.2180321792514569
4,0,4,NaN
2,2,4,0.003292552388002024
1,3,4,0.6104096037191906
2,2,4,0.4285523599603249
2,2,4,NaN
4,0,4,0.9388397790286686
3,1,4,0.9574264943593161
3,1,4,0.6914431924244484
4,0,4,0.6914431924244484
1,3,4,0.9857264206675347
4,0,4,0.569149748895899
4,0,4,0.016314898271010056
2,2,4,NaN
2,2,4,0.21059809463596493
4,0,4,NaN
3,1,4,NaN
4,0,4,0.786623350458894
2,2,4,NaN
1,3,4,NaN
3,1,4,NaN
3,1,4,0.8120477488685461
4,0,4,NaN
4,0,4,0.6505728275062779
4,0,4,0.569149748895899
2,2,4,0.6505728275062779
4,0,4,0.8553400459938837
1,3,4,0.8553400459938837
3,1,4,NaN
2,2,4,NaN
4,0,4,0.24524244003177142
4,0,4,NaN
2,2,4,0.25841863339059545
1,3,4,0.569149748895899
3,1,4,0.8356407771585233
4,0,4,NaN
1,3,4,NaN
4,0,4,NaN
4,0,4,NaN
1,3,4,0.43116983099757117
3,1,4,0.5238679062670301
2,2,4,0.7192945851711443
3,1,4,0.8553400459938837
3,1,4,0.600450870138093
4,0,4,0.27923371017636817
3,1,4,NaN
1,3,4,NaN
2,2,4,0.9649170932836378
4,0,4,0.8438423357264185
1,3,4,NaN
3,1,4,0.7774891427160723
2,2,4,0.6951558211975414
3,1,4,0.48011246472952646
4,0,4,NaN
4,0,4,NaN
1,3,4,0.24524244003177142
2,2,4,0.8120477488685461
4,0,4,0.9388397790286686
2,2,4,NaN
4,0,4,0.976413425292083
1,3,4,NaN
2,2,4,0.6914431924244484
4,0,4,NaN
2,2,4,0.569149748895899
4,0,4,NaN
3,1,4,NaN
3,1,4,0.7267509803124766
1,3,4,NaN
1,3,4,0.2180321792514569
2,2,4,0.0494455745194533
2,2,4,0.6104096037191906
1,3,4,NaN
3,1,4,NaN
2,2,4,0.7004946307553668
3,1,4,NaN
4,0,4,0.47793771766761745
4,0,4,0.8733102078879845
1,3,4,0.6777695128181356
3,1,4,0.7582540955828375
4,0,4,0.786623350458894
4,0,4,0.7582540955828375
3,1,4,0.6914431924244484
4,0,4,0.5614056147192097
1,3,4,0.7582540955828375
2,2,4,0.7582540955828375
2,2,4,0.06611573959509347
2,2,4,0.16806732870266622
3,1,4,0.11404401218842061
3,1,4,0.43116983099757117
3,1,4,NaN
2,2,4,0.2180321792514569
3,1,4,0.43116983099757117
3,1,4,0.43116983099757117
4,0,4,0.6505728275062779
2,2,4,0.0494455745194533
4,0,4,0.5665009669052208
4,0,4,NaN
1,3,4,NaN
2,2,4,NaN
3,1,4,NaN
3,1,4,0.7971405917373999
2,2,4,0.1253908874723245
4,0,4,0.7267509803124766
4,0,4,NaN
2,2,4,0.2893190745003554
4,0,4,0.47793771766761745
1,3,4,0.01880761644846058
4,0,4,NaN
4,0,4,NaN
4,0,4,0.19236277848876807
1,3,4,NaN
1,3,4,NaN
4,0,4,0.3149813444585866
3,1,4,NaN
2,2,4,0.2180321792514569
2,2,4,NaN
2,2,4,NaN
2,2,4,NaN
3,1,4,NaN
1,3,4,NaN
2,2,4,0.24524244003177142
2,2,4,0.5664586559315047
4,0,4,NaN
2,2,4,NaN
4,0,4,0.6104096037191906
4,0,4,NaN
4,0,4,0.1298724704817915
1,3,4,0.9860248107084248
4,0,4,NaN
1,3,4,0.9916820428340402
2,2,4,0.6914431924244484
3,1,4,0.8120477488685461
3,1,4,0.27923371017636817
4,0,4,0.580476664706154
1,3,4,0.9649170932836378
3,1,4,0.8356407771585233
3,1,4,0.7953161492529883
3,1,4,NaN
2,2,4,NaN
2,2,4,NaN
4,0,4,0.7267509803124766
4,0,4,NaN
4,0,4,NaN
2,2,4,0.9388397790286686
3,1,4,NaN
2,2,4,NaN
2,2,4,0.6165709600421269
1,3,4,0.08601898083708619
2,2,4,0.5997367624036737
3,1,4,0.6914431924244484
4,0,4,0.6104096037191906
4,0,4,NaN
4,0,4,NaN
3,1,4,0.35291544996872376
4,0,4,NaN
3,1,4,NaN
4,0,4,0.43116983099757117
2,2,4,0.927808813496808
4,0,4,NaN
2,2,4,0.6914431924244484
3,1,4,0.27369177007057516
3,1,4,0.08596717446393809
4,0,4,0.8120477488685461
4,0,4,0.000969726299768816
2,2,4,NaN
3,1,4,NaN
4,0,4,NaN
2,2,4,0.19236277848876807
1,3,4,0.8867520092225946
4,0,4,0.7267509803124766
3,1,4,0.9163216390929619
1,3,4,0.5610364209058417
2,2,4,0.04756558109096035
2,2,4,NaN
3,1,4,0.9711836190363513
4,0,4,0.927808813496808
4,0,4,NaN
3,1,4,0.7582540955828375
2,2,4,NaN
4,0,4,0.013945447193233566
1,3,4,NaN
4,0,4,NaN
4,0,4,0.038328960042511635
3,1,4,NaN
2,2,4,NaN
4,0,4,0.2180321792514569
2,2,4,NaN
2,2,4,0.35291544996872376
3,1,4,NaN
4,0,4,NaN
2,2,4,0.8288275170208178
3,1,4,NaN
1,3,4,0.7582540955828375
4,0,4,NaN
2,2,4,0.8356407771585233
4,0,4,NaN
3,1,4,0.9300119390891846
2,2,4,0.9388397790286686
4,0,4,0.9574264943593161
4,0,4,NaN
1,3,4,0.9030952226408369
4,0,4,NaN
2,2,4,NaN
4,0,4,0.5238679062670301
3,1,4,0.47793771766761745
4,0,4,0.8553400459938837
3,1,4,0.41605758143981575
2,2,4,0.35291544996872376
2,2,4,0.43116983099757117
4,0,4,0.9030952226408369
4,0,4,NaN
2,2,4,0.8553400459938837
1,3,4,0.976413425292083
2,2,4,0.9975663265144364
4,0,4,0.7051840551574875
3,1,4,NaN
3,1,4,0.7267509803124766
2,2,4,NaN
1,3,4,NaN
2,2,4,0.1298724704817915
4,0,4,NaN
2,2,4,0.43116983099757117
4,0,4,0.43116983099757117
2,2,4,NaN
4,0,4,NaN
2,2,4,NaN
4,0,4,NaN
3,1,4,NaN
2,2,4,NaN
2,2,4,0.27923371017636817
4,0,4,NaN
3,1,4,0.671884262440174
4,0,4,0.9923256991209348
4,0,4,NaN
2,2,4,NaN
3,1,4,NaN
4,0,4,NaN
1,3,4,0.9030952226408369
3,1,4,NaN
3,1,4,0.6914431924244484
3,1,4,NaN
4,0,4,0.9574264943593161
2,2,4,NaN
2,2,4,NaN
3,1,4,0.06611573959509347
2,2,4,NaN
3,1,4,NaN
4,0,4,NaN
3,1,4,0.39064081951093954
2,2,4,NaN
1,3,4,NaN
3,1,4,NaN
4,0,4,NaN
1,3,4,NaN
3,1,4,0.6914431924244484
4,0,4,NaN
4,0,4,NaN
3,1,4,NaN
4,0,4,0.569149748895899
4,0,4,0.9923256991209348
3,1,4,0.43116983099757117
4,0,4,0.8733102078879845
1,3,4,NaN
4,0,4,NaN
4,0,4,NaN
4,0,4,0.9163216390929619
3,1,4,0.5238679062670301
4,0,4,NaN
2,2,4,NaN
4,0,4,NaN
4,0,4,0.8041130708038002
1,3,4,NaN
3,1,4,0.5238679062670301
2,2,4,NaN
1,3,4,0.9163216390929619
3,1,4,0.9574264943593161
4,0,4,0.7267509803124766
1,3,4,0.0993090584784917
2,2,4,0.8886935889394204
2,2,4,NaN
2,2,4,NaN
3,1,4,0.8356407771585233
4,0,4,NaN
3,1,4,NaN
1,3,4,NaN
4,0,4,NaN
3,1,4,NaN
1,3,4,0.3149813444585866
4,0,4,0.8120477488685461
2,2,4,0.7154746861447431
4,0,4,0.47793771766761745
2,2,4,NaN
2,2,4,0.09943458759150654
3,1,4,0.04006111153961159
1,3,4,0.6704287383046245
2,2,4,NaN
4,0,4,0.07470550857760336
3,1,4,NaN
2,2,4,NaN
1,3,4,0.7267509803124766
1,3,4,0.8733102078879845
2,2,4,NaN
4,0,4,NaN
1,3,4,NaN
4,0,4,0.3149813444585866
2,2,4,0.9163216390929619
4,0,4,NaN
1,3,4,NaN
4,0,4,0.39064081951093954
1,3,4,NaN
2,2,4,NaN
1,3,4,0.2971023014467394
3,1,4,0.43116983099757117
2,2,4,0.8120477488685461
3,1,4,NaN
2,2,4,NaN
2,2,4,0.7582540955828375
4,0,4,NaN
4,0,4,0.05735097310840156
4,0,4,NaN
3,1,4,NaN
4,0,4,0.39064081951093954
4,0,4,NaN
3,1,4,0.569149748895899
3,1,4,0.9711836190363513
2,2,4,0.1176835557913003
3,1,4,NaN
4,0,4,0.6104096037191906
4,0,4,0.9442928815837813
2,2,4,0.19236277848876807
3,1,4,NaN
3,1,4,NaN
2,2,4,0.47793771766761745
3,1,4,NaN
2,2,4,0.4994966444245364
2,2,4,NaN
1,3,4,NaN
4,0,4,0.5517248103782787
1,3,4,0.2180321792514569
1,3,4,NaN
3,1,4,0.7267509803124766
4,0,4,0.7582540955828375
1,3,4,NaN
3,1,4,NaN
4,0,4,0.1298724704817915
2,2,4,0.8733102078879845
3,1,4,NaN
2,2,4,0.1632246418175235
3,1,4,0.43116983099757117
1,3,4,0.43116983099757117
4,0,4,NaN
4,0,4,0.03794641341295346
1,3,4,NaN
2,2,4,NaN
3,1,4,NaN
4,0,4,0.27923371017636817
4,0,4,0.5238679062670301
3,1,4,NaN
4,0,4,NaN
1,3,4,0.6914431924244484
3,1,4,0.6914431924244484
3,1,4,NaN
3,1,4,0.24524244003177142
2,2,4,NaN
2,2,4,0.3761245419307974
4,0,4,NaN
1,3,4,NaN
4,0,4,NaN
3,1,4,0.43447317571892513
4,0,4,0.6914431924244484
1,3,4,0.8553400459938837
3,1,4,0.1739887363054829
2,2,4,0.0017826400165705289
3,1,4,0.011532985534739066
1,3,4,NaN
4,0,4,0.5238679062670301
3,1,4,0.8553400459938837
2,2,4,0.43116983099757117
3,1,4,NaN
3,1,4,0.7582540955828375
4,0,4,NaN
3,1,4,NaN
3,1,4,NaN
1,3,4,0.39064081951093954
4,0,4,0.7267509803124766
1,3,4,NaN
2,2,4,NaN
2,2,4,0.35291544996872376
4,0,4,0.8733102078879845
4,0,4,0.2180321792514569
2,2,4,0.671884262440174
2,2,4,NaN
3,1,4,0.9388397790286686
3,1,4,0.24524244003177142
3,1,4,0.569149748895899
4,0,4,0.9388397790286686
1,3,4,0.021960220642977778
4,0,4,NaN
2,2,4,0.8228512845621858
3,1,4,0.7718834732979032
4,0,4,NaN
4,0,4,NaN
2,2,4,0.010474801683140777
4,0,4,NaN
2,2,4,NaN
1,3,4,NaN
2,2,4,0.7267509803124766
4,0,4,0.7267509803124766
1,3,4,0.7556978411434596
2,2,4,NaN
3,1,4,0.8288275170208178
4,0,4,0.5238679062670301
1,3,4,NaN
4,0,4,NaN
4,0,4,NaN
3,1,4,0.14766029718238274
3,1,4,0.27923371017636817
3,1,4,0.0494455745194533
4,0,4,NaN
4,0,4,NaN
4,0,4,0.011789996641585901
3,1,4,0.3149813444585866
2,2,4,0.39064081951093954
3,1,4,0.9030952226408369
4,0,4,NaN
4,0,4,NaN
2,2,4,0.43116983099757117
4,0,4,0.24041998379744925
2,2,4,NaN
4,0,4,0.9030952226408369
4,0,4,0.16806732870266622
2,2,4,NaN
3,1,4,0.25841863339059545
4,0,4,0.0002479158077554597
4,0,4,0.12816719545927271
4,0,4,0.11404401218842061
3,1,4,0.4994966444245364
3,1,4,0.43116983099757117
2,2,4,NaN
4,0,4,NaN
4,0,4,NaN
2,2,4,NaN
4,0,4,0.2180321792514569
2,2,4,0.24524244003177142
3,1,4,NaN
4,0,4,NaN
2,2,4,0.5648882816339776
2,2,4,0.9030952226408369
1,3,4,0.47793771766761745
4,0,4,NaN
3,1,4,0.786623350458894
2,2,4,NaN
2,2,4,0.004974307492999009
2,2,4,0.5238679062670301
1,3,4,NaN
4,0,4,0.2616883613658004
2,2,4,NaN
4,0,4,0.786623350458894
4,0,4,NaN
2,2,4,NaN
2,2,4,0.9490411065363702
2,2,4,0.8120477488685461
1,3,4,NaN
3,1,4,NaN
4,0,4,0.7267509803124766
4,0,4,NaN
4,0,4,NaN
4,0,4,0.15641210033651057
1,3,4,NaN
1,3,4,0.27923371017636817
4,0,4,0.6914431924244484
4,0,4,0.9490411065363702
2,2,4,NaN
3,1,4,NaN
2,2,4,NaN
1,3,4,NaN
2,2,4,0.16806732870266622
2,2,4,NaN
3,1,4,0.1847735387968445
3,1,4,NaN
2,2,4,0.8356407771585233
1,3,4,0.011789996641585901
4,0,4,NaN
1,3,4,0.8733102078879845
4,0,4,0.43116983099757117
3,1,4,NaN
4,0,4,0.33413314208354655
3,1,4,0.5238679062670301
2,2,4,0.8886935889394204
2,2,4,0.27923371017636817
3,1,4,0.11404401218842061
3,1,4,0.580476664706154
4,0,4,NaN
3,1,4,0.6035857129840764
2,2,4,0.8120477488685461
2,2,4,0.47793771766761745
3,1,4,NaN
4,0,4,NaN
1,3,4,0.8733102078879845
4,0,4,NaN
4,0,4,NaN
3,1,4,0.3149813444585866
4,0,4,0.08596717446393809
3,1,4,0.14766029718238274
2,2,4,NaN
2,2,4,0.03317022976394289
3,1,4,NaN
3,1,4,NaN
4,0,4,0.9934257979636152
4,0,4,0.6889029147099545
2,2,4,NaN
4,0,4,NaN
2,2,4,0.05735097310840156
4,0,4,0.7267509803124766
2,2,4,NaN
1,3,4,0.11549028879150981
2,2,4,0.15233618458437861
4,0,4,NaN
3,1,4,0.8553400459938837
1,3,4,NaN
3,1,4,0.8733102078879845
2,2,4,NaN
4,0,4,NaN
4,0,4,0.24524244003177142
3,1,4,NaN
2,2,4,0.43116983099757117
1,3,4,0.006815436393304068
4,0,4,NaN
4,0,4,NaN
1,3,4,NaN
2,2,4,NaN
4,0,4,0.6914431924244484
1,3,4,NaN
3,1,4,NaN
2,2,4,0.786623350458894
4,0,4,NaN
3,1,4,NaN
3,1,4,0.6505728275062779
4,0,4,NaN
3,1,4,0.8356407771585233
2,2,4,0.05646690510565346
2,2,4,0.5997367624036737
3,1,4,0.2180321792514569
2,2,4,0.5773058455873221
1,3,4,NaN
2,2,4,0.39064081951093954
2,2,4,NaN
2,2,4,0.1298724704817915
3,1,4,0.786623350458894
3,1,4,0.14766029718238274
4,0,4,NaN
4,0,4,NaN
2,2,4,0.43116983099757117
3,1,4,NaN
3,1,4,NaN
4,0,4,0.6104096037191906
4,0,4,NaN
4,0,4,NaN
3,1,4,0.7820392856731134
4,0,4,NaN
4,0,4,0.47793771766761745
2,2,4,NaN
3,1,4,NaN
2,2,4,0.9923256991209348
2,2,4,NaN
3,1,4,0.7267509803124766
4,0,4,0.024979424385777767
2,2,4,0.8553400459938837
1,3,4,0.18273789300540966
1,3,4,0.9574264943593161
2,2,4,0.7582540955828375
4,0,4,NaN
2,2,4,0.6505728275062779
3,1,4,0.6880751652472807
2,2,4,0.4959882483088199
4,0,4,NaN
4,0,4,0.07470550857760336
4,0,4,0.024979424385777767
4,0,4,NaN
2,2,4,0.9030952226408369
2,2,4,NaN
1,3,4,0.17208753813695649
2,2,4,NaN
3,1,4,0.9734875603056298
3,1,4,NaN
2,2,4,0.01880761644846058
3,1,4,0.976413425292083
2,2,4,0.927808813496808
4,0,4,NaN
4,0,4,NaN
1,3,4,0.7712718880746144
2,2,4,0.35291544996872376
4,0,4,NaN
4,0,4,NaN
3,1,4,NaN
3,1,4,NaN
3,1,4,0.8886935889394204
3,1,4,0.1298724704817915
1,3,4,0.8356407771585233
3,1,4,NaN
3,1,4,0.9711836190363513
4,0,4,NaN
3,1,4,NaN
3,1,4,0.9923256991209348
2,2,4,0.43116983099757117
2,2,4,NaN
3,1,4,NaN
4,0,4,0.9711836190363513
3,1,4,0.6914431924244484
2,2,4,NaN
4,0,4,0.024979424385777767
3,1,4,NaN
2,2,4,0.06611573959509347
2,2,4,NaN
3,1,4,NaN
4,0,4,0.07470550857760336
4,0,4,0.24524244003177142
1,3,4,NaN
2,2,4,0.47793771766761745
2,2,4,NaN
1,3,4,NaN
4,0,4,NaN
4,0,4,NaN
3,1,4,0.8356407771585233
4,0,4,NaN
3,1,4,NaN
4,0,4,0.6914431924244484
4,0,4,0.6104096037191906
2,2,4,0.6505728275062779
3,1,4,NaN
3,1,4,0.8886935889394204
2,2,4,0.7582540955828375
1,3,4,NaN
3,1,4,0.8733102078879845
2,2,4,0.786623350458894
4,0,4,0.2689829743483109
3,1,4,0.9857264206675347
3,1,4,0.27923371017636817
1,3,4,0.3149813444585866
1,3,4,0.47793771766761745
4,0,4,0.9711836190363513
2,2,4,NaN
2,2,4,NaN
4,0,4,0.8356407771585233
4,0,4,NaN
3,1,4,NaN
3,1,4,0.43116983099757117
4,0,4,NaN
3,1,4,0.6914431924244484
4,0,4,NaN
3,1,4,0.35291544996872376
1,3,4,NaN
3,1,4,NaN
4,0,4,0.09943458759150654
2,2,4,NaN
4,0,4,0.5238679062670301
3,1,4,0.6505728275062779
1,3,4,NaN
2,2,4,0.9649170932836378
4,0,4,0.35291544996872376
3,1,4,0.976413425292083
2,2,4,NaN
3,1,4,0.6104096037191906
3,1,4,0.4660112610849436
4,0,4,0.8120477488685461
2,2,4,0.7582540955828375
2,2,4,NaN
3,1,4,0.24524244003177142
1,3,4,0.01389863463638223
4,0,4,0.39064081951093954
2,2,4,NaN
2,2,4,0.00010641990756471274
2,2,4,NaN
2,2,4,NaN
1,3,4,NaN
2,2,4,NaN
3,1,4,0.8553400459938837
3,1,4,NaN
2,2,4,0.35291544996872376
4,0,4,0.698481212235265
1,3,4,NaN
4,0,4,0.569149748895899
3,1,4,NaN
3,1,4,NaN
4,0,4,0.3269086988347228
4,0,4,NaN
4,0,4,0.028886075440067927
1,3,4,0.111799773585099
3,1,4,0.03794641341295346
4,0,4,0.6914431924244484
1,3,4,NaN
1,3,4,0.11404401218842061
2,2,4,0.813356305084054
4,0,4,NaN
2,2,4,NaN
3,1,4,NaN
3,1,4,0.9994175398571594
4,0,4,NaN
4,0,4,NaN
1,3,4,NaN
4,0,4,0.8553400459938837
3,1,4,NaN
2,2,4,NaN
2,2,4,0.9030952226408369
3,1,4,0.556858524769095
4,0,4,NaN
2,2,4,NaN
1,3,4,0.14766029718238274
4,0,4,NaN
2,2,4,0.09943458759150654
1,3,4,0.6880751652472807
2,2,4,0.9388397790286686
3,1,4,NaN
3,1,4,NaN
3,1,4,NaN
4,0,4,NaN
3,1,4,0.9649170932836378
3,1,4,0.6979814411333362
3,1,4,0.47793771766761745
2,2,4,0.9030952226408369
2,2,4,0.09314360489370041
4,0,4,NaN
2,2,4,NaN
3,1,4,0.6505728275062779
3,1,4,0.01880761644846058
4,0,4,0.03317022976394289
4,0,4,NaN
2,2,4,NaN
1,3,4,0.9574264943593161
3,1,4,0.1298724704817915
1,3,4,NaN
2,2,4,0.8733102078879845
3,1,4,0.8926735212774597
3,1,4,0.43116983099757117
1,3,4,NaN
4,0,4,NaN
3,1,4,NaN
4,0,4,0.2180321792514569
2,2,4,0.8356407771585233
2,2,4,0.8733102078879845
1,3,4,NaN
4,0,4,NaN
4,0,4,NaN
2,2,4,NaN
4,0,4,NaN
2,2,4,0.9417195727609601
4,0,4,NaN
3,1,4,0.8846053896489343
2,2,4,NaN
3,1,4,0.05304279568068229
3,1,4,0.43116983099757117
3,1,4,0.3149813444585866
2,2,4,0.4481374155569548
4,0,4,NaN
3,1,4,0.6914431924244484
1,3,4,0.8356407771585233
2,2,4,NaN
4,0,4,0.9490411065363702
1,3,4,NaN
2,2,4,0.7582540955828375
1,3,4,NaN
4,0,4,0.19236277848876807
4,0,4,0.8886935889394204
2,2,4,0.19236277848876807
4,0,4,0.1298724704817915
2,2,4,0.8553400459938837
4,0,4,NaN
3,1,4,0.8733102078879845
3,1,4,0.3149813444585866
3,1,4,NaN
1,3,4,0.9163216390929619
2,2,4,0.008017785074904586
1,3,4,NaN
3,1,4,NaN
2,2,4,NaN
3,1,4,0.024979424385777767
4,0,4,0.927808813496808
1,3,4,0.6914431924244484
2,2,4,0.022484840461900774
2,2,4,0.43116983099757117
3,1,4,0.5238679062670301
2,2,4,0.7904365766555287
2,2,4,0.8356407771585233
3,1,4,0.3149813444585866
4,0,4,NaN
4,0,4,NaN
4,0,4,0.9649170932836378
3,1,4,0.6104096037191906
1,3,4,0.35291544996872376
3,1,4,0.6505728275062779
1,3,4,NaN
4,0,4,0.07794647087740116
2,2,4,NaN
1,3,4,NaN
3,1,4,0.3595117704643717
1,3,4,0.927808813496808
2,2,4,0.8356407771585233
3,1,4,0.5998902569285529
3,1,4,NaN
3,1,4,0.47793771766761745
4,0,4,0.016314898271010056
1,3,4,0.3634279597327827
3,1,4,NaN
3,1,4,0.35291544996872376
4,0,4,NaN
1,3,4,0.19236277848876807
2,2,4,0.5238679062670301
1,3,4,0.9631393672529005
2,2,4,0.6505728275062779
1,3,4,0.9163216390929619
2,2,4,0.9649170932836378
4,0,4,NaN
2,2,4,0.8351109592176696
4,0,4,0.9574264943593161
3,1,4,NaN
2,2,4,0.6914431924244484
1,3,4,0.7956261595356564
4,0,4,0.41605758143981575
2,2,4,NaN
3,1,4,NaN
4,0,4,0.19236277848876807
2,2,4,0.08596717446393809
4,0,4,0.3149813444585866
4,0,4,0.786623350458894
4,0,4,NaN
4,0,4,NaN
4,0,4,NaN
1,3,4,NaN
3,1,4,0.9711836190363513
3,1,4,NaN
3,1,4,0.024979424385777767
3,1,4,1.8651489700647773e-8
3,1,4,NaN
4,0,4,NaN
4,0,4,NaN
3,1,4,0.9811127762214269
1,3,4,0.9863479032681401
4,0,4,NaN
1,3,4,0.07470550857760336
4,0,4,NaN
4,0,4,NaN
1,3,4,0.03317022976394289
4,0,4,0.5709239870390093
2,2,4,NaN
2,2,4,NaN
4,0,4,0.43116983099757117
1,3,4,0.569149748895899
2,2,4,NaN
2,2,4,NaN
2,2,4,0.47793771766761745
2,2,4,0.03317022976394289
3,1,4,NaN
4,0,4,0.27923371017636817
3,1,4,0.569149748895899
4,0,4,0.07470550857760336
4,0,4,NaN
2,2,4,0.786623350458894
4,0,4,0.14766029718238274
2,2,4,0.43116983099757117
4,0,4,NaN
1,3,4,0.47793771766761745
1,3,4,NaN
4,0,4,0.9030952226408369
3,1,4,0.6918467433407898
2,2,4,NaN
1,3,4,NaN
2,2,4,NaN
4,0,4,0.786623350458894
4,0,4,0.3149813444585866
2,2,4,NaN
4,0,4,0.6505728275062779
3,1,4,0.6104096037191906
2,2,4,NaN
1,3,4,0.7267509803124766
4,0,4,NaN
3,1,4,0.35291544996872376
4,0,4,0.8975069834248082
1,3,4,0.9574264943593161
2,2,4,NaN
3,1,4,0.06611573959509347
2,2,4,0.6914431924244484
2,2,4,NaN
4,0,4,0.8356407771585233
1,3,4,0.20402678523788345
1,3,4,0.005812985542910942
3,1,4,0.6914431924244484
3,1,4,0.3149813444585866
3,1,4,NaN
3,1,4,0.8120477488685461
1,3,4,NaN
2,2,4,0.6914431924244484
4,0,4,0.16806732870266622
2,2,4,0.0494455745194533
2,2,4,NaN
3,1,4,0.8356407771585233
1,3,4,0.6914431924244484
4,0,4,NaN
1,3,4,NaN
3,1,4,0.9388397790286686
4,0,4,NaN
4,0,4,NaN
1,3,4,0.6918467433407898
4,0,4,NaN
2,2,4,NaN
2,2,4,0.1298724704817915
4,0,4,0.6104096037191906
2,2,4,NaN
3,1,4,NaN
3,1,4,NaN
4,0,4,0.6505728275062779
4,0,4,0.47793771766761745
3,1,4,0.5978455647101357
1,3,4,0.569149748895899
2,2,4,NaN
2,2,4,NaN
1,3,4,0.6443578974655912
4,0,4,NaN
4,0,4,NaN
3,1,4,NaN
3,1,4,0.7582540955828375
2,2,4,0.8553400459938837
4,0,4,0.6104096037191906
2,2,4,0.6505728275062779
2,2,4,0.9490411065363702
2,2,4,0.09804308676173577
2,2,4,0.19318036365138547
2,2,4,0.47793771766761745
3,1,4,0.02059491414632601
4,0,4,0.27923371017636817
2,2,4,0.2180321792514569
1,3,4,NaN
3,1,4,0.6505728275062779
2,2,4,0.9030952226408369
3,1,4,0.976413425292083
4,0,4,NaN
2,2,4,0.47098845092798175
3,1,4,0.07470550857760336
2,2,4,0.43116983099757117
4,0,4,NaN
2,2,4,0.6104096037191906
4,0,4,0.9649170932836378
4,0,4,0.35291544996872376
2,2,4,0.786623350458894
2,2,4,NaN
4,0,4,0.39064081951093954
4,0,4,0.09943458759150654
1,3,4,NaN
3,1,4,0.14766029718238274
2,2,4,0.1298724704817915
2,2,4,0.9030952226408369
3,1,4,NaN
4,0,4,0.27923371017636817
4,0,4,NaN
4,0,4,0.8553400459938837
2,2,4,NaN
4,0,4,NaN
2,2,4,NaN
3,1,4,0.0494455745194533
2,2,4,0.7251339425213262
4,0,4,NaN
4,0,4,0.6914431924244484
4,0,4,0.7582540955828375
1,3,4,0.39064081951093954
1,3,4,0.08596717446393809
4,0,4,0.90261601749015
2,2,4,0.35291544996872376
4,0,4,0.6104096037191906
2,2,4,NaN
4,0,4,0.8733102078879845
1,3,4,NaN
2,2,4,NaN
2,2,4,0.7267509803124766
2,2,4,NaN
4,0,4,0.7267509803124766
2,2,4,NaN
4,0,4,0.27923371017636817
4,0,4,0.7582540955828375
2,2,4,NaN
2,2,4,0.16806732870266622
2,2,4,NaN
1,3,4,0.0014272264863051229
4,0,4,0.39064081951093954
2,2,4,NaN
2,2,4,0.11404401218842061
3,1,4,0.43116983099757117
4,0,4,NaN
4,0,4,NaN
4,0,4,0.47793771766761745
4,0,4,0.786623350458894
2,2,4,0.14766029718238274
4,0,4,NaN
4,0,4,0.569149748895899
3,1,4,0.927808813496808
4,0,4,0.8356407771585233
3,1,4,0.47793771766761745
3,1,4,0.19236277848876807
2,2,4,NaN
4,0,4,NaN
4,0,4,NaN
2,2,4,0.6505728275062779
3,1,4,0.06611573959509347
2,2,4,0.9711836190363513
4,0,4,0.2180321792514569
3,1,4,NaN
3,1,4,0.7582540955828375
1,3,4,0.6225864249068848
2,2,4,0.7915914671976814
1,3,4,0.394595992013748
2,2,4,0.9163216390929619
3,1,4,0.9857264206675347
3,1,4,4.778851186346423e-6
1,3,4,NaN
3,1,4,0.39064081951093954
2,2,4,NaN
4,0,4,0.47793771766761745
3,1,4,0.8507009936367159
2,2,4,0.8886935889394204
3,1,4,0.569149748895899
4,0,4,NaN
2,2,4,0.5238679062670301
1,3,4,NaN
1,3,4,0.003964604231965587
2,2,4,0.009778647628762748
1,3,4,0.7267509803124766
2,2,4,NaN
3,1,4,0.1905734886698872
4,0,4,NaN
3,1,4,0.786623350458894
3,1,4,0.9163216390929619
4,0,4,0.6104096037191906
3,1,4,NaN
2,2,4,0.786623350458894
2,2,4,0.4166590904759007
3,1,4,0.9574264943593161
1,3,4,0.03794641341295346
4,0,4,0.9857264206675347
4,0,4,0.19236277848876807
1,3,4,NaN
1,3,4,NaN
2,2,4,0.0494455745194533
4,0,4,0.8553400459938837
2,2,4,NaN
1,3,4,NaN
4,0,4,0.786623350458894
1,3,4,0.8442143217132388
4,0,4,NaN
4,0,4,0.0494455745194533
2,2,4,0.0013390946049544525
2,2,4,NaN
3,1,4,NaN
3,1,4,NaN
2,2,4,0.8553400459938837
2,2,4,0.7280943808812835
1,3,4,0.6104096037191906
2,2,4,NaN
1,3,4,0.30798575774953724
1,3,4,0.7582540955828375
1,3,4,0.5988966746409761
4,0,4,NaN
1,3,4,0.05124429314664812
2,2,4,0.786623350458894
2,2,4,NaN
2,2,4,0.7051840551574875
3,1,4,0.2180321792514569
1,3,4,0.6914431924244484
3,1,4,0.43116983099757117
4,0,4,0.7267509803124766
4,0,4,0.8356407771585233
1,3,4,0.786623350458894
2,2,4,0.15700008406591598
2,2,4,0.786623350458894
1,3,4,NaN
4,0,4,0.7582540955828375
3,1,4,NaN
1,3,4,NaN
2,2,4,NaN
2,2,4,NaN
1,3,4,0.8356407771585233
1,3,4,NaN
4,0,4,NaN
2,2,4,0.23751946325872808
4,0,4,NaN
2,2,4,NaN
4,0,4,NaN
3,1,4,0.6914431924244484
3,1,4,0.6914431924244484
2,2,4,0.07175900830481273
2,2,4,NaN
3,1,4,0.35291544996872376
4,0,4,0.3149813444585866
4,0,4,0.17349148174671855
2,2,4,NaN
4,0,4,0.9030952226408369
4,0,4,NaN
2,2,4,0.8356407771585233
1,3,4,0.6914431924244484
3,1,4,NaN
2,2,4,0.8266567351452732
2,2,4,0.8886935889394204
3,1,4,NaN
3,1,4,0.0007782951756708731
1,3,4,0.7582540955828375
4,0,4,NaN
1,3,4,0.47793771766761745
1,3,4,0.16938831361463205
4,0,4,0.6104096037191906
2,2,4,NaN
4,0,4,NaN
3,1,4,NaN
3,1,4,0.47793771766761745
4,0,4,NaN
4,0,4,NaN
4,0,4,0.9030952226408369
2,2,4,0.9490411065363702
4,0,4,0.1560585593548646
1,3,4,NaN
1,3,4,NaN
3,1,4,NaN
1,3,4,0.786623350458894
2,2,4,2.6241009685538902e-5
3,1,4,0.021960220642977778
4,0,4,NaN
1,3,4,NaN
3,1,4,0.3742435995723311
4,0,4,0.9811127762214269
2,2,4,0.9030952226408369
4,0,4,NaN
4,0,4,NaN
4,0,4,NaN
1,3,4,NaN
2,2,4,NaN
4,0,4,0.8733102078879845
3,1,4,0.35291544996872376
3,1,4,NaN
4,0,4,0.19236277848876807
3,1,4,0.35291544996872376
3,1,4,0.786623350458894
2,2,4,0.5982094700734554
2,2,4,NaN
2,2,4,0.19236277848876807
2,2,4,NaN
3,1,4,0.8553400459938837
2,2,4,0.9769765172901873
3,1,4,NaN
3,1,4,0.08596717446393809
2,2,4,0.6104096037191906
2,2,4,0.43116983099757117
3,1,4,0.10599111008327328
3,1,4,0.7582540955828375
2,2,4,0.552171153253758
2,2,4,0.39064081951093954
4,0,4,0.47793771766761745
3,1,4,0.19236277848876807
4,0,4,0.7267509803124766
1,3,4,0.927808813496808
4,0,4,NaN
2,2,4,NaN
3,1,4,0.24524244003177142
2,2,4,0.6914431924244484
4,0,4,0.6505728275062779
3,1,4,NaN
4,0,4,NaN
4,0,4,0.39064081951093954
3,1,4,0.13906406781445516
4,0,4,NaN
4,0,4,NaN
3,1,4,0.8370498159240735
2,2,4,NaN
1,3,4,0.6505728275062779
3,1,4,NaN
1,3,4,0.48835881909493345
2,2,4,NaN
2,2,4,NaN
4,0,4,0.6505728275062779
2,2,4,0.06611573959509347
2,2,4,0.04370689030141423
3,1,4,NaN
1,3,4,0.1634480400371566
4,0,4,NaN
4,0,4,NaN
2,2,4,0.3811559719270071
2,2,4,0.5238679062670301
3,1,4,NaN
4,0,4,0.9971578984212106
1,3,4,0.5238679062670301
4,0,4,NaN
2,2,4,NaN
2,2,4,NaN
3,1,4,0.5238679062670301
1,3,4,0.8120477488685461
3,1,4,0.6505728275062779
4,0,4,NaN
3,1,4,0.021960220642977778
1,3,4,NaN
1,3,4,0.5665009669052208
4,0,4,0.8120477488685461
4,0,4,0.35291544996872376
4,0,4,0.8356407771585233
2,2,4,NaN
3,1,4,0.5238679062670301
1,3,4,0.6104096037191906
4,0,4,0.35291544996872376
4,0,4,0.9811127762214269
1,3,4,NaN
1,3,4,NaN
1,3,4,NaN
1,3,4,NaN
2,2,4,0.8894872790652307
1,3,4,NaN
1,3,4,NaN
2,2,4,NaN
4,0,4,0.9639730398918742
3,1,4,NaN
4,0,4,NaN
2,2,4,0.5238679062670301
2,2,4,NaN
1,3,4,0.927808813496808
4,0,4,0.24524244003177142
2,2,4,NaN
2,2,4,0.24524244003177142
3,1,4,0.9649170932836378
1,3,4,0.7582540955828375
4,0,4,0.9574264943593161
4,0,4,NaN
2,2,4,0.6914431924244484
1,3,4,0.39064081951093954
2,2,4,0.5267381344554144
1,3,4,0.28307077970323524
2,2,4,0.6914431924244484
3,1,4,NaN
3,1,4,0.005772729173959262
3,1,4,NaN
4,0,4,NaN
2,2,4,NaN
3,1,4,NaN
4,0,4,0.8356407771585233
3,1,4,0.569149748895899
3,1,4,0.7809274887356086
1,3,4,NaN
4,0,4,0.9501305535207419
1,3,4,NaN
3,1,4,NaN
3,1,4,0.8733102078879845
2,2,4,0.15233618458437861
3,1,4,0.7582540955828375
3,1,4,0.39064081951093954
2,2,4,NaN
2,2,4,0.11404401218842061
4,0,4,0.1298724704817915
3,1,4,0.058843633883826824
4,0,4,NaN
3,1,4,0.6505728275062779
4,0,4,NaN
2,2,4,0.0494455745194533
3,1,4,0.6104096037191906
1,3,4,0.7267509803124766
4,0,4,NaN
3,1,4,0.3092193480601267
2,2,4,NaN
3,1,4,NaN
2,2,4,0.8733102078879845
2,2,4,0.8356407771585233
1,3,4,NaN
2,2,4,0.22517472444014322
4,0,4,0.9574264943593161
2,2,4,0.9574264943593161
3,1,4,0.06611573959509347
4,0,4,0.9163216390929619
4,0,4,0.9574264943593161
4,0,4,0.35291544996872376
3,1,4,NaN
1,3,4,NaN
3,1,4,NaN
4,0,4,0.6914431924244484
2,2,4,0.3149813444585866
4,0,4,0.5648882816339776
2,2,4,0.8356407771585233
3,1,4,0.24524244003177142
2,2,4,NaN
2,2,4,0.5238679062670301
2,2,4,0.9163216390929619
1,3,4,0.0026908597986054356
1,3,4,0.005043121192482222
2,2,4,0.5238679062670301
3,1,4,0.9030952226408369
4,0,4,0.786623350458894
2,2,4,NaN
3,1,4,0.786623350458894
3,1,4,NaN
2,2,4,0.1298724704817915
3,1,4,0.02631754942965102
3,1,4,0.1567449784044406
4,0,4,NaN
3,1,4,0.00018631860187786467
4,0,4,0.9811127762214269
1,3,4,0.6914431924244484
4,0,4,0.5238679062670301
2,2,4,0.7582540955828375
4,0,4,NaN
4,0,4,0.298085208124839
1,3,4,NaN
2,2,4,0.14766029718238274
3,1,4,NaN
4,0,4,NaN
1,3,4,0.6104096037191906
4,0,4,0.1298724704817915
4,0,4,0.07470550857760336
4,0,4,NaN
3,1,4,0.14766029718238274
1,3,4,0.9030952226408369
2,2,4,NaN
4,0,4,0.08596717446393809
1,3,4,0.6505728275062779
4,0,4,NaN
4,0,4,NaN
4,0,4,0.927808813496808
1,3,4,NaN
4,0,4,NaN
4,0,4,0.8553400459938837
4,0,4,0.47793771766761745
1,3,4,0.1298724704817915
1,3,4,0.5238679062670301
4,0,4,NaN
4,0,4,0.8356407771585233
1,3,4,0.6505728275062779
3,1,4,NaN
4,0,4,NaN
3,1,4,0.7582540955828375
4,0,4,0.5238679062670301
1,3,4,0.27923371017636817
4,0,4,NaN
3,1,4,0.11404401218842061
4,0,4,NaN
1,3,4,0.7582540955828375
1,3,4,0.9490411065363702
1,3,4,0.8733102078879845
4,0,4,NaN
1,3,4,0.06611573959509347
2,2,4,0.47793771766761745
4,0,4,0.786623350458894
1,3,4,NaN
4,0,4,0.27923371017636817
2,2,4,0.8356407771585233
2,2,4,NaN
4,0,4,NaN
2,2,4,NaN
1,3,4,NaN
3,1,4,0.43116983099757117
1,3,4,0.6505728275062779
3,1,4,NaN
4,0,4,0.19236277848876807
3,1,4,0.21332087083318071
1,3,4,0.228148953112624
2,2,4,0.8894872790652307
4,0,4,0.786623350458894
1,3,4,0.1001986730865951
1,3,4,NaN
3,1,4,NaN
1,3,4,NaN
2,2,4,0.6505728275062779
4,0,4,NaN
1,3,4,0.6505728275062779
2,2,4,0.27212575476868656
2,2,4,0.9030952226408369
2,2,4,0.7883696248010116
2,2,4,NaN
1,3,4,0.03317022976394289
3,1,4,0.16806732870266622
2,2,4,0.11404401218842061
2,2,4,0.24524244003177142
2,2,4,0.8553400459938837
2,2,4,0.8733102078879845
1,3,4,0.8972796670626189
2,2,4,0.3149813444585866
3,1,4,NaN
4,0,4,0.35291544996872376
2,2,4,0.6505728275062779
4,0,4,0.569149748895899
2,2,4,0.6104096037191906
3,1,4,NaN
3,1,4,NaN
1,3,4,0.8733102078879845
2,2,4,0.10251553182142131
2,2,4,0.8120477488685461
2,2,4,0.9234008089309449
2,2,4,0.47793771766761745
3,1,4,0.8120477488685461
1,3,4,NaN
4,0,4,0.569149748895899
4,0,4,0.06611573959509347
3,1,4,NaN
1,3,4,0.7267509803124766
2,2,4,0.34436755433536964
2,2,4,NaN
3,1,4,NaN
1,3,4,0.7718834732979032
4,0,4,0.24524244003177142
1,3,4,NaN
1,3,4,0.39064081951093954
2,2,4,NaN
2,2,4,0.27923371017636817
1,3,4,NaN
4,0,4,NaN
4,0,4,NaN
3,1,4,0.11404401218842061
4,0,4,0.0494455745194533
4,0,4,NaN
4,0,4,NaN
2,2,4,NaN
1,3,4,NaN
2,2,4,NaN
2,2,4,0.2101308671791142
4,0,4,NaN
4,0,4,0.3149813444585866
1,3,4,NaN
3,1,4,0.9574264943593161
2,2,4,0.04370689030141423
2,2,4,0.9030952226408369
2,2,4,NaN
3,1,4,0.569149748895899
3,1,4,0.19236277848876807
2,2,4,NaN
3,1,4,NaN
4,0,4,NaN
4,0,4,NaN
1,3,4,0.39064081951093954
1,3,4,0.8886935889394204
1,3,4,0.22556505645181077
4,0,4,NaN
3,1,4,NaN
2,2,4,0.7718834732979032
3,1,4,0.9388397790286686
3,1,4,NaN
1,3,4,NaN
3,1,4,0.07470550857760336
3,1,4,0.39064081951093954
1,3,4,NaN
2,2,4,0.6104096037191906
2,2,4,NaN
2,2,4,0.24524244003177142
1,3,4,0.47793771766761745
1,3,4,NaN
4,0,4,NaN
3,1,4,0.8553400459938837
2,2,4,0.6914431924244484
2,2,4,NaN
4,0,4,0.9711836190363513
3,1,4,NaN
3,1,4,0.8356407771585233
3,1,4,0.31600458456461067
1,3,4,NaN
3,1,4,NaN
2,2,4,0.39064081951093954
4,0,4,NaN
1,3,4,0.7013148700450363
2,2,4,NaN
2,2,4,0.09060586658010784
2,2,4,NaN
4,0,4,NaN
2,2,4,0.19236277848876807
1,3,4,NaN
1,3,4,0.24524244003177142
1,3,4,0.24524244003177142
4,0,4,0.7953289378275527
3,1,4,NaN
3,1,4,0.927808813496808
4,0,4,0.569149748895899
3,1,4,0.9388397790286686
3,1,4,0.06611573959509347
1,3,4,0.9923256991209348
2,2,4,0.27923371017636817
2,2,4,0.8120477488685461
1,3,4,NaN
1,3,4,0.8356407771585233
1,3,4,NaN
2,2,4,0.927808813496808
3,1,4,0.6505728275062779
4,0,4,0.1298724704817915
1,3,4,0.5610754927363164
1,3,4,NaN
2,2,4,0.8120477488685461
4,0,4,NaN
1,3,4,NaN
4,0,4,NaN
3,1,4,0.6505728275062779
1,3,4,0.24524244003177142
3,1,4,0.9163216390929619
3,1,4,0.36572093238079634
2,2,4,0.3529322267962548
3,1,4,0.11404401218842061
3,1,4,0.43116983099757117
3,1,4,0.8120477488685461
3,1,4,0.6342896145255685
2,2,4,NaN
3,1,4,0.35064018308951
4,0,4,0.021568579828066398
2,2,4,0.7267509803124766
4,0,4,0.030570136065067918
4,0,4,NaN
2,2,4,0.47793771766761745
2,2,4,0.648636887546408
1,3,4,0.9711836190363513
2,2,4,0.8248879353131771
1,3,4,NaN
1,3,4,0.27923371017636817
1,3,4,0.7582540955828375
4,0,4,0.27923371017636817
4,0,4,NaN
1,3,4,0.21867556790285456
4,0,4,NaN
2,2,4,NaN
1,3,4,NaN
3,1,4,0.39064081951093954
1,3,4,0.9163216390929619
3,1,4,0.5238679062670301
1,3,4,0.16806732870266622
2,2,4,0.9163216390929619
1,3,4,0.927808813496808
4,0,4,NaN
2,2,4,0.2180321792514569
4,0,4,NaN
1,3,4,NaN
4,0,4,0.024979424385777767
4,0,4,NaN
4,0,4,NaN
2,2,4,NaN
2,2,4,NaN
3,1,4,0.2180321792514569
2,2,4,0.14766029718238274
1,3,4,0.7582540955828375
3,1,4,NaN
1,3,4,0.11404401218842061
3,1,4,0.47793771766761745
1,3,4,0.9163216390929619
1,3,4,0.01880761644846058
4,0,4,0.07470550857760336
4,0,4,0.7058958584723501
3,1,4,0.569149748895899
1,3,4,0.30021795194770345
4,0,4,NaN
2,2,4,NaN
3,1,4,NaN
2,2,4,NaN
1,3,4,0.005043121192482222
2,2,4,0.9388397790286686
1,3,4,0.5773058455873221
4,0,4,0.927808813496808
2,2,4,0.27923371017636817
1,3,4,0.8120477488685461
3,1,4,NaN
1,3,4,0.028886075440067927
3,1,4,0.1452259319141794
3,1,4,0.927808813496808
1,3,4,NaN
4,0,4,0.19236277848876807
1,3,4,0.8356407771585233
3,1,4,0.5238679062670301
4,0,4,0.07470550857760336
3,1,4,NaN
2,2,4,NaN
4,0,4,0.8886935889394204
1,3,4,0.47793771766761745
4,0,4,NaN
2,2,4,NaN
2,2,4,NaN
2,2,4,0.011532985534739066
2,2,4,NaN
4,0,4,0.569149748895899
1,3,4,NaN
1,3,4,NaN
2,2,4,NaN
1,3,4,0.6505728275062779
1,3,4,0.9030952226408369
1,3,4,0.16922731549821454
4,0,4,0.43116983099757117
1,3,4,0.786623350458894
3,1,4,0.14766029718238274
4,0,4,0.7267509803124766
2,2,4,NaN
3,1,4,NaN
3,1,4,0.8553400459938837
3,1,4,0.9030952226408369
4,0,4,NaN
3,1,4,NaN
4,0,4,NaN
4,0,4,0.569149748895899
2,2,4,0.12773975537169022
4,0,4,NaN
3,1,4,0.7267509803124766
2,2,4,NaN
3,1,4,0.03339516418394157
3,1,4,0.786623350458894
2,2,4,0.3266367607569598
3,1,4,NaN
4,0,4,0.5238679062670301
2,2,4,0.08596717446393809
1,3,4,0.24524244003177142
2,2,4,0.5238679062670301
3,1,4,0.08596717446393809
4,0,4,0.5238679062670301
4,0,4,0.19236277848876807
1,3,4,0.02341798677703136
3,1,4,NaN
3,1,4,NaN
3,1,4,0.8120477488685461
4,0,4,NaN
4,0,4,NaN
2,2,4,0.6104096037191906
1,3,4,0.5001707668227029
3,1,4,NaN
3,1,4,NaN
2,2,4,NaN
1,3,4,0.43300054181328856
2,2,4,0.07524529604297525
2,2,4,0.16806732870266622
2,2,4,0.5238679062670301
2,2,4,NaN
1,3,4,0.6777695128181356
2,2,4,NaN
1,3,4,NaN
2,2,4,NaN
1,3,4,0.4994966444245364
1,3,4,NaN
2,2,4,NaN
2,2,4,0.9574264943593161
1,3,4,0.853367847611327
4,0,4,0.01389863463638223
4,0,4,NaN
2,2,4,NaN
3,1,4,0.43116983099757117
4,0,4,NaN
4,0,4,NaN
2,2,4,0.7556978411434596
3,1,4,NaN
4,0,4,0.2097455252207673
1,3,4,NaN
2,2,4,NaN
1,3,4,NaN
2,2,4,0.19236277848876807
4,0,4,NaN
4,0,4,0.27923371017636817
1,3,4,NaN
2,2,4,0.7267509803124766
3,1,4,0.5238679062670301
4,0,4,0.5246816890440986
1,3,4,0.8553400459938837
1,3,4,0.5238679062670301
2,2,4,NaN
4,0,4,0.9811127762214269
2,2,4,0.24524244003177142
4,0,4,0.0004438291022075464
1,3,4,0.976413425292083
2,2,4,0.8120477488685461
4,0,4,0.47793771766761745
3,1,4,0.011532985534739066
2,2,4,0.5238679062670301
1,3,4,0.19236277848876807
3,1,4,0.01880761644846058
1,3,4,0.6104096037191906
2,2,4,0.8570028897344354
2,2,4,0.6585933829575442
2,2,4,0.8356407771585233
4,0,4,0.4163698949198396
4,0,4,NaN
3,1,4,0.47793771766761745
2,2,4,0.27923371017636817
1,3,4,0.5567740199748449
2,2,4,0.2180321792514569
1,3,4,0.786623350458894
1,3,4,NaN
3,1,4,0.6104096037191906
4,0,4,NaN
2,2,4,NaN
2,2,4,0.14766029718238274
3,1,4,0.06611573959509347
1,3,4,NaN
4,0,4,0.07470550857760336
3,1,4,NaN
2,2,4,NaN
4,0,4,NaN
2,2,4,0.9163216390929619
2,2,4,0.8553400459938837
1,3,4,0.927808813496808
4,0,4,0.1298724704817915
3,1,4,NaN
4,0,4,0.9490411065363702
4,0,4,0.6505728275062779
4,0,4,NaN
1,3,4,0.9923256991209348
4,0,4,0.6104096037191906
4,0,4,NaN
3,1,4,0.7582540955828375
2,2,4,NaN
2,2,4,NaN
1,3,4,0.14766029718238274
1,3,4,0.11404401218842061
1,3,4,NaN
1,3,4,0.8120477488685461
1,3,4,0.11404401218842061
2,2,4,0.5238679062670301
2,2,4,0.39064081951093954
2,2,4,0.3040788181086152
1,3,4,0.8894872790652307
4,0,4,0.569149748895899
3,1,4,0.001539939358351847
3,1,4,0.6880751652472807
3,1,4,0.19236277848876807
4,0,4,NaN
1,3,4,NaN
2,2,4,0.777526359295689
4,0,4,0.9711836190363513
2,2,4,0.39064081951093954
2,2,4,0.8792351123040099
4,0,4,0.6104096037191906
1,3,4,NaN
1,3,4,0.669351499290207
4,0,4,0.8733102078879845
4,0,4,NaN
4,0,4,0.43116983099757117
1,3,4,0.0494455745194533
1,3,4,NaN
1,3,4,NaN
3,1,4,0.028886075440067927
4,0,4,NaN
1,3,4,NaN
4,0,4,NaN
2,2,4,NaN
1,3,4,0.2180321792514569
2,2,4,0.24524244003177142
1,3,4,0.35291544996872376
4,0,4,0.6505728275062779
4,0,4,0.9388397790286686
2,2,4,0.6914431924244484
4,0,4,0.9490411065363702
1,3,4,0.06611573959509347
2,2,4,0.6505728275062779
4,0,4,0.47793771766761745
4,0,4,NaN
3,1,4,0.14766029718238274
3,1,4,0.6104096037191906
1,3,4,0.9490411065363702
1,3,4,0.8120477488685461
3,1,4,NaN
2,2,4,0.7978113718996226
1,3,4,0.786623350458894
1,3,4,NaN
2,2,4,0.8876928958714316
4,0,4,0.8923623362698452
2,2,4,0.6914431924244484
2,2,4,NaN
2,2,4,NaN
1,3,4,0.3149813444585866
2,2,4,0.786623350458894
1,3,4,NaN
1,3,4,0.8120477488685461
2,2,4,NaN
2,2,4,NaN
2,2,4,0.9388397790286686
1,3,4,0.7582540955828375
1,3,4,0.07470550857760336
3,1,4,0.6914431924244484
2,2,4,NaN
3,1,4,NaN
2,2,4,0.7267509803124766
4,0,4,NaN
4,0,4,0.9501305535207419
2,2,4,0.20098911488329252
1,3,4,0.9388397790286686
1,3,4,NaN
4,0,4,0.8120477488685461
1,3,4,0.6914431924244484
1,3,4,0.3149813444585866
1,3,4,NaN
3,1,4,0.569149748895899
4,0,4,NaN
4,0,4,0.6505728275062779
1,3,4,0.927808813496808
3,1,4,0.47699782718635464
3,1,4,0.3149813444585866
2,2,4,NaN
4,0,4,0.569149748895899
4,0,4,NaN
4,0,4,NaN
2,2,4,0.24524244003177142
4,0,4,0.7582540955828375
4,0,4,NaN
1,3,4,0.3634279597327827
4,0,4,0.8553400459938837
1,3,4,0.8733102078879845
1,3,4,0.09943458759150654
3,1,4,0.3149813444585866
1,3,4,0.16806732870266622
2,2,4,0.7582540955828375
2,2,4,NaN
1,3,4,0.24524244003177142
2,2,4,0.35291544996872376
3,1,4,NaN
2,2,4,0.8553400459938837
2,2,4,NaN
2,2,4,NaN
2,2,4,NaN
4,0,4,0.9388397790286686
2,2,4,NaN
2,2,4,0.6541784120800397
1,3,4,0.43116983099757117
3,1,4,NaN
2,2,4,NaN
4,0,4,0.5238679062670301
4,0,4,0.7582540955828375
3,1,4,0.5238679062670301
4,0,4,NaN
1,3,4,0.6914431924244484
2,2,4,NaN
2,2,4,NaN
2,2,4,0.3149813444585866
2,2,4,NaN
4,0,4,NaN
1,3,4,0.7267509803124766
1,3,4,0.9463302358534665
3,1,4,NaN
4,0,4,NaN
1,3,4,0.298085208124839
4,0,4,NaN
1,3,4,0.9466960694546169
2,2,4,NaN
1,3,4,NaN
1,3,4,0.19236277848876807
2,2,4,0.569149748895899
3,1,4,0.6104096037191906
4,0,4,0.16806732870266622
2,2,4,0.11404401218842061
1,3,4,NaN
2,2,4,NaN
1,3,4,0.14766029718238274
4,0,4,0.09943458759150654
2,2,4,0.1770606477292435
3,1,4,0.16909288643313697
1,3,4,NaN
1,3,4,0.013493722539176013
1,3,4,NaN
2,2,4,NaN
1,3,4,NaN
2,2,4,0.19236277848876807
2,2,4,0.5238679062670301
4,0,4,NaN
3,1,4,NaN
1,3,4,NaN
2,2,4,0.8886935889394204
1,3,4,0.2180321792514569
4,0,4,NaN
1,3,4,0.6709545956529279
2,2,4,0.47793771766761745
1,3,4,0.8733102078879845
1,3,4,0.0494455745194533
4,0,4,NaN
2,2,4,NaN
2,2,4,0.927808813496808
1,3,4,0.006943468320448339
3,1,4,NaN
1,3,4,NaN
3,1,4,NaN
2,2,4,0.569149748895899
4,0,4,NaN
2,2,4,0.14766029718238274
3,1,4,NaN
3,1,4,0.5238679062670301
2,2,4,0.6505728275062779
1,3,4,0.9994175398571594
1,3,4,0.786623350458894
3,1,4,0.024979424385777767
2,2,4,0.7267509803124766
2,2,4,0.7267509803124766
4,0,4,0.7267509803124766
3,1,4,0.9944136266474382
3,1,4,0.9711836190363513
2,2,4,NaN
4,0,4,NaN
1,3,4,0.520679063082763
4,0,4,NaN
2,2,4,NaN
3,1,4,NaN
1,3,4,0.569149748895899
1,3,4,NaN
2,2,4,NaN
1,3,4,0.927808813496808
4,0,4,0.27923371017636817
4,0,4,NaN
1,3,4,0.5238679062670301
2,2,4,0.7762201877346611
1,3,4,0.569149748895899
2,2,4,NaN
2,2,4,NaN
3,1,4,0.9388397790286686
1,3,4,NaN
2,2,4,NaN
1,3,4,NaN
1,3,4,0.25597919201427066
1,3,4,NaN
1,3,4,0.19236277848876807
3,1,4,NaN
4,0,4,NaN
1,3,4,0.16806732870266622
2,2,4,NaN
2,2,4,NaN
3,1,4,0.8120477488685461
4,0,4,NaN
2,2,4,0.569149748895899
2,2,4,0.9163216390929619
3,1,4,NaN
3,1,4,NaN
2,2,4,NaN
3,1,4,NaN
3,1,4,NaN
2,2,4,NaN
4,0,4,NaN
1,3,4,0.24524244003177142
4,0,4,0.9711836190363513
3,1,4,NaN
2,2,4,NaN
1,3,4,0.8120477488685461
2,2,4,NaN
2,2,4,0.8120477488685461
2,2,4,0.0494455745194533
4,0,4,0.3149813444585866
2,2,4,0.8356407771585233
4,0,4,0.35291544996872376
1,3,4,0.47793771766761745
2,2,4,0.43116983099757117
3,1,4,NaN
3,1,4,0.9163216390929619
2,2,4,NaN
1,3,4,NaN
4,0,4,NaN
2,2,4,0.14766029718238274
2,2,4,0.9574264943593161
4,0,4,0.8120477488685461
3,1,4,0.39064081951093954
2,2,4,0.394595992013748
3,1,4,0.569149748895899
1,3,4,NaN
2,2,4,NaN
3,1,4,0.927808813496808
2,2,4,NaN
1,3,4,0.16806732870266622
1,3,4,NaN
1,3,4,0.7267509803124766
1,3,4,NaN
2,2,4,NaN
1,3,4,0.9857264206675347
2,2,4,NaN
3,1,4,0.6104096037191906
1,3,4,NaN
2,2,4,NaN
2,2,4,NaN
1,3,4,0.6104096037191906
4,0,4,0.01389863463638223
1,3,4,0.8356407771585233
1,3,4,NaN
2,2,4,0.7267509803124766
3,1,4,0.6612022198553533
2,2,4,0.011532985534739066
1,3,4,0.8120477488685461
3,1,4,0.7582540955828375
3,1,4,0.3149813444585866
1,3,4,0.35291544996872376
2,2,4,0.35291544996872376
3,1,4,0.8356407771585233
2,2,4,NaN
1,3,4,NaN
1,3,4,NaN
2,2,4,0.2180321792514569
4,0,4,NaN
3,1,4,0.569149748895899
2,2,4,0.5238679062670301
2,2,4,0.927808813496808
4,0,4,0.569149748895899
1,3,4,0.3149813444585866
3,1,4,NaN
3,1,4,0.569149748895899
1,3,4,0.8886935889394204
3,1,4,0.05735097310840156
2,2,4,0.9030952226408369
2,2,4,0.8926735212774597
4,0,4,0.740629227808781
3,1,4,NaN
1,3,4,NaN
2,2,4,NaN
1,3,4,NaN
1,3,4,0.9030952226408369
2,2,4,0.11404401218842061
2,2,4,0.0494455745194533
4,0,4,0.39064081951093954
1,3,4,0.3149813444585866
3,1,4,NaN
1,3,4,0.5238679062670301
2,2,4,NaN
1,3,4,0.9711836190363513
2,2,4,0.9574264943593161
2,2,4,NaN
1,3,4,0.003689667081313067
1,3,4,NaN
3,1,4,0.19236277848876807
2,2,4,0.4509945521888917
2,2,4,0.8356407771585233
1,3,4,NaN
3,1,4,0.6505728275062779
1,3,4,NaN
2,2,4,0.927808813496808
1,3,4,NaN
1,3,4,0.2180321792514569
1,3,4,0.6505728275062779
3,1,4,NaN
3,1,4,NaN
1,3,4,NaN
3,1,4,NaN
3,1,4,0.34039553529016636
4,0,4,0.6426385446506481
3,1,4,NaN
1,3,4,NaN
4,0,4,NaN
4,0,4,NaN
2,2,4,0.4419529403640812
1,3,4,0.786623350458894
1,3,4,NaN
1,3,4,0.024979424385777767
1,3,4,NaN
1,3,4,NaN
1,3,4,0.9030952226408369
3,1,4,0.5238679062670301
1,3,4,NaN
2,2,4,0.7267509803124766
2,2,4,0.9490411065363702
1,3,4,NaN
2,2,4,NaN
4,0,4,0.786623350458894
3,1,4,0.2180321792514569
2,2,4,NaN
1,3,4,0.6914431924244484
1,3,4,0.9711836190363513
1,3,4,NaN
4,0,4,0.9574264943593161
1,3,4,NaN
2,2,4,NaN
2,2,4,NaN
3,1,4,NaN
2,2,4,NaN
4,0,4,0.6505728275062779
4,0,4,NaN
1,3,4,0.39064081951093954
2,2,4,0.08596717446393809
2,2,4,0.1298724704817915
2,2,4,NaN
4,0,4,NaN
4,0,4,NaN
4,0,4,NaN
1,3,4,0.16806732870266622
1,3,4,NaN
2,2,4,0.01880761644846058
2,2,4,0.9388397790286686
1,3,4,0.6914431924244484
2,2,4,NaN
2,2,4,0.03317022976394289
2,2,4,0.35291544996872376
2,2,4,0.9231587378136181
1,3,4,0.8553400459938837
1,3,4,0.9163216390929619
1,3,4,NaN
2,2,4,NaN
1,3,4,0.8553400459938837
1,3,4,NaN
3,1,4,0.5859398367146251
1,3,4,NaN
1,3,4,0.47793771766761745
1,3,4,0.5238679062670301
3,1,4,0.8356407771585233
3,1,4,0.07470550857760336
4,0,4,NaN
1,3,4,NaN
4,0,4,0.8553400459938837
1,3,4,0.6104096037191906
2,2,4,NaN
4,0,4,NaN
2,2,4,0.0494455745194533
2,2,4,0.14723063635867517
1,3,4,0.35291544996872376
4,0,4,NaN
3,1,4,NaN
2,2,4,0.6880751652472807
1,3,4,0.8886935889394204
1,3,4,0.47793771766761745
1,3,4,0.8733102078879845
1,3,4,NaN
2,2,4,NaN
4,0,4,0.8733102078879845
3,1,4,0.7582540955828375
1,3,4,NaN
4,0,4,0.14766029718238274
4,0,4,NaN
3,1,4,NaN
2,2,4,0.5778963763099925
3,1,4,0.47793771766761745
2,2,4,0.39064081951093954
1,3,4,0.14766029718238274
2,2,4,NaN
4,0,4,NaN
2,2,4,0.14766029718238274
1,3,4,0.7582540955828375
1,3,4,0.14766029718238274
3,1,4,0.3761245419307974
1,3,4,0.8120477488685461
1,3,4,NaN
4,0,4,NaN
1,3,4,0.8356407771585233
2,2,4,0.8330805877421494
1,3,4,NaN
2,2,4,0.05735097310840156
1,3,4,0.43116983099757117
3,1,4,NaN
4,0,4,NaN
1,3,4,NaN
3,1,4,0.927808813496808
4,0,4,NaN
2,2,4,0.569149748895899
1,3,4,0.1515490687326993
2,2,4,NaN
1,3,4,0.8553400459938837
4,0,4,0.7582540955828375
1,3,4,NaN
2,2,4,0.6914431924244484
4,0,4,0.39064081951093954
2,2,4,NaN
2,2,4,NaN
1,3,4,0.976413425292083
1,3,4,0.727350603116046
1,3,4,0.26478024389279453
1,3,4,NaN
2,2,4,0.569149748895899
1,3,4,0.9961520687047375
1,3,4,0.5238679062670301
4,0,4,0.569149748895899
4,0,4,NaN
1,3,4,NaN
2,2,4,NaN
3,1,4,0.6914431924244484
1,3,4,0.05735097310840156
1,3,4,0.0004710372881317063
1,3,4,0.27923371017636817
3,1,4,0.9388397790286686
2,2,4,NaN
1,3,4,0.786623350458894
1,3,4,0.7267509803124766
2,2,4,0.786623350458894
2,2,4,0.4129210572381568
1,3,4,NaN
2,2,4,NaN
2,2,4,NaN
1,3,4,0.5997367624036737
4,0,4,NaN
1,3,4,0.47793771766761745
4,0,4,NaN
1,3,4,0.20226267644070617
4,0,4,0.9388397790286686
1,3,4,0.39064081951093954
1,3,4,NaN
2,2,4,NaN
1,3,4,7.131669303133748e-8
2,2,4,0.03973744102280026
2,2,4,0.9388397790286686
1,3,4,0.569149748895899
1,3,4,0.12850274943229842
1,3,4,NaN
2,2,4,0.9163216390929619
1,3,4,NaN
2,2,4,0.8120477488685461
2,2,4,0.786623350458894
1,3,4,0.011532985534739066
2,2,4,NaN
2,2,4,0.569149748895899
2,2,4,NaN
4,0,4,NaN
3,1,4,NaN
1,3,4,NaN
1,3,4,NaN
2,2,4,0.6914431924244484
1,3,4,NaN
2,2,4,0.24524244003177142
1,3,4,0.6505728275062779
1,3,4,0.9030952226408369
2,2,4,0.9175214707400388
1,3,4,NaN
2,2,4,0.004835255559590399
4,0,4,NaN
2,2,4,NaN
1,3,4,NaN
3,1,4,0.5238679062670301
1,3,4,0.11404401218842061
2,2,4,0.6505728275062779
1,3,4,0.47793771766761745
1,3,4,0.7582540955828375
2,2,4,NaN
1,3,4,NaN
2,2,4,0.008126970210441814
2,2,4,NaN
2,2,4,0.6505728275062779
2,2,4,0.6104096037191906
4,0,4,0.6914431924244484
3,1,4,NaN
3,1,4,NaN
3,1,4,0.8120477488685461
2,2,4,0.7582540955828375
2,2,4,0.19236277848876807
1,3,4,NaN
2,2,4,NaN
2,2,4,0.927808813496808
2,2,4,0.08596717446393809
4,0,4,0.6505728275062779
3,1,4,0.2913160389672045
2,2,4,0.8820967667080774
1,3,4,NaN
1,3,4,0.7582540955828375
1,3,4,NaN
1,3,4,0.39064081951093954
3,1,4,0.43116983099757117
1,3,4,NaN
2,2,4,0.5238679062670301
1,3,4,0.16806732870266622
1,3,4,0.7556978411434596
1,3,4,0.47793771766761745
1,3,4,0.27923371017636817
2,2,4,NaN
1,3,4,0.1298724704817915
1,3,4,0.7267509803124766
2,2,4,0.90261601749015
2,2,4,0.7267509803124766
1,3,4,NaN
1,3,4,NaN
1,3,4,NaN
4,0,4,0.6914431924244484
4,0,4,0.11441415810964797
4,0,4,NaN
2,2,4,0.47793771766761745
4,0,4,NaN
1,3,4,NaN
1,3,4,NaN
2,2,4,0.6914431924244484
1,3,4,NaN
4,0,4,NaN
4,0,4,0.24524244003177142
2,2,4,0.47793771766761745
1,3,4,0.8553400459938837
1,3,4,0.5932290821066095
2,2,4,0.07470550857760336
2,2,4,0.4293788648339165
2,2,4,0.0494455745194533
1,3,4,NaN
1,3,4,0.43116983099757117
1,3,4,NaN
4,0,4,NaN
2,2,4,0.24460822501461685
1,3,4,0.6914431924244484
4,0,4,NaN
1,3,4,0.9030952226408369
1,3,4,NaN
4,0,4,NaN
1,3,4,0.27923371017636817
1,3,4,0.09943458759150654
4,0,4,NaN
1,3,4,NaN
1,3,4,0.2635919661402064
1,3,4,NaN
2,2,4,NaN
1,3,4,0.2180321792514569
2,2,4,NaN
1,3,4,0.6914431924244484
1,3,4,NaN
1,3,4,NaN
1,3,4,NaN
2,2,4,NaN
3,1,4,0.3481941231240484
2,2,4,0.5997367624036737
1,3,4,NaN
4,0,4,NaN
1,3,4,NaN
1,3,4,NaN
1,3,4,NaN
1,3,4,0.5988966746409761
1,3,4,NaN
1,3,4,NaN
4,0,4,NaN
2,2,4,NaN
1,3,4,0.47793771766761745
2,2,4,0.9811127762214269
1,3,4,0.7913661661780369
1,3,4,0.7582540955828375
1,3,4,0.6914431924244484
1,3,4,0.48741518333156936
2,2,4,NaN
1,3,4,0.5238679062670301
2,2,4,0.6914431924244484
2,2,4,NaN
4,0,4,0.43116983099757117
1,3,4,0.569149748895899
1,3,4,NaN
1,3,4,NaN
3,1,4,0.24524244003177142
4,0,4,NaN
1,3,4,NaN
1,3,4,0.05735097310840156
1,3,4,0.19236277848876807
1,3,4,NaN
2,2,4,0.6104096037191906
1,3,4,0.5238679062670301
1,3,4,NaN
1,3,4,0.8120477488685461
1,3,4,NaN
1,3,4,0.6914431924244484
1,3,4,NaN
1,3,4,0.7267509803124766
4,0,4,NaN
1,3,4,NaN
1,3,4,0.05735097310840156
1,3,4,NaN
1,3,4,1.7319735517407539e-7
3,1,4,NaN
1,3,4,0.8733102078879845
2,2,4,NaN
1,3,4,0.6104096037191906
1,3,4,0.7267509803124766
1,3,4,0.9944136266474382
1,3,4,NaN
1,3,4,0.5238679062670301
1,3,4,NaN
2,2,4,NaN
1,3,4,0.6104096037191906
1,3,4,NaN
4,0,4,0.6505728275062779
1,3,4,0.569149748895899
1,3,4,0.05503029854464048
1,3,4,0.7582540955828375
1,3,4,NaN
4,0,4,0.8733102078879845
1,3,4,0.569149748895899
1,3,4,NaN
1,3,4,0.2180321792514569
2,2,4,0.2180321792514569
1,3,4,0.07470550857760336
1,3,4,NaN
1,3,4,0.1298724704817915
1,3,4,0.43116983099757117
1,3,4,0.43116983099757117
1,3,4,NaN
1,3,4,0.7987062849596229
2,2,4,0.16806732870266622
4,0,4,NaN
1,3,4,NaN
1,3,4,0.927808813496808
1,3,4,0.028886075440067927
1,3,4,0.14766029718238274
1,3,4,NaN
1,3,4,0.9649170932836378
1,3,4,0.786623350458894
4,0,4,NaN
1,3,4,0.8356407771585233
1,3,4,NaN
1,3,4,0.6505728275062779
1,3,4,0.27923371017636817
2,2,4,0.47793771766761745
1,3,4,NaN
1,3,4,0.8733102078879845
1,3,4,0.02059491414632601
1,3,4,NaN
1,3,4,0.4991160421078876
1,3,4,NaN
2,2,4,NaN
1,3,4,NaN
1,3,4,NaN
1,3,4,0.04370689030141423
1,3,4,NaN
1,3,4,0.5997367624036737
1,3,4,NaN
1,3,4,0.9388397790286686
1,3,4,0.6104096037191906
1,3,4,NaN
1,3,4,NaN
2,2,4,NaN
1,3,4,0.1298724704817915
1,3,4,0.08596717446393809
1,3,4,0.7582540955828375
1,3,4,NaN
1,3,4,0.005812985542910942
1,3,4,NaN
1,3,4,NaN
1,3,4,NaN
1,3,4,0.8370498159240735
1,3,4,NaN
1,3,4,0.9388397790286686
0,4,4,NaN
0,4,4,0.14766029718238274
0,4,4,NaN
0,4,4,0.19236277848876807
0,4,4,0.08596717446393809
0,4,4,NaN
0,4,4,0.8356407771585233
0,4,4,NaN
0,4,4,NaN
0,4,4,NaN
0,4,4,NaN
0,4,4,NaN
0,4,4,NaN
0,4,4,NaN
0,4,4,NaN
0,4,4,0.5238679062670301
0,4,4,NaN
0,4,4,NaN
0,4,4,NaN
0,4,4,NaN
0,4,4,0.8356407771585233
0,4,4,NaN
0,4,4,0.786623350458894
0,4,4,0.35291544996872376
0,4,4,0.8886935889394204
0,4,4,NaN
0,4,4,NaN
0,4,4,NaN
0,4,4,NaN
0,4,4,NaN
0,4,4,NaN
0,4,4,0.9649170932836378
0,4,4,NaN
0,4,4,0.27923371017636817
0,4,4,0.8733102078879845
0,4,4,0.3715055561586535
0,4,4,0.05735097310840156
0,4,4,NaN
0,4,4,NaN
0,4,4,0.43116983099757117
0,4,4,NaN
0,4,4,NaN
0,4,4,0.9490411065363702
0,4,4,0.3149813444585866
0,4,4,0.14766029718238274
0,4,4,0.11404401218842061
0,4,4,0.024979424385777767
0,4,4,NaN
0,4,4,0.9649170932836378
0,4,4,0.6505728275062779
0,4,4,NaN
0,4,4,NaN
0,4,4,0.9574264943593161
0,4,4,NaN
0,4,4,0.8120477488685461
0,4,4,0.7806308313129448
0,4,4,0.05735097310840156
0,4,4,0.8356407771585233
0,4,4,NaN
0,4,4,NaN
0,4,4,NaN
0,4,4,0.008126970210441814
0,4,4,0.8120477488685461
0,4,4,NaN
0,4,4,0.19236277848876807
0,4,4,0.8553400459938837
0,4,4,NaN
0,4,4,NaN
0,4,4,NaN
0,4,4,NaN
0,4,4,0.786623350458894
0,4,4,0.3149813444585866
0,4,4,NaN
0,4,4,NaN
0,4,4,NaN
0,4,4,0.9574264943593161
0,4,4,NaN
0,4,4,NaN
0,4,4,0.9163216390929619
0,4,4,NaN
0,4,4,NaN
0,4,4,NaN
0,4,4,0.16806732870266622
0,4,4,NaN
0,4,4,NaN
0,4,4,NaN
0,4,4,NaN
0,4,4,0.5238679062670301
0,4,4,0.3149813444585866
0,4,4,NaN
0,4,4,0.8356407771585233
0,4,4,0.27923371017636817
0,4,4,NaN
0,4,4,NaN
0,4,4,0.47793771766761745
0,4,4,0.8553400459938837
0,4,4,NaN
0,4,4,NaN
0,4,4,NaN
0,4,4,0.5421569948546748
0,4,4,0.27923371017636817
0,4,4,0.8733102078879845
0,4,4,NaN
0,4,4,NaN
0,4,4,0.39064081951093954
0,4,4,NaN
0,4,4,0.7582540955828375
0,4,4,NaN
0,4,4,NaN
0,4,4,0.8553400459938837
0,4,4,0.8553400459938837
0,4,4,NaN
0,4,4,0.786623350458894
0,4,4,NaN
0,4,4,NaN
0,4,4,0.6104096037191906
0,4,4,NaN
0,4,4,0.7582540955828375
0,4,4,NaN
0,4,4,0.03794641341295346
0,4,4,0.35291544996872376
0,4,4,0.7582540955828375
0,4,4,0.19236277848876807
0,4,4,NaN
0,4,4,NaN
0,4,4,NaN
0,4,4,0.8553400459938837
0,4,4,0.8733102078879845
0,4,4,NaN
0,4,4,NaN
0,4,4,0.6505728275062779
0,4,4,NaN
0,4,4,0.5238679062670301
0,4,4,NaN
0,4,4,0.9649170932836378
0,4,4,0.09943458759150654
0,4,4,NaN
0,4,4,0.569149748895899
0,4,4,0.976413425292083
0,4,4,NaN
0,4,4,0.9649170932836378
0,4,4,NaN
0,4,4,0.9030952226408369
0,4,4,NaN
0,4,4,NaN
0,4,4,0.7267509803124766
0,4,4,NaN
0,4,4,NaN
0,4,4,0.6505728275062779
0,4,4,NaN
0,4,4,NaN
0,4,4,NaN
0,4,4,0.47793771766761745
0,4,4,NaN
0,4,4,NaN
0,4,4,NaN
0,4,4,0.07470550857760336
0,4,4,NaN
0,4,4,NaN
0,4,4,NaN
0,4,4,NaN
0,4,4,0.19236277848876807
0,4,4,NaN
0,4,4,NaN
0,4,4,0.3149813444585866
0,4,4,0.08596717446393809
0,4,4,0.43116983099757117
0,4,4,0.27923371017636817
0,4,4,NaN
0,4,4,0.11891530710073471
0,4,4,NaN
0,4,4,NaN
0,4,4,NaN
0,4,4,NaN
0,4,4,0.8120477488685461
0,4,4,NaN
0,4,4,NaN
0,4,4,0.27923371017636817
0,4,4,NaN
0,4,4,0.6914431924244484
0,4,4,NaN
0,4,4,0.9857264206675347
0,4,4,0.9030952226408369
0,4,4,NaN
0,4,4,NaN
0,4,4,0.16806732870266622
0,4,4,NaN
0,4,4,0.6505728275062779
0,4,4,0.35291544996872376
0,4,4,0.6104096037191906
0,4,4,NaN
0,4,4,0.16806732870266622
0,4,4,0.9923256991209348
0,4,4,0.47793771766761745
0,4,4,NaN
0,4,4,0.9490411065363702
0,4,4,0.47793771766761745
0,4,4,0.24524244003177142
0,4,4,0.028886075440067927
0,4,4,NaN
0,4,4,NaN
0,4,4,0.8733102078879845
0,4,4,NaN
0,4,4,NaN
0,4,4,NaN
0,4,4,NaN
0,4,4,NaN
0,4,4,NaN
0,4,4,0.5238679062670301
0,4,4,NaN
0,4,4,NaN
0,4,4,NaN
0,4,4,NaN
0,4,4,NaN
0,4,4,NaN
0,4,4,0.09943458759150654
0,4,4,NaN
0,4,4,NaN
0,4,4,0.6104096037191906
0,4,4,0.030453540455551435
0,4,4,0.9490411065363702
0,4,4,0.6104096037191906
0,4,4,0.07144301127571027
0,4,4,NaN
0,4,4,NaN
0,4,4,0.8733102078879845
0,4,4,0.19236277848876807
0,4,4,NaN
0,4,4,NaN
0,4,4,NaN
0,4,4,0.43116983099757117
0,4,4,NaN
0,4,4,NaN
0,4,4,NaN
0,4,4,0.19236277848876807
0,4,4,0.6003299573281031
0,4,4,NaN
0,4,4,0.5238679062670301
0,4,4,NaN
0,4,4,0.35291544996872376
0,4,4,0.8733102078879845
0,4,4,NaN
0,4,4,0.09943458759150654
0,4,4,NaN
0,4,4,0.786623350458894
0,4,4,0.786623350458894
0,4,4,NaN
0,4,4,0.39064081951093954
0,4,4,NaN
0,4,4,0.6505728275062779
0,4,4,NaN
0,4,4,NaN
0,4,4,NaN
0,4,4,NaN
0,4,4,NaN
0,4,4,0.011532985534739066
0,4,4,NaN
0,4,4,0.5238679062670301
0,4,4,0.6441399018058201
0,4,4,0.8733102078879845
0,4,4,0.07470550857760336
0,4,4,0.09943458759150654
0,4,4,0.8553400459938837
0,4,4,0.569149748895899
0,4,4,NaN
0,4,4,NaN
0,4,4,NaN
0,4,4,NaN
0,4,4,NaN
0,4,4,NaN
0,4,4,NaN
0,4,4,0.6505728275062779
0,4,4,0.2180321792514569
0,4,4,0.9163216390929619
0,4,4,NaN
0,4,4,NaN
0,4,4,NaN
0,4,4,NaN
0,4,4,0.3149813444585866
0,4,4,NaN
0,4,4,0.39064081951093954
0,4,4,NaN
0,4,4,NaN
0,4,4,0.8966824306526794
0,4,4,NaN
0,4,4,NaN
0,4,4,NaN
0,4,4,NaN
0,4,4,0.559075410100788
0,4,4,0.06611573959509347
0,4,4,NaN
0,4,4,NaN
0,4,4,NaN
0,4,4,0.1061076269059874
0,4,4,NaN
0,4,4,NaN
0,4,4,NaN
0,4,4,NaN
0,4,4,NaN
0,4,4,NaN
0,4,4,0.08596717446393809
0,4,4,0.5238679062670301
0,4,4,NaN
0,4,4,NaN
0,4,4,0.6104096037191906
0,4,4,NaN
0,4,4,0.6505728275062779
0,4,4,0.8553400459938837
0,4,4,NaN
0,4,4,NaN
0,4,4,NaN
0,4,4,NaN
0,4,4,0.9649170932836378
0,4,4,0.9163216390929619
0,4,4,NaN
0,4,4,NaN
0,4,4,0.7582540955828375
0,4,4,NaN
0,4,4,NaN
0,4,4,NaN
0,4,4,NaN
0,4,4,0.8553400459938837
0,4,4,NaN
0,4,4,NaN
0,4,4,0.6505728275062779
0,4,4,0.6505728275062779
0,4,4,NaN
0,4,4,0.9156492413378253
0,4,4,NaN
0,4,4,NaN
0,4,4,0.6914431924244484
0,4,4,0.5238679062670301
0,4,4,NaN
0,4,4,NaN
0,4,4,NaN
0,4,4,NaN
0,4,4,NaN
0,4,4,0.9163216390929619
0,4,4,0.0494455745194533
0,4,4,NaN
0,4,4,0.19236277848876807
0,4,4,0.3149813444585866
0,4,4,0.8553400459938837
0,4,4,NaN
0,4,4,NaN
0,4,4,NaN
0,4,4,0.39064081951093954
0,4,4,NaN
0,4,4,NaN
0,4,4,NaN
0,4,4,NaN
0,4,4,NaN
0,4,4,0.9490411065363702
0,4,4,0.3149813444585866
0,4,4,NaN
0,4,4,0.39064081951093954
0,4,4,0.9388397790286686
0,4,4,0.5238679062670301
0,4,4,NaN
0,4,4,NaN
0,4,4,NaN
0,4,4,0.17368710433506626
0,4,4,NaN
0,4,4,0.09943458759150654
0,4,4,0.9163216390929619
0,4,4,NaN
0,4,4,0.24524244003177142
0,4,4,NaN
0,4,4,NaN
0,4,4,NaN
0,4,4,0.7267509803124766
0,4,4,0.43116983099757117
0,4,4,NaN
0,4,4,NaN
0,4,4,NaN
0,4,4,0.4137373899564104
0,4,4,0.569149748895899
0,4,4,0.508953933519552
0,4,4,NaN
0,4,4,NaN
0,4,4,0.927808813496808
0,4,4,0.9649170932836378
0,4,4,NaN
0,4,4,NaN
0,4,4,0.47793771766761745
0,4,4,NaN
0,4,4,0.569149748895899
0,4,4,0.569149748895899
0,4,4,NaN
0,4,4,0.2180321792514569
0,4,4,0.19236277848876807
0,4,4,NaN
0,4,4,NaN
0,4,4,0.7582540955828375
0,4,4,0.028886075440067927
0,4,4,NaN
0,4,4,0.001290026908059383
0,4,4,NaN
0,4,4,NaN
0,4,4,NaN
0,4,4,NaN
0,4,4,NaN
0,4,4,0.03317022976394289
0,4,4,0.8120477488685461
0,4,4,NaN
0,4,4,0.8886935889394204
0,4,4,NaN
0,4,4,NaN
0,4,4,NaN
0,4,4,NaN
0,4,4,0.569149748895899
0,4,4,NaN
0,4,4,0.47793771766761745
0,4,4,0.03794641341295346
0,4,4,0.05735097310840156
0,4,4,NaN
0,4,4,0.8736025629040609
0,4,4,0.39901174043756293
0,4,4,NaN
0,4,4,NaN
0,4,4,0.43116983099757117
0,4,4,NaN
0,4,4,0.05753016084891672
0,4,4,NaN
0,4,4,NaN
0,4,4,0.7829533425930767
0,4,4,NaN
0,4,4,NaN
0,4,4,0.021960220642977778
0,4,4,0.47793771766761745
0,4,4,0.9857264206675347
0,4,4,NaN
0,4,4,0.786623350458894
0,4,4,NaN
0,4,4,NaN
0,4,4,NaN
0,4,4,0.24524244003177142
0,4,4,NaN
0,4,4,0.9163216390929619
0,4,4,NaN
0,4,4,NaN
0,4,4,0.8228512845621858
0,4,4,NaN
0,4,4,NaN
0,4,4,NaN
0,4,4,0.024979424385777767
0,4,4,NaN
0,4,4,NaN
0,4,4,NaN
0,4,4,NaN
0,4,4,NaN
0,4,4,NaN
0,4,4,0.24524244003177142
0,4,4,0.9163216390929619
0,4,4,0.8946772526571838
0,4,4,NaN
0,4,4,NaN
0,4,4,0.011244944091629868
0,4,4,NaN
0,4,4,0.8356407771585233
0,4,4,0.9811127762214269
0,4,4,NaN
0,4,4,0.9711836190363513
0,4,4,NaN
0,4,4,0.6104096037191906
0,4,4,NaN
0,4,4,NaN
0,4,4,NaN
0,4,4,NaN
0,4,4,NaN
0,4,4,NaN
0,4,4,0.7582540955828375
0,4,4,0.39064081951093954
0,4,4,0.0494455745194533
0,4,4,NaN
0,4,4,0.021960220642977778
0,4,4,NaN
0,4,4,NaN
0,4,4,NaN
0,4,4,0.8089987257778621
0,4,4,NaN
0,4,4,0.8553400459938837
0,4,4,NaN
0,4,4,0.6104096037191906
0,4,4,NaN
0,4,4,0.7582540955828375
0,4,4,NaN
0,4,4,0.9030952226408369
0,4,4,NaN
0,4,4,NaN
0,4,4,0.9857264206675347
0,4,4,NaN
0,4,4,0.3128054681726522
0,4,4,0.8886935889394204
0,4,4,NaN
0,4,4,NaN
0,4,4,NaN
0,4,4,NaN
0,4,4,NaN
0,4,4,0.5238679062670301
0,4,4,0.569149748895899
0,4,4,0.8553400459938837
0,4,4,0.43116983099757117
0,4,4,0.27923371017636817
0,4,4,NaN
0,4,4,NaN
0,4,4,NaN
0,4,4,NaN
0,4,4,0.7582540955828375
0,4,4,0.47793771766761745
0,4,4,0.9388397790286686
0,4,4,NaN
0,4,4,NaN
0,4,4,0.03832442848911993
0,4,4,0.35291544996872376
0,4,4,NaN
0,4,4,0.6914431924244484
0,4,4,0.8120477488685461
0,4,4,0.786623350458894
0,4,4,0.6914431924244484
0,4,4,0.19236277848876807
0,4,4,NaN
0,4,4,NaN
0,4,4,0.786623350458894
0,4,4,0.8228512845621858
0,4,4,NaN
0,4,4,NaN
0,4,4,NaN
0,4,4,NaN
0,4,4,0.786623350458894
0,4,4,0.1298724704817915
0,4,4,NaN
0,4,4,NaN
0,4,4,0.3149813444585866
0,4,4,NaN
0,4,4,NaN
0,4,4,0.14766029718238274
0,4,4,NaN
0,4,4,NaN
0,4,4,NaN
0,4,4,NaN
0,4,4,NaN
0,4,4,NaN
0,4,4,0.8886935889394204
0,4,4,NaN
0,4,4,NaN
0,4,4,NaN
0,4,4,NaN
0,4,4,NaN
0,4,4,0.7267509803124766
0,4,4,0.927808813496808
0,4,4,0.8886935889394204
0,4,4,0.8553400459938837
0,4,4,0.5019030460972459
0,4,4,NaN
0,4,4,0.3149813444585866
0,4,4,NaN
0,4,4,NaN
0,4,4,0.35291544996872376
0,4,4,NaN
0,4,4,0.9811127762214269
0,4,4,0.786623350458894
0,4,4,NaN
0,4,4,0.6914431924244484
0,4,4,NaN
0,4,4,0.0125666915006404
0,4,4,0.3149813444585866
0,4,4,0.19236277848876807
0,4,4,NaN
0,4,4,NaN
0,4,4,NaN
0,4,4,0.16512250962938124
0,4,4,NaN
0,4,4,NaN
0,4,4,NaN
0,4,4,NaN
0,4,4,NaN
0,4,4,0.5238679062670301
0,4,4,0.3149813444585866
0,4,4,0.6104096037191906
0,4,4,0.8415454746148262
0,4,4,NaN
0,4,4,0.8886935889394204
0,4,4,NaN
0,4,4,NaN
0,4,4,NaN
0,4,4,0.39064081951093954
0,4,4,NaN
0,4,4,0.43116983099757117
0,4,4,0.8291191345239641
0,4,4,NaN
0,4,4,0.569149748895899
0,4,4,NaN
0,4,4,NaN
0,4,4,0.6104096037191906
0,4,4,NaN
0,4,4,NaN
0,4,4,0.08596717446393809
0,4,4,NaN
0,4,4,0.03317022976394289
0,4,4,0.27923371017636817
0,4,4,0.8120477488685461
0,4,4,0.39064081951093954
0,4,4,NaN
0,4,4,0.7267509803124766
0,4,4,NaN
0,4,4,0.11404401218842061
0,4,4,NaN
0,4,4,NaN
0,4,4,NaN
0,4,4,NaN
0,4,4,NaN
0,4,4,NaN
0,4,4,NaN
0,4,4,0.927808813496808
0,4,4,0.47793771766761745
0,4,4,NaN
0,4,4,0.3149813444585866
0,4,4,0.9388397790286686
0,4,4,NaN
0,4,4,0.7582540955828375
0,4,4,NaN
0,4,4,0.6104096037191906
0,4,4,NaN
0,4,4,0.569149748895899
0,4,4,NaN
0,4,4,NaN
0,4,4,NaN
0,4,4,NaN
0,4,4,0.9030952226408369
0,4,4,0.7582540955828375
0,4,4,0.9711836190363513
0,4,4,NaN
0,4,4,0.9490411065363702
0,4,4,0.07470550857760336
0,4,4,NaN
0,4,4,0.8120477488685461
0,4,4,0.8356407771585233
0,4,4,0.14766029718238274
0,4,4,NaN
0,4,4,NaN
0,4,4,NaN
0,4,4,0.5238679062670301
0,4,4,0.8120477488685461
0,4,4,NaN
0,4,4,0.06611573959509347
0,4,4,NaN
0,4,4,0.24524244003177142
0,4,4,NaN
0,4,4,NaN
0,4,4,0.37912774960537887
0,4,4,0.43116983099757117
0,4,4,NaN
0,4,4,0.00043803275821894654
0,4,4,0.7267509803124766
0,4,4,0.24524244003177142
0,4,4,NaN
0,4,4,0.8733102078879845
0,4,4,NaN
0,4,4,0.5238679062670301
0,4,4,NaN
0,4,4,0.03794641341295346
0,4,4,NaN
0,4,4,NaN
0,4,4,NaN
0,4,4,0.8553400459938837
0,4,4,0.9490411065363702
0,4,4,NaN
0,4,4,0.8553400459938837
0,4,4,NaN
0,4,4,NaN
0,4,4,0.19236277848876807
0,4,4,0.6505728275062779
0,4,4,0.16806732870266622
0,4,4,NaN
0,4,4,0.6914431924244484
0,4,4,NaN
0,4,4,NaN
0,4,4,NaN
0,4,4,NaN
0,4,4,NaN
0,4,4,NaN
0,4,4,NaN
0,4,4,0.7174571808329873
0,4,4,NaN
0,4,4,0.9163216390929619
0,4,4,0.6505728275062779
0,4,4,0.9030952226408369
0,4,4,0.5238679062670301
0,4,4,NaN
0,4,4,NaN
0,4,4,NaN
0,4,4,NaN
0,4,4,NaN
0,4,4,0.080917434069568
0,4,4,NaN
0,4,4,0.009778647628762748
0,4,4,0.7267509803124766
0,4,4,NaN
0,4,4,NaN
0,4,4,NaN
0,4,4,0.5238679062670301
0,4,4,NaN
0,4,4,0.7556978411434596
0,4,4,NaN
0,4,4,NaN
0,4,4,NaN
0,4,4,0.5238679062670301
0,4,4,0.16806732870266622
0,4,4,NaN
0,4,4,0.9711836190363513
0,4,4,0.27923371017636817
0,4,4,0.6505728275062779
0,4,4,NaN
0,4,4,NaN
0,4,4,0.5238679062670301
0,4,4,0.43116983099757117
0,4,4,0.35291544996872376
0,4,4,0.27923371017636817
0,4,4,0.8886935889394204
0,4,4,NaN
0,4,4,0.6914431924244484
0,4,4,0.09943458759150654
0,4,4,NaN
0,4,4,NaN
0,4,4,0.8886935889394204
0,4,4,0.14766029718238274
0,4,4,0.051710663514420635
0,4,4,0.8733102078879845
0,4,4,0.27923371017636817
0,4,4,NaN
0,4,4,0.00030715482574857474
0,4,4,0.5238679062670301
0,4,4,NaN
0,4,4,NaN
0,4,4,0.47793771766761745
0,4,4,NaN
0,4,4,NaN
0,4,4,NaN
0,4,4,0.8733102078879845
0,4,4,NaN
0,4,4,0.8553400459938837
0,4,4,NaN
0,4,4,0.9030952226408369
0,4,4,NaN
0,4,4,0.8553400459938837
0,4,4,NaN
0,4,4,0.8120477488685461
0,4,4,NaN
0,4,4,0.3149813444585866
0,4,4,NaN
0,4,4,NaN
0,4,4,NaN
0,4,4,NaN
0,4,4,0.3149813444585866
0,4,4,0.6914431924244484
0,4,4,NaN
0,4,4,NaN
0,4,4,NaN
0,4,4,NaN
0,4,4,NaN
0,4,4,NaN
0,4,4,NaN
0,4,4,0.8733102078879845
0,4,4,NaN
0,4,4,0.8356407771585233
0,4,4,0.9163216390929619
0,4,4,NaN
0,4,4,0.3149813444585866
0,4,4,NaN
0,4,4,0.7267509803124766
0,4,4,NaN
0,4,4,0.11404401218842061
0,4,4,NaN
0,4,4,NaN
0,4,4,0.569149748895899
0,4,4,NaN
0,4,4,NaN
0,4,4,NaN
0,4,4,0.7267509803124766
0,4,4,0.9388397790286686
0,4,4,0.9388397790286686
0,4,4,NaN
0,4,4,0.16806732870266622
0,4,4,0.6104096037191906
0,4,4,NaN
0,4,4,NaN
0,4,4,NaN
0,4,4,0.3149813444585866
0,4,4,0.6914431924244484
0,4,4,NaN
0,4,4,NaN
0,4,4,NaN
0,4,4,NaN
0,4,4,0.8886935889394204
0,4,4,0.39064081951093954
0,4,4,0.14766029718238274
0,4,4,NaN
0,4,4,NaN
0,4,4,NaN
0,4,4,NaN
0,4,4,NaN
0,4,4,NaN
0,4,4,0.569149748895899
0,4,4,0.09943458759150654
0,4,4,NaN
0,4,4,NaN
0,4,4,0.6914431924244484
0,4,4,NaN
0,4,4,0.35291544996872376
0,4,4,NaN
0,4,4,NaN
0,4,4,NaN
0,4,4,0.19236277848876807
0,4,4,0.8356407771585233
0,4,4,NaN
0,4,4,0.9388397790286686
0,4,4,0.6104096037191906
0,4,4,NaN
0,4,4,0.7267509803124766
0,4,4,NaN
0,4,4,NaN
0,4,4,0.9030952226408369
0,4,4,0.8356407771585233
0,4,4,0.27923371017636817
0,4,4,0.27923371017636817
0,4,4,NaN
0,4,4,NaN
0,4,4,NaN
0,4,4,NaN
0,4,4,0.43116983099757117
0,4,4,NaN
0,4,4,0.9490411065363702
0,4,4,NaN
0,4,4,NaN
0,4,4,NaN
0,4,4,NaN
0,4,4,0.7267509803124766
0,4,4,NaN
0,4,4,0.6104096037191906
0,4,4,NaN
0,4,4,NaN
0,4,4,NaN
0,4,4,NaN
0,4,4,0.11404401218842061
3,0,3,NaN
3,0,3,NaN
1,2,3,0.6505728275062779
3,0,3,NaN
3,0,3,0.0494455745194533
2,1,3,NaN
3,0,3,NaN
3,0,3,NaN
3,0,3,0.5238679062670301
3,0,3,0.43116983099757117
3,0,3,0.7267509803124766
3,0,3,NaN
2,1,3,0.7582540955828375
3,0,3,NaN
2,1,3,NaN
2,1,3,0.7829533425930767
3,0,3,0.1298724704817915
3,0,3,NaN
1,2,3,0.1200079059284548
3,0,3,NaN
3,0,3,NaN
3,0,3,NaN
1,2,3,0.8733102078879845
3,0,3,0.8356407771585233
3,0,3,NaN
2,1,3,0.11404401218842061
3,0,3,NaN
3,0,3,0.9163216390929619
2,1,3,NaN
3,0,3,NaN
2,1,3,0.7582540955828375
3,0,3,0.6104096037191906
3,0,3,NaN
1,2,3,NaN
3,0,3,0.1298724704817915
3,0,3,NaN
3,0,3,NaN
2,1,3,0.9165060595665832
2,1,3,NaN
3,0,3,NaN
2,1,3,0.9711836190363513
3,0,3,NaN
3,0,3,NaN
3,0,3,NaN
3,0,3,0.7267509803124766
2,1,3,0.8886935889394204
2,1,3,0.47793771766761745
3,0,3,0.786623350458894
1,2,3,NaN
2,1,3,NaN
2,1,3,NaN
1,2,3,NaN
3,0,3,NaN
3,0,3,NaN
3,0,3,0.569149748895899
3,0,3,0.43116983099757117
3,0,3,NaN
3,0,3,NaN
3,0,3,NaN
3,0,3,NaN
3,0,3,NaN
2,1,3,0.7267509803124766
1,2,3,0.16806732870266622
3,0,3,NaN
3,0,3,0.569149748895899
3,0,3,0.7582540955828375
3,0,3,0.5238679062670301
3,0,3,0.19236277848876807
3,0,3,NaN
2,1,3,0.8291191345239641
3,0,3,NaN
1,2,3,NaN
3,0,3,NaN
3,0,3,NaN
3,0,3,NaN
3,0,3,NaN
3,0,3,NaN
2,1,3,0.19236277848876807
3,0,3,0.47793771766761745
2,1,3,0.39064081951093954
1,2,3,0.1298724704817915
2,1,3,0.09943458759150654
1,2,3,NaN
3,0,3,NaN
1,2,3,0.39064081951093954
1,2,3,0.24524244003177142
3,0,3,NaN
1,2,3,0.8733102078879845
3,0,3,0.013522019027083793
1,2,3,0.9490411065363702
3,0,3,NaN
2,1,3,0.5521089525595249
3,0,3,NaN
2,1,3,0.8733102078879845
3,0,3,0.19236277848876807
1,2,3,0.8886935889394204
3,0,3,NaN
3,0,3,NaN
1,2,3,0.7267509803124766
1,2,3,NaN
2,1,3,NaN
2,1,3,0.569149748895899
3,0,3,0.024979424385777767
3,0,3,0.7635139812160975
3,0,3,0.16195633609137647
3,0,3,0.6944809040791058
3,0,3,NaN
2,1,3,NaN
1,2,3,NaN
1,2,3,0.06611573959509347
3,0,3,0.06611573959509347
3,0,3,NaN
3,0,3,NaN
2,1,3,0.8356407771585233
3,0,3,NaN
1,2,3,NaN
3,0,3,0.43116983099757117
3,0,3,NaN
2,1,3,NaN
3,0,3,NaN
3,0,3,NaN
2,1,3,NaN
2,1,3,0.19236277848876807
3,0,3,0.24524244003177142
3,0,3,0.9163216390929619
2,1,3,NaN
2,1,3,NaN
2,1,3,NaN
2,1,3,0.14766029718238274
3,0,3,0.786623350458894
3,0,3,0.9490411065363702
2,1,3,NaN
3,0,3,NaN
3,0,3,0.6914431924244484
2,1,3,0.9370710385360655
3,0,3,NaN
3,0,3,0.8120477488685461
3,0,3,0.09943458759150654
2,1,3,0.8120477488685461
3,0,3,0.927808813496808
1,2,3,NaN
2,1,3,NaN
2,1,3,0.7267509803124766
1,2,3,0.6909108556815501
3,0,3,0.6914431924244484
3,0,3,NaN
2,1,3,NaN
3,0,3,0.028886075440067927
1,2,3,NaN
3,0,3,NaN
2,1,3,0.27923371017636817
3,0,3,NaN
2,1,3,0.05735097310840156
1,2,3,NaN
3,0,3,NaN
3,0,3,NaN
3,0,3,0.16806732870266622
3,0,3,0.43116983099757117
3,0,3,NaN
3,0,3,0.16806732870266622
3,0,3,NaN
3,0,3,NaN
3,0,3,0.09943458759150654
2,1,3,0.2180321792514569
3,0,3,NaN
3,0,3,NaN
3,0,3,0.5238679062670301
3,0,3,0.8886935889394204
3,0,3,0.14766029718238274
3,0,3,0.6914431924244484
1,2,3,0.39064081951093954
2,1,3,0.9711836190363513
2,1,3,NaN
2,1,3,0.43116983099757117
3,0,3,NaN
3,0,3,NaN
3,0,3,0.016314898271010056
2,1,3,0.02059491414632601
3,0,3,NaN
2,1,3,0.3244828261928696
3,0,3,NaN
3,0,3,NaN
2,1,3,0.9388397790286686
3,0,3,NaN
2,1,3,0.8553400459938837
2,1,3,0.2825756595979886
3,0,3,NaN
3,0,3,NaN
3,0,3,NaN
3,0,3,0.9503849767387041
2,1,3,0.47793771766761745
1,2,3,NaN
3,0,3,0.9388397790286686
2,1,3,NaN
2,1,3,0.976413425292083
2,1,3,NaN
3,0,3,NaN
2,1,3,0.7267509803124766
3,0,3,0.39064081951093954
3,0,3,0.005812985542910942
1,2,3,NaN
1,2,3,0.1298724704817915
3,0,3,0.9811127762214269
3,0,3,0.9501305535207419
3,0,3,0.7267509803124766
3,0,3,NaN
2,1,3,0.569149748895899
2,1,3,NaN
1,2,3,NaN
3,0,3,0.8894872790652307
3,0,3,NaN
3,0,3,NaN
3,0,3,NaN
2,1,3,NaN
3,0,3,0.16806732870266622
3,0,3,0.30878034985542324
2,1,3,0.04370689030141423
3,0,3,0.8733102078879845
3,0,3,NaN
2,1,3,NaN
3,0,3,0.2180321792514569
3,0,3,0.8733102078879845
3,0,3,NaN
2,1,3,0.7280943808812835
3,0,3,NaN
3,0,3,NaN
3,0,3,NaN
1,2,3,NaN
3,0,3,0.6914431924244484
2,1,3,0.24524244003177142
2,1,3,0.016314898271010056
2,1,3,0.14766029718238274
3,0,3,0.35291544996872376
3,0,3,NaN
2,1,3,NaN
3,0,3,0.15070034843408195
3,0,3,0.47793771766761745
1,2,3,0.47793771766761745
3,0,3,0.7582540955828375
2,1,3,0.2180321792514569
3,0,3,NaN
3,0,3,NaN
2,1,3,NaN
3,0,3,0.8356407771585233
2,1,3,0.8120477488685461
3,0,3,0.8553400459938837
3,0,3,0.1298724704817915
2,1,3,0.3204276667879883
3,0,3,NaN
3,0,3,NaN
3,0,3,0.5238679062670301
3,0,3,NaN
3,0,3,NaN
3,0,3,NaN
2,1,3,0.7582540955828375
1,2,3,0.6538505025445531
3,0,3,0.16806732870266622
1,2,3,NaN
3,0,3,NaN
2,1,3,NaN
3,0,3,2.0169106896713913e-5
3,0,3,NaN
1,2,3,0.11404401218842061
3,0,3,NaN
2,1,3,NaN
3,0,3,0.8120477488685461
3,0,3,0.8356407771585233
3,0,3,0.5614282767823132
3,0,3,NaN
3,0,3,NaN
3,0,3,0.47793771766761745
3,0,3,NaN
3,0,3,NaN
3,0,3,NaN
3,0,3,NaN
3,0,3,0.1298724704817915
1,2,3,0.8733102078879845
3,0,3,3.415969559639316e-5
1,2,3,0.24524244003177142
2,1,3,NaN
3,0,3,0.0494455745194533
1,2,3,NaN
3,0,3,0.3149813444585866
1,2,3,NaN
2,1,3,NaN
3,0,3,0.9944136266474382
3,0,3,NaN
3,0,3,0.2825756595979886
3,0,3,NaN
3,0,3,0.786623350458894
2,1,3,NaN
3,0,3,NaN
3,0,3,NaN
2,1,3,NaN
3,0,3,0.47793771766761745
3,0,3,NaN
2,1,3,NaN
2,1,3,0.6104096037191906
2,1,3,NaN
2,1,3,NaN
1,2,3,0.47793771766761745
3,0,3,0.6505728275062779
2,1,3,NaN
3,0,3,0.43116983099757117
3,0,3,0.09943458759150654
3,0,3,0.3149813444585866
3,0,3,NaN
3,0,3,NaN
3,0,3,NaN
1,2,3,NaN
3,0,3,NaN
3,0,3,0.6914431924244484
3,0,3,NaN
3,0,3,NaN
3,0,3,0.8356407771585233
2,1,3,NaN
1,2,3,0.1298724704817915
3,0,3,NaN
3,0,3,0.04370689030141423
2,1,3,0.27923371017636817
3,0,3,NaN
3,0,3,NaN
2,1,3,NaN
3,0,3,NaN
3,0,3,0.19236277848876807
3,0,3,NaN
3,0,3,NaN
2,1,3,0.7267509803124766
3,0,3,NaN
3,0,3,NaN
2,1,3,NaN
3,0,3,NaN
3,0,3,NaN
2,1,3,NaN
3,0,3,0.8886935889394204
3,0,3,NaN
2,1,3,NaN
3,0,3,NaN
3,0,3,NaN
3,0,3,0.9163216390929619
3,0,3,NaN
3,0,3,0.569149748895899
3,0,3,0.39064081951093954
3,0,3,0.927808813496808
3,0,3,0.7622161362245191
3,0,3,NaN
3,0,3,0.04756558109096035
3,0,3,NaN
3,0,3,NaN
2,1,3,0.27923371017636817
1,2,3,NaN
3,0,3,0.6505728275062779
1,2,3,0.09943458759150654
1,2,3,NaN
3,0,3,NaN
3,0,3,NaN
3,0,3,0.6104096037191906
3,0,3,0.7267509803124766
1,2,3,0.43116983099757117
3,0,3,0.9574264943593161
3,0,3,NaN
3,0,3,0.8733102078879845
2,1,3,NaN
3,0,3,0.8356407771585233
2,1,3,NaN
3,0,3,0.569149748895899
3,0,3,NaN
3,0,3,NaN
3,0,3,NaN
2,1,3,NaN
2,1,3,NaN
3,0,3,NaN
2,1,3,NaN
3,0,3,NaN
3,0,3,0.6104096037191906
3,0,3,0.8733102078879845
3,0,3,NaN
2,1,3,NaN
3,0,3,NaN
3,0,3,NaN
1,2,3,0.05735097310840156
1,2,3,0.09943458759150654
3,0,3,NaN
3,0,3,0.8356407771585233
3,0,3,NaN
3,0,3,0.6505728275062779
3,0,3,0.009778647628762748
2,1,3,0.39064081951093954
2,1,3,NaN
3,0,3,0.6104096037191906
3,0,3,NaN
1,2,3,0.7582540955828375
3,0,3,0.06611573959509347
3,0,3,NaN
1,2,3,0.569149748895899
3,0,3,0.08596717446393809
1,2,3,0.16806732870266622
2,1,3,0.35291544996872376
3,0,3,NaN
3,0,3,0.569149748895899
2,1,3,NaN
3,0,3,NaN
3,0,3,0.3149813444585866
3,0,3,0.11404401218842061
3,0,3,NaN
3,0,3,NaN
3,0,3,NaN
2,1,3,0.7267509803124766
3,0,3,0.7582540955828375
2,1,3,0.24524244003177142
2,1,3,0.5238679062670301
3,0,3,0.5932290821066095
3,0,3,0.8120477488685461
2,1,3,0.06611573959509347
2,1,3,0.569149748895899
2,1,3,0.9662848430678245
3,0,3,NaN
2,1,3,0.6505728275062779
2,1,3,0.14766029718238274
3,0,3,0.6505728275062779
2,1,3,NaN
3,0,3,NaN
2,1,3,0.16806732870266622
3,0,3,0.5859398367146251
2,1,3,NaN
1,2,3,0.7582540955828375
3,0,3,NaN
3,0,3,NaN
3,0,3,NaN
3,0,3,NaN
2,1,3,NaN
2,1,3,NaN
2,1,3,NaN
3,0,3,NaN
3,0,3,NaN
3,0,3,NaN
3,0,3,NaN
1,2,3,0.2180321792514569
3,0,3,NaN
2,1,3,0.9440399369133801
3,0,3,NaN
3,0,3,NaN
3,0,3,NaN
3,0,3,0.5238679062670301
2,1,3,NaN
3,0,3,NaN
2,1,3,0.6505728275062779
3,0,3,0.0494455745194533
3,0,3,0.8886935889394204
3,0,3,NaN
1,2,3,0.47793771766761745
2,1,3,NaN
2,1,3,0.35291544996872376
3,0,3,0.35291544996872376
3,0,3,NaN
3,0,3,0.39064081951093954
3,0,3,NaN
3,0,3,NaN
2,1,3,NaN
3,0,3,NaN
1,2,3,0.8553400459938837
3,0,3,NaN
3,0,3,0.6914431924244484
1,2,3,NaN
3,0,3,NaN
1,2,3,0.1298724704817915
3,0,3,NaN
3,0,3,NaN
2,1,3,0.9649170932836378
3,0,3,NaN
2,1,3,NaN
2,1,3,NaN
3,0,3,NaN
3,0,3,0.47793771766761745
2,1,3,NaN
3,0,3,NaN
3,0,3,NaN
3,0,3,0.7582540955828375
3,0,3,NaN
2,1,3,0.07470550857760336
3,0,3,NaN
3,0,3,0.8886935889394204
3,0,3,0.24524244003177142
3,0,3,0.14766029718238274
3,0,3,0.569149748895899
2,1,3,NaN
3,0,3,0.8733102078879845
3,0,3,0.6914431924244484
2,1,3,0.27923371017636817
3,0,3,NaN
3,0,3,0.7267509803124766
2,1,3,0.9498107709788688
1,2,3,0.9944136266474382
3,0,3,0.6104096037191906
3,0,3,0.8120477488685461
3,0,3,0.9649170932836378
3,0,3,NaN
3,0,3,NaN
2,1,3,NaN
3,0,3,0.9388397790286686
3,0,3,NaN
2,1,3,0.786623350458894
3,0,3,0.6914431924244484
3,0,3,NaN
3,0,3,NaN
1,2,3,0.6914431924244484
3,0,3,0.9163216390929619
3,0,3,NaN
3,0,3,0.12100183076004378
3,0,3,0.6505728275062779
3,0,3,0.0006468469049096161
2,1,3,0.04370689030141423
3,0,3,NaN
1,2,3,0.06611573959509347
1,2,3,0.06373980375872917
2,1,3,NaN
3,0,3,0.6914431924244484
3,0,3,0.7582540955828375
3,0,3,0.6914431924244484
2,1,3,NaN
3,0,3,0.6104096037191906
3,0,3,NaN
2,1,3,NaN
1,2,3,NaN
1,2,3,NaN
3,0,3,0.41781409793355745
3,0,3,NaN
3,0,3,NaN
2,1,3,0.15385414083975474
1,2,3,NaN
3,0,3,NaN
3,0,3,0.7582540955828375
3,0,3,NaN
3,0,3,0.041204458816809404
1,2,3,NaN
3,0,3,NaN
3,0,3,NaN
2,1,3,NaN
3,0,3,0.9030952226408369
2,1,3,NaN
3,0,3,NaN
1,2,3,NaN
2,1,3,NaN
1,2,3,0.6104096037191906
2,1,3,NaN
2,1,3,NaN
2,1,3,0.8886935889394204
2,1,3,0.569149748895899
3,0,3,NaN
2,1,3,0.35291544996872376
3,0,3,NaN
3,0,3,NaN
2,1,3,NaN
3,0,3,NaN
2,1,3,0.05735097310840156
2,1,3,0.14766029718238274
2,1,3,NaN
3,0,3,0.19434466643336454
3,0,3,NaN
3,0,3,0.6505728275062779
1,2,3,0.1298724704817915
3,0,3,NaN
3,0,3,0.6505728275062779
2,1,3,NaN
1,2,3,NaN
3,0,3,0.9494471673386267
3,0,3,NaN
3,0,3,0.24524244003177142
1,2,3,0.6914431924244484
3,0,3,NaN
3,0,3,NaN
3,0,3,0.786623350458894
3,0,3,NaN
3,0,3,NaN
3,0,3,NaN
2,1,3,0.35291544996872376
2,1,3,0.009809829536500381
3,0,3,0.6104096037191906
3,0,3,NaN
3,0,3,0.11404401218842061
1,2,3,NaN
3,0,3,NaN
3,0,3,NaN
3,0,3,NaN
1,2,3,0.8120477488685461
2,1,3,0.27923371017636817
2,1,3,0.24524244003177142
3,0,3,0.14766029718238274
3,0,3,NaN
2,1,3,NaN
3,0,3,NaN
3,0,3,NaN
3,0,3,0.009997916329367057
3,0,3,0.5238679062670301
3,0,3,0.9490411065363702
3,0,3,0.011532985534739066
2,1,3,NaN
3,0,3,0.04370689030141423
2,1,3,NaN
2,1,3,NaN
3,0,3,NaN
3,0,3,NaN
3,0,3,0.18588064213351077
3,0,3,NaN
3,0,3,0.569149748895899
3,0,3,0.43116983099757117
3,0,3,NaN
3,0,3,0.03317022976394289
3,0,3,NaN
2,1,3,NaN
3,0,3,0.786623350458894
1,2,3,0.6914431924244484
2,1,3,NaN
3,0,3,NaN
3,0,3,NaN
2,1,3,NaN
2,1,3,0.9923256991209348
2,1,3,NaN
3,0,3,NaN
1,2,3,0.8120477488685461
3,0,3,0.569149748895899
3,0,3,NaN
2,1,3,NaN
3,0,3,NaN
3,0,3,NaN
3,0,3,NaN
3,0,3,0.19236277848876807
3,0,3,NaN
3,0,3,NaN
2,1,3,NaN
3,0,3,0.9649170932836378
3,0,3,0.9857264206675347
1,2,3,NaN
2,1,3,0.09943458759150654
3,0,3,0.8451544942757592
2,1,3,NaN
2,1,3,NaN
3,0,3,0.39064081951093954
2,1,3,NaN
3,0,3,NaN
3,0,3,NaN
3,0,3,NaN
3,0,3,0.47793771766761745
3,0,3,NaN
3,0,3,0.47793771766761745
3,0,3,NaN
2,1,3,0.927808813496808
3,0,3,NaN
2,1,3,0.7267509803124766
2,1,3,0.35291544996872376
3,0,3,NaN
3,0,3,0.06611573959509347
2,1,3,NaN
3,0,3,NaN
3,0,3,0.40685701951534237
3,0,3,NaN
2,1,3,0.927808813496808
3,0,3,0.43116983099757117
3,0,3,0.09943458759150654
3,0,3,NaN
3,0,3,0.6914431924244484
2,1,3,0.6914431924244484
2,1,3,0.24524244003177142
3,0,3,NaN
3,0,3,0.9574264943593161
2,1,3,NaN
3,0,3,0.8886935889394204
3,0,3,0.0494455745194533
3,0,3,NaN
3,0,3,NaN
3,0,3,NaN
3,0,3,NaN
3,0,3,0.4986609698537673
3,0,3,0.8356407771585233
3,0,3,0.0494455745194533
3,0,3,NaN
3,0,3,0.6104096037191906
2,1,3,0.569149748895899
3,0,3,NaN
3,0,3,NaN
3,0,3,NaN
3,0,3,0.9714796873064745
3,0,3,0.35291544996872376
3,0,3,NaN
3,0,3,NaN
2,1,3,0.1717549517289377
3,0,3,0.5238679062670301
3,0,3,0.3511880936280086
2,1,3,NaN
3,0,3,NaN
3,0,3,0.7267509803124766
1,2,3,NaN
3,0,3,NaN
3,0,3,NaN
3,0,3,0.021960220642977778
1,2,3,0.2180321792514569
2,1,3,0.3149813444585866
2,1,3,NaN
3,0,3,NaN
3,0,3,0.4129210572381568
3,0,3,NaN
3,0,3,NaN
2,1,3,NaN
2,1,3,0.8120477488685461
2,1,3,0.9456363068869769
3,0,3,NaN
3,0,3,0.3149813444585866
1,2,3,NaN
1,2,3,0.06611573959509347
3,0,3,0.8356407771585233
2,1,3,0.024979424385777767
3,0,3,NaN
3,0,3,NaN
3,0,3,NaN
3,0,3,0.7582540955828375
3,0,3,NaN
3,0,3,0.01880761644846058
3,0,3,NaN
3,0,3,0.927808813496808
2,1,3,NaN
2,1,3,0.9574264943593161
2,1,3,NaN
3,0,3,0.5238679062670301
3,0,3,0.8733102078879845
1,2,3,NaN
3,0,3,NaN
1,2,3,0.8120477488685461
3,0,3,NaN
3,0,3,NaN
3,0,3,0.8553400459938837
3,0,3,NaN
3,0,3,NaN
3,0,3,NaN
3,0,3,NaN
2,1,3,NaN
1,2,3,NaN
2,1,3,0.8356407771585233
3,0,3,NaN
2,1,3,0.7582540955828375
3,0,3,NaN
3,0,3,0.47793771766761745
3,0,3,NaN
3,0,3,0.9490411065363702
1,2,3,NaN
2,1,3,NaN
3,0,3,NaN
3,0,3,NaN
2,1,3,NaN
1,2,3,0.1298724704817915
3,0,3,NaN
3,0,3,NaN
2,1,3,0.04370689030141423
2,1,3,0.19236277848876807
3,0,3,0.39064081951093954
3,0,3,NaN
2,1,3,NaN
3,0,3,NaN
3,0,3,NaN
3,0,3,0.03794641341295346
3,0,3,NaN
3,0,3,NaN
2,1,3,0.8733102078879845
2,1,3,NaN
3,0,3,0.35291544996872376
3,0,3,0.07470550857760336
3,0,3,NaN
3,0,3,NaN
2,1,3,NaN
2,1,3,NaN
3,0,3,NaN
3,0,3,NaN
2,1,3,NaN
3,0,3,NaN
2,1,3,0.01389863463638223
3,0,3,NaN
2,1,3,0.9163216390929619
3,0,3,NaN
2,1,3,NaN
3,0,3,NaN
3,0,3,NaN
2,1,3,0.4293788648339165
3,0,3,NaN
3,0,3,NaN
2,1,3,0.14766029718238274
3,0,3,0.27923371017636817
3,0,3,NaN
3,0,3,NaN
3,0,3,0.9030952226408369
3,0,3,NaN
1,2,3,0.9490411065363702
2,1,3,NaN
3,0,3,NaN
3,0,3,0.9163216390929619
3,0,3,0.976413425292083
3,0,3,NaN
3,0,3,NaN
2,1,3,0.1535238301458931
3,0,3,0.21046876427536526
2,1,3,0.22884993719077776
2,1,3,0.9585233235432962
3,0,3,NaN
1,2,3,NaN
2,1,3,0.4994966444245364
3,0,3,NaN
1,2,3,0.5238679062670301
1,2,3,NaN
2,1,3,0.9163216390929619
2,1,3,0.6505728275062779
2,1,3,NaN
3,0,3,0.35291544996872376
3,0,3,NaN
3,0,3,NaN
3,0,3,0.06373980375872917
3,0,3,0.24924498471286638
3,0,3,0.9574264943593161
2,1,3,0.07159045158556479
3,0,3,NaN
1,2,3,NaN
3,0,3,0.8356407771585233
3,0,3,0.35291544996872376
3,0,3,0.9923256991209348
2,1,3,0.9574264943593161
1,2,3,0.39064081951093954
2,1,3,NaN
2,1,3,NaN
3,0,3,NaN
3,0,3,NaN
2,1,3,0.7267509803124766
3,0,3,0.5238679062670301
2,1,3,0.47793771766761745
2,1,3,NaN
3,0,3,0.14766029718238274
2,1,3,0.2180321792514569
3,0,3,NaN
2,1,3,0.7883696248010116
3,0,3,NaN
3,0,3,NaN
2,1,3,0.9030952226408369
3,0,3,NaN
3,0,3,0.7267509803124766
3,0,3,NaN
1,2,3,0.3742435995723311
2,1,3,NaN
2,1,3,0.413668157711759
2,1,3,0.34295154681899953
3,0,3,0.028886075440067927
2,1,3,0.39064081951093954
1,2,3,0.11404401218842061
3,0,3,NaN
3,0,3,NaN
2,1,3,0.9994175398571594
2,1,3,0.0494455745194533
3,0,3,NaN
3,0,3,0.6914431924244484
2,1,3,NaN
2,1,3,0.39064081951093954
3,0,3,0.6914431924244484
3,0,3,NaN
2,1,3,NaN
2,1,3,0.569149748895899
1,2,3,NaN
1,2,3,0.6505728275062779
3,0,3,NaN
3,0,3,0.8356407771585233
3,0,3,NaN
3,0,3,NaN
3,0,3,NaN
3,0,3,0.569149748895899
3,0,3,NaN
3,0,3,0.19236277848876807
3,0,3,NaN
3,0,3,0.2180321792514569
3,0,3,0.35291544996872376
3,0,3,NaN
2,1,3,0.16806732870266622
2,1,3,0.05735097310840156
2,1,3,0.041204458816809404
2,1,3,0.11005482189815376
3,0,3,NaN
1,2,3,NaN
3,0,3,0.6505728275062779
2,1,3,0.05735097310840156
3,0,3,0.786623350458894
3,0,3,0.8733102078879845
3,0,3,NaN
2,1,3,NaN
3,0,3,NaN
3,0,3,0.14766029718238274
1,2,3,NaN
2,1,3,0.3742435995723311
3,0,3,0.6914431924244484
3,0,3,NaN
2,1,3,0.23519964823513345
3,0,3,NaN
3,0,3,0.8120477488685461
2,1,3,NaN
3,0,3,NaN
3,0,3,NaN
2,1,3,NaN
3,0,3,NaN
3,0,3,0.950144339150178
3,0,3,NaN
3,0,3,0.0030111070756895023
2,1,3,0.14766029718238274
3,0,3,0.06567556713432166
3,0,3,0.22792552058149795
2,1,3,NaN
3,0,3,0.43292318755020015
1,2,3,0.2180321792514569
2,1,3,NaN
3,0,3,NaN
3,0,3,0.0002583468682403782
3,0,3,NaN
3,0,3,NaN
3,0,3,NaN
3,0,3,0.10505601881811426
3,0,3,0.9711836190363513
3,0,3,0.08596717446393809
3,0,3,NaN
3,0,3,0.9857264206675347
3,0,3,0.8120477488685461
3,0,3,0.39064081951093954
3,0,3,NaN
2,1,3,0.9030952226408369
1,2,3,0.9030952226408369
2,1,3,0.786623350458894
1,2,3,0.9681598263748241
3,0,3,NaN
2,1,3,NaN
3,0,3,NaN
2,1,3,0.6505728275062779
3,0,3,0.43116983099757117
3,0,3,NaN
3,0,3,NaN
2,1,3,NaN
1,2,3,NaN
2,1,3,0.43116983099757117
3,0,3,0.927808813496808
3,0,3,0.7267509803124766
2,1,3,NaN
2,1,3,0.8120477488685461
3,0,3,NaN
3,0,3,NaN
2,1,3,0.6505728275062779
3,0,3,0.569149748895899
2,1,3,NaN
3,0,3,NaN
3,0,3,0.024979424385777767
3,0,3,0.35064018308951
3,0,3,0.028886075440067927
3,0,3,0.07470550857760336
2,1,3,NaN
2,1,3,0.8392704508228863
2,1,3,0.2635919661402064
3,0,3,NaN
2,1,3,0.3149813444585866
2,1,3,NaN
3,0,3,NaN
2,1,3,0.35291544996872376
3,0,3,0.5238679062670301
2,1,3,NaN
2,1,3,NaN
2,1,3,NaN
3,0,3,NaN
1,2,3,0.14766029718238274
3,0,3,NaN
3,0,3,0.6505728275062779
3,0,3,0.7267509803124766
2,1,3,NaN
3,0,3,NaN
2,1,3,NaN
3,0,3,0.39064081951093954
3,0,3,0.08596717446393809
2,1,3,NaN
2,1,3,0.9974050120025761
3,0,3,0.6104096037191906
2,1,3,NaN
3,0,3,NaN
3,0,3,NaN
3,0,3,0.35291544996872376
3,0,3,NaN
2,1,3,NaN
3,0,3,NaN
1,2,3,0.8733102078879845
3,0,3,NaN
2,1,3,NaN
3,0,3,0.8356407771585233
2,1,3,0.3149813444585866
3,0,3,0.7582540955828375
3,0,3,NaN
3,0,3,NaN
3,0,3,NaN
2,1,3,0.5238679062670301
3,0,3,0.6104096037191906
3,0,3,0.0342815304783045
3,0,3,NaN
3,0,3,0.2180321792514569
2,1,3,0.786623350458894
2,1,3,NaN
3,0,3,NaN
3,0,3,0.8553400459938837
2,1,3,0.19236277848876807
3,0,3,0.569149748895899
3,0,3,NaN
3,0,3,NaN
3,0,3,NaN
3,0,3,NaN
3,0,3,NaN
3,0,3,NaN
3,0,3,NaN
3,0,3,NaN
3,0,3,NaN
3,0,3,0.6505728275062779
3,0,3,NaN
3,0,3,NaN
3,0,3,0.6505728275062779
3,0,3,0.3421998722560615
3,0,3,0.24524244003177142
3,0,3,NaN
3,0,3,NaN
3,0,3,0.786623350458894
3,0,3,NaN
3,0,3,0.6505728275062779
3,0,3,NaN
2,1,3,0.14766029718238274
3,0,3,0.927808813496808
3,0,3,NaN
3,0,3,NaN
1,2,3,0.9490411065363702
2,1,3,NaN
2,1,3,0.8553400459938837
3,0,3,0.9365426440212087
3,0,3,NaN
3,0,3,NaN
3,0,3,0.569149748895899
3,0,3,NaN
3,0,3,NaN
3,0,3,0.8553400459938837
3,0,3,0.4174033662565302
3,0,3,NaN
3,0,3,NaN
3,0,3,NaN
3,0,3,NaN
3,0,3,0.7213574018943657
3,0,3,0.9163216390929619
3,0,3,0.06611573959509347
3,0,3,NaN
3,0,3,NaN
3,0,3,NaN
3,0,3,NaN
3,0,3,0.786623350458894
3,0,3,NaN
3,0,3,0.569149748895899
3,0,3,0.569149748895899
3,0,3,0.09161468861746
3,0,3,0.6505728275062779
2,1,3,0.005812985542910942
1,2,3,0.8120477488685461
3,0,3,0.39064081951093954
2,1,3,NaN
3,0,3,0.43116983099757117
2,1,3,NaN
3,0,3,0.8553400459938837
3,0,3,NaN
2,1,3,NaN
3,0,3,0.569149748895899
2,1,3,NaN
3,0,3,NaN
1,2,3,0.9163216390929619
2,1,3,0.09943458759150654
3,0,3,0.7582540955828375
2,1,3,0.5238679062670301
3,0,3,NaN
2,1,3,NaN
1,2,3,0.5859398367146251
3,0,3,0.6104096037191906
3,0,3,NaN
3,0,3,NaN
3,0,3,0.786623350458894
1,2,3,NaN
3,0,3,NaN
2,1,3,NaN
3,0,3,0.9030952226408369
3,0,3,0.8886935889394204
2,1,3,NaN
3,0,3,0.6914431924244484
2,1,3,0.5238679062670301
3,0,3,NaN
2,1,3,0.3149813444585866
3,0,3,NaN
3,0,3,0.24524244003177142
3,0,3,0.5238679062670301
3,0,3,0.39064081951093954
2,1,3,0.976413425292083
3,0,3,NaN
3,0,3,NaN
3,0,3,0.6505728275062779
2,1,3,NaN
2,1,3,0.8733102078879845
1,2,3,0.8886935889394204
3,0,3,0.8733102078879845
3,0,3,0.8733102078879845
3,0,3,NaN
3,0,3,NaN
3,0,3,0.8120477488685461
3,0,3,NaN
3,0,3,NaN
2,1,3,NaN
3,0,3,NaN
3,0,3,NaN
3,0,3,NaN
3,0,3,NaN
3,0,3,0.19236277848876807
3,0,3,0.1298724704817915
3,0,3,0.39064081951093954
3,0,3,NaN
2,1,3,0.06611573959509347
1,2,3,0.6505728275062779
2,1,3,NaN
2,1,3,NaN
3,0,3,0.9923256991209348
3,0,3,0.569149748895899
3,0,3,0.9163216390929619
3,0,3,NaN
3,0,3,NaN
3,0,3,0.06611573959509347
3,0,3,0.8553400459938837
3,0,3,NaN
3,0,3,NaN
2,1,3,NaN
3,0,3,NaN
3,0,3,NaN
1,2,3,0.6104096037191906
3,0,3,NaN
1,2,3,NaN
2,1,3,0.24266862652491247
2,1,3,NaN
3,0,3,NaN
2,1,3,NaN
3,0,3,NaN
1,2,3,0.5238679062670301
2,1,3,0.6104096037191906
3,0,3,0.6914431924244484
3,0,3,NaN
3,0,3,NaN
3,0,3,0.2180321792514569
3,0,3,0.5238679062670301
2,1,3,NaN
2,1,3,0.03317022976394289
1,2,3,NaN
2,1,3,0.6104096037191906
3,0,3,NaN
3,0,3,NaN
2,1,3,NaN
3,0,3,0.19236277848876807
3,0,3,0.7267509803124766
3,0,3,NaN
2,1,3,NaN
3,0,3,NaN
3,0,3,0.021960220642977778
1,2,3,0.7668226356819056
2,1,3,0.8733102078879845
2,1,3,NaN
3,0,3,0.19236277848876807
3,0,3,NaN
3,0,3,NaN
1,2,3,NaN
2,1,3,0.5238679062670301
3,0,3,0.5238679062670301
3,0,3,NaN
3,0,3,NaN
1,2,3,0.8553400459938837
3,0,3,0.786623350458894
2,1,3,NaN
3,0,3,NaN
2,1,3,0.09943458759150654
3,0,3,0.5238679062670301
3,0,3,NaN
2,1,3,0.1001986730865951
1,2,3,0.2180321792514569
2,1,3,0.6914431924244484
3,0,3,NaN
3,0,3,NaN
3,0,3,NaN
3,0,3,0.7866570460180823
3,0,3,0.7762201877346611
2,1,3,0.8926735212774597
3,0,3,NaN
3,0,3,0.8553400459938837
3,0,3,NaN
2,1,3,0.8886935889394204
3,0,3,0.04370689030141423
2,1,3,0.8846053896489343
2,1,3,NaN
3,0,3,NaN
3,0,3,0.2180321792514569
1,2,3,0.47793771766761745
3,0,3,NaN
3,0,3,NaN
2,1,3,0.4991160421078876
3,0,3,0.16806732870266622
3,0,3,0.14908316898431015
3,0,3,NaN
3,0,3,0.43116983099757117
3,0,3,NaN
3,0,3,NaN
3,0,3,NaN
1,2,3,NaN
3,0,3,NaN
2,1,3,NaN
3,0,3,0.001290026908059383
3,0,3,NaN
3,0,3,NaN
2,1,3,NaN
1,2,3,0.9923256991209348
3,0,3,0.4931165170718628
3,0,3,0.1298724704817915
3,0,3,0.5238679062670301
3,0,3,NaN
3,0,3,NaN
3,0,3,NaN
3,0,3,0.6104096037191906
1,2,3,NaN
1,2,3,NaN
3,0,3,0.9490411065363702
1,2,3,0.04259743303611915
3,0,3,0.786623350458894
2,1,3,NaN
3,0,3,NaN
3,0,3,NaN
2,1,3,0.3149813444585866
3,0,3,0.43116983099757117
3,0,3,NaN
3,0,3,NaN
2,1,3,0.08596717446393809
3,0,3,0.24524244003177142
3,0,3,NaN
3,0,3,NaN
3,0,3,0.3149813444585866
2,1,3,NaN
1,2,3,NaN
1,2,3,0.786623350458894
2,1,3,NaN
1,2,3,NaN
3,0,3,0.786623350458894
3,0,3,0.03317022976394289
3,0,3,NaN
3,0,3,0.47793771766761745
3,0,3,0.4000801055241669
2,1,3,0.43116983099757117
3,0,3,NaN
1,2,3,0.7267509803124766
2,1,3,NaN
2,1,3,NaN
2,1,3,0.19236277848876807
2,1,3,0.9656192292054144
2,1,3,0.6505728275062779
1,2,3,NaN
1,2,3,0.569149748895899
2,1,3,0.6914431924244484
3,0,3,NaN
2,1,3,0.14766029718238274
3,0,3,NaN
3,0,3,0.43116983099757117
3,0,3,NaN
3,0,3,NaN
3,0,3,NaN
3,0,3,NaN
3,0,3,0.9030952226408369
1,2,3,0.3149813444585866
3,0,3,0.8886935889394204
3,0,3,NaN
3,0,3,0.6505728275062779
1,2,3,NaN
3,0,3,0.7582540955828375
3,0,3,0.5238679062670301
3,0,3,0.9790867200465427
3,0,3,NaN
3,0,3,0.6165709600421269
3,0,3,NaN
2,1,3,NaN
3,0,3,NaN
3,0,3,0.7582540955828375
3,0,3,NaN
3,0,3,0.8356407771585233
2,1,3,NaN
3,0,3,0.27923371017636817
1,2,3,NaN
3,0,3,NaN
3,0,3,0.24524244003177142
3,0,3,0.5238679062670301
2,1,3,0.927808813496808
3,0,3,0.9794351466310044
3,0,3,0.5238679062670301
3,0,3,NaN
2,1,3,0.16806732870266622
2,1,3,0.13906406781445516
1,2,3,0.028886075440067927
3,0,3,NaN
3,0,3,NaN
3,0,3,NaN
2,1,3,0.05735097310840156
2,1,3,0.10328296149413824
3,0,3,NaN
3,0,3,NaN
3,0,3,NaN
2,1,3,NaN
2,1,3,0.47793771766761745
2,1,3,0.786623350458894
2,1,3,NaN
2,1,3,NaN
3,0,3,0.6914431924244484
3,0,3,NaN
2,1,3,0.14766029718238274
3,0,3,NaN
1,2,3,NaN
3,0,3,0.43116983099757117
3,0,3,0.6061360034034095
2,1,3,NaN
3,0,3,NaN
2,1,3,NaN
3,0,3,0.2180321792514569
3,0,3,NaN
3,0,3,NaN
2,1,3,0.43116983099757117
3,0,3,0.9163216390929619
3,0,3,NaN
3,0,3,0.5238679062670301
3,0,3,NaN
3,0,3,0.7267509803124766
3,0,3,0.8886935889394204
3,0,3,NaN
3,0,3,NaN
3,0,3,0.9574264943593161
2,1,3,NaN
3,0,3,NaN
3,0,3,0.8553400459938837
3,0,3,NaN
3,0,3,0.6104096037191906
3,0,3,0.8356407771585233
3,0,3,0.6505728275062779
1,2,3,0.5238679062670301
3,0,3,NaN
3,0,3,NaN
2,1,3,NaN
3,0,3,NaN
3,0,3,NaN
3,0,3,0.8120477488685461
3,0,3,NaN
3,0,3,NaN
3,0,3,NaN
3,0,3,NaN
2,1,3,0.4994966444245364
2,1,3,NaN
3,0,3,NaN
2,1,3,0.8553400459938837
1,2,3,NaN
3,0,3,0.14401971515179923
2,1,3,0.786623350458894
3,0,3,0.1298724704817915
3,0,3,0.9647176847332639
2,1,3,NaN
3,0,3,NaN
2,1,3,0.5238679062670301
1,2,3,NaN
2,1,3,0.950144339150178
1,2,3,0.06611573959509347
3,0,3,0.12209273667816883
2,1,3,0.06611573959509347
1,2,3,0.6914431924244484
3,0,3,0.03317022976394289
3,0,3,0.43116983099757117
3,0,3,0.31704501574285643
3,0,3,0.976413425292083
3,0,3,0.003736962491151852
3,0,3,NaN
3,0,3,NaN
2,1,3,NaN
2,1,3,NaN
3,0,3,0.7267509803124766
2,1,3,0.6914431924244484
2,1,3,0.7267509803124766
3,0,3,0.0026908597986054356
3,0,3,NaN
3,0,3,0.5238679062670301
2,1,3,0.41713962256090414
2,1,3,0.41495121332475604
2,1,3,0.8120477488685461
2,1,3,0.8120477488685461
3,0,3,0.16806732870266622
3,0,3,0.43116983099757117
3,0,3,NaN
1,2,3,NaN
3,0,3,NaN
3,0,3,NaN
3,0,3,NaN
3,0,3,NaN
3,0,3,0.6505728275062779
3,0,3,0.6505728275062779
3,0,3,0.2180321792514569
2,1,3,NaN
2,1,3,0.5238679062670301
2,1,3,0.6505728275062779
1,2,3,0.6104096037191906
2,1,3,NaN
3,0,3,0.9163216390929619
3,0,3,0.6914431924244484
3,0,3,0.47793771766761745
3,0,3,NaN
3,0,3,0.569149748895899
3,0,3,0.9388397790286686
2,1,3,NaN
3,0,3,NaN
2,1,3,NaN
1,2,3,NaN
2,1,3,0.25841863339059545
3,0,3,NaN
3,0,3,NaN
1,2,3,NaN
2,1,3,NaN
3,0,3,NaN
2,1,3,0.024979424385777767
3,0,3,NaN
3,0,3,NaN
3,0,3,0.14766029718238274
2,1,3,NaN
3,0,3,NaN
3,0,3,NaN
1,2,3,NaN
2,1,3,0.8553400459938837
3,0,3,0.43116983099757117
3,0,3,NaN
2,1,3,0.35291544996872376
3,0,3,NaN
2,1,3,0.9711836190363513
3,0,3,0.9944136266474382
3,0,3,NaN
2,1,3,NaN
2,1,3,0.7582540955828375
3,0,3,0.915999535825675
3,0,3,NaN
3,0,3,0.1298724704817915
2,1,3,NaN
3,0,3,0.8553400459938837
3,0,3,NaN
3,0,3,0.35291544996872376
2,1,3,0.8356407771585233
2,1,3,NaN
3,0,3,NaN
2,1,3,0.40685701951534237
2,1,3,0.786623350458894
3,0,3,0.16806732870266622
3,0,3,NaN
3,0,3,NaN
3,0,3,NaN
3,0,3,0.9649170932836378
3,0,3,NaN
3,0,3,0.6914431924244484
3,0,3,0.786623350458894
3,0,3,0.14766029718238274
3,0,3,NaN
2,1,3,0.1298724704817915
3,0,3,NaN
1,2,3,0.021960220642977778
3,0,3,NaN
3,0,3,NaN
3,0,3,0.35291544996872376
3,0,3,0.8356407771585233
3,0,3,0.3149813444585866
2,1,3,0.6104096037191906
3,0,3,0.35291544996872376
3,0,3,NaN
2,1,3,0.4959882483088199
3,0,3,0.3742435995723311
3,0,3,NaN
3,0,3,NaN
2,1,3,0.4000801055241669
3,0,3,0.06611573959509347
2,1,3,NaN
3,0,3,NaN
2,1,3,NaN
1,2,3,NaN
3,0,3,0.9163216390929619
1,2,3,0.16195633609137647
3,0,3,0.8356407771585233
3,0,3,0.6505728275062779
3,0,3,0.6104096037191906
3,0,3,NaN
2,1,3,0.10735783861920471
3,0,3,0.786623350458894
3,0,3,0.08596717446393809
2,1,3,0.0006468469049096161
2,1,3,NaN
3,0,3,NaN
3,0,3,NaN
2,1,3,0.8120477488685461
3,0,3,NaN
3,0,3,0.19236277848876807
3,0,3,NaN
3,0,3,NaN
2,1,3,0.6505728275062779
3,0,3,NaN
3,0,3,NaN
3,0,3,NaN
1,2,3,NaN
2,1,3,NaN
3,0,3,NaN
2,1,3,0.8356407771585233
3,0,3,NaN
2,1,3,0.24524244003177142
2,1,3,0.6104096037191906
3,0,3,NaN
2,1,3,NaN
2,1,3,0.47793771766761745
3,0,3,NaN
3,0,3,0.786623350458894
2,1,3,NaN
3,0,3,NaN
1,2,3,0.6914431924244484
3,0,3,NaN
3,0,3,NaN
2,1,3,NaN
2,1,3,NaN
3,0,3,NaN
3,0,3,0.6505728275062779
3,0,3,NaN
3,0,3,0.9030952226408369
2,1,3,0.34761220357298417
3,0,3,NaN
3,0,3,NaN
1,2,3,0.5614056147192097
2,1,3,NaN
3,0,3,0.9498107709788688
3,0,3,NaN
2,1,3,NaN
3,0,3,NaN
2,1,3,0.39064081951093954
1,2,3,0.7582540955828375
3,0,3,NaN
2,1,3,NaN
3,0,3,0.09521030768207571
2,1,3,NaN
3,0,3,0.39064081951093954
2,1,3,0.8733102078879845
3,0,3,0.16806732870266622
2,1,3,0.5988966746409761
3,0,3,0.19236277848876807
2,1,3,0.6505728275062779
3,0,3,0.9494471673386267
2,1,3,0.3149813444585866
3,0,3,NaN
2,1,3,0.9163216390929619
3,0,3,NaN
3,0,3,0.9163216390929619
3,0,3,NaN
3,0,3,NaN
1,2,3,NaN
2,1,3,0.27923371017636817
3,0,3,NaN
1,2,3,NaN
2,1,3,NaN
1,2,3,0.7412528061999037
3,0,3,NaN
1,2,3,0.47793771766761745
1,2,3,NaN
1,2,3,NaN
3,0,3,0.786623350458894
2,1,3,NaN
2,1,3,0.569149748895899
2,1,3,0.8886935889394204
3,0,3,0.19236277848876807
3,0,3,0.08596717446393809
3,0,3,0.5238679062670301
3,0,3,0.5238679062670301
2,1,3,NaN
3,0,3,0.6104096037191906
3,0,3,NaN
2,1,3,NaN
3,0,3,NaN
3,0,3,NaN
3,0,3,0.5238679062670301
3,0,3,0.6505728275062779
2,1,3,NaN
3,0,3,NaN
3,0,3,NaN
3,0,3,NaN
3,0,3,NaN
3,0,3,NaN
2,1,3,NaN
2,1,3,0.0494455745194533
3,0,3,NaN
2,1,3,0.8120477488685461
2,1,3,NaN
3,0,3,0.5238679062670301
2,1,3,0.07470550857760336
1,2,3,NaN
3,0,3,0.6104096037191906
2,1,3,NaN
2,1,3,0.19236277848876807
3,0,3,NaN
2,1,3,0.08596717446393809
3,0,3,NaN
3,0,3,0.9501305535207419
2,1,3,0.6104096037191906
2,1,3,NaN
3,0,3,NaN
3,0,3,0.9574264943593161
2,1,3,0.7267509803124766
2,1,3,0.45764543540876196
2,1,3,NaN
1,2,3,0.16806732870266622
2,1,3,NaN
3,0,3,NaN
3,0,3,NaN
3,0,3,NaN
2,1,3,NaN
3,0,3,0.09943458759150654
2,1,3,0.8733102078879845
3,0,3,0.5238679062670301
1,2,3,0.976413425292083
3,0,3,0.27923371017636817
3,0,3,0.9163216390929619
3,0,3,0.9574264943593161
3,0,3,NaN
2,1,3,0.9857264206675347
1,2,3,0.43116983099757117
3,0,3,NaN
3,0,3,0.7267509803124766
2,1,3,NaN
3,0,3,NaN
3,0,3,NaN
3,0,3,0.7267509803124766
3,0,3,NaN
1,2,3,NaN
2,1,3,0.9574264943593161
2,1,3,NaN
3,0,3,NaN
3,0,3,NaN
2,1,3,0.47793771766761745
2,1,3,0.49974308594955635
3,0,3,0.786623350458894
3,0,3,NaN
2,1,3,0.14766029718238274
1,2,3,0.8060522931517679
2,1,3,NaN
1,2,3,NaN
2,1,3,NaN
2,1,3,0.8581967138692722
3,0,3,NaN
2,1,3,NaN
2,1,3,0.24524244003177142
3,0,3,0.786623350458894
1,2,3,0.06204449903554607
1,2,3,0.8356407771585233
3,0,3,NaN
3,0,3,NaN
3,0,3,NaN
3,0,3,0.786623350458894
2,1,3,0.671884262440174
3,0,3,NaN
3,0,3,NaN
3,0,3,NaN
2,1,3,NaN
3,0,3,0.5238679062670301
3,0,3,NaN
2,1,3,NaN
3,0,3,0.16806732870266622
2,1,3,0.8553400459938837
2,1,3,0.5238679062670301
3,0,3,NaN
3,0,3,0.9388397790286686
3,0,3,NaN
2,1,3,NaN
2,1,3,NaN
3,0,3,NaN
3,0,3,NaN
3,0,3,NaN
1,2,3,0.3149813444585866
3,0,3,NaN
2,1,3,NaN
3,0,3,NaN
2,1,3,NaN
3,0,3,NaN
3,0,3,0.021340394204168465
3,0,3,0.2180321792514569
2,1,3,0.43116983099757117
2,1,3,0.3149813444585866
3,0,3,0.9490411065363702
3,0,3,NaN
1,2,3,0.23519964823513345
3,0,3,0.5238679062670301
2,1,3,NaN
1,2,3,0.06611573959509347
2,1,3,0.39064081951093954
3,0,3,NaN
3,0,3,NaN
3,0,3,0.6104096037191906
3,0,3,0.7267509803124766
1,2,3,0.8866035662539163
3,0,3,NaN
3,0,3,0.16806732870266622
2,1,3,NaN
1,2,3,NaN
3,0,3,0.47793771766761745
1,2,3,0.569149748895899
2,1,3,0.08030607948792752
3,0,3,NaN
3,0,3,NaN
2,1,3,NaN
3,0,3,0.16806732870266622
3,0,3,NaN
3,0,3,NaN
2,1,3,0.1535238301458931
3,0,3,NaN
3,0,3,NaN
2,1,3,NaN
3,0,3,NaN
3,0,3,0.08596717446393809
3,0,3,NaN
3,0,3,NaN
3,0,3,0.9574264943593161
3,0,3,NaN
2,1,3,0.07470550857760336
2,1,3,NaN
3,0,3,NaN
3,0,3,0.8120477488685461
3,0,3,0.7267509803124766
3,0,3,0.976413425292083
2,1,3,0.6505728275062779
3,0,3,0.5238679062670301
3,0,3,NaN
3,0,3,NaN
3,0,3,0.43116983099757117
3,0,3,NaN
3,0,3,NaN
3,0,3,0.569149748895899
3,0,3,0.24524244003177142
3,0,3,NaN
3,0,3,NaN
3,0,3,0.6104096037191906
3,0,3,NaN
3,0,3,NaN
3,0,3,0.1298724704817915
3,0,3,0.8120477488685461
3,0,3,0.976413425292083
3,0,3,0.7251339425213262
2,1,3,0.2180321792514569
3,0,3,0.6505728275062779
3,0,3,0.03317022976394289
3,0,3,NaN
3,0,3,0.43116983099757117
3,0,3,0.39064081951093954
3,0,3,0.7582540955828375
3,0,3,NaN
3,0,3,0.016314898271010056
2,1,3,NaN
2,1,3,0.01389863463638223
2,1,3,0.43116983099757117
3,0,3,NaN
3,0,3,NaN
2,1,3,NaN
3,0,3,0.43116983099757117
3,0,3,NaN
2,1,3,NaN
3,0,3,NaN
3,0,3,0.14766029718238274
2,1,3,0.6505728275062779
1,2,3,0.8733102078879845
3,0,3,NaN
3,0,3,NaN
3,0,3,NaN
3,0,3,NaN
3,0,3,0.47793771766761745
3,0,3,NaN
2,1,3,NaN
3,0,3,NaN
3,0,3,0.049431027460480864
3,0,3,NaN
1,2,3,NaN
3,0,3,NaN
3,0,3,0.6914431924244484
3,0,3,NaN
3,0,3,0.9857264206675347
3,0,3,0.7635139812160975
2,1,3,0.7370635657353836
2,1,3,NaN
3,0,3,NaN
3,0,3,NaN
3,0,3,0.7267509803124766
3,0,3,NaN
2,1,3,NaN
3,0,3,NaN
3,0,3,NaN
1,2,3,NaN
2,1,3,0.06611573959509347
1,2,3,0.8356407771585233
2,1,3,0.05735097310840156
2,1,3,0.27923371017636817
3,0,3,NaN
3,0,3,NaN
3,0,3,NaN
3,0,3,0.06611573959509347
2,1,3,NaN
3,0,3,0.7251339425213262
2,1,3,NaN
1,2,3,NaN
3,0,3,NaN
3,0,3,0.786623350458894
3,0,3,0.47793771766761745
3,0,3,NaN
2,1,3,0.44073682300936967
3,0,3,0.6914431924244484
3,0,3,NaN
2,1,3,NaN
3,0,3,0.927808813496808
1,2,3,0.6914431924244484
3,0,3,NaN
3,0,3,0.4611325262333748
3,0,3,NaN
2,1,3,0.24524244003177142
3,0,3,NaN
2,1,3,NaN
2,1,3,NaN
3,0,3,NaN
3,0,3,NaN
3,0,3,NaN
3,0,3,0.5238679062670301
3,0,3,NaN
3,0,3,0.27369177007057516
2,1,3,NaN
3,0,3,NaN
1,2,3,0.40057686224618433
2,1,3,NaN
3,0,3,0.7267509803124766
3,0,3,0.24524244003177142
3,0,3,0.9574264943593161
3,0,3,0.14766029718238274
3,0,3,0.5238679062670301
3,0,3,NaN
3,0,3,0.0494455745194533
2,1,3,0.24524244003177142
3,0,3,0.24524244003177142
2,1,3,NaN
3,0,3,0.2180321792514569
3,0,3,NaN
3,0,3,0.0494455745194533
2,1,3,0.27369177007057516
3,0,3,NaN
3,0,3,NaN
2,1,3,NaN
3,0,3,NaN
3,0,3,0.2180321792514569
3,0,3,NaN
3,0,3,0.6104096037191906
2,1,3,NaN
3,0,3,0.7267509803124766
3,0,3,NaN
3,0,3,0.6104096037191906
2,1,3,NaN
3,0,3,0.6914431924244484
2,1,3,NaN
2,1,3,0.35291544996872376
3,0,3,0.9649170932836378
3,0,3,NaN
3,0,3,0.003736962491151852
2,1,3,0.7762201877346611
3,0,3,NaN
3,0,3,NaN
1,2,3,NaN
3,0,3,0.8886935889394204
3,0,3,0.7267509803124766
3,0,3,NaN
3,0,3,NaN
2,1,3,NaN
1,2,3,0.5238679062670301
3,0,3,0.786623350458894
3,0,3,NaN
3,0,3,0.6104096037191906
3,0,3,NaN
3,0,3,NaN
3,0,3,0.9388397790286686
3,0,3,NaN
3,0,3,NaN
3,0,3,0.021960220642977778
2,1,3,NaN
2,1,3,0.46364349773006763
2,1,3,NaN
3,0,3,NaN
1,2,3,0.6104096037191906
2,1,3,0.7267509803124766
2,1,3,0.7267509803124766
2,1,3,0.569149748895899
3,0,3,NaN
3,0,3,0.35291544996872376
3,0,3,NaN
3,0,3,NaN
2,1,3,0.08596717446393809
3,0,3,0.005772729173959262
1,2,3,NaN
2,1,3,0.7582540955828375
2,1,3,0.03794641341295346
3,0,3,0.9163216390929619
3,0,3,NaN
3,0,3,NaN
3,0,3,NaN
2,1,3,NaN
2,1,3,0.5238679062670301
2,1,3,NaN
2,1,3,0.47793771766761745
3,0,3,NaN
2,1,3,0.6104096037191906
3,0,3,0.1298724704817915
2,1,3,NaN
2,1,3,NaN
2,1,3,0.8886935889394204
3,0,3,NaN
2,1,3,NaN
3,0,3,0.9164881048356623
3,0,3,0.8733102078879845
3,0,3,0.6104096037191906
3,0,3,0.16806732870266622
3,0,3,NaN
3,0,3,NaN
3,0,3,0.8733102078879845
3,0,3,NaN
3,0,3,0.06611573959509347
2,1,3,NaN
2,1,3,0.6914431924244484
3,0,3,NaN
3,0,3,0.5238679062670301
3,0,3,0.07470550857760336
3,0,3,0.3149813444585866
2,1,3,0.39064081951093954
3,0,3,0.8135122998034316
3,0,3,0.5238679062670301
3,0,3,NaN
3,0,3,0.7582540955828375
2,1,3,NaN
3,0,3,NaN
1,2,3,NaN
2,1,3,NaN
3,0,3,NaN
3,0,3,0.8356407771585233
3,0,3,0.47793771766761745
2,1,3,0.0494455745194533
3,0,3,0.8275909927088239
3,0,3,NaN
3,0,3,0.927808813496808
1,2,3,0.6505728275062779
2,1,3,NaN
2,1,3,0.6914431924244484
3,0,3,NaN
2,1,3,0.9388397790286686
3,0,3,0.24524244003177142
1,2,3,NaN
2,1,3,NaN
1,2,3,0.569149748895899
3,0,3,NaN
3,0,3,NaN
3,0,3,NaN
3,0,3,0.569149748895899
3,0,3,0.48284286108776076
2,1,3,NaN
3,0,3,0.7616161931560907
3,0,3,NaN
3,0,3,0.6914431924244484
2,1,3,NaN
2,1,3,0.6104096037191906
3,0,3,NaN
3,0,3,NaN
3,0,3,NaN
3,0,3,NaN
3,0,3,NaN
3,0,3,0.8553400459938837
1,2,3,NaN
2,1,3,0.8553400459938837
2,1,3,0.7290088523766826
3,0,3,NaN
3,0,3,0.14766029718238274
2,1,3,0.9030952226408369
3,0,3,NaN
3,0,3,0.7267509803124766
3,0,3,NaN
2,1,3,NaN
1,2,3,0.2180321792514569
3,0,3,NaN
2,1,3,0.2180321792514569
1,2,3,NaN
3,0,3,0.4994966444245364
3,0,3,0.2180321792514569
1,2,3,NaN
3,0,3,0.1298724704817915
1,2,3,NaN
3,0,3,0.9030952226408369
3,0,3,NaN
3,0,3,0.0025471183979869
1,2,3,0.5256489450204721
2,1,3,0.24524244003177142
3,0,3,NaN
2,1,3,0.9163216390929619
3,0,3,NaN
3,0,3,0.6914431924244484
3,0,3,NaN
2,1,3,0.998767140334452
2,1,3,0.06611573959509347
3,0,3,0.8886935889394204
3,0,3,NaN
3,0,3,NaN
2,1,3,NaN
3,0,3,NaN
3,0,3,NaN
3,0,3,0.9711836190363513
3,0,3,NaN
3,0,3,0.8846053896489343
3,0,3,NaN
1,2,3,NaN
3,0,3,0.8120477488685461
3,0,3,NaN
3,0,3,0.786623350458894
3,0,3,NaN
3,0,3,0.8867520092225946
3,0,3,NaN
3,0,3,NaN
3,0,3,0.8356407771585233
3,0,3,0.915999535825675
2,1,3,0.7582540955828375
3,0,3,NaN
3,0,3,0.7149828061322704
2,1,3,0.07470550857760336
3,0,3,0.2180321792514569
3,0,3,NaN
3,0,3,0.35291544996872376
3,0,3,NaN
2,1,3,0.43116983099757117
2,1,3,NaN
2,1,3,0.014377926692720014
1,2,3,0.8623151578373711
3,0,3,NaN
3,0,3,0.27923371017636817
3,0,3,0.7249415004237635
2,1,3,0.27923371017636817
3,0,3,NaN
3,0,3,0.9649170932836378
2,1,3,0.16806732870266622
3,0,3,0.19236277848876807
2,1,3,NaN
2,1,3,0.07470550857760336
3,0,3,0.8733102078879845
3,0,3,NaN
3,0,3,NaN
3,0,3,0.7267509803124766
3,0,3,0.00036290265255528576
3,0,3,0.569149748895899
3,0,3,0.1298724704817915
3,0,3,NaN
3,0,3,NaN
1,2,3,NaN
1,2,3,0.8886935889394204
3,0,3,NaN
3,0,3,0.8886935889394204
3,0,3,NaN
2,1,3,0.8733102078879845
2,1,3,0.19236277848876807
2,1,3,NaN
3,0,3,NaN
2,1,3,NaN
3,0,3,0.8553400459938837
3,0,3,0.35291544996872376
3,0,3,NaN
2,1,3,0.6505728275062779
3,0,3,NaN
3,0,3,0.8356407771585233
2,1,3,0.14766029718238274
3,0,3,NaN
1,2,3,NaN
3,0,3,NaN
3,0,3,NaN
2,1,3,NaN
2,1,3,0.17063339171324982
2,1,3,NaN
3,0,3,NaN
3,0,3,0.3149813444585866
3,0,3,0.8733102078879845
2,1,3,0.39064081951093954
3,0,3,NaN
3,0,3,0.8120477488685461
3,0,3,0.6914431924244484
3,0,3,0.3149813444585866
2,1,3,NaN
3,0,3,0.7267509803124766
3,0,3,NaN
1,2,3,0.27923371017636817
2,1,3,NaN
2,1,3,0.6833758768314452
3,0,3,0.14766029718238274
2,1,3,NaN
1,2,3,0.007478866577617047
3,0,3,0.9975663265144364
3,0,3,0.27923371017636817
3,0,3,NaN
3,0,3,NaN
3,0,3,0.9030952226408369
3,0,3,0.07470550857760336
3,0,3,NaN
2,1,3,NaN
2,1,3,NaN
3,0,3,NaN
2,1,3,0.026745232174587432
3,0,3,NaN
2,1,3,NaN
3,0,3,0.6914431924244484
1,2,3,0.16909288643313697
3,0,3,NaN
3,0,3,NaN
1,2,3,0.43116983099757117
1,2,3,0.6104096037191906
3,0,3,NaN
3,0,3,NaN
3,0,3,NaN
3,0,3,0.9163216390929619
2,1,3,NaN
3,0,3,NaN
3,0,3,0.6104096037191906
2,1,3,0.8120477488685461
3,0,3,0.8733102078879845
3,0,3,NaN
3,0,3,NaN
3,0,3,0.8733102078879845
2,1,3,NaN
3,0,3,0.7189496966683618
3,0,3,NaN
3,0,3,NaN
3,0,3,NaN
1,2,3,NaN
3,0,3,NaN
1,2,3,NaN
3,0,3,NaN
3,0,3,NaN
3,0,3,NaN
3,0,3,0.3149813444585866
3,0,3,0.9574264943593161
3,0,3,0.6914431924244484
3,0,3,NaN
3,0,3,NaN
2,1,3,0.569149748895899
2,1,3,NaN
3,0,3,0.2635919661402064
2,1,3,0.8553400459938837
3,0,3,NaN
3,0,3,NaN
3,0,3,NaN
3,0,3,NaN
3,0,3,NaN
2,1,3,0.927808813496808
3,0,3,NaN
2,1,3,0.8120477488685461
2,1,3,NaN
2,1,3,NaN
3,0,3,0.6505728275062779
2,1,3,0.19236277848876807
3,0,3,0.03463093166333102
3,0,3,NaN
3,0,3,NaN
1,2,3,0.6312521649346363
3,0,3,0.9566181061774477
3,0,3,NaN
3,0,3,0.35291544996872376
3,0,3,0.9059803787610502
3,0,3,NaN
3,0,3,NaN
3,0,3,NaN
3,0,3,0.569149748895899
3,0,3,0.19236277848876807
3,0,3,0.8120477488685461
2,1,3,0.8886935889394204
2,1,3,NaN
2,1,3,0.47793771766761745
2,1,3,NaN
2,1,3,0.14766029718238274
3,0,3,NaN
3,0,3,NaN
1,2,3,0.22987808361642606
2,1,3,0.8120477488685461
3,0,3,NaN
3,0,3,NaN
3,0,3,NaN
3,0,3,0.7582540955828375
2,1,3,NaN
1,2,3,0.8120477488685461
3,0,3,NaN
3,0,3,NaN
2,1,3,0.07470550857760336
1,2,3,NaN
1,2,3,NaN
3,0,3,NaN
3,0,3,NaN
3,0,3,0.3149813444585866
3,0,3,NaN
3,0,3,0.9649170932836378
3,0,3,0.7774385906678272
2,1,3,0.8356407771585233
3,0,3,0.27923371017636817
3,0,3,0.998767140334452
2,1,3,0.1298724704817915
2,1,3,NaN
3,0,3,0.927808813496808
3,0,3,0.7267509803124766
3,0,3,0.16806732870266622
3,0,3,NaN
3,0,3,0.47793771766761745
3,0,3,NaN
3,0,3,NaN
3,0,3,0.14766029718238274
1,2,3,NaN
3,0,3,NaN
2,1,3,0.11404401218842061
3,0,3,NaN
3,0,3,0.569149748895899
2,1,3,0.7582540955828375
3,0,3,NaN
2,1,3,NaN
2,1,3,0.7351321396625389
3,0,3,NaN
3,0,3,0.8457558054085423
2,1,3,NaN
3,0,3,0.05735097310840156
3,0,3,NaN
3,0,3,0.6104096037191906
3,0,3,NaN
3,0,3,NaN
2,1,3,NaN
3,0,3,0.27923371017636817
2,1,3,NaN
3,0,3,0.7267509803124766
3,0,3,0.47793771766761745
1,2,3,0.6505728275062779
2,1,3,NaN
2,1,3,0.39064081951093954
1,2,3,0.1298724704817915
3,0,3,0.7267509803124766
3,0,3,NaN
2,1,3,0.3066408861326925
1,2,3,NaN
3,0,3,NaN
1,2,3,0.7267509803124766
3,0,3,NaN
3,0,3,NaN
3,0,3,NaN
3,0,3,0.976413425292083
3,0,3,NaN
3,0,3,0.16806732870266622
3,0,3,NaN
1,2,3,NaN
3,0,3,0.5238679062670301
3,0,3,NaN
3,0,3,0.037297404412817516
2,1,3,0.8886935889394204
3,0,3,NaN
3,0,3,NaN
3,0,3,0.6104096037191906
2,1,3,0.786623350458894
2,1,3,0.9388397790286686
1,2,3,NaN
2,1,3,NaN
2,1,3,0.8733102078879845
3,0,3,NaN
3,0,3,NaN
3,0,3,0.8886935889394204
2,1,3,0.8553400459938837
3,0,3,0.27923371017636817
2,1,3,0.27923371017636817
2,1,3,0.9030952226408369
2,1,3,NaN
3,0,3,0.6104096037191906
1,2,3,NaN
3,0,3,NaN
3,0,3,NaN
3,0,3,NaN
2,1,3,NaN
2,1,3,NaN
3,0,3,0.16806732870266622
2,1,3,0.786623350458894
3,0,3,NaN
1,2,3,NaN
3,0,3,NaN
1,2,3,NaN
2,1,3,NaN
2,1,3,0.7267509803124766
2,1,3,NaN
3,0,3,0.8120477488685461
1,2,3,NaN
2,1,3,0.976413425292083
1,2,3,NaN
3,0,3,0.16806732870266622
2,1,3,0.47793771766761745
1,2,3,0.5238679062670301
3,0,3,0.6505728275062779
2,1,3,0.569149748895899
2,1,3,NaN
3,0,3,NaN
1,2,3,NaN
3,0,3,NaN
3,0,3,0.04370689030141423
2,1,3,0.47793771766761745
2,1,3,NaN
1,2,3,0.22055594079099328
2,1,3,0.7189496966683618
3,0,3,0.5238679062670301
1,2,3,0.03317022976394289
3,0,3,0.7267509803124766
3,0,3,0.3149813444585866
3,0,3,NaN
3,0,3,NaN
2,1,3,NaN
3,0,3,NaN
3,0,3,NaN
3,0,3,0.19236277848876807
3,0,3,0.5238679062670301
3,0,3,0.11404401218842061
1,2,3,0.43116983099757117
3,0,3,0.4478148399920161
1,2,3,NaN
3,0,3,0.27923371017636817
3,0,3,NaN
3,0,3,0.008126970210441814
3,0,3,0.9490411065363702
3,0,3,0.14766029718238274
3,0,3,0.8886935889394204
3,0,3,0.04370689030141423
1,2,3,0.39064081951093954
3,0,3,0.27923371017636817
3,0,3,NaN
3,0,3,0.569149748895899
2,1,3,NaN
2,1,3,0.01880761644846058
1,2,3,NaN
3,0,3,NaN
1,2,3,NaN
2,1,3,0.8886935889394204
3,0,3,NaN
3,0,3,NaN
2,1,3,0.9030952226408369
3,0,3,0.5207163251672441
3,0,3,NaN
2,1,3,0.8553400459938837
1,2,3,NaN
3,0,3,NaN
2,1,3,0.9649170932836378
3,0,3,NaN
3,0,3,NaN
3,0,3,NaN
3,0,3,0.08596717446393809
3,0,3,NaN
2,1,3,0.43116983099757117
2,1,3,0.08338428661019415
2,1,3,NaN
3,0,3,0.39064081951093954
3,0,3,0.1298724704817915
3,0,3,NaN
2,1,3,NaN
3,0,3,NaN
2,1,3,0.14766029718238274
3,0,3,0.5238679062670301
3,0,3,0.9388397790286686
3,0,3,NaN
1,2,3,0.14766029718238274
2,1,3,0.3149813444585866
3,0,3,0.5521089525595249
3,0,3,NaN
3,0,3,0.6914431924244484
3,0,3,NaN
1,2,3,NaN
3,0,3,0.2389566253162466
3,0,3,0.47793771766761745
3,0,3,NaN
2,1,3,NaN
3,0,3,0.6914431924244484
3,0,3,0.03317022976394289
3,0,3,0.786623350458894
3,0,3,0.7267509803124766
3,0,3,NaN
1,2,3,NaN
2,1,3,NaN
2,1,3,0.8886935889394204
3,0,3,NaN
3,0,3,0.038139185542136786
3,0,3,0.2887478495258714
2,1,3,NaN
3,0,3,0.0016997450757664932
3,0,3,NaN
2,1,3,0.9490411065363702
3,0,3,0.11404401218842061
3,0,3,NaN
3,0,3,0.2180321792514569
3,0,3,0.7582540955828375
2,1,3,NaN
3,0,3,0.8120477488685461
3,0,3,0.6505728275062779
2,1,3,NaN
3,0,3,0.35291544996872376
2,1,3,NaN
3,0,3,0.9163216390929619
3,0,3,0.5238679062670301
3,0,3,NaN
3,0,3,0.6914431924244484
2,1,3,0.35291544996872376
3,0,3,NaN
2,1,3,NaN
3,0,3,NaN
3,0,3,NaN
3,0,3,0.9388397790286686
3,0,3,0.43116983099757117
2,1,3,NaN
2,1,3,0.03794641341295346
2,1,3,0.19236277848876807
3,0,3,0.08596717446393809
1,2,3,0.39064081951093954
1,2,3,NaN
3,0,3,NaN
3,0,3,NaN
3,0,3,0.24524244003177142
3,0,3,0.25819982730174895
3,0,3,0.09943458759150654
3,0,3,0.9811127762214269
2,1,3,NaN
3,0,3,0.7829533425930767
3,0,3,0.8356407771585233
2,1,3,NaN
3,0,3,NaN
2,1,3,NaN
2,1,3,0.07470550857760336
3,0,3,0.569149748895899
3,0,3,0.8886935889394204
3,0,3,0.35291544996872376
3,0,3,0.9649170932836378
3,0,3,0.09943458759150654
3,0,3,0.16806732870266622
3,0,3,0.47793771766761745
1,2,3,0.7582540955828375
3,0,3,0.786623350458894
1,2,3,0.8120477488685461
2,1,3,0.9163216390929619
3,0,3,0.8356407771585233
2,1,3,0.569149748895899
3,0,3,0.7267509803124766
3,0,3,0.8886935889394204
3,0,3,NaN
3,0,3,0.06611573959509347
3,0,3,0.7267509803124766
2,1,3,NaN
2,1,3,0.6914431924244484
3,0,3,0.8120477488685461
2,1,3,0.0792972786957223
3,0,3,NaN
3,0,3,NaN
2,1,3,NaN
3,0,3,NaN
2,1,3,0.14766029718238274
3,0,3,0.8553400459938837
3,0,3,0.7267509803124766
2,1,3,0.35291544996872376
3,0,3,NaN
3,0,3,NaN
1,2,3,0.927808813496808
3,0,3,NaN
2,1,3,NaN
2,1,3,NaN
2,1,3,NaN
2,1,3,NaN
3,0,3,NaN
2,1,3,NaN
2,1,3,NaN
3,0,3,0.35291544996872376
3,0,3,NaN
2,1,3,NaN
3,0,3,0.7267509803124766
3,0,3,NaN
3,0,3,0.2180321792514569
2,1,3,NaN
2,1,3,0.39064081951093954
1,2,3,0.8415454746148262
3,0,3,0.2690499474445848
2,1,3,NaN
2,1,3,0.6505728275062779
3,0,3,0.7582540955828375
2,1,3,0.7267509803124766
2,1,3,0.7267509803124766
3,0,3,NaN
3,0,3,0.8120477488685461
1,2,3,NaN
3,0,3,NaN
3,0,3,NaN
3,0,3,NaN
3,0,3,NaN
1,2,3,0.07470550857760336
3,0,3,0.8715805685289447
3,0,3,NaN
3,0,3,NaN
1,2,3,0.07470550857760336
3,0,3,0.9163216390929619
2,1,3,0.8356407771585233
3,0,3,0.8356407771585233
3,0,3,0.06611573959509347
3,0,3,0.786623350458894
2,1,3,0.927808813496808
3,0,3,0.7267509803124766
3,0,3,0.06611573959509347
3,0,3,NaN
3,0,3,NaN
3,0,3,NaN
3,0,3,NaN
3,0,3,0.8553400459938837
3,0,3,NaN
3,0,3,NaN
2,1,3,0.9490411065363702
3,0,3,NaN
2,1,3,NaN
3,0,3,0.13109722194558823
1,2,3,0.6104096037191906
3,0,3,NaN
2,1,3,NaN
2,1,3,0.5238679062670301
3,0,3,NaN
2,1,3,NaN
3,0,3,0.5238679062670301
3,0,3,0.39064081951093954
3,0,3,NaN
3,0,3,NaN
3,0,3,0.9163216390929619
3,0,3,NaN
1,2,3,0.6104096037191906
2,1,3,0.8926735212774597
3,0,3,0.9857264206675347
3,0,3,0.9388397790286686
2,1,3,NaN
2,1,3,0.24524244003177142
3,0,3,NaN
3,0,3,0.13906406781445516
3,0,3,NaN
2,1,3,0.9501305535207419
1,2,3,NaN
2,1,3,0.1298724704817915
3,0,3,0.8815560790124995
3,0,3,NaN
3,0,3,NaN
3,0,3,0.927808813496808
3,0,3,NaN
3,0,3,0.9711836190363513
1,2,3,NaN
3,0,3,0.9163216390929619
1,2,3,NaN
3,0,3,0.43116983099757117
2,1,3,0.16806732870266622
1,2,3,NaN
3,0,3,0.9574264943593161
1,2,3,NaN
3,0,3,NaN
2,1,3,NaN
3,0,3,0.5238679062670301
2,1,3,NaN
3,0,3,0.5238679062670301
2,1,3,0.7774891427160723
3,0,3,NaN
3,0,3,0.569149748895899
2,1,3,NaN
3,0,3,0.7582540955828375
3,0,3,NaN
3,0,3,NaN
3,0,3,0.27923371017636817
1,2,3,0.3149813444585866
3,0,3,0.27923371017636817
3,0,3,NaN
2,1,3,0.005887002383159557
3,0,3,0.569149748895899
3,0,3,NaN
2,1,3,NaN
3,0,3,0.8553400459938837
1,2,3,NaN
1,2,3,0.028886075440067927
1,2,3,0.5238679062670301
3,0,3,0.8553400459938837
2,1,3,0.6505728275062779
2,1,3,0.6104096037191906
3,0,3,NaN
2,1,3,0.8553400459938837
2,1,3,0.32149594913354446
3,0,3,0.8733102078879845
3,0,3,NaN
3,0,3,0.24524244003177142
2,1,3,NaN
2,1,3,NaN
3,0,3,NaN
1,2,3,NaN
3,0,3,NaN
3,0,3,NaN
3,0,3,0.8120477488685461
3,0,3,NaN
3,0,3,NaN
3,0,3,0.19236277848876807
3,0,3,NaN
3,0,3,NaN
3,0,3,NaN
1,2,3,0.6914431924244484
3,0,3,0.9917317688897272
3,0,3,NaN
3,0,3,0.08596717446393809
3,0,3,NaN
1,2,3,0.05735097310840156
3,0,3,0.14766029718238274
2,1,3,0.569149748895899
3,0,3,NaN
2,1,3,0.8733102078879845
2,1,3,0.14766029718238274
3,0,3,NaN
2,1,3,0.005812985542910942
3,0,3,NaN
2,1,3,NaN
3,0,3,0.9443617025978779
1,2,3,0.3380631690586218
3,0,3,0.4994966444245364
2,1,3,NaN
2,1,3,0.16806732870266622
2,1,3,0.8120477488685461
2,1,3,NaN
2,1,3,0.3567867953297299
3,0,3,0.39064081951093954
3,0,3,NaN
3,0,3,0.6914431924244484
3,0,3,0.226958309927138
3,0,3,0.27923371017636817
3,0,3,NaN
3,0,3,NaN
3,0,3,NaN
1,2,3,0.569149748895899
3,0,3,0.1298724704817915
2,1,3,0.6104096037191906
3,0,3,NaN
3,0,3,NaN
2,1,3,NaN
3,0,3,NaN
3,0,3,NaN
2,1,3,0.969312462427263
3,0,3,0.35291544996872376
3,0,3,NaN
3,0,3,0.8356407771585233
2,1,3,0.11404401218842061
3,0,3,NaN
3,0,3,NaN
3,0,3,NaN
3,0,3,0.6914431924244484
3,0,3,NaN
2,1,3,NaN
3,0,3,0.1298724704817915
3,0,3,0.927808813496808
2,1,3,0.8356407771585233
3,0,3,0.569149748895899
3,0,3,NaN
3,0,3,NaN
2,1,3,0.08492145781881325
2,1,3,NaN
2,1,3,NaN
3,0,3,NaN
1,2,3,0.8356407771585233
2,1,3,NaN
2,1,3,NaN
3,0,3,0.9794849495642511
3,0,3,0.35291544996872376
2,1,3,NaN
3,0,3,NaN
3,0,3,NaN
1,2,3,0.8553400459938837
3,0,3,NaN
3,0,3,0.6104096037191906
3,0,3,0.07470550857760336
3,0,3,0.16806732870266622
3,0,3,0.16806732870266622
2,1,3,NaN
3,0,3,NaN
2,1,3,0.9030952226408369
3,0,3,0.47793771766761745
3,0,3,NaN
2,1,3,NaN
3,0,3,NaN
3,0,3,NaN
3,0,3,NaN
3,0,3,NaN
3,0,3,0.11404401218842061
3,0,3,NaN
3,0,3,0.35291544996872376
3,0,3,NaN
1,2,3,0.1298724704817915
3,0,3,NaN
3,0,3,0.47793771766761745
3,0,3,NaN
2,1,3,0.3149813444585866
2,1,3,NaN
2,1,3,0.3693452194339224
3,0,3,NaN
2,1,3,0.8553400459938837
2,1,3,0.6104096037191906
3,0,3,0.6104096037191906
3,0,3,0.5238679062670301
1,2,3,0.6104096037191906
3,0,3,NaN
3,0,3,0.14766029718238274
3,0,3,NaN
3,0,3,NaN
3,0,3,NaN
3,0,3,0.569149748895899
1,2,3,NaN
3,0,3,NaN
2,1,3,NaN
2,1,3,0.08622811860676048
3,0,3,0.786623350458894
3,0,3,0.14766029718238274
2,1,3,0.6505728275062779
2,1,3,0.9574264943593161
3,0,3,0.8356407771585233
3,0,3,0.8553400459938837
3,0,3,NaN
3,0,3,NaN
3,0,3,NaN
2,1,3,0.6104096037191906
3,0,3,0.19236277848876807
3,0,3,NaN
3,0,3,0.7582540955828375
3,0,3,NaN
3,0,3,0.3149813444585866
3,0,3,NaN
3,0,3,NaN
3,0,3,NaN
3,0,3,0.47793771766761745
3,0,3,NaN
3,0,3,NaN
3,0,3,0.14766029718238274
3,0,3,0.08596717446393809
3,0,3,NaN
3,0,3,NaN
1,2,3,0.04370689030141423
1,2,3,NaN
3,0,3,NaN
3,0,3,NaN
2,1,3,0.2180321792514569
3,0,3,NaN
2,1,3,NaN
3,0,3,0.14766029718238274
3,0,3,0.8553400459938837
3,0,3,NaN
2,1,3,0.7582540955828375
3,0,3,0.9169211431492119
3,0,3,NaN
3,0,3,NaN
2,1,3,0.6104096037191906
1,2,3,0.9574264943593161
3,0,3,NaN
3,0,3,NaN
3,0,3,NaN
3,0,3,0.8733102078879845
2,1,3,0.39064081951093954
3,0,3,0.9574264943593161
3,0,3,0.19236277848876807
3,0,3,0.7582540955828375
3,0,3,NaN
2,1,3,NaN
2,1,3,NaN
3,0,3,NaN
3,0,3,0.6936424771194916
3,0,3,NaN
3,0,3,NaN
3,0,3,NaN
1,2,3,0.9961520687047375
3,0,3,NaN
3,0,3,0.8356407771585233
3,0,3,0.5238679062670301
3,0,3,NaN
3,0,3,0.6914431924244484
3,0,3,NaN
3,0,3,NaN
3,0,3,0.6104096037191906
3,0,3,0.16806732870266622
3,0,3,0.7774891427160723
3,0,3,NaN
2,1,3,NaN
3,0,3,NaN
3,0,3,NaN
3,0,3,NaN
2,1,3,NaN
3,0,3,NaN
3,0,3,0.43116983099757117
3,0,3,0.3871581495179797
3,0,3,NaN
3,0,3,NaN
3,0,3,0.1905734886698872
3,0,3,0.7267509803124766
3,0,3,NaN
3,0,3,0.9574264943593161
2,1,3,0.24265113445020126
3,0,3,0.786623350458894
3,0,3,0.08596717446393809
3,0,3,NaN
3,0,3,0.05735097310840156
3,0,3,NaN
3,0,3,0.8356407771585233
3,0,3,0.8356407771585233
1,2,3,NaN
2,1,3,NaN
2,1,3,0.9574264943593161
3,0,3,NaN
3,0,3,0.006291610364558353
3,0,3,NaN
1,2,3,0.07470550857760336
3,0,3,NaN
3,0,3,0.9030952226408369
3,0,3,NaN
3,0,3,0.43116983099757117
3,0,3,0.1298724704817915
2,1,3,0.43116983099757117
3,0,3,0.8553400459938837
3,0,3,NaN
2,1,3,NaN
3,0,3,NaN
3,0,3,NaN
1,2,3,NaN
3,0,3,NaN
1,2,3,0.3149813444585866
3,0,3,NaN
3,0,3,NaN
2,1,3,0.569149748895899
3,0,3,NaN
3,0,3,0.6914431924244484
2,1,3,NaN
3,0,3,0.9711836190363513
3,0,3,NaN
3,0,3,NaN
2,1,3,NaN
3,0,3,NaN
3,0,3,0.6505728275062779
3,0,3,NaN
3,0,3,0.0020547117181096944
2,1,3,NaN
3,0,3,0.9163216390929619
1,2,3,0.9999996001813158
2,1,3,0.14038138576717543
3,0,3,0.7582540955828375
3,0,3,0.786623350458894
3,0,3,NaN
3,0,3,NaN
3,0,3,0.47793771766761745
3,0,3,0.3798740375166462
3,0,3,NaN
3,0,3,0.8733102078879845
3,0,3,0.6914431924244484
3,0,3,0.43116983099757117
3,0,3,NaN
2,1,3,NaN
2,1,3,0.8886935889394204
3,0,3,NaN
3,0,3,NaN
1,2,3,0.24524244003177142
3,0,3,0.16806732870266622
2,1,3,0.7582540955828375
2,1,3,NaN
3,0,3,0.0494455745194533
1,2,3,0.5238679062670301
3,0,3,NaN
3,0,3,0.8356407771585233
3,0,3,NaN
1,2,3,0.04370689030141423
2,1,3,0.7582540955828375
1,2,3,NaN
3,0,3,NaN
3,0,3,0.569149748895899
3,0,3,NaN
3,0,3,NaN
3,0,3,NaN
3,0,3,0.7267509803124766
3,0,3,NaN
3,0,3,0.8886935889394204
2,1,3,NaN
3,0,3,0.2180321792514569
3,0,3,0.8356407771585233
2,1,3,NaN
3,0,3,0.9574264943593161
3,0,3,NaN
2,1,3,0.023636278789770686
2,1,3,NaN
2,1,3,NaN
3,0,3,NaN
3,0,3,0.1298724704817915
2,1,3,NaN
3,0,3,NaN
3,0,3,NaN
2,1,3,NaN
2,1,3,NaN
3,0,3,NaN
3,0,3,0.03794641341295346
3,0,3,NaN
1,2,3,NaN
3,0,3,NaN
3,0,3,0.6914431924244484
2,1,3,0.786623350458894
2,1,3,0.3149813444585866
2,1,3,0.8356407771585233
1,2,3,NaN
3,0,3,NaN
3,0,3,NaN
2,1,3,NaN
3,0,3,0.16909288643313697
1,2,3,NaN
2,1,3,NaN
1,2,3,0.7267509803124766
2,1,3,0.7267509803124766
3,0,3,0.47793771766761745
1,2,3,NaN
2,1,3,NaN
2,1,3,NaN
3,0,3,NaN
3,0,3,0.6181101058296996
3,0,3,NaN
3,0,3,NaN
3,0,3,0.6505728275062779
2,1,3,0.35291544996872376
3,0,3,NaN
3,0,3,0.9649170932836378
3,0,3,NaN
3,0,3,NaN
3,0,3,0.35291544996872376
1,2,3,NaN
2,1,3,NaN
3,0,3,0.6914431924244484
3,0,3,0.9388397790286686
3,0,3,0.8553400459938837
3,0,3,NaN
3,0,3,NaN
3,0,3,NaN
3,0,3,0.6914431924244484
1,2,3,0.8733102078879845
3,0,3,NaN
3,0,3,0.8438423357264185
3,0,3,NaN
3,0,3,NaN
3,0,3,0.927808813496808
3,0,3,0.006158458354327043
3,0,3,0.7267509803124766
3,0,3,NaN
3,0,3,0.39064081951093954
3,0,3,0.39064081951093954
3,0,3,NaN
3,0,3,NaN
1,2,3,NaN
3,0,3,NaN
3,0,3,0.27923371017636817
2,1,3,0.24524244003177142
2,1,3,NaN
3,0,3,0.19236277848876807
3,0,3,NaN
3,0,3,0.786623350458894
3,0,3,NaN
3,0,3,0.47793771766761745
3,0,3,NaN
2,1,3,NaN
3,0,3,NaN
2,1,3,NaN
2,1,3,NaN
3,0,3,NaN
3,0,3,0.9030952226408369
3,0,3,0.8553400459938837
2,1,3,0.569149748895899
3,0,3,0.8291191345239641
2,1,3,0.5238679062670301
2,1,3,0.8733102078879845
3,0,3,NaN
1,2,3,0.43116983099757117
3,0,3,0.024979424385777767
3,0,3,0.8356407771585233
3,0,3,NaN
3,0,3,NaN
3,0,3,NaN
2,1,3,0.9388397790286686
3,0,3,NaN
1,2,3,0.5238679062670301
3,0,3,NaN
3,0,3,NaN
3,0,3,NaN
1,2,3,0.7582540955828375
3,0,3,NaN
2,1,3,NaN
3,0,3,0.6914431924244484
2,1,3,0.6914431924244484
3,0,3,NaN
3,0,3,NaN
1,2,3,0.6505728275062779
3,0,3,NaN
3,0,3,NaN
3,0,3,NaN
3,0,3,NaN
3,0,3,0.8886935889394204
3,0,3,NaN
3,0,3,0.835445920380814
1,2,3,0.43116983099757117
1,2,3,0.11404401218842061
2,1,3,NaN
1,2,3,0.9163216390929619
3,0,3,0.5238679062670301
1,2,3,NaN
3,0,3,0.569149748895899
3,0,3,0.06148493056274291
2,1,3,0.786623350458894
3,0,3,NaN
3,0,3,0.7582540955828375
3,0,3,NaN
3,0,3,0.16806732870266622
1,2,3,NaN
1,2,3,NaN
3,0,3,NaN
3,0,3,NaN
3,0,3,NaN
3,0,3,0.6505728275062779
2,1,3,0.8553400459938837
2,1,3,0.39064081951093954
2,1,3,NaN
3,0,3,NaN
3,0,3,0.27923371017636817
3,0,3,NaN
3,0,3,0.34761220357298417
2,1,3,0.5238679062670301
3,0,3,0.9923256991209348
1,2,3,0.7267509803124766
3,0,3,0.6505728275062779
2,1,3,NaN
3,0,3,NaN
2,1,3,0.08338428661019415
3,0,3,NaN
3,0,3,NaN
3,0,3,NaN
3,0,3,NaN
2,1,3,NaN
2,1,3,0.8733102078879845
2,1,3,NaN
3,0,3,0.6914431924244484
2,1,3,NaN
3,0,3,NaN
2,1,3,0.786623350458894
1,2,3,0.39064081951093954
3,0,3,0.19236277848876807
3,0,3,0.8553400459938837
2,1,3,0.6505728275062779
2,1,3,0.8822072646799609
2,1,3,0.1449807348020754
1,2,3,0.10801251509778403
2,1,3,0.7582540955828375
3,0,3,0.5238679062670301
3,0,3,0.8356407771585233
3,0,3,0.1619721089976811
3,0,3,0.5238679062670301
3,0,3,0.6104096037191906
3,0,3,NaN
2,1,3,0.9030952226408369
3,0,3,NaN
2,1,3,0.1370453755522779
3,0,3,0.5238679062670301
3,0,3,NaN
3,0,3,0.008126970210441814
3,0,3,NaN
3,0,3,NaN
3,0,3,0.43116983099757117
2,1,3,NaN
3,0,3,NaN
3,0,3,0.8120477488685461
1,2,3,NaN
3,0,3,NaN
3,0,3,NaN
3,0,3,0.39064081951093954
3,0,3,0.8886935889394204
2,1,3,NaN
3,0,3,0.06611573959509347
3,0,3,NaN
2,1,3,0.8356407771585233
2,1,3,0.6914431924244484
3,0,3,NaN
2,1,3,NaN
2,1,3,0.927808813496808
3,0,3,0.34436755433536964
3,0,3,NaN
3,0,3,0.9030952226408369
2,1,3,NaN
3,0,3,0.413668157711759
3,0,3,0.8553400459938837
3,0,3,0.8120477488685461
3,0,3,0.021960220642977778
3,0,3,NaN
3,0,3,0.35291544996872376
2,1,3,0.9490411065363702
1,2,3,0.8356407771585233
3,0,3,NaN
3,0,3,0.3149813444585866
2,1,3,NaN
3,0,3,0.35291544996872376
2,1,3,NaN
3,0,3,0.9811127762214269
3,0,3,0.9711836190363513
3,0,3,NaN
2,1,3,0.7267509803124766
3,0,3,0.2180321792514569
3,0,3,NaN
3,0,3,NaN
2,1,3,NaN
3,0,3,0.8120477488685461
3,0,3,0.5773058455873221
3,0,3,0.47793771766761745
2,1,3,NaN
3,0,3,NaN
1,2,3,0.8876928958714316
3,0,3,0.02059491414632601
3,0,3,0.08596717446393809
3,0,3,0.927808813496808
3,0,3,NaN
3,0,3,0.6104096037191906
3,0,3,NaN
3,0,3,0.8334585995484338
3,0,3,0.3149813444585866
3,0,3,NaN
3,0,3,NaN
2,1,3,0.927808813496808
1,2,3,NaN
3,0,3,0.27923371017636817
2,1,3,0.7267509803124766
3,0,3,NaN
2,1,3,0.9030952226408369
2,1,3,NaN
2,1,3,0.1298724704817915
1,2,3,0.43116983099757117
2,1,3,NaN
2,1,3,0.39064081951093954
2,1,3,0.9388397790286686
3,0,3,NaN
3,0,3,NaN
2,1,3,NaN
3,0,3,0.3149813444585866
3,0,3,NaN
2,1,3,0.27923371017636817
1,2,3,0.8733102078879845
3,0,3,NaN
3,0,3,NaN
2,1,3,0.8886935889394204
3,0,3,NaN
3,0,3,0.6914431924244484
3,0,3,0.6914431924244484
3,0,3,0.47793771766761745
3,0,3,0.0494455745194533
2,1,3,0.16806732870266622
3,0,3,0.9711836190363513
2,1,3,0.09791877015994112
2,1,3,NaN
3,0,3,NaN
2,1,3,0.8356407771585233
1,2,3,0.47793771766761745
3,0,3,0.021960220642977778
3,0,3,NaN
3,0,3,NaN
3,0,3,0.6914431924244484
3,0,3,NaN
3,0,3,0.1298724704817915
3,0,3,NaN
3,0,3,NaN
2,1,3,0.7267509803124766
2,1,3,0.19236277848876807
3,0,3,0.7051840551574875
2,1,3,NaN
2,1,3,NaN
1,2,3,0.9999761734761432
3,0,3,0.35291544996872376
2,1,3,NaN
3,0,3,0.7267509803124766
1,2,3,NaN
3,0,3,NaN
3,0,3,0.43116983099757117
2,1,3,0.7267509803124766
2,1,3,0.7267509803124766
1,2,3,0.5238679062670301
3,0,3,0.7582540955828375
3,0,3,NaN
3,0,3,0.16806732870266622
2,1,3,NaN
1,2,3,0.3149813444585866
3,0,3,NaN
3,0,3,NaN
3,0,3,0.09161468861746
3,0,3,NaN
3,0,3,NaN
3,0,3,0.24524244003177142
3,0,3,0.8886935889394204
3,0,3,0.14766029718238274
3,0,3,0.028886075440067927
3,0,3,0.6505728275062779
2,1,3,0.3149813444585866
3,0,3,0.6505728275062779
2,1,3,0.39064081951093954
3,0,3,0.569149748895899
3,0,3,0.7267509803124766
3,0,3,NaN
3,0,3,NaN
2,1,3,NaN
1,2,3,0.3149813444585866
3,0,3,NaN
1,2,3,NaN
2,1,3,0.01880761644846058
3,0,3,0.569149748895899
2,1,3,NaN
3,0,3,0.6505728275062779
2,1,3,NaN
2,1,3,0.4991160421078876
3,0,3,NaN
3,0,3,NaN
3,0,3,NaN
3,0,3,0.24524244003177142
2,1,3,NaN
1,2,3,NaN
1,2,3,0.7582540955828375
3,0,3,0.6104096037191906
2,1,3,NaN
2,1,3,NaN
3,0,3,0.8953841840106833
2,1,3,0.07470550857760336
2,1,3,NaN
1,2,3,0.7883696248010116
3,0,3,NaN
3,0,3,NaN
1,2,3,NaN
3,0,3,NaN
3,0,3,NaN
2,1,3,0.8886935889394204
3,0,3,0.9030952226408369
3,0,3,NaN
3,0,3,NaN
3,0,3,NaN
1,2,3,NaN
1,2,3,NaN
3,0,3,NaN
3,0,3,0.8120477488685461
3,0,3,0.786623350458894
3,0,3,0.47793771766761745
2,1,3,0.9944136266474382
3,0,3,NaN
3,0,3,NaN
3,0,3,NaN
1,2,3,NaN
3,0,3,0.04370689030141423
1,2,3,0.6342896145255685
2,1,3,NaN
3,0,3,0.5238679062670301
2,1,3,0.3149813444585866
3,0,3,0.7582540955828375
2,1,3,NaN
3,0,3,NaN
3,0,3,NaN
2,1,3,NaN
3,0,3,0.9030952226408369
3,0,3,NaN
3,0,3,0.7267509803124766
2,1,3,0.33243704120387024
3,0,3,0.5238679062670301
2,1,3,0.35291544996872376
3,0,3,NaN
3,0,3,0.8120477488685461
3,0,3,NaN
3,0,3,0.2959321103439333
3,0,3,NaN
3,0,3,NaN
3,0,3,NaN
3,0,3,0.6505728275062779
1,2,3,0.16806732870266622
3,0,3,0.8886935889394204
3,0,3,0.005043121192482222
3,0,3,NaN
2,1,3,0.6505728275062779
3,0,3,NaN
3,0,3,NaN
1,2,3,NaN
2,1,3,NaN
3,0,3,NaN
3,0,3,NaN
3,0,3,NaN
2,1,3,NaN
1,2,3,NaN
1,2,3,NaN
2,1,3,0.19236277848876807
3,0,3,0.2180321792514569
3,0,3,0.09943458759150654
1,2,3,0.09943458759150654
1,2,3,NaN
3,0,3,NaN
3,0,3,0.07268039893750292
1,2,3,NaN
3,0,3,NaN
2,1,3,0.6914431924244484
2,1,3,NaN
3,0,3,NaN
3,0,3,NaN
3,0,3,NaN
3,0,3,0.3149813444585866
2,1,3,0.47793771766761745
3,0,3,NaN
3,0,3,0.7582540955828375
2,1,3,0.6505728275062779
3,0,3,0.3149813444585866
2,1,3,NaN
3,0,3,0.3149813444585866
3,0,3,NaN
3,0,3,0.08596717446393809
1,2,3,NaN
3,0,3,0.9163216390929619
3,0,3,0.6914431924244484
3,0,3,0.7267509803124766
3,0,3,NaN
2,1,3,0.018728619767883044
3,0,3,0.06611573959509347
2,1,3,NaN
2,1,3,0.39064081951093954
1,2,3,0.6914431924244484
3,0,3,NaN
3,0,3,0.8120477488685461
2,1,3,NaN
3,0,3,NaN
3,0,3,NaN
3,0,3,NaN
2,1,3,0.35291544996872376
3,0,3,0.05735097310840156
3,0,3,0.569149748895899
2,1,3,NaN
3,0,3,NaN
1,2,3,0.8291191345239641
1,2,3,0.7582540955828375
3,0,3,0.9501305535207419
3,0,3,0.1298724704817915
2,1,3,NaN
3,0,3,NaN
3,0,3,0.927808813496808
1,2,3,0.35291544996872376
2,1,3,0.8442143217132388
3,0,3,0.6505728275062779
3,0,3,NaN
2,1,3,NaN
3,0,3,NaN
3,0,3,NaN
1,2,3,0.650527252188679
3,0,3,NaN
3,0,3,NaN
3,0,3,0.8733102078879845
2,1,3,NaN
3,0,3,NaN
3,0,3,0.786623350458894
3,0,3,NaN
3,0,3,NaN
3,0,3,0.7582540955828375
2,1,3,NaN
1,2,3,NaN
1,2,3,0.06611573959509347
3,0,3,NaN
3,0,3,NaN
3,0,3,0.5238679062670301
3,0,3,NaN
3,0,3,0.35291544996872376
3,0,3,NaN
3,0,3,NaN
3,0,3,0.059706748683590896
3,0,3,NaN
3,0,3,NaN
3,0,3,NaN
3,0,3,0.03317022976394289
3,0,3,0.030802219468709268
2,1,3,0.8733102078879845
2,1,3,NaN
3,0,3,0.8120477488685461
3,0,3,0.47793771766761745
3,0,3,NaN
3,0,3,NaN
3,0,3,0.6104096037191906
2,1,3,NaN
3,0,3,NaN
2,1,3,NaN
2,1,3,0.8886935889394204
3,0,3,NaN
2,1,3,NaN
3,0,3,NaN
3,0,3,NaN
1,2,3,NaN
3,0,3,0.47793771766761745
2,1,3,0.7267509803124766
3,0,3,0.43116983099757117
2,1,3,0.9857264206675347
2,1,3,NaN
2,1,3,NaN
2,1,3,0.6505728275062779
3,0,3,NaN
3,0,3,NaN
3,0,3,NaN
3,0,3,0.24524244003177142
3,0,3,NaN
2,1,3,NaN
3,0,3,NaN
3,0,3,NaN
3,0,3,NaN
3,0,3,0.5238679062670301
2,1,3,NaN
3,0,3,NaN
3,0,3,0.0494455745194533
3,0,3,0.6505728275062779
3,0,3,NaN
3,0,3,NaN
2,1,3,0.8733102078879845
3,0,3,0.39064081951093954
3,0,3,0.2893190745003554
3,0,3,NaN
3,0,3,NaN
3,0,3,NaN
1,2,3,NaN
3,0,3,0.3149813444585866
3,0,3,0.6914431924244484
2,1,3,0.8553400459938837
3,0,3,NaN
2,1,3,NaN
2,1,3,0.569149748895899
3,0,3,0.569149748895899
3,0,3,0.7004946307553668
2,1,3,NaN
2,1,3,0.976413425292083
3,0,3,NaN
2,1,3,NaN
3,0,3,0.14766029718238274
3,0,3,0.08794087657375788
3,0,3,NaN
3,0,3,0.39064081951093954
2,1,3,0.27923371017636817
3,0,3,NaN
1,2,3,NaN
3,0,3,NaN
2,1,3,NaN
1,2,3,0.6505728275062779
3,0,3,NaN
3,0,3,NaN
1,2,3,NaN
2,1,3,0.569149748895899
1,2,3,NaN
2,1,3,0.8733102078879845
3,0,3,0.786623350458894
3,0,3,NaN
3,0,3,0.434252350632265
2,1,3,NaN
3,0,3,0.24524244003177142
3,0,3,0.9811127762214269
3,0,3,NaN
3,0,3,NaN
1,2,3,0.03794641341295346
3,0,3,NaN
2,1,3,0.8733102078879845
3,0,3,0.005772729173959262
3,0,3,0.3149813444585866
3,0,3,NaN
3,0,3,NaN
3,0,3,NaN
3,0,3,0.8356407771585233
3,0,3,NaN
2,1,3,0.35291544996872376
3,0,3,0.569149748895899
2,1,3,0.8120477488685461
2,1,3,0.9115847525002773
3,0,3,NaN
3,0,3,NaN
2,1,3,NaN
2,1,3,NaN
2,1,3,NaN
3,0,3,NaN
2,1,3,NaN
2,1,3,NaN
2,1,3,NaN
3,0,3,NaN
2,1,3,0.9711836190363513
2,1,3,NaN
2,1,3,NaN
3,0,3,NaN
1,2,3,0.9490411065363702
2,1,3,0.16806732870266622
3,0,3,NaN
3,0,3,0.3149813444585866
3,0,3,NaN
3,0,3,NaN
3,0,3,NaN
2,1,3,0.6104096037191906
3,0,3,0.14766029718238274
1,2,3,0.6914431924244484
3,0,3,0.569149748895899
2,1,3,0.9163216390929619
2,1,3,0.3149813444585866
3,0,3,NaN
3,0,3,NaN
1,2,3,0.8024439537054752
3,0,3,0.8356407771585233
3,0,3,NaN
1,2,3,NaN
2,1,3,NaN
3,0,3,NaN
3,0,3,0.16922731549821454
2,1,3,0.24524244003177142
3,0,3,NaN
3,0,3,NaN
3,0,3,0.6138015303751351
3,0,3,0.951689351368315
2,1,3,NaN
3,0,3,NaN
3,0,3,0.6505728275062779
3,0,3,NaN
3,0,3,0.7582540955828375
2,1,3,NaN
3,0,3,NaN
3,0,3,NaN
3,0,3,NaN
3,0,3,NaN
2,1,3,0.5066277546201244
1,2,3,0.569149748895899
3,0,3,NaN
3,0,3,0.927808813496808
3,0,3,0.14677387409399853
2,1,3,NaN
3,0,3,NaN
2,1,3,0.47793771766761745
3,0,3,NaN
3,0,3,NaN
3,0,3,0.5238679062670301
2,1,3,0.01880761644846058
1,2,3,0.43116983099757117
3,0,3,NaN
3,0,3,NaN
3,0,3,0.8120477488685461
2,1,3,0.47793771766761745
3,0,3,NaN
3,0,3,0.43116983099757117
3,0,3,0.43116983099757117
3,0,3,0.6104096037191906
3,0,3,NaN
1,2,3,0.6505728275062779
3,0,3,0.47793771766761745
2,1,3,0.04370689030141423
1,2,3,0.39064081951093954
1,2,3,0.8886935889394204
3,0,3,NaN
3,0,3,NaN
2,1,3,NaN
3,0,3,NaN
3,0,3,0.43116983099757117
3,0,3,NaN
3,0,3,NaN
3,0,3,0.17923589928811115
3,0,3,NaN
2,1,3,NaN
3,0,3,NaN
3,0,3,NaN
3,0,3,0.0069761914769390105
3,0,3,NaN
3,0,3,0.004974307492999009
3,0,3,NaN
3,0,3,0.9490411065363702
3,0,3,NaN
2,1,3,0.569149748895899
3,0,3,NaN
3,0,3,NaN
3,0,3,NaN
1,2,3,NaN
1,2,3,0.9388397790286686
3,0,3,0.14766029718238274
3,0,3,NaN
3,0,3,NaN
3,0,3,NaN
3,0,3,NaN
2,1,3,NaN
3,0,3,NaN
3,0,3,NaN
3,0,3,NaN
3,0,3,0.8886935889394204
2,1,3,0.0026908597986054356
2,1,3,NaN
3,0,3,0.6104096037191906
1,2,3,0.3149813444585866
2,1,3,NaN
3,0,3,NaN
3,0,3,0.9163216390929619
3,0,3,NaN
3,0,3,NaN
3,0,3,NaN
3,0,3,NaN
3,0,3,NaN
3,0,3,0.9574264943593161
3,0,3,0.27923371017636817
3,0,3,0.47793771766761745
3,0,3,0.6104096037191906
3,0,3,NaN
2,1,3,NaN
3,0,3,0.8733102078879845
3,0,3,0.05014624496716912
3,0,3,0.6909108556815501
3,0,3,NaN
2,1,3,NaN
3,0,3,NaN
3,0,3,0.47793771766761745
2,1,3,0.05487751302693134
3,0,3,0.8153083058530535
3,0,3,0.14766029718238274
1,2,3,0.8356407771585233
3,0,3,NaN
3,0,3,0.35291544996872376
3,0,3,0.43116983099757117
3,0,3,0.011532985534739066
3,0,3,NaN
3,0,3,NaN
3,0,3,0.5238679062670301
3,0,3,0.43116983099757117
3,0,3,NaN
3,0,3,0.03794641341295346
1,2,3,0.8553400459938837
3,0,3,NaN
2,1,3,NaN
3,0,3,NaN
3,0,3,NaN
3,0,3,NaN
3,0,3,NaN
2,1,3,NaN
3,0,3,0.9163216390929619
2,1,3,NaN
2,1,3,0.9030952226408369
3,0,3,NaN
3,0,3,NaN
2,1,3,0.35291544996872376
2,1,3,0.9649170932836378
1,2,3,0.27923371017636817
2,1,3,0.8581967138692722
2,1,3,0.8886935889394204
1,2,3,NaN
3,0,3,0.8815560790124995
2,1,3,NaN
2,1,3,NaN
3,0,3,NaN
3,0,3,0.16806732870266622
3,0,3,0.08596717446393809
3,0,3,NaN
3,0,3,NaN
3,0,3,0.9388397790286686
2,1,3,0.6914431924244484
1,2,3,0.43116983099757117
3,0,3,NaN
1,2,3,0.05735097310840156
3,0,3,NaN
3,0,3,NaN
1,2,3,0.5238679062670301
3,0,3,NaN
3,0,3,0.47793771766761745
2,1,3,0.24524244003177142
3,0,3,0.07470550857760336
3,0,3,NaN
3,0,3,0.9030952226408369
2,1,3,0.5238679062670301
3,0,3,0.24524244003177142
3,0,3,0.8356407771585233
1,2,3,NaN
3,0,3,NaN
2,1,3,NaN
2,1,3,NaN
3,0,3,NaN
2,1,3,NaN
1,2,3,NaN
3,0,3,0.927808813496808
1,2,3,0.569149748895899
2,1,3,0.47793771766761745
1,2,3,NaN
2,1,3,0.9711836190363513
2,1,3,0.6914431924244484
3,0,3,0.7560845963589301
3,0,3,0.927808813496808
2,1,3,0.3149813444585866
3,0,3,NaN
3,0,3,NaN
3,0,3,NaN
2,1,3,NaN
3,0,3,NaN
2,1,3,NaN
3,0,3,0.03794641341295346
3,0,3,0.5238679062670301
1,2,3,0.1298724704817915
3,0,3,NaN
2,1,3,NaN
3,0,3,0.1298724704817915
2,1,3,0.6914431924244484
3,0,3,0.6104096037191906
3,0,3,0.30490346553964864
2,1,3,NaN
3,0,3,0.9711836190363513
3,0,3,0.2689829743483109
2,1,3,NaN
2,1,3,0.9490411065363702
3,0,3,0.5238679062670301
2,1,3,0.927808813496808
2,1,3,0.35291544996872376
3,0,3,0.6104096037191906
2,1,3,0.8120477488685461
3,0,3,NaN
3,0,3,NaN
2,1,3,0.6505728275062779
3,0,3,NaN
2,1,3,NaN
3,0,3,NaN
3,0,3,NaN
3,0,3,NaN
3,0,3,NaN
2,1,3,0.10251553182142131
2,1,3,0.1298724704817915
3,0,3,0.03794641341295346
3,0,3,0.9030952226408369
3,0,3,NaN
3,0,3,0.9857264206675347
3,0,3,NaN
3,0,3,NaN
3,0,3,NaN
3,0,3,0.9030952226408369
3,0,3,NaN
2,1,3,NaN
2,1,3,0.16806732870266622
3,0,3,NaN
1,2,3,NaN
3,0,3,NaN
3,0,3,0.9690850885700844
3,0,3,0.35291544996872376
3,0,3,0.19236277848876807
1,2,3,0.8886935889394204
3,0,3,0.569149748895899
2,1,3,0.7754706369411236
3,0,3,0.6914431924244484
3,0,3,NaN
2,1,3,0.7582540955828375
2,1,3,0.48741518333156936
2,1,3,0.7582540955828375
1,2,3,0.5238679062670301
3,0,3,NaN
3,0,3,NaN
3,0,3,0.6104096037191906
3,0,3,0.5238679062670301
3,0,3,NaN
3,0,3,0.35291544996872376
3,0,3,0.14766029718238274
3,0,3,0.1298724704817915
3,0,3,0.09943458759150654
3,0,3,NaN
3,0,3,NaN
3,0,3,0.0002486076286427091
2,1,3,0.1298724704817915
1,2,3,NaN
3,0,3,0.8120477488685461
2,1,3,0.7267509803124766
2,1,3,NaN
3,0,3,NaN
1,2,3,NaN
3,0,3,0.7267509803124766
2,1,3,0.14766029718238274
1,2,3,0.3149813444585866
3,0,3,NaN
2,1,3,NaN
3,0,3,0.9490411065363702
2,1,3,0.01880761644846058
1,2,3,0.6914431924244484
2,1,3,0.024979424385777767
3,0,3,0.43116983099757117
2,1,3,0.3149813444585866
3,0,3,0.8553400459938837
3,0,3,NaN
3,0,3,0.39064081951093954
3,0,3,NaN
3,0,3,NaN
2,1,3,NaN
3,0,3,NaN
3,0,3,NaN
3,0,3,0.7267509803124766
1,2,3,0.6104096037191906
1,2,3,0.976413425292083
3,0,3,0.6505728275062779
3,0,3,0.38120040655300724
2,1,3,0.6505728275062779
3,0,3,0.9163216390929619
2,1,3,0.024979424385777767
3,0,3,0.8120477488685461
3,0,3,0.08596717446393809
3,0,3,NaN
2,1,3,0.8553400459938837
3,0,3,0.43116983099757117
2,1,3,NaN
3,0,3,NaN
3,0,3,NaN
3,0,3,0.39064081951093954
3,0,3,NaN
3,0,3,0.9649170932836378
2,1,3,NaN
3,0,3,NaN
3,0,3,0.9030952226408369
3,0,3,0.07470550857760336
3,0,3,0.028886075440067927
2,1,3,NaN
2,1,3,0.927808813496808
3,0,3,NaN
3,0,3,NaN
2,1,3,NaN
2,1,3,NaN
2,1,3,0.19236277848876807
2,1,3,0.14766029718238274
3,0,3,NaN
3,0,3,NaN
2,1,3,NaN
3,0,3,NaN
3,0,3,NaN
3,0,3,NaN
2,1,3,NaN
3,0,3,NaN
2,1,3,NaN
3,0,3,NaN
1,2,3,NaN
1,2,3,0.2635919661402064
3,0,3,0.7267509803124766
3,0,3,NaN
2,1,3,0.6914431924244484
3,0,3,0.5238679062670301
3,0,3,0.8120477488685461
1,2,3,0.6880751652472807
3,0,3,NaN
3,0,3,NaN
2,1,3,0.27923371017636817
3,0,3,NaN
3,0,3,0.7267509803124766
2,1,3,NaN
3,0,3,NaN
2,1,3,NaN
3,0,3,0.39064081951093954
2,1,3,0.03794641341295346
2,1,3,NaN
3,0,3,NaN
3,0,3,0.9490411065363702
1,2,3,NaN
3,0,3,0.5238679062670301
2,1,3,NaN
2,1,3,NaN
3,0,3,NaN
2,1,3,NaN
3,0,3,NaN
3,0,3,0.4994966444245364
3,0,3,NaN
3,0,3,0.06611573959509347
1,2,3,0.47793771766761745
1,2,3,NaN
3,0,3,NaN
3,0,3,NaN
3,0,3,0.5238679062670301
3,0,3,0.6227602618016779
3,0,3,NaN
3,0,3,0.1298724704817915
3,0,3,0.8356407771585233
2,1,3,NaN
1,2,3,NaN
3,0,3,0.6505728275062779
3,0,3,0.051503654072887504
3,0,3,NaN
3,0,3,NaN
2,1,3,NaN
3,0,3,NaN
2,1,3,0.06611573959509347
3,0,3,NaN
3,0,3,0.8553400459938837
3,0,3,NaN
3,0,3,NaN
3,0,3,NaN
2,1,3,0.16806732870266622
3,0,3,0.11404401218842061
2,1,3,0.8733102078879845
2,1,3,NaN
2,1,3,0.48741518333156936
3,0,3,NaN
3,0,3,NaN
3,0,3,NaN
3,0,3,NaN
1,2,3,0.43116983099757117
3,0,3,0.9649170932836378
3,0,3,NaN
3,0,3,0.7582540955828375
3,0,3,0.9163216390929619
3,0,3,0.9163216390929619
3,0,3,NaN
3,0,3,0.9490411065363702
2,1,3,0.20446522187106064
3,0,3,NaN
1,2,3,NaN
3,0,3,0.43116983099757117
3,0,3,NaN
2,1,3,NaN
3,0,3,NaN
3,0,3,0.9839663216458521
2,1,3,0.7582540955828375
2,1,3,NaN
2,1,3,0.4994966444245364
1,2,3,0.6104096037191906
2,1,3,0.47793771766761745
3,0,3,0.569149748895899
3,0,3,NaN
3,0,3,NaN
3,0,3,NaN
3,0,3,0.786623350458894
3,0,3,NaN
3,0,3,NaN
2,1,3,NaN
3,0,3,NaN
3,0,3,NaN
1,2,3,NaN
3,0,3,NaN
3,0,3,NaN
1,2,3,NaN
3,0,3,NaN
2,1,3,NaN
2,1,3,NaN
3,0,3,NaN
3,0,3,0.6505728275062779
3,0,3,0.9388397790286686
3,0,3,0.2180321792514569
3,0,3,0.43116983099757117
3,0,3,0.6914431924244484
3,0,3,NaN
2,1,3,0.47793771766761745
3,0,3,NaN
3,0,3,0.14766029718238274
3,0,3,NaN
1,2,3,NaN
3,0,3,0.24524244003177142
3,0,3,NaN
3,0,3,NaN
3,0,3,0.6104096037191906
3,0,3,NaN
2,1,3,0.9574264943593161
2,1,3,0.8553400459938837
2,1,3,NaN
3,0,3,NaN
2,1,3,0.08857269810898276
3,0,3,0.47793771766761745
2,1,3,NaN
3,0,3,NaN
3,0,3,0.8120477488685461
1,2,3,0.27923371017636817
3,0,3,NaN
2,1,3,NaN
3,0,3,0.976413425292083
2,1,3,0.35291544996872376
2,1,3,NaN
2,1,3,0.07470550857760336
3,0,3,NaN
3,0,3,0.35291544996872376
2,1,3,NaN
2,1,3,NaN
3,0,3,NaN
3,0,3,NaN
2,1,3,0.11404401218842061
2,1,3,0.7267509803124766
3,0,3,0.6104096037191906
2,1,3,NaN
3,0,3,NaN
3,0,3,0.6104096037191906
3,0,3,0.3149813444585866
3,0,3,0.0494455745194533
3,0,3,NaN
2,1,3,0.19236277848876807
3,0,3,0.39064081951093954
3,0,3,0.7267509803124766
2,1,3,0.8772173292823856
2,1,3,NaN
3,0,3,NaN
1,2,3,0.9388397790286686
3,0,3,0.6505728275062779
1,2,3,NaN
3,0,3,NaN
3,0,3,NaN
2,1,3,0.9649170932836378
3,0,3,NaN
2,1,3,0.40057686224618433
3,0,3,NaN
3,0,3,NaN
2,1,3,NaN
3,0,3,NaN
3,0,3,0.05735097310840156
1,2,3,0.1298724704817915
3,0,3,NaN
3,0,3,0.8120477488685461
3,0,3,0.47793771766761745
3,0,3,NaN
3,0,3,0.6505728275062779
2,1,3,NaN
1,2,3,0.27923371017636817
3,0,3,NaN
2,1,3,0.9649170932836378
3,0,3,NaN
3,0,3,0.9163216390929619
2,1,3,NaN
3,0,3,NaN
3,0,3,0.9711836190363513
2,1,3,0.23747300133211435
3,0,3,NaN
3,0,3,0.786623350458894
1,2,3,NaN
2,1,3,0.03516225761443983
2,1,3,NaN
3,0,3,0.04370689030141423
3,0,3,NaN
1,2,3,NaN
3,0,3,NaN
2,1,3,NaN
2,1,3,NaN
3,0,3,NaN
2,1,3,0.9388397790286686
3,0,3,NaN
2,1,3,NaN
3,0,3,0.024979424385777767
3,0,3,NaN
3,0,3,0.43116983099757117
1,2,3,0.14766029718238274
3,0,3,NaN
3,0,3,NaN
2,1,3,0.7582540955828375
1,2,3,NaN
3,0,3,0.1298724704817915
3,0,3,0.1484943818311938
3,0,3,NaN
3,0,3,NaN
3,0,3,0.5238679062670301
1,2,3,NaN
3,0,3,0.9574264943593161
2,1,3,NaN
2,1,3,NaN
2,1,3,NaN
3,0,3,0.8886935889394204
3,0,3,0.43116983099757117
3,0,3,NaN
3,0,3,0.6914431924244484
3,0,3,NaN
3,0,3,NaN
3,0,3,0.08596717446393809
3,0,3,0.7267509803124766
3,0,3,NaN
3,0,3,0.6104096037191906
3,0,3,NaN
2,1,3,0.9574264943593161
3,0,3,NaN
2,1,3,0.16806732870266622
1,2,3,0.47793771766761745
3,0,3,0.569149748895899
3,0,3,NaN
3,0,3,NaN
2,1,3,0.7582540955828375
3,0,3,NaN
2,1,3,0.6914431924244484
3,0,3,NaN
3,0,3,0.07470550857760336
2,1,3,NaN
2,1,3,0.032809717157230425
1,2,3,0.35291544996872376
2,1,3,NaN
3,0,3,0.569149748895899
3,0,3,NaN
3,0,3,0.3149813444585866
2,1,3,0.8886935889394204
2,1,3,NaN
3,0,3,NaN
3,0,3,NaN
1,2,3,0.35291544996872376
2,1,3,NaN
3,0,3,NaN
3,0,3,0.7582540955828375
3,0,3,NaN
3,0,3,NaN
3,0,3,0.7582540955828375
3,0,3,NaN
3,0,3,NaN
3,0,3,NaN
2,1,3,0.6505728275062779
3,0,3,NaN
3,0,3,NaN
1,2,3,NaN
3,0,3,0.9163216390929619
3,0,3,NaN
2,1,3,0.27923371017636817
3,0,3,NaN
2,1,3,0.8915062399522097
3,0,3,0.8356407771585233
3,0,3,NaN
3,0,3,NaN
2,1,3,NaN
2,1,3,NaN
2,1,3,NaN
3,0,3,NaN
2,1,3,0.0494455745194533
2,1,3,NaN
2,1,3,0.5238679062670301
2,1,3,0.6914431924244484
2,1,3,0.16806732870266622
3,0,3,NaN
3,0,3,NaN
3,0,3,NaN
3,0,3,0.8886935889394204
3,0,3,0.7582540955828375
2,1,3,0.19236277848876807
3,0,3,NaN
3,0,3,0.27923371017636817
3,0,3,0.08596717446393809
2,1,3,NaN
2,1,3,NaN
2,1,3,0.6505728275062779
2,1,3,NaN
3,0,3,NaN
3,0,3,NaN
3,0,3,0.3149813444585866
3,0,3,0.8733102078879845
3,0,3,NaN
1,2,3,0.07806552573121982
2,1,3,NaN
3,0,3,0.25841863339059545
2,1,3,0.8733102078879845
3,0,3,0.3149813444585866
3,0,3,0.03794641341295346
3,0,3,0.04370689030141423
3,0,3,NaN
2,1,3,NaN
2,1,3,NaN
2,1,3,NaN
1,2,3,0.43116983099757117
1,2,3,NaN
3,0,3,0.6104096037191906
3,0,3,NaN
2,1,3,0.6104096037191906
2,1,3,0.927808813496808
3,0,3,NaN
2,1,3,0.8553400459938837
3,0,3,0.7582540955828375
3,0,3,NaN
3,0,3,0.6505728275062779
3,0,3,NaN
1,2,3,0.5238679062670301
3,0,3,NaN
1,2,3,NaN
3,0,3,0.21801828562993525
3,0,3,0.016039789034995006
3,0,3,NaN
3,0,3,NaN
2,1,3,NaN
1,2,3,NaN
2,1,3,0.6505728275062779
3,0,3,0.9030952226408369
1,2,3,0.6914431924244484
3,0,3,0.3149813444585866
2,1,3,NaN
2,1,3,NaN
2,1,3,0.6914431924244484
3,0,3,0.47793771766761745
2,1,3,0.48685048895104227
3,0,3,NaN
3,0,3,NaN
1,2,3,NaN
2,1,3,0.6914431924244484
3,0,3,NaN
3,0,3,NaN
3,0,3,NaN
2,1,3,NaN
3,0,3,NaN
3,0,3,0.39064081951093954
3,0,3,0.569149748895899
2,1,3,NaN
1,2,3,NaN
3,0,3,NaN
2,1,3,NaN
3,0,3,NaN
3,0,3,NaN
3,0,3,0.3149813444585866
3,0,3,NaN
3,0,3,NaN
3,0,3,NaN
3,0,3,0.43116983099757117
2,1,3,0.9894656266614458
3,0,3,0.3433025032099744
3,0,3,NaN
3,0,3,NaN
3,0,3,NaN
3,0,3,NaN
2,1,3,0.786623350458894
3,0,3,NaN
3,0,3,NaN
2,1,3,0.38496004513081317
2,1,3,NaN
3,0,3,0.6104096037191906
2,1,3,NaN
2,1,3,0.35291544996872376
3,0,3,NaN
3,0,3,NaN
3,0,3,NaN
3,0,3,0.5238679062670301
2,1,3,0.47793771766761745
3,0,3,NaN
3,0,3,NaN
3,0,3,0.6505728275062779
1,2,3,NaN
3,0,3,NaN
3,0,3,NaN
3,0,3,0.028886075440067927
3,0,3,0.786623350458894
3,0,3,NaN
3,0,3,NaN
3,0,3,0.6505728275062779
2,1,3,NaN
3,0,3,0.9163216390929619
3,0,3,NaN
3,0,3,0.8886935889394204
3,0,3,0.786623350458894
3,0,3,NaN
3,0,3,NaN
3,0,3,0.11404401218842061
2,1,3,0.024979424385777767
1,2,3,0.569149748895899
2,1,3,0.47793771766761745
3,0,3,0.14766029718238274
1,2,3,NaN
2,1,3,0.11404401218842061
1,2,3,NaN
3,0,3,NaN
3,0,3,0.7267509803124766
3,0,3,0.9711836190363513
3,0,3,NaN
3,0,3,NaN
2,1,3,NaN
2,1,3,0.786623350458894
3,0,3,NaN
2,1,3,NaN
3,0,3,0.569149748895899
2,1,3,0.6505728275062779
3,0,3,NaN
3,0,3,0.6914431924244484
3,0,3,NaN
1,2,3,0.927808813496808
3,0,3,NaN
3,0,3,0.786623350458894
3,0,3,NaN
2,1,3,0.028886075440067927
3,0,3,NaN
2,1,3,NaN
3,0,3,NaN
2,1,3,0.3149813444585866
1,2,3,NaN
2,1,3,0.7582540955828375
2,1,3,0.786623350458894
1,2,3,0.33243704120387024
3,0,3,0.08596717446393809
3,0,3,NaN
3,0,3,NaN
2,1,3,0.9894656266614458
3,0,3,0.40057686224618433
3,0,3,0.5238679062670301
3,0,3,NaN
3,0,3,0.9783371267399661
3,0,3,0.11404401218842061
3,0,3,NaN
3,0,3,0.927808813496808
3,0,3,NaN
3,0,3,NaN
2,1,3,NaN
2,1,3,NaN
3,0,3,NaN
2,1,3,NaN
3,0,3,NaN
3,0,3,NaN
3,0,3,NaN
3,0,3,0.19236277848876807
3,0,3,0.7478748763462393
3,0,3,NaN
3,0,3,NaN
3,0,3,NaN
2,1,3,0.8356407771585233
3,0,3,0.19236277848876807
3,0,3,0.8733102078879845
3,0,3,NaN
3,0,3,0.14766029718238274
2,1,3,NaN
3,0,3,0.8553400459938837
3,0,3,0.5567740199748449
3,0,3,0.9490411065363702
3,0,3,0.6104096037191906
3,0,3,0.6104096037191906
3,0,3,0.14766029718238274
3,0,3,0.8120477488685461
2,1,3,0.8886935889394204
2,1,3,0.39064081951093954
3,0,3,0.3149813444585866
3,0,3,NaN
3,0,3,NaN
3,0,3,0.630634751960826
3,0,3,NaN
3,0,3,0.7267509803124766
3,0,3,0.9041679968710045
3,0,3,NaN
1,2,3,NaN
3,0,3,0.35291544996872376
3,0,3,0.43116983099757117
2,1,3,NaN
3,0,3,NaN
2,1,3,NaN
2,1,3,NaN
3,0,3,0.9894656266614458
3,0,3,NaN
2,1,3,0.569149748895899
1,2,3,NaN
3,0,3,NaN
3,0,3,0.569149748895899
3,0,3,NaN
3,0,3,NaN
2,1,3,0.24524244003177142
3,0,3,0.01880761644846058
2,1,3,0.40057686224618433
3,0,3,0.569149748895899
1,2,3,NaN
1,2,3,0.6104096037191906
1,2,3,NaN
3,0,3,0.786623350458894
3,0,3,0.7267509803124766
2,1,3,NaN
2,1,3,0.9163216390929619
3,0,3,0.6231994428908446
2,1,3,0.7582540955828375
2,1,3,NaN
3,0,3,NaN
3,0,3,0.6914431924244484
3,0,3,0.08596717446393809
3,0,3,NaN
3,0,3,NaN
2,1,3,0.09943458759150654
2,1,3,0.786623350458894
3,0,3,0.16041028371683363
3,0,3,0.24524244003177142
2,1,3,NaN
3,0,3,NaN
1,2,3,NaN
2,1,3,NaN
3,0,3,0.6104096037191906
2,1,3,0.43116983099757117
3,0,3,NaN
2,1,3,NaN
2,1,3,0.008126970210441814
2,1,3,NaN
3,0,3,0.8886935889394204
3,0,3,0.8886935889394204
3,0,3,0.1298724704817915
3,0,3,NaN
3,0,3,0.786623350458894
2,1,3,NaN
2,1,3,0.6777695128181356
3,0,3,NaN
1,2,3,NaN
2,1,3,NaN
3,0,3,0.9388397790286686
3,0,3,NaN
1,2,3,0.47793771766761745
2,1,3,0.8866035662539163
1,2,3,0.27923371017636817
3,0,3,0.39064081951093954
3,0,3,0.01880761644846058
2,1,3,0.9923256991209348
3,0,3,NaN
1,2,3,NaN
2,1,3,0.7267509803124766
3,0,3,NaN
3,0,3,0.09943458759150654
3,0,3,NaN
3,0,3,NaN
2,1,3,NaN
3,0,3,NaN
2,1,3,0.3380631690586218
3,0,3,0.3149813444585866
1,2,3,0.6410393485022922
3,0,3,NaN
3,0,3,0.8733102078879845
3,0,3,NaN
2,1,3,0.1298724704817915
3,0,3,NaN
3,0,3,0.7582540955828375
2,1,3,NaN
3,0,3,0.7267509803124766
3,0,3,0.520053458607958
3,0,3,0.7267509803124766
3,0,3,0.1739887363054829
2,1,3,0.7582540955828375
2,1,3,NaN
2,1,3,0.35291544996872376
2,1,3,0.2180321792514569
3,0,3,NaN
3,0,3,0.39064081951093954
3,0,3,NaN
2,1,3,NaN
3,0,3,0.21049533236325113
3,0,3,NaN
2,1,3,NaN
3,0,3,0.06611573959509347
2,1,3,0.05735097310840156
3,0,3,NaN
2,1,3,NaN
3,0,3,0.927808813496808
2,1,3,NaN
3,0,3,NaN
2,1,3,0.9163216390929619
3,0,3,NaN
3,0,3,NaN
2,1,3,0.24524244003177142
3,0,3,0.8120477488685461
2,1,3,NaN
3,0,3,NaN
2,1,3,0.8886935889394204
2,1,3,0.7582540955828375
3,0,3,0.43116983099757117
1,2,3,NaN
3,0,3,0.8120477488685461
3,0,3,NaN
3,0,3,0.786623350458894
2,1,3,0.998767140334452
3,0,3,0.8553400459938837
2,1,3,NaN
2,1,3,NaN
1,2,3,0.09943458759150654
3,0,3,NaN
3,0,3,NaN
3,0,3,NaN
3,0,3,NaN
3,0,3,0.8733102078879845
3,0,3,0.786623350458894
2,1,3,NaN
3,0,3,NaN
3,0,3,0.16806732870266622
3,0,3,NaN
2,1,3,NaN
3,0,3,NaN
3,0,3,0.786623350458894
3,0,3,0.9030952226408369
1,2,3,NaN
2,1,3,0.4847674731897529
3,0,3,0.5238679062670301
2,1,3,0.9811127762214269
1,2,3,NaN
2,1,3,NaN
3,0,3,NaN
2,1,3,NaN
3,0,3,NaN
2,1,3,NaN
1,2,3,0.35291544996872376
3,0,3,0.0004710372881317063
3,0,3,0.9711836190363513
3,0,3,0.3149813444585866
3,0,3,0.06636335868109941
2,1,3,0.4129210572381568
1,2,3,0.2180321792514569
3,0,3,0.8886935889394204
3,0,3,NaN
3,0,3,NaN
2,1,3,0.8356407771585233
1,2,3,NaN
2,1,3,NaN
3,0,3,0.726798500138093
3,0,3,0.786623350458894
2,1,3,NaN
1,2,3,0.14766029718238274
3,0,3,NaN
2,1,3,NaN
3,0,3,NaN
1,2,3,NaN
3,0,3,0.27923371017636817
3,0,3,NaN
3,0,3,0.7582540955828375
2,1,3,0.1298724704817915
3,0,3,NaN
2,1,3,NaN
3,0,3,NaN
3,0,3,0.47793771766761745
3,0,3,0.6914431924244484
1,2,3,0.47793771766761745
2,1,3,0.9388397790286686
3,0,3,0.927808813496808
3,0,3,0.7267509803124766
3,0,3,0.8364965820060432
3,0,3,NaN
3,0,3,0.9164881048356623
2,1,3,NaN
3,0,3,NaN
1,2,3,NaN
2,1,3,0.8356407771585233
3,0,3,0.08596717446393809
1,2,3,NaN
3,0,3,NaN
2,1,3,0.47793771766761745
3,0,3,0.8421169459135842
3,0,3,NaN
1,2,3,NaN
3,0,3,0.14766029718238274
3,0,3,0.6104096037191906
3,0,3,0.1298724704817915
1,2,3,0.5665009669052208
2,1,3,NaN
2,1,3,NaN
2,1,3,NaN
2,1,3,0.0035879691413497027
2,1,3,NaN
1,2,3,NaN
2,1,3,NaN
3,0,3,NaN
3,0,3,0.7267509803124766
3,0,3,NaN
3,0,3,0.786623350458894
3,0,3,NaN
3,0,3,NaN
3,0,3,NaN
3,0,3,NaN
3,0,3,NaN
3,0,3,0.41325233615193807
3,0,3,0.786623350458894
3,0,3,NaN
1,2,3,NaN
2,1,3,0.9163216390929619
2,1,3,0.47793771766761745
3,0,3,NaN
1,2,3,0.2689829743483109
3,0,3,NaN
3,0,3,NaN
2,1,3,0.0494455745194533
2,1,3,0.6104096037191906
3,0,3,NaN
3,0,3,0.8356407771585233
3,0,3,NaN
3,0,3,0.11404401218842061
3,0,3,NaN
3,0,3,NaN
3,0,3,NaN
2,1,3,NaN
3,0,3,NaN
1,2,3,NaN
2,1,3,0.9574264943593161
2,1,3,NaN
2,1,3,0.9030952226408369
1,2,3,NaN
3,0,3,0.5238679062670301
2,1,3,NaN
2,1,3,0.3149813444585866
2,1,3,NaN
2,1,3,NaN
3,0,3,NaN
2,1,3,0.16002315298293593
1,2,3,NaN
3,0,3,NaN
3,0,3,0.8356407771585233
1,2,3,NaN
2,1,3,NaN
3,0,3,0.8886935889394204
2,1,3,0.04370689030141423
3,0,3,NaN
2,1,3,0.8733102078879845
3,0,3,0.6505728275062779
2,1,3,0.9649170932836378
3,0,3,NaN
3,0,3,NaN
2,1,3,NaN
3,0,3,0.7582540955828375
3,0,3,NaN
3,0,3,0.14766029718238274
2,1,3,NaN
2,1,3,0.569149748895899
3,0,3,NaN
3,0,3,NaN
3,0,3,NaN
3,0,3,NaN
1,2,3,0.07470550857760336
2,1,3,0.13423378660903315
2,1,3,0.8553400459938837
3,0,3,NaN
3,0,3,NaN
3,0,3,0.5238679062670301
3,0,3,NaN
1,2,3,NaN
2,1,3,0.786623350458894
3,0,3,NaN
3,0,3,NaN
3,0,3,0.9711836190363513
3,0,3,NaN
3,0,3,0.1298724704817915
3,0,3,NaN
2,1,3,NaN
3,0,3,NaN
3,0,3,0.1449807348020754
1,2,3,NaN
3,0,3,NaN
3,0,3,0.35291544996872376
3,0,3,0.9894656266614458
3,0,3,0.47793771766761745
2,1,3,0.7267509803124766
2,1,3,NaN
1,2,3,NaN
3,0,3,NaN
3,0,3,0.09943458759150654
3,0,3,0.47793771766761745
3,0,3,6.343646047423591e-6
3,0,3,0.07470550857760336
3,0,3,0.003367338106169952
3,0,3,NaN
3,0,3,0.3149813444585866
3,0,3,NaN
1,2,3,NaN
3,0,3,0.0494455745194533
1,2,3,NaN
3,0,3,NaN
3,0,3,NaN
3,0,3,0.8886935889394204
2,1,3,NaN
3,0,3,NaN
3,0,3,NaN
3,0,3,0.8120477488685461
3,0,3,0.9388397790286686
3,0,3,0.24524244003177142
3,0,3,NaN
3,0,3,NaN
1,2,3,NaN
2,1,3,NaN
2,1,3,NaN
2,1,3,NaN
3,0,3,NaN
3,0,3,NaN
2,1,3,0.08596717446393809
3,0,3,NaN
2,1,3,0.6979814411333362
3,0,3,NaN
3,0,3,0.9030952226408369
3,0,3,0.7267509803124766
3,0,3,0.27923371017636817
3,0,3,0.7582540955828375
2,1,3,NaN
1,2,3,0.38222315472603213
2,1,3,NaN
3,0,3,NaN
3,0,3,NaN
3,0,3,NaN
3,0,3,0.35291544996872376
3,0,3,0.47793771766761745
3,0,3,NaN
3,0,3,0.7582540955828375
2,1,3,NaN
3,0,3,NaN
2,1,3,0.19236277848876807
3,0,3,NaN
3,0,3,NaN
2,1,3,NaN
1,2,3,0.9227794561684306
3,0,3,NaN
2,1,3,0.8886935889394204
3,0,3,0.976413425292083
3,0,3,0.9163216390929619
3,0,3,NaN
2,1,3,0.569149748895899
3,0,3,NaN
3,0,3,0.06611573959509347
2,1,3,NaN
2,1,3,0.6104096037191906
2,1,3,NaN
2,1,3,0.6104096037191906
3,0,3,NaN
3,0,3,NaN
3,0,3,0.8120477488685461
3,0,3,NaN
2,1,3,0.15385414083975474
3,0,3,0.03794641341295346
2,1,3,NaN
3,0,3,NaN
1,2,3,0.39064081951093954
3,0,3,NaN
2,1,3,NaN
3,0,3,0.35291544996872376
3,0,3,NaN
3,0,3,NaN
3,0,3,NaN
3,0,3,NaN
2,1,3,NaN
3,0,3,NaN
2,1,3,NaN
3,0,3,NaN
2,1,3,0.8975069834248082
1,2,3,NaN
1,2,3,0.9115847525002773
3,0,3,NaN
3,0,3,NaN
3,0,3,0.6505728275062779
3,0,3,0.9574264943593161
1,2,3,0.8356407771585233
3,0,3,NaN
3,0,3,0.1634480400371566
3,0,3,0.39064081951093954
3,0,3,0.0494455745194533
3,0,3,0.8423181441438142
3,0,3,NaN
3,0,3,0.35291544996872376
3,0,3,NaN
2,1,3,0.05735097310840156
2,1,3,NaN
1,2,3,NaN
2,1,3,0.9490411065363702
1,2,3,0.569149748895899
3,0,3,0.786623350458894
2,1,3,0.786623350458894
2,1,3,0.27923371017636817
3,0,3,NaN
2,1,3,0.27923371017636817
3,0,3,0.03317022976394289
1,2,3,0.27923371017636817
3,0,3,NaN
1,2,3,0.6914431924244484
3,0,3,NaN
3,0,3,NaN
3,0,3,NaN
3,0,3,0.569149748895899
1,2,3,NaN
3,0,3,NaN
2,1,3,NaN
3,0,3,0.9490411065363702
3,0,3,0.14766029718238274
2,1,3,0.41171220367209355
2,1,3,NaN
1,2,3,NaN
3,0,3,NaN
1,2,3,0.7267509803124766
2,1,3,NaN
3,0,3,0.004027823920056548
3,0,3,NaN
3,0,3,0.2180321792514569
3,0,3,0.9574264943593161
3,0,3,0.24524244003177142
2,1,3,0.927808813496808
2,1,3,0.6505728275062779
3,0,3,NaN
2,1,3,NaN
2,1,3,NaN
2,1,3,0.6914431924244484
1,2,3,0.9711836190363513
3,0,3,NaN
3,0,3,0.8553400459938837
1,2,3,NaN
3,0,3,NaN
3,0,3,NaN
3,0,3,0.14766029718238274
3,0,3,0.03317022976394289
2,1,3,0.27923371017636817
3,0,3,0.6505728275062779
3,0,3,NaN
2,1,3,0.3421998722560615
3,0,3,0.5238679062670301
2,1,3,0.35291544996872376
2,1,3,NaN
3,0,3,0.27923371017636817
2,1,3,0.24369016351040243
1,2,3,NaN
3,0,3,NaN
3,0,3,NaN
3,0,3,NaN
3,0,3,NaN
3,0,3,NaN
3,0,3,0.43116983099757117
2,1,3,0.8356407771585233
2,1,3,0.07470550857760336
2,1,3,NaN
3,0,3,0.5238679062670301
1,2,3,NaN
3,0,3,0.9490411065363702
2,1,3,0.3742435995723311
3,0,3,0.6914431924244484
2,1,3,0.8120477488685461
3,0,3,NaN
2,1,3,0.7267509803124766
3,0,3,NaN
3,0,3,0.06926977594579792
3,0,3,NaN
3,0,3,NaN
2,1,3,0.024979424385777767
3,0,3,0.9030952226408369
3,0,3,NaN
3,0,3,NaN
3,0,3,NaN
3,0,3,NaN
2,1,3,NaN
3,0,3,NaN
3,0,3,0.8886935889394204
3,0,3,NaN
1,2,3,NaN
2,1,3,NaN
3,0,3,NaN
3,0,3,NaN
3,0,3,0.08596717446393809
2,1,3,0.9388397790286686
1,2,3,0.35291544996872376
3,0,3,0.06611573959509347
3,0,3,NaN
2,1,3,0.5665009669052208
3,0,3,NaN
3,0,3,NaN
3,0,3,0.5238679062670301
2,1,3,NaN
2,1,3,NaN
3,0,3,0.9388397790286686
3,0,3,NaN
3,0,3,NaN
3,0,3,0.35291544996872376
3,0,3,0.6914431924244484
1,2,3,NaN
1,2,3,0.03794641341295346
3,0,3,0.7582540955828375
3,0,3,0.1298724704817915
3,0,3,NaN
3,0,3,0.43116983099757117
2,1,3,NaN
3,0,3,NaN
3,0,3,0.19236277848876807
3,0,3,NaN
1,2,3,NaN
2,1,3,NaN
1,2,3,0.9811127762214269
3,0,3,NaN
2,1,3,0.35291544996872376
3,0,3,0.9894656266614458
3,0,3,0.0494455745194533
2,1,3,NaN
3,0,3,0.7267509803124766
3,0,3,0.8120477488685461
2,1,3,0.08596717446393809
3,0,3,0.35291544996872376
3,0,3,NaN
1,2,3,NaN
3,0,3,NaN
2,1,3,NaN
3,0,3,0.2180321792514569
3,0,3,NaN
2,1,3,0.24524244003177142
3,0,3,NaN
2,1,3,0.4959882483088199
1,2,3,NaN
3,0,3,0.8733102078879845
3,0,3,NaN
3,0,3,NaN
3,0,3,NaN
3,0,3,0.05735097310840156
2,1,3,NaN
3,0,3,NaN
2,1,3,0.569149748895899
3,0,3,0.14766029718238274
3,0,3,0.927808813496808
3,0,3,0.927808813496808
2,1,3,0.7267509803124766
2,1,3,0.9030952226408369
3,0,3,NaN
2,1,3,0.569149748895899
1,2,3,0.6104096037191906
3,0,3,0.569149748895899
2,1,3,0.641034484029002
2,1,3,NaN
2,1,3,NaN
3,0,3,0.39064081951093954
3,0,3,0.5238679062670301
3,0,3,0.9694305317492427
1,2,3,NaN
1,2,3,NaN
3,0,3,0.7213574018943657
3,0,3,0.8733102078879845
3,0,3,0.9163216390929619
3,0,3,0.5760834204135035
3,0,3,0.3841004877657883
2,1,3,NaN
3,0,3,NaN
2,1,3,0.9634999976232144
2,1,3,0.7267509803124766
3,0,3,0.24524244003177142
3,0,3,NaN
3,0,3,0.19236277848876807
2,1,3,0.47793771766761745
3,0,3,0.6777695128181356
3,0,3,0.4000801055241669
2,1,3,0.39064081951093954
2,1,3,NaN
3,0,3,0.19236277848876807
2,1,3,0.016314898271010056
3,0,3,0.569149748895899
1,2,3,0.0792972786957223
3,0,3,0.9030952226408369
2,1,3,0.8886935889394204
1,2,3,NaN
3,0,3,NaN
3,0,3,NaN
3,0,3,NaN
3,0,3,0.09943458759150654
2,1,3,0.2180321792514569
1,2,3,0.35291544996872376
2,1,3,NaN
3,0,3,0.9649170932836378
3,0,3,NaN
3,0,3,0.5238679062670301
2,1,3,NaN
2,1,3,0.9030952226408369
3,0,3,0.02044106720705182
1,2,3,NaN
3,0,3,0.39064081951093954
3,0,3,NaN
1,2,3,0.9711836190363513
3,0,3,0.7582540955828375
1,2,3,NaN
3,0,3,NaN
1,2,3,0.43116983099757117
2,1,3,NaN
3,0,3,0.06611573959509347
3,0,3,NaN
2,1,3,0.569149748895899
2,1,3,NaN
3,0,3,NaN
2,1,3,NaN
3,0,3,0.279102362902047
3,0,3,NaN
3,0,3,NaN
3,0,3,0.35291544996872376
1,2,3,NaN
1,2,3,NaN
3,0,3,NaN
3,0,3,0.786623350458894
3,0,3,0.16806732870266622
3,0,3,0.03794641341295346
3,0,3,NaN
2,1,3,0.9811127762214269
3,0,3,NaN
3,0,3,0.6505728275062779
3,0,3,NaN
3,0,3,NaN
3,0,3,NaN
2,1,3,NaN
2,1,3,NaN
2,1,3,0.6505728275062779
1,2,3,NaN
2,1,3,0.27923371017636817
3,0,3,0.3149813444585866
3,0,3,0.07470550857760336
3,0,3,0.16806732870266622
3,0,3,0.011532985534739066
1,2,3,0.8733102078879845
3,0,3,0.015440156573497937
2,1,3,0.19236277848876807
2,1,3,0.9388397790286686
3,0,3,NaN
3,0,3,NaN
3,0,3,NaN
3,0,3,NaN
2,1,3,0.9163216390929619
3,0,3,NaN
3,0,3,0.7267509803124766
3,0,3,0.569149748895899
1,2,3,0.35291544996872376
3,0,3,NaN
3,0,3,NaN
2,1,3,0.20358110641944996
3,0,3,NaN
3,0,3,NaN
3,0,3,0.47793771766761745
2,1,3,0.2599408217734185
2,1,3,0.11404401218842061
3,0,3,0.24524244003177142
2,1,3,0.03794641341295346
3,0,3,0.3204276667879883
3,0,3,0.5238679062670301
3,0,3,NaN
3,0,3,NaN
3,0,3,0.07470550857760336
2,1,3,0.6104096037191906
3,0,3,NaN
1,2,3,0.9030952226408369
2,1,3,0.9030952226408369
3,0,3,0.6104096037191906
3,0,3,0.008604769691188079
3,0,3,0.1854137792993142
1,2,3,NaN
1,2,3,0.6104096037191906
3,0,3,NaN
3,0,3,0.450391632385382
3,0,3,NaN
3,0,3,0.43116983099757117
3,0,3,NaN
3,0,3,NaN
3,0,3,NaN
2,1,3,0.7582540955828375
3,0,3,0.2180321792514569
3,0,3,0.2180321792514569
3,0,3,0.39064081951093954
3,0,3,NaN
3,0,3,NaN
3,0,3,0.7582540955828375
2,1,3,0.14766029718238274
3,0,3,NaN
2,1,3,NaN
3,0,3,NaN
2,1,3,0.11404401218842061
3,0,3,NaN
3,0,3,NaN
1,2,3,NaN
1,2,3,NaN
3,0,3,NaN
3,0,3,0.9566181061774477
1,2,3,0.017881082921032253
3,0,3,0.3149813444585866
3,0,3,NaN
3,0,3,NaN
1,2,3,0.011532985534739066
3,0,3,0.7444764811943226
2,1,3,0.6914431924244484
2,1,3,NaN
3,0,3,NaN
3,0,3,0.47793771766761745
3,0,3,0.9574264943593161
3,0,3,0.8553400459938837
3,0,3,0.2282523807203539
3,0,3,0.09943458759150654
3,0,3,0.1298724704817915
2,1,3,0.7582540955828375
3,0,3,NaN
2,1,3,0.07470550857760336
2,1,3,NaN
1,2,3,NaN
3,0,3,0.6505728275062779
3,0,3,0.24524244003177142
3,0,3,0.27923371017636817
2,1,3,NaN
2,1,3,NaN
3,0,3,0.35291544996872376
2,1,3,0.03832442848911993
3,0,3,0.8553400459938837
3,0,3,NaN
3,0,3,0.8553400459938837
1,2,3,0.03317022976394289
3,0,3,NaN
3,0,3,NaN
3,0,3,0.6505728275062779
3,0,3,NaN
2,1,3,NaN
1,2,3,NaN
2,1,3,NaN
3,0,3,NaN
2,1,3,0.7582540955828375
3,0,3,NaN
1,2,3,NaN
2,1,3,NaN
3,0,3,NaN
2,1,3,0.9649170932836378
1,2,3,NaN
2,1,3,0.30021795194770345
3,0,3,NaN
3,0,3,0.9030952226408369
3,0,3,NaN
2,1,3,0.16806732870266622
3,0,3,NaN
3,0,3,NaN
3,0,3,0.9388397790286686
2,1,3,0.976413425292083
3,0,3,0.6104096037191906
3,0,3,NaN
3,0,3,NaN
3,0,3,0.8952603189304542
2,1,3,0.14766029718238274
3,0,3,0.6104096037191906
2,1,3,0.9030952226408369
3,0,3,0.3149813444585866
3,0,3,NaN
3,0,3,NaN
3,0,3,NaN
3,0,3,0.47793771766761745
2,1,3,0.06611573959509347
3,0,3,NaN
2,1,3,0.08596717446393809
3,0,3,NaN
3,0,3,NaN
3,0,3,NaN
3,0,3,0.43116983099757117
1,2,3,0.8506186091058646
3,0,3,0.9811127762214269
2,1,3,NaN
3,0,3,NaN
1,2,3,0.09943458759150654
2,1,3,0.7267509803124766
3,0,3,NaN
3,0,3,NaN
2,1,3,NaN
3,0,3,0.14766029718238274
3,0,3,NaN
3,0,3,NaN
2,1,3,NaN
3,0,3,0.786623350458894
3,0,3,NaN
3,0,3,0.17665593336694874
3,0,3,0.8120477488685461
2,1,3,NaN
3,0,3,0.7556978411434596
3,0,3,NaN
3,0,3,0.7582540955828375
3,0,3,NaN
3,0,3,0.43116983099757117
3,0,3,0.835445920380814
2,1,3,0.27923371017636817
2,1,3,NaN
1,2,3,0.14766029718238274
2,1,3,NaN
1,2,3,NaN
3,0,3,0.9894656266614458
3,0,3,0.786623350458894
3,0,3,0.8120477488685461
3,0,3,NaN
1,2,3,NaN
3,0,3,NaN
3,0,3,0.9857264206675347
3,0,3,0.9649170932836378
3,0,3,NaN
3,0,3,0.43116983099757117
3,0,3,0.47793771766761745
3,0,3,NaN
2,1,3,0.3149813444585866
3,0,3,0.6914431924244484
3,0,3,NaN
3,0,3,0.47793771766761745
1,2,3,NaN
3,0,3,NaN
3,0,3,0.8356407771585233
3,0,3,NaN
3,0,3,NaN
2,1,3,0.9574264943593161
3,0,3,NaN
2,1,3,0.569149748895899
3,0,3,NaN
2,1,3,NaN
2,1,3,0.6104096037191906
3,0,3,NaN
3,0,3,NaN
3,0,3,NaN
3,0,3,NaN
3,0,3,NaN
3,0,3,0.39064081951093954
1,2,3,NaN
3,0,3,NaN
3,0,3,0.03539201526565143
3,0,3,0.47793771766761745
3,0,3,0.569149748895899
2,1,3,NaN
3,0,3,NaN
3,0,3,NaN
2,1,3,NaN
3,0,3,NaN
3,0,3,0.6104096037191906
3,0,3,0.43116983099757117
3,0,3,NaN
3,0,3,0.43116983099757117
2,1,3,NaN
3,0,3,0.7582540955828375
3,0,3,0.8120477488685461
3,0,3,NaN
2,1,3,0.9163216390929619
2,1,3,0.3149813444585866
2,1,3,NaN
3,0,3,NaN
3,0,3,0.6104096037191906
3,0,3,NaN
3,0,3,NaN
3,0,3,0.16806732870266622
2,1,3,0.5238679062670301
2,1,3,0.05735097310840156
3,0,3,NaN
2,1,3,NaN
3,0,3,0.7774891427160723
2,1,3,0.8553400459938837
3,0,3,0.569149748895899
3,0,3,NaN
1,2,3,0.9490411065363702
1,2,3,0.1298724704817915
2,1,3,NaN
3,0,3,NaN
1,2,3,NaN
3,0,3,0.07470550857760336
3,0,3,NaN
3,0,3,0.09943458759150654
3,0,3,0.8553400459938837
3,0,3,NaN
3,0,3,0.43116983099757117
3,0,3,NaN
2,1,3,NaN
2,1,3,NaN
3,0,3,NaN
3,0,3,0.6914431924244484
3,0,3,0.05735097310840156
2,1,3,0.7582540955828375
2,1,3,0.1298724704817915
3,0,3,NaN
3,0,3,0.6505728275062779
1,2,3,NaN
3,0,3,0.927808813496808
1,2,3,0.14766029718238274
2,1,3,0.9994175398571594
2,1,3,NaN
2,1,3,0.0026908597986054356
2,1,3,0.3149813444585866
3,0,3,0.569149748895899
3,0,3,0.14766029718238274
2,1,3,NaN
2,1,3,NaN
3,0,3,0.2180321792514569
2,1,3,NaN
2,1,3,NaN
2,1,3,NaN
2,1,3,NaN
3,0,3,NaN
3,0,3,NaN
2,1,3,7.131669303133748e-8
3,0,3,0.9163216390929619
2,1,3,0.9894656266614458
1,2,3,0.9163216390929619
2,1,3,NaN
2,1,3,0.6505728275062779
3,0,3,0.47793771766761745
2,1,3,0.8553400459938837
1,2,3,NaN
2,1,3,NaN
2,1,3,0.6914431924244484
2,1,3,0.04517808191721581
2,1,3,0.4553023459174757
3,0,3,NaN
3,0,3,0.06611573959509347
3,0,3,NaN
3,0,3,NaN
2,1,3,NaN
3,0,3,NaN
1,2,3,0.3149813444585866
3,0,3,0.39064081951093954
3,0,3,0.5238679062670301
1,2,3,NaN
2,1,3,0.6505728275062779
1,2,3,NaN
3,0,3,0.6505728275062779
3,0,3,NaN
3,0,3,0.9388397790286686
3,0,3,NaN
2,1,3,0.39064081951093954
3,0,3,0.39064081951093954
3,0,3,0.786623350458894
3,0,3,NaN
1,2,3,NaN
3,0,3,0.0494455745194533
3,0,3,0.24524244003177142
3,0,3,0.5567740199748449
3,0,3,NaN
3,0,3,0.47793771766761745
2,1,3,NaN
2,1,3,NaN
1,2,3,NaN
2,1,3,NaN
3,0,3,NaN
3,0,3,0.6104096037191906
2,1,3,NaN
2,1,3,NaN
3,0,3,NaN
2,1,3,0.8356407771585233
2,1,3,0.6914431924244484
3,0,3,NaN
3,0,3,0.39064081951093954
3,0,3,NaN
3,0,3,NaN
3,0,3,NaN
2,1,3,0.580476664706154
1,2,3,0.6914431924244484
3,0,3,0.6914431924244484
3,0,3,NaN
3,0,3,NaN
3,0,3,NaN
3,0,3,0.5238679062670301
3,0,3,NaN
3,0,3,0.7582540955828375
2,1,3,0.2180321792514569
3,0,3,0.5238679062670301
1,2,3,0.9163216390929619
2,1,3,NaN
3,0,3,NaN
3,0,3,NaN
1,2,3,0.016314898271010056
3,0,3,0.6914431924244484
2,1,3,0.6104096037191906
3,0,3,NaN
2,1,3,0.47793771766761745
3,0,3,0.07470550857760336
3,0,3,0.14766029718238274
3,0,3,NaN
3,0,3,0.06611573959509347
2,1,3,0.9388397790286686
3,0,3,0.43116983099757117
3,0,3,NaN
1,2,3,0.6833758768314452
1,2,3,0.6104096037191906
3,0,3,NaN
3,0,3,0.47793771766761745
3,0,3,0.7429299564203464
3,0,3,0.8733102078879845
1,2,3,NaN
2,1,3,0.6104096037191906
3,0,3,0.8886935889394204
1,2,3,0.8553400459938837
3,0,3,0.026732690128789587
2,1,3,NaN
2,1,3,NaN
3,0,3,NaN
2,1,3,NaN
3,0,3,0.9574264943593161
3,0,3,0.5238679062670301
3,0,3,0.39064081951093954
3,0,3,NaN
3,0,3,0.9388397790286686
2,1,3,0.16806732870266622
3,0,3,NaN
3,0,3,0.39064081951093954
3,0,3,NaN
3,0,3,NaN
2,1,3,NaN
2,1,3,NaN
1,2,3,0.9649170932836378
2,1,3,NaN
2,1,3,NaN
3,0,3,NaN
1,2,3,0.6505728275062779
3,0,3,NaN
1,2,3,0.8975069834248082
3,0,3,NaN
3,0,3,0.5238679062670301
3,0,3,NaN
2,1,3,0.028886075440067927
3,0,3,NaN
3,0,3,0.16806732870266622
3,0,3,NaN
2,1,3,0.2180321792514569
1,2,3,NaN
2,1,3,0.39064081951093954
3,0,3,0.786623350458894
3,0,3,NaN
3,0,3,0.24524244003177142
3,0,3,0.39064081951093954
3,0,3,0.7582540955828375
3,0,3,NaN
2,1,3,NaN
2,1,3,0.5238679062670301
1,2,3,NaN
3,0,3,0.24524244003177142
2,1,3,0.9163216390929619
3,0,3,NaN
1,2,3,0.19236277848876807
3,0,3,NaN
3,0,3,NaN
2,1,3,NaN
3,0,3,0.47793771766761745
1,2,3,0.9490411065363702
2,1,3,NaN
3,0,3,0.786623350458894
1,2,3,0.976413425292083
2,1,3,0.3149813444585866
3,0,3,NaN
3,0,3,NaN
2,1,3,NaN
3,0,3,NaN
2,1,3,NaN
3,0,3,0.3761245419307974
1,2,3,0.6505728275062779
3,0,3,0.9711836190363513
3,0,3,NaN
3,0,3,0.9163216390929619
3,0,3,0.04663580361483409
2,1,3,NaN
3,0,3,NaN
3,0,3,NaN
3,0,3,0.8120477488685461
3,0,3,NaN
2,1,3,NaN
1,2,3,0.569149748895899
3,0,3,NaN
3,0,3,NaN
3,0,3,0.8120477488685461
3,0,3,NaN
3,0,3,0.27923371017636817
3,0,3,0.7582540955828375
3,0,3,0.6914431924244484
3,0,3,NaN
3,0,3,NaN
2,1,3,0.8356407771585233
3,0,3,0.9649170932836378
3,0,3,0.11404401218842061
2,1,3,0.43116983099757117
3,0,3,0.6914431924244484
3,0,3,0.0712809698983838
2,1,3,0.6104096037191906
3,0,3,0.9494471673386267
2,1,3,NaN
3,0,3,NaN
3,0,3,NaN
3,0,3,NaN
3,0,3,NaN
3,0,3,0.6914431924244484
3,0,3,NaN
3,0,3,NaN
2,1,3,0.8886935889394204
3,0,3,NaN
3,0,3,NaN
3,0,3,NaN
3,0,3,NaN
3,0,3,NaN
3,0,3,NaN
1,2,3,NaN
1,2,3,0.47793771766761745
2,1,3,0.06611573959509347
2,1,3,NaN
3,0,3,0.8733102078879845
3,0,3,0.08596717446393809
3,0,3,NaN
2,1,3,0.35291544996872376
3,0,3,NaN
1,2,3,0.8120477488685461
3,0,3,NaN
2,1,3,NaN
3,0,3,0.6914431924244484
2,1,3,0.7582540955828375
2,1,3,NaN
2,1,3,0.8553400459938837
3,0,3,0.47793771766761745
3,0,3,NaN
2,1,3,0.3149813444585866
3,0,3,NaN
3,0,3,NaN
2,1,3,0.5861055538637626
2,1,3,0.8553400459938837
2,1,3,0.1298724704817915
3,0,3,0.9711836190363513
3,0,3,NaN
3,0,3,0.6914431924244484
2,1,3,NaN
2,1,3,0.9163216390929619
3,0,3,0.9711836190363513
2,1,3,0.6505728275062779
1,2,3,0.8733102078879845
3,0,3,NaN
3,0,3,NaN
2,1,3,NaN
2,1,3,0.9711836190363513
3,0,3,0.6914431924244484
3,0,3,NaN
3,0,3,NaN
2,1,3,NaN
3,0,3,NaN
2,1,3,0.14766029718238274
3,0,3,NaN
3,0,3,NaN
1,2,3,NaN
2,1,3,NaN
3,0,3,0.569149748895899
3,0,3,0.9030952226408369
2,1,3,0.7267509803124766
3,0,3,0.8886935889394204
1,2,3,NaN
3,0,3,0.35291544996872376
2,1,3,0.27923371017636817
3,0,3,0.47793771766761745
2,1,3,0.43116983099757117
3,0,3,0.7267509803124766
2,1,3,NaN
2,1,3,NaN
3,0,3,NaN
3,0,3,NaN
3,0,3,0.6505728275062779
3,0,3,0.569149748895899
3,0,3,0.1560585593548646
2,1,3,NaN
3,0,3,NaN
2,1,3,NaN
3,0,3,NaN
3,0,3,NaN
2,1,3,0.7502304482059203
3,0,3,0.8733102078879845
2,1,3,NaN
3,0,3,NaN
2,1,3,0.6104096037191906
3,0,3,0.8894872790652307
2,1,3,NaN
3,0,3,NaN
3,0,3,NaN
2,1,3,0.6104096037191906
2,1,3,NaN
3,0,3,NaN
2,1,3,0.6203065859182315
3,0,3,0.7267509803124766
3,0,3,NaN
1,2,3,NaN
1,2,3,0.35291544996872376
2,1,3,NaN
3,0,3,0.786623350458894
2,1,3,NaN
3,0,3,NaN
2,1,3,NaN
1,2,3,NaN
1,2,3,NaN
2,1,3,NaN
3,0,3,NaN
3,0,3,NaN
2,1,3,0.9944136266474382
3,0,3,NaN
2,1,3,0.7267509803124766
3,0,3,NaN
1,2,3,0.35291544996872376
3,0,3,0.35291544996872376
3,0,3,0.06611573959509347
3,0,3,NaN
3,0,3,NaN
2,1,3,NaN
3,0,3,NaN
3,0,3,0.8553400459938837
3,0,3,0.6505728275062779
2,1,3,NaN
3,0,3,NaN
2,1,3,0.9030952226408369
3,0,3,NaN
3,0,3,NaN
3,0,3,NaN
2,1,3,NaN
3,0,3,0.6914431924244484
3,0,3,0.7582540955828375
1,2,3,0.5665009669052208
3,0,3,0.8356407771585233
1,2,3,0.6505728275062779
2,1,3,NaN
2,1,3,0.35291544996872376
3,0,3,NaN
2,1,3,0.8120477488685461
3,0,3,0.08596717446393809
3,0,3,0.7267509803124766
3,0,3,0.47793771766761745
2,1,3,NaN
1,2,3,NaN
1,2,3,NaN
3,0,3,NaN
3,0,3,0.9030952226408369
3,0,3,0.8509109221945315
2,1,3,NaN
2,1,3,NaN
1,2,3,NaN
2,1,3,NaN
2,1,3,NaN
1,2,3,NaN
3,0,3,NaN
2,1,3,0.9711836190363513
2,1,3,0.43116983099757117
3,0,3,NaN
3,0,3,0.24524244003177142
2,1,3,0.06611573959509347
3,0,3,0.14766029718238274
2,1,3,0.04370689030141423
3,0,3,NaN
3,0,3,0.47793771766761745
3,0,3,NaN
3,0,3,NaN
2,1,3,NaN
1,2,3,0.1298724704817915
3,0,3,0.786623350458894
3,0,3,0.8886935889394204
3,0,3,0.47793771766761745
3,0,3,NaN
3,0,3,0.2180321792514569
3,0,3,NaN
3,0,3,NaN
3,0,3,NaN
3,0,3,NaN
2,1,3,NaN
3,0,3,0.6104096037191906
3,0,3,0.8553400459938837
3,0,3,NaN
3,0,3,NaN
2,1,3,0.6914431924244484
2,1,3,NaN
2,1,3,0.16806732870266622
3,0,3,0.8356407771585233
3,0,3,0.927808813496808
3,0,3,0.43116983099757117
3,0,3,NaN
2,1,3,0.8120477488685461
3,0,3,NaN
3,0,3,0.35291544996872376
2,1,3,0.9163216390929619
3,0,3,0.14766029718238274
3,0,3,NaN
3,0,3,0.09943458759150654
2,1,3,0.7267509803124766
3,0,3,0.5905302395327882
3,0,3,0.6676681261699472
2,1,3,0.9694305317492427
1,2,3,0.6505728275062779
3,0,3,NaN
2,1,3,NaN
3,0,3,0.6505728275062779
3,0,3,NaN
3,0,3,0.47793771766761745
2,1,3,NaN
3,0,3,NaN
3,0,3,NaN
3,0,3,NaN
2,1,3,NaN
3,0,3,NaN
2,1,3,NaN
1,2,3,0.5238679062670301
3,0,3,NaN
2,1,3,0.12773975537169022
1,2,3,NaN
3,0,3,NaN
3,0,3,NaN
3,0,3,NaN
3,0,3,NaN
3,0,3,NaN
3,0,3,NaN
3,0,3,NaN
3,0,3,NaN
2,1,3,0.477196459028352
1,2,3,0.8553400459938837
1,2,3,0.2180321792514569
3,0,3,NaN
2,1,3,NaN
3,0,3,0.6505728275062779
3,0,3,0.9163216390929619
2,1,3,0.14766029718238274
3,0,3,0.35291544996872376
3,0,3,NaN
2,1,3,0.47793771766761745
2,1,3,NaN
3,0,3,0.03317022976394289
2,1,3,NaN
3,0,3,NaN
2,1,3,0.9227794561684306
1,2,3,NaN
3,0,3,NaN
2,1,3,0.8733102078879845
3,0,3,NaN
2,1,3,0.6181101058296996
3,0,3,0.8733102078879845
3,0,3,0.8733102078879845
2,1,3,0.8135122998034316
2,1,3,0.11404401218842061
3,0,3,NaN
3,0,3,NaN
3,0,3,0.43116983099757117
3,0,3,NaN
3,0,3,NaN
3,0,3,0.950144339150178
3,0,3,NaN
3,0,3,NaN
2,1,3,NaN
3,0,3,NaN
3,0,3,NaN
2,1,3,NaN
3,0,3,NaN
3,0,3,NaN
3,0,3,NaN
2,1,3,0.43116983099757117
3,0,3,NaN
2,1,3,NaN
2,1,3,0.9714796873064745
2,1,3,0.07470550857760336
1,2,3,0.7582540955828375
3,0,3,NaN
2,1,3,NaN
2,1,3,0.9030952226408369
2,1,3,0.09943458759150654
2,1,3,NaN
3,0,3,NaN
3,0,3,0.786623350458894
3,0,3,NaN
2,1,3,0.43116983099757117
1,2,3,NaN
2,1,3,0.8553400459938837
2,1,3,0.6505728275062779
2,1,3,0.9030952226408369
3,0,3,NaN
1,2,3,0.03317022976394289
3,0,3,NaN
3,0,3,0.47793771766761745
3,0,3,0.08596717446393809
3,0,3,NaN
3,0,3,0.569149748895899
3,0,3,NaN
1,2,3,0.3149813444585866
3,0,3,NaN
3,0,3,NaN
2,1,3,NaN
3,0,3,0.06353165900286774
2,1,3,0.9030952226408369
1,2,3,NaN
1,2,3,0.09943458759150654
3,0,3,NaN
2,1,3,0.569149748895899
3,0,3,0.8291191345239641
3,0,3,NaN
1,2,3,NaN
2,1,3,0.19236277848876807
3,0,3,NaN
1,2,3,NaN
3,0,3,0.6914431924244484
2,1,3,0.9030952226408369
3,0,3,NaN
3,0,3,0.6104096037191906
3,0,3,NaN
3,0,3,NaN
3,0,3,0.8733102078879845
2,1,3,0.2180321792514569
3,0,3,0.9711836190363513
3,0,3,NaN
3,0,3,NaN
2,1,3,0.8356407771585233
2,1,3,0.39064081951093954
3,0,3,0.6104096037191906
3,0,3,NaN
3,0,3,0.43116983099757117
3,0,3,0.9649170932836378
2,1,3,0.6505728275062779
3,0,3,0.14766029718238274
3,0,3,0.35291544996872376
2,1,3,0.9030952226408369
1,2,3,0.1298724704817915
3,0,3,NaN
3,0,3,0.6505728275062779
2,1,3,NaN
3,0,3,0.27923371017636817
2,1,3,NaN
3,0,3,NaN
3,0,3,0.9984463295506749
3,0,3,NaN
2,1,3,0.569149748895899
3,0,3,0.1449807348020754
2,1,3,0.08596717446393809
3,0,3,0.9857264206675347
3,0,3,NaN
3,0,3,0.27923371017636817
1,2,3,0.569149748895899
2,1,3,NaN
3,0,3,0.569149748895899
3,0,3,NaN
2,1,3,NaN
2,1,3,0.2180321792514569
3,0,3,0.7213574018943657
1,2,3,0.6505728275062779
3,0,3,NaN
3,0,3,0.8356407771585233
2,1,3,NaN
3,0,3,0.3149813444585866
3,0,3,0.7050249200677491
3,0,3,0.9461494416332971
2,1,3,0.8120477488685461
3,0,3,NaN
2,1,3,NaN
3,0,3,NaN
2,1,3,NaN
3,0,3,NaN
2,1,3,0.8120477488685461
3,0,3,NaN
2,1,3,0.23967195993390902
2,1,3,NaN
3,0,3,NaN
3,0,3,0.9574264943593161
3,0,3,NaN
3,0,3,0.6104096037191906
1,2,3,0.39064081951093954
2,1,3,NaN
1,2,3,NaN
3,0,3,0.8553400459938837
1,2,3,0.7267509803124766
3,0,3,0.8120477488685461
3,0,3,0.47793771766761745
3,0,3,NaN
3,0,3,0.8356407771585233
3,0,3,NaN
3,0,3,0.11404401218842061
3,0,3,NaN
2,1,3,NaN
2,1,3,0.14766029718238274
3,0,3,NaN
1,2,3,NaN
2,1,3,0.6765705492752643
3,0,3,0.9030952226408369
3,0,3,0.7267509803124766
3,0,3,0.27923371017636817
3,0,3,0.9711836190363513
1,2,3,0.9490411065363702
1,2,3,NaN
3,0,3,0.786623350458894
2,1,3,NaN
2,1,3,0.6505728275062779
2,1,3,NaN
1,2,3,0.09943458759150654
3,0,3,NaN
2,1,3,NaN
3,0,3,0.9163216390929619
3,0,3,0.24524244003177142
2,1,3,0.7267509803124766
2,1,3,NaN
3,0,3,NaN
2,1,3,0.8886935889394204
3,0,3,NaN
3,0,3,0.5238679062670301
3,0,3,0.8553400459938837
2,1,3,NaN
3,0,3,NaN
2,1,3,NaN
2,1,3,0.6914431924244484
3,0,3,NaN
2,1,3,0.02668274358731565
2,1,3,NaN
1,2,3,NaN
2,1,3,0.09415298921146979
2,1,3,NaN
3,0,3,0.786623350458894
3,0,3,0.3149813444585866
3,0,3,NaN
2,1,3,NaN
2,1,3,0.6104096037191906
3,0,3,NaN
2,1,3,NaN
3,0,3,NaN
3,0,3,NaN
2,1,3,NaN
1,2,3,0.8356407771585233
2,1,3,0.9649170932836378
1,2,3,0.35064018308951
3,0,3,NaN
2,1,3,0.569149748895899
3,0,3,NaN
2,1,3,0.976413425292083
3,0,3,NaN
3,0,3,NaN
3,0,3,NaN
3,0,3,NaN
3,0,3,0.8733102078879845
2,1,3,NaN
2,1,3,NaN
3,0,3,0.35291544996872376
3,0,3,NaN
2,1,3,0.3149813444585866
3,0,3,0.8356407771585233
2,1,3,0.08596717446393809
3,0,3,NaN
3,0,3,0.39064081951093954
2,1,3,NaN
3,0,3,0.5238679062670301
3,0,3,NaN
2,1,3,NaN
2,1,3,0.8120477488685461
3,0,3,NaN
3,0,3,0.6104096037191906
3,0,3,NaN
3,0,3,0.6914431924244484
2,1,3,0.5238679062670301
2,1,3,NaN
3,0,3,NaN
2,1,3,0.8356407771585233
2,1,3,NaN
2,1,3,0.5997367624036737
3,0,3,0.434252350632265
2,1,3,NaN
1,2,3,NaN
3,0,3,0.6914431924244484
3,0,3,0.6505728275062779
3,0,3,NaN
3,0,3,0.8886935889394204
3,0,3,NaN
3,0,3,NaN
3,0,3,0.6914431924244484
3,0,3,0.6914431924244484
3,0,3,0.3149813444585866
3,0,3,NaN
2,1,3,NaN
1,2,3,NaN
2,1,3,NaN
2,1,3,0.47793771766761745
3,0,3,NaN
3,0,3,0.009997286173008008
3,0,3,0.5238679062670301
1,2,3,0.8733102078879845
2,1,3,0.39064081951093954
3,0,3,NaN
3,0,3,NaN
3,0,3,NaN
3,0,3,0.2180321792514569
2,1,3,0.569149748895899
3,0,3,NaN
3,0,3,NaN
3,0,3,0.39064081951093954
3,0,3,NaN
3,0,3,0.07071721497299611
3,0,3,0.7267509803124766
3,0,3,NaN
3,0,3,NaN
1,2,3,0.6104096037191906
2,1,3,0.05735097310840156
2,1,3,NaN
3,0,3,NaN
3,0,3,NaN
3,0,3,NaN
2,1,3,NaN
3,0,3,NaN
2,1,3,NaN
1,2,3,NaN
3,0,3,NaN
2,1,3,0.569149748895899
3,0,3,0.14766029718238274
3,0,3,0.5238679062670301
3,0,3,0.43116983099757117
3,0,3,NaN
2,1,3,NaN
3,0,3,NaN
3,0,3,0.7582540955828375
3,0,3,NaN
3,0,3,0.35291544996872376
3,0,3,NaN
1,2,3,0.16806732870266622
3,0,3,NaN
3,0,3,0.24524244003177142
3,0,3,NaN
3,0,3,0.9961520687047375
1,2,3,0.6505728275062779
3,0,3,0.8733102078879845
3,0,3,NaN
2,1,3,0.394595992013748
3,0,3,NaN
2,1,3,NaN
3,0,3,NaN
3,0,3,NaN
3,0,3,0.8553400459938837
2,1,3,0.569149748895899
1,2,3,0.11404401218842061
3,0,3,0.07470550857760336
3,0,3,0.9711836190363513
1,2,3,NaN
3,0,3,NaN
3,0,3,0.35291544996872376
3,0,3,NaN
3,0,3,0.786623350458894
2,1,3,0.024979424385777767
3,0,3,NaN
2,1,3,0.3149813444585866
3,0,3,NaN
2,1,3,NaN
3,0,3,NaN
3,0,3,0.06880985822046329
3,0,3,0.6505728275062779
3,0,3,NaN
3,0,3,0.8356407771585233
3,0,3,0.24524244003177142
2,1,3,NaN
3,0,3,NaN
2,1,3,0.00028953577020651613
2,1,3,0.43116983099757117
3,0,3,NaN
2,1,3,NaN
2,1,3,0.569149748895899
3,0,3,0.1298724704817915
3,0,3,NaN
2,1,3,0.786623350458894
2,1,3,0.8733102078879845
2,1,3,NaN
3,0,3,0.9388397790286686
3,0,3,NaN
3,0,3,NaN
3,0,3,0.8213387706992771
3,0,3,NaN
3,0,3,0.16806732870266622
1,2,3,0.24524244003177142
3,0,3,NaN
2,1,3,0.9671406601506299
2,1,3,NaN
2,1,3,NaN
2,1,3,NaN
3,0,3,0.8356407771585233
3,0,3,NaN
3,0,3,NaN
3,0,3,NaN
3,0,3,0.47793771766761745
3,0,3,0.8356407771585233
2,1,3,NaN
2,1,3,0.5238679062670301
3,0,3,0.7744327330440421
2,1,3,0.8120477488685461
2,1,3,0.5238679062670301
1,2,3,NaN
3,0,3,0.6505728275062779
3,0,3,NaN
3,0,3,0.786623350458894
3,0,3,NaN
3,0,3,0.9030952226408369
3,0,3,NaN
3,0,3,NaN
2,1,3,0.8733102078879845
3,0,3,0.7133287862107596
3,0,3,NaN
3,0,3,0.569149748895899
3,0,3,NaN
2,1,3,NaN
3,0,3,NaN
3,0,3,NaN
3,0,3,0.7310724205454222
2,1,3,NaN
3,0,3,NaN
1,2,3,0.7267509803124766
3,0,3,0.27923371017636817
3,0,3,NaN
2,1,3,0.43300054181328856
1,2,3,0.6426385446506481
3,0,3,NaN
3,0,3,0.04370689030141423
3,0,3,NaN
3,0,3,NaN
2,1,3,NaN
2,1,3,0.8120477488685461
3,0,3,NaN
2,1,3,NaN
3,0,3,0.9711836190363513
3,0,3,0.6505728275062779
3,0,3,NaN
2,1,3,2.028696088051426e-6
2,1,3,NaN
1,2,3,0.6104096037191906
3,0,3,0.16991743917154892
2,1,3,0.06340238510399689
3,0,3,0.2180321792514569
2,1,3,0.9574264943593161
3,0,3,NaN
2,1,3,0.6505728275062779
3,0,3,0.7336089395786086
3,0,3,0.6505728275062779
2,1,3,0.9711836190363513
2,1,3,0.04370689030141423
3,0,3,0.5238679062670301
3,0,3,NaN
2,1,3,NaN
2,1,3,0.6104096037191906
3,0,3,0.6505728275062779
3,0,3,NaN
2,1,3,NaN
2,1,3,0.3149813444585866
3,0,3,NaN
2,1,3,NaN
3,0,3,NaN
3,0,3,NaN
3,0,3,NaN
2,1,3,NaN
1,2,3,NaN
3,0,3,NaN
3,0,3,NaN
3,0,3,NaN
3,0,3,NaN
2,1,3,0.2180321792514569
3,0,3,0.01880761644846058
3,0,3,NaN
3,0,3,0.9163216390929619
3,0,3,NaN
2,1,3,0.9030952226408369
3,0,3,0.009778647628762748
2,1,3,0.19236277848876807
3,0,3,0.09943458759150654
3,0,3,NaN
1,2,3,0.8120477488685461
3,0,3,NaN
3,0,3,0.43116983099757117
3,0,3,NaN
3,0,3,0.569149748895899
3,0,3,NaN
1,2,3,NaN
3,0,3,0.5238679062670301
3,0,3,0.9923256991209348
2,1,3,0.7267509803124766
3,0,3,NaN
3,0,3,0.4991160421078876
3,0,3,NaN
1,2,3,NaN
3,0,3,NaN
3,0,3,0.5238679062670301
3,0,3,NaN
1,2,3,NaN
3,0,3,NaN
2,1,3,0.27923371017636817
1,2,3,NaN
2,1,3,0.21895362374060312
2,1,3,NaN
3,0,3,NaN
1,2,3,0.0494455745194533
2,1,3,NaN
3,0,3,0.03317022976394289
3,0,3,NaN
1,2,3,0.08596717446393809
3,0,3,NaN
2,1,3,NaN
3,0,3,NaN
2,1,3,0.47793771766761745
2,1,3,0.3149813444585866
3,0,3,NaN
2,1,3,NaN
3,0,3,NaN
1,2,3,NaN
1,2,3,NaN
1,2,3,0.6104096037191906
3,0,3,0.8120477488685461
2,1,3,0.8582886528094301
2,1,3,0.6914431924244484
3,0,3,0.569149748895899
2,1,3,NaN
2,1,3,0.6914431924244484
3,0,3,0.021960220642977778
3,0,3,NaN
3,0,3,0.7267509803124766
3,0,3,0.16806732870266622
3,0,3,NaN
3,0,3,NaN
3,0,3,0.9811127762214269
2,1,3,NaN
3,0,3,NaN
3,0,3,0.39064081951093954
2,1,3,0.001023577509651045
1,2,3,0.39064081951093954
2,1,3,NaN
2,1,3,NaN
3,0,3,NaN
3,0,3,NaN
3,0,3,NaN
3,0,3,0.19236277848876807
3,0,3,0.8356407771585233
2,1,3,0.786623350458894
2,1,3,0.7582540955828375
3,0,3,0.8553400459938837
2,1,3,NaN
2,1,3,0.569149748895899
2,1,3,0.05735097310840156
3,0,3,NaN
2,1,3,NaN
3,0,3,NaN
3,0,3,0.6104096037191906
3,0,3,0.5521089525595249
3,0,3,0.9030952226408369
3,0,3,NaN
3,0,3,NaN
2,1,3,NaN
3,0,3,0.47793771766761745
2,1,3,NaN
3,0,3,0.39064081951093954
2,1,3,0.786623350458894
2,1,3,0.47793771766761745
2,1,3,NaN
3,0,3,NaN
1,2,3,0.14766029718238274
3,0,3,0.5238679062670301
1,2,3,0.009289550460028535
3,0,3,NaN
3,0,3,NaN
3,0,3,0.43116983099757117
3,0,3,NaN
2,1,3,NaN
2,1,3,0.6104096037191906
1,2,3,0.786623350458894
2,1,3,NaN
3,0,3,NaN
1,2,3,0.35291544996872376
2,1,3,0.47793771766761745
2,1,3,0.15070034843408195
3,0,3,NaN
3,0,3,NaN
3,0,3,NaN
2,1,3,NaN
2,1,3,0.3266367607569598
2,1,3,NaN
1,2,3,NaN
3,0,3,NaN
2,1,3,0.6505728275062779
2,1,3,NaN
1,2,3,0.8356407771585233
3,0,3,NaN
1,2,3,0.786623350458894
3,0,3,NaN
3,0,3,0.07470550857760336
1,2,3,0.9030952226408369
1,2,3,NaN
3,0,3,NaN
3,0,3,NaN
3,0,3,NaN
3,0,3,0.9388397790286686
3,0,3,0.27923371017636817
3,0,3,NaN
3,0,3,0.9830841427602154
1,2,3,0.2180321792514569
2,1,3,0.9574264943593161
3,0,3,NaN
1,2,3,0.927808813496808
2,1,3,0.47793771766761745
2,1,3,NaN
3,0,3,NaN
3,0,3,NaN
3,0,3,NaN
3,0,3,0.08596717446393809
2,1,3,NaN
3,0,3,0.24524244003177142
3,0,3,NaN
3,0,3,0.5238679062670301
1,2,3,NaN
3,0,3,0.8733102078879845
3,0,3,NaN
3,0,3,0.386481230461877
3,0,3,NaN
3,0,3,NaN
3,0,3,NaN
3,0,3,NaN
1,2,3,NaN
3,0,3,NaN
3,0,3,NaN
3,0,3,0.5238679062670301
2,1,3,NaN
3,0,3,NaN
2,1,3,NaN
3,0,3,NaN
3,0,3,NaN
3,0,3,NaN
3,0,3,NaN
3,0,3,NaN
3,0,3,0.8886935889394204
2,1,3,NaN
2,1,3,0.7582540955828375
2,1,3,0.3184309640493109
2,1,3,0.7582540955828375
3,0,3,NaN
3,0,3,NaN
3,0,3,NaN
3,0,3,NaN
2,1,3,0.8553400459938837
3,0,3,0.6505728275062779
3,0,3,0.8356407771585233
3,0,3,NaN
3,0,3,0.07470550857760336
3,0,3,0.6957023826938187
3,0,3,NaN
2,1,3,NaN
3,0,3,NaN
2,1,3,0.786623350458894
3,0,3,NaN
3,0,3,NaN
1,2,3,0.6505728275062779
3,0,3,0.33747711281298665
2,1,3,0.6505728275062779
3,0,3,0.5238679062670301
2,1,3,NaN
3,0,3,0.47793771766761745
2,1,3,0.5238679062670301
3,0,3,NaN
2,1,3,0.8553400459938837
2,1,3,NaN
1,2,3,NaN
2,1,3,NaN
3,0,3,NaN
1,2,3,NaN
3,0,3,0.06611573959509347
2,1,3,NaN
2,1,3,0.8553400459938837
3,0,3,0.927808813496808
3,0,3,NaN
3,0,3,0.028886075440067927
1,2,3,0.9836206206396738
3,0,3,0.2180321792514569
1,2,3,0.9163216390929619
3,0,3,0.8120477488685461
3,0,3,0.43116983099757117
2,1,3,0.9729995061872249
3,0,3,NaN
1,2,3,NaN
3,0,3,NaN
3,0,3,0.47793771766761745
1,2,3,NaN
3,0,3,NaN
2,1,3,0.16806732870266622
1,2,3,0.7470062346334309
3,0,3,0.9574264943593161
3,0,3,NaN
3,0,3,0.3772342583648788
3,0,3,NaN
3,0,3,0.8641888795306728
3,0,3,NaN
3,0,3,NaN
3,0,3,0.6104096037191906
1,2,3,0.24524244003177142
1,2,3,NaN
3,0,3,0.47793771766761745
3,0,3,NaN
2,1,3,NaN
3,0,3,NaN
1,2,3,NaN
3,0,3,NaN
2,1,3,NaN
3,0,3,NaN
3,0,3,0.7267509803124766
3,0,3,NaN
3,0,3,NaN
3,0,3,0.8120477488685461
3,0,3,NaN
3,0,3,NaN
3,0,3,NaN
3,0,3,NaN
3,0,3,0.24524244003177142
2,1,3,NaN
3,0,3,0.47793771766761745
3,0,3,NaN
3,0,3,NaN
3,0,3,0.6914431924244484
1,2,3,0.976413425292083
2,1,3,0.9030952226408369
2,1,3,0.15385414083975474
3,0,3,0.18359952431268983
2,1,3,0.569149748895899
3,0,3,NaN
2,1,3,0.16806732870266622
2,1,3,0.9490411065363702
3,0,3,0.7267509803124766
3,0,3,0.47793771766761745
2,1,3,0.8733102078879845
2,1,3,0.3149813444585866
3,0,3,0.3149813444585866
1,2,3,0.08596717446393809
3,0,3,0.8553400459938837
3,0,3,0.8553400459938837
3,0,3,0.1298724704817915
2,1,3,0.7582540955828375
3,0,3,NaN
3,0,3,NaN
3,0,3,0.9574264943593161
3,0,3,NaN
3,0,3,0.5238679062670301
3,0,3,0.27923371017636817
2,1,3,0.8120477488685461
2,1,3,0.8553400459938837
2,1,3,0.6104096037191906
2,1,3,NaN
2,1,3,0.16806732870266622
3,0,3,NaN
1,2,3,0.03794641341295346
2,1,3,0.8356407771585233
2,1,3,0.27923371017636817
3,0,3,0.6104096037191906
2,1,3,0.0007871721246728897
3,0,3,0.47793771766761745
3,0,3,NaN
3,0,3,0.8886935889394204
3,0,3,NaN
2,1,3,0.5238679062670301
3,0,3,0.9649170932836378
3,0,3,NaN
3,0,3,0.6505728275062779
2,1,3,NaN
3,0,3,NaN
3,0,3,NaN
3,0,3,0.5238679062670301
3,0,3,0.6104096037191906
3,0,3,0.003736962491151852
1,2,3,0.6181101058296996
2,1,3,NaN
2,1,3,NaN
3,0,3,0.9574264943593161
3,0,3,NaN
2,1,3,0.8733102078879845
2,1,3,NaN
3,0,3,NaN
3,0,3,NaN
3,0,3,0.8120477488685461
3,0,3,0.6505728275062779
2,1,3,NaN
2,1,3,0.6914431924244484
1,2,3,0.5238679062670301
3,0,3,NaN
3,0,3,NaN
2,1,3,0.1619721089976811
3,0,3,NaN
2,1,3,NaN
3,0,3,0.6914431924244484
2,1,3,0.47793771766761745
2,1,3,0.8886935889394204
3,0,3,0.8356407771585233
3,0,3,NaN
3,0,3,NaN
3,0,3,0.3149813444585866
3,0,3,NaN
3,0,3,NaN
3,0,3,NaN
3,0,3,NaN
3,0,3,NaN
3,0,3,NaN
3,0,3,0.9030952226408369
3,0,3,NaN
1,2,3,NaN
3,0,3,NaN
3,0,3,NaN
1,2,3,NaN
3,0,3,NaN
2,1,3,NaN
2,1,3,0.8553400459938837
2,1,3,0.7267509803124766
2,1,3,0.002727464032201241
2,1,3,0.43300054181328856
3,0,3,0.927808813496808
3,0,3,0.8658540332483595
1,2,3,0.3149813444585866
2,1,3,0.9574264943593161
1,2,3,NaN
3,0,3,0.17576082917106103
1,2,3,NaN
3,0,3,0.24524244003177142
3,0,3,NaN
2,1,3,0.43116983099757117
3,0,3,0.8120477488685461
2,1,3,0.9649170932836378
3,0,3,NaN
2,1,3,0.5238679062670301
3,0,3,0.569149748895899
3,0,3,NaN
2,1,3,0.08596717446393809
3,0,3,NaN
1,2,3,0.43116983099757117
2,1,3,0.552171153253758
3,0,3,NaN
2,1,3,0.03794641341295346
3,0,3,0.6505728275062779
1,2,3,NaN
1,2,3,NaN
1,2,3,0.8356407771585233
2,1,3,0.9933863380166632
2,1,3,0.9163216390929619
3,0,3,0.39064081951093954
1,2,3,NaN
3,0,3,NaN
1,2,3,0.43116983099757117
2,1,3,0.6914431924244484
3,0,3,NaN
3,0,3,0.1298724704817915
2,1,3,NaN
2,1,3,0.3149813444585866
3,0,3,0.35291544996872376
3,0,3,NaN
1,2,3,0.35291544996872376
2,1,3,NaN
3,0,3,NaN
3,0,3,0.9649170932836378
2,1,3,NaN
2,1,3,NaN
3,0,3,NaN
1,2,3,0.17326199200780926
3,0,3,NaN
3,0,3,NaN
2,1,3,0.07470550857760336
2,1,3,NaN
2,1,3,NaN
3,0,3,NaN
2,1,3,0.6505728275062779
3,0,3,0.5501745728921399
3,0,3,0.25737367591553945
2,1,3,NaN
3,0,3,NaN
3,0,3,0.39064081951093954
3,0,3,0.6104096037191906
3,0,3,NaN
3,0,3,NaN
3,0,3,NaN
3,0,3,0.39064081951093954
3,0,3,0.8120477488685461
2,1,3,NaN
1,2,3,0.569149748895899
3,0,3,0.14766029718238274
1,2,3,0.8553400459938837
1,2,3,0.14766029718238274
1,2,3,NaN
2,1,3,NaN
3,0,3,0.9574264943593161
2,1,3,0.8496499279793985
3,0,3,NaN
2,1,3,0.9711836190363513
3,0,3,NaN
3,0,3,0.39064081951093954
2,1,3,0.14766029718238274
3,0,3,0.14766029718238274
2,1,3,NaN
3,0,3,NaN
3,0,3,NaN
3,0,3,NaN
3,0,3,NaN
3,0,3,0.27923371017636817
2,1,3,0.8120477488685461
3,0,3,0.6505728275062779
2,1,3,0.24524244003177142
3,0,3,0.7582540955828375
1,2,3,NaN
3,0,3,NaN
1,2,3,0.927808813496808
2,1,3,NaN
2,1,3,0.47793771766761745
2,1,3,NaN
3,0,3,NaN
2,1,3,0.14766029718238274
3,0,3,NaN
3,0,3,0.47793771766761745
3,0,3,NaN
3,0,3,NaN
2,1,3,NaN
3,0,3,0.5238679062670301
3,0,3,NaN
3,0,3,0.16806732870266622
2,1,3,0.569149748895899
3,0,3,NaN
3,0,3,0.7267509803124766
3,0,3,0.9997715078092386
3,0,3,NaN
3,0,3,NaN
3,0,3,0.7582540955828375
3,0,3,NaN
3,0,3,NaN
2,1,3,0.927808813496808
1,2,3,0.16806732870266622
3,0,3,0.43116983099757117
2,1,3,NaN
3,0,3,NaN
2,1,3,NaN
3,0,3,0.9857264206675347
2,1,3,0.8886935889394204
2,1,3,0.5238679062670301
3,0,3,NaN
3,0,3,NaN
3,0,3,NaN
2,1,3,0.16909288643313697
3,0,3,NaN
2,1,3,NaN
3,0,3,NaN
3,0,3,NaN
3,0,3,NaN
3,0,3,NaN
2,1,3,NaN
1,2,3,0.9711836190363513
3,0,3,NaN
3,0,3,NaN
3,0,3,NaN
2,1,3,NaN
1,2,3,0.7754706369411236
3,0,3,NaN
2,1,3,NaN
3,0,3,0.015821674137751637
3,0,3,NaN
3,0,3,0.8356407771585233
3,0,3,NaN
2,1,3,0.14766029718238274
3,0,3,0.14766029718238274
2,1,3,NaN
3,0,3,NaN
3,0,3,0.9055257584401837
3,0,3,NaN
3,0,3,NaN
3,0,3,NaN
3,0,3,NaN
3,0,3,0.7616770020015324
1,2,3,0.16806732870266622
3,0,3,0.8553400459938837
3,0,3,NaN
1,2,3,NaN
2,1,3,0.8120477488685461
3,0,3,0.06611573959509347
3,0,3,NaN
2,1,3,NaN
2,1,3,0.05487751302693134
3,0,3,0.8811404051633659
3,0,3,NaN
2,1,3,NaN
3,0,3,NaN
3,0,3,NaN
3,0,3,NaN
3,0,3,0.43116983099757117
2,1,3,NaN
1,2,3,0.7267509803124766
3,0,3,0.6505728275062779
2,1,3,NaN
3,0,3,NaN
2,1,3,NaN
2,1,3,NaN
2,1,3,0.9711836190363513
3,0,3,0.07470550857760336
3,0,3,0.8120477488685461
2,1,3,0.976413425292083
1,2,3,NaN
2,1,3,NaN
1,2,3,NaN
2,1,3,NaN
3,0,3,0.569149748895899
1,2,3,NaN
3,0,3,NaN
3,0,3,0.31704501574285643
3,0,3,0.976413425292083
2,1,3,NaN
3,0,3,0.6505728275062779
3,0,3,NaN
3,0,3,NaN
2,1,3,NaN
3,0,3,0.43116983099757117
3,0,3,NaN
2,1,3,0.08596717446393809
3,0,3,NaN
3,0,3,NaN
3,0,3,NaN
2,1,3,NaN
3,0,3,0.27923371017636817
2,1,3,NaN
3,0,3,0.19434466643336454
2,1,3,NaN
3,0,3,NaN
2,1,3,NaN
2,1,3,0.927808813496808
3,0,3,NaN
2,1,3,NaN
2,1,3,NaN
2,1,3,0.9490411065363702
2,1,3,0.004835255559590399
2,1,3,0.07794647087740116
2,1,3,NaN
3,0,3,0.47793771766761745
2,1,3,NaN
3,0,3,NaN
3,0,3,NaN
3,0,3,0.569149748895899
3,0,3,0.9574264943593161
3,0,3,0.47793771766761745
2,1,3,0.8886935889394204
2,1,3,NaN
2,1,3,NaN
3,0,3,0.27923371017636817
2,1,3,0.35291544996872376
3,0,3,NaN
3,0,3,NaN
3,0,3,NaN
1,2,3,NaN
3,0,3,0.35291544996872376
3,0,3,0.35291544996872376
3,0,3,NaN
2,1,3,0.6104096037191906
3,0,3,NaN
3,0,3,NaN
3,0,3,0.786623350458894
2,1,3,NaN
1,2,3,0.5238679062670301
3,0,3,0.9030952226408369
3,0,3,NaN
1,2,3,NaN
2,1,3,NaN
1,2,3,NaN
3,0,3,NaN
3,0,3,0.6505728275062779
3,0,3,0.1298724704817915
2,1,3,NaN
3,0,3,NaN
3,0,3,NaN
3,0,3,0.9574264943593161
2,1,3,NaN
3,0,3,NaN
1,2,3,NaN
2,1,3,NaN
1,2,3,NaN
1,2,3,0.7948277814152832
1,2,3,NaN
3,0,3,0.8553400459938837
2,1,3,0.11404401218842061
1,2,3,NaN
2,1,3,NaN
3,0,3,NaN
3,0,3,NaN
3,0,3,0.6104096037191906
3,0,3,0.08596717446393809
2,1,3,NaN
1,2,3,NaN
3,0,3,0.005812985542910942
2,1,3,0.023131149234190938
2,1,3,0.9163216390929619
3,0,3,NaN
2,1,3,0.19236277848876807
2,1,3,0.8120477488685461
3,0,3,0.5238679062670301
3,0,3,NaN
3,0,3,NaN
1,2,3,NaN
1,2,3,NaN
2,1,3,NaN
3,0,3,0.24524244003177142
2,1,3,0.8120477488685461
3,0,3,0.47793771766761745
3,0,3,NaN
3,0,3,NaN
3,0,3,NaN
2,1,3,0.8356407771585233
3,0,3,NaN
3,0,3,NaN
3,0,3,NaN
1,2,3,0.786623350458894
3,0,3,0.7267509803124766
3,0,3,0.07470550857760336
3,0,3,0.6104096037191906
3,0,3,NaN
3,0,3,0.5988966746409761
3,0,3,0.786623350458894
3,0,3,NaN
3,0,3,0.11404401218842061
1,2,3,0.24524244003177142
3,0,3,0.569149748895899
2,1,3,0.3149813444585866
3,0,3,NaN
3,0,3,NaN
3,0,3,0.8894872790652307
3,0,3,0.010772658693875437
3,0,3,0.8120477488685461
3,0,3,0.6505728275062779
3,0,3,0.5398118890911481
3,0,3,NaN
3,0,3,NaN
2,1,3,0.6505728275062779
2,1,3,0.39064081951093954
1,2,3,0.14766029718238274
3,0,3,NaN
1,2,3,0.9163216390929619
3,0,3,NaN
3,0,3,NaN
2,1,3,NaN
2,1,3,NaN
3,0,3,0.9388397790286686
2,1,3,0.14766029718238274
3,0,3,NaN
3,0,3,0.11404401218842061
3,0,3,NaN
3,0,3,NaN
3,0,3,0.028521262631568074
2,1,3,0.6777695128181356
3,0,3,NaN
3,0,3,NaN
3,0,3,0.03794641341295346
2,1,3,NaN
2,1,3,0.11404401218842061
2,1,3,NaN
2,1,3,0.3149813444585866
2,1,3,NaN
3,0,3,0.2180321792514569
3,0,3,NaN
3,0,3,NaN
3,0,3,NaN
3,0,3,NaN
3,0,3,0.9030952226408369
3,0,3,NaN
3,0,3,NaN
2,1,3,0.7322050477268979
3,0,3,0.35291544996872376
3,0,3,NaN
3,0,3,0.569149748895899
3,0,3,NaN
3,0,3,0.9806800563575573
3,0,3,0.6505728275062779
2,1,3,0.8120477488685461
2,1,3,NaN
2,1,3,0.16806732870266622
2,1,3,0.09943458759150654
3,0,3,NaN
2,1,3,0.11404401218842061
1,2,3,NaN
3,0,3,NaN
3,0,3,0.8733102078879845
2,1,3,0.27369177007057516
1,2,3,0.3149813444585866
2,1,3,NaN
2,1,3,NaN
3,0,3,NaN
2,1,3,NaN
3,0,3,NaN
3,0,3,NaN
3,0,3,NaN
2,1,3,NaN
2,1,3,0.08596717446393809
2,1,3,NaN
2,1,3,NaN
3,0,3,NaN
3,0,3,NaN
2,1,3,NaN
2,1,3,0.786623350458894
2,1,3,0.786623350458894
3,0,3,NaN
3,0,3,NaN
3,0,3,NaN
3,0,3,0.24524244003177142
2,1,3,0.9388397790286686
3,0,3,NaN
3,0,3,0.6914431924244484
2,1,3,NaN
3,0,3,NaN
2,1,3,0.5238679062670301
3,0,3,0.09943458759150654
2,1,3,NaN
2,1,3,0.39064081951093954
3,0,3,NaN
3,0,3,NaN
3,0,3,NaN
2,1,3,0.24524244003177142
3,0,3,0.8120477488685461
3,0,3,0.35291544996872376
3,0,3,NaN
3,0,3,NaN
3,0,3,NaN
3,0,3,NaN
3,0,3,NaN
1,2,3,NaN
2,1,3,NaN
1,2,3,0.7718834732979032
3,0,3,NaN
1,2,3,0.43116983099757117
2,1,3,0.8886935889394204
2,1,3,0.9030952226408369
3,0,3,0.5773058455873221
3,0,3,0.6914431924244484
3,0,3,NaN
2,1,3,NaN
3,0,3,NaN
3,0,3,0.569149748895899
3,0,3,NaN
3,0,3,0.8438423357264185
3,0,3,NaN
3,0,3,0.7582540955828375
3,0,3,NaN
2,1,3,NaN
3,0,3,NaN
3,0,3,0.8120477488685461
3,0,3,0.0021658441345355074
2,1,3,NaN
3,0,3,NaN
3,0,3,0.04370689030141423
2,1,3,NaN
3,0,3,NaN
3,0,3,NaN
3,0,3,NaN
2,1,3,0.2689829743483109
1,2,3,NaN
2,1,3,0.27923371017636817
3,0,3,0.14766029718238274
2,1,3,NaN
2,1,3,NaN
3,0,3,NaN
3,0,3,NaN
1,2,3,NaN
3,0,3,NaN
3,0,3,0.9443617025978779
1,2,3,0.14766029718238274
3,0,3,NaN
3,0,3,0.6505728275062779
2,1,3,0.8733102078879845
3,0,3,NaN
2,1,3,NaN
2,1,3,0.1062071331545163
3,0,3,NaN
2,1,3,NaN
3,0,3,0.24524244003177142
2,1,3,0.7582540955828375
3,0,3,NaN
3,0,3,0.8553400459938837
3,0,3,NaN
3,0,3,0.47793771766761745
1,2,3,NaN
3,0,3,NaN
3,0,3,NaN
3,0,3,NaN
2,1,3,0.786623350458894
3,0,3,0.06611573959509347
1,2,3,0.6505728275062779
3,0,3,NaN
3,0,3,0.6914431924244484
2,1,3,0.9030952226408369
3,0,3,NaN
3,0,3,0.9030952226408369
3,0,3,0.786623350458894
2,1,3,NaN
3,0,3,0.07470550857760336
2,1,3,0.09943458759150654
3,0,3,0.927808813496808
2,1,3,0.6104096037191906
1,2,3,0.6505728275062779
3,0,3,0.9030952226408369
3,0,3,NaN
1,2,3,NaN
2,1,3,0.39064081951093954
3,0,3,NaN
2,1,3,NaN
3,0,3,NaN
1,2,3,NaN
2,1,3,NaN
2,1,3,NaN
3,0,3,NaN
3,0,3,NaN
3,0,3,0.47793771766761745
1,2,3,NaN
1,2,3,NaN
3,0,3,NaN
3,0,3,NaN
3,0,3,NaN
1,2,3,NaN
3,0,3,NaN
3,0,3,0.6914431924244484
2,1,3,NaN
3,0,3,NaN
3,0,3,0.6914431924244484
3,0,3,NaN
2,1,3,0.927808813496808
2,1,3,0.6104096037191906
3,0,3,NaN
2,1,3,0.00033625166364219955
1,2,3,NaN
3,0,3,NaN
3,0,3,NaN
2,1,3,0.7582540955828375
3,0,3,NaN
3,0,3,NaN
2,1,3,NaN
1,2,3,NaN
3,0,3,NaN
2,1,3,NaN
2,1,3,0.786623350458894
3,0,3,NaN
3,0,3,NaN
3,0,3,0.19236277848876807
3,0,3,NaN
3,0,3,NaN
2,1,3,0.0364254665639505
3,0,3,0.8733102078879845
3,0,3,0.8553400459938837
2,1,3,0.9030952226408369
1,2,3,NaN
2,1,3,0.7267509803124766
2,1,3,0.39064081951093954
3,0,3,NaN
3,0,3,0.9894656266614458
3,0,3,NaN
2,1,3,0.7582540955828375
3,0,3,NaN
3,0,3,0.3149813444585866
3,0,3,NaN
3,0,3,NaN
3,0,3,0.11404401218842061
3,0,3,NaN
3,0,3,0.7509176810696861
3,0,3,NaN
2,1,3,0.5238679062670301
3,0,3,NaN
1,2,3,NaN
2,1,3,NaN
2,1,3,0.5238679062670301
3,0,3,NaN
1,2,3,0.43116983099757117
3,0,3,0.43116983099757117
3,0,3,NaN
2,1,3,NaN
3,0,3,0.9163216390929619
2,1,3,0.9711836190363513
2,1,3,NaN
1,2,3,0.7267509803124766
2,1,3,0.6505728275062779
2,1,3,NaN
1,2,3,0.35291544996872376
2,1,3,0.27923371017636817
1,2,3,0.08596717446393809
3,0,3,NaN
3,0,3,NaN
3,0,3,0.9030952226408369
1,2,3,0.6104096037191906
2,1,3,0.43116983099757117
3,0,3,NaN
3,0,3,0.8553400459938837
3,0,3,NaN
3,0,3,NaN
2,1,3,0.6505728275062779
2,1,3,0.8120477488685461
3,0,3,0.08596717446393809
3,0,3,NaN
2,1,3,0.298085208124839
1,2,3,0.14766029718238274
2,1,3,NaN
1,2,3,NaN
3,0,3,0.7582540955828375
3,0,3,0.08596717446393809
3,0,3,0.001159293066643153
3,0,3,0.7582540955828375
3,0,3,0.786623350458894
3,0,3,NaN
2,1,3,NaN
3,0,3,NaN
3,0,3,0.6914431924244484
2,1,3,NaN
3,0,3,NaN
3,0,3,0.786623350458894
3,0,3,NaN
3,0,3,NaN
2,1,3,NaN
3,0,3,NaN
2,1,3,0.27923371017636817
2,1,3,0.6914431924244484
2,1,3,0.1298724704817915
1,2,3,0.35291544996872376
2,1,3,0.1298724704817915
3,0,3,0.7267509803124766
3,0,3,NaN
1,2,3,0.057001573045734374
3,0,3,0.6505728275062779
3,0,3,NaN
1,2,3,0.8733102078879845
3,0,3,0.27923371017636817
2,1,3,NaN
3,0,3,NaN
2,1,3,0.8553400459938837
3,0,3,0.8291191345239641
2,1,3,0.14766029718238274
3,0,3,NaN
1,2,3,NaN
3,0,3,NaN
3,0,3,0.47793771766761745
2,1,3,0.7913661661780369
3,0,3,0.2180321792514569
2,1,3,NaN
2,1,3,NaN
2,1,3,NaN
3,0,3,0.5238679062670301
2,1,3,0.27923371017636817
3,0,3,NaN
3,0,3,0.3149813444585866
3,0,3,0.35291544996872376
3,0,3,0.6505728275062779
3,0,3,0.47793771766761745
3,0,3,NaN
1,2,3,0.8733102078879845
3,0,3,0.5723478033865719
2,1,3,NaN
3,0,3,NaN
2,1,3,0.1298724704817915
3,0,3,0.7267509803124766
3,0,3,0.24524244003177142
3,0,3,0.47793771766761745
3,0,3,0.09943458759150654
1,2,3,0.9030952226408369
3,0,3,NaN
2,1,3,NaN
3,0,3,NaN
2,1,3,NaN
2,1,3,NaN
3,0,3,0.6104096037191906
3,0,3,NaN
3,0,3,0.27923371017636817
2,1,3,NaN
2,1,3,0.5529715746278552
3,0,3,0.8356407771585233
2,1,3,NaN
2,1,3,0.2180321792514569
3,0,3,NaN
2,1,3,NaN
2,1,3,0.6505728275062779
3,0,3,NaN
2,1,3,NaN
3,0,3,NaN
2,1,3,0.5238679062670301
3,0,3,0.7267509803124766
3,0,3,NaN
3,0,3,NaN
3,0,3,NaN
2,1,3,0.47793771766761745
2,1,3,NaN
2,1,3,0.2180321792514569
2,1,3,NaN
3,0,3,NaN
2,1,3,0.6104096037191906
3,0,3,NaN
3,0,3,0.2180321792514569
3,0,3,0.43116983099757117
3,0,3,NaN
1,2,3,0.8928748783332889
1,2,3,0.07148818854231118
3,0,3,NaN
2,1,3,0.3149813444585866
2,1,3,0.9574264943593161
2,1,3,NaN
3,0,3,0.24524244003177142
3,0,3,NaN
1,2,3,0.6914431924244484
3,0,3,0.09943458759150654
3,0,3,0.39064081951093954
3,0,3,NaN
3,0,3,0.7267509803124766
3,0,3,0.43116983099757117
3,0,3,NaN
3,0,3,0.8733102078879845
2,1,3,NaN
2,1,3,NaN
3,0,3,NaN
3,0,3,0.9490411065363702
3,0,3,NaN
3,0,3,NaN
3,0,3,0.8120477488685461
2,1,3,NaN
2,1,3,NaN
3,0,3,0.6914431924244484
3,0,3,NaN
3,0,3,NaN
2,1,3,NaN
1,2,3,0.4994966444245364
3,0,3,0.04370689030141423
2,1,3,NaN
3,0,3,0.5238679062670301
3,0,3,NaN
3,0,3,0.3149813444585866
3,0,3,NaN
1,2,3,0.569149748895899
1,2,3,0.8120477488685461
3,0,3,0.12173051621346478
3,0,3,NaN
2,1,3,0.9388397790286686
1,2,3,0.569149748895899
3,0,3,NaN
3,0,3,NaN
3,0,3,0.8886935889394204
3,0,3,NaN
1,2,3,0.6104096037191906
3,0,3,NaN
1,2,3,NaN
2,1,3,NaN
1,2,3,0.6914431924244484
3,0,3,NaN
2,1,3,0.90261601749015
3,0,3,NaN
2,1,3,0.47793771766761745
3,0,3,0.4994966444245364
3,0,3,0.6104096037191906
2,1,3,NaN
3,0,3,NaN
2,1,3,NaN
2,1,3,0.06611573959509347
3,0,3,NaN
3,0,3,NaN
3,0,3,0.028886075440067927
3,0,3,NaN
1,2,3,0.000991109442406299
2,1,3,0.5238679062670301
1,2,3,NaN
3,0,3,0.8120477488685461
3,0,3,NaN
2,1,3,NaN
3,0,3,NaN
3,0,3,NaN
2,1,3,NaN
2,1,3,NaN
2,1,3,NaN
3,0,3,NaN
3,0,3,0.6777695128181356
3,0,3,NaN
3,0,3,NaN
3,0,3,NaN
3,0,3,NaN
2,1,3,0.9956688353620881
3,0,3,0.9030952226408369
2,1,3,0.569149748895899
3,0,3,0.927808813496808
2,1,3,NaN
3,0,3,0.8886935889394204
3,0,3,0.11404401218842061
3,0,3,NaN
3,0,3,NaN
2,1,3,0.11404401218842061
3,0,3,0.9857264206675347
2,1,3,NaN
2,1,3,0.6505728275062779
2,1,3,NaN
3,0,3,NaN
3,0,3,0.786623350458894
3,0,3,NaN
3,0,3,0.7582540955828375
2,1,3,0.6104096037191906
3,0,3,0.9030952226408369
2,1,3,0.27923371017636817
2,1,3,NaN
2,1,3,NaN
2,1,3,NaN
3,0,3,NaN
3,0,3,0.35291544996872376
2,1,3,0.7267509803124766
3,0,3,0.3149813444585866
3,0,3,0.8733102078879845
3,0,3,NaN
3,0,3,NaN
2,1,3,0.8553400459938837
2,1,3,NaN
3,0,3,0.9574264943593161
2,1,3,NaN
2,1,3,0.7267509803124766
3,0,3,0.04370689030141423
2,1,3,NaN
3,0,3,NaN
3,0,3,NaN
3,0,3,NaN
3,0,3,NaN
1,2,3,NaN
3,0,3,0.2180321792514569
1,2,3,0.6104096037191906
3,0,3,0.11404401218842061
3,0,3,NaN
1,2,3,0.3149813444585866
3,0,3,NaN
3,0,3,NaN
3,0,3,NaN
3,0,3,NaN
3,0,3,NaN
2,1,3,0.35291544996872376
2,1,3,0.6104096037191906
3,0,3,NaN
3,0,3,0.9030952226408369
3,0,3,NaN
2,1,3,0.39064081951093954
3,0,3,NaN
3,0,3,NaN
3,0,3,0.9163216390929619
3,0,3,NaN
3,0,3,NaN
3,0,3,NaN
3,0,3,NaN
2,1,3,NaN
3,0,3,NaN
3,0,3,0.8356407771585233
3,0,3,NaN
2,1,3,0.7267509803124766
1,2,3,0.786623350458894
1,2,3,0.024979424385777767
2,1,3,0.6914431924244484
3,0,3,NaN
1,2,3,0.8120477488685461
3,0,3,0.864309397254096
3,0,3,0.24524244003177142
1,2,3,NaN
2,1,3,NaN
1,2,3,NaN
3,0,3,NaN
2,1,3,0.9711836190363513
1,2,3,0.3742435995723311
3,0,3,0.6505728275062779
3,0,3,0.9030952226408369
1,2,3,NaN
3,0,3,0.5238679062670301
3,0,3,0.8733102078879845
3,0,3,NaN
2,1,3,NaN
3,0,3,NaN
2,1,3,0.8356407771585233
3,0,3,0.7582540955828375
2,1,3,0.030456654273696277
3,0,3,NaN
3,0,3,0.3149813444585866
3,0,3,0.6505728275062779
1,2,3,NaN
3,0,3,NaN
3,0,3,NaN
2,1,3,0.5773058455873221
1,2,3,NaN
3,0,3,0.03794641341295346
2,1,3,NaN
2,1,3,0.8120477488685461
1,2,3,NaN
2,1,3,0.9656040936345481
3,0,3,0.47793771766761745
3,0,3,NaN
1,2,3,NaN
3,0,3,0.7267509803124766
2,1,3,NaN
3,0,3,0.7267509803124766
3,0,3,NaN
3,0,3,NaN
3,0,3,0.0494455745194533
2,1,3,0.9711836190363513
2,1,3,0.5567740199748449
3,0,3,NaN
3,0,3,0.8733102078879845
3,0,3,NaN
3,0,3,NaN
2,1,3,NaN
3,0,3,0.47793771766761745
3,0,3,NaN
3,0,3,NaN
3,0,3,0.39064081951093954
2,1,3,0.41605758143981575
3,0,3,0.3149813444585866
3,0,3,0.5238679062670301
1,2,3,0.6505728275062779
3,0,3,0.6505728275062779
3,0,3,0.8886935889394204
2,1,3,0.9944136266474382
3,0,3,NaN
1,2,3,0.024979424385777767
3,0,3,0.5238679062670301
3,0,3,NaN
3,0,3,0.47793771766761745
3,0,3,NaN
3,0,3,0.39064081951093954
3,0,3,NaN
3,0,3,NaN
3,0,3,NaN
1,2,3,NaN
3,0,3,0.8733102078879845
3,0,3,NaN
3,0,3,NaN
2,1,3,NaN
3,0,3,0.43116983099757117
2,1,3,NaN
1,2,3,NaN
1,2,3,NaN
3,0,3,0.569149748895899
2,1,3,0.569149748895899
1,2,3,0.8553400459938837
3,0,3,0.03794641341295346
2,1,3,0.14766029718238274
2,1,3,0.39064081951093954
3,0,3,NaN
1,2,3,NaN
2,1,3,0.0019002529914548918
2,1,3,NaN
1,2,3,0.6505728275062779
1,2,3,0.9388397790286686
2,1,3,NaN
2,1,3,0.7267509803124766
2,1,3,NaN
2,1,3,0.8733102078879845
3,0,3,0.27923371017636817
1,2,3,NaN
3,0,3,0.6104096037191906
3,0,3,NaN
3,0,3,NaN
3,0,3,0.47793771766761745
3,0,3,0.6505728275062779
3,0,3,NaN
2,1,3,0.8733102078879845
2,1,3,0.569149748895899
1,2,3,0.9388397790286686
3,0,3,0.8733102078879845
2,1,3,0.5238679062670301
2,1,3,0.7893934183703576
3,0,3,NaN
3,0,3,0.5238679062670301
3,0,3,NaN
2,1,3,0.9388397790286686
3,0,3,0.8120477488685461
3,0,3,NaN
2,1,3,NaN
2,1,3,NaN
3,0,3,0.8356407771585233
3,0,3,NaN
3,0,3,NaN
3,0,3,NaN
3,0,3,NaN
2,1,3,0.4824007362109782
1,2,3,NaN
2,1,3,0.786623350458894
2,1,3,0.3149813444585866
3,0,3,NaN
3,0,3,NaN
2,1,3,NaN
2,1,3,NaN
2,1,3,0.7267509803124766
2,1,3,0.3149813444585866
2,1,3,NaN
3,0,3,0.3149813444585866
3,0,3,NaN
2,1,3,0.6505728275062779
2,1,3,NaN
2,1,3,0.16806732870266622
1,2,3,NaN
3,0,3,0.35291544996872376
3,0,3,0.6505728275062779
2,1,3,0.6104096037191906
3,0,3,0.6914431924244484
3,0,3,0.0021658441345355074
3,0,3,NaN
3,0,3,NaN
3,0,3,NaN
1,2,3,NaN
2,1,3,0.6626854588022666
3,0,3,0.8930231247989338
2,1,3,NaN
1,2,3,NaN
3,0,3,NaN
3,0,3,0.8415454746148262
3,0,3,NaN
3,0,3,0.39064081951093954
3,0,3,0.7582540955828375
2,1,3,NaN
3,0,3,NaN
3,0,3,0.8733102078879845
3,0,3,NaN
3,0,3,NaN
3,0,3,0.43116983099757117
2,1,3,0.9574264943593161
3,0,3,NaN
3,0,3,0.11404401218842061
1,2,3,0.6914431924244484
3,0,3,NaN
2,1,3,0.9894656266614458
3,0,3,NaN
1,2,3,NaN
1,2,3,0.08596717446393809
1,2,3,NaN
3,0,3,0.6505728275062779
1,2,3,0.43116983099757117
2,1,3,NaN
3,0,3,NaN
2,1,3,NaN
2,1,3,0.9030952226408369
3,0,3,0.9169211431492119
3,0,3,0.9163216390929619
3,0,3,0.569149748895899
3,0,3,0.8886935889394204
2,1,3,0.3149813444585866
3,0,3,0.7267509803124766
1,2,3,NaN
3,0,3,NaN
1,2,3,0.5238679062670301
2,1,3,NaN
2,1,3,0.7582540955828375
2,1,3,0.43116983099757117
2,1,3,NaN
2,1,3,0.8120477488685461
1,2,3,0.927808813496808
1,2,3,NaN
3,0,3,0.2180321792514569
2,1,3,NaN
3,0,3,NaN
3,0,3,0.1298724704817915
3,0,3,NaN
3,0,3,0.43116983099757117
3,0,3,NaN
1,2,3,NaN
1,2,3,0.6104096037191906
2,1,3,0.8733102078879845
1,2,3,NaN
1,2,3,NaN
3,0,3,0.24524244003177142
2,1,3,NaN
3,0,3,NaN
1,2,3,NaN
2,1,3,NaN
2,1,3,NaN
2,1,3,NaN
1,2,3,0.6505728275062779
3,0,3,0.6914431924244484
2,1,3,0.9163216390929619
3,0,3,0.35291544996872376
2,1,3,0.927808813496808
3,0,3,0.43116983099757117
2,1,3,0.16806732870266622
2,1,3,NaN
1,2,3,NaN
2,1,3,0.786623350458894
2,1,3,0.6104096037191906
2,1,3,0.27923371017636817
2,1,3,0.8915062399522097
3,0,3,0.3149813444585866
3,0,3,0.9030952226408369
3,0,3,NaN
3,0,3,0.7267509803124766
3,0,3,NaN
3,0,3,0.5238679062670301
3,0,3,0.3149813444585866
2,1,3,0.8120477488685461
1,2,3,0.6104096037191906
2,1,3,0.6505728275062779
3,0,3,0.39064081951093954
3,0,3,NaN
3,0,3,0.6833758768314452
3,0,3,0.7267509803124766
3,0,3,0.24524244003177142
2,1,3,0.35291544996872376
3,0,3,NaN
3,0,3,0.6914431924244484
1,2,3,NaN
2,1,3,0.39064081951093954
3,0,3,0.7762201877346611
3,0,3,NaN
2,1,3,NaN
2,1,3,0.9811127762214269
2,1,3,0.8975069834248082
3,0,3,0.30850458025821004
2,1,3,NaN
3,0,3,NaN
1,2,3,NaN
2,1,3,0.892060644376351
3,0,3,0.8553400459938837
3,0,3,NaN
3,0,3,NaN
3,0,3,0.8120477488685461
1,2,3,0.1298724704817915
3,0,3,NaN
3,0,3,0.1298724704817915
1,2,3,NaN
1,2,3,0.569149748895899
2,1,3,0.927808813496808
3,0,3,0.9649170932836378
3,0,3,0.009778647628762748
3,0,3,NaN
1,2,3,NaN
1,2,3,0.1674437822604463
2,1,3,0.6914431924244484
2,1,3,0.1298724704817915
3,0,3,NaN
3,0,3,NaN
2,1,3,NaN
3,0,3,NaN
3,0,3,NaN
2,1,3,NaN
2,1,3,NaN
1,2,3,NaN
3,0,3,0.24524244003177142
3,0,3,NaN
2,1,3,0.43116983099757117
3,0,3,0.8886935889394204
2,1,3,0.21192652223189226
3,0,3,0.11404401218842061
3,0,3,0.786623350458894
1,2,3,0.016314898271010056
2,1,3,NaN
1,2,3,NaN
3,0,3,0.8356407771585233
2,1,3,NaN
3,0,3,NaN
2,1,3,NaN
3,0,3,NaN
3,0,3,NaN
3,0,3,0.04370689030141423
3,0,3,0.6505728275062779
2,1,3,NaN
3,0,3,NaN
3,0,3,0.8120477488685461
3,0,3,0.8356407771585233
1,2,3,0.24524244003177142
3,0,3,0.786623350458894
3,0,3,NaN
3,0,3,0.927808813496808
3,0,3,0.5481184626600416
3,0,3,0.5238679062670301
1,2,3,0.8120477488685461
1,2,3,NaN
1,2,3,0.27923371017636817
3,0,3,0.7267509803124766
3,0,3,0.6914431924244484
1,2,3,NaN
3,0,3,0.5238679062670301
3,0,3,NaN
3,0,3,0.3149813444585866
3,0,3,0.569149748895899
2,1,3,NaN
2,1,3,NaN
2,1,3,NaN
3,0,3,0.9388397790286686
2,1,3,0.8886935889394204
3,0,3,NaN
2,1,3,NaN
3,0,3,NaN
3,0,3,0.43116983099757117
2,1,3,NaN
3,0,3,0.14766029718238274
3,0,3,NaN
3,0,3,0.09943458759150654
3,0,3,0.5238679062670301
1,2,3,NaN
3,0,3,0.786623350458894
3,0,3,NaN
2,1,3,0.569149748895899
3,0,3,NaN
3,0,3,NaN
1,2,3,NaN
2,1,3,0.9163216390929619
3,0,3,0.7322050477268979
2,1,3,NaN
3,0,3,0.927808813496808
1,2,3,0.16806732870266622
2,1,3,0.9574264943593161
3,0,3,0.8120477488685461
1,2,3,NaN
3,0,3,NaN
3,0,3,0.47793771766761745
2,1,3,0.7267509803124766
2,1,3,0.6505728275062779
1,2,3,0.6914431924244484
1,2,3,0.786623350458894
3,0,3,NaN
3,0,3,NaN
3,0,3,0.11404401218842061
2,1,3,0.8356407771585233
3,0,3,NaN
1,2,3,0.24524244003177142
3,0,3,NaN
3,0,3,NaN
2,1,3,NaN
3,0,3,NaN
3,0,3,0.16988036619922947
3,0,3,0.8733102078879845
3,0,3,0.9388397790286686
3,0,3,0.24524244003177142
3,0,3,0.8553400459938837
3,0,3,0.5300588416032667
3,0,3,NaN
2,1,3,0.5238679062670301
2,1,3,0.35291544996872376
3,0,3,NaN
3,0,3,0.9574264943593161
3,0,3,0.9388397790286686
3,0,3,NaN
2,1,3,NaN
3,0,3,NaN
2,1,3,NaN
3,0,3,0.7582540955828375
3,0,3,NaN
2,1,3,NaN
3,0,3,NaN
2,1,3,0.47793771766761745
3,0,3,0.9388397790286686
3,0,3,NaN
3,0,3,0.7267509803124766
1,2,3,NaN
3,0,3,0.6505728275062779
3,0,3,0.6914431924244484
3,0,3,0.6505728275062779
2,1,3,NaN
3,0,3,NaN
3,0,3,NaN
3,0,3,0.8553400459938837
3,0,3,0.08596717446393809
1,2,3,0.6104096037191906
3,0,3,0.27923371017636817
3,0,3,0.24524244003177142
3,0,3,NaN
3,0,3,0.7267509803124766
1,2,3,NaN
1,2,3,0.8553400459938837
3,0,3,0.06611573959509347
2,1,3,NaN
3,0,3,NaN
2,1,3,0.5238679062670301
1,2,3,NaN
3,0,3,0.35291544996872376
2,1,3,NaN
3,0,3,0.1298724704817915
2,1,3,NaN
3,0,3,0.7600437710950968
3,0,3,NaN
3,0,3,NaN
3,0,3,NaN
3,0,3,NaN
3,0,3,0.8733102078879845
2,1,3,NaN
2,1,3,0.8886935889394204
2,1,3,NaN
3,0,3,1.7931844857640934e-6
3,0,3,NaN
2,1,3,NaN
2,1,3,0.45130715884642436
3,0,3,NaN
2,1,3,0.2180321792514569
2,1,3,0.5238679062670301
3,0,3,NaN
3,0,3,0.5238679062670301
3,0,3,NaN
1,2,3,0.6104096037191906
3,0,3,NaN
3,0,3,0.9388397790286686
2,1,3,0.43116983099757117
3,0,3,NaN
2,1,3,NaN
2,1,3,0.8733102078879845
2,1,3,NaN
3,0,3,0.9490411065363702
3,0,3,NaN
2,1,3,0.43116983099757117
2,1,3,NaN
3,0,3,0.6914431924244484
1,2,3,0.11404401218842061
3,0,3,NaN
3,0,3,NaN
3,0,3,NaN
3,0,3,NaN
2,1,3,NaN
2,1,3,0.9574264943593161
2,1,3,0.47793771766761745
3,0,3,0.2180321792514569
2,1,3,NaN
3,0,3,NaN
2,1,3,NaN
2,1,3,NaN
3,0,3,NaN
1,2,3,NaN
2,1,3,0.7582540955828375
2,1,3,0.6104096037191906
2,1,3,NaN
3,0,3,0.14766029718238274
3,0,3,NaN
2,1,3,0.018021006085139752
2,1,3,0.39064081951093954
2,1,3,NaN
2,1,3,NaN
3,0,3,NaN
2,1,3,0.4129210572381568
3,0,3,0.2180321792514569
2,1,3,0.35291544996872376
2,1,3,NaN
3,0,3,NaN
1,2,3,NaN
2,1,3,0.9388397790286686
2,1,3,0.14766029718238274
1,2,3,0.14766029718238274
3,0,3,NaN
2,1,3,NaN
3,0,3,NaN
3,0,3,0.3149813444585866
2,1,3,0.786623350458894
2,1,3,NaN
2,1,3,NaN
2,1,3,0.05735097310840156
3,0,3,0.27923371017636817
3,0,3,NaN
3,0,3,NaN
1,2,3,0.6914431924244484
2,1,3,NaN
2,1,3,0.7582540955828375
3,0,3,NaN
3,0,3,NaN
2,1,3,0.8553400459938837
3,0,3,0.569149748895899
2,1,3,0.8733102078879845
3,0,3,NaN
3,0,3,NaN
3,0,3,NaN
2,1,3,0.5238679062670301
2,1,3,NaN
2,1,3,0.09943458759150654
3,0,3,0.24524244003177142
2,1,3,NaN
2,1,3,0.13685926584970762
3,0,3,NaN
3,0,3,NaN
3,0,3,0.2180321792514569
1,2,3,0.16806732870266622
3,0,3,0.6505728275062779
2,1,3,0.8120477488685461
3,0,3,0.9235769684893195
2,1,3,0.8120477488685461
2,1,3,NaN
3,0,3,NaN
3,0,3,NaN
3,0,3,0.8733102078879845
3,0,3,NaN
2,1,3,NaN
3,0,3,NaN
2,1,3,NaN
3,0,3,0.9711836190363513
1,2,3,0.6914431924244484
3,0,3,0.8356407771585233
2,1,3,NaN
2,1,3,0.8886935889394204
3,0,3,0.35291544996872376
1,2,3,0.43116983099757117
3,0,3,NaN
2,1,3,0.8356407771585233
3,0,3,NaN
2,1,3,0.03162241916014955
2,1,3,0.2100810803147979
1,2,3,NaN
1,2,3,0.8553400459938837
2,1,3,0.24935371344785628
3,0,3,NaN
3,0,3,NaN
3,0,3,0.9388397790286686
3,0,3,NaN
2,1,3,0.9894656266614458
3,0,3,NaN
3,0,3,0.6505728275062779
2,1,3,NaN
2,1,3,NaN
2,1,3,0.9711836190363513
3,0,3,0.6104096037191906
2,1,3,0.6505728275062779
3,0,3,0.7582540955828375
3,0,3,NaN
2,1,3,0.8733102078879845
3,0,3,NaN
3,0,3,NaN
2,1,3,NaN
1,2,3,NaN
2,1,3,NaN
2,1,3,0.7718834732979032
2,1,3,NaN
3,0,3,0.8120477488685461
3,0,3,NaN
2,1,3,0.9163216390929619
2,1,3,NaN
1,2,3,0.6505728275062779
2,1,3,0.927808813496808
3,0,3,NaN
2,1,3,0.9767933190034093
3,0,3,NaN
1,2,3,NaN
3,0,3,0.35291544996872376
2,1,3,NaN
3,0,3,NaN
3,0,3,0.9163216390929619
3,0,3,0.569149748895899
1,2,3,NaN
1,2,3,0.6203065859182315
2,1,3,NaN
3,0,3,NaN
3,0,3,NaN
3,0,3,0.8648946060818007
1,2,3,0.03317022976394289
3,0,3,NaN
3,0,3,0.7582540955828375
3,0,3,NaN
1,2,3,0.47793771766761745
3,0,3,0.8733102078879845
3,0,3,NaN
3,0,3,NaN
3,0,3,NaN
1,2,3,NaN
3,0,3,NaN
2,1,3,0.2180321792514569
3,0,3,NaN
2,1,3,0.09943458759150654
3,0,3,NaN
3,0,3,0.7582540955828375
2,1,3,0.9030952226408369
3,0,3,NaN
3,0,3,0.6104096037191906
2,1,3,NaN
3,0,3,NaN
3,0,3,NaN
2,1,3,0.40057686224618433
1,2,3,0.5238679062670301
3,0,3,NaN
3,0,3,0.6104096037191906
2,1,3,NaN
3,0,3,NaN
2,1,3,0.47793771766761745
2,1,3,0.06611573959509347
3,0,3,NaN
3,0,3,0.8733102078879845
3,0,3,NaN
1,2,3,NaN
3,0,3,0.24524244003177142
2,1,3,0.47793771766761745
2,1,3,0.8733102078879845
2,1,3,NaN
3,0,3,NaN
3,0,3,0.016314898271010056
3,0,3,NaN
3,0,3,0.6505728275062779
3,0,3,NaN
3,0,3,0.39064081951093954
3,0,3,NaN
3,0,3,NaN
3,0,3,0.016314898271010056
2,1,3,NaN
3,0,3,NaN
2,1,3,0.0494455745194533
3,0,3,0.43116983099757117
3,0,3,0.39064081951093954
3,0,3,NaN
3,0,3,0.7267509803124766
3,0,3,0.9030952226408369
3,0,3,NaN
2,1,3,0.552171153253758
2,1,3,NaN
2,1,3,0.8886935889394204
3,0,3,0.6914431924244484
3,0,3,0.08596717446393809
3,0,3,0.7267509803124766
1,2,3,NaN
1,2,3,0.8886935889394204
3,0,3,NaN
3,0,3,NaN
2,1,3,0.8120477488685461
3,0,3,NaN
2,1,3,0.927808813496808
3,0,3,0.7249415004237635
3,0,3,NaN
3,0,3,0.7267509803124766
2,1,3,0.569149748895899
3,0,3,NaN
2,1,3,0.976413425292083
2,1,3,NaN
2,1,3,0.9388397790286686
3,0,3,NaN
3,0,3,NaN
3,0,3,NaN
2,1,3,NaN
3,0,3,NaN
2,1,3,NaN
2,1,3,NaN
2,1,3,0.08596717446393809
3,0,3,0.39064081951093954
3,0,3,0.6104096037191906
2,1,3,0.6104096037191906
3,0,3,NaN
2,1,3,0.8356407771585233
1,2,3,NaN
2,1,3,NaN
3,0,3,NaN
1,2,3,NaN
3,0,3,0.7267509803124766
2,1,3,NaN
3,0,3,0.47793771766761745
2,1,3,0.8733102078879845
3,0,3,3.6765279054055282e-6
2,1,3,NaN
1,2,3,NaN
3,0,3,NaN
3,0,3,0.569149748895899
2,1,3,0.08596717446393809
2,1,3,0.9894656266614458
3,0,3,0.5238679062670301
3,0,3,0.8733102078879845
1,2,3,NaN
2,1,3,0.03794641341295346
3,0,3,0.569149748895899
2,1,3,0.6914431924244484
3,0,3,NaN
3,0,3,0.976413425292083
3,0,3,NaN
3,0,3,0.9649170932836378
3,0,3,NaN
3,0,3,NaN
3,0,3,0.7582540955828375
1,2,3,0.011532985534739066
2,1,3,NaN
3,0,3,NaN
1,2,3,NaN
2,1,3,0.9811127762214269
1,2,3,0.14766029718238274
2,1,3,0.22143725304686954
3,0,3,NaN
3,0,3,NaN
3,0,3,0.6505728275062779
3,0,3,NaN
3,0,3,NaN
3,0,3,0.569149748895899
3,0,3,NaN
2,1,3,0.3149813444585866
1,2,3,0.19236277848876807
1,2,3,NaN
2,1,3,0.8356407771585233
3,0,3,0.39064081951093954
2,1,3,0.7582540955828375
2,1,3,0.47793771766761745
3,0,3,0.927808813496808
3,0,3,NaN
2,1,3,NaN
3,0,3,NaN
3,0,3,0.16909288643313697
3,0,3,0.6914431924244484
2,1,3,0.569149748895899
2,1,3,0.35291544996872376
3,0,3,NaN
3,0,3,0.786623350458894
2,1,3,0.9923256991209348
3,0,3,NaN
3,0,3,NaN
1,2,3,NaN
3,0,3,NaN
3,0,3,0.24524244003177142
3,0,3,0.8356407771585233
3,0,3,NaN
3,0,3,NaN
2,1,3,0.8886935889394204
1,2,3,NaN
1,2,3,0.39064081951093954
3,0,3,0.786623350458894
3,0,3,0.47793771766761745
2,1,3,NaN
2,1,3,0.8356407771585233
1,2,3,NaN
2,1,3,NaN
1,2,3,NaN
2,1,3,0.927808813496808
3,0,3,NaN
1,2,3,NaN
2,1,3,0.9649170932836378
3,0,3,NaN
3,0,3,0.2180321792514569
2,1,3,0.43116983099757117
3,0,3,0.9163216390929619
3,0,3,NaN
3,0,3,0.9490411065363702
2,1,3,NaN
2,1,3,NaN
3,0,3,NaN
2,1,3,NaN
3,0,3,NaN
1,2,3,0.43116983099757117
3,0,3,0.39064081951093954
1,2,3,0.9388397790286686
3,0,3,0.8120477488685461
3,0,3,0.14766029718238274
3,0,3,NaN
2,1,3,0.569149748895899
3,0,3,NaN
2,1,3,0.27923371017636817
3,0,3,0.9032925157500761
3,0,3,NaN
3,0,3,0.8356407771585233
3,0,3,0.9030952226408369
3,0,3,NaN
3,0,3,NaN
1,2,3,NaN
3,0,3,NaN
1,2,3,0.39064081951093954
2,1,3,NaN
1,2,3,0.09943458759150654
2,1,3,0.8553400459938837
2,1,3,0.19236277848876807
1,2,3,NaN
3,0,3,0.3149813444585866
3,0,3,0.9894656266614458
3,0,3,NaN
2,1,3,0.9370710385360655
2,1,3,NaN
3,0,3,0.6505728275062779
3,0,3,NaN
2,1,3,0.7762201877346611
2,1,3,NaN
2,1,3,NaN
2,1,3,0.6914431924244484
3,0,3,0.8120477488685461
3,0,3,NaN
3,0,3,0.14766029718238274
3,0,3,NaN
3,0,3,0.1642931390531809
3,0,3,NaN
3,0,3,NaN
2,1,3,0.8120477488685461
3,0,3,NaN
3,0,3,NaN
1,2,3,0.8894872790652307
2,1,3,0.8886935889394204
2,1,3,NaN
2,1,3,0.4976876088405292
3,0,3,NaN
3,0,3,NaN
3,0,3,0.8356407771585233
3,0,3,NaN
3,0,3,NaN
2,1,3,0.43116983099757117
3,0,3,NaN
3,0,3,NaN
3,0,3,NaN
2,1,3,NaN
3,0,3,NaN
2,1,3,0.6270834104820613
3,0,3,0.9857264206675347
3,0,3,0.9894656266614458
3,0,3,NaN
2,1,3,NaN
3,0,3,0.9490411065363702
2,1,3,NaN
3,0,3,0.9490411065363702
2,1,3,NaN
2,1,3,NaN
3,0,3,NaN
3,0,3,NaN
3,0,3,0.8356407771585233
3,0,3,0.9711836190363513
2,1,3,0.021960220642977778
1,2,3,0.5265757981689531
2,1,3,0.7582540955828375
2,1,3,NaN
3,0,3,NaN
3,0,3,NaN
1,2,3,NaN
3,0,3,NaN
1,2,3,NaN
3,0,3,0.569149748895899
2,1,3,NaN
2,1,3,0.6914431924244484
3,0,3,NaN
3,0,3,NaN
2,1,3,NaN
3,0,3,0.06611573959509347
2,1,3,NaN
1,2,3,NaN
2,1,3,NaN
2,1,3,0.7267509803124766
1,2,3,NaN
2,1,3,NaN
3,0,3,0.8815560790124995
1,2,3,NaN
2,1,3,NaN
3,0,3,0.6505728275062779
1,2,3,NaN
3,0,3,0.7267509803124766
2,1,3,0.16806732870266622
2,1,3,0.0021928722349394557
3,0,3,NaN
3,0,3,NaN
3,0,3,NaN
3,0,3,NaN
3,0,3,0.47793771766761745
3,0,3,0.6914431924244484
2,1,3,0.16195633609137647
3,0,3,NaN
2,1,3,NaN
3,0,3,0.569149748895899
2,1,3,NaN
1,2,3,NaN
3,0,3,0.5238679062670301
3,0,3,NaN
1,2,3,NaN
3,0,3,0.9163216390929619
2,1,3,0.5238679062670301
2,1,3,NaN
3,0,3,NaN
1,2,3,NaN
3,0,3,NaN
1,2,3,0.19236277848876807
3,0,3,NaN
1,2,3,0.8886935889394204
3,0,3,NaN
2,1,3,NaN
2,1,3,0.5238679062670301
2,1,3,NaN
3,0,3,NaN
3,0,3,0.18193580930670458
3,0,3,0.43116983099757117
3,0,3,NaN
2,1,3,0.6104096037191906
1,2,3,NaN
3,0,3,NaN
2,1,3,0.1298724704817915
3,0,3,0.9030952226408369
2,1,3,NaN
2,1,3,0.08596717446393809
3,0,3,NaN
2,1,3,NaN
3,0,3,NaN
2,1,3,NaN
2,1,3,0.9388397790286686
2,1,3,NaN
1,2,3,NaN
3,0,3,NaN
3,0,3,NaN
3,0,3,NaN
3,0,3,NaN
2,1,3,0.24524244003177142
3,0,3,NaN
3,0,3,NaN
3,0,3,NaN
2,1,3,NaN
3,0,3,NaN
2,1,3,NaN
3,0,3,0.35291544996872376
1,2,3,0.1298724704817915
3,0,3,NaN
3,0,3,0.9388397790286686
3,0,3,NaN
3,0,3,NaN
2,1,3,0.7582540955828375
2,1,3,0.8120477488685461
1,2,3,NaN
3,0,3,0.6914431924244484
3,0,3,0.43116983099757117
1,2,3,0.9163216390929619
2,1,3,0.35291544996872376
1,2,3,NaN
1,2,3,NaN
3,0,3,NaN
3,0,3,NaN
3,0,3,0.19236277848876807
1,2,3,0.39064081951093954
3,0,3,0.27923371017636817
2,1,3,0.6505728275062779
2,1,3,NaN
3,0,3,NaN
3,0,3,NaN
1,2,3,0.19438283164339631
2,1,3,NaN
2,1,3,0.43116983099757117
1,2,3,NaN
3,0,3,0.9711836190363513
3,0,3,NaN
3,0,3,NaN
2,1,3,0.3149813444585866
2,1,3,0.9462609372974075
3,0,3,0.976413425292083
2,1,3,0.9163216390929619
2,1,3,NaN
2,1,3,0.8886935889394204
1,2,3,NaN
1,2,3,0.08596717446393809
1,2,3,0.2635919661402064
2,1,3,0.2180321792514569
3,0,3,NaN
3,0,3,NaN
3,0,3,NaN
3,0,3,NaN
2,1,3,0.04370689030141423
2,1,3,0.8772173292823856
2,1,3,NaN
3,0,3,NaN
3,0,3,0.9388397790286686
2,1,3,NaN
2,1,3,NaN
3,0,3,0.8886935889394204
1,2,3,NaN
2,1,3,NaN
2,1,3,0.9649170932836378
2,1,3,0.1298724704817915
3,0,3,0.2180321792514569
2,1,3,0.5238679062670301
3,0,3,0.5239350384296257
3,0,3,0.927808813496808
2,1,3,NaN
1,2,3,0.6505728275062779
2,1,3,3.837197960256524e-5
1,2,3,0.19236277848876807
2,1,3,NaN
3,0,3,NaN
3,0,3,NaN
3,0,3,0.6505728275062779
3,0,3,0.6104096037191906
3,0,3,0.1535238301458931
1,2,3,0.39064081951093954
1,2,3,NaN
1,2,3,0.8120477488685461
2,1,3,0.7582540955828375
2,1,3,NaN
3,0,3,NaN
1,2,3,NaN
2,1,3,0.786623350458894
3,0,3,NaN
2,1,3,NaN
3,0,3,0.24524244003177142
1,2,3,NaN
2,1,3,NaN
3,0,3,NaN
3,0,3,NaN
1,2,3,NaN
3,0,3,0.6505728275062779
1,2,3,NaN
1,2,3,NaN
3,0,3,NaN
2,1,3,NaN
3,0,3,NaN
3,0,3,NaN
2,1,3,NaN
2,1,3,NaN
2,1,3,NaN
3,0,3,0.6104096037191906
3,0,3,0.7267509803124766
1,2,3,NaN
3,0,3,0.2180321792514569
3,0,3,0.39064081951093954
3,0,3,NaN
3,0,3,0.35291544996872376
2,1,3,NaN
2,1,3,NaN
2,1,3,NaN
1,2,3,NaN
1,2,3,NaN
2,1,3,NaN
3,0,3,NaN
2,1,3,0.8517372630840184
3,0,3,0.6505728275062779
3,0,3,0.47793771766761745
3,0,3,0.976413425292083
2,1,3,NaN
1,2,3,NaN
2,1,3,0.3149813444585866
2,1,3,NaN
2,1,3,0.9490411065363702
2,1,3,0.5238679062670301
1,2,3,0.8553400459938837
3,0,3,0.9490411065363702
2,1,3,NaN
1,2,3,NaN
3,0,3,NaN
3,0,3,NaN
3,0,3,NaN
3,0,3,NaN
3,0,3,0.6914431924244484
3,0,3,NaN
3,0,3,0.7267509803124766
2,1,3,0.34436755433536964
3,0,3,0.39064081951093954
3,0,3,0.569149748895899
3,0,3,NaN
3,0,3,NaN
2,1,3,NaN
3,0,3,NaN
2,1,3,0.3149813444585866
3,0,3,NaN
3,0,3,NaN
3,0,3,NaN
3,0,3,NaN
3,0,3,0.569149748895899
3,0,3,NaN
3,0,3,NaN
3,0,3,0.6104096037191906
3,0,3,0.9649170932836378
1,2,3,0.05870464445780774
3,0,3,NaN
1,2,3,NaN
3,0,3,0.018397153379890025
3,0,3,0.39064081951093954
3,0,3,NaN
2,1,3,NaN
1,2,3,0.5238679062670301
2,1,3,0.06611573959509347
1,2,3,0.35291544996872376
3,0,3,NaN
3,0,3,NaN
3,0,3,NaN
3,0,3,0.6104096037191906
3,0,3,NaN
2,1,3,0.021284402799713498
2,1,3,NaN
3,0,3,NaN
3,0,3,NaN
2,1,3,0.43116983099757117
1,2,3,0.7267509803124766
1,2,3,NaN
2,1,3,NaN
2,1,3,NaN
3,0,3,0.7582540955828375
3,0,3,0.1298724704817915
3,0,3,NaN
3,0,3,0.6914431924244484
2,1,3,NaN
1,2,3,0.5816791977993836
3,0,3,0.8356407771585233
3,0,3,NaN
3,0,3,0.14574633032471931
2,1,3,0.07144301127571027
2,1,3,0.8582877608590422
2,1,3,0.569149748895899
3,0,3,NaN
3,0,3,NaN
3,0,3,NaN
1,2,3,NaN
3,0,3,NaN
3,0,3,0.6505728275062779
2,1,3,NaN
3,0,3,0.8356407771585233
2,1,3,0.5238679062670301
3,0,3,0.6505728275062779
1,2,3,NaN
3,0,3,NaN
3,0,3,0.6104096037191906
1,2,3,NaN
3,0,3,NaN
3,0,3,NaN
2,1,3,0.16806732870266622
3,0,3,0.3149813444585866
2,1,3,0.5238679062670301
3,0,3,NaN
3,0,3,NaN
3,0,3,NaN
3,0,3,0.07470550857760336
3,0,3,NaN
3,0,3,0.6104096037191906
2,1,3,0.9574264943593161
3,0,3,0.6104096037191906
3,0,3,NaN
3,0,3,NaN
2,1,3,0.07470550857760336
2,1,3,0.6505728275062779
2,1,3,0.3149813444585866
3,0,3,0.6914431924244484
2,1,3,NaN
3,0,3,NaN
2,1,3,0.9163216390929619
1,2,3,0.8733102078879845
3,0,3,0.7267509803124766
3,0,3,NaN
1,2,3,NaN
2,1,3,NaN
3,0,3,NaN
3,0,3,NaN
2,1,3,0.786623350458894
3,0,3,0.998767140334452
2,1,3,0.19236277848876807
2,1,3,0.7582540955828375
3,0,3,NaN
3,0,3,NaN
3,0,3,0.7267509803124766
3,0,3,NaN
1,2,3,NaN
3,0,3,0.9030952226408369
3,0,3,NaN
2,1,3,NaN
2,1,3,NaN
2,1,3,0.569149748895899
3,0,3,NaN
2,1,3,0.7267509803124766
3,0,3,NaN
2,1,3,NaN
3,0,3,NaN
2,1,3,NaN
3,0,3,NaN
3,0,3,0.8356407771585233
1,2,3,0.9163216390929619
1,2,3,0.03317022976394289
2,1,3,0.8886935889394204
2,1,3,0.9388397790286686
2,1,3,NaN
3,0,3,NaN
3,0,3,NaN
1,2,3,0.8120477488685461
3,0,3,NaN
2,1,3,NaN
3,0,3,NaN
3,0,3,NaN
2,1,3,NaN
3,0,3,0.9711836190363513
3,0,3,0.9857264206675347
3,0,3,0.976413425292083
3,0,3,0.9163216390929619
3,0,3,NaN
2,1,3,NaN
3,0,3,NaN
2,1,3,0.47793771766761745
3,0,3,0.35587524864318215
1,2,3,0.3149813444585866
1,2,3,0.8733102078879845
3,0,3,NaN
3,0,3,NaN
1,2,3,NaN
3,0,3,0.01880761644846058
3,0,3,NaN
2,1,3,0.8733102078879845
3,0,3,0.39064081951093954
3,0,3,NaN
3,0,3,0.6914431924244484
3,0,3,NaN
3,0,3,0.6104096037191906
3,0,3,NaN
2,1,3,0.6505728275062779
2,1,3,NaN
1,2,3,NaN
3,0,3,NaN
3,0,3,NaN
3,0,3,0.9030952226408369
2,1,3,0.08596717446393809
2,1,3,0.8553400459938837
3,0,3,0.43116983099757117
3,0,3,NaN
2,1,3,NaN
3,0,3,0.11404401218842061
3,0,3,NaN
2,1,3,NaN
3,0,3,NaN
2,1,3,0.7267509803124766
2,1,3,0.5238679062670301
2,1,3,0.028886075440067927
3,0,3,0.14766029718238274
3,0,3,NaN
3,0,3,NaN
3,0,3,0.43116983099757117
2,1,3,0.569149748895899
3,0,3,NaN
2,1,3,0.47793771766761745
3,0,3,NaN
2,1,3,0.6914431924244484
1,2,3,0.47793771766761745
3,0,3,NaN
3,0,3,NaN
2,1,3,0.015214920178117812
2,1,3,0.5238679062670301
2,1,3,0.24524244003177142
1,2,3,0.15490981827571945
3,0,3,NaN
3,0,3,0.6914431924244484
1,2,3,0.6505728275062779
3,0,3,0.43116983099757117
3,0,3,0.7267509803124766
3,0,3,0.786623350458894
3,0,3,0.8886935889394204
2,1,3,0.7582540955828375
1,2,3,0.06401128502476251
2,1,3,0.030376540804284334
3,0,3,0.8120477488685461
3,0,3,NaN
3,0,3,0.7267509803124766
3,0,3,NaN
2,1,3,0.9388397790286686
3,0,3,0.14766029718238274
3,0,3,0.05735097310840156
3,0,3,NaN
2,1,3,0.3149813444585866
1,2,3,0.35291544996872376
1,2,3,NaN
2,1,3,NaN
3,0,3,NaN
3,0,3,0.009681398529947847
3,0,3,NaN
3,0,3,NaN
2,1,3,NaN
2,1,3,0.5238679062670301
3,0,3,NaN
3,0,3,0.7582540955828375
2,1,3,NaN
3,0,3,NaN
3,0,3,NaN
1,2,3,NaN
3,0,3,NaN
3,0,3,NaN
3,0,3,NaN
1,2,3,0.06611573959509347
3,0,3,0.07470550857760336
2,1,3,0.9030952226408369
3,0,3,0.9490411065363702
3,0,3,0.6505728275062779
1,2,3,0.08596717446393809
2,1,3,0.7956261595356564
3,0,3,NaN
3,0,3,NaN
2,1,3,0.6104096037191906
2,1,3,0.6505728275062779
2,1,3,NaN
2,1,3,NaN
2,1,3,NaN
3,0,3,0.9711836190363513
1,2,3,0.569149748895899
3,0,3,0.8120477488685461
3,0,3,NaN
3,0,3,0.6505728275062779
2,1,3,NaN
1,2,3,0.2180321792514569
3,0,3,0.2737097376502565
3,0,3,0.8733102078879845
3,0,3,0.47793771766761745
3,0,3,0.9950707221823785
3,0,3,0.8733102078879845
3,0,3,0.5238679062670301
3,0,3,NaN
2,1,3,0.24524244003177142
3,0,3,0.6104096037191906
3,0,3,NaN
2,1,3,0.6505728275062779
2,1,3,NaN
2,1,3,NaN
2,1,3,0.786623350458894
2,1,3,0.580476664706154
3,0,3,0.786623350458894
2,1,3,NaN
2,1,3,0.8356407771585233
3,0,3,0.8733102078879845
3,0,3,NaN
3,0,3,0.9923256991209348
3,0,3,0.9163216390929619
2,1,3,0.2473598434937979
3,0,3,NaN
3,0,3,NaN
3,0,3,0.39064081951093954
3,0,3,0.24524244003177142
1,2,3,NaN
2,1,3,NaN
2,1,3,NaN
3,0,3,NaN
3,0,3,0.35291544996872376
2,1,3,0.43116983099757117
1,2,3,NaN
1,2,3,NaN
3,0,3,NaN
2,1,3,0.5238679062670301
1,2,3,NaN
3,0,3,NaN
2,1,3,NaN
3,0,3,NaN
3,0,3,NaN
2,1,3,NaN
2,1,3,0.569149748895899
1,2,3,0.786623350458894
3,0,3,0.7174571808329873
3,0,3,0.786623350458894
2,1,3,0.19236277848876807
2,1,3,0.8334585995484338
2,1,3,0.786623350458894
3,0,3,0.7267509803124766
3,0,3,0.8733102078879845
2,1,3,0.07806552573121982
3,0,3,0.01389863463638223
2,1,3,0.39064081951093954
3,0,3,0.9030952226408369
2,1,3,0.9649170932836378
3,0,3,0.9574264943593161
2,1,3,0.6104096037191906
2,1,3,NaN
3,0,3,NaN
3,0,3,NaN
2,1,3,NaN
3,0,3,0.7931991688956518
3,0,3,NaN
3,0,3,NaN
2,1,3,NaN
3,0,3,NaN
2,1,3,0.47793771766761745
3,0,3,NaN
1,2,3,0.7267509803124766
3,0,3,0.43116983099757117
3,0,3,0.7582540955828375
2,1,3,0.5238679062670301
3,0,3,NaN
2,1,3,NaN
3,0,3,NaN
1,2,3,0.6306127289580729
2,1,3,0.9388397790286686
3,0,3,0.39064081951093954
2,1,3,0.24524244003177142
3,0,3,NaN
2,1,3,0.356225653747003
3,0,3,NaN
3,0,3,0.19236277848876807
2,1,3,NaN
3,0,3,NaN
2,1,3,NaN
2,1,3,0.43116983099757117
1,2,3,NaN
3,0,3,NaN
3,0,3,NaN
3,0,3,0.6104096037191906
3,0,3,NaN
3,0,3,0.09943458759150654
3,0,3,0.9490411065363702
3,0,3,NaN
2,1,3,0.9490411065363702
1,2,3,NaN
2,1,3,0.7267509803124766
2,1,3,0.9894656266614458
3,0,3,NaN
3,0,3,NaN
3,0,3,0.16806732870266622
2,1,3,0.9490411065363702
2,1,3,0.04370689030141423
1,2,3,0.8553400459938837
3,0,3,0.9030952226408369
3,0,3,0.07470550857760336
3,0,3,NaN
2,1,3,NaN
3,0,3,NaN
1,2,3,0.028886075440067927
3,0,3,0.8658540332483595
2,1,3,0.6505728275062779
3,0,3,NaN
2,1,3,NaN
3,0,3,0.8356407771585233
1,2,3,NaN
3,0,3,0.8120477488685461
3,0,3,NaN
3,0,3,NaN
1,2,3,NaN
2,1,3,NaN
2,1,3,0.27923371017636817
2,1,3,0.6914431924244484
2,1,3,NaN
2,1,3,0.8356407771585233
3,0,3,NaN
1,2,3,NaN
3,0,3,NaN
3,0,3,NaN
1,2,3,NaN
2,1,3,NaN
3,0,3,NaN
3,0,3,0.39064081951093954
3,0,3,NaN
2,1,3,0.5238679062670301
2,1,3,0.7362695246484731
3,0,3,NaN
2,1,3,NaN
3,0,3,NaN
2,1,3,NaN
3,0,3,0.6914431924244484
3,0,3,NaN
1,2,3,NaN
3,0,3,0.49974308594955635
3,0,3,NaN
2,1,3,0.6505728275062779
3,0,3,NaN
3,0,3,NaN
2,1,3,NaN
2,1,3,0.569149748895899
3,0,3,NaN
2,1,3,0.16806732870266622
3,0,3,NaN
3,0,3,0.13879968337112916
3,0,3,NaN
1,2,3,NaN
2,1,3,0.2180321792514569
3,0,3,NaN
3,0,3,NaN
2,1,3,0.43116983099757117
1,2,3,0.47793771766761745
3,0,3,0.030802219468709268
1,2,3,0.21739352535735074
2,1,3,0.786623350458894
3,0,3,0.43447317571892513
2,1,3,NaN
3,0,3,0.976413425292083
3,0,3,0.14766029718238274
3,0,3,NaN
2,1,3,NaN
3,0,3,0.011532985534739066
3,0,3,0.0293645869120733
3,0,3,0.8153083058530535
3,0,3,NaN
2,1,3,0.43116983099757117
2,1,3,NaN
3,0,3,NaN
2,1,3,0.07470550857760336
2,1,3,NaN
3,0,3,NaN
2,1,3,0.009778647628762748
3,0,3,0.8356407771585233
3,0,3,NaN
1,2,3,NaN
2,1,3,NaN
3,0,3,0.38222315472603213
3,0,3,0.5238679062670301
3,0,3,NaN
2,1,3,NaN
3,0,3,NaN
2,1,3,NaN
3,0,3,NaN
3,0,3,NaN
2,1,3,0.47793771766761745
2,1,3,0.9163216390929619
2,1,3,0.2180321792514569
2,1,3,NaN
1,2,3,NaN
2,1,3,0.1298724704817915
2,1,3,NaN
3,0,3,0.7556978411434596
3,0,3,0.9894656266614458
3,0,3,NaN
2,1,3,NaN
1,2,3,0.4553023459174757
2,1,3,NaN
3,0,3,NaN
2,1,3,NaN
3,0,3,0.7582540955828375
3,0,3,NaN
2,1,3,0.6505728275062779
3,0,3,NaN
3,0,3,0.8949389785168312
3,0,3,0.3149813444585866
1,2,3,0.6104096037191906
3,0,3,0.23967195993390902
3,0,3,0.8120477488685461
1,2,3,NaN
2,1,3,0.41605758143981575
1,2,3,NaN
3,0,3,0.6505728275062779
3,0,3,NaN
2,1,3,NaN
2,1,3,0.43116983099757117
2,1,3,NaN
2,1,3,0.9030952226408369
3,0,3,0.6914431924244484
2,1,3,NaN
3,0,3,NaN
3,0,3,0.43116983099757117
2,1,3,0.2180321792514569
2,1,3,0.04370689030141423
3,0,3,NaN
3,0,3,NaN
3,0,3,NaN
2,1,3,0.976413425292083
1,2,3,NaN
2,1,3,NaN
2,1,3,NaN
3,0,3,0.3149813444585866
3,0,3,NaN
2,1,3,0.03794641341295346
3,0,3,0.8120477488685461
3,0,3,0.11404401218842061
2,1,3,0.5710105808882789
2,1,3,0.976413425292083
2,1,3,0.47793771766761745
1,2,3,NaN
1,2,3,NaN
2,1,3,0.9098029068436667
3,0,3,0.6505728275062779
3,0,3,0.1955114354155344
3,0,3,0.05942871667226306
3,0,3,NaN
2,1,3,0.8733102078879845
3,0,3,NaN
2,1,3,NaN
2,1,3,NaN
3,0,3,NaN
3,0,3,NaN
1,2,3,NaN
3,0,3,0.47573124554786134
1,2,3,0.927808813496808
2,1,3,0.8886935889394204
2,1,3,NaN
3,0,3,NaN
3,0,3,NaN
3,0,3,NaN
3,0,3,0.569149748895899
3,0,3,0.9388397790286686
3,0,3,NaN
2,1,3,0.9857264206675347
1,2,3,NaN
1,2,3,0.7144619567782146
3,0,3,0.2180321792514569
1,2,3,0.08596717446393809
3,0,3,NaN
3,0,3,0.7267509803124766
3,0,3,0.8120477488685461
1,2,3,6.154331970369115e-5
1,2,3,0.7582540955828375
2,1,3,NaN
3,0,3,0.6914431924244484
3,0,3,0.47793771766761745
2,1,3,NaN
2,1,3,NaN
3,0,3,0.786623350458894
3,0,3,0.009778647628762748
2,1,3,NaN
1,2,3,NaN
1,2,3,0.927808813496808
3,0,3,NaN
3,0,3,0.6312521649346363
2,1,3,0.8120477488685461
3,0,3,0.1298724704817915
3,0,3,0.09943458759150654
2,1,3,NaN
3,0,3,0.7582540955828375
3,0,3,NaN
3,0,3,0.8886935889394204
2,1,3,NaN
3,0,3,NaN
3,0,3,0.7267509803124766
1,2,3,0.47793771766761745
1,2,3,0.6914431924244484
2,1,3,NaN
1,2,3,0.43116983099757117
2,1,3,NaN
1,2,3,0.7267509803124766
2,1,3,NaN
3,0,3,NaN
2,1,3,0.7267509803124766
2,1,3,0.8570028897344354
1,2,3,0.5238679062670301
1,2,3,0.6704287383046245
3,0,3,0.35291544996872376
1,2,3,0.07949600929556037
3,0,3,0.7582540955828375
2,1,3,0.05735097310840156
2,1,3,NaN
3,0,3,0.08596717446393809
3,0,3,0.3149813444585866
3,0,3,NaN
3,0,3,NaN
2,1,3,0.6914431924244484
1,2,3,NaN
3,0,3,NaN
1,2,3,NaN
3,0,3,0.1739887363054829
2,1,3,NaN
3,0,3,NaN
3,0,3,0.6104096037191906
1,2,3,NaN
2,1,3,NaN
2,1,3,NaN
2,1,3,NaN
2,1,3,0.9461494416332971
1,2,3,NaN
1,2,3,0.9388397790286686
3,0,3,0.7582540955828375
3,0,3,NaN
3,0,3,NaN
3,0,3,NaN
3,0,3,0.569149748895899
1,2,3,0.927808813496808
3,0,3,0.6505728275062779
2,1,3,0.3149813444585866
1,2,3,0.8120477488685461
2,1,3,0.8120477488685461
3,0,3,0.3586388144596836
2,1,3,NaN
2,1,3,0.8886935889394204
3,0,3,NaN
3,0,3,NaN
2,1,3,0.24524244003177142
1,2,3,0.15190084941165977
3,0,3,0.9649170932836378
3,0,3,NaN
3,0,3,NaN
2,1,3,NaN
1,2,3,0.03794641341295346
1,2,3,NaN
3,0,3,0.43116983099757117
3,0,3,NaN
2,1,3,0.3149813444585866
3,0,3,NaN
1,2,3,0.8733102078879845
2,1,3,NaN
2,1,3,0.8733102078879845
3,0,3,NaN
2,1,3,NaN
3,0,3,0.8120477488685461
3,0,3,NaN
3,0,3,NaN
2,1,3,0.8733102078879845
1,2,3,0.011856797267617196
3,0,3,NaN
2,1,3,0.9163216390929619
2,1,3,0.6104096037191906
3,0,3,0.7582540955828375
3,0,3,0.6104096037191906
2,1,3,0.06611573959509347
2,1,3,0.7727911082485781
3,0,3,NaN
2,1,3,NaN
3,0,3,NaN
1,2,3,NaN
3,0,3,NaN
3,0,3,0.2180321792514569
3,0,3,NaN
3,0,3,NaN
2,1,3,NaN
2,1,3,NaN
3,0,3,0.27923371017636817
2,1,3,0.6342896145255685
2,1,3,0.0003201967619342791
2,1,3,0.27923371017636817
2,1,3,0.16806732870266622
2,1,3,0.9649170932836378
3,0,3,NaN
1,2,3,NaN
2,1,3,NaN
3,0,3,0.6914431924244484
1,2,3,0.19236277848876807
3,0,3,0.16806732870266622
1,2,3,0.6914431924244484
3,0,3,0.8120477488685461
3,0,3,0.8553400459938837
3,0,3,0.09943458759150654
2,1,3,0.19236277848876807
3,0,3,NaN
3,0,3,NaN
2,1,3,NaN
1,2,3,0.47793771766761745
3,0,3,NaN
3,0,3,0.8553400459938837
2,1,3,NaN
3,0,3,NaN
2,1,3,NaN
3,0,3,NaN
2,1,3,0.9574264943593161
3,0,3,NaN
3,0,3,NaN
1,2,3,0.569149748895899
3,0,3,NaN
3,0,3,0.14766029718238274
2,1,3,0.8886935889394204
3,0,3,0.8356407771585233
1,2,3,0.24524244003177142
3,0,3,NaN
3,0,3,0.786623350458894
1,2,3,0.39064081951093954
2,1,3,0.03794641341295346
1,2,3,NaN
3,0,3,NaN
3,0,3,0.569149748895899
1,2,3,0.6165709600421269
1,2,3,0.9490411065363702
3,0,3,0.8886935889394204
3,0,3,NaN
3,0,3,0.6104096037191906
3,0,3,0.7267509803124766
3,0,3,NaN
2,1,3,0.7582540955828375
3,0,3,0.5238679062670301
2,1,3,0.10844141013504824
3,0,3,NaN
3,0,3,0.43116983099757117
2,1,3,NaN
2,1,3,0.6104096037191906
2,1,3,0.9811127762214269
1,2,3,0.24524244003177142
1,2,3,NaN
1,2,3,0.2180321792514569
2,1,3,NaN
3,0,3,NaN
3,0,3,NaN
3,0,3,0.5238679062670301
3,0,3,0.7267509803124766
3,0,3,0.7267509803124766
2,1,3,0.9030952226408369
3,0,3,NaN
3,0,3,NaN
3,0,3,NaN
3,0,3,0.43116983099757117
3,0,3,0.47793771766761745
3,0,3,0.24524244003177142
2,1,3,0.03317022976394289
3,0,3,NaN
3,0,3,0.1298724704817915
1,2,3,0.6505728275062779
3,0,3,0.8047442396377734
3,0,3,NaN
3,0,3,0.8886935889394204
3,0,3,0.5004916354970531
3,0,3,NaN
1,2,3,NaN
1,2,3,0.8553400459938837
1,2,3,NaN
2,1,3,NaN
3,0,3,NaN
2,1,3,0.6914431924244484
1,2,3,0.016314898271010056
1,2,3,0.2180321792514569
3,0,3,NaN
3,0,3,0.7893934183703576
3,0,3,NaN
3,0,3,0.11404401218842061
3,0,3,NaN
3,0,3,0.24524244003177142
3,0,3,0.47793771766761745
2,1,3,NaN
2,1,3,0.3149813444585866
2,1,3,0.5238679062670301
3,0,3,NaN
1,2,3,0.008126970210441814
2,1,3,0.8356407771585233
3,0,3,NaN
3,0,3,0.6914431924244484
1,2,3,NaN
3,0,3,0.8120477488685461
2,1,3,0.569149748895899
3,0,3,0.39064081951093954
2,1,3,NaN
3,0,3,9.926068409112062e-9
1,2,3,0.9896636255863608
3,0,3,0.27923371017636817
3,0,3,0.5238679062670301
3,0,3,0.8886935889394204
3,0,3,0.927808813496808
1,2,3,0.05735097310840156
1,2,3,0.06611573959509347
1,2,3,NaN
3,0,3,NaN
3,0,3,0.7267509803124766
2,1,3,0.8886935889394204
3,0,3,0.5238679062670301
2,1,3,0.05735097310840156
1,2,3,0.8886935889394204
3,0,3,0.7267509803124766
3,0,3,NaN
2,1,3,0.6104096037191906
3,0,3,NaN
2,1,3,0.9811127762214269
2,1,3,0.13906406781445516
2,1,3,0.9649170932836378
2,1,3,0.4991160421078876
3,0,3,NaN
3,0,3,NaN
1,2,3,0.6505728275062779
2,1,3,NaN
2,1,3,NaN
2,1,3,NaN
2,1,3,0.8120477488685461
2,1,3,0.8356407771585233
2,1,3,0.1298724704817915
2,1,3,NaN
3,0,3,NaN
3,0,3,0.8356407771585233
1,2,3,0.7582540955828375
3,0,3,0.05735097310840156
3,0,3,NaN
3,0,3,NaN
2,1,3,NaN
2,1,3,NaN
3,0,3,NaN
2,1,3,0.2635919661402064
2,1,3,0.9494471673386267
3,0,3,NaN
1,2,3,NaN
3,0,3,NaN
1,2,3,NaN
3,0,3,0.6104096037191906
3,0,3,0.8733102078879845
3,0,3,NaN
1,2,3,NaN
3,0,3,0.9574264943593161
2,1,3,0.7883696248010116
2,1,3,0.6104096037191906
3,0,3,0.1298724704817915
2,1,3,NaN
3,0,3,0.8120477488685461
3,0,3,NaN
2,1,3,0.786623350458894
1,2,3,0.5238679062670301
3,0,3,0.2180321792514569
3,0,3,NaN
3,0,3,0.1298724704817915
3,0,3,NaN
3,0,3,0.08596717446393809
2,1,3,NaN
3,0,3,NaN
3,0,3,0.8553400459938837
2,1,3,0.9030952226408369
2,1,3,0.569149748895899
3,0,3,NaN
1,2,3,0.9030952226408369
2,1,3,0.6505728275062779
3,0,3,0.7267509803124766
3,0,3,0.6104096037191906
1,2,3,NaN
2,1,3,NaN
2,1,3,NaN
1,2,3,0.03432256643084406
2,1,3,0.43116983099757117
2,1,3,NaN
2,1,3,NaN
3,0,3,0.8120477488685461
3,0,3,NaN
3,0,3,0.569149748895899
3,0,3,NaN
3,0,3,NaN
3,0,3,NaN
2,1,3,0.03781652145430735
3,0,3,0.927808813496808
2,1,3,0.6603349835179124
3,0,3,NaN
3,0,3,NaN
2,1,3,0.569149748895899
3,0,3,0.4409150679801434
2,1,3,0.24524244003177142
3,0,3,0.6777695128181356
1,2,3,0.00010065532603100043
2,1,3,NaN
3,0,3,0.7582540955828375
3,0,3,NaN
3,0,3,0.7582540955828375
3,0,3,NaN
2,1,3,0.8356407771585233
3,0,3,NaN
3,0,3,NaN
2,1,3,0.786623350458894
1,2,3,0.5665009669052208
1,2,3,0.021960220642977778
1,2,3,0.5608165511214481
3,0,3,NaN
3,0,3,0.6914431924244484
3,0,3,NaN
2,1,3,NaN
3,0,3,0.0494455745194533
1,2,3,NaN
1,2,3,0.7267509803124766
2,1,3,NaN
1,2,3,NaN
2,1,3,0.7582540955828375
3,0,3,NaN
2,1,3,0.927808813496808
2,1,3,0.6704287383046245
3,0,3,NaN
3,0,3,NaN
2,1,3,0.9163216390929619
3,0,3,NaN
2,1,3,NaN
3,0,3,0.47793771766761745
1,2,3,NaN
2,1,3,NaN
1,2,3,0.3149813444585866
2,1,3,NaN
3,0,3,NaN
2,1,3,NaN
3,0,3,0.19236277848876807
1,2,3,0.01880761644846058
1,2,3,0.008101301422264146
3,0,3,NaN
2,1,3,0.8356407771585233
1,2,3,NaN
3,0,3,0.8553400459938837
3,0,3,0.7712718880746144
2,1,3,0.43510449668095885
1,2,3,0.9711836190363513
2,1,3,NaN
1,2,3,NaN
3,0,3,NaN
3,0,3,0.835445920380814
2,1,3,NaN
2,1,3,0.14766029718238274
3,0,3,NaN
1,2,3,0.569149748895899
3,0,3,0.7582540955828375
2,1,3,0.927808813496808
3,0,3,NaN
2,1,3,NaN
3,0,3,NaN
2,1,3,0.8356407771585233
3,0,3,NaN
3,0,3,0.786623350458894
1,2,3,0.011532985534739066
3,0,3,0.6104096037191906
3,0,3,NaN
1,2,3,0.16806732870266622
3,0,3,NaN
3,0,3,0.3016867366457135
3,0,3,NaN
3,0,3,NaN
2,1,3,0.7267509803124766
3,0,3,NaN
2,1,3,NaN
3,0,3,0.976413425292083
1,2,3,NaN
3,0,3,0.7267509803124766
3,0,3,NaN
3,0,3,0.19236277848876807
2,1,3,NaN
2,1,3,0.569149748895899
2,1,3,NaN
3,0,3,NaN
3,0,3,0.9163216390929619
2,1,3,NaN
3,0,3,0.8120477488685461
3,0,3,0.6944809040791058
2,1,3,0.0032750558317577116
3,0,3,NaN
3,0,3,NaN
2,1,3,NaN
3,0,3,NaN
2,1,3,NaN
1,2,3,NaN
1,2,3,NaN
2,1,3,0.27369177007057516
2,1,3,NaN
2,1,3,0.009354828506268327
2,1,3,NaN
3,0,3,NaN
2,1,3,0.16950714849273987
2,1,3,0.11404401218842061
2,1,3,0.6505728275062779
3,0,3,0.8356407771585233
3,0,3,NaN
2,1,3,0.6914431924244484
3,0,3,NaN
3,0,3,0.47793771766761745
2,1,3,0.976413425292083
2,1,3,NaN
3,0,3,0.47793771766761745
3,0,3,NaN
3,0,3,NaN
3,0,3,0.8733102078879845
3,0,3,NaN
3,0,3,0.43116983099757117
3,0,3,0.9574264943593161
1,2,3,NaN
3,0,3,NaN
3,0,3,0.27923371017636817
3,0,3,NaN
2,1,3,0.35291544996872376
3,0,3,0.8733102078879845
3,0,3,0.927808813496808
3,0,3,0.19236277848876807
2,1,3,NaN
2,1,3,NaN
1,2,3,NaN
2,1,3,0.3149813444585866
3,0,3,0.8356407771585233
2,1,3,NaN
3,0,3,NaN
1,2,3,0.09943458759150654
1,2,3,0.39064081951093954
2,1,3,0.16806732870266622
3,0,3,0.5238679062670301
2,1,3,0.24524244003177142
2,1,3,NaN
2,1,3,0.9450542350736008
2,1,3,0.27923371017636817
3,0,3,0.08622811860676048
3,0,3,NaN
3,0,3,NaN
3,0,3,0.8886935889394204
3,0,3,NaN
2,1,3,NaN
3,0,3,0.43116983099757117
3,0,3,NaN
2,1,3,NaN
3,0,3,0.43116983099757117
3,0,3,NaN
2,1,3,NaN
3,0,3,0.06611573959509347
2,1,3,0.6505728275062779
2,1,3,0.5238679062670301
1,2,3,0.6505728275062779
3,0,3,0.03317022976394289
3,0,3,0.47793771766761745
3,0,3,0.5238679062670301
2,1,3,0.07470550857760336
3,0,3,0.17368710433506626
3,0,3,NaN
3,0,3,0.8733102078879845
3,0,3,0.6505728275062779
3,0,3,0.569149748895899
1,2,3,0.6914431924244484
3,0,3,0.05735097310840156
2,1,3,0.09943458759150654
2,1,3,NaN
1,2,3,0.9574264943593161
2,1,3,0.6505728275062779
2,1,3,0.3149813444585866
3,0,3,0.8356407771585233
2,1,3,0.16806732870266622
3,0,3,NaN
2,1,3,0.569149748895899
2,1,3,NaN
3,0,3,0.6104096037191906
3,0,3,NaN
3,0,3,NaN
3,0,3,NaN
3,0,3,0.7582540955828375
1,2,3,NaN
3,0,3,0.6104096037191906
3,0,3,NaN
3,0,3,NaN
2,1,3,0.26790036705623427
3,0,3,0.2180321792514569
2,1,3,0.5043751974818952
2,1,3,NaN
2,1,3,0.786623350458894
3,0,3,NaN
1,2,3,0.8553400459938837
1,2,3,0.4994966444245364
1,2,3,0.7267509803124766
2,1,3,0.14766029718238274
2,1,3,0.7939215082873365
2,1,3,0.9030952226408369
2,1,3,NaN
2,1,3,NaN
1,2,3,NaN
3,0,3,NaN
3,0,3,0.786623350458894
3,0,3,NaN
2,1,3,0.9163216390929619
3,0,3,NaN
3,0,3,0.6505728275062779
2,1,3,NaN
2,1,3,NaN
2,1,3,0.6914431924244484
3,0,3,NaN
1,2,3,NaN
3,0,3,NaN
2,1,3,NaN
3,0,3,NaN
1,2,3,0.8356407771585233
3,0,3,NaN
3,0,3,NaN
2,1,3,NaN
3,0,3,0.47793771766761745
3,0,3,0.9711836190363513
3,0,3,0.8886935889394204
3,0,3,NaN
3,0,3,NaN
3,0,3,0.580476664706154
1,2,3,0.9649170932836378
3,0,3,0.6914431924244484
2,1,3,0.9490411065363702
3,0,3,0.6914431924244484
2,1,3,0.19236277848876807
3,0,3,0.8886935889394204
2,1,3,0.27923371017636817
2,1,3,0.47793771766761745
2,1,3,NaN
2,1,3,0.927808813496808
2,1,3,0.6104096037191906
2,1,3,0.2936076401667629
3,0,3,NaN
2,1,3,NaN
2,1,3,0.927808813496808
3,0,3,NaN
3,0,3,NaN
3,0,3,0.8886935889394204
2,1,3,0.16930590999827722
1,2,3,0.08030607948792752
3,0,3,NaN
3,0,3,NaN
2,1,3,0.3149813444585866
1,2,3,0.111799773585099
3,0,3,0.8068335743694346
3,0,3,0.39064081951093954
2,1,3,0.0030435220300250713
3,0,3,0.6914431924244484
2,1,3,NaN
2,1,3,NaN
3,0,3,NaN
2,1,3,NaN
2,1,3,0.09943458759150654
3,0,3,0.9163216390929619
2,1,3,0.9030952226408369
2,1,3,0.9857264206675347
1,2,3,0.7267509803124766
3,0,3,0.8356407771585233
1,2,3,NaN
1,2,3,0.569149748895899
3,0,3,0.937415027308364
2,1,3,0.6914431924244484
3,0,3,0.8120477488685461
2,1,3,0.9443617025978779
2,1,3,NaN
3,0,3,0.9574264943593161
2,1,3,0.8120477488685461
2,1,3,NaN
3,0,3,NaN
3,0,3,NaN
3,0,3,NaN
3,0,3,0.35291544996872376
2,1,3,NaN
3,0,3,NaN
1,2,3,0.47793771766761745
3,0,3,NaN
3,0,3,0.9388397790286686
3,0,3,NaN
3,0,3,0.6505728275062779
1,2,3,NaN
2,1,3,0.7582540955828375
1,2,3,0.6914431924244484
2,1,3,0.24924498471286638
3,0,3,0.3149813444585866
1,2,3,NaN
2,1,3,0.43116983099757117
2,1,3,NaN
3,0,3,NaN
3,0,3,NaN
2,1,3,0.5238679062670301
2,1,3,0.8733102078879845
3,0,3,0.9574264943593161
3,0,3,NaN
1,2,3,NaN
2,1,3,0.8356407771585233
2,1,3,0.8553400459938837
3,0,3,0.35291544996872376
2,1,3,NaN
3,0,3,0.08596717446393809
3,0,3,NaN
3,0,3,0.5238679062670301
3,0,3,NaN
2,1,3,NaN
1,2,3,NaN
3,0,3,NaN
1,2,3,0.39064081951093954
3,0,3,NaN
1,2,3,NaN
2,1,3,NaN
3,0,3,0.6104096037191906
3,0,3,0.9811127762214269
3,0,3,0.9030952226408369
3,0,3,NaN
1,2,3,NaN
2,1,3,0.35291544996872376
2,1,3,NaN
1,2,3,NaN
2,1,3,0.6104096037191906
3,0,3,NaN
2,1,3,NaN
2,1,3,0.6505728275062779
2,1,3,NaN
3,0,3,0.27923371017636817
3,0,3,0.8886935889394204
3,0,3,0.1298724704817915
3,0,3,NaN
1,2,3,NaN
2,1,3,0.39064081951093954
2,1,3,0.8356407771585233
1,2,3,NaN
3,0,3,0.6104096037191906
3,0,3,NaN
2,1,3,NaN
3,0,3,0.5238679062670301
2,1,3,NaN
3,0,3,0.47793771766761745
2,1,3,NaN
3,0,3,0.9857264206675347
3,0,3,0.8356407771585233
2,1,3,NaN
2,1,3,NaN
2,1,3,NaN
2,1,3,0.9030952226408369
2,1,3,0.028886075440067927
3,0,3,0.5447695875725546
2,1,3,NaN
3,0,3,0.786623350458894
3,0,3,NaN
3,0,3,0.0006028459869854185
2,1,3,0.6505728275062779
2,1,3,0.4651673082324882
3,0,3,0.8733102078879845
2,1,3,0.5614056147192097
3,0,3,NaN
2,1,3,NaN
3,0,3,0.09943458759150654
3,0,3,0.5238679062670301
1,2,3,0.8356407771585233
2,1,3,0.9961520687047375
3,0,3,NaN
3,0,3,0.8886935889394204
2,1,3,NaN
1,2,3,NaN
2,1,3,NaN
2,1,3,0.5238679062670301
2,1,3,0.08596717446393809
1,2,3,NaN
3,0,3,0.786623350458894
2,1,3,0.7582540955828375
2,1,3,0.8120477488685461
3,0,3,NaN
3,0,3,0.4892673659773662
1,2,3,NaN
1,2,3,0.5908282957311262
3,0,3,NaN
1,2,3,NaN
2,1,3,NaN
2,1,3,NaN
1,2,3,0.569149748895899
2,1,3,NaN
3,0,3,NaN
3,0,3,NaN
3,0,3,0.7267509803124766
3,0,3,NaN
2,1,3,0.90261601749015
2,1,3,NaN
2,1,3,0.0494455745194533
3,0,3,NaN
1,2,3,NaN
1,2,3,0.9944136266474382
3,0,3,0.8120477488685461
1,2,3,NaN
2,1,3,NaN
3,0,3,0.3149813444585866
3,0,3,NaN
3,0,3,0.6104096037191906
2,1,3,NaN
3,0,3,NaN
3,0,3,NaN
3,0,3,0.39064081951093954
1,2,3,0.43116983099757117
2,1,3,0.7267509803124766
2,1,3,0.16806732870266622
1,2,3,NaN
3,0,3,NaN
1,2,3,0.6104096037191906
2,1,3,0.786623350458894
3,0,3,NaN
1,2,3,NaN
2,1,3,NaN
2,1,3,0.5238679062670301
1,2,3,0.7267509803124766
2,1,3,NaN
3,0,3,0.9630707407598775
3,0,3,0.08596717446393809
2,1,3,0.786623350458894
2,1,3,0.3149813444585866
2,1,3,0.47793771766761745
3,0,3,NaN
2,1,3,0.671884262440174
1,2,3,0.9388397790286686
1,2,3,NaN
3,0,3,NaN
2,1,3,NaN
3,0,3,0.569149748895899
3,0,3,NaN
3,0,3,NaN
3,0,3,NaN
3,0,3,NaN
2,1,3,NaN
3,0,3,NaN
2,1,3,NaN
3,0,3,0.7267509803124766
3,0,3,0.39064081951093954
2,1,3,0.8553400459938837
3,0,3,NaN
3,0,3,0.6505728275062779
2,1,3,0.6104096037191906
3,0,3,NaN
3,0,3,0.39064081951093954
1,2,3,NaN
2,1,3,NaN
3,0,3,NaN
3,0,3,0.6104096037191906
2,1,3,0.6104096037191906
2,1,3,0.6505728275062779
1,2,3,NaN
2,1,3,0.47793771766761745
1,2,3,NaN
3,0,3,0.4829458652057926
2,1,3,NaN
3,0,3,NaN
2,1,3,NaN
3,0,3,0.7333942161249434
2,1,3,NaN
3,0,3,NaN
3,0,3,0.35291544996872376
2,1,3,NaN
3,0,3,0.08596717446393809
3,0,3,NaN
1,2,3,NaN
1,2,3,NaN
2,1,3,NaN
1,2,3,NaN
2,1,3,NaN
3,0,3,0.9857264206675347
1,2,3,NaN
2,1,3,NaN
3,0,3,0.06611573959509347
3,0,3,0.7582540955828375
1,2,3,NaN
2,1,3,NaN
3,0,3,NaN
2,1,3,0.6979814411333362
2,1,3,NaN
2,1,3,NaN
2,1,3,NaN
2,1,3,0.27923371017636817
2,1,3,NaN
3,0,3,0.6914431924244484
1,2,3,0.07470550857760336
3,0,3,NaN
3,0,3,NaN
2,1,3,NaN
3,0,3,NaN
1,2,3,0.4129210572381568
3,0,3,0.8120477488685461
3,0,3,0.15490981827571945
2,1,3,NaN
2,1,3,NaN
3,0,3,NaN
2,1,3,NaN
3,0,3,NaN
2,1,3,NaN
3,0,3,0.9490411065363702
3,0,3,NaN
3,0,3,NaN
1,2,3,NaN
1,2,3,0.47793771766761745
3,0,3,0.5238679062670301
3,0,3,NaN
2,1,3,0.6505728275062779
3,0,3,NaN
2,1,3,0.6914431924244484
2,1,3,0.39064081951093954
2,1,3,NaN
2,1,3,0.47793771766761745
2,1,3,NaN
1,2,3,0.47793771766761745
3,0,3,NaN
3,0,3,NaN
3,0,3,0.16806732870266622
3,0,3,NaN
3,0,3,0.24524244003177142
2,1,3,NaN
3,0,3,0.786623350458894
2,1,3,0.6914431924244484
3,0,3,NaN
2,1,3,NaN
3,0,3,NaN
2,1,3,0.9030952226408369
2,1,3,0.35291544996872376
3,0,3,0.8120477488685461
3,0,3,NaN
3,0,3,NaN
3,0,3,NaN
3,0,3,NaN
3,0,3,NaN
3,0,3,0.6104096037191906
3,0,3,NaN
3,0,3,0.5238679062670301
2,1,3,NaN
1,2,3,0.7280943808812835
3,0,3,NaN
3,0,3,0.9388397790286686
2,1,3,NaN
3,0,3,NaN
3,0,3,0.5238679062670301
3,0,3,NaN
3,0,3,NaN
3,0,3,0.786623350458894
3,0,3,NaN
3,0,3,NaN
3,0,3,NaN
3,0,3,NaN
3,0,3,0.8095037901662552
3,0,3,0.927808813496808
2,1,3,0.927808813496808
2,1,3,NaN
2,1,3,NaN
1,2,3,NaN
3,0,3,0.6104096037191906
2,1,3,NaN
2,1,3,0.43116983099757117
2,1,3,NaN
2,1,3,NaN
3,0,3,0.14766029718238274
1,2,3,0.927808813496808
3,0,3,NaN
2,1,3,0.11404401218842061
2,1,3,0.3149813444585866
2,1,3,NaN
2,1,3,NaN
2,1,3,0.7582540955828375
3,0,3,0.9434992889453038
2,1,3,NaN
2,1,3,0.19236277848876807
2,1,3,0.6104096037191906
3,0,3,NaN
3,0,3,NaN
3,0,3,NaN
3,0,3,NaN
2,1,3,0.47699782718635464
3,0,3,0.47793771766761745
3,0,3,NaN
3,0,3,0.8356407771585233
2,1,3,0.04370689030141423
1,2,3,0.6505728275062779
3,0,3,NaN
3,0,3,NaN
2,1,3,0.43116983099757117
2,1,3,NaN
3,0,3,0.8356407771585233
2,1,3,0.6104096037191906
1,2,3,0.6979814411333362
2,1,3,0.927808813496808
2,1,3,0.08124548126717636
1,2,3,0.5235797891418857
2,1,3,0.3149813444585866
2,1,3,NaN
3,0,3,0.8553400459938837
3,0,3,NaN
1,2,3,NaN
2,1,3,0.19236277848876807
3,0,3,NaN
1,2,3,0.06611573959509347
3,0,3,NaN
3,0,3,0.35291544996872376
3,0,3,0.11404401218842061
3,0,3,NaN
2,1,3,0.21789723100099276
3,0,3,0.786623350458894
3,0,3,0.008126970210441814
1,2,3,NaN
2,1,3,0.650527252188679
3,0,3,0.07470550857760336
1,2,3,0.6914431924244484
2,1,3,NaN
3,0,3,0.569149748895899
2,1,3,0.47793771766761745
3,0,3,0.12538563526443292
3,0,3,0.24524244003177142
2,1,3,0.4197149066495041
3,0,3,0.3742435995723311
3,0,3,NaN
3,0,3,0.39064081951093954
2,1,3,NaN
3,0,3,0.12173051621346478
3,0,3,NaN
2,1,3,0.14766029718238274
2,1,3,0.7235730214618463
1,2,3,NaN
2,1,3,NaN
2,1,3,0.6918467433407898
1,2,3,NaN
3,0,3,NaN
3,0,3,NaN
2,1,3,0.7267509803124766
3,0,3,NaN
3,0,3,NaN
3,0,3,0.8356407771585233
3,0,3,0.06611573959509347
1,2,3,NaN
3,0,3,0.04370689030141423
3,0,3,0.35291544996872376
3,0,3,NaN
1,2,3,NaN
2,1,3,0.47793771766761745
3,0,3,0.9811127762214269
2,1,3,0.7582540955828375
3,0,3,NaN
3,0,3,NaN
1,2,3,NaN
3,0,3,NaN
2,1,3,0.8553400459938837
3,0,3,0.6914431924244484
2,1,3,0.8886935889394204
2,1,3,NaN
3,0,3,0.6104096037191906
2,1,3,NaN
2,1,3,NaN
3,0,3,NaN
2,1,3,NaN
3,0,3,0.6914431924244484
2,1,3,0.9649170932836378
1,2,3,NaN
3,0,3,0.8356407771585233
3,0,3,NaN
3,0,3,0.3149813444585866
3,0,3,0.11404401218842061
1,2,3,NaN
3,0,3,NaN
2,1,3,0.8356407771585233
3,0,3,NaN
3,0,3,0.6104096037191906
3,0,3,0.14001144213114858
2,1,3,NaN
2,1,3,NaN
3,0,3,0.6505728275062779
3,0,3,NaN
2,1,3,0.9234008089309449
3,0,3,0.569149748895899
2,1,3,NaN
1,2,3,0.14766029718238274
2,1,3,0.16806732870266622
3,0,3,NaN
1,2,3,NaN
3,0,3,0.47793771766761745
2,1,3,NaN
1,2,3,NaN
2,1,3,NaN
3,0,3,NaN
3,0,3,0.09943458759150654
3,0,3,NaN
1,2,3,NaN
2,1,3,NaN
3,0,3,NaN
2,1,3,NaN
2,1,3,NaN
3,0,3,NaN
1,2,3,0.47793771766761745
3,0,3,0.6505728275062779
2,1,3,NaN
3,0,3,NaN
2,1,3,0.8733102078879845
2,1,3,NaN
2,1,3,NaN
3,0,3,0.47793771766761745
2,1,3,0.05735097310840156
2,1,3,0.9165542235846281
3,0,3,NaN
3,0,3,NaN
3,0,3,0.5238679062670301
3,0,3,0.24524244003177142
1,2,3,NaN
2,1,3,0.14766029718238274
2,1,3,0.24524244003177142
3,0,3,NaN
3,0,3,0.6104096037191906
3,0,3,NaN
3,0,3,NaN
2,1,3,0.6914431924244484
3,0,3,0.8733102078879845
3,0,3,0.6505728275062779
2,1,3,0.7267509803124766
3,0,3,NaN
3,0,3,NaN
3,0,3,0.7267509803124766
3,0,3,NaN
3,0,3,NaN
1,2,3,0.27923371017636817
3,0,3,0.6505728275062779
3,0,3,NaN
1,2,3,0.7582540955828375
2,1,3,0.14766029718238274
2,1,3,NaN
3,0,3,NaN
3,0,3,0.786623350458894
1,2,3,0.35291544996872376
1,2,3,0.6505728275062779
3,0,3,0.9030952226408369
3,0,3,0.9961520687047375
2,1,3,0.8553400459938837
3,0,3,NaN
3,0,3,0.9163216390929619
2,1,3,NaN
2,1,3,0.011532985534739066
2,1,3,NaN
2,1,3,NaN
2,1,3,NaN
3,0,3,0.0
3,0,3,NaN
2,1,3,0.0015136685351692183
3,0,3,0.8356407771585233
3,0,3,0.5238679062670301
3,0,3,0.8135122998034316
3,0,3,0.06611573959509347
1,2,3,0.5238679062670301
2,1,3,NaN
2,1,3,NaN
2,1,3,NaN
3,0,3,0.9490411065363702
3,0,3,NaN
3,0,3,0.5238679062670301
3,0,3,0.8886935889394204
2,1,3,NaN
2,1,3,0.35291544996872376
2,1,3,0.8120477488685461
2,1,3,0.03539201526565143
1,2,3,NaN
3,0,3,0.16806732870266622
2,1,3,NaN
1,2,3,0.00010629024121640448
1,2,3,NaN
3,0,3,0.8356407771585233
3,0,3,NaN
3,0,3,0.6104096037191906
3,0,3,NaN
3,0,3,NaN
2,1,3,0.8356407771585233
3,0,3,NaN
3,0,3,NaN
2,1,3,0.43116983099757117
1,2,3,NaN
2,1,3,NaN
2,1,3,NaN
2,1,3,NaN
1,2,3,NaN
1,2,3,0.9974641985101251
1,2,3,NaN
3,0,3,NaN
3,0,3,NaN
3,0,3,0.8120477488685461
2,1,3,0.927808813496808
3,0,3,NaN
2,1,3,NaN
3,0,3,NaN
2,1,3,0.39064081951093954
1,2,3,NaN
3,0,3,0.5238679062670301
3,0,3,NaN
3,0,3,NaN
3,0,3,NaN
3,0,3,0.7582540955828375
3,0,3,NaN
3,0,3,NaN
3,0,3,0.7582540955828375
3,0,3,0.786623350458894
2,1,3,NaN
2,1,3,0.7582540955828375
2,1,3,NaN
3,0,3,NaN
2,1,3,0.43116983099757117
3,0,3,NaN
3,0,3,NaN
2,1,3,0.8733102078879845
3,0,3,NaN
3,0,3,0.5238679062670301
2,1,3,NaN
3,0,3,NaN
2,1,3,0.6505728275062779
3,0,3,NaN
1,2,3,0.6231994428908446
3,0,3,0.7582540955828375
3,0,3,NaN
3,0,3,NaN
3,0,3,0.927808813496808
2,1,3,NaN
3,0,3,NaN
2,1,3,0.8720060212102919
3,0,3,0.6505728275062779
3,0,3,0.8120477488685461
2,1,3,0.008126970210441814
2,1,3,NaN
2,1,3,NaN
3,0,3,0.8886935889394204
2,1,3,NaN
2,1,3,0.47793771766761745
1,2,3,0.5238679062670301
3,0,3,NaN
3,0,3,NaN
3,0,3,0.39064081951093954
2,1,3,0.7267509803124766
3,0,3,NaN
3,0,3,NaN
1,2,3,0.6104096037191906
2,1,3,NaN
2,1,3,NaN
3,0,3,0.24524244003177142
3,0,3,0.14766029718238274
2,1,3,0.07159045158556479
1,2,3,0.9494471673386267
3,0,3,0.43116983099757117
3,0,3,NaN
3,0,3,0.915999535825675
3,0,3,0.0494455745194533
3,0,3,0.19236277848876807
3,0,3,NaN
2,1,3,NaN
3,0,3,NaN
3,0,3,NaN
2,1,3,0.11404401218842061
1,2,3,NaN
3,0,3,NaN
3,0,3,0.9649170932836378
2,1,3,NaN
3,0,3,NaN
2,1,3,0.6936424771194916
1,2,3,NaN
3,0,3,0.7582540955828375
3,0,3,NaN
3,0,3,0.242937287423698
3,0,3,NaN
3,0,3,0.7267509803124766
2,1,3,0.6914431924244484
2,1,3,0.0494455745194533
2,1,3,0.6914431924244484
3,0,3,0.6979814411333362
2,1,3,NaN
3,0,3,0.47793771766761745
1,2,3,0.5972119773445547
2,1,3,NaN
3,0,3,0.9030952226408369
3,0,3,NaN
2,1,3,NaN
2,1,3,0.08596717446393809
2,1,3,NaN
3,0,3,0.569149748895899
2,1,3,0.9850950556555437
3,0,3,0.786623350458894
2,1,3,0.7582540955828375
3,0,3,0.3149813444585866
2,1,3,NaN
1,2,3,NaN
3,0,3,0.05735097310840156
2,1,3,0.6505728275062779
2,1,3,0.24524244003177142
2,1,3,NaN
2,1,3,NaN
3,0,3,0.6505728275062779
3,0,3,0.6505728275062779
2,1,3,0.03317022976394289
3,0,3,NaN
1,2,3,0.6505728275062779
3,0,3,0.7582540955828375
3,0,3,0.7582540955828375
3,0,3,0.9490411065363702
3,0,3,0.5238679062670301
2,1,3,NaN
3,0,3,NaN
2,1,3,0.43116983099757117
2,1,3,0.7762201877346611
2,1,3,NaN
1,2,3,NaN
3,0,3,0.8886935889394204
3,0,3,NaN
2,1,3,NaN
3,0,3,0.47793771766761745
1,2,3,0.8886935889394204
2,1,3,NaN
1,2,3,0.786623350458894
3,0,3,0.038139185542136786
2,1,3,0.1298724704817915
2,1,3,NaN
3,0,3,NaN
3,0,3,NaN
3,0,3,0.8120477488685461
2,1,3,NaN
3,0,3,0.05735097310840156
1,2,3,0.47793771766761745
3,0,3,NaN
3,0,3,NaN
1,2,3,0.47793771766761745
3,0,3,0.786623350458894
2,1,3,0.35291544996872376
3,0,3,NaN
1,2,3,0.7267509803124766
1,2,3,0.5238679062670301
1,2,3,0.6914431924244484
2,1,3,0.43116983099757117
3,0,3,NaN
1,2,3,0.5238679062670301
3,0,3,0.9490411065363702
3,0,3,NaN
3,0,3,0.927808813496808
2,1,3,0.14766029718238274
3,0,3,NaN
1,2,3,NaN
3,0,3,NaN
3,0,3,0.47793771766761745
3,0,3,NaN
2,1,3,0.008126970210441814
3,0,3,NaN
1,2,3,0.7582540955828375
3,0,3,NaN
2,1,3,0.8356407771585233
3,0,3,0.47793771766761745
1,2,3,NaN
2,1,3,NaN
2,1,3,0.9649170932836378
3,0,3,0.2180321792514569
2,1,3,NaN
3,0,3,0.28307077970323524
3,0,3,NaN
3,0,3,0.03317022976394289
2,1,3,NaN
1,2,3,0.24524244003177142
3,0,3,0.8120477488685461
1,2,3,0.24524244003177142
1,2,3,NaN
3,0,3,0.8356407771585233
2,1,3,NaN
1,2,3,0.7582540955828375
1,2,3,NaN
3,0,3,NaN
3,0,3,NaN
2,1,3,0.9030952226408369
1,2,3,NaN
2,1,3,0.6505728275062779
1,2,3,0.19236277848876807
2,1,3,NaN
3,0,3,0.9923256991209348
3,0,3,0.8886935889394204
3,0,3,NaN
3,0,3,NaN
2,1,3,NaN
3,0,3,NaN
3,0,3,0.27923371017636817
3,0,3,0.39064081951093954
2,1,3,0.6914431924244484
3,0,3,NaN
2,1,3,0.9030952226408369
2,1,3,NaN
3,0,3,0.9388397790286686
1,2,3,0.19236277848876807
2,1,3,0.786623350458894
1,2,3,NaN
2,1,3,NaN
3,0,3,NaN
2,1,3,NaN
3,0,3,0.7267509803124766
3,0,3,0.39064081951093954
2,1,3,0.6914431924244484
2,1,3,0.927808813496808
2,1,3,NaN
2,1,3,0.786623350458894
3,0,3,NaN
3,0,3,NaN
1,2,3,NaN
2,1,3,0.9388397790286686
3,0,3,0.39064081951093954
2,1,3,NaN
3,0,3,NaN
1,2,3,NaN
3,0,3,NaN
3,0,3,0.5238679062670301
3,0,3,0.08794087657375788
3,0,3,NaN
3,0,3,NaN
3,0,3,0.8356407771585233
1,2,3,NaN
1,2,3,0.27923371017636817
3,0,3,0.6505728275062779
1,2,3,NaN
1,2,3,0.8886935889394204
3,0,3,0.39064081951093954
3,0,3,0.9923710697724246
3,0,3,NaN
2,1,3,NaN
1,2,3,0.8886935889394204
1,2,3,NaN
1,2,3,NaN
3,0,3,0.9649170932836378
3,0,3,NaN
3,0,3,NaN
2,1,3,NaN
3,0,3,0.09943458759150654
3,0,3,NaN
1,2,3,0.1298724704817915
3,0,3,NaN
1,2,3,0.8886935889394204
3,0,3,0.27923371017636817
3,0,3,NaN
3,0,3,NaN
1,2,3,NaN
3,0,3,NaN
2,1,3,NaN
1,2,3,NaN
3,0,3,0.0007634542375115639
3,0,3,NaN
3,0,3,NaN
3,0,3,0.6104096037191906
3,0,3,0.06032071570429101
3,0,3,0.9163216390929619
3,0,3,NaN
3,0,3,0.9711836190363513
2,1,3,0.786623350458894
2,1,3,NaN
2,1,3,0.35291544996872376
1,2,3,0.01880761644846058
3,0,3,0.9574264943593161
1,2,3,0.09302747288186435
3,0,3,NaN
3,0,3,0.7582540955828375
1,2,3,NaN
1,2,3,0.9163216390929619
2,1,3,NaN
2,1,3,NaN
3,0,3,0.8733102078879845
1,2,3,0.8120477488685461
2,1,3,0.8120477488685461
3,0,3,0.786623350458894
3,0,3,0.08596717446393809
3,0,3,NaN
1,2,3,0.03794641341295346
2,1,3,NaN
1,2,3,NaN
2,1,3,0.8120477488685461
3,0,3,0.0069114224843666115
2,1,3,0.786623350458894
2,1,3,0.9163216390929619
2,1,3,NaN
3,0,3,NaN
3,0,3,0.7267509803124766
2,1,3,0.22838611907072756
3,0,3,NaN
3,0,3,0.7582540955828375
3,0,3,0.8356407771585233
3,0,3,0.0005745965809361405
1,2,3,0.43116983099757117
2,1,3,NaN
2,1,3,NaN
3,0,3,NaN
2,1,3,0.024979424385777767
3,0,3,NaN
3,0,3,0.6104096037191906
1,2,3,0.7582540955828375
3,0,3,NaN
3,0,3,NaN
3,0,3,NaN
3,0,3,NaN
3,0,3,0.16806732870266622
2,1,3,NaN
2,1,3,0.7267509803124766
2,1,3,0.24524244003177142
3,0,3,NaN
2,1,3,0.005812985542910942
2,1,3,0.47793771766761745
2,1,3,NaN
1,2,3,0.976413425292083
3,0,3,NaN
2,1,3,0.06451346478544323
2,1,3,NaN
3,0,3,NaN
3,0,3,NaN
2,1,3,NaN
2,1,3,0.2180321792514569
3,0,3,NaN
3,0,3,NaN
2,1,3,NaN
3,0,3,NaN
1,2,3,0.43116983099757117
2,1,3,0.27923371017636817
1,2,3,0.5238679062670301
3,0,3,NaN
1,2,3,0.7582540955828375
3,0,3,0.786623350458894
2,1,3,0.9163216390929619
3,0,3,NaN
2,1,3,NaN
3,0,3,0.14766029718238274
2,1,3,0.9163216390929619
2,1,3,NaN
2,1,3,NaN
2,1,3,0.39064081951093954
2,1,3,NaN
2,1,3,0.43116983099757117
1,2,3,0.18793005263217943
3,0,3,0.9857264206675347
3,0,3,0.786623350458894
3,0,3,0.47793771766761745
1,2,3,0.1452259319141794
2,1,3,0.1298724704817915
3,0,3,NaN
2,1,3,NaN
3,0,3,0.786623350458894
3,0,3,0.8356407771585233
3,0,3,0.19236277848876807
3,0,3,NaN
2,1,3,0.6914431924244484
3,0,3,NaN
3,0,3,0.39064081951093954
1,2,3,0.6914431924244484
3,0,3,NaN
3,0,3,NaN
2,1,3,NaN
2,1,3,NaN
1,2,3,NaN
2,1,3,NaN
3,0,3,NaN
1,2,3,0.8733102078879845
3,0,3,NaN
3,0,3,NaN
3,0,3,0.5238679062670301
2,1,3,NaN
2,1,3,0.8356407771585233
3,0,3,NaN
3,0,3,NaN
2,1,3,0.786623350458894
2,1,3,0.9574264943593161
3,0,3,0.9490411065363702
3,0,3,NaN
3,0,3,NaN
1,2,3,0.3149813444585866
2,1,3,0.43116983099757117
3,0,3,0.569149748895899
3,0,3,0.786623350458894
3,0,3,NaN
2,1,3,0.6914431924244484
2,1,3,0.40057686224618433
2,1,3,NaN
3,0,3,NaN
2,1,3,0.09943458759150654
2,1,3,0.2180321792514569
3,0,3,0.6104096037191906
2,1,3,0.3149813444585866
3,0,3,0.11404401218842061
3,0,3,NaN
3,0,3,0.569149748895899
2,1,3,0.47793771766761745
2,1,3,0.3149813444585866
3,0,3,NaN
2,1,3,NaN
1,2,3,0.7582540955828375
3,0,3,NaN
1,2,3,NaN
3,0,3,NaN
1,2,3,0.7267509803124766
3,0,3,0.6505728275062779
3,0,3,NaN
3,0,3,NaN
3,0,3,NaN
1,2,3,NaN
2,1,3,0.9388397790286686
2,1,3,0.4964159108272727
3,0,3,0.1298724704817915
2,1,3,0.6104096037191906
3,0,3,0.9574264943593161
1,2,3,NaN
3,0,3,0.11404401218842061
3,0,3,NaN
1,2,3,NaN
3,0,3,NaN
2,1,3,0.49918214384274195
2,1,3,0.028886075440067927
3,0,3,NaN
3,0,3,NaN
1,2,3,0.8120477488685461
3,0,3,NaN
1,2,3,0.01389863463638223
1,2,3,NaN
2,1,3,0.06611573959509347
2,1,3,0.9388397790286686
2,1,3,0.9163216390929619
3,0,3,0.786623350458894
1,2,3,0.6914431924244484
3,0,3,0.9388397790286686
3,0,3,NaN
3,0,3,0.786623350458894
3,0,3,0.786623350458894
3,0,3,NaN
2,1,3,0.927808813496808
2,1,3,0.21867556790285456
1,2,3,NaN
1,2,3,0.8415454746148262
1,2,3,0.9388397790286686
3,0,3,NaN
2,1,3,NaN
2,1,3,0.7582540955828375
2,1,3,0.43116983099757117
1,2,3,NaN
2,1,3,NaN
3,0,3,NaN
2,1,3,NaN
3,0,3,NaN
3,0,3,NaN
2,1,3,0.19236277848876807
2,1,3,NaN
3,0,3,NaN
2,1,3,NaN
1,2,3,NaN
2,1,3,NaN
3,0,3,0.8765845457934517
3,0,3,0.0494455745194533
2,1,3,NaN
3,0,3,NaN
3,0,3,NaN
2,1,3,NaN
2,1,3,0.24524244003177142
3,0,3,0.5238679062670301
2,1,3,NaN
2,1,3,0.7267509803124766
1,2,3,0.569149748895899
3,0,3,NaN
2,1,3,NaN
3,0,3,NaN
1,2,3,NaN
1,2,3,NaN
2,1,3,0.47793771766761745
1,2,3,0.8356407771585233
3,0,3,NaN
3,0,3,0.4553023459174757
3,0,3,NaN
3,0,3,NaN
3,0,3,NaN
2,1,3,NaN
1,2,3,0.7267509803124766
2,1,3,0.9388397790286686
2,1,3,NaN
3,0,3,NaN
1,2,3,0.8886935889394204
2,1,3,NaN
3,0,3,NaN
2,1,3,NaN
3,0,3,0.6104096037191906
2,1,3,0.569149748895899
2,1,3,0.9030952226408369
3,0,3,NaN
1,2,3,0.8876928958714316
2,1,3,0.8120477488685461
2,1,3,NaN
2,1,3,0.927808813496808
2,1,3,NaN
3,0,3,NaN
2,1,3,0.03794641341295346
2,1,3,0.4129210572381568
3,0,3,0.43116983099757117
3,0,3,0.786623350458894
3,0,3,0.6914431924244484
3,0,3,0.9388397790286686
3,0,3,NaN
3,0,3,NaN
3,0,3,NaN
2,1,3,NaN
1,2,3,0.9388397790286686
3,0,3,NaN
2,1,3,0.8120477488685461
2,1,3,0.9711836190363513
3,0,3,NaN
1,2,3,0.6833758768314452
3,0,3,NaN
3,0,3,NaN
2,1,3,0.008203661132883766
3,0,3,0.09943458759150654
3,0,3,NaN
3,0,3,0.7267509803124766
1,2,3,0.786623350458894
3,0,3,NaN
3,0,3,NaN
3,0,3,0.9490411065363702
3,0,3,0.016314898271010056
2,1,3,0.6505728275062779
3,0,3,NaN
2,1,3,0.7582540955828375
3,0,3,0.9490411065363702
3,0,3,0.43116983099757117
3,0,3,NaN
3,0,3,0.8733102078879845
1,2,3,NaN
3,0,3,0.569149748895899
3,0,3,NaN
3,0,3,0.8553400459938837
2,1,3,0.47793771766761745
3,0,3,NaN
3,0,3,NaN
1,2,3,NaN
2,1,3,0.6104096037191906
3,0,3,0.27923371017636817
3,0,3,NaN
3,0,3,0.786623350458894
1,2,3,0.39064081951093954
3,0,3,NaN
2,1,3,0.7582540955828375
3,0,3,0.42721151448376155
3,0,3,NaN
2,1,3,NaN
3,0,3,0.8120477488685461
1,2,3,NaN
3,0,3,0.8356407771585233
1,2,3,NaN
3,0,3,0.9030952226408369
3,0,3,0.569149748895899
3,0,3,NaN
3,0,3,NaN
3,0,3,NaN
3,0,3,NaN
3,0,3,0.7267509803124766
3,0,3,0.9811127762214269
3,0,3,NaN
3,0,3,0.7267509803124766
2,1,3,NaN
3,0,3,NaN
3,0,3,0.8733102078879845
3,0,3,NaN
3,0,3,NaN
2,1,3,NaN
3,0,3,NaN
3,0,3,0.9490411065363702
3,0,3,NaN
2,1,3,0.13906406781445516
3,0,3,0.9711836190363513
3,0,3,NaN
2,1,3,NaN
2,1,3,0.39064081951093954
3,0,3,0.6104096037191906
3,0,3,NaN
3,0,3,0.7267509803124766
3,0,3,0.8733102078879845
2,1,3,0.37416259181893485
2,1,3,NaN
2,1,3,NaN
3,0,3,NaN
3,0,3,NaN
3,0,3,NaN
3,0,3,NaN
3,0,3,0.01389863463638223
3,0,3,NaN
2,1,3,0.5238679062670301
2,1,3,0.27923371017636817
3,0,3,0.6181101058296996
2,1,3,NaN
3,0,3,0.35291544996872376
3,0,3,0.569149748895899
3,0,3,NaN
3,0,3,NaN
2,1,3,0.927808813496808
3,0,3,NaN
3,0,3,NaN
3,0,3,NaN
1,2,3,NaN
2,1,3,NaN
3,0,3,NaN
1,2,3,0.39064081951093954
3,0,3,NaN
1,2,3,NaN
3,0,3,NaN
2,1,3,NaN
2,1,3,NaN
3,0,3,NaN
1,2,3,0.569149748895899
2,1,3,0.7912923686209575
2,1,3,NaN
2,1,3,NaN
1,2,3,NaN
1,2,3,0.786623350458894
2,1,3,NaN
2,1,3,NaN
1,2,3,NaN
1,2,3,0.24524244003177142
2,1,3,NaN
3,0,3,0.569149748895899
3,0,3,0.8370498159240735
3,0,3,NaN
3,0,3,NaN
3,0,3,0.43116983099757117
3,0,3,0.47793771766761745
3,0,3,NaN
1,2,3,0.035984117161293905
2,1,3,0.35291544996872376
3,0,3,NaN
3,0,3,0.7267509803124766
2,1,3,NaN
2,1,3,0.35291544996872376
3,0,3,0.6505728275062779
3,0,3,0.6914431924244484
3,0,3,0.7582540955828375
2,1,3,0.9163216390929619
1,2,3,NaN
1,2,3,NaN
2,1,3,NaN
2,1,3,0.24524244003177142
2,1,3,NaN
3,0,3,0.39064081951093954
2,1,3,0.39064081951093954
3,0,3,NaN
3,0,3,NaN
1,2,3,NaN
1,2,3,0.47793771766761745
3,0,3,0.24524244003177142
2,1,3,NaN
1,2,3,NaN
2,1,3,0.6181101058296996
3,0,3,NaN
2,1,3,0.39064081951093954
1,2,3,0.7267509803124766
3,0,3,0.786623350458894
3,0,3,0.8120477488685461
3,0,3,NaN
3,0,3,NaN
1,2,3,0.9030952226408369
3,0,3,NaN
3,0,3,0.021960220642977778
1,2,3,NaN
3,0,3,NaN
2,1,3,NaN
2,1,3,0.14401567657589354
3,0,3,0.27923371017636817
3,0,3,0.5521089525595249
1,2,3,0.7267509803124766
1,2,3,0.8120477488685461
2,1,3,0.19236277848876807
2,1,3,0.09943458759150654
2,1,3,0.927808813496808
2,1,3,NaN
3,0,3,0.47793771766761745
3,0,3,NaN
3,0,3,NaN
3,0,3,0.24524244003177142
3,0,3,NaN
2,1,3,NaN
2,1,3,0.9944136266474382
2,1,3,NaN
1,2,3,NaN
2,1,3,0.07071721497299611
2,1,3,NaN
2,1,3,NaN
3,0,3,NaN
1,2,3,NaN
3,0,3,0.06611573959509347
3,0,3,0.27923371017636817
3,0,3,NaN
2,1,3,NaN
3,0,3,NaN
3,0,3,NaN
2,1,3,0.786623350458894
1,2,3,0.16806732870266622
1,2,3,NaN
3,0,3,NaN
2,1,3,0.8886935889394204
2,1,3,0.11404401218842061
2,1,3,NaN
2,1,3,NaN
3,0,3,NaN
2,1,3,NaN
2,1,3,0.8733102078879845
3,0,3,0.34436755433536964
3,0,3,NaN
1,2,3,0.5964545205257348
3,0,3,NaN
1,2,3,NaN
3,0,3,0.7051840551574875
3,0,3,0.6104096037191906
1,2,3,NaN
2,1,3,0.8442143217132388
2,1,3,0.14766029718238274
3,0,3,0.6505728275062779
2,1,3,NaN
3,0,3,0.927808813496808
2,1,3,0.6104096037191906
1,2,3,0.6104096037191906
2,1,3,NaN
1,2,3,0.9030952226408369
1,2,3,0.27923371017636817
3,0,3,NaN
1,2,3,0.8120477488685461
2,1,3,0.9711836190363513
3,0,3,NaN
1,2,3,NaN
2,1,3,0.976413425292083
3,0,3,0.08596717446393809
3,0,3,NaN
2,1,3,0.9163216390929619
3,0,3,NaN
3,0,3,NaN
3,0,3,0.35291544996872376
3,0,3,NaN
3,0,3,0.786623350458894
3,0,3,0.9490411065363702
3,0,3,NaN
3,0,3,0.04370689030141423
3,0,3,0.39064081951093954
3,0,3,NaN
2,1,3,0.898613530451076
3,0,3,0.7582540955828375
3,0,3,0.8356407771585233
3,0,3,0.786623350458894
3,0,3,NaN
3,0,3,NaN
3,0,3,NaN
2,1,3,NaN
3,0,3,NaN
3,0,3,NaN
3,0,3,0.6505728275062779
1,2,3,NaN
2,1,3,NaN
2,1,3,NaN
3,0,3,NaN
2,1,3,0.27923371017636817
3,0,3,0.6505728275062779
3,0,3,NaN
1,2,3,0.35291544996872376
3,0,3,NaN
1,2,3,0.8442143217132388
3,0,3,0.06401128502476251
3,0,3,0.04370689030141423
2,1,3,0.40685701951534237
2,1,3,0.3149813444585866
2,1,3,9.195135360871283e-5
1,2,3,NaN
3,0,3,NaN
2,1,3,NaN
2,1,3,0.8915062399522097
2,1,3,NaN
3,0,3,NaN
3,0,3,0.8733102078879845
2,1,3,NaN
3,0,3,NaN
3,0,3,NaN
1,2,3,NaN
3,0,3,NaN
3,0,3,0.47793771766761745
3,0,3,NaN
3,0,3,0.19236277848876807
3,0,3,NaN
3,0,3,0.01880761644846058
2,1,3,0.9163216390929619
3,0,3,NaN
1,2,3,0.7444764811943226
3,0,3,NaN
1,2,3,NaN
3,0,3,NaN
2,1,3,0.8733102078879845
1,2,3,NaN
1,2,3,0.7267509803124766
3,0,3,NaN
3,0,3,NaN
3,0,3,0.7582540955828375
2,1,3,NaN
3,0,3,NaN
1,2,3,NaN
3,0,3,0.47793771766761745
1,2,3,0.5238679062670301
3,0,3,NaN
1,2,3,0.1897264079208636
2,1,3,0.6914431924244484
3,0,3,NaN
2,1,3,0.24924498471286638
3,0,3,NaN
1,2,3,0.32060825008327226
2,1,3,NaN
2,1,3,NaN
2,1,3,NaN
2,1,3,NaN
3,0,3,NaN
3,0,3,NaN
3,0,3,0.39064081951093954
1,2,3,NaN
3,0,3,0.927808813496808
2,1,3,NaN
2,1,3,NaN
3,0,3,NaN
1,2,3,0.14766029718238274
3,0,3,0.6505728275062779
3,0,3,0.41781409793355745
2,1,3,0.8553400459938837
1,2,3,0.7582540955828375
3,0,3,0.01389863463638223
3,0,3,NaN
3,0,3,0.27923371017636817
1,2,3,0.1298724704817915
3,0,3,0.6914431924244484
1,2,3,0.6914431924244484
2,1,3,0.35291544996872376
3,0,3,NaN
1,2,3,0.786623350458894
2,1,3,NaN
3,0,3,0.8356407771585233
3,0,3,NaN
1,2,3,0.7267509803124766
2,1,3,NaN
2,1,3,0.25841863339059545
2,1,3,0.9030952226408369
3,0,3,0.569149748895899
2,1,3,0.9163216390929619
3,0,3,NaN
1,2,3,NaN
3,0,3,NaN
2,1,3,NaN
1,2,3,0.35291544996872376
3,0,3,0.8733102078879845
2,1,3,NaN
1,2,3,0.43116983099757117
3,0,3,0.7912923686209575
3,0,3,NaN
1,2,3,0.569149748895899
1,2,3,0.11404401218842061
3,0,3,0.8553400459938837
3,0,3,NaN
3,0,3,0.7267509803124766
1,2,3,0.9857264206675347
3,0,3,0.08596717446393809
2,1,3,0.43116983099757117
1,2,3,0.16806732870266622
2,1,3,NaN
3,0,3,0.786623350458894
2,1,3,0.47793771766761745
3,0,3,NaN
3,0,3,0.35711384072784785
1,2,3,0.8733102078879845
1,2,3,0.6914431924244484
1,2,3,NaN
2,1,3,0.151853308916635
3,0,3,NaN
3,0,3,NaN
2,1,3,0.14766029718238274
3,0,3,NaN
1,2,3,0.47793771766761745
1,2,3,NaN
3,0,3,0.7267509803124766
3,0,3,0.8553400459938837
2,1,3,0.06611573959509347
2,1,3,0.9711836190363513
3,0,3,0.03794641341295346
3,0,3,NaN
2,1,3,NaN
3,0,3,0.8356407771585233
3,0,3,NaN
3,0,3,0.9857264206675347
2,1,3,NaN
2,1,3,NaN
3,0,3,0.6104096037191906
2,1,3,NaN
2,1,3,0.9163216390929619
2,1,3,NaN
1,2,3,NaN
1,2,3,NaN
2,1,3,0.6914431924244484
2,1,3,NaN
1,2,3,NaN
1,2,3,NaN
1,2,3,0.6914431924244484
2,1,3,0.8553400459938837
3,0,3,NaN
3,0,3,NaN
3,0,3,0.27923371017636817
1,2,3,0.6914431924244484
2,1,3,NaN
2,1,3,NaN
2,1,3,NaN
3,0,3,0.16806732870266622
2,1,3,NaN
2,1,3,NaN
2,1,3,NaN
3,0,3,NaN
3,0,3,NaN
2,1,3,0.6104096037191906
3,0,3,NaN
3,0,3,NaN
3,0,3,0.7582540955828375
2,1,3,0.8120477488685461
2,1,3,0.9115847525002773
3,0,3,NaN
1,2,3,0.04370689030141423
3,0,3,0.6914431924244484
3,0,3,NaN
2,1,3,0.5567740199748449
3,0,3,NaN
2,1,3,0.6505728275062779
3,0,3,0.8120477488685461
1,2,3,0.5238679062670301
3,0,3,NaN
2,1,3,NaN
3,0,3,NaN
3,0,3,0.786623350458894
3,0,3,0.5238679062670301
2,1,3,0.057001573045734374
2,1,3,NaN
3,0,3,NaN
1,2,3,NaN
3,0,3,NaN
3,0,3,0.16806732870266622
1,2,3,0.19236277848876807
3,0,3,NaN
3,0,3,NaN
1,2,3,0.16806732870266622
3,0,3,NaN
3,0,3,0.9490411065363702
3,0,3,0.786623350458894
3,0,3,NaN
1,2,3,NaN
2,1,3,0.4024500461929282
1,2,3,NaN
2,1,3,NaN
2,1,3,NaN
2,1,3,0.6914431924244484
3,0,3,NaN
3,0,3,NaN
2,1,3,NaN
2,1,3,NaN
2,1,3,0.6944809040791058
1,2,3,0.43116983099757117
3,0,3,NaN
3,0,3,NaN
2,1,3,0.9811127762214269
2,1,3,NaN
1,2,3,NaN
1,2,3,0.6505728275062779
2,1,3,NaN
3,0,3,0.6104096037191906
1,2,3,0.5447695875725546
2,1,3,NaN
2,1,3,0.9574264943593161
3,0,3,NaN
1,2,3,0.43116983099757117
3,0,3,0.6914431924244484
3,0,3,0.016314898271010056
3,0,3,NaN
1,2,3,0.35291544996872376
2,1,3,NaN
3,0,3,NaN
2,1,3,NaN
3,0,3,NaN
3,0,3,0.6505728275062779
2,1,3,NaN
2,1,3,NaN
3,0,3,NaN
3,0,3,NaN
3,0,3,0.6104096037191906
3,0,3,0.7582540955828375
2,1,3,NaN
3,0,3,NaN
2,1,3,NaN
3,0,3,NaN
2,1,3,NaN
2,1,3,0.2838355662784277
3,0,3,0.16002315298293593
3,0,3,NaN
2,1,3,NaN
2,1,3,0.8356407771585233
2,1,3,NaN
1,2,3,0.3149813444585866
1,2,3,NaN
2,1,3,0.07470550857760336
2,1,3,NaN
2,1,3,0.11404401218842061
2,1,3,0.9574264943593161
1,2,3,NaN
3,0,3,0.5238679062670301
1,2,3,0.976413425292083
1,2,3,NaN
3,0,3,NaN
3,0,3,NaN
2,1,3,0.8886935889394204
3,0,3,NaN
2,1,3,NaN
3,0,3,NaN
2,1,3,NaN
2,1,3,0.2180321792514569
1,2,3,0.786623350458894
2,1,3,NaN
2,1,3,NaN
3,0,3,NaN
3,0,3,0.49974308594955635
3,0,3,0.9490411065363702
1,2,3,0.6104096037191906
2,1,3,0.6104096037191906
3,0,3,0.11404401218842061
3,0,3,NaN
3,0,3,NaN
2,1,3,NaN
3,0,3,NaN
3,0,3,NaN
3,0,3,0.8886935889394204
1,2,3,0.27923371017636817
1,2,3,0.9490411065363702
1,2,3,NaN
3,0,3,1.890402466605534e-5
2,1,3,0.16806732870266622
3,0,3,NaN
3,0,3,NaN
2,1,3,0.8120477488685461
3,0,3,0.39064081951093954
3,0,3,NaN
3,0,3,NaN
1,2,3,0.8356407771585233
3,0,3,NaN
2,1,3,NaN
1,2,3,NaN
3,0,3,NaN
2,1,3,0.6914431924244484
3,0,3,NaN
3,0,3,0.35291544996872376
3,0,3,NaN
3,0,3,0.43116983099757117
3,0,3,NaN
3,0,3,0.786623350458894
1,2,3,0.6914431924244484
1,2,3,0.786623350458894
3,0,3,NaN
2,1,3,NaN
3,0,3,NaN
1,2,3,NaN
1,2,3,NaN
2,1,3,0.6104096037191906
3,0,3,0.569149748895899
2,1,3,0.6914431924244484
2,1,3,NaN
2,1,3,0.6914431924244484
1,2,3,0.16806732870266622
3,0,3,NaN
2,1,3,NaN
3,0,3,0.39064081951093954
2,1,3,0.6914431924244484
2,1,3,NaN
3,0,3,0.9649170932836378
3,0,3,0.8886935889394204
2,1,3,0.6104096037191906
3,0,3,NaN
3,0,3,0.9574264943593161
2,1,3,0.08596717446393809
1,2,3,0.35291544996872376
3,0,3,0.0
2,1,3,0.7267509803124766
1,2,3,NaN
2,1,3,0.8356407771585233
3,0,3,NaN
2,1,3,0.47793771766761745
3,0,3,NaN
3,0,3,NaN
3,0,3,0.06611573959509347
3,0,3,NaN
2,1,3,0.4129210572381568
3,0,3,0.9030952226408369
3,0,3,0.2180321792514569
2,1,3,NaN
2,1,3,NaN
3,0,3,0.8553400459938837
2,1,3,0.6505728275062779
2,1,3,NaN
2,1,3,NaN
2,1,3,NaN
3,0,3,NaN
3,0,3,NaN
3,0,3,NaN
2,1,3,NaN
3,0,3,0.1400232804908131
2,1,3,0.39064081951093954
2,1,3,NaN
1,2,3,NaN
3,0,3,NaN
3,0,3,0.1452259319141794
2,1,3,NaN
3,0,3,0.9030952226408369
3,0,3,0.9574264943593161
3,0,3,NaN
3,0,3,NaN
2,1,3,NaN
3,0,3,0.27923371017636817
1,2,3,0.892060644376351
2,1,3,NaN
3,0,3,0.47793771766761745
3,0,3,0.35291544996872376
3,0,3,0.927808813496808
2,1,3,NaN
2,1,3,NaN
2,1,3,0.7582540955828375
3,0,3,0.5238679062670301
2,1,3,0.8733102078879845
3,0,3,0.9711836190363513
1,2,3,NaN
3,0,3,NaN
3,0,3,0.43116983099757117
3,0,3,NaN
2,1,3,NaN
2,1,3,NaN
3,0,3,NaN
3,0,3,NaN
1,2,3,NaN
2,1,3,0.27369177007057516
2,1,3,NaN
3,0,3,0.8356407771585233
3,0,3,NaN
3,0,3,NaN
1,2,3,0.7055277283206506
3,0,3,NaN
3,0,3,NaN
3,0,3,0.43116983099757117
1,2,3,0.6505728275062779
3,0,3,NaN
3,0,3,NaN
2,1,3,0.11404401218842061
2,1,3,NaN
1,2,3,NaN
1,2,3,NaN
3,0,3,0.5238679062670301
3,0,3,0.39064081951093954
3,0,3,NaN
3,0,3,0.2180321792514569
2,1,3,0.7444764811943226
3,0,3,NaN
3,0,3,NaN
2,1,3,NaN
3,0,3,0.6914431924244484
2,1,3,0.927808813496808
3,0,3,0.47793771766761745
3,0,3,NaN
2,1,3,NaN
3,0,3,0.43116983099757117
3,0,3,NaN
2,1,3,0.0019801671526889723
2,1,3,NaN
2,1,3,0.04986375367705703
2,1,3,NaN
2,1,3,0.8553400459938837
2,1,3,NaN
1,2,3,NaN
1,2,3,0.16002315298293593
1,2,3,0.7267509803124766
1,2,3,NaN
3,0,3,0.028886075440067927
3,0,3,0.07470550857760336
2,1,3,NaN
3,0,3,NaN
1,2,3,0.25841863339059545
1,2,3,NaN
3,0,3,NaN
3,0,3,0.024979424385777767
3,0,3,0.8952603189304542
3,0,3,0.43116983099757117
3,0,3,NaN
3,0,3,0.27923371017636817
3,0,3,NaN
2,1,3,NaN
2,1,3,NaN
2,1,3,NaN
2,1,3,0.9084939409843066
1,2,3,0.39064081951093954
2,1,3,NaN
3,0,3,NaN
1,2,3,NaN
1,2,3,NaN
1,2,3,NaN
3,0,3,0.6505728275062779
2,1,3,NaN
3,0,3,0.569149748895899
3,0,3,NaN
3,0,3,NaN
3,0,3,NaN
3,0,3,0.4892673659773662
2,1,3,NaN
3,0,3,0.7582540955828375
2,1,3,0.6914431924244484
3,0,3,0.16806732870266622
3,0,3,NaN
2,1,3,NaN
3,0,3,NaN
3,0,3,NaN
3,0,3,0.9490411065363702
3,0,3,NaN
2,1,3,0.8886935889394204
1,2,3,0.06611573959509347
2,1,3,0.16806732870266622
1,2,3,0.16909288643313697
3,0,3,NaN
2,1,3,0.6293150791863887
3,0,3,NaN
2,1,3,0.8553400459938837
2,1,3,NaN
2,1,3,0.1298724704817915
2,1,3,0.6104096037191906
2,1,3,0.9030952226408369
3,0,3,NaN
2,1,3,NaN
3,0,3,0.43116983099757117
3,0,3,0.02044106720705182
2,1,3,0.600450870138093
3,0,3,0.6104096037191906
3,0,3,0.9811127762214269
3,0,3,NaN
2,1,3,0.35291544996872376
2,1,3,NaN
1,2,3,NaN
2,1,3,0.7267509803124766
2,1,3,0.27923371017636817
2,1,3,NaN
1,2,3,NaN
2,1,3,NaN
1,2,3,0.5964545205257348
3,0,3,NaN
2,1,3,0.6505728275062779
3,0,3,0.12209273667816883
1,2,3,NaN
3,0,3,0.19236277848876807
3,0,3,0.003292552388002024
3,0,3,0.19236277848876807
2,1,3,0.6505728275062779
2,1,3,NaN
3,0,3,0.7582540955828375
2,1,3,NaN
2,1,3,0.6104096037191906
3,0,3,NaN
2,1,3,NaN
1,2,3,NaN
3,0,3,0.6505728275062779
3,0,3,0.3149813444585866
3,0,3,0.976413425292083
2,1,3,0.26172410697026827
3,0,3,0.9030952226408369
2,1,3,NaN
3,0,3,NaN
2,1,3,NaN
2,1,3,0.7582540955828375
3,0,3,NaN
2,1,3,NaN
3,0,3,NaN
2,1,3,NaN
3,0,3,0.24524244003177142
2,1,3,0.786623350458894
3,0,3,0.9857264206675347
2,1,3,0.39064081951093954
2,1,3,NaN
2,1,3,NaN
3,0,3,0.6505728275062779
1,2,3,0.8733102078879845
2,1,3,0.39064081951093954
2,1,3,NaN
3,0,3,0.6505728275062779
3,0,3,NaN
2,1,3,0.976413425292083
3,0,3,NaN
3,0,3,NaN
3,0,3,0.021960220642977778
1,2,3,NaN
2,1,3,0.6914431924244484
2,1,3,0.3149813444585866
2,1,3,0.00010849694202723333
2,1,3,NaN
2,1,3,0.2180321792514569
2,1,3,NaN
2,1,3,0.8553400459938837
3,0,3,0.9388397790286686
2,1,3,NaN
1,2,3,NaN
1,2,3,NaN
3,0,3,NaN
2,1,3,0.08596717446393809
2,1,3,NaN
2,1,3,NaN
3,0,3,0.47793771766761745
3,0,3,0.35291544996872376
3,0,3,NaN
3,0,3,0.892060644376351
2,1,3,0.9811127762214269
3,0,3,NaN
3,0,3,NaN
3,0,3,0.47793771766761745
2,1,3,0.8356407771585233
2,1,3,NaN
2,1,3,0.569149748895899
2,1,3,NaN
2,1,3,0.0007634542375115639
1,2,3,NaN
2,1,3,0.3871581495179797
3,0,3,NaN
3,0,3,NaN
2,1,3,NaN
3,0,3,0.19236277848876807
3,0,3,NaN
2,1,3,0.3195497322006788
2,1,3,NaN
2,1,3,NaN
2,1,3,0.950144339150178
3,0,3,NaN
3,0,3,NaN
3,0,3,0.9030952226408369
3,0,3,0.2282523807203539
1,2,3,0.8886935889394204
2,1,3,0.998767140334452
1,2,3,0.6914431924244484
1,2,3,NaN
3,0,3,0.14766029718238274
1,2,3,0.8886935889394204
2,1,3,NaN
2,1,3,0.06389286072298146
3,0,3,0.1298724704817915
3,0,3,NaN
2,1,3,NaN
2,1,3,0.927808813496808
3,0,3,NaN
2,1,3,NaN
2,1,3,0.39064081951093954
2,1,3,NaN
3,0,3,NaN
3,0,3,NaN
2,1,3,NaN
3,0,3,NaN
2,1,3,0.8881480885951085
2,1,3,0.8733102078879845
2,1,3,0.9456363068869769
3,0,3,0.14766029718238274
1,2,3,NaN
3,0,3,0.9711836190363513
3,0,3,0.08596717446393809
2,1,3,0.7582540955828375
3,0,3,0.9030952226408369
2,1,3,NaN
2,1,3,NaN
2,1,3,NaN
3,0,3,NaN
2,1,3,NaN
3,0,3,NaN
3,0,3,NaN
2,1,3,NaN
3,0,3,0.9030952226408369
3,0,3,NaN
2,1,3,0.8120477488685461
2,1,3,0.7267509803124766
2,1,3,NaN
2,1,3,0.9711836190363513
3,0,3,NaN
1,2,3,0.6914431924244484
3,0,3,NaN
3,0,3,NaN
2,1,3,NaN
2,1,3,0.7582540955828375
3,0,3,0.8553400459938837
1,2,3,NaN
3,0,3,0.7727911082485781
2,1,3,0.9811127762214269
3,0,3,NaN
3,0,3,0.3149813444585866
1,2,3,0.8120477488685461
1,2,3,NaN
2,1,3,0.9711836190363513
3,0,3,NaN
2,1,3,0.07470550857760336
2,1,3,NaN
2,1,3,0.7267509803124766
1,2,3,NaN
2,1,3,0.08596717446393809
3,0,3,NaN
3,0,3,0.5238679062670301
3,0,3,0.025517424320572617
3,0,3,NaN
3,0,3,0.9030952226408369
2,1,3,0.9574264943593161
1,2,3,0.16806732870266622
3,0,3,0.39064081951093954
2,1,3,0.6505728275062779
3,0,3,NaN
3,0,3,0.7582540955828375
1,2,3,NaN
2,1,3,NaN
3,0,3,0.05735097310840156
3,0,3,0.24524244003177142
2,1,3,0.8120477488685461
3,0,3,0.25918290793792376
3,0,3,NaN
1,2,3,NaN
1,2,3,NaN
3,0,3,0.9030952226408369
2,1,3,0.9923256991209348
3,0,3,NaN
3,0,3,0.6914431924244484
2,1,3,0.6914431924244484
3,0,3,0.569149748895899
1,2,3,NaN
2,1,3,NaN
3,0,3,0.05735097310840156
2,1,3,0.47793771766761745
3,0,3,0.2180321792514569
1,2,3,0.5988966746409761
2,1,3,0.020724908504337565
3,0,3,NaN
3,0,3,NaN
2,1,3,NaN
3,0,3,NaN
3,0,3,0.19236277848876807
3,0,3,NaN
1,2,3,NaN
3,0,3,0.05735097310840156
2,1,3,0.5238679062670301
1,2,3,0.786623350458894
1,2,3,0.3149813444585866
1,2,3,0.1452259319141794
2,1,3,NaN
3,0,3,NaN
2,1,3,0.19236277848876807
3,0,3,NaN
1,2,3,0.9163216390929619
2,1,3,0.927808813496808
3,0,3,0.927808813496808
3,0,3,0.5932290821066095
1,2,3,NaN
3,0,3,NaN
3,0,3,0.9894656266614458
1,2,3,NaN
3,0,3,0.1535238301458931
2,1,3,0.927808813496808
2,1,3,NaN
3,0,3,0.5238679062670301
3,0,3,0.6914431924244484
1,2,3,NaN
3,0,3,NaN
3,0,3,0.9811127762214269
2,1,3,NaN
2,1,3,0.6505728275062779
3,0,3,0.927808813496808
3,0,3,NaN
3,0,3,0.47793771766761745
3,0,3,NaN
2,1,3,0.19236277848876807
2,1,3,0.21867556790285456
2,1,3,NaN
1,2,3,0.9894656266614458
3,0,3,0.3149813444585866
3,0,3,NaN
2,1,3,NaN
1,2,3,0.1298724704817915
3,0,3,0.8120477488685461
3,0,3,NaN
3,0,3,NaN
3,0,3,NaN
3,0,3,NaN
3,0,3,0.003736962491151852
3,0,3,NaN
3,0,3,0.2180321792514569
1,2,3,0.8120477488685461
1,2,3,NaN
3,0,3,0.5932290821066095
1,2,3,NaN
1,2,3,0.8356407771585233
3,0,3,NaN
3,0,3,NaN
3,0,3,NaN
2,1,3,0.9030952226408369
3,0,3,0.08596717446393809
2,1,3,NaN
1,2,3,0.35291544996872376
3,0,3,NaN
1,2,3,0.19236277848876807
2,1,3,NaN
1,2,3,NaN
3,0,3,0.19236277848876807
1,2,3,0.33326865980046866
1,2,3,0.08596717446393809
1,2,3,NaN
1,2,3,0.786623350458894
2,1,3,NaN
3,0,3,NaN
2,1,3,0.43116983099757117
3,0,3,NaN
3,0,3,NaN
1,2,3,0.09943458759150654
3,0,3,NaN
1,2,3,NaN
3,0,3,NaN
1,2,3,0.3149813444585866
1,2,3,0.32305707266974876
3,0,3,0.835445920380814
2,1,3,NaN
2,1,3,NaN
3,0,3,0.7582540955828375
2,1,3,0.3149813444585866
2,1,3,NaN
3,0,3,NaN
3,0,3,0.7718834732979032
3,0,3,NaN
2,1,3,NaN
3,0,3,0.5988966746409761
3,0,3,0.43116983099757117
3,0,3,NaN
3,0,3,NaN
3,0,3,0.786623350458894
2,1,3,0.6612022198553533
3,0,3,NaN
3,0,3,NaN
2,1,3,NaN
2,1,3,NaN
3,0,3,NaN
3,0,3,0.6104096037191906
2,1,3,NaN
3,0,3,0.6505728275062779
3,0,3,NaN
3,0,3,NaN
2,1,3,0.9574264943593161
3,0,3,NaN
2,1,3,0.016941327280319
2,1,3,NaN
1,2,3,NaN
3,0,3,0.024979424385777767
1,2,3,NaN
3,0,3,NaN
1,2,3,NaN
2,1,3,NaN
3,0,3,NaN
1,2,3,0.9397410332458679
1,2,3,NaN
2,1,3,NaN
3,0,3,NaN
3,0,3,NaN
2,1,3,NaN
2,1,3,0.47793771766761745
1,2,3,NaN
1,2,3,NaN
3,0,3,NaN
2,1,3,0.6505728275062779
3,0,3,0.24524244003177142
2,1,3,0.8886935889394204
1,2,3,NaN
3,0,3,NaN
3,0,3,0.43116983099757117
2,1,3,0.47793771766761745
2,1,3,0.786623350458894
2,1,3,NaN
3,0,3,NaN
2,1,3,NaN
3,0,3,0.9163216390929619
3,0,3,0.14354816969760925
2,1,3,0.5238679062670301
2,1,3,0.9175214707400388
2,1,3,0.8733102078879845
3,0,3,NaN
2,1,3,0.011532985534739066
1,2,3,0.6104096037191906
2,1,3,0.7267509803124766
3,0,3,NaN
3,0,3,0.9369541353486156
3,0,3,NaN
2,1,3,0.6505728275062779
2,1,3,0.6336252331298636
2,1,3,0.7267509803124766
2,1,3,NaN
1,2,3,NaN
3,0,3,NaN
2,1,3,NaN
3,0,3,NaN
2,1,3,0.47793771766761745
3,0,3,NaN
3,0,3,0.43116983099757117
2,1,3,0.1298724704817915
2,1,3,0.8442143217132388
2,1,3,NaN
3,0,3,NaN
2,1,3,0.8886935889394204
2,1,3,NaN
3,0,3,0.17413987330500078
3,0,3,NaN
2,1,3,0.6505728275062779
3,0,3,0.16806732870266622
3,0,3,NaN
2,1,3,NaN
2,1,3,0.27923371017636817
3,0,3,0.47793771766761745
1,2,3,0.6104096037191906
3,0,3,0.47793771766761745
2,1,3,NaN
2,1,3,0.7582540955828375
3,0,3,0.6104096037191906
1,2,3,0.27923371017636817
2,1,3,0.569149748895899
1,2,3,0.6851502045925851
3,0,3,NaN
3,0,3,NaN
1,2,3,NaN
3,0,3,NaN
3,0,3,NaN
2,1,3,NaN
1,2,3,0.49918214384274195
3,0,3,NaN
3,0,3,0.813356305084054
3,0,3,NaN
3,0,3,NaN
2,1,3,NaN
3,0,3,NaN
3,0,3,0.9574264943593161
3,0,3,NaN
1,2,3,NaN
3,0,3,0.24524244003177142
3,0,3,NaN
2,1,3,NaN
1,2,3,0.08596717446393809
3,0,3,0.005043121192482222
2,1,3,0.8553400459938837
1,2,3,0.8553400459938837
2,1,3,NaN
3,0,3,NaN
3,0,3,NaN
2,1,3,0.786623350458894
3,0,3,NaN
2,1,3,NaN
2,1,3,0.5238679062670301
1,2,3,NaN
3,0,3,0.6505728275062779
2,1,3,NaN
3,0,3,NaN
3,0,3,0.27923371017636817
2,1,3,0.27923371017636817
3,0,3,NaN
3,0,3,NaN
1,2,3,NaN
2,1,3,NaN
3,0,3,NaN
1,2,3,0.9574264943593161
3,0,3,0.5238679062670301
3,0,3,0.8120477488685461
3,0,3,0.47793771766761745
3,0,3,NaN
2,1,3,NaN
1,2,3,NaN
3,0,3,NaN
3,0,3,NaN
3,0,3,0.927808813496808
3,0,3,0.16806732870266622
3,0,3,0.7958177903307299
3,0,3,NaN
3,0,3,0.886244697315053
3,0,3,NaN
3,0,3,NaN
1,2,3,0.1298724704817915
2,1,3,NaN
2,1,3,0.04370689030141423
2,1,3,NaN
1,2,3,0.835445920380814
1,2,3,NaN
2,1,3,NaN
2,1,3,0.786623350458894
2,1,3,0.14766029718238274
3,0,3,NaN
3,0,3,NaN
3,0,3,NaN
2,1,3,0.3149813444585866
2,1,3,NaN
2,1,3,0.9649170932836378
1,2,3,NaN
2,1,3,NaN
2,1,3,NaN
3,0,3,0.9574264943593161
3,0,3,0.04370689030141423
3,0,3,0.43116983099757117
3,0,3,NaN
1,2,3,0.2825756595979886
3,0,3,NaN
2,1,3,0.8356407771585233
3,0,3,NaN
3,0,3,NaN
1,2,3,NaN
3,0,3,NaN
3,0,3,NaN
3,0,3,NaN
3,0,3,NaN
2,1,3,0.08596717446393809
3,0,3,NaN
2,1,3,0.3149813444585866
1,2,3,0.9711836190363513
2,1,3,0.19236277848876807
2,1,3,NaN
2,1,3,NaN
1,2,3,NaN
2,1,3,0.8733102078879845
1,2,3,0.8120477488685461
2,1,3,0.16806732870266622
1,2,3,NaN
2,1,3,NaN
1,2,3,NaN
2,1,3,NaN
2,1,3,0.8334585995484338
3,0,3,0.6914431924244484
2,1,3,0.7267509803124766
3,0,3,NaN
2,1,3,NaN
2,1,3,NaN
2,1,3,NaN
3,0,3,0.8356407771585233
2,1,3,NaN
3,0,3,NaN
3,0,3,0.27923371017636817
3,0,3,NaN
1,2,3,0.21801828562993525
2,1,3,0.8356407771585233
2,1,3,0.5238679062670301
2,1,3,NaN
3,0,3,0.4483075739664987
3,0,3,0.11404401218842061
1,2,3,NaN
3,0,3,NaN
2,1,3,0.16806732870266622
3,0,3,0.00427740262604134
2,1,3,NaN
3,0,3,NaN
2,1,3,NaN
2,1,3,NaN
3,0,3,0.9388397790286686
3,0,3,0.19236277848876807
1,2,3,0.9857264206675347
3,0,3,0.9388397790286686
1,2,3,NaN
3,0,3,NaN
1,2,3,NaN
1,2,3,0.9388397790286686
2,1,3,0.569149748895899
1,2,3,NaN
3,0,3,NaN
2,1,3,NaN
1,2,3,0.14766029718238274
1,2,3,NaN
3,0,3,NaN
1,2,3,0.7267509803124766
1,2,3,NaN
1,2,3,0.7286316877722917
2,1,3,NaN
2,1,3,NaN
1,2,3,NaN
3,0,3,NaN
3,0,3,0.35291544996872376
3,0,3,NaN
3,0,3,NaN
2,1,3,0.8733102078879845
2,1,3,0.786623350458894
3,0,3,NaN
1,2,3,0.6104096037191906
2,1,3,0.27923371017636817
2,1,3,NaN
2,1,3,0.35291544996872376
3,0,3,0.16806732870266622
1,2,3,0.0021658441345355074
3,0,3,0.6104096037191906
3,0,3,0.786623350458894
3,0,3,0.3149813444585866
1,2,3,0.5514079975878313
3,0,3,NaN
2,1,3,0.39064081951093954
1,2,3,NaN
2,1,3,0.43116983099757117
3,0,3,NaN
2,1,3,NaN
3,0,3,0.8120477488685461
2,1,3,0.7582540955828375
3,0,3,0.38120040655300724
1,2,3,0.24524244003177142
2,1,3,NaN
3,0,3,NaN
1,2,3,0.47793771766761745
2,1,3,NaN
3,0,3,0.927808813496808
2,1,3,NaN
3,0,3,0.927808813496808
3,0,3,0.6880751652472807
3,0,3,NaN
3,0,3,0.9711836190363513
3,0,3,0.9811127762214269
3,0,3,0.569149748895899
3,0,3,NaN
3,0,3,0.8733102078879845
2,1,3,0.3149813444585866
2,1,3,0.7582540955828375
3,0,3,NaN
3,0,3,NaN
2,1,3,0.19236277848876807
1,2,3,NaN
2,1,3,NaN
2,1,3,0.1298724704817915
3,0,3,0.35291544996872376
2,1,3,NaN
2,1,3,NaN
1,2,3,0.14766029718238274
2,1,3,0.43116983099757117
1,2,3,0.39064081951093954
3,0,3,NaN
3,0,3,NaN
2,1,3,0.05735097310840156
2,1,3,0.9490411065363702
2,1,3,0.7267509803124766
3,0,3,0.9490411065363702
3,0,3,NaN
3,0,3,0.6181101058296996
3,0,3,NaN
2,1,3,0.47793771766761745
3,0,3,NaN
3,0,3,NaN
3,0,3,NaN
3,0,3,0.27923371017636817
2,1,3,NaN
3,0,3,NaN
2,1,3,0.6388250461613497
2,1,3,NaN
2,1,3,NaN
3,0,3,0.7635139812160975
2,1,3,0.8356407771585233
2,1,3,0.8120477488685461
2,1,3,NaN
3,0,3,0.0002828718998097598
3,0,3,0.9711836190363513
2,1,3,NaN
2,1,3,0.786623350458894
3,0,3,0.9163216390929619
3,0,3,NaN
3,0,3,NaN
3,0,3,0.9649170932836378
2,1,3,NaN
3,0,3,NaN
1,2,3,NaN
2,1,3,0.11404401218842061
3,0,3,0.09943458759150654
1,2,3,NaN
2,1,3,0.786623350458894
3,0,3,NaN
1,2,3,NaN
2,1,3,NaN
1,2,3,0.6914431924244484
1,2,3,NaN
3,0,3,0.9490411065363702
1,2,3,0.8553400459938837
2,1,3,0.927808813496808
3,0,3,0.6104096037191906
1,2,3,NaN
3,0,3,0.39064081951093954
1,2,3,NaN
3,0,3,NaN
2,1,3,0.8886935889394204
3,0,3,0.43116983099757117
1,2,3,NaN
2,1,3,NaN
3,0,3,NaN
2,1,3,0.9811127762214269
3,0,3,0.5238679062670301
3,0,3,0.8356407771585233
2,1,3,0.7582540955828375
2,1,3,NaN
2,1,3,NaN
2,1,3,NaN
2,1,3,NaN
2,1,3,NaN
2,1,3,NaN
2,1,3,NaN
3,0,3,0.07470550857760336
3,0,3,0.8733102078879845
3,0,3,NaN
3,0,3,NaN
1,2,3,NaN
2,1,3,0.47793771766761745
3,0,3,0.6505728275062779
2,1,3,NaN
1,2,3,0.8288275170208178
2,1,3,NaN
3,0,3,NaN
3,0,3,0.757971150811853
3,0,3,0.5238679062670301
1,2,3,NaN
3,0,3,NaN
3,0,3,0.927808813496808
3,0,3,NaN
3,0,3,0.9163216390929619
3,0,3,NaN
3,0,3,NaN
3,0,3,0.6505728275062779
3,0,3,NaN
3,0,3,0.39064081951093954
3,0,3,0.9490411065363702
3,0,3,NaN
3,0,3,2.0384403719255824e-6
2,1,3,0.7582540955828375
2,1,3,NaN
1,2,3,NaN
2,1,3,0.27923371017636817
3,0,3,0.7744327330440421
3,0,3,0.06611573959509347
2,1,3,0.7267509803124766
3,0,3,NaN
3,0,3,NaN
2,1,3,NaN
3,0,3,NaN
2,1,3,NaN
2,1,3,0.569149748895899
1,2,3,0.9923256991209348
2,1,3,0.6914431924244484
2,1,3,0.7883696248010116
2,1,3,0.3149813444585866
1,2,3,0.8886935889394204
2,1,3,0.9711836190363513
3,0,3,0.008126970210441814
2,1,3,0.9163216390929619
3,0,3,NaN
1,2,3,0.0494455745194533
1,2,3,NaN
3,0,3,NaN
3,0,3,0.8120477488685461
2,1,3,NaN
2,1,3,NaN
3,0,3,0.8553400459938837
2,1,3,0.5238679062670301
2,1,3,0.08596717446393809
2,1,3,NaN
1,2,3,NaN
1,2,3,NaN
2,1,3,0.6914431924244484
3,0,3,0.06611573959509347
2,1,3,NaN
2,1,3,0.8553400459938837
2,1,3,NaN
2,1,3,0.14766029718238274
3,0,3,NaN
3,0,3,NaN
3,0,3,NaN
2,1,3,0.9388397790286686
2,1,3,0.43116983099757117
1,2,3,NaN
2,1,3,NaN
1,2,3,NaN
3,0,3,0.3149813444585866
1,2,3,NaN
1,2,3,NaN
3,0,3,NaN
1,2,3,0.927808813496808
3,0,3,NaN
2,1,3,0.39064081951093954
1,2,3,0.43116983099757117
2,1,3,NaN
3,0,3,0.24524244003177142
2,1,3,NaN
3,0,3,NaN
3,0,3,NaN
2,1,3,0.7820392856731134
2,1,3,NaN
2,1,3,0.7774891427160723
3,0,3,0.39064081951093954
2,1,3,NaN
3,0,3,NaN
2,1,3,NaN
3,0,3,0.9030952226408369
3,0,3,NaN
2,1,3,0.47793771766761745
3,0,3,NaN
3,0,3,NaN
3,0,3,NaN
3,0,3,NaN
3,0,3,0.3149813444585866
3,0,3,0.9711836190363513
3,0,3,0.16002315298293593
2,1,3,NaN
3,0,3,NaN
3,0,3,0.9894656266614458
1,2,3,0.08596717446393809
3,0,3,NaN
2,1,3,0.7267509803124766
3,0,3,NaN
3,0,3,NaN
3,0,3,NaN
2,1,3,0.9934257979636152
3,0,3,0.01880761644846058
3,0,3,0.27923371017636817
3,0,3,NaN
3,0,3,0.6061360034034095
3,0,3,0.8356407771585233
3,0,3,0.9490411065363702
2,1,3,NaN
1,2,3,0.43116983099757117
3,0,3,NaN
2,1,3,0.07470550857760336
3,0,3,0.005437828958415766
3,0,3,NaN
1,2,3,NaN
3,0,3,0.6914431924244484
3,0,3,NaN
3,0,3,NaN
2,1,3,NaN
1,2,3,0.6914431924244484
2,1,3,0.13418500373888767
3,0,3,NaN
3,0,3,NaN
1,2,3,0.2180321792514569
3,0,3,NaN
2,1,3,0.43116983099757117
2,1,3,NaN
3,0,3,NaN
2,1,3,0.5256489450204721
2,1,3,NaN
1,2,3,NaN
1,2,3,0.9163216390929619
3,0,3,NaN
2,1,3,0.9030952226408369
1,2,3,0.995916282933397
2,1,3,NaN
3,0,3,0.35291544996872376
3,0,3,0.017821035837605866
1,2,3,0.47793771766761745
3,0,3,0.8733102078879845
3,0,3,0.24524244003177142
3,0,3,NaN
2,1,3,0.8356407771585233
1,2,3,NaN
3,0,3,NaN
1,2,3,NaN
1,2,3,0.06611573959509347
1,2,3,0.6362071202090152
2,1,3,NaN
2,1,3,0.7444764811943226
3,0,3,0.35291544996872376
3,0,3,NaN
3,0,3,0.6104096037191906
3,0,3,NaN
2,1,3,NaN
3,0,3,0.6914431924244484
3,0,3,NaN
2,1,3,0.05735097310840156
2,1,3,0.8553400459938837
2,1,3,NaN
2,1,3,0.8120477488685461
1,2,3,0.16930590999827722
1,2,3,0.43116983099757117
1,2,3,0.03794641341295346
1,2,3,0.35291544996872376
3,0,3,0.8356407771585233
2,1,3,0.14766029718238274
2,1,3,0.24524244003177142
3,0,3,0.43116983099757117
3,0,3,NaN
1,2,3,NaN
1,2,3,0.3149813444585866
2,1,3,NaN
1,2,3,NaN
2,1,3,NaN
3,0,3,0.07470550857760336
3,0,3,NaN
2,1,3,0.8886935889394204
3,0,3,0.8733102078879845
3,0,3,NaN
2,1,3,0.5238679062670301
1,2,3,0.39064081951093954
3,0,3,NaN
1,2,3,0.39064081951093954
2,1,3,0.4994966444245364
1,2,3,NaN
2,1,3,0.8120477488685461
3,0,3,NaN
3,0,3,0.7267509803124766
3,0,3,NaN
1,2,3,0.786623350458894
2,1,3,NaN
3,0,3,NaN
1,2,3,NaN
3,0,3,NaN
3,0,3,NaN
1,2,3,0.8120477488685461
2,1,3,NaN
2,1,3,0.1298724704817915
1,2,3,0.8356407771585233
3,0,3,0.9030952226408369
3,0,3,NaN
2,1,3,0.1298724704817915
1,2,3,0.6505728275062779
3,0,3,0.35291544996872376
3,0,3,0.47793771766761745
3,0,3,NaN
2,1,3,NaN
2,1,3,NaN
3,0,3,0.04306214895045103
1,2,3,NaN
2,1,3,NaN
3,0,3,NaN
1,2,3,NaN
3,0,3,NaN
3,0,3,0.6061360034034095
3,0,3,NaN
3,0,3,0.8356407771585233
2,1,3,0.08596717446393809
1,2,3,0.6505728275062779
2,1,3,NaN
3,0,3,NaN
2,1,3,0.786623350458894
1,2,3,NaN
2,1,3,NaN
2,1,3,4.0662708712764755e-5
1,2,3,NaN
3,0,3,NaN
1,2,3,NaN
3,0,3,NaN
3,0,3,0.6104096037191906
3,0,3,NaN
2,1,3,NaN
1,2,3,0.600450870138093
2,1,3,NaN
3,0,3,0.07470550857760336
3,0,3,0.24524244003177142
3,0,3,NaN
3,0,3,NaN
2,1,3,NaN
3,0,3,0.6104096037191906
3,0,3,NaN
3,0,3,0.7267509803124766
3,0,3,NaN
2,1,3,NaN
1,2,3,0.48741518333156936
2,1,3,0.24524244003177142
3,0,3,NaN
1,2,3,NaN
1,2,3,NaN
3,0,3,0.927808813496808
3,0,3,0.6104096037191906
2,1,3,NaN
1,2,3,NaN
2,1,3,0.16806732870266622
1,2,3,0.8553400459938837
2,1,3,0.39064081951093954
1,2,3,NaN
2,1,3,NaN
2,1,3,0.5238679062670301
2,1,3,NaN
3,0,3,NaN
3,0,3,NaN
2,1,3,0.8120477488685461
3,0,3,0.028886075440067927
2,1,3,NaN
3,0,3,NaN
3,0,3,NaN
3,0,3,NaN
2,1,3,NaN
2,1,3,0.976413425292083
3,0,3,0.569149748895899
2,1,3,0.8553400459938837
2,1,3,NaN
3,0,3,0.9574264943593161
3,0,3,NaN
2,1,3,NaN
2,1,3,NaN
2,1,3,0.4994966444245364
3,0,3,NaN
3,0,3,NaN
1,2,3,0.7267509803124766
3,0,3,0.8886935889394204
2,1,3,NaN
3,0,3,0.43116983099757117
3,0,3,NaN
3,0,3,NaN
2,1,3,NaN
2,1,3,0.6342896145255685
2,1,3,0.5997367624036737
1,2,3,0.47793771766761745
3,0,3,0.03794641341295346
2,1,3,0.43116983099757117
1,2,3,NaN
3,0,3,NaN
2,1,3,0.8886935889394204
3,0,3,0.8553400459938837
2,1,3,NaN
2,1,3,0.298085208124839
3,0,3,NaN
3,0,3,NaN
2,1,3,0.39064081951093954
2,1,3,NaN
2,1,3,NaN
2,1,3,0.8581967138692722
1,2,3,0.39064081951093954
3,0,3,0.014684627884043256
2,1,3,0.569149748895899
3,0,3,NaN
2,1,3,NaN
1,2,3,0.028886075440067927
1,2,3,0.786623350458894
2,1,3,0.569149748895899
3,0,3,0.35291544996872376
2,1,3,0.9030952226408369
3,0,3,NaN
3,0,3,0.7582540955828375
2,1,3,0.8886935889394204
2,1,3,0.9163216390929619
3,0,3,0.47793771766761745
3,0,3,0.24524244003177142
1,2,3,0.05735097310840156
2,1,3,0.9649170932836378
3,0,3,0.7582540955828375
1,2,3,NaN
3,0,3,NaN
1,2,3,0.6851502045925851
3,0,3,NaN
3,0,3,0.6914431924244484
2,1,3,NaN
3,0,3,0.11404401218842061
1,2,3,NaN
3,0,3,NaN
3,0,3,NaN
2,1,3,NaN
1,2,3,0.6914431924244484
1,2,3,NaN
1,2,3,NaN
2,1,3,0.569149748895899
3,0,3,NaN
3,0,3,NaN
3,0,3,0.6104096037191906
3,0,3,NaN
1,2,3,0.35291544996872376
2,1,3,0.5238679062670301
3,0,3,0.016314898271010056
3,0,3,NaN
2,1,3,0.08596717446393809
3,0,3,0.7582540955828375
3,0,3,NaN
2,1,3,NaN
1,2,3,0.8886935889394204
3,0,3,NaN
1,2,3,0.569149748895899
2,1,3,0.569149748895899
1,2,3,NaN
3,0,3,0.9227794561684306
2,1,3,NaN
3,0,3,0.8886935889394204
3,0,3,NaN
3,0,3,NaN
1,2,3,NaN
3,0,3,NaN
3,0,3,0.35291544996872376
3,0,3,NaN
1,2,3,NaN
2,1,3,0.04370689030141423
3,0,3,NaN
3,0,3,NaN
1,2,3,0.1298724704817915
2,1,3,NaN
3,0,3,NaN
2,1,3,NaN
2,1,3,NaN
1,2,3,NaN
2,1,3,NaN
3,0,3,NaN
2,1,3,NaN
2,1,3,NaN
1,2,3,NaN
1,2,3,0.9030952226408369
3,0,3,0.8886935889394204
1,2,3,NaN
1,2,3,0.39064081951093954
1,2,3,0.39064081951093954
3,0,3,0.8733102078879845
3,0,3,NaN
3,0,3,NaN
3,0,3,0.6505728275062779
3,0,3,NaN
2,1,3,0.19236277848876807
2,1,3,0.8120477488685461
1,2,3,NaN
3,0,3,0.3149813444585866
3,0,3,0.8553400459938837
2,1,3,0.47793771766761745
2,1,3,NaN
2,1,3,NaN
1,2,3,NaN
2,1,3,NaN
3,0,3,NaN
3,0,3,NaN
1,2,3,0.8886935889394204
2,1,3,0.19236277848876807
1,2,3,NaN
3,0,3,0.43116983099757117
2,1,3,0.8733102078879845
1,2,3,0.8582877608590422
3,0,3,0.8356407771585233
2,1,3,0.8886935889394204
3,0,3,0.06611573959509347
3,0,3,NaN
2,1,3,NaN
1,2,3,0.9574264943593161
1,2,3,NaN
2,1,3,0.6104096037191906
2,1,3,NaN
3,0,3,NaN
3,0,3,NaN
3,0,3,NaN
3,0,3,0.24524244003177142
1,2,3,NaN
3,0,3,0.7582540955828375
2,1,3,0.11404401218842061
2,1,3,0.06401128502476251
3,0,3,0.39064081951093954
3,0,3,NaN
3,0,3,0.6505728275062779
3,0,3,NaN
3,0,3,NaN
2,1,3,NaN
2,1,3,NaN
1,2,3,NaN
2,1,3,0.8886935889394204
3,0,3,0.6505728275062779
2,1,3,NaN
2,1,3,NaN
2,1,3,NaN
2,1,3,0.14766029718238274
1,2,3,NaN
3,0,3,0.19236277848876807
1,2,3,0.5238679062670301
2,1,3,0.8553400459938837
1,2,3,NaN
2,1,3,0.7267509803124766
3,0,3,NaN
2,1,3,0.1535238301458931
2,1,3,NaN
2,1,3,0.976413425292083
3,0,3,NaN
2,1,3,NaN
3,0,3,0.3149813444585866
1,2,3,0.00937528965543574
3,0,3,0.07470550857760336
3,0,3,0.14766029718238274
1,2,3,0.9857264206675347
2,1,3,0.569149748895899
2,1,3,NaN
3,0,3,0.37912774960537887
3,0,3,NaN
3,0,3,NaN
2,1,3,0.3149813444585866
2,1,3,0.5238679062670301
2,1,3,NaN
2,1,3,0.47699782718635464
2,1,3,NaN
2,1,3,NaN
3,0,3,0.06611573959509347
1,2,3,0.28307077970323524
2,1,3,NaN
3,0,3,NaN
3,0,3,0.9163216390929619
3,0,3,NaN
3,0,3,NaN
1,2,3,NaN
2,1,3,NaN
3,0,3,NaN
1,2,3,NaN
2,1,3,NaN
1,2,3,0.6104096037191906
3,0,3,0.47793771766761745
3,0,3,NaN
3,0,3,NaN
1,2,3,0.6505728275062779
2,1,3,0.9711836190363513
1,2,3,NaN
2,1,3,NaN
2,1,3,NaN
2,1,3,NaN
1,2,3,0.7582540955828375
3,0,3,NaN
2,1,3,0.08998994118962207
2,1,3,0.49918214384274195
2,1,3,0.9649170932836378
2,1,3,NaN
2,1,3,0.8356407771585233
3,0,3,0.786623350458894
3,0,3,NaN
2,1,3,NaN
3,0,3,0.47793771766761745
3,0,3,0.9437018341813511
3,0,3,NaN
1,2,3,NaN
2,1,3,NaN
3,0,3,NaN
1,2,3,0.9030952226408369
2,1,3,NaN
1,2,3,0.03317022976394289
2,1,3,0.43116983099757117
1,2,3,NaN
2,1,3,0.0494455745194533
1,2,3,0.2838355662784277
2,1,3,NaN
3,0,3,0.03794641341295346
2,1,3,NaN
2,1,3,NaN
1,2,3,0.8886935889394204
2,1,3,NaN
1,2,3,NaN
3,0,3,NaN
1,2,3,0.9490411065363702
3,0,3,NaN
2,1,3,NaN
3,0,3,NaN
2,1,3,NaN
2,1,3,0.9030952226408369
2,1,3,0.6914431924244484
3,0,3,NaN
3,0,3,NaN
2,1,3,NaN
2,1,3,NaN
2,1,3,0.6505728275062779
2,1,3,NaN
2,1,3,NaN
3,0,3,0.7267509803124766
3,0,3,NaN
2,1,3,0.8120477488685461
3,0,3,0.47793771766761745
2,1,3,NaN
3,0,3,0.8120477488685461
3,0,3,NaN
3,0,3,0.8886935889394204
3,0,3,NaN
2,1,3,0.786623350458894
2,1,3,NaN
3,0,3,NaN
3,0,3,NaN
2,1,3,NaN
3,0,3,0.8733102078879845
1,2,3,0.28307077970323524
3,0,3,0.0023393762800624023
2,1,3,NaN
3,0,3,0.8733102078879845
3,0,3,NaN
3,0,3,0.27923371017636817
2,1,3,0.786623350458894
3,0,3,0.3149813444585866
3,0,3,NaN
2,1,3,NaN
2,1,3,0.6306127289580729
1,2,3,NaN
3,0,3,NaN
3,0,3,0.927808813496808
3,0,3,NaN
3,0,3,0.7267509803124766
3,0,3,0.9574264943593161
2,1,3,NaN
2,1,3,0.6914431924244484
3,0,3,NaN
3,0,3,0.8120477488685461
2,1,3,NaN
1,2,3,NaN
3,0,3,NaN
2,1,3,0.1298724704817915
1,2,3,NaN
2,1,3,0.569149748895899
1,2,3,NaN
2,1,3,0.7267509803124766
1,2,3,0.7267509803124766
2,1,3,0.006996208912368631
2,1,3,0.786623350458894
1,2,3,NaN
3,0,3,NaN
3,0,3,0.8120477488685461
3,0,3,0.27923371017636817
3,0,3,NaN
2,1,3,0.7582540955828375
2,1,3,0.47793771766761745
3,0,3,NaN
1,2,3,0.7322050477268979
3,0,3,0.01389863463638223
2,1,3,NaN
2,1,3,NaN
3,0,3,0.43116983099757117
3,0,3,0.27923371017636817
2,1,3,0.9450542350736008
2,1,3,NaN
2,1,3,0.49918214384274195
3,0,3,NaN
1,2,3,NaN
2,1,3,0.7762201877346611
2,1,3,NaN
2,1,3,0.6505728275062779
2,1,3,0.27923371017636817
3,0,3,0.9574264943593161
2,1,3,NaN
3,0,3,NaN
3,0,3,NaN
1,2,3,0.7267509803124766
3,0,3,0.7582540955828375
3,0,3,NaN
3,0,3,NaN
1,2,3,NaN
1,2,3,0.9388397790286686
3,0,3,NaN
3,0,3,0.19236277848876807
3,0,3,NaN
2,1,3,NaN
2,1,3,0.35291544996872376
2,1,3,0.04370689030141423
3,0,3,0.786623350458894
1,2,3,0.8733102078879845
2,1,3,0.786623350458894
2,1,3,NaN
1,2,3,NaN
3,0,3,NaN
1,2,3,NaN
3,0,3,NaN
3,0,3,0.39064081951093954
2,1,3,NaN
2,1,3,0.010772658693875437
3,0,3,NaN
1,2,3,0.8356407771585233
3,0,3,0.19236277848876807
3,0,3,NaN
3,0,3,NaN
2,1,3,0.2180321792514569
2,1,3,NaN
3,0,3,0.786623350458894
3,0,3,NaN
3,0,3,NaN
2,1,3,0.8120477488685461
3,0,3,0.4285523599603249
1,2,3,NaN
2,1,3,0.7097871918743238
3,0,3,NaN
1,2,3,0.24524244003177142
3,0,3,NaN
3,0,3,0.3149813444585866
2,1,3,0.7582540955828375
1,2,3,NaN
1,2,3,0.24524244003177142
2,1,3,NaN
3,0,3,0.6918467433407898
1,2,3,0.024979424385777767
1,2,3,NaN
3,0,3,0.8733102078879845
2,1,3,0.47793771766761745
3,0,3,NaN
2,1,3,0.6516832234205356
2,1,3,0.0004710372881317063
2,1,3,NaN
2,1,3,NaN
3,0,3,0.9634999976232144
2,1,3,0.9574264943593161
1,2,3,0.6104096037191906
3,0,3,NaN
1,2,3,NaN
2,1,3,NaN
3,0,3,0.47793771766761745
1,2,3,0.1298724704817915
2,1,3,0.6505728275062779
3,0,3,NaN
1,2,3,0.8356407771585233
3,0,3,NaN
1,2,3,NaN
3,0,3,NaN
1,2,3,0.8356407771585233
3,0,3,NaN
3,0,3,NaN
1,2,3,0.8733102078879845
3,0,3,NaN
3,0,3,0.2009679183329875
2,1,3,NaN
2,1,3,NaN
2,1,3,0.7267509803124766
2,1,3,0.07470550857760336
3,0,3,0.1298724704817915
3,0,3,NaN
1,2,3,NaN
1,2,3,NaN
3,0,3,NaN
3,0,3,NaN
2,1,3,0.19236277848876807
2,1,3,0.8120477488685461
2,1,3,NaN
3,0,3,NaN
3,0,3,0.9505128771614952
2,1,3,NaN
2,1,3,0.9574264943593161
2,1,3,0.7267509803124766
3,0,3,NaN
2,1,3,NaN
3,0,3,0.03372250213897031
1,2,3,0.8120477488685461
3,0,3,0.9163216390929619
2,1,3,NaN
2,1,3,NaN
2,1,3,0.8733102078879845
2,1,3,0.09943458759150654
2,1,3,0.786623350458894
1,2,3,0.24524244003177142
3,0,3,NaN
3,0,3,0.6104096037191906
1,2,3,0.48178555683933594
2,1,3,0.6914431924244484
3,0,3,NaN
3,0,3,NaN
2,1,3,NaN
3,0,3,NaN
3,0,3,0.786623350458894
3,0,3,NaN
3,0,3,NaN
3,0,3,0.1298724704817915
2,1,3,NaN
2,1,3,0.39064081951093954
3,0,3,NaN
2,1,3,NaN
3,0,3,0.8120477488685461
3,0,3,NaN
3,0,3,0.786623350458894
1,2,3,0.7267509803124766
3,0,3,0.43116983099757117
2,1,3,NaN
2,1,3,NaN
3,0,3,0.6104096037191906
3,0,3,0.8120477488685461
1,2,3,NaN
3,0,3,NaN
2,1,3,NaN
3,0,3,NaN
2,1,3,NaN
2,1,3,0.8120477488685461
2,1,3,NaN
3,0,3,NaN
1,2,3,0.16806732870266622
1,2,3,0.7267509803124766
3,0,3,NaN
3,0,3,NaN
2,1,3,NaN
2,1,3,0.9711836190363513
3,0,3,NaN
3,0,3,0.01389863463638223
1,2,3,0.9809068432911894
3,0,3,NaN
3,0,3,NaN
3,0,3,NaN
3,0,3,NaN
2,1,3,0.9586090266487731
3,0,3,NaN
3,0,3,0.33537641091959514
1,2,3,NaN
2,1,3,0.9030952226408369
1,2,3,NaN
2,1,3,0.9163216390929619
3,0,3,NaN
3,0,3,0.35291544996872376
3,0,3,NaN
2,1,3,NaN
3,0,3,NaN
3,0,3,0.9030952226408369
1,2,3,0.39064081951093954
2,1,3,NaN
3,0,3,0.35291544996872376
3,0,3,0.8733102078879845
3,0,3,0.450391632385382
2,1,3,0.6104096037191906
3,0,3,NaN
3,0,3,NaN
2,1,3,0.9984170862735525
3,0,3,0.39064081951093954
3,0,3,NaN
1,2,3,0.16806732870266622
3,0,3,0.5238679062670301
3,0,3,NaN
3,0,3,0.9490411065363702
3,0,3,0.5238679062670301
3,0,3,NaN
2,1,3,0.9668376488587265
2,1,3,0.7582540955828375
3,0,3,0.6505728275062779
2,1,3,0.7267509803124766
1,2,3,0.6505728275062779
2,1,3,NaN
3,0,3,0.6003299573281031
1,2,3,NaN
2,1,3,0.016314898271010056
2,1,3,0.6104096037191906
1,2,3,NaN
2,1,3,0.0494455745194533
1,2,3,0.8886935889394204
1,2,3,0.5238679062670301
3,0,3,NaN
3,0,3,0.3149813444585866
2,1,3,NaN
2,1,3,0.05735097310840156
3,0,3,NaN
2,1,3,0.6505728275062779
3,0,3,NaN
2,1,3,0.1298724704817915
2,1,3,NaN
1,2,3,NaN
3,0,3,NaN
1,2,3,NaN
3,0,3,0.9649170932836378
3,0,3,NaN
3,0,3,NaN
3,0,3,0.9388397790286686
3,0,3,NaN
3,0,3,NaN
3,0,3,0.786623350458894
2,1,3,0.1298724704817915
2,1,3,NaN
3,0,3,NaN
3,0,3,NaN
3,0,3,NaN
2,1,3,0.6505728275062779
3,0,3,NaN
2,1,3,NaN
1,2,3,NaN
1,2,3,NaN
1,2,3,0.27923371017636817
3,0,3,NaN
3,0,3,NaN
3,0,3,NaN
2,1,3,0.2180321792514569
3,0,3,NaN
1,2,3,0.03794641341295346
1,2,3,0.7267509803124766
2,1,3,0.8356407771585233
1,2,3,NaN
2,1,3,NaN
3,0,3,0.6505728275062779
2,1,3,NaN
1,2,3,0.9163216390929619
3,0,3,NaN
3,0,3,0.05735097310840156
3,0,3,NaN
1,2,3,NaN
2,1,3,NaN
3,0,3,NaN
3,0,3,NaN
2,1,3,NaN
3,0,3,NaN
3,0,3,NaN
2,1,3,0.39064081951093954
1,2,3,0.7267509803124766
3,0,3,0.007542639379043676
2,1,3,0.1298724704817915
2,1,3,0.9811127762214269
3,0,3,NaN
2,1,3,NaN
2,1,3,0.16806732870266622
2,1,3,0.6505728275062779
3,0,3,NaN
2,1,3,NaN
3,0,3,NaN
2,1,3,0.9030952226408369
2,1,3,NaN
3,0,3,0.5238679062670301
3,0,3,0.5964545205257348
3,0,3,NaN
2,1,3,0.5610754927363164
3,0,3,NaN
3,0,3,0.27923371017636817
3,0,3,NaN
2,1,3,0.022824114250899315
1,2,3,NaN
3,0,3,NaN
3,0,3,NaN
3,0,3,0.9030952226408369
2,1,3,0.8886935889394204
1,2,3,0.6777695128181356
1,2,3,NaN
2,1,3,NaN
3,0,3,NaN
3,0,3,NaN
3,0,3,NaN
2,1,3,NaN
1,2,3,NaN
2,1,3,0.14766029718238274
2,1,3,NaN
3,0,3,NaN
2,1,3,NaN
3,0,3,0.8544729488355682
3,0,3,NaN
3,0,3,NaN
3,0,3,0.9711836190363513
2,1,3,0.27923371017636817
3,0,3,NaN
3,0,3,NaN
3,0,3,NaN
3,0,3,0.43116983099757117
3,0,3,0.9388397790286686
2,1,3,0.927808813496808
1,2,3,NaN
1,2,3,NaN
2,1,3,0.35291544996872376
3,0,3,NaN
1,2,3,NaN
2,1,3,0.47793771766761745
2,1,3,NaN
1,2,3,0.569149748895899
2,1,3,0.35291544996872376
1,2,3,0.5238679062670301
2,1,3,0.47793771766761745
2,1,3,NaN
1,2,3,0.7267509803124766
2,1,3,0.39064081951093954
3,0,3,NaN
2,1,3,0.10322917148780314
1,2,3,NaN
3,0,3,NaN
3,0,3,NaN
1,2,3,0.38120040655300724
3,0,3,NaN
2,1,3,0.6505728275062779
2,1,3,0.27369177007057516
2,1,3,0.7582540955828375
3,0,3,NaN
1,2,3,0.08596717446393809
3,0,3,NaN
2,1,3,NaN
1,2,3,NaN
3,0,3,NaN
2,1,3,NaN
2,1,3,NaN
3,0,3,NaN
2,1,3,0.47793771766761745
3,0,3,NaN
3,0,3,0.9388397790286686
2,1,3,NaN
3,0,3,NaN
2,1,3,0.786623350458894
1,2,3,NaN
3,0,3,NaN
3,0,3,0.3149813444585866
3,0,3,NaN
3,0,3,0.07470550857760336
3,0,3,0.5239350384296257
2,1,3,0.927808813496808
3,0,3,NaN
1,2,3,NaN
3,0,3,NaN
1,2,3,NaN
2,1,3,NaN
3,0,3,NaN
3,0,3,NaN
3,0,3,NaN
3,0,3,NaN
1,2,3,0.35291544996872376
2,1,3,NaN
2,1,3,0.47793771766761745
3,0,3,NaN
3,0,3,NaN
3,0,3,NaN
3,0,3,NaN
2,1,3,NaN
1,2,3,NaN
2,1,3,NaN
2,1,3,0.01694391573845186
1,2,3,NaN
3,0,3,NaN
3,0,3,0.569149748895899
2,1,3,0.8923623362698452
3,0,3,0.3149813444585866
3,0,3,NaN
3,0,3,NaN
3,0,3,NaN
1,2,3,NaN
2,1,3,NaN
2,1,3,0.6505728275062779
3,0,3,NaN
2,1,3,0.5238679062670301
3,0,3,NaN
2,1,3,0.6104096037191906
1,2,3,NaN
3,0,3,NaN
1,2,3,0.24524244003177142
3,0,3,NaN
1,2,3,0.9163216390929619
2,1,3,NaN
3,0,3,NaN
1,2,3,NaN
1,2,3,0.6914431924244484
2,1,3,0.35291544996872376
3,0,3,0.9719722103984055
3,0,3,NaN
1,2,3,0.9030952226408369
3,0,3,NaN
1,2,3,NaN
3,0,3,NaN
3,0,3,NaN
3,0,3,NaN
2,1,3,0.38120040655300724
1,2,3,0.47793771766761745
3,0,3,NaN
3,0,3,NaN
3,0,3,NaN
3,0,3,NaN
3,0,3,NaN
3,0,3,NaN
1,2,3,0.2180321792514569
3,0,3,0.6165709600421269
3,0,3,NaN
3,0,3,NaN
3,0,3,0.6505728275062779
2,1,3,0.23663322970789327
1,2,3,NaN
3,0,3,0.950194606862977
1,2,3,NaN
1,2,3,0.786623350458894
2,1,3,0.6914431924244484
1,2,3,0.47793771766761745
1,2,3,0.6914431924244484
1,2,3,NaN
3,0,3,0.7582540955828375
3,0,3,NaN
3,0,3,0.06611573959509347
1,2,3,0.9388397790286686
1,2,3,0.0494455745194533
2,1,3,0.9030952226408369
3,0,3,0.19236277848876807
2,1,3,0.3149813444585866
3,0,3,0.007473447006581524
3,0,3,0.47793771766761745
1,2,3,NaN
3,0,3,NaN
3,0,3,0.786623350458894
3,0,3,0.8733102078879845
2,1,3,0.6505728275062779
2,1,3,NaN
3,0,3,NaN
3,0,3,NaN
3,0,3,0.927808813496808
1,2,3,NaN
2,1,3,NaN
2,1,3,0.27923371017636817
2,1,3,0.14766029718238274
3,0,3,0.786623350458894
3,0,3,0.39064081951093954
3,0,3,0.9388397790286686
3,0,3,0.9030952226408369
1,2,3,NaN
2,1,3,NaN
1,2,3,0.2887478495258714
1,2,3,0.1298724704817915
1,2,3,0.8120477488685461
2,1,3,0.6914431924244484
3,0,3,0.9649170932836378
3,0,3,NaN
3,0,3,NaN
2,1,3,NaN
3,0,3,NaN
1,2,3,NaN
2,1,3,0.04370689030141423
2,1,3,0.11404401218842061
2,1,3,0.24524244003177142
2,1,3,NaN
3,0,3,0.569149748895899
3,0,3,0.7582540955828375
1,2,3,NaN
3,0,3,NaN
3,0,3,0.6505728275062779
3,0,3,NaN
2,1,3,NaN
3,0,3,NaN
2,1,3,0.786623350458894
1,2,3,NaN
2,1,3,NaN
1,2,3,NaN
2,1,3,0.39064081951093954
1,2,3,0.7267509803124766
1,2,3,NaN
2,1,3,0.7582540955828375
3,0,3,0.8553400459938837
3,0,3,NaN
1,2,3,NaN
3,0,3,0.27923371017636817
1,2,3,0.6505728275062779
2,1,3,0.9944136266474382
2,1,3,0.9163216390929619
3,0,3,NaN
2,1,3,NaN
3,0,3,0.9163216390929619
3,0,3,NaN
2,1,3,NaN
3,0,3,NaN
3,0,3,NaN
3,0,3,NaN
3,0,3,NaN
1,2,3,NaN
2,1,3,0.1298724704817915
2,1,3,0.8733102078879845
3,0,3,NaN
1,2,3,NaN
2,1,3,0.6104096037191906
1,2,3,NaN
3,0,3,0.9163216390929619
2,1,3,0.6505728275062779
3,0,3,NaN
3,0,3,0.927808813496808
3,0,3,NaN
1,2,3,NaN
1,2,3,NaN
2,1,3,NaN
2,1,3,NaN
3,0,3,0.8733102078879845
1,2,3,0.9649170932836378
1,2,3,NaN
3,0,3,NaN
3,0,3,NaN
3,0,3,0.24524244003177142
3,0,3,NaN
3,0,3,NaN
1,2,3,NaN
3,0,3,0.569149748895899
1,2,3,NaN
3,0,3,NaN
3,0,3,0.569149748895899
3,0,3,NaN
2,1,3,0.43116983099757117
3,0,3,NaN
3,0,3,0.39064081951093954
2,1,3,0.43116983099757117
2,1,3,NaN
3,0,3,NaN
3,0,3,NaN
2,1,3,0.1298724704817915
3,0,3,0.9490411065363702
2,1,3,NaN
1,2,3,NaN
3,0,3,0.07470550857760336
3,0,3,NaN
3,0,3,NaN
3,0,3,NaN
2,1,3,NaN
2,1,3,0.786623350458894
2,1,3,0.8120477488685461
2,1,3,NaN
2,1,3,NaN
2,1,3,0.0494455745194533
3,0,3,0.7267509803124766
3,0,3,NaN
2,1,3,0.976413425292083
1,2,3,NaN
3,0,3,NaN
2,1,3,0.7267509803124766
3,0,3,0.7582540955828375
3,0,3,NaN
3,0,3,NaN
2,1,3,0.47793771766761745
3,0,3,0.8120477488685461
1,2,3,0.47793771766761745
2,1,3,NaN
1,2,3,0.8120477488685461
2,1,3,0.786623350458894
3,0,3,0.7582540955828375
3,0,3,0.43116983099757117
3,0,3,0.01389863463638223
1,2,3,0.9163216390929619
2,1,3,0.03794641341295346
3,0,3,NaN
1,2,3,NaN
1,2,3,NaN
3,0,3,0.11404401218842061
2,1,3,NaN
3,0,3,NaN
1,2,3,0.43116983099757117
2,1,3,NaN
3,0,3,NaN
2,1,3,NaN
3,0,3,NaN
1,2,3,0.6104096037191906
2,1,3,0.6914431924244484
1,2,3,NaN
2,1,3,NaN
1,2,3,0.927808813496808
2,1,3,NaN
2,1,3,0.786623350458894
3,0,3,0.9574264943593161
2,1,3,NaN
2,1,3,0.6914431924244484
3,0,3,NaN
1,2,3,0.9235769684893195
2,1,3,0.8120477488685461
3,0,3,NaN
2,1,3,0.569149748895899
2,1,3,NaN
3,0,3,NaN
3,0,3,NaN
2,1,3,NaN
2,1,3,0.8553400459938837
3,0,3,NaN
3,0,3,NaN
2,1,3,0.6914431924244484
1,2,3,0.47793771766761745
3,0,3,NaN
2,1,3,0.47793771766761745
3,0,3,0.5610364209058417
3,0,3,NaN
2,1,3,0.3149813444585866
2,1,3,0.6914431924244484
1,2,3,NaN
3,0,3,NaN
3,0,3,NaN
3,0,3,NaN
2,1,3,0.3149813444585866
1,2,3,NaN
3,0,3,0.19236277848876807
3,0,3,NaN
3,0,3,0.6914431924244484
2,1,3,NaN
1,2,3,0.6104096037191906
1,2,3,0.27923371017636817
3,0,3,0.2582603317772707
2,1,3,0.7470062346334309
3,0,3,NaN
1,2,3,0.7698277613958695
2,1,3,0.569149748895899
3,0,3,0.35291544996872376
3,0,3,NaN
2,1,3,0.028886075440067927
3,0,3,NaN
2,1,3,0.6104096037191906
2,1,3,0.1298724704817915
2,1,3,0.9490411065363702
2,1,3,0.9649170932836378
2,1,3,NaN
1,2,3,0.028886075440067927
3,0,3,NaN
3,0,3,0.39064081951093954
2,1,3,0.6914431924244484
1,2,3,0.06611573959509347
2,1,3,NaN
3,0,3,NaN
3,0,3,0.049431027460480864
3,0,3,NaN
2,1,3,NaN
1,2,3,NaN
1,2,3,NaN
2,1,3,NaN
3,0,3,0.786623350458894
1,2,3,NaN
3,0,3,0.8553400459938837
3,0,3,0.24524244003177142
2,1,3,0.11404401218842061
2,1,3,NaN
2,1,3,NaN
1,2,3,0.9811127762214269
1,2,3,0.786623350458894
3,0,3,0.6505728275062779
2,1,3,0.1298724704817915
2,1,3,0.8582877608590422
2,1,3,NaN
2,1,3,NaN
3,0,3,NaN
3,0,3,0.016314898271010056
3,0,3,NaN
2,1,3,0.16806732870266622
2,1,3,0.1298724704817915
2,1,3,0.08940638656868989
1,2,3,NaN
3,0,3,0.14766029718238274
3,0,3,0.49795693882232495
3,0,3,NaN
2,1,3,0.569149748895899
3,0,3,NaN
2,1,3,0.44455820687200376
1,2,3,0.8356407771585233
3,0,3,0.8972796670626189
1,2,3,0.47020968319969003
2,1,3,NaN
3,0,3,NaN
1,2,3,0.8876928958714316
2,1,3,NaN
2,1,3,0.03832442848911993
2,1,3,0.6505728275062779
3,0,3,0.7582540955828375
3,0,3,0.6104096037191906
3,0,3,NaN
1,2,3,0.14766029718238274
1,2,3,0.6505728275062779
3,0,3,0.39064081951093954
3,0,3,NaN
2,1,3,0.7913661661780369
2,1,3,0.39064081951093954
3,0,3,0.8530191354146802
2,1,3,0.6914431924244484
2,1,3,0.569149748895899
1,2,3,NaN
1,2,3,NaN
1,2,3,0.06611573959509347
3,0,3,0.9574264943593161
1,2,3,0.5723478033865719
2,1,3,NaN
3,0,3,0.569149748895899
2,1,3,0.8544729488355682
3,0,3,NaN
3,0,3,0.06611573959509347
2,1,3,NaN
1,2,3,0.8553400459938837
1,2,3,0.8733102078879845
2,1,3,NaN
3,0,3,NaN
1,2,3,0.008101301422264146
3,0,3,NaN
3,0,3,0.7582540955828375
1,2,3,0.01880761644846058
3,0,3,0.5238679062670301
1,2,3,NaN
1,2,3,0.8553400459938837
1,2,3,0.05735097310840156
3,0,3,NaN
2,1,3,0.9574264943593161
3,0,3,NaN
2,1,3,0.6505728275062779
1,2,3,NaN
1,2,3,0.27923371017636817
3,0,3,0.9490411065363702
3,0,3,0.14766029718238274
2,1,3,0.19236277848876807
3,0,3,NaN
3,0,3,NaN
1,2,3,0.39064081951093954
2,1,3,NaN
2,1,3,NaN
1,2,3,NaN
2,1,3,0.47793771766761745
1,2,3,NaN
3,0,3,NaN
3,0,3,NaN
3,0,3,NaN
3,0,3,NaN
1,2,3,0.6914431924244484
3,0,3,NaN
3,0,3,0.6336252331298636
3,0,3,NaN
2,1,3,0.08596717446393809
3,0,3,0.9030952226408369
3,0,3,NaN
2,1,3,0.04370689030141423
3,0,3,NaN
2,1,3,NaN
3,0,3,NaN
3,0,3,NaN
1,2,3,NaN
2,1,3,NaN
2,1,3,0.569149748895899
2,1,3,0.5238679062670301
1,2,3,0.7582540955828375
2,1,3,0.1298724704817915
2,1,3,0.39064081951093954
3,0,3,0.569149748895899
3,0,3,NaN
2,1,3,NaN
3,0,3,0.024979424385777767
2,1,3,NaN
2,1,3,0.8866035662539163
2,1,3,0.786623350458894
2,1,3,NaN
2,1,3,0.9490411065363702
1,2,3,0.19236277848876807
3,0,3,NaN
3,0,3,NaN
2,1,3,0.9649170932836378
3,0,3,NaN
3,0,3,NaN
2,1,3,NaN
3,0,3,0.8120477488685461
2,1,3,NaN
3,0,3,NaN
2,1,3,NaN
1,2,3,0.786623350458894
2,1,3,NaN
3,0,3,0.8068335743694346
3,0,3,0.6104096037191906
3,0,3,0.2180321792514569
3,0,3,0.27923371017636817
1,2,3,0.8120477488685461
3,0,3,0.9163216390929619
3,0,3,0.9030952226408369
2,1,3,NaN
1,2,3,NaN
3,0,3,NaN
1,2,3,NaN
3,0,3,NaN
2,1,3,NaN
1,2,3,NaN
2,1,3,NaN
1,2,3,NaN
2,1,3,NaN
2,1,3,0.4959882483088199
3,0,3,NaN
2,1,3,0.7097871918743238
1,2,3,NaN
3,0,3,NaN
1,2,3,0.5238679062670301
2,1,3,0.14766029718238274
3,0,3,0.927808813496808
1,2,3,NaN
1,2,3,NaN
1,2,3,NaN
2,1,3,0.6914431924244484
1,2,3,NaN
2,1,3,0.43116983099757117
2,1,3,0.8120477488685461
3,0,3,NaN
2,1,3,0.7556978411434596
3,0,3,NaN
1,2,3,0.6880751652472807
2,1,3,NaN
3,0,3,NaN
1,2,3,NaN
3,0,3,NaN
2,1,3,0.24524244003177142
1,2,3,0.8356407771585233
2,1,3,0.8356407771585233
1,2,3,0.152195186389477
3,0,3,0.11404401218842061
1,2,3,0.6505728275062779
1,2,3,0.6104096037191906
1,2,3,NaN
3,0,3,NaN
2,1,3,0.786623350458894
2,1,3,NaN
2,1,3,NaN
3,0,3,0.43116983099757117
2,1,3,0.6914431924244484
2,1,3,0.6914431924244484
2,1,3,0.2887478495258714
3,0,3,NaN
1,2,3,NaN
1,2,3,NaN
2,1,3,NaN
3,0,3,NaN
3,0,3,NaN
2,1,3,NaN
3,0,3,0.7267509803124766
3,0,3,0.06611573959509347
3,0,3,NaN
3,0,3,0.6505728275062779
2,1,3,0.2180321792514569
2,1,3,NaN
3,0,3,0.3149813444585866
3,0,3,NaN
1,2,3,0.9234008089309449
3,0,3,0.1298724704817915
3,0,3,0.8876928958714316
2,1,3,0.8356407771585233
3,0,3,0.5238679062670301
1,2,3,0.47793771766761745
3,0,3,0.1298724704817915
1,2,3,0.5238679062670301
1,2,3,0.569149748895899
2,1,3,0.9388397790286686
1,2,3,0.0085994328970777
3,0,3,0.39064081951093954
1,2,3,0.9030952226408369
1,2,3,0.39064081951093954
2,1,3,0.8886935889394204
2,1,3,NaN
1,2,3,NaN
2,1,3,0.8291191345239641
2,1,3,0.3149813444585866
2,1,3,0.1298724704817915
1,2,3,NaN
1,2,3,0.3289617186670448
1,2,3,0.569149748895899
1,2,3,NaN
2,1,3,NaN
2,1,3,NaN
1,2,3,NaN
2,1,3,0.1298724704817915
3,0,3,NaN
2,1,3,0.8811680344369395
3,0,3,0.08596717446393809
3,0,3,0.9711836190363513
3,0,3,0.6914431924244484
3,0,3,NaN
1,2,3,NaN
1,2,3,NaN
1,2,3,NaN
3,0,3,0.9163216390929619
1,2,3,0.9030952226408369
3,0,3,0.8356407771585233
3,0,3,NaN
3,0,3,NaN
1,2,3,0.9574264943593161
2,1,3,NaN
3,0,3,NaN
3,0,3,NaN
1,2,3,0.2180321792514569
2,1,3,0.8733102078879845
2,1,3,0.016314898271010056
2,1,3,0.8553400459938837
2,1,3,0.7582540955828375
2,1,3,0.35291544996872376
3,0,3,0.02668274358731565
1,2,3,NaN
2,1,3,NaN
3,0,3,NaN
1,2,3,NaN
1,2,3,NaN
1,2,3,NaN
3,0,3,NaN
1,2,3,NaN
1,2,3,0.03794641341295346
3,0,3,NaN
3,0,3,0.8733102078879845
1,2,3,0.43116983099757117
1,2,3,NaN
1,2,3,NaN
2,1,3,NaN
3,0,3,NaN
2,1,3,NaN
2,1,3,0.569149748895899
1,2,3,NaN
2,1,3,0.3149813444585866
2,1,3,NaN
3,0,3,NaN
1,2,3,0.1298724704817915
2,1,3,0.47793771766761745
3,0,3,0.19236277848876807
1,2,3,NaN
3,0,3,0.5238679062670301
2,1,3,0.9503849767387041
2,1,3,NaN
2,1,3,0.27923371017636817
2,1,3,0.5238679062670301
1,2,3,0.9574264943593161
2,1,3,NaN
3,0,3,0.43116983099757117
1,2,3,NaN
2,1,3,0.786623350458894
3,0,3,NaN
1,2,3,0.6914431924244484
2,1,3,0.569149748895899
3,0,3,0.16806732870266622
2,1,3,0.8553400459938837
3,0,3,NaN
3,0,3,0.7267509803124766
2,1,3,0.16806732870266622
3,0,3,0.11404401218842061
1,2,3,NaN
3,0,3,0.7582540955828375
3,0,3,0.24524244003177142
1,2,3,NaN
2,1,3,0.7582540955828375
3,0,3,NaN
3,0,3,NaN
2,1,3,0.927808813496808
3,0,3,NaN
1,2,3,0.6505728275062779
2,1,3,0.7267509803124766
3,0,3,0.1298724704817915
3,0,3,0.0011189098452109635
1,2,3,0.2180321792514569
3,0,3,NaN
3,0,3,NaN
1,2,3,0.19236277848876807
3,0,3,0.848580166826168
1,2,3,NaN
1,2,3,NaN
2,1,3,0.6914431924244484
3,0,3,NaN
3,0,3,0.1298724704817915
1,2,3,NaN
3,0,3,NaN
3,0,3,0.8553400459938837
3,0,3,0.0494455745194533
1,2,3,0.927808813496808
2,1,3,0.3149813444585866
3,0,3,NaN
2,1,3,0.9490411065363702
3,0,3,NaN
1,2,3,0.47793771766761745
1,2,3,0.05735097310840156
2,1,3,0.8415454746148262
1,2,3,NaN
1,2,3,0.8582877608590422
3,0,3,0.7582540955828375
2,1,3,0.24524244003177142
2,1,3,NaN
2,1,3,NaN
3,0,3,NaN
2,1,3,NaN
2,1,3,0.9794651516524246
3,0,3,0.01880761644846058
3,0,3,0.47793771766761745
3,0,3,0.8733102078879845
2,1,3,0.7267509803124766
2,1,3,0.5238679062670301
2,1,3,0.8553400459938837
1,2,3,0.35291544996872376
3,0,3,NaN
3,0,3,NaN
2,1,3,0.47793771766761745
3,0,3,0.9431256790160365
3,0,3,NaN
1,2,3,NaN
1,2,3,NaN
1,2,3,NaN
2,1,3,0.43116983099757117
1,2,3,NaN
3,0,3,0.0494455745194533
3,0,3,0.569149748895899
2,1,3,NaN
3,0,3,NaN
1,2,3,NaN
2,1,3,NaN
1,2,3,0.7582540955828375
1,2,3,NaN
3,0,3,0.9030952226408369
3,0,3,NaN
2,1,3,0.0494455745194533
1,2,3,0.35291544996872376
3,0,3,NaN
2,1,3,0.9714796873064745
2,1,3,NaN
2,1,3,NaN
1,2,3,0.3149813444585866
2,1,3,0.6505728275062779
3,0,3,NaN
2,1,3,NaN
3,0,3,NaN
3,0,3,NaN
3,0,3,NaN
2,1,3,NaN
2,1,3,0.8553400459938837
3,0,3,NaN
3,0,3,NaN
2,1,3,0.6104096037191906
2,1,3,0.1717549517289377
3,0,3,NaN
3,0,3,NaN
1,2,3,NaN
3,0,3,0.47793771766761745
2,1,3,NaN
3,0,3,NaN
3,0,3,0.47793771766761745
2,1,3,2.47191319911833e-5
3,0,3,0.39064081951093954
2,1,3,NaN
3,0,3,0.6505728275062779
2,1,3,NaN
2,1,3,NaN
2,1,3,0.9923256991209348
1,2,3,NaN
2,1,3,0.8886935889394204
1,2,3,NaN
1,2,3,NaN
1,2,3,NaN
2,1,3,0.8886935889394204
2,1,3,NaN
2,1,3,0.9490411065363702
3,0,3,0.024435496749922393
2,1,3,0.7267509803124766
2,1,3,0.6505728275062779
1,2,3,0.7470062346334309
1,2,3,NaN
3,0,3,NaN
3,0,3,0.07470550857760336
2,1,3,NaN
2,1,3,NaN
1,2,3,NaN
1,2,3,0.569149748895899
3,0,3,NaN
1,2,3,NaN
1,2,3,0.9923256991209348
2,1,3,0.569149748895899
3,0,3,NaN
2,1,3,NaN
2,1,3,0.47793771766761745
3,0,3,NaN
2,1,3,0.11404401218842061
3,0,3,NaN
3,0,3,0.26478024389279453
3,0,3,NaN
3,0,3,0.786623350458894
2,1,3,0.7582540955828375
1,2,3,0.2180321792514569
3,0,3,0.27923371017636817
3,0,3,NaN
1,2,3,NaN
3,0,3,0.39064081951093954
2,1,3,0.3149813444585866
2,1,3,NaN
3,0,3,0.8553400459938837
3,0,3,NaN
1,2,3,0.8120477488685461
2,1,3,NaN
3,0,3,0.7267509803124766
3,0,3,NaN
3,0,3,NaN
3,0,3,0.5238679062670301
2,1,3,0.7267509803124766
1,2,3,0.24524244003177142
2,1,3,NaN
2,1,3,NaN
3,0,3,NaN
2,1,3,0.569149748895899
3,0,3,NaN
3,0,3,0.8733102078879845
3,0,3,NaN
2,1,3,NaN
3,0,3,NaN
2,1,3,0.35291544996872376
1,2,3,0.6914431924244484
2,1,3,NaN
3,0,3,0.6104096037191906
2,1,3,0.9030952226408369
3,0,3,NaN
1,2,3,0.19236277848876807
3,0,3,NaN
3,0,3,0.47793771766761745
3,0,3,NaN
3,0,3,NaN
3,0,3,NaN
1,2,3,NaN
1,2,3,0.3149813444585866
3,0,3,NaN
3,0,3,NaN
3,0,3,NaN
2,1,3,NaN
3,0,3,NaN
2,1,3,0.03794641341295346
1,2,3,0.1298724704817915
2,1,3,0.8733102078879845
3,0,3,0.05735097310840156
1,2,3,NaN
1,2,3,0.43116983099757117
2,1,3,0.47793771766761745
2,1,3,NaN
1,2,3,0.9766361134394391
3,0,3,0.8356407771585233
1,2,3,NaN
2,1,3,NaN
2,1,3,0.03794641341295346
3,0,3,NaN
2,1,3,NaN
3,0,3,0.11404401218842061
3,0,3,NaN
2,1,3,NaN
2,1,3,0.24524244003177142
3,0,3,NaN
2,1,3,NaN
3,0,3,0.47793771766761745
3,0,3,NaN
1,2,3,NaN
2,1,3,NaN
3,0,3,0.03317022976394289
3,0,3,0.07470550857760336
2,1,3,0.6104096037191906
3,0,3,0.569149748895899
1,2,3,0.1642931390531809
2,1,3,NaN
3,0,3,0.11404401218842061
2,1,3,0.01839824779793692
3,0,3,NaN
2,1,3,0.08596717446393809
2,1,3,0.9490411065363702
3,0,3,NaN
3,0,3,NaN
2,1,3,0.7582540955828375
3,0,3,NaN
1,2,3,0.3149813444585866
2,1,3,0.16922731549821454
3,0,3,0.25737367591553945
2,1,3,0.31579303587946045
2,1,3,0.43116983099757117
3,0,3,NaN
2,1,3,0.39064081951093954
2,1,3,0.35291544996872376
1,2,3,NaN
3,0,3,NaN
3,0,3,0.9490411065363702
1,2,3,NaN
1,2,3,0.14766029718238274
2,1,3,NaN
2,1,3,0.24524244003177142
3,0,3,0.9235769684893195
1,2,3,0.8120477488685461
3,0,3,0.2180321792514569
1,2,3,0.47669007767124383
2,1,3,0.8733102078879845
1,2,3,NaN
2,1,3,NaN
3,0,3,0.47793771766761745
3,0,3,NaN
3,0,3,0.5238679062670301
3,0,3,NaN
2,1,3,0.8228512845621858
2,1,3,0.48596273638470033
3,0,3,NaN
1,2,3,NaN
1,2,3,NaN
2,1,3,0.8733102078879845
3,0,3,0.16806732870266622
1,2,3,0.43116983099757117
3,0,3,NaN
3,0,3,NaN
1,2,3,NaN
3,0,3,NaN
1,2,3,NaN
2,1,3,NaN
3,0,3,0.6104096037191906
1,2,3,0.8733102078879845
3,0,3,NaN
1,2,3,0.43116983099757117
2,1,3,0.24524244003177142
2,1,3,NaN
2,1,3,0.016314898271010056
1,2,3,0.927808813496808
1,2,3,NaN
2,1,3,0.8356407771585233
3,0,3,NaN
2,1,3,0.19236277848876807
1,2,3,0.9030952226408369
3,0,3,NaN
3,0,3,0.9711836190363513
1,2,3,NaN
3,0,3,0.47793771766761745
2,1,3,NaN
2,1,3,0.6880751652472807
1,2,3,0.39064081951093954
2,1,3,NaN
2,1,3,NaN
1,2,3,NaN
3,0,3,NaN
2,1,3,NaN
2,1,3,NaN
2,1,3,NaN
2,1,3,NaN
3,0,3,NaN
3,0,3,NaN
3,0,3,0.8356407771585233
2,1,3,NaN
1,2,3,NaN
3,0,3,0.6104096037191906
3,0,3,0.43116983099757117
2,1,3,NaN
3,0,3,0.24524244003177142
1,2,3,NaN
1,2,3,NaN
2,1,3,NaN
2,1,3,0.7267509803124766
2,1,3,NaN
1,2,3,0.9462757609299627
3,0,3,NaN
3,0,3,NaN
3,0,3,0.9711836190363513
2,1,3,0.43116983099757117
1,2,3,0.8135122998034316
3,0,3,NaN
3,0,3,NaN
3,0,3,NaN
3,0,3,NaN
2,1,3,NaN
2,1,3,0.8120477488685461
2,1,3,NaN
3,0,3,NaN
2,1,3,0.8356407771585233
1,2,3,0.6167276926402169
3,0,3,NaN
3,0,3,0.6104096037191906
3,0,3,NaN
3,0,3,0.8356407771585233
2,1,3,NaN
3,0,3,0.9574264943593161
3,0,3,0.17368710433506626
2,1,3,NaN
2,1,3,NaN
3,0,3,NaN
3,0,3,0.9388397790286686
2,1,3,0.2180321792514569
2,1,3,NaN
3,0,3,NaN
3,0,3,NaN
2,1,3,0.6914431924244484
3,0,3,0.786623350458894
2,1,3,NaN
1,2,3,NaN
3,0,3,NaN
1,2,3,0.8553400459938837
3,0,3,0.11404401218842061
3,0,3,NaN
1,2,3,0.9155461523247633
3,0,3,NaN
2,1,3,0.7267509803124766
3,0,3,NaN
2,1,3,0.7582540955828375
3,0,3,NaN
2,1,3,NaN
3,0,3,NaN
2,1,3,0.9923256991209348
3,0,3,0.43116983099757117
1,2,3,0.11404401218842061
2,1,3,0.41781409793355745
2,1,3,NaN
2,1,3,0.2449297274308735
2,1,3,0.043256710905118505
1,2,3,0.9894656266614458
3,0,3,NaN
3,0,3,0.028886075440067927
3,0,3,NaN
1,2,3,0.9811127762214269
2,1,3,NaN
3,0,3,0.2635919661402064
1,2,3,0.7267509803124766
2,1,3,NaN
2,1,3,NaN
3,0,3,NaN
2,1,3,0.6914431924244484
1,2,3,NaN
3,0,3,0.03202471173732321
2,1,3,NaN
3,0,3,NaN
2,1,3,0.39064081951093954
3,0,3,NaN
1,2,3,NaN
3,0,3,0.7582540955828375
3,0,3,0.47793771766761745
2,1,3,0.5238679062670301
3,0,3,NaN
2,1,3,0.47793771766761745
3,0,3,NaN
1,2,3,0.7267509803124766
2,1,3,NaN
3,0,3,0.3742435995723311
2,1,3,0.47793771766761745
2,1,3,0.9649170932836378
3,0,3,NaN
3,0,3,NaN
2,1,3,0.5238679062670301
2,1,3,0.3149813444585866
2,1,3,0.9574264943593161
2,1,3,0.11404401218842061
1,2,3,0.14766029718238274
1,2,3,0.6505728275062779
3,0,3,NaN
2,1,3,0.569149748895899
3,0,3,0.03794641341295346
1,2,3,NaN
1,2,3,NaN
1,2,3,NaN
3,0,3,0.009681398529947847
3,0,3,0.39064081951093954
3,0,3,NaN
2,1,3,NaN
3,0,3,0.9030952226408369
3,0,3,0.27923371017636817
2,1,3,0.9711836190363513
2,1,3,0.1298724704817915
3,0,3,NaN
3,0,3,NaN
2,1,3,NaN
3,0,3,0.14766029718238274
3,0,3,NaN
3,0,3,NaN
2,1,3,NaN
2,1,3,0.04370689030141423
2,1,3,NaN
3,0,3,0.569149748895899
2,1,3,0.6914431924244484
3,0,3,0.9649170932836378
2,1,3,NaN
3,0,3,0.569149748895899
3,0,3,NaN
1,2,3,0.6104096037191906
2,1,3,0.7051840551574875
2,1,3,NaN
1,2,3,0.8356407771585233
2,1,3,0.07470550857760336
2,1,3,NaN
3,0,3,0.9030952226408369
2,1,3,0.7582540955828375
3,0,3,0.9388397790286686
3,0,3,0.569149748895899
3,0,3,NaN
2,1,3,NaN
1,2,3,0.8886935889394204
2,1,3,NaN
1,2,3,NaN
3,0,3,NaN
1,2,3,0.6231994428908446
2,1,3,0.927808813496808
3,0,3,NaN
3,0,3,0.9030952226408369
2,1,3,0.8288275170208178
3,0,3,NaN
2,1,3,0.0494455745194533
2,1,3,0.927808813496808
3,0,3,NaN
3,0,3,NaN
2,1,3,NaN
1,2,3,NaN
3,0,3,NaN
3,0,3,NaN
2,1,3,0.8356407771585233
2,1,3,0.9163216390929619
1,2,3,NaN
2,1,3,0.7267509803124766
1,2,3,NaN
2,1,3,0.35291544996872376
2,1,3,0.26478024389279453
3,0,3,NaN
3,0,3,0.7582540955828375
2,1,3,0.6505728275062779
3,0,3,NaN
1,2,3,0.6505728275062779
2,1,3,0.7582540955828375
2,1,3,0.7582540955828375
3,0,3,NaN
2,1,3,NaN
2,1,3,0.024979424385777767
2,1,3,0.11404401218842061
2,1,3,NaN
1,2,3,0.8120477488685461
3,0,3,NaN
2,1,3,NaN
3,0,3,0.786623350458894
2,1,3,NaN
2,1,3,NaN
3,0,3,0.6505728275062779
2,1,3,0.24524244003177142
3,0,3,0.4892673659773662
3,0,3,0.6505728275062779
2,1,3,0.33243704120387024
1,2,3,NaN
2,1,3,NaN
1,2,3,0.5238679062670301
2,1,3,0.7004946307553668
1,2,3,0.8120477488685461
3,0,3,NaN
3,0,3,NaN
2,1,3,0.8886935889394204
2,1,3,0.2180321792514569
3,0,3,NaN
3,0,3,0.6181101058296996
3,0,3,NaN
3,0,3,NaN
2,1,3,NaN
1,2,3,0.8356407771585233
1,2,3,0.08940638656868989
2,1,3,0.35291544996872376
1,2,3,NaN
3,0,3,NaN
2,1,3,NaN
3,0,3,NaN
3,0,3,0.9944136266474382
2,1,3,0.27923371017636817
2,1,3,0.8553400459938837
2,1,3,0.5392073624570944
2,1,3,NaN
1,2,3,0.5238679062670301
2,1,3,0.7820392856731134
2,1,3,0.9649170932836378
3,0,3,NaN
3,0,3,NaN
3,0,3,0.9030952226408369
3,0,3,NaN
2,1,3,NaN
3,0,3,NaN
3,0,3,NaN
1,2,3,NaN
2,1,3,0.9574264943593161
3,0,3,NaN
3,0,3,0.0494455745194533
2,1,3,NaN
2,1,3,NaN
3,0,3,0.927808813496808
2,1,3,0.09943458759150654
2,1,3,NaN
1,2,3,NaN
1,2,3,NaN
3,0,3,NaN
1,2,3,NaN
2,1,3,0.0494455745194533
2,1,3,0.14766029718238274
3,0,3,0.8733102078879845
2,1,3,NaN
2,1,3,NaN
1,2,3,NaN
1,2,3,0.0494455745194533
2,1,3,0.7582540955828375
3,0,3,0.11003319334580011
1,2,3,NaN
1,2,3,0.6104096037191906
2,1,3,NaN
3,0,3,NaN
2,1,3,0.6104096037191906
1,2,3,NaN
2,1,3,0.5238679062670301
3,0,3,0.7267509803124766
1,2,3,NaN
1,2,3,0.8553400459938837
2,1,3,NaN
3,0,3,NaN
2,1,3,NaN
2,1,3,0.6914431924244484
1,2,3,NaN
1,2,3,0.43116983099757117
3,0,3,0.3149813444585866
3,0,3,NaN
1,2,3,NaN
2,1,3,NaN
2,1,3,0.27369177007057516
1,2,3,0.2893190745003554
2,1,3,0.8451544942757592
2,1,3,0.9163216390929619
3,0,3,NaN
1,2,3,NaN
3,0,3,NaN
3,0,3,0.6914431924244484
1,2,3,0.9574264943593161
3,0,3,0.09943458759150654
2,1,3,0.27923371017636817
1,2,3,NaN
3,0,3,0.43116983099757117
2,1,3,0.27923371017636817
3,0,3,0.11404401218842061
2,1,3,0.927808813496808
3,0,3,0.9574264943593161
3,0,3,NaN
2,1,3,0.11353592014196388
2,1,3,0.6914431924244484
3,0,3,NaN
3,0,3,0.5932290821066095
3,0,3,NaN
2,1,3,0.8886935889394204
3,0,3,NaN
2,1,3,0.8553400459938837
3,0,3,0.27923371017636817
1,2,3,0.39064081951093954
2,1,3,0.9574264943593161
1,2,3,0.024979424385777767
1,2,3,NaN
3,0,3,0.35291544996872376
3,0,3,0.27923371017636817
2,1,3,NaN
2,1,3,NaN
2,1,3,0.6104096037191906
3,0,3,NaN
1,2,3,NaN
1,2,3,0.6505728275062779
1,2,3,0.24524244003177142
1,2,3,NaN
2,1,3,0.786623350458894
2,1,3,NaN
2,1,3,NaN
3,0,3,0.7267509803124766
2,1,3,NaN
2,1,3,0.8120477488685461
2,1,3,NaN
2,1,3,NaN
3,0,3,NaN
3,0,3,0.38120040655300724
2,1,3,0.39064081951093954
2,1,3,NaN
1,2,3,0.6505728275062779
2,1,3,NaN
1,2,3,0.04370689030141423
2,1,3,0.16806732870266622
1,2,3,0.27923371017636817
1,2,3,NaN
3,0,3,NaN
1,2,3,0.6833758768314452
3,0,3,0.0494455745194533
1,2,3,0.8733102078879845
1,2,3,0.6505728275062779
3,0,3,NaN
3,0,3,0.786623350458894
1,2,3,0.43116983099757117
3,0,3,NaN
1,2,3,NaN
3,0,3,NaN
1,2,3,NaN
3,0,3,NaN
1,2,3,NaN
2,1,3,0.786623350458894
3,0,3,NaN
2,1,3,0.6914431924244484
2,1,3,NaN
2,1,3,0.47793771766761745
3,0,3,NaN
1,2,3,0.47793771766761745
2,1,3,0.7582540955828375
2,1,3,NaN
2,1,3,NaN
2,1,3,NaN
2,1,3,0.16922731549821454
2,1,3,NaN
3,0,3,NaN
1,2,3,0.7267509803124766
1,2,3,NaN
3,0,3,0.7267509803124766
2,1,3,NaN
2,1,3,0.47793771766761745
3,0,3,0.16806732870266622
2,1,3,0.9560073970863356
3,0,3,NaN
2,1,3,0.6104096037191906
3,0,3,0.976413425292083
1,2,3,0.8553400459938837
2,1,3,NaN
3,0,3,NaN
3,0,3,0.5238679062670301
3,0,3,NaN
2,1,3,NaN
2,1,3,NaN
2,1,3,NaN
1,2,3,0.8120477488685461
1,2,3,0.07470550857760336
1,2,3,NaN
3,0,3,NaN
2,1,3,NaN
1,2,3,NaN
2,1,3,NaN
1,2,3,0.9811127762214269
1,2,3,0.47793771766761745
2,1,3,0.2180321792514569
3,0,3,NaN
2,1,3,0.07071721497299611
2,1,3,0.2180321792514569
2,1,3,0.9490411065363702
1,2,3,0.6104096037191906
3,0,3,NaN
1,2,3,NaN
3,0,3,0.569149748895899
2,1,3,NaN
3,0,3,NaN
3,0,3,NaN
3,0,3,0.7582540955828375
1,2,3,0.8356407771585233
3,0,3,NaN
1,2,3,NaN
3,0,3,NaN
1,2,3,NaN
1,2,3,NaN
2,1,3,0.7267509803124766
1,2,3,NaN
1,2,3,NaN
1,2,3,NaN
2,1,3,NaN
3,0,3,NaN
3,0,3,NaN
2,1,3,NaN
2,1,3,NaN
2,1,3,NaN
2,1,3,NaN
2,1,3,NaN
3,0,3,NaN
1,2,3,0.6505728275062779
3,0,3,0.5238679062670301
3,0,3,0.7267509803124766
2,1,3,0.16806732870266622
1,2,3,NaN
2,1,3,NaN
2,1,3,0.4991160421078876
1,2,3,NaN
1,2,3,NaN
1,2,3,0.6777695128181356
3,0,3,NaN
2,1,3,NaN
3,0,3,NaN
2,1,3,0.3149813444585866
1,2,3,NaN
2,1,3,0.5238679062670301
1,2,3,NaN
2,1,3,NaN
3,0,3,0.3149813444585866
2,1,3,NaN
3,0,3,0.28307077970323524
1,2,3,0.9388397790286686
1,2,3,0.6505728275062779
1,2,3,0.8553400459938837
1,2,3,NaN
2,1,3,0.47669007767124383
3,0,3,NaN
1,2,3,0.2825756595979886
3,0,3,0.6914431924244484
1,2,3,0.8553400459938837
3,0,3,0.786623350458894
3,0,3,NaN
2,1,3,NaN
2,1,3,NaN
2,1,3,0.6603349835179124
3,0,3,NaN
2,1,3,0.569149748895899
3,0,3,0.7582540955828375
1,2,3,NaN
2,1,3,0.6505728275062779
3,0,3,NaN
2,1,3,NaN
3,0,3,0.09943458759150654
3,0,3,0.8553400459938837
1,2,3,0.7267509803124766
2,1,3,NaN
2,1,3,NaN
3,0,3,NaN
3,0,3,0.6505728275062779
1,2,3,0.9163216390929619
2,1,3,NaN
2,1,3,0.8120477488685461
1,2,3,0.9163216390929619
3,0,3,0.5238679062670301
2,1,3,0.3149813444585866
2,1,3,NaN
1,2,3,0.06611573959509347
1,2,3,NaN
3,0,3,0.8553400459938837
2,1,3,NaN
1,2,3,NaN
3,0,3,NaN
2,1,3,NaN
2,1,3,0.43116983099757117
2,1,3,0.43116983099757117
2,1,3,0.569149748895899
1,2,3,NaN
2,1,3,NaN
3,0,3,NaN
3,0,3,NaN
1,2,3,NaN
2,1,3,0.786623350458894
1,2,3,0.3149813444585866
2,1,3,0.016314898271010056
3,0,3,0.5238679062670301
3,0,3,NaN
2,1,3,0.7267509803124766
2,1,3,0.47793771766761745
3,0,3,NaN
1,2,3,NaN
1,2,3,NaN
1,2,3,NaN
3,0,3,0.9649170932836378
1,2,3,NaN
1,2,3,NaN
1,2,3,NaN
2,1,3,NaN
1,2,3,NaN
1,2,3,0.35291544996872376
3,0,3,NaN
1,2,3,0.7267509803124766
1,2,3,0.835445920380814
2,1,3,0.569149748895899
3,0,3,0.6914431924244484
3,0,3,0.016453507757996446
1,2,3,0.9163216390929619
2,1,3,NaN
2,1,3,NaN
2,1,3,0.35291544996872376
3,0,3,NaN
1,2,3,NaN
1,2,3,0.786623350458894
1,2,3,0.9649170932836378
2,1,3,0.5238679062670301
2,1,3,0.07470550857760336
3,0,3,NaN
2,1,3,NaN
2,1,3,0.5238679062670301
3,0,3,0.6505728275062779
1,2,3,NaN
1,2,3,NaN
3,0,3,0.580476664706154
1,2,3,NaN
1,2,3,NaN
3,0,3,0.7267509803124766
2,1,3,0.47793771766761745
2,1,3,NaN
3,0,3,0.6914431924244484
1,2,3,0.43116983099757117
2,1,3,0.5659515108619382
3,0,3,NaN
3,0,3,0.8886935889394204
3,0,3,0.6914431924244484
3,0,3,NaN
1,2,3,0.49974308594955635
3,0,3,0.35291544996872376
1,2,3,NaN
1,2,3,0.9163216390929619
2,1,3,NaN
2,1,3,NaN
2,1,3,NaN
1,2,3,NaN
2,1,3,0.6914431924244484
1,2,3,0.23967195993390902
1,2,3,NaN
3,0,3,NaN
2,1,3,0.39064081951093954
2,1,3,0.9368244656707818
1,2,3,NaN
3,0,3,0.11404401218842061
1,2,3,NaN
3,0,3,0.8733102078879845
1,2,3,0.7267509803124766
3,0,3,NaN
3,0,3,NaN
2,1,3,0.8120477488685461
2,1,3,0.14766029718238274
3,0,3,0.5238679062670301
1,2,3,0.2552081577656948
2,1,3,NaN
3,0,3,NaN
3,0,3,NaN
3,0,3,NaN
2,1,3,0.07470550857760336
2,1,3,0.43116983099757117
2,1,3,NaN
3,0,3,0.5238679062670301
2,1,3,0.8544693965999884
2,1,3,0.20402678523788345
1,2,3,NaN
3,0,3,0.27923371017636817
1,2,3,NaN
2,1,3,NaN
1,2,3,NaN
1,2,3,NaN
3,0,3,0.6505728275062779
1,2,3,NaN
1,2,3,NaN
1,2,3,NaN
3,0,3,NaN
1,2,3,NaN
2,1,3,NaN
1,2,3,NaN
2,1,3,NaN
3,0,3,NaN
3,0,3,NaN
3,0,3,NaN
1,2,3,0.6914431924244484
1,2,3,0.04370689030141423
3,0,3,NaN
1,2,3,NaN
3,0,3,0.14766029718238274
2,1,3,NaN
3,0,3,0.16806732870266622
3,0,3,NaN
3,0,3,0.6165709600421269
3,0,3,NaN
2,1,3,NaN
2,1,3,0.06846923668517754
3,0,3,NaN
2,1,3,NaN
1,2,3,0.6914431924244484
3,0,3,NaN
2,1,3,NaN
2,1,3,NaN
1,2,3,NaN
3,0,3,0.8553400459938837
3,0,3,NaN
1,2,3,NaN
1,2,3,NaN
3,0,3,0.7913661661780369
3,0,3,NaN
3,0,3,0.6104096037191906
3,0,3,NaN
1,2,3,NaN
2,1,3,0.6505728275062779
3,0,3,0.7582540955828375
2,1,3,NaN
3,0,3,NaN
2,1,3,NaN
2,1,3,NaN
3,0,3,NaN
3,0,3,NaN
3,0,3,NaN
3,0,3,0.35291544996872376
3,0,3,NaN
2,1,3,0.47793771766761745
3,0,3,0.7582540955828375
3,0,3,0.9030952226408369
2,1,3,NaN
1,2,3,0.05735097310840156
2,1,3,0.6936424771194916
1,2,3,NaN
2,1,3,NaN
2,1,3,0.9708770260810728
1,2,3,0.7582540955828375
3,0,3,0.9211763994776797
2,1,3,0.6104096037191906
1,2,3,0.8120477488685461
2,1,3,NaN
2,1,3,NaN
2,1,3,NaN
2,1,3,NaN
2,1,3,NaN
3,0,3,0.9163216390929619
1,2,3,NaN
2,1,3,NaN
2,1,3,NaN
2,1,3,NaN
1,2,3,0.43116983099757117
3,0,3,0.8553400459938837
1,2,3,0.7582540955828375
3,0,3,0.786623350458894
3,0,3,NaN
1,2,3,0.47793771766761745
3,0,3,0.07470550857760336
1,2,3,0.786623350458894
1,2,3,0.04370689030141423
2,1,3,0.7965188419159412
1,2,3,0.8733102078879845
3,0,3,NaN
3,0,3,NaN
1,2,3,0.8886935889394204
3,0,3,0.8876928958714316
2,1,3,0.8356407771585233
2,1,3,NaN
1,2,3,NaN
3,0,3,0.5238679062670301
1,2,3,NaN
3,0,3,NaN
3,0,3,0.27923371017636817
2,1,3,NaN
3,0,3,NaN
2,1,3,NaN
2,1,3,NaN
2,1,3,0.47669007767124383
1,2,3,NaN
2,1,3,NaN
3,0,3,0.35291544996872376
1,2,3,NaN
1,2,3,0.9388397790286686
1,2,3,0.34312133628825187
2,1,3,0.47793771766761745
1,2,3,NaN
2,1,3,NaN
1,2,3,0.9388397790286686
1,2,3,0.569149748895899
1,2,3,0.27923371017636817
2,1,3,0.19236277848876807
1,2,3,0.580476664706154
3,0,3,0.35291544996872376
1,2,3,0.569149748895899
1,2,3,0.569149748895899
2,1,3,0.6104096037191906
1,2,3,0.47793771766761745
3,0,3,0.9490411065363702
1,2,3,NaN
1,2,3,0.19236277848876807
1,2,3,NaN
2,1,3,0.27923371017636817
1,2,3,0.05735097310840156
2,1,3,NaN
2,1,3,NaN
2,1,3,0.43116983099757117
1,2,3,NaN
1,2,3,0.8886935889394204
3,0,3,NaN
2,1,3,0.11404401218842061
2,1,3,NaN
2,1,3,NaN
2,1,3,0.8120477488685461
1,2,3,0.44455820687200376
1,2,3,NaN
3,0,3,0.3149813444585866
2,1,3,0.47793771766761745
3,0,3,0.7267509803124766
2,1,3,0.27923371017636817
2,1,3,0.3149813444585866
1,2,3,NaN
2,1,3,0.7971405917373999
3,0,3,0.07470550857760336
1,2,3,0.07470550857760336
3,0,3,NaN
3,0,3,NaN
3,0,3,0.39064081951093954
2,1,3,NaN
2,1,3,0.27923371017636817
3,0,3,0.6505728275062779
1,2,3,0.06611573959509347
3,0,3,0.6104096037191906
1,2,3,NaN
3,0,3,NaN
1,2,3,0.569149748895899
1,2,3,NaN
2,1,3,NaN
3,0,3,0.8553400459938837
3,0,3,NaN
2,1,3,NaN
3,0,3,0.47793771766761745
3,0,3,0.47793771766761745
2,1,3,0.05224308276272827
3,0,3,0.5238679062670301
1,2,3,NaN
2,1,3,NaN
3,0,3,NaN
2,1,3,NaN
2,1,3,0.5238679062670301
1,2,3,0.569149748895899
1,2,3,NaN
2,1,3,NaN
1,2,3,NaN
1,2,3,0.9574264943593161
2,1,3,NaN
3,0,3,0.8457202402837245
2,1,3,NaN
3,0,3,NaN
2,1,3,0.35291544996872376
2,1,3,NaN
3,0,3,NaN
3,0,3,0.6104096037191906
3,0,3,NaN
2,1,3,NaN
2,1,3,NaN
1,2,3,0.927808813496808
1,2,3,NaN
2,1,3,NaN
1,2,3,0.35291544996872376
3,0,3,NaN
1,2,3,NaN
3,0,3,NaN
2,1,3,0.39064081951093954
3,0,3,NaN
2,1,3,0.8733102078879845
2,1,3,NaN
2,1,3,NaN
1,2,3,0.7267509803124766
2,1,3,0.1253908874723245
1,2,3,0.786623350458894
3,0,3,0.786623350458894
2,1,3,0.786623350458894
1,2,3,NaN
2,1,3,NaN
1,2,3,0.8886935889394204
3,0,3,0.16806732870266622
3,0,3,0.6104096037191906
2,1,3,0.43116983099757117
2,1,3,0.5238679062670301
3,0,3,NaN
3,0,3,NaN
1,2,3,0.6914431924244484
2,1,3,0.1298724704817915
3,0,3,0.8733102078879845
1,2,3,0.27923371017636817
1,2,3,0.5238679062670301
3,0,3,0.8733102078879845
2,1,3,NaN
3,0,3,NaN
1,2,3,0.03024784671429836
2,1,3,NaN
2,1,3,0.8334585995484338
2,1,3,NaN
2,1,3,0.5238679062670301
2,1,3,0.14766029718238274
1,2,3,0.6505728275062779
2,1,3,NaN
2,1,3,NaN
1,2,3,NaN
3,0,3,NaN
3,0,3,NaN
3,0,3,NaN
1,2,3,NaN
3,0,3,NaN
3,0,3,NaN
1,2,3,NaN
3,0,3,0.569149748895899
1,2,3,NaN
1,2,3,NaN
3,0,3,0.9163216390929619
3,0,3,0.43116983099757117
1,2,3,0.8153083058530535
3,0,3,NaN
1,2,3,NaN
3,0,3,0.9767933190034093
1,2,3,NaN
3,0,3,0.6104096037191906
2,1,3,NaN
1,2,3,0.21801828562993525
3,0,3,NaN
1,2,3,NaN
1,2,3,0.9811127762214269
1,2,3,NaN
2,1,3,0.786623350458894
1,2,3,NaN
1,2,3,NaN
1,2,3,NaN
2,1,3,NaN
2,1,3,0.6104096037191906
1,2,3,NaN
2,1,3,0.7267509803124766
2,1,3,NaN
3,0,3,0.6505728275062779
1,2,3,0.8356407771585233
2,1,3,0.5538901449796717
2,1,3,0.6914431924244484
1,2,3,NaN
2,1,3,NaN
2,1,3,0.9032925157500761
2,1,3,0.2635919661402064
1,2,3,NaN
1,2,3,0.7582540955828375
3,0,3,0.001615416478124687
1,2,3,0.1298724704817915
1,2,3,NaN
1,2,3,NaN
1,2,3,NaN
2,1,3,NaN
1,2,3,NaN
3,0,3,0.6104096037191906
1,2,3,NaN
2,1,3,NaN
1,2,3,NaN
1,2,3,NaN
2,1,3,0.06611573959509347
3,0,3,NaN
3,0,3,0.20289880394901175
2,1,3,NaN
2,1,3,NaN
2,1,3,0.6505728275062779
2,1,3,0.6626854588022666
1,2,3,0.39064081951093954
2,1,3,0.9574264943593161
2,1,3,0.6704287383046245
3,0,3,0.43116983099757117
2,1,3,0.039413734062399126
2,1,3,NaN
1,2,3,NaN
2,1,3,NaN
2,1,3,0.7556978411434596
3,0,3,NaN
3,0,3,0.5238679062670301
2,1,3,NaN
3,0,3,0.2180321792514569
3,0,3,NaN
1,2,3,0.25841863339059545
3,0,3,NaN
3,0,3,NaN
1,2,3,0.6914431924244484
3,0,3,NaN
2,1,3,NaN
2,1,3,NaN
2,1,3,0.35291544996872376
2,1,3,NaN
3,0,3,0.11404401218842061
3,0,3,0.8356407771585233
2,1,3,0.43116983099757117
2,1,3,NaN
1,2,3,NaN
3,0,3,NaN
3,0,3,NaN
3,0,3,NaN
2,1,3,NaN
3,0,3,0.6104096037191906
1,2,3,0.7267509803124766
1,2,3,NaN
2,1,3,0.24524244003177142
3,0,3,NaN
3,0,3,0.09943458759150654
3,0,3,NaN
1,2,3,0.7878917361080723
3,0,3,0.9175214707400388
1,2,3,NaN
3,0,3,NaN
3,0,3,0.9030952226408369
3,0,3,0.39064081951093954
1,2,3,NaN
1,2,3,NaN
3,0,3,NaN
1,2,3,0.6505728275062779
2,1,3,0.6505728275062779
3,0,3,NaN
3,0,3,NaN
2,1,3,NaN
3,0,3,0.8120477488685461
1,2,3,NaN
3,0,3,0.786623350458894
1,2,3,0.825994201363067
3,0,3,NaN
2,1,3,0.6505728275062779
2,1,3,NaN
3,0,3,NaN
1,2,3,0.01880761644846058
1,2,3,0.6505728275062779
1,2,3,NaN
3,0,3,NaN
3,0,3,NaN
2,1,3,0.07470550857760336
1,2,3,NaN
3,0,3,0.569149748895899
1,2,3,NaN
2,1,3,NaN
1,2,3,0.6104096037191906
2,1,3,0.6914431924244484
2,1,3,0.8356407771585233
3,0,3,0.6914431924244484
2,1,3,0.9574264943593161
2,1,3,0.3149813444585866
2,1,3,0.8120477488685461
2,1,3,0.43116983099757117
1,2,3,NaN
2,1,3,0.47793771766761745
3,0,3,0.008126970210441814
2,1,3,NaN
2,1,3,NaN
2,1,3,0.27923371017636817
3,0,3,0.7267509803124766
1,2,3,NaN
1,2,3,0.7267509803124766
3,0,3,NaN
1,2,3,0.6914431924244484
1,2,3,NaN
3,0,3,NaN
2,1,3,NaN
2,1,3,0.6914431924244484
2,1,3,0.7267509803124766
1,2,3,0.35291544996872376
1,2,3,0.24524244003177142
2,1,3,0.04370689030141423
3,0,3,0.9857264206675347
2,1,3,0.8736025629040609
2,1,3,NaN
2,1,3,0.7883696248010116
2,1,3,0.6914431924244484
2,1,3,NaN
1,2,3,0.43116983099757117
1,2,3,NaN
2,1,3,0.7582540955828375
2,1,3,0.3149813444585866
3,0,3,NaN
3,0,3,0.7267509803124766
1,2,3,NaN
2,1,3,0.6833758768314452
2,1,3,0.9910268197127584
3,0,3,0.9388397790286686
3,0,3,NaN
3,0,3,0.002460659827496376
3,0,3,0.786623350458894
2,1,3,NaN
3,0,3,0.569149748895899
2,1,3,0.0494455745194533
2,1,3,NaN
1,2,3,NaN
2,1,3,0.47793771766761745
2,1,3,0.1298724704817915
2,1,3,NaN
2,1,3,0.24524244003177142
3,0,3,0.8356407771585233
1,2,3,NaN
3,0,3,0.6505728275062779
3,0,3,NaN
1,2,3,0.16922731549821454
1,2,3,NaN
2,1,3,NaN
1,2,3,NaN
2,1,3,0.3149813444585866
2,1,3,0.14766029718238274
3,0,3,NaN
1,2,3,0.3871581495179797
1,2,3,0.9711836190363513
3,0,3,0.6505728275062779
2,1,3,NaN
2,1,3,NaN
2,1,3,NaN
1,2,3,NaN
1,2,3,NaN
2,1,3,NaN
2,1,3,NaN
1,2,3,0.7582540955828375
1,2,3,0.016314898271010056
3,0,3,NaN
3,0,3,0.6104096037191906
1,2,3,0.6104096037191906
1,2,3,0.7582540955828375
1,2,3,0.9490411065363702
2,1,3,0.6061360034034095
3,0,3,0.6505728275062779
2,1,3,0.8553400459938837
1,2,3,0.15385414083975474
3,0,3,0.5238679062670301
2,1,3,0.09943458759150654
1,2,3,NaN
3,0,3,NaN
1,2,3,0.1298724704817915
3,0,3,0.6914431924244484
1,2,3,0.9163216390929619
3,0,3,0.05735097310840156
1,2,3,0.7762201877346611
1,2,3,0.47793771766761745
2,1,3,0.3149813444585866
2,1,3,NaN
3,0,3,0.8356407771585233
1,2,3,NaN
2,1,3,NaN
1,2,3,NaN
1,2,3,NaN
2,1,3,0.03794641341295346
1,2,3,0.5610206340925104
1,2,3,0.19236277848876807
3,0,3,0.569149748895899
2,1,3,NaN
2,1,3,NaN
3,0,3,NaN
2,1,3,0.01389863463638223
1,2,3,0.7249415004237635
1,2,3,NaN
1,2,3,NaN
2,1,3,0.35291544996872376
3,0,3,NaN
3,0,3,0.1813066556489133
3,0,3,NaN
2,1,3,NaN
1,2,3,NaN
3,0,3,0.19236277848876807
2,1,3,NaN
1,2,3,NaN
2,1,3,NaN
1,2,3,0.6914431924244484
2,1,3,0.06401128502476251
3,0,3,0.24524244003177142
2,1,3,0.8370498159240735
1,2,3,0.6104096037191906
1,2,3,NaN
3,0,3,0.7582540955828375
3,0,3,0.9163216390929619
3,0,3,0.47793771766761745
2,1,3,0.3149813444585866
3,0,3,0.9163216390929619
1,2,3,NaN
1,2,3,NaN
3,0,3,NaN
3,0,3,0.569149748895899
1,2,3,NaN
1,2,3,NaN
1,2,3,NaN
3,0,3,NaN
1,2,3,0.6505728275062779
2,1,3,NaN
1,2,3,0.7582540955828375
2,1,3,0.43116983099757117
1,2,3,0.29321466086640874
1,2,3,NaN
2,1,3,0.19236277848876807
2,1,3,0.7582540955828375
2,1,3,NaN
3,0,3,NaN
2,1,3,NaN
1,2,3,NaN
1,2,3,NaN
3,0,3,0.9490411065363702
3,0,3,0.9811127762214269
2,1,3,NaN
2,1,3,NaN
1,2,3,0.27923371017636817
2,1,3,0.9857264206675347
3,0,3,0.39064081951093954
2,1,3,NaN
2,1,3,NaN
2,1,3,0.028886075440067927
1,2,3,0.8733102078879845
3,0,3,0.6104096037191906
3,0,3,0.3149813444585866
1,2,3,0.7195916541774664
3,0,3,0.16991743917154892
2,1,3,0.9388397790286686
2,1,3,NaN
3,0,3,0.8120477488685461
2,1,3,NaN
3,0,3,NaN
1,2,3,NaN
2,1,3,0.27923371017636817
2,1,3,NaN
2,1,3,0.7267509803124766
1,2,3,0.6104096037191906
3,0,3,0.9757216246754844
1,2,3,NaN
2,1,3,NaN
2,1,3,NaN
1,2,3,NaN
3,0,3,NaN
2,1,3,0.9163216390929619
1,2,3,0.09943458759150654
1,2,3,0.11404401218842061
3,0,3,NaN
3,0,3,NaN
2,1,3,NaN
2,1,3,NaN
1,2,3,0.8886935889394204
3,0,3,NaN
2,1,3,0.43116983099757117
2,1,3,0.43116983099757117
2,1,3,0.5238679062670301
3,0,3,0.6979814411333362
1,2,3,0.7616161931560907
2,1,3,0.07470550857760336
1,2,3,NaN
1,2,3,NaN
2,1,3,0.009778647628762748
1,2,3,NaN
2,1,3,0.3149813444585866
1,2,3,0.16806732870266622
2,1,3,0.9234008089309449
1,2,3,NaN
2,1,3,NaN
3,0,3,0.8439196478629831
2,1,3,0.3149813444585866
3,0,3,NaN
1,2,3,NaN
2,1,3,NaN
2,1,3,NaN
3,0,3,0.8356407771585233
3,0,3,NaN
2,1,3,0.547523179561941
1,2,3,0.6505728275062779
1,2,3,0.9857264206675347
2,1,3,0.8120477488685461
2,1,3,0.2180321792514569
3,0,3,0.9388397790286686
1,2,3,0.8886935889394204
1,2,3,0.05735097310840156
1,2,3,0.43116983099757117
3,0,3,NaN
2,1,3,NaN
3,0,3,NaN
3,0,3,0.8120477488685461
2,1,3,NaN
3,0,3,NaN
3,0,3,0.5781134713010863
1,2,3,NaN
1,2,3,NaN
2,1,3,0.8768304190127963
3,0,3,NaN
3,0,3,NaN
3,0,3,NaN
2,1,3,NaN
3,0,3,NaN
3,0,3,0.27923371017636817
1,2,3,0.03082862143783168
2,1,3,NaN
3,0,3,0.569149748895899
2,1,3,NaN
2,1,3,0.8120477488685461
1,2,3,NaN
1,2,3,0.8120477488685461
1,2,3,NaN
3,0,3,0.47793771766761745
2,1,3,0.24524244003177142
2,1,3,NaN
3,0,3,NaN
3,0,3,NaN
1,2,3,NaN
3,0,3,0.06611573959509347
1,2,3,0.8356407771585233
3,0,3,0.24524244003177142
2,1,3,0.34761220357298417
3,0,3,NaN
2,1,3,NaN
2,1,3,NaN
2,1,3,NaN
2,1,3,NaN
1,2,3,NaN
1,2,3,NaN
3,0,3,0.927808813496808
3,0,3,0.2825756595979886
1,2,3,0.9711836190363513
1,2,3,0.6914431924244484
1,2,3,0.2180321792514569
1,2,3,NaN
2,1,3,NaN
2,1,3,NaN
1,2,3,0.7420110798588968
1,2,3,NaN
3,0,3,NaN
2,1,3,0.11404401218842061
1,2,3,NaN
2,1,3,NaN
3,0,3,0.6914431924244484
3,0,3,0.0494455745194533
1,2,3,0.786623350458894
1,2,3,0.24524244003177142
2,1,3,NaN
3,0,3,NaN
1,2,3,0.8733102078879845
3,0,3,NaN
3,0,3,NaN
1,2,3,0.47793771766761745
2,1,3,0.8553400459938837
1,2,3,NaN
2,1,3,0.27923371017636817
2,1,3,0.06611573959509347
2,1,3,NaN
3,0,3,0.03293168112755568
2,1,3,0.9490411065363702
2,1,3,0.9811127762214269
2,1,3,NaN
1,2,3,0.0004710372881317063
3,0,3,0.5238679062670301
1,2,3,NaN
2,1,3,NaN
2,1,3,NaN
1,2,3,0.7267509803124766
1,2,3,NaN
3,0,3,0.43116983099757117
3,0,3,0.14766029718238274
3,0,3,0.35291544996872376
2,1,3,0.7267509803124766
1,2,3,NaN
2,1,3,0.786623350458894
2,1,3,0.6914431924244484
2,1,3,0.27923371017636817
1,2,3,0.06611573959509347
1,2,3,0.2180321792514569
2,1,3,0.8886935889394204
3,0,3,NaN
3,0,3,NaN
2,1,3,0.600450870138093
3,0,3,NaN
3,0,3,0.8733102078879845
3,0,3,NaN
1,2,3,NaN
1,2,3,NaN
1,2,3,NaN
3,0,3,0.8886935889394204
3,0,3,0.6104096037191906
2,1,3,0.9163216390929619
1,2,3,0.35291544996872376
2,1,3,0.569149748895899
3,0,3,NaN
3,0,3,0.9490411065363702
2,1,3,0.07470550857760336
1,2,3,0.004585347086369891
1,2,3,NaN
3,0,3,0.11275721317893599
1,2,3,NaN
3,0,3,NaN
1,2,3,0.6104096037191906
2,1,3,0.9163216390929619
1,2,3,0.14766029718238274
1,2,3,NaN
2,1,3,NaN
2,1,3,0.7267509803124766
2,1,3,NaN
1,2,3,0.6104096037191906
2,1,3,0.8553400459938837
2,1,3,NaN
3,0,3,0.009778647628762748
2,1,3,NaN
2,1,3,0.43116983099757117
2,1,3,0.39064081951093954
3,0,3,0.8356407771585233
3,0,3,NaN
3,0,3,0.6914431924244484
3,0,3,0.3149813444585866
2,1,3,0.7582540955828375
2,1,3,0.976413425292083
3,0,3,NaN
3,0,3,0.16806732870266622
2,1,3,NaN
2,1,3,0.569149748895899
1,2,3,0.39064081951093954
3,0,3,0.6505728275062779
2,1,3,0.43116983099757117
2,1,3,NaN
2,1,3,NaN
1,2,3,NaN
1,2,3,NaN
2,1,3,NaN
1,2,3,0.05735097310840156
3,0,3,0.7582540955828375
3,0,3,0.7582540955828375
1,2,3,NaN
2,1,3,NaN
3,0,3,NaN
3,0,3,0.39064081951093954
3,0,3,NaN
2,1,3,0.028886075440067927
1,2,3,0.8886935889394204
3,0,3,0.569149748895899
1,2,3,0.927808813496808
1,2,3,NaN
2,1,3,0.43300054181328856
1,2,3,NaN
2,1,3,0.6914431924244484
2,1,3,NaN
3,0,3,NaN
2,1,3,NaN
3,0,3,NaN
1,2,3,NaN
3,0,3,0.39064081951093954
2,1,3,NaN
2,1,3,NaN
2,1,3,NaN
1,2,3,NaN
1,2,3,0.679982085970212
1,2,3,NaN
3,0,3,0.39064081951093954
3,0,3,0.3149813444585866
1,2,3,0.6104096037191906
1,2,3,0.6104096037191906
2,1,3,NaN
3,0,3,NaN
3,0,3,0.7267509803124766
1,2,3,NaN
2,1,3,NaN
3,0,3,0.47793771766761745
3,0,3,0.7635139812160975
3,0,3,0.9388397790286686
3,0,3,NaN
2,1,3,NaN
2,1,3,NaN
2,1,3,0.08596717446393809
3,0,3,0.8553400459938837
3,0,3,NaN
1,2,3,0.6104096037191906
1,2,3,0.8356407771585233
1,2,3,NaN
1,2,3,0.5238679062670301
3,0,3,0.3149813444585866
3,0,3,0.6914431924244484
2,1,3,0.786623350458894
3,0,3,0.41220587784174245
2,1,3,NaN
2,1,3,0.0494455745194533
1,2,3,0.00033625166364219955
1,2,3,NaN
2,1,3,NaN
2,1,3,0.9811127762214269
2,1,3,0.43116983099757117
2,1,3,0.786623350458894
3,0,3,0.9030952226408369
3,0,3,0.7582540955828375
1,2,3,NaN
3,0,3,NaN
2,1,3,NaN
1,2,3,NaN
2,1,3,0.7582540955828375
3,0,3,NaN
1,2,3,0.8356407771585233
1,2,3,NaN
1,2,3,0.03794641341295346
2,1,3,0.569149748895899
2,1,3,NaN
2,1,3,NaN
3,0,3,0.5238679062670301
3,0,3,0.39064081951093954
2,1,3,NaN
2,1,3,NaN
2,1,3,NaN
3,0,3,0.35291544996872376
2,1,3,NaN
1,2,3,NaN
2,1,3,0.47793771766761745
1,2,3,0.7582540955828375
2,1,3,NaN
2,1,3,NaN
2,1,3,NaN
1,2,3,NaN
1,2,3,0.34566304926125957
3,0,3,0.41605758143981575
1,2,3,0.6914431924244484
3,0,3,0.5238679062670301
1,2,3,0.27923371017636817
3,0,3,NaN
3,0,3,NaN
2,1,3,NaN
2,1,3,0.47793771766761745
3,0,3,NaN
3,0,3,NaN
2,1,3,0.35291544996872376
2,1,3,NaN
3,0,3,0.7541925098307979
3,0,3,0.24524244003177142
3,0,3,NaN
1,2,3,NaN
2,1,3,NaN
3,0,3,NaN
2,1,3,0.7582540955828375
1,2,3,0.7582540955828375
1,2,3,NaN
1,2,3,0.6505728275062779
3,0,3,NaN
2,1,3,NaN
3,0,3,NaN
2,1,3,NaN
1,2,3,0.15797738922058785
1,2,3,0.6104096037191906
2,1,3,0.9857264206675347
3,0,3,NaN
1,2,3,NaN
1,2,3,0.8886935889394204
1,2,3,0.47793771766761745
1,2,3,0.47793771766761745
3,0,3,0.5238679062670301
1,2,3,NaN
2,1,3,NaN
1,2,3,0.7582540955828375
3,0,3,0.14766029718238274
3,0,3,0.16806732870266622
3,0,3,NaN
2,1,3,NaN
3,0,3,NaN
1,2,3,0.05735097310840156
1,2,3,0.7560845963589301
1,2,3,NaN
3,0,3,0.39064081951093954
3,0,3,NaN
1,2,3,0.6505728275062779
1,2,3,0.43116983099757117
2,1,3,NaN
1,2,3,0.569149748895899
1,2,3,0.11764258059486607
2,1,3,NaN
2,1,3,0.14766029718238274
1,2,3,0.976413425292083
2,1,3,NaN
2,1,3,NaN
1,2,3,NaN
3,0,3,0.6914431924244484
2,1,3,0.786623350458894
1,2,3,NaN
1,2,3,0.19236277848876807
3,0,3,NaN
3,0,3,0.7267509803124766
1,2,3,NaN
3,0,3,0.5781675499244491
2,1,3,0.14766029718238274
1,2,3,0.8120477488685461
1,2,3,NaN
3,0,3,0.6505728275062779
2,1,3,0.6505728275062779
3,0,3,NaN
3,0,3,NaN
3,0,3,0.7965188419159412
1,2,3,0.6505728275062779
3,0,3,0.9030952226408369
2,1,3,0.8733102078879845
1,2,3,0.8553400459938837
2,1,3,0.8886935889394204
1,2,3,NaN
2,1,3,NaN
1,2,3,0.6505728275062779
3,0,3,NaN
1,2,3,0.43116983099757117
2,1,3,0.6914431924244484
2,1,3,NaN
2,1,3,NaN
3,0,3,NaN
1,2,3,NaN
1,2,3,NaN
1,2,3,NaN
1,2,3,NaN
3,0,3,NaN
1,2,3,0.24524244003177142
3,0,3,NaN
2,1,3,0.2180321792514569
1,2,3,NaN
2,1,3,0.3149813444585866
1,2,3,0.6505728275062779
1,2,3,NaN
1,2,3,NaN
3,0,3,0.27923371017636817
3,0,3,NaN
3,0,3,0.05735097310840156
3,0,3,0.8733102078879845
2,1,3,0.14766029718238274
1,2,3,NaN
1,2,3,NaN
3,0,3,0.8120477488685461
3,0,3,NaN
1,2,3,NaN
2,1,3,0.39064081951093954
2,1,3,0.8120477488685461
3,0,3,NaN
1,2,3,NaN
2,1,3,NaN
2,1,3,0.09943458759150654
1,2,3,0.6104096037191906
1,2,3,NaN
3,0,3,NaN
2,1,3,NaN
2,1,3,NaN
3,0,3,NaN
1,2,3,NaN
3,0,3,0.02668274358731565
2,1,3,0.04370689030141423
3,0,3,NaN
1,2,3,0.9388397790286686
3,0,3,0.6914431924244484
3,0,3,NaN
1,2,3,0.06611573959509347
2,1,3,0.39064081951093954
1,2,3,NaN
2,1,3,0.35291544996872376
3,0,3,NaN
2,1,3,NaN
3,0,3,0.24460822501461685
2,1,3,0.28307077970323524
2,1,3,NaN
2,1,3,0.9649170932836378
3,0,3,NaN
2,1,3,0.8553400459938837
2,1,3,NaN
2,1,3,0.5238679062670301
3,0,3,0.9388397790286686
3,0,3,0.9811127762214269
3,0,3,NaN
2,1,3,0.927808813496808
3,0,3,NaN
2,1,3,0.5238679062670301
1,2,3,NaN
3,0,3,0.3149813444585866
3,0,3,0.8733102078879845
3,0,3,NaN
1,2,3,0.09943458759150654
3,0,3,0.43116983099757117
3,0,3,NaN
1,2,3,NaN
3,0,3,NaN
3,0,3,NaN
2,1,3,0.3149813444585866
1,2,3,NaN
1,2,3,0.569149748895899
1,2,3,NaN
1,2,3,0.3742435995723311
1,2,3,0.8886935889394204
2,1,3,0.6505728275062779
2,1,3,NaN
2,1,3,0.6505728275062779
2,1,3,0.07470550857760336
3,0,3,NaN
1,2,3,0.024979424385777767
2,1,3,NaN
2,1,3,NaN
2,1,3,NaN
2,1,3,0.5238679062670301
3,0,3,0.16806732870266622
1,2,3,NaN
3,0,3,NaN
1,2,3,NaN
1,2,3,0.9574264943593161
3,0,3,0.6914431924244484
1,2,3,NaN
2,1,3,NaN
2,1,3,0.09943458759150654
1,2,3,0.8886935889394204
2,1,3,NaN
3,0,3,0.47793771766761745
1,2,3,NaN
2,1,3,NaN
3,0,3,0.8370498159240735
2,1,3,0.8733102078879845
2,1,3,NaN
1,2,3,NaN
2,1,3,NaN
1,2,3,NaN
3,0,3,NaN
1,2,3,NaN
2,1,3,NaN
3,0,3,NaN
3,0,3,NaN
1,2,3,0.6104096037191906
2,1,3,NaN
2,1,3,NaN
3,0,3,0.6880751652472807
3,0,3,NaN
2,1,3,0.20446522187106064
1,2,3,NaN
1,2,3,0.8506186091058646
2,1,3,0.9388397790286686
2,1,3,0.6914431924244484
1,2,3,NaN
2,1,3,NaN
3,0,3,NaN
3,0,3,NaN
1,2,3,0.07470550857760336
1,2,3,0.8120477488685461
3,0,3,NaN
2,1,3,0.43116983099757117
1,2,3,0.6914431924244484
2,1,3,NaN
1,2,3,NaN
1,2,3,NaN
2,1,3,0.786623350458894
1,2,3,NaN
2,1,3,0.2180321792514569
2,1,3,NaN
2,1,3,NaN
3,0,3,NaN
3,0,3,NaN
1,2,3,NaN
1,2,3,NaN
1,2,3,0.6505728275062779
1,2,3,0.7267509803124766
1,2,3,0.9645977848212985
2,1,3,NaN
1,2,3,0.6505728275062779
1,2,3,0.7267509803124766
1,2,3,0.4986609698537673
1,2,3,0.24524244003177142
1,2,3,NaN
2,1,3,0.43116983099757117
3,0,3,0.434252350632265
1,2,3,0.5978455647101357
1,2,3,NaN
3,0,3,0.9490411065363702
3,0,3,NaN
1,2,3,NaN
2,1,3,0.6505728275062779
1,2,3,0.09943458759150654
2,1,3,NaN
3,0,3,0.9163216390929619
2,1,3,NaN
3,0,3,0.8356407771585233
2,1,3,0.9574264943593161
1,2,3,0.880770531926157
3,0,3,NaN
2,1,3,NaN
1,2,3,0.16806732870266622
1,2,3,NaN
2,1,3,0.786623350458894
3,0,3,0.9030952226408369
1,2,3,0.12558078696174768
2,1,3,0.9163216390929619
1,2,3,NaN
3,0,3,NaN
2,1,3,NaN
2,1,3,0.7582540955828375
2,1,3,0.8733102078879845
3,0,3,0.5238679062670301
3,0,3,0.6505728275062779
3,0,3,0.8553400459938837
1,2,3,0.01389863463638223
1,2,3,0.16806732870266622
2,1,3,NaN
2,1,3,0.39064081951093954
2,1,3,0.6833758768314452
2,1,3,0.6914431924244484
2,1,3,0.028886075440067927
1,2,3,NaN
1,2,3,0.9163216390929619
1,2,3,0.39064081951093954
3,0,3,NaN
1,2,3,0.9574264943593161
2,1,3,0.05735097310840156
3,0,3,NaN
3,0,3,NaN
1,2,3,0.7267509803124766
3,0,3,0.569149748895899
3,0,3,0.7582540955828375
2,1,3,0.2180321792514569
2,1,3,NaN
3,0,3,0.8120477488685461
3,0,3,0.9388397790286686
1,2,3,0.8356407771585233
1,2,3,NaN
2,1,3,NaN
1,2,3,0.33326865980046866
2,1,3,NaN
1,2,3,0.35770170350440134
2,1,3,0.02668274358731565
3,0,3,0.9388397790286686
2,1,3,0.16806732870266622
3,0,3,0.7582540955828375
3,0,3,NaN
2,1,3,0.8120477488685461
2,1,3,0.3149813444585866
1,2,3,0.24524244003177142
3,0,3,0.9490411065363702
1,2,3,NaN
3,0,3,0.39064081951093954
1,2,3,NaN
2,1,3,0.6505728275062779
2,1,3,0.569149748895899
1,2,3,NaN
2,1,3,0.569149748895899
1,2,3,NaN
3,0,3,NaN
2,1,3,0.47793771766761745
2,1,3,NaN
3,0,3,NaN
1,2,3,0.35291544996872376
1,2,3,NaN
1,2,3,NaN
1,2,3,0.569149748895899
1,2,3,NaN
2,1,3,0.43116983099757117
1,2,3,0.9574264943593161
2,1,3,0.569149748895899
1,2,3,NaN
1,2,3,NaN
3,0,3,0.028886075440067927
1,2,3,0.08186643571634444
1,2,3,NaN
2,1,3,NaN
2,1,3,NaN
2,1,3,NaN
1,2,3,NaN
2,1,3,NaN
2,1,3,NaN
1,2,3,0.5238679062670301
3,0,3,NaN
1,2,3,0.39064081951093954
1,2,3,0.47793771766761745
1,2,3,NaN
1,2,3,0.786623350458894
3,0,3,0.39064081951093954
2,1,3,0.1298724704817915
2,1,3,NaN
1,2,3,0.06055751529260266
1,2,3,NaN
3,0,3,NaN
3,0,3,0.8162547556045847
1,2,3,0.9811127762214269
1,2,3,0.8553400459938837
1,2,3,0.06611573959509347
1,2,3,0.13473344949604715
3,0,3,NaN
1,2,3,0.08596717446393809
1,2,3,NaN
1,2,3,NaN
2,1,3,NaN
1,2,3,NaN
2,1,3,0.7582540955828375
1,2,3,NaN
2,1,3,0.9115847525002773
1,2,3,NaN
3,0,3,NaN
3,0,3,NaN
1,2,3,0.927808813496808
3,0,3,0.14766029718238274
3,0,3,0.14766029718238274
2,1,3,0.8120477488685461
3,0,3,0.14766029718238274
1,2,3,NaN
1,2,3,NaN
3,0,3,0.05735097310840156
3,0,3,NaN
1,2,3,0.35291544996872376
1,2,3,NaN
3,0,3,NaN
3,0,3,NaN
3,0,3,NaN
1,2,3,NaN
1,2,3,0.6505728275062779
1,2,3,NaN
3,0,3,NaN
1,2,3,NaN
1,2,3,NaN
3,0,3,NaN
2,1,3,0.2180321792514569
3,0,3,0.8886935889394204
3,0,3,NaN
1,2,3,NaN
2,1,3,0.6914431924244484
3,0,3,NaN
3,0,3,0.16806732870266622
3,0,3,NaN
2,1,3,NaN
2,1,3,0.43116983099757117
3,0,3,0.01389863463638223
3,0,3,0.8356407771585233
2,1,3,0.8120477488685461
2,1,3,NaN
3,0,3,0.24524244003177142
3,0,3,NaN
3,0,3,0.3149813444585866
3,0,3,0.8886935889394204
1,2,3,0.2180321792514569
1,2,3,NaN
2,1,3,0.569149748895899
1,2,3,0.08596717446393809
1,2,3,0.39064081951093954
2,1,3,0.43116983099757117
2,1,3,0.43116983099757117
1,2,3,NaN
2,1,3,NaN
1,2,3,0.19236277848876807
2,1,3,0.16806732870266622
2,1,3,0.5723478033865719
1,2,3,0.07470550857760336
3,0,3,0.11404401218842061
2,1,3,NaN
1,2,3,0.39064081951093954
1,2,3,NaN
2,1,3,0.9163216390929619
2,1,3,0.7582540955828375
1,2,3,0.569149748895899
1,2,3,NaN
3,0,3,NaN
1,2,3,NaN
2,1,3,0.3374932638523401
2,1,3,0.8120477488685461
2,1,3,0.786623350458894
3,0,3,NaN
1,2,3,0.9490411065363702
3,0,3,0.08596717446393809
1,2,3,NaN
2,1,3,0.7267509803124766
2,1,3,0.8356407771585233
1,2,3,NaN
3,0,3,0.39064081951093954
1,2,3,0.786623350458894
1,2,3,0.39064081951093954
3,0,3,0.7582540955828375
2,1,3,0.6104096037191906
1,2,3,0.3149813444585866
1,2,3,0.8553400459938837
2,1,3,NaN
2,1,3,0.0004044272059008492
2,1,3,NaN
3,0,3,0.9163216390929619
2,1,3,NaN
1,2,3,0.8236405014654354
1,2,3,NaN
2,1,3,NaN
3,0,3,0.7267509803124766
2,1,3,0.8658540332483595
1,2,3,NaN
2,1,3,0.24524244003177142
1,2,3,0.8886935889394204
2,1,3,0.9175214707400388
1,2,3,0.27923371017636817
2,1,3,NaN
2,1,3,0.5238679062670301
2,1,3,0.6914431924244484
3,0,3,NaN
3,0,3,NaN
2,1,3,0.927808813496808
1,2,3,NaN
2,1,3,NaN
3,0,3,NaN
1,2,3,NaN
2,1,3,0.7718834732979032
1,2,3,NaN
3,0,3,0.35291544996872376
1,2,3,0.569149748895899
2,1,3,NaN
1,2,3,0.8415454746148262
1,2,3,NaN
2,1,3,0.13906406781445516
1,2,3,0.9163216390929619
3,0,3,0.9857264206675347
3,0,3,NaN
1,2,3,0.038328960042511635
1,2,3,0.8733102078879845
2,1,3,0.41605758143981575
1,2,3,0.43116983099757117
1,2,3,NaN
2,1,3,NaN
1,2,3,NaN
3,0,3,0.30850458025821004
1,2,3,0.24524244003177142
1,2,3,0.5649522290328863
2,1,3,0.16806732870266622
2,1,3,0.9944136266474382
2,1,3,NaN
1,2,3,0.927808813496808
1,2,3,NaN
2,1,3,NaN
2,1,3,0.27923371017636817
2,1,3,0.08596717446393809
2,1,3,NaN
2,1,3,NaN
2,1,3,NaN
3,0,3,NaN
2,1,3,0.43116983099757117
3,0,3,NaN
1,2,3,NaN
1,2,3,0.19236277848876807
2,1,3,0.39064081951093954
1,2,3,NaN
1,2,3,NaN
1,2,3,NaN
1,2,3,0.12773975537169022
1,2,3,NaN
1,2,3,0.3149813444585866
3,0,3,NaN
1,2,3,0.1298724704817915
2,1,3,NaN
2,1,3,0.9574264943593161
2,1,3,0.47793771766761745
2,1,3,0.6505728275062779
1,2,3,NaN
3,0,3,NaN
1,2,3,0.6914431924244484
3,0,3,0.786623350458894
3,0,3,NaN
1,2,3,NaN
2,1,3,NaN
2,1,3,0.08831300977470789
1,2,3,NaN
1,2,3,0.8886935889394204
2,1,3,0.26822728249395883
1,2,3,NaN
2,1,3,0.4409150679801434
3,0,3,NaN
3,0,3,NaN
3,0,3,0.47793771766761745
3,0,3,NaN
1,2,3,NaN
2,1,3,0.5238679062670301
2,1,3,0.008126970210441814
1,2,3,0.27923371017636817
3,0,3,NaN
1,2,3,NaN
3,0,3,0.06611573959509347
2,1,3,0.6104096037191906
1,2,3,NaN
3,0,3,NaN
2,1,3,NaN
1,2,3,NaN
1,2,3,0.09943458759150654
3,0,3,NaN
3,0,3,NaN
3,0,3,NaN
1,2,3,NaN
2,1,3,NaN
1,2,3,NaN
1,2,3,NaN
2,1,3,0.8356407771585233
1,2,3,NaN
2,1,3,0.7582540955828375
1,2,3,NaN
1,2,3,NaN
3,0,3,NaN
1,2,3,NaN
1,2,3,NaN
2,1,3,NaN
1,2,3,0.27923371017636817
1,2,3,0.569149748895899
2,1,3,NaN
2,1,3,NaN
3,0,3,0.6104096037191906
1,2,3,NaN
3,0,3,NaN
1,2,3,NaN
3,0,3,0.2787463374731081
2,1,3,NaN
3,0,3,0.6124850666781179
3,0,3,NaN
1,2,3,0.6505728275062779
2,1,3,NaN
2,1,3,NaN
1,2,3,0.786623350458894
1,2,3,0.8553400459938837
2,1,3,NaN
1,2,3,0.6780942857912643
1,2,3,NaN
1,2,3,0.2180321792514569
2,1,3,0.3149813444585866
2,1,3,NaN
2,1,3,0.5932290821066095
3,0,3,0.9894656266614458
3,0,3,0.8120477488685461
3,0,3,0.6505728275062779
2,1,3,NaN
2,1,3,0.0001920288516957877
1,2,3,NaN
1,2,3,NaN
1,2,3,NaN
1,2,3,NaN
1,2,3,NaN
1,2,3,NaN
2,1,3,0.8733102078879845
3,0,3,0.8733102078879845
1,2,3,0.786623350458894
2,1,3,0.6505728275062779
3,0,3,NaN
1,2,3,0.976413425292083
1,2,3,NaN
3,0,3,NaN
3,0,3,0.8733102078879845
1,2,3,NaN
2,1,3,NaN
1,2,3,NaN
2,1,3,0.7582540955828375
1,2,3,0.786623350458894
1,2,3,0.7582540955828375
1,2,3,NaN
2,1,3,0.40684532456948086
1,2,3,NaN
2,1,3,NaN
3,0,3,0.8553400459938837
2,1,3,0.06611573959509347
3,0,3,NaN
3,0,3,0.0494455745194533
1,2,3,0.9462609372974075
1,2,3,0.42052529914638115
2,1,3,0.27923371017636817
1,2,3,NaN
1,2,3,0.08596717446393809
1,2,3,NaN
2,1,3,0.47793771766761745
1,2,3,NaN
1,2,3,0.1176835557913003
2,1,3,0.8733102078879845
3,0,3,NaN
1,2,3,NaN
1,2,3,0.5392073624570944
1,2,3,0.569149748895899
1,2,3,NaN
2,1,3,NaN
1,2,3,NaN
1,2,3,0.9649170932836378
2,1,3,0.8120477488685461
2,1,3,NaN
3,0,3,0.8120477488685461
2,1,3,NaN
1,2,3,NaN
2,1,3,NaN
3,0,3,0.3149813444585866
3,0,3,0.6505728275062779
3,0,3,NaN
2,1,3,NaN
2,1,3,NaN
1,2,3,0.47793771766761745
2,1,3,NaN
1,2,3,NaN
2,1,3,NaN
1,2,3,NaN
3,0,3,0.6505728275062779
2,1,3,0.47793771766761745
2,1,3,0.9461825198141972
1,2,3,0.11404401218842061
2,1,3,NaN
1,2,3,0.6104096037191906
1,2,3,0.786623350458894
3,0,3,0.8886935889394204
2,1,3,NaN
2,1,3,NaN
1,2,3,0.16806732870266622
2,1,3,NaN
1,2,3,NaN
3,0,3,NaN
2,1,3,NaN
3,0,3,0.6505728275062779
3,0,3,0.6914431924244484
1,2,3,NaN
1,2,3,NaN
2,1,3,NaN
2,1,3,NaN
3,0,3,0.09943458759150654
1,2,3,NaN
1,2,3,NaN
1,2,3,0.7267509803124766
1,2,3,NaN
3,0,3,0.7582540955828375
2,1,3,0.7883696248010116
1,2,3,NaN
2,1,3,0.6914431924244484
1,2,3,NaN
1,2,3,0.9490411065363702
2,1,3,NaN
1,2,3,0.569149748895899
1,2,3,NaN
1,2,3,0.3761245419307974
1,2,3,0.7616161931560907
3,0,3,0.7267509803124766
1,2,3,NaN
1,2,3,0.19236277848876807
2,1,3,0.1298724704817915
2,1,3,NaN
2,1,3,NaN
2,1,3,NaN
1,2,3,NaN
1,2,3,0.09943458759150654
1,2,3,NaN
1,2,3,0.7267509803124766
3,0,3,NaN
1,2,3,0.24524244003177142
3,0,3,0.47793771766761745
1,2,3,0.6124850666781179
3,0,3,0.1176835557913003
2,1,3,0.09650595150176387
2,1,3,NaN
1,2,3,0.6505728275062779
1,2,3,0.5238679062670301
3,0,3,NaN
3,0,3,0.008703010931408371
2,1,3,NaN
3,0,3,NaN
1,2,3,0.27923371017636817
2,1,3,NaN
1,2,3,NaN
1,2,3,NaN
2,1,3,NaN
3,0,3,NaN
3,0,3,NaN
2,1,3,0.921881291872341
3,0,3,NaN
1,2,3,NaN
1,2,3,NaN
2,1,3,0.1062071331545163
1,2,3,0.47793771766761745
1,2,3,0.29228242059225773
3,0,3,NaN
2,1,3,NaN
1,2,3,NaN
1,2,3,NaN
2,1,3,NaN
3,0,3,NaN
2,1,3,0.8755964818758069
2,1,3,0.6505728275062779
2,1,3,0.9490411065363702
2,1,3,0.35291544996872376
1,2,3,0.8553400459938837
1,2,3,0.39064081951093954
2,1,3,0.813356305084054
2,1,3,0.1298724704817915
2,1,3,0.9811127762214269
1,2,3,NaN
1,2,3,0.7174571808329873
1,2,3,0.9498107709788688
2,1,3,NaN
1,2,3,0.24924498471286638
3,0,3,NaN
2,1,3,0.786623350458894
1,2,3,NaN
2,1,3,0.7582540955828375
1,2,3,0.27923371017636817
2,1,3,NaN
2,1,3,0.24524244003177142
3,0,3,0.47793771766761745
1,2,3,0.16806732870266622
1,2,3,0.35291544996872376
2,1,3,0.16806732870266622
2,1,3,NaN
3,0,3,0.3149813444585866
1,2,3,0.9574264943593161
3,0,3,NaN
1,2,3,NaN
2,1,3,NaN
1,2,3,0.569149748895899
2,1,3,0.39064081951093954
1,2,3,0.8733102078879845
1,2,3,NaN
3,0,3,NaN
2,1,3,NaN
3,0,3,0.6104096037191906
3,0,3,NaN
2,1,3,0.6914431924244484
1,2,3,0.9163216390929619
3,0,3,0.6505728275062779
3,0,3,NaN
3,0,3,0.41713962256090414
1,2,3,NaN
3,0,3,0.9711836190363513
1,2,3,NaN
1,2,3,0.9163216390929619
1,2,3,NaN
1,2,3,0.7582540955828375
1,2,3,0.7470062346334309
1,2,3,NaN
3,0,3,NaN
3,0,3,0.8886935889394204
3,0,3,NaN
1,2,3,NaN
3,0,3,0.0016682937929549454
2,1,3,0.7267509803124766
2,1,3,0.6124850666781179
1,2,3,NaN
2,1,3,0.16806732870266622
2,1,3,0.7267509803124766
2,1,3,NaN
1,2,3,0.24524244003177142
2,1,3,0.569149748895899
2,1,3,NaN
3,0,3,0.7762201877346611
1,2,3,NaN
3,0,3,NaN
2,1,3,0.006913771188297267
1,2,3,NaN
1,2,3,0.43116983099757117
1,2,3,NaN
3,0,3,0.6124850666781179
2,1,3,0.19236277848876807
1,2,3,NaN
1,2,3,0.24460822501461685
1,2,3,NaN
1,2,3,0.06611573959509347
1,2,3,NaN
1,2,3,NaN
3,0,3,0.2180321792514569
3,0,3,0.5238679062670301
2,1,3,NaN
2,1,3,0.17963188626737284
3,0,3,NaN
2,1,3,0.8733102078879845
1,2,3,0.11404401218842061
2,1,3,0.0005456491066866522
3,0,3,0.39064081951093954
3,0,3,NaN
3,0,3,0.011532985534739066
3,0,3,0.14685827565508233
2,1,3,NaN
3,0,3,0.786623350458894
1,2,3,0.8733102078879845
1,2,3,0.8553400459938837
3,0,3,NaN
2,1,3,NaN
1,2,3,0.16806732870266622
3,0,3,0.47793771766761745
1,2,3,NaN
1,2,3,0.6896845478296425
3,0,3,0.7267509803124766
3,0,3,0.016453507757996446
2,1,3,NaN
2,1,3,NaN
2,1,3,0.8356407771585233
1,2,3,NaN
3,0,3,0.8553400459938837
1,2,3,NaN
1,2,3,0.43116983099757117
3,0,3,NaN
2,1,3,0.7267509803124766
1,2,3,NaN
1,2,3,0.43116983099757117
1,2,3,NaN
2,1,3,0.04370689030141423
1,2,3,NaN
1,2,3,NaN
2,1,3,0.6914431924244484
3,0,3,NaN
2,1,3,0.09943458759150654
1,2,3,NaN
2,1,3,NaN
2,1,3,NaN
1,2,3,NaN
3,0,3,NaN
3,0,3,NaN
1,2,3,NaN
2,1,3,NaN
1,2,3,0.19236277848876807
1,2,3,NaN
1,2,3,0.786623350458894
2,1,3,NaN
1,2,3,NaN
1,2,3,NaN
2,1,3,0.8120477488685461
3,0,3,0.04370689030141423
2,1,3,0.6505728275062779
2,1,3,0.927808813496808
1,2,3,NaN
1,2,3,NaN
1,2,3,0.6104096037191906
2,1,3,NaN
2,1,3,NaN
3,0,3,0.9490411065363702
2,1,3,NaN
1,2,3,0.27923371017636817
3,0,3,0.6914431924244484
1,2,3,0.9857264206675347
1,2,3,NaN
3,0,3,NaN
1,2,3,0.016314898271010056
2,1,3,NaN
1,2,3,0.7267509803124766
1,2,3,NaN
3,0,3,NaN
1,2,3,0.8356407771585233
1,2,3,0.16806732870266622
2,1,3,NaN
3,0,3,0.8886935889394204
2,1,3,NaN
1,2,3,NaN
1,2,3,NaN
1,2,3,0.43116983099757117
1,2,3,0.9163216390929619
3,0,3,NaN
1,2,3,0.001290026908059383
2,1,3,0.9466960694546169
3,0,3,NaN
3,0,3,0.6104096037191906
2,1,3,NaN
2,1,3,NaN
1,2,3,0.9030952226408369
1,2,3,0.43116983099757117
1,2,3,0.8553400459938837
3,0,3,NaN
2,1,3,NaN
2,1,3,NaN
2,1,3,NaN
1,2,3,0.8356407771585233
1,2,3,NaN
2,1,3,NaN
1,2,3,0.2180321792514569
1,2,3,0.6914431924244484
1,2,3,NaN
3,0,3,NaN
1,2,3,NaN
1,2,3,NaN
2,1,3,NaN
1,2,3,NaN
2,1,3,NaN
3,0,3,NaN
1,2,3,NaN
1,2,3,NaN
2,1,3,0.569149748895899
1,2,3,NaN
1,2,3,NaN
1,2,3,0.0021658441345355074
3,0,3,NaN
1,2,3,0.9030952226408369
1,2,3,0.8370498159240735
1,2,3,NaN
2,1,3,0.39064081951093954
1,2,3,NaN
1,2,3,0.786623350458894
1,2,3,0.24524244003177142
2,1,3,0.35291544996872376
1,2,3,0.5238679062670301
2,1,3,0.8886935889394204
2,1,3,NaN
1,2,3,0.3841004877657883
2,1,3,NaN
1,2,3,0.7267509803124766
1,2,3,0.24524244003177142
2,1,3,0.47793771766761745
1,2,3,NaN
1,2,3,0.27923371017636817
3,0,3,NaN
2,1,3,NaN
1,2,3,0.47793771766761745
3,0,3,0.8553400459938837
3,0,3,NaN
2,1,3,0.786623350458894
1,2,3,0.8438423357264185
1,2,3,NaN
1,2,3,NaN
1,2,3,0.8120477488685461
1,2,3,NaN
2,1,3,0.27923371017636817
1,2,3,0.569149748895899
2,1,3,NaN
2,1,3,0.04370689030141423
2,1,3,0.24524244003177142
1,2,3,NaN
2,1,3,NaN
3,0,3,NaN
1,2,3,NaN
3,0,3,0.35291544996872376
3,0,3,NaN
1,2,3,0.8483726323274666
2,1,3,0.3149813444585866
1,2,3,NaN
2,1,3,NaN
2,1,3,0.9030952226408369
3,0,3,NaN
1,2,3,NaN
1,2,3,NaN
1,2,3,0.35291544996872376
1,2,3,NaN
2,1,3,NaN
2,1,3,NaN
1,2,3,0.6914431924244484
2,1,3,NaN
1,2,3,NaN
1,2,3,0.11404401218842061
2,1,3,0.05735097310840156
1,2,3,0.6247831288486835
1,2,3,NaN
1,2,3,NaN
1,2,3,0.7582540955828375
1,2,3,NaN
2,1,3,NaN
2,1,3,0.569149748895899
3,0,3,0.9030952226408369
1,2,3,0.27923371017636817
1,2,3,0.34295154681899953
1,2,3,NaN
3,0,3,NaN
1,2,3,0.8120477488685461
1,2,3,0.569149748895899
3,0,3,NaN
2,1,3,NaN
2,1,3,0.24524244003177142
3,0,3,NaN
1,2,3,0.5982094700734554
1,2,3,NaN
1,2,3,NaN
1,2,3,NaN
2,1,3,NaN
3,0,3,0.6914431924244484
1,2,3,NaN
2,1,3,0.04370689030141423
1,2,3,0.9711836190363513
1,2,3,NaN
1,2,3,0.8508759222440927
1,2,3,0.7267509803124766
3,0,3,NaN
2,1,3,NaN
1,2,3,0.24524244003177142
1,2,3,NaN
2,1,3,0.0494455745194533
2,1,3,0.7267509803124766
3,0,3,NaN
1,2,3,0.7267509803124766
3,0,3,0.9030952226408369
1,2,3,NaN
1,2,3,0.9163216390929619
1,2,3,NaN
3,0,3,0.27923371017636817
1,2,3,NaN
2,1,3,0.7616161931560907
2,1,3,NaN
2,1,3,0.9574264943593161
3,0,3,NaN
1,2,3,0.6976181493882619
1,2,3,NaN
2,1,3,0.7582540955828375
2,1,3,0.1298724704817915
1,2,3,NaN
1,2,3,NaN
3,0,3,0.786623350458894
3,0,3,NaN
3,0,3,0.6104096037191906
2,1,3,0.19236277848876807
3,0,3,0.8356407771585233
1,2,3,NaN
1,2,3,0.05735097310840156
1,2,3,0.9234008089309449
2,1,3,NaN
2,1,3,NaN
1,2,3,NaN
1,2,3,NaN
1,2,3,NaN
3,0,3,0.035984117161293905
1,2,3,0.6914431924244484
1,2,3,0.8733102078879845
1,2,3,NaN
1,2,3,NaN
1,2,3,NaN
2,1,3,NaN
1,2,3,NaN
1,2,3,NaN
2,1,3,NaN
3,0,3,0.7582540955828375
2,1,3,NaN
2,1,3,NaN
1,2,3,0.35291544996872376
1,2,3,0.9030952226408369
2,1,3,0.9163216390929619
2,1,3,0.927808813496808
3,0,3,NaN
3,0,3,NaN
1,2,3,0.6505728275062779
1,2,3,NaN
2,1,3,0.4409150679801434
2,1,3,0.9062707061495283
1,2,3,0.35291544996872376
2,1,3,0.43116983099757117
2,1,3,0.47793771766761745
2,1,3,0.24524244003177142
3,0,3,NaN
1,2,3,0.786623350458894
1,2,3,0.5238679062670301
1,2,3,0.35291544996872376
2,1,3,NaN
2,1,3,NaN
1,2,3,NaN
2,1,3,0.2455855282344786
2,1,3,NaN
1,2,3,NaN
2,1,3,0.35291544996872376
1,2,3,0.8120477488685461
3,0,3,0.7582540955828375
1,2,3,NaN
2,1,3,NaN
2,1,3,NaN
2,1,3,0.16806732870266622
2,1,3,NaN
1,2,3,0.43300054181328856
1,2,3,0.16127347360090766
1,2,3,0.9030952226408369
3,0,3,0.01389863463638223
2,1,3,0.7267509803124766
2,1,3,NaN
1,2,3,0.33747711281298665
1,2,3,0.9163216390929619
3,0,3,0.3683896864154629
1,2,3,NaN
1,2,3,NaN
1,2,3,NaN
1,2,3,NaN
3,0,3,NaN
3,0,3,NaN
1,2,3,0.39064081951093954
1,2,3,0.569149748895899
2,1,3,0.9388397790286686
2,1,3,NaN
1,2,3,NaN
1,2,3,NaN
1,2,3,NaN
1,2,3,0.01389863463638223
2,1,3,0.24524244003177142
3,0,3,NaN
2,1,3,NaN
1,2,3,NaN
1,2,3,NaN
2,1,3,NaN
3,0,3,0.05735097310840156
1,2,3,0.9030952226408369
3,0,3,0.27923371017636817
1,2,3,0.927808813496808
1,2,3,0.7953289378275527
2,1,3,NaN
2,1,3,0.000515117843700836
3,0,3,NaN
2,1,3,NaN
1,2,3,NaN
2,1,3,0.43116983099757117
1,2,3,0.7267509803124766
3,0,3,NaN
1,2,3,0.08596717446393809
1,2,3,0.09943458759150654
1,2,3,NaN
1,2,3,NaN
2,1,3,NaN
1,2,3,0.8120477488685461
1,2,3,NaN
2,1,3,0.03082862143783168
2,1,3,0.569149748895899
1,2,3,0.786623350458894
1,2,3,NaN
3,0,3,NaN
1,2,3,NaN
2,1,3,NaN
1,2,3,0.14766029718238274
1,2,3,0.8733102078879845
2,1,3,NaN
1,2,3,0.39064081951093954
2,1,3,NaN
1,2,3,NaN
1,2,3,0.2767179826420143
1,2,3,0.6914431924244484
1,2,3,0.19236277848876807
3,0,3,NaN
1,2,3,NaN
2,1,3,NaN
1,2,3,NaN
1,2,3,0.786623350458894
1,2,3,NaN
1,2,3,NaN
1,2,3,0.8120477488685461
3,0,3,NaN
1,2,3,NaN
1,2,3,0.47793771766761745
1,2,3,NaN
1,2,3,NaN
2,1,3,0.7377518677167634
2,1,3,0.5238679062670301
2,1,3,0.024979424385777767
1,2,3,0.3242944243506929
2,1,3,0.786623350458894
2,1,3,NaN
1,2,3,NaN
3,0,3,NaN
1,2,3,0.5238679062670301
1,2,3,NaN
1,2,3,NaN
1,2,3,0.8120477488685461
1,2,3,0.009778647628762748
1,2,3,0.08596717446393809
1,2,3,0.43116983099757117
2,1,3,0.8733102078879845
1,2,3,0.6914431924244484
1,2,3,NaN
1,2,3,0.09943458759150654
1,2,3,NaN
1,2,3,0.7582540955828375
1,2,3,NaN
2,1,3,NaN
3,0,3,0.9030952226408369
1,2,3,0.9030952226408369
2,1,3,0.35291544996872376
1,2,3,NaN
2,1,3,NaN
1,2,3,0.6104096037191906
1,2,3,0.7267509803124766
1,2,3,0.19236277848876807
1,2,3,NaN
2,1,3,0.8120477488685461
1,2,3,0.6505728275062779
2,1,3,0.05735097310840156
1,2,3,NaN
2,1,3,NaN
1,2,3,0.8553400459938837
1,2,3,NaN
1,2,3,0.8733102078879845
2,1,3,NaN
1,2,3,0.5238679062670301
1,2,3,0.8886935889394204
2,1,3,0.6914431924244484
1,2,3,NaN
2,1,3,NaN
1,2,3,0.786623350458894
1,2,3,0.01389863463638223
2,1,3,0.7267509803124766
1,2,3,NaN
1,2,3,0.03794641341295346
2,1,3,0.7582540955828375
1,2,3,0.9490411065363702
1,2,3,0.9811127762214269
1,2,3,0.3149813444585866
2,1,3,NaN
2,1,3,NaN
2,1,3,0.6505728275062779
3,0,3,0.8312863678267027
1,2,3,NaN
1,2,3,NaN
1,2,3,0.1713638873544436
1,2,3,0.08596717446393809
2,1,3,NaN
1,2,3,NaN
1,2,3,NaN
1,2,3,0.7582540955828375
1,2,3,NaN
2,1,3,NaN
1,2,3,0.9163216390929619
3,0,3,0.6104096037191906
2,1,3,0.569149748895899
1,2,3,NaN
1,2,3,NaN
1,2,3,0.6505728275062779
2,1,3,NaN
2,1,3,0.1298724704817915
1,2,3,0.6505728275062779
3,0,3,0.27923371017636817
1,2,3,0.9030952226408369
3,0,3,NaN
2,1,3,NaN
1,2,3,NaN
3,0,3,0.663023519876961
1,2,3,NaN
3,0,3,0.09943458759150654
1,2,3,0.27923371017636817
3,0,3,NaN
2,1,3,0.1878990761741351
2,1,3,NaN
2,1,3,0.1298724704817915
1,2,3,0.6104096037191906
1,2,3,0.27923371017636817
1,2,3,0.06373980375872917
1,2,3,NaN
1,2,3,0.11404401218842061
3,0,3,NaN
2,1,3,0.47793771766761745
1,2,3,NaN
1,2,3,NaN
2,1,3,NaN
1,2,3,0.03794641341295346
1,2,3,0.0293645869120733
1,2,3,0.0036180133185694
1,2,3,0.5238679062670301
1,2,3,0.8886935889394204
1,2,3,NaN
3,0,3,0.9169211431492119
1,2,3,NaN
1,2,3,NaN
2,1,3,0.24524244003177142
1,2,3,NaN
1,2,3,NaN
2,1,3,0.11404401218842061
1,2,3,NaN
2,1,3,NaN
2,1,3,0.11812744654374645
1,2,3,0.03794641341295346
1,2,3,0.9030952226408369
1,2,3,NaN
1,2,3,0.43116983099757117
2,1,3,0.9944136266474382
1,2,3,0.5622269573775187
2,1,3,0.569149748895899
1,2,3,0.11404401218842061
1,2,3,0.06611573959509347
2,1,3,0.1298724704817915
1,2,3,0.9811127762214269
1,2,3,NaN
1,2,3,0.11404401218842061
2,1,3,0.8120477488685461
2,1,3,NaN
1,2,3,0.09943458759150654
1,2,3,NaN
2,1,3,0.8120477488685461
1,2,3,NaN
2,1,3,0.40898494763484106
1,2,3,NaN
1,2,3,0.00018626809650976162
1,2,3,0.6914431924244484
3,0,3,NaN
2,1,3,0.0494455745194533
3,0,3,0.24524244003177142
1,2,3,0.11404401218842061
1,2,3,NaN
2,1,3,0.19236277848876807
1,2,3,NaN
1,2,3,0.021960220642977778
2,1,3,0.07655443489586021
1,2,3,0.7267509803124766
1,2,3,NaN
2,1,3,0.786623350458894
2,1,3,0.16806732870266622
1,2,3,0.927808813496808
3,0,3,0.9490411065363702
1,2,3,NaN
2,1,3,0.8442143217132388
3,0,3,0.927808813496808
1,2,3,0.6505728275062779
1,2,3,NaN
1,2,3,0.6505728275062779
1,2,3,NaN
1,2,3,0.9163216390929619
2,1,3,NaN
2,1,3,0.8356407771585233
1,2,3,0.7322050477268979
3,0,3,NaN
2,1,3,NaN
1,2,3,NaN
1,2,3,0.07470550857760336
1,2,3,0.028886075440067927
2,1,3,0.8356407771585233
2,1,3,0.2180321792514569
2,1,3,NaN
2,1,3,0.04370689030141423
1,2,3,0.9711836190363513
1,2,3,NaN
1,2,3,NaN
3,0,3,0.7582540955828375
1,2,3,0.7267509803124766
2,1,3,NaN
3,0,3,0.7429299564203464
2,1,3,0.00018626809650976162
2,1,3,NaN
3,0,3,NaN
2,1,3,NaN
2,1,3,0.9163216390929619
1,2,3,0.9490411065363702
1,2,3,0.6914431924244484
2,1,3,NaN
1,2,3,NaN
2,1,3,NaN
1,2,3,NaN
1,2,3,NaN
2,1,3,0.8120477488685461
1,2,3,NaN
1,2,3,NaN
1,2,3,NaN
2,1,3,0.6914431924244484
1,2,3,NaN
1,2,3,0.47793771766761745
1,2,3,NaN
1,2,3,0.53752012563644
2,1,3,0.6914431924244484
1,2,3,0.0494455745194533
1,2,3,NaN
1,2,3,0.786623350458894
2,1,3,0.6505728275062779
2,1,3,0.24524244003177142
3,0,3,NaN
1,2,3,NaN
1,2,3,0.016314898271010056
1,2,3,0.47793771766761745
2,1,3,0.6944809040791058
1,2,3,0.7582540955828375
2,1,3,0.8733102078879845
2,1,3,NaN
2,1,3,0.9776381857169749
1,2,3,NaN
1,2,3,NaN
1,2,3,NaN
1,2,3,0.06611573959509347
2,1,3,0.7560845963589301
1,2,3,NaN
2,1,3,NaN
2,1,3,NaN
2,1,3,0.569149748895899
1,2,3,NaN
1,2,3,NaN
1,2,3,NaN
1,2,3,0.24524244003177142
3,0,3,0.14766029718238274
2,1,3,0.017232337143105875
1,2,3,0.9490411065363702
1,2,3,0.9163216390929619
1,2,3,0.8553400459938837
3,0,3,NaN
2,1,3,0.7051840551574875
1,2,3,NaN
1,2,3,NaN
3,0,3,NaN
1,2,3,NaN
1,2,3,NaN
2,1,3,NaN
1,2,3,0.6505728275062779
1,2,3,NaN
2,1,3,0.9388397790286686
1,2,3,0.6914431924244484
2,1,3,NaN
1,2,3,NaN
1,2,3,0.8120477488685461
1,2,3,NaN
1,2,3,0.569149748895899
2,1,3,NaN
2,1,3,0.27923371017636817
1,2,3,0.09943458759150654
1,2,3,NaN
1,2,3,NaN
1,2,3,NaN
1,2,3,NaN
1,2,3,0.8926735212774597
1,2,3,0.8120477488685461
1,2,3,NaN
2,1,3,NaN
3,0,3,NaN
1,2,3,0.005043121192482222
1,2,3,0.8120477488685461
1,2,3,NaN
1,2,3,NaN
1,2,3,0.5648882816339776
2,1,3,NaN
1,2,3,NaN
1,2,3,NaN
1,2,3,NaN
1,2,3,NaN
2,1,3,0.11404401218842061
1,2,3,0.7267509803124766
2,1,3,NaN
1,2,3,NaN
1,2,3,0.43116983099757117
1,2,3,0.27923371017636817
2,1,3,NaN
2,1,3,0.21789723100099276
1,2,3,0.786623350458894
3,0,3,0.7267509803124766
2,1,3,NaN
3,0,3,0.786623350458894
1,2,3,0.24524244003177142
1,2,3,0.27923371017636817
2,1,3,0.7774098940934286
1,2,3,NaN
1,2,3,0.8120477488685461
1,2,3,NaN
2,1,3,NaN
2,1,3,0.6505728275062779
2,1,3,NaN
1,2,3,NaN
1,2,3,0.05735097310840156
1,2,3,0.8553400459938837
1,2,3,NaN
1,2,3,NaN
3,0,3,NaN
1,2,3,NaN
2,1,3,NaN
1,2,3,0.9494471673386267
2,1,3,0.9030952226408369
1,2,3,0.9490411065363702
2,1,3,0.0007634542375115639
1,2,3,0.9490411065363702
2,1,3,0.43116983099757117
1,2,3,0.9574264943593161
2,1,3,NaN
1,2,3,NaN
2,1,3,0.8846053896489343
1,2,3,0.8356407771585233
1,2,3,NaN
1,2,3,NaN
1,2,3,NaN
1,2,3,NaN
1,2,3,0.00020076968540447187
1,2,3,0.6914431924244484
1,2,3,0.8356407771585233
1,2,3,0.7582540955828375
1,2,3,NaN
1,2,3,0.2635919661402064
1,2,3,NaN
1,2,3,0.14766029718238274
1,2,3,0.8553400459938837
2,1,3,NaN
1,2,3,0.8553400459938837
1,2,3,0.9163216390929619
1,2,3,0.3149813444585866
2,1,3,NaN
2,1,3,NaN
1,2,3,NaN
2,1,3,0.6104096037191906
1,2,3,0.9388397790286686
1,2,3,NaN
1,2,3,NaN
2,1,3,0.47793771766761745
2,1,3,NaN
2,1,3,0.6104096037191906
2,1,3,NaN
1,2,3,0.6833758768314452
1,2,3,0.8228512845621858
2,1,3,0.4959882483088199
1,2,3,NaN
1,2,3,0.786623350458894
1,2,3,NaN
3,0,3,0.39064081951093954
2,1,3,NaN
2,1,3,0.2689829743483109
3,0,3,NaN
2,1,3,NaN
1,2,3,0.9388397790286686
1,2,3,0.8356407771585233
2,1,3,NaN
1,2,3,NaN
1,2,3,NaN
3,0,3,0.8356407771585233
1,2,3,0.6181101058296996
1,2,3,0.9227794561684306
2,1,3,0.9857264206675347
1,2,3,0.47793771766761745
1,2,3,NaN
1,2,3,0.7582540955828375
1,2,3,NaN
1,2,3,0.6104096037191906
1,2,3,0.7267509803124766
1,2,3,0.19236277848876807
2,1,3,0.7267509803124766
1,2,3,0.8886935889394204
1,2,3,NaN
1,2,3,NaN
1,2,3,0.786623350458894
1,2,3,NaN
1,2,3,0.9923256991209348
1,2,3,NaN
1,2,3,0.06611573959509347
1,2,3,NaN
1,2,3,NaN
1,2,3,NaN
1,2,3,NaN
1,2,3,NaN
1,2,3,NaN
2,1,3,0.6104096037191906
1,2,3,0.008033473456108315
1,2,3,0.5238679062670301
1,2,3,0.27923371017636817
1,2,3,0.8733102078879845
2,1,3,0.7582540955828375
1,2,3,NaN
1,2,3,NaN
1,2,3,NaN
1,2,3,NaN
2,1,3,0.07470550857760336
1,2,3,NaN
3,0,3,NaN
1,2,3,NaN
1,2,3,NaN
1,2,3,NaN
2,1,3,NaN
1,2,3,NaN
1,2,3,0.35291544996872376
2,1,3,0.8120477488685461
1,2,3,0.11404401218842061
1,2,3,0.47793771766761745
1,2,3,NaN
1,2,3,NaN
1,2,3,0.598523937250863
1,2,3,0.927808813496808
1,2,3,0.19236277848876807
1,2,3,NaN
2,1,3,NaN
2,1,3,0.6104096037191906
1,2,3,0.7267509803124766
1,2,3,0.5238679062670301
1,2,3,0.09943458759150654
2,1,3,0.8926735212774597
1,2,3,NaN
1,2,3,0.24524244003177142
2,1,3,0.6104096037191906
1,2,3,NaN
2,1,3,0.6944809040791058
1,2,3,NaN
2,1,3,NaN
1,2,3,NaN
2,1,3,NaN
1,2,3,NaN
1,2,3,0.48596273638470033
2,1,3,0.5988966746409761
2,1,3,0.9649170932836378
1,2,3,NaN
1,2,3,0.24524244003177142
1,2,3,NaN
1,2,3,NaN
1,2,3,0.08596717446393809
1,2,3,NaN
1,2,3,NaN
1,2,3,NaN
1,2,3,NaN
2,1,3,0.9030952226408369
1,2,3,0.47793771766761745
1,2,3,NaN
1,2,3,0.8553400459938837
1,2,3,0.7582540955828375
1,2,3,NaN
2,1,3,0.786623350458894
1,2,3,NaN
3,0,3,0.8553400459938837
1,2,3,NaN
2,1,3,0.8553400459938837
2,1,3,NaN
3,0,3,0.6914431924244484
3,0,3,NaN
1,2,3,NaN
1,2,3,NaN
1,2,3,NaN
1,2,3,0.6104096037191906
1,2,3,0.19236277848876807
1,2,3,0.8356407771585233
1,2,3,NaN
1,2,3,0.5723478033865719
1,2,3,NaN
1,2,3,0.6104096037191906
1,2,3,0.14766029718238274
2,1,3,NaN
1,2,3,NaN
1,2,3,NaN
1,2,3,NaN
1,2,3,NaN
1,2,3,NaN
2,1,3,0.6505728275062779
1,2,3,NaN
1,2,3,NaN
1,2,3,NaN
2,1,3,0.39064081951093954
1,2,3,0.49918214384274195
1,2,3,NaN
1,2,3,0.910444551578253
1,2,3,0.7267509803124766
1,2,3,0.14766029718238274
1,2,3,0.18582778432378205
1,2,3,0.6104096037191906
1,2,3,NaN
2,1,3,0.9574264943593161
2,1,3,0.8926735212774597
1,2,3,NaN
2,1,3,0.39064081951093954
2,1,3,NaN
2,1,3,NaN
1,2,3,0.2180321792514569
2,1,3,0.08596717446393809
1,2,3,0.786623350458894
1,2,3,0.06611573959509347
1,2,3,NaN
2,1,3,NaN
1,2,3,NaN
3,0,3,0.7267509803124766
2,1,3,NaN
1,2,3,NaN
1,2,3,0.47793771766761745
1,2,3,NaN
2,1,3,0.47793771766761745
3,0,3,0.011532985534739066
3,0,3,NaN
1,2,3,NaN
1,2,3,0.786623350458894
1,2,3,0.43116983099757117
1,2,3,0.16806732870266622
1,2,3,0.7267509803124766
1,2,3,NaN
1,2,3,0.9975663265144364
1,2,3,0.8356407771585233
1,2,3,NaN
2,1,3,0.028886075440067927
2,1,3,0.47793771766761745
1,2,3,0.8733102078879845
1,2,3,0.47793771766761745
3,0,3,NaN
2,1,3,0.8120477488685461
1,2,3,NaN
1,2,3,0.7762201877346611
1,2,3,0.6914431924244484
1,2,3,NaN
1,2,3,NaN
1,2,3,0.6505728275062779
1,2,3,0.6914431924244484
1,2,3,NaN
1,2,3,NaN
1,2,3,NaN
1,2,3,NaN
1,2,3,NaN
2,1,3,NaN
3,0,3,0.3149813444585866
1,2,3,NaN
1,2,3,0.0069114224843666115
2,1,3,NaN
2,1,3,NaN
1,2,3,0.8120477488685461
1,2,3,NaN
1,2,3,0.9490411065363702
1,2,3,0.7762201877346611
2,1,3,NaN
2,1,3,0.04370689030141423
1,2,3,0.8120477488685461
1,2,3,NaN
1,2,3,0.8047442396377734
3,0,3,0.9030952226408369
1,2,3,0.8553400459938837
2,1,3,NaN
1,2,3,0.7582540955828375
1,2,3,0.24524244003177142
1,2,3,0.3149813444585866
2,1,3,NaN
1,2,3,0.27923371017636817
1,2,3,0.569149748895899
1,2,3,NaN
1,2,3,0.024979424385777767
1,2,3,0.1897264079208636
1,2,3,0.05735097310840156
1,2,3,NaN
1,2,3,0.7267509803124766
2,1,3,NaN
2,1,3,NaN
1,2,3,0.9163216390929619
1,2,3,NaN
2,1,3,NaN
1,2,3,0.16806732870266622
1,2,3,NaN
1,2,3,0.08596717446393809
1,2,3,0.43116983099757117
2,1,3,NaN
1,2,3,0.9811127762214269
1,2,3,0.7582540955828375
1,2,3,0.6061360034034095
1,2,3,0.43116983099757117
1,2,3,0.569149748895899
1,2,3,NaN
1,2,3,0.24524244003177142
2,1,3,NaN
1,2,3,NaN
1,2,3,0.7582540955828375
3,0,3,0.569149748895899
1,2,3,0.976413425292083
1,2,3,NaN
2,1,3,NaN
2,1,3,NaN
1,2,3,NaN
1,2,3,NaN
1,2,3,NaN
1,2,3,0.028886075440067927
1,2,3,0.47793771766761745
1,2,3,NaN
1,2,3,0.8733102078879845
1,2,3,0.6581186411566695
1,2,3,NaN
2,1,3,NaN
1,2,3,0.8356407771585233
1,2,3,0.8120477488685461
1,2,3,NaN
2,1,3,0.569149748895899
1,2,3,0.11275721317893599
1,2,3,0.43116983099757117
1,2,3,NaN
1,2,3,NaN
1,2,3,0.9961520687047375
1,2,3,0.05735097310840156
2,1,3,NaN
1,2,3,0.6914431924244484
2,1,3,0.7267509803124766
1,2,3,NaN
1,2,3,NaN
1,2,3,NaN
1,2,3,NaN
1,2,3,NaN
1,2,3,NaN
1,2,3,NaN
1,2,3,NaN
1,2,3,NaN
1,2,3,NaN
1,2,3,NaN
1,2,3,0.2180321792514569
1,2,3,0.9462609372974075
1,2,3,0.786623350458894
1,2,3,NaN
1,2,3,NaN
1,2,3,0.01880761644846058
3,0,3,0.6505728275062779
1,2,3,0.7288736847526647
1,2,3,0.2370872259488594
1,2,3,NaN
1,2,3,0.43116983099757117
2,1,3,0.7267509803124766
1,2,3,NaN
1,2,3,0.9030952226408369
1,2,3,NaN
1,2,3,NaN
2,1,3,0.6505728275062779
1,2,3,0.01389863463638223
2,1,3,0.01413206529622516
1,2,3,0.19236277848876807
1,2,3,NaN
1,2,3,NaN
1,2,3,NaN
1,2,3,0.6914431924244484
1,2,3,0.4738414580791632
1,2,3,NaN
2,1,3,NaN
1,2,3,NaN
1,2,3,NaN
1,2,3,0.2180321792514569
1,2,3,0.8733102078879845
1,2,3,0.8356407771585233
1,2,3,NaN
1,2,3,0.16806732870266622
2,1,3,0.6505728275062779
1,2,3,0.47098845092798175
1,2,3,NaN
1,2,3,NaN
1,2,3,NaN
1,2,3,NaN
3,0,3,NaN
1,2,3,NaN
1,2,3,NaN
1,2,3,NaN
2,1,3,0.24524244003177142
1,2,3,0.24524244003177142
1,2,3,0.0494455745194533
3,0,3,NaN
1,2,3,NaN
2,1,3,0.27361988212407007
2,1,3,0.24524244003177142
1,2,3,0.6505728275062779
1,2,3,0.8553400459938837
1,2,3,NaN
1,2,3,NaN
1,2,3,NaN
2,1,3,NaN
2,1,3,0.06611573959509347
1,2,3,NaN
1,2,3,NaN
2,1,3,0.8886935889394204
1,2,3,0.16208146794901124
1,2,3,0.1298724704817915
1,2,3,NaN
1,2,3,0.27923371017636817
2,1,3,0.024979424385777767
1,2,3,0.9490411065363702
1,2,3,NaN
1,2,3,0.39064081951093954
1,2,3,0.7582540955828375
1,2,3,0.47793771766761745
1,2,3,NaN
1,2,3,NaN
3,0,3,NaN
1,2,3,0.21789723100099276
1,2,3,0.786623350458894
1,2,3,0.786623350458894
1,2,3,NaN
1,2,3,NaN
1,2,3,NaN
1,2,3,0.47793771766761745
1,2,3,0.9811127762214269
1,2,3,0.01880761644846058
1,2,3,0.6104096037191906
1,2,3,0.4260870475127485
1,2,3,0.10310494068774219
1,2,3,0.569149748895899
1,2,3,0.5238679062670301
1,2,3,0.11389985699278314
1,2,3,0.7582540955828375
1,2,3,NaN
1,2,3,NaN
1,2,3,0.24460822501461685
1,2,3,0.39064081951093954
1,2,3,NaN
1,2,3,0.8733102078879845
1,2,3,NaN
1,2,3,NaN
1,2,3,0.08596717446393809
1,2,3,NaN
1,2,3,NaN
2,1,3,NaN
1,2,3,0.5238679062670301
3,0,3,0.14766029718238274
1,2,3,0.6505728275062779
1,2,3,NaN
1,2,3,0.021960220642977778
1,2,3,0.16806732870266622
1,2,3,NaN
1,2,3,NaN
1,2,3,NaN
2,1,3,NaN
1,2,3,0.8047442396377734
2,1,3,0.24524244003177142
1,2,3,0.8553400459938837
2,1,3,NaN
1,2,3,NaN
1,2,3,0.27923371017636817
1,2,3,NaN
1,2,3,0.6104096037191906
1,2,3,NaN
1,2,3,NaN
1,2,3,0.8553400459938837
3,0,3,0.786623350458894
2,1,3,NaN
1,2,3,0.786623350458894
1,2,3,0.9944136266474382
1,2,3,NaN
2,1,3,NaN
1,2,3,NaN
1,2,3,0.512157215696795
2,1,3,NaN
1,2,3,0.14766029718238274
1,2,3,NaN
1,2,3,0.8886935889394204
1,2,3,0.19236277848876807
1,2,3,NaN
1,2,3,0.0005902621103166408
1,2,3,NaN
1,2,3,NaN
1,2,3,NaN
1,2,3,0.0006417664607406903
1,2,3,0.08596717446393809
1,2,3,0.39064081951093954
1,2,3,0.6104096037191906
1,2,3,0.927808813496808
2,1,3,NaN
1,2,3,NaN
2,1,3,0.24524244003177142
1,2,3,0.6104096037191906
1,2,3,0.8733102078879845
1,2,3,NaN
1,2,3,NaN
1,2,3,0.1426992405448526
1,2,3,NaN
1,2,3,NaN
2,1,3,0.7582540955828375
1,2,3,0.6505728275062779
1,2,3,NaN
1,2,3,0.786623350458894
1,2,3,0.35291544996872376
1,2,3,NaN
1,2,3,0.7267509803124766
1,2,3,NaN
1,2,3,NaN
1,2,3,0.9852084744146637
1,2,3,0.7267509803124766
1,2,3,0.9894656266614458
1,2,3,NaN
1,2,3,NaN
1,2,3,0.9247257622443834
2,1,3,NaN
1,2,3,NaN
1,2,3,NaN
1,2,3,0.5238679062670301
1,2,3,0.27923371017636817
1,2,3,0.43116983099757117
2,1,3,0.8356407771585233
1,2,3,NaN
1,2,3,NaN
1,2,3,0.27923371017636817
2,1,3,NaN
1,2,3,0.19236277848876807
1,2,3,0.6104096037191906
1,2,3,0.569149748895899
1,2,3,0.3149813444585866
1,2,3,NaN
1,2,3,NaN
2,1,3,0.47793771766761745
1,2,3,NaN
1,2,3,NaN
1,2,3,NaN
1,2,3,NaN
1,2,3,0.7267509803124766
2,1,3,NaN
1,2,3,NaN
2,1,3,0.06611573959509347
1,2,3,NaN
1,2,3,NaN
1,2,3,0.09943458759150654
1,2,3,0.013131992927038337
1,2,3,NaN
2,1,3,0.9461825198141972
1,2,3,NaN
2,1,3,NaN
1,2,3,0.5432997340157497
1,2,3,NaN
1,2,3,0.8120477488685461
0,3,3,NaN
0,3,3,NaN
0,3,3,NaN
0,3,3,0.16806732870266622
0,3,3,0.786623350458894
0,3,3,NaN
0,3,3,NaN
0,3,3,NaN
0,3,3,NaN
0,3,3,NaN
0,3,3,0.8120477488685461
0,3,3,NaN
0,3,3,0.8120477488685461
0,3,3,NaN
0,3,3,NaN
0,3,3,NaN
0,3,3,NaN
0,3,3,NaN
0,3,3,NaN
0,3,3,0.16806732870266622
0,3,3,NaN
0,3,3,NaN
0,3,3,0.14766029718238274
0,3,3,NaN
0,3,3,NaN
0,3,3,NaN
0,3,3,NaN
0,3,3,NaN
0,3,3,0.8356407771585233
0,3,3,NaN
0,3,3,0.7267509803124766
0,3,3,NaN
0,3,3,NaN
0,3,3,0.39064081951093954
0,3,3,0.9208196858431406
0,3,3,0.07470550857760336
0,3,3,NaN
0,3,3,NaN
0,3,3,0.9030952226408369
0,3,3,0.8120477488685461
0,3,3,NaN
0,3,3,NaN
0,3,3,0.020415821515354406
0,3,3,NaN
0,3,3,NaN
0,3,3,NaN
0,3,3,NaN
0,3,3,0.9761030188990792
0,3,3,NaN
0,3,3,NaN
0,3,3,NaN
0,3,3,0.24524244003177142
0,3,3,0.9574264943593161
0,3,3,NaN
0,3,3,NaN
0,3,3,0.9523796470532004
0,3,3,0.16806732870266622
0,3,3,0.24524244003177142
0,3,3,0.8120477488685461
0,3,3,NaN
0,3,3,NaN
0,3,3,NaN
0,3,3,0.6104096037191906
0,3,3,NaN
0,3,3,NaN
0,3,3,NaN
0,3,3,NaN
0,3,3,NaN
0,3,3,0.09943458759150654
0,3,3,0.7582540955828375
0,3,3,NaN
0,3,3,NaN
0,3,3,NaN
0,3,3,0.6914431924244484
0,3,3,NaN
0,3,3,0.018507211023429785
0,3,3,0.6914431924244484
0,3,3,NaN
0,3,3,0.39064081951093954
0,3,3,NaN
0,3,3,0.8886935889394204
0,3,3,0.9030952226408369
0,3,3,NaN
0,3,3,NaN
0,3,3,0.5238679062670301
0,3,3,NaN
0,3,3,0.927808813496808
0,3,3,NaN
0,3,3,NaN
0,3,3,NaN
0,3,3,0.786623350458894
0,3,3,0.9115847525002773
0,3,3,NaN
0,3,3,NaN
0,3,3,NaN
0,3,3,NaN
0,3,3,NaN
0,3,3,0.47793771766761745
0,3,3,NaN
0,3,3,0.9490411065363702
0,3,3,NaN
0,3,3,NaN
0,3,3,NaN
0,3,3,NaN
0,3,3,0.6104096037191906
0,3,3,NaN
0,3,3,0.024979424385777767
0,3,3,0.39064081951093954
0,3,3,0.35291544996872376
0,3,3,NaN
0,3,3,NaN
0,3,3,0.0494455745194533
0,3,3,NaN
0,3,3,NaN
0,3,3,NaN
0,3,3,0.9711836190363513
0,3,3,NaN
0,3,3,0.9965709626757095
0,3,3,NaN
0,3,3,0.8733102078879845
0,3,3,NaN
0,3,3,NaN
0,3,3,0.8733102078879845
0,3,3,NaN
0,3,3,NaN
0,3,3,NaN
0,3,3,NaN
0,3,3,NaN
0,3,3,0.11404401218842061
0,3,3,0.3684147765722506
0,3,3,NaN
0,3,3,NaN
0,3,3,NaN
0,3,3,NaN
0,3,3,NaN
0,3,3,NaN
0,3,3,0.9030952226408369
0,3,3,0.8886935889394204
0,3,3,NaN
0,3,3,NaN
0,3,3,NaN
0,3,3,0.6654052541639474
0,3,3,NaN
0,3,3,NaN
0,3,3,NaN
0,3,3,0.3149813444585866
0,3,3,NaN
0,3,3,NaN
0,3,3,NaN
0,3,3,NaN
0,3,3,0.6505728275062779
0,3,3,NaN
0,3,3,NaN
0,3,3,0.6104096037191906
0,3,3,NaN
0,3,3,NaN
0,3,3,0.006943468320448339
0,3,3,0.8553400459938837
0,3,3,NaN
0,3,3,0.8553400459938837
0,3,3,0.7267509803124766
0,3,3,0.6914431924244484
0,3,3,NaN
0,3,3,NaN
0,3,3,NaN
0,3,3,NaN
0,3,3,0.8733102078879845
0,3,3,0.6247831288486835
0,3,3,NaN
0,3,3,NaN
0,3,3,NaN
0,3,3,0.6104096037191906
0,3,3,NaN
0,3,3,NaN
0,3,3,0.569149748895899
0,3,3,NaN
0,3,3,0.8886935889394204
0,3,3,NaN
0,3,3,NaN
0,3,3,0.4991160421078876
0,3,3,0.8886935889394204
0,3,3,NaN
0,3,3,NaN
0,3,3,0.8120477488685461
0,3,3,0.19236277848876807
0,3,3,NaN
0,3,3,0.028886075440067927
0,3,3,NaN
0,3,3,0.3269086988347228
0,3,3,NaN
0,3,3,NaN
0,3,3,0.011532985534739066
0,3,3,NaN
0,3,3,NaN
0,3,3,0.6505728275062779
0,3,3,NaN
0,3,3,NaN
0,3,3,NaN
0,3,3,0.07470550857760336
0,3,3,NaN
0,3,3,0.8120477488685461
0,3,3,NaN
0,3,3,0.16806732870266622
0,3,3,NaN
0,3,3,NaN
0,3,3,NaN
0,3,3,NaN
0,3,3,NaN
0,3,3,0.24524244003177142
0,3,3,0.2973153698543936
0,3,3,NaN
0,3,3,NaN
0,3,3,NaN
0,3,3,0.3149813444585866
0,3,3,NaN
0,3,3,0.569149748895899
0,3,3,0.6104096037191906
0,3,3,0.8733102078879845
0,3,3,0.9163216390929619
0,3,3,0.9574264943593161
0,3,3,NaN
0,3,3,NaN
0,3,3,NaN
0,3,3,NaN
0,3,3,NaN
0,3,3,NaN
0,3,3,0.39064081951093954
0,3,3,0.8733102078879845
0,3,3,NaN
0,3,3,NaN
0,3,3,NaN
0,3,3,0.35291544996872376
0,3,3,NaN
0,3,3,0.976413425292083
0,3,3,NaN
0,3,3,0.8120477488685461
0,3,3,NaN
0,3,3,NaN
0,3,3,0.8553400459938837
0,3,3,NaN
0,3,3,NaN
0,3,3,0.7878498711946279
0,3,3,NaN
0,3,3,0.5238679062670301
0,3,3,NaN
0,3,3,NaN
0,3,3,0.9711836190363513
0,3,3,NaN
0,3,3,NaN
0,3,3,NaN
0,3,3,NaN
0,3,3,0.6505728275062779
0,3,3,NaN
0,3,3,NaN
0,3,3,0.7267509803124766
0,3,3,NaN
0,3,3,NaN
0,3,3,NaN
0,3,3,0.47793771766761745
0,3,3,0.35291544996872376
0,3,3,NaN
0,3,3,0.8553400459938837
0,3,3,0.024979424385777767
0,3,3,NaN
0,3,3,NaN
0,3,3,0.7267509803124766
0,3,3,NaN
0,3,3,NaN
0,3,3,0.927808813496808
0,3,3,0.0494455745194533
0,3,3,NaN
0,3,3,0.9574264943593161
0,3,3,NaN
0,3,3,NaN
0,3,3,NaN
0,3,3,NaN
0,3,3,NaN
0,3,3,NaN
0,3,3,NaN
0,3,3,NaN
0,3,3,0.14766029718238274
0,3,3,NaN
0,3,3,0.35291544996872376
0,3,3,NaN
0,3,3,0.3149813444585866
0,3,3,0.5238679062670301
0,3,3,NaN
0,3,3,0.19236277848876807
0,3,3,NaN
0,3,3,NaN
0,3,3,NaN
0,3,3,NaN
0,3,3,NaN
0,3,3,0.9030952226408369
0,3,3,NaN
0,3,3,0.06611573959509347
0,3,3,NaN
0,3,3,0.6505728275062779
0,3,3,0.08601898083708619
0,3,3,0.8103683540711032
0,3,3,NaN
0,3,3,NaN
0,3,3,NaN
0,3,3,NaN
0,3,3,NaN
0,3,3,0.024979424385777767
0,3,3,NaN
0,3,3,NaN
0,3,3,NaN
0,3,3,NaN
0,3,3,NaN
0,3,3,NaN
0,3,3,NaN
0,3,3,NaN
0,3,3,NaN
0,3,3,0.927808813496808
0,3,3,NaN
0,3,3,NaN
0,3,3,0.6914431924244484
0,3,3,0.9490411065363702
0,3,3,NaN
0,3,3,0.43116983099757117
0,3,3,NaN
0,3,3,0.07470550857760336
0,3,3,NaN
0,3,3,NaN
0,3,3,NaN
0,3,3,0.786623350458894
0,3,3,NaN
0,3,3,0.39064081951093954
0,3,3,NaN
0,3,3,NaN
0,3,3,NaN
0,3,3,NaN
0,3,3,NaN
0,3,3,NaN
0,3,3,0.8886935889394204
0,3,3,NaN
0,3,3,0.569149748895899
0,3,3,0.8421169459135842
0,3,3,0.008126970210441814
0,3,3,NaN
0,3,3,NaN
0,3,3,NaN
0,3,3,0.19236277848876807
0,3,3,0.786623350458894
0,3,3,NaN
0,3,3,NaN
0,3,3,NaN
0,3,3,0.927808813496808
0,3,3,0.14766029718238274
0,3,3,NaN
0,3,3,NaN
0,3,3,NaN
0,3,3,NaN
0,3,3,NaN
0,3,3,NaN
0,3,3,NaN
0,3,3,NaN
0,3,3,NaN
0,3,3,0.9574264943593161
0,3,3,NaN
0,3,3,NaN
0,3,3,0.0006028459869854185
0,3,3,NaN
0,3,3,NaN
0,3,3,NaN
0,3,3,NaN
0,3,3,NaN
0,3,3,NaN
0,3,3,NaN
0,3,3,NaN
0,3,3,NaN
0,3,3,0.5238679062670301
0,3,3,0.27923371017636817
0,3,3,NaN
0,3,3,NaN
0,3,3,0.8120477488685461
0,3,3,NaN
0,3,3,NaN
0,3,3,0.6104096037191906
0,3,3,NaN
0,3,3,NaN
0,3,3,0.35291544996872376
0,3,3,0.6104096037191906
0,3,3,NaN
0,3,3,NaN
0,3,3,NaN
0,3,3,0.9490411065363702
0,3,3,NaN
0,3,3,0.8886935889394204
0,3,3,NaN
0,3,3,0.9944136266474382
0,3,3,NaN
0,3,3,NaN
0,3,3,0.569149748895899
0,3,3,0.4991160421078876
0,3,3,0.5238679062670301
0,3,3,NaN
0,3,3,0.8733102078879845
0,3,3,NaN
0,3,3,NaN
0,3,3,NaN
0,3,3,NaN
0,3,3,NaN
0,3,3,NaN
0,3,3,NaN
0,3,3,NaN
0,3,3,NaN
0,3,3,NaN
0,3,3,0.9490411065363702
0,3,3,NaN
0,3,3,NaN
0,3,3,NaN
0,3,3,0.39064081951093954
0,3,3,0.8553400459938837
0,3,3,0.569149748895899
0,3,3,NaN
0,3,3,NaN
0,3,3,0.47793771766761745
0,3,3,NaN
0,3,3,NaN
0,3,3,NaN
0,3,3,NaN
0,3,3,NaN
0,3,3,NaN
0,3,3,0.8733102078879845
0,3,3,NaN
0,3,3,NaN
0,3,3,0.3149813444585866
0,3,3,NaN
0,3,3,0.04370689030141423
0,3,3,0.786623350458894
0,3,3,0.6505728275062779
0,3,3,NaN
0,3,3,NaN
0,3,3,NaN
0,3,3,0.27923371017636817
0,3,3,NaN
0,3,3,NaN
0,3,3,NaN
0,3,3,NaN
0,3,3,NaN
0,3,3,NaN
0,3,3,NaN
0,3,3,0.028886075440067927
0,3,3,0.9857264206675347
0,3,3,0.569149748895899
0,3,3,NaN
0,3,3,NaN
0,3,3,NaN
0,3,3,NaN
0,3,3,NaN
0,3,3,0.7582540955828375
0,3,3,NaN
0,3,3,NaN
0,3,3,NaN
0,3,3,NaN
0,3,3,NaN
0,3,3,NaN
0,3,3,NaN
0,3,3,0.3149813444585866
0,3,3,NaN
0,3,3,NaN
0,3,3,0.2180321792514569
0,3,3,NaN
0,3,3,NaN
0,3,3,NaN
0,3,3,NaN
0,3,3,NaN
0,3,3,0.6104096037191906
0,3,3,NaN
0,3,3,NaN
0,3,3,NaN
0,3,3,0.6505728275062779
0,3,3,0.6505728275062779
0,3,3,NaN
0,3,3,NaN
0,3,3,0.9811127762214269
0,3,3,0.7582540955828375
0,3,3,0.39064081951093954
0,3,3,NaN
0,3,3,0.6165709600421269
0,3,3,NaN
0,3,3,NaN
0,3,3,NaN
0,3,3,NaN
0,3,3,NaN
0,3,3,0.786623350458894
0,3,3,NaN
0,3,3,0.786623350458894
0,3,3,NaN
0,3,3,0.43116983099757117
0,3,3,NaN
0,3,3,0.8553400459938837
0,3,3,0.39064081951093954
0,3,3,NaN
0,3,3,2.4209222785096704e-5
0,3,3,0.1298724704817915
0,3,3,NaN
0,3,3,0.9857264206675347
0,3,3,NaN
0,3,3,NaN
0,3,3,0.9974050120025761
0,3,3,NaN
0,3,3,NaN
0,3,3,0.07470550857760336
0,3,3,NaN
0,3,3,0.35291544996872376
0,3,3,0.6914431924244484
0,3,3,NaN
0,3,3,NaN
0,3,3,NaN
0,3,3,0.47793771766761745
0,3,3,NaN
0,3,3,NaN
0,3,3,NaN
0,3,3,0.24524244003177142
0,3,3,NaN
0,3,3,NaN
0,3,3,NaN
0,3,3,NaN
0,3,3,NaN
0,3,3,0.14766029718238274
0,3,3,NaN
0,3,3,NaN
0,3,3,0.35291544996872376
0,3,3,NaN
0,3,3,NaN
0,3,3,NaN
0,3,3,0.6104096037191906
0,3,3,NaN
0,3,3,NaN
0,3,3,NaN
0,3,3,0.6104096037191906
0,3,3,NaN
0,3,3,0.35291544996872376
0,3,3,NaN
0,3,3,NaN
0,3,3,0.8886935889394204
0,3,3,NaN
0,3,3,0.976352411899471
0,3,3,0.14766029718238274
0,3,3,NaN
0,3,3,0.2180321792514569
0,3,3,NaN
0,3,3,NaN
0,3,3,0.9649170932836378
0,3,3,0.9490411065363702
0,3,3,0.6914431924244484
0,3,3,NaN
0,3,3,NaN
0,3,3,0.11404401218842061
0,3,3,NaN
0,3,3,NaN
0,3,3,NaN
0,3,3,NaN
0,3,3,NaN
0,3,3,0.014194874137357379
0,3,3,0.8886935889394204
0,3,3,NaN
0,3,3,NaN
0,3,3,NaN
0,3,3,NaN
0,3,3,0.9574264943593161
0,3,3,NaN
0,3,3,0.19236277848876807
0,3,3,0.786623350458894
0,3,3,NaN
0,3,3,0.6505728275062779
0,3,3,0.14766029718238274
0,3,3,0.8733102078879845
0,3,3,NaN
0,3,3,NaN
0,3,3,0.47793771766761745
0,3,3,NaN
0,3,3,0.7267509803124766
0,3,3,NaN
0,3,3,NaN
0,3,3,0.49918214384274195
0,3,3,0.35291544996872376
0,3,3,NaN
0,3,3,0.7582540955828375
0,3,3,NaN
0,3,3,NaN
0,3,3,NaN
0,3,3,0.11404401218842061
0,3,3,0.9163216390929619
0,3,3,NaN
0,3,3,NaN
0,3,3,NaN
0,3,3,0.43116983099757117
0,3,3,NaN
0,3,3,0.35291544996872376
0,3,3,NaN
0,3,3,NaN
0,3,3,0.16806732870266622
0,3,3,NaN
0,3,3,0.7965188419159412
0,3,3,0.2180321792514569
0,3,3,NaN
0,3,3,NaN
0,3,3,NaN
0,3,3,NaN
0,3,3,0.9574264943593161
0,3,3,NaN
0,3,3,0.569149748895899
0,3,3,NaN
0,3,3,0.8120477488685461
0,3,3,NaN
0,3,3,NaN
0,3,3,0.35291544996872376
0,3,3,NaN
0,3,3,NaN
0,3,3,NaN
0,3,3,NaN
0,3,3,0.2180321792514569
0,3,3,NaN
0,3,3,NaN
0,3,3,0.27923371017636817
0,3,3,0.9388397790286686
0,3,3,NaN
0,3,3,0.35064018308951
0,3,3,0.8822072646799609
0,3,3,0.05735097310840156
0,3,3,0.7582540955828375
0,3,3,0.927808813496808
0,3,3,NaN
0,3,3,NaN
0,3,3,NaN
0,3,3,NaN
0,3,3,0.9490411065363702
0,3,3,0.19236277848876807
0,3,3,NaN
0,3,3,NaN
0,3,3,NaN
0,3,3,0.24524244003177142
0,3,3,NaN
0,3,3,NaN
0,3,3,0.6914431924244484
0,3,3,NaN
0,3,3,0.569149748895899
0,3,3,NaN
0,3,3,0.8120477488685461
0,3,3,NaN
0,3,3,NaN
0,3,3,NaN
0,3,3,NaN
0,3,3,NaN
0,3,3,0.43116983099757117
0,3,3,NaN
0,3,3,0.8356407771585233
0,3,3,0.4409150679801434
0,3,3,NaN
0,3,3,NaN
0,3,3,NaN
0,3,3,NaN
0,3,3,NaN
0,3,3,NaN
0,3,3,NaN
0,3,3,0.786623350458894
0,3,3,0.9490411065363702
0,3,3,0.786623350458894
0,3,3,0.24524244003177142
0,3,3,NaN
0,3,3,NaN
0,3,3,NaN
0,3,3,NaN
0,3,3,NaN
0,3,3,NaN
0,3,3,0.3149813444585866
0,3,3,NaN
0,3,3,NaN
0,3,3,NaN
0,3,3,NaN
0,3,3,0.8553400459938837
0,3,3,NaN
0,3,3,NaN
0,3,3,0.9671406601506299
0,3,3,NaN
0,3,3,NaN
0,3,3,NaN
0,3,3,NaN
0,3,3,0.927808813496808
0,3,3,NaN
0,3,3,0.7582540955828375
0,3,3,0.07470550857760336
0,3,3,0.9677886808309822
0,3,3,0.24524244003177142
0,3,3,NaN
0,3,3,0.8120477488685461
0,3,3,NaN
0,3,3,NaN
0,3,3,NaN
0,3,3,0.8886935889394204
0,3,3,0.9574264943593161
0,3,3,0.6914431924244484
0,3,3,NaN
0,3,3,0.16806732870266622
0,3,3,0.5238679062670301
0,3,3,0.7267509803124766
0,3,3,NaN
0,3,3,0.2180321792514569
0,3,3,0.6914431924244484
0,3,3,0.16806732870266622
0,3,3,NaN
0,3,3,0.03317022976394289
0,3,3,0.35291544996872376
0,3,3,0.9574264943593161
0,3,3,NaN
0,3,3,NaN
0,3,3,NaN
0,3,3,NaN
0,3,3,0.9388397790286686
0,3,3,0.5238679062670301
0,3,3,NaN
0,3,3,0.6889029147099545
0,3,3,0.16806732870266622
0,3,3,NaN
0,3,3,NaN
0,3,3,0.40057686224618433
0,3,3,NaN
0,3,3,NaN
0,3,3,NaN
0,3,3,NaN
0,3,3,0.569149748895899
0,3,3,NaN
0,3,3,NaN
0,3,3,NaN
0,3,3,NaN
0,3,3,NaN
0,3,3,NaN
0,3,3,NaN
0,3,3,NaN
0,3,3,0.16806732870266622
0,3,3,0.7582540955828375
0,3,3,NaN
0,3,3,0.39064081951093954
0,3,3,0.927808813496808
0,3,3,0.25841863339059545
0,3,3,0.09943458759150654
0,3,3,NaN
0,3,3,0.9490411065363702
0,3,3,NaN
0,3,3,0.028886075440067927
0,3,3,NaN
0,3,3,NaN
0,3,3,NaN
0,3,3,NaN
0,3,3,NaN
0,3,3,0.8553400459938837
0,3,3,NaN
0,3,3,NaN
0,3,3,NaN
0,3,3,NaN
0,3,3,NaN
0,3,3,NaN
0,3,3,0.07470550857760336
0,3,3,NaN
0,3,3,NaN
0,3,3,NaN
0,3,3,0.7208606799501817
0,3,3,0.9494471673386267
0,3,3,NaN
0,3,3,NaN
0,3,3,0.43116983099757117
0,3,3,0.927808813496808
0,3,3,NaN
0,3,3,NaN
0,3,3,NaN
0,3,3,NaN
0,3,3,0.16806732870266622
0,3,3,NaN
0,3,3,NaN
0,3,3,NaN
0,3,3,0.6505728275062779
0,3,3,0.27923371017636817
0,3,3,NaN
0,3,3,NaN
0,3,3,0.8926735212774597
0,3,3,NaN
0,3,3,NaN
0,3,3,NaN
0,3,3,0.47793771766761745
0,3,3,0.35291544996872376
0,3,3,0.19236277848876807
0,3,3,NaN
0,3,3,NaN
0,3,3,NaN
0,3,3,NaN
0,3,3,0.47793771766761745
0,3,3,NaN
0,3,3,0.35291544996872376
0,3,3,NaN
0,3,3,0.9163216390929619
0,3,3,NaN
0,3,3,0.8553400459938837
0,3,3,NaN
0,3,3,NaN
0,3,3,0.8120477488685461
0,3,3,NaN
0,3,3,NaN
0,3,3,NaN
0,3,3,NaN
0,3,3,NaN
0,3,3,0.1298724704817915
0,3,3,NaN
0,3,3,NaN
0,3,3,NaN
0,3,3,NaN
0,3,3,NaN
0,3,3,NaN
0,3,3,NaN
0,3,3,NaN
0,3,3,0.47793771766761745
0,3,3,NaN
0,3,3,0.6505728275062779
0,3,3,NaN
0,3,3,NaN
0,3,3,0.27923371017636817
0,3,3,NaN
0,3,3,NaN
0,3,3,NaN
0,3,3,NaN
0,3,3,NaN
0,3,3,0.8733102078879845
0,3,3,NaN
0,3,3,NaN
0,3,3,0.6914431924244484
0,3,3,NaN
0,3,3,0.569149748895899
0,3,3,NaN
0,3,3,NaN
0,3,3,NaN
0,3,3,NaN
0,3,3,0.3149813444585866
0,3,3,NaN
0,3,3,NaN
0,3,3,NaN
0,3,3,NaN
0,3,3,NaN
0,3,3,NaN
0,3,3,NaN
0,3,3,NaN
0,3,3,0.8120477488685461
0,3,3,NaN
0,3,3,0.9388397790286686
0,3,3,NaN
0,3,3,NaN
0,3,3,NaN
0,3,3,NaN
0,3,3,NaN
0,3,3,NaN
0,3,3,NaN
0,3,3,NaN
0,3,3,0.9944136266474382
0,3,3,NaN
0,3,3,NaN
0,3,3,0.27923371017636817
0,3,3,NaN
0,3,3,NaN
0,3,3,0.7582540955828375
0,3,3,0.927808813496808
0,3,3,NaN
0,3,3,NaN
0,3,3,NaN
0,3,3,NaN
0,3,3,NaN
0,3,3,0.2757171845877721
0,3,3,NaN
0,3,3,0.9388397790286686
0,3,3,NaN
0,3,3,NaN
0,3,3,NaN
0,3,3,0.9163216390929619
0,3,3,0.06611573959509347
0,3,3,NaN
0,3,3,NaN
0,3,3,NaN
0,3,3,NaN
0,3,3,0.6104096037191906
0,3,3,0.8120477488685461
0,3,3,NaN
0,3,3,NaN
0,3,3,NaN
0,3,3,0.927808813496808
0,3,3,0.47793771766761745
0,3,3,NaN
0,3,3,NaN
0,3,3,NaN
0,3,3,0.569149748895899
0,3,3,NaN
0,3,3,NaN
0,3,3,0.6914431924244484
0,3,3,NaN
0,3,3,NaN
0,3,3,0.8886935889394204
0,3,3,0.8733102078879845
0,3,3,NaN
0,3,3,0.6914431924244484
0,3,3,0.43116983099757117
0,3,3,0.6914431924244484
0,3,3,NaN
0,3,3,NaN
0,3,3,NaN
0,3,3,NaN
0,3,3,NaN
0,3,3,NaN
0,3,3,NaN
0,3,3,NaN
0,3,3,NaN
0,3,3,0.825994201363067
0,3,3,0.9490411065363702
0,3,3,NaN
0,3,3,NaN
0,3,3,NaN
0,3,3,NaN
0,3,3,NaN
0,3,3,0.8103683540711032
0,3,3,NaN
0,3,3,NaN
0,3,3,NaN
0,3,3,0.8733102078879845
0,3,3,NaN
0,3,3,0.6505728275062779
0,3,3,NaN
0,3,3,NaN
0,3,3,NaN
0,3,3,NaN
0,3,3,NaN
0,3,3,0.6505728275062779
0,3,3,NaN
0,3,3,NaN
0,3,3,NaN
0,3,3,0.6104096037191906
0,3,3,NaN
0,3,3,0.6104096037191906
0,3,3,NaN
0,3,3,NaN
0,3,3,0.43116983099757117
0,3,3,0.1298724704817915
0,3,3,0.47793771766761745
0,3,3,NaN
0,3,3,NaN
0,3,3,0.5238679062670301
0,3,3,NaN
0,3,3,0.8553400459938837
0,3,3,NaN
0,3,3,NaN
0,3,3,NaN
0,3,3,0.47793771766761745
0,3,3,0.7582540955828375
0,3,3,0.27923371017636817
0,3,3,NaN
0,3,3,NaN
0,3,3,0.5238679062670301
0,3,3,0.1298724704817915
0,3,3,0.39064081951093954
0,3,3,NaN
0,3,3,NaN
0,3,3,0.6914431924244484
0,3,3,0.35291544996872376
0,3,3,NaN
0,3,3,NaN
0,3,3,NaN
0,3,3,NaN
0,3,3,0.8733102078879845
0,3,3,NaN
0,3,3,0.16806732870266622
0,3,3,NaN
0,3,3,NaN
0,3,3,NaN
0,3,3,0.05735097310840156
0,3,3,NaN
0,3,3,0.7267509803124766
0,3,3,NaN
0,3,3,NaN
0,3,3,0.0398605035131093
0,3,3,NaN
0,3,3,0.7267509803124766
0,3,3,0.8733102078879845
0,3,3,NaN
0,3,3,0.39064081951093954
0,3,3,0.47793771766761745
0,3,3,NaN
0,3,3,NaN
0,3,3,NaN
0,3,3,NaN
0,3,3,NaN
0,3,3,0.8553400459938837
0,3,3,0.8733102078879845
0,3,3,NaN
0,3,3,NaN
0,3,3,0.8356407771585233
0,3,3,NaN
0,3,3,NaN
0,3,3,0.35291544996872376
0,3,3,0.976413425292083
0,3,3,0.24524244003177142
0,3,3,0.6979814411333362
0,3,3,NaN
0,3,3,NaN
0,3,3,NaN
0,3,3,0.5625524319365759
0,3,3,NaN
0,3,3,NaN
0,3,3,0.08596717446393809
0,3,3,NaN
0,3,3,0.6104096037191906
0,3,3,NaN
0,3,3,NaN
0,3,3,NaN
0,3,3,NaN
0,3,3,NaN
0,3,3,NaN
0,3,3,NaN
0,3,3,NaN
0,3,3,NaN
0,3,3,NaN
0,3,3,NaN
0,3,3,NaN
0,3,3,0.08596717446393809
0,3,3,NaN
0,3,3,NaN
0,3,3,NaN
0,3,3,NaN
0,3,3,0.39064081951093954
0,3,3,NaN
0,3,3,NaN
0,3,3,NaN
0,3,3,NaN
0,3,3,NaN
0,3,3,0.569149748895899
0,3,3,NaN
0,3,3,NaN
0,3,3,0.3149813444585866
0,3,3,0.47793771766761745
0,3,3,NaN
0,3,3,0.43116983099757117
0,3,3,NaN
0,3,3,NaN
0,3,3,NaN
0,3,3,NaN
0,3,3,NaN
0,3,3,NaN
0,3,3,NaN
0,3,3,0.6505728275062779
0,3,3,NaN
0,3,3,NaN
0,3,3,NaN
0,3,3,NaN
0,3,3,0.7582540955828375
0,3,3,NaN
0,3,3,NaN
0,3,3,NaN
0,3,3,NaN
0,3,3,NaN
0,3,3,0.39064081951093954
0,3,3,NaN
0,3,3,NaN
0,3,3,NaN
0,3,3,0.8553400459938837
0,3,3,NaN
0,3,3,NaN
0,3,3,0.27923371017636817
0,3,3,NaN
0,3,3,0.786623350458894
0,3,3,NaN
0,3,3,NaN
0,3,3,NaN
0,3,3,NaN
0,3,3,NaN
0,3,3,NaN
0,3,3,NaN
0,3,3,NaN
0,3,3,0.8120477488685461
0,3,3,0.927808813496808
0,3,3,0.39064081951093954
0,3,3,NaN
0,3,3,NaN
0,3,3,NaN
0,3,3,NaN
0,3,3,NaN
0,3,3,NaN
0,3,3,0.9163216390929619
0,3,3,0.8733102078879845
0,3,3,NaN
0,3,3,NaN
0,3,3,NaN
0,3,3,NaN
0,3,3,0.6505728275062779
0,3,3,NaN
0,3,3,0.39064081951093954
0,3,3,0.5238679062670301
0,3,3,0.7556978411434596
0,3,3,NaN
0,3,3,0.5859398367146251
0,3,3,0.9574264943593161
0,3,3,NaN
0,3,3,NaN
0,3,3,NaN
0,3,3,NaN
0,3,3,0.5238679062670301
0,3,3,0.6104096037191906
0,3,3,0.7582540955828375
0,3,3,NaN
0,3,3,0.47793771766761745
0,3,3,NaN
0,3,3,NaN
0,3,3,NaN
0,3,3,NaN
0,3,3,NaN
0,3,3,NaN
0,3,3,0.057200279132576734
0,3,3,NaN
0,3,3,NaN
0,3,3,0.020724908504337565
0,3,3,NaN
0,3,3,NaN
0,3,3,NaN
0,3,3,NaN
0,3,3,NaN
0,3,3,NaN
0,3,3,0.6104096037191906
0,3,3,NaN
0,3,3,NaN
0,3,3,0.38120040655300724
0,3,3,NaN
0,3,3,0.5238679062670301
0,3,3,0.16806732870266622
0,3,3,0.7582540955828375
0,3,3,NaN
0,3,3,NaN
0,3,3,0.47793771766761745
0,3,3,NaN
0,3,3,NaN
0,3,3,0.786623350458894
0,3,3,0.8356407771585233
0,3,3,NaN
0,3,3,0.18193580930670458
0,3,3,0.5191025551605819
0,3,3,0.8553400459938837
0,3,3,0.927808813496808
0,3,3,NaN
0,3,3,0.47793771766761745
0,3,3,NaN
0,3,3,NaN
0,3,3,NaN
0,3,3,NaN
0,3,3,NaN
0,3,3,NaN
0,3,3,NaN
0,3,3,NaN
0,3,3,NaN
0,3,3,0.24524244003177142
0,3,3,NaN
0,3,3,0.9163216390929619
0,3,3,NaN
0,3,3,NaN
0,3,3,NaN
0,3,3,0.11404401218842061
0,3,3,NaN
0,3,3,NaN
0,3,3,NaN
0,3,3,NaN
0,3,3,NaN
0,3,3,NaN
0,3,3,NaN
0,3,3,NaN
0,3,3,NaN
0,3,3,NaN
0,3,3,NaN
0,3,3,NaN
0,3,3,NaN
0,3,3,NaN
0,3,3,0.7267509803124766
0,3,3,0.569149748895899
0,3,3,0.9030952226408369
0,3,3,NaN
0,3,3,NaN
0,3,3,NaN
0,3,3,NaN
0,3,3,0.16806732870266622
0,3,3,0.9030952226408369
0,3,3,0.5238679062670301
0,3,3,NaN
0,3,3,0.16766904486257933
0,3,3,NaN
0,3,3,NaN
0,3,3,NaN
0,3,3,NaN
0,3,3,0.7582540955828375
0,3,3,0.01389863463638223
0,3,3,NaN
0,3,3,NaN
0,3,3,NaN
0,3,3,0.517757435135765
0,3,3,NaN
0,3,3,NaN
0,3,3,NaN
0,3,3,0.05735097310840156
0,3,3,NaN
0,3,3,NaN
0,3,3,NaN
0,3,3,0.6104096037191906
0,3,3,NaN
0,3,3,NaN
0,3,3,NaN
0,3,3,NaN
0,3,3,0.27923371017636817
0,3,3,0.7267509803124766
0,3,3,NaN
0,3,3,NaN
0,3,3,NaN
0,3,3,0.47793771766761745
0,3,3,NaN
0,3,3,NaN
0,3,3,0.8811404051633659
0,3,3,NaN
0,3,3,0.6505728275062779
0,3,3,NaN
0,3,3,NaN
0,3,3,0.8120477488685461
0,3,3,0.35291544996872376
0,3,3,NaN
0,3,3,0.39064081951093954
0,3,3,NaN
0,3,3,NaN
0,3,3,NaN
0,3,3,NaN
0,3,3,0.09943458759150654
0,3,3,NaN
0,3,3,NaN
0,3,3,NaN
0,3,3,NaN
0,3,3,NaN
0,3,3,NaN
0,3,3,0.43116983099757117
0,3,3,0.43116983099757117
0,3,3,NaN
0,3,3,0.39064081951093954
0,3,3,0.6914431924244484
0,3,3,0.9693434265444021
0,3,3,NaN
0,3,3,NaN
0,3,3,NaN
0,3,3,NaN
0,3,3,NaN
0,3,3,NaN
0,3,3,0.8553400459938837
0,3,3,NaN
0,3,3,NaN
0,3,3,NaN
0,3,3,NaN
0,3,3,NaN
0,3,3,NaN
0,3,3,NaN
0,3,3,0.8886935889394204
0,3,3,0.7582540955828375
0,3,3,0.8733102078879845
0,3,3,NaN
0,3,3,0.44195283113052
0,3,3,NaN
0,3,3,0.6914431924244484
0,3,3,NaN
0,3,3,NaN
0,3,3,NaN
0,3,3,NaN
0,3,3,NaN
0,3,3,NaN
0,3,3,NaN
0,3,3,NaN
0,3,3,0.786623350458894
0,3,3,NaN
0,3,3,NaN
0,3,3,NaN
0,3,3,0.9490411065363702
0,3,3,0.8553400459938837
0,3,3,NaN
0,3,3,NaN
0,3,3,NaN
0,3,3,NaN
0,3,3,0.43116983099757117
0,3,3,0.9163216390929619
0,3,3,NaN
0,3,3,NaN
0,3,3,NaN
0,3,3,NaN
0,3,3,NaN
0,3,3,0.8553400459938837
0,3,3,0.9163216390929619
0,3,3,NaN
0,3,3,NaN
0,3,3,0.1298724704817915
0,3,3,NaN
0,3,3,NaN
0,3,3,NaN
0,3,3,0.47793771766761745
0,3,3,NaN
0,3,3,0.11404401218842061
0,3,3,NaN
0,3,3,NaN
0,3,3,NaN
0,3,3,NaN
0,3,3,NaN
0,3,3,NaN
0,3,3,NaN
0,3,3,0.9388397790286686
0,3,3,NaN
0,3,3,NaN
0,3,3,0.016314898271010056
0,3,3,0.8356407771585233
0,3,3,NaN
0,3,3,0.569149748895899
0,3,3,NaN
0,3,3,0.6104096037191906
0,3,3,0.7582540955828375
0,3,3,0.7582540955828375
0,3,3,NaN
0,3,3,NaN
0,3,3,0.8886935889394204
0,3,3,0.7582540955828375
0,3,3,NaN
0,3,3,NaN
0,3,3,NaN
0,3,3,NaN
0,3,3,NaN
0,3,3,NaN
0,3,3,NaN
0,3,3,0.3149813444585866
0,3,3,NaN
0,3,3,NaN
0,3,3,NaN
0,3,3,NaN
0,3,3,NaN
0,3,3,NaN
0,3,3,0.9574264943593161
0,3,3,0.7267509803124766
0,3,3,NaN
0,3,3,0.16806732870266622
0,3,3,NaN
0,3,3,NaN
0,3,3,NaN
0,3,3,0.9163216390929619
0,3,3,NaN
0,3,3,0.9574264943593161
0,3,3,NaN
0,3,3,NaN
0,3,3,NaN
0,3,3,NaN
0,3,3,NaN
0,3,3,NaN
0,3,3,NaN
0,3,3,0.024979424385777767
0,3,3,NaN
0,3,3,NaN
0,3,3,NaN
0,3,3,0.6914431924244484
0,3,3,NaN
0,3,3,0.48284286108776076
0,3,3,0.8553400459938837
0,3,3,NaN
0,3,3,NaN
0,3,3,0.7267509803124766
0,3,3,0.927808813496808
0,3,3,NaN
0,3,3,0.19236277848876807
0,3,3,NaN
0,3,3,NaN
0,3,3,0.01389863463638223
0,3,3,0.786623350458894
0,3,3,NaN
0,3,3,NaN
0,3,3,NaN
0,3,3,NaN
0,3,3,NaN
0,3,3,0.8553400459938837
0,3,3,NaN
0,3,3,NaN
0,3,3,NaN
0,3,3,0.9030952226408369
0,3,3,NaN
0,3,3,NaN
0,3,3,NaN
0,3,3,NaN
0,3,3,NaN
0,3,3,NaN
0,3,3,NaN
0,3,3,0.2180321792514569
0,3,3,NaN
0,3,3,0.7267509803124766
0,3,3,NaN
0,3,3,NaN
0,3,3,NaN
0,3,3,NaN
0,3,3,NaN
0,3,3,NaN
0,3,3,0.24524244003177142
0,3,3,NaN
0,3,3,NaN
0,3,3,NaN
0,3,3,NaN
0,3,3,NaN
0,3,3,0.11404401218842061
0,3,3,NaN
0,3,3,NaN
0,3,3,NaN
0,3,3,NaN
0,3,3,NaN
0,3,3,0.5238679062670301
0,3,3,0.6138287439778264
0,3,3,NaN
0,3,3,0.7267509803124766
0,3,3,0.569149748895899
0,3,3,NaN
0,3,3,0.001290026908059383
0,3,3,0.8356407771585233
0,3,3,NaN
0,3,3,0.5238679062670301
0,3,3,NaN
0,3,3,NaN
0,3,3,0.27923371017636817
0,3,3,0.9811127762214269
0,3,3,NaN
0,3,3,NaN
0,3,3,NaN
0,3,3,NaN
0,3,3,NaN
0,3,3,NaN
0,3,3,NaN
0,3,3,0.8886935889394204
0,3,3,0.19236277848876807
0,3,3,NaN
0,3,3,NaN
0,3,3,NaN
0,3,3,0.9168274270729363
0,3,3,NaN
0,3,3,NaN
0,3,3,NaN
0,3,3,NaN
0,3,3,0.8120477488685461
0,3,3,NaN
0,3,3,NaN
0,3,3,NaN
0,3,3,0.8733102078879845
0,3,3,0.786623350458894
0,3,3,NaN
0,3,3,NaN
0,3,3,NaN
0,3,3,0.6104096037191906
0,3,3,NaN
0,3,3,NaN
0,3,3,NaN
0,3,3,NaN
0,3,3,0.8120477488685461
0,3,3,NaN
0,3,3,NaN
0,3,3,NaN
0,3,3,0.6104096037191906
0,3,3,NaN
0,3,3,NaN
0,3,3,NaN
0,3,3,NaN
0,3,3,NaN
0,3,3,NaN
0,3,3,NaN
0,3,3,NaN
0,3,3,0.6104096037191906
0,3,3,NaN
0,3,3,NaN
0,3,3,NaN
0,3,3,NaN
0,3,3,NaN
0,3,3,NaN
0,3,3,0.6104096037191906
0,3,3,0.47793771766761745
0,3,3,0.8886935889394204
0,3,3,NaN
0,3,3,0.5238679062670301
0,3,3,0.19236277848876807
0,3,3,NaN
0,3,3,0.9163216390929619
0,3,3,NaN
0,3,3,0.9030952226408369
0,3,3,NaN
0,3,3,NaN
0,3,3,NaN
0,3,3,0.14766029718238274
0,3,3,0.569149748895899
0,3,3,NaN
0,3,3,0.47793771766761745
0,3,3,0.39064081951093954
0,3,3,NaN
0,3,3,0.19236277848876807
0,3,3,NaN
0,3,3,NaN
0,3,3,NaN
0,3,3,NaN
0,3,3,NaN
0,3,3,NaN
0,3,3,NaN
0,3,3,0.6104096037191906
0,3,3,NaN
0,3,3,0.8120477488685461
0,3,3,NaN
0,3,3,0.786623350458894
0,3,3,NaN
0,3,3,0.16806732870266622
0,3,3,0.786623350458894
0,3,3,NaN
0,3,3,NaN
0,3,3,NaN
0,3,3,NaN
0,3,3,NaN
0,3,3,NaN
0,3,3,0.786623350458894
0,3,3,NaN
0,3,3,NaN
0,3,3,NaN
0,3,3,0.43116983099757117
0,3,3,NaN
0,3,3,NaN
0,3,3,NaN
0,3,3,NaN
0,3,3,0.24524244003177142
0,3,3,NaN
0,3,3,0.47793771766761745
0,3,3,NaN
0,3,3,0.4137373899564104
0,3,3,0.3149813444585866
0,3,3,NaN
0,3,3,0.07655953545577138
0,3,3,0.7582540955828375
0,3,3,NaN
0,3,3,NaN
0,3,3,0.7267509803124766
0,3,3,NaN
0,3,3,NaN
0,3,3,0.7267509803124766
0,3,3,NaN
0,3,3,0.8553400459938837
0,3,3,0.6104096037191906
0,3,3,NaN
0,3,3,0.786623350458894
0,3,3,NaN
0,3,3,NaN
0,3,3,NaN
0,3,3,0.7267509803124766
0,3,3,NaN
0,3,3,NaN
0,3,3,NaN
0,3,3,NaN
0,3,3,NaN
0,3,3,0.2180321792514569
0,3,3,NaN
0,3,3,0.7582540955828375
0,3,3,NaN
0,3,3,NaN
0,3,3,NaN
0,3,3,NaN
0,3,3,0.7582540955828375
0,3,3,NaN
0,3,3,NaN
0,3,3,0.39064081951093954
0,3,3,NaN
0,3,3,NaN
0,3,3,NaN
0,3,3,NaN
0,3,3,0.9388397790286686
0,3,3,NaN
0,3,3,NaN
0,3,3,NaN
0,3,3,0.024979424385777767
0,3,3,NaN
0,3,3,0.47793771766761745
0,3,3,NaN
0,3,3,NaN
0,3,3,NaN
0,3,3,0.8120477488685461
0,3,3,NaN
0,3,3,NaN
0,3,3,0.24524244003177142
0,3,3,NaN
0,3,3,NaN
0,3,3,NaN
0,3,3,NaN
0,3,3,NaN
0,3,3,NaN
0,3,3,NaN
0,3,3,NaN
0,3,3,NaN
0,3,3,0.49918214384274195
0,3,3,NaN
0,3,3,0.2180321792514569
0,3,3,0.6104096037191906
0,3,3,0.09943458759150654
0,3,3,0.47793771766761745
0,3,3,0.011371643185123287
0,3,3,NaN
0,3,3,NaN
0,3,3,0.927808813496808
0,3,3,0.9163216390929619
0,3,3,0.8733102078879845
0,3,3,0.2180321792514569
0,3,3,NaN
0,3,3,NaN
0,3,3,NaN
0,3,3,NaN
0,3,3,NaN
0,3,3,NaN
0,3,3,0.7267509803124766
0,3,3,NaN
0,3,3,NaN
0,3,3,NaN
0,3,3,NaN
0,3,3,NaN
0,3,3,NaN
0,3,3,NaN
0,3,3,NaN
0,3,3,NaN
0,3,3,NaN
0,3,3,0.9163216390929619
0,3,3,NaN
0,3,3,NaN
0,3,3,NaN
0,3,3,NaN
0,3,3,0.6104096037191906
0,3,3,0.07470550857760336
0,3,3,NaN
0,3,3,0.786623350458894
0,3,3,NaN
0,3,3,0.9307177210367434
0,3,3,NaN
0,3,3,0.47793771766761745
0,3,3,NaN
0,3,3,0.11404401218842061
0,3,3,0.6104096037191906
0,3,3,NaN
0,3,3,NaN
0,3,3,0.8356407771585233
0,3,3,0.43116983099757117
0,3,3,NaN
0,3,3,NaN
0,3,3,NaN
0,3,3,0.08596717446393809
0,3,3,NaN
0,3,3,NaN
0,3,3,NaN
0,3,3,NaN
0,3,3,0.24524244003177142
0,3,3,0.16806732870266622
0,3,3,NaN
0,3,3,NaN
0,3,3,0.8356407771585233
0,3,3,0.7267509803124766
0,3,3,NaN
0,3,3,NaN
0,3,3,NaN
0,3,3,0.927808813496808
0,3,3,NaN
0,3,3,NaN
0,3,3,0.8765400541960825
0,3,3,NaN
0,3,3,0.19236277848876807
0,3,3,0.6914431924244484
0,3,3,0.27923371017636817
0,3,3,0.35291544996872376
0,3,3,NaN
0,3,3,0.16806732870266622
0,3,3,NaN
0,3,3,0.43116983099757117
0,3,3,0.24524244003177142
0,3,3,NaN
0,3,3,NaN
0,3,3,NaN
0,3,3,0.028886075440067927
0,3,3,0.7267509803124766
0,3,3,0.27923371017636817
0,3,3,NaN
0,3,3,NaN
0,3,3,NaN
0,3,3,0.11404401218842061
0,3,3,0.11441415810964797
0,3,3,NaN
0,3,3,NaN
0,3,3,NaN
0,3,3,NaN
0,3,3,NaN
0,3,3,NaN
0,3,3,NaN
0,3,3,NaN
0,3,3,NaN
0,3,3,0.39064081951093954
0,3,3,NaN
0,3,3,NaN
0,3,3,NaN
0,3,3,0.8733102078879845
0,3,3,NaN
0,3,3,0.6914431924244484
0,3,3,0.927808813496808
0,3,3,NaN
0,3,3,NaN
0,3,3,NaN
0,3,3,NaN
0,3,3,NaN
0,3,3,NaN
0,3,3,NaN
0,3,3,NaN
0,3,3,NaN
0,3,3,0.9388397790286686
0,3,3,0.927808813496808
0,3,3,0.06781812172035266
0,3,3,NaN
0,3,3,NaN
0,3,3,0.024979424385777767
0,3,3,0.569149748895899
0,3,3,NaN
0,3,3,0.05735097310840156
0,3,3,NaN
0,3,3,0.9163216390929619
0,3,3,NaN
0,3,3,NaN
0,3,3,0.6914431924244484
0,3,3,0.07470550857760336
0,3,3,0.003292552388002024
0,3,3,NaN
0,3,3,0.6505728275062779
0,3,3,NaN
0,3,3,0.6104096037191906
0,3,3,NaN
0,3,3,NaN
0,3,3,0.43116983099757117
0,3,3,0.7267509803124766
0,3,3,0.6505728275062779
0,3,3,NaN
0,3,3,0.16806732870266622
0,3,3,NaN
0,3,3,0.7267509803124766
0,3,3,NaN
0,3,3,0.8886935889394204
0,3,3,0.9388397790286686
0,3,3,0.8886935889394204
0,3,3,NaN
0,3,3,NaN
0,3,3,NaN
0,3,3,NaN
0,3,3,NaN
0,3,3,NaN
0,3,3,0.9388397790286686
0,3,3,NaN
0,3,3,0.6505728275062779
0,3,3,NaN
0,3,3,0.08596717446393809
0,3,3,NaN
0,3,3,NaN
0,3,3,NaN
0,3,3,NaN
0,3,3,0.27923371017636817
0,3,3,NaN
0,3,3,0.9388397790286686
0,3,3,NaN
0,3,3,0.8356407771585233
0,3,3,0.6914431924244484
0,3,3,NaN
0,3,3,NaN
0,3,3,NaN
0,3,3,0.47793771766761745
0,3,3,NaN
0,3,3,NaN
0,3,3,0.6505728275062779
0,3,3,0.7582540955828375
0,3,3,0.010772658693875437
0,3,3,0.27923371017636817
0,3,3,NaN
0,3,3,NaN
0,3,3,NaN
0,3,3,0.47793771766761745
0,3,3,NaN
0,3,3,NaN
0,3,3,NaN
0,3,3,NaN
0,3,3,0.43116983099757117
0,3,3,0.47793771766761745
0,3,3,NaN
0,3,3,NaN
0,3,3,NaN
0,3,3,0.09943458759150654
0,3,3,NaN
0,3,3,NaN
0,3,3,0.003292552388002024
0,3,3,0.8886935889394204
0,3,3,0.43116983099757117
0,3,3,0.39064081951093954
0,3,3,0.39064081951093954
0,3,3,0.6505728275062779
0,3,3,NaN
0,3,3,NaN
0,3,3,NaN
0,3,3,0.47793771766761745
0,3,3,NaN
0,3,3,NaN
0,3,3,NaN
0,3,3,NaN
0,3,3,NaN
0,3,3,NaN
0,3,3,NaN
0,3,3,0.5019030460972459
0,3,3,0.47793771766761745
0,3,3,NaN
0,3,3,0.6104096037191906
0,3,3,NaN
0,3,3,NaN
0,3,3,NaN
0,3,3,NaN
0,3,3,NaN
0,3,3,NaN
0,3,3,NaN
0,3,3,NaN
0,3,3,0.6104096037191906
0,3,3,0.7267509803124766
0,3,3,NaN
0,3,3,0.8356407771585233
0,3,3,0.002417365878450618
0,3,3,NaN
0,3,3,0.8886935889394204
0,3,3,NaN
0,3,3,0.07470550857760336
0,3,3,0.09943458759150654
0,3,3,NaN
0,3,3,NaN
0,3,3,0.47793771766761745
0,3,3,NaN
0,3,3,NaN
0,3,3,NaN
0,3,3,0.6914431924244484
0,3,3,NaN
0,3,3,NaN
0,3,3,0.16922731549821454
0,3,3,NaN
0,3,3,NaN
0,3,3,0.6914431924244484
0,3,3,0.6104096037191906
0,3,3,NaN
0,3,3,0.8356407771585233
0,3,3,NaN
0,3,3,0.08596717446393809
0,3,3,0.08596717446393809
0,3,3,0.927808813496808
0,3,3,0.2180321792514569
0,3,3,NaN
0,3,3,0.24524244003177142
0,3,3,NaN
0,3,3,0.8213387706992771
0,3,3,NaN
0,3,3,0.6505728275062779
0,3,3,NaN
0,3,3,NaN
0,3,3,NaN
0,3,3,NaN
0,3,3,0.7267509803124766
0,3,3,NaN
0,3,3,NaN
0,3,3,NaN
0,3,3,0.19236277848876807
0,3,3,NaN
0,3,3,0.0792972786957223
0,3,3,NaN
0,3,3,0.39064081951093954
0,3,3,0.786623350458894
0,3,3,NaN
0,3,3,NaN
0,3,3,NaN
0,3,3,NaN
0,3,3,0.3149813444585866
0,3,3,0.24524244003177142
0,3,3,NaN
0,3,3,0.6914431924244484
0,3,3,0.06611573959509347
0,3,3,0.5238679062670301
0,3,3,0.47793771766761745
0,3,3,NaN
0,3,3,NaN
0,3,3,NaN
0,3,3,0.39064081951093954
0,3,3,0.7267509803124766
0,3,3,0.7582540955828375
0,3,3,0.16806732870266622
0,3,3,0.47793771766761745
0,3,3,NaN
0,3,3,0.05735097310840156
0,3,3,0.39064081951093954
0,3,3,0.11272109321087095
0,3,3,NaN
0,3,3,NaN
0,3,3,NaN
0,3,3,NaN
0,3,3,0.7556978411434596
0,3,3,NaN
0,3,3,NaN
0,3,3,NaN
0,3,3,0.43116983099757117
0,3,3,NaN
0,3,3,NaN
0,3,3,0.0494455745194533
0,3,3,NaN
0,3,3,NaN
0,3,3,NaN
0,3,3,NaN
0,3,3,0.6505728275062779
0,3,3,0.24524244003177142
0,3,3,NaN
0,3,3,0.43116983099757117
0,3,3,NaN
0,3,3,NaN
0,3,3,0.1535238301458931
0,3,3,0.9030952226408369
0,3,3,NaN
0,3,3,0.14766029718238274
0,3,3,NaN
0,3,3,0.6914431924244484
0,3,3,0.786623350458894
0,3,3,0.2528924239050204
0,3,3,NaN
0,3,3,0.16806732870266622
0,3,3,NaN
0,3,3,0.6505728275062779
0,3,3,NaN
0,3,3,NaN
0,3,3,0.8120477488685461
0,3,3,NaN
0,3,3,0.7582540955828375
0,3,3,0.8733102078879845
0,3,3,NaN
0,3,3,NaN
0,3,3,NaN
0,3,3,0.4575865031837453
0,3,3,NaN
0,3,3,NaN
0,3,3,NaN
0,3,3,NaN
0,3,3,NaN
0,3,3,NaN
0,3,3,0.35291544996872376
0,3,3,NaN
0,3,3,NaN
0,3,3,NaN
0,3,3,0.786623350458894
0,3,3,NaN
0,3,3,NaN
0,3,3,NaN
0,3,3,NaN
0,3,3,NaN
0,3,3,NaN
0,3,3,0.6914431924244484
0,3,3,NaN
0,3,3,NaN
0,3,3,0.569149748895899
0,3,3,NaN
0,3,3,NaN
0,3,3,NaN
0,3,3,NaN
0,3,3,NaN
0,3,3,NaN
0,3,3,NaN
0,3,3,NaN
0,3,3,NaN
0,3,3,NaN
0,3,3,0.7582540955828375
0,3,3,NaN
0,3,3,0.0019002529914548918
0,3,3,NaN
0,3,3,NaN
0,3,3,NaN
0,3,3,NaN
0,3,3,NaN
0,3,3,NaN
0,3,3,NaN
0,3,3,0.9944136266474382
0,3,3,NaN
0,3,3,0.6914431924244484
0,3,3,0.43116983099757117
0,3,3,NaN
0,3,3,NaN
0,3,3,NaN
0,3,3,NaN
0,3,3,NaN
0,3,3,NaN
0,3,3,NaN
0,3,3,0.8356407771585233
0,3,3,NaN
0,3,3,0.1298724704817915
0,3,3,0.8356407771585233
0,3,3,NaN
0,3,3,NaN
0,3,3,0.8120477488685461
0,3,3,NaN
0,3,3,NaN
0,3,3,0.24524244003177142
0,3,3,0.6914431924244484
0,3,3,NaN
0,3,3,0.47793771766761745
0,3,3,NaN
0,3,3,0.45203860362196885
0,3,3,0.27923371017636817
0,3,3,NaN
0,3,3,0.8886935889394204
0,3,3,NaN
0,3,3,0.569149748895899
0,3,3,NaN
0,3,3,NaN
0,3,3,NaN
0,3,3,NaN
0,3,3,0.6104096037191906
0,3,3,NaN
0,3,3,0.3149813444585866
0,3,3,0.6505728275062779
0,3,3,0.39064081951093954
0,3,3,NaN
0,3,3,NaN
0,3,3,NaN
0,3,3,0.14766029718238274
0,3,3,0.7582540955828375
0,3,3,NaN
0,3,3,NaN
0,3,3,0.6914431924244484
0,3,3,0.5964545205257348
0,3,3,NaN
0,3,3,NaN
0,3,3,NaN
0,3,3,0.7280943808812835
0,3,3,0.9388397790286686
0,3,3,NaN
0,3,3,NaN
0,3,3,0.28307077970323524
0,3,3,NaN
0,3,3,0.9163216390929619
0,3,3,NaN
0,3,3,0.9163216390929619
0,3,3,NaN
0,3,3,NaN
0,3,3,NaN
0,3,3,NaN
0,3,3,NaN
0,3,3,NaN
0,3,3,0.9811127762214269
0,3,3,0.11032904380329082
0,3,3,NaN
0,3,3,NaN
0,3,3,0.09943458759150654
0,3,3,NaN
0,3,3,NaN
0,3,3,0.9163216390929619
0,3,3,0.569149748895899
0,3,3,0.9490411065363702
0,3,3,0.08596717446393809
0,3,3,0.6914431924244484
0,3,3,0.9711836190363513
0,3,3,NaN
0,3,3,0.8553400459938837
0,3,3,0.569149748895899
0,3,3,NaN
0,3,3,NaN
0,3,3,NaN
0,3,3,0.8733102078879845
0,3,3,NaN
0,3,3,0.05735097310840156
0,3,3,NaN
0,3,3,0.8356407771585233
0,3,3,NaN
0,3,3,NaN
0,3,3,NaN
0,3,3,0.3149813444585866
0,3,3,NaN
0,3,3,NaN
0,3,3,0.7582540955828375
0,3,3,NaN
0,3,3,NaN
0,3,3,NaN
0,3,3,0.9030952226408369
0,3,3,NaN
0,3,3,0.7267509803124766
0,3,3,NaN
0,3,3,NaN
0,3,3,NaN
0,3,3,NaN
0,3,3,0.7582540955828375
0,3,3,NaN
0,3,3,NaN
0,3,3,0.786623350458894
0,3,3,NaN
0,3,3,NaN
0,3,3,NaN
0,3,3,0.9490411065363702
0,3,3,NaN
0,3,3,NaN
0,3,3,NaN
0,3,3,NaN
0,3,3,NaN
0,3,3,NaN
0,3,3,0.7582540955828375
0,3,3,NaN
0,3,3,NaN
0,3,3,NaN
0,3,3,NaN
0,3,3,NaN
0,3,3,0.7267509803124766
0,3,3,0.09943458759150654
0,3,3,0.8886935889394204
0,3,3,NaN
0,3,3,NaN
0,3,3,NaN
0,3,3,NaN
0,3,3,NaN
0,3,3,0.08596717446393809
0,3,3,0.43116983099757117
0,3,3,0.9163216390929619
0,3,3,NaN
0,3,3,NaN
0,3,3,0.6104096037191906
0,3,3,0.04370689030141423
0,3,3,0.569149748895899
0,3,3,NaN
0,3,3,NaN
0,3,3,NaN
0,3,3,NaN
0,3,3,NaN
0,3,3,0.19236277848876807
0,3,3,NaN
0,3,3,NaN
0,3,3,NaN
0,3,3,NaN
0,3,3,0.8356407771585233
0,3,3,0.9388397790286686
0,3,3,NaN
0,3,3,NaN
0,3,3,0.7582540955828375
0,3,3,NaN
0,3,3,0.27206313462586623
0,3,3,NaN
0,3,3,NaN
0,3,3,NaN
0,3,3,0.569149748895899
0,3,3,NaN
0,3,3,0.35291544996872376
0,3,3,0.03794641341295346
0,3,3,NaN
0,3,3,NaN
0,3,3,NaN
0,3,3,NaN
0,3,3,NaN
0,3,3,NaN
0,3,3,NaN
0,3,3,NaN
0,3,3,NaN
0,3,3,0.6505728275062779
0,3,3,NaN
0,3,3,NaN
0,3,3,NaN
0,3,3,NaN
0,3,3,NaN
0,3,3,NaN
0,3,3,0.43116983099757117
0,3,3,0.8120477488685461
0,3,3,NaN
0,3,3,NaN
0,3,3,NaN
0,3,3,0.927808813496808
0,3,3,0.03794641341295346
0,3,3,NaN
0,3,3,NaN
0,3,3,0.35291544996872376
0,3,3,0.09943458759150654
0,3,3,NaN
0,3,3,NaN
0,3,3,0.8553400459938837
0,3,3,NaN
0,3,3,NaN
0,3,3,0.9574264943593161
0,3,3,NaN
0,3,3,NaN
0,3,3,0.6914431924244484
0,3,3,0.2118462902945455
0,3,3,0.5238679062670301
0,3,3,0.9490411065363702
0,3,3,0.27923371017636817
0,3,3,NaN
0,3,3,NaN
0,3,3,NaN
0,3,3,NaN
0,3,3,NaN
0,3,3,0.0494455745194533
0,3,3,NaN
0,3,3,NaN
0,3,3,NaN
0,3,3,0.569149748895899
0,3,3,0.08596717446393809
0,3,3,0.1298724704817915
0,3,3,NaN
0,3,3,NaN
0,3,3,NaN
0,3,3,NaN
0,3,3,0.3149813444585866
0,3,3,NaN
0,3,3,0.9857264206675347
0,3,3,NaN
0,3,3,0.3149813444585866
0,3,3,NaN
0,3,3,NaN
0,3,3,NaN
0,3,3,NaN
0,3,3,0.35291544996872376
0,3,3,NaN
0,3,3,0.16806732870266622
0,3,3,0.19236277848876807
0,3,3,0.9030952226408369
0,3,3,0.6914431924244484
0,3,3,NaN
0,3,3,NaN
0,3,3,0.6914431924244484
0,3,3,NaN
0,3,3,NaN
0,3,3,0.06611573959509347
0,3,3,0.24524244003177142
0,3,3,NaN
0,3,3,NaN
0,3,3,NaN
0,3,3,NaN
0,3,3,NaN
0,3,3,0.8553400459938837
0,3,3,NaN
0,3,3,NaN
0,3,3,0.04370689030141423
0,3,3,NaN
0,3,3,NaN
0,3,3,NaN
0,3,3,NaN
0,3,3,NaN
0,3,3,0.024979424385777767
0,3,3,0.16806732870266622
0,3,3,NaN
0,3,3,0.39064081951093954
0,3,3,0.569149748895899
0,3,3,NaN
0,3,3,0.6141325293870626
0,3,3,NaN
0,3,3,NaN
0,3,3,0.8120477488685461
0,3,3,0.6104096037191906
0,3,3,NaN
0,3,3,NaN
0,3,3,0.9163216390929619
0,3,3,0.8733102078879845
0,3,3,NaN
0,3,3,NaN
0,3,3,NaN
0,3,3,NaN
0,3,3,NaN
0,3,3,0.2635919661402064
0,3,3,0.9853088313966948
0,3,3,NaN
0,3,3,NaN
0,3,3,NaN
0,3,3,NaN
0,3,3,0.9649170932836378
0,3,3,NaN
0,3,3,0.47793771766761745
0,3,3,0.6914431924244484
0,3,3,NaN
0,3,3,NaN
0,3,3,NaN
0,3,3,0.9811127762214269
0,3,3,0.6914431924244484
0,3,3,NaN
0,3,3,0.47793771766761745
0,3,3,NaN
0,3,3,0.2180321792514569
0,3,3,NaN
0,3,3,NaN
0,3,3,NaN
0,3,3,NaN
0,3,3,0.43116983099757117
0,3,3,0.21895362374060312
0,3,3,0.09943458759150654
0,3,3,0.6914431924244484
0,3,3,NaN
0,3,3,NaN
0,3,3,NaN
0,3,3,NaN
0,3,3,NaN
0,3,3,NaN
0,3,3,0.6914431924244484
0,3,3,0.8553400459938837
0,3,3,0.9163216390929619
0,3,3,NaN
0,3,3,0.9146878065571074
0,3,3,0.786623350458894
0,3,3,NaN
0,3,3,NaN
0,3,3,0.47793771766761745
0,3,3,0.9490411065363702
0,3,3,NaN
0,3,3,0.8733102078879845
0,3,3,NaN
0,3,3,NaN
0,3,3,NaN
0,3,3,NaN
0,3,3,NaN
0,3,3,NaN
0,3,3,0.5982094700734554
0,3,3,NaN
0,3,3,NaN
0,3,3,0.786623350458894
0,3,3,NaN
0,3,3,0.04370689030141423
0,3,3,NaN
0,3,3,NaN
0,3,3,NaN
0,3,3,NaN
0,3,3,0.9030952226408369
0,3,3,0.786623350458894
0,3,3,NaN
0,3,3,0.9388397790286686
0,3,3,NaN
0,3,3,0.39064081951093954
0,3,3,0.8886935889394204
0,3,3,NaN
0,3,3,0.927808813496808
0,3,3,0.2180321792514569
0,3,3,0.5238679062670301
0,3,3,NaN
0,3,3,NaN
0,3,3,NaN
0,3,3,NaN
0,3,3,NaN
0,3,3,0.927808813496808
0,3,3,0.8356407771585233
0,3,3,0.8886935889394204
0,3,3,NaN
0,3,3,0.11404401218842061
0,3,3,NaN
0,3,3,0.927808813496808
0,3,3,0.43116983099757117
0,3,3,NaN
0,3,3,0.3149813444585866
0,3,3,NaN
0,3,3,NaN
0,3,3,NaN
0,3,3,NaN
0,3,3,0.7582540955828375
0,3,3,0.9649170932836378
0,3,3,NaN
0,3,3,0.9649170932836378
0,3,3,NaN
0,3,3,NaN
0,3,3,0.5238679062670301
0,3,3,0.8356407771585233
0,3,3,0.927808813496808
0,3,3,NaN
0,3,3,NaN
0,3,3,0.9030952226408369
0,3,3,NaN
0,3,3,0.15490981827571945
0,3,3,0.07309715683666868
0,3,3,NaN
0,3,3,NaN
0,3,3,NaN
0,3,3,NaN
0,3,3,NaN
0,3,3,NaN
0,3,3,NaN
0,3,3,0.35291544996872376
0,3,3,NaN
0,3,3,NaN
0,3,3,NaN
0,3,3,NaN
0,3,3,0.24259722983655246
0,3,3,NaN
0,3,3,NaN
0,3,3,NaN
0,3,3,NaN
0,3,3,NaN
0,3,3,NaN
0,3,3,NaN
0,3,3,NaN
0,3,3,NaN
0,3,3,NaN
0,3,3,NaN
0,3,3,0.7883696248010116
0,3,3,0.8553400459938837
0,3,3,NaN
0,3,3,NaN
0,3,3,NaN
0,3,3,NaN
0,3,3,NaN
0,3,3,0.48565905576189883
0,3,3,0.569149748895899
0,3,3,0.14766029718238274
0,3,3,NaN
0,3,3,NaN
0,3,3,NaN
0,3,3,NaN
0,3,3,0.7582540955828375
0,3,3,0.7635139812160975
0,3,3,0.9857264206675347
0,3,3,0.0494455745194533
0,3,3,0.39064081951093954
0,3,3,0.6914431924244484
0,3,3,0.7267509803124766
0,3,3,NaN
0,3,3,0.10251553182142131
0,3,3,NaN
0,3,3,0.7267509803124766
0,3,3,0.9923256991209348
0,3,3,NaN
0,3,3,NaN
