hfq_hcd_1,hfq_hcd_2,nb_ints,bp_fdr
40866,60665,101531,2.0680385442031307e-19
54152,27337,81489,0.9999978710276273
15969,6544,22513,0.09251629364421518
6904,9620,16524,0.0005046593332408976
10057,6092,16149,0.005493679197831013
7249,5600,12849,0.3752736832146176
5412,7335,12747,0.06280478090433868
7340,3300,10640,1.3584114417959003e-19
2847,6708,9555,1.2454784604147106e-11
3520,5909,9429,2.779812154678955e-7
6618,2642,9260,NaN
6566,2580,9146,NaN
941,5814,6755,5.0544960363306215e-16
3421,2446,5867,4.165634096293122e-10
3497,2005,5502,NaN
3483,1944,5427,NaN
3289,1582,4871,0.1791109280893668
3091,1496,4587,0.025959162555178696
2985,1502,4487,0.14045805381124643
3010,1435,4445,0.014711429637765575
2944,1447,4391,0.11302026105487464
2816,1422,4238,0.0010351380526860909
384,3647,4031,3.3989681124326023e-7
811,3158,3969,0.9991181264881683
1754,2201,3955,NaN
868,3069,3937,0.030126041581438865
2684,1235,3919,0.7477900616625992
2554,1138,3692,0.2351696723086702
948,2651,3599,0.8855834794980711
2750,810,3560,0.27869196190494194
1458,2038,3496,NaN
2697,793,3490,0.24657737180731118
2646,833,3479,0.02143073799725636
2371,1069,3440,0.21058574314496395
2331,1086,3417,0.085819892357198
2284,1107,3391,NaN
2333,1046,3379,0.006944758155782498
2322,1012,3334,0.08846011335822734
2231,1101,3332,NaN
2469,807,3276,0.8855098908130815
2258,910,3168,NaN
2159,1007,3166,0.017364389753043535
1662,1427,3089,6.608572439506938e-10
574,2496,3070,0.3606518253839284
1205,1842,3047,1.2484677315213616e-5
1406,1616,3022,NaN
2092,886,2978,NaN
1414,1499,2913,0.5983910585585586
1291,1609,2900,NaN
1677,1087,2764,4.482801322301776e-9
1683,963,2646,2.660727965215478e-11
1557,790,2347,NaN
1522,794,2316,NaN
1562,720,2282,NaN
1431,847,2278,0.9945519079281663
1517,735,2252,NaN
1043,1207,2250,4.293430871037847e-9
1007,1161,2168,8.152373377851617e-13
1492,664,2156,0.0503944665317212
703,1415,2118,NaN
1457,650,2107,NaN
988,1067,2055,5.880848498346954e-7
1450,585,2035,0.00220877136596021
1311,718,2029,NaN
1418,598,2016,NaN
1276,739,2015,NaN
1024,979,2003,0.0001223736473915112
1183,690,1873,NaN
1193,660,1853,NaN
1135,677,1812,NaN
879,901,1780,0.1791109280893668
1292,468,1760,0.11302026105487464
1236,509,1745,0.011766111406950415
400,1336,1736,4.1528709421219333e-29
1194,506,1700,0.010377883515266046
425,1261,1686,3.3914563914263444e-9
1182,499,1681,0.1791109280893668
1210,465,1675,0.6463652182050513
1184,481,1665,0.5444944820158105
1161,502,1663,0.008500674696766028
914,740,1654,0.9449070443916393
1126,525,1651,4.846733960946655e-6
1120,506,1626,0.15241460062697998
1045,566,1611,NaN
535,1074,1609,2.660727965215478e-11
758,828,1586,3.8713441078055975e-13
1096,485,1581,0.2202081468432955
327,1234,1561,0.9996284175028579
1056,474,1530,0.10591629407135998
463,1017,1480,1.8635018612657482e-8
1032,410,1442,0.9741337647667054
1008,431,1439,0.02143073799725636
411,1017,1428,0.26784561889568126
922,494,1416,0.7830530099568438
1025,389,1414,0.6826185730663652
1005,406,1411,0.14861309234686118
1021,316,1337,NaN
654,678,1332,2.6310349075270685e-11
963,364,1327,NaN
425,821,1246,1.2707160397853046e-11
561,673,1234,0.7188460181803934
318,898,1216,4.1528709421219333e-29
173,1036,1209,1.6705250318639122e-17
565,631,1196,0.007468325236412629
662,499,1161,7.0976559930181135e-6
352,782,1134,0.31747254048537576
807,325,1132,0.0008946296163768663
604,525,1129,0.00037173336717369874
664,441,1105,0.8086231268276398
779,315,1094,NaN
760,311,1071,NaN
150,913,1063,0.9884400168235171
703,344,1047,0.7598119301284781
568,479,1047,0.5775525665651291
697,345,1042,0.08562647313259962
489,544,1033,0.1507288277158161
490,535,1025,0.2088844544951591
370,648,1018,1.4236968458162591e-5
656,359,1015,1.1851861037118043e-11
623,386,1009,0.5523648636569257
561,428,989,0.0030622815663587572
185,803,988,3.139578803865307e-5
113,863,976,2.295451203014144e-13
251,721,972,0.5523648636569257
184,786,970,0.002473985395199167
703,260,963,0.8600397173078664
668,277,945,NaN
567,374,941,0.33553033602770127
664,275,939,NaN
152,768,920,0.0006423737762536318
148,768,916,1.0117593017910675e-9
649,257,906,0.0010003616153672263
598,304,902,NaN
464,437,901,0.0503944665317212
88,798,886,0.9797458228103304
594,272,866,0.9954273361972739
584,269,853,NaN
523,328,851,8.883954269137528e-10
562,284,846,NaN
479,365,844,0.0003324268474602021
522,322,844,NaN
365,477,842,2.216783834208545e-6
598,238,836,6.649167723673562e-6
426,407,833,0.21770839300597963
572,260,832,0.3595144329111522
668,162,830,0.05916634506716057
563,267,830,NaN
161,658,819,1.934162182208306e-5
579,237,816,0.8302287522477523
123,692,815,2.907582421745388e-10
229,581,810,0.821723274354371
527,278,805,0.011010998384437642
512,288,800,NaN
366,434,800,0.00013396127119114242
541,248,789,NaN
509,278,787,NaN
463,316,779,NaN
101,666,767,0.17060939169921022
467,291,758,0.1507288277158161
193,564,757,0.0014622821746676903
501,249,750,NaN
513,228,741,NaN
272,462,734,2.4695437500421598e-17
455,278,733,NaN
459,274,733,0.8062781873736411
508,218,726,0.10483276970828209
311,414,725,0.11669146769470588
202,520,722,1.3633980628080784e-5
400,315,715,0.86482303902549
649,61,710,1.7835539792824823e-19
443,265,708,NaN
493,200,693,0.007616331988731861
302,389,691,0.6016095322531789
406,278,684,0.9879445083705202
491,193,684,NaN
321,360,681,1.6083358001922318e-13
213,466,679,2.2041670331519393e-15
304,372,676,0.15348760037464887
550,124,674,0.00010230392233880059
508,163,671,NaN
418,253,671,0.8723440292898591
381,288,669,0.005634571703672751
116,541,657,0.0526397091247217
292,360,652,0.9357857374272102
117,530,647,0.00023352448159148594
432,214,646,0.00022874537443438463
488,157,645,NaN
240,396,636,0.03741252622054439
171,464,635,0.0024377537568245123
554,79,633,0.19676548561638083
446,181,627,1.0825982303101827e-16
584,39,623,0.00220877136596021
196,424,620,0.41042378787561506
79,537,616,0.003890852515972302
343,271,614,0.41042378787561506
281,329,610,6.648974660081936e-9
399,198,597,0.002955688636191107
305,288,593,1.2157299659352975e-14
79,514,593,0.001402800980143188
301,287,588,0.8913573003269399
370,217,587,8.796704503557836e-7
335,248,583,0.5523648636569257
327,256,583,0.011646550825189204
143,438,581,0.00029461868307390155
352,227,579,NaN
300,276,576,0.6803638922571923
99,477,576,0.41042378787561506
485,89,574,0.0026142914823017835
355,213,568,NaN
426,136,562,0.010067673723004749
259,299,558,0.011048101074203582
283,272,555,1.35014629444156e-13
341,207,548,NaN
423,124,547,0.7509979234994011
285,260,545,0.9303967638107242
293,249,542,1.479299169686062e-5
112,429,541,0.7226578503646806
278,262,540,0.9570508211636278
274,262,536,0.31093972499659156
350,184,534,NaN
409,123,532,NaN
294,236,530,0.018097828123068795
365,160,525,1.4859684234560425e-13
360,164,524,NaN
210,313,523,0.0006878096295513437
299,222,521,0.22566217291689336
322,192,514,NaN
236,277,513,0.749242426971893
203,301,504,0.07778394099179928
116,388,504,0.41042378787561506
272,230,502,6.492111882842338e-5
73,427,500,0.16613450070110886
72,426,498,6.667933267168834e-19
430,67,497,3.951618617253796e-18
343,154,497,NaN
105,392,497,0.0005086628682621034
342,154,496,0.4586140219451372
310,185,495,0.12631287579485667
191,303,494,3.1592193184059354e-8
300,193,493,NaN
143,347,490,3.8286384830308105e-10
240,249,489,0.9989980546552272
378,110,488,0.02744881821583382
281,205,486,0.7768267536898675
166,319,485,0.6186615358783023
262,221,483,0.08657809290275065
190,293,483,0.002020042458029525
131,345,476,0.2088844544951591
314,160,474,NaN
318,156,474,0.0004189867937476118
209,263,472,0.8302287522477523
326,141,467,NaN
235,232,467,0.8453443682376957
290,176,466,0.8302287522477523
95,367,462,3.473683627057986e-5
209,253,462,NaN
204,256,460,0.9359415412195534
143,315,458,0.004712440902467837
104,353,457,5.67052984510838e-17
97,357,454,5.1643496406988095e-8
293,159,452,NaN
312,138,450,0.10618439228668425
302,147,449,NaN
199,250,449,0.6061233859150627
324,123,447,NaN
140,306,446,6.591216882772116e-10
274,171,445,NaN
278,165,443,0.28293497537589324
130,312,442,0.003930060864272878
246,193,439,0.010331278351138602
184,254,438,6.712641994141211e-8
108,330,438,5.265343857357827e-15
329,107,436,2.6539296225205577e-5
171,261,432,0.15348760037464887
263,168,431,0.5076524678986474
235,196,431,0.0752863790696696
209,221,430,0.0038237015157858347
70,359,429,0.001171464577005623
197,231,428,0.08818692132305243
169,258,427,1.5857598840422905e-5
216,208,424,8.472699890302034e-11
69,355,424,0.11302026105487464
281,140,421,NaN
135,283,418,0.0006040988992231794
353,64,417,0.5115719245559515
86,325,411,0.2795481783803956
282,128,410,0.11302026105487464
132,277,409,8.46712467260348e-8
97,311,408,0.2795481783803956
82,323,405,0.014672228567852533
320,83,403,NaN
283,118,401,0.04263845043616167
245,156,401,0.9999978710276273
208,190,398,0.10704411792017147
322,76,398,0.43153115984831464
76,322,398,NaN
135,260,395,0.4586140219451372
223,171,394,1.9267455626388748e-16
87,305,392,NaN
102,290,392,0.05418702139076871
244,147,391,NaN
275,114,389,0.00016861136924379362
113,276,389,0.22588287351544553
297,92,389,NaN
244,143,387,0.2088844544951591
173,214,387,0.027764538995531864
162,222,384,6.617862609519856e-5
249,135,384,0.5828575873284121
45,338,383,2.5442991308797633e-14
281,102,383,NaN
247,135,382,NaN
334,48,382,0.9329883633354683
215,166,381,0.21253323187083586
236,145,381,NaN
53,327,380,4.3403885057162e-5
230,149,379,0.04861642625489115
241,138,379,2.6687176087930253e-14
104,275,379,0.5979988633212578
205,173,378,0.26548030597938344
85,293,378,0.00018261631060509527
184,191,375,0.3193104281105608
116,259,375,0.01133723578548049
169,201,370,0.002702869922288079
216,154,370,0.9982303786618566
184,186,370,1.189527027566612e-12
71,297,368,0.3193104281105608
262,106,368,0.08938001634677822
215,153,368,0.9879445083705202
184,182,366,0.13298372529805114
134,229,363,0.006770900559713291
221,141,362,NaN
109,250,359,0.20885620281994255
197,161,358,0.5076524678986474
52,305,357,5.847075380014904e-13
103,253,356,NaN
42,312,354,0.02300165579233898
141,213,354,0.0035147735611445563
226,126,352,NaN
120,230,350,0.6699026606480135
242,106,348,NaN
238,108,346,0.0003519828258694118
222,122,344,NaN
36,307,343,5.1519983321697864e-8
172,170,342,0.010535957886903992
77,265,342,0.04452242525107462
78,263,341,0.052278755622657935
165,167,332,0.015392470542586563
283,48,331,2.2244980790000584e-18
243,88,331,NaN
203,127,330,4.818080713939992e-16
159,171,330,0.8805237733830974
99,231,330,0.008020319472478521
226,104,330,NaN
196,131,327,0.17446831045191977
128,199,327,0.01788245207000743
206,120,326,5.313933380572467e-7
216,109,325,0.13831213626264413
194,131,325,0.0007290612506980087
202,121,323,NaN
205,118,323,NaN
55,267,322,0.0411010519701703
36,285,321,0.00018874459799807754
231,89,320,NaN
159,159,318,0.8280190495522692
170,147,317,0.1847483429775703
135,180,315,0.0994698682026634
86,229,315,0.00010026184050158751
200,114,314,2.1923764088651112e-5
162,151,313,0.00513122906375172
237,75,312,NaN
219,92,311,0.2426068904918033
113,195,308,0.0003379172975479652
147,158,305,0.076428514551839
193,112,305,0.8537370498976523
133,171,304,0.37438216150281955
200,103,303,1.336794644656473e-12
151,152,303,0.03715790238086842
175,127,302,0.1501800452173334
130,171,301,5.0544960363306215e-16
96,204,300,0.39776973938247095
43,256,299,2.462290603411206e-7
48,251,299,0.8831108646704922
48,250,298,9.328116913216523e-5
62,236,298,1.693426045245194e-6
175,123,298,0.00010230392233880059
95,203,298,0.7219821206885174
206,90,296,NaN
155,140,295,0.41042378787561506
77,218,295,NaN
45,249,294,1.89444883614635e-6
58,236,294,2.4163474017277134e-8
135,157,292,1.1648179892995795e-15
50,242,292,0.87442492321215
208,83,291,NaN
132,159,291,0.29802653962508213
97,192,289,0.0001568199929745508
200,88,288,0.6441056135399629
116,172,288,0.5523648636569257
49,239,288,0.2088844544951591
131,154,285,1.7389640864741848e-5
212,72,284,NaN
186,97,283,4.4736448548444407e-13
146,134,280,0.05286048168522138
165,115,280,0.8296863037817443
93,187,280,0.39130039383188864
213,66,279,1.2169409175494673e-8
123,155,278,7.580349592615105e-5
142,134,276,0.00011096469202056413
78,198,276,0.8896521374788088
38,237,275,0.09652246162613985
156,119,275,0.010331278351138602
175,100,275,NaN
87,187,274,0.17005011166707953
162,110,272,0.021132969505443747
143,129,272,0.10524769523687562
37,234,271,1.4010153542128823e-6
198,72,270,NaN
124,146,270,NaN
46,224,270,4.39030162706202e-11
152,116,268,0.05916634506716057
209,59,268,NaN
150,117,267,0.16817699902499525
45,222,267,0.9659495665715027
192,74,266,NaN
43,222,265,0.002477370786516876
56,208,264,0.33532230856516276
154,109,263,0.09276113345279113
64,199,263,2.7905393903745887e-12
40,222,262,0.11730250581458405
138,124,262,0.7891160073900603
41,220,261,0.0069040987561524445
128,132,260,0.0007189248420581499
124,135,259,0.15348760037464887
82,176,258,1.725254777809376e-7
128,130,258,0.8835168177461369
139,117,256,0.00010843332106380439
48,207,255,0.30885484835550964
135,118,253,9.607063451701095e-5
51,202,253,0.004052602105284741
44,209,253,1.3720433528704987e-10
185,67,252,0.016901043880074358
114,138,252,0.0059175962629531955
145,106,251,0.5076524678986474
111,140,251,NaN
43,208,251,0.7942332011209595
182,68,250,0.05916634506716057
78,172,250,0.021982384273187792
87,163,250,0.6066428145672197
123,126,249,0.017809239281788392
139,110,249,1.648446823504371e-5
95,154,249,0.34016496115167333
134,114,248,0.2306999230841358
185,62,247,NaN
146,101,247,9.226977070734065e-16
69,177,246,0.00041842777679639736
182,64,246,NaN
84,161,245,0.007524405405343552
20,225,245,6.298113675871878e-11
21,224,245,0.0006345551758432137
178,66,244,0.05916634506716057
113,131,244,1.6283860876675022e-9
80,163,243,0.028755452747815356
173,70,243,0.8826851141263592
176,66,242,0.15348760037464887
100,141,241,0.0007032488190189076
80,160,240,6.69427478706609e-7
171,67,238,0.1273450103681269
21,217,238,0.9564476757578108
86,152,238,3.8657903821099844e-5
34,204,238,0.12634469093900128
166,71,237,0.3348547969251327
32,205,237,0.9985225482072259
115,120,235,0.00028285540045209237
77,157,234,5.6898005845432494e-9
124,108,232,0.02931008298477576
53,179,232,0.004910776750013742
122,109,231,1.501511805862764e-6
216,14,230,7.235316857931129e-18
150,80,230,NaN
173,57,230,0.7509979234994011
31,199,230,2.1534133043889202e-6
163,66,229,NaN
174,55,229,5.667018323287775e-12
150,75,225,3.4500630326907e-7
155,69,224,3.209362890005793e-8
95,129,224,0.25591280012351386
202,22,224,0.0016268551242562164
34,189,223,7.786801470078297e-6
136,87,223,0.8377688499378797
145,78,223,0.34799841511962243
18,205,223,6.608572439506938e-10
76,145,221,0.4475781946986954
28,193,221,0.11320075825419007
109,111,220,0.6116108179024095
100,118,218,0.03719540714919751
97,121,218,0.28937051218697774
118,99,217,0.9962234578773226
156,60,216,0.47559250345728715
44,171,215,0.10252135503540342
49,165,214,0.6549875268098011
85,129,214,NaN
86,127,213,0.41473724472715606
169,44,213,9.047507731852146e-13
133,80,213,0.9109127705689531
92,121,213,0.164125701777946
120,92,212,0.08974289285323084
91,120,211,0.05102437524607755
84,127,211,5.6971108322410734e-5
142,68,210,NaN
89,121,210,0.29520756710331325
154,55,209,1.1321666954043836e-14
182,27,209,0.34321302509995066
122,87,209,3.5687964395763333e-5
17,192,209,0.01143214622991464
110,98,208,0.751197631278197
149,59,208,0.03669632422931612
116,92,208,0.8533972176572991
82,125,207,0.17968577129043867
100,107,207,4.818080713939992e-16
159,48,207,1.6892090925227787e-12
162,44,206,0.11596396608464649
88,118,206,0.39815870127038633
108,98,206,0.9989980546552272
81,125,206,0.6279384413177266
64,142,206,1.152654588873802e-12
187,18,205,0.15119516410445816
92,113,205,0.05811045589421585
110,94,204,0.0015723713791512884
87,117,204,0.004646743476860501
116,88,204,0.0008007185906994457
23,181,204,0.13221071469067883
54,149,203,0.039640293140038384
87,115,202,1.0070663838269796e-12
35,167,202,0.0011407343464581846
140,61,201,1.8729473092622675e-6
137,64,201,1.2484677315213616e-5
80,121,201,0.2088844544951591
74,127,201,NaN
95,106,201,NaN
151,49,200,0.6329495157066432
99,100,199,4.126501883815495e-8
125,74,199,3.1096804433535007e-7
66,133,199,0.017809239281788392
59,138,197,0.899352282604557
101,96,197,0.2088844544951591
102,94,196,0.03788343321610772
57,139,196,0.004155555818570849
66,130,196,3.3476066331141785e-6
42,154,196,3.426582102978588e-14
34,162,196,8.579039083266628e-10
30,166,196,3.339015079197646e-7
89,106,195,0.0038491004559300327
76,119,195,0.004712440902467837
70,124,194,0.017652975182271186
110,84,194,0.7755787217256536
93,100,193,0.09326167997678832
102,91,193,1.2025788342348962e-8
111,82,193,0.36950081702315063
107,85,192,4.5414983484329284e-5
133,59,192,0.9644299192650754
64,128,192,0.025968884546793084
117,75,192,0.0011547174856728194
69,123,192,0.024115923346225622
39,153,192,0.08139481150030385
66,125,191,0.0010483651452935275
37,154,191,0.02519169981924898
128,62,190,0.11302026105487464
89,101,190,NaN
88,102,190,1.5887493898227783e-13
152,37,189,8.667196175481838e-17
89,100,189,0.26407466116827416
149,40,189,3.7308567160225876e-13
66,123,189,0.5464096398127916
122,66,188,NaN
103,85,188,0.8428644459258107
105,83,188,0.0004186729736781827
57,131,188,2.1246781433308645e-5
109,79,188,3.219229088321147e-7
58,129,187,0.8302287522477523
40,147,187,0.922423104079044
28,159,187,0.003428420523228493
22,165,187,0.0075382516023197385
135,51,186,6.425111306786521e-17
90,96,186,0.5511071721663716
71,115,186,0.23443636948631028
134,51,185,0.17525751587102922
121,64,185,0.872444129039969
165,20,185,1.8805578011997832e-12
85,100,185,8.834019006060534e-12
87,97,184,0.049272675883731534
84,100,184,0.012964775493524951
85,98,183,0.12762163803186358
73,109,182,4.826482695533844e-5
152,30,182,0.8909590781505728
145,37,182,1.2914818511926093e-14
20,162,182,4.196344827959019e-9
109,72,181,0.13891343900694655
34,147,181,0.02400773334919888
71,110,181,0.9067597060883621
134,47,181,0.004967440620753761
88,92,180,0.6934906734768275
107,73,180,0.6826185730663652
82,98,180,1.4443525474675038e-12
119,61,180,0.2795481783803956
72,108,180,3.757965104937445e-6
112,67,179,2.5208089728076386e-9
129,50,179,0.00010660895130845854
16,163,179,1.4383599147442788e-7
127,51,178,NaN
151,27,178,0.8827029182911803
102,76,178,0.01344436725055195
54,123,177,0.05916634506716057
66,111,177,2.306272266164113e-9
71,106,177,0.7618549457799452
77,100,177,0.2986584511622306
61,115,176,8.814629128489099e-5
78,98,176,0.08690916706822671
70,106,176,0.6246867595980218
125,50,175,0.0011746029617338795
111,63,174,0.008542218778885172
102,72,174,0.07132488326814186
122,52,174,0.9475679371961635
66,108,174,0.000879899216180822
64,110,174,0.04381843531057225
68,106,174,1.9598036795545011e-7
66,108,174,0.00010260067905024022
63,111,174,0.3193104281105608
84,90,174,0.18512174296069345
15,159,174,2.6984600782052442e-8
40,133,173,0.004721095466340178
47,126,173,2.300255989182304e-7
96,76,172,0.017809239281788392
33,139,172,0.009733974875637768
42,130,172,0.002362185441926391
84,87,171,0.00022638916728823276
138,33,171,6.777678826870958e-15
80,90,170,1.5822478482637527e-11
66,104,170,0.013643408925182964
84,86,170,6.331500007837197e-13
84,86,170,NaN
20,150,170,1.358766986011149e-7
90,79,169,0.3193104281105608
32,137,169,0.006587870960541693
35,134,169,NaN
108,60,168,0.0040145729707337235
70,98,168,0.8089861269655138
100,68,168,6.37389539241924e-5
21,147,168,0.010693638655550508
51,116,167,2.3796805073061387e-12
127,39,166,0.0789721751018041
76,90,166,1.3526404393714826e-13
37,128,165,0.0002712821882619915
69,96,165,0.029829907251662038
66,99,165,3.071750264549688e-5
39,126,165,0.04263845043616167
17,148,165,0.0267496643697682
68,96,164,0.0011503402038782942
122,42,164,0.9659495665715027
106,58,164,0.29464595851733266
117,46,163,0.05916634506716057
79,84,163,0.7188460181803934
118,45,163,0.3707283639301017
50,113,163,0.053464462187329954
87,75,162,0.0038603599117973692
80,82,162,9.975064759954571e-7
71,91,162,0.04521700303801734
71,90,161,0.047774725331548334
45,116,161,0.6182281913582011
25,136,161,9.499009578210973e-16
74,87,161,0.36321769989730956
81,80,161,0.2088844544951591
24,137,161,0.02891162146845798
25,136,161,0.28663693110130434
101,59,160,0.00860264728312664
109,51,160,0.16371553329712646
79,81,160,0.3812290712447588
77,83,160,NaN
79,80,159,0.5983910585585586
26,133,159,0.09959687130735716
98,60,158,0.9202947794084068
78,80,158,0.23313062041894958
112,45,157,0.010711295363679535
74,83,157,0.5983910585585586
114,43,157,0.00011002650327946149
53,104,157,0.0001517941869791574
56,101,157,0.012741653266331953
85,72,157,0.02889770202675956
42,114,156,0.1914692023208227
82,73,155,0.0047652037373734895
132,23,155,0.8540779311275918
113,42,155,1.9632832071465525e-6
110,45,155,0.5983910585585586
75,80,155,NaN
78,77,155,2.637893092974214e-9
42,113,155,3.6936521591304214e-10
82,72,154,0.9996284175028579
99,55,154,0.6711172142161339
99,55,154,2.0680385442031307e-19
83,71,154,NaN
62,91,153,0.5798072691455695
114,39,153,0.00012175039398059243
73,80,153,0.2375163974144539
17,136,153,2.9615571767929537e-8
100,51,151,0.04263845043616167
109,42,151,1.4299152226493703e-7
85,66,151,0.0022481024187143536
121,29,150,NaN
103,47,150,0.7188460181803934
79,71,150,0.0037629404827828777
75,75,150,0.11947231924770366
94,56,150,NaN
76,74,150,1.4976470750819746e-19
112,37,149,0.15130489367694008
104,45,149,0.00789902270808456
47,102,149,0.12806056828393825
43,106,149,0.215482903870046
44,104,148,0.35110760210848035
81,67,148,0.07616835997014719
14,134,148,2.560598831016751e-5
59,89,148,5.67052984510838e-17
61,86,147,0.04755091632927547
101,46,147,NaN
109,38,147,0.06382257424423139
36,111,147,0.7190347398634793
56,91,147,0.13221071469067883
98,48,146,0.06839835919005817
41,105,146,0.2966109159941203
110,36,146,0.008979682360075703
67,79,146,4.088086830712681e-6
47,98,145,0.72278772535037
79,66,145,7.422861373315646e-6
81,63,144,0.7226578503646806
38,106,144,5.697106910488304e-7
25,119,144,1.3158224490746995e-14
67,77,144,0.5028184867791117
88,55,143,0.2647482313462369
96,47,143,0.001282165797458535
84,59,143,NaN
52,91,143,1.2481199267661267e-14
82,61,143,0.007436978370272145
47,96,143,0.9459327480645936
25,118,143,0.013862122853938692
57,86,143,0.0010857143352451287
107,35,142,5.599518770777752e-13
68,74,142,0.5076524678986474
73,69,142,0.0007878080255727324
53,89,142,4.37581197554331e-12
43,99,142,0.0006848140807714328
79,62,141,1.6180132205941555e-17
88,53,141,1.4065311561656198e-7
19,122,141,0.292872354514464
44,97,141,0.18025702470738764
87,54,141,0.11518815992355043
47,94,141,9.637244292392102e-5
31,110,141,1.001425423776751e-5
56,84,140,0.9036344352857387
60,80,140,0.08562647313259962
90,50,140,0.0011564175677480843
83,57,140,0.9954273361972739
34,105,139,0.5523648636569257
100,39,139,1.1801434943986678e-9
20,119,139,2.608559569430847e-6
77,62,139,0.005781446306356332
74,65,139,0.10018035317806351
27,112,139,NaN
72,66,138,4.08783186049268e-33
17,121,138,0.0482770340951216
63,75,138,0.36374176270060876
51,87,138,0.0003062273548316425
82,56,138,0.00220877136596021
82,56,138,0.0008031207005340405
32,106,138,0.17623714140297814
25,113,138,0.0004702095519417275
23,115,138,0.8723440292898591
71,66,137,8.10231607288714e-9
78,59,137,0.0003117426202446924
74,63,137,0.8302287522477523
65,72,137,0.13373310541962294
14,123,137,5.24304271706922e-7
60,77,137,0.2088844544951591
98,38,136,NaN
82,54,136,0.36374176270060876
85,51,136,0.6467511389745534
66,70,136,8.171970313304924e-17
66,70,136,0.07878471656911908
43,93,136,0.2424026771802994
80,56,136,0.08192689315391594
16,120,136,1.179338264221691e-6
124,11,135,9.957935811543975e-16
53,82,135,0.16726654180211
106,29,135,6.425111306786521e-17
30,105,135,0.06276361425465614
42,93,135,0.01530342682718655
18,117,135,0.43690900676019734
12,123,135,2.795972131710965e-6
46,88,134,0.1791109280893668
57,77,134,0.021301485674235433
51,83,134,0.08359039845075691
17,117,134,0.007478557878420589
56,77,133,8.06108619455547e-10
122,11,133,0.033794212328028754
57,76,133,0.9048589751942695
50,83,133,0.02416317727976305
100,33,133,NaN
94,38,132,0.07050116585235629
89,43,132,NaN
77,55,132,0.013966591513796032
16,116,132,0.41042378787561506
67,65,132,0.2426068904918033
41,90,131,2.207705712201731e-26
76,55,131,0.149004196454422
72,59,131,NaN
42,89,131,0.7808948524004466
18,113,131,0.13221071469067883
108,22,130,0.006433224294628806
69,61,130,0.0005413492280922634
38,91,129,0.6967268110902411
56,73,129,0.2208525264003868
94,35,129,0.5668738675059685
86,43,129,4.4933837586559854e-35
28,101,129,0.18008769688421414
25,104,129,9.659960539589056e-7
18,111,129,1.6472689238834112e-7
58,70,128,0.3886855322389094
115,13,128,1.1303068124382624e-5
90,38,128,0.029269190734238656
65,63,128,0.5970834027703462
80,48,128,0.26366841270292274
73,54,127,6.409524906584169e-10
79,48,127,NaN
92,35,127,0.0004702095519417275
64,63,127,0.0025202816962673047
32,95,127,0.0001326997144677033
43,83,126,3.2326392817902604e-8
72,54,126,5.4496316935022925e-5
91,35,126,0.04263845043616167
66,60,126,0.00789902270808456
26,100,126,0.23520649650854974
35,91,126,0.08678071948963988
90,35,125,NaN
101,24,125,3.360830975464034e-5
77,48,125,NaN
32,93,125,0.25925508131210767
83,42,125,0.0059175962629531955
60,65,125,0.03573862828111791
107,18,125,0.009607124439764357
55,70,125,NaN
14,111,125,0.41042378787561506
37,88,125,9.558759307292915e-9
33,91,124,0.9574121554627333
24,100,124,0.08139481150030385
60,64,124,0.2088844544951591
20,104,124,0.6339046081392897
75,49,124,0.5523648636569257
88,36,124,NaN
42,82,124,0.007485788801246609
90,33,123,0.19033711881971382
46,77,123,0.7822433197015767
25,98,123,0.6879328882037083
79,43,122,1.352208103543597e-16
76,46,122,NaN
73,48,121,NaN
75,46,121,0.7935049952260002
66,55,121,0.36374176270060876
34,87,121,0.0023123473912791377
101,20,121,0.031391057588326464
27,94,121,3.0212463176195767e-5
28,93,121,0.006007478310373328
72,49,121,0.08491717936844961
59,62,121,0.006814343764955544
82,38,120,0.9897439496286484
73,47,120,0.09197754397825156
49,71,120,4.2748638382638904e-5
37,83,120,2.3561813990770478e-6
88,31,119,0.00020584805731199547
100,19,119,1.2058768248644161e-20
107,12,119,1.0626794187162992e-12
54,65,119,0.02049447466443112
6,113,119,0.2595594684228491
75,43,118,NaN
74,44,118,NaN
72,46,118,0.002165319279593363
73,45,118,6.208446228454305e-9
91,27,118,0.6975619873844571
66,52,118,0.018408975968515692
66,52,118,0.11900191566861987
45,73,118,0.029824284599219358
29,89,118,0.15090523984488358
17,101,118,7.793810584379235e-6
26,92,118,0.013926537567339014
54,63,117,0.5076524678986474
84,33,117,0.8652212988963938
80,37,117,NaN
66,51,117,0.7691549996022239
60,57,117,NaN
13,104,117,0.0005360788173801316
74,43,117,0.7933412387573295
17,99,116,9.075773288982308e-10
88,28,116,0.0011178023460608148
48,68,116,2.5770111765466975e-6
85,31,116,0.11593356160669373
53,63,116,0.044015513192781484
14,102,116,0.5977046975334833
58,57,115,0.8940446398216496
48,67,115,0.0012198188599980824
75,40,115,0.011094905684373692
95,20,115,1.8455602485932724e-6
29,86,115,4.575006436176589e-8
44,70,114,1.618865776394986e-15
63,51,114,0.003897448785975349
63,51,114,5.842466643132236e-10
53,61,114,0.0015030241031551343
19,95,114,0.07494908197964965
10,104,114,0.5523648636569257
31,82,113,0.2088844544951591
45,68,113,0.022065711416375124
18,94,112,0.14070246366701117
48,64,112,0.00022048900044505822
30,82,112,0.2795481783803956
36,76,112,0.0006144194039969983
16,96,112,0.16348005527186235
24,88,112,0.001307913840019599
9,103,112,0.4509523635122677
44,68,112,0.6826185730663652
36,75,111,0.15348760037464887
55,56,111,0.7847670184604472
21,90,111,0.005266839929358679
45,66,111,0.06693928144499353
25,86,111,0.9658335715104076
67,44,111,0.03573862828111791
25,86,111,0.0499807806215629
32,79,111,1.1232851814111603e-7
44,66,110,8.291427015172686e-9
47,63,110,0.16546127035856778
58,52,110,0.4586140219451372
60,50,110,0.5506285025204997
67,43,110,0.36785883185808993
41,68,109,0.016330141355882243
55,54,109,0.27489793924112743
46,63,109,4.304372335521546e-5
84,25,109,1.1317065941568977e-8
41,68,109,0.06167976587685398
38,71,109,0.3866728218008809
66,43,109,2.8127627486882983e-13
78,31,109,0.0007041242357295914
42,67,109,0.5224472651353776
61,48,109,0.7808948524004466
44,64,108,0.9475679371961635
13,95,108,0.11432840452433327
29,79,108,1.6498340080116755e-10
32,76,108,0.0003747984010650522
23,85,108,0.10493401056841518
24,84,108,1.0671526480924659e-11
49,58,107,0.8062781873736411
80,27,107,0.2088844544951591
55,52,107,0.0055650635761173035
38,69,107,0.05208440084668481
55,52,107,0.0003395710737497174
66,41,107,0.5223167285410882
70,37,107,0.08444273751827625
38,69,107,0.010993236458569469
20,87,107,0.011671921847110276
44,63,107,0.1791109280893668
12,95,107,1.8635018612657482e-8
57,49,106,0.3279600661423081
21,85,106,0.002247893370208085
23,83,106,0.0008605546975152327
18,88,106,0.00017459387527846092
49,57,106,2.3561813990770478e-6
64,42,106,0.6827896497726622
46,59,105,0.17702321207765304
51,54,105,0.861176787013009
55,50,105,0.016898293391766277
53,52,105,NaN
20,85,105,1.1263058560235185e-8
37,68,105,0.0004348838779362883
56,49,105,0.09865693943884475
61,44,105,0.04263845043616167
61,44,105,0.022887748922518377
27,78,105,0.386766880427406
69,36,105,0.002872756646527376
21,84,105,0.2984351651341405
23,82,105,0.009200494388447333
19,86,105,0.028665180599799726
56,48,104,NaN
55,49,104,0.5076524678986474
55,49,104,0.2745422842736544
23,81,104,0.007617222839720272
14,90,104,3.1096804433535007e-7
17,87,104,0.7227828997670428
41,63,104,0.00031918800363950415
19,85,104,0.0001340834301352175
50,53,103,NaN
68,35,103,NaN
53,50,103,6.281863050172336e-5
78,25,103,7.397944700390643e-8
57,46,103,0.9962126662351418
51,52,103,0.12613472758982242
40,63,103,3.5687964395763333e-5
58,45,103,0.00018438977025363962
24,79,103,0.7580564122683859
50,53,103,0.0027619268722924553
25,78,103,0.18572254633404583
76,27,103,0.7188460181803934
27,76,103,0.005293174947940611
20,83,103,1.443966545060694e-8
51,51,102,8.396094111073707e-7
39,63,102,0.06983631399276687
50,52,102,0.15293463632549356
69,33,102,0.028774277897395728
78,24,102,NaN
24,78,102,0.3193104281105608
60,41,101,0.00038459140622942346
74,27,101,0.009936857022159814
62,39,101,NaN
52,49,101,0.2860349802547788
63,38,101,0.0654014531225782
84,17,101,0.3193104281105608
42,59,101,0.0016578987036771832
65,36,101,0.7188460181803934
16,85,101,0.006467121445946017
67,34,101,0.01436873353939193
42,59,101,0.03404367672364355
34,67,101,0.5523648636569257
14,87,101,0.00014482573648792155
59,41,100,0.0002128687435787702
71,29,100,0.9348668733524929
71,29,100,0.017809239281788392
49,51,100,0.9897292732740418
28,72,100,0.00010162966641732651
13,87,100,0.0051530588455147965
20,80,100,9.976083721937686e-7
59,41,100,0.24915673112053463
57,43,100,0.004631250264292129
23,77,100,6.749349017383917e-5
37,63,100,0.22282910093231093
62,37,99,0.09652246162613985
79,20,99,0.005232810121433973
65,34,99,0.46151554085691054
58,41,99,0.045783372839967536
56,43,99,NaN
16,83,99,0.05485833447674522
9,90,99,0.41042378787561506
56,42,98,0.598722887179318
72,26,98,NaN
71,27,98,0.01768484140201742
70,28,98,7.669722804288844e-10
41,57,98,0.9962234578773226
76,22,98,0.26749387219795884
91,7,98,0.0086269211358452
51,47,98,0.08026395710128369
34,64,98,0.15149759512875283
56,42,98,3.078530476466237e-8
44,54,98,0.0028191935065476252
58,40,98,0.00499030301625392
43,55,98,NaN
51,47,98,0.6060613439693934
22,76,98,0.06018221201330115
52,45,97,0.9381278823987459
40,57,97,0.08699386357691172
48,49,97,NaN
68,29,97,0.19451998679072946
45,52,97,0.8574488161271467
53,44,97,0.6637703677818443
41,56,97,0.0002610622212687197
39,58,97,0.9925883253395366
33,64,97,0.04589137685777978
19,78,97,6.823843761506403e-6
12,85,97,0.029824284599219358
35,61,96,0.02002463446833275
72,24,96,0.259026836012759
54,42,96,0.0025918607119039356
79,17,96,0.004075676948358116
25,71,96,0.018179418811675976
39,57,96,0.9891966715497118
64,32,96,NaN
49,47,96,0.8723440292898591
69,27,96,0.0003608385442427757
26,70,96,0.5076524678986474
42,54,96,0.3685800453356814
84,12,96,0.8398801010733254
70,26,96,0.0001471013345342097
17,79,96,0.016767735301554742
39,57,96,0.24511821103187942
13,83,96,0.0022941081688372038
31,65,96,0.000571583074894173
72,23,95,0.002939670204859936
18,77,95,0.014569058571121802
57,38,95,3.5604802638879506e-7
45,50,95,0.00332154894833284
56,39,95,0.0001471013345342097
47,48,95,3.4745941926337695e-5
53,42,95,0.922423104079044
50,45,95,0.008791934016333738
36,59,95,0.7972122427906124
63,32,95,0.08882686174774931
30,64,94,2.3113430149936656e-5
51,43,94,0.19150396023994065
71,23,94,0.27855310399739475
15,79,94,0.00438711871631422
63,31,94,0.008326470883277337
19,75,94,0.08034553241964708
17,77,94,0.6013711780435321
39,55,94,0.9970836159364241
16,77,93,0.0016076296161978492
34,59,93,1.4859684234560425e-13
21,72,93,0.14315869729052166
43,50,93,0.0013649659767118836
30,63,93,0.2855650678811564
30,63,93,3.4055351775235596e-7
12,81,93,0.1791109280893668
71,21,92,5.697106910488304e-7
43,49,92,0.08139481150030385
19,73,92,0.003778993018481879
31,61,92,1.1166107392416474e-9
39,53,92,0.23076321822688078
35,57,92,1.1007976409714053e-11
47,45,92,0.26407466116827416
28,64,92,0.0586359857465287
63,29,92,0.8546438979974236
10,82,92,0.03685341361431381
50,42,92,0.8441220607832559
63,28,91,0.0031175877266240637
33,58,91,NaN
59,32,91,NaN
36,55,91,0.28259790843553245
83,8,91,0.004358425732935166
36,55,91,0.5752056388881268
37,54,91,0.4768924128746666
14,77,91,0.009451481136245006
5,85,90,0.0008882663017234555
42,48,90,0.0005051652910171494
35,55,90,0.8512681297559901
54,36,90,0.0005360788173801316
56,34,90,NaN
49,41,90,0.12564586742492975
9,81,90,0.00013458276534029015
38,52,90,0.043766073668168336
63,27,90,NaN
40,50,90,8.163968282001573e-5
11,78,89,1.6102305077267586e-7
66,23,89,0.025396716993254218
39,50,89,NaN
20,69,89,0.022808051918283858
50,38,88,2.4666610220985674e-9
50,38,88,0.9890676521056991
27,61,88,NaN
35,53,88,0.04201702171544239
45,43,88,0.08824485368467663
38,50,88,0.7562533488087407
35,53,88,0.2426068904918033
29,59,88,0.5752056388881268
55,33,88,0.024624445212847325
61,27,88,NaN
55,33,88,0.6519721657889954
28,60,88,0.09704025081802285
32,56,88,0.2426068904918033
18,70,88,0.029824284599219358
60,27,87,0.8909590781505728
63,24,87,0.46579568495359663
31,56,87,0.002583778909365038
56,31,87,0.008850618317444683
82,5,87,1.2868331962616933e-9
52,35,87,4.18078284565863e-11
47,40,87,0.23949547232885648
38,49,87,3.9297931519408014e-14
49,38,87,0.7692832732064424
7,80,87,0.0009767366951269859
21,66,87,6.571434796187019e-5
13,74,87,NaN
27,59,86,0.1710029847289196
16,70,86,0.00026140413204410294
42,44,86,0.018844387497186796
32,54,86,1.4446191339664e-5
17,69,86,0.642689094081309
51,35,86,0.8882977155741723
71,15,86,1.0357332113078618e-5
37,49,86,0.008979682360075703
43,43,86,0.0016119617455060715
56,30,86,0.07770158567038213
33,53,86,0.005390196258894329
60,26,86,0.6065598568737796
46,40,86,2.462290603411206e-7
63,22,85,0.0139180599549379
53,32,85,0.41388751522835326
44,41,85,1.0589463814781556e-8
25,60,85,0.02161441925910429
33,52,85,0.08083772122579659
37,48,85,5.324252189024889e-6
59,26,85,0.0008939950248835688
32,53,85,0.5514938715647667
52,33,85,NaN
48,37,85,0.9233902603685155
7,78,85,0.05584908410720025
20,65,85,0.7333908886180968
7,78,85,3.5797879132050926e-5
61,23,84,2.721796059224003e-5
25,59,84,0.9357857374272102
41,43,84,0.5511170091310196
57,27,84,0.09686470441855767
59,25,84,0.0004680328249890277
72,12,84,0.9996109325913
44,40,84,NaN
52,32,84,0.14941788796894545
41,43,84,0.8302287522477523
53,31,84,0.4442352160293143
49,35,84,0.48152378233972265
24,60,84,0.029829907251662038
13,71,84,0.06801108021764375
11,73,84,0.04557705797849369
12,72,84,0.007531961270317007
14,70,84,0.7808948524004466
37,46,83,0.7847670184604472
43,40,83,0.0004494874569016393
36,47,83,4.204345870885636e-13
70,13,83,1.730761133201835e-10
37,46,83,0.0658191209464494
58,25,83,0.05916634506716057
60,23,83,0.5501819310853863
25,58,83,0.0017455036177174725
42,41,83,0.6234006384961958
29,54,83,0.0020938884964646705
27,56,83,0.01050871192496647
3,80,83,5.34778170313904e-10
33,49,82,0.08819845197742293
55,27,82,0.5523648636569257
38,44,82,0.02758012086734315
11,71,82,0.43236761565170173
48,34,82,0.9357857374272102
46,36,82,1.4920804197315723e-10
13,69,82,1.610530904744323e-10
77,5,82,0.0039817870613436165
47,35,82,0.9613542422906352
31,51,82,0.32573418542256116
43,39,82,0.8455765990839144
15,67,82,NaN
60,22,82,NaN
23,59,82,0.038443662647200345
17,65,82,0.7808948524004466
39,43,82,0.9302623199080365
20,62,82,0.05916634506716057
30,51,81,0.028992243981550387
52,29,81,NaN
12,69,81,4.7295993657984446e-5
27,54,81,0.05691913371027435
11,70,81,5.601855879858166e-5
75,6,81,0.6826185730663652
46,35,81,NaN
11,70,81,0.0001465419049442928
40,41,81,0.3886855322389094
38,43,81,0.07210067844159333
40,41,81,0.014766927780383044
52,29,81,0.86482303902549
37,44,81,0.0016617055118106202
52,29,81,0.8652048702078649
47,34,81,0.5358162135916029
21,60,81,0.044387788515324204
22,59,81,0.19677433186419235
11,70,81,3.797182574246191e-5
9,72,81,0.9574121554627333
14,66,80,0.14703777543352814
31,49,80,0.43536449527485993
39,41,80,6.05417685933372e-5
18,62,80,0.00011488057005075608
31,49,80,0.6755319296768243
21,59,80,NaN
10,70,80,1.9632832071465525e-6
50,30,80,0.0008139984939902759
27,53,80,0.9946806672073457
31,49,80,0.00042707634903056284
31,49,80,NaN
36,44,80,0.23327570949723564
38,42,80,8.468240699025934e-5
5,75,80,1.5121394145161615e-8
11,69,80,0.04218962157735493
18,62,80,0.005744650012041757
10,70,80,3.4500630326907e-7
11,69,80,0.0003286176819109182
37,42,79,0.6284939527206546
26,53,79,0.9996109325913
29,50,79,0.5076524678986474
31,48,79,0.17840083277591118
34,45,79,0.6428295751651378
28,51,79,0.0007424453494064572
26,53,79,0.0008686832139729259
61,18,79,6.741328944999463e-16
41,38,79,0.01112593361454559
25,54,79,0.45606094824298443
10,69,79,0.0027886669962031915
9,70,79,0.003141063951617786
50,28,78,0.2795481783803956
77,1,78,3.4336600768756876e-10
40,38,78,0.19430139790548
48,30,78,NaN
42,36,78,NaN
34,44,78,0.004068281619020494
30,48,78,NaN
46,32,78,0.13387886532207594
34,44,78,0.00032889638240576744
15,63,78,1.7428652310137292e-7
42,36,78,0.08746026135616533
32,46,78,0.0037497426281306464
27,51,78,0.9286312325354106
11,67,78,0.6499028388618314
51,26,77,NaN
37,40,77,0.13221071469067883
54,23,77,0.017751290441273482
38,39,77,0.17704955802297737
43,34,77,0.025396716993254218
39,38,77,NaN
43,34,77,0.46870908353722485
16,61,77,0.9326275024421431
40,37,77,0.10618439228668425
35,42,77,0.18492703651411166
22,55,77,0.33571376212141385
9,68,77,0.01898500985853201
23,54,77,NaN
43,34,77,0.4572843652183905
8,69,77,0.002840398161261179
8,69,77,0.15293463632549356
43,33,76,0.15348760037464887
54,22,76,0.09270806884934307
47,29,76,0.08740582533960907
47,29,76,0.11093021254670174
54,22,76,0.7581961991500867
32,44,76,0.5076524678986474
54,22,76,0.011065056004365751
28,48,76,0.3373197328491072
57,19,76,0.04263845043616167
31,45,76,0.008441051189715325
57,19,76,0.03202234339560333
64,12,76,5.65100381987322e-10
23,53,76,0.0004350823348236581
50,25,75,0.5046234106624918
15,60,75,0.8535399985089294
14,61,75,1.7245336064696825e-5
8,67,75,0.05494585459261393
49,26,75,0.004755125215359324
43,32,75,0.36321769989730956
34,41,75,0.6826185730663652
35,40,75,9.889798884194852e-6
17,58,75,0.4960730807659854
15,60,75,0.01050871192496647
10,65,75,0.0048683830009638804
25,50,75,0.0004490511920508531
34,40,74,0.5523648636569257
36,38,74,0.650338284611119
39,35,74,0.01004010626581203
4,70,74,0.0015184906731910074
31,43,74,0.10000378041332379
51,23,74,0.0008682549420238908
43,31,74,0.35015894753703874
47,27,74,0.25085211147346004
33,41,74,0.0016740957845762909
40,34,74,0.00019773334477564777
55,19,74,0.3193104281105608
28,46,74,0.0799836287352439
19,55,74,0.1791109280893668
14,60,74,0.03674279941068971
44,30,74,0.41015252657492696
54,20,74,NaN
46,28,74,0.0008285796688778793
31,43,74,0.023678756815490226
30,44,74,9.910194154418244e-5
14,60,74,0.0007639529887250343
20,54,74,0.8723440292898591
25,49,74,0.08606961334169373
8,66,74,0.015089968713335646
3,71,74,0.07940370678705574
45,28,73,9.89838154437989e-12
9,64,73,0.6535621136250768
35,38,73,0.5983910585585586
19,54,73,0.00536741239971999
19,54,73,0.000775754966377113
9,64,73,0.06984398440883517
16,57,73,0.03317150757118871
47,26,73,0.017809239281788392
19,54,73,0.013101950314699297
38,35,73,0.4498708918044117
15,58,73,0.03573862828111791
26,47,73,0.022891263570270506
23,50,73,0.24394437262267563
42,31,73,0.2800499160304054
9,64,73,0.6826185730663652
10,63,73,0.5076524678986474
35,38,73,NaN
6,67,73,1.0117593017910675e-9
16,57,73,0.07368433029343935
12,61,73,0.00010867170313772805
42,30,72,0.06801540218269747
38,34,72,0.010424915595012905
47,25,72,NaN
27,45,72,8.129234127881795e-11
48,24,72,0.0003796285920977905
48,24,72,NaN
54,18,72,0.9964813409720574
29,43,72,1.1973508498568167e-5
17,55,72,0.023730501846398595
32,40,72,0.6700947367614796
10,62,72,0.0010351380526860909
29,43,72,NaN
59,13,72,0.15293463632549356
9,63,72,0.1791109280893668
19,53,72,0.0025202816962673047
28,44,72,0.04260049414549675
31,40,71,0.026494470554155707
36,35,71,2.2041670331519393e-15
28,43,71,0.07046009711461478
30,41,71,0.0006514387857980056
42,29,71,0.0189363059810936
32,39,71,5.550550683696944e-6
19,52,71,0.07803995336817995
60,11,71,0.1939361323677252
25,46,71,0.0016688793230291332
26,45,71,0.04963668264499306
34,37,71,0.37747070641835073
34,37,71,0.0037509518765649484
12,59,71,0.5514938715647667
21,50,71,0.8722143773343779
34,37,71,2.4096165512110066e-12
38,33,71,0.00506584366866759
7,64,71,0.9606960079769826
28,42,70,0.2896879928637785
47,23,70,3.4809484013988005e-11
30,40,70,0.34718506532441673
25,45,70,0.013228200300893169
37,33,70,0.11302026105487464
28,42,70,0.7808948524004466
38,32,70,0.05379321505029997
33,37,70,NaN
47,23,70,0.45146895259230646
10,60,70,0.1791109280893668
35,35,70,0.5775525665651291
55,15,70,0.01461013478550445
32,38,70,0.00010189452256069896
17,53,70,0.2795481783803956
8,62,70,0.0014242030416836869
16,54,70,1.867567178426617e-5
8,62,70,0.2990706362216158
45,24,69,3.924303787513756e-6
27,42,69,0.03397318433063323
30,39,69,0.004218646614955524
4,65,69,0.029824284599219358
34,35,69,NaN
32,37,69,6.506352780438347e-12
44,25,69,0.1791109280893668
28,41,69,0.1547452621787236
32,37,69,0.6637703677818443
58,11,69,0.12439258434106411
41,28,69,0.0011641568618812911
26,43,69,0.029725952014462865
15,54,69,0.09228868154776584
28,41,69,NaN
6,63,69,0.00047813426391388354
35,33,68,0.8535399985089294
39,29,68,0.015545009758183657
40,28,68,NaN
34,34,68,0.7987455076528964
27,41,68,0.0013124043511559885
39,29,68,0.2795481783803956
45,23,68,0.9859421773727781
9,59,68,0.7188460181803934
42,26,68,0.009624147413190696
31,37,68,NaN
23,45,68,0.15795189904414236
35,33,68,0.7808948524004466
21,47,68,0.9659495665715027
19,49,68,0.4092742311849479
43,25,68,0.11302026105487464
36,32,68,7.756268560639862e-8
7,61,68,NaN
12,56,68,1.0589463814781556e-8
4,64,68,0.01050871192496647
10,58,68,0.030070225435727266
34,33,67,0.11302026105487464
39,28,67,NaN
10,57,67,0.2088844544951591
39,28,67,0.2986584511622306
43,24,67,0.2052898018513944
29,38,67,1.0330433145625077e-12
15,52,67,0.7869339673846486
30,37,67,NaN
28,39,67,0.0016617055118106202
46,21,67,1.9788823005152593e-10
44,23,67,0.42585370830579294
44,23,67,NaN
51,16,67,0.2388424102224086
37,30,67,0.929378114321825
35,32,67,0.1791109280893668
19,48,67,0.4586140219451372
40,27,67,0.010687768150837352
5,62,67,0.0025747767069999265
17,50,67,0.032252748303687344
36,31,67,0.0007622615950893314
6,61,67,0.0013480485505614726
12,55,67,9.648113425843664e-19
19,48,67,0.06471422391571605
26,40,66,0.0005087467426837249
46,20,66,0.02236028343350369
19,47,66,0.017312752467823284
47,19,66,0.4586140219451372
31,35,66,0.00344843258356676
35,31,66,0.3030605625516777
32,34,66,0.7223332133495342
37,29,66,0.003474753776669013
34,32,66,0.033034476270110684
10,56,66,0.00012470876579830063
15,51,66,0.02143073799725636
48,18,66,0.029824284599219358
25,41,66,0.05729394941596945
37,29,66,NaN
43,23,66,0.8535399985089294
24,42,66,0.5245723120529759
32,34,66,0.0013145398341175183
35,31,66,NaN
23,43,66,0.3193104281105608
11,55,66,NaN
35,30,65,NaN
41,24,65,NaN
42,23,65,0.0032084792790071878
26,39,65,0.003255276068123027
30,35,65,3.2057172131230896e-9
29,36,65,0.5258353627459903
43,22,65,0.15971631799834574
31,34,65,0.6183802565526563
14,51,65,0.0074911464704927955
27,38,65,1.3025246144485715e-7
23,41,64,NaN
40,24,64,0.7188460181803934
30,34,64,0.2553897490054919
32,32,64,0.05622655655931376
41,23,64,0.006065941563591167
19,45,64,2.9599812976814495e-7
41,23,64,0.4586140219451372
42,22,64,3.947988734162035e-23
42,22,64,0.5129821305485671
47,17,64,3.3350531076520978e-12
39,25,64,3.760486360255689e-5
18,46,64,0.12439258434106411
37,27,64,0.07112272515207844
47,17,64,0.9741337647667054
58,6,64,0.22119927229409853
26,38,64,8.129234127881795e-11
18,46,64,0.3717286101052687
9,55,64,0.001291400292815227
11,53,64,0.022514153359476784
4,60,64,0.00828951897127352
31,32,63,0.09955823516685015
50,13,63,0.04940670005620415
14,49,63,0.3738114031230969
27,36,63,0.13018152368921115
48,15,63,NaN
29,34,63,0.07719321132695399
33,30,63,0.0007186147594630655
23,40,63,NaN
42,21,63,0.12326730577600845
27,36,63,NaN
41,22,63,0.025396716993254218
10,53,63,0.13221071469067883
4,59,63,0.6349047127407786
5,58,63,NaN
41,22,63,0.012741653266331953
34,29,63,3.4087551208371536e-5
11,52,63,0.054864485621405744
7,56,63,NaN
11,52,63,0.010347140732630447
5,58,63,5.729677373934797e-12
6,57,63,0.013418980544275495
48,14,62,0.029187941962544806
42,20,62,3.4771157104848386e-15
27,35,62,0.6294090224292507
47,15,62,0.002702869922288079
25,37,62,NaN
12,50,62,0.001991731033257029
37,25,62,0.0009444088532054435
31,31,62,0.5983910585585586
43,19,62,NaN
52,10,62,0.1791109280893668
39,23,62,NaN
21,41,62,0.001973060223842116
16,46,62,0.09293186367186484
41,21,62,NaN
51,11,62,8.77235982809774e-5
33,29,62,4.682290776471722e-5
25,37,62,0.0008462486785837796
17,45,62,0.8302287522477523
25,37,62,2.89407197641704e-8
3,59,62,0.07054333851784042
44,17,61,0.005974491357789613
25,36,61,0.1791109280893668
33,28,61,0.9234894430064705
27,34,61,0.013679651313690732
37,24,61,5.741403655033666e-22
51,10,61,4.9935210661909976e-5
24,37,61,NaN
31,30,61,0.7509979234994011
17,44,61,0.04612499621121774
47,14,61,NaN
10,51,61,0.00023913260294006257
26,35,61,NaN
43,18,61,NaN
31,30,61,0.8990179180661225
25,36,61,0.3151209046878878
38,23,61,0.12160241965044769
23,38,61,0.001845648252254383
11,50,61,0.6803638922571923
42,19,61,0.03118307652222753
8,53,61,0.7188460181803934
24,37,61,0.010377883515266046
45,16,61,0.018242714383427377
9,52,61,0.015018387739662475
10,51,61,0.00032931109438128024
7,54,61,0.5127779956941191
26,34,60,0.002518699205623837
23,37,60,4.023561819078755e-7
29,31,60,NaN
28,32,60,0.7808948524004466
24,36,60,8.482834545059792e-5
9,51,60,0.28066302825905176
48,12,60,0.00012834835382485323
29,31,60,0.15293463632549356
31,29,60,0.02143073799725636
6,54,60,0.00014619416301742553
34,26,60,3.559068860178945e-5
36,24,60,0.5148340409046928
9,51,60,0.005634571703672751
17,43,60,NaN
35,25,60,0.567158561072437
24,36,60,0.11490017029487971
20,40,60,0.04015133175286582
25,35,60,0.031953345195911184
37,23,60,NaN
9,51,60,0.11302026105487464
23,37,60,0.029824284599219358
48,11,59,0.0469742421235768
31,28,59,0.07907577110073014
38,21,59,0.1922507483902752
33,26,59,0.0032578594907303493
36,23,59,0.007114009197751627
44,15,59,NaN
43,16,59,0.0956131205245939
22,37,59,NaN
10,49,59,0.00039580876536381404
26,33,59,0.11618691449633779
34,25,59,0.005482339742233497
8,51,59,0.11302026105487464
39,20,59,0.23062911968443744
13,46,59,NaN
10,49,59,0.005634571703672751
50,8,58,0.9885229513617624
44,14,58,0.2677474599767462
18,40,58,0.001249111386282776
30,28,58,0.019679744533264744
37,21,58,0.10488128786482544
26,32,58,NaN
46,12,58,0.6826185730663652
39,19,58,NaN
13,45,58,1.655896130680294e-7
7,51,58,0.029824284599219358
37,21,58,0.012601095188225511
10,48,58,5.8987290108000424e-5
26,32,58,0.8388571024751198
34,24,58,0.1192948627471619
21,37,58,0.007093519927450768
37,21,58,0.0037893638233257453
39,19,58,0.07301914416539379
58,0,58,NaN
27,31,58,0.2727884006047483
21,37,58,4.078975680392919e-6
21,37,58,0.4125463839409007
17,41,58,2.5220284054433786e-14
9,49,58,0.04263845043616167
12,46,58,0.4586140219451372
20,38,58,0.3768752570077327
10,48,58,0.14634770488883628
18,39,57,0.001492996698707247
36,21,57,0.0001580224115586398
11,46,57,0.01846599211423401
42,15,57,NaN
43,14,57,0.12081658479152431
22,35,57,NaN
38,19,57,0.025303663308902817
28,29,57,NaN
26,31,57,NaN
25,32,57,NaN
41,16,57,0.07248096766763863
33,24,57,5.8664033396580815e-5
27,30,57,0.2930206077647949
25,32,57,0.501199272891793
31,26,57,NaN
13,44,57,3.461208174274194e-7
11,46,57,6.963571988569885e-6
19,38,57,0.01033514938531415
28,29,57,0.295597471071564
14,43,57,0.15293463632549356
25,32,57,0.5094665029806549
26,31,57,0.019679744533264744
25,32,57,0.015683721029967568
4,53,57,1.648446823504371e-5
29,28,57,0.14173400335563793
7,50,57,8.924173071659137e-5
2,55,57,0.00012682873696747468
6,51,57,0.0022481024187143536
15,41,56,3.1209660861581676e-6
56,0,56,0.012932047490608712
19,37,56,0.4188536408233279
21,35,56,0.1853363769392842
22,34,56,0.025396716993254218
26,30,56,0.11100587270073715
15,41,56,0.0005996212993600943
38,18,56,0.2070133225140964
32,24,56,0.4509523635122677
24,32,56,NaN
42,14,56,0.007114009197751627
25,31,56,9.511054023725198e-8
14,42,56,0.0012009589923289642
46,10,56,6.638261316810984e-11
39,17,56,0.1873409087202447
32,24,56,0.41042378787561506
25,31,56,0.12340308778940272
19,37,56,0.0016732293345519133
35,21,56,0.3543847582985316
10,46,56,0.9741337647667054
28,28,56,0.8435711745719653
5,51,56,0.8535399985089294
4,52,56,3.688851719291998e-5
18,38,56,3.342588655701927e-5
2,54,56,NaN
10,46,56,0.7509979234994011
3,53,56,0.9659495665715027
43,12,55,NaN
30,25,55,1.501511805862764e-6
31,24,55,0.3325653583059823
45,10,55,0.0004177219393048252
43,12,55,0.8062781873736411
27,28,55,0.0023123473912791377
25,30,55,NaN
27,28,55,0.0072673566330288585
25,30,55,0.08668558218797301
25,30,55,4.382184933516986e-19
31,24,55,0.008932144557211535
27,28,55,0.015089968713335646
18,37,55,9.177428015019905e-5
10,45,55,0.5905786148867141
30,25,55,0.01700187252703769
19,36,55,0.002149755004263009
36,19,55,0.13634574322330037
18,37,55,0.2070133225140964
3,52,55,0.04026210075913638
22,33,55,0.1353697911437236
40,15,55,0.03573862828111791
35,20,55,0.45928058323952264
17,38,55,0.08139481150030385
25,30,55,0.8062781873736411
20,35,55,0.005823343468184366
8,47,55,0.9383829762252275
12,43,55,0.11302026105487464
18,37,55,0.03435914052903762
9,46,55,0.005588573111232432
28,27,55,0.0051630887119182645
5,50,55,9.352054863400495e-5
5,50,55,NaN
7,48,55,0.059569823287697825
45,9,54,1.3608612742146734e-7
21,33,54,0.876000259749966
28,26,54,0.5523648636569257
32,22,54,0.006447857887101373
18,36,54,0.0529780285808907
34,20,54,0.18464713191429816
15,39,54,0.006225200882349599
24,30,54,NaN
35,19,54,0.05802660555006739
18,36,54,0.1791109280893668
20,34,54,0.02026453355916382
37,17,54,0.015929148216902913
42,12,54,NaN
37,17,54,0.642689094081309
22,32,54,NaN
20,34,54,0.40441724013853836
23,31,54,NaN
35,19,54,NaN
16,38,54,NaN
13,41,54,NaN
14,40,54,0.01163581045444455
17,37,54,NaN
17,37,54,3.3734364727002795e-9
13,41,54,4.391566530433762e-9
7,47,54,0.017809239281788392
16,38,54,0.00019329167365023895
16,38,54,0.6651445388456798
22,32,54,0.0002841024691592165
20,34,54,NaN
17,36,53,0.010118366013729176
39,14,53,0.00828951897127352
30,23,53,0.2196944718888504
29,24,53,0.021572810693186586
32,21,53,NaN
24,29,53,0.8552518946838663
11,42,53,0.5026470452986262
20,33,53,0.44825522674753576
29,24,53,3.4338875733065045e-8
35,18,53,0.2935437088997797
24,29,53,NaN
17,36,53,0.05717683323591027
3,50,53,0.06647904892472589
27,26,53,0.009502841096006406
24,29,53,0.18068478316176736
8,45,53,0.5394882506144599
23,30,53,0.9067597060883621
19,34,53,NaN
15,38,53,NaN
19,34,53,0.5076524678986474
5,48,53,5.714791038608298e-7
20,33,53,0.6277539581968292
30,23,53,0.05776979668935995
29,24,53,0.8999727400155006
10,43,53,6.407749487500155e-5
17,36,53,0.045734305939105144
32,21,53,0.2426068904918033
34,19,53,0.5349334134374683
22,31,53,0.0422343908683246
6,47,53,2.6321526135321466e-7
8,45,53,0.09652246162613985
19,33,52,0.0002486432502195584
19,33,52,0.7341887400444542
26,26,52,0.3510841961080117
36,16,52,0.061149526683872
48,4,52,0.7991144185201825
12,40,52,0.8580538269218619
33,19,52,0.031124889097046207
34,18,52,0.11302026105487464
32,20,52,NaN
26,26,52,0.03181195964303136
40,12,52,NaN
31,21,52,0.0006918786680017077
18,34,52,NaN
17,35,52,0.08374208859898336
30,22,52,0.3193104281105608
15,37,52,0.1791109280893668
8,44,52,0.642689094081309
4,48,52,0.8187079271864545
7,45,52,0.6954809800855193
17,35,52,0.09652246162613985
25,27,52,0.41042378787561506
14,38,52,0.3062012950881318
15,37,52,0.00017013499963472296
21,31,52,0.7283085946206178
7,45,52,0.012741653266331953
17,34,51,NaN
25,26,51,0.5054109537657646
23,28,51,0.0006120235337548623
11,40,51,0.0006254375572546538
27,24,51,0.9574121554627333
20,31,51,0.7414629065681517
26,25,51,4.874983960472885e-8
27,24,51,0.5076524678986474
23,28,51,0.0503944665317212
9,42,51,3.139578803865307e-5
32,19,51,0.0013434798398821363
20,31,51,NaN
37,14,51,0.3771746347450958
34,17,51,9.321014343461548e-6
30,21,51,0.00012038598065702062
24,27,51,0.11302026105487464
27,24,51,0.13221071469067883
38,13,51,7.625820448961758e-5
9,42,51,0.08139481150030385
22,29,51,NaN
8,43,51,0.3821428698583356
23,28,51,0.5975415592365582
25,26,51,0.389727136913861
32,19,51,NaN
23,28,51,0.07153037863242526
32,19,51,0.15278689897357067
29,22,51,0.8302287522477523
26,25,51,0.043766073668168336
37,14,51,2.1564790238257947e-5
35,16,51,0.695950452035038
14,37,51,NaN
20,31,51,0.00016844237571423897
11,40,51,1.389871337500466e-6
28,23,51,NaN
32,19,51,NaN
12,39,51,0.9711009219885854
37,14,51,0.5523648636569257
21,30,51,0.009214615445481113
4,47,51,1.934162182208306e-5
37,13,50,0.08139481150030385
30,20,50,0.2510429118280211
32,18,50,0.45482455427464646
28,22,50,0.44154565092654574
32,18,50,0.23020338743463015
40,10,50,1.0609184754053552e-27
20,30,50,0.0004043336299354901
11,39,50,0.008885624186195889
21,29,50,0.5983910585585586
35,15,50,NaN
39,11,50,0.8652657887863615
41,9,50,NaN
18,32,50,0.4586140219451372
11,39,50,0.376183652235253
33,17,50,NaN
19,31,50,NaN
23,27,50,0.24385752264245997
20,30,50,0.5384892079827006
25,25,50,0.00536741239971999
42,8,50,0.00032222458726873155
37,13,50,0.490836868079805
12,38,50,0.0004901683431574535
27,23,50,0.43443801408536636
8,42,50,0.08501160143230518
16,34,50,0.8535399985089294
11,39,50,0.06984398440883517
11,39,50,0.5644877094442109
20,30,50,4.1628772753719034e-5
25,25,50,0.05573479018920654
20,30,50,0.032346489380444855
21,29,50,0.0689269948193067
13,37,50,0.03573862828111791
21,29,50,0.1125137288854611
11,39,50,0.25047356788235486
9,41,50,0.09652246162613985
27,22,49,0.0020004411948048462
20,29,49,1.6931719461954998e-11
35,14,49,0.0011212684332342114
13,36,49,0.20493651758430087
21,28,49,0.1914692023208227
28,21,49,0.020625696887855063
24,25,49,NaN
27,22,49,0.3600202686490202
22,27,49,4.043675200017098e-6
26,23,49,NaN
33,16,49,0.2088844544951591
6,43,49,0.8062781873736411
24,25,49,0.0035237193585663995
20,29,49,0.8986774862655574
31,18,49,0.0006183310812483451
44,5,49,0.022193698565384654
33,16,49,0.20092939463317286
15,34,49,0.0003890767861589862
27,22,49,0.04196847438386402
22,27,49,0.002404671954333039
30,19,49,0.41042378787561506
9,40,49,0.05916634506716057
28,21,49,0.37438216150281955
22,27,49,0.29536578456422036
27,22,49,0.06941966922747173
10,39,49,0.5088607554423249
21,28,49,0.06352536705889097
31,18,49,0.07402936055044901
25,24,49,NaN
20,29,49,0.016418268025899574
18,31,49,0.2871757007843838
20,29,49,NaN
24,25,49,0.0007632117903880677
3,46,49,0.880430286456223
20,29,49,0.007616331988731861
6,43,49,0.05074924062952438
10,39,49,3.741188316808895e-5
8,41,49,0.0011095038741632444
4,45,49,0.0005916525660487751
22,26,48,1.9969842323850723e-5
40,8,48,0.2723073212505744
16,32,48,0.36374176270060876
35,13,48,0.642689094081309
36,12,48,0.08139481150030385
25,23,48,0.3777701838340179
16,32,48,0.19404648708193112
22,26,48,0.00523453835779427
27,21,48,3.5687964395763333e-5
18,30,48,0.11490953216129625
30,18,48,NaN
8,40,48,0.0897960713184889
12,36,48,8.129234127881795e-11
28,20,48,NaN
32,16,48,0.17878965305023942
19,29,48,0.037425087115662295
28,20,48,0.5523648636569257
19,29,48,0.013642209393824921
19,29,48,0.575609252706629
36,12,48,NaN
16,32,48,0.13221071469067883
24,24,48,0.14652351722452706
33,15,48,0.7188460181803934
22,26,48,0.5983910585585586
21,27,48,0.6596468841608929
19,29,48,0.13221071469067883
31,17,48,0.6747310753307035
17,31,48,0.8553916717037049
16,32,48,1.5462107668726608e-6
20,28,48,NaN
25,23,48,0.6914977058482109
14,34,48,0.6431096697242566
27,20,47,0.7079894915350945
24,23,47,4.000228377675524e-6
37,10,47,0.12885934078269537
18,29,47,0.1735630442847757
30,17,47,0.6972801090105253
15,32,47,0.5195958354665596
28,19,47,0.012741653266331953
29,18,47,0.4603937428181953
23,24,47,0.10385648476161723
14,33,47,0.5085116998523612
7,40,47,0.27865560308233756
12,35,47,0.1117990538688664
34,13,47,NaN
29,18,47,NaN
27,20,47,0.9357857374272102
20,27,47,0.0007936255852330059
6,41,47,0.6175815875171303
26,21,47,4.165634096293122e-10
27,20,47,0.16984246388154842
20,27,47,0.5688323052409472
26,21,47,NaN
20,27,47,0.002702869922288079
18,29,47,NaN
7,40,47,3.5687964395763333e-5
23,24,47,0.3467873771645431
37,10,47,NaN
33,14,47,NaN
20,27,47,0.03998300971256309
19,28,47,0.3811171875853741
33,14,47,0.029824284599219358
25,22,47,0.5634484466196374
28,19,47,0.8909590781505728
24,23,47,0.11302026105487464
36,11,47,0.008199474725361304
13,34,47,0.14940008304926986
6,41,47,0.4903986630468636
14,33,47,0.5523648636569257
16,31,47,NaN
22,25,47,0.8568074217351174
20,27,47,0.5597721497496992
35,12,47,1.9497341491723586e-7
14,33,47,0.41042378787561506
25,22,47,0.44391923736777367
21,26,47,0.007991915413389528
17,30,47,0.00014933554728098998
5,42,47,0.00041861401752275916
7,40,47,NaN
14,33,47,NaN
1,46,47,0.18652643949233227
5,42,47,NaN
5,42,47,0.0006140711219385469
9,38,47,6.407749487500155e-5
10,37,47,0.29903854602294727
1,46,47,0.025396716993254218
22,24,46,0.12299013770867209
35,11,46,0.3665512800528562
16,30,46,3.9551128954211865e-9
26,20,46,0.2242560192381328
16,30,46,0.20281288201234676
13,33,46,0.20322060181669482
24,22,46,NaN
32,14,46,NaN
15,31,46,NaN
38,8,46,0.7181035168589049
37,9,46,0.29971761708530115
9,37,46,NaN
16,30,46,7.286983277902428e-8
13,33,46,0.0006046864321876775
35,11,46,NaN
23,23,46,0.001086934235672388
35,11,46,0.08898628456929208
18,28,46,0.5523648636569257
28,18,46,0.9659495665715027
27,19,46,0.5872397040650119
24,22,46,0.49473626603497756
28,18,46,5.562519275553062e-5
20,26,46,0.08139481150030385
21,25,46,0.05916634506716057
19,27,46,0.0424631829557896
12,34,46,0.09084910619133643
21,25,46,0.48741599917200357
32,14,46,0.15348760037464887
22,24,46,0.04495496186140826
10,36,46,0.03122705779374387
18,28,46,NaN
19,27,46,NaN
28,18,46,0.1059563321643647
7,39,46,0.00044355647324465614
21,25,46,0.9203570951962589
23,23,46,NaN
15,31,46,0.8381155985913138
11,35,46,0.2795481783803956
16,30,46,0.0005849758461325748
42,4,46,3.614879206946947e-5
14,32,46,0.13246258082539156
10,36,46,0.4801498966428024
13,33,46,0.7697403801565411
6,40,46,NaN
11,35,46,0.6181741150469073
20,26,46,0.013208335821193226
21,25,46,0.022551442272600794
14,32,46,0.5076524678986474
5,41,46,0.000821783781800181
13,33,46,0.4861804391927554
1,45,46,0.0008023579667174982
26,19,45,0.016965077357712667
27,18,45,0.054636064164484174
25,20,45,NaN
20,25,45,0.438526685048645
22,23,45,0.061149526683872
16,29,45,0.1125137288854611
15,30,45,0.24264763680520743
26,19,45,0.03285663300646358
28,17,45,0.000350887491190612
16,29,45,0.3037395027512463
11,34,45,0.04484646325286434
18,27,45,0.5193492726107857
17,28,45,NaN
23,22,45,0.10641175155622191
30,15,45,0.30920335538913063
27,18,45,8.242442112185223e-10
19,26,45,NaN
30,15,45,0.4611047806236351
17,28,45,0.02686264057760351
26,19,45,NaN
21,24,45,0.11730250581458405
10,35,45,0.8020205592223977
34,11,45,0.8482888386365799
15,30,45,0.2795481783803956
12,33,45,0.0014648479909483865
14,31,45,0.09231894935903767
21,24,45,0.2250250391586762
9,36,45,NaN
30,15,45,NaN
15,30,45,0.00010632237895971755
22,23,45,0.00962578920723459
22,23,45,0.7106310196754363
20,25,45,0.8302287522477523
13,32,45,0.5276203767220415
6,39,45,NaN
19,26,45,0.9859421773727781
8,37,45,0.7331079663381646
15,30,45,0.04263845043616167
8,37,45,0.2426068904918033
8,37,45,0.06984398440883517
24,21,45,0.7268266357954307
7,38,45,0.5983910585585586
9,36,45,0.5523648636569257
12,33,45,0.4586140219451372
3,42,45,0.11302026105487464
6,39,45,5.209292022094396e-5
6,39,45,0.4586140219451372
15,29,44,NaN
23,21,44,NaN
20,24,44,0.934687892575454
24,20,44,5.792810550712992e-12
30,14,44,2.305184009767875e-5
36,8,44,NaN
21,23,44,0.10416358623413556
23,21,44,0.3557282890017735
19,25,44,0.029824284599219358
17,27,44,0.0002697160015978044
25,19,44,1.2436313146062923e-5
27,17,44,0.28937051218697774
16,28,44,0.41042378787561506
30,14,44,0.86482303902549
24,20,44,0.22241587468041613
13,31,44,1.9969842323850723e-5
30,14,44,0.9885283686619968
7,37,44,0.8212938801505606
17,27,44,0.6414734266021631
35,9,44,0.0006772842409414761
28,16,44,0.5523648636569257
21,23,44,9.42775352713752e-9
27,17,44,1.903804165571157e-5
29,15,44,0.5636761145241715
23,21,44,NaN
28,16,44,0.2579902629090897
17,27,44,0.025283188549209856
14,30,44,0.07718216824792579
25,19,44,0.024453546347640538
16,28,44,0.007767174640717379
25,19,44,0.02384655733250499
15,29,44,0.6826185730663652
25,19,44,NaN
11,33,44,0.6513921636290021
8,36,44,0.2921641925022698
31,13,44,0.017809239281788392
21,23,44,NaN
24,20,44,0.036962676197690565
5,39,44,0.003131498592344465
20,24,44,0.9865378255265453
30,14,44,0.09270666244176426
21,23,44,0.2795481783803956
7,37,44,NaN
16,28,44,0.9067597060883621
7,37,44,NaN
10,34,44,0.0503944665317212
8,36,44,0.8069917322481532
16,28,44,0.9559387050273785
8,36,44,0.0009511833239992809
5,39,44,0.017375392057968776
3,41,44,0.027508030988302654
19,24,43,0.8699286741239536
30,13,43,0.6979559214466489
24,19,43,0.007114009197751627
34,9,43,0.3238101356243932
27,16,43,NaN
23,20,43,0.3886679797781146
11,32,43,0.023715253851399134
24,19,43,NaN
31,12,43,0.7707589479931505
38,5,43,0.13221071469067883
39,4,43,0.012509239005074892
23,20,43,1.2431871325961166e-5
26,17,43,NaN
31,12,43,0.9020583515826628
23,20,43,NaN
27,16,43,0.10789597046471035
28,15,43,0.7703349738089077
27,16,43,0.5983910585585586
22,21,43,0.14468049305375286
15,28,43,0.909006065928034
22,21,43,0.7031301343445996
18,25,43,0.36681459976636277
23,20,43,0.0026623989243089946
13,30,43,NaN
19,24,43,0.03965254469721532
19,24,43,0.239286151811269
9,34,43,2.775557765225581e-11
22,21,43,0.8909590781505728
13,30,43,0.8654245362367344
30,13,43,0.4586140219451372
14,29,43,0.25409150507986034
19,24,43,NaN
31,12,43,0.11682003248524354
17,26,43,0.6023674328865083
5,38,43,0.0008789289734329449
22,21,43,7.634440334816009e-6
22,21,43,0.06984398440883517
26,17,43,0.35055741112662414
17,26,43,0.4645697588587549
12,31,43,0.8279949241513933
5,38,43,0.012271755833245574
26,17,43,0.0009760507617752042
23,19,42,0.25138089562646115
31,11,42,0.12411242582549202
25,17,42,0.0028191935065476252
12,30,42,0.8581183863937226
30,12,42,0.007047428046208854
20,22,42,0.7188460181803934
12,30,42,0.2795481783803956
28,14,42,0.00022874537443438463
21,21,42,0.06387376081748161
10,32,42,0.0004100601928691903
27,15,42,NaN
32,10,42,0.6759242438257057
17,25,42,0.284212673715814
17,25,42,3.892020725895451e-6
31,11,42,0.16431777361525304
25,17,42,0.0014322544450190535
27,15,42,0.032762473260488346
17,25,42,0.0415757262247361
36,6,42,0.5360036651834584
13,29,42,2.6908662312838055e-6
7,35,42,0.7822433197015767
15,27,42,0.00720065335014407
21,21,42,NaN
11,31,42,0.15417448420586607
19,23,42,NaN
21,21,42,NaN
12,30,42,0.4638495323597269
20,22,42,2.813587596376521e-5
11,31,42,0.022775416009992163
10,32,42,0.3995823334342517
21,21,42,0.4693056227499096
27,15,42,0.9928725325910136
19,23,42,NaN
27,15,42,0.00419675867043209
12,30,42,0.528955749069039
11,31,42,0.02143073799725636
14,28,42,0.003930060864272878
23,19,42,0.8060848162010166
6,36,42,0.5983910585585586
21,21,42,0.5505805437872651
5,37,42,0.9357857374272102
18,24,42,0.8180957499483887
8,34,42,0.4586140219451372
15,27,42,0.05794336467935737
3,39,42,0.05604600695006179
5,37,42,0.023707073852597686
6,36,42,NaN
6,36,42,0.1560442355399414
16,25,41,0.41042378787561506
24,17,41,NaN
16,25,41,0.004915913703833517
10,31,41,7.101394348951471e-7
30,11,41,0.026662019068723047
18,23,41,0.10301207828537251
29,12,41,NaN
20,21,41,0.682275944583376
28,13,41,0.981236864265928
26,15,41,0.36195297437028884
8,33,41,0.11641807077431333
13,28,41,0.18439349617873838
18,23,41,0.00205695512706812
19,22,41,NaN
25,16,41,NaN
15,26,41,0.10493401056841518
38,3,41,NaN
7,34,41,NaN
20,21,41,NaN
21,20,41,0.000796939803514285
16,25,41,0.0026303250406673182
24,17,41,0.9925883253395366
17,24,41,0.005634571703672751
13,28,41,0.9659495665715027
21,20,41,0.07165981154204576
15,26,41,NaN
15,26,41,0.6097969241472517
22,19,41,0.08139481150030385
16,25,41,NaN
14,27,41,NaN
11,30,41,0.0031735589044211646
8,33,41,NaN
36,5,41,0.0008605546975152327
21,20,41,0.07428172812421326
13,28,41,3.617424062442266e-7
9,32,41,0.001226041465036203
18,23,41,0.051546715564446614
5,36,41,0.4586140219451372
13,28,41,0.00028657482361911437
11,30,41,NaN
10,31,41,0.5677057733422163
5,36,41,0.04838012153047755
35,6,41,0.3114710522348002
14,27,41,0.12709569651020663
16,25,41,NaN
6,35,41,0.15348760037464887
6,35,41,0.2795481783803956
6,35,41,0.5912779054386441
7,34,41,0.05916634506716057
3,38,41,NaN
2,39,41,NaN
11,29,40,0.21351718891108817
31,9,40,0.016243828500149226
20,20,40,0.9989980546552272
20,20,40,0.3977229420570414
25,15,40,0.08139481150030385
21,19,40,0.11550332220497576
12,28,40,0.1914692023208227
27,13,40,0.8723440292898591
10,30,40,4.779383820540337e-5
29,11,40,0.7822433197015767
20,20,40,0.8597649029107637
4,36,40,0.41805111781783394
10,30,40,0.0005505006782099489
15,25,40,0.529887213504649
36,4,40,0.005026180486687827
9,31,40,0.1791109280893668
21,19,40,0.06717873248141767
20,20,40,0.4868707467688505
21,19,40,0.4095514626195408
34,6,40,9.782346045416642e-5
6,34,40,NaN
24,16,40,0.00014933554728098998
30,10,40,0.004957988908676085
20,20,40,0.08938001634677822
14,26,40,6.692787624703154e-14
16,24,40,0.5203441615642866
27,13,40,0.0001455019824201488
13,27,40,0.41042378787561506
18,22,40,NaN
8,32,40,0.016174144692228408
6,34,40,0.03724654191394289
37,3,40,0.6444435296907838
20,20,40,0.06984398440883517
21,19,40,0.8212938801505606
15,25,40,0.9351635798780251
21,19,40,NaN
18,22,40,0.983970022572617
17,23,40,0.5076524678986474
23,17,40,0.5674107172508536
16,24,40,NaN
10,30,40,NaN
19,21,40,0.852381323057206
12,28,40,0.0006140711219385469
15,25,40,0.9491368941018264
15,25,40,0.8212938801505606
22,18,40,0.7808948524004466
33,7,40,0.7433253644885025
7,33,40,NaN
24,16,40,0.2426068904918033
15,25,40,3.150297067029835e-5
18,22,40,0.0035793712000826666
3,37,40,0.7745973636295994
17,23,40,0.21893335638828562
18,22,40,0.7412936738197994
18,22,40,0.8818210936523072
12,28,40,0.7808948524004466
9,31,40,0.08839391988664344
4,36,40,0.5142410951607378
7,33,40,0.9730602904381236
3,37,40,0.11454446259117453
19,20,39,0.2579902629090897
30,9,39,0.06755037365905077
14,25,39,NaN
15,24,39,0.8302287522477523
26,13,39,9.97120169501558e-7
21,18,39,0.357754840926472
9,30,39,0.9240194152702554
18,21,39,0.21418917962492473
29,10,39,0.017268037489107713
23,16,39,NaN
22,17,39,0.954843237312792
21,18,39,0.28172471106334446
23,16,39,0.12323543347373583
16,23,39,0.0006120685644142805
27,12,39,0.0005915130591704847
11,28,39,0.4434111526064316
6,33,39,0.6516195708933747
21,18,39,0.085078133706641
23,16,39,NaN
26,13,39,0.5523648636569257
29,10,39,0.39279832023459194
21,18,39,NaN
19,20,39,0.047508682457532155
28,11,39,0.0036028001597473913
12,27,39,NaN
22,17,39,NaN
14,25,39,0.10028584696571809
26,13,39,0.7187213717929445
15,24,39,0.4232468654287105
25,14,39,0.00021086675606731686
31,8,39,4.204345870885636e-13
32,7,39,0.9574121554627333
19,20,39,0.11302026105487464
24,15,39,1.4655811395427224e-5
8,31,39,NaN
18,21,39,0.5523648636569257
14,25,39,0.0010229237003795597
5,34,39,0.7509979234994011
6,33,39,0.2088844544951591
23,16,39,0.0955408529079943
27,12,39,0.08139481150030385
7,32,39,2.0672546750952607e-8
19,20,39,0.2426068904918033
17,22,39,0.3089236277582757
24,15,39,NaN
3,36,39,0.13221071469067883
19,20,39,0.5281199542374861
5,34,39,0.005409272279869556
9,30,39,0.031196529350868592
4,35,39,0.2088844544951591
4,35,39,0.0018046925535668615
2,37,39,0.642689094081309
5,34,39,0.1791109280893668
4,35,39,0.00032603880769115084
12,27,39,0.29464595851733266
3,36,39,0.0033043384185033916
15,23,38,0.0036239193723182645
7,31,38,0.0503944665317212
23,15,38,0.0001289177312855521
25,13,38,0.06319399674223707
25,13,38,0.5220785697042926
18,20,38,4.732381856606097e-10
36,2,38,6.7579322427435e-5
22,16,38,NaN
9,29,38,0.00014873615023602773
18,20,38,0.35489378289831003
7,31,38,0.0034179362135666105
21,17,38,0.6613616422406583
17,21,38,0.39729098765966725
27,11,38,0.8054921104620612
18,20,38,0.015089968713335646
10,28,38,0.22566217291689336
31,7,38,NaN
21,17,38,NaN
18,20,38,0.06524382259102147
30,8,38,NaN
29,9,38,0.2795481783803956
9,29,38,NaN
18,20,38,0.08539976381403655
16,22,38,0.8302287522477523
19,19,38,0.5523648636569257
30,8,38,0.9551413956000916
9,29,38,0.19698841166449566
21,17,38,0.8549221336151432
27,11,38,0.0027966310836332747
18,20,38,0.05916634506716057
22,16,38,0.1791109280893668
15,23,38,0.5076524678986474
20,18,38,0.0503944665317212
14,24,38,NaN
8,30,38,0.0575440837764297
24,14,38,0.03715790238086842
30,8,38,0.5674107172508536
13,25,38,0.16386037137016882
19,19,38,NaN
13,25,38,0.2088844544951591
20,18,38,0.2795481783803956
14,24,38,0.16153213322676968
10,28,38,0.43220872526476617
11,27,38,0.26223923899448026
5,33,38,0.03674279941068971
9,29,38,0.3738114031230969
9,29,38,0.008908986075469904
11,27,38,0.04317860913941315
5,33,38,NaN
10,28,38,0.3193104281105608
4,34,38,0.41042378787561506
6,32,38,0.4424005131029683
3,35,38,0.36374176270060876
23,14,37,0.36374176270060876
23,14,37,0.2898127341224855
17,20,37,0.5253657558249659
21,16,37,0.029824284599219358
16,21,37,0.11302026105487464
26,11,37,0.0004589742734023374
28,9,37,0.085078133706641
3,34,37,NaN
23,14,37,0.018412267479983153
21,16,37,NaN
11,26,37,0.2795481783803956
15,22,37,0.004631250264292129
16,21,37,0.0006631347204783787
29,8,37,0.278772067569072
26,11,37,0.00011079124444560862
12,25,37,0.9782165303953562
24,13,37,NaN
36,1,37,0.008971700638648097
23,14,37,0.9505826839297975
18,19,37,0.5674107172508536
14,23,37,0.2795481783803956
18,19,37,0.03690061693175856
16,21,37,0.9214211865650056
12,25,37,NaN
15,22,37,0.6826185730663652
7,30,37,0.644591506906058
12,25,37,0.9995612141041931
18,19,37,0.5509306332518595
23,14,37,0.005734373538253296
20,17,37,0.5523648636569257
24,13,37,0.41042378787561506
21,16,37,0.009108996513792567
22,15,37,0.609321997319726
29,8,37,0.3193104281105608
23,14,37,0.001430696485197189
13,24,37,0.04640036587912212
21,16,37,0.642689094081309
11,26,37,NaN
15,22,37,0.7188460181803934
29,8,37,0.029824284599219358
26,11,37,0.9913022216131288
19,18,37,4.275162559337386e-6
7,30,37,NaN
17,20,37,0.003538831041394792
30,7,37,0.00030772599024415557
10,27,37,0.017985946273758893
9,28,37,0.42801807700712713
24,13,37,0.5983910585585586
24,13,37,0.28498694202688535
26,11,37,0.11618562636550361
10,27,37,0.5462568915769693
31,6,37,0.5200198087547052
2,35,37,0.9067597060883621
24,13,37,0.36575648586795817
9,28,37,0.0016926416712396888
4,33,37,0.13221071469067883
4,33,37,0.13221071469067883
11,26,37,0.00010605380378911721
21,16,37,0.025396716993254218
15,22,37,0.2795481783803956
6,31,37,0.04500352678497132
1,36,37,4.2748638382638904e-5
3,34,37,NaN
8,28,36,0.007457907223995671
17,19,36,0.007376562267606716
25,11,36,0.9999035267586278
18,18,36,0.5076524678986474
21,15,36,0.2426068904918033
20,16,36,0.13221071469067883
18,18,36,0.5170400441960112
21,15,36,0.06111961766217228
34,2,36,0.1791109280893668
20,16,36,0.08209872421616117
19,17,36,0.0004565417545138197
17,19,36,0.21985017193925768
24,12,36,NaN
10,26,36,0.4586140219451372
11,25,36,0.15348760037464887
16,20,36,0.2795481783803956
29,7,36,NaN
13,23,36,0.07841174005755182
13,23,36,0.1130587047450655
19,17,36,0.0002040863942539927
18,18,36,0.7439284591711934
32,4,36,0.0022195512341138847
11,25,36,0.09686470441855767
17,19,36,0.0008590560008103138
15,21,36,0.012436379123171724
19,17,36,0.012945842434548133
28,8,36,0.003224961967943648
14,22,36,0.25241694018235905
23,13,36,0.00268075296455978
30,6,36,0.12059791403608966
16,20,36,0.00013675029795396027
21,15,36,0.8302287522477523
9,27,36,0.3782498717433507
22,14,36,0.0011198270414168785
14,22,36,NaN
18,18,36,0.053086459880134565
26,10,36,0.06216729364682686
9,27,36,0.3161663231071558
23,13,36,NaN
20,16,36,NaN
18,18,36,0.00012913465089389161
12,24,36,NaN
10,26,36,0.008908986075469904
7,29,36,0.3959369147525691
10,26,36,0.00860264728312664
13,23,36,9.965027361715863e-7
19,17,36,0.00019773334477564777
17,19,36,0.9475679371961635
8,28,36,0.029824284599219358
3,33,36,0.06122860468244279
11,25,36,0.16348005527186235
9,27,36,2.7026284988767488e-8
7,29,36,0.09652246162613985
7,29,36,0.15348760037464887
5,31,36,0.001411932377069244
16,20,36,0.7794380416376637
16,20,36,0.0503944665317212
21,15,36,NaN
12,24,36,NaN
13,23,36,0.03674279941068971
6,30,36,0.9606280490673932
11,25,36,0.060380397266216246
9,27,36,0.09652246162613985
6,30,36,0.5983910585585586
4,32,36,0.17274197872982675
12,24,36,0.4586140219451372
5,31,36,NaN
16,20,36,0.02143073799725636
4,32,36,0.7509979234994011
4,32,36,0.05916634506716057
3,33,36,5.8644247814365296e-6
19,16,35,0.6400568453167532
13,22,35,0.36374176270060876
26,9,35,0.41042378787561506
23,12,35,NaN
15,20,35,0.03573862828111791
10,25,35,0.07500557586252883
23,12,35,0.00031963490049930664
17,18,35,0.44419223827894344
24,11,35,NaN
24,11,35,0.6826185730663652
13,22,35,5.464106622251243e-7
14,21,35,0.045783372839967536
28,7,35,1.1935442640174291e-6
31,4,35,0.0503944665317212
27,8,35,3.32755081770201e-5
19,16,35,NaN
11,24,35,0.9733036496182667
21,14,35,0.01143214622991464
8,27,35,0.05916634506716057
16,19,35,0.15348760037464887
15,20,35,0.8999727400155006
22,13,35,0.4708400745717703
23,12,35,0.059127387402280865
20,15,35,0.5983910585585586
19,16,35,0.2426068904918033
22,13,35,0.0032096414465135116
7,28,35,NaN
27,8,35,0.0006345551758432137
19,16,35,0.03519825811634365
18,17,35,0.5082327500172742
15,20,35,0.6292034187138464
22,13,35,NaN
12,23,35,NaN
7,28,35,0.05227536144780493
33,2,35,8.943818236103956e-9
7,28,35,0.46085190229297823
5,30,35,0.17231556605695467
25,10,35,0.7509979234994011
18,17,35,NaN
28,7,35,0.007919108332383558
27,8,35,0.5475816141938126
14,21,35,0.047589109695436387
19,16,35,0.004524357411398446
16,19,35,0.20172747143221306
6,29,35,0.028957474332246824
7,28,35,NaN
15,20,35,0.04263845043616167
11,24,35,0.9891225228375129
22,13,35,0.7257152058528377
15,20,35,NaN
11,24,35,NaN
17,18,35,NaN
17,18,35,NaN
20,15,35,0.11810559682761117
25,10,35,0.241688670670202
13,22,35,0.41612056755230403
2,33,35,0.0046044607472797055
18,17,35,0.0014967179236399805
19,16,35,0.573098589262953
6,29,35,0.04583962307162137
8,27,35,0.021259297889095433
3,32,35,0.08139481150030385
10,25,35,NaN
18,17,35,NaN
14,21,35,0.2795481783803956
13,22,35,0.08238635171985763
10,25,35,0.297434731070703
14,21,35,NaN
5,30,35,0.2860349802547788
3,32,35,0.002872756646527376
10,25,35,0.642689094081309
15,20,35,0.36575648586795817
14,21,35,0.8792329841577521
12,23,35,0.056068383372695
16,19,35,0.4586140219451372
8,27,35,0.0906736896271701
7,28,35,0.06156456810199026
2,33,35,0.03846221101463912
5,30,35,NaN
2,33,35,0.4033570249366809
8,27,35,0.5886761771106485
3,32,35,0.000351255130935057
25,9,34,0.17926230855132333
15,19,34,0.25531216074333557
10,24,34,0.13221071469067883
10,24,34,0.9412349912397503
13,21,34,NaN
19,15,34,0.5983910585585586
23,11,34,0.08009991747155538
21,13,34,0.15286753791742508
10,24,34,NaN
14,20,34,0.46210465065639633
17,17,34,0.6193455220800589
24,10,34,0.13555458686103433
17,17,34,0.2088844544951591
9,25,34,0.6913553764205642
6,28,34,0.7509979234994011
19,15,34,0.004178477242658546
11,23,34,0.03196899763992128
25,9,34,1.3558958919432882e-7
23,11,34,0.14459169089435114
31,3,34,0.9505926064968182
16,18,34,0.6167815571980972
14,20,34,0.8581659152846185
14,20,34,0.00860264728312664
19,15,34,2.720474650328741e-10
14,20,34,0.47484849308715527
17,17,34,5.8644247814365296e-6
12,22,34,0.014753786719424091
18,16,34,0.18739855256050647
25,9,34,0.6826185730663652
26,8,34,0.8062781873736411
14,20,34,0.003214912144702669
14,20,34,0.5523648636569257
21,13,34,0.05916634506716057
33,1,34,0.00251741502282492
11,23,34,0.7727057020509507
7,27,34,0.4261177572620088
16,18,34,0.003930060864272878
10,24,34,0.12633140285516475
13,21,34,NaN
20,14,34,NaN
18,16,34,1.5353155935591106e-12
24,10,34,0.5791249584164423
7,27,34,0.5523648636569257
6,28,34,0.006770900559713291
18,16,34,0.3193104281105608
6,28,34,0.15348760037464887
11,23,34,0.41302440770995047
21,13,34,0.3489203393724419
14,20,34,0.8708037871657768
23,11,34,0.9452883256031095
9,25,34,0.09734571816591117
11,23,34,0.014361987456001316
7,27,34,0.00010605380378911721
20,14,34,0.3489203393724419
22,12,34,0.23303352082308393
7,27,34,0.7188460181803934
19,15,34,NaN
5,29,34,4.4690487057711254e-5
8,26,34,3.970446791745308e-6
22,12,34,0.6700947367614796
12,22,34,0.01998840038876522
10,24,34,0.2778089032585886
8,26,34,0.36374176270060876
2,32,34,NaN
19,15,34,NaN
12,22,34,0.3279451818066913
5,29,34,0.7935049952260002
15,19,34,0.8160447602588955
4,30,34,3.970446791745308e-6
5,29,34,0.9410791383277298
7,27,34,NaN
15,18,33,0.40293709298485775
18,15,33,0.028217280470680884
21,12,33,0.2088844544951591
13,20,33,0.2088844544951591
16,17,33,0.713187259574031
28,5,33,7.62962505948998e-5
20,13,33,0.07256979752298855
21,12,33,0.003447829843032106
16,17,33,NaN
27,6,33,1.4383990637621685e-9
3,30,33,NaN
24,9,33,0.2839820328573161
12,21,33,0.013228200300893169
14,19,33,NaN
25,8,33,0.11748483722645023
29,4,33,0.002059004205873186
22,11,33,0.6854742414574335
6,27,33,0.017809239281788392
26,7,33,0.08139481150030385
15,18,33,NaN
9,24,33,0.4586140219451372
27,6,33,0.43341454811606944
20,13,33,0.6050682231629128
14,19,33,0.12183709505679911
17,16,33,NaN
10,23,33,0.8723440292898591
5,28,33,NaN
12,21,33,0.9067597060883621
13,20,33,NaN
10,23,33,0.642689094081309
28,5,33,0.013337373233469023
19,14,33,0.5076524678986474
16,17,33,0.15348760037464887
15,18,33,0.8667037250833076
16,17,33,NaN
12,21,33,0.15176003323721632
17,16,33,NaN
16,17,33,0.8935941492127543
15,18,33,0.37887855999372827
11,22,33,0.7808948524004466
14,19,33,0.42927985989162176
15,18,33,NaN
8,25,33,NaN
5,28,33,0.02416317727976305
14,19,33,0.1752787471216974
19,14,33,8.316887497375738e-13
23,10,33,0.016767735301554742
13,20,33,0.18875886598774338
15,18,33,0.013418980544275495
24,9,33,NaN
20,13,33,0.6704683203244884
23,10,33,0.3193104281105608
17,16,33,NaN
33,0,33,0.9445584570156499
17,16,33,0.8909590781505728
18,15,33,NaN
14,19,33,NaN
19,14,33,NaN
21,12,33,0.002956606840895614
15,18,33,0.015089968713335646
5,28,33,0.8561742584406086
11,22,33,NaN
16,17,33,NaN
3,30,33,0.8302287522477523
3,30,33,4.575006436176589e-8
8,25,33,0.06477257927039146
11,22,33,0.7590782139429826
5,28,33,0.00391225036039096
8,25,33,2.503983729309114e-7
10,23,33,0.03196899763992128
2,31,33,3.050470790564359e-7
4,29,33,0.642689094081309
4,29,33,0.6955244539196158
1,32,33,NaN
2,31,33,0.5076524678986474
0,33,33,0.1101956455315133
23,9,32,0.009903402887017673
16,16,32,NaN
15,17,32,0.5433641164677188
30,2,32,0.15348760037464887
23,9,32,NaN
22,10,32,0.21749065885780824
20,12,32,NaN
3,29,32,0.36374176270060876
16,16,32,0.6947977464895263
22,10,32,4.522354114099661e-8
13,19,32,0.03917932813196583
20,12,32,0.7808894920295087
18,14,32,0.25942765835910797
18,14,32,0.015089968713335646
24,8,32,0.02645492882733011
21,11,32,0.10382925162510805
18,14,32,0.36310922936215734
15,17,32,0.5983910585585586
25,7,32,0.36374176270060876
15,17,32,0.3077334045737819
14,18,32,NaN
23,9,32,0.36374176270060876
21,11,32,0.15785332026503004
19,13,32,0.9930803722473949
13,19,32,0.1629198490946355
13,19,32,NaN
20,12,32,0.14945049344527328
22,10,32,0.11302026105487464
16,16,32,2.27801749026469e-8
29,3,32,0.0011282534860693313
8,24,32,0.5127779956941191
12,20,32,0.5523648636569257
25,7,32,8.317356314788186e-6
12,20,32,0.5325607403249476
20,12,32,0.14641404212885284
13,19,32,0.4586140219451372
14,18,32,0.09468474582464073
25,7,32,0.008326470883277337
30,2,32,0.987723708665189
22,10,32,0.2266711339193163
20,12,32,0.41042378787561506
11,21,32,0.30737550118658663
16,16,32,0.2426068904918033
6,26,32,0.14459169089435114
25,7,32,0.9611342009293864
20,12,32,0.6001358245175935
13,19,32,0.008043551058186526
15,17,32,0.817693974537317
12,20,32,0.04358091738034627
22,10,32,0.0025202816962673047
10,22,32,0.04284525775963474
16,16,32,0.09652246162613985
11,21,32,NaN
16,16,32,0.3193104281105608
11,21,32,0.011088003850189645
10,22,32,0.1791109280893668
13,19,32,0.9859421773727781
10,22,32,0.00032979668147106825
15,17,32,0.708239538612105
8,24,32,NaN
17,15,32,0.31402369375096895
21,11,32,0.024303266584511183
20,12,32,0.9903150980423329
6,26,32,0.025396716993254218
9,23,32,0.4583869639701866
18,14,32,0.36681459976636277
15,17,32,NaN
16,16,32,0.08338612619832536
20,12,32,0.3618054278596562
9,23,32,0.0005439124245645062
20,12,32,NaN
21,11,32,0.0264656213198422
9,23,32,0.0001309852262106899
15,17,32,0.03674279941068971
9,23,32,4.422400140415499e-6
16,16,32,0.10514896919334263
12,20,32,0.0022970439975313808
17,15,32,0.47297158806972134
6,26,32,0.0011790685123804023
8,24,32,0.06578881463688284
5,27,32,0.8153475474115989
18,14,32,NaN
11,21,32,0.0011954056063075875
14,18,32,0.5120631375357593
7,25,32,0.376993279659558
12,20,32,0.025396716993254218
15,17,32,0.002884522527610071
12,20,32,NaN
3,29,32,0.7891160073900603
12,20,32,0.06577697440056524
9,23,32,0.0503944665317212
9,23,32,NaN
13,19,32,0.9962211450757554
17,15,32,NaN
8,24,32,0.07452475029607389
5,27,32,0.05916634506716057
1,31,32,0.005634571703672751
6,26,32,0.0009680030158229162
6,26,32,NaN
4,28,32,NaN
13,19,32,5.993470580587788e-7
1,31,32,0.21058574314496395
4,28,32,0.2579283231289492
4,28,32,0.0070615372426227705
3,29,32,0.03573862828111791
1,31,32,0.6366495796372647
11,20,31,0.8723440292898591
30,1,31,0.05916634506716057
15,16,31,0.11302026105487464
16,15,31,NaN
9,22,31,0.922423104079044
9,22,31,0.012594810619570131
12,19,31,0.09652246162613985
19,12,31,1.0589463814781556e-8
19,12,31,0.2426068904918033
10,21,31,0.8212938801505606
21,10,31,0.5263780598876284
24,7,31,0.7509979234994011
17,14,31,0.807476516528068
22,9,31,0.08257658631212851
12,19,31,NaN
17,14,31,0.41042378787561506
19,12,31,0.9753556989388991
11,20,31,0.9357857374272102
8,23,31,0.0014825626654373172
23,8,31,0.9278693917959568
12,19,31,0.2795481783803956
17,14,31,0.674528987906287
18,13,31,0.06984398440883517
25,6,31,NaN
19,12,31,0.7200230968449273
12,19,31,0.7297841671566608
21,10,31,0.8535399985089294
18,13,31,0.04958295658572382
15,16,31,0.02443067931995439
14,17,31,0.27481493355319986
12,19,31,0.11302026105487464
12,19,31,0.7341093386425002
3,28,31,0.05916634506716057
13,18,31,0.1436612726697415
10,21,31,0.1488789001772243
19,12,31,0.5076524678986474
23,8,31,0.013064625299785679
7,24,31,0.4368974463562778
24,7,31,NaN
18,13,31,0.7808948524004466
17,14,31,0.006633734842185871
12,19,31,0.9136984704741512
10,21,31,NaN
18,13,31,0.018844387497186796
9,22,31,NaN
10,21,31,0.1107547614266247
18,13,31,0.937990338315131
18,13,31,2.1750159633436393e-7
26,5,31,9.178394121609595e-12
6,25,31,0.15348760037464887
29,2,31,0.00860264728312664
13,18,31,0.9067597060883621
5,26,31,0.17274197872982675
9,22,31,0.002015340765008572
8,23,31,0.13221071469067883
21,10,31,0.016549765664291227
10,21,31,0.0001319391345490212
11,20,31,0.3127382273399359
11,20,31,0.13221071469067883
7,24,31,0.5677057733422163
23,8,31,0.00018548831891373752
21,10,31,NaN
13,18,31,3.0664827614948277e-5
13,18,31,0.5983910585585586
9,22,31,0.003962831074694846
6,25,31,7.352307871758218e-5
6,25,31,0.6284939527206546
11,20,31,0.00403609056681178
14,17,31,0.0051567320089410075
12,19,31,0.2795481783803956
17,14,31,0.36374176270060876
17,14,31,0.28937051218697774
6,25,31,0.09652246162613985
5,26,31,0.642689094081309
13,18,31,0.02267475604779647
22,9,31,0.48809337786734625
7,24,31,NaN
3,28,31,0.5523648636569257
11,20,31,0.13165380205915095
15,16,31,1.4283171287431785e-6
5,26,31,0.48066065578361084
5,26,31,0.8474369719133757
5,26,31,0.18482655764711647
3,28,31,0.010535957886903992
6,25,31,0.0611119868121313
1,30,31,NaN
24,6,30,0.18288788204896334
16,14,30,0.00043876311693688634
19,11,30,0.8535399985089294
30,0,30,NaN
11,19,30,8.327053557670002e-5
10,20,30,0.002941147230941731
11,19,30,0.0004155192471164221
12,18,30,0.7036735533216915
16,14,30,0.4768249905242542
13,17,30,0.851092988835229
23,7,30,NaN
21,9,30,NaN
11,19,30,0.35055741112662414
14,16,30,0.003164121738766852
19,11,30,0.01934532798871892
7,23,30,0.7856593209378341
10,20,30,NaN
11,19,30,0.8512681297559901
20,10,30,7.596658181181671e-10
16,14,30,NaN
12,18,30,NaN
7,23,30,0.037271236892156535
25,5,30,0.20718058317372706
13,17,30,NaN
22,8,30,5.5200755825502346e-8
22,8,30,0.01143214622991464
21,9,30,0.39016359568750264
11,19,30,0.2426068904918033
20,10,30,0.004712440902467837
19,11,30,0.03744155143953566
16,14,30,0.02143073799725636
15,15,30,NaN
28,2,30,4.6056332181029135e-20
12,18,30,0.7808948524004466
20,10,30,0.0016963348913466287
21,9,30,0.2571723934806812
3,27,30,NaN
15,15,30,0.5076524678986474
12,18,30,0.13455434638408348
13,17,30,0.748792122708687
10,20,30,0.922423104079044
16,14,30,0.1332089766351878
22,8,30,0.9357857374272102
16,14,30,NaN
21,9,30,0.05962008383446925
15,15,30,0.9067597060883621
10,20,30,NaN
16,14,30,0.1513491408590342
20,10,30,0.15724194830956753
13,17,30,NaN
7,23,30,0.2785887787157648
25,5,30,0.03573862828111791
10,20,30,4.481472283919053e-5
15,15,30,0.3634266430918078
18,12,30,0.011417520866083993
11,19,30,0.025396716993254218
6,24,30,0.2795481783803956
8,22,30,0.8605431061660134
20,10,30,0.747415377453469
21,9,30,2.4858781556888867e-6
20,10,30,0.39817107546501523
15,15,30,0.15348760037464887
11,19,30,0.0049385608998550315
7,23,30,0.36374176270060876
12,18,30,NaN
18,12,30,0.007767174640717379
10,20,30,0.03299592477585781
21,9,30,NaN
10,20,30,0.08601425956991939
14,16,30,0.00860264728312664
18,12,30,NaN
4,26,30,0.33648333490631605
11,19,30,0.5447444408660866
10,20,30,0.017865010065292446
12,18,30,0.04906887165152815
10,20,30,0.03693043143833241
9,21,30,0.8572238399884844
7,23,30,0.15348760037464887
17,13,30,1.1600116267369692e-5
3,27,30,0.36374176270060876
22,8,30,0.04344594117862013
12,18,30,0.04263845043616167
13,17,30,0.00015075239975565524
5,25,30,NaN
10,20,30,NaN
4,26,30,NaN
7,23,30,0.45725259095251275
11,19,30,0.8909590781505728
14,16,30,0.7509979234994011
6,24,30,0.023707073852597686
17,13,30,0.08776850108836028
12,18,30,0.34873127174633206
6,24,30,0.23220176049889238
8,22,30,NaN
5,25,30,0.0002716558782452053
5,25,30,0.008323954885722445
7,23,30,0.6456928834245509
4,26,30,NaN
3,27,30,0.003214912144702669
4,26,30,0.6826185730663652
2,28,30,0.020633279733653677
4,26,30,NaN
2,28,30,0.029824284599219358
5,25,30,0.642689094081309
3,27,30,0.0019359864584364349
4,26,30,7.571251112064408e-6
0,30,30,0.05916634506716057
16,13,29,0.023355560478034075
18,11,29,0.08282067696058332
17,12,29,0.029204464292398348
16,13,29,0.37420624049585277
20,9,29,0.7343570285351995
12,17,29,NaN
15,14,29,0.00769096905300211
9,20,29,0.023715809495872316
20,9,29,0.012741653266331953
15,14,29,5.550507080912713e-8
7,22,29,0.5076524678986474
13,16,29,NaN
27,2,29,0.002377048669264664
21,8,29,0.001122343104629605
13,16,29,0.5674107172508536
10,19,29,0.3673669686441869
12,17,29,NaN
17,12,29,0.30737550118658663
20,9,29,0.006575890315920484
16,13,29,6.427797590280594e-5
19,10,29,0.4702880256682177
16,13,29,NaN
13,16,29,0.003872583585209388
14,15,29,0.6826185730663652
18,11,29,0.6433455690819931
8,21,29,0.7509979234994011
19,10,29,0.4586140219451372
27,2,29,0.10564471214830962
18,11,29,0.8062781873736411
14,15,29,6.344482284896495e-8
14,15,29,0.7257152058528377
13,16,29,0.9897292732740418
20,9,29,7.577206786266473e-6
18,11,29,5.8987290108000424e-5
23,6,29,7.071120011074416e-5
20,9,29,0.17507124207365996
8,21,29,0.00017885899057195004
12,17,29,0.001337807490041933
19,10,29,0.00010843332106380439
12,17,29,0.1791109280893668
26,3,29,0.0010013525770980857
16,13,29,0.07379488498189003
9,20,29,0.040842756633888096
12,17,29,0.1791109280893668
7,22,29,0.11539448824047649
23,6,29,NaN
13,16,29,0.23443636948631028
3,26,29,0.1880282452630091
21,8,29,0.04017544505333549
13,16,29,0.5523648636569257
16,13,29,0.6826185730663652
6,23,29,0.24414502172103783
8,21,29,NaN
5,24,29,0.39776973938247095
9,20,29,0.7121655497966026
9,20,29,0.5133794337861103
15,14,29,0.19800330726016463
13,16,29,0.4546615294830761
22,7,29,3.2954666561231166e-7
18,11,29,0.5523648636569257
15,14,29,0.11811882359181085
12,17,29,0.8909590781505728
19,10,29,0.0009178551484679568
12,17,29,NaN
8,21,29,0.04037454411165848
10,19,29,NaN
12,17,29,0.18739855256050647
14,15,29,NaN
16,13,29,0.8444674067651226
6,23,29,0.14732212652421567
19,10,29,NaN
18,11,29,0.05791467129887514
22,7,29,0.4586140219451372
12,17,29,0.06984398440883517
16,13,29,NaN
15,14,29,0.9859421773727781
8,21,29,9.180965554883743e-7
3,26,29,0.5523648636569257
11,18,29,0.5136229741336409
18,11,29,0.749242426971893
18,11,29,NaN
8,21,29,0.005806872761759866
4,25,29,0.2795481783803956
10,19,29,0.6484632160856921
15,14,29,0.1332089766351878
5,24,29,0.05916634506716057
11,18,29,0.9219283731921503
11,18,29,0.07385571507029522
13,16,29,0.5276211523861435
8,21,29,0.10448436223461288
12,17,29,0.01942859367646816
14,15,29,0.5523648636569257
13,16,29,0.06635038407988202
10,19,29,0.23220176049889238
12,17,29,0.8960336341043157
7,22,29,0.16348005527186235
7,22,29,0.0011746029617338795
17,12,29,NaN
13,16,29,0.13014783340624622
11,18,29,0.25543597244537936
11,18,29,0.043433897468148665
15,14,29,0.0007611170413822476
5,24,29,0.5983910585585586
2,27,29,NaN
7,22,29,0.9067597060883621
13,16,29,0.013418980544275495
12,17,29,2.127750180298771e-9
8,21,29,0.9659495665715027
12,17,29,0.41042378787561506
5,24,29,0.0009321293113079017
14,15,29,0.23247383485107714
4,25,29,0.642689094081309
6,23,29,0.9499000223545365
18,10,28,0.00016791661168328757
15,13,28,0.35055741112662414
16,12,28,NaN
18,10,28,0.6432235819015305
20,8,28,NaN
10,18,28,0.2227217586300466
16,12,28,0.5983910585585586
15,13,28,0.025396716993254218
14,14,28,0.09652246162613985
17,11,28,5.258136219393065e-11
9,19,28,0.9563402821719186
7,21,28,0.017315222028334586
10,18,28,0.23460185492658311
15,13,28,0.4586140219451372
16,12,28,0.041983466097690915
13,15,28,NaN
25,3,28,0.495864711983879
22,6,28,0.0568702758346135
6,22,28,0.8642754452933786
6,22,28,0.2426068904918033
10,18,28,0.9970871547963588
23,5,28,0.1791109280893668
9,19,28,0.08139481150030385
11,17,28,0.11641807077431333
12,16,28,0.02218044323519423
24,4,28,NaN
12,16,28,0.012741653266331953
20,8,28,0.6476469667643271
20,8,28,0.7509979234994011
23,5,28,7.709958025476593e-10
10,18,28,0.6652309607914217
17,11,28,0.015357324957344608
17,11,28,NaN
15,13,28,0.018985489794184077
23,5,28,0.08139481150030385
16,12,28,0.7188460181803934
13,15,28,0.35742537171484984
10,18,28,0.16535092668969392
11,17,28,0.2923207030187696
16,12,28,0.5117966881836279
26,2,28,0.3193104281105608
21,7,28,0.47185074054765025
16,12,28,0.07831864815547789
20,8,28,0.0001590909492706769
13,15,28,0.7440353388730638
23,5,28,0.029824284599219358
21,7,28,0.2605054779391035
15,13,28,0.0503944665317212
14,14,28,0.8553916717037049
17,11,28,0.3193104281105608
17,11,28,0.016112747450558098
5,23,28,NaN
4,24,28,0.08139481150030385
17,11,28,NaN
14,14,28,0.5983910585585586
6,22,28,0.003220056359632838
9,19,28,0.7798983284227649
8,20,28,0.005772842241605191
15,13,28,NaN
13,15,28,0.30512427594286184
23,5,28,0.08139481150030385
19,9,28,0.0004589742734023374
8,20,28,0.02805103960734735
5,23,28,7.393869544637792e-5
10,18,28,NaN
13,15,28,0.20362162663806074
5,23,28,8.80509044409873e-5
5,23,28,0.07383406436966718
14,14,28,NaN
15,13,28,NaN
10,18,28,9.621640657945746e-7
5,23,28,NaN
15,13,28,0.06984398440883517
17,11,28,NaN
18,10,28,0.8909590781505728
13,15,28,0.10470470279065286
15,13,28,0.2785887787157648
20,8,28,0.7724624390986602
6,22,28,0.0011746029617338795
11,17,28,0.36446539331841865
4,24,28,NaN
12,16,28,0.7188460181803934
16,12,28,NaN
9,19,28,0.8792329841577521
18,10,28,0.2830328556528122
18,10,28,NaN
16,12,28,2.6190298321471453e-6
5,23,28,NaN
13,15,28,0.009343024729107106
13,15,28,0.00019910479660094704
17,11,28,0.8109309717202079
10,18,28,0.8535399985089294
4,24,28,0.22427352913723878
10,18,28,NaN
11,17,28,0.5523648636569257
11,17,28,0.2618936890146383
4,24,28,3.700010556468901e-5
15,13,28,0.2426068904918033
9,19,28,0.5599380770164533
7,21,28,0.003928264849529969
8,20,28,0.029824284599219358
6,22,28,0.33553606407434644
8,20,28,0.816238080562285
9,19,28,0.05916634506716057
10,18,28,0.13221071469067883
1,27,28,0.00012358358794674145
15,13,28,0.3193104281105608
2,26,28,0.09652246162613985
9,19,28,0.4560842035613182
8,20,28,NaN
1,27,28,0.01050871192496647
0,28,28,0.642689094081309
19,8,27,0.41042378787561506
14,13,27,NaN
25,2,27,0.12093847754825332
13,14,27,0.09680436584061387
16,11,27,0.08139481150030385
11,16,27,0.012741653266331953
10,17,27,0.6507991269297501
17,10,27,0.4586140219451372
20,7,27,0.018931100046454288
17,10,27,2.646981019490066e-6
18,9,27,0.04655012939087539
17,10,27,0.7188460181803934
10,17,27,0.981236864265928
19,8,27,NaN
14,13,27,0.007114009197751627
13,14,27,0.8279949241513933
17,10,27,NaN
6,21,27,3.820135581000541e-6
19,8,27,0.9741337647667054
15,12,27,NaN
6,21,27,0.03753148519279826
17,10,27,0.7188460181803934
10,17,27,0.23010178902404388
8,19,27,0.8723440292898591
23,4,27,1.305096202606672e-9
12,15,27,0.41042378787561506
15,12,27,0.8847612664226822
21,6,27,0.0716829847554457
6,21,27,0.32274895680213084
12,15,27,0.00038606080372226146
15,12,27,NaN
9,18,27,NaN
5,22,27,0.7509979234994011
5,22,27,0.1791109280893668
1,26,27,0.5523648636569257
7,20,27,NaN
16,11,27,0.3193104281105608
19,8,27,NaN
22,5,27,0.1059563321643647
23,4,27,0.49401149021010654
17,10,27,0.004760093416641834
14,13,27,0.11302026105487464
9,18,27,0.4317834784880836
9,18,27,0.2582308731509502
17,10,27,0.9248467307780309
10,17,27,0.09652246162613985
16,11,27,0.8062781873736411
13,14,27,0.00866021270676138
16,11,27,0.004286708127075862
16,11,27,NaN
18,9,27,NaN
16,11,27,0.9926798473369884
20,7,27,0.05916634506716057
19,8,27,0.061216252773712565
21,6,27,0.7509979234994011
9,18,27,0.36374176270060876
6,21,27,0.06984398440883517
5,22,27,0.7326878977774541
16,11,27,0.642689094081309
15,12,27,1.934162182208306e-5
20,7,27,NaN
11,16,27,0.6094041243856126
10,17,27,0.6745215104978507
15,12,27,0.02237963439804347
15,12,27,0.13032019559190552
16,11,27,NaN
21,6,27,0.2088844544951591
16,11,27,0.20905001870501136
14,13,27,0.7275881804598708
16,11,27,0.01714696031866606
12,15,27,0.880430286456223
11,16,27,NaN
11,16,27,0.2990706362216158
3,24,27,0.1678949951306002
10,17,27,0.7190347398634793
17,10,27,0.3740699499106757
25,2,27,0.9436515718163436
22,5,27,3.189350401085239e-9
15,12,27,0.9741337647667054
5,22,27,0.7794380416376637
9,18,27,0.7188460181803934
12,15,27,0.006854265152297266
4,23,27,0.029824284599219358
12,15,27,0.6494611485575065
17,10,27,0.01050871192496647
15,12,27,0.01594532525019284
6,21,27,0.0047495909890053565
7,20,27,NaN
5,22,27,0.0017682497114218136
6,21,27,0.2795481783803956
8,19,27,0.00860264728312664
8,19,27,0.2426068904918033
9,18,27,0.012741653266331953
11,16,27,0.8062781873736411
13,14,27,0.1791109280893668
9,18,27,0.3682546441037415
3,24,27,0.10328724759017377
3,24,27,0.5824460627795984
11,16,27,0.42672573292092836
2,25,27,0.7808948524004466
11,16,27,0.3193104281105608
20,7,27,NaN
6,21,27,0.22444933634246447
5,22,27,0.5983910585585586
3,24,27,0.02143073799725636
5,22,27,0.01050871192496647
3,24,27,0.5076524678986474
2,25,27,0.0503944665317212
3,24,27,0.27042681367103166
9,18,27,0.3193104281105608
3,24,27,NaN
2,25,27,NaN
2,25,27,0.2618936890146383
4,23,27,0.6507991269297501
1,26,27,0.00860264728312664
1,26,27,0.7509979234994011
1,26,27,1.2761663676727258e-5
4,23,27,0.03866918248976395
13,13,26,0.5896338495459426
7,19,26,0.011695038798849661
5,21,26,NaN
11,15,26,NaN
10,16,26,0.6071600881980521
15,11,26,NaN
10,16,26,0.0003057516228771549
21,5,26,0.15348760037464887
12,14,26,0.2597508646457715
15,11,26,0.5523648636569257
17,9,26,0.7759818623869639
5,21,26,2.5365205600374234e-7
13,13,26,0.021537264080036277
20,6,26,0.10343683718478133
8,18,26,0.03253481016839658
12,14,26,NaN
15,11,26,0.0503944665317212
10,16,26,NaN
6,20,26,0.0004897483162897788
17,9,26,0.006966545648505858
16,10,26,0.7509979234994011
6,20,26,0.9172441583810528
14,12,26,0.0011081071189165538
6,20,26,0.6826185730663652
20,6,26,0.008766137529732786
10,16,26,NaN
12,14,26,0.000141330764875213
3,23,26,0.29671547856532515
11,15,26,0.018323650564667286
15,11,26,0.07068222538562728
4,22,26,0.11302026105487464
13,13,26,0.5775525665651291
10,16,26,0.8897849370186286
11,15,26,0.9067597060883621
12,14,26,0.0011530963683987787
17,9,26,0.027508030988302654
12,14,26,0.11521952104167656
11,15,26,0.33006524445171365
7,19,26,0.7509979234994011
6,20,26,0.5070799612298892
15,11,26,0.009864456600213517
17,9,26,0.9175701451952366
19,7,26,0.7146461713310935
8,18,26,0.7808948524004466
11,15,26,0.20972288274839068
15,11,26,0.14634770488883628
10,16,26,NaN
17,9,26,NaN
14,12,26,0.6826185730663652
24,2,26,0.08562647313259962
18,8,26,7.293242393801136e-6
14,12,26,0.09898940780774296
16,10,26,NaN
4,22,26,0.0024152492729448563
22,4,26,0.08903631838531754
6,20,26,NaN
8,18,26,0.45528241517854506
12,14,26,NaN
7,19,26,0.018185161541041658
8,18,26,9.258883712570899e-7
10,16,26,0.4031303319016842
19,7,26,0.7897717330493614
4,22,26,0.12411242582549202
19,7,26,0.06523856297827169
19,7,26,0.7240920882573582
10,16,26,0.4586140219451372
8,18,26,0.8535399985089294
14,12,26,0.36374176270060876
16,10,26,0.10430415336192178
17,9,26,0.2782482830967961
12,14,26,0.06524382259102147
2,24,26,0.0011641568618812911
4,22,26,0.5076524678986474
8,18,26,0.17840083277591118
13,13,26,0.08139481150030385
9,17,26,0.0003138077975419628
8,18,26,NaN
10,16,26,0.004068085603403645
8,18,26,0.013933032942376172
4,22,26,0.16779512817962153
7,19,26,0.0979033643702794
3,23,26,0.7869920620273624
14,12,26,0.026469084764119254
12,14,26,0.8294728339352534
12,14,26,0.5517113184474972
18,8,26,0.3193104281105608
15,11,26,NaN
15,11,26,NaN
15,11,26,NaN
5,21,26,0.22427352913723878
15,11,26,0.09999397382229798
9,17,26,0.003488676655958463
16,10,26,3.880292735787537e-9
7,19,26,0.1059563321643647
2,24,26,NaN
2,24,26,0.0503944665317212
2,24,26,0.0018948059106749363
5,21,26,0.15348760037464887
17,9,26,NaN
7,19,26,NaN
16,10,26,0.3065151722606036
7,19,26,0.6971319114748225
11,15,26,NaN
17,9,26,0.0017302002517913552
15,11,26,0.8723440292898591
8,18,26,0.2088844544951591
11,15,26,0.03573862828111791
13,13,26,NaN
9,17,26,0.5523648636569257
11,15,26,NaN
7,19,26,0.018514373117323586
6,20,26,0.0006960047675444467
1,25,26,0.5983910585585586
12,14,26,0.14173400335563793
7,19,26,4.9348708138904245e-8
6,20,26,6.2436067125854856e-12
7,19,26,NaN
4,22,26,0.007114009197751627
4,22,26,NaN
7,19,26,NaN
6,20,26,0.0004988527788784975
4,22,26,NaN
1,25,26,NaN
7,19,26,0.1791109280893668
2,24,26,0.017221933997424128
4,22,26,0.4586140219451372
1,25,26,0.12645708412346057
2,24,26,5.166226607181195e-9
0,26,26,0.4586140219451372
19,6,25,0.11381649285615095
21,4,25,0.931127512967625
17,8,25,0.36374176270060876
12,13,25,0.021537264080036277
15,10,25,0.7776747954707817
6,19,25,0.3642292177823924
14,11,25,0.0020351642433614732
18,7,25,NaN
6,19,25,0.8302287522477523
18,7,25,0.0008688864044225105
25,0,25,1.439143829920858e-18
7,18,25,0.8561852817818494
12,13,25,0.27027681123123465
12,13,25,0.1791109280893668
13,12,25,0.07711633481081095
19,6,25,9.546956432203653e-5
11,14,25,0.09467893679876535
17,8,25,NaN
4,21,25,5.900439741937422e-5
11,14,25,0.36374176270060876
15,10,25,0.0014967179236399805
9,16,25,0.8062781873736411
13,12,25,NaN
9,16,25,0.46849360526574285
12,13,25,0.22803269208177157
20,5,25,0.06700605242422773
9,16,25,0.8062781873736411
23,2,25,0.009343024729107106
18,7,25,0.057026146379066084
4,21,25,0.002830496833294329
17,8,25,0.5983910585585586
17,8,25,0.5523648636569257
14,11,25,0.06825775322424754
7,18,25,0.41042378787561506
4,21,25,0.16348005527186235
15,10,25,NaN
16,9,25,0.2728175491478315
19,6,25,0.9552878845509573
14,11,25,0.025396716993254218
10,15,25,0.5076524678986474
17,8,25,0.30589312277318975
13,12,25,0.002247893370208085
9,16,25,0.650085336460363
8,17,25,0.2525544921493601
14,11,25,0.061117711289430346
13,12,25,0.958162262520728
16,9,25,0.9659495665715027
13,12,25,0.307879447222626
15,10,25,0.016992585739986323
10,15,25,0.39052518169734063
18,7,25,0.5932088128375318
19,6,25,0.41042378787561506
16,9,25,0.8723440292898591
18,7,25,0.029006128291712237
14,11,25,0.05760139131180814
20,5,25,0.6826185730663652
7,18,25,0.10997434047591909
5,20,25,0.16613450070110886
15,10,25,2.696719562079811e-5
9,16,25,0.06540073433784215
16,9,25,0.5661733818389398
15,10,25,0.007114009197751627
11,14,25,0.8635926965526358
15,10,25,0.2747679432202459
9,16,25,NaN
9,16,25,0.23672782604459297
15,10,25,NaN
17,8,25,0.41042378787561506
22,3,25,NaN
17,8,25,NaN
4,21,25,0.3584898684548579
12,13,25,0.009637614688081324
2,23,25,0.5076524678986474
11,14,25,NaN
11,14,25,NaN
18,7,25,1.6478347190427309e-6
6,19,25,0.13970275848737126
15,10,25,9.258883712570899e-7
9,16,25,NaN
17,8,25,0.011544650997104545
3,22,25,NaN
11,14,25,0.2088844544951591
6,19,25,0.005634571703672751
6,19,25,0.568421257901446
17,8,25,9.007129542394339e-11
6,19,25,0.01323827154949804
16,9,25,NaN
7,18,25,0.24528702237892594
13,12,25,0.7509979234994011
15,10,25,NaN
19,6,25,3.1499602490445615e-7
12,13,25,0.5983910585585586
13,12,25,0.00012470876579830063
10,15,25,0.0028821965866911584
12,13,25,0.7711449514963752
13,12,25,0.29852367404197283
14,11,25,0.029824284599219358
8,17,25,0.1791109280893668
5,20,25,NaN
15,10,25,0.5272949678537346
12,13,25,0.6007502913682611
6,19,25,0.8401666839349369
10,15,25,0.2888089633095724
16,9,25,0.1411204545071333
12,13,25,0.04415410107610373
8,17,25,NaN
5,20,25,0.8535399985089294
7,18,25,0.007895995608606193
4,21,25,NaN
9,16,25,0.4586140219451372
10,15,25,0.05204416653989567
8,17,25,0.10018035317806351
6,19,25,0.025396716993254218
8,17,25,0.017809239281788392
6,19,25,0.08831176284140538
3,22,25,0.5156032575670741
10,15,25,0.6383468383625249
7,18,25,0.001470921095008115
7,18,25,0.434136065520712
11,14,25,NaN
12,13,25,1.0020705972061186e-6
9,16,25,0.16414421863415476
8,17,25,NaN
3,22,25,0.002518699205623837
4,21,25,0.012741653266331953
2,23,25,0.5076524678986474
14,10,24,2.0030292879856607e-8
10,14,24,2.019129015206432e-5
15,9,24,NaN
8,16,24,0.08588416934737139
9,15,24,0.11302026105487464
16,8,24,0.04751523391023242
12,12,24,0.010619801586273042
19,5,24,0.00038759248827735363
9,15,24,0.5251031137265741
17,7,24,0.8780918215973322
15,9,24,NaN
19,5,24,0.9476960281040064
5,19,24,0.2426068904918033
4,20,24,0.060986084985266587
10,14,24,0.04263845043616167
13,11,24,0.1233304815449764
9,15,24,NaN
10,14,24,0.4747666970762931
8,16,24,0.09084910619133643
13,11,24,0.272028484373119
14,10,24,NaN
9,15,24,NaN
2,22,24,0.029549091798711645
6,18,24,NaN
14,10,24,0.08139481150030385
14,10,24,NaN
16,8,24,7.312970623892805e-5
16,8,24,3.554389912714464e-5
16,8,24,0.7202809738589542
14,10,24,NaN
13,11,24,0.06562644984946882
12,12,24,1.7353788429612784e-8
22,2,24,0.03143250335785697
9,15,24,0.23809226685761134
14,10,24,0.3193104281105608
13,11,24,0.6858539065761025
24,0,24,7.405879328542448e-5
13,11,24,0.7959329152256488
13,11,24,1.1218144694645262e-13
16,8,24,2.3351456504811638e-5
16,8,24,NaN
16,8,24,0.7858909159887867
19,5,24,0.1791109280893668
13,11,24,0.36374176270060876
4,20,24,NaN
12,12,24,NaN
13,11,24,NaN
14,10,24,NaN
6,18,24,0.5076524678986474
10,14,24,0.10139981826244976
8,16,24,0.6826185730663652
15,9,24,1.0777475689492e-7
9,15,24,0.2088844544951591
15,9,24,0.4859270569693052
21,3,24,0.0035793712000826666
14,10,24,NaN
10,14,24,0.09652246162613985
15,9,24,NaN
20,4,24,NaN
4,20,24,NaN
8,16,24,9.14362283841836e-5
10,14,24,0.3388231833811789
13,11,24,NaN
14,10,24,0.22148039149177334
9,15,24,0.5470015931854605
10,14,24,0.7509979234994011
19,5,24,0.8203697411889778
12,12,24,0.00220877136596021
16,8,24,0.35591326635883624
11,13,24,0.2088844544951591
9,15,24,0.015089968713335646
7,17,24,0.27046034504149263
3,21,24,0.18709606721596897
4,20,24,0.13221071469067883
1,23,24,0.642689094081309
12,12,24,NaN
14,10,24,NaN
15,9,24,0.23586531878851716
14,10,24,0.45410526712042387
18,6,24,0.06403841153163065
7,17,24,0.4259746264146979
8,16,24,NaN
3,21,24,NaN
7,17,24,0.2795481783803956
16,8,24,0.12411242582549202
7,17,24,0.06984398440883517
15,9,24,NaN
3,21,24,NaN
12,12,24,0.32429235077983304
6,18,24,0.056068383372695
17,7,24,0.5076524678986474
8,16,24,0.0645973575649304
11,13,24,0.2426068904918033
14,10,24,0.15348760037464887
11,13,24,0.7907083377402249
17,7,24,0.4586140219451372
7,17,24,0.03573862828111791
11,13,24,0.0020840001228955704
8,16,24,0.5609910452367733
5,19,24,0.04263845043616167
10,14,24,0.17384220504501538
8,16,24,0.4586140219451372
6,18,24,0.17222260820938318
6,18,24,0.4752161844382906
1,23,24,NaN
17,7,24,0.11152871893335047
6,18,24,0.8852919168310224
17,7,24,NaN
7,17,24,0.5983910585585586
3,21,24,NaN
5,19,24,0.5795082060470139
7,17,24,0.062067963697775536
3,21,24,0.06984398440883517
3,21,24,NaN
4,20,24,0.642689094081309
2,22,24,NaN
1,23,24,0.002057847308614899
3,21,24,NaN
4,20,24,0.2795481783803956
3,21,24,0.5359971515522853
0,24,24,0.4407996056478823
0,24,24,0.35234222823004835
14,9,23,NaN
10,13,23,0.3193104281105608
20,3,23,0.0014055889530212556
9,14,23,0.15293463632549356
19,4,23,0.642689094081309
5,18,23,0.023707073852597686
11,12,23,0.41042378787561506
5,18,23,0.00860264728312664
9,14,23,0.28078379941622716
14,9,23,0.9527660947979255
19,4,23,0.15987637660992363
11,12,23,0.060430327777341114
14,9,23,0.004372369223647266
13,10,23,0.006334242538628793
12,11,23,0.5983910585585586
7,16,23,NaN
10,13,23,0.014003504207654454
12,11,23,0.3649606677045721
13,10,23,0.4586140219451372
11,12,23,NaN
13,10,23,0.8825623166241346
15,8,23,NaN
16,7,23,0.15293463632549356
12,11,23,NaN
21,2,23,0.36374176270060876
11,12,23,0.3193104281105608
15,8,23,0.385385505111371
15,8,23,5.5617304967625216e-5
11,12,23,0.5983910585585586
11,12,23,0.642689094081309
9,14,23,0.5085731658853463
16,7,23,0.41042378787561506
14,9,23,NaN
19,4,23,0.07892627989322665
7,16,23,NaN
8,15,23,0.3020349586832313
9,14,23,NaN
12,11,23,0.1791109280893668
8,15,23,0.0563360883354219
5,18,23,0.00220877136596021
3,20,23,0.2795481783803956
16,7,23,0.5076524678986474
14,9,23,0.8535399985089294
15,8,23,0.06912972526670519
14,9,23,6.192511314974554e-6
9,14,23,3.2866080853645136e-5
12,11,23,NaN
15,8,23,0.0398872763642901
4,19,23,0.5523648636569257
9,14,23,0.16292093236998983
9,14,23,0.7808948524004466
8,15,23,0.10163268319209755
13,10,23,NaN
9,14,23,0.8212938801505606
21,2,23,0.02758012086734315
14,9,23,0.6860888733046311
13,10,23,0.11965171802279213
17,6,23,1.1199283127268926e-5
9,14,23,NaN
12,11,23,NaN
7,16,23,0.15845050170967134
8,15,23,0.9904005839972051
6,17,23,0.191928250059654
14,9,23,NaN
6,17,23,0.08742209158917627
15,8,23,0.014393470776476826
12,11,23,0.9859421773727781
7,16,23,NaN
19,4,23,NaN
8,15,23,0.6112322654210125
6,17,23,0.23303352082308393
9,14,23,7.4600518654664265e-6
7,16,23,0.7238545280116411
5,18,23,0.9806074214002098
9,14,23,0.005064317387449409
13,10,23,0.6367090897834596
19,4,23,NaN
12,11,23,8.46454632345309e-5
10,13,23,NaN
12,11,23,NaN
12,11,23,0.5983910585585586
5,18,23,0.2426068904918033
6,17,23,0.2227869029686136
13,10,23,NaN
13,10,23,0.00220877136596021
19,4,23,0.23075191822869856
11,12,23,0.09684692166055647
14,9,23,9.147779971250826e-11
8,15,23,NaN
7,16,23,0.03573862828111791
14,9,23,NaN
13,10,23,0.5814491906187195
22,1,23,0.00032422813834527884
7,16,23,0.5029310889721861
10,13,23,0.31057181548614277
12,11,23,0.03196899763992128
4,19,23,0.41042378787561506
10,13,23,0.9067597060883621
3,20,23,0.9547718923410956
4,19,23,0.13482781202202418
6,17,23,0.7726420271350395
9,14,23,0.09652246162613985
13,10,23,0.0267496643697682
14,9,23,0.3766083205306228
8,15,23,0.5085116998523612
10,13,23,NaN
10,13,23,0.9574121554627333
13,10,23,0.36195297437028884
14,9,23,0.02047424099865914
6,17,23,3.6994364748138776e-6
15,8,23,0.5523648636569257
13,10,23,0.0007759498878739972
8,15,23,0.32123009482780424
5,18,23,0.0503944665317212
16,7,23,0.19306403989118534
6,17,23,0.024425659084241998
15,8,23,NaN
10,13,23,0.28904986706796815
12,11,23,0.03573862828111791
12,11,23,0.8944736336032126
17,6,23,0.04170097307227095
9,14,23,NaN
4,19,23,0.7509979234994011
7,16,23,0.09560639938721256
5,18,23,0.0009767366951269859
5,18,23,0.002813124773777868
8,15,23,0.8909590781505728
6,17,23,0.36374176270060876
11,12,23,NaN
5,18,23,0.025968884546793084
8,15,23,0.08824485368467663
9,14,23,NaN
15,8,23,0.4873784773239215
3,20,23,NaN
6,17,23,NaN
7,16,23,0.14861309234686118
7,16,23,0.01942859367646816
12,11,23,0.1830292958837714
4,19,23,NaN
11,12,23,0.2426068904918033
8,15,23,0.3373501273198511
5,18,23,0.001579829071196531
4,19,23,0.2088844544951591
4,19,23,0.0017117078576727744
2,21,23,NaN
6,17,23,0.940606200698525
13,10,23,0.05278076912881218
11,12,23,NaN
16,7,23,0.00040500216560167735
13,10,23,0.08361357454579614
11,12,23,0.9189892784171957
9,14,23,0.7188460181803934
2,21,23,0.11538728450563603
4,19,23,0.9067597060883621
5,18,23,0.07500557586252883
8,15,23,0.14952945297675319
1,22,23,0.16733232935254758
12,11,23,0.08214724578066246
9,14,23,0.2426068904918033
8,15,23,0.002371512142740621
4,19,23,0.7934187086677161
7,16,23,NaN
6,17,23,0.017626964579485007
2,21,23,0.003423745960611334
2,21,23,0.07454896563265076
3,20,23,0.5076524678986474
3,20,23,0.5983910585585586
2,21,23,0.00032422813834527884
0,23,23,0.2618936890146383
0,23,23,0.010118901536220698
18,4,22,0.42776941992490664
15,7,22,0.5011305151515311
14,8,22,0.49892383316175287
16,6,22,NaN
7,15,22,0.07778394099179928
17,5,22,0.05296312712723771
12,10,22,NaN
22,0,22,0.025396716993254218
14,8,22,NaN
6,16,22,NaN
20,2,22,NaN
16,6,22,0.053272175783608926
11,11,22,0.9573055567090253
14,8,22,0.5369112461047774
19,3,22,0.24948505413372468
11,11,22,0.642689094081309
4,18,22,0.6459525178721337
19,3,22,0.8302287522477523
14,8,22,NaN
14,8,22,0.04470840032664922
16,6,22,0.7656381388728208
11,11,22,0.15348760037464887
19,3,22,0.0007878080255727324
7,15,22,0.3557282890017735
7,15,22,NaN
10,12,22,1.6699772544589432e-7
11,11,22,0.05298068874186596
7,15,22,0.0045672812519698645
13,9,22,0.8428485690936354
13,9,22,NaN
14,8,22,0.0484701926766725
9,13,22,0.002477370786516876
9,13,22,NaN
15,7,22,0.15348760037464887
17,5,22,0.018855921897384546
10,12,22,0.9838711964817671
11,11,22,0.0017904652744291719
16,6,22,0.026601225740299952
16,6,22,0.015711398005854294
6,16,22,NaN
7,15,22,0.07806294239574188
5,17,22,NaN
11,11,22,0.00019817244567808654
9,13,22,0.08139481150030385
20,2,22,0.01033514938531415
12,10,22,NaN
16,6,22,NaN
13,9,22,0.8909590781505728
17,5,22,0.544193838027439
9,13,22,0.10172216974723687
11,11,22,0.2785887787157648
18,4,22,0.9944541147359647
12,10,22,0.650338284611119
14,8,22,NaN
17,5,22,0.10789597046471035
11,11,22,0.9574121554627333
9,13,22,0.22648000397784276
12,10,22,0.013887474632356152
15,7,22,0.0017315915754383619
18,4,22,0.09070547855164023
4,18,22,0.5076524678986474
14,8,22,0.2088844544951591
13,9,22,0.9517464606941282
8,14,22,0.9574121554627333
7,15,22,0.03583114802757219
15,7,22,0.5213220786106318
15,7,22,0.4072345406960547
11,11,22,0.002228654501917236
15,7,22,0.13221071469067883
10,12,22,0.7188460181803934
9,13,22,0.07787607841044683
16,6,22,0.29464595851733266
3,19,22,NaN
18,4,22,NaN
15,7,22,0.20801379088342817
11,11,22,0.07753978761820143
10,12,22,0.08139481150030385
10,12,22,NaN
5,17,22,0.019586378799906372
13,9,22,0.041004565731867205
12,10,22,0.01146982542399878
8,14,22,0.9475679371961635
8,14,22,0.04735969396328992
6,16,22,0.44590523132693405
8,14,22,NaN
11,11,22,NaN
9,13,22,9.47780620295208e-5
13,9,22,0.7058364846332994
7,15,22,NaN
16,6,22,NaN
17,5,22,4.242937369239748e-5
10,12,22,NaN
6,16,22,NaN
13,9,22,0.9782165303953562
2,20,22,0.1791109280893668
15,7,22,4.1979403665954286e-5
11,11,22,0.21432282188983623
14,8,22,0.10241188395576234
5,17,22,0.06319399674223707
7,15,22,0.43590185409658927
9,13,22,0.5076524678986474
8,14,22,0.05951957211739261
4,18,22,0.004460136046032199
14,8,22,0.4586140219451372
5,17,22,0.014207837113571738
20,2,22,NaN
4,18,22,0.8302287522477523
6,16,22,0.001030827255294136
11,11,22,0.14333204027328048
19,3,22,NaN
11,11,22,NaN
9,13,22,0.902391953319705
14,8,22,0.1953064627479943
4,18,22,0.07531005345556588
11,11,22,0.4586140219451372
13,9,22,0.21796071968263256
14,8,22,0.3606518253839284
7,15,22,NaN
16,6,22,NaN
4,18,22,0.8723440292898591
11,11,22,0.023565228958891005
5,17,22,NaN
4,18,22,0.2795481783803956
8,14,22,NaN
6,16,22,0.10187579497271919
2,20,22,NaN
5,17,22,0.09652246162613985
9,13,22,NaN
11,11,22,0.8953022352238732
13,9,22,0.03573862828111791
19,3,22,0.00012766604571302806
13,9,22,0.86482303902549
14,8,22,0.0008685110294110262
9,13,22,4.761366048274673e-7
6,16,22,0.6023674328865083
11,11,22,NaN
5,17,22,0.15461081062211082
5,17,22,1.0977928048705291e-10
12,10,22,0.005453048824651941
10,12,22,0.10342373078741476
15,7,22,NaN
9,13,22,0.8723440292898591
18,4,22,0.01004010626581203
15,7,22,0.01633604584289331
12,10,22,0.8302287522477523
5,17,22,0.0042611374585579415
12,10,22,NaN
5,17,22,0.9067597060883621
9,13,22,0.6305507713450198
18,4,22,5.432341574520626e-6
17,5,22,0.06984398440883517
8,14,22,0.07436495291100718
9,13,22,NaN
7,15,22,0.5523648636569257
11,11,22,0.36374176270060876
5,17,22,0.02407995794697392
9,13,22,NaN
4,18,22,NaN
5,17,22,6.4775044521048e-8
6,16,22,0.6826185730663652
11,11,22,0.1419306870405584
6,16,22,0.9741337647667054
11,11,22,0.06156456810199026
6,16,22,NaN
8,14,22,0.5279330917378544
6,16,22,0.12093847754825332
8,14,22,0.8535399985089294
6,16,22,0.5390035478007686
12,10,22,0.0005245708684311189
9,13,22,0.305028075383997
5,17,22,0.0007041242357295914
3,19,22,0.2826458585154302
7,15,22,0.36122939101989804
14,8,22,0.8723440292898591
5,17,22,0.2088844544951591
3,19,22,0.11302026105487464
9,13,22,0.3033172183245743
3,19,22,0.0503944665317212
5,17,22,0.9897292732740418
4,18,22,0.5523648636569257
2,20,22,0.30455130240104417
3,19,22,0.0030622815663587572
3,19,22,0.24193416433998075
2,20,22,NaN
3,19,22,0.4586140219451372
0,22,22,6.617862609519856e-5
0,22,22,NaN
13,8,21,0.8381155985913138
15,6,21,0.3193104281105608
17,4,21,0.023042697598615526
17,4,21,NaN
14,7,21,0.03851803044786094
12,9,21,0.029824284599219358
11,10,21,NaN
3,18,21,0.7188460181803934
18,3,21,4.986870208157888e-7
9,12,21,NaN
10,11,21,0.5983910585585586
9,12,21,0.025396716993254218
12,9,21,NaN
10,11,21,0.00042978850702132863
13,8,21,NaN
10,11,21,0.2088844544951591
12,9,21,0.20750005634865779
12,9,21,NaN
4,17,21,0.01050871192496647
14,7,21,0.987723708665189
10,11,21,0.03573862828111791
4,17,21,0.6826185730663652
11,10,21,NaN
13,8,21,NaN
10,11,21,0.36374176270060876
13,8,21,0.8062781873736411
12,9,21,0.5983910585585586
10,11,21,0.0012249789658690148
2,19,21,0.642689094081309
5,16,21,0.017809239281788392
13,8,21,0.0016917737659850516
6,15,21,0.6861687328350645
13,8,21,0.1979259087763358
10,11,21,0.02758012086734315
13,8,21,0.044015513192781484
9,12,21,0.1791109280893668
9,12,21,0.15348760037464887
10,11,21,0.11754791396613484
12,9,21,0.00023123054720007656
15,6,21,NaN
17,4,21,0.6508429519514725
4,17,21,0.0503944665317212
16,5,21,0.09470645904407866
9,12,21,0.0009563824579189124
13,8,21,0.6943734011673437
11,10,21,0.9278693917959568
14,7,21,0.06984398440883517
16,5,21,NaN
15,6,21,0.06623234046470323
8,13,21,1.214463405815718e-5
9,12,21,0.24948505413372468
8,13,21,0.20678491014245803
11,10,21,0.3682988247959297
12,9,21,0.06984398440883517
19,2,21,0.21039353683207823
9,12,21,0.03575461879446581
14,7,21,5.694299109852331e-18
14,7,21,4.194369759383648e-8
10,11,21,NaN
12,9,21,0.36374176270060876
12,9,21,0.006289289806254861
7,14,21,0.6200386139842429
6,15,21,0.8162802936232354
11,10,21,1.8116257881632661e-6
11,10,21,0.7808948524004466
10,11,21,NaN
8,13,21,0.015357324957344608
5,16,21,0.031780124353045315
13,8,21,NaN
2,19,21,0.003689797878813095
7,14,21,0.0024674162972833863
7,14,21,0.11302026105487464
7,14,21,0.32303707026859835
13,8,21,0.175212445993312
11,10,21,0.09652246162613985
12,9,21,0.015089968713335646
12,9,21,NaN
6,15,21,NaN
14,7,21,0.018650552175257247
16,5,21,0.6071810391023427
5,16,21,0.8488416000906258
6,15,21,NaN
4,17,21,0.029824284599219358
8,13,21,0.36374176270060876
8,13,21,0.5120631375357593
9,12,21,0.11119913486949658
11,10,21,0.5120631375357593
16,5,21,0.09686470441855767
10,11,21,NaN
9,12,21,NaN
18,3,21,NaN
12,9,21,0.00020122745845669107
8,13,21,NaN
1,20,21,0.0503944665317212
5,16,21,8.368759007949628e-6
11,10,21,0.06848908509491403
15,6,21,0.9917440368969269
8,13,21,0.1309777910747504
11,10,21,0.055668610728373154
5,16,21,0.1791109280893668
6,15,21,0.9606960079769826
16,5,21,0.297434731070703
12,9,21,0.022891263570270506
10,11,21,0.7808948524004466
18,3,21,0.000109722790422372
3,18,21,0.2426068904918033
4,17,21,0.06540073433784215
13,8,21,0.0009216772308533816
7,14,21,NaN
14,7,21,0.3782498717433507
10,11,21,0.10470367579029446
11,10,21,0.18171920579528528
4,17,21,NaN
12,9,21,0.002872756646527376
9,12,21,NaN
3,18,21,0.1167056901731024
10,11,21,0.9067597060883621
15,6,21,0.7323559088313744
12,9,21,NaN
13,8,21,NaN
10,11,21,NaN
10,11,21,0.03573862828111791
12,9,21,0.9886161538635195
8,13,21,0.6826185730663652
14,7,21,0.5076524678986474
14,7,21,0.07575957562749497
7,14,21,1.5165181612685585e-9
3,18,21,NaN
9,12,21,0.0029860364331175705
3,18,21,0.002799347354138233
11,10,21,0.002440585104844022
5,16,21,0.36374176270060876
8,13,21,NaN
19,2,21,0.3193104281105608
6,15,21,0.9361208485022615
11,10,21,0.701830541435881
3,18,21,NaN
5,16,21,NaN
9,12,21,0.012741653266331953
7,14,21,0.08185535973746354
8,13,21,0.0010938185215269983
7,14,21,0.642689094081309
9,12,21,0.0028355297081861628
10,11,21,0.8605431061660134
2,19,21,0.04263845043616167
3,18,21,NaN
3,18,21,NaN
4,17,21,NaN
4,17,21,3.2954666561231166e-7
11,10,21,0.9357857374272102
5,16,21,0.038832068120040295
12,9,21,0.012741653266331953
10,11,21,0.5977046975334833
5,16,21,0.18311654192404775
7,14,21,0.025396716993254218
4,17,21,0.04326631268318345
6,15,21,0.6971319114748225
8,13,21,0.8652048702078649
4,17,21,0.00860264728312664
14,7,21,0.06984398440883517
3,18,21,0.8217819832596046
5,16,21,0.00031630598926990744
9,12,21,0.5983910585585586
5,16,21,0.13221071469067883
8,13,21,0.00195831667304665
4,17,21,0.007114009197751627
4,17,21,NaN
7,14,21,0.006770900559713291
1,20,21,0.5983910585585586
2,19,21,0.02143073799725636
1,20,21,0.007114009197751627
3,18,21,0.06984398440883517
2,19,21,0.642689094081309
4,17,21,NaN
2,19,21,NaN
3,18,21,NaN
1,20,21,NaN
1,20,21,2.903168630855114e-7
6,14,20,0.005949320223339555
8,12,20,0.0004297972256430381
13,7,20,3.87815586079178e-5
11,9,20,0.2426068904918033
17,3,20,0.5806442184979088
15,5,20,7.786801470078297e-6
12,8,20,0.5523648636569257
8,12,20,0.32471403890567613
12,8,20,0.39794461223655714
9,11,20,0.5492770788509007
8,12,20,NaN
20,0,20,0.36374176270060876
15,5,20,0.005113328096529827
13,7,20,0.9986572269262942
6,14,20,0.39771580998255784
20,0,20,NaN
18,2,20,0.006106603028207277
8,12,20,0.8109065475459007
17,3,20,0.416045990552003
12,8,20,0.03727972487415177
6,14,20,4.176858388169037e-6
13,7,20,NaN
3,17,20,0.02401704049139588
1,19,20,NaN
13,7,20,NaN
17,3,20,NaN
10,10,20,0.09652246162613985
8,12,20,0.00755527732993394
12,8,20,0.23789430425432043
12,8,20,0.1791109280893668
14,6,20,0.263033617341536
10,10,20,0.060430327777341114
17,3,20,0.08139481150030385
8,12,20,0.9805623737621987
16,4,20,NaN
14,6,20,0.9897292732740418
20,0,20,0.006467121445946017
12,8,20,0.5497323220889355
13,7,20,0.0042564987207957036
11,9,20,0.4586140219451372
11,9,20,NaN
4,16,20,0.004712440902467837
16,4,20,NaN
11,9,20,0.09105766621279708
10,10,20,NaN
3,17,20,0.8909590781505728
6,14,20,0.8062781873736411
6,14,20,0.642689094081309
10,10,20,0.003214912144702669
8,12,20,0.028992243981550387
13,7,20,NaN
9,11,20,NaN
7,13,20,0.5076524678986474
7,13,20,0.4586140219451372
12,8,20,NaN
9,11,20,0.277471491507409
6,14,20,0.05916634506716057
11,9,20,0.024690146698745096
2,18,20,0.3193104281105608
5,15,20,6.460361636657547e-5
5,15,20,0.573098589262953
4,16,20,NaN
15,5,20,0.28426600068894337
11,9,20,0.0006493727364138523
15,5,20,NaN
18,2,20,3.18039721946026e-5
14,6,20,NaN
7,13,20,0.014717001943847528
8,12,20,0.20329806252841084
11,9,20,0.8302287522477523
14,6,20,NaN
11,9,20,NaN
12,8,20,0.7333908886180968
4,16,20,0.5191396285209304
13,7,20,0.8513802363848116
5,15,20,0.15348760037464887
7,13,20,0.2088844544951591
11,9,20,0.03890210706236823
16,4,20,0.5523648636569257
10,10,20,0.0012292130580919762
16,4,20,0.4072345406960547
7,13,20,0.00860264728312664
13,7,20,0.1791109280893668
14,6,20,0.3020052002900426
8,12,20,NaN
14,6,20,0.6027727376420208
15,5,20,0.9579845545903287
10,10,20,0.012741653266331953
8,12,20,0.9924026265045359
14,6,20,NaN
5,15,20,0.642689094081309
1,19,20,0.005634571703672751
7,13,20,0.5076524678986474
13,7,20,NaN
10,10,20,0.36374176270060876
17,3,20,0.0503944665317212
11,9,20,0.4471292575980997
9,11,20,0.5523648636569257
5,15,20,0.36374176270060876
11,9,20,NaN
14,6,20,0.31198408969139685
10,10,20,0.3782498717433507
11,9,20,NaN
17,3,20,NaN
13,7,20,0.11302026105487464
11,9,20,0.009637614688081324
10,10,20,1.6570090650072624e-6
9,11,20,NaN
17,3,20,0.9357857374272102
13,7,20,0.6826185730663652
10,10,20,0.006005517983946619
5,15,20,NaN
9,11,20,NaN
15,5,20,0.2218364154462191
11,9,20,0.035336573563776834
9,11,20,0.49892383316175287
6,14,20,0.358911943150381
13,7,20,0.3193104281105608
16,4,20,0.9508441883779281
12,8,20,1.8680062549606715e-6
5,15,20,0.02404186503231546
16,4,20,0.017809239281788392
8,12,20,0.5128219391352102
15,5,20,NaN
6,14,20,0.029824284599219358
12,8,20,NaN
7,13,20,0.23035644557879284
6,14,20,0.02143073799725636
2,18,20,0.5983910585585586
5,15,20,4.341039547152096e-5
10,10,20,NaN
4,16,20,0.6826185730663652
12,8,20,0.03690061693175856
11,9,20,0.0002955791183107961
15,5,20,0.023611196254042698
7,13,20,NaN
8,12,20,0.7188460181803934
13,7,20,0.29272761589065743
13,7,20,0.6506456077884595
3,17,20,0.7509979234994011
8,12,20,0.05970301221092745
7,13,20,0.08139481150030385
7,13,20,NaN
10,10,20,0.0008449652050963947
11,9,20,0.015089968713335646
12,8,20,0.5523648636569257
3,17,20,4.5983425621522395e-6
10,10,20,0.40523177787050535
12,8,20,0.0002448210590571628
17,3,20,0.08562647313259962
5,15,20,0.01496182552393055
11,9,20,0.5076524678986474
6,14,20,0.1791109280893668
6,14,20,0.5808666633907296
4,16,20,0.29715255820903336
13,7,20,0.13221071469067883
6,14,20,0.9587703180451176
4,16,20,NaN
4,16,20,NaN
9,11,20,NaN
2,18,20,0.36969666064844753
9,11,20,0.1791109280893668
1,19,20,0.05916634506716057
1,19,20,NaN
10,10,20,NaN
10,10,20,0.328712337182628
13,7,20,0.3548627999188388
9,11,20,0.6826185730663652
4,16,20,NaN
11,9,20,0.32300276396590005
7,13,20,0.8723440292898591
3,17,20,0.7729660811890191
6,14,20,0.2088844544951591
3,17,20,0.01735423014611375
2,18,20,0.04263845043616167
5,15,20,0.4768249905242542
5,15,20,0.02207390615669216
4,16,20,0.04263845043616167
4,16,20,NaN
6,14,20,0.18084715254243314
5,15,20,0.36374176270060876
3,17,20,0.1791109280893668
7,13,20,0.642689094081309
3,17,20,NaN
2,18,20,1.3633980628080784e-5
2,18,20,0.8062781873736411
2,18,20,0.00013458276534029015
3,17,20,0.0503944665317212
1,19,20,0.006201922851233514
4,16,20,1.5500199080701313e-5
3,17,20,0.15348760037464887
1,19,20,0.5523648636569257
2,18,20,NaN
4,16,20,NaN
1,19,20,0.0014242030416836869
1,19,20,0.32885543104665566
1,19,20,0.3193104281105608
0,20,20,0.13221071469067883
0,20,20,NaN
15,4,19,1.469412757810743e-5
6,13,19,0.08139481150030385
6,13,19,0.0005594485296840943
8,11,19,NaN
18,1,19,2.0956176012268725e-9
9,10,19,0.5076524678986474
6,13,19,NaN
15,4,19,NaN
7,12,19,0.7188460181803934
5,14,19,0.2981622156469929
14,5,19,NaN
14,5,19,0.29696897188982907
16,3,19,0.0006725834527887659
6,13,19,NaN
14,5,19,0.10894352278014344
15,4,19,NaN
16,3,19,1.2178113061489911e-7
15,4,19,0.4586140219451372
12,7,19,0.32550887611558293
11,8,19,2.2993408985411227e-7
6,13,19,NaN
15,4,19,0.29538310672822377
6,13,19,0.18539499648932065
16,3,19,0.0016732293345519133
9,10,19,0.33648333490631605
9,10,19,0.11302026105487464
18,1,19,0.0011282534860693313
10,9,19,0.9067597060883621
9,10,19,0.012932047490608712
8,11,19,0.6826185730663652
10,9,19,0.5983910585585586
19,0,19,0.9859421773727781
11,8,19,0.08938221657210706
11,8,19,0.328712337182628
12,7,19,0.004349449127575898
11,8,19,0.5523648636569257
5,14,19,0.0031735589044211646
3,16,19,NaN
8,11,19,0.1791109280893668
7,12,19,0.592728371721872
10,9,19,0.011968358633094556
2,17,19,NaN
14,5,19,0.00012470876579830063
6,13,19,0.9286312325354106
7,12,19,0.10018035317806351
6,13,19,0.06984398440883517
13,6,19,0.06583083090404351
17,2,19,0.0008033994362830834
7,12,19,NaN
14,5,19,0.2795481783803956
10,9,19,0.9871753875608087
7,12,19,0.3199870736619535
14,5,19,0.642689094081309
14,5,19,0.36374176270060876
11,8,19,NaN
17,2,19,0.8181324496642406
3,16,19,0.45481314061921624
13,6,19,0.1791109280893668
8,11,19,0.7872194117803603
5,14,19,0.012824418877557515
16,3,19,0.9925883253395366
10,9,19,0.5983910585585586
11,8,19,0.02339133548143489
13,6,19,NaN
7,12,19,0.008766137529732786
12,7,19,0.06984398440883517
6,13,19,NaN
9,10,19,0.5076524678986474
5,14,19,2.374731521887413e-7
12,7,19,0.09652246162613985
8,11,19,0.8723440292898591
12,7,19,0.18042439278799607
11,8,19,NaN
9,10,19,0.642689094081309
6,13,19,0.0824094096280251
11,8,19,0.06583083090404351
8,11,19,0.007524405405343552
14,5,19,NaN
6,13,19,0.4586140219451372
13,6,19,NaN
11,8,19,0.34068128815796594
5,14,19,0.013969144698178738
7,12,19,0.1228012686336284
13,6,19,0.0004958399930999592
11,8,19,NaN
9,10,19,0.4397926854951461
8,11,19,0.052258218847140166
4,15,19,0.11126203272844726
11,8,19,0.07922250157540066
19,0,19,7.467640920332199e-5
14,5,19,0.0025621281581768443
5,14,19,0.13494392431993374
9,10,19,NaN
9,10,19,0.25734154177517593
12,7,19,0.0503944665317212
2,17,19,0.36374176270060876
5,14,19,0.9410791383277298
13,6,19,0.7188460181803934
3,16,19,0.04263845043616167
10,9,19,0.9962234578773226
6,13,19,0.6769044346866214
11,8,19,0.6826185730663652
6,13,19,0.012741653266331953
15,4,19,0.12193470659563507
11,8,19,NaN
8,11,19,0.009865101169441821
11,8,19,0.3193104281105608
12,7,19,0.6826185730663652
15,4,19,NaN
5,14,19,0.007114009197751627
4,15,19,0.0002040863942539927
16,3,19,8.592922329678916e-8
5,14,19,0.13939753040010322
2,17,19,NaN
12,7,19,NaN
7,12,19,0.011281624065910113
6,13,19,NaN
2,17,19,0.5523648636569257
7,12,19,0.0059302857910690605
12,7,19,3.320494198354968e-14
7,12,19,NaN
9,10,19,0.7187732062816768
13,6,19,NaN
11,8,19,0.912737171907704
13,6,19,NaN
6,13,19,NaN
6,13,19,0.945911421671951
5,14,19,NaN
8,11,19,NaN
10,9,19,NaN
3,16,19,0.6012315219426208
4,15,19,0.5076524678986474
6,13,19,0.3526129033674414
19,0,19,NaN
8,11,19,0.36374176270060876
9,10,19,0.36374176270060876
4,15,19,0.41252963182922714
10,9,19,0.8725437819943441
11,8,19,0.7289058781336539
4,15,19,0.33532230856516276
13,6,19,NaN
10,9,19,0.28514136853222927
8,11,19,0.00032979668147106825
6,13,19,0.18739855256050647
11,8,19,NaN
4,15,19,0.4011716661849656
9,10,19,0.13948169904904745
3,16,19,0.02157758197933015
10,9,19,NaN
7,12,19,0.7509979234994011
13,6,19,0.4983999894315109
9,10,19,0.3886679797781146
8,11,19,0.5523648636569257
14,5,19,0.2088844544951591
10,9,19,0.015089968713335646
17,2,19,0.11430065933325513
4,15,19,0.15461687556142203
9,10,19,0.05469776630655054
15,4,19,0.3193104281105608
8,11,19,0.8344997629424745
14,5,19,0.043074232746882456
9,10,19,0.6826185730663652
5,14,19,0.05916634506716057
6,13,19,0.11302026105487464
6,13,19,0.09652246162613985
9,10,19,NaN
5,14,19,0.6826185730663652
4,15,19,0.9283966358967601
6,13,19,0.2795481783803956
6,13,19,0.03573862828111791
2,17,19,NaN
1,18,19,NaN
10,9,19,0.15348760037464887
13,6,19,0.7509979234994011
5,14,19,0.1541616061844056
8,11,19,0.8269492811669985
11,8,19,0.36374176270060876
8,11,19,1.5731108906210807e-6
5,14,19,NaN
7,12,19,NaN
3,16,19,NaN
6,13,19,0.7509979234994011
3,16,19,NaN
10,9,19,0.9563402821719186
8,11,19,0.11302026105487464
11,8,19,0.0011838028935378748
1,18,19,NaN
8,11,19,0.46402224115184865
4,15,19,0.15348760037464887
3,16,19,0.0058682811437342506
4,15,19,5.973923096488575e-5
5,14,19,0.010813388187228557
2,17,19,2.106852474727998e-7
1,18,19,NaN
4,15,19,0.04263845043616167
1,18,19,NaN
2,17,19,NaN
0,19,19,0.9551413956000916
0,19,19,0.8716473494242843
0,19,19,0.11302026105487464
9,9,18,0.42774966610772747
12,6,18,0.9475679371961635
6,12,18,0.0008970511646221738
12,6,18,0.20881547000068112
9,9,18,NaN
8,10,18,0.35012869551302656
7,11,18,0.6826185730663652
5,13,18,0.04263845043616167
13,5,18,0.8723440292898591
10,8,18,0.20840042060470745
16,2,18,2.604787970952424e-5
9,9,18,0.2088844544951591
12,6,18,0.8723440292898591
13,5,18,NaN
9,9,18,0.029824284599219358
12,6,18,NaN
12,6,18,0.5523648636569257
8,10,18,0.00031823028890063255
10,8,18,NaN
14,4,18,0.4118520667755012
15,3,18,0.014393470776476826
8,10,18,0.5983910585585586
6,12,18,0.8925277141426367
6,12,18,0.01050871192496647
13,5,18,0.15348760037464887
6,12,18,0.004712440902467837
12,6,18,0.34678784988039324
8,10,18,0.7145358142227716
7,11,18,0.6098719264883795
12,6,18,NaN
12,6,18,0.31230935842391955
14,4,18,0.1791109280893668
8,10,18,1.7748378518585728e-5
7,11,18,0.36374176270060876
8,10,18,0.05916634506716057
11,7,18,NaN
18,0,18,NaN
9,9,18,0.8302287522477523
12,6,18,0.01155237002259831
8,10,18,0.9590992146902556
13,5,18,0.055406475169695345
12,6,18,NaN
14,4,18,0.5523648636569257
6,12,18,0.6124218183637662
12,6,18,NaN
8,10,18,0.7509979234994011
9,9,18,0.09652246162613985
9,9,18,NaN
8,10,18,0.04051678026109166
9,9,18,0.002362185441926391
15,3,18,0.00014478460423929975
9,9,18,0.02994924110112625
11,7,18,0.8535399985089294
7,11,18,0.2783075606824509
8,10,18,0.13221071469067883
12,6,18,0.2930206077647949
13,5,18,NaN
7,11,18,0.1791109280893668
2,16,18,NaN
11,7,18,0.840844993684873
7,11,18,0.18880125685721041
15,3,18,0.2088844544951591
9,9,18,0.15348760037464887
9,9,18,0.18312734618423238
4,14,18,0.046781601450779316
14,4,18,0.08583827215684321
9,9,18,0.00038284861878394724
11,7,18,0.6943340770952557
13,5,18,0.10924490672164164
12,6,18,0.8723440292898591
14,4,18,0.01700187252703769
8,10,18,4.770990734362461e-9
8,10,18,0.47373290937216805
4,14,18,0.2426068904918033
4,14,18,0.4509523635122677
9,9,18,0.26924196194895783
9,9,18,0.32560771133864475
2,16,18,NaN
7,11,18,0.8535399985089294
13,5,18,NaN
9,9,18,NaN
11,7,18,NaN
15,3,18,1.0977928048705291e-10
10,8,18,NaN
6,12,18,0.5983910585585586
7,11,18,0.3193104281105608
6,12,18,0.012741653266331953
5,13,18,0.15348760037464887
10,8,18,0.007597892104180691
2,16,18,0.009200494388447333
2,16,18,0.07335530911919674
7,11,18,0.9357857374272102
18,0,18,NaN
11,7,18,0.3238101356243932
13,5,18,NaN
11,7,18,0.6581220170097587
9,9,18,0.5076524678986474
7,11,18,NaN
7,11,18,NaN
4,14,18,0.03573862828111791
7,11,18,NaN
12,6,18,0.5076524678986474
7,11,18,0.41042378787561506
13,5,18,0.47282336096417676
13,5,18,NaN
3,15,18,0.01050871192496647
7,11,18,NaN
12,6,18,NaN
10,8,18,0.1791109280893668
16,2,18,0.5076524678986474
6,12,18,0.15921417954925812
8,10,18,0.04519790339461252
8,10,18,0.0011547174856728194
10,8,18,NaN
15,3,18,NaN
7,11,18,0.9574121554627333
4,14,18,0.2426068904918033
7,11,18,NaN
9,9,18,0.9925883253395366
4,14,18,0.6826185730663652
11,7,18,0.04263845043616167
7,11,18,0.41515407414177885
7,11,18,0.6682556086158644
4,14,18,0.573098589262953
11,7,18,0.9690346747319138
9,9,18,0.6693601917233962
12,6,18,NaN
7,11,18,0.017632766004785826
9,9,18,0.025396716993254218
7,11,18,0.023565228958891005
1,17,18,NaN
12,6,18,0.922423104079044
6,12,18,0.09580771961617135
13,5,18,0.5983910585585586
7,11,18,0.3518360469447325
4,14,18,0.9741337647667054
6,12,18,0.8553916717037049
9,9,18,0.9475679371961635
9,9,18,NaN
3,15,18,0.5523648636569257
8,10,18,0.0006992063207931342
11,7,18,0.028135845197077652
9,9,18,0.02143073799725636
1,17,18,0.0016732293345519133
1,17,18,0.00860264728312664
5,13,18,0.82866417493974
14,4,18,NaN
12,6,18,0.004712440902467837
8,10,18,0.11302026105487464
6,12,18,0.2088844544951591
2,16,18,NaN
8,10,18,0.02205312626898232
7,11,18,0.1887806942915111
5,13,18,0.36374176270060876
12,6,18,NaN
9,9,18,NaN
9,9,18,NaN
13,5,18,0.31057181548614277
7,11,18,0.602302268386588
11,7,18,NaN
14,4,18,0.5158885560256659
5,13,18,0.15859756272314282
7,11,18,0.5642125429726337
7,11,18,0.834736261669968
6,12,18,0.011255873938912232
11,7,18,2.2993408985411227e-7
7,11,18,NaN
9,9,18,0.8062781873736411
4,14,18,0.03299592477585781
11,7,18,0.001264771120908001
8,10,18,0.004352143393076065
3,15,18,0.6826185730663652
5,13,18,0.00034988525791628954
4,14,18,0.8723440292898591
7,11,18,NaN
11,7,18,0.16558451578635283
7,11,18,NaN
10,8,18,0.1824243747877662
8,10,18,NaN
9,9,18,0.8535399985089294
3,15,18,NaN
3,15,18,0.13338655110690298
9,9,18,0.7488933327453411
3,15,18,0.09652246162613985
6,12,18,0.9149483893219784
8,10,18,0.04317860913941315
13,5,18,0.0014046777643045725
10,8,18,0.278258152322105
5,13,18,NaN
4,14,18,0.7644424740017643
10,8,18,1.05608089136668e-6
1,17,18,0.0071785627562279105
4,14,18,0.8723440292898591
7,11,18,0.025396716993254218
7,11,18,0.3825811907326426
4,14,18,0.22667392938487094
6,12,18,0.11302026105487464
1,17,18,0.36374176270060876
1,17,18,NaN
8,10,18,0.0017958034777143944
3,15,18,0.0004186729736781827
1,17,18,NaN
3,15,18,0.11302026105487464
2,16,18,0.1791109280893668
5,13,18,0.6357006372723653
3,15,18,0.0009680030158229162
1,17,18,0.023562570199240084
1,17,18,0.016898293391766277
1,17,18,0.2011213076870242
1,17,18,0.0007935761045515648
2,16,18,0.8429544588585163
0,18,18,0.7190347398634793
0,18,18,0.04263845043616167
12,5,17,0.35416243832195843
13,4,17,NaN
7,10,17,0.544193838027439
17,0,17,NaN
15,2,17,0.0030911984335224856
5,12,17,0.36374176270060876
10,7,17,0.5076524678986474
15,2,17,NaN
13,4,17,0.2795481783803956
8,9,17,0.22215563847662267
12,5,17,0.9894980370555401
11,6,17,NaN
9,8,17,0.273806702467095
11,6,17,0.1791109280893668
14,3,17,0.0503944665317212
13,4,17,NaN
3,14,17,0.15348760037464887
10,7,17,0.34106245848042666
11,6,17,0.003595610550342146
7,10,17,NaN
13,4,17,NaN
12,5,17,0.8344290994017506
17,0,17,0.8852919168310224
5,12,17,0.056156984482553435
15,2,17,0.33830160052348773
14,3,17,0.085078133706641
10,7,17,NaN
6,11,17,0.15348760037464887
15,2,17,NaN
5,12,17,0.002799347354138233
9,8,17,0.8062781873736411
12,5,17,NaN
17,0,17,0.6134793249153393
12,5,17,0.5932088128375318
7,10,17,0.07831919282802902
7,10,17,0.6409055963569094
9,8,17,0.03573862828111791
15,2,17,0.573098589262953
4,13,17,0.1876240227260845
9,8,17,0.5983910585585586
9,8,17,0.00011528257319333047
11,6,17,0.3612420581262006
7,10,17,NaN
3,14,17,NaN
4,13,17,0.6826185730663652
11,6,17,0.08139481150030385
8,9,17,0.8580538269218619
6,11,17,0.2795481783803956
14,3,17,2.5165198603093445e-6
8,9,17,NaN
8,9,17,0.004964765647934248
11,6,17,0.30869787565040996
10,7,17,0.023884147326585038
10,7,17,0.474102139918587
14,3,17,0.029824284599219358
11,6,17,0.04263845043616167
9,8,17,0.4781869456645252
8,9,17,0.029824284599219358
13,4,17,0.0624676077943034
6,11,17,NaN
7,10,17,NaN
14,3,17,0.2088844544951591
13,4,17,NaN
10,7,17,NaN
14,3,17,0.0068020993336829465
2,15,17,0.04263845043616167
8,9,17,0.7188460181803934
6,11,17,0.01050871192496647
7,10,17,0.9659495665715027
8,9,17,0.2779453149225339
6,11,17,0.11302026105487464
9,8,17,0.44590523132693405
7,10,17,0.1791109280893668
9,8,17,0.35416243832195843
14,3,17,0.8748338689022653
6,11,17,NaN
5,12,17,0.6059203167812426
11,6,17,NaN
6,11,17,0.03685119982638509
13,4,17,0.8302287522477523
12,5,17,NaN
8,9,17,0.9067597060883621
8,9,17,0.06016370386426825
9,8,17,NaN
4,13,17,0.40217810291899186
10,7,17,0.21166731943651435
7,10,17,0.10598165443522357
13,4,17,NaN
9,8,17,0.3977229420570414
8,9,17,NaN
15,2,17,0.08139481150030385
9,8,17,0.922423104079044
8,9,17,NaN
4,13,17,0.41042378787561506
8,9,17,0.00792080059296465
13,4,17,0.6280532978830939
2,15,17,0.09652246162613985
10,7,17,0.8844226408424266
13,4,17,0.8089362697361054
9,8,17,NaN
9,8,17,NaN
6,11,17,0.9067597060883621
5,12,17,0.16003384165767273
11,6,17,0.5874162718214628
3,14,17,0.5076524678986474
3,14,17,0.012741653266331953
13,4,17,0.005634571703672751
1,16,17,0.11302026105487464
11,6,17,1.846182578383445e-8
11,6,17,0.7808948524004466
8,9,17,0.409194151226937
7,10,17,0.2426068904918033
9,8,17,0.2795481783803956
6,11,17,NaN
12,5,17,0.32116250945492225
9,8,17,0.8723440292898591
9,8,17,0.33570000334274425
5,12,17,NaN
11,6,17,NaN
2,15,17,NaN
13,4,17,7.530947255856565e-8
12,5,17,0.8302287522477523
7,10,17,0.028305867933067826
7,10,17,0.4054081065964728
8,9,17,0.9768186520809004
10,7,17,NaN
13,4,17,0.5363044144107977
9,8,17,0.8062781873736411
9,8,17,0.1791109280893668
14,3,17,NaN
6,11,17,0.13298588881222836
2,15,17,0.36374176270060876
8,9,17,0.642689094081309
6,11,17,0.0021958903975481297
7,10,17,NaN
3,14,17,0.06984398440883517
6,11,17,0.17005011166707953
11,6,17,0.11302026105487464
12,5,17,0.14801075477638465
10,7,17,0.9475679371961635
9,8,17,0.07979267025439782
8,9,17,0.15348760037464887
1,16,17,NaN
10,7,17,0.7188460181803934
16,1,17,NaN
3,14,17,NaN
3,14,17,0.9467276154068415
9,8,17,0.8902934891536348
5,12,17,0.7998675719113165
8,9,17,NaN
5,12,17,NaN
6,11,17,NaN
8,9,17,0.3903426677795293
15,2,17,0.006369152340193213
7,10,17,0.05916634506716057
8,9,17,0.10690150196063285
5,12,17,0.5808290216634436
11,6,17,0.00010740904440561143
3,14,17,0.0037008868203887296
9,8,17,0.0047495909890053565
5,12,17,0.6580295140063044
5,12,17,0.642689094081309
11,6,17,NaN
1,16,17,0.5076524678986474
5,12,17,0.15072672829973616
12,5,17,0.4586140219451372
5,12,17,0.6193455220800589
11,6,17,0.0417388671824232
7,10,17,0.8535399985089294
7,10,17,NaN
2,15,17,0.5076524678986474
8,9,17,0.9389584886370896
12,5,17,0.19691175546497092
4,13,17,0.0503944665317212
4,13,17,0.922423104079044
12,5,17,0.922423104079044
5,12,17,0.06398687109811624
5,12,17,0.6826185730663652
4,13,17,0.007114009197751627
12,5,17,0.08644584196312062
6,11,17,0.5223167285410882
11,6,17,0.2959962516410448
6,11,17,0.2677134632380257
11,6,17,0.18758789139528098
3,14,17,0.9859421773727781
10,7,17,8.688231182091626e-7
4,13,17,0.9702412912237107
4,13,17,0.13221071469067883
5,12,17,0.13221071469067883
3,14,17,0.003214912144702669
2,15,17,NaN
5,12,17,NaN
4,13,17,0.19306403989118534
3,14,17,0.7509979234994011
6,11,17,0.05594401207032347
6,11,17,0.00860264728312664
5,12,17,0.922423104079044
4,13,17,0.0008416565952159143
14,3,17,NaN
1,16,17,NaN
5,12,17,NaN
5,12,17,0.0071021849217059434
3,14,17,0.2088844544951591
6,11,17,0.329952971999745
4,13,17,0.2795481783803956
9,8,17,0.24708357458322205
8,9,17,0.642689094081309
7,10,17,0.029824284599219358
2,15,17,0.0004897453491058705
5,12,17,NaN
9,8,17,0.2088844544951591
2,15,17,NaN
1,16,17,0.8424303355714282
4,13,17,NaN
5,12,17,6.39366002841773e-8
11,6,17,0.4888493948124885
4,13,17,0.7048180514738441
5,12,17,0.03573862828111791
6,11,17,0.1746630859367901
8,9,17,0.08010724261445588
9,8,17,NaN
2,15,17,0.0503944665317212
5,12,17,0.1791109280893668
6,11,17,5.63164661160279e-5
8,9,17,0.6507991269297501
4,13,17,0.020049710245597662
5,12,17,NaN
5,12,17,NaN
2,15,17,NaN
7,10,17,0.00031216975798997997
1,16,17,NaN
6,11,17,0.6858539065761025
6,11,17,0.7808948524004466
4,13,17,NaN
3,14,17,0.03674279941068971
2,15,17,0.036396610507321
3,14,17,0.025396716993254218
2,15,17,NaN
4,13,17,0.7876047692022679
1,16,17,0.9701270358216911
1,16,17,0.0036653613873500602
3,14,17,0.7822433197015767
1,16,17,NaN
2,15,17,0.005634571703672751
1,16,17,0.35055741112662414
2,15,17,0.0005514798683791658
1,16,17,0.4586140219451372
0,17,17,0.044010477636497874
0,17,17,0.36374176270060876
0,17,17,0.1274870533487553
0,17,17,0.00022519112368500366
0,17,17,NaN
0,17,17,0.0005676305174170848
0,17,17,0.41042378787561506
0,17,17,0.2088844544951591
0,17,17,0.2795481783803956
0,17,17,0.057777403606367905
0,17,17,0.024624445212847325
13,3,16,0.0023123473912791377
7,9,16,0.5983910585585586
4,12,16,0.2970819017275926
6,10,16,0.0029860364331175705
12,4,16,NaN
5,11,16,0.8302287522477523
10,6,16,0.08139481150030385
6,10,16,0.28195792567046224
15,1,16,NaN
12,4,16,0.0011547174856728194
6,10,16,0.2930206077647949
9,7,16,0.001845648252254383
6,10,16,0.08810787930912277
8,8,16,0.022985852797755894
13,3,16,0.4397926854951461
10,6,16,NaN
14,2,16,0.9067597060883621
6,10,16,NaN
8,8,16,NaN
15,1,16,1.8238133840206535e-6
10,6,16,7.566909335067003e-8
7,9,16,NaN
12,4,16,0.06743697419705218
6,10,16,0.40490112060015776
13,3,16,0.05794336467935737
7,9,16,0.11302026105487464
9,7,16,0.010987288883994426
7,9,16,0.01016362237359252
13,3,16,0.0006772842409414761
12,4,16,NaN
5,11,16,0.9344713221563866
6,10,16,0.06994787916089137
10,6,16,0.03573862828111791
12,4,16,0.5523648636569257
7,9,16,0.2861406008308366
9,7,16,0.08139481150030385
9,7,16,NaN
10,6,16,NaN
11,5,16,NaN
10,6,16,NaN
13,3,16,0.1791109280893668
11,5,16,NaN
11,5,16,NaN
6,10,16,0.40231985308476415
7,9,16,0.7580564122683859
12,4,16,0.1921797521301508
9,7,16,0.3451586911493643
1,15,16,3.899939021471759e-5
8,8,16,0.0068688061549034615
6,10,16,0.0024551616970668634
10,6,16,1.6738107006950055e-12
6,10,16,0.41113069050708845
10,6,16,0.3238101356243932
9,7,16,0.642689094081309
4,12,16,0.039640293140038384
8,8,16,0.03265961000912185
15,1,16,0.7509979234994011
12,4,16,0.6467511389745534
3,13,16,0.9859421773727781
3,13,16,0.5983910585585586
9,7,16,0.9205022691468101
7,9,16,0.8296408141378224
6,10,16,0.8723440292898591
12,4,16,0.9067597060883621
11,5,16,0.9943380522144175
7,9,16,NaN
5,11,16,0.36195297437028884
4,12,16,0.6383468383625249
9,7,16,NaN
4,12,16,0.5983910585585586
11,5,16,NaN
10,6,16,0.013850471358827644
14,2,16,0.015706257305086825
8,8,16,0.4586140219451372
12,4,16,0.13357219904791257
9,7,16,0.009375006896480569
8,8,16,NaN
6,10,16,0.7808948524004466
8,8,16,0.15348760037464887
7,9,16,0.15348760037464887
4,12,16,0.0021692792093601187
10,6,16,0.7509979234994011
11,5,16,0.7439598490779881
4,12,16,NaN
11,5,16,0.5076524678986474
2,14,16,3.790320011681716e-5
7,9,16,0.14222803322513833
7,9,16,NaN
8,8,16,NaN
3,13,16,4.3402489776649083e-10
7,9,16,0.573098589262953
12,4,16,0.922423104079044
11,5,16,0.1196553105104064
8,8,16,0.8247356324416308
7,9,16,0.3557282890017735
14,2,16,0.5746573339212786
13,3,16,0.9628723560619397
9,7,16,0.09652246162613985
8,8,16,0.12419089262854262
10,6,16,1.8785439257436751e-6
7,9,16,0.6826185730663652
4,12,16,0.017809239281788392
10,6,16,0.00023270269541187015
6,10,16,NaN
7,9,16,0.44590523132693405
9,7,16,0.0013564294859965127
11,5,16,0.16511587625456212
7,9,16,0.642689094081309
7,9,16,0.36374176270060876
5,11,16,0.7808948524004466
8,8,16,0.2579283231289492
8,8,16,0.6826185730663652
12,4,16,0.11622861426660984
5,11,16,NaN
12,4,16,NaN
9,7,16,0.017809239281788392
13,3,16,NaN
12,4,16,0.3802867526761544
6,10,16,0.0007252481267350645
6,10,16,0.8535399985089294
7,9,16,NaN
8,8,16,0.3253316105928995
8,8,16,NaN
2,14,16,NaN
8,8,16,0.8535399985089294
14,2,16,0.2426068904918033
12,4,16,NaN
8,8,16,0.7188460181803934
10,6,16,NaN
6,10,16,NaN
4,12,16,0.05916634506716057
3,13,16,0.2088844544951591
13,3,16,0.00523453835779427
1,15,16,0.7509979234994011
9,7,16,0.0503944665317212
5,11,16,0.41042378787561506
12,4,16,0.002057847308614899
3,13,16,0.03196899763992128
15,1,16,0.5076524678986474
9,7,16,0.1997494873360892
10,6,16,NaN
7,9,16,NaN
12,4,16,NaN
7,9,16,NaN
6,10,16,0.5808666633907296
10,6,16,0.5808666633907296
6,10,16,0.0011790685123804023
2,14,16,0.000454919377929867
6,10,16,0.09122925352261502
9,7,16,0.13221071469067883
13,3,16,0.15130489367694008
1,15,16,NaN
8,8,16,NaN
14,2,16,0.7509979234994011
8,8,16,0.001334172353591641
5,11,16,0.014393470776476826
7,9,16,0.34158205320585344
7,9,16,0.9897292732740418
7,9,16,NaN
5,11,16,NaN
10,6,16,0.5076524678986474
7,9,16,NaN
5,11,16,0.41042378787561506
5,11,16,0.03227863004899381
12,4,16,0.8535399985089294
5,11,16,NaN
10,6,16,0.16273477828061159
9,7,16,0.2860349802547788
5,11,16,0.1735630442847757
8,8,16,NaN
6,10,16,NaN
9,7,16,0.6826185730663652
4,12,16,0.0009250734075367824
14,2,16,0.21039353683207823
10,6,16,0.6089458443252129
8,8,16,0.4842336536579429
9,7,16,0.002799347354138233
7,9,16,NaN
10,6,16,0.09879527175250628
9,7,16,0.9475679371961635
6,10,16,0.010813388187228557
3,13,16,0.002993922185439704
10,6,16,0.05916634506716057
5,11,16,0.13221071469067883
7,9,16,NaN
15,1,16,0.2088844544951591
7,9,16,0.21474190294404333
4,12,16,0.029824284599219358
7,9,16,NaN
4,12,16,0.9067597060883621
12,4,16,0.5523648636569257
3,13,16,NaN
6,10,16,0.5808666633907296
13,3,16,0.7509979234994011
11,5,16,0.7188460181803934
6,10,16,0.36374176270060876
8,8,16,0.7590189500578511
3,13,16,0.001428160033282153
9,7,16,0.016193374210655864
5,11,16,NaN
9,7,16,0.023565228958891005
5,11,16,NaN
8,8,16,0.004746098330772899
13,3,16,NaN
6,10,16,0.2088844544951591
6,10,16,NaN
4,12,16,0.8012132539784661
5,11,16,NaN
6,10,16,0.8725437819943441
11,5,16,NaN
13,3,16,0.5523648636569257
3,13,16,0.2618936890146383
14,2,16,0.9205022691468101
10,6,16,NaN
5,11,16,0.8535399985089294
7,9,16,0.5983910585585586
5,11,16,4.818080713939992e-16
9,7,16,NaN
6,10,16,0.7541494337371842
11,5,16,NaN
7,9,16,NaN
3,13,16,9.637244292392102e-5
5,11,16,0.0503944665317212
7,9,16,0.2620658033344678
4,12,16,NaN
12,4,16,7.21583940505715e-5
9,7,16,1.008844571882023e-8
3,13,16,0.0013986391060238092
10,6,16,0.8302287522477523
7,9,16,NaN
9,7,16,0.44590523132693405
11,5,16,0.20352749494436173
1,15,16,0.7509979234994011
9,7,16,0.11976699508188379
4,12,16,0.41042378787561506
7,9,16,0.46273902769594843
11,5,16,NaN
4,12,16,0.00015397886312864032
4,12,16,0.15348760037464887
5,11,16,0.5983910585585586
7,9,16,0.8302287522477523
4,12,16,0.7188460181803934
9,7,16,0.0030992613326686746
4,12,16,0.6658554027327935
9,7,16,0.7509979234994011
8,8,16,0.8369854033200408
6,10,16,0.883431935051208
11,5,16,0.9946806672073457
7,9,16,NaN
7,9,16,0.13692386873875886
3,13,16,6.617862609519856e-5
3,13,16,0.03207462022978818
2,14,16,NaN
6,10,16,NaN
8,8,16,0.11302026105487464
5,11,16,NaN
9,7,16,0.0009852363491042106
5,11,16,0.09772938773646368
3,13,16,0.13221071469067883
7,9,16,0.04782093930377707
2,14,16,0.13221071469067883
2,14,16,0.9357857374272102
6,10,16,0.1975414228509239
1,15,16,0.029824284599219358
8,8,16,0.19441012741868302
9,7,16,0.26283687158372915
5,11,16,0.5620867688281123
3,13,16,0.006690912916143847
7,9,16,0.7509979234994011
1,15,16,0.1791109280893668
5,11,16,0.012772735181179728
3,13,16,NaN
3,13,16,0.21671930656707988
6,10,16,0.0005891942227656538
9,7,16,0.9859421773727781
4,12,16,0.2426068904918033
6,10,16,0.025396716993254218
7,9,16,0.7428308904860887
5,11,16,0.7910421492560702
2,14,16,0.36374176270060876
4,12,16,0.054928933225877864
4,12,16,NaN
1,15,16,0.13221071469067883
1,15,16,0.5983910585585586
2,14,16,0.06512976391659764
3,13,16,0.7188460181803934
5,11,16,0.06538444394079096
1,15,16,NaN
4,12,16,NaN
2,14,16,0.9574121554627333
2,14,16,0.2088844544951591
1,15,16,0.03573862828111791
0,16,16,0.1791109280893668
0,16,16,0.025396716993254218
0,16,16,0.9659495665715027
0,16,16,NaN
0,16,16,0.9605104437057684
0,16,16,0.11302026105487464
0,16,16,0.642689094081309
0,16,16,0.4586140219451372
0,16,16,0.0503944665317212
0,16,16,0.3193104281105608
11,4,15,0.9587091673158951
8,7,15,0.22427352913723878
6,9,15,0.4747666970762931
10,5,15,NaN
9,6,15,NaN
14,1,15,NaN
12,3,15,NaN
7,8,15,0.8909590781505728
3,12,15,0.8302287522477523
7,8,15,0.0006912491395759083
14,1,15,NaN
8,7,15,0.09772938773646368
4,11,15,0.7974065080042907
6,9,15,NaN
7,8,15,0.04182013852539737
7,8,15,0.0011081071189165538
7,8,15,0.31065483074330563
14,1,15,0.10323764449344469
8,7,15,0.008140006187858746
9,6,15,NaN
10,5,15,0.00049606464988809
6,9,15,0.08562647313259962
5,10,15,NaN
6,9,15,0.06984398440883517
5,10,15,0.4586140219451372
11,4,15,NaN
13,2,15,0.4586140219451372
9,6,15,0.8302287522477523
9,6,15,0.003777734918711348
7,8,15,0.8649519444162038
7,8,15,0.8062781873736411
7,8,15,NaN
6,9,15,0.642689094081309
10,5,15,0.4586140219451372
12,3,15,0.2088844544951591
14,1,15,0.0033451512569568406
7,8,15,NaN
4,11,15,0.2795481783803956
4,11,15,0.11432840452433327
8,7,15,NaN
9,6,15,NaN
10,5,15,0.8799841070868237
10,5,15,0.025396716993254218
8,7,15,NaN
7,8,15,0.09652246162613985
6,9,15,NaN
7,8,15,0.40420347975869536
9,6,15,0.006805892474860644
11,4,15,0.002930456025972927
8,7,15,0.4232468654287105
14,1,15,0.000298311016953334
9,6,15,NaN
9,6,15,NaN
10,5,15,0.012183728479945725
9,6,15,0.9301145769401022
8,7,15,NaN
7,8,15,0.05227536144780493
11,4,15,NaN
9,6,15,0.00010434324501415248
13,2,15,0.017809239281788392
10,5,15,0.11152871893335047
3,12,15,NaN
8,7,15,0.33218914285479373
4,11,15,0.08699386357691172
10,5,15,0.15348760037464887
8,7,15,0.7188460181803934
9,6,15,0.15978657154542225
8,7,15,0.9925883253395366
1,14,15,NaN
10,5,15,0.19678041005167832
3,12,15,0.030340977289191686
7,8,15,0.4586140219451372
9,6,15,0.4586140219451372
15,0,15,NaN
8,7,15,0.001387219336199263
7,8,15,0.002404671954333039
5,10,15,0.12411242582549202
14,1,15,0.3193104281105608
2,13,15,0.8062781873736411
10,5,15,0.01522627875019064
6,9,15,0.13221071469067883
12,3,15,0.5734335198656884
10,5,15,0.5437418855387848
9,6,15,0.3782498717433507
12,3,15,0.9067597060883621
6,9,15,0.057040743290133304
7,8,15,0.6862909208832765
10,5,15,NaN
11,4,15,0.013029286381943655
14,1,15,NaN
10,5,15,NaN
2,13,15,NaN
9,6,15,0.5523648636569257
13,2,15,0.11302026105487464
8,7,15,0.9962564702532718
11,4,15,0.2088844544951591
12,3,15,0.5722728045494995
11,4,15,0.06984398440883517
2,13,15,NaN
7,8,15,NaN
6,9,15,0.5983910585585586
6,9,15,NaN
13,2,15,0.642689094081309
8,7,15,0.025396716993254218
2,13,15,0.13948169904904745
11,4,15,0.1899171023346868
10,5,15,NaN
7,8,15,0.025396716993254218
9,6,15,0.5523648636569257
3,12,15,0.4888493948124885
5,10,15,0.15348760037464887
7,8,15,NaN
12,3,15,0.012741653266331953
4,11,15,0.19609696316141254
6,9,15,0.1791109280893668
11,4,15,0.04974041485062746
5,10,15,0.044015513192781484
5,10,15,0.36374176270060876
7,8,15,0.7509979234994011
11,4,15,NaN
7,8,15,NaN
6,9,15,0.5647120721061615
2,13,15,NaN
5,10,15,NaN
4,11,15,0.3193104281105608
3,12,15,0.08139481150030385
9,6,15,0.8302287522477523
2,13,15,0.8723440292898591
5,10,15,0.36374176270060876
10,5,15,0.2795481783803956
5,10,15,0.642689094081309
10,5,15,0.11302026105487464
8,7,15,0.03897087659755388
6,9,15,0.012790346845220303
5,10,15,NaN
9,6,15,NaN
11,4,15,NaN
7,8,15,0.09428887294677438
5,10,15,0.00026437170263710584
9,6,15,0.29702408848066364
7,8,15,0.7808948524004466
13,2,15,NaN
11,4,15,NaN
8,7,15,0.9443307030280985
10,5,15,NaN
11,4,15,NaN
9,6,15,NaN
5,10,15,NaN
4,11,15,0.01735423014611375
4,11,15,3.532077613921596e-7
3,12,15,0.9357857374272102
11,4,15,NaN
4,11,15,NaN
10,5,15,NaN
3,12,15,0.2426068904918033
10,5,15,0.0002648648856204764
11,4,15,0.44105294990683497
10,5,15,NaN
11,4,15,0.36374176270060876
8,7,15,0.8723440292898591
9,6,15,1.6872437408058494e-8
6,9,15,NaN
6,9,15,0.9357857374272102
9,6,15,0.642689094081309
7,8,15,NaN
10,5,15,0.1167729502007665
4,11,15,0.27948729239967024
5,10,15,NaN
8,7,15,0.007568473791032749
10,5,15,NaN
7,8,15,0.8852919168310224
3,12,15,0.8029693083531891
5,10,15,0.40412664942030396
4,11,15,NaN
8,7,15,0.17140558947561127
6,9,15,0.5822293086838857
8,7,15,0.010907629103635085
6,9,15,NaN
5,10,15,0.9574121554627333
7,8,15,0.02143073799725636
12,3,15,0.2287805272088277
12,3,15,0.5076524678986474
4,11,15,NaN
5,10,15,NaN
8,7,15,0.8302287522477523
7,8,15,0.5983910585585586
3,12,15,0.1791109280893668
4,11,15,0.2795481783803956
13,2,15,0.9067597060883621
6,9,15,0.41042378787561506
5,10,15,2.3950175624771e-5
11,4,15,0.7868320549155269
3,12,15,0.5463257901589124
5,10,15,0.05916634506716057
12,3,15,0.7861413318419751
8,7,15,NaN
9,6,15,0.297434731070703
4,11,15,0.5859372942709932
6,9,15,0.5149266812218193
6,9,15,NaN
7,8,15,0.00206092950790518
7,8,15,0.01050871192496647
12,3,15,0.4751777548491288
9,6,15,0.8723440292898591
8,7,15,0.8541969225493384
7,8,15,0.6089458443252129
4,11,15,0.922423104079044
9,6,15,NaN
8,7,15,NaN
12,3,15,0.0012080161381249862
12,3,15,0.0007469738604877537
8,7,15,NaN
6,9,15,0.8280485434190639
2,13,15,NaN
9,6,15,0.031780124353045315
5,10,15,0.7509979234994011
8,7,15,NaN
6,9,15,NaN
10,5,15,0.0027867393686131572
6,9,15,NaN
6,9,15,NaN
10,5,15,0.12586562341597737
3,12,15,0.18456554620559762
5,10,15,0.018097828123068795
8,7,15,NaN
10,5,15,0.41042378787561506
6,9,15,NaN
9,6,15,0.010535957886903992
9,6,15,NaN
5,10,15,0.007114009197751627
7,8,15,0.5642636511930668
6,9,15,NaN
8,7,15,0.5983910585585586
11,4,15,0.11700459002274997
9,6,15,0.0001431721314078632
9,6,15,NaN
5,10,15,0.6599569845035915
4,11,15,0.642689094081309
11,4,15,NaN
7,8,15,0.6331571465013351
11,4,15,0.8723440292898591
5,10,15,NaN
6,9,15,NaN
13,2,15,NaN
2,13,15,0.08139481150030385
4,11,15,0.7188460181803934
8,7,15,0.006276031066210419
6,9,15,0.5085116998523612
5,10,15,0.05916634506716057
6,9,15,0.8600163467145825
5,10,15,4.733834286125486e-7
8,7,15,0.05032113908472779
8,7,15,0.7509979234994011
9,6,15,0.02645492882733011
7,8,15,0.642689094081309
7,8,15,0.13221071469067883
3,12,15,0.15348760037464887
5,10,15,0.1167056901731024
7,8,15,NaN
2,13,15,0.37428212030324276
10,5,15,NaN
6,9,15,0.11302026105487464
4,11,15,0.12411242582549202
2,13,15,0.08651461695312769
6,9,15,0.06984398440883517
6,9,15,0.8535399985089294
3,12,15,NaN
6,9,15,0.2426068904918033
14,1,15,0.004090070604148258
7,8,15,0.8339310638391141
3,12,15,0.15468166405432204
1,14,15,0.00011140807200615495
3,12,15,0.41042378787561506
3,12,15,0.5076524678986474
8,7,15,NaN
2,13,15,NaN
7,8,15,0.8060848162010166
4,11,15,0.03573862828111791
3,12,15,0.9156591726617589
1,14,15,0.12411242582549202
5,10,15,0.05916634506716057
1,14,15,NaN
9,6,15,0.49809665498576206
3,12,15,NaN
1,14,15,NaN
3,12,15,NaN
4,11,15,NaN
4,11,15,NaN
3,12,15,0.5983910585585586
3,12,15,0.015641826901849724
7,8,15,0.47887713470781335
2,13,15,NaN
5,10,15,4.540092878652221e-5
3,12,15,1.5018658825373474e-6
2,13,15,NaN
5,10,15,0.2088844544951591
1,14,15,0.05332224817129789
3,12,15,0.674528987906287
7,8,15,1.7353788429612784e-8
3,12,15,0.004274085027576025
4,11,15,3.0342940276923707e-5
2,13,15,0.7192827428147586
3,12,15,0.9805623737621987
1,14,15,0.8296408141378224
1,14,15,0.6207383620468492
8,7,15,NaN
6,9,15,NaN
2,13,15,NaN
1,14,15,0.3193104281105608
4,11,15,0.004712440902467837
8,7,15,0.002831392811203113
5,10,15,0.5983910585585586
3,12,15,0.36374176270060876
3,12,15,0.5839875771372758
6,9,15,0.18209808310225656
1,14,15,NaN
3,12,15,0.8909590781505728
7,8,15,0.5076524678986474
3,12,15,3.473683627057986e-5
2,13,15,0.2795481783803956
2,13,15,NaN
3,12,15,0.15348760037464887
1,14,15,NaN
4,11,15,NaN
1,14,15,0.41042378787561506
2,13,15,0.6711172142161339
1,14,15,0.11302026105487464
4,11,15,0.36651418407645836
3,12,15,0.4727789766829252
2,13,15,NaN
3,12,15,NaN
1,14,15,NaN
0,15,15,1.2816966265241366e-6
0,15,15,0.2088844544951591
0,15,15,NaN
0,15,15,0.2142098532830782
0,15,15,NaN
0,15,15,NaN
0,15,15,NaN
0,15,15,0.19677433186419235
6,8,14,0.029388525457215122
9,5,14,0.8723440292898591
4,10,14,0.6216521463069983
11,3,14,NaN
6,8,14,0.9067597060883621
3,11,14,0.11302026105487464
10,4,14,0.01304323643976395
8,6,14,0.7808948524004466
7,7,14,NaN
6,8,14,0.642689094081309
9,5,14,0.13221071469067883
9,5,14,0.8535399985089294
12,2,14,0.33818089941469104
6,8,14,0.17441233442461135
11,3,14,NaN
8,6,14,0.09652246162613985
7,7,14,0.36374176270060876
7,7,14,0.6638740160992322
12,2,14,0.5697351678496902
5,9,14,0.5523648636569257
9,5,14,NaN
8,6,14,0.5076524678986474
7,7,14,NaN
11,3,14,0.7188460181803934
13,1,14,NaN
12,2,14,0.00860264728312664
5,9,14,0.3598105494281623
7,7,14,NaN
6,8,14,NaN
11,3,14,0.04519327922643391
8,6,14,NaN
7,7,14,0.11302026105487464
10,4,14,NaN
10,4,14,0.0006241356503255539
6,8,14,NaN
9,5,14,0.15978657154542225
13,1,14,0.031780124353045315
6,8,14,NaN
5,9,14,0.016767735301554742
9,5,14,0.1516835119325457
9,5,14,0.1791109280893668
8,6,14,0.015089968713335646
5,9,14,0.015089968713335646
2,12,14,0.5523648636569257
8,6,14,0.3193104281105608
11,3,14,NaN
4,10,14,NaN
6,8,14,0.7709957470903195
11,3,14,0.34090664782608404
7,7,14,0.8909590781505728
6,8,14,0.044015513192781484
11,3,14,0.01846599211423401
9,5,14,0.9367425939034375
7,7,14,NaN
6,8,14,NaN
9,5,14,NaN
7,7,14,NaN
5,9,14,NaN
8,6,14,NaN
6,8,14,0.8012132539784661
6,8,14,0.13525498010852344
8,6,14,0.17005011166707953
13,1,14,0.00789902270808456
11,3,14,0.5076524678986474
6,8,14,0.9067597060883621
8,6,14,NaN
5,9,14,NaN
8,6,14,4.1589794623735015e-6
6,8,14,0.4545242719213853
6,8,14,NaN
4,10,14,0.11490953216129625
3,11,14,0.4867902033439649
7,7,14,0.12931179749625624
12,2,14,NaN
8,6,14,0.6971319114748225
13,1,14,0.0006912491395759083
6,8,14,0.2426068904918033
5,9,14,0.21339965328488214
5,9,14,0.001153107295270294
10,4,14,0.1095174533896632
8,6,14,0.2795481783803956
7,7,14,NaN
4,10,14,0.4586140219451372
8,6,14,NaN
7,7,14,NaN
7,7,14,0.36608229517974206
7,7,14,0.642689094081309
12,2,14,0.0001517941869791574
12,2,14,2.0882251367458285e-6
5,9,14,0.085078133706641
9,5,14,0.5523648636569257
7,7,14,NaN
11,3,14,0.016645576504332436
1,13,14,NaN
5,9,14,NaN
8,6,14,0.11302026105487464
11,3,14,0.8535399985089294
5,9,14,0.7808948524004466
7,7,14,0.012932047490608712
7,7,14,NaN
11,3,14,0.8652048702078649
7,7,14,0.15348760037464887
7,7,14,NaN
12,2,14,0.07305513785456054
13,1,14,5.0116057066428296e-5
10,4,14,0.1543201771521826
9,5,14,1.6191728089822773e-9
8,6,14,0.8302287522477523
7,7,14,NaN
8,6,14,NaN
10,4,14,0.5123610063648768
3,11,14,0.09652246162613985
3,11,14,0.642689094081309
11,3,14,0.6826185730663652
5,9,14,NaN
10,4,14,0.0002550335332863065
10,4,14,0.011405512594394467
4,10,14,0.03573862828111791
9,5,14,0.6826185730663652
10,4,14,0.05916634506716057
4,10,14,NaN
2,12,14,0.3782498717433507
4,10,14,4.528711280781864e-7
10,4,14,7.530947255856565e-8
7,7,14,0.018844387497186796
7,7,14,0.028996439680863552
4,10,14,0.012667882730039427
7,7,14,0.9859421773727781
7,7,14,NaN
10,4,14,0.2426068904918033
11,3,14,1.770694321349464e-7
12,2,14,NaN
10,4,14,0.06523856297827169
7,7,14,0.7188460181803934
6,8,14,0.2795481783803956
5,9,14,0.2088844544951591
9,5,14,NaN
7,7,14,0.09472330744609117
6,8,14,0.000992280330419325
10,4,14,0.015018387739662475
7,7,14,0.00037173336717369874
4,10,14,0.00419675867043209
5,9,14,0.05227382461590872
9,5,14,0.8302287522477523
7,7,14,0.4297422876056554
9,5,14,NaN
9,5,14,NaN
9,5,14,NaN
11,3,14,0.0503944665317212
4,10,14,0.5076524678986474
7,7,14,0.2795481783803956
11,3,14,0.0616015142592515
5,9,14,0.004231097745474225
11,3,14,0.41042378787561506
4,10,14,0.48152378233972265
3,11,14,NaN
7,7,14,0.06163655504548603
6,8,14,0.6826185730663652
6,8,14,0.2795481783803956
8,6,14,0.9776089386027316
2,12,14,0.02010203712785501
7,7,14,0.3193104281105608
7,7,14,NaN
10,4,14,NaN
6,8,14,0.8400549255027575
3,11,14,8.189825770422246e-5
4,10,14,NaN
8,6,14,0.0503944665317212
10,4,14,0.13668591831866247
7,7,14,NaN
13,1,14,0.05916634506716057
2,12,14,NaN
8,6,14,1.3633980628080784e-5
5,9,14,0.025868223578767762
5,9,14,0.773542078068115
9,5,14,0.0020307119803642964
2,12,14,NaN
7,7,14,NaN
9,5,14,0.017809239281788392
6,8,14,0.8152767074495718
5,9,14,0.013533813980057027
9,5,14,0.8723440292898591
6,8,14,NaN
9,5,14,NaN
10,4,14,0.0004256923450336073
4,10,14,NaN
9,5,14,0.5262600965519783
9,5,14,0.41042378787561506
9,5,14,0.5251031137265741
9,5,14,0.48034970863649584
13,1,14,3.971451310936417e-7
13,1,14,NaN
5,9,14,NaN
3,11,14,NaN
8,6,14,0.5523648636569257
3,11,14,0.5983910585585586
5,9,14,0.0503944665317212
8,6,14,0.17723095753475976
4,10,14,0.8429544588585163
6,8,14,0.06930164104043468
8,6,14,0.2426068904918033
8,6,14,0.014509183970147601
13,1,14,NaN
5,9,14,NaN
12,2,14,0.24753786517633375
8,6,14,0.5983910585585586
2,12,14,0.7188460181803934
8,6,14,0.02622823020257257
3,11,14,0.8062781873736411
7,7,14,NaN
7,7,14,0.00038284861878394724
6,8,14,0.7509979234994011
10,4,14,0.5085116998523612
9,5,14,0.5325365154426923
8,6,14,0.13221071469067883
6,8,14,NaN
4,10,14,NaN
1,13,14,0.5127779956941191
8,6,14,0.12426341086844839
8,6,14,0.6012315219426208
8,6,14,0.019922908586294096
10,4,14,0.2795481783803956
5,9,14,NaN
7,7,14,NaN
6,8,14,0.01386724499192335
3,11,14,0.025396716993254218
6,8,14,NaN
8,6,14,0.00025835543852426203
10,4,14,0.8302287522477523
5,9,14,0.2795481783803956
5,9,14,0.3020052002900426
11,3,14,0.922423104079044
7,7,14,0.9067597060883621
4,10,14,0.02823042029435206
9,5,14,0.8693248545202085
8,6,14,NaN
1,13,14,0.01050871192496647
3,11,14,NaN
4,10,14,0.9925883253395366
7,7,14,NaN
9,5,14,0.029824284599219358
9,5,14,NaN
10,4,14,NaN
6,8,14,NaN
6,8,14,0.7188460181803934
6,8,14,0.013737070107134897
7,7,14,NaN
5,9,14,NaN
3,11,14,0.2108952582011679
1,13,14,0.6729128367813303
5,9,14,NaN
5,9,14,0.007062902830364311
5,9,14,0.6699026606480135
6,8,14,0.4586140219451372
4,10,14,0.041983466097690915
8,6,14,0.9574121554627333
2,12,14,0.7509979234994011
8,6,14,0.9471340998426663
10,4,14,NaN
3,11,14,0.2426068904918033
9,5,14,0.1444645896783339
4,10,14,0.642689094081309
11,3,14,0.8723440292898591
5,9,14,0.6826185730663652
6,8,14,0.32129440333391707
9,5,14,NaN
5,9,14,0.00866021270676138
3,11,14,NaN
5,9,14,NaN
5,9,14,NaN
7,7,14,0.5983910585585586
4,10,14,NaN
4,10,14,0.6826185730663652
14,0,14,0.0003017800098887076
8,6,14,0.009432412147261728
8,6,14,0.02758012086734315
7,7,14,NaN
4,10,14,NaN
7,7,14,0.4586140219451372
3,11,14,0.9361208485022615
8,6,14,NaN
9,5,14,NaN
7,7,14,0.8062781873736411
4,10,14,0.8302287522477523
6,8,14,NaN
10,4,14,0.4120663075710845
3,11,14,0.15348760037464887
6,8,14,0.12631264782250112
8,6,14,0.0039954678857202774
9,5,14,0.981236864265928
7,7,14,0.41042378787561506
4,10,14,NaN
1,13,14,0.41042378787561506
4,10,14,0.03573862828111791
9,5,14,0.08139481150030385
3,11,14,0.22225476064190194
10,4,14,0.005264503087092449
4,10,14,0.7808948524004466
13,1,14,3.431026720226509e-5
1,13,14,0.004870388873789803
2,12,14,0.5523648636569257
5,9,14,0.1791109280893668
8,6,14,0.5983910585585586
8,6,14,0.1618234894486785
3,11,14,0.8758633617806241
8,6,14,0.44590523132693405
9,5,14,0.01781734344470134
4,10,14,0.28961261969836233
6,8,14,0.025396716993254218
3,11,14,NaN
4,10,14,0.00860264728312664
4,10,14,0.4509523635122677
4,10,14,0.060838744820734945
9,5,14,0.14703777543352814
2,12,14,0.36374176270060876
4,10,14,0.642689094081309
5,9,14,NaN
7,7,14,0.40523177787050535
2,12,14,0.0006560627399029211
8,6,14,NaN
8,6,14,0.22566217291689336
2,12,14,0.15348760037464887
7,7,14,NaN
8,6,14,0.15620113851035702
9,5,14,NaN
4,10,14,0.8062781873736411
5,9,14,0.004135849806318146
5,9,14,NaN
6,8,14,0.7928764268207925
3,11,14,0.475667907113151
4,10,14,0.642689094081309
6,8,14,NaN
9,5,14,NaN
4,10,14,0.003930060864272878
4,10,14,0.01081836101623008
8,6,14,NaN
1,13,14,1.0363521459148877e-5
5,9,14,0.9892768083472779
4,10,14,0.2848950869586113
5,9,14,7.325045093407222e-12
3,11,14,NaN
5,9,14,0.20085424435759405
3,11,14,0.748792122708687
4,10,14,0.15348760037464887
2,12,14,NaN
3,11,14,NaN
1,13,14,0.05916634506716057
3,11,14,0.025396716993254218
3,11,14,0.013850471358827644
1,13,14,NaN
5,9,14,0.7188460181803934
2,12,14,0.8909590781505728
7,7,14,NaN
4,10,14,0.4871606510718875
2,12,14,0.7808948524004466
1,13,14,0.5983910585585586
3,11,14,0.00041718413345342184
3,11,14,0.642689094081309
2,12,14,0.2795481783803956
3,11,14,0.2426068904918033
2,12,14,NaN
3,11,14,NaN
2,12,14,NaN
3,11,14,0.9741337647667054
4,10,14,0.006720204326028535
3,11,14,0.0002086441333832618
3,11,14,0.00451230455137802
4,10,14,0.3782498717433507
3,11,14,0.5076524678986474
2,12,14,0.009637614688081324
3,11,14,0.36374176270060876
3,11,14,0.21799473516183643
2,12,14,NaN
1,13,14,0.05916634506716057
2,12,14,0.5983910585585586
3,11,14,0.4747666970762931
2,12,14,0.5463257901589124
1,13,14,0.15348760037464887
1,13,14,NaN
1,13,14,0.642689094081309
2,12,14,0.16003384165767273
0,14,14,0.9702412912237107
0,14,14,NaN
0,14,14,0.35327397543349076
0,14,14,0.09772938773646368
0,14,14,0.5554553645040344
0,14,14,NaN
0,14,14,0.02143073799725636
0,14,14,NaN
0,14,14,0.025685794730721623
0,14,14,NaN
0,14,14,NaN
0,14,14,0.5983910585585586
0,14,14,0.009903402887017673
0,14,14,0.00017336655243009564
0,14,14,NaN
0,14,14,0.06984398440883517
0,14,14,0.008979682360075703
4,9,13,0.34714266807117156
9,4,13,0.3193104281105608
6,7,13,0.004712440902467837
3,10,13,0.01846599211423401
12,1,13,0.5752765786003021
10,3,13,0.9067597060883621
4,9,13,0.5523648636569257
10,3,13,0.7509979234994011
9,4,13,NaN
6,7,13,NaN
9,4,13,NaN
6,7,13,0.13221071469067883
6,7,13,0.2088844544951591
11,2,13,NaN
4,9,13,0.5076524678986474
5,8,13,NaN
4,9,13,0.012842501058343671
3,10,13,0.03573862828111791
9,4,13,NaN
5,8,13,NaN
3,10,13,NaN
7,6,13,0.5983910585585586
11,2,13,0.5076524678986474
10,3,13,0.3782498717433507
7,6,13,0.11302026105487464
8,5,13,NaN
8,5,13,1.0084582013684913e-11
4,9,13,0.6039381463137109
2,11,13,0.06528625194795101
6,7,13,0.4586140219451372
10,3,13,0.8909590781505728
8,5,13,NaN
4,9,13,0.06449984195265127
4,9,13,0.6826185730663652
5,8,13,0.5076524678986474
3,10,13,5.95679603051172e-8
8,5,13,0.7808948524004466
8,5,13,0.08139481150030385
6,7,13,NaN
8,5,13,0.39776973938247095
8,5,13,0.19428874902215645
5,8,13,NaN
8,5,13,0.4320261469688353
8,5,13,0.12316845187507759
5,8,13,NaN
11,2,13,0.02975683620606728
10,3,13,NaN
6,7,13,0.7188460181803934
10,3,13,0.6628489797572039
11,2,13,0.642689094081309
9,4,13,NaN
11,2,13,0.3373197328491072
9,4,13,0.7188460181803934
2,11,13,0.5640009833958025
11,2,13,0.642689094081309
1,12,13,0.0005235585132218098
6,7,13,0.2930206077647949
6,7,13,NaN
9,4,13,0.6922020745261848
6,7,13,0.02143073799725636
7,6,13,NaN
7,6,13,0.46849360526574285
9,4,13,NaN
5,8,13,0.5983910585585586
9,4,13,0.3193104281105608
10,3,13,NaN
13,0,13,NaN
7,6,13,0.13468231413695167
7,6,13,0.5930499534285679
5,8,13,0.23220176049889238
6,7,13,NaN
5,8,13,NaN
7,6,13,NaN
9,4,13,0.41042378787561506
10,3,13,NaN
6,7,13,0.7705598901163574
9,4,13,0.3782498717433507
5,8,13,NaN
8,5,13,0.4586140219451372
2,11,13,0.5079525647232446
9,4,13,0.420146703310322
9,4,13,0.0745280270170951
8,5,13,0.7200230968449273
6,7,13,NaN
2,11,13,NaN
11,2,13,NaN
6,7,13,0.5076524678986474
6,7,13,NaN
7,6,13,0.5751739125153262
9,4,13,7.354328130729736e-6
7,6,13,0.1444238792882562
6,7,13,0.10839851022159953
6,7,13,0.025830219146984412
1,12,13,0.05272162674471817
5,8,13,0.8681155393624684
7,6,13,0.25078111447341656
11,2,13,0.16642372214710482
5,8,13,0.5278264342164516
10,3,13,0.9544852420108386
5,8,13,0.48034970863649584
6,7,13,0.11302026105487464
4,9,13,0.00013149789205255723
6,7,13,0.4691314407184832
9,4,13,0.5983910585585586
4,9,13,NaN
8,5,13,0.016473165280052018
8,5,13,0.5008503277944323
11,2,13,0.0010544273530258897
7,6,13,0.4586140219451372
4,9,13,NaN
10,3,13,0.52484336106925
7,6,13,0.2088844544951591
9,4,13,0.9905425667103636
8,5,13,0.4549698731634376
7,6,13,0.2088844544951591
2,11,13,0.4586140219451372
10,3,13,NaN
7,6,13,0.22366132738967803
12,1,13,0.025396716993254218
6,7,13,NaN
7,6,13,0.6467511389745534
3,10,13,NaN
6,7,13,0.14703777543352814
5,8,13,0.06984398440883517
7,6,13,0.5076524678986474
5,8,13,NaN
13,0,13,NaN
9,4,13,0.642689094081309
9,4,13,0.002247893370208085
5,8,13,0.004068085603403645
7,6,13,0.006726267018105676
1,12,13,0.5076524678986474
7,6,13,NaN
9,4,13,0.09772938773646368
10,3,13,0.08032235579491383
10,3,13,0.8302287522477523
5,8,13,NaN
5,8,13,0.5059665644150507
10,3,13,0.018844387497186796
7,6,13,NaN
9,4,13,0.981236864265928
10,3,13,0.13221071469067883
3,10,13,0.03573862828111791
3,10,13,0.3949316922188044
7,6,13,0.9067597060883621
9,4,13,0.3560010560262468
6,7,13,NaN
12,1,13,0.8302287522477523
7,6,13,0.02026453355916382
4,9,13,0.5523648636569257
10,3,13,0.015089968713335646
10,3,13,0.09652246162613985
4,9,13,NaN
3,10,13,0.15459850267625017
8,5,13,0.024600457062516946
8,5,13,0.6826185730663652
4,9,13,0.9574121554627333
8,5,13,0.9574121554627333
6,7,13,0.8227483250550106
6,7,13,NaN
8,5,13,0.029643780915723107
7,6,13,0.5523648636569257
7,6,13,0.09975633236188908
10,3,13,0.5156032575670741
4,9,13,0.7853049018947695
11,2,13,0.9859421773727781
6,7,13,NaN
7,6,13,0.027158300574744217
9,4,13,NaN
7,6,13,0.7808948524004466
5,8,13,NaN
9,4,13,NaN
9,4,13,NaN
4,9,13,0.7808948524004466
4,9,13,0.8535399985089294
4,9,13,0.718018997510644
7,6,13,NaN
7,6,13,NaN
7,6,13,0.04477471216570167
6,7,13,0.009777888741492161
6,7,13,0.014516409236581415
4,9,13,NaN
9,4,13,0.6826185730663652
7,6,13,0.0012080161381249862
4,9,13,0.2795481783803956
9,4,13,0.9357857374272102
6,7,13,0.922423104079044
6,7,13,0.05916634506716057
4,9,13,0.1791109280893668
4,9,13,NaN
8,5,13,NaN
2,11,13,NaN
7,6,13,NaN
8,5,13,0.4586140219451372
11,2,13,0.7020066443731768
5,8,13,0.9357857374272102
8,5,13,0.03218960959609748
8,5,13,0.6826185730663652
8,5,13,NaN
2,11,13,0.2426068904918033
9,4,13,NaN
5,8,13,NaN
5,8,13,0.14219452944184238
8,5,13,NaN
8,5,13,0.43341454811606944
9,4,13,0.7188460181803934
6,7,13,0.05916634506716057
7,6,13,0.22228965759606278
7,6,13,0.8723440292898591
10,3,13,0.5523648636569257
12,1,13,0.8553916717037049
9,4,13,NaN
6,7,13,0.0009178551484679568
7,6,13,NaN
5,8,13,0.15348760037464887
8,5,13,0.41042378787561506
3,10,13,0.2148611023327609
3,10,13,NaN
8,5,13,0.2795481783803956
6,7,13,0.9067597060883621
7,6,13,NaN
7,6,13,0.40836148542130635
11,2,13,0.5140905246090935
7,6,13,0.6116108179024095
2,11,13,NaN
2,11,13,0.18912835879737713
5,8,13,0.5523648636569257
8,5,13,NaN
4,9,13,0.922423104079044
5,8,13,0.03573862828111791
4,9,13,0.5523648636569257
8,5,13,0.2426068904918033
7,6,13,1.0589463814781556e-8
6,7,13,0.0503944665317212
7,6,13,NaN
2,11,13,0.0023548006010146783
5,8,13,0.1791109280893668
8,5,13,0.2426068904918033
2,11,13,NaN
8,5,13,NaN
6,7,13,0.2088844544951591
4,9,13,NaN
2,11,13,0.06984398440883517
6,7,13,NaN
11,2,13,0.02092210825299439
8,5,13,0.012932047490608712
8,5,13,0.43607919634149545
8,5,13,0.0023315028409511716
9,4,13,NaN
10,3,13,0.31783352740459464
9,4,13,0.5091145020745649
7,6,13,NaN
7,6,13,0.00026144973438705385
9,4,13,0.4183541079562116
4,9,13,NaN
9,4,13,0.2426068904918033
3,10,13,NaN
6,7,13,0.2795481783803956
4,9,13,0.6826185730663652
2,11,13,0.005113761184497457
6,7,13,NaN
7,6,13,0.0012526492265653808
10,3,13,0.23454117200839195
10,3,13,0.0006155692270333427
3,10,13,0.006053580832781493
6,7,13,0.09652246162613985
2,11,13,0.8535399985089294
3,10,13,0.49892383316175287
6,7,13,NaN
4,9,13,0.02143073799725636
11,2,13,NaN
4,9,13,0.7436070046312137
7,6,13,0.7279927270752127
5,8,13,NaN
5,8,13,NaN
1,12,13,0.35055741112662414
3,10,13,3.351509230553157e-5
4,9,13,NaN
7,6,13,0.9844273677886741
6,7,13,0.007169734073353881
6,7,13,0.2300854058616523
6,7,13,NaN
4,9,13,0.7509979234994011
4,9,13,NaN
5,8,13,0.004274085027576025
7,6,13,0.26924196194895783
5,8,13,0.052278755622657935
6,7,13,0.33218914285479373
5,8,13,0.9925883253395366
6,7,13,NaN
9,4,13,NaN
3,10,13,NaN
4,9,13,NaN
11,2,13,0.09294041139490052
9,4,13,0.7856593209378341
4,9,13,NaN
4,9,13,0.06984398440883517
7,6,13,0.8062781873736411
2,11,13,0.7808948524004466
5,8,13,0.02143073799725636
5,8,13,0.561254610221589
4,9,13,0.5074788235467662
3,10,13,0.9190095247921493
3,10,13,0.48066065578361084
6,7,13,0.08139481150030385
6,7,13,0.10564471214830962
2,11,13,0.8062781873736411
6,7,13,NaN
8,5,13,0.0683830749829659
5,8,13,NaN
1,12,13,NaN
3,10,13,NaN
2,11,13,NaN
8,5,13,0.2426068904918033
7,6,13,NaN
3,10,13,0.10470367579029446
7,6,13,0.011161628121015506
9,4,13,NaN
3,10,13,0.642689094081309
7,6,13,0.13221071469067883
4,9,13,0.04263845043616167
3,10,13,0.5289552961845464
9,4,13,0.08301737331416985
4,9,13,0.5076524678986474
6,7,13,0.04755507507701206
1,12,13,NaN
11,2,13,0.06024657194477485
8,5,13,NaN
3,10,13,NaN
9,4,13,0.4702156224683146
7,6,13,NaN
10,3,13,0.18117198999061146
6,7,13,NaN
1,12,13,0.7431326994811255
7,6,13,NaN
6,7,13,0.6272693233782186
7,6,13,0.3193104281105608
6,7,13,0.6457230775722818
5,8,13,0.6061233859150627
3,10,13,0.0032578594907303493
8,5,13,0.08938001634677822
5,8,13,0.4506477714874302
5,8,13,0.01645893704947188
2,11,13,0.3193104281105608
8,5,13,NaN
6,7,13,0.2088844544951591
3,10,13,0.007242500516972269
9,4,13,NaN
2,11,13,0.030460935303382914
7,6,13,0.5803881867798802
8,5,13,9.171584244375312e-6
9,4,13,0.085078133706641
4,9,13,0.7981747579554356
5,8,13,0.6325906228445629
1,12,13,0.5523648636569257
6,7,13,0.15348760037464887
3,10,13,NaN
2,11,13,0.08227406174682142
8,5,13,0.4586140219451372
7,6,13,0.2426068904918033
4,9,13,0.6234006384961958
3,10,13,0.1791109280893668
8,5,13,0.09652246162613985
5,8,13,NaN
1,12,13,0.8302287522477523
5,8,13,0.2028195509717919
5,8,13,NaN
6,7,13,NaN
3,10,13,0.7808948524004466
6,7,13,0.11302026105487464
4,9,13,0.7509979234994011
1,12,13,0.025396716993254218
3,10,13,0.2426068904918033
3,10,13,2.974655382622515e-8
5,8,13,0.2088844544951591
1,12,13,0.0775445100832647
4,9,13,0.08139481150030385
3,10,13,0.03573862828111791
6,7,13,NaN
3,10,13,0.15992039521259221
1,12,13,NaN
6,7,13,0.7469866839771724
1,12,13,0.8302287522477523
2,11,13,NaN
7,6,13,0.41042378787561506
4,9,13,NaN
1,12,13,0.0004047095253254294
3,10,13,NaN
4,9,13,0.7188460181803934
2,11,13,0.013887474632356152
1,12,13,0.2860349802547788
2,11,13,NaN
3,10,13,0.9859421773727781
3,10,13,0.003214912144702669
5,8,13,0.7808948524004466
1,12,13,NaN
2,11,13,0.15724194830956753
4,9,13,0.3193104281105608
6,7,13,0.08909070726007921
3,10,13,NaN
2,11,13,0.6826185730663652
2,11,13,0.1791109280893668
1,12,13,0.4586140219451372
2,11,13,0.13221071469067883
1,12,13,0.6862909208832765
2,11,13,0.02143073799725636
2,11,13,0.18404634922627883
1,12,13,0.5001806732400199
1,12,13,0.00455544068908076
3,10,13,0.922423104079044
2,11,13,0.2426068904918033
1,12,13,0.06984398440883517
1,12,13,NaN
0,13,13,NaN
0,13,13,NaN
0,13,13,NaN
0,13,13,NaN
0,13,13,NaN
0,13,13,0.09686470441855767
0,13,13,NaN
0,13,13,0.000661974196987674
0,13,13,0.5983910585585586
0,13,13,0.7188460181803934
0,13,13,0.15293463632549356
0,13,13,0.5983910585585586
0,13,13,0.9505989957144075
0,13,13,0.028695437666443134
0,13,13,NaN
0,13,13,0.6324257758246548
12,0,12,0.7509979234994011
8,4,12,0.642689094081309
4,8,12,0.4798670136924272
9,3,12,0.9574121554627333
5,7,12,NaN
9,3,12,0.642689094081309
9,3,12,NaN
6,6,12,0.41042378787561506
8,4,12,0.23443636948631028
8,4,12,NaN
7,5,12,0.41042378787561506
10,2,12,0.1791109280893668
9,3,12,0.00012729280086695268
5,7,12,NaN
11,1,12,0.06156456810199026
9,3,12,0.005687454613991988
12,0,12,1.0369707723432466e-6
3,9,12,0.20673438746290906
8,4,12,0.5429864085507295
9,3,12,0.19311588230914747
8,4,12,0.36844487302056467
5,7,12,0.13221071469067883
2,10,12,NaN
6,6,12,0.3193104281105608
5,7,12,0.0142958831944143
9,3,12,0.20524950399987868
11,1,12,0.5775525665651291
7,5,12,0.7808948524004466
6,6,12,0.011723674752140718
10,2,12,NaN
4,8,12,0.6826185730663652
11,1,12,0.04263845043616167
3,9,12,0.8535399985089294
5,7,12,NaN
5,7,12,NaN
8,4,12,0.27936952061851134
6,6,12,NaN
1,11,12,NaN
8,4,12,NaN
4,8,12,0.8302287522477523
9,3,12,0.9903150980423329
7,5,12,0.9475679371961635
7,5,12,NaN
4,8,12,NaN
12,0,12,0.18975461347367922
5,7,12,0.9286312325354106
10,2,12,0.28004080995086084
4,8,12,0.36374176270060876
7,5,12,NaN
8,4,12,NaN
6,6,12,0.13221071469067883
3,9,12,0.0767251982961355
6,6,12,NaN
10,2,12,NaN
3,9,12,0.5983910585585586
6,6,12,0.5076524678986474
5,7,12,0.7188460181803934
7,5,12,0.07778394099179928
9,3,12,0.47185074054765025
7,5,12,0.642689094081309
12,0,12,NaN
9,3,12,0.9067597060883621
6,6,12,0.0005180961225988067
6,6,12,0.06984398440883517
5,7,12,0.5850378700815108
3,9,12,0.5983910585585586
7,5,12,0.6467511389745534
5,7,12,0.642689094081309
11,1,12,NaN
8,4,12,0.06984398440883517
10,2,12,NaN
3,9,12,0.19753313289686492
9,3,12,0.9286312325354106
4,8,12,NaN
3,9,12,0.08562647313259962
9,3,12,NaN
6,6,12,0.41042378787561506
3,9,12,0.027764538995531864
4,8,12,NaN
2,10,12,0.2088844544951591
7,5,12,NaN
8,4,12,0.2088844544951591
7,5,12,0.0011858814331538307
3,9,12,0.23220176049889238
10,2,12,0.020339347818285888
9,3,12,0.7808948524004466
7,5,12,4.573050540721219e-6
7,5,12,0.3199870736619535
6,6,12,0.527435335561387
1,11,12,NaN
8,4,12,NaN
8,4,12,0.49473626603497756
11,1,12,0.0025621281581768443
8,4,12,0.0018719039900363574
5,7,12,0.026947806031987754
2,10,12,NaN
5,7,12,0.5156032575670741
4,8,12,NaN
8,4,12,NaN
1,11,12,NaN
7,5,12,1.340676654011336e-5
10,2,12,0.1791109280893668
11,1,12,0.2088844544951591
8,4,12,0.5210521547163601
4,8,12,NaN
9,3,12,NaN
4,8,12,0.8302287522477523
12,0,12,0.08139481150030385
12,0,12,0.4569025372189511
2,10,12,0.17384220504501538
8,4,12,0.6469421559116064
5,7,12,0.07452475029607389
8,4,12,0.3540721859669329
6,6,12,NaN
6,6,12,0.02143073799725636
6,6,12,0.8600163467145825
4,8,12,0.06793548750828257
4,8,12,NaN
6,6,12,0.0503944665317212
4,8,12,0.05386584796571219
9,3,12,0.8909590781505728
3,9,12,0.36374176270060876
10,2,12,NaN
9,3,12,0.15348760037464887
7,5,12,0.5990222948648042
6,6,12,NaN
1,11,12,NaN
7,5,12,NaN
4,8,12,NaN
4,8,12,NaN
6,6,12,NaN
8,4,12,0.031780124353045315
10,2,12,0.5076524678986474
9,3,12,NaN
9,3,12,0.054935123147458104
4,8,12,0.1693152069022997
9,3,12,0.6826185730663652
6,6,12,NaN
5,7,12,NaN
5,7,12,NaN
3,9,12,0.009637614688081324
4,8,12,0.5983910585585586
7,5,12,0.9043548785076819
3,9,12,0.6226743183719196
5,7,12,0.004123866969539434
4,8,12,0.715119772986804
7,5,12,0.03312114947021167
8,4,12,NaN
5,7,12,0.35416243832195843
7,5,12,0.8665464718252361
7,5,12,0.030335505750555464
5,7,12,0.01050871192496647
4,8,12,NaN
5,7,12,0.8302287522477523
6,6,12,0.013030778634893506
7,5,12,0.6428295751651378
9,3,12,NaN
4,8,12,0.016901043880074358
6,6,12,0.0008243334957673716
4,8,12,NaN
8,4,12,0.017809239281788392
9,3,12,NaN
1,11,12,NaN
5,7,12,NaN
5,7,12,0.05916634506716057
11,1,12,NaN
8,4,12,0.0032578594907303493
9,3,12,0.0016617055118106202
6,6,12,0.23010178902404388
2,10,12,0.04186359662391451
9,3,12,0.06984398440883517
7,5,12,0.5076524678986474
1,11,12,0.8062781873736411
3,9,12,0.8344422616634161
10,2,12,0.7303380143033785
2,10,12,0.06984398440883517
12,0,12,0.48152378233972265
9,3,12,0.4586140219451372
5,7,12,NaN
11,1,12,NaN
9,3,12,0.41042378787561506
11,1,12,0.8836959473590311
3,9,12,NaN
10,2,12,NaN
6,6,12,0.1953064627479943
4,8,12,0.010879277985521194
5,7,12,0.3782498717433507
10,2,12,0.01050871192496647
7,5,12,0.8570338173872563
5,7,12,8.316887497375738e-13
1,11,12,0.5076524678986474
7,5,12,0.36374176270060876
8,4,12,NaN
7,5,12,NaN
9,3,12,0.4509523635122677
4,8,12,0.07091951345552361
6,6,12,0.013559607483089786
7,5,12,NaN
6,6,12,0.7327112237086952
9,3,12,NaN
5,7,12,0.2795481783803956
2,10,12,NaN
7,5,12,0.11302026105487464
10,2,12,0.8909590781505728
6,6,12,5.169291895125613e-7
5,7,12,0.02143073799725636
6,6,12,NaN
8,4,12,NaN
3,9,12,0.5523648636569257
5,7,12,0.07948829782687122
11,1,12,NaN
7,5,12,0.3890878513437849
2,10,12,0.00011528257319333047
3,9,12,NaN
4,8,12,0.11302026105487464
5,7,12,0.99308089845693
5,7,12,0.5076524678986474
2,10,12,2.760057522200715e-7
8,4,12,0.1501307077658559
6,6,12,0.2088844544951591
3,9,12,0.016645576504332436
5,7,12,NaN
6,6,12,0.0767251982961355
1,11,12,NaN
8,4,12,0.002799347354138233
5,7,12,NaN
3,9,12,0.7808948524004466
6,6,12,NaN
12,0,12,0.30087235667973944
5,7,12,0.9930803722473949
2,10,12,0.36374176270060876
10,2,12,NaN
8,4,12,0.9000712730619865
4,8,12,0.9741337647667054
2,10,12,NaN
2,10,12,NaN
6,6,12,0.41042378787561506
5,7,12,0.5127779956941191
5,7,12,0.7188460181803934
5,7,12,0.07740419877890525
2,10,12,NaN
2,10,12,0.5523648636569257
6,6,12,NaN
5,7,12,NaN
10,2,12,0.15348760037464887
6,6,12,0.5523648636569257
5,7,12,NaN
7,5,12,NaN
3,9,12,NaN
5,7,12,0.08282067696058332
3,9,12,NaN
8,4,12,0.28937051218697774
6,6,12,0.5651933128706019
4,8,12,0.4752161844382906
4,8,12,0.006575890315920484
6,6,12,0.6348679438281322
2,10,12,0.06984398440883517
11,1,12,0.11302026105487464
8,4,12,NaN
4,8,12,0.09652246162613985
2,10,12,NaN
3,9,12,0.061680112755316936
9,3,12,0.0027315857175247613
8,4,12,NaN
8,4,12,0.14315869729052166
5,7,12,NaN
9,3,12,0.349281503264017
6,6,12,NaN
5,7,12,0.17545313036444607
5,7,12,0.7188460181803934
2,10,12,0.4586140219451372
10,2,12,0.007241035656880185
8,4,12,0.0015049423429356272
4,8,12,0.8158045202554767
4,8,12,0.11302026105487464
4,8,12,0.2795481783803956
8,4,12,NaN
3,9,12,NaN
7,5,12,0.33818089941469104
6,6,12,NaN
2,10,12,0.06561588607036536
4,8,12,NaN
8,4,12,0.8909590781505728
9,3,12,0.35055741112662414
2,10,12,0.36374176270060876
6,6,12,0.642689094081309
10,2,12,0.0503944665317212
2,10,12,0.8062781873736411
7,5,12,0.3152723946113602
6,6,12,0.06984398440883517
4,8,12,0.06984398440883517
5,7,12,0.5076524678986474
4,8,12,NaN
2,10,12,0.7509979234994011
6,6,12,0.15348760037464887
3,9,12,0.0003977629704055401
9,3,12,0.24157380752264015
4,8,12,0.04725508669464612
3,9,12,NaN
5,7,12,NaN
2,10,12,0.9158070454623778
7,5,12,NaN
6,6,12,0.8909590781505728
5,7,12,NaN
2,10,12,NaN
5,7,12,0.0003138077975419628
3,9,12,0.8429544588585163
2,10,12,NaN
4,8,12,NaN
8,4,12,0.17580119049792162
6,6,12,0.025841621406856394
4,8,12,0.7237381290794386
3,9,12,0.0012284550260902888
4,8,12,NaN
3,9,12,0.41042378787561506
5,7,12,0.006201922851233514
9,3,12,0.554041632606776
7,5,12,0.4586140219451372
4,8,12,0.5523648636569257
6,6,12,0.6651445388456798
4,8,12,0.013814229968623137
4,8,12,0.8723440292898591
5,7,12,NaN
5,7,12,NaN
5,7,12,0.7188460181803934
8,4,12,0.04263845043616167
2,10,12,0.04263845043616167
10,2,12,0.7509979234994011
3,9,12,0.11302026105487464
9,3,12,0.0009767366951269859
7,5,12,0.00018507394828585604
5,7,12,NaN
3,9,12,0.029939360716477525
5,7,12,0.9946806672073457
9,3,12,0.9659495665715027
4,8,12,0.5085116998523612
6,6,12,0.4041630904561165
6,6,12,0.5076524678986474
5,7,12,0.011522599006432918
5,7,12,NaN
5,7,12,0.020224692708604497
7,5,12,1.943238842724722e-6
9,3,12,0.9357857374272102
10,2,12,NaN
6,6,12,0.6826185730663652
6,6,12,0.0019790567751703193
5,7,12,0.4586140219451372
3,9,12,0.03794050672796903
2,10,12,NaN
6,6,12,0.13298226254405948
6,6,12,0.7227291568718228
5,7,12,0.5462568915769693
8,4,12,NaN
5,7,12,NaN
5,7,12,NaN
3,9,12,0.0006557201034959294
10,2,12,0.9659495665715027
9,3,12,NaN
2,10,12,0.5523648636569257
5,7,12,NaN
2,10,12,0.3517496071902569
3,9,12,NaN
6,6,12,0.2426068904918033
7,5,12,0.9574121554627333
2,10,12,0.5076524678986474
10,2,12,NaN
3,9,12,0.6971319114748225
5,7,12,0.9493069331837104
5,7,12,0.1137567853848718
6,6,12,0.1791109280893668
2,10,12,0.41042378787561506
10,2,12,0.06984398440883517
4,8,12,NaN
2,10,12,0.11302026105487464
3,9,12,NaN
1,11,12,0.11174215137588694
5,7,12,0.05642994160075804
4,8,12,4.8962015201058815e-11
1,11,12,NaN
7,5,12,0.7509979234994011
5,7,12,0.06623234046470323
7,5,12,0.8723440292898591
8,4,12,0.36374176270060876
3,9,12,0.5523648636569257
3,9,12,0.05642994160075804
9,3,12,0.8799440182650435
8,4,12,0.17846021205799195
3,9,12,NaN
2,10,12,0.00220877136596021
5,7,12,0.2795481783803956
3,9,12,0.8723440292898591
3,9,12,0.2826458585154302
10,2,12,NaN
2,10,12,0.9890371785807489
5,7,12,NaN
2,10,12,0.7564873885105897
7,5,12,0.5983910585585586
3,9,12,0.019209152775901208
3,9,12,0.2148611023327609
6,6,12,0.029824284599219358
4,8,12,0.09753786091179095
6,6,12,NaN
7,5,12,NaN
3,9,12,0.922423104079044
4,8,12,0.04263845043616167
6,6,12,NaN
7,5,12,0.7509979234994011
4,8,12,0.41042378787561506
5,7,12,0.9357857374272102
10,2,12,0.004712440902467837
11,1,12,NaN
9,3,12,0.2795481783803956
4,8,12,0.7116135396050444
7,5,12,0.08139481150030385
3,9,12,0.23220176049889238
4,8,12,NaN
3,9,12,0.001605081540632099
5,7,12,0.6294090224292507
3,9,12,0.36785883185808993
8,4,12,0.2795481783803956
8,4,12,0.6826185730663652
3,9,12,NaN
5,7,12,0.14380308818903567
5,7,12,0.0004692672712660913
7,5,12,0.007984093613174112
1,11,12,0.03709870907277752
6,6,12,0.3548627999188388
6,6,12,0.0010017474456786837
3,9,12,NaN
5,7,12,0.9067597060883621
7,5,12,0.09402354020138294
4,8,12,NaN
5,7,12,0.4509523635122677
7,5,12,NaN
3,9,12,0.024624445212847325
4,8,12,NaN
7,5,12,NaN
3,9,12,0.1791109280893668
1,11,12,0.13668591831866247
4,8,12,NaN
4,8,12,0.05178037756490123
4,8,12,0.8147234295762703
3,9,12,0.6682737049264879
5,7,12,0.9067597060883621
5,7,12,0.2795481783803956
7,5,12,0.3193104281105608
4,8,12,0.5462568915769693
6,6,12,0.9810689907631307
5,7,12,0.8274942747355742
4,8,12,0.2148611023327609
5,7,12,0.7808948524004466
4,8,12,0.8302287522477523
5,7,12,NaN
4,8,12,NaN
1,11,12,NaN
2,10,12,0.981236864265928
3,9,12,0.49892383316175287
3,9,12,0.642689094081309
4,8,12,0.006930242598010214
3,9,12,0.8535399985089294
7,5,12,0.5983910585585586
2,10,12,0.039005164652218635
9,3,12,0.4586140219451372
3,9,12,0.9286312325354106
3,9,12,0.1791109280893668
1,11,12,NaN
2,10,12,0.0503944665317212
2,10,12,NaN
3,9,12,0.09652246162613985
3,9,12,NaN
1,11,12,NaN
3,9,12,0.642689094081309
5,7,12,NaN
2,10,12,0.04242270537554574
5,7,12,0.7188460181803934
1,11,12,NaN
1,11,12,0.029824284599219358
1,11,12,0.15348760037464887
4,8,12,0.7808948524004466
4,8,12,0.15348760037464887
1,11,12,0.08810787930912277
5,7,12,0.08699386357691172
3,9,12,0.6826185730663652
5,7,12,0.15029274779145635
3,9,12,0.3193104281105608
6,6,12,0.017809239281788392
2,10,12,0.18084715254243314
3,9,12,0.11302026105487464
2,10,12,0.06477295651572822
2,10,12,0.6826185730663652
3,9,12,NaN
3,9,12,0.1791109280893668
3,9,12,0.08562647313259962
2,10,12,0.4317834784880836
3,9,12,0.6557539330576516
2,10,12,0.3193104281105608
2,10,12,NaN
3,9,12,0.23864391650821193
3,9,12,NaN
1,11,12,NaN
2,10,12,0.5142410951607378
1,11,12,NaN
2,10,12,0.03573862828111791
2,10,12,0.9680452361322511
4,8,12,0.004712440902467837
3,9,12,NaN
2,10,12,0.5076524678986474
1,11,12,0.2088844544951591
2,10,12,0.14941788796894545
3,9,12,NaN
2,10,12,NaN
2,10,12,0.7509979234994011
3,9,12,0.36806522068813197
1,11,12,NaN
1,11,12,0.8723440292898591
2,10,12,0.2088844544951591
1,11,12,0.012361445158998717
1,11,12,0.1791109280893668
3,9,12,NaN
1,11,12,0.13221071469067883
2,10,12,0.5700791567412353
1,11,12,0.48152378233972265
1,11,12,NaN
1,11,12,0.015089968713335646
1,11,12,1.3633980628080784e-5
1,11,12,0.005878793254673883
1,11,12,0.005130958894942853
1,11,12,0.5076524678986474
1,11,12,NaN
0,12,12,0.8062781873736411
0,12,12,0.13246258082539156
0,12,12,0.00860264728312664
0,12,12,NaN
0,12,12,NaN
0,12,12,0.03573862828111791
0,12,12,NaN
0,12,12,0.05916634506716057
0,12,12,NaN
0,12,12,0.7509979234994011
0,12,12,NaN
0,12,12,0.7188460181803934
4,7,11,NaN
8,3,11,NaN
7,4,11,0.06214251895973983
7,4,11,0.017809239281788392
8,3,11,NaN
2,9,11,NaN
4,7,11,0.9205022691468101
6,5,11,1.9060930466668663e-5
6,5,11,NaN
9,2,11,0.3020052002900426
5,6,11,0.4586140219451372
9,2,11,NaN
6,5,11,0.029006128291712237
4,7,11,0.7541848170912963
8,3,11,NaN
9,2,11,0.5983910585585586
10,1,11,0.029824284599219358
7,4,11,0.7808948524004466
5,6,11,NaN
5,6,11,NaN
3,8,11,NaN
4,7,11,0.11302026105487464
2,9,11,NaN
5,6,11,NaN
7,4,11,0.7188460181803934
8,3,11,0.00279090692214501
3,8,11,0.09652246162613985
10,1,11,0.4586140219451372
4,7,11,0.2088844544951591
5,6,11,0.7188460181803934
8,3,11,0.642689094081309
6,5,11,0.09772938773646368
3,8,11,0.03573862828111791
2,9,11,0.000879899216180822
7,4,11,0.7188460181803934
5,6,11,0.36374176270060876
6,5,11,NaN
2,9,11,0.6400568453167532
7,4,11,NaN
3,8,11,NaN
9,2,11,0.3238101356243932
8,3,11,NaN
8,3,11,0.06528625194795101
9,2,11,0.922423104079044
4,7,11,0.007568473791032749
5,6,11,NaN
7,4,11,0.010813388187228557
7,4,11,1.0722342787373607e-5
3,8,11,NaN
8,3,11,1.7142867096897043e-5
8,3,11,0.22049299398397887
10,1,11,0.00027236565955596415
5,6,11,NaN
11,0,11,NaN
8,3,11,1.4010153542128823e-6
7,4,11,NaN
9,2,11,0.2620074453481993
6,5,11,0.41042378787561506
6,5,11,0.17386493587684557
3,8,11,0.17222260820938318
10,1,11,0.009200494388447333
7,4,11,NaN
3,8,11,0.26319197183034493
6,5,11,0.7188460181803934
2,9,11,0.5076524678986474
5,6,11,NaN
8,3,11,0.7388348130391978
9,2,11,NaN
7,4,11,0.0932482856864805
9,2,11,0.2795481783803956
4,7,11,NaN
9,2,11,0.8302287522477523
8,3,11,0.4586140219451372
8,3,11,0.3193104281105608
4,7,11,0.8428644459258107
4,7,11,0.642689094081309
7,4,11,NaN
7,4,11,0.05916634506716057
2,9,11,0.0503944665317212
3,8,11,0.2782743348102606
6,5,11,0.4407996056478823
1,10,11,NaN
10,1,11,NaN
8,3,11,0.18357324194699157
8,3,11,0.4685382373293753
6,5,11,NaN
5,6,11,0.9659495665715027
4,7,11,0.3510841961080117
7,4,11,0.2848950869586113
5,6,11,NaN
9,2,11,NaN
6,5,11,0.4407996056478823
2,9,11,0.11043653768278304
3,8,11,0.5983910585585586
2,9,11,0.8535399985089294
6,5,11,NaN
2,9,11,NaN
6,5,11,0.3174709937329831
5,6,11,4.891359212064214e-10
5,6,11,0.36374176270060876
4,7,11,NaN
5,6,11,NaN
8,3,11,0.3782498717433507
5,6,11,NaN
9,2,11,NaN
4,7,11,NaN
5,6,11,0.5076524678986474
5,6,11,0.2088844544951591
7,4,11,0.7509979234994011
5,6,11,NaN
4,7,11,0.0003445410267916212
7,4,11,0.0018390190848579725
6,5,11,NaN
7,4,11,NaN
5,6,11,0.3193104281105608
6,5,11,0.9467276154068415
6,5,11,0.1693152069022997
2,9,11,0.011818809663541242
7,4,11,0.9467276154068415
8,3,11,NaN
5,6,11,0.36195297437028884
9,2,11,NaN
6,5,11,0.6747310753307035
5,6,11,0.002027108260137929
4,7,11,0.08010724261445588
6,5,11,0.5076524678986474
5,6,11,0.4492661421563691
7,4,11,0.5983910585585586
7,4,11,NaN
8,3,11,0.010197860774738502
5,6,11,0.7793437484042097
9,2,11,0.3781848418418831
7,4,11,NaN
5,6,11,0.031053180036765233
5,6,11,0.8062781873736411
4,7,11,0.8909590781505728
5,6,11,NaN
10,1,11,0.15348760037464887
7,4,11,0.17507801170393483
3,8,11,0.11302026105487464
8,3,11,0.2088844544951591
8,3,11,0.13221071469067883
8,3,11,0.05916634506716057
6,5,11,0.6251134224399584
2,9,11,0.06623234046470323
6,5,11,0.9859421773727781
4,7,11,8.808086063852137e-7
8,3,11,0.0489434265132278
4,7,11,NaN
5,6,11,0.3782498717433507
3,8,11,0.452410020749519
8,3,11,0.08139481150030385
3,8,11,NaN
5,6,11,0.2930206077647949
3,8,11,0.05916634506716057
8,3,11,0.0016596141392727867
6,5,11,0.642689094081309
3,8,11,NaN
10,1,11,0.006770900559713291
3,8,11,NaN
4,7,11,NaN
1,10,11,0.6294090224292507
8,3,11,0.010659096882474243
6,5,11,0.0503944665317212
3,8,11,0.29971761708530115
5,6,11,NaN
11,0,11,0.26719816571667226
4,7,11,0.40231985308476415
10,1,11,NaN
4,7,11,0.5983910585585586
6,5,11,0.11947231924770366
9,2,11,0.48034970863649584
6,5,11,NaN
6,5,11,0.6826185730663652
5,6,11,NaN
7,4,11,0.06984398440883517
4,7,11,0.8302287522477523
1,10,11,NaN
4,7,11,0.1693152069022997
6,5,11,NaN
9,2,11,0.6294090224292507
4,7,11,NaN
3,8,11,0.13221071469067883
4,7,11,0.7808948524004466
3,8,11,NaN
6,5,11,NaN
8,3,11,1.3182288499972071e-5
6,5,11,0.02338290586129016
6,5,11,0.0503944665317212
3,8,11,NaN
6,5,11,0.003214912144702669
9,2,11,NaN
6,5,11,0.8302287522477523
3,8,11,NaN
7,4,11,NaN
2,9,11,0.14649086307832224
11,0,11,0.0005179527235359754
2,9,11,NaN
7,4,11,0.10721970187967203
7,4,11,0.5983910585585586
1,10,11,0.44590523132693405
10,1,11,0.16324452515178373
9,2,11,0.027044559834122163
5,6,11,NaN
6,5,11,NaN
6,5,11,NaN
10,1,11,NaN
10,1,11,0.41042378787561506
8,3,11,0.085078133706641
4,7,11,NaN
10,1,11,NaN
6,5,11,NaN
2,9,11,0.24157380752264015
6,5,11,NaN
9,2,11,0.8909590781505728
8,3,11,0.0005452079788478446
5,6,11,0.48683620498161845
9,2,11,NaN
3,8,11,NaN
7,4,11,0.3193104281105608
3,8,11,0.0010356354742891147
5,6,11,0.19907586714237627
5,6,11,0.11119411256218219
5,6,11,0.13092298420879606
6,5,11,NaN
4,7,11,0.8909590781505728
7,4,11,0.003930060864272878
7,4,11,0.9926057045775764
5,6,11,0.05916634506716057
1,10,11,0.7808948524004466
5,6,11,0.48152378233972265
7,4,11,0.015089968713335646
2,9,11,0.41042378787561506
9,2,11,NaN
6,5,11,0.3771700803649643
7,4,11,0.8723440292898591
10,1,11,NaN
6,5,11,0.4509523635122677
5,6,11,0.017809239281788392
4,7,11,0.03343751110379521
8,3,11,3.461208174274194e-7
2,9,11,NaN
4,7,11,0.05916634506716057
9,2,11,0.0037893638233257453
10,1,11,0.5983910585585586
7,4,11,0.642689094081309
10,1,11,0.26924196194895783
5,6,11,NaN
2,9,11,0.642689094081309
5,6,11,0.6826185730663652
6,5,11,0.2795481783803956
8,3,11,0.2178080136975654
6,5,11,0.05916634506716057
4,7,11,0.4586140219451372
3,8,11,0.005634571703672751
4,7,11,0.6826185730663652
6,5,11,NaN
5,6,11,0.5076524678986474
9,2,11,0.5523648636569257
4,7,11,0.8302287522477523
7,4,11,0.642689094081309
4,7,11,0.5983910585585586
6,5,11,NaN
5,6,11,NaN
6,5,11,0.016033496052346864
7,4,11,0.26222681657837493
3,8,11,0.9535768972014529
2,9,11,NaN
4,7,11,0.9859421773727781
3,8,11,NaN
4,7,11,NaN
6,5,11,0.07157652959349817
9,2,11,0.0503944665317212
7,4,11,NaN
6,5,11,0.9286312325354106
2,9,11,0.36374176270060876
6,5,11,0.5076524678986474
5,6,11,0.11538728450563603
2,9,11,0.8654245362367344
2,9,11,0.5983910585585586
1,10,11,0.23220176049889238
5,6,11,0.2088844544951591
6,5,11,NaN
6,5,11,0.15348760037464887
9,2,11,2.344829685545581e-6
2,9,11,0.4599376669571445
4,7,11,0.033031483863058805
9,2,11,NaN
3,8,11,NaN
5,6,11,0.5609910452367733
4,7,11,0.816238080562285
8,3,11,0.9467276154068415
2,9,11,NaN
4,7,11,0.6003514495077479
3,8,11,0.6556502548844619
5,6,11,NaN
6,5,11,0.5523648636569257
10,1,11,NaN
7,4,11,0.5464096398127916
5,6,11,0.0005053235129886871
5,6,11,NaN
4,7,11,NaN
8,3,11,0.00012423026303527915
8,3,11,0.010879277985521194
3,8,11,0.001683203910170714
2,9,11,NaN
7,4,11,0.8069917322481532
7,4,11,NaN
3,8,11,0.6826185730663652
1,10,11,NaN
3,8,11,0.4342054015116124
5,6,11,NaN
4,7,11,3.711185863049805e-8
5,6,11,0.3193104281105608
8,3,11,0.2088844544951591
5,6,11,0.2088844544951591
9,2,11,0.36374176270060876
9,2,11,7.611064582456187e-5
9,2,11,0.01854001549577286
4,7,11,0.003614399333897619
5,6,11,NaN
2,9,11,0.6826185730663652
8,3,11,0.8535399985089294
7,4,11,0.7808948524004466
4,7,11,NaN
6,5,11,0.8062781873736411
4,7,11,0.02174273081834589
5,6,11,NaN
2,9,11,0.5076524678986474
4,7,11,NaN
7,4,11,0.2655066932609007
7,4,11,NaN
3,8,11,0.17058767044983245
5,6,11,NaN
4,7,11,NaN
4,7,11,NaN
3,8,11,0.2795481783803956
8,3,11,0.028665180599799726
4,7,11,0.0503944665317212
4,7,11,0.3193104281105608
7,4,11,0.7808948524004466
7,4,11,0.047589109695436387
8,3,11,NaN
5,6,11,0.29536578456422036
2,9,11,NaN
6,5,11,2.925502040492709e-5
5,6,11,0.014343706526974854
2,9,11,NaN
5,6,11,0.11302026105487464
7,4,11,0.8425056912543271
1,10,11,NaN
5,6,11,0.7808948524004466
4,7,11,0.5356787976528692
9,2,11,0.03213513027435789
6,5,11,0.029006128291712237
6,5,11,NaN
9,2,11,1.8408353125702504e-7
3,8,11,NaN
3,8,11,0.15348760037464887
5,6,11,NaN
5,6,11,NaN
3,8,11,0.5523648636569257
9,2,11,0.05272162674471817
5,6,11,0.6061233859150627
6,5,11,0.7077202419067842
3,8,11,0.044260228018895065
2,9,11,0.41042378787561506
5,6,11,0.09652246162613985
7,4,11,0.3193104281105608
7,4,11,NaN
6,5,11,0.7711449514963752
8,3,11,0.6083223497221706
8,3,11,0.27386654997566207
4,7,11,NaN
2,9,11,0.981236864265928
2,9,11,NaN
5,6,11,0.4509523635122677
2,9,11,0.04268559884504177
9,2,11,NaN
4,7,11,NaN
4,7,11,NaN
3,8,11,0.025396716993254218
7,4,11,0.7297946413147893
2,9,11,NaN
3,8,11,0.7565714313776623
6,5,11,NaN
4,7,11,0.041983466097690915
3,8,11,0.8344642894794267
9,2,11,NaN
7,4,11,0.002883280376718557
3,8,11,NaN
2,9,11,0.0030622815663587572
4,7,11,0.0010117638021711897
11,0,11,NaN
2,9,11,0.3193104281105608
5,6,11,NaN
1,10,11,NaN
6,5,11,0.5315862019114886
1,10,11,0.027508030988302654
7,4,11,0.9370307818674889
4,7,11,0.06753146072351487
5,6,11,0.0503944665317212
6,5,11,0.5808666633907296
4,7,11,NaN
5,6,11,1.1565444028820631e-5
6,5,11,0.8062781873736411
3,8,11,0.23443636948631028
3,8,11,0.11302026105487464
7,4,11,0.242607560389761
5,6,11,NaN
5,6,11,0.2795481783803956
6,5,11,0.08139481150030385
5,6,11,0.2426068904918033
6,5,11,0.027508030988302654
8,3,11,0.01253918315241655
4,7,11,NaN
7,4,11,NaN
5,6,11,0.2618936890146383
6,5,11,NaN
6,5,11,0.6774627788569353
8,3,11,0.8597891122148843
6,5,11,NaN
7,4,11,0.09122925352261502
5,6,11,0.31498584848048067
2,9,11,0.27428743773759345
6,5,11,0.5820153176930492
3,8,11,NaN
3,8,11,NaN
3,8,11,0.7594308246544825
3,8,11,NaN
4,7,11,0.6012315219426208
9,2,11,NaN
2,9,11,0.36374176270060876
2,9,11,0.7200230968449273
3,8,11,0.00787511759390215
4,7,11,0.31605815260941306
7,4,11,NaN
2,9,11,NaN
9,2,11,0.0503944665317212
5,6,11,0.05916634506716057
7,4,11,0.03143330515384695
2,9,11,0.056895188344652854
4,7,11,0.3030605625516777
4,7,11,NaN
4,7,11,NaN
1,10,11,NaN
3,8,11,0.3782498717433507
3,8,11,NaN
3,8,11,0.11302026105487464
2,9,11,0.16741984225704146
2,9,11,NaN
2,9,11,0.10416358623413556
10,1,11,NaN
4,7,11,0.41042378787561506
6,5,11,NaN
1,10,11,NaN
3,8,11,0.2579283231289492
5,6,11,0.2618936890146383
3,8,11,0.9542119946582792
8,3,11,0.003362497883470113
8,3,11,0.3560010560262468
4,7,11,0.015089968713335646
7,4,11,0.13221071469067883
2,9,11,0.07808363400767943
2,9,11,NaN
5,6,11,0.8062781873736411
4,7,11,0.5983910585585586
3,8,11,0.7644901763920201
5,6,11,NaN
9,2,11,NaN
9,2,11,0.050267669818223094
9,2,11,0.2088844544951591
2,9,11,0.9067597060883621
3,8,11,NaN
2,9,11,0.9067597060883621
3,8,11,0.09652246162613985
5,6,11,0.36374176270060876
1,10,11,0.16613450070110886
7,4,11,0.8940792010784856
3,8,11,0.01571177749856143
4,7,11,NaN
3,8,11,NaN
7,4,11,NaN
1,10,11,0.8429544588585163
3,8,11,0.03869434532709462
5,6,11,NaN
1,10,11,NaN
5,6,11,0.7188460181803934
4,7,11,0.12742949384588692
3,8,11,0.8062781873736411
3,8,11,0.6931027965350215
5,6,11,0.008807642886319984
6,5,11,0.6098719264883795
7,4,11,0.00035123024515933924
3,8,11,0.8487107742215014
5,6,11,NaN
5,6,11,0.007022690274340739
1,10,11,NaN
7,4,11,0.5076524678986474
7,4,11,0.09652246162613985
2,9,11,NaN
1,10,11,NaN
4,7,11,0.3766083205306228
5,6,11,0.1828129785859671
7,4,11,0.7967289247303083
7,4,11,NaN
2,9,11,NaN
3,8,11,0.4586140219451372
6,5,11,0.3619694900853884
2,9,11,0.8723440292898591
5,6,11,NaN
4,7,11,NaN
3,8,11,0.5983910585585586
4,7,11,0.5616830581300455
4,7,11,0.015089968713335646
3,8,11,NaN
4,7,11,0.2795481783803956
2,9,11,0.36374176270060876
3,8,11,NaN
4,7,11,0.0057555937770935265
4,7,11,0.1791109280893668
3,8,11,1.487088931468308e-7
3,8,11,0.2795481783803956
6,5,11,NaN
2,9,11,0.643999670086967
9,2,11,0.12060533248990277
1,10,11,0.017809239281788392
2,9,11,0.5983910585585586
3,8,11,NaN
3,8,11,0.9357857374272102
6,5,11,0.5523648636569257
1,10,11,NaN
4,7,11,0.8478462701806765
6,5,11,0.1791109280893668
5,6,11,0.7509979234994011
5,6,11,0.5371225422918776
1,10,11,NaN
2,9,11,0.9192019026653547
2,9,11,0.29325455109693416
4,7,11,NaN
2,9,11,0.41042378787561506
1,10,11,0.5076524678986474
3,8,11,NaN
5,6,11,NaN
4,7,11,0.36374176270060876
3,8,11,0.695210622036116
2,9,11,NaN
4,7,11,0.8274942747355742
4,7,11,NaN
4,7,11,0.5983910585585586
4,7,11,0.015240572126523485
4,7,11,0.41042378787561506
1,10,11,NaN
3,8,11,0.7509979234994011
3,8,11,0.9286312325354106
2,9,11,0.922423104079044
3,8,11,0.23035644557879284
2,9,11,0.8909590781505728
3,8,11,0.8621828435332229
1,10,11,NaN
2,9,11,0.03573862828111791
1,10,11,0.8062781873736411
2,9,11,0.5983910585585586
2,9,11,0.3287049949310544
1,10,11,0.437593110558488
1,10,11,0.7598098628245019
2,9,11,0.3526129033674414
2,9,11,NaN
1,10,11,0.41042378787561506
4,7,11,0.02026453355916382
2,9,11,0.9701270358216911
6,5,11,0.2426068904918033
3,8,11,0.054378949024134746
2,9,11,0.029824284599219358
1,10,11,NaN
1,10,11,0.7998675719113165
1,10,11,NaN
1,10,11,NaN
1,10,11,0.15393182204495545
0,11,11,NaN
0,11,11,NaN
0,11,11,0.012741653266331953
0,11,11,NaN
0,11,11,NaN
0,11,11,0.8062781873736411
0,11,11,0.3193104281105608
0,11,11,0.0012392439851551269
0,11,11,NaN
0,11,11,NaN
0,11,11,0.02445700915533494
0,11,11,NaN
0,11,11,NaN
0,11,11,NaN
0,11,11,0.36374176270060876
0,11,11,NaN
0,11,11,NaN
0,11,11,0.06984398440883517
0,11,11,NaN
0,11,11,0.15348760037464887
7,3,10,0.6826185730663652
2,8,10,0.922423104079044
4,6,10,0.4981649929788208
5,5,10,NaN
6,4,10,0.0011149002403463108
4,6,10,0.2930206077647949
6,4,10,NaN
8,2,10,0.5523648636569257
8,2,10,0.7798983284227649
6,4,10,0.15468166405432204
6,4,10,0.08139481150030385
7,3,10,0.6651445388456798
4,6,10,0.13221071469067883
10,0,10,0.025396716993254218
3,7,10,NaN
4,6,10,0.9897292732740418
6,4,10,0.009502841096006406
3,7,10,0.07402936055044901
8,2,10,NaN
6,4,10,NaN
8,2,10,0.10767511445107844
1,9,10,0.11302026105487464
7,3,10,0.7509979234994011
8,2,10,NaN
3,7,10,0.8302287522477523
8,2,10,0.06984398440883517
7,3,10,0.36374176270060876
10,0,10,0.5079523055428579
5,5,10,0.08139481150030385
4,6,10,0.4586140219451372
5,5,10,0.6357006372723653
10,0,10,NaN
8,2,10,NaN
1,9,10,0.6463652182050513
6,4,10,0.6826185730663652
8,2,10,0.13221071469067883
3,7,10,0.24708357458322205
7,3,10,0.03573862828111791
6,4,10,0.032378644534542776
4,6,10,NaN
8,2,10,0.7934585002996595
6,4,10,0.21039353683207823
6,4,10,NaN
8,2,10,0.20610868071375793
4,6,10,0.11596396608464649
3,7,10,NaN
8,2,10,0.642689094081309
6,4,10,NaN
3,7,10,0.8535399985089294
5,5,10,0.14459169089435114
5,5,10,NaN
8,2,10,0.02143073799725636
7,3,10,0.0011790685123804023
6,4,10,0.01509564411312672
7,3,10,0.08139481150030385
6,4,10,0.7808948524004466
8,2,10,NaN
6,4,10,NaN
5,5,10,NaN
7,3,10,NaN
6,4,10,NaN
4,6,10,0.8478336734613815
7,3,10,0.3448338951642688
8,2,10,NaN
4,6,10,0.16074243712970235
4,6,10,NaN
6,4,10,NaN
5,5,10,NaN
6,4,10,NaN
6,4,10,NaN
2,8,10,0.6826185730663652
6,4,10,0.03573862828111791
8,2,10,0.4586140219451372
4,6,10,0.5570838826932605
6,4,10,NaN
4,6,10,0.7622973249612223
5,5,10,0.9659495665715027
4,6,10,0.8247356324416308
4,6,10,0.031780124353045315
10,0,10,0.0005179527235359754
6,4,10,0.981236864265928
6,4,10,NaN
7,3,10,0.0013588767483586946
7,3,10,NaN
8,2,10,NaN
7,3,10,NaN
2,8,10,0.5983910585585586
5,5,10,0.8234667303706756
4,6,10,0.007114009197751627
2,8,10,NaN
3,7,10,0.1791109280893668
3,7,10,0.09652246162613985
6,4,10,0.026173695057207323
7,3,10,0.5523648636569257
7,3,10,0.14633127750423014
5,5,10,0.7353422113671568
9,1,10,0.031780124353045315
9,1,10,0.2028265302705228
8,2,10,0.004512617673348695
8,2,10,NaN
6,4,10,0.5251031137265741
4,6,10,0.033437721066306506
5,5,10,NaN
3,7,10,NaN
6,4,10,0.017809239281788392
5,5,10,NaN
8,2,10,NaN
8,2,10,NaN
7,3,10,0.5983910585585586
6,4,10,0.2334427220678166
5,5,10,0.007114009197751627
4,6,10,NaN
7,3,10,NaN
5,5,10,0.011453451804503561
5,5,10,0.15348760037464887
6,4,10,0.9067597060883621
4,6,10,0.04725508669464612
8,2,10,5.5343645746799646e-8
7,3,10,0.029006128291712237
3,7,10,0.1791109280893668
4,6,10,0.41042378787561506
7,3,10,0.41042378787561506
6,4,10,NaN
6,4,10,0.4586140219451372
3,7,10,NaN
7,3,10,0.4768249905242542
4,6,10,0.2795481783803956
5,5,10,0.4586140219451372
2,8,10,NaN
3,7,10,0.36374176270060876
8,2,10,NaN
5,5,10,0.06984398440883517
6,4,10,NaN
5,5,10,NaN
7,3,10,NaN
9,1,10,NaN
4,6,10,0.0201286813465156
5,5,10,0.01050871192496647
3,7,10,0.013409104373096071
4,6,10,6.273283269357452e-5
6,4,10,NaN
8,2,10,0.7188460181803934
6,4,10,0.0017685900662667907
3,7,10,0.11302026105487464
1,9,10,0.0034282851549682454
4,6,10,NaN
6,4,10,0.7129874199989693
7,3,10,NaN
2,8,10,0.24304338790153596
8,2,10,0.1791109280893668
4,6,10,0.5523648636569257
5,5,10,0.007114009197751627
10,0,10,0.2426068904918033
6,4,10,0.09652246162613985
8,2,10,NaN
6,4,10,0.15348760037464887
9,1,10,0.27940576369903086
3,7,10,0.017652975182271186
5,5,10,0.7501316218252605
7,3,10,NaN
3,7,10,0.7188460181803934
3,7,10,NaN
7,3,10,NaN
3,7,10,0.1791109280893668
9,1,10,0.05916634506716057
4,6,10,0.2579902629090897
6,4,10,NaN
7,3,10,NaN
4,6,10,0.012741653266331953
5,5,10,0.3782498717433507
3,7,10,0.010813388187228557
7,3,10,NaN
9,1,10,NaN
7,3,10,NaN
8,2,10,0.6553577879327425
3,7,10,0.002872806322494878
1,9,10,0.0020307119803642964
4,6,10,NaN
8,2,10,NaN
6,4,10,0.13221071469067883
1,9,10,NaN
5,5,10,NaN
6,4,10,0.05916634506716057
3,7,10,0.015676859391722125
4,6,10,0.9067597060883621
8,2,10,0.7129566568451886
9,1,10,0.7188460181803934
4,6,10,NaN
4,6,10,0.026961409111249744
8,2,10,0.5983910585585586
4,6,10,NaN
5,5,10,0.7584623606547778
7,3,10,NaN
4,6,10,NaN
5,5,10,0.0503944665317212
3,7,10,0.9659495665715027
1,9,10,NaN
6,4,10,0.09652246162613985
8,2,10,0.005634571703672751
3,7,10,0.004704965409930718
4,6,10,0.004755125215359324
7,3,10,NaN
3,7,10,0.1791109280893668
5,5,10,0.8062781873736411
7,3,10,0.5841974892324842
5,5,10,NaN
7,3,10,NaN
8,2,10,0.7188460181803934
7,3,10,NaN
5,5,10,NaN
5,5,10,0.8274942747355742
4,6,10,0.7509979234994011
9,1,10,0.15719876348837444
6,4,10,NaN
5,5,10,0.9143121449723519
6,4,10,0.9475679371961635
8,2,10,0.5523648636569257
6,4,10,0.4586140219451372
6,4,10,0.21796342030739352
5,5,10,0.5523648636569257
9,1,10,NaN
8,2,10,0.009693138269433068
8,2,10,0.2579902629090897
3,7,10,0.013342448587560906
6,4,10,0.9946806672073457
7,3,10,0.015879609437696222
4,6,10,0.7869339673846486
2,8,10,0.11013903538218041
5,5,10,NaN
7,3,10,NaN
2,8,10,NaN
6,4,10,NaN
7,3,10,NaN
6,4,10,0.0065919822439237385
5,5,10,0.9726782752957167
6,4,10,0.11302026105487464
2,8,10,0.18566800669632527
2,8,10,0.5523648636569257
6,4,10,0.43023737382428484
3,7,10,0.5599380770164533
3,7,10,0.1625935719891472
7,3,10,0.07290330531867988
5,5,10,NaN
4,6,10,0.8535399985089294
2,8,10,0.11504569308760007
5,5,10,NaN
8,2,10,0.5523648636569257
6,4,10,NaN
4,6,10,NaN
9,1,10,0.4586140219451372
4,6,10,0.9829272234933872
4,6,10,0.9859421773727781
7,3,10,0.1791109280893668
5,5,10,0.8723440292898591
4,6,10,0.15348760037464887
2,8,10,0.4586140219451372
4,6,10,NaN
2,8,10,0.01212742441270742
8,2,10,0.5523648636569257
3,7,10,0.043766073668168336
3,7,10,0.0889282003189782
5,5,10,NaN
5,5,10,NaN
3,7,10,NaN
2,8,10,NaN
5,5,10,NaN
3,7,10,NaN
4,6,10,NaN
5,5,10,NaN
8,2,10,NaN
2,8,10,NaN
5,5,10,0.002540270907226045
7,3,10,NaN
5,5,10,NaN
6,4,10,0.5732967422528147
1,9,10,0.001428160033282153
4,6,10,1.903804165571157e-5
1,9,10,NaN
7,3,10,NaN
5,5,10,NaN
9,1,10,0.48066065578361084
7,3,10,0.08139481150030385
3,7,10,0.023552773245091713
4,6,10,0.14333204027328048
5,5,10,0.034703855744139825
7,3,10,NaN
4,6,10,0.28363036089570304
7,3,10,0.00028657482361911437
3,7,10,0.3193104281105608
4,6,10,NaN
3,7,10,3.4522066408013653e-6
9,1,10,NaN
3,7,10,0.03175993411860117
8,2,10,NaN
7,3,10,NaN
5,5,10,0.3510841961080117
6,4,10,NaN
7,3,10,NaN
5,5,10,0.5523648636569257
5,5,10,0.08699386357691172
2,8,10,NaN
5,5,10,NaN
8,2,10,NaN
7,3,10,0.0002040863942539927
4,6,10,0.44590523132693405
9,1,10,0.3193104281105608
7,3,10,NaN
7,3,10,NaN
7,3,10,0.13221071469067883
10,0,10,0.006811213056271577
2,8,10,0.029824284599219358
7,3,10,NaN
5,5,10,0.4261177572620088
8,2,10,0.7188460181803934
3,7,10,NaN
4,6,10,NaN
6,4,10,NaN
9,1,10,0.7275881804598708
8,2,10,0.060898362004779355
6,4,10,NaN
6,4,10,NaN
8,2,10,0.15348760037464887
5,5,10,NaN
8,2,10,0.36374176270060876
7,3,10,0.6152224403407643
9,1,10,0.8966748889057747
9,1,10,0.025396716993254218
8,2,10,NaN
5,5,10,NaN
5,5,10,0.06561588607036536
3,7,10,0.8062781873736411
8,2,10,NaN
8,2,10,0.7634657538607061
4,6,10,0.08139481150030385
3,7,10,0.0033643247595381274
1,9,10,0.33818089941469104
5,5,10,0.2727884006047483
3,7,10,NaN
9,1,10,0.2426068904918033
8,2,10,0.4586140219451372
6,4,10,NaN
5,5,10,0.8062781873736411
6,4,10,0.24665155036477815
5,5,10,NaN
3,7,10,NaN
8,2,10,NaN
5,5,10,0.15367353545563509
6,4,10,0.3649143555685413
3,7,10,0.2914440879616181
5,5,10,0.35416243832195843
3,7,10,0.09652246162613985
4,6,10,0.05272162674471817
8,2,10,NaN
8,2,10,0.41042378787561506
8,2,10,0.8723440292898591
7,3,10,0.7808948524004466
7,3,10,0.35055741112662414
8,2,10,0.0016732293345519133
2,8,10,0.4586140219451372
6,4,10,0.06024657194477485
4,6,10,NaN
4,6,10,0.01050871192496647
6,4,10,0.7343570285351995
9,1,10,0.05916634506716057
4,6,10,0.2426068904918033
2,8,10,0.31739451692645715
6,4,10,0.5983910585585586
5,5,10,NaN
8,2,10,0.5523648636569257
2,8,10,0.1072546479516715
6,4,10,NaN
5,5,10,0.04263845043616167
3,7,10,0.05555530957748644
6,4,10,NaN
7,3,10,NaN
3,7,10,0.18566800669632527
5,5,10,NaN
2,8,10,0.015089968713335646
2,8,10,0.7324243791214453
5,5,10,NaN
3,7,10,0.0018094150831311547
8,2,10,NaN
7,3,10,0.8062781873736411
5,5,10,NaN
1,9,10,0.6302989508676954
3,7,10,0.5076524678986474
3,7,10,0.002799347354138233
3,7,10,NaN
2,8,10,0.5523648636569257
3,7,10,0.8535399985089294
6,4,10,NaN
2,8,10,0.3782498717433507
6,4,10,NaN
6,4,10,0.0008126833797745949
5,5,10,0.36498896801094977
4,6,10,0.016543703308965083
8,2,10,0.7808948524004466
9,1,10,0.2088844544951591
10,0,10,NaN
6,4,10,NaN
6,4,10,0.8535399985089294
5,5,10,NaN
4,6,10,0.08562647313259962
5,5,10,0.36374176270060876
4,6,10,NaN
5,5,10,0.5076524678986474
7,3,10,0.9874459913811209
2,8,10,0.009903402887017673
3,7,10,0.085078133706641
5,5,10,0.7020066443731768
1,9,10,0.2426068904918033
3,7,10,0.8909590781505728
5,5,10,NaN
5,5,10,NaN
4,6,10,0.1857045707033261
3,7,10,0.03573862828111791
10,0,10,0.922423104079044
2,8,10,NaN
1,9,10,NaN
2,8,10,0.05250048263860099
6,4,10,0.005249607919547956
4,6,10,0.03901761945235202
6,4,10,0.016034279405037485
3,7,10,0.2088844544951591
5,5,10,NaN
5,5,10,0.7353422113671568
9,1,10,0.002027108260137929
3,7,10,0.1791109280893668
6,4,10,0.8723440292898591
2,8,10,NaN
5,5,10,NaN
6,4,10,0.01050871192496647
5,5,10,NaN
4,6,10,NaN
9,1,10,0.5076524678986474
2,8,10,NaN
4,6,10,NaN
1,9,10,0.7509979234994011
4,6,10,NaN
6,4,10,NaN
8,2,10,0.00475847679151637
6,4,10,0.3193104281105608
6,4,10,0.4586140219451372
5,5,10,0.6181699109086061
4,6,10,NaN
6,4,10,0.2795481783803956
5,5,10,NaN
4,6,10,0.18209450997609247
2,8,10,0.5054077683212156
4,6,10,0.41042378787561506
6,4,10,0.2426068904918033
3,7,10,NaN
5,5,10,0.5983910585585586
4,6,10,0.6004906959093957
1,9,10,0.5127779956941191
7,3,10,0.15348760037464887
5,5,10,NaN
5,5,10,0.3193104281105608
2,8,10,NaN
8,2,10,0.6711172142161339
6,4,10,NaN
7,3,10,NaN
2,8,10,0.8909590781505728
4,6,10,NaN
4,6,10,NaN
5,5,10,NaN
1,9,10,0.6826185730663652
4,6,10,0.5523648636569257
1,9,10,0.6012315219426208
6,4,10,0.015089968713335646
3,7,10,0.6089458443252129
3,7,10,NaN
3,7,10,0.1791109280893668
3,7,10,NaN
3,7,10,0.007984093613174112
1,9,10,NaN
5,5,10,0.5983910585585586
5,5,10,0.9067597060883621
4,6,10,0.9357857374272102
3,7,10,0.2426068904918033
3,7,10,0.8723440292898591
1,9,10,0.005634571703672751
6,4,10,0.2426068904918033
2,8,10,0.0010150315594212218
5,5,10,0.1791109280893668
7,3,10,0.7808948524004466
4,6,10,0.2795481783803956
9,1,10,NaN
3,7,10,NaN
3,7,10,0.23443636948631028
4,6,10,0.04263845043616167
4,6,10,NaN
6,4,10,0.6985725435052427
4,6,10,NaN
5,5,10,0.7188460181803934
1,9,10,NaN
6,4,10,0.02143073799725636
3,7,10,0.5983910585585586
5,5,10,NaN
4,6,10,0.43131143206749806
7,3,10,0.7523999056826383
7,3,10,NaN
6,4,10,0.5983910585585586
2,8,10,0.9329883633354683
4,6,10,0.1791109280893668
6,4,10,NaN
3,7,10,0.642689094081309
4,6,10,NaN
3,7,10,NaN
5,5,10,0.9829272234933872
4,6,10,NaN
6,4,10,0.4407996056478823
2,8,10,NaN
5,5,10,NaN
3,7,10,0.2795481783803956
1,9,10,0.06984398440883517
5,5,10,NaN
7,3,10,0.5076524678986474
4,6,10,NaN
8,2,10,NaN
4,6,10,NaN
9,1,10,NaN
3,7,10,0.03122705779374387
3,7,10,NaN
1,9,10,0.7188460181803934
5,5,10,NaN
6,4,10,0.08139481150030385
1,9,10,0.29047474703274073
2,8,10,0.17005011166707953
2,8,10,0.9067597060883621
1,9,10,0.41042378787561506
2,8,10,0.03573862828111791
5,5,10,0.04263845043616167
7,3,10,0.2795481783803956
6,4,10,0.3782498717433507
6,4,10,0.8909590781505728
6,4,10,NaN
1,9,10,0.004712440902467837
4,6,10,0.008807642886319984
4,6,10,0.2747679432202459
5,5,10,0.02026453355916382
1,9,10,NaN
2,8,10,NaN
10,0,10,0.00039857390896503545
3,7,10,0.642689094081309
3,7,10,NaN
5,5,10,2.6828450212182362e-5
7,3,10,0.47185074054765025
5,5,10,NaN
3,7,10,0.003930060864272878
1,9,10,0.41042378787561506
7,3,10,0.4599376669571445
6,4,10,0.41042378787561506
3,7,10,0.9946806672073457
7,3,10,NaN
6,4,10,0.05916634506716057
2,8,10,0.8027470666398017
6,4,10,0.41042378787561506
4,6,10,0.5523648636569257
6,4,10,0.6826185730663652
7,3,10,NaN
3,7,10,NaN
7,3,10,0.8909590781505728
4,6,10,NaN
4,6,10,0.7188460181803934
1,9,10,0.3539872178544108
7,3,10,0.8286677859447205
5,5,10,0.09652246162613985
3,7,10,NaN
3,7,10,NaN
9,1,10,NaN
8,2,10,0.11302026105487464
2,8,10,0.6124218183637662
6,4,10,0.2088844544951591
5,5,10,0.45606094824298443
3,7,10,0.06984398440883517
4,6,10,0.29986190784745825
5,5,10,0.5076524678986474
4,6,10,0.2426068904918033
4,6,10,0.4509523635122677
5,5,10,0.00010261256455208223
4,6,10,0.7656867738679951
2,8,10,0.08139481150030385
5,5,10,0.9925883253395366
3,7,10,NaN
2,8,10,0.10148782351543142
1,9,10,NaN
2,8,10,0.10776113476103326
2,8,10,0.2795170059358213
3,7,10,NaN
2,8,10,0.008500674696766028
4,6,10,0.005453048824651941
6,4,10,0.025396716993254218
2,8,10,NaN
8,2,10,NaN
3,7,10,NaN
4,6,10,0.8062781873736411
5,5,10,NaN
3,7,10,0.8723440292898591
5,5,10,0.5076524678986474
2,8,10,0.029824284599219358
3,7,10,0.2426068904918033
3,7,10,0.4675860911104037
3,7,10,0.11302026105487464
4,6,10,0.012741653266331953
2,8,10,0.9741337647667054
6,4,10,0.05194164634968795
4,6,10,NaN
1,9,10,0.6707997619402039
3,7,10,0.2426068904918033
2,8,10,0.799110370368328
3,7,10,0.010411764928557355
1,9,10,0.642689094081309
6,4,10,0.7509979234994011
1,9,10,NaN
3,7,10,NaN
2,8,10,NaN
1,9,10,0.5523648636569257
2,8,10,0.09652246162613985
2,8,10,0.41042378787561506
1,9,10,0.029824284599219358
2,8,10,NaN
2,8,10,0.025396716993254218
5,5,10,0.9897292732740418
1,9,10,NaN
2,8,10,0.7106310196754363
3,7,10,0.06984398440883517
1,9,10,0.0008505781522556606
4,6,10,0.24747896036237652
4,6,10,0.2795481783803956
2,8,10,0.5076524678986474
2,8,10,NaN
3,7,10,0.3519482393712636
1,9,10,0.5983910585585586
1,9,10,NaN
3,7,10,0.7808948524004466
2,8,10,0.06623234046470323
1,9,10,0.06556189010722842
1,9,10,0.0503944665317212
4,6,10,0.0503944665317212
1,9,10,0.8683244248534986
2,8,10,0.004746098330772899
2,8,10,NaN
1,9,10,0.7188460181803934
2,8,10,0.7509979234994011
4,6,10,0.8535399985089294
5,5,10,0.7808948524004466
2,8,10,NaN
4,6,10,0.775334502316701
1,9,10,0.37146473591148077
2,8,10,0.023565228958891005
2,8,10,0.7188460181803934
2,8,10,NaN
2,8,10,NaN
2,8,10,NaN
3,7,10,0.13221071469067883
2,8,10,0.2795481783803956
2,8,10,NaN
2,8,10,0.0503944665317212
6,4,10,NaN
3,7,10,NaN
2,8,10,NaN
1,9,10,0.07616835997014719
1,9,10,0.41042378787561506
2,8,10,0.33618196712879783
2,8,10,0.5523648636569257
4,6,10,NaN
2,8,10,NaN
4,6,10,0.8553916717037049
6,4,10,0.13221071469067883
1,9,10,NaN
1,9,10,0.1507288277158161
2,8,10,0.0026155786245475924
1,9,10,0.13221071469067883
2,8,10,0.63922624820168
4,6,10,NaN
2,8,10,NaN
1,9,10,0.029824284599219358
4,6,10,0.09701347348536524
2,8,10,0.0952079790358237
1,9,10,0.32274895680213084
1,9,10,0.7808894920295087
1,9,10,NaN
3,7,10,0.48152378233972265
1,9,10,0.2795481783803956
2,8,10,0.9067597060883621
1,9,10,NaN
2,8,10,0.9205022691468101
1,9,10,0.5983910585585586
1,9,10,NaN
1,9,10,0.12631264782250112
3,7,10,0.9357857374272102
2,8,10,0.002450097851978252
1,9,10,0.017809239281788392
2,8,10,0.00025436442949560876
1,9,10,NaN
1,9,10,0.5983910585585586
2,8,10,0.0503944665317212
1,9,10,NaN
1,9,10,NaN
2,8,10,0.04263845043616167
1,9,10,0.00859888666763141
2,8,10,0.7188460181803934
1,9,10,0.25138089562646115
1,9,10,0.7188460181803934
2,8,10,NaN
1,9,10,NaN
1,9,10,0.005017418748378451
2,8,10,0.08846011335822734
1,9,10,0.5523648636569257
0,10,10,0.08139481150030385
0,10,10,NaN
0,10,10,NaN
0,10,10,NaN
0,10,10,0.41042378787561506
0,10,10,0.03573862828111791
0,10,10,0.9659495665715027
0,10,10,0.13221071469067883
0,10,10,NaN
0,10,10,NaN
0,10,10,NaN
0,10,10,NaN
0,10,10,NaN
0,10,10,0.13221071469067883
0,10,10,0.0017685900662667907
0,10,10,NaN
0,10,10,NaN
0,10,10,NaN
0,10,10,NaN
0,10,10,NaN
0,10,10,0.5076524678986474
0,10,10,0.03475084435479884
0,10,10,0.36374176270060876
0,10,10,NaN
0,10,10,NaN
0,10,10,NaN
0,10,10,NaN
0,10,10,0.08139481150030385
0,10,10,NaN
0,10,10,0.0503944665317212
0,10,10,0.2863729932615242
7,2,9,0.9475679371961635
9,0,9,NaN
6,3,9,NaN
4,5,9,0.23443636948631028
3,6,9,0.7509979234994011
4,5,9,0.9659495665715027
5,4,9,NaN
4,5,9,0.2848950869586113
8,1,9,0.1638605467878801
7,2,9,0.2795481783803956
8,1,9,0.003040912402755483
7,2,9,0.9574121554627333
3,6,9,0.1196553105104064
4,5,9,NaN
6,3,9,0.5808666633907296
8,1,9,0.2088844544951591
7,2,9,0.012926818084671493
5,4,9,NaN
7,2,9,0.012741653266331953
9,0,9,NaN
8,1,9,0.09128343478293705
7,2,9,0.05469776630655054
8,1,9,0.6094784622220628
7,2,9,0.2795481783803956
8,1,9,0.6826185730663652
4,5,9,0.6870831034767041
8,1,9,0.22755754340892642
8,1,9,0.1619526822809425
4,5,9,NaN
8,1,9,NaN
3,6,9,0.7509979234994011
4,5,9,0.6826185730663652
3,6,9,0.6862909208832765
5,4,9,NaN
4,5,9,0.4586140219451372
6,3,9,NaN
5,4,9,0.2426068904918033
4,5,9,0.04263845043616167
1,8,9,NaN
6,3,9,NaN
5,4,9,0.36374176270060876
4,5,9,0.11055874183544423
8,1,9,0.35494657525964285
3,6,9,0.000603286735098502
6,3,9,NaN
4,5,9,NaN
5,4,9,NaN
3,6,9,0.6826185730663652
7,2,9,NaN
7,2,9,NaN
5,4,9,0.39776973938247095
3,6,9,0.6645125979743381
2,7,9,0.042570416822754996
8,1,9,0.16074243712970235
5,4,9,NaN
9,0,9,NaN
7,2,9,NaN
6,3,9,0.11302026105487464
5,4,9,NaN
5,4,9,0.0503944665317212
5,4,9,0.004191641547699598
6,3,9,0.6057514266873625
6,3,9,NaN
6,3,9,0.008856431569475735
2,7,9,NaN
3,6,9,NaN
7,2,9,0.8723440292898591
4,5,9,0.11302026105487464
3,6,9,NaN
5,4,9,0.029824284599219358
4,5,9,0.09019080450670715
7,2,9,NaN
5,4,9,0.5983910585585586
5,4,9,NaN
4,5,9,NaN
8,1,9,NaN
5,4,9,0.011114825422038229
4,5,9,0.5983910585585586
7,2,9,0.8852919168310224
4,5,9,0.005067216854819299
8,1,9,0.9210573530886371
6,3,9,NaN
2,7,9,0.08839391988664344
5,4,9,0.07616835997014719
5,4,9,0.8062781873736411
6,3,9,0.8535399985089294
7,2,9,0.14572256264134573
4,5,9,NaN
6,3,9,0.7509979234994011
5,4,9,NaN
9,0,9,8.597800422027324e-5
5,4,9,0.09807706489388046
3,6,9,0.18263926124873306
3,6,9,0.031780124353045315
7,2,9,1.340676654011336e-5
3,6,9,0.41042378787561506
5,4,9,NaN
5,4,9,0.37652304238531914
5,4,9,0.8712396188596956
6,3,9,0.29464595851733266
7,2,9,0.9946806672073457
4,5,9,NaN
6,3,9,NaN
3,6,9,NaN
7,2,9,0.002159781774951181
3,6,9,0.14333204027328048
4,5,9,0.033893390706537505
8,1,9,0.07500557586252883
4,5,9,NaN
7,2,9,0.0014533183811142084
8,1,9,0.029824284599219358
8,1,9,NaN
9,0,9,0.3792575179707511
4,5,9,NaN
6,3,9,NaN
3,6,9,0.8358279547106412
9,0,9,0.35591326635883624
3,6,9,NaN
3,6,9,0.15348760037464887
6,3,9,0.7509979234994011
7,2,9,NaN
5,4,9,0.002404671954333039
3,6,9,0.5523648636569257
8,1,9,NaN
2,7,9,0.9286312325354106
3,6,9,0.01050871192496647
7,2,9,NaN
4,5,9,NaN
2,7,9,0.883431935051208
8,1,9,0.974177414048571
7,2,9,0.4509523635122677
6,3,9,NaN
5,4,9,5.136981067617122e-5
4,5,9,0.00860264728312664
8,1,9,0.4342054015116124
5,4,9,0.47185074054765025
1,8,9,0.5983910585585586
4,5,9,0.642689094081309
7,2,9,0.6826185730663652
5,4,9,0.14801075477638465
8,1,9,NaN
1,8,9,0.4586140219451372
3,6,9,NaN
6,3,9,NaN
4,5,9,0.8723440292898591
4,5,9,0.8723440292898591
4,5,9,NaN
4,5,9,0.002702869922288079
5,4,9,0.0063627899687145086
6,3,9,0.44681390386742825
1,8,9,NaN
3,6,9,0.1791109280893668
2,7,9,NaN
4,5,9,0.4586140219451372
2,7,9,0.15148409581098174
2,7,9,NaN
9,0,9,0.15348760037464887
4,5,9,0.5076524678986474
8,1,9,0.06984398440883517
7,2,9,0.005433344060469586
7,2,9,NaN
8,1,9,0.7935049952260002
7,2,9,0.44051761567155623
3,6,9,NaN
7,2,9,0.36374176270060876
2,7,9,NaN
9,0,9,0.3193104281105608
6,3,9,0.1791109280893668
4,5,9,NaN
4,5,9,0.7509979234994011
2,7,9,NaN
5,4,9,NaN
8,1,9,0.4586140219451372
3,6,9,0.0059175962629531955
5,4,9,NaN
3,6,9,NaN
5,4,9,NaN
5,4,9,0.5775525665651291
3,6,9,NaN
4,5,9,0.3199870736619535
1,8,9,NaN
7,2,9,NaN
6,3,9,0.0503944665317212
2,7,9,NaN
6,3,9,0.8535399985089294
8,1,9,0.0014046777643045725
7,2,9,NaN
7,2,9,0.5523648636569257
3,6,9,NaN
4,5,9,0.19464605875021135
4,5,9,0.5752765786003021
2,7,9,NaN
4,5,9,0.09652246162613985
4,5,9,0.2795481783803956
4,5,9,0.2795481783803956
4,5,9,NaN
2,7,9,0.6061233859150627
1,8,9,NaN
7,2,9,NaN
5,4,9,0.7808948524004466
4,5,9,NaN
7,2,9,0.05811316207726769
8,1,9,NaN
8,1,9,6.070763671503334e-6
5,4,9,1.0324379560921793e-8
9,0,9,0.007694758594723953
5,4,9,0.04773427587306884
7,2,9,0.7509979234994011
4,5,9,0.2088844544951591
5,4,9,0.5433641164677188
5,4,9,0.1791109280893668
4,5,9,0.5523648636569257
6,3,9,0.5085116998523612
4,5,9,0.4164833579929707
4,5,9,NaN
4,5,9,0.5952821816200756
7,2,9,0.36374176270060876
4,5,9,0.005634571703672751
5,4,9,0.8121179194071697
9,0,9,NaN
5,4,9,0.9205022691468101
7,2,9,NaN
4,5,9,1.820590922399749e-5
6,3,9,0.28395087796656593
6,3,9,0.15348760037464887
3,6,9,NaN
6,3,9,0.22269652079554283
5,4,9,0.922423104079044
7,2,9,NaN
7,2,9,0.36374176270060876
1,8,9,0.1791109280893668
3,6,9,NaN
7,2,9,0.13249047986909152
5,4,9,0.834736261669968
2,7,9,0.030335505750555464
2,7,9,0.9544852420108386
7,2,9,0.023611196254042698
5,4,9,0.0034179362135666105
3,6,9,NaN
5,4,9,0.6294090224292507
3,6,9,NaN
6,3,9,NaN
7,2,9,0.7431326994811255
3,6,9,0.4798670136924272
4,5,9,NaN
7,2,9,0.5523648636569257
9,0,9,0.09686470441855767
8,1,9,0.3193104281105608
4,5,9,0.7188460181803934
3,6,9,NaN
3,6,9,NaN
6,3,9,0.03573862828111791
4,5,9,0.8723440292898591
6,3,9,0.5523648636569257
6,3,9,0.01602019454245868
6,3,9,0.004009959473719273
5,4,9,NaN
3,6,9,0.09926539978926702
3,6,9,0.04263845043616167
6,3,9,0.1950493486153658
7,2,9,0.2426068904918033
5,4,9,0.4085356785191704
4,5,9,NaN
6,3,9,0.027177346634100874
7,2,9,0.12470801760607649
6,3,9,0.8062781873736411
4,5,9,NaN
2,7,9,NaN
8,1,9,0.03674279941068971
7,2,9,NaN
5,4,9,NaN
1,8,9,NaN
5,4,9,0.8723440292898591
7,2,9,0.2088844544951591
3,6,9,0.8909590781505728
5,4,9,0.817049023308977
7,2,9,0.5523648636569257
3,6,9,0.8302287522477523
4,5,9,0.10430415336192178
6,3,9,0.03573862828111791
3,6,9,NaN
2,7,9,0.08139481150030385
4,5,9,0.5523648636569257
4,5,9,NaN
3,6,9,NaN
2,7,9,0.8723440292898591
8,1,9,0.13343061989297558
3,6,9,NaN
4,5,9,NaN
6,3,9,NaN
6,3,9,0.021084829651330326
4,5,9,0.13221071469067883
6,3,9,0.11302026105487464
2,7,9,0.0016617055118106202
2,7,9,NaN
3,6,9,0.4790631502733971
5,4,9,NaN
5,4,9,0.7711449514963752
7,2,9,NaN
7,2,9,0.9067597060883621
6,3,9,NaN
4,5,9,0.41042378787561506
5,4,9,0.642689094081309
6,3,9,0.9357857374272102
2,7,9,0.01735423014611375
6,3,9,0.10018035317806351
6,3,9,NaN
1,8,9,0.3193104281105608
8,1,9,NaN
3,6,9,NaN
4,5,9,NaN
8,1,9,0.8062781873736411
3,6,9,NaN
5,4,9,0.7188460181803934
7,2,9,NaN
2,7,9,NaN
6,3,9,NaN
7,2,9,0.8751928481965559
5,4,9,0.5076524678986474
5,4,9,0.002799347354138233
2,7,9,NaN
7,2,9,0.8121179194071697
6,3,9,NaN
5,4,9,0.9169392966968397
1,8,9,0.7111890621538858
7,2,9,NaN
5,4,9,0.13221071469067883
3,6,9,NaN
5,4,9,0.5568660070909979
5,4,9,0.7808948524004466
3,6,9,0.8909590781505728
6,3,9,NaN
6,3,9,0.0002586850488910067
3,6,9,NaN
3,6,9,0.06984398440883517
5,4,9,0.7188460181803934
5,4,9,NaN
5,4,9,0.00860264728312664
6,3,9,NaN
8,1,9,NaN
6,3,9,0.14381987451008782
2,7,9,NaN
6,3,9,0.48544925572231484
6,3,9,0.41449678065479245
6,3,9,0.15608558205027123
8,1,9,NaN
2,7,9,0.7188460181803934
4,5,9,NaN
7,2,9,0.0055650635761173035
6,3,9,0.8062781873736411
5,4,9,0.015641826901849724
2,7,9,0.13923025704806186
5,4,9,0.642689094081309
4,5,9,0.03573862828111791
5,4,9,8.50863951180493e-5
5,4,9,0.36374176270060876
2,7,9,0.34366979599149156
6,3,9,0.5523648636569257
4,5,9,NaN
5,4,9,0.8302287522477523
6,3,9,0.9946806672073457
4,5,9,NaN
6,3,9,0.7275881804598708
7,2,9,0.922423104079044
5,4,9,NaN
8,1,9,NaN
5,4,9,0.8535399985089294
4,5,9,0.0503944665317212
2,7,9,0.5983910585585586
6,3,9,0.009173306444451232
7,2,9,0.17384220504501538
3,6,9,0.7802526772425725
2,7,9,0.7495075430661315
5,4,9,NaN
6,3,9,NaN
4,5,9,0.5983910585585586
4,5,9,0.13221071469067883
3,6,9,0.2426068904918033
3,6,9,0.6507991269297501
4,5,9,NaN
5,4,9,0.9741337647667054
4,5,9,0.940606200698525
4,5,9,0.5523648636569257
2,7,9,0.9034838396714298
5,4,9,0.11302026105487464
7,2,9,0.7808948524004466
6,3,9,0.8535399985089294
5,4,9,NaN
8,1,9,NaN
3,6,9,NaN
9,0,9,NaN
6,3,9,0.7798983284227649
2,7,9,0.1791109280893668
7,2,9,0.8723440292898591
8,1,9,0.6826185730663652
7,2,9,0.015089968713335646
6,3,9,NaN
2,7,9,0.7808948524004466
6,3,9,0.5523648636569257
8,1,9,0.18975323986167209
4,5,9,0.4727789766829252
6,3,9,NaN
6,3,9,NaN
2,7,9,0.06984398440883517
3,6,9,NaN
6,3,9,0.642689094081309
6,3,9,NaN
7,2,9,0.4586140219451372
5,4,9,0.02143073799725636
6,3,9,0.05916634506716057
4,5,9,NaN
1,8,9,0.5437418855387848
4,5,9,0.922423104079044
5,4,9,NaN
7,2,9,0.8302287522477523
7,2,9,0.642689094081309
5,4,9,0.07452475029607389
2,7,9,0.642689094081309
4,5,9,NaN
2,7,9,NaN
3,6,9,0.7891521460405458
5,4,9,0.4586140219451372
4,5,9,NaN
2,7,9,0.11302026105487464
4,5,9,NaN
1,8,9,NaN
7,2,9,0.5076524678986474
6,3,9,NaN
7,2,9,0.05705772413028696
4,5,9,0.021563986423959066
8,1,9,NaN
6,3,9,0.05916634506716057
8,1,9,0.4509523635122677
2,7,9,0.5523648636569257
5,4,9,0.8062781873736411
3,6,9,NaN
5,4,9,NaN
2,7,9,NaN
4,5,9,0.02145986712839707
3,6,9,0.7495075430661315
9,0,9,0.06930905480619765
5,4,9,0.3193104281105608
5,4,9,0.04015257437073957
2,7,9,0.15348760037464887
7,2,9,NaN
3,6,9,0.9659495665715027
4,5,9,0.2088844544951591
4,5,9,0.41042378787561506
4,5,9,0.0503944665317212
3,6,9,0.5076524678986474
2,7,9,0.11302026105487464
5,4,9,0.15348760037464887
4,5,9,0.9475679371961635
7,2,9,0.7188460181803934
4,5,9,0.9565250608490544
8,1,9,NaN
1,8,9,0.6826185730663652
6,3,9,0.025396716993254218
2,7,9,0.3193104281105608
5,4,9,NaN
4,5,9,0.36374176270060876
2,7,9,0.09926539978926702
5,4,9,0.05916634506716057
4,5,9,NaN
5,4,9,0.5026470452986262
5,4,9,0.9606960079769826
2,7,9,0.0016617055118106202
5,4,9,NaN
5,4,9,NaN
7,2,9,0.02143073799725636
1,8,9,0.025396716993254218
4,5,9,NaN
3,6,9,0.015089968713335646
8,1,9,0.0003458826844721898
3,6,9,0.1791109280893668
4,5,9,NaN
7,2,9,0.06984398440883517
2,7,9,0.06984398440883517
6,3,9,NaN
6,3,9,0.8535399985089294
8,1,9,0.00010230392233880059
6,3,9,0.7697403801565411
1,8,9,0.09652246162613985
3,6,9,0.8012132539784661
5,4,9,NaN
7,2,9,0.13221071469067883
6,3,9,0.39248735872422347
6,3,9,0.002127636923616425
3,6,9,0.09652246162613985
3,6,9,0.3065151722606036
3,6,9,0.08018202612074456
7,2,9,0.7188460181803934
6,3,9,NaN
3,6,9,0.9475679371961635
4,5,9,0.7808948524004466
3,6,9,0.15348760037464887
5,4,9,0.2930206077647949
1,8,9,NaN
8,1,9,0.7509979234994011
1,8,9,0.04263845043616167
3,6,9,0.003597270301127361
5,4,9,0.8836959473590311
5,4,9,0.17877273927130521
2,7,9,0.3193104281105608
7,2,9,NaN
6,3,9,0.11302026105487464
4,5,9,0.409194151226937
1,8,9,0.8302287522477523
8,1,9,0.642689094081309
4,5,9,0.041983466097690915
5,4,9,0.8302287522477523
7,2,9,0.5983910585585586
5,4,9,NaN
6,3,9,NaN
5,4,9,0.0586359857465287
4,5,9,0.8707921770589394
7,2,9,NaN
4,5,9,NaN
2,7,9,0.029824284599219358
2,7,9,NaN
7,2,9,0.13221071469067883
6,3,9,NaN
3,6,9,0.05916634506716057
5,4,9,NaN
5,4,9,0.04263845043616167
2,7,9,0.1791109280893668
8,1,9,0.13221071469067883
5,4,9,0.3544622708725064
7,2,9,NaN
5,4,9,NaN
6,3,9,0.8533233163019531
4,5,9,NaN
7,2,9,0.9741337647667054
2,7,9,NaN
6,3,9,NaN
5,4,9,NaN
8,1,9,0.9855620825843133
6,3,9,0.043074232746882456
5,4,9,0.36374176270060876
8,1,9,NaN
6,3,9,0.2426068904918033
5,4,9,0.15348760037464887
5,4,9,0.5964706775926641
3,6,9,0.86482303902549
4,5,9,0.05916634506716057
2,7,9,0.025396716993254218
3,6,9,0.01623690490576618
4,5,9,NaN
2,7,9,NaN
3,6,9,NaN
5,4,9,NaN
3,6,9,NaN
6,3,9,0.38470524827644853
3,6,9,0.3759655697680192
1,8,9,0.0012526492265653808
1,8,9,0.4586140219451372
1,8,9,0.001960109029975151
4,5,9,0.04067623267357539
2,7,9,NaN
1,8,9,0.9067597060883621
5,4,9,0.36374176270060876
5,4,9,0.11302026105487464
4,5,9,NaN
2,7,9,NaN
2,7,9,NaN
1,8,9,0.004746098330772899
5,4,9,0.7522517969420768
3,6,9,0.02891162146845798
4,5,9,0.11302026105487464
7,2,9,NaN
3,6,9,0.6572445813685943
3,6,9,0.08139481150030385
4,5,9,NaN
8,1,9,4.153852500588757e-5
1,8,9,NaN
7,2,9,0.36374176270060876
7,2,9,0.7947233550337277
1,8,9,NaN
4,5,9,NaN
1,8,9,0.8723440292898591
1,8,9,0.642689094081309
3,6,9,NaN
5,4,9,0.7188460181803934
2,7,9,NaN
4,5,9,0.00860264728312664
5,4,9,0.00042573840965218906
8,1,9,0.0002938051022740261
3,6,9,0.0032377595441717513
3,6,9,NaN
4,5,9,NaN
2,7,9,0.013559607483089786
5,4,9,0.028992243981550387
3,6,9,0.36374176270060876
4,5,9,0.8100510268506245
6,3,9,NaN
1,8,9,NaN
4,5,9,0.5195262465507069
4,5,9,0.2088844544951591
3,6,9,0.36374176270060876
8,1,9,NaN
5,4,9,3.9075751233303177e-10
1,8,9,0.9829272234933872
8,1,9,NaN
8,1,9,NaN
1,8,9,0.6012315219426208
5,4,9,0.012741653266331953
2,7,9,NaN
2,7,9,NaN
3,6,9,NaN
7,2,9,NaN
4,5,9,NaN
4,5,9,0.046781601450779316
6,3,9,0.9897292732740418
2,7,9,0.12881343609797066
4,5,9,0.6747310753307035
3,6,9,0.2795481783803956
7,2,9,0.15348760037464887
7,2,9,NaN
2,7,9,0.16576950515492578
3,6,9,0.03573862828111791
2,7,9,0.012741653266331953
3,6,9,NaN
2,7,9,0.7522517969420768
4,5,9,NaN
7,2,9,0.7810980143226508
2,7,9,0.5051073200608648
4,5,9,NaN
4,5,9,0.00028657482361911437
3,6,9,NaN
7,2,9,NaN
7,2,9,NaN
3,6,9,NaN
5,4,9,NaN
2,7,9,0.3193104281105608
5,4,9,NaN
6,3,9,0.8535399985089294
4,5,9,0.015089968713335646
3,6,9,0.17324860033155984
5,4,9,NaN
8,1,9,0.43220872526476617
5,4,9,0.2088844544951591
1,8,9,NaN
4,5,9,NaN
7,2,9,0.015089968713335646
3,6,9,NaN
1,8,9,NaN
4,5,9,NaN
5,4,9,NaN
3,6,9,NaN
2,7,9,0.7509979234994011
4,5,9,NaN
4,5,9,0.15724194830956753
4,5,9,0.06659411911357677
4,5,9,0.3193104281105608
6,3,9,NaN
3,6,9,0.7856593209378341
3,6,9,NaN
5,4,9,0.36374176270060876
5,4,9,0.8234217383725649
8,1,9,0.186033664191781
2,7,9,0.6035072814323004
3,6,9,0.6826185730663652
4,5,9,NaN
5,4,9,NaN
4,5,9,0.6826185730663652
1,8,9,0.2674412034814069
1,8,9,0.6858539065761025
1,8,9,0.3193104281105608
3,6,9,0.07452475029607389
1,8,9,NaN
2,7,9,NaN
4,5,9,9.27704625072999e-6
7,2,9,NaN
3,6,9,0.029824284599219358
3,6,9,NaN
4,5,9,NaN
2,7,9,0.1791109280893668
3,6,9,NaN
8,1,9,NaN
2,7,9,NaN
2,7,9,NaN
3,6,9,0.6826185730663652
2,7,9,0.06984398440883517
2,7,9,0.9659495665715027
1,8,9,0.006000442909334163
3,6,9,0.2426068904918033
7,2,9,NaN
2,7,9,NaN
5,4,9,0.7729660811890191
3,6,9,NaN
5,4,9,NaN
6,3,9,NaN
6,3,9,0.1791109280893668
2,7,9,0.025396716993254218
3,6,9,NaN
4,5,9,0.6891480126826307
2,7,9,NaN
4,5,9,NaN
7,2,9,NaN
4,5,9,NaN
6,3,9,0.13221071469067883
3,6,9,0.05916634506716057
2,7,9,0.6463652182050513
1,8,9,0.6348736781108391
2,7,9,NaN
3,6,9,0.007114009197751627
2,7,9,NaN
5,4,9,0.2795481783803956
2,7,9,NaN
3,6,9,0.5007295397888664
3,6,9,NaN
1,8,9,NaN
2,7,9,0.03573862828111791
2,7,9,0.00860264728312664
4,5,9,0.013383075444303982
3,6,9,NaN
2,7,9,NaN
1,8,9,NaN
2,7,9,0.1791109280893668
2,7,9,0.8027470666398017
1,8,9,NaN
5,4,9,0.017809239281788392
4,5,9,0.7808948524004466
1,8,9,0.017809239281788392
5,4,9,NaN
1,8,9,0.5076524678986474
4,5,9,NaN
4,5,9,NaN
1,8,9,0.09652246162613985
2,7,9,0.015089968713335646
3,6,9,0.024408329127111026
2,7,9,NaN
1,8,9,NaN
3,6,9,0.007568473791032749
3,6,9,0.18322761415510613
6,3,9,0.20308072183478815
3,6,9,0.41042378787561506
2,7,9,0.2795481783803956
2,7,9,0.06984398440883517
4,5,9,NaN
3,6,9,NaN
1,8,9,0.21887744798677466
1,8,9,NaN
1,8,9,NaN
1,8,9,0.11302026105487464
3,6,9,NaN
4,5,9,0.5841974892324842
2,7,9,NaN
4,5,9,0.1742759040686336
2,7,9,NaN
6,3,9,NaN
3,6,9,0.8012132539784661
2,7,9,NaN
5,4,9,NaN
4,5,9,0.3544622708725064
2,7,9,NaN
3,6,9,4.1418896383771804e-5
3,6,9,0.4586140219451372
6,3,9,0.8323607170938457
4,5,9,NaN
3,6,9,0.642689094081309
1,8,9,0.08139481150030385
6,3,9,0.6826185730663652
1,8,9,NaN
1,8,9,NaN
4,5,9,NaN
2,7,9,0.2088844544951591
3,6,9,0.2426068904918033
1,8,9,0.7188460181803934
1,8,9,0.2785887787157648
2,7,9,0.4586140219451372
5,4,9,0.07491057205633207
1,8,9,NaN
1,8,9,0.04263845043616167
6,3,9,0.5026470452986262
2,7,9,0.5523648636569257
1,8,9,0.08139481150030385
2,7,9,0.14512150743746116
6,3,9,0.8302287522477523
2,7,9,0.9585792860738214
2,7,9,0.4085605080049895
3,6,9,NaN
2,7,9,NaN
4,5,9,0.8536890179043052
4,5,9,NaN
2,7,9,NaN
1,8,9,0.9987201568965912
2,7,9,0.13221071469067883
4,5,9,NaN
3,6,9,NaN
2,7,9,0.00861689303296621
1,8,9,0.8909590781505728
4,5,9,0.922423104079044
2,7,9,0.7808948524004466
4,5,9,0.09652246162613985
5,4,9,NaN
3,6,9,0.4768249905242542
1,8,9,0.017809239281788392
2,7,9,0.8287873152906045
2,7,9,NaN
1,8,9,NaN
2,7,9,0.011168548978407961
4,5,9,0.04263845043616167
1,8,9,NaN
2,7,9,NaN
1,8,9,0.4385107373894573
3,6,9,NaN
2,7,9,NaN
3,6,9,0.06984398440883517
2,7,9,NaN
2,7,9,7.995556276644728e-5
1,8,9,NaN
3,6,9,NaN
3,6,9,0.08032235579491383
1,8,9,NaN
2,7,9,0.30301492025723
2,7,9,0.9367425939034375
4,5,9,0.9357857374272102
1,8,9,NaN
1,8,9,0.642689094081309
1,8,9,0.2795481783803956
2,7,9,0.36374176270060876
2,7,9,0.7188460181803934
4,5,9,0.9741337647667054
1,8,9,NaN
2,7,9,NaN
3,6,9,0.3193104281105608
3,6,9,0.025396716993254218
1,8,9,0.9925883253395366
1,8,9,NaN
1,8,9,NaN
5,4,9,0.642689094081309
2,7,9,0.9067597060883621
2,7,9,NaN
2,7,9,0.7876047692022679
1,8,9,NaN
1,8,9,0.9067597060883621
1,8,9,0.015089968713335646
1,8,9,NaN
2,7,9,0.03744155143953566
3,6,9,0.3467873771645431
1,8,9,0.6826185730663652
2,7,9,NaN
1,8,9,0.11302026105487464
2,7,9,0.6826185730663652
4,5,9,0.13221071469067883
1,8,9,NaN
1,8,9,0.4586140219451372
1,8,9,0.1791109280893668
1,8,9,0.4586140219451372
1,8,9,0.0503944665317212
1,8,9,NaN
5,4,9,NaN
4,5,9,0.23035644557879284
1,8,9,0.0503944665317212
1,8,9,NaN
1,8,9,NaN
1,8,9,NaN
1,8,9,0.7080416755144804
1,8,9,0.7808948524004466
1,8,9,0.29971761708530115
1,8,9,0.13221071469067883
1,8,9,0.09926539978926702
1,8,9,0.9859421773727781
1,8,9,NaN
1,8,9,0.7594308246544825
0,9,9,NaN
0,9,9,0.05916634506716057
0,9,9,NaN
0,9,9,NaN
0,9,9,0.06623234046470323
0,9,9,0.9659495665715027
0,9,9,0.2088844544951591
0,9,9,NaN
0,9,9,NaN
0,9,9,NaN
0,9,9,0.2795481783803956
0,9,9,0.41042378787561506
0,9,9,0.3024226445243671
0,9,9,NaN
0,9,9,0.03573862828111791
0,9,9,NaN
0,9,9,NaN
0,9,9,0.015089968713335646
0,9,9,0.8062781873736411
0,9,9,0.09337915070784297
0,9,9,NaN
0,9,9,0.04263845043616167
0,9,9,NaN
0,9,9,0.6507991269297501
0,9,9,0.38131679882547787
0,9,9,NaN
0,9,9,NaN
0,9,9,0.3073233235970278
0,9,9,NaN
0,9,9,0.3193104281105608
0,9,9,NaN
0,9,9,0.007436978370272145
0,9,9,0.05916634506716057
0,9,9,NaN
0,9,9,NaN
0,9,9,0.2088844544951591
0,9,9,0.26818857456638373
0,9,9,NaN
0,9,9,NaN
0,9,9,NaN
0,9,9,0.5614687265137022
0,9,9,NaN
0,9,9,NaN
0,9,9,NaN
0,9,9,NaN
0,9,9,0.642689094081309
0,9,9,0.13221071469067883
0,9,9,NaN
0,9,9,0.2028265302705228
0,9,9,0.3193104281105608
0,9,9,NaN
0,9,9,0.2088844544951591
0,9,9,0.007114009197751627
0,9,9,0.15348760037464887
0,9,9,NaN
0,9,9,0.7808948524004466
0,9,9,NaN
0,9,9,NaN
0,9,9,0.36374176270060876
7,1,8,NaN
5,3,8,0.6409055963569094
5,3,8,NaN
5,3,8,0.7808948524004466
1,7,8,0.08903631838531754
2,6,8,NaN
3,5,8,0.06984398440883517
3,5,8,0.5523648636569257
3,5,8,NaN
5,3,8,0.9659495665715027
7,1,8,0.9067597060883621
2,6,8,NaN
4,4,8,0.17545313036444607
6,2,8,0.01050871192496647
3,5,8,0.01812860822075426
2,6,8,0.9659495665715027
8,0,8,NaN
5,3,8,NaN
5,3,8,0.08139481150030385
6,2,8,0.3782498717433507
6,2,8,NaN
1,7,8,0.056068383372695
3,5,8,0.36374176270060876
3,5,8,NaN
2,6,8,0.017809239281788392
7,1,8,0.36374176270060876
8,0,8,NaN
2,6,8,0.8707954753122703
6,2,8,NaN
7,1,8,0.642689094081309
2,6,8,0.9925883253395366
4,4,8,0.4342054015116124
6,2,8,0.08938001634677822
3,5,8,0.9859421773727781
3,5,8,NaN
7,1,8,0.0007186147594630655
1,7,8,NaN
2,6,8,0.09652246162613985
4,4,8,0.36374176270060876
5,3,8,0.2795481783803956
1,7,8,0.012021157648269129
5,3,8,0.46402224115184865
7,1,8,NaN
3,5,8,NaN
5,3,8,NaN
6,2,8,0.5076489550616028
7,1,8,0.9067597060883621
7,1,8,0.7188460181803934
5,3,8,NaN
6,2,8,NaN
4,4,8,NaN
2,6,8,NaN
4,4,8,0.5523648636569257
5,3,8,0.41042378787561506
6,2,8,NaN
7,1,8,0.4586140219451372
7,1,8,NaN
6,2,8,NaN
6,2,8,NaN
4,4,8,0.15348760037464887
4,4,8,0.30408087861384864
7,1,8,NaN
8,0,8,0.017809239281788392
3,5,8,0.5675745756270589
5,3,8,NaN
1,7,8,NaN
7,1,8,0.3193104281105608
4,4,8,0.36374176270060876
7,1,8,0.0033529015586013346
7,1,8,0.585710173639311
5,3,8,0.7808948524004466
6,2,8,0.11302026105487464
5,3,8,NaN
3,5,8,0.840844993684873
2,6,8,0.3193104281105608
2,6,8,NaN
3,5,8,0.2088844544951591
4,4,8,0.030361577957369244
6,2,8,NaN
7,1,8,NaN
7,1,8,NaN
6,2,8,NaN
3,5,8,NaN
2,6,8,0.13668591831866247
7,1,8,0.051546715564446614
7,1,8,0.025396716993254218
6,2,8,NaN
4,4,8,3.835999302340658e-8
5,3,8,0.017809239281788392
4,4,8,NaN
6,2,8,0.018074115372216565
6,2,8,0.48706295991556137
6,2,8,0.7188460181803934
6,2,8,NaN
6,2,8,0.2795481783803956
5,3,8,0.3782498717433507
6,2,8,0.8535399985089294
2,6,8,0.11093021254670174
5,3,8,0.5775525665651291
3,5,8,0.9475679371961635
5,3,8,NaN
8,0,8,NaN
7,1,8,0.6826185730663652
6,2,8,NaN
6,2,8,0.11302026105487464
7,1,8,0.3193104281105608
8,0,8,0.8089861269655138
3,5,8,NaN
5,3,8,NaN
3,5,8,0.9897292732740418
4,4,8,0.9659495665715027
5,3,8,0.49892383316175287
8,0,8,0.03573862828111791
1,7,8,0.0503944665317212
3,5,8,NaN
3,5,8,0.19602171517695313
3,5,8,0.5983910585585586
6,2,8,0.13221071469067883
6,2,8,0.642689094081309
6,2,8,NaN
3,5,8,NaN
6,2,8,0.10128925586035092
3,5,8,0.17026190102192335
3,5,8,NaN
4,4,8,NaN
4,4,8,0.8062781873736411
2,6,8,NaN
7,1,8,0.3938413734631076
2,6,8,0.643999670086967
6,2,8,0.8750450913265233
4,4,8,NaN
8,0,8,0.046249759213157854
2,6,8,NaN
6,2,8,0.6971319114748225
6,2,8,0.014410129141657298
4,4,8,0.07500557586252883
6,2,8,NaN
7,1,8,0.5076524678986474
4,4,8,0.0835677118444577
7,1,8,NaN
6,2,8,0.00860264728312664
5,3,8,NaN
5,3,8,NaN
7,1,8,NaN
7,1,8,0.7808948524004466
5,3,8,NaN
5,3,8,NaN
5,3,8,0.11593356160669373
8,0,8,0.015089968713335646
3,5,8,0.16613450070110886
3,5,8,0.4314601749731805
8,0,8,NaN
5,3,8,0.5511071721663716
2,6,8,NaN
6,2,8,0.00860264728312664
4,4,8,0.02319262584324005
5,3,8,NaN
7,1,8,NaN
8,0,8,0.08139481150030385
7,1,8,NaN
4,4,8,NaN
4,4,8,0.15798926746409386
6,2,8,0.9067597060883621
7,1,8,NaN
5,3,8,0.9467276154068415
4,4,8,0.5937466969765193
4,4,8,0.7199816244176191
3,5,8,0.35591326635883624
3,5,8,0.2795481783803956
8,0,8,0.19430139790548
3,5,8,0.0004511365998701724
3,5,8,0.29536578456422036
2,6,8,NaN
8,0,8,0.7509979234994011
4,4,8,0.9574121554627333
5,3,8,0.0013588767483586946
6,2,8,0.9720002710982488
3,5,8,NaN
5,3,8,NaN
3,5,8,NaN
6,2,8,0.06984398440883517
4,4,8,0.9067597060883621
2,6,8,0.006828264694448636
5,3,8,NaN
5,3,8,NaN
3,5,8,0.922423104079044
2,6,8,0.6854742414574335
8,0,8,0.08139481150030385
4,4,8,0.5523648636569257
4,4,8,0.8302287522477523
7,1,8,0.047019279905660565
1,7,8,0.4569025372189511
4,4,8,0.0045466534190283766
5,3,8,NaN
6,2,8,NaN
5,3,8,NaN
2,6,8,0.7285642453824422
2,6,8,NaN
5,3,8,0.048911123078744914
7,1,8,NaN
3,5,8,0.06984398440883517
4,4,8,0.15293463632549356
7,1,8,NaN
7,1,8,NaN
6,2,8,NaN
3,5,8,0.7188460181803934
1,7,8,NaN
5,3,8,0.11302026105487464
5,3,8,0.015299300219024554
3,5,8,0.9995612141041931
6,2,8,0.13221071469067883
5,3,8,NaN
6,2,8,0.002799347354138233
6,2,8,NaN
6,2,8,0.7188460181803934
4,4,8,0.085078133706641
4,4,8,NaN
3,5,8,0.8909590781505728
6,2,8,NaN
7,1,8,0.17385392989584988
4,4,8,NaN
3,5,8,7.668646290548929e-6
4,4,8,NaN
3,5,8,NaN
5,3,8,0.02143073799725636
8,0,8,0.922423104079044
4,4,8,0.07452475029607389
1,7,8,0.013197127510265513
4,4,8,NaN
5,3,8,0.13221071469067883
6,2,8,NaN
4,4,8,NaN
5,3,8,0.8302287522477523
4,4,8,NaN
6,2,8,NaN
6,2,8,0.029824284599219358
2,6,8,0.8909590781505728
6,2,8,NaN
2,6,8,NaN
3,5,8,NaN
2,6,8,0.6826185730663652
2,6,8,0.7808948524004466
5,3,8,0.03573862828111791
7,1,8,0.8062781873736411
4,4,8,0.4586140219451372
3,5,8,NaN
6,2,8,NaN
2,6,8,0.09472330744609117
7,1,8,0.36374176270060876
5,3,8,0.00860264728312664
2,6,8,NaN
6,2,8,NaN
3,5,8,0.7509979234994011
2,6,8,0.5983910585585586
6,2,8,NaN
5,3,8,0.8852919168310224
1,7,8,0.642689094081309
2,6,8,NaN
5,3,8,0.0005676305174170848
4,4,8,NaN
1,7,8,NaN
3,5,8,NaN
4,4,8,NaN
6,2,8,0.2027443702512315
3,5,8,0.2426068904918033
6,2,8,NaN
1,7,8,0.4599376669571445
4,4,8,0.8302287522477523
3,5,8,NaN
6,2,8,0.00010408456995606001
3,5,8,0.13221071469067883
5,3,8,1.399272812692664e-5
6,2,8,0.2088844544951591
4,4,8,NaN
4,4,8,0.012361445158998717
4,4,8,0.5076524678986474
5,3,8,NaN
3,5,8,NaN
7,1,8,0.004587740297176135
4,4,8,0.29671547856532515
5,3,8,NaN
1,7,8,NaN
5,3,8,NaN
2,6,8,NaN
7,1,8,NaN
4,4,8,0.9475679371961635
4,4,8,NaN
6,2,8,NaN
1,7,8,0.09652246162613985
5,3,8,NaN
3,5,8,0.5523648636569257
6,2,8,NaN
6,2,8,0.02143073799725636
2,6,8,NaN
4,4,8,NaN
6,2,8,0.04263845043616167
6,2,8,0.6089458443252129
6,2,8,NaN
3,5,8,0.6886119205752255
2,6,8,NaN
7,1,8,NaN
4,4,8,NaN
8,0,8,0.7020066443731768
5,3,8,0.642689094081309
6,2,8,0.00432773770070526
5,3,8,NaN
3,5,8,6.427797590280594e-5
4,4,8,0.6729917556772645
6,2,8,0.7509979234994011
4,4,8,0.01050871192496647
3,5,8,0.025396716993254218
3,5,8,0.00860264728312664
4,4,8,NaN
2,6,8,0.41042378787561506
4,4,8,0.08139481150030385
5,3,8,NaN
8,0,8,9.637244292392102e-5
4,4,8,0.173747651827567
6,2,8,0.5076524678986474
7,1,8,0.3199870736619535
1,7,8,NaN
4,4,8,0.642689094081309
2,6,8,0.007062902830364311
6,2,8,0.41042378787561506
4,4,8,0.7509979234994011
3,5,8,0.09652246162613985
3,5,8,0.06984398440883517
4,4,8,0.5076524678986474
5,3,8,0.07516391414454694
6,2,8,NaN
7,1,8,2.6931041338720795e-6
4,4,8,0.006828264694448636
2,6,8,0.08139481150030385
7,1,8,NaN
7,1,8,0.9357857374272102
6,2,8,NaN
1,7,8,0.7509979234994011
5,3,8,0.376183652235253
2,6,8,0.840366637490393
3,5,8,0.9067597060883621
6,2,8,NaN
3,5,8,NaN
5,3,8,0.5076524678986474
5,3,8,NaN
4,4,8,NaN
3,5,8,0.13221071469067883
6,2,8,NaN
3,5,8,0.36374176270060876
5,3,8,NaN
8,0,8,NaN
5,3,8,NaN
1,7,8,0.15348760037464887
4,4,8,0.2227217586300466
4,4,8,NaN
7,1,8,0.2070073281345818
1,7,8,NaN
5,3,8,0.11302026105487464
3,5,8,0.4586140219451372
6,2,8,NaN
2,6,8,NaN
5,3,8,0.4586140219451372
6,2,8,0.1466484838902813
4,4,8,NaN
4,4,8,0.028438305555096074
8,0,8,0.8535399985089294
3,5,8,NaN
3,5,8,NaN
7,1,8,0.013816975118901464
2,6,8,NaN
2,6,8,NaN
5,3,8,NaN
5,3,8,NaN
3,5,8,NaN
2,6,8,NaN
2,6,8,NaN
3,5,8,NaN
2,6,8,0.86482303902549
6,2,8,0.9574121554627333
2,6,8,NaN
2,6,8,NaN
5,3,8,0.7188460181803934
4,4,8,0.05916634506716057
2,6,8,0.8217819832596046
2,6,8,0.7188460181803934
4,4,8,0.13221071469067883
5,3,8,0.8723440292898591
5,3,8,NaN
7,1,8,0.6826185730663652
1,7,8,0.9356075040434768
6,2,8,NaN
3,5,8,0.0503944665317212
2,6,8,NaN
4,4,8,0.3193104281105608
5,3,8,NaN
5,3,8,0.8723440292898591
4,4,8,0.06984398440883517
7,1,8,0.05916634506716057
4,4,8,NaN
5,3,8,0.5983910585585586
1,7,8,NaN
4,4,8,0.29582854975859335
2,6,8,0.3193104281105608
6,2,8,NaN
3,5,8,NaN
4,4,8,0.5076524678986474
1,7,8,0.7795017516106193
6,2,8,NaN
7,1,8,0.05370483025794362
4,4,8,0.9475679371961635
7,1,8,0.642689094081309
4,4,8,1.4841199142495699e-8
3,5,8,NaN
6,2,8,NaN
3,5,8,0.0057199725305541165
3,5,8,0.008439269260388576
6,2,8,0.3193104281105608
4,4,8,NaN
5,3,8,NaN
2,6,8,0.3193104281105608
4,4,8,NaN
4,4,8,NaN
4,4,8,NaN
3,5,8,NaN
1,7,8,NaN
3,5,8,NaN
6,2,8,0.8302287522477523
8,0,8,0.2426068904918033
6,2,8,0.41970699468288214
6,2,8,0.015089968713335646
6,2,8,NaN
4,4,8,0.1580539560144249
6,2,8,0.7891521460405458
2,6,8,0.6826185730663652
8,0,8,NaN
7,1,8,0.5076524678986474
6,2,8,0.4586140219451372
5,3,8,0.922423104079044
6,2,8,NaN
6,2,8,0.41042378787561506
8,0,8,0.04263845043616167
5,3,8,NaN
7,1,8,NaN
4,4,8,NaN
6,2,8,0.15348760037464887
3,5,8,NaN
5,3,8,0.5983910585585586
5,3,8,NaN
4,4,8,NaN
2,6,8,NaN
3,5,8,0.7509979234994011
2,6,8,NaN
6,2,8,0.5076524678986474
2,6,8,0.15348760037464887
4,4,8,0.7431326994811255
6,2,8,0.19507391783732084
2,6,8,0.03573862828111791
5,3,8,0.09772938773646368
4,4,8,NaN
6,2,8,0.0017646814543324152
6,2,8,0.007984093613174112
6,2,8,0.9574121554627333
4,4,8,0.2340370724143857
7,1,8,NaN
5,3,8,0.0035793712000826666
2,6,8,NaN
6,2,8,NaN
4,4,8,0.3600295114573513
5,3,8,0.8062781873736411
6,2,8,0.6826185730663652
3,5,8,0.06984398440883517
6,2,8,0.007485788801246609
3,5,8,0.5076524678986474
4,4,8,0.14746517196583628
5,3,8,NaN
7,1,8,NaN
5,3,8,0.642689094081309
1,7,8,NaN
4,4,8,0.05794336467935737
5,3,8,NaN
7,1,8,0.9884781171727786
1,7,8,NaN
2,6,8,NaN
3,5,8,0.5076524678986474
5,3,8,0.16546127035856778
5,3,8,0.03674279941068971
4,4,8,0.9475679371961635
6,2,8,0.937911853443747
4,4,8,NaN
6,2,8,NaN
2,6,8,0.303667340485516
3,5,8,NaN
5,3,8,NaN
6,2,8,0.7509979234994011
4,4,8,0.048967359995786025
6,2,8,NaN
2,6,8,0.6826185730663652
1,7,8,0.2088844544951591
6,2,8,NaN
3,5,8,0.11016967499603708
3,5,8,NaN
4,4,8,0.5983910585585586
4,4,8,NaN
5,3,8,0.003930060864272878
4,4,8,NaN
3,5,8,NaN
1,7,8,NaN
3,5,8,NaN
4,4,8,NaN
3,5,8,NaN
6,2,8,0.4407996056478823
6,2,8,0.4421398709940461
5,3,8,NaN
2,6,8,NaN
3,5,8,NaN
8,0,8,0.0503944665317212
4,4,8,0.3782498717433507
4,4,8,0.1507288277158161
3,5,8,0.13221071469067883
3,5,8,0.0019064174979370782
3,5,8,0.07452475029607389
5,3,8,0.9475679371961635
6,2,8,0.5983910585585586
5,3,8,0.30707834542435075
7,1,8,0.6826185730663652
2,6,8,NaN
4,4,8,NaN
4,4,8,0.6065598568737796
5,3,8,0.4586140219451372
6,2,8,0.9574121554627333
6,2,8,0.5983910585585586
5,3,8,0.8302287522477523
7,1,8,0.23443636948631028
6,2,8,0.8062781873736411
5,3,8,0.9067597060883621
3,5,8,0.650338284611119
4,4,8,0.5076524678986474
7,1,8,0.3279600661423081
6,2,8,0.11811882359181085
2,6,8,0.9946806672073457
6,2,8,0.4586140219451372
7,1,8,0.0008832645020369971
3,5,8,0.922423104079044
3,5,8,0.09652246162613985
7,1,8,NaN
2,6,8,NaN
1,7,8,NaN
2,6,8,NaN
5,3,8,0.8488816777322978
3,5,8,0.8723440292898591
1,7,8,0.3199870736619535
5,3,8,NaN
2,6,8,NaN
3,5,8,NaN
3,5,8,NaN
2,6,8,0.35055741112662414
3,5,8,NaN
7,1,8,0.8909590781505728
4,4,8,0.2795481783803956
6,2,8,NaN
1,7,8,NaN
2,6,8,0.3193104281105608
3,5,8,NaN
5,3,8,NaN
6,2,8,NaN
6,2,8,0.06984398440883517
5,3,8,0.43111316990912496
3,5,8,0.9859421773727781
8,0,8,0.2088844544951591
3,5,8,0.36374176270060876
4,4,8,NaN
5,3,8,NaN
3,5,8,0.7188460181803934
6,2,8,NaN
8,0,8,NaN
3,5,8,0.05916634506716057
2,6,8,NaN
3,5,8,0.42585370830579294
3,5,8,0.36374176270060876
1,7,8,0.5076524678986474
3,5,8,0.9574121554627333
3,5,8,0.981236864265928
4,4,8,0.7501316218252605
3,5,8,0.8603058928358852
1,7,8,NaN
2,6,8,NaN
4,4,8,NaN
1,7,8,0.1791109280893668
6,2,8,0.029824284599219358
6,2,8,NaN
4,4,8,NaN
5,3,8,0.1791109280893668
3,5,8,NaN
4,4,8,0.8425056912543271
4,4,8,0.03175993411860117
5,3,8,0.5924225283342739
4,4,8,0.642689094081309
6,2,8,0.4509523635122677
3,5,8,0.015089968713335646
5,3,8,0.6651445388456798
6,2,8,NaN
6,2,8,8.50863951180493e-5
3,5,8,NaN
5,3,8,0.9574121554627333
4,4,8,NaN
2,6,8,NaN
2,6,8,0.8799440182650435
3,5,8,0.02143073799725636
2,6,8,0.3782498717433507
4,4,8,NaN
3,5,8,0.8302287522477523
6,2,8,NaN
3,5,8,0.5983910585585586
5,3,8,0.6768129892189862
2,6,8,NaN
3,5,8,0.7188460181803934
3,5,8,0.2148611023327609
4,4,8,0.642689094081309
4,4,8,0.017809239281788392
3,5,8,NaN
4,4,8,0.8012132539784661
1,7,8,NaN
2,6,8,NaN
4,4,8,NaN
6,2,8,NaN
4,4,8,NaN
2,6,8,NaN
4,4,8,NaN
5,3,8,0.12635770374374664
4,4,8,NaN
5,3,8,0.5433641164677188
5,3,8,0.09772938773646368
3,5,8,0.5523648636569257
7,1,8,0.20685683886490858
5,3,8,0.9741337647667054
2,6,8,0.010692902433412765
3,5,8,0.17205711522054867
2,6,8,0.15348760037464887
2,6,8,NaN
4,4,8,NaN
2,6,8,NaN
3,5,8,0.2795481783803956
6,2,8,NaN
2,6,8,NaN
5,3,8,2.8534099211946585e-5
4,4,8,0.4586140219451372
3,5,8,NaN
3,5,8,0.19677433186419235
4,4,8,0.0503944665317212
2,6,8,NaN
6,2,8,NaN
3,5,8,0.46402224115184865
1,7,8,NaN
3,5,8,NaN
6,2,8,0.02143073799725636
5,3,8,0.14077060778604955
3,5,8,0.33937376206525943
1,7,8,0.07452475029607389
3,5,8,0.5523648636569257
5,3,8,NaN
6,2,8,NaN
5,3,8,0.7188460181803934
7,1,8,0.8559158716736243
1,7,8,0.1791109280893668
3,5,8,0.1336634535783729
3,5,8,NaN
3,5,8,NaN
6,2,8,NaN
6,2,8,NaN
4,4,8,0.7522517969420768
5,3,8,0.5523648636569257
3,5,8,0.35055741112662414
4,4,8,0.9659495665715027
7,1,8,0.41042378787561506
3,5,8,0.4201297679057269
3,5,8,0.0011547977193447267
4,4,8,0.00860264728312664
4,4,8,NaN
5,3,8,NaN
2,6,8,NaN
6,2,8,NaN
4,4,8,NaN
8,0,8,0.4586140219451372
3,5,8,NaN
3,5,8,0.9234894430064705
4,4,8,0.02143073799725636
6,2,8,0.05184733326036932
2,6,8,0.012741653266331953
5,3,8,0.22566217291689336
2,6,8,0.3193104281105608
7,1,8,0.0010503082341749787
3,5,8,NaN
2,6,8,0.02143073799725636
2,6,8,0.05227536144780493
2,6,8,0.4586140219451372
4,4,8,0.1547452621787236
6,2,8,0.0016617055118106202
2,6,8,NaN
4,4,8,0.5523648636569257
4,4,8,NaN
1,7,8,0.6459525178721337
4,4,8,0.7808948524004466
3,5,8,NaN
3,5,8,NaN
5,3,8,0.06984398440883517
1,7,8,NaN
5,3,8,0.4586140219451372
6,2,8,0.9859421773727781
4,4,8,NaN
4,4,8,0.02143073799725636
3,5,8,0.03575653322099174
2,6,8,NaN
6,2,8,0.03573862828111791
4,4,8,NaN
1,7,8,0.17738609148123824
2,6,8,NaN
4,4,8,NaN
3,5,8,0.0707152268186501
7,1,8,0.02143073799725636
3,5,8,0.5983910585585586
2,6,8,NaN
3,5,8,0.36374176270060876
3,5,8,0.0068688061549034615
4,4,8,0.8234217383725649
5,3,8,0.9659495665715027
1,7,8,0.14572256264134573
4,4,8,NaN
3,5,8,0.25842359843967866
4,4,8,0.9284464569541958
2,6,8,0.5523648636569257
4,4,8,0.5505805437872651
5,3,8,0.3193104281105608
1,7,8,0.9574121554627333
5,3,8,NaN
2,6,8,0.5983910585585586
4,4,8,NaN
2,6,8,NaN
5,3,8,NaN
3,5,8,NaN
3,5,8,0.7640169817236855
4,4,8,0.8799440182650435
2,6,8,0.4734469133625816
6,2,8,0.002371728894673881
3,5,8,0.0020750185984635214
5,3,8,NaN
5,3,8,NaN
4,4,8,NaN
1,7,8,NaN
5,3,8,NaN
2,6,8,NaN
1,7,8,0.41113069050708845
3,5,8,0.4094504130181878
3,5,8,0.600576043782154
4,4,8,NaN
5,3,8,0.12822819114690154
1,7,8,0.2426068904918033
4,4,8,NaN
2,6,8,0.4094504130181878
8,0,8,NaN
1,7,8,0.017809239281788392
6,2,8,0.9801175837654553
1,7,8,0.08139481150030385
5,3,8,0.9962234578773226
4,4,8,0.7794380416376637
3,5,8,NaN
5,3,8,NaN
4,4,8,0.6926299665437123
4,4,8,NaN
2,6,8,NaN
5,3,8,0.2795481783803956
2,6,8,0.5808666633907296
4,4,8,0.1329192041677933
1,7,8,0.15348760037464887
1,7,8,0.15348760037464887
6,2,8,0.015018387739662475
3,5,8,0.11039946110617732
1,7,8,0.5492803797138454
3,5,8,NaN
3,5,8,0.642689094081309
4,4,8,NaN
5,3,8,0.36374176270060876
3,5,8,0.06793548750828257
7,1,8,0.2424026771802994
2,6,8,0.2426068904918033
2,6,8,0.36374176270060876
2,6,8,0.5076524678986474
5,3,8,0.7509979234994011
3,5,8,NaN
2,6,8,0.2088844544951591
1,7,8,NaN
4,4,8,NaN
1,7,8,0.012741653266331953
3,5,8,0.23443636948631028
3,5,8,0.6211688622173065
3,5,8,0.6294090224292507
1,7,8,0.6458268721765746
6,2,8,NaN
3,5,8,0.10139981826244976
5,3,8,0.7188460181803934
3,5,8,0.5524401583383933
2,6,8,0.017809239281788392
4,4,8,NaN
5,3,8,0.7822433197015767
4,4,8,0.004227463703099292
1,7,8,0.0503944665317212
5,3,8,NaN
3,5,8,0.7522517969420768
2,6,8,0.40231985308476415
3,5,8,NaN
6,2,8,NaN
2,6,8,NaN
5,3,8,NaN
7,1,8,NaN
1,7,8,0.14173400335563793
3,5,8,NaN
3,5,8,NaN
5,3,8,0.41042378787561506
2,6,8,0.03573862828111791
3,5,8,NaN
3,5,8,NaN
5,3,8,NaN
3,5,8,0.8062781873736411
3,5,8,0.7372914434858295
3,5,8,0.4586140219451372
5,3,8,NaN
5,3,8,NaN
5,3,8,0.5076524678986474
5,3,8,NaN
2,6,8,0.02033092966096578
4,4,8,0.7188460181803934
3,5,8,0.13221071469067883
2,6,8,0.7188460181803934
4,4,8,NaN
1,7,8,NaN
1,7,8,0.6665226880725582
1,7,8,NaN
4,4,8,NaN
6,2,8,NaN
2,6,8,NaN
1,7,8,0.7967289247303083
2,6,8,NaN
2,6,8,0.21150265273399002
2,6,8,0.7808948524004466
2,6,8,0.3193104281105608
2,6,8,0.642689094081309
1,7,8,NaN
5,3,8,0.08139481150030385
2,6,8,0.0038071828670323054
5,3,8,0.7188460181803934
4,4,8,NaN
3,5,8,NaN
2,6,8,0.41042378787561506
3,5,8,NaN
4,4,8,NaN
2,6,8,0.6826185730663652
5,3,8,0.0058682811437342506
3,5,8,NaN
4,4,8,0.13221071469067883
5,3,8,0.025396716993254218
1,7,8,0.9067597060883621
2,6,8,0.7509979234994011
3,5,8,NaN
2,6,8,0.4586140219451372
3,5,8,0.27936952061851134
4,4,8,NaN
1,7,8,0.7509979234994011
2,6,8,0.5983910585585586
3,5,8,NaN
3,5,8,0.642689094081309
3,5,8,0.8909590781505728
2,6,8,0.06984398440883517
1,7,8,0.5803881867798802
1,7,8,0.37747070641835073
3,5,8,0.000821783781800181
2,6,8,0.13525498010852344
3,5,8,0.004712440902467837
5,3,8,0.3792575179707511
2,6,8,0.5315862019114886
1,7,8,0.8913648107433847
2,6,8,0.3193104281105608
3,5,8,NaN
4,4,8,0.0029448431475121196
2,6,8,3.5687964395763333e-5
2,6,8,NaN
2,6,8,NaN
1,7,8,0.8302287522477523
1,7,8,0.1791109280893668
1,7,8,0.06984398440883517
3,5,8,0.5076524678986474
5,3,8,0.9741337647667054
1,7,8,0.04263845043616167
1,7,8,0.0004075520285123583
4,4,8,NaN
2,6,8,NaN
2,6,8,NaN
3,5,8,0.7509979234994011
2,6,8,NaN
1,7,8,NaN
2,6,8,0.6826185730663652
2,6,8,0.09652246162613985
1,7,8,0.5523648636569257
1,7,8,5.5340481759695515e-8
4,4,8,0.8535399985089294
4,4,8,NaN
5,3,8,NaN
1,7,8,0.7353422113671568
2,6,8,0.2088844544951591
1,7,8,NaN
3,5,8,0.9361208485022615
2,6,8,NaN
4,4,8,NaN
1,7,8,NaN
1,7,8,NaN
2,6,8,NaN
2,6,8,0.5874395282163725
2,6,8,0.09652246162613985
3,5,8,0.2795481783803956
1,7,8,0.13221071469067883
2,6,8,0.5983910585585586
2,6,8,NaN
1,7,8,NaN
1,7,8,NaN
2,6,8,NaN
2,6,8,9.22721454666584e-6
1,7,8,0.11302026105487464
1,7,8,NaN
2,6,8,NaN
1,7,8,NaN
1,7,8,NaN
4,4,8,NaN
1,7,8,0.5076524678986474
2,6,8,0.13221071469067883
1,7,8,0.41042378787561506
3,5,8,0.7188460181803934
1,7,8,0.03179954228654227
2,6,8,0.2426068904918033
2,6,8,0.5128219391352102
2,6,8,NaN
2,6,8,0.3193104281105608
4,4,8,NaN
2,6,8,0.020057494573231027
3,5,8,0.5983910585585586
2,6,8,NaN
4,4,8,0.015089968713335646
2,6,8,0.015089968713335646
1,7,8,NaN
1,7,8,NaN
1,7,8,0.3193104281105608
1,7,8,NaN
1,7,8,0.36374176270060876
2,6,8,0.8062781873736411
1,7,8,NaN
1,7,8,0.5983910585585586
2,6,8,0.5076524678986474
1,7,8,NaN
5,3,8,0.12884497614045487
5,3,8,0.8723440292898591
2,6,8,NaN
2,6,8,NaN
1,7,8,NaN
1,7,8,NaN
3,5,8,6.171918959644599e-5
1,7,8,NaN
3,5,8,0.1274073205212123
2,6,8,0.7509979234994011
1,7,8,0.2426068904918033
2,6,8,0.00626809982117169
2,6,8,NaN
1,7,8,NaN
1,7,8,0.06540073433784215
1,7,8,NaN
3,5,8,NaN
3,5,8,NaN
1,7,8,0.9357857374272102
2,6,8,0.7509979234994011
1,7,8,NaN
1,7,8,0.41042378787561506
1,7,8,NaN
2,6,8,0.4586140219451372
1,7,8,0.13221071469067883
2,6,8,NaN
1,7,8,0.36374176270060876
1,7,8,0.5523648636569257
1,7,8,0.5352446446071096
1,7,8,NaN
1,7,8,0.9067597060883621
1,7,8,0.36374176270060876
2,6,8,NaN
1,7,8,NaN
1,7,8,0.08139481150030385
1,7,8,NaN
1,7,8,0.9278693917959568
1,7,8,0.36374176270060876
0,8,8,NaN
0,8,8,0.642689094081309
0,8,8,0.5523648636569257
0,8,8,0.5523648636569257
0,8,8,NaN
0,8,8,0.39697261173647985
0,8,8,0.6064552330457783
0,8,8,0.0016732293345519133
0,8,8,NaN
0,8,8,NaN
0,8,8,NaN
0,8,8,NaN
0,8,8,NaN
0,8,8,NaN
0,8,8,NaN
0,8,8,NaN
0,8,8,0.01900243693247604
0,8,8,NaN
0,8,8,NaN
0,8,8,NaN
0,8,8,NaN
0,8,8,NaN
0,8,8,0.44971895964583936
0,8,8,0.017809239281788392
0,8,8,NaN
0,8,8,NaN
0,8,8,NaN
0,8,8,NaN
0,8,8,NaN
0,8,8,0.4586140219451372
0,8,8,0.0001319391345490212
0,8,8,0.642689094081309
0,8,8,0.2795481783803956
0,8,8,0.16348005527186235
0,8,8,0.06984398440883517
0,8,8,NaN
0,8,8,NaN
0,8,8,NaN
0,8,8,0.8302287522477523
0,8,8,NaN
0,8,8,0.0016617055118106202
0,8,8,0.4586140219451372
0,8,8,0.9067597060883621
0,8,8,NaN
0,8,8,NaN
0,8,8,0.0005359864769535823
0,8,8,0.002799347354138233
0,8,8,0.1678949951306002
0,8,8,0.042570416822754996
0,8,8,NaN
0,8,8,3.1174095582164693e-7
0,8,8,NaN
0,8,8,NaN
0,8,8,NaN
0,8,8,0.002404671954333039
0,8,8,0.7816856739333103
0,8,8,NaN
0,8,8,NaN
0,8,8,0.36374176270060876
0,8,8,0.04263845043616167
0,8,8,NaN
0,8,8,0.11497857807445198
0,8,8,NaN
0,8,8,NaN
0,8,8,NaN
0,8,8,NaN
0,8,8,NaN
0,8,8,0.31364349419870546
0,8,8,0.9170532167764164
0,8,8,0.9205022691468101
0,8,8,0.08139481150030385
0,8,8,0.8909590781505728
0,8,8,0.5084607957350372
0,8,8,0.9067597060883621
0,8,8,NaN
0,8,8,NaN
0,8,8,0.01050871192496647
0,8,8,0.28442572022473706
0,8,8,NaN
0,8,8,0.5523648636569257
0,8,8,NaN
0,8,8,NaN
0,8,8,NaN
0,8,8,0.009091087745138579
0,8,8,NaN
1,6,7,0.5127779956941191
2,5,7,0.2795481783803956
5,2,7,NaN
3,4,7,0.04263845043616167
4,3,7,0.6826185730663652
3,4,7,NaN
6,1,7,NaN
5,2,7,0.08139481150030385
4,3,7,0.06984398440883517
2,5,7,NaN
7,0,7,0.5076524678986474
3,4,7,0.5076524678986474
7,0,7,NaN
4,3,7,NaN
4,3,7,NaN
3,4,7,0.642689094081309
5,2,7,0.8062781873736411
7,0,7,NaN
1,6,7,NaN
7,0,7,0.657051257290508
5,2,7,0.07116747009958302
7,0,7,NaN
3,4,7,NaN
3,4,7,NaN
4,3,7,0.005264559955082259
4,3,7,NaN
6,1,7,NaN
4,3,7,NaN
5,2,7,0.4586140219451372
4,3,7,0.1274073205212123
5,2,7,NaN
3,4,7,NaN
2,5,7,NaN
5,2,7,7.624253042789987e-5
3,4,7,0.5983910585585586
1,6,7,0.41042378787561506
3,4,7,0.3193104281105608
4,3,7,NaN
2,5,7,0.03299592477585781
4,3,7,NaN
6,1,7,NaN
6,1,7,NaN
3,4,7,0.09652246162613985
4,3,7,NaN
5,2,7,NaN
2,5,7,0.3193104281105608
5,2,7,NaN
3,4,7,0.6094784622220628
4,3,7,NaN
4,3,7,NaN
3,4,7,NaN
5,2,7,0.4586140219451372
7,0,7,NaN
4,3,7,NaN
3,4,7,NaN
4,3,7,0.7522517969420768
6,1,7,NaN
2,5,7,0.680001853284644
4,3,7,NaN
3,4,7,NaN
6,1,7,NaN
7,0,7,0.33522272472253295
5,2,7,0.05916634506716057
5,2,7,0.9996284175028579
5,2,7,0.5627641438596214
4,3,7,0.0503944665317212
6,1,7,NaN
6,1,7,0.9948748558086101
5,2,7,0.9067597060883621
7,0,7,0.7188460181803934
4,3,7,NaN
3,4,7,NaN
4,3,7,NaN
4,3,7,NaN
5,2,7,NaN
7,0,7,0.004231097745474225
1,6,7,NaN
2,5,7,0.8062781873736411
7,0,7,NaN
5,2,7,NaN
6,1,7,0.36374176270060876
3,4,7,NaN
3,4,7,0.7808948524004466
3,4,7,0.1791109280893668
4,3,7,0.11302026105487464
3,4,7,0.4586140219451372
5,2,7,NaN
3,4,7,0.025396716993254218
5,2,7,NaN
5,2,7,NaN
3,4,7,NaN
4,3,7,0.09652246162613985
2,5,7,0.4586140219451372
1,6,7,0.6540829739213886
4,3,7,0.4586140219451372
5,2,7,NaN
6,1,7,0.35447481101303346
6,1,7,NaN
2,5,7,0.5983910585585586
4,3,7,NaN
4,3,7,0.642689094081309
6,1,7,0.5076524678986474
1,6,7,0.7509979234994011
3,4,7,0.8535399985089294
4,3,7,NaN
3,4,7,0.7188460181803934
4,3,7,NaN
5,2,7,NaN
4,3,7,NaN
1,6,7,0.8723440292898591
5,2,7,NaN
1,6,7,0.05916634506716057
4,3,7,NaN
3,4,7,NaN
6,1,7,0.2897459581554938
7,0,7,0.0503944665317212
5,2,7,0.9659495665715027
4,3,7,0.056668460085492804
6,1,7,NaN
5,2,7,NaN
3,4,7,NaN
4,3,7,1.0178990978686373e-5
5,2,7,NaN
2,5,7,0.4586140219451372
4,3,7,0.41042378787561506
3,4,7,NaN
3,4,7,0.006770900559713291
3,4,7,0.1326018191443771
1,6,7,NaN
5,2,7,9.044069982832461e-5
6,1,7,NaN
5,2,7,0.1791109280893668
2,5,7,0.002006093630872016
4,3,7,0.8723440292898591
3,4,7,NaN
5,2,7,0.6826185730663652
2,5,7,0.08139481150030385
7,0,7,0.18171920579528528
3,4,7,0.13221071469067883
2,5,7,NaN
6,1,7,0.025396716993254218
3,4,7,0.13221071469067883
5,2,7,0.14579351965556603
3,4,7,NaN
5,2,7,0.7509979234994011
7,0,7,0.8186605908420514
1,6,7,0.00043131840863991225
1,6,7,0.5651933128706019
5,2,7,NaN
4,3,7,NaN
5,2,7,0.16074243712970235
4,3,7,NaN
4,3,7,NaN
4,3,7,0.05916634506716057
7,0,7,NaN
5,2,7,0.0005245708684311189
4,3,7,0.21749065885780824
6,1,7,NaN
5,2,7,0.5076524678986474
1,6,7,NaN
5,2,7,0.08139481150030385
4,3,7,NaN
6,1,7,NaN
7,0,7,0.5523648636569257
2,5,7,NaN
5,2,7,NaN
4,3,7,0.9574121554627333
6,1,7,NaN
5,2,7,0.13221071469067883
4,3,7,0.7017557610782232
5,2,7,NaN
7,0,7,NaN
2,5,7,0.36374176270060876
7,0,7,0.8302287522477523
6,1,7,0.8062781873736411
2,5,7,0.010029531138168608
6,1,7,NaN
6,1,7,0.9475679371961635
4,3,7,NaN
3,4,7,NaN
7,0,7,0.0015328766162747076
6,1,7,NaN
5,2,7,0.981236864265928
2,5,7,0.13221071469067883
6,1,7,0.7509979234994011
3,4,7,0.00789902270808456
4,3,7,0.748792122708687
5,2,7,0.642689094081309
3,4,7,0.36374176270060876
5,2,7,NaN
7,0,7,NaN
5,2,7,NaN
4,3,7,0.012422200335891611
1,6,7,0.8308228019398949
2,5,7,0.36374176270060876
3,4,7,NaN
5,2,7,NaN
4,3,7,0.04263845043616167
3,4,7,NaN
2,5,7,0.8152767074495718
7,0,7,0.3114852566403451
3,4,7,NaN
5,2,7,NaN
6,1,7,0.6826185730663652
5,2,7,0.8302287522477523
4,3,7,0.029824284599219358
4,3,7,NaN
3,4,7,NaN
3,4,7,0.1791109280893668
5,2,7,NaN
3,4,7,0.41042378787561506
2,5,7,NaN
2,5,7,0.48066065578361084
5,2,7,NaN
5,2,7,NaN
6,1,7,0.2088844544951591
4,3,7,0.40087443189207783
7,0,7,NaN
4,3,7,0.6826185730663652
7,0,7,0.7509979234994011
3,4,7,0.41042378787561506
7,0,7,NaN
4,3,7,0.07452475029607389
2,5,7,NaN
6,1,7,NaN
4,3,7,NaN
7,0,7,0.5076524678986474
3,4,7,NaN
6,1,7,NaN
1,6,7,NaN
6,1,7,0.23035644557879284
7,0,7,NaN
5,2,7,0.0006390945512233775
1,6,7,0.007114009197751627
4,3,7,NaN
4,3,7,0.5076524678986474
4,3,7,0.5483935187016887
4,3,7,NaN
5,2,7,NaN
6,1,7,0.06265114066181984
3,4,7,0.7509979234994011
4,3,7,0.41042378787561506
5,2,7,0.36374176270060876
5,2,7,0.4586140219451372
6,1,7,0.05905265891384327
4,3,7,0.5251031137265741
5,2,7,0.7808948524004466
2,5,7,0.4586140219451372
5,2,7,NaN
4,3,7,NaN
4,3,7,NaN
6,1,7,NaN
3,4,7,NaN
5,2,7,0.7656381388728208
7,0,7,NaN
4,3,7,NaN
4,3,7,NaN
4,3,7,NaN
4,3,7,0.642689094081309
4,3,7,0.0007041242357295914
4,3,7,0.05148571691122507
1,6,7,NaN
3,4,7,0.002371728894673881
6,1,7,0.348516632843582
6,1,7,0.9280226964463892
6,1,7,0.15348760037464887
2,5,7,NaN
4,3,7,0.9871142858728554
5,2,7,0.09652246162613985
6,1,7,0.9891364751495578
1,6,7,0.5523648636569257
4,3,7,NaN
1,6,7,0.5451792472692112
3,4,7,0.36374176270060876
6,1,7,0.2780914949367376
3,4,7,0.6596468841608929
3,4,7,NaN
7,0,7,0.11302026105487464
4,3,7,0.004712440902467837
6,1,7,NaN
6,1,7,NaN
6,1,7,0.8062781873736411
3,4,7,NaN
2,5,7,0.05584908410720025
1,6,7,0.6071600881980521
5,2,7,NaN
3,4,7,0.0016732293345519133
6,1,7,0.11302026105487464
5,2,7,NaN
3,4,7,0.07368433029343935
6,1,7,NaN
6,1,7,0.4586140219451372
7,0,7,0.02026453355916382
4,3,7,0.5523648636569257
5,2,7,0.7509979234994011
4,3,7,NaN
2,5,7,0.04263845043616167
6,1,7,NaN
3,4,7,0.9067597060883621
2,5,7,NaN
3,4,7,0.04263845043616167
4,3,7,0.05916634506716057
3,4,7,NaN
6,1,7,NaN
4,3,7,NaN
3,4,7,0.5076524678986474
2,5,7,0.037271236892156535
4,3,7,NaN
4,3,7,0.5076524678986474
7,0,7,NaN
2,5,7,0.6931027965350215
5,2,7,NaN
4,3,7,0.8062781873736411
4,3,7,0.13221071469067883
3,4,7,0.36374176270060876
4,3,7,0.5983910585585586
5,2,7,0.5523648636569257
6,1,7,0.642689094081309
4,3,7,0.05032113908472779
5,2,7,2.9423536941962534e-5
4,3,7,NaN
6,1,7,0.5076524678986474
3,4,7,0.002146321440287814
5,2,7,0.5775525665651291
2,5,7,NaN
1,6,7,NaN
4,3,7,0.6826185730663652
7,0,7,0.09652246162613985
6,1,7,0.8723440292898591
5,2,7,NaN
5,2,7,NaN
4,3,7,0.027508030988302654
3,4,7,0.5076524678986474
4,3,7,NaN
7,0,7,0.04051678026109166
6,1,7,0.4355114345853733
3,4,7,0.027508030988302654
3,4,7,0.1475136296212411
4,3,7,0.981236864265928
6,1,7,NaN
4,3,7,NaN
4,3,7,0.6335565580745601
2,5,7,0.2076034112923525
1,6,7,NaN
3,4,7,0.007114009197751627
2,5,7,0.8062781873736411
6,1,7,0.004870388873789803
6,1,7,NaN
4,3,7,0.23443636948631028
5,2,7,0.5085116998523612
2,5,7,0.04263845043616167
3,4,7,NaN
6,1,7,NaN
2,5,7,0.8723440292898591
5,2,7,0.5076524678986474
6,1,7,0.7188460181803934
7,0,7,NaN
4,3,7,0.04263845043616167
2,5,7,NaN
7,0,7,NaN
4,3,7,NaN
6,1,7,0.34015163873787096
6,1,7,NaN
3,4,7,NaN
5,2,7,0.012741653266331953
3,4,7,0.7947730014080849
2,5,7,0.025396716993254218
5,2,7,0.06984398440883517
6,1,7,NaN
6,1,7,NaN
2,5,7,0.409194151226937
5,2,7,0.2088844544951591
2,5,7,0.5417714446654677
6,1,7,NaN
7,0,7,0.1791109280893668
4,3,7,0.8909590781505728
7,0,7,0.5983910585585586
4,3,7,0.5001990807983989
6,1,7,0.0039954678857202774
5,2,7,0.9469520766810117
4,3,7,0.2756430491721346
5,2,7,NaN
1,6,7,0.08139481150030385
3,4,7,0.6826185730663652
3,4,7,0.8302287522477523
5,2,7,0.00020352886379871983
4,3,7,0.2426068904918033
2,5,7,0.8723440292898591
4,3,7,NaN
5,2,7,NaN
6,1,7,0.08903631838531754
2,5,7,0.5523648636569257
3,4,7,NaN
3,4,7,NaN
5,2,7,NaN
3,4,7,0.6826185730663652
1,6,7,NaN
2,5,7,0.08102895671783439
3,4,7,0.48034970863649584
5,2,7,NaN
4,3,7,NaN
4,3,7,0.13221071469067883
4,3,7,NaN
4,3,7,0.9946806672073457
5,2,7,0.7808948524004466
4,3,7,0.6826185730663652
3,4,7,0.36374176270060876
7,0,7,0.7188460181803934
6,1,7,0.6826185730663652
4,3,7,0.6826185730663652
4,3,7,0.6266508396038747
5,2,7,0.6826185730663652
3,4,7,0.9475679371961635
4,3,7,0.13221071469067883
4,3,7,0.5127779956941191
3,4,7,NaN
3,4,7,0.6826185730663652
6,1,7,NaN
3,4,7,NaN
5,2,7,0.936711558674305
4,3,7,NaN
4,3,7,0.8909590781505728
1,6,7,NaN
6,1,7,0.05916634506716057
3,4,7,0.0009546583607604246
6,1,7,0.03821642162972761
4,3,7,0.08139481150030385
3,4,7,0.4586140219451372
1,6,7,0.5523648636569257
3,4,7,NaN
7,0,7,NaN
2,5,7,NaN
5,2,7,NaN
5,2,7,NaN
4,3,7,NaN
3,4,7,0.4586140219451372
2,5,7,0.6926299665437123
3,4,7,0.13221071469067883
4,3,7,0.05916634506716057
5,2,7,0.5668342246688081
4,3,7,0.0575440837764297
4,3,7,NaN
5,2,7,0.2795481783803956
6,1,7,0.8723440292898591
5,2,7,NaN
6,1,7,0.9361208485022615
1,6,7,NaN
5,2,7,0.028623464275829975
2,5,7,NaN
4,3,7,NaN
3,4,7,0.4509523635122677
2,5,7,NaN
7,0,7,NaN
2,5,7,0.3193104281105608
3,4,7,0.5076524678986474
2,5,7,0.3193104281105608
2,5,7,0.18289569442787088
7,0,7,NaN
1,6,7,0.00238162182105176
6,1,7,NaN
4,3,7,0.7810144844100979
4,3,7,0.7188460181803934
3,4,7,0.017277348672206583
3,4,7,0.8909590781505728
3,4,7,0.21312422101269696
4,3,7,0.4586140219451372
4,3,7,0.5251031137265741
1,6,7,0.00860264728312664
4,3,7,0.0012050132821565041
3,4,7,NaN
2,5,7,NaN
4,3,7,0.36374176270060876
5,2,7,0.19930231293042414
4,3,7,NaN
4,3,7,NaN
6,1,7,0.7200230968449273
4,3,7,0.02143073799725636
3,4,7,NaN
4,3,7,0.05332224817129789
3,4,7,0.41042378787561506
5,2,7,NaN
7,0,7,0.2088844544951591
5,2,7,0.02143073799725636
1,6,7,NaN
2,5,7,0.03573862828111791
4,3,7,NaN
4,3,7,0.34799841511962243
6,1,7,1.0404560159488502e-7
1,6,7,0.8302287522477523
2,5,7,0.9357857374272102
3,4,7,0.41042378787561506
3,4,7,NaN
6,1,7,NaN
4,3,7,0.07616835997014719
3,4,7,NaN
4,3,7,NaN
6,1,7,0.44971895964583936
6,1,7,0.642689094081309
3,4,7,0.3173006498011132
3,4,7,0.259026836012759
4,3,7,0.2088844544951591
3,4,7,0.9067597060883621
4,3,7,0.8166028285518222
3,4,7,0.005806872761759866
5,2,7,0.2795481783803956
4,3,7,NaN
7,0,7,NaN
5,2,7,0.0503944665317212
2,5,7,0.0003084591177086472
6,1,7,NaN
3,4,7,0.3021516566827996
3,4,7,0.02143073799725636
6,1,7,NaN
3,4,7,NaN
4,3,7,NaN
7,0,7,0.5076524678986474
3,4,7,NaN
3,4,7,0.3193104281105608
3,4,7,NaN
1,6,7,0.14333204027328048
3,4,7,0.8820413582772217
3,4,7,0.922423104079044
4,3,7,0.15227885616151232
5,2,7,0.0036486022454793694
4,3,7,0.7343570285351995
6,1,7,0.7509979234994011
2,5,7,NaN
5,2,7,NaN
3,4,7,0.7884259221808286
1,6,7,NaN
4,3,7,NaN
6,1,7,0.06952266880595617
4,3,7,NaN
4,3,7,0.2088844544951591
2,5,7,0.41042378787561506
6,1,7,0.5983910585585586
1,6,7,NaN
5,2,7,0.26382886207834655
5,2,7,NaN
4,3,7,0.04263845043616167
3,4,7,0.9829272234933872
3,4,7,0.02143073799725636
4,3,7,0.5599380770164533
6,1,7,NaN
4,3,7,0.09652246162613985
6,1,7,NaN
6,1,7,0.06984398440883517
4,3,7,NaN
2,5,7,NaN
5,2,7,0.06984398440883517
4,3,7,0.8909590781505728
1,6,7,0.15032583338376432
3,4,7,0.02086246022547455
1,6,7,NaN
2,5,7,0.7808948524004466
3,4,7,0.41042378787561506
4,3,7,NaN
3,4,7,NaN
3,4,7,0.28363059098803073
3,4,7,0.14333204027328048
5,2,7,NaN
2,5,7,NaN
2,5,7,NaN
5,2,7,0.4586140219451372
4,3,7,NaN
2,5,7,0.15348760037464887
6,1,7,0.9184463550994023
6,1,7,0.9897292732740418
5,2,7,NaN
5,2,7,NaN
4,3,7,NaN
5,2,7,0.018855921897384546
5,2,7,NaN
3,4,7,0.9067597060883621
4,3,7,0.15348760037464887
2,5,7,0.922423104079044
4,3,7,0.7188460181803934
4,3,7,NaN
2,5,7,NaN
5,2,7,0.8853389148574373
7,0,7,0.922423104079044
3,4,7,0.5523648636569257
4,3,7,0.7187732062816768
2,5,7,0.8212938801505606
5,2,7,0.9067597060883621
3,4,7,0.048552154779609134
6,1,7,NaN
3,4,7,NaN
4,3,7,0.5523648636569257
5,2,7,NaN
4,3,7,NaN
3,4,7,0.3238101356243932
5,2,7,0.03573862828111791
7,0,7,0.3193104281105608
5,2,7,0.4586140219451372
1,6,7,NaN
4,3,7,NaN
4,3,7,0.15348760037464887
2,5,7,NaN
3,4,7,0.14493576203518882
3,4,7,NaN
3,4,7,0.7509979234994011
2,5,7,NaN
3,4,7,NaN
4,3,7,0.8062781873736411
4,3,7,0.7187732062816768
3,4,7,NaN
3,4,7,0.7200230968449273
1,6,7,7.081194213016995e-6
5,2,7,0.3193104281105608
5,2,7,NaN
1,6,7,0.04263845043616167
3,4,7,NaN
7,0,7,0.00022100138808580304
2,5,7,NaN
3,4,7,0.6943340770952557
4,3,7,4.5123583648653e-5
6,1,7,NaN
6,1,7,0.039005164652218635
5,2,7,0.5315862019114886
2,5,7,0.5076524678986474
1,6,7,0.7509979234994011
1,6,7,0.1791109280893668
6,1,7,0.9859421773727781
4,3,7,0.25858757639696295
2,5,7,NaN
3,4,7,NaN
1,6,7,NaN
4,3,7,0.13221071469067883
5,2,7,0.23035644557879284
3,4,7,0.9067597060883621
3,4,7,0.2426068904918033
4,3,7,0.08562647313259962
3,4,7,0.02645492882733011
3,4,7,0.5523648636569257
2,5,7,NaN
3,4,7,NaN
3,4,7,0.025396716993254218
5,2,7,NaN
6,1,7,NaN
6,1,7,0.1791109280893668
4,3,7,0.7509979234994011
4,3,7,NaN
4,3,7,NaN
5,2,7,NaN
6,1,7,3.323247602095226e-6
5,2,7,NaN
3,4,7,NaN
5,2,7,0.7808948524004466
1,6,7,0.7431326994811255
6,1,7,NaN
3,4,7,0.5983910585585586
1,6,7,0.3193104281105608
4,3,7,NaN
3,4,7,0.8723440292898591
2,5,7,NaN
3,4,7,NaN
1,6,7,NaN
6,1,7,0.30873674049682265
1,6,7,0.007485788801246609
5,2,7,0.005481641799980871
4,3,7,0.9962234578773226
5,2,7,0.025396716993254218
4,3,7,NaN
4,3,7,0.5983910585585586
2,5,7,NaN
6,1,7,0.13221071469067883
6,1,7,NaN
4,3,7,NaN
2,5,7,0.0503944665317212
3,4,7,NaN
4,3,7,NaN
6,1,7,0.44590523132693405
5,2,7,0.11302026105487464
4,3,7,NaN
4,3,7,NaN
4,3,7,NaN
3,4,7,NaN
6,1,7,NaN
4,3,7,NaN
2,5,7,0.08562994341801347
1,6,7,NaN
3,4,7,0.2860349802547788
7,0,7,0.9574121554627333
2,5,7,NaN
1,6,7,0.5932088128375318
4,3,7,NaN
5,2,7,0.6089458443252129
3,4,7,0.0434482146593969
4,3,7,0.642689094081309
2,5,7,0.03653798590478794
3,4,7,0.5983910585585586
6,1,7,0.8062781873736411
1,6,7,NaN
4,3,7,0.9357857374272102
1,6,7,NaN
4,3,7,0.7509979234994011
3,4,7,NaN
3,4,7,NaN
6,1,7,NaN
7,0,7,NaN
6,1,7,NaN
2,5,7,0.7509979234994011
7,0,7,NaN
3,4,7,0.06163655504548603
7,0,7,NaN
2,5,7,NaN
3,4,7,0.2618936890146383
1,6,7,NaN
2,5,7,NaN
2,5,7,NaN
3,4,7,NaN
6,1,7,0.2795481783803956
5,2,7,NaN
2,5,7,0.12288420421380401
3,4,7,NaN
1,6,7,0.13221071469067883
6,1,7,0.05916634506716057
1,6,7,NaN
4,3,7,NaN
4,3,7,0.08139481150030385
2,5,7,0.08139481150030385
4,3,7,NaN
3,4,7,NaN
6,1,7,NaN
4,3,7,NaN
2,5,7,NaN
4,3,7,0.40923224051444773
6,1,7,NaN
1,6,7,NaN
4,3,7,0.6322770761263528
2,5,7,0.029824284599219358
5,2,7,NaN
3,4,7,NaN
6,1,7,NaN
4,3,7,0.9574121554627333
2,5,7,0.41042378787561506
2,5,7,NaN
7,0,7,NaN
4,3,7,NaN
5,2,7,0.1125137288854611
6,1,7,0.7664253274372991
2,5,7,0.6826185730663652
2,5,7,NaN
3,4,7,0.7188460181803934
4,3,7,0.18739855256050647
3,4,7,0.7509979234994011
6,1,7,NaN
3,4,7,0.3193104281105608
3,4,7,NaN
4,3,7,NaN
5,2,7,NaN
7,0,7,0.7509979234994011
2,5,7,NaN
6,1,7,NaN
3,4,7,0.7509979234994011
3,4,7,NaN
4,3,7,NaN
2,5,7,0.7188460181803934
2,5,7,NaN
2,5,7,NaN
4,3,7,0.5433641164677188
4,3,7,0.642689094081309
4,3,7,NaN
2,5,7,NaN
2,5,7,0.08139481150030385
6,1,7,0.9574121554627333
5,2,7,NaN
3,4,7,0.04015133175286582
3,4,7,NaN
3,4,7,0.2795481783803956
4,3,7,NaN
2,5,7,0.1547452621787236
2,5,7,0.4586140219451372
2,5,7,0.015089968713335646
4,3,7,0.7975282279903787
2,5,7,NaN
2,5,7,0.17843439878493236
4,3,7,0.650234794410392
2,5,7,0.005481641799980871
2,5,7,NaN
3,4,7,0.09424941376396954
6,1,7,0.41042378787561506
3,4,7,NaN
4,3,7,0.46545573093715537
7,0,7,0.005035404763675458
3,4,7,NaN
2,5,7,NaN
7,0,7,NaN
2,5,7,0.36374176270060876
2,5,7,0.0038008997874328133
2,5,7,6.302415967221703e-5
3,4,7,0.07385571507029522
3,4,7,NaN
6,1,7,0.3193104281105608
4,3,7,NaN
4,3,7,0.11302026105487464
3,4,7,NaN
2,5,7,0.2088844544951591
7,0,7,0.3510841961080117
1,6,7,0.5523648636569257
1,6,7,NaN
6,1,7,NaN
4,3,7,NaN
3,4,7,NaN
3,4,7,NaN
3,4,7,0.004910776750013742
2,5,7,0.07365013831674208
5,2,7,0.9574121554627333
2,5,7,0.8302287522477523
4,3,7,NaN
6,1,7,0.1323819429756872
1,6,7,NaN
4,3,7,NaN
5,2,7,0.13457866959260287
5,2,7,0.5523648636569257
1,6,7,0.9088524464631489
4,3,7,NaN
5,2,7,0.7509979234994011
3,4,7,NaN
4,3,7,0.5085116998523612
2,5,7,NaN
6,1,7,NaN
7,0,7,0.016901043880074358
5,2,7,0.6826185730663652
2,5,7,0.9381278823987459
2,5,7,NaN
6,1,7,0.5076524678986474
1,6,7,0.08139481150030385
4,3,7,NaN
2,5,7,0.7509979234994011
1,6,7,0.8681155393624684
4,3,7,0.09784932278832126
5,2,7,0.29971761708530115
6,1,7,NaN
5,2,7,0.05916634506716057
4,3,7,0.7869339673846486
5,2,7,NaN
4,3,7,0.3193104281105608
1,6,7,0.06045769685303528
4,3,7,0.7509979234994011
4,3,7,NaN
4,3,7,0.012021157648269129
2,5,7,NaN
5,2,7,0.8373942709555312
5,2,7,NaN
2,5,7,NaN
3,4,7,NaN
4,3,7,NaN
4,3,7,0.09652246162613985
1,6,7,0.11302026105487464
2,5,7,NaN
4,3,7,NaN
2,5,7,0.11302026105487464
5,2,7,NaN
3,4,7,0.36374176270060876
3,4,7,0.7287300367970283
2,5,7,0.7808948524004466
1,6,7,NaN
4,3,7,NaN
3,4,7,0.13180085723327337
2,5,7,NaN
4,3,7,0.2931113685129292
3,4,7,0.2088844544951591
4,3,7,NaN
3,4,7,NaN
5,2,7,NaN
2,5,7,0.06984398440883517
1,6,7,NaN
5,2,7,NaN
1,6,7,0.15348760037464887
2,5,7,0.7188460181803934
3,4,7,NaN
3,4,7,NaN
3,4,7,0.15348760037464887
5,2,7,NaN
1,6,7,NaN
1,6,7,NaN
1,6,7,NaN
2,5,7,0.12884497614045487
2,5,7,NaN
4,3,7,0.025396716993254218
7,0,7,NaN
6,1,7,NaN
3,4,7,0.015089968713335646
3,4,7,NaN
2,5,7,0.633620453151964
7,0,7,0.31972965028320766
3,4,7,0.15348760037464887
2,5,7,0.15176479720018188
3,4,7,0.6826185730663652
7,0,7,0.2088844544951591
1,6,7,NaN
6,1,7,NaN
4,3,7,NaN
3,4,7,0.11302026105487464
5,2,7,0.11302026105487464
4,3,7,NaN
1,6,7,NaN
5,2,7,0.2795481783803956
1,6,7,0.13221071469067883
3,4,7,0.2795481783803956
2,5,7,NaN
1,6,7,0.22215563847662267
1,6,7,0.2426068904918033
1,6,7,NaN
4,3,7,NaN
3,4,7,NaN
4,3,7,0.3193104281105608
2,5,7,0.5523648636569257
3,4,7,0.05916634506716057
4,3,7,0.08562647313259962
2,5,7,0.13221071469067883
5,2,7,NaN
3,4,7,0.36374176270060876
3,4,7,NaN
3,4,7,0.7509979234994011
2,5,7,0.8062781873736411
4,3,7,0.8852919168310224
6,1,7,0.015089968713335646
3,4,7,0.0017685900662667907
7,0,7,0.016898293391766277
1,6,7,0.008685739586381438
2,5,7,NaN
2,5,7,0.2795481783803956
6,1,7,NaN
6,1,7,NaN
5,2,7,NaN
5,2,7,NaN
3,4,7,0.017809239281788392
3,4,7,0.2426068904918033
1,6,7,0.001311887480655524
5,2,7,0.03573862828111791
3,4,7,0.5076524678986474
1,6,7,0.017838675306547452
2,5,7,0.05277438415438341
3,4,7,NaN
3,4,7,NaN
4,3,7,0.6089458443252129
7,0,7,0.09652246162613985
2,5,7,0.8062781873736411
6,1,7,NaN
1,6,7,NaN
2,5,7,0.48962127190819243
2,5,7,0.04089149474225747
3,4,7,NaN
2,5,7,0.08139481150030385
3,4,7,0.8302287522477523
5,2,7,0.00523453835779427
5,2,7,NaN
3,4,7,0.9741337647667054
6,1,7,0.3193104281105608
1,6,7,NaN
4,3,7,NaN
1,6,7,NaN
7,0,7,0.025396716993254218
3,4,7,NaN
5,2,7,NaN
4,3,7,NaN
6,1,7,0.7275881804598708
3,4,7,NaN
1,6,7,0.23809226685761134
4,3,7,0.5156032575670741
1,6,7,0.16642372214710482
1,6,7,0.8723440292898591
2,5,7,0.9659495665715027
1,6,7,NaN
4,3,7,NaN
3,4,7,1.6997853673903773e-5
5,2,7,NaN
1,6,7,NaN
3,4,7,NaN
5,2,7,NaN
3,4,7,0.5523648636569257
3,4,7,NaN
4,3,7,0.03196899763992128
2,5,7,NaN
2,5,7,NaN
4,3,7,NaN
3,4,7,0.5380978391729944
3,4,7,0.8062781873736411
4,3,7,0.8062781873736411
2,5,7,0.9067597060883621
2,5,7,0.014258766237911802
4,3,7,NaN
1,6,7,0.8062781873736411
4,3,7,0.36374176270060876
3,4,7,0.6826185730663652
1,6,7,NaN
3,4,7,0.019029715791953308
2,5,7,0.5983910585585586
2,5,7,NaN
3,4,7,NaN
2,5,7,NaN
3,4,7,0.8909590781505728
4,3,7,0.4586140219451372
3,4,7,0.017809239281788392
3,4,7,NaN
4,3,7,NaN
1,6,7,NaN
2,5,7,0.06753146072351487
5,2,7,0.8723440292898591
1,6,7,0.2426068904918033
4,3,7,0.9067597060883621
1,6,7,NaN
2,5,7,0.2148611023327609
4,3,7,0.5983910585585586
4,3,7,NaN
2,5,7,0.3666822744922966
2,5,7,0.0035793712000826666
3,4,7,NaN
3,4,7,0.642689094081309
2,5,7,0.02143073799725636
3,4,7,NaN
2,5,7,0.2426068904918033
5,2,7,NaN
2,5,7,NaN
2,5,7,0.5076524678986474
1,6,7,0.04250262367954989
2,5,7,0.2426068904918033
2,5,7,NaN
1,6,7,NaN
1,6,7,0.05523248174636987
4,3,7,NaN
4,3,7,NaN
5,2,7,0.41042378787561506
1,6,7,NaN
3,4,7,NaN
4,3,7,NaN
1,6,7,NaN
5,2,7,NaN
3,4,7,0.7856593209378341
2,5,7,6.159428806656547e-6
1,6,7,NaN
5,2,7,0.017809239281788392
1,6,7,NaN
3,4,7,0.6572568012181041
4,3,7,NaN
2,5,7,NaN
3,4,7,0.7808948524004466
1,6,7,0.027508030988302654
6,1,7,NaN
1,6,7,0.6651310110461354
3,4,7,0.9574121554627333
2,5,7,0.26832193646845803
2,5,7,0.06984398440883517
4,3,7,NaN
5,2,7,NaN
1,6,7,NaN
3,4,7,NaN
1,6,7,0.03573862828111791
1,6,7,0.3193104281105608
1,6,7,NaN
3,4,7,0.9357857374272102
3,4,7,NaN
2,5,7,NaN
2,5,7,NaN
4,3,7,0.05916634506716057
6,1,7,NaN
1,6,7,0.9962234578773226
2,5,7,NaN
4,3,7,0.023611196254042698
1,6,7,0.642689094081309
2,5,7,0.07608868113046334
3,4,7,0.5076524678986474
2,5,7,0.7418091607957591
2,5,7,0.0503944665317212
3,4,7,NaN
3,4,7,0.8909590781505728
4,3,7,NaN
1,6,7,NaN
2,5,7,0.5523648636569257
2,5,7,0.0003552845356708818
4,3,7,0.9067597060883621
2,5,7,NaN
2,5,7,0.3771746347450958
2,5,7,0.6826185730663652
4,3,7,NaN
3,4,7,0.7522517969420768
5,2,7,0.15348760037464887
1,6,7,NaN
5,2,7,NaN
2,5,7,NaN
3,4,7,NaN
1,6,7,0.06984398440883517
1,6,7,0.36374176270060876
2,5,7,0.08139481150030385
1,6,7,NaN
1,6,7,NaN
3,4,7,NaN
3,4,7,NaN
2,5,7,NaN
4,3,7,0.2795481783803956
1,6,7,NaN
1,6,7,0.5983910585585586
5,2,7,0.9067597060883621
1,6,7,0.922423104079044
2,5,7,0.08139481150030385
3,4,7,0.7509979234994011
2,5,7,0.01675473063341966
2,5,7,NaN
3,4,7,NaN
2,5,7,NaN
1,6,7,NaN
1,6,7,NaN
3,4,7,NaN
7,0,7,0.8909590781505728
4,3,7,NaN
1,6,7,0.13221071469067883
3,4,7,NaN
3,4,7,0.0005970870380256995
4,3,7,0.017974389529162513
1,6,7,0.7188460181803934
1,6,7,0.41042378787561506
2,5,7,NaN
1,6,7,0.002799347354138233
3,4,7,0.41042378787561506
1,6,7,NaN
1,6,7,NaN
3,4,7,0.9475679371961635
1,6,7,NaN
2,5,7,NaN
2,5,7,0.010663056765281292
1,6,7,0.6914729397503759
4,3,7,0.11302026105487464
2,5,7,NaN
3,4,7,0.5983910585585586
4,3,7,NaN
3,4,7,NaN
3,4,7,0.1914692023208227
3,4,7,0.9067597060883621
1,6,7,NaN
2,5,7,NaN
1,6,7,NaN
1,6,7,0.5523648636569257
4,3,7,0.048823174393977105
1,6,7,0.15348760037464887
2,5,7,NaN
2,5,7,0.642689094081309
2,5,7,NaN
1,6,7,NaN
1,6,7,NaN
1,6,7,NaN
2,5,7,0.09652246162613985
2,5,7,NaN
2,5,7,0.7808948524004466
2,5,7,NaN
1,6,7,NaN
6,1,7,0.2595594684228491
1,6,7,NaN
2,5,7,0.11302026105487464
4,3,7,NaN
2,5,7,NaN
2,5,7,0.8723440292898591
1,6,7,0.36374176270060876
5,2,7,0.36374176270060876
1,6,7,0.5775525665651291
1,6,7,NaN
2,5,7,0.08139481150030385
2,5,7,NaN
3,4,7,0.0767251982961355
1,6,7,0.9989980546552272
1,6,7,NaN
3,4,7,0.04263845043616167
1,6,7,0.3220844106070913
1,6,7,0.8302287522477523
1,6,7,0.4768249905242542
2,5,7,NaN
1,6,7,NaN
1,6,7,NaN
1,6,7,NaN
1,6,7,NaN
3,4,7,NaN
1,6,7,0.9829272234933872
2,5,7,0.005634571703672751
2,5,7,0.04263845043616167
1,6,7,0.07439228098297175
1,6,7,0.03573862828111791
1,6,7,NaN
1,6,7,NaN
1,6,7,0.11811882359181085
1,6,7,0.9067597060883621
2,5,7,0.0075382516023197385
2,5,7,0.15348760037464887
4,3,7,NaN
2,5,7,NaN
2,5,7,0.9357857374272102
2,5,7,NaN
2,5,7,NaN
1,6,7,NaN
1,6,7,0.18817194134529272
1,6,7,0.5775525665651291
2,5,7,NaN
2,5,7,NaN
1,6,7,0.09652246162613985
2,5,7,NaN
1,6,7,0.642689094081309
1,6,7,NaN
1,6,7,NaN
3,4,7,NaN
1,6,7,0.5523648636569257
2,5,7,0.5839875771372758
2,5,7,0.6001358245175935
2,5,7,NaN
1,6,7,0.00038284861878394724
1,6,7,0.4979405285777952
1,6,7,0.2795481783803956
1,6,7,NaN
1,6,7,NaN
1,6,7,0.0057199725305541165
2,5,7,0.642689094081309
2,5,7,0.1580539560144249
1,6,7,NaN
1,6,7,NaN
2,5,7,NaN
3,4,7,0.1791109280893668
2,5,7,NaN
1,6,7,0.5076524678986474
2,5,7,NaN
1,6,7,0.8535399985089294
2,5,7,NaN
1,6,7,0.09686470441855767
2,5,7,0.3193104281105608
1,6,7,NaN
2,5,7,NaN
1,6,7,NaN
1,6,7,0.021011592544741952
1,6,7,NaN
1,6,7,NaN
1,6,7,NaN
1,6,7,0.03299592477585781
1,6,7,0.06659411911357677
1,6,7,NaN
1,6,7,NaN
1,6,7,0.0005874230526968269
1,6,7,0.13221071469067883
1,6,7,NaN
1,6,7,NaN
1,6,7,NaN
1,6,7,0.5983910585585586
1,6,7,0.0020307119803642964
1,6,7,NaN
1,6,7,NaN
1,6,7,NaN
1,6,7,0.3193104281105608
1,6,7,0.44895262062577035
0,7,7,0.6826185730663652
0,7,7,0.7188460181803934
0,7,7,0.5841974892324842
0,7,7,NaN
0,7,7,0.7509979234994011
0,7,7,0.642689094081309
0,7,7,3.7757646869219185e-5
0,7,7,0.8909590781505728
0,7,7,NaN
0,7,7,NaN
0,7,7,NaN
0,7,7,0.023611196254042698
0,7,7,NaN
0,7,7,0.4586140219451372
0,7,7,0.41042378787561506
0,7,7,NaN
0,7,7,0.41042378787561506
0,7,7,0.7188460181803934
0,7,7,0.5983910585585586
0,7,7,NaN
0,7,7,NaN
0,7,7,NaN
0,7,7,NaN
0,7,7,0.11302026105487464
0,7,7,0.05916634506716057
0,7,7,NaN
0,7,7,0.25298079059949763
0,7,7,NaN
0,7,7,0.5076524678986474
0,7,7,0.043120044280016194
0,7,7,0.4586140219451372
0,7,7,NaN
0,7,7,0.5983910585585586
0,7,7,NaN
0,7,7,0.11355697557200535
0,7,7,0.4586140219451372
0,7,7,0.5523648636569257
0,7,7,0.7808948524004466
0,7,7,0.4586140219451372
0,7,7,NaN
0,7,7,NaN
0,7,7,NaN
0,7,7,NaN
0,7,7,NaN
0,7,7,0.00860264728312664
0,7,7,NaN
0,7,7,0.5523648636569257
0,7,7,NaN
0,7,7,0.9067597060883621
0,7,7,0.8302287522477523
0,7,7,NaN
0,7,7,NaN
0,7,7,NaN
0,7,7,0.2375163974144539
0,7,7,NaN
0,7,7,0.3193104281105608
0,7,7,NaN
0,7,7,NaN
0,7,7,0.6826185730663652
0,7,7,NaN
0,7,7,NaN
0,7,7,0.21518276705972056
0,7,7,NaN
0,7,7,NaN
0,7,7,NaN
0,7,7,NaN
0,7,7,NaN
0,7,7,0.2795481783803956
0,7,7,0.03573862828111791
0,7,7,0.642689094081309
0,7,7,0.014935597377129269
0,7,7,NaN
0,7,7,NaN
0,7,7,6.777534348872343e-5
0,7,7,0.04263845043616167
0,7,7,NaN
0,7,7,0.7819330343354095
0,7,7,NaN
0,7,7,NaN
0,7,7,0.05916634506716057
0,7,7,0.8535399985089294
0,7,7,0.922423104079044
0,7,7,0.1791109280893668
0,7,7,NaN
0,7,7,0.14632071066046023
0,7,7,NaN
0,7,7,NaN
0,7,7,0.7257035308760661
0,7,7,0.15348760037464887
0,7,7,NaN
0,7,7,NaN
0,7,7,0.13221071469067883
0,7,7,0.005634571703672751
0,7,7,NaN
0,7,7,NaN
0,7,7,0.7509979234994011
0,7,7,0.2088844544951591
0,7,7,NaN
0,7,7,0.15348760037464887
0,7,7,NaN
0,7,7,0.013508048340403356
0,7,7,NaN
0,7,7,0.4586140219451372
0,7,7,NaN
0,7,7,NaN
0,7,7,NaN
0,7,7,NaN
0,7,7,NaN
0,7,7,NaN
0,7,7,NaN
0,7,7,0.36374176270060876
0,7,7,0.5523648636569257
0,7,7,NaN
0,7,7,0.03573862828111791
0,7,7,0.7646599872689673
0,7,7,0.5816655795914689
0,7,7,NaN
0,7,7,NaN
0,7,7,0.8062781873736411
0,7,7,0.00012470876579830063
0,7,7,NaN
0,7,7,NaN
0,7,7,0.5085116998523612
0,7,7,NaN
0,7,7,NaN
0,7,7,0.9067597060883621
0,7,7,0.015089968713335646
0,7,7,NaN
0,7,7,NaN
0,7,7,NaN
6,0,6,NaN
4,2,6,NaN
3,3,6,0.642689094081309
2,4,6,0.9562885488956258
4,2,6,NaN
5,1,6,NaN
5,1,6,NaN
3,3,6,0.8302287522477523
4,2,6,NaN
5,1,6,NaN
2,4,6,0.5087487049820786
2,4,6,NaN
3,3,6,0.08139481150030385
4,2,6,NaN
3,3,6,0.2426068904918033
4,2,6,0.02143073799725636
3,3,6,NaN
4,2,6,0.03175993411860117
3,3,6,0.8535399985089294
1,5,6,NaN
5,1,6,NaN
3,3,6,0.9925883253395366
3,3,6,NaN
3,3,6,NaN
4,2,6,NaN
3,3,6,NaN
3,3,6,NaN
3,3,6,0.48066065578361084
3,3,6,0.5523648636569257
5,1,6,0.23303352082308393
4,2,6,NaN
4,2,6,NaN
4,2,6,0.012741653266331953
1,5,6,0.8302287522477523
5,1,6,0.9659495665715027
4,2,6,NaN
3,3,6,NaN
4,2,6,0.10641175155622191
3,3,6,NaN
6,0,6,NaN
1,5,6,NaN
2,4,6,NaN
4,2,6,NaN
6,0,6,NaN
2,4,6,0.9357857374272102
6,0,6,NaN
4,2,6,NaN
2,4,6,0.19697857868005872
4,2,6,0.1791109280893668
3,3,6,NaN
2,4,6,0.4803444927266265
4,2,6,0.13221071469067883
3,3,6,NaN
3,3,6,0.0172471282286837
5,1,6,0.5523648636569257
2,4,6,0.8765511461662518
5,1,6,NaN
2,4,6,NaN
3,3,6,0.573098589262953
4,2,6,NaN
6,0,6,NaN
3,3,6,NaN
2,4,6,NaN
6,0,6,0.44305679904553413
2,4,6,NaN
4,2,6,0.08139481150030385
2,4,6,NaN
3,3,6,0.2426068904918033
3,3,6,0.6826185730663652
4,2,6,NaN
6,0,6,NaN
6,0,6,NaN
5,1,6,0.037271236892156535
4,2,6,NaN
5,1,6,0.2426068904918033
3,3,6,0.41042378787561506
3,3,6,0.8944736336032126
5,1,6,0.05000654193716431
2,4,6,0.36374176270060876
2,4,6,NaN
2,4,6,0.3782498717433507
4,2,6,0.36374176270060876
5,1,6,0.642689094081309
6,0,6,NaN
5,1,6,0.7808948524004466
4,2,6,0.9357857374272102
3,3,6,NaN
3,3,6,NaN
5,1,6,NaN
3,3,6,NaN
3,3,6,0.4586140219451372
4,2,6,0.922423104079044
5,1,6,NaN
6,0,6,NaN
5,1,6,0.8062781873736411
3,3,6,0.09652246162613985
3,3,6,NaN
4,2,6,0.8062781873736411
6,0,6,0.33201585935274003
1,5,6,0.1433930170129996
3,3,6,0.5076524678986474
5,1,6,0.003689797878813095
3,3,6,NaN
4,2,6,0.08188034779891779
2,4,6,0.013776794209139962
4,2,6,0.4586140219451372
4,2,6,0.04415410107610373
3,3,6,0.010813388187228557
3,3,6,0.27973046862366346
2,4,6,NaN
5,1,6,0.5699065514761253
4,2,6,0.0586359857465287
2,4,6,0.43236761565170173
5,1,6,0.009200494388447333
5,1,6,NaN
5,1,6,NaN
3,3,6,NaN
6,0,6,NaN
6,0,6,0.061151111597937145
1,5,6,0.8693248545202085
3,3,6,NaN
6,0,6,0.7172281277529082
5,1,6,NaN
3,3,6,NaN
5,1,6,0.922423104079044
2,4,6,NaN
4,2,6,NaN
6,0,6,NaN
5,1,6,NaN
6,0,6,0.025396716993254218
4,2,6,0.8723440292898591
5,1,6,0.9007491310201219
3,3,6,0.7188460181803934
2,4,6,0.642689094081309
5,1,6,0.22566217291689336
2,4,6,NaN
6,0,6,0.002015340765008572
4,2,6,0.05916634506716057
2,4,6,NaN
5,1,6,NaN
4,2,6,NaN
5,1,6,0.18482655764711647
6,0,6,NaN
6,0,6,0.9946806672073457
2,4,6,0.642689094081309
5,1,6,0.8302287522477523
6,0,6,0.11518815992355043
5,1,6,0.9067597060883621
4,2,6,0.41042378787561506
5,1,6,0.08803575900784481
4,2,6,NaN
2,4,6,0.06659411911357677
4,2,6,0.4085605080049895
3,3,6,NaN
6,0,6,0.36374176270060876
4,2,6,0.6584172670060356
3,3,6,NaN
1,5,6,NaN
3,3,6,NaN
4,2,6,0.4586140219451372
1,5,6,0.5983910585585586
3,3,6,0.15108115846906273
2,4,6,NaN
2,4,6,NaN
2,4,6,0.09652246162613985
6,0,6,0.9659495665715027
3,3,6,0.0002640942359774314
1,5,6,NaN
5,1,6,0.01942859367646816
3,3,6,0.5076524678986474
5,1,6,NaN
4,2,6,0.09652246162613985
4,2,6,NaN
4,2,6,0.08139481150030385
2,4,6,NaN
6,0,6,NaN
3,3,6,0.0503944665317212
2,4,6,0.9897292732740418
5,1,6,NaN
4,2,6,0.030335505750555464
5,1,6,0.8302287522477523
3,3,6,NaN
2,4,6,0.2426068904918033
3,3,6,NaN
3,3,6,0.1791109280893668
3,3,6,NaN
5,1,6,0.03573862828111791
1,5,6,NaN
6,0,6,0.8723440292898591
2,4,6,0.36374176270060876
6,0,6,NaN
1,5,6,0.2800171182565428
2,4,6,0.0075382516023197385
5,1,6,0.41042378787561506
2,4,6,NaN
1,5,6,NaN
4,2,6,NaN
1,5,6,NaN
1,5,6,NaN
4,2,6,0.015089968713335646
3,3,6,NaN
6,0,6,NaN
2,4,6,0.5076524678986474
4,2,6,0.04939162077707256
2,4,6,NaN
3,3,6,NaN
2,4,6,0.642689094081309
5,1,6,0.9067597060883621
6,0,6,NaN
2,4,6,NaN
3,3,6,NaN
1,5,6,0.029824284599219358
2,4,6,0.5983910585585586
4,2,6,NaN
6,0,6,0.5523648636569257
5,1,6,NaN
2,4,6,0.2795481783803956
6,0,6,NaN
4,2,6,NaN
4,2,6,NaN
5,1,6,0.2579902629090897
6,0,6,NaN
5,1,6,0.5554553645040344
5,1,6,0.029824284599219358
4,2,6,NaN
5,1,6,0.922423104079044
5,1,6,NaN
6,0,6,0.1735630442847757
4,2,6,NaN
4,2,6,0.9659495665715027
4,2,6,0.642689094081309
4,2,6,0.5983910585585586
3,3,6,0.5523648636569257
6,0,6,0.029824284599219358
1,5,6,0.2795481783803956
5,1,6,0.20610868071375793
6,0,6,0.8909590781505728
4,2,6,NaN
5,1,6,NaN
5,1,6,0.2795481783803956
6,0,6,0.015089968713335646
5,1,6,NaN
3,3,6,0.8302287522477523
4,2,6,NaN
2,4,6,NaN
4,2,6,NaN
4,2,6,NaN
3,3,6,0.0575440837764297
6,0,6,NaN
2,4,6,NaN
3,3,6,0.642689094081309
3,3,6,0.15348760037464887
2,4,6,0.026152264504735123
4,2,6,0.08139481150030385
2,4,6,0.13221071469067883
2,4,6,NaN
4,2,6,0.0004902294979006962
5,1,6,NaN
3,3,6,NaN
3,3,6,NaN
6,0,6,NaN
4,2,6,NaN
4,2,6,0.8302287522477523
1,5,6,NaN
5,1,6,0.003202191731708833
2,4,6,0.573098589262953
2,4,6,0.0026623989243089946
4,2,6,NaN
6,0,6,0.0503944665317212
2,4,6,NaN
5,1,6,0.5561183490830922
5,1,6,NaN
2,4,6,0.5076524678986474
3,3,6,NaN
6,0,6,NaN
4,2,6,NaN
3,3,6,0.6176647127529789
6,0,6,NaN
2,4,6,1.8679843561749044e-6
3,3,6,NaN
3,3,6,NaN
2,4,6,NaN
2,4,6,0.5356118696016071
5,1,6,NaN
4,2,6,NaN
5,1,6,0.7188460181803934
6,0,6,0.9067597060883621
3,3,6,0.642689094081309
5,1,6,0.28937051218697774
2,4,6,0.2344041225509668
2,4,6,NaN
3,3,6,NaN
3,3,6,0.8302287522477523
2,4,6,NaN
2,4,6,NaN
4,2,6,NaN
6,0,6,NaN
6,0,6,NaN
4,2,6,0.8062781873736411
4,2,6,0.031284948545754136
2,4,6,0.15348760037464887
1,5,6,0.5523648636569257
3,3,6,0.0503944665317212
4,2,6,NaN
4,2,6,0.06602799739353452
4,2,6,NaN
3,3,6,0.5076524678986474
4,2,6,NaN
3,3,6,NaN
6,0,6,NaN
5,1,6,0.3193104281105608
6,0,6,0.2795481783803956
2,4,6,0.8062781873736411
4,2,6,NaN
5,1,6,0.8062781873736411
4,2,6,NaN
2,4,6,0.36374176270060876
3,3,6,0.36374176270060876
5,1,6,0.1791109280893668
5,1,6,0.2426068904918033
3,3,6,NaN
1,5,6,NaN
3,3,6,0.0039954678857202774
5,1,6,NaN
2,4,6,0.18986002120511822
3,3,6,NaN
3,3,6,NaN
5,1,6,NaN
5,1,6,NaN
3,3,6,NaN
6,0,6,0.5983910585585586
5,1,6,0.3510841961080117
3,3,6,0.8302287522477523
3,3,6,NaN
4,2,6,NaN
2,4,6,0.0503944665317212
6,0,6,NaN
3,3,6,0.8966748889057747
5,1,6,0.36374176270060876
4,2,6,NaN
5,1,6,0.046781601450779316
1,5,6,NaN
6,0,6,0.9209784806588704
3,3,6,0.08524764671569647
4,2,6,NaN
4,2,6,0.4586140219451372
4,2,6,0.9574121554627333
2,4,6,NaN
3,3,6,NaN
4,2,6,NaN
4,2,6,0.2795481783803956
4,2,6,0.019209755409406205
6,0,6,0.8302287522477523
6,0,6,0.00220877136596021
4,2,6,NaN
4,2,6,0.41042378787561506
3,3,6,0.8723440292898591
5,1,6,NaN
4,2,6,NaN
3,3,6,0.5076524678986474
1,5,6,NaN
2,4,6,NaN
5,1,6,0.5523648636569257
4,2,6,NaN
2,4,6,NaN
4,2,6,0.922423104079044
2,4,6,0.7869339673846486
1,5,6,NaN
4,2,6,0.9574121554627333
3,3,6,NaN
1,5,6,0.04597532683284856
5,1,6,0.5523648636569257
6,0,6,0.922423104079044
5,1,6,0.41042378787561506
2,4,6,0.7188460181803934
4,2,6,NaN
6,0,6,0.8263451941773443
4,2,6,NaN
3,3,6,0.41042378787561506
3,3,6,NaN
3,3,6,0.36374176270060876
5,1,6,0.31972965028320766
2,4,6,NaN
2,4,6,0.06984398440883517
2,4,6,0.8535399985089294
3,3,6,0.5053262290544784
1,5,6,0.4509523635122677
2,4,6,0.1791109280893668
3,3,6,0.08139481150030385
6,0,6,0.03179954228654227
4,2,6,0.5076524678986474
5,1,6,0.7808948524004466
2,4,6,NaN
3,3,6,NaN
5,1,6,NaN
4,2,6,0.5983910585585586
1,5,6,0.9659495665715027
1,5,6,NaN
3,3,6,0.642689094081309
1,5,6,NaN
1,5,6,NaN
3,3,6,NaN
4,2,6,1.0565844860595624e-7
6,0,6,0.5076524678986474
5,1,6,0.09652246162613985
3,3,6,NaN
2,4,6,0.7862583921512285
4,2,6,0.06984398440883517
3,3,6,0.8909590781505728
3,3,6,0.3771746347450958
2,4,6,0.9859421773727781
3,3,6,NaN
1,5,6,NaN
4,2,6,NaN
1,5,6,NaN
2,4,6,NaN
2,4,6,0.35829976237633837
4,2,6,3.321264101645892e-5
6,0,6,NaN
3,3,6,NaN
5,1,6,NaN
1,5,6,NaN
6,0,6,NaN
4,2,6,NaN
5,1,6,0.259026836012759
5,1,6,NaN
4,2,6,NaN
2,4,6,NaN
5,1,6,NaN
5,1,6,0.2088844544951591
6,0,6,0.012741653266331953
5,1,6,NaN
3,3,6,0.5983910585585586
2,4,6,0.9067597060883621
5,1,6,0.006828264694448636
2,4,6,NaN
4,2,6,0.015089968713335646
4,2,6,0.4586140219451372
2,4,6,NaN
2,4,6,NaN
4,2,6,0.05272162674471817
2,4,6,0.751083849759338
3,3,6,0.07966426525264557
3,3,6,NaN
5,1,6,0.7808948524004466
4,2,6,NaN
3,3,6,0.001428160033282153
3,3,6,NaN
5,1,6,0.003968123770621908
2,4,6,NaN
6,0,6,0.5983910585585586
6,0,6,0.7509979234994011
2,4,6,0.07500557586252883
4,2,6,2.012738766562612e-7
5,1,6,NaN
3,3,6,NaN
2,4,6,0.7188460181803934
5,1,6,NaN
5,1,6,NaN
3,3,6,0.8909590781505728
4,2,6,0.7876047692022679
1,5,6,0.2795481783803956
4,2,6,NaN
4,2,6,0.0012872410341957209
5,1,6,0.1791109280893668
4,2,6,NaN
3,3,6,NaN
3,3,6,0.7146461713310935
2,4,6,0.06984398440883517
5,1,6,NaN
4,2,6,NaN
2,4,6,NaN
3,3,6,NaN
1,5,6,0.13221071469067883
6,0,6,NaN
6,0,6,NaN
5,1,6,NaN
6,0,6,NaN
1,5,6,NaN
1,5,6,NaN
3,3,6,0.12631264782250112
2,4,6,9.798817282325715e-5
2,4,6,0.41042378787561506
5,1,6,NaN
4,2,6,NaN
6,0,6,NaN
2,4,6,NaN
5,1,6,0.642689094081309
6,0,6,0.3193104281105608
4,2,6,0.18975461347367922
2,4,6,0.7808948524004466
2,4,6,NaN
2,4,6,0.41042378787561506
3,3,6,NaN
4,2,6,0.09652246162613985
3,3,6,0.003224961967943648
5,1,6,NaN
4,2,6,NaN
3,3,6,0.6826185730663652
2,4,6,NaN
5,1,6,0.8535399985089294
3,3,6,NaN
4,2,6,NaN
2,4,6,0.9854264140621165
4,2,6,0.750453925219681
2,4,6,0.015089968713335646
1,5,6,0.005634571703672751
3,3,6,NaN
3,3,6,NaN
2,4,6,NaN
5,1,6,0.17005011166707953
2,4,6,0.9067597060883621
5,1,6,NaN
2,4,6,0.9659495665715027
2,4,6,0.023707073852597686
4,2,6,NaN
5,1,6,NaN
5,1,6,NaN
4,2,6,NaN
1,5,6,0.15348760037464887
3,3,6,0.9067597060883621
3,3,6,NaN
4,2,6,0.04835752092594552
2,4,6,NaN
1,5,6,0.11302026105487464
2,4,6,0.22049299398397887
4,2,6,NaN
6,0,6,NaN
3,3,6,0.05916634506716057
6,0,6,0.8723440292898591
2,4,6,0.9357857374272102
3,3,6,NaN
5,1,6,0.3782498717433507
2,4,6,NaN
5,1,6,NaN
6,0,6,0.25929305538204606
4,2,6,NaN
3,3,6,NaN
4,2,6,0.21248528825389126
5,1,6,0.3193104281105608
6,0,6,NaN
5,1,6,NaN
3,3,6,0.1791109280893668
3,3,6,0.18322761415510613
4,2,6,NaN
2,4,6,0.8535399985089294
1,5,6,NaN
5,1,6,NaN
3,3,6,NaN
4,2,6,NaN
4,2,6,0.024624445212847325
5,1,6,0.2795481783803956
6,0,6,0.37335530137876305
2,4,6,NaN
2,4,6,0.642689094081309
5,1,6,NaN
1,5,6,0.13221071469067883
4,2,6,0.9574121554627333
6,0,6,NaN
5,1,6,0.8302287522477523
3,3,6,NaN
5,1,6,NaN
1,5,6,NaN
5,1,6,NaN
2,4,6,0.2860349802547788
6,0,6,NaN
4,2,6,0.4586140219451372
3,3,6,NaN
3,3,6,NaN
1,5,6,0.015089968713335646
3,3,6,NaN
2,4,6,0.674528987906287
2,4,6,NaN
6,0,6,NaN
2,4,6,0.08139481150030385
4,2,6,0.00022874537443438463
4,2,6,0.5599380770164533
3,3,6,NaN
2,4,6,NaN
2,4,6,0.2336581694575021
6,0,6,NaN
2,4,6,0.0004368914621693504
3,3,6,0.3193104281105608
4,2,6,0.5983910585585586
4,2,6,NaN
4,2,6,0.4586140219451372
5,1,6,0.642689094081309
1,5,6,NaN
4,2,6,0.02416317727976305
6,0,6,NaN
3,3,6,0.6302989508676954
4,2,6,0.1791109280893668
6,0,6,NaN
5,1,6,NaN
2,4,6,NaN
4,2,6,0.03573862828111791
1,5,6,NaN
3,3,6,0.09652246162613985
5,1,6,NaN
6,0,6,0.36374176270060876
2,4,6,NaN
6,0,6,NaN
5,1,6,0.13221071469067883
3,3,6,0.39625862024327146
3,3,6,NaN
1,5,6,0.5822293086838857
1,5,6,0.15348760037464887
6,0,6,NaN
3,3,6,0.15348760037464887
4,2,6,NaN
4,2,6,NaN
2,4,6,NaN
3,3,6,NaN
5,1,6,0.13221071469067883
1,5,6,0.28514136853222927
1,5,6,0.0932482856864805
4,2,6,0.007984093613174112
5,1,6,NaN
1,5,6,0.015089968713335646
3,3,6,NaN
2,4,6,NaN
4,2,6,0.573098589262953
3,3,6,NaN
4,2,6,NaN
3,3,6,NaN
3,3,6,0.35055741112662414
3,3,6,0.9740470142059522
3,3,6,NaN
3,3,6,0.008323954885722445
5,1,6,0.012741653266331953
3,3,6,NaN
5,1,6,NaN
2,4,6,0.9357857374272102
4,2,6,NaN
1,5,6,NaN
2,4,6,0.8535399985089294
4,2,6,NaN
5,1,6,NaN
5,1,6,0.00038284861878394724
3,3,6,NaN
4,2,6,0.2795481783803956
5,1,6,NaN
4,2,6,NaN
2,4,6,0.8909590781505728
2,4,6,0.8535399985089294
6,0,6,0.06602799739353452
1,5,6,0.9659495665715027
5,1,6,0.0005292827091162891
3,3,6,0.3193104281105608
3,3,6,NaN
3,3,6,0.8535399985089294
5,1,6,0.04051678026109166
5,1,6,0.1791109280893668
5,1,6,0.9663752974733826
1,5,6,NaN
3,3,6,0.025396716993254218
1,5,6,0.5315862019114886
5,1,6,0.08562647313259962
6,0,6,2.795972131710965e-6
3,3,6,NaN
3,3,6,0.056941963053687476
2,4,6,NaN
4,2,6,0.8561742584406086
5,1,6,NaN
5,1,6,0.8062781873736411
3,3,6,0.3193104281105608
3,3,6,0.6826185730663652
3,3,6,NaN
5,1,6,0.7188460181803934
3,3,6,0.6205699294677028
3,3,6,0.9205022691468101
2,4,6,NaN
5,1,6,0.5076524678986474
1,5,6,0.08644244093258772
5,1,6,0.4586140219451372
5,1,6,0.36374176270060876
5,1,6,NaN
3,3,6,0.7697403801565411
2,4,6,0.05916634506716057
2,4,6,0.8062781873736411
2,4,6,NaN
3,3,6,NaN
1,5,6,NaN
3,3,6,NaN
3,3,6,NaN
3,3,6,NaN
2,4,6,0.36404715505860297
4,2,6,0.41042378787561506
4,2,6,0.8302287522477523
4,2,6,0.5523648636569257
4,2,6,NaN
5,1,6,NaN
1,5,6,NaN
4,2,6,0.5523648636569257
4,2,6,0.3193104281105608
2,4,6,0.5076524678986474
2,4,6,NaN
5,1,6,NaN
1,5,6,NaN
4,2,6,NaN
4,2,6,0.24578110897122835
4,2,6,NaN
3,3,6,NaN
3,3,6,0.1608415699535116
6,0,6,NaN
4,2,6,NaN
4,2,6,NaN
2,4,6,NaN
5,1,6,0.0575440837764297
3,3,6,0.2088844544951591
4,2,6,0.15348760037464887
2,4,6,NaN
3,3,6,0.11302026105487464
4,2,6,NaN
4,2,6,NaN
5,1,6,0.36374176270060876
5,1,6,0.9357857374272102
4,2,6,NaN
3,3,6,NaN
3,3,6,NaN
4,2,6,NaN
3,3,6,NaN
3,3,6,NaN
5,1,6,2.4913905911644596e-5
2,4,6,NaN
2,4,6,NaN
5,1,6,NaN
6,0,6,NaN
1,5,6,0.09772938773646368
4,2,6,0.06984398440883517
6,0,6,NaN
4,2,6,NaN
5,1,6,0.2426068904918033
1,5,6,NaN
3,3,6,NaN
4,2,6,NaN
3,3,6,0.11302026105487464
3,3,6,NaN
3,3,6,NaN
6,0,6,NaN
4,2,6,0.39794461223655714
2,4,6,0.2795481783803956
1,5,6,0.14861309234686118
4,2,6,NaN
2,4,6,0.13221071469067883
5,1,6,NaN
2,4,6,0.36374176270060876
2,4,6,0.8062781873736411
4,2,6,0.017809239281788392
6,0,6,NaN
4,2,6,NaN
3,3,6,NaN
1,5,6,0.3193104281105608
5,1,6,0.642689094081309
6,0,6,NaN
4,2,6,NaN
2,4,6,0.5523648636569257
1,5,6,NaN
2,4,6,0.5983910585585586
2,4,6,NaN
2,4,6,0.41042378787561506
5,1,6,0.981236864265928
1,5,6,0.08139481150030385
3,3,6,0.3193104281105608
6,0,6,0.05916634506716057
5,1,6,NaN
2,4,6,0.01716453297978538
5,1,6,0.6826185730663652
3,3,6,NaN
5,1,6,0.9741337647667054
5,1,6,0.03573862828111791
2,4,6,NaN
5,1,6,0.003708961541987617
5,1,6,0.6826185730663652
5,1,6,0.11302026105487464
3,3,6,0.4586140219451372
3,3,6,0.9475679371961635
3,3,6,NaN
4,2,6,NaN
1,5,6,0.5983910585585586
3,3,6,0.23443636948631028
1,5,6,NaN
5,1,6,0.5523648636569257
4,2,6,NaN
3,3,6,0.642689094081309
3,3,6,0.573098589262953
1,5,6,NaN
4,2,6,NaN
2,4,6,0.9926057045775764
2,4,6,0.2922502219188283
6,0,6,NaN
3,3,6,0.3193104281105608
5,1,6,0.7188460181803934
3,3,6,NaN
4,2,6,0.8723440292898591
5,1,6,NaN
2,4,6,0.02143073799725636
4,2,6,0.01050871192496647
6,0,6,0.5968511740611008
4,2,6,0.922423104079044
5,1,6,NaN
5,1,6,0.15348760037464887
4,2,6,NaN
4,2,6,NaN
1,5,6,NaN
4,2,6,0.36374176270060876
5,1,6,NaN
4,2,6,NaN
2,4,6,6.582664473456004e-7
3,3,6,NaN
2,4,6,0.7509979234994011
2,4,6,NaN
3,3,6,0.2426068904918033
2,4,6,0.0023123473912791377
1,5,6,NaN
2,4,6,NaN
6,0,6,0.8037429137706441
1,5,6,0.05916634506716057
4,2,6,0.05486408515051112
4,2,6,NaN
5,1,6,0.8535399985089294
5,1,6,NaN
3,3,6,NaN
2,4,6,NaN
3,3,6,NaN
6,0,6,0.06748875470374117
4,2,6,NaN
2,4,6,NaN
2,4,6,0.3161663231071558
1,5,6,NaN
5,1,6,0.003214912144702669
2,4,6,NaN
3,3,6,0.017809239281788392
1,5,6,NaN
3,3,6,NaN
3,3,6,NaN
5,1,6,NaN
3,3,6,0.41042378787561506
2,4,6,0.2258630741744053
1,5,6,0.2088844544951591
4,2,6,NaN
3,3,6,0.5523648636569257
2,4,6,0.7188460181803934
3,3,6,0.6468498434867782
3,3,6,NaN
6,0,6,NaN
3,3,6,NaN
5,1,6,0.44681390386742825
2,4,6,NaN
2,4,6,0.01050871192496647
2,4,6,NaN
4,2,6,0.0003835660418232543
3,3,6,NaN
4,2,6,0.025396716993254218
3,3,6,0.023337666954421604
5,1,6,NaN
3,3,6,0.5775525665651291
5,1,6,NaN
3,3,6,NaN
1,5,6,0.05916634506716057
3,3,6,0.08139481150030385
5,1,6,NaN
3,3,6,0.49839559341969386
2,4,6,0.5517113184474972
1,5,6,NaN
6,0,6,NaN
3,3,6,NaN
1,5,6,NaN
2,4,6,0.025396716993254218
5,1,6,0.6826185730663652
1,5,6,0.05916634506716057
2,4,6,0.9475679371961635
5,1,6,0.5983910585585586
3,3,6,NaN
2,4,6,NaN
2,4,6,0.5523648636569257
3,3,6,0.7469866839771724
3,3,6,0.08139481150030385
3,3,6,NaN
2,4,6,2.1407014335533537e-5
1,5,6,0.08139481150030385
3,3,6,0.016174144692228408
5,1,6,4.612228422658509e-7
2,4,6,0.5599380770164533
4,2,6,0.028996439680863552
3,3,6,NaN
3,3,6,NaN
3,3,6,0.13221071469067883
4,2,6,0.3934645866820192
5,1,6,0.642689094081309
4,2,6,NaN
5,1,6,NaN
4,2,6,NaN
4,2,6,NaN
4,2,6,0.5523648636569257
2,4,6,NaN
3,3,6,0.34515742739694416
5,1,6,NaN
6,0,6,0.41042378787561506
2,4,6,0.7808948524004466
5,1,6,0.08139481150030385
1,5,6,0.03573862828111791
2,4,6,NaN
3,3,6,NaN
5,1,6,NaN
2,4,6,0.0004767943253782594
2,4,6,0.8302287522477523
4,2,6,0.6303416028870238
2,4,6,NaN
3,3,6,NaN
4,2,6,0.2795481783803956
4,2,6,NaN
4,2,6,0.6530063044210376
5,1,6,NaN
3,3,6,0.0100765416395016
2,4,6,0.3782498717433507
5,1,6,NaN
3,3,6,0.04051678026109166
4,2,6,NaN
2,4,6,0.36374176270060876
3,3,6,NaN
4,2,6,NaN
4,2,6,NaN
3,3,6,0.2426068904918033
2,4,6,NaN
4,2,6,0.8302287522477523
1,5,6,NaN
5,1,6,0.04263845043616167
4,2,6,0.11302026105487464
5,1,6,0.9067597060883621
4,2,6,0.0013988502594353995
1,5,6,NaN
2,4,6,0.9357857374272102
5,1,6,0.8062781873736411
1,5,6,NaN
2,4,6,0.5523648636569257
3,3,6,0.6083223497221706
1,5,6,0.7808948524004466
4,2,6,0.41042378787561506
2,4,6,NaN
2,4,6,NaN
2,4,6,0.0006631347204783787
2,4,6,NaN
1,5,6,0.2426068904918033
3,3,6,0.05178994152054035
2,4,6,NaN
6,0,6,NaN
3,3,6,0.41042378787561506
3,3,6,0.15348760037464887
3,3,6,0.025396716993254218
5,1,6,NaN
2,4,6,NaN
4,2,6,0.1791109280893668
5,1,6,0.7509979234994011
4,2,6,NaN
5,1,6,0.23035644557879284
5,1,6,NaN
2,4,6,NaN
6,0,6,0.6826185730663652
4,2,6,NaN
4,2,6,0.8429544588585163
4,2,6,0.425684672911995
1,5,6,0.02143073799725636
2,4,6,NaN
5,1,6,0.1791109280893668
4,2,6,0.8302287522477523
4,2,6,0.0008686832139729259
2,4,6,0.03573862828111791
6,0,6,0.6826185730663652
4,2,6,NaN
3,3,6,0.00263856772541146
3,3,6,0.642689094081309
4,2,6,0.8062781873736411
5,1,6,0.41042378787561506
4,2,6,0.7509979234994011
2,4,6,0.3238101356243932
2,4,6,0.08139481150030385
3,3,6,0.3518360469447325
5,1,6,0.11302026105487464
1,5,6,0.36374176270060876
3,3,6,0.008881085110098684
2,4,6,NaN
3,3,6,NaN
3,3,6,0.36374176270060876
2,4,6,NaN
6,0,6,NaN
3,3,6,0.7891521460405458
2,4,6,0.2088844544951591
2,4,6,0.9357857374272102
4,2,6,0.9891966715497118
3,3,6,NaN
6,0,6,NaN
3,3,6,NaN
5,1,6,0.09652246162613985
2,4,6,NaN
4,2,6,NaN
4,2,6,0.1791109280893668
4,2,6,0.6082159967617196
1,5,6,NaN
2,4,6,0.5523648636569257
1,5,6,NaN
5,1,6,0.5983665403148862
3,3,6,0.02143073799725636
3,3,6,NaN
2,4,6,NaN
6,0,6,0.5076524678986474
5,1,6,0.0503944665317212
4,2,6,0.11302026105487464
2,4,6,0.9340271117450829
1,5,6,0.2426068904918033
6,0,6,NaN
2,4,6,NaN
3,3,6,0.5523648636569257
3,3,6,0.5983910585585586
5,1,6,NaN
1,5,6,0.02143073799725636
3,3,6,NaN
3,3,6,NaN
1,5,6,0.8535399985089294
4,2,6,0.8062781873736411
1,5,6,NaN
4,2,6,2.016366208799507e-5
6,0,6,0.10685226244852604
1,5,6,NaN
2,4,6,0.2795481783803956
3,3,6,0.03573862828111791
2,4,6,NaN
2,4,6,NaN
3,3,6,0.5983910585585586
2,4,6,0.017652975182271186
3,3,6,0.8100510268506245
3,3,6,0.642689094081309
3,3,6,NaN
2,4,6,NaN
3,3,6,NaN
3,3,6,NaN
3,3,6,0.3560010560262468
2,4,6,NaN
4,2,6,NaN
5,1,6,NaN
3,3,6,0.37250568930293265
4,2,6,0.9897292732740418
3,3,6,NaN
6,0,6,0.5076524678986474
1,5,6,0.5983910585585586
3,3,6,0.2426068904918033
3,3,6,0.8723440292898591
2,4,6,NaN
3,3,6,NaN
3,3,6,0.5270490016977288
4,2,6,0.5808666633907296
2,4,6,0.680001853284644
5,1,6,NaN
4,2,6,NaN
4,2,6,NaN
2,4,6,0.597421984384356
4,2,6,NaN
4,2,6,0.0027106963083700837
1,5,6,NaN
2,4,6,NaN
4,2,6,NaN
2,4,6,NaN
4,2,6,0.4586140219451372
4,2,6,NaN
1,5,6,NaN
2,4,6,0.008326470883277337
2,4,6,NaN
3,3,6,NaN
1,5,6,NaN
2,4,6,0.3996305509107951
3,3,6,NaN
2,4,6,NaN
5,1,6,NaN
5,1,6,NaN
3,3,6,0.41042378787561506
2,4,6,NaN
4,2,6,NaN
5,1,6,0.03674279941068971
2,4,6,NaN
6,0,6,NaN
2,4,6,0.41042378787561506
3,3,6,0.36374176270060876
2,4,6,NaN
1,5,6,NaN
2,4,6,0.027508030988302654
3,3,6,0.41042378787561506
2,4,6,0.5775525665651291
4,2,6,NaN
3,3,6,0.5523648636569257
1,5,6,NaN
2,4,6,0.7808948524004466
1,5,6,0.9574121554627333
2,4,6,NaN
4,2,6,0.2795481783803956
2,4,6,0.06984398440883517
1,5,6,NaN
6,0,6,0.06602799739353452
5,1,6,0.004068085603403645
4,2,6,NaN
1,5,6,NaN
5,1,6,NaN
4,2,6,0.38822662760879784
5,1,6,0.5890040291561556
4,2,6,0.017809239281788392
4,2,6,0.5076524678986474
3,3,6,NaN
4,2,6,0.00014383539792076392
4,2,6,NaN
1,5,6,NaN
2,4,6,0.5983910585585586
2,4,6,NaN
2,4,6,NaN
2,4,6,0.7200230968449273
3,3,6,NaN
3,3,6,0.04665736079467382
2,4,6,NaN
3,3,6,0.010931790146964462
4,2,6,0.8062781873736411
4,2,6,NaN
1,5,6,0.1466484838902813
3,3,6,0.2426068904918033
3,3,6,NaN
3,3,6,0.4509523635122677
2,4,6,0.4586140219451372
1,5,6,0.9357857374272102
3,3,6,0.14070246366701117
5,1,6,0.9357857374272102
3,3,6,NaN
2,4,6,0.00828951897127352
5,1,6,NaN
5,1,6,NaN
4,2,6,0.4407996056478823
3,3,6,0.3782498717433507
2,4,6,0.0074911464704927955
3,3,6,0.8723440292898591
2,4,6,0.7808948524004466
4,2,6,NaN
4,2,6,0.07841174005755182
3,3,6,NaN
2,4,6,0.9574121554627333
2,4,6,0.1466484838902813
5,1,6,0.0009178551484679568
1,5,6,0.09652246162613985
2,4,6,NaN
5,1,6,NaN
4,2,6,NaN
5,1,6,0.09652246162613985
6,0,6,0.60119872705894
3,3,6,NaN
5,1,6,0.0034923227572351517
5,1,6,NaN
1,5,6,0.0503944665317212
5,1,6,NaN
4,2,6,6.460361636657547e-5
2,4,6,NaN
2,4,6,NaN
6,0,6,NaN
2,4,6,0.2426068904918033
3,3,6,0.05622655655931376
6,0,6,NaN
1,5,6,0.0025801020777969468
1,5,6,0.3893393450472338
1,5,6,0.9287714318218989
2,4,6,NaN
4,2,6,0.9590992146902556
2,4,6,NaN
1,5,6,0.8062781873736411
2,4,6,0.02747385451635933
1,5,6,NaN
6,0,6,NaN
5,1,6,NaN
4,2,6,0.11442417681715238
5,1,6,0.05272162674471817
2,4,6,0.5076524678986474
5,1,6,0.38766614528150295
6,0,6,0.08444273751827625
3,3,6,NaN
2,4,6,NaN
3,3,6,0.3193104281105608
3,3,6,NaN
5,1,6,NaN
1,5,6,0.6065598568737796
2,4,6,NaN
4,2,6,0.7808948524004466
4,2,6,NaN
1,5,6,NaN
4,2,6,0.2426068904918033
1,5,6,0.8062781873736411
4,2,6,NaN
4,2,6,NaN
3,3,6,NaN
5,1,6,0.2579902629090897
3,3,6,0.8677667836381647
3,3,6,0.6176647127529789
2,4,6,NaN
6,0,6,NaN
4,2,6,NaN
3,3,6,0.00037173336717369874
4,2,6,0.7188460181803934
2,4,6,0.8535399985089294
4,2,6,NaN
3,3,6,0.5523648636569257
2,4,6,NaN
3,3,6,NaN
1,5,6,0.04263845043616167
4,2,6,0.7595792236336947
3,3,6,NaN
2,4,6,NaN
5,1,6,NaN
4,2,6,NaN
3,3,6,0.06538444394079096
3,3,6,NaN
6,0,6,NaN
5,1,6,NaN
1,5,6,0.5076524678986474
2,4,6,NaN
2,4,6,NaN
2,4,6,0.4586140219451372
3,3,6,NaN
3,3,6,0.7431326994811255
1,5,6,NaN
1,5,6,NaN
2,4,6,NaN
5,1,6,0.2795481783803956
1,5,6,0.6826185730663652
3,3,6,0.36374176270060876
3,3,6,0.5617770053451895
4,2,6,NaN
1,5,6,NaN
4,2,6,NaN
2,4,6,NaN
1,5,6,0.41042378787561506
3,3,6,0.1791109280893668
2,4,6,NaN
1,5,6,0.41042378787561506
4,2,6,NaN
5,1,6,0.5983910585585586
5,1,6,0.4586140219451372
1,5,6,0.2795481783803956
2,4,6,NaN
3,3,6,0.9475679371961635
3,3,6,0.5983910585585586
2,4,6,NaN
2,4,6,0.5523648636569257
4,2,6,NaN
4,2,6,0.2088844544951591
5,1,6,0.36374176270060876
3,3,6,0.88476797893601
2,4,6,0.09652246162613985
1,5,6,0.41042378787561506
1,5,6,0.7509979234994011
3,3,6,0.012741653266331953
2,4,6,0.22652091079265926
2,4,6,0.8723440292898591
1,5,6,NaN
1,5,6,0.5076524678986474
2,4,6,0.3903426677795293
4,2,6,NaN
4,2,6,0.2426068904918033
3,3,6,NaN
6,0,6,0.8062781873736411
4,2,6,0.17545313036444607
1,5,6,NaN
4,2,6,NaN
6,0,6,0.8909590781505728
2,4,6,NaN
3,3,6,NaN
1,5,6,NaN
2,4,6,NaN
5,1,6,NaN
2,4,6,0.11430065933325513
3,3,6,NaN
2,4,6,NaN
4,2,6,NaN
1,5,6,0.3544622708725064
6,0,6,NaN
3,3,6,0.2088844544951591
1,5,6,0.05916634506716057
2,4,6,0.012741653266331953
1,5,6,0.7947730014080849
3,3,6,NaN
2,4,6,NaN
1,5,6,NaN
1,5,6,0.5523648636569257
2,4,6,NaN
2,4,6,0.2426068904918033
2,4,6,0.5523648636569257
1,5,6,NaN
1,5,6,NaN
3,3,6,0.2795481783803956
3,3,6,0.2795481783803956
3,3,6,0.11302026105487464
4,2,6,0.3193104281105608
2,4,6,NaN
6,0,6,0.36374176270060876
6,0,6,NaN
2,4,6,0.4586140219451372
4,2,6,0.9954273361972739
6,0,6,0.11302026105487464
6,0,6,NaN
1,5,6,NaN
6,0,6,0.029824284599219358
3,3,6,0.001476757237510627
3,3,6,NaN
3,3,6,NaN
5,1,6,NaN
1,5,6,0.2795481783803956
3,3,6,0.044272105933506244
3,3,6,0.8302287522477523
2,4,6,0.7188460181803934
2,4,6,0.029824284599219358
1,5,6,0.09734571816591117
2,4,6,NaN
6,0,6,0.13221071469067883
2,4,6,NaN
2,4,6,0.02862392883519761
2,4,6,0.08139481150030385
4,2,6,NaN
2,4,6,NaN
5,1,6,NaN
1,5,6,0.9833513778947389
2,4,6,0.0017828141279878252
3,3,6,0.7188460181803934
2,4,6,0.8723440292898591
1,5,6,NaN
4,2,6,NaN
1,5,6,0.08996730975310964
4,2,6,0.15348760037464887
3,3,6,0.3193104281105608
1,5,6,0.001005104984011519
4,2,6,NaN
5,1,6,NaN
4,2,6,0.06040440862145576
2,4,6,NaN
2,4,6,0.5076524678986474
5,1,6,NaN
3,3,6,NaN
1,5,6,0.06984398440883517
1,5,6,NaN
3,3,6,0.7188460181803934
3,3,6,0.8723440292898591
4,2,6,0.5523648636569257
3,3,6,0.36374176270060876
1,5,6,NaN
3,3,6,0.6826185730663652
2,4,6,0.15348760037464887
3,3,6,NaN
3,3,6,0.001605081540632099
2,4,6,0.5144533399066076
1,5,6,0.007114009197751627
2,4,6,NaN
2,4,6,NaN
5,1,6,0.748792122708687
2,4,6,NaN
1,5,6,0.8535399985089294
3,3,6,0.004042222576908028
2,4,6,NaN
5,1,6,0.922423104079044
5,1,6,0.3193104281105608
1,5,6,0.7594308246544825
4,2,6,NaN
2,4,6,NaN
3,3,6,0.015089968713335646
1,5,6,0.0009584133513450948
3,3,6,0.35591326635883624
1,5,6,0.09652246162613985
6,0,6,NaN
2,4,6,NaN
2,4,6,0.8062781873736411
3,3,6,NaN
5,1,6,0.41042378787561506
3,3,6,0.5523648636569257
2,4,6,0.9574121554627333
2,4,6,NaN
2,4,6,NaN
3,3,6,0.13221071469067883
3,3,6,NaN
3,3,6,0.017809239281788392
3,3,6,0.9917440368969269
1,5,6,NaN
3,3,6,0.44590523132693405
3,3,6,NaN
4,2,6,0.17474695065990595
2,4,6,0.02143073799725636
1,5,6,0.017809239281788392
2,4,6,NaN
1,5,6,0.13221071469067883
1,5,6,NaN
1,5,6,NaN
4,2,6,0.9357857374272102
1,5,6,0.15348760037464887
1,5,6,NaN
2,4,6,NaN
2,4,6,0.017809239281788392
2,4,6,0.7856593209378341
4,2,6,0.5983910585585586
2,4,6,0.2800171182565428
3,3,6,0.6061233859150627
3,3,6,0.5026227266303387
1,5,6,NaN
2,4,6,NaN
4,2,6,NaN
1,5,6,0.642689094081309
6,0,6,0.07315485640692712
1,5,6,0.1791109280893668
2,4,6,NaN
1,5,6,NaN
3,3,6,0.7808010605115341
6,0,6,NaN
3,3,6,NaN
1,5,6,0.8535399985089294
1,5,6,NaN
2,4,6,0.8302287522477523
1,5,6,0.06565945560354197
3,3,6,0.029824284599219358
4,2,6,NaN
6,0,6,0.05916634506716057
2,4,6,0.2795481783803956
5,1,6,0.042570416822754996
1,5,6,0.36374176270060876
2,4,6,NaN
1,5,6,NaN
2,4,6,NaN
3,3,6,0.0989340380187643
2,4,6,0.7509979234994011
6,0,6,NaN
3,3,6,0.04529759850875402
2,4,6,0.005634571703672751
3,3,6,NaN
3,3,6,NaN
5,1,6,0.6931027965350215
4,2,6,0.14598324744267122
1,5,6,0.327521825786491
3,3,6,NaN
5,1,6,0.01050871192496647
3,3,6,0.41042378787561506
3,3,6,0.41042378787561506
2,4,6,0.007114009197751627
3,3,6,NaN
4,2,6,NaN
4,2,6,0.8944736336032126
1,5,6,0.7947730014080849
1,5,6,0.8535399985089294
6,0,6,NaN
3,3,6,0.0016617055118106202
1,5,6,NaN
2,4,6,0.7808948524004466
4,2,6,0.6484609811973602
2,4,6,0.49674776754540184
3,3,6,0.8852919168310224
1,5,6,NaN
3,3,6,0.8739281132467416
1,5,6,NaN
2,4,6,0.01344436725055195
1,5,6,NaN
1,5,6,NaN
2,4,6,0.06984398440883517
1,5,6,NaN
3,3,6,0.409194151226937
2,4,6,NaN
3,3,6,0.13221071469067883
4,2,6,0.8302287522477523
1,5,6,0.9357857374272102
4,2,6,0.06984398440883517
1,5,6,0.13221071469067883
4,2,6,NaN
2,4,6,NaN
2,4,6,NaN
2,4,6,NaN
3,3,6,0.4586140219451372
2,4,6,NaN
1,5,6,NaN
2,4,6,0.36374176270060876
1,5,6,0.11302026105487464
1,5,6,0.2426068904918033
2,4,6,0.0002795741318347106
3,3,6,NaN
1,5,6,0.2426068904918033
2,4,6,NaN
1,5,6,NaN
4,2,6,0.06984398440883517
1,5,6,0.26719816571667226
4,2,6,0.05916634506716057
2,4,6,0.08139481150030385
4,2,6,0.2795481783803956
1,5,6,0.09652246162613985
2,4,6,0.2426068904918033
2,4,6,0.6453918377243414
2,4,6,0.20610868071375793
1,5,6,NaN
2,4,6,0.36374176270060876
1,5,6,0.0469742421235768
3,3,6,NaN
2,4,6,NaN
3,3,6,NaN
1,5,6,NaN
1,5,6,0.13777245586423167
1,5,6,NaN
2,4,6,NaN
2,4,6,0.006722508856459795
1,5,6,0.09652246162613985
1,5,6,0.9357857374272102
3,3,6,NaN
1,5,6,0.01050871192496647
2,4,6,0.1791109280893668
2,4,6,NaN
2,4,6,NaN
1,5,6,0.5085731658853463
2,4,6,NaN
1,5,6,0.0036653613873500602
1,5,6,0.7188460181803934
4,2,6,0.5983910585585586
2,4,6,NaN
1,5,6,0.9574121554627333
2,4,6,0.025396716993254218
5,1,6,NaN
1,5,6,NaN
2,4,6,0.11302026105487464
1,5,6,0.0008685110294110262
1,5,6,NaN
2,4,6,0.025856168088278328
1,5,6,NaN
1,5,6,NaN
2,4,6,NaN
2,4,6,NaN
5,1,6,NaN
3,3,6,NaN
2,4,6,NaN
3,3,6,0.0011790685123804023
4,2,6,NaN
2,4,6,0.9946806672073457
3,3,6,0.07452475029607389
4,2,6,0.3738114031230969
1,5,6,0.029824284599219358
3,3,6,0.00038284861878394724
4,2,6,0.06984398440883517
2,4,6,0.5523648636569257
1,5,6,0.0045672812519698645
1,5,6,NaN
2,4,6,0.06984398440883517
1,5,6,NaN
2,4,6,0.6870831034767041
1,5,6,0.029824284599219358
4,2,6,0.7089044376279259
2,4,6,0.4586140219451372
2,4,6,NaN
1,5,6,0.8723440292898591
1,5,6,0.15348760037464887
3,3,6,0.8062781873736411
2,4,6,0.06984398440883517
3,3,6,0.8535399985089294
2,4,6,0.00048633765820235367
3,3,6,NaN
4,2,6,0.5661733818389398
3,3,6,0.30072643637439855
3,3,6,0.5775525665651291
3,3,6,NaN
1,5,6,0.41042378787561506
2,4,6,0.6826185730663652
1,5,6,NaN
1,5,6,NaN
1,5,6,NaN
2,4,6,NaN
2,4,6,0.025396716993254218
1,5,6,0.8723440292898591
5,1,6,0.2198772778835353
2,4,6,0.5345771250779596
1,5,6,0.2088844544951591
3,3,6,0.05916634506716057
1,5,6,0.8535399985089294
2,4,6,NaN
2,4,6,0.36374176270060876
2,4,6,0.6826185730663652
2,4,6,NaN
1,5,6,NaN
2,4,6,NaN
2,4,6,0.029824284599219358
2,4,6,0.2426068904918033
2,4,6,NaN
2,4,6,NaN
5,1,6,NaN
1,5,6,0.2088844544951591
2,4,6,0.8535399985089294
2,4,6,0.09652246162613985
1,5,6,0.7509979234994011
2,4,6,0.2088844544951591
3,3,6,NaN
2,4,6,0.7509979234994011
2,4,6,NaN
2,4,6,NaN
2,4,6,NaN
3,3,6,0.9954273361972739
2,4,6,0.21617631099472553
1,5,6,NaN
1,5,6,NaN
2,4,6,7.625820448961758e-5
4,2,6,NaN
1,5,6,0.7509979234994011
1,5,6,NaN
1,5,6,0.01418914793730376
4,2,6,NaN
3,3,6,NaN
1,5,6,NaN
3,3,6,NaN
3,3,6,0.2088844544951591
1,5,6,NaN
2,4,6,0.36374176270060876
1,5,6,NaN
3,3,6,2.040262144064529e-5
2,4,6,NaN
3,3,6,0.14703777543352814
2,4,6,NaN
1,5,6,NaN
5,1,6,0.003990675437573615
1,5,6,NaN
1,5,6,0.7808948524004466
3,3,6,0.03573862828111791
2,4,6,0.11302026105487464
5,1,6,0.13221071469067883
1,5,6,NaN
1,5,6,NaN
1,5,6,0.08139481150030385
4,2,6,NaN
2,4,6,0.36374176270060876
1,5,6,0.0503944665317212
1,5,6,NaN
1,5,6,0.8062781873736411
1,5,6,NaN
2,4,6,NaN
1,5,6,NaN
2,4,6,0.7808948524004466
2,4,6,NaN
1,5,6,NaN
2,4,6,0.04263845043616167
1,5,6,0.5085116998523612
2,4,6,0.5523648636569257
5,1,6,NaN
1,5,6,NaN
2,4,6,0.8302287522477523
1,5,6,NaN
1,5,6,0.2088844544951591
2,4,6,0.47185074054765025
1,5,6,0.029824284599219358
1,5,6,NaN
4,2,6,NaN
1,5,6,0.922423104079044
1,5,6,NaN
3,3,6,0.0024551616970668634
1,5,6,NaN
1,5,6,0.03442461981684938
3,3,6,0.023707073852597686
1,5,6,NaN
1,5,6,NaN
1,5,6,NaN
1,5,6,NaN
1,5,6,0.06984398440883517
1,5,6,NaN
1,5,6,NaN
3,3,6,NaN
3,3,6,NaN
1,5,6,NaN
1,5,6,0.41042378787561506
2,4,6,NaN
2,4,6,0.4586140219451372
2,4,6,0.5523648636569257
1,5,6,NaN
1,5,6,NaN
1,5,6,0.7509979234994011
1,5,6,NaN
1,5,6,0.2795481783803956
1,5,6,0.05916634506716057
1,5,6,0.05916634506716057
1,5,6,NaN
1,5,6,0.8302287522477523
2,4,6,NaN
2,4,6,0.03573862828111791
1,5,6,NaN
1,5,6,NaN
1,5,6,NaN
3,3,6,NaN
2,4,6,NaN
1,5,6,0.6826185730663652
6,0,6,NaN
4,2,6,NaN
1,5,6,0.017809239281788392
1,5,6,NaN
1,5,6,NaN
1,5,6,0.36374176270060876
3,3,6,0.05916634506716057
1,5,6,0.5627641438596214
1,5,6,NaN
1,5,6,NaN
2,4,6,0.36374176270060876
1,5,6,0.08139481150030385
1,5,6,0.7808948524004466
1,5,6,0.3193104281105608
1,5,6,NaN
1,5,6,NaN
1,5,6,NaN
1,5,6,0.6826185730663652
1,5,6,NaN
1,5,6,0.08139481150030385
1,5,6,0.2795481783803956
1,5,6,NaN
2,4,6,0.05916634506716057
1,5,6,NaN
1,5,6,NaN
1,5,6,NaN
1,5,6,NaN
1,5,6,0.06984398440883517
1,5,6,0.06214251895973983
1,5,6,NaN
1,5,6,NaN
1,5,6,NaN
1,5,6,NaN
1,5,6,9.177428015019905e-5
1,5,6,NaN
1,5,6,0.09652246162613985
1,5,6,NaN
1,5,6,0.4586140219451372
2,4,6,NaN
1,5,6,NaN
1,5,6,NaN
1,5,6,0.8302287522477523
0,6,6,NaN
0,6,6,NaN
0,6,6,NaN
0,6,6,0.4586140219451372
0,6,6,1.5136932678917676e-5
0,6,6,0.02047424099865914
0,6,6,0.5614645349749803
0,6,6,0.8302287522477523
0,6,6,NaN
0,6,6,0.023715253851399134
0,6,6,NaN
0,6,6,0.8302287522477523
0,6,6,NaN
0,6,6,NaN
0,6,6,0.2795481783803956
0,6,6,0.24264763680520743
0,6,6,NaN
0,6,6,0.08139481150030385
0,6,6,NaN
0,6,6,NaN
0,6,6,0.5983910585585586
0,6,6,0.9475679371961635
0,6,6,NaN
0,6,6,NaN
0,6,6,NaN
0,6,6,0.49892383316175287
0,6,6,0.7808948524004466
0,6,6,NaN
0,6,6,NaN
0,6,6,NaN
0,6,6,0.13221071469067883
0,6,6,NaN
0,6,6,NaN
0,6,6,0.3771700803649643
0,6,6,0.09652246162613985
0,6,6,NaN
0,6,6,NaN
0,6,6,0.003214912144702669
0,6,6,NaN
0,6,6,NaN
0,6,6,NaN
0,6,6,0.15348760037464887
0,6,6,0.9574121554627333
0,6,6,NaN
0,6,6,NaN
0,6,6,0.7509979234994011
0,6,6,0.05966258060066938
0,6,6,0.13221071469067883
0,6,6,NaN
0,6,6,0.35055741112662414
0,6,6,0.5523648636569257
0,6,6,0.3199870736619535
0,6,6,NaN
0,6,6,0.718018997510644
0,6,6,NaN
0,6,6,NaN
0,6,6,NaN
0,6,6,NaN
0,6,6,NaN
0,6,6,0.11302026105487464
0,6,6,NaN
0,6,6,NaN
0,6,6,NaN
0,6,6,0.39514520209726234
0,6,6,NaN
0,6,6,0.8302287522477523
0,6,6,0.7509979234994011
0,6,6,NaN
0,6,6,NaN
0,6,6,0.8062781873736411
0,6,6,NaN
0,6,6,NaN
0,6,6,0.04263845043616167
0,6,6,NaN
0,6,6,NaN
0,6,6,NaN
0,6,6,NaN
0,6,6,0.2088844544951591
0,6,6,NaN
0,6,6,NaN
0,6,6,0.6826185730663652
0,6,6,NaN
0,6,6,NaN
0,6,6,NaN
0,6,6,NaN
0,6,6,0.4586140219451372
0,6,6,NaN
0,6,6,0.9659495665715027
0,6,6,0.7808948524004466
0,6,6,0.28514136853222927
0,6,6,NaN
0,6,6,NaN
0,6,6,0.7188460181803934
0,6,6,NaN
0,6,6,0.0503944665317212
0,6,6,0.9475679371961635
0,6,6,0.8302830622682094
0,6,6,NaN
0,6,6,NaN
0,6,6,NaN
0,6,6,0.08139481150030385
0,6,6,0.7509979234994011
0,6,6,0.08139481150030385
0,6,6,0.08139481150030385
0,6,6,0.44305679904553413
0,6,6,NaN
0,6,6,NaN
0,6,6,0.5523648636569257
0,6,6,0.2795481783803956
0,6,6,0.11302026105487464
0,6,6,NaN
0,6,6,0.0503944665317212
0,6,6,NaN
0,6,6,NaN
0,6,6,NaN
0,6,6,NaN
0,6,6,0.09652246162613985
0,6,6,0.5076524678986474
0,6,6,0.8535399985089294
0,6,6,NaN
0,6,6,0.14173400335563793
0,6,6,0.13221071469067883
0,6,6,NaN
0,6,6,0.36374176270060876
0,6,6,NaN
0,6,6,NaN
0,6,6,0.20610868071375793
0,6,6,0.13221071469067883
0,6,6,0.00220877136596021
0,6,6,0.15348760037464887
0,6,6,NaN
0,6,6,NaN
0,6,6,NaN
0,6,6,NaN
0,6,6,NaN
0,6,6,0.003214912144702669
0,6,6,NaN
0,6,6,0.029872040178527775
0,6,6,0.0503944665317212
0,6,6,0.02143073799725636
0,6,6,0.7727057020509507
0,6,6,0.029824284599219358
0,6,6,NaN
0,6,6,NaN
0,6,6,NaN
0,6,6,0.7108342369033389
0,6,6,NaN
0,6,6,0.62856471790716
0,6,6,0.4586140219451372
0,6,6,NaN
0,6,6,NaN
0,6,6,NaN
0,6,6,0.8723440292898591
0,6,6,NaN
0,6,6,NaN
0,6,6,NaN
0,6,6,0.3193104281105608
0,6,6,NaN
0,6,6,NaN
0,6,6,0.5076524678986474
0,6,6,0.9535838955074735
0,6,6,0.41042378787561506
0,6,6,0.3782498717433507
0,6,6,NaN
0,6,6,NaN
0,6,6,NaN
0,6,6,NaN
0,6,6,NaN
0,6,6,NaN
0,6,6,0.7509979234994011
0,6,6,NaN
0,6,6,NaN
0,6,6,0.2426068904918033
0,6,6,0.002127636923616425
0,6,6,0.18566800669632527
0,6,6,0.02026453355916382
0,6,6,0.13221071469067883
0,6,6,NaN
0,6,6,NaN
0,6,6,0.015089968713335646
0,6,6,0.2795481783803956
0,6,6,NaN
0,6,6,0.010813388187228557
0,6,6,0.9475679371961635
0,6,6,0.007704649812927888
0,6,6,NaN
0,6,6,NaN
0,6,6,NaN
0,6,6,0.8909590781505728
0,6,6,NaN
0,6,6,0.36374176270060876
0,6,6,0.5983910585585586
0,6,6,0.9475679371961635
0,6,6,NaN
0,6,6,0.00860264728312664
0,6,6,NaN
0,6,6,0.025396716993254218
0,6,6,NaN
0,6,6,NaN
0,6,6,NaN
0,6,6,0.9067597060883621
0,6,6,NaN
0,6,6,0.36374176270060876
0,6,6,NaN
0,6,6,NaN
0,6,6,0.6947084816011536
0,6,6,0.36374176270060876
0,6,6,NaN
0,6,6,NaN
0,6,6,NaN
0,6,6,NaN
0,6,6,NaN
0,6,6,NaN
0,6,6,0.2795481783803956
0,6,6,0.2112906420244658
0,6,6,NaN
0,6,6,0.7188460181803934
0,6,6,0.36374176270060876
0,6,6,NaN
0,6,6,0.5076524678986474
0,6,6,NaN
0,6,6,0.6826185730663652
0,6,6,NaN
0,6,6,0.10776113476103326
0,6,6,NaN
0,6,6,0.13221071469067883
0,6,6,NaN
0,6,6,0.13221071469067883
0,6,6,NaN
0,6,6,0.13221071469067883
0,6,6,NaN
0,6,6,0.19907586714237627
0,6,6,NaN
0,6,6,NaN
0,6,6,0.02143073799725636
0,6,6,NaN
0,6,6,NaN
0,6,6,NaN
0,6,6,0.642689094081309
0,6,6,0.41042378787561506
0,6,6,NaN
0,6,6,NaN
2,3,5,NaN
3,2,5,NaN
3,2,5,0.022514153359476784
1,4,5,NaN
4,1,5,NaN
2,3,5,NaN
4,1,5,NaN
4,1,5,NaN
4,1,5,NaN
5,0,5,NaN
3,2,5,0.06753146072351487
3,2,5,0.3193104281105608
5,0,5,NaN
4,1,5,0.41042378787561506
4,1,5,NaN
4,1,5,0.8302287522477523
5,0,5,NaN
2,3,5,0.4586140219451372
1,4,5,NaN
3,2,5,0.05916634506716057
3,2,5,0.003930060864272878
2,3,5,0.21518276705972056
1,4,5,0.7808948524004466
4,1,5,NaN
4,1,5,NaN
3,2,5,0.4586140219451372
2,3,5,NaN
2,3,5,NaN
1,4,5,NaN
3,2,5,NaN
3,2,5,0.9357857374272102
1,4,5,NaN
1,4,5,0.2088844544951591
3,2,5,0.8062781873736411
5,0,5,0.2088844544951591
4,1,5,NaN
4,1,5,NaN
4,1,5,NaN
2,3,5,0.7509979234994011
4,1,5,0.7808948524004466
4,1,5,0.5651933128706019
2,3,5,0.9184463550994023
3,2,5,0.3440021386732211
5,0,5,0.004712440902467837
5,0,5,NaN
4,1,5,NaN
4,1,5,0.5223167285410882
3,2,5,0.3193104281105608
3,2,5,NaN
3,2,5,NaN
3,2,5,0.07399659879195784
3,2,5,0.36374176270060876
5,0,5,0.6365219153875292
5,0,5,NaN
1,4,5,NaN
2,3,5,0.9067597060883621
3,2,5,0.00860264728312664
4,1,5,NaN
4,1,5,0.02143073799725636
1,4,5,NaN
3,2,5,0.2795481783803956
3,2,5,NaN
3,2,5,0.642689094081309
5,0,5,0.3193104281105608
5,0,5,NaN
2,3,5,NaN
4,1,5,0.36374176270060876
3,2,5,0.8723440292898591
3,2,5,NaN
4,1,5,NaN
3,2,5,0.6826185730663652
1,4,5,NaN
3,2,5,NaN
3,2,5,NaN
2,3,5,NaN
2,3,5,NaN
3,2,5,NaN
2,3,5,NaN
5,0,5,0.023750374639650598
3,2,5,NaN
5,0,5,NaN
3,2,5,NaN
4,1,5,NaN
3,2,5,NaN
5,0,5,0.5076524678986474
5,0,5,0.2426068904918033
3,2,5,9.546956432203653e-5
5,0,5,0.0301931349439445
3,2,5,NaN
4,1,5,NaN
5,0,5,NaN
3,2,5,0.08139481150030385
2,3,5,NaN
2,3,5,NaN
5,0,5,NaN
2,3,5,0.11518815992355043
1,4,5,NaN
2,3,5,NaN
3,2,5,NaN
4,1,5,NaN
4,1,5,NaN
2,3,5,0.642689094081309
5,0,5,NaN
5,0,5,0.6858492571519352
2,3,5,NaN
1,4,5,NaN
3,2,5,0.03573862828111791
5,0,5,NaN
4,1,5,0.642689094081309
2,3,5,NaN
3,2,5,NaN
4,1,5,NaN
3,2,5,NaN
2,3,5,NaN
2,3,5,NaN
3,2,5,NaN
4,1,5,NaN
5,0,5,0.11302026105487464
4,1,5,0.03744155143953566
3,2,5,0.48034970863649584
2,3,5,0.005634571703672751
5,0,5,0.015089968713335646
4,1,5,0.982714305588206
3,2,5,0.05484558585571953
2,3,5,NaN
2,3,5,NaN
5,0,5,NaN
3,2,5,0.9659495665715027
2,3,5,0.11622861426660984
5,0,5,NaN
5,0,5,0.2795481783803956
4,1,5,NaN
3,2,5,0.7509979234994011
4,1,5,NaN
3,2,5,NaN
3,2,5,0.9357857374272102
3,2,5,NaN
1,4,5,0.3193104281105608
4,1,5,0.02143073799725636
5,0,5,NaN
5,0,5,0.029824284599219358
3,2,5,0.13221071469067883
3,2,5,NaN
1,4,5,NaN
3,2,5,NaN
2,3,5,NaN
4,1,5,0.11302026105487464
2,3,5,0.7188460181803934
5,0,5,NaN
5,0,5,NaN
5,0,5,0.0503944665317212
2,3,5,0.0037756621689325177
3,2,5,NaN
2,3,5,0.1791109280893668
2,3,5,0.017652975182271186
4,1,5,NaN
3,2,5,NaN
4,1,5,NaN
1,4,5,0.9067597060883621
5,0,5,NaN
3,2,5,NaN
5,0,5,NaN
2,3,5,0.11302026105487464
2,3,5,NaN
3,2,5,0.922423104079044
3,2,5,0.13221071469067883
1,4,5,0.41042378787561506
2,3,5,0.002477370786516876
2,3,5,NaN
5,0,5,NaN
5,0,5,NaN
1,4,5,NaN
2,3,5,NaN
4,1,5,0.04263845043616167
4,1,5,0.1791109280893668
2,3,5,0.9202521245921427
4,1,5,0.2088844544951591
2,3,5,0.04051678026109166
2,3,5,NaN
3,2,5,0.1791109280893668
1,4,5,0.5523648636569257
4,1,5,NaN
2,3,5,NaN
4,1,5,0.3804292799866765
3,2,5,0.6826185730663652
5,0,5,0.981236864265928
5,0,5,0.25543597244537936
2,3,5,0.5523648636569257
1,4,5,0.028623464275829975
3,2,5,0.8723440292898591
5,0,5,NaN
1,4,5,NaN
1,4,5,0.11071212681052357
2,3,5,0.5983910585585586
3,2,5,NaN
4,1,5,NaN
3,2,5,NaN
2,3,5,NaN
3,2,5,NaN
2,3,5,0.642689094081309
4,1,5,0.002304473095453307
3,2,5,0.04586026942696659
2,3,5,NaN
3,2,5,0.08139481150030385
4,1,5,NaN
4,1,5,0.7509979234994011
3,2,5,0.5983910585585586
2,3,5,NaN
5,0,5,0.5315862019114886
3,2,5,NaN
5,0,5,NaN
1,4,5,NaN
2,3,5,NaN
2,3,5,0.8012132539784661
2,3,5,NaN
5,0,5,NaN
5,0,5,NaN
4,1,5,0.7188460181803934
2,3,5,NaN
3,2,5,NaN
5,0,5,0.4232468654287105
5,0,5,NaN
5,0,5,0.008199474725361304
5,0,5,0.8535399985089294
4,1,5,0.06984398440883517
1,4,5,0.0503944665317212
1,4,5,0.259026836012759
1,4,5,NaN
5,0,5,NaN
4,1,5,NaN
2,3,5,0.297434731070703
1,4,5,0.5523648636569257
2,3,5,0.11302026105487464
3,2,5,0.03573862828111791
4,1,5,NaN
4,1,5,NaN
2,3,5,NaN
2,3,5,NaN
1,4,5,NaN
1,4,5,0.7188460181803934
4,1,5,0.05272162674471817
3,2,5,NaN
4,1,5,0.0006818633254618377
3,2,5,5.6971108322410734e-5
1,4,5,NaN
1,4,5,0.7729660811890191
4,1,5,NaN
2,3,5,NaN
5,0,5,NaN
3,2,5,NaN
2,3,5,0.06996441858252744
3,2,5,0.7808948524004466
5,0,5,0.0586359857465287
4,1,5,0.04263845043616167
4,1,5,0.41042378787561506
5,0,5,0.41042378787561506
5,0,5,NaN
2,3,5,0.4509523635122677
4,1,5,0.7876047692022679
3,2,5,NaN
3,2,5,0.6826185730663652
2,3,5,0.006770900559713291
4,1,5,NaN
4,1,5,NaN
1,4,5,NaN
3,2,5,0.5983910585585586
4,1,5,0.36374176270060876
3,2,5,NaN
5,0,5,NaN
2,3,5,0.7495075430661315
2,3,5,0.8535399985089294
1,4,5,NaN
2,3,5,NaN
2,3,5,NaN
4,1,5,0.05916634506716057
2,3,5,0.5696154311870477
4,1,5,0.8909590781505728
5,0,5,0.7188460181803934
1,4,5,0.003140797803394368
4,1,5,NaN
3,2,5,NaN
1,4,5,NaN
4,1,5,0.9067597060883621
5,0,5,NaN
3,2,5,0.09652246162613985
3,2,5,NaN
3,2,5,0.6284502294968062
2,3,5,0.029824284599219358
3,2,5,NaN
4,1,5,NaN
3,2,5,0.36374176270060876
5,0,5,0.00860264728312664
3,2,5,NaN
3,2,5,NaN
5,0,5,NaN
1,4,5,NaN
4,1,5,0.001928365454453316
4,1,5,NaN
4,1,5,NaN
4,1,5,NaN
3,2,5,0.8909590781505728
3,2,5,NaN
5,0,5,0.05916634506716057
1,4,5,NaN
5,0,5,0.41042378787561506
4,1,5,0.4819785583957713
3,2,5,0.08139481150030385
2,3,5,0.9620962962975275
4,1,5,0.642689094081309
3,2,5,0.9574121554627333
4,1,5,NaN
2,3,5,0.3193104281105608
1,4,5,NaN
2,3,5,NaN
3,2,5,0.7822433197015767
2,3,5,NaN
3,2,5,NaN
4,1,5,0.8723440292898591
3,2,5,0.012741653266331953
3,2,5,0.5523648636569257
2,3,5,0.6651445388456798
3,2,5,NaN
3,2,5,0.007114009197751627
4,1,5,0.7808948524004466
4,1,5,0.01846599211423401
3,2,5,NaN
4,1,5,NaN
3,2,5,NaN
4,1,5,0.3782498717433507
2,3,5,0.7509979234994011
1,4,5,0.8302287522477523
5,0,5,0.9370684512934084
4,1,5,0.02885640673531563
5,0,5,NaN
5,0,5,NaN
4,1,5,NaN
5,0,5,0.01050871192496647
2,3,5,0.9947781118965269
5,0,5,NaN
2,3,5,0.36374176270060876
3,2,5,NaN
3,2,5,0.3193104281105608
4,1,5,NaN
5,0,5,0.9357857374272102
2,3,5,NaN
2,3,5,NaN
5,0,5,NaN
4,1,5,NaN
5,0,5,NaN
3,2,5,NaN
5,0,5,NaN
4,1,5,0.006770900559713291
5,0,5,NaN
5,0,5,0.7808948524004466
3,2,5,NaN
2,3,5,0.003214912144702669
1,4,5,0.025396716993254218
4,1,5,NaN
4,1,5,0.15073155732939308
4,1,5,0.7869339673846486
5,0,5,NaN
3,2,5,0.6780987058004081
4,1,5,NaN
4,1,5,NaN
4,1,5,0.11302026105487464
3,2,5,NaN
4,1,5,0.06984398440883517
1,4,5,NaN
3,2,5,0.7697403801565411
2,3,5,0.025697737077583098
2,3,5,NaN
4,1,5,NaN
3,2,5,NaN
5,0,5,NaN
4,1,5,0.05916634506716057
4,1,5,0.5076524678986474
5,0,5,NaN
1,4,5,NaN
4,1,5,NaN
4,1,5,NaN
5,0,5,0.04263845043616167
2,3,5,NaN
2,3,5,0.5983910585585586
3,2,5,NaN
3,2,5,0.41042378787561506
3,2,5,3.700010556468901e-5
4,1,5,NaN
3,2,5,NaN
2,3,5,NaN
2,3,5,0.2826458585154302
3,2,5,NaN
1,4,5,0.981236864265928
4,1,5,NaN
1,4,5,0.9925883253395366
3,2,5,0.5505805437872651
3,2,5,NaN
2,3,5,0.3969410485875276
5,0,5,NaN
1,4,5,NaN
5,0,5,0.5523648636569257
4,1,5,0.06984398440883517
2,3,5,0.41042378787561506
3,2,5,NaN
5,0,5,NaN
3,2,5,0.029824284599219358
3,2,5,0.8535399985089294
4,1,5,NaN
5,0,5,NaN
4,1,5,NaN
3,2,5,0.05916634506716057
5,0,5,NaN
3,2,5,NaN
5,0,5,NaN
3,2,5,NaN
4,1,5,0.3193104281105608
3,2,5,0.41042378787561506
3,2,5,NaN
4,1,5,1.2964930280701715e-9
2,3,5,NaN
3,2,5,NaN
3,2,5,0.3193104281105608
3,2,5,0.001683203910170714
3,2,5,NaN
2,3,5,0.9741337647667054
4,1,5,NaN
4,1,5,NaN
3,2,5,0.2426068904918033
1,4,5,0.5076524678986474
1,4,5,0.029824284599219358
4,1,5,0.03573862828111791
2,3,5,NaN
3,2,5,NaN
2,3,5,NaN
2,3,5,NaN
4,1,5,NaN
5,0,5,0.11302026105487464
5,0,5,NaN
4,1,5,0.28937051218697774
2,3,5,0.9925883253395366
2,3,5,NaN
3,2,5,NaN
4,1,5,0.5523648636569257
4,1,5,NaN
5,0,5,0.5523648636569257
1,4,5,0.8062781873736411
2,3,5,0.6076915193926772
4,1,5,NaN
5,0,5,NaN
3,2,5,NaN
3,2,5,NaN
3,2,5,NaN
3,2,5,NaN
3,2,5,0.6216521463069983
4,1,5,0.8723440292898591
2,3,5,0.8732592661138374
3,2,5,NaN
3,2,5,NaN
3,2,5,0.9741337647667054
1,4,5,NaN
3,2,5,NaN
3,2,5,NaN
1,4,5,NaN
2,3,5,0.3129637722397584
4,1,5,0.1507288277158161
5,0,5,NaN
1,4,5,0.15348760037464887
1,4,5,0.18739855256050647
4,1,5,0.017809239281788392
1,4,5,0.3193104281105608
4,1,5,0.02143073799725636
4,1,5,0.003214912144702669
1,4,5,NaN
5,0,5,0.11302026105487464
3,2,5,0.0028191935065476252
5,0,5,0.017809239281788392
2,3,5,0.5983910585585586
3,2,5,0.7188460181803934
3,2,5,NaN
3,2,5,NaN
4,1,5,0.8561852817818494
1,4,5,NaN
2,3,5,NaN
4,1,5,NaN
3,2,5,0.009027860792153942
3,2,5,NaN
3,2,5,NaN
2,3,5,0.025396716993254218
3,2,5,NaN
4,1,5,NaN
2,3,5,NaN
2,3,5,0.15348760037464887
3,2,5,0.9741337647667054
3,2,5,NaN
3,2,5,NaN
2,3,5,0.000603286735098502
1,4,5,NaN
4,1,5,NaN
2,3,5,NaN
2,3,5,0.08139481150030385
4,1,5,0.8062781873736411
4,1,5,NaN
3,2,5,0.8302287522477523
3,2,5,NaN
4,1,5,NaN
2,3,5,0.9859421773727781
3,2,5,0.12177260419283265
4,1,5,0.5523648636569257
5,0,5,NaN
4,1,5,NaN
4,1,5,0.36374176270060876
2,3,5,NaN
1,4,5,0.5983910585585586
4,1,5,NaN
1,4,5,NaN
4,1,5,NaN
1,4,5,0.017809239281788392
4,1,5,0.03573862828111791
2,3,5,0.09652246162613985
2,3,5,NaN
3,2,5,0.04263845043616167
4,1,5,0.06623234046470323
1,4,5,0.8062781873736411
5,0,5,0.0503944665317212
4,1,5,NaN
4,1,5,0.2088844544951591
2,3,5,NaN
2,3,5,NaN
3,2,5,NaN
2,3,5,NaN
3,2,5,0.01882044799785663
4,1,5,NaN
4,1,5,0.5523648636569257
2,3,5,0.002477370786516876
4,1,5,0.15590930242274723
3,2,5,NaN
2,3,5,NaN
2,3,5,0.7188460181803934
3,2,5,0.5076524678986474
2,3,5,0.0762028173132243
3,2,5,NaN
5,0,5,NaN
2,3,5,0.7188460181803934
4,1,5,0.22657716692517876
4,1,5,NaN
3,2,5,NaN
1,4,5,0.27511684499165373
3,2,5,NaN
1,4,5,0.15348760037464887
4,1,5,0.2426068904918033
2,3,5,0.23035644557879284
3,2,5,0.5523648636569257
4,1,5,NaN
3,2,5,NaN
4,1,5,NaN
4,1,5,NaN
3,2,5,NaN
1,4,5,0.3193104281105608
1,4,5,NaN
4,1,5,NaN
3,2,5,0.9582775808893631
3,2,5,0.3193104281105608
2,3,5,NaN
4,1,5,NaN
4,1,5,NaN
3,2,5,0.002477370786516876
2,3,5,NaN
3,2,5,0.01050871192496647
5,0,5,0.00524682414364292
4,1,5,0.06984398440883517
1,4,5,0.9357857374272102
2,3,5,NaN
2,3,5,NaN
5,0,5,NaN
4,1,5,0.7188460181803934
4,1,5,NaN
3,2,5,NaN
3,2,5,0.6826185730663652
3,2,5,0.8062781873736411
2,3,5,NaN
2,3,5,NaN
1,4,5,NaN
2,3,5,NaN
3,2,5,0.6826185730663652
3,2,5,NaN
4,1,5,NaN
2,3,5,0.36374176270060876
2,3,5,NaN
2,3,5,0.5085731658853463
1,4,5,0.7808948524004466
3,2,5,0.04470173761416834
3,2,5,0.0586359857465287
5,0,5,0.01050871192496647
4,1,5,0.0503944665317212
5,0,5,NaN
2,3,5,0.5076524678986474
3,2,5,NaN
3,2,5,NaN
2,3,5,NaN
4,1,5,0.981236864265928
3,2,5,NaN
3,2,5,NaN
3,2,5,NaN
4,1,5,NaN
3,2,5,NaN
3,2,5,0.4586140219451372
1,4,5,0.1602166518274424
2,3,5,NaN
4,1,5,0.642689094081309
1,4,5,NaN
4,1,5,0.9799039287416254
2,3,5,0.5523648636569257
4,1,5,NaN
4,1,5,NaN
2,3,5,NaN
2,3,5,0.9741337647667054
2,3,5,NaN
3,2,5,0.3193104281105608
4,1,5,0.9859421773727781
4,1,5,NaN
4,1,5,NaN
1,4,5,0.2795481783803956
4,1,5,0.4586140219451372
3,2,5,0.5983910585585586
5,0,5,NaN
5,0,5,NaN
2,3,5,NaN
3,2,5,0.8062781873736411
4,1,5,0.07452475029607389
1,4,5,NaN
5,0,5,NaN
3,2,5,NaN
1,4,5,0.5983910585585586
4,1,5,0.012741653266331953
2,3,5,0.2618936890146383
4,1,5,0.4586140219451372
2,3,5,0.025396716993254218
2,3,5,0.008439269260388576
1,4,5,NaN
1,4,5,0.2795481783803956
1,4,5,NaN
5,0,5,NaN
2,3,5,0.642689094081309
3,2,5,0.8723440292898591
3,2,5,0.44590523132693405
2,3,5,0.11302026105487464
5,0,5,NaN
5,0,5,NaN
4,1,5,0.8909590781505728
2,3,5,0.029824284599219358
1,4,5,NaN
2,3,5,0.07402936055044901
2,3,5,NaN
2,3,5,NaN
3,2,5,0.41042378787561506
1,4,5,0.005634571703672751
4,1,5,0.5127779956941191
2,3,5,0.41042378787561506
5,0,5,0.8062781873736411
4,1,5,NaN
2,3,5,0.9917440368969269
4,1,5,NaN
5,0,5,NaN
2,3,5,0.09652246162613985
3,2,5,0.9067597060883621
4,1,5,0.8723440292898591
4,1,5,NaN
3,2,5,0.001470921095008115
5,0,5,NaN
2,3,5,0.06984398440883517
1,4,5,NaN
4,1,5,0.7188460181803934
4,1,5,0.8745763650111176
3,2,5,0.005634571703672751
5,0,5,NaN
2,3,5,NaN
4,1,5,NaN
1,4,5,0.14459169089435114
3,2,5,0.04263845043616167
1,4,5,NaN
1,4,5,NaN
2,3,5,NaN
2,3,5,NaN
1,4,5,NaN
3,2,5,0.748792122708687
1,4,5,0.2088844544951591
3,2,5,0.3510841961080117
2,3,5,0.7188460181803934
5,0,5,NaN
4,1,5,NaN
5,0,5,0.11302026105487464
4,1,5,0.2088844544951591
4,1,5,0.36374176270060876
5,0,5,0.03573862828111791
3,2,5,0.08562647313259962
1,4,5,NaN
4,1,5,NaN
2,3,5,NaN
4,1,5,0.36374176270060876
3,2,5,0.01050871192496647
4,1,5,NaN
5,0,5,NaN
4,1,5,0.04805844630852978
3,2,5,0.6826185730663652
5,0,5,NaN
4,1,5,NaN
4,1,5,NaN
2,3,5,0.31057181548614277
3,2,5,0.4586140219451372
3,2,5,NaN
5,0,5,0.2795481783803956
5,0,5,0.7808948524004466
3,2,5,NaN
4,1,5,0.8429544588585163
4,1,5,NaN
3,2,5,0.41042378787561506
5,0,5,0.08938001634677822
2,3,5,0.4509523635122677
3,2,5,0.5076524678986474
3,2,5,0.6747310753307035
1,4,5,0.8062781873736411
5,0,5,NaN
2,3,5,0.09652246162613985
4,1,5,0.11302026105487464
3,2,5,0.03573862828111791
1,4,5,NaN
1,4,5,0.025396716993254218
4,1,5,NaN
3,2,5,0.748792122708687
3,2,5,0.2426068904918033
3,2,5,NaN
3,2,5,0.7752528494983199
4,1,5,0.41042378787561506
2,3,5,0.6826185730663652
2,3,5,NaN
2,3,5,NaN
1,4,5,0.019172557178278506
2,3,5,NaN
2,3,5,0.340467955457556
5,0,5,NaN
3,2,5,0.8723440292898591
2,3,5,NaN
2,3,5,0.1791109280893668
3,2,5,0.7188460181803934
2,3,5,0.5983910585585586
2,3,5,0.10489745958455866
4,1,5,NaN
4,1,5,NaN
3,2,5,0.10014446816189318
3,2,5,0.28937051218697774
1,4,5,NaN
2,3,5,NaN
4,1,5,NaN
1,4,5,0.587492322069223
1,4,5,0.7509979234994011
3,2,5,NaN
2,3,5,NaN
2,3,5,0.41042378787561506
3,2,5,0.06365871119916561
2,3,5,0.0503944665317212
2,3,5,0.4572213014882114
4,1,5,0.9357857374272102
1,4,5,NaN
1,4,5,NaN
3,2,5,0.642689094081309
3,2,5,NaN
4,1,5,NaN
5,0,5,NaN
3,2,5,0.9659495665715027
3,2,5,0.642689094081309
3,2,5,0.006770900559713291
5,0,5,0.1791109280893668
5,0,5,NaN
5,0,5,0.642689094081309
2,3,5,NaN
2,3,5,0.7942640215209541
2,3,5,0.44971895964583936
2,3,5,NaN
4,1,5,0.35916688923175255
3,2,5,NaN
5,0,5,NaN
5,0,5,NaN
2,3,5,NaN
3,2,5,0.8302287522477523
4,1,5,NaN
3,2,5,0.2958077225834559
5,0,5,0.006828264694448636
4,1,5,NaN
4,1,5,0.06984398440883517
1,4,5,NaN
5,0,5,NaN
4,1,5,NaN
2,3,5,NaN
2,3,5,NaN
2,3,5,NaN
5,0,5,NaN
1,4,5,NaN
1,4,5,0.1791109280893668
4,1,5,NaN
4,1,5,NaN
4,1,5,NaN
2,3,5,NaN
3,2,5,NaN
5,0,5,0.2426068904918033
2,3,5,0.003214912144702669
5,0,5,0.6826185730663652
2,3,5,0.642689094081309
3,2,5,NaN
3,2,5,NaN
4,1,5,NaN
1,4,5,NaN
3,2,5,0.7200230968449273
5,0,5,0.6826185730663652
4,1,5,0.2426068904918033
1,4,5,0.00038284861878394724
1,4,5,0.7509979234994011
2,3,5,0.6826185730663652
5,0,5,0.5076524678986474
5,0,5,0.9574121554627333
3,2,5,0.22049299398397887
4,1,5,0.5674107172508536
5,0,5,0.05916634506716057
2,3,5,0.4586140219451372
3,2,5,NaN
4,1,5,0.2795481783803956
3,2,5,NaN
5,0,5,NaN
3,2,5,0.011169655464910673
3,2,5,0.09652246162613985
2,3,5,0.36374176270060876
3,2,5,NaN
4,1,5,NaN
5,0,5,0.1791109280893668
5,0,5,0.15348760037464887
3,2,5,0.002799347354138233
3,2,5,NaN
3,2,5,0.7509979234994011
3,2,5,NaN
3,2,5,NaN
4,1,5,0.003214912144702669
2,3,5,NaN
1,4,5,0.015089968713335646
2,3,5,0.45590352079354474
3,2,5,NaN
1,4,5,NaN
1,4,5,0.0503944665317212
2,3,5,NaN
1,4,5,NaN
2,3,5,0.3193104281105608
3,2,5,0.5523648636569257
2,3,5,NaN
1,4,5,0.08699386357691172
4,1,5,NaN
2,3,5,NaN
4,1,5,0.8535399985089294
5,0,5,0.41042378787561506
2,3,5,0.9475679371961635
2,3,5,0.7188460181803934
5,0,5,NaN
3,2,5,0.03573862828111791
3,2,5,0.9067597060883621
4,1,5,NaN
2,3,5,NaN
4,1,5,0.5076524678986474
5,0,5,NaN
3,2,5,0.9469520766810117
3,2,5,0.3193104281105608
5,0,5,0.7808948524004466
3,2,5,NaN
4,1,5,0.15724194830956753
2,3,5,NaN
3,2,5,0.2600000809364467
2,3,5,0.48152378233972265
3,2,5,NaN
1,4,5,NaN
2,3,5,NaN
2,3,5,NaN
1,4,5,NaN
2,3,5,NaN
4,1,5,0.9067597060883621
4,1,5,0.5117966881836279
3,2,5,0.03573862828111791
5,0,5,NaN
2,3,5,NaN
3,2,5,0.2795481783803956
2,3,5,0.7188460181803934
3,2,5,NaN
3,2,5,NaN
3,2,5,NaN
5,0,5,0.05916634506716057
2,3,5,NaN
4,1,5,NaN
5,0,5,0.08139481150030385
3,2,5,0.303667340485516
5,0,5,0.642689094081309
2,3,5,NaN
1,4,5,0.5983910585585586
2,3,5,NaN
2,3,5,0.6826185730663652
4,1,5,0.5076524678986474
2,3,5,NaN
2,3,5,NaN
3,2,5,NaN
1,4,5,0.06984398440883517
5,0,5,NaN
2,3,5,NaN
4,1,5,NaN
3,2,5,NaN
2,3,5,NaN
1,4,5,NaN
5,0,5,NaN
3,2,5,0.06984398440883517
3,2,5,0.29536578456422036
1,4,5,NaN
2,3,5,0.029824284599219358
1,4,5,NaN
2,3,5,NaN
3,2,5,0.3193104281105608
3,2,5,0.15348760037464887
2,3,5,0.10470367579029446
1,4,5,NaN
2,3,5,0.007114009197751627
3,2,5,NaN
4,1,5,0.5523648636569257
2,3,5,0.5523648636569257
2,3,5,0.8104681150067992
3,2,5,0.9335143352995943
5,0,5,0.6580295140063044
2,3,5,0.2795481783803956
3,2,5,0.9745477572106717
4,1,5,NaN
5,0,5,NaN
3,2,5,0.13221071469067883
3,2,5,0.2426068904918033
2,3,5,NaN
2,3,5,0.8909590781505728
3,2,5,0.4675860911104037
4,1,5,0.7188460181803934
4,1,5,0.22755754340892642
3,2,5,0.6066141231482544
1,4,5,0.4586140219451372
3,2,5,0.7794380416376637
1,4,5,NaN
4,1,5,0.6516195708933747
3,2,5,NaN
2,3,5,NaN
4,1,5,0.6223088929268148
1,4,5,NaN
2,3,5,NaN
5,0,5,0.0020307119803642964
1,4,5,NaN
1,4,5,0.2375163974144539
3,2,5,NaN
3,2,5,NaN
2,3,5,0.8723440292898591
2,3,5,NaN
2,3,5,NaN
3,2,5,0.01050871192496647
3,2,5,NaN
3,2,5,NaN
3,2,5,NaN
2,3,5,0.010581977367250927
3,2,5,NaN
4,1,5,NaN
3,2,5,0.7509979234994011
3,2,5,NaN
2,3,5,0.8062781873736411
2,3,5,0.7188460181803934
3,2,5,0.1285455441123512
4,1,5,NaN
1,4,5,0.36374176270060876
5,0,5,0.8062781873736411
3,2,5,0.2426068904918033
1,4,5,NaN
2,3,5,0.36374176270060876
3,2,5,0.8535399985089294
2,3,5,NaN
4,1,5,NaN
4,1,5,0.4586140219451372
3,2,5,NaN
5,0,5,NaN
1,4,5,NaN
2,3,5,0.9067597060883621
2,3,5,0.41042378787561506
5,0,5,NaN
4,1,5,0.3193104281105608
1,4,5,0.41042378787561506
5,0,5,NaN
2,3,5,0.2795481783803956
1,4,5,0.2088844544951591
1,4,5,0.41042378787561506
4,1,5,0.7808948524004466
4,1,5,NaN
3,2,5,NaN
4,1,5,NaN
4,1,5,NaN
2,3,5,NaN
2,3,5,NaN
3,2,5,NaN
3,2,5,0.5076524678986474
3,2,5,0.0503944665317212
5,0,5,NaN
4,1,5,0.7188460181803934
1,4,5,0.0025251222453620934
4,1,5,0.41042378787561506
5,0,5,NaN
3,2,5,NaN
4,1,5,1.0921280537815106e-6
3,2,5,NaN
4,1,5,NaN
3,2,5,0.2426068904918033
4,1,5,0.36374176270060876
5,0,5,0.7509979234994011
2,3,5,NaN
1,4,5,0.8062781873736411
3,2,5,NaN
1,4,5,0.340467955457556
4,1,5,NaN
2,3,5,0.14677736121262797
4,1,5,NaN
1,4,5,0.8723440292898591
1,4,5,0.5523648636569257
2,3,5,NaN
3,2,5,NaN
5,0,5,0.9067597060883621
3,2,5,0.7509979234994011
4,1,5,NaN
3,2,5,0.07500557586252883
4,1,5,0.029824284599219358
3,2,5,0.11302026105487464
3,2,5,NaN
2,3,5,NaN
2,3,5,NaN
3,2,5,NaN
5,0,5,NaN
3,2,5,0.12411242582549202
1,4,5,NaN
4,1,5,0.3193104281105608
3,2,5,0.3673811938869531
3,2,5,0.2088844544951591
3,2,5,0.6863779258417763
3,2,5,NaN
3,2,5,0.41042378787561506
2,3,5,0.43899234686437355
1,4,5,0.7188460181803934
2,3,5,NaN
4,1,5,NaN
1,4,5,0.922423104079044
2,3,5,0.981236864265928
4,1,5,NaN
1,4,5,NaN
3,2,5,NaN
5,0,5,0.25637911024700605
2,3,5,0.04263845043616167
2,3,5,NaN
2,3,5,NaN
3,2,5,0.16741984225704146
3,2,5,NaN
2,3,5,NaN
2,3,5,0.5523648636569257
3,2,5,NaN
2,3,5,0.8535399985089294
3,2,5,NaN
2,3,5,0.05227536144780493
3,2,5,0.8535399985089294
5,0,5,0.029824284599219358
3,2,5,0.41042378787561506
3,2,5,NaN
1,4,5,0.0019201640982853805
2,3,5,0.8302287522477523
2,3,5,NaN
2,3,5,NaN
2,3,5,NaN
5,0,5,0.7509979234994011
2,3,5,0.5983910585585586
4,1,5,NaN
2,3,5,NaN
1,4,5,0.01050871192496647
5,0,5,0.5523648636569257
2,3,5,NaN
5,0,5,NaN
2,3,5,0.5983910585585586
3,2,5,NaN
1,4,5,NaN
2,3,5,NaN
3,2,5,0.7509979234994011
5,0,5,NaN
3,2,5,NaN
1,4,5,0.8062781873736411
2,3,5,0.1791109280893668
4,1,5,0.3193104281105608
2,3,5,NaN
2,3,5,NaN
4,1,5,0.09047460704433037
2,3,5,NaN
3,2,5,NaN
2,3,5,NaN
2,3,5,NaN
4,1,5,NaN
2,3,5,0.7431326994811255
3,2,5,0.025396716993254218
2,3,5,0.7106310196754363
2,3,5,0.47185074054765025
2,3,5,NaN
2,3,5,NaN
1,4,5,0.4586140219451372
5,0,5,NaN
2,3,5,NaN
2,3,5,NaN
5,0,5,0.41042378787561506
3,2,5,NaN
2,3,5,0.8302287522477523
4,1,5,0.1791109280893668
2,3,5,0.08139481150030385
2,3,5,NaN
5,0,5,NaN
3,2,5,0.5983910585585586
1,4,5,NaN
5,0,5,0.1791109280893668
2,3,5,0.06540073433784215
4,1,5,NaN
4,1,5,0.15348760037464887
4,1,5,0.6826185730663652
2,3,5,NaN
2,3,5,NaN
2,3,5,0.2826458585154302
2,3,5,NaN
3,2,5,NaN
2,3,5,0.08139481150030385
2,3,5,NaN
4,1,5,NaN
1,4,5,0.8535399985089294
4,1,5,0.36374176270060876
3,2,5,0.04263845043616167
2,3,5,0.9357857374272102
4,1,5,0.8062781873736411
2,3,5,0.7808948524004466
5,0,5,NaN
3,2,5,NaN
5,0,5,0.642689094081309
1,4,5,0.13221071469067883
1,4,5,NaN
1,4,5,NaN
1,4,5,0.2426068904918033
1,4,5,NaN
3,2,5,0.3193104281105608
4,1,5,NaN
3,2,5,NaN
5,0,5,0.9996284175028579
1,4,5,NaN
4,1,5,NaN
3,2,5,0.03573862828111791
1,4,5,0.5523648636569257
2,3,5,0.41042378787561506
3,2,5,NaN
4,1,5,NaN
3,2,5,NaN
4,1,5,NaN
2,3,5,0.11302026105487464
1,4,5,NaN
3,2,5,NaN
5,0,5,NaN
5,0,5,NaN
1,4,5,NaN
3,2,5,0.06540073433784215
1,4,5,NaN
2,3,5,NaN
2,3,5,NaN
2,3,5,NaN
1,4,5,NaN
5,0,5,0.47053550254983106
1,4,5,NaN
4,1,5,0.2088844544951591
2,3,5,NaN
5,0,5,NaN
4,1,5,0.2426068904918033
1,4,5,NaN
5,0,5,0.9475679371961635
3,2,5,0.2088844544951591
3,2,5,0.6858539065761025
2,3,5,NaN
1,4,5,NaN
4,1,5,NaN
3,2,5,NaN
2,3,5,0.36374176270060876
5,0,5,0.11302026105487464
4,1,5,NaN
1,4,5,NaN
3,2,5,NaN
2,3,5,0.8062781873736411
2,3,5,0.2848950869586113
3,2,5,NaN
3,2,5,NaN
5,0,5,0.9925883253395366
4,1,5,0.029824284599219358
4,1,5,NaN
4,1,5,NaN
4,1,5,NaN
3,2,5,NaN
2,3,5,NaN
3,2,5,NaN
4,1,5,NaN
2,3,5,NaN
1,4,5,0.7948767498222545
3,2,5,0.6826185730663652
1,4,5,0.41042378787561506
2,3,5,NaN
4,1,5,NaN
1,4,5,NaN
4,1,5,NaN
3,2,5,0.29536578456422036
3,2,5,NaN
4,1,5,0.41042378787561506
2,3,5,NaN
2,3,5,NaN
2,3,5,NaN
2,3,5,NaN
2,3,5,NaN
3,2,5,0.085078133706641
3,2,5,0.41042378787561506
3,2,5,0.3193104281105608
3,2,5,0.6826185730663652
2,3,5,NaN
4,1,5,0.7188460181803934
1,4,5,NaN
3,2,5,NaN
2,3,5,0.04263845043616167
5,0,5,NaN
4,1,5,0.11302026105487464
4,1,5,NaN
5,0,5,0.7188460181803934
1,4,5,NaN
2,3,5,0.4586140219451372
5,0,5,NaN
4,1,5,0.8302287522477523
3,2,5,0.8062781873736411
1,4,5,NaN
5,0,5,0.003990675437573615
2,3,5,0.010338935426917478
2,3,5,0.4586140219451372
4,1,5,NaN
1,4,5,0.22049299398397887
3,2,5,NaN
1,4,5,NaN
4,1,5,NaN
1,4,5,0.5298102845711151
1,4,5,NaN
2,3,5,NaN
1,4,5,NaN
3,2,5,0.5523648636569257
1,4,5,NaN
3,2,5,NaN
2,3,5,0.2795481783803956
5,0,5,0.8062781873736411
4,1,5,NaN
4,1,5,NaN
2,3,5,NaN
4,1,5,0.0503944665317212
4,1,5,NaN
1,4,5,0.13221071469067883
2,3,5,0.8909590781505728
3,2,5,0.7794380416376637
1,4,5,NaN
5,0,5,0.8723440292898591
3,2,5,0.36374176270060876
1,4,5,NaN
4,1,5,0.06540073433784215
3,2,5,NaN
2,3,5,NaN
2,3,5,0.003214912144702669
2,3,5,NaN
2,3,5,0.002799347354138233
2,3,5,NaN
3,2,5,NaN
4,1,5,NaN
5,0,5,NaN
2,3,5,NaN
1,4,5,0.23443636948631028
3,2,5,0.00045345956513565976
5,0,5,0.9067597060883621
1,4,5,NaN
5,0,5,NaN
2,3,5,NaN
5,0,5,NaN
2,3,5,NaN
2,3,5,0.01050871192496647
2,3,5,0.2426068904918033
2,3,5,NaN
3,2,5,0.014839561408180175
3,2,5,0.0503944665317212
2,3,5,NaN
2,3,5,NaN
1,4,5,0.5144907934733577
1,4,5,0.13221071469067883
1,4,5,NaN
4,1,5,0.0004256923450336073
2,3,5,0.7188460181803934
4,1,5,NaN
5,0,5,NaN
1,4,5,NaN
3,2,5,0.7188460181803934
2,3,5,0.31830030873245846
2,3,5,0.15348760037464887
1,4,5,0.22049299398397887
1,4,5,0.015089968713335646
2,3,5,NaN
2,3,5,NaN
4,1,5,0.7071372892252817
2,3,5,NaN
4,1,5,NaN
3,2,5,0.06984398440883517
3,2,5,NaN
2,3,5,NaN
5,0,5,NaN
1,4,5,NaN
2,3,5,NaN
2,3,5,NaN
5,0,5,NaN
3,2,5,0.36374176270060876
3,2,5,0.41042378787561506
3,2,5,0.015089968713335646
1,4,5,NaN
3,2,5,NaN
2,3,5,NaN
1,4,5,NaN
1,4,5,NaN
1,4,5,0.41042378787561506
3,2,5,NaN
2,3,5,0.00860264728312664
1,4,5,0.11302026105487464
1,4,5,0.558610949739445
2,3,5,NaN
2,3,5,0.4586140219451372
5,0,5,0.5983228672688798
3,2,5,NaN
2,3,5,NaN
3,2,5,NaN
1,4,5,NaN
3,2,5,0.08139481150030385
4,1,5,0.15348760037464887
4,1,5,NaN
1,4,5,0.00860264728312664
2,3,5,NaN
5,0,5,0.5674107172508536
1,4,5,NaN
4,1,5,0.007436978370272145
2,3,5,NaN
2,3,5,0.36374176270060876
3,2,5,NaN
2,3,5,0.36374176270060876
2,3,5,NaN
4,1,5,0.9442666475225482
3,2,5,NaN
3,2,5,0.642689094081309
2,3,5,0.8535399985089294
5,0,5,0.3193104281105608
1,4,5,NaN
3,2,5,0.41042378787561506
3,2,5,NaN
1,4,5,0.3518360469447325
2,3,5,NaN
2,3,5,0.03573862828111791
3,2,5,NaN
3,2,5,0.06623234046470323
1,4,5,0.9286312325354106
2,3,5,0.17005011166707953
1,4,5,NaN
4,1,5,NaN
3,2,5,NaN
1,4,5,0.3771746347450958
1,4,5,0.4586140219451372
3,2,5,0.14703777543352814
1,4,5,0.07129374724767482
1,4,5,NaN
3,2,5,NaN
1,4,5,NaN
4,1,5,0.003930060864272878
4,1,5,0.1791109280893668
4,1,5,0.00860264728312664
2,3,5,NaN
3,2,5,NaN
3,2,5,0.28514136853222927
1,4,5,NaN
2,3,5,0.03466189877996595
3,2,5,0.06984398440883517
3,2,5,0.018988813175244198
5,0,5,0.1516835119325457
3,2,5,NaN
2,3,5,NaN
2,3,5,NaN
3,2,5,NaN
2,3,5,0.7876047692022679
2,3,5,0.922423104079044
2,3,5,NaN
1,4,5,0.303667340485516
4,1,5,0.11302026105487464
1,4,5,NaN
3,2,5,0.7808948524004466
5,0,5,0.20745192238654175
3,2,5,0.9067597060883621
3,2,5,NaN
2,3,5,2.6539296225205577e-5
5,0,5,NaN
3,2,5,0.0503944665317212
3,2,5,0.41042378787561506
4,1,5,NaN
4,1,5,NaN
2,3,5,0.3193104281105608
2,3,5,NaN
5,0,5,0.0006992784349810994
2,3,5,NaN
1,4,5,0.09686470441855767
3,2,5,NaN
4,1,5,0.8062781873736411
4,1,5,NaN
2,3,5,0.013383075444303982
2,3,5,NaN
4,1,5,NaN
3,2,5,0.4586140219451372
4,1,5,NaN
1,4,5,0.00035150682342827936
3,2,5,NaN
1,4,5,NaN
4,1,5,NaN
2,3,5,NaN
2,3,5,0.7856593209378341
2,3,5,0.1444645896783339
4,1,5,0.7808948524004466
3,2,5,NaN
5,0,5,NaN
2,3,5,0.8909590781505728
3,2,5,NaN
5,0,5,0.09652246162613985
3,2,5,0.7188460181803934
4,1,5,NaN
3,2,5,NaN
2,3,5,0.02143073799725636
2,3,5,NaN
4,1,5,0.01623690490576618
1,4,5,NaN
1,4,5,0.5394882506144599
2,3,5,0.41042378787561506
2,3,5,2.6104130939109588e-5
3,2,5,NaN
1,4,5,NaN
4,1,5,0.3253088982007464
4,1,5,NaN
3,2,5,NaN
2,3,5,0.35416243832195843
3,2,5,NaN
1,4,5,NaN
3,2,5,NaN
1,4,5,NaN
3,2,5,0.4708108895646367
2,3,5,NaN
3,2,5,0.36374176270060876
2,3,5,0.13221071469067883
2,3,5,NaN
4,1,5,NaN
3,2,5,0.0586359857465287
1,4,5,0.9759852893198062
2,3,5,NaN
1,4,5,0.36374176270060876
3,2,5,0.13668591831866247
3,2,5,0.04263845043616167
2,3,5,NaN
4,1,5,NaN
1,4,5,0.029824284599219358
2,3,5,NaN
4,1,5,NaN
2,3,5,NaN
5,0,5,0.9067597060883621
2,3,5,NaN
4,1,5,0.36374176270060876
1,4,5,0.2088844544951591
2,3,5,0.922423104079044
2,3,5,0.00860264728312664
4,1,5,NaN
2,3,5,0.642689094081309
4,1,5,NaN
3,2,5,0.1791109280893668
4,1,5,0.642689094081309
3,2,5,NaN
3,2,5,0.17474695065990595
3,2,5,0.8909590781505728
4,1,5,NaN
4,1,5,NaN
2,3,5,0.7188460181803934
1,4,5,0.017809239281788392
3,2,5,0.07533666061020841
1,4,5,0.8062781873736411
3,2,5,0.00023532183623029568
4,1,5,NaN
2,3,5,NaN
2,3,5,0.4586140219451372
2,3,5,NaN
3,2,5,NaN
5,0,5,0.6833973581181311
3,2,5,0.029824284599219358
4,1,5,0.01587964388004307
1,4,5,0.05916634506716057
1,4,5,0.9067597060883621
3,2,5,NaN
2,3,5,NaN
4,1,5,0.959915235283891
2,3,5,NaN
3,2,5,0.922423104079044
3,2,5,0.003930060864272878
5,0,5,0.3193104281105608
2,3,5,NaN
3,2,5,0.5076524678986474
2,3,5,NaN
2,3,5,0.08139481150030385
1,4,5,0.11302026105487464
2,3,5,0.2795481783803956
3,2,5,0.7509979234994011
1,4,5,0.36374176270060876
3,2,5,0.04263845043616167
1,4,5,NaN
3,2,5,NaN
2,3,5,NaN
2,3,5,0.029824284599219358
4,1,5,0.9659495665715027
5,0,5,NaN
2,3,5,NaN
1,4,5,0.01228943904807997
2,3,5,0.9357857374272102
3,2,5,0.1791109280893668
3,2,5,NaN
2,3,5,NaN
2,3,5,0.4768249905242542
2,3,5,NaN
1,4,5,0.9475679371961635
3,2,5,NaN
1,4,5,NaN
4,1,5,NaN
1,4,5,NaN
4,1,5,0.7188460181803934
3,2,5,0.9741337647667054
3,2,5,NaN
3,2,5,NaN
3,2,5,NaN
4,1,5,NaN
4,1,5,NaN
1,4,5,NaN
5,0,5,NaN
4,1,5,NaN
2,3,5,0.36374176270060876
5,0,5,NaN
1,4,5,0.9357857374272102
2,3,5,0.701830541435881
2,3,5,NaN
5,0,5,0.642689094081309
1,4,5,NaN
1,4,5,NaN
2,3,5,NaN
2,3,5,0.2088844544951591
5,0,5,0.1791109280893668
3,2,5,0.0036663324790407147
3,2,5,NaN
3,2,5,NaN
4,1,5,0.012741653266331953
2,3,5,0.642689094081309
3,2,5,NaN
1,4,5,0.029824284599219358
3,2,5,0.7509979234994011
1,4,5,NaN
3,2,5,0.5983910585585586
1,4,5,NaN
2,3,5,0.08938001634677822
3,2,5,0.5076524678986474
2,3,5,NaN
4,1,5,0.04263845043616167
2,3,5,NaN
1,4,5,NaN
1,4,5,0.09772938773646368
4,1,5,NaN
1,4,5,NaN
4,1,5,NaN
4,1,5,0.5523648636569257
1,4,5,NaN
2,3,5,0.36374176270060876
1,4,5,0.04263845043616167
1,4,5,0.13221071469067883
1,4,5,0.11302026105487464
4,1,5,NaN
4,1,5,NaN
2,3,5,1.0429141296036493e-7
2,3,5,0.41042378787561506
2,3,5,NaN
4,1,5,NaN
2,3,5,0.7656381388728208
4,1,5,0.012741653266331953
4,1,5,NaN
1,4,5,0.4586140219451372
1,4,5,NaN
2,3,5,0.5983910585585586
4,1,5,0.2426068904918033
1,4,5,NaN
5,0,5,NaN
3,2,5,0.3193104281105608
2,3,5,0.025396716993254218
5,0,5,NaN
4,1,5,0.41042378787561506
5,0,5,0.050267669818223094
1,4,5,0.8909590781505728
2,3,5,NaN
3,2,5,0.10833808382194898
1,4,5,0.019586378799906372
5,0,5,0.6826185730663652
3,2,5,0.012741653266331953
1,4,5,0.04324275600468348
2,3,5,NaN
2,3,5,NaN
5,0,5,0.8535399985089294
1,4,5,0.05916634506716057
2,3,5,0.0042611374585579415
3,2,5,0.1842195269896215
2,3,5,0.7509979234994011
4,1,5,NaN
4,1,5,NaN
3,2,5,0.35055741112662414
2,3,5,0.029824284599219358
4,1,5,0.7188460181803934
2,3,5,NaN
2,3,5,0.1791109280893668
1,4,5,NaN
3,2,5,0.3934645866820192
2,3,5,NaN
2,3,5,NaN
2,3,5,0.3047597563006564
4,1,5,NaN
2,3,5,NaN
2,3,5,NaN
2,3,5,0.9067597060883621
4,1,5,0.10986743520016835
1,4,5,0.981236864265928
3,2,5,NaN
3,2,5,0.7496826023835904
2,3,5,NaN
1,4,5,NaN
1,4,5,NaN
3,2,5,NaN
3,2,5,0.41042378787561506
1,4,5,NaN
2,3,5,NaN
1,4,5,NaN
4,1,5,0.48066065578361084
4,1,5,NaN
2,3,5,NaN
2,3,5,NaN
2,3,5,NaN
2,3,5,0.5503952953604428
1,4,5,0.6826185730663652
2,3,5,NaN
2,3,5,NaN
4,1,5,0.2426068904918033
1,4,5,NaN
1,4,5,NaN
5,0,5,NaN
3,2,5,0.20885620281994255
2,3,5,NaN
2,3,5,NaN
1,4,5,NaN
1,4,5,NaN
1,4,5,NaN
2,3,5,0.5983910585585586
2,3,5,NaN
1,4,5,0.41042378787561506
5,0,5,NaN
1,4,5,0.5983910585585586
1,4,5,NaN
2,3,5,0.02143073799725636
2,3,5,NaN
2,3,5,NaN
1,4,5,0.41042378787561506
2,3,5,NaN
1,4,5,NaN
1,4,5,NaN
2,3,5,0.9897292732740418
1,4,5,0.5686569239707279
2,3,5,0.5076524678986474
1,4,5,0.5076524678986474
2,3,5,0.7222852424192411
2,3,5,0.8302287522477523
4,1,5,NaN
3,2,5,NaN
4,1,5,0.8825623166241346
3,2,5,0.5201992940442268
5,0,5,0.00860264728312664
1,4,5,NaN
1,4,5,0.2088844544951591
2,3,5,NaN
1,4,5,NaN
2,3,5,0.8535399985089294
2,3,5,0.642689094081309
5,0,5,NaN
4,1,5,0.1791109280893668
2,3,5,NaN
2,3,5,NaN
3,2,5,0.5983910585585586
1,4,5,0.8561742584406086
1,4,5,0.1791109280893668
3,2,5,NaN
5,0,5,0.19467783148708828
2,3,5,NaN
4,1,5,0.015089968713335646
2,3,5,NaN
1,4,5,0.6216521463069983
1,4,5,0.9947781118965269
4,1,5,NaN
2,3,5,NaN
1,4,5,0.2579283231289492
2,3,5,0.007114009197751627
2,3,5,NaN
1,4,5,NaN
3,2,5,NaN
2,3,5,NaN
4,1,5,0.6362490742088525
1,4,5,0.36374176270060876
1,4,5,0.0503944665317212
3,2,5,0.003285019555457502
2,3,5,NaN
2,3,5,NaN
3,2,5,0.9475679371961635
2,3,5,NaN
1,4,5,0.20831360962606654
2,3,5,0.5523648636569257
2,3,5,NaN
3,2,5,0.7188460181803934
2,3,5,0.09652246162613985
1,4,5,NaN
1,4,5,NaN
1,4,5,NaN
3,2,5,0.5076524678986474
2,3,5,0.6826185730663652
1,4,5,0.00860264728312664
3,2,5,NaN
3,2,5,NaN
5,0,5,0.13221071469067883
1,4,5,0.029824284599219358
1,4,5,0.2088844544951591
2,3,5,0.008043551058186526
3,2,5,NaN
1,4,5,0.18586374463542532
1,4,5,NaN
3,2,5,NaN
1,4,5,NaN
1,4,5,0.5076524678986474
1,4,5,NaN
1,4,5,0.7798983284227649
2,3,5,NaN
1,4,5,0.3782498717433507
2,3,5,0.7808948524004466
4,1,5,0.8302287522477523
3,2,5,0.09652246162613985
5,0,5,NaN
2,3,5,NaN
1,4,5,NaN
1,4,5,NaN
1,4,5,NaN
1,4,5,0.21827407715643965
1,4,5,0.7808948524004466
5,0,5,NaN
3,2,5,NaN
1,4,5,0.05032113908472779
1,4,5,0.6768129892189862
2,3,5,NaN
1,4,5,0.3193104281105608
5,0,5,0.8062781873736411
1,4,5,0.6216521463069983
5,0,5,0.5983910585585586
1,4,5,0.7188460181803934
1,4,5,NaN
2,3,5,NaN
2,3,5,0.922423104079044
3,2,5,0.09652246162613985
1,4,5,0.11302026105487464
1,4,5,NaN
2,3,5,0.6826185730663652
1,4,5,NaN
1,4,5,NaN
2,3,5,NaN
3,2,5,0.3193104281105608
2,3,5,1.842610316230409e-6
1,4,5,0.9357857374272102
3,2,5,NaN
4,1,5,0.5076524678986474
2,3,5,0.5076524678986474
5,0,5,0.02176637899564673
2,3,5,0.025396716993254218
2,3,5,0.981236864265928
2,3,5,0.0019790567751703193
2,3,5,0.8836959473590311
1,4,5,NaN
1,4,5,NaN
1,4,5,NaN
3,2,5,0.010813388187228557
1,4,5,NaN
3,2,5,NaN
1,4,5,NaN
1,4,5,NaN
1,4,5,NaN
2,3,5,NaN
3,2,5,NaN
1,4,5,NaN
1,4,5,0.11302026105487464
1,4,5,0.017809239281788392
2,3,5,NaN
1,4,5,NaN
1,4,5,0.5076524678986474
1,4,5,NaN
3,2,5,NaN
5,0,5,0.1274073205212123
3,2,5,0.14173400335563793
1,4,5,0.13618666705625376
2,3,5,NaN
4,1,5,0.00033762387326205474
1,4,5,NaN
2,3,5,NaN
2,3,5,0.642689094081309
1,4,5,0.3193104281105608
2,3,5,0.0003138077975419628
3,2,5,0.10430415336192178
1,4,5,0.5523648636569257
2,3,5,0.7188460181803934
1,4,5,0.01050871192496647
1,4,5,0.5523648636569257
1,4,5,NaN
4,1,5,NaN
2,3,5,0.15348760037464887
4,1,5,0.6335381002473827
1,4,5,0.4586140219451372
3,2,5,NaN
1,4,5,NaN
4,1,5,NaN
1,4,5,0.9475679371961635
3,2,5,0.9388166551953567
3,2,5,0.6826185730663652
1,4,5,0.015089968713335646
4,1,5,NaN
1,4,5,0.06984398440883517
2,3,5,0.09686470441855767
1,4,5,NaN
5,0,5,NaN
2,3,5,NaN
1,4,5,NaN
1,4,5,NaN
2,3,5,NaN
2,3,5,0.41042378787561506
1,4,5,0.1791109280893668
2,3,5,0.0503944665317212
3,2,5,NaN
1,4,5,NaN
1,4,5,0.09652246162613985
4,1,5,0.2088844544951591
1,4,5,0.8062781873736411
1,4,5,NaN
4,1,5,0.6826185730663652
1,4,5,0.8909590781505728
3,2,5,NaN
2,3,5,0.8057752006203193
3,2,5,0.03573862828111791
1,4,5,NaN
3,2,5,0.025396716993254218
4,1,5,NaN
1,4,5,NaN
3,2,5,0.41042378787561506
2,3,5,0.8535399985089294
4,1,5,NaN
3,2,5,NaN
2,3,5,0.5251031137265741
4,1,5,NaN
2,3,5,NaN
1,4,5,0.1791109280893668
2,3,5,0.04263845043616167
2,3,5,NaN
3,2,5,0.41042378787561506
2,3,5,NaN
1,4,5,NaN
2,3,5,0.012741653266331953
3,2,5,NaN
2,3,5,0.35055741112662414
2,3,5,0.9659495665715027
3,2,5,0.7755787217256536
1,4,5,0.6826185730663652
2,3,5,0.44305679904553413
1,4,5,NaN
5,0,5,NaN
1,4,5,0.27027681123123465
1,4,5,0.41042378787561506
2,3,5,0.15348760037464887
1,4,5,NaN
3,2,5,0.5983910585585586
1,4,5,NaN
1,4,5,0.7188460181803934
3,2,5,NaN
1,4,5,NaN
2,3,5,0.4586140219451372
2,3,5,NaN
1,4,5,NaN
1,4,5,NaN
1,4,5,NaN
2,3,5,NaN
1,4,5,0.2088844544951591
1,4,5,NaN
1,4,5,0.03744155143953566
2,3,5,0.5822293086838857
3,2,5,0.9067597060883621
3,2,5,0.1285455441123512
2,3,5,NaN
3,2,5,NaN
1,4,5,NaN
2,3,5,NaN
1,4,5,NaN
1,4,5,0.19430139790548
2,3,5,0.2088844544951591
2,3,5,NaN
1,4,5,0.0791185985945051
2,3,5,0.642689094081309
2,3,5,0.3545109071424053
1,4,5,0.2426068904918033
3,2,5,0.05916634506716057
4,1,5,NaN
2,3,5,0.4586140219451372
1,4,5,0.9995612141041931
1,4,5,0.88476797893601
1,4,5,NaN
2,3,5,NaN
2,3,5,NaN
2,3,5,0.1791109280893668
3,2,5,NaN
1,4,5,NaN
3,2,5,NaN
4,1,5,7.915693661166037e-11
2,3,5,NaN
1,4,5,0.005634571703672751
4,1,5,NaN
4,1,5,NaN
2,3,5,NaN
1,4,5,0.0039979583097692
1,4,5,0.6216521463069983
3,2,5,0.8062781873736411
3,2,5,0.1519696284379056
1,4,5,NaN
1,4,5,NaN
3,2,5,NaN
1,4,5,0.14277387219753754
1,4,5,NaN
3,2,5,0.11302026105487464
3,2,5,0.4509523635122677
1,4,5,NaN
2,3,5,NaN
1,4,5,0.5983910585585586
1,4,5,NaN
2,3,5,NaN
5,0,5,0.05227536144780493
2,3,5,NaN
1,4,5,NaN
1,4,5,0.5523648636569257
1,4,5,NaN
1,4,5,0.15348760037464887
2,3,5,0.642689094081309
1,4,5,NaN
3,2,5,0.5076524678986474
3,2,5,NaN
1,4,5,NaN
2,3,5,NaN
1,4,5,NaN
3,2,5,0.7808948524004466
2,3,5,NaN
1,4,5,NaN
3,2,5,NaN
1,4,5,0.5076524678986474
3,2,5,NaN
2,3,5,0.6826185730663652
2,3,5,NaN
1,4,5,NaN
2,3,5,0.5983910585585586
1,4,5,0.2088844544951591
2,3,5,NaN
2,3,5,NaN
1,4,5,0.4586140219451372
1,4,5,0.003990675437573615
2,3,5,0.9946806672073457
4,1,5,NaN
5,0,5,0.015089968713335646
2,3,5,0.08139481150030385
1,4,5,NaN
1,4,5,NaN
2,3,5,NaN
1,4,5,0.017809239281788392
2,3,5,0.0016732293345519133
4,1,5,0.03573862828111791
2,3,5,0.7509979234994011
2,3,5,0.376183652235253
3,2,5,0.8302287522477523
2,3,5,0.050267669818223094
2,3,5,0.41042378787561506
2,3,5,0.9897292732740418
1,4,5,NaN
2,3,5,0.5076524678986474
2,3,5,NaN
1,4,5,NaN
1,4,5,0.06984398440883517
2,3,5,NaN
1,4,5,NaN
2,3,5,NaN
2,3,5,0.41042378787561506
2,3,5,0.5983910585585586
1,4,5,NaN
1,4,5,NaN
1,4,5,0.4586140219451372
1,4,5,NaN
1,4,5,NaN
2,3,5,0.09652246162613985
4,1,5,0.41042378787561506
1,4,5,NaN
1,4,5,NaN
1,4,5,0.00220877136596021
2,3,5,0.8880049283291979
1,4,5,NaN
1,4,5,NaN
2,3,5,NaN
4,1,5,NaN
2,3,5,0.00740334130953838
1,4,5,0.9067597060883621
1,4,5,NaN
1,4,5,NaN
1,4,5,NaN
1,4,5,0.025396716993254218
4,1,5,NaN
2,3,5,0.04263845043616167
1,4,5,NaN
2,3,5,NaN
1,4,5,NaN
3,2,5,NaN
1,4,5,0.36374176270060876
1,4,5,0.017809239281788392
4,1,5,0.41042378787561506
3,2,5,NaN
2,3,5,0.9925883253395366
1,4,5,NaN
2,3,5,0.9659495665715027
1,4,5,NaN
3,2,5,0.7808948524004466
2,3,5,NaN
1,4,5,NaN
1,4,5,NaN
2,3,5,0.003214912144702669
1,4,5,6.427797590280594e-5
1,4,5,0.3552776765333562
2,3,5,NaN
1,4,5,0.15348760037464887
2,3,5,NaN
2,3,5,0.21039353683207823
2,3,5,NaN
1,4,5,0.7509979234994011
2,3,5,0.0007877836308353742
1,4,5,NaN
1,4,5,0.748792122708687
4,1,5,1.4967947470176606e-5
3,2,5,NaN
1,4,5,0.01050871192496647
2,3,5,0.9970871547963588
1,4,5,0.5523648636569257
1,4,5,0.981236864265928
1,4,5,NaN
1,4,5,0.000557192207532884
2,3,5,NaN
2,3,5,0.02445700915533494
2,3,5,0.00314623204838771
1,4,5,0.922423104079044
5,0,5,NaN
1,4,5,NaN
1,4,5,0.8909590781505728
3,2,5,0.0503944665317212
2,3,5,0.2795481783803956
1,4,5,0.2426068904918033
1,4,5,0.0503944665317212
1,4,5,0.02890093082933243
1,4,5,NaN
1,4,5,NaN
1,4,5,NaN
1,4,5,NaN
1,4,5,0.02143073799725636
1,4,5,0.7808948524004466
1,4,5,NaN
1,4,5,NaN
1,4,5,NaN
2,3,5,NaN
1,4,5,0.642689094081309
1,4,5,NaN
3,2,5,NaN
1,4,5,0.15348760037464887
3,2,5,2.921375620895458e-6
2,3,5,0.5076524678986474
2,3,5,NaN
2,3,5,0.7509979234994011
2,3,5,0.7431326994811255
2,3,5,NaN
1,4,5,NaN
2,3,5,NaN
1,4,5,NaN
3,2,5,0.5076524678986474
2,3,5,NaN
2,3,5,NaN
1,4,5,0.09652246162613985
1,4,5,NaN
1,4,5,NaN
1,4,5,NaN
1,4,5,0.851092988835229
2,3,5,0.049307616952528666
2,3,5,NaN
1,4,5,NaN
2,3,5,0.9776089386027316
2,3,5,0.7188460181803934
2,3,5,NaN
1,4,5,NaN
4,1,5,NaN
2,3,5,0.0039954678857202774
1,4,5,NaN
2,3,5,0.028996439680863552
1,4,5,0.029824284599219358
2,3,5,NaN
1,4,5,NaN
3,2,5,NaN
1,4,5,0.7188460181803934
1,4,5,0.41042378787561506
1,4,5,0.8909590781505728
1,4,5,0.7509979234994011
1,4,5,NaN
1,4,5,NaN
1,4,5,NaN
1,4,5,NaN
1,4,5,0.9836841085788898
1,4,5,NaN
4,1,5,NaN
1,4,5,NaN
2,3,5,NaN
2,3,5,0.5076524678986474
2,3,5,0.4586140219451372
1,4,5,0.7188460181803934
1,4,5,NaN
3,2,5,NaN
1,4,5,NaN
1,4,5,NaN
1,4,5,NaN
2,3,5,NaN
2,3,5,NaN
1,4,5,0.7188460181803934
2,3,5,0.015089968713335646
1,4,5,NaN
1,4,5,NaN
1,4,5,NaN
1,4,5,0.003362497883470113
1,4,5,0.8799440182650435
3,2,5,NaN
1,4,5,NaN
1,4,5,NaN
1,4,5,0.029824284599219358
1,4,5,0.3193104281105608
1,4,5,NaN
1,4,5,0.5523648636569257
1,4,5,NaN
1,4,5,NaN
4,1,5,0.8062781873736411
1,4,5,0.8909590781505728
1,4,5,NaN
1,4,5,0.003372688364844904
2,3,5,0.3193104281105608
1,4,5,0.015089968713335646
1,4,5,0.3193104281105608
1,4,5,0.21248528825389126
1,4,5,NaN
1,4,5,NaN
2,3,5,0.8535399985089294
1,4,5,0.8302287522477523
1,4,5,0.09652246162613985
3,2,5,NaN
1,4,5,NaN
2,3,5,NaN
1,4,5,NaN
2,3,5,0.642689094081309
2,3,5,NaN
1,4,5,NaN
2,3,5,NaN
2,3,5,NaN
2,3,5,0.9893874247095912
1,4,5,NaN
1,4,5,NaN
1,4,5,NaN
1,4,5,NaN
1,4,5,NaN
2,3,5,0.22566217291689336
1,4,5,0.050267669818223094
2,3,5,0.08139481150030385
1,4,5,NaN
1,4,5,0.06984398440883517
2,3,5,NaN
1,4,5,NaN
1,4,5,NaN
2,3,5,0.642689094081309
1,4,5,0.2088844544951591
1,4,5,0.031780124353045315
1,4,5,0.2426068904918033
1,4,5,NaN
1,4,5,NaN
1,4,5,NaN
1,4,5,0.41042378787561506
1,4,5,0.05916634506716057
1,4,5,0.1791109280893668
1,4,5,0.6430012233215923
1,4,5,NaN
1,4,5,0.13221071469067883
1,4,5,NaN
1,4,5,NaN
1,4,5,NaN
1,4,5,NaN
2,3,5,NaN
1,4,5,0.5983910585585586
1,4,5,NaN
1,4,5,NaN
1,4,5,NaN
1,4,5,NaN
1,4,5,0.03433910284021043
1,4,5,NaN
1,4,5,0.981236864265928
2,3,5,NaN
1,4,5,0.023707073852597686
1,4,5,0.3193104281105608
1,4,5,NaN
1,4,5,0.0019790567751703193
1,4,5,0.1791109280893668
1,4,5,0.0503944665317212
1,4,5,0.36374176270060876
1,4,5,NaN
1,4,5,NaN
1,4,5,0.8603058928358852
1,4,5,NaN
2,3,5,0.642689094081309
2,3,5,NaN
1,4,5,NaN
1,4,5,NaN
1,4,5,0.05916634506716057
1,4,5,0.42279642227251846
1,4,5,NaN
1,4,5,0.2795481783803956
1,4,5,NaN
1,4,5,0.5983910585585586
1,4,5,NaN
1,4,5,0.04263845043616167
1,4,5,0.024624445212847325
1,4,5,NaN
1,4,5,0.8535399985089294
1,4,5,0.02143073799725636
1,4,5,NaN
1,4,5,NaN
0,5,5,0.7188460181803934
0,5,5,NaN
0,5,5,NaN
0,5,5,0.8909590781505728
0,5,5,0.012741653266331953
0,5,5,NaN
0,5,5,0.08139481150030385
0,5,5,0.3193104281105608
0,5,5,NaN
0,5,5,NaN
0,5,5,NaN
0,5,5,0.2426068904918033
0,5,5,NaN
0,5,5,NaN
0,5,5,NaN
0,5,5,NaN
0,5,5,NaN
0,5,5,NaN
0,5,5,NaN
0,5,5,NaN
0,5,5,NaN
0,5,5,0.08139481150030385
0,5,5,NaN
0,5,5,NaN
0,5,5,NaN
0,5,5,0.09652246162613985
0,5,5,0.4586140219451372
0,5,5,NaN
0,5,5,0.6826185730663652
0,5,5,0.7188460181803934
0,5,5,NaN
0,5,5,NaN
0,5,5,0.8302287522477523
0,5,5,0.8062781873736411
0,5,5,0.8909590781505728
0,5,5,NaN
0,5,5,NaN
0,5,5,NaN
0,5,5,NaN
0,5,5,0.025396716993254218
0,5,5,0.5983910585585586
0,5,5,NaN
0,5,5,0.03299592477585781
0,5,5,NaN
0,5,5,0.2088844544951591
0,5,5,NaN
0,5,5,0.41113069050708845
0,5,5,NaN
0,5,5,NaN
0,5,5,NaN
0,5,5,NaN
0,5,5,0.642689094081309
0,5,5,NaN
0,5,5,0.4666919921237211
0,5,5,NaN
0,5,5,0.03573862828111791
0,5,5,NaN
0,5,5,0.3193104281105608
0,5,5,0.003930060864272878
0,5,5,0.0503944665317212
0,5,5,0.2426068904918033
0,5,5,NaN
0,5,5,0.3193104281105608
0,5,5,NaN
0,5,5,NaN
0,5,5,NaN
0,5,5,NaN
0,5,5,0.6826185730663652
0,5,5,NaN
0,5,5,0.7188460181803934
0,5,5,0.11302026105487464
0,5,5,NaN
0,5,5,NaN
0,5,5,0.5523648636569257
0,5,5,0.8062781873736411
0,5,5,NaN
0,5,5,0.02143073799725636
0,5,5,NaN
0,5,5,NaN
0,5,5,NaN
0,5,5,NaN
0,5,5,NaN
0,5,5,0.8302287522477523
0,5,5,NaN
0,5,5,0.08139481150030385
0,5,5,NaN
0,5,5,0.2795481783803956
0,5,5,NaN
0,5,5,0.08562647313259962
0,5,5,0.13221071469067883
0,5,5,NaN
0,5,5,NaN
0,5,5,NaN
0,5,5,NaN
0,5,5,0.9659495665715027
0,5,5,NaN
0,5,5,0.3193104281105608
0,5,5,NaN
0,5,5,2.2774640563571157e-6
0,5,5,0.16371553329712646
0,5,5,NaN
0,5,5,0.1791109280893668
0,5,5,0.2088844544951591
0,5,5,0.8062781873736411
0,5,5,0.9574121554627333
0,5,5,NaN
0,5,5,NaN
0,5,5,0.8234217383725649
0,5,5,NaN
0,5,5,NaN
0,5,5,NaN
0,5,5,NaN
0,5,5,NaN
0,5,5,0.9741337647667054
0,5,5,NaN
0,5,5,0.5523648636569257
0,5,5,0.29536578456422036
0,5,5,0.17384220504501538
0,5,5,NaN
0,5,5,0.2426068904918033
0,5,5,0.3193104281105608
0,5,5,0.4675860911104037
0,5,5,NaN
0,5,5,NaN
0,5,5,0.36374176270060876
0,5,5,0.5462568915769693
0,5,5,NaN
0,5,5,NaN
0,5,5,NaN
0,5,5,0.2088844544951591
0,5,5,NaN
0,5,5,0.08139481150030385
0,5,5,NaN
0,5,5,0.05916634506716057
0,5,5,NaN
0,5,5,0.00041479436051809667
0,5,5,NaN
0,5,5,NaN
0,5,5,0.06984398440883517
0,5,5,NaN
0,5,5,NaN
0,5,5,NaN
0,5,5,NaN
0,5,5,0.7188460181803934
0,5,5,0.9067597060883621
0,5,5,NaN
0,5,5,0.8062781873736411
0,5,5,NaN
0,5,5,0.09652246162613985
0,5,5,NaN
0,5,5,0.003214912144702669
0,5,5,NaN
0,5,5,0.026271471279729678
0,5,5,0.8062781873736411
0,5,5,NaN
0,5,5,0.7705693265131139
0,5,5,0.3193104281105608
0,5,5,NaN
0,5,5,NaN
0,5,5,NaN
0,5,5,0.2185116775113393
0,5,5,NaN
0,5,5,0.0071785627562279105
0,5,5,NaN
0,5,5,NaN
0,5,5,0.0503944665317212
0,5,5,0.30455130240104417
0,5,5,NaN
0,5,5,0.4586140219451372
0,5,5,NaN
0,5,5,0.735525543122227
0,5,5,0.4586140219451372
0,5,5,NaN
0,5,5,0.1791109280893668
0,5,5,NaN
0,5,5,NaN
0,5,5,NaN
0,5,5,0.1791109280893668
0,5,5,NaN
0,5,5,0.5149266812218193
0,5,5,NaN
0,5,5,0.3782498717433507
0,5,5,3.347134661716852e-5
0,5,5,NaN
0,5,5,0.642689094081309
0,5,5,NaN
0,5,5,NaN
0,5,5,NaN
0,5,5,0.41042378787561506
0,5,5,0.40247393719845814
0,5,5,NaN
0,5,5,NaN
0,5,5,NaN
0,5,5,NaN
0,5,5,NaN
0,5,5,NaN
0,5,5,0.7522517969420768
0,5,5,0.003930060864272878
0,5,5,0.5983910585585586
0,5,5,NaN
0,5,5,NaN
0,5,5,0.014363139986644253
0,5,5,NaN
0,5,5,0.7509979234994011
0,5,5,NaN
0,5,5,NaN
0,5,5,0.7146461713310935
0,5,5,NaN
0,5,5,0.08139481150030385
0,5,5,NaN
0,5,5,0.2426068904918033
0,5,5,NaN
0,5,5,NaN
0,5,5,NaN
0,5,5,0.2795481783803956
0,5,5,NaN
0,5,5,0.6826185730663652
0,5,5,NaN
0,5,5,0.5983910585585586
0,5,5,NaN
0,5,5,0.0503944665317212
0,5,5,NaN
0,5,5,0.9357857374272102
0,5,5,0.25138089562646115
0,5,5,0.6001358245175935
0,5,5,NaN
0,5,5,0.20673438746290906
0,5,5,NaN
0,5,5,0.28514136853222927
0,5,5,0.04263845043616167
0,5,5,0.5983910585585586
0,5,5,0.0503944665317212
0,5,5,NaN
0,5,5,0.7509979234994011
0,5,5,NaN
0,5,5,0.2088844544951591
0,5,5,NaN
0,5,5,0.9475679371961635
0,5,5,0.05916634506716057
0,5,5,NaN
0,5,5,NaN
0,5,5,NaN
0,5,5,NaN
0,5,5,0.5523648636569257
0,5,5,NaN
0,5,5,NaN
0,5,5,NaN
0,5,5,NaN
0,5,5,0.17264349245410598
0,5,5,NaN
0,5,5,0.6216521463069983
0,5,5,NaN
0,5,5,NaN
0,5,5,NaN
0,5,5,NaN
0,5,5,0.8535399985089294
0,5,5,0.15348760037464887
0,5,5,0.9067597060883621
0,5,5,NaN
0,5,5,NaN
0,5,5,NaN
0,5,5,0.13221071469067883
0,5,5,NaN
0,5,5,0.8302287522477523
0,5,5,0.3193104281105608
0,5,5,0.8909590781505728
0,5,5,0.0503944665317212
0,5,5,NaN
0,5,5,0.8302287522477523
0,5,5,NaN
0,5,5,0.38524148267766806
0,5,5,0.06984398440883517
0,5,5,0.5808666633907296
0,5,5,NaN
0,5,5,NaN
0,5,5,0.2426068904918033
0,5,5,NaN
0,5,5,NaN
0,5,5,7.865351576320486e-6
0,5,5,0.5223167285410882
0,5,5,NaN
0,5,5,NaN
0,5,5,NaN
0,5,5,NaN
0,5,5,NaN
0,5,5,NaN
0,5,5,0.5983910585585586
0,5,5,NaN
0,5,5,NaN
0,5,5,0.15348760037464887
0,5,5,NaN
0,5,5,0.8797314199251562
0,5,5,NaN
0,5,5,0.2426068904918033
0,5,5,NaN
0,5,5,0.2795481783803956
0,5,5,0.015089968713335646
0,5,5,NaN
0,5,5,NaN
0,5,5,0.36374176270060876
0,5,5,NaN
0,5,5,NaN
0,5,5,NaN
0,5,5,0.00860264728312664
0,5,5,NaN
0,5,5,NaN
0,5,5,NaN
0,5,5,0.6862909208832765
0,5,5,0.7509979234994011
0,5,5,0.9357857374272102
0,5,5,NaN
0,5,5,NaN
0,5,5,0.03573862828111791
0,5,5,NaN
0,5,5,NaN
0,5,5,NaN
0,5,5,NaN
0,5,5,NaN
0,5,5,0.5076524678986474
0,5,5,0.642689094081309
0,5,5,NaN
0,5,5,0.09652246162613985
0,5,5,0.03573862828111791
0,5,5,0.05916634506716057
0,5,5,0.012741653266331953
0,5,5,NaN
0,5,5,0.06984398440883517
0,5,5,6.540224173625264e-6
0,5,5,NaN
0,5,5,NaN
0,5,5,NaN
0,5,5,0.08824485368467663
0,5,5,NaN
0,5,5,0.1791109280893668
0,5,5,NaN
0,5,5,NaN
0,5,5,NaN
0,5,5,0.08139481150030385
0,5,5,NaN
0,5,5,NaN
0,5,5,NaN
0,5,5,0.8247356324416308
0,5,5,0.15348760037464887
0,5,5,0.642689094081309
0,5,5,NaN
0,5,5,NaN
0,5,5,NaN
0,5,5,0.7188460181803934
0,5,5,0.15348760037464887
0,5,5,0.9659495665715027
0,5,5,NaN
0,5,5,0.5523648636569257
0,5,5,0.5076524678986474
0,5,5,NaN
0,5,5,0.8302287522477523
0,5,5,0.3193104281105608
0,5,5,NaN
0,5,5,NaN
0,5,5,0.029824284599219358
0,5,5,0.03573862828111791
0,5,5,NaN
0,5,5,NaN
0,5,5,0.08139481150030385
0,5,5,0.18820097046609974
0,5,5,NaN
0,5,5,0.3193104281105608
0,5,5,NaN
0,5,5,0.6409055963569094
0,5,5,0.642689094081309
0,5,5,0.5983910585585586
0,5,5,0.8723440292898591
0,5,5,0.09652246162613985
0,5,5,NaN
0,5,5,NaN
0,5,5,NaN
0,5,5,NaN
0,5,5,NaN
0,5,5,NaN
0,5,5,NaN
0,5,5,NaN
0,5,5,NaN
0,5,5,0.7808948524004466
0,5,5,0.01050871192496647
0,5,5,NaN
0,5,5,NaN
0,5,5,0.2795481783803956
0,5,5,0.4586140219451372
0,5,5,NaN
0,5,5,0.7808948524004466
0,5,5,NaN
0,5,5,0.09652246162613985
0,5,5,0.3486164483484167
0,5,5,0.41042378787561506
0,5,5,0.01436873353939193
0,5,5,0.0586359857465287
0,5,5,NaN
0,5,5,0.6858539065761025
0,5,5,NaN
0,5,5,NaN
0,5,5,0.08139481150030385
0,5,5,NaN
0,5,5,0.9475679371961635
0,5,5,0.2795481783803956
0,5,5,NaN
0,5,5,0.36374176270060876
0,5,5,0.03573862828111791
0,5,5,0.7808948524004466
0,5,5,0.5076524678986474
0,5,5,NaN
0,5,5,NaN
0,5,5,0.03573862828111791
0,5,5,0.015089968713335646
0,5,5,NaN
0,5,5,NaN
0,5,5,0.05916634506716057
0,5,5,NaN
0,5,5,NaN
0,5,5,0.13221071469067883
0,5,5,NaN
0,5,5,NaN
0,5,5,NaN
0,5,5,NaN
0,5,5,NaN
0,5,5,NaN
0,5,5,0.04263845043616167
0,5,5,NaN
0,5,5,1.0449963545523591e-5
0,5,5,NaN
0,5,5,NaN
0,5,5,NaN
0,5,5,0.0434482146593969
0,5,5,0.01050871192496647
0,5,5,NaN
0,5,5,0.01509564411312672
0,5,5,NaN
0,5,5,0.7808948524004466
0,5,5,0.5523648636569257
0,5,5,NaN
0,5,5,0.44305679904553413
3,1,4,0.7808948524004466
1,3,4,0.5523648636569257
1,3,4,0.5839875771372758
1,3,4,NaN
4,0,4,NaN
4,0,4,0.5983910585585586
4,0,4,NaN
3,1,4,0.03674279941068971
4,0,4,NaN
4,0,4,NaN
3,1,4,0.5076524678986474
2,2,4,NaN
3,1,4,0.8535399985089294
4,0,4,NaN
1,3,4,NaN
4,0,4,NaN
3,1,4,0.09652246162613985
3,1,4,0.23035644557879284
3,1,4,NaN
4,0,4,0.015089968713335646
1,3,4,NaN
3,1,4,NaN
1,3,4,NaN
4,0,4,0.8561852817818494
4,0,4,0.7808948524004466
1,3,4,NaN
3,1,4,NaN
2,2,4,NaN
4,0,4,NaN
1,3,4,NaN
4,0,4,0.8723440292898591
1,3,4,0.33553033602770127
1,3,4,0.07158186503602576
2,2,4,NaN
3,1,4,0.1791109280893668
3,1,4,0.15348760037464887
2,2,4,0.9361208485022615
2,2,4,NaN
3,1,4,NaN
2,2,4,NaN
3,1,4,0.01675473063341966
1,3,4,0.04263845043616167
1,3,4,0.3193104281105608
3,1,4,0.3193104281105608
2,2,4,0.88476797893601
4,0,4,NaN
1,3,4,0.5523648636569257
3,1,4,NaN
3,1,4,NaN
3,1,4,NaN
4,0,4,0.5523648636569257
4,0,4,NaN
3,1,4,NaN
4,0,4,0.9859421773727781
2,2,4,0.7810980143226508
4,0,4,0.0006631347204783787
4,0,4,0.9946806672073457
4,0,4,0.8909590781505728
3,1,4,NaN
3,1,4,0.0001986702058084093
2,2,4,NaN
2,2,4,NaN
3,1,4,NaN
3,1,4,NaN
1,3,4,NaN
3,1,4,NaN
3,1,4,0.9925883253395366
4,0,4,0.05916634506716057
2,2,4,0.5983910585585586
3,1,4,0.2088844544951591
3,1,4,0.05916634506716057
4,0,4,0.1791109280893668
1,3,4,NaN
2,2,4,NaN
3,1,4,0.7200230968449273
4,0,4,0.2426068904918033
2,2,4,0.5523648636569257
4,0,4,NaN
4,0,4,NaN
1,3,4,NaN
2,2,4,NaN
4,0,4,0.09686470441855767
4,0,4,NaN
1,3,4,NaN
2,2,4,0.005634571703672751
2,2,4,0.002477370786516876
2,2,4,NaN
2,2,4,NaN
3,1,4,NaN
2,2,4,NaN
1,3,4,NaN
1,3,4,0.2088844544951591
4,0,4,NaN
2,2,4,NaN
3,1,4,NaN
4,0,4,NaN
4,0,4,0.5523648636569257
3,1,4,0.9375145262765298
1,3,4,0.06984398440883517
3,1,4,NaN
3,1,4,0.0964867134288029
3,1,4,NaN
4,0,4,0.19677433186419235
2,2,4,NaN
4,0,4,NaN
1,3,4,0.9946806672073457
4,0,4,0.1791109280893668
1,3,4,NaN
4,0,4,0.4586140219451372
2,2,4,0.259026836012759
4,0,4,NaN
3,1,4,0.7808948524004466
2,2,4,0.259026836012759
3,1,4,NaN
2,2,4,NaN
1,3,4,NaN
1,3,4,0.03573862828111791
1,3,4,NaN
3,1,4,NaN
3,1,4,0.8723440292898591
2,2,4,NaN
3,1,4,NaN
2,2,4,0.11302026105487464
3,1,4,NaN
3,1,4,NaN
4,0,4,NaN
2,2,4,0.5128219391352102
1,3,4,NaN
1,3,4,NaN
2,2,4,NaN
3,1,4,0.08139481150030385
3,1,4,NaN
2,2,4,NaN
3,1,4,NaN
3,1,4,0.5076524678986474
3,1,4,NaN
4,0,4,NaN
3,1,4,NaN
4,0,4,NaN
2,2,4,NaN
4,0,4,NaN
1,3,4,NaN
3,1,4,NaN
2,2,4,NaN
3,1,4,NaN
2,2,4,NaN
1,3,4,0.7535816748775283
4,0,4,NaN
4,0,4,0.09652246162613985
1,3,4,0.642689094081309
1,3,4,0.43899234686437355
3,1,4,NaN
3,1,4,0.13221071469067883
4,0,4,NaN
4,0,4,0.7509979234994011
1,3,4,0.00019910479660094704
4,0,4,NaN
2,2,4,0.3193104281105608
2,2,4,NaN
4,0,4,NaN
4,0,4,0.06214251895973983
4,0,4,0.006770900559713291
2,2,4,0.3518134324307927
2,2,4,0.14336573469259992
4,0,4,0.2795481783803956
4,0,4,NaN
2,2,4,NaN
1,3,4,0.8062781873736411
1,3,4,NaN
3,1,4,NaN
4,0,4,0.7369061974754759
3,1,4,0.13221071469067883
2,2,4,0.5523648636569257
3,1,4,NaN
2,2,4,0.0503944665317212
3,1,4,NaN
3,1,4,0.41042378787561506
1,3,4,0.7188460181803934
4,0,4,NaN
3,1,4,0.936711558674305
2,2,4,0.981236864265928
1,3,4,NaN
4,0,4,0.15348760037464887
4,0,4,NaN
3,1,4,NaN
1,3,4,0.3193104281105608
3,1,4,NaN
4,0,4,0.008111061271283592
2,2,4,0.8535399985089294
3,1,4,0.012921049180927345
3,1,4,0.566440041096336
4,0,4,0.02143073799725636
3,1,4,NaN
2,2,4,0.6826185730663652
3,1,4,NaN
3,1,4,0.0003138077975419628
3,1,4,NaN
1,3,4,NaN
4,0,4,0.6826185730663652
1,3,4,NaN
1,3,4,0.2795481783803956
4,0,4,NaN
1,3,4,0.4586140219451372
2,2,4,0.11302026105487464
4,0,4,0.13221071469067883
3,1,4,0.9067597060883621
4,0,4,NaN
4,0,4,0.3253316105928995
3,1,4,NaN
3,1,4,NaN
4,0,4,NaN
4,0,4,NaN
4,0,4,0.7808948524004466
1,3,4,NaN
2,2,4,0.3689851857361435
4,0,4,NaN
3,1,4,NaN
1,3,4,NaN
4,0,4,0.4586140219451372
3,1,4,0.5983910585585586
4,0,4,NaN
3,1,4,0.2426068904918033
2,2,4,NaN
4,0,4,NaN
4,0,4,0.15348760037464887
4,0,4,NaN
1,3,4,0.09652246162613985
1,3,4,0.029824284599219358
2,2,4,0.2088844544951591
3,1,4,NaN
3,1,4,0.9357857374272102
4,0,4,NaN
2,2,4,0.9741337647667054
1,3,4,0.0010503082341749787
2,2,4,NaN
3,1,4,0.23017508876872544
2,2,4,0.9067597060883621
4,0,4,NaN
4,0,4,0.001258801048499187
2,2,4,0.047864252420009926
2,2,4,NaN
1,3,4,0.04470173761416834
2,2,4,NaN
3,1,4,NaN
3,1,4,0.41042378787561506
4,0,4,0.11302026105487464
3,1,4,NaN
4,0,4,NaN
4,0,4,NaN
2,2,4,0.1791109280893668
3,1,4,0.11302026105487464
2,2,4,0.7808948524004466
3,1,4,NaN
4,0,4,0.8909590781505728
3,1,4,NaN
1,3,4,0.43236761565170173
4,0,4,0.7188460181803934
2,2,4,0.025396716993254218
2,2,4,NaN
3,1,4,0.05916634506716057
3,1,4,NaN
4,0,4,NaN
4,0,4,NaN
2,2,4,0.927543983543266
2,2,4,0.9067597060883621
4,0,4,NaN
1,3,4,NaN
1,3,4,0.09652246162613985
4,0,4,NaN
3,1,4,0.09652246162613985
2,2,4,NaN
4,0,4,0.8302287522477523
3,1,4,NaN
2,2,4,0.11302026105487464
2,2,4,0.03744155143953566
1,3,4,NaN
1,3,4,NaN
1,3,4,0.07032466862804435
4,0,4,NaN
4,0,4,NaN
2,2,4,0.027508030988302654
2,2,4,0.6171887528449732
2,2,4,0.5523648636569257
4,0,4,0.00859888666763141
1,3,4,0.5983910585585586
4,0,4,NaN
2,2,4,NaN
1,3,4,NaN
3,1,4,0.41042378787561506
3,1,4,NaN
2,2,4,NaN
4,0,4,NaN
2,2,4,NaN
3,1,4,0.5983910585585586
2,2,4,0.8535399985089294
2,2,4,NaN
3,1,4,0.8909590781505728
3,1,4,0.5523648636569257
3,1,4,NaN
4,0,4,0.003202191731708833
2,2,4,0.8553916717037049
3,1,4,0.642689094081309
1,3,4,0.5076524678986474
4,0,4,NaN
4,0,4,0.9067597060883621
2,2,4,NaN
1,3,4,0.08139481150030385
2,2,4,NaN
3,1,4,NaN
3,1,4,NaN
2,2,4,NaN
1,3,4,NaN
3,1,4,NaN
2,2,4,NaN
2,2,4,NaN
1,3,4,0.6362490742088525
4,0,4,NaN
2,2,4,NaN
2,2,4,NaN
2,2,4,NaN
2,2,4,NaN
1,3,4,0.9859421773727781
2,2,4,3.050470790564359e-7
4,0,4,0.08139481150030385
3,1,4,NaN
3,1,4,NaN
4,0,4,NaN
2,2,4,NaN
4,0,4,NaN
3,1,4,NaN
2,2,4,NaN
2,2,4,0.8535399985089294
2,2,4,NaN
4,0,4,NaN
4,0,4,NaN
4,0,4,NaN
3,1,4,0.8561852817818494
4,0,4,NaN
2,2,4,0.8062781873736411
2,2,4,0.08139481150030385
2,2,4,0.9859421773727781
2,2,4,0.3193104281105608
3,1,4,NaN
3,1,4,NaN
4,0,4,0.3193104281105608
1,3,4,0.5523648636569257
4,0,4,0.7808948524004466
2,2,4,0.9943380522144175
3,1,4,0.5076524678986474
3,1,4,NaN
2,2,4,NaN
2,2,4,NaN
3,1,4,0.8535399985089294
4,0,4,NaN
4,0,4,0.003930060864272878
2,2,4,0.04263845043616167
1,3,4,NaN
4,0,4,0.06984398440883517
3,1,4,0.7188460181803934
2,2,4,NaN
3,1,4,NaN
1,3,4,NaN
2,2,4,0.5523648636569257
3,1,4,0.8852919168310224
3,1,4,NaN
4,0,4,NaN
4,0,4,NaN
3,1,4,NaN
4,0,4,NaN
3,1,4,0.3193104281105608
3,1,4,0.2426068904918033
1,3,4,0.41042378787561506
2,2,4,0.5076524678986474
3,1,4,NaN
3,1,4,NaN
2,2,4,NaN
4,0,4,NaN
2,2,4,0.13221071469067883
2,2,4,NaN
3,1,4,NaN
4,0,4,NaN
1,3,4,NaN
3,1,4,NaN
2,2,4,NaN
2,2,4,NaN
2,2,4,NaN
2,2,4,NaN
1,3,4,0.6826185730663652
2,2,4,0.303667340485516
4,0,4,0.21937986010385205
4,0,4,NaN
3,1,4,0.2088844544951591
3,1,4,NaN
3,1,4,0.5523648636569257
4,0,4,NaN
3,1,4,0.7188460181803934
1,3,4,NaN
1,3,4,0.3392924755135306
3,1,4,NaN
1,3,4,NaN
4,0,4,0.36374176270060876
4,0,4,0.6968592902867389
1,3,4,NaN
2,2,4,0.7808948524004466
1,3,4,NaN
1,3,4,0.4407996056478823
3,1,4,0.05916634506716057
2,2,4,NaN
1,3,4,NaN
4,0,4,NaN
3,1,4,NaN
3,1,4,0.15348760037464887
3,1,4,NaN
3,1,4,NaN
3,1,4,0.5523648636569257
4,0,4,NaN
3,1,4,0.9859421773727781
2,2,4,NaN
2,2,4,0.642689094081309
2,2,4,NaN
2,2,4,NaN
2,2,4,0.8535399985089294
3,1,4,NaN
3,1,4,0.6826185730663652
2,2,4,NaN
1,3,4,NaN
4,0,4,NaN
4,0,4,NaN
1,3,4,NaN
1,3,4,0.006770900559713291
3,1,4,NaN
4,0,4,0.8541969225493384
2,2,4,NaN
3,1,4,NaN
2,2,4,NaN
2,2,4,NaN
2,2,4,0.4768249905242542
1,3,4,0.7509979234994011
3,1,4,NaN
4,0,4,0.259026836012759
4,0,4,0.9659495665715027
3,1,4,0.029824284599219358
4,0,4,NaN
2,2,4,NaN
1,3,4,NaN
3,1,4,0.5523648636569257
2,2,4,NaN
4,0,4,NaN
2,2,4,0.5523648636569257
3,1,4,0.7822433197015767
2,2,4,NaN
3,1,4,0.7705598901163574
2,2,4,0.0503944665317212
4,0,4,NaN
4,0,4,0.8944736336032126
2,2,4,NaN
4,0,4,0.8535399985089294
2,2,4,NaN
4,0,4,0.1791109280893668
1,3,4,0.36374176270060876
4,0,4,NaN
4,0,4,NaN
4,0,4,0.0002550335332863065
3,1,4,NaN
1,3,4,0.36374176270060876
4,0,4,NaN
1,3,4,0.642689094081309
1,3,4,NaN
3,1,4,0.025396716993254218
4,0,4,NaN
1,3,4,NaN
3,1,4,0.6249803604794795
3,1,4,NaN
2,2,4,0.5523648636569257
1,3,4,0.2088844544951591
4,0,4,0.078028134970527
2,2,4,0.015641826901849724
4,0,4,NaN
3,1,4,0.017809239281788392
3,1,4,NaN
4,0,4,0.5523648636569257
3,1,4,NaN
1,3,4,NaN
1,3,4,NaN
4,0,4,0.8302287522477523
3,1,4,0.5219040426853898
1,3,4,NaN
3,1,4,NaN
3,1,4,NaN
4,0,4,0.2457057990975396
1,3,4,NaN
2,2,4,0.11302026105487464
4,0,4,0.2088844544951591
4,0,4,NaN
2,2,4,0.0005179527235359754
4,0,4,0.5523648636569257
1,3,4,0.8302287522477523
1,3,4,0.6826185730663652
2,2,4,NaN
3,1,4,0.9659495665715027
4,0,4,NaN
2,2,4,0.573098589262953
4,0,4,NaN
4,0,4,NaN
2,2,4,0.642689094081309
2,2,4,0.11302026105487464
1,3,4,0.7808948524004466
4,0,4,NaN
4,0,4,NaN
2,2,4,0.8723440292898591
1,3,4,NaN
3,1,4,NaN
4,0,4,0.02026453355916382
4,0,4,0.13221071469067883
3,1,4,0.7808948524004466
4,0,4,NaN
4,0,4,0.5523648636569257
4,0,4,NaN
3,1,4,NaN
3,1,4,0.2426068904918033
2,2,4,0.6826185730663652
2,2,4,NaN
1,3,4,0.14845913803494257
4,0,4,0.7509979234994011
2,2,4,NaN
2,2,4,0.044272105933506244
2,2,4,NaN
2,2,4,0.5560829983023156
2,2,4,NaN
4,0,4,NaN
4,0,4,0.937911853443747
2,2,4,NaN
1,3,4,NaN
3,1,4,NaN
2,2,4,0.7188460181803934
3,1,4,NaN
2,2,4,NaN
1,3,4,0.8062781873736411
3,1,4,NaN
4,0,4,NaN
2,2,4,NaN
2,2,4,NaN
1,3,4,0.003214912144702669
2,2,4,0.3489484909002858
3,1,4,0.48152378233972265
3,1,4,0.4320261469688353
4,0,4,0.2795481783803956
3,1,4,NaN
3,1,4,0.36374176270060876
3,1,4,0.39729098765966725
4,0,4,0.14093805555516792
3,1,4,0.7495075430661315
3,1,4,0.5599380770164533
2,2,4,0.029006128291712237
2,2,4,NaN
3,1,4,NaN
3,1,4,0.0019790567751703193
2,2,4,NaN
4,0,4,0.1914692023208227
2,2,4,NaN
2,2,4,0.012741653266331953
2,2,4,NaN
3,1,4,0.6530063044210376
1,3,4,NaN
1,3,4,0.8541969225493384
3,1,4,NaN
4,0,4,NaN
3,1,4,0.15348760037464887
2,2,4,0.33553033602770127
3,1,4,0.4509523635122677
4,0,4,NaN
3,1,4,0.03573862828111791
4,0,4,NaN
3,1,4,0.2426068904918033
4,0,4,NaN
1,3,4,NaN
1,3,4,NaN
4,0,4,NaN
3,1,4,0.005634571703672751
3,1,4,NaN
2,2,4,0.6826185730663652
3,1,4,NaN
2,2,4,NaN
2,2,4,0.018185161541041658
3,1,4,NaN
1,3,4,0.7592435954008507
2,2,4,NaN
2,2,4,0.2148611023327609
3,1,4,NaN
3,1,4,NaN
4,0,4,0.8723440292898591
3,1,4,NaN
3,1,4,NaN
2,2,4,NaN
3,1,4,0.13221071469067883
1,3,4,NaN
2,2,4,NaN
2,2,4,NaN
3,1,4,NaN
3,1,4,NaN
3,1,4,NaN
2,2,4,NaN
1,3,4,NaN
4,0,4,0.029824284599219358
3,1,4,NaN
1,3,4,0.3193104281105608
4,0,4,0.0061491277414928835
2,2,4,0.03744155143953566
3,1,4,NaN
1,3,4,0.002477370786516876
4,0,4,NaN
4,0,4,NaN
2,2,4,NaN
2,2,4,NaN
4,0,4,NaN
2,2,4,0.922423104079044
3,1,4,NaN
1,3,4,NaN
4,0,4,0.15348760037464887
1,3,4,NaN
3,1,4,0.7808948524004466
2,2,4,NaN
4,0,4,NaN
4,0,4,NaN
1,3,4,NaN
4,0,4,NaN
2,2,4,0.36374176270060876
3,1,4,NaN
1,3,4,NaN
3,1,4,0.012728285791901535
1,3,4,0.7188460181803934
2,2,4,NaN
3,1,4,0.748792122708687
1,3,4,NaN
3,1,4,NaN
3,1,4,NaN
4,0,4,NaN
1,3,4,NaN
3,1,4,NaN
3,1,4,NaN
3,1,4,NaN
2,2,4,0.11302026105487464
1,3,4,NaN
3,1,4,0.9795278105633365
1,3,4,NaN
2,2,4,0.06561588607036536
1,3,4,0.09652246162613985
2,2,4,NaN
4,0,4,NaN
2,2,4,0.7188460181803934
2,2,4,NaN
4,0,4,NaN
2,2,4,0.003214912144702669
3,1,4,NaN
2,2,4,0.0503944665317212
4,0,4,NaN
3,1,4,0.2088844544951591
4,0,4,NaN
3,1,4,NaN
1,3,4,NaN
1,3,4,0.8909590781505728
3,1,4,NaN
4,0,4,NaN
1,3,4,0.13221071469067883
1,3,4,NaN
2,2,4,NaN
1,3,4,NaN
4,0,4,0.4509523635122677
2,2,4,0.9205022691468101
4,0,4,0.2088844544951591
2,2,4,0.08562647313259962
2,2,4,NaN
4,0,4,NaN
1,3,4,0.2795481783803956
4,0,4,0.8062781873736411
3,1,4,NaN
4,0,4,NaN
4,0,4,0.06984398440883517
2,2,4,0.05916634506716057
3,1,4,0.3193104281105608
3,1,4,0.7509979234994011
2,2,4,NaN
3,1,4,NaN
2,2,4,NaN
4,0,4,NaN
2,2,4,NaN
4,0,4,0.5983910585585586
4,0,4,NaN
3,1,4,NaN
2,2,4,NaN
2,2,4,NaN
2,2,4,NaN
3,1,4,NaN
3,1,4,0.004755125215359324
3,1,4,0.09652246162613985
2,2,4,0.2426068904918033
3,1,4,NaN
2,2,4,NaN
1,3,4,0.06984398440883517
2,2,4,NaN
4,0,4,NaN
3,1,4,NaN
3,1,4,0.0005439124245645062
2,2,4,NaN
2,2,4,0.009903402887017673
4,0,4,NaN
4,0,4,NaN
4,0,4,0.9357857374272102
1,3,4,0.36374176270060876
1,3,4,NaN
3,1,4,NaN
3,1,4,0.11302026105487464
1,3,4,0.06984398440883517
1,3,4,0.20745192238654175
4,0,4,NaN
2,2,4,0.3193104281105608
2,2,4,NaN
2,2,4,0.41042378787561506
4,0,4,NaN
4,0,4,0.36374176270060876
1,3,4,NaN
1,3,4,NaN
4,0,4,NaN
2,2,4,NaN
4,0,4,0.6826185730663652
2,2,4,0.10022377131514992
4,0,4,0.7509979234994011
4,0,4,NaN
3,1,4,NaN
2,2,4,0.0013959937419511053
2,2,4,0.8062781873736411
2,2,4,NaN
2,2,4,NaN
4,0,4,NaN
2,2,4,0.88476797893601
4,0,4,NaN
3,1,4,0.04263845043616167
2,2,4,0.029824284599219358
3,1,4,NaN
3,1,4,NaN
2,2,4,NaN
3,1,4,0.8535399985089294
2,2,4,0.9357857374272102
3,1,4,0.5523648636569257
4,0,4,NaN
4,0,4,0.7808948524004466
1,3,4,NaN
3,1,4,0.09652246162613985
2,2,4,0.7200230968449273
2,2,4,0.41683820688230255
2,2,4,0.15348760037464887
2,2,4,NaN
4,0,4,NaN
1,3,4,NaN
2,2,4,NaN
4,0,4,NaN
4,0,4,0.41042378787561506
4,0,4,NaN
3,1,4,NaN
2,2,4,NaN
2,2,4,0.7509979234994011
3,1,4,0.41042378787561506
2,2,4,0.11302026105487464
1,3,4,0.5503952953604428
2,2,4,NaN
4,0,4,NaN
2,2,4,NaN
1,3,4,NaN
3,1,4,0.7509979234994011
2,2,4,0.045306099154188886
1,3,4,NaN
1,3,4,0.7188460181803934
4,0,4,NaN
3,1,4,NaN
3,1,4,NaN
2,2,4,NaN
4,0,4,NaN
2,2,4,0.01050871192496647
1,3,4,NaN
4,0,4,NaN
2,2,4,NaN
2,2,4,NaN
3,1,4,NaN
4,0,4,NaN
2,2,4,0.04263845043616167
1,3,4,0.2795481783803956
2,2,4,NaN
3,1,4,0.642689094081309
3,1,4,NaN
3,1,4,NaN
1,3,4,NaN
1,3,4,0.1791109280893668
2,2,4,0.36374176270060876
1,3,4,NaN
4,0,4,NaN
4,0,4,0.09652246162613985
4,0,4,NaN
2,2,4,0.7808948524004466
1,3,4,NaN
1,3,4,0.15348760037464887
2,2,4,NaN
3,1,4,0.9844310353087087
4,0,4,NaN
3,1,4,0.2088844544951591
1,3,4,0.2426068904918033
2,2,4,0.044015513192781484
2,2,4,NaN
3,1,4,NaN
2,2,4,0.029824284599219358
2,2,4,NaN
2,2,4,0.4586140219451372
4,0,4,NaN
3,1,4,0.00860264728312664
1,3,4,NaN
1,3,4,NaN
2,2,4,0.7188460181803934
1,3,4,0.4586140219451372
2,2,4,0.642689094081309
4,0,4,NaN
2,2,4,0.08139481150030385
4,0,4,0.2426068904918033
4,0,4,NaN
4,0,4,NaN
4,0,4,NaN
4,0,4,NaN
4,0,4,0.9067597060883621
2,2,4,0.642689094081309
4,0,4,0.3782498717433507
4,0,4,0.8062781873736411
1,3,4,NaN
2,2,4,0.7808948524004466
2,2,4,0.4232468654287105
1,3,4,NaN
3,1,4,NaN
4,0,4,NaN
1,3,4,0.5076524678986474
2,2,4,0.8909590781505728
2,2,4,NaN
1,3,4,0.8535399985089294
4,0,4,0.36374176270060876
3,1,4,0.05916634506716057
2,2,4,0.0503944665317212
2,2,4,NaN
3,1,4,0.41042378787561506
1,3,4,NaN
3,1,4,NaN
2,2,4,NaN
3,1,4,NaN
3,1,4,0.4499556474224432
3,1,4,NaN
2,2,4,NaN
1,3,4,0.09652246162613985
3,1,4,0.02143073799725636
4,0,4,0.13668591831866247
1,3,4,NaN
4,0,4,NaN
1,3,4,NaN
3,1,4,0.017809239281788392
3,1,4,NaN
2,2,4,NaN
3,1,4,0.8302287522477523
3,1,4,NaN
2,2,4,0.3193104281105608
1,3,4,0.27723159621686005
3,1,4,NaN
3,1,4,NaN
3,1,4,0.8302287522477523
1,3,4,0.8302287522477523
3,1,4,0.15348760037464887
2,2,4,0.04263845043616167
2,2,4,0.8723440292898591
4,0,4,NaN
3,1,4,NaN
3,1,4,0.9859421773727781
2,2,4,NaN
2,2,4,0.5983910585585586
1,3,4,NaN
2,2,4,NaN
3,1,4,0.2795481783803956
3,1,4,0.7509979234994011
2,2,4,0.9067597060883621
2,2,4,NaN
2,2,4,0.9286312325354106
2,2,4,NaN
2,2,4,NaN
4,0,4,NaN
3,1,4,NaN
2,2,4,0.642689094081309
3,1,4,NaN
3,1,4,0.2088844544951591
3,1,4,NaN
2,2,4,NaN
4,0,4,0.8723440292898591
3,1,4,0.0034923227572351517
2,2,4,0.3539872178544108
1,3,4,0.017809239281788392
2,2,4,NaN
2,2,4,NaN
2,2,4,NaN
2,2,4,NaN
4,0,4,NaN
4,0,4,0.022891263570270506
3,1,4,NaN
3,1,4,NaN
3,1,4,0.9962564702532718
4,0,4,NaN
1,3,4,0.5983910585585586
2,2,4,NaN
2,2,4,NaN
2,2,4,0.8302287522477523
4,0,4,0.6826185730663652
3,1,4,NaN
2,2,4,0.0064042884516363335
2,2,4,NaN
3,1,4,NaN
2,2,4,0.029824284599219358
4,0,4,0.642689094081309
1,3,4,NaN
1,3,4,0.00962525273030865
3,1,4,0.025396716993254218
3,1,4,NaN
2,2,4,0.8057752006203193
1,3,4,NaN
1,3,4,NaN
2,2,4,NaN
4,0,4,0.4586140219451372
3,1,4,0.20575842482077578
3,1,4,NaN
2,2,4,NaN
4,0,4,NaN
2,2,4,0.1332089766351878
3,1,4,0.9828215662512327
3,1,4,0.5983910585585586
1,3,4,NaN
1,3,4,NaN
2,2,4,NaN
2,2,4,NaN
3,1,4,NaN
1,3,4,0.36374176270060876
2,2,4,0.5315862019114886
2,2,4,0.4586140219451372
4,0,4,NaN
4,0,4,NaN
4,0,4,NaN
2,2,4,NaN
3,1,4,0.41042378787561506
2,2,4,0.24948505413372468
2,2,4,NaN
2,2,4,NaN
1,3,4,0.2795481783803956
4,0,4,0.2088844544951591
1,3,4,0.8909590781505728
2,2,4,NaN
4,0,4,NaN
3,1,4,NaN
4,0,4,NaN
1,3,4,NaN
1,3,4,0.9048961914377454
4,0,4,NaN
3,1,4,NaN
2,2,4,0.7808948524004466
4,0,4,0.08139481150030385
2,2,4,0.3193104281105608
2,2,4,NaN
1,3,4,NaN
2,2,4,NaN
3,1,4,NaN
4,0,4,0.5394882506144599
3,1,4,0.7188460181803934
4,0,4,NaN
2,2,4,NaN
4,0,4,NaN
4,0,4,NaN
3,1,4,0.13221071469067883
3,1,4,NaN
2,2,4,NaN
2,2,4,0.981236864265928
2,2,4,0.6428295751651378
3,1,4,NaN
3,1,4,0.8535399985089294
2,2,4,NaN
3,1,4,NaN
4,0,4,NaN
4,0,4,0.5523648636569257
3,1,4,NaN
3,1,4,0.2088844544951591
3,1,4,NaN
3,1,4,NaN
3,1,4,NaN
3,1,4,0.1196553105104064
4,0,4,NaN
4,0,4,NaN
1,3,4,0.08139481150030385
3,1,4,NaN
3,1,4,NaN
3,1,4,0.8062781873736411
1,3,4,0.2795481783803956
3,1,4,NaN
3,1,4,0.3193104281105608
3,1,4,0.8723440292898591
3,1,4,0.20530956635757
4,0,4,NaN
2,2,4,NaN
2,2,4,0.8909590781505728
2,2,4,NaN
2,2,4,NaN
3,1,4,0.6826185730663652
3,1,4,NaN
4,0,4,NaN
4,0,4,NaN
4,0,4,0.7451192768384926
2,2,4,NaN
4,0,4,0.2795481783803956
4,0,4,0.025396716993254218
2,2,4,NaN
2,2,4,NaN
3,1,4,NaN
2,2,4,NaN
4,0,4,NaN
3,1,4,0.007485788801246609
1,3,4,NaN
3,1,4,0.2795481783803956
2,2,4,NaN
4,0,4,0.05905265891384327
3,1,4,NaN
1,3,4,NaN
3,1,4,0.5631703616681515
2,2,4,0.7808948524004466
4,0,4,NaN
4,0,4,NaN
1,3,4,0.08139481150030385
2,2,4,0.029824284599219358
3,1,4,NaN
2,2,4,0.41042378787561506
1,3,4,0.8062781873736411
3,1,4,NaN
3,1,4,0.8302287522477523
4,0,4,0.41042378787561506
1,3,4,NaN
3,1,4,NaN
2,2,4,NaN
4,0,4,NaN
1,3,4,0.7509979234994011
3,1,4,NaN
1,3,4,0.9558673561307651
2,2,4,NaN
4,0,4,0.00789902270808456
2,2,4,NaN
3,1,4,0.5864286103227294
2,2,4,NaN
3,1,4,NaN
2,2,4,NaN
3,1,4,0.2426068904918033
4,0,4,0.2426068904918033
3,1,4,NaN
2,2,4,0.8302287522477523
2,2,4,NaN
3,1,4,NaN
2,2,4,NaN
2,2,4,0.9357857374272102
2,2,4,0.027508030988302654
2,2,4,0.0503944665317212
2,2,4,NaN
2,2,4,NaN
2,2,4,NaN
4,0,4,0.04263845043616167
4,0,4,NaN
3,1,4,NaN
4,0,4,NaN
3,1,4,0.0010559298792997792
3,1,4,0.8062781873736411
3,1,4,0.09652246162613985
4,0,4,0.8062781873736411
2,2,4,0.08139481150030385
2,2,4,0.02143073799725636
4,0,4,NaN
1,3,4,0.1285455441123512
4,0,4,NaN
2,2,4,0.1914692023208227
1,3,4,NaN
3,1,4,NaN
3,1,4,0.1791109280893668
3,1,4,NaN
4,0,4,0.6826185730663652
1,3,4,0.5523648636569257
2,2,4,NaN
3,1,4,NaN
4,0,4,NaN
2,2,4,0.09652246162613985
3,1,4,NaN
2,2,4,NaN
2,2,4,NaN
1,3,4,NaN
3,1,4,0.6061233859150627
3,1,4,NaN
2,2,4,NaN
3,1,4,NaN
1,3,4,0.4509523635122677
2,2,4,NaN
4,0,4,NaN
1,3,4,NaN
4,0,4,0.9067597060883621
2,2,4,NaN
3,1,4,NaN
2,2,4,NaN
1,3,4,0.5983910585585586
2,2,4,0.9954273361972739
3,1,4,0.6294090224292507
3,1,4,0.8062781873736411
3,1,4,NaN
3,1,4,NaN
3,1,4,NaN
3,1,4,0.36374176270060876
3,1,4,0.4747666970762931
3,1,4,0.03573862828111791
4,0,4,NaN
4,0,4,NaN
3,1,4,NaN
4,0,4,0.7935049952260002
1,3,4,NaN
3,1,4,0.6974365127878831
3,1,4,0.5523648636569257
2,2,4,0.922423104079044
4,0,4,0.6207383620468492
2,2,4,NaN
3,1,4,0.36374176270060876
3,1,4,0.09652246162613985
3,1,4,0.6826185730663652
3,1,4,0.017809239281788392
1,3,4,NaN
4,0,4,NaN
2,2,4,NaN
2,2,4,NaN
3,1,4,NaN
3,1,4,0.3193104281105608
4,0,4,NaN
2,2,4,0.02143073799725636
3,1,4,0.20750499037103476
2,2,4,NaN
2,2,4,NaN
2,2,4,NaN
1,3,4,0.4586140219451372
2,2,4,NaN
3,1,4,NaN
4,0,4,0.41042378787561506
4,0,4,NaN
4,0,4,NaN
4,0,4,NaN
3,1,4,NaN
2,2,4,0.7188460181803934
4,0,4,NaN
4,0,4,0.7188460181803934
2,2,4,0.7188460181803934
4,0,4,NaN
1,3,4,NaN
4,0,4,0.2088844544951591
3,1,4,NaN
2,2,4,NaN
3,1,4,0.04263845043616167
4,0,4,NaN
3,1,4,0.0503944665317212
1,3,4,NaN
2,2,4,0.35055741112662414
3,1,4,NaN
2,2,4,0.11302026105487464
3,1,4,NaN
4,0,4,NaN
4,0,4,NaN
4,0,4,NaN
3,1,4,0.5523648636569257
4,0,4,NaN
2,2,4,NaN
4,0,4,NaN
2,2,4,NaN
3,1,4,0.15724194830956753
4,0,4,NaN
3,1,4,NaN
2,2,4,0.9067597060883621
4,0,4,NaN
4,0,4,NaN
2,2,4,NaN
3,1,4,NaN
2,2,4,0.8062781873736411
3,1,4,0.7509979234994011
2,2,4,0.8909590781505728
3,1,4,NaN
4,0,4,NaN
3,1,4,0.674528987906287
4,0,4,NaN
4,0,4,0.9741337647667054
3,1,4,NaN
4,0,4,NaN
2,2,4,NaN
1,3,4,0.02143073799725636
2,2,4,0.5983910585585586
4,0,4,0.2426068904918033
3,1,4,NaN
1,3,4,NaN
1,3,4,0.02622823020257257
2,2,4,0.08139481150030385
2,2,4,0.4586140219451372
1,3,4,0.8723440292898591
2,2,4,0.012741653266331953
1,3,4,NaN
3,1,4,NaN
2,2,4,NaN
3,1,4,NaN
4,0,4,NaN
3,1,4,0.5775525665651291
2,2,4,NaN
4,0,4,NaN
2,2,4,0.9067597060883621
3,1,4,NaN
2,2,4,0.00385039679028731
2,2,4,NaN
4,0,4,NaN
1,3,4,0.13246258082539156
3,1,4,NaN
2,2,4,0.5523648636569257
3,1,4,0.5523648636569257
1,3,4,NaN
1,3,4,NaN
3,1,4,0.8062781873736411
3,1,4,NaN
2,2,4,NaN
4,0,4,NaN
3,1,4,0.15054831467497862
2,2,4,NaN
1,3,4,NaN
3,1,4,0.09652246162613985
2,2,4,0.00789902270808456
3,1,4,NaN
3,1,4,NaN
4,0,4,0.015089968713335646
3,1,4,NaN
3,1,4,NaN
3,1,4,NaN
3,1,4,0.36374176270060876
4,0,4,NaN
2,2,4,0.7188460181803934
4,0,4,0.11302026105487464
2,2,4,NaN
1,3,4,NaN
3,1,4,NaN
4,0,4,NaN
2,2,4,0.297434731070703
3,1,4,0.1343044059825942
2,2,4,NaN
1,3,4,0.16642372214710482
2,2,4,NaN
4,0,4,NaN
2,2,4,7.320916418514978e-5
3,1,4,NaN
2,2,4,0.017809239281788392
2,2,4,0.0009170410861246321
3,1,4,NaN
1,3,4,NaN
3,1,4,0.8302287522477523
3,1,4,NaN
2,2,4,0.9884781171727786
2,2,4,NaN
3,1,4,NaN
3,1,4,NaN
2,2,4,NaN
1,3,4,0.4586140219451372
2,2,4,NaN
2,2,4,NaN
3,1,4,NaN
4,0,4,0.36374176270060876
3,1,4,NaN
3,1,4,0.029824284599219358
1,3,4,NaN
4,0,4,NaN
4,0,4,NaN
2,2,4,0.642689094081309
3,1,4,NaN
3,1,4,0.05916634506716057
1,3,4,0.4586140219451372
1,3,4,NaN
1,3,4,NaN
4,0,4,NaN
3,1,4,NaN
2,2,4,NaN
4,0,4,NaN
1,3,4,NaN
2,2,4,NaN
3,1,4,NaN
2,2,4,NaN
3,1,4,NaN
2,2,4,0.8944736336032126
3,1,4,NaN
1,3,4,0.09652246162613985
2,2,4,0.2426068904918033
2,2,4,NaN
4,0,4,NaN
3,1,4,0.06623234046470323
3,1,4,NaN
1,3,4,NaN
4,0,4,NaN
1,3,4,NaN
2,2,4,NaN
3,1,4,NaN
3,1,4,NaN
3,1,4,0.015089968713335646
1,3,4,NaN
1,3,4,0.15348760037464887
2,2,4,NaN
2,2,4,NaN
2,2,4,NaN
3,1,4,NaN
3,1,4,NaN
2,2,4,NaN
4,0,4,0.19841324000921667
2,2,4,NaN
4,0,4,NaN
2,2,4,NaN
2,2,4,NaN
1,3,4,0.41042378787561506
4,0,4,NaN
2,2,4,NaN
3,1,4,NaN
2,2,4,NaN
3,1,4,NaN
1,3,4,0.35055741112662414
3,1,4,NaN
4,0,4,0.022000620422363462
4,0,4,NaN
4,0,4,NaN
3,1,4,0.07484460240983529
2,2,4,0.029824284599219358
3,1,4,0.7509979234994011
2,2,4,0.8909590781505728
4,0,4,NaN
2,2,4,0.1196553105104064
4,0,4,NaN
2,2,4,0.36374176270060876
1,3,4,NaN
3,1,4,NaN
1,3,4,NaN
4,0,4,0.00860264728312664
2,2,4,NaN
4,0,4,0.5523648636569257
1,3,4,NaN
3,1,4,NaN
2,2,4,0.01050871192496647
1,3,4,0.922423104079044
1,3,4,0.3193104281105608
4,0,4,0.6294090224292507
2,2,4,0.8723440292898591
4,0,4,NaN
1,3,4,NaN
1,3,4,NaN
2,2,4,NaN
2,2,4,0.31739451692645715
3,1,4,NaN
4,0,4,0.06984398440883517
4,0,4,NaN
4,0,4,0.642689094081309
1,3,4,NaN
1,3,4,NaN
2,2,4,0.8535399985089294
3,1,4,0.15293463632549356
4,0,4,NaN
3,1,4,NaN
3,1,4,0.4269412936168248
4,0,4,NaN
4,0,4,NaN
3,1,4,NaN
1,3,4,NaN
1,3,4,NaN
3,1,4,0.3193104281105608
2,2,4,5.1216260161231316e-5
4,0,4,NaN
3,1,4,NaN
4,0,4,0.03299592477585781
2,2,4,0.3193104281105608
3,1,4,NaN
3,1,4,NaN
4,0,4,0.2426068904918033
2,2,4,0.2088844544951591
2,2,4,0.044236630644288503
2,2,4,0.8302287522477523
3,1,4,NaN
1,3,4,0.23220176049889238
4,0,4,NaN
3,1,4,NaN
3,1,4,0.5523648636569257
2,2,4,NaN
3,1,4,NaN
4,0,4,NaN
2,2,4,0.09686470441855767
4,0,4,0.5983910585585586
4,0,4,0.17005011166707953
4,0,4,0.017809239281788392
2,2,4,NaN
1,3,4,0.41042378787561506
1,3,4,NaN
3,1,4,NaN
1,3,4,0.5874601510943419
3,1,4,0.7808948524004466
2,2,4,NaN
2,2,4,0.7188460181803934
2,2,4,0.5523648636569257
2,2,4,NaN
3,1,4,0.8723440292898591
2,2,4,0.2579902629090897
2,2,4,0.9574121554627333
3,1,4,0.5076524678986474
3,1,4,NaN
4,0,4,NaN
1,3,4,0.13221071469067883
2,2,4,0.4586140219451372
2,2,4,NaN
1,3,4,NaN
4,0,4,0.41042378787561506
3,1,4,0.5076524678986474
4,0,4,NaN
4,0,4,NaN
2,2,4,NaN
3,1,4,NaN
1,3,4,NaN
3,1,4,0.007704649812927888
3,1,4,0.0011746029617338795
1,3,4,NaN
4,0,4,0.15348760037464887
3,1,4,0.3193104281105608
3,1,4,0.475667907113151
2,2,4,0.0009783961780176985
2,2,4,0.8302287522477523
3,1,4,NaN
1,3,4,NaN
4,0,4,0.11302026105487464
4,0,4,NaN
2,2,4,0.9067597060883621
3,1,4,0.2795481783803956
2,2,4,0.8302287522477523
2,2,4,0.8062781873736411
2,2,4,0.2426068904918033
4,0,4,NaN
3,1,4,0.6826185730663652
3,1,4,NaN
4,0,4,NaN
1,3,4,NaN
1,3,4,0.13221071469067883
1,3,4,0.004712440902467837
3,1,4,NaN
4,0,4,0.2795481783803956
1,3,4,0.8723440292898591
4,0,4,0.2088844544951591
2,2,4,0.9980108750397455
1,3,4,NaN
4,0,4,NaN
3,1,4,NaN
2,2,4,NaN
1,3,4,NaN
3,1,4,0.020153329198068854
2,2,4,0.6409055963569094
1,3,4,NaN
4,0,4,0.18171920579528528
2,2,4,NaN
3,1,4,NaN
3,1,4,NaN
3,1,4,0.012741653266331953
2,2,4,NaN
2,2,4,0.6826185730663652
3,1,4,0.8535399985089294
2,2,4,0.5076524678986474
4,0,4,0.09652246162613985
1,3,4,NaN
4,0,4,NaN
1,3,4,0.012741653266331953
3,1,4,0.0069040987561524445
2,2,4,0.8062781873736411
3,1,4,0.7188460181803934
1,3,4,0.8062781873736411
4,0,4,NaN
3,1,4,NaN
4,0,4,0.573098589262953
3,1,4,NaN
2,2,4,NaN
4,0,4,NaN
2,2,4,NaN
3,1,4,NaN
2,2,4,0.00860264728312664
2,2,4,NaN
2,2,4,NaN
2,2,4,NaN
4,0,4,0.02143073799725636
2,2,4,0.6826185730663652
3,1,4,NaN
2,2,4,0.922423104079044
2,2,4,NaN
3,1,4,NaN
3,1,4,0.4586140219451372
4,0,4,NaN
4,0,4,NaN
3,1,4,NaN
4,0,4,NaN
2,2,4,3.07642471978845e-7
2,2,4,NaN
2,2,4,0.4586140219451372
1,3,4,NaN
4,0,4,NaN
3,1,4,0.2426068904918033
3,1,4,NaN
1,3,4,0.9067597060883621
4,0,4,0.03573862828111791
2,2,4,NaN
1,3,4,0.8062781873736411
1,3,4,0.4241587222964671
1,3,4,0.8909590781505728
3,1,4,NaN
3,1,4,NaN
3,1,4,NaN
3,1,4,0.8909590781505728
2,2,4,NaN
3,1,4,0.03937651173538658
2,2,4,0.36598509448815425
4,0,4,NaN
2,2,4,0.09772938773646368
4,0,4,0.3193104281105608
2,2,4,NaN
1,3,4,0.9829272234933872
3,1,4,NaN
2,2,4,NaN
2,2,4,NaN
2,2,4,0.41042378787561506
3,1,4,NaN
3,1,4,NaN
3,1,4,0.3193104281105608
4,0,4,NaN
3,1,4,NaN
3,1,4,0.017809239281788392
3,1,4,NaN
2,2,4,NaN
3,1,4,0.7343570285351995
3,1,4,NaN
2,2,4,0.981236864265928
2,2,4,0.4586140219451372
3,1,4,NaN
2,2,4,NaN
1,3,4,NaN
4,0,4,0.5523648636569257
2,2,4,NaN
4,0,4,NaN
1,3,4,NaN
1,3,4,0.2795481783803956
1,3,4,0.018822229530140944
4,0,4,NaN
4,0,4,NaN
2,2,4,0.3193104281105608
2,2,4,0.11939227017671435
1,3,4,NaN
4,0,4,0.36374176270060876
2,2,4,0.642689094081309
2,2,4,0.13221071469067883
2,2,4,0.16074243712970235
2,2,4,0.000982882958779308
3,1,4,0.5523648636569257
3,1,4,0.5076524678986474
4,0,4,NaN
1,3,4,0.922423104079044
4,0,4,NaN
2,2,4,0.9067597060883621
1,3,4,0.13221071469067883
2,2,4,0.36374176270060876
2,2,4,NaN
3,1,4,NaN
2,2,4,NaN
2,2,4,NaN
1,3,4,NaN
1,3,4,0.029824284599219358
2,2,4,NaN
1,3,4,0.5156032575670741
4,0,4,0.7808948524004466
2,2,4,NaN
4,0,4,0.0503944665317212
3,1,4,NaN
1,3,4,0.08139481150030385
2,2,4,0.11302026105487464
2,2,4,0.7702448330499047
1,3,4,NaN
3,1,4,NaN
1,3,4,NaN
4,0,4,NaN
2,2,4,NaN
4,0,4,0.09652246162613985
4,0,4,NaN
1,3,4,NaN
2,2,4,NaN
2,2,4,0.034725938020986245
3,1,4,NaN
4,0,4,NaN
4,0,4,NaN
1,3,4,NaN
2,2,4,0.6826185730663652
4,0,4,0.5523648636569257
2,2,4,0.08562647313259962
1,3,4,0.15348760037464887
2,2,4,NaN
4,0,4,0.004712440902467837
2,2,4,NaN
1,3,4,0.4586140219451372
4,0,4,NaN
2,2,4,0.1791109280893668
4,0,4,NaN
1,3,4,0.7509979234994011
2,2,4,0.41042378787561506
1,3,4,NaN
1,3,4,NaN
1,3,4,0.03711682851394331
4,0,4,0.7030493161436396
4,0,4,NaN
4,0,4,0.9657654635746113
4,0,4,NaN
3,1,4,NaN
2,2,4,NaN
2,2,4,NaN
4,0,4,0.11302026105487464
3,1,4,0.5076524678986474
3,1,4,NaN
2,2,4,0.02143073799725636
4,0,4,NaN
2,2,4,NaN
1,3,4,NaN
2,2,4,NaN
3,1,4,NaN
4,0,4,0.7808948524004466
1,3,4,NaN
2,2,4,0.2795481783803956
2,2,4,0.001470921095008115
3,1,4,0.17315317102683372
2,2,4,NaN
2,2,4,NaN
1,3,4,0.7509979234994011
3,1,4,NaN
2,2,4,0.1791109280893668
4,0,4,NaN
3,1,4,NaN
1,3,4,0.8535399985089294
4,0,4,0.3792575179707511
3,1,4,NaN
2,2,4,NaN
3,1,4,NaN
3,1,4,NaN
4,0,4,0.8062781873736411
1,3,4,0.017277348672206583
1,3,4,NaN
2,2,4,0.03573862828111791
4,0,4,NaN
1,3,4,NaN
1,3,4,NaN
1,3,4,NaN
1,3,4,NaN
4,0,4,NaN
2,2,4,0.36374176270060876
2,2,4,0.015929148216902913
3,1,4,0.8909590781505728
2,2,4,0.36374176270060876
3,1,4,0.9284464569541958
3,1,4,NaN
2,2,4,NaN
1,3,4,0.01050871192496647
2,2,4,NaN
4,0,4,NaN
1,3,4,0.1507288277158161
3,1,4,NaN
2,2,4,NaN
1,3,4,0.13221071469067883
3,1,4,0.08699386357691172
3,1,4,0.5932088128375318
3,1,4,0.0503944665317212
3,1,4,0.8302287522477523
1,3,4,0.2426068904918033
1,3,4,NaN
2,2,4,0.03573862828111791
3,1,4,NaN
2,2,4,NaN
3,1,4,0.05916634506716057
3,1,4,0.5985877804158679
2,2,4,0.44531755543553586
1,3,4,NaN
4,0,4,NaN
4,0,4,NaN
1,3,4,NaN
4,0,4,NaN
3,1,4,NaN
4,0,4,0.9741337647667054
4,0,4,0.8302287522477523
3,1,4,NaN
4,0,4,0.11302026105487464
3,1,4,NaN
3,1,4,0.007114009197751627
2,2,4,0.5523648636569257
4,0,4,0.8723440292898591
1,3,4,0.7808948524004466
3,1,4,0.029269190734238656
3,1,4,0.04329979010941631
1,3,4,0.6971319114748225
2,2,4,0.1914692023208227
4,0,4,NaN
3,1,4,0.5983910585585586
4,0,4,0.5523648636569257
2,2,4,0.3923575317320546
2,2,4,NaN
2,2,4,NaN
2,2,4,NaN
2,2,4,NaN
1,3,4,NaN
4,0,4,NaN
4,0,4,NaN
3,1,4,0.6826185730663652
1,3,4,NaN
4,0,4,0.8723440292898591
2,2,4,NaN
3,1,4,NaN
3,1,4,0.3782498717433507
2,2,4,NaN
3,1,4,NaN
2,2,4,NaN
1,3,4,NaN
1,3,4,NaN
4,0,4,0.9067597060883621
3,1,4,NaN
2,2,4,NaN
1,3,4,NaN
3,1,4,NaN
3,1,4,0.0503944665317212
2,2,4,NaN
3,1,4,NaN
2,2,4,NaN
4,0,4,NaN
4,0,4,0.9925883253395366
2,2,4,0.0454828655092002
4,0,4,0.5076524678986474
4,0,4,0.36374176270060876
3,1,4,NaN
1,3,4,NaN
1,3,4,0.13221071469067883
2,2,4,0.5076524678986474
1,3,4,NaN
2,2,4,0.2088844544951591
2,2,4,NaN
3,1,4,0.004712440902467837
4,0,4,NaN
3,1,4,0.6044506196146403
3,1,4,0.8852919168310224
1,3,4,NaN
3,1,4,0.8062781873736411
2,2,4,NaN
3,1,4,NaN
4,0,4,NaN
3,1,4,0.08139481150030385
2,2,4,0.5523648636569257
1,3,4,0.019960832771329706
4,0,4,0.9989980546552272
2,2,4,0.5983910585585586
4,0,4,0.11302026105487464
2,2,4,NaN
3,1,4,NaN
2,2,4,NaN
3,1,4,NaN
4,0,4,NaN
4,0,4,NaN
3,1,4,0.15447326004550502
1,3,4,NaN
1,3,4,NaN
1,3,4,0.5860451392419934
2,2,4,0.14173400335563793
3,1,4,NaN
3,1,4,NaN
1,3,4,NaN
1,3,4,NaN
3,1,4,NaN
4,0,4,0.8062781873736411
2,2,4,0.4768249905242542
4,0,4,0.0010994536095155476
1,3,4,NaN
3,1,4,NaN
2,2,4,0.5983910585585586
3,1,4,NaN
4,0,4,0.36374176270060876
2,2,4,NaN
4,0,4,NaN
1,3,4,0.922423104079044
2,2,4,0.7188460181803934
1,3,4,0.5076524678986474
2,2,4,0.5983910585585586
2,2,4,0.8429544588585163
4,0,4,0.5523648636569257
4,0,4,NaN
2,2,4,NaN
3,1,4,NaN
3,1,4,NaN
3,1,4,0.13221071469067883
4,0,4,NaN
3,1,4,NaN
2,2,4,0.6931027965350215
3,1,4,NaN
2,2,4,NaN
4,0,4,0.7509979234994011
1,3,4,0.2088844544951591
1,3,4,0.07452475029607389
2,2,4,NaN
2,2,4,NaN
1,3,4,0.0503944665317212
3,1,4,NaN
2,2,4,NaN
3,1,4,NaN
3,1,4,0.7188460181803934
1,3,4,NaN
4,0,4,0.31057181548614277
4,0,4,NaN
1,3,4,0.41042378787561506
3,1,4,NaN
3,1,4,0.11302026105487464
3,1,4,0.9741337647667054
2,2,4,NaN
2,2,4,0.001470921095008115
3,1,4,NaN
1,3,4,NaN
4,0,4,NaN
2,2,4,NaN
4,0,4,0.5523648636569257
2,2,4,NaN
2,2,4,NaN
3,1,4,NaN
3,1,4,NaN
3,1,4,NaN
2,2,4,0.0503944665317212
2,2,4,0.0054955344676331725
2,2,4,NaN
4,0,4,0.5523648636569257
4,0,4,NaN
2,2,4,NaN
4,0,4,0.8062781873736411
1,3,4,NaN
3,1,4,NaN
2,2,4,NaN
3,1,4,NaN
3,1,4,0.642689094081309
3,1,4,0.5983910585585586
1,3,4,0.4586140219451372
2,2,4,NaN
1,3,4,NaN
3,1,4,0.5076524678986474
1,3,4,0.47956854147816147
3,1,4,NaN
3,1,4,NaN
3,1,4,NaN
1,3,4,NaN
3,1,4,0.5523648636569257
3,1,4,0.03573862828111791
2,2,4,NaN
3,1,4,0.10894352278014344
1,3,4,0.017809239281788392
3,1,4,0.2426068904918033
3,1,4,NaN
1,3,4,0.2426068904918033
2,2,4,0.7188460181803934
2,2,4,NaN
1,3,4,NaN
2,2,4,NaN
1,3,4,NaN
1,3,4,NaN
2,2,4,NaN
2,2,4,NaN
4,0,4,0.04835752092594552
2,2,4,NaN
2,2,4,NaN
2,2,4,0.5983910585585586
1,3,4,0.029824284599219358
1,3,4,NaN
1,3,4,0.5523648636569257
2,2,4,NaN
4,0,4,0.003930060864272878
2,2,4,NaN
2,2,4,0.5983910585585586
2,2,4,NaN
2,2,4,0.41042378787561506
3,1,4,0.09652246162613985
3,1,4,NaN
2,2,4,NaN
2,2,4,0.7808948524004466
3,1,4,NaN
2,2,4,NaN
1,3,4,NaN
4,0,4,NaN
3,1,4,NaN
2,2,4,NaN
3,1,4,NaN
1,3,4,0.41042378787561506
3,1,4,0.6043031688736673
2,2,4,0.1791109280893668
1,3,4,0.2426068904918033
1,3,4,NaN
3,1,4,NaN
3,1,4,0.8302287522477523
3,1,4,NaN
3,1,4,NaN
1,3,4,NaN
4,0,4,NaN
3,1,4,NaN
2,2,4,0.9659495665715027
2,2,4,NaN
1,3,4,NaN
1,3,4,NaN
4,0,4,NaN
4,0,4,NaN
1,3,4,NaN
2,2,4,0.15348760037464887
2,2,4,NaN
3,1,4,0.5983910585585586
2,2,4,NaN
2,2,4,0.9859421773727781
4,0,4,NaN
4,0,4,0.41042378787561506
2,2,4,0.7509979234994011
2,2,4,NaN
1,3,4,NaN
4,0,4,NaN
3,1,4,NaN
2,2,4,NaN
3,1,4,NaN
4,0,4,NaN
2,2,4,NaN
1,3,4,NaN
2,2,4,0.0008251940656063438
3,1,4,0.3193104281105608
3,1,4,0.5983910585585586
3,1,4,0.04015257437073957
2,2,4,0.7509979234994011
3,1,4,NaN
2,2,4,0.3193104281105608
3,1,4,NaN
1,3,4,NaN
2,2,4,0.03573862828111791
3,1,4,0.5076524678986474
3,1,4,0.13221071469067883
1,3,4,NaN
4,0,4,0.44590523132693405
1,3,4,0.11302026105487464
4,0,4,0.11302026105487464
4,0,4,NaN
2,2,4,NaN
1,3,4,0.7808948524004466
2,2,4,NaN
3,1,4,0.2620074453481993
4,0,4,NaN
3,1,4,NaN
3,1,4,0.7188460181803934
2,2,4,NaN
2,2,4,0.17005011166707953
2,2,4,NaN
1,3,4,NaN
4,0,4,0.7808948524004466
1,3,4,0.7947730014080849
1,3,4,0.8535399985089294
2,2,4,0.41042378787561506
3,1,4,NaN
2,2,4,3.1457495922991394e-5
4,0,4,0.642689094081309
1,3,4,0.5983910585585586
1,3,4,0.6826185730663652
1,3,4,NaN
2,2,4,NaN
2,2,4,NaN
4,0,4,NaN
4,0,4,NaN
3,1,4,NaN
2,2,4,0.5076524678986474
2,2,4,NaN
4,0,4,NaN
2,2,4,0.2426068904918033
1,3,4,NaN
2,2,4,NaN
2,2,4,NaN
4,0,4,NaN
3,1,4,NaN
1,3,4,0.1285455441123512
3,1,4,NaN
2,2,4,NaN
4,0,4,0.5076524678986474
3,1,4,0.09652246162613985
1,3,4,0.029824284599219358
2,2,4,0.6608542298589877
3,1,4,0.4586140219451372
2,2,4,0.9357857374272102
3,1,4,NaN
4,0,4,NaN
1,3,4,NaN
2,2,4,NaN
1,3,4,NaN
2,2,4,NaN
3,1,4,0.8214861748612021
4,0,4,NaN
3,1,4,NaN
3,1,4,NaN
1,3,4,0.2426068904918033
2,2,4,NaN
4,0,4,NaN
4,0,4,0.4586140219451372
3,1,4,0.007114009197751627
1,3,4,0.922423104079044
3,1,4,0.025396716993254218
1,3,4,NaN
1,3,4,NaN
3,1,4,0.5983910585585586
4,0,4,NaN
1,3,4,NaN
1,3,4,NaN
4,0,4,NaN
1,3,4,0.012741653266331953
2,2,4,NaN
2,2,4,NaN
4,0,4,NaN
4,0,4,0.642689094081309
3,1,4,0.7509979234994011
2,2,4,0.08930626318115963
2,2,4,NaN
2,2,4,NaN
4,0,4,NaN
2,2,4,0.00038284861878394724
3,1,4,0.8535399985089294
1,3,4,NaN
2,2,4,NaN
2,2,4,NaN
2,2,4,NaN
1,3,4,0.5746573339212786
4,0,4,0.5523648636569257
2,2,4,NaN
3,1,4,0.9357857374272102
2,2,4,NaN
2,2,4,NaN
3,1,4,0.2088844544951591
3,1,4,NaN
3,1,4,0.8852449165617161
1,3,4,NaN
3,1,4,0.2088844544951591
2,2,4,0.02143073799725636
3,1,4,0.6826185730663652
2,2,4,NaN
4,0,4,0.6826185730663652
1,3,4,0.7188460181803934
1,3,4,NaN
4,0,4,0.015089968713335646
2,2,4,NaN
2,2,4,0.2426068904918033
3,1,4,0.2088844544951591
2,2,4,NaN
2,2,4,0.08139481150030385
2,2,4,NaN
2,2,4,0.6826185730663652
2,2,4,NaN
2,2,4,NaN
4,0,4,NaN
3,1,4,NaN
2,2,4,NaN
1,3,4,0.2426068904918033
2,2,4,0.642689094081309
2,2,4,NaN
4,0,4,NaN
1,3,4,NaN
1,3,4,NaN
3,1,4,0.025586680101271082
2,2,4,0.6826185730663652
2,2,4,NaN
2,2,4,0.04263845043616167
2,2,4,0.8605431061660134
2,2,4,NaN
4,0,4,0.41042378787561506
3,1,4,0.5076524678986474
1,3,4,0.06984398440883517
2,2,4,0.8062781873736411
1,3,4,NaN
2,2,4,NaN
1,3,4,0.0716829847554457
1,3,4,NaN
3,1,4,NaN
2,2,4,0.025396716993254218
2,2,4,0.2795481783803956
4,0,4,0.568887047512532
2,2,4,NaN
4,0,4,NaN
2,2,4,0.8062781873736411
3,1,4,NaN
1,3,4,NaN
1,3,4,0.9205022691468101
2,2,4,0.5983910585585586
3,1,4,NaN
2,2,4,NaN
1,3,4,0.41042378787561506
3,1,4,0.5076524678986474
2,2,4,0.012741653266331953
3,1,4,NaN
3,1,4,NaN
2,2,4,0.1791109280893668
3,1,4,NaN
2,2,4,0.5076524678986474
2,2,4,0.41042378787561506
2,2,4,0.2795481783803956
2,2,4,NaN
3,1,4,NaN
2,2,4,0.2795481783803956
1,3,4,NaN
1,3,4,NaN
4,0,4,0.8062781873736411
3,1,4,6.582664473456004e-7
2,2,4,NaN
1,3,4,NaN
2,2,4,0.5983910585585586
1,3,4,0.11302026105487464
1,3,4,NaN
3,1,4,0.05916634506716057
3,1,4,NaN
4,0,4,NaN
1,3,4,NaN
3,1,4,NaN
2,2,4,0.7808948524004466
1,3,4,0.13221071469067883
4,0,4,NaN
1,3,4,NaN
3,1,4,NaN
2,2,4,NaN
1,3,4,0.41042378787561506
2,2,4,0.4586140219451372
4,0,4,NaN
2,2,4,0.4586140219451372
2,2,4,0.9067597060883621
3,1,4,NaN
2,2,4,NaN
1,3,4,NaN
2,2,4,0.09652246162613985
2,2,4,NaN
3,1,4,0.2620074453481993
4,0,4,NaN
2,2,4,NaN
2,2,4,0.8302287522477523
1,3,4,0.06623234046470323
2,2,4,NaN
3,1,4,NaN
1,3,4,NaN
4,0,4,NaN
1,3,4,0.13221071469067883
4,0,4,0.573098589262953
2,2,4,NaN
2,2,4,0.2088844544951591
4,0,4,NaN
3,1,4,0.029824284599219358
4,0,4,0.02143073799725636
2,2,4,0.004712440902467837
2,2,4,NaN
2,2,4,0.7808948524004466
2,2,4,0.00860264728312664
2,2,4,0.7808948524004466
2,2,4,NaN
1,3,4,0.07635387708333277
1,3,4,NaN
1,3,4,NaN
2,2,4,0.406677565583014
1,3,4,NaN
4,0,4,0.08139481150030385
2,2,4,NaN
3,1,4,0.059237020935790044
3,1,4,0.7200230968449273
3,1,4,0.025396716993254218
3,1,4,NaN
3,1,4,NaN
2,2,4,NaN
1,3,4,NaN
1,3,4,0.15348760037464887
1,3,4,0.919239197653196
3,1,4,NaN
3,1,4,NaN
1,3,4,0.8302287522477523
1,3,4,0.22034501435689713
2,2,4,NaN
1,3,4,NaN
4,0,4,NaN
2,2,4,NaN
2,2,4,0.7509979234994011
2,2,4,NaN
3,1,4,NaN
2,2,4,NaN
3,1,4,NaN
2,2,4,NaN
2,2,4,NaN
3,1,4,NaN
2,2,4,NaN
1,3,4,NaN
3,1,4,NaN
2,2,4,0.20745192238654175
1,3,4,NaN
3,1,4,0.33312240218552014
2,2,4,0.11302026105487464
2,2,4,NaN
1,3,4,0.6477269811252031
2,2,4,0.5983910585585586
1,3,4,0.5523648636569257
4,0,4,NaN
2,2,4,NaN
2,2,4,NaN
4,0,4,0.9475679371961635
2,2,4,NaN
1,3,4,NaN
3,1,4,0.13221071469067883
1,3,4,0.04263845043616167
1,3,4,NaN
3,1,4,NaN
2,2,4,NaN
4,0,4,NaN
4,0,4,NaN
1,3,4,NaN
1,3,4,NaN
4,0,4,NaN
2,2,4,NaN
1,3,4,NaN
2,2,4,0.981236864265928
2,2,4,NaN
2,2,4,NaN
2,2,4,0.7188460181803934
2,2,4,0.8535399985089294
4,0,4,NaN
1,3,4,NaN
3,1,4,0.9574121554627333
4,0,4,NaN
2,2,4,NaN
3,1,4,0.0503944665317212
2,2,4,NaN
1,3,4,NaN
2,2,4,NaN
1,3,4,0.6826185730663652
2,2,4,NaN
2,2,4,NaN
3,1,4,NaN
3,1,4,NaN
1,3,4,NaN
2,2,4,0.2088844544951591
2,2,4,0.11302026105487464
2,2,4,0.36374176270060876
2,2,4,0.07616835997014719
4,0,4,NaN
1,3,4,NaN
2,2,4,0.5983910585585586
1,3,4,NaN
2,2,4,NaN
2,2,4,NaN
2,2,4,NaN
2,2,4,NaN
2,2,4,0.07494908197964965
2,2,4,NaN
1,3,4,NaN
3,1,4,0.15348760037464887
2,2,4,0.15724194830956753
2,2,4,NaN
1,3,4,0.7794380416376637
2,2,4,NaN
3,1,4,NaN
4,0,4,0.003214912144702669
3,1,4,0.2795481783803956
4,0,4,0.642689094081309
2,2,4,0.1791109280893668
1,3,4,0.15348760037464887
2,2,4,0.2795481783803956
2,2,4,NaN
1,3,4,NaN
2,2,4,NaN
2,2,4,0.06984398440883517
1,3,4,NaN
1,3,4,NaN
1,3,4,NaN
3,1,4,NaN
2,2,4,0.2795481783803956
3,1,4,0.00292500727324291
2,2,4,NaN
2,2,4,0.7509979234994011
3,1,4,NaN
3,1,4,NaN
1,3,4,0.12762163803186358
2,2,4,0.8792329841577521
2,2,4,NaN
2,2,4,NaN
2,2,4,NaN
4,0,4,0.09652246162613985
4,0,4,0.06984398440883517
3,1,4,NaN
2,2,4,0.41042378787561506
2,2,4,NaN
2,2,4,NaN
4,0,4,NaN
4,0,4,NaN
1,3,4,NaN
2,2,4,NaN
1,3,4,0.00860264728312664
3,1,4,NaN
1,3,4,NaN
1,3,4,NaN
1,3,4,0.001470921095008115
2,2,4,NaN
2,2,4,0.981236864265928
2,2,4,NaN
1,3,4,0.5076524678986474
1,3,4,NaN
2,2,4,0.17291573926128034
3,1,4,NaN
4,0,4,0.5523648636569257
1,3,4,NaN
2,2,4,NaN
2,2,4,NaN
2,2,4,NaN
2,2,4,4.540092878652221e-5
1,3,4,0.05916634506716057
2,2,4,0.6826185730663652
4,0,4,0.1345368778613298
2,2,4,NaN
3,1,4,NaN
1,3,4,NaN
2,2,4,0.007114009197751627
1,3,4,0.7876047692022679
2,2,4,0.025396716993254218
1,3,4,NaN
2,2,4,0.08139481150030385
1,3,4,0.5523648636569257
1,3,4,NaN
1,3,4,NaN
3,1,4,NaN
1,3,4,NaN
2,2,4,NaN
2,2,4,0.04263845043616167
2,2,4,0.03573862828111791
3,1,4,0.04357429465823395
3,1,4,NaN
4,0,4,0.9859421773727781
2,2,4,NaN
2,2,4,NaN
4,0,4,NaN
2,2,4,NaN
2,2,4,NaN
4,0,4,0.05916634506716057
2,2,4,NaN
1,3,4,NaN
3,1,4,0.3193104281105608
1,3,4,0.5076524678986474
4,0,4,3.32755081770201e-5
1,3,4,0.7509979234994011
2,2,4,0.9954273361972739
1,3,4,NaN
4,0,4,0.13221071469067883
2,2,4,NaN
3,1,4,NaN
1,3,4,NaN
1,3,4,0.04263845043616167
1,3,4,NaN
2,2,4,NaN
2,2,4,NaN
2,2,4,0.15348760037464887
2,2,4,0.8535399985089294
4,0,4,0.025396716993254218
1,3,4,NaN
1,3,4,0.016901043880074358
2,2,4,NaN
4,0,4,NaN
3,1,4,NaN
4,0,4,NaN
2,2,4,NaN
3,1,4,0.2088844544951591
3,1,4,NaN
2,2,4,NaN
2,2,4,NaN
2,2,4,0.36374176270060876
3,1,4,0.9659495665715027
3,1,4,NaN
2,2,4,NaN
1,3,4,0.5523648636569257
1,3,4,0.9369195570314781
1,3,4,NaN
3,1,4,NaN
2,2,4,NaN
2,2,4,0.5523648636569257
4,0,4,NaN
1,3,4,NaN
2,2,4,NaN
2,2,4,0.4424005131029683
2,2,4,NaN
1,3,4,0.8453443682376957
3,1,4,0.09652246162613985
1,3,4,0.4586140219451372
4,0,4,0.02143073799725636
2,2,4,NaN
3,1,4,0.4586140219451372
4,0,4,0.14333204027328048
2,2,4,0.4586140219451372
1,3,4,0.922423104079044
4,0,4,0.015089968713335646
1,3,4,NaN
1,3,4,NaN
2,2,4,NaN
3,1,4,0.7473876440837338
4,0,4,NaN
2,2,4,0.5076524678986474
2,2,4,NaN
1,3,4,NaN
1,3,4,0.9741337647667054
2,2,4,NaN
1,3,4,0.06984398440883517
3,1,4,NaN
1,3,4,0.2795481783803956
1,3,4,NaN
1,3,4,NaN
1,3,4,0.2426068904918033
4,0,4,NaN
3,1,4,0.6826185730663652
1,3,4,NaN
4,0,4,0.32885543104665566
1,3,4,NaN
2,2,4,NaN
2,2,4,NaN
2,2,4,0.0008685110294110262
4,0,4,NaN
1,3,4,NaN
3,1,4,NaN
1,3,4,0.7188460181803934
1,3,4,0.5523648636569257
2,2,4,NaN
2,2,4,NaN
2,2,4,0.08139481150030385
3,1,4,NaN
2,2,4,0.9659495665715027
2,2,4,0.3193104281105608
1,3,4,NaN
1,3,4,NaN
1,3,4,0.2426068904918033
3,1,4,0.9829272234933872
3,1,4,0.08139481150030385
2,2,4,0.11302026105487464
2,2,4,0.029824284599219358
1,3,4,0.2198772778835353
2,2,4,NaN
2,2,4,NaN
3,1,4,NaN
2,2,4,NaN
2,2,4,NaN
2,2,4,NaN
1,3,4,0.05916634506716057
2,2,4,0.05916634506716057
1,3,4,0.06984398440883517
1,3,4,NaN
2,2,4,0.2088844544951591
3,1,4,NaN
2,2,4,0.41042378787561506
2,2,4,NaN
3,1,4,0.004712440902467837
4,0,4,NaN
1,3,4,0.7509979234994011
4,0,4,0.922423104079044
3,1,4,0.002475685272217427
3,1,4,0.050230828087824725
2,2,4,0.02143073799725636
2,2,4,0.04263845043616167
2,2,4,NaN
2,2,4,NaN
2,2,4,0.34366979599149156
3,1,4,NaN
3,1,4,0.36374176270060876
3,1,4,0.03573862828111791
2,2,4,NaN
2,2,4,NaN
3,1,4,NaN
3,1,4,NaN
2,2,4,NaN
1,3,4,NaN
1,3,4,NaN
4,0,4,NaN
2,2,4,NaN
1,3,4,0.6826185730663652
4,0,4,0.08139481150030385
4,0,4,NaN
2,2,4,NaN
1,3,4,0.04263845043616167
2,2,4,NaN
1,3,4,NaN
2,2,4,0.04263845043616167
2,2,4,0.8909590781505728
1,3,4,NaN
2,2,4,NaN
2,2,4,0.2579902629090897
2,2,4,0.2088844544951591
1,3,4,0.2088844544951591
3,1,4,0.7188460181803934
1,3,4,0.35416243832195843
3,1,4,0.8062781873736411
1,3,4,0.06984398440883517
1,3,4,0.11013903538218041
2,2,4,0.06984398440883517
2,2,4,NaN
3,1,4,NaN
2,2,4,0.3193104281105608
3,1,4,0.9925883253395366
3,1,4,NaN
4,0,4,0.0503944665317212
1,3,4,0.8302287522477523
3,1,4,NaN
2,2,4,NaN
1,3,4,NaN
2,2,4,NaN
2,2,4,0.5076524678986474
2,2,4,0.4586140219451372
1,3,4,NaN
3,1,4,NaN
2,2,4,0.00860264728312664
2,2,4,NaN
2,2,4,NaN
1,3,4,0.4586140219451372
3,1,4,0.8909590781505728
1,3,4,NaN
1,3,4,NaN
3,1,4,NaN
1,3,4,NaN
2,2,4,0.3193104281105608
1,3,4,0.8296408141378224
4,0,4,NaN
2,2,4,NaN
3,1,4,NaN
1,3,4,NaN
4,0,4,NaN
1,3,4,NaN
3,1,4,NaN
1,3,4,0.0016830600738690134
1,3,4,NaN
1,3,4,NaN
2,2,4,NaN
2,2,4,0.8296863037817443
3,1,4,NaN
3,1,4,NaN
3,1,4,NaN
1,3,4,0.029824284599219358
4,0,4,0.5983910585585586
2,2,4,NaN
3,1,4,0.0503944665317212
2,2,4,0.41042378787561506
3,1,4,0.014232341652945788
1,3,4,NaN
1,3,4,NaN
1,3,4,0.010879277985521194
4,0,4,NaN
1,3,4,NaN
1,3,4,0.15348760037464887
4,0,4,NaN
2,2,4,0.2795481783803956
2,2,4,0.36374176270060876
4,0,4,NaN
1,3,4,NaN
2,2,4,0.4586140219451372
2,2,4,NaN
3,1,4,NaN
4,0,4,0.1791109280893668
2,2,4,0.6826185730663652
2,2,4,NaN
3,1,4,NaN
3,1,4,NaN
2,2,4,NaN
2,2,4,0.09652246162613985
2,2,4,0.3193104281105608
1,3,4,NaN
2,2,4,NaN
1,3,4,0.003930060864272878
2,2,4,NaN
2,2,4,NaN
1,3,4,NaN
1,3,4,NaN
1,3,4,0.1791109280893668
2,2,4,NaN
4,0,4,NaN
3,1,4,NaN
3,1,4,0.016153244622073726
2,2,4,0.7188460181803934
4,0,4,NaN
3,1,4,0.8302287522477523
1,3,4,0.8535399985089294
2,2,4,NaN
2,2,4,NaN
2,2,4,NaN
2,2,4,NaN
2,2,4,0.04263845043616167
2,2,4,NaN
3,1,4,0.9475679371961635
4,0,4,0.9205022691468101
1,3,4,0.4320261469688353
2,2,4,NaN
1,3,4,NaN
1,3,4,NaN
2,2,4,NaN
2,2,4,0.44305679904553413
4,0,4,0.3193104281105608
1,3,4,0.2469862036916197
2,2,4,NaN
2,2,4,NaN
1,3,4,0.025396716993254218
1,3,4,NaN
4,0,4,0.9184463550994023
3,1,4,0.7509979234994011
1,3,4,NaN
2,2,4,NaN
1,3,4,0.36374176270060876
1,3,4,0.2088844544951591
2,2,4,NaN
4,0,4,NaN
2,2,4,NaN
1,3,4,NaN
1,3,4,0.29536578456422036
1,3,4,0.5127779956941191
1,3,4,0.11302026105487464
3,1,4,NaN
4,0,4,NaN
1,3,4,0.8909590781505728
2,2,4,NaN
4,0,4,0.11302026105487464
2,2,4,0.5983910585585586
2,2,4,0.37855620142926727
1,3,4,NaN
1,3,4,0.7808948524004466
2,2,4,2.099817295217859e-6
3,1,4,0.5523648636569257
3,1,4,0.2426068904918033
2,2,4,0.36374176270060876
2,2,4,0.7808948524004466
1,3,4,0.36374176270060876
1,3,4,NaN
2,2,4,NaN
2,2,4,5.5548283460070226e-5
1,3,4,0.7509979234994011
1,3,4,0.6152702301754254
3,1,4,NaN
1,3,4,NaN
2,2,4,NaN
2,2,4,0.8062781873736411
2,2,4,NaN
4,0,4,NaN
1,3,4,NaN
2,2,4,NaN
1,3,4,NaN
2,2,4,0.3193104281105608
1,3,4,0.7509979234994011
1,3,4,0.9574121554627333
2,2,4,NaN
1,3,4,NaN
2,2,4,0.9067597060883621
1,3,4,NaN
2,2,4,NaN
1,3,4,0.15348760037464887
2,2,4,NaN
1,3,4,0.024355955732919307
1,3,4,NaN
3,1,4,NaN
2,2,4,NaN
1,3,4,NaN
1,3,4,NaN
1,3,4,0.7509979234994011
4,0,4,0.066071799305842
2,2,4,0.9946806672073457
2,2,4,NaN
4,0,4,0.3193104281105608
1,3,4,NaN
3,1,4,0.9659495665715027
3,1,4,0.6826185730663652
2,2,4,NaN
3,1,4,NaN
3,1,4,NaN
1,3,4,NaN
1,3,4,NaN
4,0,4,0.00860264728312664
4,0,4,NaN
2,2,4,0.31527419291512426
1,3,4,NaN
2,2,4,0.41042378787561506
1,3,4,0.08139481150030385
3,1,4,NaN
1,3,4,0.642689094081309
4,0,4,0.3193104281105608
1,3,4,0.5523648636569257
3,1,4,NaN
1,3,4,0.26500681223384814
2,2,4,0.8062781873736411
3,1,4,NaN
1,3,4,0.6826185730663652
4,0,4,0.2795481783803956
1,3,4,0.2088844544951591
3,1,4,NaN
3,1,4,NaN
2,2,4,0.6826185730663652
2,2,4,NaN
1,3,4,0.4586140219451372
3,1,4,NaN
3,1,4,NaN
1,3,4,NaN
2,2,4,NaN
1,3,4,0.04003868391963271
3,1,4,NaN
3,1,4,NaN
1,3,4,NaN
2,2,4,NaN
2,2,4,NaN
4,0,4,0.8535399985089294
2,2,4,NaN
3,1,4,NaN
2,2,4,0.003930060864272878
1,3,4,NaN
1,3,4,NaN
2,2,4,0.08139481150030385
4,0,4,NaN
2,2,4,NaN
2,2,4,NaN
1,3,4,0.4586140219451372
2,2,4,NaN
1,3,4,NaN
1,3,4,NaN
1,3,4,NaN
2,2,4,0.06984398440883517
2,2,4,0.642689094081309
2,2,4,0.9574121554627333
1,3,4,NaN
2,2,4,NaN
3,1,4,0.36374176270060876
3,1,4,NaN
1,3,4,0.5523648636569257
1,3,4,0.3193104281105608
4,0,4,0.7808948524004466
2,2,4,0.6826185730663652
1,3,4,NaN
1,3,4,NaN
1,3,4,0.6826185730663652
2,2,4,NaN
4,0,4,NaN
4,0,4,NaN
2,2,4,0.36374176270060876
1,3,4,0.025827535539812787
3,1,4,NaN
3,1,4,NaN
2,2,4,NaN
2,2,4,0.3193104281105608
1,3,4,NaN
1,3,4,0.3193104281105608
2,2,4,0.6826185730663652
3,1,4,0.642689094081309
1,3,4,NaN
2,2,4,NaN
1,3,4,0.5983910585585586
1,3,4,NaN
3,1,4,NaN
3,1,4,0.8536890179043052
1,3,4,0.03274307698091546
2,2,4,0.4586140219451372
1,3,4,NaN
4,0,4,NaN
2,2,4,NaN
2,2,4,NaN
1,3,4,NaN
3,1,4,0.12884497614045487
4,0,4,0.16292093236998983
3,1,4,NaN
4,0,4,NaN
2,2,4,NaN
1,3,4,NaN
2,2,4,NaN
1,3,4,NaN
2,2,4,0.48152378233972265
3,1,4,NaN
1,3,4,0.2088844544951591
1,3,4,0.7509979234994011
2,2,4,0.6826185730663652
2,2,4,NaN
2,2,4,0.0023123473912791377
1,3,4,NaN
1,3,4,0.09772938773646368
4,0,4,NaN
3,1,4,0.9067597060883621
4,0,4,NaN
2,2,4,0.642689094081309
4,0,4,NaN
1,3,4,0.36374176270060876
2,2,4,NaN
4,0,4,0.6089458443252129
1,3,4,0.41042378787561506
1,3,4,0.06984398440883517
3,1,4,0.5983910585585586
2,2,4,NaN
1,3,4,NaN
2,2,4,0.13221071469067883
4,0,4,NaN
3,1,4,0.02143073799725636
2,2,4,0.2726213554364114
2,2,4,0.2579283231289492
1,3,4,0.6826185730663652
4,0,4,NaN
1,3,4,NaN
1,3,4,NaN
1,3,4,0.017809239281788392
3,1,4,NaN
2,2,4,NaN
4,0,4,0.02143073799725636
1,3,4,NaN
4,0,4,NaN
3,1,4,0.7524223403141036
1,3,4,NaN
1,3,4,NaN
1,3,4,0.8302287522477523
2,2,4,NaN
1,3,4,NaN
2,2,4,NaN
1,3,4,NaN
1,3,4,NaN
1,3,4,NaN
2,2,4,NaN
1,3,4,NaN
2,2,4,NaN
1,3,4,0.1791109280893668
2,2,4,0.41042378787561506
2,2,4,0.07778394099179928
2,2,4,0.0006631347204783787
2,2,4,0.06984398440883517
2,2,4,0.4586140219451372
1,3,4,NaN
2,2,4,0.004712440902467837
2,2,4,NaN
1,3,4,0.13221071469067883
1,3,4,0.043766073668168336
1,3,4,0.06191127561887038
1,3,4,NaN
2,2,4,NaN
2,2,4,0.3544622708725064
2,2,4,NaN
3,1,4,0.06984398440883517
1,3,4,NaN
2,2,4,NaN
1,3,4,0.7808948524004466
1,3,4,NaN
1,3,4,0.08139481150030385
1,3,4,0.01228943904807997
1,3,4,0.6826185730663652
1,3,4,NaN
1,3,4,NaN
2,2,4,0.4586140219451372
2,2,4,NaN
1,3,4,NaN
2,2,4,0.5983910585585586
1,3,4,NaN
1,3,4,NaN
2,2,4,NaN
4,0,4,NaN
3,1,4,NaN
1,3,4,NaN
1,3,4,0.08139481150030385
2,2,4,NaN
2,2,4,0.3193104281105608
2,2,4,NaN
1,3,4,0.15267757669266235
1,3,4,NaN
1,3,4,NaN
1,3,4,0.5523648636569257
2,2,4,NaN
1,3,4,NaN
3,1,4,NaN
2,2,4,0.15348760037464887
2,2,4,0.5076524678986474
2,2,4,NaN
2,2,4,0.6826185730663652
1,3,4,NaN
1,3,4,0.41042378787561506
1,3,4,NaN
3,1,4,NaN
1,3,4,NaN
3,1,4,NaN
1,3,4,NaN
2,2,4,0.41042378787561506
2,2,4,NaN
1,3,4,NaN
1,3,4,0.10684511001705474
2,2,4,NaN
2,2,4,NaN
1,3,4,0.8535399985089294
1,3,4,0.2088844544951591
2,2,4,0.9067597060883621
1,3,4,0.05916634506716057
1,3,4,NaN
1,3,4,0.13058353111180626
3,1,4,0.48034970863649584
1,3,4,NaN
4,0,4,NaN
1,3,4,0.03684952771599749
1,3,4,0.015089968713335646
1,3,4,NaN
1,3,4,NaN
2,2,4,NaN
1,3,4,NaN
2,2,4,0.7188460181803934
3,1,4,0.00010230392233880059
1,3,4,0.06753146072351487
2,2,4,0.14861309234686118
4,0,4,NaN
1,3,4,NaN
3,1,4,NaN
1,3,4,NaN
1,3,4,0.7188460181803934
1,3,4,0.1501800452173334
1,3,4,NaN
1,3,4,NaN
3,1,4,NaN
2,2,4,0.03573862828111791
1,3,4,0.36374176270060876
1,3,4,0.5839875771372758
1,3,4,NaN
1,3,4,NaN
1,3,4,NaN
2,2,4,0.9067597060883621
2,2,4,NaN
1,3,4,NaN
3,1,4,NaN
2,2,4,0.031780124353045315
2,2,4,NaN
1,3,4,NaN
1,3,4,NaN
4,0,4,NaN
2,2,4,0.36374176270060876
3,1,4,0.03266585238292765
1,3,4,NaN
1,3,4,NaN
1,3,4,NaN
1,3,4,NaN
1,3,4,0.7188460181803934
4,0,4,NaN
1,3,4,NaN
1,3,4,NaN
1,3,4,0.9067597060883621
1,3,4,NaN
4,0,4,NaN
2,2,4,0.25841956246150666
2,2,4,0.5983910585585586
2,2,4,NaN
1,3,4,NaN
3,1,4,0.09652246162613985
2,2,4,0.13221071469067883
1,3,4,NaN
3,1,4,0.12757492095481585
1,3,4,0.17005011166707953
1,3,4,NaN
1,3,4,0.2426068904918033
2,2,4,NaN
2,2,4,NaN
1,3,4,NaN
2,2,4,NaN
2,2,4,0.7808948524004466
2,2,4,NaN
1,3,4,0.9475679371961635
1,3,4,NaN
3,1,4,NaN
3,1,4,NaN
1,3,4,NaN
2,2,4,NaN
1,3,4,NaN
3,1,4,NaN
2,2,4,NaN
1,3,4,NaN
1,3,4,NaN
3,1,4,0.7188460181803934
2,2,4,0.05916634506716057
3,1,4,0.04263845043616167
1,3,4,0.8062781873736411
1,3,4,NaN
2,2,4,NaN
2,2,4,NaN
1,3,4,NaN
2,2,4,NaN
1,3,4,NaN
2,2,4,0.5983910585585586
1,3,4,NaN
1,3,4,NaN
1,3,4,NaN
1,3,4,NaN
2,2,4,0.503727628525087
1,3,4,NaN
2,2,4,0.7808948524004466
1,3,4,NaN
1,3,4,0.981236864265928
1,3,4,NaN
2,2,4,NaN
2,2,4,0.038285073980454644
1,3,4,0.8425056912543271
1,3,4,NaN
2,2,4,NaN
3,1,4,NaN
1,3,4,0.003930060864272878
4,0,4,0.642689094081309
2,2,4,0.41042378787561506
4,0,4,NaN
3,1,4,NaN
1,3,4,NaN
2,2,4,NaN
1,3,4,NaN
1,3,4,NaN
1,3,4,NaN
1,3,4,NaN
1,3,4,NaN
1,3,4,0.2795481783803956
2,2,4,0.5523648636569257
2,2,4,NaN
1,3,4,NaN
1,3,4,NaN
2,2,4,0.922423104079044
1,3,4,NaN
1,3,4,0.5523648636569257
1,3,4,NaN
1,3,4,0.41042378787561506
4,0,4,NaN
4,0,4,NaN
1,3,4,NaN
1,3,4,NaN
1,3,4,NaN
1,3,4,NaN
1,3,4,NaN
2,2,4,0.06984398440883517
1,3,4,NaN
1,3,4,NaN
2,2,4,0.11302026105487464
1,3,4,0.9886161538635195
1,3,4,0.0012872410341957209
2,2,4,0.9357857374272102
1,3,4,NaN
4,0,4,NaN
2,2,4,0.9475679371961635
1,3,4,NaN
2,2,4,NaN
2,2,4,0.09652246162613985
2,2,4,0.19677433186419235
1,3,4,NaN
1,3,4,NaN
1,3,4,NaN
1,3,4,NaN
1,3,4,NaN
1,3,4,0.981236864265928
3,1,4,NaN
1,3,4,NaN
1,3,4,NaN
3,1,4,NaN
2,2,4,0.9897292732740418
2,2,4,NaN
1,3,4,0.05916634506716057
2,2,4,NaN
1,3,4,0.8944736336032126
2,2,4,0.3193104281105608
1,3,4,0.5890819576529448
1,3,4,NaN
1,3,4,NaN
1,3,4,NaN
1,3,4,NaN
2,2,4,NaN
3,1,4,0.9067597060883621
3,1,4,NaN
1,3,4,NaN
1,3,4,0.23035644557879284
3,1,4,0.3193104281105608
1,3,4,9.761002800273908e-5
2,2,4,NaN
1,3,4,NaN
1,3,4,NaN
1,3,4,NaN
2,2,4,0.11302026105487464
1,3,4,0.6826185730663652
2,2,4,NaN
1,3,4,NaN
1,3,4,NaN
1,3,4,NaN
1,3,4,NaN
2,2,4,NaN
2,2,4,NaN
1,3,4,0.8344642894794267
4,0,4,0.7509979234994011
1,3,4,0.00789902270808456
2,2,4,0.2795481783803956
1,3,4,0.8535399985089294
1,3,4,NaN
1,3,4,NaN
1,3,4,NaN
1,3,4,0.5523648636569257
2,2,4,0.02143073799725636
2,2,4,NaN
1,3,4,NaN
1,3,4,NaN
1,3,4,0.6826185730663652
4,0,4,NaN
3,1,4,0.7509979234994011
1,3,4,0.8535399985089294
2,2,4,0.002477370786516876
1,3,4,NaN
2,2,4,0.012741653266331953
2,2,4,NaN
1,3,4,NaN
2,2,4,NaN
1,3,4,NaN
1,3,4,NaN
3,1,4,NaN
1,3,4,0.3160899889570763
1,3,4,NaN
3,1,4,NaN
1,3,4,NaN
3,1,4,0.2795481783803956
1,3,4,NaN
1,3,4,NaN
1,3,4,NaN
4,0,4,NaN
1,3,4,0.9897292732740418
1,3,4,NaN
2,2,4,NaN
1,3,4,NaN
4,0,4,NaN
1,3,4,NaN
1,3,4,0.2426068904918033
2,2,4,NaN
2,2,4,0.9659495665715027
1,3,4,NaN
1,3,4,0.7509979234994011
1,3,4,NaN
1,3,4,NaN
1,3,4,0.5983910585585586
2,2,4,NaN
2,2,4,0.3193104281105608
2,2,4,0.15636213083665665
2,2,4,0.9574121554627333
2,2,4,NaN
1,3,4,0.00860264728312664
1,3,4,NaN
2,2,4,NaN
1,3,4,NaN
2,2,4,NaN
1,3,4,0.642689094081309
1,3,4,0.36374176270060876
2,2,4,NaN
1,3,4,0.5076524678986474
1,3,4,NaN
1,3,4,NaN
1,3,4,0.08139481150030385
1,3,4,NaN
1,3,4,0.9248553079152058
3,1,4,NaN
1,3,4,0.054745096208648966
1,3,4,NaN
2,2,4,NaN
1,3,4,NaN
1,3,4,NaN
2,2,4,0.36374176270060876
1,3,4,NaN
1,3,4,NaN
1,3,4,0.11518815992355043
2,2,4,NaN
1,3,4,NaN
1,3,4,0.4586140219451372
1,3,4,0.1791109280893668
1,3,4,NaN
1,3,4,NaN
1,3,4,NaN
4,0,4,0.981236864265928
1,3,4,NaN
1,3,4,NaN
1,3,4,0.4586140219451372
1,3,4,NaN
3,1,4,NaN
1,3,4,NaN
2,2,4,NaN
1,3,4,NaN
1,3,4,NaN
1,3,4,NaN
1,3,4,0.0017028858468560463
3,1,4,0.04263845043616167
1,3,4,NaN
3,1,4,0.012741653266331953
2,2,4,0.36374176270060876
1,3,4,NaN
1,3,4,NaN
1,3,4,0.9544852420108386
2,2,4,0.3362410089588093
2,2,4,0.4586140219451372
1,3,4,0.8274942747355742
1,3,4,NaN
1,3,4,NaN
1,3,4,NaN
1,3,4,NaN
1,3,4,0.2088844544951591
1,3,4,0.5822293086838857
2,2,4,0.15348760037464887
1,3,4,0.7808948524004466
1,3,4,0.5983910585585586
1,3,4,0.8302287522477523
1,3,4,0.9301145769401022
2,2,4,0.4586140219451372
2,2,4,0.02143073799725636
1,3,4,NaN
2,2,4,NaN
1,3,4,0.4586140219451372
1,3,4,0.2426068904918033
1,3,4,0.9357857374272102
1,3,4,NaN
1,3,4,NaN
2,2,4,0.029824284599219358
3,1,4,0.6826185730663652
1,3,4,0.1791109280893668
1,3,4,0.7188460181803934
1,3,4,NaN
1,3,4,8.317356314788186e-6
1,3,4,NaN
2,2,4,0.642689094081309
1,3,4,NaN
1,3,4,NaN
1,3,4,NaN
1,3,4,0.7509979234994011
1,3,4,NaN
2,2,4,NaN
1,3,4,NaN
1,3,4,NaN
1,3,4,NaN
1,3,4,0.41042378787561506
1,3,4,NaN
1,3,4,0.5076524678986474
1,3,4,NaN
1,3,4,NaN
1,3,4,NaN
1,3,4,0.5076524678986474
2,2,4,NaN
2,2,4,0.13221071469067883
2,2,4,NaN
1,3,4,0.7755787217256536
1,3,4,NaN
2,2,4,0.08444273751827625
1,3,4,0.8062781873736411
2,2,4,0.05711986709981952
1,3,4,0.6826185730663652
1,3,4,NaN
1,3,4,NaN
1,3,4,0.8062781873736411
1,3,4,0.05916634506716057
1,3,4,0.12631264782250112
1,3,4,0.07032466862804435
1,3,4,NaN
1,3,4,0.03573862828111791
1,3,4,NaN
1,3,4,NaN
1,3,4,0.9067597060883621
1,3,4,NaN
1,3,4,0.7808948524004466
2,2,4,0.5085116998523612
1,3,4,0.017809239281788392
1,3,4,NaN
1,3,4,NaN
1,3,4,NaN
2,2,4,NaN
2,2,4,0.8062781873736411
1,3,4,NaN
1,3,4,0.5523648636569257
1,3,4,0.007114009197751627
1,3,4,NaN
1,3,4,NaN
1,3,4,NaN
1,3,4,0.3782498717433507
2,2,4,0.9205022691468101
1,3,4,0.029824284599219358
1,3,4,0.5523648636569257
1,3,4,NaN
1,3,4,0.8027470666398017
1,3,4,NaN
1,3,4,NaN
1,3,4,NaN
1,3,4,NaN
1,3,4,NaN
4,0,4,0.0503944665317212
1,3,4,NaN
1,3,4,0.05916634506716057
2,2,4,1.4511062953479436e-6
1,3,4,NaN
1,3,4,0.8909590781505728
1,3,4,NaN
1,3,4,0.5734335198656884
2,2,4,NaN
1,3,4,0.642689094081309
1,3,4,NaN
1,3,4,NaN
1,3,4,0.015089968713335646
1,3,4,0.2426068904918033
1,3,4,NaN
4,0,4,0.7808948524004466
1,3,4,NaN
1,3,4,NaN
1,3,4,0.7163691087180656
1,3,4,NaN
2,2,4,NaN
1,3,4,0.1876240227260845
1,3,4,0.09652246162613985
2,2,4,NaN
1,3,4,NaN
3,1,4,NaN
1,3,4,NaN
1,3,4,0.2795481783803956
1,3,4,0.36374176270060876
1,3,4,NaN
2,2,4,NaN
2,2,4,NaN
1,3,4,0.1791109280893668
2,2,4,NaN
1,3,4,NaN
1,3,4,NaN
1,3,4,NaN
1,3,4,NaN
1,3,4,0.04263845043616167
1,3,4,NaN
2,2,4,NaN
1,3,4,NaN
1,3,4,0.1791109280893668
1,3,4,NaN
1,3,4,0.6826185730663652
1,3,4,NaN
1,3,4,NaN
1,3,4,NaN
1,3,4,0.2088844544951591
1,3,4,0.03674279941068971
1,3,4,0.9357857374272102
1,3,4,0.8909590781505728
1,3,4,0.6868816549903631
1,3,4,NaN
1,3,4,NaN
1,3,4,0.41042378787561506
1,3,4,0.5463257901589124
1,3,4,NaN
1,3,4,NaN
1,3,4,NaN
1,3,4,NaN
1,3,4,NaN
0,4,4,0.2795481783803956
0,4,4,0.8062781873736411
0,4,4,0.4824744998199343
0,4,4,NaN
0,4,4,NaN
0,4,4,0.9067597060883621
0,4,4,NaN
0,4,4,NaN
0,4,4,NaN
0,4,4,0.5076524678986474
0,4,4,NaN
0,4,4,NaN
0,4,4,NaN
0,4,4,NaN
0,4,4,0.5076524678986474
0,4,4,0.7808948524004466
0,4,4,0.15348760037464887
0,4,4,0.2426068904918033
0,4,4,NaN
0,4,4,NaN
0,4,4,0.7188460181803934
0,4,4,0.085078133706641
0,4,4,0.13668591831866247
0,4,4,NaN
0,4,4,NaN
0,4,4,NaN
0,4,4,0.5076524678986474
0,4,4,NaN
0,4,4,NaN
0,4,4,0.8535399985089294
0,4,4,NaN
0,4,4,NaN
0,4,4,NaN
0,4,4,NaN
0,4,4,0.1791109280893668
0,4,4,NaN
0,4,4,NaN
0,4,4,0.04263845043616167
0,4,4,NaN
0,4,4,0.06984398440883517
0,4,4,0.8062781873736411
0,4,4,NaN
0,4,4,NaN
0,4,4,NaN
0,4,4,NaN
0,4,4,NaN
0,4,4,NaN
0,4,4,0.5983910585585586
0,4,4,NaN
0,4,4,NaN
0,4,4,0.8535399985089294
0,4,4,0.13221071469067883
0,4,4,0.3193104281105608
0,4,4,NaN
0,4,4,NaN
0,4,4,NaN
0,4,4,NaN
0,4,4,0.5523648636569257
0,4,4,0.7188460181803934
0,4,4,NaN
0,4,4,NaN
0,4,4,NaN
0,4,4,0.08139481150030385
0,4,4,NaN
0,4,4,0.5983910585585586
0,4,4,NaN
0,4,4,NaN
0,4,4,NaN
0,4,4,NaN
0,4,4,NaN
0,4,4,NaN
0,4,4,NaN
0,4,4,0.6651445388456798
0,4,4,NaN
0,4,4,NaN
0,4,4,0.5076524678986474
0,4,4,0.6826185730663652
0,4,4,NaN
0,4,4,NaN
0,4,4,0.7190347398634793
0,4,4,0.13246258082539156
0,4,4,0.7509979234994011
0,4,4,NaN
0,4,4,NaN
0,4,4,NaN
0,4,4,NaN
0,4,4,0.36374176270060876
0,4,4,0.02143073799725636
0,4,4,0.7509979234994011
0,4,4,NaN
0,4,4,0.13221071469067883
0,4,4,0.04263845043616167
0,4,4,NaN
0,4,4,NaN
0,4,4,NaN
0,4,4,NaN
0,4,4,0.5983910585585586
0,4,4,NaN
0,4,4,NaN
0,4,4,NaN
0,4,4,NaN
0,4,4,NaN
0,4,4,0.002477370786516876
0,4,4,NaN
0,4,4,NaN
0,4,4,NaN
0,4,4,NaN
0,4,4,0.5523648636569257
0,4,4,NaN
0,4,4,NaN
0,4,4,NaN
0,4,4,NaN
0,4,4,NaN
0,4,4,NaN
0,4,4,NaN
0,4,4,NaN
0,4,4,NaN
0,4,4,NaN
0,4,4,0.0503944665317212
0,4,4,NaN
0,4,4,0.03573862828111791
0,4,4,NaN
0,4,4,0.00010261256455208223
0,4,4,NaN
0,4,4,0.5523648636569257
0,4,4,0.2426068904918033
0,4,4,NaN
0,4,4,0.7808948524004466
0,4,4,NaN
0,4,4,0.002006093630872016
0,4,4,NaN
0,4,4,0.02143073799725636
0,4,4,NaN
0,4,4,0.8302287522477523
0,4,4,0.04263845043616167
0,4,4,NaN
0,4,4,NaN
0,4,4,NaN
0,4,4,NaN
0,4,4,0.08139481150030385
0,4,4,NaN
0,4,4,0.7188460181803934
0,4,4,NaN
0,4,4,NaN
0,4,4,NaN
0,4,4,0.41042378787561506
0,4,4,NaN
0,4,4,NaN
0,4,4,0.13668591831866247
0,4,4,0.5076524678986474
0,4,4,NaN
0,4,4,0.1101956455315133
0,4,4,0.7188460181803934
0,4,4,NaN
0,4,4,NaN
0,4,4,0.41042378787561506
0,4,4,NaN
0,4,4,0.1791109280893668
0,4,4,NaN
0,4,4,NaN
0,4,4,NaN
0,4,4,0.6580295140063044
0,4,4,0.5523648636569257
0,4,4,NaN
0,4,4,NaN
0,4,4,NaN
0,4,4,NaN
0,4,4,NaN
0,4,4,NaN
0,4,4,NaN
0,4,4,0.642689094081309
0,4,4,NaN
0,4,4,NaN
0,4,4,NaN
0,4,4,NaN
0,4,4,NaN
0,4,4,NaN
0,4,4,NaN
0,4,4,0.9659495665715027
0,4,4,NaN
0,4,4,NaN
0,4,4,NaN
0,4,4,0.5076524678986474
0,4,4,NaN
0,4,4,0.6826185730663652
0,4,4,NaN
0,4,4,NaN
0,4,4,NaN
0,4,4,0.11302026105487464
0,4,4,NaN
0,4,4,0.642689094081309
0,4,4,0.2426068904918033
0,4,4,NaN
0,4,4,NaN
0,4,4,0.06984398440883517
0,4,4,NaN
0,4,4,NaN
0,4,4,NaN
0,4,4,NaN
0,4,4,NaN
0,4,4,NaN
0,4,4,NaN
0,4,4,NaN
0,4,4,NaN
0,4,4,NaN
0,4,4,NaN
0,4,4,0.7592435954008507
0,4,4,NaN
0,4,4,0.8909590781505728
0,4,4,NaN
0,4,4,NaN
0,4,4,NaN
0,4,4,0.8723440292898591
0,4,4,0.13668591831866247
0,4,4,NaN
0,4,4,0.007114009197751627
0,4,4,0.2088844544951591
0,4,4,0.0503944665317212
0,4,4,0.05652439961699944
0,4,4,NaN
0,4,4,0.4675860911104037
0,4,4,NaN
0,4,4,NaN
0,4,4,NaN
0,4,4,NaN
0,4,4,NaN
0,4,4,0.4586140219451372
0,4,4,NaN
0,4,4,NaN
0,4,4,0.11302026105487464
0,4,4,NaN
0,4,4,NaN
0,4,4,0.3193104281105608
0,4,4,NaN
0,4,4,0.0503944665317212
0,4,4,NaN
0,4,4,0.9357857374272102
0,4,4,NaN
0,4,4,0.5523648636569257
0,4,4,NaN
0,4,4,NaN
0,4,4,0.5983910585585586
0,4,4,NaN
0,4,4,0.5076524678986474
0,4,4,0.11302026105487464
0,4,4,0.2426068904918033
0,4,4,0.025396716993254218
0,4,4,0.13221071469067883
0,4,4,NaN
0,4,4,NaN
0,4,4,0.4509523635122677
0,4,4,0.3238101356243932
0,4,4,NaN
0,4,4,NaN
0,4,4,0.02889770202675956
0,4,4,0.08139481150030385
0,4,4,NaN
0,4,4,0.0002950489118400121
0,4,4,0.41042378787561506
0,4,4,0.9574121554627333
0,4,4,NaN
0,4,4,NaN
0,4,4,0.8603058928358852
0,4,4,0.9659495665715027
0,4,4,NaN
0,4,4,NaN
0,4,4,0.8535399985089294
0,4,4,NaN
0,4,4,NaN
0,4,4,NaN
0,4,4,0.9067597060883621
0,4,4,0.2426068904918033
0,4,4,NaN
0,4,4,0.15348760037464887
0,4,4,NaN
0,4,4,NaN
0,4,4,0.5076524678986474
0,4,4,0.8909590781505728
0,4,4,0.4586140219451372
0,4,4,0.2088844544951591
0,4,4,NaN
0,4,4,NaN
0,4,4,NaN
0,4,4,NaN
0,4,4,NaN
0,4,4,NaN
0,4,4,0.06984398440883517
0,4,4,NaN
0,4,4,NaN
0,4,4,0.7188460181803934
0,4,4,0.00016042040127201744
0,4,4,0.5076524678986474
0,4,4,NaN
0,4,4,NaN
0,4,4,0.2795481783803956
0,4,4,NaN
0,4,4,NaN
0,4,4,0.5983910585585586
0,4,4,NaN
0,4,4,0.13221071469067883
0,4,4,NaN
0,4,4,NaN
0,4,4,NaN
0,4,4,0.2795481783803956
0,4,4,0.9741337647667054
0,4,4,NaN
0,4,4,NaN
0,4,4,0.6826185730663652
0,4,4,0.7808948524004466
0,4,4,NaN
0,4,4,0.02143073799725636
0,4,4,NaN
0,4,4,NaN
0,4,4,NaN
0,4,4,NaN
0,4,4,0.2795481783803956
0,4,4,NaN
0,4,4,0.7188460181803934
0,4,4,NaN
0,4,4,NaN
0,4,4,NaN
0,4,4,0.9067597060883621
0,4,4,NaN
0,4,4,0.44971895964583936
0,4,4,NaN
0,4,4,NaN
0,4,4,NaN
0,4,4,NaN
0,4,4,0.9859421773727781
0,4,4,NaN
0,4,4,NaN
0,4,4,NaN
0,4,4,NaN
0,4,4,NaN
0,4,4,NaN
0,4,4,NaN
0,4,4,NaN
0,4,4,NaN
0,4,4,NaN
0,4,4,0.2088844544951591
0,4,4,0.002799347354138233
0,4,4,NaN
0,4,4,0.642689094081309
0,4,4,NaN
0,4,4,0.017809239281788392
0,4,4,0.5523648636569257
0,4,4,0.015089968713335646
0,4,4,NaN
0,4,4,NaN
0,4,4,NaN
0,4,4,0.029824284599219358
0,4,4,NaN
0,4,4,NaN
0,4,4,NaN
0,4,4,NaN
0,4,4,NaN
0,4,4,NaN
0,4,4,NaN
0,4,4,NaN
0,4,4,0.5983910585585586
0,4,4,0.4865849218293744
0,4,4,NaN
0,4,4,NaN
0,4,4,NaN
0,4,4,0.15348760037464887
0,4,4,0.8535399985089294
0,4,4,NaN
0,4,4,0.3193104281105608
0,4,4,NaN
0,4,4,NaN
0,4,4,0.922423104079044
0,4,4,NaN
0,4,4,NaN
0,4,4,NaN
0,4,4,0.8089861269655138
0,4,4,0.8723440292898591
0,4,4,NaN
0,4,4,0.5983910585585586
0,4,4,NaN
0,4,4,NaN
0,4,4,0.3193104281105608
0,4,4,NaN
0,4,4,NaN
0,4,4,NaN
0,4,4,0.7188460181803934
0,4,4,NaN
0,4,4,0.642689094081309
0,4,4,NaN
0,4,4,0.008322854313369677
0,4,4,NaN
0,4,4,NaN
0,4,4,0.029824284599219358
0,4,4,0.4586140219451372
0,4,4,0.8909590781505728
0,4,4,0.3947148417165084
0,4,4,0.2795481783803956
0,4,4,NaN
0,4,4,NaN
0,4,4,NaN
0,4,4,NaN
0,4,4,0.5983910585585586
0,4,4,NaN
0,4,4,NaN
0,4,4,0.9659495665715027
0,4,4,NaN
0,4,4,NaN
0,4,4,0.0503944665317212
0,4,4,0.8723440292898591
0,4,4,NaN
0,4,4,0.29971761708530115
0,4,4,NaN
0,4,4,NaN
0,4,4,0.13221071469067883
0,4,4,NaN
0,4,4,0.0006332226384232426
0,4,4,NaN
0,4,4,NaN
0,4,4,0.2426068904918033
0,4,4,NaN
0,4,4,NaN
0,4,4,NaN
0,4,4,0.36374176270060876
0,4,4,NaN
0,4,4,0.49312626754443345
0,4,4,NaN
0,4,4,NaN
0,4,4,0.09652246162613985
0,4,4,NaN
0,4,4,0.36374176270060876
0,4,4,NaN
0,4,4,NaN
0,4,4,NaN
0,4,4,NaN
0,4,4,NaN
0,4,4,0.7509979234994011
0,4,4,NaN
0,4,4,NaN
0,4,4,NaN
0,4,4,0.029824284599219358
0,4,4,0.41042378787561506
0,4,4,NaN
0,4,4,0.41042378787561506
0,4,4,0.5523648636569257
0,4,4,0.6463652182050513
0,4,4,0.2795481783803956
0,4,4,NaN
0,4,4,0.2426068904918033
0,4,4,0.41042378787561506
0,4,4,NaN
0,4,4,NaN
0,4,4,0.015089968713335646
0,4,4,0.003214912144702669
0,4,4,NaN
0,4,4,NaN
0,4,4,0.5983910585585586
0,4,4,NaN
0,4,4,NaN
0,4,4,NaN
0,4,4,0.8965377691005102
0,4,4,0.7188460181803934
0,4,4,NaN
0,4,4,NaN
0,4,4,NaN
0,4,4,0.02143073799725636
0,4,4,NaN
0,4,4,NaN
0,4,4,NaN
0,4,4,NaN
0,4,4,NaN
0,4,4,NaN
0,4,4,0.4586140219451372
0,4,4,0.3878342034515929
0,4,4,NaN
0,4,4,NaN
0,4,4,0.8723440292898591
0,4,4,NaN
0,4,4,0.642689094081309
0,4,4,0.8535399985089294
0,4,4,NaN
0,4,4,NaN
0,4,4,0.13221071469067883
0,4,4,0.13221071469067883
0,4,4,NaN
0,4,4,0.5983910585585586
0,4,4,NaN
0,4,4,0.36374176270060876
0,4,4,NaN
0,4,4,NaN
0,4,4,0.4586140219451372
0,4,4,NaN
0,4,4,NaN
0,4,4,NaN
0,4,4,NaN
0,4,4,NaN
0,4,4,0.6638740160992322
0,4,4,NaN
0,4,4,NaN
0,4,4,0.09652246162613985
0,4,4,NaN
0,4,4,NaN
0,4,4,0.012741653266331953
0,4,4,0.0503944665317212
0,4,4,NaN
0,4,4,0.6580295140063044
0,4,4,NaN
0,4,4,0.9067597060883621
0,4,4,0.13221071469067883
0,4,4,NaN
0,4,4,NaN
0,4,4,NaN
0,4,4,NaN
0,4,4,0.41042378787561506
0,4,4,NaN
0,4,4,NaN
0,4,4,NaN
0,4,4,NaN
0,4,4,0.9829272234933872
0,4,4,0.2426068904918033
0,4,4,NaN
0,4,4,NaN
0,4,4,NaN
0,4,4,NaN
0,4,4,0.6826185730663652
0,4,4,NaN
0,4,4,0.9859421773727781
0,4,4,NaN
0,4,4,NaN
0,4,4,NaN
0,4,4,NaN
0,4,4,NaN
0,4,4,0.41042378787561506
0,4,4,3.970446791745308e-6
0,4,4,NaN
0,4,4,NaN
0,4,4,NaN
0,4,4,NaN
0,4,4,0.5523648636569257
0,4,4,NaN
0,4,4,NaN
0,4,4,0.11302026105487464
0,4,4,0.8535399985089294
0,4,4,NaN
0,4,4,0.36374176270060876
0,4,4,0.9067597060883621
0,4,4,NaN
0,4,4,NaN
0,4,4,NaN
0,4,4,NaN
0,4,4,NaN
0,4,4,0.6826185730663652
0,4,4,0.642689094081309
0,4,4,0.8561742584406086
0,4,4,0.8723440292898591
0,4,4,NaN
0,4,4,0.9357857374272102
0,4,4,0.7808948524004466
0,4,4,NaN
0,4,4,NaN
0,4,4,NaN
0,4,4,0.8062781873736411
0,4,4,NaN
0,4,4,0.4586140219451372
0,4,4,0.06984398440883517
0,4,4,NaN
0,4,4,NaN
0,4,4,0.11538728450563603
0,4,4,NaN
0,4,4,NaN
0,4,4,0.4586140219451372
0,4,4,0.6398236491144116
0,4,4,NaN
0,4,4,0.3782498717433507
0,4,4,NaN
0,4,4,NaN
0,4,4,NaN
0,4,4,NaN
0,4,4,NaN
0,4,4,0.8062781873736411
0,4,4,NaN
0,4,4,0.7876047692022679
0,4,4,NaN
0,4,4,0.01050871192496647
0,4,4,NaN
0,4,4,0.5076524678986474
0,4,4,NaN
0,4,4,NaN
0,4,4,0.017809239281788392
0,4,4,NaN
0,4,4,0.642689094081309
0,4,4,NaN
0,4,4,0.617726834855235
0,4,4,0.8302287522477523
0,4,4,NaN
0,4,4,NaN
0,4,4,NaN
0,4,4,NaN
0,4,4,NaN
0,4,4,0.15348760037464887
0,4,4,NaN
0,4,4,NaN
0,4,4,NaN
0,4,4,NaN
0,4,4,NaN
0,4,4,NaN
0,4,4,NaN
0,4,4,0.034703855744139825
0,4,4,NaN
0,4,4,NaN
0,4,4,0.5523648636569257
0,4,4,NaN
0,4,4,NaN
0,4,4,NaN
0,4,4,NaN
0,4,4,NaN
0,4,4,NaN
0,4,4,NaN
0,4,4,NaN
0,4,4,NaN
0,4,4,NaN
0,4,4,0.014839561408180175
0,4,4,NaN
0,4,4,0.41042378787561506
0,4,4,0.18199994887076543
0,4,4,0.2795481783803956
0,4,4,0.642689094081309
0,4,4,NaN
0,4,4,NaN
0,4,4,NaN
0,4,4,NaN
0,4,4,NaN
0,4,4,0.35521951607445595
0,4,4,0.8115339143090975
0,4,4,0.025396716993254218
0,4,4,NaN
0,4,4,0.44305679904553413
0,4,4,NaN
0,4,4,NaN
0,4,4,NaN
0,4,4,NaN
0,4,4,NaN
0,4,4,NaN
0,4,4,NaN
0,4,4,NaN
0,4,4,NaN
0,4,4,NaN
0,4,4,NaN
0,4,4,NaN
0,4,4,NaN
0,4,4,NaN
0,4,4,NaN
0,4,4,0.09686470441855767
0,4,4,0.3193104281105608
0,4,4,NaN
0,4,4,NaN
0,4,4,NaN
0,4,4,NaN
0,4,4,NaN
0,4,4,NaN
0,4,4,NaN
0,4,4,0.2426068904918033
0,4,4,NaN
0,4,4,NaN
0,4,4,0.04263845043616167
0,4,4,NaN
0,4,4,NaN
0,4,4,NaN
0,4,4,0.1791109280893668
0,4,4,NaN
0,4,4,0.11302026105487464
0,4,4,NaN
0,4,4,NaN
0,4,4,NaN
0,4,4,0.3193104281105608
0,4,4,0.15348760037464887
0,4,4,NaN
0,4,4,NaN
0,4,4,0.017809239281788392
0,4,4,NaN
0,4,4,0.18216830761844854
0,4,4,NaN
0,4,4,NaN
0,4,4,NaN
0,4,4,NaN
0,4,4,NaN
0,4,4,NaN
0,4,4,NaN
0,4,4,0.4586140219451372
0,4,4,NaN
0,4,4,NaN
0,4,4,0.41042378787561506
0,4,4,0.6826185730663652
0,4,4,0.11302026105487464
0,4,4,0.017052691297391027
0,4,4,0.13221071469067883
0,4,4,NaN
0,4,4,0.2088844544951591
0,4,4,0.9574121554627333
0,4,4,0.028623464275829975
0,4,4,NaN
0,4,4,NaN
0,4,4,0.06984398440883517
0,4,4,0.7808948524004466
0,4,4,0.05916634506716057
0,4,4,NaN
0,4,4,0.9741337647667054
0,4,4,0.9659495665715027
0,4,4,0.7509979234994011
0,4,4,0.5298102845711151
0,4,4,NaN
0,4,4,NaN
0,4,4,NaN
0,4,4,NaN
0,4,4,NaN
0,4,4,NaN
0,4,4,NaN
0,4,4,NaN
0,4,4,0.36374176270060876
0,4,4,NaN
0,4,4,NaN
0,4,4,0.015089968713335646
0,4,4,NaN
0,4,4,NaN
0,4,4,0.8062781873736411
0,4,4,NaN
0,4,4,0.3193104281105608
0,4,4,0.4586140219451372
0,4,4,NaN
0,4,4,NaN
0,4,4,0.6012315219426208
0,4,4,0.04263845043616167
0,4,4,NaN
0,4,4,0.6089458443252129
0,4,4,NaN
0,4,4,NaN
0,4,4,0.11302026105487464
0,4,4,NaN
0,4,4,0.41042378787561506
0,4,4,NaN
0,4,4,NaN
0,4,4,NaN
0,4,4,0.01050871192496647
0,4,4,0.8062781873736411
0,4,4,0.5983910585585586
0,4,4,NaN
0,4,4,0.0503944665317212
0,4,4,NaN
0,4,4,NaN
0,4,4,NaN
0,4,4,0.06984398440883517
0,4,4,0.0011746029617338795
0,4,4,NaN
0,4,4,NaN
0,4,4,NaN
0,4,4,0.6826185730663652
0,4,4,NaN
0,4,4,NaN
0,4,4,NaN
0,4,4,NaN
0,4,4,0.05916634506716057
0,4,4,NaN
0,4,4,NaN
0,4,4,NaN
0,4,4,NaN
0,4,4,0.4586140219451372
0,4,4,0.36374176270060876
0,4,4,0.2088844544951591
0,4,4,NaN
0,4,4,0.2426068904918033
0,4,4,0.08139481150030385
0,4,4,NaN
0,4,4,0.4586140219451372
0,4,4,0.642689094081309
0,4,4,NaN
0,4,4,NaN
0,4,4,NaN
0,4,4,NaN
0,4,4,NaN
0,4,4,0.642689094081309
0,4,4,NaN
0,4,4,NaN
0,4,4,NaN
0,4,4,0.8302287522477523
0,4,4,0.8212938801505606
0,4,4,0.9962234578773226
0,4,4,NaN
0,4,4,NaN
0,4,4,0.4586140219451372
0,4,4,NaN
0,4,4,NaN
0,4,4,NaN
0,4,4,NaN
0,4,4,NaN
0,4,4,NaN
0,4,4,NaN
0,4,4,NaN
0,4,4,NaN
0,4,4,0.7808948524004466
0,4,4,NaN
0,4,4,NaN
0,4,4,0.36374176270060876
0,4,4,NaN
0,4,4,NaN
0,4,4,NaN
0,4,4,NaN
0,4,4,0.3782498717433507
0,4,4,0.4586140219451372
0,4,4,0.7798983284227649
0,4,4,NaN
0,4,4,NaN
0,4,4,0.039047780171373385
0,4,4,NaN
0,4,4,0.5523648636569257
0,4,4,NaN
0,4,4,NaN
0,4,4,NaN
0,4,4,NaN
0,4,4,NaN
0,4,4,0.5523648636569257
0,4,4,NaN
0,4,4,NaN
0,4,4,0.7808948524004466
0,4,4,NaN
0,4,4,NaN
0,4,4,NaN
0,4,4,NaN
0,4,4,NaN
0,4,4,NaN
0,4,4,0.8909590781505728
0,4,4,NaN
0,4,4,NaN
0,4,4,NaN
0,4,4,NaN
0,4,4,NaN
0,4,4,0.2426068904918033
0,4,4,NaN
0,4,4,NaN
0,4,4,0.5523648636569257
0,4,4,0.20801379088342817
0,4,4,NaN
0,4,4,NaN
0,4,4,NaN
0,4,4,NaN
0,4,4,0.029824284599219358
0,4,4,NaN
0,4,4,0.05916634506716057
0,4,4,NaN
0,4,4,NaN
0,4,4,0.6826185730663652
0,4,4,0.7199816244176191
0,4,4,NaN
0,4,4,NaN
0,4,4,NaN
0,4,4,0.04263845043616167
0,4,4,0.41042378787561506
0,4,4,0.36374176270060876
0,4,4,NaN
0,4,4,0.8909590781505728
0,4,4,NaN
0,4,4,NaN
0,4,4,0.041983466097690915
0,4,4,0.6428295751651378
0,4,4,NaN
0,4,4,NaN
0,4,4,0.08139481150030385
0,4,4,NaN
0,4,4,0.2426068904918033
0,4,4,NaN
0,4,4,0.4586140219451372
0,4,4,0.5076524678986474
0,4,4,0.3544622708725064
0,4,4,NaN
0,4,4,NaN
0,4,4,0.1791109280893668
0,4,4,NaN
0,4,4,9.399638953657375e-5
0,4,4,NaN
0,4,4,NaN
0,4,4,NaN
0,4,4,0.2426068904918033
0,4,4,NaN
0,4,4,0.8062781873736411
0,4,4,NaN
0,4,4,0.4586140219451372
0,4,4,NaN
0,4,4,NaN
0,4,4,NaN
0,4,4,0.8723440292898591
0,4,4,NaN
0,4,4,NaN
0,4,4,NaN
0,4,4,NaN
0,4,4,0.13221071469067883
0,4,4,NaN
0,4,4,NaN
0,4,4,0.04263845043616167
0,4,4,NaN
0,4,4,NaN
0,4,4,NaN
0,4,4,0.0003478436589846478
0,4,4,0.5076524678986474
0,4,4,0.2088844544951591
0,4,4,0.5983910585585586
0,4,4,NaN
0,4,4,0.13221071469067883
0,4,4,NaN
0,4,4,NaN
0,4,4,NaN
0,4,4,0.7188460181803934
0,4,4,NaN
0,4,4,NaN
0,4,4,NaN
0,4,4,NaN
0,4,4,0.36374176270060876
0,4,4,NaN
0,4,4,NaN
0,4,4,0.017809239281788392
0,4,4,NaN
0,4,4,NaN
0,4,4,NaN
0,4,4,NaN
0,4,4,NaN
0,4,4,NaN
0,4,4,NaN
0,4,4,0.029824284599219358
0,4,4,NaN
0,4,4,0.06984398440883517
0,4,4,NaN
0,4,4,0.0003057516228771549
0,4,4,0.26500681223384814
0,4,4,NaN
0,4,4,NaN
0,4,4,0.8723440292898591
0,4,4,NaN
0,4,4,0.5076524678986474
0,4,4,0.03573862828111791
0,4,4,0.08139481150030385
0,4,4,NaN
0,4,4,0.8909590781505728
0,4,4,NaN
0,4,4,0.7509979234994011
0,4,4,NaN
0,4,4,NaN
0,4,4,0.8723440292898591
0,4,4,0.7188460181803934
0,4,4,NaN
0,4,4,NaN
0,4,4,NaN
0,4,4,4.1418896383771804e-5
0,4,4,NaN
0,4,4,NaN
0,4,4,0.6826185730663652
0,4,4,0.13221071469067883
0,4,4,NaN
0,4,4,0.9659495665715027
0,4,4,0.8909590781505728
0,4,4,NaN
0,4,4,0.06984398440883517
0,4,4,NaN
0,4,4,0.15348760037464887
0,4,4,0.8535399985089294
0,4,4,NaN
0,4,4,NaN
0,4,4,NaN
0,4,4,NaN
0,4,4,NaN
0,4,4,NaN
0,4,4,NaN
0,4,4,NaN
0,4,4,0.4586140219451372
0,4,4,0.03573862828111791
0,4,4,NaN
0,4,4,NaN
0,4,4,NaN
0,4,4,0.41042378787561506
0,4,4,0.09652246162613985
0,4,4,NaN
0,4,4,NaN
0,4,4,NaN
0,4,4,0.9925883253395366
0,4,4,NaN
0,4,4,NaN
0,4,4,NaN
0,4,4,0.8909590781505728
0,4,4,NaN
0,4,4,NaN
0,4,4,0.7808948524004466
0,4,4,NaN
0,4,4,NaN
0,4,4,NaN
0,4,4,NaN
0,4,4,NaN
0,4,4,0.5983910585585586
0,4,4,0.8909590781505728
0,4,4,NaN
0,4,4,NaN
0,4,4,NaN
0,4,4,NaN
0,4,4,0.5983910585585586
0,4,4,NaN
0,4,4,NaN
0,4,4,NaN
0,4,4,NaN
0,4,4,NaN
0,4,4,0.2795481783803956
0,4,4,NaN
0,4,4,0.15348760037464887
0,4,4,0.09652246162613985
0,4,4,NaN
0,4,4,0.6826185730663652
0,4,4,0.5983910585585586
0,4,4,NaN
0,4,4,0.9475679371961635
0,4,4,NaN
0,4,4,0.8062781873736411
0,4,4,NaN
0,4,4,NaN
0,4,4,NaN
0,4,4,NaN
0,4,4,NaN
0,4,4,0.9659495665715027
0,4,4,NaN
0,4,4,NaN
0,4,4,NaN
0,4,4,NaN
0,4,4,0.9357857374272102
3,0,3,NaN
3,0,3,NaN
3,0,3,NaN
2,1,3,NaN
3,0,3,0.5523648636569257
2,1,3,0.1196553105104064
3,0,3,NaN
1,2,3,NaN
3,0,3,NaN
2,1,3,0.9859421773727781
1,2,3,NaN
2,1,3,NaN
2,1,3,0.7188460181803934
2,1,3,NaN
2,1,3,NaN
3,0,3,NaN
3,0,3,0.5523648636569257
3,0,3,0.4586140219451372
2,1,3,NaN
2,1,3,0.00120192921355686
3,0,3,NaN
2,1,3,0.7509979234994011
3,0,3,NaN
3,0,3,NaN
1,2,3,NaN
3,0,3,0.0503944665317212
3,0,3,0.017809239281788392
1,2,3,NaN
3,0,3,NaN
3,0,3,NaN
3,0,3,0.06984398440883517
3,0,3,NaN
3,0,3,NaN
3,0,3,NaN
3,0,3,0.2795481783803956
3,0,3,0.13221071469067883
2,1,3,NaN
1,2,3,0.8302287522477523
2,1,3,0.36374176270060876
2,1,3,NaN
3,0,3,0.5983910585585586
2,1,3,NaN
2,1,3,0.13221071469067883
3,0,3,NaN
3,0,3,0.007114009197751627
3,0,3,0.5983910585585586
2,1,3,0.2426068904918033
3,0,3,0.9067597060883621
3,0,3,NaN
2,1,3,0.8944736336032126
2,1,3,NaN
2,1,3,0.5983910585585586
2,1,3,NaN
3,0,3,NaN
3,0,3,NaN
2,1,3,NaN
2,1,3,NaN
2,1,3,0.36374176270060876
2,1,3,0.06984398440883517
1,2,3,NaN
2,1,3,0.8302287522477523
3,0,3,NaN
3,0,3,NaN
3,0,3,NaN
3,0,3,NaN
2,1,3,NaN
3,0,3,0.11302026105487464
3,0,3,NaN
1,2,3,0.029824284599219358
2,1,3,NaN
2,1,3,0.8302287522477523
2,1,3,NaN
3,0,3,NaN
3,0,3,NaN
2,1,3,NaN
3,0,3,0.05916634506716057
3,0,3,NaN
2,1,3,NaN
3,0,3,NaN
3,0,3,NaN
3,0,3,NaN
2,1,3,NaN
2,1,3,NaN
2,1,3,NaN
3,0,3,0.8535399985089294
2,1,3,0.15108115846906273
3,0,3,NaN
3,0,3,0.9741337647667054
1,2,3,0.04263845043616167
1,2,3,NaN
1,2,3,NaN
2,1,3,0.5983910585585586
2,1,3,NaN
3,0,3,NaN
3,0,3,NaN
2,1,3,0.00010418826289245235
2,1,3,NaN
3,0,3,0.5983910585585586
2,1,3,0.36374176270060876
3,0,3,0.41042378787561506
2,1,3,NaN
1,2,3,0.025396716993254218
2,1,3,NaN
3,0,3,NaN
3,0,3,NaN
3,0,3,0.18084715254243314
1,2,3,0.36374176270060876
2,1,3,NaN
2,1,3,NaN
3,0,3,NaN
2,1,3,NaN
2,1,3,NaN
3,0,3,NaN
3,0,3,0.1791109280893668
2,1,3,0.41042378787561506
2,1,3,NaN
3,0,3,NaN
1,2,3,NaN
2,1,3,NaN
3,0,3,NaN
1,2,3,0.5983910585585586
2,1,3,0.642689094081309
1,2,3,0.9859421773727781
3,0,3,0.2426068904918033
3,0,3,0.2426068904918033
2,1,3,NaN
3,0,3,0.5523648636569257
3,0,3,NaN
3,0,3,NaN
2,1,3,NaN
2,1,3,0.03573862828111791
2,1,3,0.36374176270060876
3,0,3,0.922423104079044
3,0,3,NaN
2,1,3,NaN
2,1,3,0.004918169761354813
3,0,3,NaN
3,0,3,NaN
2,1,3,0.6826185730663652
1,2,3,NaN
1,2,3,0.13221071469067883
3,0,3,NaN
2,1,3,0.9574121554627333
3,0,3,NaN
2,1,3,NaN
2,1,3,0.08139481150030385
2,1,3,NaN
3,0,3,0.9067597060883621
3,0,3,NaN
3,0,3,NaN
3,0,3,NaN
1,2,3,NaN
3,0,3,NaN
3,0,3,0.8909590781505728
2,1,3,NaN
3,0,3,0.01050871192496647
3,0,3,0.13221071469067883
3,0,3,NaN
2,1,3,NaN
3,0,3,0.16074243712970235
3,0,3,NaN
3,0,3,NaN
3,0,3,0.5983910585585586
3,0,3,NaN
2,1,3,NaN
2,1,3,0.8723440292898591
3,0,3,0.5523648636569257
2,1,3,NaN
1,2,3,0.8553916717037049
3,0,3,NaN
3,0,3,NaN
2,1,3,0.8723440292898591
1,2,3,NaN
2,1,3,0.02026453355916382
2,1,3,NaN
2,1,3,0.9659495665715027
3,0,3,0.8302287522477523
2,1,3,NaN
3,0,3,NaN
3,0,3,NaN
2,1,3,NaN
1,2,3,NaN
3,0,3,NaN
3,0,3,NaN
3,0,3,0.001428160033282153
1,2,3,NaN
2,1,3,NaN
3,0,3,NaN
2,1,3,NaN
1,2,3,NaN
3,0,3,NaN
2,1,3,NaN
1,2,3,NaN
1,2,3,0.00860264728312664
2,1,3,0.36374176270060876
2,1,3,NaN
1,2,3,NaN
2,1,3,NaN
3,0,3,NaN
3,0,3,0.029824284599219358
2,1,3,0.8909590781505728
3,0,3,0.09652246162613985
3,0,3,NaN
1,2,3,NaN
3,0,3,NaN
1,2,3,NaN
3,0,3,NaN
3,0,3,NaN
2,1,3,NaN
1,2,3,0.642689094081309
3,0,3,0.5076524678986474
2,1,3,0.4586140219451372
2,1,3,NaN
3,0,3,NaN
3,0,3,0.5523648636569257
2,1,3,NaN
2,1,3,0.8909590781505728
3,0,3,NaN
2,1,3,NaN
1,2,3,NaN
1,2,3,NaN
3,0,3,0.642689094081309
3,0,3,NaN
2,1,3,NaN
3,0,3,0.41042378787561506
1,2,3,NaN
1,2,3,NaN
2,1,3,NaN
2,1,3,0.1791109280893668
2,1,3,NaN
2,1,3,NaN
2,1,3,NaN
2,1,3,NaN
3,0,3,0.7509979234994011
2,1,3,0.20745192238654175
3,0,3,NaN
1,2,3,NaN
1,2,3,NaN
2,1,3,0.41042378787561506
3,0,3,0.2795481783803956
1,2,3,NaN
3,0,3,NaN
3,0,3,NaN
3,0,3,NaN
3,0,3,NaN
2,1,3,NaN
2,1,3,0.00220877136596021
3,0,3,NaN
2,1,3,NaN
1,2,3,NaN
2,1,3,NaN
3,0,3,NaN
3,0,3,NaN
3,0,3,NaN
2,1,3,NaN
2,1,3,NaN
2,1,3,NaN
3,0,3,NaN
1,2,3,NaN
3,0,3,0.3193104281105608
1,2,3,0.8302287522477523
2,1,3,NaN
2,1,3,NaN
3,0,3,0.16642372214710482
2,1,3,NaN
3,0,3,NaN
1,2,3,0.9067597060883621
3,0,3,NaN
3,0,3,0.025396716993254218
3,0,3,0.4586140219451372
3,0,3,NaN
2,1,3,0.0011790685123804023
2,1,3,0.11302026105487464
2,1,3,NaN
3,0,3,NaN
1,2,3,NaN
3,0,3,NaN
3,0,3,NaN
2,1,3,NaN
3,0,3,0.04263845043616167
3,0,3,0.03573862828111791
3,0,3,NaN
2,1,3,0.24948505413372468
2,1,3,0.5599380770164533
1,2,3,0.2426068904918033
3,0,3,0.5076524678986474
2,1,3,0.02143073799725636
3,0,3,NaN
3,0,3,0.15348760037464887
1,2,3,NaN
2,1,3,NaN
3,0,3,NaN
3,0,3,NaN
1,2,3,NaN
2,1,3,0.9574121554627333
3,0,3,0.2795481783803956
3,0,3,0.8062781873736411
3,0,3,NaN
2,1,3,NaN
2,1,3,NaN
3,0,3,NaN
2,1,3,NaN
1,2,3,NaN
2,1,3,NaN
3,0,3,0.9357857374272102
3,0,3,0.4586140219451372
3,0,3,0.17871378528177612
2,1,3,0.4509523635122677
3,0,3,NaN
1,2,3,NaN
1,2,3,0.25298079059949763
3,0,3,NaN
3,0,3,0.002799347354138233
3,0,3,NaN
2,1,3,NaN
2,1,3,NaN
1,2,3,NaN
2,1,3,NaN
1,2,3,0.3193104281105608
2,1,3,0.04263845043616167
2,1,3,0.5523648636569257
1,2,3,NaN
2,1,3,0.8302287522477523
2,1,3,0.08139481150030385
3,0,3,NaN
1,2,3,NaN
2,1,3,NaN
3,0,3,NaN
3,0,3,0.922423104079044
2,1,3,NaN
2,1,3,NaN
3,0,3,NaN
1,2,3,NaN
2,1,3,NaN
3,0,3,NaN
3,0,3,NaN
3,0,3,NaN
3,0,3,0.642689094081309
3,0,3,NaN
1,2,3,NaN
1,2,3,NaN
3,0,3,NaN
1,2,3,NaN
3,0,3,0.3199870736619535
2,1,3,0.36374176270060876
2,1,3,0.2088844544951591
3,0,3,NaN
2,1,3,NaN
2,1,3,0.1791109280893668
3,0,3,NaN
3,0,3,NaN
3,0,3,NaN
3,0,3,NaN
3,0,3,0.6826185730663652
3,0,3,0.1791109280893668
3,0,3,NaN
3,0,3,NaN
1,2,3,NaN
3,0,3,NaN
2,1,3,NaN
3,0,3,NaN
2,1,3,0.5076524678986474
2,1,3,NaN
1,2,3,NaN
3,0,3,NaN
1,2,3,NaN
1,2,3,NaN
3,0,3,NaN
3,0,3,NaN
3,0,3,0.01050871192496647
3,0,3,NaN
3,0,3,0.9475679371961635
1,2,3,NaN
2,1,3,NaN
3,0,3,0.8062781873736411
3,0,3,NaN
3,0,3,NaN
3,0,3,NaN
1,2,3,NaN
3,0,3,0.7808948524004466
3,0,3,0.41042378787561506
1,2,3,NaN
3,0,3,0.17222260820938318
3,0,3,NaN
2,1,3,NaN
1,2,3,NaN
2,1,3,0.2795481783803956
1,2,3,0.8302287522477523
3,0,3,NaN
2,1,3,NaN
2,1,3,0.7188460181803934
3,0,3,0.6236444178663638
3,0,3,NaN
3,0,3,NaN
2,1,3,0.13221071469067883
2,1,3,0.8723440292898591
3,0,3,0.5076524678986474
2,1,3,0.7509979234994011
1,2,3,NaN
2,1,3,0.6565796844570738
3,0,3,NaN
2,1,3,0.7509979234994011
2,1,3,NaN
2,1,3,0.7808948524004466
2,1,3,NaN
2,1,3,0.5076524678986474
3,0,3,NaN
3,0,3,NaN
3,0,3,NaN
1,2,3,NaN
2,1,3,NaN
2,1,3,NaN
1,2,3,NaN
3,0,3,0.5983910585585586
3,0,3,0.3193104281105608
1,2,3,0.5076524678986474
2,1,3,NaN
3,0,3,NaN
2,1,3,NaN
2,1,3,0.8428644459258107
3,0,3,NaN
3,0,3,NaN
1,2,3,0.002477370786516876
1,2,3,NaN
3,0,3,NaN
2,1,3,0.13221071469067883
3,0,3,0.41042378787561506
1,2,3,NaN
3,0,3,NaN
3,0,3,NaN
3,0,3,0.13221071469067883
3,0,3,NaN
2,1,3,NaN
3,0,3,NaN
2,1,3,NaN
3,0,3,NaN
2,1,3,0.0503944665317212
2,1,3,0.8302287522477523
1,2,3,NaN
3,0,3,0.922423104079044
3,0,3,NaN
1,2,3,NaN
2,1,3,NaN
2,1,3,NaN
2,1,3,NaN
2,1,3,NaN
2,1,3,0.7928896052968383
1,2,3,0.6520051387694883
2,1,3,0.1791109280893668
2,1,3,NaN
1,2,3,0.7188460181803934
1,2,3,NaN
2,1,3,0.8302287522477523
3,0,3,0.00860264728312664
2,1,3,0.41042378787561506
3,0,3,NaN
3,0,3,NaN
1,2,3,NaN
2,1,3,NaN
3,0,3,NaN
2,1,3,0.4586140219451372
3,0,3,NaN
2,1,3,0.4586140219451372
1,2,3,0.1791109280893668
3,0,3,NaN
2,1,3,0.7188460181803934
2,1,3,NaN
3,0,3,NaN
3,0,3,NaN
1,2,3,0.06984398440883517
2,1,3,NaN
3,0,3,NaN
2,1,3,0.025396716993254218
1,2,3,0.41042378787561506
3,0,3,NaN
2,1,3,NaN
3,0,3,NaN
1,2,3,NaN
2,1,3,0.4586140219451372
3,0,3,0.019586378799906372
2,1,3,NaN
3,0,3,NaN
2,1,3,0.8302287522477523
2,1,3,0.642689094081309
2,1,3,NaN
1,2,3,NaN
2,1,3,NaN
1,2,3,NaN
1,2,3,0.02143073799725636
3,0,3,NaN
2,1,3,NaN
2,1,3,0.012741653266331953
1,2,3,0.34720557342614555
3,0,3,NaN
3,0,3,NaN
2,1,3,0.7509979234994011
2,1,3,NaN
2,1,3,NaN
1,2,3,NaN
2,1,3,0.3193104281105608
2,1,3,NaN
2,1,3,NaN
3,0,3,NaN
2,1,3,0.8062781873736411
2,1,3,0.11302026105487464
3,0,3,NaN
1,2,3,NaN
3,0,3,NaN
1,2,3,0.5523648636569257
3,0,3,0.04263845043616167
3,0,3,0.6931027965350215
2,1,3,NaN
2,1,3,0.7188460181803934
2,1,3,NaN
2,1,3,0.4586140219451372
3,0,3,NaN
2,1,3,0.2970819017275926
3,0,3,NaN
3,0,3,0.4586140219451372
3,0,3,NaN
1,2,3,NaN
2,1,3,0.36374176270060876
3,0,3,NaN
2,1,3,0.025396716993254218
3,0,3,NaN
2,1,3,NaN
2,1,3,0.1791109280893668
3,0,3,NaN
1,2,3,0.41042378787561506
1,2,3,0.09652246162613985
3,0,3,NaN
3,0,3,0.6826185730663652
3,0,3,NaN
2,1,3,0.10524769523687562
3,0,3,0.5983910585585586
3,0,3,NaN
3,0,3,NaN
2,1,3,0.15348760037464887
1,2,3,NaN
3,0,3,NaN
1,2,3,NaN
3,0,3,NaN
1,2,3,0.3193104281105608
2,1,3,NaN
2,1,3,NaN
2,1,3,NaN
3,0,3,0.8302287522477523
3,0,3,NaN
2,1,3,NaN
2,1,3,NaN
3,0,3,0.36374176270060876
2,1,3,NaN
3,0,3,NaN
2,1,3,0.8535399985089294
3,0,3,NaN
3,0,3,NaN
2,1,3,NaN
2,1,3,NaN
3,0,3,NaN
1,2,3,NaN
2,1,3,NaN
3,0,3,0.8535399985089294
3,0,3,0.017809239281788392
1,2,3,NaN
3,0,3,NaN
3,0,3,0.8062781873736411
2,1,3,NaN
2,1,3,0.2795481783803956
3,0,3,NaN
2,1,3,0.13221071469067883
1,2,3,0.7188460181803934
3,0,3,NaN
2,1,3,0.4586140219451372
2,1,3,NaN
2,1,3,0.4586140219451372
2,1,3,NaN
1,2,3,NaN
2,1,3,0.6826185730663652
1,2,3,NaN
3,0,3,NaN
3,0,3,NaN
2,1,3,0.11302026105487464
3,0,3,NaN
3,0,3,NaN
1,2,3,NaN
1,2,3,NaN
3,0,3,0.11302026105487464
1,2,3,NaN
2,1,3,0.642689094081309
1,2,3,NaN
2,1,3,NaN
2,1,3,NaN
1,2,3,NaN
2,1,3,NaN
2,1,3,0.9067597060883621
2,1,3,NaN
1,2,3,NaN
3,0,3,NaN
3,0,3,NaN
2,1,3,0.15348760037464887
1,2,3,0.5076524678986474
2,1,3,NaN
2,1,3,NaN
3,0,3,0.8535399985089294
3,0,3,NaN
3,0,3,NaN
3,0,3,NaN
3,0,3,0.012741653266331953
1,2,3,NaN
3,0,3,NaN
1,2,3,0.36374176270060876
3,0,3,NaN
2,1,3,NaN
3,0,3,NaN
2,1,3,NaN
2,1,3,NaN
3,0,3,0.36374176270060876
3,0,3,NaN
3,0,3,NaN
2,1,3,NaN
1,2,3,NaN
2,1,3,NaN
2,1,3,NaN
3,0,3,0.015089968713335646
3,0,3,0.5983910585585586
3,0,3,NaN
1,2,3,0.06984398440883517
2,1,3,NaN
2,1,3,NaN
2,1,3,0.7509979234994011
1,2,3,0.002799347354138233
3,0,3,NaN
1,2,3,0.015089968713335646
2,1,3,NaN
1,2,3,NaN
1,2,3,0.7808948524004466
3,0,3,NaN
3,0,3,NaN
3,0,3,NaN
2,1,3,0.9357857374272102
3,0,3,0.3193104281105608
3,0,3,NaN
1,2,3,0.015089968713335646
2,1,3,NaN
3,0,3,0.41042378787561506
3,0,3,NaN
3,0,3,0.8723440292898591
3,0,3,NaN
3,0,3,0.5120631375357593
1,2,3,0.3782498717433507
1,2,3,0.1791109280893668
2,1,3,0.8909590781505728
2,1,3,0.7479455100966084
1,2,3,NaN
1,2,3,0.41042378787561506
1,2,3,NaN
2,1,3,0.5523648636569257
2,1,3,NaN
3,0,3,NaN
2,1,3,NaN
2,1,3,NaN
1,2,3,NaN
1,2,3,0.3193104281105608
3,0,3,NaN
1,2,3,NaN
3,0,3,NaN
1,2,3,0.5523648636569257
2,1,3,0.8723440292898591
2,1,3,NaN
1,2,3,NaN
2,1,3,NaN
1,2,3,NaN
3,0,3,NaN
2,1,3,NaN
1,2,3,NaN
3,0,3,NaN
2,1,3,NaN
2,1,3,0.9067597060883621
1,2,3,NaN
3,0,3,NaN
3,0,3,NaN
2,1,3,0.22566217291689336
2,1,3,0.7188460181803934
2,1,3,0.12135103970083026
3,0,3,0.007114009197751627
3,0,3,NaN
2,1,3,NaN
3,0,3,NaN
2,1,3,0.6826185730663652
1,2,3,NaN
1,2,3,0.00860264728312664
3,0,3,NaN
2,1,3,NaN
2,1,3,NaN
3,0,3,NaN
2,1,3,NaN
2,1,3,0.05916634506716057
3,0,3,0.20610868071375793
2,1,3,0.3193104281105608
2,1,3,NaN
2,1,3,0.2795481783803956
3,0,3,NaN
1,2,3,NaN
3,0,3,NaN
3,0,3,0.2088844544951591
3,0,3,NaN
3,0,3,NaN
2,1,3,NaN
3,0,3,NaN
2,1,3,0.5156032575670741
2,1,3,NaN
3,0,3,0.922423104079044
1,2,3,0.2795481783803956
3,0,3,0.4586140219451372
3,0,3,0.13221071469067883
3,0,3,NaN
2,1,3,0.2088844544951591
1,2,3,NaN
1,2,3,NaN
2,1,3,0.2795481783803956
3,0,3,NaN
2,1,3,NaN
1,2,3,0.7509979234994011
2,1,3,NaN
1,2,3,NaN
2,1,3,0.13221071469067883
2,1,3,0.07500557586252883
3,0,3,0.6826185730663652
1,2,3,NaN
2,1,3,NaN
1,2,3,NaN
2,1,3,0.5983910585585586
1,2,3,0.09652246162613985
2,1,3,0.7188460181803934
3,0,3,NaN
1,2,3,0.5076524678986474
2,1,3,NaN
2,1,3,0.9659495665715027
2,1,3,0.015089968713335646
3,0,3,0.11302026105487464
3,0,3,0.8535399985089294
3,0,3,NaN
3,0,3,NaN
3,0,3,NaN
3,0,3,NaN
2,1,3,NaN
1,2,3,NaN
2,1,3,NaN
1,2,3,0.2795481783803956
2,1,3,NaN
1,2,3,NaN
2,1,3,NaN
2,1,3,NaN
3,0,3,0.36374176270060876
1,2,3,NaN
2,1,3,NaN
3,0,3,NaN
2,1,3,NaN
3,0,3,NaN
1,2,3,NaN
3,0,3,0.7188460181803934
3,0,3,0.8535399985089294
3,0,3,0.08139481150030385
2,1,3,0.48034970863649584
1,2,3,NaN
2,1,3,NaN
3,0,3,NaN
1,2,3,NaN
2,1,3,0.3238101356243932
3,0,3,0.08139481150030385
2,1,3,NaN
1,2,3,0.7509979234994011
3,0,3,NaN
2,1,3,0.2088844544951591
2,1,3,NaN
2,1,3,0.02143073799725636
1,2,3,NaN
2,1,3,NaN
2,1,3,NaN
2,1,3,0.09652246162613985
3,0,3,0.5983910585585586
1,2,3,0.3193104281105608
2,1,3,NaN
3,0,3,NaN
2,1,3,0.2426068904918033
2,1,3,NaN
3,0,3,NaN
1,2,3,NaN
2,1,3,0.41042378787561506
2,1,3,0.9475679371961635
2,1,3,NaN
3,0,3,NaN
2,1,3,NaN
1,2,3,NaN
3,0,3,NaN
2,1,3,NaN
1,2,3,NaN
2,1,3,NaN
3,0,3,NaN
2,1,3,0.01527026107826143
1,2,3,NaN
2,1,3,NaN
3,0,3,NaN
2,1,3,NaN
3,0,3,NaN
1,2,3,NaN
2,1,3,NaN
1,2,3,NaN
2,1,3,0.7188460181803934
3,0,3,NaN
1,2,3,NaN
2,1,3,NaN
2,1,3,0.3782498717433507
2,1,3,0.5076524678986474
1,2,3,NaN
3,0,3,NaN
2,1,3,NaN
2,1,3,NaN
3,0,3,NaN
2,1,3,NaN
2,1,3,0.7808948524004466
1,2,3,NaN
3,0,3,NaN
1,2,3,NaN
1,2,3,0.15348760037464887
3,0,3,NaN
2,1,3,NaN
1,2,3,NaN
2,1,3,0.36374176270060876
1,2,3,NaN
2,1,3,NaN
1,2,3,0.7188460181803934
1,2,3,NaN
2,1,3,0.8062781873736411
1,2,3,NaN
1,2,3,NaN
3,0,3,NaN
3,0,3,0.9475679371961635
1,2,3,NaN
1,2,3,0.2795481783803956
1,2,3,0.2795481783803956
3,0,3,NaN
3,0,3,NaN
3,0,3,0.11302026105487464
1,2,3,0.36374176270060876
2,1,3,NaN
3,0,3,NaN
3,0,3,NaN
1,2,3,NaN
3,0,3,0.4586140219451372
2,1,3,NaN
3,0,3,NaN
1,2,3,NaN
1,2,3,NaN
1,2,3,0.2795481783803956
3,0,3,0.8302287522477523
2,1,3,NaN
3,0,3,NaN
3,0,3,NaN
3,0,3,NaN
2,1,3,NaN
1,2,3,NaN
2,1,3,0.3193104281105608
3,0,3,0.09652246162613985
2,1,3,0.922423104079044
2,1,3,0.3184230657873366
3,0,3,NaN
3,0,3,NaN
3,0,3,0.7808948524004466
1,2,3,NaN
2,1,3,NaN
1,2,3,NaN
3,0,3,NaN
1,2,3,NaN
2,1,3,NaN
3,0,3,NaN
2,1,3,0.7509979234994011
2,1,3,NaN
2,1,3,0.48152378233972265
2,1,3,0.2088844544951591
1,2,3,NaN
3,0,3,0.4586140219451372
2,1,3,NaN
3,0,3,NaN
1,2,3,0.5523648636569257
1,2,3,0.41042378787561506
3,0,3,NaN
3,0,3,NaN
3,0,3,NaN
3,0,3,0.8302287522477523
3,0,3,NaN
3,0,3,NaN
3,0,3,NaN
2,1,3,0.8723440292898591
2,1,3,NaN
1,2,3,NaN
1,2,3,NaN
2,1,3,0.2795481783803956
3,0,3,NaN
3,0,3,NaN
3,0,3,NaN
2,1,3,NaN
2,1,3,NaN
1,2,3,NaN
3,0,3,NaN
3,0,3,0.5617770053451895
2,1,3,0.642689094081309
2,1,3,NaN
2,1,3,NaN
2,1,3,NaN
3,0,3,NaN
1,2,3,NaN
3,0,3,NaN
2,1,3,NaN
1,2,3,NaN
1,2,3,0.2088844544951591
3,0,3,0.7188460181803934
1,2,3,0.05916634506716057
1,2,3,0.13221071469067883
2,1,3,0.06984398440883517
1,2,3,NaN
3,0,3,NaN
3,0,3,NaN
1,2,3,0.41042378787561506
1,2,3,NaN
2,1,3,NaN
1,2,3,NaN
2,1,3,0.13221071469067883
3,0,3,NaN
2,1,3,0.1791109280893668
3,0,3,0.922423104079044
3,0,3,NaN
3,0,3,NaN
1,2,3,NaN
1,2,3,0.3193104281105608
2,1,3,0.04263845043616167
3,0,3,NaN
3,0,3,NaN
2,1,3,0.11302026105487464
1,2,3,NaN
3,0,3,0.5523648636569257
1,2,3,0.36374176270060876
3,0,3,0.8535399985089294
2,1,3,NaN
1,2,3,0.5983910585585586
3,0,3,NaN
2,1,3,NaN
2,1,3,NaN
2,1,3,0.6826185730663652
3,0,3,0.08139481150030385
2,1,3,0.2795481783803956
1,2,3,0.7523999056826383
2,1,3,NaN
1,2,3,0.9031836881523079
2,1,3,NaN
2,1,3,NaN
2,1,3,0.9357857374272102
2,1,3,0.09652246162613985
2,1,3,NaN
3,0,3,0.5523648636569257
3,0,3,NaN
2,1,3,0.0575440837764297
2,1,3,NaN
3,0,3,0.06934750513512775
3,0,3,0.11302026105487464
1,2,3,0.5523648636569257
2,1,3,NaN
3,0,3,NaN
2,1,3,5.1216260161231316e-5
3,0,3,NaN
1,2,3,NaN
1,2,3,0.012741653266331953
3,0,3,NaN
3,0,3,NaN
3,0,3,NaN
2,1,3,NaN
2,1,3,NaN
3,0,3,NaN
1,2,3,NaN
1,2,3,NaN
3,0,3,NaN
1,2,3,NaN
2,1,3,NaN
3,0,3,NaN
3,0,3,NaN
2,1,3,0.9859421773727781
2,1,3,NaN
3,0,3,0.005634571703672751
1,2,3,0.9067597060883621
1,2,3,0.012741653266331953
2,1,3,NaN
2,1,3,NaN
1,2,3,NaN
3,0,3,NaN
2,1,3,NaN
3,0,3,NaN
2,1,3,NaN
3,0,3,NaN
1,2,3,0.6428295751651378
3,0,3,NaN
3,0,3,0.5983910585585586
2,1,3,NaN
1,2,3,NaN
1,2,3,NaN
2,1,3,0.002785321413471719
2,1,3,NaN
2,1,3,0.8723440292898591
3,0,3,0.01788245207000743
1,2,3,NaN
2,1,3,NaN
3,0,3,0.3193104281105608
3,0,3,NaN
1,2,3,NaN
3,0,3,NaN
3,0,3,0.11302026105487464
2,1,3,0.03442461981684938
1,2,3,0.726223815015008
1,2,3,0.8302287522477523
1,2,3,0.9741337647667054
2,1,3,0.09652246162613985
2,1,3,NaN
3,0,3,0.6216521463069983
2,1,3,NaN
2,1,3,NaN
2,1,3,0.41042378787561506
3,0,3,0.8062781873736411
2,1,3,0.04263845043616167
1,2,3,NaN
2,1,3,NaN
2,1,3,NaN
2,1,3,0.9891364751495578
2,1,3,0.031780124353045315
1,2,3,0.20610868071375793
3,0,3,NaN
3,0,3,NaN
1,2,3,NaN
2,1,3,0.5076524678986474
3,0,3,NaN
3,0,3,NaN
3,0,3,0.6259774576962397
1,2,3,NaN
3,0,3,0.41042378787561506
2,1,3,NaN
3,0,3,NaN
2,1,3,0.7188460181803934
1,2,3,NaN
3,0,3,0.017809239281788392
3,0,3,NaN
2,1,3,0.5523648636569257
2,1,3,NaN
3,0,3,NaN
2,1,3,0.5523648636569257
1,2,3,0.2795481783803956
1,2,3,NaN
1,2,3,0.8535399985089294
2,1,3,NaN
2,1,3,0.9962234578773226
2,1,3,0.9925883253395366
1,2,3,0.03573862828111791
2,1,3,NaN
1,2,3,NaN
1,2,3,0.003214912144702669
1,2,3,0.1602166518274424
2,1,3,NaN
2,1,3,NaN
3,0,3,0.9357857374272102
3,0,3,NaN
2,1,3,0.41042378787561506
3,0,3,NaN
2,1,3,NaN
3,0,3,0.9659495665715027
2,1,3,NaN
3,0,3,NaN
2,1,3,NaN
3,0,3,0.8062781873736411
3,0,3,NaN
2,1,3,NaN
1,2,3,0.3193104281105608
2,1,3,NaN
2,1,3,NaN
2,1,3,NaN
1,2,3,0.7188460181803934
1,2,3,0.015089968713335646
1,2,3,NaN
2,1,3,NaN
2,1,3,0.5523648636569257
3,0,3,NaN
3,0,3,NaN
2,1,3,NaN
2,1,3,0.015089968713335646
2,1,3,NaN
3,0,3,0.15348760037464887
3,0,3,0.1791109280893668
1,2,3,NaN
3,0,3,NaN
2,1,3,NaN
2,1,3,NaN
1,2,3,0.9067597060883621
3,0,3,NaN
3,0,3,NaN
2,1,3,NaN
2,1,3,0.5156032575670741
3,0,3,NaN
3,0,3,NaN
2,1,3,0.3193104281105608
2,1,3,NaN
3,0,3,0.01050871192496647
2,1,3,NaN
3,0,3,NaN
2,1,3,0.7188460181803934
3,0,3,NaN
1,2,3,0.3193104281105608
3,0,3,0.36746447682822836
3,0,3,NaN
2,1,3,NaN
3,0,3,NaN
2,1,3,0.8723440292898591
1,2,3,0.08139481150030385
1,2,3,NaN
3,0,3,NaN
3,0,3,0.0201286813465156
1,2,3,0.5983910585585586
2,1,3,0.5523648636569257
3,0,3,NaN
2,1,3,NaN
3,0,3,0.7509979234994011
3,0,3,NaN
2,1,3,0.5523648636569257
1,2,3,NaN
2,1,3,NaN
1,2,3,0.004587740297176135
3,0,3,0.41042378787561506
3,0,3,NaN
2,1,3,0.005035404763675458
3,0,3,0.02143073799725636
3,0,3,0.2088844544951591
1,2,3,NaN
3,0,3,NaN
2,1,3,0.009200494388447333
3,0,3,NaN
3,0,3,0.7188460181803934
3,0,3,NaN
2,1,3,0.017809239281788392
2,1,3,NaN
2,1,3,NaN
3,0,3,NaN
2,1,3,NaN
3,0,3,0.5076524678986474
3,0,3,NaN
3,0,3,NaN
3,0,3,NaN
2,1,3,NaN
3,0,3,NaN
2,1,3,NaN
3,0,3,NaN
3,0,3,NaN
2,1,3,NaN
2,1,3,0.1274073205212123
2,1,3,NaN
3,0,3,NaN
2,1,3,0.7509979234994011
3,0,3,NaN
2,1,3,0.5775525665651291
3,0,3,NaN
2,1,3,NaN
1,2,3,NaN
2,1,3,NaN
1,2,3,NaN
2,1,3,0.6826185730663652
2,1,3,NaN
2,1,3,NaN
2,1,3,NaN
3,0,3,NaN
2,1,3,0.5983910585585586
1,2,3,NaN
3,0,3,0.7188460181803934
3,0,3,NaN
3,0,3,NaN
2,1,3,NaN
2,1,3,NaN
3,0,3,NaN
2,1,3,0.4586140219451372
2,1,3,NaN
2,1,3,NaN
2,1,3,NaN
1,2,3,0.36374176270060876
2,1,3,NaN
3,0,3,NaN
1,2,3,NaN
1,2,3,NaN
1,2,3,NaN
1,2,3,0.29891413626837543
2,1,3,0.2795481783803956
2,1,3,NaN
3,0,3,NaN
2,1,3,0.7509979234994011
2,1,3,NaN
3,0,3,NaN
3,0,3,NaN
3,0,3,NaN
2,1,3,0.8723440292898591
3,0,3,NaN
2,1,3,0.41042378787561506
2,1,3,NaN
3,0,3,5.6971108322410734e-5
1,2,3,0.005806872761759866
2,1,3,NaN
1,2,3,NaN
1,2,3,NaN
3,0,3,0.8302287522477523
3,0,3,NaN
1,2,3,0.00045871405777530834
2,1,3,NaN
2,1,3,NaN
3,0,3,0.7188460181803934
1,2,3,NaN
3,0,3,0.36374176270060876
3,0,3,NaN
1,2,3,0.04263845043616167
3,0,3,0.2088844544951591
1,2,3,0.8062781873736411
1,2,3,0.005634571703672751
3,0,3,NaN
3,0,3,0.642689094081309
2,1,3,NaN
3,0,3,0.5983910585585586
1,2,3,NaN
3,0,3,NaN
2,1,3,0.01050871192496647
2,1,3,0.23342898232469278
2,1,3,0.11141960878447
2,1,3,0.9574121554627333
1,2,3,NaN
3,0,3,NaN
3,0,3,0.11302026105487464
1,2,3,NaN
1,2,3,NaN
3,0,3,NaN
3,0,3,0.2088844544951591
3,0,3,NaN
3,0,3,NaN
2,1,3,NaN
1,2,3,NaN
3,0,3,NaN
2,1,3,0.14173400335563793
1,2,3,0.9169392966968397
2,1,3,0.8723440292898591
2,1,3,NaN
2,1,3,NaN
2,1,3,NaN
2,1,3,NaN
2,1,3,NaN
1,2,3,0.7509979234994011
3,0,3,0.48152378233972265
2,1,3,NaN
2,1,3,0.5076524678986474
2,1,3,0.3193104281105608
3,0,3,NaN
3,0,3,0.06984398440883517
3,0,3,0.8535399985089294
3,0,3,0.7808948524004466
2,1,3,NaN
3,0,3,9.17221511457383e-6
3,0,3,0.4586140219451372
1,2,3,NaN
2,1,3,0.5315862019114886
2,1,3,0.025396716993254218
1,2,3,0.36374176270060876
2,1,3,NaN
3,0,3,NaN
3,0,3,NaN
1,2,3,0.13221071469067883
2,1,3,NaN
3,0,3,NaN
2,1,3,0.5523648636569257
3,0,3,0.2088844544951591
1,2,3,NaN
1,2,3,NaN
3,0,3,0.41042378787561506
3,0,3,0.7509979234994011
2,1,3,0.5523648636569257
2,1,3,0.5523648636569257
3,0,3,0.13221071469067883
1,2,3,2.5729204321838464e-5
2,1,3,0.4586140219451372
1,2,3,NaN
1,2,3,0.5076524678986474
3,0,3,NaN
3,0,3,NaN
2,1,3,0.5674107172508536
2,1,3,0.9357857374272102
3,0,3,NaN
1,2,3,0.8062781873736411
3,0,3,NaN
3,0,3,NaN
3,0,3,NaN
1,2,3,NaN
1,2,3,0.008893441534327067
2,1,3,0.5076524678986474
2,1,3,NaN
2,1,3,NaN
3,0,3,NaN
1,2,3,NaN
3,0,3,NaN
2,1,3,NaN
3,0,3,0.9357857374272102
1,2,3,NaN
3,0,3,NaN
1,2,3,NaN
2,1,3,NaN
2,1,3,0.3193104281105608
3,0,3,NaN
1,2,3,NaN
2,1,3,NaN
1,2,3,NaN
2,1,3,0.7188460181803934
2,1,3,NaN
3,0,3,NaN
3,0,3,0.41042378787561506
3,0,3,0.7509979234994011
2,1,3,NaN
2,1,3,0.012741653266331953
1,2,3,NaN
3,0,3,NaN
3,0,3,0.2426068904918033
1,2,3,0.025396716993254218
1,2,3,NaN
3,0,3,0.2795481783803956
3,0,3,NaN
1,2,3,0.06984398440883517
1,2,3,NaN
3,0,3,NaN
1,2,3,NaN
3,0,3,NaN
2,1,3,NaN
2,1,3,NaN
2,1,3,0.3175027589957138
3,0,3,0.8062781873736411
1,2,3,0.9659495665715027
1,2,3,NaN
2,1,3,NaN
3,0,3,NaN
2,1,3,NaN
1,2,3,0.5076524678986474
3,0,3,NaN
3,0,3,NaN
2,1,3,0.05916634506716057
1,2,3,NaN
2,1,3,NaN
2,1,3,NaN
1,2,3,NaN
3,0,3,NaN
3,0,3,NaN
2,1,3,NaN
2,1,3,0.922423104079044
1,2,3,NaN
3,0,3,NaN
2,1,3,NaN
1,2,3,NaN
1,2,3,NaN
3,0,3,0.003214912144702669
1,2,3,NaN
2,1,3,0.5983910585585586
1,2,3,NaN
3,0,3,NaN
2,1,3,0.41042378787561506
2,1,3,NaN
3,0,3,NaN
2,1,3,NaN
2,1,3,NaN
3,0,3,NaN
3,0,3,NaN
3,0,3,0.03573862828111791
3,0,3,NaN
3,0,3,NaN
3,0,3,NaN
3,0,3,NaN
3,0,3,0.7972232699753312
2,1,3,0.13221071469067883
2,1,3,NaN
2,1,3,NaN
3,0,3,0.41042378787561506
1,2,3,0.08562647313259962
1,2,3,NaN
1,2,3,0.9574121554627333
2,1,3,NaN
3,0,3,0.7665191082185517
3,0,3,NaN
3,0,3,NaN
2,1,3,0.7188460181803934
1,2,3,NaN
3,0,3,NaN
1,2,3,NaN
2,1,3,NaN
3,0,3,0.15348760037464887
2,1,3,NaN
3,0,3,NaN
3,0,3,NaN
1,2,3,NaN
2,1,3,NaN
3,0,3,0.11302026105487464
3,0,3,NaN
2,1,3,NaN
2,1,3,NaN
1,2,3,NaN
3,0,3,0.8723440292898591
3,0,3,NaN
3,0,3,0.015089968713335646
2,1,3,0.5523648636569257
2,1,3,0.08139481150030385
2,1,3,NaN
2,1,3,NaN
3,0,3,NaN
1,2,3,NaN
2,1,3,NaN
3,0,3,NaN
3,0,3,0.20745192238654175
3,0,3,NaN
2,1,3,0.05386584796571219
1,2,3,0.2426068904918033
1,2,3,0.029824284599219358
3,0,3,NaN
2,1,3,NaN
2,1,3,0.5076524678986474
2,1,3,NaN
3,0,3,NaN
2,1,3,0.06172568420041489
2,1,3,0.7808948524004466
1,2,3,0.5983910585585586
2,1,3,NaN
3,0,3,NaN
2,1,3,NaN
1,2,3,NaN
3,0,3,0.2426068904918033
2,1,3,NaN
3,0,3,NaN
3,0,3,NaN
3,0,3,NaN
2,1,3,NaN
1,2,3,NaN
3,0,3,NaN
2,1,3,0.8723440292898591
2,1,3,0.4586140219451372
1,2,3,NaN
1,2,3,NaN
2,1,3,NaN
2,1,3,NaN
3,0,3,NaN
3,0,3,NaN
2,1,3,0.15348760037464887
3,0,3,NaN
2,1,3,NaN
2,1,3,0.9859421773727781
3,0,3,0.41042378787561506
2,1,3,NaN
2,1,3,NaN
2,1,3,NaN
2,1,3,NaN
2,1,3,NaN
3,0,3,0.41042378787561506
1,2,3,0.8723440292898591
3,0,3,NaN
3,0,3,NaN
2,1,3,0.24639757577104482
3,0,3,0.11302026105487464
3,0,3,NaN
2,1,3,0.025396716993254218
3,0,3,NaN
2,1,3,NaN
2,1,3,NaN
2,1,3,NaN
3,0,3,0.2148611023327609
3,0,3,0.5983910585585586
1,2,3,0.5983910585585586
2,1,3,NaN
1,2,3,0.007114009197751627
3,0,3,0.8723440292898591
1,2,3,NaN
2,1,3,NaN
2,1,3,0.15348760037464887
1,2,3,0.8062781873736411
2,1,3,0.5394882506144599
1,2,3,NaN
1,2,3,NaN
2,1,3,NaN
3,0,3,0.7509979234994011
1,2,3,0.9859421773727781
3,0,3,0.4586140219451372
3,0,3,NaN
2,1,3,0.2426068904918033
2,1,3,NaN
2,1,3,0.2795481783803956
3,0,3,NaN
2,1,3,0.7808948524004466
1,2,3,0.8561742584406086
2,1,3,0.4586140219451372
3,0,3,0.642689094081309
2,1,3,0.15348760037464887
2,1,3,0.7188460181803934
3,0,3,0.15348760037464887
3,0,3,0.5523648636569257
2,1,3,NaN
3,0,3,NaN
3,0,3,NaN
3,0,3,NaN
1,2,3,0.9067597060883621
2,1,3,0.01050871192496647
3,0,3,0.2795481783803956
1,2,3,NaN
2,1,3,NaN
2,1,3,NaN
2,1,3,0.13221071469067883
2,1,3,NaN
2,1,3,NaN
2,1,3,NaN
1,2,3,NaN
1,2,3,NaN
3,0,3,NaN
1,2,3,NaN
2,1,3,0.6826185730663652
3,0,3,NaN
3,0,3,0.012741653266331953
2,1,3,NaN
3,0,3,0.4586140219451372
3,0,3,NaN
2,1,3,NaN
3,0,3,NaN
3,0,3,0.5076524678986474
3,0,3,NaN
1,2,3,0.5076524678986474
1,2,3,NaN
1,2,3,NaN
2,1,3,0.642689094081309
3,0,3,0.8723440292898591
3,0,3,0.9741337647667054
1,2,3,NaN
2,1,3,NaN
1,2,3,0.8062781873736411
1,2,3,0.4586140219451372
3,0,3,NaN
2,1,3,NaN
3,0,3,0.2795481783803956
2,1,3,NaN
3,0,3,0.9741337647667054
3,0,3,NaN
1,2,3,NaN
2,1,3,NaN
2,1,3,NaN
3,0,3,NaN
1,2,3,NaN
3,0,3,NaN
3,0,3,NaN
1,2,3,NaN
1,2,3,0.642689094081309
1,2,3,NaN
1,2,3,0.7188460181803934
2,1,3,0.5523648636569257
2,1,3,0.3518360469447325
3,0,3,NaN
3,0,3,NaN
2,1,3,NaN
3,0,3,NaN
3,0,3,NaN
3,0,3,0.9955795944312678
3,0,3,NaN
1,2,3,NaN
3,0,3,0.7188460181803934
2,1,3,NaN
2,1,3,NaN
3,0,3,0.3193104281105608
2,1,3,0.00860264728312664
2,1,3,NaN
1,2,3,0.3193104281105608
3,0,3,NaN
3,0,3,0.7509979234994011
3,0,3,NaN
3,0,3,0.8302287522477523
3,0,3,NaN
2,1,3,0.03573862828111791
2,1,3,NaN
2,1,3,NaN
2,1,3,NaN
3,0,3,NaN
2,1,3,0.11430065933325513
2,1,3,NaN
3,0,3,NaN
1,2,3,NaN
1,2,3,NaN
1,2,3,0.9475679371961635
3,0,3,NaN
3,0,3,0.3193104281105608
1,2,3,NaN
2,1,3,NaN
3,0,3,NaN
3,0,3,NaN
3,0,3,0.025396716993254218
2,1,3,NaN
2,1,3,NaN
2,1,3,NaN
3,0,3,NaN
3,0,3,0.8062781873736411
1,2,3,0.2088844544951591
1,2,3,NaN
2,1,3,0.04263845043616167
3,0,3,0.02026453355916382
2,1,3,NaN
2,1,3,0.029824284599219358
3,0,3,NaN
2,1,3,0.5076524678986474
2,1,3,0.007984093613174112
3,0,3,NaN
3,0,3,0.01050871192496647
1,2,3,0.39794461223655714
2,1,3,NaN
2,1,3,NaN
2,1,3,0.6826185730663652
1,2,3,NaN
3,0,3,NaN
2,1,3,NaN
2,1,3,NaN
3,0,3,0.41042378787561506
1,2,3,0.9741337647667054
3,0,3,NaN
3,0,3,NaN
3,0,3,0.5076524678986474
3,0,3,NaN
3,0,3,NaN
3,0,3,NaN
1,2,3,0.0057199725305541165
1,2,3,0.16074243712970235
3,0,3,NaN
2,1,3,0.04263845043616167
3,0,3,NaN
1,2,3,NaN
2,1,3,NaN
2,1,3,NaN
1,2,3,NaN
1,2,3,0.3193104281105608
3,0,3,0.0503944665317212
2,1,3,0.7188460181803934
3,0,3,0.41042378787561506
3,0,3,NaN
3,0,3,NaN
3,0,3,NaN
2,1,3,NaN
3,0,3,NaN
3,0,3,NaN
1,2,3,NaN
3,0,3,0.08139481150030385
2,1,3,NaN
3,0,3,NaN
3,0,3,NaN
3,0,3,NaN
2,1,3,NaN
2,1,3,0.11302026105487464
3,0,3,0.8909590781505728
1,2,3,0.1791109280893668
2,1,3,0.9357857374272102
3,0,3,0.10489745958455866
3,0,3,NaN
3,0,3,NaN
2,1,3,NaN
3,0,3,NaN
2,1,3,0.10489745958455866
3,0,3,NaN
2,1,3,NaN
3,0,3,NaN
3,0,3,NaN
3,0,3,NaN
1,2,3,0.019561487872344265
1,2,3,NaN
3,0,3,0.004712440902467837
2,1,3,NaN
3,0,3,0.05916634506716057
3,0,3,NaN
2,1,3,NaN
2,1,3,NaN
2,1,3,NaN
2,1,3,0.7948767498222545
2,1,3,NaN
3,0,3,NaN
1,2,3,NaN
3,0,3,NaN
2,1,3,NaN
3,0,3,NaN
1,2,3,NaN
1,2,3,0.5983910585585586
2,1,3,NaN
3,0,3,NaN
2,1,3,0.09652246162613985
3,0,3,NaN
1,2,3,NaN
2,1,3,NaN
1,2,3,NaN
1,2,3,NaN
2,1,3,NaN
3,0,3,NaN
3,0,3,NaN
3,0,3,NaN
3,0,3,NaN
3,0,3,NaN
3,0,3,0.5523648636569257
2,1,3,0.01050871192496647
3,0,3,NaN
2,1,3,NaN
3,0,3,0.41042378787561506
2,1,3,NaN
1,2,3,0.06984398440883517
3,0,3,NaN
3,0,3,NaN
2,1,3,NaN
3,0,3,NaN
1,2,3,NaN
3,0,3,NaN
1,2,3,0.7509979234994011
2,1,3,NaN
2,1,3,0.9925883253395366
2,1,3,NaN
3,0,3,NaN
3,0,3,NaN
2,1,3,0.5523648636569257
2,1,3,NaN
1,2,3,NaN
2,1,3,NaN
2,1,3,NaN
2,1,3,NaN
3,0,3,NaN
2,1,3,NaN
2,1,3,NaN
1,2,3,0.5983910585585586
1,2,3,NaN
3,0,3,NaN
2,1,3,NaN
2,1,3,0.7509979234994011
2,1,3,NaN
2,1,3,0.3193104281105608
3,0,3,0.36374176270060876
3,0,3,NaN
3,0,3,NaN
3,0,3,NaN
1,2,3,0.6826185730663652
2,1,3,0.11302026105487464
1,2,3,NaN
3,0,3,0.9925883253395366
3,0,3,NaN
3,0,3,NaN
2,1,3,NaN
3,0,3,NaN
2,1,3,0.04015257437073957
2,1,3,0.012741653266331953
1,2,3,NaN
3,0,3,0.642689094081309
1,2,3,0.04263845043616167
3,0,3,0.8723440292898591
2,1,3,0.8535399985089294
2,1,3,NaN
2,1,3,0.9395926533501336
3,0,3,NaN
2,1,3,NaN
2,1,3,NaN
3,0,3,0.642689094081309
3,0,3,NaN
3,0,3,0.04263845043616167
2,1,3,NaN
3,0,3,NaN
3,0,3,0.23035644557879284
3,0,3,0.00038180264710518344
3,0,3,NaN
3,0,3,NaN
1,2,3,0.2426068904918033
1,2,3,NaN
2,1,3,0.03573862828111791
3,0,3,0.7188460181803934
2,1,3,0.32116250945492225
2,1,3,NaN
2,1,3,NaN
3,0,3,0.6826185730663652
2,1,3,NaN
1,2,3,NaN
3,0,3,NaN
1,2,3,0.024624445212847325
1,2,3,0.1791109280893668
3,0,3,NaN
3,0,3,NaN
2,1,3,NaN
1,2,3,0.11302026105487464
2,1,3,NaN
1,2,3,NaN
1,2,3,0.8302287522477523
3,0,3,NaN
2,1,3,NaN
3,0,3,NaN
3,0,3,0.5523648636569257
3,0,3,NaN
1,2,3,0.01050871192496647
3,0,3,NaN
2,1,3,NaN
3,0,3,0.41042378787561506
3,0,3,NaN
1,2,3,0.029824284599219358
3,0,3,NaN
1,2,3,NaN
2,1,3,NaN
1,2,3,NaN
1,2,3,NaN
2,1,3,NaN
1,2,3,0.8582635510267507
1,2,3,NaN
1,2,3,0.922423104079044
1,2,3,NaN
1,2,3,NaN
3,0,3,NaN
3,0,3,NaN
3,0,3,NaN
2,1,3,NaN
3,0,3,0.7188460181803934
2,1,3,0.5523648636569257
3,0,3,NaN
3,0,3,0.4586140219451372
2,1,3,NaN
3,0,3,0.1791109280893668
3,0,3,0.5983910585585586
2,1,3,NaN
1,2,3,NaN
3,0,3,NaN
2,1,3,0.8909590781505728
3,0,3,NaN
3,0,3,NaN
1,2,3,NaN
3,0,3,NaN
2,1,3,0.36374176270060876
3,0,3,NaN
3,0,3,NaN
3,0,3,0.2375163974144539
2,1,3,NaN
3,0,3,0.642689094081309
2,1,3,NaN
3,0,3,NaN
1,2,3,NaN
3,0,3,0.2426068904918033
1,2,3,NaN
3,0,3,0.08139481150030385
1,2,3,NaN
2,1,3,NaN
2,1,3,0.1791109280893668
3,0,3,NaN
1,2,3,NaN
1,2,3,NaN
2,1,3,0.2795481783803956
3,0,3,0.09652246162613985
3,0,3,NaN
3,0,3,0.5983910585585586
3,0,3,NaN
3,0,3,0.004905185281499916
1,2,3,0.029824284599219358
3,0,3,0.09652246162613985
2,1,3,NaN
2,1,3,NaN
2,1,3,0.2795481783803956
3,0,3,NaN
3,0,3,NaN
2,1,3,0.7808948524004466
3,0,3,0.02143073799725636
3,0,3,NaN
2,1,3,NaN
2,1,3,NaN
2,1,3,NaN
3,0,3,0.3193104281105608
3,0,3,NaN
2,1,3,0.8723440292898591
1,2,3,0.7808948524004466
2,1,3,NaN
2,1,3,NaN
3,0,3,NaN
2,1,3,NaN
3,0,3,NaN
3,0,3,NaN
2,1,3,0.3193104281105608
1,2,3,0.6186615358783023
3,0,3,NaN
2,1,3,0.2795481783803956
2,1,3,NaN
1,2,3,0.642689094081309
2,1,3,0.2028195509717919
1,2,3,NaN
2,1,3,0.3193104281105608
1,2,3,NaN
2,1,3,0.4586140219451372
3,0,3,0.7188460181803934
2,1,3,0.7509979234994011
3,0,3,NaN
2,1,3,NaN
3,0,3,NaN
1,2,3,NaN
2,1,3,0.8062781873736411
3,0,3,NaN
2,1,3,0.7188460181803934
2,1,3,NaN
2,1,3,NaN
3,0,3,NaN
2,1,3,0.5983665403148862
1,2,3,NaN
2,1,3,NaN
1,2,3,NaN
3,0,3,NaN
2,1,3,NaN
3,0,3,0.05916634506716057
2,1,3,NaN
1,2,3,0.5983910585585586
2,1,3,0.09652246162613985
2,1,3,0.642689094081309
3,0,3,NaN
1,2,3,NaN
1,2,3,0.642689094081309
1,2,3,NaN
2,1,3,0.2148611023327609
3,0,3,0.1791109280893668
1,2,3,NaN
1,2,3,NaN
3,0,3,0.2795481783803956
1,2,3,0.4475804482913056
3,0,3,NaN
3,0,3,0.36374176270060876
2,1,3,0.7093684477436605
3,0,3,NaN
1,2,3,0.03573862828111791
2,1,3,NaN
2,1,3,NaN
1,2,3,0.2088844544951591
2,1,3,NaN
3,0,3,0.08139481150030385
2,1,3,NaN
2,1,3,NaN
2,1,3,NaN
1,2,3,NaN
2,1,3,0.8062781873736411
2,1,3,0.6284939527206546
2,1,3,0.006770900559713291
3,0,3,0.6826185730663652
3,0,3,0.0503944665317212
1,2,3,NaN
1,2,3,NaN
3,0,3,NaN
2,1,3,NaN
2,1,3,0.08139481150030385
2,1,3,0.6365219153875292
1,2,3,NaN
1,2,3,NaN
1,2,3,0.2088844544951591
2,1,3,NaN
2,1,3,0.15348760037464887
1,2,3,NaN
3,0,3,NaN
2,1,3,NaN
1,2,3,0.8062781873736411
3,0,3,NaN
3,0,3,0.3193104281105608
3,0,3,NaN
3,0,3,NaN
1,2,3,NaN
3,0,3,NaN
1,2,3,0.8290457450747082
2,1,3,NaN
2,1,3,NaN
2,1,3,0.9475679371961635
1,2,3,0.8797314199251562
3,0,3,NaN
2,1,3,NaN
2,1,3,0.9475679371961635
1,2,3,NaN
2,1,3,NaN
3,0,3,NaN
2,1,3,NaN
2,1,3,0.5983910585585586
2,1,3,NaN
2,1,3,NaN
3,0,3,NaN
3,0,3,NaN
2,1,3,NaN
2,1,3,NaN
1,2,3,NaN
3,0,3,NaN
1,2,3,0.9659495665715027
3,0,3,NaN
2,1,3,NaN
3,0,3,0.1285455441123512
3,0,3,0.7705598901163574
3,0,3,0.9925883253395366
1,2,3,NaN
3,0,3,0.6747310753307035
3,0,3,0.7808948524004466
3,0,3,NaN
3,0,3,0.18586374463542532
2,1,3,0.04051678026109166
1,2,3,NaN
3,0,3,0.10244421106987005
3,0,3,NaN
3,0,3,0.15348760037464887
3,0,3,NaN
1,2,3,0.4586140219451372
3,0,3,NaN
3,0,3,NaN
1,2,3,NaN
2,1,3,0.9357857374272102
3,0,3,NaN
2,1,3,NaN
2,1,3,NaN
2,1,3,0.12860598401983875
3,0,3,0.002477370786516876
1,2,3,NaN
3,0,3,0.8535399985089294
1,2,3,0.1791109280893668
2,1,3,NaN
2,1,3,0.41042378787561506
1,2,3,NaN
1,2,3,0.3193104281105608
2,1,3,0.8535399985089294
2,1,3,NaN
3,0,3,NaN
3,0,3,0.8535399985089294
1,2,3,0.01050871192496647
3,0,3,0.28514136853222927
3,0,3,NaN
2,1,3,0.2426068904918033
3,0,3,NaN
2,1,3,NaN
2,1,3,NaN
1,2,3,0.0019052827008086265
3,0,3,NaN
2,1,3,0.08225927101129295
1,2,3,0.642689094081309
3,0,3,0.017809239281788392
2,1,3,NaN
3,0,3,NaN
2,1,3,NaN
2,1,3,NaN
3,0,3,0.642689094081309
3,0,3,NaN
1,2,3,0.2426068904918033
1,2,3,0.8062781873736411
3,0,3,NaN
2,1,3,NaN
2,1,3,NaN
2,1,3,NaN
2,1,3,NaN
3,0,3,NaN
2,1,3,NaN
3,0,3,NaN
2,1,3,NaN
1,2,3,0.6826185730663652
3,0,3,0.7808948524004466
1,2,3,0.9703832342090658
1,2,3,NaN
2,1,3,NaN
3,0,3,NaN
2,1,3,0.4586140219451372
2,1,3,NaN
3,0,3,NaN
1,2,3,NaN
1,2,3,NaN
2,1,3,0.06984398440883517
1,2,3,NaN
3,0,3,NaN
2,1,3,NaN
3,0,3,NaN
1,2,3,0.2426068904918033
1,2,3,0.642689094081309
2,1,3,NaN
3,0,3,NaN
2,1,3,NaN
2,1,3,0.8535399985089294
3,0,3,0.11302026105487464
1,2,3,NaN
3,0,3,NaN
2,1,3,NaN
1,2,3,0.0033481142193200757
2,1,3,0.3001369870134988
2,1,3,0.9717163553073189
3,0,3,NaN
2,1,3,NaN
2,1,3,NaN
2,1,3,0.5983910585585586
1,2,3,NaN
1,2,3,NaN
2,1,3,0.41042378787561506
3,0,3,NaN
2,1,3,NaN
1,2,3,0.017809239281788392
2,1,3,NaN
3,0,3,NaN
2,1,3,0.08139481150030385
3,0,3,NaN
3,0,3,NaN
3,0,3,NaN
2,1,3,NaN
3,0,3,NaN
2,1,3,NaN
2,1,3,0.5523648636569257
3,0,3,0.8134274576757731
1,2,3,NaN
2,1,3,0.002872756646527376
2,1,3,0.7188460181803934
2,1,3,NaN
1,2,3,0.9574121554627333
2,1,3,0.16642372214710482
3,0,3,0.05588279482317604
2,1,3,NaN
1,2,3,0.050267669818223094
3,0,3,NaN
2,1,3,0.5983910585585586
1,2,3,NaN
2,1,3,0.5523648636569257
1,2,3,NaN
2,1,3,NaN
3,0,3,NaN
2,1,3,NaN
2,1,3,NaN
1,2,3,NaN
1,2,3,NaN
1,2,3,NaN
1,2,3,NaN
2,1,3,NaN
1,2,3,NaN
3,0,3,0.029824284599219358
3,0,3,NaN
1,2,3,NaN
2,1,3,0.922423104079044
2,1,3,NaN
1,2,3,0.8062781873736411
2,1,3,NaN
2,1,3,NaN
3,0,3,NaN
1,2,3,0.36374176270060876
1,2,3,NaN
2,1,3,NaN
1,2,3,NaN
2,1,3,NaN
1,2,3,NaN
2,1,3,NaN
3,0,3,NaN
2,1,3,NaN
2,1,3,NaN
1,2,3,NaN
1,2,3,0.36374176270060876
3,0,3,NaN
3,0,3,NaN
1,2,3,0.9067597060883621
3,0,3,NaN
2,1,3,NaN
1,2,3,NaN
2,1,3,NaN
2,1,3,NaN
1,2,3,0.7431326994811255
3,0,3,0.7188460181803934
1,2,3,NaN
1,2,3,0.015089968713335646
2,1,3,0.41042378787561506
2,1,3,0.08139481150030385
1,2,3,NaN
1,2,3,NaN
3,0,3,NaN
2,1,3,0.748792122708687
2,1,3,NaN
3,0,3,NaN
2,1,3,0.2088844544951591
1,2,3,NaN
3,0,3,NaN
2,1,3,NaN
3,0,3,NaN
3,0,3,NaN
3,0,3,NaN
3,0,3,0.2088844544951591
3,0,3,0.007114009197751627
3,0,3,NaN
3,0,3,NaN
1,2,3,0.1791109280893668
3,0,3,NaN
1,2,3,NaN
2,1,3,NaN
1,2,3,0.5523648636569257
2,1,3,NaN
3,0,3,NaN
3,0,3,NaN
1,2,3,NaN
2,1,3,NaN
3,0,3,NaN
2,1,3,NaN
3,0,3,NaN
3,0,3,NaN
3,0,3,NaN
3,0,3,NaN
2,1,3,NaN
3,0,3,NaN
3,0,3,0.09652246162613985
3,0,3,0.3193104281105608
2,1,3,NaN
1,2,3,NaN
3,0,3,NaN
2,1,3,0.2088844544951591
2,1,3,0.8062781873736411
3,0,3,NaN
3,0,3,0.09652246162613985
1,2,3,0.24157380752264015
1,2,3,NaN
2,1,3,NaN
1,2,3,NaN
3,0,3,NaN
2,1,3,NaN
1,2,3,0.029824284599219358
1,2,3,NaN
3,0,3,NaN
3,0,3,0.11302026105487464
2,1,3,NaN
1,2,3,NaN
2,1,3,0.9357857374272102
3,0,3,NaN
2,1,3,0.1791109280893668
3,0,3,NaN
2,1,3,0.642689094081309
3,0,3,NaN
1,2,3,NaN
1,2,3,0.8302287522477523
1,2,3,NaN
3,0,3,NaN
2,1,3,NaN
2,1,3,NaN
1,2,3,0.06984398440883517
2,1,3,0.04263845043616167
3,0,3,NaN
1,2,3,0.5523648636569257
2,1,3,NaN
3,0,3,NaN
2,1,3,0.7188460181803934
3,0,3,NaN
3,0,3,NaN
3,0,3,0.08139481150030385
3,0,3,NaN
2,1,3,0.2795481783803956
3,0,3,NaN
3,0,3,NaN
2,1,3,0.06984398440883517
3,0,3,0.08139481150030385
3,0,3,0.41042378787561506
1,2,3,NaN
2,1,3,0.5076524678986474
1,2,3,NaN
2,1,3,NaN
3,0,3,0.41042378787561506
2,1,3,0.6826185730663652
2,1,3,0.014839561408180175
1,2,3,0.5983910585585586
2,1,3,NaN
3,0,3,NaN
1,2,3,0.3193104281105608
1,2,3,0.6826185730663652
3,0,3,NaN
1,2,3,NaN
1,2,3,0.8302287522477523
3,0,3,NaN
2,1,3,0.1791109280893668
3,0,3,NaN
3,0,3,NaN
3,0,3,0.7188460181803934
1,2,3,0.8062781873736411
3,0,3,NaN
2,1,3,0.8535399985089294
3,0,3,NaN
1,2,3,NaN
2,1,3,NaN
3,0,3,0.8302287522477523
3,0,3,NaN
2,1,3,0.9067597060883621
2,1,3,NaN
1,2,3,NaN
2,1,3,NaN
2,1,3,NaN
2,1,3,NaN
3,0,3,NaN
2,1,3,0.09652246162613985
3,0,3,NaN
2,1,3,NaN
1,2,3,NaN
1,2,3,NaN
3,0,3,NaN
3,0,3,0.642689094081309
2,1,3,0.5523648636569257
2,1,3,NaN
2,1,3,0.8909590781505728
2,1,3,NaN
2,1,3,NaN
3,0,3,0.7188460181803934
3,0,3,NaN
3,0,3,NaN
2,1,3,0.2795481783803956
2,1,3,NaN
2,1,3,NaN
1,2,3,NaN
3,0,3,0.7188460181803934
1,2,3,0.5523648636569257
2,1,3,NaN
3,0,3,NaN
2,1,3,NaN
3,0,3,NaN
2,1,3,NaN
3,0,3,NaN
2,1,3,NaN
2,1,3,NaN
1,2,3,NaN
3,0,3,NaN
1,2,3,NaN
1,2,3,NaN
3,0,3,0.0008351964024625152
3,0,3,NaN
3,0,3,NaN
2,1,3,NaN
3,0,3,NaN
2,1,3,NaN
2,1,3,0.2795481783803956
3,0,3,0.8062781873736411
3,0,3,NaN
2,1,3,0.029824284599219358
3,0,3,0.680001853284644
2,1,3,0.8723440292898591
3,0,3,0.024303266584511183
3,0,3,NaN
3,0,3,0.2426068904918033
1,2,3,0.8302287522477523
1,2,3,NaN
2,1,3,NaN
2,1,3,0.5523648636569257
1,2,3,NaN
1,2,3,NaN
3,0,3,NaN
1,2,3,NaN
2,1,3,0.025396716993254218
3,0,3,NaN
2,1,3,NaN
2,1,3,0.15348760037464887
2,1,3,0.09652246162613985
1,2,3,0.8302287522477523
1,2,3,NaN
2,1,3,NaN
2,1,3,NaN
2,1,3,NaN
1,2,3,0.11302026105487464
2,1,3,0.7808948524004466
1,2,3,NaN
2,1,3,NaN
1,2,3,NaN
2,1,3,0.029824284599219358
2,1,3,0.41042378787561506
3,0,3,0.3193104281105608
3,0,3,NaN
3,0,3,NaN
2,1,3,0.8302287522477523
2,1,3,0.5983910585585586
1,2,3,0.042570416822754996
2,1,3,NaN
1,2,3,NaN
2,1,3,NaN
2,1,3,NaN
3,0,3,NaN
1,2,3,NaN
3,0,3,0.2426068904918033
1,2,3,NaN
2,1,3,NaN
2,1,3,NaN
1,2,3,0.05000654193716431
3,0,3,NaN
3,0,3,0.5523648636569257
3,0,3,0.35781047201322363
3,0,3,0.3157768181077711
2,1,3,0.36374176270060876
2,1,3,0.012741653266331953
1,2,3,0.23443636948631028
1,2,3,0.04154613416062169
2,1,3,NaN
1,2,3,0.3193104281105608
3,0,3,0.8723440292898591
3,0,3,NaN
1,2,3,NaN
1,2,3,0.36374176270060876
1,2,3,NaN
1,2,3,NaN
1,2,3,NaN
2,1,3,NaN
3,0,3,0.0019790567751703193
1,2,3,NaN
3,0,3,NaN
2,1,3,NaN
3,0,3,NaN
1,2,3,NaN
3,0,3,0.3193104281105608
1,2,3,NaN
3,0,3,0.15348760037464887
3,0,3,NaN
2,1,3,NaN
1,2,3,NaN
1,2,3,0.15348760037464887
1,2,3,NaN
1,2,3,0.5076524678986474
3,0,3,NaN
2,1,3,0.025396716993254218
3,0,3,NaN
3,0,3,0.5076524678986474
2,1,3,0.004712440902467837
3,0,3,NaN
1,2,3,NaN
2,1,3,NaN
2,1,3,NaN
2,1,3,NaN
1,2,3,NaN
1,2,3,NaN
3,0,3,0.8302287522477523
1,2,3,NaN
2,1,3,0.11302026105487464
3,0,3,NaN
2,1,3,0.1791109280893668
3,0,3,0.9067597060883621
1,2,3,NaN
3,0,3,NaN
2,1,3,0.2426068904918033
3,0,3,NaN
3,0,3,NaN
1,2,3,0.1791109280893668
2,1,3,0.8302287522477523
3,0,3,0.2795481783803956
3,0,3,NaN
3,0,3,NaN
2,1,3,NaN
2,1,3,0.06984398440883517
3,0,3,NaN
1,2,3,NaN
2,1,3,NaN
3,0,3,NaN
2,1,3,NaN
2,1,3,0.7188460181803934
3,0,3,NaN
3,0,3,0.9741337647667054
2,1,3,NaN
2,1,3,NaN
1,2,3,0.5523648636569257
2,1,3,0.020625696887855063
1,2,3,NaN
3,0,3,0.25696363024870233
2,1,3,0.36374176270060876
2,1,3,0.00860264728312664
3,0,3,0.13221071469067883
1,2,3,NaN
3,0,3,NaN
2,1,3,NaN
1,2,3,0.642689094081309
3,0,3,NaN
2,1,3,0.02143073799725636
3,0,3,NaN
2,1,3,NaN
2,1,3,NaN
1,2,3,NaN
3,0,3,NaN
3,0,3,0.13221071469067883
3,0,3,NaN
1,2,3,0.8247356324416308
2,1,3,NaN
1,2,3,NaN
3,0,3,NaN
3,0,3,NaN
1,2,3,NaN
3,0,3,0.003930060864272878
2,1,3,NaN
3,0,3,NaN
2,1,3,0.9582775808893631
2,1,3,NaN
2,1,3,NaN
2,1,3,NaN
2,1,3,NaN
3,0,3,NaN
2,1,3,NaN
3,0,3,0.0503944665317212
2,1,3,0.15348760037464887
3,0,3,0.8909590781505728
1,2,3,NaN
1,2,3,NaN
1,2,3,0.012741653266331953
2,1,3,NaN
2,1,3,NaN
1,2,3,NaN
3,0,3,NaN
3,0,3,0.41042378787561506
3,0,3,0.15348760037464887
2,1,3,0.04965383345636839
3,0,3,0.5076524678986474
1,2,3,0.3193104281105608
3,0,3,NaN
2,1,3,NaN
1,2,3,NaN
1,2,3,0.5076524678986474
3,0,3,NaN
3,0,3,0.4721554407489368
1,2,3,NaN
1,2,3,NaN
1,2,3,NaN
1,2,3,NaN
2,1,3,NaN
2,1,3,NaN
2,1,3,NaN
3,0,3,0.3193104281105608
1,2,3,NaN
1,2,3,NaN
2,1,3,NaN
2,1,3,0.5983910585585586
1,2,3,NaN
1,2,3,0.0011790685123804023
3,0,3,0.11302026105487464
1,2,3,NaN
1,2,3,NaN
3,0,3,NaN
2,1,3,NaN
3,0,3,NaN
2,1,3,1.3633980628080784e-5
3,0,3,0.15348760037464887
2,1,3,0.3545109071424053
2,1,3,0.8535399985089294
3,0,3,0.02143073799725636
3,0,3,0.37146473591148077
3,0,3,0.9321103919391083
3,0,3,NaN
2,1,3,NaN
3,0,3,0.2088844544951591
1,2,3,0.9067597060883621
3,0,3,NaN
3,0,3,NaN
3,0,3,NaN
3,0,3,0.8062781873736411
3,0,3,NaN
2,1,3,NaN
2,1,3,NaN
3,0,3,0.7808948524004466
3,0,3,NaN
1,2,3,NaN
2,1,3,NaN
1,2,3,0.2088844544951591
3,0,3,NaN
3,0,3,0.7509979234994011
3,0,3,NaN
2,1,3,0.13221071469067883
3,0,3,0.7509979234994011
3,0,3,NaN
3,0,3,NaN
1,2,3,NaN
3,0,3,NaN
2,1,3,0.3193104281105608
2,1,3,0.08139481150030385
3,0,3,NaN
3,0,3,NaN
3,0,3,0.06984398440883517
1,2,3,NaN
1,2,3,NaN
2,1,3,NaN
3,0,3,0.11302026105487464
3,0,3,NaN
2,1,3,0.642689094081309
2,1,3,NaN
3,0,3,NaN
3,0,3,NaN
2,1,3,NaN
1,2,3,0.642689094081309
3,0,3,NaN
3,0,3,NaN
1,2,3,NaN
2,1,3,0.7188460181803934
1,2,3,NaN
2,1,3,0.03466189877996595
3,0,3,0.5983910585585586
3,0,3,0.9741337647667054
3,0,3,NaN
2,1,3,NaN
3,0,3,0.8302287522477523
3,0,3,0.2426068904918033
3,0,3,0.05916634506716057
1,2,3,NaN
3,0,3,NaN
1,2,3,NaN
1,2,3,NaN
2,1,3,0.0503944665317212
3,0,3,0.5983910585585586
2,1,3,NaN
2,1,3,0.8062781873736411
2,1,3,0.2795481783803956
2,1,3,NaN
1,2,3,0.08139481150030385
3,0,3,0.03573862828111791
2,1,3,NaN
3,0,3,NaN
1,2,3,0.8302287522477523
3,0,3,NaN
2,1,3,NaN
2,1,3,NaN
1,2,3,0.2426068904918033
1,2,3,NaN
3,0,3,NaN
2,1,3,0.012741653266331953
1,2,3,NaN
3,0,3,NaN
2,1,3,NaN
3,0,3,0.03573862828111791
2,1,3,NaN
1,2,3,NaN
2,1,3,NaN
3,0,3,NaN
3,0,3,NaN
2,1,3,0.16348005527186235
3,0,3,0.04263845043616167
2,1,3,0.3193104281105608
2,1,3,NaN
3,0,3,NaN
1,2,3,0.13221071469067883
3,0,3,NaN
1,2,3,NaN
1,2,3,NaN
2,1,3,0.15348760037464887
3,0,3,NaN
2,1,3,NaN
1,2,3,NaN
1,2,3,0.41042378787561506
2,1,3,NaN
1,2,3,NaN
3,0,3,NaN
2,1,3,0.16292093236998983
2,1,3,NaN
2,1,3,NaN
1,2,3,0.11302026105487464
2,1,3,NaN
1,2,3,0.642689094081309
2,1,3,NaN
1,2,3,NaN
1,2,3,NaN
1,2,3,NaN
3,0,3,NaN
2,1,3,0.10349892320536276
1,2,3,0.36374176270060876
3,0,3,0.7188460181803934
2,1,3,NaN
2,1,3,NaN
1,2,3,0.6826185730663652
3,0,3,NaN
1,2,3,NaN
2,1,3,NaN
1,2,3,NaN
1,2,3,0.9925883253395366
3,0,3,NaN
3,0,3,NaN
2,1,3,0.7275881804598708
2,1,3,NaN
3,0,3,NaN
2,1,3,NaN
2,1,3,NaN
3,0,3,NaN
2,1,3,NaN
3,0,3,NaN
1,2,3,0.13221071469067883
3,0,3,NaN
1,2,3,NaN
1,2,3,NaN
2,1,3,0.8909590781505728
1,2,3,NaN
1,2,3,0.05916634506716057
1,2,3,0.15348760037464887
1,2,3,NaN
1,2,3,NaN
1,2,3,NaN
1,2,3,NaN
1,2,3,0.8425056912543271
3,0,3,NaN
3,0,3,NaN
2,1,3,0.16074243712970235
2,1,3,0.02143073799725636
3,0,3,NaN
2,1,3,0.029824284599219358
3,0,3,0.2795481783803956
2,1,3,0.8302287522477523
1,2,3,0.03573862828111791
1,2,3,NaN
2,1,3,0.2088844544951591
2,1,3,0.02143073799725636
2,1,3,NaN
2,1,3,NaN
1,2,3,0.7188460181803934
3,0,3,0.015089968713335646
2,1,3,NaN
2,1,3,0.012741653266331953
3,0,3,NaN
1,2,3,0.5405484979233005
3,0,3,0.7509979234994011
3,0,3,0.922423104079044
3,0,3,NaN
3,0,3,NaN
1,2,3,0.1791109280893668
3,0,3,NaN
2,1,3,NaN
3,0,3,NaN
2,1,3,NaN
3,0,3,0.13221071469067883
1,2,3,0.1791109280893668
3,0,3,NaN
2,1,3,NaN
2,1,3,NaN
2,1,3,NaN
3,0,3,NaN
3,0,3,NaN
2,1,3,0.13221071469067883
2,1,3,0.015089968713335646
2,1,3,0.09652246162613985
3,0,3,NaN
1,2,3,0.2426068904918033
2,1,3,NaN
3,0,3,NaN
1,2,3,0.02143073799725636
1,2,3,0.674528987906287
3,0,3,NaN
3,0,3,NaN
1,2,3,0.7509979234994011
2,1,3,0.9067597060883621
2,1,3,NaN
3,0,3,NaN
2,1,3,0.8723440292898591
2,1,3,NaN
1,2,3,0.2088844544951591
3,0,3,NaN
2,1,3,NaN
1,2,3,NaN
2,1,3,NaN
3,0,3,0.9574121554627333
3,0,3,NaN
3,0,3,NaN
2,1,3,0.5076524678986474
3,0,3,NaN
2,1,3,0.6826185730663652
1,2,3,0.0503944665317212
2,1,3,0.010377883515266046
2,1,3,0.15348760037464887
1,2,3,0.41042378787561506
1,2,3,0.7808948524004466
3,0,3,NaN
2,1,3,0.7188460181803934
1,2,3,0.1791109280893668
2,1,3,NaN
3,0,3,0.642689094081309
1,2,3,NaN
2,1,3,NaN
2,1,3,NaN
2,1,3,NaN
1,2,3,NaN
2,1,3,NaN
3,0,3,NaN
3,0,3,0.3193104281105608
3,0,3,NaN
2,1,3,NaN
3,0,3,NaN
3,0,3,NaN
2,1,3,NaN
2,1,3,NaN
1,2,3,0.5076524678986474
3,0,3,NaN
2,1,3,0.2795481783803956
3,0,3,0.7188460181803934
1,2,3,NaN
2,1,3,NaN
1,2,3,NaN
1,2,3,NaN
2,1,3,NaN
1,2,3,NaN
2,1,3,NaN
2,1,3,NaN
3,0,3,NaN
2,1,3,NaN
3,0,3,NaN
2,1,3,NaN
2,1,3,0.8909590781505728
1,2,3,NaN
1,2,3,0.8909590781505728
2,1,3,0.00860264728312664
1,2,3,NaN
2,1,3,0.23895862830872852
3,0,3,0.14420721092035454
3,0,3,NaN
2,1,3,NaN
2,1,3,NaN
1,2,3,0.013383075444303982
2,1,3,NaN
3,0,3,NaN
2,1,3,NaN
3,0,3,0.8062781873736411
2,1,3,NaN
2,1,3,NaN
3,0,3,NaN
2,1,3,NaN
1,2,3,NaN
1,2,3,0.642689094081309
1,2,3,NaN
3,0,3,NaN
2,1,3,NaN
3,0,3,NaN
1,2,3,0.23035644557879284
3,0,3,NaN
1,2,3,NaN
3,0,3,NaN
1,2,3,NaN
2,1,3,0.02143073799725636
2,1,3,NaN
2,1,3,NaN
3,0,3,NaN
1,2,3,NaN
3,0,3,NaN
2,1,3,NaN
3,0,3,NaN
1,2,3,NaN
2,1,3,NaN
2,1,3,NaN
3,0,3,NaN
2,1,3,0.6745215104978507
1,2,3,NaN
2,1,3,0.5983910585585586
3,0,3,NaN
1,2,3,NaN
2,1,3,NaN
3,0,3,NaN
1,2,3,NaN
2,1,3,0.002404671954333039
3,0,3,NaN
3,0,3,NaN
1,2,3,0.3715765405400906
2,1,3,0.12411242582549202
2,1,3,0.7509979234994011
2,1,3,NaN
3,0,3,NaN
2,1,3,NaN
3,0,3,NaN
3,0,3,0.7473876440837338
2,1,3,NaN
3,0,3,NaN
3,0,3,NaN
1,2,3,0.4586140219451372
2,1,3,NaN
2,1,3,NaN
3,0,3,NaN
2,1,3,NaN
2,1,3,NaN
1,2,3,NaN
1,2,3,NaN
1,2,3,NaN
1,2,3,0.9659495665715027
2,1,3,0.4586140219451372
2,1,3,NaN
2,1,3,0.9475679371961635
3,0,3,NaN
3,0,3,0.8302287522477523
1,2,3,0.7752528494983199
2,1,3,NaN
2,1,3,0.029824284599219358
1,2,3,NaN
3,0,3,NaN
2,1,3,NaN
3,0,3,NaN
1,2,3,NaN
1,2,3,0.5983910585585586
2,1,3,NaN
3,0,3,NaN
3,0,3,NaN
1,2,3,0.6826185730663652
1,2,3,0.9859421773727781
1,2,3,0.1524811823823015
2,1,3,0.41042378787561506
2,1,3,NaN
1,2,3,NaN
1,2,3,NaN
2,1,3,0.39625862024327146
3,0,3,NaN
1,2,3,NaN
1,2,3,0.2795481783803956
3,0,3,0.11302026105487464
3,0,3,0.7509979234994011
1,2,3,NaN
1,2,3,NaN
3,0,3,NaN
1,2,3,NaN
2,1,3,0.03573862828111791
2,1,3,NaN
3,0,3,NaN
2,1,3,0.13221071469067883
3,0,3,NaN
3,0,3,0.0007885991992127268
3,0,3,0.9247499516494772
2,1,3,NaN
2,1,3,NaN
1,2,3,NaN
3,0,3,NaN
1,2,3,NaN
1,2,3,0.0503944665317212
1,2,3,0.9574121554627333
3,0,3,NaN
2,1,3,NaN
3,0,3,NaN
3,0,3,NaN
2,1,3,NaN
2,1,3,NaN
3,0,3,NaN
1,2,3,NaN
3,0,3,NaN
3,0,3,0.001670800870938368
3,0,3,0.922423104079044
2,1,3,NaN
1,2,3,NaN
3,0,3,0.41042378787561506
2,1,3,0.2088844544951591
3,0,3,0.642689094081309
1,2,3,0.3193104281105608
3,0,3,NaN
2,1,3,NaN
3,0,3,0.04263845043616167
1,2,3,NaN
1,2,3,NaN
3,0,3,0.44590523132693405
1,2,3,NaN
1,2,3,NaN
3,0,3,0.11302026105487464
3,0,3,NaN
1,2,3,0.04263845043616167
1,2,3,NaN
1,2,3,NaN
2,1,3,0.04263845043616167
3,0,3,NaN
2,1,3,0.36374176270060876
3,0,3,0.6826185730663652
2,1,3,0.41042378787561506
2,1,3,NaN
1,2,3,0.4586140219451372
2,1,3,NaN
2,1,3,0.1196553105104064
1,2,3,NaN
3,0,3,NaN
2,1,3,NaN
2,1,3,NaN
1,2,3,0.7509979234994011
2,1,3,NaN
2,1,3,NaN
2,1,3,0.2795481783803956
1,2,3,NaN
1,2,3,0.08139481150030385
3,0,3,0.2795481783803956
3,0,3,NaN
2,1,3,NaN
1,2,3,0.2421645913824708
1,2,3,0.05794336467935737
1,2,3,NaN
1,2,3,0.2426068904918033
1,2,3,NaN
2,1,3,NaN
1,2,3,0.017809239281788392
2,1,3,0.9970871547963588
3,0,3,NaN
3,0,3,0.012741653266331953
2,1,3,NaN
1,2,3,NaN
3,0,3,NaN
3,0,3,NaN
1,2,3,0.0503944665317212
3,0,3,0.41042378787561506
3,0,3,NaN
2,1,3,NaN
3,0,3,NaN
1,2,3,NaN
3,0,3,NaN
1,2,3,0.3193104281105608
2,1,3,NaN
2,1,3,0.04263845043616167
3,0,3,NaN
2,1,3,NaN
2,1,3,NaN
1,2,3,NaN
3,0,3,NaN
3,0,3,NaN
3,0,3,NaN
3,0,3,0.015089968713335646
1,2,3,0.029824284599219358
1,2,3,NaN
2,1,3,NaN
2,1,3,0.3193104281105608
3,0,3,NaN
3,0,3,NaN
2,1,3,NaN
2,1,3,NaN
3,0,3,0.09652246162613985
2,1,3,0.840366637490393
3,0,3,NaN
1,2,3,0.2795481783803956
1,2,3,NaN
2,1,3,NaN
3,0,3,NaN
3,0,3,NaN
1,2,3,NaN
2,1,3,NaN
2,1,3,0.18482655764711647
1,2,3,0.409194151226937
2,1,3,NaN
3,0,3,NaN
1,2,3,0.7808948524004466
2,1,3,NaN
2,1,3,NaN
2,1,3,0.017809239281788392
2,1,3,0.5127779956941191
1,2,3,NaN
2,1,3,0.017052691297391027
3,0,3,0.03573862828111791
2,1,3,NaN
3,0,3,NaN
3,0,3,NaN
1,2,3,NaN
3,0,3,0.5076524678986474
3,0,3,0.5674107172508536
2,1,3,0.8723440292898591
1,2,3,NaN
2,1,3,NaN
3,0,3,NaN
1,2,3,NaN
2,1,3,NaN
2,1,3,NaN
3,0,3,0.05469776630655054
1,2,3,0.7509979234994011
3,0,3,NaN
1,2,3,NaN
1,2,3,NaN
2,1,3,NaN
2,1,3,NaN
1,2,3,0.012932047490608712
2,1,3,NaN
1,2,3,NaN
2,1,3,0.8852919168310224
1,2,3,NaN
3,0,3,0.15348760037464887
3,0,3,NaN
2,1,3,0.1590338198110134
3,0,3,NaN
2,1,3,NaN
3,0,3,0.8062781873736411
3,0,3,0.41042378787561506
2,1,3,0.41042378787561506
1,2,3,0.0008126833797745949
2,1,3,0.5523648636569257
1,2,3,NaN
2,1,3,NaN
3,0,3,NaN
3,0,3,NaN
1,2,3,0.39776973938247095
3,0,3,0.1791109280893668
1,2,3,0.4586140219451372
2,1,3,NaN
1,2,3,NaN
2,1,3,0.5523648636569257
1,2,3,NaN
1,2,3,NaN
2,1,3,0.2088844544951591
1,2,3,NaN
3,0,3,NaN
3,0,3,NaN
1,2,3,NaN
2,1,3,NaN
2,1,3,NaN
3,0,3,0.5983910585585586
2,1,3,NaN
3,0,3,0.9698816780954732
2,1,3,NaN
1,2,3,0.642689094081309
1,2,3,NaN
1,2,3,NaN
3,0,3,NaN
1,2,3,NaN
2,1,3,NaN
1,2,3,NaN
2,1,3,0.9067597060883621
1,2,3,NaN
3,0,3,NaN
2,1,3,NaN
2,1,3,0.9475679371961635
1,2,3,NaN
2,1,3,0.1791109280893668
1,2,3,NaN
1,2,3,0.5983910585585586
1,2,3,NaN
3,0,3,NaN
2,1,3,NaN
1,2,3,NaN
3,0,3,NaN
3,0,3,NaN
3,0,3,NaN
2,1,3,NaN
3,0,3,NaN
2,1,3,NaN
2,1,3,NaN
1,2,3,NaN
3,0,3,NaN
3,0,3,NaN
2,1,3,NaN
1,2,3,NaN
2,1,3,NaN
1,2,3,NaN
1,2,3,NaN
3,0,3,NaN
2,1,3,0.6826185730663652
2,1,3,NaN
3,0,3,NaN
3,0,3,0.15348760037464887
1,2,3,NaN
2,1,3,0.5523648636569257
1,2,3,0.01050871192496647
2,1,3,NaN
3,0,3,0.5076524678986474
1,2,3,NaN
1,2,3,NaN
2,1,3,0.9357857374272102
3,0,3,NaN
1,2,3,NaN
2,1,3,0.04263845043616167
2,1,3,NaN
2,1,3,NaN
2,1,3,NaN
1,2,3,0.5076524678986474
3,0,3,NaN
3,0,3,NaN
1,2,3,0.2795481783803956
3,0,3,0.12762163803186358
3,0,3,NaN
2,1,3,NaN
3,0,3,0.017809239281788392
1,2,3,NaN
1,2,3,NaN
3,0,3,0.5983910585585586
2,1,3,0.5523648636569257
2,1,3,NaN
2,1,3,NaN
1,2,3,NaN
2,1,3,NaN
1,2,3,0.4586140219451372
1,2,3,NaN
2,1,3,0.642689094081309
2,1,3,NaN
2,1,3,0.7509979234994011
3,0,3,NaN
2,1,3,0.08824485368467663
2,1,3,0.13221071469067883
2,1,3,NaN
2,1,3,0.7188460181803934
1,2,3,0.10894352278014344
3,0,3,0.8062781873736411
3,0,3,0.012932047490608712
1,2,3,NaN
1,2,3,NaN
2,1,3,0.09652246162613985
2,1,3,NaN
3,0,3,NaN
3,0,3,NaN
1,2,3,0.3193104281105608
1,2,3,NaN
1,2,3,0.41042378787561506
3,0,3,NaN
3,0,3,NaN
1,2,3,0.7808948524004466
1,2,3,NaN
2,1,3,NaN
3,0,3,NaN
1,2,3,NaN
2,1,3,NaN
3,0,3,NaN
3,0,3,NaN
2,1,3,NaN
3,0,3,NaN
3,0,3,NaN
1,2,3,NaN
2,1,3,NaN
2,1,3,NaN
3,0,3,0.9897292732740418
2,1,3,NaN
1,2,3,NaN
2,1,3,NaN
2,1,3,NaN
1,2,3,NaN
2,1,3,NaN
2,1,3,NaN
3,0,3,NaN
2,1,3,NaN
2,1,3,0.9535768972014529
3,0,3,NaN
1,2,3,0.05916634506716057
1,2,3,0.022514153359476784
3,0,3,NaN
2,1,3,NaN
1,2,3,NaN
3,0,3,0.7509979234994011
2,1,3,NaN
3,0,3,NaN
3,0,3,0.8723440292898591
2,1,3,NaN
3,0,3,0.8535399985089294
1,2,3,NaN
3,0,3,0.002477370786516876
1,2,3,NaN
2,1,3,0.0013959937419511053
3,0,3,NaN
2,1,3,NaN
3,0,3,NaN
1,2,3,0.9475679371961635
2,1,3,0.1791109280893668
2,1,3,NaN
3,0,3,NaN
1,2,3,0.15348760037464887
1,2,3,NaN
1,2,3,NaN
3,0,3,NaN
1,2,3,0.5076524678986474
1,2,3,NaN
1,2,3,NaN
2,1,3,NaN
3,0,3,NaN
2,1,3,0.2088844544951591
3,0,3,NaN
3,0,3,NaN
3,0,3,NaN
1,2,3,0.007114009197751627
3,0,3,0.00042432594486147663
2,1,3,0.6826185730663652
3,0,3,NaN
2,1,3,0.20745192238654175
2,1,3,NaN
3,0,3,0.07524765470418276
2,1,3,NaN
1,2,3,0.3193104281105608
2,1,3,0.3193104281105608
2,1,3,0.7509979234994011
2,1,3,0.15348760037464887
1,2,3,NaN
3,0,3,NaN
2,1,3,0.7808948524004466
3,0,3,NaN
3,0,3,0.9962234578773226
1,2,3,NaN
1,2,3,NaN
3,0,3,NaN
2,1,3,NaN
2,1,3,NaN
1,2,3,NaN
1,2,3,NaN
1,2,3,NaN
1,2,3,NaN
3,0,3,NaN
1,2,3,NaN
2,1,3,0.642689094081309
1,2,3,0.9067597060883621
3,0,3,NaN
1,2,3,NaN
3,0,3,NaN
3,0,3,NaN
2,1,3,NaN
3,0,3,0.8212938801505606
2,1,3,0.3238101356243932
2,1,3,0.8302287522477523
1,2,3,NaN
1,2,3,NaN
2,1,3,NaN
2,1,3,NaN
1,2,3,NaN
1,2,3,NaN
1,2,3,NaN
2,1,3,NaN
2,1,3,NaN
1,2,3,0.00025436442949560876
2,1,3,NaN
1,2,3,NaN
2,1,3,0.8535399985089294
2,1,3,NaN
2,1,3,NaN
1,2,3,NaN
3,0,3,NaN
1,2,3,NaN
1,2,3,NaN
2,1,3,0.8909590781505728
3,0,3,NaN
1,2,3,0.13221071469067883
3,0,3,NaN
2,1,3,NaN
1,2,3,NaN
1,2,3,0.14861309234686118
3,0,3,0.012741653266331953
3,0,3,0.0020028391242347585
2,1,3,0.642689094081309
3,0,3,NaN
1,2,3,NaN
3,0,3,0.5380978391729944
2,1,3,0.6943734011673437
1,2,3,NaN
2,1,3,0.03433910284021043
3,0,3,0.0503944665317212
3,0,3,NaN
3,0,3,0.2795481783803956
2,1,3,NaN
2,1,3,NaN
1,2,3,NaN
1,2,3,NaN
2,1,3,NaN
1,2,3,NaN
2,1,3,0.2795481783803956
1,2,3,NaN
1,2,3,NaN
2,1,3,NaN
1,2,3,0.2088844544951591
3,0,3,0.8453588864700909
2,1,3,NaN
2,1,3,NaN
1,2,3,0.09652246162613985
2,1,3,NaN
2,1,3,0.1791109280893668
1,2,3,0.3193104281105608
1,2,3,0.41042378787561506
2,1,3,0.7808948524004466
2,1,3,NaN
1,2,3,NaN
2,1,3,0.15724194830956753
2,1,3,NaN
3,0,3,NaN
3,0,3,NaN
1,2,3,NaN
3,0,3,0.13353443526568043
1,2,3,NaN
2,1,3,NaN
2,1,3,NaN
3,0,3,NaN
1,2,3,NaN
3,0,3,0.36374176270060876
2,1,3,NaN
3,0,3,0.06984398440883517
3,0,3,NaN
1,2,3,NaN
3,0,3,NaN
1,2,3,0.8425056912543271
1,2,3,NaN
1,2,3,NaN
1,2,3,0.07338831197227345
3,0,3,NaN
3,0,3,NaN
2,1,3,NaN
2,1,3,NaN
2,1,3,0.7808948524004466
3,0,3,NaN
3,0,3,0.001470921095008115
2,1,3,NaN
1,2,3,0.9357857374272102
3,0,3,0.4586140219451372
2,1,3,NaN
3,0,3,NaN
2,1,3,0.642689094081309
1,2,3,NaN
1,2,3,NaN
1,2,3,NaN
3,0,3,NaN
2,1,3,0.10641175155622191
1,2,3,NaN
2,1,3,NaN
2,1,3,NaN
3,0,3,NaN
2,1,3,0.15348760037464887
2,1,3,NaN
1,2,3,NaN
2,1,3,0.9659495665715027
3,0,3,NaN
2,1,3,NaN
1,2,3,0.9067597060883621
1,2,3,0.033031483863058805
3,0,3,NaN
2,1,3,NaN
1,2,3,NaN
1,2,3,NaN
3,0,3,NaN
1,2,3,NaN
1,2,3,0.7808948524004466
1,2,3,NaN
1,2,3,0.2088844544951591
1,2,3,0.012741653266331953
2,1,3,0.36374176270060876
3,0,3,0.9989980546552272
3,0,3,NaN
3,0,3,0.6826185730663652
1,2,3,NaN
3,0,3,NaN
3,0,3,0.2426068904918033
1,2,3,0.642689094081309
1,2,3,NaN
1,2,3,0.017809239281788392
1,2,3,0.5523648636569257
3,0,3,NaN
3,0,3,NaN
2,1,3,NaN
1,2,3,NaN
2,1,3,0.15348760037464887
3,0,3,NaN
3,0,3,NaN
3,0,3,NaN
1,2,3,0.9357857374272102
3,0,3,0.7188460181803934
1,2,3,0.15348760037464887
2,1,3,0.8062781873736411
3,0,3,NaN
3,0,3,NaN
3,0,3,NaN
2,1,3,0.00860264728312664
3,0,3,0.5890040291561556
2,1,3,NaN
1,2,3,NaN
3,0,3,NaN
3,0,3,NaN
2,1,3,NaN
2,1,3,NaN
1,2,3,NaN
2,1,3,NaN
2,1,3,0.8723440292898591
3,0,3,0.7808948524004466
3,0,3,NaN
1,2,3,NaN
1,2,3,NaN
2,1,3,0.7808948524004466
2,1,3,NaN
3,0,3,NaN
3,0,3,0.7808948524004466
1,2,3,NaN
2,1,3,NaN
2,1,3,NaN
1,2,3,0.002799347354138233
2,1,3,NaN
2,1,3,NaN
2,1,3,NaN
2,1,3,0.8302287522477523
3,0,3,0.9574121554627333
2,1,3,0.1791109280893668
1,2,3,0.9286312325354106
2,1,3,NaN
3,0,3,NaN
3,0,3,0.15348760037464887
1,2,3,NaN
3,0,3,0.08139481150030385
3,0,3,0.642689094081309
3,0,3,0.4586140219451372
1,2,3,0.2088844544951591
2,1,3,NaN
3,0,3,0.36374176270060876
3,0,3,NaN
1,2,3,NaN
3,0,3,NaN
2,1,3,NaN
1,2,3,NaN
3,0,3,NaN
1,2,3,NaN
1,2,3,NaN
1,2,3,NaN
1,2,3,NaN
2,1,3,0.8302287522477523
2,1,3,0.9659495665715027
3,0,3,NaN
2,1,3,NaN
1,2,3,0.043766073668168336
1,2,3,0.0503944665317212
1,2,3,0.08139481150030385
1,2,3,NaN
3,0,3,NaN
1,2,3,0.307879447222626
3,0,3,NaN
3,0,3,NaN
2,1,3,0.8935941492127543
3,0,3,NaN
1,2,3,NaN
2,1,3,0.642689094081309
2,1,3,0.7509979234994011
1,2,3,NaN
3,0,3,NaN
2,1,3,0.5983910585585586
1,2,3,0.0203978931730916
1,2,3,NaN
2,1,3,0.2088844544951591
1,2,3,NaN
1,2,3,NaN
3,0,3,NaN
1,2,3,NaN
3,0,3,NaN
3,0,3,NaN
2,1,3,0.4586140219451372
1,2,3,0.5983910585585586
1,2,3,NaN
1,2,3,NaN
1,2,3,0.0503944665317212
1,2,3,0.10764758210155422
1,2,3,NaN
1,2,3,NaN
3,0,3,NaN
1,2,3,0.376183652235253
2,1,3,0.7808948524004466
1,2,3,0.9067597060883621
3,0,3,NaN
3,0,3,NaN
3,0,3,NaN
1,2,3,0.04263845043616167
3,0,3,NaN
1,2,3,NaN
2,1,3,NaN
3,0,3,NaN
2,1,3,NaN
1,2,3,NaN
1,2,3,NaN
2,1,3,NaN
2,1,3,NaN
1,2,3,NaN
1,2,3,NaN
3,0,3,NaN
3,0,3,0.7808948524004466
2,1,3,0.8302287522477523
3,0,3,NaN
1,2,3,NaN
1,2,3,NaN
1,2,3,0.2795481783803956
3,0,3,NaN
1,2,3,0.8535399985089294
2,1,3,NaN
3,0,3,NaN
2,1,3,0.15348760037464887
2,1,3,NaN
1,2,3,0.2088844544951591
1,2,3,NaN
2,1,3,0.5983910585585586
3,0,3,NaN
1,2,3,0.2795481783803956
1,2,3,NaN
1,2,3,NaN
1,2,3,0.7188460181803934
3,0,3,NaN
1,2,3,NaN
2,1,3,NaN
3,0,3,NaN
2,1,3,NaN
1,2,3,0.003930060864272878
3,0,3,0.20801379088342817
3,0,3,NaN
1,2,3,0.7509979234994011
1,2,3,0.5983910585585586
2,1,3,NaN
1,2,3,0.9890676521056991
1,2,3,NaN
2,1,3,NaN
2,1,3,0.2860349802547788
1,2,3,0.7808948524004466
2,1,3,NaN
3,0,3,0.9743609120897687
3,0,3,0.6826185730663652
3,0,3,0.6826185730663652
1,2,3,0.8062781873736411
3,0,3,0.3193104281105608
3,0,3,0.5503005065313784
1,2,3,NaN
1,2,3,0.8723440292898591
2,1,3,0.5983910585585586
1,2,3,NaN
3,0,3,0.0034923227572351517
1,2,3,NaN
2,1,3,NaN
2,1,3,NaN
1,2,3,0.5983910585585586
1,2,3,0.8909590781505728
3,0,3,NaN
1,2,3,NaN
2,1,3,NaN
2,1,3,NaN
1,2,3,0.9288703088209399
2,1,3,0.3193104281105608
2,1,3,0.017809239281788392
2,1,3,0.8302287522477523
3,0,3,0.0503944665317212
1,2,3,NaN
1,2,3,NaN
2,1,3,0.7509979234994011
1,2,3,0.7188460181803934
3,0,3,NaN
2,1,3,0.7808948524004466
2,1,3,NaN
2,1,3,NaN
2,1,3,NaN
1,2,3,NaN
3,0,3,0.7188460181803934
3,0,3,NaN
1,2,3,0.06984398440883517
2,1,3,NaN
1,2,3,0.8765511461662518
2,1,3,NaN
1,2,3,0.3193104281105608
3,0,3,NaN
1,2,3,NaN
1,2,3,NaN
3,0,3,0.8062781873736411
2,1,3,0.5523648636569257
1,2,3,NaN
1,2,3,0.8062781873736411
1,2,3,NaN
1,2,3,NaN
1,2,3,NaN
1,2,3,NaN
3,0,3,NaN
2,1,3,NaN
1,2,3,0.5523648636569257
3,0,3,NaN
2,1,3,NaN
1,2,3,NaN
1,2,3,NaN
2,1,3,NaN
2,1,3,NaN
3,0,3,NaN
1,2,3,NaN
2,1,3,0.025396716993254218
2,1,3,0.5631703616681515
3,0,3,0.7808948524004466
1,2,3,NaN
1,2,3,NaN
2,1,3,NaN
1,2,3,NaN
2,1,3,NaN
2,1,3,NaN
2,1,3,0.3193104281105608
3,0,3,NaN
3,0,3,0.36374176270060876
1,2,3,NaN
1,2,3,NaN
1,2,3,NaN
1,2,3,NaN
1,2,3,NaN
2,1,3,NaN
2,1,3,NaN
1,2,3,NaN
3,0,3,0.9067597060883621
1,2,3,0.025396716993254218
3,0,3,NaN
1,2,3,NaN
3,0,3,0.10997668268270389
1,2,3,NaN
1,2,3,0.15348760037464887
2,1,3,0.2795481783803956
2,1,3,0.06984398440883517
2,1,3,0.6826185730663652
3,0,3,NaN
2,1,3,NaN
2,1,3,0.02143073799725636
1,2,3,NaN
3,0,3,NaN
2,1,3,NaN
3,0,3,NaN
2,1,3,NaN
2,1,3,0.36374176270060876
3,0,3,NaN
1,2,3,NaN
1,2,3,NaN
2,1,3,NaN
2,1,3,NaN
2,1,3,0.9859421773727781
3,0,3,NaN
2,1,3,NaN
2,1,3,NaN
3,0,3,0.1791109280893668
2,1,3,NaN
3,0,3,0.8723440292898591
3,0,3,NaN
2,1,3,NaN
1,2,3,0.3782498717433507
2,1,3,NaN
1,2,3,NaN
2,1,3,0.7884259221808286
3,0,3,0.4586140219451372
1,2,3,NaN
3,0,3,NaN
1,2,3,NaN
2,1,3,NaN
2,1,3,NaN
1,2,3,NaN
1,2,3,NaN
3,0,3,0.3193104281105608
2,1,3,0.36374176270060876
3,0,3,NaN
1,2,3,0.05916634506716057
1,2,3,NaN
2,1,3,NaN
2,1,3,0.6826185730663652
1,2,3,0.15348760037464887
2,1,3,NaN
2,1,3,NaN
3,0,3,NaN
2,1,3,NaN
3,0,3,NaN
2,1,3,NaN
2,1,3,NaN
3,0,3,0.0503944665317212
3,0,3,0.17222260820938318
2,1,3,0.7509979234994011
3,0,3,NaN
2,1,3,NaN
1,2,3,NaN
2,1,3,NaN
3,0,3,NaN
1,2,3,NaN
2,1,3,NaN
1,2,3,NaN
1,2,3,0.2618936890146383
1,2,3,0.922423104079044
3,0,3,0.2426068904918033
2,1,3,NaN
1,2,3,NaN
1,2,3,NaN
2,1,3,0.02143073799725636
3,0,3,NaN
1,2,3,0.08139481150030385
1,2,3,0.5076524678986474
1,2,3,NaN
2,1,3,0.012741653266331953
3,0,3,NaN
2,1,3,NaN
3,0,3,0.5983910585585586
3,0,3,NaN
2,1,3,0.5433641164677188
1,2,3,NaN
1,2,3,0.11302026105487464
2,1,3,0.7188460181803934
2,1,3,0.5983910585585586
1,2,3,NaN
3,0,3,NaN
1,2,3,NaN
3,0,3,NaN
3,0,3,NaN
2,1,3,NaN
2,1,3,NaN
1,2,3,NaN
2,1,3,NaN
3,0,3,NaN
2,1,3,NaN
2,1,3,0.003097063458538694
1,2,3,0.259026836012759
2,1,3,0.9475679371961635
3,0,3,0.2088844544951591
1,2,3,NaN
2,1,3,NaN
3,0,3,NaN
2,1,3,0.05584908410720025
1,2,3,NaN
2,1,3,NaN
3,0,3,NaN
1,2,3,NaN
1,2,3,0.1791109280893668
3,0,3,NaN
2,1,3,NaN
2,1,3,NaN
3,0,3,NaN
1,2,3,NaN
1,2,3,NaN
2,1,3,NaN
1,2,3,NaN
1,2,3,NaN
2,1,3,0.007114009197751627
1,2,3,NaN
2,1,3,NaN
3,0,3,0.2426068904918033
1,2,3,0.8723440292898591
2,1,3,NaN
2,1,3,NaN
3,0,3,NaN
2,1,3,NaN
2,1,3,NaN
3,0,3,0.1791109280893668
1,2,3,NaN
2,1,3,NaN
2,1,3,0.00011140807200615495
2,1,3,NaN
2,1,3,NaN
3,0,3,NaN
1,2,3,0.08139481150030385
1,2,3,NaN
1,2,3,0.642689094081309
2,1,3,0.9925883253395366
2,1,3,NaN
1,2,3,NaN
2,1,3,NaN
3,0,3,0.15348760037464887
1,2,3,NaN
2,1,3,NaN
2,1,3,NaN
1,2,3,NaN
1,2,3,0.03573862828111791
1,2,3,NaN
3,0,3,0.025396716993254218
3,0,3,NaN
1,2,3,NaN
1,2,3,NaN
3,0,3,0.025396716993254218
3,0,3,NaN
1,2,3,0.9844273677886741
2,1,3,NaN
3,0,3,NaN
2,1,3,0.8062781873736411
3,0,3,NaN
2,1,3,NaN
2,1,3,NaN
2,1,3,6.571434796187019e-5
2,1,3,0.05916634506716057
1,2,3,NaN
2,1,3,0.7509979234994011
2,1,3,0.5076524678986474
3,0,3,0.41042378787561506
1,2,3,NaN
3,0,3,NaN
1,2,3,0.05916634506716057
1,2,3,0.8302287522477523
1,2,3,NaN
3,0,3,NaN
2,1,3,NaN
1,2,3,NaN
3,0,3,NaN
3,0,3,NaN
3,0,3,0.029824284599219358
2,1,3,0.7188460181803934
3,0,3,NaN
3,0,3,NaN
2,1,3,NaN
3,0,3,0.9067597060883621
2,1,3,NaN
2,1,3,0.05584908410720025
2,1,3,0.7188460181803934
3,0,3,NaN
2,1,3,0.8062781873736411
3,0,3,NaN
2,1,3,NaN
3,0,3,0.04263845043616167
3,0,3,NaN
1,2,3,NaN
3,0,3,NaN
1,2,3,0.9741337647667054
3,0,3,NaN
1,2,3,0.11302026105487464
1,2,3,NaN
3,0,3,0.6826185730663652
2,1,3,0.5076524678986474
2,1,3,0.7188460181803934
2,1,3,NaN
1,2,3,0.2088844544951591
1,2,3,0.6711172142161339
2,1,3,NaN
3,0,3,NaN
1,2,3,0.11302026105487464
1,2,3,NaN
3,0,3,0.5076524678986474
3,0,3,NaN
3,0,3,NaN
2,1,3,0.5523648636569257
1,2,3,NaN
3,0,3,0.085078133706641
2,1,3,NaN
2,1,3,0.09652246162613985
1,2,3,0.6826185730663652
1,2,3,NaN
1,2,3,0.15348760037464887
1,2,3,0.13221071469067883
2,1,3,0.5983910585585586
2,1,3,NaN
1,2,3,NaN
2,1,3,NaN
1,2,3,NaN
2,1,3,NaN
2,1,3,NaN
2,1,3,0.4586140219451372
1,2,3,NaN
3,0,3,NaN
3,0,3,NaN
2,1,3,0.13221071469067883
3,0,3,NaN
1,2,3,0.36374176270060876
3,0,3,0.3193104281105608
2,1,3,NaN
2,1,3,0.08139481150030385
2,1,3,0.475667907113151
1,2,3,0.001428160033282153
2,1,3,NaN
1,2,3,NaN
3,0,3,0.8535399985089294
1,2,3,0.5775525665651291
3,0,3,0.06984398440883517
2,1,3,NaN
2,1,3,NaN
3,0,3,0.09652246162613985
1,2,3,0.2426068904918033
2,1,3,NaN
2,1,3,NaN
2,1,3,NaN
1,2,3,0.09652246162613985
2,1,3,0.7188460181803934
3,0,3,0.2426068904918033
3,0,3,NaN
2,1,3,0.8603058928358852
1,2,3,NaN
1,2,3,0.13221071469067883
3,0,3,0.05916634506716057
2,1,3,0.7509979234994011
3,0,3,0.05916634506716057
3,0,3,NaN
2,1,3,0.9357857374272102
2,1,3,NaN
3,0,3,NaN
2,1,3,0.922423104079044
3,0,3,0.7188460181803934
3,0,3,0.8302287522477523
1,2,3,NaN
1,2,3,NaN
2,1,3,NaN
1,2,3,NaN
1,2,3,0.11302026105487464
3,0,3,NaN
1,2,3,0.13226268416477993
1,2,3,NaN
1,2,3,0.2088844544951591
1,2,3,0.6747310753307035
1,2,3,NaN
2,1,3,0.15348760037464887
2,1,3,0.4586140219451372
1,2,3,0.5523648636569257
1,2,3,NaN
2,1,3,0.029824284599219358
1,2,3,0.5076524678986474
1,2,3,0.36374176270060876
3,0,3,NaN
3,0,3,0.6780987058004081
1,2,3,0.0039979583097692
2,1,3,0.5775525665651291
2,1,3,NaN
2,1,3,0.15348760037464887
1,2,3,NaN
2,1,3,NaN
3,0,3,NaN
1,2,3,NaN
1,2,3,0.012741653266331953
1,2,3,NaN
1,2,3,NaN
1,2,3,NaN
1,2,3,0.3193104281105608
2,1,3,NaN
1,2,3,0.05916634506716057
2,1,3,NaN
1,2,3,NaN
2,1,3,0.7020066443731768
2,1,3,NaN
1,2,3,0.4599376669571445
1,2,3,0.003930060864272878
2,1,3,NaN
1,2,3,NaN
2,1,3,NaN
1,2,3,NaN
1,2,3,NaN
1,2,3,NaN
1,2,3,0.2426068904918033
3,0,3,0.06984398440883517
1,2,3,NaN
1,2,3,NaN
1,2,3,0.8302287522477523
1,2,3,NaN
2,1,3,NaN
2,1,3,0.2795481783803956
1,2,3,NaN
3,0,3,NaN
3,0,3,NaN
3,0,3,NaN
1,2,3,0.03466189877996595
1,2,3,NaN
1,2,3,NaN
2,1,3,0.7509979234994011
3,0,3,0.012741653266331953
2,1,3,NaN
2,1,3,0.2795481783803956
1,2,3,0.642689094081309
3,0,3,NaN
2,1,3,NaN
2,1,3,NaN
3,0,3,0.025396716993254218
2,1,3,NaN
1,2,3,NaN
2,1,3,0.7509979234994011
1,2,3,NaN
2,1,3,0.5076524678986474
3,0,3,NaN
1,2,3,0.9741337647667054
1,2,3,NaN
1,2,3,0.9286312325354106
1,2,3,0.5983910585585586
3,0,3,0.41042378787561506
1,2,3,NaN
1,2,3,0.7188460181803934
2,1,3,0.0503944665317212
1,2,3,0.02143073799725636
2,1,3,0.41042378787561506
2,1,3,NaN
1,2,3,0.0767251982961355
1,2,3,0.029824284599219358
2,1,3,NaN
1,2,3,0.642689094081309
1,2,3,NaN
1,2,3,NaN
2,1,3,NaN
1,2,3,0.00220877136596021
1,2,3,0.01050871192496647
2,1,3,NaN
2,1,3,0.9767308884683135
2,1,3,NaN
3,0,3,0.6799565048380135
1,2,3,NaN
2,1,3,0.09652246162613985
2,1,3,0.1791109280893668
1,2,3,0.3193104281105608
1,2,3,0.41042378787561506
3,0,3,NaN
1,2,3,NaN
2,1,3,NaN
3,0,3,NaN
2,1,3,0.642689094081309
3,0,3,0.28514136853222927
1,2,3,NaN
1,2,3,NaN
2,1,3,NaN
2,1,3,NaN
1,2,3,NaN
2,1,3,0.8012132539784661
1,2,3,0.9475679371961635
2,1,3,NaN
1,2,3,NaN
1,2,3,0.8535399985089294
1,2,3,0.15348760037464887
1,2,3,NaN
2,1,3,0.4586140219451372
1,2,3,NaN
2,1,3,NaN
1,2,3,NaN
2,1,3,NaN
1,2,3,0.056068383372695
1,2,3,0.11785742440316242
2,1,3,0.001470921095008115
2,1,3,NaN
1,2,3,0.15348760037464887
1,2,3,NaN
2,1,3,NaN
1,2,3,0.28514136853222927
1,2,3,0.8302287522477523
3,0,3,NaN
2,1,3,NaN
2,1,3,0.13618400691741084
2,1,3,NaN
1,2,3,NaN
2,1,3,NaN
2,1,3,0.36374176270060876
2,1,3,0.6826185730663652
1,2,3,NaN
1,2,3,0.8535399985089294
3,0,3,0.08903631838531754
2,1,3,NaN
3,0,3,0.36374176270060876
2,1,3,NaN
1,2,3,0.8302287522477523
2,1,3,NaN
3,0,3,NaN
2,1,3,NaN
1,2,3,0.009382460984838477
1,2,3,NaN
1,2,3,0.6826185730663652
2,1,3,0.5523648636569257
2,1,3,NaN
2,1,3,NaN
1,2,3,0.7509979234994011
1,2,3,NaN
1,2,3,0.00016152820512836666
3,0,3,NaN
1,2,3,0.05916634506716057
1,2,3,NaN
1,2,3,NaN
1,2,3,NaN
3,0,3,NaN
1,2,3,0.13221071469067883
3,0,3,NaN
2,1,3,NaN
2,1,3,0.2795481783803956
1,2,3,0.41042378787561506
3,0,3,0.13221071469067883
2,1,3,NaN
1,2,3,0.5523648636569257
2,1,3,NaN
3,0,3,NaN
1,2,3,NaN
1,2,3,NaN
1,2,3,0.4586140219451372
2,1,3,NaN
1,2,3,NaN
1,2,3,0.7808948524004466
1,2,3,NaN
2,1,3,NaN
3,0,3,NaN
2,1,3,0.7808948524004466
2,1,3,NaN
2,1,3,0.9574121554627333
2,1,3,0.007114009197751627
1,2,3,0.4586140219451372
1,2,3,NaN
3,0,3,NaN
3,0,3,0.8474369719133757
1,2,3,NaN
3,0,3,NaN
2,1,3,NaN
2,1,3,0.642689094081309
3,0,3,NaN
2,1,3,NaN
2,1,3,0.4586140219451372
2,1,3,0.5839875771372758
2,1,3,0.09652246162613985
1,2,3,NaN
1,2,3,NaN
3,0,3,NaN
2,1,3,0.3193104281105608
3,0,3,NaN
2,1,3,NaN
2,1,3,0.05916634506716057
3,0,3,0.04263845043616167
2,1,3,NaN
1,2,3,NaN
3,0,3,NaN
3,0,3,0.2088844544951591
1,2,3,0.8535399985089294
1,2,3,NaN
3,0,3,NaN
1,2,3,NaN
2,1,3,0.05916634506716057
2,1,3,NaN
2,1,3,0.14333204027328048
1,2,3,0.5076524678986474
2,1,3,0.13221071469067883
1,2,3,0.41042378787561506
1,2,3,NaN
1,2,3,NaN
2,1,3,0.9475679371961635
3,0,3,0.5076524678986474
1,2,3,NaN
1,2,3,0.007992266431977093
2,1,3,NaN
1,2,3,NaN
2,1,3,0.4586140219451372
2,1,3,NaN
3,0,3,NaN
1,2,3,NaN
3,0,3,NaN
1,2,3,0.24157380752264015
1,2,3,0.13221071469067883
1,2,3,NaN
1,2,3,0.5076524678986474
1,2,3,NaN
1,2,3,0.5983910585585586
3,0,3,NaN
1,2,3,NaN
1,2,3,0.8062781873736411
1,2,3,NaN
1,2,3,NaN
1,2,3,NaN
1,2,3,0.2088844544951591
3,0,3,NaN
1,2,3,NaN
1,2,3,NaN
1,2,3,NaN
1,2,3,NaN
2,1,3,0.7188460181803934
2,1,3,NaN
2,1,3,0.15348760037464887
1,2,3,NaN
3,0,3,NaN
1,2,3,NaN
1,2,3,0.7808948524004466
3,0,3,NaN
1,2,3,0.5076524678986474
2,1,3,NaN
1,2,3,NaN
2,1,3,NaN
1,2,3,NaN
1,2,3,0.6826185730663652
2,1,3,NaN
1,2,3,0.06984398440883517
2,1,3,NaN
3,0,3,0.9962234578773226
3,0,3,NaN
2,1,3,0.2426068904918033
2,1,3,NaN
1,2,3,NaN
1,2,3,0.8535399985089294
1,2,3,NaN
1,2,3,0.5076524678986474
1,2,3,0.8723440292898591
1,2,3,0.025396716993254218
1,2,3,0.012741653266331953
1,2,3,NaN
1,2,3,0.09652246162613985
1,2,3,NaN
2,1,3,NaN
2,1,3,NaN
2,1,3,0.5076524678986474
3,0,3,NaN
1,2,3,0.2426068904918033
3,0,3,0.8535399985089294
1,2,3,NaN
1,2,3,0.1475136296212411
1,2,3,NaN
2,1,3,NaN
2,1,3,NaN
1,2,3,NaN
2,1,3,0.11302026105487464
2,1,3,NaN
2,1,3,NaN
2,1,3,NaN
1,2,3,0.8062781873736411
2,1,3,NaN
2,1,3,NaN
1,2,3,0.2795481783803956
1,2,3,0.5076524678986474
3,0,3,NaN
2,1,3,0.02143073799725636
1,2,3,NaN
1,2,3,NaN
2,1,3,NaN
3,0,3,NaN
2,1,3,NaN
3,0,3,NaN
1,2,3,NaN
1,2,3,NaN
2,1,3,NaN
2,1,3,NaN
2,1,3,0.9357857374272102
2,1,3,NaN
3,0,3,NaN
2,1,3,NaN
2,1,3,NaN
2,1,3,NaN
1,2,3,0.922423104079044
2,1,3,0.7188460181803934
1,2,3,NaN
2,1,3,NaN
2,1,3,0.08139481150030385
1,2,3,NaN
1,2,3,0.0503944665317212
2,1,3,NaN
1,2,3,0.7522517969420768
2,1,3,NaN
3,0,3,0.2795481783803956
1,2,3,NaN
3,0,3,NaN
1,2,3,0.6826185730663652
1,2,3,NaN
2,1,3,0.9659495665715027
2,1,3,0.41042378787561506
1,2,3,NaN
1,2,3,0.025396716993254218
1,2,3,NaN
1,2,3,NaN
2,1,3,NaN
1,2,3,NaN
3,0,3,NaN
3,0,3,0.1240837096492461
1,2,3,NaN
2,1,3,NaN
1,2,3,0.642689094081309
1,2,3,0.003214912144702669
1,2,3,NaN
3,0,3,NaN
3,0,3,NaN
1,2,3,NaN
1,2,3,NaN
1,2,3,0.09652246162613985
2,1,3,NaN
2,1,3,NaN
1,2,3,NaN
1,2,3,NaN
1,2,3,NaN
2,1,3,NaN
2,1,3,0.642689094081309
1,2,3,0.7856593209378341
3,0,3,0.4586140219451372
1,2,3,0.5076524678986474
1,2,3,NaN
3,0,3,0.9067597060883621
1,2,3,NaN
3,0,3,0.017809239281788392
2,1,3,NaN
1,2,3,0.7188460181803934
1,2,3,0.36374176270060876
2,1,3,NaN
3,0,3,NaN
1,2,3,NaN
1,2,3,NaN
1,2,3,NaN
3,0,3,NaN
1,2,3,NaN
2,1,3,NaN
3,0,3,0.6826185730663652
1,2,3,0.5523648636569257
2,1,3,0.8535399985089294
1,2,3,0.4586140219451372
1,2,3,NaN
3,0,3,NaN
1,2,3,NaN
3,0,3,NaN
2,1,3,NaN
2,1,3,0.4586140219451372
2,1,3,NaN
1,2,3,0.15348760037464887
1,2,3,NaN
1,2,3,NaN
1,2,3,0.017809239281788392
1,2,3,0.4586140219451372
1,2,3,NaN
1,2,3,NaN
1,2,3,NaN
3,0,3,NaN
2,1,3,0.03573862828111791
3,0,3,NaN
2,1,3,NaN
2,1,3,NaN
1,2,3,0.8062781873736411
1,2,3,NaN
3,0,3,NaN
1,2,3,0.1791109280893668
1,2,3,NaN
2,1,3,0.9844273677886741
1,2,3,NaN
2,1,3,0.5076524678986474
2,1,3,NaN
3,0,3,0.15348760037464887
3,0,3,NaN
2,1,3,NaN
1,2,3,NaN
1,2,3,NaN
1,2,3,NaN
1,2,3,NaN
2,1,3,NaN
1,2,3,0.2795481783803956
3,0,3,NaN
2,1,3,0.6826185730663652
1,2,3,NaN
1,2,3,0.001005104984011519
2,1,3,0.7509979234994011
1,2,3,NaN
1,2,3,NaN
1,2,3,NaN
3,0,3,NaN
2,1,3,NaN
1,2,3,0.6826185730663652
3,0,3,0.1791109280893668
1,2,3,0.6159470847726859
1,2,3,0.08139481150030385
1,2,3,0.9475679371961635
1,2,3,NaN
1,2,3,NaN
2,1,3,NaN
3,0,3,NaN
3,0,3,NaN
3,0,3,NaN
2,1,3,NaN
3,0,3,NaN
3,0,3,NaN
2,1,3,NaN
1,2,3,0.5523648636569257
2,1,3,NaN
1,2,3,NaN
2,1,3,0.41042378787561506
1,2,3,NaN
1,2,3,NaN
2,1,3,NaN
3,0,3,NaN
1,2,3,NaN
1,2,3,0.642689094081309
3,0,3,NaN
1,2,3,NaN
1,2,3,NaN
3,0,3,0.11302026105487464
3,0,3,NaN
1,2,3,NaN
1,2,3,NaN
2,1,3,NaN
1,2,3,NaN
2,1,3,NaN
2,1,3,NaN
1,2,3,0.5523648636569257
1,2,3,NaN
1,2,3,0.9741337647667054
1,2,3,0.642689094081309
3,0,3,0.4586140219451372
1,2,3,0.41042378787561506
1,2,3,NaN
3,0,3,NaN
1,2,3,NaN
2,1,3,NaN
1,2,3,NaN
2,1,3,NaN
2,1,3,NaN
2,1,3,NaN
1,2,3,0.6826185730663652
2,1,3,NaN
3,0,3,NaN
2,1,3,NaN
1,2,3,NaN
1,2,3,NaN
2,1,3,0.8535399985089294
1,2,3,0.4586140219451372
2,1,3,NaN
2,1,3,NaN
1,2,3,NaN
1,2,3,NaN
1,2,3,NaN
2,1,3,NaN
1,2,3,NaN
1,2,3,0.4586140219451372
3,0,3,NaN
3,0,3,NaN
2,1,3,0.2795481783803956
1,2,3,0.5983910585585586
1,2,3,NaN
2,1,3,NaN
1,2,3,NaN
2,1,3,0.8723440292898591
1,2,3,NaN
1,2,3,0.6826185730663652
1,2,3,NaN
1,2,3,0.8062781873736411
1,2,3,NaN
1,2,3,0.4586140219451372
1,2,3,0.9574121554627333
2,1,3,NaN
2,1,3,0.41042378787561506
2,1,3,0.5076524678986474
1,2,3,0.8296408141378224
1,2,3,NaN
2,1,3,0.5076524678986474
3,0,3,0.9458655037842395
3,0,3,0.1791109280893668
1,2,3,0.029824284599219358
1,2,3,0.6580295140063044
2,1,3,0.025396716993254218
1,2,3,0.002875744336187028
2,1,3,0.012741653266331953
2,1,3,0.1791109280893668
3,0,3,NaN
2,1,3,NaN
1,2,3,NaN
1,2,3,NaN
1,2,3,NaN
1,2,3,0.2795481783803956
1,2,3,NaN
1,2,3,0.7188460181803934
1,2,3,NaN
2,1,3,0.9659495665715027
3,0,3,NaN
1,2,3,0.08139481150030385
3,0,3,NaN
3,0,3,NaN
2,1,3,0.2860349802547788
2,1,3,0.0039954678857202774
2,1,3,NaN
2,1,3,0.5462568915769693
2,1,3,0.41042378787561506
1,2,3,0.007485788801246609
1,2,3,NaN
3,0,3,0.025396716993254218
1,2,3,NaN
1,2,3,NaN
1,2,3,NaN
3,0,3,NaN
1,2,3,0.2426068904918033
2,1,3,0.09723266405077015
1,2,3,NaN
2,1,3,0.43899234686437355
1,2,3,NaN
3,0,3,0.02143073799725636
1,2,3,0.029824284599219358
1,2,3,NaN
1,2,3,NaN
1,2,3,NaN
2,1,3,NaN
1,2,3,NaN
1,2,3,NaN
2,1,3,NaN
1,2,3,NaN
2,1,3,NaN
1,2,3,0.1274073205212123
1,2,3,NaN
2,1,3,NaN
1,2,3,NaN
3,0,3,NaN
3,0,3,0.06984398440883517
1,2,3,NaN
3,0,3,NaN
2,1,3,NaN
3,0,3,NaN
2,1,3,0.09652246162613985
1,2,3,NaN
2,1,3,NaN
1,2,3,0.11302026105487464
1,2,3,0.2795481783803956
2,1,3,NaN
1,2,3,0.5076524678986474
2,1,3,NaN
1,2,3,NaN
1,2,3,NaN
1,2,3,0.36374176270060876
1,2,3,NaN
2,1,3,0.922423104079044
1,2,3,NaN
3,0,3,0.7808948524004466
2,1,3,NaN
3,0,3,NaN
2,1,3,NaN
3,0,3,NaN
2,1,3,NaN
1,2,3,NaN
1,2,3,NaN
2,1,3,0.2795481783803956
2,1,3,NaN
3,0,3,NaN
1,2,3,NaN
3,0,3,NaN
2,1,3,NaN
1,2,3,NaN
1,2,3,NaN
1,2,3,NaN
3,0,3,NaN
3,0,3,NaN
2,1,3,0.01050871192496647
2,1,3,NaN
1,2,3,NaN
1,2,3,0.9574121554627333
2,1,3,NaN
1,2,3,NaN
1,2,3,NaN
1,2,3,0.8723440292898591
2,1,3,NaN
2,1,3,NaN
2,1,3,NaN
3,0,3,NaN
2,1,3,NaN
3,0,3,NaN
1,2,3,NaN
1,2,3,NaN
3,0,3,NaN
2,1,3,NaN
1,2,3,NaN
2,1,3,NaN
2,1,3,0.4586140219451372
2,1,3,0.41042378787561506
2,1,3,NaN
1,2,3,0.2795481783803956
1,2,3,0.7808948524004466
3,0,3,NaN
1,2,3,NaN
1,2,3,0.0019790567751703193
1,2,3,NaN
2,1,3,0.36374176270060876
1,2,3,NaN
2,1,3,NaN
1,2,3,NaN
2,1,3,0.642689094081309
1,2,3,NaN
1,2,3,0.012741653266331953
3,0,3,NaN
1,2,3,0.0503944665317212
2,1,3,0.5983910585585586
2,1,3,NaN
3,0,3,0.9357857374272102
3,0,3,0.23443636948631028
1,2,3,NaN
1,2,3,NaN
1,2,3,NaN
1,2,3,NaN
2,1,3,NaN
1,2,3,NaN
1,2,3,NaN
3,0,3,NaN
2,1,3,0.1791109280893668
1,2,3,0.8909590781505728
1,2,3,0.09652246162613985
2,1,3,0.9067597060883621
3,0,3,NaN
1,2,3,NaN
1,2,3,NaN
1,2,3,NaN
1,2,3,NaN
1,2,3,NaN
2,1,3,NaN
1,2,3,NaN
1,2,3,0.025396716993254218
1,2,3,NaN
1,2,3,0.7188460181803934
1,2,3,NaN
1,2,3,NaN
3,0,3,NaN
1,2,3,NaN
2,1,3,NaN
1,2,3,0.09652246162613985
1,2,3,NaN
1,2,3,NaN
2,1,3,0.7315431717927114
2,1,3,NaN
1,2,3,NaN
1,2,3,NaN
2,1,3,0.9574121554627333
3,0,3,NaN
1,2,3,0.816238080562285
1,2,3,0.0767251982961355
1,2,3,0.8062781873736411
1,2,3,NaN
2,1,3,NaN
1,2,3,0.7808948524004466
2,1,3,0.09652246162613985
1,2,3,NaN
3,0,3,NaN
1,2,3,NaN
1,2,3,0.5076524678986474
1,2,3,NaN
2,1,3,0.7509979234994011
1,2,3,NaN
1,2,3,0.7188460181803934
1,2,3,0.14703777543352814
3,0,3,NaN
1,2,3,NaN
1,2,3,NaN
3,0,3,NaN
1,2,3,0.06984398440883517
1,2,3,0.8212938801505606
3,0,3,NaN
1,2,3,0.15348760037464887
1,2,3,NaN
1,2,3,0.6826185730663652
1,2,3,NaN
2,1,3,NaN
1,2,3,NaN
3,0,3,NaN
1,2,3,NaN
2,1,3,NaN
1,2,3,NaN
2,1,3,NaN
1,2,3,NaN
2,1,3,NaN
3,0,3,NaN
2,1,3,NaN
1,2,3,NaN
1,2,3,NaN
1,2,3,NaN
2,1,3,NaN
1,2,3,NaN
2,1,3,NaN
1,2,3,NaN
2,1,3,NaN
1,2,3,NaN
1,2,3,NaN
2,1,3,NaN
2,1,3,NaN
3,0,3,NaN
1,2,3,NaN
1,2,3,NaN
2,1,3,0.7509979234994011
1,2,3,0.4509523635122677
1,2,3,NaN
1,2,3,NaN
1,2,3,NaN
2,1,3,NaN
3,0,3,0.44154565092654574
1,2,3,NaN
3,0,3,0.6826185730663652
1,2,3,NaN
2,1,3,NaN
1,2,3,NaN
1,2,3,0.5076524678986474
1,2,3,NaN
1,2,3,NaN
2,1,3,0.13221071469067883
2,1,3,NaN
2,1,3,0.922423104079044
1,2,3,NaN
2,1,3,0.08139481150030385
2,1,3,NaN
1,2,3,NaN
2,1,3,NaN
1,2,3,NaN
2,1,3,0.5523648636569257
1,2,3,NaN
3,0,3,NaN
1,2,3,0.7188460181803934
2,1,3,NaN
1,2,3,0.2088844544951591
1,2,3,NaN
1,2,3,NaN
2,1,3,NaN
1,2,3,0.922423104079044
3,0,3,NaN
1,2,3,NaN
1,2,3,NaN
2,1,3,0.06984398440883517
2,1,3,0.8247356324416308
1,2,3,NaN
1,2,3,NaN
1,2,3,NaN
1,2,3,NaN
1,2,3,NaN
2,1,3,NaN
1,2,3,0.36374176270060876
1,2,3,NaN
1,2,3,NaN
1,2,3,NaN
1,2,3,NaN
2,1,3,NaN
2,1,3,NaN
2,1,3,0.02143073799725636
2,1,3,0.8302287522477523
3,0,3,NaN
2,1,3,0.3592454482523917
3,0,3,NaN
2,1,3,0.5523648636569257
1,2,3,NaN
1,2,3,NaN
2,1,3,NaN
3,0,3,0.5523648636569257
1,2,3,NaN
1,2,3,NaN
2,1,3,NaN
1,2,3,0.41042378787561506
1,2,3,0.6365710098849159
1,2,3,0.06984398440883517
1,2,3,0.017809239281788392
1,2,3,NaN
3,0,3,NaN
1,2,3,0.9370307818674889
3,0,3,0.6826185730663652
1,2,3,0.02143073799725636
1,2,3,0.11302026105487464
2,1,3,NaN
1,2,3,NaN
1,2,3,0.13221071469067883
3,0,3,0.43220872526476617
1,2,3,NaN
1,2,3,NaN
1,2,3,NaN
1,2,3,NaN
1,2,3,0.922423104079044
2,1,3,NaN
1,2,3,NaN
1,2,3,NaN
2,1,3,NaN
1,2,3,0.9475679371961635
3,0,3,NaN
2,1,3,NaN
1,2,3,NaN
1,2,3,NaN
1,2,3,NaN
1,2,3,NaN
3,0,3,0.8909590781505728
2,1,3,NaN
3,0,3,NaN
1,2,3,NaN
2,1,3,0.2795481783803956
1,2,3,NaN
2,1,3,NaN
1,2,3,0.5523648636569257
1,2,3,NaN
2,1,3,0.8062781873736411
1,2,3,NaN
3,0,3,NaN
1,2,3,0.8723440292898591
2,1,3,0.0008685110294110262
1,2,3,NaN
1,2,3,0.13221071469067883
2,1,3,NaN
1,2,3,0.050152191702469213
1,2,3,0.004552402944456502
2,1,3,NaN
1,2,3,0.7188460181803934
2,1,3,0.017809239281788392
1,2,3,0.01913870361443992
1,2,3,NaN
2,1,3,0.9574121554627333
2,1,3,NaN
1,2,3,NaN
1,2,3,0.0022481024187143536
3,0,3,0.08139481150030385
1,2,3,NaN
2,1,3,0.13221071469067883
1,2,3,0.4586140219451372
2,1,3,NaN
1,2,3,0.1791109280893668
1,2,3,NaN
1,2,3,NaN
1,2,3,0.7798983284227649
1,2,3,0.2088844544951591
1,2,3,NaN
2,1,3,NaN
1,2,3,0.004712440902467837
1,2,3,0.922423104079044
1,2,3,0.025396716993254218
2,1,3,NaN
1,2,3,NaN
1,2,3,0.02143073799725636
3,0,3,NaN
2,1,3,NaN
1,2,3,0.08139481150030385
1,2,3,NaN
1,2,3,0.6651445388456798
1,2,3,0.003930060864272878
1,2,3,NaN
1,2,3,NaN
1,2,3,NaN
1,2,3,NaN
3,0,3,NaN
1,2,3,NaN
2,1,3,NaN
2,1,3,NaN
2,1,3,NaN
1,2,3,NaN
2,1,3,0.41042378787561506
2,1,3,0.007114009197751627
2,1,3,0.8723440292898591
2,1,3,NaN
2,1,3,NaN
1,2,3,NaN
1,2,3,NaN
1,2,3,0.36374176270060876
1,2,3,0.8302287522477523
2,1,3,NaN
1,2,3,NaN
1,2,3,0.642689094081309
1,2,3,NaN
1,2,3,NaN
1,2,3,NaN
3,0,3,NaN
1,2,3,NaN
2,1,3,0.3193104281105608
1,2,3,NaN
1,2,3,NaN
1,2,3,NaN
1,2,3,NaN
1,2,3,NaN
1,2,3,0.017809239281788392
1,2,3,NaN
1,2,3,NaN
1,2,3,0.3193104281105608
2,1,3,0.08139481150030385
1,2,3,0.2088844544951591
3,0,3,NaN
1,2,3,NaN
2,1,3,NaN
2,1,3,NaN
1,2,3,0.15348760037464887
1,2,3,0.05916634506716057
1,2,3,NaN
2,1,3,NaN
1,2,3,0.01050871192496647
3,0,3,0.4586140219451372
1,2,3,0.06984398440883517
3,0,3,NaN
1,2,3,NaN
2,1,3,0.15348760037464887
1,2,3,NaN
2,1,3,NaN
2,1,3,0.2088844544951591
3,0,3,NaN
1,2,3,NaN
3,0,3,NaN
3,0,3,0.0015328766162747076
1,2,3,NaN
3,0,3,NaN
1,2,3,NaN
1,2,3,NaN
1,2,3,0.2426068904918033
2,1,3,NaN
2,1,3,NaN
1,2,3,0.36374176270060876
2,1,3,0.5076524678986474
2,1,3,0.5983910585585586
1,2,3,NaN
1,2,3,NaN
1,2,3,NaN
1,2,3,0.5076524678986474
2,1,3,NaN
1,2,3,NaN
3,0,3,NaN
1,2,3,0.9574121554627333
1,2,3,NaN
1,2,3,NaN
2,1,3,NaN
1,2,3,NaN
2,1,3,NaN
2,1,3,NaN
1,2,3,NaN
2,1,3,0.2426068904918033
1,2,3,0.7808948524004466
2,1,3,NaN
1,2,3,0.41042378787561506
1,2,3,NaN
1,2,3,0.642689094081309
1,2,3,NaN
1,2,3,NaN
2,1,3,NaN
1,2,3,NaN
1,2,3,NaN
1,2,3,NaN
3,0,3,NaN
1,2,3,NaN
2,1,3,0.3193104281105608
1,2,3,NaN
1,2,3,0.03744155143953566
1,2,3,0.12762163803186358
1,2,3,NaN
2,1,3,NaN
2,1,3,NaN
3,0,3,NaN
1,2,3,0.8535399985089294
1,2,3,0.2088844544951591
2,1,3,NaN
1,2,3,NaN
1,2,3,NaN
2,1,3,NaN
1,2,3,NaN
1,2,3,NaN
1,2,3,NaN
1,2,3,NaN
1,2,3,0.04586026942696659
1,2,3,NaN
1,2,3,NaN
2,1,3,NaN
1,2,3,NaN
1,2,3,NaN
2,1,3,NaN
1,2,3,NaN
2,1,3,0.8302287522477523
1,2,3,NaN
2,1,3,NaN
1,2,3,NaN
3,0,3,NaN
1,2,3,NaN
2,1,3,NaN
1,2,3,0.038285073980454644
1,2,3,0.5983910585585586
1,2,3,NaN
1,2,3,0.5076524678986474
1,2,3,NaN
1,2,3,NaN
1,2,3,NaN
3,0,3,NaN
2,1,3,0.9659495665715027
1,2,3,NaN
3,0,3,0.8302287522477523
1,2,3,0.544193838027439
2,1,3,NaN
1,2,3,NaN
1,2,3,NaN
1,2,3,NaN
1,2,3,0.2970819017275926
2,1,3,NaN
1,2,3,NaN
2,1,3,NaN
1,2,3,NaN
2,1,3,NaN
1,2,3,0.028623464275829975
1,2,3,NaN
3,0,3,NaN
1,2,3,NaN
2,1,3,NaN
1,2,3,0.5523648636569257
1,2,3,NaN
2,1,3,0.9367425939034375
1,2,3,NaN
1,2,3,NaN
1,2,3,0.05916634506716057
1,2,3,0.1791109280893668
1,2,3,NaN
1,2,3,0.025396716993254218
3,0,3,0.029824284599219358
1,2,3,NaN
1,2,3,0.5983910585585586
1,2,3,NaN
1,2,3,0.8535399985089294
1,2,3,NaN
1,2,3,NaN
1,2,3,NaN
1,2,3,0.03573862828111791
1,2,3,NaN
1,2,3,0.7509979234994011
1,2,3,0.13221071469067883
2,1,3,0.5076524678986474
1,2,3,0.2795481783803956
1,2,3,0.41042378787561506
2,1,3,NaN
1,2,3,0.7808948524004466
1,2,3,0.8062781873736411
2,1,3,NaN
1,2,3,0.8535399985089294
1,2,3,NaN
1,2,3,NaN
1,2,3,NaN
3,0,3,0.7808948524004466
1,2,3,0.8723440292898591
1,2,3,NaN
3,0,3,NaN
1,2,3,0.2088844544951591
1,2,3,0.4586140219451372
2,1,3,0.9757408368038395
1,2,3,NaN
1,2,3,0.5523648636569257
1,2,3,0.5983910585585586
2,1,3,0.0012159768590772717
3,0,3,NaN
2,1,3,NaN
1,2,3,NaN
2,1,3,NaN
3,0,3,NaN
1,2,3,0.8302287522477523
2,1,3,0.9897292732740418
1,2,3,NaN
2,1,3,NaN
1,2,3,0.5076524678986474
1,2,3,0.0503944665317212
1,2,3,0.00962525273030865
2,1,3,NaN
1,2,3,NaN
2,1,3,0.08139481150030385
2,1,3,NaN
1,2,3,0.16558451578635283
1,2,3,NaN
1,2,3,0.7188460181803934
1,2,3,NaN
2,1,3,0.7188460181803934
3,0,3,NaN
2,1,3,0.5983910585585586
1,2,3,NaN
2,1,3,NaN
1,2,3,0.642689094081309
1,2,3,0.8062781873736411
1,2,3,NaN
2,1,3,NaN
1,2,3,NaN
2,1,3,0.936711558674305
2,1,3,NaN
1,2,3,NaN
3,0,3,0.09652246162613985
1,2,3,0.642689094081309
1,2,3,NaN
2,1,3,0.2795481783803956
1,2,3,0.8062781873736411
2,1,3,NaN
1,2,3,0.0503944665317212
2,1,3,0.004755125215359324
2,1,3,NaN
1,2,3,0.5523648636569257
2,1,3,0.003930060864272878
1,2,3,0.5523648636569257
1,2,3,NaN
2,1,3,NaN
1,2,3,NaN
1,2,3,NaN
1,2,3,0.09652246162613985
1,2,3,0.922423104079044
1,2,3,0.5523648636569257
1,2,3,NaN
2,1,3,NaN
1,2,3,0.15348760037464887
2,1,3,0.05916634506716057
1,2,3,0.13221071469067883
1,2,3,0.0503944665317212
1,2,3,NaN
1,2,3,0.1791109280893668
1,2,3,NaN
1,2,3,NaN
1,2,3,0.8723440292898591
2,1,3,NaN
3,0,3,NaN
1,2,3,0.0003138077975419628
2,1,3,NaN
1,2,3,NaN
2,1,3,0.8302287522477523
1,2,3,0.3782498717433507
2,1,3,NaN
2,1,3,NaN
1,2,3,NaN
2,1,3,NaN
1,2,3,NaN
1,2,3,0.5076524678986474
2,1,3,NaN
1,2,3,NaN
2,1,3,NaN
1,2,3,0.2088844544951591
1,2,3,NaN
1,2,3,0.41042378787561506
2,1,3,NaN
1,2,3,NaN
2,1,3,0.09652246162613985
2,1,3,0.1791109280893668
1,2,3,0.41042378787561506
1,2,3,0.1791109280893668
1,2,3,0.8302287522477523
1,2,3,0.642689094081309
1,2,3,0.5523648636569257
1,2,3,NaN
1,2,3,0.41042378787561506
2,1,3,NaN
1,2,3,NaN
1,2,3,0.017809239281788392
1,2,3,0.3193104281105608
1,2,3,NaN
1,2,3,NaN
1,2,3,0.5394882506144599
1,2,3,NaN
1,2,3,0.01050871192496647
1,2,3,NaN
1,2,3,NaN
1,2,3,NaN
2,1,3,NaN
3,0,3,NaN
2,1,3,0.1791109280893668
1,2,3,0.2795481783803956
1,2,3,0.7509979234994011
1,2,3,NaN
1,2,3,0.7509979234994011
1,2,3,0.007114009197751627
1,2,3,NaN
1,2,3,0.017809239281788392
1,2,3,NaN
2,1,3,NaN
1,2,3,0.15348760037464887
1,2,3,NaN
1,2,3,NaN
2,1,3,NaN
2,1,3,0.8723440292898591
1,2,3,0.259026836012759
1,2,3,NaN
1,2,3,0.642689094081309
2,1,3,0.2795481783803956
1,2,3,NaN
1,2,3,0.2795481783803956
1,2,3,0.3193104281105608
1,2,3,NaN
1,2,3,NaN
1,2,3,0.0003915827628861722
2,1,3,0.0002056289041928118
2,1,3,0.981236864265928
1,2,3,NaN
1,2,3,0.48152378233972265
1,2,3,NaN
1,2,3,0.1791109280893668
1,2,3,NaN
1,2,3,NaN
1,2,3,NaN
1,2,3,0.11302026105487464
2,1,3,0.7697403801565411
1,2,3,0.13221071469067883
2,1,3,0.8062781873736411
2,1,3,NaN
1,2,3,NaN
1,2,3,NaN
1,2,3,NaN
1,2,3,0.05916634506716057
1,2,3,0.2795481783803956
2,1,3,NaN
1,2,3,NaN
1,2,3,0.6826185730663652
1,2,3,0.06018221201330115
1,2,3,NaN
1,2,3,NaN
1,2,3,NaN
1,2,3,NaN
1,2,3,0.7808948524004466
1,2,3,NaN
2,1,3,NaN
2,1,3,0.04263845043616167
1,2,3,0.16348005527186235
2,1,3,0.11302026105487464
1,2,3,0.5076524678986474
2,1,3,0.9574121554627333
1,2,3,0.5523648636569257
2,1,3,NaN
1,2,3,0.3617159784206645
1,2,3,0.010377883515266046
1,2,3,0.7509979234994011
1,2,3,0.03573862828111791
1,2,3,0.3193104281105608
2,1,3,NaN
1,2,3,0.6858539065761025
1,2,3,NaN
2,1,3,NaN
1,2,3,0.41042378787561506
1,2,3,NaN
1,2,3,NaN
1,2,3,NaN
1,2,3,0.2795481783803956
2,1,3,NaN
2,1,3,0.7509979234994011
1,2,3,0.2088844544951591
2,1,3,NaN
1,2,3,NaN
1,2,3,NaN
1,2,3,NaN
1,2,3,NaN
1,2,3,NaN
1,2,3,NaN
1,2,3,NaN
1,2,3,0.9475679371961635
1,2,3,NaN
2,1,3,NaN
1,2,3,NaN
1,2,3,NaN
1,2,3,0.15348760037464887
1,2,3,NaN
2,1,3,0.5983910585585586
1,2,3,0.0503944665317212
1,2,3,NaN
2,1,3,NaN
1,2,3,0.5523648636569257
1,2,3,0.08938001634677822
1,2,3,0.5076524678986474
1,2,3,0.06984398440883517
2,1,3,NaN
1,2,3,NaN
2,1,3,0.13221071469067883
2,1,3,NaN
2,1,3,NaN
1,2,3,0.9735869490171418
1,2,3,NaN
1,2,3,NaN
1,2,3,NaN
1,2,3,NaN
1,2,3,0.08139481150030385
2,1,3,0.7188460181803934
1,2,3,0.025396716993254218
1,2,3,0.2426068904918033
1,2,3,NaN
1,2,3,0.2426068904918033
1,2,3,NaN
1,2,3,0.11302026105487464
1,2,3,NaN
1,2,3,NaN
1,2,3,NaN
2,1,3,0.7808948524004466
1,2,3,NaN
1,2,3,0.9471340998426663
1,2,3,NaN
1,2,3,0.6580295140063044
2,1,3,NaN
1,2,3,0.36374176270060876
1,2,3,0.005453048824651941
2,1,3,NaN
1,2,3,0.13221071469067883
1,2,3,0.2795481783803956
1,2,3,NaN
1,2,3,NaN
1,2,3,NaN
2,1,3,NaN
1,2,3,NaN
1,2,3,NaN
1,2,3,0.642689094081309
1,2,3,0.7509979234994011
1,2,3,0.7711449514963752
1,2,3,0.922423104079044
1,2,3,NaN
1,2,3,0.15348760037464887
3,0,3,0.5523648636569257
1,2,3,NaN
1,2,3,NaN
1,2,3,NaN
1,2,3,0.2795481783803956
1,2,3,NaN
1,2,3,0.04263845043616167
1,2,3,NaN
1,2,3,NaN
1,2,3,0.3193104281105608
1,2,3,0.7188460181803934
1,2,3,NaN
1,2,3,NaN
1,2,3,0.1791109280893668
1,2,3,NaN
2,1,3,NaN
1,2,3,NaN
1,2,3,NaN
2,1,3,NaN
2,1,3,0.09652246162613985
2,1,3,NaN
1,2,3,0.08139481150030385
1,2,3,0.642689094081309
2,1,3,NaN
2,1,3,NaN
1,2,3,NaN
1,2,3,NaN
2,1,3,NaN
1,2,3,NaN
1,2,3,0.15348760037464887
1,2,3,0.6783798850480715
1,2,3,0.2088844544951591
1,2,3,0.6428295751651378
1,2,3,0.2426068904918033
1,2,3,NaN
1,2,3,0.7808948524004466
1,2,3,NaN
1,2,3,NaN
1,2,3,0.2088844544951591
1,2,3,0.5523648636569257
2,1,3,NaN
1,2,3,NaN
1,2,3,NaN
1,2,3,0.023611196254042698
1,2,3,NaN
1,2,3,0.03573862828111791
1,2,3,NaN
1,2,3,NaN
1,2,3,NaN
1,2,3,0.7808948524004466
2,1,3,0.11302026105487464
1,2,3,0.5076524678986474
1,2,3,NaN
1,2,3,NaN
1,2,3,5.99397479526563e-5
1,2,3,NaN
1,2,3,0.5523648636569257
1,2,3,0.8062781873736411
1,2,3,0.13221071469067883
1,2,3,NaN
1,2,3,NaN
1,2,3,NaN
1,2,3,0.2088844544951591
1,2,3,NaN
1,2,3,NaN
1,2,3,NaN
1,2,3,NaN
1,2,3,NaN
1,2,3,0.5983910585585586
1,2,3,0.2795481783803956
1,2,3,NaN
1,2,3,0.012741653266331953
1,2,3,NaN
1,2,3,NaN
1,2,3,0.8909590781505728
1,2,3,0.35416243832195843
1,2,3,0.15348760037464887
1,2,3,NaN
1,2,3,0.6061233859150627
1,2,3,NaN
1,2,3,NaN
1,2,3,NaN
1,2,3,0.005634571703672751
1,2,3,0.5076524678986474
1,2,3,0.9741337647667054
1,2,3,NaN
1,2,3,NaN
1,2,3,NaN
1,2,3,NaN
1,2,3,NaN
1,2,3,NaN
1,2,3,0.025396716993254218
1,2,3,NaN
1,2,3,NaN
1,2,3,NaN
1,2,3,NaN
1,2,3,NaN
1,2,3,NaN
1,2,3,NaN
1,2,3,NaN
1,2,3,NaN
1,2,3,0.3193104281105608
1,2,3,NaN
1,2,3,0.5505805437872651
1,2,3,0.35055741112662414
1,2,3,NaN
1,2,3,0.5144907934733577
1,2,3,NaN
1,2,3,NaN
1,2,3,NaN
1,2,3,NaN
1,2,3,NaN
1,2,3,NaN
1,2,3,2.5484589120426624e-5
1,2,3,0.458746199759582
1,2,3,NaN
1,2,3,NaN
1,2,3,0.7188460181803934
1,2,3,NaN
2,1,3,NaN
1,2,3,NaN
1,2,3,NaN
1,2,3,NaN
1,2,3,0.00220877136596021
1,2,3,0.9357857374272102
1,2,3,NaN
1,2,3,NaN
1,2,3,0.4586140219451372
1,2,3,0.09652246162613985
1,2,3,0.11302026105487464
1,2,3,0.8062781873736411
1,2,3,NaN
1,2,3,NaN
1,2,3,0.11302026105487464
0,3,3,NaN
0,3,3,NaN
0,3,3,0.0503944665317212
0,3,3,0.2088844544951591
0,3,3,NaN
0,3,3,0.9129312293590618
0,3,3,NaN
0,3,3,NaN
0,3,3,NaN
0,3,3,NaN
0,3,3,NaN
0,3,3,0.5076524678986474
0,3,3,0.00220877136596021
0,3,3,0.922423104079044
0,3,3,NaN
0,3,3,NaN
0,3,3,0.029006128291712237
0,3,3,NaN
0,3,3,NaN
0,3,3,NaN
0,3,3,NaN
0,3,3,0.7509979234994011
0,3,3,NaN
0,3,3,0.7808948524004466
0,3,3,0.002895954431376469
0,3,3,0.36195297437028884
0,3,3,0.642689094081309
0,3,3,NaN
0,3,3,0.025396716993254218
0,3,3,NaN
0,3,3,NaN
0,3,3,NaN
0,3,3,NaN
0,3,3,NaN
0,3,3,NaN
0,3,3,NaN
0,3,3,0.06540073433784215
0,3,3,0.5523648636569257
0,3,3,NaN
0,3,3,0.2426068904918033
0,3,3,0.3193104281105608
0,3,3,NaN
0,3,3,NaN
0,3,3,NaN
0,3,3,NaN
0,3,3,0.08139481150030385
0,3,3,0.7808948524004466
0,3,3,NaN
0,3,3,NaN
0,3,3,NaN
0,3,3,NaN
0,3,3,NaN
0,3,3,0.0808281862138593
0,3,3,NaN
0,3,3,NaN
0,3,3,NaN
0,3,3,NaN
0,3,3,NaN
0,3,3,NaN
0,3,3,NaN
0,3,3,0.6826185730663652
0,3,3,NaN
0,3,3,NaN
0,3,3,NaN
0,3,3,NaN
0,3,3,NaN
0,3,3,NaN
0,3,3,0.2088844544951591
0,3,3,0.2088844544951591
0,3,3,0.8535399985089294
0,3,3,0.3193104281105608
0,3,3,NaN
0,3,3,NaN
0,3,3,NaN
0,3,3,0.6711172142161339
0,3,3,NaN
0,3,3,NaN
0,3,3,NaN
0,3,3,0.5523648636569257
0,3,3,0.01013688926140132
0,3,3,0.13221071469067883
0,3,3,NaN
0,3,3,NaN
0,3,3,NaN
0,3,3,0.06984398440883517
0,3,3,NaN
0,3,3,0.7808948524004466
0,3,3,NaN
0,3,3,NaN
0,3,3,NaN
0,3,3,0.11302026105487464
0,3,3,NaN
0,3,3,NaN
0,3,3,NaN
0,3,3,NaN
0,3,3,NaN
0,3,3,0.012741653266331953
0,3,3,NaN
0,3,3,NaN
0,3,3,NaN
0,3,3,0.8302287522477523
0,3,3,NaN
0,3,3,NaN
0,3,3,NaN
0,3,3,NaN
0,3,3,NaN
0,3,3,0.05916634506716057
0,3,3,NaN
0,3,3,NaN
0,3,3,NaN
0,3,3,NaN
0,3,3,NaN
0,3,3,NaN
0,3,3,NaN
0,3,3,0.642689094081309
0,3,3,NaN
0,3,3,NaN
0,3,3,0.0503944665317212
0,3,3,NaN
0,3,3,NaN
0,3,3,NaN
0,3,3,0.8535399985089294
0,3,3,0.2088844544951591
0,3,3,NaN
0,3,3,NaN
0,3,3,0.7808948524004466
0,3,3,NaN
0,3,3,NaN
0,3,3,NaN
0,3,3,0.5523648636569257
0,3,3,0.04263845043616167
0,3,3,NaN
0,3,3,0.6071600881980521
0,3,3,NaN
0,3,3,NaN
0,3,3,NaN
0,3,3,0.0023727451014740283
0,3,3,NaN
0,3,3,NaN
0,3,3,NaN
0,3,3,NaN
0,3,3,0.8852919168310224
0,3,3,0.5523648636569257
0,3,3,0.6779999135417938
0,3,3,0.02143073799725636
0,3,3,0.2426068904918033
0,3,3,0.059237020935790044
0,3,3,0.3853707445628791
0,3,3,0.09652246162613985
0,3,3,NaN
0,3,3,NaN
0,3,3,NaN
0,3,3,0.15348760037464887
0,3,3,NaN
0,3,3,NaN
0,3,3,NaN
0,3,3,NaN
0,3,3,0.5983910585585586
0,3,3,0.41042378787561506
0,3,3,NaN
0,3,3,NaN
0,3,3,NaN
0,3,3,NaN
0,3,3,NaN
0,3,3,0.5076524678986474
0,3,3,NaN
0,3,3,NaN
0,3,3,0.3193104281105608
0,3,3,0.13221071469067883
0,3,3,NaN
0,3,3,NaN
0,3,3,NaN
0,3,3,0.922423104079044
0,3,3,0.2426068904918033
0,3,3,NaN
0,3,3,NaN
0,3,3,NaN
0,3,3,NaN
0,3,3,NaN
0,3,3,0.7509979234994011
0,3,3,NaN
0,3,3,NaN
0,3,3,0.02143073799725636
0,3,3,0.8302287522477523
0,3,3,NaN
0,3,3,NaN
0,3,3,NaN
0,3,3,0.6826185730663652
0,3,3,0.11302026105487464
0,3,3,NaN
0,3,3,NaN
0,3,3,NaN
0,3,3,NaN
0,3,3,0.5523648636569257
0,3,3,NaN
0,3,3,0.003214912144702669
0,3,3,0.1791109280893668
0,3,3,NaN
0,3,3,0.025396716993254218
0,3,3,NaN
0,3,3,NaN
0,3,3,NaN
0,3,3,0.08139481150030385
0,3,3,NaN
0,3,3,0.5523648636569257
0,3,3,0.15348760037464887
0,3,3,NaN
0,3,3,0.004712440902467837
0,3,3,NaN
0,3,3,NaN
0,3,3,NaN
0,3,3,0.5523648636569257
0,3,3,NaN
0,3,3,0.3193104281105608
0,3,3,NaN
0,3,3,NaN
0,3,3,NaN
0,3,3,NaN
0,3,3,NaN
0,3,3,0.06984398440883517
0,3,3,NaN
0,3,3,NaN
0,3,3,NaN
0,3,3,NaN
0,3,3,NaN
0,3,3,NaN
0,3,3,NaN
0,3,3,NaN
0,3,3,0.5076524678986474
0,3,3,NaN
0,3,3,0.36374176270060876
0,3,3,NaN
0,3,3,0.03573862828111791
0,3,3,0.09652246162613985
0,3,3,NaN
0,3,3,NaN
0,3,3,0.03573862828111791
0,3,3,0.9574121554627333
0,3,3,NaN
0,3,3,0.2148611023327609
0,3,3,NaN
0,3,3,NaN
0,3,3,0.2795481783803956
0,3,3,NaN
0,3,3,NaN
0,3,3,NaN
0,3,3,NaN
0,3,3,0.5983910585585586
0,3,3,0.06984398440883517
0,3,3,NaN
0,3,3,NaN
0,3,3,NaN
0,3,3,NaN
0,3,3,NaN
0,3,3,NaN
0,3,3,NaN
0,3,3,NaN
0,3,3,0.7509979234994011
0,3,3,NaN
0,3,3,NaN
0,3,3,NaN
0,3,3,NaN
0,3,3,NaN
0,3,3,NaN
0,3,3,NaN
0,3,3,NaN
0,3,3,0.5523648636569257
0,3,3,NaN
0,3,3,0.19697857868005872
0,3,3,0.41042378787561506
0,3,3,NaN
0,3,3,NaN
0,3,3,0.2088844544951591
0,3,3,0.15348760037464887
0,3,3,NaN
0,3,3,0.00859888666763141
0,3,3,NaN
0,3,3,0.9659495665715027
0,3,3,0.8535399985089294
0,3,3,0.2795481783803956
0,3,3,NaN
0,3,3,NaN
0,3,3,NaN
0,3,3,0.5523648636569257
0,3,3,NaN
0,3,3,NaN
0,3,3,0.2426068904918033
0,3,3,NaN
0,3,3,0.14166386748995632
0,3,3,NaN
0,3,3,NaN
0,3,3,NaN
0,3,3,NaN
0,3,3,0.029824284599219358
0,3,3,0.09652246162613985
0,3,3,0.2795481783803956
0,3,3,0.9067597060883621
0,3,3,NaN
0,3,3,NaN
0,3,3,NaN
0,3,3,NaN
0,3,3,NaN
0,3,3,NaN
0,3,3,0.2088844544951591
0,3,3,NaN
0,3,3,NaN
0,3,3,0.3664486016316113
0,3,3,NaN
0,3,3,NaN
0,3,3,NaN
0,3,3,NaN
0,3,3,NaN
0,3,3,NaN
0,3,3,NaN
0,3,3,0.5523648636569257
0,3,3,0.6826185730663652
0,3,3,NaN
0,3,3,NaN
0,3,3,NaN
0,3,3,NaN
0,3,3,0.41042378787561506
0,3,3,NaN
0,3,3,NaN
0,3,3,NaN
0,3,3,NaN
0,3,3,NaN
0,3,3,NaN
0,3,3,NaN
0,3,3,NaN
0,3,3,0.15293463632549356
0,3,3,NaN
0,3,3,0.09652246162613985
0,3,3,NaN
0,3,3,NaN
0,3,3,NaN
0,3,3,NaN
0,3,3,NaN
0,3,3,NaN
0,3,3,0.004712440902467837
0,3,3,NaN
0,3,3,0.2426068904918033
0,3,3,NaN
0,3,3,NaN
0,3,3,NaN
0,3,3,NaN
0,3,3,0.02143073799725636
0,3,3,0.00220877136596021
0,3,3,0.9574121554627333
0,3,3,NaN
0,3,3,NaN
0,3,3,0.41042378787561506
0,3,3,NaN
0,3,3,0.7509979234994011
0,3,3,NaN
0,3,3,NaN
0,3,3,NaN
0,3,3,NaN
0,3,3,NaN
0,3,3,NaN
0,3,3,NaN
0,3,3,NaN
0,3,3,NaN
0,3,3,NaN
0,3,3,NaN
0,3,3,NaN
0,3,3,0.7188460181803934
0,3,3,NaN
0,3,3,0.002477370786516876
0,3,3,0.00038284861878394724
0,3,3,NaN
0,3,3,NaN
0,3,3,NaN
0,3,3,NaN
0,3,3,0.2088844544951591
0,3,3,0.7594308246544825
0,3,3,0.7188460181803934
0,3,3,NaN
0,3,3,NaN
0,3,3,0.2028265302705228
0,3,3,0.642689094081309
0,3,3,NaN
0,3,3,0.0004767943253782594
0,3,3,NaN
0,3,3,0.2088844544951591
0,3,3,0.09652246162613985
0,3,3,0.36374176270060876
0,3,3,0.1579838930867135
0,3,3,NaN
0,3,3,NaN
0,3,3,0.05916634506716057
0,3,3,0.1959216373215198
0,3,3,0.2795481783803956
0,3,3,0.1791109280893668
0,3,3,0.8062781873736411
0,3,3,0.922423104079044
0,3,3,NaN
0,3,3,NaN
0,3,3,0.11302026105487464
0,3,3,0.8535399985089294
0,3,3,NaN
0,3,3,NaN
0,3,3,0.2426068904918033
0,3,3,0.642689094081309
0,3,3,NaN
0,3,3,NaN
0,3,3,NaN
0,3,3,NaN
0,3,3,NaN
0,3,3,0.36374176270060876
0,3,3,NaN
0,3,3,NaN
0,3,3,NaN
0,3,3,0.5523648636569257
0,3,3,0.5523648636569257
0,3,3,NaN
0,3,3,0.8062781873736411
0,3,3,NaN
0,3,3,0.3193104281105608
0,3,3,NaN
0,3,3,0.003214912144702669
0,3,3,NaN
0,3,3,NaN
0,3,3,NaN
0,3,3,0.007114009197751627
0,3,3,0.08139481150030385
0,3,3,NaN
0,3,3,NaN
0,3,3,NaN
0,3,3,NaN
0,3,3,0.5523648636569257
0,3,3,NaN
0,3,3,NaN
0,3,3,NaN
0,3,3,NaN
0,3,3,0.5523648636569257
0,3,3,0.9357857374272102
0,3,3,NaN
0,3,3,NaN
0,3,3,0.9357857374272102
0,3,3,NaN
0,3,3,NaN
0,3,3,NaN
0,3,3,NaN
0,3,3,0.002799347354138233
0,3,3,NaN
0,3,3,NaN
0,3,3,NaN
0,3,3,NaN
0,3,3,NaN
0,3,3,NaN
0,3,3,NaN
0,3,3,NaN
0,3,3,NaN
0,3,3,0.6826185730663652
0,3,3,NaN
0,3,3,0.6826185730663652
0,3,3,NaN
0,3,3,NaN
0,3,3,NaN
0,3,3,NaN
0,3,3,0.8302287522477523
0,3,3,NaN
0,3,3,0.5076524678986474
0,3,3,NaN
0,3,3,NaN
0,3,3,NaN
0,3,3,NaN
0,3,3,NaN
0,3,3,NaN
0,3,3,0.05916634506716057
0,3,3,NaN
0,3,3,NaN
0,3,3,NaN
0,3,3,0.15348760037464887
0,3,3,NaN
0,3,3,NaN
0,3,3,NaN
0,3,3,NaN
0,3,3,NaN
0,3,3,0.2088844544951591
0,3,3,NaN
0,3,3,NaN
0,3,3,NaN
0,3,3,NaN
0,3,3,NaN
0,3,3,NaN
0,3,3,0.06984398440883517
0,3,3,NaN
0,3,3,NaN
0,3,3,NaN
0,3,3,NaN
0,3,3,NaN
0,3,3,0.6826185730663652
0,3,3,NaN
0,3,3,NaN
0,3,3,NaN
0,3,3,NaN
0,3,3,0.922423104079044
0,3,3,0.8852919168310224
0,3,3,NaN
0,3,3,NaN
0,3,3,0.5076524678986474
0,3,3,NaN
0,3,3,0.2795481783803956
0,3,3,0.1791109280893668
0,3,3,NaN
0,3,3,NaN
0,3,3,NaN
0,3,3,0.4586140219451372
0,3,3,NaN
0,3,3,NaN
0,3,3,NaN
0,3,3,NaN
0,3,3,0.5076524678986474
0,3,3,NaN
0,3,3,NaN
0,3,3,NaN
0,3,3,NaN
0,3,3,0.11302026105487464
0,3,3,NaN
0,3,3,NaN
0,3,3,NaN
0,3,3,0.5076524678986474
0,3,3,NaN
0,3,3,NaN
0,3,3,NaN
0,3,3,NaN
0,3,3,0.5786207049310905
0,3,3,0.2426068904918033
0,3,3,NaN
0,3,3,NaN
0,3,3,NaN
0,3,3,0.6826185730663652
0,3,3,NaN
0,3,3,0.2426068904918033
0,3,3,NaN
0,3,3,NaN
0,3,3,NaN
0,3,3,NaN
0,3,3,NaN
0,3,3,NaN
0,3,3,NaN
0,3,3,NaN
0,3,3,NaN
0,3,3,0.8062781873736411
0,3,3,0.7188460181803934
0,3,3,NaN
0,3,3,NaN
0,3,3,NaN
0,3,3,NaN
0,3,3,0.4674156185097762
0,3,3,0.9991585321115887
0,3,3,NaN
0,3,3,0.14459169089435114
0,3,3,0.5983910585585586
0,3,3,NaN
0,3,3,NaN
0,3,3,0.36374176270060876
0,3,3,0.4586140219451372
0,3,3,0.4586140219451372
0,3,3,0.5076524678986474
0,3,3,NaN
0,3,3,NaN
0,3,3,0.15348760037464887
0,3,3,0.8723440292898591
0,3,3,0.15348760037464887
0,3,3,0.7808948524004466
0,3,3,NaN
0,3,3,NaN
0,3,3,0.5523648636569257
0,3,3,NaN
0,3,3,NaN
0,3,3,0.5076524678986474
0,3,3,0.9702412912237107
0,3,3,0.5983910585585586
0,3,3,0.6826185730663652
0,3,3,0.6747310753307035
0,3,3,0.8302287522477523
0,3,3,NaN
0,3,3,0.025396716993254218
0,3,3,NaN
0,3,3,NaN
0,3,3,NaN
0,3,3,NaN
0,3,3,NaN
0,3,3,NaN
0,3,3,NaN
0,3,3,NaN
0,3,3,NaN
0,3,3,NaN
0,3,3,NaN
0,3,3,NaN
0,3,3,NaN
0,3,3,NaN
0,3,3,NaN
0,3,3,NaN
0,3,3,NaN
0,3,3,0.7431326994811255
0,3,3,0.9741337647667054
0,3,3,NaN
0,3,3,0.8723440292898591
0,3,3,0.8062781873736411
0,3,3,NaN
0,3,3,NaN
0,3,3,NaN
0,3,3,NaN
0,3,3,0.3193104281105608
0,3,3,NaN
0,3,3,NaN
0,3,3,NaN
0,3,3,0.08139481150030385
0,3,3,NaN
0,3,3,NaN
0,3,3,NaN
0,3,3,NaN
0,3,3,0.7808948524004466
0,3,3,NaN
0,3,3,0.8535399985089294
0,3,3,NaN
0,3,3,NaN
0,3,3,NaN
0,3,3,NaN
0,3,3,NaN
0,3,3,0.3193104281105608
0,3,3,NaN
0,3,3,NaN
0,3,3,0.003214912144702669
0,3,3,NaN
0,3,3,NaN
0,3,3,0.007114009197751627
0,3,3,NaN
0,3,3,NaN
0,3,3,NaN
0,3,3,NaN
0,3,3,NaN
0,3,3,NaN
0,3,3,NaN
0,3,3,NaN
0,3,3,0.08139481150030385
0,3,3,NaN
0,3,3,NaN
0,3,3,0.36374176270060876
0,3,3,NaN
0,3,3,0.015089968713335646
0,3,3,NaN
0,3,3,NaN
0,3,3,NaN
0,3,3,NaN
0,3,3,NaN
0,3,3,NaN
0,3,3,NaN
0,3,3,0.8909590781505728
0,3,3,0.2426068904918033
0,3,3,0.09652246162613985
0,3,3,0.0526815848438054
0,3,3,NaN
0,3,3,NaN
0,3,3,NaN
0,3,3,NaN
0,3,3,NaN
0,3,3,NaN
0,3,3,0.5502299571056929
0,3,3,NaN
0,3,3,0.36374176270060876
0,3,3,NaN
0,3,3,NaN
0,3,3,NaN
0,3,3,NaN
0,3,3,NaN
0,3,3,NaN
0,3,3,NaN
0,3,3,NaN
0,3,3,NaN
0,3,3,NaN
0,3,3,NaN
0,3,3,NaN
0,3,3,NaN
0,3,3,NaN
0,3,3,NaN
0,3,3,NaN
0,3,3,0.012741653266331953
0,3,3,NaN
0,3,3,NaN
0,3,3,NaN
0,3,3,0.7188460181803934
0,3,3,0.8909590781505728
0,3,3,NaN
0,3,3,0.2426068904918033
0,3,3,NaN
0,3,3,0.8302287522477523
0,3,3,0.06984398440883517
0,3,3,0.02143073799725636
0,3,3,NaN
0,3,3,NaN
0,3,3,0.06984398440883517
0,3,3,0.2088844544951591
0,3,3,0.5523648636569257
0,3,3,NaN
0,3,3,NaN
0,3,3,0.005634571703672751
0,3,3,NaN
0,3,3,0.005634571703672751
0,3,3,0.36374176270060876
0,3,3,NaN
0,3,3,0.5076524678986474
0,3,3,NaN
0,3,3,NaN
0,3,3,NaN
0,3,3,0.8302287522477523
0,3,3,NaN
0,3,3,NaN
0,3,3,0.015089968713335646
0,3,3,NaN
0,3,3,NaN
0,3,3,NaN
0,3,3,0.11302026105487464
0,3,3,NaN
0,3,3,0.41042378787561506
0,3,3,0.2426068904918033
0,3,3,NaN
0,3,3,0.5983910585585586
0,3,3,NaN
0,3,3,NaN
0,3,3,NaN
0,3,3,0.4586140219451372
0,3,3,NaN
0,3,3,0.08139481150030385
0,3,3,NaN
0,3,3,NaN
0,3,3,0.41042378787561506
0,3,3,NaN
0,3,3,NaN
0,3,3,0.2795481783803956
0,3,3,0.8723440292898591
0,3,3,NaN
0,3,3,NaN
0,3,3,NaN
0,3,3,0.2795481783803956
0,3,3,NaN
0,3,3,NaN
0,3,3,0.13455434638408348
0,3,3,0.2088844544951591
0,3,3,NaN
0,3,3,NaN
0,3,3,NaN
0,3,3,NaN
0,3,3,0.04263845043616167
0,3,3,NaN
0,3,3,NaN
0,3,3,0.00860264728312664
0,3,3,NaN
0,3,3,NaN
0,3,3,0.5523648636569257
0,3,3,0.15348760037464887
0,3,3,0.2426068904918033
0,3,3,NaN
0,3,3,NaN
0,3,3,NaN
0,3,3,0.9946806672073457
0,3,3,0.012741653266331953
0,3,3,0.9574121554627333
0,3,3,NaN
0,3,3,0.642689094081309
0,3,3,0.9475679371961635
0,3,3,NaN
0,3,3,NaN
0,3,3,0.8909590781505728
0,3,3,NaN
0,3,3,NaN
0,3,3,0.1791109280893668
0,3,3,0.15348760037464887
0,3,3,0.9067597060883621
0,3,3,NaN
0,3,3,NaN
0,3,3,NaN
0,3,3,NaN
0,3,3,NaN
0,3,3,NaN
0,3,3,0.6094784622220628
0,3,3,0.9946806672073457
0,3,3,0.642689094081309
0,3,3,NaN
0,3,3,NaN
0,3,3,NaN
0,3,3,0.013418980544275495
0,3,3,NaN
0,3,3,NaN
0,3,3,0.7808948524004466
0,3,3,0.003689797878813095
0,3,3,NaN
0,3,3,0.9471340998426663
0,3,3,NaN
0,3,3,NaN
0,3,3,NaN
0,3,3,NaN
0,3,3,NaN
0,3,3,0.7972232699753312
0,3,3,NaN
0,3,3,NaN
0,3,3,0.013383075444303982
0,3,3,NaN
0,3,3,0.017809239281788392
0,3,3,0.8535399985089294
0,3,3,0.5983910585585586
0,3,3,NaN
0,3,3,NaN
0,3,3,NaN
0,3,3,0.3193104281105608
0,3,3,0.9659495665715027
0,3,3,0.36374176270060876
0,3,3,NaN
0,3,3,NaN
0,3,3,NaN
0,3,3,NaN
0,3,3,0.5983910585585586
0,3,3,0.44590523132693405
0,3,3,NaN
0,3,3,NaN
0,3,3,NaN
0,3,3,NaN
0,3,3,0.5523648636569257
0,3,3,NaN
0,3,3,NaN
0,3,3,0.017809239281788392
0,3,3,NaN
0,3,3,NaN
0,3,3,0.9475679371961635
0,3,3,0.5523648636569257
0,3,3,NaN
0,3,3,0.922423104079044
0,3,3,NaN
0,3,3,0.922423104079044
0,3,3,0.15461687556142203
0,3,3,NaN
0,3,3,0.5156032575670741
0,3,3,NaN
0,3,3,NaN
0,3,3,0.5983910585585586
0,3,3,0.7808948524004466
0,3,3,NaN
0,3,3,NaN
0,3,3,0.6826185730663652
0,3,3,0.96750751712881
0,3,3,NaN
0,3,3,0.04263845043616167
0,3,3,0.029824284599219358
0,3,3,NaN
0,3,3,0.46545573093715537
0,3,3,NaN
0,3,3,NaN
0,3,3,NaN
0,3,3,0.06984398440883517
0,3,3,NaN
0,3,3,0.7431326994811255
0,3,3,NaN
0,3,3,NaN
0,3,3,0.922423104079044
0,3,3,NaN
0,3,3,NaN
0,3,3,NaN
0,3,3,NaN
0,3,3,NaN
0,3,3,NaN
0,3,3,NaN
0,3,3,NaN
0,3,3,NaN
0,3,3,0.1791109280893668
0,3,3,0.9859421773727781
0,3,3,NaN
0,3,3,0.15348760037464887
0,3,3,NaN
0,3,3,0.7188460181803934
0,3,3,NaN
0,3,3,NaN
0,3,3,NaN
0,3,3,NaN
0,3,3,0.15348760037464887
0,3,3,NaN
0,3,3,NaN
0,3,3,0.3193104281105608
0,3,3,NaN
0,3,3,NaN
0,3,3,0.1791109280893668
0,3,3,NaN
0,3,3,NaN
0,3,3,NaN
0,3,3,NaN
0,3,3,0.6826185730663652
0,3,3,NaN
0,3,3,0.15348760037464887
0,3,3,NaN
0,3,3,NaN
0,3,3,NaN
0,3,3,0.15348760037464887
0,3,3,0.8681155393624684
0,3,3,0.2088844544951591
0,3,3,NaN
0,3,3,NaN
0,3,3,0.2426068904918033
0,3,3,NaN
0,3,3,NaN
0,3,3,NaN
0,3,3,NaN
0,3,3,NaN
0,3,3,0.8723440292898591
0,3,3,NaN
0,3,3,NaN
0,3,3,0.2088844544951591
0,3,3,NaN
0,3,3,NaN
0,3,3,NaN
0,3,3,NaN
0,3,3,0.7808948524004466
0,3,3,NaN
0,3,3,NaN
0,3,3,NaN
0,3,3,NaN
0,3,3,NaN
0,3,3,NaN
0,3,3,NaN
0,3,3,0.15348760037464887
0,3,3,NaN
0,3,3,NaN
0,3,3,NaN
0,3,3,0.7808948524004466
0,3,3,NaN
0,3,3,NaN
0,3,3,NaN
0,3,3,NaN
0,3,3,NaN
0,3,3,NaN
0,3,3,NaN
0,3,3,NaN
0,3,3,NaN
0,3,3,0.7509979234994011
0,3,3,NaN
0,3,3,0.2088844544951591
0,3,3,NaN
0,3,3,NaN
0,3,3,0.5808666633907296
0,3,3,0.5223167285410882
0,3,3,NaN
0,3,3,NaN
0,3,3,NaN
0,3,3,0.922423104079044
0,3,3,NaN
0,3,3,NaN
0,3,3,NaN
0,3,3,NaN
0,3,3,0.2426068904918033
0,3,3,NaN
0,3,3,0.6826185730663652
0,3,3,0.012741653266331953
0,3,3,NaN
0,3,3,NaN
0,3,3,0.6826185730663652
0,3,3,NaN
0,3,3,NaN
0,3,3,0.48697935396532055
0,3,3,NaN
0,3,3,NaN
0,3,3,0.2088844544951591
0,3,3,NaN
0,3,3,NaN
0,3,3,NaN
0,3,3,0.2795170059358213
0,3,3,NaN
0,3,3,0.2426068904918033
0,3,3,NaN
0,3,3,0.06984398440883517
0,3,3,0.9067597060883621
0,3,3,NaN
0,3,3,NaN
0,3,3,NaN
0,3,3,0.6826185730663652
0,3,3,NaN
0,3,3,NaN
0,3,3,NaN
0,3,3,NaN
0,3,3,NaN
0,3,3,NaN
0,3,3,0.8723440292898591
0,3,3,0.36374176270060876
0,3,3,NaN
0,3,3,NaN
0,3,3,NaN
0,3,3,0.15348760037464887
0,3,3,NaN
0,3,3,NaN
0,3,3,NaN
0,3,3,NaN
0,3,3,0.2088844544951591
0,3,3,NaN
0,3,3,NaN
0,3,3,0.2088844544951591
0,3,3,NaN
0,3,3,NaN
0,3,3,NaN
0,3,3,NaN
0,3,3,NaN
0,3,3,NaN
0,3,3,0.8723440292898591
0,3,3,NaN
0,3,3,NaN
0,3,3,NaN
0,3,3,0.1791109280893668
0,3,3,NaN
0,3,3,NaN
0,3,3,0.06177874715066394
0,3,3,NaN
0,3,3,0.9067597060883621
0,3,3,NaN
0,3,3,NaN
0,3,3,NaN
0,3,3,0.5076524678986474
0,3,3,NaN
0,3,3,NaN
0,3,3,NaN
0,3,3,0.8909590781505728
0,3,3,NaN
0,3,3,NaN
0,3,3,NaN
0,3,3,NaN
0,3,3,0.09652246162613985
0,3,3,NaN
0,3,3,0.1608415699535116
0,3,3,NaN
0,3,3,0.8909590781505728
0,3,3,NaN
0,3,3,0.5983910585585586
0,3,3,NaN
0,3,3,NaN
0,3,3,0.5983910585585586
0,3,3,0.1497870469488811
0,3,3,NaN
0,3,3,0.36374176270060876
0,3,3,NaN
0,3,3,NaN
0,3,3,NaN
0,3,3,NaN
0,3,3,0.11302026105487464
0,3,3,NaN
0,3,3,NaN
0,3,3,NaN
0,3,3,0.3193104281105608
0,3,3,0.007114009197751627
0,3,3,NaN
0,3,3,NaN
0,3,3,NaN
0,3,3,0.3552776765333562
0,3,3,NaN
0,3,3,0.6826185730663652
0,3,3,0.09652246162613985
0,3,3,NaN
0,3,3,0.5076524678986474
0,3,3,0.7509979234994011
0,3,3,0.3193104281105608
0,3,3,NaN
0,3,3,NaN
0,3,3,0.4586140219451372
0,3,3,0.7509979234994011
0,3,3,NaN
0,3,3,NaN
0,3,3,NaN
0,3,3,NaN
0,3,3,0.01788245207000743
0,3,3,NaN
0,3,3,NaN
0,3,3,0.08139481150030385
0,3,3,NaN
0,3,3,0.8723440292898591
0,3,3,NaN
0,3,3,0.8535399985089294
0,3,3,NaN
0,3,3,NaN
0,3,3,NaN
0,3,3,0.2088844544951591
0,3,3,NaN
0,3,3,0.4586140219451372
0,3,3,0.4586140219451372
0,3,3,NaN
0,3,3,NaN
0,3,3,NaN
0,3,3,NaN
0,3,3,0.05916634506716057
0,3,3,NaN
0,3,3,0.8909590781505728
0,3,3,NaN
0,3,3,NaN
0,3,3,0.8535399985089294
0,3,3,NaN
0,3,3,0.7509979234994011
0,3,3,NaN
0,3,3,NaN
0,3,3,0.1791109280893668
0,3,3,NaN
0,3,3,NaN
0,3,3,NaN
0,3,3,NaN
0,3,3,NaN
0,3,3,0.8909590781505728
0,3,3,NaN
0,3,3,0.7808948524004466
0,3,3,0.5523648636569257
0,3,3,NaN
0,3,3,0.06984398440883517
0,3,3,0.3539872178544108
0,3,3,NaN
0,3,3,0.36374176270060876
0,3,3,NaN
0,3,3,NaN
0,3,3,NaN
0,3,3,0.20241048296472347
0,3,3,0.002799347354138233
0,3,3,NaN
0,3,3,NaN
0,3,3,NaN
0,3,3,NaN
0,3,3,0.9574121554627333
0,3,3,NaN
0,3,3,NaN
0,3,3,0.029824284599219358
0,3,3,NaN
0,3,3,NaN
0,3,3,NaN
0,3,3,NaN
0,3,3,NaN
0,3,3,NaN
0,3,3,NaN
0,3,3,NaN
0,3,3,NaN
0,3,3,NaN
0,3,3,NaN
0,3,3,0.18171920579528528
0,3,3,0.6826185730663652
0,3,3,0.7509979234994011
0,3,3,0.43899234686437355
0,3,3,NaN
0,3,3,NaN
0,3,3,NaN
0,3,3,NaN
0,3,3,NaN
0,3,3,NaN
0,3,3,NaN
0,3,3,0.13221071469067883
0,3,3,NaN
0,3,3,0.7947730014080849
0,3,3,NaN
0,3,3,NaN
0,3,3,NaN
0,3,3,NaN
0,3,3,NaN
0,3,3,0.4586140219451372
0,3,3,NaN
0,3,3,NaN
0,3,3,NaN
0,3,3,NaN
0,3,3,NaN
0,3,3,NaN
0,3,3,NaN
0,3,3,NaN
0,3,3,0.027508030988302654
0,3,3,0.03573862828111791
0,3,3,0.06333080991160807
0,3,3,0.8723440292898591
0,3,3,0.9574121554627333
0,3,3,NaN
0,3,3,NaN
0,3,3,0.029824284599219358
0,3,3,0.6826185730663652
0,3,3,NaN
0,3,3,NaN
0,3,3,NaN
0,3,3,NaN
0,3,3,NaN
0,3,3,0.2088844544951591
0,3,3,0.3552776765333562
0,3,3,NaN
0,3,3,0.9659495665715027
0,3,3,0.8535399985089294
0,3,3,NaN
0,3,3,NaN
0,3,3,0.11302026105487464
0,3,3,NaN
0,3,3,0.8302287522477523
0,3,3,NaN
0,3,3,0.642689094081309
0,3,3,NaN
0,3,3,0.7509979234994011
0,3,3,0.3193104281105608
0,3,3,NaN
0,3,3,NaN
0,3,3,NaN
0,3,3,NaN
0,3,3,NaN
0,3,3,NaN
0,3,3,NaN
0,3,3,NaN
0,3,3,NaN
0,3,3,NaN
0,3,3,NaN
0,3,3,NaN
0,3,3,NaN
0,3,3,NaN
0,3,3,NaN
0,3,3,NaN
0,3,3,0.3193104281105608
0,3,3,0.012741653266331953
0,3,3,NaN
0,3,3,NaN
0,3,3,0.5523648636569257
0,3,3,NaN
0,3,3,NaN
0,3,3,NaN
0,3,3,0.11302026105487464
0,3,3,NaN
0,3,3,NaN
0,3,3,NaN
0,3,3,NaN
0,3,3,NaN
0,3,3,NaN
0,3,3,NaN
0,3,3,NaN
0,3,3,NaN
0,3,3,NaN
0,3,3,NaN
0,3,3,NaN
0,3,3,0.3193104281105608
0,3,3,0.6826185730663652
0,3,3,NaN
0,3,3,NaN
0,3,3,0.5523648636569257
0,3,3,NaN
0,3,3,NaN
0,3,3,NaN
0,3,3,NaN
0,3,3,0.7509979234994011
0,3,3,0.15856059696448968
0,3,3,NaN
0,3,3,NaN
0,3,3,0.8909590781505728
0,3,3,NaN
0,3,3,NaN
0,3,3,0.1791109280893668
0,3,3,NaN
0,3,3,NaN
0,3,3,NaN
0,3,3,NaN
0,3,3,NaN
0,3,3,NaN
0,3,3,NaN
0,3,3,0.7188460181803934
0,3,3,0.36374176270060876
0,3,3,NaN
0,3,3,0.017809239281788392
0,3,3,NaN
0,3,3,0.11302026105487464
0,3,3,0.14173400335563793
0,3,3,0.9475679371961635
0,3,3,0.00860264728312664
0,3,3,NaN
0,3,3,0.5076524678986474
0,3,3,0.5176447219513634
0,3,3,0.642689094081309
0,3,3,NaN
0,3,3,NaN
0,3,3,NaN
0,3,3,NaN
0,3,3,0.5775525665651291
0,3,3,0.8535399985089294
0,3,3,0.22540506022561294
0,3,3,NaN
0,3,3,NaN
0,3,3,NaN
0,3,3,NaN
0,3,3,NaN
0,3,3,0.41042378787561506
0,3,3,NaN
0,3,3,0.7808948524004466
0,3,3,0.5523648636569257
0,3,3,NaN
0,3,3,NaN
0,3,3,NaN
0,3,3,0.9741337647667054
0,3,3,NaN
0,3,3,NaN
0,3,3,NaN
0,3,3,NaN
0,3,3,NaN
0,3,3,0.36195297437028884
0,3,3,0.8535399985089294
0,3,3,NaN
0,3,3,NaN
0,3,3,NaN
0,3,3,NaN
0,3,3,NaN
0,3,3,0.3193104281105608
0,3,3,0.09652246162613985
0,3,3,NaN
0,3,3,NaN
0,3,3,NaN
0,3,3,NaN
0,3,3,NaN
0,3,3,NaN
0,3,3,NaN
0,3,3,NaN
0,3,3,NaN
0,3,3,NaN
0,3,3,0.8723440292898591
0,3,3,NaN
0,3,3,NaN
0,3,3,0.922423104079044
0,3,3,NaN
0,3,3,NaN
0,3,3,NaN
0,3,3,NaN
0,3,3,NaN
0,3,3,0.0008867149702240562
0,3,3,NaN
0,3,3,NaN
0,3,3,NaN
0,3,3,NaN
0,3,3,0.0503944665317212
0,3,3,NaN
0,3,3,NaN
0,3,3,0.003214912144702669
0,3,3,0.6826185730663652
0,3,3,NaN
0,3,3,NaN
0,3,3,0.9925883253395366
0,3,3,NaN
0,3,3,NaN
0,3,3,NaN
0,3,3,NaN
0,3,3,NaN
0,3,3,NaN
0,3,3,NaN
0,3,3,NaN
0,3,3,NaN
0,3,3,0.15348760037464887
0,3,3,0.458746199759582
0,3,3,0.1791109280893668
0,3,3,NaN
0,3,3,0.15348760037464887
0,3,3,NaN
0,3,3,NaN
0,3,3,0.1791109280893668
0,3,3,NaN
0,3,3,0.9574121554627333
0,3,3,NaN
0,3,3,0.8909590781505728
0,3,3,NaN
0,3,3,NaN
0,3,3,0.981236864265928
0,3,3,NaN
0,3,3,NaN
0,3,3,0.13221071469067883
0,3,3,0.029824284599219358
0,3,3,NaN
0,3,3,0.7275881804598708
0,3,3,NaN
0,3,3,0.9067597060883621
0,3,3,0.8535399985089294
0,3,3,NaN
0,3,3,0.8302287522477523
0,3,3,0.642689094081309
0,3,3,NaN
0,3,3,NaN
0,3,3,NaN
0,3,3,NaN
0,3,3,NaN
0,3,3,NaN
0,3,3,NaN
0,3,3,0.03573862828111791
0,3,3,NaN
0,3,3,NaN
0,3,3,NaN
0,3,3,0.017809239281788392
0,3,3,NaN
0,3,3,NaN
0,3,3,NaN
0,3,3,NaN
0,3,3,NaN
0,3,3,NaN
0,3,3,NaN
0,3,3,NaN
0,3,3,NaN
0,3,3,NaN
0,3,3,NaN
0,3,3,0.1791109280893668
0,3,3,NaN
0,3,3,NaN
0,3,3,0.5983910585585586
0,3,3,NaN
0,3,3,NaN
0,3,3,NaN
0,3,3,NaN
0,3,3,0.08139481150030385
0,3,3,NaN
0,3,3,NaN
0,3,3,NaN
0,3,3,NaN
0,3,3,NaN
0,3,3,0.08139481150030385
0,3,3,0.41042378787561506
0,3,3,NaN
0,3,3,0.2795481783803956
0,3,3,NaN
0,3,3,NaN
0,3,3,NaN
0,3,3,NaN
0,3,3,NaN
0,3,3,0.8723440292898591
0,3,3,NaN
0,3,3,NaN
0,3,3,NaN
0,3,3,NaN
0,3,3,NaN
0,3,3,NaN
0,3,3,NaN
0,3,3,NaN
0,3,3,0.13221071469067883
0,3,3,NaN
0,3,3,0.9357857374272102
0,3,3,0.3193104281105608
0,3,3,0.11302026105487464
0,3,3,NaN
0,3,3,NaN
0,3,3,0.9067597060883621
0,3,3,NaN
0,3,3,NaN
0,3,3,0.05916634506716057
0,3,3,NaN
0,3,3,0.15348760037464887
0,3,3,NaN
0,3,3,0.9357857374272102
0,3,3,NaN
0,3,3,0.9878430141406582
0,3,3,0.11302026105487464
0,3,3,NaN
0,3,3,NaN
0,3,3,NaN
0,3,3,0.41042378787561506
0,3,3,0.8062781873736411
0,3,3,NaN
0,3,3,0.9975779203007102
0,3,3,NaN
0,3,3,0.13221071469067883
0,3,3,NaN
0,3,3,0.5983910585585586
0,3,3,NaN
0,3,3,NaN
0,3,3,NaN
0,3,3,NaN
0,3,3,NaN
0,3,3,NaN
0,3,3,NaN
0,3,3,NaN
0,3,3,NaN
0,3,3,NaN
0,3,3,NaN
0,3,3,NaN
0,3,3,NaN
0,3,3,0.7188460181803934
0,3,3,0.2795481783803956
0,3,3,NaN
0,3,3,NaN
0,3,3,NaN
0,3,3,NaN
0,3,3,0.1791109280893668
0,3,3,NaN
0,3,3,NaN
0,3,3,NaN
0,3,3,NaN
0,3,3,0.012741653266331953
0,3,3,NaN
0,3,3,NaN
0,3,3,0.674528987906287
0,3,3,NaN
0,3,3,NaN
0,3,3,NaN
0,3,3,NaN
0,3,3,NaN
0,3,3,NaN
0,3,3,NaN
0,3,3,NaN
0,3,3,NaN
0,3,3,NaN
0,3,3,0.7808948524004466
0,3,3,NaN
0,3,3,NaN
0,3,3,0.8535399985089294
0,3,3,0.7188460181803934
0,3,3,NaN
0,3,3,NaN
0,3,3,NaN
0,3,3,0.6826185730663652
0,3,3,0.5523648636569257
0,3,3,NaN
0,3,3,NaN
0,3,3,NaN
0,3,3,0.8909590781505728
0,3,3,0.1791109280893668
0,3,3,0.08139481150030385
0,3,3,0.06984398440883517
0,3,3,0.04263845043616167
0,3,3,0.9357857374272102
0,3,3,NaN
0,3,3,0.1791109280893668
0,3,3,NaN
0,3,3,0.002477370786516876
0,3,3,NaN
0,3,3,NaN
0,3,3,NaN
0,3,3,NaN
0,3,3,NaN
0,3,3,NaN
0,3,3,NaN
0,3,3,NaN
0,3,3,NaN
0,3,3,NaN
0,3,3,NaN
0,3,3,0.573098589262953
0,3,3,NaN
0,3,3,NaN
0,3,3,NaN
0,3,3,0.9475679371961635
0,3,3,NaN
0,3,3,NaN
0,3,3,NaN
0,3,3,0.8302287522477523
0,3,3,0.883431935051208
0,3,3,0.41042378787561506
0,3,3,NaN
0,3,3,NaN
0,3,3,NaN
0,3,3,NaN
0,3,3,NaN
0,3,3,0.15348760037464887
0,3,3,NaN
0,3,3,NaN
0,3,3,0.9574121554627333
0,3,3,NaN
0,3,3,0.5553159014279787
0,3,3,NaN
0,3,3,NaN
0,3,3,0.029824284599219358
0,3,3,0.6826185730663652
0,3,3,NaN
0,3,3,NaN
0,3,3,NaN
0,3,3,NaN
0,3,3,0.04263845043616167
0,3,3,NaN
0,3,3,NaN
0,3,3,0.5076524678986474
0,3,3,NaN
0,3,3,NaN
0,3,3,NaN
0,3,3,NaN
0,3,3,NaN
0,3,3,NaN
0,3,3,NaN
0,3,3,NaN
0,3,3,NaN
0,3,3,NaN
0,3,3,NaN
0,3,3,NaN
0,3,3,NaN
0,3,3,NaN
0,3,3,NaN
0,3,3,NaN
0,3,3,NaN
0,3,3,NaN
0,3,3,0.5523648636569257
0,3,3,NaN
0,3,3,NaN
0,3,3,0.2426068904918033
0,3,3,NaN
0,3,3,0.00011573534283430061
0,3,3,NaN
0,3,3,NaN
0,3,3,NaN
0,3,3,NaN
0,3,3,0.4586140219451372
0,3,3,NaN
0,3,3,0.005453048824651941
0,3,3,NaN
0,3,3,0.7509979234994011
0,3,3,NaN
0,3,3,NaN
0,3,3,NaN
0,3,3,0.09652246162613985
0,3,3,0.5983910585585586
0,3,3,NaN
0,3,3,NaN
0,3,3,NaN
0,3,3,NaN
0,3,3,NaN
0,3,3,NaN
0,3,3,0.15348760037464887
0,3,3,NaN
0,3,3,NaN
0,3,3,NaN
0,3,3,0.7188460181803934
0,3,3,0.642689094081309
0,3,3,NaN
0,3,3,NaN
0,3,3,0.8062781873736411
0,3,3,0.034703855744139825
0,3,3,0.2795481783803956
0,3,3,NaN
0,3,3,NaN
0,3,3,NaN
0,3,3,NaN
0,3,3,NaN
0,3,3,0.3552776765333562
0,3,3,NaN
0,3,3,NaN
0,3,3,0.8723440292898591
0,3,3,NaN
0,3,3,0.1791109280893668
0,3,3,0.6826185730663652
0,3,3,NaN
0,3,3,NaN
0,3,3,NaN
0,3,3,0.41042378787561506
0,3,3,0.09652246162613985
0,3,3,NaN
0,3,3,NaN
0,3,3,NaN
0,3,3,NaN
0,3,3,NaN
0,3,3,NaN
0,3,3,0.8062781873736411
0,3,3,0.003930060864272878
0,3,3,NaN
0,3,3,NaN
0,3,3,NaN
0,3,3,0.09652246162613985
0,3,3,NaN
0,3,3,NaN
0,3,3,NaN
0,3,3,NaN
0,3,3,NaN
0,3,3,NaN
0,3,3,0.1791109280893668
0,3,3,0.001470921095008115
0,3,3,NaN
0,3,3,NaN
0,3,3,NaN
0,3,3,NaN
0,3,3,0.7509979234994011
0,3,3,NaN
0,3,3,0.2088844544951591
0,3,3,NaN
0,3,3,0.009504833201637457
0,3,3,0.36374176270060876
0,3,3,NaN
0,3,3,NaN
0,3,3,NaN
0,3,3,0.5523648636569257
0,3,3,NaN
0,3,3,NaN
0,3,3,NaN
0,3,3,NaN
0,3,3,NaN
0,3,3,NaN
0,3,3,NaN
0,3,3,NaN
0,3,3,NaN
0,3,3,NaN
0,3,3,NaN
0,3,3,NaN
0,3,3,NaN
0,3,3,NaN
0,3,3,NaN
0,3,3,NaN
0,3,3,NaN
0,3,3,NaN
0,3,3,0.7770274067039243
0,3,3,NaN
0,3,3,0.4586140219451372
0,3,3,NaN
0,3,3,0.2088844544951591
0,3,3,0.4586140219451372
0,3,3,NaN
0,3,3,0.7145959920751118
0,3,3,0.11302026105487464
0,3,3,0.642689094081309
0,3,3,0.8302287522477523
0,3,3,NaN
0,3,3,NaN
0,3,3,0.6236444178663638
0,3,3,NaN
0,3,3,0.32331871205659574
0,3,3,0.05916634506716057
0,3,3,NaN
0,3,3,NaN
0,3,3,NaN
0,3,3,NaN
0,3,3,0.029824284599219358
0,3,3,NaN
0,3,3,NaN
0,3,3,NaN
0,3,3,NaN
0,3,3,NaN
0,3,3,NaN
0,3,3,NaN
0,3,3,NaN
0,3,3,0.13221071469067883
0,3,3,0.7509979234994011
0,3,3,0.5076524678986474
0,3,3,NaN
0,3,3,NaN
0,3,3,NaN
0,3,3,NaN
0,3,3,0.7509979234994011
0,3,3,NaN
0,3,3,NaN
0,3,3,0.13221071469067883
0,3,3,NaN
0,3,3,NaN
0,3,3,0.8535399985089294
0,3,3,NaN
0,3,3,NaN
0,3,3,NaN
0,3,3,0.13221071469067883
0,3,3,NaN
0,3,3,0.06753146072351487
0,3,3,0.2088844544951591
0,3,3,NaN
0,3,3,NaN
0,3,3,NaN
0,3,3,NaN
0,3,3,NaN
0,3,3,NaN
0,3,3,NaN
0,3,3,0.5076524678986474
0,3,3,0.2088844544951591
0,3,3,NaN
0,3,3,NaN
0,3,3,NaN
0,3,3,0.08139481150030385
0,3,3,NaN
0,3,3,0.3545109071424053
0,3,3,NaN
0,3,3,0.23443636948631028
0,3,3,NaN
0,3,3,0.08139481150030385
0,3,3,NaN
0,3,3,0.15348760037464887
0,3,3,NaN
0,3,3,NaN
0,3,3,0.15348760037464887
0,3,3,0.5983910585585586
0,3,3,NaN
0,3,3,NaN
0,3,3,0.13221071469067883
0,3,3,NaN
0,3,3,NaN
0,3,3,NaN
0,3,3,0.7188460181803934
0,3,3,NaN
0,3,3,NaN
0,3,3,NaN
0,3,3,NaN
0,3,3,NaN
0,3,3,0.2426068904918033
0,3,3,NaN
0,3,3,0.8723440292898591
0,3,3,NaN
0,3,3,NaN
0,3,3,NaN
0,3,3,0.8723440292898591
0,3,3,NaN
0,3,3,NaN
0,3,3,NaN
0,3,3,0.8062781873736411
0,3,3,0.9067597060883621
0,3,3,NaN
0,3,3,0.6826185730663652
0,3,3,NaN
0,3,3,0.3193104281105608
0,3,3,NaN
0,3,3,NaN
0,3,3,0.08139481150030385
0,3,3,NaN
0,3,3,NaN
0,3,3,NaN
0,3,3,0.41042378787561506
0,3,3,0.5983910585585586
0,3,3,NaN
0,3,3,NaN
0,3,3,0.642689094081309
0,3,3,0.11302026105487464
0,3,3,NaN
0,3,3,NaN
0,3,3,NaN
0,3,3,NaN
0,3,3,NaN
0,3,3,0.3193104281105608
0,3,3,NaN
0,3,3,NaN
0,3,3,NaN
0,3,3,NaN
0,3,3,NaN
0,3,3,NaN
0,3,3,NaN
0,3,3,0.029824284599219358
0,3,3,NaN
0,3,3,0.007114009197751627
0,3,3,NaN
0,3,3,0.4586140219451372
0,3,3,NaN
0,3,3,0.29971761708530115
0,3,3,0.017809239281788392
0,3,3,0.7509979234994011
0,3,3,0.5983910585585586
0,3,3,NaN
0,3,3,NaN
0,3,3,NaN
0,3,3,NaN
0,3,3,NaN
0,3,3,NaN
0,3,3,NaN
0,3,3,NaN
0,3,3,0.5503952953604428
0,3,3,NaN
0,3,3,NaN
0,3,3,NaN
0,3,3,NaN
0,3,3,0.5523648636569257
0,3,3,NaN
0,3,3,NaN
0,3,3,0.7808948524004466
0,3,3,NaN
0,3,3,0.8723440292898591
0,3,3,NaN
0,3,3,NaN
0,3,3,NaN
0,3,3,NaN
0,3,3,NaN
0,3,3,NaN
0,3,3,0.41042378787561506
0,3,3,NaN
0,3,3,NaN
0,3,3,0.5983910585585586
0,3,3,NaN
0,3,3,NaN
0,3,3,0.41042378787561506
0,3,3,NaN
0,3,3,NaN
0,3,3,NaN
0,3,3,NaN
0,3,3,NaN
0,3,3,NaN
0,3,3,NaN
0,3,3,NaN
0,3,3,NaN
0,3,3,NaN
0,3,3,0.09652246162613985
0,3,3,0.31057181548614277
0,3,3,NaN
0,3,3,0.0037619738140488787
0,3,3,0.2426068904918033
0,3,3,NaN
0,3,3,NaN
0,3,3,0.15348760037464887
0,3,3,0.41042378787561506
0,3,3,0.5523648636569257
0,3,3,NaN
0,3,3,0.36374176270060876
0,3,3,NaN
0,3,3,0.642689094081309
0,3,3,NaN
0,3,3,NaN
0,3,3,NaN
0,3,3,NaN
0,3,3,NaN
0,3,3,0.08139481150030385
0,3,3,NaN
0,3,3,0.01050871192496647
0,3,3,0.06984398440883517
0,3,3,0.2426068904918033
0,3,3,NaN
0,3,3,NaN
0,3,3,NaN
0,3,3,0.1791109280893668
0,3,3,NaN
0,3,3,NaN
0,3,3,0.8712396188596956
0,3,3,NaN
0,3,3,0.5523648636569257
0,3,3,NaN
0,3,3,NaN
0,3,3,NaN
0,3,3,0.36374176270060876
0,3,3,0.41042378787561506
0,3,3,NaN
0,3,3,NaN
0,3,3,NaN
0,3,3,NaN
0,3,3,NaN
0,3,3,0.8535399985089294
0,3,3,NaN
0,3,3,NaN
0,3,3,0.06984398440883517
0,3,3,NaN
0,3,3,NaN
0,3,3,NaN
0,3,3,NaN
0,3,3,NaN
0,3,3,NaN
0,3,3,NaN
0,3,3,NaN
0,3,3,NaN
0,3,3,0.8062781873736411
0,3,3,NaN
0,3,3,0.7509979234994011
0,3,3,NaN
0,3,3,0.642689094081309
0,3,3,0.00010418826289245235
0,3,3,0.4586140219451372
0,3,3,NaN
0,3,3,NaN
0,3,3,0.025396716993254218
0,3,3,NaN
0,3,3,NaN
0,3,3,NaN
0,3,3,NaN
0,3,3,NaN
0,3,3,0.5076524678986474
0,3,3,NaN
0,3,3,NaN
0,3,3,NaN
0,3,3,NaN
0,3,3,NaN
0,3,3,0.8535399985089294
0,3,3,0.41042378787561506
0,3,3,NaN
0,3,3,NaN
0,3,3,NaN
0,3,3,NaN
0,3,3,NaN
0,3,3,NaN
0,3,3,NaN
0,3,3,NaN
0,3,3,NaN
0,3,3,0.4586140219451372
0,3,3,0.036962676197690565
0,3,3,0.2088844544951591
0,3,3,0.9278693917959568
0,3,3,NaN
0,3,3,NaN
0,3,3,0.642689094081309
0,3,3,NaN
0,3,3,NaN
0,3,3,NaN
0,3,3,NaN
0,3,3,0.8723440292898591
0,3,3,NaN
0,3,3,0.4385107373894573
0,3,3,NaN
0,3,3,NaN
0,3,3,NaN
0,3,3,0.028623464275829975
0,3,3,NaN
0,3,3,NaN
0,3,3,0.36374176270060876
0,3,3,0.5523648636569257
0,3,3,NaN
0,3,3,0.03573862828111791
0,3,3,0.43236761565170173
0,3,3,0.5983910585585586
0,3,3,NaN
0,3,3,NaN
0,3,3,NaN
0,3,3,NaN
0,3,3,0.1791109280893668
0,3,3,NaN
0,3,3,NaN
0,3,3,0.9357857374272102
0,3,3,NaN
0,3,3,0.36374176270060876
0,3,3,NaN
0,3,3,NaN
0,3,3,NaN
0,3,3,0.2088844544951591
0,3,3,NaN
0,3,3,0.7509979234994011
0,3,3,NaN
0,3,3,0.15348760037464887
0,3,3,NaN
0,3,3,0.5076524678986474
0,3,3,NaN
0,3,3,NaN
0,3,3,0.8062781873736411
0,3,3,NaN
0,3,3,NaN
0,3,3,0.3238101356243932
0,3,3,0.5523648636569257
0,3,3,0.11302026105487464
0,3,3,0.8535399985089294
0,3,3,NaN
0,3,3,NaN
0,3,3,NaN
0,3,3,NaN
0,3,3,0.02143073799725636
0,3,3,0.13221071469067883
0,3,3,NaN
0,3,3,NaN
0,3,3,NaN
0,3,3,NaN
0,3,3,NaN
0,3,3,NaN
0,3,3,NaN
0,3,3,NaN
0,3,3,0.000603286735098502
0,3,3,NaN
0,3,3,NaN
0,3,3,NaN
0,3,3,0.015089968713335646
0,3,3,NaN
0,3,3,NaN
0,3,3,NaN
0,3,3,NaN
0,3,3,NaN
0,3,3,0.00860264728312664
0,3,3,0.7188460181803934
0,3,3,NaN
0,3,3,NaN
0,3,3,0.2426068904918033
0,3,3,NaN
0,3,3,0.8723440292898591
0,3,3,NaN
0,3,3,0.0503944665317212
0,3,3,0.2945436031680433
0,3,3,NaN
0,3,3,NaN
0,3,3,NaN
0,3,3,0.9067597060883621
0,3,3,NaN
0,3,3,NaN
0,3,3,NaN
0,3,3,NaN
0,3,3,NaN
0,3,3,NaN
0,3,3,NaN
0,3,3,NaN
0,3,3,NaN
0,3,3,0.5983910585585586
0,3,3,NaN
0,3,3,NaN
0,3,3,NaN
0,3,3,0.7808948524004466
0,3,3,NaN
0,3,3,0.13221071469067883
0,3,3,0.0019790567751703193
0,3,3,NaN
0,3,3,0.1791109280893668
0,3,3,0.2795481783803956
0,3,3,0.7808948524004466
0,3,3,0.642689094081309
0,3,3,NaN
0,3,3,NaN
0,3,3,NaN
0,3,3,NaN
0,3,3,NaN
0,3,3,NaN
0,3,3,0.0503944665317212
0,3,3,NaN
0,3,3,0.012741653266331953
0,3,3,NaN
0,3,3,NaN
0,3,3,NaN
0,3,3,NaN
0,3,3,NaN
0,3,3,NaN
0,3,3,NaN
0,3,3,NaN
0,3,3,0.04664854727684422
0,3,3,NaN
0,3,3,NaN
0,3,3,NaN
0,3,3,NaN
0,3,3,0.9067597060883621
0,3,3,NaN
0,3,3,NaN
0,3,3,NaN
0,3,3,NaN
0,3,3,NaN
0,3,3,NaN
0,3,3,NaN
0,3,3,0.9423206436004382
0,3,3,0.02143073799725636
0,3,3,NaN
0,3,3,NaN
0,3,3,0.9067597060883621
0,3,3,0.5983910585585586
0,3,3,NaN
0,3,3,NaN
0,3,3,NaN
0,3,3,0.8302287522477523
0,3,3,0.9067597060883621
0,3,3,NaN
0,3,3,NaN
0,3,3,NaN
0,3,3,0.2088844544951591
0,3,3,NaN
0,3,3,NaN
0,3,3,NaN
0,3,3,NaN
0,3,3,0.09652246162613985
0,3,3,NaN
0,3,3,NaN
0,3,3,0.41042378787561506
0,3,3,NaN
0,3,3,0.7188460181803934
0,3,3,NaN
0,3,3,0.5076524678986474
0,3,3,0.2088844544951591
0,3,3,NaN
0,3,3,NaN
0,3,3,0.7808948524004466
0,3,3,NaN
0,3,3,NaN
0,3,3,NaN
0,3,3,NaN
0,3,3,0.328712337182628
0,3,3,NaN
0,3,3,NaN
0,3,3,NaN
0,3,3,0.922423104079044
0,3,3,0.3193104281105608
0,3,3,NaN
0,3,3,0.8302287522477523
0,3,3,0.00860264728312664
0,3,3,NaN
0,3,3,NaN
0,3,3,NaN
0,3,3,0.00860264728312664
0,3,3,0.005634571703672751
0,3,3,NaN
0,3,3,NaN
0,3,3,NaN
0,3,3,NaN
0,3,3,NaN
0,3,3,NaN
0,3,3,NaN
0,3,3,NaN
0,3,3,NaN
0,3,3,0.8302287522477523
0,3,3,NaN
0,3,3,NaN
0,3,3,NaN
0,3,3,NaN
0,3,3,NaN
0,3,3,0.09652246162613985
0,3,3,NaN
0,3,3,NaN
0,3,3,NaN
0,3,3,NaN
0,3,3,NaN
0,3,3,0.2795481783803956
0,3,3,NaN
0,3,3,0.0057026512691023675
0,3,3,0.014101459650732267
0,3,3,NaN
0,3,3,0.00220877136596021
0,3,3,NaN
0,3,3,0.5523648636569257
0,3,3,NaN
0,3,3,NaN
0,3,3,NaN
0,3,3,0.01050871192496647
0,3,3,NaN
0,3,3,NaN
0,3,3,NaN
0,3,3,NaN
0,3,3,0.06984398440883517
0,3,3,NaN
0,3,3,0.7509979234994011
0,3,3,NaN
0,3,3,0.5523648636569257
0,3,3,NaN
0,3,3,0.5076524678986474
0,3,3,NaN
0,3,3,0.680001853284644
0,3,3,0.8535399985089294
0,3,3,0.13221071469067883
0,3,3,NaN
0,3,3,NaN
0,3,3,0.01050871192496647
0,3,3,NaN
0,3,3,0.7509979234994011
0,3,3,NaN
0,3,3,NaN
0,3,3,0.8062781873736411
0,3,3,NaN
0,3,3,NaN
0,3,3,0.3193104281105608
0,3,3,NaN
0,3,3,0.002006093630872016
0,3,3,NaN
0,3,3,0.8535399985089294
0,3,3,NaN
0,3,3,NaN
0,3,3,0.0016617055118106202
0,3,3,0.15348760037464887
0,3,3,0.03573862828111791
0,3,3,NaN
0,3,3,NaN
0,3,3,NaN
0,3,3,0.4586140219451372
0,3,3,0.7188460181803934
0,3,3,NaN
0,3,3,NaN
0,3,3,0.5983910585585586
0,3,3,NaN
0,3,3,NaN
0,3,3,0.41042378787561506
0,3,3,NaN
0,3,3,NaN
0,3,3,NaN
0,3,3,NaN
0,3,3,0.04263845043616167
0,3,3,NaN
0,3,3,0.017809239281788392
0,3,3,NaN
0,3,3,NaN
0,3,3,NaN
0,3,3,NaN
0,3,3,NaN
0,3,3,0.15348760037464887
0,3,3,0.1791109280893668
0,3,3,0.003689797878813095
0,3,3,0.09652246162613985
0,3,3,0.1791109280893668
0,3,3,NaN
0,3,3,0.5076524678986474
0,3,3,NaN
0,3,3,NaN
0,3,3,0.004712440902467837
0,3,3,NaN
0,3,3,NaN
0,3,3,NaN
0,3,3,0.05916634506716057
0,3,3,NaN
0,3,3,NaN
0,3,3,NaN
0,3,3,NaN
0,3,3,NaN
0,3,3,NaN
0,3,3,NaN
0,3,3,NaN
0,3,3,NaN
0,3,3,NaN
0,3,3,NaN
0,3,3,NaN
0,3,3,NaN
0,3,3,0.8062781873736411
0,3,3,NaN
0,3,3,0.4586140219451372
0,3,3,NaN
0,3,3,NaN
0,3,3,NaN
0,3,3,NaN
0,3,3,NaN
0,3,3,NaN
0,3,3,0.36374176270060876
0,3,3,NaN
0,3,3,NaN
0,3,3,NaN
0,3,3,NaN
0,3,3,0.27723159621686005
0,3,3,NaN
0,3,3,0.3193104281105608
0,3,3,NaN
0,3,3,NaN
0,3,3,NaN
0,3,3,0.4509523635122677
0,3,3,NaN
0,3,3,0.009903402887017673
0,3,3,NaN
0,3,3,NaN
0,3,3,NaN
0,3,3,NaN
0,3,3,NaN
0,3,3,0.6858539065761025
0,3,3,NaN
0,3,3,NaN
0,3,3,NaN
0,3,3,NaN
0,3,3,NaN
0,3,3,NaN
0,3,3,0.9067597060883621
0,3,3,NaN
0,3,3,0.2088844544951591
0,3,3,0.5523648636569257
0,3,3,NaN
0,3,3,0.017809239281788392
0,3,3,NaN
0,3,3,0.1791109280893668
0,3,3,NaN
0,3,3,0.44971895964583936
0,3,3,0.5523648636569257
0,3,3,0.5523648636569257
0,3,3,0.922423104079044
0,3,3,NaN
0,3,3,0.5523648636569257
0,3,3,NaN
0,3,3,0.7188460181803934
0,3,3,0.41042378787561506
0,3,3,NaN
0,3,3,NaN
0,3,3,NaN
0,3,3,NaN
0,3,3,NaN
0,3,3,NaN
0,3,3,0.09652246162613985
0,3,3,NaN
0,3,3,NaN
0,3,3,0.7188460181803934
0,3,3,NaN
0,3,3,0.5983910585585586
0,3,3,NaN
0,3,3,0.7509979234994011
0,3,3,NaN
0,3,3,NaN
0,3,3,NaN
0,3,3,NaN
0,3,3,NaN
0,3,3,NaN
0,3,3,NaN
0,3,3,NaN
0,3,3,NaN
0,3,3,0.007114009197751627
0,3,3,NaN
0,3,3,NaN
0,3,3,NaN
0,3,3,NaN
0,3,3,NaN
0,3,3,NaN
0,3,3,0.06984398440883517
0,3,3,NaN
0,3,3,NaN
0,3,3,NaN
0,3,3,NaN
0,3,3,NaN
0,3,3,NaN
0,3,3,NaN
0,3,3,NaN
0,3,3,NaN
0,3,3,NaN
0,3,3,NaN
0,3,3,0.8909590781505728
0,3,3,NaN
0,3,3,NaN
0,3,3,0.7509979234994011
0,3,3,NaN
0,3,3,NaN
0,3,3,0.5076524678986474
0,3,3,NaN
0,3,3,NaN
0,3,3,0.9931717821637523
0,3,3,NaN
0,3,3,NaN
0,3,3,NaN
0,3,3,NaN
0,3,3,0.3193104281105608
0,3,3,0.8062781873736411
0,3,3,0.36374176270060876
0,3,3,NaN
0,3,3,0.3193104281105608
0,3,3,NaN
0,3,3,NaN
0,3,3,NaN
0,3,3,NaN
0,3,3,NaN
0,3,3,NaN
0,3,3,NaN
0,3,3,0.05916634506716057
0,3,3,NaN
0,3,3,NaN
0,3,3,NaN
0,3,3,NaN
0,3,3,NaN
0,3,3,0.0503944665317212
0,3,3,NaN
0,3,3,NaN
0,3,3,NaN
0,3,3,NaN
0,3,3,0.06984398440883517
0,3,3,NaN
0,3,3,0.05916634506716057
0,3,3,NaN
0,3,3,NaN
0,3,3,NaN
0,3,3,NaN
0,3,3,NaN
0,3,3,0.04263845043616167
0,3,3,NaN
0,3,3,0.9897292732740418
0,3,3,NaN
0,3,3,0.002477370786516876
0,3,3,NaN
0,3,3,NaN
0,3,3,NaN
0,3,3,NaN
0,3,3,0.9067597060883621
0,3,3,NaN
0,3,3,NaN
0,3,3,NaN
0,3,3,0.025396716993254218
0,3,3,0.0503944665317212
0,3,3,0.2795481783803956
0,3,3,0.642689094081309
0,3,3,0.7509979234994011
0,3,3,NaN
0,3,3,0.00015798912959927365
0,3,3,0.15348760037464887
0,3,3,0.5076524678986474
0,3,3,NaN
0,3,3,NaN
0,3,3,NaN
0,3,3,0.04782093930377707
0,3,3,NaN
0,3,3,NaN
0,3,3,NaN
0,3,3,NaN
0,3,3,NaN
0,3,3,0.2795481783803956
0,3,3,NaN
0,3,3,NaN
0,3,3,NaN
0,3,3,NaN
0,3,3,0.5076524678986474
0,3,3,NaN
0,3,3,0.08139481150030385
0,3,3,NaN
0,3,3,NaN
0,3,3,NaN
0,3,3,NaN
0,3,3,NaN
0,3,3,0.17474695065990595
0,3,3,0.6826185730663652
0,3,3,NaN
0,3,3,NaN
0,3,3,NaN
0,3,3,0.07778394099179928
0,3,3,NaN
0,3,3,0.03356592488806806
0,3,3,NaN
0,3,3,NaN
0,3,3,NaN
0,3,3,0.06984398440883517
0,3,3,0.1791109280893668
0,3,3,0.12411242582549202
0,3,3,NaN
0,3,3,0.13221071469067883
0,3,3,NaN
0,3,3,NaN
0,3,3,NaN
0,3,3,0.7808948524004466
0,3,3,NaN
0,3,3,0.7509979234994011
0,3,3,NaN
0,3,3,NaN
0,3,3,0.8062781873736411
0,3,3,NaN
0,3,3,0.9357857374272102
0,3,3,0.0503944665317212
0,3,3,NaN
0,3,3,0.8909590781505728
0,3,3,NaN
0,3,3,NaN
0,3,3,NaN
0,3,3,NaN
0,3,3,NaN
