hfq_hcd_1,hfq_hcd_2,nb_ints,bp_fdr
40131,59843,99974,1.1703115313527213e-18
52464,26433,78897,0.9999976028923674
15521,6380,21901,0.1244061789766215
6822,9491,16313,0.0010104560836459247
9902,6004,15906,0.009410414330218242
5292,7185,12477,0.10750993041329115
7012,5429,12441,0.3099009652134965
7193,3219,10412,6.413768352839343e-18
2827,6648,9475,4.400389379052911e-12
3434,5753,9187,1.6606766901262318e-6
926,5737,6663,3.066202059716253e-14
3363,2411,5774,5.498256481154621e-10
378,3604,3982,2.2301167357659136e-5
849,3026,3875,0.04958292692479676
792,3068,3860,0.9992876794345438
946,2633,3579,0.8655008786900369
2275,992,3267,0.16436974576119795
1653,1419,3072,5.176951150625762e-8
1176,1806,2982,2.0378087830526323e-5
558,2412,2970,0.47311318896665966
1402,1489,2891,0.13349194201575146
1646,1058,2704,3.9090754829502605e-8
1649,954,2603,3.878372356468444e-11
1401,823,2224,0.9954060359153207
1015,1114,2129,1.8101967508041436e-8
700,1404,2104,NaN
934,1089,2023,2.553281601493816e-14
962,1040,2002,1.980875712087567e-7
1002,950,1952,0.0004488881033900778
857,880,1737,0.2285177657705818
393,1321,1714,8.749652729245806e-28
422,1250,1672,4.2696016598043095e-9
527,1052,1579,3.669054946607981e-11
872,702,1574,0.9602229766652525
744,815,1559,8.914440976766202e-13
319,1216,1535,0.9999320267278714
452,998,1450,9.461929173277564e-7
902,482,1384,0.8729108053472489
396,981,1377,0.372277793046583
641,669,1310,1.6154365104951035e-5
418,807,1225,4.751083596745134e-11
316,891,1207,4.578595200307163e-29
171,1022,1193,7.519980205320503e-18
561,621,1182,0.017936625825384724
345,771,1116,0.39874800976549496
624,487,1111,1.1424027946135988e-5
787,319,1106,0.002436710801393347
494,609,1103,0.7991005438385151
652,426,1078,0.8954585241212195
575,502,1077,0.0018786361621334852
148,894,1042,0.9933699598267648
559,475,1034,0.5376043881865737
474,533,1007,0.17019266260341442
644,356,1000,1.312018648662506e-13
357,628,985,4.098470572090932e-5
554,425,979,0.004482479413465328
181,793,974,0.0003532944516046834
113,855,968,1.1808754658416892e-12
454,495,949,0.23609730939414558
178,768,946,0.002436710801393347
241,685,926,0.5836556595239325
570,350,920,0.6063774935893282
151,764,915,0.001120992580712033
553,353,906,0.36384937711638676
632,246,878,0.011230930388775354
136,718,854,1.618997153431117e-7
83,770,853,0.9596480005916581
426,413,839,0.05338838749999978
513,323,836,6.702376136003177e-9
570,265,835,0.9854887762528594
469,360,829,0.0010373558516678506
422,403,825,0.2687678906502279
584,231,815,0.000545224120932121
647,158,805,0.055135963526267595
156,644,800,4.7464071403577114e-5
570,228,798,0.7251607233412494
121,677,798,1.4536321590892035e-8
540,255,795,0.7957812056274994
520,274,794,0.06076806464469537
226,565,791,0.8655008786900369
359,428,787,0.0005109361702100939
191,558,749,0.0074756297546128
100,637,737,0.2501741304218029
451,284,735,0.23124800566345333
454,273,727,0.8812283326652327
199,509,708,3.9137832184710514e-5
646,60,706,3.552569998460992e-17
307,398,705,1.919848154554383e-6
306,398,704,0.17078278097947147
257,447,704,5.329669770915761e-18
384,311,695,0.8655008786900369
488,199,687,0.010932655641098589
292,381,673,0.5871502344401743
210,458,668,5.644617113449073e-15
295,364,659,0.23606813440598648
308,347,655,6.12198695719232e-17
535,119,654,0.0003014754616629
115,535,650,0.05338838749999978
372,272,644,0.012616204938038212
383,260,643,0.985361645794053
399,244,643,0.8234957828997682
280,354,634,0.9631011055983413
421,209,630,0.0004696238876437447
111,516,627,0.0019158698381216551
168,458,626,0.010754491736532491
238,377,615,0.08491645534150608
575,38,613,0.004002631844032721
79,530,609,0.0006550561177554385
278,329,607,5.34842203964946e-7
527,72,599,0.19318773354299895
397,202,599,0.008148759516577762
300,288,588,0.8691826726090636
186,401,587,0.4495397578717256
78,509,587,0.04521167922417332
302,282,584,3.202641032703616e-16
319,264,583,0.1150424729161512
409,172,581,1.8182121766121286e-20
327,253,580,0.004792532479663698
141,434,575,0.0010714048214191909
100,467,567,0.4931704284254973
475,87,562,0.0010104560836459247
366,195,561,0.3579824803107694
283,275,558,2.466396303945023e-16
348,192,540,2.1938578905712832e-5
308,231,539,0.5836556595239325
289,248,537,0.00018867578003250153
244,292,536,0.013898300036073657
271,258,529,0.9485142935902439
279,250,529,0.6965214630096377
207,311,518,0.0018146196901915035
358,159,517,4.3314203675708536e-13
295,221,516,0.013166985494505864
281,229,510,0.10738252184751369
260,249,509,0.3950893865694002
105,391,496,0.014252192539078877
72,424,496,0.2723000524553572
270,223,493,9.241167900962817e-5
225,268,493,0.7736549046044264
197,292,489,0.2071911138293793
108,381,489,0.4431893633910816
223,264,487,NaN
255,231,486,0.9227020936852867
69,416,485,5.525727884352901e-15
185,297,482,0.00013086414243954474
142,337,479,3.669054946607981e-11
370,108,478,0.039687384300341605
275,203,478,0.1369115005759664
192,286,478,0.0033240752800147277
162,313,475,0.5836556595239325
315,156,471,0.001938837361421949
129,339,468,0.15650889301438412
236,228,464,0.7124906756428891
227,237,464,0.9990784859631265
254,209,463,0.0986538124916049
204,257,461,0.8406976625716349
201,255,456,0.8663461293974938
395,61,456,5.68078842073286e-10
93,361,454,7.054054824703471e-5
103,346,449,5.784343767297568e-18
94,352,446,3.6391478109124514e-5
274,168,442,0.8197147591965249
277,164,441,0.2605435919431291
141,299,440,0.008571472700374536
169,268,437,0.17721222719246632
125,309,434,NaN
189,243,432,0.6311968781061505
105,327,432,3.5831067055437346e-16
236,192,428,0.014293357560211542
180,248,428,1.2231675239955236e-6
323,104,427,0.0002336725565431185
67,356,423,0.006330742305371628
227,195,422,0.11295093622930659
130,291,421,2.8330279498077312e-9
204,215,419,0.006879380033162812
68,349,417,0.07287517728397767
257,159,416,0.4914564515271146
213,201,414,6.629262835819119e-10
189,224,413,0.07287517728397767
136,275,411,0.0012710446456630055
161,249,410,3.084849925891285e-5
317,82,399,NaN
339,60,399,0.3099009652134965
81,316,397,0.02175486564365907
316,75,391,0.15815149433085332
237,152,389,0.9999976028923674
201,183,384,0.07924721681543781
128,256,384,0.6687159379476287
171,212,383,0.13349194201575146
120,263,383,2.5473590962167854e-5
240,142,382,0.18006654955834714
158,218,376,0.00031245571548011624
97,279,376,0.08491645534150608
107,269,376,0.3125679970113662
182,193,375,0.7479470594826346
44,331,375,7.528190990354244e-16
226,145,371,0.13686794973661578
325,46,371,0.9156811785144543
237,133,370,2.6189503128370176e-15
52,318,370,8.311639866856619e-5
114,255,369,0.009410414330218242
168,197,365,0.004491625755727561
195,168,363,0.28272927039414997
210,149,359,0.9895855307908606
204,155,359,0.15407061357868015
179,180,359,9.358354667906412e-13
179,179,358,0.34936774434310386
134,224,358,0.11980574377503897
104,252,356,0.3099009652134965
51,303,354,5.221923839887313e-11
193,160,353,0.5376043881865737
103,246,349,0.15028940923604475
203,145,348,0.9820726384750704
42,302,344,0.01710347736873336
99,245,344,0.7486733728983638
118,221,339,0.8197147591965249
193,145,338,4.147373397824215e-14
78,260,338,0.0655931658849096
73,260,333,0.00018232800738133138
134,198,332,0.008182548620064043
35,297,332,3.0329194176665435e-7
77,255,332,0.1818556040735102
163,167,330,0.04631332256059672
228,100,328,0.001172942639378264
156,171,327,0.8913908465099561
160,167,327,0.025520701505931075
195,130,325,0.34823901015202663
198,125,323,6.198001404711179e-15
97,224,321,0.06871198345577055
211,107,318,0.2723000524553572
188,129,317,0.001491478050569192
122,194,316,0.0213685999999998
36,280,316,0.00015998520064939607
55,260,315,0.03945138879401115
133,181,314,0.2155333466077819
199,114,313,6.411872137681635e-7
199,113,312,0.00018921428571447494
167,142,309,0.15758829038399383
85,223,308,0.00018408650568187647
155,151,306,0.8642892656871638
214,90,304,0.22509518767886436
157,144,301,0.018612336917756687
142,157,299,0.08491645534150608
79,220,299,NaN
48,250,298,1.410790256531355e-10
107,191,298,0.0007763152205823698
129,167,296,6.202779523972968e-14
48,248,296,0.892085912371618
132,163,295,0.4352960052259284
195,99,294,1.3414068035243472e-10
155,138,293,0.4431893633910816
172,120,292,0.0019512585439565916
41,250,291,7.257486702609103e-6
249,42,291,6.413768352839343e-18
62,229,291,3.152622582441731e-6
57,234,291,1.3475978490527519e-8
50,240,290,0.5836556595239325
43,247,290,3.2000509723802196e-6
91,198,289,0.4620376944262312
144,144,288,0.013880967662345601
139,149,288,NaN
91,196,287,0.7736549046044264
134,152,286,2.6129792534510226e-15
49,237,286,0.15407061357868015
129,156,285,0.2209934858383109
192,92,284,0.13261329935801505
113,171,284,0.11720408131784966
95,187,282,0.0007745134875121768
183,97,280,0.8827667358654245
165,115,280,0.7930415122703993
160,119,279,0.17721222719246632
183,95,278,2.169425083756909e-13
213,63,276,2.472751520746775e-9
127,149,276,8.189420115906945e-5
89,187,276,0.3099009652134965
38,236,274,0.018587598490717686
92,181,273,NaN
119,153,272,0.0005293126528304272
128,143,271,0.3577432907093913
162,108,270,0.10676901165898342
141,128,269,0.10991699231494108
138,127,265,0.01190392719360344
43,222,265,0.00432214683769047
56,208,264,0.36324485922449357
45,217,262,4.833168124102721e-10
150,111,261,0.030135545827633423
45,216,261,0.9036446119094077
63,197,260,3.285384089978051e-11
148,110,258,0.2239815532223164
145,113,258,0.06349481475899316
41,217,258,0.00345529084895946
34,224,258,2.7359747450842976e-5
39,219,258,0.19440476932412887
135,121,256,0.1446335009310287
152,103,255,0.11866554663216736
125,129,254,0.5836556595239325
134,117,251,0.0006872934341416164
131,120,251,0.7453466259712043
43,208,251,3.6025231160702e-11
47,204,251,0.3099009652134965
81,168,249,6.674713258194658e-5
95,153,248,0.5173722421232041
109,138,247,0.002968079223927906
51,196,247,0.005819124054960724
143,103,246,0.6458134947137125
77,167,244,0.030135545827633423
86,158,244,0.814264998544432
133,111,244,0.3099009652134965
133,110,243,3.941918734892248e-5
80,162,242,0.039195701525333186
142,99,241,1.4528652884201308e-16
120,120,240,0.015310519823788312
67,173,240,0.001582271844280392
20,220,240,1.0696343963378337e-10
109,130,239,5.574228900177836e-12
130,108,238,0.00043007034960640546
167,70,237,0.9405257031659899
67,170,237,0.943384323968792
96,139,235,0.0004269069565285287
113,122,235,0.7087129780995387
41,193,234,0.9152375708831951
18,216,234,0.0009030496746283923
34,200,234,0.3569034756535856
84,149,233,0.0014599629308780669
105,127,232,0.06039146010052455
20,211,231,0.9507681516607924
52,179,231,0.00848077692120224
121,105,226,0.0213685999999998
75,150,225,1.0557480715570033e-8
121,104,225,6.411872137681635e-7
31,194,225,1.766844638386799e-6
171,52,223,1.5576493223387677e-9
154,69,223,2.933731746964776e-10
95,127,222,0.3950893865694002
107,115,222,3.416570853948246e-7
28,194,222,0.13349194201575146
18,201,219,2.1704642308992203e-8
145,73,218,6.229998783940182e-7
99,117,216,0.05509043590836692
31,185,216,0.000615279540449543
86,130,216,NaN
108,104,212,0.650855638481995
44,168,212,0.09113170985240211
114,95,209,0.9767089995939098
84,125,209,0.0001920824073105753
117,91,208,0.0614612344270944
94,114,208,0.9747364638126857
15,191,206,0.017936625825384724
162,43,205,0.06180140668028046
107,98,205,0.9990483611395122
120,85,205,0.0009283994813358916
185,20,205,0.004669170951189708
70,135,205,0.6706377302926072
97,107,204,2.8683131615839624e-9
186,18,204,0.08411953131505276
80,124,204,0.6806158448344697
30,174,204,0.9985173312876037
88,116,204,0.06586133499334056
176,27,203,0.30142981560193666
144,59,203,0.05338838749999978
87,116,203,0.38960881812739234
85,117,202,0.6300237367232449
81,121,202,0.6904415079108235
126,76,202,0.9504503240214358
95,106,201,NaN
44,157,201,0.7206880910678392
78,123,201,0.33925443600317157
73,127,200,NaN
113,87,200,0.8628270104510243
22,178,200,0.2054386262940906
34,166,200,0.004668170090370848
80,119,199,0.22049700512588982
187,11,198,1.025668136903227e-16
98,100,198,1.8101967508041436e-8
80,118,198,0.23869658045439276
51,146,197,0.017936625825384724
134,63,197,0.0018652427280430026
126,71,197,0.8088658317473326
82,115,197,0.05338838749999978
113,83,196,0.012787139456205032
62,134,196,2.982004089658133e-12
121,74,195,3.5645642159391635e-6
65,130,195,0.04988595627912849
35,160,195,3.6895963473298044e-11
30,165,195,0.0005036027595799474
109,85,194,0.742601995273523
70,123,193,0.04463341020678428
88,105,193,0.010319182729855162
75,118,193,0.00183304858409571
66,127,193,9.799922521880827e-6
64,128,192,0.1150424729161512
100,92,192,0.7251075035703661
56,136,192,0.006693358841268148
92,99,191,0.31564006369593917
134,57,191,9.062369323374412e-9
102,89,191,2.9072228678641633e-6
38,153,191,0.017370619729063758
96,95,191,0.12648235420071266
89,102,191,NaN
66,124,190,0.0041174424150717875
132,57,189,0.9809153258638088
53,136,189,0.8234957828997682
98,90,188,0.016253518945748197
110,78,188,0.7061290449690484
66,122,188,0.4431893633910816
104,83,187,0.002544131228444812
103,84,187,0.8511635663187023
104,83,187,0.015310519823788312
41,146,187,NaN
28,159,187,0.006016285125703997
113,74,187,0.0013781966170927794
41,146,187,1.0149786669974498e-10
37,150,187,0.03432201385398349
90,96,186,0.7087129780995387
58,128,186,0.7387907463050792
86,100,186,0.1150424729161512
22,164,186,0.8453965225401804
124,61,185,0.15318490644988392
165,20,185,2.9635093542696593e-12
109,76,185,0.0041522524191555344
66,118,184,0.06273758667360736
118,64,182,0.9497944794535181
88,94,182,0.28409293090969817
68,114,182,0.20458063608624122
84,96,180,0.15601634599953607
70,110,180,0.9152375708831951
82,97,179,0.017065394733464384
16,163,179,1.8360905303503264e-7
72,106,178,2.3635126570434955e-6
132,46,178,0.008637615981228306
129,48,177,0.001243533791833059
20,157,177,7.203127330746154e-9
129,47,176,0.15601634599953607
32,144,176,0.013166985494505864
78,97,175,0.12142420079091824
101,72,173,0.7087129780995387
49,124,173,0.00011989630895950363
86,87,173,NaN
102,70,172,0.1697431926775808
109,63,172,3.219270262496187e-5
40,132,172,0.017936625825384724
97,75,172,0.020420145141475773
47,125,172,4.521179803487467e-8
121,50,171,0.017274651176860892
20,151,171,1.905561910883678e-7
63,107,170,0.0017056975609741594
33,137,170,0.025791038806851574
68,102,170,0.5376043881865737
67,103,170,0.8014691082975914
108,61,169,0.24146395771211143
51,118,169,0.07287517728397767
35,134,169,NaN
95,74,169,0.31007780079715486
143,25,168,0.9405257031659899
65,103,168,0.011424784728715994
62,106,168,6.139034533030145e-8
14,154,168,2.2724853541604568e-7
110,57,167,0.3950893865694002
64,103,167,0.011229378107131942
32,134,166,0.011147134228187437
79,87,166,0.31392857692754633
101,64,165,0.6145187721538001
88,77,165,0.28362317422250966
70,95,165,0.8197485916304668
40,125,165,0.00352344396526904
82,83,165,0.23609730939414558
40,125,165,0.3690760414987967
80,84,164,1.313544855269888e-7
105,59,164,0.16420449826297023
51,113,164,5.003354224508239e-9
20,144,164,0.017065394733464384
80,82,162,0.6282574491159135
17,145,162,0.04127555123330984
95,66,161,6.355345070357108e-5
67,94,161,0.07287517728397767
71,89,160,0.05338838749999978
121,39,160,0.11398045062213732
100,59,159,0.0136164977874886
132,27,159,0.807698021669606
33,126,159,0.00610211826672776
60,99,159,1.651437018068559e-6
56,103,159,0.2723000524553572
25,134,159,0.34936774434310386
86,72,158,0.007659580536912271
24,134,158,0.039687384300341605
48,109,157,0.3937386927554943
78,79,157,3.186679276275131e-6
25,132,157,2.1274173746651575e-16
72,85,157,0.664788473383998
69,88,157,0.049356676764255314
96,60,156,0.9589168212038429
74,82,156,0.6843954372786215
112,44,156,0.377856554903174
44,112,156,0.5915517027722281
73,82,155,0.6706377302926072
41,113,154,0.36680276731711886
51,103,154,0.0005232178700291671
42,112,154,9.28409123248763e-11
75,78,153,NaN
102,51,153,0.27039623987262884
75,78,153,0.0986538124916049
81,71,152,NaN
17,135,152,1.1360244919323475e-7
25,127,152,0.019308801395487886
110,41,151,0.0003944154910269483
109,42,151,7.301926982872822e-8
74,76,150,0.3152624264502581
78,72,150,0.02893977537964042
67,83,150,0.23480452551064016
60,89,149,0.7087129780995387
79,70,149,0.6282574491159135
99,50,149,0.058571502886535225
72,77,149,NaN
47,102,149,0.36798919958508547
74,75,149,0.5791419241527858
100,48,148,0.08491645534150608
79,69,148,0.0030154667039340288
75,73,148,0.14199801690179892
36,112,148,0.8014691082975914
41,106,147,0.19705517013945584
42,104,146,0.5376043881865737
81,65,146,0.003618685991459329
108,37,145,0.12180797336022978
124,21,145,0.8234957828997682
59,86,145,0.015310519823788312
76,69,145,6.241197284955996e-6
25,119,144,0.3886225844202365
55,89,144,0.17721222719246632
43,101,144,0.579570970071753
96,47,143,0.06460855595891107
45,98,143,0.5360598077895468
82,61,143,0.039687384300341605
37,105,142,8.63450274057098e-7
23,119,142,4.348044930862253e-13
77,65,142,0.051216143704703884
56,85,141,0.0008978517189194121
45,96,141,0.8014691082975914
43,97,140,0.21403128934250334
50,90,140,8.492400725729342e-10
52,88,140,7.507646459362856e-12
43,97,140,0.0028747964823836185
34,105,139,0.5836556595239325
77,62,139,6.221388456406237e-17
55,84,139,0.9152375708831951
87,52,139,0.2723000524553572
95,44,139,NaN
85,54,139,0.07853471098034519
46,93,139,0.00038538216877137787
14,125,139,0.0005468917712330266
70,69,139,0.001046443282612039
73,66,139,3.683159120651482e-21
63,75,138,0.33561925956075145
61,77,138,1.9209022991181823e-5
73,65,138,0.3950893865694002
66,72,138,0.06273758667360736
31,107,138,0.00012332939040057698
74,63,137,7.767464714897415e-5
17,120,137,0.062349729926957816
82,55,137,0.0038987353533522415
52,85,137,0.0002352605778630573
58,78,136,0.3099009652134965
88,48,136,0.012699422675527452
20,116,136,4.828548173623392e-6
65,71,136,0.6606155813495199
65,71,136,0.6179287082355854
12,124,136,4.885331000299702e-5
85,50,135,0.6785359298654444
70,65,135,0.15407061357868015
53,82,135,0.16204412180463637
72,63,135,0.4431893633910816
81,54,135,0.0009029111050885594
25,110,135,0.0012053269813341262
60,75,135,0.220167253057494
26,109,135,NaN
84,50,134,6.630205270607858e-8
14,120,134,0.2054386262940906
49,85,134,0.0013453398036081332
74,60,134,NaN
55,79,134,0.07838615048420096
79,55,134,0.09972809064546755
30,104,134,0.0019017346533483357
15,119,134,6.518568279235161e-5
74,59,133,0.00899019122432133
65,68,133,0.3950893865694002
18,115,133,0.47201772683942267
69,63,132,7.698239572257529e-7
59,73,132,0.33481434343256555
103,29,132,1.6165258029081973e-15
30,102,132,0.2045839782286554
40,92,132,0.3099009652134965
75,56,131,0.5547906862372607
118,13,131,1.3148218216762379e-5
16,115,131,0.4431893633910816
82,48,130,0.7736549046044264
65,65,130,0.19788547198529832
66,63,129,1.974526762647813e-42
45,84,129,0.3403301068426547
107,22,129,0.010651739688913395
16,113,129,0.03356235115781267
18,111,129,0.15407061357868015
21,108,129,0.9361431540215991
49,79,128,0.09468268109957244
62,66,128,8.023203683167937e-20
40,88,128,0.7759124309446542
68,60,128,0.0010074086963505681
52,76,128,1.1824496291729344e-8
76,51,127,0.40310913852082353
96,31,127,1.0603884799349635e-9
71,56,127,0.00018507424845062777
73,54,127,0.1470488217222489
85,42,127,8.958332437541879e-39
79,48,127,0.2606520670997689
65,62,127,0.030135545827633423
18,109,127,2.908936270049514e-8
90,36,126,NaN
88,38,126,0.0986538124916049
78,48,126,NaN
94,32,126,3.3560083955540086e-9
72,54,126,7.423538640436609e-6
37,89,126,6.622277950326791e-7
73,52,125,7.020746068217384e-9
37,88,125,5.066171498506125e-24
37,88,125,0.6282574491159135
54,71,125,0.8453965225401804
89,36,125,0.0393545505604588
27,98,125,0.5836556595239325
25,100,125,0.37207875954550107
24,100,124,0.0986538124916049
46,78,124,0.06159577412681136
55,69,124,NaN
14,110,124,0.4431893633910816
32,92,124,0.00022498792834984747
25,99,124,4.746613485507371e-5
34,90,124,0.07287517728397767
31,92,123,0.36953903999647425
90,33,123,0.006117940808130264
20,103,123,0.6672253092960888
74,49,123,0.5836556595239325
54,68,122,0.4510141848080587
99,23,122,0.0007019984519506197
71,51,122,0.011147134228187437
67,55,122,0.3950893865694002
89,33,122,0.4761297600622316
72,50,122,1.123265539202001e-17
71,51,122,0.9814071655270993
25,97,122,0.8242937560814668
12,110,122,1.9504694453311393e-6
77,44,121,NaN
57,64,121,0.0007561375668073713
32,89,121,0.9692967730009141
32,88,120,0.0037174421368463056
40,80,120,0.01303621827742159
56,64,120,0.1421634872730421
61,59,120,0.7532701529669752
108,11,119,0.06273758667360736
99,20,119,0.025688675504669942
56,63,119,0.042584314528514126
108,10,118,9.358354667906412e-13
27,91,118,5.220445403648625e-5
28,90,118,0.017936625825384724
69,49,118,0.10120266426734957
40,78,118,0.008600160803663397
86,31,117,0.0003964982311111847
59,58,117,NaN
64,53,117,0.13846627562322858
6,111,117,0.2938013721854992
63,53,116,0.0016508762911375068
73,43,116,2.5416608812521995e-8
72,44,116,0.742601995273523
52,64,116,0.07287517728397767
53,63,116,0.05729096778251577
31,84,115,0.23609730939414558
103,12,115,1.388085108082244e-13
12,103,115,0.0010525512239215474
47,68,115,0.00026247451590759974
29,86,115,0.15628586668855307
25,90,115,0.01636149754925131
14,101,115,0.49990022765709985
75,39,114,0.006616588028693772
77,37,114,NaN
86,28,114,0.0019300421063345573
62,52,114,0.04056755185587573
17,97,114,0.00031267088105133516
37,77,114,3.5308246029011455e-6
29,85,114,1.3343776344075877e-6
10,104,114,0.073026524286373
17,96,113,0.23609730939414558
62,51,113,0.8249741194402906
45,68,113,0.11399729714035237
45,68,113,0.030135545827633423
25,88,113,0.0024387807609170097
82,31,113,0.33472603348194546
46,67,113,0.6282574491159135
48,64,112,0.5376043881865737
68,44,112,0.004296069711197571
60,52,112,0.4920422445583172
58,54,112,0.049356676764255314
16,96,112,0.18965160499079806
54,57,111,0.9405257031659899
60,51,111,0.00899019122432133
55,56,111,0.7087129780995387
47,64,111,0.0007080415568118684
42,69,111,0.8694969644611391
61,50,111,8.223833034839362e-10
51,60,111,0.0005516904738086083
43,67,110,3.165702385633445e-15
17,93,110,1.769214254197213e-9
71,39,110,1.1029534301441088e-15
30,80,110,0.6168189214495243
92,18,110,2.466396303945023e-16
44,66,110,3.3982575213267094e-8
66,44,110,0.04655954483563279
18,92,110,0.022707862102129415
35,74,109,0.17721222719246632
44,65,109,0.742601995273523
34,75,109,0.0008271028851525201
67,42,109,0.4510105852729112
43,65,108,0.0024760752753005947
21,87,108,0.026085594156556053
24,84,108,0.9677549750289749
65,43,108,0.23212604876424525
44,63,107,5.768648363981235e-5
21,86,107,0.0015586056871960256
36,71,107,0.4083328844720427
13,94,107,0.13360015326158992
23,84,107,1.4128072608822545e-5
30,77,107,3.479960124829812e-7
9,98,107,0.49166317088551487
42,64,106,0.0213685999999998
77,29,106,0.9401284507708825
54,52,106,0.00870016502531778
18,88,106,0.0003469426729866854
31,75,106,0.002422811213413571
22,84,106,0.0986538124916049
43,62,105,0.9507681516607924
39,66,105,0.08491645534150608
65,40,105,0.6387492822573151
69,36,105,0.03705638349092667
36,69,105,0.013611903251894587
44,61,105,0.2439278927864364
44,61,105,4.904176729205815e-5
23,82,105,0.17721222719246632
57,47,104,0.1867372117591186
55,49,104,NaN
37,67,104,0.05387333308461999
18,86,104,1.1846103855244498e-7
63,41,104,1.1808754658416892e-12
42,62,104,0.0986538124916049
44,60,104,0.34936774434310386
27,77,104,1.6518466208110116e-11
61,43,104,0.039687384300341605
59,45,104,0.0003671174586918641
55,49,104,0.5319426401419093
15,89,104,0.25168187526687713
21,83,104,0.391140188894164
53,50,103,0.4431893633910816
50,53,103,NaN
53,50,103,0.15407061357868015
50,53,103,0.004904432747628958
55,48,103,0.7087129780995387
62,41,103,0.7736549046044264
63,39,102,NaN
45,57,102,0.3178899182247078
78,24,102,3.190272895130235e-5
76,26,102,0.8093230844824829
53,49,102,0.028687994037778674
54,48,102,0.23609730939414558
52,50,102,NaN
50,52,102,0.16356637798243928
14,88,102,5.425089660129672e-5
69,33,102,0.0036074871000446036
20,82,102,0.014789483285539064
24,78,102,0.7852809319888161
25,77,102,0.2082850908040321
75,27,102,0.6706377302926072
56,46,102,0.10045034179729417
19,83,102,2.1704642308992203e-8
72,29,101,0.9347250548799074
53,48,101,0.1340111769798182
21,80,101,0.012938064978205975
56,45,101,0.9954233892626881
57,44,101,0.05338838749999978
67,34,101,0.0213685999999998
26,75,101,0.4008946245262275
81,20,101,1.4640474752173853e-5
38,63,101,0.0029125194105596997
24,77,101,0.28873603236018897
22,79,101,0.0039057361548619518
10,91,101,5.1500459602804475e-9
49,51,100,0.8827667358654245
52,48,100,0.00012166933090021771
42,58,100,0.00611560273170618
49,51,100,0.15991128334816265
39,61,100,7.956168314571196e-5
47,53,100,1.854726155170596e-8
20,80,100,1.8071658376689778e-6
41,59,100,0.03705567143686973
19,81,100,0.1130109984534763
48,51,99,8.558909608372055e-5
35,64,99,0.010309818046178825
58,41,99,0.05954901709443921
54,45,99,NaN
9,90,99,0.4431893633910816
14,85,99,0.0010175302143399935
56,42,98,0.6288566915062941
78,20,98,0.23609730939414558
21,77,98,0.0037212850438307736
27,71,98,0.0004951367913322595
91,7,98,0.014296752306134709
56,42,98,2.6120385589729096e-8
42,56,98,8.740665313781456e-6
56,41,97,0.0007081784567956597
61,36,97,0.13603270495187292
59,38,97,0.0004819415495579545
28,69,97,NaN
37,60,97,0.4069212628130736
48,49,97,0.9937054719022813
68,29,97,0.18822862528706666
59,38,97,0.5038672684597012
37,60,97,0.8655008786900369
12,85,97,0.012388535810944226
15,82,97,0.025688675504669942
23,74,97,0.0017519166605748503
17,80,97,0.0009950887260290167
26,71,97,0.05267792913139305
22,75,97,0.019403968519954996
35,61,96,0.06141902082489041
45,51,96,0.8234957828997682
48,48,96,NaN
62,34,96,0.4431893633910816
68,28,96,5.1708692384266195e-8
61,35,96,0.8264156574484636
14,82,96,0.06163414224851696
42,54,96,0.7647915625193888
83,13,96,0.7341675807597712
40,55,95,0.14234902682400793
58,37,95,0.09612071860459227
47,48,95,6.509982146233267e-5
68,27,95,9.923831292873128e-5
50,45,95,0.07087442413839977
48,47,95,0.021383736879028545
17,78,95,0.011147134228187437
32,63,95,0.06553364997174857
31,63,94,1.0691550430662753e-5
51,43,94,0.21559080356591928
23,71,94,0.011121315077419331
44,50,94,0.8334660644879422
36,58,94,0.8453965225401804
70,24,94,9.241167900962817e-5
38,56,94,0.001243533791833059
30,64,94,0.40690051917194026
12,82,94,0.008006438367134727
19,74,93,0.004844648745066119
43,50,93,0.002436710801393347
15,78,93,0.009077679825958916
51,42,93,0.5126784004697578
40,53,93,NaN
50,43,93,0.3982723354452463
17,76,93,0.6320520213841927
35,58,93,0.3950893865694002
13,80,93,0.00389102925731458
15,77,92,0.011740659895731632
48,44,92,0.23949563013007247
44,48,92,0.0064668327224382365
54,38,92,2.127068281259914e-5
26,66,92,0.4971514686002874
54,38,92,0.004247913867257007
30,62,92,3.500214711675415e-6
29,63,92,0.007659580536912271
54,37,91,5.000397136277388e-7
42,49,91,NaN
51,40,91,0.7587984320152426
59,32,91,NaN
71,20,91,0.2025629611681116
30,61,91,0.16200380240763748
10,81,91,0.04814862328047836
47,44,91,0.012780323520654129
38,53,91,0.275902733696243
11,80,91,0.2940069905152345
14,77,91,0.0023878517399294323
69,21,90,1.9391969739729054e-5
49,41,90,0.0213685999999998
38,52,90,0.2874486017227067
5,84,89,0.0017056975609741594
73,16,89,0.011147134228187437
32,57,89,NaN
49,40,89,0.4431893633910816
10,79,89,4.382905421732869e-6
28,61,89,0.025502116712361304
52,37,89,0.00012769920249907203
62,27,89,0.8711711393964265
37,52,89,0.4431893633910816
52,36,88,0.0009432277456656832
29,59,88,0.3891195696983296
18,70,88,0.06139139757897997
55,33,88,0.034605295647823726
37,51,88,0.9966201743638442
80,8,88,0.0017445364764697188
20,68,88,0.3099009652134965
40,48,88,0.0007561375668073713
49,39,88,0.8229966423038383
33,55,88,0.9953500666104738
13,75,88,NaN
49,38,87,0.9822573569445048
33,54,87,2.613562834706982e-12
35,52,87,0.05338838749999978
62,25,87,0.4686071469659161
44,43,87,0.10836084909408751
56,31,87,0.06825832024275513
8,79,87,0.0017056975609741594
29,58,87,0.005060586488275571
54,33,87,0.9262355111883273
60,27,87,NaN
55,32,87,0.02156819776339223
38,49,87,NaN
7,80,87,0.0017056975609741594
31,56,87,0.2723000524553572
59,27,86,0.8999851143675383
16,70,86,0.002968079223927906
19,67,86,0.2054386262940906
32,54,86,0.46718338729993725
52,34,86,NaN
71,15,86,0.17721222719246632
37,49,86,0.7736549046044264
43,43,86,0.022530212338596502
35,51,86,0.8827667358654245
37,49,86,1.4320029600826136e-13
48,38,86,0.9280193017066064
22,64,86,NaN
17,69,86,0.06853431307277434
33,53,86,0.9978608147613648
28,58,86,0.15407061357868015
64,21,85,0.3006376073066526
25,60,85,0.04631332256059672
53,32,85,0.8938614141095105
29,56,85,7.540101831552885e-13
44,41,85,NaN
31,54,85,0.742601995273523
52,33,85,NaN
55,30,85,0.09469192736879913
49,36,85,0.4917327201034208
7,78,85,0.07059351753466407
15,70,85,0.00021155563632790515
45,40,85,2.391141996538486e-7
26,58,84,0.3569034756535856
25,59,84,0.9405257031659899
42,42,84,0.8827667358654245
31,53,84,0.005486759795650658
59,25,84,0.0008893021858852399
70,14,84,1.9239063301636007e-5
47,37,84,0.2723000524553572
32,52,84,1.2856074753128623e-12
29,55,84,0.00787765969215009
58,26,84,0.6373027351707794
12,72,84,0.0014868270869849113
15,69,84,0.0020176618649927042
46,37,83,1.7191881077669155e-9
43,40,83,7.183971436539028e-7
16,67,83,0.6706377302926072
38,45,83,0.07287517728397767
33,50,83,0.34936774434310386
32,51,83,0.10033873803218586
37,46,83,1.0419089366145533e-5
59,24,83,0.6136983959858769
24,59,83,0.04109745783364751
21,62,83,0.00022537462865072122
7,76,83,0.0004660259705485032
13,70,83,0.8014691082975914
43,39,82,0.0013553517866459446
60,22,82,7.874499769701248e-5
49,33,82,1.040048659176542e-10
40,42,82,0.6706377302926072
62,20,82,0.0702882325495774
41,41,82,0.015848316587195908
28,54,82,0.41273138026468537
56,26,82,0.0837550502146186
78,4,82,0.008189590418580051
77,5,82,2.5982118154114307e-9
37,45,82,0.04833732747508671
10,72,82,0.0002883741901507143
60,22,82,NaN
42,40,82,0.8147995671867712
34,48,82,0.15407061357868015
20,62,82,0.07287517728397767
3,79,82,8.340452039746098e-10
54,27,81,0.610914116161507
36,45,81,2.8477578778567966e-11
48,33,81,0.9405257031659899
45,36,81,2.2872022432841998e-10
11,70,81,0.0001222730159721991
46,35,81,NaN
49,32,81,0.1143251009642639
37,44,81,0.002000265306122949
46,35,81,0.9108161636158212
26,55,81,0.06273758667360736
22,59,81,0.1150424729161512
10,71,81,0.04915197611163579
30,50,80,0.07287517728397767
11,69,80,0.3379978499705187
50,30,80,0.7736549046044264
27,53,80,0.00017136767272267627
43,37,80,NaN
27,53,80,0.07287517728397767
31,49,80,0.3950893865694002
31,49,80,0.014261307369587355
55,25,80,0.07813435616862725
39,41,80,0.02146356529941595
27,53,80,0.999525906518766
51,29,80,0.8793301327465052
25,55,80,NaN
11,69,80,0.04631332256059672
31,48,79,0.031450747486706086
14,65,79,0.1547120704591191
38,41,79,0.0004696238876437447
67,12,79,2.0378087830526323e-5
31,48,79,0.41452380799882976
31,48,79,0.9539866421273436
45,34,79,0.890525538486738
73,6,79,0.7342788644202771
14,65,79,NaN
28,51,79,0.014604191179336345
21,58,79,0.015006660795753113
49,30,79,0.0018366097916277628
23,56,79,0.03496292885282923
16,63,79,0.7736549046044264
31,48,79,NaN
37,42,79,0.00016060769413272615
42,37,79,0.16627581381422088
10,69,79,0.004736766815409575
9,70,79,0.005390459373615848
36,42,78,0.8453965225401804
34,44,78,0.7736549046044264
26,52,78,0.0021092444499776902
46,32,78,0.17047937020437884
40,38,78,0.684221490566217
44,34,78,0.702022136518734
36,42,78,0.9518391359093554
21,57,78,0.17848504095144926
11,67,78,0.00031267088105133516
15,62,77,0.00019484927829565993
25,52,77,0.9990483611395122
11,66,77,0.0017816128135580533
31,46,77,0.1413675746536038
41,36,77,0.8014691082975914
49,28,77,0.9405257031659899
10,67,77,1.4390065480759657e-5
41,36,77,0.5836556595239325
16,61,77,0.9403411804371165
33,44,77,0.006881518631884419
23,54,77,0.32255113788049616
29,48,77,0.0024666081384538434
5,72,77,4.95444346307679e-8
17,60,77,0.8014691082975914
26,51,77,0.9507681516607924
11,66,77,0.6806965677966145
11,66,77,0.004693970477970392
8,69,77,0.17721222719246632
32,44,76,0.9677549750289749
34,42,76,0.13349194201575146
35,41,76,0.00010816205021895253
47,29,76,0.10514516261134538
36,40,76,0.15407061357868015
65,11,76,0.999521924191444
42,34,76,0.017093029165099305
54,22,76,0.7087129780995387
38,38,76,0.4879352459681723
38,38,76,NaN
59,17,76,2.466396303945023e-16
39,37,76,0.00909955384671019
9,67,76,0.027999361528245663
25,51,76,0.519551036764217
18,58,76,0.002436710801393347
10,66,76,7.630472925517129e-7
8,68,76,0.9602229766652525
7,69,76,0.004813960230890755
74,1,75,6.629262835819119e-10
39,36,75,0.15407061357868015
10,65,75,2.066330832751779e-8
35,40,75,0.15149093911287093
30,45,75,0.015848769375344716
47,28,75,0.08208373482728791
42,33,75,0.6436981393184102
25,50,75,2.320642914086656e-5
15,59,74,0.8655008786900369
31,43,74,0.16193443393653506
33,41,74,0.002908960606967338
30,44,74,0.801304126686248
52,22,74,0.012864584733972605
29,45,74,0.23609730939414558
29,45,74,2.127068281259914e-5
39,35,74,0.14749086266504738
32,42,74,0.14403333701293647
32,42,74,8.763516305069451e-5
46,28,74,0.0009745212975910665
14,60,74,0.0014374840698883852
16,58,74,0.421287286670003
15,59,74,0.007659580536912271
25,49,74,0.10593433286701055
10,64,74,0.007881524902588847
14,60,74,2.958058912856219e-5
41,32,73,0.2054386262940906
34,39,73,0.7551005432052194
48,25,73,0.5376043881865737
35,38,73,0.6818863428312312
8,65,73,0.06946731095766305
51,22,73,0.002592345164757174
9,64,73,0.6282574491159135
16,57,73,0.015790828368208883
37,36,73,0.35623283322989535
39,34,73,0.004021981823640931
54,19,73,0.34936774434310386
19,54,73,0.00017342353460541018
9,64,73,0.08491645534150608
16,57,73,0.09150186526886984
47,26,73,0.025688675504669942
49,24,73,0.0006937537324373915
15,58,73,0.04631332256059672
31,42,73,0.02993524186665958
9,64,73,0.7087129780995387
35,38,73,NaN
30,43,73,NaN
6,67,73,1.0892670278535159e-8
61,12,73,5.554425873499207e-11
21,52,73,4.788324257295791e-5
3,70,73,0.0986538124916049
42,30,72,0.08491645534150608
4,68,72,8.836324604860767e-5
45,27,72,7.213033843756048e-10
28,44,72,0.017936625825384724
48,24,72,0.00788559455664517
27,45,72,0.13202139582812136
41,31,72,0.4920422445583172
19,53,72,0.10952997359185862
37,35,72,0.3099009652134965
33,39,72,0.7087129780995387
43,29,72,0.5376043881865737
41,31,72,0.15407061357868015
32,40,72,0.7043969239069947
10,62,72,0.0020176618649927042
53,19,72,0.04270109081361604
9,63,72,0.2054386262940906
18,54,72,0.2723000524553572
8,64,72,0.0213685999999998
16,56,72,0.08491645534150608
12,60,72,0.0015447447730238
38,33,71,0.01582123369761258
34,37,71,NaN
46,25,71,NaN
29,42,71,0.5376043881865737
14,57,71,0.04915197611163579
53,18,71,0.9964345673549478
37,34,71,0.8728898323527096
33,38,71,0.0005008334201015355
27,44,71,0.0007413826616313378
10,61,71,0.4475199274759564
21,50,71,0.8655008786900369
19,52,71,NaN
28,43,71,0.05362358107317734
28,42,70,0.0053459147286812475
28,42,70,0.8014691082975914
17,53,70,0.009410414330218242
41,29,70,0.03359889605844739
19,51,70,0.3099009652134965
32,38,70,0.002112313073944049
44,26,70,0.35646794781586566
25,45,70,0.0446771020079989
25,45,70,0.1504205445201976
34,36,70,0.41032470873121646
34,36,70,0.008877780968408768
36,34,70,NaN
32,38,70,0.000188396006715873
8,62,70,0.003286820311346318
29,41,70,0.010746155885835116
16,54,70,3.344627959509843e-5
6,64,70,0.9635478755709723
38,31,69,NaN
46,23,69,1.9938459874330015e-10
4,65,69,NaN
43,26,69,0.3950893865694002
32,37,69,1.1858962645431562e-10
31,38,69,NaN
28,41,69,0.1794037849224746
19,50,69,0.09774605824155143
23,46,69,0.0010278229799787191
58,11,69,0.0986538124916049
10,59,69,0.2054386262940906
19,50,69,0.2723000524553572
25,44,69,4.069706981872856e-6
15,54,69,0.09040073814194054
29,40,69,NaN
40,28,68,NaN
31,37,68,0.03740541366261675
33,35,68,5.229908901755327e-10
27,41,68,0.0022829520378515804
30,38,68,0.000201423917544325
30,38,68,0.8014691082975914
9,59,68,0.742601995273523
23,45,68,0.13465555343274652
33,35,68,0.6706377302926072
21,47,68,0.9677549750289749
34,34,68,0.6706377302926072
57,11,68,0.1150424729161512
11,57,68,0.7135720257882858
54,14,68,0.2723000524553572
38,30,68,0.00709834261137827
12,56,68,4.829245306752069e-8
19,49,68,0.08156056291360639
8,60,68,0.33470117574473707
39,28,67,NaN
36,31,67,0.0053459147286812475
39,28,67,0.34936774434310386
27,40,67,0.33618631857513437
27,40,67,0.02200947430714948
43,24,67,0.0007021602567901718
34,33,67,0.7495332607131249
36,31,67,0.034605295647823726
40,27,67,0.12200110570940272
41,26,67,0.3950893865694002
30,37,67,NaN
21,46,67,0.23609730939414558
26,41,67,0.1466314168328065
11,56,67,NaN
7,60,67,NaN
4,63,67,0.016858529153558153
36,31,67,0.00038421717808945953
6,61,67,0.0008880695044086995
33,33,66,0.7750595805095631
10,56,66,0.23609730939414558
43,23,66,0.000249749556305513
25,41,66,0.1818556040735102
42,24,66,0.2204108837616374
26,40,66,0.3099009652134965
38,28,66,0.3099009652134965
29,37,66,3.113260810389921e-13
38,28,66,0.0020176618649927042
37,29,66,NaN
50,16,66,0.21676565851651916
30,36,66,1.1824496291729344e-8
19,47,66,0.4920422445583172
35,31,66,6.226706308876365e-6
5,61,66,NaN
39,27,66,0.17721222719246632
5,61,66,0.004525960807216122
19,46,65,0.025531618634860608
24,41,65,0.007033082487043857
36,29,65,0.04206972118903387
43,22,65,0.2054386262940906
36,29,65,0.006296371618325686
33,32,65,0.04583277718584906
42,23,65,0.6706377302926072
14,51,65,0.030135545827633423
42,23,65,0.8756767187320635
24,41,65,0.046729452714884205
23,42,65,0.29672817793165057
17,48,65,0.04449996867390035
6,59,65,0.004107146952109513
12,53,65,3.4606062187141916e-17
33,31,64,0.19359806328943957
36,28,64,0.07778799473409433
47,17,64,0.4282088300762884
42,22,64,2.339008963279316e-22
42,22,64,0.6285334861008689
31,33,64,0.4996454674962032
45,19,64,1.1479842515760263e-10
39,25,64,0.009410414330218242
18,46,64,0.144806940474922
31,33,64,0.011957099340272353
51,13,64,0.10472936321610257
18,46,64,0.4040641645978278
9,55,64,0.0023238172515552403
11,53,64,0.032723998137858284
4,60,64,0.039687384300341605
44,19,63,0.025688675504669942
14,49,63,0.35878059000311235
41,22,63,0.05338838749999978
25,38,63,NaN
48,15,63,NaN
32,31,63,0.3391285280928134
28,35,63,0.798600285905648
27,36,63,0.11256948986906352
42,21,63,0.15220217020447768
10,53,63,0.0006550561177554385
33,30,63,0.8234957828997682
38,25,63,0.00585917906162654
23,40,63,0.0986538124916049
40,23,63,NaN
30,33,63,0.793880310285606
35,28,63,0.9405257031659899
41,22,63,0.017936625825384724
25,38,63,1.564864067225911e-6
7,56,63,NaN
31,31,62,0.0986538124916049
19,43,62,2.567686890854767e-5
29,33,62,7.45377203957617e-9
27,35,62,0.6728478147248717
32,30,62,0.048840600987570704
23,39,62,NaN
43,19,62,0.43273643551996727
27,35,62,NaN
44,18,62,NaN
45,17,62,0.9502481969910995
52,10,62,0.2054386262940906
25,37,62,0.3442477824976051
34,28,62,NaN
24,38,62,3.9582646792861415e-11
4,58,62,0.6706377302926072
40,22,62,0.16760749661921243
15,47,62,0.15407061357868015
11,51,62,0.015310519823788312
6,56,62,0.04631332256059672
28,33,61,0.7530834959868447
49,12,61,0.034605295647823726
25,36,61,0.007508422752857514
26,35,61,0.26858742133084
33,28,61,0.9303395484984559
39,22,61,0.9857872043507482
24,37,61,6.180298486483854e-8
45,16,61,0.00342173092135515
28,33,61,0.009852812584180401
36,25,61,0.0017056975609741594
24,37,61,NaN
30,31,61,0.44665438326500245
10,51,61,0.0004656160141463433
40,21,61,0.015729216158063
27,34,61,NaN
10,51,61,0.15407061357868015
22,39,61,NaN
55,6,61,0.32733357969176735
11,50,61,0.7087129780995387
20,41,61,0.007659580536912271
8,53,61,0.742601995273523
24,37,61,0.015568098191884375
50,11,61,0.002968079223927906
12,49,61,0.026633197699037787
33,28,61,0.0007230968240596877
25,36,61,0.030135545827633423
45,16,61,0.009960563448535915
10,51,61,0.06836663088971502
3,58,61,0.0858818465922206
7,54,61,0.5443418139345186
38,22,60,0.7139765398891018
26,34,60,0.0015667846091885263
29,31,60,NaN
46,14,60,0.035361873137155275
39,21,60,0.4920422445583172
30,30,60,NaN
35,25,60,0.09617459182405723
30,30,60,0.8113871633393612
17,43,60,NaN
31,29,60,0.000550702804763138
9,51,60,0.02200947430714948
16,44,60,0.8588724720922231
9,51,60,0.5053479537874754
4,56,60,1.4362995977519002e-10
11,48,59,0.05338838749999978
12,47,59,0.006330742305371628
27,32,59,0.0424252680614771
9,50,59,0.2054386262940906
26,33,59,NaN
29,30,59,0.7087129780995387
7,52,59,3.190272895130235e-5
22,37,59,0.07287517728397767
9,50,59,0.025757704329396617
34,25,59,0.6262845358313942
39,20,59,0.2678253369114638
13,46,59,0.0986538124916049
9,50,59,0.13349194201575146
10,49,59,0.0026454009803677132
48,10,58,0.17721222719246632
42,16,58,0.1150424729161512
37,21,58,1.3971407985569842e-13
22,36,58,NaN
42,16,58,3.9582646792861415e-11
29,29,58,0.06550998188758854
42,16,58,0.10959067946272881
7,51,58,0.039687384300341605
26,32,58,0.15407061357868015
26,32,58,0.8234957828997682
34,24,58,0.4539375028913418
21,37,58,0.004088110763221635
47,11,58,5.0585623939560856e-5
27,31,58,0.3083255412896143
9,49,58,0.05338838749999978
19,39,58,0.05338838749999978
23,35,58,0.09773626993744668
9,49,58,0.00014907006766578325
10,48,58,0.009410414330218242
22,36,58,0.05806418781468318
4,54,58,0.000157433147486846
10,48,58,0.33555840203951365
6,52,58,0.000332135254768059
16,41,57,NaN
22,35,57,8.57788662297594e-5
42,15,57,0.9602229766652525
26,31,57,0.8234957828997682
29,28,57,0.04958292692479676
26,31,57,NaN
21,36,57,0.0003958146889432268
47,10,57,0.0017360788705318168
25,32,57,NaN
45,12,57,0.8014691082975914
29,28,57,0.07287517728397767
33,24,57,0.00010732596684795717
17,40,57,0.0362159134008395
35,22,57,NaN
36,21,57,0.06273758667360736
33,24,57,0.9651417981331314
13,44,57,6.411872137681635e-7
10,47,57,2.7026059048531373e-5
36,21,57,0.034605295647823726
38,19,57,0.08491645534150608
17,40,57,7.337148932287862e-14
8,49,57,NaN
12,45,57,0.3709431853926272
26,31,57,0.028054046471325443
29,28,57,0.014942667772128899
25,32,57,0.023147816731056294
24,33,57,4.993808582484298e-7
2,55,57,7.9264770119146e-5
48,8,56,0.9854887762528594
42,14,56,0.056767035296253425
15,41,56,2.0652970560544747e-6
32,24,56,NaN
13,43,56,0.8453965225401804
21,35,56,0.17445279485036266
41,15,56,0.21251479845420065
22,34,56,0.034605295647823726
26,30,56,0.0062860971592633725
15,41,56,0.0073540095562388405
32,24,56,0.49162013627195345
24,32,56,NaN
42,14,56,0.019609132826726407
10,46,56,1.2902872630342077e-5
25,31,56,7.5361302669414e-8
32,24,56,0.014388625726857967
8,48,56,0.15407061357868015
39,17,56,0.30100237799746044
13,43,56,0.14384260812072366
20,36,56,1.0354792366919342e-6
13,43,56,0.04631332256059672
19,37,56,0.009960563448535915
5,51,56,0.8655008786900369
28,28,56,0.5376043881865737
24,32,56,0.7360940813771907
2,54,56,NaN
10,46,56,0.7736549046044264
7,49,56,0.00015993529122663796
3,53,56,0.9602229766652525
55,0,55,0.030135545827633423
25,30,55,NaN
27,28,55,0.006881518631884419
25,30,55,0.23488665575354659
29,26,55,2.7741338525945386e-6
21,34,55,0.5376043881865737
10,45,55,0.6282574491159135
19,36,55,0.003786784965284299
18,37,55,0.23609730939414558
37,18,55,0.5237126621375493
27,28,55,0.4005386570381844
17,38,55,0.0986538124916049
19,36,55,0.8453965225401804
38,17,55,0.5836556595239325
10,45,55,0.9747364638126857
7,48,55,0.0742289913647337
28,26,54,0.5836556595239325
34,20,54,0.06273758667360736
34,20,54,0.21546387641144452
44,10,54,0.004708926795579234
15,39,54,0.01028621887957385
33,21,54,NaN
26,28,54,NaN
27,27,54,0.017506486396776988
24,30,54,0.03028637865147429
27,27,54,0.0986538124916049
25,29,54,0.3099009652134965
17,37,54,0.0004906453481513372
22,32,54,NaN
23,31,54,NaN
9,45,54,0.0986538124916049
35,19,54,NaN
37,17,54,0.26570279939943386
2,52,54,0.07604425041492967
22,32,54,0.06273758667360736
34,20,54,0.48379146091726133
8,46,54,0.3709431853926272
32,22,54,0.4431893633910816
8,46,54,0.9420154260926907
29,25,54,NaN
9,45,54,0.009410414330218242
27,27,54,0.8234957828997682
5,49,54,0.00016295733357766438
5,49,54,0.04408913790551068
20,34,54,NaN
18,36,54,0.00010907793958538339
29,24,53,0.08491645534150608
17,36,53,0.06825832024275513
22,31,53,0.06253046803505934
29,24,53,0.07287517728397767
17,36,53,0.7051298368085447
28,25,53,1.5925933312987212e-5
33,20,53,5.751034469247144e-19
43,10,53,0.00013465040047332659
34,19,53,0.04769408161745412
21,32,53,NaN
24,29,53,1.1952797916702163e-17
31,22,53,0.020420145141475773
24,29,53,NaN
17,36,53,0.07287517728397767
27,26,53,0.027517649110844016
28,25,53,0.025269186283336423
23,30,53,0.6706377302926072
16,37,53,NaN
14,39,53,0.034605295647823726
38,15,53,0.04631332256059672
15,38,53,NaN
19,34,53,0.12419113446657558
24,29,53,0.8234957828997682
17,36,53,0.1150424729161512
17,36,53,9.239200075800735e-7
11,42,53,0.13349194201575146
16,37,53,0.00036651496671188927
16,37,53,0.7736549046044264
6,47,53,4.188050876719548e-7
8,45,53,0.009960563448535915
43,9,52,5.2815339071541944e-8
36,16,52,0.2530147886874959
11,41,52,0.001098826090055583
27,25,52,0.7087129780995387
12,40,52,0.8014691082975914
33,19,52,0.1202630378290652
34,18,52,0.13349194201575146
31,21,52,0.0003944154910269483
17,35,52,0.10201274680743368
30,22,52,NaN
15,37,52,0.2054386262940906
34,18,52,0.12143324926629123
27,25,52,0.04803385826481414
26,26,52,NaN
16,36,52,NaN
5,47,52,1.856044121166788e-5
29,23,52,0.07775722625347029
20,32,52,0.07259581018930455
4,48,52,0.8378896468177599
19,33,52,0.3099009652134965
29,23,52,0.9125702096206366
13,39,52,2.2724853541604568e-7
7,45,52,0.021748614488190814
14,38,52,0.3431536022143134
22,30,52,0.11189499474185173
21,31,52,0.7553236917611894
18,33,51,NaN
17,34,51,0.11429038713466247
15,36,51,0.0030661748595178615
31,20,51,0.012208859087535731
27,24,51,0.009410414330218242
26,25,51,0.00044118740839881705
23,28,51,0.15407061357868015
9,42,51,0.00012905993961786046
11,40,51,0.4431893633910816
18,33,51,0.029670163788013276
28,23,51,2.685763905398964e-7
27,24,51,NaN
28,23,51,NaN
35,16,51,0.22859618549916802
8,43,51,0.4093928704600997
23,28,51,0.6282574491159135
11,40,51,NaN
37,14,51,3.7940995420351194e-5
23,28,51,0.36712001990080156
7,44,51,0.8116996750966793
25,26,51,0.4431893633910816
10,41,51,0.0006744826538714286
16,35,51,0.34936774434310386
30,21,51,0.6646654546492102
32,19,51,0.2986285937495399
32,19,51,0.49267483951050317
20,31,51,0.0006628376774591056
17,33,50,0.0002404148107741333
30,20,50,0.28016605629487473
36,14,50,0.0071840843704333605
32,18,50,0.2872241089779341
26,24,50,0.38784994154361
25,25,50,0.4989416520420943
31,19,50,2.8332668128575434e-12
22,28,50,0.0002417460913684138
27,23,50,0.969735450682134
35,15,50,NaN
32,18,50,0.5836556595239325
32,18,50,0.034605295647823726
18,32,50,0.4759089677001277
36,14,50,0.2054386262940906
17,33,50,0.3099009652134965
25,25,50,NaN
33,17,50,2.998038735704324e-6
29,21,50,0.07337969762366643
24,26,50,0.07287517728397767
35,15,50,0.8999851143675383
30,20,50,NaN
18,32,50,0.0016574467163331255
31,19,50,0.4431893633910816
19,31,50,NaN
11,39,50,0.08491645534150608
11,39,50,0.5964217753113277
19,31,50,0.5836556595239325
25,25,50,0.013985304592307185
13,37,50,NaN
20,30,50,2.1244257431112348e-5
13,37,50,0.04706713735551563
15,35,50,0.4431893633910816
20,30,50,0.04033015306728301
21,29,50,0.13349194201575146
7,43,50,0.01847535943660575
11,39,50,0.2796673065136468
15,35,50,0.17721222719246632
9,41,50,0.1150424729161512
27,22,49,0.0036076768158992715
31,18,49,0.2578087705442621
33,16,49,0.00043278386043645484
11,38,49,0.5376043881865737
19,30,49,0.9290197578706562
21,28,49,0.2212838231811238
29,20,49,NaN
11,38,49,0.41031273571103277
26,23,49,NaN
22,27,49,0.2723000524553572
44,5,49,0.03600531066003351
37,12,49,0.5394895170084791
20,29,49,0.3950893865694002
20,29,49,0.0648367073071922
23,26,49,0.5027954784569378
27,22,49,0.6971572407356554
21,28,49,0.16124794988374605
22,27,49,0.04631332256059672
22,27,49,0.15224843783579525
26,23,49,0.3094015787645482
22,27,49,0.3282760899817998
20,29,49,0.06159577412681136
8,41,49,0.6706377302926072
11,38,49,2.5483878187957037e-6
7,42,49,0.10349318816970353
20,29,49,0.05507340176673581
20,29,49,NaN
6,43,49,0.06386644183741534
4,45,49,3.5956300231013654e-5
16,32,48,0.5836556595239325
27,21,48,0.5376043881865737
16,32,48,0.3950893865694002
38,10,48,0.6922821790147399
22,26,48,0.742601995273523
25,23,48,0.2911717351430362
6,42,48,0.8234957828997682
27,21,48,5.0632650125818515e-5
18,30,48,NaN
12,36,48,3.743776325370289e-9
32,16,48,0.2054386262940906
24,24,48,0.17277947467717505
33,15,48,0.742601995273523
8,40,48,0.07394073517734709
22,26,48,0.6282574491159135
21,27,48,0.38729874019670957
30,18,48,0.11473053539698141
27,21,48,NaN
16,32,48,0.0005526225390068666
20,28,48,NaN
10,38,48,6.509982146233267e-5
3,45,48,0.01706230455335727
34,13,47,0.2627536423933134
25,22,47,NaN
21,26,47,0.9006814952923105
39,8,47,0.35878059000311235
16,31,47,0.6192052063071919
35,12,47,0.0986538124916049
25,22,47,0.34936774434310386
15,32,47,0.5376043881865737
22,25,47,0.018869404350147737
26,21,47,3.072007988370701e-10
26,21,47,0.6282574491159135
20,27,47,0.4769898839411858
19,28,47,0.7108751268522836
34,13,47,0.002000265306122949
25,22,47,NaN
7,40,47,8.696561673182437e-5
29,18,47,NaN
15,32,47,NaN
23,24,47,0.3818744756463653
37,10,47,NaN
15,32,47,0.006753910259541396
20,27,47,0.05253814317421824
11,36,47,0.001120992580712033
14,33,47,0.8866378846274444
28,19,47,0.8999851143675383
27,20,47,0.6282574491159135
35,12,47,NaN
16,31,47,0.17456151440505316
28,19,47,0.3099009652134965
18,29,47,5.9100219496287153e-5
9,38,47,0.15407061357868015
18,29,47,0.8655008786900369
16,31,47,NaN
18,29,47,0.23117219088419527
20,27,47,0.5908603801861464
25,22,47,0.6717493485308755
16,31,47,0.8674984099415017
7,40,47,NaN
1,46,47,0.21064766428594006
5,42,47,NaN
24,23,47,0.7736549046044264
16,31,47,0.31605475827552115
24,23,47,0.0005283069160014404
9,38,47,0.00011973787692187008
26,20,46,0.7587984320152426
24,22,46,2.089517199125397e-5
21,25,46,6.8541614733374e-5
36,10,46,3.896447631295453e-28
19,27,46,0.00015425795371706494
21,25,46,0.8999851143675383
25,21,46,NaN
42,4,46,0.7736549046044264
24,22,46,NaN
33,13,46,0.9231116373525332
29,17,46,0.2723000524553572
18,28,46,NaN
13,33,46,0.537964995673772
7,39,46,0.3099009652134965
12,34,46,0.08491645534150608
15,31,46,NaN
31,15,46,NaN
9,37,46,NaN
20,26,46,0.002968079223927906
16,30,46,1.1895916965847004e-7
6,40,46,0.17721222719246632
30,16,46,0.17721222719246632
23,23,46,0.059835456579602986
39,7,46,0.0003878401127494684
23,23,46,0.0020112454768452326
34,12,46,0.22355652708219012
18,28,46,0.5836556595239325
28,18,46,0.9747364638126857
25,21,46,0.08478640351380158
20,26,46,0.0986538124916049
22,24,46,0.07287517728397767
12,34,46,0.0817335214037772
15,31,46,0.21382758387032283
29,17,46,0.08982472980856782
23,23,46,0.19963093001077112
32,14,46,0.17721222719246632
22,24,46,0.058109376409563866
28,18,46,0.9334058615004108
12,34,46,0.28142157428944753
18,28,46,NaN
6,40,46,0.7729078087358452
19,27,46,NaN
28,18,46,0.12803206053911856
14,32,46,0.4996454674962032
21,25,46,0.05249620977597322
21,25,46,0.9419054614977165
15,31,46,0.7782416209257682
22,24,46,NaN
20,26,46,0.012631485892539908
12,34,46,0.885568698359985
16,30,46,0.00029308825173654475
14,32,46,0.4431893633910816
10,36,46,0.2723000524553572
5,41,46,0.001132498103186695
14,32,46,NaN
20,26,46,0.011147134228187437
3,43,46,0.9602229766652525
14,32,46,0.5376043881865737
5,41,46,0.0011325486930946651
14,32,46,0.7321808076248695
5,41,46,0.0014167641008762631
10,36,46,0.34214529250818915
1,45,46,NaN
15,30,45,NaN
35,10,45,0.15220217020447768
15,30,45,7.698239572257529e-7
14,31,45,0.17721222719246632
13,32,45,0.23539301067611462
22,23,45,0.10219419482625654
21,24,45,0.08203046155086154
24,21,45,0.34936774434310386
16,29,45,0.13349194201575146
15,30,45,0.23609730939414558
17,28,45,0.33523097514901046
13,32,45,0.001122110886534094
17,28,45,NaN
23,22,45,0.12656879156488451
20,25,45,0.01505390884624504
16,29,45,0.5376043881865737
19,26,45,NaN
23,22,45,0.5320128272788487
19,26,45,0.4923831694437261
18,27,45,0.0986538124916049
34,11,45,0.8325876810947573
20,25,45,0.787062800744272
22,23,45,0.006472623740057991
12,33,45,0.0013295045733757451
21,24,45,0.25672896614432106
16,29,45,0.7393797959497095
10,35,45,0.041706623434505555
25,20,45,0.06871198345577055
6,39,45,0.0010438416817693053
20,25,45,0.6706377302926072
22,23,45,NaN
34,11,45,6.012165875654846e-8
22,23,45,0.742601995273523
13,32,45,0.5996592145052728
20,25,45,0.8014691082975914
6,39,45,NaN
41,4,45,0.00012762290782923464
10,35,45,0.8827667358654245
19,26,45,0.9854887762528594
8,37,45,0.2723000524553572
8,37,45,0.0853567036223003
7,38,45,NaN
18,27,45,0.03685286646733341
3,42,45,0.15766114439802914
6,39,45,0.4920422445583172
24,20,44,0.05338838749999978
27,17,44,0.06715468158790404
14,30,44,0.6541615525240818
25,19,44,0.029609813066557016
27,17,44,0.9259127289380245
7,37,44,0.8406976625716349
25,19,44,0.17805362610545192
28,16,44,0.0006455525868052453
10,34,44,0.05845315383550244
25,19,44,0.24385773939393943
28,16,44,0.5836556595239325
18,26,44,0.5614790894821813
29,15,44,0.5972485374840691
26,18,44,0.742601995273523
10,34,44,0.8234957828997682
27,17,44,NaN
13,31,44,0.11353617534915396
30,14,44,0.6282574491159135
17,27,44,0.5376043881865737
20,24,44,NaN
31,13,44,0.025688675504669942
11,33,44,0.3099009652134965
12,32,44,0.6282574491159135
20,24,44,0.9858287831334134
21,23,44,0.26049599005805885
18,26,44,1.1070787155065799e-10
7,37,44,NaN
15,29,44,0.03711259073748791
5,39,44,0.4431893633910816
7,37,44,NaN
24,20,44,0.8014691082975914
10,34,44,0.06273758667360736
9,35,44,0.5836556595239325
16,28,44,0.7892841081713157
6,38,44,0.003529032806505047
12,32,44,0.41903572910268094
19,24,43,0.9405257031659899
26,17,43,0.019720814884914877
16,27,43,0.12968599952481344
24,19,43,0.011728187514688076
19,24,43,0.6321647552631394
18,25,43,NaN
39,4,43,0.022788839113995187
15,28,43,0.4431893633910816
17,26,43,0.7733935458814877
6,37,43,0.039687384300341605
21,22,43,1.4536321590892035e-8
27,16,43,0.006330742305371628
23,20,43,0.015310519823788312
8,35,43,0.011147134228187437
21,22,43,0.20915855775622474
27,16,43,0.34061911845877363
17,26,43,0.009077679825958916
14,29,43,0.20116093207130745
19,24,43,NaN
16,27,43,0.004525960807216122
14,29,43,NaN
10,33,43,0.8569884441314649
20,23,43,0.5785338975896482
2,41,43,0.13349194201575146
5,38,43,0.0014547971088092729
22,21,43,1.3635840309609941e-5
5,38,43,0.004850951914015038
5,38,43,0.017936625825384724
8,35,43,0.8234957828997682
11,32,43,0.36629528285548774
2,41,43,0.039088478047831554
1,42,43,0.006330742305371628
31,11,42,0.1479390635061706
19,23,42,0.8847990976027443
16,26,42,0.009032338398903942
22,20,42,4.430577166511419e-11
12,30,42,0.25875757098729474
33,9,42,0.35587510978385445
21,21,42,0.3950893865694002
24,18,42,0.03466636273563518
32,10,42,0.7087129780995387
21,21,42,0.3937462367955817
17,25,42,0.3099009652134965
31,11,42,0.796651000258393
26,16,42,0.32212474214622455
35,7,42,0.8234957828997682
20,22,42,9.071719758067905e-5
23,19,42,NaN
27,15,42,0.12054676991868074
17,25,42,0.05338838749999978
27,15,42,0.7351837352524027
36,6,42,0.571708489643014
33,9,42,0.0011994601207712587
13,29,42,NaN
19,23,42,0.15357816981108446
27,15,42,0.42045234602032405
21,21,42,NaN
11,31,42,0.1787339304491182
23,19,42,0.5998908167924248
19,23,42,NaN
14,28,42,0.8453965225401804
16,26,42,0.04387592226239394
24,18,42,0.14320281838156182
25,17,42,0.014439831852842783
11,31,42,0.03225121898943955
30,12,42,0.039102752402008153
10,32,42,0.9152375708831951
27,15,42,0.995208307692048
27,15,42,0.08491645534150608
11,31,42,0.003097808976883203
22,20,42,0.049356676764255314
16,26,42,0.7087129780995387
6,36,42,0.6282574491159135
8,34,42,0.4920422445583172
5,37,42,0.01776161306023945
5,37,42,0.034572990775474204
7,35,42,0.0036025659501809464
6,36,42,0.41031273571103277
20,21,41,0.23609730939414558
28,13,41,0.36175292936459497
33,8,41,0.31934393335899997
24,17,41,0.004813960230890755
20,21,41,0.8358414486389854
23,18,41,0.4158685949124584
20,21,41,0.07897141198987563
10,31,41,0.0005566750809819639
27,14,41,NaN
26,15,41,0.3950893865694002
13,28,41,0.21224803214235136
19,22,41,NaN
15,26,41,0.17601132804502662
36,5,41,NaN
7,34,41,NaN
16,25,41,0.004350709776419697
25,16,41,0.6282574491159135
21,20,41,0.7736549046044264
24,17,41,0.9924179942680554
17,24,41,0.3099009652134965
17,24,41,NaN
20,21,41,NaN
7,34,41,0.8025017405387859
8,33,41,8.34012780179546e-10
15,26,41,0.009965127784986264
15,26,41,NaN
22,19,41,0.0986538124916049
16,25,41,NaN
21,20,41,NaN
12,29,41,0.3950893865694002
20,21,41,0.0017202185723001983
36,5,41,0.0015161301889072122
9,32,41,0.0023065602214620636
8,33,41,0.19882024256609493
17,24,41,NaN
28,13,41,0.34936774434310386
13,28,41,0.006330742305371628
25,16,41,0.2723000524553572
15,26,41,5.306204587031923e-5
18,23,41,0.06539970807100054
25,16,41,0.3950893865694002
13,28,41,0.25116702590412604
22,19,41,0.8234957828997682
5,36,41,0.06273758667360736
16,25,41,0.014888826643133662
12,29,41,0.6261565022242775
6,35,41,0.17721222719246632
2,39,41,NaN
16,24,40,0.5864855273661086
23,17,40,0.03126056848377486
11,29,40,0.24385773939393943
20,20,40,0.4363460779238944
24,16,40,NaN
11,29,40,0.8683914159589776
15,25,40,NaN
10,30,40,1.4980006167922477e-6
12,28,40,0.2212838231811238
10,30,40,0.03480969105047795
20,20,40,0.4125115060701261
11,29,40,0.2054386262940906
8,32,40,0.3726490463933616
9,31,40,0.2054386262940906
20,20,40,0.5257832782222397
18,22,40,0.3808079796135337
13,27,40,0.9677549750289749
27,13,40,0.002242511060957733
14,26,40,NaN
8,32,40,NaN
8,32,40,0.017936625825384724
8,32,40,0.17721222719246632
22,18,40,0.628578789405887
21,19,40,NaN
19,21,40,0.2077435855020005
23,17,40,0.4431893633910816
21,19,40,0.5026193436075063
10,30,40,NaN
21,19,40,2.2301167357659136e-5
15,25,40,0.8406976625716349
22,18,40,0.8014691082975914
33,7,40,0.7724672881147673
7,33,40,NaN
5,35,40,NaN
21,19,40,NaN
13,27,40,0.005615619831890152
10,30,40,NaN
20,20,40,0.4431893633910816
8,32,40,0.7782416209257682
19,21,40,0.04721246668156581
12,28,40,0.8014691082975914
9,31,40,0.10641670010487907
4,36,40,0.5334207446380278
5,35,40,0.9405257031659899
16,24,40,0.8453965225401804
16,24,40,NaN
24,16,40,0.0011690515806027696
7,33,40,0.07287517728397767
3,37,40,NaN
2,38,40,0.07221166106176251
20,19,39,0.999521924191444
21,18,39,0.2633203384625802
30,9,39,0.08491645534150608
15,24,39,0.8655008786900369
29,10,39,0.025688675504669942
28,11,39,0.8028355037286438
27,12,39,0.0032413485623554402
11,28,39,0.4431893633910816
36,3,39,NaN
23,16,39,NaN
29,10,39,0.4307527268908604
24,15,39,0.5376043881865737
21,18,39,NaN
19,20,39,0.13850700347748243
9,30,39,0.0006170754589749328
21,18,39,0.23609730939414558
14,25,39,0.8655008786900369
13,26,39,1.6332031334929276e-6
20,19,39,0.15554157854321574
20,19,39,0.16258386684724158
31,8,39,4.669533123369185e-14
18,21,39,0.5836556595239325
17,22,39,NaN
6,33,39,0.15407061357868015
36,3,39,0.6377261601505055
19,20,39,0.8173931785159745
5,34,39,0.7736549046044264
14,25,39,NaN
17,22,39,0.5771345326798111
20,19,39,0.8234957828997682
7,32,39,NaN
17,22,39,0.006247671970707351
33,6,39,0.4920422445583172
17,22,39,0.12594370467598567
24,15,39,NaN
19,20,39,0.6706377302926072
9,30,39,0.042558978280856634
4,35,39,0.004947428919127246
2,37,39,0.6706377302926072
5,34,39,NaN
12,27,39,0.32781893434501774
3,36,39,0.005552018118000547
15,23,38,0.006330742305371628
19,19,38,0.34936774434310386
23,15,38,0.05378419860850575
7,31,38,NaN
4,34,38,NaN
29,9,38,NaN
21,17,38,0.3099009652134965
22,16,38,NaN
6,32,38,0.6830315999270776
17,21,38,0.0007561375668073713
7,31,38,0.04772977569852225
25,13,38,0.5836556595239325
18,20,38,0.8706521212391154
10,28,38,0.2570127801540405
33,5,38,0.00029308825173654475
12,26,38,NaN
9,29,38,0.22509518767886436
24,14,38,0.4431893633910816
24,14,38,0.0029564466592714145
13,25,38,2.325297934213392e-11
15,23,38,0.5376043881865737
13,25,38,0.4431893633910816
13,25,38,0.012864584733972605
18,20,38,0.039687384300341605
12,26,38,6.434878887893901e-8
10,28,38,0.1498720870024619
15,23,38,0.9178228864159896
18,20,38,NaN
30,8,38,0.6010184351156217
25,13,38,0.10227728764454273
18,20,38,0.13349194201575146
16,22,38,0.313400286274764
16,22,38,0.8234957828997682
20,18,38,0.3099009652134965
15,23,38,NaN
14,24,38,0.1150424729161512
5,33,38,0.04631332256059672
17,21,38,0.7736549046044264
5,33,38,0.03299646206431275
4,34,38,0.14673251020558112
6,32,38,NaN
5,33,38,0.32899857899274376
3,35,38,0.29735414758444023
23,14,37,0.3950893865694002
28,9,37,0.10348610691442867
24,13,37,0.06202282800394735
26,11,37,0.021478449866149035
18,19,37,6.629262835819119e-10
16,21,37,0.24150772216285332
11,26,37,0.3099009652134965
23,14,37,0.0038137370618616024
23,14,37,0.16650711243225239
21,16,37,0.6282574491159135
26,11,37,0.0005180965757389616
12,25,37,0.9792471130868464
19,18,37,0.05216604826684771
18,19,37,0.0213685999999998
24,13,37,NaN
36,1,37,0.017936625825384724
18,19,37,0.0014537176984256715
15,22,37,0.5376043881865737
18,19,37,0.23078901940583207
23,14,37,0.9542366738839895
9,28,37,NaN
18,19,37,0.6706377302926072
12,25,37,NaN
15,22,37,0.7087129780995387
16,21,37,0.26173325294873806
20,17,37,0.6282574491159135
21,16,37,0.00389102925731458
13,24,37,0.6428656946838567
30,7,37,0.8453965225401804
23,14,37,0.0008776785449261525
21,16,37,0.6706377302926072
6,31,37,NaN
20,17,37,0.06273758667360736
21,16,37,NaN
18,19,37,NaN
6,31,37,0.5475551416317636
8,29,37,0.07287517728397767
6,31,37,2.8271439893036134e-8
13,24,37,0.186865544835872
26,11,37,0.13735601886034002
10,27,37,0.8827667358654245
18,19,37,0.2723000524553572
3,34,37,0.7087129780995387
17,20,37,0.34936774434310386
13,24,37,0.23609730939414558
2,35,37,0.15407061357868015
10,27,37,0.4677259048686959
4,33,37,0.15407061357868015
4,33,37,0.15407061357868015
11,26,37,0.29686648585192915
9,28,37,0.01917048928934768
10,27,37,0.08386219978127255
5,32,37,NaN
7,30,37,0.9010492197185451
1,36,37,7.850513110918951e-5
4,33,37,0.4431893633910816
3,34,37,0.3950893865694002
23,13,36,0.3667351859264944
16,20,36,NaN
13,23,36,0.3950893865694002
21,15,36,0.0009162463039572468
9,27,36,0.9544872266044392
7,29,36,0.08433472123493778
17,19,36,0.4386981024491241
20,16,36,NaN
21,15,36,0.742601995273523
9,27,36,0.0011735316422340108
20,16,36,0.1430052175232231
20,16,36,0.0869860194085335
3,33,36,0.9290197578706562
25,11,36,0.9930210242464805
29,7,36,NaN
22,14,36,0.5376043881865737
19,17,36,0.08719826954807107
16,20,36,0.09388374675933917
32,4,36,0.00389102925731458
14,22,36,0.018869404350147737
7,29,36,0.8950608914800451
22,14,36,0.026426437086794444
22,14,36,0.6414453342723963
14,22,36,0.28362371139151094
17,19,36,0.06043627202805332
16,20,36,0.5648276310836353
16,20,36,0.0022654960627099263
9,27,36,0.41414018890909854
28,8,36,NaN
13,23,36,0.007659580536912271
11,25,36,0.06195009585933841
14,22,36,NaN
11,25,36,NaN
18,18,36,0.06617221959180962
28,8,36,0.0372877557397745
23,13,36,NaN
13,23,36,0.8672629877552923
15,21,36,0.49793404983529665
12,24,36,NaN
18,18,36,2.0504385127990715e-7
30,6,36,0.039687384300341605
13,23,36,0.00021838257546885514
19,17,36,0.00038799515619704464
9,27,36,0.446857753215203
8,28,36,0.10114116941965826
23,13,36,0.5888608129789283
3,33,36,0.0756661762540849
24,12,36,0.2699291209514806
9,27,36,0.5829608430812807
30,6,36,0.7382138828028985
2,34,36,0.9152375708831951
7,29,36,0.17721222719246632
5,31,36,0.0005666473991040669
17,19,36,0.8014691082975914
21,15,36,NaN
12,24,36,NaN
9,27,36,0.0029732606536866874
19,17,36,4.6437864977895956e-8
11,25,36,0.07604425041492967
16,20,36,0.6742622780128283
6,30,36,0.6282574491159135
12,24,36,0.14898201475975623
5,31,36,NaN
4,32,36,0.7736549046044264
10,26,36,NaN
15,21,36,0.3099009652134965
2,34,36,0.8655008786900369
4,32,36,0.07287517728397767
6,30,36,0.058768055628563166
17,18,35,0.2723000524553572
17,18,35,0.011057998283255946
23,12,35,NaN
22,13,35,0.0493669072753492
10,25,35,0.09291817515542232
14,21,35,0.026289522826097218
24,11,35,NaN
14,21,35,NaN
24,11,35,0.742601995273523
15,20,35,0.0213685999999998
12,23,35,7.090526035716623e-7
18,17,35,0.08491645534150608
14,21,35,0.08491645534150608
28,7,35,3.838895165317435e-6
31,4,35,0.06402188895746795
27,8,35,1.498623058836246e-5
17,18,35,0.3543678855793283
8,27,35,0.07287517728397767
16,19,35,0.17721222719246632
9,26,35,NaN
11,24,35,0.9602229766652525
15,20,35,0.3099009652134965
29,6,35,NaN
13,22,35,0.09582780560316319
23,12,35,0.33069362891855536
25,10,35,0.08491645534150608
27,8,35,0.21744903340619906
13,22,35,0.17721222719246632
18,17,35,0.015310519823788312
13,22,35,0.34936774434310386
17,18,35,0.025791038806851574
14,21,35,0.8999851143675383
11,24,35,0.11598883991242408
12,23,35,NaN
18,17,35,0.016689855031477192
7,28,35,0.06674712198084172
7,28,35,0.4931704284254973
5,30,35,0.20153568469823854
18,17,35,NaN
24,11,35,0.00499225271869672
14,21,35,0.06180140668028046
15,20,35,0.049041323621137424
15,20,35,0.05338838749999978
21,14,35,0.007659580536912271
14,21,35,0.8655008786900369
22,13,35,0.7524025957377884
17,18,35,6.834480248693401e-5
17,18,35,NaN
19,16,35,0.1789135598175948
7,28,35,0.7087129780995387
20,15,35,0.13829333464422738
13,22,35,0.8014691082975914
10,25,35,0.10020394725312155
13,22,35,0.45025816961200144
2,33,35,0.007659580536912271
8,27,35,0.039687384300341605
3,32,35,0.0986538124916049
9,26,35,8.105528946357295e-7
20,15,35,NaN
10,25,35,NaN
18,17,35,NaN
13,22,35,0.08013696431026897
12,23,35,0.24045817839546657
21,14,35,0.22585560419770323
5,30,35,0.3099009652134965
3,32,35,0.004850951914015038
10,25,35,0.5836556595239325
13,22,35,0.12309316696859075
12,23,35,0.07287517728397767
16,19,35,0.3950893865694002
9,26,35,0.28362371139151094
19,16,35,0.005929999398053397
16,19,35,0.030135545827633423
7,28,35,0.07518810556453227
5,30,35,0.9405257031659899
6,29,35,0.5759334240031384
3,32,35,0.0006872934341416164
19,15,34,0.6168189214495243
21,13,34,0.015310519823788312
15,19,34,0.5928380289824274
16,18,34,0.5376043881865737
10,24,34,0.15407061357868015
10,24,34,0.9144375543719293
19,15,34,0.15407061357868015
16,18,34,0.0986538124916049
32,2,34,0.5376043881865737
18,16,34,0.23609730939414558
19,15,34,0.013310363791676372
17,17,34,0.7239472569736277
28,6,34,5.948796218522843e-11
22,12,34,0.07287517728397767
22,12,34,0.021679940890230256
3,31,34,NaN
6,28,34,0.8088658317473326
24,10,34,NaN
11,23,34,0.17721222719246632
25,9,34,0.7736549046044264
26,8,34,0.0011756183323372985
23,11,34,0.056979290024725786
18,16,34,0.7736549046044264
10,24,34,0.3099009652134965
12,22,34,0.9961026393179793
22,12,34,0.0008978517189194121
14,20,34,0.0136164977874886
24,10,34,0.845354884774467
4,30,34,NaN
27,7,34,0.016303113846255136
14,20,34,0.5099233611837825
28,6,34,0.1368634851212866
12,22,34,0.021667746779768734
19,15,34,0.009127228372476539
7,27,34,NaN
21,13,34,0.07287517728397767
14,20,34,NaN
18,16,34,3.2832000843859417e-12
24,10,34,0.6153149557950289
7,27,34,0.5836556595239325
8,26,34,0.014313836420411898
18,16,34,0.34936774434310386
6,28,34,0.17721222719246632
8,26,34,NaN
15,19,34,0.9507681516607924
6,28,34,0.05960145864117855
7,27,34,0.01626436856635733
10,24,34,0.23609730939414558
20,14,34,0.38056781232972187
18,16,34,NaN
7,27,34,0.742601995273523
5,29,34,8.293558639664189e-5
8,26,34,7.257486702609103e-6
14,20,34,NaN
14,20,34,0.087524065888884
9,25,34,0.7087129780995387
6,28,34,0.9361431540215991
19,15,34,0.289417288312869
8,26,34,0.3950893865694002
11,23,34,2.027065358114047e-5
2,32,34,NaN
19,15,34,NaN
4,30,34,0.9890426773313062
14,20,34,0.218151559986599
14,20,34,0.6976475188877634
5,29,34,0.8173931785159745
7,27,34,0.029498739858420813
8,26,34,0.5376043881865737
4,30,34,NaN
3,31,34,NaN
7,27,34,NaN
24,9,33,0.45146119154170916
18,15,33,0.6282574491159135
20,13,33,0.4431893633910816
9,24,33,NaN
5,28,33,0.12696197990492475
15,18,33,0.5214992026639557
17,16,33,NaN
20,13,33,0.2723000524553572
14,19,33,0.025688675504669942
13,20,33,NaN
18,15,33,0.23609730939414558
18,15,33,0.21156299275348556
24,9,33,0.3146053024404584
12,21,33,0.015459875456448696
14,19,33,NaN
19,14,33,0.044715664243334924
18,15,33,0.9358698265093076
25,8,33,0.062095167801218924
15,18,33,0.4920422445583172
13,20,33,0.22355652708219012
15,18,33,NaN
12,21,33,0.5836556595239325
31,2,33,6.630205270607858e-8
14,19,33,0.8711312280816852
9,24,33,0.4920422445583172
16,17,33,9.430498335381657e-6
14,19,33,0.14393670755175214
19,14,33,0.8827667358654245
17,16,33,NaN
24,9,33,NaN
15,18,33,0.3099009652134965
10,23,33,0.8827667358654245
11,22,33,0.9747364638126857
11,22,33,0.7973547641585087
7,26,33,0.5376043881865737
16,17,33,0.17721222719246632
21,12,33,0.32219507027792454
12,21,33,NaN
15,18,33,0.8725301319156903
16,17,33,NaN
12,21,33,0.423426323743725
17,16,33,NaN
11,22,33,0.7150035717501688
13,20,33,0.9361325552783685
12,21,33,0.5376043881865737
23,10,33,0.9602229766652525
9,24,33,0.11290276283795812
17,16,33,0.00023100008357023507
17,16,33,0.5911318666643923
14,19,33,0.23864089585338757
19,14,33,5.104121909719829e-6
13,20,33,0.21363952680595336
24,9,33,NaN
23,10,33,0.34936774434310386
19,14,33,NaN
12,21,33,0.07287517728397767
21,12,33,0.00389102925731458
11,22,33,NaN
19,14,33,NaN
16,17,33,NaN
12,21,33,0.8999851143675383
3,30,33,0.8453965225401804
8,25,33,0.08193482009776315
11,22,33,0.5376043881865737
8,25,33,4.1280214757878285e-7
10,23,33,0.04408913790551068
2,31,33,5.000397136277388e-7
14,19,33,0.742601995273523
4,29,33,2.106541240911691e-5
1,32,33,NaN
2,31,33,0.5376043881865737
0,33,33,0.13126192924617558
15,17,32,0.9290197578706562
15,17,32,0.5242123202904241
30,2,32,NaN
14,18,32,0.036920227442033667
15,17,32,0.3099009652134965
16,16,32,0.7246929019561478
20,12,32,0.9507681516607924
11,21,32,0.9136106776395371
15,17,32,0.8159495169472553
24,8,32,0.03700415612684235
17,15,32,0.2723000524553572
21,11,32,0.017936625825384724
18,14,32,0.5417385990360495
15,17,32,0.34486305165804204
15,17,32,NaN
16,16,32,0.5078924985329124
13,19,32,0.5970163558073425
21,11,32,0.7267608258260125
6,26,32,0.025688675504669942
25,7,32,1.0805721931971144e-5
14,18,32,0.02984682203373738
26,6,32,0.6706377302926072
18,14,32,0.009410414330218242
18,14,32,9.877272038854402e-11
13,19,32,0.5836556595239325
16,16,32,0.2054386262940906
24,8,32,NaN
5,27,32,NaN
11,21,32,0.9152375708831951
11,21,32,0.34314143290078924
25,7,32,NaN
16,16,32,0.2723000524553572
18,14,32,0.5792531308833306
7,25,32,0.49166317088551487
6,26,32,0.1701537677975383
10,22,32,NaN
14,18,32,0.006330742305371628
10,22,32,0.23609730939414558
13,19,32,0.012595421378704483
12,20,32,0.10447368240697602
15,17,32,0.9366617101591868
16,16,32,0.1150424729161512
14,18,32,0.3762070036213956
13,19,32,0.4426192577630931
14,18,32,0.0039060608774050074
13,19,32,0.9854887762528594
8,24,32,NaN
11,21,32,0.013988094179113189
21,11,32,0.034605295647823726
6,26,32,0.03535134327975827
18,14,32,0.44422682046974044
21,11,32,NaN
19,13,32,0.6706377302926072
9,23,32,0.0010175302143399935
20,12,32,NaN
32,0,32,0.9772504151454251
13,19,32,0.26637236416321813
21,11,32,0.7010708008159791
9,23,32,3.1282224505101814e-6
11,21,32,0.6282574491159135
1,31,32,0.0011891090972898843
12,20,32,0.004002631844032721
6,26,32,0.0021476615869979523
9,23,32,0.14449775741252463
5,27,32,0.8014691082975914
6,26,32,0.2723000524553572
14,18,32,0.5434810654270791
7,25,32,0.41133872468783605
12,20,32,0.034605295647823726
15,17,32,0.005132182981762697
12,20,32,NaN
12,20,32,0.08327293336939684
9,23,32,NaN
5,27,32,0.07287517728397767
4,28,32,0.002029293149265397
4,28,32,0.6706377302926072
2,30,32,0.3035095740171681
13,19,32,4.0174560124707106e-5
4,28,32,0.0003239771661973513
1,31,32,0.2973881078909692
4,28,32,0.011525465864607686
3,29,32,0.04631332256059672
11,20,31,0.8827667358654245
30,1,31,0.07287517728397767
21,10,31,0.0236765121248944
16,15,31,0.15407061357868015
9,22,31,0.9290197578706562
12,19,31,0.1150424729161512
19,12,31,0.2723000524553572
21,10,31,0.35573415286357374
21,10,31,5.6447075894599846e-8
22,9,31,0.10054208409389379
13,18,31,0.04109368176603838
12,19,31,NaN
17,14,31,0.3099009652134965
11,20,31,0.9405257031659899
8,23,31,0.0026613109475792786
21,10,31,0.19422606793520034
12,19,31,0.3099009652134965
21,10,31,1.2560426076741342e-9
15,16,31,NaN
24,7,31,0.1875303086127085
15,16,31,0.7086167898528217
19,12,31,0.1744436609691211
27,4,31,0.009077679825958916
28,3,31,0.003761288401236738
28,3,31,0.6282574491159135
8,23,31,0.5439393435862536
12,19,31,0.6571344285064372
14,17,31,0.3099009652134965
12,19,31,0.15407061357868015
12,19,31,0.7087129780995387
20,11,31,0.9152375708831951
29,2,31,0.9874401714481251
19,12,31,0.5376043881865737
23,8,31,0.013223272625552363
7,24,31,0.47284601648671054
17,14,31,0.010984492660681813
17,14,31,NaN
10,21,31,NaN
13,18,31,NaN
10,21,31,0.6706377302926072
9,22,31,NaN
10,21,31,0.17721222719246632
18,13,31,0.8655008786900369
10,21,31,0.11805827274907418
18,13,31,7.676645116198553e-8
6,25,31,0.17721222719246632
10,21,31,NaN
29,2,31,0.013161685936583985
23,8,31,NaN
8,23,31,0.555861962583785
11,20,31,0.1493018157974958
15,16,31,NaN
16,15,31,0.16457356752610897
19,12,31,0.37469342516468357
17,14,31,0.8697347812505134
6,25,31,0.00012857442325185818
6,25,31,0.655889610926832
16,15,31,0.28446880951375275
14,17,31,0.00461492798750183
17,14,31,0.3950893865694002
17,14,31,0.9290197578706562
8,23,31,0.20153568469823854
14,17,31,0.2020988893254995
6,25,31,0.0986538124916049
10,21,31,0.016974801411769273
13,18,31,0.03301946913870495
10,21,31,NaN
2,29,31,1.2872279875297815e-6
16,15,31,NaN
3,28,31,0.873199510309821
9,22,31,0.05309958265696714
13,18,31,0.996109792408719
3,28,31,0.5836556595239325
1,30,31,0.06273758667360736
15,16,31,2.37303574106733e-6
4,27,31,NaN
5,26,31,0.5173026363369106
5,26,31,0.4431893633910816
3,28,31,0.016712078428712925
3,28,31,0.006809822135363483
4,27,31,0.28979773902453343
4,27,31,0.26173325294873806
1,30,31,0.5176619422924003
11,19,30,0.0001580498443465695
8,22,30,0.05338838749999978
10,20,30,0.005165405896384036
10,20,30,0.8406976625716349
11,19,30,0.0007679396366353168
16,14,30,0.3950893865694002
20,10,30,0.46176889683837213
23,7,30,NaN
19,11,30,0.7061473557960621
18,12,30,0.4876834703604427
14,16,30,0.019003969573037224
19,11,30,0.027283091254277077
16,14,30,0.13349194201575146
10,20,30,NaN
18,12,30,NaN
22,8,30,0.4431893633910816
16,14,30,NaN
18,12,30,0.4564580159850586
7,23,30,0.04988958298172707
14,16,30,0.5836556595239325
22,8,30,0.017232942611592868
18,12,30,NaN
11,19,30,0.2723000524553572
20,10,30,0.007659580536912271
12,18,30,0.742601995273523
20,10,30,0.0006668169573010945
3,27,30,0.07287517728397767
12,18,30,NaN
10,20,30,0.16895100747065075
14,16,30,0.14794191230388354
20,10,30,0.35445910597925623
13,17,30,0.5376043881865737
18,12,30,0.6821672614102602
15,15,30,0.9152375708831951
10,20,30,NaN
16,14,30,0.17721222719246632
20,10,30,0.4431893633910816
24,6,30,0.9507681516607924
10,20,30,8.16996379017735e-5
23,7,30,0.015310519823788312
6,24,30,0.3099009652134965
8,22,30,0.8166667848481737
20,10,30,0.6936946396403417
20,10,30,0.3950893865694002
16,14,30,NaN
15,15,30,0.01501353077340793
7,23,30,0.3950893865694002
12,18,30,NaN
10,20,30,6.365304012747707e-5
4,26,30,0.1954311891275067
10,20,30,0.10311433585424773
8,22,30,0.009565230269904686
18,12,30,NaN
9,21,30,2.138941918253073e-6
16,14,30,0.17630129160209831
11,19,30,0.34936774434310386
10,20,30,0.02603996740568892
12,18,30,0.10495212955126744
6,24,30,0.5762564426346805
13,17,30,0.05729096778251577
14,16,30,0.04631332256059672
13,17,30,0.6282574491159135
11,19,30,0.00432214683769047
12,18,30,0.3099009652134965
17,13,30,0.5032231119458873
12,18,30,0.05338838749999978
5,25,30,0.6706377302926072
11,19,30,0.007965165494164952
4,26,30,NaN
7,23,30,0.4920422445583172
6,24,30,NaN
7,23,30,0.09034152642195198
6,24,30,0.0017495005399193997
6,24,30,NaN
17,13,30,0.10766527934530898
12,18,30,0.5194568565067373
6,24,30,0.2659341884535959
8,22,30,NaN
5,25,30,0.00047284809377902236
5,25,30,0.013405952567021765
4,26,30,NaN
3,27,30,0.0053459147286812475
4,26,30,NaN
2,28,30,0.030135545827633423
4,26,30,NaN
2,28,30,0.039687384300341605
6,24,30,0.16876986816856795
1,29,30,NaN
16,13,29,0.15243249054708422
15,14,29,0.0005008334201015355
17,12,29,0.039687384300341605
18,11,29,NaN
12,17,29,NaN
15,14,29,0.012807884056653016
9,20,29,0.025865506216101057
20,9,29,0.9999976028923674
15,14,29,4.0796848976307836e-6
14,15,29,NaN
27,2,29,0.004088110763221635
21,8,29,0.0019252211450331866
13,16,29,0.6010184351156217
18,11,29,NaN
10,19,29,0.8234957828997682
12,17,29,NaN
17,12,29,0.36350797059450685
9,20,29,0.02295407265068312
8,21,29,NaN
16,13,29,NaN
13,16,29,0.006693358841268148
6,23,29,0.8073648132257375
11,18,29,0.8827667358654245
14,15,29,0.7087129780995387
9,20,29,0.6239950808766952
19,10,29,0.4920422445583172
14,15,29,1.0910458196092983e-7
13,16,29,NaN
14,15,29,0.7520612556561603
13,16,29,0.9890426773313062
20,9,29,0.8655008786900369
17,12,29,0.9854887762528594
23,6,29,0.0001264438134009806
8,21,29,NaN
20,9,29,0.11754513550399039
18,11,29,0.050044426788438075
15,14,29,0.00042247644415221286
16,13,29,0.02760263468624471
8,21,29,0.0003436128554260474
15,14,29,NaN
27,2,29,4.1635141545103275e-19
12,17,29,0.03489394097500693
19,10,29,0.0002245537697130284
12,17,29,0.2054386262940906
27,2,29,0.34936774434310386
16,13,29,0.13349194201575146
12,17,29,0.13349194201575146
13,16,29,0.7736549046044264
16,13,29,0.04631332256059672
16,13,29,0.7087129780995387
21,8,29,0.002450610612918717
10,19,29,0.9377955270370774
12,17,29,0.6192052063071919
15,14,29,0.06507700262943619
16,13,29,0.016445678326269704
12,17,29,NaN
14,15,29,0.6706377302926072
17,12,29,0.034605295647823726
10,19,29,NaN
12,17,29,0.029262379715363645
16,13,29,0.8579270333282905
20,9,29,7.689889741258758e-6
11,18,29,0.024094582661919776
19,10,29,NaN
22,7,29,0.3886225844202365
10,19,29,0.04514834602952484
12,17,29,0.08491645534150608
14,15,29,0.7087129780995387
14,15,29,NaN
13,16,29,0.9677549750289749
7,22,29,0.34145131885771773
4,25,29,0.45701725506744517
3,26,29,0.5836556595239325
10,19,29,0.3099009652134965
7,22,29,0.002119519296857416
12,17,29,0.030135545827633423
11,18,29,0.5445549627098905
18,11,29,0.7940278758964897
10,19,29,0.08491645534150608
9,20,29,0.8692264648165894
7,22,29,0.17721222719246632
4,25,29,0.3099009652134965
22,7,29,0.0003598985113732618
15,14,29,0.06289705616582954
3,26,29,0.5517085388894106
5,24,29,0.07287517728397767
9,20,29,0.008786718497274776
13,16,29,0.6706377302926072
8,21,29,0.12627597311657496
12,17,29,0.02915907780850304
13,16,29,0.6211516538005528
13,16,29,0.0005021290526239604
5,24,29,NaN
5,24,29,0.8453965225401804
7,22,29,0.18965160499079806
17,12,29,NaN
11,18,29,0.28760965805886335
11,18,29,0.062095167801218924
5,24,29,0.6282574491159135
10,19,29,0.7830812662830229
10,19,29,0.8999851143675383
9,20,29,0.0027656770306310587
6,23,29,0.034572990775474204
12,17,29,0.4431893633910816
14,15,29,0.26332422093869345
4,25,29,NaN
5,24,29,NaN
3,26,29,1.4441506536791835e-5
22,6,28,0.21529367545549444
18,10,28,0.06471860380312704
16,12,28,NaN
13,15,28,0.5836556595239325
16,12,28,0.6282574491159135
15,13,28,NaN
15,13,28,0.8014691082975914
19,9,28,NaN
7,21,28,0.742601995273523
10,18,28,0.268651617675904
15,13,28,0.24385773939393943
11,17,28,0.6600239791927005
13,15,28,0.742601995273523
22,6,28,0.005056982461720436
14,14,28,0.8380878629651787
16,12,28,9.391614414575631e-6
6,22,28,NaN
12,16,28,0.030135545827633423
12,16,28,0.019400645343705825
16,12,28,0.0011325486930946651
20,8,28,0.7128349650146075
23,5,28,0.5836556595239325
22,6,28,6.911791743275971e-8
10,18,28,0.9677549750289749
18,10,28,0.000942722184915334
22,6,28,7.698239572257529e-7
17,11,28,0.049356676764255314
10,18,28,NaN
20,8,28,0.4431893633910816
15,13,28,0.08113498715316665
16,12,28,0.742601995273523
10,18,28,0.19289937611235264
16,12,28,0.542580852050178
8,20,28,0.05338838749999978
11,17,28,0.17721222719246632
6,22,28,0.07343073486867732
22,6,28,NaN
16,12,28,0.8234957828997682
3,25,28,0.21671491255870806
21,7,28,0.034605295647823726
16,12,28,NaN
12,16,28,0.5836556595239325
21,7,28,0.31135623443839827
8,20,28,NaN
5,23,28,NaN
5,23,28,0.34936774434310386
17,11,28,NaN
14,14,28,0.6282574491159135
6,22,28,0.00548418658024285
21,7,28,7.807400337288218e-7
17,11,28,0.5318799723330705
8,20,28,0.009410414330218242
12,16,28,0.9187525145198451
13,15,28,0.4754031642182873
8,20,28,0.05338838749999978
9,19,28,0.3950893865694002
21,7,28,NaN
13,15,28,NaN
10,18,28,NaN
5,23,28,0.0001560148358768048
14,14,28,NaN
5,23,28,NaN
15,13,28,NaN
8,20,28,2.6597394312071086e-5
16,12,28,0.9973337228935019
18,10,28,NaN
7,21,28,0.02026253229693633
26,2,28,0.8816425487364998
17,11,28,0.0002628971361926713
10,18,28,1.38717094304321e-5
16,12,28,3.25940232164686e-6
6,22,28,NaN
17,11,28,0.829046709666691
10,18,28,0.8655008786900369
13,15,28,0.07287517728397767
9,19,28,0.4431893633910816
4,24,28,0.25611170141270495
7,21,28,0.0020176618649927042
11,17,28,0.06273758667360736
14,14,28,0.06578178432077637
8,20,28,0.835744162558064
13,15,28,0.742601995273523
11,17,28,2.1769681114449396e-10
5,23,28,NaN
4,24,28,0.08491645534150608
15,13,28,0.34936774434310386
7,21,28,0.7087129780995387
4,24,28,0.655889610926832
6,22,28,0.9602229766652525
8,20,28,NaN
3,25,28,0.003347519355390683
0,28,28,0.6405985409389819
19,8,27,0.4431893633910816
14,13,27,NaN
11,16,27,0.017936625825384724
17,10,27,0.4920422445583172
20,7,27,0.027999361528245663
20,7,27,0.761990385562885
14,13,27,0.0986538124916049
16,11,27,7.160782476394704e-10
7,20,27,0.05338838749999978
10,17,27,0.9809153258638088
14,13,27,0.5460279873830218
14,13,27,0.01156170234683403
13,14,27,0.8014691082975914
17,10,27,NaN
13,14,27,NaN
21,6,27,0.5538065211128422
15,12,27,NaN
17,10,27,0.742601995273523
11,16,27,0.6090794428870471
23,4,27,2.259210954531652e-9
14,13,27,0.9747364638126857
15,12,27,0.9152375708831951
21,6,27,0.0854844645469176
18,9,27,0.13349194201575146
5,22,27,0.7736549046044264
1,26,27,0.5836556595239325
18,9,27,0.13695719297109646
22,5,27,0.15407061357868015
15,12,27,0.15407061357868015
11,16,27,0.32556805611024975
16,11,27,0.34936774434310386
19,8,27,NaN
22,5,27,0.1264012769195121
24,3,27,0.0017056975609741594
21,6,27,0.5836556595239325
14,13,27,NaN
14,13,27,0.5376043881865737
16,11,27,0.5376043881865737
11,16,27,0.7033129385006793
9,18,27,0.9290197578706562
10,17,27,0.1150424729161512
7,20,27,0.2895017504498408
16,11,27,0.0075450118105394644
14,13,27,0.867473333644441
19,8,27,0.07654754500363287
9,18,27,0.3950893865694002
7,20,27,0.5376043881865737
6,21,27,0.08491645534150608
14,13,27,0.17721222719246632
9,18,27,0.8827667358654245
16,11,27,NaN
7,20,27,0.32212474214622455
10,17,27,0.7087129780995387
6,21,27,0.06754665291193684
5,22,27,0.04631332256059672
15,12,27,NaN
10,17,27,0.00013686246735195118
21,6,27,0.23609730939414558
15,12,27,0.003783729586338395
16,11,27,0.537964995673772
17,10,27,0.8234957828997682
14,13,27,0.9843384028410904
11,16,27,0.6706377302926072
12,15,27,0.742601995273523
9,18,27,0.8531506896395042
15,12,27,0.9747364638126857
17,10,27,0.5376043881865737
10,17,27,0.9290298790669765
9,18,27,0.742601995273523
9,18,27,0.005970893985018267
12,15,27,0.02189708256271659
13,14,27,0.01484472820338145
4,23,27,0.039687384300341605
17,10,27,0.016468326113998517
17,10,27,NaN
6,21,27,0.007661763221091821
7,20,27,NaN
6,21,27,0.3099009652134965
5,22,27,NaN
9,18,27,NaN
11,16,27,NaN
11,16,27,0.8234957828997682
13,14,27,0.2054386262940906
13,14,27,0.2723000524553572
7,20,27,0.006330742305371628
5,22,27,NaN
7,20,27,0.9152375708831951
2,25,27,0.8014691082975914
6,21,27,0.2561058057868173
9,18,27,0.13349194201575146
8,19,27,0.591743164673726
3,24,27,0.5376043881865737
2,25,27,NaN
1,26,27,0.00018958685314005122
3,24,27,0.3026620988001992
3,24,27,NaN
3,24,27,NaN
2,25,27,NaN
2,25,27,0.29587219170465473
1,26,27,0.013166985494505864
1,26,27,0.7736549046044264
1,26,27,0.015310519823788312
0,27,27,NaN
13,13,26,0.3870824052449081
11,15,26,NaN
24,2,26,0.1435471524582614
16,10,26,0.4877135953112917
10,16,26,0.6386897156232747
10,16,26,0.39283419662162666
16,10,26,3.508193378829313e-7
12,14,26,0.23864089585338757
16,10,26,NaN
6,20,26,0.31135623443839827
17,9,26,0.9290197578706562
5,21,26,2.074537860154186e-7
8,18,26,0.04466267646976988
23,3,26,0.32030124857773207
6,20,26,7.035740330168708e-6
6,20,26,0.8769484157353923
16,10,26,0.6706377302926072
8,18,26,0.9809153258638088
8,18,26,0.8827667358654245
6,20,26,0.9255800910743806
12,14,26,0.004647876392904301
10,16,26,0.8234957828997682
15,11,26,NaN
4,22,26,0.2054386262940906
11,15,26,0.6079974523565005
15,11,26,0.32211600710476807
4,22,26,0.13349194201575146
13,13,26,0.8655008786900369
11,15,26,0.9152375708831951
9,17,26,0.46704932401459204
8,18,26,0.1615518919291289
19,7,26,0.00014371615758057132
11,15,26,0.2723000524553572
19,7,26,0.2917104981615383
15,11,26,0.34936774434310386
10,16,26,NaN
5,21,26,0.7594198290579929
15,11,26,0.655003023269391
4,22,26,0.004248651612227624
6,20,26,NaN
12,14,26,NaN
13,13,26,NaN
16,10,26,0.039687384300341605
8,18,26,1.1252891466546606e-6
10,16,26,0.4429907513721352
14,12,26,0.034605295647823726
19,7,26,0.8234957828997682
4,22,26,0.1479390635061706
10,16,26,0.18304710256058715
19,7,26,0.7840402327696617
8,18,26,0.8655008786900369
15,11,26,0.1150424729161512
14,12,26,0.3950893865694002
12,14,26,0.02156819776339223
12,14,26,0.07973172636494655
2,24,26,0.002067491339227249
15,11,26,0.02564249279044972
8,18,26,0.2054386262940906
13,13,26,0.34936774434310386
10,16,26,0.36100934249387956
9,17,26,0.0005550023266503767
8,18,26,NaN
11,15,26,NaN
10,16,26,0.006879380033162812
4,22,26,0.1953056234327743
10,16,26,0.33470117574473707
14,12,26,0.036561850161673536
12,14,26,0.961487403285165
18,8,26,0.34936774434310386
15,11,26,NaN
16,10,26,0.44453280815803675
5,21,26,0.8014691082975914
16,10,26,1.4552978951722696e-9
7,19,26,0.12803206053911856
2,24,26,NaN
2,24,26,0.06273758667360736
2,24,26,0.007569970996220154
11,15,26,0.7388620492770465
12,14,26,0.9290197578706562
14,12,26,0.011199258863562205
5,21,26,0.17721222719246632
3,23,26,0.0986538124916049
12,14,26,0.23609730939414558
7,19,26,0.9231116373525332
11,15,26,NaN
3,23,26,0.13349194201575146
15,11,26,0.8827667358654245
13,13,26,NaN
2,24,26,0.23609730939414558
3,23,26,0.6207778282210613
7,19,26,0.3099009652134965
4,22,26,0.7360451979367806
12,14,26,0.01028621887957385
7,19,26,7.230092075123293e-8
6,20,26,1.035513163652882e-11
9,17,26,0.07287517728397767
7,19,26,NaN
4,22,26,0.011147134228187437
8,18,26,NaN
3,23,26,0.030135545827633423
2,24,26,NaN
7,19,26,NaN
8,18,26,0.6282574491159135
2,24,26,0.025688675504669942
4,22,26,0.4920422445583172
4,22,26,0.6822874249018781
1,25,26,0.15407061357868015
4,22,26,0.04744257805743604
0,26,26,0.4920422445583172
6,19,25,0.07287517728397767
21,4,25,0.9384840382204946
17,8,25,NaN
13,12,25,0.09230452285559228
15,10,25,0.20591990883588396
14,11,25,NaN
15,10,25,0.8014691082975914
6,19,25,0.4431893633910816
9,16,25,0.000552705523618137
20,5,25,0.17721222719246632
18,7,25,0.0015992387254531637
12,13,25,0.04074566498725387
7,18,25,0.8684716776827233
17,8,25,0.9507681516607924
12,13,25,0.2054386262940906
5,20,25,0.14567115639035255
10,15,25,NaN
6,19,25,0.001171665896857988
4,21,25,0.00010318602680500399
11,14,25,0.3950893865694002
17,8,25,0.032829442290983626
9,16,25,0.2460220487234367
7,18,25,NaN
10,15,25,NaN
13,12,25,NaN
12,13,25,0.2604725297644697
20,5,25,0.0837550502146186
5,20,25,0.4431893633910816
18,7,25,0.11744600995416542
17,8,25,0.6282574491159135
6,19,25,0.7087129780995387
17,8,25,0.5836556595239325
14,11,25,0.37821744308679456
4,21,25,0.18965160499079806
16,9,25,0.0003944154910269483
3,22,25,0.34936774434310386
10,15,25,0.07122369284003405
14,11,25,0.034605295647823726
10,15,25,0.9808954329896175
15,10,25,0.16876986816856795
13,12,25,0.013166985494505864
17,8,25,0.0986538124916049
11,14,25,0.1511754849623125
14,11,25,0.07696517432822038
6,19,25,0.7736549046044264
14,11,25,0.04950335520937941
16,9,25,0.8787771666078673
15,10,25,0.06273758667360736
10,15,25,0.42583155966787667
7,18,25,0.8014691082975914
16,9,25,0.9602229766652525
14,11,25,0.17721222719246632
19,6,25,0.8453965225401804
18,7,25,0.039687384300341605
14,11,25,0.9152375708831951
14,11,25,0.07287517728397767
20,5,25,0.7087129780995387
7,18,25,0.13349194201575146
7,18,25,0.9997461668955101
22,3,25,0.08491645534150608
18,7,25,9.574619277162805e-5
13,12,25,0.11854107984456631
13,12,25,3.263982550940119e-5
21,4,25,0.1075952127598205
15,10,25,0.3099009652134965
15,10,25,NaN
11,14,25,0.6636931627067125
17,8,25,NaN
8,17,25,0.5334207446380278
17,8,25,NaN
5,20,25,0.0010104560836459247
20,5,25,NaN
12,13,25,0.23609730939414558
10,15,25,0.4920422445583172
2,23,25,0.5376043881865737
14,11,25,0.49061139654649066
11,14,25,NaN
16,9,25,0.36250298260320424
16,9,25,NaN
9,16,25,NaN
13,12,25,NaN
3,22,25,NaN
13,12,25,0.3896755894903738
18,7,25,0.7231367395909898
3,22,25,0.20032888970107957
6,19,25,2.0789889343608797e-5
6,19,25,0.6024669867821487
3,22,25,0.750540510107276
12,13,25,0.5584523030569891
16,9,25,NaN
7,18,25,0.9782501315853749
13,12,25,0.7736549046044264
21,4,25,4.523168512228272e-8
15,10,25,NaN
14,11,25,0.11899605880038404
19,6,25,5.020295924266277e-7
13,12,25,0.013166985494505864
12,13,25,0.00016295733357766438
7,18,25,0.5444209457652895
10,15,25,0.004754324903522769
11,14,25,0.8453965225401804
12,13,25,0.4920422445583172
7,18,25,NaN
14,11,25,0.0986538124916049
15,10,25,0.5599264962992743
10,15,25,0.1126239467685547
9,16,25,0.2082850908040321
8,17,25,NaN
5,20,25,0.8655008786900369
7,18,25,0.03705567143686973
4,21,25,0.9747364638126857
4,21,25,2.435824689097106e-5
9,16,25,0.4920422445583172
10,15,25,0.0665120825398893
6,19,25,0.034605295647823726
10,15,25,0.04631332256059672
8,17,25,0.025688675504669942
10,15,25,NaN
6,19,25,0.7736549046044264
7,18,25,0.09150186526886984
7,18,25,NaN
5,20,25,0.0005180965757389616
1,24,25,NaN
12,13,25,0.24979856733910616
9,16,25,0.030135545827633423
12,13,25,1.685792690916245e-6
4,21,25,NaN
6,19,25,0.0010602266879643576
1,24,25,NaN
7,18,25,0.3099009652134965
3,22,25,0.004333736941796646
4,21,25,0.017936625825384724
2,23,25,0.5376043881865737
13,11,24,0.4431893633910816
10,14,24,3.7940995420351194e-5
10,14,24,0.23609730939414558
15,9,24,NaN
24,0,24,3.0801091993619455e-16
16,8,24,0.17445279485036266
12,12,24,0.019437836438391105
12,12,24,NaN
13,11,24,0.06273758667360736
9,15,24,0.4920422445583172
13,11,24,0.09589119332443596
4,20,24,0.07683168117420773
10,14,24,0.05338838749999978
13,11,24,0.0837550502146186
9,15,24,NaN
13,11,24,0.30834198713020217
2,22,24,0.023224914539104764
6,18,24,NaN
14,10,24,0.0986538124916049
12,12,24,0.06261446358113197
14,10,24,NaN
4,20,24,0.005078623271174199
16,8,24,0.0016691166607694311
16,8,24,0.746202865082835
7,17,24,NaN
14,10,24,NaN
12,12,24,0.00026363249347070573
12,12,24,1.642937915515227e-8
18,6,24,0.9854887762528594
9,15,24,0.2723000524553572
14,10,24,0.34936774434310386
9,15,24,NaN
24,0,24,0.00013000038378552462
8,16,24,0.2723000524553572
12,12,24,0.017041343448880086
15,9,24,0.8234957828997682
8,16,24,0.28469846739690474
16,8,24,NaN
4,20,24,NaN
15,9,24,0.025348828885995118
13,11,24,NaN
18,6,24,0.4431893633910816
10,14,24,0.23785862612349273
15,9,24,0.8827667358654245
10,14,24,0.12182514682347269
8,16,24,0.7087129780995387
5,19,24,0.19402732216069019
15,9,24,0.000293776508268856
14,10,24,NaN
14,10,24,0.039687384300341605
6,18,24,0.4915315750047693
6,18,24,0.025806950309575836
11,13,24,0.933805407936445
17,7,24,NaN
11,13,24,0.3063570975554573
12,12,24,0.011147134228187437
8,16,24,0.00016899594924578779
10,14,24,0.3731225028817686
13,11,24,NaN
20,4,24,1.1824496291729344e-8
11,13,24,NaN
15,9,24,0.5376043881865737
6,18,24,0.5617829265563555
8,16,24,0.35587510978385445
15,9,24,NaN
12,12,24,0.002968079223927906
12,12,24,0.030135545827633423
16,8,24,0.013607815271978022
11,13,24,0.23609730939414558
7,17,24,0.1710396307486206
10,14,24,0.156750444842865
9,15,24,0.022530212338596502
3,21,24,0.21600866926743928
10,14,24,0.742601995273523
7,17,24,0.6706377302926072
4,20,24,0.3099009652134965
11,13,24,NaN
11,13,24,0.15407061357868015
18,6,24,0.07829356835261946
3,21,24,NaN
8,16,24,NaN
16,8,24,0.14829390377343246
7,17,24,5.908971620870667e-6
12,12,24,0.3570985944899648
7,17,24,0.6282574491159135
15,9,24,0.11643834963543268
9,15,24,0.007475414434340243
11,13,24,0.8137054224389692
12,12,24,0.11704391124023548
16,8,24,0.025688675504669942
7,17,24,0.047506508407666036
11,13,24,0.0037170312397365587
6,18,24,0.10320960298398216
2,22,24,0.5586718955914444
5,19,24,0.02903702439262876
6,18,24,0.19903255658106242
10,14,24,0.007659580536912271
8,16,24,0.14268162153565983
17,7,24,0.13349194201575146
7,17,24,0.9507681516607924
7,17,24,0.6282574491159135
3,21,24,NaN
8,16,24,0.2723000524553572
3,21,24,0.08491645534150608
9,15,24,0.17721222719246632
3,21,24,NaN
2,22,24,NaN
4,20,24,0.3099009652134965
0,24,24,0.47256016464108064
14,9,23,NaN
11,12,23,NaN
10,13,23,0.34936774434310386
11,12,23,0.07973172636494655
5,18,23,0.03338753771908314
11,12,23,0.4431893633910816
5,18,23,0.013166985494505864
7,16,23,0.06273758667360736
9,14,23,NaN
14,9,23,0.9566162417770626
18,5,23,0.0007343669800271494
13,10,23,0.010676454705506646
7,16,23,NaN
12,11,23,0.39575823889156553
15,8,23,NaN
13,10,23,0.31135623443839827
11,12,23,0.2016576870294829
8,15,23,NaN
10,13,23,0.3950893865694002
8,15,23,0.13819600325766587
15,8,23,NaN
14,9,23,0.002013399492720598
13,10,23,NaN
14,9,23,0.0071840843704333605
15,8,23,0.42211205821924674
8,15,23,0.8234957828997682
8,15,23,0.09227324656640727
11,12,23,0.671569781572602
9,14,23,0.7087129780995387
9,14,23,0.7917518264884089
14,9,23,NaN
19,4,23,0.11487946425228289
7,16,23,NaN
8,15,23,0.2967426503109379
9,14,23,NaN
16,7,23,0.0004742035499073562
3,20,23,0.3099009652134965
16,7,23,0.5376043881865737
15,8,23,0.08491645534150608
13,10,23,NaN
16,7,23,0.17251484159488914
21,2,23,0.055858493631537845
12,11,23,0.8898145446139071
13,10,23,NaN
21,2,23,0.042584314528514126
14,9,23,0.23609730939414558
13,10,23,0.04631332256059672
12,11,23,0.2965341395034034
9,14,23,0.2723000524553572
17,6,23,1.9391969739729054e-5
12,11,23,NaN
16,7,23,0.8234957828997682
12,11,23,NaN
8,15,23,0.9899021189944132
6,17,23,0.2219244370658814
6,17,23,0.5376043881865737
15,8,23,0.021311838902256512
2,21,23,NaN
12,11,23,0.9677549750289749
7,16,23,NaN
9,14,23,0.23609730939414558
9,14,23,1.3761604815270035e-5
14,9,23,0.5762564426346805
7,16,23,0.7498900849118616
20,3,23,0.006330742305371628
11,12,23,NaN
5,18,23,0.9626505349678419
12,11,23,NaN
4,19,23,0.8999851143675383
12,11,23,0.6282574491159135
4,19,23,NaN
5,18,23,0.2723000524553572
9,14,23,0.7285780532768246
18,5,23,0.7021568696328425
13,10,23,0.002968079223927906
9,14,23,0.9290197578706562
7,16,23,0.04631332256059672
13,10,23,0.6168189214495243
1,22,23,0.6706377302926072
10,13,23,0.8453965225401804
12,11,23,0.04408913790551068
15,8,23,3.743776325370289e-9
4,19,23,0.4431893633910816
6,17,23,0.7980035033910816
9,14,23,0.1150424729161512
13,10,23,NaN
15,8,23,0.21363952680595336
11,12,23,NaN
10,13,23,0.0774760939455278
13,10,23,0.3950893865694002
14,9,23,0.03009522891841478
15,8,23,0.5836556595239325
13,10,23,0.0014108787373056343
8,15,23,0.3520788501731874
7,16,23,NaN
6,17,23,0.03424632143031231
15,8,23,NaN
8,15,23,0.034605295647823726
12,11,23,0.04631332256059672
12,11,23,0.9036791544412487
2,21,23,NaN
9,14,23,NaN
12,11,23,0.6282574491159135
6,17,23,0.07122369284003405
7,16,23,0.10446847890352334
5,18,23,0.002719550518545592
11,12,23,0.2723000524553572
6,17,23,0.3950893865694002
16,7,23,0.4920422445583172
5,18,23,0.036262413838993965
8,15,23,0.12018243036365078
3,20,23,NaN
5,18,23,0.22275806907985937
4,19,23,NaN
8,15,23,0.11598883991242408
11,12,23,0.2723000524553572
7,16,23,0.5928380289824274
12,11,23,0.16511164686079563
5,18,23,0.0027708381521702324
4,19,23,0.17839800186627383
9,14,23,0.5836556595239325
6,17,23,0.4431893633910816
11,12,23,0.41224494709351345
11,12,23,NaN
7,16,23,0.4299604983495054
6,17,23,0.7736549046044264
1,22,23,NaN
2,21,23,0.3950893865694002
5,18,23,0.09291817515542232
5,18,23,0.6153843878037133
8,15,23,0.17628626747347942
8,15,23,0.0039413401463695135
2,21,23,0.7160129535093148
2,21,23,0.003261284295393605
1,22,23,0.12244783202107129
3,20,23,0.5376043881865737
3,20,23,0.8015761403580606
2,21,23,0.00018507424845062777
18,4,22,0.003280098461544952
14,8,22,0.5376043881865737
7,15,22,0.0971681417261441
10,12,22,NaN
17,5,22,0.23609730939414558
8,14,22,0.20749410918581754
12,10,22,0.001865220650184382
14,8,22,NaN
6,16,22,NaN
11,11,22,0.9602229766652525
14,8,22,0.3950893865694002
19,3,22,0.2796673065136468
18,4,22,0.18420047092356975
14,8,22,NaN
13,9,22,0.006881518631884419
12,10,22,0.19903255658106242
5,17,22,0.461904406575068
7,15,22,0.8655008786900369
10,12,22,2.4650657853445394e-7
11,11,22,0.06414112526291717
9,13,22,0.00389102925731458
14,8,22,1.2902872630342077e-5
11,11,22,0.00326699565103685
6,16,22,NaN
5,17,22,NaN
9,13,22,0.0986538124916049
12,10,22,0.5836556595239325
12,10,22,NaN
8,14,22,0.2054386262940906
5,17,22,NaN
14,8,22,0.8999851143675383
13,9,22,0.00018318077769584833
13,9,22,0.07287517728397767
11,11,22,NaN
14,8,22,0.05329990428676839
17,5,22,0.5805804139894951
4,18,22,0.5836556595239325
9,13,22,0.2723000524553572
17,5,22,0.12918937778688244
11,11,22,0.9602229766652525
9,13,22,0.34936774434310386
12,10,22,0.0213685999999998
15,7,22,0.2723000524553572
8,14,22,0.7791548399337919
12,10,22,1.3646369128005043e-15
4,18,22,0.5376043881865737
14,8,22,0.9017474425275555
8,14,22,0.9602229766652525
14,8,22,0.8081142148799103
13,9,22,0.9612035634847715
8,14,22,NaN
11,11,22,0.3431536022143134
15,7,22,0.8014691082975914
15,7,22,0.15407061357868015
10,12,22,0.742601995273523
3,19,22,NaN
7,15,22,0.17694509391996405
18,4,22,NaN
6,16,22,0.10735087956739266
10,12,22,NaN
13,9,22,0.00011989630895950363
21,1,22,0.03789944442753332
5,17,22,0.028932526039839035
13,9,22,0.05338838749999978
12,10,22,1.1932001966399708e-6
8,14,22,0.9507681516607924
8,14,22,NaN
9,13,22,0.1150424729161512
9,13,22,0.00017471195813005812
7,15,22,0.2878526971781209
9,13,22,0.00496114553628933
19,3,22,NaN
2,20,22,0.2054386262940906
15,7,22,0.12579454023861242
15,7,22,7.678182158573752e-5
6,16,22,0.05338838749999978
7,15,22,0.36833509308193496
5,17,22,0.21267976755207332
4,18,22,0.8453965225401804
6,16,22,0.23645108593948783
13,9,22,NaN
19,3,22,NaN
4,18,22,0.2723000524553572
11,11,22,NaN
13,9,22,1.410790256531355e-10
8,14,22,NaN
4,18,22,0.09330243798054035
13,9,22,0.2456860834336411
15,7,22,0.20915855775622474
4,18,22,0.8827667358654245
5,17,22,NaN
7,15,22,0.3906334678388038
4,18,22,0.15407061357868015
7,15,22,0.052167424437465575
8,14,22,NaN
2,20,22,0.13349194201575146
5,17,22,0.020592729592040546
9,13,22,0.8999851143675383
7,15,22,0.2054386262940906
5,17,22,0.1150424729161512
13,9,22,0.04631332256059672
12,10,22,0.03698109609046808
9,13,22,0.9762315563238806
14,8,22,0.0009432277456656832
9,13,22,1.5576686656885067e-5
9,13,22,NaN
5,17,22,1.2725847880630011e-10
12,10,22,0.009077679825958916
8,14,22,NaN
8,14,22,NaN
5,17,22,0.9778653737500593
17,5,22,0.08491645534150608
4,18,22,0.7736549046044264
6,16,22,0.8558823910112167
5,17,22,0.027813491455651023
9,13,22,NaN
11,11,22,0.3950893865694002
9,13,22,NaN
10,12,22,NaN
4,18,22,NaN
9,13,22,NaN
6,16,22,0.029945705709982697
5,17,22,4.408929944302765e-7
6,16,22,0.7087129780995387
6,16,22,NaN
7,15,22,NaN
11,11,22,0.07132752487373174
3,19,22,0.039687384300341605
11,11,22,0.07484363379483892
9,13,22,0.2054386262940906
6,16,22,NaN
6,16,22,0.8453965225401804
12,10,22,0.10213375425532785
8,14,22,0.6282574491159135
4,18,22,NaN
4,18,22,0.9152375708831951
6,16,22,0.8225810049482858
3,19,22,0.31135623443839827
14,8,22,0.8827667358654245
8,14,22,NaN
1,21,22,0.7736549046044264
7,15,22,0.0080977922826011
11,11,22,0.09389014474275602
8,14,22,0.2723000524553572
6,16,22,0.002885446760979968
5,17,22,0.9890426773313062
3,19,22,0.8234957828997682
6,16,22,0.025688675504669942
4,18,22,0.5836556595239325
4,18,22,0.6706377302926072
2,20,22,0.320771022929628
3,19,22,NaN
3,19,22,0.08491645534150608
3,19,22,NaN
1,21,22,9.798146575659759e-5
0,22,22,0.5376043881865737
0,22,22,0.0001222730159721991
0,22,22,NaN
13,8,21,0.8541426934290347
15,6,21,0.34936774434310386
14,7,21,0.6375596923868632
3,18,21,0.742601995273523
21,0,21,0.0639638510627397
9,12,21,0.19049161783081833
12,9,21,NaN
10,11,21,0.024553353534924254
15,6,21,0.06734242911415818
10,11,21,0.23609730939414558
12,9,21,0.39065634443185376
11,10,21,0.6706377302926072
4,17,21,0.015310519823788312
13,8,21,0.5376043881865737
15,6,21,0.7896947289429223
11,10,21,NaN
11,10,21,NaN
12,9,21,0.8655008786900369
10,11,21,0.3950893865694002
15,6,21,0.10472936321610257
7,14,21,0.007571365249317784
11,10,21,NaN
8,13,21,NaN
12,9,21,0.6282574491159135
16,5,21,0.6657383368840927
10,11,21,0.984208592674778
2,19,21,0.6706377302926072
5,16,21,0.025688675504669942
15,6,21,0.29941841954743226
13,8,21,0.0030703083293741364
6,15,21,0.7139622272242349
13,8,21,0.22653363857420386
13,8,21,0.05736143317852551
9,12,21,0.2054386262940906
9,12,21,0.17721222719246632
13,8,21,0.4413323188639003
11,10,21,0.8999851143675383
10,11,21,0.1387363880385168
8,13,21,NaN
11,10,21,0.29587219170465473
17,4,21,0.9809153258638088
16,5,21,0.6282574491159135
9,12,21,0.8014691082975914
8,13,21,0.13210142859655702
14,7,21,0.08491645534150608
7,14,21,0.17721222719246632
6,15,21,0.0011817228482594497
8,13,21,0.13349194201575146
16,5,21,0.4431893633910816
9,12,21,0.7087129780995387
12,9,21,NaN
11,10,21,NaN
9,12,21,0.27269875894013346
15,6,21,0.6706377302926072
10,11,21,0.23609730939414558
9,12,21,0.06523032950154947
10,11,21,NaN
8,13,21,0.023234960659632264
14,7,21,0.3099009652134965
6,15,21,0.4832716308418932
5,16,21,0.04382988155456549
8,13,21,0.4920422445583172
2,19,21,0.019483426147122215
6,15,21,NaN
10,11,21,NaN
7,14,21,0.13349194201575146
7,14,21,0.35159386434800427
13,8,21,0.9793701359536177
10,11,21,0.31318352753695927
12,9,21,0.0213685999999998
7,14,21,0.1150424729161512
4,17,21,0.007571365249317784
10,11,21,0.9152375708831951
6,15,21,0.019766144093542968
11,10,21,0.3099009652134965
6,15,21,NaN
19,2,21,0.5376043881865737
6,15,21,NaN
13,8,21,0.22631488835015154
10,11,21,NaN
6,15,21,0.034605295647823726
7,14,21,NaN
5,16,21,0.4920422445583172
11,10,21,0.05253814317421824
16,5,21,0.11540943935465615
4,17,21,0.5836556595239325
2,19,21,NaN
6,15,21,0.11897705820528677
10,11,21,NaN
12,9,21,0.13074931411102408
9,12,21,NaN
18,3,21,NaN
10,11,21,0.9290197578706562
12,9,21,0.00019196707897020074
8,13,21,NaN
3,18,21,0.979354943699083
3,18,21,0.15731096273530393
1,20,21,0.06273758667360736
19,2,21,0.00023900224066216542
14,7,21,0.3099009652134965
11,10,21,0.06845194522358101
11,10,21,0.07151879996934568
5,16,21,0.2054386262940906
16,5,21,0.8453965225401804
12,9,21,0.6463733055467838
18,3,21,0.04958292692479676
3,18,21,0.2723000524553572
5,16,21,8.63450274057098e-7
11,10,21,NaN
4,17,21,0.08259323181537363
13,8,21,0.001704620229740619
5,16,21,0.5836556595239325
11,10,21,0.0030598834381481616
10,11,21,0.12197688988153343
14,7,21,NaN
10,11,21,0.8999851143675383
8,13,21,0.9747364638126857
11,10,21,0.1606103742552784
4,17,21,NaN
12,9,21,0.004850951914015038
3,18,21,0.1362903224191871
10,11,21,0.4431893633910816
11,10,21,0.866529502130505
5,16,21,0.007153323461079722
10,11,21,NaN
11,10,21,NaN
9,12,21,0.3758231294910442
17,4,21,0.0986538124916049
18,3,21,7.112030862692124e-6
8,13,21,0.7087129780995387
14,7,21,0.5376043881865737
7,14,21,0.5836556595239325
3,18,21,0.004708926795579234
11,10,21,0.009410414330218242
5,16,21,0.3950893865694002
8,13,21,NaN
19,2,21,0.4225946051059629
6,15,21,0.3706112669022543
11,10,21,0.7322685453684953
7,14,21,0.0986538124916049
8,13,21,0.0019150820445521923
10,11,21,0.2054386262940906
8,13,21,0.5630341675065371
3,18,21,NaN
3,18,21,NaN
4,17,21,6.677511833953791e-5
12,9,21,0.017936625825384724
8,13,21,0.9152375708831951
8,13,21,0.3292018547314761
7,14,21,0.034605295647823726
12,9,21,0.004195095781208366
8,13,21,0.5194568565067373
4,17,21,0.07660282609190067
4,17,21,0.0010104560836459247
5,16,21,0.23609730939414558
3,18,21,0.002968079223927906
4,17,21,0.013166985494505864
14,7,21,0.08491645534150608
3,18,21,0.8838877206980593
9,12,21,0.6282574491159135
3,18,21,NaN
8,13,21,0.23582105771673292
3,18,21,0.06273758667360736
5,16,21,0.15407061357868015
4,17,21,0.011147134228187437
7,14,21,0.06864754408054782
6,15,21,NaN
3,18,21,0.006325869741049754
1,20,21,0.6282574491159135
2,19,21,0.030135545827633423
1,20,21,NaN
2,19,21,NaN
3,18,21,0.8655008786900369
3,18,21,NaN
1,20,21,NaN
1,20,21,5.000397136277388e-7
0,21,21,0.0025773754656393797
16,4,20,0.002029293149265397
11,9,20,0.2723000524553572
18,2,20,NaN
13,7,20,NaN
15,5,20,7.0930925019490264e-6
12,8,20,0.5031660811622127
9,11,20,0.42947048924866255
8,12,20,NaN
3,17,20,0.6745178401553911
20,0,20,NaN
13,7,20,0.9854887762528594
9,11,20,0.10862721005916871
6,14,20,0.796651000258393
20,0,20,NaN
14,6,20,0.9874401714481251
6,14,20,8.216715240130386e-6
1,19,20,NaN
10,10,20,0.030135545827633423
17,3,20,NaN
3,17,20,0.7087129780995387
10,10,20,0.3099009652134965
13,7,20,NaN
12,8,20,0.2723000524553572
12,8,20,0.8896001515289159
14,6,20,0.29771156833192125
12,8,20,0.35587510978385445
10,10,20,0.005912720998131915
10,10,20,0.09025550161404396
10,10,20,0.7051927049782064
16,4,20,NaN
15,5,20,0.9152375708831951
4,16,20,0.027688469619279045
16,4,20,NaN
3,17,20,0.8999851143675383
8,12,20,0.7087129780995387
10,10,20,0.005387198364784969
8,12,20,0.029675917630679272
13,7,20,NaN
9,11,20,NaN
16,4,20,0.5376043881865737
12,8,20,NaN
4,16,20,NaN
10,10,20,0.8234957828997682
9,11,20,0.020526988330708207
12,8,20,0.4431893633910816
14,6,20,0.11721812837068463
6,14,20,0.07287517728397767
2,18,20,0.34936774434310386
5,15,20,7.770393147492738e-5
5,15,20,NaN
11,9,20,NaN
4,16,20,NaN
15,5,20,0.23609730939414558
15,5,20,0.6706377302926072
15,5,20,NaN
13,7,20,0.6706377302926072
14,6,20,NaN
11,9,20,0.0013167204530442629
8,12,20,0.34061911845877363
12,8,20,0.08491645534150608
12,8,20,0.76192400746069
4,16,20,0.55187843127487
14,6,20,1.439164797752803e-7
16,4,20,0.5836556595239325
11,9,20,0.10991699231494108
7,13,20,0.6344060041708268
8,12,20,0.6770612540902297
10,10,20,0.9349034430105139
16,4,20,0.4431893633910816
7,13,20,0.013166985494505864
10,10,20,0.742601995273523
6,14,20,0.13349194201575146
13,7,20,0.27039623987262884
12,8,20,NaN
10,10,20,0.4431893633910816
8,12,20,NaN
14,6,20,0.6335971959710069
8,12,20,0.9921637120938749
6,14,20,0.0043243172037675925
5,15,20,0.6706377302926072
4,16,20,NaN
7,13,20,0.5376043881865737
10,10,20,0.1150424729161512
10,10,20,0.3950893865694002
4,16,20,0.13349194201575146
12,8,20,0.4920422445583172
11,9,20,0.4855237412115279
5,15,20,0.3950893865694002
13,7,20,5.000397136277388e-7
14,6,20,0.3483130090606407
10,10,20,0.41414018890909854
11,9,20,NaN
15,5,20,0.5836556595239325
17,3,20,NaN
5,15,20,0.4920422445583172
13,7,20,0.13349194201575146
10,10,20,2.678207686563913e-6
4,16,20,0.27916581426751547
17,3,20,0.9405257031659899
8,12,20,NaN
13,7,20,0.7087129780995387
7,13,20,0.5434810654270791
11,9,20,0.8827667358654245
5,15,20,NaN
9,11,20,NaN
9,11,20,NaN
13,7,20,0.34936774434310386
11,9,20,0.6282574491159135
16,4,20,0.8662321291584577
4,16,20,6.118512979306453e-6
4,16,20,0.002968079223927906
16,4,20,0.025688675504669942
8,12,20,0.3367621745071227
8,12,20,0.5444209457652895
10,10,20,0.9923224003020661
6,14,20,0.039687384300341605
12,8,20,0.7173926824192408
6,14,20,0.9635478755709723
12,8,20,NaN
7,13,20,NaN
6,14,20,0.3466980808018368
2,18,20,0.742601995273523
10,10,20,0.5836556595239325
4,16,20,0.17306475254714423
10,10,20,NaN
4,16,20,NaN
12,8,20,0.0493669072753492
14,6,20,0.34936774434310386
7,13,20,NaN
13,7,20,0.48964972011659297
8,12,20,0.742601995273523
16,4,20,0.048036503819295924
13,7,20,0.34936774434310386
14,6,20,0.041388393785493485
3,17,20,0.7736549046044264
8,12,20,0.1150424729161512
7,13,20,0.4920422445583172
13,7,20,NaN
11,9,20,0.0213685999999998
12,8,20,0.5836556595239325
10,10,20,0.5935131721586768
11,9,20,0.9623345306294204
7,13,20,3.775857023040977e-10
8,12,20,0.039687384300341605
12,8,20,0.009410414330218242
2,18,20,NaN
17,3,20,0.10283124107455639
5,15,20,0.08266774038953263
8,12,20,0.9152375708831951
11,9,20,0.5376043881865737
5,15,20,0.034605295647823726
6,14,20,0.1213006399503414
6,14,20,0.5836556595239325
6,14,20,0.941757918862819
4,16,20,NaN
5,15,20,NaN
2,18,20,NaN
7,13,20,NaN
10,10,20,0.3596042399916766
13,7,20,0.392531874285259
9,11,20,0.8655008786900369
6,14,20,0.537964995673772
9,11,20,NaN
2,18,20,0.13349194201575146
4,16,20,NaN
8,12,20,0.8453965225401804
11,9,20,0.3517668412922383
7,13,20,0.8827667358654245
12,8,20,0.3553267271911946
5,15,20,0.4431893633910816
5,15,20,0.548023389742573
3,17,20,0.025688675504669942
2,18,20,0.05338838749999978
7,13,20,0.8655008786900369
5,15,20,0.5115338653320716
5,15,20,0.03201825033756777
8,12,20,0.003460089815671337
7,13,20,0.6706377302926072
2,18,20,0.8234957828997682
3,17,20,0.06273758667360736
3,17,20,0.5543687645979105
3,17,20,0.17721222719246632
1,19,20,NaN
2,18,20,0.8445596725400587
4,16,20,0.039687384300341605
1,19,20,0.002540306764505428
1,19,20,0.36175292936459497
1,19,20,0.20573552997910088
0,20,20,0.15407061357868015
0,20,20,NaN
15,4,19,0.2657175992311151
5,14,19,0.004921731592692164
11,8,19,NaN
6,13,19,0.00098601715767131
9,10,19,NaN
8,11,19,NaN
9,10,19,0.5376043881865737
12,7,19,3.7516373619207205e-5
6,13,19,NaN
5,14,19,0.4431893633910816
14,5,19,0.3280156019770028
8,11,19,0.35454172097227515
6,13,19,NaN
11,8,19,0.0498653860737718
8,11,19,0.7736549046044264
16,3,19,8.217730150753648e-8
8,11,19,0.0009030496746283923
11,8,19,0.3950893865694002
6,13,19,0.6706377302926072
16,3,19,0.014294568423088684
13,6,19,0.24659554288478777
9,10,19,0.23087854663730117
10,9,19,0.9152375708831951
9,10,19,0.1150424729161512
8,11,19,0.7087129780995387
11,8,19,0.6987738229842734
19,0,19,0.9854887762528594
11,8,19,0.11004059730405306
12,7,19,0.004525960807216122
10,9,19,0.11181159843954824
8,11,19,0.03914075892393779
9,10,19,0.8453965225401804
18,1,19,0.029716254163718807
10,9,19,NaN
3,16,19,NaN
8,11,19,0.2054386262940906
6,13,19,0.8014691082975914
2,17,19,NaN
7,12,19,0.07287517728397767
6,13,19,0.08491645534150608
5,14,19,0.26305915077254016
13,6,19,0.0807811826497524
17,2,19,0.00585917906162654
7,12,19,NaN
10,9,19,0.037477458090912685
10,9,19,0.9867685437068255
10,9,19,0.9224145435694205
14,5,19,0.6706377302926072
17,2,19,0.8372912973988588
3,16,19,0.4920422445583172
13,6,19,0.24283401690616627
5,14,19,0.019966200078564346
11,8,19,0.03408743839278675
7,12,19,0.07337969762366643
13,6,19,NaN
7,12,19,0.006693358841268148
6,13,19,NaN
18,1,19,0.17721222719246632
9,10,19,0.5376043881865737
5,14,19,1.9033724290480807e-6
12,7,19,0.1150424729161512
13,6,19,0.9124229648623207
12,7,19,5.784343767297568e-18
5,14,19,0.17721222719246632
7,12,19,0.17958230906408287
10,9,19,0.09508784883344344
12,7,19,0.20591523157696
6,13,19,0.9867685437068255
9,10,19,0.6706377302926072
6,13,19,0.1002743886849885
11,8,19,0.0825405869291202
8,11,19,0.012719706777494573
14,5,19,NaN
12,7,19,0.7339299317682869
13,6,19,NaN
13,6,19,0.48802087646694997
15,4,19,8.92851416810543e-5
5,14,19,0.0213685999999998
13,6,19,0.0009432277456656832
10,9,19,0.0004670561851646065
9,10,19,0.6282574491159135
8,11,19,0.0658523250894792
4,15,19,0.2404822475418559
13,6,19,NaN
1,18,19,0.009410414330218242
11,8,19,0.09513175219895785
16,3,19,0.05740365915472361
8,11,19,0.11351338863149865
9,10,19,NaN
8,11,19,NaN
11,8,19,NaN
14,5,19,0.0018627529254543454
2,17,19,0.3950893865694002
10,9,19,0.996109792408719
11,8,19,0.0837550502146186
9,10,19,NaN
11,8,19,NaN
11,8,19,0.34936774434310386
12,7,19,0.7087129780995387
15,4,19,NaN
9,10,19,0.0986538124916049
12,7,19,NaN
7,12,19,0.016974801411769273
15,4,19,0.2520672907188227
6,13,19,NaN
8,11,19,0.2723000524553572
7,12,19,0.10469509452544837
5,14,19,0.3930963205618007
9,10,19,0.742601995273523
13,6,19,NaN
13,6,19,NaN
6,13,19,NaN
6,13,19,0.9507681516607924
5,14,19,NaN
8,11,19,NaN
6,13,19,0.389684789496443
19,0,19,NaN
9,10,19,0.8827667358654245
8,11,19,0.3950893865694002
11,8,19,0.7553236917611894
8,11,19,0.8118569127983933
10,9,19,0.3166723034683177
11,8,19,NaN
6,13,19,NaN
9,10,19,0.00788559455664517
10,9,19,0.04631332256059672
8,11,19,0.0008188798039480444
13,6,19,0.09224511816341303
3,16,19,0.031032613419676617
7,12,19,0.7736549046044264
7,12,19,0.05129657139109777
14,5,19,0.23609730939414558
17,2,19,0.13349194201575146
4,15,19,0.17721222719246632
9,10,19,0.06713620170469081
15,4,19,0.34936774434310386
4,15,19,NaN
6,13,19,0.0213685999999998
2,17,19,NaN
5,14,19,0.07287517728397767
6,13,19,0.9747364638126857
6,13,19,0.1150424729161512
7,12,19,0.04387592226239394
9,10,19,NaN
2,17,19,NaN
1,18,19,0.07287517728397767
1,18,19,NaN
5,14,19,0.7087129780995387
4,15,19,0.9354031118197618
6,13,19,NaN
2,17,19,NaN
1,18,19,NaN
10,9,19,0.17721222719246632
13,6,19,0.7736549046044264
5,14,19,0.06273758667360736
2,17,19,0.5376043881865737
8,11,19,0.00018994767713243247
5,14,19,NaN
3,16,19,NaN
5,14,19,0.7255832002224731
3,16,19,NaN
10,9,19,0.9602229766652525
4,15,19,0.05338838749999978
8,11,19,0.2723000524553572
5,14,19,0.1150424729161512
1,18,19,NaN
4,15,19,0.3950893865694002
3,16,19,0.2054386262940906
7,12,19,0.8014691082975914
2,17,19,0.0008392665195070951
2,17,19,0.00023548184073191532
2,17,19,2.4650657853445394e-7
1,18,19,0.010441917106018436
1,18,19,NaN
4,15,19,0.05338838749999978
2,17,19,NaN
4,15,19,NaN
0,19,19,NaN
0,19,19,0.9590545570148767
0,19,19,0.40977096234358884
9,9,18,0.4632025617887376
6,12,18,0.0986538124916049
12,6,18,0.9507681516607924
7,11,18,0.7087129780995387
10,8,18,0.23609730939414558
14,4,18,NaN
9,9,18,0.23609730939414558
15,3,18,0.05253814317421824
14,4,18,0.6706377302926072
15,3,18,0.4431893633910816
15,3,18,0.5712108300178713
2,16,18,NaN
13,5,18,0.5836556595239325
10,8,18,NaN
14,4,18,0.06273758667360736
10,8,18,1.650392304766778e-7
6,12,18,NaN
14,4,18,0.28979773902453343
13,5,18,NaN
10,8,18,0.05405088762024526
12,6,18,0.4655667608861757
13,5,18,0.5836556595239325
7,11,18,0.6416484931894232
17,1,18,0.020521098136065254
7,11,18,0.9809153258638088
9,9,18,0.6282574491159135
8,10,18,1.726146275486515e-5
10,8,18,0.08491645534150608
7,11,18,0.3950893865694002
12,6,18,0.013166985494505864
10,8,18,0.6281791547937666
8,10,18,0.07287517728397767
10,8,18,0.7087129780995387
6,12,18,0.8014691082975914
18,0,18,NaN
8,10,18,0.9623345306294204
13,5,18,0.3282760899817998
14,4,18,0.6282574491159135
6,12,18,0.6455477386481702
4,14,18,NaN
12,6,18,NaN
9,9,18,0.1150424729161512
6,12,18,NaN
6,12,18,0.15407061357868015
7,11,18,0.5939214494080414
9,9,18,NaN
8,10,18,0.05338838749999978
9,9,18,0.003940545034327306
15,3,18,0.0002823187192759297
11,7,18,0.8655008786900369
7,11,18,0.2436409089142241
6,12,18,0.35029140710953266
12,6,18,0.3257143094912139
13,5,18,NaN
7,11,18,0.0016709303270555941
2,16,18,0.8234957828997682
7,11,18,NaN
15,3,18,0.9890426773313062
10,8,18,0.3950893865694002
15,3,18,0.23609730939414558
7,11,18,0.7736549046044264
7,11,18,0.0006885810702811323
11,7,18,0.8655008786900369
9,9,18,0.3257143094912139
4,14,18,0.060171170977915044
10,8,18,NaN
12,6,18,0.8827667358654245
14,4,18,0.025688675504669942
8,10,18,0.3950893865694002
4,14,18,0.2723000524553572
4,14,18,0.4431893633910816
9,9,18,0.304187050439182
10,8,18,NaN
2,16,18,NaN
13,5,18,0.6878458428668304
10,8,18,NaN
9,9,18,NaN
10,8,18,NaN
6,12,18,0.6282574491159135
7,11,18,0.34936774434310386
12,6,18,0.04631332256059672
2,16,18,0.07287517728397767
2,16,18,0.8280066873110475
8,10,18,0.20915855775622474
7,11,18,0.9405257031659899
13,5,18,0.002050788345089231
5,13,18,0.15554157854321574
11,7,18,0.6916973239629997
11,7,18,0.06273758667360736
5,13,18,0.9677549750289749
2,16,18,0.05338838749999978
7,11,18,NaN
11,7,18,0.7087129780995387
6,12,18,NaN
4,14,18,0.04631332256059672
4,14,18,0.013166985494505864
7,11,18,NaN
12,6,18,0.11876430666317789
5,13,18,0.28538531811134954
7,11,18,NaN
12,6,18,NaN
10,8,18,0.2054386262940906
6,12,18,0.1847014955982343
11,7,18,9.358354667906412e-13
7,11,18,NaN
10,8,18,NaN
10,8,18,0.9212054852269214
15,3,18,NaN
11,7,18,0.05338838749999978
9,9,18,NaN
4,14,18,0.5376043881865737
7,11,18,0.7020159778224067
4,14,18,0.6089661103676964
4,14,18,0.04489617762335
11,7,18,0.9691731547572358
9,9,18,0.6972714057044955
12,6,18,NaN
9,9,18,0.3955417943905863
9,9,18,NaN
4,14,18,0.3693272499186449
7,11,18,0.0986538124916049
8,10,18,NaN
1,17,18,NaN
15,3,18,0.010651739688913395
12,6,18,0.8558823910112167
6,12,18,0.025688675504669942
13,5,18,0.03055862928052254
4,14,18,0.9747364638126857
6,12,18,0.867707255406096
13,5,18,0.44490770037493343
12,6,18,0.763896291469829
3,15,18,0.5836556595239325
8,10,18,0.001285902523077216
9,9,18,0.030135545827633423
1,17,18,0.013617830375074769
12,6,18,0.007659580536912271
8,10,18,0.011147134228187437
2,16,18,0.017936625825384724
10,8,18,NaN
8,10,18,0.031159715151503977
13,5,18,0.2054386262940906
8,10,18,NaN
7,11,18,0.2787675367522882
8,10,18,0.5836556595239325
13,5,18,0.9290197578706562
9,9,18,NaN
9,9,18,NaN
11,7,18,0.17721222719246632
4,14,18,0.9619664580088508
7,11,18,0.6304686978471054
14,4,18,0.5476640315225864
5,13,18,0.23609730939414558
7,11,18,0.849595629458426
11,7,18,3.9155037326198513e-7
7,11,18,NaN
1,17,18,0.5197246975053165
7,11,18,NaN
9,9,18,0.8234957828997682
4,14,18,0.04514834602952484
6,12,18,NaN
9,9,18,0.8655008786900369
3,15,18,0.04122852283569304
9,9,18,0.4431893633910816
11,7,18,0.19269393321477704
8,10,18,0.48536086472704615
7,11,18,NaN
9,9,18,NaN
10,8,18,0.3099009652134965
8,10,18,NaN
9,9,18,0.8655008786900369
3,15,18,NaN
5,13,18,0.5376043881865737
9,9,18,0.7736549046044264
6,12,18,0.7736549046044264
8,10,18,0.0986538124916049
13,5,18,0.0024707746202925615
10,8,18,0.3099009652134965
5,13,18,NaN
5,13,18,0.7388620492770465
11,7,18,0.00010700336401114339
10,8,18,8.624434531400514e-6
1,17,18,0.02228718539629861
4,14,18,0.8827667358654245
7,11,18,0.035085956038389626
4,14,18,0.2404822475418559
4,14,18,NaN
6,12,18,0.13349194201575146
4,14,18,0.00010810561891479749
1,17,18,0.3950893865694002
1,17,18,NaN
7,11,18,0.49793404983529665
5,13,18,0.0169180642668304
8,10,18,0.002968079223927906
3,15,18,0.0007781622982863526
1,17,18,NaN
3,15,18,0.13349194201575146
2,16,18,0.3099009652134965
2,16,18,0.2054386262940906
5,13,18,0.6706377302926072
1,17,18,0.03305824726627444
2,16,18,NaN
1,17,18,0.02564249279044972
0,18,18,0.9677549750289749
0,18,18,NaN
13,4,17,NaN
6,11,17,1.60395770873101e-5
8,9,17,0.17721222719246632
17,0,17,NaN
5,12,17,NaN
5,12,17,0.09291817515542232
11,6,17,0.3099009652134965
15,2,17,0.00013554514239090965
13,4,17,0.3099009652134965
16,1,17,1.0472334444979896e-6
8,9,17,0.2523498012565013
12,5,17,0.9890426773313062
11,6,17,NaN
9,8,17,0.3074335527643343
11,6,17,0.08602155493636597
7,10,17,0.742601995273523
12,5,17,NaN
14,3,17,0.06413072284248571
8,9,17,NaN
12,5,17,0.5836556595239325
3,14,17,0.17721222719246632
15,2,17,0.0074756297546128
9,8,17,0.7917518264884089
11,6,17,0.006325869741049754
7,10,17,NaN
12,5,17,0.6282574491159135
14,3,17,0.048036503819295924
15,2,17,0.3726490463933616
14,3,17,0.23609730939414558
6,11,17,0.17721222719246632
11,6,17,NaN
15,2,17,NaN
5,12,17,0.004708926795579234
9,8,17,0.8234957828997682
9,8,17,0.04631332256059672
15,2,17,0.6089661103676964
11,6,17,0.34936774434310386
14,3,17,0.3099009652134965
4,13,17,0.2723000524553572
9,8,17,0.6282574491159135
9,8,17,0.0002035120337657968
5,12,17,0.1479390635061706
7,10,17,NaN
3,14,17,NaN
4,13,17,0.7087129780995387
9,8,17,0.002968079223927906
7,10,17,0.41295950774082074
6,11,17,0.3099009652134965
8,9,17,0.008186116402267848
11,6,17,0.3465685308024739
8,9,17,0.23609730939414558
10,7,17,0.413069875026209
11,6,17,0.012903729179752927
12,5,17,0.23609730939414558
8,9,17,0.039687384300341605
9,8,17,0.002097509142747978
7,10,17,0.9623345306294204
6,11,17,NaN
13,4,17,NaN
14,3,17,0.016396167178698438
8,9,17,0.4920422445583172
2,15,17,0.05338838749999978
8,9,17,0.742601995273523
7,10,17,0.9677549750289749
10,7,17,0.416065091846414
8,9,17,0.6706377302926072
9,8,17,NaN
9,8,17,0.391140188894164
8,9,17,0.7736549046044264
6,11,17,NaN
12,5,17,NaN
6,11,17,0.05338838749999978
7,10,17,1.439164797752803e-7
13,4,17,0.8453965225401804
12,5,17,NaN
8,9,17,0.9507681516607924
9,8,17,0.025688675504669942
8,9,17,0.07362669010554226
9,8,17,0.356438090796131
4,13,17,0.3745515137908023
13,4,17,NaN
7,10,17,0.8655008786900369
12,5,17,NaN
8,9,17,NaN
5,12,17,0.17721222719246632
8,9,17,NaN
4,13,17,0.4431893633910816
8,9,17,0.06273758667360736
11,6,17,0.6024776974677656
13,4,17,0.6625994339225412
2,15,17,0.1150424729161512
10,7,17,0.4920422445583172
5,12,17,0.1847014955982343
6,11,17,0.8588724720922231
11,6,17,0.6253025718570832
6,11,17,NaN
9,8,17,0.4654115775165991
13,4,17,0.009410414330218242
7,10,17,0.015310519823788312
11,6,17,2.9009097747001076e-8
8,9,17,0.4431893633910816
7,10,17,0.2723000524553572
8,9,17,0.08491645534150608
9,8,17,NaN
6,11,17,NaN
9,8,17,0.8827667358654245
2,15,17,NaN
11,6,17,NaN
7,10,17,0.4431893633910816
2,15,17,NaN
13,4,17,1.1918509839611381e-7
12,5,17,0.8453965225401804
5,12,17,0.8655008786900369
7,10,17,0.4431893633910816
7,10,17,0.048036503819295924
8,9,17,0.9779337124939258
9,8,17,0.8234957828997682
14,3,17,NaN
6,11,17,0.12435850436065249
2,15,17,0.7087129780995387
8,9,17,0.6706377302926072
11,6,17,0.9913657541416858
7,10,17,0.9602229766652525
6,11,17,NaN
6,11,17,0.00389102925731458
7,10,17,NaN
2,15,17,0.015310519823788312
4,13,17,0.7087129780995387
6,11,17,0.15563030298580297
12,5,17,0.17456151440505316
3,14,17,0.6311968781061505
9,8,17,0.09372927743690027
8,9,17,0.17721222719246632
1,16,17,NaN
11,6,17,NaN
5,12,17,0.07484259015289109
6,11,17,0.025688675504669942
3,14,17,NaN
3,14,17,0.9758430858667717
5,12,17,0.8229966423038383
5,12,17,NaN
6,11,17,NaN
5,12,17,0.6168189214495243
12,5,17,0.5037612460063408
3,14,17,0.588207919883857
11,6,17,0.00018994767713243247
3,14,17,0.0053459147286812475
9,8,17,0.9507681516607924
6,11,17,0.3891195696983296
5,12,17,0.7087129780995387
6,11,17,0.2054386262940906
13,4,17,NaN
5,12,17,0.17721222719246632
12,5,17,0.4920422445583172
7,10,17,0.139422026136464
6,11,17,0.23609730939414558
7,10,17,0.8655008786900369
9,8,17,0.0986538124916049
5,12,17,0.4987823325522095
12,5,17,0.2275801842232054
13,4,17,0.34823114138557143
5,12,17,0.7087129780995387
4,13,17,0.5376043881865737
15,2,17,0.6623359075105316
12,5,17,0.056007890520067515
12,5,17,0.10610894842085367
6,11,17,0.5836556595239325
6,11,17,0.30100237799746044
3,14,17,0.9854887762528594
10,7,17,1.3995133647687907e-6
6,11,17,0.43046669170280183
4,13,17,0.15407061357868015
5,12,17,0.8453965225401804
3,14,17,0.0053459147286812475
11,6,17,0.00227919525276509
4,13,17,0.24678952474195148
4,13,17,0.3099009652134965
6,11,17,NaN
8,9,17,0.13349194201575146
3,14,17,0.7087129780995387
4,13,17,0.0015598890666971741
4,13,17,NaN
14,3,17,NaN
1,16,17,NaN
3,14,17,0.23609730939414558
9,8,17,0.27682252330979434
7,10,17,0.039687384300341605
6,11,17,0.24514585951512963
3,14,17,0.4431893633910816
2,15,17,0.0009030496746283923
2,15,17,NaN
3,14,17,NaN
6,11,17,0.8453965225401804
4,13,17,NaN
5,12,17,1.1360244919323475e-7
4,13,17,0.7736549046044264
6,11,17,0.20421635338437358
9,8,17,NaN
7,10,17,0.4163665320334191
2,15,17,0.06273758667360736
6,11,17,0.00021838257546885514
8,9,17,0.7230934999683588
4,13,17,0.030099381491265297
5,12,17,NaN
5,12,17,NaN
7,10,17,0.00017168979250921254
1,16,17,NaN
6,11,17,0.8898145446139071
3,14,17,NaN
3,14,17,0.04915197611163579
2,15,17,0.04755344344297907
2,15,17,NaN
4,13,17,0.8093230844824829
1,16,17,0.9721090913347351
3,14,17,0.0017495005399193997
4,13,17,0.0011817228482594497
3,14,17,0.8037997644224935
2,15,17,0.009410414330218242
2,15,17,0.8593624842036806
1,16,17,0.5376043881865737
2,15,17,0.017936625825384724
1,16,17,NaN
0,17,17,0.056488060024057776
0,17,17,0.3950893865694002
0,17,17,0.15634472652871972
0,17,17,0.00038263124307346064
0,17,17,NaN
0,17,17,0.6282574491159135
0,17,17,NaN
0,17,17,0.8672759040905438
0,17,17,0.07287517728397767
0,17,17,0.034605295647823726
11,5,16,0.17721222719246632
13,3,16,0.003899330911057115
7,9,16,NaN
4,12,16,0.2723000524553572
6,10,16,0.00014009997314513097
7,9,16,NaN
11,5,16,0.4431893633910816
12,4,16,0.030135545827633423
10,6,16,0.0986538124916049
6,10,16,0.2054386262940906
15,1,16,NaN
12,4,16,0.0016636464349554898
14,2,16,NaN
9,7,16,0.003094201109523368
6,10,16,0.4227930546470557
13,3,16,0.47724573125519004
10,6,16,NaN
14,2,16,0.9152375708831951
8,8,16,NaN
10,6,16,9.763406373324904e-8
7,9,16,NaN
12,4,16,0.14234902682400793
6,10,16,0.3099009652134965
10,6,16,0.05338838749999978
9,7,16,0.017309722079982492
13,3,16,0.001171665896857988
5,11,16,0.9405257031659899
10,6,16,0.04631332256059672
16,0,16,0.8979837278359629
4,12,16,0.08491645534150608
12,4,16,NaN
7,9,16,0.06273758667360736
7,9,16,0.4045419536800046
9,7,16,NaN
11,5,16,NaN
13,3,16,0.3099009652134965
6,10,16,0.4427322230157237
7,9,16,0.7810115868497985
6,10,16,0.7423489458977627
6,10,16,0.015310519823788312
6,10,16,NaN
9,7,16,0.3805890702824845
6,10,16,0.4431893633910816
7,9,16,NaN
4,12,16,0.05523994776694564
6,10,16,0.7871484435934053
16,0,16,0.6470609985377415
8,8,16,0.0370326840467827
7,9,16,0.36930418783314184
15,1,16,0.8179451903239775
6,10,16,0.8637492204619931
3,13,16,0.9854887762528594
3,13,16,NaN
6,10,16,0.8827667358654245
12,4,16,0.9152375708831951
7,9,16,NaN
5,11,16,0.3950893865694002
10,6,16,0.3950893865694002
4,12,16,0.4920422445583172
8,8,16,0.07287517728397767
10,6,16,0.039687384300341605
12,4,16,0.1565227662351289
8,8,16,NaN
8,8,16,0.17721222719246632
7,9,16,0.17721222719246632
11,5,16,0.7714657210300054
4,12,16,NaN
11,5,16,NaN
2,14,16,7.084817132650071e-5
7,9,16,0.16504866066181484
7,9,16,NaN
8,8,16,NaN
3,13,16,1.528437840089504e-8
7,9,16,0.37694031015373447
11,5,16,0.14234902682400793
10,6,16,0.03454454306721281
7,9,16,0.3937462367955817
13,3,16,0.039687384300341605
13,3,16,0.9661571232603301
9,7,16,0.1150424729161512
8,8,16,0.1479390635061706
10,6,16,3.3029234704357336e-6
7,9,16,0.7087129780995387
10,6,16,NaN
4,12,16,0.025688675504669942
5,11,16,0.017936625825384724
8,8,16,0.22346791543056369
10,6,16,0.00044677902998900695
11,5,16,0.5586718955914444
6,10,16,NaN
7,9,16,0.2054386262940906
11,5,16,0.32688867402399857
9,7,16,0.8655008786900369
7,9,16,NaN
8,8,16,0.28979773902453343
4,12,16,0.7119228058246889
8,8,16,0.7087129780995387
9,7,16,0.009410414330218242
5,11,16,NaN
12,4,16,NaN
13,3,16,NaN
6,10,16,0.0012952450261257621
9,7,16,0.11599343115276134
10,6,16,0.3099009652134965
6,10,16,0.8655008786900369
8,8,16,NaN
13,3,16,7.026986887230664e-8
2,14,16,NaN
7,9,16,NaN
14,2,16,0.2723000524553572
10,6,16,NaN
14,2,16,0.4431893633910816
8,8,16,0.9405257031659899
8,8,16,0.9677549750289749
13,3,16,0.008909807419626655
1,15,16,0.7736549046044264
12,4,16,0.022282486768423853
3,13,16,0.04408913790551068
9,7,16,0.9168193881062658
12,4,16,0.8234957828997682
8,8,16,0.7768317343464388
8,8,16,NaN
15,1,16,0.5376043881865737
7,9,16,NaN
7,9,16,NaN
5,11,16,NaN
7,9,16,NaN
6,10,16,0.6168189214495243
10,6,16,0.6168189214495243
6,10,16,0.4920422445583172
3,13,16,0.5376043881865737
9,7,16,0.15407061357868015
9,7,16,NaN
13,3,16,0.17721222719246632
1,15,16,NaN
8,8,16,NaN
14,2,16,0.7736549046044264
5,11,16,0.0213685999999998
7,9,16,NaN
5,11,16,NaN
7,9,16,NaN
5,11,16,0.4431893633910816
6,10,16,0.08491645534150608
9,7,16,0.3182800732735301
12,4,16,0.004703550993691064
8,8,16,NaN
9,7,16,0.7087129780995387
4,12,16,NaN
10,6,16,NaN
10,6,16,0.13349194201575146
9,7,16,0.9507681516607924
6,10,16,0.0169180642668304
3,13,16,0.00496114553628933
5,11,16,0.09831643411640277
7,9,16,NaN
4,12,16,0.2723000524553572
8,8,16,0.8014691082975914
4,12,16,0.8999851143675383
7,9,16,0.5017060956183681
12,4,16,0.5171822522425006
7,9,16,0.039687384300341605
3,13,16,NaN
6,10,16,0.6168189214495243
13,3,16,0.7736549046044264
11,5,16,0.742601995273523
6,10,16,0.3950893865694002
8,8,16,0.8827667358654245
9,7,16,0.02485526878316746
9,7,16,0.034189760979797854
5,11,16,NaN
6,10,16,0.3099009652134965
5,11,16,0.5376043881865737
8,8,16,NaN
5,11,16,0.6526495770230368
11,5,16,NaN
13,3,16,0.5836556595239325
5,11,16,NaN
10,6,16,NaN
5,11,16,0.8655008786900369
7,9,16,0.6282574491159135
5,11,16,4.866085998961226e-16
6,10,16,0.7776331272703474
2,14,16,NaN
7,9,16,NaN
5,11,16,0.3950893865694002
4,12,16,0.06273758667360736
4,12,16,0.9290197578706562
3,13,16,0.0001735346754597604
6,10,16,0.4657444679710164
4,12,16,0.024398657406588996
7,9,16,NaN
11,5,16,0.3286970234916314
11,5,16,0.23281253660574666
6,10,16,NaN
9,7,16,0.14241270607257855
3,13,16,0.9721090913347351
4,12,16,0.4431893633910816
6,10,16,NaN
4,12,16,0.00023618079989658777
4,12,16,0.17721222719246632
4,12,16,0.011147134228187437
8,8,16,NaN
5,11,16,NaN
7,9,16,NaN
1,15,16,0.008045552606210413
4,12,16,0.7000459950789564
4,12,16,0.3099009652134965
8,8,16,0.7851553050833457
8,8,16,0.537964995673772
7,9,16,NaN
7,9,16,0.15934832654074962
3,13,16,0.00011989630895950363
3,13,16,0.044297234872277026
2,14,16,NaN
6,10,16,NaN
8,8,16,0.23609730939414558
8,8,16,0.13349194201575146
5,11,16,NaN
9,7,16,0.0017680467967875057
3,13,16,0.15407061357868015
7,9,16,0.060312683913056456
2,14,16,0.19255676942321917
1,15,16,0.039687384300341605
8,8,16,0.22428944869083287
4,12,16,0.2054386262940906
9,7,16,0.29602786054357955
5,11,16,0.5942912074679819
7,9,16,0.7736549046044264
2,14,16,NaN
1,15,16,0.34936774434310386
3,13,16,NaN
6,10,16,0.001086490211934399
9,7,16,0.9854887762528594
4,12,16,0.2723000524553572
7,9,16,0.7711873529209502
5,11,16,0.8137054224389692
3,13,16,0.034605295647823726
2,14,16,0.3950893865694002
4,12,16,0.06903106717648398
4,12,16,NaN
4,12,16,NaN
1,15,16,0.15407061357868015
1,15,16,0.006330742305371628
1,15,16,0.6282574491159135
1,15,16,NaN
4,12,16,NaN
1,15,16,NaN
2,14,16,0.23609730939414558
1,15,16,0.22992934421835368
1,15,16,0.04700692530022388
0,16,16,NaN
0,16,16,0.01582123369761258
0,16,16,0.13349194201575146
0,16,16,0.23609730939414558
0,16,16,NaN
0,16,16,0.06273758667360736
0,16,16,0.002968079223927906
8,7,15,0.2054386262940906
4,11,15,0.3099009652134965
6,9,15,0.509389190732802
10,5,15,NaN
7,8,15,0.8999851143675383
3,12,15,0.8453965225401804
10,5,15,0.8655008786900369
7,8,15,0.011147134228187437
14,1,15,NaN
4,11,15,0.8211536013784135
7,8,15,0.033369563616927576
6,9,15,NaN
7,8,15,0.002000265306122949
8,7,15,0.03305824726627444
14,1,15,3.610883384102015e-5
10,5,15,0.004813960230890755
6,9,15,0.10384804200159865
5,10,15,NaN
7,8,15,0.010195793159993683
7,8,15,0.13349194201575146
5,10,15,0.4920422445583172
11,4,15,NaN
6,9,15,0.03920184886537634
13,2,15,0.4920422445583172
10,5,15,0.22661272148759484
8,7,15,0.0986538124916049
10,5,15,NaN
10,5,15,NaN
1,14,15,1.9716362671019842e-5
7,8,15,0.039687384300341605
7,8,15,NaN
6,9,15,0.030135545827633423
10,5,15,0.4920422445583172
12,3,15,0.23645108593948783
14,1,15,0.02091572637322518
4,11,15,0.3099009652134965
10,5,15,0.13349194201575146
8,7,15,NaN
9,6,15,NaN
10,5,15,0.742601995273523
10,5,15,0.034605295647823726
7,8,15,0.1150424729161512
9,6,15,0.2054386262940906
8,7,15,0.456289185672934
9,6,15,NaN
5,10,15,NaN
7,8,15,0.7736549046044264
6,9,15,0.8014691082975914
9,6,15,NaN
4,11,15,NaN
11,4,15,NaN
8,7,15,NaN
11,4,15,NaN
9,6,15,0.009410414330218242
8,7,15,0.19882024256609493
13,2,15,0.025688675504669942
10,5,15,0.13349194201575146
13,2,15,0.7988990992714926
8,7,15,0.36578444703193835
4,11,15,0.15407061357868015
8,7,15,0.8827667358654245
4,11,15,0.0213685999999998
8,7,15,0.8453965225401804
9,6,15,0.18590524308802842
6,9,15,0.612746566168068
8,7,15,0.0025014816705293615
7,8,15,0.004147150332940081
12,3,15,NaN
5,10,15,0.14760456962697224
7,8,15,0.8655008786900369
14,1,15,0.34936774434310386
8,7,15,0.025372923968327302
2,13,15,0.8234957828997682
6,9,15,0.15407061357868015
12,3,15,0.6100776188383064
9,6,15,3.5782817730957727e-9
12,3,15,0.9152375708831951
7,8,15,0.7087129780995387
13,2,15,0.2723000524553572
6,9,15,0.4832716308418932
8,7,15,0.007153323461079722
10,5,15,0.1150424729161512
8,7,15,0.17721222719246632
6,9,15,0.6706377302926072
10,5,15,NaN
2,13,15,NaN
4,11,15,NaN
13,2,15,NaN
11,4,15,0.23609730939414558
12,3,15,0.6073754693480983
11,4,15,0.08491645534150608
2,13,15,NaN
12,3,15,0.7736549046044264
7,8,15,NaN
2,13,15,0.3257143094912139
6,9,15,NaN
13,2,15,NaN
2,13,15,0.16356637798243928
7,8,15,0.357477353005779
10,5,15,NaN
7,8,15,0.034605295647823726
9,6,15,0.5836556595239325
6,9,15,0.20300577626635372
5,10,15,0.15458788430376882
8,7,15,NaN
8,7,15,0.34936774434310386
6,9,15,NaN
5,10,15,0.3950893865694002
7,8,15,0.7736549046044264
4,11,15,0.07287517728397767
3,12,15,0.23609730939414558
9,6,15,0.06273758667360736
4,11,15,0.4431893633910816
2,13,15,0.04631332256059672
5,10,15,NaN
3,12,15,0.0986538124916049
8,7,15,0.5194568565067373
5,10,15,NaN
10,5,15,0.3099009652134965
6,9,15,0.9602229766652525
11,4,15,NaN
10,5,15,0.13349194201575146
2,13,15,0.0027242448696698177
5,10,15,0.0003443308714922203
7,8,15,0.8014691082975914
6,9,15,0.23609730939414558
8,7,15,0.9290197578706562
10,5,15,NaN
5,10,15,NaN
4,11,15,0.21125778697144595
4,11,15,0.001171665896857988
4,11,15,NaN
7,8,15,0.9890426773313062
10,5,15,0.8014691082975914
9,6,15,0.5836556595239325
9,6,15,0.23609730939414558
6,9,15,0.9405257031659899
11,4,15,0.8655008786900369
9,6,15,0.6706377302926072
7,8,15,NaN
10,5,15,0.3950893865694002
10,5,15,0.1380843681484299
10,5,15,NaN
7,8,15,0.035686406221522554
4,11,15,0.4112308170293053
3,12,15,0.8234957828997682
5,10,15,0.4431893633910816
4,11,15,NaN
7,8,15,0.3950893865694002
6,9,15,NaN
4,11,15,NaN
6,9,15,0.6192052063071919
3,12,15,0.08491645534150608
8,7,15,0.5202470280159396
6,9,15,NaN
7,8,15,NaN
9,6,15,0.2054386262940906
7,8,15,0.030135545827633423
12,3,15,0.7736549046044264
10,5,15,0.07287517728397767
12,3,15,0.5376043881865737
4,11,15,NaN
7,8,15,0.6282574491159135
3,12,15,0.2054386262940906
14,1,15,0.23609730939414558
7,8,15,0.24385773939393943
13,2,15,0.9152375708831951
6,9,15,0.4431893633910816
9,6,15,0.015948282183802766
5,10,15,0.05338838749999978
8,7,15,NaN
4,11,15,0.6239656668128829
3,12,15,0.01729202585435718
6,9,15,NaN
7,8,15,0.015310519823788312
8,7,15,0.8659916222049314
5,10,15,NaN
8,7,15,0.05385377233623356
7,8,15,NaN
7,8,15,0.6405985409389819
4,11,15,0.9290197578706562
6,9,15,0.23609730939414558
12,3,15,0.002132363439714564
6,9,15,NaN
12,3,15,0.0036076768158992715
4,11,15,0.8234957828997682
5,10,15,0.9602229766652525
1,14,15,0.5376043881865737
2,13,15,NaN
9,6,15,0.04387592226239394
5,10,15,0.7736549046044264
8,7,15,NaN
11,4,15,0.30945743105268
10,5,15,0.017936625825384724
6,9,15,NaN
6,9,15,NaN
10,5,15,0.1493380451021426
10,5,15,NaN
6,9,15,NaN
9,6,15,0.015310519823788312
5,10,15,0.011147134228187437
5,10,15,0.039687384300341605
7,8,15,0.3551502502192891
4,11,15,NaN
12,3,15,0.0008562118731772816
8,7,15,1.7405646518903613e-8
11,4,15,0.13620891931689008
4,11,15,0.6706377302926072
9,6,15,0.8453965225401804
11,4,15,NaN
5,10,15,NaN
6,9,15,NaN
8,7,15,0.4832716308418932
13,2,15,NaN
2,13,15,0.0986538124916049
4,11,15,0.742601995273523
8,7,15,0.008983068231965468
6,9,15,0.537964995673772
4,11,15,NaN
5,10,15,0.07287517728397767
10,5,15,NaN
6,9,15,0.1278665574616902
5,10,15,2.6743577061319972e-6
5,10,15,NaN
9,6,15,0.03700415612684235
5,10,15,0.13795144261915174
7,8,15,0.9749866754036435
3,12,15,0.742601995273523
7,8,15,NaN
10,5,15,NaN
4,11,15,0.42075233231311104
5,10,15,0.4431893633910816
6,9,15,0.13349194201575146
2,13,15,0.03154779208577053
6,9,15,0.08491645534150608
3,12,15,NaN
6,9,15,0.2723000524553572
5,10,15,NaN
5,10,15,0.34936774434310386
1,14,15,0.8582761481615059
3,12,15,0.17870366759602502
1,14,15,0.000201423917544325
3,12,15,0.4431893633910816
3,12,15,0.5376043881865737
9,6,15,0.9405257031659899
5,10,15,0.17721222719246632
7,8,15,0.8234957828997682
4,11,15,0.11042320561257192
3,12,15,0.7171747585301114
1,14,15,0.2054386262940906
5,10,15,0.07287517728397767
1,14,15,NaN
7,8,15,0.11598883991242408
9,6,15,0.5362051282387934
3,12,15,NaN
1,14,15,NaN
3,12,15,NaN
4,11,15,NaN
3,12,15,0.816824889306288
3,12,15,0.02338573809335064
6,9,15,0.32923071354689265
2,13,15,NaN
5,10,15,NaN
2,13,15,NaN
7,8,15,7.698239572257529e-7
3,12,15,0.007397984624808696
3,12,15,0.9809153258638088
5,10,15,0.36250298260320424
1,14,15,0.8453965225401804
1,14,15,0.6529880813774068
8,7,15,NaN
3,12,15,0.24128572404526213
2,13,15,NaN
1,14,15,0.34936774434310386
8,7,15,0.00499225271869672
5,10,15,NaN
5,10,15,0.6282574491159135
3,12,15,0.3950893865694002
1,14,15,0.5836556595239325
1,14,15,NaN
2,13,15,0.3099009652134965
3,12,15,0.0024939637584154794
2,13,15,NaN
3,12,15,0.17721222719246632
3,12,15,NaN
3,12,15,0.9747364638126857
2,13,15,0.08205696073306759
2,13,15,0.7050582388424925
5,10,15,0.15407061357868015
4,11,15,0.3950893865694002
3,12,15,0.5376043881865737
2,13,15,NaN
3,12,15,NaN
1,14,15,NaN
0,15,15,2.3290044531940875e-6
0,15,15,0.9677549750289749
0,15,15,NaN
0,15,15,NaN
0,15,15,0.9885603912312821
0,15,15,NaN
0,15,15,0.24244706466368812
0,15,15,NaN
0,15,15,NaN
0,15,15,0.2279464383109441
10,4,14,0.9628363286145526
11,3,14,NaN
10,4,14,0.020397580541184148
8,6,14,0.8234957828997682
5,9,14,0.8453965225401804
6,8,14,0.6706377302926072
8,6,14,0.3099009652134965
12,2,14,0.3687141981886073
6,8,14,0.2054386262940906
7,7,14,NaN
11,3,14,NaN
9,5,14,0.48063534690538645
7,7,14,0.34462325068744687
8,6,14,0.1150424729161512
7,7,14,0.3950893865694002
13,1,14,0.19747390380882882
5,9,14,0.5836556595239325
9,5,14,NaN
9,5,14,0.8453965225401804
8,6,14,NaN
7,7,14,0.933714582848907
11,3,14,0.742601995273523
7,7,14,NaN
6,8,14,NaN
7,7,14,0.9365640936772222
7,7,14,0.13349194201575146
4,10,14,0.13498062620523002
9,5,14,0.18590524308802842
5,9,14,0.02540058808499071
7,7,14,NaN
9,5,14,0.4431893633910816
8,6,14,0.0213685999999998
11,3,14,0.004982262064870958
5,9,14,0.0213685999999998
5,9,14,NaN
2,12,14,0.5836556595239325
8,6,14,0.413069875026209
11,3,14,NaN
13,1,14,0.0005182160515695247
10,4,14,0.9290197578706562
6,8,14,0.7958347869005451
7,7,14,0.8999851143675383
6,8,14,0.05729096778251577
11,3,14,0.996109792408719
6,8,14,NaN
9,5,14,0.9422072819552506
5,9,14,NaN
8,6,14,NaN
12,2,14,0.020825974053422586
8,6,14,0.996109792408719
6,8,14,0.21267976755207332
6,8,14,0.0986538124916049
8,6,14,0.0009654387758247423
5,9,14,NaN
11,3,14,0.5376043881865737
9,5,14,0.17721222719246632
8,6,14,0.7452354782245207
8,6,14,NaN
5,9,14,NaN
8,6,14,6.976233876046491e-6
1,13,14,NaN
6,8,14,NaN
9,5,14,0.4920422445583172
7,7,14,0.4920422445583172
7,7,14,NaN
9,5,14,0.3392376723557966
4,10,14,0.13603222737765555
5,9,14,0.2613363022391882
8,6,14,0.7255832002224731
6,8,14,0.2723000524553572
5,9,14,0.0020624873114660817
10,4,14,0.13215952351285248
8,6,14,0.3099009652134965
7,7,14,NaN
4,10,14,0.4920422445583172
8,6,14,NaN
8,6,14,0.41479877752859995
7,7,14,NaN
6,8,14,0.030135545827633423
7,7,14,0.7617814615426987
7,7,14,0.6706377302926072
11,3,14,0.9507681516607924
12,2,14,1.758409419053471e-6
5,9,14,0.10348610691442867
9,5,14,0.5836556595239325
7,7,14,NaN
11,3,14,0.02508601583797127
1,13,14,NaN
5,9,14,NaN
11,3,14,0.8655008786900369
6,8,14,0.2077435855020005
5,9,14,0.8014691082975914
7,7,14,0.14837138225317706
7,7,14,0.1150424729161512
7,7,14,NaN
12,2,14,NaN
7,7,14,NaN
13,1,14,3.216174712107499e-6
9,5,14,2.3294267700144494e-9
8,6,14,0.8453965225401804
8,6,14,0.9962235472177507
8,6,14,NaN
3,11,14,0.1150424729161512
11,3,14,0.7087129780995387
5,9,14,NaN
10,4,14,0.0004346383958777666
10,4,14,0.017041343448880086
4,10,14,0.04631332256059672
6,8,14,0.6282574491159135
10,4,14,0.07287517728397767
4,10,14,NaN
4,10,14,7.836035153242446e-7
10,4,14,1.1205624480491399e-7
7,7,14,0.039687384300341605
7,7,14,0.039687384300341605
4,10,14,0.018526218298914945
7,7,14,0.9854887762528594
7,7,14,0.015310519823788312
10,4,14,0.2723000524553572
5,9,14,0.7087129780995387
11,3,14,2.822903325714185e-7
3,11,14,0.0986538124916049
7,7,14,0.34936774434310386
6,8,14,0.3099009652134965
5,9,14,0.4431893633910816
11,3,14,0.019400645343705825
4,10,14,0.31542423153138943
9,5,14,NaN
7,7,14,0.7736549046044264
6,8,14,0.030135545827633423
4,10,14,0.0986538124916049
4,10,14,NaN
7,7,14,0.04172929073314463
4,10,14,0.007172185396366679
3,11,14,0.0986538124916049
7,7,14,0.46487942352211736
9,5,14,NaN
9,5,14,NaN
4,10,14,0.34936774434310386
2,12,14,0.8827667358654245
11,3,14,0.06273758667360736
4,10,14,0.5376043881865737
7,7,14,0.3099009652134965
5,9,14,0.012864584733972605
7,7,14,0.07626070672508652
11,3,14,0.4431893633910816
3,11,14,NaN
7,7,14,0.0774506767253152
6,8,14,0.7087129780995387
6,8,14,0.3099009652134965
8,6,14,0.17721222719246632
7,7,14,0.34936774434310386
11,3,14,0.8655008786900369
8,6,14,NaN
3,11,14,NaN
7,7,14,NaN
6,8,14,0.856106017789505
4,10,14,NaN
8,6,14,0.06273758667360736
1,13,14,NaN
3,11,14,NaN
8,6,14,0.08491645534150608
7,7,14,0.5633350273618252
7,7,14,NaN
9,5,14,NaN
4,10,14,NaN
2,12,14,NaN
9,5,14,0.6168189214495243
5,9,14,0.017440670403637545
5,9,14,0.8004234008572397
5,9,14,NaN
7,7,14,NaN
4,10,14,0.9152375708831951
6,8,14,0.8331246753764359
6,8,14,0.8234957828997682
6,8,14,NaN
9,5,14,NaN
10,4,14,0.0007944485926110414
9,5,14,0.4431893633910816
7,7,14,0.011147134228187437
9,5,14,0.6282574491159135
9,5,14,0.6282574491159135
13,1,14,NaN
5,9,14,NaN
3,11,14,NaN
8,6,14,0.5836556595239325
4,10,14,0.9152375708831951
3,11,14,0.6282574491159135
5,9,14,0.06273758667360736
8,6,14,0.20475846785366703
4,10,14,0.8593624842036806
3,11,14,1.7354587723539117e-5
4,10,14,NaN
4,10,14,0.3099009652134965
8,6,14,NaN
5,9,14,NaN
8,6,14,0.6282574491159135
5,9,14,0.0002628971361926713
2,12,14,0.742601995273523
3,11,14,0.8253703452243382
7,7,14,NaN
3,11,14,0.5833748122538633
7,7,14,0.0003443308714922203
6,8,14,0.7736549046044264
6,8,14,0.0004696238876437447
8,6,14,0.2723000524553572
10,4,14,0.4431893633910816
10,4,14,0.6432759334147731
8,6,14,0.15407061357868015
6,8,14,NaN
12,2,14,0.8659916222049314
5,9,14,0.5474022586407091
4,10,14,NaN
7,7,14,0.6311968781061505
10,4,14,0.3099009652134965
6,8,14,0.020897690057732708
3,11,14,0.016926103830756843
2,12,14,0.00017791857137933707
8,6,14,NaN
5,9,14,0.7736549046044264
8,6,14,0.029498739858420813
11,3,14,0.9290197578706562
5,9,14,NaN
8,6,14,NaN
6,8,14,0.8453965225401804
7,7,14,0.9152375708831951
4,10,14,0.171469616389026
4,10,14,0.421515633788921
12,2,14,0.8999851143675383
9,5,14,0.8827667358654245
1,13,14,0.015310519823788312
7,7,14,NaN
9,5,14,0.039687384300341605
9,5,14,NaN
7,7,14,0.742601995273523
6,8,14,0.742601995273523
3,11,14,0.3093356399114347
7,7,14,NaN
9,5,14,0.0004972036489255691
8,6,14,NaN
8,6,14,NaN
5,9,14,NaN
3,11,14,0.23745601444513653
6,8,14,0.8234957828997682
5,9,14,NaN
6,8,14,0.4920422445583172
4,10,14,0.05338838749999978
3,11,14,0.015021793196442024
8,6,14,0.000774152532913766
8,6,14,0.9507681516607924
5,9,14,0.7103114775888699
2,12,14,0.004147150332940081
3,11,14,0.05953086132123429
4,10,14,0.6706377302926072
7,7,14,0.6079974523565005
11,3,14,0.8827667358654245
5,9,14,0.7087129780995387
5,9,14,0.4191786482342701
6,8,14,0.29587219170465473
9,5,14,NaN
5,9,14,0.05338838749999978
5,9,14,NaN
2,12,14,0.4920422445583172
5,9,14,NaN
7,7,14,0.7087129780995387
4,10,14,0.7087129780995387
8,6,14,0.0468121697895456
8,6,14,0.03856018354729541
7,7,14,NaN
7,7,14,NaN
3,11,14,0.941757918862819
8,6,14,NaN
4,10,14,0.8453965225401804
6,8,14,NaN
8,6,14,0.06273758667360736
6,8,14,NaN
2,12,14,0.19882024256609493
6,8,14,0.8655008786900369
9,5,14,0.9809153258638088
7,7,14,0.4431893633910816
6,8,14,0.8234957828997682
4,10,14,NaN
2,12,14,0.17721222719246632
4,10,14,0.04631332256059672
9,5,14,0.0986538124916049
3,11,14,0.6282574491159135
4,10,14,0.8014691082975914
2,12,14,0.5836556595239325
5,9,14,0.2054386262940906
2,12,14,0.5357901971625689
8,6,14,0.18802123336309237
3,11,14,0.8866378846274444
9,5,14,0.0017291479004638709
6,8,14,0.034605295647823726
3,11,14,NaN
8,6,14,0.7736549046044264
9,5,14,0.9944459477494365
4,10,14,0.013166985494505864
4,10,14,0.4431893633910816
6,8,14,0.8593624842036806
5,9,14,NaN
2,12,14,0.0011784712573258834
8,6,14,NaN
8,6,14,0.2569955272202259
8,6,14,NaN
2,12,14,0.13349194201575146
7,7,14,NaN
11,3,14,0.5113611627344492
9,5,14,NaN
3,11,14,0.23507056185410838
8,6,14,NaN
4,10,14,0.8234957828997682
2,12,14,NaN
5,9,14,NaN
4,10,14,NaN
6,8,14,0.8081142148799103
4,10,14,0.6706377302926072
6,8,14,NaN
9,5,14,NaN
4,10,14,0.006330742305371628
1,13,14,1.901415459664321e-5
4,10,14,0.4920422445583172
5,9,14,9.088488733613526e-12
5,9,14,NaN
5,9,14,0.2340926880007316
4,10,14,3.6957648752563774e-5
1,13,14,0.74378637330975
4,10,14,0.17721222719246632
3,11,14,0.2723000524553572
2,12,14,NaN
3,11,14,NaN
5,9,14,NaN
1,13,14,NaN
3,11,14,0.3468454932106979
5,9,14,0.742601995273523
7,7,14,NaN
5,9,14,0.32018443298582083
3,11,14,NaN
3,11,14,0.6706377302926072
3,11,14,0.7422264804296659
2,12,14,0.3099009652134965
3,11,14,0.2723000524553572
2,12,14,NaN
3,11,14,NaN
1,13,14,NaN
1,13,14,NaN
4,10,14,0.011147134228187437
3,11,14,0.007582847445600215
1,13,14,0.4920422445583172
3,11,14,0.5376043881865737
1,13,14,0.13349194201575146
2,12,14,0.015310519823788312
3,11,14,0.3950893865694002
3,11,14,0.22873117231587767
2,12,14,NaN
2,12,14,NaN
2,12,14,0.6282574491159135
1,13,14,0.0009988271540582485
1,13,14,0.17721222719246632
1,13,14,NaN
2,12,14,0.14241270607257855
0,14,14,0.9933481781285391
0,14,14,NaN
0,14,14,NaN
0,14,14,0.3901307299240043
0,14,14,0.17721222719246632
0,14,14,NaN
0,14,14,NaN
0,14,14,NaN
0,14,14,NaN
0,14,14,NaN
0,14,14,0.015310519823788312
0,14,14,0.0022210485286876403
0,14,14,NaN
0,14,14,0.08491645534150608
0,14,14,0.34936774434310386
0,14,14,0.014087108348716265
6,7,13,0.2054386262940906
5,8,13,0.039687384300341605
4,9,13,NaN
9,4,13,0.5376043881865737
5,8,13,0.915618464547682
6,7,13,0.007659580536912271
12,1,13,0.6106497843698789
10,3,13,0.9152375708831951
3,10,13,0.13349194201575146
7,6,13,NaN
9,4,13,NaN
6,7,13,NaN
9,4,13,NaN
6,7,13,0.15407061357868015
8,5,13,NaN
11,2,13,NaN
4,9,13,0.5376043881865737
5,8,13,NaN
4,9,13,0.019584547066221713
6,7,13,0.6282574491159135
3,10,13,0.04631332256059672
9,4,13,NaN
5,8,13,NaN
3,10,13,NaN
7,6,13,0.13349194201575146
8,5,13,NaN
8,5,13,1.4092055313826028e-12
11,2,13,0.6045267987295568
10,3,13,0.8999851143675383
6,7,13,0.016215083160588097
4,9,13,0.07774391557779846
12,1,13,0.8655008786900369
4,9,13,0.7087129780995387
3,10,13,9.861423565328856e-8
12,1,13,NaN
8,5,13,0.0986538124916049
4,9,13,0.1867372117591186
6,7,13,NaN
10,3,13,0.0883040296837117
8,5,13,0.22340089414373912
5,8,13,NaN
5,8,13,NaN
10,3,13,NaN
6,7,13,NaN
11,2,13,0.6706377302926072
5,8,13,NaN
11,2,13,0.5805804139894951
7,6,13,0.41289568319990966
7,6,13,0.012807884056653016
6,7,13,0.3257143094912139
6,7,13,NaN
6,7,13,0.030135545827633423
7,6,13,NaN
7,6,13,0.2723000524553572
9,4,13,0.34936774434310386
10,3,13,NaN
13,0,13,NaN
7,6,13,0.21040280909060835
5,8,13,0.7087129780995387
5,8,13,NaN
6,7,13,NaN
7,6,13,NaN
9,4,13,0.4431893633910816
10,3,13,0.034605295647823726
5,8,13,0.8827667358654245
5,8,13,0.4431893633910816
9,4,13,0.4125115060701261
2,11,13,0.5376043881865737
3,10,13,NaN
9,4,13,0.002436710801393347
6,7,13,0.9152375708831951
8,5,13,0.7441304324914768
6,7,13,NaN
5,8,13,0.6706377302926072
2,11,13,NaN
6,7,13,0.7255832002224731
6,7,13,0.5376043881865737
2,11,13,0.06578178432077637
7,6,13,NaN
9,4,13,1.3343776344075877e-6
7,6,13,0.16672619626483282
6,7,13,0.17186553131238091
1,12,13,0.06631958392234719
3,10,13,0.5836556595239325
5,8,13,0.8816499932170185
6,7,13,0.1526872194531069
11,2,13,NaN
5,8,13,0.5176619422924003
6,7,13,0.13349194201575146
9,4,13,0.6282574491159135
4,9,13,NaN
8,5,13,0.022809311989215608
8,5,13,0.7051927049782064
7,6,13,0.4920422445583172
9,4,13,0.7087129780995387
4,9,13,NaN
10,3,13,0.5580182206456169
2,11,13,0.4920422445583172
7,6,13,0.25526855788207653
5,8,13,NaN
7,6,13,0.13349194201575146
7,6,13,0.4920422445583172
3,10,13,NaN
5,8,13,NaN
5,8,13,NaN
9,4,13,0.00392633132989801
5,8,13,0.0068769452439487195
7,6,13,NaN
3,10,13,0.6706377302926072
10,3,13,0.0986538124916049
10,3,13,0.8453965225401804
5,8,13,0.29332151307795945
7,6,13,NaN
9,4,13,0.9809153258638088
10,3,13,0.15407061357868015
3,10,13,0.04631332256059672
5,8,13,NaN
3,10,13,0.4339978148540042
7,6,13,0.9152375708831951
6,7,13,NaN
7,6,13,0.030135545827633423
4,9,13,NaN
5,8,13,0.06709435698599193
8,5,13,0.9378949170721552
8,5,13,0.7087129780995387
8,5,13,0.9602229766652525
9,4,13,NaN
6,7,13,0.9171202509284033
6,7,13,NaN
8,5,13,0.039687384300341605
7,6,13,0.5836556595239325
7,6,13,0.11966047985292183
10,3,13,0.8014691082975914
4,9,13,0.8065573497698243
11,2,13,0.9854887762528594
6,7,13,NaN
9,4,13,NaN
5,8,13,NaN
9,4,13,NaN
5,8,13,0.19432110856309007
9,4,13,NaN
7,6,13,0.9152375708831951
2,11,13,0.030135545827633423
4,9,13,0.8655008786900369
4,9,13,0.742601995273523
11,2,13,NaN
7,6,13,NaN
7,6,13,0.058571502886535225
9,4,13,0.04631332256059672
6,7,13,0.0213685999999998
4,9,13,NaN
9,4,13,0.6282574491159135
7,6,13,0.03454454306721281
9,4,13,0.01724329181948048
4,9,13,0.3099009652134965
9,4,13,NaN
6,7,13,0.9290197578706562
4,9,13,NaN
8,5,13,NaN
2,11,13,NaN
11,2,13,0.4920422445583172
9,4,13,0.025688675504669942
8,5,13,0.04416388856058657
8,5,13,0.7087129780995387
2,11,13,0.2723000524553572
7,6,13,0.7770244843695738
5,8,13,NaN
4,9,13,NaN
8,5,13,NaN
9,4,13,0.5434810654270791
6,7,13,0.07287517728397767
5,8,13,NaN
10,3,13,0.5836556595239325
12,1,13,0.866561913698276
6,7,13,0.004226553649451218
12,1,13,1.601372927007872e-5
5,8,13,0.9602229766652525
8,5,13,0.4431893633910816
2,11,13,NaN
3,10,13,0.2432281683050477
3,10,13,NaN
7,6,13,0.4431893633910816
6,7,13,NaN
2,11,13,NaN
5,8,13,0.5836556595239325
5,8,13,0.04631332256059672
8,5,13,0.2723000524553572
7,6,13,1.6678448371625342e-8
6,7,13,0.06273758667360736
2,11,13,0.004002631844032721
5,8,13,0.2054386262940906
6,7,13,NaN
4,9,13,NaN
8,5,13,NaN
2,11,13,0.08491645534150608
7,6,13,0.0018378666625964212
6,7,13,NaN
1,12,13,0.5443418139345186
7,6,13,0.07287517728397767
8,5,13,0.4700104467493003
8,5,13,0.004112017869053831
9,4,13,NaN
6,7,13,NaN
10,3,13,0.34936774434310386
9,4,13,0.5406732679747721
5,8,13,NaN
4,9,13,0.15407061357868015
9,4,13,0.2723000524553572
3,10,13,NaN
6,7,13,0.3099009652134965
8,5,13,0.008145377475646065
9,4,13,0.8453965225401804
5,8,13,0.3099009652134965
4,9,13,0.7087129780995387
2,11,13,0.006856184987502999
6,7,13,NaN
7,6,13,0.06273758667360736
10,3,13,0.015310519823788312
3,10,13,0.009852812584180401
6,7,13,0.1150424729161512
2,11,13,0.8655008786900369
3,10,13,0.5376043881865737
6,7,13,NaN
3,10,13,0.29587219170465473
11,2,13,NaN
5,8,13,NaN
5,8,13,NaN
6,7,13,0.025688675504669942
1,12,13,0.5376043881865737
3,10,13,5.674037023444138e-5
4,9,13,NaN
5,8,13,0.1150424729161512
9,4,13,NaN
6,7,13,NaN
7,6,13,0.9602229766652525
2,11,13,0.7736549046044264
6,7,13,NaN
9,4,13,NaN
7,6,13,NaN
8,5,13,0.1150424729161512
4,9,13,NaN
7,6,13,0.304187050439182
5,8,13,0.06453332286948903
6,7,13,0.36578444703193835
2,11,13,NaN
3,10,13,NaN
5,8,13,0.9924179942680554
6,7,13,NaN
13,0,13,0.0033194812838836445
3,10,13,NaN
4,9,13,NaN
9,4,13,0.7087129780995387
4,9,13,NaN
4,9,13,0.04514834602952484
5,8,13,0.030135545827633423
4,9,13,0.4745010970411689
3,10,13,0.9272029834229611
7,6,13,0.8686548281869972
6,7,13,0.12617511290650296
6,7,13,NaN
10,3,13,0.43567498633451757
1,12,13,NaN
8,5,13,0.7736549046044264
2,11,13,NaN
7,6,13,0.039687384300341605
7,6,13,NaN
6,7,13,NaN
1,12,13,0.4431893633910816
7,6,13,0.01729202585435718
9,4,13,NaN
3,10,13,0.5376043881865737
10,3,13,0.008831815144654942
3,10,13,0.6706377302926072
4,9,13,0.05338838749999978
3,10,13,0.5631638874057939
9,4,13,0.007659580536912271
4,9,13,0.5376043881865737
6,7,13,0.06147054216416269
1,12,13,NaN
8,5,13,0.7147068969595857
3,10,13,NaN
10,3,13,0.20773965947565248
3,10,13,0.2796673065136468
3,10,13,0.16189277559128212
1,12,13,0.7719080449126589
7,6,13,NaN
6,7,13,0.9152375708831951
6,7,13,0.6622853246681096
7,6,13,0.34936774434310386
11,2,13,NaN
2,11,13,0.3950893865694002
5,8,13,0.6366224785045781
3,10,13,0.005599048720837987
8,5,13,0.0920066869801292
5,8,13,0.48536086472704615
5,8,13,0.023451584921160406
3,10,13,0.6706377302926072
2,11,13,0.34936774434310386
8,5,13,NaN
5,8,13,0.9602229766652525
5,8,13,NaN
3,10,13,0.1150424729161512
7,6,13,0.1150424729161512
2,11,13,0.039687384300341605
7,6,13,0.6157157648711454
8,5,13,1.6026798734225115e-5
9,4,13,0.10215813295880967
6,7,13,0.8684716776827233
3,10,13,NaN
2,11,13,0.10000019769426083
7,6,13,0.2723000524553572
4,9,13,0.6578908776326888
8,5,13,0.1150424729161512
3,10,13,0.41572818325882693
5,8,13,NaN
7,6,13,NaN
5,8,13,0.23545483563583694
5,8,13,NaN
3,10,13,0.017041343448880086
1,12,13,0.07287517728397767
3,10,13,NaN
3,10,13,0.6706377302926072
3,10,13,0.8014691082975914
4,9,13,0.7736549046044264
1,12,13,0.034605295647823726
2,11,13,0.7736549046044264
5,8,13,0.17908707862458242
1,12,13,0.09547938866918472
3,10,13,NaN
3,10,13,0.04631332256059672
6,7,13,NaN
4,9,13,0.02601926749222839
1,12,13,NaN
6,7,13,0.7736549046044264
1,12,13,0.8453965225401804
4,9,13,0.5255427942644094
7,6,13,0.4431893633910816
4,9,13,NaN
3,10,13,0.015310519823788312
1,12,13,0.3182800732735301
2,11,13,NaN
3,10,13,0.9854887762528594
5,8,13,0.8014691082975914
2,11,13,3.743065637339109e-6
1,12,13,NaN
4,9,13,0.34936774434310386
3,10,13,NaN
3,10,13,0.0074756297546128
2,11,13,0.7087129780995387
2,11,13,0.008190884464310174
2,11,13,0.2054386262940906
1,12,13,0.4920422445583172
3,10,13,NaN
1,12,13,NaN
1,12,13,0.7147068969595857
2,11,13,0.030135545827633423
2,11,13,0.34936774434310386
1,12,13,0.5376043881865737
2,11,13,0.2723000524553572
3,10,13,0.612746566168068
1,12,13,0.5833748122538633
1,12,13,0.6706377302926072
1,12,13,0.08491645534150608
1,12,13,NaN
0,13,13,NaN
0,13,13,0.23609730939414558
0,13,13,NaN
0,13,13,NaN
0,13,13,NaN
0,13,13,0.06159577412681136
0,13,13,NaN
0,13,13,0.001227214000549906
0,13,13,0.6282574491159135
0,13,13,0.030135545827633423
0,13,13,0.011147134228187437
0,13,13,0.6282574491159135
0,13,13,0.742601995273523
0,13,13,0.07287517728397767
0,13,13,0.6680720587654978
12,0,12,0.7736549046044264
3,9,12,0.17721222719246632
4,8,12,0.5836556595239325
4,8,12,0.516643594417449
5,7,12,NaN
6,6,12,0.23609730939414558
9,3,12,NaN
8,4,12,NaN
12,0,12,0.014856803305411772
10,2,12,0.2054386262940906
5,7,12,NaN
7,5,12,0.6282574491159135
11,1,12,0.0766019446582833
9,3,12,0.4125115060701261
3,9,12,0.23609730939414558
8,4,12,0.5787640395166991
9,3,12,0.2230748213205091
8,4,12,0.4013603543223143
2,10,12,0.09790744268109051
5,7,12,0.15407061357868015
2,10,12,NaN
5,7,12,0.0213685999999998
9,3,12,0.23539301067611462
7,5,12,0.8014691082975914
6,6,12,0.011147134228187437
5,7,12,0.7087129780995387
10,2,12,NaN
6,6,12,NaN
11,1,12,0.05338838749999978
3,9,12,0.8655008786900369
5,7,12,NaN
5,7,12,NaN
6,6,12,NaN
9,3,12,2.4656262776715203e-7
9,3,12,0.9898338870598412
11,1,12,0.034605295647823726
7,5,12,0.9507681516607924
7,5,12,NaN
2,10,12,0.6405985409389819
4,8,12,NaN
10,2,12,NaN
1,11,12,0.0023862596505908997
12,0,12,0.2155333466077819
5,7,12,0.9364737614125669
10,2,12,0.14826169268766834
8,4,12,NaN
3,9,12,0.09389014474275602
10,2,12,0.8453965225401804
3,9,12,0.6282574491159135
6,6,12,0.5376043881865737
7,5,12,0.0971681417261441
9,3,12,0.9152375708831951
6,6,12,0.08491645534150608
5,7,12,0.5614186191458111
8,4,12,0.17349306738041745
7,5,12,0.6773474918174506
11,1,12,NaN
8,4,12,NaN
5,7,12,0.9924179942680554
10,2,12,NaN
3,9,12,0.1145604473717527
9,3,12,0.9366617101591868
4,8,12,NaN
3,9,12,0.10384804200159865
9,3,12,NaN
6,6,12,0.4431893633910816
4,8,12,NaN
7,5,12,0.8014691082975914
2,10,12,0.23609730939414558
8,4,12,0.23609730939414558
3,9,12,0.3099009652134965
10,2,12,0.02921441100477569
9,3,12,0.8014691082975914
7,5,12,8.769864845854457e-6
7,5,12,0.3501231741062535
1,11,12,NaN
10,2,12,0.9405257031659899
6,6,12,0.6706377302926072
8,4,12,NaN
11,1,12,0.0046664345820126105
8,4,12,0.003311343021693724
6,6,12,0.23609730939414558
2,10,12,NaN
5,7,12,0.5481284807534306
4,8,12,NaN
8,4,12,NaN
1,11,12,NaN
7,5,12,1.4444044783911884e-5
8,4,12,0.5538065211128422
7,5,12,NaN
4,8,12,NaN
9,3,12,NaN
2,10,12,0.20313769578062937
9,3,12,0.879549691500227
8,4,12,0.6774453963216605
9,3,12,NaN
6,6,12,NaN
10,2,12,0.18175943641502249
4,8,12,0.06273758667360736
4,8,12,0.06921154123594521
1,11,12,0.44649877652931635
9,3,12,0.9602229766652525
6,6,12,NaN
9,3,12,0.5836556595239325
3,9,12,0.3950893865694002
9,3,12,0.17721222719246632
7,5,12,0.6289658038139693
6,6,12,NaN
4,8,12,NaN
4,8,12,NaN
6,6,12,NaN
8,4,12,0.04387592226239394
9,3,12,NaN
4,8,12,0.19711541675599664
9,3,12,0.7087129780995387
6,6,12,NaN
3,9,12,0.015092946580080877
4,8,12,0.6282574491159135
7,5,12,0.3950893865694002
3,9,12,0.5376043881865737
4,8,12,0.5836556595239325
4,8,12,0.6916973239629997
7,5,12,0.09109393776006156
8,4,12,NaN
9,3,12,0.1150424729161512
10,2,12,0.0986538124916049
5,7,12,0.01582123369761258
4,8,12,NaN
6,6,12,0.019750178335788463
7,5,12,0.6728478147248717
9,3,12,NaN
4,8,12,0.025397626937703716
6,6,12,0.0011733276179367502
4,8,12,NaN
8,4,12,0.07287517728397767
9,3,12,NaN
1,11,12,NaN
9,3,12,0.002968079223927906
7,5,12,0.5376043881865737
1,11,12,0.8234957828997682
11,1,12,0.031620534455577165
2,10,12,0.08491645534150608
12,0,12,0.5194568565067373
4,8,12,0.6282574491159135
9,3,12,0.4920422445583172
2,10,12,0.10973001730699472
5,7,12,NaN
7,5,12,0.06273758667360736
11,1,12,NaN
4,8,12,NaN
9,3,12,0.0213685999999998
11,1,12,0.8958291852172997
3,9,12,NaN
6,6,12,0.22596315908796888
4,8,12,0.017041343448880086
7,5,12,0.0420919902585883
1,11,12,0.5376043881865737
7,5,12,0.3950893865694002
7,5,12,NaN
6,6,12,NaN
11,1,12,0.07287517728397767
6,6,12,0.7677124099994116
4,8,12,0.13366841541198077
7,5,12,0.0005028886113790672
5,7,12,0.3099009652134965
2,10,12,NaN
7,5,12,0.13349194201575146
10,2,12,0.8999851143675383
5,7,12,0.23609730939414558
4,8,12,NaN
5,7,12,0.10654436787422825
8,4,12,NaN
7,5,12,0.29028580234844126
5,7,12,0.00015173247890357542
3,9,12,NaN
4,8,12,0.44490770037493343
5,7,12,0.9809153258638088
5,7,12,NaN
2,10,12,4.6362392402449726e-7
6,6,12,0.6706377302926072
6,6,12,0.23609730939414558
3,9,12,0.0151206585789949
6,6,12,0.5376043881865737
6,6,12,0.09389014474275602
1,11,12,NaN
8,4,12,0.004708926795579234
6,6,12,0.3504131687470736
3,9,12,0.8014691082975914
6,6,12,NaN
12,0,12,0.0986538124916049
2,10,12,0.5939146686403386
10,2,12,NaN
8,4,12,0.742601995273523
4,8,12,0.9747364638126857
2,10,12,NaN
6,6,12,0.4431893633910816
7,5,12,NaN
7,5,12,NaN
5,7,12,0.742601995273523
10,2,12,0.413069875026209
6,6,12,0.2457239130680686
5,7,12,0.09379124477475097
6,6,12,0.8453965225401804
6,6,12,NaN
4,8,12,0.8902735032658313
6,6,12,0.1364535519455008
11,1,12,0.34936774434310386
5,7,12,NaN
4,8,12,0.8655008786900369
6,6,12,0.2510507340645243
6,6,12,NaN
2,10,12,NaN
6,6,12,NaN
5,7,12,NaN
7,5,12,NaN
3,9,12,NaN
5,7,12,0.0986538124916049
3,9,12,NaN
8,4,12,0.32212474214622455
4,8,12,0.5105735307198189
4,8,12,NaN
2,10,12,0.08491645534150608
10,2,12,0.002968079223927906
8,4,12,0.019750178335788463
4,8,12,NaN
5,7,12,NaN
2,10,12,NaN
3,9,12,0.07763704106235633
9,3,12,0.004684994810240831
9,3,12,0.48063534690538645
8,4,12,NaN
5,7,12,NaN
9,3,12,0.38531462107644016
5,7,12,0.2025647832914441
6,6,12,0.742601995273523
2,10,12,0.4920422445583172
10,2,12,0.011523410674408256
8,4,12,0.025688675504669942
4,8,12,0.3099009652134965
8,4,12,NaN
9,3,12,0.23864089585338757
3,9,12,NaN
7,5,12,0.3709431853926272
5,7,12,0.4920422445583172
7,5,12,NaN
4,8,12,0.7087129780995387
4,8,12,NaN
9,3,12,0.34936774434310386
6,6,12,0.6706377302926072
4,8,12,0.9924179942680554
6,6,12,0.9152375708831951
6,6,12,0.08491645534150608
5,7,12,0.5376043881865737
4,8,12,NaN
6,6,12,0.2723000524553572
3,9,12,0.0007017518158071298
9,3,12,0.2723000524553572
10,2,12,0.34936774434310386
6,6,12,0.9809153258638088
3,9,12,NaN
5,7,12,NaN
2,10,12,0.924609514203203
7,5,12,NaN
6,6,12,0.8999851143675383
5,7,12,NaN
1,11,12,0.4920422445583172
2,10,12,NaN
5,7,12,0.0005180965757389616
3,9,12,0.8593624842036806
2,10,12,NaN
5,7,12,0.0008893021858852399
6,6,12,0.03468797661432957
5,7,12,0.4920422445583172
3,9,12,0.002076666331579086
4,8,12,NaN
3,9,12,0.4431893633910816
5,7,12,0.05905807209937012
9,3,12,0.5849053718804587
7,5,12,0.4920422445583172
4,8,12,0.5836556595239325
4,8,12,NaN
4,8,12,0.008571472700374536
3,9,12,0.48063534690538645
5,7,12,NaN
5,7,12,NaN
5,7,12,0.742601995273523
5,7,12,NaN
2,10,12,0.05338838749999978
10,2,12,0.7736549046044264
3,9,12,0.13349194201575146
5,7,12,0.9942087569967986
5,7,12,NaN
5,7,12,0.019531504142359993
9,3,12,0.9405257031659899
7,5,12,0.8234957828997682
2,10,12,NaN
6,6,12,0.7087129780995387
5,7,12,0.5938541271343063
3,9,12,0.05040083978020188
2,10,12,NaN
6,6,12,0.15507687148437502
3,9,12,0.4431893633910816
5,7,12,0.5829608430812807
8,4,12,NaN
2,10,12,0.8234957828997682
5,7,12,NaN
5,7,12,NaN
8,4,12,0.3847594693037491
3,9,12,0.0001580498443465695
10,2,12,0.9677549750289749
9,3,12,NaN
2,10,12,0.5836556595239325
5,7,12,NaN
8,4,12,NaN
2,10,12,0.3890112913731412
3,9,12,NaN
6,6,12,0.2723000524553572
7,5,12,0.2723000524553572
3,9,12,0.3182800732735301
10,2,12,NaN
3,9,12,0.7255832002224731
6,6,12,0.2054386262940906
2,10,12,0.4431893633910816
6,6,12,0.17721222719246632
4,8,12,NaN
2,10,12,0.13349194201575146
3,9,12,NaN
10,2,12,0.07419832351092522
6,6,12,NaN
1,11,12,0.1334375554328362
8,4,12,NaN
8,4,12,0.5494678587443448
7,5,12,NaN
4,8,12,9.750140484868598e-10
1,11,12,NaN
5,7,12,0.0837550502146186
5,7,12,NaN
7,5,12,0.8827667358654245
8,4,12,0.3950893865694002
3,9,12,0.5836556595239325
3,9,12,0.06957545298393052
3,9,12,NaN
4,8,12,0.2054386262940906
8,4,12,0.2054386262940906
5,7,12,0.3099009652134965
3,9,12,0.8827667358654245
6,6,12,0.8453965225401804
5,7,12,NaN
7,5,12,0.8999851143675383
4,8,12,0.7842398721185311
11,1,12,0.6656361422953389
6,6,12,NaN
6,6,12,NaN
3,9,12,0.9290197578706562
4,8,12,0.05338838749999978
5,7,12,0.23609730939414558
6,6,12,NaN
5,7,12,0.9405257031659899
9,3,12,NaN
10,2,12,0.007659580536912271
4,8,12,NaN
4,8,12,0.5376043881865737
4,8,12,0.3950893865694002
7,5,12,0.0986538124916049
3,9,12,0.2659341884535959
1,11,12,0.5836556595239325
3,9,12,0.0028192191714302506
5,7,12,0.6657383368840927
3,9,12,0.6576719620757969
8,4,12,0.3099009652134965
8,4,12,0.7087129780995387
7,5,12,0.4920422445583172
3,9,12,NaN
5,7,12,0.018526218298914945
1,11,12,0.04892478622681099
6,6,12,0.392531874285259
6,6,12,0.06273758667360736
3,9,12,NaN
5,7,12,NaN
7,5,12,0.1150424729161512
4,8,12,NaN
7,5,12,0.05338838749999978
4,8,12,NaN
1,11,12,0.1606103742552784
4,8,12,NaN
4,8,12,0.16366230124777106
5,7,12,0.3099009652134965
7,5,12,0.34936774434310386
6,6,12,0.9809153258638088
5,7,12,0.8453965225401804
3,9,12,0.015310519823788312
5,7,12,0.6282574491159135
4,8,12,0.24385773939393943
5,7,12,0.8014691082975914
4,8,12,0.8453965225401804
4,8,12,NaN
6,6,12,0.073026524286373
1,11,12,NaN
3,9,12,NaN
3,9,12,0.6706377302926072
4,8,12,0.011229378107131942
3,9,12,0.8655008786900369
7,5,12,0.6282574491159135
2,10,12,0.04415758002131036
9,3,12,0.2054386262940906
3,9,12,0.9364737614125669
2,10,12,4.1325521471705716e-7
3,9,12,0.2054386262940906
4,8,12,0.0986538124916049
2,10,12,0.06273758667360736
2,10,12,0.05338838749999978
2,10,12,NaN
5,7,12,NaN
1,11,12,NaN
2,10,12,NaN
5,7,12,NaN
1,11,12,0.8014691082975914
1,11,12,NaN
1,11,12,0.039687384300341605
1,11,12,0.17721222719246632
4,8,12,0.8014691082975914
4,8,12,0.17721222719246632
5,7,12,0.10676901165898342
4,8,12,NaN
5,7,12,0.1764102081894252
3,9,12,0.34936774434310386
6,6,12,0.23609730939414558
2,10,12,0.2077435855020005
3,9,12,0.13349194201575146
2,10,12,0.058437716773906793
2,10,12,0.6044485865416673
3,9,12,NaN
3,9,12,0.31651713484999855
3,9,12,0.17721222719246632
2,10,12,0.46704932401459204
3,9,12,0.0053459147286812475
3,9,12,NaN
1,11,12,NaN
2,10,12,0.04631332256059672
1,11,12,NaN
2,10,12,NaN
2,10,12,0.04631332256059672
2,10,12,0.15407061357868015
2,10,12,0.9695697397571765
4,8,12,0.007659580536912271
3,9,12,NaN
2,10,12,0.5376043881865737
2,10,12,0.4923831694437261
3,9,12,NaN
2,10,12,NaN
2,10,12,0.7736549046044264
2,10,12,NaN
2,10,12,NaN
1,11,12,0.03311364384652351
1,11,12,0.8827667358654245
1,11,12,0.01821942779491118
1,11,12,0.2054386262940906
1,11,12,0.15407061357868015
1,11,12,0.5194568565067373
1,11,12,NaN
1,11,12,NaN
1,11,12,0.02191570537212071
1,11,12,2.1938578905712832e-5
1,11,12,NaN
0,12,12,0.013166985494505864
0,12,12,NaN
0,12,12,NaN
0,12,12,0.2723000524553572
0,12,12,0.8453965225401804
0,12,12,0.04631332256059672
0,12,12,NaN
0,12,12,0.07287517728397767
0,12,12,NaN
0,12,12,0.6282574491159135
0,12,12,0.6282574491159135
0,12,12,0.7736549046044264
0,12,12,NaN
0,12,12,0.039687384300341605
7,4,11,0.07671908198302471
7,4,11,0.025688675504669942
2,9,11,NaN
4,7,11,0.956953862961031
8,3,11,0.13728875971558716
8,3,11,0.9602229766652525
8,3,11,0.6706377302926072
6,5,11,NaN
9,2,11,0.3376306561249533
9,2,11,NaN
6,5,11,0.8569054696374935
6,5,11,0.4431893633910816
7,4,11,0.4920422445583172
7,4,11,0.4431893633910816
10,1,11,0.039687384300341605
5,6,11,NaN
5,6,11,NaN
8,3,11,0.0030821113409753944
4,7,11,0.13349194201575146
2,9,11,NaN
5,6,11,NaN
4,7,11,0.36250298260320424
7,4,11,0.742601995273523
5,6,11,0.34936774434310386
4,7,11,0.23609730939414558
5,6,11,0.5197246975053165
2,9,11,NaN
4,7,11,0.8234957828997682
5,6,11,0.05971928572213441
5,6,11,0.3950893865694002
6,5,11,NaN
7,4,11,NaN
3,8,11,NaN
8,3,11,NaN
4,7,11,0.012371277045579512
7,4,11,NaN
7,4,11,1.9241705948763186e-5
3,8,11,NaN
8,3,11,2.8819559146791246e-5
7,4,11,0.6706377302926072
8,3,11,NaN
10,1,11,0.0004948645468258829
4,7,11,NaN
11,0,11,NaN
8,3,11,2.2245784928783157e-6
7,4,11,NaN
9,2,11,0.2893291717205859
3,8,11,0.19903255658106242
9,2,11,0.03591220131459871
10,1,11,0.015017779733903395
7,4,11,NaN
6,5,11,0.1875303086127085
6,5,11,NaN
2,9,11,0.5376043881865737
3,8,11,0.13349194201575146
5,6,11,NaN
6,5,11,0.15407061357868015
7,4,11,0.11473053539698141
9,2,11,0.3099009652134965
9,2,11,0.8453965225401804
8,3,11,0.34936774434310386
5,6,11,0.742601995273523
4,7,11,0.8592220143162389
8,3,11,0.34936774434310386
4,7,11,0.6706377302926072
7,4,11,NaN
6,5,11,NaN
7,4,11,0.07287517728397767
4,7,11,0.8657410980210108
2,9,11,0.06273758667360736
6,5,11,0.4920422445583172
6,5,11,0.47853506953925956
1,10,11,NaN
10,1,11,NaN
8,3,11,0.21157921704229002
8,3,11,0.5019152122792031
6,5,11,NaN
4,7,11,0.3886225844202365
5,6,11,0.019931820170537455
5,6,11,NaN
5,6,11,0.26173325294873806
3,8,11,0.6282574491159135
2,9,11,0.8655008786900369
6,5,11,NaN
10,1,11,8.836324604860767e-5
2,9,11,NaN
6,5,11,0.34936774434310386
5,6,11,NaN
4,7,11,NaN
4,7,11,0.8453965225401804
8,3,11,0.6706377302926072
5,6,11,NaN
9,2,11,NaN
4,7,11,NaN
5,6,11,NaN
4,7,11,0.0006170754589749328
6,5,11,NaN
5,6,11,NaN
6,5,11,0.9507681516607924
2,9,11,0.018088412018444362
8,3,11,NaN
9,2,11,0.9922076130137323
7,4,11,0.003997922512116443
5,6,11,0.3950893865694002
9,2,11,NaN
6,5,11,0.4920422445583172
5,6,11,0.009410414330218242
4,7,11,0.11540943935465615
9,2,11,0.742601995273523
5,6,11,NaN
5,6,11,0.48754658798335726
7,4,11,0.6282574491159135
7,4,11,NaN
4,7,11,NaN
7,4,11,NaN
5,6,11,0.041586292919050194
5,6,11,0.07287517728397767
5,6,11,0.8234957828997682
4,7,11,0.8999851143675383
5,6,11,0.2077435855020005
5,6,11,NaN
10,1,11,0.17721222719246632
4,7,11,NaN
8,3,11,0.15407061357868015
3,8,11,0.13349194201575146
8,3,11,0.23609730939414558
8,3,11,0.15407061357868015
8,3,11,0.07287517728397767
9,2,11,NaN
1,10,11,NaN
6,5,11,0.6600048827022148
6,5,11,NaN
2,9,11,0.0837550502146186
4,7,11,1.5682402185353308e-6
8,3,11,0.05897159724536718
5,6,11,NaN
5,6,11,0.413069875026209
9,2,11,0.07085011854656198
8,3,11,0.0986538124916049
3,8,11,NaN
5,6,11,0.3257143094912139
6,5,11,0.6706377302926072
3,8,11,NaN
10,1,11,0.011147134228187437
8,3,11,0.04840553337277972
3,8,11,NaN
4,7,11,NaN
1,10,11,0.6657383368840927
8,3,11,0.017057020379194578
6,5,11,NaN
6,5,11,0.040763842254851704
3,8,11,0.742601995273523
5,6,11,NaN
5,6,11,0.8453965225401804
1,10,11,0.0005270720749552976
4,7,11,0.44178083586105027
4,7,11,0.6282574491159135
9,2,11,0.5173722421232041
6,5,11,0.7087129780995387
5,6,11,NaN
5,6,11,0.07312867071160786
10,1,11,NaN
5,6,11,0.26310562541438187
2,9,11,0.12703961403474293
4,7,11,0.19443098714649823
9,2,11,0.8453965225401804
4,7,11,0.8014691082975914
2,9,11,0.5836556595239325
6,5,11,NaN
8,3,11,2.366181431639288e-5
6,5,11,NaN
9,2,11,NaN
6,5,11,NaN
3,8,11,NaN
7,4,11,NaN
5,6,11,0.3950893865694002
9,2,11,0.015310519823788312
11,0,11,NaN
7,4,11,0.12594590875936862
6,5,11,0.8692264648165894
7,4,11,0.6282574491159135
9,2,11,0.03726204774647341
3,8,11,0.2723000524553572
7,4,11,NaN
9,2,11,0.4917327201034208
4,7,11,0.08801562671419517
6,5,11,0.0213685999999998
5,6,11,NaN
6,5,11,NaN
6,5,11,NaN
10,1,11,NaN
8,3,11,0.09971951499095438
4,7,11,NaN
2,9,11,0.2723000524553572
6,5,11,NaN
9,2,11,0.8999851143675383
8,3,11,0.0026350815770833616
5,6,11,0.5168510354215234
6,5,11,NaN
9,2,11,NaN
3,8,11,NaN
7,4,11,0.34936774434310386
3,8,11,0.0016574467163331255
5,6,11,0.23126487704142024
5,6,11,0.13349194201575146
6,5,11,NaN
7,4,11,NaN
5,6,11,0.15407061357868015
3,8,11,0.5836556595239325
5,6,11,0.15079083757199968
4,7,11,0.8999851143675383
2,9,11,0.00014527577435589155
2,9,11,0.4431893633910816
9,2,11,NaN
5,6,11,0.030135545827633423
6,5,11,0.4119333614542014
10,1,11,NaN
3,8,11,0.13349194201575146
6,5,11,0.49166317088551487
5,6,11,0.025688675504669942
9,2,11,0.006465987045099771
10,1,11,0.304187050439182
5,6,11,NaN
2,9,11,0.9677549750289749
5,6,11,0.7087129780995387
6,5,11,0.3099009652134965
5,6,11,0.9932097512399021
6,5,11,0.07287517728397767
4,7,11,0.7087129780995387
9,2,11,0.07287517728397767
4,7,11,0.8453965225401804
4,7,11,0.6282574491159135
4,7,11,NaN
5,6,11,NaN
5,6,11,0.6282574491159135
7,4,11,0.763896291469829
6,5,11,0.07287517728397767
2,9,11,0.5836556595239325
3,8,11,NaN
4,7,11,NaN
6,5,11,0.08807305019779336
9,2,11,0.06273758667360736
2,9,11,0.6661867301225822
7,4,11,NaN
6,5,11,0.9361269465770146
2,9,11,0.3950893865694002
2,9,11,0.8787771666078673
5,6,11,0.15294844105833344
6,5,11,NaN
9,2,11,4.035708603759136e-6
9,2,11,0.996109792408719
3,8,11,NaN
5,6,11,0.6168189214495243
8,3,11,0.9507681516607924
2,9,11,NaN
4,7,11,0.6706377302926072
9,2,11,0.19747390380882882
5,6,11,NaN
8,3,11,0.5838013134081269
6,5,11,0.5836556595239325
10,1,11,NaN
7,4,11,0.8234957828997682
5,6,11,NaN
4,7,11,NaN
8,3,11,0.0053459147286812475
8,3,11,0.017041343448880086
2,9,11,NaN
6,5,11,0.5978282908532221
7,4,11,0.961487403285165
10,1,11,NaN
7,4,11,NaN
8,3,11,NaN
7,4,11,0.8014691082975914
3,8,11,0.7087129780995387
1,10,11,NaN
5,6,11,NaN
4,7,11,6.378312542381811e-8
5,6,11,0.00016656295190573794
5,6,11,NaN
8,3,11,0.413069875026209
9,2,11,0.290512346028205
9,2,11,0.027742633855200136
5,6,11,NaN
2,9,11,0.7087129780995387
7,4,11,0.8014691082975914
4,7,11,NaN
6,5,11,0.8234957828997682
4,7,11,0.018371559100116838
2,9,11,0.5836556595239325
4,7,11,NaN
6,5,11,NaN
4,7,11,0.8698911325572337
3,8,11,0.13349194201575146
7,4,11,0.29941841954743226
3,8,11,0.19882024256609493
4,7,11,NaN
8,3,11,0.039687384300341605
4,7,11,0.34936774434310386
7,4,11,0.941757918862819
5,6,11,NaN
7,4,11,0.06180140668028046
8,3,11,NaN
5,6,11,0.3282760899817998
5,6,11,0.08491645534150608
8,3,11,NaN
2,9,11,NaN
2,9,11,0.3950893865694002
2,9,11,NaN
2,9,11,0.8234957828997682
4,7,11,0.107362409418058
5,6,11,0.13349194201575146
7,4,11,0.8588724720922231
2,9,11,NaN
1,10,11,NaN
4,7,11,0.6706377302926072
6,5,11,NaN
3,8,11,NaN
4,7,11,0.1010951783714172
3,8,11,0.17721222719246632
5,6,11,NaN
6,5,11,0.7382655103051569
3,8,11,0.0567794726735931
2,9,11,0.4431893633910816
5,6,11,0.1150424729161512
7,4,11,0.34936774434310386
7,4,11,NaN
6,5,11,0.742601995273523
4,7,11,NaN
5,6,11,0.05338838749999978
8,3,11,0.3099009652134965
4,7,11,NaN
7,4,11,0.2054386262940906
2,9,11,0.9809153258638088
5,6,11,0.49166317088551487
3,8,11,0.8014691082975914
2,9,11,0.05383603066537823
9,2,11,NaN
5,6,11,0.7736549046044264
3,8,11,0.8827667358654245
3,8,11,0.03532644114512097
2,9,11,NaN
4,7,11,0.017041343448880086
6,5,11,NaN
4,7,11,0.05338838749999978
3,8,11,0.8493600349991197
9,2,11,NaN
7,4,11,0.004911059606515098
3,8,11,NaN
2,9,11,0.002417697076884171
4,7,11,0.0018842304677311962
7,4,11,0.004555712422669574
2,9,11,0.34936774434310386
9,2,11,0.9418513527926501
5,6,11,0.0017056975609741594
1,10,11,NaN
4,7,11,0.6282574491159135
6,5,11,0.5658360447134629
4,7,11,0.537964995673772
7,4,11,NaN
5,6,11,0.06273758667360736
6,5,11,0.5096302794865857
2,9,11,0.9677549750289749
6,5,11,0.742601995273523
5,6,11,0.0001521981452578569
6,5,11,0.5836556595239325
4,7,11,NaN
5,6,11,1.785030152864962e-5
6,5,11,0.8234957828997682
4,7,11,0.5835011297456555
3,8,11,0.2694643541486938
3,8,11,0.13349194201575146
4,7,11,0.7087129780995387
7,4,11,0.2723000524553572
5,6,11,NaN
4,7,11,0.0986538124916049
5,6,11,0.3099009652134965
1,10,11,0.5674143230690182
6,5,11,0.0986538124916049
6,5,11,0.2723000524553572
4,7,11,NaN
5,6,11,0.29267526134102023
6,5,11,NaN
6,5,11,0.7087129780995387
2,9,11,NaN
7,4,11,0.11256948986906352
5,6,11,0.34936774434310386
2,9,11,0.307554590875866
1,10,11,0.009410414330218242
5,6,11,0.975428754693195
3,8,11,NaN
3,8,11,NaN
3,8,11,NaN
9,2,11,NaN
9,2,11,0.08539972219741622
2,9,11,0.3950893865694002
6,5,11,0.017936625825384724
3,8,11,0.012638338645599764
4,7,11,0.34936774434310386
5,6,11,0.06957545298393052
4,7,11,0.21403128934250334
2,9,11,0.07086235957067896
6,5,11,0.7736549046044264
4,7,11,NaN
4,7,11,NaN
1,10,11,NaN
3,8,11,0.41414018890909854
3,8,11,NaN
3,8,11,0.13349194201575146
8,3,11,0.5538065211128422
2,9,11,NaN
2,9,11,0.002968079223927906
7,4,11,0.392531874285259
10,1,11,NaN
4,7,11,0.4431893633910816
6,5,11,NaN
3,8,11,0.8453965225401804
3,8,11,0.013166985494505864
7,4,11,0.039687384300341605
1,10,11,NaN
4,7,11,NaN
5,6,11,0.29587219170465473
8,3,11,NaN
6,5,11,0.6282574491159135
7,4,11,0.15407061357868015
2,9,11,NaN
5,6,11,0.8234957828997682
3,8,11,0.6352434691232904
3,8,11,0.045921894374200176
5,6,11,NaN
9,2,11,NaN
9,2,11,0.06273758667360736
9,2,11,0.23609730939414558
2,9,11,0.9152375708831951
2,9,11,0.9152375708831951
3,8,11,0.1150424729161512
5,6,11,NaN
10,1,11,NaN
3,8,11,0.13004964817682832
4,7,11,NaN
7,4,11,NaN
1,10,11,0.8014691082975914
8,3,11,0.3099009652134965
3,8,11,0.05054382890071421
5,6,11,NaN
4,7,11,NaN
1,10,11,NaN
5,6,11,NaN
4,7,11,NaN
3,8,11,0.8234957828997682
3,8,11,0.7221587871481188
5,6,11,0.013166985494505864
5,6,11,NaN
4,7,11,0.5836556595239325
1,10,11,NaN
1,10,11,NaN
2,9,11,NaN
2,9,11,0.034605295647823726
7,4,11,0.1150424729161512
3,8,11,NaN
2,9,11,NaN
1,10,11,NaN
5,6,11,0.17721222719246632
4,7,11,0.8827667358654245
7,4,11,0.8197147591965249
7,4,11,NaN
2,9,11,NaN
5,6,11,NaN
4,7,11,NaN
3,8,11,0.6282574491159135
3,8,11,NaN
4,7,11,0.3099009652134965
5,6,11,NaN
2,9,11,0.3958270441661038
2,9,11,0.9809153258638088
3,8,11,NaN
4,7,11,0.02938316919164142
4,7,11,0.2054386262940906
3,8,11,4.341773328606583e-5
3,8,11,0.3099009652134965
6,5,11,NaN
9,2,11,0.14305943688987857
1,10,11,0.025688675504669942
2,9,11,0.6282574491159135
3,8,11,NaN
4,7,11,0.5347957760681445
3,8,11,0.9405257031659899
6,5,11,0.5836556595239325
1,10,11,NaN
6,5,11,0.20573552997910088
5,6,11,0.7736549046044264
4,7,11,NaN
3,8,11,NaN
5,6,11,0.5723181201164714
1,10,11,NaN
4,7,11,NaN
3,8,11,0.034605295647823726
3,8,11,NaN
3,8,11,NaN
2,9,11,0.015310519823788312
4,7,11,0.3950893865694002
6,5,11,0.34936774434310386
3,8,11,NaN
2,9,11,NaN
2,9,11,0.3099009652134965
2,9,11,NaN
1,10,11,0.18191133829826195
1,10,11,NaN
4,7,11,0.4431893633910816
3,8,11,0.2627536423933134
2,9,11,0.8999851143675383
2,9,11,NaN
3,8,11,0.8747871779513015
2,9,11,NaN
2,9,11,0.04631332256059672
1,10,11,0.8234957828997682
2,9,11,0.6282574491159135
2,9,11,0.1150424729161512
2,9,11,NaN
1,10,11,NaN
2,9,11,0.9721090913347351
1,10,11,NaN
2,9,11,0.3420579703308033
3,8,11,0.925968812649003
3,8,11,0.06980590977647935
2,9,11,NaN
2,9,11,0.941757918862819
2,9,11,0.039687384300341605
1,10,11,NaN
1,10,11,NaN
1,10,11,NaN
1,10,11,0.022061785880047747
1,10,11,0.17769638296870685
0,11,11,0.8234957828997682
0,11,11,NaN
0,11,11,NaN
0,11,11,0.0006304894653724109
0,11,11,0.08491645534150608
0,11,11,NaN
0,11,11,0.0020643387748933402
0,11,11,NaN
0,11,11,NaN
0,11,11,0.23609730939414558
0,11,11,NaN
0,11,11,NaN
0,11,11,0.3950893865694002
0,11,11,NaN
0,11,11,0.06273758667360736
0,11,11,0.005132182981762697
0,11,11,NaN
0,11,11,0.17721222719246632
7,3,10,0.0002501653260748095
7,3,10,0.7087129780995387
2,8,10,0.9290197578706562
4,6,10,0.5836556595239325
7,3,10,NaN
5,5,10,NaN
2,8,10,0.23609730939414558
6,4,10,0.0018652427280430026
8,2,10,0.5836556595239325
8,2,10,0.8014691082975914
7,3,10,0.7736549046044264
6,4,10,0.17721222719246632
6,4,10,0.0986538124916049
7,3,10,0.5836556595239325
4,6,10,0.15407061357868015
10,0,10,0.034605295647823726
3,7,10,NaN
4,6,10,0.9890426773313062
5,5,10,0.0003778576804474402
6,4,10,NaN
1,9,10,0.13349194201575146
8,2,10,NaN
8,2,10,0.08491645534150608
8,2,10,NaN
8,2,10,NaN
5,5,10,0.0986538124916049
4,6,10,0.4920422445583172
5,5,10,0.6706377302926072
10,0,10,NaN
9,1,10,0.0213685999999998
3,7,10,NaN
6,4,10,0.7087129780995387
8,2,10,0.15407061357868015
4,6,10,NaN
10,0,10,4.391679189913386e-6
7,3,10,NaN
7,3,10,0.04631332256059672
4,6,10,0.8234957828997682
4,6,10,NaN
8,2,10,0.015376039147479861
8,2,10,0.8164464913852281
6,4,10,0.23864089585338757
6,4,10,NaN
3,7,10,0.1150424729161512
8,2,10,0.23609730939414558
5,5,10,0.11568783492837996
4,6,10,0.1372574039970605
3,7,10,NaN
2,8,10,0.001611890749482871
8,2,10,NaN
6,4,10,NaN
3,7,10,0.8655008786900369
5,5,10,0.1695322502688491
5,5,10,NaN
8,2,10,0.030135545827633423
7,3,10,NaN
6,4,10,0.023112433728166917
2,8,10,0.6706377302926072
6,4,10,0.8014691082975914
8,2,10,NaN
6,4,10,NaN
5,5,10,NaN
7,3,10,NaN
7,3,10,0.9507681516607924
8,2,10,NaN
6,4,10,NaN
7,3,10,0.37930974804405215
4,6,10,0.1867372117591186
5,5,10,NaN
6,4,10,NaN
6,4,10,NaN
2,8,10,0.7087129780995387
6,4,10,0.04631332256059672
8,2,10,0.4920422445583172
6,4,10,0.7211840044772053
10,0,10,0.0006000308880314882
6,4,10,NaN
8,2,10,NaN
7,3,10,0.002436710801393347
7,3,10,NaN
8,2,10,NaN
6,4,10,NaN
7,3,10,NaN
2,8,10,0.6282574491159135
4,6,10,NaN
8,2,10,NaN
4,6,10,0.011147134228187437
2,8,10,NaN
3,7,10,0.1150424729161512
6,4,10,0.03599322562048017
5,5,10,0.763896291469829
9,1,10,0.04387592226239394
9,1,10,0.23539301067611462
8,2,10,0.007659580536912271
8,2,10,NaN
6,4,10,0.7422010189145122
4,6,10,0.04514834602952484
5,5,10,NaN
3,7,10,NaN
5,5,10,NaN
8,2,10,NaN
8,2,10,NaN
7,3,10,0.6282574491159135
6,4,10,0.2670294757991191
5,5,10,NaN
4,6,10,NaN
5,5,10,0.17721222719246632
8,2,10,8.926342921852294e-8
5,5,10,0.9677549750289749
7,3,10,0.039687384300341605
3,7,10,0.2054386262940906
4,6,10,0.4431893633910816
9,1,10,NaN
6,4,10,0.2723000524553572
7,3,10,0.2723000524553572
6,4,10,NaN
2,8,10,0.17721222719246632
4,6,10,0.6706377302926072
7,3,10,0.5115338653320716
4,6,10,0.3099009652134965
5,5,10,0.4920422445583172
2,8,10,NaN
3,7,10,0.3950893865694002
8,2,10,NaN
5,5,10,NaN
6,4,10,NaN
7,3,10,NaN
5,5,10,0.015310519823788312
6,4,10,NaN
5,5,10,0.5376043881865737
7,3,10,0.6706377302926072
5,5,10,NaN
8,2,10,0.742601995273523
3,7,10,0.19404233934414283
7,3,10,0.7736549046044264
3,7,10,0.13349194201575146
4,6,10,NaN
6,4,10,0.8437272124685706
2,8,10,0.2723000524553572
6,4,10,0.7736549046044264
4,6,10,0.5836556595239325
6,4,10,0.1150424729161512
1,9,10,0.6282574491159135
8,2,10,NaN
9,1,10,0.3099009652134965
3,7,10,0.025688675504669942
5,5,10,0.7736549046044264
6,4,10,NaN
3,7,10,0.742601995273523
3,7,10,NaN
7,3,10,NaN
4,6,10,0.29028580234844126
6,4,10,NaN
4,6,10,0.019400645343705825
5,5,10,0.7736549046044264
5,5,10,0.4125115060701261
10,0,10,0.9924179942680554
7,3,10,NaN
9,1,10,NaN
7,3,10,NaN
8,2,10,0.6865343893597878
7,3,10,0.2046381726644162
1,9,10,0.04631332256059672
4,6,10,NaN
6,4,10,0.15407061357868015
5,5,10,NaN
6,4,10,0.17721222719246632
6,4,10,0.07287517728397767
3,7,10,0.023234960659632264
4,6,10,0.9152375708831951
9,1,10,NaN
4,6,10,NaN
4,6,10,0.036843836433597184
8,2,10,0.6282574491159135
4,6,10,NaN
5,5,10,0.7803659591296158
4,6,10,NaN
5,5,10,0.06273758667360736
3,7,10,0.9677549750289749
1,9,10,NaN
6,4,10,NaN
2,8,10,0.3891195696983296
8,2,10,0.1150424729161512
3,7,10,0.007659580536912271
4,6,10,0.00788559455664517
7,3,10,NaN
3,7,10,0.20573552997910088
7,3,10,0.6209934080312405
7,3,10,NaN
8,2,10,0.742601995273523
7,3,10,NaN
7,3,10,0.8406976625716349
9,1,10,0.18203509625989717
6,4,10,NaN
5,5,10,0.9234761843845226
10,0,10,0.4282088300762884
6,4,10,0.9507681516607924
6,4,10,0.4920422445583172
6,4,10,0.23897465082266656
9,1,10,NaN
8,2,10,0.015310519823788312
4,6,10,0.8014691082975914
8,2,10,0.4431893633910816
3,7,10,0.02030007018076265
6,4,10,0.17721222719246632
7,3,10,0.09007057466179498
4,6,10,0.8081142148799103
5,5,10,NaN
4,6,10,0.8453965225401804
2,8,10,NaN
1,9,10,NaN
4,6,10,NaN
3,7,10,0.15407061357868015
6,4,10,0.021341370139059804
5,5,10,0.9747364638126857
2,8,10,0.21445205091620864
3,7,10,0.3950893865694002
7,3,10,0.08737113399893977
5,5,10,NaN
4,6,10,0.8655008786900369
5,5,10,NaN
8,2,10,0.5836556595239325
4,6,10,NaN
9,1,10,0.4920422445583172
5,5,10,0.21080728891647066
4,6,10,0.9854887762528594
7,3,10,0.742601995273523
5,5,10,0.8827667358654245
4,6,10,0.17721222719246632
2,8,10,0.4920422445583172
4,6,10,NaN
2,8,10,0.017936625825384724
8,2,10,0.5836556595239325
3,7,10,NaN
9,1,10,0.2878526971781209
1,9,10,0.34936774434310386
5,5,10,NaN
5,5,10,NaN
9,1,10,0.2723000524553572
5,5,10,NaN
3,7,10,NaN
5,5,10,NaN
9,1,10,0.4431893633910816
8,2,10,NaN
7,3,10,NaN
5,5,10,NaN
1,9,10,0.0024387807609170097
4,6,10,8.63450274057098e-7
1,9,10,NaN
7,3,10,NaN
4,6,10,2.2609894367384454e-7
7,3,10,0.0986538124916049
4,6,10,0.31317428599842095
7,3,10,0.0005182160515695247
8,2,10,0.6493519130620125
3,7,10,8.836324604860767e-5
9,1,10,NaN
3,7,10,0.04387592226239394
6,4,10,NaN
5,5,10,0.10676901165898342
5,5,10,NaN
7,3,10,0.9890426773313062
5,5,10,0.3182800732735301
8,2,10,0.2695540780752359
1,9,10,0.8014691082975914
4,6,10,0.4832716308418932
6,4,10,NaN
7,3,10,NaN
4,6,10,0.015297363586896724
8,2,10,5.052994394873554e-5
7,3,10,NaN
7,3,10,0.15407061357868015
6,4,10,NaN
2,8,10,0.039687384300341605
7,3,10,NaN
8,2,10,0.742601995273523
3,7,10,NaN
4,6,10,NaN
9,1,10,0.8655008786900369
8,2,10,0.07613586924309386
6,4,10,NaN
6,4,10,NaN
8,2,10,0.17721222719246632
8,2,10,0.3950893865694002
6,4,10,NaN
3,7,10,0.011262875695592162
4,6,10,0.34936774434310386
9,1,10,0.034605295647823726
2,8,10,0.05338838749999978
6,4,10,NaN
8,2,10,0.13349194201575146
5,5,10,NaN
4,6,10,NaN
5,5,10,0.08301246021132212
3,7,10,0.8234957828997682
8,2,10,NaN
4,6,10,0.0986538124916049
5,5,10,0.018601708582301965
3,7,10,0.0053692643942814715
1,9,10,0.37208307491756515
2,8,10,0.8999851143675383
2,8,10,NaN
2,8,10,NaN
4,6,10,NaN
3,7,10,NaN
9,1,10,0.2723000524553572
6,4,10,NaN
6,4,10,0.413069875026209
5,5,10,0.5836556595239325
3,7,10,NaN
6,4,10,0.5376043881865737
8,2,10,NaN
5,5,10,0.17805362610545192
6,4,10,0.39690986512510734
1,9,10,0.4431893633910816
5,5,10,NaN
2,8,10,0.23609730939414558
4,6,10,0.034605295647823726
3,7,10,0.1150424729161512
8,2,10,0.4431893633910816
8,2,10,0.8827667358654245
3,7,10,0.7087129780995387
7,3,10,0.8014691082975914
7,3,10,0.6352434691232904
6,4,10,0.07396853684315062
4,6,10,NaN
5,5,10,0.004574776971169828
5,5,10,0.13349194201575146
4,6,10,0.003382572535074556
4,6,10,NaN
5,5,10,0.6888049167702328
6,4,10,0.7617814615426987
4,6,10,0.2723000524553572
2,8,10,0.34936774434310386
3,7,10,0.2054386262940906
5,5,10,NaN
6,4,10,NaN
6,4,10,NaN
1,9,10,0.5817979907836645
5,5,10,0.05507340176673581
3,7,10,0.07122369284003405
5,5,10,NaN
4,6,10,0.0009432277456656832
7,3,10,0.941757918862819
6,4,10,NaN
7,3,10,NaN
3,7,10,0.21319785194847637
5,5,10,NaN
2,8,10,0.02200947430714948
2,8,10,0.6253025718570832
5,5,10,NaN
3,7,10,0.00048163636363684527
8,2,10,NaN
5,5,10,NaN
1,9,10,0.6661867301225822
3,7,10,0.5376043881865737
2,8,10,0.5836556595239325
3,7,10,0.8655008786900369
6,4,10,NaN
6,4,10,NaN
2,8,10,0.413069875026209
3,7,10,NaN
6,4,10,0.0014374840698883852
2,8,10,NaN
3,7,10,NaN
4,6,10,NaN
4,6,10,0.039687384300341605
10,0,10,NaN
6,4,10,NaN
1,9,10,0.04631332256059672
6,4,10,0.8655008786900369
5,5,10,NaN
5,5,10,0.0012984779246345323
8,2,10,0.06273758667360736
4,6,10,0.08491645534150608
5,5,10,0.3950893865694002
4,6,10,NaN
2,8,10,0.015310519823788312
3,7,10,0.10348610691442867
5,5,10,0.7335005800964387
3,7,10,0.8999851143675383
5,5,10,NaN
5,5,10,NaN
5,5,10,0.2054386262940906
5,5,10,0.8234957828997682
3,7,10,0.04631332256059672
9,1,10,1.919848154554383e-6
10,0,10,0.9290197578706562
2,8,10,NaN
1,9,10,NaN
8,2,10,0.08491645534150608
6,4,10,0.008860180488101459
4,6,10,0.6366224785045781
6,4,10,0.02468486917586794
3,7,10,0.23609730939414558
7,3,10,0.6406302466316025
5,5,10,NaN
9,1,10,0.0037122233281100805
6,4,10,0.8827667358654245
5,5,10,NaN
5,5,10,NaN
4,6,10,NaN
2,8,10,NaN
4,6,10,NaN
1,9,10,0.6211516538005528
6,4,10,NaN
6,4,10,0.34936774434310386
6,4,10,0.742601995273523
2,8,10,0.7736549046044264
5,5,10,0.14234902682400793
4,6,10,NaN
6,4,10,0.3099009652134965
5,5,10,NaN
4,6,10,0.2054386262940906
2,8,10,0.5376043881865737
4,6,10,0.4431893633910816
6,4,10,0.9405257031659899
3,7,10,NaN
5,5,10,0.6282574491159135
1,9,10,0.039088478047831554
3,7,10,0.13349194201575146
4,6,10,0.6310071820084519
6,4,10,4.1391785092743485e-5
7,3,10,0.17721222719246632
2,8,10,NaN
6,4,10,NaN
7,3,10,NaN
4,6,10,NaN
5,5,10,NaN
5,5,10,0.7298101004792312
1,9,10,0.7087129780995387
4,6,10,0.5836556595239325
4,6,10,NaN
5,5,10,NaN
6,4,10,0.0213685999999998
3,7,10,NaN
3,7,10,NaN
3,7,10,0.012903729179752927
1,9,10,NaN
5,5,10,NaN
6,4,10,NaN
3,7,10,0.2723000524553572
3,7,10,0.8827667358654245
6,4,10,NaN
2,8,10,0.0018583786501944184
5,5,10,0.2054386262940906
7,3,10,0.6282574491159135
3,7,10,0.6282574491159135
4,6,10,0.5376043881865737
2,8,10,0.7441304324914768
9,1,10,NaN
3,7,10,NaN
3,7,10,0.2689895785048654
4,6,10,NaN
4,6,10,NaN
4,6,10,NaN
1,9,10,0.13349194201575146
6,4,10,0.030135545827633423
5,5,10,NaN
4,6,10,0.13349194201575146
7,3,10,0.7753330736382038
6,4,10,0.6282574491159135
1,9,10,0.3950893865694002
2,8,10,0.9152375708831951
4,6,10,0.2054386262940906
6,4,10,NaN
3,7,10,0.6706377302926072
3,7,10,NaN
5,5,10,0.9828831970453286
4,6,10,NaN
2,8,10,NaN
2,8,10,0.9152375708831951
5,5,10,NaN
7,3,10,0.009410414330218242
4,6,10,0.022013227075601785
3,7,10,0.3099009652134965
5,5,10,NaN
7,3,10,0.5376043881865737
4,6,10,NaN
8,2,10,NaN
8,2,10,0.2054386262940906
1,9,10,0.8603773249788162
9,1,10,NaN
3,7,10,0.043005880655560894
3,7,10,NaN
1,9,10,NaN
5,5,10,NaN
6,4,10,0.0986538124916049
1,9,10,0.19402732216069019
2,8,10,0.19882024256609493
2,8,10,0.9152375708831951
3,7,10,NaN
1,9,10,0.4431893633910816
2,8,10,0.04631332256059672
5,5,10,0.05338838749999978
7,3,10,0.3099009652134965
6,4,10,0.4118500406848714
1,9,10,0.08491645534150608
6,4,10,NaN
1,9,10,0.007659580536912271
4,6,10,NaN
5,5,10,0.029713024312010672
1,9,10,NaN
10,0,10,0.0007352841560221227
3,7,10,0.6706377302926072
3,7,10,NaN
7,3,10,0.5053479537874754
5,5,10,NaN
3,7,10,0.006330742305371628
5,5,10,0.6416484931894232
1,9,10,0.4431893633910816
7,3,10,0.4920422445583172
6,4,10,0.00023417343707323043
5,5,10,0.08491645534150608
6,4,10,0.4431893633910816
3,7,10,0.9942087569967986
7,3,10,NaN
6,4,10,0.4431893633910816
4,6,10,0.5836556595239325
6,4,10,0.5376043881865737
7,3,10,NaN
3,7,10,NaN
7,3,10,0.8999851143675383
4,6,10,NaN
4,6,10,0.742601995273523
3,7,10,0.41123813416281274
7,3,10,0.8453965225401804
5,5,10,0.1150424729161512
3,7,10,NaN
3,7,10,NaN
9,1,10,NaN
2,8,10,0.0986538124916049
8,2,10,0.13349194201575146
3,7,10,0.6728478147248717
2,8,10,0.8453965225401804
3,7,10,0.4920422445583172
3,7,10,0.9507681516607924
3,7,10,0.08491645534150608
4,6,10,0.3358366881351104
5,5,10,0.5376043881865737
4,6,10,0.2723000524553572
5,5,10,0.00018921428571447494
2,8,10,0.0986538124916049
3,7,10,NaN
2,8,10,0.9581077888702163
2,8,10,0.12114974733283278
1,9,10,NaN
3,7,10,0.05338838749999978
2,8,10,0.12772500905945963
2,8,10,0.4431893633910816
4,6,10,0.04631332256059672
2,8,10,NaN
3,7,10,NaN
4,6,10,0.8234957828997682
5,5,10,NaN
3,7,10,0.8827667358654245
2,8,10,0.5942912074679819
5,5,10,0.5376043881865737
2,8,10,0.039687384300341605
3,7,10,0.2723000524553572
3,7,10,0.030135545827633423
4,6,10,0.017936625825384724
2,8,10,0.9747364638126857
6,4,10,0.11055691306309826
4,6,10,NaN
3,7,10,0.2723000524553572
7,3,10,0.9890426773313062
1,9,10,0.1150424729161512
3,7,10,0.015310519823788312
1,9,10,0.6706377302926072
1,9,10,NaN
2,8,10,NaN
1,9,10,0.5836556595239325
2,8,10,NaN
1,9,10,0.039687384300341605
2,8,10,NaN
5,5,10,NaN
2,8,10,0.9550287207318231
2,8,10,0.8847608411231369
5,5,10,0.9890426773313062
2,8,10,0.6396823698621145
3,7,10,0.2723000524553572
1,9,10,NaN
6,4,10,0.3952410073901506
2,8,10,0.5376043881865737
2,8,10,NaN
1,9,10,0.6282574491159135
1,9,10,NaN
3,7,10,0.8014691082975914
2,8,10,0.0837550502146186
1,9,10,0.06273758667360736
3,7,10,0.4410635708288495
4,6,10,0.06273758667360736
2,8,10,0.007830981881884266
2,8,10,NaN
1,9,10,0.742601995273523
2,8,10,0.742601995273523
2,8,10,0.7736549046044264
4,6,10,0.8655008786900369
3,7,10,NaN
5,5,10,0.7087129780995387
2,8,10,NaN
4,6,10,0.8013733093776124
1,9,10,0.40593902794243764
3,7,10,0.013166985494505864
2,8,10,0.742601995273523
3,7,10,0.19243202834912598
2,8,10,NaN
2,8,10,NaN
2,8,10,NaN
3,7,10,0.9290197578706562
3,7,10,0.15407061357868015
2,8,10,0.3099009652134965
2,8,10,NaN
2,8,10,0.06273758667360736
3,7,10,NaN
2,8,10,NaN
2,8,10,0.7736549046044264
1,9,10,0.09485823049733114
1,9,10,0.4431893633910816
2,8,10,0.3269298295952523
2,8,10,0.5836556595239325
1,9,10,0.7843216981341883
6,4,10,0.15407061357868015
1,9,10,NaN
2,8,10,0.004708926795579234
1,9,10,0.15407061357868015
4,6,10,NaN
3,7,10,0.0213685999999998
1,9,10,0.4431893633910816
3,7,10,0.030135545827633423
1,9,10,0.3542287457899274
3,7,10,0.5197246975053165
1,9,10,NaN
1,9,10,0.6282574491159135
2,8,10,NaN
1,9,10,0.6282574491159135
3,7,10,0.9405257031659899
1,9,10,0.9290197578706562
1,9,10,0.025688675504669942
2,8,10,0.4880429237151646
1,9,10,NaN
1,9,10,NaN
2,8,10,0.05338838749999978
2,8,10,NaN
1,9,10,NaN
1,9,10,0.0086373861251659
1,9,10,NaN
2,8,10,0.104979208405261
1,9,10,0.5836556595239325
0,10,10,0.0986538124916049
0,10,10,NaN
0,10,10,NaN
0,10,10,NaN
0,10,10,NaN
0,10,10,0.04631332256059672
0,10,10,0.15407061357868015
0,10,10,NaN
0,10,10,NaN
0,10,10,NaN
0,10,10,0.34936774434310386
0,10,10,NaN
0,10,10,0.15407061357868015
0,10,10,0.011147134228187437
0,10,10,NaN
0,10,10,NaN
0,10,10,NaN
0,10,10,0.3950893865694002
0,10,10,NaN
0,10,10,NaN
0,10,10,NaN
0,10,10,0.9152375708831951
0,10,10,NaN
0,10,10,NaN
0,10,10,0.0986538124916049
0,10,10,NaN
0,10,10,NaN
0,10,10,0.8234957828997682
0,10,10,0.08491645534150608
0,10,10,0.10257872338913081
9,0,9,NaN
6,3,9,NaN
5,4,9,NaN
5,4,9,NaN
4,5,9,0.31651713484999855
8,1,9,0.18789249081615103
7,2,9,0.3099009652134965
7,2,9,0.9602229766652525
3,6,9,0.14234902682400793
4,5,9,NaN
5,4,9,0.02887737715286899
7,2,9,NaN
3,6,9,0.4920422445583172
8,1,9,0.23609730939414558
4,5,9,0.2054386262940906
7,2,9,0.016965388393981137
5,4,9,NaN
7,2,9,NaN
7,2,9,0.06713620170469081
2,7,9,0.8453965225401804
8,1,9,0.6408403300680497
6,3,9,0.3950893865694002
8,1,9,0.7087129780995387
4,5,9,0.7101232326219626
9,0,9,0.7222411867059623
9,0,9,0.8014691082975914
8,1,9,0.26032306272335387
8,1,9,NaN
8,1,9,0.1884841739782983
3,6,9,0.0986538124916049
4,5,9,0.7087129780995387
6,3,9,NaN
5,4,9,0.9068328773623039
4,5,9,0.05338838749999978
1,8,9,NaN
6,3,9,NaN
5,4,9,0.3950893865694002
4,5,9,0.13167554632362283
6,3,9,0.996109792408719
3,6,9,0.00114645245901754
6,3,9,NaN
4,5,9,NaN
5,4,9,NaN
3,6,9,0.4920422445583172
7,2,9,NaN
7,2,9,NaN
5,4,9,0.4358105086293319
3,6,9,0.6978304268812203
2,7,9,0.05338838749999978
7,2,9,0.35587510978385445
5,4,9,NaN
9,0,9,NaN
6,3,9,0.2723000524553572
7,2,9,NaN
6,3,9,0.13349194201575146
5,4,9,NaN
5,4,9,0.06273758667360736
8,1,9,NaN
6,3,9,NaN
4,5,9,0.8150845878689752
6,3,9,0.014167129094550169
5,4,9,NaN
2,7,9,NaN
3,6,9,NaN
7,2,9,NaN
4,5,9,0.13349194201575146
6,3,9,NaN
6,3,9,0.20003276484127583
4,5,9,0.820390701260412
5,4,9,NaN
3,6,9,NaN
4,5,9,0.6706377302926072
5,4,9,NaN
5,4,9,NaN
4,5,9,0.6282574491159135
7,2,9,0.8974183883497763
6,3,9,NaN
2,7,9,0.10846701881312408
6,3,9,0.6426736597482668
5,4,9,0.8234957828997682
4,5,9,0.7736549046044264
6,3,9,0.43362404685856737
3,6,9,NaN
7,2,9,NaN
7,2,9,0.04408913790551068
4,5,9,NaN
9,0,9,0.0030821113409753944
5,4,9,0.1176759494580526
3,6,9,0.3950893865694002
3,6,9,0.04387592226239394
3,6,9,0.05150042192798476
7,2,9,1.836611096592302e-5
3,6,9,0.4431893633910816
5,4,9,NaN
5,4,9,0.4107911060607222
6,3,9,0.8234957828997682
5,4,9,NaN
5,4,9,0.8827667358654245
6,3,9,0.3280623128322407
6,3,9,NaN
5,4,9,0.030135545827633423
3,6,9,NaN
5,4,9,NaN
7,2,9,0.003853610446921331
4,5,9,0.013166985494505864
8,1,9,0.09291817515542232
5,4,9,0.31651713484999855
4,5,9,NaN
8,1,9,0.039687384300341605
8,1,9,NaN
9,0,9,0.413069875026209
4,5,9,NaN
6,3,9,NaN
9,0,9,0.39383073555003945
4,5,9,5.433813246882526e-10
6,3,9,0.7736549046044264
7,2,9,NaN
5,4,9,NaN
8,1,9,NaN
3,6,9,NaN
2,7,9,0.9364737614125669
3,6,9,0.015310519823788312
6,3,9,NaN
4,5,9,NaN
2,7,9,0.8946480575896528
1,8,9,0.06273758667360736
7,2,9,0.49166317088551487
7,2,9,NaN
4,5,9,0.013166985494505864
5,4,9,0.5053479537874754
4,5,9,0.011147134228187437
9,0,9,0.6282574491159135
6,3,9,0.9507681516607924
7,2,9,0.7087129780995387
8,1,9,NaN
1,8,9,NaN
3,6,9,NaN
4,5,9,0.8827667358654245
4,5,9,NaN
2,7,9,0.2054386262940906
4,5,9,0.01961717363258632
5,4,9,0.010248938824526236
1,8,9,NaN
3,6,9,0.2054386262940906
4,5,9,0.4920422445583172
3,6,9,NaN
2,7,9,NaN
6,3,9,0.8999851143675383
9,0,9,0.17721222719246632
4,5,9,0.5376043881865737
8,1,9,0.08491645534150608
7,2,9,0.041706623434505555
4,5,9,0.10257872338913081
2,7,9,0.056733218789485736
7,2,9,0.47359913854177454
3,6,9,NaN
7,2,9,0.3950893865694002
2,7,9,NaN
4,5,9,NaN
7,2,9,NaN
1,8,9,NaN
2,7,9,NaN
2,7,9,NaN
8,1,9,0.4920422445583172
5,4,9,NaN
5,4,9,0.614189007754114
1,8,9,NaN
7,2,9,NaN
6,3,9,0.06273758667360736
2,7,9,0.3950893865694002
6,3,9,NaN
6,3,9,0.8655008786900369
5,4,9,NaN
8,1,9,0.0024707746202925615
7,2,9,NaN
5,4,9,0.8234957828997682
5,4,9,NaN
3,6,9,NaN
4,5,9,0.22527680903543076
4,5,9,0.6106497843698789
2,7,9,NaN
8,1,9,0.0249917585197781
2,7,9,0.6366224785045781
1,8,9,NaN
7,2,9,NaN
5,4,9,NaN
4,5,9,NaN
8,1,9,NaN
8,1,9,4.035708603759136e-6
5,4,9,7.183971436539028e-7
9,0,9,0.012997484073942894
5,4,9,0.06103999359648301
7,2,9,0.7736549046044264
4,5,9,0.23609730939414558
5,4,9,0.2054386262940906
4,5,9,0.5836556595239325
6,3,9,0.4431893633910816
4,5,9,0.7736549046044264
7,2,9,0.5517085388894106
4,5,9,0.009410414330218242
5,4,9,0.7087129780995387
9,0,9,NaN
6,3,9,NaN
7,2,9,NaN
6,3,9,0.3155781013085806
6,3,9,0.17721222719246632
3,6,9,NaN
5,4,9,0.9290197578706562
7,2,9,NaN
7,2,9,0.3950893865694002
2,7,9,0.20573552997910088
1,8,9,0.2054386262940906
5,4,9,NaN
3,6,9,NaN
7,2,9,0.6282574491159135
5,4,9,0.849595629458426
2,7,9,0.040763842254851704
2,7,9,0.958319638000308
6,3,9,NaN
3,6,9,NaN
6,3,9,0.04915197611163579
7,2,9,0.7725571255360858
3,6,9,0.18685402117943153
7,2,9,0.5836556595239325
8,1,9,0.34936774434310386
4,5,9,0.742601995273523
3,6,9,NaN
6,3,9,0.765620714943245
3,6,9,NaN
4,5,9,0.8827667358654245
6,3,9,NaN
2,7,9,0.05554322981458745
6,3,9,0.0069333657882140794
5,4,9,NaN
3,6,9,0.05523994776694564
5,4,9,0.4431893633910816
7,2,9,0.6756252874645761
3,6,9,0.11882061742773817
6,3,9,0.03864845904723114
6,3,9,0.8234957828997682
4,5,9,NaN
2,7,9,NaN
3,6,9,NaN
5,4,9,NaN
1,8,9,NaN
2,7,9,NaN
7,2,9,0.23609730939414558
3,6,9,0.8999851143675383
3,6,9,0.8453965225401804
3,6,9,NaN
2,7,9,0.0986538124916049
4,5,9,0.07287517728397767
4,5,9,NaN
3,6,9,NaN
4,5,9,NaN
6,3,9,NaN
5,4,9,2.294613656412668e-6
6,3,9,0.030135545827633423
4,5,9,0.15407061357868015
2,7,9,NaN
5,4,9,0.7959743493225058
7,2,9,NaN
6,3,9,NaN
4,5,9,0.4431893633910816
4,5,9,0.4055197883958307
5,4,9,0.6706377302926072
6,3,9,NaN
2,7,9,0.025688675504669942
6,3,9,NaN
2,7,9,NaN
6,3,9,NaN
6,3,9,0.002216309158902728
3,6,9,NaN
5,4,9,NaN
7,2,9,NaN
2,7,9,NaN
6,3,9,NaN
5,4,9,0.5376043881865737
2,7,9,NaN
7,2,9,0.8294860399556249
8,1,9,0.4431893633910816
8,1,9,0.6282574491159135
5,4,9,0.9244910006572725
1,8,9,0.7422624471488662
7,2,9,NaN
5,4,9,0.15407061357868015
4,5,9,0.49166317088551487
5,4,9,0.8014691082975914
3,6,9,0.8999851143675383
6,3,9,NaN
3,6,9,NaN
3,6,9,0.08491645534150608
5,4,9,0.013166985494505864
5,4,9,NaN
7,2,9,0.742601995273523
8,1,9,NaN
6,3,9,0.523369848851586
6,3,9,0.44804116770908264
2,7,9,0.742601995273523
4,5,9,NaN
6,3,9,0.8234957828997682
5,4,9,0.23609730939414558
5,4,9,0.6706377302926072
4,5,9,0.04631332256059672
5,4,9,NaN
2,7,9,0.37417501950716
4,5,9,NaN
5,4,9,0.8453965225401804
8,1,9,0.4920422445583172
4,5,9,0.23609730939414558
7,2,9,0.9290197578706562
5,4,9,NaN
8,1,9,NaN
5,4,9,0.8655008786900369
4,5,9,0.06273758667360736
2,7,9,0.6282574491159135
3,6,9,0.8014691082975914
6,3,9,0.014856803305411772
5,4,9,0.7736549046044264
7,2,9,0.20299364306116016
3,6,9,0.8014691082975914
2,7,9,0.7736549046044264
5,4,9,NaN
6,3,9,NaN
4,5,9,0.6282574491159135
3,6,9,0.2723000524553572
4,5,9,NaN
4,5,9,0.9472486135276933
4,5,9,0.5836556595239325
7,2,9,0.030135545827633423
2,7,9,0.4920422445583172
7,2,9,NaN
5,4,9,NaN
3,6,9,NaN
6,3,9,0.8014691082975914
2,7,9,0.2054386262940906
8,1,9,NaN
6,3,9,NaN
7,2,9,0.0213685999999998
6,3,9,NaN
2,7,9,0.8014691082975914
6,3,9,0.5836556595239325
6,3,9,NaN
6,3,9,NaN
6,3,9,NaN
4,5,9,0.0213685999999998
2,7,9,0.08491645534150608
3,6,9,NaN
6,3,9,0.6706377302926072
8,1,9,0.5836556595239325
7,2,9,NaN
5,4,9,0.030135545827633423
6,3,9,0.07287517728397767
4,5,9,NaN
4,5,9,NaN
5,4,9,NaN
7,2,9,0.8453965225401804
5,4,9,0.09237993563679017
2,7,9,0.6706377302926072
4,5,9,NaN
2,7,9,NaN
3,6,9,0.8123469865491139
5,4,9,0.4920422445583172
4,5,9,NaN
5,4,9,NaN
4,5,9,NaN
7,2,9,0.8234957828997682
4,5,9,0.031291511004215504
8,1,9,NaN
6,3,9,0.07287517728397767
2,7,9,0.6282574491159135
5,4,9,0.8234957828997682
5,4,9,NaN
5,4,9,NaN
4,5,9,0.02542851666731143
3,6,9,0.7736549046044264
9,0,9,0.08491645534150608
4,5,9,0.6282574491159135
7,2,9,NaN
3,6,9,0.9677549750289749
4,5,9,0.23609730939414558
4,5,9,0.06273758667360736
3,6,9,0.5376043881865737
5,4,9,NaN
4,5,9,0.9677549750289749
4,5,9,0.018526218298914945
8,1,9,NaN
1,8,9,0.7087129780995387
6,3,9,0.034605295647823726
2,7,9,0.34936774434310386
5,4,9,NaN
5,4,9,0.07287517728397767
3,6,9,NaN
5,4,9,0.9756607855210244
4,5,9,0.4920422445583172
2,7,9,NaN
5,4,9,NaN
1,8,9,0.034605295647823726
3,6,9,0.0213685999999998
8,1,9,0.0006754825333961131
3,6,9,0.2054386262940906
4,5,9,NaN
2,7,9,0.025688675504669942
5,4,9,0.04915197611163579
6,3,9,NaN
6,3,9,0.8655008786900369
8,1,9,0.00018867578003250153
5,4,9,NaN
6,3,9,0.7949358603605954
1,8,9,0.1150424729161512
6,3,9,0.0037630612033316196
3,6,9,0.3402564631765235
3,6,9,0.0986538124916049
4,5,9,0.8453965225401804
2,7,9,0.2054386262940906
2,7,9,NaN
7,2,9,0.0011380207923271594
6,3,9,NaN
3,6,9,0.9507681516607924
4,5,9,0.8014691082975914
3,6,9,0.17721222719246632
5,4,9,0.3257143094912139
5,4,9,0.19069796397050018
2,7,9,0.34936774434310386
6,3,9,0.13349194201575146
4,5,9,0.4431893633910816
1,8,9,NaN
5,4,9,0.4920422445583172
4,5,9,0.05338838749999978
5,4,9,0.8453965225401804
7,2,9,0.6282574491159135
4,5,9,0.8827667358654245
9,0,9,NaN
7,2,9,NaN
4,5,9,0.8655008786900369
2,7,9,0.039687384300341605
2,7,9,NaN
7,2,9,0.15407061357868015
6,3,9,NaN
3,6,9,0.07287517728397767
7,2,9,0.9422429152780979
5,4,9,NaN
5,4,9,0.05177307096822225
1,8,9,0.5376043881865737
7,2,9,0.7050582388424925
7,2,9,NaN
5,4,9,NaN
6,3,9,0.8655008786900369
6,3,9,0.016898586565228718
2,7,9,NaN
7,2,9,0.9747364638126857
4,5,9,0.4920422445583172
4,5,9,NaN
5,4,9,NaN
3,6,9,NaN
8,1,9,0.9854887762528594
5,4,9,0.3950893865694002
8,1,9,NaN
6,3,9,0.2723000524553572
5,4,9,0.6282574491159135
3,6,9,0.877743936437839
4,5,9,0.07287517728397767
3,6,9,0.02445685173132485
2,7,9,NaN
2,7,9,0.2054386262940906
3,6,9,NaN
5,4,9,NaN
3,6,9,NaN
6,3,9,0.41893193534054507
6,3,9,NaN
5,4,9,0.7087129780995387
1,8,9,0.0021870135895905823
1,8,9,0.0034993961474751962
2,7,9,NaN
1,8,9,0.9152375708831951
5,4,9,0.3950893865694002
5,4,9,0.13349194201575146
4,5,9,NaN
2,7,9,NaN
2,7,9,NaN
5,4,9,0.7746371520213624
3,6,9,0.039687384300341605
4,5,9,0.13349194201575146
7,2,9,NaN
3,6,9,0.0986538124916049
3,6,9,0.29587219170465473
3,6,9,0.511509169800435
4,5,9,NaN
8,1,9,7.692727315139899e-5
1,8,9,NaN
1,8,9,NaN
4,5,9,NaN
1,8,9,0.8827667358654245
1,8,9,NaN
3,6,9,NaN
5,4,9,NaN
5,4,9,NaN
4,5,9,0.013166985494505864
5,4,9,0.0007380910682570477
5,4,9,0.7087129780995387
3,6,9,NaN
6,3,9,NaN
4,5,9,NaN
2,7,9,0.021135030514611925
2,7,9,0.34936774434310386
4,5,9,0.827797031911856
6,3,9,NaN
1,8,9,NaN
3,6,9,NaN
4,5,9,0.2723000524553572
5,4,9,0.24529862084448933
3,6,9,NaN
8,1,9,NaN
1,8,9,0.9827990061033532
8,1,9,NaN
5,4,9,0.017936625825384724
3,6,9,0.3950893865694002
8,1,9,0.14234902682400793
3,6,9,NaN
7,2,9,NaN
4,5,9,NaN
4,5,9,0.060171170977915044
2,7,9,0.15072905406883766
4,5,9,0.7087129780995387
3,6,9,0.5836556595239325
3,6,9,NaN
7,2,9,0.17721222719246632
6,3,9,0.3950893865694002
7,2,9,NaN
2,7,9,0.0754576602367598
2,7,9,0.04631332256059672
3,6,9,0.04631332256059672
1,8,9,0.5376043881865737
2,7,9,0.019400645343705825
3,6,9,NaN
2,7,9,0.7759330570137555
4,5,9,NaN
7,2,9,0.8016816746009868
2,7,9,0.5376043881865737
4,5,9,NaN
3,6,9,NaN
7,2,9,NaN
1,8,9,0.3099009652134965
3,6,9,NaN
2,7,9,0.34936774434310386
5,4,9,NaN
6,3,9,0.8655008786900369
4,5,9,NaN
5,4,9,NaN
1,8,9,0.3182800732735301
6,3,9,0.864111220306116
5,4,9,0.23609730939414558
1,8,9,NaN
4,5,9,NaN
3,6,9,NaN
1,8,9,NaN
5,4,9,NaN
2,7,9,NaN
4,5,9,0.5376043881865737
4,5,9,NaN
4,5,9,0.0841441566646066
4,5,9,0.34936774434310386
6,3,9,NaN
3,6,9,0.8063935641451117
5,4,9,0.3950893865694002
5,4,9,0.8437272124685706
8,1,9,0.21424517934633883
4,5,9,0.1867372117591186
2,7,9,0.6336277249832851
2,7,9,NaN
4,5,9,NaN
5,4,9,NaN
5,4,9,1.4105041238219502e-5
4,5,9,0.7087129780995387
1,8,9,0.5376043881865737
4,5,9,0.013270151862268802
1,8,9,0.7138165017757048
6,3,9,NaN
2,7,9,0.9507681516607924
3,6,9,0.2054386262940906
1,8,9,NaN
2,7,9,NaN
4,5,9,1.5856977791263198e-5
7,2,9,NaN
3,6,9,0.039687384300341605
5,4,9,NaN
3,6,9,NaN
2,7,9,0.2054386262940906
3,6,9,NaN
5,4,9,0.08491645534150608
8,1,9,NaN
2,7,9,NaN
2,7,9,NaN
1,8,9,0.2723000524553572
3,6,9,0.7087129780995387
2,7,9,0.08491645534150608
1,8,9,0.009903399503781957
3,6,9,0.2723000524553572
7,2,9,NaN
2,7,9,NaN
6,3,9,0.13349194201575146
5,4,9,0.5376043881865737
3,6,9,NaN
5,4,9,NaN
6,3,9,NaN
2,7,9,0.59544185783267
4,5,9,0.4920422445583172
2,7,9,0.034605295647823726
3,6,9,NaN
4,5,9,0.7171747585301114
4,5,9,NaN
4,5,9,NaN
4,5,9,0.8137010475649396
3,6,9,NaN
2,7,9,NaN
5,4,9,0.9885603912312821
1,8,9,0.6706377302926072
2,7,9,NaN
3,6,9,0.011147134228187437
2,7,9,NaN
3,6,9,0.4920422445583172
2,7,9,NaN
3,6,9,NaN
1,8,9,NaN
2,7,9,0.013166985494505864
4,5,9,0.020381606229850285
3,6,9,NaN
1,8,9,NaN
2,7,9,0.2054386262940906
2,7,9,0.8234957828997682
1,8,9,NaN
5,4,9,0.025688675504669942
4,5,9,0.8014691082975914
5,4,9,NaN
1,8,9,0.5376043881865737
4,5,9,NaN
4,5,9,NaN
1,8,9,0.1150424729161512
3,6,9,0.034605295647823726
2,7,9,NaN
1,8,9,NaN
3,6,9,0.7959743493225058
3,6,9,0.2694643541486938
2,7,9,0.08491645534150608
4,5,9,0.8014691082975914
3,6,9,NaN
1,8,9,0.2466486440627136
1,8,9,NaN
1,8,9,NaN
1,8,9,0.13349194201575146
3,6,9,NaN
4,5,9,0.6209934080312405
2,7,9,NaN
4,5,9,0.20215449762888976
2,7,9,NaN
3,6,9,0.8234957828997682
2,7,9,NaN
1,8,9,0.7055207539662238
2,7,9,NaN
2,7,9,NaN
3,6,9,7.058575962243912e-5
3,6,9,0.4920422445583172
2,7,9,0.5376043881865737
2,7,9,0.8234957828997682
4,5,9,NaN
3,6,9,0.6706377302926072
1,8,9,0.0986538124916049
6,3,9,NaN
6,3,9,0.7087129780995387
1,8,9,NaN
4,5,9,NaN
2,7,9,NaN
2,7,9,0.23609730939414558
3,6,9,0.2723000524553572
2,7,9,0.02657624714777215
1,8,9,0.3099009652134965
1,8,9,0.14118078722288438
2,7,9,0.4920422445583172
5,4,9,0.0930915123347374
1,8,9,NaN
1,8,9,0.05338838749999978
2,7,9,0.5836556595239325
1,8,9,0.0986538124916049
2,7,9,0.5376043881865737
1,8,9,0.011634473007855927
3,6,9,0.3099009652134965
2,7,9,0.17059384700803848
6,3,9,0.8453965225401804
2,7,9,0.961487403285165
3,6,9,NaN
2,7,9,NaN
4,5,9,0.8655008786900369
2,7,9,NaN
2,7,9,0.15407061357868015
4,5,9,NaN
3,6,9,NaN
2,7,9,0.2054386262940906
3,6,9,0.5836556595239325
4,5,9,0.9290197578706562
2,7,9,0.8014691082975914
4,5,9,0.1150424729161512
1,8,9,0.025688675504669942
2,7,9,0.8234957828997682
2,7,9,NaN
1,8,9,NaN
2,7,9,0.8453965225401804
1,8,9,0.10735087956739266
4,5,9,0.05338838749999978
1,8,9,NaN
7,2,9,NaN
2,7,9,NaN
3,6,9,0.34936774434310386
5,4,9,0.017936625825384724
2,7,9,0.0673208816632927
1,8,9,0.4431893633910816
3,6,9,NaN
2,7,9,NaN
3,6,9,0.08491645534150608
2,7,9,NaN
2,7,9,0.003601347346563684
1,8,9,NaN
3,6,9,NaN
1,8,9,NaN
2,7,9,0.9419496499176333
4,5,9,0.9405257031659899
1,8,9,NaN
1,8,9,NaN
1,8,9,0.3099009652134965
2,7,9,0.742601995273523
4,5,9,0.9747364638126857
1,8,9,NaN
1,8,9,NaN
3,6,9,0.34936774434310386
3,6,9,0.034605295647823726
1,8,9,0.9924179942680554
1,8,9,NaN
1,8,9,NaN
5,4,9,0.6706377302926072
2,7,9,0.9152375708831951
2,7,9,NaN
2,7,9,0.030880419354092324
3,6,9,0.8655008786900369
1,8,9,NaN
1,8,9,0.9152375708831951
1,8,9,NaN
2,7,9,0.5017060956183681
1,8,9,0.039687384300341605
1,8,9,0.0213685999999998
4,5,9,0.20857378307204497
2,7,9,0.050044426788438075
3,6,9,0.38300447127600357
1,8,9,0.7087129780995387
1,8,9,0.7087129780995387
2,7,9,0.9152375708831951
2,7,9,NaN
1,8,9,0.13349194201575146
2,7,9,0.7087129780995387
5,4,9,0.34314143290078924
1,8,9,NaN
2,7,9,0.04631332256059672
1,8,9,0.06273758667360736
2,7,9,0.00044677902998900695
4,5,9,0.2627536423933134
1,8,9,0.06273758667360736
1,8,9,0.6282574491159135
2,7,9,0.06273758667360736
1,8,9,NaN
1,8,9,NaN
1,8,9,0.039687384300341605
1,8,9,NaN
1,8,9,0.7387010311656506
1,8,9,0.8014691082975914
2,7,9,0.6661867301225822
1,8,9,0.11838210757172038
1,8,9,0.8453965225401804
1,8,9,0.4431893633910816
1,8,9,0.9854887762528594
1,8,9,NaN
1,8,9,0.7842398721185311
0,9,9,NaN
0,9,9,0.07287517728397767
0,9,9,NaN
0,9,9,NaN
0,9,9,0.0837550502146186
0,9,9,0.23609730939414558
0,9,9,NaN
0,9,9,NaN
0,9,9,0.3099009652134965
0,9,9,0.4431893633910816
0,9,9,0.0013592951995855208
0,9,9,0.33907120029025495
0,9,9,0.8999851143675383
0,9,9,0.9677549750289749
0,9,9,NaN
0,9,9,0.04631332256059672
0,9,9,NaN
0,9,9,0.0213685999999998
0,9,9,0.8234957828997682
0,9,9,NaN
0,9,9,0.05338838749999978
0,9,9,NaN
0,9,9,0.3099009652134965
0,9,9,0.6822874249018781
0,9,9,0.41414018890909854
0,9,9,0.17721222719246632
0,9,9,NaN
0,9,9,NaN
0,9,9,0.34404970982207916
0,9,9,NaN
0,9,9,NaN
0,9,9,0.07287517728397767
0,9,9,NaN
0,9,9,0.23609730939414558
0,9,9,0.5376043881865737
0,9,9,0.3027574688630721
0,9,9,NaN
0,9,9,NaN
0,9,9,NaN
0,9,9,0.7736549046044264
0,9,9,NaN
0,9,9,NaN
0,9,9,NaN
0,9,9,0.4431893633910816
0,9,9,NaN
0,9,9,0.15407061357868015
0,9,9,NaN
0,9,9,0.23539301067611462
0,9,9,0.6282574491159135
0,9,9,NaN
0,9,9,NaN
0,9,9,0.23609730939414558
0,9,9,NaN
0,9,9,NaN
0,9,9,0.8014691082975914
0,9,9,NaN
0,9,9,NaN
0,9,9,0.3950893865694002
7,1,8,NaN
6,2,8,0.9507681516607924
5,3,8,0.4920422445583172
3,5,8,0.33381177839728143
5,3,8,NaN
5,3,8,0.8014691082975914
3,5,8,0.8999851143675383
4,4,8,0.23609730939414558
3,5,8,NaN
5,3,8,0.9677549750289749
7,1,8,0.9152375708831951
3,5,8,NaN
5,3,8,0.6168189214495243
5,3,8,NaN
4,4,8,0.19832606953122764
6,2,8,NaN
5,3,8,NaN
5,3,8,0.0986538124916049
6,2,8,0.41414018890909854
6,2,8,NaN
3,5,8,0.3950893865694002
3,5,8,NaN
2,6,8,0.025688675504669942
2,6,8,0.8234957828997682
3,5,8,0.7147068969595857
4,4,8,0.2054386262940906
4,4,8,0.47004967503532846
3,5,8,0.9854887762528594
3,5,8,NaN
7,1,8,0.0013253587412695742
2,6,8,0.1150424729161512
4,4,8,0.304187050439182
5,3,8,0.3099009652134965
5,3,8,0.03621520907560878
7,1,8,0.6366224785045781
6,2,8,NaN
4,4,8,NaN
2,6,8,NaN
4,4,8,0.5836556595239325
6,2,8,NaN
7,1,8,0.4920422445583172
7,1,8,NaN
6,2,8,NaN
6,2,8,NaN
4,4,8,0.34057063364648343
4,4,8,0.3950893865694002
7,1,8,NaN
5,3,8,NaN
1,7,8,NaN
5,3,8,0.017755503882520927
4,4,8,NaN
4,4,8,0.009410414330218242
4,4,8,0.3950893865694002
7,1,8,0.07287517728397767
6,2,8,0.13349194201575146
5,3,8,NaN
3,5,8,0.8567729781128347
2,6,8,0.34936774434310386
6,2,8,0.17060195866573807
2,6,8,NaN
6,2,8,0.7736549046044264
5,3,8,NaN
4,4,8,0.039687384300341605
6,2,8,NaN
7,1,8,NaN
7,1,8,NaN
6,2,8,NaN
3,5,8,NaN
2,6,8,0.1606103742552784
7,1,8,0.034605295647823726
6,2,8,NaN
4,4,8,3.64518178513114e-8
5,3,8,0.025688675504669942
4,4,8,NaN
3,5,8,0.056007890520067515
6,2,8,0.5255796296933194
6,2,8,NaN
6,2,8,0.3099009652134965
5,3,8,0.41414018890909854
6,2,8,0.8655008786900369
2,6,8,0.13349194201575146
6,2,8,0.011424023507121071
3,5,8,0.9507681516607924
5,3,8,NaN
6,2,8,0.13349194201575146
7,1,8,0.34936774434310386
8,0,8,0.8269588315828253
3,5,8,0.4431893633910816
3,5,8,0.002259300279470106
3,5,8,NaN
3,5,8,0.7441304324914768
3,5,8,0.9954233892626881
5,3,8,NaN
5,3,8,0.5376043881865737
1,7,8,0.06273758667360736
7,1,8,NaN
3,5,8,NaN
3,5,8,0.22423486754684716
3,5,8,0.6282574491159135
6,2,8,0.15407061357868015
6,2,8,0.6706377302926072
6,2,8,NaN
3,5,8,NaN
5,3,8,NaN
7,1,8,0.47004967503532846
7,1,8,0.0185609843319472
3,5,8,0.162379931480246
3,5,8,NaN
4,4,8,NaN
4,4,8,NaN
4,4,8,0.8234957828997682
2,6,8,0.6738586654961575
4,4,8,NaN
8,0,8,0.059217962539773544
2,6,8,NaN
6,2,8,0.0213685999999998
4,4,8,0.09291817515542232
6,2,8,NaN
7,1,8,0.5376043881865737
7,1,8,NaN
6,2,8,0.013166985494505864
5,3,8,NaN
5,3,8,NaN
6,2,8,0.01680625031794295
6,2,8,0.7736549046044264
2,6,8,NaN
7,1,8,NaN
5,3,8,NaN
5,3,8,NaN
8,0,8,0.0213685999999998
7,1,8,0.6398434964696642
3,5,8,0.19402732216069019
3,5,8,0.4665829704703297
8,0,8,NaN
5,3,8,0.5836556595239325
3,5,8,NaN
6,2,8,NaN
7,1,8,0.01580024094524658
5,3,8,NaN
7,1,8,NaN
8,0,8,0.0986538124916049
4,4,8,NaN
7,1,8,NaN
4,4,8,NaN
2,6,8,0.00960252206174118
3,5,8,NaN
7,1,8,NaN
3,5,8,NaN
4,4,8,0.7452354782245207
3,5,8,0.39383073555003945
3,5,8,0.3099009652134965
8,0,8,0.22490927569653224
3,5,8,0.0008597067613427509
8,0,8,0.7736549046044264
5,3,8,0.009588201222807803
3,5,8,NaN
3,5,8,NaN
3,5,8,0.004090674777217265
6,2,8,0.08491645534150608
2,6,8,0.011147134228187437
3,5,8,0.9290197578706562
8,0,8,0.0986538124916049
4,4,8,0.3099009652134965
4,4,8,0.5836556595239325
1,7,8,0.4920422445583172
4,4,8,0.0213685999999998
4,4,8,NaN
5,3,8,NaN
6,2,8,NaN
5,3,8,NaN
2,6,8,0.7554007362661418
2,6,8,NaN
5,3,8,0.06273758667360736
6,2,8,0.6282574491159135
4,4,8,0.17721222719246632
7,1,8,NaN
7,1,8,NaN
6,2,8,NaN
1,7,8,NaN
1,7,8,NaN
3,5,8,0.629292278394373
5,3,8,0.022887471544055633
3,5,8,0.999521924191444
5,3,8,NaN
5,3,8,0.8827667358654245
6,2,8,0.004955793348780086
6,2,8,NaN
4,4,8,NaN
3,5,8,0.8999851143675383
4,4,8,NaN
3,5,8,NaN
3,5,8,NaN
4,4,8,NaN
5,3,8,0.030135545827633423
8,0,8,0.9290197578706562
4,4,8,0.09140882213972218
1,7,8,0.01961717363258632
5,3,8,0.15407061357868015
4,4,8,0.005116649081114797
3,5,8,NaN
5,3,8,0.8453965225401804
4,4,8,NaN
6,2,8,0.8453965225401804
2,6,8,0.9290197578706562
4,4,8,NaN
6,2,8,NaN
2,6,8,NaN
3,5,8,NaN
8,0,8,0.2054386262940906
7,1,8,0.8234957828997682
4,4,8,0.9290197578706562
3,5,8,NaN
6,2,8,NaN
7,1,8,0.3950893865694002
5,3,8,0.013166985494505864
6,2,8,0.024058381838828212
5,3,8,NaN
6,2,8,NaN
3,5,8,0.7736549046044264
6,2,8,NaN
3,5,8,0.08491645534150608
5,3,8,0.8979837278359629
1,7,8,0.6706377302926072
5,3,8,0.3241262610433897
2,6,8,0.039687384300341605
6,2,8,0.2723000524553572
5,3,8,0.0007679396366353168
4,4,8,NaN
1,7,8,NaN
3,5,8,NaN
6,2,8,0.0053459147286812475
3,5,8,NaN
6,2,8,NaN
1,7,8,NaN
4,4,8,0.8453965225401804
4,4,8,0.8359654182058515
5,3,8,0.051238229802814145
6,2,8,NaN
6,2,8,0.00018649363054584934
3,5,8,0.15407061357868015
4,4,8,NaN
4,4,8,0.01821942779491118
4,4,8,0.5376043881865737
4,4,8,0.9677549750289749
5,3,8,NaN
3,5,8,NaN
5,3,8,NaN
5,3,8,NaN
2,6,8,NaN
7,1,8,NaN
4,4,8,0.16835784685475874
4,4,8,NaN
6,2,8,NaN
2,6,8,0.002000265306122949
6,2,8,NaN
6,2,8,0.030135545827633423
3,5,8,0.3529476609208676
5,3,8,NaN
2,6,8,0.34936774434310386
2,6,8,NaN
4,4,8,NaN
7,1,8,0.9152375708831951
6,2,8,0.23609730939414558
6,2,8,NaN
2,6,8,NaN
4,4,8,NaN
8,0,8,0.7335005800964387
5,3,8,0.6706377302926072
3,5,8,0.00012007126151477028
8,0,8,NaN
2,6,8,0.8827667358654245
2,6,8,NaN
7,1,8,0.08259323181537363
3,5,8,0.013166985494505864
7,1,8,0.9507681516607924
8,0,8,0.00017791857137933707
4,4,8,0.202776416629266
6,2,8,0.5376043881865737
1,7,8,NaN
4,4,8,0.6706377302926072
2,6,8,0.028932526039839035
4,4,8,0.9942272304243509
2,6,8,0.4431893633910816
3,5,8,NaN
3,5,8,NaN
4,4,8,0.5376043881865737
5,3,8,NaN
5,3,8,0.08021272596232357
6,2,8,NaN
5,3,8,0.9507681516607924
4,4,8,0.011147134228187437
2,6,8,0.0986538124916049
6,2,8,0.1684745997500737
7,1,8,0.9405257031659899
6,2,8,NaN
1,7,8,0.7736549046044264
5,3,8,0.8453965225401804
2,6,8,0.8568182192109397
7,1,8,NaN
3,5,8,NaN
6,2,8,NaN
3,5,8,NaN
5,3,8,0.5376043881865737
5,3,8,NaN
3,5,8,0.15407061357868015
5,3,8,0.5836556595239325
3,5,8,NaN
5,3,8,NaN
5,3,8,NaN
1,7,8,0.17721222719246632
4,4,8,0.2536685612181314
4,4,8,NaN
1,7,8,NaN
2,6,8,NaN
2,6,8,NaN
4,4,8,NaN
4,4,8,0.07287517728397767
3,5,8,NaN
5,3,8,0.47724573125519004
3,5,8,NaN
2,6,8,NaN
2,6,8,NaN
5,3,8,NaN
3,5,8,NaN
4,4,8,0.15407061357868015
2,6,8,0.8999851143675383
2,6,8,NaN
3,5,8,0.9152375708831951
2,6,8,NaN
2,6,8,0.9809153258638088
6,2,8,0.9602229766652525
5,3,8,NaN
2,6,8,NaN
5,3,8,NaN
2,6,8,0.742601995273523
4,4,8,0.15407061357868015
5,3,8,0.8827667358654245
6,2,8,NaN
3,5,8,0.06273758667360736
2,6,8,NaN
4,4,8,0.34936774434310386
5,3,8,NaN
4,4,8,0.08491645534150608
7,1,8,0.07287517728397767
4,4,8,NaN
5,3,8,0.6282574491159135
1,7,8,NaN
4,4,8,0.320771022929628
4,4,8,0.8567729781128347
2,6,8,0.34936774434310386
6,2,8,NaN
3,5,8,NaN
4,4,8,NaN
7,1,8,0.06880403502816015
4,4,8,0.9507681516607924
3,5,8,NaN
6,2,8,NaN
3,5,8,0.08491645534150608
6,2,8,0.6706377302926072
2,6,8,0.13349194201575146
4,4,8,NaN
5,3,8,NaN
2,6,8,0.34936774434310386
1,7,8,NaN
6,2,8,NaN
4,4,8,NaN
4,4,8,NaN
3,5,8,NaN
1,7,8,NaN
6,2,8,0.0721390674917422
6,2,8,0.8453965225401804
6,2,8,0.4517878095518446
6,2,8,0.0213685999999998
4,4,8,0.17721222719246632
2,6,8,0.7087129780995387
8,0,8,NaN
6,2,8,0.4920422445583172
6,2,8,0.8234957828997682
5,3,8,0.9290197578706562
6,2,8,NaN
6,2,8,0.4431893633910816
8,0,8,0.05338838749999978
5,3,8,NaN
4,4,8,NaN
7,1,8,NaN
4,4,8,NaN
6,2,8,0.17721222719246632
2,6,8,0.8655008786900369
3,5,8,NaN
4,4,8,0.9507681516607924
5,3,8,0.6282574491159135
2,6,8,NaN
6,2,8,0.8014691082975914
2,6,8,NaN
6,2,8,0.5376043881865737
4,4,8,0.7719080449126589
6,2,8,0.22256263923201167
2,6,8,NaN
5,3,8,0.1150424729161512
4,4,8,NaN
6,2,8,0.023155896388917612
5,3,8,0.5376043881865737
2,6,8,0.4920422445583172
6,2,8,0.9602229766652525
4,4,8,0.26756287176362636
5,3,8,0.006188839200263787
2,6,8,NaN
6,2,8,NaN
5,3,8,0.8234957828997682
3,5,8,0.08491645534150608
3,5,8,0.5376043881865737
4,4,8,0.17320410373340223
6,2,8,0.030135545827633423
5,3,8,NaN
7,1,8,NaN
1,7,8,NaN
4,4,8,NaN
4,4,8,0.07287517728397767
5,3,8,NaN
7,1,8,0.9883379240017888
1,7,8,NaN
2,6,8,NaN
5,3,8,0.49162013627195345
3,5,8,0.8794120701743044
4,4,8,0.9507681516607924
6,2,8,0.9438505341304295
4,4,8,0.8637492204619931
6,2,8,NaN
4,4,8,0.5658360447134629
3,5,8,NaN
4,4,8,0.06273758667360736
6,2,8,NaN
6,2,8,NaN
5,3,8,0.3919149047428849
2,6,8,0.6672253092960888
3,5,8,0.1150424729161512
1,7,8,0.23609730939414558
6,2,8,NaN
3,5,8,0.13283532441555457
3,5,8,NaN
4,4,8,0.6282574491159135
4,4,8,NaN
5,3,8,0.006330742305371628
4,4,8,NaN
1,7,8,NaN
3,5,8,NaN
4,4,8,NaN
3,5,8,NaN
2,6,8,NaN
3,5,8,NaN
4,4,8,NaN
4,4,8,0.8234957828997682
1,7,8,NaN
1,7,8,0.10348610691442867
4,4,8,0.17721222719246632
3,5,8,0.04315941079656668
4,4,8,0.742601995273523
3,5,8,0.15407061357868015
3,5,8,0.003219589086210972
3,5,8,0.09237993563679017
5,3,8,0.9507681516607924
6,2,8,0.6282574491159135
5,3,8,NaN
2,6,8,NaN
4,4,8,0.23609730939414558
6,2,8,NaN
7,1,8,0.2694643541486938
6,2,8,0.8234957828997682
5,3,8,0.9152375708831951
4,4,8,0.5376043881865737
6,2,8,0.4920422445583172
7,1,8,0.0015169228373520924
3,5,8,0.9290197578706562
3,5,8,0.1150424729161512
7,1,8,NaN
1,7,8,NaN
2,6,8,NaN
3,5,8,0.8827667358654245
1,7,8,0.3501231741062535
7,1,8,0.1364535519455008
5,3,8,0.23609730939414558
2,6,8,NaN
3,5,8,NaN
3,5,8,NaN
4,4,8,NaN
2,6,8,0.34936774434310386
3,5,8,NaN
2,6,8,NaN
4,4,8,0.3099009652134965
6,2,8,NaN
1,7,8,NaN
6,2,8,NaN
4,4,8,0.913166913081009
6,2,8,0.2054386262940906
8,0,8,0.23609730939414558
3,5,8,0.3950893865694002
4,4,8,NaN
5,3,8,NaN
3,5,8,NaN
6,2,8,NaN
3,5,8,NaN
3,5,8,0.07287517728397767
3,5,8,0.5836556595239325
4,4,8,NaN
1,7,8,0.5376043881865737
3,5,8,NaN
5,3,8,NaN
4,4,8,0.5836556595239325
1,7,8,NaN
2,6,8,NaN
2,6,8,0.4920422445583172
4,4,8,NaN
1,7,8,0.2054386262940906
6,2,8,NaN
4,4,8,NaN
5,3,8,0.2054386262940906
3,5,8,NaN
4,4,8,0.8588724720922231
4,4,8,0.04387592226239394
4,4,8,0.6706377302926072
6,2,8,0.49166317088551487
3,5,8,0.0213685999999998
6,2,8,NaN
6,2,8,0.00349258729629155
4,4,8,NaN
2,6,8,NaN
1,7,8,0.04631332256059672
3,5,8,0.030135545827633423
2,6,8,0.413069875026209
4,4,8,NaN
3,5,8,NaN
3,5,8,0.6897228897842167
3,5,8,0.6282574491159135
5,3,8,0.9507681516607924
2,6,8,NaN
3,5,8,0.742601995273523
3,5,8,0.17721222719246632
3,5,8,NaN
1,7,8,NaN
4,4,8,NaN
6,2,8,NaN
2,6,8,NaN
2,6,8,NaN
4,4,8,NaN
5,3,8,NaN
4,4,8,NaN
4,4,8,0.0986538124916049
5,3,8,0.579570970071753
7,1,8,0.7087129780995387
3,5,8,0.03129606221938552
2,6,8,0.17721222719246632
2,6,8,NaN
5,3,8,0.0019219056152917954
3,5,8,NaN
3,5,8,0.2279464383109441
4,4,8,0.06273758667360736
2,6,8,NaN
6,2,8,NaN
3,5,8,0.49793404983529665
3,5,8,NaN
6,2,8,0.030135545827633423
3,5,8,0.37414968480528765
3,5,8,0.3950893865694002
1,7,8,0.09237993563679017
3,5,8,0.5836556595239325
6,2,8,NaN
5,3,8,0.742601995273523
1,7,8,0.2054386262940906
3,5,8,0.15407061357868015
2,6,8,0.9954233892626881
3,5,8,NaN
3,5,8,NaN
1,7,8,0.5376043881865737
6,2,8,NaN
6,2,8,NaN
5,3,8,0.5836556595239325
3,5,8,0.3870824052449081
4,4,8,0.9677549750289749
1,7,8,NaN
3,5,8,0.4538672097670992
3,5,8,0.002061130817747847
4,4,8,0.013166985494505864
4,4,8,NaN
5,3,8,NaN
2,6,8,NaN
6,2,8,NaN
4,4,8,NaN
6,2,8,NaN
3,5,8,NaN
3,5,8,0.9602229766652525
5,3,8,0.2570127801540405
2,6,8,0.34936774434310386
3,5,8,NaN
2,6,8,0.030135545827633423
2,6,8,0.06677937609249471
4,4,8,0.13349194201575146
3,5,8,0.05338838749999978
2,6,8,NaN
4,4,8,NaN
4,4,8,0.04631332256059672
3,5,8,NaN
3,5,8,NaN
1,7,8,NaN
5,3,8,0.4920422445583172
7,1,8,NaN
6,2,8,0.9854887762528594
4,4,8,NaN
4,4,8,0.030135545827633423
2,6,8,NaN
6,2,8,0.025688675504669942
4,4,8,NaN
4,4,8,0.3950893865694002
1,7,8,0.2054386262940906
2,6,8,NaN
4,4,8,NaN
2,6,8,NaN
7,1,8,0.030135545827633423
3,5,8,0.6282574491159135
4,4,8,0.23609730939414558
3,5,8,0.011147134228187437
4,4,8,NaN
3,5,8,NaN
1,7,8,0.9602229766652525
5,3,8,NaN
4,4,8,NaN
2,6,8,NaN
5,3,8,NaN
3,5,8,0.9405257031659899
3,5,8,NaN
3,5,8,0.7878687459384288
4,4,8,0.8898145446139071
2,6,8,0.5082925342737403
6,2,8,0.004090674777217265
5,3,8,NaN
1,7,8,0.38681452556590795
4,4,8,NaN
5,3,8,NaN
2,6,8,NaN
3,5,8,0.6309341861767569
4,4,8,NaN
4,4,8,NaN
2,6,8,0.4431893633910816
8,0,8,NaN
6,2,8,0.9152375708831951
5,3,8,0.996109792408719
4,4,8,0.8014691082975914
3,5,8,NaN
4,4,8,NaN
2,6,8,NaN
5,3,8,0.3099009652134965
1,7,8,0.17721222719246632
1,7,8,0.17721222719246632
6,2,8,0.02200947430714948
3,5,8,NaN
3,5,8,NaN
7,1,8,0.7736549046044264
5,3,8,0.3950893865694002
2,6,8,NaN
2,6,8,0.2723000524553572
2,6,8,0.3950893865694002
6,2,8,NaN
2,6,8,0.2723000524553572
5,3,8,0.7736549046044264
3,5,8,NaN
4,4,8,NaN
3,5,8,0.2694643541486938
4,4,8,0.742601995273523
4,4,8,NaN
2,6,8,0.4920422445583172
3,5,8,NaN
3,5,8,0.5376043881865737
3,5,8,0.02191570537212071
3,5,8,0.12128530762452246
5,3,8,NaN
3,5,8,0.5844591479708413
4,4,8,NaN
2,6,8,0.04631332256059672
5,3,8,0.8037997644224935
5,3,8,NaN
3,5,8,0.7759330570137555
3,5,8,NaN
6,2,8,NaN
2,6,8,NaN
4,4,8,0.4431893633910816
7,1,8,NaN
1,7,8,0.16627759309469065
3,5,8,NaN
3,5,8,NaN
2,6,8,0.04631332256059672
3,5,8,NaN
3,5,8,0.7657761344645335
2,6,8,0.8234957828997682
5,3,8,NaN
3,5,8,0.007475414434340243
5,3,8,0.5376043881865737
2,6,8,NaN
2,6,8,0.3919149047428849
2,6,8,0.030135545827633423
4,4,8,0.742601995273523
2,6,8,0.3099009652134965
4,4,8,0.3950893865694002
3,5,8,0.15407061357868015
2,6,8,0.742601995273523
4,4,8,NaN
3,5,8,NaN
3,5,8,NaN
3,5,8,NaN
1,7,8,NaN
4,4,8,NaN
6,2,8,NaN
2,6,8,NaN
1,7,8,0.8197147591965249
3,5,8,0.23609730939414558
2,6,8,0.24060987766657307
2,6,8,0.34936774434310386
1,7,8,NaN
5,3,8,0.0986538124916049
3,5,8,NaN
2,6,8,NaN
5,3,8,0.742601995273523
4,4,8,NaN
3,5,8,NaN
3,5,8,0.6051150563678055
3,5,8,NaN
4,4,8,NaN
2,6,8,0.7087129780995387
1,7,8,NaN
1,7,8,0.9507681516607924
1,7,8,0.6706377302926072
1,7,8,0.0213685999999998
4,4,8,NaN
1,7,8,0.7736549046044264
3,5,8,NaN
3,5,8,0.6706377302926072
3,5,8,0.8999851143675383
2,6,8,0.6706377302926072
2,6,8,0.08491645534150608
1,7,8,0.6177853363863298
1,7,8,0.08491645534150608
3,5,8,0.0014167641008762631
3,5,8,0.007659580536912271
2,6,8,0.8453965225401804
2,6,8,0.5658360447134629
1,7,8,0.900175801502281
2,6,8,0.34936774434310386
4,4,8,NaN
1,7,8,0.9999976028923674
3,5,8,NaN
4,4,8,NaN
4,4,8,0.05656646792046839
2,6,8,6.509982146233267e-5
2,6,8,NaN
2,6,8,NaN
1,7,8,0.2054386262940906
1,7,8,0.08491645534150608
3,5,8,0.5376043881865737
2,6,8,0.7087129780995387
1,7,8,0.13349194201575146
7,1,8,NaN
5,3,8,0.9747364638126857
1,7,8,0.05338838749999978
1,7,8,0.0007561375668073713
4,4,8,NaN
2,6,8,NaN
2,6,8,NaN
3,5,8,0.7736549046044264
2,6,8,NaN
1,7,8,NaN
2,6,8,NaN
1,7,8,NaN
2,6,8,0.1150424729161512
1,7,8,0.5836556595239325
4,4,8,NaN
5,3,8,NaN
1,7,8,0.763896291469829
2,6,8,0.23609730939414558
1,7,8,NaN
2,6,8,NaN
4,4,8,NaN
1,7,8,NaN
1,7,8,NaN
2,6,8,0.0986538124916049
1,7,8,0.3099009652134965
2,6,8,NaN
2,6,8,0.1150424729161512
3,5,8,0.3099009652134965
1,7,8,0.15407061357868015
2,6,8,0.6282574491159135
2,6,8,NaN
1,7,8,NaN
1,7,8,NaN
4,4,8,NaN
1,7,8,0.3950893865694002
2,6,8,NaN
1,7,8,NaN
1,7,8,NaN
2,6,8,NaN
1,7,8,NaN
2,6,8,NaN
1,7,8,0.8014691082975914
4,4,8,NaN
1,7,8,0.5376043881865737
2,6,8,0.15407061357868015
1,7,8,0.4431893633910816
2,6,8,0.2723000524553572
2,6,8,0.5444209457652895
1,7,8,0.8453965225401804
4,4,8,NaN
2,6,8,0.029498739858420813
3,5,8,0.6282574491159135
2,6,8,0.8827667358654245
4,4,8,0.0213685999999998
1,7,8,NaN
1,7,8,0.34936774434310386
1,7,8,NaN
1,7,8,0.6282574491159135
1,7,8,0.06273758667360736
1,7,8,NaN
2,6,8,0.5376043881865737
1,7,8,NaN
1,7,8,NaN
2,6,8,NaN
2,6,8,NaN
1,7,8,NaN
1,7,8,NaN
3,5,8,9.673712379687598e-5
3,5,8,0.38615565237217403
1,7,8,0.2723000524553572
2,6,8,0.010627765108911053
2,6,8,NaN
1,7,8,NaN
1,7,8,NaN
3,5,8,NaN
2,6,8,0.7736549046044264
1,7,8,0.4431893633910816
2,6,8,0.2694643541486938
1,7,8,NaN
1,7,8,0.15407061357868015
2,6,8,NaN
1,7,8,0.5836556595239325
1,7,8,0.5701189434759942
1,7,8,0.7736549046044264
1,7,8,0.3950893865694002
1,7,8,0.15407061357868015
1,7,8,0.2833770536123927
2,6,8,NaN
1,7,8,0.0986538124916049
1,7,8,NaN
1,7,8,0.3950893865694002
0,8,8,NaN
0,8,8,0.6706377302926072
0,8,8,0.9152375708831951
0,8,8,NaN
0,8,8,0.43567498633451757
0,8,8,0.23745601444513653
0,8,8,0.002968079223927906
0,8,8,0.9677549750289749
0,8,8,NaN
0,8,8,NaN
0,8,8,NaN
0,8,8,NaN
0,8,8,NaN
0,8,8,NaN
0,8,8,NaN
0,8,8,NaN
0,8,8,NaN
0,8,8,0.026180594477291916
0,8,8,NaN
0,8,8,NaN
0,8,8,NaN
0,8,8,0.4880429237151646
0,8,8,0.025688675504669942
0,8,8,NaN
0,8,8,NaN
0,8,8,NaN
0,8,8,NaN
0,8,8,0.11324926751321228
0,8,8,NaN
0,8,8,0.4920422445583172
0,8,8,0.00023417343707323043
0,8,8,0.6706377302926072
0,8,8,NaN
0,8,8,0.08491645534150608
0,8,8,NaN
0,8,8,NaN
0,8,8,NaN
0,8,8,0.8453965225401804
0,8,8,NaN
0,8,8,0.002000265306122949
0,8,8,0.4920422445583172
0,8,8,0.9152375708831951
0,8,8,0.4920422445583172
0,8,8,NaN
0,8,8,0.34936774434310386
0,8,8,0.0009249323346738261
0,8,8,NaN
0,8,8,0.06273758667360736
0,8,8,NaN
0,8,8,NaN
0,8,8,0.3343661851491001
0,8,8,NaN
0,8,8,0.004147150332940081
0,8,8,NaN
0,8,8,NaN
0,8,8,0.3950893865694002
0,8,8,0.05338838749999978
0,8,8,NaN
0,8,8,NaN
0,8,8,NaN
0,8,8,NaN
0,8,8,NaN
0,8,8,NaN
0,8,8,0.3468454932106979
0,8,8,NaN
0,8,8,0.9290197578706562
0,8,8,0.8999851143675383
0,8,8,NaN
0,8,8,0.5383406454901791
0,8,8,0.9152375708831951
0,8,8,0.2054386262940906
0,8,8,0.15407061357868015
0,8,8,NaN
0,8,8,NaN
0,8,8,0.015310519823788312
0,8,8,0.4431893633910816
0,8,8,NaN
0,8,8,NaN
0,8,8,NaN
0,8,8,NaN
0,8,8,0.014315275436625446
2,5,7,0.3099009652134965
4,3,7,0.7087129780995387
3,4,7,NaN
1,6,7,0.5836556595239325
6,1,7,NaN
4,3,7,0.039687384300341605
3,4,7,NaN
2,5,7,NaN
2,5,7,NaN
3,4,7,0.5376043881865737
7,0,7,NaN
4,3,7,NaN
3,4,7,0.6706377302926072
7,0,7,NaN
1,6,7,NaN
5,2,7,0.08779358212750031
7,0,7,NaN
3,4,7,NaN
4,3,7,0.008804131957783057
4,3,7,NaN
6,1,7,NaN
6,1,7,NaN
5,2,7,0.4920422445583172
4,3,7,0.2723000524553572
3,4,7,NaN
2,5,7,NaN
5,2,7,0.00010318602680500399
3,4,7,0.6282574491159135
1,6,7,0.4431893633910816
4,3,7,NaN
2,5,7,0.04514834602952484
6,1,7,NaN
2,5,7,0.8827667358654245
3,4,7,0.1150424729161512
4,3,7,NaN
5,2,7,NaN
5,2,7,NaN
4,3,7,NaN
4,3,7,NaN
3,4,7,NaN
5,2,7,0.4920422445583172
7,0,7,NaN
4,3,7,NaN
3,4,7,NaN
4,3,7,0.7746371520213624
6,1,7,NaN
2,5,7,0.7087129780995387
1,6,7,NaN
4,3,7,NaN
3,4,7,NaN
6,1,7,NaN
7,0,7,0.36637526293713274
5,2,7,0.9997461668955101
4,3,7,NaN
6,1,7,NaN
3,4,7,NaN
6,1,7,0.9945747050286774
4,3,7,NaN
5,2,7,0.9152375708831951
7,0,7,0.742601995273523
3,4,7,NaN
4,3,7,NaN
5,2,7,NaN
7,0,7,0.0013464803412603563
1,6,7,NaN
7,0,7,NaN
4,3,7,NaN
6,1,7,0.3950893865694002
3,4,7,NaN
3,4,7,0.8014691082975914
3,4,7,0.4920422445583172
5,2,7,NaN
3,4,7,0.03483302474600802
5,2,7,NaN
2,5,7,NaN
4,3,7,0.17721222719246632
3,4,7,NaN
2,5,7,0.4920422445583172
1,6,7,0.6852152416509542
5,2,7,NaN
2,5,7,0.026521283064343978
6,1,7,NaN
2,5,7,0.6282574491159135
4,3,7,NaN
1,6,7,0.7736549046044264
6,1,7,NaN
3,4,7,0.742601995273523
6,1,7,0.018664804092667804
4,3,7,NaN
4,3,7,NaN
1,6,7,0.8827667358654245
5,2,7,NaN
1,6,7,0.07287517728397767
4,3,7,NaN
3,4,7,NaN
6,1,7,0.23609730939414558
2,5,7,0.23609730939414558
7,0,7,0.06273758667360736
5,2,7,0.9677549750289749
5,2,7,NaN
3,4,7,NaN
5,2,7,0.011147134228187437
2,5,7,0.4920422445583172
3,4,7,NaN
3,4,7,0.011121315077419331
3,4,7,0.6767282575015547
1,6,7,NaN
5,2,7,0.2054386262940906
2,5,7,0.034605295647823726
4,3,7,NaN
5,2,7,0.7087129780995387
2,5,7,NaN
7,0,7,0.23539301067611462
3,4,7,NaN
3,4,7,0.15407061357868015
2,5,7,NaN
6,1,7,0.03491336075153094
5,2,7,0.171469616389026
5,2,7,0.7736549046044264
7,0,7,0.8372296613313918
1,6,7,0.0007874930341180279
1,6,7,0.5992360679987324
1,6,7,NaN
6,1,7,0.742601995273523
5,2,7,NaN
4,3,7,NaN
5,2,7,0.1867372117591186
4,3,7,NaN
5,2,7,0.000967823846338605
4,3,7,0.5434810654270791
1,6,7,NaN
5,2,7,0.612746566168068
6,1,7,NaN
7,0,7,0.5836556595239325
2,5,7,NaN
3,4,7,NaN
7,0,7,0.7087129780995387
6,1,7,NaN
5,2,7,0.15407061357868015
3,4,7,NaN
4,3,7,0.7298101004792312
7,0,7,NaN
4,3,7,NaN
6,1,7,0.8234957828997682
2,5,7,0.015310519823788312
3,4,7,0.7245092193151623
6,1,7,NaN
4,3,7,NaN
3,4,7,NaN
6,1,7,NaN
5,2,7,0.9809153258638088
2,5,7,0.15407061357868015
5,2,7,0.05338838749999978
6,1,7,0.14109221493392615
3,4,7,0.012864584733972605
4,3,7,0.7736549046044264
5,2,7,0.0213685999999998
7,0,7,NaN
5,2,7,NaN
4,3,7,0.00950949141574658
4,3,7,0.5836556595239325
1,6,7,0.8453965225401804
1,6,7,0.9507681516607924
3,4,7,NaN
5,2,7,NaN
4,3,7,0.05338838749999978
3,4,7,0.8827667358654245
5,2,7,0.742601995273523
2,5,7,0.8310135313377822
7,0,7,0.34936774434310386
3,4,7,NaN
4,3,7,0.039687384300341605
4,3,7,NaN
3,4,7,NaN
3,4,7,0.2054386262940906
2,5,7,NaN
2,5,7,0.5173026363369106
5,2,7,NaN
5,2,7,NaN
4,3,7,0.4392698260764485
7,0,7,NaN
4,3,7,0.7087129780995387
3,4,7,0.4431893633910816
4,3,7,0.21892968286469125
6,1,7,NaN
4,3,7,NaN
1,6,7,NaN
4,3,7,0.05278166148107992
7,0,7,NaN
5,2,7,0.0011994601207712587
4,3,7,NaN
4,3,7,0.5376043881865737
4,3,7,0.5836556595239325
4,3,7,NaN
5,2,7,NaN
6,1,7,0.07686319954676345
3,4,7,0.2833770536123927
3,4,7,NaN
4,3,7,0.4431893633910816
5,2,7,0.3950893865694002
5,2,7,0.4920422445583172
6,1,7,0.07287517728397767
5,2,7,0.9507681516607924
5,2,7,0.8014691082975914
5,2,7,NaN
4,3,7,NaN
6,1,7,NaN
3,4,7,NaN
3,4,7,0.6706377302926072
7,0,7,NaN
4,3,7,0.9602229766652525
4,3,7,NaN
5,2,7,0.9985624508339978
4,3,7,NaN
1,6,7,NaN
4,3,7,0.6706377302926072
4,3,7,0.0012824193126778616
6,1,7,0.3843086857380096
6,1,7,0.17721222719246632
2,5,7,NaN
4,3,7,0.9867685437068255
4,3,7,NaN
6,1,7,0.9890426773313062
1,6,7,0.7134323375161519
1,6,7,0.5836556595239325
4,3,7,NaN
4,3,7,0.2659341884535959
1,6,7,0.5822710883638562
3,4,7,NaN
6,1,7,0.3099009652134965
3,4,7,NaN
6,1,7,NaN
6,1,7,0.8234957828997682
3,4,7,NaN
2,5,7,0.07059351753466407
3,4,7,NaN
5,2,7,NaN
6,1,7,0.13349194201575146
5,2,7,0.13349194201575146
5,2,7,NaN
3,4,7,0.09024048659482907
6,1,7,NaN
7,0,7,0.030135545827633423
4,3,7,0.5836556595239325
4,3,7,NaN
2,5,7,0.05338838749999978
6,1,7,0.6706377302926072
4,3,7,NaN
3,4,7,0.9152375708831951
2,5,7,NaN
3,4,7,0.05338838749999978
4,3,7,0.07287517728397767
6,1,7,NaN
4,3,7,NaN
3,4,7,0.5376043881865737
2,5,7,0.04988958298172707
5,2,7,0.07536176163811059
4,3,7,NaN
4,3,7,NaN
4,3,7,0.5376043881865737
7,0,7,NaN
2,5,7,0.7221587871481188
5,2,7,NaN
4,3,7,0.8234957828997682
4,3,7,0.15407061357868015
4,3,7,0.6282574491159135
5,2,7,0.5836556595239325
5,2,7,3.6376800080759306e-5
4,3,7,NaN
6,1,7,0.5376043881865737
2,5,7,0.7087129780995387
2,5,7,NaN
4,3,7,0.04631332256059672
3,4,7,0.004647876392904301
3,4,7,NaN
2,5,7,0.4920422445583172
2,5,7,NaN
1,6,7,NaN
4,3,7,0.7087129780995387
7,0,7,0.1150424729161512
6,1,7,0.8827667358654245
5,2,7,NaN
4,3,7,0.039088478047831554
3,4,7,0.5376043881865737
7,0,7,0.05338838749999978
3,4,7,0.1150424729161512
3,4,7,0.34936774434310386
4,3,7,NaN
6,1,7,NaN
4,3,7,NaN
2,5,7,0.23609730939414558
1,6,7,NaN
3,4,7,0.011147134228187437
2,5,7,0.8234957828997682
4,3,7,NaN
6,1,7,0.015310519823788312
6,1,7,NaN
4,3,7,0.2694643541486938
5,2,7,0.537964995673772
2,5,7,NaN
2,5,7,0.05338838749999978
3,4,7,NaN
6,1,7,NaN
4,3,7,2.2977366029889782e-5
5,2,7,0.5376043881865737
4,3,7,0.025688675504669942
2,5,7,NaN
4,3,7,NaN
6,1,7,0.6706377302926072
6,1,7,NaN
3,4,7,NaN
1,6,7,0.15766114439802914
4,3,7,NaN
5,2,7,0.019400645343705825
3,4,7,0.8179451903239775
2,5,7,0.034605295647823726
5,2,7,0.08491645534150608
6,1,7,NaN
3,4,7,0.7925495579484572
2,5,7,0.4431893633910816
5,2,7,0.23609730939414558
6,1,7,NaN
6,1,7,NaN
7,0,7,0.2054386262940906
5,2,7,NaN
4,3,7,0.8999851143675383
7,0,7,0.6282574491159135
5,2,7,NaN
5,2,7,0.0060207969030426686
1,6,7,0.4431893633910816
3,4,7,0.8453965225401804
5,2,7,0.0003878401127494684
4,3,7,0.2723000524553572
5,2,7,0.7736549046044264
4,3,7,0.015310519823788312
4,3,7,NaN
5,2,7,NaN
2,5,7,0.034605295647823726
2,5,7,0.6282574491159135
3,4,7,NaN
4,3,7,0.0986538124916049
3,4,7,NaN
5,2,7,NaN
3,4,7,0.7087129780995387
1,6,7,NaN
6,1,7,0.7087129780995387
5,2,7,NaN
4,3,7,NaN
4,3,7,NaN
4,3,7,NaN
6,1,7,NaN
5,2,7,0.8014691082975914
4,3,7,0.7087129780995387
3,4,7,0.1150424729161512
3,4,7,NaN
4,3,7,0.5443418139345186
6,1,7,0.7087129780995387
4,3,7,0.7087129780995387
3,4,7,0.8234957828997682
4,3,7,0.0028014288561114937
4,3,7,0.0837550502146186
6,1,7,6.721691832187719e-5
3,4,7,NaN
6,1,7,NaN
3,4,7,NaN
5,2,7,0.9420292476644005
4,3,7,0.8999851143675383
6,1,7,0.07287517728397767
3,4,7,0.1150424729161512
7,0,7,NaN
4,3,7,0.0986538124916049
3,4,7,0.4920422445583172
3,4,7,NaN
7,0,7,NaN
2,5,7,NaN
5,2,7,NaN
4,3,7,0.15407061357868015
4,3,7,NaN
3,4,7,0.4920422445583172
2,5,7,0.6706377302926072
3,4,7,NaN
4,3,7,0.07287517728397767
4,3,7,NaN
5,2,7,0.3099009652134965
3,4,7,NaN
5,2,7,NaN
4,3,7,0.7736549046044264
1,6,7,NaN
2,5,7,NaN
6,1,7,0.09291817515542232
4,3,7,NaN
5,2,7,NaN
3,4,7,0.318547759543663
3,4,7,0.49162013627195345
7,0,7,NaN
5,2,7,NaN
3,4,7,0.5376043881865737
2,5,7,0.34936774434310386
7,0,7,NaN
1,6,7,0.003991419732938516
3,4,7,0.025688675504669942
3,4,7,0.8999851143675383
3,4,7,0.4431893633910816
4,3,7,0.4920422445583172
4,3,7,0.5586718955914444
4,3,7,0.002166483919680244
3,4,7,NaN
4,3,7,NaN
2,5,7,NaN
4,3,7,NaN
2,5,7,0.877743936437839
4,3,7,0.2723000524553572
4,3,7,NaN
6,1,7,0.746664063602806
4,3,7,0.030135545827633423
3,4,7,NaN
4,3,7,0.05507340176673581
2,5,7,NaN
3,4,7,0.4431893633910816
7,0,7,0.23663801813823956
5,2,7,0.030135545827633423
1,6,7,NaN
2,5,7,0.8426049683359876
2,5,7,0.04631332256059672
4,3,7,NaN
6,1,7,1.1070486052076322e-7
7,0,7,0.5376043881865737
1,6,7,0.8453965225401804
2,5,7,0.9405257031659899
1,6,7,0.8655008786900369
3,4,7,0.4431893633910816
3,4,7,NaN
6,1,7,NaN
6,1,7,NaN
4,3,7,0.09485823049733114
4,3,7,5.69432095060644e-9
4,3,7,NaN
6,1,7,0.4880429237151646
6,1,7,0.5476562455256226
3,4,7,0.009476343601304761
5,2,7,0.3099009652134965
4,3,7,NaN
7,0,7,NaN
5,2,7,0.06273758667360736
3,4,7,NaN
2,5,7,0.0005308216255178577
6,1,7,NaN
3,4,7,NaN
3,4,7,0.33749847518745396
2,5,7,NaN
3,4,7,NaN
5,2,7,NaN
4,3,7,NaN
7,0,7,0.2723000524553572
7,0,7,0.5376043881865737
3,4,7,NaN
3,4,7,0.34936774434310386
3,4,7,NaN
4,3,7,NaN
6,1,7,NaN
2,5,7,NaN
6,1,7,0.0007600577402511347
5,2,7,0.006227603606718907
4,3,7,0.3950893865694002
6,1,7,0.7736549046044264
2,5,7,NaN
5,2,7,NaN
5,2,7,NaN
3,4,7,NaN
3,4,7,NaN
2,5,7,NaN
4,3,7,NaN
4,3,7,0.23609730939414558
6,1,7,0.012903729179752927
2,5,7,0.4431893633910816
6,1,7,0.6282574491159135
1,6,7,NaN
5,2,7,0.2974930560131826
5,2,7,0.9507681516607924
5,2,7,NaN
4,3,7,0.05338838749999978
3,4,7,0.9827990061033532
3,4,7,0.030135545827633423
4,3,7,0.591743164673726
6,1,7,NaN
4,3,7,0.1150424729161512
6,1,7,NaN
6,1,7,0.08513621545884652
4,3,7,NaN
4,3,7,NaN
5,2,7,0.2045839782286554
2,5,7,NaN
1,6,7,0.742601995273523
5,2,7,0.08491645534150608
1,6,7,0.4920422445583172
3,4,7,0.030135545827633423
2,5,7,0.8014691082975914
3,4,7,0.4431893633910816
4,3,7,NaN
3,4,7,NaN
5,2,7,0.7087129780995387
3,4,7,0.31482964190748924
3,4,7,0.16876986816856795
2,5,7,NaN
2,5,7,NaN
4,3,7,NaN
2,5,7,NaN
2,5,7,NaN
6,1,7,NaN
5,2,7,NaN
5,2,7,NaN
3,4,7,NaN
5,2,7,0.025688675504669942
5,2,7,NaN
2,5,7,0.9290197578706562
4,3,7,0.742601995273523
4,3,7,NaN
2,5,7,NaN
3,4,7,0.5836556595239325
2,5,7,0.8406976625716349
3,4,7,0.12040298714353861
6,1,7,NaN
3,4,7,NaN
5,2,7,NaN
4,3,7,NaN
3,4,7,0.8014691082975914
7,0,7,0.34936774434310386
5,2,7,0.4920422445583172
4,3,7,NaN
1,6,7,NaN
4,3,7,NaN
2,5,7,NaN
3,4,7,NaN
3,4,7,0.7736549046044264
3,4,7,0.3950893865694002
2,5,7,NaN
3,4,7,NaN
4,3,7,0.8234957828997682
6,1,7,0.7087129780995387
3,4,7,NaN
3,4,7,0.46176889683837213
3,4,7,0.4431893633910816
1,6,7,1.3239360097044652e-5
5,2,7,0.34936774434310386
5,2,7,NaN
1,6,7,0.05338838749999978
2,5,7,NaN
3,4,7,0.7237116727940536
4,3,7,8.169513183068424e-5
6,1,7,NaN
6,1,7,0.052292958768025956
3,4,7,0.8234957828997682
6,1,7,0.13379721847488588
2,5,7,0.9942087569967986
1,6,7,0.7736549046044264
1,6,7,0.2054386262940906
6,1,7,0.9854887762528594
5,2,7,0.29270212485790625
2,5,7,NaN
2,5,7,NaN
3,4,7,NaN
1,6,7,NaN
4,3,7,0.15407061357868015
3,4,7,0.9152375708831951
3,4,7,0.2723000524553572
3,4,7,0.5836556595239325
2,5,7,NaN
3,4,7,NaN
3,4,7,0.034605295647823726
5,2,7,NaN
5,2,7,0.742601995273523
6,1,7,0.8999851143675383
6,1,7,NaN
4,3,7,NaN
4,3,7,NaN
4,3,7,NaN
5,2,7,NaN
2,5,7,0.006745031539101505
5,2,7,NaN
5,2,7,NaN
3,4,7,NaN
5,2,7,0.8014691082975914
4,3,7,0.4431893633910816
1,6,7,0.6282574491159135
6,1,7,0.9602229766652525
3,4,7,0.6282574491159135
1,6,7,0.34936774434310386
3,4,7,0.17721222719246632
4,3,7,NaN
3,4,7,0.8827667358654245
2,5,7,NaN
3,4,7,NaN
1,6,7,NaN
2,5,7,0.034605295647823726
1,6,7,0.011805190038907438
1,6,7,NaN
5,2,7,0.009095402089516817
3,4,7,0.3950893865694002
5,2,7,NaN
4,3,7,NaN
4,3,7,0.6282574491159135
2,5,7,NaN
3,4,7,NaN
6,1,7,NaN
4,3,7,NaN
2,5,7,0.06273758667360736
3,4,7,NaN
6,1,7,0.4832716308418932
5,2,7,0.12759800679617342
4,3,7,NaN
4,3,7,NaN
4,3,7,NaN
1,6,7,NaN
3,4,7,NaN
6,1,7,NaN
4,3,7,NaN
1,6,7,NaN
4,3,7,0.6286532033477513
3,4,7,0.3182800732735301
7,0,7,0.9602229766652525
2,5,7,NaN
4,3,7,NaN
5,2,7,0.6706377302926072
3,4,7,0.055667024741622606
4,3,7,0.7087129780995387
2,5,7,0.048840600987570704
3,4,7,0.6282574491159135
1,6,7,NaN
4,3,7,0.9405257031659899
1,6,7,NaN
2,5,7,0.6706377302926072
3,4,7,NaN
3,4,7,NaN
6,1,7,NaN
3,4,7,0.8014691082975914
7,0,7,NaN
2,5,7,NaN
2,5,7,NaN
2,5,7,NaN
4,3,7,0.6706377302926072
3,4,7,NaN
5,2,7,NaN
4,3,7,0.1234416825469842
2,5,7,0.1464789983033568
3,4,7,NaN
1,6,7,0.15407061357868015
6,1,7,0.07287517728397767
1,6,7,NaN
2,5,7,NaN
4,3,7,NaN
3,4,7,NaN
5,2,7,0.0986538124916049
6,1,7,NaN
2,5,7,NaN
4,3,7,NaN
2,5,7,NaN
4,3,7,0.4431893633910816
6,1,7,0.0025773754656393797
4,3,7,0.17721222719246632
3,4,7,0.5836556595239325
2,5,7,0.3950893865694002
1,6,7,NaN
4,3,7,0.6678230243909852
2,5,7,0.039687384300341605
5,2,7,NaN
3,4,7,NaN
4,3,7,0.9602229766652525
2,5,7,NaN
2,5,7,0.030135545827633423
3,4,7,0.23609730939414558
7,0,7,NaN
3,4,7,NaN
2,5,7,NaN
2,5,7,NaN
4,3,7,NaN
5,2,7,0.23609730939414558
6,1,7,NaN
6,1,7,0.7917518264884089
1,6,7,NaN
2,5,7,0.7087129780995387
3,4,7,0.742601995273523
3,4,7,NaN
1,6,7,NaN
6,1,7,NaN
5,2,7,0.15407061357868015
2,5,7,0.062095167801218924
3,4,7,NaN
4,3,7,NaN
7,0,7,0.7736549046044264
5,2,7,NaN
3,4,7,0.742601995273523
6,1,7,0.742601995273523
2,5,7,NaN
6,1,7,NaN
3,4,7,NaN
4,3,7,NaN
2,5,7,NaN
2,5,7,NaN
4,3,7,0.9405257031659899
2,5,7,NaN
2,5,7,0.0986538124916049
6,1,7,NaN
5,2,7,NaN
3,4,7,NaN
3,4,7,0.3099009652134965
4,3,7,NaN
2,5,7,0.4920422445583172
2,5,7,0.0213685999999998
4,3,7,0.820390701260412
2,5,7,0.1999175376908069
4,3,7,0.17721222719246632
7,0,7,0.4920422445583172
2,5,7,0.009095402089516817
2,5,7,NaN
3,4,7,0.02165610465488125
4,3,7,0.030135545827633423
6,1,7,0.742601995273523
3,4,7,NaN
7,0,7,0.008571472700374536
3,4,7,NaN
2,5,7,0.017936625825384724
7,0,7,NaN
2,5,7,0.006383233723340912
2,5,7,0.00010760671804863627
3,4,7,0.3950893865694002
3,4,7,NaN
4,3,7,NaN
4,3,7,0.13349194201575146
3,4,7,NaN
7,0,7,NaN
2,5,7,0.23609730939414558
4,3,7,0.6444083929377153
4,3,7,0.5836556595239325
1,6,7,NaN
6,1,7,NaN
4,3,7,NaN
3,4,7,0.15407061357868015
3,4,7,NaN
3,4,7,0.008182548620064043
2,5,7,0.21876536273380923
5,2,7,0.9602229766652525
2,5,7,0.6282574491159135
6,1,7,0.15407061357868015
2,5,7,0.33944453025642474
5,2,7,0.15752282694662684
1,6,7,0.9173996859903054
4,3,7,NaN
5,2,7,0.7736549046044264
4,3,7,0.537964995673772
2,5,7,NaN
3,4,7,0.03887243818761807
6,1,7,NaN
7,0,7,0.025397626937703716
5,2,7,NaN
2,5,7,NaN
2,5,7,0.7736549046044264
4,3,7,0.11721812837068463
2,5,7,0.10283124107455639
5,2,7,0.3343661851491001
6,1,7,NaN
5,2,7,0.07287517728397767
4,3,7,0.8081142148799103
3,4,7,NaN
5,2,7,NaN
4,3,7,0.34936774434310386
1,6,7,0.07382891409600595
2,5,7,NaN
4,3,7,NaN
4,3,7,0.0024980999074608835
2,5,7,NaN
1,6,7,0.15407061357868015
2,5,7,NaN
3,4,7,0.9405257031659899
3,4,7,NaN
3,4,7,0.6706377302926072
4,3,7,NaN
1,6,7,0.7959743493225058
4,3,7,0.1150424729161512
4,3,7,0.655889610926832
1,6,7,0.13349194201575146
2,5,7,NaN
4,3,7,NaN
2,5,7,0.13349194201575146
5,2,7,0.34936774434310386
5,2,7,NaN
3,4,7,0.3950893865694002
3,4,7,0.7552833877985212
2,5,7,0.8014691082975914
1,6,7,NaN
3,4,7,0.15407061357868015
2,5,7,NaN
3,4,7,0.23609730939414558
3,4,7,0.0017041425271038216
4,3,7,NaN
3,4,7,NaN
2,5,7,0.08491645534150608
1,6,7,NaN
5,2,7,NaN
1,6,7,0.17721222719246632
2,5,7,0.742601995273523
3,4,7,NaN
3,4,7,NaN
3,4,7,0.17721222719246632
5,2,7,NaN
1,6,7,NaN
5,2,7,0.039687384300341605
1,6,7,NaN
1,6,7,0.4920422445583172
1,6,7,NaN
2,5,7,0.15357816981108446
2,5,7,NaN
3,4,7,0.4431893633910816
4,3,7,0.034605295647823726
3,4,7,0.6282574491159135
3,4,7,NaN
3,4,7,NaN
2,5,7,0.4920422445583172
3,4,7,0.17721222719246632
2,5,7,0.4431893633910816
3,4,7,0.7087129780995387
1,6,7,NaN
7,0,7,0.23609730939414558
6,1,7,NaN
4,3,7,NaN
3,4,7,0.13349194201575146
1,6,7,NaN
5,2,7,0.13349194201575146
2,5,7,0.742601995273523
4,3,7,NaN
1,6,7,NaN
5,2,7,0.3099009652134965
3,4,7,0.3099009652134965
1,6,7,0.2723000524553572
4,3,7,NaN
4,3,7,NaN
6,1,7,0.2723000524553572
3,4,7,NaN
3,4,7,NaN
3,4,7,0.3950893865694002
4,3,7,0.10283124107455639
2,5,7,0.15407061357868015
5,2,7,NaN
2,5,7,NaN
3,4,7,0.3950893865694002
3,4,7,NaN
3,4,7,0.7736549046044264
4,3,7,0.8234957828997682
3,4,7,0.01197931466606129
3,4,7,0.017936625825384724
2,5,7,0.10821363731163891
2,5,7,NaN
2,5,7,0.3099009652134965
4,3,7,NaN
3,4,7,0.1150424729161512
6,1,7,NaN
6,1,7,0.2723000524553572
5,2,7,NaN
3,4,7,0.025688675504669942
3,4,7,0.2723000524553572
1,6,7,0.0024356024313287547
1,6,7,NaN
5,2,7,0.04631332256059672
3,4,7,0.5376043881865737
1,6,7,0.026231391887228485
2,5,7,0.06580106747887945
3,4,7,NaN
3,4,7,NaN
3,4,7,0.6547065501511391
7,0,7,0.1150424729161512
2,5,7,0.8234957828997682
6,1,7,NaN
1,6,7,0.5098414552142801
2,5,7,0.5285116489597954
3,4,7,NaN
2,5,7,0.0986538124916049
3,4,7,0.8453965225401804
5,2,7,0.008909807419626655
5,2,7,NaN
2,5,7,NaN
6,1,7,NaN
1,6,7,NaN
1,6,7,NaN
7,0,7,0.034605295647823726
5,2,7,NaN
4,3,7,NaN
1,6,7,NaN
6,1,7,0.8655008786900369
1,6,7,0.6282574491159135
2,5,7,NaN
4,3,7,0.5475551416317636
1,6,7,0.2054386262940906
1,6,7,0.8827667358654245
2,5,7,NaN
1,6,7,NaN
1,6,7,NaN
3,4,7,2.7767537575036132e-5
1,6,7,NaN
3,4,7,NaN
2,5,7,0.5836556595239325
4,3,7,NaN
5,2,7,0.0986538124916049
3,4,7,0.5836556595239325
3,4,7,NaN
5,2,7,NaN
4,3,7,0.17721222719246632
5,2,7,NaN
2,5,7,NaN
2,5,7,NaN
2,5,7,0.039687384300341605
3,4,7,0.5706449674165461
3,4,7,0.8234957828997682
5,2,7,NaN
4,3,7,0.3950893865694002
2,5,7,0.9152375708831951
2,5,7,0.05338838749999978
2,5,7,NaN
4,3,7,NaN
1,6,7,NaN
4,3,7,0.0028192191714302506
3,4,7,0.7087129780995387
1,6,7,NaN
1,6,7,0.6786716226305306
2,5,7,NaN
1,6,7,NaN
1,6,7,0.8453965225401804
1,6,7,NaN
3,4,7,NaN
3,4,7,NaN
4,3,7,NaN
1,6,7,NaN
4,3,7,0.2054386262940906
3,4,7,0.2860414885075441
1,6,7,0.2723000524553572
4,3,7,0.9152375708831951
1,6,7,NaN
2,5,7,0.24385773939393943
4,3,7,0.9677549750289749
2,5,7,NaN
4,3,7,0.6282574491159135
1,6,7,NaN
2,5,7,0.39904065528042704
2,5,7,0.6706377302926072
2,5,7,0.006188839200263787
3,4,7,0.6706377302926072
2,5,7,NaN
2,5,7,0.030135545827633423
3,4,7,NaN
2,5,7,0.2723000524553572
5,2,7,NaN
2,5,7,0.5376043881865737
1,6,7,0.05338838749999978
2,5,7,NaN
1,6,7,NaN
1,6,7,0.07055773092693639
4,3,7,NaN
4,3,7,NaN
5,2,7,0.4431893633910816
1,6,7,NaN
4,3,7,NaN
5,2,7,0.07287517728397767
1,6,7,NaN
5,2,7,NaN
3,4,7,0.15407061357868015
3,4,7,0.7087129780995387
2,5,7,9.612357436151856e-6
1,6,7,NaN
5,2,7,0.025830789741381723
1,6,7,NaN
3,4,7,0.6891237157104624
2,5,7,NaN
3,4,7,0.8014691082975914
3,4,7,NaN
1,6,7,0.1150424729161512
3,4,7,0.2054386262940906
3,4,7,0.9602229766652525
2,5,7,0.08491645534150608
1,6,7,NaN
3,4,7,NaN
1,6,7,0.04631332256059672
2,5,7,0.6282574491159135
1,6,7,0.34936774434310386
1,6,7,NaN
3,4,7,0.9405257031659899
3,4,7,NaN
2,5,7,NaN
2,5,7,NaN
4,3,7,0.07287517728397767
6,1,7,NaN
1,6,7,0.4880429237151646
2,5,7,NaN
4,3,7,0.017936625825384724
1,6,7,0.6706377302926072
3,4,7,0.5376043881865737
2,5,7,0.7704325811087281
2,5,7,0.06273758667360736
3,4,7,NaN
3,4,7,NaN
4,3,7,0.08491645534150608
4,3,7,NaN
1,6,7,NaN
2,5,7,NaN
2,5,7,NaN
2,5,7,0.7087129780995387
1,6,7,NaN
5,2,7,NaN
3,4,7,NaN
1,6,7,0.08491645534150608
1,6,7,0.23609730939414558
1,6,7,0.8453965225401804
2,5,7,0.0986538124916049
1,6,7,NaN
4,3,7,0.3099009652134965
3,4,7,NaN
2,5,7,NaN
4,3,7,0.3099009652134965
1,6,7,NaN
1,6,7,0.6282574491159135
1,6,7,0.9290197578706562
2,5,7,0.0986538124916049
3,4,7,0.7736549046044264
3,4,7,NaN
2,5,7,NaN
2,5,7,NaN
3,4,7,NaN
1,6,7,NaN
1,6,7,NaN
3,4,7,NaN
7,0,7,0.8999851143675383
1,6,7,1.6602194849543485e-9
4,3,7,NaN
3,4,7,NaN
3,4,7,0.0011108958053215544
4,3,7,0.025806950309575836
1,6,7,0.742601995273523
2,5,7,NaN
1,6,7,0.004708926795579234
3,4,7,0.9290197578706562
3,4,7,0.4431893633910816
1,6,7,NaN
1,6,7,NaN
3,4,7,NaN
2,5,7,NaN
2,5,7,0.016248698211264127
4,3,7,0.13349194201575146
2,5,7,0.6282574491159135
2,5,7,NaN
4,3,7,NaN
4,3,7,NaN
3,4,7,NaN
3,4,7,0.9152375708831951
1,6,7,NaN
2,5,7,NaN
1,6,7,NaN
1,6,7,0.5836556595239325
4,3,7,0.28951399410958306
1,6,7,0.17721222719246632
2,5,7,NaN
2,5,7,NaN
2,5,7,6.893204179159586e-7
1,6,7,NaN
1,6,7,NaN
1,6,7,0.025688675504669942
1,6,7,0.13349194201575146
2,5,7,NaN
2,5,7,NaN
2,5,7,0.8014691082975914
2,5,7,NaN
1,6,7,NaN
6,1,7,0.29327630527595244
1,6,7,NaN
2,5,7,0.13349194201575146
4,3,7,NaN
2,5,7,NaN
2,5,7,NaN
5,2,7,0.3950893865694002
1,6,7,0.612746566168068
2,5,7,0.26173325294873806
5,2,7,0.9775004224056865
2,5,7,0.025688675504669942
2,5,7,NaN
2,5,7,NaN
3,4,7,0.04631332256059672
1,6,7,NaN
1,6,7,0.9990483611395122
3,4,7,0.0986538124916049
1,6,7,NaN
3,4,7,0.05338838749999978
1,6,7,0.8453965225401804
2,5,7,NaN
2,5,7,NaN
1,6,7,NaN
1,6,7,NaN
1,6,7,NaN
3,4,7,NaN
2,5,7,0.009410414330218242
2,5,7,NaN
4,3,7,0.34936774434310386
2,5,7,0.34936774434310386
1,6,7,0.8014691082975914
1,6,7,0.04631332256059672
1,6,7,NaN
1,6,7,0.9152375708831951
2,5,7,0.2054386262940906
4,3,7,NaN
2,5,7,NaN
2,5,7,NaN
2,5,7,NaN
2,5,7,0.7736549046044264
2,5,7,NaN
1,6,7,NaN
2,5,7,0.09829983112875286
1,6,7,0.612746566168068
2,5,7,NaN
2,5,7,NaN
1,6,7,0.1150424729161512
2,5,7,NaN
1,6,7,0.6706377302926072
1,6,7,NaN
1,6,7,0.2054386262940906
1,6,7,NaN
3,4,7,NaN
2,5,7,0.6211516538005528
1,6,7,NaN
3,4,7,NaN
2,5,7,0.6298207354717547
2,5,7,NaN
1,6,7,0.9405257031659899
1,6,7,0.017936625825384724
1,6,7,0.5371615231905437
1,6,7,0.3099009652134965
1,6,7,NaN
1,6,7,NaN
1,6,7,NaN
1,6,7,0.009410414330218242
3,4,7,NaN
2,5,7,0.17721222719246632
1,6,7,NaN
1,6,7,NaN
2,5,7,NaN
3,4,7,0.2054386262940906
1,6,7,0.3950893865694002
2,5,7,NaN
2,5,7,NaN
1,6,7,0.8655008786900369
2,5,7,NaN
2,5,7,0.34936774434310386
1,6,7,NaN
2,5,7,NaN
1,6,7,NaN
1,6,7,NaN
1,6,7,0.04514834602952484
1,6,7,NaN
1,6,7,NaN
1,6,7,NaN
1,6,7,0.006620184178429516
1,6,7,0.15407061357868015
1,6,7,NaN
1,6,7,NaN
1,6,7,NaN
1,6,7,NaN
1,6,7,NaN
1,6,7,NaN
1,6,7,0.34936774434310386
1,6,7,0.4834571912813145
0,7,7,0.7087129780995387
0,7,7,0.742601995273523
0,7,7,NaN
0,7,7,0.7736549046044264
0,7,7,NaN
0,7,7,0.6706377302926072
0,7,7,0.8999851143675383
0,7,7,NaN
0,7,7,NaN
0,7,7,NaN
0,7,7,0.4431893633910816
0,7,7,NaN
0,7,7,0.742601995273523
0,7,7,0.6282574491159135
0,7,7,NaN
0,7,7,NaN
0,7,7,NaN
0,7,7,NaN
0,7,7,0.13349194201575146
0,7,7,0.07287517728397767
0,7,7,NaN
0,7,7,0.28362371139151094
0,7,7,NaN
0,7,7,0.5376043881865737
0,7,7,0.05338838749999978
0,7,7,0.4920422445583172
0,7,7,NaN
0,7,7,NaN
0,7,7,NaN
0,7,7,NaN
0,7,7,0.8014691082975914
0,7,7,NaN
0,7,7,NaN
0,7,7,NaN
0,7,7,NaN
0,7,7,0.013166985494505864
0,7,7,NaN
0,7,7,0.9747364638126857
0,7,7,0.9152375708831951
0,7,7,0.048294441383329285
0,7,7,0.8453965225401804
0,7,7,9.599149399116392e-6
0,7,7,NaN
0,7,7,NaN
0,7,7,NaN
0,7,7,0.27026042012947715
0,7,7,NaN
0,7,7,0.34936774434310386
0,7,7,NaN
0,7,7,NaN
0,7,7,0.0043262024054550015
0,7,7,NaN
0,7,7,NaN
0,7,7,NaN
0,7,7,0.07287517728397767
0,7,7,NaN
0,7,7,NaN
0,7,7,0.06273758667360736
0,7,7,NaN
0,7,7,0.23609730939414558
0,7,7,0.13349194201575146
0,7,7,NaN
0,7,7,0.3099009652134965
0,7,7,NaN
0,7,7,0.04631332256059672
0,7,7,0.6706377302926072
0,7,7,0.02165418433385558
0,7,7,NaN
0,7,7,NaN
0,7,7,0.9259127289380245
0,7,7,0.0001255560517781062
0,7,7,NaN
0,7,7,NaN
0,7,7,0.8027310114105415
0,7,7,NaN
0,7,7,0.2054386262940906
0,7,7,NaN
0,7,7,NaN
0,7,7,0.742601995273523
0,7,7,0.7087129780995387
0,7,7,0.17721222719246632
0,7,7,NaN
0,7,7,NaN
0,7,7,NaN
0,7,7,0.017936625825384724
0,7,7,0.7736549046044264
0,7,7,0.23609730939414558
0,7,7,NaN
0,7,7,0.17721222719246632
0,7,7,NaN
0,7,7,0.020595305367427152
0,7,7,0.4920422445583172
0,7,7,NaN
0,7,7,NaN
0,7,7,NaN
0,7,7,NaN
0,7,7,NaN
0,7,7,NaN
0,7,7,NaN
0,7,7,0.3950893865694002
0,7,7,0.5836556595239325
0,7,7,0.6186903663323718
0,7,7,NaN
0,7,7,0.8234957828997682
0,7,7,NaN
0,7,7,NaN
0,7,7,0.537964995673772
0,7,7,0.7087129780995387
0,7,7,NaN
0,7,7,NaN
0,7,7,0.9152375708831951
0,7,7,NaN
0,7,7,0.0213685999999998
0,7,7,NaN
0,7,7,NaN
0,7,7,NaN
1,5,6,0.5836556595239325
6,0,6,NaN
4,2,6,NaN
3,3,6,NaN
4,2,6,NaN
5,1,6,NaN
5,1,6,NaN
3,3,6,0.8453965225401804
5,1,6,NaN
2,4,6,0.5376043881865737
2,4,6,NaN
3,3,6,0.0986538124916049
4,2,6,NaN
3,3,6,0.2723000524553572
5,1,6,0.0986538124916049
3,3,6,NaN
4,2,6,0.04235569884868932
1,5,6,NaN
5,1,6,NaN
6,0,6,NaN
3,3,6,NaN
3,3,6,NaN
4,2,6,NaN
3,3,6,NaN
3,3,6,0.5173026363369106
3,3,6,0.5836556595239325
4,2,6,0.8234957828997682
5,1,6,0.26570279939943386
4,2,6,NaN
4,2,6,0.019400645343705825
1,5,6,0.8453965225401804
5,1,6,0.9677549750289749
4,2,6,NaN
3,3,6,NaN
3,3,6,0.5376043881865737
6,0,6,NaN
3,3,6,NaN
1,5,6,NaN
2,4,6,NaN
4,2,6,NaN
4,2,6,NaN
4,2,6,NaN
6,0,6,NaN
2,4,6,0.9405257031659899
3,3,6,NaN
4,2,6,NaN
4,2,6,0.2054386262940906
3,3,6,NaN
2,4,6,0.5169676556165268
3,3,6,NaN
3,3,6,0.025688675504669942
5,1,6,0.5836556595239325
3,3,6,0.7078173108676321
2,4,6,0.8870434422839916
5,1,6,NaN
5,1,6,0.3501231741062535
5,1,6,0.6706377302926072
3,3,6,NaN
2,4,6,NaN
6,0,6,0.48063534690538645
2,4,6,NaN
4,2,6,0.0986538124916049
2,4,6,NaN
3,3,6,0.2723000524553572
5,1,6,NaN
1,5,6,0.0016636464349554898
6,0,6,NaN
4,2,6,0.8453965225401804
5,1,6,0.2723000524553572
3,3,6,0.4431893633910816
3,3,6,0.9036791544412487
5,1,6,0.06273758667360736
2,4,6,0.3950893865694002
2,4,6,NaN
4,2,6,0.3950893865694002
5,1,6,0.6706377302926072
6,0,6,NaN
5,1,6,0.8014691082975914
4,2,6,0.9405257031659899
3,3,6,0.5836556595239325
3,3,6,NaN
5,1,6,NaN
3,3,6,NaN
3,3,6,NaN
2,4,6,0.8234957828997682
5,1,6,NaN
6,0,6,NaN
3,3,6,NaN
3,3,6,0.1150424729161512
3,3,6,NaN
4,2,6,0.8234957828997682
1,5,6,0.16690745467697948
5,1,6,0.04400433396818551
3,3,6,NaN
4,2,6,0.09937316125623662
1,5,6,NaN
2,4,6,0.02132413724122654
4,2,6,0.4920422445583172
3,3,6,NaN
2,4,6,NaN
4,2,6,0.07287517728397767
3,3,6,0.4920422445583172
2,4,6,0.46766454057434315
5,1,6,NaN
3,3,6,0.3950893865694002
3,3,6,NaN
6,0,6,0.07699263134747994
6,0,6,0.4920422445583172
1,5,6,0.8827667358654245
3,3,6,NaN
4,2,6,0.6706377302926072
5,1,6,0.742601995273523
5,1,6,0.9290197578706562
2,4,6,0.8655008786900369
2,4,6,NaN
5,1,6,NaN
6,0,6,0.034605295647823726
4,2,6,NaN
3,3,6,0.742601995273523
2,4,6,0.6706377302926072
5,1,6,0.2570127801540405
3,3,6,0.17306475254714423
6,0,6,0.0035445956852566615
2,4,6,NaN
3,3,6,0.5376043881865737
5,1,6,NaN
4,2,6,NaN
3,3,6,0.05338838749999978
5,1,6,0.21267976755207332
6,0,6,NaN
6,0,6,0.9942087569967986
4,2,6,0.001285902523077216
2,4,6,NaN
5,1,6,0.8453965225401804
4,2,6,NaN
6,0,6,0.1360942376544115
5,1,6,0.1047915637820601
2,4,6,0.08160058744549192
4,2,6,0.4431893633910816
3,3,6,NaN
6,0,6,0.3950893865694002
4,2,6,0.9507681516607924
3,3,6,NaN
1,5,6,NaN
2,4,6,NaN
4,2,6,0.4920422445583172
1,5,6,0.6282574491159135
2,4,6,NaN
3,3,6,0.08491645534150608
2,4,6,0.1150424729161512
2,4,6,NaN
6,0,6,0.9677549750289749
3,3,6,0.00047097353258586676
1,5,6,NaN
3,3,6,0.5376043881865737
2,4,6,0.9152375708831951
5,1,6,NaN
4,2,6,0.1150424729161512
3,3,6,NaN
3,3,6,0.07287517728397767
4,2,6,NaN
5,1,6,NaN
2,4,6,NaN
6,0,6,NaN
3,3,6,0.06273758667360736
4,2,6,0.5376043881865737
2,4,6,0.9890426773313062
4,2,6,0.0986538124916049
3,3,6,NaN
2,4,6,0.2723000524553572
3,3,6,0.6282574491159135
3,3,6,NaN
3,3,6,0.20573552997910088
5,1,6,0.04631332256059672
1,5,6,NaN
6,0,6,0.8827667358654245
2,4,6,0.3950893865694002
6,0,6,NaN
5,1,6,0.4431893633910816
2,4,6,NaN
1,5,6,NaN
4,2,6,NaN
1,5,6,NaN
1,5,6,NaN
4,2,6,NaN
6,0,6,NaN
2,4,6,0.5376043881865737
4,2,6,0.060171170977915044
2,4,6,NaN
2,4,6,NaN
3,3,6,NaN
6,0,6,0.1150424729161512
3,3,6,NaN
1,5,6,0.039687384300341605
5,1,6,0.9507681516607924
4,2,6,NaN
2,4,6,2.629868538207336e-6
6,0,6,0.5836556595239325
2,4,6,0.3099009652134965
6,0,6,NaN
4,2,6,NaN
4,2,6,NaN
5,1,6,0.29028580234844126
3,3,6,NaN
5,1,6,0.039687384300341605
4,2,6,NaN
5,1,6,0.9290197578706562
5,1,6,NaN
6,0,6,0.039687384300341605
4,2,6,NaN
4,2,6,0.9677549750289749
3,3,6,NaN
4,2,6,0.6282574491159135
4,2,6,0.8848928547659071
5,1,6,0.23609730939414558
3,3,6,NaN
6,0,6,0.8999851143675383
4,2,6,NaN
5,1,6,0.3099009652134965
6,0,6,0.0213685999999998
5,1,6,NaN
3,3,6,0.8453965225401804
4,2,6,NaN
4,2,6,0.8453965225401804
4,2,6,NaN
6,0,6,NaN
2,4,6,NaN
3,3,6,0.6282574491159135
3,3,6,0.17721222719246632
4,2,6,0.0986538124916049
2,4,6,0.15407061357868015
2,4,6,NaN
5,1,6,NaN
3,3,6,NaN
3,3,6,NaN
4,2,6,NaN
4,2,6,0.8453965225401804
5,1,6,0.0053459147286812475
6,0,6,0.06273758667360736
2,4,6,NaN
5,1,6,0.5863001777286084
5,1,6,NaN
2,4,6,0.5376043881865737
6,0,6,NaN
2,4,6,NaN
4,2,6,NaN
3,3,6,0.6523322627264628
6,0,6,NaN
3,3,6,NaN
6,0,6,0.5376043881865737
3,3,6,NaN
2,4,6,NaN
5,1,6,NaN
5,1,6,NaN
4,2,6,NaN
3,3,6,0.6706377302926072
5,1,6,0.32212474214622455
3,3,6,0.9285033797368694
2,4,6,NaN
3,3,6,NaN
3,3,6,NaN
2,4,6,NaN
2,4,6,NaN
4,2,6,NaN
6,0,6,NaN
4,2,6,0.8234957828997682
3,3,6,NaN
2,4,6,0.17721222719246632
5,1,6,0.6706377302926072
1,5,6,0.5836556595239325
3,3,6,0.06273758667360736
4,2,6,NaN
4,2,6,0.08259323181537363
4,2,6,NaN
3,3,6,NaN
3,3,6,0.5376043881865737
4,2,6,NaN
3,3,6,NaN
6,0,6,NaN
5,1,6,0.34936774434310386
6,0,6,0.3099009652134965
2,4,6,0.8234957828997682
4,2,6,NaN
5,1,6,0.7087129780995387
4,2,6,NaN
2,4,6,0.3950893865694002
3,3,6,0.3950893865694002
1,5,6,NaN
5,1,6,0.2054386262940906
5,1,6,NaN
3,3,6,NaN
5,1,6,0.6282574491159135
1,5,6,NaN
3,3,6,0.009095402089516817
5,1,6,NaN
5,1,6,0.2054386262940906
4,2,6,0.5376043881865737
2,4,6,0.21876536273380923
3,3,6,NaN
3,3,6,NaN
3,3,6,NaN
6,0,6,0.6282574491159135
3,3,6,0.8453965225401804
4,2,6,NaN
3,3,6,NaN
2,4,6,NaN
6,0,6,NaN
3,3,6,0.9071122094512133
4,2,6,NaN
6,0,6,NaN
3,3,6,NaN
5,1,6,0.04631332256059672
1,5,6,NaN
4,2,6,NaN
4,2,6,0.4920422445583172
6,0,6,NaN
4,2,6,0.9602229766652525
2,4,6,NaN
4,2,6,NaN
4,2,6,0.02812978919202732
6,0,6,0.8453965225401804
6,0,6,0.002968079223927906
4,2,6,NaN
4,2,6,0.4431893633910816
3,3,6,0.8827667358654245
5,1,6,NaN
1,5,6,0.6390431016820208
4,2,6,NaN
3,3,6,0.5376043881865737
3,3,6,0.002968079223927906
2,4,6,NaN
5,1,6,0.5836556595239325
4,2,6,NaN
2,4,6,NaN
4,2,6,6.956747761559035e-5
5,1,6,0.7736549046044264
5,1,6,NaN
4,2,6,NaN
3,3,6,NaN
5,1,6,0.5836556595239325
6,0,6,0.9290197578706562
5,1,6,0.4431893633910816
4,2,6,NaN
6,0,6,0.8453965225401804
4,2,6,NaN
3,3,6,0.4431893633910816
3,3,6,0.3950893865694002
5,1,6,0.34936774434310386
2,4,6,NaN
2,4,6,0.08491645534150608
2,4,6,0.8655008786900369
3,3,6,0.5376043881865737
1,5,6,0.49166317088551487
2,4,6,0.2054386262940906
3,3,6,0.0986538124916049
5,1,6,NaN
2,4,6,NaN
5,1,6,NaN
4,2,6,0.6282574491159135
1,5,6,0.9677549750289749
1,5,6,NaN
3,3,6,0.3950893865694002
4,2,6,NaN
3,3,6,0.6706377302926072
1,5,6,NaN
4,2,6,NaN
1,5,6,NaN
3,3,6,NaN
4,2,6,6.95581810427404e-8
6,0,6,0.5376043881865737
5,1,6,0.1150424729161512
3,3,6,NaN
2,4,6,0.8063935641451117
4,2,6,0.08491645534150608
3,3,6,0.8999851143675383
3,3,6,0.2054386262940906
3,3,6,NaN
1,5,6,NaN
4,2,6,NaN
5,1,6,NaN
1,5,6,NaN
2,4,6,NaN
2,4,6,0.3950893865694002
4,2,6,5.345267325431256e-5
6,0,6,NaN
3,3,6,NaN
1,5,6,NaN
6,0,6,NaN
4,2,6,NaN
5,1,6,NaN
4,2,6,NaN
2,4,6,NaN
5,1,6,NaN
2,4,6,NaN
5,1,6,0.23609730939414558
6,0,6,0.017936625825384724
3,3,6,0.6282574491159135
2,4,6,0.9152375708831951
5,1,6,0.011147134228187437
2,4,6,NaN
4,2,6,0.4920422445583172
2,4,6,NaN
2,4,6,NaN
4,2,6,0.06631958392234719
4,2,6,0.7010715430981034
2,4,6,0.7742593534383041
3,3,6,0.0986538124916049
5,1,6,0.8014691082975914
4,2,6,NaN
3,3,6,0.0024387807609170097
3,3,6,NaN
5,1,6,0.006472623740057991
2,4,6,NaN
2,4,6,0.09291817515542232
2,4,6,0.8999851143675383
5,1,6,0.742601995273523
2,4,6,0.742601995273523
5,1,6,NaN
1,5,6,0.3099009652134965
4,2,6,NaN
4,2,6,0.0014374840698883852
5,1,6,0.2054386262940906
4,2,6,NaN
3,3,6,0.742601995273523
2,4,6,0.742601995273523
2,4,6,0.08491645534150608
5,1,6,NaN
2,4,6,NaN
3,3,6,NaN
5,1,6,0.3741200037335697
6,0,6,NaN
6,0,6,NaN
5,1,6,NaN
6,0,6,NaN
1,5,6,NaN
1,5,6,NaN
3,3,6,0.14881634263044377
2,4,6,0.00014527577435589155
5,1,6,NaN
1,5,6,NaN
2,4,6,NaN
5,1,6,0.6706377302926072
6,0,6,NaN
4,2,6,0.2155333466077819
2,4,6,0.8014691082975914
2,4,6,NaN
2,4,6,NaN
4,2,6,0.1150424729161512
5,1,6,NaN
4,2,6,NaN
2,4,6,0.717166527723425
3,3,6,0.8063935641451117
3,3,6,NaN
5,1,6,0.039687384300341605
5,1,6,0.9507681516607924
4,2,6,NaN
2,4,6,0.1150424729161512
1,5,6,0.009410414330218242
3,3,6,NaN
3,3,6,NaN
2,4,6,NaN
5,1,6,0.19882024256609493
5,1,6,NaN
3,3,6,0.5376043881865737
4,2,6,0.3468454932106979
2,4,6,0.9677549750289749
5,1,6,NaN
4,2,6,NaN
1,5,6,0.17721222719246632
3,3,6,0.9152375708831951
3,3,6,NaN
1,5,6,NaN
2,4,6,0.6282574491159135
6,0,6,NaN
6,0,6,0.8827667358654245
5,1,6,0.413069875026209
2,4,6,NaN
2,4,6,0.7736549046044264
5,1,6,NaN
6,0,6,0.29270212485790625
3,3,6,NaN
6,0,6,0.742601995273523
4,2,6,0.8655008786900369
5,1,6,0.34936774434310386
6,0,6,NaN
3,3,6,NaN
4,2,6,0.7201263862649759
3,3,6,0.20573552997910088
4,2,6,NaN
4,2,6,0.23609730939414558
3,3,6,0.15407061357868015
2,4,6,0.8655008786900369
5,1,6,NaN
3,3,6,NaN
4,2,6,NaN
4,2,6,0.034605295647823726
2,4,6,NaN
2,4,6,NaN
5,1,6,NaN
1,5,6,0.15407061357868015
6,0,6,NaN
5,1,6,0.8453965225401804
3,3,6,NaN
1,5,6,NaN
4,2,6,0.13349194201575146
6,0,6,NaN
3,3,6,NaN
3,3,6,NaN
1,5,6,0.0213685999999998
2,4,6,NaN
1,5,6,0.5836556595239325
3,3,6,NaN
2,4,6,NaN
6,0,6,NaN
6,0,6,NaN
2,4,6,0.0986538124916049
4,2,6,NaN
2,4,6,NaN
5,1,6,0.5200936657455244
6,0,6,NaN
4,2,6,NaN
4,2,6,0.4920422445583172
5,1,6,NaN
1,5,6,NaN
5,1,6,0.941757918862819
4,2,6,0.034605295647823726
6,0,6,NaN
3,3,6,0.6661867301225822
2,4,6,NaN
4,2,6,NaN
2,4,6,NaN
4,2,6,0.04631332256059672
3,3,6,NaN
5,1,6,NaN
6,0,6,0.3950893865694002
2,4,6,NaN
6,0,6,NaN
5,1,6,0.15407061357868015
3,3,6,NaN
4,2,6,NaN
1,5,6,0.6192052063071919
1,5,6,0.17721222719246632
6,0,6,NaN
3,3,6,0.17721222719246632
4,2,6,NaN
4,2,6,NaN
2,4,6,NaN
3,3,6,NaN
1,5,6,0.11473053539698141
4,2,6,0.012903729179752927
5,1,6,NaN
1,5,6,0.0213685999999998
3,3,6,NaN
2,4,6,NaN
4,2,6,0.6079974523565005
3,3,6,NaN
3,3,6,NaN
4,2,6,0.009808600506187017
5,1,6,0.017936625825384724
3,3,6,NaN
5,1,6,NaN
2,4,6,0.9405257031659899
4,2,6,NaN
1,5,6,NaN
4,2,6,NaN
5,1,6,0.000622418022458396
4,2,6,0.3099009652134965
4,2,6,NaN
5,1,6,NaN
2,4,6,0.8999851143675383
1,5,6,NaN
4,2,6,0.8827667358654245
5,1,6,0.001003142798162855
3,3,6,NaN
4,2,6,0.7736549046044264
3,3,6,0.8655008786900369
5,1,6,0.05338838749999978
5,1,6,0.20573552997910088
5,1,6,0.9683361299080611
1,5,6,NaN
3,3,6,0.034605295647823726
1,5,6,0.5658360447134629
5,1,6,NaN
5,1,6,0.8234957828997682
3,3,6,0.7087129780995387
3,3,6,NaN
5,1,6,0.742601995273523
3,3,6,0.6547116389800814
3,3,6,0.9290197578706562
2,4,6,NaN
5,1,6,0.4920422445583172
5,1,6,0.3950893865694002
5,1,6,NaN
2,4,6,0.07287517728397767
2,4,6,NaN
2,4,6,0.8234957828997682
3,3,6,NaN
1,5,6,NaN
3,3,6,NaN
5,1,6,NaN
3,3,6,NaN
4,2,6,0.23609730939414558
3,3,6,0.034605295647823726
3,3,6,NaN
3,3,6,NaN
2,4,6,0.3950893865694002
4,2,6,0.4431893633910816
4,2,6,0.8453965225401804
3,3,6,0.8659916222049314
4,2,6,0.5836556595239325
3,3,6,NaN
4,2,6,NaN
5,1,6,NaN
5,1,6,0.04915197611163579
1,5,6,NaN
2,4,6,NaN
6,0,6,NaN
4,2,6,0.5836556595239325
2,4,6,0.5376043881865737
2,4,6,NaN
5,1,6,NaN
1,5,6,NaN
4,2,6,NaN
4,2,6,0.2757894986968646
4,2,6,NaN
3,3,6,NaN
4,2,6,NaN
3,3,6,0.1867372117591186
6,0,6,NaN
4,2,6,NaN
4,2,6,NaN
2,4,6,NaN
5,1,6,0.07287517728397767
4,2,6,0.17721222719246632
2,4,6,NaN
3,3,6,0.13349194201575146
6,0,6,0.0016595228160816208
4,2,6,NaN
5,1,6,NaN
3,3,6,0.7736549046044264
5,1,6,0.9405257031659899
4,2,6,NaN
4,2,6,NaN
3,3,6,NaN
2,4,6,NaN
3,3,6,NaN
5,1,6,NaN
6,0,6,NaN
6,0,6,NaN
4,2,6,NaN
5,1,6,NaN
1,5,6,NaN
3,3,6,NaN
4,2,6,NaN
3,3,6,0.13349194201575146
3,3,6,NaN
3,3,6,NaN
6,0,6,NaN
4,2,6,0.4339895571966676
1,5,6,0.17243965757833432
4,2,6,NaN
2,4,6,0.15407061357868015
5,1,6,NaN
2,4,6,0.8234957828997682
3,3,6,0.9152375708831951
4,2,6,0.4431893633910816
6,0,6,NaN
4,2,6,NaN
1,5,6,0.34936774434310386
6,0,6,NaN
4,2,6,NaN
2,4,6,NaN
1,5,6,NaN
2,4,6,NaN
5,1,6,NaN
2,4,6,0.4431893633910816
5,1,6,0.9809153258638088
1,5,6,0.0986538124916049
3,3,6,0.34936774434310386
6,0,6,0.07287517728397767
5,1,6,NaN
2,4,6,0.025688675504669942
5,1,6,0.7087129780995387
5,1,6,0.9677549750289749
3,3,6,NaN
5,1,6,0.34936774434310386
2,4,6,NaN
5,1,6,0.7087129780995387
5,1,6,0.13349194201575146
3,3,6,0.4920422445583172
3,3,6,0.9507681516607924
5,1,6,0.7736549046044264
3,3,6,NaN
4,2,6,NaN
1,5,6,0.6282574491159135
2,4,6,NaN
3,3,6,0.1150424729161512
1,5,6,NaN
5,1,6,0.5836556595239325
3,3,6,0.6706377302926072
3,3,6,0.6089661103676964
1,5,6,NaN
4,2,6,NaN
3,3,6,0.34936774434310386
5,1,6,0.742601995273523
5,1,6,NaN
5,1,6,0.7736549046044264
4,2,6,NaN
5,1,6,NaN
2,4,6,0.030135545827633423
4,2,6,0.8234957828997682
5,1,6,NaN
5,1,6,0.17721222719246632
4,2,6,NaN
1,5,6,NaN
6,0,6,NaN
3,3,6,NaN
4,2,6,0.3950893865694002
5,1,6,NaN
4,2,6,NaN
2,4,6,9.95062943803244e-7
5,1,6,0.034605295647823726
2,4,6,0.7736549046044264
2,4,6,NaN
3,3,6,0.2723000524553572
2,4,6,0.003987397538532108
1,5,6,NaN
2,4,6,NaN
6,0,6,0.754920436183764
3,3,6,NaN
1,5,6,0.07287517728397767
4,2,6,0.06845906831596511
4,2,6,NaN
5,1,6,0.8655008786900369
3,3,6,NaN
2,4,6,NaN
3,3,6,NaN
6,0,6,0.1150424729161512
4,2,6,NaN
4,2,6,NaN
2,4,6,NaN
1,5,6,NaN
2,4,6,NaN
1,5,6,NaN
3,3,6,0.742601995273523
5,1,6,NaN
6,0,6,0.015310519823788312
4,2,6,NaN
4,2,6,NaN
5,1,6,NaN
3,3,6,0.5836556595239325
2,4,6,0.742601995273523
3,3,6,0.6780578082665595
3,3,6,NaN
6,0,6,NaN
3,3,6,NaN
5,1,6,0.4861993491582552
2,4,6,NaN
2,4,6,NaN
2,4,6,0.015310519823788312
2,4,6,NaN
3,3,6,0.03387238281443579
5,1,6,NaN
3,3,6,0.614189007754114
3,3,6,NaN
1,5,6,0.07287517728397767
3,3,6,NaN
5,1,6,NaN
4,2,6,0.2723000524553572
2,4,6,0.13349194201575146
1,5,6,0.8999851143675383
6,0,6,NaN
3,3,6,NaN
1,5,6,NaN
5,1,6,0.7087129780995387
1,5,6,0.07287517728397767
2,4,6,0.9507681516607924
5,1,6,0.7736549046044264
2,4,6,NaN
2,4,6,0.5836556595239325
3,3,6,0.0986538124916049
3,3,6,NaN
2,4,6,1.783404707680516e-5
1,5,6,0.0986538124916049
3,3,6,0.04631332256059672
3,3,6,NaN
5,1,6,7.630472925517129e-7
3,3,6,NaN
4,2,6,0.039687384300341605
3,3,6,NaN
5,1,6,0.00036666174811053934
3,3,6,NaN
3,3,6,0.15407061357868015
5,1,6,NaN
4,2,6,NaN
6,0,6,0.9677549750289749
4,2,6,NaN
4,2,6,NaN
2,4,6,NaN
3,3,6,0.5864855273661086
3,3,6,NaN
5,1,6,NaN
6,0,6,0.4431893633910816
2,4,6,0.8014691082975914
5,1,6,0.0986538124916049
1,5,6,0.04631332256059672
2,4,6,NaN
3,3,6,NaN
5,1,6,NaN
2,4,6,0.0008735550310887308
2,4,6,NaN
4,2,6,0.6664546037418198
2,4,6,NaN
3,3,6,NaN
4,2,6,NaN
4,2,6,0.6854820741844689
5,1,6,NaN
5,1,6,0.2577865098868218
6,0,6,0.2723000524553572
3,3,6,0.6405985409389819
3,3,6,0.015611439970652024
2,4,6,0.413069875026209
1,5,6,0.021161907622812767
3,3,6,0.05338838749999978
6,0,6,NaN
4,2,6,NaN
3,3,6,NaN
4,2,6,NaN
4,2,6,NaN
4,2,6,NaN
3,3,6,0.2723000524553572
5,1,6,0.3099009652134965
2,4,6,NaN
1,5,6,NaN
5,1,6,0.05338838749999978
5,1,6,0.9152375708831951
4,2,6,0.0986538124916049
2,4,6,0.9405257031659899
5,1,6,0.8234957828997682
1,5,6,0.8014691082975914
1,5,6,NaN
1,5,6,0.8234957828997682
1,5,6,0.8014691082975914
4,2,6,0.4431893633910816
2,4,6,NaN
3,3,6,0.8234957828997682
2,4,6,NaN
2,4,6,NaN
3,3,6,0.8689798649439338
3,3,6,0.06608121035574041
6,0,6,NaN
3,3,6,0.17721222719246632
3,3,6,0.15072905406883766
5,1,6,NaN
2,4,6,NaN
4,2,6,NaN
5,1,6,NaN
2,4,6,NaN
6,0,6,0.7087129780995387
2,4,6,0.08540211226586918
4,2,6,NaN
4,2,6,0.46045696094707644
2,4,6,NaN
5,1,6,0.2054386262940906
4,2,6,0.8453965225401804
6,0,6,0.7087129780995387
4,2,6,NaN
3,3,6,0.030135545827633423
5,1,6,NaN
4,2,6,0.7736549046044264
3,3,6,NaN
5,1,6,0.13349194201575146
2,4,6,0.0986538124916049
1,5,6,0.3950893865694002
2,4,6,NaN
3,3,6,NaN
3,3,6,0.3950893865694002
2,4,6,NaN
3,3,6,0.8123469865491139
1,5,6,NaN
2,4,6,0.23609730939414558
2,4,6,0.9405257031659899
3,3,6,NaN
3,3,6,NaN
5,1,6,NaN
5,1,6,0.1150424729161512
2,4,6,NaN
4,2,6,NaN
4,2,6,0.2054386262940906
1,5,6,NaN
2,4,6,0.5836556595239325
1,5,6,NaN
5,1,6,0.6282574491159135
3,3,6,NaN
3,3,6,NaN
2,4,6,NaN
2,4,6,0.4431893633910816
6,0,6,0.5376043881865737
5,1,6,0.06273758667360736
4,2,6,0.007659580536912271
2,4,6,0.9405257031659899
1,5,6,0.2723000524553572
6,0,6,NaN
2,4,6,NaN
2,4,6,NaN
3,3,6,0.5836556595239325
3,3,6,NaN
5,1,6,NaN
3,3,6,NaN
3,3,6,NaN
4,2,6,0.7087129780995387
3,3,6,0.9507681516607924
1,5,6,NaN
5,1,6,NaN
4,2,6,0.0023775334319944387
4,2,6,0.00389102925731458
6,0,6,0.12883171841257673
1,5,6,NaN
2,4,6,0.3099009652134965
2,4,6,NaN
2,4,6,NaN
3,3,6,0.6282574491159135
3,3,6,NaN
3,3,6,0.9809153258638088
3,3,6,0.6706377302926072
3,3,6,NaN
2,4,6,NaN
3,3,6,NaN
3,3,6,0.3950037899536279
2,4,6,NaN
4,2,6,NaN
5,1,6,NaN
3,3,6,0.4030516157647849
3,3,6,NaN
2,4,6,0.6988622183803366
6,0,6,0.5376043881865737
4,2,6,0.15407061357868015
3,3,6,0.2723000524553572
2,4,6,NaN
3,3,6,0.5579583574729966
4,2,6,0.6168189214495243
2,4,6,0.7087129780995387
4,2,6,NaN
4,2,6,NaN
2,4,6,0.6282574491159135
4,2,6,NaN
2,4,6,0.13349194201575146
4,2,6,0.004708926795579234
1,5,6,NaN
2,4,6,NaN
4,2,6,NaN
2,4,6,NaN
4,2,6,0.4920422445583172
4,2,6,NaN
1,5,6,NaN
2,4,6,0.013270151862268802
2,4,6,NaN
3,3,6,NaN
2,4,6,NaN
2,4,6,0.7769282040669994
5,1,6,NaN
5,1,6,NaN
3,3,6,0.4431893633910816
2,4,6,NaN
4,2,6,NaN
3,3,6,0.4987878781241234
2,4,6,NaN
2,4,6,0.4431893633910816
1,5,6,NaN
3,3,6,0.3950893865694002
2,4,6,NaN
3,3,6,0.4431893633910816
4,2,6,NaN
1,5,6,NaN
2,4,6,0.8014691082975914
5,1,6,NaN
1,5,6,0.9602229766652525
2,4,6,NaN
4,2,6,0.3099009652134965
2,4,6,0.08491645534150608
3,3,6,0.0213685999999998
5,1,6,0.0068769452439487195
1,5,6,NaN
4,2,6,0.42460748809494153
3,3,6,NaN
4,2,6,NaN
2,4,6,0.6282574491159135
2,4,6,NaN
2,4,6,NaN
2,4,6,NaN
3,3,6,0.08491645534150608
2,4,6,NaN
4,2,6,NaN
1,5,6,0.17102251396281626
3,3,6,0.2723000524553572
3,3,6,NaN
3,3,6,0.4917327201034208
2,4,6,0.4920422445583172
1,5,6,NaN
1,5,6,0.9405257031659899
3,3,6,0.16482180998877957
3,3,6,NaN
3,3,6,0.4920422445583172
5,1,6,0.9405257031659899
3,3,6,NaN
2,4,6,0.013166985494505864
5,1,6,NaN
5,1,6,NaN
4,2,6,0.5836556595239325
3,3,6,0.8827667358654245
2,4,6,NaN
4,2,6,NaN
2,4,6,0.9942087569967986
1,5,6,NaN
3,3,6,NaN
2,4,6,NaN
2,4,6,0.17251484159488914
5,1,6,0.0002890285604065291
2,4,6,NaN
5,1,6,NaN
4,2,6,NaN
5,1,6,0.1150424729161512
3,3,6,NaN
5,1,6,NaN
3,3,6,0.7736549046044264
2,4,6,NaN
2,4,6,NaN
6,0,6,NaN
2,4,6,0.2723000524553572
3,3,6,0.07163971530990566
6,0,6,NaN
1,5,6,0.4254758938171255
1,5,6,0.9364737614125669
2,4,6,NaN
1,5,6,0.8234957828997682
2,4,6,0.03892415008588686
6,0,6,NaN
5,1,6,NaN
4,2,6,0.13349194201575146
2,4,6,0.5376043881865737
6,0,6,0.5376043881865737
2,4,6,0.4431893633910816
3,3,6,NaN
2,4,6,NaN
3,3,6,NaN
2,4,6,NaN
4,2,6,0.8014691082975914
4,2,6,NaN
1,5,6,NaN
3,3,6,0.5614186191458111
1,5,6,0.8234957828997682
4,2,6,NaN
3,3,6,NaN
3,3,6,0.8817201543376421
2,4,6,NaN
6,0,6,NaN
4,2,6,NaN
3,3,6,0.015320253426358437
4,2,6,0.742601995273523
2,4,6,0.8655008786900369
4,2,6,NaN
2,4,6,NaN
3,3,6,NaN
1,5,6,0.05338838749999978
4,2,6,0.7841760090113508
3,3,6,NaN
2,4,6,NaN
5,1,6,NaN
4,2,6,NaN
3,3,6,NaN
6,0,6,NaN
2,4,6,0.017041343448880086
6,0,6,NaN
6,0,6,NaN
2,4,6,NaN
2,4,6,NaN
4,2,6,0.7917518264884089
2,4,6,0.4920422445583172
3,3,6,NaN
3,3,6,0.34936774434310386
3,3,6,0.7719080449126589
1,5,6,NaN
1,5,6,NaN
1,5,6,NaN
2,4,6,NaN
5,1,6,NaN
1,5,6,0.7087129780995387
3,3,6,0.3950893865694002
3,3,6,0.5942912074679819
1,5,6,NaN
1,5,6,NaN
1,5,6,0.2523498012565013
4,2,6,NaN
2,4,6,NaN
1,5,6,0.3099009652134965
3,3,6,0.2054386262940906
2,4,6,NaN
2,4,6,NaN
1,5,6,0.49166317088551487
3,3,6,NaN
5,1,6,0.4920422445583172
1,5,6,0.3099009652134965
3,3,6,0.6282574491159135
2,4,6,NaN
2,4,6,0.5836556595239325
4,2,6,0.23609730939414558
5,1,6,0.3950893865694002
3,3,6,0.8967926131550814
2,4,6,0.1150424729161512
1,5,6,0.4431893633910816
1,5,6,0.7736549046044264
2,4,6,0.25669349313840906
2,4,6,0.8827667358654245
1,5,6,NaN
1,5,6,0.5376043881865737
4,2,6,NaN
4,2,6,NaN
3,3,6,NaN
1,5,6,NaN
6,0,6,0.8999851143675383
2,4,6,NaN
3,3,6,NaN
1,5,6,NaN
2,4,6,NaN
2,4,6,0.1340028314925924
3,3,6,NaN
2,4,6,0.04631332256059672
4,2,6,NaN
1,5,6,0.3906334678388038
6,0,6,NaN
3,3,6,0.23609730939414558
1,5,6,0.07287517728397767
2,4,6,0.017936625825384724
3,3,6,NaN
3,3,6,NaN
2,4,6,NaN
1,5,6,NaN
1,5,6,0.5836556595239325
2,4,6,NaN
2,4,6,0.2723000524553572
1,5,6,NaN
3,3,6,0.3099009652134965
3,3,6,0.3099009652134965
4,2,6,NaN
2,4,6,NaN
2,4,6,0.4920422445583172
4,2,6,0.9677549750289749
6,0,6,0.13349194201575146
2,4,6,NaN
6,0,6,NaN
1,5,6,NaN
1,5,6,0.2230748213205091
6,0,6,0.039687384300341605
3,3,6,0.0026350815770833616
3,3,6,NaN
3,3,6,NaN
1,5,6,0.3099009652134965
3,3,6,0.056733218789485736
2,4,6,0.039687384300341605
2,4,6,NaN
6,0,6,0.15407061357868015
2,4,6,NaN
2,4,6,0.03921545679232895
2,4,6,0.0986538124916049
4,2,6,NaN
5,1,6,NaN
1,5,6,0.9832692060638579
3,3,6,0.742601995273523
2,4,6,0.8827667358654245
1,5,6,NaN
1,5,6,0.09068300733615998
4,2,6,0.17721222719246632
1,5,6,0.0017291479004638709
5,1,6,NaN
4,2,6,0.07578408274831056
2,4,6,NaN
2,4,6,0.5376043881865737
5,1,6,NaN
3,3,6,NaN
1,5,6,NaN
5,1,6,0.0213685999999998
3,3,6,0.742601995273523
3,3,6,0.8827667358654245
3,3,6,NaN
3,3,6,0.7087129780995387
2,4,6,0.17739452559742125
2,4,6,NaN
2,4,6,0.5460279873830218
1,5,6,0.011147134228187437
2,4,6,NaN
2,4,6,NaN
5,1,6,0.7736549046044264
2,4,6,NaN
1,5,6,0.8655008786900369
2,4,6,NaN
5,1,6,0.9290197578706562
2,4,6,NaN
3,3,6,0.6282574491159135
4,2,6,NaN
2,4,6,NaN
1,5,6,0.1150424729161512
2,4,6,NaN
2,4,6,0.8234957828997682
2,4,6,NaN
5,1,6,0.4431893633910816
3,3,6,0.5836556595239325
2,4,6,0.2723000524553572
2,4,6,0.9602229766652525
2,4,6,NaN
3,3,6,0.5864855273661086
2,4,6,NaN
3,3,6,NaN
3,3,6,0.025688675504669942
4,2,6,NaN
3,3,6,0.991438662828385
3,3,6,NaN
4,2,6,NaN
3,3,6,0.6706377302926072
2,4,6,0.030135545827633423
1,5,6,NaN
2,4,6,NaN
1,5,6,0.15407061357868015
1,5,6,NaN
4,2,6,0.9405257031659899
1,5,6,0.17721222719246632
1,5,6,NaN
2,4,6,0.025688675504669942
2,4,6,0.8063935641451117
4,2,6,0.6282574491159135
2,4,6,NaN
2,4,6,0.8234957828997682
1,5,6,NaN
2,4,6,NaN
4,2,6,NaN
1,5,6,0.6706377302926072
6,0,6,0.08861865609103312
3,3,6,0.8014691082975914
6,0,6,NaN
3,3,6,NaN
1,5,6,0.8655008786900369
1,5,6,NaN
2,4,6,0.8453965225401804
1,5,6,0.0837311353898632
3,3,6,0.039687384300341605
4,2,6,NaN
6,0,6,0.07287517728397767
1,5,6,0.3950893865694002
2,4,6,NaN
1,5,6,NaN
2,4,6,NaN
3,3,6,0.1150424729161512
2,4,6,NaN
2,4,6,0.009410414330218242
3,3,6,NaN
3,3,6,NaN
5,1,6,0.7221587871481188
1,5,6,0.35437314307238366
5,1,6,0.015310519823788312
1,5,6,0.8014691082975914
1,5,6,0.16876986816856795
5,1,6,NaN
2,4,6,0.011147134228187437
3,3,6,NaN
1,5,6,0.08491645534150608
1,5,6,0.8655008786900369
6,0,6,NaN
1,5,6,NaN
2,4,6,0.8014691082975914
2,4,6,0.5357901971625689
1,5,6,NaN
3,3,6,0.898470694892778
1,5,6,NaN
3,3,6,0.8836870145235582
1,5,6,NaN
2,4,6,0.02018776348387697
1,5,6,NaN
2,4,6,0.20915855775622474
1,5,6,NaN
2,4,6,NaN
2,4,6,0.009410414330218242
2,4,6,NaN
3,3,6,0.7736549046044264
3,3,6,0.15407061357868015
1,5,6,0.9405257031659899
4,2,6,0.08491645534150608
2,4,6,0.9152375708831951
4,2,6,NaN
2,4,6,NaN
2,4,6,NaN
2,4,6,NaN
3,3,6,0.4920422445583172
2,4,6,NaN
1,5,6,NaN
2,4,6,0.3950893865694002
1,5,6,NaN
2,4,6,0.030135545827633423
3,3,6,NaN
1,5,6,0.2723000524553572
1,5,6,NaN
1,5,6,0.3775883975327396
4,2,6,0.07287517728397767
2,4,6,0.0986538124916049
1,5,6,0.1150424729161512
2,4,6,0.2723000524553572
1,5,6,0.2054386262940906
2,4,6,0.6756252874645761
2,4,6,0.23609730939414558
2,4,6,0.3950893865694002
1,5,6,0.07591618113919561
3,3,6,NaN
4,2,6,NaN
2,4,6,NaN
3,3,6,NaN
1,5,6,NaN
1,5,6,0.5548375110548156
1,5,6,NaN
2,4,6,NaN
1,5,6,0.1150424729161512
1,5,6,0.9405257031659899
3,3,6,NaN
1,5,6,0.015310519823788312
3,3,6,NaN
2,4,6,0.2054386262940906
2,4,6,NaN
2,4,6,NaN
1,5,6,0.006330742305371628
1,5,6,0.742601995273523
4,2,6,0.6282574491159135
2,4,6,NaN
5,1,6,NaN
1,5,6,NaN
1,5,6,0.5046537855403376
2,4,6,0.13349194201575146
1,5,6,0.0009432277456656832
1,5,6,NaN
2,4,6,0.03621520907560878
1,5,6,NaN
5,1,6,NaN
1,5,6,NaN
2,4,6,NaN
2,4,6,NaN
5,1,6,NaN
2,4,6,NaN
2,4,6,NaN
3,3,6,0.00114645245901754
4,2,6,NaN
1,5,6,NaN
1,5,6,0.15407061357868015
1,5,6,0.039687384300341605
3,3,6,NaN
4,2,6,0.08491645534150608
2,4,6,0.5836556595239325
2,4,6,0.08491645534150608
1,5,6,0.4431893633910816
1,5,6,NaN
1,5,6,0.03968740070295911
2,4,6,NaN
2,4,6,0.4920422445583172
2,4,6,NaN
3,3,6,0.8234957828997682
2,4,6,0.08491645534150608
3,3,6,NaN
1,5,6,0.7736549046044264
3,3,6,NaN
3,3,6,NaN
1,5,6,0.4431893633910816
2,4,6,0.7087129780995387
1,5,6,NaN
1,5,6,NaN
1,5,6,NaN
2,4,6,NaN
3,3,6,0.17721222719246632
2,4,6,0.5642578354194537
1,5,6,0.23609730939414558
1,5,6,0.8655008786900369
2,4,6,NaN
2,4,6,0.3950893865694002
2,4,6,NaN
1,5,6,NaN
2,4,6,NaN
2,4,6,0.2723000524553572
2,4,6,NaN
2,4,6,NaN
5,1,6,NaN
1,5,6,0.3950893865694002
1,5,6,0.23609730939414558
4,2,6,NaN
1,5,6,0.7736549046044264
2,4,6,0.23609730939414558
2,4,6,0.7736549046044264
2,4,6,NaN
2,4,6,NaN
5,1,6,NaN
2,4,6,NaN
2,4,6,0.8827667358654245
1,5,6,0.07287517728397767
1,5,6,NaN
1,5,6,NaN
2,4,6,0.0017056975609741594
4,2,6,NaN
1,5,6,0.7736549046044264
1,5,6,NaN
1,5,6,0.0213685999999998
4,2,6,NaN
1,5,6,0.3950893865694002
1,5,6,NaN
3,3,6,NaN
3,3,6,0.23609730939414558
1,5,6,NaN
1,5,6,NaN
3,3,6,3.43223780382109e-5
2,4,6,NaN
3,3,6,0.3950893865694002
2,4,6,NaN
1,5,6,NaN
1,5,6,NaN
1,5,6,0.8014691082975914
1,5,6,NaN
1,5,6,NaN
2,4,6,0.9747364638126857
4,2,6,NaN
2,4,6,0.3950893865694002
2,4,6,NaN
1,5,6,0.4920422445583172
1,5,6,NaN
1,5,6,0.8234957828997682
1,5,6,NaN
2,4,6,NaN
1,5,6,NaN
1,5,6,NaN
1,5,6,NaN
1,5,6,NaN
2,4,6,0.5836556595239325
5,1,6,NaN
1,5,6,NaN
1,5,6,0.9825912922368234
2,4,6,0.8453965225401804
1,5,6,NaN
1,5,6,0.062095167801218924
1,5,6,0.23663801813823956
1,5,6,NaN
2,4,6,0.5053479537874754
1,5,6,0.039687384300341605
1,5,6,NaN
4,2,6,NaN
1,5,6,NaN
1,5,6,NaN
1,5,6,0.04631332256059672
3,3,6,0.03454454306721281
1,5,6,NaN
1,5,6,NaN
1,5,6,NaN
1,5,6,NaN
2,4,6,0.06180140668028046
1,5,6,NaN
1,5,6,0.08491645534150608
1,5,6,NaN
1,5,6,NaN
3,3,6,NaN
3,3,6,NaN
1,5,6,NaN
1,5,6,0.4431893633910816
2,4,6,NaN
2,4,6,0.4920422445583172
2,4,6,0.5836556595239325
1,5,6,NaN
1,5,6,NaN
1,5,6,0.7736549046044264
1,5,6,0.3099009652134965
1,5,6,0.07287517728397767
1,5,6,0.06273758667360736
1,5,6,0.5836556595239325
1,5,6,NaN
2,4,6,NaN
2,4,6,NaN
1,5,6,NaN
1,5,6,NaN
1,5,6,NaN
3,3,6,NaN
2,4,6,NaN
2,4,6,NaN
1,5,6,NaN
6,0,6,NaN
4,2,6,NaN
1,5,6,0.025688675504669942
1,5,6,NaN
1,5,6,NaN
1,5,6,0.5946543015888299
1,5,6,NaN
1,5,6,NaN
1,5,6,0.5376043881865737
1,5,6,NaN
1,5,6,0.34936774434310386
1,5,6,0.9152375708831951
1,5,6,NaN
1,5,6,NaN
1,5,6,NaN
1,5,6,NaN
1,5,6,NaN
1,5,6,NaN
1,5,6,NaN
1,5,6,0.0986538124916049
1,5,6,NaN
1,5,6,0.3099009652134965
1,5,6,0.6706377302926072
2,4,6,0.07287517728397767
1,5,6,NaN
1,5,6,NaN
1,5,6,NaN
1,5,6,NaN
1,5,6,0.08491645534150608
1,5,6,0.07671908198302471
1,5,6,NaN
1,5,6,NaN
1,5,6,NaN
1,5,6,0.6282574491159135
1,5,6,0.0001560148358768048
1,5,6,NaN
1,5,6,0.1150424729161512
1,5,6,NaN
1,5,6,0.4920422445583172
1,5,6,NaN
1,5,6,NaN
1,5,6,0.8453965225401804
0,6,6,NaN
0,6,6,NaN
0,6,6,NaN
0,6,6,0.04631332256059672
0,6,6,0.5836556595239325
0,6,6,2.6936172870111232e-5
0,6,6,0.1150424729161512
0,6,6,0.7087129780995387
0,6,6,0.8453965225401804
0,6,6,NaN
0,6,6,0.03284681127995927
0,6,6,NaN
0,6,6,0.8453965225401804
0,6,6,NaN
0,6,6,NaN
0,6,6,0.3099009652134965
0,6,6,0.2723000524553572
0,6,6,NaN
0,6,6,0.0986538124916049
0,6,6,0.6282574491159135
0,6,6,NaN
0,6,6,0.6282574491159135
0,6,6,0.9507681516607924
0,6,6,NaN
0,6,6,NaN
0,6,6,NaN
0,6,6,0.6282574491159135
0,6,6,NaN
0,6,6,0.5376043881865737
0,6,6,0.8014691082975914
0,6,6,NaN
0,6,6,NaN
0,6,6,0.3466980808018368
0,6,6,0.15407061357868015
0,6,6,NaN
0,6,6,0.4119333614542014
0,6,6,0.1150424729161512
0,6,6,NaN
0,6,6,NaN
0,6,6,0.0053459147286812475
0,6,6,NaN
0,6,6,NaN
0,6,6,NaN
0,6,6,0.17721222719246632
0,6,6,0.478627533834487
0,6,6,0.9602229766652525
0,6,6,NaN
0,6,6,NaN
0,6,6,0.7736549046044264
0,6,6,NaN
0,6,6,0.3099009652134965
0,6,6,0.15407061357868015
0,6,6,NaN
0,6,6,0.38681452556590795
0,6,6,0.3512765255285096
0,6,6,NaN
0,6,6,0.2212838231811238
0,6,6,0.9290197578706562
0,6,6,0.34936774434310386
0,6,6,0.742601995273523
0,6,6,NaN
0,6,6,NaN
0,6,6,0.8827667358654245
0,6,6,NaN
0,6,6,NaN
0,6,6,0.13349194201575146
0,6,6,NaN
0,6,6,NaN
0,6,6,NaN
0,6,6,0.4337310902015833
0,6,6,NaN
0,6,6,0.8453965225401804
0,6,6,0.7736549046044264
0,6,6,NaN
0,6,6,NaN
0,6,6,NaN
0,6,6,0.8234957828997682
0,6,6,NaN
0,6,6,NaN
0,6,6,NaN
0,6,6,NaN
0,6,6,NaN
0,6,6,NaN
0,6,6,NaN
0,6,6,NaN
0,6,6,0.030135545827633423
0,6,6,0.7087129780995387
0,6,6,NaN
0,6,6,NaN
0,6,6,NaN
0,6,6,NaN
0,6,6,NaN
0,6,6,0.4920422445583172
0,6,6,NaN
0,6,6,0.9677549750289749
0,6,6,NaN
0,6,6,NaN
0,6,6,NaN
0,6,6,NaN
0,6,6,0.06273758667360736
0,6,6,0.9507681516607924
0,6,6,0.8453965225401804
0,6,6,NaN
0,6,6,NaN
0,6,6,0.7736549046044264
0,6,6,0.0986538124916049
0,6,6,NaN
0,6,6,NaN
0,6,6,0.5836556595239325
0,6,6,0.3099009652134965
0,6,6,0.13349194201575146
0,6,6,NaN
0,6,6,NaN
0,6,6,NaN
0,6,6,NaN
0,6,6,NaN
0,6,6,0.1150424729161512
0,6,6,NaN
0,6,6,0.16627759309469065
0,6,6,0.15407061357868015
0,6,6,NaN
0,6,6,NaN
0,6,6,NaN
0,6,6,0.23609730939414558
0,6,6,0.15407061357868015
0,6,6,0.002968079223927906
0,6,6,NaN
0,6,6,NaN
0,6,6,NaN
0,6,6,NaN
0,6,6,NaN
0,6,6,NaN
0,6,6,NaN
0,6,6,NaN
0,6,6,0.04109745783364751
0,6,6,0.06273758667360736
0,6,6,0.030135545827633423
0,6,6,0.798600285905648
0,6,6,0.039687384300341605
0,6,6,NaN
0,6,6,NaN
0,6,6,NaN
0,6,6,0.4920422445583172
0,6,6,NaN
0,6,6,NaN
0,6,6,NaN
0,6,6,NaN
0,6,6,NaN
0,6,6,NaN
0,6,6,NaN
0,6,6,NaN
0,6,6,0.8234957828997682
0,6,6,NaN
0,6,6,0.5376043881865737
0,6,6,NaN
0,6,6,0.9571328424097834
0,6,6,0.4431893633910816
0,6,6,NaN
0,6,6,0.2723000524553572
0,6,6,0.3950893865694002
0,6,6,NaN
0,6,6,NaN
0,6,6,NaN
0,6,6,NaN
0,6,6,NaN
0,6,6,0.7736549046044264
0,6,6,NaN
0,6,6,NaN
0,6,6,NaN
0,6,6,0.21319785194847637
0,6,6,0.030135545827633423
0,6,6,0.15407061357868015
0,6,6,NaN
0,6,6,0.0213685999999998
0,6,6,0.3099009652134965
0,6,6,NaN
0,6,6,0.0169180642668304
0,6,6,0.9507681516607924
0,6,6,0.012776693671965577
0,6,6,NaN
0,6,6,NaN
0,6,6,NaN
0,6,6,NaN
0,6,6,0.8999851143675383
0,6,6,NaN
0,6,6,0.3950893865694002
0,6,6,0.6282574491159135
0,6,6,0.1150424729161512
0,6,6,0.9507681516607924
0,6,6,NaN
0,6,6,0.013166985494505864
0,6,6,NaN
0,6,6,0.034605295647823726
0,6,6,NaN
0,6,6,NaN
0,6,6,NaN
0,6,6,0.9152375708831951
0,6,6,NaN
0,6,6,0.3950893865694002
0,6,6,NaN
0,6,6,NaN
0,6,6,0.6667385000583654
0,6,6,0.3950893865694002
0,6,6,NaN
0,6,6,NaN
0,6,6,NaN
0,6,6,NaN
0,6,6,NaN
0,6,6,NaN
0,6,6,NaN
0,6,6,0.6570498294021381
0,6,6,0.23745601444513653
0,6,6,NaN
0,6,6,0.742601995273523
0,6,6,NaN
0,6,6,0.5836556595239325
0,6,6,0.3950893865694002
0,6,6,NaN
0,6,6,NaN
0,6,6,0.7087129780995387
0,6,6,NaN
0,6,6,NaN
0,6,6,NaN
0,6,6,NaN
0,6,6,0.15407061357868015
0,6,6,NaN
0,6,6,0.22694701400690767
0,6,6,NaN
0,6,6,NaN
0,6,6,0.030135545827633423
0,6,6,NaN
0,6,6,NaN
0,6,6,NaN
0,6,6,0.01299114056843789
0,6,6,NaN
0,6,6,NaN
2,3,5,NaN
3,2,5,NaN
3,2,5,0.3950893865694002
2,3,5,0.9602229766652525
3,2,5,0.03179864041179054
2,3,5,0.8493600349991197
4,1,5,NaN
2,3,5,NaN
4,1,5,NaN
4,1,5,NaN
5,0,5,NaN
3,2,5,NaN
5,0,5,NaN
4,1,5,NaN
4,1,5,NaN
5,0,5,NaN
2,3,5,0.4920422445583172
1,4,5,NaN
3,2,5,NaN
3,2,5,0.006330742305371628
2,3,5,0.24220965958579405
1,4,5,0.8014691082975914
2,3,5,NaN
4,1,5,NaN
4,1,5,NaN
3,2,5,0.4920422445583172
2,3,5,NaN
3,2,5,0.015310519823788312
1,4,5,NaN
1,4,5,0.06273758667360736
3,2,5,NaN
3,2,5,0.9405257031659899
1,4,5,NaN
1,4,5,0.23609730939414558
3,2,5,0.8234957828997682
4,1,5,NaN
4,1,5,NaN
3,2,5,NaN
4,1,5,0.5978282908532221
2,3,5,0.9677549750289749
3,2,5,0.36567035932493996
2,3,5,0.3950893865694002
5,0,5,0.007659580536912271
5,0,5,NaN
4,1,5,NaN
4,1,5,0.5836556595239325
3,2,5,0.34936774434310386
3,2,5,NaN
3,2,5,NaN
3,2,5,0.09002922121178956
1,4,5,NaN
3,2,5,0.3950893865694002
5,0,5,NaN
2,3,5,0.4920422445583172
1,4,5,NaN
2,3,5,0.9152375708831951
3,2,5,0.013166985494505864
4,1,5,NaN
4,1,5,0.030135545827633423
1,4,5,NaN
3,2,5,0.3099009652134965
3,2,5,NaN
3,2,5,0.6706377302926072
5,0,5,NaN
2,3,5,NaN
4,1,5,0.3950893865694002
3,2,5,0.8827667358654245
3,2,5,0.7087129780995387
3,2,5,NaN
4,1,5,NaN
3,2,5,0.7087129780995387
2,3,5,0.1150424729161512
1,4,5,NaN
3,2,5,NaN
4,1,5,0.04044651408463795
3,2,5,NaN
2,3,5,NaN
3,2,5,NaN
2,3,5,NaN
3,2,5,0.658371367466885
3,2,5,NaN
5,0,5,NaN
3,2,5,NaN
2,3,5,NaN
4,1,5,NaN
4,1,5,NaN
3,2,5,NaN
5,0,5,0.5376043881865737
5,0,5,0.2723000524553572
3,2,5,8.558909608372055e-5
5,0,5,0.041706623434505555
4,1,5,NaN
3,2,5,0.17721222719246632
2,3,5,NaN
5,0,5,NaN
2,3,5,0.13349194201575146
1,4,5,NaN
2,3,5,NaN
3,2,5,NaN
2,3,5,0.6282574491159135
4,1,5,0.742601995273523
4,1,5,NaN
5,0,5,NaN
5,0,5,0.7087129780995387
5,0,5,0.014970518268704994
2,3,5,NaN
1,4,5,0.13349194201575146
5,0,5,NaN
4,1,5,0.6706377302926072
2,3,5,NaN
5,0,5,NaN
3,2,5,NaN
4,1,5,NaN
3,2,5,NaN
4,1,5,NaN
2,3,5,NaN
2,3,5,NaN
3,2,5,NaN
4,1,5,NaN
5,0,5,0.13349194201575146
4,1,5,0.050044426788438075
3,2,5,0.5176619422924003
5,0,5,0.9109811923192909
2,3,5,NaN
5,0,5,0.0218909626221487
4,1,5,0.9823209976223026
3,2,5,0.13511179072268462
2,3,5,NaN
2,3,5,NaN
2,3,5,NaN
5,0,5,NaN
2,3,5,0.1354395936971047
5,0,5,NaN
5,0,5,0.3099009652134965
4,1,5,NaN
4,1,5,0.6282574491159135
4,1,5,NaN
3,2,5,NaN
3,2,5,NaN
1,4,5,0.34936774434310386
4,1,5,0.030135545827633423
2,3,5,0.6706377302926072
5,0,5,NaN
3,2,5,NaN
1,4,5,NaN
3,2,5,NaN
2,3,5,NaN
3,2,5,NaN
5,0,5,NaN
5,0,5,NaN
5,0,5,0.06273758667360736
2,3,5,0.006330742305371628
2,3,5,0.2054386262940906
2,3,5,0.025688675504669942
3,2,5,0.4431893633910816
4,1,5,NaN
3,2,5,NaN
4,1,5,0.9507681516607924
4,1,5,NaN
1,4,5,0.9152375708831951
5,0,5,NaN
3,2,5,NaN
2,3,5,NaN
3,2,5,0.15407061357868015
1,4,5,0.4431893633910816
2,3,5,0.00389102925731458
2,3,5,NaN
5,0,5,NaN
1,4,5,NaN
2,3,5,NaN
4,1,5,0.05338838749999978
4,1,5,0.2054386262940906
2,3,5,0.9290197578706562
5,0,5,0.8453965225401804
4,1,5,0.23609730939414558
2,3,5,0.05338838749999978
2,3,5,NaN
3,2,5,0.2054386262940906
1,4,5,0.5836556595239325
4,1,5,NaN
2,3,5,NaN
3,2,5,0.7087129780995387
5,0,5,0.9809153258638088
5,0,5,0.28760965805886335
2,3,5,0.5836556595239325
3,2,5,0.9602229766652525
2,3,5,0.039687384300341605
1,4,5,NaN
1,4,5,0.08491645534150608
3,2,5,NaN
3,2,5,NaN
2,3,5,NaN
3,2,5,NaN
4,1,5,NaN
2,3,5,0.1794037849224746
2,3,5,0.6706377302926072
4,1,5,0.003997922512116443
3,2,5,0.05741411001370656
4,1,5,NaN
2,3,5,NaN
3,2,5,0.6282574491159135
5,0,5,0.5658360447134629
5,0,5,NaN
5,0,5,NaN
2,3,5,NaN
2,3,5,0.8234957828997682
2,3,5,NaN
5,0,5,NaN
4,1,5,0.742601995273523
3,2,5,NaN
5,0,5,0.456289185672934
5,0,5,NaN
4,1,5,0.2165602377018346
5,0,5,0.013161685936583985
5,0,5,0.8655008786900369
4,1,5,0.08491645534150608
1,4,5,0.06273758667360736
1,4,5,NaN
5,0,5,NaN
4,1,5,NaN
2,3,5,0.3308448200385317
3,2,5,0.04631332256059672
4,1,5,NaN
4,1,5,NaN
2,3,5,NaN
2,3,5,NaN
1,4,5,NaN
1,4,5,0.742601995273523
4,1,5,0.4920422445583172
3,2,5,0.00010732596684795717
1,4,5,NaN
1,4,5,0.7988990992714926
4,1,5,NaN
2,3,5,NaN
3,2,5,NaN
5,0,5,NaN
2,3,5,0.08491645534150608
5,0,5,0.08861865609103312
2,3,5,NaN
4,1,5,0.4431893633910816
4,1,5,0.8093230844824829
3,2,5,NaN
2,3,5,0.011121315077419331
4,1,5,NaN
4,1,5,NaN
1,4,5,NaN
2,3,5,0.17251484159488914
4,1,5,0.3950893865694002
3,2,5,NaN
5,0,5,NaN
2,3,5,0.7736549046044264
5,0,5,0.0986538124916049
1,4,5,NaN
2,3,5,NaN
3,2,5,0.15407061357868015
2,3,5,NaN
4,1,5,0.07287517728397767
2,3,5,0.3950893865694002
4,1,5,0.8999851143675383
5,0,5,0.742601995273523
1,4,5,0.005048735436650127
2,3,5,NaN
4,1,5,NaN
3,2,5,NaN
1,4,5,NaN
4,1,5,NaN
5,0,5,NaN
5,0,5,NaN
2,3,5,0.2723000524553572
3,2,5,0.1150424729161512
3,2,5,NaN
3,2,5,0.6641740085307791
2,3,5,NaN
3,2,5,NaN
4,1,5,NaN
1,4,5,9.282979593727867e-5
3,2,5,0.3950893865694002
3,2,5,NaN
3,2,5,NaN
5,0,5,0.742601995273523
2,3,5,0.3709431853926272
5,0,5,NaN
1,4,5,NaN
4,1,5,0.003437880593542506
4,1,5,NaN
1,4,5,0.011147134228187437
4,1,5,NaN
4,1,5,NaN
4,1,5,NaN
3,2,5,NaN
5,0,5,0.07287517728397767
1,4,5,NaN
5,0,5,0.4431893633910816
4,1,5,0.5157540889887927
3,2,5,0.0986538124916049
4,1,5,NaN
2,3,5,0.34936774434310386
1,4,5,NaN
4,1,5,NaN
3,2,5,0.8037997644224935
2,3,5,NaN
2,3,5,NaN
3,2,5,NaN
4,1,5,0.8827667358654245
3,2,5,0.5836556595239325
2,3,5,0.6988622183803366
3,2,5,NaN
4,1,5,0.8014691082975914
3,2,5,NaN
4,1,5,NaN
3,2,5,NaN
4,1,5,0.413069875026209
2,3,5,0.7736549046044264
1,4,5,0.8453965225401804
5,0,5,0.942963448268263
4,1,5,0.038462423530710645
5,0,5,NaN
5,0,5,NaN
5,0,5,0.015310519823788312
5,0,5,NaN
2,3,5,0.3950893865694002
3,2,5,0.34936774434310386
4,1,5,NaN
5,0,5,0.9405257031659899
2,3,5,0.039687384300341605
2,3,5,NaN
4,1,5,NaN
3,2,5,NaN
4,1,5,0.4920422445583172
5,0,5,NaN
3,2,5,NaN
4,1,5,0.011147134228187437
5,0,5,NaN
3,2,5,NaN
2,3,5,0.005387198364784969
1,4,5,0.034605295647823726
4,1,5,0.17721222719246632
4,1,5,0.8081142148799103
5,0,5,0.9677549750289749
3,2,5,0.7087129780995387
4,1,5,NaN
4,1,5,0.08491645534150608
1,4,5,NaN
3,2,5,0.7940278758964897
3,2,5,NaN
2,3,5,NaN
4,1,5,NaN
2,3,5,0.23539301067611462
3,2,5,NaN
4,1,5,0.07287517728397767
4,1,5,NaN
5,0,5,NaN
1,4,5,NaN
4,1,5,NaN
4,1,5,NaN
5,0,5,0.05338838749999978
2,3,5,NaN
2,3,5,0.6706377302926072
3,2,5,NaN
4,1,5,NaN
3,2,5,NaN
3,2,5,0.742601995273523
3,2,5,NaN
2,3,5,0.6706377302926072
2,3,5,NaN
2,3,5,0.8453965225401804
3,2,5,NaN
1,4,5,0.9809153258638088
4,1,5,NaN
3,2,5,0.8827667358654245
3,2,5,NaN
5,0,5,NaN
2,3,5,0.4431893633910816
3,2,5,NaN
5,0,5,NaN
3,2,5,0.039687384300341605
4,1,5,NaN
5,0,5,NaN
2,3,5,0.7087129780995387
2,3,5,0.742601995273523
4,1,5,NaN
3,2,5,0.07287517728397767
5,0,5,NaN
3,2,5,NaN
5,0,5,NaN
3,2,5,NaN
4,1,5,0.34936774434310386
3,2,5,NaN
2,3,5,NaN
3,2,5,NaN
3,2,5,0.34936774434310386
3,2,5,0.04631332256059672
3,2,5,NaN
4,1,5,NaN
2,3,5,0.9747364638126857
4,1,5,NaN
3,2,5,0.2723000524553572
4,1,5,0.04631332256059672
2,3,5,NaN
3,2,5,NaN
2,3,5,NaN
4,1,5,NaN
5,0,5,NaN
2,3,5,NaN
3,2,5,0.8827667358654245
3,2,5,NaN
4,1,5,0.5836556595239325
4,1,5,NaN
5,0,5,0.5836556595239325
1,4,5,0.8234957828997682
1,4,5,0.9854887762528594
4,1,5,NaN
5,0,5,NaN
3,2,5,NaN
3,2,5,NaN
3,2,5,0.009410414330218242
3,2,5,NaN
3,2,5,NaN
3,2,5,0.655889610926832
4,1,5,0.8827667358654245
2,3,5,0.8836070277764801
3,2,5,NaN
3,2,5,NaN
1,4,5,NaN
3,2,5,NaN
3,2,5,NaN
1,4,5,NaN
2,3,5,0.34936774434310386
5,0,5,NaN
1,4,5,0.17721222719246632
1,4,5,0.2054386262940906
4,1,5,0.025688675504669942
1,4,5,0.34936774434310386
4,1,5,0.030135545827633423
4,1,5,NaN
4,1,5,0.0053459147286812475
1,4,5,NaN
5,0,5,NaN
3,2,5,0.004878225910339811
5,0,5,0.025688675504669942
2,3,5,0.6282574491159135
3,2,5,NaN
5,0,5,0.8453965225401804
3,2,5,NaN
3,2,5,NaN
1,4,5,NaN
2,3,5,NaN
4,1,5,NaN
3,2,5,0.014604191179336345
3,2,5,NaN
2,3,5,0.034605295647823726
3,2,5,NaN
4,1,5,NaN
2,3,5,NaN
2,3,5,0.17721222719246632
3,2,5,0.9747364638126857
3,2,5,NaN
3,2,5,NaN
2,3,5,0.0011148156577653453
1,4,5,NaN
2,3,5,NaN
2,3,5,NaN
2,3,5,0.0986538124916049
4,1,5,0.8234957828997682
4,1,5,NaN
3,2,5,0.8453965225401804
3,2,5,NaN
2,3,5,0.9854887762528594
4,1,5,NaN
5,0,5,NaN
3,2,5,1.9241705948763186e-5
4,1,5,NaN
4,1,5,0.3950893865694002
2,3,5,NaN
3,2,5,NaN
1,4,5,0.6282574491159135
1,4,5,NaN
5,0,5,NaN
4,1,5,NaN
1,4,5,0.025688675504669942
4,1,5,0.04631332256059672
2,3,5,0.1150424729161512
2,3,5,NaN
4,1,5,0.0837550502146186
3,2,5,NaN
1,4,5,NaN
4,1,5,0.007659580536912271
3,2,5,NaN
4,1,5,NaN
4,1,5,0.23609730939414558
2,3,5,NaN
3,2,5,NaN
1,4,5,NaN
3,2,5,NaN
3,2,5,0.026123474677976665
4,1,5,0.5836556595239325
2,3,5,0.00389102925731458
4,1,5,0.17993796651061816
3,2,5,NaN
2,3,5,0.742601995273523
2,3,5,0.4431893633910816
3,2,5,0.5376043881865737
2,3,5,0.23609730939414558
3,2,5,NaN
5,0,5,NaN
4,1,5,NaN
5,0,5,NaN
4,1,5,0.25681820988512677
4,1,5,NaN
3,2,5,NaN
1,4,5,0.3099009652134965
4,1,5,NaN
2,3,5,0.2627536423933134
3,2,5,0.5836556595239325
4,1,5,NaN
3,2,5,NaN
4,1,5,NaN
4,1,5,NaN
1,4,5,0.34936774434310386
1,4,5,NaN
4,1,5,NaN
1,4,5,NaN
3,2,5,0.9612656938073557
3,2,5,0.34936774434310386
2,3,5,0.9854887762528594
2,3,5,NaN
4,1,5,NaN
4,1,5,NaN
3,2,5,NaN
2,3,5,NaN
2,3,5,NaN
5,0,5,0.008767950465226255
4,1,5,0.08491645534150608
1,4,5,0.9405257031659899
2,3,5,NaN
2,3,5,0.13349194201575146
4,1,5,NaN
2,3,5,NaN
4,1,5,0.06273758667360736
5,0,5,NaN
4,1,5,0.742601995273523
1,4,5,0.5836556595239325
3,2,5,NaN
3,2,5,0.7087129780995387
3,2,5,0.8234957828997682
2,3,5,NaN
4,1,5,NaN
2,3,5,NaN
3,2,5,0.7087129780995387
3,2,5,NaN
2,3,5,0.3950893865694002
3,2,5,0.8999851143675383
3,2,5,0.2627536423933134
1,4,5,NaN
1,4,5,0.8014691082975914
3,2,5,0.058571502886535225
3,2,5,0.07287517728397767
5,0,5,0.015310519823788312
4,1,5,0.06273758667360736
5,0,5,NaN
2,3,5,0.5376043881865737
3,2,5,NaN
3,2,5,0.0986538124916049
3,2,5,NaN
2,3,5,NaN
3,2,5,NaN
3,2,5,NaN
3,2,5,NaN
3,2,5,NaN
4,1,5,NaN
3,2,5,NaN
5,0,5,NaN
3,2,5,0.4920422445583172
1,4,5,0.18600361094598486
2,3,5,NaN
4,1,5,0.6706377302926072
1,4,5,NaN
4,1,5,0.9809153258638088
1,4,5,NaN
3,2,5,NaN
4,1,5,NaN
2,3,5,NaN
2,3,5,NaN
3,2,5,0.34936774434310386
3,2,5,0.9602229766652525
4,1,5,0.9854887762528594
4,1,5,NaN
4,1,5,NaN
1,4,5,NaN
4,1,5,0.4920422445583172
3,2,5,0.6282574491159135
4,1,5,0.08491645534150608
5,0,5,NaN
5,0,5,NaN
2,3,5,NaN
3,2,5,NaN
2,3,5,0.7087129780995387
4,1,5,0.09237993563679017
1,4,5,NaN
5,0,5,NaN
3,2,5,NaN
1,4,5,NaN
4,1,5,0.017936625825384724
3,2,5,NaN
3,2,5,0.011147134228187437
2,3,5,0.29587219170465473
4,1,5,0.4920422445583172
2,3,5,0.034605295647823726
2,3,5,0.013166985494505864
1,4,5,NaN
4,1,5,0.591743164673726
1,4,5,0.3099009652134965
1,4,5,NaN
5,0,5,NaN
3,2,5,0.8827667358654245
3,2,5,0.4832716308418932
2,3,5,0.13349194201575146
5,0,5,NaN
5,0,5,NaN
4,1,5,NaN
2,3,5,0.09150186526886984
3,2,5,NaN
4,1,5,0.07287517728397767
2,3,5,NaN
2,3,5,NaN
3,2,5,0.4431893633910816
1,4,5,0.009410414330218242
4,1,5,0.5443418139345186
2,3,5,0.4431893633910816
5,0,5,0.8234957828997682
4,1,5,NaN
2,3,5,0.9815095632732195
4,1,5,NaN
4,1,5,NaN
5,0,5,NaN
2,3,5,0.1150424729161512
3,2,5,0.9152375708831951
5,0,5,NaN
3,2,5,0.05338838749999978
1,4,5,NaN
4,1,5,0.742601995273523
4,1,5,0.8847990976027443
3,2,5,0.009410414330218242
5,0,5,NaN
5,0,5,NaN
2,3,5,0.05338838749999978
2,3,5,NaN
2,3,5,NaN
4,1,5,NaN
1,4,5,0.1695322502688491
3,2,5,0.05338838749999978
1,4,5,NaN
4,1,5,NaN
1,4,5,NaN
2,3,5,NaN
2,3,5,NaN
2,3,5,NaN
2,3,5,0.05338838749999978
3,2,5,0.7736549046044264
1,4,5,0.23609730939414558
3,2,5,0.38784994154361
2,3,5,0.742601995273523
5,0,5,NaN
4,1,5,NaN
4,1,5,0.3099009652134965
4,1,5,0.23609730939414558
4,1,5,0.3950893865694002
5,0,5,0.04631332256059672
1,4,5,NaN
4,1,5,NaN
2,3,5,NaN
5,0,5,0.7087129780995387
3,2,5,0.015310519823788312
4,1,5,NaN
1,4,5,NaN
5,0,5,NaN
4,1,5,0.062435877908818986
3,2,5,0.6282574491159135
3,2,5,NaN
3,2,5,NaN
1,4,5,NaN
4,1,5,NaN
3,2,5,0.4920422445583172
3,2,5,NaN
5,0,5,0.3099009652134965
4,1,5,0.23609730939414558
3,2,5,NaN
4,1,5,0.8593624842036806
4,1,5,NaN
3,2,5,0.4431893633910816
2,3,5,0.49166317088551487
3,2,5,0.7087129780995387
1,4,5,NaN
5,0,5,NaN
1,4,5,0.8655008786900369
2,3,5,0.1150424729161512
4,1,5,0.13349194201575146
3,2,5,NaN
1,4,5,NaN
3,2,5,NaN
1,4,5,0.034605295647823726
4,1,5,NaN
3,2,5,0.2723000524553572
2,3,5,0.8655008786900369
3,2,5,0.8007518829647822
4,1,5,0.4431893633910816
2,3,5,0.7087129780995387
2,3,5,NaN
2,3,5,0.8234957828997682
2,3,5,NaN
1,4,5,0.931613058183078
2,3,5,NaN
5,0,5,NaN
3,2,5,0.8827667358654245
2,3,5,NaN
2,3,5,NaN
2,3,5,0.2054386262940906
3,2,5,0.742601995273523
2,3,5,0.6282574491159135
2,3,5,0.12594370467598567
4,1,5,NaN
4,1,5,NaN
3,2,5,0.1202581116308219
3,2,5,0.32212474214622455
1,4,5,NaN
2,3,5,NaN
4,1,5,NaN
2,3,5,NaN
2,3,5,0.4431893633910816
2,3,5,0.06273758667360736
1,4,5,NaN
1,4,5,NaN
3,2,5,0.6706377302926072
3,2,5,NaN
5,0,5,NaN
2,3,5,0.7940278758964897
3,2,5,0.9677549750289749
3,2,5,NaN
3,2,5,0.011121315077419331
3,2,5,0.4431893633910816
5,0,5,NaN
5,0,5,0.6706377302926072
2,3,5,NaN
2,3,5,0.8165953254794931
2,3,5,NaN
3,2,5,NaN
2,3,5,NaN
3,2,5,0.8453965225401804
4,1,5,NaN
3,2,5,0.32998001232712665
5,0,5,0.011147134228187437
4,1,5,NaN
4,1,5,NaN
1,4,5,NaN
5,0,5,NaN
4,1,5,NaN
2,3,5,NaN
2,3,5,NaN
2,3,5,NaN
5,0,5,NaN
1,4,5,0.2054386262940906
4,1,5,NaN
4,1,5,NaN
2,3,5,0.004708926795579234
2,3,5,NaN
4,1,5,NaN
4,1,5,NaN
2,3,5,NaN
3,2,5,NaN
5,0,5,0.011147134228187437
2,3,5,0.0053459147286812475
5,0,5,0.7087129780995387
3,2,5,NaN
5,0,5,NaN
2,3,5,0.6706377302926072
3,2,5,NaN
3,2,5,NaN
4,1,5,NaN
1,4,5,NaN
3,2,5,0.742601995273523
1,4,5,0.0003443308714922203
2,3,5,0.7087129780995387
3,2,5,0.9290197578706562
5,0,5,0.9602229766652525
4,1,5,0.6010184351156217
5,0,5,0.07287517728397767
3,2,5,NaN
3,2,5,0.13349194201575146
4,1,5,0.3099009652134965
3,2,5,NaN
5,0,5,NaN
3,2,5,0.05338838749999978
3,2,5,0.1150424729161512
2,3,5,0.3950893865694002
3,2,5,NaN
5,0,5,0.17721222719246632
3,2,5,NaN
3,2,5,NaN
3,2,5,NaN
3,2,5,NaN
2,3,5,NaN
1,4,5,0.0213685999999998
3,2,5,NaN
1,4,5,NaN
2,3,5,NaN
1,4,5,NaN
3,2,5,NaN
3,2,5,0.5376043881865737
4,1,5,0.19903255658106242
2,3,5,NaN
1,4,5,0.3099009652134965
4,1,5,NaN
5,0,5,NaN
2,3,5,NaN
2,3,5,0.742601995273523
3,2,5,0.04631332256059672
4,1,5,NaN
4,1,5,NaN
4,1,5,NaN
2,3,5,NaN
4,1,5,0.5376043881865737
5,0,5,NaN
3,2,5,NaN
4,1,5,0.6706377302926072
5,0,5,0.8014691082975914
2,3,5,NaN
3,2,5,NaN
1,4,5,NaN
2,3,5,NaN
2,3,5,NaN
1,4,5,NaN
2,3,5,NaN
4,1,5,0.542580852050178
3,2,5,0.04631332256059672
4,1,5,0.0491345395850289
5,0,5,NaN
2,3,5,NaN
3,2,5,NaN
2,3,5,0.742601995273523
3,2,5,NaN
3,2,5,NaN
5,0,5,0.07287517728397767
2,3,5,NaN
4,1,5,NaN
5,0,5,0.0986538124916049
5,0,5,0.6706377302926072
1,4,5,0.6282574491159135
1,4,5,0.7959743493225058
4,1,5,0.03034040126035952
2,3,5,0.7087129780995387
4,1,5,0.5376043881865737
2,3,5,NaN
2,3,5,NaN
3,2,5,NaN
1,4,5,0.08491645534150608
5,0,5,NaN
4,1,5,NaN
3,2,5,NaN
2,3,5,NaN
1,4,5,NaN
4,1,5,NaN
3,2,5,0.08491645534150608
3,2,5,0.3282760899817998
1,4,5,0.2054386262940906
3,2,5,0.17721222719246632
2,3,5,0.039687384300341605
1,4,5,NaN
2,3,5,NaN
3,2,5,0.34936774434310386
3,2,5,0.17721222719246632
2,3,5,0.011147134228187437
3,2,5,0.015310519823788312
4,1,5,0.5836556595239325
2,3,5,0.8282062556209043
2,3,5,NaN
5,0,5,0.6908717916908301
3,2,5,0.9602229766652525
4,1,5,NaN
3,2,5,0.15407061357868015
3,2,5,NaN
2,3,5,NaN
2,3,5,0.8999851143675383
3,2,5,0.3099009652134965
4,1,5,0.742601995273523
4,1,5,0.26032306272335387
1,4,5,0.4920422445583172
4,1,5,NaN
3,2,5,0.8014691082975914
1,4,5,NaN
2,3,5,NaN
1,4,5,NaN
2,3,5,NaN
5,0,5,0.0035987639838835493
1,4,5,NaN
1,4,5,0.27026042012947715
3,2,5,NaN
3,2,5,NaN
2,3,5,0.8827667358654245
2,3,5,NaN
2,3,5,NaN
3,2,5,0.015310519823788312
3,2,5,NaN
3,2,5,NaN
3,2,5,NaN
2,3,5,0.01625137715955131
5,0,5,0.06273758667360736
3,2,5,NaN
4,1,5,NaN
3,2,5,NaN
3,2,5,NaN
2,3,5,0.742601995273523
4,1,5,NaN
5,0,5,0.8234957828997682
5,0,5,0.07287517728397767
3,2,5,0.2723000524553572
5,0,5,0.0053459147286812475
1,4,5,NaN
2,3,5,0.3950893865694002
3,2,5,0.8655008786900369
2,3,5,0.2723000524553572
2,3,5,NaN
2,3,5,NaN
4,1,5,NaN
4,1,5,0.4920422445583172
3,2,5,NaN
1,4,5,NaN
2,3,5,0.9152375708831951
2,3,5,0.4431893633910816
1,4,5,NaN
5,0,5,NaN
1,4,5,0.4431893633910816
5,0,5,NaN
2,3,5,0.3099009652134965
1,4,5,0.23609730939414558
1,4,5,0.4431893633910816
4,1,5,NaN
3,2,5,NaN
4,1,5,NaN
4,1,5,NaN
4,1,5,0.01017283651764556
2,3,5,NaN
3,2,5,NaN
4,1,5,NaN
3,2,5,0.5376043881865737
3,2,5,0.06273758667360736
5,0,5,NaN
4,1,5,0.34936774434310386
1,4,5,0.020953731986610505
4,1,5,0.4431893633910816
5,0,5,NaN
3,2,5,NaN
4,1,5,1.1499855338247108e-6
3,2,5,NaN
4,1,5,NaN
4,1,5,NaN
3,2,5,0.2723000524553572
2,3,5,NaN
1,4,5,0.8234957828997682
3,2,5,NaN
4,1,5,0.84089850572845
4,1,5,NaN
2,3,5,0.17321520403763063
4,1,5,NaN
4,1,5,NaN
1,4,5,0.8827667358654245
2,3,5,0.034605295647823726
1,4,5,0.5836556595239325
2,3,5,NaN
3,2,5,NaN
5,0,5,0.9152375708831951
4,1,5,NaN
3,2,5,0.23609730939414558
4,1,5,0.039687384300341605
3,2,5,NaN
4,1,5,0.5836556595239325
2,3,5,NaN
2,3,5,NaN
2,3,5,NaN
5,0,5,NaN
3,2,5,0.1150424729161512
1,4,5,NaN
4,1,5,0.34936774434310386
3,2,5,NaN
2,3,5,0.47703588792034624
1,4,5,0.742601995273523
2,3,5,NaN
4,1,5,NaN
2,3,5,0.9809153258638088
4,1,5,0.04631332256059672
1,4,5,NaN
3,2,5,NaN
4,1,5,NaN
2,3,5,0.05338838749999978
2,3,5,NaN
3,2,5,0.1888243866433745
3,2,5,0.6706377302926072
5,0,5,NaN
2,3,5,NaN
2,3,5,0.5836556595239325
3,2,5,NaN
2,3,5,0.8655008786900369
3,2,5,NaN
3,2,5,0.8655008786900369
3,2,5,0.4431893633910816
3,2,5,NaN
2,3,5,0.8453965225401804
1,4,5,0.3950893865694002
2,3,5,NaN
2,3,5,NaN
2,3,5,0.6282574491159135
4,1,5,NaN
2,3,5,NaN
1,4,5,0.015310519823788312
5,0,5,0.5836556595239325
2,3,5,NaN
2,3,5,NaN
3,2,5,NaN
1,4,5,NaN
2,3,5,NaN
5,0,5,NaN
3,2,5,NaN
1,4,5,0.8234957828997682
2,3,5,0.2054386262940906
4,1,5,0.34936774434310386
2,3,5,NaN
2,3,5,NaN
2,3,5,NaN
1,4,5,NaN
4,1,5,NaN
3,2,5,0.034605295647823726
3,2,5,0.0017763312477637706
2,3,5,0.5836556595239325
2,3,5,NaN
2,3,5,0.5053479537874754
2,3,5,NaN
2,3,5,NaN
1,4,5,0.4920422445583172
5,0,5,NaN
2,3,5,NaN
2,3,5,NaN
5,0,5,0.4431893633910816
2,3,5,0.8453965225401804
2,3,5,0.025688675504669942
1,4,5,0.2723000524553572
1,4,5,NaN
2,3,5,0.0986538124916049
2,3,5,NaN
5,0,5,NaN
2,3,5,0.34936774434310386
1,4,5,NaN
5,0,5,0.2054386262940906
4,1,5,NaN
4,1,5,NaN
4,1,5,0.17721222719246632
2,3,5,NaN
2,3,5,NaN
2,3,5,NaN
4,1,5,NaN
1,4,5,0.8655008786900369
3,2,5,0.05338838749999978
2,3,5,0.9405257031659899
4,1,5,0.8234957828997682
3,2,5,0.001611890749482871
1,4,5,0.15407061357868015
1,4,5,NaN
2,3,5,NaN
1,4,5,NaN
1,4,5,0.2723000524553572
1,4,5,NaN
3,2,5,0.746664063602806
3,2,5,0.34936774434310386
4,1,5,NaN
3,2,5,NaN
5,0,5,0.9942087569967986
3,2,5,NaN
1,4,5,NaN
1,4,5,NaN
3,2,5,NaN
2,3,5,0.8014691082975914
4,1,5,NaN
3,2,5,NaN
2,3,5,NaN
2,3,5,0.13349194201575146
1,4,5,NaN
3,2,5,NaN
5,0,5,NaN
1,4,5,NaN
1,4,5,NaN
2,3,5,NaN
2,3,5,NaN
3,2,5,NaN
2,3,5,NaN
1,4,5,NaN
4,1,5,0.23609730939414558
2,3,5,NaN
5,0,5,NaN
4,1,5,0.2723000524553572
1,4,5,NaN
5,0,5,NaN
5,0,5,0.9507681516607924
3,2,5,0.7135720257882858
2,3,5,NaN
4,1,5,NaN
4,1,5,NaN
1,4,5,NaN
2,3,5,0.8234957828997682
2,3,5,0.31651713484999855
3,2,5,NaN
3,2,5,NaN
5,0,5,0.9924179942680554
4,1,5,0.039687384300341605
4,1,5,NaN
4,1,5,NaN
4,1,5,NaN
3,2,5,NaN
2,3,5,NaN
3,2,5,NaN
2,3,5,NaN
4,1,5,0.13349194201575146
3,2,5,NaN
1,4,5,0.8177780692121387
3,2,5,0.7087129780995387
1,4,5,0.4431893633910816
2,3,5,NaN
4,1,5,NaN
1,4,5,NaN
4,1,5,NaN
3,2,5,NaN
4,1,5,0.4431893633910816
2,3,5,NaN
2,3,5,NaN
2,3,5,NaN
2,3,5,NaN
3,2,5,0.10348610691442867
3,2,5,0.4431893633910816
3,2,5,0.34936774434310386
3,2,5,NaN
2,3,5,NaN
4,1,5,0.742601995273523
3,2,5,NaN
2,3,5,0.05338838749999978
4,1,5,0.13349194201575146
4,1,5,NaN
5,0,5,0.742601995273523
1,4,5,NaN
2,3,5,0.4920422445583172
5,0,5,NaN
3,2,5,0.8234957828997682
1,4,5,NaN
5,0,5,0.006620184178429516
2,3,5,0.015310519823788312
2,3,5,0.4920422445583172
4,1,5,NaN
1,4,5,0.6282574491159135
3,2,5,NaN
1,4,5,NaN
1,4,5,NaN
2,3,5,NaN
1,4,5,NaN
1,4,5,0.6282574491159135
3,2,5,0.5836556595239325
2,3,5,0.9809153258638088
1,4,5,NaN
3,2,5,NaN
3,2,5,NaN
2,3,5,0.3099009652134965
4,1,5,NaN
4,1,5,NaN
4,1,5,NaN
4,1,5,0.06273758667360736
3,2,5,NaN
4,1,5,NaN
1,4,5,0.15407061357868015
2,3,5,0.8999851143675383
3,2,5,0.8014691082975914
1,4,5,NaN
5,0,5,0.8827667358654245
4,1,5,0.08259323181537363
3,2,5,NaN
2,3,5,NaN
4,1,5,NaN
2,3,5,0.0053459147286812475
2,3,5,NaN
1,4,5,NaN
2,3,5,NaN
3,2,5,NaN
4,1,5,NaN
5,0,5,NaN
2,3,5,NaN
1,4,5,0.2683370465775398
3,2,5,0.025688675504669942
2,3,5,0.03914075892393779
1,4,5,NaN
5,0,5,NaN
1,4,5,0.612669395929202
4,1,5,0.002968079223927906
2,3,5,NaN
3,2,5,NaN
3,2,5,NaN
2,3,5,0.2723000524553572
1,4,5,NaN
2,3,5,NaN
3,2,5,0.06273758667360736
2,3,5,NaN
1,4,5,0.5459028438028852
1,4,5,0.15407061357868015
1,4,5,NaN
4,1,5,0.0008188798039480444
4,1,5,NaN
1,4,5,NaN
5,0,5,NaN
1,4,5,NaN
2,3,5,0.4920422445583172
3,2,5,0.742601995273523
2,3,5,NaN
1,4,5,0.2510507340645243
1,4,5,0.0213685999999998
2,3,5,NaN
3,2,5,NaN
4,1,5,0.025688675504669942
2,3,5,NaN
4,1,5,0.737442843837902
2,3,5,NaN
4,1,5,NaN
4,1,5,NaN
2,3,5,NaN
5,0,5,NaN
3,2,5,0.0022335453105947634
2,3,5,NaN
5,0,5,NaN
3,2,5,0.3950893865694002
3,2,5,0.4431893633910816
3,2,5,NaN
2,3,5,NaN
1,4,5,NaN
1,4,5,NaN
1,4,5,0.4431893633910816
3,2,5,NaN
3,2,5,0.06273758667360736
4,1,5,NaN
2,3,5,0.013166985494505864
1,4,5,0.13349194201575146
1,4,5,0.5885629583242391
2,3,5,NaN
3,2,5,NaN
2,3,5,NaN
3,2,5,NaN
1,4,5,NaN
3,2,5,0.0986538124916049
4,1,5,NaN
4,1,5,NaN
1,4,5,0.013166985494505864
2,3,5,0.6282574491159135
4,1,5,0.742601995273523
2,3,5,NaN
5,0,5,0.5255796296933194
2,3,5,NaN
2,3,5,0.3950893865694002
3,2,5,0.8234957828997682
2,3,5,0.00818548584078475
3,2,5,NaN
2,3,5,NaN
3,2,5,NaN
3,2,5,0.6706377302926072
4,1,5,0.6706377302926072
2,3,5,0.8655008786900369
4,1,5,NaN
4,1,5,0.5376043881865737
3,2,5,0.43567498633451757
2,3,5,NaN
2,3,5,NaN
3,2,5,NaN
1,4,5,NaN
3,2,5,0.0837550502146186
1,4,5,0.9356069527416535
1,4,5,0.06273758667360736
3,2,5,NaN
3,2,5,0.3950893865694002
1,4,5,0.06273758667360736
1,4,5,0.08810455268829011
3,2,5,NaN
1,4,5,NaN
4,1,5,0.013607815271978022
2,3,5,NaN
3,2,5,NaN
3,2,5,0.3166723034683177
1,4,5,NaN
3,2,5,0.08491645534150608
3,2,5,0.025117607693671024
5,0,5,0.17721222719246632
2,3,5,NaN
2,3,5,NaN
3,2,5,NaN
2,3,5,0.8093230844824829
2,3,5,0.9290197578706562
1,4,5,NaN
2,3,5,NaN
1,4,5,0.8014691082975914
1,4,5,NaN
3,2,5,NaN
5,0,5,0.23609730939414558
3,2,5,NaN
2,3,5,4.683305540858966e-5
3,2,5,0.06273758667360736
3,2,5,0.4431893633910816
4,1,5,NaN
4,1,5,NaN
2,3,5,NaN
5,0,5,0.0012182541373592396
2,3,5,NaN
1,4,5,0.11598883991242408
3,2,5,NaN
4,1,5,0.8234957828997682
4,1,5,NaN
2,3,5,NaN
4,1,5,NaN
4,1,5,NaN
2,3,5,0.34936774434310386
3,2,5,NaN
1,4,5,NaN
4,1,5,NaN
2,3,5,NaN
2,3,5,0.8063935641451117
2,3,5,0.16193443393653506
3,2,5,NaN
4,1,5,0.8014691082975914
2,3,5,0.6282574491159135
3,2,5,NaN
5,0,5,NaN
2,3,5,0.8999851143675383
3,2,5,NaN
5,0,5,0.1150424729161512
3,2,5,NaN
4,1,5,NaN
3,2,5,NaN
2,3,5,0.030135545827633423
2,3,5,0.4920422445583172
3,2,5,0.23609730939414558
4,1,5,0.02445685173132485
1,4,5,NaN
2,3,5,NaN
1,4,5,0.5752335153166461
2,3,5,0.4431893633910816
2,3,5,4.1600074047282305e-5
1,4,5,NaN
4,1,5,0.2279464383109441
4,1,5,NaN
3,2,5,NaN
2,3,5,0.742601995273523
3,2,5,NaN
1,4,5,NaN
3,2,5,NaN
1,4,5,NaN
3,2,5,0.5032231119458873
2,3,5,NaN
2,3,5,0.15407061357868015
2,3,5,NaN
4,1,5,NaN
3,2,5,0.07287517728397767
1,4,5,0.9765349561790102
2,3,5,NaN
3,2,5,0.05338838749999978
2,3,5,NaN
1,4,5,NaN
2,3,5,NaN
2,3,5,NaN
4,1,5,NaN
2,3,5,NaN
5,0,5,0.9152375708831951
2,3,5,NaN
1,4,5,0.23609730939414558
2,3,5,0.9290197578706562
2,3,5,0.013166985494505864
4,1,5,NaN
2,3,5,0.6706377302926072
4,1,5,NaN
3,2,5,0.2054386262940906
3,2,5,NaN
4,1,5,0.0037816935120179008
3,2,5,0.2045839782286554
4,1,5,NaN
1,4,5,0.025688675504669942
3,2,5,0.0923933889635709
1,4,5,NaN
3,2,5,0.00044760984320784444
2,3,5,NaN
2,3,5,0.4920422445583172
2,3,5,NaN
3,2,5,NaN
2,3,5,NaN
5,0,5,0.7119228058246889
3,2,5,NaN
3,2,5,0.007661763221091821
1,4,5,0.07287517728397767
1,4,5,0.9152375708831951
3,2,5,NaN
5,0,5,0.742601995273523
2,3,5,NaN
4,1,5,0.9628046238569462
1,4,5,NaN
2,3,5,NaN
3,2,5,0.9290197578706562
3,2,5,0.006330742305371628
2,3,5,NaN
2,3,5,NaN
2,3,5,0.0986538124916049
1,4,5,0.13349194201575146
2,3,5,0.3099009652134965
3,2,5,0.7736549046044264
4,1,5,0.34936774434310386
1,4,5,0.3950893865694002
3,2,5,0.05338838749999978
1,4,5,NaN
3,2,5,NaN
4,1,5,0.8063935641451117
2,3,5,0.039687384300341605
4,1,5,0.9677549750289749
3,2,5,NaN
5,0,5,NaN
2,3,5,NaN
1,4,5,0.013166985494505864
2,3,5,0.9405257031659899
2,3,5,NaN
3,2,5,NaN
3,2,5,NaN
2,3,5,0.5115338653320716
2,3,5,NaN
1,4,5,NaN
3,2,5,NaN
1,4,5,NaN
4,1,5,NaN
1,4,5,NaN
4,1,5,NaN
3,2,5,0.9747364638126857
3,2,5,NaN
3,2,5,NaN
3,2,5,NaN
1,4,5,NaN
5,0,5,NaN
4,1,5,NaN
2,3,5,0.3950893865694002
5,0,5,NaN
1,4,5,0.9405257031659899
2,3,5,0.731445898519316
2,3,5,NaN
5,0,5,0.6706377302926072
1,4,5,NaN
2,3,5,NaN
2,3,5,0.23609730939414558
3,2,5,0.006330742305371628
4,1,5,NaN
3,2,5,NaN
3,2,5,NaN
3,2,5,NaN
4,1,5,0.017936625825384724
3,2,5,NaN
1,4,5,NaN
3,2,5,0.7736549046044264
1,4,5,NaN
1,4,5,NaN
2,3,5,0.34936774434310386
3,2,5,0.5376043881865737
2,3,5,NaN
4,1,5,0.42431693947455856
2,3,5,NaN
1,4,5,NaN
1,4,5,0.5836556595239325
4,1,5,NaN
1,4,5,NaN
4,1,5,NaN
4,1,5,0.5836556595239325
1,4,5,NaN
1,4,5,0.05338838749999978
2,3,5,0.7736549046044264
1,4,5,0.8179451903239775
1,4,5,0.15407061357868015
3,2,5,NaN
1,4,5,0.13349194201575146
3,2,5,NaN
2,3,5,0.7736549046044264
4,1,5,NaN
2,3,5,NaN
2,3,5,9.718300688927178e-8
1,4,5,NaN
2,3,5,NaN
4,1,5,NaN
2,3,5,0.7896947289429223
4,1,5,0.019400645343705825
4,1,5,NaN
3,2,5,0.13349194201575146
1,4,5,0.4920422445583172
1,4,5,NaN
2,3,5,0.6282574491159135
4,1,5,0.2723000524553572
1,4,5,NaN
5,0,5,NaN
3,2,5,0.34936774434310386
1,4,5,0.3099009652134965
2,3,5,0.034605295647823726
3,2,5,NaN
4,1,5,0.4431893633910816
1,4,5,0.8999851143675383
2,3,5,NaN
3,2,5,0.13080047478657036
1,4,5,0.028932526039839035
3,2,5,0.017936625825384724
1,4,5,0.04806512118719977
2,3,5,NaN
5,0,5,0.8655008786900369
1,4,5,NaN
1,4,5,0.07287517728397767
2,3,5,0.007153323461079722
3,2,5,0.21282166176954917
2,3,5,0.7736549046044264
4,1,5,NaN
3,2,5,0.3870824052449081
2,3,5,0.039687384300341605
1,4,5,NaN
4,1,5,0.742601995273523
2,3,5,NaN
2,3,5,0.2054386262940906
1,4,5,NaN
2,3,5,NaN
2,3,5,NaN
4,1,5,NaN
2,3,5,NaN
2,3,5,NaN
3,2,5,NaN
3,2,5,0.7736549046044264
2,3,5,NaN
1,4,5,NaN
1,4,5,NaN
1,4,5,0.24414089246626694
1,4,5,0.3099009652134965
3,2,5,NaN
3,2,5,0.4431893633910816
1,4,5,NaN
2,3,5,NaN
2,3,5,NaN
2,3,5,NaN
2,3,5,NaN
2,3,5,0.5836556595239325
1,4,5,0.7087129780995387
2,3,5,NaN
2,3,5,0.4920422445583172
1,4,5,NaN
1,4,5,NaN
5,0,5,NaN
2,3,5,NaN
2,3,5,NaN
2,3,5,NaN
2,3,5,NaN
1,4,5,NaN
1,4,5,NaN
1,4,5,0.08491645534150608
1,4,5,NaN
2,3,5,0.6282574491159135
2,3,5,NaN
1,4,5,0.4431893633910816
5,0,5,NaN
1,4,5,0.6282574491159135
1,4,5,NaN
2,3,5,0.030135545827633423
2,3,5,NaN
2,3,5,NaN
1,4,5,0.4431893633910816
3,2,5,NaN
1,4,5,NaN
1,4,5,0.7087129780995387
2,3,5,NaN
1,4,5,0.5376043881865737
2,3,5,0.8453965225401804
4,1,5,NaN
3,2,5,NaN
4,1,5,0.0986538124916049
3,2,5,0.5538065211128422
5,0,5,0.013166985494505864
1,4,5,NaN
1,4,5,0.23609730939414558
3,2,5,NaN
2,3,5,NaN
1,4,5,NaN
2,3,5,NaN
2,3,5,0.8655008786900369
2,3,5,0.6706377302926072
5,0,5,NaN
4,1,5,0.2054386262940906
2,3,5,NaN
1,4,5,0.8686548281869972
1,4,5,0.2054386262940906
5,0,5,NaN
3,2,5,NaN
2,3,5,NaN
4,1,5,0.0213685999999998
2,3,5,NaN
1,4,5,0.9944634889105055
3,2,5,NaN
4,1,5,NaN
2,3,5,NaN
2,3,5,0.011147134228187437
2,3,5,NaN
1,4,5,NaN
2,3,5,0.7087129780995387
1,4,5,NaN
2,3,5,NaN
2,3,5,NaN
3,2,5,0.9507681516607924
2,3,5,NaN
2,3,5,0.015000429110908136
1,4,5,NaN
1,4,5,0.23609730939414558
2,3,5,NaN
3,2,5,0.742601995273523
2,3,5,NaN
3,2,5,0.6366224785045781
3,2,5,0.5376043881865737
1,4,5,NaN
1,4,5,NaN
3,2,5,0.5376043881865737
2,3,5,NaN
1,4,5,0.013166985494505864
3,2,5,NaN
3,2,5,NaN
1,4,5,0.2054386262940906
5,0,5,0.15407061357868015
1,4,5,0.039687384300341605
1,4,5,NaN
2,3,5,0.012884152376383467
3,2,5,NaN
1,4,5,0.21412829079028778
1,4,5,NaN
3,2,5,NaN
1,4,5,NaN
4,1,5,NaN
1,4,5,0.5376043881865737
1,4,5,NaN
1,4,5,0.8014691082975914
2,3,5,NaN
2,3,5,0.8014691082975914
4,1,5,0.8453965225401804
3,2,5,0.013166985494505864
5,0,5,NaN
2,3,5,0.7736549046044264
1,4,5,NaN
1,4,5,NaN
1,4,5,NaN
1,4,5,0.24823310967898166
1,4,5,0.8014691082975914
2,3,5,NaN
3,2,5,NaN
2,3,5,NaN
3,2,5,0.7087129780995387
2,3,5,NaN
5,0,5,0.8234957828997682
1,4,5,0.742601995273523
2,3,5,NaN
1,4,5,NaN
2,3,5,NaN
2,3,5,0.9290197578706562
4,1,5,NaN
3,2,5,0.1150424729161512
3,2,5,0.9290197578706562
1,4,5,NaN
2,3,5,0.7087129780995387
1,4,5,NaN
1,4,5,NaN
2,3,5,NaN
2,3,5,3.186679276275131e-6
1,4,5,0.9405257031659899
4,1,5,0.4920422445583172
2,3,5,NaN
2,3,5,NaN
2,3,5,NaN
1,4,5,NaN
1,4,5,NaN
1,4,5,NaN
3,2,5,0.08491645534150608
1,4,5,NaN
3,2,5,NaN
1,4,5,NaN
1,4,5,NaN
1,4,5,NaN
2,3,5,NaN
3,2,5,NaN
1,4,5,0.13349194201575146
1,4,5,NaN
2,3,5,NaN
1,4,5,NaN
3,2,5,NaN
1,4,5,NaN
3,2,5,NaN
5,0,5,0.15224843783579525
1,4,5,NaN
1,4,5,0.9405257031659899
3,2,5,0.04631332256059672
1,4,5,0.1479390635061706
1,4,5,NaN
2,3,5,NaN
1,4,5,0.34936774434310386
2,3,5,0.0005180965757389616
3,2,5,0.12419113446657558
2,3,5,NaN
1,4,5,0.015310519823788312
1,4,5,0.5836556595239325
1,4,5,NaN
1,4,5,NaN
2,3,5,0.17721222719246632
4,1,5,0.6679026075931288
1,4,5,0.4920422445583172
1,4,5,0.2723000524553572
3,2,5,NaN
1,4,5,NaN
4,1,5,NaN
1,4,5,0.9507681516607924
3,2,5,0.08491645534150608
3,2,5,0.944810504583724
3,2,5,0.7087129780995387
1,4,5,0.0213685999999998
1,4,5,0.019400645343705825
1,4,5,NaN
5,0,5,NaN
2,3,5,NaN
1,4,5,NaN
1,4,5,NaN
2,3,5,NaN
2,3,5,0.4431893633910816
1,4,5,0.2054386262940906
2,3,5,NaN
3,2,5,NaN
1,4,5,NaN
1,4,5,0.1150424729161512
4,1,5,0.23609730939414558
1,4,5,NaN
1,4,5,NaN
4,1,5,0.7087129780995387
1,4,5,0.8999851143675383
3,2,5,NaN
2,3,5,0.8234957828997682
3,2,5,0.04631332256059672
1,4,5,NaN
4,1,5,NaN
1,4,5,NaN
3,2,5,0.4431893633910816
2,3,5,0.8655008786900369
4,1,5,NaN
3,2,5,NaN
2,3,5,0.3099009652134965
2,3,5,0.003043323195901654
4,1,5,NaN
2,3,5,NaN
1,4,5,0.2054386262940906
1,4,5,0.8115563879652623
2,3,5,0.05338838749999978
2,3,5,NaN
3,2,5,0.4431893633910816
2,3,5,NaN
2,3,5,NaN
1,4,5,NaN
2,3,5,NaN
1,4,5,0.5197246975053165
2,3,5,0.017936625825384724
2,3,5,0.049747069284386235
3,2,5,NaN
2,3,5,0.13349194201575146
2,3,5,0.3763766084262685
2,3,5,0.9677549750289749
3,2,5,0.8014691082975914
3,2,5,0.018509483013660483
2,3,5,0.48063534690538645
1,4,5,NaN
5,0,5,NaN
1,4,5,0.3004855620987231
2,3,5,NaN
1,4,5,0.4431893633910816
2,3,5,0.17721222719246632
1,4,5,NaN
3,2,5,0.6282574491159135
1,4,5,NaN
1,4,5,NaN
1,4,5,0.742601995273523
3,2,5,NaN
1,4,5,NaN
2,3,5,0.4920422445583172
3,2,5,0.015310519823788312
2,3,5,NaN
1,4,5,NaN
1,4,5,NaN
1,4,5,NaN
2,3,5,NaN
1,4,5,0.23609730939414558
1,4,5,NaN
1,4,5,0.050044426788438075
3,2,5,NaN
3,2,5,0.0986538124916049
2,3,5,NaN
3,2,5,NaN
2,3,5,NaN
1,4,5,NaN
1,4,5,NaN
1,4,5,0.22267711316740316
2,3,5,0.23609730939414558
2,3,5,NaN
2,3,5,0.2054386262940906
3,2,5,0.742601995273523
2,3,5,0.3922007369832575
1,4,5,0.2723000524553572
3,2,5,0.07287517728397767
4,1,5,NaN
4,1,5,0.13080047478657036
2,3,5,NaN
3,2,5,NaN
2,3,5,0.4920422445583172
1,4,5,0.999521924191444
1,4,5,0.8999851143675383
2,3,5,NaN
3,2,5,NaN
1,4,5,NaN
3,2,5,NaN
3,2,5,0.7087129780995387
4,1,5,NaN
4,1,5,NaN
2,3,5,NaN
1,4,5,0.655889610926832
3,2,5,NaN
3,2,5,0.5376043881865737
1,4,5,NaN
1,4,5,NaN
3,2,5,NaN
2,3,5,0.0013262950675446482
3,2,5,NaN
1,4,5,0.16717948571617508
1,4,5,NaN
3,2,5,0.13349194201575146
3,2,5,0.4917327201034208
1,4,5,NaN
2,3,5,NaN
1,4,5,0.6282574491159135
1,4,5,NaN
2,3,5,NaN
2,3,5,NaN
1,4,5,NaN
1,4,5,0.5836556595239325
1,4,5,0.742601995273523
2,3,5,0.6706377302926072
1,4,5,NaN
1,4,5,NaN
3,2,5,0.5376043881865737
2,3,5,NaN
3,2,5,NaN
1,4,5,NaN
2,3,5,NaN
1,4,5,NaN
3,2,5,0.8014691082975914
2,3,5,0.034605295647823726
2,3,5,NaN
1,4,5,NaN
3,2,5,NaN
2,3,5,NaN
1,4,5,NaN
2,3,5,0.6282574491159135
2,3,5,NaN
2,3,5,NaN
3,2,5,NaN
1,4,5,0.4920422445583172
1,4,5,0.006620184178429516
2,3,5,0.9942087569967986
4,1,5,0.15407061357868015
5,0,5,0.0213685999999998
2,3,5,0.0986538124916049
1,4,5,NaN
1,4,5,NaN
1,4,5,0.5836556595239325
2,3,5,NaN
1,4,5,0.025688675504669942
2,3,5,0.002968079223927906
2,3,5,NaN
2,3,5,0.7736549046044264
2,3,5,0.4112308170293053
3,2,5,0.8453965225401804
1,4,5,NaN
1,4,5,0.3099009652134965
2,3,5,0.5376043881865737
2,3,5,NaN
1,4,5,NaN
2,3,5,NaN
1,4,5,NaN
2,3,5,NaN
2,3,5,0.4431893633910816
2,3,5,0.6282574491159135
1,4,5,NaN
1,4,5,NaN
2,3,5,0.8655008786900369
1,4,5,NaN
1,4,5,0.4920422445583172
1,4,5,NaN
2,3,5,0.1150424729161512
1,4,5,NaN
4,1,5,0.4431893633910816
1,4,5,NaN
1,4,5,NaN
1,4,5,0.002968079223927906
1,4,5,NaN
2,3,5,0.5376043881865737
3,2,5,NaN
2,3,5,NaN
4,1,5,NaN
1,4,5,NaN
1,4,5,0.17721222719246632
4,1,5,NaN
1,4,5,NaN
1,4,5,0.034605295647823726
4,1,5,NaN
2,3,5,0.05338838749999978
1,4,5,NaN
2,3,5,NaN
3,2,5,NaN
1,4,5,NaN
1,4,5,0.3950893865694002
1,4,5,NaN
1,4,5,NaN
4,1,5,0.4431893633910816
3,2,5,NaN
2,3,5,0.9924179942680554
1,4,5,NaN
2,3,5,0.9677549750289749
1,4,5,NaN
1,4,5,NaN
1,4,5,NaN
1,4,5,NaN
2,3,5,0.0053459147286812475
1,4,5,0.3934602908616192
2,3,5,NaN
2,3,5,0.04631332256059672
2,3,5,NaN
1,4,5,0.17721222719246632
2,3,5,NaN
4,1,5,NaN
2,3,5,0.23864089585338757
1,4,5,NaN
2,3,5,NaN
1,4,5,0.7736549046044264
2,3,5,0.0013920703041558028
1,4,5,NaN
1,4,5,0.7736549046044264
4,1,5,1.5128185840867036e-5
3,2,5,NaN
1,4,5,0.015310519823788312
2,3,5,0.997175764531989
1,4,5,0.5836556595239325
1,4,5,NaN
1,4,5,0.9809153258638088
1,4,5,NaN
1,4,5,0.002436710801393347
3,2,5,NaN
2,3,5,NaN
2,3,5,0.034605295647823726
1,4,5,NaN
1,4,5,0.9290197578706562
5,0,5,NaN
1,4,5,NaN
2,3,5,0.17721222719246632
1,4,5,0.7087129780995387
3,2,5,0.06273758667360736
2,3,5,0.3099009652134965
1,4,5,0.2723000524553572
1,4,5,0.06273758667360736
2,3,5,0.8014691082975914
1,4,5,NaN
1,4,5,NaN
1,4,5,NaN
2,3,5,NaN
1,4,5,0.030135545827633423
1,4,5,0.8014691082975914
1,4,5,NaN
1,4,5,0.4431893633910816
1,4,5,NaN
1,4,5,NaN
2,3,5,NaN
1,4,5,NaN
3,2,5,NaN
3,2,5,4.510108067189928e-6
2,3,5,0.5376043881865737
2,3,5,NaN
2,3,5,NaN
2,3,5,NaN
1,4,5,NaN
2,3,5,NaN
1,4,5,NaN
3,2,5,0.5376043881865737
1,4,5,0.1150424729161512
1,4,5,NaN
1,4,5,NaN
2,3,5,0.06273758667360736
2,3,5,NaN
1,4,5,NaN
2,3,5,0.742601995273523
1,4,5,NaN
4,1,5,0.4431893633910816
2,3,5,0.006693358841268148
1,4,5,NaN
2,3,5,0.039687384300341605
1,4,5,0.039687384300341605
2,3,5,NaN
1,4,5,NaN
3,2,5,NaN
1,4,5,0.742601995273523
1,4,5,0.4920422445583172
1,4,5,0.8999851143675383
1,4,5,0.7736549046044264
1,4,5,NaN
1,4,5,NaN
2,3,5,0.5376043881865737
1,4,5,NaN
1,4,5,NaN
1,4,5,0.9835752096229319
1,4,5,NaN
4,1,5,NaN
1,4,5,0.23609730939414558
2,3,5,NaN
1,4,5,NaN
2,3,5,0.5376043881865737
2,3,5,NaN
1,4,5,NaN
2,3,5,NaN
3,2,5,NaN
1,4,5,NaN
1,4,5,NaN
2,3,5,NaN
1,4,5,NaN
2,3,5,NaN
1,4,5,0.742601995273523
1,4,5,0.34936774434310386
2,3,5,0.0213685999999998
1,4,5,NaN
1,4,5,0.12527000727607712
1,4,5,NaN
1,4,5,0.005615619831890152
1,4,5,0.8900440451804107
3,2,5,NaN
1,4,5,NaN
1,4,5,NaN
2,3,5,NaN
1,4,5,NaN
1,4,5,NaN
1,4,5,0.5836556595239325
1,4,5,NaN
4,1,5,0.8234957828997682
1,4,5,0.8999851143675383
1,4,5,NaN
2,3,5,0.34936774434310386
1,4,5,0.34936774434310386
1,4,5,NaN
1,4,5,0.8453965225401804
1,4,5,0.1150424729161512
3,2,5,NaN
2,3,5,NaN
1,4,5,NaN
1,4,5,NaN
2,3,5,0.6706377302926072
2,3,5,NaN
1,4,5,NaN
2,3,5,NaN
1,4,5,NaN
1,4,5,0.2723000524553572
2,3,5,NaN
1,4,5,NaN
1,4,5,NaN
1,4,5,NaN
1,4,5,NaN
2,3,5,0.3950893865694002
1,4,5,NaN
1,4,5,0.06273758667360736
2,3,5,0.0986538124916049
1,4,5,NaN
1,4,5,0.08491645534150608
2,3,5,NaN
1,4,5,NaN
1,4,5,NaN
2,3,5,0.9811705441807508
2,3,5,0.7087129780995387
1,4,5,0.23609730939414558
1,4,5,0.04387592226239394
1,4,5,NaN
1,4,5,NaN
1,4,5,0.4431893633910816
1,4,5,0.07287517728397767
1,4,5,0.2054386262940906
1,4,5,0.6706377302926072
1,4,5,NaN
1,4,5,0.15407061357868015
1,4,5,NaN
1,4,5,NaN
1,4,5,NaN
1,4,5,NaN
1,4,5,NaN
2,3,5,NaN
1,4,5,0.6282574491159135
1,4,5,NaN
1,4,5,NaN
2,3,5,NaN
1,4,5,NaN
1,4,5,NaN
1,4,5,0.23609730939414558
2,3,5,NaN
1,4,5,0.03338753771908314
1,4,5,NaN
1,4,5,0.002436710801393347
1,4,5,0.2054386262940906
1,4,5,NaN
1,4,5,NaN
1,4,5,0.4431893633910816
1,4,5,NaN
1,4,5,0.873199510309821
1,4,5,NaN
2,3,5,0.6706377302926072
2,3,5,NaN
1,4,5,NaN
1,4,5,0.08491645534150608
1,4,5,NaN
1,4,5,0.07287517728397767
1,4,5,0.45664220424793717
2,3,5,0.07287517728397767
1,4,5,0.3099009652134965
1,4,5,NaN
1,4,5,NaN
1,4,5,NaN
1,4,5,0.05338838749999978
1,4,5,0.034605295647823726
1,4,5,NaN
1,4,5,0.8655008786900369
1,4,5,NaN
2,3,5,NaN
1,4,5,NaN
1,4,5,NaN
0,5,5,0.742601995273523
0,5,5,NaN
0,5,5,NaN
0,5,5,0.8999851143675383
0,5,5,0.017936625825384724
0,5,5,NaN
0,5,5,NaN
0,5,5,NaN
0,5,5,NaN
0,5,5,NaN
0,5,5,0.2723000524553572
0,5,5,NaN
0,5,5,NaN
0,5,5,NaN
0,5,5,NaN
0,5,5,NaN
0,5,5,NaN
0,5,5,NaN
0,5,5,NaN
0,5,5,NaN
0,5,5,NaN
0,5,5,NaN
0,5,5,0.1150424729161512
0,5,5,0.4920422445583172
0,5,5,NaN
0,5,5,0.7087129780995387
0,5,5,0.742601995273523
0,5,5,NaN
0,5,5,NaN
0,5,5,0.8453965225401804
0,5,5,0.8234957828997682
0,5,5,NaN
0,5,5,NaN
0,5,5,NaN
0,5,5,NaN
0,5,5,NaN
0,5,5,NaN
0,5,5,0.034605295647823726
0,5,5,NaN
0,5,5,0.23609730939414558
0,5,5,NaN
0,5,5,0.44490770037493343
0,5,5,NaN
0,5,5,NaN
0,5,5,NaN
0,5,5,NaN
0,5,5,0.8999851143675383
0,5,5,0.6706377302926072
0,5,5,NaN
0,5,5,NaN
0,5,5,0.04631332256059672
0,5,5,NaN
0,5,5,0.34936774434310386
0,5,5,0.006465557863484796
0,5,5,0.2723000524553572
0,5,5,NaN
0,5,5,NaN
0,5,5,NaN
0,5,5,NaN
0,5,5,NaN
0,5,5,NaN
0,5,5,NaN
0,5,5,0.742601995273523
0,5,5,0.13349194201575146
0,5,5,NaN
0,5,5,0.05338838749999978
0,5,5,0.5836556595239325
0,5,5,0.8234957828997682
0,5,5,NaN
0,5,5,0.030135545827633423
0,5,5,0.1354395936971047
0,5,5,NaN
0,5,5,NaN
0,5,5,NaN
0,5,5,0.0986538124916049
0,5,5,NaN
0,5,5,0.3099009652134965
0,5,5,0.15407061357868015
0,5,5,NaN
0,5,5,NaN
0,5,5,NaN
0,5,5,0.3099009652134965
0,5,5,NaN
0,5,5,0.9677549750289749
0,5,5,0.5836556595239325
0,5,5,NaN
0,5,5,NaN
0,5,5,NaN
0,5,5,0.23609730939414558
0,5,5,NaN
0,5,5,NaN
0,5,5,NaN
0,5,5,NaN
0,5,5,NaN
0,5,5,NaN
0,5,5,0.9747364638126857
0,5,5,NaN
0,5,5,0.3282760899817998
0,5,5,0.4431893633910816
0,5,5,0.20313769578062937
0,5,5,NaN
0,5,5,0.2723000524553572
0,5,5,0.5017060956183681
0,5,5,NaN
0,5,5,NaN
0,5,5,NaN
0,5,5,NaN
0,5,5,NaN
0,5,5,NaN
0,5,5,NaN
0,5,5,NaN
0,5,5,NaN
0,5,5,0.23609730939414558
0,5,5,NaN
0,5,5,0.07287517728397767
0,5,5,0.0007874930341180279
0,5,5,NaN
0,5,5,NaN
0,5,5,NaN
0,5,5,NaN
0,5,5,NaN
0,5,5,NaN
0,5,5,NaN
0,5,5,NaN
0,5,5,0.742601995273523
0,5,5,0.9152375708831951
0,5,5,NaN
0,5,5,0.8234957828997682
0,5,5,NaN
0,5,5,NaN
0,5,5,0.1150424729161512
0,5,5,NaN
0,5,5,0.0053459147286812475
0,5,5,NaN
0,5,5,NaN
0,5,5,0.7959416030798219
0,5,5,0.8999851143675383
0,5,5,NaN
0,5,5,NaN
0,5,5,NaN
0,5,5,NaN
0,5,5,0.24826787425875024
0,5,5,NaN
0,5,5,NaN
0,5,5,NaN
0,5,5,0.9290197578706562
0,5,5,0.06273758667360736
0,5,5,NaN
0,5,5,0.4920422445583172
0,5,5,0.0986538124916049
0,5,5,NaN
0,5,5,0.4920422445583172
0,5,5,0.3099009652134965
0,5,5,NaN
0,5,5,0.2054386262940906
0,5,5,NaN
0,5,5,NaN
0,5,5,0.2054386262940906
0,5,5,NaN
0,5,5,NaN
0,5,5,0.6818863428312312
0,5,5,NaN
0,5,5,NaN
0,5,5,NaN
0,5,5,0.6706377302926072
0,5,5,NaN
0,5,5,NaN
0,5,5,NaN
0,5,5,NaN
0,5,5,0.04631332256059672
0,5,5,NaN
0,5,5,NaN
0,5,5,NaN
0,5,5,NaN
0,5,5,NaN
0,5,5,0.7759330570137555
0,5,5,NaN
0,5,5,0.6282574491159135
0,5,5,NaN
0,5,5,NaN
0,5,5,NaN
0,5,5,0.7736549046044264
0,5,5,NaN
0,5,5,0.3950893865694002
0,5,5,NaN
0,5,5,0.742601995273523
0,5,5,NaN
0,5,5,NaN
0,5,5,NaN
0,5,5,NaN
0,5,5,NaN
0,5,5,NaN
0,5,5,NaN
0,5,5,NaN
0,5,5,NaN
0,5,5,0.3099009652134965
0,5,5,NaN
0,5,5,NaN
0,5,5,0.06273758667360736
0,5,5,NaN
0,5,5,0.9405257031659899
0,5,5,0.27916581426751547
0,5,5,0.6298207354717547
0,5,5,NaN
0,5,5,0.23609730939414558
0,5,5,NaN
0,5,5,0.3166723034683177
0,5,5,0.6282574491159135
0,5,5,0.06273758667360736
0,5,5,NaN
0,5,5,0.7736549046044264
0,5,5,NaN
0,5,5,0.23609730939414558
0,5,5,NaN
0,5,5,0.9507681516607924
0,5,5,NaN
0,5,5,NaN
0,5,5,NaN
0,5,5,NaN
0,5,5,0.5836556595239325
0,5,5,NaN
0,5,5,NaN
0,5,5,NaN
0,5,5,NaN
0,5,5,0.5836556595239325
0,5,5,NaN
0,5,5,0.655889610926832
0,5,5,NaN
0,5,5,NaN
0,5,5,NaN
0,5,5,NaN
0,5,5,NaN
0,5,5,NaN
0,5,5,0.8827667358654245
0,5,5,NaN
0,5,5,NaN
0,5,5,NaN
0,5,5,NaN
0,5,5,NaN
0,5,5,NaN
0,5,5,0.8453965225401804
0,5,5,NaN
0,5,5,0.34936774434310386
0,5,5,0.8999851143675383
0,5,5,0.06273758667360736
0,5,5,NaN
0,5,5,0.8453965225401804
0,5,5,NaN
0,5,5,0.41780231774449883
0,5,5,0.007659580536912271
0,5,5,NaN
0,5,5,0.2723000524553572
0,5,5,NaN
0,5,5,0.5557298079636582
0,5,5,NaN
0,5,5,NaN
0,5,5,NaN
0,5,5,0.0986538124916049
0,5,5,NaN
0,5,5,NaN
0,5,5,0.6282574491159135
0,5,5,NaN
0,5,5,NaN
0,5,5,0.17721222719246632
0,5,5,NaN
0,5,5,0.07774391557779846
0,5,5,NaN
0,5,5,0.8902735032658313
0,5,5,NaN
0,5,5,0.2723000524553572
0,5,5,NaN
0,5,5,0.3099009652134965
0,5,5,0.0213685999999998
0,5,5,NaN
0,5,5,NaN
0,5,5,NaN
0,5,5,NaN
0,5,5,NaN
0,5,5,0.013166985494505864
0,5,5,NaN
0,5,5,NaN
0,5,5,NaN
0,5,5,0.3950893865694002
0,5,5,0.025688675504669942
0,5,5,0.7147068969595857
0,5,5,0.9405257031659899
0,5,5,NaN
0,5,5,NaN
0,5,5,NaN
0,5,5,0.04631332256059672
0,5,5,NaN
0,5,5,NaN
0,5,5,NaN
0,5,5,NaN
0,5,5,NaN
0,5,5,NaN
0,5,5,0.6706377302926072
0,5,5,NaN
0,5,5,0.1150424729161512
0,5,5,0.04631332256059672
0,5,5,0.017936625825384724
0,5,5,NaN
0,5,5,0.08491645534150608
0,5,5,1.2902872630342077e-5
0,5,5,NaN
0,5,5,NaN
0,5,5,NaN
0,5,5,0.10818190367814452
0,5,5,NaN
0,5,5,0.2054386262940906
0,5,5,NaN
0,5,5,NaN
0,5,5,0.9364514519458984
0,5,5,NaN
0,5,5,NaN
0,5,5,0.0986538124916049
0,5,5,NaN
0,5,5,NaN
0,5,5,NaN
0,5,5,0.8445596725400587
0,5,5,NaN
0,5,5,0.6706377302926072
0,5,5,NaN
0,5,5,0.742601995273523
0,5,5,0.530772179037377
0,5,5,NaN
0,5,5,0.742601995273523
0,5,5,0.17721222719246632
0,5,5,0.9677549750289749
0,5,5,NaN
0,5,5,0.5836556595239325
0,5,5,0.5376043881865737
0,5,5,0.8453965225401804
0,5,5,0.34936774434310386
0,5,5,NaN
0,5,5,NaN
0,5,5,0.039687384300341605
0,5,5,0.04631332256059672
0,5,5,NaN
0,5,5,NaN
0,5,5,NaN
0,5,5,0.6706377302926072
0,5,5,NaN
0,5,5,0.1150424729161512
0,5,5,NaN
0,5,5,NaN
0,5,5,NaN
0,5,5,NaN
0,5,5,NaN
0,5,5,NaN
0,5,5,NaN
0,5,5,NaN
0,5,5,NaN
0,5,5,0.009723996680375107
0,5,5,NaN
0,5,5,NaN
0,5,5,NaN
0,5,5,NaN
0,5,5,0.1150424729161512
0,5,5,NaN
0,5,5,0.021383736879028545
0,5,5,NaN
0,5,5,NaN
0,5,5,NaN
0,5,5,0.0986538124916049
0,5,5,NaN
0,5,5,0.3099009652134965
0,5,5,NaN
0,5,5,0.3950893865694002
0,5,5,0.04631332256059672
0,5,5,0.8014691082975914
0,5,5,NaN
0,5,5,NaN
0,5,5,NaN
0,5,5,0.025688675504669942
0,5,5,NaN
0,5,5,NaN
0,5,5,NaN
0,5,5,0.15407061357868015
0,5,5,NaN
0,5,5,NaN
0,5,5,0.07287517728397767
0,5,5,NaN
0,5,5,0.15407061357868015
0,5,5,NaN
0,5,5,NaN
0,5,5,NaN
0,5,5,NaN
0,5,5,NaN
0,5,5,NaN
0,5,5,NaN
0,5,5,NaN
0,5,5,NaN
0,5,5,NaN
0,5,5,NaN
0,5,5,0.055667024741622606
0,5,5,0.015310519823788312
0,5,5,NaN
0,5,5,NaN
0,5,5,NaN
0,5,5,0.5836556595239325
0,5,5,NaN
0,5,5,0.48063534690538645
1,3,4,0.6211516538005528
1,3,4,NaN
4,0,4,0.6282574491159135
4,0,4,NaN
4,0,4,NaN
4,0,4,NaN
3,1,4,0.5376043881865737
3,1,4,NaN
2,2,4,NaN
3,1,4,NaN
4,0,4,NaN
4,0,4,NaN
3,1,4,0.1150424729161512
3,1,4,0.2627536423933134
3,1,4,NaN
4,0,4,0.0213685999999998
1,3,4,NaN
1,3,4,NaN
3,1,4,NaN
1,3,4,NaN
3,1,4,0.08491645534150608
4,0,4,0.8686548281869972
4,0,4,0.8014691082975914
1,3,4,NaN
3,1,4,NaN
2,2,4,NaN
4,0,4,NaN
1,3,4,NaN
3,1,4,0.4431893633910816
4,0,4,0.8827667358654245
1,3,4,0.3693272499186449
1,3,4,0.08841462213686556
2,2,4,NaN
3,1,4,0.2054386262940906
4,0,4,NaN
3,1,4,0.17721222719246632
3,1,4,NaN
1,3,4,0.025688675504669942
2,2,4,NaN
3,1,4,0.025117607693671024
1,3,4,0.05338838749999978
1,3,4,0.34936774434310386
2,2,4,0.7736549046044264
4,0,4,NaN
4,0,4,0.9405257031659899
1,3,4,0.5836556595239325
3,1,4,NaN
3,1,4,NaN
3,1,4,NaN
4,0,4,0.5836556595239325
4,0,4,NaN
3,1,4,NaN
4,0,4,0.9854887762528594
2,2,4,0.6891237157104624
4,0,4,0.001171665896857988
4,0,4,0.9942087569967986
4,0,4,0.8999851143675383
3,1,4,NaN
3,1,4,0.0003598985113732618
2,2,4,NaN
2,2,4,NaN
3,1,4,NaN
1,3,4,NaN
3,1,4,NaN
4,0,4,0.07287517728397767
2,2,4,0.6282574491159135
3,1,4,NaN
3,1,4,0.23609730939414558
4,0,4,0.8014691082975914
3,1,4,0.07287517728397767
4,0,4,0.2054386262940906
1,3,4,NaN
3,1,4,0.7441304324914768
4,0,4,0.2723000524553572
2,2,4,0.5836556595239325
4,0,4,NaN
4,0,4,NaN
1,3,4,NaN
2,2,4,NaN
4,0,4,0.11598883991242408
1,3,4,NaN
2,2,4,0.05712199414149845
2,2,4,0.0041439749826600175
2,2,4,NaN
2,2,4,NaN
3,1,4,NaN
2,2,4,NaN
1,3,4,NaN
1,3,4,0.23609730939414558
4,0,4,NaN
2,2,4,NaN
3,1,4,NaN
1,3,4,0.08491645534150608
3,1,4,NaN
3,1,4,0.1150424729161512
3,1,4,NaN
4,0,4,0.2279464383109441
2,2,4,NaN
1,3,4,0.9942087569967986
4,0,4,NaN
1,3,4,NaN
4,0,4,0.4920422445583172
1,3,4,0.742601995273523
4,0,4,NaN
3,1,4,0.8014691082975914
2,2,4,0.3099009652134965
3,1,4,NaN
2,2,4,NaN
1,3,4,NaN
1,3,4,0.04631332256059672
1,3,4,NaN
3,1,4,NaN
3,1,4,0.8827667358654245
2,2,4,NaN
2,2,4,NaN
3,1,4,NaN
2,2,4,0.13349194201575146
3,1,4,NaN
3,1,4,NaN
4,0,4,NaN
1,3,4,NaN
2,2,4,0.8827667358654245
2,2,4,NaN
3,1,4,0.0986538124916049
3,1,4,NaN
2,2,4,NaN
3,1,4,NaN
2,2,4,NaN
4,0,4,NaN
3,1,4,0.039687384300341605
4,0,4,0.3099009652134965
1,3,4,NaN
2,2,4,NaN
2,2,4,NaN
1,3,4,0.7764179455114932
4,0,4,0.1150424729161512
4,0,4,NaN
1,3,4,0.6706377302926072
1,3,4,0.4765917219679087
3,1,4,NaN
3,1,4,0.15407061357868015
4,0,4,NaN
4,0,4,NaN
2,2,4,0.34936774434310386
2,2,4,NaN
4,0,4,NaN
4,0,4,0.07671908198302471
4,0,4,0.011147134228187437
2,2,4,0.3906334678388038
2,2,4,NaN
2,2,4,0.16368495065781133
4,0,4,NaN
4,0,4,NaN
2,2,4,NaN
1,3,4,0.8234957828997682
1,3,4,NaN
3,1,4,NaN
4,0,4,0.742601995273523
3,1,4,0.15407061357868015
2,2,4,0.5836556595239325
3,1,4,NaN
2,2,4,0.06273758667360736
3,1,4,NaN
4,0,4,NaN
2,2,4,0.9822230430907956
1,3,4,NaN
4,0,4,0.17721222719246632
4,0,4,NaN
3,1,4,NaN
1,3,4,0.34936774434310386
4,0,4,0.030135545827633423
3,1,4,NaN
2,2,4,NaN
3,1,4,0.039687384300341605
3,1,4,NaN
3,1,4,0.0005180965757389616
1,3,4,NaN
4,0,4,0.7087129780995387
1,3,4,NaN
1,3,4,0.4920422445583172
2,2,4,0.13349194201575146
4,0,4,0.15407061357868015
3,1,4,0.9152375708831951
4,0,4,NaN
3,1,4,NaN
3,1,4,NaN
2,2,4,NaN
4,0,4,NaN
4,0,4,0.8014691082975914
1,3,4,NaN
3,1,4,NaN
1,3,4,NaN
4,0,4,0.4920422445583172
3,1,4,0.6282574491159135
4,0,4,NaN
3,1,4,0.2723000524553572
2,2,4,NaN
4,0,4,NaN
4,0,4,NaN
1,3,4,0.1150424729161512
1,3,4,0.13349194201575146
1,3,4,0.03968740070295911
2,2,4,0.23609730939414558
3,1,4,NaN
3,1,4,0.9405257031659899
4,0,4,NaN
2,2,4,0.9747364638126857
1,3,4,0.0018533644165984666
3,1,4,0.26173325294873806
4,0,4,NaN
4,0,4,NaN
2,2,4,0.06116174826490612
1,3,4,0.058571502886535225
2,2,4,NaN
3,1,4,NaN
4,0,4,0.13349194201575146
3,1,4,NaN
4,0,4,NaN
4,0,4,NaN
3,1,4,0.13349194201575146
2,2,4,0.8014691082975914
3,1,4,NaN
4,0,4,0.8999851143675383
3,1,4,NaN
1,3,4,0.4634707594196666
4,0,4,NaN
2,2,4,NaN
3,1,4,0.9152375708831951
4,0,4,NaN
3,1,4,NaN
4,0,4,NaN
4,0,4,NaN
2,2,4,0.9152375708831951
4,0,4,NaN
1,3,4,NaN
2,2,4,NaN
4,0,4,NaN
3,1,4,0.1150424729161512
2,2,4,NaN
3,1,4,NaN
1,3,4,NaN
1,3,4,0.08540211226586918
4,0,4,NaN
2,2,4,NaN
2,2,4,NaN
4,0,4,NaN
2,2,4,NaN
1,3,4,0.6282574491159135
4,0,4,NaN
2,2,4,NaN
1,3,4,NaN
3,1,4,0.4431893633910816
3,1,4,NaN
2,2,4,NaN
4,0,4,NaN
2,2,4,NaN
3,1,4,0.6282574491159135
2,2,4,NaN
2,2,4,NaN
3,1,4,0.8999851143675383
3,1,4,0.5836556595239325
3,1,4,NaN
2,2,4,0.867707255406096
1,3,4,0.5376043881865737
4,0,4,NaN
2,2,4,NaN
1,3,4,NaN
2,2,4,NaN
1,3,4,NaN
1,3,4,0.13349194201575146
3,1,4,NaN
3,1,4,NaN
1,3,4,NaN
3,1,4,NaN
2,2,4,NaN
2,2,4,NaN
1,3,4,0.6706377302926072
4,0,4,NaN
2,2,4,NaN
2,2,4,NaN
2,2,4,NaN
2,2,4,1.567476336188453e-7
4,0,4,0.0986538124916049
3,1,4,NaN
2,2,4,NaN
1,3,4,0.5176619422924003
4,0,4,NaN
4,0,4,NaN
3,1,4,0.8686548281869972
4,0,4,NaN
2,2,4,0.7087129780995387
2,2,4,0.9854887762528594
3,1,4,NaN
3,1,4,NaN
4,0,4,0.34936774434310386
2,2,4,NaN
1,3,4,0.5836556595239325
4,0,4,0.8014691082975914
3,1,4,NaN
3,1,4,NaN
2,2,4,NaN
3,1,4,NaN
4,0,4,NaN
4,0,4,0.006330742305371628
3,1,4,0.742601995273523
1,3,4,NaN
3,1,4,0.8827667358654245
3,1,4,NaN
3,1,4,NaN
4,0,4,NaN
3,1,4,0.34936774434310386
1,3,4,0.4431893633910816
2,2,4,0.5376043881865737
3,1,4,NaN
3,1,4,NaN
2,2,4,0.15407061357868015
2,2,4,NaN
3,1,4,NaN
4,0,4,NaN
3,1,4,NaN
2,2,4,NaN
2,2,4,NaN
2,2,4,NaN
2,2,4,NaN
1,3,4,0.7087129780995387
2,2,4,0.33944453025642474
4,0,4,NaN
3,1,4,0.23609730939414558
3,1,4,NaN
4,0,4,0.013166985494505864
3,1,4,0.5836556595239325
4,0,4,NaN
1,3,4,NaN
1,3,4,NaN
4,0,4,0.7269436141253399
1,3,4,NaN
2,2,4,0.8014691082975914
1,3,4,NaN
1,3,4,0.47853506953925956
3,1,4,0.07287517728397767
4,0,4,0.9152375708831951
2,2,4,NaN
1,3,4,NaN
4,0,4,NaN
3,1,4,0.17721222719246632
3,1,4,NaN
3,1,4,0.5836556595239325
3,1,4,NaN
4,0,4,NaN
2,2,4,NaN
2,2,4,0.6706377302926072
3,1,4,NaN
2,2,4,NaN
2,2,4,NaN
2,2,4,0.8655008786900369
3,1,4,NaN
2,2,4,NaN
1,3,4,NaN
4,0,4,NaN
4,0,4,NaN
3,1,4,0.15407061357868015
2,2,4,0.011147134228187437
1,3,4,NaN
1,3,4,0.011147134228187437
3,1,4,NaN
4,0,4,0.8659916222049314
3,1,4,0.02665102323084372
2,2,4,NaN
2,2,4,NaN
2,2,4,NaN
3,1,4,NaN
4,0,4,0.29270212485790625
2,2,4,0.13349194201575146
4,0,4,0.9677549750289749
3,1,4,0.039687384300341605
2,2,4,0.9944634889105055
2,2,4,NaN
1,3,4,NaN
2,2,4,NaN
2,2,4,0.5836556595239325
3,1,4,0.8037997644224935
2,2,4,NaN
3,1,4,0.7955528587515832
2,2,4,0.06273758667360736
4,0,4,0.742601995273523
2,2,4,NaN
4,0,4,0.8655008786900369
4,0,4,NaN
2,2,4,NaN
4,0,4,0.2054386262940906
1,3,4,0.3950893865694002
4,0,4,NaN
4,0,4,NaN
4,0,4,0.013166985494505864
3,1,4,NaN
3,1,4,NaN
1,3,4,0.3950893865694002
1,3,4,0.6706377302926072
1,3,4,NaN
3,1,4,0.034605295647823726
4,0,4,NaN
1,3,4,NaN
3,1,4,0.6587315064720779
2,2,4,0.5836556595239325
4,0,4,NaN
1,3,4,0.23609730939414558
2,2,4,0.23609730939414558
4,0,4,NaN
4,0,4,0.5836556595239325
3,1,4,NaN
1,3,4,NaN
4,0,4,0.8453965225401804
3,1,4,0.5553026687594708
2,2,4,0.1516057259257691
1,3,4,NaN
2,2,4,NaN
3,1,4,NaN
4,0,4,0.27529066494852233
1,3,4,NaN
4,0,4,NaN
2,2,4,0.0006000308880314882
4,0,4,0.8453965225401804
1,3,4,0.8453965225401804
1,3,4,NaN
2,2,4,NaN
3,1,4,0.9677549750289749
4,0,4,NaN
2,2,4,0.6706377302926072
2,2,4,0.13349194201575146
1,3,4,0.8014691082975914
4,0,4,NaN
4,0,4,NaN
2,2,4,0.8827667358654245
1,3,4,NaN
3,1,4,NaN
4,0,4,NaN
2,2,4,NaN
3,1,4,NaN
2,2,4,NaN
4,0,4,0.7736549046044264
2,2,4,NaN
2,2,4,NaN
1,3,4,0.4037283789143906
1,3,4,NaN
3,1,4,NaN
4,0,4,0.9438155178429323
2,2,4,NaN
1,3,4,NaN
3,1,4,NaN
2,2,4,0.742601995273523
3,1,4,NaN
2,2,4,NaN
1,3,4,0.04415758002131036
3,1,4,NaN
4,0,4,NaN
2,2,4,NaN
2,2,4,NaN
3,1,4,0.5197246975053165
3,1,4,0.46792324767031274
4,0,4,0.3099009652134965
3,1,4,NaN
3,1,4,0.3950893865694002
3,1,4,0.4360980289434084
4,0,4,0.16388873097538978
3,1,4,0.7736549046044264
2,2,4,0.039687384300341605
2,2,4,NaN
3,1,4,NaN
3,1,4,0.002436710801393347
2,2,4,NaN
2,2,4,NaN
1,3,4,NaN
1,3,4,0.8659916222049314
3,1,4,NaN
4,0,4,NaN
3,1,4,0.17721222719246632
2,2,4,0.3693272499186449
3,1,4,NaN
1,3,4,NaN
4,0,4,NaN
3,1,4,0.04631332256059672
4,0,4,NaN
3,1,4,0.2723000524553572
4,0,4,NaN
1,3,4,NaN
1,3,4,NaN
3,1,4,NaN
3,1,4,NaN
2,2,4,NaN
2,2,4,0.02653639027386459
3,1,4,NaN
3,1,4,NaN
2,2,4,NaN
2,2,4,NaN
2,2,4,0.24385773939393943
3,1,4,NaN
3,1,4,NaN
4,0,4,NaN
3,1,4,NaN
3,1,4,NaN
1,3,4,0.7959743493225058
1,3,4,NaN
2,2,4,NaN
3,1,4,NaN
3,1,4,NaN
3,1,4,NaN
2,2,4,NaN
1,3,4,NaN
4,0,4,0.040024292554017855
1,3,4,0.34936774434310386
2,2,4,0.050044426788438075
3,1,4,NaN
1,3,4,0.00389102925731458
4,0,4,NaN
4,0,4,NaN
2,2,4,NaN
2,2,4,NaN
2,2,4,0.9290197578706562
3,1,4,NaN
4,0,4,0.17721222719246632
1,3,4,NaN
3,1,4,0.8014691082975914
2,2,4,NaN
2,2,4,NaN
4,0,4,NaN
3,1,4,0.4431893633910816
4,0,4,NaN
1,3,4,NaN
4,0,4,NaN
2,2,4,0.3950893865694002
3,1,4,NaN
1,3,4,NaN
3,1,4,0.018587598490717686
1,3,4,0.742601995273523
2,2,4,NaN
1,3,4,NaN
2,2,4,0.030135545827633423
3,1,4,NaN
4,0,4,NaN
1,3,4,0.7087129780995387
3,1,4,NaN
3,1,4,NaN
3,1,4,NaN
1,3,4,NaN
3,1,4,0.980603575534626
1,3,4,NaN
2,2,4,0.08181804609074772
1,3,4,0.1150424729161512
2,2,4,NaN
2,2,4,0.742601995273523
2,2,4,NaN
4,0,4,NaN
2,2,4,0.0053459147286812475
3,1,4,NaN
2,2,4,NaN
3,1,4,NaN
3,1,4,NaN
4,0,4,NaN
2,2,4,0.0986538124916049
1,3,4,NaN
1,3,4,0.9002686848533602
3,1,4,NaN
4,0,4,NaN
2,2,4,NaN
2,2,4,NaN
4,0,4,NaN
1,3,4,NaN
2,2,4,0.9290197578706562
4,0,4,0.23609730939414558
2,2,4,0.10469509452544837
2,2,4,NaN
2,2,4,NaN
4,0,4,NaN
1,3,4,0.3099009652134965
2,2,4,0.9809153258638088
3,1,4,NaN
4,0,4,NaN
4,0,4,0.08491645534150608
2,2,4,0.07287517728397767
4,0,4,NaN
3,1,4,0.34936774434310386
3,1,4,0.7736549046044264
2,2,4,NaN
3,1,4,NaN
4,0,4,NaN
2,2,4,NaN
3,1,4,0.23609730939414558
4,0,4,NaN
3,1,4,NaN
2,2,4,NaN
2,2,4,NaN
2,2,4,NaN
3,1,4,NaN
3,1,4,0.00788559455664517
3,1,4,0.1150424729161512
2,2,4,0.2723000524553572
3,1,4,NaN
2,2,4,NaN
1,3,4,0.08491645534150608
4,0,4,NaN
3,1,4,NaN
2,2,4,NaN
2,2,4,0.015310519823788312
4,0,4,NaN
1,3,4,0.3950893865694002
1,3,4,NaN
3,1,4,NaN
1,3,4,0.08491645534150608
1,3,4,0.23609730939414558
4,0,4,NaN
2,2,4,0.34936774434310386
2,2,4,NaN
2,2,4,0.4431893633910816
4,0,4,NaN
3,1,4,NaN
1,3,4,0.17721222719246632
1,3,4,NaN
4,0,4,NaN
2,2,4,NaN
4,0,4,0.7087129780995387
2,2,4,0.12014055085574538
4,0,4,NaN
3,1,4,NaN
2,2,4,0.002450610612918717
3,1,4,0.3099009652134965
2,2,4,NaN
2,2,4,NaN
2,2,4,NaN
4,0,4,NaN
3,1,4,0.05338838749999978
2,2,4,0.03972155700667248
3,1,4,NaN
3,1,4,NaN
2,2,4,NaN
3,1,4,0.742601995273523
2,2,4,0.9405257031659899
4,0,4,NaN
4,0,4,0.8014691082975914
1,3,4,NaN
3,1,4,0.1150424729161512
2,2,4,0.4440812444238649
2,2,4,0.17721222719246632
2,2,4,NaN
4,0,4,NaN
1,3,4,NaN
4,0,4,NaN
4,0,4,NaN
2,2,4,NaN
3,1,4,0.4431893633910816
2,2,4,0.13349194201575146
1,3,4,0.413069875026209
2,2,4,NaN
4,0,4,NaN
1,3,4,NaN
3,1,4,0.7736549046044264
2,2,4,NaN
1,3,4,NaN
2,2,4,0.059256444232519814
1,3,4,NaN
1,3,4,0.742601995273523
4,0,4,NaN
1,3,4,NaN
2,2,4,NaN
4,0,4,NaN
2,2,4,0.015310519823788312
1,3,4,NaN
1,3,4,NaN
4,0,4,NaN
2,2,4,NaN
2,2,4,NaN
3,1,4,NaN
4,0,4,NaN
2,2,4,0.05338838749999978
1,3,4,0.3099009652134965
2,2,4,NaN
3,1,4,0.6706377302926072
3,1,4,NaN
3,1,4,NaN
1,3,4,NaN
4,0,4,NaN
4,0,4,0.1150424729161512
4,0,4,NaN
2,2,4,0.8014691082975914
1,3,4,NaN
2,2,4,0.5836556595239325
1,3,4,0.17721222719246632
2,2,4,NaN
4,0,4,NaN
3,1,4,0.23609730939414558
3,1,4,NaN
2,2,4,NaN
3,1,4,NaN
2,2,4,0.039687384300341605
2,2,4,NaN
4,0,4,NaN
3,1,4,0.013166985494505864
1,3,4,NaN
1,3,4,NaN
2,2,4,0.742601995273523
4,0,4,NaN
1,3,4,0.4920422445583172
2,2,4,0.6706377302926072
2,2,4,NaN
4,0,4,0.2723000524553572
4,0,4,NaN
4,0,4,NaN
4,0,4,NaN
4,0,4,NaN
2,2,4,0.6706377302926072
4,0,4,0.413069875026209
4,0,4,0.8234957828997682
2,2,4,0.45701725506744517
1,3,4,NaN
3,1,4,NaN
4,0,4,NaN
1,3,4,0.5376043881865737
2,2,4,0.039687384300341605
2,2,4,0.8999851143675383
2,2,4,NaN
1,3,4,0.8655008786900369
4,0,4,0.3950893865694002
4,0,4,0.4431893633910816
2,2,4,0.06273758667360736
2,2,4,NaN
3,1,4,0.4431893633910816
1,3,4,NaN
3,1,4,NaN
2,2,4,NaN
3,1,4,NaN
2,2,4,NaN
1,3,4,0.1150424729161512
3,1,4,0.030135545827633423
4,0,4,0.1606103742552784
1,3,4,NaN
4,0,4,NaN
1,3,4,NaN
3,1,4,NaN
2,2,4,NaN
2,2,4,NaN
2,2,4,0.34936774434310386
3,1,4,NaN
3,1,4,NaN
3,1,4,0.8453965225401804
2,2,4,NaN
4,0,4,NaN
3,1,4,NaN
3,1,4,0.9854887762528594
2,2,4,NaN
2,2,4,0.9152375708831951
1,3,4,NaN
2,2,4,NaN
2,2,4,NaN
2,2,4,NaN
4,0,4,NaN
4,0,4,NaN
3,1,4,NaN
3,1,4,NaN
3,1,4,NaN
2,2,4,NaN
4,0,4,0.8827667358654245
3,1,4,0.030135545827633423
3,1,4,NaN
2,2,4,0.3906334678388038
1,3,4,0.025688675504669942
2,2,4,NaN
2,2,4,NaN
2,2,4,NaN
4,0,4,NaN
4,0,4,0.4431893633910816
3,1,4,NaN
3,1,4,NaN
4,0,4,NaN
1,3,4,0.6282574491159135
2,2,4,NaN
3,1,4,NaN
2,2,4,0.01076660385743454
3,1,4,NaN
3,1,4,NaN
2,2,4,0.039687384300341605
4,0,4,0.6706377302926072
1,3,4,NaN
3,1,4,0.7087129780995387
1,3,4,0.015310519823788312
3,1,4,NaN
2,2,4,0.8234957828997682
2,2,4,0.3950893865694002
1,3,4,NaN
1,3,4,NaN
2,2,4,NaN
4,0,4,0.4920422445583172
3,1,4,0.2342245727180809
3,1,4,NaN
2,2,4,NaN
1,3,4,NaN
2,2,4,0.9152375708831951
4,0,4,NaN
2,2,4,0.15407061357868015
1,3,4,NaN
1,3,4,NaN
2,2,4,NaN
1,3,4,0.3950893865694002
2,2,4,0.5658360447134629
2,2,4,0.4920422445583172
4,0,4,NaN
4,0,4,NaN
4,0,4,0.34936774434310386
3,1,4,NaN
4,0,4,NaN
2,2,4,NaN
3,1,4,0.4431893633910816
2,2,4,NaN
2,2,4,NaN
1,3,4,0.3099009652134965
2,2,4,NaN
3,1,4,NaN
4,0,4,NaN
1,3,4,NaN
1,3,4,0.8637492204619931
4,0,4,NaN
3,1,4,NaN
2,2,4,0.34936774434310386
2,2,4,NaN
1,3,4,NaN
2,2,4,NaN
3,1,4,NaN
2,2,4,NaN
4,0,4,NaN
4,0,4,NaN
3,1,4,0.15407061357868015
1,3,4,0.05338838749999978
2,2,4,0.6010184351156217
3,1,4,NaN
2,2,4,NaN
2,2,4,0.6728478147248717
3,1,4,NaN
2,2,4,NaN
3,1,4,0.8453965225401804
3,1,4,NaN
4,0,4,NaN
3,1,4,NaN
3,1,4,NaN
3,1,4,0.15407061357868015
3,1,4,NaN
1,3,4,0.46766454057434315
3,1,4,0.14068522673457515
4,0,4,NaN
2,2,4,NaN
4,0,4,NaN
1,3,4,0.0986538124916049
3,1,4,NaN
3,1,4,NaN
3,1,4,NaN
3,1,4,0.8234957828997682
1,3,4,0.3099009652134965
3,1,4,NaN
3,1,4,0.23609730939414558
1,3,4,0.04631332256059672
4,0,4,NaN
2,2,4,NaN
2,2,4,0.900175801502281
2,2,4,NaN
3,1,4,0.742601995273523
3,1,4,NaN
4,0,4,NaN
4,0,4,NaN
4,0,4,0.3099009652134965
4,0,4,0.034605295647823726
2,2,4,NaN
2,2,4,NaN
4,0,4,0.23609730939414558
3,1,4,NaN
2,2,4,NaN
4,0,4,NaN
3,1,4,0.000259461139520837
1,3,4,NaN
3,1,4,0.3099009652134965
2,2,4,NaN
4,0,4,0.07287517728397767
3,1,4,NaN
1,3,4,NaN
3,1,4,0.5945285956290872
2,2,4,0.8014691082975914
4,0,4,NaN
4,0,4,NaN
1,3,4,0.0986538124916049
3,1,4,NaN
1,3,4,NaN
3,1,4,NaN
1,3,4,0.8234957828997682
3,1,4,NaN
3,1,4,0.8453965225401804
4,0,4,0.4431893633910816
3,1,4,NaN
2,2,4,NaN
4,0,4,NaN
1,3,4,0.7736549046044264
3,1,4,NaN
1,3,4,0.9595716171691284
2,2,4,NaN
4,0,4,0.012864584733972605
3,1,4,0.6238107563587086
2,2,4,NaN
2,2,4,NaN
3,1,4,0.2723000524553572
3,1,4,NaN
2,2,4,NaN
3,1,4,NaN
2,2,4,NaN
2,2,4,0.15407061357868015
2,2,4,NaN
2,2,4,0.03832686079717039
2,2,4,0.06273758667360736
2,2,4,NaN
2,2,4,0.4920422445583172
2,2,4,NaN
2,2,4,NaN
4,0,4,0.05338838749999978
4,0,4,NaN
4,0,4,NaN
3,1,4,0.0018627529254543454
3,1,4,NaN
3,1,4,0.1150424729161512
4,0,4,0.8234957828997682
2,2,4,0.030135545827633423
4,0,4,NaN
1,3,4,0.15330501801743973
4,0,4,NaN
3,1,4,0.015310519823788312
1,3,4,NaN
3,1,4,NaN
4,0,4,0.7087129780995387
1,3,4,0.5836556595239325
2,2,4,NaN
3,1,4,NaN
4,0,4,NaN
2,2,4,0.1150424729161512
3,1,4,NaN
2,2,4,NaN
2,2,4,NaN
1,3,4,NaN
2,2,4,0.7736549046044264
3,1,4,0.7087129780995387
3,1,4,0.0053459147286812475
2,2,4,NaN
3,1,4,0.17721222719246632
1,3,4,0.4917327201034208
2,2,4,NaN
1,3,4,0.41414018890909854
1,3,4,NaN
4,0,4,0.9152375708831951
3,1,4,NaN
2,2,4,NaN
1,3,4,0.6282574491159135
2,2,4,0.9954060359153207
3,1,4,0.6657383368840927
3,1,4,0.8234957828997682
3,1,4,NaN
1,3,4,0.3099009652134965
3,1,4,NaN
3,1,4,0.3950893865694002
3,1,4,0.4125115060701261
3,1,4,0.04631332256059672
4,0,4,NaN
4,0,4,NaN
3,1,4,NaN
1,3,4,NaN
3,1,4,0.7266730557166224
3,1,4,0.5942912074679819
2,2,4,0.9290197578706562
4,0,4,0.653604453104117
3,1,4,0.3950893865694002
3,1,4,0.1150424729161512
3,1,4,0.7087129780995387
3,1,4,NaN
1,3,4,NaN
4,0,4,NaN
2,2,4,NaN
2,2,4,NaN
3,1,4,NaN
3,1,4,0.10384804200159865
4,0,4,NaN
2,2,4,NaN
2,2,4,0.8827667358654245
2,2,4,0.5836556595239325
2,2,4,NaN
2,2,4,NaN
1,3,4,0.4920422445583172
2,2,4,NaN
3,1,4,NaN
4,0,4,0.4431893633910816
4,0,4,NaN
4,0,4,NaN
4,0,4,NaN
3,1,4,NaN
2,2,4,NaN
4,0,4,NaN
4,0,4,0.742601995273523
2,2,4,NaN
4,0,4,NaN
3,1,4,NaN
1,3,4,NaN
4,0,4,0.23609730939414558
3,1,4,NaN
3,1,4,0.05338838749999978
1,3,4,NaN
3,1,4,NaN
2,2,4,0.3870824052449081
3,1,4,0.0006000308880314882
3,1,4,NaN
4,0,4,NaN
4,0,4,NaN
4,0,4,NaN
2,2,4,0.33944453025642474
4,0,4,NaN
2,2,4,NaN
4,0,4,NaN
2,2,4,NaN
2,2,4,NaN
3,1,4,0.1789135598175948
3,1,4,NaN
4,0,4,NaN
2,2,4,NaN
3,1,4,NaN
2,2,4,0.8234957828997682
3,1,4,0.7736549046044264
2,2,4,0.8999851143675383
3,1,4,NaN
4,0,4,NaN
3,1,4,NaN
4,0,4,NaN
1,3,4,0.030135545827633423
3,1,4,NaN
1,3,4,NaN
3,1,4,NaN
2,2,4,0.4920422445583172
1,3,4,0.8827667358654245
2,2,4,0.017936625825384724
1,3,4,NaN
3,1,4,NaN
2,2,4,NaN
4,0,4,NaN
3,1,4,NaN
4,0,4,NaN
3,1,4,0.612746566168068
2,2,4,NaN
4,0,4,NaN
2,2,4,0.40253883807817964
3,1,4,NaN
2,2,4,NaN
4,0,4,NaN
1,3,4,0.1547120704591191
2,2,4,0.5836556595239325
3,1,4,0.5836556595239325
1,3,4,NaN
1,3,4,NaN
3,1,4,0.8234957828997682
3,1,4,NaN
2,2,4,NaN
4,0,4,NaN
3,1,4,0.17721222719246632
2,2,4,NaN
2,2,4,NaN
1,3,4,NaN
3,1,4,0.1150424729161512
3,1,4,NaN
4,0,4,0.015310519823788312
3,1,4,NaN
4,0,4,0.0213685999999998
3,1,4,NaN
3,1,4,NaN
3,1,4,0.5836556595239325
4,0,4,NaN
2,2,4,0.742601995273523
2,2,4,NaN
1,3,4,NaN
4,0,4,0.5586342354367018
2,2,4,NaN
3,1,4,0.15714596426443184
2,2,4,NaN
1,3,4,0.19404233934414283
2,2,4,NaN
4,0,4,NaN
2,2,4,0.00012650055307329285
3,1,4,NaN
2,2,4,0.025688675504669942
3,1,4,NaN
3,1,4,0.8453965225401804
3,1,4,0.005615619831890152
3,1,4,NaN
2,2,4,0.9405257031659899
2,2,4,NaN
3,1,4,NaN
3,1,4,NaN
2,2,4,0.13349194201575146
1,3,4,0.4920422445583172
3,1,4,NaN
3,1,4,NaN
1,3,4,NaN
4,0,4,NaN
4,0,4,NaN
2,2,4,0.6706377302926072
3,1,4,NaN
3,1,4,0.07287517728397767
3,1,4,0.006330742305371628
3,1,4,NaN
1,3,4,NaN
1,3,4,0.8234957828997682
1,3,4,NaN
3,1,4,NaN
4,0,4,NaN
1,3,4,NaN
2,2,4,NaN
3,1,4,NaN
2,2,4,0.4920422445583172
2,2,4,NaN
3,1,4,NaN
3,1,4,NaN
1,3,4,0.1150424729161512
2,2,4,NaN
4,0,4,NaN
3,1,4,0.0837550502146186
3,1,4,NaN
1,3,4,NaN
4,0,4,NaN
1,3,4,NaN
3,1,4,NaN
3,1,4,NaN
3,1,4,0.0213685999999998
1,3,4,NaN
2,2,4,NaN
1,3,4,0.15407061357868015
2,2,4,NaN
2,2,4,NaN
3,1,4,0.34936774434310386
2,2,4,NaN
3,1,4,NaN
2,2,4,NaN
4,0,4,0.5376043881865737
2,2,4,NaN
3,1,4,0.8014691082975914
2,2,4,0.6282574491159135
4,0,4,NaN
2,2,4,NaN
3,1,4,NaN
2,2,4,NaN
3,1,4,NaN
3,1,4,NaN
4,0,4,0.030880419354092324
1,3,4,NaN
4,0,4,NaN
3,1,4,0.09273192781569335
2,2,4,0.039687384300341605
3,1,4,0.7736549046044264
2,2,4,0.8999851143675383
4,0,4,NaN
2,2,4,0.14234902682400793
2,2,4,NaN
4,0,4,NaN
2,2,4,0.3950893865694002
1,3,4,NaN
3,1,4,0.8094927131608814
3,1,4,NaN
1,3,4,NaN
4,0,4,0.013166985494505864
2,2,4,NaN
4,0,4,0.5836556595239325
1,3,4,NaN
3,1,4,NaN
2,2,4,0.01661380391409249
3,1,4,0.3950893865694002
1,3,4,0.9290197578706562
1,3,4,0.34936774434310386
4,0,4,0.6657383368840927
2,2,4,0.8827667358654245
4,0,4,NaN
1,3,4,NaN
1,3,4,0.4431893633910816
1,3,4,NaN
2,2,4,NaN
3,1,4,NaN
4,0,4,0.08491645534150608
4,0,4,NaN
4,0,4,0.6706377302926072
1,3,4,NaN
2,2,4,0.8655008786900369
4,0,4,NaN
3,1,4,0.8655008786900369
4,0,4,NaN
4,0,4,NaN
3,1,4,NaN
1,3,4,NaN
1,3,4,NaN
3,1,4,0.34936774434310386
2,2,4,0.00010732596684795717
4,0,4,NaN
3,1,4,NaN
4,0,4,0.9152375708831951
2,2,4,0.34936774434310386
3,1,4,NaN
3,1,4,NaN
4,0,4,NaN
2,2,4,0.23609730939414558
2,2,4,0.05677908326580127
2,2,4,0.8453965225401804
4,0,4,0.07303704123551108
3,1,4,NaN
1,3,4,0.4431893633910816
4,0,4,NaN
3,1,4,0.5836556595239325
2,2,4,NaN
2,2,4,NaN
3,1,4,NaN
4,0,4,NaN
2,2,4,0.11540943935465615
4,0,4,0.19882024256609493
1,3,4,NaN
3,1,4,NaN
3,1,4,0.8014691082975914
2,2,4,0.742601995273523
2,2,4,NaN
2,2,4,0.5836556595239325
3,1,4,0.4431893633910816
2,2,4,NaN
3,1,4,0.8827667358654245
2,2,4,0.9602229766652525
1,3,4,0.9290197578706562
3,1,4,NaN
4,0,4,NaN
1,3,4,0.15407061357868015
2,2,4,0.4920422445583172
3,1,4,NaN
2,2,4,NaN
1,3,4,NaN
4,0,4,0.4431893633910816
3,1,4,0.5376043881865737
4,0,4,NaN
4,0,4,NaN
2,2,4,NaN
1,3,4,NaN
3,1,4,0.0020176618649927042
1,3,4,NaN
4,0,4,0.17721222719246632
3,1,4,0.34936774434310386
2,2,4,NaN
2,2,4,0.0017056975609741594
2,2,4,0.8453965225401804
1,3,4,NaN
4,0,4,0.13349194201575146
4,0,4,NaN
3,1,4,NaN
2,2,4,0.8453965225401804
2,2,4,0.8234957828997682
2,2,4,0.2723000524553572
4,0,4,NaN
3,1,4,0.7087129780995387
4,0,4,NaN
3,1,4,NaN
4,0,4,NaN
2,2,4,NaN
1,3,4,NaN
1,3,4,0.3950893865694002
3,1,4,0.23609730939414558
1,3,4,0.007659580536912271
3,1,4,NaN
1,3,4,0.8827667358654245
2,2,4,0.9290197578706562
1,3,4,NaN
4,0,4,NaN
3,1,4,NaN
2,2,4,NaN
1,3,4,NaN
2,2,4,0.6706377302926072
1,3,4,NaN
4,0,4,0.2090311755905381
2,2,4,NaN
3,1,4,NaN
3,1,4,0.019400645343705825
2,2,4,NaN
2,2,4,0.7087129780995387
3,1,4,0.8655008786900369
2,2,4,0.5376043881865737
4,0,4,0.1150424729161512
3,1,4,NaN
2,2,4,0.3906334678388038
4,0,4,NaN
1,3,4,0.019400645343705825
3,1,4,0.011147134228187437
2,2,4,0.8234957828997682
3,1,4,0.742601995273523
3,1,4,NaN
1,3,4,NaN
4,0,4,NaN
2,2,4,NaN
3,1,4,NaN
2,2,4,NaN
4,0,4,NaN
2,2,4,NaN
2,2,4,0.8406976625716349
3,1,4,NaN
2,2,4,NaN
2,2,4,NaN
2,2,4,0.3950893865694002
4,0,4,0.030135545827633423
2,2,4,0.7087129780995387
2,2,4,0.9290197578706562
2,2,4,NaN
3,1,4,0.4920422445583172
4,0,4,NaN
4,0,4,NaN
4,0,4,NaN
2,2,4,NaN
2,2,4,0.4920422445583172
1,3,4,NaN
4,0,4,NaN
3,1,4,0.2723000524553572
3,1,4,NaN
1,3,4,0.9152375708831951
2,2,4,NaN
1,3,4,0.8234957828997682
1,3,4,0.45701725506744517
3,1,4,NaN
3,1,4,NaN
3,1,4,NaN
3,1,4,0.8999851143675383
2,2,4,NaN
3,1,4,0.02428891976332819
2,2,4,0.39748006705321415
4,0,4,NaN
4,0,4,0.34936774434310386
2,2,4,NaN
1,3,4,0.9825912922368234
3,1,4,NaN
2,2,4,NaN
2,2,4,NaN
2,2,4,0.4431893633910816
3,1,4,NaN
3,1,4,NaN
2,2,4,0.17721222719246632
4,0,4,NaN
3,1,4,NaN
3,1,4,0.025688675504669942
1,3,4,NaN
3,1,4,NaN
2,2,4,NaN
3,1,4,0.7617814615426987
3,1,4,NaN
2,2,4,0.9809153258638088
2,2,4,0.4920422445583172
3,1,4,NaN
2,2,4,NaN
1,3,4,NaN
4,0,4,0.5836556595239325
2,2,4,NaN
4,0,4,NaN
1,3,4,0.3099009652134965
1,3,4,0.05507340176673581
2,2,4,0.8453965225401804
4,0,4,NaN
4,0,4,NaN
3,1,4,NaN
4,0,4,NaN
3,1,4,NaN
2,2,4,0.34936774434310386
1,3,4,0.3950893865694002
2,2,4,NaN
4,0,4,0.039687384300341605
4,0,4,0.3950893865694002
2,2,4,0.6706377302926072
2,2,4,NaN
4,0,4,NaN
2,2,4,0.1867372117591186
2,2,4,0.0016636464349554898
3,1,4,0.5376043881865737
4,0,4,0.1150424729161512
4,0,4,NaN
1,3,4,NaN
1,3,4,0.9290197578706562
2,2,4,NaN
1,3,4,0.15407061357868015
2,2,4,NaN
3,1,4,NaN
3,1,4,NaN
2,2,4,NaN
2,2,4,NaN
1,3,4,NaN
1,3,4,0.039687384300341605
4,0,4,NaN
2,2,4,NaN
2,2,4,0.17721222719246632
4,0,4,0.8014691082975914
2,2,4,NaN
4,0,4,0.06273758667360736
2,2,4,0.13349194201575146
2,2,4,0.7928078181949262
3,1,4,NaN
4,0,4,0.742601995273523
1,3,4,NaN
4,0,4,NaN
2,2,4,NaN
4,0,4,0.1150424729161512
4,0,4,NaN
2,2,4,NaN
2,2,4,NaN
3,1,4,NaN
4,0,4,NaN
1,3,4,NaN
4,0,4,0.5836556595239325
2,2,4,0.10469509452544837
1,3,4,0.17721222719246632
2,2,4,0.0837550502146186
2,2,4,NaN
4,0,4,0.007659580536912271
2,2,4,NaN
1,3,4,0.4920422445583172
4,0,4,NaN
2,2,4,0.2054386262940906
4,0,4,NaN
1,3,4,0.7736549046044264
1,3,4,NaN
1,3,4,NaN
1,3,4,0.0420919902585883
4,0,4,NaN
4,0,4,NaN
3,1,4,NaN
2,2,4,NaN
4,0,4,0.13349194201575146
3,1,4,NaN
2,2,4,0.030135545827633423
4,0,4,NaN
2,2,4,NaN
1,3,4,NaN
3,1,4,0.6706377302926072
2,2,4,NaN
3,1,4,NaN
2,2,4,NaN
4,0,4,0.8014691082975914
1,3,4,NaN
2,2,4,0.3099009652134965
2,2,4,0.0024387807609170097
2,2,4,NaN
2,2,4,NaN
1,3,4,0.7736549046044264
3,1,4,NaN
2,2,4,0.2054386262940906
4,0,4,NaN
1,3,4,0.8655008786900369
4,0,4,0.413069875026209
3,1,4,NaN
2,2,4,NaN
3,1,4,NaN
3,1,4,NaN
1,3,4,0.039088478047831554
1,3,4,NaN
2,2,4,0.04631332256059672
4,0,4,NaN
1,3,4,NaN
1,3,4,NaN
1,3,4,NaN
1,3,4,NaN
4,0,4,NaN
2,2,4,0.3950893865694002
1,3,4,NaN
3,1,4,0.8999851143675383
2,2,4,0.3950893865694002
2,2,4,0.08491645534150608
3,1,4,NaN
2,2,4,NaN
1,3,4,NaN
2,2,4,NaN
4,0,4,NaN
1,3,4,0.17721222719246632
3,1,4,NaN
2,2,4,0.17721222719246632
1,3,4,0.15407061357868015
3,1,4,0.6282574491159135
3,1,4,0.06273758667360736
3,1,4,0.8453965225401804
1,3,4,0.2723000524553572
1,3,4,NaN
2,2,4,0.04631332256059672
3,1,4,NaN
2,2,4,NaN
1,3,4,NaN
3,1,4,NaN
2,2,4,0.4821803720037743
1,3,4,NaN
4,0,4,NaN
4,0,4,NaN
1,3,4,NaN
4,0,4,NaN
3,1,4,NaN
4,0,4,0.9747364638126857
4,0,4,0.8453965225401804
4,0,4,0.13349194201575146
3,1,4,NaN
3,1,4,0.011147134228187437
2,2,4,0.5836556595239325
4,0,4,0.8827667358654245
1,3,4,0.8014691082975914
4,0,4,NaN
4,0,4,0.7736549046044264
3,1,4,0.6282574491159135
4,0,4,0.5836556595239325
2,2,4,0.42841812774755783
2,2,4,NaN
2,2,4,NaN
1,3,4,NaN
4,0,4,NaN
4,0,4,NaN
3,1,4,0.7087129780995387
1,3,4,NaN
4,0,4,0.8827667358654245
2,2,4,NaN
3,1,4,0.413069875026209
2,2,4,NaN
3,1,4,NaN
2,2,4,NaN
2,2,4,NaN
1,3,4,NaN
2,2,4,0.004708926795579234
1,3,4,NaN
4,0,4,0.9152375708831951
3,1,4,NaN
2,2,4,NaN
1,3,4,NaN
3,1,4,NaN
3,1,4,0.06273758667360736
2,2,4,NaN
3,1,4,NaN
2,2,4,NaN
4,0,4,NaN
4,0,4,0.3950893865694002
1,3,4,NaN
2,2,4,0.5376043881865737
2,2,4,NaN
2,2,4,NaN
3,1,4,0.007659580536912271
4,0,4,NaN
3,1,4,0.6346539985811451
3,1,4,0.8979837278359629
1,3,4,NaN
3,1,4,0.8234957828997682
2,2,4,NaN
3,1,4,NaN
2,2,4,0.015310519823788312
3,1,4,0.0986538124916049
1,3,4,0.02938316919164142
4,0,4,NaN
2,2,4,0.6282574491159135
2,2,4,NaN
3,1,4,NaN
3,1,4,NaN
4,0,4,NaN
2,2,4,0.16627759309469065
3,1,4,NaN
3,1,4,NaN
1,3,4,NaN
1,3,4,NaN
1,3,4,0.3099009652134965
3,1,4,NaN
4,0,4,0.8234957828997682
1,3,4,NaN
3,1,4,NaN
2,2,4,0.6282574491159135
3,1,4,NaN
4,0,4,0.3950893865694002
2,2,4,NaN
4,0,4,NaN
1,3,4,0.9290197578706562
2,2,4,0.742601995273523
4,0,4,NaN
2,2,4,0.6282574491159135
4,0,4,NaN
2,2,4,NaN
4,0,4,NaN
3,1,4,NaN
3,1,4,NaN
3,1,4,0.15407061357868015
4,0,4,NaN
3,1,4,NaN
2,2,4,0.7221587871481188
3,1,4,NaN
2,2,4,0.0213685999999998
2,2,4,NaN
2,2,4,NaN
2,2,4,NaN
2,2,4,NaN
1,3,4,0.0639638510627397
3,1,4,NaN
2,2,4,NaN
3,1,4,0.742601995273523
1,3,4,NaN
4,0,4,0.3456681333065611
4,0,4,NaN
3,1,4,NaN
3,1,4,0.13349194201575146
3,1,4,0.9747364638126857
2,2,4,0.0017056975609741594
3,1,4,NaN
1,3,4,NaN
4,0,4,NaN
4,0,4,0.5836556595239325
3,1,4,NaN
2,2,4,NaN
3,1,4,NaN
4,0,4,0.2054386262940906
3,1,4,NaN
1,3,4,0.8234957828997682
2,2,4,NaN
2,2,4,0.06273758667360736
1,3,4,NaN
2,2,4,NaN
4,0,4,0.5836556595239325
4,0,4,NaN
2,2,4,NaN
4,0,4,0.8234957828997682
1,3,4,NaN
3,1,4,NaN
2,2,4,NaN
3,1,4,0.24204388620908493
1,3,4,0.4920422445583172
2,2,4,NaN
1,3,4,NaN
3,1,4,0.5376043881865737
3,1,4,NaN
1,3,4,NaN
3,1,4,NaN
2,2,4,NaN
1,3,4,NaN
3,1,4,0.5836556595239325
3,1,4,NaN
3,1,4,0.12883171841257673
1,3,4,0.025688675504669942
3,1,4,0.2723000524553572
2,2,4,NaN
3,1,4,NaN
1,3,4,0.2723000524553572
2,2,4,0.742601995273523
1,3,4,NaN
4,0,4,NaN
1,3,4,NaN
1,3,4,NaN
1,3,4,NaN
2,2,4,NaN
2,2,4,NaN
4,0,4,0.06180140668028046
2,2,4,NaN
2,2,4,0.6282574491159135
1,3,4,0.039687384300341605
1,3,4,NaN
1,3,4,NaN
1,3,4,0.5836556595239325
2,2,4,NaN
4,0,4,0.006330742305371628
2,2,4,NaN
2,2,4,0.6282574491159135
2,2,4,NaN
3,1,4,0.1150424729161512
3,1,4,NaN
2,2,4,NaN
2,2,4,0.8014691082975914
3,1,4,NaN
3,1,4,NaN
3,1,4,NaN
3,1,4,NaN
2,2,4,NaN
1,3,4,NaN
4,0,4,NaN
3,1,4,NaN
2,2,4,NaN
3,1,4,NaN
1,3,4,NaN
2,2,4,0.2054386262940906
1,3,4,0.2723000524553572
1,3,4,NaN
3,1,4,NaN
3,1,4,0.8453965225401804
3,1,4,NaN
3,1,4,NaN
1,3,4,NaN
4,0,4,NaN
3,1,4,NaN
2,2,4,0.9677549750289749
2,2,4,NaN
1,3,4,NaN
1,3,4,NaN
1,3,4,NaN
2,2,4,0.17721222719246632
2,2,4,NaN
3,1,4,0.628578789405887
2,2,4,NaN
2,2,4,0.9854887762528594
4,0,4,NaN
2,2,4,NaN
4,0,4,0.4431893633910816
2,2,4,NaN
1,3,4,NaN
3,1,4,0.8655008786900369
1,3,4,NaN
4,0,4,NaN
3,1,4,NaN
2,2,4,NaN
4,0,4,0.039687384300341605
4,0,4,NaN
2,2,4,NaN
1,3,4,NaN
2,2,4,0.6706377302926072
2,2,4,0.0014937016384070645
3,1,4,0.34936774434310386
3,1,4,0.05309958265696714
2,2,4,0.7736549046044264
3,1,4,NaN
2,2,4,NaN
2,2,4,NaN
1,3,4,NaN
2,2,4,0.04631332256059672
3,1,4,0.5376043881865737
3,1,4,NaN
1,3,4,NaN
4,0,4,0.4832716308418932
1,3,4,0.13349194201575146
4,0,4,0.13349194201575146
4,0,4,NaN
2,2,4,NaN
2,2,4,0.742601995273523
1,3,4,0.8014691082975914
2,2,4,NaN
3,1,4,0.2930143178122049
3,1,4,NaN
3,1,4,0.742601995273523
2,2,4,NaN
1,3,4,0.34936774434310386
2,2,4,0.19882024256609493
1,3,4,NaN
1,3,4,0.8999851143675383
2,2,4,0.4431893633910816
3,1,4,NaN
2,2,4,5.1742655026205524e-5
1,3,4,NaN
2,2,4,NaN
2,2,4,NaN
4,0,4,NaN
4,0,4,NaN
3,1,4,NaN
2,2,4,NaN
2,2,4,NaN
4,0,4,NaN
2,2,4,0.2723000524553572
1,3,4,NaN
2,2,4,NaN
2,2,4,NaN
3,1,4,NaN
1,3,4,0.15330501801743973
3,1,4,NaN
2,2,4,NaN
4,0,4,0.5376043881865737
3,1,4,0.1150424729161512
2,2,4,0.7255832002224731
3,1,4,0.4920422445583172
2,2,4,0.9405257031659899
3,1,4,NaN
4,0,4,NaN
1,3,4,NaN
2,2,4,NaN
2,2,4,NaN
4,0,4,NaN
1,3,4,0.030135545827633423
3,1,4,NaN
3,1,4,NaN
1,3,4,0.2723000524553572
2,2,4,NaN
4,0,4,NaN
3,1,4,0.01156170234683403
1,3,4,0.9290197578706562
1,3,4,NaN
1,3,4,NaN
3,1,4,0.6282574491159135
4,0,4,NaN
1,3,4,NaN
4,0,4,NaN
1,3,4,0.017936625825384724
2,2,4,NaN
2,2,4,NaN
4,0,4,NaN
4,0,4,0.6706377302926072
3,1,4,0.7736549046044264
2,2,4,0.10959067946272881
2,2,4,NaN
2,2,4,NaN
4,0,4,NaN
3,1,4,NaN
2,2,4,0.000622418022458396
1,3,4,NaN
3,1,4,0.8655008786900369
2,2,4,NaN
2,2,4,0.6282574491159135
4,0,4,NaN
4,0,4,0.5836556595239325
2,2,4,NaN
3,1,4,0.9405257031659899
2,2,4,0.9152375708831951
2,2,4,NaN
2,2,4,NaN
3,1,4,0.23609730939414558
3,1,4,NaN
2,2,4,NaN
1,3,4,NaN
2,2,4,0.030135545827633423
3,1,4,0.7087129780995387
1,3,4,0.7398821718875637
4,0,4,0.7087129780995387
1,3,4,NaN
4,0,4,0.0213685999999998
2,2,4,NaN
3,1,4,0.23609730939414558
4,0,4,0.8453965225401804
2,2,4,0.0986538124916049
2,2,4,NaN
2,2,4,0.7087129780995387
2,2,4,NaN
2,2,4,NaN
4,0,4,NaN
3,1,4,NaN
1,3,4,0.2723000524553572
4,0,4,NaN
2,2,4,0.6706377302926072
2,2,4,NaN
4,0,4,NaN
1,3,4,NaN
1,3,4,NaN
3,1,4,NaN
3,1,4,NaN
3,1,4,0.03600531066003351
2,2,4,0.7087129780995387
2,2,4,0.873199510309821
2,2,4,NaN
2,2,4,NaN
3,1,4,0.5376043881865737
2,2,4,0.8234957828997682
1,3,4,NaN
2,2,4,NaN
1,3,4,0.05338838749999978
1,3,4,NaN
2,2,4,0.034605295647823726
2,2,4,0.3099009652134965
4,0,4,NaN
3,1,4,NaN
1,3,4,NaN
2,2,4,0.4431893633910816
2,2,4,NaN
1,3,4,NaN
3,1,4,NaN
2,2,4,0.017936625825384724
3,1,4,NaN
2,2,4,0.2054386262940906
3,1,4,NaN
2,2,4,0.5376043881865737
2,2,4,0.5376043881865737
3,1,4,NaN
1,3,4,NaN
1,3,4,NaN
3,1,4,5.41862848973876e-5
2,2,4,NaN
1,3,4,NaN
3,1,4,NaN
1,3,4,0.13349194201575146
1,3,4,NaN
1,3,4,0.06273758667360736
3,1,4,NaN
2,2,4,NaN
3,1,4,NaN
4,0,4,NaN
1,3,4,NaN
3,1,4,NaN
2,2,4,0.8014691082975914
4,0,4,NaN
1,3,4,NaN
3,1,4,NaN
2,2,4,NaN
1,3,4,0.4431893633910816
2,2,4,0.4920422445583172
4,0,4,NaN
2,2,4,0.4920422445583172
3,1,4,NaN
2,2,4,NaN
1,3,4,NaN
2,2,4,0.1150424729161512
2,2,4,NaN
3,1,4,0.2930143178122049
2,2,4,NaN
4,0,4,NaN
2,2,4,0.8453965225401804
2,2,4,NaN
3,1,4,NaN
4,0,4,NaN
1,3,4,0.15407061357868015
4,0,4,0.6079974523565005
2,2,4,NaN
2,2,4,0.23609730939414558
3,1,4,0.039687384300341605
4,0,4,0.030135545827633423
2,2,4,NaN
2,2,4,0.007659580536912271
2,2,4,0.013607815271978022
3,1,4,0.13349194201575146
2,2,4,NaN
1,3,4,0.09504574516792565
1,3,4,NaN
1,3,4,NaN
2,2,4,0.44198041040629876
1,3,4,NaN
4,0,4,0.0986538124916049
3,1,4,0.8827667358654245
2,2,4,NaN
3,1,4,0.034605295647823726
4,0,4,NaN
3,1,4,NaN
3,1,4,NaN
2,2,4,NaN
1,3,4,NaN
2,2,4,0.5197246975053165
1,3,4,0.17721222719246632
1,3,4,0.9280193017066064
3,1,4,NaN
2,2,4,NaN
1,3,4,NaN
4,0,4,NaN
2,2,4,NaN
2,2,4,0.6706377302926072
2,2,4,NaN
3,1,4,NaN
2,2,4,NaN
3,1,4,NaN
2,2,4,NaN
2,2,4,NaN
3,1,4,NaN
2,2,4,NaN
1,3,4,NaN
2,2,4,0.23609730939414558
1,3,4,NaN
3,1,4,0.3665178876965369
2,2,4,0.13349194201575146
2,2,4,NaN
2,2,4,0.6282574491159135
1,3,4,0.5836556595239325
2,2,4,NaN
4,0,4,0.9507681516607924
2,2,4,NaN
1,3,4,NaN
1,3,4,0.05338838749999978
1,3,4,0.4431893633910816
1,3,4,NaN
3,1,4,NaN
2,2,4,NaN
4,0,4,NaN
1,3,4,NaN
1,3,4,NaN
4,0,4,NaN
2,2,4,NaN
1,3,4,NaN
2,2,4,0.9809153258638088
2,2,4,NaN
2,2,4,0.742601995273523
2,2,4,NaN
4,0,4,NaN
1,3,4,NaN
4,0,4,NaN
2,2,4,NaN
1,3,4,NaN
2,2,4,NaN
4,0,4,0.7087129780995387
2,2,4,NaN
3,1,4,NaN
3,1,4,NaN
1,3,4,NaN
2,2,4,0.23609730939414558
2,2,4,0.13349194201575146
2,2,4,0.3950893865694002
2,2,4,0.09485823049733114
4,0,4,0.7842398721185311
1,3,4,NaN
4,0,4,NaN
1,3,4,NaN
1,3,4,NaN
2,2,4,NaN
2,2,4,NaN
2,2,4,NaN
2,2,4,NaN
1,3,4,NaN
1,3,4,NaN
3,1,4,0.17721222719246632
2,2,4,NaN
1,3,4,0.8014691082975914
2,2,4,NaN
4,0,4,0.0053459147286812475
3,1,4,0.3099009652134965
2,2,4,0.9152375708831951
4,0,4,NaN
2,2,4,0.2054386262940906
1,3,4,NaN
2,2,4,0.3099009652134965
2,2,4,NaN
2,2,4,NaN
2,2,4,NaN
2,2,4,0.08491645534150608
1,3,4,NaN
1,3,4,NaN
3,1,4,NaN
2,2,4,0.3099009652134965
3,1,4,0.00502622792433344
2,2,4,NaN
2,2,4,0.7736549046044264
1,3,4,NaN
4,0,4,NaN
3,1,4,NaN
3,1,4,NaN
2,2,4,0.6818863428312312
2,2,4,0.8179451903239775
2,2,4,NaN
2,2,4,NaN
2,2,4,NaN
4,0,4,0.1150424729161512
2,2,4,NaN
3,1,4,NaN
2,2,4,0.4431893633910816
2,2,4,NaN
2,2,4,NaN
4,0,4,NaN
1,3,4,NaN
2,2,4,NaN
1,3,4,0.013166985494505864
3,1,4,NaN
1,3,4,NaN
1,3,4,NaN
1,3,4,0.0017056975609741594
2,2,4,NaN
2,2,4,NaN
2,2,4,NaN
1,3,4,0.5376043881865737
1,3,4,NaN
2,2,4,0.2016840396262542
3,1,4,NaN
1,3,4,NaN
2,2,4,NaN
2,2,4,NaN
2,2,4,NaN
1,3,4,NaN
2,2,4,NaN
2,2,4,0.5836556595239325
2,2,4,NaN
3,1,4,NaN
1,3,4,NaN
2,2,4,0.011147134228187437
1,3,4,0.8093230844824829
2,2,4,0.034605295647823726
1,3,4,NaN
2,2,4,0.0986538124916049
2,2,4,NaN
3,1,4,NaN
1,3,4,0.2723000524553572
2,2,4,0.5836556595239325
3,1,4,NaN
4,0,4,0.9854887762528594
2,2,4,NaN
2,2,4,NaN
2,2,4,NaN
2,2,4,NaN
4,0,4,0.07287517728397767
2,2,4,NaN
1,3,4,NaN
3,1,4,0.34936774434310386
1,3,4,0.5376043881865737
4,0,4,0.00114645245901754
1,3,4,0.7736549046044264
2,2,4,0.9978608147613648
1,3,4,NaN
2,2,4,NaN
3,1,4,NaN
1,3,4,NaN
1,3,4,0.05338838749999978
1,3,4,NaN
2,2,4,NaN
2,2,4,0.17721222719246632
2,2,4,0.746664063602806
4,0,4,0.034605295647823726
1,3,4,NaN
1,3,4,0.025397626937703716
2,2,4,NaN
4,0,4,NaN
3,1,4,NaN
4,0,4,NaN
2,2,4,NaN
3,1,4,NaN
2,2,4,NaN
2,2,4,0.34936774434310386
2,2,4,0.3950893865694002
3,1,4,NaN
3,1,4,NaN
2,2,4,NaN
1,3,4,0.9418513527926501
2,2,4,0.5836556595239325
4,0,4,NaN
1,3,4,NaN
2,2,4,NaN
2,2,4,NaN
1,3,4,0.9290197578706562
3,1,4,0.1150424729161512
1,3,4,0.4920422445583172
4,0,4,0.030135545827633423
1,3,4,0.9507681516607924
2,2,4,NaN
2,2,4,NaN
3,1,4,0.4920422445583172
4,0,4,0.3099009652134965
2,2,4,0.4920422445583172
1,3,4,0.9290197578706562
1,3,4,0.9747364638126857
1,3,4,NaN
3,1,4,0.1479390635061706
3,1,4,0.7736549046044264
4,0,4,NaN
2,2,4,NaN
2,2,4,NaN
1,3,4,NaN
1,3,4,0.9747364638126857
2,2,4,NaN
1,3,4,0.08491645534150608
3,1,4,NaN
1,3,4,NaN
1,3,4,NaN
4,0,4,NaN
1,3,4,NaN
4,0,4,0.36175292936459497
1,3,4,NaN
2,2,4,NaN
2,2,4,NaN
2,2,4,0.0009432277456656832
4,0,4,NaN
1,3,4,NaN
1,3,4,0.742601995273523
1,3,4,0.5836556595239325
4,0,4,0.039687384300341605
2,2,4,NaN
2,2,4,NaN
2,2,4,NaN
2,2,4,0.0986538124916049
2,2,4,0.9677549750289749
2,2,4,0.34936774434310386
1,3,4,NaN
1,3,4,NaN
1,3,4,NaN
3,1,4,0.0986538124916049
2,2,4,0.13349194201575146
2,2,4,0.039687384300341605
2,2,4,NaN
2,2,4,NaN
2,2,4,NaN
2,2,4,NaN
2,2,4,0.07287517728397767
1,3,4,0.08491645534150608
1,3,4,NaN
2,2,4,0.23609730939414558
3,1,4,NaN
2,2,4,0.4431893633910816
2,2,4,NaN
3,1,4,NaN
4,0,4,NaN
1,3,4,0.7736549046044264
4,0,4,0.9290197578706562
1,3,4,0.5376043881865737
3,1,4,0.0041210417035897045
3,1,4,0.06273758667360736
2,2,4,0.05338838749999978
2,2,4,NaN
2,2,4,NaN
2,2,4,0.37417501950716
3,1,4,NaN
3,1,4,0.04631332256059672
2,2,4,NaN
1,3,4,0.413069875026209
2,2,4,NaN
1,3,4,0.017936625825384724
3,1,4,NaN
3,1,4,NaN
1,3,4,NaN
4,0,4,0.8234957828997682
1,3,4,NaN
4,0,4,NaN
2,2,4,NaN
2,2,4,NaN
2,2,4,0.013607815271978022
2,2,4,NaN
1,3,4,0.05338838749999978
2,2,4,NaN
1,3,4,NaN
4,0,4,NaN
2,2,4,0.05338838749999978
2,2,4,0.8999851143675383
3,1,4,0.0986538124916049
1,3,4,NaN
2,2,4,NaN
2,2,4,0.2900181476385571
2,2,4,0.23609730939414558
1,3,4,0.23609730939414558
1,3,4,0.23609730939414558
3,1,4,0.8234957828997682
1,3,4,0.34936774434310386
1,3,4,0.08491645534150608
1,3,4,0.13337100217620904
2,2,4,0.08491645534150608
1,3,4,0.4431893633910816
2,2,4,NaN
1,3,4,NaN
3,1,4,NaN
2,2,4,0.34936774434310386
3,1,4,0.9924179942680554
3,1,4,NaN
4,0,4,0.06273758667360736
1,3,4,0.8453965225401804
3,1,4,NaN
2,2,4,NaN
1,3,4,NaN
2,2,4,NaN
2,2,4,0.5376043881865737
2,2,4,0.4920422445583172
1,3,4,NaN
3,1,4,NaN
2,2,4,0.013166985494505864
2,2,4,NaN
2,2,4,NaN
1,3,4,0.4920422445583172
1,3,4,NaN
3,1,4,NaN
1,3,4,NaN
2,2,4,0.34936774434310386
1,3,4,0.8453965225401804
4,0,4,NaN
1,3,4,0.13349194201575146
2,2,4,NaN
3,1,4,NaN
1,3,4,NaN
4,0,4,NaN
1,3,4,NaN
3,1,4,NaN
1,3,4,0.002968079223927906
1,3,4,NaN
1,3,4,NaN
2,2,4,NaN
3,1,4,NaN
3,1,4,NaN
3,1,4,NaN
1,3,4,0.039687384300341605
4,0,4,0.6282574491159135
2,2,4,NaN
3,1,4,0.34936774434310386
3,1,4,NaN
2,2,4,0.4431893633910816
1,3,4,0.5376043881865737
1,3,4,NaN
1,3,4,NaN
1,3,4,NaN
1,3,4,0.017041343448880086
1,3,4,0.17721222719246632
2,2,4,0.23609730939414558
2,2,4,0.3950893865694002
4,0,4,NaN
1,3,4,NaN
2,2,4,NaN
3,1,4,NaN
4,0,4,0.2054386262940906
2,2,4,NaN
3,1,4,NaN
2,2,4,0.1150424729161512
1,3,4,NaN
2,2,4,NaN
1,3,4,0.006330742305371628
2,2,4,NaN
1,3,4,NaN
1,3,4,NaN
2,2,4,NaN
4,0,4,NaN
3,1,4,NaN
3,1,4,0.024398657406588996
2,2,4,0.742601995273523
1,3,4,0.8655008786900369
2,2,4,NaN
1,3,4,NaN
1,3,4,0.5376043881865737
2,2,4,NaN
2,2,4,NaN
2,2,4,NaN
2,2,4,0.05338838749999978
1,3,4,0.46792324767031274
2,2,4,NaN
1,3,4,NaN
1,3,4,NaN
2,2,4,NaN
4,0,4,0.34936774434310386
1,3,4,0.2780308792346916
2,2,4,NaN
2,2,4,NaN
1,3,4,0.034605295647823726
1,3,4,NaN
3,1,4,0.00047621221570526604
3,1,4,0.7736549046044264
1,3,4,NaN
2,2,4,NaN
1,3,4,0.23609730939414558
2,2,4,NaN
4,0,4,NaN
2,2,4,NaN
3,1,4,NaN
1,3,4,NaN
1,3,4,0.5443418139345186
2,2,4,NaN
2,2,4,NaN
4,0,4,0.13349194201575146
2,2,4,0.6282574491159135
1,3,4,NaN
1,3,4,0.8014691082975914
2,2,4,3.0679387209183363e-6
3,1,4,0.5836556595239325
2,2,4,0.3950893865694002
1,3,4,0.3950893865694002
1,3,4,NaN
2,2,4,NaN
2,2,4,0.2054386262940906
2,2,4,0.00010369572236360876
3,1,4,NaN
1,3,4,NaN
2,2,4,NaN
2,2,4,0.8234957828997682
2,2,4,NaN
2,2,4,NaN
1,3,4,NaN
2,2,4,NaN
1,3,4,NaN
1,3,4,0.7736549046044264
1,3,4,NaN
2,2,4,NaN
1,3,4,NaN
2,2,4,0.9152375708831951
2,2,4,0.2627536423933134
1,3,4,NaN
2,2,4,NaN
1,3,4,0.17721222719246632
2,2,4,NaN
1,3,4,NaN
1,3,4,NaN
3,1,4,NaN
2,2,4,NaN
2,2,4,NaN
1,3,4,NaN
1,3,4,NaN
2,2,4,NaN
4,0,4,0.34936774434310386
1,3,4,NaN
2,2,4,NaN
3,1,4,NaN
1,3,4,NaN
4,0,4,0.013166985494505864
4,0,4,NaN
1,3,4,NaN
2,2,4,0.4431893633910816
3,1,4,NaN
2,2,4,NaN
1,3,4,NaN
4,0,4,0.34936774434310386
1,3,4,NaN
3,1,4,NaN
2,2,4,0.8234957828997682
4,0,4,0.3099009652134965
1,3,4,0.23609730939414558
3,1,4,NaN
2,2,4,0.7087129780995387
2,2,4,NaN
1,3,4,0.4920422445583172
3,1,4,NaN
2,2,4,NaN
3,1,4,NaN
2,2,4,NaN
2,2,4,NaN
4,0,4,0.8655008786900369
2,2,4,NaN
3,1,4,NaN
2,2,4,0.006330742305371628
1,3,4,NaN
1,3,4,NaN
4,0,4,NaN
2,2,4,NaN
2,2,4,NaN
1,3,4,NaN
1,3,4,NaN
1,3,4,NaN
2,2,4,0.08491645534150608
2,2,4,0.9602229766652525
1,3,4,NaN
3,1,4,0.3950893865694002
1,3,4,0.5836556595239325
1,3,4,0.34936774434310386
4,0,4,NaN
2,2,4,0.7087129780995387
1,3,4,NaN
1,3,4,NaN
2,2,4,NaN
2,2,4,NaN
4,0,4,NaN
2,2,4,NaN
2,2,4,NaN
1,3,4,0.036129039366014144
2,2,4,0.6282574491159135
3,1,4,NaN
2,2,4,NaN
2,2,4,0.34936774434310386
1,3,4,NaN
1,3,4,0.34936774434310386
2,2,4,0.7087129780995387
3,1,4,0.6706377302926072
1,3,4,NaN
2,2,4,NaN
1,3,4,0.6282574491159135
1,3,4,NaN
2,2,4,0.8234957828997682
1,3,4,0.9152375708831951
3,1,4,0.8655008786900369
1,3,4,0.04371504671736785
2,2,4,0.4920422445583172
1,3,4,NaN
2,2,4,NaN
1,3,4,NaN
3,1,4,0.15357816981108446
4,0,4,0.1867372117591186
3,1,4,NaN
4,0,4,NaN
2,2,4,NaN
2,2,4,NaN
2,2,4,NaN
1,3,4,NaN
2,2,4,NaN
1,3,4,0.23609730939414558
1,3,4,0.7736549046044264
2,2,4,0.7087129780995387
2,2,4,NaN
1,3,4,NaN
1,3,4,0.11721812837068463
4,0,4,NaN
4,0,4,NaN
2,2,4,0.6706377302926072
4,0,4,NaN
1,3,4,0.3950893865694002
2,2,4,0.06273758667360736
1,3,4,NaN
4,0,4,0.6405985409389819
1,3,4,0.8827667358654245
1,3,4,0.08491645534150608
3,1,4,0.6282574491159135
2,2,4,NaN
1,3,4,NaN
2,2,4,NaN
4,0,4,NaN
1,3,4,0.034605295647823726
2,2,4,0.28979773902453343
1,3,4,0.7087129780995387
4,0,4,NaN
1,3,4,NaN
1,3,4,NaN
1,3,4,0.025688675504669942
3,1,4,NaN
2,2,4,NaN
4,0,4,0.030135545827633423
1,3,4,NaN
4,0,4,NaN
3,1,4,0.7751161049978729
1,3,4,NaN
1,3,4,NaN
1,3,4,0.8453965225401804
2,2,4,NaN
1,3,4,NaN
2,2,4,NaN
1,3,4,NaN
1,3,4,NaN
1,3,4,NaN
1,3,4,NaN
2,2,4,NaN
1,3,4,NaN
1,3,4,0.2054386262940906
2,2,4,0.0971681417261441
2,2,4,0.0213685999999998
2,2,4,0.08491645534150608
2,2,4,0.4920422445583172
1,3,4,NaN
3,1,4,NaN
2,2,4,NaN
1,3,4,0.15407061357868015
1,3,4,NaN
1,3,4,0.05554322981458745
1,3,4,NaN
2,2,4,NaN
2,2,4,NaN
1,3,4,NaN
1,3,4,0.8014691082975914
1,3,4,NaN
1,3,4,0.0986538124916049
1,3,4,0.017936625825384724
1,3,4,0.7087129780995387
1,3,4,NaN
2,2,4,NaN
1,3,4,NaN
1,3,4,NaN
1,3,4,NaN
2,2,4,NaN
4,0,4,NaN
3,1,4,NaN
1,3,4,NaN
3,1,4,NaN
1,3,4,NaN
2,2,4,NaN
2,2,4,NaN
2,2,4,0.34936774434310386
2,2,4,NaN
1,3,4,NaN
1,3,4,NaN
1,3,4,0.5836556595239325
2,2,4,NaN
1,3,4,NaN
3,1,4,NaN
2,2,4,0.17721222719246632
2,2,4,0.5376043881865737
1,3,4,NaN
1,3,4,0.4431893633910816
1,3,4,NaN
3,1,4,NaN
3,1,4,0.04631332256059672
3,1,4,NaN
1,3,4,NaN
2,2,4,0.4431893633910816
2,2,4,NaN
1,3,4,NaN
1,3,4,0.12561309270225787
2,2,4,0.039687384300341605
2,2,4,0.4431893633910816
2,2,4,NaN
2,2,4,NaN
2,2,4,NaN
1,3,4,0.8655008786900369
1,3,4,0.23609730939414558
2,2,4,0.9152375708831951
1,3,4,NaN
2,2,4,0.8014691082975914
3,1,4,3.233292778809931e-11
1,3,4,0.15407061357868015
3,1,4,NaN
1,3,4,NaN
4,0,4,NaN
1,3,4,NaN
1,3,4,NaN
2,2,4,NaN
1,3,4,NaN
2,2,4,0.742601995273523
4,0,4,NaN
1,3,4,NaN
3,1,4,NaN
1,3,4,NaN
1,3,4,NaN
1,3,4,NaN
3,1,4,NaN
2,2,4,0.04631332256059672
1,3,4,NaN
1,3,4,0.3950893865694002
1,3,4,0.6211516538005528
1,3,4,NaN
1,3,4,0.983467403947764
1,3,4,NaN
2,2,4,0.9152375708831951
2,2,4,NaN
1,3,4,NaN
1,3,4,NaN
1,3,4,NaN
3,1,4,NaN
2,2,4,0.043599440532826564
2,2,4,NaN
1,3,4,NaN
1,3,4,NaN
2,2,4,0.3950893865694002
3,1,4,0.04534266082279994
1,3,4,NaN
1,3,4,NaN
1,3,4,NaN
1,3,4,0.742601995273523
4,0,4,NaN
1,3,4,NaN
1,3,4,0.9152375708831951
1,3,4,NaN
4,0,4,NaN
2,2,4,0.2907310753091809
2,2,4,0.6282574491159135
2,2,4,NaN
1,3,4,NaN
3,1,4,0.1150424729161512
1,3,4,NaN
2,2,4,0.15407061357868015
1,3,4,NaN
3,1,4,0.1489387009600974
1,3,4,0.19882024256609493
1,3,4,NaN
1,3,4,NaN
2,2,4,NaN
2,2,4,NaN
1,3,4,NaN
2,2,4,NaN
2,2,4,NaN
2,2,4,NaN
1,3,4,0.9507681516607924
3,1,4,NaN
3,1,4,NaN
1,3,4,NaN
1,3,4,NaN
3,1,4,NaN
1,3,4,NaN
1,3,4,NaN
3,1,4,0.742601995273523
2,2,4,0.07287517728397767
3,1,4,0.05338838749999978
1,3,4,0.8234957828997682
1,3,4,NaN
3,1,4,0.742601995273523
2,2,4,NaN
2,2,4,NaN
1,3,4,NaN
2,2,4,NaN
2,2,4,NaN
1,3,4,NaN
2,2,4,0.6282574491159135
1,3,4,NaN
1,3,4,NaN
1,3,4,NaN
2,2,4,0.5376043881865737
1,3,4,NaN
2,2,4,0.8014691082975914
1,3,4,NaN
1,3,4,0.9809153258638088
1,3,4,NaN
2,2,4,NaN
2,2,4,0.04915197611163579
1,3,4,0.8588724720922231
2,2,4,NaN
3,1,4,NaN
1,3,4,0.006330742305371628
4,0,4,0.6706377302926072
1,3,4,NaN
4,0,4,NaN
3,1,4,NaN
1,3,4,NaN
1,3,4,NaN
1,3,4,NaN
1,3,4,NaN
1,3,4,NaN
1,3,4,NaN
1,3,4,0.742601995273523
2,2,4,0.5836556595239325
1,3,4,0.4058840101597015
1,3,4,NaN
1,3,4,NaN
2,2,4,0.9290197578706562
1,3,4,NaN
1,3,4,0.5836556595239325
1,3,4,NaN
1,3,4,0.4431893633910816
3,1,4,NaN
4,0,4,NaN
4,0,4,NaN
1,3,4,NaN
1,3,4,NaN
1,3,4,NaN
1,3,4,NaN
2,2,4,0.08491645534150608
1,3,4,NaN
2,2,4,NaN
1,3,4,0.9885603912312821
1,3,4,0.0014374840698883852
2,2,4,0.9405257031659899
1,3,4,NaN
1,3,4,NaN
2,2,4,NaN
2,2,4,0.1150424729161512
1,3,4,NaN
1,3,4,NaN
1,3,4,NaN
1,3,4,NaN
1,3,4,NaN
3,1,4,NaN
1,3,4,NaN
1,3,4,NaN
2,2,4,NaN
2,2,4,0.9890426773313062
2,2,4,NaN
1,3,4,0.1150424729161512
1,3,4,0.07287517728397767
2,2,4,NaN
1,3,4,0.9290197578706562
2,2,4,0.34936774434310386
1,3,4,0.62672389980022
1,3,4,NaN
1,3,4,NaN
1,3,4,NaN
1,3,4,NaN
2,2,4,NaN
3,1,4,0.9152375708831951
3,1,4,NaN
1,3,4,NaN
3,1,4,0.34936774434310386
1,3,4,0.00017276634264734575
2,2,4,NaN
1,3,4,NaN
1,3,4,NaN
1,3,4,NaN
1,3,4,NaN
1,3,4,0.7087129780995387
1,3,4,NaN
1,3,4,NaN
1,3,4,NaN
2,2,4,NaN
2,2,4,NaN
4,0,4,0.7736549046044264
1,3,4,0.012864584733972605
2,2,4,0.3099009652134965
1,3,4,NaN
1,3,4,NaN
1,3,4,0.5836556595239325
2,2,4,NaN
2,2,4,NaN
1,3,4,NaN
1,3,4,NaN
1,3,4,0.7087129780995387
4,0,4,NaN
3,1,4,0.7736549046044264
1,3,4,0.978688725622109
1,3,4,0.8655008786900369
2,2,4,NaN
1,3,4,NaN
2,2,4,0.019400645343705825
2,2,4,NaN
1,3,4,NaN
2,2,4,NaN
1,3,4,NaN
1,3,4,NaN
1,3,4,0.3475206411168461
1,3,4,NaN
3,1,4,NaN
3,1,4,NaN
1,3,4,NaN
1,3,4,NaN
1,3,4,NaN
4,0,4,NaN
1,3,4,0.5376043881865737
2,2,4,NaN
1,3,4,NaN
1,3,4,NaN
1,3,4,0.2723000524553572
2,2,4,NaN
2,2,4,0.9677549750289749
1,3,4,NaN
1,3,4,0.7736549046044264
1,3,4,NaN
1,3,4,NaN
1,3,4,0.6282574491159135
2,2,4,NaN
2,2,4,0.9602229766652525
2,2,4,NaN
1,3,4,0.013166985494505864
1,3,4,NaN
2,2,4,0.12419113446657558
2,2,4,NaN
1,3,4,NaN
2,2,4,NaN
2,2,4,NaN
1,3,4,0.6706377302926072
1,3,4,0.3099009652134965
1,3,4,0.3950893865694002
2,2,4,NaN
1,3,4,0.5376043881865737
1,3,4,NaN
1,3,4,NaN
1,3,4,0.9319218086742755
1,3,4,NaN
1,3,4,0.06939490266838858
1,3,4,NaN
2,2,4,NaN
1,3,4,NaN
1,3,4,NaN
1,3,4,NaN
2,2,4,0.3950893865694002
1,3,4,NaN
1,3,4,NaN
2,2,4,NaN
1,3,4,NaN
1,3,4,0.4920422445583172
1,3,4,NaN
1,3,4,0.2054386262940906
1,3,4,NaN
1,3,4,NaN
1,3,4,0.4920422445583172
1,3,4,NaN
3,1,4,NaN
1,3,4,NaN
2,2,4,NaN
1,3,4,NaN
1,3,4,NaN
1,3,4,NaN
1,3,4,0.002968079223927906
3,1,4,0.05338838749999978
1,3,4,NaN
3,1,4,0.017936625825384724
2,2,4,0.3950893865694002
1,3,4,NaN
1,3,4,NaN
2,2,4,0.9349034430105139
2,2,4,0.36598546130229875
1,3,4,NaN
1,3,4,NaN
1,3,4,NaN
1,3,4,NaN
1,3,4,0.23609730939414558
1,3,4,0.3182800732735301
1,3,4,0.6192052063071919
3,1,4,0.8655008786900369
2,2,4,0.17721222719246632
1,3,4,0.8014691082975914
1,3,4,0.6282574491159135
1,3,4,0.8453965225401804
1,3,4,0.9381324881358537
2,2,4,0.030135545827633423
1,3,4,NaN
1,3,4,NaN
2,2,4,NaN
1,3,4,0.4920422445583172
1,3,4,0.9405257031659899
1,3,4,NaN
2,2,4,0.039687384300341605
3,1,4,0.7087129780995387
1,3,4,0.008767950465226255
1,3,4,NaN
1,3,4,0.0024387807609170097
1,3,4,NaN
1,3,4,NaN
2,2,4,0.6706377302926072
1,3,4,NaN
1,3,4,NaN
1,3,4,NaN
1,3,4,0.7736549046044264
1,3,4,NaN
2,2,4,NaN
1,3,4,NaN
1,3,4,0.2054386262940906
1,3,4,NaN
1,3,4,NaN
1,3,4,0.4431893633910816
1,3,4,NaN
1,3,4,NaN
1,3,4,0.5376043881865737
1,3,4,NaN
1,3,4,NaN
1,3,4,NaN
1,3,4,NaN
2,2,4,0.15407061357868015
2,2,4,NaN
2,2,4,0.10045034179729417
1,3,4,0.8234957828997682
1,3,4,0.7087129780995387
1,3,4,NaN
1,3,4,0.034605295647823726
1,3,4,NaN
2,2,4,0.8999851143675383
1,3,4,0.14826169268766834
1,3,4,NaN
1,3,4,NaN
1,3,4,NaN
1,3,4,0.8014691082975914
2,2,4,0.5387890686185169
1,3,4,0.9152375708831951
1,3,4,0.0986538124916049
1,3,4,NaN
1,3,4,NaN
1,3,4,NaN
1,3,4,NaN
2,2,4,NaN
1,3,4,NaN
1,3,4,0.5836556595239325
1,3,4,NaN
1,3,4,NaN
1,3,4,0.41414018890909854
1,3,4,0.039687384300341605
1,3,4,0.5836556595239325
1,3,4,NaN
1,3,4,NaN
1,3,4,NaN
1,3,4,NaN
1,3,4,NaN
1,3,4,NaN
1,3,4,NaN
1,3,4,NaN
1,3,4,0.07287517728397767
1,3,4,NaN
1,3,4,0.8999851143675383
1,3,4,NaN
1,3,4,0.2723000524553572
2,2,4,NaN
1,3,4,0.6706377302926072
1,3,4,NaN
1,3,4,0.0213685999999998
1,3,4,0.2723000524553572
1,3,4,NaN
4,0,4,0.8014691082975914
1,3,4,NaN
1,3,4,0.742601995273523
1,3,4,NaN
2,2,4,NaN
1,3,4,0.1150424729161512
2,2,4,NaN
1,3,4,NaN
1,3,4,NaN
1,3,4,0.3099009652134965
1,3,4,NaN
1,3,4,0.3099009652134965
1,3,4,NaN
2,2,4,NaN
2,2,4,NaN
1,3,4,0.5836556595239325
1,3,4,0.2054386262940906
2,2,4,NaN
1,3,4,NaN
1,3,4,NaN
1,3,4,NaN
1,3,4,NaN
1,3,4,0.05338838749999978
1,3,4,NaN
2,2,4,NaN
1,3,4,0.07287517728397767
1,3,4,0.2054386262940906
1,3,4,NaN
1,3,4,0.7087129780995387
1,3,4,NaN
1,3,4,NaN
1,3,4,0.05338838749999978
1,3,4,0.04915197611163579
1,3,4,NaN
1,3,4,0.9405257031659899
1,3,4,NaN
1,3,4,0.8999851143675383
1,3,4,NaN
1,3,4,NaN
1,3,4,0.4431893633910816
1,3,4,0.5833748122538633
1,3,4,NaN
1,3,4,NaN
1,3,4,NaN
1,3,4,NaN
1,3,4,NaN
0,4,4,0.3099009652134965
0,4,4,0.8234957828997682
0,4,4,0.52052124336981
0,4,4,NaN
0,4,4,NaN
0,4,4,NaN
0,4,4,NaN
0,4,4,NaN
0,4,4,0.5376043881865737
0,4,4,0.7087129780995387
0,4,4,NaN
0,4,4,NaN
0,4,4,0.06273758667360736
0,4,4,NaN
0,4,4,0.5376043881865737
0,4,4,0.8014691082975914
0,4,4,NaN
0,4,4,0.2723000524553572
0,4,4,NaN
0,4,4,NaN
0,4,4,0.742601995273523
0,4,4,NaN
0,4,4,0.10168684257162194
0,4,4,NaN
0,4,4,NaN
0,4,4,0.5376043881865737
0,4,4,NaN
0,4,4,NaN
0,4,4,0.8655008786900369
0,4,4,NaN
0,4,4,NaN
0,4,4,NaN
0,4,4,0.2054386262940906
0,4,4,NaN
0,4,4,NaN
0,4,4,0.05338838749999978
0,4,4,0.0986538124916049
0,4,4,0.08491645534150608
0,4,4,0.8234957828997682
0,4,4,NaN
0,4,4,NaN
0,4,4,NaN
0,4,4,NaN
0,4,4,0.6282574491159135
0,4,4,NaN
0,4,4,NaN
0,4,4,0.15407061357868015
0,4,4,0.34936774434310386
0,4,4,NaN
0,4,4,NaN
0,4,4,NaN
0,4,4,0.9924179942680554
0,4,4,0.5836556595239325
0,4,4,NaN
0,4,4,NaN
0,4,4,0.0986538124916049
0,4,4,NaN
0,4,4,0.6282574491159135
0,4,4,NaN
0,4,4,NaN
0,4,4,NaN
0,4,4,NaN
0,4,4,NaN
0,4,4,NaN
0,4,4,NaN
0,4,4,NaN
0,4,4,NaN
0,4,4,0.5376043881865737
0,4,4,NaN
0,4,4,0.7087129780995387
0,4,4,NaN
0,4,4,NaN
0,4,4,0.15407061357868015
0,4,4,NaN
0,4,4,0.7736549046044264
0,4,4,NaN
0,4,4,NaN
0,4,4,NaN
0,4,4,0.3950893865694002
0,4,4,NaN
0,4,4,0.7736549046044264
0,4,4,NaN
0,4,4,0.15407061357868015
0,4,4,0.05523994776694564
0,4,4,NaN
0,4,4,NaN
0,4,4,NaN
0,4,4,NaN
0,4,4,NaN
0,4,4,NaN
0,4,4,0.34936774434310386
0,4,4,NaN
0,4,4,NaN
0,4,4,NaN
0,4,4,0.00389102925731458
0,4,4,NaN
0,4,4,NaN
0,4,4,NaN
0,4,4,NaN
0,4,4,NaN
0,4,4,NaN
0,4,4,NaN
0,4,4,NaN
0,4,4,NaN
0,4,4,NaN
0,4,4,NaN
0,4,4,NaN
0,4,4,NaN
0,4,4,0.06273758667360736
0,4,4,0.22892562212508571
0,4,4,NaN
0,4,4,0.04631332256059672
0,4,4,NaN
0,4,4,0.00018822845981792316
0,4,4,NaN
0,4,4,0.5836556595239325
0,4,4,NaN
0,4,4,0.2723000524553572
0,4,4,NaN
0,4,4,0.8014691082975914
0,4,4,NaN
0,4,4,0.034605295647823726
0,4,4,NaN
0,4,4,NaN
0,4,4,0.8453965225401804
0,4,4,0.05338838749999978
0,4,4,NaN
0,4,4,NaN
0,4,4,NaN
0,4,4,NaN
0,4,4,NaN
0,4,4,NaN
0,4,4,NaN
0,4,4,NaN
0,4,4,NaN
0,4,4,0.4431893633910816
0,4,4,NaN
0,4,4,NaN
0,4,4,NaN
0,4,4,0.07287517728397767
0,4,4,NaN
0,4,4,0.13126192924617558
0,4,4,0.742601995273523
0,4,4,NaN
0,4,4,NaN
0,4,4,0.0004041169558832967
0,4,4,0.4431893633910816
0,4,4,NaN
0,4,4,NaN
0,4,4,NaN
0,4,4,NaN
0,4,4,NaN
0,4,4,NaN
0,4,4,0.5376043881865737
0,4,4,0.5836556595239325
0,4,4,NaN
0,4,4,NaN
0,4,4,NaN
0,4,4,NaN
0,4,4,NaN
0,4,4,NaN
0,4,4,NaN
0,4,4,0.6706377302926072
0,4,4,NaN
0,4,4,NaN
0,4,4,NaN
0,4,4,NaN
0,4,4,NaN
0,4,4,NaN
0,4,4,NaN
0,4,4,NaN
0,4,4,0.9677549750289749
0,4,4,NaN
0,4,4,NaN
0,4,4,NaN
0,4,4,NaN
0,4,4,0.6706377302926072
0,4,4,NaN
0,4,4,NaN
0,4,4,0.7087129780995387
0,4,4,NaN
0,4,4,NaN
0,4,4,NaN
0,4,4,0.8453965225401804
0,4,4,0.13349194201575146
0,4,4,NaN
0,4,4,0.6706377302926072
0,4,4,0.2723000524553572
0,4,4,NaN
0,4,4,NaN
0,4,4,NaN
0,4,4,0.08491645534150608
0,4,4,NaN
0,4,4,NaN
0,4,4,NaN
0,4,4,0.9507681516607924
0,4,4,NaN
0,4,4,NaN
0,4,4,NaN
0,4,4,NaN
0,4,4,NaN
0,4,4,NaN
0,4,4,NaN
0,4,4,NaN
0,4,4,NaN
0,4,4,0.8999851143675383
0,4,4,NaN
0,4,4,NaN
0,4,4,NaN
0,4,4,NaN
0,4,4,0.164571506094559
0,4,4,NaN
0,4,4,NaN
0,4,4,NaN
0,4,4,0.011147134228187437
0,4,4,0.23609730939414558
0,4,4,0.06273758667360736
0,4,4,0.4340601641755462
0,4,4,NaN
0,4,4,0.5017060956183681
0,4,4,NaN
0,4,4,NaN
0,4,4,0.5836556595239325
0,4,4,NaN
0,4,4,NaN
0,4,4,NaN
0,4,4,NaN
0,4,4,NaN
0,4,4,NaN
0,4,4,NaN
0,4,4,NaN
0,4,4,0.34936774434310386
0,4,4,0.06273758667360736
0,4,4,0.34936774434310386
0,4,4,NaN
0,4,4,0.9405257031659899
0,4,4,NaN
0,4,4,NaN
0,4,4,NaN
0,4,4,0.6282574491159135
0,4,4,NaN
0,4,4,NaN
0,4,4,0.13349194201575146
0,4,4,0.2723000524553572
0,4,4,0.034605295647823726
0,4,4,NaN
0,4,4,NaN
0,4,4,0.35587510978385445
0,4,4,0.3950893865694002
0,4,4,NaN
0,4,4,0.039687384300341605
0,4,4,0.0986538124916049
0,4,4,NaN
0,4,4,0.0005180965757389616
0,4,4,0.4431893633910816
0,4,4,0.9602229766652525
0,4,4,NaN
0,4,4,NaN
0,4,4,0.8743584079535861
0,4,4,NaN
0,4,4,NaN
0,4,4,NaN
0,4,4,0.9152375708831951
0,4,4,0.2723000524553572
0,4,4,NaN
0,4,4,0.17721222719246632
0,4,4,NaN
0,4,4,NaN
0,4,4,NaN
0,4,4,0.4920422445583172
0,4,4,0.23609730939414558
0,4,4,0.030135545827633423
0,4,4,NaN
0,4,4,NaN
0,4,4,0.8655008786900369
0,4,4,NaN
0,4,4,NaN
0,4,4,NaN
0,4,4,NaN
0,4,4,0.08491645534150608
0,4,4,NaN
0,4,4,NaN
0,4,4,0.742601995273523
0,4,4,0.004813960230890755
0,4,4,0.34936774434310386
0,4,4,NaN
0,4,4,0.3099009652134965
0,4,4,NaN
0,4,4,NaN
0,4,4,0.6282574491159135
0,4,4,NaN
0,4,4,0.15407061357868015
0,4,4,NaN
0,4,4,NaN
0,4,4,NaN
0,4,4,0.3099009652134965
0,4,4,0.0118890760431947
0,4,4,NaN
0,4,4,NaN
0,4,4,0.7087129780995387
0,4,4,NaN
0,4,4,0.030135545827633423
0,4,4,NaN
0,4,4,NaN
0,4,4,NaN
0,4,4,NaN
0,4,4,NaN
0,4,4,NaN
0,4,4,0.742601995273523
0,4,4,NaN
0,4,4,NaN
0,4,4,0.8827667358654245
0,4,4,NaN
0,4,4,0.9152375708831951
0,4,4,NaN
0,4,4,0.4880429237151646
0,4,4,NaN
0,4,4,NaN
0,4,4,NaN
0,4,4,0.9854887762528594
0,4,4,NaN
0,4,4,NaN
0,4,4,NaN
0,4,4,NaN
0,4,4,NaN
0,4,4,NaN
0,4,4,0.0009894865663354674
0,4,4,NaN
0,4,4,NaN
0,4,4,NaN
0,4,4,0.23609730939414558
0,4,4,0.004708926795579234
0,4,4,NaN
0,4,4,0.6706377302926072
0,4,4,NaN
0,4,4,0.5836556595239325
0,4,4,0.0213685999999998
0,4,4,0.413069875026209
0,4,4,NaN
0,4,4,NaN
0,4,4,NaN
0,4,4,NaN
0,4,4,NaN
0,4,4,0.034605295647823726
0,4,4,NaN
0,4,4,NaN
0,4,4,NaN
0,4,4,NaN
0,4,4,0.8655008786900369
0,4,4,NaN
0,4,4,NaN
0,4,4,0.6282574491159135
0,4,4,NaN
0,4,4,0.13349194201575146
0,4,4,NaN
0,4,4,NaN
0,4,4,NaN
0,4,4,0.8655008786900369
0,4,4,NaN
0,4,4,0.34936774434310386
0,4,4,NaN
0,4,4,NaN
0,4,4,NaN
0,4,4,NaN
0,4,4,NaN
0,4,4,NaN
0,4,4,NaN
0,4,4,0.6282574491159135
0,4,4,NaN
0,4,4,NaN
0,4,4,0.34936774434310386
0,4,4,0.3596042399916766
0,4,4,NaN
0,4,4,NaN
0,4,4,0.742601995273523
0,4,4,0.0986538124916049
0,4,4,0.6706377302926072
0,4,4,NaN
0,4,4,0.013166985494505864
0,4,4,NaN
0,4,4,NaN
0,4,4,0.4920422445583172
0,4,4,0.8999851143675383
0,4,4,0.3269298295952523
0,4,4,0.3099009652134965
0,4,4,NaN
0,4,4,NaN
0,4,4,NaN
0,4,4,NaN
0,4,4,NaN
0,4,4,0.6282574491159135
0,4,4,NaN
0,4,4,NaN
0,4,4,0.9677549750289749
0,4,4,NaN
0,4,4,NaN
0,4,4,0.8827667358654245
0,4,4,NaN
0,4,4,0.15407061357868015
0,4,4,NaN
0,4,4,NaN
0,4,4,0.7087129780995387
0,4,4,0.15407061357868015
0,4,4,0.6706377302926072
0,4,4,NaN
0,4,4,4.7825251218679835e-5
0,4,4,NaN
0,4,4,NaN
0,4,4,NaN
0,4,4,NaN
0,4,4,NaN
0,4,4,NaN
0,4,4,0.3950893865694002
0,4,4,NaN
0,4,4,NaN
0,4,4,NaN
0,4,4,0.1150424729161512
0,4,4,NaN
0,4,4,NaN
0,4,4,NaN
0,4,4,NaN
0,4,4,NaN
0,4,4,NaN
0,4,4,NaN
0,4,4,NaN
0,4,4,NaN
0,4,4,0.4431893633910816
0,4,4,NaN
0,4,4,0.4431893633910816
0,4,4,NaN
0,4,4,NaN
0,4,4,0.2723000524553572
0,4,4,0.4431893633910816
0,4,4,NaN
0,4,4,NaN
0,4,4,NaN
0,4,4,0.0213685999999998
0,4,4,NaN
0,4,4,0.6282574491159135
0,4,4,NaN
0,4,4,NaN
0,4,4,NaN
0,4,4,NaN
0,4,4,NaN
0,4,4,NaN
0,4,4,NaN
0,4,4,NaN
0,4,4,0.8655008786900369
0,4,4,0.9809153258638088
0,4,4,NaN
0,4,4,NaN
0,4,4,NaN
0,4,4,0.4920422445583172
0,4,4,0.41997458657555387
0,4,4,NaN
0,4,4,NaN
0,4,4,NaN
0,4,4,0.6706377302926072
0,4,4,0.8655008786900369
0,4,4,NaN
0,4,4,NaN
0,4,4,NaN
0,4,4,NaN
0,4,4,NaN
0,4,4,0.6282574491159135
0,4,4,NaN
0,4,4,0.3950893865694002
0,4,4,NaN
0,4,4,NaN
0,4,4,0.4920422445583172
0,4,4,0.0001791240899820145
0,4,4,NaN
0,4,4,NaN
0,4,4,NaN
0,4,4,0.6970776020768737
0,4,4,NaN
0,4,4,NaN
0,4,4,NaN
0,4,4,NaN
0,4,4,0.017936625825384724
0,4,4,0.06273758667360736
0,4,4,NaN
0,4,4,NaN
0,4,4,0.9152375708831951
0,4,4,0.15407061357868015
0,4,4,NaN
0,4,4,NaN
0,4,4,NaN
0,4,4,NaN
0,4,4,0.4431893633910816
0,4,4,NaN
0,4,4,NaN
0,4,4,NaN
0,4,4,NaN
0,4,4,0.2723000524553572
0,4,4,NaN
0,4,4,NaN
0,4,4,NaN
0,4,4,NaN
0,4,4,0.7087129780995387
0,4,4,0.9854887762528594
0,4,4,NaN
0,4,4,NaN
0,4,4,NaN
0,4,4,NaN
0,4,4,NaN
0,4,4,0.4431893633910816
0,4,4,6.320754780143999e-6
0,4,4,NaN
0,4,4,NaN
0,4,4,NaN
0,4,4,NaN
0,4,4,NaN
0,4,4,0.13349194201575146
0,4,4,0.8655008786900369
0,4,4,NaN
0,4,4,NaN
0,4,4,NaN
0,4,4,0.6282574491159135
0,4,4,NaN
0,4,4,NaN
0,4,4,NaN
0,4,4,NaN
0,4,4,0.7087129780995387
0,4,4,0.6706377302926072
0,4,4,0.8686548281869972
0,4,4,NaN
0,4,4,0.9405257031659899
0,4,4,0.8014691082975914
0,4,4,NaN
0,4,4,0.5836556595239325
0,4,4,NaN
0,4,4,NaN
0,4,4,0.8234957828997682
0,4,4,0.4920422445583172
0,4,4,0.08491645534150608
0,4,4,NaN
0,4,4,NaN
0,4,4,0.1364535519455008
0,4,4,NaN
0,4,4,NaN
0,4,4,NaN
0,4,4,0.413069875026209
0,4,4,NaN
0,4,4,NaN
0,4,4,NaN
0,4,4,0.3950893865694002
0,4,4,NaN
0,4,4,NaN
0,4,4,0.8234957828997682
0,4,4,NaN
0,4,4,NaN
0,4,4,0.015310519823788312
0,4,4,NaN
0,4,4,NaN
0,4,4,NaN
0,4,4,0.025688675504669942
0,4,4,0.6706377302926072
0,4,4,NaN
0,4,4,0.6523036654737471
0,4,4,NaN
0,4,4,NaN
0,4,4,NaN
0,4,4,NaN
0,4,4,NaN
0,4,4,NaN
0,4,4,NaN
0,4,4,NaN
0,4,4,NaN
0,4,4,NaN
0,4,4,NaN
0,4,4,NaN
0,4,4,0.04631332256059672
0,4,4,NaN
0,4,4,NaN
0,4,4,NaN
0,4,4,NaN
0,4,4,NaN
0,4,4,NaN
0,4,4,NaN
0,4,4,NaN
0,4,4,NaN
0,4,4,NaN
0,4,4,NaN
0,4,4,NaN
0,4,4,NaN
0,4,4,0.02175486564365907
0,4,4,NaN
0,4,4,0.4431893633910816
0,4,4,0.20904490099805192
0,4,4,0.012864584733972605
0,4,4,0.3099009652134965
0,4,4,0.6706377302926072
0,4,4,NaN
0,4,4,NaN
0,4,4,NaN
0,4,4,NaN
0,4,4,NaN
0,4,4,NaN
0,4,4,NaN
0,4,4,0.3930756186940605
0,4,4,0.8297210654737259
0,4,4,NaN
0,4,4,NaN
0,4,4,NaN
0,4,4,NaN
0,4,4,NaN
0,4,4,NaN
0,4,4,NaN
0,4,4,NaN
0,4,4,NaN
0,4,4,NaN
0,4,4,NaN
0,4,4,NaN
0,4,4,0.4431893633910816
0,4,4,NaN
0,4,4,NaN
0,4,4,NaN
0,4,4,0.11540943935465615
0,4,4,0.34936774434310386
0,4,4,NaN
0,4,4,NaN
0,4,4,0.025688675504669942
0,4,4,NaN
0,4,4,NaN
0,4,4,NaN
0,4,4,NaN
0,4,4,NaN
0,4,4,NaN
0,4,4,NaN
0,4,4,NaN
0,4,4,0.2723000524553572
0,4,4,NaN
0,4,4,NaN
0,4,4,0.05338838749999978
0,4,4,NaN
0,4,4,NaN
0,4,4,NaN
0,4,4,0.13349194201575146
0,4,4,NaN
0,4,4,NaN
0,4,4,NaN
0,4,4,0.34936774434310386
0,4,4,0.17721222719246632
0,4,4,NaN
0,4,4,NaN
0,4,4,NaN
0,4,4,0.025688675504669942
0,4,4,NaN
0,4,4,NaN
0,4,4,NaN
0,4,4,NaN
0,4,4,NaN
0,4,4,NaN
0,4,4,NaN
0,4,4,0.4431893633910816
0,4,4,NaN
0,4,4,NaN
0,4,4,0.7087129780995387
0,4,4,0.13349194201575146
0,4,4,0.024674990348534435
0,4,4,0.15407061357868015
0,4,4,NaN
0,4,4,0.23609730939414558
0,4,4,0.011878288099172778
0,4,4,0.039687384300341605
0,4,4,NaN
0,4,4,NaN
0,4,4,0.08491645534150608
0,4,4,0.8014691082975914
0,4,4,NaN
0,4,4,0.9747364638126857
0,4,4,NaN
0,4,4,0.9677549750289749
0,4,4,0.7736549046044264
0,4,4,NaN
0,4,4,NaN
0,4,4,NaN
0,4,4,NaN
0,4,4,NaN
0,4,4,NaN
0,4,4,0.3950893865694002
0,4,4,NaN
0,4,4,NaN
0,4,4,0.0213685999999998
0,4,4,NaN
0,4,4,NaN
0,4,4,0.8234957828997682
0,4,4,NaN
0,4,4,NaN
0,4,4,NaN
0,4,4,NaN
0,4,4,NaN
0,4,4,NaN
0,4,4,0.8659916222049314
0,4,4,0.13349194201575146
0,4,4,NaN
0,4,4,0.4431893633910816
0,4,4,NaN
0,4,4,NaN
0,4,4,0.8655008786900369
0,4,4,NaN
0,4,4,NaN
0,4,4,0.34018247442581806
0,4,4,0.6282574491159135
0,4,4,0.4431893633910816
0,4,4,0.06273758667360736
0,4,4,NaN
0,4,4,NaN
0,4,4,NaN
0,4,4,NaN
0,4,4,NaN
0,4,4,0.7087129780995387
0,4,4,NaN
0,4,4,NaN
0,4,4,NaN
0,4,4,NaN
0,4,4,NaN
0,4,4,0.07287517728397767
0,4,4,NaN
0,4,4,0.2054386262940906
0,4,4,NaN
0,4,4,NaN
0,4,4,NaN
0,4,4,0.4920422445583172
0,4,4,0.3950893865694002
0,4,4,0.23609730939414558
0,4,4,NaN
0,4,4,0.2723000524553572
0,4,4,0.0986538124916049
0,4,4,NaN
0,4,4,0.4920422445583172
0,4,4,NaN
0,4,4,NaN
0,4,4,NaN
0,4,4,NaN
0,4,4,NaN
0,4,4,NaN
0,4,4,NaN
0,4,4,0.6706377302926072
0,4,4,NaN
0,4,4,NaN
0,4,4,NaN
0,4,4,0.532818808701456
0,4,4,0.8453965225401804
0,4,4,0.9602229766652525
0,4,4,NaN
0,4,4,NaN
0,4,4,0.4920422445583172
0,4,4,NaN
0,4,4,NaN
0,4,4,NaN
0,4,4,NaN
0,4,4,NaN
0,4,4,NaN
0,4,4,NaN
0,4,4,0.8014691082975914
0,4,4,NaN
0,4,4,NaN
0,4,4,NaN
0,4,4,NaN
0,4,4,NaN
0,4,4,NaN
0,4,4,NaN
0,4,4,0.4431893633910816
0,4,4,0.413069875026209
0,4,4,NaN
0,4,4,0.05177307096822225
0,4,4,NaN
0,4,4,0.5836556595239325
0,4,4,NaN
0,4,4,NaN
0,4,4,NaN
0,4,4,NaN
0,4,4,NaN
0,4,4,0.5836556595239325
0,4,4,NaN
0,4,4,0.8014691082975914
0,4,4,NaN
0,4,4,NaN
0,4,4,NaN
0,4,4,NaN
0,4,4,NaN
0,4,4,NaN
0,4,4,NaN
0,4,4,NaN
0,4,4,NaN
0,4,4,0.8999851143675383
0,4,4,NaN
0,4,4,NaN
0,4,4,NaN
0,4,4,NaN
0,4,4,NaN
0,4,4,0.2723000524553572
0,4,4,NaN
0,4,4,NaN
0,4,4,0.5836556595239325
0,4,4,0.23609730939414558
0,4,4,NaN
0,4,4,NaN
0,4,4,NaN
0,4,4,NaN
0,4,4,0.039687384300341605
0,4,4,NaN
0,4,4,0.07287517728397767
0,4,4,NaN
0,4,4,NaN
0,4,4,0.7087129780995387
0,4,4,NaN
0,4,4,NaN
0,4,4,NaN
0,4,4,0.4431893633910816
0,4,4,0.9507681516607924
0,4,4,0.3950893865694002
0,4,4,NaN
0,4,4,0.5642578354194537
0,4,4,0.8999851143675383
0,4,4,NaN
0,4,4,NaN
0,4,4,0.05338838749999978
0,4,4,0.6728478147248717
0,4,4,NaN
0,4,4,NaN
0,4,4,0.0986538124916049
0,4,4,NaN
0,4,4,NaN
0,4,4,0.4920422445583172
0,4,4,0.5376043881865737
0,4,4,0.7087129780995387
0,4,4,NaN
0,4,4,NaN
0,4,4,NaN
0,4,4,0.2054386262940906
0,4,4,NaN
0,4,4,0.00017342353460541018
0,4,4,NaN
0,4,4,0.2723000524553572
0,4,4,NaN
0,4,4,NaN
0,4,4,0.4920422445583172
0,4,4,NaN
0,4,4,NaN
0,4,4,0.23609730939414558
0,4,4,0.8827667358654245
0,4,4,NaN
0,4,4,NaN
0,4,4,NaN
0,4,4,0.15407061357868015
0,4,4,NaN
0,4,4,NaN
0,4,4,0.05338838749999978
0,4,4,NaN
0,4,4,NaN
0,4,4,0.0006160356391879222
0,4,4,0.5987534520872468
0,4,4,NaN
0,4,4,NaN
0,4,4,0.15407061357868015
0,4,4,NaN
0,4,4,NaN
0,4,4,0.742601995273523
0,4,4,NaN
0,4,4,NaN
0,4,4,NaN
0,4,4,NaN
0,4,4,NaN
0,4,4,NaN
0,4,4,NaN
0,4,4,NaN
0,4,4,0.06273758667360736
0,4,4,NaN
0,4,4,NaN
0,4,4,NaN
0,4,4,NaN
0,4,4,NaN
0,4,4,0.039687384300341605
0,4,4,NaN
0,4,4,0.0005629074754212882
0,4,4,0.2979662208686485
0,4,4,NaN
0,4,4,NaN
0,4,4,NaN
0,4,4,NaN
0,4,4,0.5376043881865737
0,4,4,0.04631332256059672
0,4,4,NaN
0,4,4,NaN
0,4,4,0.8999851143675383
0,4,4,NaN
0,4,4,0.7736549046044264
0,4,4,NaN
0,4,4,NaN
0,4,4,NaN
0,4,4,NaN
0,4,4,0.8827667358654245
0,4,4,0.742601995273523
0,4,4,NaN
0,4,4,NaN
0,4,4,7.396398055009766e-5
0,4,4,NaN
0,4,4,NaN
0,4,4,0.7087129780995387
0,4,4,NaN
0,4,4,0.9677549750289749
0,4,4,0.8999851143675383
0,4,4,NaN
0,4,4,NaN
0,4,4,NaN
0,4,4,0.08491645534150608
0,4,4,NaN
0,4,4,0.13349194201575146
0,4,4,NaN
0,4,4,0.17721222719246632
0,4,4,0.04631332256059672
0,4,4,NaN
0,4,4,NaN
0,4,4,NaN
0,4,4,NaN
0,4,4,NaN
0,4,4,NaN
0,4,4,NaN
0,4,4,NaN
0,4,4,NaN
0,4,4,0.4920422445583172
0,4,4,0.04631332256059672
0,4,4,NaN
0,4,4,NaN
0,4,4,NaN
0,4,4,0.1150424729161512
0,4,4,NaN
0,4,4,NaN
0,4,4,0.9924179942680554
0,4,4,NaN
0,4,4,NaN
0,4,4,NaN
0,4,4,NaN
0,4,4,NaN
0,4,4,0.8014691082975914
0,4,4,NaN
0,4,4,0.02536248114538156
0,4,4,NaN
0,4,4,NaN
0,4,4,NaN
0,4,4,NaN
0,4,4,0.6282574491159135
0,4,4,0.8999851143675383
0,4,4,NaN
0,4,4,NaN
0,4,4,NaN
0,4,4,NaN
0,4,4,NaN
0,4,4,NaN
0,4,4,NaN
0,4,4,NaN
0,4,4,0.3099009652134965
0,4,4,NaN
0,4,4,0.17721222719246632
0,4,4,0.1150424729161512
0,4,4,0.6282574491159135
0,4,4,NaN
0,4,4,NaN
0,4,4,NaN
0,4,4,NaN
0,4,4,NaN
0,4,4,0.9677549750289749
0,4,4,NaN
0,4,4,NaN
0,4,4,NaN
0,4,4,0.9405257031659899
3,0,3,NaN
3,0,3,NaN
3,0,3,NaN
2,1,3,NaN
3,0,3,NaN
1,2,3,NaN
1,2,3,NaN
3,0,3,NaN
1,2,3,NaN
2,1,3,NaN
2,1,3,0.742601995273523
2,1,3,NaN
2,1,3,NaN
3,0,3,NaN
2,1,3,NaN
3,0,3,NaN
2,1,3,0.7736549046044264
3,0,3,NaN
3,0,3,0.7736549046044264
1,2,3,NaN
3,0,3,0.06273758667360736
3,0,3,0.025688675504669942
3,0,3,NaN
1,2,3,NaN
3,0,3,NaN
3,0,3,0.08491645534150608
3,0,3,NaN
3,0,3,NaN
3,0,3,NaN
2,1,3,NaN
1,2,3,NaN
2,1,3,0.3950893865694002
2,1,3,NaN
3,0,3,0.6282574491159135
2,1,3,NaN
2,1,3,0.15407061357868015
3,0,3,0.011147134228187437
3,0,3,0.6282574491159135
2,1,3,0.2723000524553572
3,0,3,0.9152375708831951
2,1,3,NaN
3,0,3,NaN
2,1,3,NaN
2,1,3,0.6282574491159135
2,1,3,NaN
3,0,3,NaN
3,0,3,NaN
2,1,3,NaN
2,1,3,NaN
2,1,3,0.3950893865694002
2,1,3,0.08491645534150608
1,2,3,NaN
3,0,3,NaN
3,0,3,NaN
3,0,3,NaN
3,0,3,NaN
2,1,3,NaN
3,0,3,0.13349194201575146
3,0,3,NaN
1,2,3,0.039687384300341605
2,1,3,NaN
2,1,3,0.8453965225401804
2,1,3,NaN
3,0,3,NaN
2,1,3,NaN
3,0,3,NaN
2,1,3,NaN
2,1,3,NaN
3,0,3,NaN
2,1,3,NaN
3,0,3,NaN
3,0,3,0.6282574491159135
2,1,3,NaN
2,1,3,NaN
3,0,3,0.8655008786900369
2,1,3,0.17721222719246632
1,2,3,0.05507340176673581
1,2,3,NaN
1,2,3,NaN
2,1,3,NaN
2,1,3,0.6282574491159135
2,1,3,NaN
3,0,3,NaN
3,0,3,NaN
2,1,3,0.00018994767713243247
2,1,3,NaN
3,0,3,0.6282574491159135
2,1,3,0.3950893865694002
2,1,3,NaN
1,2,3,0.034605295647823726
2,1,3,NaN
3,0,3,NaN
1,2,3,0.3950893865694002
2,1,3,NaN
2,1,3,NaN
3,0,3,NaN
3,0,3,0.2054386262940906
2,1,3,NaN
3,0,3,NaN
1,2,3,NaN
2,1,3,NaN
3,0,3,NaN
1,2,3,0.6282574491159135
2,1,3,0.6706377302926072
1,2,3,0.9854887762528594
3,0,3,0.2723000524553572
3,0,3,0.2723000524553572
2,1,3,NaN
3,0,3,NaN
3,0,3,NaN
2,1,3,NaN
2,1,3,0.04631332256059672
3,0,3,0.9290197578706562
3,0,3,NaN
2,1,3,NaN
2,1,3,0.0009478977572843487
3,0,3,NaN
2,1,3,0.7087129780995387
1,2,3,NaN
1,2,3,NaN
3,0,3,NaN
3,0,3,NaN
2,1,3,NaN
2,1,3,0.0986538124916049
3,0,3,0.9152375708831951
3,0,3,NaN
3,0,3,NaN
1,2,3,NaN
3,0,3,NaN
3,0,3,0.15407061357868015
3,0,3,NaN
3,0,3,0.1867372117591186
3,0,3,NaN
3,0,3,NaN
3,0,3,0.6282574491159135
3,0,3,NaN
2,1,3,NaN
2,1,3,0.8827667358654245
3,0,3,0.5836556595239325
2,1,3,NaN
1,2,3,0.867707255406096
3,0,3,NaN
1,2,3,NaN
2,1,3,0.030135545827633423
2,1,3,0.9677549750289749
2,1,3,NaN
3,0,3,NaN
3,0,3,NaN
1,2,3,NaN
3,0,3,NaN
3,0,3,0.0024387807609170097
1,2,3,NaN
2,1,3,NaN
2,1,3,NaN
3,0,3,NaN
2,1,3,NaN
2,1,3,0.3950893865694002
2,1,3,NaN
1,2,3,NaN
2,1,3,NaN
3,0,3,NaN
2,1,3,0.8999851143675383
3,0,3,0.1150424729161512
3,0,3,NaN
1,2,3,NaN
3,0,3,NaN
1,2,3,NaN
3,0,3,NaN
2,1,3,NaN
1,2,3,0.6706377302926072
3,0,3,NaN
2,1,3,NaN
3,0,3,NaN
1,2,3,NaN
2,1,3,NaN
2,1,3,0.8999851143675383
3,0,3,NaN
2,1,3,NaN
1,2,3,NaN
1,2,3,NaN
3,0,3,0.6706377302926072
3,0,3,NaN
2,1,3,NaN
1,2,3,NaN
1,2,3,NaN
2,1,3,NaN
2,1,3,0.2054386262940906
2,1,3,NaN
2,1,3,NaN
2,1,3,NaN
2,1,3,NaN
3,0,3,0.7736549046044264
2,1,3,0.23609730939414558
3,0,3,NaN
1,2,3,NaN
1,2,3,NaN
3,0,3,0.3099009652134965
1,2,3,NaN
3,0,3,NaN
3,0,3,NaN
3,0,3,NaN
3,0,3,NaN
2,1,3,NaN
2,1,3,0.002968079223927906
3,0,3,NaN
2,1,3,NaN
1,2,3,NaN
2,1,3,NaN
3,0,3,NaN
3,0,3,NaN
3,0,3,NaN
2,1,3,NaN
3,0,3,NaN
2,1,3,NaN
2,1,3,NaN
3,0,3,NaN
1,2,3,NaN
3,0,3,0.34936774434310386
1,2,3,0.8655008786900369
1,2,3,0.8453965225401804
2,1,3,NaN
2,1,3,NaN
3,0,3,0.19404233934414283
2,1,3,NaN
3,0,3,NaN
1,2,3,0.9152375708831951
3,0,3,NaN
3,0,3,0.4920422445583172
3,0,3,NaN
2,1,3,0.00114645245901754
2,1,3,0.13349194201575146
1,2,3,0.7087129780995387
1,2,3,NaN
3,0,3,NaN
3,0,3,NaN
2,1,3,NaN
3,0,3,NaN
3,0,3,0.04631332256059672
1,2,3,0.3099009652134965
3,0,3,NaN
2,1,3,0.5915441626837562
1,2,3,0.2723000524553572
3,0,3,0.5376043881865737
2,1,3,0.030135545827633423
3,0,3,NaN
3,0,3,0.17721222719246632
1,2,3,NaN
3,0,3,NaN
3,0,3,NaN
3,0,3,0.9809153258638088
1,2,3,NaN
2,1,3,0.9602229766652525
3,0,3,NaN
2,1,3,NaN
3,0,3,NaN
2,1,3,NaN
3,0,3,NaN
2,1,3,0.38681452556590795
2,1,3,NaN
1,2,3,NaN
2,1,3,NaN
3,0,3,0.9405257031659899
3,0,3,0.2054386262940906
3,0,3,NaN
3,0,3,NaN
1,2,3,NaN
1,2,3,0.28362371139151094
3,0,3,NaN
3,0,3,0.004708926795579234
3,0,3,NaN
2,1,3,NaN
2,1,3,NaN
1,2,3,NaN
2,1,3,NaN
1,2,3,0.34936774434310386
2,1,3,0.05338838749999978
2,1,3,0.5836556595239325
1,2,3,NaN
2,1,3,0.8453965225401804
2,1,3,0.0986538124916049
3,0,3,NaN
1,2,3,NaN
2,1,3,NaN
3,0,3,NaN
3,0,3,0.9290197578706562
2,1,3,NaN
3,0,3,NaN
1,2,3,NaN
2,1,3,NaN
3,0,3,NaN
3,0,3,NaN
3,0,3,NaN
3,0,3,0.6706377302926072
1,2,3,NaN
1,2,3,NaN
3,0,3,NaN
1,2,3,NaN
2,1,3,0.3950893865694002
2,1,3,0.23609730939414558
3,0,3,NaN
2,1,3,NaN
3,0,3,NaN
3,0,3,NaN
3,0,3,0.7087129780995387
3,0,3,NaN
2,1,3,NaN
3,0,3,NaN
3,0,3,NaN
1,2,3,NaN
3,0,3,NaN
2,1,3,NaN
3,0,3,NaN
2,1,3,NaN
1,2,3,NaN
3,0,3,NaN
1,2,3,NaN
1,2,3,NaN
2,1,3,NaN
3,0,3,NaN
3,0,3,NaN
3,0,3,0.015310519823788312
2,1,3,0.9405257031659899
3,0,3,NaN
3,0,3,NaN
1,2,3,NaN
2,1,3,NaN
3,0,3,0.8234957828997682
3,0,3,NaN
3,0,3,NaN
3,0,3,NaN
1,2,3,NaN
3,0,3,0.8014691082975914
3,0,3,0.4431893633910816
1,2,3,NaN
3,0,3,0.19903255658106242
3,0,3,NaN
1,2,3,0.8453965225401804
3,0,3,NaN
2,1,3,NaN
2,1,3,0.742601995273523
3,0,3,NaN
3,0,3,NaN
2,1,3,0.4920422445583172
2,1,3,0.15407061357868015
3,0,3,0.5376043881865737
2,1,3,0.7736549046044264
1,2,3,NaN
2,1,3,0.6888049167702328
3,0,3,NaN
2,1,3,NaN
2,1,3,NaN
2,1,3,0.5376043881865737
3,0,3,NaN
1,2,3,NaN
1,2,3,NaN
1,2,3,0.5376043881865737
2,1,3,NaN
2,1,3,NaN
3,0,3,NaN
3,0,3,0.9405257031659899
3,0,3,NaN
1,2,3,0.00389102925731458
1,2,3,NaN
3,0,3,NaN
2,1,3,0.15407061357868015
3,0,3,0.4431893633910816
3,0,3,NaN
3,0,3,0.15407061357868015
3,0,3,NaN
3,0,3,NaN
2,1,3,NaN
3,0,3,NaN
2,1,3,0.8453965225401804
1,2,3,NaN
3,0,3,NaN
3,0,3,NaN
1,2,3,NaN
2,1,3,NaN
2,1,3,NaN
2,1,3,NaN
1,2,3,0.6779244120427131
1,2,3,0.742601995273523
1,2,3,0.9890426773313062
1,2,3,NaN
2,1,3,0.4431893633910816
2,1,3,0.05338838749999978
3,0,3,NaN
3,0,3,NaN
3,0,3,NaN
1,2,3,NaN
1,2,3,NaN
2,1,3,NaN
2,1,3,NaN
3,0,3,NaN
2,1,3,0.4920422445583172
3,0,3,NaN
2,1,3,0.4920422445583172
1,2,3,NaN
3,0,3,NaN
2,1,3,NaN
2,1,3,NaN
3,0,3,NaN
2,1,3,NaN
1,2,3,0.08491645534150608
2,1,3,NaN
3,0,3,NaN
2,1,3,0.034605295647823726
1,2,3,0.4431893633910816
3,0,3,NaN
2,1,3,NaN
3,0,3,NaN
2,1,3,NaN
1,2,3,NaN
2,1,3,0.4920422445583172
3,0,3,0.028932526039839035
2,1,3,NaN
3,0,3,NaN
2,1,3,0.8453965225401804
2,1,3,0.6706377302926072
2,1,3,NaN
1,2,3,NaN
1,2,3,NaN
2,1,3,NaN
1,2,3,0.030135545827633423
3,0,3,NaN
2,1,3,NaN
2,1,3,NaN
3,0,3,NaN
2,1,3,0.019400645343705825
2,1,3,0.7736549046044264
3,0,3,0.2723000524553572
2,1,3,NaN
1,2,3,NaN
2,1,3,0.34936774434310386
2,1,3,NaN
3,0,3,NaN
2,1,3,0.8234957828997682
2,1,3,0.13349194201575146
3,0,3,NaN
1,2,3,NaN
3,0,3,NaN
1,2,3,NaN
1,2,3,NaN
1,2,3,NaN
3,0,3,0.7221587871481188
2,1,3,0.742601995273523
2,1,3,NaN
2,1,3,NaN
3,0,3,NaN
2,1,3,0.3311049370394478
3,0,3,NaN
3,0,3,0.4920422445583172
3,0,3,NaN
1,2,3,NaN
2,1,3,0.7736549046044264
3,0,3,NaN
2,1,3,0.034605295647823726
3,0,3,NaN
2,1,3,NaN
2,1,3,NaN
3,0,3,NaN
3,0,3,NaN
1,2,3,0.5870028855522568
1,2,3,0.4431893633910816
1,2,3,0.1150424729161512
3,0,3,NaN
3,0,3,NaN
2,1,3,0.12537604764035007
3,0,3,0.6282574491159135
3,0,3,NaN
3,0,3,NaN
2,1,3,0.17721222719246632
1,2,3,NaN
3,0,3,NaN
1,2,3,NaN
3,0,3,NaN
1,2,3,0.34936774434310386
2,1,3,NaN
2,1,3,NaN
1,2,3,NaN
3,0,3,0.8453965225401804
2,1,3,NaN
3,0,3,0.3950893865694002
2,1,3,0.8655008786900369
3,0,3,NaN
3,0,3,NaN
2,1,3,NaN
2,1,3,NaN
3,0,3,NaN
3,0,3,NaN
1,2,3,NaN
3,0,3,0.8655008786900369
3,0,3,0.025688675504669942
1,2,3,NaN
3,0,3,NaN
3,0,3,0.8234957828997682
2,1,3,NaN
2,1,3,0.3099009652134965
3,0,3,NaN
2,1,3,0.15407061357868015
1,2,3,NaN
3,0,3,NaN
3,0,3,0.8014691082975914
2,1,3,NaN
2,1,3,0.4920422445583172
2,1,3,NaN
1,2,3,NaN
1,2,3,NaN
3,0,3,NaN
3,0,3,NaN
2,1,3,0.13349194201575146
3,0,3,NaN
1,2,3,NaN
1,2,3,NaN
3,0,3,0.13349194201575146
1,2,3,NaN
2,1,3,0.6706377302926072
2,1,3,NaN
1,2,3,NaN
2,1,3,NaN
2,1,3,0.9152375708831951
2,1,3,NaN
1,2,3,NaN
3,0,3,NaN
3,0,3,NaN
2,1,3,NaN
3,0,3,0.2723000524553572
1,2,3,0.5376043881865737
2,1,3,NaN
2,1,3,NaN
3,0,3,NaN
3,0,3,NaN
3,0,3,NaN
3,0,3,NaN
3,0,3,NaN
2,1,3,NaN
3,0,3,NaN
2,1,3,NaN
2,1,3,NaN
3,0,3,0.3950893865694002
3,0,3,NaN
3,0,3,NaN
2,1,3,NaN
1,2,3,NaN
2,1,3,NaN
2,1,3,NaN
3,0,3,0.6282574491159135
3,0,3,NaN
1,2,3,0.08491645534150608
1,2,3,NaN
2,1,3,NaN
2,1,3,NaN
2,1,3,NaN
2,1,3,0.7736549046044264
1,2,3,0.004708926795579234
3,0,3,NaN
1,2,3,0.0213685999999998
2,1,3,NaN
1,2,3,NaN
3,0,3,NaN
3,0,3,NaN
3,0,3,NaN
2,1,3,0.9405257031659899
3,0,3,0.34936774434310386
1,2,3,NaN
3,0,3,NaN
1,2,3,0.0213685999999998
3,0,3,0.4431893633910816
3,0,3,NaN
3,0,3,0.8827667358654245
3,0,3,NaN
3,0,3,0.5434810654270791
1,2,3,0.413069875026209
2,1,3,0.3950893865694002
2,1,3,0.8999851143675383
2,1,3,0.3099009652134965
2,1,3,0.5836556595239325
2,1,3,NaN
3,0,3,NaN
2,1,3,NaN
2,1,3,NaN
1,2,3,NaN
1,2,3,0.34936774434310386
3,0,3,NaN
3,0,3,NaN
1,2,3,NaN
1,2,3,0.5836556595239325
2,1,3,0.8827667358654245
2,1,3,NaN
1,2,3,NaN
2,1,3,NaN
1,2,3,NaN
3,0,3,NaN
2,1,3,NaN
1,2,3,NaN
3,0,3,NaN
2,1,3,NaN
2,1,3,0.9152375708831951
1,2,3,NaN
3,0,3,NaN
2,1,3,0.2570127801540405
2,1,3,0.742601995273523
2,1,3,0.591743164673726
3,0,3,0.011147134228187437
3,0,3,NaN
2,1,3,NaN
3,0,3,NaN
1,2,3,NaN
1,2,3,0.013166985494505864
3,0,3,NaN
2,1,3,NaN
2,1,3,NaN
3,0,3,NaN
2,1,3,NaN
2,1,3,0.07287517728397767
2,1,3,0.34936774434310386
2,1,3,NaN
2,1,3,0.3099009652134965
3,0,3,NaN
1,2,3,NaN
3,0,3,NaN
3,0,3,0.23609730939414558
3,0,3,NaN
3,0,3,NaN
2,1,3,NaN
1,2,3,0.3099009652134965
3,0,3,0.4920422445583172
3,0,3,NaN
1,2,3,NaN
2,1,3,0.29587219170465473
1,2,3,NaN
1,2,3,NaN
2,1,3,NaN
3,0,3,NaN
1,2,3,NaN
2,1,3,NaN
1,2,3,0.7736549046044264
2,1,3,NaN
1,2,3,NaN
3,0,3,NaN
2,1,3,0.15407061357868015
3,0,3,0.7087129780995387
1,2,3,NaN
2,1,3,NaN
1,2,3,NaN
1,2,3,0.1150424729161512
3,0,3,6.795758064033859e-5
2,1,3,0.742601995273523
3,0,3,NaN
1,2,3,0.5376043881865737
2,1,3,NaN
2,1,3,0.9677549750289749
3,0,3,0.8655008786900369
3,0,3,NaN
3,0,3,NaN
3,0,3,NaN
2,1,3,0.5376043881865737
2,1,3,NaN
1,2,3,NaN
2,1,3,NaN
1,2,3,0.3099009652134965
2,1,3,NaN
1,2,3,NaN
2,1,3,NaN
2,1,3,NaN
1,2,3,NaN
2,1,3,NaN
3,0,3,NaN
2,1,3,NaN
1,2,3,NaN
3,0,3,0.742601995273523
3,0,3,0.8655008786900369
3,0,3,0.0986538124916049
1,2,3,0.9290197578706562
2,1,3,0.5173722421232041
1,2,3,NaN
3,0,3,0.7736549046044264
3,0,3,0.13349194201575146
2,1,3,NaN
1,2,3,NaN
3,0,3,0.0986538124916049
2,1,3,NaN
3,0,3,NaN
2,1,3,0.23609730939414558
2,1,3,NaN
2,1,3,NaN
3,0,3,NaN
2,1,3,0.030135545827633423
1,2,3,NaN
2,1,3,NaN
2,1,3,NaN
2,1,3,0.1150424729161512
3,0,3,0.6282574491159135
3,0,3,NaN
3,0,3,NaN
2,1,3,0.543709017762308
3,0,3,NaN
1,2,3,NaN
2,1,3,0.4431893633910816
2,1,3,0.9507681516607924
3,0,3,NaN
1,2,3,NaN
2,1,3,NaN
1,2,3,NaN
2,1,3,NaN
3,0,3,NaN
3,0,3,0.1150424729161512
2,1,3,0.02200947430714948
1,2,3,NaN
2,1,3,NaN
3,0,3,NaN
2,1,3,NaN
3,0,3,NaN
1,2,3,NaN
2,1,3,NaN
2,1,3,0.742601995273523
3,0,3,NaN
1,2,3,NaN
2,1,3,NaN
2,1,3,0.413069875026209
2,1,3,0.5376043881865737
1,2,3,NaN
1,2,3,NaN
3,0,3,NaN
2,1,3,NaN
3,0,3,NaN
2,1,3,NaN
2,1,3,0.8014691082975914
1,2,3,NaN
3,0,3,NaN
1,2,3,NaN
1,2,3,0.17721222719246632
3,0,3,NaN
2,1,3,NaN
1,2,3,NaN
2,1,3,0.3950893865694002
1,2,3,NaN
2,1,3,NaN
1,2,3,0.742601995273523
1,2,3,NaN
2,1,3,0.8234957828997682
1,2,3,NaN
3,0,3,NaN
3,0,3,0.9507681516607924
1,2,3,NaN
1,2,3,0.3099009652134965
1,2,3,0.3099009652134965
2,1,3,NaN
3,0,3,NaN
3,0,3,NaN
3,0,3,NaN
3,0,3,0.13349194201575146
1,2,3,0.3950893865694002
2,1,3,NaN
3,0,3,NaN
3,0,3,NaN
1,2,3,NaN
3,0,3,0.4920422445583172
2,1,3,NaN
3,0,3,NaN
1,2,3,NaN
1,2,3,NaN
2,1,3,NaN
3,0,3,NaN
3,0,3,NaN
3,0,3,NaN
2,1,3,NaN
1,2,3,NaN
2,1,3,NaN
3,0,3,0.1150424729161512
2,1,3,0.9290197578706562
2,1,3,0.34936774434310386
3,0,3,NaN
3,0,3,NaN
3,0,3,0.8014691082975914
1,2,3,NaN
2,1,3,NaN
3,0,3,NaN
2,1,3,NaN
2,1,3,NaN
2,1,3,0.23609730939414558
1,2,3,NaN
3,0,3,0.4920422445583172
2,1,3,NaN
3,0,3,NaN
1,2,3,0.5836556595239325
3,0,3,0.3099009652134965
1,2,3,0.4431893633910816
3,0,3,NaN
3,0,3,NaN
3,0,3,NaN
1,2,3,NaN
3,0,3,NaN
1,2,3,NaN
2,1,3,0.8827667358654245
1,2,3,NaN
2,1,3,0.3099009652134965
3,0,3,NaN
3,0,3,NaN
2,1,3,NaN
3,0,3,0.4917327201034208
2,1,3,NaN
1,2,3,NaN
3,0,3,NaN
3,0,3,0.6282574491159135
2,1,3,0.6706377302926072
2,1,3,NaN
2,1,3,NaN
2,1,3,NaN
2,1,3,NaN
3,0,3,NaN
1,2,3,NaN
3,0,3,NaN
1,2,3,NaN
1,2,3,0.23609730939414558
3,0,3,NaN
1,2,3,NaN
3,0,3,NaN
3,0,3,NaN
3,0,3,NaN
1,2,3,0.4431893633910816
1,2,3,NaN
2,1,3,NaN
1,2,3,NaN
2,1,3,0.15407061357868015
2,1,3,NaN
3,0,3,NaN
3,0,3,0.9290197578706562
3,0,3,NaN
3,0,3,NaN
3,0,3,NaN
1,2,3,NaN
3,0,3,0.26570279939943386
3,0,3,NaN
1,2,3,NaN
1,2,3,0.3950893865694002
3,0,3,0.8655008786900369
2,1,3,NaN
3,0,3,NaN
2,1,3,NaN
2,1,3,NaN
2,1,3,0.7087129780995387
3,0,3,0.0986538124916049
2,1,3,0.3099009652134965
1,2,3,0.7753330736382038
3,0,3,0.00043278386043645484
2,1,3,NaN
1,2,3,0.9136778642147275
2,1,3,NaN
2,1,3,NaN
2,1,3,0.1150424729161512
3,0,3,0.6706377302926072
3,0,3,NaN
2,1,3,0.07287517728397767
2,1,3,NaN
3,0,3,0.13349194201575146
1,2,3,0.5836556595239325
2,1,3,NaN
3,0,3,NaN
2,1,3,0.00010732596684795717
3,0,3,NaN
1,2,3,NaN
1,2,3,0.017936625825384724
3,0,3,NaN
3,0,3,NaN
2,1,3,NaN
2,1,3,NaN
1,2,3,NaN
1,2,3,NaN
3,0,3,NaN
1,2,3,NaN
2,1,3,NaN
3,0,3,NaN
2,1,3,0.9854887762528594
2,1,3,NaN
3,0,3,0.009410414330218242
1,2,3,0.9152375708831951
1,2,3,NaN
2,1,3,NaN
2,1,3,NaN
1,2,3,NaN
2,1,3,NaN
3,0,3,NaN
3,0,3,NaN
2,1,3,NaN
3,0,3,NaN
1,2,3,0.6728478147248717
3,0,3,NaN
2,1,3,NaN
1,2,3,NaN
1,2,3,NaN
3,0,3,0.5836556595239325
2,1,3,NaN
2,1,3,0.8827667358654245
3,0,3,0.026064153026884074
1,2,3,NaN
2,1,3,NaN
3,0,3,NaN
2,1,3,0.8827667358654245
1,2,3,NaN
3,0,3,NaN
3,0,3,0.13349194201575146
1,2,3,0.7534460730242819
1,2,3,0.8453965225401804
1,2,3,0.9747364638126857
2,1,3,0.1150424729161512
2,1,3,NaN
2,1,3,NaN
2,1,3,0.4431893633910816
1,2,3,NaN
2,1,3,0.05349336454629822
2,1,3,NaN
2,1,3,NaN
2,1,3,0.9890426773313062
2,1,3,0.04387592226239394
3,0,3,NaN
3,0,3,NaN
2,1,3,NaN
3,0,3,NaN
3,0,3,NaN
2,1,3,NaN
1,2,3,NaN
3,0,3,0.4431893633910816
2,1,3,NaN
3,0,3,NaN
2,1,3,0.742601995273523
1,2,3,NaN
3,0,3,NaN
2,1,3,0.5836556595239325
2,1,3,NaN
3,0,3,NaN
1,2,3,0.3099009652134965
1,2,3,0.8655008786900369
2,1,3,NaN
1,2,3,0.04631332256059672
2,1,3,NaN
1,2,3,NaN
1,2,3,0.0053459147286812475
1,2,3,0.18600361094598486
3,0,3,0.9405257031659899
3,0,3,NaN
2,1,3,0.4431893633910816
3,0,3,0.9677549750289749
2,1,3,NaN
3,0,3,NaN
2,1,3,NaN
3,0,3,0.8234957828997682
3,0,3,NaN
2,1,3,NaN
1,2,3,0.34936774434310386
2,1,3,NaN
2,1,3,NaN
2,1,3,NaN
1,2,3,0.742601995273523
1,2,3,NaN
2,1,3,NaN
2,1,3,0.7087129780995387
2,1,3,0.5836556595239325
3,0,3,NaN
1,2,3,NaN
2,1,3,NaN
2,1,3,0.0213685999999998
2,1,3,NaN
3,0,3,0.17721222719246632
3,0,3,0.2054386262940906
1,2,3,NaN
3,0,3,NaN
2,1,3,NaN
2,1,3,NaN
1,2,3,0.9152375708831951
2,1,3,NaN
3,0,3,NaN
3,0,3,NaN
2,1,3,NaN
2,1,3,NaN
3,0,3,0.015310519823788312
2,1,3,NaN
2,1,3,0.05729096778251577
2,1,3,0.742601995273523
3,0,3,0.3991257668331073
2,1,3,NaN
3,0,3,NaN
2,1,3,0.8827667358654245
1,2,3,NaN
3,0,3,NaN
3,0,3,0.028988777144703597
2,1,3,0.5836556595239325
3,0,3,NaN
3,0,3,0.7736549046044264
3,0,3,NaN
2,1,3,0.5836556595239325
1,2,3,NaN
2,1,3,NaN
3,0,3,NaN
3,0,3,0.030135545827633423
3,0,3,0.23609730939414558
1,2,3,NaN
3,0,3,NaN
2,1,3,0.014792570478495332
3,0,3,NaN
3,0,3,0.742601995273523
3,0,3,NaN
2,1,3,0.025688675504669942
2,1,3,NaN
3,0,3,NaN
2,1,3,NaN
3,0,3,NaN
3,0,3,NaN
2,1,3,NaN
3,0,3,NaN
2,1,3,NaN
2,1,3,NaN
2,1,3,0.15224843783579525
1,2,3,NaN
2,1,3,NaN
2,1,3,NaN
3,0,3,NaN
3,0,3,NaN
2,1,3,0.612746566168068
2,1,3,NaN
2,1,3,NaN
2,1,3,0.7087129780995387
2,1,3,NaN
2,1,3,NaN
2,1,3,NaN
3,0,3,NaN
3,0,3,NaN
2,1,3,NaN
2,1,3,NaN
2,1,3,0.4920422445583172
2,1,3,NaN
2,1,3,NaN
1,2,3,0.3950893865694002
3,0,3,NaN
1,2,3,NaN
1,2,3,0.3099009652134965
1,2,3,NaN
1,2,3,0.3292018547314761
2,1,3,0.3099009652134965
2,1,3,NaN
2,1,3,0.7736549046044264
2,1,3,NaN
3,0,3,NaN
1,2,3,0.8827667358654245
3,0,3,NaN
3,0,3,NaN
3,0,3,NaN
1,2,3,0.4920422445583172
3,0,3,NaN
2,1,3,0.4431893633910816
2,1,3,NaN
3,0,3,0.00010318602680500399
2,1,3,NaN
2,1,3,NaN
1,2,3,NaN
1,2,3,NaN
3,0,3,0.8453965225401804
3,0,3,NaN
2,1,3,NaN
3,0,3,0.742601995273523
1,2,3,NaN
3,0,3,NaN
1,2,3,0.05338838749999978
3,0,3,0.23609730939414558
1,2,3,0.009410414330218242
3,0,3,NaN
3,0,3,0.6706377302926072
2,1,3,NaN
3,0,3,0.6282574491159135
1,2,3,NaN
3,0,3,NaN
2,1,3,0.015310519823788312
2,1,3,0.26637236416321813
2,1,3,0.13349194201575146
1,2,3,NaN
3,0,3,NaN
3,0,3,0.13349194201575146
1,2,3,NaN
2,1,3,NaN
2,1,3,NaN
1,2,3,NaN
3,0,3,NaN
3,0,3,NaN
3,0,3,NaN
2,1,3,NaN
1,2,3,NaN
3,0,3,NaN
2,1,3,0.8827667358654245
2,1,3,NaN
3,0,3,0.996109792408719
2,1,3,NaN
2,1,3,NaN
2,1,3,NaN
2,1,3,NaN
1,2,3,0.7736549046044264
2,1,3,NaN
2,1,3,NaN
2,1,3,0.34936774434310386
3,0,3,NaN
3,0,3,0.08491645534150608
3,0,3,0.8655008786900369
2,1,3,NaN
3,0,3,1.6171861092606997e-5
3,0,3,0.4920422445583172
1,2,3,NaN
2,1,3,0.34936774434310386
2,1,3,NaN
1,2,3,0.3950893865694002
2,1,3,NaN
3,0,3,NaN
3,0,3,NaN
1,2,3,0.15407061357868015
1,2,3,0.1150424729161512
2,1,3,NaN
3,0,3,NaN
2,1,3,0.5836556595239325
3,0,3,0.23609730939414558
1,2,3,NaN
1,2,3,NaN
3,0,3,0.7736549046044264
2,1,3,0.5836556595239325
2,1,3,0.5836556595239325
1,2,3,NaN
3,0,3,0.15407061357868015
3,0,3,NaN
1,2,3,2.7359747450842976e-5
2,1,3,0.4920422445583172
1,2,3,NaN
3,0,3,NaN
3,0,3,NaN
2,1,3,0.4431893633910816
2,1,3,0.9405257031659899
3,0,3,NaN
1,2,3,0.8234957828997682
3,0,3,NaN
3,0,3,NaN
1,2,3,NaN
1,2,3,NaN
2,1,3,NaN
2,1,3,NaN
3,0,3,NaN
1,2,3,NaN
3,0,3,NaN
2,1,3,NaN
3,0,3,0.9405257031659899
1,2,3,NaN
3,0,3,NaN
2,1,3,NaN
2,1,3,0.34936774434310386
3,0,3,NaN
1,2,3,NaN
1,2,3,NaN
2,1,3,0.742601995273523
2,1,3,NaN
3,0,3,NaN
3,0,3,NaN
3,0,3,0.7736549046044264
2,1,3,NaN
2,1,3,0.017936625825384724
3,0,3,NaN
1,2,3,NaN
3,0,3,NaN
3,0,3,0.2723000524553572
1,2,3,0.034605295647823726
3,0,3,0.3099009652134965
3,0,3,NaN
1,2,3,0.08491645534150608
1,2,3,NaN
1,2,3,NaN
2,1,3,NaN
2,1,3,NaN
3,0,3,0.0986538124916049
1,2,3,NaN
1,2,3,NaN
2,1,3,NaN
3,0,3,NaN
2,1,3,NaN
3,0,3,NaN
3,0,3,NaN
2,1,3,0.07287517728397767
1,2,3,NaN
3,0,3,NaN
2,1,3,NaN
2,1,3,0.9290197578706562
1,2,3,NaN
3,0,3,NaN
2,1,3,NaN
1,2,3,NaN
1,2,3,NaN
1,2,3,NaN
2,1,3,0.6282574491159135
2,1,3,NaN
1,2,3,NaN
3,0,3,NaN
2,1,3,NaN
3,0,3,NaN
2,1,3,NaN
2,1,3,NaN
3,0,3,NaN
3,0,3,NaN
3,0,3,0.04631332256059672
1,2,3,NaN
3,0,3,NaN
3,0,3,NaN
3,0,3,NaN
3,0,3,NaN
3,0,3,0.8211041706356851
2,1,3,NaN
3,0,3,0.4431893633910816
1,2,3,0.10384804200159865
1,2,3,NaN
1,2,3,0.9602229766652525
2,1,3,NaN
3,0,3,0.5836556595239325
3,0,3,NaN
3,0,3,NaN
2,1,3,0.742601995273523
1,2,3,NaN
1,2,3,NaN
2,1,3,NaN
3,0,3,0.17721222719246632
2,1,3,NaN
3,0,3,NaN
1,2,3,NaN
2,1,3,NaN
3,0,3,0.13349194201575146
3,0,3,NaN
2,1,3,NaN
1,2,3,NaN
2,1,3,0.17721222719246632
3,0,3,0.8827667358654245
3,0,3,NaN
2,1,3,NaN
2,1,3,0.0986538124916049
2,1,3,NaN
2,1,3,NaN
2,1,3,NaN
3,0,3,NaN
1,2,3,NaN
2,1,3,NaN
3,0,3,NaN
3,0,3,NaN
2,1,3,0.06921154123594521
1,2,3,0.2723000524553572
3,0,3,NaN
2,1,3,NaN
3,0,3,NaN
2,1,3,0.0765913165980259
2,1,3,0.8014691082975914
1,2,3,0.6282574491159135
2,1,3,NaN
3,0,3,NaN
2,1,3,NaN
1,2,3,NaN
3,0,3,0.2723000524553572
2,1,3,NaN
3,0,3,NaN
3,0,3,NaN
2,1,3,NaN
1,2,3,NaN
3,0,3,NaN
2,1,3,NaN
2,1,3,NaN
2,1,3,0.4920422445583172
2,1,3,NaN
1,2,3,NaN
1,2,3,NaN
2,1,3,NaN
2,1,3,NaN
3,0,3,NaN
3,0,3,NaN
2,1,3,NaN
2,1,3,0.9854887762528594
1,2,3,NaN
3,0,3,0.4431893633910816
2,1,3,NaN
2,1,3,NaN
2,1,3,NaN
2,1,3,NaN
2,1,3,NaN
3,0,3,0.4431893633910816
1,2,3,0.8827667358654245
3,0,3,NaN
3,0,3,NaN
2,1,3,NaN
3,0,3,0.13349194201575146
3,0,3,NaN
2,1,3,0.034605295647823726
2,1,3,NaN
2,1,3,NaN
2,1,3,NaN
3,0,3,NaN
3,0,3,0.24385773939393943
3,0,3,0.6282574491159135
2,1,3,NaN
1,2,3,0.8453965225401804
1,2,3,NaN
2,1,3,NaN
1,2,3,0.8234957828997682
2,1,3,0.5752335153166461
3,0,3,0.7736549046044264
1,2,3,0.9854887762528594
3,0,3,0.4920422445583172
3,0,3,NaN
2,1,3,0.2723000524553572
1,2,3,NaN
2,1,3,NaN
2,1,3,0.4920422445583172
2,1,3,NaN
3,0,3,0.6706377302926072
2,1,3,NaN
2,1,3,0.742601995273523
3,0,3,0.17721222719246632
3,0,3,0.5836556595239325
2,1,3,NaN
3,0,3,NaN
3,0,3,NaN
3,0,3,NaN
1,2,3,0.9152375708831951
3,0,3,0.3099009652134965
1,2,3,NaN
2,1,3,0.17721222719246632
2,1,3,NaN
3,0,3,NaN
2,1,3,NaN
2,1,3,0.15407061357868015
2,1,3,NaN
2,1,3,NaN
1,2,3,NaN
3,0,3,NaN
3,0,3,NaN
1,2,3,NaN
3,0,3,NaN
2,1,3,NaN
3,0,3,0.4920422445583172
3,0,3,NaN
2,1,3,NaN
3,0,3,NaN
3,0,3,0.5376043881865737
3,0,3,NaN
1,2,3,0.5376043881865737
1,2,3,NaN
1,2,3,NaN
2,1,3,0.6706377302926072
3,0,3,NaN
1,2,3,NaN
2,1,3,NaN
1,2,3,0.8234957828997682
1,2,3,0.4920422445583172
3,0,3,NaN
2,1,3,NaN
2,1,3,NaN
3,0,3,0.9747364638126857
3,0,3,NaN
1,2,3,NaN
2,1,3,NaN
2,1,3,NaN
3,0,3,NaN
1,2,3,NaN
3,0,3,NaN
1,2,3,NaN
1,2,3,0.6706377302926072
1,2,3,NaN
1,2,3,0.742601995273523
2,1,3,0.5836556595239325
2,1,3,0.3891195696983296
3,0,3,NaN
3,0,3,NaN
2,1,3,NaN
3,0,3,NaN
3,0,3,NaN
3,0,3,0.9955034416275544
3,0,3,NaN
1,2,3,NaN
2,1,3,NaN
2,1,3,NaN
3,0,3,0.34936774434310386
3,0,3,0.9152375708831951
2,1,3,0.013166985494505864
1,2,3,0.34936774434310386
3,0,3,NaN
3,0,3,0.7736549046044264
3,0,3,NaN
3,0,3,0.8453965225401804
3,0,3,NaN
2,1,3,NaN
2,1,3,NaN
2,1,3,NaN
3,0,3,NaN
2,1,3,0.08491645534150608
2,1,3,NaN
3,0,3,NaN
1,2,3,NaN
1,2,3,NaN
1,2,3,0.9507681516607924
3,0,3,NaN
3,0,3,0.34936774434310386
1,2,3,NaN
1,2,3,NaN
2,1,3,NaN
3,0,3,NaN
2,1,3,NaN
2,1,3,NaN
2,1,3,NaN
3,0,3,NaN
3,0,3,0.8234957828997682
1,2,3,NaN
2,1,3,0.05338838749999978
2,1,3,NaN
3,0,3,NaN
2,1,3,0.5376043881865737
2,1,3,0.012903729179752927
3,0,3,0.015310519823788312
1,2,3,0.43660382032678374
2,1,3,NaN
2,1,3,NaN
2,1,3,0.7087129780995387
1,2,3,NaN
3,0,3,NaN
2,1,3,NaN
2,1,3,NaN
3,0,3,0.4431893633910816
1,2,3,0.9747364638126857
3,0,3,NaN
3,0,3,NaN
3,0,3,0.5376043881865737
3,0,3,NaN
3,0,3,NaN
3,0,3,NaN
1,2,3,0.009410414330218242
1,2,3,0.34936774434310386
3,0,3,NaN
2,1,3,0.05338838749999978
1,2,3,NaN
1,2,3,NaN
2,1,3,NaN
2,1,3,NaN
1,2,3,NaN
1,2,3,0.34936774434310386
3,0,3,0.06273758667360736
2,1,3,NaN
3,0,3,0.4431893633910816
3,0,3,NaN
3,0,3,NaN
3,0,3,NaN
2,1,3,NaN
3,0,3,NaN
2,1,3,NaN
1,2,3,NaN
3,0,3,0.0986538124916049
2,1,3,NaN
3,0,3,NaN
3,0,3,NaN
3,0,3,NaN
2,1,3,NaN
2,1,3,0.13349194201575146
1,2,3,NaN
3,0,3,0.8999851143675383
2,1,3,0.7078173108676321
3,0,3,0.12594370467598567
3,0,3,NaN
3,0,3,NaN
2,1,3,NaN
3,0,3,NaN
2,1,3,0.12594370467598567
3,0,3,NaN
2,1,3,NaN
3,0,3,NaN
3,0,3,NaN
1,2,3,0.02921441100477569
1,2,3,NaN
3,0,3,0.007659580536912271
1,2,3,0.05338838749999978
3,0,3,0.07287517728397767
3,0,3,NaN
2,1,3,0.06273758667360736
2,1,3,NaN
2,1,3,NaN
2,1,3,0.8177780692121387
2,1,3,NaN
3,0,3,NaN
1,2,3,NaN
3,0,3,NaN
3,0,3,NaN
1,2,3,0.6282574491159135
2,1,3,NaN
3,0,3,NaN
3,0,3,NaN
1,2,3,NaN
2,1,3,NaN
1,2,3,NaN
2,1,3,NaN
3,0,3,NaN
3,0,3,NaN
3,0,3,0.5836556595239325
2,1,3,NaN
2,1,3,NaN
3,0,3,NaN
2,1,3,NaN
3,0,3,0.4431893633910816
1,2,3,0.05794830661826435
2,1,3,NaN
1,2,3,0.08491645534150608
3,0,3,NaN
3,0,3,NaN
2,1,3,NaN
3,0,3,NaN
1,2,3,NaN
3,0,3,NaN
1,2,3,0.7736549046044264
2,1,3,NaN
2,1,3,NaN
3,0,3,NaN
2,1,3,0.5836556595239325
2,1,3,NaN
2,1,3,NaN
2,1,3,0.012864584733972605
2,1,3,NaN
3,0,3,NaN
2,1,3,NaN
2,1,3,NaN
1,2,3,0.6282574491159135
1,2,3,NaN
3,0,3,NaN
2,1,3,NaN
2,1,3,0.7736549046044264
2,1,3,NaN
2,1,3,0.34936774434310386
1,2,3,0.17721222719246632
3,0,3,0.3950893865694002
3,0,3,NaN
3,0,3,NaN
3,0,3,NaN
1,2,3,0.7087129780995387
2,1,3,0.13349194201575146
1,2,3,NaN
3,0,3,0.9924179942680554
3,0,3,NaN
3,0,3,NaN
2,1,3,0.019187195035110332
1,2,3,NaN
1,2,3,0.05338838749999978
3,0,3,0.8827667358654245
3,0,3,0.6282574491159135
2,1,3,0.8655008786900369
2,1,3,NaN
3,0,3,0.3950893865694002
1,2,3,0.8211041706356851
3,0,3,NaN
2,1,3,NaN
2,1,3,NaN
3,0,3,0.6706377302926072
3,0,3,NaN
2,1,3,NaN
3,0,3,0.05338838749999978
2,1,3,NaN
3,0,3,NaN
3,0,3,NaN
3,0,3,NaN
1,2,3,0.2723000524553572
1,2,3,0.4920422445583172
3,0,3,0.742601995273523
2,1,3,0.9152375708831951
2,1,3,0.35161478295428394
2,1,3,NaN
2,1,3,NaN
3,0,3,NaN
2,1,3,NaN
3,0,3,NaN
1,2,3,0.034605295647823726
3,0,3,NaN
3,0,3,NaN
2,1,3,NaN
2,1,3,NaN
1,2,3,0.13349194201575146
1,2,3,NaN
1,2,3,0.8453965225401804
3,0,3,NaN
2,1,3,NaN
2,1,3,0.742601995273523
3,0,3,0.5836556595239325
3,0,3,NaN
1,2,3,NaN
1,2,3,0.015310519823788312
3,0,3,NaN
2,1,3,NaN
3,0,3,0.4431893633910816
3,0,3,NaN
1,2,3,NaN
3,0,3,NaN
1,2,3,NaN
2,1,3,NaN
1,2,3,NaN
1,2,3,NaN
2,1,3,NaN
1,2,3,0.8709237433305024
1,2,3,NaN
1,2,3,0.9290197578706562
1,2,3,NaN
1,2,3,NaN
3,0,3,NaN
3,0,3,NaN
3,0,3,NaN
2,1,3,NaN
3,0,3,0.742601995273523
3,0,3,NaN
3,0,3,0.4920422445583172
3,0,3,0.6282574491159135
2,1,3,NaN
1,2,3,NaN
2,1,3,0.8999851143675383
3,0,3,NaN
3,0,3,NaN
3,0,3,NaN
2,1,3,0.3950893865694002
3,0,3,NaN
3,0,3,NaN
3,0,3,NaN
2,1,3,NaN
1,2,3,NaN
2,1,3,NaN
3,0,3,NaN
1,2,3,NaN
1,2,3,NaN
3,0,3,0.0986538124916049
1,2,3,NaN
2,1,3,0.2054386262940906
2,1,3,0.3099009652134965
3,0,3,0.1150424729161512
3,0,3,NaN
3,0,3,NaN
3,0,3,0.6282574491159135
3,0,3,NaN
1,2,3,0.039687384300341605
3,0,3,0.1150424729161512
2,1,3,NaN
2,1,3,NaN
2,1,3,0.3099009652134965
3,0,3,NaN
2,1,3,0.8014691082975914
3,0,3,0.030135545827633423
3,0,3,NaN
2,1,3,NaN
2,1,3,NaN
3,0,3,0.34936774434310386
3,0,3,NaN
2,1,3,0.8827667358654245
1,2,3,NaN
2,1,3,NaN
2,1,3,NaN
3,0,3,NaN
3,0,3,NaN
3,0,3,NaN
3,0,3,NaN
2,1,3,0.3099009652134965
2,1,3,NaN
1,2,3,0.6706377302926072
1,2,3,NaN
2,1,3,0.34936774434310386
1,2,3,NaN
2,1,3,0.4920422445583172
3,0,3,0.742601995273523
2,1,3,0.7736549046044264
3,0,3,NaN
2,1,3,NaN
3,0,3,NaN
1,2,3,NaN
2,1,3,0.8234957828997682
3,0,3,NaN
2,1,3,0.742601995273523
2,1,3,NaN
2,1,3,NaN
3,0,3,NaN
1,2,3,NaN
2,1,3,NaN
1,2,3,NaN
3,0,3,NaN
2,1,3,NaN
2,1,3,NaN
1,2,3,NaN
2,1,3,0.1150424729161512
2,1,3,0.6706377302926072
3,0,3,NaN
1,2,3,NaN
1,2,3,0.6706377302926072
2,1,3,0.04631332256059672
1,2,3,NaN
3,0,3,0.2054386262940906
1,2,3,NaN
1,2,3,0.48711387404817036
3,0,3,NaN
3,0,3,0.17721222719246632
3,0,3,NaN
1,2,3,0.04631332256059672
2,1,3,NaN
2,1,3,NaN
3,0,3,0.04514834602952484
1,2,3,0.23609730939414558
3,0,3,NaN
2,1,3,NaN
2,1,3,NaN
2,1,3,NaN
1,2,3,NaN
3,0,3,0.7087129780995387
3,0,3,0.06273758667360736
1,2,3,NaN
1,2,3,NaN
3,0,3,NaN
3,0,3,NaN
2,1,3,0.0986538124916049
2,1,3,0.6706377302926072
1,2,3,NaN
1,2,3,NaN
1,2,3,0.23609730939414558
2,1,3,NaN
2,1,3,0.17721222719246632
1,2,3,NaN
3,0,3,NaN
2,1,3,NaN
1,2,3,0.8234957828997682
3,0,3,NaN
3,0,3,0.34936774434310386
1,2,3,0.6282574491159135
3,0,3,NaN
1,2,3,NaN
3,0,3,NaN
1,2,3,0.8453965225401804
2,1,3,NaN
2,1,3,NaN
2,1,3,0.9507681516607924
2,1,3,NaN
2,1,3,NaN
1,2,3,NaN
3,0,3,NaN
2,1,3,NaN
2,1,3,NaN
2,1,3,NaN
3,0,3,NaN
3,0,3,NaN
2,1,3,NaN
2,1,3,NaN
1,2,3,NaN
3,0,3,NaN
1,2,3,0.9677549750289749
2,1,3,NaN
1,2,3,NaN
3,0,3,0.8014691082975914
2,1,3,0.05338838749999978
3,0,3,NaN
3,0,3,NaN
3,0,3,NaN
3,0,3,NaN
1,2,3,NaN
2,1,3,0.9405257031659899
2,1,3,0.15407061357868015
3,0,3,NaN
2,1,3,NaN
2,1,3,NaN
3,0,3,0.00389102925731458
1,2,3,NaN
3,0,3,0.8655008786900369
1,2,3,NaN
2,1,3,NaN
1,2,3,0.34936774434310386
2,1,3,NaN
2,1,3,NaN
2,1,3,0.9152375708831951
1,2,3,0.015310519823788312
3,0,3,0.3166723034683177
2,1,3,NaN
3,0,3,NaN
2,1,3,NaN
1,2,3,0.003267412360494586
3,0,3,NaN
2,1,3,0.10020394725312155
1,2,3,0.6706377302926072
3,0,3,0.025688675504669942
2,1,3,NaN
3,0,3,NaN
2,1,3,NaN
2,1,3,NaN
3,0,3,NaN
3,0,3,NaN
1,2,3,0.2723000524553572
1,2,3,0.8234957828997682
2,1,3,NaN
2,1,3,NaN
3,0,3,NaN
2,1,3,NaN
3,0,3,NaN
3,0,3,0.8014691082975914
1,2,3,0.97257240665179
1,2,3,NaN
2,1,3,NaN
3,0,3,0.025688675504669942
3,0,3,NaN
2,1,3,0.4920422445583172
3,0,3,NaN
1,2,3,NaN
1,2,3,NaN
2,1,3,0.08491645534150608
1,2,3,NaN
3,0,3,NaN
2,1,3,NaN
3,0,3,NaN
1,2,3,0.2723000524553572
1,2,3,0.6706377302926072
2,1,3,NaN
3,0,3,NaN
2,1,3,NaN
2,1,3,0.8655008786900369
3,0,3,0.13349194201575146
1,2,3,NaN
3,0,3,NaN
3,0,3,NaN
2,1,3,NaN
1,2,3,0.005662161206886323
2,1,3,0.33277556606830444
2,1,3,0.9677549750289749
3,0,3,NaN
2,1,3,NaN
1,2,3,NaN
1,2,3,NaN
1,2,3,NaN
2,1,3,0.4431893633910816
1,2,3,0.025688675504669942
2,1,3,NaN
3,0,3,NaN
2,1,3,NaN
2,1,3,0.0986538124916049
1,2,3,NaN
3,0,3,NaN
3,0,3,NaN
2,1,3,NaN
2,1,3,NaN
2,1,3,0.5836556595239325
1,2,3,NaN
2,1,3,0.004850951914015038
2,1,3,NaN
1,2,3,0.9602229766652525
2,1,3,0.19404233934414283
3,0,3,0.8453965225401804
1,2,3,0.039687384300341605
3,0,3,NaN
2,1,3,NaN
1,2,3,NaN
2,1,3,0.5836556595239325
1,2,3,NaN
2,1,3,NaN
3,0,3,NaN
2,1,3,NaN
2,1,3,NaN
1,2,3,NaN
1,2,3,NaN
1,2,3,NaN
2,1,3,NaN
1,2,3,NaN
3,0,3,0.039687384300341605
1,2,3,NaN
2,1,3,NaN
1,2,3,0.8234957828997682
2,1,3,NaN
1,2,3,0.3950893865694002
1,2,3,NaN
2,1,3,NaN
2,1,3,0.2054386262940906
1,2,3,NaN
2,1,3,NaN
1,2,3,NaN
2,1,3,NaN
3,0,3,NaN
2,1,3,NaN
1,2,3,NaN
3,0,3,NaN
3,0,3,NaN
1,2,3,0.9152375708831951
3,0,3,NaN
1,2,3,NaN
2,1,3,NaN
2,1,3,NaN
1,2,3,0.771870386706694
3,0,3,0.742601995273523
1,2,3,NaN
1,2,3,0.0213685999999998
2,1,3,0.4431893633910816
2,1,3,0.0986538124916049
1,2,3,NaN
1,2,3,NaN
2,1,3,0.6706377302926072
2,1,3,NaN
3,0,3,NaN
2,1,3,0.23609730939414558
2,1,3,NaN
3,0,3,NaN
3,0,3,NaN
3,0,3,0.23609730939414558
3,0,3,0.011147134228187437
3,0,3,NaN
3,0,3,NaN
1,2,3,0.2054386262940906
1,2,3,NaN
2,1,3,NaN
2,1,3,NaN
3,0,3,NaN
1,2,3,NaN
3,0,3,NaN
2,1,3,NaN
3,0,3,NaN
3,0,3,NaN
2,1,3,NaN
1,2,3,0.6706377302926072
3,0,3,NaN
1,2,3,NaN
1,2,3,0.030135545827633423
3,0,3,0.1150424729161512
3,0,3,0.34936774434310386
2,1,3,NaN
1,2,3,NaN
3,0,3,NaN
2,1,3,0.23609730939414558
2,1,3,0.8234957828997682
3,0,3,NaN
3,0,3,0.1150424729161512
1,2,3,NaN
1,2,3,NaN
3,0,3,NaN
2,1,3,NaN
1,2,3,0.039687384300341605
1,2,3,NaN
3,0,3,0.13349194201575146
2,1,3,NaN
2,1,3,0.9405257031659899
2,1,3,0.2054386262940906
3,0,3,NaN
3,0,3,NaN
3,0,3,NaN
1,2,3,NaN
1,2,3,NaN
3,0,3,NaN
2,1,3,NaN
2,1,3,NaN
2,1,3,NaN
1,2,3,0.08491645534150608
2,1,3,0.05338838749999978
3,0,3,NaN
1,2,3,0.5836556595239325
2,1,3,NaN
2,1,3,0.742601995273523
3,0,3,NaN
3,0,3,NaN
3,0,3,0.0986538124916049
3,0,3,NaN
2,1,3,0.3099009652134965
3,0,3,NaN
3,0,3,NaN
3,0,3,0.0986538124916049
3,0,3,0.4431893633910816
1,2,3,NaN
2,1,3,0.5376043881865737
2,1,3,NaN
2,1,3,0.7087129780995387
2,1,3,0.0213685999999998
1,2,3,0.6282574491159135
1,2,3,0.3891195696983296
2,1,3,NaN
3,0,3,NaN
2,1,3,NaN
1,2,3,0.7087129780995387
3,0,3,NaN
1,2,3,NaN
1,2,3,0.0986538124916049
1,2,3,NaN
3,0,3,NaN
2,1,3,0.2054386262940906
3,0,3,NaN
3,0,3,NaN
3,0,3,NaN
1,2,3,0.8234957828997682
3,0,3,NaN
2,1,3,0.8655008786900369
3,0,3,NaN
1,2,3,NaN
2,1,3,NaN
3,0,3,0.8453965225401804
3,0,3,NaN
2,1,3,0.9152375708831951
2,1,3,NaN
1,2,3,NaN
2,1,3,NaN
3,0,3,NaN
2,1,3,0.1150424729161512
3,0,3,NaN
2,1,3,NaN
1,2,3,NaN
1,2,3,NaN
3,0,3,NaN
3,0,3,0.6706377302926072
2,1,3,0.5836556595239325
2,1,3,NaN
2,1,3,NaN
3,0,3,NaN
3,0,3,NaN
3,0,3,NaN
2,1,3,NaN
2,1,3,NaN
1,2,3,0.7087129780995387
1,2,3,NaN
2,1,3,NaN
3,0,3,NaN
2,1,3,NaN
3,0,3,NaN
2,1,3,NaN
3,0,3,NaN
2,1,3,NaN
2,1,3,NaN
1,2,3,NaN
3,0,3,NaN
1,2,3,NaN
1,2,3,NaN
3,0,3,NaN
3,0,3,NaN
2,1,3,NaN
3,0,3,NaN
2,1,3,NaN
2,1,3,0.3099009652134965
3,0,3,0.8234957828997682
3,0,3,NaN
1,2,3,NaN
3,0,3,0.742601995273523
2,1,3,0.8827667358654245
3,0,3,NaN
3,0,3,0.2723000524553572
1,2,3,0.8453965225401804
1,2,3,NaN
3,0,3,0.15407061357868015
2,1,3,NaN
2,1,3,NaN
1,2,3,NaN
3,0,3,NaN
1,2,3,NaN
2,1,3,NaN
2,1,3,NaN
2,1,3,0.17721222719246632
1,2,3,0.8453965225401804
1,2,3,NaN
2,1,3,NaN
2,1,3,NaN
2,1,3,NaN
1,2,3,0.13349194201575146
1,2,3,NaN
3,0,3,NaN
2,1,3,NaN
1,2,3,NaN
2,1,3,0.039687384300341605
3,0,3,0.34936774434310386
3,0,3,NaN
3,0,3,NaN
2,1,3,0.6282574491159135
2,1,3,0.6282574491159135
1,2,3,0.05338838749999978
2,1,3,0.13349194201575146
2,1,3,NaN
1,2,3,NaN
2,1,3,NaN
2,1,3,NaN
2,1,3,NaN
1,2,3,NaN
3,0,3,NaN
1,2,3,NaN
2,1,3,NaN
2,1,3,NaN
1,2,3,0.06273758667360736
3,0,3,NaN
3,0,3,0.5836556595239325
3,0,3,0.34936774434310386
2,1,3,0.3950893865694002
1,2,3,0.2694643541486938
1,2,3,0.0213685999999998
2,1,3,NaN
3,0,3,NaN
1,2,3,NaN
3,0,3,0.8827667358654245
3,0,3,NaN
1,2,3,NaN
1,2,3,0.3950893865694002
1,2,3,NaN
1,2,3,NaN
2,1,3,NaN
3,0,3,0.002436710801393347
3,0,3,NaN
2,1,3,NaN
3,0,3,NaN
1,2,3,NaN
3,0,3,0.34936774434310386
1,2,3,NaN
3,0,3,NaN
2,1,3,NaN
1,2,3,NaN
1,2,3,NaN
1,2,3,NaN
1,2,3,0.5376043881865737
3,0,3,NaN
2,1,3,NaN
2,1,3,0.007659580536912271
3,0,3,NaN
1,2,3,NaN
2,1,3,NaN
2,1,3,NaN
2,1,3,NaN
1,2,3,NaN
2,1,3,NaN
3,0,3,0.8453965225401804
1,2,3,NaN
2,1,3,0.13349194201575146
3,0,3,NaN
2,1,3,NaN
1,2,3,NaN
3,0,3,NaN
2,1,3,0.2723000524553572
3,0,3,NaN
3,0,3,NaN
1,2,3,NaN
2,1,3,0.8453965225401804
3,0,3,NaN
3,0,3,NaN
2,1,3,NaN
3,0,3,NaN
1,2,3,NaN
2,1,3,NaN
3,0,3,NaN
2,1,3,NaN
2,1,3,0.742601995273523
3,0,3,NaN
2,1,3,NaN
1,2,3,NaN
2,1,3,NaN
1,2,3,0.5836556595239325
2,1,3,NaN
1,2,3,NaN
2,1,3,0.3950893865694002
2,1,3,0.013166985494505864
3,0,3,NaN
1,2,3,NaN
3,0,3,NaN
2,1,3,NaN
1,2,3,0.6706377302926072
3,0,3,NaN
2,1,3,0.030135545827633423
3,0,3,NaN
2,1,3,NaN
1,2,3,NaN
3,0,3,NaN
2,1,3,NaN
1,2,3,NaN
3,0,3,NaN
3,0,3,NaN
3,0,3,0.006330742305371628
3,0,3,NaN
2,1,3,NaN
2,1,3,NaN
2,1,3,NaN
2,1,3,NaN
2,1,3,NaN
3,0,3,0.06273758667360736
2,1,3,0.17721222719246632
3,0,3,0.8999851143675383
1,2,3,NaN
1,2,3,NaN
1,2,3,NaN
1,2,3,0.017936625825384724
2,1,3,NaN
2,1,3,NaN
1,2,3,NaN
3,0,3,NaN
3,0,3,NaN
3,0,3,0.4431893633910816
3,0,3,0.17721222719246632
2,1,3,0.13349194201575146
3,0,3,NaN
2,1,3,NaN
1,2,3,NaN
1,2,3,0.5376043881865737
3,0,3,0.5011660945834456
1,2,3,NaN
1,2,3,NaN
1,2,3,NaN
1,2,3,NaN
2,1,3,NaN
2,1,3,NaN
2,1,3,NaN
3,0,3,0.34936774434310386
1,2,3,NaN
1,2,3,NaN
2,1,3,NaN
2,1,3,0.6282574491159135
1,2,3,0.00114645245901754
3,0,3,0.13349194201575146
1,2,3,NaN
1,2,3,NaN
3,0,3,NaN
2,1,3,NaN
3,0,3,NaN
2,1,3,1.108302804356386e-5
3,0,3,0.17721222719246632
2,1,3,0.15407061357868015
2,1,3,0.8655008786900369
3,0,3,0.030135545827633423
3,0,3,0.4058840101597015
3,0,3,0.9398331742926261
3,0,3,NaN
2,1,3,NaN
1,2,3,NaN
3,0,3,0.23609730939414558
1,2,3,0.8453965225401804
3,0,3,NaN
3,0,3,NaN
3,0,3,NaN
3,0,3,NaN
2,1,3,NaN
3,0,3,NaN
3,0,3,0.8014691082975914
3,0,3,NaN
1,2,3,NaN
2,1,3,NaN
1,2,3,0.23609730939414558
2,1,3,0.318547759543663
2,1,3,NaN
3,0,3,NaN
2,1,3,0.15407061357868015
3,0,3,0.7736549046044264
3,0,3,NaN
3,0,3,NaN
1,2,3,NaN
3,0,3,NaN
2,1,3,0.34936774434310386
2,1,3,0.0986538124916049
3,0,3,NaN
3,0,3,NaN
3,0,3,0.08491645534150608
1,2,3,NaN
1,2,3,NaN
2,1,3,NaN
3,0,3,0.13349194201575146
3,0,3,NaN
2,1,3,0.6706377302926072
2,1,3,NaN
3,0,3,NaN
2,1,3,NaN
3,0,3,NaN
3,0,3,NaN
1,2,3,NaN
2,1,3,0.742601995273523
1,2,3,NaN
2,1,3,0.04631332256059672
2,1,3,NaN
3,0,3,0.6282574491159135
3,0,3,0.9747364638126857
3,0,3,NaN
2,1,3,NaN
3,0,3,0.2723000524553572
3,0,3,0.07287517728397767
1,2,3,NaN
3,0,3,NaN
1,2,3,NaN
2,1,3,NaN
2,1,3,0.8234957828997682
2,1,3,0.3099009652134965
2,1,3,NaN
2,1,3,NaN
1,2,3,0.0986538124916049
3,0,3,NaN
1,2,3,NaN
1,2,3,0.8453965225401804
1,2,3,0.5376043881865737
3,0,3,NaN
1,2,3,0.3922007369832575
2,1,3,NaN
2,1,3,NaN
1,2,3,0.2723000524553572
1,2,3,NaN
1,2,3,NaN
3,0,3,NaN
2,1,3,NaN
3,0,3,0.04631332256059672
2,1,3,NaN
1,2,3,NaN
2,1,3,NaN
3,0,3,NaN
3,0,3,NaN
2,1,3,0.34936774434310386
1,2,3,0.15407061357868015
3,0,3,NaN
1,2,3,NaN
2,1,3,0.17721222719246632
3,0,3,NaN
2,1,3,NaN
2,1,3,NaN
1,2,3,NaN
1,2,3,0.4431893633910816
1,2,3,NaN
1,2,3,NaN
3,0,3,NaN
2,1,3,NaN
2,1,3,NaN
1,2,3,0.13349194201575146
2,1,3,NaN
1,2,3,0.6706377302926072
2,1,3,NaN
1,2,3,NaN
1,2,3,NaN
3,0,3,NaN
2,1,3,0.12237354320291577
3,0,3,0.742601995273523
2,1,3,NaN
1,2,3,NaN
3,0,3,NaN
1,2,3,NaN
1,2,3,NaN
1,2,3,0.9924179942680554
3,0,3,NaN
1,2,3,NaN
3,0,3,NaN
2,1,3,0.754920436183764
2,1,3,NaN
2,1,3,NaN
3,0,3,NaN
2,1,3,NaN
2,1,3,NaN
3,0,3,NaN
2,1,3,NaN
3,0,3,NaN
3,0,3,NaN
1,2,3,0.3950893865694002
1,2,3,NaN
2,1,3,0.4431893633910816
1,2,3,NaN
1,2,3,0.07287517728397767
1,2,3,NaN
1,2,3,NaN
1,2,3,NaN
2,1,3,0.5836556595239325
1,2,3,NaN
1,2,3,NaN
1,2,3,0.8588724720922231
3,0,3,NaN
3,0,3,NaN
2,1,3,0.1867372117591186
2,1,3,0.030135545827633423
3,0,3,NaN
2,1,3,0.8453965225401804
1,2,3,0.04631332256059672
1,2,3,NaN
2,1,3,0.23609730939414558
2,1,3,0.030535797216858566
2,1,3,NaN
2,1,3,NaN
3,0,3,0.0213685999999998
2,1,3,NaN
2,1,3,0.017936625825384724
3,0,3,NaN
1,2,3,0.5759549818578649
3,0,3,0.7736549046044264
3,0,3,NaN
3,0,3,NaN
3,0,3,NaN
1,2,3,NaN
2,1,3,NaN
3,0,3,NaN
2,1,3,NaN
3,0,3,NaN
2,1,3,NaN
3,0,3,0.15407061357868015
1,2,3,0.2054386262940906
3,0,3,NaN
2,1,3,NaN
1,2,3,0.23609730939414558
2,1,3,NaN
2,1,3,NaN
2,1,3,NaN
3,0,3,NaN
3,0,3,NaN
2,1,3,0.0213685999999998
2,1,3,NaN
2,1,3,0.1150424729161512
2,1,3,NaN
2,1,3,NaN
3,0,3,NaN
1,2,3,0.030135545827633423
3,0,3,NaN
3,0,3,NaN
1,2,3,0.7736549046044264
2,1,3,0.9152375708831951
2,1,3,NaN
3,0,3,NaN
3,0,3,0.2054386262940906
2,1,3,NaN
1,2,3,0.23609730939414558
3,0,3,NaN
1,2,3,NaN
2,1,3,0.17721222719246632
2,1,3,NaN
3,0,3,NaN
3,0,3,NaN
2,1,3,0.5376043881865737
3,0,3,NaN
2,1,3,0.7087129780995387
2,1,3,NaN
1,2,3,0.06273758667360736
2,1,3,0.01582123369761258
2,1,3,0.17721222719246632
1,2,3,NaN
2,1,3,NaN
1,2,3,0.8014691082975914
3,0,3,0.6706377302926072
1,2,3,NaN
2,1,3,NaN
2,1,3,NaN
2,1,3,NaN
1,2,3,NaN
2,1,3,NaN
3,0,3,NaN
3,0,3,NaN
2,1,3,NaN
3,0,3,NaN
3,0,3,NaN
2,1,3,NaN
2,1,3,NaN
1,2,3,0.5376043881865737
3,0,3,NaN
3,0,3,0.742601995273523
2,1,3,NaN
1,2,3,NaN
1,2,3,NaN
2,1,3,NaN
1,2,3,NaN
2,1,3,NaN
2,1,3,NaN
3,0,3,NaN
3,0,3,NaN
2,1,3,0.8999851143675383
1,2,3,NaN
1,2,3,0.8999851143675383
2,1,3,0.013166985494505864
2,1,3,0.2722485994756614
3,0,3,0.16961268438696778
3,0,3,NaN
2,1,3,NaN
1,2,3,0.020381606229850285
3,0,3,NaN
2,1,3,NaN
3,0,3,NaN
2,1,3,NaN
2,1,3,NaN
3,0,3,NaN
3,0,3,NaN
2,1,3,NaN
1,2,3,NaN
2,1,3,0.9602229766652525
1,2,3,NaN
3,0,3,NaN
3,0,3,0.5836556595239325
2,1,3,NaN
1,2,3,0.34936774434310386
2,1,3,NaN
3,0,3,NaN
1,2,3,NaN
2,1,3,0.030135545827633423
2,1,3,NaN
2,1,3,NaN
3,0,3,NaN
1,2,3,NaN
3,0,3,NaN
2,1,3,NaN
3,0,3,NaN
1,2,3,NaN
2,1,3,NaN
2,1,3,NaN
3,0,3,NaN
1,2,3,NaN
2,1,3,0.6282574491159135
1,2,3,NaN
2,1,3,NaN
1,2,3,NaN
2,1,3,0.004147150332940081
2,1,3,NaN
3,0,3,NaN
1,2,3,0.4055173937252257
2,1,3,NaN
3,0,3,NaN
2,1,3,NaN
3,0,3,NaN
3,0,3,0.7736549046044264
2,1,3,NaN
3,0,3,NaN
3,0,3,NaN
1,2,3,0.4920422445583172
2,1,3,NaN
2,1,3,NaN
1,2,3,NaN
1,2,3,NaN
1,2,3,0.9677549750289749
2,1,3,0.4920422445583172
3,0,3,NaN
3,0,3,0.8453965225401804
1,2,3,0.8007518829647822
2,1,3,NaN
2,1,3,0.039687384300341605
1,2,3,NaN
3,0,3,NaN
2,1,3,NaN
3,0,3,NaN
1,2,3,NaN
1,2,3,0.6282574491159135
2,1,3,NaN
1,2,3,NaN
3,0,3,NaN
3,0,3,NaN
1,2,3,0.9854887762528594
2,1,3,0.4431893633910816
2,1,3,NaN
1,2,3,NaN
1,2,3,NaN
3,0,3,NaN
1,2,3,NaN
3,0,3,NaN
1,2,3,0.8655008786900369
1,2,3,NaN
1,2,3,NaN
3,0,3,NaN
1,2,3,NaN
2,1,3,NaN
2,1,3,NaN
3,0,3,NaN
2,1,3,0.15407061357868015
3,0,3,NaN
3,0,3,0.001285902523077216
2,1,3,NaN
1,2,3,NaN
1,2,3,NaN
1,2,3,0.06273758667360736
3,0,3,NaN
2,1,3,NaN
3,0,3,NaN
3,0,3,NaN
2,1,3,NaN
3,0,3,NaN
3,0,3,NaN
1,2,3,NaN
3,0,3,0.002980869187340635
3,0,3,0.9290197578706562
1,2,3,NaN
2,1,3,0.23609730939414558
3,0,3,0.6706377302926072
3,0,3,NaN
2,1,3,NaN
3,0,3,NaN
1,2,3,NaN
1,2,3,NaN
1,2,3,NaN
2,1,3,NaN
1,2,3,NaN
1,2,3,NaN
3,0,3,0.13349194201575146
3,0,3,NaN
1,2,3,NaN
1,2,3,NaN
2,1,3,0.05338838749999978
3,0,3,NaN
1,2,3,0.4920422445583172
2,1,3,NaN
2,1,3,0.14234902682400793
1,2,3,NaN
3,0,3,NaN
2,1,3,NaN
2,1,3,NaN
2,1,3,NaN
2,1,3,0.3099009652134965
1,2,3,NaN
1,2,3,0.0986538124916049
3,0,3,0.3099009652134965
3,0,3,NaN
2,1,3,NaN
1,2,3,NaN
1,2,3,0.3950893865694002
1,2,3,0.2723000524553572
1,2,3,NaN
2,1,3,NaN
1,2,3,0.025688675504669942
2,1,3,0.9290197578706562
3,0,3,NaN
3,0,3,NaN
2,1,3,NaN
1,2,3,NaN
3,0,3,NaN
1,2,3,0.06273758667360736
3,0,3,NaN
2,1,3,NaN
2,1,3,NaN
1,2,3,NaN
3,0,3,NaN
1,2,3,NaN
3,0,3,NaN
1,2,3,0.34936774434310386
2,1,3,NaN
2,1,3,0.05338838749999978
3,0,3,NaN
2,1,3,NaN
1,2,3,NaN
2,1,3,NaN
1,2,3,NaN
3,0,3,NaN
3,0,3,NaN
3,0,3,0.0213685999999998
1,2,3,0.039687384300341605
1,2,3,NaN
3,0,3,NaN
3,0,3,NaN
2,1,3,0.9942087569967986
3,0,3,NaN
1,2,3,0.3099009652134965
2,1,3,NaN
3,0,3,NaN
2,1,3,NaN
3,0,3,NaN
1,2,3,NaN
2,1,3,NaN
2,1,3,0.21267976755207332
2,1,3,NaN
3,0,3,NaN
1,2,3,NaN
2,1,3,NaN
2,1,3,0.2723000524553572
1,2,3,NaN
2,1,3,0.024674990348534435
3,0,3,NaN
2,1,3,NaN
3,0,3,NaN
2,1,3,NaN
3,0,3,NaN
1,2,3,NaN
3,0,3,0.5376043881865737
3,0,3,0.6010184351156217
1,2,3,NaN
2,1,3,NaN
3,0,3,NaN
1,2,3,NaN
2,1,3,NaN
2,1,3,NaN
2,1,3,0.742601995273523
1,2,3,0.7736549046044264
3,0,3,NaN
1,2,3,NaN
2,1,3,NaN
1,2,3,0.019750178335788463
1,2,3,NaN
2,1,3,0.8979837278359629
1,2,3,NaN
3,0,3,0.17721222719246632
3,0,3,NaN
3,0,3,NaN
2,1,3,NaN
2,1,3,NaN
1,2,3,NaN
2,1,3,0.4431893633910816
1,2,3,0.0014374840698883852
2,1,3,0.5836556595239325
2,1,3,NaN
3,0,3,NaN
3,0,3,NaN
3,0,3,NaN
3,0,3,NaN
1,2,3,NaN
2,1,3,NaN
1,2,3,NaN
1,2,3,NaN
1,2,3,0.08491645534150608
2,1,3,0.23609730939414558
1,2,3,NaN
3,0,3,NaN
3,0,3,NaN
1,2,3,NaN
2,1,3,NaN
3,0,3,0.8999851143675383
2,1,3,NaN
3,0,3,0.9720900990322565
2,1,3,NaN
1,2,3,NaN
1,2,3,NaN
1,2,3,NaN
1,2,3,0.9152375708831951
2,1,3,NaN
1,2,3,NaN
2,1,3,0.9152375708831951
1,2,3,NaN
3,0,3,NaN
2,1,3,NaN
1,2,3,NaN
1,2,3,0.6282574491159135
1,2,3,NaN
2,1,3,NaN
3,0,3,NaN
2,1,3,NaN
3,0,3,NaN
3,0,3,NaN
3,0,3,NaN
3,0,3,NaN
2,1,3,0.6282574491159135
2,1,3,NaN
2,1,3,NaN
2,1,3,NaN
2,1,3,NaN
1,2,3,NaN
3,0,3,NaN
3,0,3,NaN
1,2,3,NaN
2,1,3,NaN
1,2,3,NaN
1,2,3,NaN
3,0,3,NaN
2,1,3,0.7087129780995387
2,1,3,NaN
3,0,3,NaN
3,0,3,NaN
1,2,3,NaN
1,2,3,NaN
1,2,3,0.015310519823788312
2,1,3,NaN
3,0,3,0.5376043881865737
1,2,3,NaN
1,2,3,NaN
2,1,3,0.9405257031659899
3,0,3,NaN
1,2,3,NaN
2,1,3,NaN
2,1,3,NaN
2,1,3,NaN
2,1,3,NaN
1,2,3,0.5376043881865737
3,0,3,NaN
3,0,3,NaN
1,2,3,0.3099009652134965
3,0,3,NaN
2,1,3,NaN
1,2,3,0.15407061357868015
3,0,3,0.025688675504669942
1,2,3,NaN
1,2,3,NaN
3,0,3,NaN
1,2,3,NaN
2,1,3,NaN
1,2,3,NaN
1,2,3,0.4920422445583172
3,0,3,NaN
2,1,3,0.6706377302926072
2,1,3,0.7736549046044264
2,1,3,0.2054386262940906
2,1,3,NaN
2,1,3,NaN
1,2,3,0.12883171841257673
2,1,3,0.8014691082975914
3,0,3,0.8234957828997682
3,0,3,0.019750178335788463
1,2,3,NaN
1,2,3,NaN
2,1,3,0.1150424729161512
2,1,3,NaN
3,0,3,NaN
1,2,3,0.34936774434310386
1,2,3,NaN
3,0,3,0.2054386262940906
3,0,3,NaN
3,0,3,NaN
1,2,3,0.8014691082975914
1,2,3,NaN
2,1,3,NaN
3,0,3,NaN
1,2,3,NaN
2,1,3,NaN
3,0,3,NaN
2,1,3,NaN
3,0,3,NaN
3,0,3,NaN
1,2,3,NaN
2,1,3,NaN
2,1,3,NaN
1,2,3,NaN
2,1,3,NaN
2,1,3,NaN
1,2,3,NaN
2,1,3,NaN
2,1,3,NaN
3,0,3,NaN
1,2,3,0.4920422445583172
2,1,3,NaN
2,1,3,0.957250729121851
1,2,3,0.031150666482191024
3,0,3,NaN
1,2,3,NaN
3,0,3,0.7736549046044264
3,0,3,NaN
3,0,3,0.8827667358654245
2,1,3,NaN
3,0,3,0.8655008786900369
1,2,3,NaN
3,0,3,0.00389102925731458
1,2,3,NaN
2,1,3,0.002450610612918717
3,0,3,NaN
3,0,3,NaN
1,2,3,0.9507681516607924
2,1,3,NaN
2,1,3,NaN
3,0,3,NaN
1,2,3,NaN
1,2,3,NaN
3,0,3,NaN
1,2,3,NaN
2,1,3,NaN
3,0,3,NaN
2,1,3,0.23609730939414558
3,0,3,NaN
3,0,3,NaN
3,0,3,NaN
1,2,3,0.0017495005399193997
3,0,3,0.000738970023425361
2,1,3,0.7087129780995387
3,0,3,NaN
1,2,3,0.7940278758964897
2,1,3,0.23609730939414558
2,1,3,NaN
3,0,3,0.09344506209994431
2,1,3,NaN
1,2,3,0.34936774434310386
2,1,3,0.34936774434310386
2,1,3,0.7736549046044264
2,1,3,0.17721222719246632
1,2,3,NaN
3,0,3,NaN
2,1,3,NaN
3,0,3,0.996109792408719
1,2,3,NaN
1,2,3,NaN
3,0,3,NaN
2,1,3,NaN
1,2,3,NaN
1,2,3,NaN
1,2,3,NaN
1,2,3,NaN
3,0,3,NaN
3,0,3,NaN
1,2,3,NaN
3,0,3,NaN
1,2,3,NaN
3,0,3,NaN
3,0,3,NaN
2,1,3,NaN
2,1,3,0.35587510978385445
1,2,3,NaN
2,1,3,NaN
1,2,3,NaN
1,2,3,NaN
2,1,3,NaN
2,1,3,NaN
1,2,3,0.00044677902998900695
2,1,3,NaN
2,1,3,NaN
2,1,3,NaN
2,1,3,NaN
1,2,3,NaN
3,0,3,NaN
1,2,3,NaN
1,2,3,NaN
2,1,3,0.8999851143675383
3,0,3,NaN
3,0,3,NaN
1,2,3,NaN
3,0,3,NaN
2,1,3,NaN
1,2,3,NaN
1,2,3,0.17105627847314667
3,0,3,0.017936625825384724
3,0,3,0.0035538634863543934
2,1,3,0.6706377302926072
3,0,3,NaN
2,1,3,0.7244258437849611
1,2,3,NaN
2,1,3,0.04581486071139506
3,0,3,0.49166317088551487
3,0,3,0.06273758667360736
3,0,3,NaN
3,0,3,0.3099009652134965
2,1,3,NaN
2,1,3,NaN
1,2,3,NaN
1,2,3,NaN
2,1,3,NaN
1,2,3,NaN
1,2,3,NaN
2,1,3,NaN
1,2,3,NaN
1,2,3,NaN
2,1,3,NaN
3,0,3,0.8603942912747059
2,1,3,NaN
2,1,3,NaN
2,1,3,0.5836556595239325
1,2,3,0.1150424729161512
2,1,3,NaN
2,1,3,0.2054386262940906
2,1,3,0.8014691082975914
2,1,3,NaN
2,1,3,0.23609730939414558
1,2,3,NaN
3,0,3,NaN
3,0,3,NaN
1,2,3,NaN
3,0,3,0.2054386262940906
1,2,3,NaN
2,1,3,NaN
3,0,3,NaN
1,2,3,NaN
3,0,3,0.3950893865694002
2,1,3,NaN
3,0,3,0.08491645534150608
3,0,3,NaN
1,2,3,NaN
2,1,3,NaN
1,2,3,0.8588724720922231
1,2,3,NaN
1,2,3,NaN
2,1,3,0.7736549046044264
3,0,3,NaN
3,0,3,NaN
3,0,3,0.0017056975609741594
2,1,3,NaN
3,0,3,NaN
1,2,3,0.9405257031659899
3,0,3,0.4920422445583172
2,1,3,NaN
3,0,3,NaN
2,1,3,0.6706377302926072
1,2,3,NaN
1,2,3,NaN
1,2,3,NaN
1,2,3,0.1150424729161512
1,2,3,NaN
2,1,3,NaN
2,1,3,NaN
3,0,3,NaN
2,1,3,0.17721222719246632
2,1,3,NaN
1,2,3,NaN
2,1,3,0.9677549750289749
3,0,3,NaN
1,2,3,0.9152375708831951
1,2,3,0.04489617762335
3,0,3,NaN
2,1,3,NaN
1,2,3,NaN
1,2,3,NaN
3,0,3,NaN
1,2,3,NaN
1,2,3,NaN
1,2,3,0.23609730939414558
1,2,3,0.3950893865694002
1,2,3,NaN
3,0,3,0.9990483611395122
3,0,3,NaN
3,0,3,0.7087129780995387
1,2,3,NaN
3,0,3,NaN
3,0,3,0.2723000524553572
1,2,3,0.6706377302926072
1,2,3,NaN
1,2,3,NaN
1,2,3,NaN
3,0,3,NaN
2,1,3,NaN
1,2,3,NaN
2,1,3,0.17721222719246632
2,1,3,NaN
3,0,3,NaN
3,0,3,NaN
1,2,3,0.9405257031659899
3,0,3,0.742601995273523
2,1,3,0.8234957828997682
3,0,3,NaN
3,0,3,NaN
3,0,3,NaN
2,1,3,0.013166985494505864
3,0,3,0.6281791547937666
2,1,3,NaN
1,2,3,NaN
3,0,3,NaN
1,2,3,0.6192052063071919
3,0,3,NaN
2,1,3,NaN
2,1,3,NaN
1,2,3,NaN
2,1,3,NaN
2,1,3,0.8827667358654245
1,2,3,NaN
1,2,3,NaN
2,1,3,0.8014691082975914
2,1,3,NaN
3,0,3,NaN
3,0,3,0.8014691082975914
1,2,3,NaN
2,1,3,NaN
2,1,3,0.9405257031659899
2,1,3,NaN
1,2,3,0.004708926795579234
2,1,3,NaN
2,1,3,NaN
2,1,3,NaN
3,0,3,NaN
2,1,3,0.8453965225401804
3,0,3,0.9602229766652525
2,1,3,0.2054386262940906
1,2,3,0.9366617101591868
3,0,3,NaN
3,0,3,0.17721222719246632
1,2,3,NaN
3,0,3,0.0986538124916049
2,1,3,NaN
3,0,3,NaN
1,2,3,NaN
3,0,3,NaN
3,0,3,NaN
2,1,3,NaN
1,2,3,NaN
3,0,3,NaN
1,2,3,NaN
1,2,3,NaN
1,2,3,NaN
1,2,3,NaN
2,1,3,0.8453965225401804
2,1,3,0.9677549750289749
3,0,3,NaN
2,1,3,NaN
1,2,3,0.055667024741622606
1,2,3,0.06273758667360736
1,2,3,NaN
1,2,3,0.3431536022143134
3,0,3,NaN
3,0,3,NaN
2,1,3,0.9017474425275555
3,0,3,NaN
1,2,3,NaN
2,1,3,0.6706377302926072
1,2,3,NaN
2,1,3,NaN
3,0,3,NaN
2,1,3,0.6282574491159135
1,2,3,NaN
1,2,3,NaN
2,1,3,0.23609730939414558
1,2,3,NaN
1,2,3,0.05338838749999978
1,2,3,NaN
1,2,3,NaN
3,0,3,NaN
1,2,3,NaN
3,0,3,NaN
3,0,3,NaN
1,2,3,0.4920422445583172
2,1,3,NaN
1,2,3,NaN
3,0,3,NaN
1,2,3,NaN
1,2,3,NaN
1,2,3,0.06273758667360736
1,2,3,0.11438549059337769
1,2,3,NaN
1,2,3,NaN
3,0,3,NaN
1,2,3,0.41031273571103277
2,1,3,0.8014691082975914
1,2,3,0.9152375708831951
3,0,3,NaN
3,0,3,NaN
1,2,3,0.05338838749999978
3,0,3,NaN
1,2,3,NaN
2,1,3,NaN
3,0,3,NaN
1,2,3,NaN
1,2,3,NaN
2,1,3,NaN
2,1,3,NaN
1,2,3,NaN
1,2,3,NaN
3,0,3,NaN
3,0,3,0.8014691082975914
2,1,3,0.8453965225401804
3,0,3,NaN
1,2,3,NaN
1,2,3,NaN
1,2,3,0.3099009652134965
3,0,3,NaN
2,1,3,NaN
3,0,3,NaN
2,1,3,0.17721222719246632
2,1,3,NaN
1,2,3,0.23609730939414558
1,2,3,NaN
2,1,3,0.6282574491159135
1,2,3,0.3099009652134965
1,2,3,NaN
1,2,3,0.05338838749999978
1,2,3,NaN
1,2,3,0.742601995273523
3,0,3,NaN
1,2,3,NaN
2,1,3,NaN
2,1,3,NaN
1,2,3,0.006330742305371628
3,0,3,0.23609730939414558
3,0,3,NaN
1,2,3,0.8234957828997682
2,1,3,NaN
1,2,3,0.9890426773313062
1,2,3,NaN
2,1,3,NaN
2,1,3,0.3182800732735301
1,2,3,0.8014691082975914
2,1,3,NaN
3,0,3,0.7087129780995387
1,2,3,0.8234957828997682
3,0,3,0.34936774434310386
3,0,3,0.5836556595239325
1,2,3,NaN
1,2,3,0.8827667358654245
2,1,3,0.6282574491159135
2,1,3,NaN
2,1,3,0.9677549750289749
1,2,3,0.6282574491159135
1,2,3,0.8999851143675383
3,0,3,NaN
1,2,3,NaN
2,1,3,NaN
2,1,3,NaN
2,1,3,NaN
1,2,3,0.9364514519458984
2,1,3,0.34936774434310386
2,1,3,0.025688675504669942
1,2,3,NaN
1,2,3,NaN
2,1,3,0.7736549046044264
2,1,3,NaN
3,0,3,NaN
2,1,3,0.8014691082975914
2,1,3,NaN
2,1,3,NaN
2,1,3,NaN
3,0,3,NaN
3,0,3,NaN
1,2,3,0.0853567036223003
2,1,3,NaN
1,2,3,0.8870434422839916
2,1,3,NaN
2,1,3,0.4920422445583172
3,0,3,NaN
1,2,3,NaN
1,2,3,NaN
3,0,3,0.8234957828997682
1,2,3,NaN
1,2,3,0.8234957828997682
1,2,3,NaN
1,2,3,NaN
1,2,3,NaN
3,0,3,NaN
2,1,3,NaN
1,2,3,NaN
3,0,3,NaN
2,1,3,NaN
1,2,3,NaN
1,2,3,NaN
1,2,3,NaN
2,1,3,NaN
2,1,3,NaN
3,0,3,NaN
1,2,3,NaN
2,1,3,0.034605295647823726
2,1,3,0.594515138509615
3,0,3,NaN
1,2,3,NaN
2,1,3,NaN
1,2,3,NaN
2,1,3,NaN
3,0,3,0.012253616172107629
1,2,3,0.8014691082975914
2,1,3,0.34936774434310386
3,0,3,NaN
1,2,3,NaN
1,2,3,NaN
1,2,3,NaN
2,1,3,0.8014691082975914
1,2,3,NaN
2,1,3,NaN
2,1,3,NaN
1,2,3,NaN
3,0,3,0.9152375708831951
1,2,3,0.034605295647823726
3,0,3,NaN
1,2,3,NaN
1,2,3,NaN
1,2,3,0.17721222719246632
2,1,3,0.3099009652134965
2,1,3,0.08491645534150608
2,1,3,0.7087129780995387
3,0,3,NaN
1,2,3,NaN
3,0,3,NaN
2,1,3,NaN
3,0,3,NaN
2,1,3,NaN
3,0,3,NaN
2,1,3,0.4431893633910816
2,1,3,NaN
2,1,3,NaN
2,1,3,0.9854887762528594
3,0,3,NaN
3,0,3,0.2054386262940906
2,1,3,NaN
3,0,3,NaN
2,1,3,NaN
1,2,3,0.6706377302926072
2,1,3,NaN
1,2,3,NaN
2,1,3,0.8105939314451345
3,0,3,0.4920422445583172
1,2,3,NaN
3,0,3,NaN
1,2,3,NaN
2,1,3,NaN
2,1,3,NaN
1,2,3,NaN
1,2,3,NaN
3,0,3,0.34936774434310386
2,1,3,0.3950893865694002
3,0,3,NaN
1,2,3,0.07287517728397767
3,0,3,NaN
1,2,3,NaN
2,1,3,NaN
2,1,3,NaN
1,2,3,0.17721222719246632
2,1,3,NaN
2,1,3,NaN
3,0,3,NaN
2,1,3,NaN
3,0,3,NaN
2,1,3,NaN
2,1,3,NaN
3,0,3,0.06273758667360736
3,0,3,0.19903255658106242
2,1,3,0.7736549046044264
3,0,3,NaN
2,1,3,NaN
1,2,3,NaN
2,1,3,NaN
3,0,3,NaN
2,1,3,NaN
1,2,3,NaN
1,2,3,0.29587219170465473
1,2,3,0.9290197578706562
2,1,3,NaN
2,1,3,NaN
1,2,3,NaN
1,2,3,NaN
2,1,3,0.030135545827633423
3,0,3,NaN
1,2,3,0.0986538124916049
1,2,3,0.5376043881865737
1,2,3,NaN
2,1,3,0.017936625825384724
3,0,3,NaN
2,1,3,NaN
3,0,3,0.6282574491159135
3,0,3,NaN
2,1,3,0.15407061357868015
1,2,3,NaN
1,2,3,0.13349194201575146
2,1,3,0.742601995273523
2,1,3,0.6282574491159135
3,0,3,NaN
1,2,3,NaN
3,0,3,NaN
2,1,3,NaN
2,1,3,NaN
1,2,3,NaN
3,0,3,NaN
2,1,3,NaN
2,1,3,0.005166231286546743
1,2,3,0.29270212485790625
3,0,3,0.23609730939414558
2,1,3,NaN
3,0,3,NaN
1,2,3,NaN
2,1,3,NaN
3,0,3,NaN
1,2,3,NaN
1,2,3,0.2054386262940906
3,0,3,NaN
2,1,3,NaN
3,0,3,NaN
1,2,3,NaN
3,0,3,NaN
1,2,3,NaN
2,1,3,NaN
1,2,3,NaN
3,0,3,0.742601995273523
1,2,3,NaN
3,0,3,NaN
1,2,3,NaN
2,1,3,0.011147134228187437
1,2,3,NaN
2,1,3,NaN
3,0,3,0.2723000524553572
1,2,3,NaN
2,1,3,NaN
2,1,3,NaN
3,0,3,NaN
2,1,3,NaN
2,1,3,NaN
1,2,3,NaN
2,1,3,NaN
2,1,3,NaN
2,1,3,NaN
3,0,3,NaN
1,2,3,NaN
2,1,3,0.17721222719246632
1,2,3,NaN
2,1,3,NaN
3,0,3,0.17721222719246632
1,2,3,NaN
2,1,3,NaN
2,1,3,NaN
1,2,3,NaN
1,2,3,0.04631332256059672
1,2,3,0.34936774434310386
1,2,3,NaN
3,0,3,0.742601995273523
3,0,3,NaN
1,2,3,NaN
1,2,3,NaN
3,0,3,0.034605295647823726
3,0,3,NaN
1,2,3,0.9846173711867712
2,1,3,NaN
1,2,3,NaN
2,1,3,NaN
2,1,3,NaN
2,1,3,0.00011497093164465536
2,1,3,NaN
2,1,3,NaN
2,1,3,NaN
3,0,3,0.4431893633910816
1,2,3,NaN
1,2,3,0.07287517728397767
1,2,3,NaN
3,0,3,NaN
2,1,3,NaN
1,2,3,NaN
3,0,3,NaN
3,0,3,NaN
3,0,3,NaN
3,0,3,0.6282574491159135
2,1,3,NaN
2,1,3,NaN
2,1,3,0.07059351753466407
3,0,3,NaN
3,0,3,NaN
2,1,3,NaN
3,0,3,NaN
1,2,3,NaN
3,0,3,NaN
1,2,3,0.9747364638126857
3,0,3,NaN
1,2,3,0.13349194201575146
1,2,3,NaN
3,0,3,0.7087129780995387
2,1,3,0.5376043881865737
1,2,3,0.23609730939414558
1,2,3,0.7050582388424925
2,1,3,NaN
2,1,3,0.8453965225401804
1,2,3,0.13349194201575146
1,2,3,NaN
3,0,3,0.5376043881865737
3,0,3,NaN
3,0,3,NaN
2,1,3,0.5836556595239325
1,2,3,NaN
3,0,3,0.23609730939414558
2,1,3,NaN
1,2,3,0.17721222719246632
1,2,3,0.15407061357868015
2,1,3,NaN
3,0,3,0.017936625825384724
2,1,3,0.6282574491159135
2,1,3,NaN
1,2,3,NaN
2,1,3,NaN
1,2,3,NaN
2,1,3,NaN
2,1,3,0.4920422445583172
3,0,3,NaN
1,2,3,NaN
3,0,3,NaN
1,2,3,NaN
3,0,3,0.34936774434310386
2,1,3,NaN
1,2,3,NaN
2,1,3,0.0986538124916049
2,1,3,0.5112033289484421
1,2,3,0.0024387807609170097
3,0,3,NaN
2,1,3,NaN
3,0,3,0.8655008786900369
1,2,3,0.612746566168068
3,0,3,0.08491645534150608
2,1,3,NaN
1,2,3,NaN
2,1,3,NaN
3,0,3,0.1150424729161512
1,2,3,0.2723000524553572
2,1,3,NaN
2,1,3,NaN
2,1,3,NaN
2,1,3,NaN
3,0,3,0.2723000524553572
3,0,3,NaN
2,1,3,0.873199510309821
2,1,3,NaN
1,2,3,0.15407061357868015
2,1,3,0.7736549046044264
3,0,3,0.07287517728397767
3,0,3,NaN
2,1,3,NaN
3,0,3,0.742601995273523
3,0,3,0.8453965225401804
1,2,3,NaN
1,2,3,NaN
1,2,3,0.17721222719246632
1,2,3,0.15407061357868015
1,2,3,NaN
1,2,3,NaN
1,2,3,0.8655008786900369
2,1,3,0.4920422445583172
1,2,3,0.5836556595239325
1,2,3,NaN
2,1,3,0.039687384300341605
1,2,3,NaN
1,2,3,0.3950893865694002
3,0,3,NaN
1,2,3,0.006667350663234995
2,1,3,0.17721222719246632
2,1,3,0.6706377302926072
1,2,3,NaN
2,1,3,NaN
3,0,3,NaN
3,0,3,NaN
1,2,3,NaN
1,2,3,0.017936625825384724
1,2,3,NaN
1,2,3,NaN
1,2,3,0.34936774434310386
2,1,3,NaN
1,2,3,0.07287517728397767
2,1,3,0.7335005800964387
2,1,3,NaN
1,2,3,0.4920422445583172
1,2,3,0.006330742305371628
2,1,3,NaN
1,2,3,NaN
2,1,3,NaN
1,2,3,NaN
1,2,3,NaN
1,2,3,NaN
2,1,3,0.9507681516607924
3,0,3,0.9152375708831951
1,2,3,NaN
3,0,3,0.08491645534150608
1,2,3,NaN
1,2,3,NaN
1,2,3,0.8453965225401804
1,2,3,NaN
2,1,3,NaN
2,1,3,0.3099009652134965
1,2,3,0.742601995273523
1,2,3,NaN
3,0,3,NaN
3,0,3,NaN
1,2,3,NaN
1,2,3,NaN
2,1,3,0.7736549046044264
2,1,3,NaN
2,1,3,NaN
1,2,3,0.6706377302926072
3,0,3,NaN
2,1,3,NaN
2,1,3,NaN
3,0,3,0.034605295647823726
2,1,3,NaN
1,2,3,NaN
1,2,3,NaN
2,1,3,0.7736549046044264
2,1,3,0.5376043881865737
3,0,3,NaN
1,2,3,0.9747364638126857
1,2,3,NaN
2,1,3,NaN
1,2,3,NaN
1,2,3,NaN
1,2,3,0.742601995273523
1,2,3,0.03028637865147429
2,1,3,NaN
2,1,3,0.4431893633910816
2,1,3,NaN
1,2,3,NaN
1,2,3,0.039687384300341605
2,1,3,0.4431893633910816
2,1,3,NaN
1,2,3,0.6706377302926072
1,2,3,NaN
1,2,3,NaN
2,1,3,NaN
1,2,3,0.002968079223927906
3,0,3,0.8453965225401804
1,2,3,NaN
2,1,3,NaN
2,1,3,0.977620392889317
1,2,3,NaN
2,1,3,0.1150424729161512
1,2,3,0.4431893633910816
3,0,3,NaN
1,2,3,NaN
2,1,3,NaN
3,0,3,NaN
3,0,3,0.3166723034683177
1,2,3,NaN
3,0,3,0.2723000524553572
1,2,3,NaN
2,1,3,NaN
2,1,3,NaN
1,2,3,NaN
2,1,3,0.8234957828997682
2,1,3,NaN
1,2,3,NaN
2,1,3,NaN
1,2,3,0.8655008786900369
1,2,3,0.17721222719246632
1,2,3,NaN
2,1,3,0.4920422445583172
1,2,3,NaN
2,1,3,NaN
1,2,3,NaN
2,1,3,NaN
1,2,3,0.1374332809377509
2,1,3,0.0017056975609741594
2,1,3,NaN
1,2,3,0.17721222719246632
1,2,3,NaN
2,1,3,NaN
1,2,3,0.3166723034683177
1,2,3,0.8453965225401804
3,0,3,NaN
2,1,3,NaN
2,1,3,NaN
1,2,3,NaN
2,1,3,NaN
2,1,3,0.3950893865694002
2,1,3,NaN
2,1,3,0.7087129780995387
1,2,3,NaN
1,2,3,0.8655008786900369
3,0,3,0.10946429845289654
2,1,3,NaN
3,0,3,0.3950893865694002
2,1,3,NaN
1,2,3,0.8453965225401804
2,1,3,NaN
3,0,3,NaN
2,1,3,NaN
1,2,3,NaN
2,1,3,NaN
2,1,3,0.5836556595239325
2,1,3,NaN
2,1,3,NaN
1,2,3,0.7736549046044264
1,2,3,NaN
1,2,3,0.00018921428571447494
3,0,3,NaN
1,2,3,0.07287517728397767
1,2,3,NaN
1,2,3,NaN
3,0,3,NaN
1,2,3,0.15407061357868015
3,0,3,NaN
2,1,3,NaN
1,2,3,NaN
1,2,3,0.4431893633910816
3,0,3,0.15407061357868015
2,1,3,NaN
1,2,3,NaN
1,2,3,0.4920422445583172
2,1,3,NaN
1,2,3,NaN
1,2,3,0.8014691082975914
1,2,3,NaN
1,2,3,NaN
2,1,3,NaN
3,0,3,NaN
2,1,3,0.8014691082975914
2,1,3,0.9602229766652525
2,1,3,0.011147134228187437
1,2,3,0.4920422445583172
1,2,3,NaN
3,0,3,NaN
1,2,3,NaN
3,0,3,NaN
2,1,3,NaN
2,1,3,NaN
2,1,3,0.6706377302926072
3,0,3,NaN
3,0,3,NaN
1,2,3,NaN
2,1,3,NaN
2,1,3,0.1150424729161512
1,2,3,NaN
3,0,3,NaN
1,2,3,NaN
2,1,3,0.34936774434310386
3,0,3,NaN
2,1,3,NaN
2,1,3,0.07287517728397767
3,0,3,0.05338838749999978
2,1,3,NaN
1,2,3,NaN
3,0,3,NaN
3,0,3,0.23609730939414558
1,2,3,0.8655008786900369
1,2,3,NaN
3,0,3,NaN
2,1,3,0.07287517728397767
2,1,3,0.16876986816856795
1,2,3,0.5376043881865737
1,2,3,NaN
2,1,3,NaN
1,2,3,NaN
1,2,3,NaN
3,0,3,0.5376043881865737
1,2,3,NaN
1,2,3,NaN
2,1,3,0.4920422445583172
2,1,3,NaN
1,2,3,NaN
3,0,3,NaN
1,2,3,0.2723000524553572
1,2,3,0.15407061357868015
1,2,3,NaN
1,2,3,0.5376043881865737
1,2,3,NaN
1,2,3,0.6282574491159135
3,0,3,NaN
1,2,3,NaN
1,2,3,NaN
1,2,3,NaN
1,2,3,NaN
2,1,3,0.0986538124916049
1,2,3,NaN
1,2,3,NaN
2,1,3,NaN
3,0,3,NaN
1,2,3,NaN
1,2,3,NaN
1,2,3,NaN
1,2,3,NaN
2,1,3,NaN
2,1,3,NaN
1,2,3,0.4920422445583172
2,1,3,0.17721222719246632
1,2,3,NaN
3,0,3,NaN
1,2,3,NaN
1,2,3,0.8014691082975914
1,2,3,0.5376043881865737
2,1,3,NaN
1,2,3,NaN
2,1,3,NaN
1,2,3,NaN
2,1,3,NaN
1,2,3,0.08491645534150608
1,2,3,0.6706377302926072
2,1,3,NaN
1,2,3,0.07287517728397767
2,1,3,0.2723000524553572
2,1,3,NaN
1,2,3,NaN
1,2,3,NaN
1,2,3,0.5376043881865737
1,2,3,0.034605295647823726
2,1,3,NaN
1,2,3,0.017936625825384724
1,2,3,NaN
1,2,3,0.1150424729161512
1,2,3,NaN
2,1,3,NaN
2,1,3,0.5376043881865737
3,0,3,NaN
1,2,3,NaN
3,0,3,0.8655008786900369
1,2,3,0.17358427281680758
1,2,3,NaN
2,1,3,NaN
2,1,3,NaN
1,2,3,NaN
2,1,3,0.13349194201575146
2,1,3,NaN
1,2,3,NaN
2,1,3,NaN
2,1,3,NaN
1,2,3,0.8234957828997682
2,1,3,NaN
2,1,3,NaN
1,2,3,0.3099009652134965
1,2,3,0.5376043881865737
3,0,3,NaN
1,2,3,NaN
1,2,3,NaN
2,1,3,NaN
3,0,3,NaN
2,1,3,NaN
3,0,3,NaN
1,2,3,NaN
1,2,3,NaN
2,1,3,NaN
2,1,3,NaN
2,1,3,0.9405257031659899
2,1,3,NaN
2,1,3,NaN
2,1,3,NaN
2,1,3,0.742601995273523
1,2,3,NaN
2,1,3,NaN
1,2,3,NaN
2,1,3,0.0986538124916049
1,2,3,0.06273758667360736
2,1,3,NaN
1,2,3,0.3950893865694002
2,1,3,NaN
3,0,3,0.3099009652134965
3,0,3,NaN
1,2,3,0.7087129780995387
1,2,3,NaN
2,1,3,0.9677549750289749
2,1,3,0.4431893633910816
1,2,3,NaN
1,2,3,NaN
1,2,3,NaN
3,0,3,NaN
1,2,3,NaN
2,1,3,NaN
1,2,3,0.6706377302926072
2,1,3,0.3562547782124584
1,2,3,0.005387198364784969
1,2,3,NaN
1,2,3,NaN
1,2,3,NaN
2,1,3,NaN
2,1,3,NaN
1,2,3,NaN
1,2,3,NaN
1,2,3,NaN
1,2,3,0.8063935641451117
1,2,3,0.5376043881865737
1,2,3,NaN
3,0,3,0.9152375708831951
1,2,3,NaN
3,0,3,0.025688675504669942
2,1,3,NaN
1,2,3,0.742601995273523
1,2,3,NaN
3,0,3,NaN
1,2,3,NaN
1,2,3,NaN
1,2,3,NaN
3,0,3,NaN
2,1,3,NaN
2,1,3,0.5376043881865737
3,0,3,0.7087129780995387
1,2,3,0.5836556595239325
2,1,3,0.8655008786900369
1,2,3,0.4920422445583172
1,2,3,NaN
1,2,3,NaN
3,0,3,0.2054386262940906
2,1,3,NaN
2,1,3,0.4920422445583172
2,1,3,NaN
1,2,3,0.17721222719246632
3,0,3,NaN
1,2,3,NaN
1,2,3,0.025688675504669942
1,2,3,0.4920422445583172
1,2,3,NaN
1,2,3,NaN
1,2,3,NaN
2,1,3,NaN
2,1,3,0.0213685999999998
2,1,3,NaN
1,2,3,0.8234957828997682
1,2,3,NaN
1,2,3,0.4431893633910816
3,0,3,NaN
2,1,3,0.9846173711867712
1,2,3,NaN
2,1,3,0.5376043881865737
2,1,3,NaN
3,0,3,0.17721222719246632
3,0,3,NaN
2,1,3,NaN
1,2,3,NaN
1,2,3,NaN
1,2,3,NaN
1,2,3,NaN
2,1,3,NaN
1,2,3,0.3099009652134965
1,2,3,NaN
1,2,3,0.0017291479004638709
2,1,3,0.7736549046044264
1,2,3,NaN
2,1,3,0.02760263468624471
3,0,3,NaN
2,1,3,NaN
3,0,3,0.2054386262940906
3,0,3,NaN
1,2,3,0.6495670779518484
1,2,3,0.0986538124916049
1,2,3,NaN
1,2,3,NaN
1,2,3,NaN
3,0,3,NaN
3,0,3,NaN
3,0,3,NaN
2,1,3,NaN
3,0,3,NaN
2,1,3,NaN
1,2,3,NaN
2,1,3,0.2054386262940906
1,2,3,NaN
1,2,3,NaN
2,1,3,NaN
3,0,3,NaN
1,2,3,NaN
1,2,3,0.6706377302926072
1,2,3,0.6706377302926072
3,0,3,NaN
1,2,3,NaN
1,2,3,NaN
3,0,3,0.13349194201575146
3,0,3,NaN
1,2,3,NaN
1,2,3,NaN
1,2,3,0.6282574491159135
2,1,3,NaN
1,2,3,NaN
2,1,3,NaN
2,1,3,NaN
1,2,3,0.007659580536912271
3,0,3,0.06514386516845237
1,2,3,0.6706377302926072
1,2,3,0.8234957828997682
3,0,3,0.4920422445583172
1,2,3,0.4431893633910816
1,2,3,NaN
3,0,3,NaN
1,2,3,NaN
2,1,3,NaN
1,2,3,NaN
2,1,3,NaN
2,1,3,NaN
2,1,3,NaN
2,1,3,0.34936774434310386
1,2,3,0.7087129780995387
3,0,3,NaN
2,1,3,NaN
1,2,3,NaN
1,2,3,NaN
2,1,3,NaN
1,2,3,0.4920422445583172
2,1,3,NaN
2,1,3,NaN
1,2,3,NaN
1,2,3,NaN
1,2,3,NaN
2,1,3,NaN
1,2,3,NaN
1,2,3,0.4920422445583172
3,0,3,NaN
3,0,3,NaN
2,1,3,0.23609730939414558
1,2,3,NaN
1,2,3,0.6282574491159135
1,2,3,NaN
2,1,3,NaN
1,2,3,NaN
1,2,3,NaN
1,2,3,NaN
1,2,3,0.8234957828997682
3,0,3,NaN
1,2,3,NaN
1,2,3,0.9602229766652525
2,1,3,NaN
2,1,3,NaN
2,1,3,NaN
1,2,3,NaN
2,1,3,0.5376043881865737
2,1,3,0.5376043881865737
3,0,3,0.9507681516607924
3,0,3,0.2054386262940906
1,2,3,0.039687384300341605
1,2,3,0.8014691082975914
1,2,3,0.00493931797625324
1,2,3,NaN
2,1,3,0.2054386262940906
3,0,3,NaN
2,1,3,NaN
1,2,3,NaN
1,2,3,NaN
1,2,3,NaN
1,2,3,0.3099009652134965
1,2,3,0.742601995273523
1,2,3,NaN
2,1,3,NaN
3,0,3,NaN
1,2,3,0.0986538124916049
3,0,3,NaN
3,0,3,NaN
2,1,3,0.006693358841268148
2,1,3,0.4431893633910816
1,2,3,0.01215498164804739
1,2,3,NaN
3,0,3,0.034605295647823726
1,2,3,NaN
1,2,3,NaN
1,2,3,NaN
3,0,3,NaN
1,2,3,0.2723000524553572
2,1,3,0.1150424729161512
1,2,3,NaN
2,1,3,0.47703588792034624
1,2,3,NaN
1,2,3,NaN
1,2,3,NaN
2,1,3,NaN
1,2,3,NaN
1,2,3,NaN
1,2,3,NaN
2,1,3,NaN
1,2,3,NaN
2,1,3,NaN
1,2,3,0.15224843783579525
1,2,3,NaN
2,1,3,NaN
3,0,3,NaN
3,0,3,NaN
1,2,3,NaN
3,0,3,NaN
2,1,3,NaN
3,0,3,NaN
1,2,3,0.8999851143675383
2,1,3,0.1150424729161512
1,2,3,NaN
2,1,3,NaN
1,2,3,0.13349194201575146
1,2,3,0.3099009652134965
2,1,3,NaN
2,1,3,NaN
1,2,3,NaN
1,2,3,NaN
1,2,3,0.3950893865694002
1,2,3,NaN
2,1,3,0.9290197578706562
1,2,3,NaN
3,0,3,0.8014691082975914
2,1,3,NaN
3,0,3,NaN
2,1,3,NaN
3,0,3,0.34936774434310386
2,1,3,NaN
1,2,3,NaN
1,2,3,NaN
2,1,3,NaN
3,0,3,NaN
1,2,3,NaN
3,0,3,NaN
2,1,3,NaN
1,2,3,NaN
1,2,3,NaN
1,2,3,NaN
3,0,3,0.5173722421232041
1,2,3,NaN
3,0,3,NaN
3,0,3,NaN
2,1,3,NaN
1,2,3,0.5376043881865737
1,2,3,NaN
1,2,3,0.9602229766652525
2,1,3,0.742601995273523
1,2,3,NaN
1,2,3,NaN
1,2,3,0.8827667358654245
2,1,3,NaN
2,1,3,NaN
3,0,3,NaN
2,1,3,NaN
3,0,3,NaN
2,1,3,0.001171665896857988
1,2,3,NaN
1,2,3,0.6751284957611908
1,2,3,NaN
1,2,3,NaN
2,1,3,NaN
2,1,3,0.4920422445583172
2,1,3,0.05338838749999978
2,1,3,0.4431893633910816
1,2,3,NaN
2,1,3,NaN
1,2,3,0.3099009652134965
3,0,3,NaN
1,2,3,NaN
1,2,3,0.002436710801393347
1,2,3,NaN
2,1,3,0.3950893865694002
1,2,3,NaN
2,1,3,0.34936774434310386
1,2,3,NaN
1,2,3,0.017936625825384724
3,0,3,NaN
1,2,3,0.20175886160605835
2,1,3,0.6282574491159135
2,1,3,NaN
3,0,3,0.9405257031659899
1,2,3,NaN
1,2,3,NaN
1,2,3,NaN
2,1,3,NaN
1,2,3,NaN
3,0,3,NaN
2,1,3,0.2054386262940906
1,2,3,0.8999851143675383
1,2,3,0.1150424729161512
3,0,3,NaN
2,1,3,NaN
1,2,3,NaN
1,2,3,NaN
1,2,3,NaN
1,2,3,NaN
1,2,3,NaN
2,1,3,NaN
1,2,3,NaN
1,2,3,0.034605295647823726
1,2,3,0.742601995273523
1,2,3,NaN
1,2,3,NaN
3,0,3,NaN
1,2,3,NaN
2,1,3,NaN
1,2,3,0.1150424729161512
1,2,3,NaN
3,0,3,NaN
1,2,3,NaN
2,1,3,NaN
1,2,3,NaN
2,1,3,NaN
3,0,3,NaN
1,2,3,0.8234957828997682
1,2,3,NaN
1,2,3,NaN
2,1,3,NaN
2,1,3,0.1150424729161512
1,2,3,NaN
3,0,3,NaN
1,2,3,NaN
1,2,3,NaN
1,2,3,0.5376043881865737
1,2,3,NaN
1,2,3,NaN
1,2,3,NaN
1,2,3,NaN
1,2,3,0.8406976625716349
1,2,3,NaN
1,2,3,0.7087129780995387
1,2,3,NaN
2,1,3,NaN
1,2,3,NaN
3,0,3,NaN
1,2,3,NaN
1,2,3,NaN
2,1,3,NaN
1,2,3,NaN
1,2,3,NaN
2,1,3,NaN
3,0,3,NaN
1,2,3,NaN
2,1,3,NaN
1,2,3,NaN
1,2,3,NaN
2,1,3,NaN
1,2,3,NaN
2,1,3,NaN
2,1,3,NaN
1,2,3,NaN
2,1,3,NaN
1,2,3,0.2054386262940906
1,2,3,NaN
1,2,3,NaN
2,1,3,NaN
2,1,3,NaN
2,1,3,NaN
3,0,3,NaN
1,2,3,NaN
1,2,3,NaN
2,1,3,0.7736549046044264
1,2,3,0.4908820187386861
1,2,3,NaN
1,2,3,NaN
1,2,3,NaN
1,2,3,NaN
2,1,3,NaN
3,0,3,0.4793283365445209
1,2,3,NaN
1,2,3,NaN
1,2,3,NaN
1,2,3,0.5376043881865737
1,2,3,NaN
1,2,3,NaN
2,1,3,NaN
2,1,3,NaN
2,1,3,0.9290197578706562
1,2,3,NaN
2,1,3,NaN
2,1,3,NaN
1,2,3,NaN
2,1,3,NaN
1,2,3,NaN
2,1,3,0.5836556595239325
1,2,3,NaN
1,2,3,0.742601995273523
2,1,3,NaN
1,2,3,0.23609730939414558
1,2,3,NaN
1,2,3,NaN
2,1,3,NaN
3,0,3,NaN
1,2,3,NaN
2,1,3,0.08491645534150608
2,1,3,0.8445596725400587
1,2,3,NaN
1,2,3,NaN
1,2,3,NaN
1,2,3,NaN
1,2,3,NaN
1,2,3,NaN
2,1,3,NaN
1,2,3,0.3950893865694002
1,2,3,NaN
1,2,3,NaN
1,2,3,NaN
1,2,3,NaN
2,1,3,NaN
2,1,3,NaN
2,1,3,0.030135545827633423
2,1,3,0.8453965225401804
3,0,3,NaN
2,1,3,0.8827667358654245
2,1,3,0.5836556595239325
1,2,3,NaN
1,2,3,NaN
3,0,3,0.5836556595239325
3,0,3,0.7087129780995387
1,2,3,NaN
1,2,3,NaN
2,1,3,NaN
1,2,3,0.4431893633910816
1,2,3,0.6706377302926072
1,2,3,0.08491645534150608
1,2,3,0.025688675504669942
1,2,3,NaN
3,0,3,NaN
1,2,3,0.030135545827633423
1,2,3,NaN
2,1,3,NaN
3,0,3,0.4672585393644756
2,1,3,NaN
1,2,3,NaN
1,2,3,NaN
1,2,3,NaN
1,2,3,0.9290197578706562
2,1,3,NaN
1,2,3,NaN
1,2,3,NaN
2,1,3,NaN
1,2,3,0.9507681516607924
3,0,3,NaN
2,1,3,NaN
1,2,3,NaN
1,2,3,NaN
1,2,3,NaN
1,2,3,NaN
1,2,3,NaN
3,0,3,0.8999851143675383
1,2,3,NaN
2,1,3,0.3099009652134965
1,2,3,NaN
1,2,3,NaN
2,1,3,NaN
3,0,3,0.3099009652134965
1,2,3,NaN
2,1,3,0.8234957828997682
1,2,3,NaN
3,0,3,NaN
1,2,3,0.2723000524553572
2,1,3,0.0009432277456656832
1,2,3,NaN
1,2,3,0.15407061357868015
2,1,3,NaN
2,1,3,0.025688675504669942
2,1,3,NaN
1,2,3,0.742601995273523
1,2,3,0.02657624714777215
1,2,3,NaN
1,2,3,NaN
2,1,3,NaN
1,2,3,NaN
1,2,3,0.0038726315659098607
3,0,3,0.0986538124916049
1,2,3,NaN
2,1,3,0.15407061357868015
1,2,3,0.4920422445583172
2,1,3,NaN
1,2,3,0.2054386262940906
1,2,3,NaN
1,2,3,NaN
2,1,3,0.15407061357868015
1,2,3,NaN
1,2,3,NaN
2,1,3,NaN
1,2,3,NaN
1,2,3,0.9290197578706562
1,2,3,0.034605295647823726
2,1,3,NaN
1,2,3,NaN
2,1,3,NaN
1,2,3,0.0986538124916049
1,2,3,NaN
1,2,3,0.6988622183803366
1,2,3,NaN
1,2,3,NaN
1,2,3,NaN
1,2,3,NaN
3,0,3,NaN
1,2,3,NaN
1,2,3,NaN
2,1,3,NaN
2,1,3,NaN
2,1,3,NaN
1,2,3,NaN
2,1,3,0.011147134228187437
2,1,3,0.8827667358654245
2,1,3,NaN
1,2,3,0.06273758667360736
2,1,3,NaN
1,2,3,NaN
1,2,3,NaN
1,2,3,NaN
1,2,3,0.8453965225401804
2,1,3,NaN
1,2,3,NaN
1,2,3,NaN
1,2,3,NaN
1,2,3,NaN
3,0,3,NaN
1,2,3,NaN
2,1,3,0.34936774434310386
1,2,3,NaN
1,2,3,NaN
1,2,3,NaN
1,2,3,NaN
1,2,3,0.025688675504669942
1,2,3,NaN
1,2,3,0.34936774434310386
2,1,3,0.0986538124916049
1,2,3,0.23609730939414558
2,1,3,NaN
1,2,3,NaN
2,1,3,NaN
1,2,3,NaN
2,1,3,NaN
1,2,3,0.17721222719246632
1,2,3,0.07287517728397767
1,2,3,NaN
1,2,3,NaN
2,1,3,NaN
1,2,3,NaN
1,2,3,0.015310519823788312
3,0,3,0.4920422445583172
1,2,3,0.08491645534150608
3,0,3,NaN
1,2,3,NaN
2,1,3,0.17721222719246632
1,2,3,NaN
2,1,3,NaN
3,0,3,NaN
3,0,3,NaN
3,0,3,0.00266520449283179
1,2,3,NaN
3,0,3,NaN
1,2,3,NaN
1,2,3,NaN
2,1,3,NaN
1,2,3,0.3950893865694002
2,1,3,0.5376043881865737
2,1,3,0.6282574491159135
1,2,3,NaN
1,2,3,NaN
1,2,3,NaN
1,2,3,0.5376043881865737
2,1,3,NaN
1,2,3,NaN
3,0,3,NaN
1,2,3,0.9602229766652525
1,2,3,NaN
1,2,3,NaN
2,1,3,NaN
1,2,3,NaN
2,1,3,NaN
1,2,3,0.8655008786900369
2,1,3,NaN
1,2,3,NaN
2,1,3,0.2723000524553572
1,2,3,0.8014691082975914
2,1,3,NaN
1,2,3,0.4431893633910816
1,2,3,NaN
1,2,3,NaN
1,2,3,NaN
2,1,3,NaN
1,2,3,NaN
1,2,3,NaN
1,2,3,NaN
1,2,3,NaN
2,1,3,0.34936774434310386
1,2,3,NaN
1,2,3,0.050044426788438075
1,2,3,0.15220217020447768
2,1,3,NaN
1,2,3,NaN
2,1,3,NaN
3,0,3,NaN
1,2,3,0.7087129780995387
1,2,3,0.23609730939414558
2,1,3,NaN
1,2,3,NaN
1,2,3,NaN
2,1,3,NaN
1,2,3,NaN
1,2,3,NaN
1,2,3,NaN
1,2,3,NaN
1,2,3,NaN
1,2,3,0.3083255412896143
1,2,3,0.742601995273523
1,2,3,NaN
2,1,3,NaN
1,2,3,NaN
1,2,3,NaN
2,1,3,NaN
2,1,3,0.8453965225401804
1,2,3,NaN
2,1,3,NaN
1,2,3,NaN
3,0,3,NaN
1,2,3,NaN
2,1,3,NaN
1,2,3,0.04915197611163579
2,1,3,0.34936774434310386
1,2,3,0.6282574491159135
1,2,3,NaN
1,2,3,NaN
1,2,3,NaN
1,2,3,NaN
1,2,3,NaN
3,0,3,NaN
1,2,3,NaN
3,0,3,0.8453965225401804
2,1,3,NaN
1,2,3,NaN
1,2,3,NaN
1,2,3,NaN
2,1,3,NaN
1,2,3,NaN
2,1,3,NaN
1,2,3,NaN
2,1,3,NaN
1,2,3,NaN
3,0,3,NaN
1,2,3,NaN
2,1,3,NaN
1,2,3,0.5836556595239325
1,2,3,NaN
2,1,3,0.9419496499176333
1,2,3,NaN
1,2,3,NaN
1,2,3,0.07287517728397767
2,1,3,0.2723000524553572
1,2,3,0.9747364638126857
2,1,3,0.32212474214622455
1,2,3,NaN
1,2,3,0.6282574491159135
1,2,3,NaN
1,2,3,0.8655008786900369
1,2,3,NaN
1,2,3,NaN
1,2,3,NaN
1,2,3,0.04631332256059672
1,2,3,NaN
1,2,3,NaN
1,2,3,0.4431893633910816
2,1,3,NaN
1,2,3,0.8234957828997682
2,1,3,NaN
1,2,3,0.8655008786900369
1,2,3,NaN
1,2,3,NaN
2,1,3,NaN
3,0,3,0.8014691082975914
1,2,3,0.8827667358654245
3,0,3,NaN
1,2,3,0.23609730939414558
1,2,3,0.4920422445583172
1,2,3,NaN
1,2,3,0.6282574491159135
2,1,3,0.0021092444499776902
3,0,3,NaN
2,1,3,NaN
1,2,3,NaN
2,1,3,NaN
3,0,3,NaN
1,2,3,NaN
1,2,3,0.0986538124916049
2,1,3,NaN
2,1,3,NaN
1,2,3,NaN
2,1,3,NaN
1,2,3,NaN
2,1,3,NaN
1,2,3,0.19158572838534768
1,2,3,NaN
1,2,3,NaN
2,1,3,0.742601995273523
3,0,3,NaN
2,1,3,0.6282574491159135
1,2,3,NaN
2,1,3,NaN
1,2,3,0.6706377302926072
1,2,3,0.8234957828997682
1,2,3,NaN
2,1,3,NaN
1,2,3,NaN
1,2,3,NaN
2,1,3,NaN
1,2,3,NaN
3,0,3,0.1150424729161512
3,0,3,0.9809153258638088
1,2,3,NaN
1,2,3,NaN
1,2,3,0.8234957828997682
1,2,3,0.06273758667360736
2,1,3,NaN
1,2,3,0.5836556595239325
2,1,3,NaN
1,2,3,0.5836556595239325
1,2,3,NaN
1,2,3,NaN
1,2,3,NaN
1,2,3,0.1150424729161512
1,2,3,NaN
1,2,3,NaN
2,1,3,NaN
1,2,3,0.17721222719246632
2,1,3,NaN
1,2,3,0.15407061357868015
1,2,3,0.06273758667360736
1,2,3,NaN
1,2,3,NaN
1,2,3,NaN
1,2,3,0.8827667358654245
2,1,3,NaN
3,0,3,NaN
1,2,3,0.0005180965757389616
2,1,3,NaN
1,2,3,0.34936774434310386
2,1,3,0.8453965225401804
1,2,3,0.413069875026209
1,2,3,NaN
2,1,3,NaN
2,1,3,NaN
1,2,3,NaN
1,2,3,NaN
2,1,3,NaN
1,2,3,NaN
2,1,3,NaN
1,2,3,0.13572489285156353
1,2,3,NaN
2,1,3,NaN
1,2,3,0.23609730939414558
1,2,3,NaN
1,2,3,0.4431893633910816
2,1,3,NaN
2,1,3,NaN
1,2,3,NaN
2,1,3,0.1150424729161512
2,1,3,0.2054386262940906
1,2,3,0.4431893633910816
1,2,3,NaN
1,2,3,0.8453965225401804
1,2,3,NaN
2,1,3,NaN
1,2,3,0.025688675504669942
1,2,3,0.34936774434310386
1,2,3,NaN
1,2,3,NaN
1,2,3,NaN
1,2,3,NaN
1,2,3,0.015310519823788312
1,2,3,NaN
1,2,3,NaN
2,1,3,0.4920422445583172
1,2,3,NaN
1,2,3,NaN
1,2,3,NaN
2,1,3,NaN
3,0,3,NaN
1,2,3,0.3099009652134965
1,2,3,NaN
1,2,3,NaN
1,2,3,0.011147134228187437
1,2,3,NaN
1,2,3,0.025688675504669942
1,2,3,NaN
1,2,3,NaN
2,1,3,NaN
1,2,3,0.17721222719246632
2,1,3,NaN
1,2,3,NaN
2,1,3,0.8827667358654245
1,2,3,0.29270212485790625
1,2,3,NaN
1,2,3,NaN
1,2,3,NaN
1,2,3,0.6706377302926072
2,1,3,NaN
1,2,3,NaN
1,2,3,0.3099009652134965
1,2,3,NaN
1,2,3,NaN
1,2,3,0.0005036027595799474
2,1,3,0.0003554966525100805
2,1,3,0.9809153258638088
1,2,3,NaN
1,2,3,NaN
1,2,3,0.2054386262940906
1,2,3,NaN
1,2,3,NaN
1,2,3,NaN
1,2,3,0.13349194201575146
2,1,3,0.7940278758964897
2,1,3,NaN
2,1,3,0.8234957828997682
1,2,3,NaN
1,2,3,NaN
1,2,3,NaN
1,2,3,0.07287517728397767
1,2,3,0.3099009652134965
1,2,3,NaN
1,2,3,0.7087129780995387
1,2,3,NaN
1,2,3,NaN
1,2,3,NaN
1,2,3,0.5376043881865737
1,2,3,NaN
1,2,3,NaN
2,1,3,NaN
2,1,3,NaN
1,2,3,0.18965160499079806
2,1,3,0.13349194201575146
1,2,3,0.5376043881865737
2,1,3,0.9602229766652525
1,2,3,NaN
1,2,3,0.5836556595239325
2,1,3,NaN
1,2,3,0.23142370000343693
1,2,3,0.8014691082975914
1,2,3,0.01582123369761258
1,2,3,NaN
1,2,3,0.7736549046044264
1,2,3,0.04631332256059672
1,2,3,0.34936774434310386
1,2,3,0.7135720257882858
1,2,3,0.4431893633910816
1,2,3,NaN
1,2,3,NaN
1,2,3,NaN
1,2,3,0.3099009652134965
2,1,3,NaN
1,2,3,0.23609730939414558
2,1,3,NaN
1,2,3,NaN
1,2,3,NaN
1,2,3,NaN
1,2,3,NaN
1,2,3,NaN
1,2,3,NaN
1,2,3,NaN
1,2,3,NaN
1,2,3,0.07287517728397767
1,2,3,NaN
2,1,3,NaN
1,2,3,NaN
1,2,3,NaN
1,2,3,NaN
1,2,3,NaN
1,2,3,0.06273758667360736
1,2,3,NaN
1,2,3,0.5836556595239325
1,2,3,NaN
1,2,3,0.10991699231494108
1,2,3,0.5376043881865737
2,1,3,0.15407061357868015
2,1,3,NaN
1,2,3,NaN
1,2,3,NaN
1,2,3,NaN
1,2,3,NaN
2,1,3,0.742601995273523
1,2,3,0.2723000524553572
1,2,3,NaN
1,2,3,0.2723000524553572
1,2,3,NaN
1,2,3,NaN
1,2,3,0.13349194201575146
1,2,3,NaN
1,2,3,NaN
1,2,3,NaN
1,2,3,NaN
1,2,3,NaN
1,2,3,0.8234957828997682
1,2,3,0.3950893865694002
1,2,3,0.009077679825958916
2,1,3,NaN
1,2,3,NaN
1,2,3,0.3099009652134965
1,2,3,NaN
1,2,3,NaN
1,2,3,NaN
2,1,3,NaN
1,2,3,NaN
1,2,3,NaN
1,2,3,NaN
1,2,3,NaN
2,1,3,0.0005440247349232383
3,0,3,NaN
1,2,3,NaN
1,2,3,NaN
1,2,3,NaN
1,2,3,NaN
1,2,3,NaN
1,2,3,NaN
1,2,3,0.742601995273523
1,2,3,NaN
1,2,3,NaN
1,2,3,0.2054386262940906
1,2,3,NaN
2,1,3,NaN
1,2,3,0.017936625825384724
1,2,3,NaN
1,2,3,NaN
2,1,3,NaN
2,1,3,0.1150424729161512
2,1,3,NaN
1,2,3,0.0986538124916049
1,2,3,0.6706377302926072
2,1,3,NaN
1,2,3,NaN
1,2,3,NaN
2,1,3,NaN
1,2,3,NaN
1,2,3,0.7087129780995387
1,2,3,0.5376043881865737
1,2,3,0.8453965225401804
1,2,3,NaN
1,2,3,NaN
1,2,3,NaN
1,2,3,NaN
1,2,3,0.23609730939414558
1,2,3,NaN
1,2,3,NaN
1,2,3,NaN
1,2,3,0.8234957828997682
1,2,3,0.04631332256059672
1,2,3,NaN
1,2,3,NaN
3,0,3,NaN
1,2,3,0.8014691082975914
1,2,3,0.5376043881865737
1,2,3,NaN
1,2,3,0.013166985494505864
1,2,3,NaN
1,2,3,NaN
1,2,3,0.8234957828997682
1,2,3,0.15407061357868015
1,2,3,NaN
1,2,3,NaN
1,2,3,NaN
1,2,3,0.23609730939414558
1,2,3,NaN
1,2,3,NaN
1,2,3,NaN
1,2,3,NaN
1,2,3,NaN
1,2,3,0.6282574491159135
1,2,3,0.3099009652134965
1,2,3,NaN
1,2,3,0.017936625825384724
1,2,3,NaN
1,2,3,NaN
1,2,3,0.391140188894164
1,2,3,0.17721222719246632
1,2,3,NaN
1,2,3,NaN
1,2,3,NaN
1,2,3,NaN
1,2,3,0.009410414330218242
2,1,3,NaN
1,2,3,0.9747364638126857
1,2,3,NaN
1,2,3,NaN
1,2,3,NaN
1,2,3,NaN
1,2,3,0.034605295647823726
1,2,3,NaN
1,2,3,NaN
1,2,3,NaN
1,2,3,NaN
1,2,3,NaN
1,2,3,NaN
1,2,3,NaN
1,2,3,0.34936774434310386
1,2,3,NaN
1,2,3,0.5836556595239325
1,2,3,0.38681452556590795
1,2,3,NaN
1,2,3,NaN
1,2,3,NaN
1,2,3,NaN
1,2,3,NaN
1,2,3,NaN
1,2,3,0.17721222719246632
1,2,3,4.341773328606583e-5
1,2,3,0.4920422445583172
1,2,3,NaN
1,2,3,NaN
1,2,3,0.742601995273523
1,2,3,NaN
2,1,3,NaN
2,1,3,NaN
1,2,3,NaN
1,2,3,NaN
1,2,3,NaN
1,2,3,0.9405257031659899
1,2,3,NaN
1,2,3,NaN
1,2,3,0.4920422445583172
1,2,3,0.1150424729161512
1,2,3,0.13349194201575146
1,2,3,0.8655008786900369
1,2,3,NaN
1,2,3,NaN
1,2,3,0.13349194201575146
0,3,3,NaN
0,3,3,NaN
0,3,3,0.06273758667360736
0,3,3,NaN
0,3,3,0.9217449492642963
0,3,3,NaN
0,3,3,NaN
0,3,3,NaN
0,3,3,NaN
0,3,3,NaN
0,3,3,0.5376043881865737
0,3,3,NaN
0,3,3,NaN
0,3,3,0.039687384300341605
0,3,3,NaN
0,3,3,NaN
0,3,3,NaN
0,3,3,NaN
0,3,3,NaN
0,3,3,0.8014691082975914
0,3,3,0.00496114553628933
0,3,3,0.07287517728397767
0,3,3,0.6706377302926072
0,3,3,NaN
0,3,3,NaN
0,3,3,NaN
0,3,3,0.8453965225401804
0,3,3,NaN
0,3,3,NaN
0,3,3,NaN
0,3,3,NaN
0,3,3,NaN
0,3,3,0.6282574491159135
0,3,3,NaN
0,3,3,0.2723000524553572
0,3,3,NaN
0,3,3,NaN
0,3,3,NaN
0,3,3,0.0986538124916049
0,3,3,0.8014691082975914
0,3,3,NaN
0,3,3,NaN
0,3,3,NaN
0,3,3,NaN
0,3,3,0.2627536423933134
0,3,3,NaN
0,3,3,0.0986538124916049
0,3,3,NaN
0,3,3,NaN
0,3,3,NaN
0,3,3,NaN
0,3,3,0.7087129780995387
0,3,3,NaN
0,3,3,NaN
0,3,3,NaN
0,3,3,NaN
0,3,3,NaN
0,3,3,NaN
0,3,3,NaN
0,3,3,0.23609730939414558
0,3,3,0.23609730939414558
0,3,3,0.8655008786900369
0,3,3,NaN
0,3,3,0.34936774434310386
0,3,3,NaN
0,3,3,NaN
0,3,3,NaN
0,3,3,NaN
0,3,3,0.5836556595239325
0,3,3,0.15407061357868015
0,3,3,NaN
0,3,3,NaN
0,3,3,0.742601995273523
0,3,3,NaN
0,3,3,NaN
0,3,3,NaN
0,3,3,NaN
0,3,3,NaN
0,3,3,0.13349194201575146
0,3,3,NaN
0,3,3,NaN
0,3,3,NaN
0,3,3,NaN
0,3,3,NaN
0,3,3,0.017936625825384724
0,3,3,NaN
0,3,3,NaN
0,3,3,NaN
0,3,3,NaN
0,3,3,0.8453965225401804
0,3,3,NaN
0,3,3,NaN
0,3,3,NaN
0,3,3,NaN
0,3,3,NaN
0,3,3,NaN
0,3,3,NaN
0,3,3,NaN
0,3,3,NaN
0,3,3,NaN
0,3,3,NaN
0,3,3,NaN
0,3,3,0.6706377302926072
0,3,3,NaN
0,3,3,NaN
0,3,3,0.06273758667360736
0,3,3,NaN
0,3,3,NaN
0,3,3,0.7736549046044264
0,3,3,NaN
0,3,3,0.23609730939414558
0,3,3,NaN
0,3,3,NaN
0,3,3,0.8014691082975914
0,3,3,NaN
0,3,3,NaN
0,3,3,NaN
0,3,3,0.0986538124916049
0,3,3,0.2054386262940906
0,3,3,0.5836556595239325
0,3,3,0.05338838749999978
0,3,3,NaN
0,3,3,NaN
0,3,3,0.5376043881865737
0,3,3,NaN
0,3,3,NaN
0,3,3,0.004108458086075875
0,3,3,NaN
0,3,3,0.2054386262940906
0,3,3,NaN
0,3,3,NaN
0,3,3,NaN
0,3,3,0.5836556595239325
0,3,3,0.7087129780995387
0,3,3,0.073026524286373
0,3,3,0.594515138509615
0,3,3,0.1150424729161512
0,3,3,NaN
0,3,3,0.17721222719246632
0,3,3,NaN
0,3,3,NaN
0,3,3,NaN
0,3,3,0.17721222719246632
0,3,3,NaN
0,3,3,NaN
0,3,3,NaN
0,3,3,NaN
0,3,3,0.6282574491159135
0,3,3,NaN
0,3,3,NaN
0,3,3,NaN
0,3,3,NaN
0,3,3,NaN
0,3,3,0.5376043881865737
0,3,3,NaN
0,3,3,NaN
0,3,3,0.34936774434310386
0,3,3,0.15407061357868015
0,3,3,NaN
0,3,3,NaN
0,3,3,NaN
0,3,3,0.9290197578706562
0,3,3,0.2723000524553572
0,3,3,NaN
0,3,3,NaN
0,3,3,NaN
0,3,3,NaN
0,3,3,NaN
0,3,3,0.7736549046044264
0,3,3,NaN
0,3,3,0.8453965225401804
0,3,3,NaN
0,3,3,NaN
0,3,3,NaN
0,3,3,0.7087129780995387
0,3,3,0.13349194201575146
0,3,3,NaN
0,3,3,NaN
0,3,3,NaN
0,3,3,NaN
0,3,3,0.5836556595239325
0,3,3,NaN
0,3,3,0.0053459147286812475
0,3,3,0.2054386262940906
0,3,3,NaN
0,3,3,0.034605295647823726
0,3,3,NaN
0,3,3,NaN
0,3,3,NaN
0,3,3,NaN
0,3,3,0.0986538124916049
0,3,3,NaN
0,3,3,0.5836556595239325
0,3,3,NaN
0,3,3,0.17721222719246632
0,3,3,NaN
0,3,3,0.007659580536912271
0,3,3,NaN
0,3,3,NaN
0,3,3,NaN
0,3,3,NaN
0,3,3,0.34936774434310386
0,3,3,NaN
0,3,3,NaN
0,3,3,NaN
0,3,3,NaN
0,3,3,NaN
0,3,3,0.08491645534150608
0,3,3,NaN
0,3,3,NaN
0,3,3,NaN
0,3,3,NaN
0,3,3,NaN
0,3,3,NaN
0,3,3,NaN
0,3,3,NaN
0,3,3,0.5376043881865737
0,3,3,NaN
0,3,3,NaN
0,3,3,NaN
0,3,3,0.1150424729161512
0,3,3,NaN
0,3,3,NaN
0,3,3,0.8655008786900369
0,3,3,0.9602229766652525
0,3,3,0.24385773939393943
0,3,3,NaN
0,3,3,NaN
0,3,3,NaN
0,3,3,NaN
0,3,3,NaN
0,3,3,NaN
0,3,3,0.6282574491159135
0,3,3,NaN
0,3,3,NaN
0,3,3,NaN
0,3,3,NaN
0,3,3,NaN
0,3,3,NaN
0,3,3,NaN
0,3,3,NaN
0,3,3,NaN
0,3,3,0.7736549046044264
0,3,3,NaN
0,3,3,NaN
0,3,3,NaN
0,3,3,NaN
0,3,3,NaN
0,3,3,NaN
0,3,3,NaN
0,3,3,0.5836556595239325
0,3,3,NaN
0,3,3,0.3950893865694002
0,3,3,NaN
0,3,3,NaN
0,3,3,NaN
0,3,3,0.23609730939414558
0,3,3,0.17721222719246632
0,3,3,NaN
0,3,3,0.013385625526041644
0,3,3,NaN
0,3,3,0.9677549750289749
0,3,3,0.8655008786900369
0,3,3,0.3099009652134965
0,3,3,NaN
0,3,3,NaN
0,3,3,NaN
0,3,3,NaN
0,3,3,NaN
0,3,3,NaN
0,3,3,0.002000265306122949
0,3,3,NaN
0,3,3,NaN
0,3,3,NaN
0,3,3,NaN
0,3,3,0.039687384300341605
0,3,3,0.1150424729161512
0,3,3,0.3099009652134965
0,3,3,0.9152375708831951
0,3,3,NaN
0,3,3,NaN
0,3,3,NaN
0,3,3,NaN
0,3,3,0.23609730939414558
0,3,3,NaN
0,3,3,NaN
0,3,3,NaN
0,3,3,NaN
0,3,3,NaN
0,3,3,NaN
0,3,3,NaN
0,3,3,NaN
0,3,3,0.7087129780995387
0,3,3,NaN
0,3,3,NaN
0,3,3,NaN
0,3,3,NaN
0,3,3,0.4431893633910816
0,3,3,NaN
0,3,3,NaN
0,3,3,NaN
0,3,3,NaN
0,3,3,NaN
0,3,3,NaN
0,3,3,NaN
0,3,3,NaN
0,3,3,0.1150424729161512
0,3,3,NaN
0,3,3,NaN
0,3,3,NaN
0,3,3,NaN
0,3,3,NaN
0,3,3,NaN
0,3,3,0.007659580536912271
0,3,3,NaN
0,3,3,0.2723000524553572
0,3,3,NaN
0,3,3,NaN
0,3,3,0.8999851143675383
0,3,3,NaN
0,3,3,0.030135545827633423
0,3,3,0.3099009652134965
0,3,3,0.002968079223927906
0,3,3,0.9602229766652525
0,3,3,NaN
0,3,3,NaN
0,3,3,NaN
0,3,3,NaN
0,3,3,NaN
0,3,3,NaN
0,3,3,NaN
0,3,3,NaN
0,3,3,NaN
0,3,3,NaN
0,3,3,NaN
0,3,3,NaN
0,3,3,NaN
0,3,3,NaN
0,3,3,NaN
0,3,3,NaN
0,3,3,0.000622418022458396
0,3,3,NaN
0,3,3,NaN
0,3,3,0.4431893633910816
0,3,3,NaN
0,3,3,0.7842398721185311
0,3,3,0.742601995273523
0,3,3,NaN
0,3,3,NaN
0,3,3,0.23539301067611462
0,3,3,0.6706377302926072
0,3,3,NaN
0,3,3,NaN
0,3,3,0.23609730939414558
0,3,3,0.1150424729161512
0,3,3,0.3950893865694002
0,3,3,NaN
0,3,3,0.07287517728397767
0,3,3,0.2270873411621171
0,3,3,0.2054386262940906
0,3,3,0.8234957828997682
0,3,3,0.9290197578706562
0,3,3,NaN
0,3,3,NaN
0,3,3,0.8655008786900369
0,3,3,NaN
0,3,3,NaN
0,3,3,0.2723000524553572
0,3,3,0.6706377302926072
0,3,3,NaN
0,3,3,NaN
0,3,3,NaN
0,3,3,NaN
0,3,3,NaN
0,3,3,NaN
0,3,3,0.3950893865694002
0,3,3,NaN
0,3,3,NaN
0,3,3,NaN
0,3,3,0.5836556595239325
0,3,3,0.5836556595239325
0,3,3,NaN
0,3,3,0.8234957828997682
0,3,3,0.13349194201575146
0,3,3,NaN
0,3,3,0.34936774434310386
0,3,3,NaN
0,3,3,0.005409169106483522
0,3,3,NaN
0,3,3,NaN
0,3,3,0.011147134228187437
0,3,3,NaN
0,3,3,NaN
0,3,3,NaN
0,3,3,0.5836556595239325
0,3,3,NaN
0,3,3,NaN
0,3,3,NaN
0,3,3,NaN
0,3,3,NaN
0,3,3,NaN
0,3,3,0.9405257031659899
0,3,3,NaN
0,3,3,NaN
0,3,3,0.9405257031659899
0,3,3,NaN
0,3,3,NaN
0,3,3,NaN
0,3,3,NaN
0,3,3,0.004708926795579234
0,3,3,NaN
0,3,3,NaN
0,3,3,NaN
0,3,3,NaN
0,3,3,NaN
0,3,3,NaN
0,3,3,NaN
0,3,3,NaN
0,3,3,NaN
0,3,3,NaN
0,3,3,NaN
0,3,3,0.7087129780995387
0,3,3,0.07287517728397767
0,3,3,NaN
0,3,3,NaN
0,3,3,NaN
0,3,3,NaN
0,3,3,0.8453965225401804
0,3,3,NaN
0,3,3,0.5376043881865737
0,3,3,NaN
0,3,3,NaN
0,3,3,NaN
0,3,3,NaN
0,3,3,NaN
0,3,3,0.07287517728397767
0,3,3,NaN
0,3,3,NaN
0,3,3,NaN
0,3,3,0.17721222719246632
0,3,3,NaN
0,3,3,NaN
0,3,3,NaN
0,3,3,NaN
0,3,3,NaN
0,3,3,0.23609730939414558
0,3,3,NaN
0,3,3,NaN
0,3,3,NaN
0,3,3,NaN
0,3,3,NaN
0,3,3,NaN
0,3,3,NaN
0,3,3,NaN
0,3,3,NaN
0,3,3,NaN
0,3,3,NaN
0,3,3,NaN
0,3,3,NaN
0,3,3,NaN
0,3,3,0.9290197578706562
0,3,3,NaN
0,3,3,NaN
0,3,3,0.5376043881865737
0,3,3,0.8655008786900369
0,3,3,NaN
0,3,3,NaN
0,3,3,NaN
0,3,3,0.4920422445583172
0,3,3,NaN
0,3,3,NaN
0,3,3,NaN
0,3,3,NaN
0,3,3,0.5376043881865737
0,3,3,NaN
0,3,3,NaN
0,3,3,NaN
0,3,3,NaN
0,3,3,0.13349194201575146
0,3,3,NaN
0,3,3,NaN
0,3,3,NaN
0,3,3,0.6282574491159135
0,3,3,NaN
0,3,3,NaN
0,3,3,NaN
0,3,3,0.004708926795579234
0,3,3,NaN
0,3,3,0.6140349158324991
0,3,3,0.2723000524553572
0,3,3,NaN
0,3,3,NaN
0,3,3,NaN
0,3,3,NaN
0,3,3,0.7087129780995387
0,3,3,0.4431893633910816
0,3,3,0.2723000524553572
0,3,3,NaN
0,3,3,NaN
0,3,3,NaN
0,3,3,NaN
0,3,3,NaN
0,3,3,NaN
0,3,3,NaN
0,3,3,NaN
0,3,3,0.8234957828997682
0,3,3,NaN
0,3,3,NaN
0,3,3,NaN
0,3,3,NaN
0,3,3,NaN
0,3,3,0.501581955340288
0,3,3,0.6282574491159135
0,3,3,NaN
0,3,3,0.4920422445583172
0,3,3,0.5376043881865737
0,3,3,NaN
0,3,3,NaN
0,3,3,0.17721222719246632
0,3,3,0.8827667358654245
0,3,3,NaN
0,3,3,0.8014691082975914
0,3,3,NaN
0,3,3,NaN
0,3,3,NaN
0,3,3,NaN
0,3,3,NaN
0,3,3,NaN
0,3,3,0.5376043881865737
0,3,3,0.9722277772332162
0,3,3,0.7087129780995387
0,3,3,0.7087129780995387
0,3,3,NaN
0,3,3,0.034605295647823726
0,3,3,NaN
0,3,3,NaN
0,3,3,NaN
0,3,3,NaN
0,3,3,NaN
0,3,3,NaN
0,3,3,NaN
0,3,3,NaN
0,3,3,NaN
0,3,3,NaN
0,3,3,NaN
0,3,3,NaN
0,3,3,NaN
0,3,3,NaN
0,3,3,NaN
0,3,3,0.8234957828997682
0,3,3,0.9747364638126857
0,3,3,NaN
0,3,3,NaN
0,3,3,0.8827667358654245
0,3,3,NaN
0,3,3,NaN
0,3,3,0.9747364638126857
0,3,3,NaN
0,3,3,NaN
0,3,3,NaN
0,3,3,0.34936774434310386
0,3,3,NaN
0,3,3,NaN
0,3,3,0.0986538124916049
0,3,3,NaN
0,3,3,NaN
0,3,3,NaN
0,3,3,NaN
0,3,3,0.8014691082975914
0,3,3,NaN
0,3,3,0.8655008786900369
0,3,3,NaN
0,3,3,NaN
0,3,3,NaN
0,3,3,0.34936774434310386
0,3,3,NaN
0,3,3,NaN
0,3,3,0.0053459147286812475
0,3,3,NaN
0,3,3,NaN
0,3,3,NaN
0,3,3,0.011147134228187437
0,3,3,NaN
0,3,3,NaN
0,3,3,NaN
0,3,3,NaN
0,3,3,NaN
0,3,3,NaN
0,3,3,NaN
0,3,3,NaN
0,3,3,0.0986538124916049
0,3,3,NaN
0,3,3,NaN
0,3,3,NaN
0,3,3,0.0213685999999998
0,3,3,NaN
0,3,3,NaN
0,3,3,NaN
0,3,3,NaN
0,3,3,NaN
0,3,3,NaN
0,3,3,0.8999851143675383
0,3,3,NaN
0,3,3,0.1150424729161512
0,3,3,0.06398659703765441
0,3,3,NaN
0,3,3,NaN
0,3,3,NaN
0,3,3,NaN
0,3,3,NaN
0,3,3,NaN
0,3,3,NaN
0,3,3,0.5836556595239325
0,3,3,NaN
0,3,3,0.3950893865694002
0,3,3,NaN
0,3,3,NaN
0,3,3,NaN
0,3,3,NaN
0,3,3,NaN
0,3,3,NaN
0,3,3,NaN
0,3,3,NaN
0,3,3,NaN
0,3,3,NaN
0,3,3,NaN
0,3,3,NaN
0,3,3,NaN
0,3,3,NaN
0,3,3,NaN
0,3,3,NaN
0,3,3,NaN
0,3,3,NaN
0,3,3,NaN
0,3,3,NaN
0,3,3,0.742601995273523
0,3,3,0.8999851143675383
0,3,3,NaN
0,3,3,0.2723000524553572
0,3,3,0.8453965225401804
0,3,3,0.08491645534150608
0,3,3,NaN
0,3,3,NaN
0,3,3,0.08491645534150608
0,3,3,0.025688675504669942
0,3,3,0.23609730939414558
0,3,3,NaN
0,3,3,NaN
0,3,3,NaN
0,3,3,0.9940881165372081
0,3,3,0.009410414330218242
0,3,3,NaN
0,3,3,0.3950893865694002
0,3,3,NaN
0,3,3,0.5376043881865737
0,3,3,NaN
0,3,3,NaN
0,3,3,NaN
0,3,3,0.8453965225401804
0,3,3,NaN
0,3,3,NaN
0,3,3,NaN
0,3,3,NaN
0,3,3,NaN
0,3,3,NaN
0,3,3,NaN
0,3,3,0.4431893633910816
0,3,3,NaN
0,3,3,NaN
0,3,3,NaN
0,3,3,NaN
0,3,3,0.4920422445583172
0,3,3,NaN
0,3,3,0.0986538124916049
0,3,3,NaN
0,3,3,NaN
0,3,3,0.4431893633910816
0,3,3,NaN
0,3,3,NaN
0,3,3,0.3099009652134965
0,3,3,0.5836556595239325
0,3,3,0.8827667358654245
0,3,3,NaN
0,3,3,NaN
0,3,3,NaN
0,3,3,0.3099009652134965
0,3,3,NaN
0,3,3,NaN
0,3,3,0.15407061357868015
0,3,3,0.23609730939414558
0,3,3,NaN
0,3,3,NaN
0,3,3,NaN
0,3,3,NaN
0,3,3,0.05338838749999978
0,3,3,NaN
0,3,3,NaN
0,3,3,NaN
0,3,3,0.013166985494505864
0,3,3,NaN
0,3,3,NaN
0,3,3,0.5836556595239325
0,3,3,0.17721222719246632
0,3,3,0.2723000524553572
0,3,3,NaN
0,3,3,NaN
0,3,3,NaN
0,3,3,0.9942087569967986
0,3,3,0.017936625825384724
0,3,3,NaN
0,3,3,NaN
0,3,3,0.9507681516607924
0,3,3,NaN
0,3,3,0.8999851143675383
0,3,3,NaN
0,3,3,0.13349194201575146
0,3,3,0.2054386262940906
0,3,3,NaN
0,3,3,0.17721222719246632
0,3,3,0.9152375708831951
0,3,3,NaN
0,3,3,NaN
0,3,3,NaN
0,3,3,NaN
0,3,3,NaN
0,3,3,0.6414453342723963
0,3,3,0.9942087569967986
0,3,3,NaN
0,3,3,NaN
0,3,3,NaN
0,3,3,NaN
0,3,3,NaN
0,3,3,NaN
0,3,3,0.11838210757172038
0,3,3,0.020011868423547678
0,3,3,NaN
0,3,3,NaN
0,3,3,0.8014691082975914
0,3,3,0.006330742305371628
0,3,3,NaN
0,3,3,0.9507681516607924
0,3,3,NaN
0,3,3,NaN
0,3,3,NaN
0,3,3,NaN
0,3,3,NaN
0,3,3,0.8211041706356851
0,3,3,NaN
0,3,3,NaN
0,3,3,NaN
0,3,3,0.025688675504669942
0,3,3,NaN
0,3,3,0.6282574491159135
0,3,3,NaN
0,3,3,NaN
0,3,3,0.34936774434310386
0,3,3,NaN
0,3,3,NaN
0,3,3,NaN
0,3,3,NaN
0,3,3,0.4832716308418932
0,3,3,NaN
0,3,3,NaN
0,3,3,NaN
0,3,3,0.5836556595239325
0,3,3,NaN
0,3,3,NaN
0,3,3,0.025688675504669942
0,3,3,NaN
0,3,3,NaN
0,3,3,0.9507681516607924
0,3,3,0.5836556595239325
0,3,3,NaN
0,3,3,NaN
0,3,3,0.9290197578706562
0,3,3,NaN
0,3,3,0.9290197578706562
0,3,3,0.17839800186627383
0,3,3,NaN
0,3,3,0.5481284807534306
0,3,3,NaN
0,3,3,NaN
0,3,3,0.6282574491159135
0,3,3,0.8014691082975914
0,3,3,NaN
0,3,3,NaN
0,3,3,0.7087129780995387
0,3,3,0.9695697397571765
0,3,3,NaN
0,3,3,0.05338838749999978
0,3,3,0.039687384300341605
0,3,3,NaN
0,3,3,0.4987878781241234
0,3,3,NaN
0,3,3,NaN
0,3,3,NaN
0,3,3,NaN
0,3,3,NaN
0,3,3,NaN
0,3,3,NaN
0,3,3,NaN
0,3,3,NaN
0,3,3,NaN
0,3,3,NaN
0,3,3,NaN
0,3,3,NaN
0,3,3,0.2054386262940906
0,3,3,0.9854887762528594
0,3,3,NaN
0,3,3,0.17721222719246632
0,3,3,NaN
0,3,3,NaN
0,3,3,NaN
0,3,3,NaN
0,3,3,NaN
0,3,3,NaN
0,3,3,0.6706377302926072
0,3,3,0.17721222719246632
0,3,3,NaN
0,3,3,0.34936774434310386
0,3,3,0.5334207446380278
0,3,3,NaN
0,3,3,0.2054386262940906
0,3,3,NaN
0,3,3,NaN
0,3,3,NaN
0,3,3,NaN
0,3,3,0.7087129780995387
0,3,3,NaN
0,3,3,NaN
0,3,3,NaN
0,3,3,NaN
0,3,3,NaN
0,3,3,NaN
0,3,3,NaN
0,3,3,0.17721222719246632
0,3,3,0.8816425487364998
0,3,3,0.23609730939414558
0,3,3,NaN
0,3,3,NaN
0,3,3,0.2723000524553572
0,3,3,NaN
0,3,3,NaN
0,3,3,NaN
0,3,3,0.1150424729161512
0,3,3,NaN
0,3,3,NaN
0,3,3,0.8827667358654245
0,3,3,NaN
0,3,3,NaN
0,3,3,0.23609730939414558
0,3,3,0.8999851143675383
0,3,3,NaN
0,3,3,NaN
0,3,3,NaN
0,3,3,0.8014691082975914
0,3,3,NaN
0,3,3,NaN
0,3,3,NaN
0,3,3,NaN
0,3,3,NaN
0,3,3,NaN
0,3,3,NaN
0,3,3,NaN
0,3,3,NaN
0,3,3,NaN
0,3,3,0.8014691082975914
0,3,3,NaN
0,3,3,NaN
0,3,3,NaN
0,3,3,NaN
0,3,3,NaN
0,3,3,NaN
0,3,3,NaN
0,3,3,NaN
0,3,3,0.7736549046044264
0,3,3,NaN
0,3,3,0.23609730939414558
0,3,3,NaN
0,3,3,0.07287517728397767
0,3,3,0.6168189214495243
0,3,3,0.555861962583785
0,3,3,NaN
0,3,3,NaN
0,3,3,0.9290197578706562
0,3,3,NaN
0,3,3,NaN
0,3,3,NaN
0,3,3,NaN
0,3,3,NaN
0,3,3,0.7087129780995387
0,3,3,0.017936625825384724
0,3,3,NaN
0,3,3,NaN
0,3,3,0.7087129780995387
0,3,3,NaN
0,3,3,NaN
0,3,3,0.5243809188391584
0,3,3,NaN
0,3,3,NaN
0,3,3,0.23609730939414558
0,3,3,NaN
0,3,3,NaN
0,3,3,NaN
0,3,3,0.3099009652134965
0,3,3,NaN
0,3,3,0.8999851143675383
0,3,3,NaN
0,3,3,0.08491645534150608
0,3,3,0.9152375708831951
0,3,3,NaN
0,3,3,NaN
0,3,3,NaN
0,3,3,NaN
0,3,3,0.7087129780995387
0,3,3,NaN
0,3,3,NaN
0,3,3,NaN
0,3,3,NaN
0,3,3,0.04631332256059672
0,3,3,NaN
0,3,3,NaN
0,3,3,0.8827667358654245
0,3,3,0.3950893865694002
0,3,3,NaN
0,3,3,NaN
0,3,3,NaN
0,3,3,0.17721222719246632
0,3,3,NaN
0,3,3,NaN
0,3,3,NaN
0,3,3,NaN
0,3,3,NaN
0,3,3,NaN
0,3,3,NaN
0,3,3,NaN
0,3,3,NaN
0,3,3,NaN
0,3,3,NaN
0,3,3,NaN
0,3,3,NaN
0,3,3,NaN
0,3,3,NaN
0,3,3,0.2054386262940906
0,3,3,NaN
0,3,3,NaN
0,3,3,NaN
0,3,3,0.07591618113919561
0,3,3,NaN
0,3,3,0.9152375708831951
0,3,3,NaN
0,3,3,NaN
0,3,3,NaN
0,3,3,0.5376043881865737
0,3,3,NaN
0,3,3,NaN
0,3,3,0.8999851143675383
0,3,3,NaN
0,3,3,NaN
0,3,3,NaN
0,3,3,NaN
0,3,3,0.1150424729161512
0,3,3,NaN
0,3,3,0.5376043881865737
0,3,3,0.1867372117591186
0,3,3,NaN
0,3,3,0.8999851143675383
0,3,3,NaN
0,3,3,0.6282574491159135
0,3,3,NaN
0,3,3,NaN
0,3,3,0.9854887762528594
0,3,3,NaN
0,3,3,0.5836556595239325
0,3,3,NaN
0,3,3,NaN
0,3,3,NaN
0,3,3,NaN
0,3,3,0.13349194201575146
0,3,3,NaN
0,3,3,NaN
0,3,3,NaN
0,3,3,0.34936774434310386
0,3,3,0.011147134228187437
0,3,3,NaN
0,3,3,NaN
0,3,3,NaN
0,3,3,0.3934602908616192
0,3,3,NaN
0,3,3,0.7087129780995387
0,3,3,0.1150424729161512
0,3,3,NaN
0,3,3,0.5376043881865737
0,3,3,0.7736549046044264
0,3,3,0.34936774434310386
0,3,3,NaN
0,3,3,0.4920422445583172
0,3,3,0.7736549046044264
0,3,3,NaN
0,3,3,0.08491645534150608
0,3,3,NaN
0,3,3,NaN
0,3,3,NaN
0,3,3,0.026064153026884074
0,3,3,NaN
0,3,3,NaN
0,3,3,NaN
0,3,3,0.0986538124916049
0,3,3,NaN
0,3,3,NaN
0,3,3,NaN
0,3,3,0.8655008786900369
0,3,3,NaN
0,3,3,NaN
0,3,3,0.23609730939414558
0,3,3,NaN
0,3,3,0.4920422445583172
0,3,3,NaN
0,3,3,NaN
0,3,3,NaN
0,3,3,NaN
0,3,3,NaN
0,3,3,NaN
0,3,3,NaN
0,3,3,0.8999851143675383
0,3,3,NaN
0,3,3,0.007820940381453496
0,3,3,NaN
0,3,3,0.8655008786900369
0,3,3,0.034605295647823726
0,3,3,NaN
0,3,3,NaN
0,3,3,0.2054386262940906
0,3,3,NaN
0,3,3,NaN
0,3,3,NaN
0,3,3,NaN
0,3,3,0.8999851143675383
0,3,3,0.9602229766652525
0,3,3,0.8014691082975914
0,3,3,0.5836556595239325
0,3,3,NaN
0,3,3,NaN
0,3,3,0.3906334678388038
0,3,3,NaN
0,3,3,0.3950893865694002
0,3,3,NaN
0,3,3,NaN
0,3,3,NaN
0,3,3,NaN
0,3,3,0.22892562212508571
0,3,3,0.004708926795579234
0,3,3,NaN
0,3,3,NaN
0,3,3,NaN
0,3,3,NaN
0,3,3,NaN
0,3,3,NaN
0,3,3,0.039687384300341605
0,3,3,NaN
0,3,3,NaN
0,3,3,NaN
0,3,3,NaN
0,3,3,NaN
0,3,3,NaN
0,3,3,NaN
0,3,3,NaN
0,3,3,NaN
0,3,3,NaN
0,3,3,NaN
0,3,3,0.2090311755905381
0,3,3,0.7736549046044264
0,3,3,NaN
0,3,3,NaN
0,3,3,NaN
0,3,3,NaN
0,3,3,NaN
0,3,3,NaN
0,3,3,NaN
0,3,3,0.8179451903239775
0,3,3,NaN
0,3,3,NaN
0,3,3,NaN
0,3,3,NaN
0,3,3,NaN
0,3,3,0.4920422445583172
0,3,3,NaN
0,3,3,NaN
0,3,3,NaN
0,3,3,NaN
0,3,3,NaN
0,3,3,NaN
0,3,3,NaN
0,3,3,NaN
0,3,3,0.13349194201575146
0,3,3,0.04631332256059672
0,3,3,0.07973172636494655
0,3,3,0.8827667358654245
0,3,3,0.9602229766652525
0,3,3,NaN
0,3,3,NaN
0,3,3,0.039687384300341605
0,3,3,NaN
0,3,3,NaN
0,3,3,NaN
0,3,3,NaN
0,3,3,NaN
0,3,3,0.23609730939414558
0,3,3,NaN
0,3,3,0.9677549750289749
0,3,3,NaN
0,3,3,NaN
0,3,3,0.13349194201575146
0,3,3,NaN
0,3,3,NaN
0,3,3,NaN
0,3,3,0.6706377302926072
0,3,3,NaN
0,3,3,NaN
0,3,3,0.7736549046044264
0,3,3,0.34936774434310386
0,3,3,NaN
0,3,3,NaN
0,3,3,0.3950893865694002
0,3,3,NaN
0,3,3,NaN
0,3,3,NaN
0,3,3,NaN
0,3,3,NaN
0,3,3,NaN
0,3,3,NaN
0,3,3,NaN
0,3,3,NaN
0,3,3,NaN
0,3,3,NaN
0,3,3,NaN
0,3,3,NaN
0,3,3,0.8453965225401804
0,3,3,NaN
0,3,3,0.34936774434310386
0,3,3,0.017936625825384724
0,3,3,NaN
0,3,3,0.7736549046044264
0,3,3,NaN
0,3,3,NaN
0,3,3,NaN
0,3,3,0.13349194201575146
0,3,3,NaN
0,3,3,NaN
0,3,3,NaN
0,3,3,NaN
0,3,3,NaN
0,3,3,NaN
0,3,3,NaN
0,3,3,NaN
0,3,3,NaN
0,3,3,NaN
0,3,3,0.34936774434310386
0,3,3,0.7087129780995387
0,3,3,NaN
0,3,3,NaN
0,3,3,NaN
0,3,3,NaN
0,3,3,NaN
0,3,3,0.7736549046044264
0,3,3,NaN
0,3,3,0.1796596551436708
0,3,3,NaN
0,3,3,NaN
0,3,3,0.8999851143675383
0,3,3,NaN
0,3,3,NaN
0,3,3,NaN
0,3,3,0.2054386262940906
0,3,3,NaN
0,3,3,NaN
0,3,3,NaN
0,3,3,NaN
0,3,3,NaN
0,3,3,NaN
0,3,3,0.742601995273523
0,3,3,0.3950893865694002
0,3,3,NaN
0,3,3,0.025688675504669942
0,3,3,NaN
0,3,3,0.13349194201575146
0,3,3,0.1150424729161512
0,3,3,0.9507681516607924
0,3,3,0.013166985494505864
0,3,3,NaN
0,3,3,0.5499412487804021
0,3,3,NaN
0,3,3,NaN
0,3,3,NaN
0,3,3,0.612746566168068
0,3,3,NaN
0,3,3,NaN
0,3,3,NaN
0,3,3,NaN
0,3,3,NaN
0,3,3,NaN
0,3,3,0.4431893633910816
0,3,3,NaN
0,3,3,0.5836556595239325
0,3,3,NaN
0,3,3,NaN
0,3,3,0.9747364638126857
0,3,3,NaN
0,3,3,NaN
0,3,3,NaN
0,3,3,NaN
0,3,3,NaN
0,3,3,NaN
0,3,3,NaN
0,3,3,NaN
0,3,3,NaN
0,3,3,NaN
0,3,3,NaN
0,3,3,NaN
0,3,3,NaN
0,3,3,0.8827667358654245
0,3,3,0.34936774434310386
0,3,3,0.1150424729161512
0,3,3,NaN
0,3,3,NaN
0,3,3,NaN
0,3,3,NaN
0,3,3,0.6706377302926072
0,3,3,NaN
0,3,3,NaN
0,3,3,NaN
0,3,3,NaN
0,3,3,NaN
0,3,3,NaN
0,3,3,NaN
0,3,3,0.9290197578706562
0,3,3,NaN
0,3,3,NaN
0,3,3,NaN
0,3,3,NaN
0,3,3,0.0016691166607694311
0,3,3,NaN
0,3,3,NaN
0,3,3,NaN
0,3,3,NaN
0,3,3,NaN
0,3,3,NaN
0,3,3,0.0053459147286812475
0,3,3,0.7087129780995387
0,3,3,NaN
0,3,3,NaN
0,3,3,0.9924179942680554
0,3,3,NaN
0,3,3,NaN
0,3,3,NaN
0,3,3,NaN
0,3,3,NaN
0,3,3,NaN
0,3,3,NaN
0,3,3,NaN
0,3,3,NaN
0,3,3,0.17721222719246632
0,3,3,0.2054386262940906
0,3,3,NaN
0,3,3,0.17721222719246632
0,3,3,NaN
0,3,3,NaN
0,3,3,0.2054386262940906
0,3,3,NaN
0,3,3,NaN
0,3,3,0.8999851143675383
0,3,3,NaN
0,3,3,NaN
0,3,3,0.9809153258638088
0,3,3,NaN
0,3,3,NaN
0,3,3,0.039687384300341605
0,3,3,NaN
0,3,3,NaN
0,3,3,NaN
0,3,3,0.8655008786900369
0,3,3,NaN
0,3,3,0.8453965225401804
0,3,3,NaN
0,3,3,NaN
0,3,3,NaN
0,3,3,NaN
0,3,3,NaN
0,3,3,NaN
0,3,3,NaN
0,3,3,NaN
0,3,3,0.04631332256059672
0,3,3,NaN
0,3,3,NaN
0,3,3,NaN
0,3,3,NaN
0,3,3,NaN
0,3,3,NaN
0,3,3,NaN
0,3,3,NaN
0,3,3,NaN
0,3,3,NaN
0,3,3,NaN
0,3,3,NaN
0,3,3,NaN
0,3,3,NaN
0,3,3,0.2054386262940906
0,3,3,NaN
0,3,3,NaN
0,3,3,0.6282574491159135
0,3,3,NaN
0,3,3,NaN
0,3,3,NaN
0,3,3,NaN
0,3,3,NaN
0,3,3,NaN
0,3,3,NaN
0,3,3,NaN
0,3,3,0.0986538124916049
0,3,3,0.4431893633910816
0,3,3,NaN
0,3,3,NaN
0,3,3,NaN
0,3,3,NaN
0,3,3,NaN
0,3,3,0.8827667358654245
0,3,3,NaN
0,3,3,NaN
0,3,3,NaN
0,3,3,NaN
0,3,3,NaN
0,3,3,NaN
0,3,3,NaN
0,3,3,NaN
0,3,3,0.15407061357868015
0,3,3,NaN
0,3,3,0.9405257031659899
0,3,3,0.34936774434310386
0,3,3,0.13349194201575146
0,3,3,NaN
0,3,3,NaN
0,3,3,0.9152375708831951
0,3,3,NaN
0,3,3,NaN
0,3,3,0.07287517728397767
0,3,3,NaN
0,3,3,0.17721222719246632
0,3,3,NaN
0,3,3,0.9405257031659899
0,3,3,NaN
0,3,3,0.13349194201575146
0,3,3,NaN
0,3,3,NaN
0,3,3,0.4431893633910816
0,3,3,NaN
0,3,3,NaN
0,3,3,0.15407061357868015
0,3,3,NaN
0,3,3,NaN
0,3,3,NaN
0,3,3,NaN
0,3,3,NaN
0,3,3,NaN
0,3,3,NaN
0,3,3,NaN
0,3,3,NaN
0,3,3,NaN
0,3,3,NaN
0,3,3,NaN
0,3,3,NaN
0,3,3,0.3099009652134965
0,3,3,NaN
0,3,3,NaN
0,3,3,NaN
0,3,3,0.2054386262940906
0,3,3,0.34936774434310386
0,3,3,NaN
0,3,3,NaN
0,3,3,NaN
0,3,3,NaN
0,3,3,0.019400645343705825
0,3,3,NaN
0,3,3,0.3950893865694002
0,3,3,NaN
0,3,3,NaN
0,3,3,NaN
0,3,3,NaN
0,3,3,NaN
0,3,3,NaN
0,3,3,NaN
0,3,3,NaN
0,3,3,NaN
0,3,3,NaN
0,3,3,NaN
0,3,3,NaN
0,3,3,0.4431893633910816
0,3,3,0.8014691082975914
0,3,3,NaN
0,3,3,NaN
0,3,3,NaN
0,3,3,0.8655008786900369
0,3,3,0.742601995273523
0,3,3,NaN
0,3,3,NaN
0,3,3,NaN
0,3,3,0.5836556595239325
0,3,3,NaN
0,3,3,NaN
0,3,3,NaN
0,3,3,0.8999851143675383
0,3,3,NaN
0,3,3,0.2054386262940906
0,3,3,0.0986538124916049
0,3,3,0.08491645534150608
0,3,3,0.05338838749999978
0,3,3,NaN
0,3,3,0.2054386262940906
0,3,3,NaN
0,3,3,NaN
0,3,3,NaN
0,3,3,NaN
0,3,3,NaN
0,3,3,NaN
0,3,3,NaN
0,3,3,NaN
0,3,3,NaN
0,3,3,NaN
0,3,3,NaN
0,3,3,NaN
0,3,3,0.6089661103676964
0,3,3,NaN
0,3,3,NaN
0,3,3,NaN
0,3,3,NaN
0,3,3,NaN
0,3,3,NaN
0,3,3,0.8453965225401804
0,3,3,0.8996394156424514
0,3,3,0.4431893633910816
0,3,3,NaN
0,3,3,NaN
0,3,3,NaN
0,3,3,NaN
0,3,3,0.17721222719246632
0,3,3,NaN
0,3,3,0.9602229766652525
0,3,3,NaN
0,3,3,0.5864855273661086
0,3,3,NaN
0,3,3,NaN
0,3,3,0.039687384300341605
0,3,3,NaN
0,3,3,NaN
0,3,3,NaN
0,3,3,NaN
0,3,3,NaN
0,3,3,0.05338838749999978
0,3,3,NaN
0,3,3,NaN
0,3,3,NaN
0,3,3,0.5376043881865737
0,3,3,NaN
0,3,3,NaN
0,3,3,NaN
0,3,3,NaN
0,3,3,NaN
0,3,3,NaN
0,3,3,NaN
0,3,3,NaN
0,3,3,0.5836556595239325
0,3,3,NaN
0,3,3,NaN
0,3,3,NaN
0,3,3,NaN
0,3,3,NaN
0,3,3,NaN
0,3,3,NaN
0,3,3,NaN
0,3,3,NaN
0,3,3,NaN
0,3,3,0.2723000524553572
0,3,3,NaN
0,3,3,0.00021030958132863857
0,3,3,NaN
0,3,3,NaN
0,3,3,NaN
0,3,3,NaN
0,3,3,NaN
0,3,3,NaN
0,3,3,0.009077679825958916
0,3,3,NaN
0,3,3,0.7736549046044264
0,3,3,NaN
0,3,3,NaN
0,3,3,NaN
0,3,3,0.1150424729161512
0,3,3,0.6282574491159135
0,3,3,NaN
0,3,3,NaN
0,3,3,NaN
0,3,3,0.23609730939414558
0,3,3,NaN
0,3,3,NaN
0,3,3,NaN
0,3,3,NaN
0,3,3,NaN
0,3,3,0.4431893633910816
0,3,3,0.6706377302926072
0,3,3,NaN
0,3,3,NaN
0,3,3,0.8234957828997682
0,3,3,0.04631332256059672
0,3,3,0.3099009652134965
0,3,3,NaN
0,3,3,NaN
0,3,3,NaN
0,3,3,NaN
0,3,3,0.8453965225401804
0,3,3,NaN
0,3,3,NaN
0,3,3,0.8827667358654245
0,3,3,NaN
0,3,3,0.2054386262940906
0,3,3,0.7087129780995387
0,3,3,NaN
0,3,3,NaN
0,3,3,NaN
0,3,3,0.8234957828997682
0,3,3,0.1150424729161512
0,3,3,NaN
0,3,3,NaN
0,3,3,NaN
0,3,3,NaN
0,3,3,NaN
0,3,3,0.8234957828997682
0,3,3,0.006330742305371628
0,3,3,NaN
0,3,3,NaN
0,3,3,NaN
0,3,3,NaN
0,3,3,NaN
0,3,3,NaN
0,3,3,NaN
0,3,3,NaN
0,3,3,NaN
0,3,3,NaN
0,3,3,0.2054386262940906
0,3,3,0.0017056975609741594
0,3,3,NaN
0,3,3,NaN
0,3,3,NaN
0,3,3,NaN
0,3,3,0.7959743493225058
0,3,3,NaN
0,3,3,0.23609730939414558
0,3,3,NaN
0,3,3,0.0151206585789949
0,3,3,NaN
0,3,3,NaN
0,3,3,NaN
0,3,3,0.5836556595239325
0,3,3,NaN
0,3,3,NaN
0,3,3,NaN
0,3,3,NaN
0,3,3,NaN
0,3,3,NaN
0,3,3,NaN
0,3,3,NaN
0,3,3,NaN
0,3,3,NaN
0,3,3,NaN
0,3,3,0.5836556595239325
0,3,3,NaN
0,3,3,NaN
0,3,3,NaN
0,3,3,NaN
0,3,3,NaN
0,3,3,0.8014691082975914
0,3,3,NaN
0,3,3,NaN
0,3,3,NaN
0,3,3,NaN
0,3,3,NaN
0,3,3,0.742601995273523
0,3,3,0.13349194201575146
0,3,3,NaN
0,3,3,0.6706377302926072
0,3,3,NaN
0,3,3,NaN
0,3,3,0.6576719620757969
0,3,3,NaN
0,3,3,0.6706377302926072
0,3,3,0.07287517728397767
0,3,3,NaN
0,3,3,NaN
0,3,3,NaN
0,3,3,NaN
0,3,3,NaN
0,3,3,NaN
0,3,3,NaN
0,3,3,NaN
0,3,3,NaN
0,3,3,NaN
0,3,3,NaN
0,3,3,0.15407061357868015
0,3,3,0.5376043881865737
0,3,3,NaN
0,3,3,NaN
0,3,3,NaN
0,3,3,NaN
0,3,3,NaN
0,3,3,0.15407061357868015
0,3,3,NaN
0,3,3,0.8655008786900369
0,3,3,NaN
0,3,3,NaN
0,3,3,NaN
0,3,3,0.15407061357868015
0,3,3,NaN
0,3,3,0.08491645534150608
0,3,3,0.23609730939414558
0,3,3,NaN
0,3,3,NaN
0,3,3,NaN
0,3,3,NaN
0,3,3,NaN
0,3,3,NaN
0,3,3,NaN
0,3,3,0.5376043881865737
0,3,3,0.23609730939414558
0,3,3,NaN
0,3,3,NaN
0,3,3,NaN
0,3,3,NaN
0,3,3,0.15407061357868015
0,3,3,NaN
0,3,3,0.4920422445583172
0,3,3,0.0986538124916049
0,3,3,NaN
0,3,3,0.17721222719246632
0,3,3,NaN
0,3,3,NaN
0,3,3,NaN
0,3,3,0.6282574491159135
0,3,3,NaN
0,3,3,NaN
0,3,3,NaN
0,3,3,0.039687384300341605
0,3,3,NaN
0,3,3,NaN
0,3,3,0.742601995273523
0,3,3,NaN
0,3,3,NaN
0,3,3,NaN
0,3,3,NaN
0,3,3,0.2723000524553572
0,3,3,NaN
0,3,3,NaN
0,3,3,NaN
0,3,3,0.8827667358654245
0,3,3,NaN
0,3,3,NaN
0,3,3,NaN
0,3,3,NaN
0,3,3,0.7087129780995387
0,3,3,NaN
0,3,3,NaN
0,3,3,0.8827667358654245
0,3,3,NaN
0,3,3,NaN
0,3,3,NaN
0,3,3,0.0986538124916049
0,3,3,NaN
0,3,3,NaN
0,3,3,NaN
0,3,3,0.4431893633910816
0,3,3,0.6282574491159135
0,3,3,NaN
0,3,3,NaN
0,3,3,0.13349194201575146
0,3,3,NaN
0,3,3,NaN
0,3,3,NaN
0,3,3,0.34936774434310386
0,3,3,NaN
0,3,3,NaN
0,3,3,NaN
0,3,3,NaN
0,3,3,NaN
0,3,3,NaN
0,3,3,NaN
0,3,3,NaN
0,3,3,0.011147134228187437
0,3,3,0.4920422445583172
0,3,3,NaN
0,3,3,NaN
0,3,3,0.025688675504669942
0,3,3,0.7736549046044264
0,3,3,NaN
0,3,3,NaN
0,3,3,NaN
0,3,3,NaN
0,3,3,NaN
0,3,3,NaN
0,3,3,NaN
0,3,3,NaN
0,3,3,NaN
0,3,3,0.5836556595239325
0,3,3,NaN
0,3,3,NaN
0,3,3,NaN
0,3,3,NaN
0,3,3,0.5836556595239325
0,3,3,NaN
0,3,3,NaN
0,3,3,NaN
0,3,3,0.8827667358654245
0,3,3,NaN
0,3,3,NaN
0,3,3,NaN
0,3,3,NaN
0,3,3,NaN
0,3,3,0.4431893633910816
0,3,3,NaN
0,3,3,NaN
0,3,3,NaN
0,3,3,0.6282574491159135
0,3,3,NaN
0,3,3,NaN
0,3,3,0.4431893633910816
0,3,3,NaN
0,3,3,NaN
0,3,3,NaN
0,3,3,NaN
0,3,3,NaN
0,3,3,NaN
0,3,3,NaN
0,3,3,NaN
0,3,3,NaN
0,3,3,0.3456681333065611
0,3,3,NaN
0,3,3,0.006109443630316738
0,3,3,NaN
0,3,3,NaN
0,3,3,NaN
0,3,3,0.17721222719246632
0,3,3,0.4431893633910816
0,3,3,NaN
0,3,3,NaN
0,3,3,0.6706377302926072
0,3,3,0.009410414330218242
0,3,3,0.8999851143675383
0,3,3,NaN
0,3,3,NaN
0,3,3,NaN
0,3,3,NaN
0,3,3,NaN
0,3,3,0.0986538124916049
0,3,3,NaN
0,3,3,0.015310519823788312
0,3,3,0.08491645534150608
0,3,3,0.2723000524553572
0,3,3,NaN
0,3,3,NaN
0,3,3,0.9602229766652525
0,3,3,NaN
0,3,3,0.2054386262940906
0,3,3,NaN
0,3,3,NaN
0,3,3,NaN
0,3,3,NaN
0,3,3,0.5836556595239325
0,3,3,NaN
0,3,3,NaN
0,3,3,NaN
0,3,3,0.3950893865694002
0,3,3,0.4431893633910816
0,3,3,NaN
0,3,3,NaN
0,3,3,NaN
0,3,3,NaN
0,3,3,NaN
0,3,3,NaN
0,3,3,NaN
0,3,3,NaN
0,3,3,NaN
0,3,3,NaN
0,3,3,NaN
0,3,3,NaN
0,3,3,NaN
0,3,3,NaN
0,3,3,NaN
0,3,3,NaN
0,3,3,NaN
0,3,3,NaN
0,3,3,0.3099009652134965
0,3,3,0.00018994767713243247
0,3,3,0.4920422445583172
0,3,3,NaN
0,3,3,NaN
0,3,3,0.034605295647823726
0,3,3,NaN
0,3,3,NaN
0,3,3,NaN
0,3,3,NaN
0,3,3,NaN
0,3,3,0.13349194201575146
0,3,3,NaN
0,3,3,NaN
0,3,3,NaN
0,3,3,NaN
0,3,3,0.8655008786900369
0,3,3,NaN
0,3,3,NaN
0,3,3,NaN
0,3,3,NaN
0,3,3,NaN
0,3,3,NaN
0,3,3,NaN
0,3,3,NaN
0,3,3,NaN
0,3,3,NaN
0,3,3,0.4920422445583172
0,3,3,0.049356676764255314
0,3,3,0.23609730939414558
0,3,3,0.9349396768103393
0,3,3,NaN
0,3,3,NaN
0,3,3,0.6706377302926072
0,3,3,NaN
0,3,3,NaN
0,3,3,0.8827667358654245
0,3,3,NaN
0,3,3,NaN
0,3,3,NaN
0,3,3,NaN
0,3,3,NaN
0,3,3,0.039687384300341605
0,3,3,NaN
0,3,3,NaN
0,3,3,NaN
0,3,3,0.5836556595239325
0,3,3,NaN
0,3,3,NaN
0,3,3,0.46766454057434315
0,3,3,NaN
0,3,3,NaN
0,3,3,NaN
0,3,3,0.2054386262940906
0,3,3,NaN
0,3,3,NaN
0,3,3,0.9405257031659899
0,3,3,NaN
0,3,3,0.3950893865694002
0,3,3,NaN
0,3,3,NaN
0,3,3,NaN
0,3,3,0.23609730939414558
0,3,3,NaN
0,3,3,0.5376043881865737
0,3,3,0.7736549046044264
0,3,3,NaN
0,3,3,NaN
0,3,3,NaN
0,3,3,NaN
0,3,3,0.8234957828997682
0,3,3,NaN
0,3,3,NaN
0,3,3,0.5836556595239325
0,3,3,0.13349194201575146
0,3,3,0.8655008786900369
0,3,3,NaN
0,3,3,NaN
0,3,3,NaN
0,3,3,NaN
0,3,3,0.030135545827633423
0,3,3,NaN
0,3,3,NaN
0,3,3,NaN
0,3,3,NaN
0,3,3,NaN
0,3,3,NaN
0,3,3,NaN
0,3,3,NaN
0,3,3,NaN
0,3,3,NaN
0,3,3,0.0213685999999998
0,3,3,NaN
0,3,3,NaN
0,3,3,NaN
0,3,3,NaN
0,3,3,NaN
0,3,3,0.013166985494505864
0,3,3,NaN
0,3,3,NaN
0,3,3,NaN
0,3,3,0.2723000524553572
0,3,3,0.34936774434310386
0,3,3,NaN
0,3,3,0.8827667358654245
0,3,3,NaN
0,3,3,0.06273758667360736
0,3,3,0.3239872258722174
0,3,3,NaN
0,3,3,NaN
0,3,3,NaN
0,3,3,0.9152375708831951
0,3,3,NaN
0,3,3,NaN
0,3,3,NaN
0,3,3,NaN
0,3,3,NaN
0,3,3,NaN
0,3,3,NaN
0,3,3,NaN
0,3,3,NaN
0,3,3,0.6282574491159135
0,3,3,NaN
0,3,3,NaN
0,3,3,NaN
0,3,3,NaN
0,3,3,NaN
0,3,3,0.15407061357868015
0,3,3,0.002436710801393347
0,3,3,NaN
0,3,3,0.2054386262940906
0,3,3,0.8014691082975914
0,3,3,0.6706377302926072
0,3,3,NaN
0,3,3,NaN
0,3,3,NaN
0,3,3,NaN
0,3,3,NaN
0,3,3,NaN
0,3,3,NaN
0,3,3,NaN
0,3,3,NaN
0,3,3,NaN
0,3,3,NaN
0,3,3,NaN
0,3,3,NaN
0,3,3,NaN
0,3,3,NaN
0,3,3,NaN
0,3,3,NaN
0,3,3,NaN
0,3,3,NaN
0,3,3,NaN
0,3,3,NaN
0,3,3,0.996109792408719
0,3,3,NaN
0,3,3,NaN
0,3,3,0.9152375708831951
0,3,3,NaN
0,3,3,NaN
0,3,3,NaN
0,3,3,NaN
0,3,3,NaN
0,3,3,0.948586468212434
0,3,3,0.030135545827633423
0,3,3,NaN
0,3,3,NaN
0,3,3,0.9152375708831951
0,3,3,0.6282574491159135
0,3,3,NaN
0,3,3,NaN
0,3,3,NaN
0,3,3,0.8453965225401804
0,3,3,0.9152375708831951
0,3,3,NaN
0,3,3,NaN
0,3,3,NaN
0,3,3,NaN
0,3,3,NaN
0,3,3,0.23609730939414558
0,3,3,NaN
0,3,3,NaN
0,3,3,NaN
0,3,3,NaN
0,3,3,NaN
0,3,3,NaN
0,3,3,0.5376043881865737
0,3,3,NaN
0,3,3,NaN
0,3,3,0.8014691082975914
0,3,3,NaN
0,3,3,NaN
0,3,3,NaN
0,3,3,NaN
0,3,3,0.3596042399916766
0,3,3,NaN
0,3,3,NaN
0,3,3,0.9290197578706562
0,3,3,NaN
0,3,3,0.8453965225401804
0,3,3,0.013166985494505864
0,3,3,NaN
0,3,3,NaN
0,3,3,NaN
0,3,3,0.013166985494505864
0,3,3,0.009410414330218242
0,3,3,NaN
0,3,3,NaN
0,3,3,NaN
0,3,3,NaN
0,3,3,NaN
0,3,3,NaN
0,3,3,NaN
0,3,3,NaN
0,3,3,NaN
0,3,3,NaN
0,3,3,0.8453965225401804
0,3,3,NaN
0,3,3,NaN
0,3,3,NaN
0,3,3,NaN
0,3,3,NaN
0,3,3,0.1150424729161512
0,3,3,NaN
0,3,3,0.3950893865694002
0,3,3,0.00018994767713243247
0,3,3,NaN
0,3,3,NaN
0,3,3,0.3099009652134965
0,3,3,NaN
0,3,3,0.009134973418891287
0,3,3,NaN
0,3,3,0.002968079223927906
0,3,3,0.5836556595239325
0,3,3,NaN
0,3,3,NaN
0,3,3,0.015310519823788312
0,3,3,NaN
0,3,3,NaN
0,3,3,NaN
0,3,3,NaN
0,3,3,0.08491645534150608
0,3,3,NaN
0,3,3,0.7736549046044264
0,3,3,NaN
0,3,3,NaN
0,3,3,0.5836556595239325
0,3,3,NaN
0,3,3,NaN
0,3,3,0.5376043881865737
0,3,3,NaN
0,3,3,0.8655008786900369
0,3,3,0.15407061357868015
0,3,3,NaN
0,3,3,NaN
0,3,3,0.015310519823788312
0,3,3,NaN
0,3,3,0.7736549046044264
0,3,3,NaN
0,3,3,NaN
0,3,3,0.8234957828997682
0,3,3,NaN
0,3,3,0.15407061357868015
0,3,3,NaN
0,3,3,0.34936774434310386
0,3,3,NaN
0,3,3,0.034605295647823726
0,3,3,NaN
0,3,3,NaN
0,3,3,NaN
0,3,3,0.04631332256059672
0,3,3,NaN
0,3,3,NaN
0,3,3,0.34936774434310386
0,3,3,NaN
0,3,3,0.4920422445583172
0,3,3,NaN
0,3,3,NaN
0,3,3,NaN
0,3,3,NaN
0,3,3,0.4920422445583172
0,3,3,NaN
0,3,3,0.4431893633910816
0,3,3,NaN
0,3,3,NaN
0,3,3,NaN
0,3,3,NaN
0,3,3,NaN
0,3,3,NaN
0,3,3,NaN
0,3,3,NaN
0,3,3,0.17721222719246632
0,3,3,0.2054386262940906
0,3,3,NaN
0,3,3,NaN
0,3,3,0.5376043881865737
0,3,3,NaN
0,3,3,NaN
0,3,3,NaN
0,3,3,NaN
0,3,3,NaN
0,3,3,0.07287517728397767
0,3,3,NaN
0,3,3,NaN
0,3,3,NaN
0,3,3,NaN
0,3,3,NaN
0,3,3,NaN
0,3,3,NaN
0,3,3,NaN
0,3,3,NaN
0,3,3,NaN
0,3,3,NaN
0,3,3,NaN
0,3,3,NaN
0,3,3,0.4920422445583172
0,3,3,NaN
0,3,3,NaN
0,3,3,NaN
0,3,3,NaN
0,3,3,NaN
0,3,3,NaN
0,3,3,NaN
0,3,3,NaN
0,3,3,NaN
0,3,3,NaN
0,3,3,0.34936774434310386
0,3,3,NaN
0,3,3,NaN
0,3,3,NaN
0,3,3,0.4917327201034208
0,3,3,NaN
0,3,3,NaN
0,3,3,NaN
0,3,3,NaN
0,3,3,NaN
0,3,3,0.7135720257882858
0,3,3,NaN
0,3,3,NaN
0,3,3,NaN
0,3,3,NaN
0,3,3,NaN
0,3,3,NaN
0,3,3,NaN
0,3,3,0.9152375708831951
0,3,3,NaN
0,3,3,0.23609730939414558
0,3,3,0.5836556595239325
0,3,3,NaN
0,3,3,0.06631958392234719
0,3,3,0.025688675504669942
0,3,3,NaN
0,3,3,NaN
0,3,3,0.6706377302926072
0,3,3,0.5836556595239325
0,3,3,0.5836556595239325
0,3,3,0.9290197578706562
0,3,3,NaN
0,3,3,0.5836556595239325
0,3,3,NaN
0,3,3,0.742601995273523
0,3,3,NaN
0,3,3,0.4431893633910816
0,3,3,NaN
0,3,3,NaN
0,3,3,NaN
0,3,3,NaN
0,3,3,NaN
0,3,3,NaN
0,3,3,0.1150424729161512
0,3,3,NaN
0,3,3,NaN
0,3,3,0.742601995273523
0,3,3,NaN
0,3,3,0.6282574491159135
0,3,3,NaN
0,3,3,0.7736549046044264
0,3,3,NaN
0,3,3,NaN
0,3,3,NaN
0,3,3,NaN
0,3,3,NaN
0,3,3,NaN
0,3,3,NaN
0,3,3,0.011147134228187437
0,3,3,NaN
0,3,3,NaN
0,3,3,NaN
0,3,3,NaN
0,3,3,NaN
0,3,3,NaN
0,3,3,NaN
0,3,3,0.08491645534150608
0,3,3,NaN
0,3,3,NaN
0,3,3,NaN
0,3,3,0.8234957828997682
0,3,3,NaN
0,3,3,NaN
0,3,3,NaN
0,3,3,NaN
0,3,3,NaN
0,3,3,NaN
0,3,3,NaN
0,3,3,NaN
0,3,3,NaN
0,3,3,NaN
0,3,3,0.5376043881865737
0,3,3,NaN
0,3,3,NaN
0,3,3,NaN
0,3,3,0.9933699598267648
0,3,3,NaN
0,3,3,NaN
0,3,3,0.34936774434310386
0,3,3,0.8234957828997682
0,3,3,0.3950893865694002
0,3,3,NaN
0,3,3,0.34936774434310386
0,3,3,NaN
0,3,3,NaN
0,3,3,NaN
0,3,3,NaN
0,3,3,NaN
0,3,3,NaN
0,3,3,NaN
0,3,3,0.07287517728397767
0,3,3,NaN
0,3,3,NaN
0,3,3,NaN
0,3,3,NaN
0,3,3,NaN
0,3,3,NaN
0,3,3,0.06273758667360736
0,3,3,NaN
0,3,3,NaN
0,3,3,NaN
0,3,3,0.08491645534150608
0,3,3,NaN
0,3,3,0.07287517728397767
0,3,3,NaN
0,3,3,NaN
0,3,3,NaN
0,3,3,NaN
0,3,3,NaN
0,3,3,0.05338838749999978
0,3,3,NaN
0,3,3,0.9890426773313062
0,3,3,NaN
0,3,3,0.00389102925731458
0,3,3,NaN
0,3,3,NaN
0,3,3,NaN
0,3,3,NaN
0,3,3,0.8014691082975914
0,3,3,0.9152375708831951
0,3,3,NaN
0,3,3,NaN
0,3,3,NaN
0,3,3,0.034605295647823726
0,3,3,0.06273758667360736
0,3,3,0.3099009652134965
0,3,3,0.0002956511449024897
0,3,3,0.17721222719246632
0,3,3,0.5376043881865737
0,3,3,NaN
0,3,3,NaN
0,3,3,NaN
0,3,3,NaN
0,3,3,NaN
0,3,3,NaN
0,3,3,NaN
0,3,3,NaN
0,3,3,0.3099009652134965
0,3,3,NaN
0,3,3,NaN
0,3,3,NaN
0,3,3,NaN
0,3,3,NaN
0,3,3,NaN
0,3,3,NaN
0,3,3,NaN
0,3,3,NaN
0,3,3,NaN
0,3,3,NaN
0,3,3,NaN
0,3,3,NaN
0,3,3,0.7087129780995387
0,3,3,NaN
0,3,3,NaN
0,3,3,NaN
0,3,3,NaN
0,3,3,0.04574562377545088
0,3,3,NaN
0,3,3,NaN
0,3,3,NaN
0,3,3,0.2054386262940906
0,3,3,0.2054386262940906
0,3,3,NaN
0,3,3,0.15407061357868015
0,3,3,NaN
0,3,3,NaN
0,3,3,0.8014691082975914
0,3,3,NaN
0,3,3,0.7736549046044264
0,3,3,NaN
0,3,3,NaN
0,3,3,NaN
0,3,3,0.9405257031659899
0,3,3,NaN
0,3,3,NaN
0,3,3,NaN
0,3,3,NaN
0,3,3,NaN
0,3,3,NaN
0,3,3,NaN
