hfq_hcd_1,hfq_hcd_2,nb_ints,bp_fdr
40897,60735,101632,7.304181377115861e-20
53887,27168,81055,0.9999978506734092
15968,6539,22507,0.1022633479497511
6920,9625,16545,0.0011510671921145252
10005,6063,16068,0.010276525440471052
7259,5604,12863,0.4129233913536685
5410,7337,12747,0.08150883114382507
7325,3290,10615,2.0754081640676376e-19
2850,6713,9563,4.0855391707257477e-11
3515,5904,9419,1.168276283480635e-6
941,5816,6757,1.6085351902258637e-15
3438,2451,5889,9.77453499382965e-10
384,3643,4027,1.4129563594591796e-6
811,3145,3956,0.998907113782714
868,3072,3940,0.13607587061668683
937,2629,3566,0.8705989613334273
2323,1010,3333,0.1187098235679931
1662,1431,3093,1.3345446079734572e-9
574,2489,3063,0.37642590770649537
1181,1811,2992,2.8166231637107e-5
1415,1497,2912,0.6311253596222562
1679,1086,2765,2.571414472042335e-8
1687,964,2651,9.103927755853585e-11
1430,841,2271,0.9940364133043016
1047,1211,2258,1.0493629766392953e-8
1007,1165,2172,1.4993439681164885e-12
704,1417,2121,NaN
987,1068,2055,3.836491001930031e-7
1025,979,2004,0.0002630415886795428
882,897,1779,0.20910819076120546
399,1336,1735,1.5598118004743436e-29
425,1263,1688,7.081898451719945e-9
905,730,1635,0.9409499775572661
535,1073,1608,3.28683993146487e-11
759,830,1589,8.781659021274322e-13
327,1236,1563,0.999645037994863
466,1018,1484,6.720657747467629e-8
412,1017,1429,0.3050727794280919
924,495,1419,0.8183030103993623
655,678,1333,1.0680020187358602e-10
424,817,1241,1.6067277248121754e-10
561,674,1235,0.7436042216854737
320,898,1218,8.311793252862957e-29
173,1035,1208,6.728327970274598e-17
566,632,1198,0.012926942381561383
663,500,1163,1.6174696116640908e-5
353,783,1136,0.3910735561452959
808,326,1134,0.002468408200677262
603,524,1127,0.0007938003926103819
666,443,1109,0.8370737257527485
149,909,1058,0.9752864243987186
568,479,1047,0.5399991833128603
702,342,1044,0.784255123619528
489,545,1034,0.18051831243523325
658,359,1017,4.040019708495862e-13
368,646,1014,3.3082564558413445e-5
487,524,1011,0.163181402162497
622,387,1009,0.5865178779178963
563,429,992,0.006062011823618846
185,802,987,6.92713574842552e-5
113,861,974,3.432994522359372e-13
184,786,970,0.004811988483686424
248,713,961,0.5622937051494022
152,768,920,0.0012284017775690684
645,256,901,0.0017520657873894788
462,437,899,0.07636834781708973
538,359,897,0.37737247215901876
87,795,882,0.973166916062281
139,739,878,1.0787000487004737e-6
595,272,867,0.995324766023357
522,326,848,3.4517703209228305e-9
479,366,845,0.0007196400953717512
426,408,834,0.2600107652662098
594,237,831,9.205542768134888e-6
360,470,830,4.182951693895722e-6
570,259,829,0.37170869307610627
667,160,827,0.06964474978342322
161,658,819,5.1563785232314115e-5
124,692,816,6.968874176711684e-10
527,280,807,0.03849573950757507
576,231,807,0.8173785353113611
227,578,805,0.847018481559038
367,434,801,0.00029241521305805067
100,664,764,0.202373971344809
193,564,757,0.002628857758603031
464,290,754,0.17188428732906738
460,274,734,0.8257152214189352
270,464,734,4.694986603046275e-18
311,413,724,0.1414933398688039
201,520,721,3.0139955622404478e-5
398,313,711,0.8923448961437978
649,61,710,1.295366265348992e-17
494,201,695,0.012728059638194806
300,390,690,0.6507865890777645
321,359,680,7.325196858308583e-14
552,124,676,0.00022005394867397429
304,371,675,0.18051831243523325
400,273,673,0.9811196105389223
213,460,673,8.415894378599203e-15
414,252,666,0.7885999788272703
380,286,666,0.01630405425995981
117,540,657,0.06896835374674305
292,362,654,0.9403776090136555
117,531,648,0.0005058203388756048
429,214,643,0.0005102430208929783
240,397,637,0.051421000971425775
171,464,635,0.0047637964154045
446,181,627,2.1584612228694625e-16
197,424,621,0.4479232155172413
345,272,617,0.4479232155172413
79,536,615,0.00751016990076341
576,38,614,0.004739490636704777
283,329,612,1.2988644272348817e-8
534,72,606,0.1721472589233271
401,197,598,0.005475840547166609
306,288,594,2.3172624419534047e-14
79,514,593,0.002840094987876644
301,288,589,0.9011477651240992
145,439,584,0.0006275091690775144
335,247,582,0.5848005739840749
327,255,582,0.019408317114667343
99,477,576,0.4479232155172413
299,276,575,0.7253920011322704
484,90,574,0.0007517380545328516
259,299,558,0.018494026020322435
285,273,558,2.3172624419534047e-14
354,197,551,3.011338819515059e-5
285,259,544,0.9366619823508466
293,249,542,0.00015381544403672524
278,262,540,0.9604525435576103
273,262,535,0.3545890738916256
294,236,530,0.03707777286437971
367,160,527,3.837828929118379e-12
210,313,523,0.0027203791950761334
298,222,520,0.26067874293238946
235,278,513,0.7741525432089743
116,389,505,0.4479232155172413
201,300,501,0.12574327202315705
73,428,501,0.1972644552091674
72,429,501,7.896389466638453e-19
430,67,497,6.4316673056596624e-18
105,392,497,0.0010847065101378182
271,223,494,0.0001210069079257471
190,302,492,1.63967987313677e-7
142,346,488,1.0449377864416398e-10
377,111,488,0.039448982909457864
240,248,488,0.9984215199817222
282,205,487,0.5876156877058439
166,319,485,0.6550979728123792
262,220,482,0.10821165814309992
192,290,482,0.003682632038729897
131,345,476,0.24057453370157497
318,156,474,0.0009062880686620214
208,264,472,0.8499618402378479
235,232,467,0.8325998224625538
289,175,464,0.8533276614263574
210,253,463,NaN
95,367,462,5.131277580195878e-5
205,257,462,0.9413189131535314
144,316,460,0.008027837109889613
105,353,458,6.091417868978832e-18
97,359,456,6.254687579717413e-8
313,138,451,0.13604297672851237
199,251,450,0.6411045607709136
141,305,446,1.574525764371654e-9
278,165,443,0.31751306142424696
129,312,441,NaN
184,255,439,1.906296126831642e-7
108,331,439,1.0709377819845693e-14
245,193,438,0.017959370146063955
329,108,437,0.0001793008350030864
235,197,432,0.09580765036844573
263,168,431,0.5306693363273334
70,360,430,0.0028101144140046446
169,261,430,0.18051831243523325
208,221,429,0.007421331125133476
196,231,427,0.1187098235679931
70,356,426,0.07100365953453246
216,209,425,3.326492001895351e-8
167,257,424,3.5668608328846475e-5
135,284,419,0.0012558829871556175
353,63,416,0.49517317979331793
132,276,408,6.849666250355798e-7
82,323,405,0.02420793861740178
320,83,403,NaN
207,192,399,0.13607587061668683
242,155,397,0.9999978506734092
320,75,395,0.5303689639260335
134,261,395,0.5095303157230737
223,171,394,1.7867953602161977e-16
101,290,391,0.07175522495734878
174,215,389,0.13607587061668683
244,144,388,0.24057453370157497
112,276,388,0.26139066313340914
45,340,385,5.3751036359565004e-14
162,223,385,0.00010777214247771803
334,48,382,0.9407554908153881
230,150,380,0.0661961833452288
206,173,379,0.30310538896686884
213,166,379,0.22710694910747287
85,294,379,0.0003575269662139243
52,327,379,9.623002455893696e-5
240,138,378,9.095367073652569e-14
184,193,377,0.3545890738916256
104,273,377,0.6583796629074008
116,259,375,NaN
170,200,370,0.007390005348992764
215,154,369,0.9979743593164885
183,186,369,5.30714254560492e-12
214,154,368,0.9858284791076382
184,182,366,0.15882923102048524
134,229,363,0.012442954975406375
110,248,358,0.2883574390897066
197,161,358,0.5399991833128603
52,305,357,1.3989178631830824e-13
103,253,356,NaN
141,213,354,0.006618884199805396
42,311,353,0.049784193691201066
121,227,348,0.7106302897733945
239,105,344,0.0016532996451451823
36,308,344,1.1379047043504764e-7
172,170,342,0.017959370146063955
78,263,341,0.06941475854237775
77,262,339,0.0602887026616088
165,169,334,0.024670076129044562
283,48,331,4.694986603046275e-18
100,231,331,0.014216609781748667
203,127,330,1.1235343576987262e-14
159,171,330,0.8920719421322726
196,131,327,0.20746400624955447
128,199,327,0.027828197784382988
206,120,326,1.2248069952558367e-6
216,108,324,0.44658687880014036
192,130,322,0.0015356656388780562
36,285,321,0.00042392064392575207
55,265,320,0.057121134946752125
159,159,318,0.847018481559038
135,181,316,0.1187098235679931
169,146,315,0.1859817225001709
200,114,314,4.955224099286195e-5
86,228,314,0.000218450926018628
218,93,311,0.20445336580942727
162,149,311,0.009138191808191554
113,195,308,0.0007423916651322806
147,159,306,0.09844331245551652
193,111,304,0.8673895283120647
132,171,303,0.4103522006109855
200,103,303,2.5858206318085823e-11
175,127,302,0.18051831243523325
151,150,301,0.03713138400000036
130,170,300,1.158720897191709e-15
96,204,300,0.4479232155172413
48,251,299,0.8960024805419825
48,250,298,0.00020528590198596556
62,236,298,7.384748362381132e-7
175,123,298,0.000222362283269829
43,254,297,2.307977170643907e-5
94,203,297,0.733818916138249
156,140,296,0.4479232155172413
77,218,295,NaN
45,249,294,4.150051456942651e-6
58,236,294,2.3694861512099375e-8
135,157,292,1.990056083764591e-15
50,242,292,0.8860126585089845
132,157,289,0.2951962310186439
97,192,289,0.00033923821787435816
116,172,288,0.5865178779178963
49,239,288,0.24057453370157497
131,154,285,3.7110614136354776e-5
186,97,283,3.550943803721439e-13
146,134,280,0.07064956366076246
215,65,280,1.1621954898273808e-9
165,115,280,0.847018481559038
93,187,280,0.433538218602003
123,155,278,0.00016744121291648628
142,135,277,0.00013149877962459117
38,237,275,0.1187098235679931
88,187,275,0.20159579602721991
77,198,275,0.9121634865834422
162,111,273,0.0320862846643805
156,117,273,0.03713138400000036
143,129,272,0.1294675476262567
37,235,272,1.9822601807739477e-5
124,146,270,NaN
46,224,270,1.0022318943170603e-10
153,116,269,0.07366234739453964
149,117,266,0.20017799344980153
43,222,265,0.004811988483686424
45,219,264,0.9609813561311411
56,208,264,0.3738837902108621
154,109,263,0.05616948887869981
64,199,263,9.393255767971825e-12
40,222,262,0.18051831243523325
138,124,262,0.8116458459543474
41,221,262,0.012847602776992033
124,135,259,0.22486504689031583
128,131,259,0.0015631680821673673
83,175,258,4.116642307779993e-7
139,118,257,0.00025655878139672916
116,139,255,0.027828197784382988
47,208,255,0.3192313272653678
136,118,254,0.00020925195458486995
124,130,254,0.8607405414432882
44,209,253,3.281553238072634e-10
111,141,252,NaN
79,173,252,0.033262747866007
43,209,252,0.8168198375487125
146,105,251,0.5399991833128603
51,200,251,0.007662980179835471
123,127,250,0.023117181974405654
95,155,250,0.3785998444049184
135,115,250,0.2715355594141568
139,110,249,0.00020712475239177192
87,161,248,0.8082534235673946
146,101,247,1.8364706563971854e-15
69,177,246,0.000900209029396503
84,161,245,0.013437870410349037
114,131,245,1.1987497047639604e-8
21,224,245,0.0013440953680691119
20,224,244,3.476919553480254e-10
80,163,243,0.04188291381533401
172,71,243,0.9011477651240992
100,142,242,0.0018088925657260707
80,160,240,9.344536370393815e-7
21,217,238,0.9604525435576103
86,151,237,0.0004450465484970372
34,203,237,0.15356594788046987
32,204,236,0.9976939497030054
115,120,235,0.0008205785258666651
77,157,234,1.2525329352037297e-8
123,109,232,0.04284062892133536
53,179,232,0.009138191808191554
216,14,230,1.2317960703788481e-17
31,199,230,4.8773368126693144e-6
174,54,228,1.2883169358317189e-11
122,106,228,4.051102161086147e-6
150,75,225,7.481229877736896e-7
18,207,225,2.2897883221747273e-8
155,69,224,7.268879513089984e-8
202,22,224,0.0032911825090402437
34,189,223,1.73438528349879e-5
95,128,223,0.32948447399285885
135,87,222,0.8593699151002875
28,194,222,0.13743650121549944
100,118,218,0.05133595127837715
97,121,218,0.3251371042547696
107,108,215,0.6604746842528086
44,171,215,0.12690283399349261
49,166,215,0.6815697080131271
86,129,215,NaN
115,99,214,0.9961177419488393
134,80,214,0.9439433178888601
86,127,213,0.4506157762803749
120,93,213,0.07730957836924375
84,128,212,0.00015322835018791883
73,137,210,0.49517317979331793
91,119,210,0.06733047183748836
89,121,210,0.33194905327632857
122,87,209,0.0007207676590564529
181,27,208,0.3693503194399955
162,45,207,0.14066767030791796
109,98,207,0.998907113782714
82,125,207,0.21078994707229817
100,107,207,8.111650265813088e-13
110,97,207,0.7741525432089743
148,59,207,0.07942350483542568
88,118,206,0.4409141619756237
116,90,206,0.8686842958943523
64,142,206,2.7230086047296626e-12
111,94,205,0.0031938853387681147
80,125,205,0.6648711228292686
92,113,205,0.06622904685103188
14,191,205,0.02420793861740178
54,150,204,0.05541681086082388
116,88,204,0.004177260606232117
88,116,204,0.381132666556154
23,181,204,0.15681788281888331
185,18,203,0.18051831243523325
86,117,203,0.010777834245389788
137,65,202,2.6756186075565393e-5
80,121,201,0.24057453370157497
74,127,201,NaN
95,106,201,NaN
35,166,201,0.004811988483686424
140,60,200,5.308066950995445e-7
67,133,200,0.03103731975589793
99,100,199,8.963189498215658e-8
125,74,199,7.250417483526068e-7
101,97,198,0.24057453370157497
59,138,197,0.9098930387879499
57,140,197,0.0077007600018100695
34,163,197,1.927239399259643e-9
102,94,196,0.05271992061801842
42,154,196,7.228239621262256e-14
30,166,196,5.783910128435228e-7
89,106,195,0.0073979908146685775
111,84,195,0.80170736779385
65,130,195,4.142805085994291e-6
71,123,194,0.027828197784382988
111,83,194,0.4479232155172413
75,119,194,0.0021285300578782044
102,91,193,2.7573729874875677e-8
65,128,193,0.03799215687206012
107,85,192,9.993993477080982e-5
93,99,192,0.11759285255295149
67,125,192,0.002164781334200928
117,75,192,0.0023167693199186027
69,123,192,0.03629803076349172
132,59,191,0.9636847300301329
37,154,191,0.035777591639939425
38,153,191,0.13558298689916803
128,62,190,0.1094049485908615
89,101,190,0.30292771361886145
89,101,190,NaN
66,124,190,0.5862096085257011
103,85,188,0.8608510723820447
105,83,188,0.0009418600959010032
57,131,188,4.5071581364982863e-5
109,79,188,7.019640368249811e-7
58,129,187,0.847018481559038
40,147,187,NaN
28,159,187,0.006529930937121235
22,165,187,0.15776377254155538
90,96,186,0.5865178779178963
71,115,186,0.2731668963918583
165,20,185,4.195087878845182e-12
120,64,184,0.8957312179117037
87,96,183,0.0728073694223103
85,98,183,0.15558838680672246
133,49,182,0.19356075554605934
152,30,182,0.8941369668875664
108,73,181,0.6734037797783934
34,147,181,0.036615519044885025
71,110,181,0.9158013531976743
72,109,181,8.030947821584096e-6
133,48,181,0.009194357040045847
88,92,180,0.7255344553182227
107,72,179,0.16597374693369885
112,67,179,5.847077827149128e-9
102,77,179,0.021856828414132074
129,50,179,0.0002304467533583404
71,108,179,0.7881876292312838
16,163,179,3.254926766998528e-7
66,112,178,4.989401031215906e-9
20,158,178,1.0898006178862906e-8
54,123,177,0.07730957836924375
77,100,177,0.31395395753854205
78,98,176,0.10902572519121129
70,106,176,0.6623818848136857
150,25,175,0.9012797442731387
124,50,174,0.005466053594087452
111,63,174,0.015014678688184478
40,134,174,0.008998898543894048
102,72,174,0.09117947646940242
66,108,174,0.001797363438913705
64,110,174,0.05923983902595534
15,159,174,5.932260745554993e-8
67,106,173,4.845590955679824e-7
42,131,173,0.004739490636704777
47,126,173,5.036039002697615e-7
82,90,172,0.2169967370711329
84,87,171,0.0005151252563144737
111,60,171,0.33347169789578873
33,138,171,0.017078814150118617
35,135,170,NaN
95,75,170,0.04854673196554121
84,86,170,NaN
20,150,170,5.252696245830371e-7
90,79,169,0.3545890738916256
32,137,169,0.011916412624145696
109,60,169,0.004811988483686424
65,104,169,0.0072829427408120356
20,149,169,0.012357675481287756
52,116,168,1.2962254918107259e-11
100,68,168,0.00014220032794616755
70,97,167,0.8272712027729123
60,107,167,0.24057453370157497
17,149,166,0.038903769566922944
69,96,165,0.04284062892133536
39,126,165,0.05777681313131297
125,39,164,0.1187098235679931
79,84,163,0.7436042216854737
50,113,163,0.24057453370157497
36,127,163,0.0005927865564150193
106,57,163,0.3090460849910109
47,116,163,0.6397998318362013
117,45,162,0.44816509832426743
87,75,162,0.0075535129254670486
80,82,162,2.2773162298970758e-6
71,91,162,0.06277660586829548
71,90,161,0.06586045523589294
25,136,161,2.3510366089192174e-15
74,87,161,0.3959530211891856
81,80,161,NaN
24,137,161,0.04253236365265094
26,135,161,0.27711952186670386
101,59,160,0.01536000422182754
77,83,160,NaN
77,82,159,0.3560003768050954
79,80,159,0.6311253596222562
26,133,159,0.1220782042445974
98,60,158,0.9589523473161524
74,83,157,0.6311253596222562
53,104,157,0.00032698715001799655
78,79,157,0.2728638070630562
42,114,156,0.22437117750007846
84,72,156,0.042347885668640034
113,42,155,6.556277434956626e-6
75,80,155,NaN
78,77,155,6.408793828828493e-9
42,113,155,7.998713090699577e-10
81,73,154,0.014637460279898023
82,72,154,0.9996194453059694
131,23,154,0.847018481559038
99,55,154,0.7068006213607619
83,71,154,NaN
62,91,153,0.6209220284906114
111,42,153,1.112140051728649e-7
99,54,153,2.3209464882429857e-19
17,136,153,7.521884635394199e-8
101,51,152,0.020379155170258
79,71,150,0.007045281176477157
75,75,150,0.14483287098912212
94,56,150,NaN
84,66,150,0.0026233321595068226
76,74,150,2.596900926354478e-19
111,38,149,0.18051831243523325
47,102,149,0.15681788281888331
57,92,149,0.15681788281888331
43,106,149,0.2483279942447853
103,45,148,0.013602266278213123
44,104,148,0.49517317979331793
81,67,148,0.0971869709842062
14,134,148,5.5005483878736686e-5
99,48,147,0.0889252594028693
61,86,147,0.06476892630205286
41,105,146,0.33555424769047776
67,79,146,7.626260513912145e-6
78,67,145,0.12270676781388852
25,120,145,3.1888359178233784e-14
35,110,145,0.802297557591902
47,97,144,0.8257152214189352
82,62,144,0.013088568892207922
38,106,144,1.2374539464986451e-6
57,87,144,0.0017915241271940774
67,77,144,0.5399991833128603
88,55,143,0.30350777728792133
77,66,143,1.5252184426151648e-5
52,91,143,2.3245032696696273e-14
47,96,143,0.9509474090073529
68,75,143,0.5399991833128603
25,118,143,0.0320862846643805
80,62,142,5.211588930836544e-18
107,35,142,1.1788827925689379e-12
73,69,142,0.0016579869992500613
53,89,142,9.673633317162496e-12
43,99,142,0.0014609629426457942
79,62,141,0.6734037797783934
19,122,141,0.328904170573031
44,97,141,0.21015053240003592
87,54,141,0.13964351137016445
47,94,141,0.0008073877562238915
83,58,141,0.995324766023357
31,110,141,2.1574621994861744e-5
56,84,140,0.9133594050920792
88,52,140,9.91741385682136e-8
90,50,140,0.0023884852832294747
20,120,140,5.8899473359362454e-6
34,105,139,0.5865178779178963
72,67,139,3.835387282269231e-35
59,80,139,0.15937655256836813
63,76,139,0.22256879347851638
26,113,139,0.0012224898152804037
17,121,138,0.06599548767432586
77,61,138,0.010747608980713523
51,87,138,0.0006175559410037751
82,56,138,0.004336666398047832
82,56,138,0.22534895090459914
23,115,138,0.8842791248293348
27,111,138,NaN
74,63,137,0.847018481559038
81,56,137,0.0010847065101378182
65,72,137,0.16039832982791308
32,105,137,0.20910819076120546
16,121,137,9.790445766484984e-7
60,77,137,0.24057453370157497
71,65,136,3.135325784532545e-8
85,51,136,0.6789621771045035
66,70,136,6.728327970274598e-17
67,69,136,0.10066096206985549
42,94,136,0.27711952186670386
12,124,136,6.174139545568861e-6
97,38,135,7.617090235278085e-10
53,82,135,0.19747427992475008
106,29,135,6.947278906638325e-16
30,105,135,0.08134954452552273
18,117,135,0.4757375809097778
81,53,134,0.3692333340089471
46,88,134,0.21015053240003592
57,77,134,0.0320862846643805
14,120,134,1.5241056886544452e-6
95,38,133,0.07730957836924375
56,77,133,9.942046665262508e-9
122,11,133,0.04820912314618722
74,59,133,0.00021372694788348575
51,82,133,0.10478592687163223
50,83,133,0.036615519044885025
17,116,133,0.013144873610495867
16,117,133,0.4479232155172413
89,43,132,NaN
77,55,132,0.023170747812353863
67,65,132,0.27711952186670386
76,55,131,0.18051831243523325
72,59,131,NaN
42,89,131,0.802297557591902
18,113,131,0.15681788281888331
107,22,129,0.01149827865748041
38,91,129,0.7265877825668106
55,74,129,0.9011477651240992
91,38,129,0.02420793861740178
56,73,129,0.25455931120497566
95,34,129,0.610472830182131
86,43,129,1.815337455260067e-36
28,101,129,0.21080939874898338
68,61,129,0.00030151732955659984
25,104,129,2.0834840959338306e-6
18,111,129,1.388154160351034e-7
58,70,128,0.43027911620481
115,13,128,2.437984933230231e-5
39,89,128,9.509453668347286e-29
93,35,128,0.0010244190064805062
73,54,127,1.4686579845690348e-9
79,48,127,0.25135726937833525
64,63,127,0.004811988483686424
38,89,127,2.063622893523981e-8
43,83,126,2.6783778455284066e-8
72,54,126,0.0021452040057772415
63,63,126,0.6658521905935377
66,60,126,0.01383515830791053
26,100,126,0.3760710993392714
32,94,126,0.0002424804121156775
90,35,125,NaN
77,48,125,NaN
32,93,125,0.29627996588188826
59,66,125,0.049784193691201066
61,64,125,0.24057453370157497
55,70,125,NaN
14,111,125,0.4479232155172413
34,91,125,0.10902572519121129
100,24,124,0.00012496972895352387
33,91,124,0.9604525435576103
24,100,124,0.1022633479497511
46,78,124,0.8257152214189352
20,104,124,0.6729152745101532
75,49,124,0.5865178779178963
34,89,123,0.004525653489889798
42,81,123,0.011763127166820245
79,43,122,2.3720260754285005e-16
66,55,121,0.3994536466045877
101,20,121,0.0448156405018023
72,49,121,0.10598263072428582
59,62,121,0.012497774037890796
49,72,121,0.001252206544021176
25,96,121,0.8257152214189352
37,84,121,5.093188420030144e-6
110,10,120,1.7166402708819533e-14
82,38,120,0.9893876663203911
88,31,119,0.00045176064228255066
75,44,119,NaN
107,12,119,1.4993439681164885e-12
27,92,119,7.07517926690495e-5
28,91,119,0.1187098235679931
46,73,119,0.06074600496358078
54,65,119,0.0320862846643805
6,113,119,0.29627996588188826
75,43,118,0.802297557591902
66,52,118,0.14437189058961147
29,89,118,0.1605112390330241
26,92,118,0.023170747812353863
54,63,117,0.5399991833128603
71,46,117,0.004196711186630131
79,38,117,NaN
73,44,117,2.7572516641521975e-8
65,52,117,0.028472354462020805
60,57,117,NaN
13,104,117,0.001147989768137
17,100,117,1.6879408267425115e-5
17,99,116,5.576431539862457e-9
72,44,116,0.18051831243523325
48,68,116,5.006426657660566e-6
85,31,116,0.14020226142779613
53,63,116,0.05985213483598586
14,102,116,0.5399991833128603
58,57,115,0.9315307450595283
64,51,115,0.009042503218798865
48,67,115,0.002478651271851334
82,33,115,0.8916232459805725
75,40,115,0.018626364365310927
87,28,115,0.0023833185125583813
95,20,115,4.010331916682573e-6
10,105,115,0.18996478554536222
44,70,114,3.644136471409135e-15
64,50,114,0.802297557591902
63,51,114,1.4686579845690348e-9
53,61,114,0.003088388026545379
19,95,114,0.09432024170908558
16,97,113,0.19323419869021943
45,68,113,0.03345477139777421
31,81,112,0.24057453370157497
48,64,112,0.00048063489550086006
30,82,112,0.31395395753854205
62,50,112,0.5399991833128603
36,76,112,0.0013147546703098417
24,88,112,0.002628857758603031
9,103,112,0.49517317979331793
44,68,112,0.7106302897733945
29,83,112,4.116642307779993e-7
36,75,111,0.1714667456232196
55,56,111,0.8067227592032651
25,86,111,0.9676842886660223
67,44,111,0.049784193691201066
32,79,111,2.511065442372561e-7
68,43,111,0.40397734823074183
18,92,110,0.16786415446329253
92,18,110,5.223604702843749e-16
21,89,110,0.009725589879125243
44,66,110,1.3833969942672763e-8
45,65,110,0.08706891174126394
47,63,110,0.1950557696456574
58,52,110,0.49517317979331793
62,48,110,0.802297557591902
25,85,110,0.11135980441520656
41,68,109,0.02629676844431475
55,54,109,0.31395395753854205
46,63,109,9.526829666597843e-5
41,68,109,0.07947510215835214
38,71,109,0.42633703483662255
65,43,108,3.6196977787268614e-12
13,95,108,0.1386507448982202
66,42,108,0.5570819081186513
41,67,108,0.7741525432089743
32,76,108,0.0008196691553657796
23,85,108,0.1280331028107695
24,84,108,5.210930863944999e-9
44,63,107,0.927114733901555
49,58,107,0.8257152214189352
80,27,107,0.24057453370157497
55,52,107,0.010138877837709644
38,69,107,0.03306202297995487
70,37,107,0.10512818431652501
20,87,107,0.01805366224571177
28,79,107,4.4786709192323245e-10
44,63,107,0.20910819076120546
12,95,107,4.164880327519817e-8
21,85,106,0.0044103694818593345
23,83,106,0.0017433414503618947
56,50,106,0.12122247112965556
37,69,106,0.018345716129770026
18,88,106,0.0003816340221917369
64,42,106,0.7117562159456148
57,48,105,0.365888531565468
46,59,105,0.20910819076120546
81,24,105,1.2374539464986451e-6
51,54,105,0.8753287115092895
53,52,105,NaN
53,52,105,0.0019161510692794616
20,85,105,2.4229163958216623e-8
61,44,105,0.03430381961709871
49,56,105,5.096426464765034e-6
27,78,105,0.42801835895345036
21,84,105,0.336969814852696
23,82,105,0.01614907758710337
56,48,104,NaN
55,49,104,0.5210532687769253
55,49,104,0.4479232155172413
14,90,104,7.438529967336843e-7
60,44,104,0.05777681313131297
24,80,104,0.7818620327228409
77,27,104,0.7436042216854737
17,87,104,0.847018481559038
41,63,104,0.0006842477846937332
19,85,104,0.0002950947134536193
19,85,104,0.042432592063150504
50,53,103,NaN
54,49,103,0.05923983902595534
22,81,103,0.01339802122820208
53,50,103,0.00013622849823458893
57,46,103,0.9961177419488393
51,52,103,0.15338588164788416
37,66,103,0.008430082748852527
58,45,103,0.00039837493369584374
50,53,103,0.005272746164583681
27,76,103,0.009858324318104864
20,83,103,3.741638701237072e-8
51,51,102,1.6585392515806543e-6
39,63,102,0.0889252594028693
50,52,102,0.18051831243523325
40,62,102,0.00010219264285872384
69,33,102,0.04262204281058411
15,87,102,8.231495932433138e-5
24,78,102,0.3545890738916256
60,41,101,0.0008196691553657796
62,39,101,NaN
52,49,101,0.32259643620330897
63,38,101,0.08495004237743925
83,18,101,0.3545890738916256
42,59,101,0.0032970425418030326
65,36,101,0.7436042216854737
13,88,101,0.009541709168721876
67,34,101,0.023684983580110314
42,59,101,0.04831226934849234
25,76,101,0.218268984080549
71,29,100,0.9409499775572661
28,72,100,0.00021634844146377658
16,84,100,0.028802937685627517
20,80,100,2.3145705571086392e-6
59,41,100,0.4333931937578511
23,77,100,0.0001481987471666901
62,37,99,0.1187098235679931
79,20,99,0.00987588957211526
65,34,99,0.5399991833128603
58,41,99,0.06172605660591127
56,43,99,NaN
16,83,99,0.06373438615197267
9,90,99,0.4479232155172413
34,65,99,0.4479232155172413
56,42,98,0.632034361744666
59,39,98,0.0005433862482614338
49,49,98,NaN
49,49,98,0.9893409295121445
76,22,98,0.29347310960105455
91,7,98,0.015565671711291711
51,47,98,0.1022633479497511
34,64,98,0.18051831243523325
56,42,98,1.6973200753516627e-7
44,54,98,0.004811988483686424
54,44,98,0.7436042216854737
57,41,98,0.007856862544201761
56,42,98,0.016944246106009534
43,55,98,NaN
51,47,98,0.5399991833128603
33,65,98,0.0620374380491139
22,76,98,0.07802184681044572
35,62,97,0.03134069893370918
73,24,97,0.29568245814347033
52,45,97,0.9439433178888601
40,57,97,0.10806545974497658
68,29,97,0.22829160756819136
69,28,97,1.8199142551215337e-9
45,52,97,0.8704946100830236
40,57,97,0.00016086506521840313
39,58,97,0.9922549943338576
35,62,97,0.3574610037126797
19,78,97,3.4731317632957254e-6
12,85,97,0.04284062892133536
54,42,96,0.004989624259648834
49,47,96,0.8842791248293348
69,27,96,0.0007829034598709954
42,54,96,0.4051792803203913
70,26,96,0.00031951038030662084
17,79,96,0.02698034935295993
39,57,96,0.27936293161709036
13,83,96,0.004442990338380317
31,65,96,0.0031874785458770876
18,77,95,0.02416902972753755
78,17,95,0.0076967936127644125
57,38,95,7.843910606203101e-7
45,50,95,0.005740535265909723
56,39,95,0.0003200045605789517
47,48,95,7.713464790656795e-5
26,69,95,0.5383737572586514
36,59,95,0.8210988244501531
30,64,94,5.054091706954036e-5
51,43,94,0.2240320475226612
21,73,94,0.17155158977622023
23,71,94,0.01733606823682419
43,51,94,0.0028239914314762667
15,79,94,0.008191436138627672
62,32,94,0.10929389096711555
19,75,94,0.1022633479497511
17,77,94,0.635843410510134
39,55,94,0.995324766023357
16,77,93,0.0032919388531211543
34,59,93,2.927413648178138e-13
47,46,93,0.02963977301566647
48,45,93,0.015565671711291711
31,62,93,1.5385684179497682e-6
12,81,93,0.20910819076120546
71,21,92,1.2374539464986451e-6
30,62,92,0.33392847495763556
43,49,92,0.1022633479497511
19,73,92,0.024912310439997705
31,61,92,2.5080807956811185e-9
52,40,92,0.7741525432089743
39,53,92,0.2690800507216589
81,11,92,0.7992201412228926
28,64,92,0.056401126929071684
63,29,92,0.8705989613334273
10,82,92,0.050997695440975835
50,42,92,0.8612816431329916
33,58,91,NaN
59,32,91,NaN
39,52,91,0.9967350230075158
36,55,91,0.317434663813707
83,8,91,0.008198184495828586
36,55,91,0.6129950446756306
35,56,91,1.8753689285344085e-11
37,54,91,0.5166642996771458
14,77,91,0.016302430118775108
5,85,90,0.0018120652840756843
42,48,90,0.0011000037173982326
35,55,90,0.8673895283120647
54,36,90,0.0011441626701076655
56,34,90,NaN
49,41,90,0.15292554514924575
11,79,90,3.9524095536303473e-7
9,81,90,0.0009834210164703957
39,51,90,0.0889252594028693
40,50,90,0.0013730625977315797
50,39,89,5.550544786138754e-9
29,60,89,0.6125118572405839
50,38,88,0.9893409295121445
27,61,88,NaN
35,53,88,0.05777681313131297
45,43,88,0.11032137378715946
38,50,88,0.7788374939144218
35,53,88,0.27711952186670386
38,50,88,0.05884262736515734
55,33,88,0.037125722461859564
49,39,88,0.7946630030015966
61,27,88,NaN
55,33,88,0.9271112878563154
20,68,88,0.07605317272261926
7,81,88,0.0020469694591620908
28,60,88,0.1192450357296896
32,56,88,0.27711952186670386
60,27,87,0.9011477651240992
63,24,87,0.5023651806949931
56,31,87,0.015565671711291711
52,35,87,9.807471149250912e-11
47,40,87,0.27711952186670386
38,49,87,8.347368559605601e-14
21,66,87,0.0001465156016748278
13,74,87,NaN
27,59,86,0.20299359560102267
16,70,86,0.0005766091554600545
42,44,86,0.029226405963859534
25,61,86,0.048979558844233086
71,15,86,2.333167460280537e-5
43,43,86,0.0033040285071258535
56,30,86,0.09912846925676018
33,53,86,0.009988687580173823
60,26,86,0.6414343728905041
46,40,86,4.857341038655746e-7
16,70,86,0.0889252594028693
53,32,85,0.45002603376801364
44,41,85,2.1197014730048458e-8
17,68,85,0.6734037797783934
51,34,85,0.929018891880075
80,5,85,1.7983109333679705e-9
36,49,85,0.015687117688298106
33,52,85,0.07966985732431642
37,48,85,1.1423933172535642e-5
32,53,85,0.5865178779178963
52,33,85,NaN
48,37,85,0.9304428687892424
11,74,85,0.06172605660591127
7,78,85,0.07453708639731435
7,78,85,7.97473742069532e-5
61,23,84,5.988859058387437e-5
25,59,84,0.9409499775572661
41,43,84,0.5865178779178963
62,22,84,0.02420793861740178
31,53,84,0.004989624259648834
38,46,84,0.10725804337732713
57,27,84,0.1187098235679931
59,25,84,0.0010216208501637278
44,40,84,NaN
52,32,84,0.18051831243523325
60,24,84,0.5399991833128603
41,43,84,0.847018481559038
53,31,84,0.48818266722666825
49,35,84,0.5221370696900629
30,54,84,0.016057690594441676
12,72,84,0.013435022069055629
14,70,84,0.802297557591902
36,47,83,0.8876552538501556
43,40,83,0.0009837352020443417
36,47,83,2.0173643572438148e-12
70,13,83,3.9094328768075035e-10
29,54,83,0.000300135894871677
33,50,83,0.9893409295121445
71,12,83,0.9995458327286167
58,25,83,0.07730957836924375
25,58,83,0.0034360523859070817
24,59,83,0.04284062892133536
13,70,83,0.0884255007496141
27,56,83,0.017959370146063955
20,63,83,0.7608977808877514
3,80,83,1.2593996421524648e-9
33,49,82,0.11010746720472685
30,52,82,0.0417403227150165
55,27,82,0.6204776167874243
11,71,82,0.47169190969551483
13,69,82,0.0001820120187337493
48,34,82,0.9409499775572661
27,55,82,0.07573217776178749
46,36,82,3.60673002467779e-10
13,69,82,3.662695876972355e-10
77,5,82,0.007549025419144898
47,35,82,0.9647699743368338
31,51,82,0.36218870765372896
15,67,82,NaN
60,22,82,NaN
42,40,82,0.6612610798370295
23,59,82,0.05367564894747608
53,29,82,0.8810976774892384
17,65,82,0.802297557591902
20,62,82,0.07730957836924375
37,44,81,0.059100648569637794
27,54,81,0.9993620911365053
11,70,81,0.00012404396357982404
75,6,81,0.7106302897733945
11,70,81,0.00032289299594446337
40,41,81,0.42929243620111707
38,43,81,0.09381469206697078
22,59,81,NaN
40,41,81,0.02420793861740178
52,29,81,0.8795776510287957
27,54,81,0.9942982452701703
37,44,81,0.0022928851255832015
38,43,81,0.9200406468191533
21,60,81,0.03713138400000036
11,70,81,0.05777681313131297
18,63,81,0.010749071849144214
22,59,81,0.23042366697357405
9,72,81,0.9604525435576103
31,49,80,0.47555674433736334
38,42,80,0.00013794255609568415
30,50,80,0.5865178779178963
18,62,80,0.00025374872951764755
43,37,80,0.8618906663562782
46,34,80,NaN
31,49,80,0.710122108656461
50,30,80,0.0033040285071258535
31,49,80,NaN
36,44,80,0.27137710603454346
38,42,80,0.0001962945304080879
5,75,80,3.741638701237072e-8
11,69,80,8.471143889134019e-5
10,70,80,7.57242163399195e-7
11,69,80,0.0007005098276503845
14,65,79,0.15750612934117547
78,1,79,7.698173506694631e-10
37,42,79,0.6678877064630934
31,48,79,0.20910819076120546
34,45,79,0.6748230434188935
28,51,79,0.015565671711291711
26,53,79,0.0017831052631579714
41,38,79,0.01861415918868226
45,34,79,0.6311253596222562
31,48,79,0.00047411725924394996
25,54,79,0.49517317979331793
10,69,79,0.0053882402106603736
9,70,79,0.006112602594340191
40,38,78,0.22870453502431629
42,36,78,NaN
60,18,78,6.5023435582784255e-15
10,68,78,0.010767638653730585
34,44,78,0.0075828538977661415
46,32,78,0.15854778425405788
34,44,78,0.0007333765550968908
15,63,78,3.86920919562586e-7
42,36,78,0.10997787063409623
27,51,78,0.9361249962449016
11,67,78,0.6830999388130259
37,40,77,0.15681788281888331
54,23,77,0.027828197784382988
43,34,77,0.03713138400000036
39,38,77,NaN
43,34,77,0.5068644026389083
29,48,77,0.3761477083112697
16,61,77,0.9403776090136555
40,37,77,0.13004849308041652
22,55,77,0.37471245104731826
23,54,77,NaN
32,45,77,0.007268902140091745
43,34,77,0.49517317979331793
8,69,77,0.005526241308931328
8,69,77,0.18051831243523325
43,33,76,0.18051831243523325
47,29,76,0.10928683665941748
8,68,76,0.073035725945071
47,29,76,0.13607587061668683
38,38,76,0.32647317550018556
49,27,76,0.009138191808191554
54,22,76,0.7828811844567191
32,44,76,0.5399991833128603
54,22,76,0.018626364365310927
31,45,76,0.015138463444978371
34,42,76,0.19546935615710428
9,67,76,0.029496550530522848
64,12,76,1.4043711699887911e-9
23,53,76,0.0009428406506659217
8,68,76,0.02420793861740178
35,40,75,0.6311253596222562
50,25,75,0.5399991833128603
15,60,75,0.001596349555133833
15,60,75,0.8673895283120647
14,61,75,3.647031383412673e-5
41,34,75,0.001334607488492923
47,28,75,0.2988975626177899
34,41,75,0.7106302897733945
47,28,75,0.0010244738883180558
35,40,75,0.00016744121291648628
15,60,75,0.017959370146063955
25,50,75,0.0009728277566557296
4,70,74,0.0026163556138701256
31,43,74,0.12228734718500348
51,23,74,0.001774963492769257
47,27,74,0.285234129996908
33,41,74,0.0033222424293639697
55,19,74,0.3545890738916256
28,46,74,0.10169665979137317
19,55,74,0.20910819076120546
42,32,74,0.31395395753854205
14,60,74,0.05049533303829848
44,30,74,0.4479232155172413
31,43,74,0.03605437643743889
30,44,74,0.00019420183982717194
9,65,74,0.7106302897733945
16,58,74,0.53959218685851
25,49,74,0.10794971683117947
55,19,74,0.045470643193089674
6,68,74,5.697282935934129e-9
10,64,74,0.009138191808191554
3,71,74,0.10171793189322788
36,37,73,0.6841566274703473
39,34,73,0.014699866469431304
45,28,73,2.3261366782626328e-11
9,64,73,0.7179809906561296
35,38,73,0.6311253596222562
19,54,73,0.009900385635867546
19,54,73,0.0016171748964812782
9,64,73,0.0889252594028693
16,57,73,0.047237805464680246
47,26,73,0.027828197784382988
19,54,73,0.03713138400000036
38,35,73,0.4939251274564206
15,58,73,0.049784193691201066
26,47,73,0.0343902962947497
41,32,73,0.31426536996757004
10,63,73,0.5399991833128603
20,53,73,NaN
35,38,73,NaN
16,57,73,0.09381469206697078
12,61,73,0.0016825859088845365
42,30,72,0.0889252594028693
38,34,72,0.017959370146063955
31,41,72,0.038485756435461836
47,25,72,NaN
43,29,72,0.3303357588686963
27,45,72,1.7737402354377905e-10
48,24,72,0.0008808377787754305
54,18,72,0.9964528511219429
17,55,72,0.03569110650742532
32,40,72,0.7058345173875598
10,62,72,0.002112393518676566
29,43,72,NaN
59,13,72,0.18051831243523325
9,63,72,0.20910819076120546
28,44,72,0.05777681313131297
28,43,71,0.802297557591902
36,35,71,5.2686009118726906e-15
28,43,71,0.08984855293022306
30,41,71,0.001378934949618982
32,39,71,0.00028918728691942956
19,52,71,0.10007331916703292
25,46,71,0.0033040285071258535
11,60,71,0.20910819076120546
26,45,71,0.0672120445426773
34,37,71,0.4169957537112595
23,48,71,0.2341680690673905
28,43,71,2.568676955691553e-5
12,59,71,0.7154607681717021
21,50,71,0.8842791248293348
38,33,71,0.009279292232338811
16,55,71,4.075461733151425e-5
7,64,71,0.9639155171212465
28,42,70,0.27711952186670386
47,23,70,8.414477871811515e-11
30,40,70,0.38762693292288547
37,33,70,0.13607587061668683
41,29,70,0.02935509258582931
59,11,70,0.1287251406132049
47,23,70,0.49517317979331793
35,35,70,0.6149041760820386
53,17,70,0.18993951103126697
34,36,70,0.007167756495900288
34,36,70,2.5150668080820775e-12
32,38,70,0.00022084169035853013
17,53,70,0.31395395753854205
8,62,70,0.0033222424293639697
15,55,70,0.2751917519874876
8,62,70,0.3386081631743637
45,24,69,0.000883458872984121
25,44,69,0.02097058734344152
4,65,69,0.04284062892133536
34,35,69,NaN
38,31,69,0.06733047183748836
32,37,69,1.6535718719599384e-11
44,25,69,0.20910819076120546
28,41,69,0.1820410686964438
42,27,69,0.016564762562082263
23,46,69,0.18625576628079554
32,37,69,0.698287904257246
58,11,69,0.1022633479497511
41,28,69,0.0023476493284947096
55,14,69,0.27711952186670386
19,50,69,0.0141987858413412
26,43,69,0.04284062892133536
28,41,69,NaN
6,63,69,0.0010244190064805062
35,33,68,0.8673895283120647
40,28,68,NaN
40,28,68,0.3373917153282188
27,41,68,0.0027203791950761334
39,29,68,0.31395395753854205
45,23,68,0.9858284791076382
9,59,68,0.7436042216854737
41,27,68,0.017959370146063955
31,37,68,NaN
35,33,68,0.802297557591902
21,47,68,0.9676842886660223
19,49,68,0.4479232155172413
20,48,68,0.49517317979331793
43,25,68,0.13607587061668683
36,32,68,1.9565417887311053e-6
7,61,68,NaN
12,56,68,2.3694861512099375e-8
4,64,68,0.017959370146063955
36,32,68,0.00042624707023309954
10,58,68,0.04284062892133536
34,33,67,0.13607587061668683
39,28,67,NaN
39,28,67,0.024849533819526617
10,57,67,0.24057453370157497
25,42,67,0.04026524535191576
34,33,67,0.8233339236846422
43,24,67,0.24057453370157497
29,38,67,3.319789204299098e-13
30,37,67,NaN
28,39,67,0.0033040285071258535
46,21,67,2.2989589678139936e-10
38,29,67,NaN
37,30,67,0.9368262730748954
5,62,67,0.004985138273546619
12,55,67,NaN
6,61,67,0.0027711772253420815
12,55,67,1.659404795218333e-19
19,48,67,0.08399252557538331
40,26,66,0.00031951038030662084
26,40,66,0.0011009281306568806
46,20,66,0.03399996401404422
19,47,66,0.027760617790866096
47,19,66,0.49517317979331793
35,31,66,0.342203758761234
15,51,66,0.8257152214189352
32,34,66,0.7499981346844806
37,29,66,0.006783863177875557
34,32,66,0.04693500539612235
10,56,66,0.00027356453680370876
15,51,66,0.0320862846643805
25,41,66,0.07622783759666535
43,23,66,0.8673895283120647
24,42,66,0.15681788281888331
32,34,66,0.00272465158629895
35,31,66,NaN
23,43,66,0.3545890738916256
17,49,66,0.045782800056285544
4,62,66,0.01483079989250158
35,30,65,NaN
42,23,65,0.004739490636704777
41,24,65,0.49517317979331793
31,34,65,0.0030227251679804407
29,36,65,0.5645738692689922
43,22,65,0.18892226299565507
31,34,65,0.6552609404450015
19,46,65,0.4095453842030896
27,38,65,2.885593144647327e-7
40,24,64,0.7436042216854737
32,32,64,0.07522963559405652
19,45,64,5.552324511214292e-7
42,22,64,7.222178420710579e-23
29,35,64,9.4094636985405e-9
29,35,64,0.667927205023176
42,22,64,0.5462371032671539
47,17,64,7.65973002629007e-12
39,25,64,0.0026132688053707755
18,46,64,0.15179177235985108
37,27,64,0.09340551554109544
47,17,64,0.9746285957804892
58,6,64,0.2547777528383108
34,30,64,NaN
26,38,64,1.4353503847396048e-10
14,50,64,0.0075535129254670486
6,58,64,0.3994536466045877
34,30,64,7.386682149242934e-5
11,53,64,0.06907759410435901
9,55,64,0.002665059748579828
11,53,64,0.03359258647008198
31,32,63,0.12176966936245195
50,13,63,0.06674218250159558
14,49,63,0.40954417193609904
41,22,63,0.027828197784382988
25,38,63,0.009138191808191554
27,36,63,0.15681788281888331
48,15,63,NaN
29,34,63,0.09928096381613158
33,30,63,0.001541545506905153
23,40,63,NaN
42,21,63,0.28669286827517104
27,36,63,NaN
41,22,63,0.03713138400000036
10,53,63,0.15681788281888331
41,22,63,0.02097058734344152
7,56,63,NaN
11,52,63,0.02111431833493362
5,58,63,1.2597989806562227e-11
6,57,63,0.022430067848947435
28,34,62,0.2900725444276645
48,14,62,0.04284062892133536
47,15,62,0.005125429073734203
25,37,62,NaN
12,50,62,0.0039705622587245595
51,11,62,6.43720882816497e-5
37,25,62,0.0019747255859911385
31,31,62,0.5678171596775929
43,19,62,NaN
52,10,62,0.20910819076120546
39,23,62,NaN
11,51,62,0.7106302897733945
21,41,62,0.00833661381326864
16,46,62,0.11665957428050225
4,58,62,0.672976550524189
51,11,62,0.00010430639588101123
33,29,62,0.00010547033399742907
25,37,62,0.0017753983416648313
17,45,62,0.847018481559038
10,52,62,0.00013565419366426667
3,59,62,0.08976766019479039
44,17,61,0.010784179722043635
25,36,61,0.20910819076120546
41,20,61,1.485618302105757e-15
33,28,61,0.9302647617375451
27,34,61,0.022540643437576585
37,24,61,4.6142483231112236e-23
24,37,61,NaN
31,30,61,0.7741525432089743
26,35,61,NaN
31,30,61,0.9096209199624085
25,36,61,0.3545890738916256
23,38,61,0.007611479981246696
35,26,61,0.01018118528320938
8,53,61,0.7436042216854737
24,37,61,0.017959370146063955
45,16,61,0.028206642691223947
9,52,61,0.02420793861740178
9,52,61,0.13607587061668683
7,54,61,0.5462371032671539
26,34,60,0.004898314181869696
29,31,60,NaN
28,32,60,0.802297557591902
24,36,60,0.0001819722020263333
9,51,60,0.3157105496921179
29,31,60,0.18051831243523325
31,29,60,0.0320862846643805
10,50,60,0.0010244190064805062
6,54,60,0.0003204392025376036
34,26,60,7.73996029749186e-5
36,24,60,0.5483508713071729
9,51,60,0.015565671711291711
17,43,60,NaN
17,43,60,2.6995659929337542e-14
8,52,60,0.13607587061668683
24,36,60,0.1390839500424673
20,40,60,0.05595897534416117
23,37,60,0.04284062892133536
48,11,59,0.06465126124694671
31,28,59,0.10163435637155256
33,26,59,0.0062719380447330345
47,12,59,0.0002825276831206054
48,11,59,0.7106302897733945
17,42,59,0.0564583697482611
43,16,59,0.20910819076120546
28,31,59,0.1631092226259781
22,37,59,NaN
10,49,59,0.0008460685187511687
26,33,59,0.14350791512013186
40,19,59,0.037522376444755375
34,25,59,0.6321186453509687
39,20,59,0.26717497274529767
24,35,59,0.10604875551594553
13,46,59,NaN
10,49,59,0.010777834245389788
50,8,58,0.9890409274873473
17,41,58,NaN
44,14,58,0.28578521152951564
23,35,58,3.606312131043401e-6
44,14,58,0.14645597734902943
37,21,58,0.1292035527748714
26,32,58,NaN
7,51,58,0.04284062892133536
10,48,58,0.00012930486948883654
26,32,58,0.8257152214189352
34,24,58,0.1455734597722539
21,37,58,0.012926942381561383
37,21,58,0.007268902140091745
39,19,58,0.09261462217746627
27,31,58,0.31274080381597164
21,37,58,9.417259246846505e-6
21,37,58,0.45035229379300434
9,49,58,0.05777681313131297
12,46,58,0.49517317979331793
10,48,58,0.17532604401195984
11,46,57,0.05777681313131297
29,28,57,0.027241485462883623
22,35,57,NaN
28,29,57,NaN
22,35,57,0.21685098477131642
26,31,57,NaN
25,32,57,NaN
41,16,57,0.09245410368812701
33,24,57,0.00012707263589155387
36,21,57,0.02097058734344152
25,32,57,0.5399991833128603
31,26,57,NaN
13,44,57,7.689710987068065e-7
19,38,57,0.017397406354374267
28,29,57,0.32588050587273315
14,43,57,0.18051831243523325
25,32,57,0.7393764972769714
20,37,57,0.4927098341878148
26,31,57,0.03108022770836311
25,32,57,0.02619315396430941
4,53,57,3.5668608328846475e-5
29,28,57,0.17003104623146528
2,55,57,NaN
7,50,57,0.000196293583622203
24,33,57,5.862047327605731e-7
2,55,57,0.0002806515866024259
6,51,57,0.004485186675011718
18,38,56,0.004172116957628634
35,21,56,0.13271565480253217
15,41,56,2.3145705571086392e-6
56,0,56,0.021201554824368963
22,34,56,0.03713138400000036
26,30,56,0.13607587061668683
30,26,56,0.027439566467825582
15,41,56,0.001278154767643515
38,18,56,0.24057453370157497
32,24,56,0.4949281428995894
24,32,56,NaN
42,14,56,0.012926942381561383
10,46,56,1.549013614992997e-5
25,31,56,2.001200253690948e-7
46,10,56,9.40470541826137e-10
39,17,56,0.21885832765844818
32,24,56,0.4479232155172413
19,37,56,0.0034278584233680847
28,28,56,0.8608510723820447
5,51,56,0.8673895283120647
4,52,56,4.467654951853935e-5
18,38,56,7.203827235821293e-5
10,46,56,0.7741525432089743
3,53,56,0.9604525435576103
30,25,55,1.003773321998845e-5
33,22,55,0.012926942381561383
31,24,55,0.36990702913992074
27,28,55,0.0045155113368250226
25,30,55,NaN
27,28,55,0.012926942381561383
25,30,55,0.10851343590809134
25,30,55,3.3615561860254585e-19
31,24,55,0.015565671711291711
27,28,55,0.02420793861740178
18,37,55,0.00020251964999160328
23,32,55,0.7436042216854737
10,45,55,0.6306694895714725
19,36,55,0.004223659520283609
18,37,55,0.24057453370157497
3,52,55,0.0889252594028693
22,33,55,0.15681788281888331
40,15,55,0.049784193691201066
35,20,55,0.49517317979331793
17,38,55,0.1022633479497511
25,30,55,0.15084716494316722
25,30,55,0.8257152214189352
20,35,55,0.00811402206375579
8,47,55,0.9448256018870177
12,43,55,0.13607587061668683
18,37,55,0.049474219965796117
9,46,55,0.010229606870604252
34,21,55,0.42733955755003683
10,45,55,0.9746285957804892
28,27,55,0.01015412187996711
5,50,55,NaN
7,48,55,0.07730957836924375
40,14,54,0.014755735919470096
21,33,54,0.8876552538501556
28,26,54,0.5865178779178963
18,36,54,0.06965436685970258
22,32,54,0.0728073694223103
34,20,54,0.2155878866579971
44,10,54,0.0008963084178383027
15,39,54,0.011273350950578598
24,30,54,NaN
17,37,54,0.45882465951970597
35,19,54,0.07730957836924375
20,34,54,0.03199314666068487
20,34,54,0.4479232155172413
23,31,54,NaN
35,19,54,NaN
16,38,54,NaN
35,19,54,0.13607587061668683
13,41,54,NaN
14,40,54,0.02420793861740178
17,37,54,NaN
17,37,54,7.911179780328886e-9
13,41,54,9.418034807483584e-9
7,47,54,0.027828197784382988
16,38,54,0.00042392064392575207
16,38,54,0.7003579549842387
5,49,54,6.5039503025829e-5
22,32,54,0.0006256796146979997
20,34,54,NaN
17,36,53,0.01759698120924289
44,9,53,2.8822178881389034e-7
30,23,53,0.25374680530331833
29,24,53,0.03235883545099943
32,21,53,NaN
42,11,53,0.7845908845678571
24,29,53,0.8688493053356501
11,42,53,0.5399991833128603
21,32,53,0.31395395753854205
17,36,53,0.20910819076120546
24,29,53,NaN
17,36,53,0.0757259381974563
36,17,53,0.6734037797783934
9,44,53,0.1022633479497511
3,50,53,0.08678206615158113
27,26,53,0.016518431975611526
24,29,53,0.21162259062819286
8,45,53,0.5776252650642237
15,38,53,NaN
19,34,53,0.5399991833128603
5,48,53,1.2401154714832498e-6
20,33,53,0.6655069778123445
30,23,53,0.0764021606804332
29,24,53,0.9107548106787098
34,19,53,0.5742822727406198
22,31,53,0.05777681313131297
6,47,53,5.68731917985943e-7
8,45,53,0.11340938432601079
19,33,52,0.7638956685958423
26,26,52,0.392585856744998
36,16,52,0.07936004821659547
25,27,52,0.5399991833128603
12,40,52,0.8726125903780085
33,19,52,0.04462627700062379
29,23,52,3.4975184900763283e-7
34,18,52,0.13607587061668683
39,13,52,0.00017046085139861493
26,26,52,0.04535748707124719
31,21,52,0.0014609629426457942
18,34,52,NaN
17,35,52,0.10405201848377245
30,22,52,0.3545890738916256
8,44,52,0.424908792811919
24,28,52,0.6311253596222562
15,37,52,0.20910819076120546
23,29,52,0.11464055397096506
36,16,52,0.7436042216854737
8,44,52,0.6734037797783934
4,48,52,0.839260857321501
17,35,52,0.1187098235679931
25,27,52,0.4479232155172413
10,42,52,0.0001407684128589035
16,36,52,0.10493917498440322
12,40,52,0.9735051968464806
14,38,52,0.3466128395025667
21,31,52,0.7556770308051649
18,33,51,0.0022928851255832015
23,28,51,0.0012931559781090144
47,4,51,0.847018481559038
11,40,51,0.001392038996904987
27,24,51,0.9604525435576103
20,31,51,0.7707453397455303
26,25,51,1.1160695366144423e-7
23,28,51,0.06733047183748836
9,42,51,6.92713574842552e-5
20,31,51,NaN
37,14,51,0.20910819076120546
34,17,51,2.136612194826808e-5
30,21,51,0.0002739904344393706
24,27,51,0.13607587061668683
27,24,51,0.15681788281888331
32,19,51,0.18051831243523325
22,29,51,NaN
29,22,51,0.847018481559038
37,14,51,4.916076209583783e-5
14,37,51,NaN
20,31,51,0.00034550986325048995
7,44,51,0.8127675102651994
11,40,51,2.9509316678334908e-6
28,23,51,NaN
32,19,51,NaN
37,14,51,0.5865178779178963
30,21,51,0.7509190899207949
21,30,51,0.01613184868893985
21,30,51,0.13607587061668683
4,47,51,4.311848312762325e-5
16,34,50,NaN
37,13,50,0.1022633479497511
30,20,50,0.28669286827517104
32,18,50,0.49517317979331793
32,18,50,0.26722820195526015
11,39,50,0.015565671711291711
21,29,50,0.6311253596222562
35,15,50,NaN
26,24,50,0.5399991833128603
18,32,50,0.49517317979331793
32,18,50,0.0027600628320474507
11,39,50,0.4146939252974596
19,31,50,NaN
24,26,50,0.0057034825211728
23,27,50,0.27711952186670386
20,30,50,0.575697336913012
30,20,50,NaN
25,25,50,0.009858324318104864
37,13,50,0.5329017091935908
12,38,50,0.0035826957242338082
27,23,50,0.4743804573359711
8,42,50,0.10705286665462334
16,34,50,0.8673895283120647
11,39,50,0.0889252594028693
26,24,50,0.0592947756432901
11,39,50,0.6006766840805017
20,30,50,8.988010319931414e-5
25,25,50,0.07376457370684221
20,30,50,0.0462360642445015
31,19,50,0.09450999814840733
13,37,50,0.049784193691201066
7,43,50,0.021000648685731555
11,39,50,0.2872992948113264
9,41,50,0.1187098235679931
24,25,49,1.8207561424209555e-5
27,22,49,0.004041305155979452
20,29,49,0.00018048141031022823
20,29,49,1.4548147722839668e-11
13,36,49,0.24057453370157497
21,28,49,0.22412348753507685
24,25,49,NaN
27,22,49,0.3083004158201086
26,23,49,NaN
33,16,49,0.24057453370157497
6,43,49,0.8257152214189352
44,5,49,0.03362205407094771
27,22,49,0.0001683934099012896
33,16,49,0.23536606750449998
15,34,49,0.0008536037519160988
23,26,49,0.5115785343177126
22,27,49,0.004739490636704777
30,19,49,NaN
28,21,49,0.4135773702692679
22,27,49,0.3331003974953347
27,22,49,0.0889252594028693
10,39,49,0.5418484472190644
21,28,49,0.08355958360510553
20,29,49,0.15681788281888331
25,24,49,NaN
20,29,49,0.05777681313131297
18,31,49,0.3244154172021104
20,29,49,NaN
24,25,49,0.0013155157324639068
6,43,49,0.06733047183748836
10,39,49,8.10211032106057e-5
3,46,49,0.0012583812254678155
22,26,48,4.265597606100071e-5
38,10,48,1.360971637239364e-28
28,20,48,0.02097058734344152
16,32,48,0.3994536466045877
35,13,48,0.6734037797783934
27,21,48,4.6540012287185175e-10
29,19,48,0.49796559761807757
36,12,48,0.1022633479497511
25,23,48,0.41621961971699134
16,32,48,0.4486085591958543
22,26,48,0.022672776330370816
40,8,48,0.0004616293391655121
18,30,48,0.13823119792532976
30,18,48,NaN
28,20,48,NaN
32,16,48,0.20910819076120546
19,29,48,0.0976899874348678
28,20,48,0.7741525432089743
19,29,48,0.02298039908173812
36,12,48,NaN
16,32,48,0.15681788281888331
24,24,48,0.17554384897716144
33,15,48,0.7436042216854737
8,40,48,0.07730957836924375
22,26,48,0.6311253596222562
19,29,48,0.847018481559038
16,32,48,2.445276004957526e-6
20,28,48,NaN
25,23,48,0.7226330441332064
3,45,48,0.9604525435576103
20,28,48,0.0040090030118055935
27,20,47,0.7409142821190148
39,8,47,0.36770216081993656
23,24,47,0.1274532247556534
14,33,47,0.54139181216883
7,40,47,0.31395395753854205
12,35,47,0.13607587061668683
39,8,47,0.7907252073801042
29,18,47,NaN
27,20,47,0.9409499775572661
20,27,47,0.001664953898255249
6,41,47,0.6530145254842274
27,20,47,0.48294733375956905
27,20,47,0.20095489041048
20,27,47,0.48305912971583626
26,21,47,NaN
18,29,47,NaN
7,40,47,7.97473742069532e-5
23,24,47,0.38748950241529173
37,10,47,NaN
8,39,47,0.113752233802303
12,35,47,3.849901288859903e-9
20,27,47,0.056182106869808984
19,28,47,0.42092098798746524
25,22,47,0.12416281563301337
24,23,47,0.38185503976454593
28,19,47,0.9011477651240992
24,23,47,0.13607587061668683
13,34,47,0.18034405757433591
6,41,47,0.5284910352423782
21,26,47,0.6665104797232692
16,31,47,NaN
22,25,47,0.8702055675570043
20,27,47,0.594635303492205
35,12,47,4.4264567591103904e-7
22,25,47,0.037522376444755375
25,22,47,0.486352565556758
21,26,47,0.01477314269266314
17,30,47,0.0003303400826619128
16,31,47,0.8691603700637996
5,42,47,0.0009257334336435438
7,40,47,NaN
14,33,47,NaN
1,46,47,0.2185479242747907
5,42,47,NaN
5,42,47,0.0012997117728257605
9,38,47,0.00014209339604737278
10,37,47,0.3387831725350173
1,46,47,0.03713138400000036
22,24,46,0.14899287232793418
16,30,46,9.418034807483584e-9
26,20,46,0.2619115126736163
16,30,46,0.23841902460241554
18,28,46,0.20487207169471564
28,18,46,0.07262002771975
15,31,46,0.6807426098186002
24,22,46,NaN
15,31,46,NaN
9,37,46,NaN
16,30,46,1.5373320721475793e-7
16,30,46,0.34777093572777235
13,33,46,0.0012895039435341098
23,23,46,0.0022383877380541734
35,11,46,0.11098404570906226
18,28,46,0.5865178779178963
28,18,46,0.9676842886660223
20,26,46,0.005176439302763738
27,19,46,0.6288185987898983
24,22,46,0.5354930680363724
20,26,46,0.1022633479497511
21,25,46,0.07730957836924375
19,27,46,0.05777681313131297
12,34,46,0.11566802412717841
32,14,46,0.18051831243523325
22,24,46,0.06291688109174816
17,29,46,0.7405345664593987
10,36,46,0.04463747558913969
18,28,46,NaN
19,27,46,NaN
28,18,46,0.13051501877742644
7,39,46,0.0009665348253966966
14,32,46,0.49517317979331793
21,25,46,0.05535966219796685
21,25,46,0.929018891880075
23,23,46,NaN
15,31,46,0.8546007070703656
11,35,46,0.31395395753854205
14,32,46,0.4337333721558392
42,4,46,8.081985182501783e-5
14,32,46,0.4479232155172413
10,36,46,0.5192442284022072
13,33,46,0.7964363730309623
6,40,46,NaN
20,26,46,0.02191733138565994
14,32,46,0.5399991833128603
14,32,46,0.6748230434188935
5,41,46,0.0016986685236768328
1,45,46,0.0016579869992500613
35,10,45,0.15604423027235506
25,20,45,NaN
20,25,45,0.4805897042149013
13,32,45,0.23841902460241554
23,22,45,0.3994536466045877
22,23,45,0.07884179229310785
18,27,45,0.004090871616932862
16,29,45,0.13607587061668683
21,24,45,1.0062713938433457e-5
15,30,45,0.30931726341931753
28,17,45,0.0007551357888419481
11,34,45,0.06059094945833061
18,27,45,0.5565310229357685
17,28,45,NaN
23,22,45,0.13169447816031388
27,18,45,1.9166211671691712e-9
19,26,45,NaN
17,28,45,0.03934790253035844
21,24,45,0.14164356537278558
10,35,45,0.8257152214189352
34,11,45,0.8659725481643755
20,25,45,0.5287340988446795
15,30,45,0.31395395753854205
12,33,45,0.0030212608302692314
14,31,45,0.11609706525548315
21,24,45,0.2606657430187852
9,36,45,NaN
22,23,45,0.016698002945055454
22,23,45,0.7421690869945884
20,25,45,0.847018481559038
13,32,45,0.5633173904436249
6,39,45,NaN
19,26,45,0.9858284791076382
8,37,45,0.7599630213519335
15,30,45,0.05777681313131297
8,37,45,0.27711952186670386
8,37,45,0.0889252594028693
7,38,45,0.6311253596222562
9,36,45,0.5865178779178963
12,33,45,0.49517317979331793
3,42,45,0.13607587061668683
12,33,45,0.5294716251721175
6,39,45,0.49517317979331793
3,42,45,0.04035333532585377
15,29,44,NaN
23,21,44,NaN
20,24,44,0.9409499775572661
26,18,44,0.027169007642197728
21,23,44,0.3994536466045877
19,25,44,0.04284062892133536
25,19,44,2.7370738076226544e-5
27,17,44,0.3267434053940641
16,28,44,0.4479232155172413
24,20,44,0.2574278326167875
7,37,44,0.8417993240596657
26,18,44,0.047237805464680246
28,16,44,0.7964363730309623
35,9,44,0.0014609629426457942
28,16,44,0.5865178779178963
21,23,44,1.2525329352037297e-8
27,17,44,3.500128522232308e-5
29,15,44,0.5994377869890771
23,21,44,NaN
29,15,44,0.4929681231047733
28,16,44,0.29526212386236883
14,30,44,0.09888482041980776
25,19,44,0.03697023882434778
16,28,44,0.013859120801222211
21,23,44,0.9409499775572661
25,19,44,0.0360806823828115
11,33,44,0.6839214267869924
8,36,44,0.32902840134483324
31,13,44,0.027828197784382988
21,23,44,NaN
6,38,44,0.0017893929092763904
24,20,44,0.05123523252288849
5,39,44,0.006112602594340191
20,24,44,0.9865748497808834
30,14,44,0.11629387712150113
21,23,44,0.31395395753854205
7,37,44,NaN
16,28,44,0.9158013531976743
7,37,44,NaN
24,20,44,0.802297557591902
10,34,44,0.06733047183748836
8,36,44,0.8257152214189352
16,28,44,0.9600253823052539
6,38,44,0.0006359949895021106
5,39,44,0.027828197784382988
19,24,43,0.8842791248293348
30,13,43,0.7282299193991374
24,19,43,0.012926942381561383
21,22,43,0.7436042216854737
34,9,43,0.3599959390430551
23,20,43,0.42010003902997384
22,21,43,0.08446618425622719
31,12,43,0.7975189796101767
38,5,43,NaN
39,4,43,0.024478971550867826
23,20,43,2.6673705426768926e-5
27,16,43,NaN
23,20,43,NaN
27,16,43,0.20910819076120546
27,16,43,0.6311253596222562
17,26,43,0.773785739378225
22,21,43,0.17328008461587893
15,28,43,0.9179322446619406
22,21,43,0.7353902914930474
18,25,43,0.4029569623365376
23,20,43,0.005134792831910555
13,30,43,NaN
19,24,43,0.05483020222764018
19,24,43,0.27711952186670386
9,34,43,5.412539050083954e-12
22,21,43,0.9011477651240992
17,26,43,0.01018118528320938
14,29,43,0.20458460454933483
19,24,43,NaN
14,29,43,NaN
31,12,43,0.14118254080722
17,26,43,0.6353683738905948
22,21,43,1.695561729268523e-5
26,17,43,0.3912454270550805
12,31,43,0.847018481559038
5,38,43,0.020727138201636578
26,17,43,0.002065345856606978
8,35,43,0.0019790401709519133
7,36,43,0.1838061321020836
23,19,42,0.27096278263807994
31,11,42,0.15145604080855646
22,20,42,7.998713090699577e-10
12,30,42,0.8732345938106368
12,30,42,0.31395395753854205
10,32,42,0.0009045269419740307
27,15,42,NaN
32,10,42,0.7106302897733945
17,25,42,0.3545890738916256
18,24,42,0.003444967744015327
25,17,42,0.012926942381561383
27,15,42,0.046850899622906776
17,25,42,0.05777681313131297
36,6,42,0.5750676182304644
13,29,42,5.9225038266082185e-6
7,35,42,0.802297557591902
15,27,42,0.012926942381561383
21,21,42,NaN
11,31,42,0.18161257819238563
25,17,42,8.59653923637123e-5
19,23,42,NaN
13,29,42,0.8813891772742639
21,21,42,NaN
12,30,42,0.5011199165506655
20,22,42,6.194687114488482e-5
11,31,42,0.03466737208277724
10,32,42,0.4434876828974012
21,21,42,0.5060738091364143
27,15,42,0.99522169692289
19,23,42,NaN
27,15,42,0.007825689300714098
12,30,42,0.5660263260038156
11,31,42,0.032217950042576445
14,28,42,0.007549025419144898
5,37,42,0.033039731112522466
23,19,42,0.8257152214189352
16,26,42,0.7106302897733945
6,36,42,0.6311253596222562
21,21,42,0.5865178779178963
5,37,42,0.9409499775572661
18,24,42,0.8371063500778457
8,34,42,0.49517317979331793
15,27,42,0.07678587609515597
3,39,42,0.07436376785029133
5,37,42,0.03606566080768786
16,25,41,0.4479232155172413
24,17,41,NaN
16,25,41,0.009194357040045847
24,17,41,0.005526241308931328
10,31,41,1.4839548476420587e-6
10,31,41,0.03713138400000036
29,12,41,NaN
20,21,41,0.7106302897733945
26,15,41,0.3994536466045877
8,33,41,0.14048123574931295
13,28,41,0.21573302563222285
19,22,41,NaN
15,26,41,0.12935998692992629
38,3,41,NaN
7,34,41,NaN
20,21,41,NaN
21,20,41,0.0016722090771912244
16,25,41,0.005226537094712572
6,35,41,NaN
24,17,41,0.9922549943338576
17,24,41,0.010777834245389788
13,28,41,0.9676842886660223
21,20,41,0.09069168382985268
15,26,41,NaN
15,26,41,0.6449528119237751
22,19,41,0.1022633479497511
16,25,41,NaN
14,27,41,NaN
8,33,41,NaN
36,5,41,0.001803503186177212
13,28,41,8.161657658581991e-7
9,32,41,0.0025185851725234285
28,13,41,0.3618958110119296
18,23,41,0.06801186498841913
13,28,41,0.0006308686808836001
11,30,41,NaN
5,36,41,0.06655611470045297
35,6,41,0.3538025611562386
4,37,41,0.5489162054642539
16,25,41,NaN
6,35,41,0.18051831243523325
6,35,41,0.31395395753854205
6,35,41,0.6311253596222562
7,34,41,0.07730957836924375
3,38,41,NaN
2,39,41,NaN
11,29,40,0.24575459715220688
31,9,40,0.02659631684631497
20,20,40,0.998907113782714
20,20,40,0.4410682335570106
25,15,40,0.1022633479497511
21,19,40,0.14023355315498046
12,28,40,0.22412348753507685
10,30,40,0.00010848636774506211
29,11,40,0.802297557591902
17,23,40,0.00019337417828920838
26,14,40,0.5399991833128603
20,20,40,0.8744255981088084
4,36,40,0.4583942082714112
10,30,40,0.001254857933013181
15,25,40,0.5666216576425787
9,31,40,0.20910819076120546
20,20,40,0.5288962000317234
21,19,40,0.4479232155172413
34,6,40,0.0002156126812060613
20,20,40,0.11408123925004965
14,26,40,7.044760392253991e-14
27,13,40,0.00031854949349504057
13,27,40,0.4479232155172413
18,22,40,NaN
8,32,40,0.0260486225990759
6,34,40,0.051316950573297944
37,3,40,0.6585251706830434
20,20,40,0.0889252594028693
21,19,40,0.8417993240596657
15,25,40,0.9508317107962183
21,19,40,NaN
21,19,40,0.0889252594028693
18,22,40,0.98439132951688
17,23,40,0.5399991833128603
23,17,40,0.6040393591428876
16,24,40,NaN
10,30,40,NaN
19,21,40,0.8673895283120647
15,25,40,0.9529231929575582
15,25,40,0.8415335320555427
22,18,40,0.802297557591902
33,7,40,0.7729419963538701
7,33,40,NaN
24,16,40,0.27711952186670386
15,25,40,7.19004847158439e-5
18,22,40,0.0068487141177984755
10,30,40,0.6040393591428876
19,21,40,0.27711952186670386
3,37,40,0.802297557591902
17,23,40,0.27711952186670386
14,26,40,0.17979678186831133
18,22,40,0.7709063430376228
12,28,40,0.802297557591902
9,31,40,0.11069202235422225
7,33,40,0.9746285957804892
3,37,40,0.1397037408672925
19,20,39,0.29526212386236883
30,9,39,0.08760711610002497
14,25,39,NaN
15,24,39,0.847018481559038
26,13,39,1.788946922472678e-6
21,18,39,0.3994536466045877
9,30,39,0.9303766764404905
28,11,39,0.023334444029281018
18,21,39,0.24881038054408183
29,10,39,0.027756199109193143
18,21,39,0.10307945227901363
21,18,39,0.3196057604545091
23,16,39,0.14952264656584213
27,12,39,0.003673000757363635
11,28,39,0.48572130700954663
6,33,39,0.6851317812574372
21,18,39,0.0889252594028693
23,16,39,NaN
29,10,39,0.4351215064879439
21,18,39,NaN
19,20,39,0.0650231613269388
12,27,39,NaN
15,24,39,0.4613098650002711
31,8,39,3.194437281990594e-13
32,7,39,0.9364598905086755
16,23,39,0.35822833945819943
19,20,39,0.13607587061668683
24,15,39,3.567539736563187e-5
8,31,39,NaN
18,21,39,0.5865178779178963
14,25,39,0.002131906867912718
21,18,39,0.06733047183748836
5,34,39,0.7741525432089743
23,16,39,0.1187098235679931
17,22,39,0.3507486805348827
24,15,39,NaN
17,22,39,0.9130495332393171
3,36,39,0.15681788281888331
19,20,39,0.5661494280720916
5,34,39,0.010171712848714626
9,30,39,0.04441696734606198
4,35,39,0.24057453370157497
4,35,39,0.0035826957242338082
2,37,39,0.6734037797783934
5,34,39,0.20910819076120546
4,35,39,0.0005280574666173998
12,27,39,0.3331003974953347
3,36,39,0.006249809404654222
15,23,38,0.006867139190273362
7,31,38,0.06733047183748836
23,15,38,0.0002806515866024259
25,13,38,0.08252760703290349
18,20,38,1.1249895941221203e-9
21,17,38,0.9588654024360574
22,16,38,NaN
9,29,38,0.00032791962582443365
18,20,38,0.3976040596719452
7,31,38,0.051196308156391104
21,17,38,0.6957848231638561
17,21,38,0.44099977284833186
27,11,38,0.8257152214189352
18,20,38,0.02420793861740178
10,28,38,0.26067874293238946
31,7,38,NaN
18,20,38,0.08497054324415036
19,19,38,0.1187098235679931
29,9,38,0.31395395753854205
18,20,38,0.10747407133331882
16,22,38,0.847018481559038
14,24,38,0.349836342516202
15,23,38,0.7106302897733945
9,29,38,0.23293760274027603
24,14,38,0.002080672419798139
27,11,38,0.005284433744526313
18,20,38,0.07730957836924375
15,23,38,0.5399991833128603
6,32,38,0.19182604207163578
13,25,38,0.18051831243523325
14,24,38,NaN
24,14,38,0.13607587061668683
7,31,38,4.775338892397947e-8
30,8,38,0.6040393591428876
13,25,38,0.1870685557879665
19,19,38,NaN
24,14,38,0.32007734957447775
13,25,38,0.24057453370157497
20,18,38,0.31395395753854205
14,24,38,0.19052251951160107
10,28,38,0.47123254685053556
11,27,38,0.3008751888586501
5,33,38,0.05049533303829848
9,29,38,0.4107383854940275
9,29,38,0.015565671711291711
11,27,38,0.05814781539950066
5,33,38,NaN
4,34,38,0.4479232155172413
6,32,38,0.484354867068159
3,35,38,0.3994536466045877
23,14,37,0.3994536466045877
23,14,37,0.3265153976673666
17,20,37,0.5626061351245983
16,21,37,0.13607587061668683
26,11,37,0.0009966155646850107
28,9,37,0.10602778376816617
3,34,37,NaN
23,14,37,0.028552742287469894
21,16,37,NaN
11,26,37,0.31395395753854205
16,21,37,0.0014609629426457942
26,11,37,0.00024348353684740988
12,25,37,0.9791470992008825
24,13,37,NaN
36,1,37,0.015565671711291711
23,14,37,0.9542889599984283
9,28,37,NaN
18,19,37,0.6050538629574849
14,23,37,0.31395395753854205
18,19,37,0.05104105237555517
16,21,37,0.929018891880075
12,25,37,NaN
18,19,37,0.5865178779178963
23,14,37,0.014453892543105584
24,13,37,0.4479232155172413
21,16,37,0.014206512663221487
22,15,37,0.6449528119237751
16,21,37,0.001773921439509925
15,22,37,0.0013155157324639068
29,8,37,0.3545890738916256
13,24,37,0.06315769901700105
21,16,37,0.6734037797783934
15,22,37,0.7436042216854737
18,19,37,0.07064956366076246
29,8,37,0.04284062892133536
23,14,37,NaN
8,29,37,0.0771602584605681
19,18,37,9.363806352747897e-6
7,30,37,NaN
10,27,37,0.015505317519268178
17,20,37,0.006924919044319886
30,7,37,0.060928507001084736
9,28,37,0.4668148179544743
24,13,37,0.6311253596222562
26,11,37,0.14022362535305347
10,27,37,0.5865178779178963
31,6,37,0.5566565135083352
2,35,37,0.9158013531976743
9,28,37,0.0033628961315616537
4,33,37,0.15681788281888331
4,33,37,0.15681788281888331
11,26,37,0.00023068452446079455
21,16,37,0.03713138400000036
10,27,37,0.3545890738916256
15,22,37,0.31395395753854205
6,31,37,0.0621753860926275
1,36,37,0.00010056101315328943
20,16,36,0.6734037797783934
17,19,36,0.013018950831790629
25,11,36,0.9998991941012498
15,21,36,0.049784193691201066
21,15,36,0.27711952186670386
20,16,36,0.15681788281888331
15,21,36,0.0287117777722589
25,11,36,NaN
18,18,36,0.5534676795717841
34,2,36,0.2389551254139376
20,16,36,0.10307945227901363
19,17,36,0.0009838941041157847
17,19,36,0.2546784047547102
24,12,36,NaN
10,26,36,0.49517317979331793
11,25,36,0.15681788281888331
16,20,36,0.31395395753854205
29,7,36,NaN
13,23,36,0.10179170477206721
13,23,36,0.1361350591242558
19,17,36,0.0004716125624435366
18,18,36,0.7733336727635869
17,19,36,0.5818968718882952
32,4,36,0.004442990338380317
11,25,36,0.11888592299896517
15,21,36,0.020939445222217374
7,29,36,0.8961741794571901
19,17,36,0.6311253596222562
19,17,36,0.019354319519939604
14,22,36,0.28687559347226166
30,6,36,0.14616098277139478
21,15,36,0.847018481559038
9,27,36,0.41792554775442825
22,14,36,0.009138191808191554
14,22,36,NaN
11,25,36,NaN
9,27,36,0.3545890738916256
20,16,36,NaN
18,18,36,0.0002825276831206054
10,26,36,0.015565671711291711
7,29,36,0.4401603501042182
13,23,36,4.122754862518026e-5
19,17,36,0.00043863888543999377
10,26,36,0.02420793861740178
17,19,36,0.9509474090073529
8,28,36,0.04188291381533401
3,33,36,0.07958093904927066
11,25,36,0.19323419869021943
9,27,36,5.932260745554993e-8
7,29,36,0.18051831243523325
5,31,36,0.002869217595720912
16,20,36,0.802297557591902
16,20,36,0.06733047183748836
21,15,36,NaN
12,24,36,NaN
6,30,36,0.9636076577069712
11,25,36,0.0781372982648582
6,30,36,0.6311253596222562
4,32,36,0.20670284253837556
12,24,36,0.49517317979331793
5,31,36,NaN
16,20,36,0.0320862846643805
7,29,36,0.08068587656113778
4,32,36,0.07730957836924375
3,33,36,1.2631658023745254e-5
3,33,36,NaN
13,22,35,0.3994536466045877
23,12,35,NaN
17,18,35,0.5399991833128603
10,25,35,0.09530596605255301
23,12,35,0.0006835948717715585
17,18,35,0.48702657640167607
24,11,35,0.7106302897733945
13,22,35,1.1695499560962525e-6
14,21,35,0.06238930662688088
28,7,35,2.6276938814880523e-6
31,4,35,0.06733047183748836
27,8,35,7.271466941997489e-5
11,24,35,0.9746285957804892
21,14,35,0.019408317114667343
8,27,35,0.07730957836924375
16,19,35,0.18051831243523325
15,20,35,0.9103007488889225
22,13,35,0.5079641539493376
23,12,35,0.07730957836924375
20,15,35,0.6311253596222562
22,13,35,0.006112602594340191
27,8,35,0.0014084689569960178
18,17,35,0.5408283298626673
15,20,35,0.6686990057176738
12,23,35,0.9973083239048091
12,23,35,NaN
7,28,35,0.06851930661887916
33,2,35,2.046078187754899e-8
7,28,35,0.4965232477409088
5,30,35,0.20445336580942727
25,10,35,0.7741525432089743
18,17,35,NaN
28,7,35,0.013979190043732506
14,21,35,0.06519380550605179
19,16,35,0.00860664819972804
25,10,35,0.7106302897733945
16,19,35,0.23720114552366775
15,20,35,0.05777681313131297
22,13,35,0.7530153510321838
15,20,35,NaN
11,24,35,NaN
16,19,35,0.007549025419144898
17,18,35,NaN
20,15,35,0.1444590626996166
13,22,35,0.4553662440481507
2,33,35,0.008744431634913005
18,17,35,0.003002786972743477
19,16,35,0.610472830182131
6,29,35,0.062253776571951774
8,27,35,0.0320862846643805
3,32,35,0.1022633479497511
10,25,35,NaN
18,17,35,NaN
13,22,35,0.1022633479497511
10,25,35,0.3353827170699711
14,21,35,NaN
5,30,35,0.32151005632765245
3,32,35,0.0055745501953784575
8,27,35,0.3994536466045877
15,20,35,0.40174573747055126
14,21,35,0.8916232459805725
12,23,35,0.0751066318007664
16,19,35,0.49517317979331793
8,27,35,0.03144231519642095
2,33,35,0.053848772381358954
2,33,35,0.8842791248293348
5,30,35,0.914142572589886
3,32,35,0.0007660322274150631
25,9,34,0.21041400774193159
15,19,34,0.29219510066300136
10,24,34,0.15681788281888331
10,24,34,0.94667571189462
13,21,34,NaN
23,11,34,0.09713445733926936
21,13,34,0.18051831243523325
10,24,34,NaN
14,20,34,0.4989116757421606
18,16,34,NaN
17,17,34,0.6560289573692009
24,10,34,0.16244754698142067
17,17,34,0.24057453370157497
19,15,34,0.21775682076464964
6,28,34,0.7741525432089743
19,15,34,0.007752058765859944
11,23,34,0.045781853556531325
25,9,34,1.4581668582876193e-7
23,11,34,0.17336750668651882
31,3,34,0.9540467218096065
16,18,34,0.6522345844740984
14,20,34,0.8733158407825543
14,20,34,0.015214778656434653
19,15,34,1.646636212392975e-10
14,20,34,0.5147105766232776
12,22,34,0.02420793861740178
18,16,34,0.2197495687440576
6,28,34,NaN
7,27,34,NaN
14,20,34,0.6311253596222562
11,23,34,0.9746285957804892
21,13,34,0.07730957836924375
33,1,34,0.004811988483686424
11,23,34,0.8000968142664089
7,27,34,0.465098439130599
10,24,34,0.15377235606033138
13,21,34,NaN
18,16,34,4.05844874340834e-12
24,10,34,0.6180344812051984
7,27,34,0.5865178779178963
18,16,34,0.3545890738916256
6,28,34,0.18051831243523325
11,23,34,0.44893265074738614
14,20,34,0.8842791248293348
23,11,34,0.9509474090073529
9,25,34,0.119457438577337
11,23,34,0.024049028132325852
14,20,34,0.20868689416224195
7,27,34,0.00022728592153456722
20,14,34,0.3901597058659296
22,12,34,0.2715355594141568
7,27,34,0.7436042216854737
5,29,34,9.623002455893696e-5
8,26,34,9.019726020105556e-6
14,20,34,0.26998648824777627
22,12,34,0.7054048845366576
10,24,34,0.31395395753854205
2,32,34,NaN
19,15,34,NaN
12,22,34,0.3626617845392902
5,29,34,0.818176292321016
15,19,34,0.847018481559038
4,30,34,8.923721160048235e-6
8,26,34,0.4567026503054295
4,30,34,NaN
7,27,34,NaN
15,18,33,0.5285471114877826
18,15,33,0.6311253596222562
3,30,33,0.40062095391823294
13,20,33,0.24057453370157497
16,17,33,0.776723578583724
20,13,33,0.09252051843537408
25,8,33,0.03873746977651958
16,17,33,NaN
27,6,33,3.363270903244801e-9
3,30,33,NaN
24,9,33,0.3196209300276422
15,18,33,0.348970447751724
14,19,33,NaN
12,21,33,0.021813890624618852
14,19,33,NaN
25,8,33,0.1424991833609476
29,4,33,0.004090871616932862
6,27,33,0.027828197784382988
15,18,33,NaN
9,24,33,0.49517317979331793
27,6,33,0.4728846848652709
16,17,33,1.2592581060982777e-5
20,13,33,0.7236124875968362
14,19,33,0.1480055856211673
31,2,33,0.9880058680817387
17,16,33,NaN
10,23,33,0.8842791248293348
12,21,33,0.9158013531976743
13,20,33,NaN
10,23,33,0.6734037797783934
19,14,33,0.5399991833128603
16,17,33,0.18051831243523325
15,18,33,0.8823261358654413
16,17,33,NaN
12,21,33,0.18051831243523325
17,16,33,NaN
16,17,33,0.90367131805973
11,22,33,0.802297557591902
11,22,33,NaN
14,19,33,0.46859502987545654
15,18,33,NaN
8,25,33,NaN
5,28,33,0.036608613767823504
19,14,33,1.964317603323822e-12
13,20,33,0.22230560634748214
15,18,33,0.022421921904569347
24,9,33,NaN
20,13,33,0.6734037797783934
23,10,33,0.3545890738916256
17,16,33,NaN
33,0,33,0.9505165362680688
17,16,33,0.9011477651240992
18,15,33,NaN
14,19,33,NaN
19,14,33,NaN
12,21,33,0.07730957836924375
12,21,33,0.1972866733556237
21,12,33,0.004090871616932862
15,18,33,0.02420793861740178
11,22,33,NaN
7,26,33,0.3285940467564716
16,17,33,NaN
10,23,33,0.5865178779178963
3,30,33,0.847018481559038
3,30,33,9.956426760062313e-8
8,25,33,0.0841566602296565
5,28,33,0.0075132389582872085
8,25,33,5.967183115915277e-7
10,23,33,0.045781853556531325
2,31,33,6.640970391691738e-7
4,29,33,0.6734037797783934
4,29,33,0.7255812650983585
5,28,33,0.012744668609495366
1,32,33,NaN
2,31,33,0.5399991833128603
0,33,33,0.13607587061668683
15,17,32,0.5825074678925727
30,2,32,0.18051831243523325
12,20,32,0.12036195576422194
16,16,32,0.7265877825668106
22,10,32,1.0037223532632029e-7
13,19,32,0.05465198339985956
20,12,32,0.9509474090073529
18,14,32,0.2962963178443824
18,14,32,0.02420793861740178
21,11,32,0.1272944219113538
21,11,32,0.006552967377906656
18,14,32,0.3994536466045877
15,17,32,0.6311253596222562
25,7,32,0.3994536466045877
13,19,32,0.19332241050052518
20,12,32,0.18051831243523325
21,11,32,0.7138769340203123
8,24,32,0.5462753436145796
12,20,32,0.5865178779178963
25,7,32,1.3838039160541157e-5
12,20,32,0.5393857760323093
13,19,32,0.49517317979331793
25,7,32,0.014684249111550531
24,8,32,NaN
11,21,32,0.34717231332606946
16,16,32,NaN
17,15,32,0.012186714615468134
6,26,32,0.17296202853828824
25,7,32,0.9648451939759096
20,12,32,0.6345918229630659
13,19,32,0.014216609781748667
15,17,32,0.8387690440646746
12,20,32,0.059100648569637794
10,22,32,0.05777681313131297
16,16,32,0.1187098235679931
14,18,32,0.41792554775442825
16,16,32,0.3545890738916256
11,21,32,0.01858288727523018
10,22,32,0.20910819076120546
13,19,32,0.9858284791076382
10,22,32,0.0006970402634879903
15,17,32,0.7396905680116963
8,24,32,NaN
21,11,32,0.03713138400000036
6,26,32,0.03713138400000036
9,23,32,0.49517317979331793
18,14,32,0.40229696521617114
16,16,32,0.10350556998606547
20,12,32,0.3994536466045877
9,23,32,0.001185843063598908
20,12,32,NaN
9,23,32,0.00029365680694328367
6,26,32,0.0001657093568744578
9,23,32,4.2537540337909325e-6
16,16,32,0.13025752099618404
12,20,32,0.0045355299836030046
17,15,32,0.5116029807176901
6,26,32,0.0024562993003096776
8,24,32,0.08522026695038068
5,27,32,0.8705989613334273
5,27,32,0.8352302116511934
18,14,32,NaN
11,21,32,0.002421228896941739
14,18,32,0.546496193452849
7,25,32,0.414832898139065
12,20,32,0.03713138400000036
15,17,32,0.005583535788620759
12,20,32,NaN
3,29,32,0.8107952131230145
12,20,32,0.08577595901997749
9,23,32,0.06733047183748836
9,23,32,NaN
11,21,32,0.7829861689737833
13,19,32,0.9961177419488393
8,24,32,0.09457632800524031
5,27,32,0.07730957836924375
4,28,32,0.7741525432089743
4,28,32,NaN
13,19,32,8.23202365329061e-7
1,31,32,0.24192420110176782
4,28,32,0.2941926888106218
3,29,32,0.049784193691201066
1,31,32,0.6734037797783934
11,20,31,0.8842791248293348
30,1,31,0.07730957836924375
15,16,31,0.13607587061668683
16,15,31,NaN
9,22,31,0.929018891880075
9,22,31,0.02097058734344152
19,12,31,0.27711952186670386
10,21,31,0.8417993240596657
22,9,31,0.10307408329301207
12,19,31,NaN
17,14,31,0.4479232155172413
19,12,31,0.9763377739345506
11,20,31,0.9409499775572661
8,23,31,0.002984600639635696
23,8,31,0.9348651001036032
9,22,31,0.49517317979331793
12,19,31,0.31395395753854205
17,14,31,0.7104721514502929
18,13,31,0.0889252594028693
21,10,31,1.6970443702651782e-9
19,12,31,0.7467621944212985
22,9,31,NaN
12,19,31,0.7520644547344515
21,10,31,0.8673895283120647
16,15,31,2.1247912614433807e-8
28,3,31,0.0022928851255832015
15,16,31,0.03713138400000036
14,17,31,0.31395395753854205
12,19,31,0.13607587061668683
12,19,31,0.7613697117941427
3,28,31,0.07730957836924375
13,18,31,0.7741525432089743
10,21,31,0.17869664930111867
11,20,31,0.947242292754084
19,12,31,0.5399991833128603
23,8,31,0.006473257791005659
21,10,31,0.20242714823713376
23,8,31,0.021636380766360763
7,24,31,0.4772747110151987
24,7,31,NaN
18,13,31,0.802297557591902
12,19,31,0.9223428189897194
10,21,31,NaN
18,13,31,0.017959370146063955
9,22,31,NaN
10,21,31,0.31395395753854205
15,16,31,0.3994536466045877
18,13,31,0.9440908510654427
18,13,31,4.955070955421556e-7
26,5,31,1.9970652286588124e-11
6,25,31,0.18051831243523325
21,10,31,0.44305951987248143
7,24,31,0.21154273555029315
29,2,31,0.01359631346573227
5,26,31,0.20487207169471564
9,22,31,0.004072528050119316
15,16,31,0.01527377141380461
10,21,31,0.00029365680694328367
16,15,31,0.45176526830741787
19,12,31,0.990064928741784
11,20,31,0.1532566851171375
12,19,31,0.0666147172938007
15,16,31,NaN
7,24,31,0.6035736957383271
23,8,31,0.00041083055555743545
14,17,31,0.050509325950665304
13,18,31,0.6311253596222562
9,22,31,0.007549025419144898
6,25,31,0.6679570824753085
11,20,31,0.007606208043569642
14,17,31,0.009604524274603217
12,19,31,0.31395395753854205
17,14,31,0.3994536466045877
17,14,31,0.3258741969773475
6,25,31,0.1187098235679931
5,26,31,0.6734037797783934
13,18,31,0.03415749632762081
7,24,31,NaN
3,28,31,0.5865178779178963
11,20,31,0.15681788281888331
1,30,31,0.06733047183748836
15,16,31,3.020488981132155e-6
6,25,31,NaN
5,26,31,0.5210532687769253
4,27,31,0.5865178779178963
5,26,31,0.2165078444474989
3,28,31,0.017959370146063955
6,25,31,0.07899565893397553
1,30,31,NaN
16,14,30,0.03797785129850799
24,6,30,0.21316343955198905
16,14,30,0.0009637889712164551
21,9,30,0.76275400162779
19,11,30,0.8673895283120647
9,21,30,0.010614140091198303
11,19,30,0.00018009030208579092
10,20,30,0.005743569863721068
11,19,30,0.0008930860853209755
12,18,30,0.7268334391585736
16,14,30,0.5153697085405997
13,17,30,NaN
13,17,30,0.8673895283120647
20,10,30,0.46716472919339974
23,7,30,NaN
20,10,30,0.5070700067757111
11,19,30,0.3801321786453724
14,16,30,0.006112602594340191
19,11,30,0.0303486687373222
10,20,30,NaN
11,19,30,0.8673895283120647
16,14,30,NaN
12,18,30,NaN
7,23,30,0.051635510066632286
25,5,30,0.24057453370157497
13,17,30,NaN
19,11,30,0.18636016023033194
22,8,30,0.019861019873097747
17,13,30,0.9922549943338576
21,9,30,0.43219683228892075
11,19,30,0.27711952186670386
20,10,30,0.009138191808191554
20,10,30,0.22294927265027997
19,11,30,0.05237091657628893
17,13,30,0.06733047183748836
16,14,30,0.0320862846643805
15,15,30,NaN
28,2,30,3.73314622335444e-20
12,18,30,0.802297557591902
20,10,30,0.003343561267503532
3,27,30,NaN
15,15,30,0.5399991833128603
12,18,30,0.16058868137058663
13,17,30,0.7741525432089743
14,16,30,0.15174722300462076
3,27,30,0.21955897774165153
16,14,30,0.15898212493423974
5,25,30,NaN
16,14,30,NaN
15,15,30,0.9158013531976743
10,20,30,NaN
16,14,30,0.18051831243523325
20,10,30,0.18625576628079554
7,23,30,0.31395395753854205
10,20,30,0.00010720114771263332
18,12,30,0.019356553755320662
11,19,30,0.03716632425854485
6,24,30,0.31395395753854205
8,22,30,0.8753287115092895
20,10,30,0.7741525432089743
21,9,30,5.352067434678705e-6
15,15,30,0.18051831243523325
11,19,30,0.009138191808191554
12,18,30,NaN
18,12,30,0.013819833798011057
10,20,30,0.047237805464680246
13,17,30,0.9676842886660223
21,9,30,NaN
10,20,30,0.1079129382330349
7,23,30,0.1496374029655579
18,12,30,NaN
11,19,30,0.354258110183005
11,19,30,0.5834708413174976
10,20,30,0.027843543894148868
9,21,30,0.8705989613334273
7,23,30,0.18051831243523325
20,10,30,NaN
3,27,30,0.3994536466045877
13,17,30,6.619657025201277e-5
9,21,30,0.12860079080467182
22,8,30,0.05824408904538111
12,18,30,0.05777681313131297
13,17,30,0.00032758075608170024
5,25,30,NaN
10,20,30,NaN
4,26,30,NaN
14,16,30,0.15681788281888331
7,23,30,0.49517317979331793
11,19,30,0.9011477651240992
6,24,30,0.0019790401709519133
6,24,30,0.03606566080768786
17,13,30,0.10949605442860715
12,18,30,0.38862504226759564
6,24,30,0.26998648824777627
8,22,30,NaN
5,25,30,0.0006036677954918814
5,25,30,0.014757535800573299
7,23,30,0.6776847730988658
4,26,30,NaN
3,27,30,0.006112602594340191
4,26,30,NaN
2,28,30,0.0320862846643805
4,26,30,NaN
2,28,30,0.04284062892133536
5,25,30,0.6734037797783934
4,26,30,1.6419118789942733e-5
0,30,30,0.07730957836924375
18,11,29,0.028390083571517954
17,12,29,0.04284062892133536
16,13,29,0.41126308212833496
12,17,29,NaN
15,14,29,0.01359631346573227
6,23,29,0.00016514286548145003
20,9,29,0.02097058734344152
15,14,29,1.393432636996029e-7
9,20,29,0.9239806098538795
13,16,29,NaN
27,2,29,0.004739490636704777
21,8,29,0.0022928851255832015
13,16,29,0.6040393591428876
10,19,29,0.4039609849673799
17,12,29,0.34875348917872423
15,14,29,0.8257152214189352
16,13,29,0.00014209339604737278
16,13,29,NaN
13,16,29,0.007375531335855808
6,23,29,0.8071528649920837
14,15,29,0.7106302897733945
8,21,29,0.7741525432089743
19,10,29,0.49517317979331793
14,15,29,1.372314388487304e-7
14,15,29,0.7537344758782504
13,16,29,0.9893409295121445
21,8,29,1.2099425086482414e-7
23,6,29,0.0001676471889423287
20,9,29,0.20748680442303194
8,21,29,0.00038397218124662486
12,17,29,0.03713138400000036
19,10,29,0.000233926777268049
12,17,29,0.20910819076120546
26,3,29,0.002085843621217879
16,13,29,0.0938369769585292
9,20,29,0.05713278823507315
12,17,29,0.20910819076120546
7,22,29,0.14047454914523305
23,6,29,NaN
13,16,29,0.27352236718258877
21,8,29,0.056159307189999855
13,16,29,0.5865178779178963
16,13,29,0.7106302897733945
8,21,29,NaN
5,24,29,0.44018840784615654
9,20,29,0.7433573994971955
9,20,29,0.5465793813148626
15,14,29,0.23361749009276672
13,16,29,0.6734037797783934
22,7,29,7.261466134950879e-7
18,11,29,0.5865178779178963
15,14,29,0.13607587061668683
12,17,29,0.9011477651240992
19,10,29,0.0019189666407067852
12,17,29,NaN
8,21,29,0.05631167757345423
10,19,29,NaN
12,17,29,0.21911344367031158
14,15,29,NaN
16,13,29,0.8608822119103056
19,10,29,NaN
18,11,29,0.07724687879920197
22,7,29,0.49517317979331793
12,17,29,0.0889252594028693
16,13,29,NaN
15,14,29,0.9858284791076382
8,21,29,8.093484101668012e-7
4,25,29,0.4613144982502936
3,26,29,0.5865178779178963
11,18,29,0.5469079867679913
18,11,29,0.7741525432089743
10,19,29,0.07730957836924375
18,11,29,NaN
8,21,29,0.010777834245389788
4,25,29,0.31395395753854205
10,19,29,0.6823975082319996
9,20,29,0.8915668563125422
15,14,29,0.15873211970765633
5,24,29,0.07730957836924375
5,24,29,NaN
11,18,29,0.0947206168461956
13,16,29,0.6784290943614674
12,17,29,0.0304461199917801
13,16,29,0.0768958706114303
10,19,29,0.26998648824777627
7,22,29,0.19323419869021943
7,22,29,0.0024083458418044518
17,12,29,NaN
9,20,29,0.5950640662721262
5,24,29,0.6311253596222562
2,27,29,NaN
7,22,29,0.9158013531976743
13,16,29,0.022324199740806343
8,21,29,0.8369863506002114
13,16,29,0.8705989613334273
12,17,29,1.6970443702651782e-9
8,21,29,0.9676842886660223
12,17,29,0.4479232155172413
5,24,29,0.0019161510692794616
14,15,29,0.2700532657264192
4,25,29,0.6736582577519525
6,23,29,0.9539675238396474
3,26,29,0.003381968005709276
18,10,28,0.00036719467992443554
15,13,28,0.3912454270550805
16,12,28,NaN
18,10,28,0.6747628375048168
16,12,28,0.6311253596222562
15,13,28,0.03713138400000036
7,21,28,0.5399991833128603
17,11,28,1.2039498889107834e-10
7,21,28,0.027828197784382988
10,18,28,0.2739362710388565
16,12,28,0.05777681313131297
13,15,28,NaN
22,6,28,0.07730957836924375
6,22,28,0.878305897468725
6,22,28,0.27711952186670386
10,18,28,0.9971388058312542
9,19,28,0.1022633479497511
12,16,28,0.03389831240900168
12,16,28,0.021171625963083043
20,8,28,0.7741525432089743
23,5,28,1.7983109333679705e-9
18,10,28,0.0011997733615274348
10,18,28,0.7018030309909015
16,12,28,NaN
17,11,28,0.024540681729097267
17,11,28,NaN
15,13,28,0.02975041233287577
23,5,28,0.1022633479497511
16,12,28,0.7436042216854737
13,15,28,0.5399991833128603
10,18,28,0.19591919714872785
16,12,28,0.5450253115249292
26,2,28,0.3545890738916256
21,7,28,0.5095303157230737
16,12,28,0.10026000239057363
20,8,28,0.00034550986325048995
21,7,28,0.2997648410623781
15,13,28,0.06733047183748836
14,14,28,0.8687855052932716
5,23,28,0.2793808909399614
17,11,28,0.3545890738916256
4,24,28,0.1022633479497511
17,11,28,NaN
14,14,28,0.6311253596222562
6,22,28,0.00625653405367313
9,19,28,0.802297557591902
8,20,28,0.010777834245389788
15,13,28,NaN
13,15,28,0.3473471612745966
23,5,28,0.1022633479497511
8,20,28,0.041103841576027256
10,18,28,NaN
13,15,28,0.23986084657441215
6,22,28,0.07077434837105473
5,23,28,0.00020925195458486995
5,23,28,0.09466994762167392
14,14,28,NaN
15,13,28,NaN
10,18,28,2.158273998492735e-6
5,23,28,NaN
15,13,28,0.0889252594028693
18,10,28,0.8673895283120647
13,15,28,0.12899500463719046
15,13,28,0.31395395753854205
6,22,28,0.0024083458418044518
11,17,28,0.3386081631743637
3,25,28,0.18051831243523325
11,17,28,0.3997255652350077
4,24,28,NaN
12,16,28,0.7436042216854737
17,11,28,0.0018747085824589993
18,10,28,0.31754632806471983
16,12,28,4.8773368126693144e-6
10,18,28,0.929018891880075
13,15,28,0.016368945712348468
13,15,28,0.0004378384324249051
17,11,28,0.8309608145316367
10,18,28,0.8673895283120647
4,24,28,0.259879867700901
10,18,28,NaN
11,17,28,0.5865178779178963
11,17,28,0.3008799971806454
11,17,28,0.2909628921885532
4,24,28,8.151942315732998e-5
7,21,28,0.0075132389582872085
10,18,28,0.058862233421636434
14,14,28,0.012472797278221457
6,22,28,0.37348537062844767
9,19,28,0.07730957836924375
6,22,28,0.2590600957088779
10,18,28,0.15681788281888331
1,27,28,0.0002766584707695241
15,13,28,0.3545890738916256
2,26,28,0.1187098235679931
9,19,28,0.6311253596222562
8,20,28,NaN
1,27,28,0.017959370146063955
0,28,28,0.6734037797783934
19,8,27,0.4479232155172413
14,13,27,NaN
25,2,27,0.14627226319456244
13,14,27,0.1187098235679931
16,11,27,0.1022633479497511
11,16,27,0.02097058734344152
10,17,27,0.683398590791354
17,10,27,0.49517317979331793
20,7,27,0.029402569876750134
17,10,27,6.067671364663197e-6
14,13,27,0.1022633479497511
10,17,27,0.9811196105389223
14,13,27,0.012926942381561383
13,14,27,0.8705989613334273
17,10,27,NaN
6,21,27,8.603743124829518e-6
15,12,27,NaN
17,10,27,0.7436042216854737
10,17,27,0.2673030954583478
8,19,27,0.8842791248293348
23,4,27,3.531510993437407e-9
10,17,27,0.24968415447296624
12,15,27,0.4479232155172413
15,12,27,0.8981278636160837
21,6,27,0.09123044119010038
6,21,27,0.3586218531576411
12,15,27,0.0008534473353716746
9,18,27,NaN
5,22,27,0.7741525432089743
5,22,27,0.20910819076120546
1,26,27,0.5865178779178963
7,20,27,NaN
11,16,27,0.32921203050128967
16,11,27,0.3545890738916256
3,24,27,0.3348697188704469
19,8,27,NaN
22,5,27,0.13106846440592324
11,16,27,0.9158013531976743
17,10,27,0.009088480483541028
14,13,27,0.13607587061668683
9,18,27,0.473374879059611
9,18,27,0.29421539953601106
17,10,27,0.93085041180316
12,15,27,0.7831942570331595
10,17,27,0.1187098235679931
16,11,27,0.8257152214189352
13,14,27,0.015565671711291711
16,11,27,0.008364161130437036
16,11,27,NaN
16,11,27,0.9925966426076334
20,7,27,0.07730957836924375
19,8,27,0.07905101138978846
9,18,27,0.3994536466045877
6,21,27,0.0889252594028693
5,22,27,0.7608977808877514
16,11,27,0.6734037797783934
15,12,27,4.122754862518026e-5
11,16,27,0.6443281586650703
9,18,27,1.431136365442297e-6
10,17,27,0.7106302897733945
15,12,27,0.03392429900581682
19,8,27,0.8117065742794333
15,12,27,0.15681788281888331
17,10,27,0.30755632520236137
16,11,27,NaN
21,6,27,0.24057453370157497
16,11,27,0.24057453370157497
16,11,27,0.027826210164192997
12,15,27,0.8930139025762582
11,16,27,NaN
20,7,27,0.7988888455688671
10,17,27,0.7439403961970428
17,10,27,0.4114930578791902
25,2,27,0.9498633469933305
22,5,27,7.078849749131575e-9
15,12,27,0.9746285957804892
5,22,27,0.802297557591902
9,18,27,0.7436042216854737
17,10,27,4.2191243162154006e-9
12,15,27,0.01276644914227134
4,23,27,0.04284062892133536
17,10,27,0.017959370146063955
15,12,27,0.02572540617460558
6,21,27,0.009110825470587143
7,20,27,NaN
6,21,27,0.31395395753854205
8,19,27,0.015565671711291711
8,19,27,0.27711952186670386
9,18,27,0.02097058734344152
11,16,27,0.8257152214189352
13,14,27,0.20910819076120546
9,18,27,0.40645560148223975
3,24,27,0.1268297556508277
3,24,27,0.6235796490685965
8,19,27,0.09618311938852196
2,25,27,0.802297557591902
11,16,27,0.3545890738916256
20,7,27,NaN
5,22,27,0.017959370146063955
3,24,27,0.5399991833128603
2,25,27,NaN
3,24,27,0.31118238778109136
9,18,27,0.3545890738916256
6,21,27,0.0009975912146895386
3,24,27,NaN
2,25,27,NaN
2,25,27,0.3001821688532571
4,23,27,0.6841566274703473
1,26,27,0.015565671711291711
1,26,27,0.7741525432089743
1,26,27,2.8166231637107e-5
4,23,27,0.05419677651199354
13,13,26,0.6311253596222562
7,19,26,0.019907202687570028
5,21,26,NaN
11,15,26,NaN
10,16,26,0.6409552196231766
15,11,26,NaN
10,16,26,0.0006657179204770918
21,5,26,0.18051831243523325
12,14,26,0.6924461258303694
16,10,26,0.7436042216854737
17,9,26,0.929018891880075
13,13,26,0.5518722342625664
5,21,26,2.715735728051055e-7
13,13,26,0.032410822533519415
20,6,26,0.1268374442793845
8,18,26,0.046480951247378645
12,14,26,NaN
15,11,26,0.06733047183748836
23,3,26,0.32839862864082475
18,8,26,0.97482174849567
5,21,26,0.05777681313131297
10,16,26,NaN
6,20,26,0.012926942381561383
17,9,26,0.004196711186630131
10,16,26,0.8257152214189352
16,10,26,0.7741525432089743
6,20,26,0.9260551176860004
14,12,26,0.00227001517290142
6,20,26,0.7106302897733945
11,15,26,0.02860945749008715
15,11,26,0.08992476712323942
4,22,26,0.13607587061668683
13,13,26,0.6174590899869631
10,16,26,0.9011477651240992
12,14,26,0.0023476493284947096
17,9,26,0.04010708008449723
12,14,26,0.13961712340577545
11,15,26,0.3683428995235126
7,19,26,0.7741525432089743
6,20,26,0.5399991833128603
15,11,26,0.017101058619775834
17,9,26,0.9275058817892309
19,7,26,0.7436042216854737
8,18,26,0.802297557591902
11,15,26,0.24220487701699778
15,11,26,0.1761651757996455
20,6,26,0.802297557591902
10,16,26,NaN
24,2,26,0.10672562388818922
18,8,26,1.5970497498992433e-5
16,10,26,NaN
4,22,26,0.004739695180065782
22,4,26,0.11222973063758754
6,20,26,NaN
12,14,26,NaN
7,19,26,0.029197877869243154
10,16,26,0.4479232155172413
4,22,26,0.15145604080855646
19,7,26,0.084556550733874
19,7,26,0.7850782017189585
10,16,26,0.49517317979331793
8,18,26,0.8673895283120647
14,12,26,0.3994536466045877
16,10,26,0.12914285562232575
12,14,26,0.08710842976758472
2,24,26,0.0023742820010570105
4,22,26,0.5399991833128603
13,13,26,0.8673895283120647
8,18,26,0.20910819076120546
13,13,26,0.1022633479497511
9,17,26,0.0006835948717715585
8,18,26,NaN
10,16,26,0.0076748195738226156
8,18,26,0.023294997711138774
4,22,26,0.19830359376975198
14,12,26,0.03932036743269286
12,14,26,0.847018481559038
12,14,26,0.5865178779178963
18,8,26,0.3545890738916256
15,11,26,NaN
5,21,26,0.259879867700901
15,11,26,0.12228734718500348
9,17,26,0.006618884199805396
7,19,26,0.13051501877742644
2,24,26,NaN
2,24,26,0.06733047183748836
2,24,26,0.011798262549614042
11,15,26,0.7406236429791878
13,13,26,0.24854891941480706
5,21,26,0.18051831243523325
17,9,26,NaN
7,19,26,NaN
12,14,26,0.44599952024420964
7,19,26,0.7268334391585736
11,15,26,NaN
17,9,26,0.0034374653509817465
8,18,26,0.013951374165525545
15,11,26,0.8842791248293348
8,18,26,0.24057453370157497
11,15,26,0.049784193691201066
13,13,26,NaN
9,17,26,0.5865178779178963
11,15,26,NaN
11,15,26,0.465937248382137
7,19,26,0.028837248725231985
6,20,26,0.0014720975817606211
1,25,26,0.6311253596222562
12,14,26,0.16597374693369885
7,19,26,1.2173046754303157e-7
6,20,26,1.3177205930708231e-11
7,19,26,NaN
4,22,26,0.012926942381561383
3,23,26,0.0320862846643805
4,22,26,NaN
7,19,26,NaN
4,22,26,NaN
1,25,26,NaN
2,24,26,0.0277446763323505
4,22,26,0.49517317979331793
1,25,26,0.15428990683012392
2,24,26,2.32127868556232e-9
0,26,26,0.49517317979331793
21,4,25,0.9383588948946223
17,8,25,0.3994536466045877
15,10,25,0.802297557591902
6,19,25,0.4006961854467781
14,11,25,0.004090871616932862
6,19,25,0.847018481559038
18,7,25,0.0018016198655462672
25,0,25,2.8801419383069242e-18
17,8,25,0.06432182947989024
7,18,25,0.8705989613334273
12,13,25,0.31075086255286893
12,13,25,0.20910819076120546
9,16,25,NaN
4,21,25,0.0001356154110030323
11,14,25,0.5136350644217957
11,14,25,0.3994536466045877
15,10,25,0.0032919388531211543
13,12,25,NaN
9,16,25,0.5065561600305556
12,13,25,0.26409961601081466
20,5,25,0.08780393989419881
9,16,25,0.8257152214189352
18,7,25,0.11992075396579722
4,21,25,0.005466053594087452
17,8,25,0.6311253596222562
17,8,25,0.5865178779178963
14,11,25,0.08873999349251409
7,18,25,0.4479232155172413
4,21,25,0.19323419869021943
15,10,25,NaN
16,9,25,0.31395395753854205
12,13,25,0.000315629359066178
19,6,25,0.9590936858343656
14,11,25,0.03713138400000036
10,15,25,0.5399991833128603
17,8,25,0.34529806185362744
13,12,25,0.004402967926016759
9,16,25,0.683398590791354
8,17,25,0.2882121408450119
14,11,25,0.07893455010672325
15,10,25,0.027439566467825582
10,15,25,0.4324784209278734
18,7,25,0.6311253596222562
19,6,25,0.4479232155172413
16,9,25,0.8842791248293348
18,7,25,0.04284062892133536
14,11,25,0.07678587609515597
20,5,25,0.7106302897733945
7,18,25,0.13593613425118772
5,20,25,0.1972644552091674
15,10,25,6.148165908365339e-5
13,12,25,0.12123951673487299
9,16,25,0.08477160248514444
15,10,25,0.012926942381561383
11,14,25,0.8774850601488599
15,10,25,0.31395395753854205
15,10,25,NaN
17,8,25,0.4479232155172413
22,3,25,NaN
17,8,25,NaN
4,21,25,0.3994536466045877
12,13,25,0.016921846021532783
2,23,25,0.5399991833128603
11,14,25,NaN
6,19,25,0.16673498784768143
9,16,25,NaN
17,8,25,0.016883122626246253
3,22,25,NaN
11,14,25,0.243104426336236
6,19,25,0.009138191808191554
6,19,25,0.6054579242635544
3,22,25,0.751155130422976
6,19,25,0.02189254692277703
16,9,25,NaN
7,18,25,0.2784082988342273
13,12,25,0.7741525432089743
15,10,25,NaN
19,6,25,7.481229877736896e-7
12,13,25,0.6311253596222562
13,12,25,0.00022007440033597323
10,15,25,0.005580505275977232
12,13,25,0.7970738800914493
14,11,25,0.04284062892133536
8,17,25,0.20910819076120546
5,20,25,NaN
15,10,25,0.5631028661279108
12,13,25,0.6334299935592971
6,19,25,0.8573424574662173
10,15,25,0.3247140589043045
11,14,25,0.27711952186670386
12,13,25,0.05985213483598586
8,17,25,NaN
5,20,25,0.8673895283120647
4,21,25,NaN
9,16,25,0.49517317979331793
10,15,25,0.06823497317457296
8,17,25,0.12394019271480537
6,19,25,0.03713138400000036
8,17,25,0.027828197784382988
6,19,25,0.11043587508709933
3,22,25,0.5505278272603277
10,15,25,0.6734037797783934
7,18,25,0.0017831052631579714
7,18,25,0.4747782339424708
11,14,25,NaN
12,13,25,2.3145705571086392e-6
8,17,25,NaN
7,18,25,0.31395395753854205
3,22,25,0.004811988483686424
4,21,25,0.02097058734344152
2,23,25,0.5399991833128603
10,14,24,4.361259300854682e-5
10,14,24,0.24057453370157497
11,13,24,0.1449566116356189
15,9,24,NaN
8,16,24,0.10798447305747842
9,15,24,0.13607587061668683
12,12,24,0.017959370146063955
19,5,24,0.0008505086435398172
9,15,24,0.5621529741166056
13,11,24,0.0986124134145065
5,19,24,0.27711952186670386
11,13,24,0.38209986443380334
4,20,24,0.07895835524822598
10,14,24,0.05777681313131297
13,11,24,0.14922125166641897
8,16,24,0.11566802412717841
13,11,24,0.3122247914587968
14,10,24,NaN
9,15,24,NaN
2,22,24,0.04284062892133536
6,18,24,NaN
14,10,24,0.1022633479497511
14,10,24,NaN
16,8,24,0.0001587470629402723
16,8,24,7.7502735499085e-5
16,8,24,0.7470189774604388
14,10,24,NaN
13,11,24,0.0849886023760087
12,12,24,1.8823210416425385e-8
22,2,24,0.04449444769403687
9,15,24,0.27711952186670386
14,10,24,0.3545890738916256
13,11,24,0.7147729245285336
24,0,24,0.00016930577492604962
13,11,24,0.8195944805579212
13,11,24,1.3918756833987124e-13
19,5,24,0.20910819076120546
13,11,24,0.3994536466045877
13,11,24,0.961058322951807
16,8,24,NaN
12,12,24,0.35158382777517355
4,20,24,NaN
12,12,24,NaN
13,11,24,NaN
14,10,24,NaN
6,18,24,0.5399991833128603
10,14,24,0.12413234241620197
8,16,24,0.7106302897733945
15,9,24,4.049163543904831e-5
9,15,24,0.24057453370157497
15,9,24,0.5252214162493315
21,3,24,0.006802996387571849
14,10,24,NaN
16,8,24,0.5241361809989763
6,18,24,0.49517317979331793
10,14,24,0.1187098235679931
2,22,24,0.20910819076120546
20,4,24,NaN
4,20,24,NaN
8,16,24,0.0002048246272074493
10,14,24,0.37860379433309005
13,11,24,NaN
11,13,24,NaN
9,15,24,0.5865178779178963
10,14,24,0.7741525432089743
19,5,24,0.8396228533206177
15,9,24,1.8283654927009627e-6
12,12,24,0.0033040285071258535
16,8,24,0.3987464597142485
11,13,24,0.24057453370157497
9,15,24,NaN
9,15,24,0.02420793861740178
7,17,24,0.3122925782804536
3,21,24,0.21911344367031158
4,20,24,0.15681788281888331
7,17,24,0.04044969721651086
1,23,24,0.6734037797783934
16,8,24,1.542897002001592e-9
14,10,24,NaN
15,9,24,0.27447600061538036
18,6,24,0.08314493052383903
7,17,24,0.4649336203532071
8,16,24,NaN
3,21,24,NaN
7,17,24,0.31395395753854205
16,8,24,0.15045677412268746
7,17,24,0.0889252594028693
15,9,24,NaN
9,15,24,0.6683370608403563
3,21,24,NaN
12,12,24,0.36379129239718105
6,18,24,0.0751066318007664
15,9,24,0.12254074155547566
8,16,24,0.08378649835782316
11,13,24,0.8157868464996881
17,7,24,0.49517317979331793
7,17,24,0.04979327365702434
11,13,24,0.004090871616932862
8,16,24,0.5957238606932879
5,19,24,0.03192348462593804
10,14,24,0.20672575247681282
8,16,24,0.49517317979331793
6,18,24,0.20487207169471564
6,18,24,0.5143473870385556
1,23,24,NaN
17,7,24,0.13607587061668683
9,15,24,0.24057453370157497
7,17,24,0.6311253596222562
3,21,24,NaN
5,19,24,0.6188821910172003
7,17,24,0.08048519849569323
9,15,24,0.27711952186670386
3,21,24,0.0889252594028693
3,21,24,NaN
6,18,24,0.027828197784382988
4,20,24,0.6734037797783934
2,22,24,NaN
2,22,24,0.09821510278538886
1,23,24,0.011503683551313674
3,21,24,NaN
4,20,24,0.31395395753854205
3,21,24,0.49517317979331793
0,24,24,0.4842395808378426
0,24,24,0.3939034568968934
14,9,23,NaN
10,13,23,0.3545890738916256
9,14,23,0.1429026181338168
5,18,23,0.03620712972994191
11,12,23,0.4479232155172413
5,18,23,0.015565671711291711
9,14,23,0.31553736871723803
14,9,23,0.9568675943875191
19,4,23,0.18927737197155803
11,12,23,0.0781372982648582
14,9,23,0.008127758668853905
13,10,23,0.011485528355318408
12,11,23,0.6311253596222562
7,16,23,NaN
10,13,23,0.023425522534346165
12,11,23,0.40172142041279624
15,8,23,NaN
13,10,23,0.49517317979331793
11,12,23,NaN
13,10,23,0.8949845793707153
15,8,23,NaN
16,7,23,0.18051831243523325
11,12,23,0.3545890738916256
15,8,23,0.4277818605647606
15,8,23,0.00012003334104159925
11,12,23,0.9844331900848927
11,12,23,0.6740403783085946
9,14,23,0.5415513419168451
14,9,23,NaN
19,4,23,0.10206050694933322
7,16,23,NaN
7,16,23,0.09986848053786423
9,14,23,NaN
12,11,23,0.20910819076120546
8,15,23,0.07491969387614943
5,18,23,0.0033040285071258535
3,20,23,0.31395395753854205
16,7,23,0.5399991833128603
14,9,23,0.8673895283120647
15,8,23,0.0889252594028693
14,9,23,1.3710814602225525e-5
6,17,23,7.081898451719945e-9
12,11,23,NaN
15,8,23,0.05543605448604756
4,19,23,0.5865178779178963
9,14,23,0.19241731371835152
9,14,23,0.26167224061415967
9,14,23,0.802297557591902
8,15,23,0.12561761538857769
13,10,23,NaN
21,2,23,0.040587612222940765
14,9,23,0.7154611297706338
13,10,23,0.14630855903514603
17,6,23,2.4015038040195176e-5
9,14,23,NaN
12,11,23,NaN
8,15,23,0.18051831243523325
8,15,23,0.9902429731251005
6,17,23,0.22550248955416685
14,9,23,NaN
6,17,23,0.10910766033218691
15,8,23,0.024149425078333342
12,11,23,0.9858284791076382
7,16,23,NaN
9,14,23,1.654689001404552e-5
7,16,23,0.7508159259781308
5,18,23,0.9811196105389223
7,16,23,0.2883419508180637
9,14,23,0.006870935915251964
13,10,23,0.6734037797783934
19,4,23,NaN
6,17,23,NaN
12,11,23,NaN
12,11,23,0.6311253596222562
13,10,23,0.49517317979331793
5,18,23,0.27711952186670386
6,17,23,0.2578191313953244
13,10,23,NaN
13,10,23,0.0033040285071258535
19,4,23,0.26831390214116746
11,12,23,0.11798286066013536
14,9,23,2.6006283313602076e-10
8,15,23,NaN
7,16,23,0.049784193691201066
13,10,23,0.6205211977570494
7,16,23,0.5399991833128603
10,13,23,0.847018481559038
12,11,23,0.045781853556531325
4,19,23,0.4479232155172413
10,13,23,0.9158013531976743
4,19,23,0.1606055595125415
6,17,23,0.7993295003005392
9,14,23,0.1187098235679931
13,10,23,0.03943283426315473
14,9,23,0.41541099834515716
8,15,23,0.54139181216883
10,13,23,NaN
10,13,23,0.9604525435576103
13,10,23,0.3994536466045877
14,9,23,0.0320862846643805
6,17,23,7.88910063177636e-6
15,8,23,0.5865178779178963
13,10,23,0.0016312265842721048
8,15,23,0.3556563165353944
5,18,23,0.06733047183748836
16,7,23,0.2258200276455208
6,17,23,0.03713138400000036
5,18,23,0.9158013531976743
10,13,23,0.3260270702430408
12,11,23,0.049784193691201066
12,11,23,0.9043700483111605
17,6,23,0.05777681313131297
9,14,23,NaN
4,19,23,0.7741525432089743
7,16,23,0.1187098235679931
5,18,23,0.0017831052631579714
5,18,23,0.005168604213268329
8,15,23,0.9011477651240992
6,17,23,0.3994536466045877
11,12,23,NaN
5,18,23,0.03825413978448405
8,15,23,0.11012546660328183
9,14,23,NaN
3,20,23,NaN
7,16,23,NaN
7,16,23,0.1790214222081218
12,11,23,0.21491881491888837
4,19,23,NaN
11,12,23,0.27711952186670386
8,15,23,0.37495161852014286
5,18,23,0.0032057267377043346
4,19,23,0.24057453370157497
4,19,23,0.0034159364626078752
2,21,23,NaN
6,17,23,0.8482012636668623
7,16,23,0.1022633479497511
11,12,23,NaN
13,10,23,0.10417906692261568
9,14,23,0.7741525432089743
2,21,23,0.13901172506332965
4,19,23,0.9158013531976743
5,18,23,0.09530596605255301
8,15,23,0.1802732464547479
1,22,23,0.19986559644991225
8,15,23,0.004739490636704777
4,19,23,0.8161594008705677
7,16,23,NaN
2,21,23,0.006618884199805396
3,20,23,0.5399991833128603
3,20,23,0.6311253596222562
2,21,23,0.0007091847373396289
0,23,23,0.29852053592203515
0,23,23,0.017743973981092967
15,7,22,0.3545890738916256
18,4,22,0.4674487776768189
15,7,22,0.5399991833128603
14,8,22,0.5399991833128603
7,15,22,0.09912846925676018
17,5,22,0.06973189042532497
22,0,22,0.08134954452552273
14,8,22,NaN
6,16,22,NaN
20,2,22,NaN
16,6,22,0.07089891291776529
11,11,22,0.9604525435576103
14,8,22,0.5749004686818984
19,3,22,0.28356862534105315
11,11,22,0.6734037797783934
4,18,22,0.6767801563867267
14,8,22,NaN
11,11,22,0.015565671711291711
16,6,22,0.7911041440697268
11,11,22,0.18097089442989664
7,15,22,0.3994536466045877
7,15,22,NaN
10,12,22,3.9477358157255864e-7
11,11,22,0.07111440838489748
7,15,22,0.008552617305136241
13,9,22,0.8588228645958004
14,8,22,0.06603068221345591
9,13,22,0.004090871616932862
9,13,22,NaN
15,7,22,0.6604416233348317
17,5,22,0.029496550530522848
11,11,22,0.0035350119432258523
6,16,22,0.0019790401709519133
16,6,22,0.022850913208647232
6,16,22,NaN
5,17,22,NaN
7,15,22,0.34216622204006714
9,13,22,0.1022633479497511
20,2,22,0.017959370146063955
12,10,22,NaN
13,9,22,0.9011477651240992
17,5,22,0.5834708413174976
9,13,22,0.12610364888856015
11,11,22,0.31395395753854205
18,4,22,0.9942982452701703
12,10,22,0.6841566274703473
17,5,22,0.1331144802618395
11,11,22,0.9604525435576103
12,10,22,0.023155762863358513
8,14,22,0.7805183272509423
4,18,22,0.5399991833128603
14,8,22,0.24057453370157497
13,9,22,0.9559638706872774
8,14,22,0.9604525435576103
14,8,22,0.8088494498231147
7,15,22,0.050465417556344025
15,7,22,0.08591346897302456
15,7,22,0.5561125484382886
15,7,22,0.4479232155172413
15,7,22,0.15681788281888331
10,12,22,0.7436042216854737
9,13,22,0.09973664716878301
16,6,22,0.3331003974953347
3,19,22,NaN
18,4,22,NaN
15,7,22,0.24057453370157497
11,11,22,0.09911715223556886
10,12,22,0.1022633479497511
10,12,22,NaN
8,14,22,0.6459968080483192
5,17,22,0.030909552041933817
13,9,22,0.05685534605788001
12,10,22,0.01947044343435923
8,14,22,0.9509474090073529
8,14,22,0.06440825626672105
6,16,22,0.4883861072848967
8,14,22,NaN
11,11,22,NaN
9,13,22,0.00020712475239177192
7,15,22,NaN
16,6,22,NaN
17,5,22,9.288281627156306e-5
13,9,22,0.9795814628873463
15,7,22,9.288281627156306e-5
11,11,22,0.2462516100325259
5,17,22,0.08205405782146875
7,15,22,0.47662368940161554
9,13,22,0.5399991833128603
8,14,22,0.07730957836924375
4,18,22,0.008430082748852527
14,8,22,0.49517317979331793
5,17,22,0.023771133629773022
4,18,22,0.847018481559038
6,16,22,0.002111107593248336
11,11,22,0.17206328417746
19,3,22,NaN
11,11,22,NaN
9,13,22,0.9131894789182236
14,8,22,0.22874746549389918
4,18,22,0.09583374556354472
11,11,22,0.49517317979331793
13,9,22,0.2515641942052182
14,8,22,0.3994536466045877
4,18,22,0.8842791248293348
9,13,22,0.13607587061668683
11,11,22,0.0360806823828115
5,17,22,NaN
4,18,22,0.31395395753854205
8,14,22,NaN
6,16,22,0.12539340647242667
2,20,22,NaN
5,17,22,0.1187098235679931
9,13,22,NaN
11,11,22,0.9054429432390284
3,19,22,0.9509116460820818
13,9,22,0.049784193691201066
19,3,22,0.0002831095210039747
13,9,22,0.8795776510287957
14,8,22,0.0014609629426457942
9,13,22,1.084242758046828e-6
14,8,22,0.6132244852884293
7,15,22,0.9639155171212465
6,16,22,0.635351858517383
5,17,22,2.552356268629192e-10
12,10,22,0.010171712848714626
10,12,22,0.12658582830338305
15,7,22,NaN
9,13,22,0.8842791248293348
18,4,22,0.017393953777876576
15,7,22,0.026177632481128216
12,10,22,0.847018481559038
5,17,22,0.0082278183052358
12,10,22,NaN
18,4,22,1.1853179213888436e-5
17,5,22,0.0889252594028693
8,14,22,0.09478769790343358
9,13,22,NaN
7,15,22,0.5865178779178963
11,11,22,0.3994536466045877
5,17,22,0.03692508733150316
9,13,22,NaN
4,18,22,NaN
6,16,22,0.7106302897733945
7,15,22,0.02697690819770432
11,11,22,0.16998742805831615
6,16,22,0.9746285957804892
11,11,22,0.08134954452552273
6,16,22,NaN
6,16,22,0.1465089899394241
6,16,22,0.9000291625597617
5,17,22,NaN
4,18,22,8.093484101668012e-7
8,14,22,0.8673895283120647
6,16,22,0.5772884111971349
12,10,22,0.0011367503306334394
9,13,22,0.3994536466045877
5,17,22,0.0014869327469539354
3,19,22,0.3207723491288853
7,15,22,0.3994536466045877
14,8,22,0.8842791248293348
11,11,22,0.0982799400114692
3,19,22,0.13607587061668683
9,13,22,0.3436648956077536
3,19,22,0.06733047183748836
5,17,22,0.9893409295121445
4,18,22,0.5865178779178963
2,20,22,0.34771393297596825
3,19,22,0.006007766994532221
3,19,22,0.27711952186670386
3,19,22,0.49517317979331793
0,22,22,0.00014820964213550382
0,22,22,NaN
13,8,21,0.8546087627714799
17,4,21,0.03542295896701639
12,9,21,0.04284062892133536
11,10,21,NaN
3,18,21,0.7436042216854737
9,12,21,NaN
9,12,21,0.03713138400000036
12,9,21,NaN
10,11,21,0.0009428406506659217
13,8,21,NaN
10,11,21,0.24057453370157497
12,9,21,0.24057453370157497
17,4,21,0.6198886722083009
4,17,21,0.017959370146063955
14,7,21,0.9878787633899563
18,3,21,0.802297557591902
13,8,21,0.3545890738916256
4,17,21,0.7106302897733945
11,10,21,NaN
13,8,21,NaN
10,11,21,0.3994536466045877
13,8,21,0.8257152214189352
12,9,21,0.6311253596222562
10,11,21,0.0033040285071258535
11,10,21,0.7106302897733945
2,19,21,0.6734037797783934
11,10,21,0.49517317979331793
13,8,21,0.0033986248204900134
6,15,21,0.7154752776094915
13,8,21,0.23305737155480563
10,11,21,0.040587612222940765
13,8,21,0.05976176593556115
9,12,21,0.20910819076120546
9,12,21,0.18051831243523325
10,11,21,0.1437711388593315
6,15,21,0.6734037797783934
17,4,21,0.6830200313028422
4,17,21,0.06733047183748836
16,5,21,0.1187098235679931
9,12,21,0.02325277675560284
11,10,21,0.9340630412779509
14,7,21,0.0889252594028693
8,13,21,2.4015038040195176e-5
9,12,21,0.28356862534105315
8,13,21,7.34348327099544e-5
8,13,21,0.24057453370157497
12,9,21,0.0889252594028693
19,2,21,0.2414569303842419
9,12,21,0.04979964370718839
14,7,21,6.821255283870713e-18
14,7,21,8.843562374083932e-8
12,9,21,0.011315957022507338
7,14,21,0.6572188828270803
6,15,21,0.8355408613398964
11,10,21,3.965565327892122e-6
11,10,21,0.802297557591902
10,11,21,NaN
8,13,21,0.02466356080829497
14,7,21,0.20910819076120546
5,16,21,0.045275196230334665
13,8,21,NaN
2,19,21,0.007089028407226182
9,12,21,NaN
7,14,21,0.13607587061668683
7,14,21,0.36096569893378716
13,8,21,0.20910819076120546
11,10,21,0.1187098235679931
12,9,21,0.02420793861740178
14,7,21,5.552324511214292e-7
6,15,21,NaN
16,5,21,0.6416150529566896
5,16,21,0.8669210207395849
6,15,21,NaN
4,17,21,0.04284062892133536
8,13,21,0.3994536466045877
11,10,21,0.546496193452849
16,5,21,0.1187098235679931
10,11,21,NaN
18,3,21,NaN
12,9,21,0.0004450465484970372
8,13,21,NaN
1,20,21,0.06733047183748836
5,16,21,1.1548144406092661e-5
11,10,21,0.0889252594028693
15,6,21,0.9916773936512864
8,13,21,0.15681788281888331
8,13,21,0.5469079867679913
11,10,21,0.0734350607506379
5,16,21,0.20910819076120546
16,5,21,0.338082934760862
12,9,21,0.03461534565118696
18,3,21,0.00024261391380844054
3,18,21,0.27711952186670386
11,10,21,NaN
5,16,21,0.1819150184664806
4,17,21,0.08477160248514444
13,8,21,0.0019717328882422488
7,14,21,NaN
10,11,21,0.13021261840182977
11,10,21,0.2119014775868108
4,17,21,NaN
12,9,21,0.0055745501953784575
9,12,21,NaN
3,18,21,0.1416242382803941
10,11,21,0.9158013531976743
15,6,21,0.7600842488531842
13,8,21,NaN
10,11,21,NaN
10,11,21,0.049784193691201066
12,9,21,0.9893409295121445
8,13,21,0.7106302897733945
14,7,21,0.09717266822637811
7,14,21,3.438290212326878e-9
3,18,21,NaN
3,18,21,0.0050085254895642925
11,10,21,0.004767198009582167
5,16,21,0.3994536466045877
8,13,21,NaN
19,2,21,0.3545890738916256
6,15,21,0.9419102488197852
11,10,21,0.7328593016163379
3,18,21,NaN
5,16,21,NaN
9,12,21,0.021089618691682292
8,13,21,0.002270746908938005
7,14,21,0.6734037797783934
9,12,21,0.005539107218987459
10,11,21,0.8746834754726627
8,13,21,0.5656858484697058
2,19,21,0.05777681313131297
9,12,21,0.847018481559038
3,18,21,NaN
3,18,21,NaN
5,16,21,0.05436842075631034
12,9,21,0.02097058734344152
10,11,21,0.6311253596222562
5,16,21,0.23746402204029698
7,14,21,0.03713138400000036
4,17,21,0.07874376130455624
6,15,21,0.7268334391585736
8,13,21,0.8799381750969846
5,16,21,0.24057453370157497
4,17,21,0.015565671711291711
14,7,21,0.0889252594028693
3,18,21,0.842265485197441
5,16,21,0.0006835948717715585
9,12,21,0.6311253596222562
5,16,21,0.15681788281888331
8,13,21,0.003915017513594312
4,17,21,0.012926942381561383
4,17,21,NaN
7,14,21,0.012322602397636972
1,20,21,0.6311253596222562
2,19,21,0.0320862846643805
1,20,21,NaN
1,20,21,NaN
3,18,21,0.0889252594028693
2,19,21,0.6734037797783934
4,17,21,NaN
2,19,21,NaN
3,18,21,NaN
1,20,21,NaN
1,20,21,6.924449526218815e-7
14,6,20,0.09121144058611434
6,14,20,0.01086764068410682
8,12,20,0.0009505745532977588
10,10,20,NaN
13,7,20,6.94316346952968e-5
11,9,20,0.27711952186670386
15,5,20,1.4504275471442817e-5
15,5,20,0.33623747710260893
12,8,20,0.44119543546443374
9,11,20,0.5865178779178963
8,12,20,NaN
20,0,20,0.3994536466045877
13,7,20,0.9984215199817222
6,14,20,0.802297557591902
20,0,20,NaN
18,2,20,0.011021309012218868
8,12,20,0.8298344969528096
17,3,20,0.45233273865591545
12,8,20,0.051996366974775825
6,14,20,8.773321039369196e-6
3,17,20,0.036615519044885025
1,19,20,NaN
17,3,20,NaN
10,10,20,0.1187098235679931
8,12,20,0.013585938171025436
12,8,20,0.27655187816287646
12,8,20,0.20982543886158
14,6,20,0.30103281677014615
10,10,20,0.09432024170908558
8,12,20,0.9811196105389223
16,4,20,NaN
20,0,20,0.01182048400271782
12,8,20,0.5865178779178963
13,7,20,0.00804649913890468
4,16,20,0.029275665383251017
16,4,20,NaN
10,10,20,NaN
3,17,20,0.9011477651240992
6,14,20,0.8257152214189352
10,10,20,0.006139331426985007
8,12,20,0.04284062892133536
13,7,20,NaN
9,11,20,NaN
7,13,20,0.5399991833128603
7,13,20,0.49517317979331793
12,8,20,NaN
9,11,20,0.31395395753854205
12,8,20,0.4479232155172413
6,14,20,0.07730957836924375
11,9,20,0.03713138400000036
2,18,20,0.3545890738916256
5,15,20,0.00015449548180981176
5,15,20,0.6125118572405839
4,16,20,NaN
15,5,20,0.32020029637124003
11,9,20,0.001406319686540276
15,5,20,NaN
14,6,20,NaN
11,9,20,0.0016171748964812782
7,13,20,0.02420793861740178
8,12,20,0.24045875590783017
11,9,20,0.2872599221054989
11,9,20,0.847018481559038
14,6,20,NaN
11,9,20,NaN
12,8,20,0.7627104350375007
4,16,20,0.5564183498557992
13,7,20,0.8673895283120647
5,15,20,0.18051831243523325
7,13,20,0.24057453370157497
11,9,20,0.0538243020488228
12,8,20,0.3994536466045877
16,4,20,0.5865178779178963
16,4,20,0.4479232155172413
7,13,20,0.014333854850453147
13,7,20,0.7741525432089743
7,13,20,NaN
14,6,20,0.637048121285421
15,5,20,0.9604525435576103
10,10,20,0.02097058734344152
8,12,20,0.9922549943338576
6,14,20,0.004811988483686424
14,6,20,NaN
5,15,20,0.6734037797783934
1,19,20,0.010703640740103252
7,13,20,0.5399991833128603
10,10,20,0.3994536466045877
17,3,20,0.06733047183748836
12,8,20,0.2798848908757002
9,11,20,0.5865178779178963
5,15,20,0.3994536466045877
11,9,20,NaN
14,6,20,0.3543994313589998
10,10,20,0.41792554775442825
11,9,20,NaN
17,3,20,NaN
13,7,20,0.13607587061668683
11,9,20,0.01650262155303243
10,10,20,3.902450556979387e-6
9,11,20,NaN
17,3,20,0.9409499775572661
13,7,20,0.7106302897733945
7,13,20,0.546496193452849
12,8,20,0.12732577626564123
5,15,20,NaN
9,11,20,NaN
15,5,20,0.25690456647327115
9,11,20,NaN
11,9,20,0.049784193691201066
6,14,20,0.3994536466045877
13,7,20,0.3545890738916256
16,4,20,0.9549504365640004
12,8,20,4.138204382152447e-6
14,6,20,NaN
5,15,20,0.03631269665243776
16,4,20,0.027828197784382988
6,14,20,0.04284062892133536
12,8,20,NaN
7,13,20,0.2672631005041597
6,14,20,0.0320862846643805
2,18,20,0.6311253596222562
10,10,20,0.802297557591902
5,15,20,9.593862925112372e-5
10,10,20,NaN
4,16,20,0.7106302897733945
12,8,20,0.05104105237555517
14,6,20,0.3545890738916256
11,9,20,0.000650667947418472
15,5,20,0.03544267379239283
7,13,20,NaN
8,12,20,0.7436042216854737
13,7,20,0.3545890738916256
13,7,20,0.6844859913323702
3,17,20,0.7741525432089743
8,12,20,0.0775103047479213
7,13,20,0.1022633479497511
12,8,20,NaN
7,13,20,NaN
10,10,20,0.0017806754123386567
11,9,20,0.02420793861740178
12,8,20,0.5865178779178963
3,17,20,1.0051658566104507e-5
10,10,20,0.4479232155172413
13,7,20,0.5399991833128603
12,8,20,0.0005654531158196104
17,3,20,0.10781270008809918
5,15,20,0.02420793861740178
8,12,20,0.005758357593349212
11,9,20,0.5399991833128603
6,14,20,0.20910819076120546
6,14,20,0.6199515676210973
4,16,20,0.33541682923096955
6,14,20,0.962082906438494
4,16,20,NaN
4,16,20,NaN
9,11,20,NaN
6,14,20,0.13607587061668683
2,18,20,0.4070592686564879
9,11,20,0.20910819076120546
1,19,20,0.07730957836924375
1,19,20,NaN
10,10,20,0.36770216081993656
13,7,20,0.397679577181056
9,11,20,0.7106302897733945
4,16,20,NaN
11,9,20,0.3600253166050195
7,13,20,0.8842791248293348
3,17,20,0.7997169207071244
6,14,20,0.24057453370157497
3,17,20,0.027828197784382988
2,18,20,0.05777681313131297
5,15,20,0.5153697085405997
5,15,20,0.03313974899067154
6,14,20,0.21173138101019265
3,17,20,0.20910819076120546
7,13,20,0.6734037797783934
3,17,20,NaN
2,18,20,3.085156047714879e-5
2,18,20,0.8257152214189352
2,18,20,0.00029365680694328367
3,17,20,0.06733047183748836
1,19,20,0.011254071106529748
4,16,20,3.424549955991568e-5
3,17,20,0.18051831243523325
1,19,20,0.5865178779178963
2,18,20,NaN
4,16,20,NaN
1,19,20,0.0029128901622968383
1,19,20,0.3654784014071688
1,19,20,0.3545890738916256
0,20,20,0.15681788281888331
0,20,20,NaN
6,13,19,0.1022633479497511
6,13,19,0.0012233900353152921
8,11,19,NaN
18,1,19,4.6714914948516564e-9
9,10,19,0.5399991833128603
6,13,19,NaN
15,4,19,NaN
5,14,19,0.3380276557355201
16,3,19,0.0013219329791526251
8,11,19,0.3614778849931226
6,13,19,NaN
14,5,19,0.13529944942497651
14,5,19,0.44957850225815815
16,3,19,2.670446255366976e-7
12,7,19,0.36120090064543686
11,8,19,4.955070955421556e-7
6,13,19,NaN
6,13,19,0.217007757892196
16,3,19,0.0033040285071258535
9,10,19,0.23474477979451522
10,9,19,0.9158013531976743
14,5,19,NaN
9,10,19,0.021636380766360763
8,11,19,0.7106302897733945
10,9,19,0.6311253596222562
19,0,19,0.9858284791076382
11,8,19,0.11248464524906726
11,8,19,0.36770216081993656
12,7,19,0.008476630639774984
11,8,19,0.5865178779178963
10,9,19,0.11460798340582207
5,14,19,0.006112602594340191
3,16,19,NaN
8,11,19,0.20910819076120546
7,12,19,0.6311253596222562
10,9,19,0.017959370146063955
2,17,19,NaN
7,12,19,0.12270676781388852
6,13,19,0.0889252594028693
13,6,19,0.08591346897302456
17,2,19,0.001321013806903534
7,12,19,NaN
14,5,19,0.31395395753854205
10,9,19,0.9873831390757088
7,12,19,0.3552431564824662
14,5,19,0.6734037797783934
11,8,19,NaN
17,2,19,0.8382230917362231
3,16,19,0.49517317979331793
13,6,19,0.20910819076120546
8,11,19,0.8100187080291975
5,14,19,0.02124326277133196
11,8,19,0.03512452273667074
13,6,19,NaN
7,12,19,0.015565671711291711
12,7,19,0.07730957836924375
6,13,19,NaN
9,10,19,0.5399991833128603
5,14,19,4.909267617055124e-7
12,7,19,0.1187098235679931
8,11,19,0.8842791248293348
12,7,19,0.20947789300288833
11,8,19,NaN
9,10,19,0.6734037797783934
6,13,19,0.1028844343204013
11,8,19,0.08640483311838464
8,11,19,0.013138467018580544
14,5,19,NaN
6,13,19,0.49517317979331793
13,6,19,NaN
13,6,19,0.49517317979331793
11,8,19,0.3789558935414036
5,14,19,0.02305740665022387
7,12,19,0.15068402709722653
13,6,19,0.0010793392347102117
11,8,19,NaN
9,10,19,0.6311253596222562
8,11,19,0.06896210800552958
4,15,19,0.13607587061668683
11,8,19,0.10193552082533573
14,5,19,0.004865905547271472
9,10,19,NaN
12,7,19,0.06733047183748836
2,17,19,0.3994536466045877
3,16,19,0.05777681313131297
10,9,19,0.9961177419488393
6,13,19,0.7106302897733945
11,8,19,0.7106302897733945
6,13,19,0.02097058734344152
15,4,19,0.14336712019351314
11,8,19,NaN
11,8,19,0.3545890738916256
12,7,19,0.7106302897733945
15,4,19,NaN
5,14,19,0.012926942381561383
4,15,19,0.0004716125624435366
9,10,19,0.011162363494511282
2,17,19,NaN
12,7,19,NaN
7,12,19,0.01993760169078807
6,13,19,NaN
8,11,19,0.27711952186670386
7,12,19,0.010777834245389788
12,7,19,2.2512244303089738e-14
7,12,19,NaN
9,10,19,0.7436042216854737
11,8,19,0.9220277810795537
13,6,19,NaN
6,13,19,NaN
6,13,19,0.9509474090073529
5,14,19,NaN
8,11,19,NaN
10,9,19,NaN
3,16,19,0.6334299935592971
4,15,19,0.5399991833128603
6,13,19,0.39497308258370756
19,0,19,NaN
8,11,19,0.3994536466045877
4,15,19,0.4501483916188856
10,9,19,0.8842791248293348
11,8,19,0.755660925738661
4,15,19,0.3744278855459075
10,9,19,0.3210958180101993
8,11,19,0.0007442489786782514
4,15,19,0.4471584411367221
3,16,19,0.03232902662943413
10,9,19,NaN
7,12,19,0.7741525432089743
13,6,19,0.5399991833128603
8,11,19,0.5865178779178963
14,5,19,0.24057453370157497
17,2,19,0.13890703546402006
4,15,19,0.1820410686964438
9,10,19,0.07247373149762029
15,4,19,0.3545890738916256
8,11,19,0.8498960423422842
12,7,19,0.18051831243523325
14,5,19,0.05823694456523498
9,10,19,0.7106302897733945
5,14,19,0.07730957836924375
6,13,19,0.1187098235679931
9,10,19,NaN
5,14,19,0.7106302897733945
4,15,19,0.9353614439758168
6,13,19,0.049784193691201066
2,17,19,NaN
1,18,19,NaN
10,9,19,0.18051831243523325
13,6,19,0.7741525432089743
5,14,19,0.1825805486793349
8,11,19,0.8466906820437374
11,8,19,0.3994536466045877
8,11,19,3.976794274940855e-6
5,14,19,NaN
3,16,19,NaN
6,13,19,0.7741525432089743
3,16,19,NaN
10,9,19,0.9604525435576103
4,15,19,0.05777681313131297
8,11,19,0.13607587061668683
1,18,19,NaN
7,12,19,0.03713138400000036
8,11,19,0.5023651806949931
4,15,19,0.18051831243523325
3,16,19,0.010777834245389788
4,15,19,0.3994536466045877
4,15,19,0.00013255866474385684
5,14,19,0.018450013393574233
2,17,19,3.535828472214679e-7
1,18,19,NaN
4,15,19,0.05777681313131297
1,18,19,NaN
2,17,19,NaN
0,19,19,0.9590819883754611
0,19,19,0.8842791248293348
0,19,19,NaN
9,9,18,0.4665294299697061
8,10,18,2.0149963437600702e-8
12,6,18,0.9509474090073529
9,9,18,NaN
8,10,18,0.39099651031918786
7,11,18,0.7106302897733945
5,13,18,0.05777681313131297
13,5,18,0.9158013531976743
10,8,18,0.24057453370157497
16,2,18,5.654242017488812e-5
9,9,18,0.24057453370157497
12,6,18,0.8842791248293348
13,5,18,NaN
14,4,18,0.08784979394313747
9,9,18,NaN
12,6,18,0.5865178779178963
8,10,18,0.0007005098276503845
10,8,18,NaN
15,3,18,0.024055670857292932
14,4,18,0.2941926888106218
6,12,18,0.9029162548878787
6,12,18,0.017959370146063955
13,5,18,0.18051831243523325
6,12,18,0.009138191808191554
12,6,18,0.38858024768480426
8,10,18,0.7436042216854737
7,11,18,0.6454002681851354
8,10,18,0.37389217481915044
17,1,18,0.0035350119432258523
12,6,18,0.3545890738916256
14,4,18,0.2100589305583053
8,10,18,2.5422049222431986e-5
7,11,18,0.3994536466045877
8,10,18,0.07730957836924375
18,0,18,NaN
9,9,18,0.847018481559038
8,10,18,0.9627463862203922
13,5,18,0.07388739580537396
14,4,18,0.5865178779178963
6,12,18,0.6493358219784247
12,6,18,NaN
8,10,18,0.7741525432089743
9,9,18,0.1187098235679931
9,9,18,NaN
8,10,18,0.05717363127133481
9,9,18,0.004761795611775308
15,3,18,0.0003200045605789517
9,9,18,0.009141408078529211
11,7,18,0.8673895283120647
7,11,18,0.31395395753854205
8,10,18,0.15681788281888331
12,6,18,0.33018524426510415
13,5,18,NaN
7,11,18,0.20910819076120546
2,16,18,NaN
7,11,18,NaN
15,3,18,0.9893409295121445
10,8,18,0.40062095391823294
7,11,18,0.22273205995926487
15,3,18,0.24057453370157497
14,4,18,NaN
9,9,18,0.18051831243523325
9,9,18,0.2137828786408217
4,14,18,0.06370847496182024
14,4,18,0.12939932646061073
11,7,18,0.7233706043023997
12,6,18,0.8842791248293348
14,4,18,0.027207489443213686
8,10,18,5.142948259703306e-7
8,10,18,0.5124632675051487
4,14,18,0.27711952186670386
4,14,18,0.49517317979331793
9,9,18,0.30866741822987837
9,9,18,0.362362436011875
2,16,18,NaN
7,11,18,0.8673895283120647
13,5,18,NaN
9,9,18,NaN
10,8,18,NaN
6,12,18,0.6311253596222562
7,11,18,0.3545890738916256
6,12,18,0.010376761300133321
5,13,18,0.18051831243523325
10,8,18,0.01368208568142279
2,16,18,0.016241623286758076
2,16,18,0.09381469206697078
7,11,18,0.9409499775572661
5,13,18,0.16030131601302972
11,7,18,0.3611175297223897
11,7,18,0.693271654286115
5,13,18,0.9468770202663286
6,12,18,0.9158013531976743
11,7,18,0.07730957836924375
7,11,18,NaN
7,11,18,NaN
4,14,18,0.049784193691201066
7,11,18,NaN
4,14,18,0.1662121026615478
2,16,18,0.5865178779178963
7,11,18,0.4479232155172413
13,5,18,0.5132637716324047
3,15,18,0.017959370146063955
7,11,18,NaN
12,6,18,NaN
10,8,18,0.20910819076120546
6,12,18,0.18833663690925595
8,10,18,0.062253776571951774
8,10,18,0.0023884852832294747
10,8,18,NaN
10,8,18,0.23278012223677527
15,3,18,NaN
7,11,18,0.9604525435576103
4,14,18,0.27711952186670386
9,9,18,0.9922549943338576
5,13,18,0.9364598905086755
4,14,18,0.7106302897733945
11,7,18,0.05777681313131297
7,11,18,0.45264219823836077
7,11,18,0.7040666442548387
4,14,18,0.6125118572405839
11,7,18,0.966623371047163
9,9,18,0.7075288745642947
12,6,18,NaN
9,9,18,0.3994536466045877
9,9,18,0.03713138400000036
9,9,18,0.9011477651240992
7,11,18,0.0360806823828115
1,17,18,NaN
12,6,18,0.929018891880075
6,12,18,0.027826877060326785
13,5,18,0.6311253596222562
7,11,18,0.393117802369796
4,14,18,0.9746285957804892
6,12,18,0.8693487735180275
9,9,18,0.9509474090073529
3,15,18,0.5865178779178963
8,10,18,0.0014720975817606211
9,9,18,0.0320862846643805
1,17,18,0.0033222424293639697
5,13,18,0.34526986991272174
1,17,18,0.015549115545338353
5,13,18,0.847018481559038
14,4,18,NaN
12,6,18,0.009138191808191554
8,10,18,0.1365416579750063
8,10,18,0.012926942381561383
6,12,18,0.24057453370157497
2,16,18,NaN
8,10,18,0.03351949686990152
7,11,18,0.2222828722897084
5,13,18,0.3994536466045877
9,9,18,NaN
9,9,18,NaN
13,5,18,0.35276843992346274
7,11,18,0.6361976202479017
14,4,18,0.5501189566624484
5,13,18,0.18712458022231074
7,11,18,0.6023516762894063
7,11,18,0.8507441483511715
6,12,18,0.019444291785609646
11,7,18,4.955070955421556e-7
7,11,18,NaN
9,9,18,0.8257152214189352
4,14,18,0.047237805464680246
11,7,18,0.0026250783234402124
8,10,18,0.008208461366443065
3,15,18,0.7106302897733945
4,14,18,0.8842791248293348
7,11,18,NaN
11,7,18,0.1972866733556237
7,11,18,NaN
10,8,18,0.21302046996468754
8,10,18,NaN
9,9,18,0.8673895283120647
3,15,18,NaN
3,15,18,0.15898212493423974
9,9,18,0.7741525432089743
3,15,18,0.1187098235679931
6,12,18,0.923673378558208
8,10,18,0.058751948019472845
13,5,18,0.002820274343745044
10,8,18,0.31395395753854205
5,13,18,NaN
11,7,18,0.0024087118422351866
4,14,18,0.7890858645175659
10,8,18,2.304888836281563e-6
1,17,18,0.012926942381561383
4,14,18,0.8842791248293348
7,11,18,0.4239076309544656
4,14,18,0.2465181782252748
6,12,18,0.13607587061668683
1,17,18,0.3994536466045877
1,17,18,NaN
8,10,18,0.003586422041550748
3,15,18,0.0009104839342465943
1,17,18,NaN
2,16,18,NaN
4,14,18,0.8096825059914234
3,15,18,0.13607587061668683
2,16,18,0.20910819076120546
5,13,18,0.6734037797783934
3,15,18,0.0019790401709519133
1,17,18,0.03631955381227785
1,17,18,0.027439566467825582
1,17,18,NaN
1,17,18,0.23831017211569078
3,15,18,0.010777834245389788
1,17,18,0.001643979031776263
0,18,18,0.9676842886660223
0,18,18,0.05777681313131297
12,5,17,0.39569405143488307
13,4,17,NaN
6,11,17,1.922159949179069e-5
7,10,17,0.5834708413174976
17,0,17,NaN
5,12,17,0.3994536466045877
10,7,17,0.5399991833128603
15,2,17,NaN
13,4,17,0.31395395753854205
8,9,17,0.257145535667182
12,5,17,0.9893409295121445
11,6,17,NaN
9,8,17,0.31318039638993356
11,6,17,0.20910819076120546
7,10,17,0.7436042216854737
3,14,17,0.18051831243523325
10,7,17,0.3814471488351292
11,6,17,0.006961223212214196
7,10,17,NaN
13,4,17,NaN
12,5,17,0.6311253596222562
17,0,17,0.8995755483828255
5,12,17,0.07403316491273987
15,2,17,0.3774611842223138
8,9,17,0.6311253596222562
14,3,17,0.10602778376816617
6,11,17,0.18051831243523325
15,2,17,NaN
5,12,17,0.004811988483686424
9,8,17,0.8257152214189352
17,0,17,0.6493111971659009
7,10,17,0.09983401135386327
7,10,17,0.6734037797783934
9,8,17,0.049784193691201066
15,2,17,0.6125118572405839
4,13,17,0.21911344367031158
9,8,17,0.6311253596222562
13,4,17,0.9158013531976743
9,8,17,0.00025374872951764755
11,6,17,0.3994536466045877
7,10,17,NaN
3,14,17,NaN
4,13,17,0.7106302897733945
11,6,17,0.1022633479497511
8,9,17,0.8718422609782529
6,11,17,0.31395395753854205
7,10,17,0.7106302897733945
11,6,17,0.34990198656022037
10,7,17,0.03636329913286406
10,7,17,0.5137138367782296
14,3,17,0.04284062892133536
11,6,17,0.05777681313131297
8,9,17,0.04284062892133536
6,11,17,NaN
14,3,17,0.24057453370157497
10,7,17,NaN
14,3,17,0.012472797278221457
2,15,17,0.05777681313131297
8,9,17,0.7436042216854737
7,10,17,0.9676842886660223
8,9,17,0.31395395753854205
9,8,17,NaN
6,11,17,0.13607587061668683
7,10,17,0.20910819076120546
9,8,17,0.0028010093175844615
9,8,17,0.39569405143488307
6,11,17,NaN
5,12,17,0.6413419780740836
11,6,17,NaN
6,11,17,0.05112144646036157
13,4,17,0.847018481559038
12,5,17,NaN
8,9,17,0.9158013531976743
8,9,17,0.07889097288520482
9,8,17,NaN
4,13,17,0.4463465584792792
10,7,17,0.2438921959581048
7,10,17,0.12971486738406848
13,4,17,NaN
9,8,17,0.4405598471472078
8,9,17,NaN
15,2,17,0.1022633479497511
9,8,17,0.929018891880075
8,9,17,NaN
4,13,17,0.4479232155172413
8,9,17,0.014327638455507474
13,4,17,0.6677861749474099
2,15,17,0.1187098235679931
10,7,17,0.8968783191270413
13,4,17,0.8285051470821835
8,9,17,0.5343070750112444
9,8,17,NaN
5,12,17,0.18933603251855455
11,6,17,0.6310425500343081
3,14,17,0.5399991833128603
3,14,17,0.02097058734344152
13,4,17,0.010703640740103252
7,10,17,0.017151200904626334
7,10,17,NaN
11,6,17,4.6310821603130574e-8
11,6,17,0.802297557591902
8,9,17,0.4479232155172413
7,10,17,0.27711952186670386
9,8,17,NaN
6,11,17,NaN
12,5,17,0.35539240593617233
9,8,17,0.8842791248293348
9,8,17,0.37441790293163996
5,12,17,NaN
11,6,17,NaN
2,15,17,NaN
13,4,17,1.7700668933474186e-7
12,5,17,0.847018481559038
7,10,17,0.041534616224877724
7,10,17,0.4479232155172413
8,9,17,0.9778682787208289
13,4,17,0.5754065084171294
9,8,17,0.8257152214189352
14,3,17,NaN
6,11,17,0.12723578284323092
2,15,17,0.3994536466045877
8,9,17,0.6734037797783934
6,11,17,NaN
6,11,17,0.004325562775864162
7,10,17,NaN
3,14,17,0.0889252594028693
6,11,17,0.2029970869040999
11,6,17,0.13607587061668683
12,5,17,0.17766477782306608
9,8,17,0.10169665979137317
8,9,17,0.18051831243523325
1,16,17,NaN
6,11,17,0.027828197784382988
3,14,17,NaN
3,14,17,0.9509474090073529
5,12,17,0.8234905345416684
8,9,17,NaN
5,12,17,NaN
6,11,17,NaN
8,9,17,0.43178600775191595
15,2,17,0.011546776840994607
7,10,17,0.07730957836924375
8,9,17,0.1354209996166299
5,12,17,0.6196627246776895
11,6,17,0.00024632104698632534
3,14,17,0.006449083467215617
6,11,17,0.2191808072138604
5,12,17,0.6734037797783934
11,6,17,NaN
1,16,17,0.5399991833128603
5,12,17,0.18051831243523325
12,5,17,0.49517317979331793
5,12,17,0.655501199872003
11,6,17,0.05777681313131297
7,10,17,0.8673895283120647
7,10,17,NaN
2,15,17,0.5399991833128603
8,9,17,0.9446099047315945
12,5,17,0.2331629630125831
4,13,17,0.06733047183748836
4,13,17,0.929018891880075
12,5,17,0.929018891880075
5,12,17,0.08291362995327647
5,12,17,0.7106302897733945
4,13,17,0.012916380298399546
15,2,17,0.6638451782913756
12,5,17,0.10851056420462335
3,14,17,0.000647429105773568
6,11,17,0.5582485448407792
11,6,17,0.33718140983623884
6,11,17,0.30855106026370466
3,14,17,0.9858284791076382
10,7,17,1.9565417887311053e-6
4,13,17,0.15681788281888331
5,12,17,0.15776377254155538
3,14,17,0.006112602594340191
2,15,17,NaN
5,12,17,NaN
4,13,17,0.22714868635599045
4,13,17,0.31395395753854205
3,14,17,0.7741525432089743
6,11,17,0.06213510798997703
6,11,17,0.015565671711291711
4,13,17,0.0017672872901239951
14,3,17,NaN
1,16,17,NaN
5,12,17,NaN
5,12,17,0.012926942381561383
3,14,17,0.24057453370157497
6,11,17,0.36625866657923456
4,13,17,0.31395395753854205
9,8,17,0.28129857273958747
8,9,17,0.6734037797783934
7,10,17,0.04284062892133536
2,15,17,0.0010654905024908882
5,12,17,NaN
9,8,17,0.24057453370157497
2,15,17,NaN
1,16,17,0.8589462750867507
4,13,17,NaN
5,12,17,1.6327934314254094e-7
11,6,17,0.532988370956556
4,13,17,0.7367805523256681
6,11,17,0.20728986069205382
8,9,17,0.1022633479497511
9,8,17,NaN
2,15,17,0.06733047183748836
5,12,17,0.20910819076120546
6,11,17,0.00012496972895352387
8,9,17,0.6841752345986292
4,13,17,0.03131473770756484
5,12,17,NaN
5,12,17,NaN
2,15,17,NaN
7,10,17,0.0006817492864712278
1,16,17,NaN
6,11,17,0.7147729245285336
6,11,17,0.802297557591902
3,14,17,0.05049533303829848
2,15,17,0.05028379225696407
3,14,17,0.03713138400000036
1,16,17,0.9723282420734918
1,16,17,0.007084228222055957
3,14,17,0.8040097821589668
2,15,17,0.8608510723820447
1,16,17,0.3912454270550805
2,15,17,0.0011840403669997966
1,16,17,NaN
0,17,17,0.060112868295385494
0,17,17,0.3994536466045877
0,17,17,0.15572454683447662
0,17,17,0.0004934340839418572
0,17,17,NaN
0,17,17,0.0012249783729728183
0,17,17,0.4479232155172413
0,17,17,0.24057453370157497
0,17,17,0.31395395753854205
0,17,17,0.07730957836924375
0,17,17,0.03713138400000036
13,3,16,0.004705680357297257
7,9,16,0.6311253596222562
4,12,16,0.33623747710260893
6,10,16,0.005843966930253658
5,11,16,0.847018481559038
10,6,16,0.1022633479497511
6,10,16,0.31651686800771967
15,1,16,NaN
12,4,16,0.0017915241271940774
6,10,16,0.33018524426510415
9,7,16,0.003915017513594312
6,10,16,0.11051517240909063
13,3,16,0.4809223430713285
10,6,16,NaN
14,2,16,0.9158013531976743
6,10,16,NaN
8,8,16,NaN
15,1,16,4.055082768116899e-6
10,6,16,1.7426134727476588e-7
7,9,16,NaN
12,4,16,0.08788298901004837
6,10,16,0.4479232155172413
7,9,16,0.13607587061668683
9,7,16,0.018457841149046087
13,3,16,0.0014221364830329561
5,11,16,0.9409499775572661
6,10,16,0.0374716296453747
10,6,16,0.049784193691201066
12,4,16,0.5865178779178963
7,9,16,0.32540885064306957
9,7,16,NaN
11,5,16,NaN
10,6,16,NaN
13,3,16,0.20910819076120546
11,5,16,NaN
11,5,16,NaN
6,10,16,0.44536133084616447
7,9,16,0.7817382460589818
9,7,16,0.3849283836682631
1,15,16,5.9167063888398896e-5
8,8,16,0.012628716080674562
6,10,16,0.004795832922440506
10,6,16,4.038079013556996e-12
6,10,16,0.4479977652467106
10,6,16,0.3599959390430551
4,12,16,0.05478486174917616
9,7,16,NaN
8,8,16,0.04498999825899188
15,1,16,0.7741525432089743
9,7,16,NaN
12,4,16,0.6803432092651888
3,13,16,0.9858284791076382
3,13,16,0.6311253596222562
9,7,16,0.929018891880075
6,10,16,0.8842791248293348
11,5,16,0.9942982452701703
7,9,16,NaN
5,11,16,0.3994536466045877
4,12,16,0.5001954364292986
9,7,16,NaN
4,12,16,0.6314884519097692
11,5,16,NaN
10,6,16,0.023228278903517006
14,2,16,0.025403982280751823
12,4,16,0.15888013975503607
9,7,16,0.01645533390412482
8,8,16,NaN
6,10,16,0.802297557591902
8,8,16,0.18051831243523325
14,2,16,0.027828197784382988
7,9,16,0.18051831243523325
4,12,16,0.004200286000098512
11,5,16,0.7735016188461646
4,12,16,NaN
11,5,16,0.5399991833128603
8,8,16,0.49517317979331793
2,14,16,8.981764560436607e-5
7,9,16,0.1707963316055707
7,9,16,NaN
8,8,16,NaN
3,13,16,9.867407516874605e-10
8,8,16,0.002821503977745227
12,4,16,0.929018891880075
11,5,16,0.14507493759926762
8,8,16,0.846082950202594
7,9,16,0.3994536466045877
13,3,16,0.9658030216880982
9,7,16,0.1187098235679931
8,8,16,0.15081299466296555
10,6,16,4.150051456942651e-6
7,9,16,0.7106302897733945
4,12,16,0.027828197784382988
5,11,16,0.019456455455486327
10,6,16,0.0005102430208929783
9,7,16,0.3994536466045877
6,10,16,NaN
7,9,16,0.4883861072848967
11,5,16,0.19556541758458731
13,3,16,0.8876552538501556
7,9,16,0.6734037797783934
7,9,16,NaN
5,11,16,0.802297557591902
8,8,16,0.2941926888106218
8,8,16,0.7106302897733945
5,11,16,NaN
12,4,16,NaN
9,7,16,0.027828197784382988
13,3,16,NaN
12,4,16,0.419019195648058
6,10,16,0.001570481227904499
6,10,16,0.8673895283120647
8,8,16,0.36479971055528143
8,8,16,NaN
13,3,16,1.31732820184345e-7
2,14,16,NaN
8,8,16,0.8673895283120647
14,2,16,0.27711952186670386
8,8,16,0.7436042216854737
10,6,16,NaN
6,10,16,NaN
4,12,16,0.07730957836924375
3,13,16,0.24057453370157497
13,3,16,0.009725589879125243
1,15,16,0.7741525432089743
9,7,16,0.06733047183748836
5,11,16,0.4479232155172413
12,4,16,0.004128371735093225
3,13,16,0.045781853556531325
15,1,16,0.5399991833128603
9,7,16,0.23444345570392686
7,9,16,NaN
12,4,16,NaN
11,5,16,0.13607587061668683
7,9,16,NaN
6,10,16,0.6199515676210973
10,6,16,0.6199515676210973
6,10,16,0.0015606449136292
2,14,16,0.0009879461454512285
6,10,16,0.11464055397096506
9,7,16,0.15681788281888331
13,3,16,0.18051831243523325
1,15,16,NaN
8,8,16,NaN
14,2,16,0.7741525432089743
1,15,16,NaN
8,8,16,0.0020342251497659425
5,11,16,0.024149425078333342
7,9,16,0.37990791284016306
7,9,16,0.9893409295121445
7,9,16,NaN
5,11,16,NaN
7,9,16,NaN
5,11,16,0.4479232155172413
5,11,16,0.04589401795452649
12,4,16,0.8673895283120647
5,11,16,NaN
10,6,16,0.19323419869021943
9,7,16,0.32167621991195083
8,8,16,NaN
6,10,16,NaN
9,7,16,0.7106302897733945
4,12,16,0.0018850855312665547
9,7,16,0.004811988483686424
7,9,16,NaN
6,10,16,0.9604525435576103
9,7,16,0.9509474090073529
3,13,16,0.0058293649989332435
10,6,16,0.07730957836924375
5,11,16,0.15681788281888331
10,6,16,NaN
7,9,16,NaN
15,1,16,0.24057453370157497
7,9,16,0.2470488207701372
4,12,16,0.04284062892133536
4,12,16,0.9158013531976743
12,4,16,0.5865178779178963
3,13,16,NaN
13,3,16,0.7741525432089743
11,5,16,0.7436042216854737
6,10,16,0.3994536466045877
8,8,16,0.783574984595231
3,13,16,0.002927926859864261
9,7,16,0.025947740470107707
5,11,16,NaN
9,7,16,0.0360806823828115
5,11,16,NaN
8,8,16,0.06733047183748836
6,10,16,0.24057453370157497
6,10,16,NaN
4,12,16,0.824464394837175
5,11,16,NaN
6,10,16,0.8842791248293348
7,9,16,0.847018481559038
11,5,16,NaN
13,3,16,0.5865178779178963
3,13,16,0.3001821688532571
14,2,16,0.929018891880075
10,6,16,NaN
5,11,16,0.8673895283120647
7,9,16,0.6311253596222562
5,11,16,1.3190621702243745e-15
6,10,16,0.7775227586143004
11,5,16,NaN
7,9,16,NaN
10,6,16,0.017959370146063955
3,13,16,0.00022005394867397429
5,11,16,0.06733047183748836
7,9,16,0.30104217208430045
4,12,16,NaN
12,4,16,0.000173509724065156
9,7,16,2.2345063170707714e-8
7,9,16,NaN
9,7,16,0.4883861072848967
11,5,16,0.23498630174102836
13,3,16,NaN
1,15,16,0.7741525432089743
9,7,16,0.14500152240403505
3,13,16,0.9719879793135208
4,12,16,0.4479232155172413
11,5,16,NaN
4,12,16,0.00029921274765063675
4,12,16,0.18051831243523325
4,12,16,0.012926942381561383
5,11,16,0.6311253596222562
7,9,16,0.847018481559038
4,12,16,0.7020606288205559
11,5,16,NaN
9,7,16,0.7741525432089743
8,8,16,0.8533385616051455
11,5,16,0.9944268381674473
7,9,16,NaN
7,9,16,0.16393432656803272
3,13,16,0.000149465065796729
3,13,16,0.045470643193089674
2,14,16,NaN
6,10,16,NaN
8,8,16,0.13607587061668683
3,13,16,0.5399991833128603
5,11,16,NaN
9,7,16,0.002065345856606978
5,11,16,0.11950550525264345
3,13,16,0.15681788281888331
7,9,16,0.06686274909262904
2,14,16,0.15681788281888331
2,14,16,0.9409499775572661
6,10,16,0.23203703497068834
1,15,16,0.04284062892133536
8,8,16,0.22752686698025174
9,7,16,0.302193350837622
5,11,16,0.5981332840654259
3,13,16,0.012091121856013708
7,9,16,0.7741525432089743
1,15,16,0.20910819076120546
5,11,16,0.0211554217440294
3,13,16,NaN
3,13,16,0.2506127591598177
2,14,16,NaN
6,10,16,0.00128840048378329
9,7,16,0.9858284791076382
4,12,16,0.27711952186670386
7,9,16,0.7715633306380726
5,11,16,0.8137510168860226
2,14,16,0.3994536466045877
4,12,16,0.07313247838120747
4,12,16,NaN
1,15,16,0.15681788281888331
1,15,16,0.6311253596222562
2,14,16,0.0840086062396292
3,13,16,0.7436042216854737
5,11,16,0.0845862045321217
1,15,16,NaN
4,12,16,NaN
2,14,16,0.9604525435576103
2,14,16,0.24057453370157497
1,15,16,0.049784193691201066
0,16,16,NaN
0,16,16,0.03713138400000036
0,16,16,0.9676842886660223
0,16,16,0.9636076577069712
0,16,16,0.13607587061668683
0,16,16,0.6734037797783934
0,16,16,0.49517317979331793
0,16,16,0.06733047183748836
11,4,15,0.9630457153662344
8,7,15,0.259879867700901
6,9,15,0.5126859874384109
10,5,15,NaN
12,3,15,NaN
7,8,15,0.9011477651240992
3,12,15,0.847018481559038
7,8,15,0.012859973413874026
14,1,15,NaN
8,7,15,0.11950550525264345
4,11,15,0.8210988244501531
7,8,15,0.03480326817403382
6,9,15,NaN
7,8,15,0.05777681313131297
7,8,15,0.0022818769007547438
7,8,15,0.353798510347054
14,1,15,0.12675072022360992
8,7,15,0.014494770603683559
10,5,15,0.0010799930576072421
6,9,15,0.10757242521487181
5,10,15,NaN
6,9,15,0.19052251951160107
5,10,15,0.49517317979331793
11,4,15,NaN
13,2,15,0.49517317979331793
9,6,15,0.847018481559038
9,6,15,0.007268902140091745
7,8,15,0.9330520169499149
8,7,15,0.1022633479497511
7,8,15,NaN
10,5,15,0.49517317979331793
12,3,15,0.24057453370157497
14,1,15,0.006521831051322145
7,8,15,NaN
4,11,15,0.31395395753854205
4,11,15,0.13793767267099338
8,7,15,NaN
9,6,15,NaN
10,5,15,0.9495703017287348
10,5,15,0.03713138400000036
7,8,15,0.4479232155172413
11,4,15,0.005734317672104532
8,7,15,0.460468061215996
14,1,15,0.0006504561538368782
5,10,15,NaN
6,9,15,0.847018481559038
10,5,15,0.020748779719165292
7,8,15,NaN
9,6,15,0.9373955198196154
8,7,15,NaN
7,8,15,0.06916777859357684
11,4,15,NaN
9,6,15,0.0002263211471960522
10,5,15,0.13607587061668683
3,12,15,NaN
8,7,15,0.36994740259151476
4,11,15,0.10852719289905029
10,5,15,0.18051831243523325
8,7,15,0.9011477651240992
9,6,15,0.18866361175764196
8,7,15,0.9922549943338576
9,6,15,0.7741525432089743
1,14,15,NaN
10,5,15,0.23252168792350883
3,12,15,0.043609079152109084
9,6,15,0.49517317979331793
7,8,15,0.004739490636704777
5,10,15,0.15098796556451127
14,1,15,0.3545890738916256
2,13,15,0.8257152214189352
6,9,15,0.15681788281888331
12,3,15,0.6117045037188235
10,5,15,0.5846295473383921
9,6,15,0.4179651312937562
12,3,15,0.9158013531976743
6,9,15,0.075320433836895
7,8,15,0.7171789845354151
8,7,15,0.004035747509798401
10,5,15,NaN
2,13,15,NaN
13,2,15,0.13607587061668683
8,7,15,0.9962181257441285
11,4,15,0.24057453370157497
12,3,15,0.6103971260649583
11,4,15,0.0889252594028693
2,13,15,NaN
7,8,15,NaN
6,9,15,0.6311253596222562
6,9,15,NaN
13,2,15,0.6734037797783934
2,13,15,0.16624503881137623
10,5,15,NaN
7,8,15,0.03713138400000036
9,6,15,0.5865178779178963
5,10,15,0.18051831243523325
7,8,15,NaN
4,11,15,0.32020029637124003
6,9,15,0.20910819076120546
5,10,15,0.05985213483598586
5,10,15,0.3994536466045877
7,8,15,0.7741525432089743
7,8,15,NaN
2,13,15,NaN
5,10,15,NaN
3,12,15,0.1022633479497511
9,6,15,0.847018481559038
2,13,15,0.8842791248293348
5,10,15,NaN
10,5,15,0.31395395753854205
5,10,15,0.6734037797783934
10,5,15,0.13607587061668683
8,7,15,0.05425633862323464
5,10,15,NaN
7,8,15,0.11850352005283658
5,10,15,0.0005198823529416963
9,6,15,0.33633274787078044
7,8,15,0.802297557591902
10,5,15,NaN
11,4,15,NaN
9,6,15,NaN
4,11,15,0.027828197784382988
4,11,15,7.87523861286529e-7
4,11,15,NaN
3,12,15,0.27711952186670386
9,6,15,0.5865178779178963
9,6,15,NaN
10,5,15,0.0005829159053039736
9,6,15,3.5523288849910066e-8
6,9,15,NaN
6,9,15,0.9409499775572661
9,6,15,0.6734037797783934
7,8,15,NaN
10,5,15,0.1411141022994017
4,11,15,0.31395395753854205
10,5,15,NaN
7,8,15,0.8995755483828255
4,11,15,0.41541099834515716
3,12,15,0.8257152214189352
5,10,15,0.4479232155172413
4,11,15,NaN
8,7,15,0.20487207169471564
8,7,15,0.018325689201241436
10,5,15,0.6775543386538457
9,6,15,0.6432672479115289
8,7,15,0.5343070750112444
6,9,15,NaN
9,6,15,0.20969767187310104
7,8,15,0.0320862846643805
12,3,15,0.26472353234037
6,9,15,0.07730957836924375
12,3,15,0.5399991833128603
4,11,15,NaN
5,10,15,NaN
7,8,15,0.6311253596222562
3,12,15,0.20910819076120546
4,11,15,0.31395395753854205
13,2,15,0.9158013531976743
6,9,15,0.4479232155172413
5,10,15,5.3515024759357276e-5
3,12,15,0.5865178779178963
5,10,15,0.6199515676210973
5,10,15,0.07730957836924375
12,3,15,0.8079158720556192
8,7,15,NaN
9,6,15,0.3353827170699711
4,11,15,0.6265176384860953
6,9,15,0.5491279133623005
6,9,15,NaN
7,8,15,0.004090871616932862
7,8,15,0.017959370146063955
12,3,15,0.5137004547467753
8,7,15,0.8673895283120647
8,7,15,0.004090871616932862
7,8,15,0.6432672479115289
4,11,15,0.929018891880075
9,6,15,NaN
8,7,15,NaN
12,3,15,0.0024562993003096776
12,3,15,0.0015638082074759213
8,7,15,NaN
2,13,15,NaN
9,6,15,0.045275196230334665
5,10,15,0.7741525432089743
8,7,15,NaN
10,5,15,0.0054326905062263954
6,9,15,NaN
9,6,15,NaN
6,9,15,NaN
10,5,15,0.15346886094706555
3,12,15,0.21543701576458069
8,7,15,NaN
10,5,15,0.4479232155172413
6,9,15,NaN
9,6,15,NaN
5,10,15,0.012926942381561383
7,8,15,0.6010207324581267
6,9,15,NaN
8,7,15,0.6311253596222562
11,4,15,0.14344480390832934
9,6,15,0.00031854122057018276
5,10,15,0.6945380372454182
4,11,15,0.6734037797783934
9,6,15,0.847018481559038
7,8,15,0.6708010479426751
11,4,15,0.8842791248293348
5,10,15,NaN
6,9,15,NaN
2,13,15,0.1022633479497511
4,11,15,0.7436042216854737
8,7,15,0.009660424172821444
6,9,15,0.54139181216883
5,10,15,0.07730957836924375
6,9,15,0.8744616600723529
5,10,15,6.498092062723927e-7
8,7,15,0.06733047183748836
8,7,15,0.7741525432089743
5,10,15,NaN
9,6,15,0.03873746977651958
7,8,15,0.15681788281888331
8,7,15,NaN
3,12,15,0.18051831243523325
5,10,15,0.14168001517694007
3,12,15,0.7436042216854737
7,8,15,NaN
2,13,15,0.4127464296821893
6,9,15,0.13607587061668683
4,11,15,0.15210717062530255
2,13,15,0.10846610265333884
6,9,15,0.8832669079682429
6,9,15,0.0889252594028693
6,9,15,0.8673895283120647
3,12,15,NaN
6,9,15,0.27711952186670386
14,1,15,0.008104307688975793
7,8,15,0.848900114269833
3,12,15,0.18227021371746896
1,14,15,0.00024994867102365044
3,12,15,0.4479232155172413
8,7,15,NaN
2,13,15,NaN
7,8,15,0.8257152214189352
4,11,15,0.049784193691201066
3,12,15,0.924699392185994
1,14,15,0.15098796556451127
5,10,15,0.07730957836924375
1,14,15,NaN
9,6,15,0.5393857760323093
3,12,15,NaN
1,14,15,NaN
3,12,15,NaN
4,11,15,NaN
4,11,15,NaN
3,12,15,0.6311253596222562
3,12,15,0.024912310439997705
7,8,15,0.5214209389893951
2,13,15,NaN
5,10,15,0.00011134122904679903
3,12,15,3.5115778300698843e-6
2,13,15,NaN
9,6,15,0.4479232155172413
5,10,15,0.24057453370157497
1,14,15,0.07141873191817441
3,12,15,0.7102743194191408
7,8,15,3.741638701237072e-8
3,12,15,0.00810615664096382
4,11,15,5.8410374022065846e-5
2,13,15,0.7449829389196114
3,12,15,0.9811196105389223
1,14,15,0.847018481559038
1,14,15,0.6607090794618562
8,7,15,NaN
6,9,15,NaN
1,14,15,0.3545890738916256
4,11,15,0.009011194079290488
8,7,15,0.005503441741461752
5,10,15,NaN
5,10,15,0.6324920236433761
3,12,15,0.3994536466045877
3,12,15,0.6257640919961532
6,9,15,0.21240518000687506
1,14,15,NaN
3,12,15,0.9011477651240992
2,13,15,0.31395395753854205
2,13,15,NaN
3,12,15,0.18051831243523325
1,14,15,NaN
4,11,15,NaN
2,13,15,0.7065243553936503
1,14,15,0.13607587061668683
4,11,15,0.40363390299631857
3,12,15,0.5117385667081694
2,13,15,NaN
1,14,15,NaN
3,12,15,NaN
1,14,15,NaN
0,15,15,2.816574744660162e-6
0,15,15,NaN
0,15,15,0.247725774308164
0,15,15,NaN
0,15,15,NaN
0,15,15,NaN
0,15,15,0.3545890738916256
0,15,15,0.23105099657908976
6,8,14,0.04284062892133536
4,10,14,0.6600837619282068
11,3,14,NaN
6,8,14,0.9161911875812628
3,11,14,0.13607587061668683
10,4,14,0.021793327045412227
8,6,14,0.802297557591902
7,7,14,NaN
6,8,14,0.6734037797783934
9,5,14,0.15681788281888331
12,2,14,0.3770033180260189
6,8,14,0.20910819076120546
11,3,14,NaN
8,6,14,0.6311253596222562
8,6,14,0.1187098235679931
7,7,14,0.3994536466045877
7,7,14,0.6994533973985216
12,2,14,0.6072769671760494
5,9,14,0.5865178779178963
9,5,14,NaN
8,6,14,0.5399991833128603
7,7,14,NaN
11,3,14,0.7436042216854737
13,1,14,NaN
5,9,14,0.3994536466045877
7,7,14,NaN
6,8,14,NaN
11,3,14,0.06058530686910975
7,7,14,0.9364598905086755
7,7,14,0.13607587061668683
10,4,14,0.0030444559520483886
6,8,14,NaN
9,5,14,0.18866361175764196
13,1,14,0.04498999825899188
6,8,14,0.1187098235679931
6,8,14,NaN
5,9,14,0.027233902094494757
9,5,14,0.18051831243523325
9,5,14,0.20910819076120546
8,6,14,0.02420793861740178
5,9,14,0.02420793861740178
2,12,14,0.5865178779178963
8,6,14,0.3545890738916256
11,3,14,NaN
6,8,14,0.7964363730309623
7,7,14,0.9011477651240992
6,8,14,0.05985213483598586
9,5,14,0.9423919243782642
6,8,14,NaN
5,9,14,NaN
8,6,14,NaN
6,8,14,0.161465617629995
8,6,14,0.20173578686501953
11,3,14,0.5399991833128603
6,8,14,0.9158013531976743
8,6,14,NaN
5,9,14,NaN
8,6,14,9.448173135164229e-6
6,8,14,0.49517317979331793
6,8,14,NaN
4,10,14,0.1388298426890003
3,11,14,0.5287340988446795
7,7,14,0.15681788281888331
12,2,14,NaN
8,6,14,0.7268334391585736
13,1,14,0.0014720975817606211
6,8,14,0.27711952186670386
5,9,14,0.2470488207701372
5,9,14,0.0023476493284947096
10,4,14,0.13594509835821048
8,6,14,0.31395395753854205
7,7,14,NaN
4,10,14,0.49517317979331793
8,6,14,NaN
7,7,14,NaN
7,7,14,0.40212930095998556
7,7,14,0.6734037797783934
12,2,14,0.0003301119846162451
12,2,14,5.017589979623458e-6
5,9,14,0.10602778376816617
9,5,14,0.5865178779178963
7,7,14,NaN
11,3,14,0.02697690819770432
1,13,14,NaN
5,9,14,NaN
8,6,14,0.13607587061668683
11,3,14,0.8673895283120647
5,9,14,0.802297557591902
7,7,14,NaN
11,3,14,0.8809932070914919
7,7,14,0.18051831243523325
7,7,14,NaN
13,1,14,0.00011050701255228743
9,5,14,3.438290212326878e-9
8,6,14,0.847018481559038
8,6,14,NaN
10,4,14,0.5461188547180993
3,11,14,0.1187098235679931
1,13,14,0.5399991833128603
3,11,14,0.6734037797783934
11,3,14,0.7106302897733945
5,9,14,NaN
10,4,14,0.0005752241303745155
10,4,14,0.01922698685574749
4,10,14,0.049784193691201066
10,4,14,0.07730957836924375
4,10,14,NaN
2,12,14,0.4169385719215516
4,10,14,1.084242758046828e-6
10,4,14,1.3210770975717655e-7
7,7,14,0.02967940646390058
7,7,14,0.04284062892133536
4,10,14,0.02097058734344152
7,7,14,0.9858284791076382
7,7,14,NaN
10,4,14,0.27711952186670386
9,5,14,0.39930688570190925
11,3,14,4.2315762977120414e-7
10,4,14,0.08497054324415036
3,11,14,0.1022633479497511
7,7,14,0.7436042216854737
6,8,14,0.31395395753854205
5,9,14,0.24057453370157497
11,3,14,0.02097058734344152
9,5,14,NaN
7,7,14,0.1187098235679931
6,8,14,0.0020984499240491116
7,7,14,0.010777834245389788
4,10,14,0.007825689300714098
5,9,14,0.0687450276293954
9,5,14,0.847018481559038
7,7,14,0.4702206019747815
9,5,14,NaN
4,10,14,0.3545890738916256
9,5,14,NaN
11,3,14,0.06733047183748836
4,10,14,0.5399991833128603
7,7,14,0.31395395753854205
5,9,14,0.2513241969664797
11,3,14,0.4479232155172413
4,10,14,0.5223420101763185
3,11,14,NaN
7,7,14,0.07942248376011653
6,8,14,0.7106302897733945
6,8,14,0.31395395753854205
2,12,14,0.031478269600623776
7,7,14,0.3545890738916256
7,7,14,0.9158013531976743
7,7,14,NaN
10,4,14,NaN
6,8,14,0.8573329085110766
4,10,14,NaN
8,6,14,0.06733047183748836
3,11,14,NaN
7,7,14,NaN
2,12,14,NaN
4,10,14,NaN
8,6,14,3.0139955622404478e-5
5,9,14,0.03790622854232848
5,9,14,0.8016756739763174
8,6,14,0.8842791248293348
7,7,14,NaN
9,5,14,0.027828197784382988
6,8,14,0.8350719817989058
6,8,14,NaN
9,5,14,NaN
10,4,14,0.0009392515771501314
4,10,14,NaN
9,5,14,0.4479232155172413
6,8,14,0.6215776644315562
9,5,14,0.5621529741166056
13,1,14,NaN
5,9,14,NaN
3,11,14,NaN
8,6,14,0.5865178779178963
3,11,14,0.6311253596222562
5,9,14,0.06733047183748836
8,6,14,0.20910819076120546
4,10,14,0.8608510723820447
6,8,14,0.0889252594028693
8,6,14,0.27711952186670386
8,6,14,0.02420793861740178
5,9,14,NaN
8,6,14,0.6311253596222562
2,12,14,0.7436042216854737
8,6,14,0.038382526346251944
3,11,14,0.8257152214189352
7,7,14,NaN
7,7,14,0.0007277112171822544
6,8,14,0.7741525432089743
2,12,14,NaN
10,4,14,0.54139181216883
9,5,14,0.5694932472715247
8,6,14,0.15681788281888331
6,8,14,NaN
4,10,14,NaN
1,13,14,0.5462371032671539
8,6,14,0.6334299935592971
10,4,14,0.31395395753854205
5,9,14,NaN
7,7,14,NaN
6,8,14,0.023143037061911103
3,11,14,0.03713138400000036
6,8,14,NaN
10,4,14,0.27711952186670386
10,4,14,0.847018481559038
5,9,14,0.7741525432089743
11,3,14,0.929018891880075
7,7,14,0.9158013531976743
4,10,14,0.041421493792979436
9,5,14,0.8842791248293348
8,6,14,NaN
1,13,14,0.017959370146063955
3,11,14,NaN
5,9,14,0.7732953803465272
8,6,14,0.7556770308051649
4,10,14,0.9922549943338576
7,7,14,NaN
9,5,14,0.04284062892133536
6,8,14,0.7436042216854737
6,8,14,0.022790912179699824
7,7,14,NaN
1,13,14,0.5399991833128603
4,10,14,NaN
8,6,14,0.9850348700962308
5,9,14,NaN
3,11,14,0.24906899773891084
1,13,14,0.7091306669141204
5,9,14,NaN
6,8,14,0.49517317979331793
4,10,14,0.05777681313131297
8,6,14,0.9604525435576103
2,12,14,0.7741525432089743
8,6,14,0.9509474090073529
3,11,14,0.27711952186670386
9,5,14,0.17417991105802536
4,10,14,0.6734037797783934
11,3,14,0.8842791248293348
5,9,14,0.7106302897733945
6,8,14,0.35778369347163363
9,5,14,NaN
5,9,14,0.015565671711291711
3,11,14,NaN
5,9,14,NaN
5,9,14,NaN
7,7,14,0.6311253596222562
4,10,14,NaN
4,10,14,0.7106302897733945
10,4,14,NaN
14,0,14,0.0006617029930940887
8,6,14,0.016705874716510593
8,6,14,0.04035333532585377
7,7,14,NaN
4,10,14,NaN
7,7,14,0.49517317979331793
3,11,14,0.9419025248140143
8,6,14,NaN
4,10,14,0.847018481559038
6,8,14,NaN
3,11,14,0.18051831243523325
6,8,14,0.1568075038290564
8,6,14,0.00760369138480233
9,5,14,0.9811196105389223
7,7,14,0.4479232155172413
6,8,14,0.8257152214189352
4,10,14,NaN
1,13,14,0.4479232155172413
4,10,14,0.049784193691201066
9,5,14,0.1022633479497511
3,11,14,0.2561710583696388
4,10,14,0.802297557591902
1,13,14,0.009138191808191554
2,12,14,0.5865178779178963
5,9,14,0.20910819076120546
8,6,14,0.7161757051475619
8,6,14,0.19064127225803126
3,11,14,0.8886124124492695
9,5,14,0.027865995559846226
4,10,14,0.32641674184758385
7,7,14,NaN
6,8,14,0.03713138400000036
4,10,14,0.015565671711291711
4,10,14,0.49517317979331793
9,5,14,0.17659902439080313
2,12,14,0.3994536466045877
4,10,14,0.6734037797783934
5,9,14,NaN
7,7,14,0.4479232155172413
2,12,14,0.0014106040000732066
8,6,14,NaN
8,6,14,0.2608808072946505
2,12,14,0.18051831243523325
7,7,14,NaN
8,6,14,0.18387097654855836
9,5,14,NaN
4,10,14,0.8257152214189352
5,9,14,NaN
6,8,14,0.8153724132200288
4,10,14,0.6734037797783934
6,8,14,NaN
9,5,14,NaN
4,10,14,0.007549025419144898
4,10,14,0.018473104092306583
1,13,14,2.2831001216761516e-5
5,9,14,0.9893409295121445
4,10,14,0.49517317979331793
5,9,14,1.7441486273487235e-11
3,11,14,NaN
5,9,14,0.2366079591908709
3,11,14,0.7741525432089743
4,10,14,0.18051831243523325
2,12,14,NaN
3,11,14,7.521884635394199e-8
3,11,14,NaN
3,11,14,0.03713138400000036
1,13,14,NaN
5,9,14,0.7436042216854737
2,12,14,0.9011477651240992
7,7,14,NaN
4,10,14,0.5291806849559146
2,12,14,0.802297557591902
1,13,14,0.6311253596222562
3,11,14,0.0009371490027960586
3,11,14,0.6734037797783934
2,12,14,0.31395395753854205
7,7,14,0.5406907002143675
3,11,14,0.27711952186670386
2,12,14,NaN
3,11,14,NaN
2,12,14,NaN
3,11,14,0.9746285957804892
4,10,14,0.012229747755694775
3,11,14,0.0004730333251891964
3,11,14,0.008498469416456992
1,13,14,0.49517317979331793
4,10,14,0.41718013456084124
3,11,14,0.5399991833128603
2,12,14,0.0166649460871635
2,12,14,0.5399991833128603
3,11,14,0.3994536466045877
3,11,14,0.2520245107088042
2,12,14,NaN
1,13,14,0.07730957836924375
2,12,14,0.6311253596222562
3,11,14,0.5124272688404912
2,12,14,0.5865178779178963
1,13,14,0.18051831243523325
1,13,14,0.6734037797783934
2,12,14,0.18836607283458356
0,14,14,0.9724611621783242
0,14,14,NaN
0,14,14,0.3946156350870841
0,14,14,0.18051831243523325
0,14,14,0.5895676385542212
0,14,14,NaN
0,14,14,0.0320862846643805
0,14,14,NaN
0,14,14,0.0374716296453747
0,14,14,NaN
0,14,14,NaN
0,14,14,0.6311253596222562
0,14,14,0.017201984659045554
0,14,14,0.00038914669866381657
0,14,14,NaN
0,14,14,0.0889252594028693
0,14,14,0.01548395821125178
4,9,13,0.38762693292288547
9,4,13,0.3545890738916256
6,7,13,0.009138191808191554
3,10,13,0.028742087648697522
12,1,13,0.6138099633539917
10,3,13,0.9158013531976743
4,9,13,0.5865178779178963
7,6,13,NaN
10,3,13,0.7741525432089743
9,4,13,NaN
9,4,13,NaN
6,7,13,0.15681788281888331
6,7,13,0.24057453370157497
11,2,13,NaN
4,9,13,0.5399991833128603
5,8,13,NaN
4,9,13,0.021287296367873253
3,10,13,0.049784193691201066
9,4,13,NaN
5,8,13,NaN
3,10,13,NaN
11,2,13,0.5399991833128603
10,3,13,0.4169385719215516
7,6,13,0.13607587061668683
8,5,13,NaN
8,5,13,8.799096958237866e-12
10,3,13,0.9011477651240992
4,9,13,0.0836376418348111
4,9,13,0.7106302897733945
5,8,13,0.5399991833128603
3,10,13,1.3948765244319362e-7
8,5,13,0.1022633479497511
6,7,13,NaN
8,5,13,0.44219713889721535
8,5,13,0.22927029739554855
5,8,13,NaN
8,5,13,0.4721704042599275
8,5,13,0.1499504793410046
5,8,13,NaN
11,2,13,0.04284062892133536
10,3,13,NaN
6,7,13,0.7436042216854737
11,2,13,0.6734037797783934
11,2,13,0.5834708413174976
11,2,13,0.6734037797783934
1,12,13,0.0011220740194818589
7,6,13,0.01359631346573227
6,7,13,0.33018524426510415
6,7,13,NaN
9,4,13,0.722463740546841
6,7,13,0.0320862846643805
7,6,13,NaN
7,6,13,0.5064684507000686
5,8,13,0.6311253596222562
9,4,13,0.3545890738916256
10,3,13,NaN
13,0,13,NaN
7,6,13,0.16035303608761045
7,6,13,0.6311253596222562
5,8,13,0.2698031641303159
6,7,13,NaN
5,8,13,NaN
7,6,13,NaN
9,4,13,0.4479232155172413
6,7,13,0.7958415906839427
5,8,13,0.8842791248293348
9,4,13,0.4169385719215516
5,8,13,NaN
8,5,13,0.49517317979331793
2,11,13,0.5402841143406298
9,4,13,0.4572132279692693
9,4,13,0.08497054324415036
8,5,13,0.7450336490930568
6,7,13,NaN
2,11,13,NaN
6,7,13,0.5399991833128603
6,7,13,NaN
7,6,13,0.6135465939850144
9,4,13,1.7608381468207064e-5
7,6,13,0.1739837034620112
6,7,13,0.1346137565544935
1,12,13,0.06977509734875043
5,8,13,0.8835097519018215
7,6,13,0.2857990474640883
5,8,13,0.564635825515797
10,3,13,0.9589737556177308
5,8,13,0.5209776256424207
6,7,13,0.13607587061668683
4,9,13,0.0002861429142974132
6,7,13,0.5078524020812237
9,4,13,0.6311253596222562
4,9,13,NaN
8,5,13,0.026310293806452643
8,5,13,0.024557023582255356
8,5,13,0.5399991833128603
7,6,13,0.49517317979331793
4,9,13,NaN
10,3,13,0.5613022997753991
7,6,13,0.24057453370157497
9,4,13,0.990380674767816
7,6,13,0.24057453370157497
2,11,13,0.49517317979331793
7,6,13,0.259952718582329
6,7,13,NaN
7,6,13,0.6792691389693168
3,10,13,NaN
5,8,13,0.0889252594028693
5,8,13,NaN
9,4,13,0.6734037797783934
9,4,13,0.0044336323649539116
5,8,13,0.0076748195738226156
7,6,13,0.012186714615468134
7,6,13,NaN
7,6,13,NaN
9,4,13,0.12020091938071377
10,3,13,0.1022633479497511
10,3,13,0.847018481559038
5,8,13,0.5399991833128603
7,6,13,NaN
9,4,13,0.9811196105389223
10,3,13,0.15681788281888331
3,10,13,0.049784193691201066
3,10,13,0.43688516208519584
7,6,13,0.9158013531976743
6,7,13,NaN
12,1,13,0.847018481559038
7,6,13,0.0320862846643805
4,9,13,0.5865178779178963
10,3,13,0.02420793861740178
10,3,13,0.1187098235679931
10,3,13,0.1022633479497511
4,9,13,NaN
3,10,13,0.18216347177099396
8,5,13,0.7106302897733945
4,9,13,0.9604525435576103
9,4,13,NaN
8,5,13,0.9604525435576103
6,7,13,0.8431604751355066
6,7,13,NaN
8,5,13,0.04284062892133536
7,6,13,0.5865178779178963
7,6,13,0.12230697660774104
10,3,13,0.5508039820140815
11,2,13,0.034192608681754846
4,9,13,0.8073734646694097
11,2,13,0.9858284791076382
6,7,13,NaN
7,6,13,0.7729979933632203
5,8,13,NaN
9,4,13,NaN
9,4,13,NaN
7,6,13,0.9158013531976743
4,9,13,0.802297557591902
4,9,13,0.8673895283120647
4,9,13,0.7436042216854737
7,6,13,NaN
7,6,13,NaN
7,6,13,0.06043626071553166
6,7,13,0.017201984659045554
6,7,13,0.02420793861740178
4,9,13,NaN
9,4,13,0.7111355513428534
7,6,13,0.002475091654562026
4,9,13,0.31395395753854205
9,4,13,0.9409499775572661
6,7,13,0.929018891880075
6,7,13,NaN
4,9,13,0.20910819076120546
8,5,13,NaN
2,11,13,NaN
11,2,13,0.7348554722054095
5,8,13,0.9409499775572661
8,5,13,0.04570441747716557
8,5,13,NaN
8,5,13,0.7106302897733945
8,5,13,NaN
2,11,13,0.27711952186670386
5,8,13,0.027828197784382988
5,8,13,NaN
8,5,13,0.8842791248293348
5,8,13,0.1706547095271758
5,8,13,0.802297557591902
8,5,13,NaN
9,4,13,0.7436042216854737
9,4,13,0.5613022997753991
6,7,13,0.07730957836924375
7,6,13,0.25753380360321637
10,3,13,0.5865178779178963
12,1,13,0.8682153573279627
6,7,13,0.0019806016948847537
12,1,13,1.9544031936631994e-5
5,8,13,0.18051831243523325
8,5,13,0.4479232155172413
2,11,13,0.9676842886660223
3,10,13,0.24812628712268797
3,10,13,NaN
8,5,13,0.31395395753854205
6,7,13,0.9158013531976743
7,6,13,0.4479232155172413
11,2,13,0.547263464640608
7,6,13,0.6474221579054447
2,11,13,NaN
2,11,13,0.221570741190934
5,8,13,0.5865178779178963
8,5,13,NaN
4,9,13,0.8916232459805725
12,1,13,0.31395395753854205
5,8,13,0.049784193691201066
4,9,13,0.5865178779178963
8,5,13,0.27711952186670386
7,6,13,2.1596056566111805e-8
6,7,13,0.06733047183748836
2,11,13,0.004739490636704777
5,8,13,0.20910819076120546
8,5,13,0.27711952186670386
6,7,13,0.24057453370157497
4,9,13,NaN
2,11,13,0.0889252594028693
6,7,13,NaN
11,2,13,0.0320862846643805
8,5,13,0.021636380766360763
7,6,13,0.07730957836924375
8,5,13,0.47838670290825897
8,5,13,0.004544320441185543
9,4,13,NaN
10,3,13,0.3545890738916256
9,4,13,0.5428447345555039
7,6,13,0.0006075068321477692
9,4,13,0.4553662440481507
4,9,13,NaN
3,10,13,NaN
6,7,13,0.31395395753854205
8,5,13,0.009138191808191554
5,8,13,0.31395395753854205
4,9,13,0.7106302897733945
2,11,13,0.007549025419144898
6,7,13,NaN
7,6,13,0.06733047183748836
10,3,13,0.27284564000652883
10,3,13,0.0013279088627220139
3,10,13,0.011047818937889234
6,7,13,0.1187098235679931
2,11,13,0.8673895283120647
3,10,13,0.5399991833128603
6,7,13,NaN
11,2,13,NaN
5,8,13,NaN
5,8,13,NaN
3,10,13,7.327724393356403e-5
6,7,13,0.2670037428306087
6,7,13,NaN
4,9,13,0.7741525432089743
4,9,13,NaN
7,6,13,0.30866741822987837
5,8,13,0.06972629879132873
6,7,13,0.36994740259151476
5,8,13,0.9923553624367946
6,7,13,NaN
3,10,13,NaN
4,9,13,NaN
9,4,13,0.8073734646694097
4,9,13,NaN
4,9,13,0.0889252594028693
7,6,13,0.8257152214189352
2,11,13,0.802297557591902
5,8,13,0.0320862846643805
5,8,13,0.5970890032424567
4,9,13,0.5399991833128603
3,10,13,0.9280144506223575
7,6,13,0.8705989613334273
3,10,13,0.5210532687769253
6,7,13,0.1022633479497511
6,7,13,0.13085069830502122
2,11,13,0.8257152214189352
6,7,13,NaN
8,5,13,0.0889252594028693
10,3,13,0.5399991833128603
5,8,13,NaN
1,12,13,NaN
3,10,13,NaN
2,11,13,NaN
8,5,13,0.27711952186670386
7,6,13,NaN
3,10,13,0.12833603441211813
7,6,13,0.018930834128310932
9,4,13,NaN
10,3,13,0.009950622287126006
5,8,13,0.11926135316002542
3,10,13,0.6734037797783934
7,6,13,0.15681788281888331
4,9,13,0.05777681313131297
3,10,13,0.5647541937103387
9,4,13,0.10696752728982803
4,9,13,0.5399991833128603
6,7,13,0.0653382745206518
1,12,13,NaN
11,2,13,0.07837341500249818
8,5,13,NaN
3,10,13,NaN
9,4,13,0.50802956187423
10,3,13,0.21152300415773465
1,12,13,0.7729979933632203
7,6,13,NaN
6,7,13,0.6654370120501313
4,9,13,0.07905101138978846
7,6,13,0.3545890738916256
6,7,13,0.6772739780876249
5,8,13,0.6398370828519593
3,10,13,0.006204575671570282
8,5,13,0.11270721475555845
5,8,13,0.49517317979331793
5,8,13,0.026885068219257145
2,11,13,0.3545890738916256
8,5,13,NaN
6,7,13,0.24057453370157497
3,10,13,0.013138467018580544
5,8,13,0.2654889347984894
9,4,13,NaN
2,11,13,0.043376302373455446
7,6,13,0.6188341660168387
8,5,13,2.0687771171724444e-5
4,9,13,NaN
9,4,13,0.10602778376816617
4,9,13,0.8231058106028638
5,8,13,0.6701582494811061
1,12,13,0.5865178779178963
6,7,13,0.18051831243523325
5,8,13,NaN
3,10,13,NaN
2,11,13,0.10336094210701777
7,6,13,0.27711952186670386
4,9,13,0.6608204223903167
3,10,13,0.20910819076120546
8,5,13,0.1187098235679931
3,10,13,0.41942898342535395
5,8,13,NaN
1,12,13,0.847018481559038
5,8,13,0.23858597950810656
5,8,13,NaN
6,7,13,NaN
3,10,13,0.802297557591902
6,7,13,0.13607587061668683
4,9,13,0.7741525432089743
1,12,13,0.03713138400000036
3,10,13,0.27711952186670386
5,8,13,0.18420063495491404
1,12,13,0.09997622749125687
4,9,13,0.1022633479497511
3,10,13,0.049784193691201066
6,7,13,NaN
3,10,13,0.05777681313131297
3,10,13,0.1889713046557174
1,12,13,NaN
6,7,13,0.7741525432089743
1,12,13,0.847018481559038
2,11,13,NaN
7,6,13,0.4479232155172413
4,9,13,NaN
1,12,13,0.0008803696156218685
3,10,13,NaN
1,12,13,0.32167621991195083
2,11,13,NaN
3,10,13,0.9858284791076382
4,9,13,NaN
3,10,13,0.006112602594340191
5,8,13,0.802297557591902
2,11,13,4.088663142483523e-6
1,12,13,NaN
2,11,13,0.18504179360171516
3,10,13,0.27711952186670386
4,9,13,0.3545890738916256
6,7,13,0.11209585076480322
3,10,13,NaN
2,11,13,0.7106302897733945
2,11,13,0.20910819076120546
1,12,13,0.49517317979331793
2,11,13,0.15681788281888331
1,12,13,0.7161757051475619
2,11,13,0.0320862846643805
2,11,13,0.21471265403289755
1,12,13,0.5399991833128603
1,12,13,0.008621076757482277
3,10,13,0.929018891880075
2,11,13,0.27711952186670386
1,12,13,0.0889252594028693
1,12,13,NaN
0,13,13,NaN
0,13,13,0.24057453370157497
0,13,13,NaN
0,13,13,NaN
0,13,13,NaN
0,13,13,NaN
0,13,13,0.11887834508786807
0,13,13,NaN
0,13,13,0.0014106742450718274
0,13,13,0.6311253596222562
0,13,13,0.7436042216854737
0,13,13,0.18051831243523325
0,13,13,0.6311253596222562
0,13,13,0.04237898212633336
0,13,13,NaN
0,13,13,0.6718262609273186
12,0,12,0.7741525432089743
8,4,12,0.6734037797783934
4,8,12,0.5195531016154473
9,3,12,0.9604525435576103
5,7,12,NaN
9,3,12,0.6734037797783934
9,3,12,NaN
7,5,12,0.8744255981088084
6,6,12,0.4479232155172413
8,4,12,0.27352236718258877
8,4,12,NaN
10,2,12,0.20910819076120546
9,3,12,0.0002861429142974132
5,7,12,NaN
11,1,12,0.07985602108733952
9,3,12,0.010608419543206312
12,0,12,2.2330242915150496e-6
3,9,12,0.24057453370157497
8,4,12,0.5823852683735672
9,3,12,0.2271955227593807
8,4,12,0.4051881662797076
4,8,12,0.6734037797783934
2,10,12,0.10057443797713904
5,7,12,0.15681788281888331
2,10,12,NaN
6,6,12,0.3545890738916256
5,7,12,0.02420793861740178
9,3,12,0.24057453370157497
11,1,12,0.6174590899869631
7,5,12,0.802297557591902
6,6,12,0.020129197956924628
10,2,12,NaN
4,8,12,0.7106302897733945
11,1,12,0.05777681313131297
3,9,12,0.8673895283120647
5,7,12,NaN
5,7,12,NaN
6,6,12,NaN
8,4,12,NaN
4,8,12,0.847018481559038
9,3,12,0.9900991748216604
7,5,12,0.9509474090073529
7,5,12,NaN
2,10,12,0.5399991833128603
4,8,12,NaN
12,0,12,0.22450085777465598
5,7,12,0.9364598905086755
10,2,12,0.3165106765538592
7,5,12,NaN
8,4,12,NaN
6,6,12,0.15681788281888331
3,9,12,0.0982799400114692
6,6,12,NaN
10,2,12,NaN
3,9,12,0.6311253596222562
6,6,12,0.5399991833128603
7,5,12,0.09912846925676018
9,3,12,0.5095303157230737
7,5,12,0.6734037797783934
9,3,12,0.9158013531976743
6,6,12,0.0889252594028693
5,7,12,0.6257640919961532
3,9,12,0.6311253596222562
7,5,12,0.6795194321545605
5,7,12,0.6734037797783934
11,1,12,NaN
8,4,12,0.0889252594028693
10,2,12,NaN
3,9,12,0.2333387871845425
9,3,12,0.9364598905086755
4,8,12,NaN
3,9,12,0.10757242521487181
9,3,12,NaN
6,6,12,0.4479232155172413
4,8,12,NaN
2,10,12,0.24057453370157497
7,5,12,NaN
8,4,12,0.24057453370157497
7,5,12,0.002294552598303512
3,9,12,0.26998648824777627
10,2,12,0.03182898606380689
9,3,12,0.802297557591902
7,5,12,1.0106738311763365e-5
7,5,12,0.3547876049703248
6,6,12,0.5631028661279108
1,11,12,NaN
8,4,12,NaN
8,4,12,0.536198119668518
11,1,12,0.004879723909432698
8,4,12,0.0037032476345745463
5,7,12,0.03953677470075383
2,10,12,NaN
5,7,12,0.5502470116853265
4,8,12,NaN
8,4,12,NaN
1,11,12,NaN
7,5,12,3.0139955622404478e-5
10,2,12,0.20910819076120546
8,4,12,0.557568162282079
4,8,12,NaN
9,3,12,NaN
4,8,12,0.847018481559038
12,0,12,0.49517317979331793
2,10,12,0.20672575247681282
8,4,12,0.6794847121148815
6,6,12,NaN
6,6,12,0.0320862846643805
10,2,12,0.18535188839882463
4,8,12,0.0889252594028693
6,6,12,0.06733047183748836
4,8,12,0.07105021381040358
9,3,12,0.9604525435576103
10,2,12,NaN
9,3,12,0.18051831243523325
7,5,12,0.6324920236433761
6,6,12,NaN
1,11,12,NaN
7,5,12,NaN
4,8,12,NaN
4,8,12,NaN
6,6,12,NaN
8,4,12,0.045275196230334665
10,2,12,0.5399991833128603
9,3,12,NaN
4,8,12,0.20073758561351102
9,3,12,0.7106302897733945
6,6,12,NaN
5,7,12,NaN
5,7,12,NaN
3,9,12,0.01672790430029136
4,8,12,0.6311253596222562
2,10,12,0.4774242792259531
3,9,12,0.847018481559038
4,8,12,0.7436042216854737
7,5,12,0.047237805464680246
8,4,12,NaN
7,5,12,0.8823976914786089
5,7,12,0.017959370146063955
4,8,12,NaN
5,7,12,0.847018481559038
6,6,12,0.021856114524899453
7,5,12,0.6759354850992831
9,3,12,NaN
4,8,12,0.027439566467825582
6,6,12,0.0013155157324639068
4,8,12,NaN
8,4,12,0.027828197784382988
9,3,12,NaN
1,11,12,NaN
11,1,12,NaN
9,3,12,0.0033222424293639697
6,6,12,0.2673030954583478
2,10,12,0.058675167089273776
9,3,12,0.2728941054519977
7,5,12,0.5399991833128603
1,11,12,0.8257152214189352
10,2,12,0.7588145605394704
2,10,12,0.0889252594028693
12,0,12,0.5221370696900629
3,9,12,NaN
9,3,12,0.49517317979331793
5,7,12,NaN
11,1,12,NaN
9,3,12,0.4479232155172413
11,1,12,0.896733602986344
3,9,12,NaN
10,2,12,NaN
6,6,12,0.23113862824297918
4,8,12,0.018626364365310927
5,7,12,0.4174118784547798
10,2,12,0.017959370146063955
7,5,12,0.8705989613334273
1,11,12,0.5399991833128603
7,5,12,0.3994536466045877
8,4,12,NaN
9,3,12,0.49517317979331793
4,8,12,0.08992476712323942
6,6,12,0.022540643437576585
7,5,12,NaN
11,1,12,0.07730957836924375
6,6,12,0.7621287426328178
5,7,12,0.31395395753854205
2,10,12,NaN
7,5,12,0.13607587061668683
10,2,12,0.9011477651240992
6,6,12,7.481229877736896e-7
5,7,12,0.17336750668651882
3,9,12,0.5865178779178963
7,5,12,0.4305422823133559
2,10,12,0.0034530135677171584
3,9,12,NaN
4,8,12,0.13607587061668683
5,7,12,0.5399991833128603
2,10,12,6.601558107363504e-7
7,5,12,0.5399991833128603
6,6,12,0.24057453370157497
3,9,12,0.02697690819770432
5,7,12,NaN
6,6,12,0.0982799400114692
1,11,12,NaN
8,4,12,0.004811988483686424
5,7,12,NaN
3,9,12,0.802297557591902
6,6,12,NaN
5,7,12,0.7106302897733945
12,0,12,0.34152049685622576
5,7,12,0.9931206258838684
2,10,12,0.3994536466045877
10,2,12,NaN
8,4,12,0.9105792348653033
4,8,12,0.9746285957804892
2,10,12,NaN
6,6,12,0.4479232155172413
7,5,12,NaN
5,7,12,0.5462371032671539
5,7,12,0.7436042216854737
5,7,12,0.09937014973704641
2,10,12,NaN
2,10,12,0.5865178779178963
6,6,12,NaN
6,6,12,0.04979964370718839
5,7,12,NaN
6,6,12,0.25429051393581453
6,6,12,NaN
6,6,12,NaN
5,7,12,NaN
7,5,12,NaN
3,9,12,NaN
5,7,12,0.1022633479497511
3,9,12,NaN
8,4,12,0.3267434053940641
6,6,12,0.6015590136238042
4,8,12,0.5143473870385556
4,8,12,0.012341840445039736
6,6,12,0.6732746936197619
2,10,12,0.0889252594028693
11,1,12,0.13607587061668683
8,4,12,NaN
4,8,12,0.1187098235679931
2,10,12,NaN
3,9,12,0.07992014627931604
9,3,12,0.005348516112748896
8,4,12,NaN
8,4,12,0.17185082452459752
5,7,12,NaN
9,3,12,0.38931361375058304
7,5,12,0.8257152214189352
5,7,12,0.2083857853824957
5,7,12,0.7436042216854737
2,10,12,0.49517317979331793
10,2,12,0.012926942381561383
8,4,12,0.0030853245536686287
4,8,12,0.8349796196169299
4,8,12,0.13607587061668683
4,8,12,0.31395395753854205
8,4,12,NaN
3,9,12,NaN
7,5,12,0.37732547248968396
6,6,12,NaN
5,7,12,0.49517317979331793
2,10,12,0.08577595901997749
4,8,12,NaN
8,4,12,0.9011477651240992
9,3,12,0.3916871069372724
2,10,12,0.3994536466045877
6,6,12,0.6734037797783934
10,2,12,0.06733047183748836
2,10,12,0.8257152214189352
7,5,12,0.3545890738916256
4,8,12,0.0889252594028693
5,7,12,0.5399991833128603
4,8,12,NaN
2,10,12,0.7741525432089743
6,6,12,0.802297557591902
6,6,12,0.18051831243523325
3,9,12,0.0008690416202194589
9,3,12,0.27711952186670386
4,8,12,0.06464846635392987
3,9,12,NaN
5,7,12,0.1187098235679931
5,7,12,NaN
2,10,12,0.9246277384003604
7,5,12,NaN
6,6,12,0.9011477651240992
5,7,12,NaN
2,10,12,NaN
5,7,12,0.012926942381561383
5,7,12,0.0006835948717715585
3,9,12,0.8608510723820447
2,10,12,NaN
8,4,12,0.20900634802789106
6,6,12,0.038382526346251944
4,8,12,0.7509190899207949
3,9,12,0.0025557127178991662
4,8,12,NaN
3,9,12,0.4479232155172413
5,7,12,0.011205640027579804
9,3,12,0.5870368682448913
7,5,12,0.49517317979331793
4,8,12,0.5865178779178963
6,6,12,0.7741525432089743
4,8,12,0.023024090599436005
4,8,12,0.8842791248293348
5,7,12,NaN
5,7,12,NaN
5,7,12,NaN
5,7,12,0.03401660980323847
2,10,12,0.05777681313131297
10,2,12,0.7741525432089743
3,9,12,0.13607587061668683
9,3,12,0.0020474890389727655
7,5,12,0.00041938593831503346
3,9,12,0.04284062892133536
5,7,12,0.9942982452701703
9,3,12,0.9676842886660223
4,8,12,0.54139181216883
6,6,12,0.4474969764154322
6,6,12,0.5399991833128603
5,7,12,0.01698006973003505
5,7,12,NaN
5,7,12,0.0320862846643805
7,5,12,4.228792447108182e-6
9,3,12,0.9409499775572661
6,6,12,0.7106302897733945
5,7,12,0.49517317979331793
3,9,12,0.05255458080528323
2,10,12,NaN
6,6,12,0.15935012983008462
6,6,12,0.7498254668311695
5,7,12,0.5865178779178963
8,4,12,NaN
5,7,12,NaN
5,7,12,NaN
3,9,12,0.0014131807249523165
10,2,12,0.9676842886660223
9,3,12,NaN
2,10,12,0.5865178779178963
5,7,12,NaN
2,10,12,0.39307424853806144
3,9,12,NaN
6,6,12,0.27711952186670386
7,5,12,0.9604525435576103
2,10,12,0.5399991833128603
10,2,12,NaN
3,9,12,0.7268334391585736
5,7,12,0.9527480257363962
5,7,12,0.13743650121549944
6,6,12,0.20910819076120546
2,10,12,0.4479232155172413
10,2,12,0.0889252594028693
4,8,12,NaN
2,10,12,0.13607587061668683
3,9,12,NaN
1,11,12,0.13607587061668683
7,5,12,NaN
5,7,12,0.0768958706114303
4,8,12,1.0931030814617847e-10
1,11,12,NaN
7,5,12,0.7741525432089743
5,7,12,0.08591346897302456
7,5,12,0.8842791248293348
3,9,12,NaN
8,4,12,0.3994536466045877
3,9,12,0.5865178779178963
3,9,12,0.0768958706114303
8,4,12,0.20910819076120546
3,9,12,NaN
2,10,12,0.0033040285071258535
5,7,12,0.31395395753854205
3,9,12,0.8842791248293348
3,9,12,0.3207723491288853
10,2,12,NaN
2,10,12,0.9893409295121445
5,7,12,NaN
2,10,12,0.7806044412912094
7,5,12,0.6311253596222562
3,9,12,0.24763932860721807
6,6,12,0.04284062892133536
6,6,12,NaN
7,5,12,NaN
3,9,12,0.929018891880075
4,8,12,0.05777681313131297
6,6,12,NaN
4,8,12,0.4479232155172413
10,2,12,0.009138191808191554
11,1,12,NaN
9,3,12,0.31395395753854205
4,8,12,0.7436042216854737
4,8,12,0.054383367630801746
7,5,12,0.1022633479497511
3,9,12,0.26998648824777627
3,9,12,0.0033040285071258535
5,7,12,0.6685170707645344
3,9,12,0.40372516987764984
8,4,12,0.31395395753854205
8,4,12,0.7106302897733945
7,5,12,0.49517317979331793
3,9,12,NaN
5,7,12,0.25031828148435015
5,7,12,0.0010165931335464392
7,5,12,0.014231903965098018
1,11,12,0.05195511129347867
6,6,12,0.397679577181056
6,6,12,0.0020984499240491116
3,9,12,NaN
5,7,12,0.9158013531976743
7,5,12,0.11802676656449007
4,8,12,NaN
5,7,12,0.49517317979331793
7,5,12,NaN
3,9,12,0.03713138400000036
4,8,12,NaN
3,9,12,0.20910819076120546
1,11,12,0.16298327554534056
4,8,12,NaN
4,8,12,0.06821646514621428
4,8,12,0.8345658875436348
3,9,12,0.7048479727876701
5,7,12,0.9158013531976743
5,7,12,0.31395395753854205
7,5,12,0.3545890738916256
4,8,12,0.5865178779178963
6,6,12,0.9811196105389223
5,7,12,0.847018481559038
4,8,12,0.24763932860721807
5,7,12,0.802297557591902
4,8,12,0.847018481559038
5,7,12,NaN
4,8,12,NaN
1,11,12,NaN
3,9,12,0.5399991833128603
3,9,12,0.6734037797783934
4,8,12,0.012586202489821901
3,9,12,0.8673895283120647
7,5,12,0.6311253596222562
2,10,12,0.054544083210231305
9,3,12,0.49517317979331793
3,9,12,0.9364598905086755
3,9,12,0.20910819076120546
2,10,12,0.06733047183748836
2,10,12,NaN
6,6,12,0.20910819076120546
1,11,12,NaN
3,9,12,0.6734037797783934
5,7,12,NaN
2,10,12,0.05777681313131297
5,7,12,0.7436042216854737
1,11,12,NaN
1,11,12,0.04284062892133536
1,11,12,0.18051831243523325
4,8,12,0.802297557591902
4,8,12,0.18051831243523325
1,11,12,0.11051517240909063
5,7,12,0.10852719289905029
3,9,12,0.7106302897733945
4,8,12,NaN
5,7,12,0.18051831243523325
3,9,12,0.3545890738916256
6,6,12,0.1187098235679931
2,10,12,0.21173138101019265
2,10,12,0.017959370146063955
3,9,12,0.13607587061668683
2,10,12,0.08391060376046548
2,10,12,0.7106302897733945
3,9,12,0.20910819076120546
3,9,12,0.10705286665462334
2,10,12,0.473374879059611
3,9,12,0.689234193689413
2,10,12,0.3545890738916256
2,10,12,NaN
3,9,12,NaN
1,11,12,NaN
2,10,12,0.5487715214966498
1,11,12,NaN
2,10,12,0.049784193691201066
2,10,12,0.9696534707707549
4,8,12,0.009138191808191554
3,9,12,NaN
1,11,12,0.24057453370157497
2,10,12,0.1791381888611688
3,9,12,NaN
2,10,12,NaN
2,10,12,0.7741525432089743
3,9,12,0.4042577368255795
1,11,12,NaN
1,11,12,0.8842791248293348
1,11,12,0.02097058734344152
1,11,12,0.20910819076120546
3,9,12,NaN
1,11,12,0.15681788281888331
2,10,12,0.610472830182131
1,11,12,0.5221370696900629
1,11,12,NaN
1,11,12,0.02420793861740178
1,11,12,2.9423329040227522e-5
1,11,12,0.010777834245389788
1,11,12,0.009412690158933196
1,11,12,0.5399991833128603
0,12,12,0.8257152214189352
0,12,12,0.15750612934117547
0,12,12,0.015565671711291711
0,12,12,NaN
0,12,12,NaN
0,12,12,0.049784193691201066
0,12,12,NaN
0,12,12,0.07730957836924375
0,12,12,NaN
0,12,12,0.7741525432089743
0,12,12,0.929018891880075
0,12,12,NaN
0,12,12,0.7436042216854737
4,7,11,NaN
5,6,11,0.5399991833128603
8,3,11,NaN
7,4,11,0.08043966319786441
7,4,11,0.027828197784382988
9,2,11,0.5865178779178963
2,9,11,NaN
4,7,11,0.929018891880075
6,5,11,4.1386191295749904e-5
6,5,11,NaN
9,2,11,0.3413238133597514
5,6,11,0.49517317979331793
9,2,11,NaN
6,5,11,0.04284062892133536
1,10,11,0.0880850245194885
7,4,11,0.4479232155172413
9,2,11,0.6311253596222562
10,1,11,NaN
7,4,11,0.802297557591902
5,6,11,NaN
5,6,11,NaN
3,8,11,NaN
4,7,11,0.13607587061668683
2,9,11,NaN
5,6,11,NaN
7,4,11,0.7436042216854737
4,7,11,0.3545890738916256
8,3,11,0.005351740816542859
4,7,11,0.24057453370157497
5,6,11,0.7436042216854737
8,3,11,0.6734037797783934
3,8,11,0.049784193691201066
2,9,11,0.0018390193074979463
7,4,11,0.7436042216854737
5,6,11,0.3994536466045877
6,5,11,NaN
2,9,11,0.6734037797783934
7,4,11,NaN
3,8,11,NaN
8,3,11,NaN
9,2,11,0.929018891880075
4,7,11,0.01359631346573227
7,4,11,0.018450013393574233
7,4,11,2.4789646906945288e-5
3,8,11,NaN
8,3,11,3.826417143694304e-5
10,1,11,0.0006386665326483708
5,6,11,NaN
11,0,11,NaN
8,3,11,2.553221598348429e-6
7,4,11,NaN
9,2,11,0.301560206201855
6,5,11,0.4479232155172413
6,5,11,0.20760733604206238
3,8,11,0.20487207169471564
10,1,11,0.016216533876506404
7,4,11,NaN
3,8,11,0.3031205569789954
6,5,11,0.7436042216854737
2,9,11,0.5399991833128603
5,6,11,NaN
8,3,11,0.7679723278790678
9,2,11,NaN
7,4,11,0.11771683208733577
9,2,11,0.31395395753854205
4,7,11,NaN
9,2,11,0.847018481559038
8,3,11,0.49517317979331793
8,3,11,0.3545890738916256
5,6,11,0.7436042216854737
4,7,11,0.8601710809909467
4,7,11,0.6734037797783934
7,4,11,NaN
7,4,11,0.07730957836924375
2,9,11,0.06733047183748836
3,8,11,0.31395395753854205
6,5,11,0.4830140445946378
1,10,11,NaN
10,1,11,NaN
8,3,11,0.21432695628573442
8,3,11,0.5079653418456461
3,8,11,0.05777681313131297
6,5,11,NaN
5,6,11,0.9676842886660223
4,7,11,0.3930159937208048
7,4,11,0.3207723491288853
5,6,11,NaN
9,2,11,NaN
6,5,11,0.4830140445946378
2,9,11,0.13607587061668683
3,8,11,0.6311253596222562
2,9,11,0.8673895283120647
6,5,11,NaN
2,9,11,NaN
6,5,11,0.3545890738916256
5,6,11,0.3994536466045877
4,7,11,NaN
5,6,11,NaN
8,3,11,0.41718013456084124
5,6,11,NaN
9,2,11,NaN
4,7,11,NaN
5,6,11,0.5399991833128603
5,6,11,0.24057453370157497
5,6,11,NaN
4,7,11,0.0007530608122929553
7,4,11,0.0037397798875086117
6,5,11,NaN
5,6,11,0.3545890738916256
6,5,11,0.9509474090073529
6,5,11,0.20164585339679225
2,9,11,0.01975546445690943
7,4,11,0.9509474090073529
8,3,11,NaN
5,6,11,0.3994536466045877
9,2,11,NaN
6,5,11,0.7106302897733945
5,6,11,0.004133260510515663
4,7,11,0.10225462144130522
5,6,11,0.49383211134813776
7,4,11,0.6311253596222562
7,4,11,NaN
8,3,11,0.017630827108333906
5,6,11,0.802297557591902
7,4,11,NaN
5,6,11,0.04441696734606198
5,6,11,0.013309163839629611
5,6,11,0.8257152214189352
4,7,11,0.9011477651240992
5,6,11,NaN
10,1,11,0.18051831243523325
7,4,11,0.2079818422103315
4,7,11,NaN
3,8,11,0.13607587061668683
8,3,11,0.24057453370157497
2,9,11,0.3994536466045877
5,6,11,0.0243068717138485
8,3,11,0.15681788281888331
8,3,11,0.07730957836924375
6,5,11,0.6633925540188512
2,9,11,0.08591346897302456
6,5,11,0.9858284791076382
4,7,11,1.8536414517076622e-6
8,3,11,0.0602887026616088
4,7,11,NaN
5,6,11,0.41718013456084124
9,2,11,0.07283244215160087
3,8,11,0.49517317979331793
8,3,11,0.1022633479497511
3,8,11,NaN
5,6,11,0.33018524426510415
3,8,11,0.07730957836924375
8,3,11,0.0033040285071258535
6,5,11,0.6734037797783934
3,8,11,NaN
10,1,11,0.012497774037890796
3,8,11,NaN
4,7,11,NaN
1,10,11,0.6685170707645344
8,3,11,0.017959370146063955
6,5,11,NaN
6,5,11,0.04315367441698566
3,8,11,0.3380276557355201
5,6,11,0.924180631043203
5,6,11,NaN
11,0,11,0.30680457576047887
4,7,11,0.44609282018508495
4,7,11,0.6311253596222562
6,5,11,0.14485731533107135
9,2,11,0.5202059197157263
6,5,11,0.7106302897733945
5,6,11,NaN
7,4,11,0.0889252594028693
5,6,11,0.07730957836924375
4,7,11,0.847018481559038
1,10,11,NaN
4,7,11,0.20164585339679225
4,7,11,NaN
3,8,11,0.15681788281888331
4,7,11,0.802297557591902
6,5,11,NaN
6,5,11,NaN
8,3,11,2.8650268491452993e-5
6,5,11,0.03544737210194916
6,5,11,0.06733047183748836
3,8,11,NaN
6,5,11,NaN
9,2,11,NaN
6,5,11,0.847018481559038
3,8,11,NaN
7,4,11,NaN
11,0,11,0.0010244190064805062
7,4,11,0.13384055867286646
7,4,11,0.6311253596222562
1,10,11,0.4883861072848967
10,1,11,0.27711952186670386
9,2,11,0.04025719114555524
5,6,11,NaN
6,5,11,NaN
6,5,11,NaN
10,1,11,NaN
8,3,11,0.10852719289905029
4,7,11,NaN
2,9,11,0.27711952186670386
6,5,11,NaN
9,2,11,0.9011477651240992
8,3,11,0.0011859158654673138
5,6,11,0.5282761115866199
9,2,11,NaN
3,8,11,NaN
7,4,11,0.3545890738916256
3,8,11,0.001977808451430107
5,6,11,0.23456027434338775
5,6,11,0.13607587061668683
6,5,11,NaN
5,6,11,0.15681788281888331
5,6,11,0.05175896916785476
6,5,11,NaN
5,6,11,0.15681788281888331
4,7,11,0.9011477651240992
7,4,11,0.9924416780949618
5,6,11,0.07730957836924375
1,10,11,0.802297557591902
2,9,11,0.4479232155172413
9,2,11,NaN
6,5,11,0.41792554775442825
7,4,11,0.8842791248293348
10,1,11,NaN
6,5,11,0.49517317979331793
5,6,11,0.027828197784382988
4,7,11,0.04831344044460559
8,3,11,7.035590332201688e-7
9,2,11,0.007311268131249782
10,1,11,0.6311253596222562
7,4,11,0.6734037797783934
10,1,11,0.30866741822987837
5,6,11,NaN
2,9,11,0.6734037797783934
6,5,11,0.31395395753854205
6,5,11,0.07730957836924375
4,7,11,0.49517317979331793
2,9,11,0.05777681313131297
4,7,11,0.7106302897733945
6,5,11,NaN
9,2,11,0.07730957836924375
4,7,11,0.847018481559038
4,7,11,0.6311253596222562
6,5,11,NaN
5,6,11,NaN
7,4,11,0.30199864474477617
3,8,11,0.9577800769943713
2,9,11,NaN
4,7,11,0.9858284791076382
3,8,11,NaN
4,7,11,NaN
9,2,11,0.06733047183748836
7,4,11,NaN
6,5,11,0.9357616665687691
2,9,11,0.3994536466045877
6,5,11,0.5399991833128603
5,6,11,0.13901172506332965
2,9,11,0.8804414480715783
2,9,11,0.6311253596222562
1,10,11,0.26998648824777627
5,6,11,0.24057453370157497
6,5,11,NaN
9,2,11,5.093188420030144e-6
2,9,11,0.4969744917141452
4,7,11,0.047237805464680246
9,2,11,NaN
3,8,11,0.1187098235679931
3,8,11,NaN
5,6,11,0.5957238606932879
4,7,11,0.8362636169400975
8,3,11,0.9509474090073529
2,9,11,NaN
9,2,11,0.8842791248293348
4,7,11,0.6334012210484542
3,8,11,0.6896071092641849
9,2,11,0.2006053200501795
5,6,11,NaN
6,5,11,0.5865178779178963
10,1,11,NaN
7,4,11,0.5862096085257011
5,6,11,0.0011000037173982326
5,6,11,NaN
4,7,11,NaN
8,3,11,0.0002734769276301449
8,3,11,0.018626364365310927
3,8,11,0.003366009900797684
2,9,11,NaN
7,4,11,0.8266235275169481
7,4,11,NaN
7,4,11,0.7629999240852531
3,8,11,0.7106302897733945
1,10,11,NaN
3,8,11,0.47555674433736334
5,6,11,NaN
4,7,11,8.349166599295423e-8
5,6,11,NaN
5,6,11,0.24057453370157497
9,2,11,0.39954066197714494
9,2,11,0.00016930577492604962
9,2,11,0.028623565198457112
4,7,11,0.006984773294876425
5,6,11,NaN
2,9,11,0.7106302897733945
8,3,11,0.8673895283120647
7,4,11,0.802297557591902
4,7,11,NaN
4,7,11,0.03388916665865042
5,6,11,NaN
2,9,11,0.5399991833128603
4,7,11,NaN
7,4,11,0.30425682077345656
7,4,11,NaN
3,8,11,0.20267984450009258
4,7,11,NaN
4,7,11,NaN
3,8,11,0.31395395753854205
8,3,11,0.04196087798275571
4,7,11,0.06733047183748836
4,7,11,0.3545890738916256
7,4,11,0.802297557591902
7,4,11,0.06519380550605179
8,3,11,NaN
5,6,11,0.3331003974953347
2,9,11,NaN
6,5,11,6.756436632606275e-5
5,6,11,0.023771133629773022
2,9,11,NaN
5,6,11,0.0889252594028693
5,6,11,0.13607587061668683
7,4,11,0.8598814536924113
1,10,11,NaN
4,7,11,0.572312173263947
6,5,11,NaN
9,2,11,4.065041637893888e-7
3,8,11,NaN
3,8,11,0.18051831243523325
5,6,11,NaN
3,8,11,0.5865178779178963
5,6,11,0.6398370828519593
6,5,11,0.7414784107351421
3,8,11,0.059766405512303396
2,9,11,0.4479232155172413
5,6,11,0.1187098235679931
7,4,11,0.3545890738916256
7,4,11,NaN
6,5,11,0.7964363730309623
4,7,11,NaN
8,3,11,0.6431456709146658
8,3,11,0.31395395753854205
4,7,11,NaN
2,9,11,0.9811196105389223
5,6,11,0.49517317979331793
2,9,11,0.058989383080515635
9,2,11,NaN
4,7,11,NaN
3,8,11,0.03713138400000036
7,4,11,0.7569017638789077
2,9,11,NaN
3,8,11,0.7798224917170102
6,5,11,NaN
4,7,11,0.05777681313131297
3,8,11,0.8501941631285298
9,2,11,NaN
7,4,11,0.0055745501953784575
3,8,11,NaN
2,9,11,0.0059901339247758765
4,7,11,0.002065345856606978
11,0,11,NaN
5,6,11,0.21316343955198905
2,9,11,0.3545890738916256
5,6,11,NaN
1,10,11,NaN
6,5,11,0.5679594667844591
1,10,11,0.04035333532585377
7,4,11,0.9420799295933394
5,6,11,0.06733047183748836
6,5,11,0.5865178779178963
4,7,11,NaN
5,6,11,2.455150201664613e-5
6,5,11,0.8257152214189352
3,8,11,0.27352236718258877
3,8,11,0.13607587061668683
7,4,11,0.27711952186670386
5,6,11,NaN
1,10,11,0.7106302897733945
5,6,11,0.31395395753854205
6,5,11,0.1022633479497511
5,6,11,0.27711952186670386
6,5,11,0.040587612222940765
4,7,11,NaN
7,4,11,NaN
5,6,11,0.2997648410623781
6,5,11,NaN
6,5,11,0.7106302897733945
7,4,11,0.11464055397096506
5,6,11,0.3545890738916256
2,9,11,0.31395395753854205
3,8,11,NaN
3,8,11,NaN
3,8,11,0.7850759116808317
3,8,11,NaN
4,7,11,0.6334299935592971
9,2,11,NaN
2,9,11,0.3994536466045877
2,9,11,0.7450336490930568
3,8,11,0.013970557084557102
4,7,11,0.3545890738916256
9,2,11,0.06733047183748836
5,6,11,0.07730957836924375
7,4,11,0.044928271755372846
2,9,11,0.07730957836924375
4,7,11,0.3440130100128841
4,7,11,NaN
4,7,11,NaN
1,10,11,NaN
3,8,11,0.41792554775442825
3,8,11,NaN
3,8,11,0.13607587061668683
9,2,11,0.8842791248293348
2,9,11,0.18051831243523325
2,9,11,NaN
2,9,11,0.12774161709443002
7,4,11,0.397679577181056
10,1,11,NaN
4,7,11,0.4479232155172413
6,5,11,NaN
1,10,11,NaN
4,7,11,NaN
5,6,11,0.3001821688532571
3,8,11,0.9584509342702557
8,3,11,0.0064844468770125785
8,3,11,0.39930688570190925
4,7,11,0.024291712918871975
7,4,11,0.15681788281888331
2,9,11,0.10026000239057363
2,9,11,NaN
5,6,11,0.8257152214189352
4,7,11,0.6311253596222562
3,8,11,0.7909235850939923
5,6,11,NaN
9,2,11,NaN
9,2,11,0.06733047183748836
9,2,11,0.24057453370157497
2,9,11,0.9158013531976743
2,9,11,0.9158013531976743
3,8,11,0.1187098235679931
5,6,11,0.3994536466045877
1,10,11,0.1972644552091674
7,4,11,0.904099743914165
3,8,11,0.025337620105532647
4,7,11,NaN
7,4,11,NaN
1,10,11,0.8608510723820447
5,6,11,NaN
1,10,11,NaN
5,6,11,0.7436042216854737
4,7,11,0.15551086269567715
3,8,11,0.8257152214189352
3,8,11,0.7228505724295148
5,6,11,0.015565671711291711
6,5,11,0.6454002681851354
2,9,11,0.4479232155172413
7,4,11,0.0008050979715469509
5,6,11,NaN
5,6,11,0.012740811710106192
1,10,11,NaN
7,4,11,0.5399991833128603
7,4,11,0.1187098235679931
2,9,11,NaN
1,10,11,NaN
4,7,11,0.41702137231805236
5,6,11,0.21295555389246984
7,4,11,0.820375357740525
7,4,11,NaN
2,9,11,NaN
3,8,11,0.49517317979331793
6,5,11,0.3994536466045877
2,9,11,0.8842791248293348
5,6,11,NaN
4,7,11,NaN
3,8,11,0.6311253596222562
4,7,11,0.02420793861740178
3,8,11,NaN
4,7,11,0.31395395753854205
2,9,11,0.3997994426593187
2,9,11,0.9811196105389223
3,8,11,NaN
4,7,11,0.010777834245389788
4,7,11,0.20910819076120546
3,8,11,3.450871415672742e-7
3,8,11,0.31395395753854205
6,5,11,NaN
2,9,11,0.6759354850992831
9,2,11,0.1455734597722539
1,10,11,0.027828197784382988
2,9,11,0.6311253596222562
3,8,11,NaN
3,8,11,0.9409499775572661
6,5,11,0.5865178779178963
1,10,11,NaN
2,9,11,0.1187098235679931
5,6,11,0.7741525432089743
5,6,11,0.574438736956083
1,10,11,NaN
2,9,11,0.9281277588618599
2,9,11,0.33090429555022055
4,7,11,NaN
2,9,11,0.4479232155172413
1,10,11,0.5399991833128603
3,8,11,NaN
5,6,11,NaN
4,7,11,0.3994536466045877
3,8,11,0.7268334391585736
3,8,11,NaN
2,9,11,NaN
4,7,11,0.6311253596222562
4,7,11,0.024543966853271797
1,10,11,NaN
3,8,11,0.7741525432089743
3,8,11,0.9364598905086755
2,9,11,0.929018891880075
3,8,11,0.2672631005041597
2,9,11,0.9011477651240992
2,9,11,NaN
3,8,11,0.8758822681098553
1,10,11,NaN
2,9,11,0.049784193691201066
1,10,11,0.8257152214189352
2,9,11,0.6311253596222562
2,9,11,0.3674078676573361
1,10,11,0.7855902704072938
2,9,11,0.3994536466045877
2,9,11,NaN
1,10,11,0.4479232155172413
4,7,11,0.0320862846643805
2,9,11,0.9723282420734918
6,5,11,0.27711952186670386
2,9,11,0.3453717978906998
3,8,11,0.07187230853817929
2,9,11,0.04284062892133536
1,10,11,NaN
1,10,11,0.8234909586676108
1,10,11,NaN
1,10,11,NaN
1,10,11,0.18156332011028378
1,10,11,NaN
0,11,11,NaN
0,11,11,NaN
0,11,11,0.02109375132508799
0,11,11,NaN
0,11,11,NaN
0,11,11,0.8257152214189352
0,11,11,0.3545890738916256
0,11,11,0.0025185851725234285
0,11,11,NaN
0,11,11,NaN
0,11,11,0.03713138400000036
0,11,11,NaN
0,11,11,NaN
0,11,11,NaN
0,11,11,0.3994536466045877
0,11,11,NaN
0,11,11,NaN
0,11,11,0.0889252594028693
0,11,11,NaN
0,11,11,0.18051831243523325
7,3,10,0.7106302897733945
2,8,10,0.929018891880075
5,5,10,NaN
6,4,10,0.002264900704489512
4,6,10,0.33018524426510415
6,4,10,NaN
8,2,10,0.802297557591902
6,4,10,0.18227021371746896
6,4,10,0.1022633479497511
7,3,10,0.7003579549842387
4,6,10,0.15681788281888331
10,0,10,0.03713138400000036
3,7,10,NaN
4,6,10,0.9893409295121445
6,4,10,0.016509093038823124
8,2,10,NaN
6,4,10,NaN
7,3,10,0.7741525432089743
8,2,10,NaN
3,7,10,0.847018481559038
8,2,10,0.0889252594028693
8,2,10,NaN
7,3,10,0.3994536466045877
10,0,10,0.5418103035921988
5,5,10,0.1022633479497511
4,6,10,0.49517317979331793
5,5,10,0.6734037797783934
10,0,10,NaN
8,2,10,NaN
6,4,10,0.7106302897733945
8,2,10,0.15681788281888331
7,3,10,0.049784193691201066
6,4,10,0.04646473476708225
4,6,10,NaN
8,2,10,0.817126255902022
6,4,10,0.24220487701699778
6,4,10,NaN
3,7,10,0.1187098235679931
8,2,10,0.24057453370157497
5,5,10,0.12016859759687425
4,6,10,0.14023355315498046
3,7,10,NaN
8,2,10,0.6734037797783934
6,4,10,NaN
3,7,10,0.8673895283120647
5,5,10,0.17336750668651882
5,5,10,NaN
8,2,10,0.0320862846643805
7,3,10,NaN
6,4,10,0.02420793861740178
6,4,10,0.802297557591902
8,2,10,NaN
8,2,10,0.3599959390430551
6,4,10,NaN
5,5,10,NaN
7,3,10,NaN
6,4,10,NaN
4,6,10,0.8666050293913437
7,3,10,0.3842132022303823
4,6,10,0.19052251951160107
6,4,10,NaN
5,5,10,NaN
6,4,10,NaN
6,4,10,NaN
2,8,10,0.7106302897733945
6,4,10,0.049784193691201066
8,2,10,0.49517317979331793
4,6,10,0.5911104694368269
6,4,10,NaN
4,6,10,0.7877188582458874
10,0,10,0.0010244190064805062
6,4,10,0.9811196105389223
6,4,10,NaN
7,3,10,0.002780212198759167
7,3,10,NaN
8,2,10,NaN
7,3,10,NaN
2,8,10,0.6311253596222562
4,6,10,0.012926942381561383
2,8,10,NaN
3,7,10,0.20910819076120546
3,7,10,0.1187098235679931
6,4,10,0.03865612761368589
7,3,10,0.5865178779178963
7,3,10,0.1767110622800058
5,5,10,0.7651329066299523
9,1,10,0.045275196230334665
9,1,10,0.23841902460241554
8,2,10,0.008538329942190089
8,2,10,NaN
6,4,10,0.5621529741166056
4,6,10,0.047645373982091184
5,5,10,NaN
3,7,10,NaN
6,4,10,0.027828197784382988
5,5,10,NaN
8,2,10,NaN
8,2,10,NaN
6,4,10,0.8842791248293348
7,3,10,0.6311253596222562
6,4,10,0.27043591279722545
5,5,10,0.012926942381561383
4,6,10,NaN
5,5,10,0.01937949315760333
5,5,10,0.18051831243523325
6,4,10,0.9158013531976743
4,6,10,0.0664295880410481
8,2,10,1.2099425086482414e-7
7,3,10,0.04284062892133536
3,7,10,0.20910819076120546
4,6,10,0.4479232155172413
7,3,10,0.4479232155172413
6,4,10,NaN
3,7,10,NaN
7,3,10,0.5153697085405997
4,6,10,0.31395395753854205
5,5,10,0.49517317979331793
2,8,10,NaN
4,6,10,1.2593996421524648e-9
3,7,10,0.3994536466045877
8,2,10,NaN
5,5,10,0.0889252594028693
6,4,10,NaN
5,5,10,NaN
7,3,10,NaN
9,1,10,NaN
5,5,10,0.017959370146063955
3,7,10,0.022276976171333993
6,4,10,NaN
8,2,10,0.7436042216854737
7,3,10,0.7741525432089743
6,4,10,0.0036307854647238303
3,7,10,0.13607587061668683
1,9,10,0.0066074696885861
4,6,10,NaN
6,4,10,0.7436042216854737
7,3,10,NaN
2,8,10,0.2787094660356855
4,6,10,0.5865178779178963
5,5,10,0.012926942381561383
10,0,10,0.27711952186670386
6,4,10,0.1187098235679931
8,2,10,NaN
6,4,10,0.18051831243523325
9,1,10,0.31395395753854205
3,7,10,0.027828197784382988
5,5,10,0.7741525432089743
3,7,10,0.7436042216854737
3,7,10,NaN
7,3,10,NaN
3,7,10,0.20910819076120546
9,1,10,0.07730957836924375
4,6,10,0.29526212386236883
6,4,10,NaN
4,6,10,0.021171625963083043
5,5,10,0.4169385719215516
3,7,10,0.018450013393574233
7,3,10,NaN
9,1,10,NaN
7,3,10,NaN
8,2,10,0.6874910859740079
3,7,10,0.0055745501953784575
1,9,10,0.004056987726214778
4,6,10,NaN
8,2,10,NaN
6,4,10,0.15681788281888331
1,9,10,NaN
5,5,10,NaN
6,4,10,0.07730957836924375
3,7,10,0.025094060745368765
4,6,10,0.9158013531976743
9,1,10,NaN
4,6,10,NaN
8,2,10,0.6311253596222562
4,6,10,NaN
5,5,10,0.7839134503185614
7,3,10,NaN
4,6,10,NaN
5,5,10,0.06733047183748836
3,7,10,0.9676842886660223
1,9,10,NaN
6,4,10,0.1187098235679931
8,2,10,0.010777834245389788
3,7,10,0.008929467466887145
4,6,10,0.009138191808191554
7,3,10,NaN
3,7,10,0.20910819076120546
7,3,10,0.6242957231319061
5,5,10,NaN
7,3,10,NaN
8,2,10,0.7436042216854737
7,3,10,NaN
5,5,10,0.39569405143488307
5,5,10,0.847018481559038
4,6,10,0.7741525432089743
9,1,10,0.185919264079212
6,4,10,NaN
6,4,10,0.9509474090073529
8,2,10,0.5865178779178963
6,4,10,0.49517317979331793
6,4,10,0.2515321085878342
5,5,10,0.5865178779178963
9,1,10,NaN
8,2,10,0.016799414097615338
8,2,10,0.29526212386236883
3,7,10,0.022135823243251973
6,4,10,0.9942982452701703
7,3,10,0.025530496040555493
4,6,10,0.8085735725893041
2,8,10,0.1359923336057748
5,5,10,NaN
2,8,10,NaN
6,4,10,NaN
6,4,10,0.012091121856013708
5,5,10,0.9746285957804892
6,4,10,0.13607587061668683
2,8,10,0.2173101118961672
2,8,10,0.5865178779178963
6,4,10,0.847018481559038
3,7,10,0.5950640662721262
3,7,10,0.19255329561932463
7,3,10,0.09252051843537408
4,6,10,0.8673895283120647
2,8,10,0.1394210014336535
5,5,10,NaN
8,2,10,0.5865178779178963
4,6,10,NaN
9,1,10,0.49517317979331793
4,6,10,0.9858284791076382
7,3,10,0.20910819076120546
5,5,10,0.8842791248293348
4,6,10,0.18051831243523325
2,8,10,0.49517317979331793
4,6,10,NaN
2,8,10,0.02067218447430688
8,2,10,0.5865178779178963
3,7,10,0.0592947756432901
3,7,10,0.11163581322299239
5,5,10,NaN
5,5,10,NaN
2,8,10,NaN
5,5,10,NaN
3,7,10,NaN
4,6,10,NaN
5,5,10,NaN
9,1,10,0.4479232155172413
8,2,10,NaN
5,5,10,0.004898314181869696
7,3,10,NaN
5,5,10,NaN
6,4,10,0.6108963985595581
1,9,10,0.002900738642695365
4,6,10,3.500128522232308e-5
1,9,10,NaN
7,3,10,NaN
5,5,10,NaN
9,1,10,0.5210532687769253
7,3,10,0.1022633479497511
3,7,10,0.03551197643675644
4,6,10,0.17155158977622023
4,6,10,0.31867219444754263
7,3,10,0.0006308686808836001
3,7,10,0.3545890738916256
3,7,10,0.00010720114771263332
9,1,10,NaN
3,7,10,0.044928271755372846
5,5,10,0.3930159937208048
6,4,10,NaN
2,8,10,NaN
5,5,10,NaN
7,3,10,0.00047411725924394996
4,6,10,0.4883861072848967
9,1,10,0.3548867644035067
7,3,10,NaN
7,3,10,NaN
7,3,10,0.15681788281888331
2,8,10,0.04284062892133536
7,3,10,NaN
5,5,10,0.465098439130599
8,2,10,0.7436042216854737
3,7,10,NaN
4,6,10,NaN
9,1,10,0.755660925738661
8,2,10,0.07880963164403722
6,4,10,NaN
6,4,10,NaN
8,2,10,0.18051831243523325
5,5,10,NaN
8,2,10,0.3994536466045877
7,3,10,0.6519883968715577
9,1,10,0.03713138400000036
8,2,10,NaN
5,5,10,NaN
4,6,10,NaN
5,5,10,0.08561418707605353
3,7,10,0.8257152214189352
8,2,10,NaN
4,6,10,0.1022633479497511
5,5,10,0.02097058734344152
3,7,10,0.0064844468770125785
1,9,10,0.3761799162762929
5,5,10,0.3121709507297167
3,7,10,NaN
9,1,10,0.27711952186670386
6,4,10,NaN
5,5,10,0.8257152214189352
6,4,10,0.41792554775442825
5,5,10,NaN
3,7,10,NaN
8,2,10,NaN
5,5,10,0.18097089442989664
6,4,10,0.4015721089392805
5,5,10,NaN
5,5,10,0.39569405143488307
8,2,10,0.4479232155172413
7,3,10,0.802297557591902
7,3,10,0.3922848133003589
8,2,10,0.0033222424293639697
6,4,10,0.07873473164027356
4,6,10,NaN
4,6,10,0.017959370146063955
4,6,10,0.27711952186670386
2,8,10,0.3545890738916256
6,4,10,0.6311253596222562
5,5,10,NaN
8,2,10,0.5865178779178963
6,4,10,NaN
5,5,10,0.05777681313131297
3,7,10,0.07334943229703438
6,4,10,NaN
7,3,10,NaN
3,7,10,0.21832926019568283
5,5,10,NaN
2,8,10,0.02420793861740178
2,8,10,0.7600842488531842
5,5,10,NaN
3,7,10,0.0032322829329790503
8,2,10,NaN
5,5,10,NaN
1,9,10,0.6695460062522824
3,7,10,0.5399991833128603
3,7,10,0.004811988483686424
3,7,10,NaN
2,8,10,0.5865178779178963
3,7,10,0.8673895283120647
6,4,10,NaN
2,8,10,0.41718013456084124
6,4,10,NaN
6,4,10,0.0016815566140609356
4,6,10,0.026533511853505075
8,2,10,0.802297557591902
10,0,10,NaN
6,4,10,NaN
6,4,10,0.8673895283120647
5,5,10,NaN
8,2,10,0.817126255902022
4,6,10,0.10757242521487181
5,5,10,0.3994536466045877
4,6,10,NaN
5,5,10,0.5399991833128603
2,8,10,0.017201984659045554
3,7,10,0.10602778376816617
5,5,10,0.7348554722054095
1,9,10,0.27711952186670386
3,7,10,0.9011477651240992
5,5,10,NaN
5,5,10,0.20910819076120546
4,6,10,0.21863775435507138
3,7,10,0.049784193691201066
10,0,10,0.929018891880075
2,8,10,NaN
1,9,10,NaN
2,8,10,0.06977509734875043
6,4,10,0.009604524274603217
4,6,10,0.04919487691026797
6,4,10,0.025559639379255837
3,7,10,0.24057453370157497
5,5,10,NaN
5,5,10,0.7651329066299523
9,1,10,0.004133260510515663
3,7,10,0.20910819076120546
6,4,10,0.8842791248293348
2,8,10,NaN
5,5,10,NaN
6,4,10,0.017959370146063955
5,5,10,NaN
4,6,10,NaN
9,1,10,0.5399991833128603
2,8,10,NaN
4,6,10,NaN
1,9,10,0.7741525432089743
4,6,10,NaN
6,4,10,NaN
8,2,10,0.009138191808191554
6,4,10,0.3545890738916256
6,4,10,0.49517317979331793
5,5,10,0.653007512556579
4,6,10,NaN
6,4,10,0.31395395753854205
5,5,10,NaN
2,8,10,0.5399991833128603
4,6,10,0.4479232155172413
6,4,10,0.27711952186670386
3,7,10,NaN
5,5,10,0.6311253596222562
3,7,10,0.13607587061668683
4,6,10,0.6331637669400632
1,9,10,0.5462371032671539
7,3,10,0.18051831243523325
5,5,10,0.3545890738916256
2,8,10,NaN
6,4,10,NaN
7,3,10,NaN
2,8,10,0.9011477651240992
4,6,10,NaN
4,6,10,NaN
5,5,10,NaN
4,6,10,0.5865178779178963
1,9,10,0.6334299935592971
6,4,10,0.02420793861740178
3,7,10,0.6432672479115289
3,7,10,NaN
3,7,10,0.20910819076120546
3,7,10,NaN
3,7,10,0.014231903965098018
1,9,10,NaN
5,5,10,0.6311253596222562
7,3,10,0.9158013531976743
5,5,10,0.9158013531976743
6,4,10,NaN
4,6,10,0.9409499775572661
3,7,10,0.27711952186670386
3,7,10,0.8842791248293348
1,9,10,0.010609242708175868
6,4,10,0.27711952186670386
2,8,10,0.0020893167276222506
2,8,10,NaN
5,5,10,0.20910819076120546
7,3,10,0.802297557591902
4,6,10,0.31395395753854205
4,6,10,NaN
9,1,10,NaN
3,7,10,NaN
3,7,10,0.2728638070630562
4,6,10,NaN
4,6,10,NaN
4,6,10,NaN
5,5,10,0.7436042216854737
1,9,10,NaN
6,4,10,0.0320862846643805
3,7,10,0.6311253596222562
5,5,10,NaN
4,6,10,0.47150313772546426
7,3,10,0.7751203070714512
7,3,10,NaN
6,4,10,0.6311253596222562
2,8,10,0.9409499775572661
4,6,10,0.20910819076120546
6,4,10,NaN
3,7,10,0.6734037797783934
3,7,10,NaN
5,5,10,0.9834405772462551
4,6,10,NaN
6,4,10,0.25220063996703657
2,8,10,NaN
1,9,10,0.6334299935592971
3,7,10,0.3994536466045877
5,5,10,NaN
3,7,10,0.31395395753854205
1,9,10,0.5399991833128603
5,5,10,NaN
7,3,10,0.5399991833128603
4,6,10,NaN
8,2,10,NaN
1,9,10,0.8605870591794516
9,1,10,NaN
3,7,10,0.04474654885466798
3,7,10,NaN
1,9,10,NaN
5,5,10,NaN
6,4,10,0.1022633479497511
1,9,10,0.329200844955048
2,8,10,0.20173578686501953
2,8,10,0.9158013531976743
3,7,10,NaN
1,9,10,0.4479232155172413
2,8,10,0.049784193691201066
5,5,10,0.05777681313131297
7,3,10,0.31395395753854205
6,4,10,0.4176918269835013
6,4,10,0.9011477651240992
6,4,10,NaN
1,9,10,0.009138191808191554
5,5,10,0.03185631768647796
1,9,10,NaN
2,8,10,NaN
10,0,10,0.0008547454128427348
3,7,10,0.6734037797783934
3,7,10,NaN
5,5,10,6.126961391437439e-5
7,3,10,0.5095303157230737
5,5,10,NaN
3,7,10,0.007549025419144898
7,3,10,0.4969744917141452
6,4,10,0.4479232155172413
3,7,10,0.9942982452701703
7,3,10,NaN
6,4,10,0.07730957836924375
2,8,10,0.8257152214189352
6,4,10,0.4479232155172413
4,6,10,0.5865178779178963
2,8,10,0.7398990343818341
6,4,10,0.7106302897733945
7,3,10,NaN
3,7,10,NaN
7,3,10,0.9011477651240992
4,6,10,NaN
4,6,10,0.7436042216854737
1,9,10,0.3959530211891856
7,3,10,0.847018481559038
5,5,10,0.1187098235679931
3,7,10,NaN
3,7,10,NaN
9,1,10,NaN
8,2,10,0.13607587061668683
2,8,10,0.847018481559038
6,4,10,0.24057453370157497
3,7,10,0.0889252594028693
3,7,10,0.5448596777274278
4,6,10,0.3396399572653822
5,5,10,0.5399991833128603
4,6,10,0.27711952186670386
4,6,10,0.49517317979331793
5,5,10,0.0002213911982545218
2,8,10,0.1022633479497511
2,8,10,NaN
5,5,10,0.9922549943338576
3,7,10,NaN
2,8,10,0.12930045944417284
1,9,10,NaN
2,8,10,0.13318702794970638
2,8,10,0.31395395753854205
3,7,10,NaN
2,8,10,0.01496774850114908
4,6,10,0.010171712848714626
2,8,10,NaN
3,7,10,NaN
4,6,10,0.8257152214189352
5,5,10,NaN
3,7,10,0.8842791248293348
5,5,10,0.5399991833128603
3,7,10,0.7964363730309623
2,8,10,0.04284062892133536
3,7,10,0.27711952186670386
3,7,10,0.5070700067757111
3,7,10,0.13607587061668683
4,6,10,0.02097058734344152
2,8,10,0.9746285957804892
6,4,10,0.06832447189291639
4,6,10,NaN
1,9,10,0.7075530187552223
3,7,10,0.27711952186670386
2,8,10,0.8241130569027242
3,7,10,0.017959370146063955
1,9,10,0.6734037797783934
6,4,10,0.7741525432089743
1,9,10,NaN
3,7,10,NaN
2,8,10,NaN
1,9,10,0.5865178779178963
2,8,10,0.1187098235679931
2,8,10,0.4479232155172413
1,9,10,0.04284062892133536
2,8,10,NaN
2,8,10,0.8863289606181672
2,8,10,0.03713138400000036
5,5,10,0.9893409295121445
2,8,10,0.7436042216854737
3,7,10,0.0889252594028693
1,9,10,0.0017831052631579714
4,6,10,0.2832269477464662
4,6,10,0.31395395753854205
4,6,10,0.8673895283120647
2,8,10,0.5399991833128603
2,8,10,NaN
3,7,10,0.394471484395343
2,8,10,0.5950640662721262
1,9,10,0.6311253596222562
1,9,10,NaN
3,7,10,0.802297557591902
2,8,10,0.08591346897302456
1,9,10,0.0849886023760087
1,9,10,0.06733047183748836
4,6,10,0.06733047183748836
1,9,10,0.8831409753532664
2,8,10,0.009138191808191554
2,8,10,NaN
1,9,10,0.7436042216854737
2,8,10,0.7741525432089743
4,6,10,0.8673895283120647
5,5,10,0.802297557591902
2,8,10,NaN
4,6,10,0.8021660747310296
1,9,10,0.4085415224314719
4,6,10,0.3545890738916256
2,8,10,0.03591238077931777
2,8,10,0.7436042216854737
2,8,10,NaN
2,8,10,NaN
2,8,10,NaN
3,7,10,0.15681788281888331
2,8,10,0.31395395753854205
2,8,10,NaN
2,8,10,0.06733047183748836
6,4,10,NaN
3,7,10,NaN
2,8,10,NaN
1,9,10,0.09717817727915486
1,9,10,0.4479232155172413
2,8,10,0.3738837902108621
2,8,10,0.5865178779178963
4,6,10,NaN
2,8,10,NaN
4,6,10,0.8693487735180275
6,4,10,0.15681788281888331
1,9,10,NaN
2,8,10,0.0050336327110398335
1,9,10,0.15681788281888331
2,8,10,0.6734037797783934
4,6,10,NaN
2,8,10,NaN
1,9,10,0.04284062892133536
4,6,10,0.11877376873919264
2,8,10,0.1187098235679931
1,9,10,0.35758152755892825
3,7,10,0.5223420101763185
1,9,10,0.31395395753854205
2,8,10,0.9158013531976743
1,9,10,NaN
1,9,10,0.6311253596222562
1,9,10,NaN
1,9,10,0.1548357581595107
3,7,10,0.9409499775572661
2,8,10,0.004811988483686424
1,9,10,0.027828197784382988
2,8,10,0.000567223363696079
1,9,10,NaN
1,9,10,0.6311253596222562
2,8,10,0.06733047183748836
1,9,10,NaN
1,9,10,NaN
2,8,10,0.05777681313131297
1,9,10,0.015428285510146815
2,8,10,0.7436042216854737
1,9,10,0.28684624264046144
2,8,10,NaN
1,9,10,NaN
1,9,10,0.00916188929550361
2,8,10,0.11306213455845594
1,9,10,0.5865178779178963
0,10,10,0.1022633479497511
0,10,10,NaN
0,10,10,NaN
0,10,10,NaN
0,10,10,0.049784193691201066
0,10,10,0.15681788281888331
0,10,10,NaN
0,10,10,NaN
0,10,10,NaN
0,10,10,NaN
0,10,10,0.15681788281888331
0,10,10,0.0036307854647238303
0,10,10,NaN
0,10,10,NaN
0,10,10,NaN
0,10,10,NaN
0,10,10,NaN
0,10,10,0.5399991833128603
0,10,10,0.049784193691201066
0,10,10,0.3994536466045877
0,10,10,NaN
0,10,10,NaN
0,10,10,NaN
0,10,10,0.1022633479497511
0,10,10,NaN
0,10,10,0.06733047183748836
0,10,10,0.24057453370157497
0,10,10,0.3216751886299624
7,2,9,0.9509474090073529
9,0,9,NaN
6,3,9,NaN
3,6,9,0.7741525432089743
4,5,9,0.9676842886660223
5,4,9,NaN
4,5,9,0.3207723491288853
8,1,9,0.19546935615710428
7,2,9,0.31395395753854205
8,1,9,0.005877997971781252
7,2,9,0.9604525435576103
3,6,9,0.14507493759926762
4,5,9,NaN
6,3,9,0.6199515676210973
8,1,9,0.24057453370157497
7,2,9,0.018752041280600946
5,4,9,NaN
7,2,9,0.02097058734344152
5,4,9,0.20910819076120546
7,2,9,0.07247373149762029
8,1,9,0.6437002016362401
8,1,9,0.7106302897733945
4,5,9,0.7175317141115544
8,1,9,0.26444088125857207
8,1,9,0.19241731371835152
4,5,9,NaN
8,1,9,NaN
3,6,9,0.1022633479497511
4,5,9,0.7106302897733945
3,6,9,0.7161757051475619
6,3,9,NaN
5,4,9,0.275371472824258
4,5,9,0.05777681313131297
1,8,9,NaN
6,3,9,NaN
5,4,9,0.3994536466045877
4,5,9,0.13607587061668683
3,6,9,0.0012997117728257605
6,3,9,NaN
4,5,9,NaN
5,4,9,NaN
3,6,9,0.7106302897733945
7,2,9,NaN
7,2,9,NaN
7,2,9,0.15681788281888331
5,4,9,0.44018840784615654
3,6,9,0.6997782178199153
2,7,9,0.05777681313131297
5,4,9,NaN
9,0,9,NaN
6,3,9,0.27711952186670386
7,2,9,NaN
6,3,9,0.13607587061668683
5,4,9,NaN
5,4,9,0.06733047183748836
5,4,9,0.021813890624618852
6,3,9,NaN
6,3,9,0.01575662843970785
2,7,9,NaN
3,6,9,NaN
7,2,9,0.8842791248293348
4,5,9,0.13607587061668683
3,6,9,NaN
4,5,9,0.11282114397735338
5,4,9,0.6311253596222562
5,4,9,NaN
5,4,9,0.018864553335246587
4,5,9,0.6311253596222562
7,2,9,0.898703754323319
6,3,9,NaN
2,7,9,0.11050853749224623
5,4,9,0.8257152214189352
4,5,9,0.7741525432089743
7,2,9,0.17505184077982147
4,5,9,NaN
6,3,9,0.7741525432089743
5,4,9,NaN
9,0,9,0.0001904677518503582
5,4,9,0.11983108379070519
3,6,9,0.21409335812670918
3,6,9,0.045275196230334665
7,2,9,2.136612194826808e-5
3,6,9,0.4479232155172413
5,4,9,NaN
5,4,9,0.4149701559935218
6,3,9,0.3331003974953347
6,3,9,NaN
3,6,9,NaN
7,2,9,0.0042448934233704876
3,6,9,0.17206328417746
8,1,9,0.09530596605255301
4,5,9,NaN
7,2,9,0.00293147308534551
8,1,9,0.04284062892133536
8,1,9,NaN
9,0,9,0.4209146600800897
4,5,9,NaN
6,3,9,NaN
3,6,9,0.8513004561898062
9,0,9,0.3987464597142485
3,6,9,NaN
3,6,9,0.18051831243523325
6,3,9,0.7741525432089743
7,2,9,NaN
5,4,9,0.004739490636704777
3,6,9,NaN
8,1,9,NaN
2,7,9,0.9364598905086755
3,6,9,0.0001725329060052581
3,6,9,0.017959370146063955
4,5,9,NaN
2,7,9,0.8962295178114678
7,2,9,0.49517317979331793
7,2,9,0.20910819076120546
4,5,9,0.015565671711291711
8,1,9,0.47555674433736334
5,4,9,0.5095303157230737
1,8,9,0.6311253596222562
4,5,9,0.6734037797783934
7,2,9,0.7106302897733945
8,1,9,NaN
1,8,9,NaN
3,6,9,NaN
4,5,9,0.8842791248293348
4,5,9,0.8842791248293348
4,5,9,NaN
4,5,9,0.004705680357297257
5,4,9,0.011763127166820245
1,8,9,NaN
3,6,9,0.20910819076120546
4,5,9,0.49517317979331793
2,7,9,0.18051831243523325
2,7,9,NaN
9,0,9,0.18051831243523325
4,5,9,0.5399991833128603
8,1,9,0.0889252594028693
7,2,9,0.010067119859026948
7,2,9,0.48436479308347474
3,6,9,NaN
7,2,9,0.3994536466045877
2,7,9,NaN
9,0,9,0.3545890738916256
4,5,9,NaN
2,7,9,NaN
5,4,9,NaN
8,1,9,0.49517317979331793
3,6,9,0.010777834245389788
3,6,9,NaN
5,4,9,NaN
5,4,9,0.6159752637965673
3,6,9,NaN
4,5,9,0.3547876049703248
1,8,9,NaN
7,2,9,NaN
6,3,9,0.06733047183748836
2,7,9,NaN
6,3,9,0.8673895283120647
8,1,9,0.002820274343745044
7,2,9,NaN
5,4,9,0.8257152214189352
7,2,9,0.5865178779178963
3,6,9,NaN
4,5,9,0.22856719272838016
4,5,9,0.6138099633539917
2,7,9,NaN
4,5,9,0.1187098235679931
4,5,9,0.31395395753854205
4,5,9,0.31395395753854205
4,5,9,NaN
2,7,9,0.6398370828519593
1,8,9,NaN
7,2,9,NaN
4,5,9,NaN
8,1,9,NaN
8,1,9,1.3877916428472342e-5
5,4,9,7.911179780328886e-9
9,0,9,0.013575392653055386
5,4,9,0.06500854357948581
7,2,9,0.7741525432089743
4,5,9,0.24057453370157497
5,4,9,0.5824167732098613
5,4,9,0.20910819076120546
4,5,9,0.5865178779178963
6,3,9,0.54139181216883
4,5,9,0.45384304750868815
4,5,9,0.6311253596222562
7,2,9,0.3994536466045877
4,5,9,0.010777834245389788
5,4,9,0.8309977030945157
9,0,9,NaN
5,4,9,0.929018891880075
7,2,9,NaN
6,3,9,0.3217004818019882
6,3,9,0.18051831243523325
3,6,9,NaN
6,3,9,0.25885861135378413
5,4,9,0.929018891880075
7,2,9,NaN
7,2,9,0.3994536466045877
1,8,9,0.20910819076120546
3,6,9,NaN
7,2,9,0.5865178779178963
5,4,9,0.8507441483511715
2,7,9,0.04315367441698566
2,7,9,0.9588654024360574
7,2,9,0.03595816629824219
5,4,9,0.0065965933181499296
3,6,9,NaN
5,4,9,0.6685170707645344
3,6,9,NaN
6,3,9,NaN
7,2,9,0.7741009384511205
4,5,9,NaN
7,2,9,0.5865178779178963
9,0,9,0.11888592299896517
8,1,9,0.3545890738916256
4,5,9,0.7436042216854737
3,6,9,NaN
3,6,9,NaN
4,5,9,0.8842791248293348
6,3,9,0.5865178779178963
6,3,9,0.02589182814629081
6,3,9,0.007549025419144898
5,4,9,NaN
3,6,9,0.12227002171686137
3,6,9,0.05777681313131297
6,3,9,0.23045079102630078
7,2,9,0.27711952186670386
5,4,9,0.4479232155172413
6,3,9,0.03975194693780025
6,3,9,0.8257152214189352
4,5,9,NaN
2,7,9,NaN
2,7,9,0.27711952186670386
3,6,9,NaN
7,2,9,NaN
5,4,9,NaN
1,8,9,NaN
5,4,9,0.8842791248293348
7,2,9,0.24057453370157497
3,6,9,0.9011477651240992
5,4,9,0.8375293291104176
7,2,9,0.5865178779178963
3,6,9,0.847018481559038
3,6,9,NaN
2,7,9,0.1022633479497511
4,5,9,0.5865178779178963
4,5,9,NaN
3,6,9,NaN
8,1,9,0.15886836997264997
4,5,9,NaN
6,3,9,NaN
6,3,9,0.0320862846643805
4,5,9,0.15681788281888331
2,7,9,0.0022928851255832015
2,7,9,NaN
3,6,9,0.5196473827122406
5,4,9,NaN
5,4,9,0.7964363730309623
7,2,9,NaN
7,2,9,0.9158013531976743
6,3,9,NaN
4,5,9,0.4479232155172413
5,4,9,0.6734037797783934
6,3,9,0.9409499775572661
2,7,9,0.027828197784382988
6,3,9,0.12270676781388852
6,3,9,NaN
1,8,9,0.3545890738916256
8,1,9,NaN
3,6,9,NaN
3,6,9,NaN
5,4,9,0.7436042216854737
7,2,9,NaN
2,7,9,NaN
6,3,9,NaN
7,2,9,0.8870371031757092
5,4,9,0.5399991833128603
2,7,9,NaN
7,2,9,0.8309977030945157
5,4,9,0.9257839167279968
1,8,9,0.7434412209589544
7,2,9,NaN
5,4,9,0.15681788281888331
3,6,9,NaN
5,4,9,0.802297557591902
3,6,9,0.9011477651240992
6,3,9,NaN
6,3,9,0.000572483448354268
3,6,9,NaN
3,6,9,0.0889252594028693
5,4,9,0.015565671711291711
6,3,9,NaN
8,1,9,NaN
8,1,9,0.847018481559038
6,3,9,0.1717943221851428
2,7,9,NaN
6,3,9,0.5275697030609721
6,3,9,0.45195050815029575
6,3,9,0.18396699989610926
8,1,9,NaN
2,7,9,0.7436042216854737
4,5,9,NaN
6,3,9,0.8257152214189352
5,4,9,0.024912310439997705
5,4,9,0.6734037797783934
4,5,9,0.049784193691201066
5,4,9,0.00020210957871772114
2,7,9,0.3847179257230302
6,3,9,0.5865178779178963
4,5,9,NaN
5,4,9,0.847018481559038
6,3,9,0.9942982452701703
8,1,9,0.49517317979331793
4,5,9,NaN
7,2,9,0.929018891880075
5,4,9,NaN
8,1,9,NaN
5,4,9,0.8673895283120647
4,5,9,0.06733047183748836
2,7,9,0.6311253596222562
3,6,9,0.24057453370157497
6,3,9,0.01599844644884849
7,2,9,0.20888126015281508
3,6,9,0.802297557591902
2,7,9,0.7741525432089743
5,4,9,NaN
6,3,9,NaN
4,5,9,0.6311253596222562
4,5,9,0.15681788281888331
3,6,9,0.27711952186670386
3,6,9,0.6841566274703473
4,5,9,NaN
5,4,9,0.9746285957804892
4,5,9,0.9461790401761485
4,5,9,0.5865178779178963
2,7,9,0.49517317979331793
5,4,9,0.13607587061668683
7,2,9,0.802297557591902
6,3,9,0.8673895283120647
5,4,9,NaN
3,6,9,NaN
6,3,9,0.802297557591902
2,7,9,0.20910819076120546
7,2,9,0.8842791248293348
8,1,9,0.7106302897733945
7,2,9,0.02420793861740178
6,3,9,NaN
2,7,9,0.802297557591902
6,3,9,0.5865178779178963
8,1,9,0.2223937265283968
4,5,9,0.5122835381681079
6,3,9,NaN
6,3,9,NaN
2,7,9,0.0889252594028693
3,6,9,NaN
6,3,9,0.6734037797783934
6,3,9,NaN
7,2,9,0.49517317979331793
5,4,9,0.0320862846643805
6,3,9,0.07730957836924375
4,5,9,NaN
1,8,9,0.5846295473383921
4,5,9,0.929018891880075
5,4,9,NaN
7,2,9,0.847018481559038
7,2,9,0.6734037797783934
5,4,9,0.09484443756012188
2,7,9,0.6734037797783934
4,5,9,NaN
2,7,9,NaN
3,6,9,0.8128468791462503
5,4,9,0.49517317979331793
4,5,9,NaN
2,7,9,0.13607587061668683
1,8,9,NaN
7,2,9,0.5399991833128603
7,2,9,0.8257152214189352
6,3,9,NaN
7,2,9,0.07555478642352693
4,5,9,0.03239220659606156
8,1,9,NaN
6,3,9,0.07730957836924375
2,7,9,0.6050538629574849
5,4,9,0.8257152214189352
5,4,9,NaN
2,7,9,NaN
4,5,9,0.030490249975549895
3,6,9,0.7741525432089743
9,0,9,0.0889252594028693
4,5,9,0.6311253596222562
5,4,9,0.4479232155172413
2,7,9,0.18051831243523325
7,2,9,NaN
3,6,9,0.9676842886660223
4,5,9,0.24057453370157497
4,5,9,0.06733047183748836
3,6,9,0.5399991833128603
2,7,9,0.14060494355104902
5,4,9,0.18051831243523325
4,5,9,0.9604525435576103
8,1,9,NaN
1,8,9,0.7106302897733945
6,3,9,0.03713138400000036
2,7,9,0.3545890738916256
5,4,9,NaN
4,5,9,0.3994536466045877
6,3,9,0.9874970108666539
2,7,9,0.12227002171686137
5,4,9,0.07730957836924375
5,4,9,0.5399991833128603
6,3,9,0.006874636973036868
5,4,9,0.9639665944467092
2,7,9,0.0022928851255832015
5,4,9,NaN
7,2,9,0.0320862846643805
1,8,9,0.03713138400000036
4,5,9,NaN
3,6,9,0.02420793861740178
8,1,9,0.0007582745872238356
3,6,9,0.20910819076120546
4,5,9,NaN
7,2,9,0.0889252594028693
6,3,9,NaN
6,3,9,0.8673895283120647
8,1,9,0.0002213911982545218
6,3,9,0.7953524641796883
1,8,9,0.1187098235679931
3,6,9,0.8257152214189352
5,4,9,NaN
7,2,9,0.15681788281888331
6,3,9,0.4338223984753709
6,3,9,0.004172116957628634
3,6,9,0.1187098235679931
3,6,9,0.1022633479497511
7,2,9,0.7436042216854737
6,3,9,NaN
3,6,9,0.9509474090073529
4,5,9,0.802297557591902
3,6,9,0.18051831243523325
5,4,9,0.33018524426510415
2,7,9,0.7436042216854737
1,8,9,NaN
1,8,9,0.05777681313131297
3,6,9,0.006833953818291926
5,4,9,0.8961741794571901
5,4,9,0.19895435854811874
2,7,9,0.3545890738916256
6,3,9,0.13607587061668683
4,5,9,0.4479232155172413
1,8,9,0.847018481559038
4,5,9,0.05777681313131297
5,4,9,0.847018481559038
7,2,9,0.6311253596222562
5,4,9,NaN
6,3,9,NaN
4,5,9,0.8842791248293348
7,2,9,NaN
4,5,9,NaN
2,7,9,0.04284062892133536
2,7,9,NaN
7,2,9,0.15681788281888331
6,3,9,NaN
3,6,9,0.07730957836924375
6,3,9,0.49517317979331793
5,4,9,NaN
5,4,9,0.05777681313131297
2,7,9,0.20910819076120546
8,1,9,0.15681788281888331
7,2,9,0.7065243553936503
5,4,9,0.3959530211891856
7,2,9,NaN
5,4,9,NaN
6,3,9,0.8673895283120647
4,5,9,NaN
7,2,9,0.9746285957804892
2,7,9,NaN
6,3,9,NaN
5,4,9,NaN
8,1,9,0.9858284791076382
6,3,9,0.05823694456523498
5,4,9,0.3994536466045877
8,1,9,NaN
6,3,9,0.27711952186670386
5,4,9,0.18051831243523325
5,4,9,0.6311253596222562
3,6,9,0.8795776510287957
4,5,9,0.07730957836924375
2,7,9,0.03713138400000036
3,6,9,0.02658954924489785
4,5,9,NaN
2,7,9,NaN
3,6,9,NaN
5,4,9,NaN
3,6,9,NaN
6,3,9,0.42745276889345407
3,6,9,0.41461589949449196
1,8,9,0.002709884354528778
1,8,9,0.49517317979331793
1,8,9,0.003971742289430621
2,7,9,NaN
1,8,9,0.9158013531976743
5,4,9,0.3994536466045877
5,4,9,0.13607587061668683
4,5,9,NaN
2,7,9,NaN
5,4,9,0.776040437978274
3,6,9,0.04284062892133536
4,5,9,0.13607587061668683
7,2,9,NaN
3,6,9,0.1022633479497511
8,1,9,9.578711241672827e-5
1,8,9,NaN
1,8,9,NaN
4,5,9,NaN
1,8,9,0.8842791248293348
3,6,9,NaN
5,4,9,0.7436042216854737
2,7,9,NaN
4,5,9,0.015565671711291711
5,4,9,0.0009552298487294113
8,1,9,0.0006290704423643718
3,6,9,0.006247834565557738
3,6,9,NaN
4,5,9,NaN
2,7,9,0.022540643437576585
3,6,9,0.3994536466045877
4,5,9,0.828247605216865
6,3,9,NaN
1,8,9,NaN
4,5,9,NaN
4,5,9,0.5552286492844964
4,5,9,0.24057453370157497
3,6,9,0.3994536466045877
8,1,9,NaN
1,8,9,0.9833480191994771
8,1,9,NaN
5,4,9,0.02097058734344152
2,7,9,NaN
3,6,9,NaN
7,2,9,NaN
4,5,9,NaN
4,5,9,0.06370847496182024
6,3,9,0.9893409295121445
2,7,9,0.15681788281888331
4,5,9,0.7106302897733945
3,6,9,0.31395395753854205
7,2,9,0.18051831243523325
7,2,9,NaN
2,7,9,0.20073699114660104
3,6,9,0.049784193691201066
2,7,9,0.021171625963083043
3,6,9,NaN
2,7,9,0.776848760122204
4,5,9,NaN
7,2,9,0.8028345924731207
2,7,9,0.5399991833128603
4,5,9,NaN
4,5,9,0.0006308686808836001
3,6,9,NaN
7,2,9,NaN
3,6,9,NaN
5,4,9,0.0320862846643805
2,7,9,0.3545890738916256
5,4,9,NaN
6,3,9,0.8673895283120647
4,5,9,0.02420793861740178
3,6,9,0.20701721961395816
5,4,9,NaN
8,1,9,0.47150313772546426
5,4,9,0.24057453370157497
1,8,9,NaN
4,5,9,NaN
3,6,9,NaN
1,8,9,NaN
5,4,9,NaN
3,6,9,NaN
2,7,9,0.7741525432089743
4,5,9,NaN
4,5,9,0.18556414513955216
4,5,9,0.08691139267329223
4,5,9,0.3545890738916256
6,3,9,NaN
3,6,9,0.8073734646694097
3,6,9,NaN
5,4,9,0.3994536466045877
5,4,9,0.8440117260961384
8,1,9,0.2193849353833667
2,7,9,0.6360252012750417
3,6,9,0.7106302897733945
4,5,9,NaN
5,4,9,NaN
4,5,9,0.7106302897733945
1,8,9,0.3063068886441231
1,8,9,0.7146619149893998
1,8,9,0.3545890738916256
3,6,9,0.09484443756012188
1,8,9,NaN
2,7,9,NaN
4,5,9,2.1214018653505505e-5
7,2,9,NaN
3,6,9,0.04284062892133536
3,6,9,NaN
2,7,9,0.20910819076120546
3,6,9,NaN
8,1,9,NaN
2,7,9,NaN
2,7,9,NaN
3,6,9,0.7106302897733945
2,7,9,0.0889252594028693
2,7,9,0.9676842886660223
1,8,9,0.010883430206978326
3,6,9,0.27711952186670386
7,2,9,NaN
2,7,9,NaN
5,4,9,0.7997169207071244
3,6,9,NaN
5,4,9,NaN
6,3,9,NaN
6,3,9,0.20910819076120546
2,7,9,0.03713138400000036
3,6,9,NaN
4,5,9,0.7179809906561296
2,7,9,NaN
4,5,9,NaN
7,2,9,NaN
4,5,9,NaN
4,5,9,0.8142755033606393
6,3,9,0.15681788281888331
3,6,9,0.07730957836924375
2,7,9,0.6797552487999022
1,8,9,0.6729152745101532
2,7,9,NaN
3,6,9,0.012926942381561383
2,7,9,NaN
5,4,9,0.31395395753854205
2,7,9,NaN
3,6,9,0.5399991833128603
3,6,9,NaN
1,8,9,NaN
2,7,9,0.049784193691201066
2,7,9,0.015565671711291711
4,5,9,0.022540643437576585
3,6,9,NaN
2,7,9,NaN
1,8,9,NaN
2,7,9,0.20910819076120546
2,7,9,0.8257152214189352
1,8,9,NaN
5,4,9,0.027828197784382988
4,5,9,0.802297557591902
5,4,9,NaN
1,8,9,0.5399991833128603
4,5,9,NaN
4,5,9,NaN
1,8,9,0.1187098235679931
2,7,9,0.02420793861740178
3,6,9,0.03713138400000036
2,7,9,NaN
1,8,9,NaN
3,6,9,0.01359631346573227
3,6,9,0.21388863319051188
6,3,9,0.23344949120215297
3,6,9,0.4479232155172413
2,7,9,0.31395395753854205
2,7,9,0.0889252594028693
4,5,9,NaN
3,6,9,NaN
1,8,9,0.2541993351671089
1,8,9,NaN
1,8,9,NaN
1,8,9,0.13607587061668683
3,6,9,NaN
4,5,9,0.6242957231319061
2,7,9,NaN
4,5,9,0.20731735170125856
2,7,9,NaN
6,3,9,NaN
3,6,9,0.8257152214189352
2,7,9,NaN
4,5,9,0.3959530211891856
2,7,9,NaN
3,6,9,9.409497199449648e-5
3,6,9,0.49517317979331793
6,3,9,0.8476717962162271
2,7,9,0.6924461258303694
3,6,9,0.6734037797783934
1,8,9,0.1022633479497511
6,3,9,0.7106302897733945
1,8,9,NaN
1,8,9,NaN
4,5,9,NaN
2,7,9,0.24057453370157497
3,6,9,0.27711952186670386
1,8,9,0.7436042216854737
1,8,9,0.31395395753854205
2,7,9,0.49517317979331793
5,4,9,0.09522541759222301
1,8,9,NaN
1,8,9,0.05777681313131297
2,7,9,0.5865178779178963
1,8,9,0.1022633479497511
2,7,9,0.17360887106873366
6,3,9,0.847018481559038
2,7,9,0.9618548038109187
2,7,9,0.4479232155172413
3,6,9,NaN
2,7,9,NaN
4,5,9,NaN
2,7,9,NaN
1,8,9,0.9985331146974715
2,7,9,0.15681788281888331
4,5,9,NaN
3,6,9,NaN
2,7,9,0.20910819076120546
1,8,9,0.9011477651240992
4,5,9,0.929018891880075
4,5,9,0.1187098235679931
5,4,9,NaN
3,6,9,0.5153697085405997
1,8,9,0.05777681313131297
1,8,9,0.027828197784382988
2,7,9,0.847018481559038
2,7,9,NaN
1,8,9,NaN
2,7,9,0.847018481559038
2,7,9,0.018866444074520844
4,5,9,0.05777681313131297
1,8,9,NaN
7,2,9,NaN
2,7,9,NaN
1,8,9,0.4798585534248661
3,6,9,NaN
2,7,9,NaN
3,6,9,0.0889252594028693
2,7,9,NaN
2,7,9,0.00017471495760760218
1,8,9,NaN
3,6,9,NaN
3,6,9,0.1022633479497511
1,8,9,NaN
2,7,9,0.3434643821170492
2,7,9,0.9419314738934689
4,5,9,0.9409499775572661
1,8,9,NaN
1,8,9,0.6734037797783934
1,8,9,0.31395395753854205
2,7,9,0.3994536466045877
2,7,9,0.7436042216854737
4,5,9,0.9746285957804892
2,7,9,4.2537540337909325e-6
1,8,9,NaN
1,8,9,NaN
3,6,9,0.3545890738916256
3,6,9,0.03713138400000036
1,8,9,0.9922549943338576
1,8,9,NaN
1,8,9,NaN
5,4,9,0.6734037797783934
2,7,9,0.9158013531976743
2,7,9,0.8096825059914234
1,8,9,NaN
1,8,9,0.9158013531976743
1,8,9,0.02420793861740178
1,8,9,NaN
2,7,9,0.05237091657628893
1,8,9,0.802297557591902
3,6,9,0.38714414658351715
1,8,9,0.7106302897733945
2,7,9,NaN
1,8,9,0.13607587061668683
2,7,9,0.7106302897733945
4,5,9,0.15681788281888331
1,8,9,NaN
1,8,9,0.20910819076120546
1,8,9,0.49517317979331793
1,8,9,0.06733047183748836
5,4,9,NaN
4,5,9,0.2672631005041597
1,8,9,0.06733047183748836
1,8,9,NaN
1,8,9,NaN
1,8,9,NaN
1,8,9,0.15681788281888331
1,8,9,0.12227002171686137
1,8,9,0.847018481559038
1,8,9,0.4479232155172413
1,8,9,0.9858284791076382
1,8,9,NaN
1,8,9,0.7850759116808317
0,9,9,NaN
0,9,9,0.07730957836924375
0,9,9,NaN
0,9,9,NaN
0,9,9,0.08591346897302456
0,9,9,0.9676842886660223
0,9,9,0.24057453370157497
0,9,9,NaN
0,9,9,NaN
0,9,9,NaN
0,9,9,NaN
0,9,9,0.31395395753854205
0,9,9,0.4479232155172413
0,9,9,0.34447022974159347
0,9,9,0.9011477651240992
0,9,9,0.9676842886660223
0,9,9,NaN
0,9,9,0.049784193691201066
0,9,9,NaN
0,9,9,NaN
0,9,9,0.02420793861740178
0,9,9,0.8257152214189352
0,9,9,0.1179447395146299
0,9,9,NaN
0,9,9,0.05777681313131297
0,9,9,NaN
0,9,9,0.6841566274703473
0,9,9,0.42248261139163457
0,9,9,NaN
0,9,9,NaN
0,9,9,0.3491461655775719
0,9,9,NaN
0,9,9,0.3545890738916256
0,9,9,NaN
0,9,9,0.012959620523163233
0,9,9,0.07730957836924375
0,9,9,NaN
0,9,9,0.24057453370157497
0,9,9,0.3079768649486821
0,9,9,NaN
0,9,9,NaN
0,9,9,NaN
0,9,9,0.5963499025442387
0,9,9,NaN
0,9,9,NaN
0,9,9,0.4479232155172413
0,9,9,NaN
0,9,9,0.6734037797783934
0,9,9,0.15681788281888331
0,9,9,NaN
0,9,9,0.23841902460241554
0,9,9,0.3545890738916256
0,9,9,0.6311253596222562
0,9,9,NaN
0,9,9,0.012926942381561383
0,9,9,0.18051831243523325
0,9,9,NaN
0,9,9,NaN
0,9,9,0.802297557591902
0,9,9,NaN
0,9,9,NaN
0,9,9,0.3994536466045877
7,1,8,NaN
5,3,8,0.6734037797783934
5,3,8,NaN
5,3,8,0.802297557591902
1,7,8,0.11222973063758754
2,6,8,NaN
3,5,8,0.0889252594028693
3,5,8,0.5865178779178963
3,5,8,NaN
5,3,8,0.9676842886660223
7,1,8,0.9158013531976743
2,6,8,NaN
3,5,8,NaN
6,2,8,0.017959370146063955
3,5,8,0.028483903196928954
2,6,8,0.9676842886660223
8,0,8,NaN
5,3,8,NaN
5,3,8,0.1022633479497511
6,2,8,0.41792554775442825
6,2,8,NaN
1,7,8,0.07453708639731435
3,5,8,0.3994536466045877
3,5,8,NaN
2,6,8,0.027828197784382988
7,1,8,0.3994536466045877
2,6,8,0.8842791248293348
6,2,8,NaN
2,6,8,0.9922549943338576
4,4,8,0.47555674433736334
3,5,8,0.9858284791076382
3,5,8,NaN
6,2,8,0.49517317979331793
7,1,8,0.001594663547015226
1,7,8,NaN
2,6,8,0.1187098235679931
4,4,8,0.39614352530266983
5,3,8,0.31395395753854205
1,7,8,0.017959370146063955
3,5,8,NaN
5,3,8,NaN
7,1,8,0.9158013531976743
7,1,8,0.7436042216854737
7,1,8,0.6734037797783934
6,2,8,NaN
4,4,8,NaN
2,6,8,NaN
4,4,8,0.5865178779178963
5,3,8,0.4479232155172413
6,2,8,NaN
7,1,8,0.49517317979331793
7,1,8,NaN
6,2,8,NaN
6,2,8,NaN
4,4,8,0.18051831243523325
4,4,8,0.3450142378937078
7,1,8,NaN
3,5,8,0.6040393591428876
5,3,8,NaN
1,7,8,NaN
7,1,8,0.3545890738916256
4,4,8,0.010581277143824973
4,4,8,0.3994536466045877
7,1,8,0.006473257791005659
5,3,8,NaN
7,1,8,0.6274382676144633
5,3,8,0.802297557591902
6,2,8,0.13607587061668683
5,3,8,NaN
2,6,8,0.3545890738916256
2,6,8,NaN
3,5,8,0.24057453370157497
4,4,8,0.043717721153887695
6,2,8,NaN
7,1,8,NaN
7,1,8,NaN
6,2,8,NaN
3,5,8,NaN
2,6,8,0.16298327554534056
7,1,8,0.03713138400000036
6,2,8,NaN
4,4,8,4.0529794935356904e-8
5,3,8,0.027828197784382988
4,4,8,NaN
6,2,8,0.027865995559846226
6,2,8,0.5291806849559146
6,2,8,0.7436042216854737
6,2,8,NaN
6,2,8,0.31395395753854205
4,4,8,0.07730957836924375
5,3,8,0.41792554775442825
6,2,8,0.8673895283120647
2,6,8,0.13607587061668683
5,3,8,0.615421315423315
3,5,8,0.9509474090073529
5,3,8,NaN
8,0,8,NaN
7,1,8,0.7106302897733945
6,2,8,0.13607587061668683
7,1,8,0.3545890738916256
8,0,8,0.8285051470821835
3,5,8,NaN
5,3,8,NaN
3,5,8,0.9893409295121445
4,4,8,0.9676842886660223
5,3,8,0.5399991833128603
8,0,8,0.049784193691201066
6,2,8,NaN
1,7,8,0.06733047183748836
3,5,8,NaN
3,5,8,0.23143338938538924
3,5,8,0.6311253596222562
6,2,8,0.6734037797783934
6,2,8,NaN
3,5,8,NaN
3,5,8,0.20280158114844188
3,5,8,NaN
4,4,8,NaN
4,4,8,0.8257152214189352
2,6,8,0.6759354850992831
6,2,8,0.8863289606181672
4,4,8,NaN
8,0,8,0.06314018322036288
2,6,8,NaN
6,2,8,0.7268334391585736
6,2,8,0.024147717036283416
4,4,8,0.09530596605255301
6,2,8,NaN
7,1,8,0.5399991833128603
7,1,8,NaN
6,2,8,0.015565671711291711
5,3,8,NaN
5,3,8,NaN
7,1,8,0.802297557591902
5,3,8,NaN
5,3,8,NaN
8,0,8,0.02420793861740178
7,1,8,0.6432794702932917
3,5,8,0.1972644552091674
3,5,8,0.470314040903722
8,0,8,NaN
5,3,8,0.5865178779178963
2,6,8,NaN
6,2,8,0.015565671711291711
4,4,8,0.0354897464114608
5,3,8,NaN
7,1,8,NaN
8,0,8,0.1022633479497511
4,4,8,NaN
4,4,8,0.1861706450348118
6,2,8,0.9158013531976743
7,1,8,NaN
5,3,8,0.9509474090073529
4,4,8,0.7467621944212985
3,5,8,0.3987464597142485
3,5,8,0.31395395753854205
8,0,8,0.22753239233380002
3,5,8,0.0010244190064805062
3,5,8,0.3331003974953347
8,0,8,0.7741525432089743
5,3,8,0.0027756193425759706
6,2,8,0.9737728945506743
3,5,8,NaN
5,3,8,NaN
3,5,8,NaN
6,2,8,0.0889252594028693
4,4,8,0.9158013531976743
2,6,8,0.012497774037890796
3,5,8,0.929018891880075
2,6,8,0.7147770520796912
8,0,8,0.1022633479497511
4,4,8,0.5865178779178963
4,4,8,0.847018481559038
7,1,8,0.063819970746404
1,7,8,0.49517317979331793
4,4,8,0.008535558458180326
5,3,8,NaN
6,2,8,NaN
5,3,8,NaN
2,6,8,0.7570387775963124
2,6,8,NaN
5,3,8,0.06706150675381348
3,5,8,0.0889252594028693
4,4,8,0.18051831243523325
7,1,8,NaN
7,1,8,NaN
6,2,8,NaN
3,5,8,0.7436042216854737
1,7,8,NaN
5,3,8,0.13607587061668683
5,3,8,0.02462436518193661
3,5,8,0.9994910250110733
6,2,8,0.15681788281888331
5,3,8,NaN
6,2,8,0.0053882402106603736
6,2,8,NaN
4,4,8,NaN
3,5,8,0.9011477651240992
7,1,8,0.20750184962333676
4,4,8,NaN
3,5,8,8.21774650815147e-6
4,4,8,NaN
3,5,8,NaN
5,3,8,0.0320862846643805
8,0,8,0.929018891880075
4,4,8,0.09466151256686162
1,7,8,0.02192870499927955
4,4,8,NaN
5,3,8,0.15681788281888331
5,3,8,0.847018481559038
4,4,8,NaN
6,2,8,0.04284062892133536
2,6,8,0.9011477651240992
6,2,8,NaN
2,6,8,NaN
3,5,8,NaN
2,6,8,0.7106302897733945
2,6,8,0.802297557591902
7,1,8,0.8257152214189352
4,4,8,0.929018891880075
4,4,8,0.49517317979331793
3,5,8,NaN
6,2,8,NaN
2,6,8,0.1187098235679931
7,1,8,0.3994536466045877
5,3,8,0.015565671711291711
6,2,8,NaN
3,5,8,0.7741525432089743
2,6,8,0.6311253596222562
6,2,8,NaN
5,3,8,0.8992438708200093
1,7,8,0.6734037797783934
2,6,8,NaN
5,3,8,0.0009473355743848006
4,4,8,NaN
3,5,8,NaN
3,5,8,NaN
6,2,8,NaN
1,7,8,0.4969744917141452
4,4,8,0.847018481559038
3,5,8,NaN
6,2,8,0.00024503985363409707
3,5,8,0.15681788281888331
5,3,8,3.20268270111559e-5
4,4,8,NaN
4,4,8,0.02097058734344152
4,4,8,0.5399991833128603
5,3,8,NaN
3,5,8,NaN
7,1,8,0.008695544349400177
4,4,8,0.3350860669500601
5,3,8,NaN
5,3,8,NaN
2,6,8,NaN
7,1,8,NaN
4,4,8,0.9509474090073529
4,4,8,NaN
6,2,8,NaN
1,7,8,0.1187098235679931
5,3,8,NaN
3,5,8,0.5865178779178963
6,2,8,NaN
6,2,8,0.0320862846643805
2,6,8,NaN
4,4,8,NaN
6,2,8,0.24057453370157497
6,2,8,NaN
3,5,8,0.718139534209244
2,6,8,NaN
7,1,8,NaN
4,4,8,NaN
8,0,8,0.7348554722054095
5,3,8,0.6734037797783934
6,2,8,0.008127758668853905
3,5,8,0.00014209339604737278
4,4,8,0.7104721514502929
6,2,8,0.7741525432089743
4,4,8,0.017959370146063955
3,5,8,0.03713138400000036
3,5,8,0.015565671711291711
2,6,8,0.4479232155172413
4,4,8,0.1022633479497511
8,0,8,0.00020925195458486995
4,4,8,0.20640037295164992
6,2,8,0.5399991833128603
7,1,8,0.3547876049703248
1,7,8,NaN
4,4,8,0.6734037797783934
2,6,8,0.012891032446004893
6,2,8,0.4479232155172413
2,6,8,0.4479232155172413
4,4,8,0.7741525432089743
3,5,8,0.0889252594028693
5,3,8,0.5900734923247717
4,4,8,0.5399991833128603
5,3,8,0.09546358075942761
6,2,8,NaN
7,1,8,5.733243944994069e-6
4,4,8,0.012497774037890796
2,6,8,0.1022633479497511
7,1,8,NaN
7,1,8,0.9409499775572661
6,2,8,NaN
1,7,8,0.7741525432089743
5,3,8,0.41541099834515716
2,6,8,0.8571668666950997
3,5,8,0.9158013531976743
6,2,8,NaN
3,5,8,NaN
5,3,8,0.5399991833128603
5,3,8,NaN
4,4,8,NaN
3,5,8,0.15681788281888331
3,5,8,NaN
5,3,8,NaN
5,3,8,NaN
1,7,8,0.18051831243523325
4,4,8,0.25788831947154384
4,4,8,NaN
1,7,8,NaN
5,3,8,0.13607587061668683
3,5,8,0.49517317979331793
2,6,8,NaN
5,3,8,0.49517317979331793
4,4,8,NaN
4,4,8,0.04201211332929016
8,0,8,0.8673895283120647
3,5,8,NaN
3,5,8,NaN
2,6,8,NaN
2,6,8,NaN
5,3,8,NaN
3,5,8,NaN
2,6,8,NaN
2,6,8,NaN
2,6,8,0.9811196105389223
3,5,8,NaN
2,6,8,0.8795776510287957
6,2,8,0.9604525435576103
2,6,8,NaN
2,6,8,NaN
5,3,8,0.7436042216854737
4,4,8,0.07730957836924375
2,6,8,0.8436342618029716
2,6,8,0.7436042216854737
4,4,8,0.15681788281888331
5,3,8,0.8842791248293348
5,3,8,NaN
7,1,8,0.7106302897733945
1,7,8,0.9409499775572661
6,2,8,NaN
3,5,8,0.06733047183748836
2,6,8,NaN
4,4,8,0.3545890738916256
5,3,8,NaN
4,4,8,0.0889252594028693
7,1,8,0.07730957836924375
4,4,8,NaN
5,3,8,0.6311253596222562
1,7,8,NaN
4,4,8,0.3399509111377914
2,6,8,0.3545890738916256
6,2,8,NaN
3,5,8,NaN
4,4,8,0.5399991833128603
1,7,8,0.802297557591902
7,1,8,0.07100365953453246
4,4,8,0.9509474090073529
7,1,8,0.6734037797783934
4,4,8,3.280035176130716e-8
3,5,8,NaN
6,2,8,NaN
3,5,8,0.010777834245389788
3,5,8,0.015138463444978371
4,4,8,NaN
5,3,8,NaN
6,2,8,0.31395395753854205
4,4,8,NaN
2,6,8,0.3545890738916256
4,4,8,NaN
4,4,8,NaN
4,4,8,NaN
3,5,8,NaN
1,7,8,NaN
3,5,8,NaN
6,2,8,0.847018481559038
8,0,8,0.27711952186670386
6,2,8,0.4583952922997015
6,2,8,0.02420793861740178
6,2,8,NaN
4,4,8,0.1872370577351208
2,6,8,0.7106302897733945
8,0,8,NaN
5,3,8,0.3545890738916256
7,1,8,0.5399991833128603
6,2,8,0.49517317979331793
5,3,8,0.929018891880075
6,2,8,NaN
6,2,8,0.4479232155172413
8,0,8,0.05777681313131297
5,3,8,NaN
4,4,8,NaN
7,1,8,NaN
4,4,8,NaN
6,2,8,0.18051831243523325
3,5,8,NaN
4,4,8,0.9509474090073529
5,3,8,0.6311253596222562
5,3,8,NaN
2,6,8,NaN
3,5,8,0.7741525432089743
2,6,8,NaN
6,2,8,0.5399991833128603
2,6,8,0.18051831243523325
4,4,8,0.7729979933632203
6,2,8,0.23066357450658773
2,6,8,0.049784193691201066
5,3,8,0.12020091938071377
4,4,8,NaN
6,2,8,0.026693159165830854
6,2,8,0.014231903965098018
7,1,8,0.6311253596222562
6,2,8,0.9604525435576103
4,4,8,0.2714138777515275
2,6,8,NaN
6,2,8,NaN
4,4,8,0.3994536466045877
5,3,8,0.8257152214189352
6,2,8,0.7106302897733945
3,5,8,0.0889252594028693
6,2,8,0.00760369138480233
3,5,8,0.5399991833128603
4,4,8,0.17773415564455738
5,3,8,NaN
7,1,8,NaN
1,7,8,NaN
4,4,8,0.07726215046854853
5,3,8,NaN
7,1,8,0.9889580154028568
1,7,8,NaN
2,6,8,NaN
3,5,8,0.5399991833128603
5,3,8,0.19536523036105982
5,3,8,0.05049533303829848
6,2,8,0.9893409295121445
4,4,8,0.9509474090073529
6,2,8,0.9440908510654427
4,4,8,NaN
6,2,8,NaN
3,5,8,NaN
5,3,8,NaN
6,2,8,0.7741525432089743
4,4,8,0.06631835593626187
5,3,8,NaN
2,6,8,0.7106302897733945
2,6,8,0.3484642249159966
1,7,8,0.24057453370157497
6,2,8,NaN
3,5,8,0.13563376435259356
3,5,8,NaN
4,4,8,0.6311253596222562
4,4,8,NaN
5,3,8,0.007549025419144898
4,4,8,NaN
3,5,8,NaN
1,7,8,NaN
3,5,8,NaN
4,4,8,NaN
3,5,8,NaN
5,3,8,NaN
3,5,8,NaN
8,0,8,0.06733047183748836
4,4,8,0.18051831243523325
3,5,8,0.15681788281888331
3,5,8,0.004035747509798401
3,5,8,0.09484443756012188
5,3,8,0.9509474090073529
6,2,8,0.6311253596222562
5,3,8,0.3477631305267253
7,1,8,0.7106302897733945
2,6,8,NaN
4,4,8,0.6416022215212311
4,4,8,0.24057453370157497
6,2,8,0.9604525435576103
6,2,8,0.6311253596222562
5,3,8,0.847018481559038
7,1,8,0.27352236718258877
6,2,8,0.8257152214189352
5,3,8,0.9158013531976743
3,5,8,0.6841566274703473
4,4,8,0.5399991833128603
6,2,8,0.14496584283642439
2,6,8,0.9942982452701703
7,1,8,0.0018140749811453875
3,5,8,0.929018891880075
3,5,8,0.1187098235679931
7,1,8,NaN
2,6,8,NaN
1,7,8,NaN
2,6,8,NaN
3,5,8,0.8842791248293348
1,7,8,0.3547876049703248
5,3,8,NaN
2,6,8,NaN
3,5,8,NaN
3,5,8,NaN
2,6,8,0.3916871069372724
3,5,8,NaN
7,1,8,0.9011477651240992
4,4,8,0.31395395753854205
6,2,8,NaN
1,7,8,NaN
2,6,8,0.3545890738916256
3,5,8,NaN
5,3,8,NaN
6,2,8,NaN
3,5,8,0.9858284791076382
8,0,8,0.24057453370157497
3,5,8,0.3994536466045877
4,4,8,NaN
5,3,8,NaN
3,5,8,0.7436042216854737
6,2,8,NaN
8,0,8,NaN
3,5,8,0.07730957836924375
2,6,8,NaN
3,5,8,0.46391928723198983
3,5,8,0.3994536466045877
1,7,8,0.5399991833128603
3,5,8,0.9604525435576103
3,5,8,NaN
4,4,8,0.7741525432089743
3,5,8,0.8744255981088084
1,7,8,NaN
2,6,8,NaN
4,4,8,NaN
1,7,8,0.20910819076120546
6,2,8,NaN
4,4,8,NaN
5,3,8,0.20910819076120546
3,5,8,NaN
4,4,8,0.8598814536924113
4,4,8,0.044928271755372846
4,4,8,0.6734037797783934
6,2,8,0.49517317979331793
3,5,8,0.02420793861740178
6,2,8,NaN
6,2,8,0.00020210957871772114
5,3,8,0.9604525435576103
4,4,8,NaN
2,6,8,NaN
2,6,8,0.8916232459805725
3,5,8,0.0320862846643805
2,6,8,0.41718013456084124
4,4,8,NaN
3,5,8,0.847018481559038
3,5,8,0.6905980899171439
3,5,8,0.6311253596222562
5,3,8,0.7106302897733945
2,6,8,NaN
3,5,8,0.7436042216854737
3,5,8,0.24763932860721807
4,4,8,0.6734037797783934
4,4,8,0.027828197784382988
3,5,8,NaN
4,4,8,0.8257152214189352
1,7,8,NaN
1,7,8,NaN
2,6,8,NaN
4,4,8,NaN
6,2,8,NaN
2,6,8,NaN
4,4,8,NaN
4,4,8,NaN
5,3,8,0.5825074678925727
5,3,8,0.11950550525264345
3,5,8,0.5865178779178963
7,1,8,0.24057453370157497
5,3,8,0.9746285957804892
2,6,8,0.017959370146063955
3,5,8,0.20510834157609914
2,6,8,0.18051831243523325
4,4,8,NaN
2,6,8,NaN
3,5,8,0.31395395753854205
6,2,8,NaN
2,6,8,NaN
5,3,8,5.6241902098993906e-5
3,5,8,NaN
3,5,8,0.23105099657908976
4,4,8,0.06733047183748836
2,6,8,NaN
6,2,8,NaN
3,5,8,0.5023651806949931
1,7,8,NaN
3,5,8,NaN
6,2,8,0.0320862846643805
3,5,8,0.3779548594454738
1,7,8,0.09484443756012188
3,5,8,0.5865178779178963
5,3,8,NaN
6,2,8,NaN
5,3,8,0.7436042216854737
7,1,8,0.869022721606519
1,7,8,0.20910819076120546
3,5,8,0.15973795456562584
3,5,8,NaN
3,5,8,NaN
6,2,8,NaN
6,2,8,NaN
4,4,8,0.776040437978274
5,3,8,0.5865178779178963
3,5,8,0.3912454270550805
4,4,8,0.9676842886660223
7,1,8,0.4479232155172413
3,5,8,0.4583942082714112
3,5,8,0.002188156481860565
4,4,8,0.015565671711291711
4,4,8,NaN
5,3,8,NaN
2,6,8,NaN
6,2,8,NaN
4,4,8,NaN
8,0,8,0.49517317979331793
3,5,8,NaN
3,5,8,0.9298958477847465
4,4,8,0.0320862846643805
6,2,8,0.06916777859357684
2,6,8,0.02097058734344152
5,3,8,0.26067874293238946
2,6,8,0.3545890738916256
7,1,8,0.0012997117728257605
3,5,8,NaN
2,6,8,0.0320862846643805
2,6,8,0.06916777859357684
2,6,8,0.49517317979331793
4,4,8,0.1820410686964438
2,6,8,NaN
4,4,8,NaN
1,7,8,0.6767801563867267
3,5,8,NaN
3,5,8,NaN
1,7,8,NaN
5,3,8,0.49517317979331793
6,2,8,0.9858284791076382
4,4,8,NaN
3,5,8,0.049784193691201066
2,6,8,NaN
6,2,8,0.049784193691201066
4,4,8,NaN
1,7,8,0.20910819076120546
2,6,8,NaN
4,4,8,NaN
5,3,8,0.07730957836924375
7,1,8,0.0320862846643805
3,5,8,0.6311253596222562
2,6,8,NaN
3,5,8,0.3994536466045877
3,5,8,0.012628716080674562
5,3,8,0.9676842886660223
1,7,8,0.17659347355823923
4,4,8,NaN
3,5,8,0.2952807525143654
2,6,8,0.5865178779178963
5,3,8,0.3545890738916256
1,7,8,0.9604525435576103
5,3,8,NaN
4,4,8,NaN
2,6,8,NaN
5,3,8,NaN
3,5,8,NaN
3,5,8,0.7881160928104968
4,4,8,0.8916232459805725
2,6,8,0.5110777365281202
6,2,8,0.004739490636704777
3,5,8,0.004090871616932862
5,3,8,NaN
4,4,8,NaN
5,3,8,NaN
2,6,8,NaN
1,7,8,0.4479977652467106
3,5,8,0.4479232155172413
3,5,8,0.6336290794656994
4,4,8,NaN
1,7,8,0.27711952186670386
4,4,8,NaN
2,6,8,0.4479232155172413
8,0,8,NaN
3,5,8,0.13607587061668683
1,7,8,0.027828197784382988
6,2,8,0.9811196105389223
1,7,8,0.1022633479497511
1,7,8,NaN
5,3,8,0.9961177419488393
4,4,8,0.802297557591902
3,5,8,NaN
5,3,8,NaN
4,4,8,0.7233637687754245
4,4,8,NaN
5,3,8,0.10781270008809918
2,6,8,NaN
5,3,8,0.31395395753854205
1,7,8,0.18051831243523325
1,7,8,0.18051831243523325
6,2,8,0.02420793861740178
3,5,8,0.13607587061668683
1,7,8,0.5865178779178963
3,5,8,NaN
3,5,8,0.6734037797783934
4,4,8,NaN
5,3,8,0.3994536466045877
3,5,8,0.0889252594028693
7,1,8,0.27711952186670386
2,6,8,0.27711952186670386
2,6,8,0.3994536466045877
2,6,8,0.5399991833128603
5,3,8,0.7741525432089743
3,5,8,NaN
4,4,8,NaN
1,7,8,0.02097058734344152
3,5,8,0.27352236718258877
3,5,8,0.6573660683487433
3,5,8,0.6685170707645344
3,5,8,NaN
6,2,8,NaN
3,5,8,0.12561761538857769
5,3,8,NaN
3,5,8,0.5865178779178963
2,6,8,0.027828197784382988
4,4,8,NaN
5,3,8,0.8040097821589668
4,4,8,0.00804473515058888
1,7,8,0.06733047183748836
5,3,8,NaN
3,5,8,0.776848760122204
2,6,8,0.44609282018508495
3,5,8,NaN
6,2,8,NaN
2,6,8,NaN
7,1,8,NaN
1,7,8,0.17014450929647276
1,7,8,0.027828197784382988
3,5,8,NaN
3,5,8,NaN
2,6,8,0.049784193691201066
3,5,8,NaN
5,3,8,NaN
3,5,8,0.8257152214189352
3,5,8,0.7655470426852674
3,5,8,0.49517317979331793
2,6,8,0.31603239542561734
5,3,8,NaN
5,3,8,NaN
5,3,8,0.5399991833128603
2,6,8,0.0320862846643805
4,4,8,0.7436042216854737
3,5,8,0.15681788281888331
2,6,8,0.7436042216854737
4,4,8,NaN
1,7,8,NaN
1,7,8,0.7017144145017566
1,7,8,NaN
4,4,8,NaN
6,2,8,NaN
2,6,8,NaN
1,7,8,0.820375357740525
2,6,8,NaN
2,6,8,0.2439236941171784
2,6,8,0.802297557591902
2,6,8,0.3545890738916256
2,6,8,0.6734037797783934
1,7,8,NaN
5,3,8,0.1022633479497511
2,6,8,0.007398695289084185
5,3,8,0.7436042216854737
4,4,8,NaN
4,4,8,NaN
3,5,8,NaN
2,6,8,0.4479232155172413
3,5,8,NaN
4,4,8,NaN
2,6,8,0.7106302897733945
4,4,8,0.15681788281888331
5,3,8,0.03713138400000036
1,7,8,0.9158013531976743
2,6,8,0.7741525432089743
4,4,8,0.802297557591902
3,5,8,NaN
2,6,8,0.49517317979331793
3,5,8,0.31395395753854205
4,4,8,NaN
1,7,8,0.7741525432089743
2,6,8,0.6311253596222562
3,5,8,NaN
3,5,8,0.6734037797783934
3,5,8,0.9011477651240992
2,6,8,0.0889252594028693
1,7,8,0.6207832595792885
1,7,8,0.4149918761620959
3,5,8,0.0016986685236768328
2,6,8,0.4479232155172413
3,5,8,0.009138191808191554
5,3,8,0.4209146600800897
2,6,8,0.5696310514948689
1,7,8,0.9011477651240992
4,4,8,0.9158013531976743
2,6,8,0.3545890738916256
3,5,8,NaN
4,4,8,0.005639017211921314
2,6,8,7.97473742069532e-5
2,6,8,NaN
2,6,8,NaN
1,7,8,0.847018481559038
1,7,8,0.20910819076120546
1,7,8,0.0889252594028693
3,5,8,0.5399991833128603
5,3,8,0.9746285957804892
1,7,8,0.0008899002408405027
4,4,8,NaN
2,6,8,NaN
2,6,8,NaN
3,5,8,0.7741525432089743
2,6,8,NaN
1,7,8,NaN
2,6,8,0.7106302897733945
2,6,8,0.1187098235679931
1,7,8,0.5865178779178963
1,7,8,7.175497245665936e-8
4,4,8,0.8673895283120647
4,4,8,NaN
5,3,8,NaN
1,7,8,0.7651329066299523
2,6,8,0.24057453370157497
1,7,8,NaN
2,6,8,NaN
4,4,8,NaN
1,7,8,NaN
1,7,8,NaN
2,6,8,NaN
2,6,8,0.1187098235679931
3,5,8,0.31395395753854205
1,7,8,0.15681788281888331
2,6,8,0.6311253596222562
2,6,8,NaN
1,7,8,NaN
1,7,8,NaN
2,6,8,NaN
1,7,8,0.13607587061668683
1,7,8,NaN
2,6,8,NaN
2,6,8,NaN
1,7,8,0.802297557591902
4,4,8,NaN
1,7,8,0.5399991833128603
2,6,8,0.15681788281888331
1,7,8,0.4479232155172413
3,5,8,0.7436042216854737
1,7,8,0.04536895532367092
2,6,8,0.27711952186670386
2,6,8,0.5469079867679913
2,6,8,NaN
2,6,8,0.3545890738916256
4,4,8,NaN
2,6,8,0.03144231519642095
3,5,8,0.6311253596222562
4,4,8,0.02420793861740178
2,6,8,0.02420793861740178
1,7,8,NaN
1,7,8,NaN
1,7,8,0.3545890738916256
1,7,8,NaN
1,7,8,0.3994536466045877
2,6,8,0.8257152214189352
1,7,8,0.6311253596222562
1,7,8,NaN
2,6,8,0.5399991833128603
1,7,8,NaN
5,3,8,0.15681788281888331
1,7,8,NaN
2,6,8,NaN
2,6,8,NaN
1,7,8,NaN
1,7,8,NaN
3,5,8,0.00012144111897993791
1,7,8,NaN
3,5,8,0.39023201663345225
2,6,8,0.7741525432089743
1,7,8,0.27711952186670386
2,6,8,0.011397017604605493
2,6,8,NaN
1,7,8,NaN
1,7,8,0.08477160248514444
1,7,8,NaN
3,5,8,NaN
3,5,8,NaN
1,7,8,0.9409499775572661
2,6,8,0.7741525432089743
1,7,8,NaN
1,7,8,0.4479232155172413
2,6,8,0.49517317979331793
1,7,8,0.15681788281888331
2,6,8,NaN
1,7,8,0.3994536466045877
1,7,8,0.5865178779178963
1,7,8,0.5727764712146453
1,7,8,NaN
1,7,8,0.9158013531976743
1,7,8,0.802297557591902
1,7,8,0.3994536466045877
2,6,8,NaN
1,7,8,NaN
1,7,8,0.1022633479497511
1,7,8,NaN
1,7,8,0.9341239860179514
1,7,8,0.3994536466045877
0,8,8,NaN
0,8,8,0.6734037797783934
0,8,8,0.5865178779178963
0,8,8,0.5865178779178963
0,8,8,NaN
0,8,8,0.44040752797241234
0,8,8,0.6405948655815964
0,8,8,0.0033222424293639697
0,8,8,NaN
0,8,8,NaN
0,8,8,NaN
0,8,8,0.009138191808191554
0,8,8,NaN
0,8,8,NaN
0,8,8,NaN
0,8,8,NaN
0,8,8,NaN
0,8,8,0.029481696016492
0,8,8,NaN
0,8,8,NaN
0,8,8,NaN
0,8,8,0.49275525826604244
0,8,8,0.027828197784382988
0,8,8,NaN
0,8,8,NaN
0,8,8,NaN
0,8,8,NaN
0,8,8,NaN
0,8,8,0.49517317979331793
0,8,8,0.0003097350168960046
0,8,8,0.6734037797783934
0,8,8,0.49517317979331793
0,8,8,0.31395395753854205
0,8,8,0.19323419869021943
0,8,8,0.0889252594028693
0,8,8,NaN
0,8,8,NaN
0,8,8,NaN
0,8,8,0.847018481559038
0,8,8,NaN
0,8,8,0.0022928851255832015
0,8,8,0.49517317979331793
0,8,8,0.9158013531976743
0,8,8,NaN
0,8,8,NaN
0,8,8,0.0011376796923131742
0,8,8,0.1980570507772982
0,8,8,0.05777681313131297
0,8,8,NaN
0,8,8,6.893803819924674e-7
0,8,8,NaN
0,8,8,0.3380276557355201
0,8,8,NaN
0,8,8,NaN
0,8,8,0.004739490636704777
0,8,8,0.8028345924731207
0,8,8,NaN
0,8,8,NaN
0,8,8,NaN
0,8,8,0.3994536466045877
0,8,8,0.05777681313131297
0,8,8,NaN
0,8,8,0.1392031440580197
0,8,8,NaN
0,8,8,NaN
0,8,8,NaN
0,8,8,NaN
0,8,8,NaN
0,8,8,0.3545890738916256
0,8,8,0.926153125093073
0,8,8,0.929018891880075
0,8,8,0.1022633479497511
0,8,8,0.9011477651240992
0,8,8,0.540645857966063
0,8,8,0.9158013531976743
0,8,8,NaN
0,8,8,NaN
0,8,8,0.017959370146063955
0,8,8,0.3198396634552148
0,8,8,NaN
0,8,8,0.5865178779178963
0,8,8,NaN
0,8,8,NaN
0,8,8,NaN
0,8,8,0.01595445819901555
0,8,8,NaN
1,6,7,0.5462371032671539
2,5,7,0.31395395753854205
3,4,7,0.05777681313131297
4,3,7,0.7106302897733945
3,4,7,NaN
6,1,7,NaN
5,2,7,0.1022633479497511
4,3,7,0.0889252594028693
2,5,7,NaN
7,0,7,0.5399991833128603
3,4,7,0.5399991833128603
7,0,7,NaN
4,3,7,NaN
3,4,7,NaN
3,4,7,0.6734037797783934
5,2,7,0.8257152214189352
7,0,7,NaN
1,6,7,NaN
7,0,7,0.6907170725505699
5,2,7,0.09005482002401716
7,0,7,NaN
3,4,7,NaN
4,3,7,0.009823322723247398
4,3,7,NaN
6,1,7,NaN
4,3,7,NaN
5,2,7,0.49517317979331793
4,3,7,0.15594870895557103
3,4,7,NaN
2,5,7,NaN
5,2,7,0.00012356900630094614
3,4,7,0.6311253596222562
1,6,7,0.4479232155172413
3,4,7,0.3545890738916256
4,3,7,NaN
2,5,7,0.047237805464680246
4,3,7,NaN
6,1,7,NaN
6,1,7,NaN
3,4,7,0.1187098235679931
4,3,7,NaN
5,2,7,NaN
2,5,7,0.3545890738916256
5,2,7,NaN
3,4,7,0.6437002016362401
4,3,7,NaN
4,3,7,NaN
3,4,7,NaN
7,0,7,NaN
4,3,7,NaN
3,4,7,NaN
4,3,7,0.776040437978274
6,1,7,NaN
2,5,7,0.7106302897733945
4,3,7,NaN
3,4,7,NaN
6,1,7,NaN
7,0,7,0.3738192283822547
5,2,7,0.07730957836924375
5,2,7,0.999645037994863
5,2,7,0.5989672627332234
4,3,7,NaN
4,3,7,0.06733047183748836
6,1,7,NaN
6,1,7,0.9946506133099121
5,2,7,0.9158013531976743
7,0,7,0.7436042216854737
4,3,7,NaN
3,4,7,NaN
4,3,7,NaN
4,3,7,NaN
5,2,7,NaN
7,0,7,0.00784061073528121
1,6,7,NaN
2,5,7,0.8257152214189352
7,0,7,NaN
5,2,7,NaN
6,1,7,0.3994536466045877
3,4,7,NaN
3,4,7,0.802297557591902
3,4,7,0.20910819076120546
4,3,7,NaN
4,3,7,0.13607587061668683
3,4,7,0.49517317979331793
5,2,7,NaN
3,4,7,0.03728170153039485
5,2,7,NaN
3,4,7,NaN
4,3,7,0.1187098235679931
2,5,7,0.49517317979331793
1,6,7,0.6865976843067989
4,3,7,0.49517317979331793
5,2,7,NaN
6,1,7,NaN
2,5,7,0.6311253596222562
4,3,7,NaN
4,3,7,0.6734037797783934
1,6,7,0.7741525432089743
3,4,7,0.8673895283120647
3,4,7,0.7436042216854737
4,3,7,NaN
4,3,7,NaN
1,6,7,0.8842791248293348
5,2,7,NaN
1,6,7,0.07730957836924375
4,3,7,NaN
3,4,7,NaN
6,1,7,0.484354867068159
7,0,7,0.06733047183748836
5,2,7,0.9676842886660223
4,3,7,0.07522968250383492
5,2,7,NaN
3,4,7,NaN
4,3,7,1.8207561424209555e-5
5,2,7,NaN
2,5,7,0.49517317979331793
4,3,7,0.4479232155172413
3,4,7,NaN
3,4,7,0.012472797278221457
3,4,7,0.15851141177054492
1,6,7,NaN
5,2,7,0.0001988314804052343
5,2,7,0.20910819076120546
2,5,7,0.004035747509798401
4,3,7,0.8842791248293348
3,4,7,NaN
5,2,7,0.7106302897733945
2,5,7,0.1022633479497511
7,0,7,0.2119014775868108
3,4,7,0.15681788281888331
2,5,7,NaN
6,1,7,0.03713138400000036
5,2,7,0.17477567063398797
3,4,7,NaN
5,2,7,0.7741525432089743
7,0,7,0.8389173376978637
1,6,7,0.0009965193723479844
1,6,7,0.6037063877531563
5,2,7,NaN
4,3,7,NaN
5,2,7,0.19052251951160107
4,3,7,NaN
4,3,7,NaN
7,0,7,NaN
5,2,7,0.0011386755458156449
4,3,7,0.25120969060920184
6,1,7,NaN
5,2,7,0.5399991833128603
1,6,7,NaN
5,2,7,0.1022633479497511
4,3,7,NaN
6,1,7,NaN
7,0,7,0.5865178779178963
2,5,7,NaN
4,3,7,0.9604525435576103
6,1,7,NaN
5,2,7,0.15681788281888331
4,3,7,0.7339264406333121
5,2,7,NaN
7,0,7,NaN
2,5,7,0.3994536466045877
6,1,7,0.8257152214189352
2,5,7,0.0173166299525607
6,1,7,0.9509474090073529
4,3,7,NaN
3,4,7,NaN
7,0,7,0.0031938853387681147
6,1,7,NaN
5,2,7,0.9811196105389223
2,5,7,0.15681788281888331
5,2,7,0.15681788281888331
6,1,7,0.7741525432089743
3,4,7,0.014235065545369175
4,3,7,0.7741525432089743
5,2,7,0.023228278903517006
3,4,7,0.3994536466045877
5,2,7,NaN
7,0,7,NaN
5,2,7,NaN
4,3,7,0.02097058734344152
1,6,7,0.847018481559038
2,5,7,0.3994536466045877
3,4,7,NaN
5,2,7,NaN
4,3,7,0.05777681313131297
3,4,7,NaN
2,5,7,0.835301039227644
7,0,7,0.35331104284506026
3,4,7,NaN
4,3,7,0.05617277852832814
5,2,7,NaN
4,3,7,0.04284062892133536
4,3,7,NaN
3,4,7,NaN
5,2,7,NaN
3,4,7,0.4479232155172413
2,5,7,NaN
2,5,7,0.5210532687769253
5,2,7,NaN
5,2,7,NaN
4,3,7,0.44528870286288275
7,0,7,NaN
4,3,7,0.7106302897733945
7,0,7,0.7741525432089743
3,4,7,0.4479232155172413
4,3,7,0.22488665039742023
2,5,7,NaN
6,1,7,NaN
4,3,7,NaN
7,0,7,0.5399991833128603
3,4,7,NaN
6,1,7,NaN
1,6,7,NaN
6,1,7,0.2672631005041597
3,4,7,0.5734925009270145
7,0,7,NaN
5,2,7,0.00139249308162035
1,6,7,0.012926942381561383
4,3,7,NaN
4,3,7,0.5399991833128603
4,3,7,0.5865178779178963
6,1,7,NaN
4,3,7,NaN
5,2,7,NaN
6,1,7,0.08152086084844426
3,4,7,0.7741525432089743
4,3,7,0.4479232155172413
5,2,7,0.3994536466045877
5,2,7,0.49517317979331793
6,1,7,0.07730957836924375
4,3,7,0.5666534164171249
5,2,7,0.802297557591902
2,5,7,0.49517317979331793
5,2,7,NaN
4,3,7,NaN
4,3,7,NaN
6,1,7,NaN
3,4,7,NaN
5,2,7,0.7911041440697268
7,0,7,NaN
4,3,7,0.9604525435576103
4,3,7,NaN
4,3,7,NaN
6,1,7,NaN
4,3,7,0.6734037797783934
4,3,7,0.0015176221423652712
4,3,7,0.06853169574186166
1,6,7,NaN
3,4,7,0.004739490636704777
6,1,7,0.3884288458260033
6,1,7,0.9342514082926199
6,1,7,0.18051831243523325
2,5,7,NaN
4,3,7,0.98719016749883
5,2,7,0.1187098235679931
3,4,7,0.9604525435576103
6,1,7,0.9893409295121445
1,6,7,0.5865178779178963
4,3,7,NaN
1,6,7,0.5844982985806545
6,1,7,0.31395395753854205
3,4,7,0.6956703221916009
3,4,7,NaN
4,3,7,0.009138191808191554
6,1,7,NaN
6,1,7,NaN
6,1,7,0.8257152214189352
3,4,7,NaN
2,5,7,0.07453708639731435
1,6,7,0.6418543308408489
5,2,7,NaN
3,4,7,0.0033222424293639697
6,1,7,0.13607587061668683
5,2,7,NaN
3,4,7,0.09381469206697078
6,1,7,NaN
7,0,7,0.0320862846643805
4,3,7,0.5865178779178963
5,2,7,0.7741525432089743
4,3,7,NaN
2,5,7,0.05777681313131297
3,4,7,0.9158013531976743
2,5,7,NaN
3,4,7,0.05777681313131297
4,3,7,0.07730957836924375
3,4,7,NaN
6,1,7,NaN
4,3,7,NaN
3,4,7,0.5399991833128603
2,5,7,0.051635510066632286
4,3,7,NaN
4,3,7,0.5399991833128603
7,0,7,NaN
2,5,7,0.7228505724295148
5,2,7,NaN
4,3,7,0.8257152214189352
4,3,7,0.15681788281888331
3,4,7,0.3994536466045877
4,3,7,0.6311253596222562
5,2,7,0.5865178779178963
6,1,7,0.6734037797783934
4,3,7,0.06733047183748836
5,2,7,4.5255633358995024e-5
4,3,7,NaN
6,1,7,0.5399991833128603
4,3,7,0.049784193691201066
3,4,7,0.004208634087147453
2,5,7,NaN
1,6,7,NaN
4,3,7,0.7106302897733945
7,0,7,0.1187098235679931
6,1,7,0.8842791248293348
5,2,7,NaN
5,2,7,NaN
4,3,7,0.04035333532585377
3,4,7,0.5399991833128603
4,3,7,NaN
7,0,7,0.05717363127133481
6,1,7,0.4767808031577048
3,4,7,0.04035333532585377
3,4,7,0.3545890738916256
4,3,7,0.9811196105389223
6,1,7,NaN
4,3,7,NaN
4,3,7,0.6717831635590189
2,5,7,0.24057453370157497
1,6,7,NaN
3,4,7,0.012926942381561383
2,5,7,0.8257152214189352
6,1,7,0.009138191808191554
6,1,7,NaN
4,3,7,0.27352236718258877
3,4,7,NaN
5,2,7,0.54139181216883
2,5,7,0.05777681313131297
3,4,7,NaN
6,1,7,NaN
2,5,7,0.8842791248293348
5,2,7,0.5399991833128603
6,1,7,0.7436042216854737
7,0,7,NaN
4,3,7,0.027828197784382988
2,5,7,NaN
4,3,7,NaN
6,1,7,0.37736988066649296
6,1,7,NaN
3,4,7,NaN
5,2,7,0.021171625963083043
3,4,7,0.8187114055429258
2,5,7,0.03713138400000036
5,2,7,0.0889252594028693
6,1,7,NaN
2,5,7,0.4479232155172413
5,2,7,0.24057453370157497
2,5,7,0.6827991160889261
6,1,7,NaN
7,0,7,0.20910819076120546
4,3,7,0.9011477651240992
7,0,7,0.6311253596222562
4,3,7,0.5399991833128603
6,1,7,0.00760369138480233
5,2,7,0.9509474090073529
5,2,7,NaN
3,4,7,0.7106302897733945
3,4,7,0.847018481559038
5,2,7,0.0004450465484970372
4,3,7,0.27711952186670386
2,5,7,0.8842791248293348
4,3,7,NaN
5,2,7,NaN
2,5,7,0.5865178779178963
3,4,7,NaN
3,4,7,NaN
5,2,7,NaN
3,4,7,0.7106302897733945
1,6,7,NaN
2,5,7,0.1022633479497511
5,2,7,NaN
4,3,7,NaN
4,3,7,0.15681788281888331
4,3,7,NaN
4,3,7,0.9942982452701703
5,2,7,0.802297557591902
4,3,7,0.7106302897733945
3,4,7,0.12017559298362766
3,4,7,0.3994536466045877
7,0,7,0.7436042216854737
6,1,7,0.7106302897733945
4,3,7,0.7106302897733945
4,3,7,0.664424114306083
5,2,7,0.7106302897733945
3,4,7,0.9509474090073529
4,3,7,0.15681788281888331
4,3,7,0.5469079867679913
3,4,7,NaN
6,1,7,NaN
3,4,7,NaN
5,2,7,0.9419990161270739
4,3,7,NaN
4,3,7,0.9011477651240992
6,1,7,0.07730957836924375
3,4,7,0.0016092971467093276
6,1,7,0.0530740040232786
4,3,7,0.1022633479497511
3,4,7,0.49517317979331793
1,6,7,0.5865178779178963
3,4,7,NaN
7,0,7,NaN
2,5,7,NaN
5,2,7,NaN
5,2,7,NaN
4,3,7,NaN
3,4,7,0.49517317979331793
2,5,7,0.7233637687754245
3,4,7,0.15681788281888331
4,3,7,0.07730957836924375
5,2,7,0.6032353389044647
4,3,7,0.07628100280873812
4,3,7,NaN
5,2,7,0.31395395753854205
6,1,7,0.8842791248293348
5,2,7,NaN
6,1,7,0.9419025248140143
1,6,7,NaN
2,5,7,NaN
6,1,7,0.09530596605255301
4,3,7,NaN
3,4,7,0.4949281428995894
2,5,7,NaN
7,0,7,NaN
2,5,7,0.3545890738916256
3,4,7,0.5399991833128603
2,5,7,0.3545890738916256
2,5,7,0.213903674277298
7,0,7,NaN
1,6,7,0.004688964752418836
4,3,7,0.802297557591902
4,3,7,0.7436042216854737
3,4,7,0.027828197784382988
3,4,7,0.9011477651240992
3,4,7,0.24605265669891743
4,3,7,0.49517317979331793
4,3,7,0.5621529741166056
1,6,7,0.015565671711291711
4,3,7,0.0025056981962096677
3,4,7,NaN
4,3,7,0.3994536466045877
5,2,7,0.23382515477424853
4,3,7,NaN
4,3,7,NaN
6,1,7,0.7471890590008284
4,3,7,0.0320862846643805
3,4,7,NaN
4,3,7,0.07012801181317815
3,4,7,0.4479232155172413
7,0,7,0.24057453370157497
5,2,7,0.0320862846643805
1,6,7,NaN
2,5,7,0.049784193691201066
4,3,7,NaN
4,3,7,0.3894644489048146
6,1,7,1.3642299922960154e-7
1,6,7,0.847018481559038
2,5,7,0.9409499775572661
3,4,7,0.4479232155172413
3,4,7,NaN
6,1,7,NaN
4,3,7,0.09717817727915486
3,4,7,NaN
4,3,7,NaN
6,1,7,0.49275525826604244
3,4,7,0.3545890738916256
3,4,7,0.29627996588188826
4,3,7,0.24057453370157497
3,4,7,0.9158013531976743
4,3,7,0.8361178614997508
3,4,7,0.010830130456850473
4,3,7,NaN
7,0,7,NaN
5,2,7,0.06733047183748836
2,5,7,0.0006713636386394129
6,1,7,NaN
3,4,7,NaN
3,4,7,0.34227966032242485
3,4,7,0.0320862846643805
6,1,7,NaN
3,4,7,NaN
4,3,7,NaN
7,0,7,0.5399991833128603
3,4,7,NaN
3,4,7,0.3545890738916256
3,4,7,NaN
1,6,7,0.27711952186670386
3,4,7,0.8941369668875664
3,4,7,0.929018891880075
5,2,7,0.006446565319975242
4,3,7,0.7629999240852531
6,1,7,0.7741525432089743
2,5,7,NaN
5,2,7,NaN
3,4,7,0.8102844594619543
2,5,7,NaN
4,3,7,NaN
6,1,7,0.0889252594028693
4,3,7,NaN
4,3,7,0.24057453370157497
2,5,7,0.4479232155172413
1,6,7,NaN
5,2,7,0.3022554798980269
5,2,7,NaN
4,3,7,0.05777681313131297
3,4,7,0.9833480191994771
3,4,7,0.0320862846643805
4,3,7,0.5950640662721262
6,1,7,NaN
4,3,7,0.1187098235679931
6,1,7,NaN
6,1,7,0.0889252594028693
4,3,7,NaN
4,3,7,NaN
2,5,7,NaN
5,2,7,0.0889252594028693
4,3,7,0.9011477651240992
1,6,7,0.18051831243523325
3,4,7,0.0320862846643805
1,6,7,NaN
2,5,7,0.802297557591902
3,4,7,0.4479232155172413
4,3,7,NaN
3,4,7,NaN
3,4,7,0.31870964593075735
3,4,7,0.17206328417746
2,5,7,NaN
2,5,7,NaN
4,3,7,NaN
2,5,7,0.18051831243523325
6,1,7,0.9274752654099628
5,2,7,NaN
5,2,7,NaN
5,2,7,0.029496550530522848
5,2,7,NaN
3,4,7,0.9158013531976743
2,5,7,0.929018891880075
4,3,7,0.7436042216854737
6,1,7,NaN
2,5,7,NaN
5,2,7,0.8992438708200093
7,0,7,0.929018891880075
3,4,7,0.5865178779178963
4,3,7,0.7436042216854737
2,5,7,0.8417993240596657
5,2,7,0.9158013531976743
3,4,7,0.06610226416221757
6,1,7,NaN
3,4,7,NaN
5,2,7,NaN
4,3,7,NaN
3,4,7,0.3599959390430551
5,2,7,0.049784193691201066
7,0,7,0.3545890738916256
5,2,7,0.49517317979331793
1,6,7,NaN
4,3,7,NaN
2,5,7,NaN
3,4,7,NaN
3,4,7,0.7741525432089743
3,4,7,0.3994536466045877
2,5,7,NaN
3,4,7,NaN
4,3,7,0.8257152214189352
4,3,7,0.7436042216854737
3,4,7,NaN
3,4,7,0.7450336490930568
1,6,7,1.5226270911063383e-5
5,2,7,0.3545890738916256
5,2,7,NaN
1,6,7,0.05777681313131297
3,4,7,NaN
7,0,7,0.0004953620013196378
2,5,7,NaN
2,5,7,0.27711952186670386
3,4,7,0.7246638902614855
4,3,7,0.00010085336232696469
6,1,7,NaN
6,1,7,0.054665617459517535
5,2,7,0.802297557591902
2,5,7,0.5399991833128603
1,6,7,0.7741525432089743
1,6,7,0.20910819076120546
6,1,7,0.9858284791076382
4,3,7,0.29568245814347033
2,5,7,NaN
3,4,7,NaN
1,6,7,NaN
4,3,7,0.15681788281888331
3,4,7,0.9158013531976743
3,4,7,0.27711952186670386
4,3,7,0.10705286665462334
3,4,7,0.03873746977651958
3,4,7,0.5865178779178963
2,5,7,NaN
3,4,7,NaN
3,4,7,0.03713138400000036
5,2,7,NaN
3,4,7,0.1022633479497511
6,1,7,NaN
6,1,7,0.20910819076120546
4,3,7,0.7741525432089743
4,3,7,NaN
4,3,7,NaN
5,2,7,NaN
6,1,7,7.977032282229615e-6
5,2,7,NaN
3,4,7,NaN
5,2,7,0.802297557591902
4,3,7,0.4479232155172413
1,6,7,0.7729979933632203
6,1,7,NaN
3,4,7,0.6311253596222562
1,6,7,0.3545890738916256
4,3,7,NaN
3,4,7,0.8842791248293348
2,5,7,NaN
3,4,7,NaN
1,6,7,NaN
6,1,7,0.35158382777517355
1,6,7,0.013265281269079549
5,2,7,0.01029693484479202
4,3,7,0.9961177419488393
5,2,7,NaN
4,3,7,NaN
4,3,7,0.6311253596222562
2,5,7,NaN
6,1,7,0.15681788281888331
6,1,7,NaN
4,3,7,NaN
2,5,7,0.06733047183748836
3,4,7,NaN
4,3,7,NaN
6,1,7,0.4883861072848967
5,2,7,0.13607587061668683
4,3,7,NaN
4,3,7,NaN
4,3,7,NaN
3,4,7,NaN
6,1,7,NaN
4,3,7,NaN
2,5,7,0.10740962780027258
1,6,7,NaN
4,3,7,0.6320134499944652
3,4,7,0.32167621991195083
7,0,7,0.9604525435576103
2,5,7,NaN
1,6,7,0.6311253596222562
4,3,7,NaN
5,2,7,0.6432672479115289
3,4,7,0.058751948019472845
4,3,7,0.6734037797783934
2,5,7,0.05020176648603962
3,4,7,0.6311253596222562
6,1,7,0.8257152214189352
1,6,7,NaN
4,3,7,0.9409499775572661
1,6,7,NaN
4,3,7,0.7741525432089743
3,4,7,NaN
3,4,7,NaN
6,1,7,NaN
7,0,7,NaN
6,1,7,NaN
2,5,7,0.7741525432089743
7,0,7,NaN
3,4,7,0.08066233963967222
2,5,7,NaN
3,4,7,0.3001821688532571
2,5,7,NaN
2,5,7,NaN
3,4,7,NaN
5,2,7,NaN
2,5,7,0.14891127941116708
3,4,7,NaN
1,6,7,0.15681788281888331
6,1,7,0.07730957836924375
1,6,7,NaN
4,3,7,NaN
4,3,7,0.1022633479497511
2,5,7,0.1022633479497511
4,3,7,NaN
3,4,7,NaN
4,3,7,NaN
2,5,7,NaN
4,3,7,0.4479232155172413
6,1,7,NaN
1,6,7,NaN
4,3,7,0.6701582494811061
2,5,7,0.04284062892133536
5,2,7,NaN
3,4,7,NaN
4,3,7,0.9604525435576103
2,5,7,NaN
7,0,7,NaN
2,5,7,NaN
4,3,7,NaN
5,2,7,0.13607587061668683
6,1,7,0.7921246560179994
2,5,7,0.7106302897733945
2,5,7,NaN
3,4,7,0.7436042216854737
4,3,7,0.49517317979331793
4,3,7,0.2197495687440576
3,4,7,NaN
6,1,7,NaN
5,2,7,0.15681788281888331
3,4,7,0.3545890738916256
3,4,7,NaN
4,3,7,0.8257152214189352
4,3,7,NaN
5,2,7,NaN
7,0,7,0.7741525432089743
2,5,7,NaN
6,1,7,NaN
3,4,7,0.7741525432089743
3,4,7,NaN
4,3,7,NaN
2,5,7,0.7436042216854737
2,5,7,NaN
2,5,7,NaN
4,3,7,0.5825074678925727
4,3,7,0.6734037797783934
2,5,7,NaN
2,5,7,0.1022633479497511
6,1,7,0.9604525435576103
5,2,7,NaN
3,4,7,NaN
3,4,7,0.31395395753854205
4,3,7,NaN
2,5,7,0.1820410686964438
2,5,7,0.49517317979331793
2,5,7,0.02420793861740178
4,3,7,0.8205901411963602
2,5,7,NaN
2,5,7,0.20910819076120546
4,3,7,0.6826751980768343
2,5,7,0.01029693484479202
2,5,7,NaN
3,4,7,0.02416902972753755
6,1,7,0.4479232155172413
3,4,7,NaN
4,3,7,0.5026882148568088
7,0,7,0.00927756088121194
3,4,7,NaN
2,5,7,NaN
7,0,7,NaN
2,5,7,0.3994536466045877
2,5,7,0.007398695289084185
2,5,7,0.0001356154110030323
3,4,7,0.3994536466045877
3,4,7,NaN
6,1,7,0.3545890738916256
4,3,7,NaN
4,3,7,0.13607587061668683
3,4,7,NaN
2,5,7,0.24057453370157497
4,3,7,0.5865178779178963
1,6,7,0.5865178779178963
1,6,7,NaN
6,1,7,NaN
4,3,7,NaN
3,4,7,0.18051831243523325
3,4,7,NaN
3,4,7,0.009138191808191554
2,5,7,0.09334945904171914
5,2,7,0.9604525435576103
2,5,7,0.847018481559038
6,1,7,0.1610367215025693
1,6,7,NaN
4,3,7,NaN
5,2,7,0.1600554921802251
1,6,7,0.9177832573718465
4,3,7,NaN
5,2,7,0.7741525432089743
3,4,7,NaN
4,3,7,0.54139181216883
2,5,7,NaN
6,1,7,NaN
7,0,7,0.027439566467825582
5,2,7,0.7106302897733945
2,5,7,0.9438842426619689
2,5,7,NaN
6,1,7,0.5399991833128603
1,6,7,0.1022633479497511
4,3,7,NaN
2,5,7,0.7741525432089743
1,6,7,0.8834119380920742
4,3,7,0.12036195576422194
2,5,7,0.10781270008809918
5,2,7,0.3380276557355201
6,1,7,NaN
4,3,7,0.8085735725893041
5,2,7,NaN
4,3,7,0.3545890738916256
1,6,7,0.07976646070857268
4,3,7,0.7741525432089743
4,3,7,NaN
4,3,7,0.01826813992209742
2,5,7,NaN
5,2,7,NaN
2,5,7,NaN
3,4,7,NaN
3,4,7,0.6734037797783934
4,3,7,NaN
4,3,7,0.1187098235679931
4,3,7,0.6600837619282068
1,6,7,0.13607587061668683
2,5,7,NaN
4,3,7,NaN
2,5,7,0.13607587061668683
5,2,7,NaN
3,4,7,0.3994536466045877
2,5,7,0.4479232155172413
3,4,7,0.7565547144368745
2,5,7,0.802297557591902
1,6,7,NaN
3,4,7,0.15681788281888331
2,5,7,NaN
4,3,7,0.32976689646836094
3,4,7,0.24057453370157497
4,3,7,NaN
3,4,7,NaN
5,2,7,NaN
2,5,7,0.0889252594028693
1,6,7,NaN
5,2,7,NaN
1,6,7,0.18051831243523325
2,5,7,0.7436042216854737
3,4,7,NaN
3,4,7,NaN
3,4,7,0.18051831243523325
5,2,7,NaN
1,6,7,NaN
1,6,7,NaN
1,6,7,NaN
2,5,7,0.15681788281888331
2,5,7,NaN
4,3,7,0.03713138400000036
7,0,7,NaN
6,1,7,NaN
3,4,7,0.02420793861740178
3,4,7,NaN
2,5,7,0.6729713206873799
3,4,7,0.18051831243523325
2,5,7,0.18051831243523325
3,4,7,0.7106302897733945
7,0,7,0.24057453370157497
1,6,7,NaN
6,1,7,NaN
4,3,7,NaN
5,2,7,0.13607587061668683
4,3,7,NaN
5,2,7,0.31395395753854205
1,6,7,0.15681788281888331
3,4,7,0.31395395753854205
2,5,7,NaN
1,6,7,0.257145535667182
1,6,7,0.27711952186670386
1,6,7,NaN
4,3,7,NaN
3,4,7,NaN
4,3,7,0.3545890738916256
2,5,7,0.5865178779178963
3,4,7,0.07730957836924375
2,5,7,0.15681788281888331
5,2,7,NaN
3,4,7,0.3994536466045877
3,4,7,NaN
3,4,7,0.7741525432089743
2,5,7,0.8257152214189352
4,3,7,0.8995755483828255
6,1,7,0.02420793861740178
3,4,7,0.0036842038263953346
1,6,7,0.015565671711291711
2,5,7,NaN
2,5,7,0.31395395753854205
6,1,7,NaN
6,1,7,NaN
5,2,7,NaN
5,2,7,NaN
3,4,7,0.027828197784382988
3,4,7,0.27711952186670386
1,6,7,0.0027863497366817057
5,2,7,0.049784193691201066
3,4,7,0.5399991833128603
1,6,7,0.027828197784382988
2,5,7,0.07105021381040358
3,4,7,NaN
3,4,7,NaN
4,3,7,0.6432672479115289
7,0,7,0.1187098235679931
2,5,7,0.8257152214189352
6,1,7,NaN
1,6,7,NaN
1,6,7,0.5129194714813283
2,5,7,0.532991475261272
2,5,7,0.056883196464962246
3,4,7,NaN
2,5,7,0.1022633479497511
3,4,7,0.847018481559038
5,2,7,0.009725589879125243
5,2,7,NaN
6,1,7,0.3545890738916256
1,6,7,NaN
1,6,7,NaN
7,0,7,0.03713138400000036
5,2,7,NaN
4,3,7,NaN
6,1,7,0.755660925738661
3,4,7,NaN
1,6,7,0.2271955227593807
4,3,7,0.5512682426496225
1,6,7,0.19766755621046578
1,6,7,0.8842791248293348
2,5,7,0.9676842886660223
1,6,7,NaN
3,4,7,3.6194177315790956e-5
5,2,7,NaN
1,6,7,NaN
3,4,7,NaN
4,3,7,NaN
5,2,7,NaN
3,4,7,0.5865178779178963
3,4,7,NaN
4,3,7,0.045781853556531325
2,5,7,NaN
2,5,7,NaN
4,3,7,NaN
3,4,7,0.5790407173388399
3,4,7,0.8257152214189352
5,2,7,NaN
4,3,7,0.8257152214189352
2,5,7,0.9158013531976743
2,5,7,0.023547244870978527
4,3,7,NaN
1,6,7,0.8257152214189352
4,3,7,0.3994536466045877
3,4,7,0.7106302897733945
1,6,7,NaN
3,4,7,0.029575271557692916
1,6,7,0.6800479166555138
2,5,7,NaN
3,4,7,NaN
2,5,7,NaN
3,4,7,0.9011477651240992
3,4,7,0.027828197784382988
3,4,7,NaN
4,3,7,NaN
1,6,7,NaN
4,3,7,0.20910819076120546
5,2,7,0.8842791248293348
1,6,7,0.27711952186670386
4,3,7,0.9158013531976743
1,6,7,NaN
2,5,7,0.24763932860721807
4,3,7,0.6311253596222562
4,3,7,NaN
2,5,7,0.4021683588664259
2,5,7,0.006874636973036868
3,4,7,NaN
3,4,7,0.6734037797783934
2,5,7,0.0320862846643805
3,4,7,NaN
2,5,7,0.27711952186670386
5,2,7,NaN
2,5,7,NaN
2,5,7,0.5399991833128603
1,6,7,0.05777681313131297
2,5,7,0.27711952186670386
2,5,7,NaN
1,6,7,NaN
1,6,7,0.07333018064698633
4,3,7,NaN
4,3,7,NaN
5,2,7,0.4479232155172413
1,6,7,NaN
4,3,7,NaN
1,6,7,NaN
5,2,7,NaN
3,4,7,0.8073734646694097
2,5,7,1.3772270544615786e-5
1,6,7,NaN
5,2,7,0.027865995559846226
1,6,7,NaN
3,4,7,0.6923195344530985
4,3,7,NaN
2,5,7,NaN
3,4,7,NaN
1,6,7,0.04035333532585377
6,1,7,NaN
1,6,7,0.7009928243719026
3,4,7,0.9604525435576103
2,5,7,0.30794744458273005
2,5,7,0.0889252594028693
1,6,7,NaN
3,4,7,NaN
1,6,7,0.049784193691201066
1,6,7,0.3545890738916256
1,6,7,NaN
3,4,7,0.9409499775572661
3,4,7,NaN
2,5,7,NaN
2,5,7,NaN
4,3,7,0.07730957836924375
6,1,7,NaN
1,6,7,0.9961177419488393
2,5,7,NaN
4,3,7,0.02097058734344152
1,6,7,0.6734037797783934
2,5,7,0.09661998340791572
3,4,7,0.5399991833128603
2,5,7,0.7705157256619436
2,5,7,0.06733047183748836
3,4,7,NaN
3,4,7,0.9011477651240992
4,3,7,NaN
1,6,7,NaN
2,5,7,0.5865178779178963
2,5,7,NaN
2,5,7,0.4156574689261091
2,5,7,0.7106302897733945
4,3,7,NaN
5,2,7,0.18051831243523325
1,6,7,NaN
1,6,7,0.5399991833128603
5,2,7,NaN
2,5,7,NaN
3,4,7,NaN
1,6,7,0.0889252594028693
1,6,7,0.24057453370157497
1,6,7,0.3994536466045877
2,5,7,0.1022633479497511
1,6,7,NaN
1,6,7,NaN
3,4,7,NaN
2,5,7,NaN
4,3,7,0.31395395753854205
1,6,7,NaN
1,6,7,0.6311253596222562
5,2,7,0.9158013531976743
1,6,7,0.929018891880075
2,5,7,0.1022633479497511
3,4,7,0.7741525432089743
2,5,7,0.027241485462883623
3,4,7,NaN
2,5,7,NaN
1,6,7,NaN
1,6,7,NaN
3,4,7,NaN
7,0,7,0.9011477651240992
4,3,7,NaN
1,6,7,0.15681788281888331
3,4,7,NaN
3,4,7,0.0012895539819820965
4,3,7,0.028390083571517954
1,6,7,0.7436042216854737
1,6,7,0.4479232155172413
2,5,7,0.20910819076120546
2,5,7,NaN
1,6,7,0.004811988483686424
3,4,7,0.847018481559038
3,4,7,0.4479232155172413
1,6,7,NaN
1,6,7,NaN
3,4,7,0.9509474090073529
2,5,7,NaN
2,5,7,0.018285996168643563
1,6,7,0.7216873816203431
4,3,7,0.13607587061668683
2,5,7,0.6311253596222562
2,5,7,NaN
3,4,7,0.6311253596222562
4,3,7,NaN
3,4,7,NaN
3,4,7,0.22412348753507685
3,4,7,0.9158013531976743
1,6,7,NaN
2,5,7,NaN
1,6,7,NaN
1,6,7,0.5865178779178963
4,3,7,0.0670699883163519
1,6,7,0.18051831243523325
2,5,7,NaN
2,5,7,0.6734037797783934
2,5,7,NaN
1,6,7,NaN
1,6,7,NaN
1,6,7,NaN
2,5,7,0.1187098235679931
2,5,7,NaN
2,5,7,0.802297557591902
2,5,7,NaN
1,6,7,NaN
6,1,7,0.2978987733851422
1,6,7,NaN
2,5,7,0.13607587061668683
4,3,7,NaN
2,5,7,NaN
2,5,7,0.8842791248293348
1,6,7,0.3994536466045877
5,2,7,0.3994536466045877
1,6,7,0.615421315423315
1,6,7,NaN
2,5,7,0.1022633479497511
2,5,7,NaN
2,5,7,NaN
3,4,7,0.0982799400114692
1,6,7,0.998907113782714
1,6,7,NaN
3,4,7,0.05777681313131297
1,6,7,0.3572381682062101
1,6,7,0.847018481559038
1,6,7,0.5153697085405997
2,5,7,NaN
1,6,7,NaN
1,6,7,NaN
1,6,7,NaN
2,5,7,0.8576246879529053
3,4,7,NaN
1,6,7,0.9831724449182164
2,5,7,0.010777834245389788
2,5,7,0.05777681313131297
1,6,7,0.09446922456371408
1,6,7,0.049784193691201066
1,6,7,NaN
1,6,7,NaN
1,6,7,0.14496584283642439
1,6,7,0.9158013531976743
2,5,7,0.013466507893333573
4,3,7,NaN
2,5,7,NaN
2,5,7,0.9409499775572661
2,5,7,NaN
2,5,7,NaN
1,6,7,0.22137521073944622
1,6,7,0.615421315423315
2,5,7,NaN
2,5,7,NaN
1,6,7,0.1187098235679931
2,5,7,NaN
1,6,7,0.6734037797783934
1,6,7,NaN
1,6,7,NaN
3,4,7,NaN
1,6,7,0.5865178779178963
2,5,7,0.6257640919961532
2,5,7,0.6325679261913458
2,5,7,NaN
1,6,7,0.0008196691553657796
1,6,7,0.5399991833128603
1,6,7,0.31395395753854205
1,6,7,NaN
1,6,7,NaN
1,6,7,0.010777834245389788
2,5,7,0.6734037797783934
2,5,7,0.1872370577351208
1,6,7,NaN
1,6,7,NaN
2,5,7,NaN
3,4,7,0.20910819076120546
2,5,7,NaN
2,5,7,NaN
1,6,7,0.8673895283120647
2,5,7,NaN
1,6,7,0.11888592299896517
2,5,7,0.3545890738916256
1,6,7,NaN
2,5,7,NaN
1,6,7,NaN
1,6,7,0.0320862846643805
1,6,7,NaN
1,6,7,NaN
1,6,7,NaN
1,6,7,0.047237805464680246
1,6,7,0.08706891174126394
1,6,7,NaN
1,6,7,NaN
1,6,7,0.0012702280626765566
1,6,7,0.15681788281888331
1,6,7,NaN
1,6,7,NaN
1,6,7,NaN
1,6,7,0.6311253596222562
1,6,7,0.004056987726214778
1,6,7,NaN
1,6,7,NaN
1,6,7,NaN
1,6,7,0.3545890738916256
1,6,7,0.49517317979331793
0,7,7,0.7106302897733945
0,7,7,0.7436042216854737
0,7,7,NaN
0,7,7,0.7741525432089743
0,7,7,NaN
0,7,7,0.6734037797783934
0,7,7,8.488295653671186e-5
0,7,7,0.9011477651240992
0,7,7,NaN
0,7,7,NaN
0,7,7,NaN
0,7,7,0.03581683844595261
0,7,7,0.49517317979331793
0,7,7,0.4479232155172413
0,7,7,NaN
0,7,7,0.4479232155172413
0,7,7,0.7436042216854737
0,7,7,0.6311253596222562
0,7,7,NaN
0,7,7,NaN
0,7,7,NaN
0,7,7,NaN
0,7,7,0.13607587061668683
0,7,7,0.07730957836924375
0,7,7,NaN
0,7,7,0.2888712891612705
0,7,7,NaN
0,7,7,0.5399991833128603
0,7,7,0.058303828313107146
0,7,7,0.49517317979331793
0,7,7,NaN
0,7,7,0.6311253596222562
0,7,7,NaN
0,7,7,0.13650642231757162
0,7,7,0.49517317979331793
0,7,7,0.5865178779178963
0,7,7,0.802297557591902
0,7,7,NaN
0,7,7,NaN
0,7,7,NaN
0,7,7,NaN
0,7,7,NaN
0,7,7,NaN
0,7,7,0.015565671711291711
0,7,7,NaN
0,7,7,0.5865178779178963
0,7,7,NaN
0,7,7,0.9158013531976743
0,7,7,0.847018481559038
0,7,7,NaN
0,7,7,NaN
0,7,7,NaN
0,7,7,0.2770435447577122
0,7,7,NaN
0,7,7,0.3545890738916256
0,7,7,NaN
0,7,7,NaN
0,7,7,NaN
0,7,7,NaN
0,7,7,0.24980857647018875
0,7,7,NaN
0,7,7,NaN
0,7,7,NaN
0,7,7,NaN
0,7,7,0.31395395753854205
0,7,7,0.049784193691201066
0,7,7,0.6734037797783934
0,7,7,0.02420793861740178
0,7,7,NaN
0,7,7,NaN
0,7,7,0.0001356154110030323
0,7,7,0.05777681313131297
0,7,7,NaN
0,7,7,0.8035376581386157
0,7,7,NaN
0,7,7,NaN
0,7,7,0.8673895283120647
0,7,7,0.929018891880075
0,7,7,0.20910819076120546
0,7,7,NaN
0,7,7,0.17554384897716144
0,7,7,NaN
0,7,7,NaN
0,7,7,0.7517363452297333
0,7,7,0.18051831243523325
0,7,7,NaN
0,7,7,NaN
0,7,7,0.15681788281888331
0,7,7,0.010777834245389788
0,7,7,NaN
0,7,7,NaN
0,7,7,0.7741525432089743
0,7,7,0.24057453370157497
0,7,7,NaN
0,7,7,0.18051831243523325
0,7,7,NaN
0,7,7,0.02277139301297647
0,7,7,NaN
0,7,7,0.49517317979331793
0,7,7,NaN
0,7,7,NaN
0,7,7,NaN
0,7,7,NaN
0,7,7,NaN
0,7,7,NaN
0,7,7,NaN
0,7,7,0.3994536466045877
0,7,7,0.5865178779178963
0,7,7,NaN
0,7,7,0.7913006415096728
0,7,7,0.6214393831199942
0,7,7,NaN
0,7,7,0.8257152214189352
0,7,7,0.00029361189451765547
0,7,7,NaN
0,7,7,NaN
0,7,7,0.54139181216883
0,7,7,NaN
0,7,7,NaN
0,7,7,0.9158013531976743
0,7,7,0.02420793861740178
0,7,7,NaN
0,7,7,NaN
0,7,7,NaN
6,0,6,NaN
4,2,6,NaN
3,3,6,0.6734037797783934
4,2,6,NaN
5,1,6,NaN
5,1,6,NaN
3,3,6,0.847018481559038
4,2,6,NaN
5,1,6,NaN
2,4,6,0.543213362727757
2,4,6,NaN
3,3,6,0.1022633479497511
4,2,6,NaN
3,3,6,0.27711952186670386
3,3,6,NaN
4,2,6,0.04522487090179952
3,3,6,0.8673895283120647
1,5,6,NaN
5,1,6,NaN
3,3,6,0.9922549943338576
3,3,6,NaN
4,2,6,NaN
3,3,6,NaN
3,3,6,0.5210532687769253
3,3,6,0.5865178779178963
5,1,6,0.2715355594141568
4,2,6,NaN
4,2,6,0.02109375132508799
1,5,6,0.847018481559038
5,1,6,0.9676842886660223
4,2,6,NaN
3,3,6,NaN
4,2,6,0.1328676958360231
3,3,6,NaN
6,0,6,NaN
1,5,6,NaN
2,4,6,NaN
4,2,6,NaN
6,0,6,NaN
2,4,6,0.9409499775572661
4,2,6,NaN
2,4,6,0.23155286635667163
4,2,6,0.20910819076120546
3,3,6,NaN
2,4,6,0.5200394082785621
4,2,6,0.15681788281888331
3,3,6,NaN
3,3,6,0.02776198108910574
5,1,6,0.5865178779178963
2,4,6,0.8879026805064427
5,1,6,NaN
2,4,6,NaN
5,1,6,0.3547876049703248
3,3,6,0.6104179272544153
3,3,6,NaN
2,4,6,NaN
6,0,6,0.4844303099134821
2,4,6,NaN
4,2,6,0.1022633479497511
2,4,6,NaN
3,3,6,0.27711952186670386
3,3,6,0.7106302897733945
4,2,6,NaN
6,0,6,NaN
5,1,6,0.05230871526737232
5,1,6,0.27711952186670386
3,3,6,0.4479232155172413
3,3,6,0.9043700483111605
5,1,6,0.06733047183748836
2,4,6,0.3994536466045877
2,4,6,NaN
4,2,6,0.9858284791076382
4,2,6,0.3994536466045877
6,0,6,NaN
5,1,6,0.802297557591902
4,2,6,0.9409499775572661
3,3,6,NaN
3,3,6,NaN
5,1,6,NaN
3,3,6,NaN
3,3,6,0.49517317979331793
4,2,6,0.929018891880075
4,2,6,0.04284062892133536
5,1,6,NaN
6,0,6,NaN
5,1,6,0.8257152214189352
3,3,6,0.1187098235679931
4,2,6,0.8257152214189352
6,0,6,0.3692333340089471
1,5,6,0.17183306516491406
3,3,6,0.5399991833128603
5,1,6,0.007127738633851516
3,3,6,NaN
4,2,6,0.1022633479497511
2,4,6,0.022979672073113116
4,2,6,0.49517317979331793
3,3,6,0.018450013393574233
2,4,6,NaN
5,1,6,0.6079104577209687
4,2,6,0.07730957836924375
2,4,6,0.47470207073663834
5,1,6,0.015761765553230434
5,1,6,NaN
5,1,6,NaN
3,3,6,NaN
6,0,6,NaN
6,0,6,0.07884179229310785
6,0,6,0.49517317979331793
1,5,6,0.8842791248293348
6,0,6,0.7436042216854737
5,1,6,NaN
3,3,6,NaN
5,1,6,0.7436042216854737
5,1,6,0.929018891880075
2,4,6,NaN
5,1,6,NaN
6,0,6,0.03713138400000036
5,1,6,0.9117385238409063
3,3,6,0.7436042216854737
2,4,6,0.6734037797783934
5,1,6,0.26067874293238946
2,4,6,NaN
6,0,6,0.004090871616932862
2,4,6,NaN
5,1,6,NaN
4,2,6,NaN
5,1,6,0.2165078444474989
6,0,6,NaN
6,0,6,0.9942982452701703
2,4,6,0.6734037797783934
5,1,6,0.847018481559038
6,0,6,0.1388298426890003
5,1,6,0.11140424210013677
4,2,6,NaN
2,4,6,0.08715992956207957
4,2,6,0.4479232155172413
3,3,6,NaN
6,0,6,0.3994536466045877
4,2,6,0.9509474090073529
3,3,6,NaN
4,2,6,0.49517317979331793
1,5,6,0.6311253596222562
3,3,6,0.18051831243523325
2,4,6,NaN
2,4,6,NaN
3,3,6,0.0889252594028693
2,4,6,0.1187098235679931
6,0,6,0.9676842886660223
3,3,6,0.0005781832220695918
1,5,6,NaN
3,3,6,0.5399991833128603
5,1,6,NaN
4,2,6,0.1187098235679931
4,2,6,NaN
4,2,6,0.1022633479497511
2,4,6,NaN
6,0,6,NaN
3,3,6,0.06733047183748836
2,4,6,0.9893409295121445
5,1,6,0.847018481559038
3,3,6,NaN
2,4,6,0.27711952186670386
3,3,6,NaN
3,3,6,0.20910819076120546
3,3,6,NaN
5,1,6,0.049784193691201066
1,5,6,NaN
6,0,6,0.8842791248293348
2,4,6,0.3994536466045877
6,0,6,NaN
1,5,6,0.31603239542561734
5,1,6,0.4479232155172413
2,4,6,NaN
1,5,6,NaN
4,2,6,NaN
1,5,6,NaN
1,5,6,NaN
4,2,6,0.02420793861740178
3,3,6,NaN
6,0,6,NaN
2,4,6,0.5399991833128603
4,2,6,0.06721375261314484
2,4,6,NaN
3,3,6,NaN
5,1,6,0.9158013531976743
2,4,6,NaN
3,3,6,NaN
1,5,6,0.04284062892133536
4,2,6,NaN
6,0,6,0.5865178779178963
5,1,6,NaN
2,4,6,0.31395395753854205
6,0,6,NaN
4,2,6,NaN
4,2,6,NaN
5,1,6,0.29526212386236883
5,1,6,0.5901222448704837
5,1,6,0.04284062892133536
4,2,6,NaN
5,1,6,0.929018891880075
5,1,6,NaN
6,0,6,0.20789217822368417
4,2,6,NaN
4,2,6,0.9676842886660223
4,2,6,0.6311253596222562
6,0,6,0.04284062892133536
1,5,6,0.31395395753854205
5,1,6,0.24057453370157497
6,0,6,0.9011477651240992
4,2,6,NaN
5,1,6,0.31395395753854205
6,0,6,0.02420793861740178
5,1,6,NaN
3,3,6,0.847018481559038
4,2,6,NaN
2,4,6,NaN
4,2,6,0.847018481559038
4,2,6,NaN
3,3,6,0.07628100280873812
6,0,6,NaN
2,4,6,NaN
3,3,6,0.6734037797783934
3,3,6,0.18051831243523325
2,4,6,0.03813520503253889
4,2,6,0.1022633479497511
3,3,6,0.20910819076120546
2,4,6,0.15681788281888331
2,4,6,NaN
5,1,6,NaN
3,3,6,NaN
3,3,6,NaN
6,0,6,NaN
4,2,6,NaN
4,2,6,0.847018481559038
5,1,6,0.006112602594340191
2,4,6,0.6125118572405839
2,4,6,0.0051083367186123005
6,0,6,0.06733047183748836
2,4,6,NaN
5,1,6,0.5889012673511214
5,1,6,NaN
2,4,6,0.5399991833128603
6,0,6,NaN
4,2,6,NaN
3,3,6,0.6548414254043792
6,0,6,NaN
2,4,6,3.976794274940855e-6
3,3,6,NaN
3,3,6,NaN
2,4,6,NaN
4,2,6,NaN
6,0,6,0.9158013531976743
3,3,6,0.6734037797783934
5,1,6,0.3267434053940641
2,4,6,0.2721941460346962
2,4,6,NaN
3,3,6,NaN
3,3,6,0.847018481559038
2,4,6,NaN
2,4,6,NaN
4,2,6,NaN
6,0,6,NaN
6,0,6,NaN
4,2,6,0.8257152214189352
4,2,6,0.04452520170340121
2,4,6,0.18051831243523325
1,5,6,0.5865178779178963
3,3,6,0.06733047183748836
4,2,6,NaN
4,2,6,0.0864779008579925
4,2,6,NaN
3,3,6,0.5399991833128603
4,2,6,NaN
3,3,6,NaN
5,1,6,0.3545890738916256
6,0,6,0.31395395753854205
2,4,6,0.8257152214189352
4,2,6,NaN
5,1,6,0.8257152214189352
4,2,6,NaN
2,4,6,0.3994536466045877
3,3,6,0.3994536466045877
5,1,6,0.20910819076120546
5,1,6,0.27711952186670386
3,3,6,NaN
1,5,6,NaN
3,3,6,0.00760369138480233
5,1,6,NaN
2,4,6,0.22212491833057119
3,3,6,NaN
3,3,6,NaN
6,0,6,0.6311253596222562
3,3,6,0.847018481559038
3,3,6,NaN
4,2,6,NaN
3,3,6,NaN
2,4,6,0.06733047183748836
6,0,6,NaN
3,3,6,0.9081988218330561
4,2,6,NaN
6,0,6,NaN
5,1,6,0.06370847496182024
1,5,6,NaN
6,0,6,0.929018891880075
4,2,6,NaN
4,2,6,0.49517317979331793
4,2,6,0.9604525435576103
2,4,6,NaN
3,3,6,NaN
4,2,6,NaN
4,2,6,0.31395395753854205
4,2,6,0.030114073925934688
6,0,6,0.847018481559038
6,0,6,0.0033040285071258535
4,2,6,NaN
4,2,6,0.4479232155172413
3,3,6,0.8842791248293348
5,1,6,NaN
4,2,6,NaN
3,3,6,0.5399991833128603
1,5,6,NaN
2,4,6,NaN
5,1,6,0.5865178779178963
4,2,6,NaN
2,4,6,NaN
4,2,6,0.929018891880075
2,4,6,0.8085735725893041
1,5,6,NaN
4,2,6,0.9604525435576103
3,3,6,NaN
1,5,6,0.06230963766517155
5,1,6,0.5865178779178963
6,0,6,0.929018891880075
5,1,6,0.4479232155172413
2,4,6,0.7436042216854737
4,2,6,NaN
6,0,6,0.847018481559038
4,2,6,NaN
3,3,6,0.4479232155172413
3,3,6,0.3994536466045877
5,1,6,0.3571289266526693
2,4,6,NaN
2,4,6,0.0889252594028693
2,4,6,0.8673895283120647
3,3,6,0.5399991833128603
1,5,6,0.49517317979331793
2,4,6,0.20910819076120546
3,3,6,0.1022633479497511
4,2,6,0.5399991833128603
5,1,6,0.802297557591902
2,4,6,NaN
3,3,6,NaN
5,1,6,NaN
4,2,6,0.6311253596222562
1,5,6,0.9676842886660223
1,5,6,NaN
4,2,6,NaN
3,3,6,0.6734037797783934
1,5,6,NaN
1,5,6,NaN
3,3,6,NaN
4,2,6,8.779564320129217e-8
6,0,6,0.5399991833128603
5,1,6,0.1187098235679931
3,3,6,NaN
2,4,6,0.8070002091565044
4,2,6,0.0889252594028693
3,3,6,0.9011477651240992
3,3,6,0.4156574689261091
3,3,6,NaN
1,5,6,NaN
4,2,6,NaN
1,5,6,NaN
2,4,6,NaN
2,4,6,0.3994536466045877
4,2,6,7.222517526528923e-5
6,0,6,NaN
3,3,6,NaN
1,5,6,NaN
6,0,6,NaN
4,2,6,NaN
5,1,6,NaN
4,2,6,NaN
2,4,6,NaN
5,1,6,NaN
5,1,6,0.24057453370157497
4,2,6,0.0320862846643805
6,0,6,0.02097058734344152
5,1,6,NaN
3,3,6,0.6311253596222562
2,4,6,0.9158013531976743
5,1,6,0.012497774037890796
2,4,6,NaN
4,2,6,0.02420793861740178
4,2,6,0.49517317979331793
2,4,6,NaN
2,4,6,NaN
4,2,6,0.06977509734875043
2,4,6,0.7758418178860447
3,3,6,0.10180574165946937
3,3,6,NaN
5,1,6,0.802297557591902
4,2,6,NaN
3,3,6,0.002900738642695365
5,1,6,0.0077314087925879895
2,4,6,NaN
2,4,6,0.09530596605255301
4,2,6,4.554971258466723e-7
5,1,6,NaN
3,3,6,NaN
2,4,6,0.7436042216854737
5,1,6,NaN
3,3,6,0.9011477651240992
4,2,6,0.8090371909379594
1,5,6,0.31395395753854205
4,2,6,NaN
4,2,6,0.0016986685236768328
5,1,6,0.20910819076120546
4,2,6,NaN
3,3,6,NaN
3,3,6,0.7436042216854737
2,4,6,0.0889252594028693
5,1,6,NaN
2,4,6,NaN
3,3,6,NaN
1,5,6,0.15681788281888331
6,0,6,NaN
6,0,6,NaN
5,1,6,NaN
6,0,6,NaN
1,5,6,NaN
1,5,6,NaN
3,3,6,0.15428053820775814
2,4,6,0.00016651508663598544
2,4,6,0.4479232155172413
5,1,6,NaN
4,2,6,NaN
6,0,6,NaN
2,4,6,NaN
5,1,6,0.6734037797783934
6,0,6,NaN
4,2,6,0.22450085777465598
2,4,6,0.802297557591902
2,4,6,NaN
2,4,6,0.4479232155172413
4,2,6,0.1187098235679931
3,3,6,0.006229051451553609
5,1,6,NaN
4,2,6,NaN
3,3,6,0.7106302897733945
5,1,6,NaN
2,4,6,NaN
5,1,6,0.8673895283120647
3,3,6,NaN
4,2,6,NaN
2,4,6,0.9858284791076382
4,2,6,0.7741525432089743
2,4,6,0.02420793861740178
1,5,6,0.010703640740103252
3,3,6,NaN
3,3,6,NaN
2,4,6,NaN
5,1,6,0.20173578686501953
2,4,6,0.9158013531976743
5,1,6,NaN
2,4,6,0.9676842886660223
2,4,6,0.03606566080768786
5,1,6,NaN
5,1,6,NaN
4,2,6,NaN
1,5,6,0.18051831243523325
3,3,6,0.9158013531976743
3,3,6,NaN
4,2,6,0.06580218646926349
1,5,6,0.13607587061668683
2,4,6,0.25429051393581453
4,2,6,NaN
6,0,6,NaN
3,3,6,0.07730957836924375
6,0,6,0.8842791248293348
3,3,6,NaN
5,1,6,0.41718013456084124
2,4,6,NaN
5,1,6,NaN
6,0,6,0.29627996588188826
4,2,6,NaN
3,3,6,NaN
4,2,6,0.24631990130369966
5,1,6,0.3545890738916256
6,0,6,NaN
5,1,6,NaN
3,3,6,NaN
3,3,6,0.21539528858479873
4,2,6,NaN
2,4,6,0.8673895283120647
1,5,6,NaN
5,1,6,NaN
3,3,6,NaN
4,2,6,NaN
4,2,6,0.03713138400000036
2,4,6,NaN
2,4,6,0.6734037797783934
5,1,6,NaN
1,5,6,0.15776377254155538
4,2,6,0.9604525435576103
6,0,6,NaN
5,1,6,0.847018481559038
3,3,6,NaN
1,5,6,NaN
2,4,6,0.32167621991195083
6,0,6,NaN
4,2,6,0.49517317979331793
3,3,6,NaN
3,3,6,NaN
1,5,6,0.02420793861740178
3,3,6,NaN
2,4,6,0.7102743194191408
2,4,6,NaN
6,0,6,NaN
2,4,6,0.1022633479497511
4,2,6,0.5950640662721262
2,4,6,NaN
6,0,6,NaN
2,4,6,0.0009431578666354754
4,2,6,0.6311253596222562
4,2,6,NaN
4,2,6,0.49517317979331793
5,1,6,NaN
1,5,6,NaN
4,2,6,0.036608613767823504
6,0,6,NaN
3,3,6,0.6695460062522824
4,2,6,0.20910819076120546
6,0,6,NaN
5,1,6,NaN
2,4,6,NaN
4,2,6,0.049784193691201066
1,5,6,NaN
3,3,6,0.1187098235679931
5,1,6,NaN
6,0,6,0.3994536466045877
2,4,6,NaN
6,0,6,NaN
5,1,6,0.15681788281888331
3,3,6,NaN
1,5,6,0.6215776644315562
1,5,6,0.18051831243523325
6,0,6,NaN
3,3,6,0.18051831243523325
4,2,6,NaN
4,2,6,NaN
2,4,6,NaN
3,3,6,NaN
5,1,6,0.1569036235789758
1,5,6,0.3210958180101993
1,5,6,0.11771683208733577
4,2,6,0.014231903965098018
5,1,6,NaN
1,5,6,0.02420793861740178
3,3,6,NaN
2,4,6,NaN
4,2,6,0.6104179272544153
4,2,6,NaN
3,3,6,NaN
3,3,6,0.3912454270550805
3,3,6,0.9746285957804892
3,3,6,NaN
5,1,6,0.31395395753854205
5,1,6,0.02097058734344152
3,3,6,NaN
5,1,6,NaN
2,4,6,0.9409499775572661
4,2,6,NaN
1,5,6,NaN
2,4,6,0.8673895283120647
4,2,6,NaN
5,1,6,0.0008196691553657796
3,3,6,NaN
4,2,6,0.31395395753854205
5,1,6,NaN
2,4,6,0.9011477651240992
2,4,6,0.8673895283120647
6,0,6,0.0864779008579925
1,5,6,0.9676842886660223
5,1,6,0.0012182876885938223
3,3,6,NaN
3,3,6,0.8673895283120647
5,1,6,0.05717363127133481
5,1,6,0.20910819076120546
5,1,6,0.9680983066698645
1,5,6,NaN
3,3,6,0.03713138400000036
1,5,6,0.5696310514948689
3,3,6,NaN
3,3,6,0.0753233590901613
4,2,6,0.8705989613334273
5,1,6,NaN
5,1,6,0.8257152214189352
3,3,6,0.3545890738916256
2,4,6,0.630838292551588
3,3,6,0.7106302897733945
3,3,6,NaN
5,1,6,0.7436042216854737
3,3,6,0.6572434520283721
3,3,6,0.929018891880075
2,4,6,NaN
5,1,6,0.5399991833128603
1,5,6,0.10846610265333884
5,1,6,0.49517317979331793
5,1,6,0.3994536466045877
5,1,6,NaN
3,3,6,0.7953430204665838
2,4,6,0.07730957836924375
2,4,6,0.8257152214189352
2,4,6,NaN
3,3,6,NaN
1,5,6,NaN
3,3,6,NaN
5,1,6,NaN
3,3,6,NaN
3,3,6,NaN
2,4,6,0.4004805971667624
4,2,6,0.4479232155172413
4,2,6,0.847018481559038
4,2,6,0.5865178779178963
4,2,6,NaN
5,1,6,NaN
1,5,6,NaN
4,2,6,0.5865178779178963
4,2,6,0.3545890738916256
2,4,6,0.5399991833128603
3,3,6,0.49517317979331793
2,4,6,NaN
5,1,6,NaN
1,5,6,NaN
4,2,6,NaN
4,2,6,0.28129857273958747
4,2,6,NaN
3,3,6,NaN
3,3,6,0.18993951103126697
4,2,6,0.27711952186670386
6,0,6,NaN
4,2,6,NaN
4,2,6,NaN
2,4,6,NaN
5,1,6,0.0764456127754783
3,3,6,0.24057453370157497
4,2,6,0.18051831243523325
3,3,6,0.13607587061668683
2,4,6,NaN
3,3,6,0.13607587061668683
4,2,6,NaN
5,1,6,0.3994536466045877
5,1,6,0.9409499775572661
4,2,6,0.004811988483686424
4,2,6,NaN
3,3,6,NaN
4,2,6,NaN
3,3,6,NaN
5,1,6,5.5155246514013205e-5
2,4,6,NaN
5,1,6,NaN
6,0,6,NaN
1,5,6,0.11950550525264345
4,2,6,0.0889252594028693
6,0,6,NaN
4,2,6,NaN
5,1,6,0.27711952186670386
1,5,6,NaN
3,3,6,NaN
4,2,6,NaN
3,3,6,0.13607587061668683
3,3,6,NaN
3,3,6,NaN
6,0,6,NaN
4,2,6,0.4416265700536699
2,4,6,0.31395395753854205
1,5,6,0.18005555906464307
4,2,6,NaN
2,4,6,0.15681788281888331
5,1,6,NaN
2,4,6,0.3994536466045877
2,4,6,0.8257152214189352
6,0,6,NaN
4,2,6,NaN
1,5,6,0.3545890738916256
5,1,6,0.6734037797783934
6,0,6,NaN
4,2,6,NaN
2,4,6,0.5865178779178963
1,5,6,NaN
2,4,6,0.6311253596222562
2,4,6,NaN
5,1,6,NaN
2,4,6,0.4479232155172413
5,1,6,0.9811196105389223
1,5,6,0.1022633479497511
3,3,6,0.3545890738916256
6,0,6,0.07730957836924375
5,1,6,NaN
2,4,6,0.027828197784382988
5,1,6,0.7106302897733945
3,3,6,0.31395395753854205
3,3,6,NaN
5,1,6,0.049784193691201066
2,4,6,NaN
5,1,6,0.007191973789773015
5,1,6,0.7106302897733945
5,1,6,0.13607587061668683
3,3,6,0.49517317979331793
3,3,6,0.9509474090073529
3,3,6,NaN
4,2,6,NaN
1,5,6,0.6311253596222562
3,3,6,0.2741528668880131
4,2,6,0.3545890738916256
1,5,6,NaN
5,1,6,0.5865178779178963
4,2,6,NaN
3,3,6,0.6734037797783934
3,3,6,0.6125118572405839
1,5,6,NaN
4,2,6,NaN
2,4,6,0.9924995929954412
2,4,6,0.3293907762499053
3,3,6,0.3545890738916256
5,1,6,0.7436042216854737
4,2,6,0.8842791248293348
5,1,6,NaN
2,4,6,0.0320862846643805
4,2,6,0.017959370146063955
6,0,6,0.6311253596222562
4,2,6,0.8257152214189352
5,1,6,NaN
5,1,6,0.18051831243523325
4,2,6,NaN
4,2,6,NaN
1,5,6,NaN
4,2,6,0.3994536466045877
5,1,6,NaN
4,2,6,NaN
2,4,6,1.3065810738658982e-6
3,3,6,NaN
2,4,6,0.7741525432089743
2,4,6,NaN
3,3,6,0.27711952186670386
2,4,6,0.004739490636704777
1,5,6,NaN
2,4,6,NaN
6,0,6,0.755660925738661
3,3,6,NaN
1,5,6,0.07730957836924375
4,2,6,0.07323583773665096
4,2,6,NaN
5,1,6,0.8673895283120647
5,1,6,NaN
3,3,6,NaN
2,4,6,NaN
3,3,6,NaN
6,0,6,0.08835754067103287
4,2,6,NaN
2,4,6,NaN
2,4,6,0.3545890738916256
1,5,6,NaN
5,1,6,0.006112602594340191
2,4,6,NaN
1,5,6,NaN
5,1,6,NaN
3,3,6,0.4479232155172413
2,4,6,0.2618665133613636
1,5,6,0.24057453370157497
4,2,6,NaN
3,3,6,0.5865178779178963
2,4,6,0.7436042216854737
3,3,6,0.6797552487999022
3,3,6,NaN
6,0,6,NaN
3,3,6,NaN
5,1,6,0.48957728678694595
2,4,6,NaN
2,4,6,0.017959370146063955
2,4,6,NaN
3,3,6,NaN
4,2,6,0.03713138400000036
3,3,6,0.03518332356372481
5,1,6,NaN
3,3,6,0.6174590899869631
5,1,6,NaN
3,3,6,NaN
1,5,6,0.07730957836924375
3,3,6,0.1022633479497511
5,1,6,NaN
2,4,6,0.5865178779178963
1,5,6,NaN
6,0,6,NaN
3,3,6,NaN
1,5,6,NaN
2,4,6,0.03713138400000036
5,1,6,0.7106302897733945
1,5,6,0.07730957836924375
2,4,6,0.9509474090073529
5,1,6,0.6311253596222562
2,4,6,NaN
2,4,6,0.5865178779178963
3,3,6,NaN
2,4,6,2.0754410919771017e-5
1,5,6,0.1022633479497511
3,3,6,0.0260486225990759
5,1,6,8.392391805226479e-7
2,4,6,0.5950640662721262
4,2,6,0.04284062892133536
3,3,6,NaN
3,3,6,NaN
3,3,6,0.15681788281888331
4,2,6,0.43558397862952913
5,1,6,0.6734037797783934
4,2,6,NaN
4,2,6,NaN
4,2,6,NaN
4,2,6,0.5865178779178963
2,4,6,NaN
3,3,6,0.3837214182478
5,1,6,NaN
6,0,6,0.4479232155172413
2,4,6,0.802297557591902
5,1,6,0.1022633479497511
1,5,6,0.049784193691201066
2,4,6,NaN
3,3,6,NaN
5,1,6,NaN
2,4,6,0.0010588606005081465
2,4,6,0.847018481559038
4,2,6,0.6692726334538736
2,4,6,NaN
3,3,6,NaN
4,2,6,0.31395395753854205
4,2,6,NaN
4,2,6,0.6870397139313982
5,1,6,NaN
3,3,6,0.017629485116501347
2,4,6,0.41792554775442825
3,3,6,0.05717363127133481
4,2,6,NaN
2,4,6,0.3994536466045877
3,3,6,NaN
4,2,6,NaN
4,2,6,NaN
3,3,6,0.27711952186670386
2,4,6,NaN
1,5,6,NaN
5,1,6,0.05777681313131297
4,2,6,0.13607587061668683
5,1,6,0.9158013531976743
4,2,6,0.0029740148572322917
1,5,6,NaN
2,4,6,0.9409499775572661
5,1,6,0.8257152214189352
1,5,6,NaN
2,4,6,0.5865178779178963
1,5,6,0.802297557591902
4,2,6,0.4479232155172413
2,4,6,NaN
2,4,6,NaN
2,4,6,0.0014137540707643054
2,4,6,NaN
1,5,6,0.27711952186670386
3,3,6,0.06858332040389173
2,4,6,NaN
6,0,6,NaN
3,3,6,0.4479232155172413
3,3,6,0.18051831243523325
3,3,6,0.03713138400000036
5,1,6,NaN
2,4,6,NaN
4,2,6,0.20910819076120546
5,1,6,0.7741525432089743
5,1,6,NaN
2,4,6,NaN
6,0,6,0.7106302897733945
4,2,6,NaN
4,2,6,0.46363565125537887
4,2,6,0.1790214222081218
1,5,6,0.0320862846643805
2,4,6,NaN
5,1,6,0.20910819076120546
4,2,6,0.847018481559038
4,2,6,0.0017915241271940774
2,4,6,0.049784193691201066
6,0,6,0.7106302897733945
4,2,6,NaN
3,3,6,0.005023473886285692
3,3,6,0.6734037797783934
4,2,6,0.8257152214189352
5,1,6,0.4479232155172413
4,2,6,0.7741525432089743
2,4,6,0.3599959390430551
2,4,6,0.1022633479497511
5,1,6,0.13607587061668683
6,0,6,NaN
1,5,6,0.3994536466045877
3,3,6,0.015565671711291711
2,4,6,NaN
3,3,6,NaN
3,3,6,0.3994536466045877
2,4,6,NaN
6,0,6,NaN
3,3,6,0.8128468791462503
2,4,6,0.24057453370157497
2,4,6,0.9409499775572661
4,2,6,0.9893409295121445
3,3,6,NaN
6,0,6,NaN
3,3,6,NaN
5,1,6,0.1187098235679931
2,4,6,NaN
4,2,6,NaN
4,2,6,0.20910819076120546
4,2,6,0.6432180093293662
1,5,6,NaN
2,4,6,0.5865178779178963
1,5,6,NaN
5,1,6,0.6311253596222562
3,3,6,0.0320862846643805
3,3,6,NaN
2,4,6,NaN
2,4,6,0.4479232155172413
6,0,6,0.5399991833128603
5,1,6,0.06733047183748836
4,2,6,0.13607587061668683
2,4,6,0.9409499775572661
1,5,6,0.27711952186670386
6,0,6,NaN
2,4,6,NaN
3,3,6,0.5865178779178963
5,1,6,NaN
1,5,6,0.0320862846643805
3,3,6,NaN
3,3,6,NaN
1,5,6,0.8673895283120647
1,5,6,NaN
5,1,6,0.7436042216854737
4,2,6,4.626620826442628e-5
6,0,6,0.13145895941082172
1,5,6,NaN
2,4,6,0.31395395753854205
2,4,6,NaN
2,4,6,NaN
3,3,6,0.6311253596222562
3,3,6,0.828247605216865
3,3,6,0.6734037797783934
3,3,6,NaN
2,4,6,NaN
3,3,6,NaN
3,3,6,0.39930688570190925
2,4,6,NaN
4,2,6,NaN
5,1,6,NaN
3,3,6,0.4126510012725165
4,2,6,0.9893409295121445
3,3,6,NaN
6,0,6,0.5399991833128603
1,5,6,0.6311253596222562
3,3,6,0.27711952186670386
2,4,6,NaN
3,3,6,NaN
3,3,6,0.5629567996948194
4,2,6,0.6199515676210973
2,4,6,0.7106302897733945
5,1,6,NaN
4,2,6,NaN
4,2,6,NaN
2,4,6,0.6311253596222562
4,2,6,NaN
4,2,6,0.005226537094712572
1,5,6,NaN
2,4,6,NaN
4,2,6,NaN
2,4,6,NaN
4,2,6,0.49517317979331793
4,2,6,NaN
1,5,6,NaN
2,4,6,0.014820054560937542
2,4,6,NaN
3,3,6,NaN
1,5,6,NaN
3,3,6,NaN
2,4,6,NaN
5,1,6,NaN
5,1,6,NaN
3,3,6,0.4479232155172413
2,4,6,NaN
4,2,6,NaN
2,4,6,NaN
6,0,6,NaN
2,4,6,0.4479232155172413
3,3,6,0.3994536466045877
2,4,6,NaN
1,5,6,NaN
2,4,6,0.04035333532585377
3,3,6,0.4479232155172413
2,4,6,0.6162362933033806
4,2,6,NaN
3,3,6,0.5865178779178963
1,5,6,NaN
2,4,6,0.802297557591902
1,5,6,0.9604525435576103
2,4,6,NaN
4,2,6,0.31395395753854205
2,4,6,0.0889252594028693
1,5,6,NaN
3,3,6,0.02420793861740178
6,0,6,0.07730957836924375
5,1,6,0.0076748195738226156
1,5,6,NaN
4,2,6,0.4298246177399033
5,1,6,0.6311253596222562
4,2,6,0.027828197784382988
4,2,6,0.5399991833128603
3,3,6,NaN
4,2,6,0.0003303400826619128
4,2,6,NaN
1,5,6,NaN
2,4,6,0.6311253596222562
2,4,6,NaN
2,4,6,NaN
2,4,6,0.7450336490930568
3,3,6,NaN
3,3,6,0.06358909951432083
2,4,6,NaN
3,3,6,0.018626364365310927
4,2,6,0.8257152214189352
4,2,6,NaN
1,5,6,0.1765812071770429
3,3,6,0.27711952186670386
3,3,6,NaN
3,3,6,0.49517317979331793
2,4,6,0.49517317979331793
1,5,6,0.9409499775572661
3,3,6,0.16793201180173511
5,1,6,0.9409499775572661
3,3,6,NaN
2,4,6,0.01483079989250158
5,1,6,NaN
5,1,6,NaN
4,2,6,0.4830140445946378
3,3,6,0.4174118784547798
2,4,6,0.013264554726901192
3,3,6,0.8842791248293348
2,4,6,0.802297557591902
4,2,6,NaN
4,2,6,0.10072761532825611
3,3,6,NaN
2,4,6,0.9604525435576103
2,4,6,0.1772377908537656
5,1,6,0.0021980852757254887
1,5,6,0.1187098235679931
2,4,6,NaN
5,1,6,NaN
4,2,6,NaN
5,1,6,0.1187098235679931
6,0,6,0.6345918229630659
3,3,6,NaN
5,1,6,NaN
1,5,6,0.06733047183748836
2,4,6,NaN
2,4,6,NaN
6,0,6,NaN
2,4,6,0.27711952186670386
3,3,6,0.07527395357364602
6,0,6,NaN
1,5,6,0.4305098554060448
1,5,6,0.9360808763862343
2,4,6,NaN
2,4,6,NaN
1,5,6,0.8257152214189352
2,4,6,0.039878864309960314
6,0,6,NaN
5,1,6,NaN
4,2,6,0.13823369013618314
2,4,6,0.5399991833128603
6,0,6,0.10538338978475333
2,4,6,0.004198245469180285
3,3,6,NaN
2,4,6,NaN
3,3,6,0.3545890738916256
3,3,6,NaN
5,1,6,NaN
1,5,6,0.6408058252408503
2,4,6,NaN
4,2,6,0.802297557591902
4,2,6,NaN
1,5,6,NaN
4,2,6,0.27711952186670386
1,5,6,0.8257152214189352
4,2,6,NaN
3,3,6,NaN
5,1,6,0.29526212386236883
3,3,6,0.8834119380920742
2,4,6,NaN
6,0,6,NaN
4,2,6,NaN
3,3,6,0.0008251038745560709
4,2,6,0.7436042216854737
2,4,6,0.8673895283120647
4,2,6,NaN
3,3,6,0.5865178779178963
2,4,6,NaN
3,3,6,NaN
1,5,6,0.05777681313131297
3,3,6,NaN
2,4,6,NaN
5,1,6,NaN
4,2,6,NaN
3,3,6,0.0845862045321217
3,3,6,NaN
6,0,6,NaN
1,5,6,0.5399991833128603
2,4,6,NaN
2,4,6,NaN
2,4,6,0.49517317979331793
3,3,6,NaN
3,3,6,0.7729979933632203
1,5,6,NaN
1,5,6,NaN
2,4,6,NaN
5,1,6,NaN
1,5,6,0.7106302897733945
3,3,6,0.3994536466045877
3,3,6,0.5968385828002707
4,2,6,NaN
1,5,6,NaN
4,2,6,NaN
2,4,6,NaN
1,5,6,0.4479232155172413
3,3,6,0.20910819076120546
2,4,6,NaN
1,5,6,0.4479232155172413
4,2,6,NaN
5,1,6,0.6311253596222562
5,1,6,0.49517317979331793
1,5,6,0.31395395753854205
2,4,6,NaN
3,3,6,0.9509474090073529
3,3,6,0.6311253596222562
2,4,6,NaN
2,4,6,0.5865178779178963
4,2,6,NaN
4,2,6,0.24057453370157497
5,1,6,0.3994536466045877
3,3,6,0.8979498316874588
2,4,6,0.1187098235679931
1,5,6,0.4479232155172413
1,5,6,0.7741525432089743
3,3,6,0.02097058734344152
2,4,6,0.26381718338705695
2,4,6,0.8842791248293348
1,5,6,NaN
1,5,6,0.5399991833128603
4,2,6,NaN
4,2,6,0.27711952186670386
3,3,6,NaN
6,0,6,0.8257152214189352
4,2,6,0.20900567024870528
1,5,6,NaN
6,0,6,0.9011477651240992
2,4,6,NaN
3,3,6,NaN
1,5,6,NaN
2,4,6,NaN
2,4,6,0.13823119792532976
3,3,6,NaN
2,4,6,NaN
4,2,6,NaN
1,5,6,0.3959530211891856
6,0,6,NaN
3,3,6,0.24057453370157497
1,5,6,0.07730957836924375
2,4,6,0.02097058734344152
1,5,6,0.8187114055429258
3,3,6,NaN
2,4,6,NaN
1,5,6,NaN
1,5,6,0.5865178779178963
2,4,6,NaN
2,4,6,0.27711952186670386
2,4,6,0.5865178779178963
1,5,6,NaN
1,5,6,NaN
3,3,6,0.31395395753854205
3,3,6,0.31395395753854205
3,3,6,0.13607587061668683
4,2,6,0.3545890738916256
2,4,6,NaN
6,0,6,0.3994536466045877
6,0,6,NaN
2,4,6,0.49517317979331793
4,2,6,0.995324766023357
6,0,6,0.13607587061668683
6,0,6,NaN
1,5,6,NaN
6,0,6,0.04284062892133536
3,3,6,0.0030143663358374066
3,3,6,NaN
3,3,6,NaN
1,5,6,0.31395395753854205
3,3,6,0.060040698912649126
3,3,6,0.847018481559038
2,4,6,0.7436042216854737
2,4,6,0.04284062892133536
1,5,6,0.11888592299896517
2,4,6,NaN
6,0,6,0.15681788281888331
2,4,6,NaN
2,4,6,0.04196087798275571
2,4,6,0.1022633479497511
4,2,6,NaN
5,1,6,NaN
1,5,6,0.9837617013225024
2,4,6,0.003794176707872368
3,3,6,0.7436042216854737
2,4,6,0.8842791248293348
1,5,6,NaN
1,5,6,0.10296233778301497
4,2,6,0.18051831243523325
3,3,6,0.3545890738916256
1,5,6,0.002098504294356433
5,1,6,NaN
4,2,6,0.07851475108248224
2,4,6,NaN
2,4,6,0.5399991833128603
5,1,6,NaN
3,3,6,NaN
1,5,6,0.0889252594028693
1,5,6,NaN
3,3,6,0.7436042216854737
3,3,6,0.8842791248293348
4,2,6,0.5865178779178963
3,3,6,0.3994536466045877
1,5,6,NaN
3,3,6,0.7106302897733945
2,4,6,0.18051831243523325
3,3,6,0.0033040285071258535
2,4,6,0.5487494272516409
1,5,6,0.012926942381561383
2,4,6,NaN
2,4,6,NaN
5,1,6,0.7741525432089743
2,4,6,NaN
1,5,6,0.8673895283120647
2,4,6,NaN
5,1,6,0.929018891880075
1,5,6,0.847018481559038
4,2,6,NaN
2,4,6,NaN
3,3,6,0.02420793861740178
1,5,6,0.0019937604789693705
1,5,6,0.1187098235679931
6,0,6,NaN
2,4,6,NaN
2,4,6,0.8257152214189352
3,3,6,NaN
5,1,6,0.4479232155172413
3,3,6,0.5865178779178963
2,4,6,0.27711952186670386
2,4,6,0.9604525435576103
2,4,6,NaN
2,4,6,NaN
3,3,6,0.15681788281888331
3,3,6,NaN
3,3,6,0.027828197784382988
3,3,6,0.9917461499832919
1,5,6,NaN
3,3,6,0.4883861072848967
3,3,6,NaN
4,2,6,0.5399991833128603
2,4,6,0.0320862846643805
1,5,6,NaN
2,4,6,NaN
1,5,6,0.15681788281888331
1,5,6,NaN
1,5,6,NaN
4,2,6,0.9409499775572661
1,5,6,0.18051831243523325
1,5,6,NaN
2,4,6,0.027828197784382988
2,4,6,0.8073734646694097
4,2,6,0.6311253596222562
2,4,6,0.31603239542561734
3,3,6,0.6398370828519593
3,3,6,0.5399991833128603
1,5,6,NaN
2,4,6,NaN
4,2,6,NaN
1,5,6,0.6734037797783934
6,0,6,0.09304704563055595
1,5,6,0.20910819076120546
1,5,6,NaN
3,3,6,0.802297557591902
6,0,6,NaN
3,3,6,NaN
1,5,6,0.8673895283120647
1,5,6,NaN
2,4,6,0.847018481559038
1,5,6,0.08526709731429213
3,3,6,0.04284062892133536
4,2,6,NaN
6,0,6,0.07730957836924375
5,1,6,0.05777681313131297
1,5,6,0.3994536466045877
2,4,6,NaN
1,5,6,NaN
2,4,6,NaN
3,3,6,0.12341937200788157
2,4,6,0.7741525432089743
6,0,6,NaN
3,3,6,0.06119276444995977
2,4,6,0.010777834245389788
3,3,6,NaN
5,1,6,0.7228505724295148
4,2,6,0.17616900760849433
1,5,6,0.3648112802456949
3,3,6,NaN
5,1,6,0.017959370146063955
3,3,6,0.4479232155172413
3,3,6,0.4479232155172413
5,1,6,NaN
2,4,6,0.012926942381561383
3,3,6,NaN
4,2,6,NaN
1,5,6,0.8187114055429258
1,5,6,0.8673895283120647
6,0,6,NaN
3,3,6,0.0022928851255832015
1,5,6,NaN
2,4,6,0.802297557591902
2,4,6,0.5399991833128603
3,3,6,0.8999953993727844
1,5,6,NaN
3,3,6,0.8851463223232058
1,5,6,NaN
2,4,6,0.02244368710400007
1,5,6,NaN
1,5,6,NaN
2,4,6,0.0889252594028693
1,5,6,NaN
3,3,6,0.4479232155172413
2,4,6,0.010777834245389788
2,4,6,NaN
3,3,6,0.15681788281888331
4,2,6,0.847018481559038
1,5,6,0.9409499775572661
4,2,6,0.0889252594028693
1,5,6,0.15681788281888331
4,2,6,NaN
2,4,6,NaN
2,4,6,NaN
2,4,6,NaN
3,3,6,0.49517317979331793
2,4,6,NaN
1,5,6,NaN
2,4,6,0.3994536466045877
1,5,6,0.13607587061668683
1,5,6,0.27711952186670386
2,4,6,0.0005707164903394788
3,3,6,NaN
2,4,6,NaN
1,5,6,NaN
4,2,6,0.0889252594028693
1,5,6,0.3067927945918147
4,2,6,0.07730957836924375
2,4,6,0.1022633479497511
4,2,6,0.31395395753854205
1,5,6,0.1187098235679931
2,4,6,0.27711952186670386
2,4,6,0.6784290943614674
2,4,6,0.24057453370157497
2,4,6,0.3994536466045877
1,5,6,0.06397601107481792
3,3,6,NaN
2,4,6,NaN
3,3,6,NaN
1,5,6,NaN
1,5,6,0.1657318629362889
1,5,6,NaN
2,4,6,NaN
2,4,6,0.012497774037890796
1,5,6,0.1187098235679931
1,5,6,0.9409499775572661
3,3,6,NaN
1,5,6,0.017959370146063955
2,4,6,0.20910819076120546
2,4,6,NaN
2,4,6,NaN
1,5,6,0.5422394738984618
2,4,6,NaN
1,5,6,0.0070541490604747355
1,5,6,0.7436042216854737
4,2,6,0.6311253596222562
2,4,6,NaN
1,5,6,0.9604525435576103
2,4,6,0.03713138400000036
5,1,6,NaN
2,4,6,0.13607587061668683
1,5,6,0.0014609629426457942
1,5,6,NaN
2,4,6,0.0380043040311516
1,5,6,NaN
1,5,6,NaN
2,4,6,NaN
2,4,6,NaN
5,1,6,NaN
2,4,6,NaN
2,4,6,NaN
3,3,6,0.0015606449136292
4,2,6,NaN
2,4,6,0.9942982452701703
3,3,6,0.09484443756012188
4,2,6,0.41302155183245126
1,5,6,0.04284062892133536
3,3,6,0.0005958618090434594
4,2,6,0.0889252594028693
2,4,6,0.5865178779178963
1,5,6,0.008552617305136241
2,4,6,0.0889252594028693
1,5,6,NaN
2,4,6,0.7162136298198453
1,5,6,0.04284062892133536
2,4,6,0.49517317979331793
2,4,6,NaN
1,5,6,0.8842791248293348
1,5,6,0.18051831243523325
3,3,6,0.8257152214189352
2,4,6,0.0889252594028693
3,3,6,0.8673895283120647
2,4,6,0.0009439434222495854
3,3,6,NaN
3,3,6,0.6156881336280986
3,3,6,NaN
1,5,6,0.4479232155172413
2,4,6,0.7106302897733945
2,4,6,0.011160025927110722
1,5,6,NaN
1,5,6,NaN
1,5,6,NaN
2,4,6,NaN
2,4,6,0.03713138400000036
1,5,6,0.8842791248293348
5,1,6,0.25621734167837934
2,4,6,0.5725041156814997
1,5,6,0.24057453370157497
3,3,6,0.07730957836924375
1,5,6,0.8673895283120647
2,4,6,NaN
2,4,6,0.3994536466045877
2,4,6,NaN
1,5,6,NaN
2,4,6,NaN
2,4,6,0.04284062892133536
2,4,6,0.27711952186670386
2,4,6,NaN
2,4,6,NaN
5,1,6,NaN
1,5,6,0.24057453370157497
2,4,6,0.8673895283120647
2,4,6,0.1187098235679931
1,5,6,0.7741525432089743
2,4,6,0.24057453370157497
3,3,6,NaN
2,4,6,0.7741525432089743
2,4,6,NaN
2,4,6,NaN
2,4,6,NaN
2,4,6,0.2493381074271174
1,5,6,NaN
1,5,6,NaN
2,4,6,0.0001691740965524936
4,2,6,NaN
1,5,6,0.7741525432089743
1,5,6,NaN
1,5,6,0.02420793861740178
4,2,6,NaN
3,3,6,NaN
1,5,6,NaN
3,3,6,NaN
3,3,6,0.24057453370157497
1,5,6,NaN
2,4,6,0.3994536466045877
1,5,6,NaN
3,3,6,4.354443255765777e-5
2,4,6,NaN
3,3,6,0.17659902439080313
2,4,6,NaN
1,5,6,NaN
1,5,6,0.15073981286150648
5,1,6,0.007549025419144898
1,5,6,NaN
1,5,6,0.802297557591902
3,3,6,0.049784193691201066
2,4,6,0.13607587061668683
5,1,6,0.15681788281888331
1,5,6,NaN
2,4,6,0.03154586654515509
1,5,6,NaN
2,4,6,0.9746285957804892
1,5,6,0.1022633479497511
4,2,6,NaN
2,4,6,0.3994536466045877
1,5,6,0.06733047183748836
1,5,6,NaN
1,5,6,0.8257152214189352
1,5,6,NaN
2,4,6,NaN
1,5,6,NaN
1,5,6,NaN
2,4,6,0.802297557591902
1,5,6,NaN
2,4,6,0.05777681313131297
1,5,6,0.54139181216883
2,4,6,0.5865178779178963
5,1,6,NaN
1,5,6,NaN
2,4,6,0.847018481559038
1,5,6,NaN
1,5,6,0.24057453370157497
2,4,6,0.5095303157230737
1,5,6,0.04284062892133536
1,5,6,NaN
4,2,6,NaN
1,5,6,0.929018891880075
1,5,6,NaN
1,5,6,NaN
1,5,6,0.04943483982496508
3,3,6,0.036129949421082226
1,5,6,NaN
1,5,6,NaN
1,5,6,NaN
2,4,6,0.06519380550605179
1,5,6,NaN
1,5,6,0.0889252594028693
1,5,6,NaN
1,5,6,NaN
3,3,6,NaN
3,3,6,NaN
1,5,6,NaN
1,5,6,0.4479232155172413
2,4,6,NaN
2,4,6,0.49517317979331793
2,4,6,0.5865178779178963
1,5,6,NaN
1,5,6,NaN
1,5,6,0.7741525432089743
1,5,6,NaN
1,5,6,0.31395395753854205
1,5,6,0.07730957836924375
1,5,6,0.07730957836924375
1,5,6,NaN
1,5,6,NaN
2,4,6,NaN
2,4,6,0.049784193691201066
1,5,6,NaN
1,5,6,NaN
1,5,6,NaN
3,3,6,NaN
2,4,6,NaN
1,5,6,0.7106302897733945
6,0,6,NaN
4,2,6,NaN
1,5,6,0.027828197784382988
1,5,6,NaN
1,5,6,NaN
1,5,6,0.3994536466045877
3,3,6,0.07730957836924375
1,5,6,0.5981886935421257
1,5,6,NaN
1,5,6,NaN
1,5,6,0.5399991833128603
2,4,6,0.3994536466045877
1,5,6,0.1022633479497511
1,5,6,0.802297557591902
1,5,6,0.3545890738916256
1,5,6,NaN
1,5,6,NaN
1,5,6,NaN
1,5,6,0.7106302897733945
1,5,6,NaN
1,5,6,0.1022633479497511
1,5,6,0.31395395753854205
1,5,6,NaN
2,4,6,0.07730957836924375
1,5,6,NaN
1,5,6,NaN
1,5,6,NaN
1,5,6,NaN
1,5,6,0.0889252594028693
1,5,6,0.08043966319786441
1,5,6,NaN
1,5,6,NaN
1,5,6,NaN
1,5,6,0.0027711772253420815
1,5,6,NaN
1,5,6,NaN
1,5,6,0.00020712475239177192
1,5,6,NaN
1,5,6,0.1187098235679931
1,5,6,NaN
1,5,6,0.49517317979331793
2,4,6,NaN
1,5,6,NaN
1,5,6,NaN
1,5,6,0.847018481559038
0,6,6,NaN
0,6,6,NaN
0,6,6,NaN
0,6,6,0.49517317979331793
0,6,6,0.5865178779178963
0,6,6,2.8675797575007418e-5
0,6,6,0.12020091938071377
0,6,6,0.5972798623142183
0,6,6,0.847018481559038
0,6,6,0.03713138400000036
0,6,6,NaN
0,6,6,0.847018481559038
0,6,6,NaN
0,6,6,NaN
0,6,6,0.31395395753854205
0,6,6,0.2774691882679052
0,6,6,NaN
0,6,6,0.1022633479497511
0,6,6,NaN
0,6,6,NaN
0,6,6,0.6311253596222562
0,6,6,0.9509474090073529
0,6,6,NaN
0,6,6,NaN
0,6,6,NaN
0,6,6,0.5399991833128603
0,6,6,0.802297557591902
0,6,6,NaN
0,6,6,NaN
0,6,6,NaN
0,6,6,0.15681788281888331
0,6,6,NaN
0,6,6,0.41792554775442825
0,6,6,0.1187098235679931
0,6,6,NaN
0,6,6,NaN
0,6,6,0.006112602594340191
0,6,6,NaN
0,6,6,NaN
0,6,6,NaN
0,6,6,0.18051831243523325
0,6,6,0.9604525435576103
0,6,6,NaN
0,6,6,NaN
0,6,6,0.7741525432089743
0,6,6,NaN
0,6,6,0.07749169615519884
0,6,6,0.15681788281888331
0,6,6,NaN
0,6,6,0.3916871069372724
0,6,6,0.5865178779178963
0,6,6,0.3556563165353944
0,6,6,NaN
0,6,6,0.7436042216854737
0,6,6,NaN
0,6,6,NaN
0,6,6,NaN
0,6,6,NaN
0,6,6,NaN
0,6,6,0.13607587061668683
0,6,6,NaN
0,6,6,NaN
0,6,6,NaN
0,6,6,0.4371594363238375
0,6,6,NaN
0,6,6,0.847018481559038
0,6,6,0.7741525432089743
0,6,6,NaN
0,6,6,NaN
0,6,6,0.8257152214189352
0,6,6,NaN
0,6,6,NaN
0,6,6,0.05777681313131297
0,6,6,NaN
0,6,6,NaN
0,6,6,NaN
0,6,6,NaN
0,6,6,NaN
0,6,6,NaN
0,6,6,NaN
0,6,6,0.7106302897733945
0,6,6,NaN
0,6,6,NaN
0,6,6,NaN
0,6,6,NaN
0,6,6,0.49517317979331793
0,6,6,NaN
0,6,6,0.9676842886660223
0,6,6,0.802297557591902
0,6,6,0.4479232155172413
0,6,6,NaN
0,6,6,NaN
0,6,6,0.7436042216854737
0,6,6,NaN
0,6,6,0.06733047183748836
0,6,6,0.9509474090073529
0,6,6,0.847018481559038
0,6,6,NaN
0,6,6,NaN
0,6,6,NaN
0,6,6,0.1022633479497511
0,6,6,0.7741525432089743
0,6,6,0.1022633479497511
0,6,6,0.1022633479497511
0,6,6,0.7436042216854737
0,6,6,NaN
0,6,6,NaN
0,6,6,NaN
0,6,6,0.5865178779178963
0,6,6,0.31395395753854205
0,6,6,0.13607587061668683
0,6,6,NaN
0,6,6,NaN
0,6,6,NaN
0,6,6,NaN
0,6,6,NaN
0,6,6,0.1187098235679931
0,6,6,0.5399991833128603
0,6,6,0.8673895283120647
0,6,6,NaN
0,6,6,0.17003104623146528
0,6,6,0.15681788281888331
0,6,6,NaN
0,6,6,0.3994536466045877
0,6,6,NaN
0,6,6,NaN
0,6,6,0.24057453370157497
0,6,6,0.15681788281888331
0,6,6,0.0033040285071258535
0,6,6,0.18051831243523325
0,6,6,NaN
0,6,6,NaN
0,6,6,NaN
0,6,6,NaN
0,6,6,NaN
0,6,6,NaN
0,6,6,0.006112602594340191
0,6,6,NaN
0,6,6,0.0428571786655903
0,6,6,0.06733047183748836
0,6,6,0.0320862846643805
0,6,6,0.7993265051150246
0,6,6,0.04284062892133536
0,6,6,NaN
0,6,6,NaN
0,6,6,NaN
0,6,6,NaN
0,6,6,0.6679570824753085
0,6,6,0.49517317979331793
0,6,6,NaN
0,6,6,NaN
0,6,6,NaN
0,6,6,0.8842791248293348
0,6,6,NaN
0,6,6,NaN
0,6,6,NaN
0,6,6,NaN
0,6,6,0.5399991833128603
0,6,6,0.9578233239039123
0,6,6,0.4479232155172413
0,6,6,NaN
0,6,6,NaN
0,6,6,NaN
0,6,6,NaN
0,6,6,NaN
0,6,6,NaN
0,6,6,0.7741525432089743
0,6,6,NaN
0,6,6,NaN
0,6,6,0.27711952186670386
0,6,6,0.004172116957628634
0,6,6,0.21832926019568283
0,6,6,0.0320862846643805
0,6,6,0.15681788281888331
0,6,6,NaN
0,6,6,NaN
0,6,6,0.02420793861740178
0,6,6,0.31395395753854205
0,6,6,NaN
0,6,6,0.018450013393574233
0,6,6,0.9509474090073529
0,6,6,0.01359631346573227
0,6,6,NaN
0,6,6,NaN
0,6,6,NaN
0,6,6,0.9011477651240992
0,6,6,NaN
0,6,6,0.3994536466045877
0,6,6,0.6311253596222562
0,6,6,0.9509474090073529
0,6,6,NaN
0,6,6,0.015565671711291711
0,6,6,NaN
0,6,6,0.03713138400000036
0,6,6,NaN
0,6,6,NaN
0,6,6,NaN
0,6,6,0.9158013531976743
0,6,6,NaN
0,6,6,0.3994536466045877
0,6,6,NaN
0,6,6,NaN
0,6,6,0.3545890738916256
0,6,6,0.7254803136403182
0,6,6,0.3994536466045877
0,6,6,NaN
0,6,6,NaN
0,6,6,NaN
0,6,6,NaN
0,6,6,NaN
0,6,6,NaN
0,6,6,0.24374263421741227
0,6,6,NaN
0,6,6,0.7436042216854737
0,6,6,0.3994536466045877
0,6,6,NaN
0,6,6,0.3890953571675383
0,6,6,0.5399991833128603
0,6,6,NaN
0,6,6,0.7106302897733945
0,6,6,NaN
0,6,6,0.13318702794970638
0,6,6,NaN
0,6,6,0.15681788281888331
0,6,6,NaN
0,6,6,0.15681788281888331
0,6,6,NaN
0,6,6,0.15681788281888331
0,6,6,NaN
0,6,6,0.2283307385171039
0,6,6,NaN
0,6,6,NaN
0,6,6,0.0320862846643805
0,6,6,NaN
0,6,6,NaN
0,6,6,NaN
0,6,6,0.6734037797783934
0,6,6,0.4479232155172413
0,6,6,NaN
0,6,6,NaN
2,3,5,NaN
3,2,5,NaN
2,3,5,0.9604525435576103
3,2,5,0.03401660980323847
4,1,5,NaN
2,3,5,NaN
4,1,5,NaN
4,1,5,NaN
5,0,5,NaN
3,2,5,0.0880850245194885
3,2,5,0.3545890738916256
5,0,5,NaN
4,1,5,0.4479232155172413
4,1,5,NaN
4,1,5,0.847018481559038
5,0,5,NaN
2,3,5,0.49517317979331793
1,4,5,NaN
3,2,5,NaN
3,2,5,0.007549025419144898
2,3,5,0.24980857647018875
1,4,5,0.802297557591902
4,1,5,NaN
4,1,5,NaN
3,2,5,0.49517317979331793
2,3,5,NaN
1,4,5,NaN
3,2,5,NaN
3,2,5,0.9409499775572661
1,4,5,NaN
1,4,5,0.24057453370157497
3,2,5,0.8257152214189352
4,1,5,NaN
4,1,5,NaN
4,1,5,NaN
2,3,5,0.7741525432089743
4,1,5,0.802297557591902
4,1,5,0.6015590136238042
2,3,5,0.9274752654099628
3,2,5,0.38528874855875583
5,0,5,0.009138191808191554
5,0,5,NaN
4,1,5,NaN
4,1,5,0.5582485448407792
3,2,5,0.3545890738916256
3,2,5,NaN
3,2,5,NaN
3,2,5,0.09447170559188231
3,2,5,0.3994536466045877
5,0,5,0.6734037797783934
5,0,5,NaN
1,4,5,NaN
2,3,5,0.9158013531976743
3,2,5,0.015565671711291711
4,1,5,NaN
4,1,5,0.0320862846643805
1,4,5,NaN
3,2,5,0.31395395753854205
3,2,5,NaN
3,2,5,0.6734037797783934
5,0,5,0.3545890738916256
5,0,5,NaN
2,3,5,NaN
4,1,5,0.3994536466045877
3,2,5,0.8842791248293348
3,2,5,NaN
4,1,5,NaN
3,2,5,0.7106302897733945
1,4,5,NaN
3,2,5,NaN
3,2,5,NaN
2,3,5,NaN
2,3,5,NaN
3,2,5,NaN
2,3,5,NaN
3,2,5,NaN
5,0,5,NaN
3,2,5,NaN
3,2,5,NaN
5,0,5,0.5399991833128603
5,0,5,0.27711952186670386
3,2,5,0.00020925195458486995
5,0,5,0.04284062892133536
4,1,5,NaN
5,0,5,NaN
3,2,5,0.1022633479497511
2,3,5,NaN
5,0,5,NaN
2,3,5,0.14291941383067433
1,4,5,NaN
2,3,5,NaN
3,2,5,NaN
4,1,5,NaN
4,1,5,NaN
2,3,5,0.6734037797783934
5,0,5,NaN
5,0,5,0.7154611297706338
2,3,5,NaN
1,4,5,NaN
3,2,5,0.049784193691201066
5,0,5,NaN
4,1,5,0.6734037797783934
2,3,5,NaN
3,2,5,NaN
4,1,5,NaN
3,2,5,NaN
2,3,5,NaN
2,3,5,NaN
3,2,5,NaN
4,1,5,NaN
5,0,5,0.13607587061668683
4,1,5,0.05237091657628893
3,2,5,0.5209776256424207
2,3,5,NaN
5,0,5,0.024291712918871975
4,1,5,0.9826922717127974
3,2,5,0.07243544118970113
2,3,5,NaN
2,3,5,NaN
5,0,5,NaN
3,2,5,0.9676842886660223
2,3,5,0.13999233185374485
5,0,5,NaN
5,0,5,0.31395395753854205
4,1,5,NaN
3,2,5,0.7741525432089743
4,1,5,0.4479232155172413
4,1,5,NaN
3,2,5,NaN
3,2,5,0.9409499775572661
3,2,5,NaN
1,4,5,0.3545890738916256
4,1,5,0.03210439687114031
5,0,5,NaN
5,0,5,0.04284062892133536
3,2,5,0.15681788281888331
1,4,5,NaN
3,2,5,NaN
2,3,5,NaN
2,3,5,0.7436042216854737
5,0,5,NaN
5,0,5,NaN
5,0,5,0.06733047183748836
2,3,5,0.007239490155041698
2,3,5,0.015565671711291711
2,3,5,0.20910819076120546
2,3,5,0.027828197784382988
4,1,5,NaN
3,2,5,NaN
4,1,5,NaN
1,4,5,0.9158013531976743
5,0,5,NaN
3,2,5,NaN
2,3,5,0.13607587061668683
2,3,5,NaN
3,2,5,0.15681788281888331
1,4,5,0.4479232155172413
2,3,5,0.004090871616932862
2,3,5,NaN
5,0,5,NaN
1,4,5,NaN
2,3,5,NaN
4,1,5,0.05777681313131297
4,1,5,0.20910819076120546
2,3,5,0.929018891880075
4,1,5,0.24057453370157497
2,3,5,0.05717363127133481
2,3,5,NaN
3,2,5,0.20910819076120546
1,4,5,0.5865178779178963
4,1,5,NaN
2,3,5,NaN
4,1,5,0.42142249682803723
3,2,5,0.7106302897733945
5,0,5,0.9811196105389223
5,0,5,0.2909628921885532
2,3,5,0.5865178779178963
1,4,5,0.04240008868557447
3,2,5,0.8842791248293348
5,0,5,NaN
1,4,5,NaN
1,4,5,0.13607587061668683
3,2,5,NaN
3,2,5,NaN
2,3,5,NaN
3,2,5,NaN
2,3,5,0.6734037797783934
4,1,5,0.004135999927269018
3,2,5,0.06211803355134199
3,2,5,0.1022633479497511
4,1,5,NaN
4,1,5,0.7741525432089743
3,2,5,0.6311253596222562
2,3,5,NaN
5,0,5,0.5696310514948689
5,0,5,NaN
2,3,5,NaN
2,3,5,0.8257152214189352
2,3,5,NaN
5,0,5,NaN
4,1,5,0.7436042216854737
2,3,5,NaN
3,2,5,NaN
5,0,5,0.460468061215996
5,0,5,NaN
5,0,5,0.014589163712085232
5,0,5,0.8673895283120647
4,1,5,0.0889252594028693
1,4,5,0.06733047183748836
1,4,5,NaN
5,0,5,NaN
4,1,5,NaN
2,3,5,0.3353827170699711
1,4,5,NaN
2,3,5,0.13607587061668683
3,2,5,0.049784193691201066
4,1,5,NaN
4,1,5,NaN
2,3,5,NaN
2,3,5,NaN
1,4,5,NaN
1,4,5,0.7436042216854737
4,1,5,0.06977509734875043
3,2,5,NaN
3,2,5,0.00012356900630094614
1,4,5,NaN
1,4,5,0.7997169207071244
4,1,5,NaN
2,3,5,NaN
5,0,5,NaN
2,3,5,0.5865178779178963
3,2,5,NaN
2,3,5,0.09032454472051273
3,2,5,0.802297557591902
5,0,5,0.07730957836924375
4,1,5,0.05777681313131297
4,1,5,0.4479232155172413
5,0,5,0.4479232155172413
5,0,5,NaN
2,3,5,0.49517317979331793
4,1,5,0.8096825059914234
3,2,5,NaN
3,2,5,0.7106302897733945
2,3,5,0.012472797278221457
4,1,5,NaN
4,1,5,NaN
1,4,5,NaN
3,2,5,0.6311253596222562
4,1,5,0.3994536466045877
3,2,5,NaN
5,0,5,NaN
2,3,5,0.7741525432089743
2,3,5,0.8673895283120647
2,3,5,NaN
2,3,5,NaN
4,1,5,0.07730957836924375
2,3,5,0.6070006377293984
4,1,5,0.9011477651240992
5,0,5,0.7436042216854737
1,4,5,0.006081029964527245
4,1,5,NaN
3,2,5,NaN
1,4,5,NaN
4,1,5,0.9158013531976743
5,0,5,NaN
3,2,5,0.1187098235679931
3,2,5,NaN
3,2,5,0.6669282271202844
2,3,5,0.04284062892133536
3,2,5,NaN
4,1,5,NaN
3,2,5,0.3994536466045877
5,0,5,0.015565671711291711
3,2,5,NaN
3,2,5,NaN
5,0,5,NaN
1,4,5,NaN
4,1,5,0.003794176707872368
4,1,5,NaN
4,1,5,NaN
4,1,5,NaN
3,2,5,0.9011477651240992
3,2,5,NaN
5,0,5,0.07730957836924375
1,4,5,NaN
5,0,5,0.4479232155172413
4,1,5,0.5245544868575432
3,2,5,0.1022633479497511
2,3,5,0.9657577981458936
4,1,5,0.6734037797783934
3,2,5,0.9604525435576103
4,1,5,NaN
2,3,5,0.3545890738916256
1,4,5,NaN
3,2,5,0.8040097821589668
2,3,5,NaN
3,2,5,NaN
4,1,5,0.8842791248293348
3,2,5,0.02097058734344152
3,2,5,0.5865178779178963
2,3,5,0.7003579549842387
3,2,5,NaN
3,2,5,0.012926942381561383
4,1,5,0.802297557591902
4,1,5,0.028742087648697522
3,2,5,NaN
4,1,5,NaN
3,2,5,NaN
4,1,5,0.41718013456084124
2,3,5,0.7741525432089743
1,4,5,0.847018481559038
5,0,5,0.9433066487259505
4,1,5,0.04236152492857161
5,0,5,NaN
5,0,5,NaN
5,0,5,0.017959370146063955
2,3,5,0.9944752816453265
5,0,5,NaN
2,3,5,0.3994536466045877
3,2,5,NaN
3,2,5,0.3545890738916256
4,1,5,NaN
5,0,5,0.9409499775572661
2,3,5,NaN
2,3,5,NaN
5,0,5,NaN
4,1,5,NaN
3,2,5,NaN
4,1,5,0.49517317979331793
5,0,5,NaN
4,1,5,0.012497774037890796
5,0,5,NaN
3,2,5,NaN
2,3,5,0.006139331426985007
1,4,5,0.03713138400000036
4,1,5,0.18051831243523325
4,1,5,0.8085735725893041
5,0,5,NaN
3,2,5,0.7106302897733945
4,1,5,NaN
4,1,5,0.0889252594028693
1,4,5,NaN
3,2,5,0.7953430204665838
2,3,5,0.037689703080551896
2,3,5,NaN
4,1,5,NaN
3,2,5,NaN
4,1,5,0.07730957836924375
4,1,5,NaN
5,0,5,NaN
1,4,5,NaN
4,1,5,NaN
4,1,5,NaN
5,0,5,0.05777681313131297
2,3,5,NaN
2,3,5,0.6311253596222562
3,2,5,NaN
3,2,5,0.4479232155172413
3,2,5,8.5392002561677e-5
4,1,5,NaN
3,2,5,NaN
2,3,5,NaN
2,3,5,0.3207723491288853
3,2,5,NaN
1,4,5,0.9811196105389223
4,1,5,NaN
1,4,5,0.9922549943338576
3,2,5,0.5865178779178963
3,2,5,NaN
5,0,5,NaN
1,4,5,NaN
4,1,5,0.0889252594028693
2,3,5,0.4479232155172413
3,2,5,NaN
5,0,5,NaN
3,2,5,0.04284062892133536
4,1,5,NaN
5,0,5,NaN
4,1,5,NaN
3,2,5,0.07730957836924375
5,0,5,NaN
3,2,5,NaN
5,0,5,NaN
3,2,5,NaN
4,1,5,0.3545890738916256
3,2,5,NaN
4,1,5,1.4181788517314753e-9
2,3,5,NaN
3,2,5,NaN
3,2,5,0.3545890738916256
3,2,5,0.003366009900797684
3,2,5,NaN
2,3,5,0.9746285957804892
4,1,5,NaN
4,1,5,NaN
3,2,5,0.27711952186670386
1,4,5,0.5399991833128603
4,1,5,0.049784193691201066
2,3,5,NaN
3,2,5,NaN
2,3,5,NaN
2,3,5,NaN
2,3,5,NaN
4,1,5,NaN
5,0,5,0.13607587061668683
5,0,5,NaN
4,1,5,0.3267434053940641
2,3,5,0.9922549943338576
2,3,5,NaN
3,2,5,NaN
4,1,5,0.5865178779178963
4,1,5,NaN
5,0,5,0.5865178779178963
1,4,5,0.8257152214189352
2,3,5,0.6425410521638065
1,4,5,0.9858284791076382
4,1,5,NaN
5,0,5,NaN
3,2,5,NaN
3,2,5,NaN
3,2,5,NaN
3,2,5,NaN
3,2,5,0.6600837619282068
4,1,5,0.8842791248293348
2,3,5,0.8853320847527594
3,2,5,NaN
3,2,5,NaN
3,2,5,0.9746285957804892
1,4,5,NaN
3,2,5,NaN
3,2,5,NaN
1,4,5,NaN
2,3,5,0.3545890738916256
4,1,5,0.18051831243523325
5,0,5,NaN
1,4,5,0.18051831243523325
1,4,5,0.2197495687440576
4,1,5,0.027828197784382988
1,4,5,0.3545890738916256
4,1,5,0.006112602594340191
1,4,5,NaN
5,0,5,0.13607587061668683
3,2,5,0.0054637603453827135
5,0,5,0.027828197784382988
2,3,5,0.6311253596222562
3,2,5,0.7436042216854737
3,2,5,NaN
3,2,5,NaN
1,4,5,NaN
2,3,5,NaN
4,1,5,NaN
3,2,5,0.015602760452198548
3,2,5,NaN
3,2,5,NaN
2,3,5,0.03713138400000036
3,2,5,NaN
4,1,5,NaN
2,3,5,NaN
2,3,5,0.18051831243523325
3,2,5,0.9746285957804892
3,2,5,NaN
3,2,5,NaN
2,3,5,0.0012970300426812925
1,4,5,NaN
4,1,5,NaN
2,3,5,NaN
2,3,5,0.1022633479497511
4,1,5,0.8257152214189352
4,1,5,NaN
3,2,5,0.847018481559038
3,2,5,NaN
4,1,5,NaN
2,3,5,0.9858284791076382
3,2,5,0.14888386729586317
4,1,5,0.5865178779178963
5,0,5,NaN
4,1,5,NaN
4,1,5,0.3994536466045877
2,3,5,NaN
1,4,5,0.6311253596222562
4,1,5,NaN
1,4,5,NaN
4,1,5,NaN
1,4,5,0.027828197784382988
4,1,5,0.049784193691201066
2,3,5,0.1187098235679931
2,3,5,NaN
4,1,5,0.08591346897302456
1,4,5,0.8257152214189352
4,1,5,NaN
4,1,5,0.24057453370157497
2,3,5,NaN
3,2,5,NaN
3,2,5,0.027828197784382988
4,1,5,0.5865178779178963
2,3,5,0.004090871616932862
4,1,5,0.18380428577912605
3,2,5,NaN
2,3,5,0.7436042216854737
3,2,5,0.5399991833128603
2,3,5,0.09753920606314936
3,2,5,NaN
5,0,5,NaN
4,1,5,0.26617561319221544
4,1,5,NaN
3,2,5,NaN
1,4,5,0.31395395753854205
3,2,5,NaN
1,4,5,0.18051831243523325
4,1,5,NaN
2,3,5,0.2672631005041597
3,2,5,0.5865178779178963
4,1,5,NaN
3,2,5,NaN
4,1,5,NaN
3,2,5,NaN
1,4,5,0.3545890738916256
1,4,5,NaN
4,1,5,NaN
3,2,5,0.9615736433437043
3,2,5,0.3545890738916256
2,3,5,NaN
4,1,5,NaN
4,1,5,NaN
3,2,5,0.004090871616932862
2,3,5,NaN
3,2,5,0.017959370146063955
5,0,5,0.010079570161867555
4,1,5,0.0889252594028693
1,4,5,0.9409499775572661
2,3,5,NaN
2,3,5,NaN
5,0,5,NaN
4,1,5,0.7436042216854737
3,2,5,NaN
3,2,5,0.7106302897733945
3,2,5,0.8257152214189352
2,3,5,NaN
2,3,5,NaN
1,4,5,NaN
2,3,5,NaN
3,2,5,0.7106302897733945
3,2,5,NaN
2,3,5,0.3994536466045877
2,3,5,NaN
1,4,5,0.802297557591902
3,2,5,0.060116041591678666
3,2,5,0.07730957836924375
5,0,5,0.017959370146063955
4,1,5,0.06733047183748836
1,4,5,0.9409499775572661
5,0,5,NaN
2,3,5,0.5399991833128603
3,2,5,NaN
3,2,5,NaN
2,3,5,NaN
3,2,5,NaN
3,2,5,NaN
3,2,5,NaN
4,1,5,NaN
3,2,5,NaN
3,2,5,0.49517317979331793
1,4,5,0.18996478554536222
2,3,5,NaN
4,1,5,0.6734037797783934
1,4,5,NaN
4,1,5,0.9811196105389223
2,3,5,0.5865178779178963
3,2,5,NaN
4,1,5,NaN
4,1,5,0.31395395753854205
2,3,5,NaN
2,3,5,0.9746285957804892
2,3,5,NaN
3,2,5,0.3545890738916256
4,1,5,0.9858284791076382
4,1,5,NaN
4,1,5,NaN
1,4,5,NaN
4,1,5,0.49517317979331793
3,2,5,0.6311253596222562
5,0,5,NaN
5,0,5,NaN
2,3,5,NaN
3,2,5,NaN
4,1,5,0.09484443756012188
1,4,5,NaN
5,0,5,NaN
3,2,5,NaN
1,4,5,0.6311253596222562
4,1,5,0.02097058734344152
3,2,5,0.012926942381561383
2,3,5,0.3001821688532571
4,1,5,0.49517317979331793
2,3,5,0.03713138400000036
2,3,5,0.015138463444978371
1,4,5,NaN
1,4,5,0.31395395753854205
1,4,5,NaN
5,0,5,NaN
3,2,5,0.8842791248293348
3,2,5,0.4883861072848967
2,3,5,0.13607587061668683
5,0,5,NaN
5,0,5,NaN
4,1,5,0.9011477651240992
2,3,5,0.04284062892133536
1,4,5,NaN
2,3,5,0.09450999814840733
2,3,5,NaN
2,3,5,NaN
3,2,5,0.4479232155172413
1,4,5,0.010777834245389788
4,1,5,0.5462371032671539
2,3,5,0.4479232155172413
5,0,5,0.8257152214189352
4,1,5,NaN
2,3,5,0.9916773936512864
4,1,5,NaN
5,0,5,NaN
2,3,5,NaN
3,2,5,0.9158013531976743
4,1,5,NaN
3,2,5,0.05777681313131297
2,3,5,0.0889252594028693
1,4,5,NaN
4,1,5,0.7436042216854737
4,1,5,0.8863974606184567
3,2,5,0.010777834245389788
5,0,5,NaN
4,1,5,0.9858284791076382
2,3,5,NaN
4,1,5,NaN
1,4,5,0.17336750668651882
3,2,5,0.05777681313131297
1,4,5,NaN
2,3,5,NaN
2,3,5,NaN
1,4,5,NaN
3,2,5,0.7741525432089743
1,4,5,0.24057453370157497
3,2,5,0.392585856744998
4,1,5,0.24057453370157497
2,3,5,0.7436042216854737
5,0,5,NaN
2,3,5,NaN
4,1,5,NaN
5,0,5,0.13607587061668683
2,3,5,NaN
4,1,5,0.24057453370157497
4,1,5,0.3994536466045877
5,0,5,0.049784193691201066
1,4,5,NaN
4,1,5,NaN
2,3,5,NaN
4,1,5,0.3994536466045877
3,2,5,0.017959370146063955
4,1,5,NaN
5,0,5,NaN
4,1,5,0.06556468842721107
3,2,5,NaN
3,2,5,0.7106302897733945
5,0,5,NaN
4,1,5,NaN
2,3,5,0.3545890738916256
3,2,5,0.05777681313131297
3,2,5,0.49517317979331793
3,2,5,NaN
5,0,5,0.802297557591902
3,2,5,NaN
4,1,5,0.8608510723820447
4,1,5,NaN
3,2,5,0.4479232155172413
5,0,5,0.11209585076480322
2,3,5,0.49517317979331793
3,2,5,0.5399991833128603
3,2,5,0.7106302897733945
1,4,5,NaN
5,0,5,NaN
2,3,5,0.1187098235679931
4,1,5,0.13607587061668683
3,2,5,0.049784193691201066
1,4,5,NaN
1,4,5,0.03713138400000036
4,1,5,NaN
3,2,5,0.27711952186670386
3,2,5,0.8022568144196183
4,1,5,0.4479232155172413
2,3,5,0.7106302897733945
2,3,5,NaN
2,3,5,NaN
2,3,5,NaN
1,4,5,0.030039778878883764
2,3,5,NaN
2,3,5,0.3799854540778818
5,0,5,NaN
3,2,5,0.8842791248293348
2,3,5,NaN
2,3,5,0.20910819076120546
3,2,5,0.7436042216854737
2,3,5,0.6311253596222562
2,3,5,0.12912678982639955
4,1,5,NaN
4,1,5,NaN
3,2,5,0.1233592454183837
3,2,5,0.3267434053940641
1,4,5,NaN
4,1,5,NaN
2,3,5,NaN
4,1,5,NaN
3,2,5,NaN
2,3,5,NaN
2,3,5,0.4479232155172413
3,2,5,0.20910819076120546
2,3,5,0.06733047183748836
1,4,5,NaN
1,4,5,NaN
3,2,5,0.6734037797783934
3,2,5,NaN
5,0,5,NaN
3,2,5,0.9676842886660223
3,2,5,0.6734037797783934
3,2,5,0.012472797278221457
5,0,5,0.20910819076120546
5,0,5,NaN
5,0,5,0.6734037797783934
2,3,5,NaN
2,3,5,0.8166141836170131
2,3,5,0.49275525826604244
2,3,5,NaN
4,1,5,0.3994536466045877
3,2,5,NaN
5,0,5,NaN
2,3,5,NaN
3,2,5,0.847018481559038
4,1,5,NaN
3,2,5,0.33392847495763556
5,0,5,0.012497774037890796
4,1,5,NaN
4,1,5,0.0889252594028693
1,4,5,NaN
5,0,5,NaN
4,1,5,NaN
2,3,5,NaN
2,3,5,NaN
2,3,5,NaN
5,0,5,NaN
1,4,5,NaN
1,4,5,0.20910819076120546
4,1,5,NaN
4,1,5,NaN
4,1,5,NaN
3,2,5,NaN
2,3,5,0.006112602594340191
5,0,5,0.7106302897733945
2,3,5,0.6734037797783934
3,2,5,NaN
3,2,5,NaN
4,1,5,NaN
1,4,5,NaN
3,2,5,0.7450336490930568
1,4,5,0.0006659262899269559
1,4,5,0.7741525432089743
2,3,5,0.7106302897733945
5,0,5,0.9604525435576103
3,2,5,0.25429051393581453
4,1,5,0.6040393591428876
5,0,5,0.07730957836924375
2,3,5,0.49517317979331793
3,2,5,NaN
4,1,5,0.31395395753854205
3,2,5,NaN
5,0,5,NaN
3,2,5,0.019006372798622606
3,2,5,0.1187098235679931
2,3,5,0.3994536466045877
3,2,5,NaN
4,1,5,NaN
5,0,5,0.20910819076120546
5,0,5,0.18051831243523325
3,2,5,NaN
3,2,5,0.7741525432089743
3,2,5,NaN
3,2,5,NaN
4,1,5,0.006112602594340191
2,3,5,NaN
1,4,5,0.02420793861740178
2,3,5,0.49517317979331793
3,2,5,NaN
1,4,5,NaN
1,4,5,0.06733047183748836
2,3,5,NaN
1,4,5,NaN
3,2,5,0.5865178779178963
4,1,5,0.20487207169471564
1,4,5,0.10852719289905029
4,1,5,NaN
2,3,5,NaN
4,1,5,0.8673895283120647
5,0,5,0.4479232155172413
2,3,5,0.9509474090073529
4,1,5,0.7106302897733945
2,3,5,0.7436042216854737
3,2,5,0.049784193691201066
3,2,5,0.9158013531976743
4,1,5,NaN
4,1,5,NaN
2,3,5,NaN
4,1,5,0.5399991833128603
5,0,5,NaN
3,2,5,0.3545890738916256
5,0,5,0.802297557591902
3,2,5,NaN
4,1,5,0.18625576628079554
2,3,5,NaN
3,2,5,0.2973717486017229
2,3,5,0.5221370696900629
3,2,5,NaN
1,4,5,NaN
2,3,5,NaN
2,3,5,NaN
1,4,5,NaN
2,3,5,NaN
4,1,5,0.9158013531976743
4,1,5,0.5450253115249292
3,2,5,0.049784193691201066
5,0,5,NaN
2,3,5,NaN
3,2,5,0.31395395753854205
2,3,5,0.7436042216854737
3,2,5,NaN
3,2,5,NaN
3,2,5,NaN
5,0,5,0.07730957836924375
2,3,5,NaN
4,1,5,NaN
5,0,5,0.1022633479497511
3,2,5,0.34555487180963684
5,0,5,0.6734037797783934
2,3,5,NaN
1,4,5,0.6311253596222562
2,3,5,NaN
2,3,5,0.7106302897733945
4,1,5,0.5399991833128603
2,3,5,NaN
2,3,5,NaN
3,2,5,NaN
1,4,5,0.0889252594028693
5,0,5,NaN
4,1,5,NaN
3,2,5,NaN
2,3,5,NaN
1,4,5,NaN
5,0,5,NaN
3,2,5,0.0889252594028693
3,2,5,0.3331003974953347
1,4,5,NaN
2,3,5,0.04284062892133536
1,4,5,NaN
2,3,5,NaN
3,2,5,0.3545890738916256
3,2,5,0.18051831243523325
2,3,5,0.012926942381561383
3,2,5,NaN
4,1,5,0.5865178779178963
2,3,5,0.829999231655525
5,0,5,0.6924461258303694
2,3,5,0.31395395753854205
3,2,5,0.9604525435576103
4,1,5,NaN
5,0,5,NaN
3,2,5,0.15681788281888331
3,2,5,0.27711952186670386
2,3,5,NaN
2,3,5,0.9011477651240992
3,2,5,0.5048439941069305
4,1,5,0.7436042216854737
4,1,5,0.26444088125857207
3,2,5,0.6414354800240931
1,4,5,0.49517317979331793
3,2,5,0.802297557591902
1,4,5,NaN
4,1,5,0.6851317812574372
3,2,5,NaN
2,3,5,NaN
1,4,5,NaN
2,3,5,NaN
5,0,5,0.004056987726214778
1,4,5,NaN
1,4,5,0.2770435447577122
3,2,5,NaN
2,3,5,0.8842791248293348
2,3,5,NaN
2,3,5,NaN
3,2,5,0.017959370146063955
3,2,5,NaN
3,2,5,NaN
3,2,5,NaN
2,3,5,0.018160016965456365
3,2,5,0.11418554424055008
3,2,5,NaN
4,1,5,NaN
3,2,5,0.7741525432089743
3,2,5,NaN
2,3,5,0.8257152214189352
2,3,5,0.7436042216854737
1,4,5,0.1643695017191614
4,1,5,NaN
1,4,5,0.3994536466045877
5,0,5,0.8257152214189352
3,2,5,0.27711952186670386
1,4,5,NaN
2,3,5,0.3994536466045877
3,2,5,0.8673895283120647
2,3,5,0.027828197784382988
2,3,5,NaN
4,1,5,NaN
4,1,5,0.49517317979331793
3,2,5,NaN
1,4,5,NaN
2,3,5,0.9158013531976743
2,3,5,0.4479232155172413
5,0,5,NaN
4,1,5,0.3545890738916256
1,4,5,0.4479232155172413
5,0,5,NaN
2,3,5,0.31395395753854205
1,4,5,0.24057453370157497
1,4,5,0.4479232155172413
4,1,5,0.802297557591902
4,1,5,NaN
3,2,5,NaN
4,1,5,NaN
4,1,5,NaN
4,1,5,0.011077990943301603
2,3,5,NaN
2,3,5,NaN
3,2,5,NaN
3,2,5,0.5399991833128603
3,2,5,0.06733047183748836
5,0,5,NaN
4,1,5,0.7436042216854737
1,4,5,0.004438173954161691
4,1,5,0.4479232155172413
5,0,5,NaN
3,2,5,NaN
4,1,5,1.4839548476420587e-6
3,2,5,NaN
4,1,5,NaN
3,2,5,0.27711952186670386
4,1,5,0.3994536466045877
2,3,5,NaN
1,4,5,0.8257152214189352
3,2,5,NaN
1,4,5,0.3799854540778818
4,1,5,NaN
2,3,5,0.17674799446209502
4,1,5,NaN
1,4,5,0.8842791248293348
1,4,5,0.5865178779178963
2,3,5,NaN
3,2,5,NaN
5,0,5,0.9158013531976743
3,2,5,0.7741525432089743
4,1,5,NaN
3,2,5,0.09530596605255301
4,1,5,0.04284062892133536
3,2,5,0.13607587061668683
3,2,5,NaN
2,3,5,NaN
2,3,5,NaN
3,2,5,NaN
5,0,5,NaN
3,2,5,0.15145604080855646
1,4,5,NaN
4,1,5,0.3545890738916256
3,2,5,NaN
3,2,5,0.7158240966103762
3,2,5,NaN
2,3,5,0.4806318009997935
1,4,5,0.7436042216854737
2,3,5,NaN
4,1,5,NaN
1,4,5,0.929018891880075
2,3,5,0.9811196105389223
1,4,5,NaN
3,2,5,NaN
2,3,5,0.05777681313131297
2,3,5,NaN
2,3,5,NaN
3,2,5,0.20028154041408178
3,2,5,NaN
2,3,5,NaN
2,3,5,0.5865178779178963
3,2,5,NaN
2,3,5,0.8673895283120647
3,2,5,NaN
2,3,5,0.06915755558979846
3,2,5,0.8673895283120647
5,0,5,0.04284062892133536
3,2,5,0.4479232155172413
3,2,5,NaN
1,4,5,0.003791331215299028
2,3,5,0.847018481559038
2,3,5,NaN
2,3,5,NaN
2,3,5,0.6311253596222562
4,1,5,NaN
2,3,5,NaN
1,4,5,0.017959370146063955
5,0,5,0.5865178779178963
2,3,5,NaN
5,0,5,NaN
2,3,5,0.6311253596222562
3,2,5,NaN
1,4,5,NaN
2,3,5,NaN
3,2,5,0.7741525432089743
5,0,5,NaN
3,2,5,NaN
1,4,5,0.8257152214189352
2,3,5,0.20910819076120546
4,1,5,0.3545890738916256
2,3,5,NaN
2,3,5,NaN
4,1,5,0.11351581573361406
2,3,5,NaN
3,2,5,NaN
2,3,5,NaN
2,3,5,NaN
4,1,5,NaN
2,3,5,0.7729979933632203
3,2,5,0.03713138400000036
2,3,5,0.743351680325127
3,2,5,0.49517317979331793
2,3,5,0.5095303157230737
2,3,5,NaN
2,3,5,NaN
1,4,5,0.49517317979331793
5,0,5,NaN
2,3,5,NaN
2,3,5,NaN
5,0,5,0.4479232155172413
3,2,5,NaN
2,3,5,0.847018481559038
4,1,5,0.20910819076120546
2,3,5,0.1022633479497511
2,3,5,NaN
5,0,5,NaN
1,4,5,NaN
5,0,5,0.20910819076120546
2,3,5,0.08477160248514444
4,1,5,NaN
4,1,5,0.18051831243523325
2,3,5,NaN
2,3,5,NaN
3,2,5,NaN
2,3,5,0.1022633479497511
2,3,5,NaN
4,1,5,NaN
1,4,5,0.8673895283120647
4,1,5,0.3994536466045877
2,3,5,0.9409499775572661
4,1,5,0.8257152214189352
5,0,5,NaN
1,4,5,0.15681788281888331
1,4,5,NaN
1,4,5,NaN
1,4,5,0.27711952186670386
1,4,5,NaN
3,2,5,0.3545890738916256
4,1,5,NaN
3,2,5,NaN
5,0,5,0.999645037994863
1,4,5,NaN
4,1,5,NaN
1,4,5,0.5865178779178963
2,3,5,0.4479232155172413
3,2,5,NaN
4,1,5,NaN
2,3,5,0.31395395753854205
3,2,5,NaN
4,1,5,NaN
2,3,5,0.13607587061668683
1,4,5,NaN
3,2,5,NaN
5,0,5,NaN
1,4,5,NaN
3,2,5,0.08477160248514444
1,4,5,NaN
2,3,5,NaN
2,3,5,NaN
3,2,5,NaN
2,3,5,NaN
1,4,5,NaN
5,0,5,0.5086724637106944
1,4,5,NaN
4,1,5,0.24057453370157497
2,3,5,NaN
5,0,5,NaN
4,1,5,0.27711952186670386
1,4,5,NaN
5,0,5,0.9509474090073529
3,2,5,0.24057453370157497
3,2,5,0.7154611297706338
2,3,5,NaN
4,1,5,NaN
2,3,5,0.3994536466045877
4,1,5,NaN
1,4,5,NaN
2,3,5,0.8257152214189352
2,3,5,0.3207723491288853
3,2,5,NaN
3,2,5,NaN
5,0,5,0.9922549943338576
4,1,5,0.04284062892133536
4,1,5,NaN
4,1,5,NaN
4,1,5,NaN
3,2,5,NaN
2,3,5,NaN
3,2,5,NaN
4,1,5,NaN
2,3,5,NaN
1,4,5,0.8183636881491472
3,2,5,0.7106302897733945
1,4,5,0.4479232155172413
2,3,5,NaN
4,1,5,NaN
1,4,5,NaN
4,1,5,NaN
3,2,5,0.3331003974953347
3,2,5,NaN
4,1,5,0.4479232155172413
2,3,5,NaN
2,3,5,NaN
2,3,5,NaN
2,3,5,NaN
2,3,5,NaN
3,2,5,0.10602778376816617
3,2,5,0.4479232155172413
3,2,5,0.3545890738916256
3,2,5,0.31395395753854205
2,3,5,NaN
3,2,5,NaN
2,3,5,0.05777681313131297
5,0,5,NaN
4,1,5,0.13607587061668683
4,1,5,NaN
2,3,5,0.027828197784382988
5,0,5,0.7436042216854737
1,4,5,NaN
2,3,5,0.49517317979331793
5,0,5,NaN
4,1,5,0.847018481559038
3,2,5,0.8257152214189352
1,4,5,NaN
3,2,5,0.847018481559038
5,0,5,0.007549025419144898
2,3,5,0.017959370146063955
2,3,5,0.49517317979331793
4,1,5,NaN
1,4,5,0.25429051393581453
3,2,5,NaN
1,4,5,NaN
1,4,5,0.5679933107385582
1,4,5,NaN
2,3,5,NaN
1,4,5,NaN
3,2,5,0.5865178779178963
2,3,5,0.9811196105389223
1,4,5,NaN
3,2,5,NaN
2,3,5,0.31395395753854205
3,2,5,0.07730957836924375
1,4,5,0.49517317979331793
5,0,5,0.8257152214189352
4,1,5,NaN
4,1,5,NaN
2,3,5,NaN
4,1,5,0.06733047183748836
4,1,5,NaN
1,4,5,0.15681788281888331
2,3,5,0.9011477651240992
3,2,5,0.802297557591902
1,4,5,NaN
5,0,5,0.8842791248293348
3,2,5,0.3994536466045877
1,4,5,NaN
4,1,5,0.08477160248514444
3,2,5,NaN
2,3,5,NaN
2,3,5,0.006112602594340191
2,3,5,NaN
2,3,5,NaN
3,2,5,NaN
4,1,5,NaN
5,0,5,NaN
2,3,5,NaN
1,4,5,0.2741528668880131
3,2,5,0.0009965193723479844
1,4,5,NaN
5,0,5,NaN
2,3,5,NaN
2,3,5,0.017959370146063955
2,3,5,0.27711952186670386
2,3,5,NaN
3,2,5,0.06733047183748836
2,3,5,NaN
1,4,5,0.548225157401934
1,4,5,0.15681788281888331
1,4,5,NaN
4,1,5,0.0009616345708443575
4,1,5,NaN
5,0,5,NaN
1,4,5,NaN
3,2,5,0.7436042216854737
2,3,5,0.3545890738916256
2,3,5,0.18051831243523325
1,4,5,0.25429051393581453
1,4,5,0.02420793861740178
2,3,5,NaN
2,3,5,NaN
4,1,5,0.7399929799675468
2,3,5,NaN
4,1,5,NaN
3,2,5,0.0889252594028693
2,3,5,NaN
5,0,5,NaN
1,4,5,NaN
2,3,5,NaN
2,3,5,NaN
5,0,5,NaN
3,2,5,0.3994536466045877
3,2,5,0.4479232155172413
3,2,5,0.02420793861740178
1,4,5,NaN
3,2,5,NaN
2,3,5,NaN
1,4,5,NaN
1,4,5,NaN
1,4,5,0.4479232155172413
3,2,5,NaN
2,3,5,0.015565671711291711
1,4,5,0.13607587061668683
1,4,5,0.5941626783739344
2,3,5,NaN
2,3,5,0.49517317979331793
5,0,5,0.6311253596222562
3,2,5,NaN
2,3,5,NaN
3,2,5,NaN
1,4,5,NaN
3,2,5,0.1022633479497511
4,1,5,0.18051831243523325
4,1,5,NaN
1,4,5,0.015565671711291711
2,3,5,NaN
5,0,5,0.603182998729984
1,4,5,NaN
2,3,5,NaN
2,3,5,0.3994536466045877
3,2,5,0.8257152214189352
3,2,5,NaN
2,3,5,0.3994536466045877
2,3,5,NaN
3,2,5,NaN
3,2,5,0.6734037797783934
2,3,5,0.8673895283120647
1,4,5,NaN
3,2,5,0.4479232155172413
1,4,5,0.393117802369796
2,3,5,NaN
2,3,5,0.049784193691201066
3,2,5,NaN
3,2,5,0.08591346897302456
1,4,5,0.9353025756236214
2,3,5,0.20173578686501953
1,4,5,NaN
4,1,5,NaN
3,2,5,NaN
1,4,5,0.4156574689261091
1,4,5,0.49517317979331793
3,2,5,0.17659902439080313
1,4,5,0.09043052420991411
1,4,5,NaN
4,1,5,NaN
3,2,5,NaN
1,4,5,NaN
4,1,5,0.6311253596222562
4,1,5,0.007549025419144898
4,1,5,0.20910819076120546
4,1,5,0.015297469885584173
2,3,5,NaN
3,2,5,NaN
3,2,5,0.3210958180101993
1,4,5,NaN
3,2,5,0.0889252594028693
3,2,5,0.026668011139274632
5,0,5,0.18051831243523325
2,3,5,NaN
2,3,5,NaN
3,2,5,NaN
2,3,5,0.8096825059914234
2,3,5,0.929018891880075
2,3,5,NaN
1,4,5,0.34555487180963684
4,1,5,0.9604525435576103
1,4,5,NaN
3,2,5,0.802297557591902
5,0,5,0.24057453370157497
3,2,5,0.9158013531976743
3,2,5,NaN
2,3,5,5.4331481286689056e-5
3,2,5,0.06733047183748836
3,2,5,0.4479232155172413
4,1,5,NaN
4,1,5,NaN
2,3,5,0.3545890738916256
2,3,5,NaN
5,0,5,0.0014720975817606211
2,3,5,NaN
1,4,5,0.11888592299896517
3,2,5,NaN
4,1,5,0.8257152214189352
4,1,5,NaN
2,3,5,NaN
4,1,5,NaN
4,1,5,NaN
1,4,5,0.0007744244615546439
3,2,5,NaN
1,4,5,NaN
4,1,5,NaN
2,3,5,NaN
2,3,5,0.8073734646694097
2,3,5,0.17378802066437038
4,1,5,0.802297557591902
3,2,5,NaN
5,0,5,NaN
2,3,5,0.9011477651240992
3,2,5,NaN
5,0,5,0.1187098235679931
3,2,5,0.7436042216854737
4,1,5,NaN
3,2,5,NaN
3,2,5,0.9858284791076382
2,3,5,0.0320862846643805
2,3,5,NaN
2,3,5,0.49517317979331793
4,1,5,0.02658954924489785
1,4,5,NaN
1,4,5,0.5776252650642237
2,3,5,0.4479232155172413
2,3,5,5.595091599858432e-5
3,2,5,NaN
1,4,5,NaN
4,1,5,0.3608602323593695
4,1,5,NaN
3,2,5,NaN
2,3,5,0.39569405143488307
3,2,5,NaN
1,4,5,NaN
3,2,5,NaN
1,4,5,NaN
3,2,5,0.510066381758768
2,3,5,NaN
3,2,5,0.3994536466045877
2,3,5,0.15681788281888331
2,3,5,NaN
4,1,5,NaN
4,1,5,0.7741525432089743
3,2,5,0.07730957836924375
1,4,5,0.9767286905741334
2,3,5,NaN
1,4,5,0.3994536466045877
3,2,5,0.1643695017191614
3,2,5,0.05777681313131297
2,3,5,NaN
4,1,5,NaN
1,4,5,0.04284062892133536
2,3,5,NaN
4,1,5,NaN
2,3,5,NaN
5,0,5,0.9158013531976743
2,3,5,NaN
4,1,5,0.3994536466045877
1,4,5,0.24057453370157497
2,3,5,0.929018891880075
2,3,5,0.015565671711291711
4,1,5,NaN
2,3,5,0.6734037797783934
4,1,5,NaN
3,2,5,0.20910819076120546
4,1,5,0.6734037797783934
3,2,5,NaN
3,2,5,0.20735799438635738
3,2,5,0.9011477651240992
4,1,5,NaN
4,1,5,NaN
2,3,5,0.7436042216854737
1,4,5,0.027828197784382988
3,2,5,0.09599363213991711
1,4,5,0.8257152214189352
3,2,5,0.0005114609984830836
4,1,5,NaN
2,3,5,NaN
2,3,5,0.49517317979331793
2,3,5,NaN
3,2,5,NaN
5,0,5,0.7139100193644236
3,2,5,0.04284062892133536
1,4,5,0.07730957836924375
1,4,5,0.9158013531976743
3,2,5,NaN
2,3,5,NaN
4,1,5,0.9632161969479516
2,3,5,NaN
3,2,5,0.929018891880075
3,2,5,0.007549025419144898
5,0,5,0.3545890738916256
2,3,5,NaN
3,2,5,0.5399991833128603
2,3,5,NaN
2,3,5,0.1022633479497511
1,4,5,0.13607587061668683
2,3,5,0.31395395753854205
3,2,5,0.7741525432089743
4,1,5,NaN
1,4,5,0.3994536466045877
3,2,5,0.05777681313131297
1,4,5,NaN
3,2,5,NaN
2,3,5,NaN
2,3,5,0.04284062892133536
4,1,5,0.9676842886660223
5,0,5,NaN
2,3,5,NaN
1,4,5,0.02097058734344152
2,3,5,0.9409499775572661
3,2,5,NaN
2,3,5,NaN
2,3,5,0.5153697085405997
2,3,5,NaN
1,4,5,0.9509474090073529
3,2,5,NaN
1,4,5,NaN
4,1,5,NaN
1,4,5,NaN
4,1,5,0.7436042216854737
3,2,5,0.9746285957804892
3,2,5,NaN
3,2,5,NaN
3,2,5,NaN
4,1,5,NaN
1,4,5,NaN
5,0,5,NaN
4,1,5,NaN
2,3,5,0.3994536466045877
5,0,5,NaN
1,4,5,0.9409499775572661
2,3,5,0.7331162135783029
2,3,5,NaN
5,0,5,0.6734037797783934
1,4,5,NaN
1,4,5,NaN
2,3,5,NaN
2,3,5,0.24057453370157497
5,0,5,0.20910819076120546
3,2,5,0.007091301773207702
3,2,5,NaN
3,2,5,NaN
4,1,5,0.02097058734344152
2,3,5,0.6734037797783934
3,2,5,NaN
1,4,5,0.04284062892133536
3,2,5,0.7741525432089743
1,4,5,NaN
3,2,5,0.6311253596222562
1,4,5,NaN
2,3,5,0.11209585076480322
3,2,5,0.5399991833128603
2,3,5,NaN
4,1,5,0.05777681313131297
2,3,5,NaN
1,4,5,NaN
1,4,5,0.12020091938071377
4,1,5,NaN
1,4,5,NaN
4,1,5,NaN
4,1,5,0.5865178779178963
1,4,5,NaN
2,3,5,0.3994536466045877
1,4,5,0.05777681313131297
1,4,5,0.15681788281888331
1,4,5,0.13607587061668683
4,1,5,NaN
2,3,5,1.0725243396229537e-7
2,3,5,0.4479232155172413
2,3,5,NaN
4,1,5,NaN
2,3,5,0.7911041440697268
4,1,5,0.021171625963083043
4,1,5,NaN
1,4,5,0.49517317979331793
1,4,5,NaN
2,3,5,0.6311253596222562
4,1,5,0.27711952186670386
1,4,5,NaN
5,0,5,NaN
3,2,5,0.3545890738916256
2,3,5,0.03713138400000036
4,1,5,0.4479232155172413
1,4,5,0.9011477651240992
2,3,5,NaN
3,2,5,0.13450620196142954
1,4,5,0.030909552041933817
5,0,5,0.7106302897733945
3,2,5,0.02097058734344152
1,4,5,0.05104105237555517
2,3,5,NaN
2,3,5,NaN
5,0,5,0.8673895283120647
1,4,5,0.07730957836924375
2,3,5,0.0082278183052358
3,2,5,0.21620288079185676
2,3,5,0.7741525432089743
4,1,5,NaN
4,1,5,NaN
3,2,5,0.3912454270550805
2,3,5,0.04284062892133536
4,1,5,0.7436042216854737
2,3,5,NaN
2,3,5,0.20910819076120546
1,4,5,NaN
2,3,5,NaN
2,3,5,NaN
2,3,5,0.34612699874234876
4,1,5,NaN
2,3,5,NaN
2,3,5,NaN
2,3,5,0.9158013531976743
3,2,5,NaN
3,2,5,0.7741525432089743
2,3,5,NaN
1,4,5,NaN
1,4,5,NaN
3,2,5,NaN
3,2,5,0.4479232155172413
1,4,5,NaN
4,1,5,0.5210532687769253
2,3,5,NaN
2,3,5,NaN
2,3,5,NaN
2,3,5,0.5865178779178963
1,4,5,0.7106302897733945
2,3,5,NaN
2,3,5,NaN
1,4,5,NaN
1,4,5,NaN
5,0,5,NaN
5,0,5,NaN
3,2,5,0.24057453370157497
2,3,5,NaN
2,3,5,NaN
1,4,5,NaN
1,4,5,NaN
1,4,5,NaN
2,3,5,0.6311253596222562
2,3,5,NaN
1,4,5,0.4479232155172413
5,0,5,NaN
1,4,5,0.6311253596222562
1,4,5,NaN
2,3,5,0.0320862846643805
2,3,5,NaN
2,3,5,NaN
1,4,5,0.4479232155172413
3,2,5,NaN
1,4,5,NaN
2,3,5,0.9893409295121445
1,4,5,0.7106302897733945
2,3,5,0.5399991833128603
1,4,5,0.5399991833128603
2,3,5,0.847018481559038
4,1,5,NaN
3,2,5,NaN
4,1,5,0.8947868696059686
3,2,5,0.5577731703037274
5,0,5,0.015565671711291711
1,4,5,NaN
1,4,5,0.24057453370157497
2,3,5,NaN
1,4,5,NaN
2,3,5,0.8673895283120647
2,3,5,0.6734037797783934
5,0,5,NaN
4,1,5,0.20910819076120546
2,3,5,NaN
1,4,5,0.8705989613334273
1,4,5,0.20910819076120546
3,2,5,NaN
2,3,5,NaN
4,1,5,0.02420793861740178
2,3,5,NaN
1,4,5,0.9944752816453265
4,1,5,NaN
2,3,5,NaN
1,4,5,0.2941926888106218
2,3,5,0.012926942381561383
2,3,5,NaN
1,4,5,NaN
2,3,5,NaN
4,1,5,0.6734037797783934
1,4,5,0.3994536466045877
1,4,5,0.06733047183748836
3,2,5,0.005843966930253658
2,3,5,NaN
2,3,5,NaN
3,2,5,0.9509474090073529
2,3,5,NaN
1,4,5,0.24057453370157497
2,3,5,0.5865178779178963
2,3,5,NaN
3,2,5,0.7436042216854737
2,3,5,0.1187098235679931
1,4,5,NaN
1,4,5,NaN
3,2,5,0.5399991833128603
2,3,5,0.7106302897733945
1,4,5,0.015565671711291711
3,2,5,NaN
3,2,5,NaN
5,0,5,0.15681788281888331
1,4,5,0.04284062892133536
2,3,5,0.014343042196341652
3,2,5,NaN
1,4,5,0.21776506791985845
1,4,5,NaN
3,2,5,NaN
1,4,5,NaN
1,4,5,0.5399991833128603
1,4,5,NaN
1,4,5,0.802297557591902
2,3,5,NaN
1,4,5,0.41718013456084124
2,3,5,0.802297557591902
4,1,5,0.847018481559038
3,2,5,0.12017559298362766
5,0,5,NaN
1,4,5,NaN
1,4,5,NaN
1,4,5,NaN
1,4,5,0.25172153750916193
1,4,5,0.802297557591902
5,0,5,NaN
3,2,5,NaN
1,4,5,0.06733047183748836
1,4,5,0.7106302897733945
2,3,5,NaN
1,4,5,0.3545890738916256
5,0,5,0.8257152214189352
1,4,5,0.6600837619282068
1,4,5,0.7436042216854737
1,4,5,NaN
2,3,5,NaN
2,3,5,0.929018891880075
3,2,5,0.1187098235679931
1,4,5,0.13607587061668683
3,2,5,0.929018891880075
1,4,5,NaN
2,3,5,0.7106302897733945
1,4,5,NaN
1,4,5,NaN
3,2,5,0.3545890738916256
2,3,5,4.330999657352901e-6
1,4,5,0.9409499775572661
4,1,5,0.5399991833128603
5,0,5,0.03269760453777437
4,1,5,0.49517317979331793
2,3,5,NaN
2,3,5,0.9811196105389223
2,3,5,0.0027711772253420815
2,3,5,0.8961741794571901
1,4,5,NaN
1,4,5,NaN
1,4,5,NaN
3,2,5,0.018450013393574233
1,4,5,NaN
3,2,5,NaN
1,4,5,NaN
1,4,5,NaN
1,4,5,NaN
2,3,5,NaN
3,2,5,NaN
1,4,5,0.13607587061668683
1,4,5,0.027828197784382988
2,3,5,NaN
1,4,5,NaN
1,4,5,0.5399991833128603
1,4,5,NaN
3,2,5,NaN
5,0,5,0.15594870895557103
1,4,5,0.9409499775572661
1,4,5,0.1627754288095331
2,3,5,NaN
4,1,5,0.0007728737183500348
2,3,5,NaN
2,3,5,0.6734037797783934
2,3,5,0.24057453370157497
1,4,5,0.3545890738916256
2,3,5,0.0006835948717715585
3,2,5,0.12914285562232575
1,4,5,0.5865178779178963
2,3,5,0.7436042216854737
1,4,5,0.017959370146063955
1,4,5,0.5865178779178963
1,4,5,NaN
4,1,5,NaN
2,3,5,0.18051831243523325
4,1,5,0.6720226762126391
1,4,5,0.49517317979331793
3,2,5,NaN
1,4,5,NaN
4,1,5,NaN
1,4,5,0.9509474090073529
3,2,5,0.9448493226710366
3,2,5,0.7106302897733945
1,4,5,0.02420793861740178
1,4,5,0.0889252594028693
2,3,5,0.11888592299896517
3,2,5,NaN
1,4,5,NaN
5,0,5,NaN
2,3,5,NaN
1,4,5,NaN
1,4,5,NaN
2,3,5,NaN
2,3,5,0.4479232155172413
1,4,5,0.20910819076120546
2,3,5,0.06733047183748836
3,2,5,NaN
1,4,5,NaN
1,4,5,0.1187098235679931
4,1,5,0.24057453370157497
1,4,5,0.8257152214189352
1,4,5,NaN
4,1,5,0.7106302897733945
1,4,5,0.9011477651240992
3,2,5,NaN
2,3,5,0.8257152214189352
3,2,5,0.049784193691201066
1,4,5,NaN
3,2,5,0.03713138400000036
4,1,5,NaN
1,4,5,NaN
3,2,5,0.4479232155172413
2,3,5,0.8673895283120647
4,1,5,NaN
3,2,5,NaN
2,3,5,0.5621529741166056
4,1,5,NaN
2,3,5,NaN
1,4,5,0.20910819076120546
2,3,5,0.05777681313131297
2,3,5,NaN
3,2,5,0.4479232155172413
2,3,5,NaN
1,4,5,NaN
2,3,5,0.02097058734344152
3,2,5,NaN
3,2,5,0.4372888378946973
2,3,5,0.39280234476731163
2,3,5,0.9676842886660223
3,2,5,0.802297557591902
1,4,5,NaN
1,4,5,0.7106302897733945
2,3,5,0.4844303099134821
1,4,5,NaN
5,0,5,NaN
1,4,5,0.3119769433796113
1,4,5,0.4479232155172413
2,3,5,0.18051831243523325
1,4,5,NaN
3,2,5,0.6311253596222562
1,4,5,NaN
1,4,5,0.7436042216854737
3,2,5,NaN
1,4,5,0.23841902460241554
1,4,5,NaN
2,3,5,0.49517317979331793
3,2,5,0.017959370146063955
2,3,5,NaN
1,4,5,NaN
1,4,5,NaN
1,4,5,NaN
2,3,5,NaN
1,4,5,0.24057453370157497
1,4,5,NaN
1,4,5,0.05237091657628893
2,3,5,0.6215776644315562
3,2,5,NaN
3,2,5,0.15681788281888331
2,3,5,NaN
3,2,5,NaN
1,4,5,NaN
2,3,5,NaN
1,4,5,NaN
1,4,5,0.2291927281800333
2,3,5,0.24057453370157497
2,3,5,NaN
1,4,5,0.1022633479497511
2,3,5,0.6734037797783934
2,3,5,0.39677744005243276
1,4,5,0.27711952186670386
3,2,5,0.07730957836924375
4,1,5,NaN
2,3,5,0.49517317979331793
1,4,5,0.9994910250110733
1,4,5,0.8979498316874588
2,3,5,NaN
2,3,5,NaN
3,2,5,NaN
1,4,5,NaN
3,2,5,NaN
3,2,5,0.7106302897733945
4,1,5,1.1021538136730475e-10
2,3,5,NaN
1,4,5,0.010777834245389788
4,1,5,NaN
4,1,5,NaN
2,3,5,NaN
1,4,5,0.6600837619282068
3,2,5,0.8257152214189352
3,2,5,0.18051831243523325
1,4,5,NaN
1,4,5,NaN
3,2,5,NaN
1,4,5,0.1714667456232196
1,4,5,NaN
3,2,5,0.13607587061668683
3,2,5,0.49517317979331793
1,4,5,NaN
2,3,5,NaN
1,4,5,0.6311253596222562
1,4,5,NaN
2,3,5,NaN
5,0,5,0.06915755558979846
2,3,5,NaN
1,4,5,NaN
1,4,5,0.5865178779178963
1,4,5,0.18051831243523325
2,3,5,0.6734037797783934
1,4,5,NaN
3,2,5,0.5399991833128603
3,2,5,NaN
1,4,5,NaN
2,3,5,NaN
1,4,5,NaN
3,2,5,0.802297557591902
2,3,5,NaN
1,4,5,NaN
1,4,5,0.5399991833128603
3,2,5,NaN
2,3,5,NaN
2,3,5,0.7106302897733945
2,3,5,NaN
1,4,5,NaN
1,4,5,0.24057453370157497
2,3,5,NaN
2,3,5,NaN
1,4,5,0.49517317979331793
1,4,5,0.007549025419144898
2,3,5,0.9942982452701703
4,1,5,NaN
5,0,5,0.02420793861740178
2,3,5,0.1022633479497511
1,4,5,NaN
1,4,5,NaN
2,3,5,NaN
1,4,5,0.027828197784382988
2,3,5,0.0033222424293639697
4,1,5,0.049784193691201066
2,3,5,0.7741525432089743
2,3,5,0.41541099834515716
3,2,5,0.847018481559038
2,3,5,0.4479232155172413
1,4,5,NaN
2,3,5,0.5399991833128603
2,3,5,NaN
1,4,5,NaN
1,4,5,NaN
2,3,5,NaN
1,4,5,NaN
2,3,5,NaN
2,3,5,0.4479232155172413
2,3,5,0.6311253596222562
1,4,5,NaN
1,4,5,NaN
1,4,5,0.49517317979331793
1,4,5,NaN
2,3,5,0.1187098235679931
4,1,5,0.4479232155172413
1,4,5,NaN
1,4,5,0.0033040285071258535
2,3,5,0.9446099047315945
1,4,5,NaN
1,4,5,NaN
2,3,5,NaN
4,1,5,NaN
4,1,5,0.04647090931083672
1,4,5,0.9158013531976743
1,4,5,NaN
1,4,5,NaN
1,4,5,NaN
1,4,5,0.03713138400000036
4,1,5,NaN
2,3,5,0.05777681313131297
1,4,5,NaN
2,3,5,NaN
3,2,5,NaN
1,4,5,0.3994536466045877
1,4,5,0.027828197784382988
4,1,5,0.4479232155172413
3,2,5,NaN
2,3,5,0.9922549943338576
1,4,5,NaN
2,3,5,0.9676842886660223
1,4,5,NaN
3,2,5,0.802297557591902
2,3,5,NaN
1,4,5,NaN
1,4,5,NaN
2,3,5,0.006112602594340191
1,4,5,0.00013899228266703352
1,4,5,0.3994536466045877
2,3,5,NaN
1,4,5,0.18051831243523325
2,3,5,NaN
2,3,5,0.24220487701699778
2,3,5,NaN
1,4,5,0.7741525432089743
1,4,5,NaN
1,4,5,0.7741525432089743
4,1,5,3.6137623249072194e-5
3,2,5,NaN
1,4,5,0.017959370146063955
2,3,5,0.9971545786929706
1,4,5,0.5865178779178963
1,4,5,0.9811196105389223
1,4,5,NaN
1,4,5,0.0012036639754059194
2,3,5,NaN
2,3,5,0.03713138400000036
1,4,5,0.929018891880075
5,0,5,NaN
1,4,5,NaN
1,4,5,0.9011477651240992
2,3,5,NaN
3,2,5,0.06733047183748836
2,3,5,0.31395395753854205
1,4,5,0.27711952186670386
1,4,5,0.06733047183748836
1,4,5,NaN
1,4,5,NaN
1,4,5,NaN
1,4,5,NaN
1,4,5,0.0320862846643805
1,4,5,0.802297557591902
1,4,5,NaN
1,4,5,NaN
1,4,5,NaN
2,3,5,NaN
1,4,5,NaN
3,2,5,NaN
1,4,5,0.18051831243523325
3,2,5,6.217168752166424e-6
2,3,5,0.5399991833128603
2,3,5,NaN
2,3,5,0.7741525432089743
2,3,5,NaN
1,4,5,NaN
2,3,5,NaN
1,4,5,NaN
3,2,5,0.5399991833128603
2,3,5,NaN
2,3,5,NaN
1,4,5,0.1187098235679931
1,4,5,NaN
1,4,5,NaN
2,3,5,0.06674218250159558
2,3,5,NaN
1,4,5,NaN
2,3,5,0.9787463481366144
2,3,5,0.7436042216854737
2,3,5,NaN
1,4,5,NaN
4,1,5,NaN
2,3,5,0.00760369138480233
1,4,5,NaN
2,3,5,0.04284062892133536
1,4,5,0.04284062892133536
2,3,5,NaN
1,4,5,NaN
3,2,5,NaN
1,4,5,0.7436042216854737
1,4,5,0.4479232155172413
1,4,5,0.9011477651240992
1,4,5,0.7741525432089743
1,4,5,NaN
1,4,5,NaN
1,4,5,NaN
1,4,5,NaN
1,4,5,0.9840375316090905
1,4,5,NaN
4,1,5,NaN
2,3,5,NaN
2,3,5,0.5399991833128603
2,3,5,0.49517317979331793
1,4,5,0.7436042216854737
1,4,5,NaN
3,2,5,NaN
1,4,5,NaN
1,4,5,NaN
1,4,5,NaN
2,3,5,NaN
2,3,5,NaN
1,4,5,0.7436042216854737
2,3,5,0.02420793861740178
1,4,5,NaN
1,4,5,NaN
1,4,5,NaN
1,4,5,0.0064844468770125785
1,4,5,0.8923713715983009
3,2,5,NaN
1,4,5,NaN
1,4,5,NaN
1,4,5,0.04284062892133536
1,4,5,0.3545890738916256
2,3,5,NaN
1,4,5,NaN
1,4,5,0.5865178779178963
1,4,5,NaN
1,4,5,NaN
4,1,5,0.8257152214189352
1,4,5,0.9011477651240992
1,4,5,NaN
1,4,5,0.006618884199805396
2,3,5,0.3545890738916256
1,4,5,0.02420793861740178
1,4,5,NaN
1,4,5,0.3545890738916256
1,4,5,0.24631990130369966
1,4,5,NaN
1,4,5,NaN
2,3,5,0.8673895283120647
1,4,5,0.847018481559038
1,4,5,0.1187098235679931
3,2,5,NaN
1,4,5,NaN
2,3,5,NaN
1,4,5,NaN
2,3,5,0.6734037797783934
2,3,5,NaN
1,4,5,NaN
2,3,5,NaN
2,3,5,NaN
2,3,5,0.9893409295121445
1,4,5,NaN
1,4,5,NaN
1,4,5,NaN
1,4,5,NaN
1,4,5,NaN
2,3,5,0.26067874293238946
1,4,5,0.06733047183748836
2,3,5,0.1022633479497511
1,4,5,NaN
1,4,5,0.0889252594028693
2,3,5,NaN
1,4,5,NaN
1,4,5,NaN
2,3,5,0.6734037797783934
1,4,5,0.24057453370157497
1,4,5,0.045275196230334665
1,4,5,0.27711952186670386
1,4,5,NaN
1,4,5,NaN
1,4,5,NaN
1,4,5,0.4479232155172413
1,4,5,0.07730957836924375
1,4,5,0.20910819076120546
1,4,5,0.6757777219022961
1,4,5,NaN
1,4,5,0.15681788281888331
1,4,5,NaN
1,4,5,NaN
1,4,5,NaN
1,4,5,NaN
2,3,5,NaN
1,4,5,0.6311253596222562
1,4,5,NaN
1,4,5,NaN
1,4,5,NaN
1,4,5,NaN
1,4,5,0.0495033172157188
1,4,5,NaN
2,3,5,NaN
1,4,5,0.03708694211036495
1,4,5,0.3545890738916256
1,4,5,NaN
1,4,5,0.20910819076120546
1,4,5,0.3994536466045877
1,4,5,NaN
1,4,5,0.8744255981088084
1,4,5,NaN
2,3,5,0.6734037797783934
2,3,5,NaN
1,4,5,NaN
1,4,5,NaN
1,4,5,0.07730957836924375
1,4,5,0.460133844668283
1,4,5,NaN
1,4,5,0.31395395753854205
1,4,5,NaN
1,4,5,0.6311253596222562
1,4,5,NaN
1,4,5,0.05777681313131297
1,4,5,0.03713138400000036
1,4,5,NaN
1,4,5,0.8673895283120647
1,4,5,0.0320862846643805
1,4,5,NaN
1,4,5,NaN
0,5,5,0.7436042216854737
0,5,5,NaN
0,5,5,NaN
0,5,5,0.9011477651240992
0,5,5,0.02097058734344152
0,5,5,NaN
0,5,5,0.1022633479497511
0,5,5,0.3545890738916256
0,5,5,NaN
0,5,5,NaN
0,5,5,NaN
0,5,5,0.27711952186670386
0,5,5,NaN
0,5,5,NaN
0,5,5,NaN
0,5,5,NaN
0,5,5,NaN
0,5,5,NaN
0,5,5,NaN
0,5,5,NaN
0,5,5,NaN
0,5,5,0.1022633479497511
0,5,5,NaN
0,5,5,NaN
0,5,5,NaN
0,5,5,0.1187098235679931
0,5,5,0.49517317979331793
0,5,5,NaN
0,5,5,0.7106302897733945
0,5,5,0.7436042216854737
0,5,5,NaN
0,5,5,NaN
0,5,5,0.847018481559038
0,5,5,0.8257152214189352
0,5,5,0.9011477651240992
0,5,5,NaN
0,5,5,NaN
0,5,5,NaN
0,5,5,NaN
0,5,5,0.03713138400000036
0,5,5,0.6311253596222562
0,5,5,NaN
0,5,5,0.047237805464680246
0,5,5,NaN
0,5,5,0.24057453370157497
0,5,5,NaN
0,5,5,0.4479977652467106
0,5,5,NaN
0,5,5,NaN
0,5,5,NaN
0,5,5,NaN
0,5,5,0.6734037797783934
0,5,5,NaN
0,5,5,0.5064563355167817
0,5,5,NaN
0,5,5,0.049784193691201066
0,5,5,NaN
0,5,5,0.3545890738916256
0,5,5,NaN
0,5,5,0.007549025419144898
0,5,5,0.06733047183748836
0,5,5,0.27711952186670386
0,5,5,NaN
0,5,5,0.3545890738916256
0,5,5,NaN
0,5,5,NaN
0,5,5,NaN
0,5,5,NaN
0,5,5,0.7106302897733945
0,5,5,NaN
0,5,5,0.7436042216854737
0,5,5,0.13607587061668683
0,5,5,NaN
0,5,5,NaN
0,5,5,0.5865178779178963
0,5,5,0.8257152214189352
0,5,5,NaN
0,5,5,0.0320862846643805
0,5,5,NaN
0,5,5,NaN
0,5,5,0.847018481559038
0,5,5,NaN
0,5,5,0.1022633479497511
0,5,5,NaN
0,5,5,0.31395395753854205
0,5,5,0.10757242521487181
0,5,5,0.15681788281888331
0,5,5,NaN
0,5,5,NaN
0,5,5,NaN
0,5,5,NaN
0,5,5,0.9676842886660223
0,5,5,NaN
0,5,5,0.3545890738916256
0,5,5,NaN
0,5,5,4.99086805351993e-6
0,5,5,0.19518253733420246
0,5,5,NaN
0,5,5,0.20910819076120546
0,5,5,0.24057453370157497
0,5,5,0.9604525435576103
0,5,5,NaN
0,5,5,NaN
0,5,5,0.8440117260961384
0,5,5,NaN
0,5,5,NaN
0,5,5,NaN
0,5,5,0.9746285957804892
0,5,5,NaN
0,5,5,0.5865178779178963
0,5,5,0.3331003974953347
0,5,5,0.20672575247681282
0,5,5,NaN
0,5,5,0.27711952186670386
0,5,5,0.3545890738916256
0,5,5,0.5048439941069305
0,5,5,NaN
0,5,5,NaN
0,5,5,0.3994536466045877
0,5,5,NaN
0,5,5,NaN
0,5,5,NaN
0,5,5,NaN
0,5,5,0.24057453370157497
0,5,5,NaN
0,5,5,0.1022633479497511
0,5,5,NaN
0,5,5,0.07730957836924375
0,5,5,0.0009498740964961342
0,5,5,NaN
0,5,5,NaN
0,5,5,0.0889252594028693
0,5,5,NaN
0,5,5,NaN
0,5,5,NaN
0,5,5,NaN
0,5,5,0.7436042216854737
0,5,5,0.9158013531976743
0,5,5,NaN
0,5,5,0.8257152214189352
0,5,5,NaN
0,5,5,0.1187098235679931
0,5,5,NaN
0,5,5,0.006112602594340191
0,5,5,NaN
0,5,5,0.03816024249601308
0,5,5,0.8257152214189352
0,5,5,NaN
0,5,5,0.7966085091474894
0,5,5,0.3545890738916256
0,5,5,0.6311253596222562
0,5,5,NaN
0,5,5,NaN
0,5,5,NaN
0,5,5,0.25200448204153125
0,5,5,NaN
0,5,5,0.012926942381561383
0,5,5,NaN
0,5,5,NaN
0,5,5,0.06733047183748836
0,5,5,0.34771393297596825
0,5,5,NaN
0,5,5,0.49517317979331793
0,5,5,NaN
0,5,5,0.7644140828331452
0,5,5,0.49517317979331793
0,5,5,NaN
0,5,5,0.20910819076120546
0,5,5,NaN
0,5,5,NaN
0,5,5,NaN
0,5,5,0.20910819076120546
0,5,5,0.5503903997593549
0,5,5,NaN
0,5,5,7.893532690675232e-5
0,5,5,NaN
0,5,5,NaN
0,5,5,0.6734037797783934
0,5,5,NaN
0,5,5,NaN
0,5,5,0.7436042216854737
0,5,5,NaN
0,5,5,0.4479232155172413
0,5,5,0.4463465584792792
0,5,5,NaN
0,5,5,NaN
0,5,5,NaN
0,5,5,NaN
0,5,5,NaN
0,5,5,0.776848760122204
0,5,5,0.007549025419144898
0,5,5,0.6311253596222562
0,5,5,NaN
0,5,5,NaN
0,5,5,0.02420793861740178
0,5,5,NaN
0,5,5,0.7741525432089743
0,5,5,NaN
0,5,5,NaN
0,5,5,0.7436042216854737
0,5,5,NaN
0,5,5,0.1022633479497511
0,5,5,NaN
0,5,5,0.27711952186670386
0,5,5,NaN
0,5,5,NaN
0,5,5,NaN
0,5,5,0.31395395753854205
0,5,5,NaN
0,5,5,0.7106302897733945
0,5,5,NaN
0,5,5,0.6311253596222562
0,5,5,NaN
0,5,5,0.06733047183748836
0,5,5,NaN
0,5,5,0.9409499775572661
0,5,5,0.28923770063511933
0,5,5,0.6325679261913458
0,5,5,NaN
0,5,5,0.24057453370157497
0,5,5,NaN
0,5,5,0.3210958180101993
0,5,5,0.05777681313131297
0,5,5,0.6311253596222562
0,5,5,0.06733047183748836
0,5,5,NaN
0,5,5,0.7741525432089743
0,5,5,NaN
0,5,5,0.24057453370157497
0,5,5,NaN
0,5,5,0.9509474090073529
0,5,5,0.07730957836924375
0,5,5,NaN
0,5,5,NaN
0,5,5,NaN
0,5,5,NaN
0,5,5,0.5865178779178963
0,5,5,NaN
0,5,5,NaN
0,5,5,NaN
0,5,5,NaN
0,5,5,0.20624819932100066
0,5,5,NaN
0,5,5,0.6600837619282068
0,5,5,NaN
0,5,5,NaN
0,5,5,NaN
0,5,5,NaN
0,5,5,0.8673895283120647
0,5,5,0.18051831243523325
0,5,5,NaN
0,5,5,NaN
0,5,5,NaN
0,5,5,NaN
0,5,5,0.15681788281888331
0,5,5,NaN
0,5,5,0.847018481559038
0,5,5,0.3545890738916256
0,5,5,0.4479232155172413
0,5,5,0.3545890738916256
0,5,5,0.9011477651240992
0,5,5,0.06733047183748836
0,5,5,NaN
0,5,5,0.847018481559038
0,5,5,NaN
0,5,5,0.42568116956912894
0,5,5,0.0889252594028693
0,5,5,0.6199515676210973
0,5,5,NaN
0,5,5,NaN
0,5,5,0.27711952186670386
0,5,5,NaN
0,5,5,NaN
0,5,5,1.83844975540024e-5
0,5,5,0.5582485448407792
0,5,5,NaN
0,5,5,NaN
0,5,5,NaN
0,5,5,NaN
0,5,5,NaN
0,5,5,NaN
0,5,5,0.6311253596222562
0,5,5,NaN
0,5,5,NaN
0,5,5,0.18051831243523325
0,5,5,NaN
0,5,5,0.8916232459805725
0,5,5,NaN
0,5,5,0.27711952186670386
0,5,5,NaN
0,5,5,0.31395395753854205
0,5,5,0.02420793861740178
0,5,5,NaN
0,5,5,NaN
0,5,5,NaN
0,5,5,NaN
0,5,5,NaN
0,5,5,0.015565671711291711
0,5,5,NaN
0,5,5,NaN
0,5,5,NaN
0,5,5,0.7161757051475619
0,5,5,0.7741525432089743
0,5,5,0.9409499775572661
0,5,5,NaN
0,5,5,NaN
0,5,5,0.049784193691201066
0,5,5,NaN
0,5,5,NaN
0,5,5,NaN
0,5,5,NaN
0,5,5,NaN
0,5,5,0.5399991833128603
0,5,5,0.6734037797783934
0,5,5,NaN
0,5,5,0.1187098235679931
0,5,5,0.049784193691201066
0,5,5,0.07730957836924375
0,5,5,0.02097058734344152
0,5,5,NaN
0,5,5,0.0889252594028693
0,5,5,1.5717797135935743e-5
0,5,5,NaN
0,5,5,NaN
0,5,5,NaN
0,5,5,0.11055576961722888
0,5,5,NaN
0,5,5,0.20910819076120546
0,5,5,NaN
0,5,5,NaN
0,5,5,NaN
0,5,5,0.1022633479497511
0,5,5,NaN
0,5,5,NaN
0,5,5,NaN
0,5,5,0.846082950202594
0,5,5,0.18051831243523325
0,5,5,0.6734037797783934
0,5,5,NaN
0,5,5,NaN
0,5,5,NaN
0,5,5,0.6334299935592971
0,5,5,0.18051831243523325
0,5,5,0.9676842886660223
0,5,5,NaN
0,5,5,0.5865178779178963
0,5,5,0.5399991833128603
0,5,5,NaN
0,5,5,0.847018481559038
0,5,5,NaN
0,5,5,NaN
0,5,5,0.04284062892133536
0,5,5,0.049784193691201066
0,5,5,NaN
0,5,5,NaN
0,5,5,0.1022633479497511
0,5,5,0.21984467833187396
0,5,5,NaN
0,5,5,0.3545890738916256
0,5,5,NaN
0,5,5,0.6734037797783934
0,5,5,0.6734037797783934
0,5,5,NaN
0,5,5,0.6311253596222562
0,5,5,NaN
0,5,5,0.1187098235679931
0,5,5,NaN
0,5,5,NaN
0,5,5,NaN
0,5,5,NaN
0,5,5,NaN
0,5,5,NaN
0,5,5,NaN
0,5,5,NaN
0,5,5,NaN
0,5,5,0.802297557591902
0,5,5,0.017959370146063955
0,5,5,NaN
0,5,5,NaN
0,5,5,0.49517317979331793
0,5,5,NaN
0,5,5,0.802297557591902
0,5,5,NaN
0,5,5,0.1187098235679931
0,5,5,0.4479232155172413
0,5,5,0.023616007620386303
0,5,5,0.07730957836924375
0,5,5,NaN
0,5,5,0.7154611297706338
0,5,5,NaN
0,5,5,NaN
0,5,5,0.1022633479497511
0,5,5,NaN
0,5,5,0.9509474090073529
0,5,5,0.31395395753854205
0,5,5,NaN
0,5,5,0.3994536466045877
0,5,5,0.049784193691201066
0,5,5,0.802297557591902
0,5,5,0.5399991833128603
0,5,5,NaN
0,5,5,NaN
0,5,5,0.049784193691201066
0,5,5,0.02420793861740178
0,5,5,NaN
0,5,5,NaN
0,5,5,NaN
0,5,5,0.07730957836924375
0,5,5,NaN
0,5,5,NaN
0,5,5,0.15681788281888331
0,5,5,NaN
0,5,5,NaN
0,5,5,NaN
0,5,5,NaN
0,5,5,NaN
0,5,5,NaN
0,5,5,0.05777681313131297
0,5,5,NaN
0,5,5,2.4655475925715155e-5
0,5,5,NaN
0,5,5,NaN
0,5,5,NaN
0,5,5,0.058751948019472845
0,5,5,0.017959370146063955
0,5,5,NaN
0,5,5,0.02420793861740178
0,5,5,NaN
0,5,5,0.802297557591902
0,5,5,0.5865178779178963
0,5,5,NaN
0,5,5,0.4844303099134821
3,1,4,0.802297557591902
1,3,4,0.5865178779178963
1,3,4,0.6257640919961532
1,3,4,NaN
4,0,4,0.6311253596222562
4,0,4,NaN
3,1,4,0.05049533303829848
4,0,4,NaN
4,0,4,NaN
3,1,4,0.5399991833128603
2,2,4,NaN
3,1,4,0.8673895283120647
4,0,4,NaN
1,3,4,NaN
4,0,4,NaN
3,1,4,0.1187098235679931
3,1,4,0.2672631005041597
3,1,4,NaN
4,0,4,0.02420793861740178
1,3,4,NaN
3,1,4,NaN
1,3,4,NaN
4,0,4,0.8702055675570043
4,0,4,0.802297557591902
1,3,4,NaN
3,1,4,NaN
2,2,4,NaN
4,0,4,NaN
1,3,4,NaN
4,0,4,0.8842791248293348
1,3,4,0.3736225694163881
1,3,4,0.09026366331602496
2,2,4,NaN
3,1,4,0.20910819076120546
3,1,4,0.18051831243523325
2,2,4,0.9419366212790411
3,1,4,NaN
2,2,4,NaN
3,1,4,0.027241485462883623
1,3,4,0.05777681313131297
1,3,4,0.3545890738916256
3,1,4,0.3545890738916256
2,2,4,0.8979498316874588
4,0,4,NaN
1,3,4,0.5865178779178963
3,1,4,NaN
3,1,4,NaN
3,1,4,NaN
4,0,4,0.5865178779178963
4,0,4,NaN
3,1,4,NaN
4,0,4,0.9858284791076382
2,2,4,0.8028345924731207
4,0,4,0.0014137540707643054
4,0,4,0.9942982452701703
4,0,4,0.9011477651240992
3,1,4,NaN
3,1,4,0.0004616293391655121
2,2,4,NaN
2,2,4,NaN
3,1,4,NaN
3,1,4,NaN
1,3,4,NaN
3,1,4,NaN
3,1,4,0.9922549943338576
4,0,4,0.07730957836924375
2,2,4,0.6311253596222562
3,1,4,0.24057453370157497
3,1,4,0.07730957836924375
4,0,4,0.20910819076120546
1,3,4,NaN
2,2,4,NaN
3,1,4,0.7450336490930568
4,0,4,0.27711952186670386
2,2,4,0.5865178779178963
4,0,4,NaN
4,0,4,NaN
1,3,4,NaN
2,2,4,NaN
4,0,4,0.11888592299896517
4,0,4,NaN
1,3,4,NaN
2,2,4,0.010703640740103252
2,2,4,0.0049113615631023325
2,2,4,NaN
2,2,4,NaN
3,1,4,NaN
2,2,4,NaN
1,3,4,NaN
1,3,4,0.24057453370157497
4,0,4,NaN
2,2,4,NaN
3,1,4,NaN
1,3,4,0.0889252594028693
3,1,4,NaN
3,1,4,0.1187098235679931
3,1,4,NaN
4,0,4,0.23105099657908976
2,2,4,NaN
1,3,4,0.9942982452701703
4,0,4,0.20910819076120546
1,3,4,NaN
4,0,4,0.49517317979331793
2,2,4,0.29627996588188826
4,0,4,NaN
3,1,4,0.802297557591902
2,2,4,0.29627996588188826
3,1,4,NaN
2,2,4,NaN
1,3,4,NaN
1,3,4,0.049784193691201066
1,3,4,NaN
3,1,4,NaN
3,1,4,0.8842791248293348
2,2,4,NaN
3,1,4,NaN
2,2,4,0.13607587061668683
3,1,4,NaN
3,1,4,NaN
4,0,4,NaN
2,2,4,0.5469079867679913
1,3,4,NaN
2,2,4,NaN
3,1,4,0.1022633479497511
3,1,4,NaN
2,2,4,NaN
3,1,4,NaN
2,2,4,NaN
4,0,4,NaN
1,3,4,NaN
2,2,4,NaN
2,2,4,NaN
1,3,4,0.7768835846993585
4,0,4,NaN
4,0,4,0.1187098235679931
1,3,4,0.6734037797783934
1,3,4,0.4811297066805987
3,1,4,NaN
3,1,4,0.15681788281888331
4,0,4,NaN
4,0,4,NaN
2,2,4,0.3545890738916256
2,2,4,NaN
4,0,4,NaN
4,0,4,0.08043966319786441
4,0,4,0.012304536873047403
2,2,4,0.3959530211891856
2,2,4,0.1722073607630949
4,0,4,NaN
4,0,4,NaN
2,2,4,NaN
1,3,4,0.8257152214189352
1,3,4,NaN
3,1,4,NaN
4,0,4,0.7662961797774231
3,1,4,0.15681788281888331
2,2,4,0.5865178779178963
3,1,4,NaN
2,2,4,0.06733047183748836
3,1,4,NaN
3,1,4,0.4479232155172413
1,3,4,0.7436042216854737
4,0,4,NaN
3,1,4,0.9424120015971877
2,2,4,0.9819195648768323
1,3,4,NaN
4,0,4,0.18051831243523325
4,0,4,NaN
3,1,4,NaN
1,3,4,0.3545890738916256
3,1,4,NaN
4,0,4,0.012497774037890796
2,2,4,0.8673895283120647
4,0,4,0.0320862846643805
3,1,4,NaN
2,2,4,0.7106302897733945
3,1,4,NaN
3,1,4,0.0006835948717715585
1,3,4,NaN
4,0,4,0.7106302897733945
1,3,4,NaN
1,3,4,0.31395395753854205
1,3,4,0.49517317979331793
2,2,4,0.13607587061668683
4,0,4,0.15681788281888331
3,1,4,0.9158013531976743
4,0,4,NaN
3,1,4,NaN
3,1,4,NaN
4,0,4,NaN
4,0,4,NaN
4,0,4,0.802297557591902
1,3,4,NaN
2,2,4,0.40587398234445193
3,1,4,NaN
1,3,4,NaN
3,1,4,NaN
4,0,4,0.49517317979331793
3,1,4,0.6311253596222562
4,0,4,NaN
3,1,4,0.27711952186670386
2,2,4,NaN
4,0,4,NaN
4,0,4,NaN
1,3,4,0.1187098235679931
1,3,4,0.04284062892133536
2,2,4,0.24057453370157497
3,1,4,NaN
3,1,4,0.9409499775572661
4,0,4,NaN
2,2,4,0.9746285957804892
1,3,4,0.0022815824299994257
3,1,4,0.26722820195526015
2,2,4,0.9158013531976743
4,0,4,NaN
2,2,4,0.0657554716362786
1,3,4,0.060116041591678666
2,2,4,NaN
3,1,4,NaN
3,1,4,0.4479232155172413
4,0,4,0.13607587061668683
3,1,4,NaN
4,0,4,NaN
4,0,4,NaN
2,2,4,0.20910819076120546
3,1,4,0.13607587061668683
2,2,4,0.802297557591902
3,1,4,NaN
4,0,4,0.9011477651240992
3,1,4,NaN
1,3,4,0.4728636135152831
4,0,4,0.7436042216854737
2,2,4,NaN
3,1,4,NaN
4,0,4,NaN
4,0,4,NaN
2,2,4,0.9341464977495824
2,2,4,0.9158013531976743
4,0,4,NaN
1,3,4,NaN
1,3,4,0.1187098235679931
4,0,4,NaN
3,1,4,0.1187098235679931
2,2,4,NaN
3,1,4,NaN
2,2,4,0.13607587061668683
2,2,4,0.05237091657628893
1,3,4,NaN
1,3,4,0.09008333462864616
4,0,4,NaN
2,2,4,NaN
4,0,4,NaN
2,2,4,0.6545650527883891
2,2,4,0.5865178779178963
1,3,4,0.6311253596222562
4,0,4,NaN
2,2,4,NaN
1,3,4,NaN
3,1,4,0.4479232155172413
3,1,4,NaN
2,2,4,NaN
4,0,4,NaN
2,2,4,NaN
3,1,4,0.6311253596222562
2,2,4,0.8673895283120647
2,2,4,NaN
3,1,4,0.9011477651240992
3,1,4,0.5865178779178963
3,1,4,NaN
2,2,4,0.8693487735180275
3,1,4,0.6734037797783934
1,3,4,0.5399991833128603
4,0,4,NaN
2,2,4,NaN
1,3,4,0.1022633479497511
2,2,4,NaN
3,1,4,NaN
2,2,4,NaN
1,3,4,NaN
3,1,4,NaN
2,2,4,NaN
2,2,4,NaN
1,3,4,0.6734037797783934
4,0,4,NaN
2,2,4,NaN
2,2,4,NaN
2,2,4,NaN
2,2,4,NaN
1,3,4,0.9858284791076382
2,2,4,3.301629848373998e-7
4,0,4,0.1022633479497511
2,2,4,NaN
4,0,4,NaN
3,1,4,NaN
2,2,4,NaN
2,2,4,0.8673895283120647
2,2,4,NaN
4,0,4,NaN
4,0,4,NaN
4,0,4,NaN
3,1,4,0.8702055675570043
4,0,4,NaN
2,2,4,0.8257152214189352
2,2,4,0.1022633479497511
2,2,4,0.9858284791076382
2,2,4,0.3545890738916256
3,1,4,NaN
3,1,4,NaN
4,0,4,0.3545890738916256
1,3,4,0.5865178779178963
4,0,4,0.802297557591902
3,1,4,NaN
3,1,4,NaN
2,2,4,NaN
2,2,4,NaN
3,1,4,0.8673895283120647
4,0,4,NaN
4,0,4,0.007549025419144898
2,2,4,0.05777681313131297
1,3,4,NaN
3,1,4,0.7436042216854737
2,2,4,NaN
3,1,4,NaN
1,3,4,NaN
2,2,4,0.5865178779178963
3,1,4,0.8842791248293348
3,1,4,NaN
4,0,4,NaN
3,1,4,NaN
4,0,4,NaN
3,1,4,0.3545890738916256
3,1,4,0.27711952186670386
1,3,4,0.4479232155172413
2,2,4,0.5399991833128603
3,1,4,NaN
3,1,4,NaN
2,2,4,NaN
2,2,4,0.15681788281888331
2,2,4,NaN
3,1,4,NaN
4,0,4,NaN
1,3,4,NaN
3,1,4,NaN
2,2,4,NaN
2,2,4,NaN
2,2,4,NaN
2,2,4,NaN
1,3,4,0.7106302897733945
2,2,4,0.34555487180963684
4,0,4,NaN
3,1,4,0.24057453370157497
3,1,4,NaN
3,1,4,0.5865178779178963
4,0,4,NaN
3,1,4,0.7436042216854737
1,3,4,NaN
1,3,4,0.37860379433309005
1,3,4,NaN
4,0,4,0.7275348617845027
1,3,4,NaN
2,2,4,0.802297557591902
3,1,4,NaN
1,3,4,NaN
1,3,4,0.4830140445946378
3,1,4,0.07730957836924375
2,2,4,NaN
1,3,4,NaN
4,0,4,NaN
3,1,4,NaN
3,1,4,0.18051831243523325
3,1,4,NaN
3,1,4,0.5865178779178963
4,0,4,NaN
2,2,4,NaN
2,2,4,0.6734037797783934
2,2,4,NaN
2,2,4,NaN
2,2,4,0.8673895283120647
3,1,4,NaN
3,1,4,0.7106302897733945
2,2,4,NaN
1,3,4,NaN
4,0,4,NaN
4,0,4,NaN
1,3,4,NaN
1,3,4,0.012497774037890796
3,1,4,NaN
4,0,4,0.8673895283120647
2,2,4,NaN
2,2,4,NaN
2,2,4,NaN
3,1,4,NaN
4,0,4,0.29627996588188826
4,0,4,0.9676842886660223
3,1,4,0.04284062892133536
4,0,4,NaN
2,2,4,NaN
1,3,4,NaN
3,1,4,0.5865178779178963
2,2,4,NaN
2,2,4,0.5865178779178963
3,1,4,0.8040097821589668
2,2,4,NaN
3,1,4,0.7965291793566884
2,2,4,0.06733047183748836
4,0,4,0.7436042216854737
2,2,4,NaN
4,0,4,0.8673895283120647
2,2,4,NaN
4,0,4,0.20910819076120546
1,3,4,0.3994536466045877
4,0,4,NaN
4,0,4,NaN
4,0,4,0.0005752241303745155
3,1,4,NaN
3,1,4,NaN
1,3,4,0.3994536466045877
4,0,4,NaN
1,3,4,0.6734037797783934
1,3,4,NaN
3,1,4,0.03713138400000036
4,0,4,NaN
1,3,4,NaN
3,1,4,0.6617647445745589
2,2,4,0.5865178779178963
1,3,4,0.24057453370157497
4,0,4,0.10039943049055722
2,2,4,0.024912310439997705
4,0,4,NaN
3,1,4,0.027828197784382988
4,0,4,0.5865178779178963
3,1,4,NaN
1,3,4,NaN
1,3,4,NaN
4,0,4,0.847018481559038
3,1,4,0.557799701652249
3,1,4,0.7741525432089743
1,3,4,NaN
3,1,4,NaN
4,0,4,0.27952180491332884
1,3,4,NaN
2,2,4,0.13607587061668683
4,0,4,0.24057453370157497
4,0,4,NaN
2,2,4,0.0010244190064805062
4,0,4,0.5865178779178963
1,3,4,0.847018481559038
1,3,4,0.7106302897733945
2,2,4,NaN
3,1,4,0.9676842886660223
4,0,4,NaN
2,2,4,0.6104179272544153
4,0,4,NaN
4,0,4,NaN
2,2,4,0.6734037797783934
2,2,4,0.13607587061668683
1,3,4,0.802297557591902
4,0,4,NaN
4,0,4,NaN
2,2,4,0.8842791248293348
1,3,4,NaN
3,1,4,NaN
4,0,4,0.15681788281888331
4,0,4,NaN
4,0,4,NaN
3,1,4,NaN
2,2,4,NaN
2,2,4,0.7106302897733945
2,2,4,NaN
4,0,4,0.7741525432089743
2,2,4,NaN
2,2,4,0.060040698912649126
2,2,4,NaN
1,3,4,0.4059070552276274
4,0,4,0.9440771130773452
2,2,4,NaN
1,3,4,NaN
3,1,4,NaN
2,2,4,0.7436042216854737
3,1,4,NaN
2,2,4,NaN
1,3,4,0.8257152214189352
3,1,4,NaN
4,0,4,NaN
2,2,4,NaN
2,2,4,NaN
1,3,4,0.006112602594340191
2,2,4,0.38919142126087336
3,1,4,0.5223420101763185
3,1,4,0.47285662688148444
4,0,4,0.31395395753854205
3,1,4,NaN
3,1,4,0.3994536466045877
3,1,4,0.43979534793046837
4,0,4,0.16942910363871092
3,1,4,0.7741525432089743
3,1,4,0.5950640662721262
2,2,4,0.04284062892133536
2,2,4,NaN
3,1,4,NaN
3,1,4,0.0027711772253420815
2,2,4,NaN
4,0,4,0.22488665039742023
2,2,4,0.02097058734344152
2,2,4,NaN
3,1,4,0.6857410773387043
1,3,4,NaN
1,3,4,0.8673895283120647
3,1,4,NaN
4,0,4,NaN
3,1,4,0.18051831243523325
2,2,4,0.3736225694163881
4,0,4,NaN
3,1,4,0.049784193691201066
4,0,4,NaN
3,1,4,0.27711952186670386
4,0,4,NaN
1,3,4,NaN
1,3,4,NaN
3,1,4,0.010777834245389788
3,1,4,NaN
2,2,4,0.7106302897733945
3,1,4,NaN
2,2,4,0.028407594946241885
3,1,4,NaN
1,3,4,0.7845754281585577
2,2,4,NaN
2,2,4,0.24763932860721807
3,1,4,NaN
3,1,4,NaN
3,1,4,NaN
3,1,4,NaN
2,2,4,NaN
3,1,4,0.15681788281888331
1,3,4,NaN
2,2,4,NaN
2,2,4,NaN
3,1,4,NaN
3,1,4,NaN
3,1,4,NaN
3,1,4,0.27711952186670386
2,2,4,NaN
1,3,4,NaN
4,0,4,0.04284062892133536
3,1,4,NaN
1,3,4,0.3545890738916256
4,0,4,0.011099670944824704
2,2,4,0.05237091657628893
3,1,4,NaN
1,3,4,0.004090871616932862
4,0,4,NaN
4,0,4,NaN
2,2,4,NaN
2,2,4,NaN
4,0,4,NaN
2,2,4,0.929018891880075
3,1,4,NaN
1,3,4,NaN
4,0,4,0.18051831243523325
1,3,4,NaN
3,1,4,0.802297557591902
2,2,4,NaN
2,2,4,NaN
4,0,4,NaN
4,0,4,NaN
1,3,4,NaN
4,0,4,NaN
2,2,4,0.3994536466045877
3,1,4,NaN
1,3,4,NaN
3,1,4,0.02097058734344152
1,3,4,0.7436042216854737
2,2,4,NaN
1,3,4,NaN
3,1,4,NaN
4,0,4,NaN
1,3,4,NaN
3,1,4,NaN
3,1,4,NaN
3,1,4,NaN
2,2,4,0.13607587061668683
1,3,4,NaN
3,1,4,0.9804856792230215
1,3,4,NaN
2,2,4,0.08577595901997749
1,3,4,0.1187098235679931
2,2,4,NaN
4,0,4,NaN
2,2,4,0.7436042216854737
2,2,4,NaN
4,0,4,NaN
2,2,4,0.006112602594340191
3,1,4,NaN
2,2,4,0.06733047183748836
4,0,4,NaN
3,1,4,0.24057453370157497
4,0,4,NaN
3,1,4,NaN
1,3,4,NaN
1,3,4,0.9012797442731387
3,1,4,NaN
4,0,4,NaN
1,3,4,0.15681788281888331
1,3,4,NaN
2,2,4,NaN
1,3,4,NaN
4,0,4,0.49517317979331793
2,2,4,0.929018891880075
4,0,4,0.24057453370157497
2,2,4,0.10705286665462334
2,2,4,NaN
2,2,4,NaN
4,0,4,NaN
1,3,4,0.31395395753854205
4,0,4,0.8257152214189352
3,1,4,NaN
4,0,4,NaN
4,0,4,0.0889252594028693
2,2,4,0.07730957836924375
4,0,4,NaN
3,1,4,0.3545890738916256
3,1,4,0.7741525432089743
2,2,4,NaN
3,1,4,NaN
2,2,4,NaN
4,0,4,NaN
2,2,4,NaN
4,0,4,0.6311253596222562
4,0,4,NaN
3,1,4,NaN
2,2,4,NaN
2,2,4,NaN
2,2,4,NaN
3,1,4,NaN
3,1,4,0.009138191808191554
3,1,4,0.1187098235679931
2,2,4,0.27711952186670386
3,1,4,NaN
2,2,4,NaN
1,3,4,0.0889252594028693
2,2,4,NaN
4,0,4,NaN
3,1,4,NaN
3,1,4,0.0011997733615274348
2,2,4,NaN
2,2,4,0.017201984659045554
4,0,4,NaN
4,0,4,0.9409499775572661
1,3,4,0.3994536466045877
1,3,4,NaN
3,1,4,NaN
1,3,4,0.0889252594028693
1,3,4,0.24057453370157497
4,0,4,NaN
2,2,4,0.3545890738916256
2,2,4,NaN
2,2,4,0.4479232155172413
4,0,4,NaN
1,3,4,NaN
1,3,4,NaN
4,0,4,NaN
2,2,4,NaN
4,0,4,0.7106302897733945
2,2,4,0.12302272476435694
4,0,4,NaN
3,1,4,NaN
2,2,4,0.002840094987876644
2,2,4,NaN
2,2,4,NaN
4,0,4,NaN
4,0,4,NaN
3,1,4,0.05777681313131297
2,2,4,0.04284062892133536
3,1,4,NaN
3,1,4,NaN
2,2,4,NaN
2,2,4,0.9409499775572661
3,1,4,0.5865178779178963
4,0,4,NaN
4,0,4,0.802297557591902
1,3,4,NaN
3,1,4,0.1187098235679931
2,2,4,0.4552293809207053
2,2,4,0.18051831243523325
2,2,4,NaN
4,0,4,NaN
1,3,4,NaN
2,2,4,NaN
4,0,4,NaN
4,0,4,NaN
2,2,4,NaN
3,1,4,0.4479232155172413
2,2,4,0.13607587061668683
1,3,4,0.5865178779178963
2,2,4,NaN
4,0,4,NaN
2,2,4,NaN
1,3,4,NaN
3,1,4,0.7741525432089743
2,2,4,0.06166156071358722
1,3,4,NaN
1,3,4,0.7436042216854737
4,0,4,NaN
2,2,4,NaN
4,0,4,NaN
2,2,4,0.017959370146063955
1,3,4,NaN
4,0,4,NaN
2,2,4,NaN
3,1,4,NaN
4,0,4,NaN
2,2,4,0.05777681313131297
1,3,4,0.31395395753854205
2,2,4,NaN
3,1,4,0.6734037797783934
3,1,4,NaN
3,1,4,NaN
2,2,4,0.3994536466045877
1,3,4,NaN
4,0,4,NaN
4,0,4,0.1187098235679931
4,0,4,NaN
2,2,4,0.802297557591902
1,3,4,NaN
1,3,4,0.18051831243523325
2,2,4,NaN
3,1,4,0.9850475958799576
4,0,4,NaN
3,1,4,0.24057453370157497
1,3,4,0.27711952186670386
2,2,4,0.05985213483598586
2,2,4,NaN
3,1,4,NaN
2,2,4,0.04284062892133536
2,2,4,NaN
2,2,4,0.49517317979331793
4,0,4,NaN
3,1,4,0.015565671711291711
1,3,4,NaN
1,3,4,NaN
2,2,4,0.7436042216854737
1,3,4,0.49517317979331793
2,2,4,0.6734037797783934
4,0,4,NaN
2,2,4,0.1022633479497511
4,0,4,0.27711952186670386
4,0,4,NaN
4,0,4,NaN
4,0,4,NaN
4,0,4,NaN
2,2,4,0.6734037797783934
4,0,4,0.41718013456084124
4,0,4,0.8257152214189352
1,3,4,NaN
2,2,4,0.802297557591902
2,2,4,0.4621375384693473
1,3,4,NaN
3,1,4,NaN
4,0,4,NaN
1,3,4,0.5399991833128603
4,0,4,0.49517317979331793
2,2,4,0.9011477651240992
2,2,4,NaN
1,3,4,0.8673895283120647
4,0,4,0.3994536466045877
3,1,4,0.07730957836924375
2,2,4,0.06733047183748836
2,2,4,NaN
3,1,4,0.4479232155172413
1,3,4,NaN
3,1,4,NaN
2,2,4,NaN
3,1,4,NaN
2,2,4,NaN
1,3,4,0.1187098235679931
3,1,4,0.0320862846643805
4,0,4,0.16298327554534056
1,3,4,NaN
4,0,4,NaN
1,3,4,NaN
3,1,4,0.027828197784382988
3,1,4,NaN
2,2,4,NaN
3,1,4,NaN
3,1,4,NaN
2,2,4,0.3545890738916256
3,1,4,NaN
3,1,4,NaN
3,1,4,0.847018481559038
1,3,4,0.847018481559038
3,1,4,0.18051831243523325
2,2,4,0.05777681313131297
2,2,4,0.8842791248293348
4,0,4,NaN
3,1,4,NaN
2,2,4,NaN
2,2,4,0.6311253596222562
1,3,4,NaN
2,2,4,NaN
2,2,4,0.9158013531976743
1,3,4,NaN
2,2,4,NaN
2,2,4,NaN
2,2,4,NaN
4,0,4,NaN
3,1,4,NaN
2,2,4,0.6734037797783934
3,1,4,NaN
3,1,4,NaN
2,2,4,NaN
4,0,4,0.8842791248293348
3,1,4,0.0066953015196840404
2,2,4,0.3959530211891856
1,3,4,0.027828197784382988
2,2,4,NaN
2,2,4,NaN
4,0,4,NaN
4,0,4,0.03466737208277724
3,1,4,NaN
3,1,4,NaN
3,1,4,0.9961964789438488
4,0,4,NaN
2,2,4,0.27711952186670386
1,3,4,0.6311253596222562
2,2,4,NaN
4,0,4,0.7106302897733945
3,1,4,NaN
2,2,4,0.011569367960753923
3,1,4,NaN
2,2,4,0.04284062892133536
4,0,4,0.6734037797783934
1,3,4,NaN
1,3,4,0.016774051461599285
3,1,4,0.03713138400000036
3,1,4,NaN
2,2,4,0.8257152214189352
1,3,4,NaN
1,3,4,NaN
2,2,4,NaN
4,0,4,0.49517317979331793
3,1,4,0.24057453370157497
3,1,4,NaN
2,2,4,NaN
4,0,4,NaN
2,2,4,0.15898212493423974
1,3,4,NaN
1,3,4,NaN
2,2,4,NaN
2,2,4,NaN
3,1,4,NaN
1,3,4,0.3994536466045877
2,2,4,0.5696310514948689
2,2,4,0.49517317979331793
4,0,4,NaN
4,0,4,NaN
4,0,4,NaN
2,2,4,NaN
3,1,4,0.4479232155172413
2,2,4,NaN
2,2,4,NaN
1,3,4,0.31395395753854205
4,0,4,0.24057453370157497
1,3,4,0.9011477651240992
2,2,4,NaN
4,0,4,NaN
3,1,4,NaN
4,0,4,NaN
1,3,4,NaN
1,3,4,0.9153281509838065
4,0,4,NaN
3,1,4,NaN
4,0,4,0.1022633479497511
2,2,4,0.3545890738916256
2,2,4,NaN
1,3,4,NaN
2,2,4,NaN
3,1,4,NaN
3,1,4,0.7436042216854737
2,2,4,NaN
4,0,4,NaN
4,0,4,NaN
3,1,4,0.15681788281888331
3,1,4,NaN
2,2,4,NaN
2,2,4,0.9811196105389223
2,2,4,0.6759354850992831
3,1,4,NaN
3,1,4,0.8673895283120647
2,2,4,NaN
3,1,4,NaN
4,0,4,NaN
3,1,4,NaN
2,2,4,0.036608613767823504
3,1,4,NaN
3,1,4,0.1462141640428404
4,0,4,NaN
4,0,4,NaN
1,3,4,0.1022633479497511
3,1,4,NaN
3,1,4,NaN
3,1,4,0.8257152214189352
1,3,4,0.31395395753854205
3,1,4,NaN
3,1,4,0.3545890738916256
3,1,4,0.24057453370157497
4,0,4,NaN
2,2,4,NaN
2,2,4,0.9012797442731387
2,2,4,NaN
2,2,4,NaN
3,1,4,0.7106302897733945
3,1,4,NaN
4,0,4,NaN
4,0,4,NaN
4,0,4,0.7741009384511205
2,2,4,NaN
4,0,4,0.31395395753854205
4,0,4,0.03713138400000036
2,2,4,NaN
2,2,4,NaN
4,0,4,0.24057453370157497
3,1,4,NaN
2,2,4,NaN
4,0,4,NaN
3,1,4,0.013138467018580544
1,3,4,NaN
3,1,4,0.31395395753854205
2,2,4,NaN
4,0,4,0.07730957836924375
3,1,4,NaN
1,3,4,NaN
3,1,4,0.5973588339617868
2,2,4,0.802297557591902
3,1,4,NaN
4,0,4,NaN
1,3,4,0.1022633479497511
2,2,4,0.4479232155172413
1,3,4,0.8257152214189352
3,1,4,NaN
3,1,4,0.847018481559038
4,0,4,0.4479232155172413
1,3,4,NaN
3,1,4,NaN
2,2,4,NaN
4,0,4,NaN
1,3,4,0.7741525432089743
3,1,4,NaN
1,3,4,0.9597872636764423
2,2,4,NaN
4,0,4,0.014235065545369175
2,2,4,NaN
3,1,4,0.6263909564487858
2,2,4,NaN
3,1,4,NaN
2,2,4,NaN
3,1,4,0.27711952186670386
4,0,4,0.27711952186670386
3,1,4,NaN
2,2,4,0.847018481559038
2,2,4,NaN
3,1,4,NaN
2,2,4,NaN
2,2,4,0.9409499775572661
2,2,4,0.040587612222940765
2,2,4,0.06733047183748836
2,2,4,NaN
2,2,4,NaN
2,2,4,NaN
4,0,4,0.05777681313131297
4,0,4,NaN
3,1,4,NaN
4,0,4,NaN
3,1,4,0.002254604245671835
3,1,4,0.8257152214189352
3,1,4,0.1187098235679931
4,0,4,0.8257152214189352
2,2,4,0.1022633479497511
2,2,4,0.0320862846643805
4,0,4,NaN
1,3,4,0.15681788281888331
4,0,4,NaN
2,2,4,0.22412348753507685
1,3,4,NaN
3,1,4,NaN
3,1,4,0.20910819076120546
3,1,4,NaN
4,0,4,0.7106302897733945
1,3,4,0.5865178779178963
2,2,4,NaN
3,1,4,NaN
4,0,4,NaN
2,2,4,0.1187098235679931
3,1,4,NaN
2,2,4,NaN
2,2,4,NaN
1,3,4,NaN
3,1,4,0.6398370828519593
3,1,4,NaN
2,2,4,NaN
3,1,4,NaN
1,3,4,0.49517317979331793
2,2,4,NaN
4,0,4,NaN
1,3,4,NaN
4,0,4,0.9158013531976743
3,1,4,NaN
2,2,4,NaN
1,3,4,0.6311253596222562
2,2,4,0.995324766023357
3,1,4,0.6685170707645344
3,1,4,0.8257152214189352
3,1,4,NaN
3,1,4,NaN
3,1,4,0.3994536466045877
3,1,4,0.5121978661669545
3,1,4,0.049784193691201066
4,0,4,NaN
4,0,4,NaN
3,1,4,NaN
1,3,4,NaN
3,1,4,0.7287308790522729
3,1,4,0.5865178779178963
2,2,4,0.929018891880075
4,0,4,0.6565973968020268
3,1,4,0.3994536466045877
3,1,4,0.1187098235679931
3,1,4,0.7106302897733945
3,1,4,0.027828197784382988
1,3,4,NaN
4,0,4,NaN
2,2,4,NaN
2,2,4,NaN
3,1,4,NaN
4,0,4,NaN
2,2,4,0.0320862846643805
3,1,4,0.24057453370157497
2,2,4,0.5399991833128603
2,2,4,NaN
2,2,4,NaN
2,2,4,NaN
1,3,4,0.49517317979331793
2,2,4,NaN
3,1,4,NaN
4,0,4,0.4479232155172413
4,0,4,NaN
4,0,4,NaN
4,0,4,NaN
3,1,4,NaN
2,2,4,0.7436042216854737
4,0,4,NaN
4,0,4,0.7436042216854737
2,2,4,0.7436042216854737
1,3,4,NaN
4,0,4,NaN
1,3,4,NaN
4,0,4,0.24057453370157497
3,1,4,NaN
3,1,4,0.05777681313131297
4,0,4,NaN
1,3,4,NaN
2,2,4,0.3912454270550805
3,1,4,NaN
3,1,4,NaN
4,0,4,NaN
4,0,4,NaN
4,0,4,NaN
4,0,4,NaN
2,2,4,NaN
4,0,4,NaN
2,2,4,NaN
3,1,4,0.1875778595969853
3,1,4,NaN
2,2,4,0.9158013531976743
4,0,4,NaN
2,2,4,NaN
3,1,4,NaN
2,2,4,0.8257152214189352
3,1,4,0.7741525432089743
2,2,4,0.9011477651240992
3,1,4,NaN
3,1,4,0.7102743194191408
4,0,4,NaN
4,0,4,0.9746285957804892
3,1,4,NaN
4,0,4,NaN
1,3,4,0.0320862846643805
2,2,4,0.6311253596222562
3,1,4,NaN
1,3,4,NaN
1,3,4,0.038382526346251944
2,2,4,0.1022633479497511
2,2,4,0.49517317979331793
1,3,4,0.8842791248293348
2,2,4,0.02097058734344152
1,3,4,NaN
3,1,4,NaN
2,2,4,NaN
3,1,4,NaN
4,0,4,NaN
3,1,4,0.615421315423315
2,2,4,NaN
4,0,4,NaN
2,2,4,0.9158013531976743
3,1,4,NaN
2,2,4,0.0074319609070735695
2,2,4,NaN
4,0,4,NaN
1,3,4,0.15750612934117547
2,2,4,0.5865178779178963
3,1,4,0.5865178779178963
1,3,4,NaN
1,3,4,NaN
3,1,4,0.8257152214189352
3,1,4,NaN
2,2,4,NaN
4,0,4,NaN
3,1,4,0.18051831243523325
2,2,4,NaN
1,3,4,NaN
3,1,4,0.1187098235679931
2,2,4,0.014235065545369175
3,1,4,NaN
3,1,4,NaN
4,0,4,0.02420793861740178
3,1,4,NaN
3,1,4,NaN
3,1,4,0.3994536466045877
4,0,4,NaN
2,2,4,0.7436042216854737
4,0,4,0.13607587061668683
2,2,4,NaN
1,3,4,NaN
2,2,4,0.3353827170699711
3,1,4,0.1602721383685394
2,2,4,NaN
1,3,4,0.19766755621046578
2,2,4,NaN
4,0,4,NaN
2,2,4,0.00017046085139861493
3,1,4,NaN
2,2,4,0.027828197784382988
3,1,4,NaN
3,1,4,0.847018481559038
3,1,4,NaN
2,2,4,0.9889580154028568
2,2,4,NaN
3,1,4,NaN
3,1,4,NaN
2,2,4,NaN
1,3,4,0.49517317979331793
2,2,4,NaN
2,2,4,NaN
3,1,4,NaN
4,0,4,0.3994536466045877
3,1,4,NaN
1,3,4,NaN
4,0,4,NaN
4,0,4,NaN
2,2,4,0.6734037797783934
3,1,4,NaN
3,1,4,0.07730957836924375
1,3,4,0.49517317979331793
1,3,4,NaN
1,3,4,NaN
3,1,4,NaN
2,2,4,NaN
4,0,4,NaN
1,3,4,NaN
2,2,4,NaN
3,1,4,NaN
2,2,4,NaN
3,1,4,NaN
2,2,4,0.9043700483111605
3,1,4,NaN
1,3,4,0.1187098235679931
2,2,4,0.27711952186670386
2,2,4,NaN
4,0,4,NaN
3,1,4,0.08591346897302456
3,1,4,NaN
1,3,4,NaN
4,0,4,NaN
1,3,4,NaN
3,1,4,NaN
3,1,4,NaN
3,1,4,0.02420793861740178
1,3,4,NaN
1,3,4,0.18051831243523325
2,2,4,NaN
2,2,4,NaN
2,2,4,NaN
3,1,4,NaN
2,2,4,NaN
3,1,4,0.3994536466045877
4,0,4,0.2356980145745433
2,2,4,NaN
4,0,4,NaN
2,2,4,NaN
2,2,4,NaN
1,3,4,0.4479232155172413
4,0,4,NaN
2,2,4,NaN
3,1,4,NaN
2,2,4,NaN
3,1,4,NaN
1,3,4,0.3916871069372724
3,1,4,NaN
4,0,4,0.0332061416639553
4,0,4,NaN
4,0,4,NaN
3,1,4,0.09497074507602866
2,2,4,0.04284062892133536
3,1,4,0.7741525432089743
2,2,4,0.9011477651240992
4,0,4,NaN
2,2,4,0.14507493759926762
4,0,4,NaN
2,2,4,0.3994536466045877
1,3,4,NaN
3,1,4,NaN
1,3,4,NaN
4,0,4,0.015565671711291711
2,2,4,NaN
4,0,4,0.5865178779178963
1,3,4,NaN
3,1,4,NaN
2,2,4,0.017959370146063955
1,3,4,0.929018891880075
1,3,4,0.3545890738916256
4,0,4,0.6685170707645344
2,2,4,0.8842791248293348
4,0,4,NaN
1,3,4,NaN
1,3,4,NaN
2,2,4,NaN
2,2,4,0.3545890738916256
3,1,4,NaN
4,0,4,0.0889252594028693
4,0,4,NaN
4,0,4,0.6734037797783934
1,3,4,NaN
1,3,4,0.6311253596222562
1,3,4,NaN
2,2,4,0.8673895283120647
3,1,4,0.18051831243523325
4,0,4,NaN
3,1,4,NaN
4,0,4,NaN
1,3,4,0.11616416829434306
4,0,4,NaN
3,1,4,NaN
1,3,4,NaN
1,3,4,NaN
3,1,4,0.3545890738916256
2,2,4,0.0004450465484970372
4,0,4,NaN
3,1,4,NaN
4,0,4,0.047237805464680246
2,2,4,0.3545890738916256
3,1,4,NaN
3,1,4,NaN
4,0,4,0.27711952186670386
2,2,4,0.24057453370157497
2,2,4,0.06022767644378287
2,2,4,0.847018481559038
3,1,4,NaN
1,3,4,0.26998648824777627
4,0,4,NaN
3,1,4,0.5865178779178963
2,2,4,NaN
3,1,4,NaN
4,0,4,NaN
2,2,4,0.1187098235679931
4,0,4,0.6311253596222562
4,0,4,0.20173578686501953
4,0,4,0.027828197784382988
1,3,4,0.4479232155172413
1,3,4,NaN
3,1,4,NaN
1,3,4,0.6290314367926152
3,1,4,0.802297557591902
2,2,4,NaN
2,2,4,0.7436042216854737
2,2,4,0.5865178779178963
3,1,4,0.4479232155172413
2,2,4,NaN
3,1,4,0.8842791248293348
2,2,4,0.9604525435576103
3,1,4,0.5399991833128603
3,1,4,NaN
4,0,4,NaN
1,3,4,0.15681788281888331
2,2,4,0.49517317979331793
2,2,4,NaN
1,3,4,NaN
4,0,4,0.4479232155172413
3,1,4,0.5399991833128603
4,0,4,NaN
4,0,4,NaN
2,2,4,NaN
1,3,4,NaN
3,1,4,0.01359631346573227
3,1,4,0.0024083458418044518
1,3,4,NaN
4,0,4,0.18051831243523325
3,1,4,0.3545890738916256
2,2,4,0.0020080586251260187
2,2,4,0.847018481559038
3,1,4,NaN
1,3,4,NaN
4,0,4,0.13607587061668683
4,0,4,NaN
2,2,4,0.9158013531976743
3,1,4,0.31395395753854205
2,2,4,0.847018481559038
2,2,4,0.8257152214189352
2,2,4,0.27711952186670386
4,0,4,NaN
3,1,4,0.7106302897733945
3,1,4,NaN
4,0,4,NaN
1,3,4,NaN
1,3,4,0.15681788281888331
1,3,4,0.009138191808191554
3,1,4,NaN
4,0,4,0.31395395753854205
1,3,4,0.8842791248293348
2,2,4,0.9976939497030054
1,3,4,NaN
4,0,4,NaN
3,1,4,NaN
2,2,4,NaN
1,3,4,NaN
3,1,4,0.0317648497279958
2,2,4,0.6734037797783934
1,3,4,NaN
4,0,4,0.2125620604470469
2,2,4,NaN
3,1,4,NaN
3,1,4,NaN
3,1,4,0.021171625963083043
2,2,4,NaN
2,2,4,0.7106302897733945
3,1,4,0.8673895283120647
2,2,4,0.5399991833128603
4,0,4,0.1187098235679931
1,3,4,NaN
4,0,4,NaN
1,3,4,0.021171625963083043
3,1,4,0.012742203080035455
2,2,4,0.8257152214189352
3,1,4,0.7436042216854737
1,3,4,0.8257152214189352
4,0,4,NaN
3,1,4,NaN
3,1,4,NaN
2,2,4,NaN
4,0,4,NaN
2,2,4,NaN
3,1,4,NaN
2,2,4,0.015565671711291711
2,2,4,NaN
2,2,4,NaN
2,2,4,NaN
4,0,4,0.0320862846643805
2,2,4,0.7106302897733945
2,2,4,0.929018891880075
2,2,4,NaN
4,0,4,NaN
4,0,4,NaN
4,0,4,NaN
2,2,4,NaN
2,2,4,0.49517317979331793
1,3,4,NaN
4,0,4,NaN
3,1,4,0.27711952186670386
3,1,4,NaN
1,3,4,0.9158013531976743
2,2,4,NaN
1,3,4,0.8257152214189352
1,3,4,0.4613144982502936
1,3,4,0.9011477651240992
3,1,4,NaN
3,1,4,NaN
3,1,4,NaN
3,1,4,0.9011477651240992
2,2,4,NaN
3,1,4,0.054791561468212104
2,2,4,0.40140441390801557
4,0,4,NaN
4,0,4,0.3545890738916256
2,2,4,NaN
1,3,4,0.9831724449182164
3,1,4,NaN
2,2,4,NaN
2,2,4,NaN
2,2,4,0.9011477651240992
2,2,4,0.4479232155172413
3,1,4,NaN
3,1,4,0.3545890738916256
4,0,4,NaN
3,1,4,NaN
3,1,4,0.027828197784382988
3,1,4,NaN
2,2,4,NaN
3,1,4,0.7629999240852531
3,1,4,NaN
2,2,4,0.9811196105389223
2,2,4,0.49517317979331793
3,1,4,NaN
2,2,4,NaN
1,3,4,NaN
4,0,4,0.5865178779178963
2,2,4,NaN
4,0,4,NaN
1,3,4,0.31395395753854205
1,3,4,0.02906575416886064
2,2,4,0.847018481559038
4,0,4,NaN
4,0,4,NaN
2,2,4,0.3545890738916256
1,3,4,NaN
4,0,4,0.3994536466045877
2,2,4,0.6734037797783934
2,2,4,NaN
2,2,4,0.19052251951160107
2,2,4,0.0020095563706307618
3,1,4,0.5865178779178963
3,1,4,0.5399991833128603
4,0,4,NaN
1,3,4,0.929018891880075
2,2,4,0.9158013531976743
1,3,4,0.15681788281888331
2,2,4,NaN
3,1,4,NaN
2,2,4,NaN
2,2,4,NaN
1,3,4,NaN
1,3,4,0.04284062892133536
2,2,4,NaN
1,3,4,0.5505278272603277
4,0,4,0.802297557591902
2,2,4,NaN
4,0,4,0.06733047183748836
3,1,4,NaN
1,3,4,0.1022633479497511
2,2,4,0.13607587061668683
2,2,4,0.796289020431215
1,3,4,NaN
3,1,4,NaN
1,3,4,NaN
4,0,4,NaN
2,2,4,NaN
4,0,4,0.1187098235679931
4,0,4,NaN
2,2,4,NaN
2,2,4,0.049784193691201066
3,1,4,NaN
4,0,4,NaN
1,3,4,NaN
2,2,4,0.7106302897733945
4,0,4,0.5865178779178963
2,2,4,0.10705286665462334
1,3,4,0.18051831243523325
2,2,4,NaN
4,0,4,0.009138191808191554
2,2,4,NaN
1,3,4,0.49517317979331793
4,0,4,NaN
2,2,4,0.20910819076120546
4,0,4,NaN
1,3,4,0.7741525432089743
1,3,4,NaN
1,3,4,NaN
1,3,4,0.04467017941227351
4,0,4,0.7332573478452831
4,0,4,NaN
4,0,4,NaN
3,1,4,NaN
2,2,4,NaN
2,2,4,NaN
4,0,4,0.13607587061668683
3,1,4,0.5399991833128603
3,1,4,NaN
2,2,4,0.0320862846643805
4,0,4,NaN
2,2,4,NaN
1,3,4,NaN
2,2,4,NaN
3,1,4,NaN
4,0,4,0.802297557591902
1,3,4,NaN
2,2,4,0.31395395753854205
2,2,4,0.002982770195840163
3,1,4,0.20770681398035828
2,2,4,NaN
2,2,4,NaN
1,3,4,0.7741525432089743
3,1,4,NaN
2,2,4,0.20910819076120546
4,0,4,NaN
3,1,4,NaN
1,3,4,0.8673895283120647
4,0,4,0.4209146600800897
3,1,4,NaN
2,2,4,NaN
3,1,4,NaN
3,1,4,NaN
1,3,4,0.027828197784382988
1,3,4,NaN
2,2,4,0.049784193691201066
4,0,4,NaN
1,3,4,NaN
1,3,4,NaN
1,3,4,NaN
1,3,4,NaN
4,0,4,NaN
2,2,4,0.3994536466045877
3,1,4,0.9011477651240992
2,2,4,0.3994536466045877
2,2,4,0.0889252594028693
3,1,4,NaN
2,2,4,NaN
1,3,4,NaN
2,2,4,NaN
4,0,4,NaN
1,3,4,0.18051831243523325
3,1,4,NaN
2,2,4,NaN
1,3,4,0.15681788281888331
3,1,4,0.6311253596222562
3,1,4,0.06733047183748836
1,3,4,0.27711952186670386
1,3,4,NaN
2,2,4,0.049784193691201066
3,1,4,NaN
2,2,4,NaN
3,1,4,0.07730957836924375
3,1,4,0.6311253596222562
2,2,4,0.4867955290981143
1,3,4,NaN
4,0,4,NaN
4,0,4,NaN
1,3,4,NaN
4,0,4,NaN
3,1,4,NaN
4,0,4,0.9746285957804892
4,0,4,0.847018481559038
3,1,4,NaN
4,0,4,0.13607587061668683
3,1,4,NaN
3,1,4,0.012926942381561383
2,2,4,0.5865178779178963
4,0,4,0.8842791248293348
1,3,4,0.802297557591902
2,2,4,0.22488665039742023
4,0,4,NaN
3,1,4,0.6311253596222562
4,0,4,0.5865178779178963
2,2,4,0.4341210941957854
2,2,4,NaN
2,2,4,NaN
2,2,4,NaN
1,3,4,NaN
4,0,4,NaN
4,0,4,NaN
3,1,4,0.7106302897733945
1,3,4,NaN
4,0,4,0.8842791248293348
2,2,4,NaN
3,1,4,NaN
3,1,4,0.41792554775442825
4,0,4,0.3210958180101993
2,2,4,NaN
3,1,4,NaN
2,2,4,NaN
1,3,4,NaN
2,2,4,NaN
1,3,4,NaN
4,0,4,0.9158013531976743
3,1,4,NaN
2,2,4,NaN
1,3,4,NaN
3,1,4,NaN
3,1,4,0.06733047183748836
2,2,4,NaN
3,1,4,NaN
2,2,4,NaN
4,0,4,NaN
4,0,4,0.9922549943338576
2,2,4,0.06219927411721857
4,0,4,0.3994536466045877
3,1,4,NaN
1,3,4,NaN
1,3,4,0.15681788281888331
2,2,4,0.5399991833128603
2,2,4,0.24057453370157497
2,2,4,NaN
3,1,4,0.009138191808191554
4,0,4,NaN
3,1,4,0.6379695181271958
3,1,4,0.8995755483828255
1,3,4,NaN
3,1,4,0.8257152214189352
2,2,4,NaN
3,1,4,NaN
4,0,4,NaN
3,1,4,0.1022633479497511
2,2,4,0.5865178779178963
1,3,4,0.03149958578412435
4,0,4,NaN
2,2,4,0.6311253596222562
2,2,4,NaN
3,1,4,NaN
2,2,4,NaN
3,1,4,NaN
4,0,4,NaN
1,3,4,NaN
1,3,4,NaN
2,2,4,0.17003104623146528
3,1,4,NaN
3,1,4,NaN
1,3,4,NaN
1,3,4,NaN
3,1,4,NaN
4,0,4,0.8257152214189352
4,0,4,0.002254604245671835
1,3,4,NaN
3,1,4,NaN
2,2,4,0.6311253596222562
3,1,4,NaN
4,0,4,0.3994536466045877
2,2,4,NaN
4,0,4,NaN
1,3,4,0.929018891880075
2,2,4,0.7436042216854737
1,3,4,0.5399991833128603
2,2,4,0.6311253596222562
4,0,4,NaN
4,0,4,NaN
2,2,4,NaN
3,1,4,NaN
3,1,4,NaN
1,3,4,NaN
3,1,4,0.15681788281888331
4,0,4,NaN
3,1,4,NaN
2,2,4,0.7228505724295148
3,1,4,NaN
2,2,4,NaN
1,3,4,0.09484443756012188
2,2,4,NaN
2,2,4,NaN
1,3,4,0.06733047183748836
3,1,4,NaN
2,2,4,NaN
3,1,4,NaN
3,1,4,0.7436042216854737
1,3,4,NaN
4,0,4,0.3545890738916256
4,0,4,NaN
1,3,4,0.4479232155172413
3,1,4,NaN
3,1,4,0.13607587061668683
3,1,4,0.9746285957804892
2,2,4,NaN
2,2,4,0.0017831052631579714
3,1,4,NaN
1,3,4,NaN
4,0,4,NaN
4,0,4,0.5865178779178963
2,2,4,NaN
3,1,4,NaN
3,1,4,NaN
2,2,4,0.06733047183748836
2,2,4,0.01034822968538787
2,2,4,NaN
4,0,4,0.5865178779178963
4,0,4,NaN
2,2,4,NaN
4,0,4,0.8257152214189352
1,3,4,NaN
3,1,4,NaN
2,2,4,NaN
3,1,4,NaN
3,1,4,0.6734037797783934
3,1,4,0.6311253596222562
1,3,4,0.49517317979331793
2,2,4,NaN
1,3,4,NaN
3,1,4,0.5399991833128603
1,3,4,0.5196488082033035
3,1,4,NaN
3,1,4,NaN
3,1,4,NaN
1,3,4,NaN
3,1,4,0.5865178779178963
3,1,4,0.049784193691201066
2,2,4,NaN
3,1,4,0.13529944942497651
1,3,4,0.027828197784382988
3,1,4,0.27711952186670386
3,1,4,NaN
1,3,4,0.27711952186670386
2,2,4,0.7436042216854737
2,2,4,NaN
1,3,4,NaN
2,2,4,NaN
1,3,4,NaN
1,3,4,NaN
2,2,4,NaN
2,2,4,NaN
4,0,4,0.06680786863112446
2,2,4,NaN
2,2,4,0.6311253596222562
1,3,4,0.04284062892133536
1,3,4,NaN
1,3,4,0.5865178779178963
2,2,4,NaN
4,0,4,0.007549025419144898
2,2,4,NaN
2,2,4,0.6311253596222562
2,2,4,NaN
2,2,4,0.4479232155172413
3,1,4,0.1187098235679931
3,1,4,NaN
2,2,4,NaN
2,2,4,0.802297557591902
3,1,4,NaN
2,2,4,NaN
1,3,4,NaN
4,0,4,NaN
3,1,4,NaN
2,2,4,NaN
3,1,4,NaN
1,3,4,0.4479232155172413
1,3,4,0.3994536466045877
2,2,4,0.20910819076120546
1,3,4,0.27711952186670386
1,3,4,NaN
3,1,4,NaN
3,1,4,0.847018481559038
3,1,4,NaN
3,1,4,NaN
1,3,4,NaN
4,0,4,NaN
3,1,4,NaN
2,2,4,0.9676842886660223
2,2,4,NaN
1,3,4,NaN
1,3,4,NaN
4,0,4,NaN
4,0,4,0.8073734646694097
4,0,4,NaN
1,3,4,NaN
2,2,4,0.18051831243523325
2,2,4,NaN
3,1,4,0.6314884519097692
2,2,4,NaN
2,2,4,0.9858284791076382
4,0,4,NaN
4,0,4,0.4479232155172413
2,2,4,NaN
1,3,4,NaN
4,0,4,NaN
3,1,4,NaN
2,2,4,NaN
4,0,4,NaN
2,2,4,NaN
1,3,4,NaN
2,2,4,0.0017069383556915692
3,1,4,0.3545890738916256
3,1,4,0.6311253596222562
3,1,4,0.055863648036703864
2,2,4,0.7741525432089743
3,1,4,NaN
2,2,4,0.3545890738916256
1,3,4,NaN
2,2,4,0.049784193691201066
3,1,4,0.5399991833128603
3,1,4,0.15681788281888331
1,3,4,NaN
4,0,4,NaN
4,0,4,0.4883861072848967
1,3,4,0.13607587061668683
4,0,4,0.13607587061668683
4,0,4,NaN
2,2,4,NaN
1,3,4,0.802297557591902
2,2,4,NaN
3,1,4,0.30263511876135485
3,1,4,NaN
3,1,4,0.7436042216854737
2,2,4,NaN
2,2,4,0.20173578686501953
2,2,4,NaN
1,3,4,NaN
4,0,4,0.802297557591902
1,3,4,0.8187114055429258
1,3,4,0.8673895283120647
2,2,4,0.4479232155172413
3,1,4,NaN
2,2,4,6.812664709531858e-5
1,3,4,0.6311253596222562
1,3,4,NaN
2,2,4,NaN
2,2,4,NaN
4,0,4,NaN
4,0,4,NaN
3,1,4,NaN
2,2,4,0.5399991833128603
2,2,4,NaN
4,0,4,NaN
2,2,4,0.27711952186670386
1,3,4,NaN
2,2,4,NaN
2,2,4,NaN
4,0,4,NaN
3,1,4,NaN
1,3,4,0.15681788281888331
3,1,4,NaN
2,2,4,NaN
4,0,4,0.5399991833128603
3,1,4,0.1187098235679931
1,3,4,0.04284062892133536
2,2,4,0.6941754339927038
3,1,4,0.49517317979331793
3,1,4,NaN
4,0,4,NaN
1,3,4,NaN
2,2,4,NaN
1,3,4,NaN
2,2,4,NaN
3,1,4,0.8414071572236985
4,0,4,NaN
3,1,4,NaN
3,1,4,NaN
1,3,4,0.27711952186670386
2,2,4,NaN
4,0,4,NaN
4,0,4,0.49517317979331793
3,1,4,0.012926942381561383
1,3,4,0.929018891880075
3,1,4,0.03713138400000036
1,3,4,NaN
1,3,4,NaN
3,1,4,0.6311253596222562
4,0,4,NaN
1,3,4,NaN
1,3,4,NaN
4,0,4,NaN
1,3,4,0.02097058734344152
2,2,4,NaN
2,2,4,NaN
4,0,4,NaN
4,0,4,0.6734037797783934
2,2,4,0.11135980441520656
2,2,4,NaN
2,2,4,NaN
4,0,4,NaN
2,2,4,0.0008196691553657796
3,1,4,0.8673895283120647
1,3,4,NaN
2,2,4,NaN
2,2,4,NaN
2,2,4,NaN
4,0,4,0.5865178779178963
2,2,4,NaN
3,1,4,0.9409499775572661
2,2,4,0.9158013531976743
2,2,4,NaN
2,2,4,NaN
3,1,4,0.24057453370157497
3,1,4,NaN
3,1,4,0.898703754323319
1,3,4,NaN
3,1,4,0.24057453370157497
2,2,4,0.0320862846643805
3,1,4,0.7106302897733945
4,0,4,0.7106302897733945
1,3,4,NaN
4,0,4,0.02420793861740178
2,2,4,NaN
2,2,4,0.27711952186670386
3,1,4,0.24057453370157497
2,2,4,0.1022633479497511
2,2,4,NaN
2,2,4,0.7106302897733945
2,2,4,NaN
2,2,4,NaN
4,0,4,NaN
3,1,4,NaN
2,2,4,NaN
1,3,4,0.27711952186670386
2,2,4,0.6734037797783934
2,2,4,NaN
4,0,4,NaN
1,3,4,NaN
1,3,4,NaN
3,1,4,0.037787567334618896
2,2,4,0.7106302897733945
2,2,4,NaN
2,2,4,0.05777681313131297
2,2,4,0.874872782922365
2,2,4,NaN
4,0,4,0.4479232155172413
3,1,4,0.5399991833128603
1,3,4,0.0889252594028693
2,2,4,0.8257152214189352
1,3,4,NaN
2,2,4,NaN
1,3,4,0.09123044119010038
1,3,4,NaN
2,2,4,0.03713138400000036
2,2,4,0.31395395753854205
4,0,4,0.6065516928870998
2,2,4,NaN
4,0,4,NaN
2,2,4,0.8257152214189352
3,1,4,NaN
1,3,4,NaN
1,3,4,0.929018891880075
2,2,4,0.6311253596222562
3,1,4,NaN
2,2,4,NaN
1,3,4,0.4479232155172413
3,1,4,0.5399991833128603
2,2,4,0.02097058734344152
3,1,4,NaN
2,2,4,0.20910819076120546
3,1,4,NaN
2,2,4,0.5399991833128603
2,2,4,0.4479232155172413
2,2,4,0.31395395753854205
2,2,4,NaN
3,1,4,NaN
1,3,4,NaN
1,3,4,NaN
4,0,4,0.8257152214189352
3,1,4,1.3975208813303462e-6
2,2,4,NaN
1,3,4,NaN
3,1,4,NaN
2,2,4,0.6311253596222562
1,3,4,0.13607587061668683
1,3,4,NaN
3,1,4,0.07730957836924375
3,1,4,NaN
4,0,4,NaN
1,3,4,NaN
3,1,4,NaN
2,2,4,0.802297557591902
1,3,4,0.15681788281888331
4,0,4,NaN
1,3,4,NaN
3,1,4,NaN
2,2,4,NaN
1,3,4,0.4479232155172413
2,2,4,0.49517317979331793
4,0,4,NaN
2,2,4,0.49517317979331793
2,2,4,0.9158013531976743
3,1,4,NaN
2,2,4,NaN
1,3,4,NaN
2,2,4,0.1187098235679931
2,2,4,NaN
3,1,4,0.30263511876135485
4,0,4,NaN
2,2,4,NaN
2,2,4,0.847018481559038
1,3,4,0.08591346897302456
2,2,4,NaN
3,1,4,NaN
1,3,4,NaN
4,0,4,NaN
1,3,4,0.15681788281888331
4,0,4,0.6104179272544153
2,2,4,NaN
2,2,4,0.24057453370157497
4,0,4,NaN
3,1,4,0.04284062892133536
4,0,4,0.0320862846643805
2,2,4,0.009138191808191554
2,2,4,NaN
2,2,4,0.015297469885584173
2,2,4,0.802297557591902
2,2,4,NaN
1,3,4,0.09726018934596474
1,3,4,NaN
1,3,4,NaN
2,2,4,0.4479232155172413
1,3,4,NaN
4,0,4,0.1022633479497511
2,2,4,NaN
3,1,4,0.07730957836924375
3,1,4,0.8842791248293348
3,1,4,0.03713138400000036
3,1,4,NaN
3,1,4,NaN
2,2,4,NaN
1,3,4,NaN
1,3,4,0.18051831243523325
1,3,4,0.9286780162648279
3,1,4,NaN
1,3,4,0.2546068584967452
2,2,4,NaN
1,3,4,NaN
4,0,4,NaN
2,2,4,NaN
2,2,4,0.7741525432089743
2,2,4,NaN
3,1,4,NaN
2,2,4,NaN
3,1,4,NaN
2,2,4,NaN
2,2,4,NaN
3,1,4,NaN
2,2,4,NaN
1,3,4,NaN
3,1,4,NaN
2,2,4,0.24057453370157497
1,3,4,NaN
3,1,4,0.37153873521838604
2,2,4,0.13607587061668683
2,2,4,NaN
2,2,4,0.6311253596222562
1,3,4,0.5865178779178963
4,0,4,NaN
2,2,4,NaN
2,2,4,NaN
4,0,4,0.9509474090073529
2,2,4,NaN
1,3,4,NaN
3,1,4,0.15681788281888331
1,3,4,0.05777681313131297
1,3,4,NaN
3,1,4,NaN
2,2,4,NaN
4,0,4,NaN
1,3,4,NaN
1,3,4,NaN
4,0,4,NaN
2,2,4,NaN
1,3,4,NaN
2,2,4,0.9811196105389223
2,2,4,NaN
2,2,4,NaN
2,2,4,0.7436042216854737
2,2,4,NaN
4,0,4,NaN
1,3,4,NaN
4,0,4,NaN
2,2,4,NaN
3,1,4,0.06733047183748836
2,2,4,NaN
1,3,4,NaN
2,2,4,NaN
1,3,4,0.7106302897733945
2,2,4,NaN
2,2,4,NaN
3,1,4,NaN
3,1,4,NaN
1,3,4,NaN
2,2,4,0.24057453370157497
2,2,4,0.13607587061668683
2,2,4,0.3994536466045877
2,2,4,0.09717817727915486
4,0,4,NaN
1,3,4,NaN
2,2,4,0.6311253596222562
1,3,4,NaN
2,2,4,NaN
2,2,4,NaN
2,2,4,NaN
2,2,4,NaN
2,2,4,NaN
1,3,4,NaN
3,1,4,0.18051831243523325
2,2,4,0.18832418383339658
1,3,4,0.802297557591902
2,2,4,NaN
3,1,4,NaN
4,0,4,0.006112602594340191
3,1,4,0.31395395753854205
4,0,4,0.6734037797783934
2,2,4,0.20910819076120546
1,3,4,0.18051831243523325
2,2,4,0.31395395753854205
2,2,4,NaN
1,3,4,NaN
2,2,4,NaN
2,2,4,0.0889252594028693
1,3,4,NaN
1,3,4,NaN
1,3,4,NaN
3,1,4,NaN
2,2,4,0.31395395753854205
3,1,4,0.005695917115258394
2,2,4,NaN
2,2,4,0.7741525432089743
1,3,4,NaN
3,1,4,NaN
3,1,4,NaN
2,2,4,0.8916232459805725
2,2,4,NaN
2,2,4,NaN
2,2,4,NaN
4,0,4,0.1187098235679931
3,1,4,NaN
2,2,4,0.4479232155172413
2,2,4,NaN
2,2,4,NaN
4,0,4,NaN
1,3,4,NaN
2,2,4,NaN
1,3,4,0.015565671711291711
3,1,4,NaN
1,3,4,NaN
1,3,4,NaN
1,3,4,0.0017831052631579714
2,2,4,NaN
2,2,4,0.9811196105389223
2,2,4,NaN
1,3,4,0.5399991833128603
1,3,4,NaN
2,2,4,0.2066818436329168
3,1,4,NaN
1,3,4,NaN
2,2,4,NaN
2,2,4,NaN
2,2,4,NaN
2,2,4,0.00011134122904679903
1,3,4,0.07730957836924375
2,2,4,0.7106302897733945
2,2,4,0.06733047183748836
2,2,4,NaN
3,1,4,NaN
1,3,4,NaN
2,2,4,0.012926942381561383
1,3,4,0.8096825059914234
2,2,4,0.03713138400000036
1,3,4,NaN
2,2,4,0.1022633479497511
2,2,4,NaN
1,3,4,0.5865178779178963
1,3,4,NaN
1,3,4,NaN
3,1,4,NaN
1,3,4,NaN
2,2,4,0.049784193691201066
3,1,4,NaN
4,0,4,0.9858284791076382
2,2,4,NaN
2,2,4,NaN
4,0,4,NaN
2,2,4,NaN
2,2,4,NaN
4,0,4,0.07730957836924375
2,2,4,NaN
1,3,4,NaN
3,1,4,0.3545890738916256
1,3,4,0.5399991833128603
4,0,4,3.3082564558413445e-5
1,3,4,0.7741525432089743
2,2,4,0.995324766023357
1,3,4,NaN
2,2,4,NaN
3,1,4,NaN
1,3,4,NaN
1,3,4,0.05777681313131297
1,3,4,NaN
2,2,4,NaN
2,2,4,0.18051831243523325
2,2,4,0.8673895283120647
4,0,4,0.03713138400000036
1,3,4,NaN
1,3,4,0.027439566467825582
2,2,4,NaN
4,0,4,NaN
3,1,4,NaN
4,0,4,NaN
2,2,4,NaN
3,1,4,NaN
2,2,4,NaN
2,2,4,NaN
2,2,4,0.3994536466045877
3,1,4,0.9676842886660223
3,1,4,NaN
2,2,4,NaN
1,3,4,0.9419380440136005
1,3,4,NaN
2,2,4,NaN
2,2,4,0.5865178779178963
4,0,4,NaN
1,3,4,NaN
2,2,4,NaN
2,2,4,NaN
1,3,4,0.862999622602425
3,1,4,0.1187098235679931
1,3,4,0.49517317979331793
4,0,4,0.0320862846643805
2,2,4,NaN
3,1,4,0.49517317979331793
4,0,4,0.17206328417746
2,2,4,0.49517317979331793
1,3,4,0.929018891880075
4,0,4,0.02420793861740178
1,3,4,NaN
1,3,4,NaN
3,1,4,0.7741525432089743
4,0,4,NaN
2,2,4,NaN
2,2,4,NaN
1,3,4,NaN
1,3,4,0.9746285957804892
2,2,4,NaN
1,3,4,0.0889252594028693
3,1,4,NaN
1,3,4,NaN
1,3,4,NaN
4,0,4,NaN
1,3,4,NaN
4,0,4,0.3654784014071688
1,3,4,NaN
2,2,4,NaN
2,2,4,NaN
2,2,4,0.0014609629426457942
4,0,4,NaN
1,3,4,NaN
1,3,4,0.7436042216854737
1,3,4,0.5865178779178963
2,2,4,NaN
2,2,4,NaN
2,2,4,0.1022633479497511
2,2,4,0.9676842886660223
2,2,4,0.3545890738916256
1,3,4,NaN
1,3,4,NaN
1,3,4,0.27711952186670386
1,3,4,NaN
3,1,4,0.1022633479497511
2,2,4,0.13607587061668683
2,2,4,0.04284062892133536
2,2,4,NaN
2,2,4,NaN
3,1,4,NaN
2,2,4,NaN
2,2,4,NaN
2,2,4,NaN
1,3,4,0.07730957836924375
2,2,4,0.07730957836924375
1,3,4,0.0889252594028693
1,3,4,NaN
2,2,4,0.24057453370157497
3,1,4,NaN
2,2,4,0.4479232155172413
2,2,4,NaN
3,1,4,0.009138191808191554
4,0,4,NaN
1,3,4,0.7741525432089743
4,0,4,0.929018891880075
3,1,4,0.004811988483686424
3,1,4,0.06733047183748836
2,2,4,0.0320862846643805
2,2,4,0.05777681313131297
2,2,4,NaN
2,2,4,NaN
2,2,4,0.3847179257230302
3,1,4,NaN
3,1,4,0.049784193691201066
2,2,4,NaN
2,2,4,NaN
3,1,4,NaN
3,1,4,NaN
1,3,4,NaN
1,3,4,NaN
4,0,4,NaN
2,2,4,NaN
1,3,4,0.7106302897733945
4,0,4,0.1022633479497511
2,2,4,NaN
1,3,4,0.05777681313131297
2,2,4,NaN
1,3,4,NaN
2,2,4,0.05777681313131297
3,1,4,0.02097058734344152
2,2,4,0.9011477651240992
1,3,4,NaN
2,2,4,0.929018891880075
2,2,4,0.295163463290262
2,2,4,0.24057453370157497
1,3,4,0.24057453370157497
3,1,4,0.7436042216854737
1,3,4,0.39569405143488307
3,1,4,0.8257152214189352
1,3,4,0.0889252594028693
1,3,4,0.1359923336057748
2,2,4,0.0889252594028693
2,2,4,NaN
3,1,4,NaN
2,2,4,0.3545890738916256
3,1,4,0.9922549943338576
3,1,4,NaN
4,0,4,0.06733047183748836
1,3,4,0.847018481559038
3,1,4,NaN
2,2,4,NaN
1,3,4,NaN
2,2,4,NaN
2,2,4,0.5399991833128603
2,2,4,0.49517317979331793
1,3,4,NaN
3,1,4,NaN
2,2,4,0.015565671711291711
2,2,4,NaN
2,2,4,NaN
1,3,4,0.49517317979331793
3,1,4,0.9011477651240992
1,3,4,NaN
3,1,4,NaN
1,3,4,NaN
2,2,4,0.3545890738916256
1,3,4,0.847018481559038
4,0,4,NaN
2,2,4,NaN
3,1,4,NaN
1,3,4,NaN
4,0,4,NaN
1,3,4,NaN
3,1,4,NaN
1,3,4,0.0034162521190410507
1,3,4,NaN
1,3,4,NaN
2,2,4,NaN
2,2,4,0.847018481559038
3,1,4,NaN
3,1,4,NaN
3,1,4,NaN
1,3,4,0.04284062892133536
4,0,4,0.6311253596222562
2,2,4,NaN
3,1,4,0.06733047183748836
2,2,4,0.4479232155172413
1,3,4,0.5399991833128603
3,1,4,0.024172643420230264
1,3,4,NaN
1,3,4,NaN
1,3,4,0.018626364365310927
2,2,4,0.7849109591837183
4,0,4,NaN
1,3,4,NaN
1,3,4,0.18051831243523325
4,0,4,NaN
2,2,4,0.31395395753854205
2,2,4,0.3994536466045877
4,0,4,NaN
1,3,4,NaN
2,2,4,0.49517317979331793
2,2,4,NaN
3,1,4,NaN
4,0,4,0.20910819076120546
2,2,4,0.7106302897733945
2,2,4,NaN
3,1,4,NaN
2,2,4,NaN
2,2,4,0.1187098235679931
1,3,4,NaN
2,2,4,NaN
1,3,4,0.007549025419144898
2,2,4,NaN
1,3,4,NaN
1,3,4,0.20910819076120546
2,2,4,NaN
4,0,4,NaN
3,1,4,NaN
3,1,4,0.025823962543038547
2,2,4,0.7436042216854737
4,0,4,NaN
1,3,4,0.8673895283120647
2,2,4,NaN
2,2,4,NaN
2,2,4,NaN
2,2,4,NaN
2,2,4,0.05777681313131297
3,1,4,0.9509474090073529
4,0,4,0.929018891880075
1,3,4,0.47285662688148444
2,2,4,NaN
1,3,4,NaN
1,3,4,NaN
2,2,4,NaN
2,2,4,0.4844303099134821
4,0,4,0.3545890738916256
1,3,4,0.28155849222334645
2,2,4,NaN
2,2,4,NaN
3,1,4,0.5399991833128603
1,3,4,0.03713138400000036
1,3,4,NaN
4,0,4,0.9274752654099628
3,1,4,0.7741525432089743
1,3,4,NaN
1,3,4,0.3994536466045877
2,2,4,NaN
4,0,4,NaN
2,2,4,NaN
1,3,4,NaN
1,3,4,0.5462371032671539
1,3,4,0.13607587061668683
3,1,4,NaN
4,0,4,NaN
1,3,4,0.9011477651240992
2,2,4,NaN
4,0,4,0.13607587061668683
2,2,4,0.6311253596222562
2,2,4,0.4207761957157722
1,3,4,NaN
1,3,4,0.802297557591902
2,2,4,3.231034392527801e-6
3,1,4,0.5865178779178963
3,1,4,0.27711952186670386
2,2,4,0.3994536466045877
2,2,4,0.802297557591902
1,3,4,0.3994536466045877
1,3,4,NaN
2,2,4,NaN
2,2,4,0.00013514537530783896
1,3,4,0.7741525432089743
1,3,4,0.6525188944243058
1,3,4,NaN
2,2,4,NaN
2,2,4,0.8257152214189352
2,2,4,NaN
4,0,4,NaN
1,3,4,NaN
2,2,4,NaN
1,3,4,NaN
2,2,4,0.3545890738916256
1,3,4,0.7741525432089743
1,3,4,0.9604525435576103
2,2,4,NaN
1,3,4,NaN
2,2,4,0.9158013531976743
1,3,4,NaN
2,2,4,NaN
1,3,4,0.18051831243523325
2,2,4,NaN
1,3,4,NaN
1,3,4,NaN
3,1,4,NaN
2,2,4,NaN
1,3,4,NaN
1,3,4,NaN
2,2,4,0.9942982452701703
2,2,4,NaN
4,0,4,0.3545890738916256
1,3,4,NaN
3,1,4,0.9676842886660223
3,1,4,0.7106302897733945
2,2,4,NaN
3,1,4,NaN
1,3,4,NaN
4,0,4,0.015565671711291711
4,0,4,NaN
2,2,4,0.3545890738916256
1,3,4,NaN
2,2,4,0.4479232155172413
1,3,4,0.1022633479497511
3,1,4,NaN
1,3,4,0.6734037797783934
4,0,4,0.3545890738916256
1,3,4,0.5865178779178963
3,1,4,NaN
1,3,4,0.30322765671654806
2,2,4,0.8257152214189352
3,1,4,NaN
1,3,4,0.7106302897733945
4,0,4,0.31395395753854205
1,3,4,0.24057453370157497
3,1,4,NaN
3,1,4,NaN
2,2,4,0.7106302897733945
2,2,4,NaN
1,3,4,0.49517317979331793
3,1,4,NaN
1,3,4,NaN
2,2,4,NaN
3,1,4,NaN
3,1,4,NaN
1,3,4,NaN
2,2,4,NaN
2,2,4,NaN
4,0,4,0.8673895283120647
2,2,4,NaN
3,1,4,NaN
2,2,4,0.007549025419144898
1,3,4,NaN
1,3,4,NaN
4,0,4,NaN
2,2,4,NaN
2,2,4,NaN
1,3,4,0.49517317979331793
2,2,4,NaN
1,3,4,NaN
1,3,4,NaN
1,3,4,NaN
2,2,4,0.0889252594028693
2,2,4,0.6734037797783934
2,2,4,0.9604525435576103
1,3,4,NaN
2,2,4,NaN
3,1,4,0.3994536466045877
3,1,4,NaN
1,3,4,0.5865178779178963
1,3,4,0.3545890738916256
4,0,4,0.802297557591902
2,2,4,0.7106302897733945
1,3,4,NaN
1,3,4,NaN
2,2,4,NaN
4,0,4,NaN
2,2,4,0.3994536466045877
1,3,4,0.03906123830007354
3,1,4,NaN
3,1,4,NaN
2,2,4,NaN
2,2,4,0.3545890738916256
1,3,4,NaN
1,3,4,0.3545890738916256
2,2,4,0.7106302897733945
3,1,4,0.6734037797783934
1,3,4,NaN
2,2,4,NaN
1,3,4,0.6311253596222562
1,3,4,NaN
3,1,4,NaN
3,1,4,0.8673895283120647
1,3,4,0.04693500539612235
2,2,4,0.49517317979331793
1,3,4,NaN
2,2,4,NaN
2,2,4,NaN
1,3,4,NaN
3,1,4,0.15681788281888331
4,0,4,0.19295765172636367
3,1,4,NaN
4,0,4,NaN
1,3,4,NaN
2,2,4,NaN
1,3,4,NaN
2,2,4,0.5221370696900629
1,3,4,0.24057453370157497
1,3,4,0.7741525432089743
2,2,4,0.7106302897733945
2,2,4,NaN
2,2,4,0.004589161946446555
1,3,4,NaN
1,3,4,0.11950550525264345
4,0,4,NaN
3,1,4,0.9158013531976743
4,0,4,NaN
2,2,4,0.6734037797783934
4,0,4,NaN
1,3,4,0.3994536466045877
2,2,4,NaN
4,0,4,0.6432672479115289
1,3,4,0.4479232155172413
1,3,4,0.0889252594028693
3,1,4,0.6311253596222562
2,2,4,NaN
1,3,4,NaN
2,2,4,0.15681788281888331
4,0,4,NaN
3,1,4,0.0320862846643805
2,2,4,0.3120976879726066
1,3,4,0.03713138400000036
2,2,4,0.2941926888106218
1,3,4,0.7106302897733945
4,0,4,NaN
1,3,4,NaN
1,3,4,NaN
1,3,4,0.027828197784382988
3,1,4,NaN
2,2,4,NaN
4,0,4,0.0320862846643805
1,3,4,NaN
4,0,4,NaN
3,1,4,0.7761302393898106
1,3,4,NaN
1,3,4,NaN
1,3,4,0.847018481559038
2,2,4,NaN
1,3,4,NaN
2,2,4,NaN
1,3,4,NaN
1,3,4,NaN
1,3,4,NaN
1,3,4,NaN
2,2,4,NaN
1,3,4,NaN
2,2,4,NaN
1,3,4,0.20910819076120546
2,2,4,0.4479232155172413
2,2,4,0.09912846925676018
2,2,4,0.0014137540707643054
2,2,4,0.0889252594028693
2,2,4,0.49517317979331793
1,3,4,NaN
2,2,4,NaN
1,3,4,0.15681788281888331
1,3,4,0.0592947756432901
1,3,4,NaN
2,2,4,NaN
2,2,4,0.3959530211891856
3,1,4,0.0889252594028693
1,3,4,NaN
2,2,4,0.6311253596222562
2,2,4,NaN
1,3,4,0.802297557591902
1,3,4,NaN
1,3,4,0.1022633479497511
1,3,4,0.02097058734344152
1,3,4,0.7106302897733945
1,3,4,NaN
1,3,4,NaN
2,2,4,0.49517317979331793
2,2,4,NaN
1,3,4,NaN
2,2,4,0.6311253596222562
1,3,4,NaN
1,3,4,NaN
2,2,4,NaN
4,0,4,NaN
3,1,4,NaN
1,3,4,NaN
1,3,4,0.1022633479497511
2,2,4,NaN
2,2,4,0.3545890738916256
2,2,4,NaN
1,3,4,NaN
1,3,4,NaN
1,3,4,0.5865178779178963
2,2,4,NaN
1,3,4,NaN
3,1,4,NaN
2,2,4,0.18051831243523325
2,2,4,0.5399991833128603
2,2,4,NaN
2,2,4,0.7106302897733945
1,3,4,NaN
1,3,4,0.4479232155172413
1,3,4,NaN
3,1,4,NaN
3,1,4,NaN
1,3,4,NaN
2,2,4,0.4479232155172413
2,2,4,NaN
1,3,4,NaN
1,3,4,0.13607587061668683
2,2,4,0.04284062892133536
2,2,4,NaN
2,2,4,NaN
2,2,4,NaN
1,3,4,0.8673895283120647
1,3,4,0.24057453370157497
2,2,4,0.9158013531976743
1,3,4,NaN
1,3,4,0.15681788281888331
3,1,4,0.5202059197157263
1,3,4,NaN
4,0,4,NaN
1,3,4,0.051421000971425775
1,3,4,0.02420793861740178
1,3,4,NaN
1,3,4,NaN
2,2,4,NaN
1,3,4,NaN
2,2,4,0.7436042216854737
3,1,4,0.00022076170661394773
1,3,4,0.0878803674079228
2,2,4,NaN
2,2,4,0.1790214222081218
4,0,4,NaN
1,3,4,NaN
3,1,4,NaN
1,3,4,NaN
1,3,4,0.7436042216854737
1,3,4,0.18051497591280363
1,3,4,NaN
1,3,4,NaN
3,1,4,NaN
2,2,4,0.049784193691201066
1,3,4,0.3994536466045877
1,3,4,0.6257640919961532
1,3,4,NaN
1,3,4,NaN
1,3,4,NaN
1,3,4,NaN
2,2,4,0.9158013531976743
2,2,4,NaN
1,3,4,NaN
2,2,4,0.045447166170966224
2,2,4,NaN
1,3,4,NaN
1,3,4,NaN
4,0,4,NaN
2,2,4,0.3994536466045877
1,3,4,NaN
1,3,4,NaN
1,3,4,NaN
1,3,4,NaN
1,3,4,0.7436042216854737
4,0,4,NaN
1,3,4,NaN
1,3,4,NaN
1,3,4,0.9158013531976743
1,3,4,NaN
4,0,4,NaN
2,2,4,0.2953407886866722
2,2,4,0.6311253596222562
2,2,4,NaN
1,3,4,NaN
1,3,4,0.7106302897733945
3,1,4,0.1187098235679931
2,2,4,0.15681788281888331
1,3,4,NaN
3,1,4,0.15638251153626084
1,3,4,0.20173578686501953
1,3,4,NaN
1,3,4,0.27711952186670386
2,2,4,NaN
2,2,4,NaN
1,3,4,NaN
2,2,4,NaN
2,2,4,0.802297557591902
2,2,4,NaN
1,3,4,0.9509474090073529
1,3,4,NaN
3,1,4,NaN
3,1,4,NaN
1,3,4,NaN
2,2,4,NaN
1,3,4,NaN
3,1,4,NaN
2,2,4,NaN
1,3,4,NaN
1,3,4,NaN
3,1,4,0.7436042216854737
2,2,4,0.07730957836924375
3,1,4,0.05777681313131297
1,3,4,0.8257152214189352
1,3,4,NaN
2,2,4,NaN
2,2,4,NaN
1,3,4,NaN
2,2,4,NaN
1,3,4,NaN
2,2,4,0.6311253596222562
1,3,4,NaN
1,3,4,NaN
1,3,4,NaN
1,3,4,NaN
2,2,4,0.5399991833128603
1,3,4,NaN
2,2,4,0.802297557591902
1,3,4,NaN
1,3,4,0.9811196105389223
2,2,4,0.7106302897733945
1,3,4,NaN
2,2,4,NaN
2,2,4,0.05324918442952741
1,3,4,0.8598814536924113
1,3,4,NaN
2,2,4,NaN
3,1,4,NaN
1,3,4,0.007549025419144898
4,0,4,0.6734037797783934
2,2,4,0.4479232155172413
4,0,4,NaN
3,1,4,NaN
1,3,4,NaN
1,3,4,NaN
1,3,4,NaN
1,3,4,NaN
1,3,4,NaN
1,3,4,NaN
1,3,4,0.31395395753854205
1,3,4,0.7436042216854737
2,2,4,0.5865178779178963
2,2,4,NaN
1,3,4,NaN
1,3,4,NaN
2,2,4,0.929018891880075
1,3,4,NaN
1,3,4,0.5865178779178963
1,3,4,NaN
1,3,4,0.4479232155172413
4,0,4,NaN
4,0,4,NaN
1,3,4,NaN
1,3,4,NaN
1,3,4,NaN
1,3,4,NaN
2,2,4,0.0889252594028693
1,3,4,NaN
1,3,4,NaN
2,2,4,0.13607587061668683
1,3,4,0.9892090204304135
1,3,4,0.0016986685236768328
1,3,4,NaN
4,0,4,NaN
2,2,4,0.9509474090073529
1,3,4,NaN
2,2,4,NaN
2,2,4,0.1187098235679931
2,2,4,0.23105099657908976
1,3,4,NaN
1,3,4,NaN
1,3,4,NaN
1,3,4,NaN
1,3,4,NaN
3,1,4,NaN
1,3,4,NaN
1,3,4,NaN
2,2,4,0.9893409295121445
2,2,4,NaN
1,3,4,0.07730957836924375
2,2,4,NaN
1,3,4,0.9043700483111605
2,2,4,0.3545890738916256
1,3,4,0.6311253596222562
1,3,4,NaN
1,3,4,NaN
1,3,4,NaN
1,3,4,NaN
2,2,4,NaN
3,1,4,0.9158013531976743
3,1,4,NaN
1,3,4,NaN
1,3,4,0.2672631005041597
3,1,4,0.3545890738916256
1,3,4,0.00021111708455873133
2,2,4,NaN
1,3,4,NaN
1,3,4,NaN
1,3,4,NaN
2,2,4,0.13607587061668683
1,3,4,0.7106302897733945
2,2,4,NaN
1,3,4,NaN
1,3,4,NaN
1,3,4,NaN
1,3,4,NaN
2,2,4,NaN
1,3,4,0.8501941631285298
4,0,4,0.7741525432089743
1,3,4,0.014235065545369175
2,2,4,0.31395395753854205
1,3,4,0.8673895283120647
1,3,4,NaN
1,3,4,NaN
1,3,4,0.5865178779178963
2,2,4,NaN
2,2,4,NaN
1,3,4,NaN
1,3,4,NaN
1,3,4,0.7106302897733945
4,0,4,NaN
3,1,4,0.7741525432089743
1,3,4,0.8673895283120647
1,3,4,NaN
2,2,4,0.021171625963083043
2,2,4,NaN
1,3,4,NaN
2,2,4,NaN
1,3,4,NaN
1,3,4,NaN
3,1,4,NaN
1,3,4,0.3545890738916256
1,3,4,NaN
3,1,4,NaN
1,3,4,NaN
3,1,4,0.31395395753854205
1,3,4,NaN
1,3,4,NaN
1,3,4,NaN
4,0,4,NaN
1,3,4,0.9893409295121445
1,3,4,NaN
2,2,4,NaN
1,3,4,NaN
4,0,4,NaN
1,3,4,NaN
1,3,4,0.27711952186670386
2,2,4,NaN
2,2,4,0.9676842886660223
1,3,4,NaN
1,3,4,0.7741525432089743
1,3,4,NaN
1,3,4,NaN
1,3,4,0.6311253596222562
2,2,4,NaN
2,2,4,0.3545890738916256
2,2,4,0.1846709313749062
2,2,4,0.9604525435576103
2,2,4,NaN
1,3,4,NaN
2,2,4,NaN
1,3,4,NaN
2,2,4,NaN
1,3,4,0.6734037797783934
1,3,4,0.3994536466045877
2,2,4,NaN
1,3,4,0.5399991833128603
1,3,4,NaN
1,3,4,NaN
1,3,4,0.1022633479497511
1,3,4,NaN
1,3,4,0.9311828279488295
3,1,4,NaN
1,3,4,0.0727420509798849
1,3,4,NaN
2,2,4,NaN
1,3,4,NaN
1,3,4,NaN
2,2,4,0.3994536466045877
1,3,4,NaN
1,3,4,NaN
1,3,4,0.1388298426890003
2,2,4,NaN
1,3,4,NaN
1,3,4,0.49517317979331793
1,3,4,0.20910819076120546
1,3,4,NaN
1,3,4,NaN
1,3,4,NaN
4,0,4,0.9811196105389223
1,3,4,NaN
1,3,4,0.49517317979331793
1,3,4,NaN
3,1,4,NaN
1,3,4,NaN
2,2,4,NaN
1,3,4,NaN
1,3,4,NaN
1,3,4,NaN
1,3,4,0.003414125882977672
3,1,4,0.05777681313131297
1,3,4,NaN
3,1,4,0.02097058734344152
2,2,4,0.3994536466045877
1,3,4,NaN
1,3,4,NaN
1,3,4,0.9588654024360574
2,2,4,0.3773788956878482
2,2,4,0.49517317979331793
1,3,4,NaN
1,3,4,NaN
1,3,4,NaN
1,3,4,NaN
1,3,4,0.24057453370157497
1,3,4,NaN
1,3,4,0.32167621991195083
1,3,4,0.6215776644315562
2,2,4,0.18051831243523325
1,3,4,0.802297557591902
1,3,4,0.6311253596222562
1,3,4,0.847018481559038
1,3,4,0.9373955198196154
2,2,4,0.49517317979331793
2,2,4,0.0320862846643805
1,3,4,NaN
2,2,4,NaN
1,3,4,0.49517317979331793
1,3,4,0.27711952186670386
1,3,4,0.9409499775572661
1,3,4,NaN
1,3,4,NaN
2,2,4,0.04284062892133536
3,1,4,0.7106302897733945
1,3,4,0.20910819076120546
1,3,4,0.7436042216854737
1,3,4,NaN
1,3,4,1.2697928490718944e-5
1,3,4,NaN
2,2,4,0.6734037797783934
1,3,4,NaN
1,3,4,NaN
1,3,4,0.7741525432089743
1,3,4,NaN
2,2,4,NaN
1,3,4,NaN
1,3,4,NaN
1,3,4,0.4479232155172413
1,3,4,NaN
1,3,4,0.5399991833128603
1,3,4,NaN
1,3,4,NaN
1,3,4,NaN
1,3,4,0.5399991833128603
2,2,4,NaN
2,2,4,0.15681788281888331
2,2,4,NaN
1,3,4,NaN
2,2,4,0.10538338978475333
1,3,4,0.8257152214189352
2,2,4,0.07555014902385446
1,3,4,0.7106302897733945
1,3,4,NaN
1,3,4,NaN
1,3,4,0.8257152214189352
1,3,4,0.07730957836924375
1,3,4,0.1548357581595107
1,3,4,NaN
1,3,4,0.049784193691201066
1,3,4,NaN
1,3,4,NaN
1,3,4,0.9158013531976743
1,3,4,NaN
1,3,4,0.802297557591902
2,2,4,0.5422394738984618
1,3,4,0.9158013531976743
1,3,4,NaN
1,3,4,NaN
1,3,4,NaN
1,3,4,NaN
2,2,4,NaN
1,3,4,NaN
2,2,4,0.7436042216854737
1,3,4,0.5865178779178963
1,3,4,0.012926942381561383
1,3,4,NaN
1,3,4,NaN
1,3,4,0.41792554775442825
2,2,4,0.929018891880075
1,3,4,0.04284062892133536
1,3,4,0.5865178779178963
1,3,4,NaN
1,3,4,0.8257152214189352
1,3,4,NaN
1,3,4,NaN
1,3,4,NaN
1,3,4,NaN
1,3,4,NaN
4,0,4,0.06733047183748836
1,3,4,NaN
1,3,4,0.07730957836924375
2,2,4,2.5153099612069123e-6
1,3,4,NaN
1,3,4,0.9011477651240992
1,3,4,NaN
1,3,4,0.6117058432498873
2,2,4,NaN
1,3,4,0.6734037797783934
2,2,4,0.3994536466045877
1,3,4,NaN
1,3,4,NaN
1,3,4,0.02420793861740178
1,3,4,0.27711952186670386
1,3,4,NaN
4,0,4,0.802297557591902
1,3,4,NaN
1,3,4,0.7436042216854737
1,3,4,NaN
2,2,4,NaN
1,3,4,0.2198069121798786
1,3,4,0.1187098235679931
2,2,4,NaN
1,3,4,NaN
3,1,4,NaN
1,3,4,0.31395395753854205
1,3,4,NaN
1,3,4,0.31395395753854205
1,3,4,0.3994536466045877
1,3,4,NaN
2,2,4,NaN
2,2,4,NaN
1,3,4,0.20910819076120546
2,2,4,NaN
1,3,4,NaN
1,3,4,NaN
1,3,4,NaN
1,3,4,NaN
1,3,4,0.05814781539950066
1,3,4,NaN
2,2,4,NaN
1,3,4,0.0776715999063697
1,3,4,0.20910819076120546
1,3,4,NaN
1,3,4,0.7106302897733945
1,3,4,NaN
1,3,4,NaN
1,3,4,NaN
1,3,4,0.24057453370157497
1,3,4,0.05049533303829848
1,3,4,0.9409499775572661
1,3,4,0.9011477651240992
1,3,4,0.7162136298198453
1,3,4,NaN
1,3,4,NaN
1,3,4,0.4479232155172413
1,3,4,0.5865178779178963
1,3,4,NaN
1,3,4,NaN
1,3,4,NaN
1,3,4,NaN
1,3,4,NaN
0,4,4,0.31395395753854205
0,4,4,0.8257152214189352
0,4,4,0.5228554121831285
0,4,4,NaN
0,4,4,NaN
0,4,4,0.9158013531976743
0,4,4,NaN
0,4,4,NaN
0,4,4,NaN
0,4,4,0.5399991833128603
0,4,4,0.7106302897733945
0,4,4,NaN
0,4,4,NaN
0,4,4,NaN
0,4,4,0.5399991833128603
0,4,4,0.802297557591902
0,4,4,0.18051831243523325
0,4,4,0.27711952186670386
0,4,4,NaN
0,4,4,NaN
0,4,4,0.7436042216854737
0,4,4,0.10602778376816617
0,4,4,NaN
0,4,4,NaN
0,4,4,NaN
0,4,4,0.5399991833128603
0,4,4,NaN
0,4,4,NaN
0,4,4,0.8673895283120647
0,4,4,NaN
0,4,4,NaN
0,4,4,NaN
0,4,4,NaN
0,4,4,0.20910819076120546
0,4,4,NaN
0,4,4,NaN
0,4,4,0.05777681313131297
0,4,4,0.0889252594028693
0,4,4,0.8257152214189352
0,4,4,NaN
0,4,4,NaN
0,4,4,NaN
0,4,4,NaN
0,4,4,NaN
0,4,4,0.6311253596222562
0,4,4,NaN
0,4,4,NaN
0,4,4,0.8673895283120647
0,4,4,0.15681788281888331
0,4,4,0.3545890738916256
0,4,4,NaN
0,4,4,NaN
0,4,4,NaN
0,4,4,0.5865178779178963
0,4,4,0.7436042216854737
0,4,4,NaN
0,4,4,NaN
0,4,4,NaN
0,4,4,0.1022633479497511
0,4,4,NaN
0,4,4,NaN
0,4,4,NaN
0,4,4,NaN
0,4,4,NaN
0,4,4,NaN
0,4,4,NaN
0,4,4,NaN
0,4,4,0.7003579549842387
0,4,4,NaN
0,4,4,NaN
0,4,4,0.5399991833128603
0,4,4,0.7106302897733945
0,4,4,NaN
0,4,4,NaN
0,4,4,0.7439403961970428
0,4,4,0.15681788281888331
0,4,4,0.7741525432089743
0,4,4,NaN
0,4,4,NaN
0,4,4,NaN
0,4,4,NaN
0,4,4,0.3994536466045877
0,4,4,0.0320862846643805
0,4,4,0.7741525432089743
0,4,4,NaN
0,4,4,0.15681788281888331
0,4,4,0.05777681313131297
0,4,4,NaN
0,4,4,NaN
0,4,4,NaN
0,4,4,0.6311253596222562
0,4,4,NaN
0,4,4,NaN
0,4,4,NaN
0,4,4,0.004090871616932862
0,4,4,NaN
0,4,4,NaN
0,4,4,NaN
0,4,4,NaN
0,4,4,NaN
0,4,4,0.5865178779178963
0,4,4,NaN
0,4,4,NaN
0,4,4,NaN
0,4,4,NaN
0,4,4,NaN
0,4,4,NaN
0,4,4,NaN
0,4,4,NaN
0,4,4,NaN
0,4,4,NaN
0,4,4,0.06733047183748836
0,4,4,NaN
0,4,4,0.049784193691201066
0,4,4,NaN
0,4,4,0.00022076170661394773
0,4,4,NaN
0,4,4,0.5865178779178963
0,4,4,NaN
0,4,4,0.27711952186670386
0,4,4,NaN
0,4,4,0.802297557591902
0,4,4,NaN
0,4,4,0.004035747509798401
0,4,4,NaN
0,4,4,0.0320862846643805
0,4,4,NaN
0,4,4,0.847018481559038
0,4,4,0.05777681313131297
0,4,4,NaN
0,4,4,NaN
0,4,4,NaN
0,4,4,NaN
0,4,4,NaN
0,4,4,0.1022633479497511
0,4,4,NaN
0,4,4,0.7436042216854737
0,4,4,NaN
0,4,4,NaN
0,4,4,NaN
0,4,4,0.4479232155172413
0,4,4,NaN
0,4,4,NaN
0,4,4,NaN
0,4,4,0.13607587061668683
0,4,4,0.7436042216854737
0,4,4,NaN
0,4,4,NaN
0,4,4,0.4479232155172413
0,4,4,NaN
0,4,4,NaN
0,4,4,NaN
0,4,4,NaN
0,4,4,NaN
0,4,4,0.6924461258303694
0,4,4,0.5865178779178963
0,4,4,NaN
0,4,4,NaN
0,4,4,NaN
0,4,4,NaN
0,4,4,NaN
0,4,4,NaN
0,4,4,NaN
0,4,4,0.6734037797783934
0,4,4,NaN
0,4,4,NaN
0,4,4,NaN
0,4,4,NaN
0,4,4,NaN
0,4,4,NaN
0,4,4,NaN
0,4,4,NaN
0,4,4,0.9676842886660223
0,4,4,NaN
0,4,4,NaN
0,4,4,NaN
0,4,4,NaN
0,4,4,NaN
0,4,4,0.7106302897733945
0,4,4,NaN
0,4,4,NaN
0,4,4,NaN
0,4,4,0.13607587061668683
0,4,4,NaN
0,4,4,0.6734037797783934
0,4,4,0.27711952186670386
0,4,4,NaN
0,4,4,NaN
0,4,4,0.0889252594028693
0,4,4,NaN
0,4,4,NaN
0,4,4,NaN
0,4,4,NaN
0,4,4,NaN
0,4,4,NaN
0,4,4,NaN
0,4,4,NaN
0,4,4,NaN
0,4,4,NaN
0,4,4,NaN
0,4,4,0.7845754281585577
0,4,4,NaN
0,4,4,0.9011477651240992
0,4,4,NaN
0,4,4,NaN
0,4,4,NaN
0,4,4,0.8842791248293348
0,4,4,0.16298327554534056
0,4,4,NaN
0,4,4,NaN
0,4,4,0.012926942381561383
0,4,4,0.24057453370157497
0,4,4,0.06733047183748836
0,4,4,0.0755336735298271
0,4,4,NaN
0,4,4,0.5048439941069305
0,4,4,NaN
0,4,4,NaN
0,4,4,NaN
0,4,4,NaN
0,4,4,NaN
0,4,4,0.49517317979331793
0,4,4,NaN
0,4,4,NaN
0,4,4,0.13607587061668683
0,4,4,NaN
0,4,4,NaN
0,4,4,0.3545890738916256
0,4,4,0.06733047183748836
0,4,4,NaN
0,4,4,0.9409499775572661
0,4,4,NaN
0,4,4,NaN
0,4,4,NaN
0,4,4,0.6311253596222562
0,4,4,NaN
0,4,4,0.5399991833128603
0,4,4,0.13607587061668683
0,4,4,0.27711952186670386
0,4,4,0.03713138400000036
0,4,4,NaN
0,4,4,NaN
0,4,4,0.4949281428995894
0,4,4,0.3599959390430551
0,4,4,NaN
0,4,4,0.04284062892133536
0,4,4,0.1022633479497511
0,4,4,NaN
0,4,4,0.0006803099262895685
0,4,4,0.4479232155172413
0,4,4,0.9604525435576103
0,4,4,NaN
0,4,4,NaN
0,4,4,0.873784677474363
0,4,4,0.9676842886660223
0,4,4,NaN
0,4,4,NaN
0,4,4,0.8673895283120647
0,4,4,NaN
0,4,4,NaN
0,4,4,NaN
0,4,4,0.9158013531976743
0,4,4,0.27711952186670386
0,4,4,NaN
0,4,4,0.18051831243523325
0,4,4,NaN
0,4,4,NaN
0,4,4,0.5399991833128603
0,4,4,0.004811988483686424
0,4,4,0.49517317979331793
0,4,4,0.24057453370157497
0,4,4,NaN
0,4,4,NaN
0,4,4,NaN
0,4,4,NaN
0,4,4,NaN
0,4,4,NaN
0,4,4,0.0889252594028693
0,4,4,NaN
0,4,4,NaN
0,4,4,0.7436042216854737
0,4,4,0.00035345385382857375
0,4,4,0.5399991833128603
0,4,4,NaN
0,4,4,NaN
0,4,4,0.31395395753854205
0,4,4,NaN
0,4,4,0.7106302897733945
0,4,4,NaN
0,4,4,0.6311253596222562
0,4,4,NaN
0,4,4,0.15681788281888331
0,4,4,NaN
0,4,4,NaN
0,4,4,NaN
0,4,4,0.31395395753854205
0,4,4,0.9746285957804892
0,4,4,NaN
0,4,4,NaN
0,4,4,0.7106302897733945
0,4,4,0.802297557591902
0,4,4,NaN
0,4,4,0.0320862846643805
0,4,4,NaN
0,4,4,NaN
0,4,4,NaN
0,4,4,NaN
0,4,4,0.31395395753854205
0,4,4,NaN
0,4,4,0.7436042216854737
0,4,4,NaN
0,4,4,NaN
0,4,4,NaN
0,4,4,0.9158013531976743
0,4,4,NaN
0,4,4,NaN
0,4,4,0.49275525826604244
0,4,4,NaN
0,4,4,NaN
0,4,4,NaN
0,4,4,NaN
0,4,4,0.9858284791076382
0,4,4,NaN
0,4,4,NaN
0,4,4,NaN
0,4,4,NaN
0,4,4,NaN
0,4,4,NaN
0,4,4,NaN
0,4,4,NaN
0,4,4,NaN
0,4,4,NaN
0,4,4,0.24057453370157497
0,4,4,0.004811988483686424
0,4,4,NaN
0,4,4,0.6734037797783934
0,4,4,NaN
0,4,4,0.5865178779178963
0,4,4,0.02420793861740178
0,4,4,NaN
0,4,4,NaN
0,4,4,NaN
0,4,4,0.04284062892133536
0,4,4,NaN
0,4,4,NaN
0,4,4,NaN
0,4,4,NaN
0,4,4,NaN
0,4,4,NaN
0,4,4,NaN
0,4,4,0.6311253596222562
0,4,4,0.13607587061668683
0,4,4,NaN
0,4,4,NaN
0,4,4,NaN
0,4,4,0.18051831243523325
0,4,4,0.8673895283120647
0,4,4,NaN
0,4,4,0.3545890738916256
0,4,4,NaN
0,4,4,NaN
0,4,4,NaN
0,4,4,NaN
0,4,4,NaN
0,4,4,0.8274591945612021
0,4,4,NaN
0,4,4,NaN
0,4,4,0.6311253596222562
0,4,4,NaN
0,4,4,NaN
0,4,4,0.3545890738916256
0,4,4,NaN
0,4,4,NaN
0,4,4,NaN
0,4,4,0.7436042216854737
0,4,4,NaN
0,4,4,0.6734037797783934
0,4,4,NaN
0,4,4,0.01496774850114908
0,4,4,NaN
0,4,4,NaN
0,4,4,0.04284062892133536
0,4,4,0.49517317979331793
0,4,4,0.9011477651240992
0,4,4,0.4362786512002451
0,4,4,0.31395395753854205
0,4,4,NaN
0,4,4,NaN
0,4,4,NaN
0,4,4,NaN
0,4,4,0.6311253596222562
0,4,4,NaN
0,4,4,NaN
0,4,4,0.9676842886660223
0,4,4,NaN
0,4,4,NaN
0,4,4,0.06733047183748836
0,4,4,0.8842791248293348
0,4,4,NaN
0,4,4,0.3380276557355201
0,4,4,NaN
0,4,4,NaN
0,4,4,0.15681788281888331
0,4,4,NaN
0,4,4,0.001437651737720798
0,4,4,NaN
0,4,4,NaN
0,4,4,0.27711952186670386
0,4,4,NaN
0,4,4,NaN
0,4,4,NaN
0,4,4,0.3994536466045877
0,4,4,NaN
0,4,4,0.5362565426217953
0,4,4,NaN
0,4,4,NaN
0,4,4,0.1187098235679931
0,4,4,NaN
0,4,4,0.3994536466045877
0,4,4,NaN
0,4,4,NaN
0,4,4,NaN
0,4,4,NaN
0,4,4,NaN
0,4,4,NaN
0,4,4,NaN
0,4,4,0.04284062892133536
0,4,4,0.4479232155172413
0,4,4,NaN
0,4,4,0.4479232155172413
0,4,4,0.5865178779178963
0,4,4,0.6797552487999022
0,4,4,NaN
0,4,4,NaN
0,4,4,0.27711952186670386
0,4,4,NaN
0,4,4,0.4479232155172413
0,4,4,NaN
0,4,4,NaN
0,4,4,0.02420793861740178
0,4,4,0.006112602594340191
0,4,4,NaN
0,4,4,NaN
0,4,4,0.6311253596222562
0,4,4,NaN
0,4,4,NaN
0,4,4,NaN
0,4,4,0.9073473602198319
0,4,4,0.7436042216854737
0,4,4,NaN
0,4,4,NaN
0,4,4,NaN
0,4,4,0.0320862846643805
0,4,4,NaN
0,4,4,NaN
0,4,4,0.9811196105389223
0,4,4,NaN
0,4,4,NaN
0,4,4,NaN
0,4,4,NaN
0,4,4,0.49517317979331793
0,4,4,0.4289496307686298
0,4,4,NaN
0,4,4,NaN
0,4,4,0.8842791248293348
0,4,4,NaN
0,4,4,0.6734037797783934
0,4,4,0.8673895283120647
0,4,4,NaN
0,4,4,NaN
0,4,4,0.15681788281888331
0,4,4,0.15681788281888331
0,4,4,NaN
0,4,4,0.6311253596222562
0,4,4,NaN
0,4,4,0.3994536466045877
0,4,4,NaN
0,4,4,NaN
0,4,4,0.49517317979331793
0,4,4,NaN
0,4,4,NaN
0,4,4,NaN
0,4,4,NaN
0,4,4,0.6994533973985216
0,4,4,NaN
0,4,4,NaN
0,4,4,0.1187098235679931
0,4,4,NaN
0,4,4,NaN
0,4,4,0.02097058734344152
0,4,4,0.06733047183748836
0,4,4,NaN
0,4,4,0.6924461258303694
0,4,4,NaN
0,4,4,0.9158013531976743
0,4,4,0.15681788281888331
0,4,4,NaN
0,4,4,NaN
0,4,4,NaN
0,4,4,NaN
0,4,4,0.4479232155172413
0,4,4,NaN
0,4,4,NaN
0,4,4,NaN
0,4,4,NaN
0,4,4,0.9831724449182164
0,4,4,0.27711952186670386
0,4,4,NaN
0,4,4,NaN
0,4,4,NaN
0,4,4,NaN
0,4,4,0.7106302897733945
0,4,4,0.9858284791076382
0,4,4,NaN
0,4,4,NaN
0,4,4,NaN
0,4,4,NaN
0,4,4,NaN
0,4,4,0.4479232155172413
0,4,4,8.935058513645137e-6
0,4,4,NaN
0,4,4,NaN
0,4,4,NaN
0,4,4,NaN
0,4,4,0.5865178779178963
0,4,4,NaN
0,4,4,NaN
0,4,4,0.13607587061668683
0,4,4,0.8673895283120647
0,4,4,NaN
0,4,4,0.3994536466045877
0,4,4,0.9158013531976743
0,4,4,NaN
0,4,4,NaN
0,4,4,NaN
0,4,4,NaN
0,4,4,NaN
0,4,4,0.7106302897733945
0,4,4,0.6734037797783934
0,4,4,0.8705989613334273
0,4,4,0.8842791248293348
0,4,4,NaN
0,4,4,0.9409499775572661
0,4,4,0.802297557591902
0,4,4,NaN
0,4,4,NaN
0,4,4,NaN
0,4,4,0.8257152214189352
0,4,4,NaN
0,4,4,0.49517317979331793
0,4,4,0.0889252594028693
0,4,4,NaN
0,4,4,NaN
0,4,4,0.13901172506332965
0,4,4,NaN
0,4,4,NaN
0,4,4,0.49517317979331793
0,4,4,0.6734037797783934
0,4,4,NaN
0,4,4,0.41792554775442825
0,4,4,NaN
0,4,4,NaN
0,4,4,NaN
0,4,4,NaN
0,4,4,NaN
0,4,4,0.8257152214189352
0,4,4,NaN
0,4,4,0.8096825059914234
0,4,4,NaN
0,4,4,0.017959370146063955
0,4,4,NaN
0,4,4,0.5399991833128603
0,4,4,NaN
0,4,4,NaN
0,4,4,0.027828197784382988
0,4,4,NaN
0,4,4,0.6734037797783934
0,4,4,NaN
0,4,4,0.6547279410974084
0,4,4,0.847018481559038
0,4,4,NaN
0,4,4,NaN
0,4,4,NaN
0,4,4,NaN
0,4,4,NaN
0,4,4,0.18051831243523325
0,4,4,NaN
0,4,4,NaN
0,4,4,NaN
0,4,4,NaN
0,4,4,NaN
0,4,4,NaN
0,4,4,NaN
0,4,4,0.049784193691201066
0,4,4,NaN
0,4,4,NaN
0,4,4,0.5865178779178963
0,4,4,NaN
0,4,4,NaN
0,4,4,NaN
0,4,4,NaN
0,4,4,NaN
0,4,4,NaN
0,4,4,NaN
0,4,4,NaN
0,4,4,NaN
0,4,4,NaN
0,4,4,0.02420793861740178
0,4,4,NaN
0,4,4,0.4479232155172413
0,4,4,0.2125620604470469
0,4,4,0.31395395753854205
0,4,4,0.6734037797783934
0,4,4,NaN
0,4,4,NaN
0,4,4,NaN
0,4,4,NaN
0,4,4,NaN
0,4,4,0.39841927320542647
0,4,4,0.8311671775045555
0,4,4,0.03713138400000036
0,4,4,NaN
0,4,4,NaN
0,4,4,NaN
0,4,4,NaN
0,4,4,NaN
0,4,4,NaN
0,4,4,NaN
0,4,4,NaN
0,4,4,NaN
0,4,4,NaN
0,4,4,NaN
0,4,4,NaN
0,4,4,NaN
0,4,4,NaN
0,4,4,NaN
0,4,4,NaN
0,4,4,0.1187098235679931
0,4,4,0.3545890738916256
0,4,4,NaN
0,4,4,NaN
0,4,4,NaN
0,4,4,NaN
0,4,4,NaN
0,4,4,NaN
0,4,4,NaN
0,4,4,0.27711952186670386
0,4,4,NaN
0,4,4,NaN
0,4,4,0.05777681313131297
0,4,4,NaN
0,4,4,NaN
0,4,4,NaN
0,4,4,NaN
0,4,4,0.13607587061668683
0,4,4,NaN
0,4,4,NaN
0,4,4,NaN
0,4,4,0.3545890738916256
0,4,4,0.18051831243523325
0,4,4,NaN
0,4,4,NaN
0,4,4,0.027828197784382988
0,4,4,NaN
0,4,4,0.21247577058381412
0,4,4,NaN
0,4,4,NaN
0,4,4,NaN
0,4,4,NaN
0,4,4,NaN
0,4,4,NaN
0,4,4,NaN
0,4,4,0.49517317979331793
0,4,4,NaN
0,4,4,NaN
0,4,4,0.4479232155172413
0,4,4,0.7106302897733945
0,4,4,0.13607587061668683
0,4,4,0.02782474969475915
0,4,4,0.15681788281888331
0,4,4,NaN
0,4,4,0.24057453370157497
0,4,4,0.9604525435576103
0,4,4,0.013466507893333573
0,4,4,0.04240008868557447
0,4,4,NaN
0,4,4,NaN
0,4,4,0.0889252594028693
0,4,4,0.802297557591902
0,4,4,0.07730957836924375
0,4,4,NaN
0,4,4,0.9746285957804892
0,4,4,0.9676842886660223
0,4,4,0.7741525432089743
0,4,4,0.5679933107385582
0,4,4,NaN
0,4,4,NaN
0,4,4,NaN
0,4,4,NaN
0,4,4,NaN
0,4,4,NaN
0,4,4,NaN
0,4,4,NaN
0,4,4,0.3994536466045877
0,4,4,NaN
0,4,4,NaN
0,4,4,0.02420793861740178
0,4,4,NaN
0,4,4,NaN
0,4,4,0.8257152214189352
0,4,4,NaN
0,4,4,0.3545890738916256
0,4,4,0.49517317979331793
0,4,4,NaN
0,4,4,NaN
0,4,4,0.6334299935592971
0,4,4,0.05777681313131297
0,4,4,NaN
0,4,4,0.6432672479115289
0,4,4,NaN
0,4,4,NaN
0,4,4,0.13607587061668683
0,4,4,NaN
0,4,4,0.4479232155172413
0,4,4,NaN
0,4,4,NaN
0,4,4,NaN
0,4,4,0.8257152214189352
0,4,4,0.6311253596222562
0,4,4,NaN
0,4,4,0.4479232155172413
0,4,4,0.06733047183748836
0,4,4,NaN
0,4,4,NaN
0,4,4,NaN
0,4,4,0.0889252594028693
0,4,4,0.0024083458418044518
0,4,4,NaN
0,4,4,NaN
0,4,4,NaN
0,4,4,0.7106302897733945
0,4,4,NaN
0,4,4,NaN
0,4,4,NaN
0,4,4,NaN
0,4,4,0.07730957836924375
0,4,4,NaN
0,4,4,NaN
0,4,4,NaN
0,4,4,NaN
0,4,4,0.49517317979331793
0,4,4,0.3994536466045877
0,4,4,0.24057453370157497
0,4,4,NaN
0,4,4,0.27711952186670386
0,4,4,0.1022633479497511
0,4,4,NaN
0,4,4,0.49517317979331793
0,4,4,0.6734037797783934
0,4,4,NaN
0,4,4,NaN
0,4,4,NaN
0,4,4,NaN
0,4,4,NaN
0,4,4,NaN
0,4,4,NaN
0,4,4,0.847018481559038
0,4,4,0.7106302897733945
0,4,4,0.8417993240596657
0,4,4,0.9961177419488393
0,4,4,NaN
0,4,4,NaN
0,4,4,0.49517317979331793
0,4,4,NaN
0,4,4,NaN
0,4,4,NaN
0,4,4,NaN
0,4,4,NaN
0,4,4,NaN
0,4,4,NaN
0,4,4,NaN
0,4,4,NaN
0,4,4,0.802297557591902
0,4,4,NaN
0,4,4,NaN
0,4,4,0.3994536466045877
0,4,4,NaN
0,4,4,NaN
0,4,4,NaN
0,4,4,NaN
0,4,4,0.41718013456084124
0,4,4,0.49517317979331793
0,4,4,0.802297557591902
0,4,4,NaN
0,4,4,NaN
0,4,4,0.05446525269008257
0,4,4,NaN
0,4,4,0.5865178779178963
0,4,4,NaN
0,4,4,NaN
0,4,4,NaN
0,4,4,NaN
0,4,4,NaN
0,4,4,0.5865178779178963
0,4,4,NaN
0,4,4,NaN
0,4,4,0.802297557591902
0,4,4,NaN
0,4,4,NaN
0,4,4,NaN
0,4,4,NaN
0,4,4,NaN
0,4,4,NaN
0,4,4,NaN
0,4,4,0.9011477651240992
0,4,4,NaN
0,4,4,NaN
0,4,4,NaN
0,4,4,NaN
0,4,4,NaN
0,4,4,0.27711952186670386
0,4,4,NaN
0,4,4,NaN
0,4,4,0.5865178779178963
0,4,4,0.24057453370157497
0,4,4,NaN
0,4,4,NaN
0,4,4,NaN
0,4,4,NaN
0,4,4,0.04284062892133536
0,4,4,NaN
0,4,4,0.07730957836924375
0,4,4,NaN
0,4,4,0.7106302897733945
0,4,4,0.7467621944212985
0,4,4,NaN
0,4,4,NaN
0,4,4,NaN
0,4,4,0.05777681313131297
0,4,4,0.4479232155172413
0,4,4,0.3994536466045877
0,4,4,NaN
0,4,4,0.9011477651240992
0,4,4,NaN
0,4,4,0.05777681313131297
0,4,4,0.6759354850992831
0,4,4,NaN
0,4,4,NaN
0,4,4,0.1022633479497511
0,4,4,NaN
0,4,4,0.27711952186670386
0,4,4,NaN
0,4,4,0.49517317979331793
0,4,4,0.5399991833128603
0,4,4,0.7106302897733945
0,4,4,NaN
0,4,4,NaN
0,4,4,0.20910819076120546
0,4,4,NaN
0,4,4,0.0002048246272074493
0,4,4,NaN
0,4,4,NaN
0,4,4,0.27711952186670386
0,4,4,NaN
0,4,4,0.8257152214189352
0,4,4,NaN
0,4,4,0.49517317979331793
0,4,4,0.4169385719215516
0,4,4,NaN
0,4,4,NaN
0,4,4,NaN
0,4,4,0.8842791248293348
0,4,4,NaN
0,4,4,NaN
0,4,4,NaN
0,4,4,0.15681788281888331
0,4,4,NaN
0,4,4,NaN
0,4,4,0.05777681313131297
0,4,4,NaN
0,4,4,NaN
0,4,4,NaN
0,4,4,0.0007390388270162853
0,4,4,0.5399991833128603
0,4,4,0.24057453370157497
0,4,4,0.6311253596222562
0,4,4,NaN
0,4,4,0.15681788281888331
0,4,4,NaN
0,4,4,NaN
0,4,4,NaN
0,4,4,0.7436042216854737
0,4,4,NaN
0,4,4,NaN
0,4,4,NaN
0,4,4,NaN
0,4,4,NaN
0,4,4,NaN
0,4,4,NaN
0,4,4,NaN
0,4,4,0.06733047183748836
0,4,4,NaN
0,4,4,NaN
0,4,4,NaN
0,4,4,NaN
0,4,4,NaN
0,4,4,NaN
0,4,4,NaN
0,4,4,0.04284062892133536
0,4,4,0.0889252594028693
0,4,4,NaN
0,4,4,0.0006681832746391628
0,4,4,0.30322765671654806
0,4,4,NaN
0,4,4,NaN
0,4,4,0.8842791248293348
0,4,4,NaN
0,4,4,0.5399991833128603
0,4,4,0.049784193691201066
0,4,4,0.1022633479497511
0,4,4,NaN
0,4,4,0.9011477651240992
0,4,4,NaN
0,4,4,0.7741525432089743
0,4,4,NaN
0,4,4,NaN
0,4,4,0.8842791248293348
0,4,4,0.7436042216854737
0,4,4,NaN
0,4,4,NaN
0,4,4,NaN
0,4,4,8.369172040964349e-5
0,4,4,NaN
0,4,4,NaN
0,4,4,0.7106302897733945
0,4,4,0.15681788281888331
0,4,4,NaN
0,4,4,0.9676842886660223
0,4,4,0.9011477651240992
0,4,4,NaN
0,4,4,0.0889252594028693
0,4,4,NaN
0,4,4,0.18051831243523325
0,4,4,0.8673895283120647
0,4,4,NaN
0,4,4,NaN
0,4,4,NaN
0,4,4,NaN
0,4,4,NaN
0,4,4,NaN
0,4,4,NaN
0,4,4,NaN
0,4,4,0.49517317979331793
0,4,4,0.049784193691201066
0,4,4,NaN
0,4,4,NaN
0,4,4,NaN
0,4,4,0.4479232155172413
0,4,4,0.1187098235679931
0,4,4,NaN
0,4,4,NaN
0,4,4,0.9922549943338576
0,4,4,NaN
0,4,4,NaN
0,4,4,NaN
0,4,4,0.9011477651240992
0,4,4,NaN
0,4,4,NaN
0,4,4,0.802297557591902
0,4,4,NaN
0,4,4,NaN
0,4,4,NaN
0,4,4,NaN
0,4,4,NaN
0,4,4,0.6311253596222562
0,4,4,0.9011477651240992
0,4,4,NaN
0,4,4,NaN
0,4,4,NaN
0,4,4,NaN
0,4,4,0.6311253596222562
0,4,4,NaN
0,4,4,NaN
0,4,4,NaN
0,4,4,NaN
0,4,4,NaN
0,4,4,0.31395395753854205
0,4,4,NaN
0,4,4,0.18051831243523325
0,4,4,0.1187098235679931
0,4,4,0.7106302897733945
0,4,4,0.6311253596222562
0,4,4,NaN
0,4,4,NaN
0,4,4,0.8257152214189352
0,4,4,NaN
0,4,4,NaN
0,4,4,NaN
0,4,4,NaN
0,4,4,NaN
0,4,4,0.9676842886660223
0,4,4,NaN
0,4,4,NaN
0,4,4,NaN
0,4,4,NaN
0,4,4,0.9409499775572661
3,0,3,NaN
3,0,3,NaN
2,1,3,NaN
3,0,3,0.5865178779178963
3,0,3,NaN
1,2,3,NaN
3,0,3,NaN
2,1,3,0.9858284791076382
1,2,3,NaN
2,1,3,NaN
2,1,3,0.7436042216854737
2,1,3,NaN
2,1,3,NaN
3,0,3,NaN
3,0,3,0.5865178779178963
2,1,3,NaN
3,0,3,NaN
2,1,3,0.7741525432089743
3,0,3,NaN
1,2,3,NaN
3,0,3,0.06733047183748836
3,0,3,0.027828197784382988
1,2,3,NaN
3,0,3,NaN
3,0,3,0.0889252594028693
3,0,3,NaN
3,0,3,NaN
3,0,3,NaN
3,0,3,0.31395395753854205
3,0,3,0.15681788281888331
2,1,3,NaN
1,2,3,NaN
2,1,3,0.3994536466045877
2,1,3,NaN
3,0,3,0.6311253596222562
2,1,3,NaN
2,1,3,0.15681788281888331
3,0,3,NaN
3,0,3,0.012926942381561383
3,0,3,0.6311253596222562
2,1,3,0.27711952186670386
3,0,3,0.6311253596222562
3,0,3,0.9158013531976743
2,1,3,NaN
3,0,3,NaN
2,1,3,0.6311253596222562
2,1,3,NaN
3,0,3,NaN
3,0,3,NaN
2,1,3,NaN
2,1,3,NaN
2,1,3,0.3994536466045877
2,1,3,0.0889252594028693
1,2,3,NaN
3,0,3,NaN
3,0,3,NaN
3,0,3,NaN
3,0,3,NaN
2,1,3,NaN
3,0,3,0.13607587061668683
3,0,3,NaN
1,2,3,0.04284062892133536
2,1,3,NaN
2,1,3,0.847018481559038
2,1,3,NaN
3,0,3,NaN
3,0,3,NaN
2,1,3,NaN
3,0,3,0.07730957836924375
3,0,3,NaN
2,1,3,NaN
3,0,3,NaN
3,0,3,NaN
3,0,3,NaN
2,1,3,NaN
2,1,3,NaN
2,1,3,NaN
3,0,3,0.8673895283120647
2,1,3,0.18051831243523325
3,0,3,0.9746285957804892
1,2,3,0.05777681313131297
1,2,3,NaN
1,2,3,NaN
2,1,3,0.6311253596222562
2,1,3,NaN
3,0,3,NaN
3,0,3,NaN
2,1,3,0.00025022717087654073
2,1,3,NaN
3,0,3,0.6311253596222562
2,1,3,0.3994536466045877
2,1,3,NaN
1,2,3,0.03713138400000036
2,1,3,NaN
3,0,3,NaN
1,2,3,0.3994536466045877
2,1,3,NaN
2,1,3,NaN
3,0,3,NaN
3,0,3,0.20910819076120546
2,1,3,0.4479232155172413
2,1,3,NaN
3,0,3,NaN
1,2,3,NaN
2,1,3,NaN
3,0,3,NaN
1,2,3,0.6311253596222562
2,1,3,0.6734037797783934
1,2,3,0.9858284791076382
3,0,3,0.27711952186670386
3,0,3,0.27711952186670386
2,1,3,NaN
3,0,3,0.5865178779178963
3,0,3,NaN
3,0,3,NaN
2,1,3,NaN
2,1,3,0.049784193691201066
3,0,3,0.929018891880075
3,0,3,NaN
2,1,3,NaN
2,1,3,0.009138191808191554
3,0,3,NaN
2,1,3,0.7106302897733945
1,2,3,NaN
1,2,3,NaN
3,0,3,NaN
2,1,3,0.9604525435576103
3,0,3,NaN
2,1,3,NaN
2,1,3,0.1022633479497511
3,0,3,0.9158013531976743
3,0,3,NaN
3,0,3,NaN
1,2,3,NaN
3,0,3,NaN
2,1,3,NaN
3,0,3,0.15681788281888331
3,0,3,NaN
3,0,3,0.19052251951160107
3,0,3,NaN
3,0,3,NaN
3,0,3,0.6311253596222562
3,0,3,NaN
2,1,3,NaN
2,1,3,0.8842791248293348
3,0,3,0.5865178779178963
2,1,3,NaN
1,2,3,0.8693487735180275
3,0,3,NaN
2,1,3,0.8842791248293348
1,2,3,NaN
2,1,3,0.0320862846643805
2,1,3,0.9676842886660223
3,0,3,0.847018481559038
2,1,3,NaN
3,0,3,NaN
3,0,3,NaN
1,2,3,NaN
3,0,3,NaN
3,0,3,0.002900738642695365
1,2,3,NaN
2,1,3,NaN
2,1,3,NaN
1,2,3,NaN
3,0,3,NaN
2,1,3,NaN
1,2,3,0.015565671711291711
2,1,3,0.3994536466045877
2,1,3,NaN
1,2,3,NaN
2,1,3,NaN
3,0,3,NaN
2,1,3,0.9011477651240992
3,0,3,0.1187098235679931
3,0,3,NaN
1,2,3,NaN
3,0,3,NaN
1,2,3,NaN
3,0,3,NaN
2,1,3,NaN
1,2,3,0.6734037797783934
3,0,3,0.5399991833128603
2,1,3,NaN
3,0,3,NaN
2,1,3,NaN
2,1,3,0.9011477651240992
3,0,3,NaN
2,1,3,NaN
1,2,3,NaN
1,2,3,NaN
3,0,3,0.6734037797783934
3,0,3,NaN
2,1,3,NaN
1,2,3,NaN
1,2,3,NaN
2,1,3,NaN
2,1,3,0.20910819076120546
2,1,3,NaN
2,1,3,NaN
2,1,3,NaN
2,1,3,NaN
3,0,3,0.7741525432089743
1,2,3,NaN
2,1,3,0.24057453370157497
3,0,3,NaN
1,2,3,NaN
1,2,3,NaN
3,0,3,0.31395395753854205
1,2,3,NaN
3,0,3,NaN
3,0,3,NaN
3,0,3,NaN
3,0,3,NaN
2,1,3,NaN
2,1,3,0.0033040285071258535
3,0,3,NaN
2,1,3,NaN
1,2,3,NaN
2,1,3,NaN
3,0,3,NaN
3,0,3,NaN
3,0,3,NaN
2,1,3,NaN
2,1,3,NaN
2,1,3,NaN
1,2,3,NaN
3,0,3,0.3545890738916256
1,2,3,0.847018481559038
2,1,3,NaN
2,1,3,NaN
3,0,3,0.19766755621046578
2,1,3,NaN
3,0,3,NaN
1,2,3,0.9158013531976743
3,0,3,NaN
3,0,3,0.49517317979331793
3,0,3,NaN
2,1,3,0.0015606449136292
2,1,3,0.13607587061668683
1,2,3,NaN
3,0,3,NaN
3,0,3,NaN
2,1,3,NaN
3,0,3,NaN
3,0,3,0.05777681313131297
3,0,3,0.049784193691201066
3,0,3,NaN
2,1,3,0.28356862534105315
2,1,3,0.594404332164795
1,2,3,0.27711952186670386
3,0,3,0.5399991833128603
2,1,3,0.0320862846643805
3,0,3,NaN
3,0,3,0.18051831243523325
1,2,3,NaN
2,1,3,NaN
3,0,3,NaN
3,0,3,NaN
1,2,3,NaN
2,1,3,0.9604525435576103
3,0,3,0.31395395753854205
3,0,3,0.8257152214189352
2,1,3,NaN
2,1,3,NaN
3,0,3,NaN
2,1,3,NaN
1,2,3,NaN
3,0,3,NaN
2,1,3,NaN
3,0,3,0.9409499775572661
3,0,3,0.20910819076120546
3,0,3,NaN
1,2,3,NaN
1,2,3,0.2888712891612705
3,0,3,NaN
3,0,3,0.004811988483686424
3,0,3,NaN
2,1,3,NaN
2,1,3,0.23143338938538924
2,1,3,NaN
1,2,3,NaN
2,1,3,NaN
1,2,3,0.3545890738916256
2,1,3,0.05777681313131297
2,1,3,0.5865178779178963
1,2,3,NaN
2,1,3,0.847018481559038
2,1,3,0.1022633479497511
3,0,3,NaN
1,2,3,NaN
2,1,3,NaN
3,0,3,NaN
3,0,3,0.929018891880075
2,1,3,NaN
2,1,3,NaN
3,0,3,NaN
1,2,3,NaN
2,1,3,NaN
3,0,3,NaN
3,0,3,NaN
3,0,3,NaN
3,0,3,0.6734037797783934
1,2,3,NaN
1,2,3,NaN
3,0,3,NaN
1,2,3,NaN
3,0,3,0.3547876049703248
2,1,3,0.3994536466045877
2,1,3,0.24057453370157497
3,0,3,NaN
2,1,3,NaN
2,1,3,0.20910819076120546
3,0,3,NaN
3,0,3,NaN
3,0,3,NaN
3,0,3,0.7106302897733945
3,0,3,0.20910819076120546
3,0,3,NaN
3,0,3,NaN
1,2,3,NaN
2,1,3,NaN
3,0,3,NaN
2,1,3,NaN
3,0,3,NaN
2,1,3,NaN
1,2,3,NaN
3,0,3,NaN
1,2,3,NaN
1,2,3,NaN
2,1,3,NaN
3,0,3,NaN
3,0,3,NaN
3,0,3,0.017959370146063955
3,0,3,NaN
3,0,3,NaN
1,2,3,NaN
2,1,3,NaN
3,0,3,0.8257152214189352
3,0,3,NaN
3,0,3,NaN
3,0,3,NaN
1,2,3,NaN
3,0,3,0.802297557591902
3,0,3,0.4479232155172413
1,2,3,NaN
3,0,3,0.20487207169471564
3,0,3,NaN
2,1,3,NaN
1,2,3,NaN
2,1,3,0.31395395753854205
1,2,3,0.847018481559038
3,0,3,NaN
2,1,3,NaN
2,1,3,NaN
2,1,3,0.7436042216854737
3,0,3,NaN
3,0,3,NaN
2,1,3,0.15681788281888331
2,1,3,0.8842791248293348
3,0,3,0.5399991833128603
2,1,3,0.7741525432089743
1,2,3,NaN
2,1,3,0.6901184451442841
3,0,3,NaN
2,1,3,0.7741525432089743
2,1,3,NaN
2,1,3,0.802297557591902
2,1,3,NaN
2,1,3,0.5399991833128603
3,0,3,NaN
3,0,3,NaN
1,2,3,NaN
2,1,3,NaN
1,2,3,NaN
3,0,3,0.6311253596222562
1,2,3,0.5399991833128603
2,1,3,NaN
2,1,3,NaN
2,1,3,0.8598814536924113
3,0,3,NaN
3,0,3,0.9409499775572661
3,0,3,NaN
1,2,3,0.004090871616932862
1,2,3,NaN
3,0,3,NaN
2,1,3,0.15681788281888331
3,0,3,0.4479232155172413
1,2,3,NaN
3,0,3,NaN
3,0,3,0.15681788281888331
3,0,3,NaN
3,0,3,NaN
2,1,3,NaN
3,0,3,NaN
2,1,3,0.06733047183748836
2,1,3,0.847018481559038
1,2,3,NaN
3,0,3,0.929018891880075
3,0,3,NaN
1,2,3,NaN
2,1,3,NaN
2,1,3,NaN
2,1,3,NaN
2,1,3,NaN
1,2,3,0.6846894776461798
2,1,3,0.20910819076120546
1,2,3,0.7436042216854737
2,1,3,NaN
1,2,3,NaN
3,0,3,0.015565671711291711
2,1,3,0.4479232155172413
3,0,3,NaN
3,0,3,NaN
1,2,3,NaN
2,1,3,NaN
3,0,3,NaN
2,1,3,0.49517317979331793
2,1,3,0.49517317979331793
1,2,3,0.20910819076120546
3,0,3,NaN
2,1,3,0.7436042216854737
2,1,3,NaN
3,0,3,NaN
3,0,3,NaN
1,2,3,0.0889252594028693
2,1,3,NaN
3,0,3,NaN
2,1,3,0.03713138400000036
1,2,3,0.4479232155172413
3,0,3,NaN
2,1,3,NaN
3,0,3,NaN
2,1,3,0.49517317979331793
3,0,3,0.030909552041933817
2,1,3,NaN
3,0,3,NaN
2,1,3,0.847018481559038
2,1,3,0.6734037797783934
2,1,3,NaN
1,2,3,NaN
1,2,3,NaN
1,2,3,0.0320862846643805
3,0,3,NaN
2,1,3,NaN
2,1,3,0.02109375132508799
2,1,3,0.7741525432089743
2,1,3,NaN
1,2,3,NaN
2,1,3,0.3545890738916256
2,1,3,NaN
3,0,3,NaN
2,1,3,0.8257152214189352
2,1,3,0.13607587061668683
3,0,3,NaN
1,2,3,NaN
3,0,3,NaN
1,2,3,0.5865178779178963
3,0,3,0.7228505724295148
2,1,3,NaN
2,1,3,0.7436042216854737
2,1,3,NaN
2,1,3,0.49517317979331793
3,0,3,NaN
2,1,3,0.33623747710260893
3,0,3,NaN
3,0,3,0.49517317979331793
3,0,3,NaN
1,2,3,NaN
3,0,3,NaN
2,1,3,0.03713138400000036
3,0,3,NaN
2,1,3,NaN
2,1,3,0.20910819076120546
3,0,3,NaN
1,2,3,0.4479232155172413
1,2,3,0.1187098235679931
3,0,3,NaN
3,0,3,NaN
2,1,3,0.12984755698044664
3,0,3,0.6311253596222562
3,0,3,NaN
3,0,3,NaN
2,1,3,0.18051831243523325
1,2,3,NaN
3,0,3,NaN
1,2,3,NaN
3,0,3,NaN
1,2,3,0.3545890738916256
2,1,3,NaN
2,1,3,NaN
2,1,3,NaN
3,0,3,0.847018481559038
3,0,3,NaN
2,1,3,NaN
3,0,3,0.3994536466045877
2,1,3,0.8673895283120647
3,0,3,NaN
3,0,3,NaN
2,1,3,NaN
2,1,3,NaN
3,0,3,NaN
1,2,3,NaN
2,1,3,NaN
3,0,3,0.8673895283120647
3,0,3,0.027828197784382988
1,2,3,NaN
3,0,3,NaN
3,0,3,0.8257152214189352
2,1,3,NaN
2,1,3,0.31395395753854205
3,0,3,NaN
2,1,3,0.15681788281888331
1,2,3,0.7436042216854737
3,0,3,NaN
2,1,3,0.49517317979331793
2,1,3,NaN
2,1,3,0.49517317979331793
2,1,3,NaN
1,2,3,NaN
1,2,3,NaN
3,0,3,NaN
3,0,3,NaN
2,1,3,0.13607587061668683
3,0,3,NaN
1,2,3,NaN
1,2,3,NaN
3,0,3,0.13607587061668683
1,2,3,NaN
1,2,3,NaN
2,1,3,0.6734037797783934
1,2,3,NaN
2,1,3,NaN
2,1,3,NaN
1,2,3,NaN
2,1,3,NaN
2,1,3,0.9158013531976743
2,1,3,NaN
1,2,3,NaN
3,0,3,NaN
3,0,3,NaN
2,1,3,0.18051831243523325
1,2,3,0.5399991833128603
2,1,3,NaN
2,1,3,NaN
3,0,3,0.8673895283120647
3,0,3,NaN
3,0,3,NaN
3,0,3,NaN
3,0,3,NaN
2,1,3,NaN
3,0,3,NaN
2,1,3,NaN
2,1,3,NaN
3,0,3,0.3994536466045877
3,0,3,NaN
3,0,3,NaN
2,1,3,NaN
1,2,3,NaN
2,1,3,NaN
2,1,3,NaN
3,0,3,0.6311253596222562
3,0,3,NaN
1,2,3,0.0889252594028693
2,1,3,NaN
2,1,3,NaN
1,2,3,NaN
2,1,3,0.7741525432089743
1,2,3,0.004811988483686424
3,0,3,NaN
1,2,3,0.02420793861740178
2,1,3,NaN
1,2,3,NaN
1,2,3,0.802297557591902
3,0,3,NaN
3,0,3,NaN
3,0,3,NaN
3,0,3,0.7436042216854737
2,1,3,0.9409499775572661
3,0,3,0.3545890738916256
3,0,3,NaN
1,2,3,0.02420793861740178
2,1,3,NaN
3,0,3,0.4479232155172413
3,0,3,NaN
3,0,3,0.8842791248293348
3,0,3,NaN
3,0,3,0.546496193452849
1,2,3,0.41718013456084124
1,2,3,0.20910819076120546
2,1,3,0.9011477651240992
2,1,3,0.31395395753854205
1,2,3,0.4479232155172413
2,1,3,0.5865178779178963
2,1,3,NaN
3,0,3,NaN
2,1,3,NaN
2,1,3,NaN
1,2,3,NaN
1,2,3,0.3545890738916256
3,0,3,NaN
1,2,3,NaN
1,2,3,0.5865178779178963
2,1,3,0.8842791248293348
2,1,3,NaN
1,2,3,NaN
2,1,3,NaN
1,2,3,NaN
3,0,3,NaN
2,1,3,NaN
1,2,3,NaN
3,0,3,NaN
2,1,3,NaN
2,1,3,0.9158013531976743
1,2,3,NaN
3,0,3,NaN
2,1,3,0.26067874293238946
2,1,3,0.7436042216854737
2,1,3,0.14743658764250037
3,0,3,0.012926942381561383
3,0,3,NaN
3,0,3,NaN
2,1,3,0.7106302897733945
1,2,3,NaN
1,2,3,0.015565671711291711
3,0,3,NaN
2,1,3,NaN
2,1,3,NaN
3,0,3,NaN
2,1,3,NaN
2,1,3,0.07730957836924375
2,1,3,0.3545890738916256
2,1,3,NaN
2,1,3,0.8257152214189352
2,1,3,0.31395395753854205
3,0,3,NaN
1,2,3,NaN
3,0,3,NaN
3,0,3,0.24057453370157497
3,0,3,NaN
3,0,3,NaN
2,1,3,NaN
2,1,3,0.5512682426496225
2,1,3,NaN
3,0,3,0.929018891880075
1,2,3,0.31395395753854205
3,0,3,0.49517317979331793
3,0,3,0.15681788281888331
3,0,3,NaN
2,1,3,0.24057453370157497
1,2,3,NaN
1,2,3,NaN
2,1,3,0.31395395753854205
3,0,3,NaN
2,1,3,NaN
1,2,3,0.7741525432089743
2,1,3,NaN
1,2,3,NaN
2,1,3,0.15681788281888331
3,0,3,0.7106302897733945
1,2,3,NaN
2,1,3,NaN
1,2,3,NaN
1,2,3,0.1187098235679931
2,1,3,0.7436042216854737
3,0,3,NaN
1,2,3,0.5399991833128603
2,1,3,NaN
2,1,3,0.9676842886660223
2,1,3,0.02420793861740178
3,0,3,0.8673895283120647
3,0,3,NaN
3,0,3,NaN
3,0,3,NaN
2,1,3,0.5399991833128603
2,1,3,NaN
1,2,3,NaN
2,1,3,NaN
1,2,3,0.31395395753854205
2,1,3,NaN
1,2,3,NaN
2,1,3,NaN
2,1,3,NaN
3,0,3,0.3994536466045877
1,2,3,NaN
2,1,3,NaN
3,0,3,NaN
2,1,3,NaN
1,2,3,NaN
3,0,3,0.7436042216854737
3,0,3,0.8673895283120647
3,0,3,0.1022633479497511
2,1,3,0.5202059197157263
1,2,3,NaN
3,0,3,0.7741525432089743
2,1,3,NaN
3,0,3,NaN
1,2,3,NaN
2,1,3,0.3599959390430551
3,0,3,0.1022633479497511
2,1,3,NaN
1,2,3,0.7741525432089743
3,0,3,NaN
2,1,3,0.24057453370157497
2,1,3,NaN
2,1,3,0.0320862846643805
1,2,3,NaN
2,1,3,NaN
2,1,3,NaN
2,1,3,0.1187098235679931
3,0,3,0.6311253596222562
1,2,3,0.3545890738916256
2,1,3,NaN
3,0,3,NaN
3,0,3,NaN
1,2,3,NaN
2,1,3,0.4479232155172413
2,1,3,0.9509474090073529
2,1,3,NaN
3,0,3,NaN
1,2,3,NaN
3,0,3,NaN
2,1,3,NaN
1,2,3,NaN
2,1,3,NaN
3,0,3,NaN
2,1,3,0.025094060745368765
1,2,3,NaN
2,1,3,NaN
3,0,3,NaN
2,1,3,NaN
3,0,3,NaN
1,2,3,NaN
2,1,3,NaN
1,2,3,NaN
2,1,3,0.7436042216854737
3,0,3,NaN
1,2,3,NaN
2,1,3,NaN
2,1,3,0.41792554775442825
2,1,3,0.5399991833128603
1,2,3,NaN
3,0,3,NaN
2,1,3,NaN
2,1,3,NaN
3,0,3,NaN
2,1,3,NaN
2,1,3,0.802297557591902
1,2,3,NaN
3,0,3,NaN
1,2,3,NaN
1,2,3,0.18051831243523325
3,0,3,NaN
2,1,3,NaN
1,2,3,NaN
2,1,3,0.3994536466045877
1,2,3,NaN
2,1,3,NaN
1,2,3,0.7436042216854737
1,2,3,NaN
2,1,3,0.8257152214189352
1,2,3,NaN
3,0,3,NaN
3,0,3,0.9509474090073529
1,2,3,NaN
1,2,3,0.31395395753854205
1,2,3,0.31395395753854205
3,0,3,NaN
3,0,3,NaN
3,0,3,0.13607587061668683
1,2,3,0.3994536466045877
2,1,3,NaN
3,0,3,NaN
3,0,3,NaN
1,2,3,NaN
3,0,3,0.49517317979331793
2,1,3,NaN
3,0,3,NaN
1,2,3,NaN
1,2,3,0.31395395753854205
3,0,3,0.847018481559038
2,1,3,NaN
3,0,3,NaN
3,0,3,NaN
3,0,3,NaN
2,1,3,NaN
1,2,3,NaN
2,1,3,NaN
3,0,3,0.1187098235679931
2,1,3,0.929018891880075
2,1,3,0.3545890738916256
3,0,3,NaN
3,0,3,NaN
3,0,3,0.802297557591902
1,2,3,NaN
2,1,3,NaN
3,0,3,NaN
1,2,3,NaN
2,1,3,NaN
2,1,3,NaN
2,1,3,0.24057453370157497
1,2,3,NaN
3,0,3,0.49517317979331793
2,1,3,NaN
3,0,3,NaN
1,2,3,0.5865178779178963
1,2,3,0.4479232155172413
3,0,3,NaN
3,0,3,NaN
3,0,3,NaN
3,0,3,0.847018481559038
3,0,3,NaN
3,0,3,NaN
3,0,3,NaN
2,1,3,0.8842791248293348
2,1,3,NaN
1,2,3,NaN
1,2,3,NaN
2,1,3,0.31395395753854205
3,0,3,NaN
3,0,3,NaN
2,1,3,NaN
2,1,3,NaN
1,2,3,NaN
3,0,3,NaN
3,0,3,0.5968385828002707
2,1,3,0.6734037797783934
2,1,3,NaN
2,1,3,NaN
2,1,3,NaN
3,0,3,NaN
1,2,3,NaN
3,0,3,NaN
2,1,3,NaN
1,2,3,NaN
1,2,3,0.24057453370157497
1,2,3,0.07730957836924375
1,2,3,0.15681788281888331
1,2,3,NaN
3,0,3,NaN
3,0,3,NaN
1,2,3,0.4479232155172413
1,2,3,NaN
2,1,3,NaN
1,2,3,NaN
2,1,3,0.15681788281888331
3,0,3,NaN
2,1,3,0.20910819076120546
3,0,3,0.929018891880075
3,0,3,NaN
3,0,3,NaN
1,2,3,NaN
1,2,3,0.3545890738916256
2,1,3,0.05777681313131297
3,0,3,NaN
1,2,3,NaN
1,2,3,0.3994536466045877
3,0,3,0.8673895283120647
2,1,3,NaN
1,2,3,0.6311253596222562
3,0,3,NaN
2,1,3,NaN
2,1,3,NaN
2,1,3,0.7106302897733945
3,0,3,0.1022633479497511
2,1,3,0.31395395753854205
1,2,3,0.7751203070714512
2,1,3,NaN
1,2,3,0.9134172472440566
2,1,3,NaN
2,1,3,NaN
2,1,3,0.1187098235679931
3,0,3,0.5865178779178963
3,0,3,NaN
2,1,3,0.07628100280873812
2,1,3,NaN
3,0,3,0.0889252594028693
3,0,3,0.13607587061668683
1,2,3,0.5865178779178963
2,1,3,NaN
3,0,3,NaN
2,1,3,0.00011662306368018435
3,0,3,NaN
1,2,3,NaN
1,2,3,0.02097058734344152
3,0,3,NaN
3,0,3,NaN
3,0,3,NaN
2,1,3,NaN
2,1,3,NaN
3,0,3,NaN
1,2,3,NaN
1,2,3,NaN
3,0,3,NaN
1,2,3,NaN
2,1,3,NaN
3,0,3,NaN
3,0,3,NaN
2,1,3,0.9858284791076382
2,1,3,NaN
3,0,3,0.010777834245389788
1,2,3,0.9158013531976743
1,2,3,0.02097058734344152
2,1,3,NaN
2,1,3,NaN
1,2,3,NaN
2,1,3,NaN
3,0,3,NaN
2,1,3,NaN
3,0,3,NaN
3,0,3,0.18051831243523325
1,2,3,0.6759354850992831
3,0,3,NaN
2,1,3,NaN
1,2,3,NaN
1,2,3,NaN
2,1,3,NaN
2,1,3,0.8842791248293348
2,1,3,NaN
3,0,3,0.02793309869782338
1,2,3,NaN
2,1,3,NaN
3,0,3,0.3545890738916256
3,0,3,NaN
2,1,3,0.8842791248293348
1,2,3,NaN
3,0,3,NaN
3,0,3,0.13607587061668683
2,1,3,0.04943483982496508
1,2,3,0.7548443913691227
1,2,3,0.847018481559038
1,2,3,0.9746285957804892
2,1,3,0.1187098235679931
2,1,3,NaN
3,0,3,0.6600837619282068
2,1,3,NaN
2,1,3,0.4479232155172413
3,0,3,0.8257152214189352
2,1,3,0.05777681313131297
1,2,3,NaN
2,1,3,NaN
2,1,3,NaN
2,1,3,0.9893409295121445
2,1,3,0.045275196230334665
1,2,3,0.24057453370157497
3,0,3,NaN
3,0,3,NaN
1,2,3,NaN
2,1,3,NaN
3,0,3,NaN
3,0,3,NaN
3,0,3,0.6647144773921839
1,2,3,NaN
3,0,3,0.4479232155172413
2,1,3,NaN
3,0,3,NaN
2,1,3,0.7436042216854737
1,2,3,NaN
3,0,3,0.027828197784382988
3,0,3,NaN
2,1,3,0.5865178779178963
2,1,3,NaN
3,0,3,NaN
1,2,3,0.31395395753854205
1,2,3,NaN
2,1,3,0.9011477651240992
1,2,3,0.8673895283120647
2,1,3,NaN
2,1,3,0.9961177419488393
2,1,3,0.9922549943338576
1,2,3,0.049784193691201066
2,1,3,NaN
1,2,3,NaN
1,2,3,0.006112602594340191
1,2,3,0.18996478554536222
3,0,3,0.9409499775572661
3,0,3,NaN
3,0,3,0.9676842886660223
2,1,3,NaN
3,0,3,NaN
2,1,3,NaN
3,0,3,0.8257152214189352
3,0,3,NaN
2,1,3,NaN
1,2,3,0.3545890738916256
2,1,3,NaN
2,1,3,NaN
2,1,3,NaN
1,2,3,0.7436042216854737
1,2,3,0.02420793861740178
1,2,3,NaN
2,1,3,NaN
2,1,3,0.5865178779178963
3,0,3,NaN
3,0,3,NaN
1,2,3,NaN
2,1,3,NaN
2,1,3,0.02420793861740178
2,1,3,NaN
3,0,3,0.18051831243523325
3,0,3,0.20910819076120546
1,2,3,NaN
3,0,3,NaN
2,1,3,NaN
2,1,3,NaN
1,2,3,0.9158013531976743
2,1,3,NaN
2,1,3,0.5502470116853265
3,0,3,NaN
3,0,3,NaN
2,1,3,0.3545890738916256
2,1,3,NaN
3,0,3,0.017959370146063955
2,1,3,NaN
3,0,3,NaN
2,1,3,0.7436042216854737
1,2,3,0.3545890738916256
3,0,3,0.4039296760430989
3,0,3,NaN
2,1,3,NaN
3,0,3,NaN
2,1,3,0.8842791248293348
1,2,3,NaN
1,2,3,NaN
3,0,3,NaN
3,0,3,0.0320862846643805
2,1,3,0.5865178779178963
3,0,3,NaN
2,1,3,NaN
3,0,3,0.7741525432089743
3,0,3,NaN
2,1,3,0.5865178779178963
1,2,3,NaN
2,1,3,NaN
1,2,3,0.0069529813430417265
3,0,3,0.4479232155172413
3,0,3,NaN
2,1,3,0.00927756088121194
3,0,3,0.0320862846643805
3,0,3,0.24057453370157497
1,2,3,NaN
3,0,3,NaN
2,1,3,0.016241623286758076
3,0,3,NaN
3,0,3,0.7436042216854737
3,0,3,NaN
2,1,3,0.027828197784382988
2,1,3,NaN
2,1,3,NaN
3,0,3,NaN
2,1,3,NaN
3,0,3,0.5399991833128603
3,0,3,NaN
3,0,3,NaN
3,0,3,NaN
2,1,3,NaN
3,0,3,NaN
2,1,3,NaN
3,0,3,NaN
2,1,3,NaN
2,1,3,0.15594870895557103
2,1,3,NaN
3,0,3,NaN
2,1,3,0.7741525432089743
3,0,3,NaN
2,1,3,0.615421315423315
3,0,3,NaN
2,1,3,NaN
2,1,3,NaN
1,2,3,NaN
2,1,3,0.7106302897733945
2,1,3,NaN
2,1,3,NaN
2,1,3,NaN
3,0,3,NaN
2,1,3,0.6311253596222562
3,0,3,0.7436042216854737
3,0,3,NaN
3,0,3,NaN
2,1,3,NaN
2,1,3,NaN
3,0,3,NaN
2,1,3,0.49517317979331793
2,1,3,NaN
2,1,3,NaN
1,2,3,0.3994536466045877
2,1,3,NaN
3,0,3,NaN
1,2,3,NaN
1,2,3,NaN
1,2,3,0.31395395753854205
1,2,3,NaN
1,2,3,0.3400807786981201
2,1,3,0.31395395753854205
2,1,3,NaN
3,0,3,NaN
2,1,3,0.7741525432089743
2,1,3,NaN
3,0,3,NaN
3,0,3,NaN
3,0,3,NaN
3,0,3,NaN
2,1,3,0.4479232155172413
2,1,3,NaN
3,0,3,0.00013018666314601885
2,1,3,NaN
1,2,3,0.010777834245389788
2,1,3,NaN
1,2,3,NaN
1,2,3,NaN
3,0,3,0.847018481559038
3,0,3,NaN
1,2,3,0.000985622250805973
2,1,3,NaN
2,1,3,NaN
3,0,3,0.7436042216854737
1,2,3,NaN
3,0,3,NaN
1,2,3,0.05777681313131297
3,0,3,0.24057453370157497
1,2,3,0.8257152214189352
1,2,3,0.010777834245389788
3,0,3,NaN
3,0,3,0.6734037797783934
2,1,3,NaN
3,0,3,0.6311253596222562
1,2,3,NaN
3,0,3,NaN
2,1,3,0.017959370146063955
2,1,3,0.27102649985527383
2,1,3,0.13607587061668683
1,2,3,NaN
3,0,3,NaN
3,0,3,0.13607587061668683
1,2,3,NaN
1,2,3,NaN
3,0,3,NaN
3,0,3,0.24057453370157497
3,0,3,NaN
3,0,3,NaN
2,1,3,NaN
1,2,3,NaN
3,0,3,NaN
1,2,3,0.9257839167279968
2,1,3,0.8842791248293348
2,1,3,NaN
2,1,3,NaN
2,1,3,NaN
2,1,3,NaN
2,1,3,NaN
1,2,3,0.7741525432089743
2,1,3,NaN
2,1,3,NaN
2,1,3,0.3545890738916256
3,0,3,NaN
3,0,3,0.0889252594028693
3,0,3,0.8673895283120647
3,0,3,0.802297557591902
2,1,3,NaN
3,0,3,2.136612194826808e-5
3,0,3,0.49517317979331793
1,2,3,NaN
2,1,3,0.5696310514948689
2,1,3,0.03713138400000036
1,2,3,0.3994536466045877
2,1,3,NaN
3,0,3,NaN
3,0,3,NaN
1,2,3,0.15681788281888331
2,1,3,NaN
3,0,3,NaN
2,1,3,0.5865178779178963
3,0,3,0.24057453370157497
1,2,3,NaN
1,2,3,NaN
3,0,3,0.7741525432089743
2,1,3,0.5865178779178963
2,1,3,0.5865178779178963
3,0,3,0.15681788281888331
1,2,3,3.096196914208881e-5
2,1,3,0.49517317979331793
1,2,3,NaN
1,2,3,0.5399991833128603
3,0,3,NaN
3,0,3,NaN
2,1,3,0.6040393591428876
2,1,3,0.9409499775572661
3,0,3,NaN
1,2,3,0.8257152214189352
3,0,3,NaN
3,0,3,NaN
1,2,3,NaN
1,2,3,0.015565671711291711
2,1,3,0.5399991833128603
2,1,3,NaN
2,1,3,NaN
3,0,3,NaN
1,2,3,NaN
3,0,3,NaN
2,1,3,NaN
2,1,3,NaN
3,0,3,0.9409499775572661
1,2,3,NaN
3,0,3,NaN
2,1,3,NaN
2,1,3,0.3545890738916256
3,0,3,NaN
1,2,3,NaN
1,2,3,NaN
2,1,3,0.7436042216854737
2,1,3,NaN
3,0,3,NaN
3,0,3,0.4479232155172413
3,0,3,0.7741525432089743
2,1,3,NaN
2,1,3,0.02097058734344152
1,2,3,NaN
3,0,3,NaN
3,0,3,0.27711952186670386
1,2,3,0.03713138400000036
3,0,3,0.31395395753854205
3,0,3,NaN
1,2,3,0.0889252594028693
1,2,3,NaN
1,2,3,NaN
2,1,3,NaN
2,1,3,NaN
2,1,3,0.3545890738916256
3,0,3,0.8257152214189352
1,2,3,0.9676842886660223
1,2,3,NaN
2,1,3,NaN
3,0,3,NaN
2,1,3,NaN
1,2,3,0.5399991833128603
3,0,3,NaN
3,0,3,NaN
2,1,3,0.07730957836924375
1,2,3,NaN
1,2,3,NaN
3,0,3,NaN
2,1,3,NaN
2,1,3,0.929018891880075
1,2,3,NaN
3,0,3,NaN
2,1,3,NaN
1,2,3,NaN
1,2,3,NaN
3,0,3,0.006112602594340191
1,2,3,NaN
2,1,3,0.6311253596222562
1,2,3,NaN
3,0,3,NaN
2,1,3,0.4479232155172413
2,1,3,NaN
3,0,3,NaN
2,1,3,NaN
2,1,3,NaN
3,0,3,NaN
3,0,3,NaN
3,0,3,0.049784193691201066
3,0,3,NaN
3,0,3,NaN
3,0,3,NaN
3,0,3,NaN
3,0,3,0.8218121750096717
2,1,3,NaN
2,1,3,NaN
3,0,3,0.4479232155172413
1,2,3,0.10757242521487181
1,2,3,NaN
1,2,3,0.9604525435576103
2,1,3,NaN
3,0,3,0.7918583115892174
3,0,3,NaN
3,0,3,NaN
2,1,3,0.7436042216854737
1,2,3,NaN
3,0,3,NaN
1,2,3,NaN
2,1,3,NaN
3,0,3,0.18051831243523325
2,1,3,NaN
3,0,3,NaN
1,2,3,NaN
2,1,3,NaN
3,0,3,0.13607587061668683
3,0,3,NaN
2,1,3,NaN
2,1,3,NaN
1,2,3,NaN
3,0,3,0.8842791248293348
3,0,3,NaN
3,0,3,0.02420793861740178
2,1,3,0.5865178779178963
2,1,3,0.1022633479497511
2,1,3,NaN
3,0,3,NaN
1,2,3,NaN
2,1,3,NaN
3,0,3,NaN
3,0,3,NaN
2,1,3,0.07105021381040358
1,2,3,0.27711952186670386
1,2,3,0.04284062892133536
3,0,3,NaN
2,1,3,NaN
2,1,3,0.5399991833128603
2,1,3,NaN
3,0,3,NaN
2,1,3,0.07991232240337112
2,1,3,0.802297557591902
1,2,3,0.6311253596222562
2,1,3,NaN
3,0,3,NaN
2,1,3,NaN
1,2,3,NaN
3,0,3,0.27711952186670386
2,1,3,NaN
3,0,3,NaN
3,0,3,NaN
3,0,3,NaN
2,1,3,NaN
1,2,3,NaN
3,0,3,NaN
2,1,3,NaN
2,1,3,0.8842791248293348
2,1,3,NaN
2,1,3,0.49517317979331793
1,2,3,NaN
1,2,3,NaN
2,1,3,NaN
2,1,3,NaN
3,0,3,NaN
2,1,3,0.18051831243523325
2,1,3,NaN
2,1,3,0.9858284791076382
3,0,3,0.4479232155172413
2,1,3,NaN
2,1,3,NaN
2,1,3,NaN
2,1,3,NaN
2,1,3,NaN
3,0,3,0.4479232155172413
1,2,3,0.8842791248293348
3,0,3,NaN
3,0,3,NaN
3,0,3,0.13607587061668683
3,0,3,NaN
2,1,3,0.03713138400000036
2,1,3,NaN
2,1,3,NaN
2,1,3,NaN
3,0,3,0.24763932860721807
3,0,3,0.6311253596222562
1,2,3,0.6311253596222562
2,1,3,NaN
3,0,3,NaN
1,2,3,NaN
2,1,3,NaN
2,1,3,0.18051831243523325
1,2,3,0.8257152214189352
2,1,3,0.5776252650642237
3,0,3,0.7741525432089743
1,2,3,0.9858284791076382
3,0,3,0.49517317979331793
3,0,3,NaN
2,1,3,0.27711952186670386
2,1,3,NaN
2,1,3,0.802297557591902
1,2,3,0.8705989613334273
2,1,3,0.49517317979331793
3,0,3,0.6734037797783934
2,1,3,0.18051831243523325
2,1,3,0.7436042216854737
3,0,3,0.18051831243523325
3,0,3,0.5865178779178963
2,1,3,NaN
3,0,3,NaN
3,0,3,NaN
3,0,3,NaN
1,2,3,0.9158013531976743
2,1,3,0.017959370146063955
3,0,3,0.31395395753854205
1,2,3,NaN
2,1,3,NaN
2,1,3,NaN
2,1,3,0.15681788281888331
2,1,3,NaN
2,1,3,NaN
2,1,3,NaN
1,2,3,NaN
3,0,3,NaN
1,2,3,NaN
3,0,3,NaN
3,0,3,0.02097058734344152
2,1,3,NaN
3,0,3,0.49517317979331793
3,0,3,NaN
2,1,3,NaN
3,0,3,NaN
3,0,3,0.5399991833128603
3,0,3,NaN
1,2,3,0.5399991833128603
1,2,3,NaN
1,2,3,NaN
2,1,3,0.6734037797783934
3,0,3,0.8842791248293348
1,2,3,NaN
2,1,3,NaN
1,2,3,0.8257152214189352
1,2,3,0.49517317979331793
3,0,3,NaN
2,1,3,NaN
3,0,3,0.31395395753854205
2,1,3,NaN
3,0,3,0.9746285957804892
3,0,3,NaN
1,2,3,NaN
2,1,3,NaN
2,1,3,NaN
3,0,3,NaN
1,2,3,NaN
3,0,3,NaN
3,0,3,NaN
1,2,3,NaN
1,2,3,0.6734037797783934
1,2,3,NaN
1,2,3,0.7436042216854737
2,1,3,0.5865178779178963
2,1,3,0.393117802369796
3,0,3,NaN
3,0,3,NaN
2,1,3,NaN
3,0,3,NaN
3,0,3,NaN
3,0,3,0.9955222064197978
3,0,3,NaN
1,2,3,NaN
3,0,3,0.7436042216854737
2,1,3,NaN
2,1,3,NaN
3,0,3,0.3545890738916256
2,1,3,0.015565671711291711
1,2,3,0.3545890738916256
3,0,3,NaN
3,0,3,0.7741525432089743
3,0,3,NaN
3,0,3,0.847018481559038
3,0,3,NaN
2,1,3,0.049784193691201066
2,1,3,NaN
2,1,3,NaN
2,1,3,NaN
3,0,3,NaN
3,0,3,NaN
2,1,3,0.13823119792532976
2,1,3,NaN
3,0,3,NaN
1,2,3,NaN
1,2,3,NaN
1,2,3,0.9509474090073529
3,0,3,NaN
3,0,3,0.3545890738916256
1,2,3,NaN
3,0,3,NaN
3,0,3,0.03713138400000036
2,1,3,NaN
2,1,3,NaN
2,1,3,NaN
3,0,3,NaN
3,0,3,0.8257152214189352
1,2,3,0.24057453370157497
1,2,3,NaN
2,1,3,0.05777681313131297
3,0,3,0.0320862846643805
2,1,3,NaN
3,0,3,NaN
2,1,3,0.5399991833128603
2,1,3,0.014231903965098018
3,0,3,NaN
3,0,3,0.017959370146063955
1,2,3,0.4406350425039733
2,1,3,0.13607587061668683
2,1,3,NaN
2,1,3,NaN
2,1,3,0.7106302897733945
1,2,3,NaN
3,0,3,NaN
2,1,3,NaN
2,1,3,NaN
3,0,3,0.4479232155172413
1,2,3,0.9746285957804892
3,0,3,NaN
3,0,3,NaN
3,0,3,0.5399991833128603
3,0,3,NaN
3,0,3,NaN
3,0,3,NaN
1,2,3,0.010777834245389788
1,2,3,0.19052251951160107
3,0,3,NaN
2,1,3,0.05777681313131297
1,2,3,NaN
1,2,3,NaN
2,1,3,NaN
2,1,3,NaN
1,2,3,NaN
1,2,3,0.3545890738916256
3,0,3,0.06733047183748836
2,1,3,0.7436042216854737
3,0,3,0.4479232155172413
3,0,3,NaN
3,0,3,NaN
3,0,3,NaN
2,1,3,NaN
3,0,3,NaN
1,2,3,NaN
3,0,3,0.1022633479497511
2,1,3,NaN
3,0,3,NaN
3,0,3,NaN
3,0,3,NaN
2,1,3,NaN
2,1,3,0.13607587061668683
1,2,3,NaN
3,0,3,0.9011477651240992
1,2,3,0.20910819076120546
2,1,3,0.9409499775572661
3,0,3,0.12912678982639955
3,0,3,NaN
3,0,3,NaN
2,1,3,NaN
3,0,3,NaN
2,1,3,0.12912678982639955
3,0,3,NaN
2,1,3,NaN
3,0,3,NaN
3,0,3,NaN
3,0,3,NaN
1,2,3,0.030670892618397252
1,2,3,NaN
3,0,3,0.009138191808191554
3,0,3,0.07730957836924375
3,0,3,NaN
2,1,3,NaN
2,1,3,NaN
2,1,3,0.8183636881491472
2,1,3,NaN
3,0,3,NaN
1,2,3,NaN
3,0,3,NaN
3,0,3,NaN
1,2,3,NaN
1,2,3,0.6311253596222562
2,1,3,NaN
3,0,3,NaN
2,1,3,0.1187098235679931
3,0,3,NaN
1,2,3,NaN
2,1,3,NaN
1,2,3,NaN
1,2,3,NaN
2,1,3,NaN
3,0,3,NaN
3,0,3,NaN
3,0,3,NaN
3,0,3,NaN
3,0,3,0.5865178779178963
2,1,3,0.017959370146063955
3,0,3,NaN
2,1,3,NaN
3,0,3,0.4479232155172413
2,1,3,NaN
1,2,3,0.0889252594028693
3,0,3,NaN
3,0,3,NaN
2,1,3,NaN
3,0,3,NaN
1,2,3,NaN
3,0,3,NaN
1,2,3,0.7741525432089743
2,1,3,NaN
2,1,3,NaN
3,0,3,NaN
3,0,3,NaN
2,1,3,0.5865178779178963
2,1,3,NaN
2,1,3,NaN
2,1,3,NaN
2,1,3,NaN
3,0,3,NaN
2,1,3,NaN
2,1,3,NaN
1,2,3,0.6311253596222562
1,2,3,NaN
3,0,3,NaN
2,1,3,NaN
2,1,3,NaN
2,1,3,NaN
2,1,3,0.3545890738916256
3,0,3,0.3994536466045877
3,0,3,NaN
3,0,3,NaN
3,0,3,NaN
1,2,3,0.7106302897733945
2,1,3,0.13607587061668683
1,2,3,NaN
3,0,3,0.9922549943338576
3,0,3,NaN
2,1,3,NaN
3,0,3,NaN
2,1,3,0.055863648036703864
2,1,3,0.02097058734344152
1,2,3,NaN
3,0,3,0.6734037797783934
1,2,3,0.05777681313131297
3,0,3,0.8842791248293348
2,1,3,0.8673895283120647
2,1,3,NaN
2,1,3,0.9448256018870177
3,0,3,NaN
2,1,3,NaN
2,1,3,NaN
3,0,3,0.6734037797783934
3,0,3,NaN
2,1,3,NaN
3,0,3,0.05777681313131297
2,1,3,NaN
3,0,3,NaN
3,0,3,0.2672631005041597
3,0,3,0.0008395818424387968
3,0,3,NaN
3,0,3,NaN
1,2,3,0.27711952186670386
3,0,3,0.7436042216854737
2,1,3,0.35546894382456184
2,1,3,NaN
2,1,3,NaN
3,0,3,0.7106302897733945
2,1,3,NaN
1,2,3,NaN
3,0,3,NaN
1,2,3,0.03713138400000036
1,2,3,0.20910819076120546
3,0,3,NaN
3,0,3,NaN
2,1,3,NaN
1,2,3,0.13607587061668683
2,1,3,NaN
1,2,3,NaN
1,2,3,0.847018481559038
3,0,3,NaN
2,1,3,NaN
3,0,3,NaN
3,0,3,0.5865178779178963
3,0,3,NaN
1,2,3,0.017959370146063955
3,0,3,NaN
2,1,3,NaN
3,0,3,0.4479232155172413
3,0,3,NaN
1,2,3,0.04284062892133536
3,0,3,NaN
1,2,3,NaN
2,1,3,NaN
1,2,3,NaN
1,2,3,NaN
2,1,3,NaN
1,2,3,0.87332216637635
1,2,3,NaN
1,2,3,0.929018891880075
1,2,3,NaN
1,2,3,NaN
3,0,3,NaN
3,0,3,NaN
3,0,3,NaN
2,1,3,NaN
3,0,3,0.7436042216854737
2,1,3,0.5865178779178963
3,0,3,NaN
3,0,3,0.49517317979331793
2,1,3,NaN
3,0,3,0.6311253596222562
2,1,3,NaN
1,2,3,NaN
2,1,3,0.9011477651240992
3,0,3,NaN
3,0,3,NaN
1,2,3,NaN
3,0,3,NaN
3,0,3,NaN
3,0,3,NaN
3,0,3,0.0889252594028693
2,1,3,NaN
3,0,3,0.6734037797783934
2,1,3,NaN
3,0,3,NaN
1,2,3,NaN
1,2,3,NaN
3,0,3,0.1022633479497511
1,2,3,NaN
2,1,3,NaN
2,1,3,0.20910819076120546
1,2,3,NaN
1,2,3,NaN
2,1,3,0.31395395753854205
3,0,3,0.1187098235679931
3,0,3,NaN
3,0,3,0.6311253596222562
3,0,3,NaN
3,0,3,0.008713265420159615
1,2,3,0.04284062892133536
3,0,3,0.1187098235679931
2,1,3,NaN
2,1,3,NaN
2,1,3,0.31395395753854205
3,0,3,NaN
2,1,3,0.802297557591902
3,0,3,0.0320862846643805
3,0,3,NaN
2,1,3,NaN
2,1,3,NaN
3,0,3,0.3545890738916256
3,0,3,NaN
2,1,3,0.8842791248293348
1,2,3,NaN
2,1,3,NaN
2,1,3,NaN
3,0,3,NaN
3,0,3,NaN
3,0,3,NaN
2,1,3,0.3545890738916256
1,2,3,0.655501199872003
3,0,3,NaN
2,1,3,0.31395395753854205
2,1,3,NaN
1,2,3,0.6734037797783934
2,1,3,0.23890346282276803
1,2,3,NaN
2,1,3,0.3545890738916256
1,2,3,NaN
2,1,3,0.49517317979331793
3,0,3,0.7436042216854737
2,1,3,0.7741525432089743
3,0,3,NaN
2,1,3,NaN
3,0,3,NaN
1,2,3,NaN
2,1,3,0.8257152214189352
3,0,3,NaN
2,1,3,0.7436042216854737
2,1,3,NaN
2,1,3,NaN
3,0,3,NaN
2,1,3,0.6311253596222562
1,2,3,NaN
2,1,3,NaN
1,2,3,NaN
3,0,3,NaN
2,1,3,NaN
3,0,3,0.07730957836924375
2,1,3,NaN
2,1,3,0.1187098235679931
2,1,3,0.6734037797783934
3,0,3,NaN
1,2,3,NaN
1,2,3,0.6734037797783934
1,2,3,NaN
2,1,3,0.24763932860721807
3,0,3,0.20910819076120546
1,2,3,NaN
1,2,3,NaN
3,0,3,0.31395395753854205
3,0,3,NaN
3,0,3,0.3994536466045877
3,0,3,NaN
1,2,3,0.049784193691201066
2,1,3,NaN
2,1,3,NaN
1,2,3,0.24057453370157497
2,1,3,NaN
3,0,3,0.1022633479497511
2,1,3,NaN
2,1,3,NaN
2,1,3,NaN
1,2,3,NaN
2,1,3,0.012472797278221457
3,0,3,0.7106302897733945
3,0,3,0.06733047183748836
1,2,3,NaN
1,2,3,NaN
3,0,3,NaN
3,0,3,NaN
2,1,3,0.1022633479497511
2,1,3,0.6734037797783934
1,2,3,NaN
1,2,3,NaN
1,2,3,0.24057453370157497
2,1,3,NaN
2,1,3,0.18051831243523325
1,2,3,NaN
3,0,3,NaN
2,1,3,NaN
1,2,3,0.8257152214189352
3,0,3,NaN
3,0,3,0.3545890738916256
3,0,3,NaN
1,2,3,NaN
3,0,3,NaN
1,2,3,0.847018481559038
2,1,3,NaN
2,1,3,NaN
2,1,3,0.9509474090073529
1,2,3,0.8916232459805725
2,1,3,NaN
2,1,3,NaN
1,2,3,NaN
2,1,3,NaN
3,0,3,NaN
2,1,3,NaN
2,1,3,0.6311253596222562
2,1,3,NaN
3,0,3,NaN
3,0,3,NaN
2,1,3,NaN
2,1,3,NaN
1,2,3,NaN
1,2,3,0.9676842886660223
3,0,3,NaN
2,1,3,NaN
3,0,3,0.7965291793566884
3,0,3,0.9922549943338576
1,2,3,NaN
3,0,3,0.802297557591902
3,0,3,NaN
2,1,3,0.05717363127133481
3,0,3,0.1260969828379981
3,0,3,NaN
3,0,3,0.18051831243523325
3,0,3,NaN
1,2,3,0.49517317979331793
3,0,3,NaN
3,0,3,NaN
1,2,3,NaN
2,1,3,0.9409499775572661
3,0,3,NaN
2,1,3,NaN
2,1,3,NaN
3,0,3,0.004090871616932862
1,2,3,NaN
3,0,3,0.8673895283120647
1,2,3,0.20910819076120546
2,1,3,NaN
2,1,3,0.4479232155172413
1,2,3,0.3545890738916256
2,1,3,NaN
3,0,3,0.8673895283120647
1,2,3,0.017959370146063955
3,0,3,0.3210958180101993
3,0,3,NaN
2,1,3,0.27711952186670386
3,0,3,NaN
2,1,3,NaN
2,1,3,NaN
1,2,3,0.003957665229724162
3,0,3,NaN
2,1,3,0.1022633479497511
1,2,3,0.6734037797783934
3,0,3,0.027828197784382988
2,1,3,NaN
3,0,3,NaN
2,1,3,NaN
2,1,3,NaN
3,0,3,0.6734037797783934
3,0,3,NaN
1,2,3,0.27711952186670386
1,2,3,0.8257152214189352
2,1,3,NaN
2,1,3,NaN
3,0,3,NaN
2,1,3,NaN
3,0,3,NaN
2,1,3,NaN
3,0,3,0.802297557591902
1,2,3,0.9726258564523578
1,2,3,NaN
2,1,3,NaN
3,0,3,0.027828197784382988
3,0,3,NaN
2,1,3,0.49517317979331793
2,1,3,NaN
3,0,3,NaN
1,2,3,NaN
1,2,3,NaN
2,1,3,0.0889252594028693
1,2,3,NaN
3,0,3,NaN
2,1,3,NaN
3,0,3,NaN
1,2,3,0.27711952186670386
1,2,3,0.6734037797783934
2,1,3,NaN
3,0,3,NaN
2,1,3,NaN
2,1,3,0.8673895283120647
3,0,3,0.13607587061668683
1,2,3,NaN
3,0,3,NaN
2,1,3,NaN
1,2,3,0.006460873644126288
2,1,3,0.33854867353893614
2,1,3,0.9738917960142085
3,0,3,NaN
2,1,3,NaN
2,1,3,NaN
2,1,3,0.6311253596222562
1,2,3,NaN
1,2,3,NaN
2,1,3,0.4479232155172413
3,0,3,NaN
1,2,3,0.027828197784382988
2,1,3,NaN
3,0,3,NaN
2,1,3,0.1022633479497511
3,0,3,NaN
3,0,3,NaN
2,1,3,NaN
2,1,3,NaN
2,1,3,0.5865178779178963
1,2,3,NaN
2,1,3,0.0055745501953784575
2,1,3,NaN
1,2,3,0.9604525435576103
2,1,3,0.19766755621046578
3,0,3,0.06342666222132812
1,2,3,0.06733047183748836
3,0,3,NaN
2,1,3,0.6311253596222562
1,2,3,NaN
2,1,3,0.5865178779178963
1,2,3,NaN
2,1,3,NaN
3,0,3,NaN
2,1,3,NaN
2,1,3,NaN
1,2,3,NaN
1,2,3,NaN
1,2,3,NaN
2,1,3,NaN
1,2,3,NaN
3,0,3,0.04284062892133536
3,0,3,NaN
1,2,3,NaN
2,1,3,NaN
1,2,3,0.8257152214189352
2,1,3,NaN
2,1,3,NaN
1,2,3,0.3994536466045877
1,2,3,NaN
2,1,3,NaN
1,2,3,NaN
2,1,3,NaN
1,2,3,NaN
2,1,3,NaN
3,0,3,NaN
2,1,3,NaN
2,1,3,NaN
1,2,3,NaN
1,2,3,0.3994536466045877
3,0,3,NaN
3,0,3,NaN
1,2,3,0.9158013531976743
3,0,3,NaN
1,2,3,NaN
2,1,3,NaN
1,2,3,0.7729979933632203
3,0,3,0.7436042216854737
1,2,3,NaN
1,2,3,0.02420793861740178
2,1,3,0.4479232155172413
2,1,3,0.1022633479497511
1,2,3,NaN
1,2,3,NaN
2,1,3,0.7741525432089743
2,1,3,NaN
1,2,3,NaN
3,0,3,NaN
2,1,3,0.24057453370157497
1,2,3,NaN
2,1,3,NaN
3,0,3,NaN
3,0,3,NaN
3,0,3,0.24057453370157497
3,0,3,0.012926942381561383
3,0,3,NaN
3,0,3,NaN
1,2,3,0.20910819076120546
1,2,3,NaN
2,1,3,NaN
2,1,3,NaN
3,0,3,NaN
3,0,3,NaN
1,2,3,NaN
2,1,3,NaN
3,0,3,NaN
2,1,3,NaN
3,0,3,NaN
3,0,3,NaN
2,1,3,NaN
3,0,3,NaN
1,2,3,NaN
3,0,3,0.1187098235679931
3,0,3,0.3545890738916256
2,1,3,NaN
1,2,3,NaN
3,0,3,NaN
2,1,3,0.24057453370157497
2,1,3,0.8257152214189352
3,0,3,NaN
3,0,3,0.1187098235679931
1,2,3,NaN
2,1,3,NaN
1,2,3,NaN
3,0,3,NaN
2,1,3,NaN
3,0,3,NaN
1,2,3,0.04284062892133536
1,2,3,NaN
3,0,3,NaN
3,0,3,0.13607587061668683
2,1,3,NaN
2,1,3,0.9409499775572661
3,0,3,NaN
2,1,3,0.20910819076120546
3,0,3,NaN
3,0,3,NaN
1,2,3,NaN
1,2,3,0.847018481559038
1,2,3,NaN
3,0,3,NaN
2,1,3,NaN
2,1,3,NaN
1,2,3,0.0889252594028693
2,1,3,0.05777681313131297
3,0,3,NaN
1,2,3,0.5865178779178963
2,1,3,NaN
3,0,3,NaN
2,1,3,0.7436042216854737
3,0,3,NaN
3,0,3,NaN
3,0,3,0.1022633479497511
3,0,3,NaN
2,1,3,0.31395395753854205
3,0,3,NaN
3,0,3,NaN
2,1,3,0.0889252594028693
3,0,3,0.1022633479497511
3,0,3,0.4479232155172413
1,2,3,NaN
2,1,3,0.5399991833128603
2,1,3,NaN
3,0,3,0.4479232155172413
2,1,3,0.7106302897733945
2,1,3,0.02420793861740178
1,2,3,0.6311253596222562
2,1,3,NaN
3,0,3,NaN
1,2,3,0.7106302897733945
3,0,3,NaN
1,2,3,NaN
1,2,3,0.847018481559038
3,0,3,NaN
2,1,3,0.20910819076120546
3,0,3,NaN
3,0,3,NaN
3,0,3,0.7436042216854737
1,2,3,0.8257152214189352
3,0,3,NaN
2,1,3,0.8673895283120647
3,0,3,NaN
1,2,3,NaN
2,1,3,NaN
3,0,3,0.847018481559038
3,0,3,NaN
2,1,3,0.9158013531976743
2,1,3,NaN
1,2,3,NaN
2,1,3,NaN
2,1,3,NaN
3,0,3,NaN
2,1,3,0.1187098235679931
3,0,3,NaN
2,1,3,NaN
1,2,3,NaN
1,2,3,NaN
3,0,3,NaN
3,0,3,0.6734037797783934
2,1,3,0.5865178779178963
2,1,3,NaN
2,1,3,0.9011477651240992
2,1,3,NaN
3,0,3,0.7436042216854737
3,0,3,NaN
3,0,3,NaN
2,1,3,0.6685170707645344
2,1,3,NaN
2,1,3,NaN
1,2,3,NaN
3,0,3,0.7436042216854737
1,2,3,0.5865178779178963
2,1,3,NaN
3,0,3,NaN
2,1,3,NaN
3,0,3,NaN
2,1,3,NaN
3,0,3,NaN
2,1,3,NaN
2,1,3,NaN
1,2,3,NaN
3,0,3,NaN
1,2,3,NaN
1,2,3,NaN
3,0,3,NaN
3,0,3,NaN
2,1,3,NaN
3,0,3,NaN
2,1,3,NaN
1,2,3,NaN
2,1,3,0.31395395753854205
3,0,3,0.8257152214189352
3,0,3,NaN
2,1,3,0.04284062892133536
3,0,3,0.7106302897733945
2,1,3,0.8842791248293348
3,0,3,0.03713138400000036
3,0,3,NaN
3,0,3,0.27711952186670386
1,2,3,0.847018481559038
1,2,3,NaN
2,1,3,NaN
2,1,3,0.5865178779178963
1,2,3,NaN
3,0,3,NaN
1,2,3,NaN
2,1,3,0.03713138400000036
2,1,3,NaN
2,1,3,0.18051831243523325
2,1,3,0.1187098235679931
1,2,3,0.847018481559038
1,2,3,NaN
2,1,3,NaN
2,1,3,NaN
2,1,3,NaN
1,2,3,0.13607587061668683
1,2,3,NaN
2,1,3,NaN
1,2,3,NaN
3,0,3,0.0016532996451451823
2,1,3,0.04284062892133536
2,1,3,0.4479232155172413
3,0,3,0.3545890738916256
3,0,3,NaN
3,0,3,NaN
2,1,3,0.8673895283120647
2,1,3,0.6311253596222562
1,2,3,0.05777681313131297
2,1,3,0.13607587061668683
2,1,3,NaN
1,2,3,NaN
2,1,3,NaN
2,1,3,NaN
1,2,3,NaN
3,0,3,0.27711952186670386
1,2,3,NaN
2,1,3,NaN
2,1,3,NaN
1,2,3,0.06733047183748836
3,0,3,NaN
3,0,3,0.5865178779178963
3,0,3,0.3545890738916256
2,1,3,0.3994536466045877
1,2,3,0.27352236718258877
1,2,3,0.05777681313131297
2,1,3,NaN
1,2,3,NaN
3,0,3,0.8842791248293348
3,0,3,NaN
1,2,3,NaN
1,2,3,0.3994536466045877
1,2,3,NaN
1,2,3,NaN
1,2,3,NaN
2,1,3,0.02420793861740178
2,1,3,NaN
3,0,3,0.0027711772253420815
1,2,3,NaN
3,0,3,NaN
2,1,3,NaN
3,0,3,NaN
1,2,3,NaN
3,0,3,0.3545890738916256
1,2,3,NaN
3,0,3,NaN
3,0,3,NaN
2,1,3,NaN
1,2,3,NaN
1,2,3,0.18051831243523325
1,2,3,NaN
1,2,3,0.5399991833128603
3,0,3,NaN
2,1,3,0.03713138400000036
3,0,3,NaN
2,1,3,0.009138191808191554
3,0,3,NaN
1,2,3,NaN
2,1,3,NaN
2,1,3,NaN
2,1,3,NaN
1,2,3,NaN
1,2,3,NaN
3,0,3,0.847018481559038
1,2,3,NaN
2,1,3,0.13607587061668683
3,0,3,NaN
1,2,3,NaN
2,1,3,0.20910819076120546
3,0,3,0.9158013531976743
1,2,3,NaN
3,0,3,NaN
2,1,3,0.27711952186670386
3,0,3,NaN
3,0,3,NaN
1,2,3,0.20910819076120546
2,1,3,0.847018481559038
3,0,3,0.31395395753854205
3,0,3,NaN
3,0,3,NaN
2,1,3,NaN
2,1,3,0.0889252594028693
3,0,3,NaN
1,2,3,NaN
2,1,3,NaN
3,0,3,NaN
2,1,3,NaN
2,1,3,0.7436042216854737
3,0,3,NaN
2,1,3,NaN
2,1,3,NaN
1,2,3,0.5865178779178963
2,1,3,0.0320862846643805
1,2,3,NaN
3,0,3,0.29475352130274785
2,1,3,0.3994536466045877
2,1,3,0.015565671711291711
3,0,3,0.15681788281888331
1,2,3,NaN
3,0,3,NaN
2,1,3,NaN
1,2,3,0.6734037797783934
3,0,3,NaN
2,1,3,0.0320862846643805
3,0,3,NaN
2,1,3,NaN
2,1,3,NaN
1,2,3,NaN
3,0,3,NaN
2,1,3,NaN
1,2,3,NaN
3,0,3,NaN
3,0,3,NaN
1,2,3,NaN
3,0,3,0.007549025419144898
2,1,3,NaN
3,0,3,NaN
2,1,3,NaN
2,1,3,NaN
2,1,3,NaN
2,1,3,NaN
2,1,3,NaN
3,0,3,0.06733047183748836
2,1,3,0.18051831243523325
3,0,3,0.9011477651240992
1,2,3,NaN
1,2,3,NaN
1,2,3,0.02097058734344152
2,1,3,NaN
2,1,3,NaN
1,2,3,NaN
3,0,3,NaN
3,0,3,0.4479232155172413
3,0,3,0.18051831243523325
2,1,3,0.06719198897948624
3,0,3,0.5399991833128603
1,2,3,0.3545890738916256
3,0,3,NaN
2,1,3,NaN
1,2,3,NaN
1,2,3,0.5399991833128603
3,0,3,NaN
3,0,3,0.510012731191804
1,2,3,NaN
1,2,3,NaN
1,2,3,NaN
1,2,3,NaN
2,1,3,NaN
2,1,3,NaN
2,1,3,NaN
3,0,3,0.3545890738916256
1,2,3,NaN
1,2,3,NaN
2,1,3,NaN
2,1,3,0.6311253596222562
1,2,3,0.0015606449136292
3,0,3,0.13607587061668683
1,2,3,NaN
1,2,3,NaN
3,0,3,NaN
2,1,3,NaN
3,0,3,NaN
2,1,3,1.1639454661738829e-5
3,0,3,0.18051831243523325
2,1,3,0.39677744005243276
2,1,3,0.8673895283120647
3,0,3,0.0320862846643805
3,0,3,0.4094406393562385
3,0,3,0.9393956148044944
3,0,3,NaN
2,1,3,NaN
3,0,3,0.24057453370157497
1,2,3,0.9158013531976743
3,0,3,NaN
3,0,3,NaN
3,0,3,NaN
3,0,3,NaN
2,1,3,NaN
2,1,3,NaN
3,0,3,0.802297557591902
3,0,3,NaN
1,2,3,NaN
2,1,3,NaN
1,2,3,0.24057453370157497
3,0,3,0.7741525432089743
3,0,3,NaN
2,1,3,0.15681788281888331
3,0,3,0.7741525432089743
3,0,3,NaN
3,0,3,NaN
1,2,3,NaN
3,0,3,NaN
2,1,3,0.3545890738916256
2,1,3,0.1022633479497511
3,0,3,NaN
3,0,3,NaN
3,0,3,0.0889252594028693
1,2,3,NaN
1,2,3,NaN
2,1,3,NaN
3,0,3,0.13607587061668683
3,0,3,NaN
2,1,3,0.6734037797783934
2,1,3,NaN
3,0,3,NaN
2,1,3,NaN
3,0,3,NaN
3,0,3,NaN
1,2,3,NaN
2,1,3,0.7436042216854737
1,2,3,NaN
2,1,3,0.049784193691201066
3,0,3,0.6311253596222562
3,0,3,0.9746285957804892
3,0,3,NaN
2,1,3,NaN
3,0,3,0.27711952186670386
3,0,3,0.07730957836924375
1,2,3,NaN
3,0,3,NaN
1,2,3,NaN
2,1,3,NaN
2,1,3,0.8257152214189352
2,1,3,0.31395395753854205
2,1,3,NaN
1,2,3,0.1022633479497511
2,1,3,NaN
3,0,3,NaN
1,2,3,NaN
1,2,3,0.847018481559038
3,0,3,NaN
1,2,3,0.39677744005243276
2,1,3,NaN
2,1,3,NaN
1,2,3,0.27711952186670386
1,2,3,NaN
2,1,3,0.02097058734344152
1,2,3,NaN
3,0,3,NaN
2,1,3,NaN
3,0,3,0.049784193691201066
2,1,3,NaN
1,2,3,NaN
2,1,3,NaN
3,0,3,NaN
3,0,3,NaN
2,1,3,0.19323419869021943
3,0,3,0.05777681313131297
2,1,3,0.3545890738916256
1,2,3,0.15681788281888331
3,0,3,NaN
1,2,3,NaN
2,1,3,0.18051831243523325
3,0,3,NaN
2,1,3,NaN
1,2,3,NaN
1,2,3,0.4479232155172413
2,1,3,NaN
1,2,3,NaN
3,0,3,NaN
2,1,3,0.19295765172636367
2,1,3,NaN
2,1,3,NaN
1,2,3,0.13607587061668683
2,1,3,NaN
1,2,3,0.6734037797783934
2,1,3,NaN
1,2,3,NaN
1,2,3,NaN
1,2,3,NaN
3,0,3,NaN
2,1,3,0.12775286004688943
1,2,3,0.3994536466045877
3,0,3,0.7436042216854737
2,1,3,NaN
1,2,3,0.7106302897733945
3,0,3,NaN
1,2,3,NaN
2,1,3,NaN
1,2,3,NaN
1,2,3,0.9922549943338576
3,0,3,NaN
3,0,3,NaN
2,1,3,0.755660925738661
2,1,3,NaN
3,0,3,NaN
2,1,3,NaN
2,1,3,NaN
3,0,3,NaN
2,1,3,NaN
3,0,3,NaN
1,2,3,0.15681788281888331
3,0,3,NaN
1,2,3,NaN
1,2,3,NaN
2,1,3,0.9011477651240992
1,2,3,NaN
1,2,3,0.07730957836924375
1,2,3,0.18051831243523325
1,2,3,NaN
1,2,3,NaN
1,2,3,NaN
1,2,3,NaN
1,2,3,0.8598814536924113
3,0,3,NaN
3,0,3,NaN
2,1,3,0.19052251951160107
2,1,3,0.0320862846643805
3,0,3,NaN
2,1,3,0.04284062892133536
2,1,3,0.847018481559038
1,2,3,0.049784193691201066
1,2,3,NaN
2,1,3,0.24057453370157497
2,1,3,0.03243460840887823
2,1,3,NaN
2,1,3,NaN
1,2,3,0.7436042216854737
3,0,3,0.02420793861740178
2,1,3,NaN
2,1,3,0.02097058734344152
3,0,3,NaN
1,2,3,0.5788976238167989
3,0,3,0.7741525432089743
3,0,3,0.929018891880075
3,0,3,NaN
3,0,3,NaN
1,2,3,0.20910819076120546
3,0,3,NaN
2,1,3,NaN
3,0,3,NaN
2,1,3,NaN
3,0,3,0.15681788281888331
1,2,3,0.20910819076120546
3,0,3,NaN
2,1,3,NaN
2,1,3,NaN
2,1,3,NaN
3,0,3,NaN
3,0,3,NaN
2,1,3,0.15681788281888331
2,1,3,0.02420793861740178
2,1,3,0.1187098235679931
3,0,3,NaN
1,2,3,0.27711952186670386
2,1,3,NaN
3,0,3,NaN
1,2,3,0.0320862846643805
3,0,3,NaN
3,0,3,NaN
1,2,3,0.7741525432089743
2,1,3,0.9158013531976743
2,1,3,NaN
3,0,3,NaN
2,1,3,0.8842791248293348
2,1,3,NaN
1,2,3,0.24057453370157497
3,0,3,NaN
2,1,3,NaN
1,2,3,NaN
2,1,3,NaN
3,0,3,NaN
3,0,3,NaN
2,1,3,0.5399991833128603
3,0,3,NaN
2,1,3,0.7106302897733945
2,1,3,NaN
1,2,3,0.06733047183748836
2,1,3,0.01793972598916981
2,1,3,0.18051831243523325
1,2,3,0.4479232155172413
2,1,3,0.7436042216854737
1,2,3,0.20910819076120546
2,1,3,NaN
1,2,3,0.802297557591902
3,0,3,0.6734037797783934
1,2,3,NaN
2,1,3,NaN
2,1,3,NaN
2,1,3,NaN
1,2,3,NaN
2,1,3,NaN
3,0,3,NaN
3,0,3,NaN
2,1,3,NaN
3,0,3,NaN
3,0,3,NaN
2,1,3,NaN
2,1,3,NaN
1,2,3,0.5399991833128603
3,0,3,NaN
2,1,3,0.31395395753854205
3,0,3,0.7436042216854737
2,1,3,NaN
1,2,3,NaN
1,2,3,NaN
2,1,3,NaN
1,2,3,NaN
2,1,3,NaN
2,1,3,NaN
3,0,3,NaN
3,0,3,NaN
2,1,3,0.9011477651240992
1,2,3,NaN
1,2,3,0.9011477651240992
2,1,3,0.015565671711291711
1,2,3,NaN
2,1,3,0.27711952186670386
3,0,3,0.1728020346042009
3,0,3,NaN
2,1,3,NaN
1,2,3,0.022540643437576585
3,0,3,NaN
2,1,3,NaN
2,1,3,NaN
2,1,3,NaN
3,0,3,NaN
2,1,3,NaN
1,2,3,NaN
1,2,3,0.6734037797783934
1,2,3,NaN
3,0,3,NaN
2,1,3,NaN
3,0,3,NaN
1,2,3,0.2672631005041597
2,1,3,NaN
1,2,3,NaN
3,0,3,NaN
1,2,3,NaN
2,1,3,0.0320862846643805
2,1,3,NaN
2,1,3,NaN
3,0,3,NaN
1,2,3,NaN
3,0,3,NaN
2,1,3,NaN
3,0,3,NaN
1,2,3,NaN
2,1,3,NaN
2,1,3,NaN
3,0,3,NaN
2,1,3,0.7106302897733945
1,2,3,NaN
2,1,3,0.6311253596222562
1,2,3,NaN
2,1,3,NaN
1,2,3,NaN
2,1,3,0.004739490636704777
3,0,3,NaN
1,2,3,0.4094242953070025
2,1,3,0.15145604080855646
2,1,3,NaN
3,0,3,NaN
2,1,3,NaN
3,0,3,NaN
3,0,3,0.7741525432089743
2,1,3,NaN
3,0,3,NaN
3,0,3,NaN
1,2,3,0.49517317979331793
2,1,3,NaN
3,0,3,NaN
2,1,3,NaN
2,1,3,NaN
1,2,3,NaN
1,2,3,NaN
1,2,3,NaN
1,2,3,0.9676842886660223
2,1,3,0.49517317979331793
3,0,3,NaN
3,0,3,0.847018481559038
1,2,3,0.8022568144196183
2,1,3,NaN
2,1,3,0.04284062892133536
1,2,3,NaN
3,0,3,NaN
2,1,3,NaN
3,0,3,NaN
1,2,3,NaN
1,2,3,0.6311253596222562
2,1,3,NaN
3,0,3,NaN
3,0,3,NaN
1,2,3,0.9858284791076382
1,2,3,0.18051831243523325
2,1,3,0.4479232155172413
2,1,3,NaN
1,2,3,NaN
1,2,3,NaN
2,1,3,0.43835761144114394
3,0,3,NaN
1,2,3,NaN
1,2,3,0.31395395753854205
3,0,3,0.13607587061668683
3,0,3,0.7741525432089743
1,2,3,NaN
1,2,3,NaN
3,0,3,NaN
1,2,3,NaN
2,1,3,0.049784193691201066
2,1,3,NaN
3,0,3,NaN
2,1,3,0.15681788281888331
3,0,3,NaN
3,0,3,0.0016289231095152666
3,0,3,0.9746285957804892
2,1,3,NaN
2,1,3,NaN
1,2,3,NaN
1,2,3,NaN
1,2,3,0.06733047183748836
1,2,3,0.9604525435576103
3,0,3,NaN
2,1,3,NaN
3,0,3,NaN
3,0,3,NaN
2,1,3,NaN
2,1,3,NaN
3,0,3,NaN
1,2,3,NaN
3,0,3,0.0033567366870917268
3,0,3,0.929018891880075
1,2,3,NaN
3,0,3,0.4479232155172413
2,1,3,0.24057453370157497
3,0,3,0.6734037797783934
1,2,3,0.3545890738916256
3,0,3,NaN
2,1,3,NaN
3,0,3,0.05777681313131297
1,2,3,NaN
1,2,3,NaN
1,2,3,NaN
1,2,3,NaN
3,0,3,0.13607587061668683
3,0,3,NaN
1,2,3,0.05777681313131297
1,2,3,NaN
1,2,3,NaN
2,1,3,0.05777681313131297
3,0,3,NaN
2,1,3,0.3994536466045877
3,0,3,0.7106302897733945
2,1,3,0.4479232155172413
1,2,3,0.49517317979331793
2,1,3,NaN
2,1,3,0.14507493759926762
1,2,3,NaN
3,0,3,NaN
2,1,3,NaN
2,1,3,NaN
2,1,3,NaN
2,1,3,NaN
2,1,3,0.31395395753854205
1,2,3,NaN
1,2,3,0.1022633479497511
3,0,3,0.31395395753854205
3,0,3,NaN
2,1,3,NaN
1,2,3,0.15681788281888331
1,2,3,0.07730957836924375
1,2,3,NaN
1,2,3,0.27711952186670386
1,2,3,NaN
2,1,3,NaN
1,2,3,0.027828197784382988
2,1,3,0.9971545786929706
3,0,3,NaN
3,0,3,0.02097058734344152
2,1,3,NaN
1,2,3,NaN
3,0,3,NaN
3,0,3,NaN
1,2,3,0.06733047183748836
3,0,3,0.4479232155172413
3,0,3,NaN
2,1,3,NaN
3,0,3,NaN
1,2,3,NaN
3,0,3,NaN
1,2,3,0.3545890738916256
2,1,3,NaN
2,1,3,0.05777681313131297
3,0,3,NaN
2,1,3,NaN
2,1,3,NaN
1,2,3,NaN
3,0,3,NaN
3,0,3,NaN
3,0,3,NaN
3,0,3,0.02420793861740178
1,2,3,0.04284062892133536
1,2,3,NaN
3,0,3,NaN
3,0,3,NaN
2,1,3,NaN
2,1,3,NaN
3,0,3,0.1187098235679931
2,1,3,0.8564650791738876
3,0,3,NaN
1,2,3,0.31395395753854205
1,2,3,NaN
2,1,3,NaN
3,0,3,NaN
3,0,3,NaN
1,2,3,NaN
2,1,3,NaN
2,1,3,0.2165078444474989
1,2,3,0.4479232155172413
2,1,3,NaN
3,0,3,NaN
1,2,3,NaN
1,2,3,0.802297557591902
2,1,3,NaN
2,1,3,NaN
1,2,3,NaN
2,1,3,0.02782474969475915
3,0,3,0.049784193691201066
2,1,3,NaN
3,0,3,NaN
3,0,3,NaN
1,2,3,NaN
3,0,3,0.5399991833128603
3,0,3,0.6040393591428876
2,1,3,0.8842791248293348
1,2,3,NaN
2,1,3,NaN
3,0,3,NaN
1,2,3,NaN
2,1,3,NaN
2,1,3,NaN
3,0,3,0.07247373149762029
1,2,3,0.7741525432089743
3,0,3,NaN
1,2,3,NaN
1,2,3,NaN
2,1,3,NaN
2,1,3,NaN
1,2,3,0.021636380766360763
2,1,3,NaN
1,2,3,NaN
2,1,3,0.8992438708200093
1,2,3,NaN
3,0,3,0.18051831243523325
3,0,3,NaN
2,1,3,0.18809791889092595
3,0,3,NaN
2,1,3,NaN
3,0,3,0.8257152214189352
2,1,3,0.4479232155172413
1,2,3,0.0016815566140609356
2,1,3,0.5865178779178963
1,2,3,NaN
2,1,3,NaN
3,0,3,NaN
1,2,3,0.49517317979331793
2,1,3,NaN
1,2,3,NaN
1,2,3,NaN
1,2,3,NaN
2,1,3,0.24057453370157497
1,2,3,NaN
3,0,3,NaN
3,0,3,NaN
1,2,3,NaN
2,1,3,NaN
1,2,3,NaN
2,1,3,NaN
3,0,3,0.9719879793135208
2,1,3,NaN
1,2,3,NaN
1,2,3,NaN
1,2,3,NaN
2,1,3,NaN
1,2,3,NaN
2,1,3,0.9158013531976743
1,2,3,NaN
3,0,3,NaN
2,1,3,NaN
2,1,3,0.9509474090073529
2,1,3,0.20910819076120546
1,2,3,NaN
1,2,3,0.6311253596222562
1,2,3,NaN
3,0,3,NaN
2,1,3,NaN
3,0,3,NaN
3,0,3,NaN
3,0,3,NaN
1,2,3,0.5399991833128603
2,1,3,NaN
2,1,3,NaN
2,1,3,NaN
1,2,3,NaN
3,0,3,NaN
3,0,3,NaN
1,2,3,NaN
2,1,3,NaN
1,2,3,NaN
1,2,3,NaN
3,0,3,NaN
2,1,3,0.7106302897733945
2,1,3,NaN
3,0,3,NaN
3,0,3,0.18051831243523325
1,2,3,NaN
1,2,3,0.017959370146063955
2,1,3,NaN
3,0,3,0.5399991833128603
1,2,3,NaN
1,2,3,NaN
2,1,3,0.9409499775572661
3,0,3,NaN
1,2,3,NaN
2,1,3,0.05777681313131297
2,1,3,NaN
2,1,3,NaN
2,1,3,NaN
1,2,3,0.5399991833128603
3,0,3,NaN
3,0,3,NaN
1,2,3,0.31395395753854205
3,0,3,0.15551086269567715
3,0,3,NaN
2,1,3,NaN
3,0,3,0.027828197784382988
1,2,3,NaN
1,2,3,NaN
3,0,3,0.6311253596222562
2,1,3,0.5865178779178963
2,1,3,NaN
1,2,3,NaN
2,1,3,NaN
1,2,3,0.49517317979331793
2,1,3,0.6734037797783934
2,1,3,NaN
2,1,3,0.7741525432089743
3,0,3,NaN
2,1,3,0.11055576961722888
2,1,3,NaN
2,1,3,0.7436042216854737
1,2,3,0.13529944942497651
2,1,3,0.802297557591902
3,0,3,0.8257152214189352
3,0,3,0.021636380766360763
1,2,3,NaN
1,2,3,NaN
2,1,3,0.1187098235679931
2,1,3,NaN
3,0,3,NaN
3,0,3,NaN
1,2,3,0.3545890738916256
1,2,3,NaN
1,2,3,0.4479232155172413
1,2,3,NaN
3,0,3,NaN
3,0,3,NaN
1,2,3,0.802297557591902
1,2,3,NaN
2,1,3,NaN
3,0,3,NaN
1,2,3,NaN
2,1,3,NaN
3,0,3,NaN
3,0,3,NaN
2,1,3,NaN
3,0,3,NaN
3,0,3,NaN
1,2,3,NaN
2,1,3,NaN
2,1,3,NaN
2,1,3,NaN
1,2,3,NaN
2,1,3,NaN
2,1,3,NaN
1,2,3,NaN
2,1,3,NaN
2,1,3,NaN
3,0,3,NaN
2,1,3,NaN
2,1,3,0.9577800769943713
1,2,3,0.07730957836924375
1,2,3,0.03512452273667074
3,0,3,NaN
1,2,3,NaN
1,2,3,NaN
3,0,3,0.7741525432089743
2,1,3,NaN
3,0,3,NaN
3,0,3,0.8842791248293348
2,1,3,NaN
3,0,3,0.8673895283120647
1,2,3,NaN
3,0,3,0.004090871616932862
1,2,3,NaN
2,1,3,0.002840094987876644
3,0,3,NaN
2,1,3,NaN
3,0,3,NaN
1,2,3,0.9509474090073529
2,1,3,0.20910819076120546
2,1,3,NaN
3,0,3,NaN
1,2,3,0.18051831243523325
1,2,3,NaN
1,2,3,NaN
3,0,3,NaN
1,2,3,NaN
2,1,3,NaN
3,0,3,NaN
2,1,3,0.24057453370157497
3,0,3,NaN
3,0,3,NaN
3,0,3,NaN
1,2,3,0.012926942381561383
3,0,3,0.0009759234034622578
2,1,3,0.7106302897733945
3,0,3,NaN
1,2,3,0.7953430204665838
2,1,3,0.24057453370157497
2,1,3,NaN
3,0,3,0.09577108161711735
2,1,3,NaN
1,2,3,0.3545890738916256
2,1,3,0.3545890738916256
2,1,3,0.7741525432089743
2,1,3,0.18051831243523325
1,2,3,NaN
3,0,3,NaN
2,1,3,0.802297557591902
3,0,3,NaN
3,0,3,0.9961177419488393
1,2,3,NaN
1,2,3,NaN
3,0,3,NaN
2,1,3,NaN
2,1,3,NaN
1,2,3,NaN
1,2,3,NaN
1,2,3,NaN
1,2,3,NaN
3,0,3,NaN
1,2,3,NaN
2,1,3,0.6734037797783934
1,2,3,0.9158013531976743
3,0,3,NaN
1,2,3,NaN
3,0,3,NaN
3,0,3,NaN
2,1,3,NaN
3,0,3,0.8417993240596657
2,1,3,0.3599959390430551
2,1,3,0.847018481559038
1,2,3,NaN
1,2,3,NaN
2,1,3,NaN
1,2,3,NaN
1,2,3,NaN
2,1,3,NaN
1,2,3,0.000567223363696079
2,1,3,NaN
2,1,3,0.8673895283120647
2,1,3,NaN
2,1,3,NaN
1,2,3,NaN
3,0,3,NaN
1,2,3,NaN
1,2,3,NaN
2,1,3,0.9011477651240992
3,0,3,NaN
1,2,3,0.15681788281888331
3,0,3,NaN
2,1,3,NaN
1,2,3,NaN
1,2,3,0.1790214222081218
3,0,3,0.02097058734344152
3,0,3,0.004035589274791843
2,1,3,0.6734037797783934
3,0,3,NaN
3,0,3,0.57678490000659
2,1,3,0.7260562223871995
1,2,3,NaN
2,1,3,0.0493072847086405
3,0,3,0.06733047183748836
3,0,3,NaN
3,0,3,0.31395395753854205
2,1,3,NaN
2,1,3,NaN
1,2,3,NaN
1,2,3,NaN
2,1,3,NaN
1,2,3,NaN
2,1,3,0.31395395753854205
1,2,3,NaN
1,2,3,NaN
2,1,3,NaN
1,2,3,0.24057453370157497
3,0,3,0.8627964221715865
2,1,3,NaN
2,1,3,NaN
1,2,3,0.1187098235679931
2,1,3,NaN
2,1,3,0.20910819076120546
1,2,3,0.3545890738916256
2,1,3,0.802297557591902
2,1,3,NaN
1,2,3,NaN
2,1,3,0.18504179360171516
2,1,3,NaN
3,0,3,NaN
3,0,3,NaN
1,2,3,NaN
3,0,3,0.15898212493423974
1,2,3,NaN
2,1,3,NaN
3,0,3,NaN
1,2,3,NaN
3,0,3,0.3994536466045877
2,1,3,NaN
3,0,3,0.0889252594028693
3,0,3,NaN
1,2,3,NaN
1,2,3,0.8598814536924113
1,2,3,NaN
1,2,3,NaN
1,2,3,0.0929277163154861
3,0,3,NaN
2,1,3,NaN
2,1,3,NaN
2,1,3,0.802297557591902
3,0,3,NaN
3,0,3,0.0017831052631579714
2,1,3,NaN
1,2,3,0.9409499775572661
3,0,3,0.49517317979331793
2,1,3,NaN
3,0,3,NaN
2,1,3,0.6734037797783934
1,2,3,NaN
1,2,3,NaN
1,2,3,NaN
2,1,3,0.1328676958360231
1,2,3,NaN
2,1,3,NaN
2,1,3,NaN
3,0,3,NaN
2,1,3,0.18051831243523325
2,1,3,NaN
1,2,3,NaN
2,1,3,0.9676842886660223
3,0,3,NaN
2,1,3,NaN
1,2,3,0.9158013531976743
1,2,3,0.04698774571965217
3,0,3,NaN
2,1,3,NaN
1,2,3,NaN
1,2,3,NaN
3,0,3,NaN
1,2,3,NaN
1,2,3,NaN
1,2,3,0.24057453370157497
1,2,3,0.02097058734344152
2,1,3,0.3994536466045877
3,0,3,0.998907113782714
3,0,3,NaN
3,0,3,0.7106302897733945
1,2,3,NaN
3,0,3,NaN
3,0,3,0.27711952186670386
1,2,3,0.6734037797783934
1,2,3,NaN
1,2,3,0.027828197784382988
1,2,3,0.5865178779178963
3,0,3,NaN
3,0,3,NaN
2,1,3,NaN
1,2,3,NaN
2,1,3,0.18051831243523325
3,0,3,NaN
3,0,3,NaN
1,2,3,0.9409499775572661
3,0,3,0.7436042216854737
1,2,3,0.18051831243523325
2,1,3,0.8257152214189352
3,0,3,NaN
3,0,3,NaN
3,0,3,NaN
2,1,3,0.015565671711291711
3,0,3,0.6311253596222562
2,1,3,NaN
1,2,3,NaN
3,0,3,NaN
3,0,3,NaN
2,1,3,NaN
2,1,3,NaN
1,2,3,NaN
2,1,3,NaN
2,1,3,0.8842791248293348
3,0,3,0.802297557591902
3,0,3,NaN
1,2,3,NaN
1,2,3,NaN
2,1,3,0.802297557591902
2,1,3,NaN
3,0,3,NaN
3,0,3,0.802297557591902
1,2,3,NaN
2,1,3,NaN
2,1,3,NaN
1,2,3,0.004811988483686424
2,1,3,NaN
2,1,3,NaN
2,1,3,NaN
2,1,3,0.847018481559038
3,0,3,0.9604525435576103
2,1,3,0.20910819076120546
1,2,3,0.9364598905086755
3,0,3,NaN
3,0,3,0.18051831243523325
1,2,3,NaN
3,0,3,0.1022633479497511
3,0,3,0.6734037797783934
1,2,3,0.24057453370157497
2,1,3,NaN
3,0,3,0.3994536466045877
3,0,3,NaN
1,2,3,NaN
3,0,3,NaN
3,0,3,NaN
2,1,3,NaN
1,2,3,NaN
3,0,3,NaN
1,2,3,NaN
1,2,3,NaN
1,2,3,NaN
1,2,3,NaN
2,1,3,0.847018481559038
2,1,3,0.9676842886660223
3,0,3,NaN
2,1,3,NaN
1,2,3,0.060108892997541255
1,2,3,0.1022633479497511
1,2,3,NaN
1,2,3,0.35158382777517355
3,0,3,NaN
3,0,3,NaN
2,1,3,0.9029792239855736
3,0,3,NaN
1,2,3,NaN
2,1,3,0.6734037797783934
1,2,3,NaN
3,0,3,NaN
2,1,3,0.6311253596222562
1,2,3,0.0320862846643805
1,2,3,NaN
2,1,3,0.24057453370157497
1,2,3,NaN
1,2,3,0.05777681313131297
1,2,3,NaN
3,0,3,NaN
1,2,3,NaN
3,0,3,NaN
3,0,3,NaN
2,1,3,0.49517317979331793
1,2,3,0.6311253596222562
1,2,3,NaN
1,2,3,NaN
1,2,3,0.06733047183748836
1,2,3,0.1187098235679931
1,2,3,NaN
1,2,3,NaN
3,0,3,NaN
1,2,3,0.4146939252974596
2,1,3,0.802297557591902
1,2,3,0.9158013531976743
3,0,3,NaN
3,0,3,NaN
1,2,3,0.05777681313131297
3,0,3,NaN
1,2,3,NaN
2,1,3,NaN
3,0,3,NaN
2,1,3,NaN
1,2,3,NaN
1,2,3,NaN
2,1,3,NaN
2,1,3,NaN
1,2,3,NaN
1,2,3,NaN
3,0,3,NaN
3,0,3,0.802297557591902
2,1,3,0.847018481559038
3,0,3,NaN
1,2,3,NaN
1,2,3,NaN
1,2,3,0.31395395753854205
3,0,3,NaN
1,2,3,0.8673895283120647
2,1,3,NaN
3,0,3,NaN
2,1,3,0.18051831243523325
2,1,3,NaN
1,2,3,0.24057453370157497
1,2,3,NaN
2,1,3,0.6311253596222562
1,2,3,0.31395395753854205
1,2,3,NaN
1,2,3,NaN
1,2,3,0.7436042216854737
3,0,3,NaN
1,2,3,NaN
2,1,3,NaN
3,0,3,NaN
2,1,3,NaN
1,2,3,0.007549025419144898
3,0,3,0.24057453370157497
3,0,3,NaN
1,2,3,0.7741525432089743
1,2,3,0.6311253596222562
2,1,3,NaN
1,2,3,0.9893409295121445
1,2,3,NaN
2,1,3,NaN
2,1,3,0.32167621991195083
1,2,3,0.802297557591902
2,1,3,NaN
3,0,3,0.7106302897733945
1,2,3,0.8257152214189352
3,0,3,0.3545890738916256
3,0,3,0.5865178779178963
1,2,3,NaN
1,2,3,0.8842791248293348
2,1,3,0.6311253596222562
3,0,3,0.0066953015196840404
1,2,3,NaN
2,1,3,NaN
1,2,3,0.6311253596222562
1,2,3,0.9011477651240992
3,0,3,NaN
1,2,3,NaN
2,1,3,NaN
2,1,3,NaN
1,2,3,0.9364598905086755
2,1,3,0.3545890738916256
2,1,3,0.027828197784382988
3,0,3,0.06733047183748836
1,2,3,NaN
1,2,3,NaN
2,1,3,0.7741525432089743
3,0,3,NaN
2,1,3,0.802297557591902
2,1,3,NaN
2,1,3,NaN
2,1,3,NaN
1,2,3,NaN
3,0,3,0.7436042216854737
3,0,3,NaN
1,2,3,0.0889252594028693
2,1,3,NaN
1,2,3,0.8879026805064427
2,1,3,NaN
2,1,3,0.49517317979331793
3,0,3,NaN
1,2,3,NaN
1,2,3,NaN
3,0,3,0.8257152214189352
2,1,3,0.5865178779178963
1,2,3,NaN
1,2,3,0.8257152214189352
1,2,3,NaN
1,2,3,NaN
1,2,3,NaN
3,0,3,NaN
2,1,3,NaN
1,2,3,0.5865178779178963
3,0,3,NaN
2,1,3,NaN
1,2,3,NaN
1,2,3,NaN
2,1,3,NaN
2,1,3,NaN
3,0,3,NaN
1,2,3,NaN
2,1,3,0.03713138400000036
2,1,3,0.5981886935421257
3,0,3,0.802297557591902
1,2,3,NaN
1,2,3,NaN
2,1,3,NaN
1,2,3,NaN
2,1,3,NaN
1,2,3,0.802297557591902
2,1,3,0.3545890738916256
3,0,3,NaN
1,2,3,NaN
1,2,3,NaN
1,2,3,NaN
1,2,3,NaN
2,1,3,0.8842791248293348
1,2,3,NaN
2,1,3,NaN
2,1,3,NaN
1,2,3,NaN
3,0,3,0.9158013531976743
1,2,3,0.03713138400000036
3,0,3,NaN
1,2,3,NaN
3,0,3,0.1296325117579264
1,2,3,NaN
1,2,3,0.18051831243523325
2,1,3,0.31395395753854205
2,1,3,0.0889252594028693
2,1,3,0.7106302897733945
3,0,3,NaN
2,1,3,0.0320862846643805
1,2,3,NaN
3,0,3,NaN
2,1,3,NaN
3,0,3,NaN
2,1,3,NaN
2,1,3,0.3994536466045877
3,0,3,NaN
1,2,3,NaN
2,1,3,NaN
2,1,3,NaN
2,1,3,0.9858284791076382
3,0,3,NaN
2,1,3,NaN
2,1,3,NaN
3,0,3,0.20910819076120546
2,1,3,NaN
1,2,3,NaN
3,0,3,NaN
2,1,3,NaN
1,2,3,0.41718013456084124
2,1,3,NaN
1,2,3,NaN
2,1,3,0.8102844594619543
3,0,3,0.49517317979331793
1,2,3,NaN
3,0,3,NaN
1,2,3,NaN
2,1,3,NaN
2,1,3,NaN
1,2,3,NaN
1,2,3,NaN
3,0,3,0.3545890738916256
2,1,3,0.3994536466045877
3,0,3,NaN
1,2,3,0.07730957836924375
1,2,3,NaN
2,1,3,NaN
2,1,3,0.7106302897733945
1,2,3,0.18051831243523325
2,1,3,NaN
2,1,3,NaN
3,0,3,NaN
2,1,3,NaN
3,0,3,NaN
2,1,3,NaN
2,1,3,NaN
3,0,3,0.06733047183748836
3,0,3,0.20487207169471564
2,1,3,0.7741525432089743
3,0,3,NaN
2,1,3,NaN
1,2,3,NaN
2,1,3,NaN
3,0,3,NaN
1,2,3,NaN
2,1,3,NaN
1,2,3,NaN
1,2,3,0.3001821688532571
1,2,3,0.929018891880075
3,0,3,0.27711952186670386
2,1,3,NaN
1,2,3,NaN
1,2,3,NaN
2,1,3,0.0320862846643805
3,0,3,NaN
1,2,3,0.1022633479497511
1,2,3,0.5399991833128603
1,2,3,NaN
2,1,3,0.02097058734344152
3,0,3,NaN
2,1,3,NaN
3,0,3,0.6311253596222562
3,0,3,NaN
2,1,3,0.5825074678925727
1,2,3,NaN
1,2,3,0.13607587061668683
2,1,3,0.7436042216854737
2,1,3,0.6311253596222562
3,0,3,NaN
1,2,3,NaN
2,1,3,NaN
3,0,3,NaN
3,0,3,NaN
2,1,3,NaN
2,1,3,NaN
1,2,3,NaN
3,0,3,NaN
2,1,3,NaN
2,1,3,0.006020950430621317
1,2,3,0.29627996588188826
2,1,3,0.9509474090073529
3,0,3,0.24057453370157497
2,1,3,NaN
3,0,3,NaN
2,1,3,0.07453708639731435
1,2,3,NaN
2,1,3,NaN
3,0,3,NaN
1,2,3,NaN
1,2,3,0.20910819076120546
3,0,3,NaN
2,1,3,NaN
3,0,3,NaN
1,2,3,NaN
1,2,3,NaN
2,1,3,NaN
1,2,3,NaN
1,2,3,NaN
2,1,3,0.012926942381561383
1,2,3,NaN
2,1,3,NaN
3,0,3,0.27711952186670386
2,1,3,0.49517317979331793
1,2,3,0.8842791248293348
2,1,3,NaN
2,1,3,NaN
3,0,3,NaN
2,1,3,NaN
2,1,3,NaN
1,2,3,NaN
2,1,3,NaN
2,1,3,NaN
2,1,3,NaN
3,0,3,NaN
1,2,3,0.1022633479497511
1,2,3,NaN
1,2,3,0.6734037797783934
2,1,3,NaN
1,2,3,NaN
2,1,3,NaN
3,0,3,0.18051831243523325
1,2,3,NaN
2,1,3,NaN
2,1,3,NaN
1,2,3,NaN
1,2,3,0.049784193691201066
1,2,3,NaN
3,0,3,0.03713138400000036
3,0,3,NaN
1,2,3,NaN
1,2,3,NaN
3,0,3,0.03713138400000036
3,0,3,NaN
1,2,3,0.9850348700962308
2,1,3,NaN
3,0,3,NaN
2,1,3,0.8257152214189352
2,1,3,NaN
2,1,3,NaN
2,1,3,0.00014492015606881744
2,1,3,0.07730957836924375
2,1,3,0.7741525432089743
2,1,3,0.5399991833128603
3,0,3,0.4479232155172413
1,2,3,NaN
3,0,3,NaN
1,2,3,0.07730957836924375
1,2,3,0.847018481559038
1,2,3,NaN
3,0,3,NaN
2,1,3,NaN
1,2,3,NaN
3,0,3,NaN
3,0,3,NaN
3,0,3,NaN
2,1,3,NaN
2,1,3,NaN
2,1,3,0.07453708639731435
2,1,3,0.7436042216854737
3,0,3,NaN
3,0,3,NaN
2,1,3,NaN
3,0,3,0.05777681313131297
3,0,3,NaN
1,2,3,NaN
3,0,3,NaN
1,2,3,0.9746285957804892
3,0,3,NaN
1,2,3,0.13607587061668683
1,2,3,NaN
3,0,3,0.7106302897733945
2,1,3,0.5399991833128603
2,1,3,0.7436042216854737
2,1,3,NaN
1,2,3,0.24057453370157497
1,2,3,0.7065243553936503
2,1,3,NaN
3,0,3,NaN
1,2,3,0.13607587061668683
1,2,3,NaN
3,0,3,0.5399991833128603
3,0,3,NaN
3,0,3,NaN
2,1,3,0.5865178779178963
1,2,3,NaN
3,0,3,0.10602778376816617
2,1,3,0.1187098235679931
1,2,3,0.7106302897733945
1,2,3,0.18051831243523325
1,2,3,0.15681788281888331
2,1,3,0.6311253596222562
2,1,3,NaN
1,2,3,NaN
2,1,3,NaN
1,2,3,NaN
2,1,3,NaN
2,1,3,0.49517317979331793
1,2,3,NaN
3,0,3,NaN
1,2,3,0.3994536466045877
3,0,3,0.3545890738916256
2,1,3,NaN
2,1,3,0.1022633479497511
2,1,3,0.5157098989684885
1,2,3,0.002900738642695365
2,1,3,NaN
3,0,3,0.8673895283120647
1,2,3,0.615421315423315
3,0,3,0.0889252594028693
2,1,3,NaN
2,1,3,NaN
3,0,3,0.1187098235679931
1,2,3,0.27711952186670386
2,1,3,NaN
2,1,3,NaN
2,1,3,NaN
1,2,3,0.1187098235679931
2,1,3,0.7436042216854737
3,0,3,0.27711952186670386
3,0,3,NaN
2,1,3,0.8744255981088084
2,1,3,NaN
1,2,3,0.15681788281888331
3,0,3,0.07730957836924375
2,1,3,0.7741525432089743
3,0,3,0.07730957836924375
3,0,3,NaN
2,1,3,NaN
2,1,3,0.929018891880075
3,0,3,0.7436042216854737
3,0,3,0.847018481559038
1,2,3,NaN
1,2,3,NaN
1,2,3,NaN
1,2,3,0.13607587061668683
1,2,3,0.1575898693202231
1,2,3,NaN
1,2,3,0.24057453370157497
1,2,3,0.7106302897733945
1,2,3,NaN
2,1,3,0.18051831243523325
2,1,3,0.49517317979331793
1,2,3,0.5865178779178963
1,2,3,NaN
2,1,3,0.04284062892133536
1,2,3,0.5399991833128603
1,2,3,0.3994536466045877
3,0,3,NaN
3,0,3,0.7106302897733945
1,2,3,0.007549025419144898
2,1,3,0.18051831243523325
1,2,3,NaN
2,1,3,NaN
3,0,3,NaN
1,2,3,NaN
1,2,3,0.02097058734344152
1,2,3,NaN
1,2,3,NaN
1,2,3,NaN
1,2,3,0.3545890738916256
2,1,3,NaN
1,2,3,0.07730957836924375
2,1,3,NaN
2,1,3,0.7348554722054095
2,1,3,NaN
1,2,3,0.4969744917141452
1,2,3,0.007549025419144898
2,1,3,NaN
1,2,3,NaN
2,1,3,NaN
1,2,3,NaN
1,2,3,NaN
1,2,3,NaN
1,2,3,0.27711952186670386
3,0,3,0.0889252594028693
1,2,3,NaN
1,2,3,NaN
1,2,3,0.847018481559038
1,2,3,NaN
2,1,3,NaN
2,1,3,0.31395395753854205
1,2,3,NaN
3,0,3,NaN
3,0,3,NaN
1,2,3,0.049784193691201066
1,2,3,NaN
1,2,3,NaN
2,1,3,0.7741525432089743
2,1,3,NaN
1,2,3,0.6734037797783934
3,0,3,NaN
2,1,3,NaN
2,1,3,NaN
3,0,3,0.03713138400000036
2,1,3,NaN
1,2,3,NaN
2,1,3,0.7741525432089743
1,2,3,NaN
2,1,3,0.5399991833128603
3,0,3,NaN
1,2,3,0.9746285957804892
1,2,3,NaN
1,2,3,0.9353025756236214
1,2,3,0.6311253596222562
3,0,3,0.4479232155172413
1,2,3,NaN
1,2,3,0.7436042216854737
1,2,3,0.033039731112522466
2,1,3,0.4479232155172413
2,1,3,NaN
1,2,3,0.0982799400114692
1,2,3,0.04284062892133536
2,1,3,NaN
1,2,3,0.6734037797783934
1,2,3,NaN
1,2,3,NaN
2,1,3,NaN
1,2,3,0.0033040285071258535
2,1,3,NaN
2,1,3,0.977726812887067
1,2,3,NaN
2,1,3,0.1187098235679931
1,2,3,0.3545890738916256
1,2,3,0.4479232155172413
3,0,3,NaN
1,2,3,NaN
2,1,3,NaN
3,0,3,NaN
2,1,3,0.6734037797783934
1,2,3,NaN
1,2,3,NaN
2,1,3,NaN
2,1,3,NaN
1,2,3,NaN
2,1,3,0.8257152214189352
1,2,3,0.9509474090073529
2,1,3,NaN
1,2,3,NaN
1,2,3,0.8673895283120647
1,2,3,0.18051831243523325
1,2,3,NaN
2,1,3,0.49517317979331793
1,2,3,NaN
2,1,3,NaN
1,2,3,NaN
2,1,3,NaN
1,2,3,0.0751066318007664
1,2,3,0.1453935225825917
2,1,3,0.0017831052631579714
2,1,3,NaN
1,2,3,0.18051831243523325
1,2,3,NaN
2,1,3,NaN
1,2,3,0.3210958180101993
1,2,3,0.847018481559038
3,0,3,NaN
2,1,3,NaN
2,1,3,0.16238159418371798
1,2,3,NaN
2,1,3,NaN
2,1,3,0.3994536466045877
2,1,3,0.7106302897733945
1,2,3,NaN
1,2,3,0.8673895283120647
3,0,3,0.11162084060107025
2,1,3,NaN
3,0,3,0.3994536466045877
2,1,3,NaN
1,2,3,0.847018481559038
2,1,3,NaN
3,0,3,NaN
2,1,3,NaN
1,2,3,0.016395913452659068
1,2,3,NaN
2,1,3,0.5865178779178963
2,1,3,NaN
2,1,3,NaN
1,2,3,0.7741525432089743
1,2,3,NaN
1,2,3,0.0004450465484970372
3,0,3,NaN
1,2,3,0.07730957836924375
1,2,3,NaN
1,2,3,NaN
3,0,3,NaN
1,2,3,0.15681788281888331
3,0,3,NaN
2,1,3,NaN
2,1,3,0.31395395753854205
1,2,3,0.4479232155172413
3,0,3,0.15681788281888331
2,1,3,NaN
1,2,3,0.5865178779178963
2,1,3,NaN
1,2,3,NaN
1,2,3,0.49517317979331793
2,1,3,NaN
1,2,3,NaN
1,2,3,0.802297557591902
1,2,3,NaN
2,1,3,NaN
3,0,3,NaN
2,1,3,0.802297557591902
2,1,3,NaN
2,1,3,0.9604525435576103
2,1,3,0.012926942381561383
1,2,3,0.49517317979331793
1,2,3,NaN
3,0,3,NaN
3,0,3,0.865072244361164
1,2,3,NaN
3,0,3,NaN
2,1,3,NaN
2,1,3,0.6734037797783934
3,0,3,NaN
2,1,3,NaN
2,1,3,0.1187098235679931
1,2,3,NaN
1,2,3,NaN
2,1,3,0.3545890738916256
3,0,3,NaN
2,1,3,NaN
2,1,3,0.07730957836924375
3,0,3,0.05777681313131297
2,1,3,NaN
3,0,3,NaN
3,0,3,0.24057453370157497
1,2,3,0.8673895283120647
1,2,3,NaN
3,0,3,NaN
2,1,3,0.07730957836924375
2,1,3,0.17206328417746
1,2,3,0.5399991833128603
2,1,3,0.15681788281888331
1,2,3,0.4479232155172413
1,2,3,NaN
1,2,3,NaN
3,0,3,0.5399991833128603
1,2,3,NaN
1,2,3,NaN
2,1,3,0.49517317979331793
2,1,3,NaN
1,2,3,NaN
3,0,3,NaN
1,2,3,0.27711952186670386
1,2,3,0.15681788281888331
1,2,3,NaN
1,2,3,0.5399991833128603
1,2,3,NaN
1,2,3,0.6311253596222562
3,0,3,NaN
1,2,3,NaN
1,2,3,0.8257152214189352
1,2,3,NaN
1,2,3,NaN
2,1,3,0.1022633479497511
1,2,3,NaN
1,2,3,NaN
3,0,3,NaN
1,2,3,NaN
1,2,3,NaN
1,2,3,NaN
1,2,3,NaN
2,1,3,0.7436042216854737
2,1,3,NaN
2,1,3,0.18051831243523325
1,2,3,NaN
3,0,3,NaN
1,2,3,NaN
1,2,3,0.802297557591902
1,2,3,0.5399991833128603
2,1,3,NaN
1,2,3,NaN
2,1,3,NaN
1,2,3,NaN
1,2,3,0.7106302897733945
2,1,3,NaN
1,2,3,0.0889252594028693
2,1,3,NaN
3,0,3,0.9961177419488393
2,1,3,0.27711952186670386
2,1,3,NaN
1,2,3,NaN
1,2,3,0.8673895283120647
1,2,3,NaN
1,2,3,0.5399991833128603
1,2,3,0.8842791248293348
1,2,3,0.03713138400000036
1,2,3,0.02097058734344152
1,2,3,NaN
1,2,3,0.1187098235679931
1,2,3,NaN
2,1,3,NaN
2,1,3,NaN
2,1,3,0.5399991833128603
3,0,3,NaN
1,2,3,0.27711952186670386
2,1,3,0.7741525432089743
3,0,3,0.8673895283120647
1,2,3,0.17723353778692402
1,2,3,NaN
2,1,3,NaN
2,1,3,NaN
1,2,3,NaN
2,1,3,0.13607587061668683
2,1,3,NaN
1,2,3,NaN
2,1,3,NaN
2,1,3,NaN
1,2,3,0.8257152214189352
2,1,3,NaN
2,1,3,NaN
1,2,3,0.31395395753854205
1,2,3,0.5399991833128603
3,0,3,NaN
2,1,3,0.0320862846643805
1,2,3,NaN
1,2,3,NaN
2,1,3,NaN
3,0,3,NaN
2,1,3,NaN
3,0,3,NaN
1,2,3,NaN
1,2,3,NaN
2,1,3,NaN
2,1,3,NaN
2,1,3,0.9409499775572661
2,1,3,NaN
2,1,3,NaN
2,1,3,NaN
2,1,3,NaN
1,2,3,0.929018891880075
2,1,3,0.7436042216854737
1,2,3,NaN
2,1,3,NaN
2,1,3,0.1022633479497511
1,2,3,0.06733047183748836
2,1,3,NaN
1,2,3,0.776040437978274
2,1,3,NaN
3,0,3,0.31395395753854205
3,0,3,NaN
1,2,3,0.7106302897733945
1,2,3,NaN
2,1,3,0.9676842886660223
2,1,3,0.4479232155172413
1,2,3,NaN
1,2,3,0.03713138400000036
1,2,3,NaN
1,2,3,NaN
2,1,3,NaN
1,2,3,NaN
3,0,3,NaN
3,0,3,0.15118888737681557
1,2,3,NaN
2,1,3,NaN
1,2,3,0.6734037797783934
1,2,3,0.006139331426985007
1,2,3,NaN
3,0,3,NaN
1,2,3,NaN
1,2,3,0.1187098235679931
2,1,3,NaN
2,1,3,NaN
1,2,3,NaN
1,2,3,NaN
1,2,3,NaN
2,1,3,NaN
2,1,3,0.6734037797783934
1,2,3,0.8073734646694097
1,2,3,0.5399991833128603
1,2,3,NaN
1,2,3,NaN
3,0,3,0.9158013531976743
1,2,3,NaN
3,0,3,0.027828197784382988
2,1,3,NaN
1,2,3,0.7436042216854737
1,2,3,0.3994536466045877
2,1,3,NaN
3,0,3,NaN
1,2,3,NaN
1,2,3,NaN
1,2,3,NaN
3,0,3,NaN
2,1,3,NaN
3,0,3,0.7106302897733945
1,2,3,0.5865178779178963
2,1,3,0.8673895283120647
1,2,3,0.49517317979331793
1,2,3,NaN
1,2,3,NaN
3,0,3,NaN
1,2,3,0.7436042216854737
2,1,3,NaN
2,1,3,0.49517317979331793
2,1,3,NaN
1,2,3,0.18051831243523325
1,2,3,NaN
1,2,3,NaN
1,2,3,0.027828197784382988
1,2,3,0.49517317979331793
1,2,3,NaN
1,2,3,NaN
1,2,3,NaN
1,2,3,NaN
2,1,3,NaN
2,1,3,NaN
1,2,3,0.8257152214189352
1,2,3,NaN
3,0,3,NaN
1,2,3,NaN
2,1,3,0.9850348700962308
1,2,3,NaN
2,1,3,0.5399991833128603
2,1,3,NaN
3,0,3,0.18051831243523325
3,0,3,NaN
2,1,3,NaN
1,2,3,NaN
1,2,3,NaN
1,2,3,NaN
1,2,3,NaN
2,1,3,NaN
1,2,3,0.31395395753854205
3,0,3,NaN
2,1,3,0.7106302897733945
1,2,3,NaN
1,2,3,0.002098504294356433
2,1,3,0.7741525432089743
1,2,3,NaN
1,2,3,NaN
1,2,3,NaN
2,1,3,0.029248184860027747
3,0,3,NaN
2,1,3,NaN
1,2,3,0.7106302897733945
3,0,3,0.20910819076120546
1,2,3,0.6534680885730391
1,2,3,0.1022633479497511
1,2,3,0.9509474090073529
1,2,3,NaN
1,2,3,NaN
3,0,3,NaN
3,0,3,NaN
3,0,3,NaN
2,1,3,NaN
3,0,3,NaN
3,0,3,NaN
1,2,3,0.5865178779178963
2,1,3,NaN
1,2,3,NaN
2,1,3,0.4479232155172413
1,2,3,NaN
1,2,3,NaN
2,1,3,NaN
3,0,3,NaN
1,2,3,NaN
1,2,3,0.6734037797783934
3,0,3,NaN
1,2,3,NaN
1,2,3,NaN
3,0,3,0.13607587061668683
3,0,3,NaN
1,2,3,NaN
1,2,3,NaN
2,1,3,NaN
1,2,3,NaN
2,1,3,NaN
2,1,3,NaN
1,2,3,NaN
1,2,3,0.9746285957804892
1,2,3,0.6734037797783934
3,0,3,0.49517317979331793
1,2,3,0.4479232155172413
1,2,3,NaN
3,0,3,NaN
1,2,3,NaN
2,1,3,NaN
1,2,3,NaN
2,1,3,NaN
2,1,3,NaN
2,1,3,NaN
1,2,3,0.7106302897733945
2,1,3,NaN
3,0,3,NaN
2,1,3,NaN
1,2,3,NaN
1,2,3,NaN
2,1,3,0.8673895283120647
1,2,3,0.49517317979331793
2,1,3,NaN
2,1,3,NaN
1,2,3,NaN
1,2,3,NaN
1,2,3,NaN
2,1,3,NaN
1,2,3,NaN
1,2,3,0.49517317979331793
3,0,3,NaN
3,0,3,NaN
2,1,3,0.31395395753854205
1,2,3,0.6311253596222562
1,2,3,NaN
2,1,3,NaN
1,2,3,NaN
2,1,3,0.8842791248293348
1,2,3,NaN
1,2,3,0.7106302897733945
1,2,3,NaN
1,2,3,0.8257152214189352
1,2,3,NaN
1,2,3,0.49517317979331793
1,2,3,0.9604525435576103
2,1,3,NaN
2,1,3,0.4479232155172413
2,1,3,0.5399991833128603
1,2,3,0.847018481559038
2,1,3,0.5399991833128603
3,0,3,0.9509474090073529
3,0,3,0.20910819076120546
1,2,3,0.04284062892133536
1,2,3,0.6924461258303694
1,2,3,0.005134792831910555
2,1,3,0.20910819076120546
3,0,3,NaN
2,1,3,NaN
1,2,3,NaN
1,2,3,NaN
1,2,3,NaN
1,2,3,0.31395395753854205
1,2,3,NaN
1,2,3,0.7436042216854737
1,2,3,NaN
2,1,3,0.9676842886660223
3,0,3,NaN
1,2,3,0.1022633479497511
3,0,3,NaN
3,0,3,NaN
2,1,3,0.00760369138480233
2,1,3,NaN
2,1,3,0.5865178779178963
2,1,3,0.4479232155172413
1,2,3,0.01359631346573227
1,2,3,NaN
3,0,3,0.03713138400000036
1,2,3,NaN
2,1,3,NaN
1,2,3,NaN
1,2,3,NaN
3,0,3,NaN
1,2,3,0.27711952186670386
2,1,3,0.11920166766523829
1,2,3,NaN
2,1,3,0.4806318009997935
1,2,3,NaN
3,0,3,0.0320862846643805
1,2,3,0.04284062892133536
1,2,3,NaN
1,2,3,NaN
1,2,3,NaN
2,1,3,NaN
1,2,3,NaN
1,2,3,NaN
2,1,3,NaN
1,2,3,NaN
2,1,3,NaN
1,2,3,0.15594870895557103
1,2,3,NaN
2,1,3,NaN
3,0,3,NaN
3,0,3,0.0889252594028693
1,2,3,NaN
3,0,3,NaN
2,1,3,NaN
3,0,3,NaN
2,1,3,0.1187098235679931
1,2,3,NaN
2,1,3,NaN
1,2,3,0.13607587061668683
1,2,3,0.31395395753854205
2,1,3,NaN
1,2,3,0.5399991833128603
2,1,3,NaN
1,2,3,NaN
1,2,3,NaN
1,2,3,0.3994536466045877
1,2,3,NaN
2,1,3,0.929018891880075
1,2,3,NaN
3,0,3,0.802297557591902
2,1,3,NaN
3,0,3,NaN
2,1,3,NaN
3,0,3,NaN
2,1,3,NaN
1,2,3,NaN
1,2,3,NaN
2,1,3,NaN
2,1,3,NaN
3,0,3,NaN
1,2,3,NaN
3,0,3,NaN
2,1,3,NaN
3,0,3,NaN
1,2,3,NaN
1,2,3,NaN
1,2,3,NaN
1,2,3,NaN
3,0,3,NaN
3,0,3,NaN
2,1,3,0.017959370146063955
2,1,3,NaN
1,2,3,NaN
1,2,3,0.9604525435576103
2,1,3,NaN
1,2,3,NaN
1,2,3,NaN
1,2,3,0.8842791248293348
2,1,3,NaN
2,1,3,NaN
3,0,3,NaN
2,1,3,NaN
3,0,3,NaN
1,2,3,NaN
1,2,3,NaN
2,1,3,NaN
1,2,3,NaN
2,1,3,0.49517317979331793
2,1,3,0.4479232155172413
2,1,3,NaN
1,2,3,0.31395395753854205
1,2,3,0.802297557591902
3,0,3,NaN
1,2,3,NaN
1,2,3,0.0027711772253420815
1,2,3,NaN
2,1,3,0.3994536466045877
1,2,3,NaN
2,1,3,NaN
1,2,3,NaN
2,1,3,0.6734037797783934
1,2,3,0.02097058734344152
3,0,3,NaN
1,2,3,0.06733047183748836
2,1,3,0.6311253596222562
2,1,3,NaN
3,0,3,0.9409499775572661
1,2,3,NaN
1,2,3,NaN
1,2,3,NaN
1,2,3,NaN
2,1,3,NaN
1,2,3,NaN
1,2,3,NaN
3,0,3,NaN
2,1,3,0.20910819076120546
1,2,3,0.9011477651240992
1,2,3,0.1187098235679931
3,0,3,NaN
1,2,3,NaN
1,2,3,NaN
1,2,3,NaN
1,2,3,NaN
1,2,3,NaN
2,1,3,NaN
1,2,3,NaN
1,2,3,0.03713138400000036
1,2,3,NaN
1,2,3,0.7436042216854737
1,2,3,NaN
1,2,3,NaN
3,0,3,NaN
1,2,3,NaN
2,1,3,NaN
1,2,3,NaN
1,2,3,0.1187098235679931
1,2,3,NaN
1,2,3,NaN
2,1,3,NaN
1,2,3,NaN
2,1,3,0.15681788281888331
2,1,3,0.9604525435576103
3,0,3,NaN
1,2,3,0.8362636169400975
1,2,3,0.8257152214189352
1,2,3,NaN
2,1,3,NaN
2,1,3,0.1187098235679931
1,2,3,NaN
3,0,3,NaN
1,2,3,NaN
1,2,3,0.5399991833128603
1,2,3,NaN
2,1,3,0.7741525432089743
1,2,3,NaN
1,2,3,0.17659902439080313
3,0,3,NaN
1,2,3,NaN
1,2,3,NaN
1,2,3,0.0889252594028693
1,2,3,0.8417993240596657
3,0,3,NaN
1,2,3,NaN
1,2,3,NaN
2,1,3,NaN
1,2,3,NaN
1,2,3,NaN
2,1,3,NaN
1,2,3,NaN
1,2,3,NaN
2,1,3,NaN
3,0,3,NaN
2,1,3,NaN
1,2,3,NaN
1,2,3,NaN
2,1,3,NaN
1,2,3,NaN
2,1,3,NaN
1,2,3,NaN
2,1,3,NaN
1,2,3,NaN
1,2,3,NaN
2,1,3,NaN
2,1,3,NaN
3,0,3,NaN
1,2,3,NaN
1,2,3,NaN
2,1,3,0.7741525432089743
1,2,3,0.49517317979331793
1,2,3,NaN
1,2,3,NaN
1,2,3,NaN
2,1,3,NaN
3,0,3,0.483882005080547
1,2,3,NaN
1,2,3,NaN
1,2,3,NaN
1,2,3,0.5399991833128603
1,2,3,NaN
1,2,3,NaN
2,1,3,0.15681788281888331
2,1,3,0.929018891880075
1,2,3,NaN
2,1,3,0.1022633479497511
2,1,3,NaN
1,2,3,NaN
1,2,3,NaN
2,1,3,0.5865178779178963
1,2,3,NaN
1,2,3,0.7436042216854737
2,1,3,NaN
1,2,3,0.24057453370157497
1,2,3,NaN
1,2,3,NaN
2,1,3,NaN
1,2,3,0.929018891880075
3,0,3,NaN
1,2,3,NaN
1,2,3,NaN
2,1,3,0.0889252594028693
2,1,3,0.846082950202594
1,2,3,NaN
1,2,3,NaN
1,2,3,NaN
1,2,3,NaN
1,2,3,NaN
2,1,3,NaN
1,2,3,0.3994536466045877
1,2,3,NaN
1,2,3,NaN
1,2,3,NaN
1,2,3,NaN
2,1,3,NaN
2,1,3,NaN
2,1,3,0.0320862846643805
2,1,3,0.847018481559038
3,0,3,NaN
2,1,3,0.3994536466045877
2,1,3,0.5865178779178963
1,2,3,NaN
1,2,3,NaN
3,0,3,0.5865178779178963
1,2,3,NaN
1,2,3,NaN
2,1,3,NaN
1,2,3,0.4479232155172413
1,2,3,0.6734037797783934
1,2,3,0.0889252594028693
1,2,3,0.027828197784382988
1,2,3,NaN
3,0,3,NaN
3,0,3,0.7106302897733945
1,2,3,0.0320862846643805
1,2,3,NaN
2,1,3,NaN
1,2,3,0.15681788281888331
3,0,3,0.47150313772546426
1,2,3,NaN
1,2,3,NaN
1,2,3,NaN
1,2,3,0.929018891880075
2,1,3,NaN
1,2,3,NaN
1,2,3,NaN
2,1,3,NaN
1,2,3,0.9509474090073529
3,0,3,NaN
2,1,3,NaN
1,2,3,NaN
1,2,3,NaN
1,2,3,NaN
1,2,3,NaN
3,0,3,0.9011477651240992
2,1,3,NaN
3,0,3,NaN
1,2,3,NaN
2,1,3,0.31395395753854205
1,2,3,NaN
2,1,3,NaN
1,2,3,0.5865178779178963
1,2,3,NaN
2,1,3,0.8257152214189352
1,2,3,NaN
3,0,3,NaN
1,2,3,0.8842791248293348
2,1,3,0.0014609629426457942
1,2,3,NaN
1,2,3,0.15681788281888331
2,1,3,NaN
1,2,3,0.06733047183748836
2,1,3,NaN
1,2,3,0.7436042216854737
2,1,3,0.027828197784382988
1,2,3,0.029745200969981015
1,2,3,NaN
2,1,3,NaN
1,2,3,NaN
1,2,3,0.004485186675011718
3,0,3,0.1022633479497511
1,2,3,NaN
2,1,3,0.15681788281888331
1,2,3,0.49517317979331793
2,1,3,NaN
1,2,3,0.20910819076120546
1,2,3,NaN
1,2,3,NaN
1,2,3,0.802297557591902
1,2,3,0.24057453370157497
1,2,3,NaN
2,1,3,NaN
1,2,3,0.009138191808191554
1,2,3,0.929018891880075
1,2,3,0.03713138400000036
2,1,3,NaN
1,2,3,NaN
1,2,3,0.0320862846643805
3,0,3,NaN
2,1,3,NaN
1,2,3,0.1022633479497511
1,2,3,NaN
1,2,3,0.7003579549842387
1,2,3,0.007549025419144898
1,2,3,NaN
1,2,3,NaN
1,2,3,NaN
3,0,3,NaN
1,2,3,NaN
2,1,3,NaN
2,1,3,NaN
2,1,3,NaN
1,2,3,NaN
2,1,3,0.4479232155172413
2,1,3,0.012926942381561383
2,1,3,0.8842791248293348
2,1,3,NaN
2,1,3,NaN
1,2,3,NaN
1,2,3,NaN
1,2,3,0.3994536466045877
1,2,3,0.847018481559038
2,1,3,NaN
1,2,3,NaN
1,2,3,NaN
1,2,3,NaN
1,2,3,NaN
3,0,3,NaN
1,2,3,NaN
2,1,3,0.3545890738916256
1,2,3,NaN
1,2,3,NaN
1,2,3,NaN
1,2,3,NaN
1,2,3,NaN
1,2,3,0.027828197784382988
1,2,3,NaN
1,2,3,NaN
1,2,3,0.3545890738916256
2,1,3,0.1022633479497511
1,2,3,0.24057453370157497
3,0,3,NaN
1,2,3,NaN
2,1,3,NaN
2,1,3,NaN
1,2,3,0.18051831243523325
1,2,3,0.07730957836924375
1,2,3,NaN
2,1,3,NaN
1,2,3,0.017959370146063955
3,0,3,0.49517317979331793
1,2,3,0.0889252594028693
3,0,3,NaN
1,2,3,NaN
2,1,3,0.18051831243523325
1,2,3,NaN
2,1,3,NaN
2,1,3,0.24057453370157497
3,0,3,NaN
1,2,3,NaN
3,0,3,NaN
3,0,3,0.0032919388531211543
1,2,3,NaN
3,0,3,NaN
1,2,3,NaN
1,2,3,NaN
2,1,3,NaN
2,1,3,NaN
1,2,3,0.3994536466045877
2,1,3,0.5399991833128603
2,1,3,0.6311253596222562
1,2,3,NaN
1,2,3,NaN
1,2,3,NaN
1,2,3,0.5399991833128603
2,1,3,NaN
1,2,3,NaN
3,0,3,NaN
2,1,3,NaN
1,2,3,0.9604525435576103
1,2,3,NaN
1,2,3,NaN
2,1,3,NaN
1,2,3,NaN
2,1,3,NaN
2,1,3,NaN
1,2,3,NaN
2,1,3,0.27711952186670386
1,2,3,0.802297557591902
1,2,3,NaN
2,1,3,NaN
1,2,3,0.4479232155172413
1,2,3,NaN
1,2,3,0.6734037797783934
1,2,3,NaN
1,2,3,NaN
2,1,3,NaN
1,2,3,NaN
1,2,3,NaN
1,2,3,NaN
3,0,3,NaN
1,2,3,NaN
2,1,3,0.3545890738916256
1,2,3,NaN
1,2,3,0.05237091657628893
1,2,3,0.15551086269567715
1,2,3,NaN
2,1,3,NaN
1,2,3,NaN
2,1,3,NaN
3,0,3,NaN
1,2,3,0.8673895283120647
1,2,3,0.24057453370157497
2,1,3,NaN
1,2,3,NaN
1,2,3,NaN
2,1,3,NaN
1,2,3,NaN
1,2,3,NaN
1,2,3,NaN
1,2,3,NaN
1,2,3,NaN
1,2,3,NaN
2,1,3,NaN
1,2,3,NaN
1,2,3,NaN
2,1,3,NaN
2,1,3,0.847018481559038
1,2,3,NaN
2,1,3,NaN
1,2,3,NaN
3,0,3,NaN
1,2,3,NaN
2,1,3,NaN
1,2,3,0.05324918442952741
1,2,3,0.6311253596222562
1,2,3,NaN
1,2,3,0.5399991833128603
1,2,3,NaN
1,2,3,NaN
1,2,3,NaN
3,0,3,NaN
2,1,3,0.9676842886660223
1,2,3,NaN
3,0,3,0.847018481559038
2,1,3,NaN
1,2,3,NaN
1,2,3,NaN
1,2,3,NaN
1,2,3,0.33633274787078044
2,1,3,NaN
1,2,3,NaN
2,1,3,NaN
1,2,3,NaN
2,1,3,NaN
1,2,3,0.04236152492857161
1,2,3,NaN
3,0,3,NaN
1,2,3,NaN
2,1,3,NaN
1,2,3,0.5865178779178963
1,2,3,NaN
2,1,3,0.9419314738934689
1,2,3,NaN
1,2,3,NaN
1,2,3,0.07730957836924375
1,2,3,0.03713138400000036
3,0,3,0.04284062892133536
1,2,3,NaN
1,2,3,0.6311253596222562
1,2,3,NaN
1,2,3,0.8673895283120647
1,2,3,NaN
1,2,3,NaN
1,2,3,NaN
1,2,3,0.049784193691201066
1,2,3,NaN
1,2,3,0.15681788281888331
2,1,3,0.5399991833128603
1,2,3,0.31395395753854205
1,2,3,0.4479232155172413
2,1,3,NaN
1,2,3,0.802297557591902
1,2,3,0.8257152214189352
2,1,3,NaN
1,2,3,0.8673895283120647
1,2,3,NaN
1,2,3,NaN
1,2,3,NaN
3,0,3,0.802297557591902
1,2,3,0.8842791248293348
1,2,3,NaN
3,0,3,NaN
1,2,3,0.24057453370157497
1,2,3,0.49517317979331793
1,2,3,NaN
1,2,3,0.6311253596222562
2,1,3,0.002485706393706066
3,0,3,NaN
2,1,3,NaN
1,2,3,NaN
2,1,3,NaN
3,0,3,NaN
1,2,3,NaN
1,2,3,0.847018481559038
2,1,3,0.9893409295121445
2,1,3,NaN
1,2,3,0.5399991833128603
1,2,3,0.06733047183748836
2,1,3,NaN
1,2,3,NaN
2,1,3,0.1022633479497511
2,1,3,NaN
1,2,3,0.1972644552091674
1,2,3,NaN
1,2,3,0.7436042216854737
1,2,3,NaN
2,1,3,0.7436042216854737
3,0,3,NaN
2,1,3,0.6311253596222562
1,2,3,NaN
2,1,3,NaN
1,2,3,0.6734037797783934
1,2,3,0.8257152214189352
1,2,3,NaN
2,1,3,NaN
1,2,3,NaN
2,1,3,NaN
1,2,3,NaN
3,0,3,0.1187098235679931
1,2,3,0.6734037797783934
1,2,3,NaN
2,1,3,0.31395395753854205
1,2,3,0.8257152214189352
2,1,3,NaN
1,2,3,0.06733047183748836
2,1,3,0.009138191808191554
2,1,3,NaN
1,2,3,0.5865178779178963
2,1,3,0.007549025419144898
1,2,3,0.5865178779178963
1,2,3,NaN
1,2,3,NaN
1,2,3,NaN
1,2,3,0.1187098235679931
1,2,3,0.929018891880075
1,2,3,0.5865178779178963
1,2,3,NaN
2,1,3,NaN
1,2,3,0.18051831243523325
2,1,3,0.07730957836924375
1,2,3,0.15681788281888331
1,2,3,0.06733047183748836
1,2,3,NaN
1,2,3,0.20910819076120546
1,2,3,NaN
1,2,3,NaN
1,2,3,0.8842791248293348
2,1,3,NaN
3,0,3,NaN
1,2,3,0.0006835948717715585
2,1,3,NaN
1,2,3,NaN
2,1,3,0.847018481559038
1,2,3,0.41718013456084124
2,1,3,NaN
2,1,3,NaN
1,2,3,NaN
2,1,3,NaN
1,2,3,NaN
1,2,3,0.5399991833128603
2,1,3,NaN
1,2,3,NaN
2,1,3,NaN
1,2,3,0.24057453370157497
1,2,3,NaN
1,2,3,0.4479232155172413
2,1,3,NaN
1,2,3,NaN
2,1,3,0.1187098235679931
2,1,3,0.20910819076120546
1,2,3,0.4479232155172413
1,2,3,0.20910819076120546
1,2,3,0.847018481559038
1,2,3,0.6734037797783934
1,2,3,0.5865178779178963
1,2,3,NaN
2,1,3,NaN
1,2,3,0.027828197784382988
1,2,3,0.3545890738916256
1,2,3,NaN
1,2,3,NaN
1,2,3,0.017959370146063955
1,2,3,NaN
1,2,3,NaN
1,2,3,NaN
2,1,3,NaN
3,0,3,NaN
2,1,3,0.20910819076120546
1,2,3,0.31395395753854205
1,2,3,0.7741525432089743
1,2,3,NaN
1,2,3,0.7741525432089743
1,2,3,0.012926942381561383
1,2,3,NaN
1,2,3,0.027828197784382988
1,2,3,NaN
2,1,3,NaN
1,2,3,0.18051831243523325
1,2,3,NaN
1,2,3,NaN
2,1,3,NaN
2,1,3,0.8842791248293348
1,2,3,0.29627996588188826
1,2,3,NaN
1,2,3,0.6734037797783934
2,1,3,0.31395395753854205
1,2,3,NaN
1,2,3,0.31395395753854205
1,2,3,0.3545890738916256
1,2,3,NaN
1,2,3,NaN
1,2,3,0.0006037856813777948
2,1,3,0.0004579161324405446
2,1,3,0.9811196105389223
1,2,3,NaN
1,2,3,0.5221370696900629
1,2,3,NaN
1,2,3,0.20910819076120546
1,2,3,NaN
1,2,3,NaN
1,2,3,NaN
1,2,3,0.13607587061668683
2,1,3,0.7953430204665838
1,2,3,0.15681788281888331
2,1,3,0.8257152214189352
2,1,3,NaN
1,2,3,NaN
1,2,3,NaN
1,2,3,NaN
1,2,3,0.07730957836924375
1,2,3,0.929018891880075
1,2,3,0.31395395753854205
2,1,3,NaN
1,2,3,NaN
1,2,3,0.7106302897733945
1,2,3,NaN
1,2,3,NaN
1,2,3,NaN
1,2,3,0.802297557591902
1,2,3,NaN
2,1,3,NaN
2,1,3,0.05777681313131297
1,2,3,0.19323419869021943
2,1,3,0.13607587061668683
1,2,3,0.5399991833128603
2,1,3,0.9604525435576103
1,2,3,0.5865178779178963
2,1,3,NaN
1,2,3,0.802297557591902
1,2,3,0.01793972598916981
1,2,3,0.7741525432089743
1,2,3,0.049784193691201066
1,2,3,0.3545890738916256
1,2,3,0.7154611297706338
1,2,3,0.4479232155172413
1,2,3,NaN
1,2,3,NaN
1,2,3,NaN
1,2,3,0.31395395753854205
2,1,3,NaN
2,1,3,0.7741525432089743
1,2,3,0.24057453370157497
2,1,3,NaN
1,2,3,NaN
1,2,3,NaN
1,2,3,NaN
1,2,3,NaN
1,2,3,NaN
1,2,3,NaN
1,2,3,NaN
1,2,3,NaN
1,2,3,NaN
2,1,3,NaN
1,2,3,NaN
1,2,3,NaN
1,2,3,0.18051831243523325
1,2,3,NaN
2,1,3,0.6311253596222562
1,2,3,NaN
2,1,3,NaN
1,2,3,0.5865178779178963
1,2,3,0.11209585076480322
1,2,3,0.5399991833128603
1,2,3,0.0889252594028693
2,1,3,NaN
1,2,3,NaN
2,1,3,0.15681788281888331
2,1,3,NaN
2,1,3,NaN
1,2,3,0.9746285957804892
1,2,3,NaN
1,2,3,NaN
1,2,3,NaN
1,2,3,NaN
1,2,3,0.1022633479497511
1,2,3,0.03713138400000036
1,2,3,0.27711952186670386
1,2,3,NaN
1,2,3,NaN
1,2,3,NaN
1,2,3,0.13607587061668683
1,2,3,NaN
1,2,3,NaN
1,2,3,NaN
2,1,3,0.802297557591902
1,2,3,NaN
1,2,3,NaN
1,2,3,0.9509474090073529
1,2,3,0.6924461258303694
1,2,3,0.3994536466045877
1,2,3,0.010171712848714626
2,1,3,NaN
1,2,3,0.15681788281888331
1,2,3,0.31395395753854205
1,2,3,NaN
1,2,3,NaN
1,2,3,NaN
2,1,3,NaN
1,2,3,NaN
1,2,3,NaN
1,2,3,0.6734037797783934
1,2,3,0.7741525432089743
1,2,3,0.7964363730309623
1,2,3,NaN
1,2,3,0.18108939606111385
1,2,3,NaN
1,2,3,NaN
1,2,3,NaN
1,2,3,0.31395395753854205
1,2,3,NaN
1,2,3,0.05777681313131297
1,2,3,NaN
1,2,3,NaN
1,2,3,0.3545890738916256
1,2,3,0.7436042216854737
1,2,3,NaN
1,2,3,NaN
1,2,3,0.20910819076120546
1,2,3,NaN
2,1,3,NaN
1,2,3,NaN
1,2,3,NaN
2,1,3,NaN
2,1,3,NaN
1,2,3,0.1022633479497511
1,2,3,0.6734037797783934
2,1,3,NaN
2,1,3,NaN
1,2,3,NaN
1,2,3,NaN
2,1,3,NaN
1,2,3,NaN
1,2,3,0.18051831243523325
1,2,3,0.7106302897733945
1,2,3,0.24057453370157497
1,2,3,0.6759354850992831
1,2,3,0.27711952186670386
1,2,3,NaN
1,2,3,0.802297557591902
1,2,3,NaN
1,2,3,NaN
1,2,3,NaN
1,2,3,0.24057453370157497
1,2,3,NaN
1,2,3,NaN
1,2,3,NaN
1,2,3,0.049784193691201066
1,2,3,NaN
1,2,3,NaN
1,2,3,NaN
1,2,3,0.802297557591902
1,2,3,0.5399991833128603
1,2,3,NaN
1,2,3,NaN
1,2,3,0.000136082223220119
1,2,3,NaN
1,2,3,0.6311253596222562
1,2,3,NaN
1,2,3,0.8257152214189352
1,2,3,0.15681788281888331
1,2,3,NaN
1,2,3,NaN
1,2,3,NaN
1,2,3,0.24057453370157497
1,2,3,NaN
1,2,3,NaN
1,2,3,NaN
1,2,3,NaN
1,2,3,NaN
1,2,3,0.6311253596222562
1,2,3,0.31395395753854205
1,2,3,NaN
1,2,3,0.02097058734344152
1,2,3,NaN
1,2,3,NaN
1,2,3,0.9011477651240992
1,2,3,0.39569405143488307
1,2,3,0.18051831243523325
1,2,3,NaN
1,2,3,0.6410503688024463
1,2,3,NaN
1,2,3,NaN
1,2,3,NaN
1,2,3,0.010777834245389788
1,2,3,0.5399991833128603
1,2,3,0.9746285957804892
1,2,3,NaN
1,2,3,NaN
1,2,3,NaN
1,2,3,NaN
1,2,3,0.03713138400000036
1,2,3,NaN
1,2,3,NaN
1,2,3,NaN
1,2,3,NaN
1,2,3,NaN
1,2,3,NaN
1,2,3,NaN
1,2,3,NaN
1,2,3,0.3545890738916256
1,2,3,NaN
1,2,3,0.5865178779178963
1,2,3,0.3916871069372724
1,2,3,0.548225157401934
1,2,3,NaN
1,2,3,NaN
1,2,3,NaN
1,2,3,NaN
1,2,3,NaN
1,2,3,NaN
1,2,3,5.595091599858432e-5
1,2,3,0.4961093270628225
1,2,3,NaN
1,2,3,NaN
1,2,3,0.7436042216854737
1,2,3,NaN
2,1,3,NaN
1,2,3,NaN
1,2,3,NaN
1,2,3,NaN
1,2,3,0.0033040285071258535
1,2,3,0.9409499775572661
1,2,3,NaN
1,2,3,NaN
1,2,3,0.49517317979331793
1,2,3,0.1187098235679931
1,2,3,0.13607587061668683
1,2,3,0.8257152214189352
1,2,3,NaN
1,2,3,NaN
1,2,3,0.13607587061668683
0,3,3,NaN
0,3,3,NaN
0,3,3,0.06733047183748836
0,3,3,0.24057453370157497
0,3,3,NaN
0,3,3,0.9222414895359687
0,3,3,NaN
0,3,3,NaN
0,3,3,NaN
0,3,3,NaN
0,3,3,NaN
0,3,3,0.5399991833128603
0,3,3,0.0033040285071258535
0,3,3,0.929018891880075
0,3,3,NaN
0,3,3,NaN
0,3,3,0.04284062892133536
0,3,3,NaN
0,3,3,NaN
0,3,3,NaN
0,3,3,NaN
0,3,3,0.7741525432089743
0,3,3,NaN
0,3,3,0.802297557591902
0,3,3,0.005691113723555322
0,3,3,0.3994536466045877
0,3,3,0.6734037797783934
0,3,3,NaN
0,3,3,0.03713138400000036
0,3,3,NaN
0,3,3,NaN
0,3,3,0.847018481559038
0,3,3,NaN
0,3,3,NaN
0,3,3,NaN
0,3,3,NaN
0,3,3,NaN
0,3,3,0.6311253596222562
0,3,3,0.5865178779178963
0,3,3,NaN
0,3,3,0.27711952186670386
0,3,3,0.3545890738916256
0,3,3,NaN
0,3,3,NaN
0,3,3,NaN
0,3,3,NaN
0,3,3,0.1022633479497511
0,3,3,0.802297557591902
0,3,3,NaN
0,3,3,NaN
0,3,3,NaN
0,3,3,NaN
0,3,3,0.1022633479497511
0,3,3,NaN
0,3,3,NaN
0,3,3,NaN
0,3,3,NaN
0,3,3,NaN
0,3,3,NaN
0,3,3,0.7106302897733945
0,3,3,NaN
0,3,3,NaN
0,3,3,NaN
0,3,3,NaN
0,3,3,NaN
0,3,3,NaN
0,3,3,0.24057453370157497
0,3,3,0.24057453370157497
0,3,3,0.8673895283120647
0,3,3,0.3545890738916256
0,3,3,NaN
0,3,3,NaN
0,3,3,NaN
0,3,3,0.7065243553936503
0,3,3,NaN
0,3,3,NaN
0,3,3,NaN
0,3,3,0.5865178779178963
0,3,3,0.017482588152969273
0,3,3,0.15681788281888331
0,3,3,NaN
0,3,3,NaN
0,3,3,0.0889252594028693
0,3,3,NaN
0,3,3,0.802297557591902
0,3,3,NaN
0,3,3,NaN
0,3,3,NaN
0,3,3,0.13607587061668683
0,3,3,NaN
0,3,3,NaN
0,3,3,NaN
0,3,3,NaN
0,3,3,NaN
0,3,3,0.02097058734344152
0,3,3,NaN
0,3,3,NaN
0,3,3,NaN
0,3,3,0.847018481559038
0,3,3,NaN
0,3,3,NaN
0,3,3,NaN
0,3,3,NaN
0,3,3,NaN
0,3,3,0.07730957836924375
0,3,3,NaN
0,3,3,NaN
0,3,3,NaN
0,3,3,NaN
0,3,3,NaN
0,3,3,NaN
0,3,3,NaN
0,3,3,0.6734037797783934
0,3,3,NaN
0,3,3,NaN
0,3,3,0.06733047183748836
0,3,3,NaN
0,3,3,NaN
0,3,3,NaN
0,3,3,0.8673895283120647
0,3,3,0.24057453370157497
0,3,3,NaN
0,3,3,NaN
0,3,3,0.802297557591902
0,3,3,NaN
0,3,3,NaN
0,3,3,NaN
0,3,3,0.5865178779178963
0,3,3,0.05777681313131297
0,3,3,NaN
0,3,3,0.5399991833128603
0,3,3,NaN
0,3,3,NaN
0,3,3,0.004688964752418836
0,3,3,NaN
0,3,3,NaN
0,3,3,NaN
0,3,3,NaN
0,3,3,0.8995755483828255
0,3,3,0.5865178779178963
0,3,3,0.7106302897733945
0,3,3,0.0320862846643805
0,3,3,0.27711952186670386
0,3,3,0.07730957836924375
0,3,3,0.42568116956912894
0,3,3,0.1187098235679931
0,3,3,NaN
0,3,3,NaN
0,3,3,NaN
0,3,3,0.18051831243523325
0,3,3,NaN
0,3,3,NaN
0,3,3,NaN
0,3,3,NaN
0,3,3,0.6311253596222562
0,3,3,0.4479232155172413
0,3,3,NaN
0,3,3,NaN
0,3,3,NaN
0,3,3,NaN
0,3,3,NaN
0,3,3,0.5399991833128603
0,3,3,NaN
0,3,3,NaN
0,3,3,0.3545890738916256
0,3,3,0.9676842886660223
0,3,3,0.15681788281888331
0,3,3,NaN
0,3,3,NaN
0,3,3,NaN
0,3,3,0.929018891880075
0,3,3,0.27711952186670386
0,3,3,NaN
0,3,3,NaN
0,3,3,NaN
0,3,3,NaN
0,3,3,0.7741525432089743
0,3,3,NaN
0,3,3,NaN
0,3,3,0.0320862846643805
0,3,3,0.847018481559038
0,3,3,NaN
0,3,3,NaN
0,3,3,NaN
0,3,3,0.7106302897733945
0,3,3,0.13607587061668683
0,3,3,NaN
0,3,3,NaN
0,3,3,NaN
0,3,3,NaN
0,3,3,0.5865178779178963
0,3,3,NaN
0,3,3,0.006112602594340191
0,3,3,0.20910819076120546
0,3,3,NaN
0,3,3,0.03713138400000036
0,3,3,NaN
0,3,3,NaN
0,3,3,NaN
0,3,3,0.1022633479497511
0,3,3,NaN
0,3,3,0.5865178779178963
0,3,3,0.18051831243523325
0,3,3,NaN
0,3,3,0.009138191808191554
0,3,3,NaN
0,3,3,NaN
0,3,3,NaN
0,3,3,NaN
0,3,3,NaN
0,3,3,0.3545890738916256
0,3,3,NaN
0,3,3,NaN
0,3,3,NaN
0,3,3,NaN
0,3,3,NaN
0,3,3,0.0889252594028693
0,3,3,NaN
0,3,3,NaN
0,3,3,NaN
0,3,3,NaN
0,3,3,NaN
0,3,3,NaN
0,3,3,NaN
0,3,3,NaN
0,3,3,0.5399991833128603
0,3,3,NaN
0,3,3,0.3994536466045877
0,3,3,NaN
0,3,3,0.049784193691201066
0,3,3,0.1187098235679931
0,3,3,NaN
0,3,3,NaN
0,3,3,0.049784193691201066
0,3,3,0.9604525435576103
0,3,3,0.24763932860721807
0,3,3,NaN
0,3,3,NaN
0,3,3,0.31395395753854205
0,3,3,NaN
0,3,3,NaN
0,3,3,NaN
0,3,3,NaN
0,3,3,0.6311253596222562
0,3,3,0.0889252594028693
0,3,3,NaN
0,3,3,NaN
0,3,3,NaN
0,3,3,NaN
0,3,3,NaN
0,3,3,NaN
0,3,3,NaN
0,3,3,NaN
0,3,3,NaN
0,3,3,0.7741525432089743
0,3,3,NaN
0,3,3,NaN
0,3,3,NaN
0,3,3,NaN
0,3,3,NaN
0,3,3,NaN
0,3,3,NaN
0,3,3,NaN
0,3,3,0.5865178779178963
0,3,3,NaN
0,3,3,NaN
0,3,3,0.23155286635667163
0,3,3,0.4479232155172413
0,3,3,NaN
0,3,3,NaN
0,3,3,0.24057453370157497
0,3,3,0.18051831243523325
0,3,3,NaN
0,3,3,0.015428285510146815
0,3,3,NaN
0,3,3,0.9676842886660223
0,3,3,0.8673895283120647
0,3,3,0.31395395753854205
0,3,3,NaN
0,3,3,NaN
0,3,3,NaN
0,3,3,0.5865178779178963
0,3,3,NaN
0,3,3,NaN
0,3,3,0.27711952186670386
0,3,3,NaN
0,3,3,0.15266636779132278
0,3,3,NaN
0,3,3,NaN
0,3,3,NaN
0,3,3,NaN
0,3,3,0.04284062892133536
0,3,3,0.1187098235679931
0,3,3,0.31395395753854205
0,3,3,0.9158013531976743
0,3,3,NaN
0,3,3,NaN
0,3,3,NaN
0,3,3,NaN
0,3,3,NaN
0,3,3,NaN
0,3,3,0.24057453370157497
0,3,3,NaN
0,3,3,NaN
0,3,3,0.4023151490820494
0,3,3,NaN
0,3,3,NaN
0,3,3,NaN
0,3,3,NaN
0,3,3,NaN
0,3,3,NaN
0,3,3,NaN
0,3,3,0.5865178779178963
0,3,3,0.7106302897733945
0,3,3,NaN
0,3,3,NaN
0,3,3,NaN
0,3,3,0.4479232155172413
0,3,3,NaN
0,3,3,NaN
0,3,3,NaN
0,3,3,NaN
0,3,3,NaN
0,3,3,NaN
0,3,3,NaN
0,3,3,NaN
0,3,3,0.1187098235679931
0,3,3,NaN
0,3,3,NaN
0,3,3,NaN
0,3,3,NaN
0,3,3,NaN
0,3,3,NaN
0,3,3,0.009138191808191554
0,3,3,NaN
0,3,3,0.9011477651240992
0,3,3,0.27711952186670386
0,3,3,NaN
0,3,3,NaN
0,3,3,NaN
0,3,3,NaN
0,3,3,0.0320862846643805
0,3,3,0.0033040285071258535
0,3,3,0.9604525435576103
0,3,3,NaN
0,3,3,NaN
0,3,3,0.4479232155172413
0,3,3,NaN
0,3,3,0.7741525432089743
0,3,3,NaN
0,3,3,NaN
0,3,3,NaN
0,3,3,NaN
0,3,3,NaN
0,3,3,NaN
0,3,3,NaN
0,3,3,NaN
0,3,3,NaN
0,3,3,NaN
0,3,3,NaN
0,3,3,NaN
0,3,3,0.7436042216854737
0,3,3,NaN
0,3,3,0.004090871616932862
0,3,3,0.0008196691553657796
0,3,3,NaN
0,3,3,NaN
0,3,3,NaN
0,3,3,NaN
0,3,3,0.24057453370157497
0,3,3,0.7850759116808317
0,3,3,0.7436042216854737
0,3,3,NaN
0,3,3,NaN
0,3,3,0.23841902460241554
0,3,3,0.6734037797783934
0,3,3,NaN
0,3,3,0.0010588606005081465
0,3,3,NaN
0,3,3,0.24057453370157497
0,3,3,0.1187098235679931
0,3,3,0.3994536466045877
0,3,3,0.18666803529603254
0,3,3,NaN
0,3,3,NaN
0,3,3,0.07730957836924375
0,3,3,0.23113862824297918
0,3,3,0.20910819076120546
0,3,3,0.8257152214189352
0,3,3,0.929018891880075
0,3,3,NaN
0,3,3,NaN
0,3,3,0.13607587061668683
0,3,3,0.8673895283120647
0,3,3,NaN
0,3,3,NaN
0,3,3,0.27711952186670386
0,3,3,0.6734037797783934
0,3,3,NaN
0,3,3,NaN
0,3,3,NaN
0,3,3,NaN
0,3,3,NaN
0,3,3,0.3994536466045877
0,3,3,NaN
0,3,3,NaN
0,3,3,NaN
0,3,3,0.5865178779178963
0,3,3,0.5865178779178963
0,3,3,NaN
0,3,3,0.8257152214189352
0,3,3,NaN
0,3,3,0.3545890738916256
0,3,3,NaN
0,3,3,0.006146919098955332
0,3,3,NaN
0,3,3,NaN
0,3,3,0.012926942381561383
0,3,3,0.1022633479497511
0,3,3,NaN
0,3,3,NaN
0,3,3,NaN
0,3,3,NaN
0,3,3,0.5865178779178963
0,3,3,NaN
0,3,3,NaN
0,3,3,NaN
0,3,3,NaN
0,3,3,NaN
0,3,3,0.5865178779178963
0,3,3,0.9409499775572661
0,3,3,NaN
0,3,3,NaN
0,3,3,0.9409499775572661
0,3,3,NaN
0,3,3,NaN
0,3,3,NaN
0,3,3,NaN
0,3,3,0.004811988483686424
0,3,3,NaN
0,3,3,NaN
0,3,3,NaN
0,3,3,NaN
0,3,3,NaN
0,3,3,NaN
0,3,3,NaN
0,3,3,NaN
0,3,3,NaN
0,3,3,0.7106302897733945
0,3,3,NaN
0,3,3,0.7106302897733945
0,3,3,0.07730957836924375
0,3,3,NaN
0,3,3,NaN
0,3,3,NaN
0,3,3,NaN
0,3,3,0.847018481559038
0,3,3,NaN
0,3,3,0.5399991833128603
0,3,3,NaN
0,3,3,NaN
0,3,3,NaN
0,3,3,NaN
0,3,3,NaN
0,3,3,0.07730957836924375
0,3,3,NaN
0,3,3,NaN
0,3,3,NaN
0,3,3,0.18051831243523325
0,3,3,NaN
0,3,3,NaN
0,3,3,NaN
0,3,3,NaN
0,3,3,NaN
0,3,3,0.24057453370157497
0,3,3,NaN
0,3,3,NaN
0,3,3,NaN
0,3,3,NaN
0,3,3,NaN
0,3,3,NaN
0,3,3,0.0889252594028693
0,3,3,NaN
0,3,3,NaN
0,3,3,NaN
0,3,3,NaN
0,3,3,NaN
0,3,3,0.7106302897733945
0,3,3,NaN
0,3,3,NaN
0,3,3,NaN
0,3,3,NaN
0,3,3,0.929018891880075
0,3,3,0.9000291625597617
0,3,3,NaN
0,3,3,NaN
0,3,3,0.5399991833128603
0,3,3,NaN
0,3,3,0.31395395753854205
0,3,3,0.20910819076120546
0,3,3,NaN
0,3,3,NaN
0,3,3,NaN
0,3,3,0.49517317979331793
0,3,3,NaN
0,3,3,NaN
0,3,3,NaN
0,3,3,NaN
0,3,3,0.5399991833128603
0,3,3,NaN
0,3,3,NaN
0,3,3,NaN
0,3,3,NaN
0,3,3,0.13607587061668683
0,3,3,NaN
0,3,3,NaN
0,3,3,NaN
0,3,3,0.5399991833128603
0,3,3,NaN
0,3,3,NaN
0,3,3,NaN
0,3,3,NaN
0,3,3,0.6175439770545827
0,3,3,0.27711952186670386
0,3,3,NaN
0,3,3,NaN
0,3,3,NaN
0,3,3,0.7106302897733945
0,3,3,NaN
0,3,3,0.27711952186670386
0,3,3,NaN
0,3,3,NaN
0,3,3,NaN
0,3,3,NaN
0,3,3,NaN
0,3,3,NaN
0,3,3,NaN
0,3,3,NaN
0,3,3,NaN
0,3,3,0.8257152214189352
0,3,3,0.7436042216854737
0,3,3,NaN
0,3,3,NaN
0,3,3,NaN
0,3,3,NaN
0,3,3,0.5053607643516681
0,3,3,0.9991216564690845
0,3,3,NaN
0,3,3,0.17336750668651882
0,3,3,0.6311253596222562
0,3,3,NaN
0,3,3,NaN
0,3,3,0.3994536466045877
0,3,3,0.49517317979331793
0,3,3,0.49517317979331793
0,3,3,0.5399991833128603
0,3,3,NaN
0,3,3,NaN
0,3,3,0.18051831243523325
0,3,3,0.8842791248293348
0,3,3,NaN
0,3,3,0.802297557591902
0,3,3,NaN
0,3,3,NaN
0,3,3,0.5865178779178963
0,3,3,NaN
0,3,3,NaN
0,3,3,0.5399991833128603
0,3,3,0.9724611621783242
0,3,3,0.6311253596222562
0,3,3,0.7106302897733945
0,3,3,0.847018481559038
0,3,3,NaN
0,3,3,0.03713138400000036
0,3,3,NaN
0,3,3,NaN
0,3,3,NaN
0,3,3,NaN
0,3,3,NaN
0,3,3,NaN
0,3,3,NaN
0,3,3,NaN
0,3,3,NaN
0,3,3,NaN
0,3,3,NaN
0,3,3,NaN
0,3,3,NaN
0,3,3,NaN
0,3,3,0.7729979933632203
0,3,3,0.9746285957804892
0,3,3,NaN
0,3,3,0.8842791248293348
0,3,3,0.8257152214189352
0,3,3,NaN
0,3,3,NaN
0,3,3,NaN
0,3,3,NaN
0,3,3,NaN
0,3,3,0.3545890738916256
0,3,3,NaN
0,3,3,NaN
0,3,3,NaN
0,3,3,0.1022633479497511
0,3,3,NaN
0,3,3,NaN
0,3,3,NaN
0,3,3,NaN
0,3,3,0.802297557591902
0,3,3,NaN
0,3,3,0.8673895283120647
0,3,3,NaN
0,3,3,NaN
0,3,3,NaN
0,3,3,NaN
0,3,3,0.3545890738916256
0,3,3,NaN
0,3,3,NaN
0,3,3,0.006112602594340191
0,3,3,NaN
0,3,3,NaN
0,3,3,0.012926942381561383
0,3,3,NaN
0,3,3,NaN
0,3,3,NaN
0,3,3,NaN
0,3,3,NaN
0,3,3,NaN
0,3,3,NaN
0,3,3,NaN
0,3,3,0.1022633479497511
0,3,3,NaN
0,3,3,NaN
0,3,3,0.3994536466045877
0,3,3,NaN
0,3,3,0.02420793861740178
0,3,3,NaN
0,3,3,NaN
0,3,3,NaN
0,3,3,NaN
0,3,3,NaN
0,3,3,0.9011477651240992
0,3,3,0.27711952186670386
0,3,3,0.1187098235679931
0,3,3,0.07020488559251589
0,3,3,NaN
0,3,3,NaN
0,3,3,NaN
0,3,3,NaN
0,3,3,NaN
0,3,3,NaN
0,3,3,0.5865178779178963
0,3,3,NaN
0,3,3,0.3994536466045877
0,3,3,NaN
0,3,3,NaN
0,3,3,NaN
0,3,3,NaN
0,3,3,NaN
0,3,3,NaN
0,3,3,NaN
0,3,3,NaN
0,3,3,NaN
0,3,3,NaN
0,3,3,NaN
0,3,3,NaN
0,3,3,NaN
0,3,3,NaN
0,3,3,NaN
0,3,3,NaN
0,3,3,0.02097058734344152
0,3,3,NaN
0,3,3,NaN
0,3,3,NaN
0,3,3,0.7436042216854737
0,3,3,0.9011477651240992
0,3,3,NaN
0,3,3,0.27711952186670386
0,3,3,NaN
0,3,3,0.847018481559038
0,3,3,0.0889252594028693
0,3,3,NaN
0,3,3,NaN
0,3,3,0.0889252594028693
0,3,3,0.027828197784382988
0,3,3,0.24057453370157497
0,3,3,0.5865178779178963
0,3,3,NaN
0,3,3,NaN
0,3,3,0.010777834245389788
0,3,3,NaN
0,3,3,0.010777834245389788
0,3,3,0.3994536466045877
0,3,3,NaN
0,3,3,0.5399991833128603
0,3,3,NaN
0,3,3,NaN
0,3,3,NaN
0,3,3,0.847018481559038
0,3,3,NaN
0,3,3,NaN
0,3,3,0.02420793861740178
0,3,3,NaN
0,3,3,NaN
0,3,3,NaN
0,3,3,NaN
0,3,3,0.4479232155172413
0,3,3,0.27711952186670386
0,3,3,NaN
0,3,3,0.6311253596222562
0,3,3,NaN
0,3,3,NaN
0,3,3,NaN
0,3,3,0.49517317979331793
0,3,3,NaN
0,3,3,0.1022633479497511
0,3,3,NaN
0,3,3,NaN
0,3,3,0.4479232155172413
0,3,3,NaN
0,3,3,NaN
0,3,3,0.31395395753854205
0,3,3,0.8842791248293348
0,3,3,NaN
0,3,3,NaN
0,3,3,NaN
0,3,3,0.31395395753854205
0,3,3,NaN
0,3,3,NaN
0,3,3,0.15681788281888331
0,3,3,0.24057453370157497
0,3,3,NaN
0,3,3,NaN
0,3,3,NaN
0,3,3,NaN
0,3,3,0.05777681313131297
0,3,3,NaN
0,3,3,NaN
0,3,3,0.015565671711291711
0,3,3,NaN
0,3,3,NaN
0,3,3,0.5865178779178963
0,3,3,0.18051831243523325
0,3,3,0.27711952186670386
0,3,3,NaN
0,3,3,NaN
0,3,3,NaN
0,3,3,0.9942982452701703
0,3,3,0.02097058734344152
0,3,3,0.9604525435576103
0,3,3,NaN
0,3,3,0.9509474090073529
0,3,3,NaN
0,3,3,NaN
0,3,3,0.9011477651240992
0,3,3,NaN
0,3,3,NaN
0,3,3,0.20910819076120546
0,3,3,0.18051831243523325
0,3,3,0.9158013531976743
0,3,3,NaN
0,3,3,NaN
0,3,3,NaN
0,3,3,NaN
0,3,3,NaN
0,3,3,0.6449966474470432
0,3,3,0.9942982452701703
0,3,3,NaN
0,3,3,NaN
0,3,3,NaN
0,3,3,0.022439031445122937
0,3,3,NaN
0,3,3,NaN
0,3,3,0.802297557591902
0,3,3,0.007059614670472793
0,3,3,NaN
0,3,3,0.9509474090073529
0,3,3,NaN
0,3,3,NaN
0,3,3,NaN
0,3,3,NaN
0,3,3,NaN
0,3,3,0.8218121750096717
0,3,3,NaN
0,3,3,NaN
0,3,3,0.022854419251769564
0,3,3,NaN
0,3,3,0.027828197784382988
0,3,3,0.8673895283120647
0,3,3,0.6311253596222562
0,3,3,NaN
0,3,3,NaN
0,3,3,NaN
0,3,3,0.3545890738916256
0,3,3,0.3994536466045877
0,3,3,NaN
0,3,3,NaN
0,3,3,NaN
0,3,3,NaN
0,3,3,0.6311253596222562
0,3,3,0.4883861072848967
0,3,3,NaN
0,3,3,NaN
0,3,3,NaN
0,3,3,NaN
0,3,3,0.5865178779178963
0,3,3,NaN
0,3,3,NaN
0,3,3,0.027828197784382988
0,3,3,NaN
0,3,3,NaN
0,3,3,0.9509474090073529
0,3,3,0.5865178779178963
0,3,3,NaN
0,3,3,NaN
0,3,3,0.929018891880075
0,3,3,NaN
0,3,3,0.929018891880075
0,3,3,0.1820410686964438
0,3,3,NaN
0,3,3,0.5502470116853265
0,3,3,NaN
0,3,3,NaN
0,3,3,0.6311253596222562
0,3,3,0.802297557591902
0,3,3,NaN
0,3,3,NaN
0,3,3,0.7106302897733945
0,3,3,0.9696534707707549
0,3,3,NaN
0,3,3,NaN
0,3,3,0.05777681313131297
0,3,3,0.04284062892133536
0,3,3,NaN
0,3,3,0.5026882148568088
0,3,3,NaN
0,3,3,NaN
0,3,3,NaN
0,3,3,0.0889252594028693
0,3,3,NaN
0,3,3,0.7723234234764133
0,3,3,NaN
0,3,3,NaN
0,3,3,0.929018891880075
0,3,3,NaN
0,3,3,NaN
0,3,3,NaN
0,3,3,NaN
0,3,3,NaN
0,3,3,NaN
0,3,3,NaN
0,3,3,NaN
0,3,3,NaN
0,3,3,0.20910819076120546
0,3,3,0.9858284791076382
0,3,3,NaN
0,3,3,0.18051831243523325
0,3,3,NaN
0,3,3,0.7436042216854737
0,3,3,NaN
0,3,3,NaN
0,3,3,NaN
0,3,3,NaN
0,3,3,0.18051831243523325
0,3,3,NaN
0,3,3,0.3545890738916256
0,3,3,NaN
0,3,3,0.20910819076120546
0,3,3,NaN
0,3,3,NaN
0,3,3,NaN
0,3,3,0.04284062892133536
0,3,3,NaN
0,3,3,0.7106302897733945
0,3,3,NaN
0,3,3,0.18051831243523325
0,3,3,NaN
0,3,3,NaN
0,3,3,NaN
0,3,3,NaN
0,3,3,NaN
0,3,3,0.18051831243523325
0,3,3,0.8834119380920742
0,3,3,0.24057453370157497
0,3,3,NaN
0,3,3,NaN
0,3,3,0.27711952186670386
0,3,3,NaN
0,3,3,NaN
0,3,3,NaN
0,3,3,NaN
0,3,3,NaN
0,3,3,0.8842791248293348
0,3,3,NaN
0,3,3,0.24057453370157497
0,3,3,NaN
0,3,3,NaN
0,3,3,NaN
0,3,3,NaN
0,3,3,0.802297557591902
0,3,3,NaN
0,3,3,NaN
0,3,3,NaN
0,3,3,NaN
0,3,3,NaN
0,3,3,NaN
0,3,3,NaN
0,3,3,NaN
0,3,3,NaN
0,3,3,NaN
0,3,3,0.802297557591902
0,3,3,NaN
0,3,3,NaN
0,3,3,NaN
0,3,3,NaN
0,3,3,NaN
0,3,3,NaN
0,3,3,NaN
0,3,3,NaN
0,3,3,0.7741525432089743
0,3,3,NaN
0,3,3,0.24057453370157497
0,3,3,NaN
0,3,3,NaN
0,3,3,0.6199515676210973
0,3,3,0.5579304620136049
0,3,3,NaN
0,3,3,NaN
0,3,3,NaN
0,3,3,0.929018891880075
0,3,3,NaN
0,3,3,NaN
0,3,3,NaN
0,3,3,NaN
0,3,3,NaN
0,3,3,0.7106302897733945
0,3,3,0.02097058734344152
0,3,3,NaN
0,3,3,NaN
0,3,3,0.7106302897733945
0,3,3,NaN
0,3,3,NaN
0,3,3,0.5301289018968638
0,3,3,NaN
0,3,3,NaN
0,3,3,0.24057453370157497
0,3,3,NaN
0,3,3,NaN
0,3,3,NaN
0,3,3,0.31395395753854205
0,3,3,NaN
0,3,3,0.27711952186670386
0,3,3,NaN
0,3,3,0.0889252594028693
0,3,3,0.9158013531976743
0,3,3,NaN
0,3,3,NaN
0,3,3,NaN
0,3,3,0.7106302897733945
0,3,3,NaN
0,3,3,NaN
0,3,3,NaN
0,3,3,NaN
0,3,3,NaN
0,3,3,NaN
0,3,3,0.8842791248293348
0,3,3,0.3994536466045877
0,3,3,NaN
0,3,3,NaN
0,3,3,NaN
0,3,3,0.18051831243523325
0,3,3,NaN
0,3,3,NaN
0,3,3,NaN
0,3,3,NaN
0,3,3,NaN
0,3,3,NaN
0,3,3,NaN
0,3,3,NaN
0,3,3,NaN
0,3,3,NaN
0,3,3,NaN
0,3,3,NaN
0,3,3,NaN
0,3,3,NaN
0,3,3,NaN
0,3,3,NaN
0,3,3,NaN
0,3,3,0.20910819076120546
0,3,3,NaN
0,3,3,NaN
0,3,3,0.08038357451012955
0,3,3,NaN
0,3,3,0.9158013531976743
0,3,3,NaN
0,3,3,NaN
0,3,3,NaN
0,3,3,0.5399991833128603
0,3,3,NaN
0,3,3,NaN
0,3,3,NaN
0,3,3,0.9011477651240992
0,3,3,NaN
0,3,3,NaN
0,3,3,NaN
0,3,3,NaN
0,3,3,0.1187098235679931
0,3,3,NaN
0,3,3,0.18993951103126697
0,3,3,NaN
0,3,3,0.9011477651240992
0,3,3,NaN
0,3,3,0.6311253596222562
0,3,3,NaN
0,3,3,NaN
0,3,3,0.6311253596222562
0,3,3,0.18051831243523325
0,3,3,NaN
0,3,3,NaN
0,3,3,NaN
0,3,3,NaN
0,3,3,NaN
0,3,3,NaN
0,3,3,0.13607587061668683
0,3,3,NaN
0,3,3,NaN
0,3,3,NaN
0,3,3,0.3545890738916256
0,3,3,0.012926942381561383
0,3,3,NaN
0,3,3,NaN
0,3,3,NaN
0,3,3,0.3994536466045877
0,3,3,NaN
0,3,3,0.7106302897733945
0,3,3,0.1187098235679931
0,3,3,NaN
0,3,3,0.5399991833128603
0,3,3,0.7741525432089743
0,3,3,0.3545890738916256
0,3,3,NaN
0,3,3,NaN
0,3,3,0.49517317979331793
0,3,3,0.7741525432089743
0,3,3,NaN
0,3,3,NaN
0,3,3,NaN
0,3,3,NaN
0,3,3,0.7436042216854737
0,3,3,0.02793309869782338
0,3,3,NaN
0,3,3,NaN
0,3,3,0.1022633479497511
0,3,3,NaN
0,3,3,0.8842791248293348
0,3,3,NaN
0,3,3,0.8673895283120647
0,3,3,NaN
0,3,3,NaN
0,3,3,0.24057453370157497
0,3,3,NaN
0,3,3,0.49517317979331793
0,3,3,NaN
0,3,3,NaN
0,3,3,NaN
0,3,3,NaN
0,3,3,0.07730957836924375
0,3,3,NaN
0,3,3,0.9011477651240992
0,3,3,NaN
0,3,3,NaN
0,3,3,0.8673895283120647
0,3,3,NaN
0,3,3,0.7741525432089743
0,3,3,NaN
0,3,3,NaN
0,3,3,0.20910819076120546
0,3,3,NaN
0,3,3,NaN
0,3,3,NaN
0,3,3,NaN
0,3,3,NaN
0,3,3,0.9011477651240992
0,3,3,NaN
0,3,3,0.802297557591902
0,3,3,0.5865178779178963
0,3,3,NaN
0,3,3,NaN
0,3,3,0.3959530211891856
0,3,3,NaN
0,3,3,0.3994536466045877
0,3,3,NaN
0,3,3,NaN
0,3,3,0.24057453370157497
0,3,3,0.004811988483686424
0,3,3,NaN
0,3,3,NaN
0,3,3,NaN
0,3,3,NaN
0,3,3,0.9604525435576103
0,3,3,NaN
0,3,3,NaN
0,3,3,0.04284062892133536
0,3,3,NaN
0,3,3,NaN
0,3,3,NaN
0,3,3,NaN
0,3,3,NaN
0,3,3,NaN
0,3,3,NaN
0,3,3,NaN
0,3,3,NaN
0,3,3,NaN
0,3,3,NaN
0,3,3,0.2125620604470469
0,3,3,0.7106302897733945
0,3,3,0.7741525432089743
0,3,3,0.4806318009997935
0,3,3,NaN
0,3,3,NaN
0,3,3,NaN
0,3,3,NaN
0,3,3,NaN
0,3,3,NaN
0,3,3,NaN
0,3,3,0.15681788281888331
0,3,3,NaN
0,3,3,0.8187114055429258
0,3,3,NaN
0,3,3,NaN
0,3,3,NaN
0,3,3,NaN
0,3,3,NaN
0,3,3,0.49517317979331793
0,3,3,NaN
0,3,3,NaN
0,3,3,NaN
0,3,3,NaN
0,3,3,NaN
0,3,3,NaN
0,3,3,NaN
0,3,3,NaN
0,3,3,0.04035333532585377
0,3,3,0.049784193691201066
0,3,3,0.08162598647365765
0,3,3,0.8842791248293348
0,3,3,0.9604525435576103
0,3,3,NaN
0,3,3,NaN
0,3,3,NaN
0,3,3,0.04284062892133536
0,3,3,NaN
0,3,3,NaN
0,3,3,NaN
0,3,3,NaN
0,3,3,NaN
0,3,3,0.24057453370157497
0,3,3,0.3994536466045877
0,3,3,NaN
0,3,3,0.9676842886660223
0,3,3,NaN
0,3,3,NaN
0,3,3,0.13607587061668683
0,3,3,NaN
0,3,3,0.847018481559038
0,3,3,NaN
0,3,3,0.6734037797783934
0,3,3,NaN
0,3,3,0.7741525432089743
0,3,3,0.3545890738916256
0,3,3,NaN
0,3,3,NaN
0,3,3,NaN
0,3,3,NaN
0,3,3,NaN
0,3,3,NaN
0,3,3,NaN
0,3,3,NaN
0,3,3,NaN
0,3,3,NaN
0,3,3,NaN
0,3,3,NaN
0,3,3,NaN
0,3,3,NaN
0,3,3,NaN
0,3,3,0.3545890738916256
0,3,3,0.02097058734344152
0,3,3,NaN
0,3,3,NaN
0,3,3,0.5865178779178963
0,3,3,NaN
0,3,3,NaN
0,3,3,0.13607587061668683
0,3,3,NaN
0,3,3,NaN
0,3,3,NaN
0,3,3,NaN
0,3,3,NaN
0,3,3,NaN
0,3,3,NaN
0,3,3,NaN
0,3,3,NaN
0,3,3,NaN
0,3,3,NaN
0,3,3,0.3545890738916256
0,3,3,0.7106302897733945
0,3,3,NaN
0,3,3,NaN
0,3,3,0.5865178779178963
0,3,3,NaN
0,3,3,NaN
0,3,3,NaN
0,3,3,0.7741525432089743
0,3,3,0.18868197088271702
0,3,3,NaN
0,3,3,NaN
0,3,3,0.9011477651240992
0,3,3,NaN
0,3,3,NaN
0,3,3,0.20910819076120546
0,3,3,NaN
0,3,3,NaN
0,3,3,NaN
0,3,3,NaN
0,3,3,NaN
0,3,3,NaN
0,3,3,NaN
0,3,3,0.7436042216854737
0,3,3,0.3994536466045877
0,3,3,NaN
0,3,3,0.027828197784382988
0,3,3,NaN
0,3,3,0.13607587061668683
0,3,3,0.17003104623146528
0,3,3,0.9509474090073529
0,3,3,0.015565671711291711
0,3,3,NaN
0,3,3,0.5531069038782904
0,3,3,0.6734037797783934
0,3,3,NaN
0,3,3,NaN
0,3,3,NaN
0,3,3,NaN
0,3,3,0.615421315423315
0,3,3,0.8673895283120647
0,3,3,0.26139066313340914
0,3,3,NaN
0,3,3,NaN
0,3,3,NaN
0,3,3,NaN
0,3,3,NaN
0,3,3,0.4479232155172413
0,3,3,NaN
0,3,3,0.802297557591902
0,3,3,0.5865178779178963
0,3,3,NaN
0,3,3,NaN
0,3,3,0.9746285957804892
0,3,3,NaN
0,3,3,NaN
0,3,3,NaN
0,3,3,NaN
0,3,3,NaN
0,3,3,0.3994536466045877
0,3,3,0.8673895283120647
0,3,3,NaN
0,3,3,NaN
0,3,3,NaN
0,3,3,NaN
0,3,3,NaN
0,3,3,0.3545890738916256
0,3,3,0.1187098235679931
0,3,3,NaN
0,3,3,NaN
0,3,3,NaN
0,3,3,NaN
0,3,3,NaN
0,3,3,NaN
0,3,3,NaN
0,3,3,NaN
0,3,3,NaN
0,3,3,NaN
0,3,3,0.8842791248293348
0,3,3,NaN
0,3,3,NaN
0,3,3,0.929018891880075
0,3,3,NaN
0,3,3,NaN
0,3,3,NaN
0,3,3,NaN
0,3,3,NaN
0,3,3,0.0018208557049817769
0,3,3,NaN
0,3,3,NaN
0,3,3,NaN
0,3,3,NaN
0,3,3,NaN
0,3,3,NaN
0,3,3,0.006112602594340191
0,3,3,0.7106302897733945
0,3,3,NaN
0,3,3,NaN
0,3,3,0.9922549943338576
0,3,3,NaN
0,3,3,NaN
0,3,3,NaN
0,3,3,NaN
0,3,3,NaN
0,3,3,NaN
0,3,3,NaN
0,3,3,NaN
0,3,3,NaN
0,3,3,0.18051831243523325
0,3,3,0.4961093270628225
0,3,3,0.20910819076120546
0,3,3,NaN
0,3,3,0.18051831243523325
0,3,3,NaN
0,3,3,NaN
0,3,3,0.20910819076120546
0,3,3,NaN
0,3,3,NaN
0,3,3,0.9011477651240992
0,3,3,NaN
0,3,3,NaN
0,3,3,0.9811196105389223
0,3,3,NaN
0,3,3,NaN
0,3,3,0.15681788281888331
0,3,3,0.04284062892133536
0,3,3,NaN
0,3,3,0.755660925738661
0,3,3,NaN
0,3,3,0.9158013531976743
0,3,3,0.8673895283120647
0,3,3,NaN
0,3,3,0.847018481559038
0,3,3,0.6734037797783934
0,3,3,NaN
0,3,3,NaN
0,3,3,NaN
0,3,3,NaN
0,3,3,NaN
0,3,3,NaN
0,3,3,NaN
0,3,3,0.049784193691201066
0,3,3,NaN
0,3,3,NaN
0,3,3,NaN
0,3,3,0.027828197784382988
0,3,3,NaN
0,3,3,NaN
0,3,3,NaN
0,3,3,NaN
0,3,3,NaN
0,3,3,NaN
0,3,3,NaN
0,3,3,NaN
0,3,3,NaN
0,3,3,NaN
0,3,3,0.20910819076120546
0,3,3,NaN
0,3,3,NaN
0,3,3,0.6311253596222562
0,3,3,NaN
0,3,3,NaN
0,3,3,NaN
0,3,3,NaN
0,3,3,0.1022633479497511
0,3,3,NaN
0,3,3,NaN
0,3,3,NaN
0,3,3,NaN
0,3,3,0.1022633479497511
0,3,3,0.4479232155172413
0,3,3,NaN
0,3,3,0.31395395753854205
0,3,3,NaN
0,3,3,NaN
0,3,3,NaN
0,3,3,NaN
0,3,3,0.8842791248293348
0,3,3,NaN
0,3,3,NaN
0,3,3,NaN
0,3,3,NaN
0,3,3,NaN
0,3,3,NaN
0,3,3,NaN
0,3,3,NaN
0,3,3,0.15681788281888331
0,3,3,NaN
0,3,3,0.9409499775572661
0,3,3,0.3545890738916256
0,3,3,0.13607587061668683
0,3,3,NaN
0,3,3,NaN
0,3,3,0.9158013531976743
0,3,3,NaN
0,3,3,NaN
0,3,3,0.07730957836924375
0,3,3,NaN
0,3,3,0.18051831243523325
0,3,3,NaN
0,3,3,0.9409499775572661
0,3,3,NaN
0,3,3,0.9881034844187963
0,3,3,0.13607587061668683
0,3,3,NaN
0,3,3,NaN
0,3,3,NaN
0,3,3,0.4479232155172413
0,3,3,0.8257152214189352
0,3,3,NaN
0,3,3,0.9976615745412891
0,3,3,NaN
0,3,3,0.15681788281888331
0,3,3,NaN
0,3,3,0.6311253596222562
0,3,3,NaN
0,3,3,NaN
0,3,3,NaN
0,3,3,NaN
0,3,3,NaN
0,3,3,NaN
0,3,3,NaN
0,3,3,NaN
0,3,3,NaN
0,3,3,NaN
0,3,3,NaN
0,3,3,NaN
0,3,3,0.7436042216854737
0,3,3,0.31395395753854205
0,3,3,NaN
0,3,3,NaN
0,3,3,NaN
0,3,3,0.20910819076120546
0,3,3,NaN
0,3,3,NaN
0,3,3,NaN
0,3,3,NaN
0,3,3,0.02109375132508799
0,3,3,NaN
0,3,3,NaN
0,3,3,NaN
0,3,3,NaN
0,3,3,NaN
0,3,3,NaN
0,3,3,NaN
0,3,3,NaN
0,3,3,NaN
0,3,3,NaN
0,3,3,NaN
0,3,3,NaN
0,3,3,0.802297557591902
0,3,3,NaN
0,3,3,NaN
0,3,3,0.8673895283120647
0,3,3,0.7436042216854737
0,3,3,NaN
0,3,3,NaN
0,3,3,NaN
0,3,3,0.7106302897733945
0,3,3,0.5865178779178963
0,3,3,NaN
0,3,3,NaN
0,3,3,NaN
0,3,3,0.9011477651240992
0,3,3,0.20910819076120546
0,3,3,0.1022633479497511
0,3,3,0.0889252594028693
0,3,3,0.05777681313131297
0,3,3,0.9409499775572661
0,3,3,NaN
0,3,3,0.20910819076120546
0,3,3,NaN
0,3,3,0.004090871616932862
0,3,3,NaN
0,3,3,NaN
0,3,3,NaN
0,3,3,NaN
0,3,3,NaN
0,3,3,NaN
0,3,3,NaN
0,3,3,NaN
0,3,3,NaN
0,3,3,NaN
0,3,3,NaN
0,3,3,0.6125118572405839
0,3,3,NaN
0,3,3,NaN
0,3,3,NaN
0,3,3,0.9509474090073529
0,3,3,NaN
0,3,3,NaN
0,3,3,NaN
0,3,3,0.847018481559038
0,3,3,0.8962295178114678
0,3,3,0.4479232155172413
0,3,3,NaN
0,3,3,NaN
0,3,3,NaN
0,3,3,NaN
0,3,3,0.18051831243523325
0,3,3,NaN
0,3,3,NaN
0,3,3,0.9604525435576103
0,3,3,NaN
0,3,3,0.5884902917729294
0,3,3,NaN
0,3,3,NaN
0,3,3,0.04284062892133536
0,3,3,0.7106302897733945
0,3,3,NaN
0,3,3,NaN
0,3,3,NaN
0,3,3,NaN
0,3,3,0.05777681313131297
0,3,3,NaN
0,3,3,NaN
0,3,3,0.5399991833128603
0,3,3,NaN
0,3,3,NaN
0,3,3,NaN
0,3,3,NaN
0,3,3,NaN
0,3,3,NaN
0,3,3,NaN
0,3,3,NaN
0,3,3,NaN
0,3,3,NaN
0,3,3,NaN
0,3,3,NaN
0,3,3,NaN
0,3,3,NaN
0,3,3,NaN
0,3,3,NaN
0,3,3,NaN
0,3,3,NaN
0,3,3,NaN
0,3,3,0.27711952186670386
0,3,3,NaN
0,3,3,0.0002806515866024259
0,3,3,NaN
0,3,3,NaN
0,3,3,NaN
0,3,3,NaN
0,3,3,0.49517317979331793
0,3,3,NaN
0,3,3,0.010171712848714626
0,3,3,NaN
0,3,3,0.7741525432089743
0,3,3,NaN
0,3,3,NaN
0,3,3,NaN
0,3,3,0.1187098235679931
0,3,3,0.6311253596222562
0,3,3,NaN
0,3,3,NaN
0,3,3,NaN
0,3,3,NaN
0,3,3,NaN
0,3,3,NaN
0,3,3,NaN
0,3,3,NaN
0,3,3,0.7436042216854737
0,3,3,0.6734037797783934
0,3,3,NaN
0,3,3,NaN
0,3,3,0.8257152214189352
0,3,3,0.049784193691201066
0,3,3,0.31395395753854205
0,3,3,NaN
0,3,3,NaN
0,3,3,NaN
0,3,3,NaN
0,3,3,0.3994536466045877
0,3,3,NaN
0,3,3,NaN
0,3,3,0.8842791248293348
0,3,3,NaN
0,3,3,0.20910819076120546
0,3,3,NaN
0,3,3,NaN
0,3,3,NaN
0,3,3,0.4479232155172413
0,3,3,0.1187098235679931
0,3,3,NaN
0,3,3,NaN
0,3,3,NaN
0,3,3,NaN
0,3,3,NaN
0,3,3,0.8257152214189352
0,3,3,0.007549025419144898
0,3,3,NaN
0,3,3,NaN
0,3,3,NaN
0,3,3,0.1187098235679931
0,3,3,NaN
0,3,3,NaN
0,3,3,NaN
0,3,3,NaN
0,3,3,NaN
0,3,3,NaN
0,3,3,0.20910819076120546
0,3,3,0.0017831052631579714
0,3,3,NaN
0,3,3,NaN
0,3,3,NaN
0,3,3,NaN
0,3,3,0.7741525432089743
0,3,3,NaN
0,3,3,0.24057453370157497
0,3,3,NaN
0,3,3,0.016518431975611526
0,3,3,0.3994536466045877
0,3,3,NaN
0,3,3,NaN
0,3,3,NaN
0,3,3,0.5865178779178963
0,3,3,NaN
0,3,3,NaN
0,3,3,NaN
0,3,3,NaN
0,3,3,NaN
0,3,3,NaN
0,3,3,NaN
0,3,3,NaN
0,3,3,NaN
0,3,3,NaN
0,3,3,NaN
0,3,3,NaN
0,3,3,NaN
0,3,3,NaN
0,3,3,NaN
0,3,3,NaN
0,3,3,NaN
0,3,3,NaN
0,3,3,0.802297557591902
0,3,3,NaN
0,3,3,NaN
0,3,3,NaN
0,3,3,0.24057453370157497
0,3,3,NaN
0,3,3,0.49517317979331793
0,3,3,NaN
0,3,3,0.7436042216854737
0,3,3,0.13607587061668683
0,3,3,0.6734037797783934
0,3,3,0.847018481559038
0,3,3,NaN
0,3,3,NaN
0,3,3,0.6604746842528086
0,3,3,NaN
0,3,3,0.35861406383526045
0,3,3,0.07730957836924375
0,3,3,NaN
0,3,3,NaN
0,3,3,NaN
0,3,3,NaN
0,3,3,0.04284062892133536
0,3,3,NaN
0,3,3,NaN
0,3,3,NaN
0,3,3,NaN
0,3,3,NaN
0,3,3,NaN
0,3,3,NaN
0,3,3,NaN
0,3,3,0.15681788281888331
0,3,3,0.7741525432089743
0,3,3,0.5399991833128603
0,3,3,NaN
0,3,3,NaN
0,3,3,NaN
0,3,3,NaN
0,3,3,0.7741525432089743
0,3,3,NaN
0,3,3,NaN
0,3,3,0.15681788281888331
0,3,3,NaN
0,3,3,NaN
0,3,3,0.8673895283120647
0,3,3,NaN
0,3,3,NaN
0,3,3,NaN
0,3,3,0.15681788281888331
0,3,3,NaN
0,3,3,0.0880850245194885
0,3,3,0.24057453370157497
0,3,3,NaN
0,3,3,NaN
0,3,3,NaN
0,3,3,NaN
0,3,3,NaN
0,3,3,NaN
0,3,3,0.5399991833128603
0,3,3,0.24057453370157497
0,3,3,NaN
0,3,3,NaN
0,3,3,NaN
0,3,3,0.1022633479497511
0,3,3,NaN
0,3,3,0.39677744005243276
0,3,3,NaN
0,3,3,0.27352236718258877
0,3,3,NaN
0,3,3,0.1022633479497511
0,3,3,NaN
0,3,3,0.18051831243523325
0,3,3,NaN
0,3,3,NaN
0,3,3,0.18051831243523325
0,3,3,0.6311253596222562
0,3,3,NaN
0,3,3,NaN
0,3,3,0.15681788281888331
0,3,3,NaN
0,3,3,NaN
0,3,3,NaN
0,3,3,0.7436042216854737
0,3,3,NaN
0,3,3,NaN
0,3,3,NaN
0,3,3,NaN
0,3,3,NaN
0,3,3,0.27711952186670386
0,3,3,NaN
0,3,3,NaN
0,3,3,NaN
0,3,3,NaN
0,3,3,0.8842791248293348
0,3,3,NaN
0,3,3,NaN
0,3,3,NaN
0,3,3,0.8257152214189352
0,3,3,0.9158013531976743
0,3,3,NaN
0,3,3,0.7106302897733945
0,3,3,NaN
0,3,3,NaN
0,3,3,NaN
0,3,3,0.1022633479497511
0,3,3,NaN
0,3,3,NaN
0,3,3,NaN
0,3,3,0.4479232155172413
0,3,3,0.6311253596222562
0,3,3,NaN
0,3,3,NaN
0,3,3,0.6734037797783934
0,3,3,0.13607587061668683
0,3,3,NaN
0,3,3,NaN
0,3,3,NaN
0,3,3,NaN
0,3,3,0.3545890738916256
0,3,3,NaN
0,3,3,NaN
0,3,3,NaN
0,3,3,NaN
0,3,3,NaN
0,3,3,NaN
0,3,3,NaN
0,3,3,0.04284062892133536
0,3,3,NaN
0,3,3,0.012926942381561383
0,3,3,NaN
0,3,3,0.49517317979331793
0,3,3,NaN
0,3,3,0.3380276557355201
0,3,3,0.027828197784382988
0,3,3,0.7741525432089743
0,3,3,0.6311253596222562
0,3,3,NaN
0,3,3,NaN
0,3,3,NaN
0,3,3,NaN
0,3,3,NaN
0,3,3,NaN
0,3,3,NaN
0,3,3,NaN
0,3,3,0.5865178779178963
0,3,3,NaN
0,3,3,NaN
0,3,3,NaN
0,3,3,NaN
0,3,3,0.5865178779178963
0,3,3,NaN
0,3,3,NaN
0,3,3,0.802297557591902
0,3,3,NaN
0,3,3,0.8842791248293348
0,3,3,NaN
0,3,3,NaN
0,3,3,NaN
0,3,3,NaN
0,3,3,NaN
0,3,3,NaN
0,3,3,0.4479232155172413
0,3,3,NaN
0,3,3,NaN
0,3,3,0.6311253596222562
0,3,3,NaN
0,3,3,NaN
0,3,3,0.4479232155172413
0,3,3,NaN
0,3,3,NaN
0,3,3,NaN
0,3,3,NaN
0,3,3,NaN
0,3,3,NaN
0,3,3,NaN
0,3,3,NaN
0,3,3,NaN
0,3,3,NaN
0,3,3,0.1187098235679931
0,3,3,0.3545890738916256
0,3,3,NaN
0,3,3,0.007127738633851516
0,3,3,0.27711952186670386
0,3,3,NaN
0,3,3,NaN
0,3,3,0.18051831243523325
0,3,3,0.4479232155172413
0,3,3,0.5865178779178963
0,3,3,NaN
0,3,3,0.3994536466045877
0,3,3,NaN
0,3,3,0.6734037797783934
0,3,3,NaN
0,3,3,NaN
0,3,3,NaN
0,3,3,NaN
0,3,3,NaN
0,3,3,0.1022633479497511
0,3,3,NaN
0,3,3,0.017959370146063955
0,3,3,0.0889252594028693
0,3,3,0.27711952186670386
0,3,3,NaN
0,3,3,NaN
0,3,3,NaN
0,3,3,0.20910819076120546
0,3,3,NaN
0,3,3,NaN
0,3,3,0.8842791248293348
0,3,3,NaN
0,3,3,0.5865178779178963
0,3,3,NaN
0,3,3,NaN
0,3,3,NaN
0,3,3,0.3994536466045877
0,3,3,0.4479232155172413
0,3,3,NaN
0,3,3,NaN
0,3,3,NaN
0,3,3,NaN
0,3,3,NaN
0,3,3,0.8673895283120647
0,3,3,NaN
0,3,3,NaN
0,3,3,0.0889252594028693
0,3,3,NaN
0,3,3,NaN
0,3,3,NaN
0,3,3,NaN
0,3,3,NaN
0,3,3,NaN
0,3,3,NaN
0,3,3,NaN
0,3,3,NaN
0,3,3,0.8257152214189352
0,3,3,NaN
0,3,3,NaN
0,3,3,0.6734037797783934
0,3,3,0.00025022717087654073
0,3,3,0.49517317979331793
0,3,3,NaN
0,3,3,NaN
0,3,3,0.03713138400000036
0,3,3,NaN
0,3,3,NaN
0,3,3,NaN
0,3,3,NaN
0,3,3,0.5399991833128603
0,3,3,NaN
0,3,3,NaN
0,3,3,NaN
0,3,3,NaN
0,3,3,NaN
0,3,3,0.8673895283120647
0,3,3,0.4479232155172413
0,3,3,NaN
0,3,3,NaN
0,3,3,NaN
0,3,3,NaN
0,3,3,NaN
0,3,3,NaN
0,3,3,NaN
0,3,3,NaN
0,3,3,NaN
0,3,3,NaN
0,3,3,0.49517317979331793
0,3,3,0.05123523252288849
0,3,3,0.24057453370157497
0,3,3,0.9341239860179514
0,3,3,NaN
0,3,3,NaN
0,3,3,0.6734037797783934
0,3,3,NaN
0,3,3,NaN
0,3,3,0.8842791248293348
0,3,3,NaN
0,3,3,0.4798585534248661
0,3,3,NaN
0,3,3,NaN
0,3,3,NaN
0,3,3,0.04240008868557447
0,3,3,NaN
0,3,3,NaN
0,3,3,0.5865178779178963
0,3,3,NaN
0,3,3,0.049784193691201066
0,3,3,0.47470207073663834
0,3,3,NaN
0,3,3,NaN
0,3,3,NaN
0,3,3,0.20910819076120546
0,3,3,NaN
0,3,3,NaN
0,3,3,0.9409499775572661
0,3,3,NaN
0,3,3,0.3994536466045877
0,3,3,NaN
0,3,3,NaN
0,3,3,NaN
0,3,3,0.24057453370157497
0,3,3,NaN
0,3,3,0.7741525432089743
0,3,3,NaN
0,3,3,NaN
0,3,3,0.5399991833128603
0,3,3,NaN
0,3,3,NaN
0,3,3,0.8257152214189352
0,3,3,NaN
0,3,3,NaN
0,3,3,0.3599959390430551
0,3,3,0.5865178779178963
0,3,3,0.13607587061668683
0,3,3,0.8673895283120647
0,3,3,NaN
0,3,3,NaN
0,3,3,NaN
0,3,3,NaN
0,3,3,0.0320862846643805
0,3,3,0.15681788281888331
0,3,3,NaN
0,3,3,NaN
0,3,3,NaN
0,3,3,NaN
0,3,3,NaN
0,3,3,NaN
0,3,3,NaN
0,3,3,0.0012702280626765566
0,3,3,NaN
0,3,3,NaN
0,3,3,NaN
0,3,3,0.02420793861740178
0,3,3,NaN
0,3,3,NaN
0,3,3,NaN
0,3,3,NaN
0,3,3,NaN
0,3,3,0.015565671711291711
0,3,3,0.7436042216854737
0,3,3,NaN
0,3,3,NaN
0,3,3,0.27711952186670386
0,3,3,NaN
0,3,3,0.8842791248293348
0,3,3,NaN
0,3,3,0.06733047183748836
0,3,3,0.3341596467553965
0,3,3,NaN
0,3,3,NaN
0,3,3,NaN
0,3,3,0.9158013531976743
0,3,3,NaN
0,3,3,NaN
0,3,3,NaN
0,3,3,NaN
0,3,3,NaN
0,3,3,NaN
0,3,3,NaN
0,3,3,NaN
0,3,3,NaN
0,3,3,0.6311253596222562
0,3,3,NaN
0,3,3,NaN
0,3,3,NaN
0,3,3,0.802297557591902
0,3,3,NaN
0,3,3,0.15681788281888331
0,3,3,0.0027711772253420815
0,3,3,NaN
0,3,3,0.20910819076120546
0,3,3,0.802297557591902
0,3,3,0.6734037797783934
0,3,3,NaN
0,3,3,NaN
0,3,3,NaN
0,3,3,NaN
0,3,3,NaN
0,3,3,NaN
0,3,3,0.06733047183748836
0,3,3,NaN
0,3,3,0.02097058734344152
0,3,3,NaN
0,3,3,NaN
0,3,3,NaN
0,3,3,NaN
0,3,3,NaN
0,3,3,NaN
0,3,3,NaN
0,3,3,NaN
0,3,3,0.06495324116494862
0,3,3,NaN
0,3,3,NaN
0,3,3,NaN
0,3,3,NaN
0,3,3,0.9158013531976743
0,3,3,NaN
0,3,3,NaN
0,3,3,NaN
0,3,3,NaN
0,3,3,NaN
0,3,3,NaN
0,3,3,0.9485320328726162
0,3,3,0.0320862846643805
0,3,3,NaN
0,3,3,NaN
0,3,3,0.9158013531976743
0,3,3,0.6311253596222562
0,3,3,NaN
0,3,3,NaN
0,3,3,NaN
0,3,3,0.847018481559038
0,3,3,0.9158013531976743
0,3,3,NaN
0,3,3,NaN
0,3,3,NaN
0,3,3,0.24057453370157497
0,3,3,NaN
0,3,3,NaN
0,3,3,NaN
0,3,3,NaN
0,3,3,0.1187098235679931
0,3,3,NaN
0,3,3,NaN
0,3,3,0.4479232155172413
0,3,3,NaN
0,3,3,0.7436042216854737
0,3,3,NaN
0,3,3,0.5399991833128603
0,3,3,0.24057453370157497
0,3,3,NaN
0,3,3,NaN
0,3,3,0.802297557591902
0,3,3,NaN
0,3,3,NaN
0,3,3,NaN
0,3,3,NaN
0,3,3,0.36770216081993656
0,3,3,NaN
0,3,3,NaN
0,3,3,NaN
0,3,3,0.929018891880075
0,3,3,NaN
0,3,3,0.847018481559038
0,3,3,0.015565671711291711
0,3,3,NaN
0,3,3,NaN
0,3,3,NaN
0,3,3,0.015565671711291711
0,3,3,0.010777834245389788
0,3,3,NaN
0,3,3,NaN
0,3,3,NaN
0,3,3,NaN
0,3,3,NaN
0,3,3,NaN
0,3,3,NaN
0,3,3,NaN
0,3,3,NaN
0,3,3,NaN
0,3,3,0.847018481559038
0,3,3,NaN
0,3,3,NaN
0,3,3,NaN
0,3,3,NaN
0,3,3,NaN
0,3,3,0.1187098235679931
0,3,3,NaN
0,3,3,NaN
0,3,3,NaN
0,3,3,NaN
0,3,3,NaN
0,3,3,0.31395395753854205
0,3,3,NaN
0,3,3,0.010777834245389788
0,3,3,0.023488876367568214
0,3,3,NaN
0,3,3,0.0033040285071258535
0,3,3,NaN
0,3,3,0.5865178779178963
0,3,3,NaN
0,3,3,NaN
0,3,3,NaN
0,3,3,0.017959370146063955
0,3,3,NaN
0,3,3,NaN
0,3,3,NaN
0,3,3,NaN
0,3,3,0.0889252594028693
0,3,3,NaN
0,3,3,0.7741525432089743
0,3,3,NaN
0,3,3,0.5865178779178963
0,3,3,NaN
0,3,3,0.5399991833128603
0,3,3,NaN
0,3,3,0.7106302897733945
0,3,3,0.8673895283120647
0,3,3,0.15681788281888331
0,3,3,NaN
0,3,3,NaN
0,3,3,0.017959370146063955
0,3,3,NaN
0,3,3,0.7741525432089743
0,3,3,NaN
0,3,3,NaN
0,3,3,0.8257152214189352
0,3,3,NaN
0,3,3,NaN
0,3,3,0.3545890738916256
0,3,3,NaN
0,3,3,0.004035747509798401
0,3,3,NaN
0,3,3,0.8673895283120647
0,3,3,NaN
0,3,3,NaN
0,3,3,0.0022928851255832015
0,3,3,0.18051831243523325
0,3,3,0.049784193691201066
0,3,3,NaN
0,3,3,NaN
0,3,3,NaN
0,3,3,NaN
0,3,3,0.49517317979331793
0,3,3,0.7436042216854737
0,3,3,NaN
0,3,3,NaN
0,3,3,0.6311253596222562
0,3,3,NaN
0,3,3,NaN
0,3,3,0.4479232155172413
0,3,3,NaN
0,3,3,NaN
0,3,3,NaN
0,3,3,NaN
0,3,3,0.05777681313131297
0,3,3,NaN
0,3,3,0.027828197784382988
0,3,3,NaN
0,3,3,NaN
0,3,3,NaN
0,3,3,NaN
0,3,3,0.18051831243523325
0,3,3,0.20910819076120546
0,3,3,0.007059614670472793
0,3,3,0.1187098235679931
0,3,3,0.20910819076120546
0,3,3,NaN
0,3,3,0.5399991833128603
0,3,3,NaN
0,3,3,NaN
0,3,3,0.009138191808191554
0,3,3,NaN
0,3,3,NaN
0,3,3,NaN
0,3,3,0.07730957836924375
0,3,3,NaN
0,3,3,NaN
0,3,3,NaN
0,3,3,NaN
0,3,3,NaN
0,3,3,NaN
0,3,3,NaN
0,3,3,NaN
0,3,3,NaN
0,3,3,NaN
0,3,3,NaN
0,3,3,NaN
0,3,3,NaN
0,3,3,0.8257152214189352
0,3,3,NaN
0,3,3,0.49517317979331793
0,3,3,NaN
0,3,3,NaN
0,3,3,NaN
0,3,3,NaN
0,3,3,NaN
0,3,3,0.3994536466045877
0,3,3,NaN
0,3,3,NaN
0,3,3,NaN
0,3,3,NaN
0,3,3,0.31395395753854205
0,3,3,NaN
0,3,3,0.3545890738916256
0,3,3,NaN
0,3,3,NaN
0,3,3,NaN
0,3,3,0.49517317979331793
0,3,3,0.017201984659045554
0,3,3,NaN
0,3,3,NaN
0,3,3,NaN
0,3,3,NaN
0,3,3,NaN
0,3,3,0.7154611297706338
0,3,3,NaN
0,3,3,NaN
0,3,3,NaN
0,3,3,NaN
0,3,3,NaN
0,3,3,NaN
0,3,3,0.9158013531976743
0,3,3,NaN
0,3,3,0.24057453370157497
0,3,3,0.7741525432089743
0,3,3,0.5865178779178963
0,3,3,NaN
0,3,3,0.027828197784382988
0,3,3,0.20910819076120546
0,3,3,NaN
0,3,3,0.49275525826604244
0,3,3,0.5865178779178963
0,3,3,0.5865178779178963
0,3,3,0.929018891880075
0,3,3,NaN
0,3,3,0.5865178779178963
0,3,3,NaN
0,3,3,0.7436042216854737
0,3,3,0.4479232155172413
0,3,3,NaN
0,3,3,NaN
0,3,3,NaN
0,3,3,NaN
0,3,3,NaN
0,3,3,NaN
0,3,3,0.1187098235679931
0,3,3,NaN
0,3,3,NaN
0,3,3,0.7436042216854737
0,3,3,NaN
0,3,3,0.6311253596222562
0,3,3,NaN
0,3,3,0.7741525432089743
0,3,3,NaN
0,3,3,NaN
0,3,3,NaN
0,3,3,NaN
0,3,3,NaN
0,3,3,NaN
0,3,3,NaN
0,3,3,NaN
0,3,3,NaN
0,3,3,0.012926942381561383
0,3,3,NaN
0,3,3,NaN
0,3,3,NaN
0,3,3,NaN
0,3,3,NaN
0,3,3,NaN
0,3,3,0.0889252594028693
0,3,3,NaN
0,3,3,NaN
0,3,3,NaN
0,3,3,NaN
0,3,3,NaN
0,3,3,NaN
0,3,3,NaN
0,3,3,NaN
0,3,3,NaN
0,3,3,NaN
0,3,3,0.9011477651240992
0,3,3,NaN
0,3,3,NaN
0,3,3,0.7741525432089743
0,3,3,NaN
0,3,3,NaN
0,3,3,0.5399991833128603
0,3,3,NaN
0,3,3,NaN
0,3,3,0.9933297745204696
0,3,3,NaN
0,3,3,NaN
0,3,3,NaN
0,3,3,0.3545890738916256
0,3,3,0.8257152214189352
0,3,3,0.3994536466045877
0,3,3,NaN
0,3,3,0.3545890738916256
0,3,3,NaN
0,3,3,NaN
0,3,3,NaN
0,3,3,NaN
0,3,3,NaN
0,3,3,NaN
0,3,3,NaN
0,3,3,0.07730957836924375
0,3,3,NaN
0,3,3,NaN
0,3,3,NaN
0,3,3,NaN
0,3,3,NaN
0,3,3,0.06733047183748836
0,3,3,NaN
0,3,3,NaN
0,3,3,NaN
0,3,3,NaN
0,3,3,0.0889252594028693
0,3,3,NaN
0,3,3,0.07730957836924375
0,3,3,NaN
0,3,3,NaN
0,3,3,NaN
0,3,3,NaN
0,3,3,NaN
0,3,3,0.05777681313131297
0,3,3,NaN
0,3,3,0.9893409295121445
0,3,3,NaN
0,3,3,0.004090871616932862
0,3,3,NaN
0,3,3,NaN
0,3,3,NaN
0,3,3,NaN
0,3,3,0.9158013531976743
0,3,3,NaN
0,3,3,NaN
0,3,3,NaN
0,3,3,NaN
0,3,3,0.03713138400000036
0,3,3,0.06733047183748836
0,3,3,0.31395395753854205
0,3,3,0.7741525432089743
0,3,3,NaN
0,3,3,0.00035218762859303153
0,3,3,0.18051831243523325
0,3,3,0.5399991833128603
0,3,3,NaN
0,3,3,NaN
0,3,3,NaN
0,3,3,0.06686274909262904
0,3,3,NaN
0,3,3,NaN
0,3,3,NaN
0,3,3,NaN
0,3,3,NaN
0,3,3,0.31395395753854205
0,3,3,NaN
0,3,3,NaN
0,3,3,NaN
0,3,3,NaN
0,3,3,0.5399991833128603
0,3,3,NaN
0,3,3,0.1022633479497511
0,3,3,NaN
0,3,3,NaN
0,3,3,NaN
0,3,3,NaN
0,3,3,NaN
0,3,3,0.20735799438635738
0,3,3,0.7106302897733945
0,3,3,NaN
0,3,3,NaN
0,3,3,NaN
0,3,3,0.09912846925676018
0,3,3,NaN
0,3,3,0.048680919929403405
0,3,3,NaN
0,3,3,NaN
0,3,3,NaN
0,3,3,0.0889252594028693
0,3,3,0.20910819076120546
0,3,3,0.15098796556451127
0,3,3,NaN
0,3,3,0.15681788281888331
0,3,3,NaN
0,3,3,NaN
0,3,3,0.802297557591902
0,3,3,NaN
0,3,3,0.7741525432089743
0,3,3,NaN
0,3,3,NaN
0,3,3,0.8257152214189352
0,3,3,NaN
0,3,3,0.9409499775572661
0,3,3,0.06733047183748836
0,3,3,NaN
0,3,3,0.9011477651240992
0,3,3,NaN
0,3,3,NaN
0,3,3,NaN
0,3,3,NaN
0,3,3,NaN
