hfq_lcd_1,hfq_lcd_2,nb_ints,bp_fdr
44371,13252,57623,0.04974410813442702
43292,13087,56379,2.2029259119930053e-6
12583,8366,20949,0.5840299604140061
14260,5435,19695,0.014040548778749938
12025,6765,18790,0.7659187175498298
11032,4282,15314,0.999996
10003,4955,14958,0.922483585895465
7309,5887,13196,9.479840912829308e-20
8238,3591,11829,6.5900917065086e-14
8725,3001,11726,6.126121894522751e-8
7877,2968,10845,0.5193632727992216
6114,3994,10108,3.53642351724694e-6
7590,2102,9692,1.0913316441171638e-18
7445,1644,9089,0.00013522796136840513
5624,2730,8354,3.122655762848013e-7
6472,1857,8329,1.2751219571261248e-32
5924,2381,8305,2.2454350351821642e-10
5934,2122,8056,0.4389759442456205
5550,2474,8024,0.00024499468628549426
4288,3253,7541,0.12046913446977732
5268,2075,7343,0.0019575942924920132
5461,1713,7174,0.39365820288251563
5366,1589,6955,3.3739236217044675e-53
2412,4012,6424,NaN
2299,3768,6067,NaN
3253,2601,5854,0.4916134177182704
4105,1529,5634,7.484778594831405e-20
4031,1583,5614,5.427038880838001e-10
3714,1759,5473,0.7033740002530463
3955,1489,5444,3.2395127995144674e-12
3506,1777,5283,0.9998660036806113
3512,1749,5261,0.6334435298335073
2731,2521,5252,0.3979367638450166
3415,1487,4902,0.10644627622097674
3243,1636,4879,8.58227442464696e-7
3318,1244,4562,0.5054514935536817
2608,1783,4391,0.7102960753443381
3199,1187,4386,3.1760566198490414e-11
2991,1378,4369,4.721685426793666e-15
2796,1479,4275,0.0220768988097168
2912,1344,4256,0.28062252137118787
3082,969,4051,1.5694052311489993e-21
2743,1286,4029,3.1029574915731734e-10
2887,1116,4003,3.0840416476718565e-25
2834,1123,3957,0.3147278493122561
2246,1603,3849,0.534054961478336
2292,1281,3573,0.8617097556108892
2310,1255,3565,0.8204795116931126
2101,1460,3561,0.00898857547329416
2662,874,3536,0.9775183427557455
2397,986,3383,1.3412481476922431e-9
2355,956,3311,0.2516836209930126
2552,727,3279,0.07736076670652509
2411,789,3200,0.37736730121069784
1809,1272,3081,3.46630009035245e-15
2129,759,2888,0.99604904991201
1759,1042,2801,1.1782650848985863e-33
1922,833,2755,0.016352394412106192
1898,696,2594,0.018444893135257334
1932,658,2590,0.047311290040124646
1910,656,2566,0.03025847703180226
1824,691,2515,0.0077233181991708715
1772,724,2496,4.980935662053442e-11
1706,764,2470,2.1180601000126336e-10
1732,728,2460,0.6108999997325166
1789,653,2442,0.1067447846152783
1651,762,2413,7.013443501074254e-7
1596,783,2379,0.2770589453938832
1531,822,2353,0.31568835286364344
1608,740,2348,8.583291273554825e-29
1368,945,2313,2.0144728641638553e-12
1384,899,2283,0.0005754317082386792
1702,554,2256,0.0012266061315004489
1571,680,2251,7.879396124767928e-5
1495,676,2171,0.7977757736796346
1651,494,2145,1.1390564404237803e-6
1578,521,2099,0.18561760226461765
1598,494,2092,3.2157875761266165e-45
1472,612,2084,1.6387770808029546e-31
1525,549,2074,0.00011088488539257851
1569,500,2069,0.003026305008992098
1597,439,2036,0.5773495910338519
1344,691,2035,0.37966544874635244
1733,283,2016,1.8293162095834404e-5
1461,533,1994,5.9490126187756094e-5
1416,570,1986,1.0395241059989123e-10
1275,699,1974,9.843282038176e-10
1586,368,1954,0.7022402488459972
1106,749,1855,0.7943141978951035
1188,640,1828,0.8582276572512665
1297,528,1825,0.7008553584305408
1219,603,1822,0.4869472780660612
1001,815,1816,0.0003275816149475601
1287,512,1799,0.002919444951241586
1228,531,1759,0.0830887012592842
1354,398,1752,0.534054961478336
1075,670,1745,1.7487087794632257e-13
1288,443,1731,0.00033741248898179097
1105,625,1730,0.3147278493122561
644,1084,1728,NaN
574,1146,1720,0.3975116527519486
1217,487,1704,0.12196444410581492
1224,479,1703,2.0732300033439524e-13
1160,536,1696,8.950997228013393e-14
1221,466,1687,1.2876306092019091e-9
1184,496,1680,0.000973982279995316
552,1113,1665,0.4908366836009763
1230,433,1663,0.11741270453294912
1416,235,1651,5.6328594579854156e-11
1240,407,1647,0.0019359673145037447
1177,463,1640,6.297838128614708e-13
1103,529,1632,0.0003407154784705581
1141,482,1623,6.967777098231029e-10
1188,415,1603,0.35270282393404856
991,548,1539,3.400694442687015e-31
1061,462,1523,4.15650623642379e-18
1096,425,1521,0.15825796727093777
1099,413,1512,4.2228310233997233e-5
1025,478,1503,0.10644627622097674
1007,488,1495,1.5185187675484615e-7
1038,447,1485,0.00790632807386165
1031,452,1483,2.0569104703290693e-13
470,1006,1476,0.9063225015573723
419,1048,1467,0.8949950374154003
1029,434,1463,0.00010552287471745226
1042,400,1442,0.001955155024580015
994,444,1438,0.7659187175498298
914,515,1429,2.853803582193313e-9
480,945,1425,0.2580595767923911
879,541,1420,NaN
492,924,1416,NaN
918,494,1412,0.8418168267177661
432,978,1410,0.7189094959893816
1151,256,1407,8.095135465912552e-12
978,428,1406,0.9799588626550771
996,410,1406,5.713730090376868e-15
405,988,1393,0.9118418350915881
1025,367,1392,0.09331494238381467
771,620,1391,0.21603881787141976
982,408,1390,2.4850331752786367e-6
1033,355,1388,0.3239112752640122
1069,319,1388,2.8484502147478635e-60
1047,325,1372,0.2461054741725501
943,426,1369,2.4529492079839e-13
915,453,1368,0.9941692455764074
913,447,1360,0.11898278256535483
479,877,1356,NaN
678,669,1347,0.4583768310367516
1031,304,1335,0.0005004122285269049
997,337,1334,0.003442105670104662
862,471,1333,1.2170574366300698e-22
705,620,1325,0.7351022872357142
1005,319,1324,0.004540383126869653
996,325,1321,0.0029572106652285958
857,464,1321,0.0012434011156564385
664,653,1317,0.5849406750208228
867,449,1316,8.07371124214416e-5
694,617,1311,0.4869472780660612
896,411,1307,0.393782197545752
999,307,1306,7.311167477385496e-13
887,417,1304,0.0044313318978025165
1041,261,1302,1.3434360562832958e-11
850,447,1297,0.02310509478740751
489,806,1295,NaN
669,624,1293,0.7008553584305408
920,373,1293,0.05424732234742218
440,838,1278,0.25990850867455345
730,546,1276,0.008058185955363818
946,323,1269,0.541325444620825
994,275,1269,3.2317190393011663e-7
641,622,1263,0.4389759442456205
1003,256,1259,0.692552805586331
718,535,1253,8.969495134087481e-13
785,463,1248,4.678544379172458e-5
773,474,1247,0.03468779084967369
517,722,1239,0.12196444410581492
673,561,1234,0.4219814386852214
846,388,1234,1.566940427692593e-13
767,436,1203,0.14756760480801712
689,490,1179,7.214171769258559e-15
343,834,1177,0.37815637614042613
923,253,1176,1.3824384550459826e-25
740,436,1176,0.6335589834571864
789,384,1173,0.009886583305940173
883,288,1171,0.021528123455291828
903,263,1166,0.00018588587545685477
879,278,1157,0.038688238861236346
698,450,1148,0.02813430697689705
853,289,1142,0.03138332252398156
784,349,1133,4.5661158017533224e-5
406,723,1129,NaN
461,667,1128,0.2770589453938832
420,706,1126,0.6629394266610144
414,710,1124,NaN
367,757,1124,0.161264881038212
671,453,1124,5.787431604652114e-6
759,364,1123,0.8204795116931126
903,206,1109,0.9487839677475771
817,291,1108,0.01995093235643817
815,293,1108,0.0033570874081873332
805,303,1108,0.7802089643343069
792,313,1105,0.31648866811628934
797,303,1100,0.8204795116931126
687,411,1098,0.7008553584305408
382,715,1097,0.1135094910315754
649,444,1093,0.18561760226461765
594,493,1087,0.6629394266610144
698,386,1084,0.995140525590174
782,300,1082,5.504288975776026e-14
761,315,1076,8.583291273554825e-29
758,316,1074,0.7008553584305408
790,271,1061,0.0030454135922729953
791,243,1034,0.7659187175498298
727,303,1030,0.9998865541516637
651,378,1029,9.761845593856339e-5
685,339,1024,7.884597174752992e-5
563,457,1020,0.08115644780417555
839,180,1019,1.2669991971373376e-9
670,349,1019,3.7033881554251977e-6
697,321,1018,0.35163936320323114
829,185,1014,5.3871777507839917e-17
379,633,1012,0.161264881038212
662,350,1012,2.843983516935032e-7
668,337,1005,0.9097889372969507
790,213,1003,0.003178350581099375
640,360,1000,1.5754684554798253e-6
677,322,999,0.0001363169013234502
600,395,995,1.6349683787631767e-15
724,270,994,0.18561760226461765
356,628,984,0.24299412154726827
548,435,983,2.9792133989045682e-18
591,383,974,0.053280468744529914
347,626,973,0.7659187175498298
790,181,971,1.1326521976089386e-10
625,345,970,0.14080710657571024
606,362,968,0.6211047067208528
564,400,964,0.4791984973072263
610,350,960,0.5151753191966242
306,641,947,0.23136573777456157
308,633,941,0.18561760226461765
661,275,936,0.25673780528632745
336,589,925,0.8443555463948681
674,245,919,0.0018540553810664176
602,316,918,0.026598075258698728
583,330,913,0.6653674959233236
689,216,905,3.1960798869591923e-5
727,176,903,0.7008553584305408
761,135,896,1.4837954343606559e-5
676,220,896,0.02584382764665981
658,233,891,0.4389759442456205
692,196,888,5.886286703981965e-7
620,267,887,0.027262377825996335
269,617,886,NaN
308,576,884,0.21187913375295056
591,286,877,8.105432739304505e-12
566,302,868,0.9640595357288213
553,315,868,0.6629394266610144
644,220,864,4.7489526615599075e-18
500,361,861,0.3200668390791122
668,181,849,0.015964109286073423
585,260,845,0.0015791155778910266
552,291,843,7.661830883966734e-7
271,567,838,0.4389759442456205
583,254,837,5.007469105715552e-6
559,278,837,0.12196444410581492
472,363,835,0.24299412154726827
673,160,833,2.306002342773808e-19
614,218,832,0.4389759442456205
587,245,832,0.11385320501254903
512,314,826,0.00413632405351317
663,155,818,4.491071923408603e-11
486,316,802,0.018058651876135933
589,209,798,1.5635704533029683e-5
515,281,796,2.134951658662662e-6
553,235,788,NaN
527,258,785,0.05295374443847441
551,231,782,6.930868131989991e-9
448,332,780,0.07604299014913152
567,210,777,0.04041496353931588
296,480,776,0.2770589453938832
549,226,775,0.6089267360264234
640,134,774,3.24462426109454e-9
457,316,773,8.881467865330186e-18
499,269,768,0.0006793525752528965
471,293,764,3.3183799799704736e-12
590,168,758,1.1785170921379205e-16
578,180,758,7.311167477385496e-13
563,191,754,0.826576465561231
559,193,752,0.7943141978951035
249,502,751,NaN
461,283,744,0.0006523868314985196
537,202,739,0.8418168267177661
476,262,738,0.8909018427452994
489,247,736,4.196258105978583e-5
462,272,734,5.96816854233775e-23
552,181,733,6.359135747929245e-6
505,227,732,0.02611284212389445
561,170,731,0.8617097556108892
518,213,731,0.07273583849998777
540,189,729,0.803972815990225
239,487,726,NaN
479,243,722,1.41813568794214e-47
412,307,719,0.45990715920083386
535,182,717,0.08115644780417555
395,319,714,0.7659187175498298
487,222,709,NaN
525,180,705,0.8412603537595704
516,186,702,0.045946027748132785
525,176,701,0.7943141978951035
545,152,697,0.025310177519526886
483,210,693,0.2770589453938832
508,181,689,0.8480252105272096
488,201,689,3.3926048488070385e-17
509,178,687,9.593902067774e-5
491,195,686,5.298173947466988e-6
526,158,684,0.005346600048504454
505,178,683,0.8204795116931126
527,150,677,0.9105928399507813
224,451,675,0.18561760226461765
528,139,667,1.2778680857635364e-5
377,287,664,0.04936160547886079
236,428,664,0.2830146499846518
344,318,662,0.24299412154726827
361,294,655,0.014424898560419225
405,250,655,0.6211047067208528
467,184,651,0.00014271154710528684
374,277,651,0.7484410493768417
405,244,649,6.503494744801442e-8
482,166,648,0.922483585895465
448,199,647,1.749775525037794e-9
473,172,645,2.515637512129223e-5
521,123,644,0.038940779846123146
442,198,640,0.028621645628048833
412,227,639,1.205275024606943e-11
498,140,638,0.1201143344328434
357,281,638,0.46473541362348364
451,186,637,0.12196444410581492
438,196,634,0.00413632405351317
455,178,633,5.757924766041787e-14
404,227,631,0.7120588430681319
443,187,630,0.2770589453938832
222,406,628,0.3147278493122561
480,147,627,0.0003792252749630071
452,175,627,2.228081959350563e-6
230,394,624,NaN
444,173,617,0.08077094313636739
460,155,615,6.620480695249882e-11
422,193,615,0.3009723250220456
212,403,615,0.5579158840401912
454,157,611,0.31069665359392146
398,213,611,0.006802761464986573
435,173,608,4.511470102146207e-16
361,244,605,0.6211047067208528
355,248,603,0.8996931859633125
356,241,597,3.704367641956177e-5
395,200,595,0.0013000655952364942
340,254,594,0.2842991957549431
438,155,593,0.922483585895465
433,160,593,0.03382954102634446
430,163,593,4.017764917798068e-11
419,173,592,4.976407787214677e-13
457,134,591,0.5773495910338519
428,160,588,0.0002590835251059936
417,171,588,5.7923278684586985e-9
212,371,583,0.10644627622097674
426,155,581,0.9939446910231204
364,212,576,0.04649936375630396
393,182,575,0.0002836559025736531
345,230,575,0.003910924950553983
219,355,574,NaN
398,175,573,0.9336743037628588
393,180,573,2.0453638604856e-14
202,370,572,0.5773495910338519
338,232,570,0.3147278493122561
411,157,568,0.5773495910338519
301,265,566,0.03468779084967369
272,289,561,0.8204795116931126
214,347,561,NaN
420,139,559,0.7357362704635994
413,145,558,0.015275003064588158
398,159,557,0.7975120912818462
360,197,557,0.002211472720971423
202,355,557,0.161264881038212
208,348,556,0.03468779084967369
431,125,556,0.3147278493122561
195,359,554,0.922483585895465
162,392,554,0.2770589453938832
367,187,554,NaN
355,197,552,3.6114479060175734e-11
385,166,551,0.5425457830298537
347,200,547,0.6974034546221247
410,136,546,2.6465409237377395e-26
400,145,545,5.015352434861316e-7
412,130,542,0.7008553584305408
331,208,539,0.39365820288251563
403,135,538,0.00039192673212000954
376,159,535,0.8360902998170182
360,174,534,9.298231450261248e-6
349,184,533,0.04886518512935699
372,160,532,0.0016430526526439615
368,163,531,0.038963048183312414
336,195,531,0.006693786332522052
400,130,530,0.023546991747505342
386,143,529,0.4962887866735181
397,132,529,0.017369847792662815
383,145,528,9.697343233803593e-19
328,200,528,0.0039899128411827745
365,162,527,0.12527747737794018
373,152,525,0.6178895453292093
386,137,523,1.9277091838520213e-6
379,143,522,0.39485676604319586
366,156,522,5.52906764041638e-6
332,189,521,0.00862121193769434
363,158,521,0.5773495910338519
375,145,520,0.2770589453938832
400,119,519,0.21187913375295056
327,192,519,1.8485556246483606e-10
331,188,519,0.5393029437117984
303,215,518,NaN
362,156,518,0.010987402191208558
376,141,517,0.00022585280345768715
389,128,517,0.012457150108174607
273,243,516,0.8279783769294874
376,138,514,0.9749834651108517
381,133,514,0.004723919096633492
413,96,509,7.96216327069468e-5
177,330,507,0.8418168267177661
327,179,506,0.7659187175498298
352,153,505,NaN
341,163,504,0.016123819920282008
356,148,504,3.653462235159929e-7
341,163,504,1.879044950215853e-17
351,150,501,0.6283153692821408
351,150,501,6.851289934730694e-6
347,154,501,0.00048405132763311773
366,132,498,0.0002867638315293207
372,125,497,8.832280703593515e-7
383,114,497,0.022653579175154037
408,89,497,1.1870475603380536e-8
284,212,496,0.7351022872357142
311,183,494,0.0016406364966428137
306,188,494,2.2172924184854218e-10
329,162,491,6.50875267590235e-19
363,127,490,0.4869472780660612
368,122,490,3.306011065511206e-17
354,135,489,0.0036163860528979717
321,167,488,0.7846050231285548
309,178,487,3.6517127710557378e-9
341,146,487,0.060878314710131116
373,112,485,0.0016148630465786286
363,121,484,0.9127734140659327
352,130,482,6.666755282124534e-11
183,298,481,0.21365415163132023
359,121,480,5.336259377090919e-11
344,135,479,7.45722664576633e-10
254,225,479,0.00015863245600137275
318,160,478,0.02611284212389445
335,142,477,6.454343662252349e-5
365,111,476,0.9949968607913179
304,170,474,0.001983877192286879
284,190,474,0.46170565157719007
334,139,473,NaN
309,163,472,8.421881527760991e-8
339,133,472,1.979549495570027e-10
131,341,472,0.2010153073308743
265,206,471,6.019750919797443e-6
366,105,471,0.05170296051679507
311,160,471,0.011984134957195625
380,90,470,3.901310921273105e-36
302,167,469,0.00011899097329724025
337,132,469,8.845937304779758e-5
361,107,468,0.6552714012682327
157,311,468,0.4584457217856004
271,196,467,0.6629394266610144
357,109,466,2.1482146114086133e-9
309,156,465,6.620480695249882e-11
369,95,464,0.11576840775275975
289,171,460,2.660561622261393e-6
257,200,457,0.0422058491693444
313,144,457,6.554973762206533e-17
324,132,456,4.3452432177123316e-11
291,164,455,0.07667895619967527
146,309,455,0.17073857273354326
301,151,452,0.2469388473695841
317,133,450,8.039689601964379e-13
239,211,450,0.31252720619154184
260,188,448,0.9534911290835386
277,168,445,0.03025847703180226
352,93,445,0.3576080092401936
312,133,445,2.72216708744814e-15
302,143,445,0.7197834116090229
323,121,444,0.0003682726570359969
290,153,443,1.0534011938648118e-5
342,99,441,1.0144165355785942e-12
314,125,439,2.4083320328019367e-7
300,139,439,0.24299412154726827
261,176,437,0.7008553584305408
320,116,436,6.6814282945286915e-18
312,122,434,2.953923589664866e-11
314,120,434,0.007604333423812305
219,215,434,0.4389759442456205
286,146,432,0.908884201870921
289,142,431,3.556758083140273e-6
243,188,431,0.008471478823668345
299,131,430,0.9336743037628588
336,94,430,5.9359780330832335e-6
328,101,429,0.24462003318202968
329,100,429,8.141288600880281e-5
363,66,429,0.07357649306156214
261,165,426,0.042117497916500816
328,97,425,0.6714251375576679
285,140,425,0.6653674959233236
213,211,424,0.9097889372969507
260,163,423,0.002677825129491305
292,131,423,0.0002979793880864739
299,121,420,3.769228671195422e-18
330,90,420,0.24299412154726827
343,75,418,0.10070693515600117
273,145,418,0.0002720091930454509
255,162,417,0.9984864687965505
280,137,417,2.085463595757003e-7
248,169,417,0.10644627622097674
231,185,416,0.03468779084967369
273,143,416,NaN
144,272,416,NaN
283,132,415,0.852536807846587
162,253,415,0.534310401165067
200,215,415,0.03025847703180226
294,120,414,8.184731979418956e-13
339,75,414,4.659412365918317e-7
265,148,413,0.22416194109842236
288,125,413,0.09764923573412541
239,172,411,0.9919085348057683
162,249,411,NaN
285,124,409,7.444027361319852e-17
308,100,408,0.7351022872357142
276,131,407,0.029676906351163553
279,128,407,2.3067350222922175e-6
270,137,407,2.298318065692555e-7
145,261,406,0.6629394266610144
143,263,406,0.9799588626550771
279,126,405,3.7765045604280644e-6
307,97,404,0.8032696328773963
148,256,404,0.18561760226461765
291,112,403,NaN
283,120,403,0.16453780181491093
233,170,403,0.7559412384221212
326,77,403,0.10644627622097674
140,262,402,0.45570178425917024
240,161,401,0.3266945258173944
316,84,400,0.24603115705892453
303,96,399,0.8464926546600554
334,64,398,0.4389759442456205
264,134,398,0.7902513979164743
247,151,398,0.39365820288251563
219,178,397,5.387218497583685e-11
272,125,397,0.00845056704731292
277,119,396,0.09754780656641729
262,133,395,0.04596190493770469
298,96,394,0.48083909220465093
269,124,393,0.7008553584305408
209,183,392,0.43055181266669107
236,155,391,1.5162477565674563e-17
259,131,390,0.26928071593144887
257,133,390,0.014363757898445673
210,180,390,0.01665427012593045
280,109,389,0.10269960825880914
151,238,389,0.6096143863489443
148,239,387,0.1450477724603556
256,131,387,0.019582362947367808
298,87,385,8.969495134087481e-13
246,139,385,0.3049874246518596
270,114,384,0.8765592290012908
268,116,384,0.03750929240547421
251,132,383,0.9661296487043673
256,126,382,0.00012396250494040031
215,167,382,0.7008553584305408
260,122,382,5.666563725890382e-9
258,123,381,0.9435607054298799
223,158,381,0.8949950374154003
222,157,379,0.35163936320323114
218,159,377,1.181137264055799e-10
295,82,377,0.00018588587545685477
222,155,377,0.5773495910338519
273,103,376,0.27217903062938126
255,117,372,2.1482146114086133e-9
138,231,369,NaN
270,98,368,0.019582362947367808
266,102,368,0.36866048722538713
258,109,367,0.5624100504369717
198,169,367,1.221938361477372e-10
285,81,366,0.867169084156056
251,115,366,0.844667654736721
252,114,366,0.962032138983051
284,81,365,0.10644627622097674
268,96,364,0.022120463036518552
249,115,364,0.8988062836196541
234,129,363,0.24486919264730536
204,158,362,0.001975684292139489
251,111,362,0.045946027748132785
271,90,361,0.004618501086978314
268,92,360,0.232708089510707
273,87,360,6.050173505336153e-10
243,117,360,0.3572143890423341
277,82,359,0.00988720052329571
256,103,359,8.77157357196805e-5
267,92,359,0.0015115103327261895
255,103,358,2.804086906394373e-8
253,105,358,0.10644627622097674
273,85,358,1.1957321371816145e-16
270,88,358,0.8949950374154003
290,67,357,0.00406437026290287
291,65,356,0.4466148107424236
233,122,355,0.7420147642587998
260,93,353,0.6629394266610144
262,90,352,7.670799014640468e-7
246,106,352,0.20442072218096355
254,96,350,0.03025847703180226
262,87,349,0.777548695970422
250,99,349,1.2530699155527196e-5
188,161,349,0.08382493497430613
246,102,348,NaN
248,98,346,NaN
157,189,346,0.9534911290835386
266,80,346,0.004533012711893797
118,228,346,0.35163936320323114
260,85,345,2.9561254871391176e-15
227,118,345,0.7659187175498298
234,110,344,1.9200660932749635e-12
249,94,343,7.327945101012692e-15
244,99,343,0.0014358692173194996
249,94,343,0.31843070633078185
240,101,341,0.9050990973328124
236,105,341,0.2863640673975693
218,122,340,1.8041696041178542e-7
242,98,340,0.03973270879120916
247,92,339,0.3147278493122561
251,88,339,0.9336743037628588
262,76,338,2.93567140481306e-7
262,76,338,0.0004289783195061519
163,175,338,0.7280709263066725
226,111,337,0.5773495910338519
235,102,337,0.01381288687478966
246,90,336,2.229836085127548e-6
229,107,336,0.2552638131282408
231,105,336,0.35163936320323114
197,138,335,0.11666956712296303
263,72,335,0.3147278493122561
271,63,334,0.09115793722769029
233,101,334,1.1308402281836923e-6
186,146,332,2.0564234402915626e-8
269,62,331,3.1960798869591923e-5
234,97,331,0.00013615424609687707
176,154,330,0.4389759442456205
245,85,330,0.2770589453938832
233,97,330,2.253619933154282e-5
228,102,330,2.9902301843209632e-6
212,117,329,0.8384481472662157
271,58,329,0.027549387701307947
217,111,328,0.007827960273527267
235,93,328,4.37216425309106e-12
220,108,328,0.0830792560332467
237,90,327,0.8370758226203499
237,89,326,0.010996665363160563
225,101,326,0.7008553584305408
217,109,326,0.0005358867667097031
198,128,326,0.04672447173521511
232,94,326,0.0014937697818024735
202,123,325,0.019785905388493306
233,92,325,0.9336743037628588
260,65,325,0.02742268938034843
216,109,325,0.00017485955488694973
228,97,325,0.35163936320323114
197,128,325,0.4389759442456205
237,87,324,0.06988872661807305
228,95,323,0.2770589453938832
235,88,323,9.613703118973644e-12
189,134,323,4.66614663792642e-5
239,83,322,1.546934387433043e-5
244,77,321,0.35578977322864774
208,113,321,1.9159170969810503e-10
226,95,321,NaN
200,120,320,1.0799552326892759e-7
225,94,319,0.9799588626550771
236,82,318,0.0012373144963665752
225,93,318,0.028636146959983073
211,107,318,3.3858589438824214e-5
232,85,317,5.653571646307364e-5
206,111,317,NaN
209,107,316,4.8087171112439515e-9
224,92,316,0.6211047067208528
225,91,316,0.010513782791765154
132,184,316,0.5087372810900149
194,121,315,1.9486575929738182e-5
227,87,314,0.9449214369148148
230,84,314,NaN
190,124,314,0.7351022872357142
241,73,314,0.0017984467203957842
248,65,313,2.842348064718857e-5
211,102,313,0.10644627622097674
199,114,313,0.9189054557969497
194,119,313,1.2765520368705803e-13
201,112,313,5.1474793782378566e-12
185,128,313,0.13529600293644933
229,84,313,0.3147278493122561
229,83,312,5.107312594678585e-10
234,78,312,0.19139852316218878
160,151,311,0.7351022872357142
207,104,311,0.8766728837217256
216,94,310,0.009624944599801047
216,94,310,0.012312680098234751
224,86,310,0.005100602238806189
196,113,309,NaN
201,108,309,NaN
190,119,309,0.5773495910338519
198,111,309,3.897466419345002e-10
191,118,309,0.0072545825784821405
238,70,308,0.05593845714327695
140,167,307,0.005618825556215957
151,156,307,3.957040744243696e-10
181,125,306,0.0330961405083111
208,98,306,0.003559663568807932
178,128,306,2.185214231692658e-10
167,139,306,0.12196444410581492
217,88,305,0.7659187175498298
206,99,305,0.6211047067208528
216,88,304,0.0028945610236231576
89,215,304,0.03619200129043808
253,51,304,0.13293377529333872
128,176,304,0.00022007309637868275
193,110,303,0.9434251691815317
206,96,302,1.0357735612562776e-19
222,79,301,6.562279436534618e-9
237,64,301,0.9953888195066217
199,102,301,2.3005167443202198e-9
183,117,300,0.000796850143955608
198,102,300,0.0029718769448246213
210,90,300,5.787516148235942e-9
195,105,300,0.7659187175498298
204,95,299,0.4918613481568423
194,105,299,0.001588027004668533
191,107,298,0.24002261890471727
163,135,298,0.39839241532248826
208,90,298,0.5532407804862252
222,76,298,0.9076037183415674
173,125,298,0.7008553584305408
217,80,297,0.05341658382834295
193,104,297,0.08115644780417555
203,93,296,0.3302665745400069
239,56,295,0.5562754654286676
248,46,294,0.7659187175498298
219,75,294,0.005141255807955851
208,85,293,0.8412163162120959
202,90,292,0.7351022872357142
224,67,291,0.03613954004326752
194,97,291,0.4389759442456205
192,99,291,0.4615644273436794
194,96,290,0.1032058058241861
192,97,289,0.06937960443114918
215,74,289,1.750223176523336e-13
177,112,289,0.0022706342552791608
213,76,289,0.13323400560526102
222,66,288,0.0001485811459613138
191,97,288,0.06913391684107303
207,81,288,0.34833254382280215
163,125,288,0.008200510315952194
216,72,288,0.10712124809811158
196,92,288,0.2770589453938832
192,95,287,0.35163936320323114
203,84,287,6.935075562279343e-13
127,160,287,0.5773495910338519
130,155,285,1.5154879065814681e-6
215,70,285,4.81706929748682e-7
219,66,285,0.4869472780660612
199,84,283,0.5773495910338519
173,110,283,0.003971385009923787
181,102,283,0.534054961478336
219,64,283,0.8949950374154003
201,81,282,0.8949950374154003
203,79,282,1.2486719576283292e-8
155,127,282,2.900642809301396e-14
200,81,281,2.6334918111304266e-5
137,144,281,0.7008553584305408
135,146,281,0.6211047067208528
209,71,280,0.004080718131543972
195,84,279,0.6344913482788823
173,106,279,0.6478919733899859
172,107,279,0.028323213529358304
198,80,278,0.7351022872357142
180,98,278,0.24727362003320658
205,73,278,1.2945673801532945e-8
197,81,278,NaN
200,76,276,0.00035601661631126164
187,89,276,0.7631310563649918
133,142,275,NaN
191,84,275,0.6211047067208528
189,86,275,0.014622215252562276
194,80,274,0.7818225163719436
234,40,274,0.018330436718246846
189,85,274,0.5773495910338519
184,89,273,0.7281664681950081
153,120,273,0.0006215823834623923
185,87,272,3.4519229360250465e-6
200,71,271,0.29590980172407827
169,102,271,0.10644627622097674
194,77,271,0.35163936320323114
214,57,271,NaN
181,90,271,4.550622245436532e-10
146,124,270,0.0004215661509991045
205,65,270,1.0686383431666675e-11
192,76,268,2.0074635003576645e-9
201,67,268,0.03973270879120916
137,131,268,0.0013634398934972056
157,111,268,0.1541212310308391
154,114,268,1.1887703493593544e-11
201,66,267,0.7887149681428335
201,66,267,0.6632238971162197
190,77,267,4.15650623642379e-18
185,82,267,1.1956717372179122e-9
171,95,266,2.6550196367666183e-6
173,93,266,0.9437397839411277
187,79,266,0.284957002957702
189,76,265,0.012342852914757072
192,73,265,0.08299820710003629
164,101,265,0.0734148084128689
195,69,264,9.376450915183416e-5
183,81,264,0.161264881038212
170,93,263,0.004894031214910739
190,73,263,0.22167592870919117
193,69,262,0.4952387725561592
189,73,262,0.18561760226461765
186,75,261,1.1352747550042942e-14
161,100,261,0.0004765772964722823
192,69,261,0.003966762935298037
157,104,261,0.001843386005326815
179,82,261,0.41789553794913065
185,75,260,0.7145808588988297
200,60,260,0.882667076629416
190,69,259,0.9925899028181979
179,80,259,0.021144466256426762
194,65,259,0.12196444410581492
189,70,259,0.08967119365104001
118,141,259,0.7008553584305408
144,114,258,0.9097889372969507
163,95,258,0.39365820288251563
153,105,258,2.7772603550976605e-17
201,57,258,0.01850488325446461
205,53,258,0.12196444410581492
178,80,258,NaN
190,68,258,0.04348766885797362
167,90,257,0.18561760226461765
154,102,256,0.6524676781379923
153,103,256,0.08115644780417555
148,108,256,0.1376296664790945
174,82,256,0.8791469822960243
181,74,255,0.019582362947367808
145,110,255,1.9746880667614528e-5
82,173,255,0.37721003636101785
209,45,254,0.00011438263156640649
118,136,254,NaN
172,82,254,5.465471564766894e-7
150,104,254,0.9090413128056967
140,113,253,0.1181090117793894
180,73,253,0.08679546463298016
121,132,253,0.3082277332123515
75,178,253,0.4929829710270914
175,77,252,4.575001358214913e-8
179,72,251,0.9974603576725495
140,111,251,0.2013611398391865
120,131,251,0.3284562981539611
166,85,251,0.045253815340275186
167,84,251,3.3074035178705286e-6
174,77,251,0.29856346186224036
200,50,250,0.00024278293911310058
196,54,250,0.03468779084967369
136,113,249,1.1315357506359218e-6
145,103,248,0.035056572889184075
138,110,248,0.14080710657571024
180,68,248,4.1775871584014125e-11
178,70,248,4.883691881872087e-9
145,103,248,1.1785170921379205e-16
162,86,248,3.979845761074002e-10
106,142,248,0.7220935262693114
185,62,247,1.28121557477425e-6
175,72,247,0.007437357695293506
170,77,247,0.3316360807278051
155,92,247,0.994406414605967
152,95,247,0.05014307186825348
82,164,246,0.4869472780660612
192,54,246,0.29798974300239034
145,101,246,0.4869472780660612
177,69,246,2.1330275506754164e-22
171,75,246,0.534054961478336
169,77,246,4.029532683340881e-12
177,68,245,4.999103060739459e-39
194,50,244,3.4588868267918887e-13
150,94,244,0.31330220974083883
164,79,243,1.993657562423959e-5
191,52,243,0.0015922678764189898
142,101,243,8.003378112310858e-10
163,80,243,0.5434088709023174
118,125,243,0.6389971333699435
210,33,243,5.263720631570668e-5
145,98,243,0.06058247105517931
176,67,243,0.34688113046899954
75,168,243,0.7008553584305408
124,118,242,0.198705715275459
139,103,242,0.0023003636286993896
154,88,242,0.37187805683451136
191,49,240,0.33587329197923604
174,66,240,0.24299412154726827
163,76,239,0.0008342360951740487
196,43,239,0.006571725097831007
178,60,238,0.9943852327422857
173,65,238,0.8204795116931126
183,55,238,0.9520359889940059
147,90,237,0.2576140616087441
144,93,237,0.045946027748132785
78,159,237,0.6629394266610144
168,69,237,0.08115644780417555
162,75,237,0.7351022872357142
174,62,236,0.00010124940817403963
188,48,236,0.3147278493122561
130,106,236,0.00015194282157994428
161,75,236,0.03025847703180226
185,51,236,2.368679700703201e-6
177,58,235,0.02761989432208407
161,74,235,1.7358924768956514e-10
154,81,235,4.053574385207141e-15
184,51,235,0.10198852637045991
167,68,235,0.1732488326891539
188,46,234,0.002442085217303715
144,90,234,0.001941216469384327
149,85,234,0.14080710657571024
165,69,234,0.10609222060962996
161,72,233,0.7351022872357142
179,54,233,2.7674518808884353e-8
165,68,233,6.795325917673262e-7
173,60,233,1.0543436892111368e-5
165,68,233,0.07514011489986097
192,40,232,0.00035601661631126164
127,105,232,1.8803619433292773e-9
126,106,232,0.2776297949584378
145,86,231,0.011216032093369343
168,63,231,3.1839230253075624e-13
159,72,231,3.5655861293273935e-5
139,92,231,0.12196444410581492
124,107,231,NaN
151,80,231,0.8606816622501778
165,66,231,3.491572320105978e-10
123,108,231,0.6211047067208528
140,91,231,0.02202254088447591
160,71,231,0.0008430403999525831
167,63,230,0.015226941817209988
169,61,230,2.220811456483211e-11
173,57,230,0.022170234800634056
147,82,229,0.7008553584305408
191,38,229,0.21328968498798026
167,61,228,0.004390079885367551
154,74,228,0.03025847703180226
92,136,228,NaN
170,58,228,0.0029718769448246213
170,58,228,0.005816488208853708
159,68,227,0.03025847703180226
173,54,227,0.03707795441553579
172,55,227,6.985835302648512e-17
172,55,227,8.003378112310858e-10
163,64,227,0.009966359977728023
140,87,227,3.465440715842911e-6
123,103,226,0.18054937557104417
135,91,226,4.712168602037742e-19
76,150,226,0.24128753679446632
202,24,226,0.045946027748132785
114,112,226,0.962032138983051
139,87,226,0.03973270879120916
172,53,225,0.005601450817427053
172,53,225,0.03009520469865628
161,63,224,2.0016594307002945e-6
171,53,224,0.04402719977135434
160,64,224,0.0038083847870874414
100,124,224,0.39365820288251563
159,64,223,0.03031479915402185
158,65,223,0.00043744616454762105
169,54,223,0.9881090509938303
123,100,223,0.18839326951151658
151,71,222,0.9999237926224697
142,80,222,2.2872484954273092e-6
114,107,221,0.6478919733899859
160,61,221,1.3341215765031216e-11
154,67,221,0.03025847703180226
127,93,220,0.004956941057371284
149,71,220,1.3101727634492166e-10
149,70,219,NaN
170,49,219,0.022641636257990223
151,68,219,8.736331407378015e-9
153,65,218,0.10987128564837938
167,51,218,0.22197835285542045
145,73,218,0.23881507079768635
140,78,218,1.1820129250546747e-5
130,88,218,0.0144200970839818
153,65,218,0.999848455078594
158,59,217,9.1961792871126e-10
169,48,217,0.6442176605645411
150,67,217,0.5792683882237893
155,61,216,1.0913316441171638e-18
131,85,216,3.083546670603025e-11
162,54,216,0.005555346024975286
144,72,216,0.2389819932412771
158,58,216,0.045946027748132785
160,56,216,0.06058247105517931
158,58,216,0.17153900750596018
157,59,216,1.1174462385474618e-13
103,113,216,0.7659187175498298
125,90,215,0.5904519537503439
159,56,215,0.4079729422740599
145,70,215,0.0115450379775055
136,79,215,0.018743731947517547
160,55,215,0.24299412154726827
150,65,215,0.08643117555826332
170,45,215,0.9989982334323374
161,53,214,0.07549071471762002
153,61,214,0.0002879727086855793
141,73,214,0.5942374708100833
151,63,214,0.9444012070806406
149,65,214,0.14080710657571024
134,80,214,1.6712624486568755e-7
165,48,213,0.09255059209503884
155,58,213,0.30640233601525574
151,62,213,NaN
117,96,213,0.7008553584305408
142,71,213,0.030608795049868704
138,75,213,5.176771609803132e-5
122,91,213,0.05989781694308545
150,62,212,0.2770589453938832
136,76,212,0.7104708855184598
164,48,212,0.0012205599655506735
136,76,212,0.5773495910338519
110,102,212,0.7008553584305408
151,61,212,0.990878680435455
145,67,212,3.2049527184077257e-6
128,83,211,0.022641636257990223
132,79,211,0.17413102697283914
159,52,211,0.0010127597912604543
154,57,211,4.661800885060801e-6
149,62,211,0.07967142994274783
100,111,211,NaN
124,86,210,0.3147278493122561
76,134,210,NaN
137,73,210,3.062758717930233e-5
157,53,210,1.016356242293737e-5
145,64,209,0.0025737943999426705
146,63,209,0.361060686020693
142,67,209,0.7944613759764607
143,66,209,1.8120751693349972e-7
166,42,208,0.6629394266610144
156,51,207,0.02835265660554501
159,48,207,0.35163936320323114
159,48,207,0.7866460041196065
122,85,207,5.015352434861316e-7
151,56,207,0.9827566003930968
126,81,207,0.0009902402436905466
132,74,206,0.35163936320323114
151,55,206,0.1446400367745036
146,60,206,0.8847309812643585
176,30,206,0.012509763100155323
151,54,205,0.698069303800134
141,64,205,0.9157487313799676
152,52,204,0.41840473775346176
136,68,204,0.045946027748132785
152,52,204,0.3285335574629799
144,60,204,0.5304669366947995
130,74,204,0.03973270879120916
142,62,204,0.000324931970540197
135,69,204,0.08948638535110999
134,70,204,0.0013966598495862765
146,57,203,0.9534911290835386
118,85,203,2.8797635476023005e-5
120,82,202,NaN
156,46,202,0.6957907878633879
155,47,202,0.6629394266610144
103,99,202,6.691154041423887e-5
135,66,201,0.24340443941024154
131,70,201,0.9868127318375616
169,32,201,0.047497102912494524
125,76,201,0.4389759442456205
103,98,201,0.8030673914546491
127,73,200,0.35163936320323114
139,61,200,0.31163933522603804
139,60,199,9.919097680697894e-7
152,47,199,0.09331494238381467
112,87,199,0.9444012070806406
134,64,198,0.7635829558513987
145,53,198,4.066204997883728e-5
74,124,198,0.5622112427334438
135,63,198,0.12196444410581492
140,58,198,0.7306781092150603
129,69,198,0.870892114809517
131,66,197,0.4389759442456205
162,35,197,0.7722475829155616
113,84,197,5.0333891307651404e-5
127,70,197,5.722270233905596e-6
153,44,197,0.010996665363160563
107,90,197,NaN
145,52,197,9.360096334001523e-5
80,117,197,NaN
148,49,197,0.005188012658228575
132,64,196,0.0015113869400890068
135,61,196,0.3669178126367692
124,72,196,1.0063131542332948e-16
140,56,196,0.0007522786889216337
158,37,195,0.5773495910338519
137,58,195,7.96216327069468e-5
125,70,195,1.8637435530920107e-11
155,39,194,0.534054961478336
154,40,194,0.01116233418487497
154,40,194,3.6712435568394505e-8
118,76,194,0.0013757830547979602
153,41,194,0.10644627622097674
140,54,194,0.0003114660134551369
145,49,194,0.633915824150963
119,75,194,0.010968349417948803
123,70,193,0.6159298901431483
120,73,193,0.8250468999538634
143,49,192,3.375509510561877e-7
129,63,192,1.1251508525196614e-7
117,75,192,0.42574831014242004
113,79,192,0.91618901831581
154,38,192,0.024430882104746244
127,65,192,0.019582362947367808
99,93,192,0.8204795116931126
117,74,191,0.8578204507836078
108,83,191,0.21187913375295056
114,77,191,NaN
124,67,191,NaN
113,78,191,0.4389759442456205
130,61,191,0.000417415753829536
146,45,191,0.0010106286493244518
112,79,191,0.9941692455764074
157,34,191,0.00413632405351317
133,57,190,0.355832374579296
138,52,190,0.99604904991201
130,60,190,0.4869472780660612
154,36,190,8.521806189627585e-5
128,62,190,0.9749834651108517
127,63,190,0.010018388728402137
143,46,189,0.21187913375295056
133,56,189,0.7351022872357142
124,65,189,0.922483585895465
139,50,189,0.0014147641625312964
123,66,189,NaN
145,44,189,0.01011138691101824
129,60,189,4.249329705805809e-5
127,62,189,0.6409224277501605
142,46,188,2.7387784787598054e-12
138,50,188,0.18561760226461765
110,78,188,0.4238804330047129
120,68,188,6.823659830884988e-8
138,50,188,1.5080367474319989e-5
141,47,188,0.10351796697424816
113,74,187,0.02611284212389445
144,43,187,0.14080710657571024
123,64,187,0.6629394266610144
112,75,187,0.35163936320323114
114,73,187,0.000321722777499824
116,71,187,0.2272990192585825
145,41,186,0.9693734004302669
155,31,186,0.09873744593638595
142,44,186,1.0357735612562776e-19
125,61,186,0.02045329849744411
111,74,185,0.8311238797664695
125,60,185,0.8418168267177661
125,60,185,3.7822886895057156e-5
136,49,185,0.00038185890737328556
128,56,184,0.04812646600048716
134,50,184,0.019582362947367808
132,52,184,0.00413632405351317
98,86,184,0.14080710657571024
114,70,184,0.011303978443007314
106,78,184,0.0016172446297451019
120,64,184,0.9534911290835386
114,70,184,0.9230006134394297
115,69,184,0.534054961478336
110,73,183,0.7222650192013701
139,44,183,1.179925824209513e-6
117,66,183,NaN
65,118,183,NaN
132,49,181,3.1839230253075624e-13
132,49,181,6.529215361375692e-8
130,51,181,2.3744116416474654e-5
117,64,181,NaN
113,68,181,0.14080710657571024
148,33,181,0.037082896980244244
93,88,181,0.7843538272290882
132,48,180,0.12196444410581492
113,67,180,0.8204795116931126
132,48,180,0.2712647099490058
118,62,180,0.7659187175498298
142,37,179,0.20460766784521667
126,53,179,NaN
106,73,179,1.126499829450747e-9
139,40,179,0.7659187175498298
136,42,178,0.06006321451487784
113,65,178,0.9481958859603208
128,50,178,0.03468779084967369
116,62,178,NaN
114,64,178,0.14139512866441026
123,55,178,9.71999744394805e-28
104,74,178,0.7008553584305408
124,54,178,0.023774491580584253
123,55,178,5.212202020762032e-6
117,61,178,0.06058247105517931
136,41,177,1.0476598881123832e-11
115,62,177,0.0013769377401155044
115,62,177,0.10644627622097674
96,81,177,0.8949950374154003
102,74,176,0.7222811818794479
122,54,176,0.20024431910276425
125,51,176,3.78589884099785e-9
135,41,176,0.8204795116931126
76,100,176,0.5439275401893664
122,54,176,0.9946944022052442
121,55,176,0.9926200226853247
111,65,176,NaN
100,76,176,0.06475015914323731
129,47,176,0.7008553584305408
99,77,176,0.161264881038212
118,57,175,6.191582176273852e-7
140,35,175,7.046757424497653e-7
123,52,175,0.0007427064611449033
120,55,175,1.7659534553448837e-11
120,55,175,6.719499156701482e-5
125,50,175,1.994552275252929e-6
122,53,175,2.0614190181047803e-10
135,40,175,0.706288026969108
112,62,174,NaN
125,49,174,0.8204795116931126
85,89,174,0.9451172734378421
119,55,174,0.44718656556275743
129,45,174,0.013208789618695331
99,75,174,6.521853029939272e-5
87,87,174,4.0052102093650145e-17
129,45,174,NaN
121,52,173,0.9961875587031468
142,31,173,0.4637497806500958
104,69,173,0.611521220517822
119,54,173,NaN
61,112,173,NaN
56,117,173,0.6211047067208528
138,34,172,0.8204795116931126
99,73,172,0.45846380163386896
132,40,172,0.045946027748132785
91,81,172,2.108804540447245e-21
107,65,172,0.0009896124283736614
124,47,171,0.8418168267177661
110,61,171,0.2770686715811647
119,52,171,0.004328948066977928
99,72,171,0.8793214511248222
98,73,171,0.00533981454155817
118,52,170,0.3147278493122561
115,55,170,1.2487423481799826e-7
115,55,170,2.6589353147083348e-8
129,40,169,0.07688770111426049
115,54,169,5.0969542786883385e-5
117,52,169,0.37630981565884625
99,70,169,0.0030138933553211667
120,49,169,0.00034141728656630736
105,64,169,0.922483585895465
124,45,169,0.10464665334208803
124,45,169,4.098985284463324e-5
130,38,168,0.21807206053152578
120,48,168,0.058782223477500936
113,55,168,4.9141780794180685e-20
63,105,168,0.22955495242350815
116,52,168,2.8087506618013756e-5
107,60,167,0.6450457264225375
117,50,167,NaN
128,39,167,0.010272421156247201
131,36,167,4.3751107122245394e-11
118,49,167,0.9941692455764074
108,59,167,0.1522509683986979
144,23,167,0.10231820626615427
114,53,167,0.99604904991201
105,61,166,0.00033547114811295934
131,35,166,0.9901160763313901
128,38,166,0.0006564120146385228
46,120,166,0.8601089645053039
125,41,166,0.03973270879120916
126,40,166,0.9988438550211445
123,43,166,0.07489129934768632
114,52,166,5.774116892238227e-6
96,70,166,NaN
104,62,166,0.4869472780660612
92,74,166,0.08256782987037131
95,71,166,0.00027789627067966767
127,38,165,5.66253962809481e-6
111,54,165,0.002952493206432499
120,45,165,0.42789123536766605
134,31,165,0.7728707002647945
111,53,164,0.04470578578971025
116,48,164,0.6211047067208528
111,53,164,0.5101312508717238
113,51,164,2.537798127893629e-6
124,40,164,0.9386052440178437
115,49,164,1.2605126050795601e-8
125,39,164,0.019582362947367808
112,52,164,4.405790967898978e-8
119,45,164,0.9952627051816906
125,38,163,0.14080710657571024
103,60,163,0.1754339773807303
122,41,163,0.012204806538164878
94,69,163,0.9534911290835386
103,60,163,0.14080710657571024
115,48,163,7.531730201829972e-14
100,63,163,0.8204795116931126
113,50,163,1.3053456153589304e-5
114,49,163,0.012018478547000746
127,36,163,0.013595179396091573
111,52,163,0.0019552079847115385
105,57,162,0.08115644780417555
106,56,162,6.311975938288113e-7
124,38,162,0.046538137932580236
117,45,162,1.2488078963623525e-12
112,50,162,0.019582362947367808
122,40,162,0.9720673101228994
128,34,162,0.7351022872357142
123,39,162,0.040697458438555115
108,54,162,0.4389759442456205
98,64,162,0.04918195957177875
107,55,162,0.042978821500222565
61,101,162,NaN
121,40,161,0.03800976987160749
121,40,161,1.230497100257791e-7
96,65,161,0.18561760226461765
121,40,161,0.08859552750496198
109,52,161,0.8393892930117468
109,52,161,0.4799420177389996
121,39,160,2.28683623770138e-5
112,48,160,0.20597297021869848
99,61,160,0.16872123862352775
109,51,160,2.6245162519490148e-5
109,50,159,0.15603851805791696
108,51,159,0.004425418181847327
98,61,159,0.18729507620242022
104,55,159,0.35163936320323114
93,66,159,NaN
117,42,159,0.06882786994458306
105,54,159,0.0379274271602934
85,74,159,0.9712279622534329
112,47,159,0.02126955611126622
92,67,159,0.41533863543159627
130,29,159,1.968828957334751e-13
112,47,159,2.4669595951867143e-8
90,68,158,0.7008553584305408
111,47,158,0.2692022099613307
115,42,157,0.9336743037628588
119,38,157,0.7943141978951035
123,34,157,0.00019461746425617803
119,38,157,2.475590865978138e-6
100,57,157,0.032820980859400446
115,41,156,0.9941692455764074
109,47,156,0.6104682909971111
102,54,156,0.005827491062071712
88,68,156,0.017098839926401415
100,55,155,0.7871757737420328
111,44,155,0.09331494238381467
114,41,155,0.0642277090513701
113,42,155,0.8949950374154003
100,55,155,4.058340561287018e-6
84,71,155,0.009024563550051332
109,46,155,4.227496133881203e-7
120,35,155,6.332791878732807e-14
73,82,155,0.3352287911177761
109,45,154,0.022077637476038192
116,38,154,0.534054961478336
74,80,154,NaN
102,52,154,0.5773495910338519
106,48,154,0.4869472780660612
108,46,154,0.4869472780660612
104,50,154,1.6048932692543397e-7
105,49,154,0.4389759442456205
76,78,154,0.9543833244909562
111,42,153,0.02164910967182785
105,48,153,0.0026984003437704666
107,46,153,0.19035775604123129
115,38,153,0.8676123991119944
105,47,152,0.08077094313636739
104,48,152,1.561325328860365e-6
98,54,152,0.026598075258698728
109,43,152,0.005100602238806189
114,38,152,0.508422158324025
98,54,152,3.1114764751271465e-5
71,81,152,0.916676001458629
129,22,151,0.08115644780417555
105,46,151,0.12682469706220584
105,46,151,1.4177585325218068e-11
94,57,151,0.0021438073094898463
100,51,151,0.9336743037628588
106,45,151,0.7943141978951035
103,48,151,0.016000581523245624
110,40,150,0.5773495910338519
130,20,150,0.030602464227934497
103,47,150,0.003442105670104662
108,42,150,0.7987333826685922
103,47,150,0.693897149477077
89,61,150,0.1458500272135505
99,50,149,0.9749834651108517
99,50,149,0.7864267008863149
109,40,149,4.058340561287018e-6
99,50,149,0.0025669482870042466
86,63,149,0.006172260624392092
108,41,149,0.2125487511971706
107,42,149,4.069203740622302e-5
83,66,149,1.3201934725055183e-6
101,48,149,0.4869472780660612
117,32,149,0.35163936320323114
111,38,149,1.4041983585585964e-5
92,57,149,0.3998118647575543
115,34,149,0.99465264760576
99,49,148,5.4748240843244e-5
93,55,148,0.1446400367745036
100,48,148,0.5304663611940221
106,42,148,0.0029407313498759574
77,71,148,0.013595179396091573
100,48,148,0.5457119719915697
113,35,148,0.2211209245765646
105,43,148,1.979247539062951e-6
93,55,148,5.760419721689169e-8
95,52,147,0.9534911290835386
105,42,147,0.2761044152880227
116,31,147,0.6553614129179545
88,59,147,0.0006071333892141271
96,51,147,1.022632407620079e-6
103,44,147,0.005602408307196068
84,63,147,NaN
99,48,147,0.00413632405351317
96,50,146,1.675662785728088e-11
112,34,146,0.013387439288402688
104,42,146,0.4869472780660612
117,29,146,0.2770589453938832
92,54,146,0.9941692455764074
113,32,145,1.796032134096965e-14
97,48,145,0.12747075101832725
108,37,145,0.014899972975701501
100,45,145,0.042194721655372705
93,52,145,0.6092144081708829
103,42,145,1.0532976342198252e-6
90,54,144,0.08115644780417555
99,45,144,0.003369398407916329
60,84,144,0.4976269258155545
82,62,144,5.284108901560945e-9
102,42,144,0.005626010252058748
105,39,144,0.5773495910338519
82,62,144,0.3646289802811392
101,42,143,6.3492441371679425e-18
105,38,143,0.00620456002232339
112,31,143,0.0003332184508776019
102,41,143,0.01577397233687826
113,30,143,0.06955183960749836
114,29,143,0.2105999483505263
90,53,143,NaN
90,53,143,0.09398912139819202
93,50,143,0.016352394412106192
82,61,143,0.34170628805000014
78,65,143,0.2675138709900428
109,34,143,0.3841318116444642
87,56,143,0.00013783781915660418
80,63,143,0.15032886857103506
98,44,142,2.05795178810817e-5
88,54,142,0.9845924478014567
116,26,142,0.03973270879120916
106,36,142,0.026650938483709922
100,42,142,0.016352394412106192
102,40,142,3.0661436007041126e-7
92,50,142,1.2364862007628421e-8
97,45,142,0.181810198686594
114,28,142,0.21187913375295056
100,42,142,0.8418168267177661
95,46,141,0.4869472780660612
94,47,141,0.00023477669136752558
105,36,141,0.027453518545810712
72,69,141,0.7351022872357142
121,20,141,0.00011818625941426899
86,55,141,0.034845564549224675
105,36,141,6.908434170951406e-5
94,47,141,0.8891191584280538
104,36,140,0.05926561757408639
115,25,140,0.15629364795438788
117,23,140,0.0004585349808446998
55,85,140,0.2994238847355182
97,43,140,0.0015215147847959481
93,46,139,0.9336743037628588
90,49,139,0.1654542735645321
104,35,139,0.15228880004625403
100,39,139,0.5773495910338519
107,32,139,0.3147278493122561
91,48,139,NaN
96,43,139,0.5357788148935093
102,36,138,0.4389759442456205
83,55,138,0.2749074453172604
87,51,138,0.00336098192953208
97,41,138,0.9465875327709586
97,41,138,0.3387083595686507
69,69,138,0.002254789422045526
93,45,138,0.00022179477413887408
93,45,138,0.020166869376333735
102,36,138,8.914762811051696e-7
88,49,137,0.8949950374154003
79,58,137,0.01612806710460519
100,37,137,0.0017899720090595417
95,42,137,0.39365820288251563
101,36,137,0.004210371571965452
97,40,137,0.061748026947658116
88,49,137,7.676635387592739e-24
95,42,137,0.4869472780660612
113,24,137,0.14080710657571024
94,43,137,0.09095584036466085
88,49,137,0.07063762792964794
99,38,137,0.35163936320323114
101,35,136,0.16271124261857228
96,40,136,0.6480762267678103
81,55,136,8.344520737730288e-5
79,57,136,0.03973270879120916
72,64,136,0.014109888983822342
74,62,136,0.778139771155509
102,33,135,0.013268777345962143
88,47,135,0.4592557052246985
93,42,135,0.4869472780660612
108,27,135,0.49942374838529546
90,45,135,0.09331494238381467
94,41,135,7.2737019151667424e-6
90,45,135,0.016352394412106192
92,43,135,0.0014850026481310564
103,32,135,0.0006047681396351361
82,53,135,0.9941692455764074
97,38,135,0.05295374443847441
107,28,135,0.003509892874899685
83,52,135,0.161264881038212
80,55,135,0.7862510501580874
118,17,135,0.1707094971999539
85,50,135,0.10644627622097674
85,50,135,0.21187913375295056
98,36,134,0.1947815884601935
98,36,134,0.03025847703180226
58,76,134,0.25050822730001826
89,45,134,NaN
75,59,134,1.404242739548074e-7
89,45,134,0.015645748398386408
94,40,134,0.4389759442456205
96,38,134,0.1762853142385177
104,29,133,0.0012418060922411316
102,31,133,0.06988872661807305
93,40,133,0.008764857943074753
116,17,133,8.224065410854007e-13
85,48,133,0.5773495910338519
83,50,133,2.6920495434101464e-7
97,36,133,0.017389464679728208
76,57,133,0.03468779084967369
116,17,133,0.06320392338262411
91,42,133,0.19975097425058808
81,51,132,0.922483585895465
94,38,132,0.005009824019822615
93,39,132,8.539892071667783e-25
87,45,132,0.0048165662605653475
87,45,132,0.007835273408968023
98,34,132,0.5539557287180772
74,58,132,NaN
99,33,132,0.03468779084967369
92,40,132,1.1983323964112743e-10
76,56,132,NaN
66,66,132,4.4904884997223484e-5
102,30,132,0.7008553584305408
76,56,132,0.35163936320323114
88,44,132,4.9788496876132944e-8
77,55,132,0.4389759442456205
102,29,131,6.342619860268025e-11
72,59,131,0.46791531091722954
81,50,131,3.059413398411911e-12
92,39,131,0.9868127318375616
94,37,131,0.23423190581380204
92,39,131,0.9306278689279674
80,50,130,0.10644627622097674
95,35,130,0.8949950374154003
87,43,130,0.999996
90,40,130,0.2770589453938832
81,49,130,0.1602216100569728
85,45,130,0.022997154201549852
90,40,130,0.2259766960360218
85,45,130,0.14798786515457305
110,20,130,0.12196444410581492
71,59,130,3.097891882972583e-8
83,46,129,NaN
87,42,129,0.9094065811546215
91,38,129,0.161264881038212
84,45,129,5.915332210711014e-7
80,49,129,NaN
67,62,129,0.008226647174960942
86,43,129,0.04716785689767463
78,51,129,0.0026643898934079666
102,26,128,0.11252693437115008
99,29,128,0.047311290040124646
89,39,128,2.8448872394144462e-5
90,38,128,8.61264915621717e-13
81,47,128,0.0006682570106673369
93,35,128,0.7818551664947967
80,48,128,0.05295374443847441
67,61,128,0.9976421736640568
79,49,128,0.02611284212389445
93,35,128,5.223273227149841e-6
97,31,128,7.493035622068557e-5
80,48,128,NaN
81,47,128,0.534054961478336
82,46,128,2.72216708744814e-15
87,41,128,0.9135212765508999
92,35,127,0.12620842859642312
94,33,127,0.004560860816978294
77,50,127,NaN
70,57,127,0.8791469822960243
87,40,127,0.004415726866360286
95,32,127,0.8418168267177661
96,31,127,5.610439997958655e-6
91,35,126,0.6513920684919834
83,43,126,0.5140085219676841
98,28,126,0.0018612079209103579
69,57,126,0.36002413759371626
72,54,126,9.591793237025711e-12
93,33,126,0.028416200145929108
89,37,126,5.164122350096788e-16
96,30,126,0.5773495910338519
74,52,126,0.46491898118843533
74,52,126,1.0187664138357144e-5
104,21,125,0.02284500987981075
102,23,125,0.9336743037628588
68,57,125,0.41840473775346176
82,43,125,0.2588512762205636
71,54,125,0.057560054304113525
86,39,125,0.0005358867667097031
81,44,125,0.1467015913167849
88,37,125,0.142200984685383
71,54,125,0.020917431402639356
86,39,125,0.2861954242835238
107,18,125,0.8949950374154003
79,46,125,0.011625908468073121
75,50,125,8.879195050493485e-6
86,39,125,0.008530106906362129
86,39,125,0.009256373504537414
94,31,125,0.007301007018087934
92,33,125,0.12196444410581492
95,30,125,0.18561760226461765
90,35,125,4.498389290122529e-7
66,59,125,NaN
93,32,125,0.17261914933565872
66,59,125,NaN
75,49,124,0.9885626115035703
91,33,124,0.5482402451094076
96,28,124,0.31780009352309413
72,52,124,6.787935726254891e-7
88,36,124,0.10795116947875855
70,54,124,0.26571375593877056
99,24,123,0.8966951898966256
88,35,123,0.7943141978951035
104,19,123,0.006091701711492965
85,38,123,3.0888578510744186e-7
88,35,123,0.02611284212389445
85,38,123,0.2770589453938832
85,38,123,0.02765014211960353
71,52,123,0.022641636257990223
65,58,123,0.48964378892755017
103,19,122,0.001024281269849672
83,39,122,0.10644627622097674
84,38,122,0.6339802367489301
90,32,122,0.3871305454178555
97,25,122,0.6619941456357576
85,37,122,0.6629394266610144
78,44,122,0.4869472780660612
98,24,122,2.5902879710418825e-6
97,25,122,0.6211047067208528
65,57,122,0.5218901627570489
86,36,122,9.772339906416778e-6
91,30,121,1.2599188282344898e-10
89,32,121,4.196258105978583e-5
86,35,121,0.03973270879120916
91,30,121,0.20800493241222034
87,34,121,0.5539708794989985
73,48,121,0.04794146005822703
91,30,121,0.9799588626550771
71,50,121,0.3931259934185257
90,31,121,0.045946027748132785
92,29,121,0.013595179396091573
93,28,121,0.0030045390721246726
90,31,121,0.30958508510536414
86,35,121,0.03025847703180226
77,43,120,0.0913925924324584
81,39,120,0.16621900309806611
78,42,120,0.011625908468073121
75,45,120,0.8418168267177661
91,29,120,0.08768086849742554
73,47,120,0.0002595111394780951
75,45,120,NaN
91,29,120,0.017365161748101158
81,39,120,0.0012605831872105505
96,24,120,3.01710040432945e-16
94,26,120,0.13293377529333872
77,43,120,0.7659187175498298
83,37,120,0.26096469787350796
81,39,120,NaN
73,47,120,0.12237808455381326
65,55,120,0.9581420046754097
53,67,120,0.05543210020535341
86,33,119,0.02611284212389445
79,40,119,0.7008553584305408
84,35,119,0.014261663518506674
74,45,119,2.299189883459599e-11
89,30,119,NaN
87,32,119,0.0019711719204356056
82,37,119,1.2825003599508116e-5
72,47,119,0.2653663902215474
47,72,119,0.49325637405001743
66,53,119,0.006571725097831007
86,33,119,8.613456628165204e-7
69,50,119,0.225302357905227
89,29,118,0.1403175327529739
78,40,118,0.14613860170278625
97,21,118,0.06058247105517931
66,52,118,3.83757277014229e-5
90,28,118,0.0014287842937130237
85,33,118,0.00029563362700735723
73,45,118,0.35163936320323114
71,47,118,0.045946027748132785
70,48,118,0.10057622729614654
86,32,118,0.349428066407448
62,56,118,0.010715748412665371
88,29,117,0.0026182206158839112
82,35,117,1.2509671102789666e-6
67,50,117,0.05094886140480614
72,45,117,0.16239187406407737
82,35,117,0.922483585895465
79,38,117,0.5773495910338519
89,28,117,8.641048218395439e-8
76,41,117,0.0015489899951748821
78,39,117,0.0005659372039789398
86,31,117,0.011625908468073121
63,54,117,0.06058247105517931
93,23,116,7.4359331950788635e-6
70,46,116,0.3147278493122561
78,38,116,0.0014112671001169656
83,33,116,0.3866019107223004
62,54,116,0.5773495910338519
61,55,116,0.8418168267177661
63,53,116,0.06058247105517931
84,32,116,2.748058948561434e-6
69,47,116,0.6830037458635984
84,32,116,1.4227904728491447e-7
69,47,116,0.4909101820451657
83,33,116,1.5117277728596627e-5
70,46,116,0.7284284092215785
88,28,116,2.5081898796490446e-7
59,57,116,0.7139428665007193
83,33,116,0.27734868535765844
82,33,115,0.6296518923565885
93,22,115,0.0002155105987575802
82,33,115,1.9401207818202316e-5
78,37,115,0.0614843523327368
85,30,115,3.977197068030092e-7
84,31,115,0.016352394412106192
66,49,115,0.8791469822960243
73,42,115,0.05897962786263063
72,43,115,0.35163936320323114
97,18,115,0.685431344769164
83,32,115,6.56742091563583e-6
77,38,115,0.013067247723251267
68,47,115,0.922483585895465
76,39,115,0.0009185228760666515
83,31,114,0.39365820288251563
67,47,114,5.221666813524993e-7
75,39,114,2.7509778603024936e-5
78,36,114,NaN
76,38,114,0.21187913375295056
82,32,114,0.002144739130434723
91,23,114,0.0005393455693510408
80,34,114,0.05295374443847441
74,40,114,9.561250969559444e-5
72,42,114,0.01794408664788339
73,41,114,0.001939365683749861
80,34,114,0.9853706867891592
83,31,114,0.0029427646985789946
72,42,114,0.4869472780660612
72,42,114,0.5773495910338519
56,57,113,0.8207893067380966
83,30,113,0.002916780379586889
68,45,113,0.00020251264070844993
84,29,113,0.6629394266610144
64,49,113,0.005100602238806189
76,37,113,0.7607909165960144
66,47,113,0.009618842478565773
79,34,113,NaN
77,36,113,0.7943141978951035
69,44,113,0.2981721908325783
64,49,113,0.00413632405351317
79,34,113,0.045946027748132785
58,54,112,1.644338382979639e-5
79,33,112,0.882019242957677
68,44,112,0.8035236061433032
84,28,112,0.7746234858181067
84,28,112,0.7567225629842954
70,42,112,0.09331494238381467
83,29,112,NaN
67,45,112,0.057638564968081694
84,28,112,0.03973270879120916
83,29,112,0.02611284212389445
79,33,112,0.10795116947875855
65,47,112,0.922483585895465
83,29,112,0.4031661242465775
82,30,112,0.011414471338995794
71,41,112,0.5773495910338519
74,38,112,0.05729105412089587
81,31,112,0.07195740218504525
95,17,112,0.9207177391724221
82,29,111,0.29136536471613667
76,35,111,0.0016622434169093925
79,32,111,1.1662145605712367e-5
70,41,111,0.9981992026525458
75,36,111,0.023024004900662857
74,37,111,NaN
71,40,111,0.35163936320323114
76,35,111,0.09331494238381467
73,38,111,0.0982846033533666
86,25,111,1.4297617815043802e-6
79,32,111,0.9343645214086809
63,48,111,0.35163936320323114
76,35,111,0.9097889372969507
85,26,111,0.023222040005292648
76,35,111,0.0006085835341806432
86,25,111,0.32812382948926866
72,39,111,0.6629394266610144
55,56,111,0.0007365147963058521
76,35,111,0.016352394412106192
84,26,110,0.5773495910338519
91,19,110,0.35163936320323114
80,30,110,9.517715443479464e-5
85,25,110,3.500735841594703e-5
58,52,110,0.8791469822960243
67,43,110,0.8794765717616383
83,27,110,0.02116595657783581
87,23,110,0.01633996677090679
85,25,110,0.3147278493122561
78,32,110,0.6905736137634684
64,46,110,0.14080710657571024
76,34,110,0.052821783954102294
71,39,110,0.0365229865585794
70,40,110,0.008517133503930189
85,25,110,0.10644627622097674
69,41,110,4.035631652956234e-6
68,42,110,0.5773495910338519
83,27,110,0.8949950374154003
92,17,109,0.30580530930800864
80,29,109,3.8360044621141734e-5
75,34,109,0.0003812698118083938
76,33,109,0.23810898987582904
70,39,109,NaN
83,26,109,0.00022835371433179596
69,40,109,0.7659187175498298
70,39,109,NaN
86,23,109,0.20205154777944564
79,30,109,0.005100602238806189
88,21,109,0.4389759442456205
74,35,109,0.09816248290955543
75,34,109,2.8131209773455427e-15
77,32,109,4.4333710784750824e-5
67,42,109,0.00011088488539257851
83,26,109,0.534054961478336
63,46,109,0.6626766186859294
55,54,109,0.0017787672838382852
91,17,108,0.0002682397640080537
85,23,108,0.48561938100863117
78,30,108,0.35163936320323114
68,40,108,0.8713453801170286
55,53,108,0.37578156358792403
74,34,108,0.161264881038212
68,40,108,1.4797386476712142e-5
65,43,108,0.0009764522510676205
61,47,108,NaN
69,39,108,0.6632238971162197
60,48,108,0.010162322635257248
74,34,108,0.08115644780417555
65,43,108,0.0968525578324799
78,30,108,0.02611284212389445
84,24,108,0.00013615424609687707
77,31,108,9.423352028649182e-17
76,32,108,0.0008485960337114056
89,19,108,0.0005481663686998369
79,28,107,1.8974423353970266e-5
76,31,107,3.360568090320357e-7
58,49,107,8.874052544035874e-7
59,48,107,0.9336743037628588
88,19,107,0.41351103675873424
69,38,107,7.2142302356506365e-6
77,30,107,8.884384623665445e-7
84,23,107,0.11103884852129142
60,47,107,0.991808263676121
90,17,107,0.6521794865296368
69,38,107,0.35163936320323114
62,45,107,0.7139824099826043
64,43,107,0.8615631948848238
63,43,106,6.512717017735101e-7
74,32,106,0.06786449087252057
67,39,106,0.39365820288251563
84,22,106,0.7943141978951035
73,33,106,0.027330236027562082
80,26,106,0.7943141978951035
73,33,106,0.8422998472684519
73,33,106,0.001034942488468059
78,28,106,0.30379782944676026
67,39,106,0.6629394266610144
71,34,105,2.393845142825416e-5
73,32,105,0.6007597572639121
72,33,105,0.00043744616454762105
77,28,105,0.0026784005166743644
79,26,105,0.0005798169027874885
61,44,105,1.2470927792909715e-8
80,25,105,0.04520811883704404
63,42,105,4.714043523399064e-7
67,38,105,0.007528252469467998
81,24,105,1.055350456128025e-22
70,35,105,0.261118536754866
77,28,105,0.026376677643833658
60,45,105,0.6076900939904315
76,29,105,0.006838590065903838
69,36,105,0.21187913375295056
71,34,105,0.4344602014780511
56,49,105,0.6089267360264234
64,41,105,0.9336743037628588
74,31,105,0.08695110852729533
75,30,105,3.083381639702965e-15
60,45,105,0.6049920087668555
61,43,104,0.1434230312187401
76,28,104,0.011830592369000635
76,28,104,0.05295374443847441
70,34,104,NaN
54,50,104,0.0003318773111549008
83,21,104,0.8418168267177661
88,16,104,3.127612386737592e-10
74,30,104,4.5131682631535e-9
73,31,104,0.022081307319660556
69,35,104,0.28497608122548707
55,49,104,0.17720738035246422
79,25,104,0.023228821528350246
75,29,104,0.00446911304029537
63,41,104,0.1111985258615026
59,44,103,0.5808813602523217
61,42,103,0.06988872661807305
75,28,103,0.18423331891131722
75,28,103,1.0471164562651777e-6
74,29,103,4.520079127510374e-6
72,31,103,0.019582362947367808
56,47,103,0.0013511273869655613
85,18,103,4.005323529645195e-15
66,37,103,0.23901272141579996
70,33,103,0.6629394266610144
69,34,103,0.7351022872357142
51,52,103,0.11974104417968921
74,29,103,0.9749834651108517
78,25,103,0.02584382764665981
63,40,103,0.08115644780417555
77,26,103,0.004981061157792502
65,38,103,0.0005393455693510408
71,32,103,0.0017823074531990329
68,35,103,0.08115644780417555
77,26,103,0.3398262189958503
82,21,103,0.9749834651108517
77,26,103,0.006091701711492965
70,33,103,0.2770589453938832
56,47,103,0.07523203084063641
72,30,102,3.5719957161503706e-7
81,21,102,0.4389759442456205
54,48,102,NaN
65,37,102,0.0800573460961153
76,26,102,0.015986894614061213
63,39,102,1.1534529394818221e-11
71,31,102,0.534054961478336
60,42,102,0.7579634861064809
67,35,102,0.03025847703180226
69,33,102,3.7285934651691565e-8
61,41,102,0.03973270879120916
79,23,102,0.6629394266610144
65,37,102,0.00037385185451120856
56,46,102,0.4389759442456205
91,10,101,0.2660665463148481
62,39,101,0.2770589453938832
76,25,101,0.8313832691355264
84,17,101,0.12013011724528759
68,33,101,0.044047525386897476
66,35,101,0.2158980304703486
72,29,101,0.09331494238381467
64,37,101,0.0005622274186031926
61,40,101,0.0006611180625305343
80,21,101,0.051329209260935454
71,30,101,9.73912312587465e-23
76,25,101,0.2575098992212635
71,30,101,4.438105310142003e-5
62,39,101,0.3147278493122561
67,34,101,0.7659187175498298
56,45,101,0.9336743037628588
69,32,101,0.00047450800031843837
69,32,101,0.5773495910338519
55,46,101,0.7544567854702242
77,24,101,0.5773495910338519
60,40,100,0.07313359451857124
58,42,100,0.014935802646252312
83,17,100,0.10644627622097674
72,28,100,0.9534911290835386
62,38,100,0.6222324773199629
70,30,100,5.610439997958655e-6
69,31,100,0.2770589453938832
74,26,100,2.053337740539486e-7
66,34,100,0.8977476126686467
67,33,100,2.1482146114086133e-9
78,22,100,0.06058247105517931
81,19,100,0.3914980726858749
55,45,100,0.05172146161636167
80,20,100,0.7351022872357142
52,48,100,6.069767650711855e-5
74,25,99,0.5773495910338519
82,17,99,NaN
70,29,99,0.0009829796599800113
68,31,99,NaN
79,20,99,4.721813991673564e-5
73,26,99,2.5548246334965117e-9
76,23,99,1.4116019404814553e-10
68,31,99,0.9411847454973163
68,31,99,0.15297250216596528
68,31,99,0.013595179396091573
67,32,99,0.5338750502698779
66,33,99,0.02611284212389445
69,30,99,2.6561862606077146e-5
75,24,99,0.045891577603604
68,31,99,NaN
65,34,99,0.4869472780660612
71,28,99,0.0003318773111549008
61,38,99,0.6211047067208528
72,27,99,0.009389230529899362
51,48,99,0.7351022872357142
65,34,99,0.18561760226461765
51,48,99,0.43056078776277507
80,18,98,0.03025847703180226
73,25,98,2.790306797739949e-6
76,22,98,0.10644627622097674
56,42,98,0.00024325555136244257
54,44,98,0.5047276675822965
66,32,98,NaN
41,57,98,0.03628772956366034
65,33,98,0.008023228100214637
67,31,98,2.308364558655407e-6
42,56,98,0.7351022872357142
66,32,98,0.07151808666466417
63,35,98,0.8204795116931126
55,43,98,0.07208579559827881
84,13,97,0.24299412154726827
78,19,97,0.02611284212389445
64,33,97,4.5714444777827976e-9
67,30,97,0.0025821613159618837
79,18,97,0.08507418122377311
60,37,97,0.011826718996535807
64,33,97,0.0022321684090057096
59,38,97,3.137747762486099e-5
69,28,97,0.3331109580703423
69,28,97,0.21187913375295056
67,30,97,0.161264881038212
59,38,97,0.2379896586129459
58,39,97,0.5773495910338519
57,40,97,0.03973270879120916
63,34,97,NaN
62,35,97,0.6211047067208528
75,22,97,0.06058247105517931
58,39,97,0.0012983096339902515
66,31,97,0.1284215630258326
68,29,97,1.4114453322685628e-13
67,30,97,0.7659187175498298
81,16,97,0.045946027748132785
51,46,97,0.00023444459717531445
60,37,97,0.161264881038212
73,23,96,1.394817899132294e-6
68,28,96,1.2195571242076304e-5
66,30,96,0.777548695970422
81,15,96,0.9997225086006035
71,25,96,0.4869472780660612
63,33,96,0.9336743037628588
68,28,96,0.03468779084967369
74,22,96,0.0001984455295887633
51,45,96,9.608927436291297e-9
68,28,96,0.20264237021032575
71,25,96,0.4389759442456205
57,39,96,0.10644627622097674
65,31,96,0.29010523874289845
67,29,96,0.17599477572726988
63,33,96,0.07173969068870625
58,38,96,0.2770589453938832
68,28,96,0.011625908468073121
73,23,96,0.06147081611628614
35,61,96,NaN
58,38,96,NaN
79,17,96,0.00533981454155817
68,28,96,0.03913709659524997
63,32,95,NaN
68,27,95,7.258012486467275e-7
69,26,95,3.2552372201920474e-11
40,55,95,0.7534962314692407
59,36,95,0.8418168267177661
54,41,95,0.03341875933155677
63,32,95,0.4389759442456205
75,20,95,3.290456743393161e-11
68,27,95,1.9188072534386535e-6
75,20,95,NaN
66,29,95,0.12196444410581492
84,11,95,0.14689119643838022
66,29,95,7.892970054661992e-5
49,46,95,0.5742969890431693
51,44,95,0.2998188613101166
56,39,95,0.7351022872357142
71,24,95,0.5429326808286967
67,28,95,0.010563457733757851
56,39,95,0.06988872661807305
67,28,95,0.7010753659919123
64,31,95,2.1395981440189866e-12
53,42,95,NaN
63,32,95,0.017772541040394274
68,27,95,0.3967415058760532
68,27,95,0.0001682166553278042
70,25,95,0.8791469822960243
74,21,95,0.008538795903644186
72,22,94,0.024021238481916618
64,30,94,0.004099560889101098
61,33,94,0.3147278493122561
62,32,94,0.2682812605216769
69,25,94,0.000692012076871389
46,48,94,0.20050544976789844
69,25,94,0.922483585895465
68,26,94,1.788442945308431e-7
64,30,94,0.5299817961731534
55,39,94,0.4869472780660612
52,42,94,0.05295374443847441
67,27,94,0.5773495910338519
66,28,94,0.9097889372969507
62,32,94,8.129821932466939e-14
58,36,94,0.8791469822960243
59,35,94,0.00048240366597436085
77,17,94,0.00010124940817403963
64,30,94,0.42008864169682597
61,33,94,8.700718399065369e-12
73,21,94,0.01710303237135256
64,30,94,0.6334343319602344
62,32,94,0.008536369112814007
63,31,94,0.06951461843032003
62,32,94,3.5960858755811354e-13
63,31,94,0.3620534283329592
62,32,94,0.0004043674955359633
72,21,93,0.002597437498399214
65,28,93,NaN
65,28,93,0.49272709314355034
57,36,93,0.2497144752962053
63,30,93,0.019582362947367808
62,31,93,4.1541499493505837e-16
74,19,93,9.111917443491196e-8
55,38,93,NaN
66,27,93,0.38154309063938646
65,28,93,0.872279026920703
68,25,93,2.818443350873787e-5
78,15,93,0.0004230864870171525
45,48,93,0.18790675334070947
61,32,93,0.042324643054459744
71,22,93,8.541599933002054e-12
72,21,93,2.362176742602087e-9
70,23,93,0.6629394266610144
68,24,92,0.2898617048583133
64,28,92,1.1585089283360342e-11
49,43,92,0.7972640706792953
63,29,92,0.5773495910338519
64,28,92,0.05224041711339124
68,24,92,0.2241567965823384
50,42,92,0.07213260692558769
59,33,92,0.5955730075770863
67,25,92,0.0009847631397407648
59,33,92,0.21363235366655828
59,33,92,NaN
61,31,92,0.31511889783611
60,32,92,0.4869472780660612
63,29,92,0.1071012120897505
64,28,92,0.0012975392392856548
57,35,92,0.15726280194801123
58,34,92,0.2770589453938832
50,42,92,0.9799588626550771
51,41,92,0.6777688932936694
62,30,92,0.23879168106678103
56,36,92,0.0005358867667097031
30,62,92,NaN
60,32,92,1.1000344083921927e-10
59,32,91,5.379029142869994e-7
58,33,91,0.3401991142395556
50,41,91,0.005819304277844222
69,22,91,9.843282038176e-10
56,35,91,0.02611284212389445
65,26,91,0.2564084421749743
73,18,91,0.7351022872357142
69,22,91,NaN
56,35,91,0.06058247105517931
63,28,91,4.0599638883985504e-8
58,33,91,0.10644627622097674
68,23,91,0.7862687601001548
62,29,91,0.014381099299808039
48,43,91,1.2047206911959584e-6
65,26,91,0.21187913375295056
63,28,91,0.019582362947367808
59,32,91,0.12196444410581492
70,21,91,0.02019549779293761
57,34,91,0.7659187175498298
72,18,90,0.028510477148969437
58,32,90,0.0010045406559922767
75,15,90,0.5339851141687747
66,24,90,0.03273309865720588
70,20,90,0.7008553584305408
60,30,90,0.9187426465016957
71,19,90,0.005100602238806189
53,37,90,0.0009847631397407648
61,29,90,2.6589353147083348e-8
66,24,90,0.00012046061735064301
59,31,90,NaN
51,39,90,0.013287305476087497
72,18,90,0.714516667112015
64,26,90,0.2813470323461125
49,41,90,1.0626753128618314e-8
40,50,90,0.7804755469066589
0,90,90,0.8555968485830636
54,35,89,0.14080710657571024
54,35,89,0.0006455853577698257
57,32,89,0.4869472780660612
70,19,89,0.35163936320323114
60,29,89,NaN
60,29,89,0.06145548919139397
64,25,89,0.10856774541266376
54,35,89,0.46042359278768186
71,18,89,0.10795116947875855
63,26,89,0.28135890578496947
53,36,89,NaN
48,41,89,0.7659187175498298
56,33,89,2.210738636654142e-9
67,22,89,1.358362410918903e-27
59,30,89,5.345772702906567e-10
54,35,89,0.005680311720457806
53,36,89,0.0020578073155520004
62,27,89,0.05955194206158073
61,28,89,0.00035712314055293267
58,31,89,6.467392440357918e-7
49,40,89,0.05385555143029218
54,35,89,0.9941692455764074
49,40,89,0.011625908468073121
57,31,88,0.30020972796561707
55,33,88,0.7351022872357142
62,26,88,0.1877082363339034
68,20,88,0.0032387613897680743
70,18,88,0.0013207883307260705
55,33,88,0.02327540678995769
71,17,88,0.006803389100513102
56,32,88,0.024844062121194728
50,38,88,NaN
61,27,88,0.10632623113848667
63,25,88,0.9811313618180413
71,17,88,0.0014050005472342648
59,29,88,0.9849823723009783
62,26,88,0.2281890637937915
64,24,88,1.4429103237111318e-7
42,46,88,8.668305726313555e-9
58,30,88,6.529215361375692e-8
65,23,88,0.06058247105517931
65,23,88,0.002277389842576386
71,17,88,0.2770589453938832
49,39,88,0.09464541887271104
57,31,88,2.1859955293309286e-5
57,31,88,0.0605748061779834
61,27,88,0.0021887671857603926
61,27,88,0.0012752170934028477
78,10,88,0.858795361292175
54,34,88,0.05295374443847441
59,29,88,0.026458997051154523
77,11,88,0.32773848775085973
35,52,87,NaN
67,20,87,8.661479280655332e-25
64,23,87,0.0053702821578847995
52,35,87,NaN
58,29,87,0.03025847703180226
70,17,87,2.9708694228426204e-6
57,30,87,0.00815962477817419
52,35,87,0.06988872661807305
46,41,87,0.00033323579082451387
72,15,87,0.39365820288251563
57,30,87,0.3147278493122561
52,35,87,0.5773495910338519
63,24,87,0.015222058454607432
60,27,87,0.33220262545983775
63,24,87,0.8065291733119733
62,25,87,0.2770589453938832
62,25,87,1.4700137268723966e-6
50,37,87,0.2585978926826013
58,29,87,NaN
75,12,87,0.9453420699898072
64,23,87,0.3158951257746575
48,39,87,0.8315722615615282
54,33,87,0.013595179396091573
57,30,87,0.08173944704138489
52,35,87,6.893358333035539e-7
65,22,87,0.005867197209464036
52,34,86,0.4237079996501308
66,20,86,0.18280942759550767
70,16,86,0.0992039975264859
53,33,86,0.0049573407755065125
67,19,86,0.12196444410581492
65,21,86,0.7351022872357142
59,27,86,0.6211047067208528
51,35,86,0.12196444410581492
58,28,86,0.35163936320323114
51,35,86,0.7592531471032534
59,27,86,0.4389759442456205
60,26,86,0.01029032993232428
64,22,86,4.2856506975470925e-7
60,26,86,NaN
66,20,86,0.0008726966389494188
44,42,86,NaN
65,21,86,0.7008553584305408
54,32,86,0.9753215117312554
56,30,86,0.4389759442456205
53,33,86,0.8806652200909296
48,38,86,0.5270565922945066
77,9,86,0.18016247635044777
52,34,86,0.8557482620038692
58,28,86,0.08115644780417555
59,27,86,1.2415154081855944e-8
52,34,86,0.9886670302743008
57,28,85,0.0008511795559550338
62,23,85,0.7943141978951035
53,32,85,0.0031063196187324157
71,14,85,0.004062496205627807
50,35,85,0.9452512051460086
62,23,85,0.0661330024587312
66,19,85,0.10644627622097674
59,26,85,0.055637098074902566
67,18,85,0.05478086525240311
56,29,85,0.030297260896036328
63,22,85,2.02942843256974e-12
40,45,85,0.9590336276757703
69,16,85,0.787767250823505
56,29,85,0.512783011160916
64,21,85,0.6629394266610144
49,36,85,NaN
56,29,85,0.7648407953458193
57,28,85,3.38806005261324e-5
63,22,85,0.004064164648756485
61,24,85,0.6093828450215586
62,23,85,0.9097889372969507
52,33,85,0.16621839076638
52,33,85,0.004579625925299825
65,19,84,0.7693964938216118
53,31,84,0.45630527436745266
62,22,84,0.16643024469026818
54,30,84,0.6707995722734584
59,25,84,0.9749834651108517
62,22,84,2.475590865978138e-6
45,39,84,0.1277352489798449
59,25,84,0.0051642497694167665
54,30,84,0.8036014163451125
55,29,84,0.21187913375295056
70,14,84,0.7293914006776261
59,25,84,0.337108621106477
54,30,84,0.0005358867667097031
46,38,84,0.7943141978951035
57,27,84,0.6672640108085494
53,31,84,0.0004478228613093492
56,28,84,1.4188737507179721e-9
63,21,84,0.35637044482976044
67,17,84,0.922483585895465
71,13,84,NaN
46,38,84,0.00827847902971005
65,19,84,6.9876262860284e-11
66,18,84,4.470155821026661e-5
69,15,84,0.002876375286040075
55,29,84,4.520079127510374e-6
65,19,84,0.4389759442456205
49,35,84,0.009166937881855429
56,28,84,0.22912523459350204
63,20,83,0.6629394266610144
68,15,83,0.00046285035607012803
52,31,83,0.018705437127858802
58,25,83,0.4869472780660612
62,21,83,0.2770589453938832
47,36,83,0.17976127618884702
51,32,83,0.6365489792624787
53,30,83,0.5028500061786799
62,21,83,0.1841053267354121
64,19,83,0.1781185598485292
57,26,83,0.001260646964378507
52,31,83,0.18561760226461765
52,31,83,NaN
60,23,83,0.2930877435969654
63,20,83,NaN
61,22,83,0.6443885802046867
66,17,83,0.03654614732264226
60,23,83,0.24299412154726827
54,29,83,0.7344312148888859
58,25,83,NaN
54,29,83,0.922483585895465
60,23,83,0.0062227239438471145
53,30,83,0.9653828174828278
47,36,83,0.2508778316668692
55,27,82,0.7008553584305408
61,21,82,1.3505914300680113e-6
54,28,82,0.00035712314055293267
47,35,82,0.22503723597570766
60,22,82,0.014164333400412772
45,37,82,0.002424724157978825
56,26,82,0.05493569453146789
57,25,82,0.5792683882237893
57,25,82,0.10644627622097674
58,24,82,9.221109442837008e-8
57,25,82,NaN
54,28,82,0.18644684487015015
53,29,82,0.24299412154726827
51,31,82,0.7149058629916633
70,12,82,0.846968633533804
47,35,82,0.21187913375295056
62,20,82,0.5265534206407743
59,23,82,0.02228312255407659
60,22,82,0.9285406093242845
44,38,82,8.914762811051696e-7
58,24,82,NaN
59,23,82,0.9925236843729174
55,27,82,0.13452576761136503
71,11,82,0.09331494238381467
47,35,82,5.141721165073909e-7
48,34,82,2.790306797739949e-6
59,23,82,0.5845414002963002
58,24,82,0.003442105670104662
55,27,82,NaN
57,25,82,0.7943141978951035
57,25,82,0.14080710657571024
61,21,82,0.21187913375295056
39,43,82,0.3777498586123653
60,22,82,4.4827510736036664e-5
50,31,81,0.21187913375295056
59,22,81,0.013755165138472112
40,41,81,0.011625908468073121
63,18,81,0.35163936320323114
61,20,81,0.161264881038212
55,26,81,0.4431874547757578
65,16,81,0.0025564469805377256
57,24,81,0.05528061343367532
56,25,81,3.0702217908972906e-12
52,29,81,0.6243723324933098
57,24,81,0.03973270879120916
60,21,81,0.7940299935694694
50,31,81,NaN
43,38,81,0.21187913375295056
55,26,81,0.12196444410581492
53,28,81,1.5026522472491938e-6
55,26,81,0.14184628934188917
50,31,81,0.30745335836445725
39,42,81,0.508898865452368
44,37,81,7.609055755247119e-5
45,36,81,0.11070169726066668
65,16,81,0.08090338175476569
55,26,81,5.411761589836236e-5
58,23,81,3.045362637119309e-5
46,35,81,0.355832374579296
54,27,81,0.21187913375295056
69,12,81,0.022641636257990223
59,22,81,0.5773495910338519
62,19,81,0.07135500966884582
59,21,80,NaN
62,18,80,0.7943141978951035
54,26,80,0.6601679465685547
57,23,80,0.2511095898745637
56,24,80,1.7907580137554133e-14
48,32,80,0.9997125809180137
62,18,80,0.04640761598815158
50,30,80,0.7292932306322608
62,18,80,0.32688039588911827
40,40,80,0.06370281200699125
59,21,80,0.8039759939092813
57,23,80,6.938043142017025e-39
48,32,80,0.5252380249020047
57,23,80,0.4869472780660612
43,37,80,0.8087030262807339
54,26,80,0.10644627622097674
65,15,80,0.3285609664508826
51,29,80,0.9018985609277475
62,18,80,0.9077229647114893
41,39,80,0.3147278493122561
65,15,80,0.8538305785747128
29,51,80,0.630523363959338
53,27,80,0.0023497355925389935
52,28,80,0.12196444410581492
45,35,80,0.43103729829667803
52,27,79,0.8617097556108892
48,31,79,0.00010024675786067152
57,22,79,0.5773495910338519
35,44,79,0.7871115429909193
49,30,79,0.8540746530970743
48,31,79,0.6974754693009677
59,20,79,0.19878114356646567
57,22,79,0.23892818850606223
59,20,79,0.0022966799698562
58,21,79,0.08104748443829225
51,28,79,0.00022585280345768715
60,19,79,0.18561760226461765
55,24,79,0.0030671357445065466
47,32,79,0.14706142957769128
58,21,79,0.10472319085852155
58,21,79,0.39365820288251563
43,36,79,0.020733659462484667
40,39,79,0.6629394266610144
65,14,79,0.0001973428681041026
57,22,79,2.2722893208378826e-5
65,14,79,0.7351022872357142
37,42,79,0.03468779084967369
54,25,79,0.029020253159241637
61,18,79,0.5570439637838431
58,21,79,0.6629394266610144
39,40,79,0.8150746648263116
55,24,79,0.7659187175498298
63,15,78,1.3327802185339886e-5
45,33,78,0.0002542521920848519
40,38,78,0.04474451810852936
50,28,78,0.8617097556108892
60,18,78,0.4389759442456205
46,32,78,0.7357362704635994
61,17,78,0.04997359865203229
52,26,78,0.3591611343992021
50,28,78,0.8684457036464585
57,21,78,0.8003442734695564
53,25,78,0.3424767460379229
46,32,78,0.6030259439396916
46,32,78,0.005914571024441994
51,27,78,0.24956971042374035
65,13,78,4.885387941965348e-6
56,22,78,0.001183265972196834
53,25,78,0.06251699236135957
50,28,78,0.0035123071986038574
46,32,78,0.019125985308880992
48,30,78,0.8617097556108892
50,28,78,0.023835222550335218
53,25,78,0.39365820288251563
51,27,78,0.18232865070340584
58,20,78,0.8047850169910191
52,26,78,0.2742292658685889
54,24,78,0.0028792247003069783
51,27,78,0.09796129152787802
46,31,77,0.13167976377307908
54,23,77,0.4869472780660612
46,31,77,0.0011647473414083903
64,13,77,0.8000926833351046
45,32,77,0.06058247105517931
48,29,77,0.07977236335143173
58,19,77,0.00048080524397445934
57,20,77,4.095511131405004e-13
50,27,77,0.009566658187400708
37,40,77,0.08008606238419001
50,27,77,0.966379174289979
53,24,77,0.8949950374154003
61,16,77,1.282377605608734e-6
68,9,77,0.06280971307173135
40,37,77,6.567077983621095e-5
56,21,77,4.44613484422053e-16
49,28,77,0.11415787097880935
51,26,77,3.580370555681381e-6
61,16,77,0.7902709745626322
56,21,77,0.534054961478336
58,19,77,0.8152688822189771
60,17,77,0.6563875518623467
50,27,77,0.0012754678424478883
39,38,77,0.4485078650713797
51,26,77,0.211316148991163
52,25,77,0.12196444410581492
56,21,77,0.057560054304113525
49,27,76,0.0005250696167276027
42,34,76,0.4389759442456205
57,19,76,0.922483585895465
48,28,76,3.0661436007041126e-7
46,30,76,0.024477451889538863
43,33,76,0.35163936320323114
52,24,76,3.3370770990231955e-12
58,18,76,0.06988872661807305
47,29,76,0.6331513724705707
58,18,76,0.8709668835270045
59,17,76,0.6253275921902652
55,21,76,0.08376970412828633
46,30,76,0.9280856375536497
55,21,76,1.4996670656968523e-5
52,24,76,NaN
42,34,76,0.8364512935536904
52,24,76,0.03973270879120916
52,24,76,0.13170920390637705
57,19,76,0.24299412154726827
60,16,76,0.6835321963772313
57,19,76,0.10586383489947093
51,25,76,0.03978167087577103
44,32,76,0.8402996915166376
51,25,76,7.531730201829972e-14
55,21,76,0.5773495910338519
42,34,76,NaN
62,14,76,0.02849473665458784
64,12,76,8.041304522701468e-5
55,21,76,0.08115644780417555
50,25,75,0.7769132746156937
42,33,75,0.15946326406927402
62,13,75,0.003607012150022572
50,25,75,0.004178931177561581
51,24,75,0.0018059452707486158
50,25,75,0.05295374443847441
55,20,75,0.05295374443847441
48,27,75,0.03468779084967369
50,25,75,0.19369795977216842
56,19,75,0.08115644780417555
56,19,75,0.009708197960407164
62,13,75,0.4984039877841246
50,25,75,0.962032138983051
36,39,75,0.8846978187839708
44,31,75,0.545694662497892
50,25,75,0.009907857520368888
46,29,75,0.9336743037628588
40,35,75,0.013595179396091573
59,16,75,0.001884090493442931
51,24,75,0.01431787419846212
49,26,75,0.00027596663116838263
61,14,75,0.14080710657571024
46,29,75,0.7008553584305408
60,15,75,0.0370903850277956
47,28,75,4.016962389678818e-6
62,13,75,0.5620753377793088
59,16,75,0.05295374443847441
46,29,75,NaN
64,11,75,0.6211047067208528
52,23,75,0.99604904991201
43,32,75,0.6629394266610144
53,22,75,0.3902439494613856
50,25,75,0.2770589453938832
52,23,75,0.5208481433369025
59,16,75,1.3964969779981007e-5
42,32,74,NaN
49,25,74,6.402386491689154e-8
52,22,74,0.013816405194003888
50,24,74,0.2770589453938832
51,23,74,0.17923227359344937
51,23,74,NaN
52,22,74,0.015367065382665615
50,24,74,0.6211047067208528
50,24,74,0.17971968679079614
63,11,74,0.013686699532216165
46,28,74,0.7129630627206563
55,19,74,0.006638695752690222
59,15,74,0.0322627362500368
55,19,74,0.24796872720430743
50,24,74,0.010105829832863308
39,35,74,0.9336743037628588
47,27,74,0.00023684639075756525
41,33,74,0.488201557192495
52,22,74,0.6211047067208528
61,13,74,2.5548246334965117e-9
52,22,74,0.35163936320323114
45,29,74,1.3847388767135842e-6
57,17,74,3.3586975958353165e-18
52,22,74,1.9366423806326468e-29
48,26,74,0.08690949640031498
42,32,74,0.10644627622097674
50,24,74,0.06988872661807305
54,20,74,0.7994258376633027
50,24,74,0.8617097556108892
42,32,74,0.4869472780660612
37,37,74,0.534054961478336
54,20,74,NaN
56,18,74,NaN
42,32,74,9.887794392756306e-5
47,27,74,0.05159212389070051
51,23,74,NaN
62,12,74,0.3817893502073215
52,22,74,0.07929946305547843
52,22,74,0.003080790526068912
48,26,74,0.33951016268765943
43,31,74,0.03468779084967369
60,14,74,0.9983772566385927
53,21,74,0.016352394412106192
55,19,74,0.9690207992381747
59,15,74,0.14080710657571024
34,40,74,0.8262718443338153
42,32,74,0.9231024552652989
41,32,73,0.8204795116931126
38,35,73,0.07650293860481279
46,27,73,0.006056002832281237
50,23,73,0.10644627622097674
53,20,73,0.9452512051460086
49,24,73,0.033307774187055876
53,20,73,0.005100602238806189
54,19,73,0.2770435836232219
59,14,73,1.6236831494799549e-6
52,21,73,0.535080253524936
46,27,73,0.06058247105517931
60,13,73,0.3147278493122561
58,15,73,0.11774657647585528
55,18,73,0.35163936320323114
43,30,73,0.7351022872357142
49,24,73,0.03468779084967369
46,27,73,0.00040365787317660695
46,27,73,4.061421517425372e-5
45,28,73,0.9181502068323191
57,16,73,2.853803582193313e-9
57,16,73,0.010531452874915106
55,18,73,0.03946687312022003
38,35,73,0.44216955645375705
51,22,73,0.21187913375295056
52,21,73,6.019750919797443e-6
44,29,73,8.164305207112025e-7
55,18,73,0.864123905796169
42,31,73,0.9444012070806406
42,31,73,0.24299412154726827
54,19,73,0.000311306350704013
46,27,73,0.12196444410581492
49,24,73,0.006082240534692589
49,24,73,0.2286649856401959
50,23,73,0.6292812060059327
42,30,72,NaN
47,25,72,0.05295374443847441
46,26,72,0.6476522654219333
44,28,72,0.9371624529601544
49,23,72,0.0006227335694369438
44,28,72,0.00036093898933748476
50,22,72,0.09614545874524943
51,21,72,0.011470135006553285
55,17,72,NaN
54,18,72,0.8557907697386071
51,21,72,0.3386628266271699
38,34,72,0.39749786205991816
55,17,72,0.13995352246921686
48,24,72,0.4491116008038572
58,14,72,0.002144739130434723
49,23,72,2.1270855827796707e-5
49,23,72,0.24299412154726827
52,20,72,0.1917762381655744
42,30,72,0.39701485034475514
45,27,72,0.06058247105517931
50,22,72,0.14080710657571024
45,27,72,0.08327976696508796
47,25,72,5.753386131393332e-11
55,17,72,0.03973270879120916
60,12,72,8.147573754070192e-5
47,25,72,0.00043744616454762105
49,23,72,0.003442105670104662
49,23,72,0.010715748412665371
55,17,72,0.10644627622097674
49,23,72,NaN
55,17,72,0.008313772182066689
49,23,72,0.06988872661807305
52,20,72,NaN
54,18,72,0.09122473002499032
58,14,72,0.3588017707979596
57,15,72,0.005364392727843723
23,49,72,NaN
48,23,71,0.05295374443847441
53,18,71,0.6570187020416813
56,15,71,0.00578086022573768
37,34,71,0.6629394266610144
55,16,71,0.6211047067208528
54,17,71,0.020273601756630455
50,21,71,NaN
59,12,71,0.648098703627932
41,30,71,0.16133430607573868
47,24,71,0.1765877768157264
46,25,71,0.012575472988084377
47,24,71,0.00010124940817403963
54,17,71,0.769100819549383
56,15,71,0.24304396153553767
50,21,71,0.009886583305940173
53,18,71,0.7351022872357142
53,18,71,0.11550240296380272
41,30,71,0.7736215055200975
48,23,71,0.14080710657571024
44,27,71,0.008893800045267509
48,23,71,0.15790712032882193
35,36,71,7.681804127699579e-6
36,35,71,0.026996236204526618
50,21,71,0.017959031965975657
49,22,71,0.0013757830547979602
54,17,71,0.3147278493122561
32,39,71,0.9313124285693253
55,15,70,0.4389759442456205
46,24,70,0.9923750852459192
49,21,70,0.8791469822960243
46,24,70,0.21187913375295056
52,18,70,0.44899425360178796
41,29,70,0.00029159673191393216
39,31,70,6.165574873894922e-5
46,24,70,0.019367061968826243
51,19,70,0.00248294843391944
50,20,70,0.05295374443847441
55,15,70,0.9735817948844779
52,18,70,0.009934078586437805
58,12,70,1.4571805208761106e-5
39,31,70,0.01087197212838565
49,21,70,0.3708160377677008
54,16,70,0.9097889372969507
54,16,70,0.39365820288251563
44,26,70,0.31510422054795073
51,19,70,0.8949950374154003
37,33,70,0.7144598286447398
49,21,70,0.7943141978951035
52,18,70,0.05801214389424447
51,19,70,0.01457995015146949
38,32,70,0.4869472780660612
44,26,70,0.009708197960407164
53,17,70,0.011449433561770347
51,19,70,0.9411219610121818
43,27,70,3.983210332796505e-5
42,28,70,NaN
40,30,70,0.0003347749877490445
46,24,70,0.4254989934080231
53,16,69,0.8617097556108892
55,14,69,0.8340879585731945
52,17,69,0.034716637148641635
53,16,69,0.7748427690410354
38,31,69,0.18020331603146653
43,26,69,NaN
33,36,69,0.0621516079217303
36,33,69,0.2770589453938832
35,34,69,0.44892436694547433
43,26,69,0.06058247105517931
53,16,69,0.012324679328626827
44,25,69,0.00052389914073079
39,30,69,0.19114526319609124
39,30,69,0.057560054304113525
42,27,69,0.0021461867173900094
47,22,69,0.10505697905736783
47,22,69,0.6629394266610144
34,35,69,0.14568988491161103
44,25,69,0.734852709483775
53,16,69,0.21187913375295056
39,30,69,0.021245698271745314
44,25,69,0.21187913375295056
50,19,69,0.045946027748132785
47,22,69,0.6235832385159555
48,21,69,0.0027107814941417833
47,22,69,0.5574659669832794
46,23,69,0.03973270879120916
42,27,69,0.12600727281166302
55,14,69,0.09247651037326196
44,25,69,8.879195050493485e-6
56,13,69,0.4869472780660612
45,23,68,0.054104066662505265
52,16,68,0.4389759442456205
45,23,68,0.05295374443847441
53,15,68,0.07870735308266097
49,19,68,0.35163936320323114
49,19,68,NaN
56,12,68,0.009708197960407164
52,16,68,NaN
33,35,68,0.0004000176945790217
48,20,68,0.7351022872357142
44,24,68,0.8581042184295419
49,19,68,0.32220293265329275
38,30,68,0.14080710657571024
48,20,68,0.0534094508253789
56,12,68,0.43467607505776373
46,22,68,0.09630060637454856
53,15,68,NaN
53,15,68,0.5773495910338519
52,16,68,0.758101193485904
56,12,68,0.4869472780660612
43,25,68,0.7746715370436991
50,18,68,0.009425486804446262
35,33,68,0.12196444410581492
47,21,68,9.174085943520357e-16
39,29,68,NaN
39,29,68,0.003859882338532581
41,27,68,0.09172505503170818
49,19,68,0.0009435111835477522
47,21,68,0.34065767366512034
46,22,68,0.24299412154726827
51,17,68,4.2751452330425826e-5
51,17,68,0.10644627622097674
43,25,68,0.007827960273527267
44,24,68,0.5184159398243794
43,24,67,0.03973270879120916
29,38,67,0.5058115562649408
46,21,67,0.534054961478336
39,28,67,0.6817466651723372
34,33,67,NaN
41,26,67,0.02611284212389445
47,20,67,0.09331494238381467
41,26,67,0.8532504608940549
49,18,67,0.16788566083366557
43,24,67,0.00020239112588535285
50,17,67,0.5773495910338519
48,19,67,0.004848612060722312
39,28,67,0.045946027748132785
40,27,67,0.00015877790969285392
38,29,67,0.4869472780660612
35,32,67,0.05295374443847441
53,14,67,8.360849796614974e-5
38,29,67,0.014569260932257624
41,26,67,0.06953599097165108
44,23,67,0.9444012070806406
37,30,67,0.016485034982717906
56,11,67,0.10644627622097674
47,20,67,0.0041007013018308095
35,32,67,0.1403207597213124
47,20,67,0.045946027748132785
49,18,67,0.13734309703273173
43,24,67,0.4869472780660612
41,26,67,0.14080710657571024
49,18,67,0.161264881038212
42,25,67,0.7351022872357142
48,19,67,0.00011054634502297422
53,14,67,0.0010678664008789234
44,23,67,0.6911695844617127
39,28,67,0.2044253704830299
44,22,66,0.00492819772935937
43,23,66,0.9097889372969507
50,16,66,0.011625908468073121
47,19,66,0.002362043965808507
47,19,66,0.19640680297917892
30,36,66,0.9490090749395177
52,14,66,1.3766378281112701e-6
46,20,66,0.023145235308164366
39,27,66,0.7897677547215702
42,24,66,1.3594010077478586e-8
30,36,66,0.13972946443799267
36,30,66,NaN
45,21,66,0.43811151046222463
46,20,66,0.4869472780660612
44,22,66,0.03973270879120916
51,15,66,0.00011818625941426899
50,16,66,0.06639943958982243
38,28,66,0.9097889372969507
50,16,66,0.03468779084967369
41,25,66,0.2140212286656889
51,15,66,0.0019497952815493616
47,19,66,0.946458992158355
52,14,66,0.00560177640824833
39,27,66,0.922483585895465
40,26,66,0.827153591550581
44,22,66,0.4319283068855854
30,36,66,0.9881478220008291
47,19,66,0.39365820288251563
42,24,66,0.011936629173420936
48,18,66,0.9336743037628588
43,23,66,3.332977876086364e-11
48,18,66,0.639385789559539
50,16,66,0.22274392868207069
46,20,66,0.24811582206035523
34,32,66,0.6629394266610144
31,35,66,0.6211047067208528
44,21,65,0.6252725762218098
47,18,65,0.18319018239818136
41,24,65,NaN
48,17,65,NaN
41,24,65,0.2572897339582418
34,31,65,0.659358090766513
32,33,65,0.2513489220337205
36,29,65,0.8617097556108892
49,16,65,0.9888922744006402
50,15,65,0.8204795116931126
41,24,65,1.284646683135052e-6
51,14,65,0.46860592179188987
42,23,65,0.43467607505776373
44,21,65,3.3002727538641967e-7
47,18,65,0.05295374443847441
23,42,65,0.6549248509128258
35,30,65,0.01824477669628093
42,23,65,0.7943141978951035
41,24,65,0.11478222338880614
50,15,65,0.16363865032946553
48,17,65,0.017871933541767453
48,17,65,5.885221425651865e-13
44,21,65,0.07389695919777146
43,22,65,0.9931044944431278
42,23,65,0.3398409465831421
48,17,65,0.7390851308816185
46,19,65,0.00013615424609687707
47,18,65,0.8113104065011121
50,15,65,0.7064479190483015
44,21,65,6.603759045227916e-11
43,22,65,0.8204795116931126
53,12,65,0.03973270879120916
46,19,65,0.010162322635257248
45,20,65,0.8791469822960243
46,19,65,0.06279835894273879
35,30,65,0.07164857736204114
30,35,65,0.6046200999401748
44,21,65,0.1424055929241011
36,29,65,0.6211047067208528
45,20,65,0.3147278493122561
44,21,65,NaN
43,22,65,0.4464418665670646
44,21,65,0.011625908468073121
44,21,65,0.8693561206486337
33,31,64,0.9834358839148444
51,13,64,0.7943141978951035
46,18,64,0.5773495910338519
29,35,64,0.962032138983051
41,23,64,NaN
45,19,64,0.6579845604889245
35,29,64,0.2774151891896136
53,11,64,3.570842755921095e-5
41,23,64,0.14848805750850344
53,11,64,0.16520201347901428
47,17,64,0.7351022872357142
42,22,64,0.10644627622097674
40,24,64,0.009145730368337806
42,22,64,0.14628700787369714
44,20,64,0.18377592793805217
50,14,64,1.4600692244208195e-5
38,26,64,0.9837827113701886
48,16,64,0.10935359973239561
47,17,64,0.8591476274197155
51,13,64,0.39365820288251563
34,30,64,0.922483585895465
43,21,64,0.11789498723922677
44,20,64,0.29211573212549413
36,28,64,0.7351022872357142
29,35,64,0.08677631373503872
35,29,64,0.9336743037628588
53,11,64,0.8791469822960243
46,18,64,0.3168451165950542
42,22,64,0.7943141978951035
27,37,64,0.005841019882579776
49,15,64,0.10644627622097674
47,17,64,0.033439692645130394
45,19,64,0.4389759442456205
43,21,64,0.0009051834732237875
45,19,64,0.2770589453938832
50,14,64,0.19305267199331083
36,28,64,0.9336743037628588
36,28,64,0.20383198260342753
36,28,64,0.15945570494944608
47,17,64,0.534054961478336
51,13,64,0.10028234638692127
42,22,64,0.7008553584305408
45,19,64,4.788693286753243e-7
34,30,64,0.06988872661807305
44,20,64,0.02611284212389445
24,40,64,NaN
35,29,64,5.10986795720623e-5
50,14,64,0.004943589312830985
46,18,64,1.4998140866939081e-5
37,27,64,0.00010462846582020563
35,29,64,0.006061741293328551
51,13,64,0.14080710657571024
38,26,64,0.13603554678761134
54,10,64,0.35347989981776584
28,36,64,0.8817039760882522
29,35,64,0.01508675166816909
47,16,63,0.24299412154726827
41,22,63,0.08315023907557811
34,29,63,0.0004939818646052314
41,22,63,0.6211047067208528
53,10,63,0.5920414977780335
27,36,63,0.7659187175498298
39,24,63,0.35163936320323114
46,17,63,0.009741239546300219
39,24,63,0.06421391934860791
37,26,63,0.14217616080634143
48,15,63,0.09331494238381467
44,19,63,0.016352394412106192
48,15,63,2.68225119186745e-13
31,32,63,0.3247583390132957
33,30,63,0.24299412154726827
34,29,63,0.8949950374154003
45,18,63,0.3660552939123452
50,13,63,0.8032504943172378
42,21,63,0.01306095118293263
49,14,63,1.6604355521301413e-12
41,22,63,0.00029563362700735723
35,28,63,NaN
25,38,63,0.18561760226461765
38,25,63,0.09331494238381467
44,19,63,0.05295374443847441
36,27,63,0.5546499595531249
37,26,63,0.009870381676625736
49,14,63,0.7187913286818584
29,34,63,0.25858737120399833
41,22,63,NaN
51,12,63,0.24299412154726827
43,20,63,0.002532103920408754
44,19,63,0.00040405254297775826
48,15,63,0.2697507988490747
37,26,63,0.7659187175498298
34,29,63,0.05589840063741304
48,14,62,0.0774757130940238
42,20,62,0.03468779084967369
46,16,62,0.6636849088540699
46,16,62,0.161264881038212
45,17,62,0.00018874279019110706
38,24,62,0.02584698822877657
38,24,62,0.035571681566151335
34,28,62,0.9444114465064897
42,20,62,0.0010926589530716134
36,26,62,0.39365820288251563
42,20,62,0.7185379027438118
47,15,62,0.161264881038212
44,18,62,0.5458411391742344
43,19,62,0.10644627622097674
39,23,62,0.14080710657571024
43,19,62,0.4389759442456205
33,29,62,0.019582362947367808
23,39,62,0.371683828067364
35,27,62,0.30094005174124394
42,20,62,0.8949950374154003
37,25,62,0.8215298843666329
40,22,62,0.8306932528147217
37,25,62,0.3094177410690185
38,24,62,0.06058247105517931
35,27,62,0.161264881038212
43,19,62,0.8833811904308974
37,25,62,0.02611284212389445
45,17,62,0.01894047652171367
40,22,62,0.5665797660100184
42,20,62,0.8477897952973533
44,18,62,0.0005329273083595797
49,13,62,0.5105367427953501
24,38,62,0.4389759442456205
47,15,62,0.9336743037628588
27,35,62,0.9528652011066349
39,23,62,0.24626447304168828
42,20,62,0.4863825603870283
48,14,62,0.00020817396319608173
46,16,62,0.004895756670430656
48,14,62,0.4869472780660612
38,24,62,0.019565886511289276
36,26,62,4.362235913448978e-11
46,15,61,0.5045536450406843
48,13,61,0.0993324988973266
33,28,61,0.0029407313498759574
33,28,61,4.11839844617493e-5
38,23,61,6.633184904118176e-7
48,13,61,0.6309922116278525
36,25,61,0.6192221704488337
46,15,61,7.456466442985821e-8
43,18,61,6.069044142797389e-5
35,26,61,0.00011754658131508571
39,22,61,1.8482998323715024e-5
51,10,61,0.7351022872357142
36,25,61,0.2615107833897407
33,28,61,0.32683023388941773
40,21,61,0.5330378478057775
49,12,61,0.2689031616949863
44,17,61,0.8739578344376489
45,16,61,0.0002687361887056791
36,25,61,0.0011160109674876095
49,12,61,0.4080983977872343
49,12,61,0.02154488619640623
29,32,61,0.8327981550260359
41,20,61,0.013595179396091573
37,24,61,NaN
41,20,61,NaN
43,18,61,0.43502132438762225
53,8,61,2.140615190245266e-30
40,21,61,0.08115644780417555
38,23,61,0.6211047067208528
39,22,61,0.5332379128354054
42,19,61,0.0005432777448710867
42,19,61,0.026256518157549327
43,18,61,0.03973270879120916
34,27,61,0.40714109263080167
43,18,61,0.4078818200658867
46,15,61,0.2235176087258517
40,21,61,0.18584015335689416
41,20,61,0.6766064389381786
40,21,61,0.08556267927308135
51,10,61,0.9399916968566219
43,18,61,5.9490126187756094e-5
39,22,61,0.05295374443847441
51,10,61,0.016352394412106192
46,15,61,0.8204795116931126
31,30,61,0.7351022872357142
39,22,61,0.00557587910910623
34,26,60,7.438676502020757e-5
47,13,60,0.6211047067208528
39,21,60,0.4869472780660612
40,20,60,0.008781055400934209
48,12,60,0.13144470729239188
44,16,60,0.0006580742207991145
39,21,60,0.013595179396091573
35,25,60,0.4389759442456205
47,13,60,0.12196444410581492
35,25,60,NaN
49,11,60,0.8617097556108892
46,14,60,0.03025847703180226
46,14,60,0.4696877155008168
43,17,60,0.5773495910338519
34,26,60,0.4869472780660612
49,11,60,0.9170402530551638
38,22,60,0.13553165066582928
43,17,60,0.03468779084967369
37,23,60,0.005208096183648685
36,24,60,0.5954247093170099
38,22,60,0.0034998974101708453
28,32,60,0.39365820288251563
52,8,60,0.06058247105517931
40,20,60,0.03468779084967369
43,17,60,3.60389914472241e-13
45,15,60,0.0700977124749664
44,16,60,0.8407213830217829
51,9,60,0.016145105536504525
41,19,60,0.8909018427452994
34,26,60,0.476344545443924
38,22,60,0.8617097556108892
40,20,60,0.7943141978951035
40,20,60,0.8204795116931126
47,13,60,0.127287613984224
32,28,60,0.02781373182739917
49,11,60,0.04962286809148852
30,30,60,0.5335124166515606
44,16,60,0.4869472780660612
42,18,60,7.862857793703314e-5
48,12,60,0.24299412154726827
39,21,60,0.0025101803307077484
33,27,60,0.8418168267177661
44,16,60,0.7975120912818462
41,19,60,0.02371278593706464
46,14,60,0.14080710657571024
40,20,60,8.147573754070192e-5
44,16,60,0.21187913375295056
35,25,60,0.05632955033863555
33,27,60,0.9444012070806406
46,14,60,0.4869472780660612
37,23,60,0.2770589453938832
38,22,60,0.03973270879120916
33,27,60,0.22378108523314597
40,20,60,0.27702158029139506
35,25,60,0.14558633904292054
38,21,59,3.9343272477015715e-5
44,15,59,0.35163936320323114
46,13,59,NaN
48,11,59,7.21043848770383e-12
30,29,59,0.8073023437461809
44,15,59,0.27687777537204095
42,17,59,0.09331494238381467
46,13,59,6.86934828230964e-9
35,24,59,NaN
44,15,59,0.4389759442456205
45,14,59,0.8418168267177661
34,25,59,0.01200890536690532
43,16,59,0.962032138983051
33,26,59,0.1922303487887175
43,16,59,7.814282374037132e-6
31,28,59,0.7351022872357142
50,9,59,0.2770589453938832
37,22,59,0.0499139725846448
41,18,59,0.4584457217856004
50,9,59,0.020583073397673953
46,13,59,0.8101541009798807
34,25,59,0.03468779084967369
42,17,59,1.4492256362136945e-11
36,23,59,0.013740039471624155
26,33,59,NaN
38,21,59,0.5773495910338519
44,15,59,0.03025847703180226
35,24,59,0.6629394266610144
45,14,59,0.19795596036088134
43,16,59,0.7801692932198669
44,15,59,0.017000337315371723
28,31,59,0.9749834651108517
38,21,59,0.04089825561680409
37,22,59,1.7151024377245535e-5
38,21,59,0.09940809194823506
35,24,59,0.6468692603186418
37,22,59,0.00028400563355600864
47,12,59,0.2770589453938832
42,17,59,0.7008553584305408
47,12,59,0.6653674959233236
42,17,59,0.3147278493122561
50,9,59,0.7659187175498298
49,10,59,0.0941853816575008
43,16,59,0.7943141978951035
40,19,59,0.06988872661807305
30,29,59,0.06245712984835637
41,18,59,0.9669848476099062
39,20,59,1.4668236789082775e-14
37,22,59,0.0068033856164707905
42,17,59,0.43550195130706565
46,13,59,0.11791168553532073
41,18,59,0.008877507116777697
42,17,59,0.9915700841754083
35,24,59,0.5773495910338519
44,15,59,0.2831300226344842
34,25,59,0.12196444410581492
27,32,59,0.001580970542178108
52,7,59,0.9097889372969507
40,18,58,0.5052806289290832
44,14,58,0.6315344398342021
43,15,58,0.6771366623764355
37,21,58,0.04301615593149968
49,9,58,0.10644627622097674
47,11,58,0.08256782987037131
45,13,58,0.05554430357192364
39,19,58,0.4173163600727722
35,23,58,0.0073437112274006965
40,18,58,NaN
50,8,58,0.18670013962931545
38,20,58,0.7008553584305408
35,23,58,1.4308825066935513e-7
40,18,58,0.16733585418950842
35,23,58,0.002287880721057658
39,19,58,1.3455271012912256e-6
36,22,58,0.639385789559539
42,16,58,5.255856775610591e-7
36,22,58,0.02403032574262754
33,25,58,0.284957002957702
41,17,58,0.10899787126358106
45,13,58,0.30048709796209566
34,24,58,0.013639209838801444
40,18,58,0.012173944495435986
45,13,58,1.954983841862246e-5
35,23,58,0.13553165066582928
48,10,58,0.3147278493122561
42,16,58,3.0036147212466525e-6
40,18,58,0.045946027748132785
44,14,58,0.11913155312861581
41,17,58,0.5425574360730917
32,26,58,0.8281470796777857
43,15,58,0.7351022872357142
23,35,58,0.896377419394068
39,19,58,2.904691795547334e-10
37,21,58,0.534054961478336
47,11,58,0.0005299309821230772
42,16,58,0.4389759442456205
26,32,58,NaN
40,18,58,0.35163936320323114
46,12,58,0.008389860492136143
47,11,58,0.7008553584305408
40,18,58,NaN
33,25,58,0.8949950374154003
43,15,58,0.5119166049468142
31,27,58,0.014121617277000616
37,21,58,0.8534484962761447
34,24,58,0.08256782987037131
37,21,58,0.11839913567924311
37,21,58,0.18561760226461765
37,21,58,0.7659187175498298
43,15,58,0.007001359302340902
50,8,58,0.3870853214402204
31,27,58,0.10633907198401477
40,18,58,0.14574972763373298
40,18,58,0.018008066675765294
41,17,58,0.7036040043557736
38,20,58,NaN
40,17,57,1.2192660409524738e-8
38,19,57,0.534054961478336
44,13,57,0.5790860314674875
28,29,57,NaN
36,21,57,0.035628057019902876
33,24,57,0.00015777425287730225
32,25,57,0.7008553584305408
33,24,57,0.5645250719802194
37,20,57,0.00040253370322455124
42,15,57,0.06601885080425786
43,14,57,0.3147278493122561
38,19,57,0.13554515031424938
41,16,57,0.0014850026481310564
44,13,57,0.6211047067208528
36,21,57,0.9581493490598683
45,12,57,0.05295374443847441
36,21,57,0.13073241508377192
51,6,57,0.0013382566443662697
38,19,57,0.534054961478336
29,28,57,0.9661987089462476
41,16,57,NaN
42,15,57,0.4973353239072446
45,12,57,0.0029427646985789946
38,19,57,0.02345641511518029
42,15,57,0.1601267383821379
36,21,57,0.161264881038212
36,21,57,0.8820522813065869
43,14,57,0.542534311178832
43,14,57,0.161264881038212
35,22,57,0.6629394266610144
43,14,57,0.4389759442456205
32,25,57,0.12196444410581492
39,18,57,0.9444012070806406
43,14,57,0.0014497810196476937
39,18,57,0.811555437117468
28,29,57,0.39365820288251563
39,18,57,0.6217492665144086
37,20,57,0.5773495910338519
39,18,57,2.198598103619116e-5
24,33,57,0.5927875105048318
42,15,57,0.922483585895465
34,23,57,0.1450477724603556
48,9,57,1.8393053729923352e-12
26,31,57,0.3361087588558138
33,24,57,0.0003085070178292836
39,18,57,0.033358680054056476
43,14,57,0.39365820288251563
48,9,57,0.0023561293422496594
35,22,57,1.5357498822572463e-7
45,12,57,0.5142328251237288
46,11,57,0.0033215316687727325
28,29,57,0.6995426448884872
21,36,57,NaN
39,18,57,0.006266259626765797
44,13,57,0.8204795116931126
42,15,57,1.2824581083800365e-5
37,20,57,0.8773533209147835
38,19,57,0.39365820288251563
35,22,57,0.03973270879120916
40,17,57,0.14080710657571024
43,14,57,0.0012215724086218154
30,27,57,0.029249981313861223
30,27,57,0.779791628129044
32,25,57,0.4952387725561592
35,22,57,0.503264355801172
45,12,57,0.04394581487736935
33,24,57,0.8635751011172558
26,31,57,0.8949950374154003
37,19,56,NaN
34,22,56,0.9097889372969507
40,16,56,0.8617097556108892
42,14,56,0.4389759442456205
37,19,56,0.2580404396602182
29,27,56,0.6777606110047745
34,22,56,0.7111549409835152
30,26,56,0.18031617455879484
43,13,56,0.10644627622097674
35,21,56,0.5866913052753345
37,19,56,0.03973270879120916
48,8,56,0.5773495910338519
37,19,56,0.002669861701005218
31,25,56,0.022081307319660556
43,13,56,0.006890441193848118
44,12,56,2.353659462726162e-8
46,10,56,0.00013162508923563368
36,20,56,0.04581680352367893
43,13,56,0.2787719472245347
35,21,56,0.17190192878979843
37,19,56,0.7008553584305408
46,10,56,1.7384536794380338e-7
29,27,56,0.17665000544429424
42,14,56,0.4389759442456205
42,14,56,0.0004610401947958468
39,17,56,0.8826625948959744
34,22,56,8.648721139231235e-10
37,19,56,0.9872994292252011
21,35,56,0.1381966816333409
47,9,56,0.10644627622097674
37,19,56,2.3749888609467812e-7
45,11,56,0.8944355322834252
29,27,56,0.9482184880829639
37,19,56,0.006090739371485976
41,15,56,0.013724331407327527
26,30,56,0.6575813187714171
39,17,56,0.03468779084967369
27,29,56,0.40125175401132407
37,19,56,NaN
46,10,56,8.845937304779758e-5
27,29,56,0.9444012070806406
38,18,56,0.4869472780660612
38,18,56,0.007842646474285018
34,22,56,0.5773495910338519
44,12,56,0.35163936320323114
34,22,56,0.6576227257627122
45,11,56,0.32086576293350966
38,18,56,0.023372760143219606
38,17,55,0.39365820288251563
38,17,55,0.3147278493122561
43,12,55,0.8791469822960243
47,8,55,7.055554866163645e-6
37,18,55,0.3911931467972188
44,11,55,4.1826255697471435e-6
35,20,55,0.14128471616266838
45,10,55,0.0019700232308784665
31,24,55,NaN
28,27,55,0.505831740417886
43,12,55,0.01457995015146949
35,20,55,5.1611773565746624e-9
43,12,55,0.6629394266610144
39,16,55,0.20343077860800823
42,13,55,0.00018588587545685477
40,15,55,0.9394001146461406
40,15,55,0.00012416416293531185
36,19,55,0.20593605033706416
46,9,55,0.7611467139379131
38,17,55,7.614160331236979e-5
43,12,55,0.12747075101832725
30,25,55,0.4389759442456205
34,21,55,0.013595179396091573
33,22,55,0.4563101360875261
30,25,55,NaN
42,13,55,5.764673903070934e-9
31,24,55,0.3894656020261027
32,23,55,0.813369056553187
39,16,55,NaN
35,20,55,0.9336743037628588
40,15,55,0.5097011758072805
29,26,55,0.012242017031467847
32,23,55,0.9014752642491484
33,22,55,0.3210258987299133
41,14,55,0.36977242709043806
27,28,55,0.2770589453938832
28,27,55,0.4261691012333751
36,19,55,0.35163936320323114
32,23,55,NaN
37,18,55,0.944130970021129
38,17,55,0.8215298843666329
42,13,55,0.09464541887271104
34,21,55,0.4389759442456205
34,21,55,0.9956512361428542
37,18,55,0.309835634475681
35,20,55,0.2238410187124574
39,16,55,0.0016216233897318965
33,22,55,0.0003935814707663397
35,20,55,0.8256138125749558
22,33,55,0.08115644780417555
37,18,55,0.6717693631515835
38,17,55,0.9228018203597724
39,16,55,0.39365820288251563
29,26,55,0.8564410659553393
26,29,55,0.045946027748132785
21,34,55,0.7351022872357142
32,23,55,0.18561760226461765
34,21,55,0.8418168267177661
18,37,55,NaN
33,21,54,0.0034186146092359715
45,9,54,9.627600817328302e-6
41,13,54,0.9490928303429869
41,13,54,0.05172146161636167
45,9,54,0.00021727776330187558
44,10,54,0.0026984003437704666
33,21,54,0.4792166617957327
38,16,54,0.002245706259241102
30,24,54,NaN
42,12,54,0.1305834933475042
34,20,54,0.0022950580555547635
33,21,54,0.03468779084967369
39,15,54,0.7351022872357142
31,23,54,0.0006227335694369438
42,12,54,0.06006321451487784
40,14,54,0.007505069180864792
38,16,54,0.2013611398391865
45,9,54,0.005100602238806189
40,14,54,0.0017668789828543291
26,28,54,0.573346370712725
28,26,54,0.3219138068213394
34,20,54,0.12196444410581492
40,14,54,0.6707548324197398
30,24,54,0.5893618891506249
35,19,54,0.1771925104297517
49,5,54,0.8926382883673604
30,24,54,0.20562359510170272
24,30,54,0.43934420905537
40,14,54,0.19733194867698237
37,17,54,0.5773470192897888
44,10,54,0.6211047067208528
40,14,54,0.00259547537640292
36,18,54,2.068265573616102e-10
39,15,54,0.30706756770403415
34,20,54,0.39365820288251563
40,14,54,0.10094763961807833
42,12,54,0.5836073353578222
40,14,54,0.9537828436790707
38,16,54,0.4389759442456205
41,13,54,0.00011320576568797159
30,24,54,0.8078178881358892
33,21,54,0.01217059353148136
36,18,54,0.045946027748132785
40,14,54,0.784177524356568
28,26,54,0.018100167942016365
30,24,54,0.1900267863068408
37,17,54,0.5773495910338519
35,19,54,0.721350825784574
46,8,54,0.4224047862102631
40,14,54,0.2288928549113183
36,18,54,0.534054961478336
35,19,54,0.6040821858026184
36,18,54,0.07685961094159036
35,19,54,0.2352238936685458
41,13,54,0.4932946000918115
27,27,54,0.007877839548017584
33,21,54,0.793509633297593
40,14,54,0.5050683944554605
31,23,54,0.09331494238381467
36,18,54,0.15135508618465984
38,16,54,0.40842411694591346
32,22,54,0.9444012070806406
23,31,54,0.8418168267177661
37,17,54,0.10644627622097674
34,20,54,0.00030841565077408423
38,16,54,0.5773495910338519
37,16,53,0.9640811306520473
32,21,53,NaN
38,15,53,0.2246012663153172
47,6,53,0.613374338752663
34,19,53,0.022527281032129094
39,14,53,0.32938519672643796
35,18,53,0.6629394266610144
37,16,53,0.03025847703180226
35,18,53,0.002561275039271133
27,26,53,0.7602026940028741
37,16,53,0.05295374443847441
41,12,53,0.534054961478336
42,11,53,0.9534911290835386
35,18,53,0.34025584355558786
38,15,53,6.423923103814564e-5
37,16,53,0.0010319921124653047
38,15,53,0.7943141978951035
37,16,53,0.03468779084967369
36,17,53,0.07145593081699719
38,15,53,7.818222576955758e-7
43,10,53,0.5102421023532311
38,15,53,0.03192945815869531
43,10,53,0.06157296618215459
33,20,53,0.014040548778749938
40,13,53,0.24487049277409206
47,6,53,0.21187913375295056
43,10,53,4.390054720674354e-18
29,24,53,0.06736749624189711
36,17,53,0.43055181266669107
44,9,53,0.39365820288251563
39,14,53,0.3147278493122561
33,20,53,0.3900332241531044
41,12,53,0.03973270879120916
26,27,53,0.004638076674204262
29,24,53,0.9759559858481992
35,18,53,0.9097889372969507
32,21,53,0.24299412154726827
38,15,53,2.203273909417169e-11
36,17,53,0.6338375641484159
33,20,53,0.3685372007827589
36,17,53,0.7008553584305408
39,14,53,0.26467896053434414
31,22,53,0.4218024089904139
34,19,53,0.03025847703180226
31,22,53,0.5208172689929056
37,16,53,0.6211047067208528
22,31,53,0.5773495910338519
34,19,53,0.3123133755744413
40,13,53,0.004290535662273801
31,22,53,0.08971488715634926
36,17,53,0.8057158937514802
32,21,53,0.322105312193571
33,20,53,0.006091701711492965
37,16,53,0.03662359628439079
44,9,53,0.8204795116931126
36,17,53,0.997608072328767
41,12,53,0.12196444410581492
30,23,53,0.08115644780417555
34,19,53,0.5460197875560119
31,22,53,0.6454041489437871
47,5,52,0.09331494238381467
32,20,52,0.00413632405351317
34,18,52,0.3147278493122561
32,20,52,0.9097889372969507
34,18,52,0.2679926910813655
46,6,52,0.5604352761583669
38,14,52,0.2500915914753383
38,14,52,6.337378616876791e-10
47,5,52,5.592150896928502e-8
33,19,52,0.5837507502378533
33,19,52,0.3811767769508351
30,22,52,0.17451169429554708
28,24,52,0.24299412154726827
36,16,52,0.021039982394975683
36,16,52,0.4389759442456205
33,19,52,0.6211047067208528
39,13,52,0.0018898787014572944
28,24,52,8.501331156066493e-5
33,19,52,0.3894656020261027
39,13,52,8.031436418240649e-19
39,13,52,0.04579368116843111
35,17,52,0.05514811753220416
33,19,52,NaN
49,3,52,2.307623684545626e-7
40,12,52,0.016352394412106192
25,27,52,0.4581991234357447
29,23,52,0.35163936320323114
42,10,52,0.39365820288251563
37,15,52,6.231646007705556e-5
40,12,52,0.005193038675569355
36,16,52,0.09331494238381467
40,12,52,0.18954435977489292
38,14,52,0.0038567254614503763
39,13,52,0.3147278493122561
25,27,52,NaN
34,18,52,NaN
43,9,52,0.335632712857429
37,15,52,0.8308537626452537
36,16,52,0.005890510991034401
45,7,52,0.000593346476498833
41,11,52,0.5629320738396285
39,13,52,0.6313040216593364
37,15,52,0.2770589453938832
51,1,52,0.8255848148692185
37,15,52,0.05980175738179032
37,15,52,0.2770589453938832
33,19,52,0.7287224793866129
35,17,52,1.2523046249342277e-5
24,28,52,0.002333293795909444
30,22,52,0.008329596731708584
42,10,52,NaN
31,21,52,0.0912277604928419
33,19,52,0.9097889372969507
31,21,52,0.003086320859337252
35,17,52,0.03446881800167342
27,25,52,0.8617097556108892
35,17,52,0.24299412154726827
46,6,52,0.9242968202163611
33,19,52,1.2101681969975176e-5
28,24,52,0.15534474834498616
37,15,52,0.03991365183517864
37,15,52,0.15769819274529215
23,29,52,0.0005273548947307331
38,13,51,0.2578686869035929
39,12,51,NaN
31,20,51,0.9790344818852962
38,13,51,0.0661330024587312
29,22,51,0.07942871021298448
30,21,51,0.8418168267177661
46,5,51,0.8617097556108892
38,13,51,0.0045642364033263855
30,21,51,0.534054961478336
37,14,51,0.03971012006341676
31,20,51,0.6211047067208528
35,16,51,NaN
31,20,51,NaN
36,15,51,0.00028821050739279207
30,21,51,0.0002558202987220582
33,18,51,0.00848239527090016
28,23,51,0.015918114124453247
35,16,51,0.5825510987324126
40,11,51,0.0007520882096386291
33,18,51,0.00569242947213173
37,14,51,0.004717652659047982
37,14,51,0.005930112001500019
33,18,51,0.11227783504162153
39,12,51,0.26195765030136214
37,14,51,0.5582486682344593
32,19,51,0.08115644780417555
38,13,51,0.06058247105517931
38,13,51,0.05295374443847441
34,17,51,0.9941692455764074
36,15,51,0.3130234202175686
34,17,51,0.2103322530691506
33,18,51,1.5392207443976368e-11
34,17,51,0.39365820288251563
33,18,51,0.03973270879120916
46,5,51,5.670950455889849e-6
34,17,51,1.6618455037379196e-9
24,27,51,0.8282758181659382
34,17,51,0.6947847776989542
30,21,51,0.14883430349549986
37,14,51,0.7659187175498298
32,19,51,0.09474299427892564
37,14,51,0.27577116867779755
36,15,51,0.04477018850579075
32,19,51,0.0031974065762979923
34,17,51,0.8949950374154003
30,21,51,0.10644627622097674
41,10,51,0.9444012070806406
29,22,51,0.4869472780660612
41,10,51,0.7543737329974717
38,13,51,NaN
26,25,51,NaN
37,14,51,0.17431151276847076
27,24,51,0.02729859940952053
34,17,51,0.9149473530460539
35,16,51,0.05849252884763832
30,21,51,0.8791469822960243
40,10,50,0.005827491062071712
40,10,50,0.8660664244732502
43,7,50,5.7546639041784024e-9
41,9,50,0.449266540729465
34,16,50,NaN
36,14,50,0.0443964505305989
31,19,50,0.00020541808979818721
25,25,50,0.18561760226461765
32,18,50,0.008257659495157643
31,19,50,0.05650800273655461
28,22,50,0.7943788298637579
34,16,50,0.0637380433125441
25,25,50,NaN
37,13,50,0.053628099484108536
37,13,50,0.8791469822960243
31,19,50,0.8814483180757753
30,20,50,0.06058247105517931
33,17,50,0.4775567961122742
29,21,50,0.02389053631919939
28,22,50,0.3147278493122561
32,18,50,0.0022966799698562
31,19,50,0.02611284212389445
38,12,50,0.005950123105853739
39,11,50,0.2040995673868783
36,14,50,0.12414574060945381
25,25,50,2.5096898110353385e-6
31,19,50,0.02126955611126622
16,34,50,NaN
35,15,50,0.08115644780417555
33,17,50,0.002532103920408754
33,17,50,0.2770589453938832
38,12,50,0.017098839926401415
33,17,50,0.06058247105517931
36,14,50,NaN
35,15,50,0.22599294272578468
29,21,50,0.08115644780417555
35,15,50,0.27398823185029497
36,14,50,0.35163936320323114
27,23,50,1.2451851283762713e-5
42,8,50,0.2044253704830299
37,13,50,2.2201129586775402e-5
40,10,50,0.0025972611989752256
40,10,50,NaN
37,13,50,0.9097889372969507
31,19,50,0.9354546420580792
31,19,50,0.8194984205932987
26,24,50,0.09688067521429479
36,14,50,0.00011028621657544232
35,15,50,0.05797710760799461
42,8,50,0.7406306888463495
29,21,50,0.6483072209518189
30,20,50,0.00018946815254008574
38,12,50,0.6314003666345329
38,12,50,0.9187011512211407
36,14,50,0.1036941482918476
32,18,50,0.00032198495612411894
31,19,50,NaN
37,13,50,0.036411748182285014
35,15,50,0.8653601395728225
36,14,50,0.07290489632911061
30,20,50,0.37122261031288056
36,14,50,0.04043447581097796
38,12,50,0.4389759442456205
31,19,50,NaN
36,14,50,0.005900325306620501
40,10,50,0.10644627622097674
23,27,50,0.6417525190154494
28,22,50,NaN
30,20,50,0.10239901830345585
28,22,50,0.022571510107679344
29,21,50,0.7351022872357142
23,27,50,0.534054961478336
37,12,49,0.962032138983051
34,15,49,NaN
35,14,49,0.2770589453938832
40,9,49,0.27668974242808675
37,12,49,0.35163936320323114
30,19,49,0.009592987805076348
39,10,49,0.4295905535216539
25,24,49,0.0778537644272422
33,16,49,0.6211047067208528
27,22,49,0.39365820288251563
19,30,49,0.00011314508942369453
26,23,49,0.7008553584305408
31,18,49,0.6953418717946047
40,9,49,6.576482949822035e-8
37,12,49,0.39365820288251563
32,17,49,1.5138793547032012e-10
37,12,49,0.0008728202021977908
34,15,49,0.39365820288251563
41,8,49,0.004868630308563196
32,17,49,0.685431344769164
29,20,49,0.574651292523334
40,9,49,5.141721165073909e-7
34,15,49,0.011625908468073121
30,19,49,0.5846920714377264
35,14,49,0.9187709968394847
33,16,49,0.18561760226461765
31,18,49,0.9162752269617394
33,16,49,1.3455271012912256e-6
39,10,49,0.021068788362139126
30,19,49,0.0047048811481857754
32,17,49,1.5124965763644204e-12
36,13,49,0.5862043935844937
33,16,49,0.005100602238806189
29,20,49,0.02657813425952978
32,17,49,0.3147278493122561
33,16,49,0.010693459493463094
37,12,49,0.9592427160992576
37,12,49,0.6998873328895899
25,24,49,0.7684751025672732
33,16,49,0.4389759442456205
34,15,49,0.7351022872357142
39,10,49,0.876223244374726
42,7,49,0.05295374443847441
36,13,49,0.7351022872357142
29,20,49,0.504673642270194
35,14,49,0.4869472780660612
40,9,49,0.8201696774923006
36,13,49,0.03468779084967369
32,17,49,0.0036289019938279023
43,6,49,0.3147278493122561
28,21,49,0.3147278493122561
44,5,49,0.013983976781861194
32,17,49,0.534054961478336
28,21,49,0.7778624643784646
28,21,49,0.6211047067208528
26,23,49,NaN
32,17,49,0.08098125545903981
34,15,49,0.02065366927549042
46,3,49,0.17331580875042638
31,18,49,0.9444012070806406
33,16,49,0.5746497851825884
32,17,49,0.8949950374154003
39,10,49,0.3772726935607227
28,21,49,0.23283114601553453
39,10,49,0.00014065419278479053
27,22,49,0.3285335574629799
40,9,49,0.534054961478336
32,17,49,NaN
30,19,49,0.06370194874906206
28,21,49,0.16690228098234386
35,14,49,0.136147593877268
34,15,49,0.09209557800493404
24,25,49,NaN
24,25,49,0.5038063536427774
36,13,49,0.08115644780417555
35,14,49,8.53374996633272e-6
33,16,49,0.4569140895049978
27,21,48,0.2812806371937674
30,18,48,NaN
33,15,48,1.0723859571430023e-6
34,14,48,0.39365820288251563
34,14,48,0.005688108348435771
38,10,48,0.8949950374154003
39,9,48,0.4354301318992658
34,14,48,0.18561760226461765
32,16,48,8.995431091103027e-5
30,18,48,0.4709482457583038
41,7,48,3.2403542680121954e-7
32,16,48,0.8418168267177661
38,10,48,0.4389759442456205
28,20,48,NaN
34,14,48,0.21187913375295056
34,14,48,0.2770589453938832
35,13,48,0.08649479085685886
33,15,48,NaN
39,9,48,NaN
31,17,48,0.002296613324366226
28,20,48,0.019582362947367808
32,16,48,0.06058247105517931
41,7,48,0.7495075522714422
34,14,48,7.599754528904018e-5
42,6,48,0.21187913375295056
42,6,48,0.31829841346407167
29,19,48,0.04936160547886079
36,12,48,0.9241233647105888
28,20,48,0.7351022872357142
32,16,48,0.0028776492360505926
31,17,48,0.4869472780660612
31,17,48,NaN
30,18,48,0.534054961478336
28,20,48,0.009983921793503617
32,16,48,0.583929127406625
30,18,48,0.20698438637902047
23,25,48,0.03468779084967369
25,23,48,0.14529431935931175
32,16,48,0.09331494238381467
36,12,48,0.0004930026723591018
38,10,48,5.504288975776026e-14
33,15,48,0.13547229868800428
36,12,48,0.007928528029386827
41,7,48,0.9749834651108517
31,17,48,2.946196470258146e-7
28,20,48,0.3321956201166489
23,25,48,0.4869472780660612
34,14,48,NaN
27,21,48,NaN
42,6,48,0.7659187175498298
33,15,48,0.9330908782212182
35,13,48,0.004717652659047982
22,26,48,0.008926502520679601
35,13,48,1.7945229645166505e-7
43,5,48,0.6184670393434103
28,20,48,0.10693967980283653
22,26,48,0.3905096383633046
33,15,48,0.013595179396091573
30,18,48,0.00031409718232268153
24,24,48,0.2176788503574326
15,33,48,0.9336743037628588
20,28,48,0.4310700291468513
32,15,47,0.4869472780660612
32,15,47,0.3147278493122561
31,16,47,0.43206543150779025
29,18,47,0.0030671357445065466
25,22,47,0.4869472780660612
30,17,47,0.4869472780660612
40,7,47,0.9444012070806406
38,9,47,0.01258183573404117
34,13,47,0.09193115395169925
36,11,47,0.9154602733481624
35,12,47,0.456623148071165
33,14,47,0.3147278493122561
38,9,47,5.418218048704617e-6
34,13,47,0.004170341766444186
30,17,47,0.4869472780660612
31,16,47,NaN
27,20,47,0.27714268683548254
30,17,47,0.5107858915604683
28,19,47,0.4869472780660612
30,17,47,0.6136456705443665
35,12,47,9.429551272039178e-13
37,10,47,0.00033330209991683533
30,17,47,0.8460190874791085
32,15,47,8.614278383701133e-8
33,14,47,0.49246329650426357
28,19,47,0.03973270879120916
34,13,47,0.6326533170055842
24,23,47,0.35163936320323114
36,11,47,0.017312988704594627
25,22,47,0.3343227999826278
32,15,47,0.007455746262001004
41,6,47,0.012134513534463088
33,14,47,0.013074668398519352
36,11,47,0.006091701711492965
35,12,47,0.5773495910338519
29,18,47,0.0051071526513414706
33,14,47,NaN
33,14,47,0.5624100504369717
27,20,47,0.10775522786450861
28,19,47,0.5773495910338519
27,20,47,NaN
30,17,47,0.0003746184614474632
34,13,47,0.20895635091179635
32,15,47,0.32102786153717805
27,20,47,0.21187131874395268
26,21,47,NaN
30,17,47,0.6211047067208528
28,19,47,0.7008553584305408
32,15,47,0.7659187175498298
31,16,47,0.18561760226461765
28,19,47,0.3068421875994846
39,8,47,0.04357114863057928
32,15,47,0.23810898987582904
34,13,47,0.5275636318702897
28,19,47,0.18095263822130916
38,9,47,0.2455917938955161
32,15,47,0.004812768265524112
27,20,47,0.21187913375295056
33,14,47,0.37474598978514423
33,14,47,0.7139834203208217
31,16,47,0.26518935113796993
35,12,47,0.09381220102160279
28,19,47,NaN
13,34,47,0.7659187175498298
33,13,46,0.3620401900176922
40,6,46,0.035854017974550616
23,23,46,0.10644627622097674
35,11,46,0.03468779084967369
24,22,46,0.2770589453938832
34,12,46,0.21187913375295056
34,12,46,0.24865607016392338
29,17,46,0.6489031231042309
35,11,46,0.6699575414640252
21,25,46,0.32014400260666914
39,7,46,0.35163936320323114
28,18,46,0.6519454355730566
36,10,46,2.497063923676989e-7
33,13,46,0.21187913375295056
31,15,46,0.004544567465357112
38,8,46,4.1582121200411206e-7
29,17,46,0.07662583392865217
35,11,46,0.44264472153614165
26,20,46,NaN
30,16,46,0.16519421670974485
30,16,46,0.2047175131262922
24,22,46,0.3671028133277032
33,13,46,0.5777319772469923
32,14,46,0.12196444410581492
40,6,46,0.06988872661807305
38,8,46,0.3435766913623852
27,19,46,0.10811498614118951
38,8,46,0.24546861242543627
30,16,46,0.6629394266610144
20,26,46,0.2929843592054458
36,10,46,8.950333819044746e-19
34,12,46,0.015739357409861005
28,18,46,0.27186014517216234
35,11,46,0.7324208717641337
30,16,46,0.7008553584305408
36,10,46,0.004274430178477117
32,14,46,0.2513703272219594
36,10,46,0.24299412154726827
35,11,46,0.08031529154146733
33,13,46,0.4869472780660612
32,14,46,0.06042359724563331
30,16,46,0.00012800188291990555
29,17,46,0.5773495910338519
30,16,46,0.16863492313376402
28,18,46,0.922483585895465
23,23,46,0.4395240275756149
27,19,46,0.8418168267177661
24,22,46,0.5773495910338519
35,11,46,NaN
35,11,46,0.9534911290835386
33,13,46,0.01123130087585235
36,10,46,0.3083540982065866
32,14,46,1.1323727595367467e-6
22,24,46,0.8949950374154003
35,11,46,0.03144076738024158
37,9,46,0.1907846511669067
22,24,46,0.007958249978721955
30,16,46,0.3147278493122561
32,14,46,0.00011656667654182181
27,19,46,0.7351022872357142
28,18,46,7.840711192499331e-11
34,12,46,0.922483585895465
29,17,46,0.7950970460238699
41,5,46,9.687293928964458e-5
37,9,46,0.20493012970001898
28,18,46,0.9049375947115772
35,11,46,0.0018748713914453216
30,16,46,NaN
35,11,46,0.7943141978951035
23,23,46,0.31606371454142534
17,29,46,0.0013632314584414132
35,11,46,0.7943141978951035
31,15,46,5.493629001721356e-7
19,27,46,NaN
27,19,46,0.6629394266610144
38,7,45,0.161264881038212
32,13,45,0.07515085293001939
33,12,45,0.15221324368243186
38,7,45,0.0017248845198042024
37,8,45,0.49434005977379214
34,11,45,4.111514055876262e-11
14,31,45,0.15728607972969824
33,12,45,2.82075194107049e-5
20,25,45,NaN
33,12,45,0.0027186244937395768
36,9,45,0.18561760226461765
33,12,45,0.6211047067208528
35,10,45,0.42836050582760016
32,13,45,0.015222058454607432
30,15,45,0.18561760226461765
38,7,45,0.6211047067208528
34,11,45,NaN
30,15,45,0.05512578833776715
27,18,45,0.7086632829922653
31,14,45,0.03690209423285311
33,12,45,0.19896617683283216
34,11,45,0.4467122159921034
35,10,45,0.18561760226461765
37,8,45,0.03025847703180226
29,16,45,0.7008553584305408
35,10,45,0.8690038963058293
34,11,45,0.07911938674694165
29,16,45,0.6629338933380231
30,15,45,0.32576472241741955
27,18,45,0.007537616840122625
31,14,45,0.054056288239737536
20,25,45,NaN
36,9,45,0.06913761913922507
24,21,45,0.26262243329031243
22,23,45,0.2713187528132963
38,7,45,0.023679335076771967
32,13,45,0.8863990877047787
35,10,45,8.589737197523494e-5
30,15,45,0.7351022872357142
34,11,45,0.24299412154726827
37,8,45,0.39365820288251563
33,12,45,0.8823973817820978
32,13,45,0.7675050363022925
39,6,45,6.630501838289335e-12
26,19,45,0.2615665167772538
38,7,45,0.03468779084967369
36,9,45,0.02735767438430952
37,8,45,0.016352394412106192
26,19,45,0.8131908592957368
32,13,45,0.06988872661807305
33,12,45,0.05295374443847441
36,9,45,0.21187913375295056
31,14,45,0.20746047429160588
31,14,45,0.8204795116931126
32,13,45,0.8418168267177661
29,16,45,0.19456678202584296
23,22,45,NaN
22,23,45,0.1054869706776765
30,15,45,0.11524915175730831
33,12,45,0.0004358122312111545
38,7,45,1.415032061858637e-14
25,20,45,2.6550196367666183e-6
25,20,45,0.11417773896611275
25,20,45,0.001440939975079265
30,15,45,0.6653674959233236
31,14,45,0.047070761807296295
36,9,45,0.9066373334891084
28,17,45,0.9407576339762508
29,16,45,0.009053720645774066
32,13,45,0.8617097556108892
30,15,45,NaN
39,6,45,2.3768219441144237e-11
36,9,45,0.7008553584305408
16,29,45,0.26824654735208353
29,16,45,3.0428407505528773e-10
32,12,44,0.24238182773171021
26,18,44,NaN
36,8,44,0.0031063196187324157
32,12,44,0.251473788472341
27,17,44,NaN
34,10,44,0.01818223481731537
35,9,44,0.5384359648337222
32,12,44,0.6659815231587036
29,15,44,NaN
34,10,44,0.4869472780660612
37,7,44,0.023478970501129702
36,8,44,0.0008550621301204734
27,17,44,0.2770589453938832
33,11,44,0.022641636257990223
28,16,44,0.021160714531699817
23,21,44,0.8208942499118995
29,15,44,0.08115644780417555
36,8,44,0.6002132814819242
31,13,44,0.12287301218043391
32,12,44,3.587313052502077e-10
36,8,44,0.7260591152548667
34,10,44,0.3147278493122561
37,7,44,0.3912300971339209
28,16,44,0.004382852071304767
33,11,44,0.0003085070178292836
33,11,44,0.012526414152948515
31,13,44,0.23709814895915748
31,13,44,0.9058125858901228
19,25,44,0.0021873979881671013
33,11,44,0.21397087031898512
27,17,44,0.6463714254228686
26,18,44,NaN
35,9,44,0.3972983905834698
37,7,44,0.5520464478176351
33,11,44,0.02611284212389445
32,12,44,0.6629394266610144
35,9,44,0.006802761464986573
32,12,44,0.9941692455764074
34,10,44,0.7074708433927323
38,6,44,0.0006594357772780841
22,22,44,4.641644332070422e-6
30,14,44,0.057781903258978765
32,12,44,0.9324991336750846
35,9,44,0.05411389779539396
22,22,44,NaN
30,14,44,0.022561589470755653
30,14,44,NaN
24,20,44,0.42102044740175937
34,10,44,0.010643632658170213
32,12,44,0.003094831777528298
35,9,44,4.714491381972188e-5
34,10,44,0.6900167641087359
29,15,44,0.30946278204149524
36,8,44,1.2882915127149146e-7
34,10,44,0.03973270879120916
26,18,44,0.9433838434474966
23,21,44,0.7659187175498298
29,15,44,0.4389759442456205
31,13,44,0.19405820654359046
37,7,44,0.00665919678212716
27,17,44,5.458106535472408e-6
31,13,44,0.7008553584305408
27,17,44,0.3147278493122561
33,11,44,0.0034880307752998873
25,19,44,0.021436593518456462
32,12,44,0.161264881038212
28,16,44,0.3147278493122561
37,7,44,0.26599804696669677
35,9,44,0.035509824938774505
29,15,44,0.4869472780660612
32,12,44,0.33935533012583835
25,19,44,0.33219032755590167
30,14,44,0.6629394266610144
22,22,44,0.534054961478336
26,18,44,0.6629394266610144
32,12,44,0.03468779084967369
22,22,44,0.35163936320323114
28,16,44,0.00011731680403507341
33,11,44,0.9240759534201053
30,14,44,0.7659187175498298
26,18,44,0.3147278493122561
29,15,44,0.161264881038212
22,22,44,0.003775585479504355
27,17,44,0.022641636257990223
38,6,44,0.05295374443847441
37,7,44,0.04907930462332864
24,20,44,0.6629394266610144
31,13,44,4.2751452330425826e-5
33,11,44,0.011625908468073121
33,11,44,0.962032138983051
31,13,44,NaN
23,21,44,0.30578146938912293
22,22,44,0.41007916708459535
32,12,44,0.9942048444326647
24,20,44,0.4655949680887405
31,13,44,0.009708197960407164
26,18,44,0.35163936320323114
27,17,44,0.161264881038212
33,10,43,0.49804831204488964
27,16,43,0.03025847703180226
33,10,43,NaN
35,8,43,0.7659187175498298
21,22,43,0.12888663609493425
32,11,43,0.12196444410581492
34,9,43,0.5773495910338519
27,16,43,0.05295374443847441
38,5,43,0.24299412154726827
35,8,43,0.33358412651039077
27,16,43,0.9097889372969507
34,9,43,0.0345242467642246
26,17,43,0.19641180373940717
32,11,43,1.2935750480571656e-5
29,14,43,0.7351022872357142
38,5,43,0.023835222550335218
31,12,43,0.9206301203953635
24,19,43,8.797754520062033e-7
27,16,43,0.5993023815062103
36,7,43,9.351218288159817e-15
33,10,43,0.16423946651361906
28,15,43,1.2488078963623525e-12
33,10,43,0.0328734589944548
36,7,43,0.11657167632581984
27,16,43,NaN
25,18,43,0.24299412154726827
31,12,43,0.3147278493122561
27,16,43,0.39652774788638256
32,11,43,0.9827637340941433
32,11,43,1.7896832298819578e-6
25,18,43,0.9242968202163611
30,13,43,8.996144329633815e-10
26,17,43,0.8791469822960243
31,12,43,0.07285529413567966
28,15,43,0.35163936320323114
24,19,43,0.6362127144071896
22,21,43,7.56823163958634e-12
34,9,43,0.045946027748132785
27,16,43,NaN
32,11,43,0.9161513545350418
26,17,43,0.04474538029785068
34,9,43,0.44721153971573574
30,13,43,0.43459363106785515
22,21,43,0.8949950374154003
28,15,43,1.7450834185635392e-8
31,12,43,0.7008553584305408
28,15,43,0.080381854877964
37,6,43,0.3147278493122561
31,12,43,1.4037421776365806e-5
23,20,43,0.04379146026582028
31,12,43,0.6211047067208528
25,18,43,0.12196444410581492
16,27,43,NaN
36,7,43,0.00035000693856590044
35,8,43,0.8201404252653226
27,16,43,0.9762294985090559
31,12,43,0.7659187175498298
28,15,43,0.03025847703180226
16,27,43,0.12196444410581492
27,16,43,0.7351022872357142
24,19,43,0.9534911290835386
34,9,43,0.01626297786600214
24,19,43,0.994532212768914
33,10,43,4.641644332070422e-6
29,14,43,0.14080710657571024
39,4,43,0.00015445494991701313
27,16,43,0.002739462495135623
23,20,43,0.5866687926855916
26,17,43,0.5458850297194189
23,20,43,0.6211047067208528
33,10,43,5.002819862571971e-6
28,15,43,0.00018647597621059282
22,21,43,0.383286363868932
30,13,43,0.07167510471843279
30,13,43,0.2617572168974066
33,10,43,0.06096346055412966
34,9,43,0.3217816327104471
29,14,43,0.6211047067208528
34,9,43,0.00014153417542283166
29,14,43,0.12446943669077784
30,13,43,0.21187913375295056
16,27,43,0.03468779084967369
35,8,43,0.5120959007352743
23,20,43,0.35163936320323114
33,10,43,0.022796350489448246
29,13,42,0.06058247105517931
34,8,42,0.00012276677071088585
32,10,42,0.0005492565281246233
24,18,42,0.28273275094969785
30,12,42,0.24299412154726827
24,18,42,0.02426961084199909
26,16,42,0.7792433703295976
29,13,42,0.9097889372969507
30,12,42,0.032334477917913954
30,12,42,0.013595179396091573
35,7,42,0.14080710657571024
29,13,42,0.7008553584305408
30,12,42,0.161264881038212
30,12,42,6.328075664513723e-5
34,8,42,0.7659187175498298
36,6,42,0.7061086073030828
28,14,42,0.722345025055238
35,7,42,0.00553479607332569
30,12,42,4.799254046648882e-7
32,10,42,0.3846498949596014
28,14,42,NaN
27,15,42,0.036313297629782755
34,8,42,NaN
34,8,42,6.423923103814564e-5
34,8,42,0.6482712246011344
31,11,42,0.8382444459381468
28,14,42,0.8949950374154003
29,13,42,0.10644627622097674
27,15,42,0.6632238971162197
29,13,42,4.867419760343759e-6
36,6,42,0.5472064595717566
34,8,42,NaN
22,20,42,NaN
18,24,42,0.01823224826209018
29,13,42,0.40569752972724554
29,13,42,0.0027584650087764916
26,16,42,0.6624664906720489
36,6,42,0.18387707301248576
32,10,42,0.6381767944488971
29,13,42,0.011611441582314279
23,19,42,0.0013483258643290563
32,10,42,0.3068421875994846
30,12,42,0.7459974181506166
34,8,42,0.14080710657571024
25,17,42,0.049580502340901854
28,14,42,0.8204795116931126
23,19,42,0.5164194987623703
36,6,42,2.3106823145855553e-26
34,8,42,0.9994978448196823
24,18,42,2.9057695729998956e-6
31,11,42,0.49544384553011667
32,10,42,0.35163936320323114
17,25,42,NaN
23,19,42,0.4389759442456205
28,14,42,0.032324799095507034
33,9,42,0.0009258247330421677
25,17,42,0.534054961478336
31,11,42,0.7529922418824272
33,9,42,NaN
27,15,42,0.007390923861542834
23,19,42,NaN
32,10,42,0.8290752304125107
23,19,42,0.7659187175498298
21,21,42,0.7008553584305408
26,16,42,0.16301594744789258
32,10,42,0.03890063642363308
35,7,42,0.19048402413416282
27,15,42,0.005226529802953246
27,15,42,0.161264881038212
31,11,42,0.991808263676121
33,9,42,0.31531746026459995
31,11,42,0.534054961478336
34,8,42,0.2017328219390691
32,10,42,0.7943141978951035
27,15,42,NaN
32,10,42,0.21187913375295056
25,17,42,NaN
27,15,42,0.14080710657571024
22,20,42,5.206537580648444e-9
29,13,42,0.0054879727324321625
27,15,42,4.1199981109892076e-5
21,21,42,0.007908670746907395
28,14,42,0.8319463304154271
33,9,42,0.03468779084967369
27,15,42,0.3586990356994355
38,4,42,0.14080710657571024
33,9,42,0.4869472780660612
17,25,42,0.02470231578586086
25,17,42,0.3147278493122561
29,13,42,0.8000218350692097
20,22,42,0.634178857127113
22,20,42,0.6273935002324462
26,16,42,NaN
32,9,41,0.10644627622097674
27,14,41,0.142200984685383
36,5,41,0.922483585895465
26,15,41,0.01615993639097901
29,12,41,0.0077233181991708715
24,17,41,0.35163936320323114
26,15,41,0.002655903327715625
34,7,41,0.0017281641452881432
36,5,41,0.1523359697826881
32,9,41,NaN
29,12,41,0.06243812760994956
37,4,41,0.09331494238381467
17,24,41,0.008244030721965374
31,10,41,0.00413632405351317
34,7,41,0.6919028561685525
19,22,41,NaN
22,19,41,0.0025644290010239084
30,11,41,0.0018018809676863883
28,13,41,0.8742961525070424
28,13,41,2.627724059033768e-7
27,14,41,0.6211047067208528
33,8,41,0.2008163581533918
21,20,41,0.7943141978951035
27,14,41,0.009712224723372548
29,12,41,0.4674199662468056
24,17,41,0.8508496508809569
32,9,41,0.7659187175498298
25,16,41,0.24299412154726827
24,17,41,0.5888090926381585
31,10,41,0.2341371246879056
32,9,41,0.35163936320323114
30,11,41,0.6629394266610144
28,13,41,0.5773495910338519
32,9,41,0.9444012070806406
29,12,41,NaN
28,13,41,0.08115644780417555
26,15,41,0.18561760226461765
25,16,41,0.6452011744321725
13,28,41,NaN
28,13,41,0.06058247105517931
29,12,41,0.05295374443847441
15,26,41,0.37216679378129597
32,9,41,0.534054961478336
21,20,41,0.24679232197669376
27,14,41,0.7943141978951035
27,14,41,0.003178350581099375
32,9,41,8.143790838839286e-11
30,11,41,0.653397872531124
22,19,41,0.1917752211236739
29,12,41,0.026728440494197953
24,17,41,0.01818223481731537
34,7,41,7.122712835658242e-8
30,11,41,0.8949950374154003
24,17,41,8.519971664269454e-5
36,5,41,0.8617097556108892
27,14,41,NaN
33,8,41,0.18991428094288987
37,4,41,0.6192801240084123
26,15,41,0.534054961478336
34,7,41,1.0963173831591496e-5
25,16,41,0.7846704908992663
34,7,41,0.6304665473686122
31,10,41,0.08115644780417555
29,12,41,0.35163936320323114
32,9,41,0.28415316719729194
33,8,41,0.5053411942421907
31,10,41,0.21325102645889657
35,6,41,0.0015473322045430143
31,10,41,0.013595179396091573
35,6,41,0.21080615985352677
26,15,41,0.9749834651108517
24,17,41,0.5773495910338519
31,10,41,0.4869472780660612
30,11,41,0.07554037831057422
27,14,41,0.14688211208155338
33,8,41,2.6460469415287405e-6
29,12,41,0.022920990590970417
22,19,41,0.8617097556108892
19,22,41,0.5651324125705048
26,15,41,0.534054961478336
26,15,41,0.12196444410581492
23,18,41,0.04649936375630396
27,14,41,0.7008553584305408
34,7,41,NaN
23,18,41,0.9025266275697447
21,20,41,0.7363238224697674
23,18,41,0.27197204262868563
27,14,41,0.2366586730463355
29,12,41,0.04335309968855514
29,12,41,0.8949950374154003
35,6,41,0.7659187175498298
27,14,41,0.31603071707292774
26,15,41,0.009676018597689877
24,17,41,NaN
22,19,41,0.2557995885597548
32,9,41,0.8256138125749558
31,10,41,0.35163936320323114
25,16,41,0.017745493960618006
26,15,41,0.4869472780660612
32,9,41,0.007163411503337971
27,14,41,NaN
27,14,41,0.4446687147499731
23,18,41,0.3558373512864249
22,19,41,0.39365820288251563
26,15,41,0.39365820288251563
24,17,41,0.055653738549210165
29,12,41,0.7943141978951035
18,23,41,0.024073401749507325
26,15,41,0.20233353782563374
23,18,41,0.7943141978951035
26,15,41,0.34259995770915513
24,17,41,0.922483585895465
25,16,41,0.15857893949317733
15,26,41,0.09621179712051355
29,12,41,9.563432601788155e-14
30,11,41,0.16248080904543385
33,8,41,0.24299412154726827
23,18,41,0.0070674882934371065
28,13,41,0.4615754546843274
26,14,40,0.21188548219065392
31,9,40,0.8737102986835926
32,8,40,0.3147278493122561
30,10,40,0.9379427099070833
34,6,40,0.14260650887778709
36,4,40,0.7008553584305408
33,7,40,0.8498944687776572
29,11,40,0.8822057946011157
31,9,40,0.30011686376069874
35,5,40,0.864460025775498
25,15,40,0.3161788553696968
33,7,40,6.259631693152739e-6
24,16,40,1.1935006973256528e-5
31,9,40,0.05465683275204276
31,9,40,0.7008553584305408
28,12,40,0.8418168267177661
30,10,40,0.0035444633749201434
29,11,40,0.05295374443847441
29,11,40,0.14319313699254474
24,16,40,0.6353342218655192
24,16,40,0.005038566103179246
27,13,40,0.1309555202683022
30,10,40,NaN
32,8,40,0.6581636055903363
18,22,40,NaN
33,7,40,0.7943141978951035
26,14,40,0.35163936320323114
25,15,40,0.0453218543565991
31,9,40,5.223760399712557e-5
22,18,40,0.7351022872357142
29,11,40,0.3158264577336614
26,14,40,0.4804221572134832
23,17,40,1.2882915127149146e-7
22,18,40,0.12437640140846314
31,9,40,0.6629394266610144
30,10,40,2.969498981142494e-5
31,9,40,0.161264881038212
27,13,40,8.156833488323414e-10
28,12,40,0.7672122107552901
29,11,40,NaN
22,18,40,0.010604843581254396
31,9,40,0.06827622096750714
23,17,40,0.24685788650085178
31,9,40,0.3796111761206119
26,14,40,NaN
30,10,40,0.03583819191465363
28,12,40,0.37119261515848906
20,20,40,0.009363783494623922
32,8,40,6.319222585701925e-5
27,13,40,8.103533378842913e-11
31,9,40,0.9749834651108517
29,11,40,0.8619402189841691
26,14,40,0.3532494173677683
25,15,40,0.14080710657571024
23,17,40,NaN
29,11,40,0.1807660831041808
24,16,40,0.6629394266610144
29,11,40,0.0031435098316184877
19,21,40,NaN
32,8,40,0.16791838032596507
31,9,40,0.051335784657213
30,10,40,0.08144639776986486
26,14,40,0.6211047067208528
30,10,40,0.7351022872357142
30,10,40,1.0570629877605784e-9
28,12,40,1.3434360562832958e-11
35,5,40,0.04899991530502719
34,6,40,0.9732238198421334
21,19,40,0.39772757893328964
30,10,40,0.016755070038882512
30,10,40,0.00018887937404336158
14,26,40,NaN
28,12,40,0.03973270879120916
25,15,40,0.7616969766991973
26,14,40,0.3147278493122561
33,7,40,NaN
34,6,40,0.7659187175498298
28,12,40,0.045946027748132785
15,25,40,0.14080710657571024
28,12,40,0.002968611383877872
30,10,40,0.6476060889359121
21,19,40,0.21187913375295056
25,15,40,0.18561760226461765
22,18,40,NaN
31,9,40,0.8617097556108892
31,9,40,0.13948017874147012
27,13,40,0.5346127791866224
29,11,40,0.9952338006889494
31,9,40,0.05118210625430515
31,9,40,0.010413485705600828
30,10,40,0.04222343447846339
15,25,40,0.006673238498269895
24,16,40,0.8418168267177661
22,18,40,0.2235176087258517
26,14,40,0.01700278590437897
25,15,40,0.161264881038212
24,16,40,0.6274776864897577
25,15,40,0.8418168267177661
23,17,40,0.0038390675364231804
29,11,40,0.004727294644275967
30,10,40,0.9336743037628588
18,22,40,0.4869472780660612
24,16,40,0.30728168715621196
23,17,40,0.8418168267177661
17,23,40,8.519971664269454e-5
24,16,40,0.3186141606214606
21,19,40,0.026996236204526618
27,12,39,0.1556482451844874
26,13,39,0.4389759442456205
24,15,39,0.18561760226461765
30,9,39,0.534054961478336
25,14,39,0.39365820288251563
31,8,39,5.130934156837128e-5
21,18,39,NaN
35,4,39,0.534054961478336
32,7,39,0.03468779084967369
24,15,39,0.2685978681136633
28,11,39,0.21576380573008755
26,13,39,0.6211047067208528
31,8,39,0.6563875518623467
18,21,39,NaN
32,7,39,0.534054961478336
31,8,39,0.5021758911915069
26,13,39,NaN
27,12,39,0.05295374443847441
33,6,39,0.8949950374154003
29,10,39,0.6211047067208528
28,11,39,0.21187913375295056
21,18,39,0.24127547387487322
22,17,39,0.35171327073761866
29,10,39,0.14370161975678833
23,16,39,0.07894309852216307
31,8,39,0.8846775689119276
22,17,39,0.5773495910338519
23,16,39,0.9749834651108517
32,7,39,0.6708243018174421
27,12,39,0.8791469822960243
31,8,39,0.7943141978951035
23,16,39,0.09257042090106106
27,12,39,0.7746920504679602
29,10,39,0.6629394266610144
29,10,39,0.1321001151290652
29,10,39,0.5299817961731534
31,8,39,NaN
22,17,39,0.10382651275754705
34,5,39,0.00032464459967591766
33,6,39,0.07030780751483484
25,14,39,0.3764997865431358
21,18,39,0.005226529802953246
27,12,39,0.5266222808941918
23,16,39,0.001359065881925667
32,7,39,3.040207939290108e-11
21,18,39,0.7351022872357142
26,13,39,0.39365820288251563
34,5,39,NaN
27,12,39,0.25514235121392825
25,14,39,0.8791469822960243
29,10,39,0.9949598711728668
26,13,39,NaN
22,17,39,NaN
27,12,39,0.05295374443847441
29,10,39,0.41824381119789805
24,15,39,0.0037974886497443116
24,15,39,0.10007127250356247
34,5,39,0.1516304166588066
23,16,39,NaN
28,11,39,0.00011508699020621129
33,6,39,0.35163936320323114
22,17,39,0.0009617901321084797
18,21,39,0.7659187175498298
30,9,39,0.42723076891377904
25,14,39,0.06697997354171076
31,8,39,0.0013991733288084207
34,5,39,0.9690207992381747
19,20,39,0.818968173253194
31,8,39,0.0757532288552438
30,9,39,4.612472686670317e-8
26,13,39,0.4869472780660612
28,11,39,0.8386006121688757
27,12,39,8.866498441370034e-6
28,11,39,0.4871734403544028
23,16,39,0.3085080142258768
30,9,39,0.6581346281864346
23,16,39,0.15934986550068783
18,21,39,0.7008553584305408
25,14,39,0.02611284212389445
30,9,39,4.245155472920364e-8
32,7,39,0.03025847703180226
30,9,39,0.8791469822960243
21,18,39,0.42634665373085445
33,6,39,0.1716472657595637
20,19,39,0.7659187175498298
14,25,39,0.604007320877563
25,14,39,0.6211047067208528
27,12,39,NaN
27,12,39,0.7393295328127018
24,15,39,0.9444012070806406
28,11,39,0.02014725733685006
23,16,39,0.2770589453938832
24,15,39,0.36200553459114376
33,6,39,0.3023973146197639
21,18,39,0.11150524715682858
28,11,39,0.02611284212389445
30,9,39,0.08929806342313996
22,17,39,NaN
13,26,39,NaN
32,7,39,0.6598671524075389
19,20,39,0.7048323587603564
26,13,39,0.005775412419384036
20,19,39,0.28466308348244973
25,14,39,0.2948708931906046
14,25,39,0.009335166481406832
19,20,39,0.7943141978951035
34,5,39,0.08995784054690403
16,23,39,0.12196444410581492
27,12,39,0.10167616227147348
26,13,39,0.009708197960407164
30,9,39,0.031304131029916846
23,16,39,NaN
22,17,39,0.004934006157581681
31,8,39,0.2622349011629317
23,16,39,0.30474389378802563
34,4,38,0.5596810370861108
26,12,38,0.06722631303344236
18,20,38,0.7008553584305408
21,17,38,0.922483585895465
27,11,38,0.7659187175498298
26,12,38,0.06171785605869008
30,8,38,0.6459136858084055
18,20,38,0.12196444410581492
25,13,38,0.3147278493122561
28,10,38,0.35163936320323114
23,15,38,NaN
22,16,38,0.06058247105517931
32,6,38,0.016893722800591704
25,13,38,0.00652605236524742
28,10,38,NaN
23,15,38,0.3147278493122561
26,12,38,0.24299412154726827
28,10,38,0.46490561271425396
24,14,38,0.3147278493122561
21,17,38,NaN
31,7,38,0.00019569456181257557
20,18,38,0.12475220041063904
27,11,38,0.8773424669955927
30,8,38,2.925040619474877e-5
30,8,38,0.7943141978951035
18,20,38,NaN
28,10,38,1.1607597623904705e-12
25,13,38,0.009823948617187191
28,10,38,0.8204795116931126
26,12,38,0.9737808622967871
29,9,38,0.6702465773177657
21,17,38,NaN
23,15,38,0.39365820288251563
28,10,38,0.18561760226461765
21,17,38,0.8595972206635987
25,13,38,0.37915120853826695
23,15,38,0.3049874246518596
28,10,38,0.004637177608611893
27,11,38,0.012605031248198742
27,11,38,0.03468779084967369
25,13,38,0.8748598340486954
27,11,38,0.05681742756551406
24,14,38,0.12196444410581492
26,12,38,NaN
31,7,38,0.02101763728946706
29,9,38,0.35163936320323114
19,19,38,0.12427665042174943
23,15,38,0.6629394266610144
25,13,38,0.8482140489564103
31,7,38,0.003526613806509083
26,12,38,0.24533825496191405
24,14,38,0.12196444410581492
29,9,38,0.5550701682832805
21,17,38,0.22907194712660922
24,14,38,0.8617097556108892
26,12,38,NaN
25,13,38,0.3147278493122561
26,12,38,0.026963423825418966
27,11,38,0.06667891529647865
27,11,38,0.7737511941910751
29,9,38,0.35163936320323114
29,9,38,0.009706985570661643
28,10,38,0.019582362947367808
25,13,38,0.003442105670104662
24,14,38,NaN
20,18,38,0.019582362947367808
22,16,38,0.008836751554186808
27,11,38,0.9605470021287181
21,17,38,0.5490408605083255
25,13,38,NaN
28,10,38,0.19554985946127393
27,11,38,0.10644627622097674
26,12,38,0.37512418658143093
32,6,38,0.8166047472199134
31,7,38,NaN
29,9,38,0.14080710657571024
24,14,38,0.5773495910338519
23,15,38,4.141644596102903e-6
22,16,38,0.12196444410581492
28,10,38,0.6211047067208528
19,19,38,0.35163936320323114
29,9,38,0.5773495910338519
32,6,38,2.0333496023017633e-7
28,10,38,NaN
29,9,38,0.35163936320323114
27,11,38,0.8621049805846653
19,19,38,0.6629394266610144
25,13,38,0.09152129576055011
17,21,38,NaN
21,17,38,NaN
26,12,38,0.0008690012306323477
26,12,38,0.9097889372969507
21,17,38,0.3017063387258
30,8,38,0.39365820288251563
26,12,38,0.06058247105517931
31,7,38,0.11007426916133227
25,13,38,0.6376965948330982
12,26,38,0.14655665971358026
28,10,38,0.45885943191873046
29,9,38,0.21735537759306423
27,11,38,0.004417070159898438
28,10,38,3.0859302858228087e-6
26,12,38,0.8048837258267777
30,8,38,0.706254028956355
18,20,38,0.4389759442456205
33,5,38,0.30087368305849727
26,12,38,0.1059001054769918
31,7,38,0.11406515607463821
21,17,38,0.39365820288251563
21,17,38,1.6999334483325213e-13
27,11,38,6.787850136489432e-6
18,20,38,0.8599036189866761
24,14,38,0.6629394266610144
27,11,38,NaN
21,17,38,0.8617097556108892
18,20,38,0.0009435111835477522
26,12,38,0.045946027748132785
16,22,38,0.045946027748132785
23,15,38,0.008724630779681726
25,13,38,0.07221920748342646
28,10,38,0.03401000909183312
26,12,38,0.002876375286040075
27,10,37,0.9120417176913761
28,9,37,NaN
25,12,37,NaN
25,12,37,NaN
23,14,37,0.9452736117663113
22,15,37,0.7008553584305408
23,14,37,0.2367131125420898
23,14,37,0.8271482769934394
20,17,37,NaN
26,11,37,0.8204795116931126
25,12,37,0.3380491868942247
18,19,37,0.04326938200730519
27,10,37,0.4869472780660612
26,11,37,0.12665163899224008
31,6,37,0.7659187175498298
24,13,37,0.8204795116931126
26,11,37,0.045946027748132785
21,16,37,0.5665797660100184
25,12,37,0.852248959486196
19,18,37,0.534054961478336
29,8,37,0.0035743859983879715
15,22,37,0.12678039412337838
29,8,37,2.378129720868889e-6
24,13,37,4.444415045835978e-5
22,15,37,0.8418168267177661
26,11,37,6.070032912493433e-11
25,12,37,0.00043744616454762105
29,8,37,0.21187913375295056
27,10,37,0.1688704204709596
26,11,37,NaN
22,15,37,0.08115644780417555
25,12,37,0.21187913375295056
26,11,37,0.03114176084803273
27,10,37,0.7457604322282488
29,8,37,0.15659870249341135
24,13,37,0.05295374443847441
27,10,37,0.06058247105517931
26,11,37,0.6211047067208528
27,10,37,0.7316616364580544
28,9,37,0.9816200151180918
22,15,37,0.6211047067208528
31,6,37,0.08190512807860158
25,12,37,0.534054961478336
21,16,37,0.020140054029490227
25,12,37,0.5773495910338519
15,22,37,0.534054961478336
27,10,37,0.8204795116931126
24,13,37,0.1202645963395898
26,11,37,0.6553746031647933
32,5,37,0.00022285697529299782
30,7,37,0.8418168267177661
21,16,37,0.04552433418988017
24,13,37,0.9097889372969507
22,15,37,0.21187913375295056
22,15,37,0.9411847454973163
30,7,37,0.35163936320323114
24,13,37,0.0011241496348849325
25,12,37,0.8418168267177661
26,11,37,0.8617097556108892
26,11,37,0.7008553584305408
33,4,37,0.8139886365284964
25,12,37,0.4389759442456205
24,13,37,0.2831032092075481
26,11,37,0.048990406887185645
27,10,37,0.5153846560311418
22,15,37,0.6211047067208528
25,12,37,0.06988872661807305
22,15,37,0.8178713368765808
15,22,37,0.02611284212389445
25,12,37,NaN
24,13,37,0.002156245812101608
22,15,37,0.08115644780417555
25,12,37,0.0007374678423845988
24,13,37,0.0016188023449996995
28,9,37,0.9202118492620361
25,12,37,0.9352697298653514
25,12,37,0.40020502127177116
27,10,37,0.7967806518291755
23,14,37,0.07595898877601391
25,12,37,0.04470293913832348
32,5,37,0.35163936320323114
20,17,37,0.17702901604176327
27,10,37,0.8311032884886128
21,16,37,0.022641636257990223
29,8,37,0.0057897123983402
26,11,37,0.7943141978951035
25,12,37,0.7659187175498298
37,0,37,0.2039326071772952
31,6,37,0.8625559016221385
26,11,37,0.8838474529383855
31,6,37,0.002724615726753378
17,20,37,NaN
23,14,37,0.4828330538541939
27,10,37,0.8949950374154003
14,23,37,NaN
16,21,37,0.9444012070806406
23,14,37,0.03973270879120916
24,13,37,0.31446254865538825
27,10,37,0.2827880973274911
28,9,37,NaN
26,11,37,0.7708731585271167
26,11,37,0.3477017901395031
23,14,37,0.39365820288251563
22,15,37,0.33444683265217007
27,10,37,0.18561760226461765
27,10,37,0.03973270879120916
25,12,37,0.9444012070806406
26,11,37,0.021535544419638373
28,9,37,6.044230899035705e-5
17,20,37,NaN
29,8,37,NaN
28,9,37,0.7814505425003682
23,14,37,0.9858972598739534
27,10,37,0.8949950374154003
18,19,37,0.09092389349065969
28,9,37,9.310827926578714e-9
21,16,37,0.005100602238806189
22,15,37,0.39365820288251563
26,11,37,0.36421006424563734
26,11,37,4.231613575796377e-5
23,14,37,0.9799588626550771
20,17,37,0.4869472780660612
24,13,37,0.4869472780660612
21,16,37,0.21187913375295056
23,14,37,0.00011837958772983262
26,11,37,0.05420519095127519
24,13,37,0.09331494238381467
21,16,37,0.09331494238381467
15,22,37,0.38862544121776943
18,19,37,0.10644627622097674
24,13,37,8.693493646768735e-5
21,16,37,0.8489070501918021
17,20,37,0.161264881038212
15,22,37,0.0006058502124016047
26,10,36,0.005789519901304057
27,9,36,0.015232467259165295
22,14,36,0.17106975491129395
24,12,36,NaN
27,9,36,0.006902514487267118
25,11,36,0.10644627622097674
29,7,36,0.9444012070806406
31,5,36,NaN
30,6,36,0.021333475014547534
30,6,36,0.5069996870462989
26,10,36,0.45885943191873046
22,14,36,0.28032110980013125
25,11,36,0.24299412154726827
19,17,36,0.0001441346670109386
25,11,36,7.96216327069468e-5
25,11,36,0.5039756932853754
18,18,36,0.7943141978951035
23,13,36,0.03988854387377283
25,11,36,7.234345449716004e-5
30,6,36,0.384181676292445
24,12,36,0.007827960273527267
28,8,36,0.1315609975317584
25,11,36,0.13390011550359984
26,10,36,NaN
19,17,36,0.6211047067208528
27,9,36,1.567356510732538e-5
24,12,36,0.2371126363041773
30,6,36,0.14080710657571024
13,23,36,NaN
15,21,36,0.11512688418100112
30,6,36,0.10644627622097674
16,20,36,0.5720587019327791
22,14,36,0.5452000763681409
22,14,36,0.03025847703180226
25,11,36,0.07198553898013535
31,5,36,2.2015786470449266e-25
20,16,36,NaN
23,13,36,0.39365820288251563
29,7,36,0.3147278493122561
23,13,36,0.974397918953282
24,12,36,0.4012774757695143
30,6,36,8.790805076276575e-6
23,13,36,0.21187913375295056
23,13,36,0.027704192978376826
22,14,36,NaN
25,11,36,0.008320991758157448
28,8,36,0.10644627622097674
31,5,36,0.2847495042842508
29,7,36,0.006091701711492965
17,19,36,0.3147278493122561
23,13,36,0.2770589453938832
22,14,36,NaN
26,10,36,0.045946027748132785
23,13,36,0.8719044429579209
22,14,36,0.9444012070806406
24,12,36,5.015352434861316e-7
29,7,36,3.7561158754708834e-6
25,11,36,0.4869472780660612
33,3,36,0.14620767729176629
16,20,36,0.03973270879120916
24,12,36,0.5679876477091422
18,18,36,0.05483408403462693
32,4,36,0.41588438518049387
30,6,36,0.42487320782512894
31,5,36,0.2770589453938832
25,11,36,0.20067536746452339
19,17,36,0.0006189541293236879
28,8,36,0.39365820288251563
33,3,36,0.0019339662207491864
15,21,36,0.3912520579831433
22,14,36,NaN
24,12,36,0.6865269375316425
29,7,36,0.4869472780660612
29,7,36,0.4869472780660612
28,8,36,0.19157041757647142
22,14,36,0.6211047067208528
22,14,36,NaN
27,9,36,NaN
23,13,36,0.7008553584305408
29,7,36,4.2560999641057516e-14
27,9,36,0.009488828160572279
27,9,36,0.9122939361059095
33,3,36,0.5624100504369717
17,19,36,0.4149346795231446
25,11,36,0.03025847703180226
24,12,36,0.7409536415562186
21,15,36,0.01457134794233229
27,9,36,0.0013483258643290563
26,10,36,0.6211047067208528
24,12,36,0.7351022872357142
30,6,36,0.292996666320083
25,11,36,0.09331494238381467
26,10,36,0.2717059849738189
16,20,36,0.497227409760851
20,16,36,0.003935858709711205
27,9,36,0.9822384758373088
25,11,36,0.06988872661807305
22,14,36,0.013406528972351284
29,7,36,0.14080710657571024
22,14,36,1.9737623579024062e-6
22,14,36,0.7943141978951035
27,9,36,NaN
30,6,36,0.4869472780660612
34,2,36,0.8389696560031878
23,13,36,0.534054961478336
24,12,36,0.6629394266610144
25,11,36,0.28309616775101426
27,9,36,0.7597998355084672
22,14,36,0.0005520714389672233
16,20,36,NaN
28,8,36,0.2770589453938832
24,12,36,0.7924945592363096
21,15,36,0.922483585895465
27,9,36,0.1791202183329452
11,25,36,0.6629394266610144
22,13,35,0.0741066276963753
29,6,35,0.03025847703180226
18,17,35,0.018623004087470526
22,13,35,0.12702748079606277
19,16,35,0.4389759442456205
30,5,35,0.8101541009798807
26,9,35,NaN
22,13,35,0.4584957332891234
24,11,35,0.22975998013589613
26,9,35,0.0005111546961757233
22,13,35,0.04151331305682472
22,13,35,0.022295066321003698
28,7,35,0.05295374443847441
22,13,35,0.18561760226461765
26,9,35,0.42225867547933865
19,16,35,NaN
24,11,35,0.9215971040081024
26,9,35,0.6211047067208528
19,16,35,0.161264881038212
26,9,35,0.002002571198991161
17,18,35,0.3681380009989852
28,7,35,0.16465187806228962
27,8,35,0.6629394266610144
25,10,35,0.5846310885929272
30,5,35,0.161264881038212
24,11,35,0.5773495910338519
26,9,35,0.04421093660210275
23,12,35,0.46907154263723316
20,15,35,0.028535184001677864
23,12,35,0.3004222459132315
21,14,35,0.727165092504154
25,10,35,0.18561760226461765
32,3,35,0.5773495910338519
23,12,35,0.0013632314584414132
24,11,35,0.35163936320323114
26,9,35,0.14933602243878716
23,12,35,NaN
20,15,35,0.28277681327336535
27,8,35,0.275081574616856
20,15,35,0.8564410659553393
23,12,35,0.7008553584305408
21,14,35,0.05751798231795007
17,18,35,0.8848434912908273
26,9,35,0.7659187175498298
22,13,35,0.0015309593677293972
26,9,35,NaN
21,14,35,0.8220813083458243
22,13,35,0.782976138376751
20,15,35,0.004382521046741038
23,12,35,0.0621516079217303
24,11,35,0.012151506866725956
27,8,35,0.6211047067208528
25,10,35,0.5664311121841468
25,10,35,0.161264881038212
26,9,35,0.8701084395212196
24,11,35,0.22559046938041313
24,11,35,0.0014654698585199256
19,16,35,0.161264881038212
25,10,35,0.24299412154726827
26,9,35,0.04325128867028401
32,3,35,0.7008553584305408
26,9,35,0.36959257766905407
25,10,35,0.0782789681889765
23,12,35,0.8161104140679222
22,13,35,0.029708818139062083
29,6,35,5.8282461073247984e-5
22,13,35,0.5773495910338519
29,6,35,0.02611284212389445
29,6,35,0.8961815891446644
25,10,35,0.14691638745031513
24,11,35,0.5921890943987415
20,15,35,0.049463242681326215
27,8,35,2.7434397067870996e-5
28,7,35,0.09223244476478273
23,12,35,NaN
25,10,35,2.9677276103348158e-9
30,5,35,0.8791469822960243
20,15,35,0.0005739397177923458
21,14,35,0.011294342518801287
23,12,35,7.606886964607496e-5
20,15,35,0.5783489201338156
28,7,35,0.161264881038212
20,15,35,0.05430232011666861
26,9,35,0.35163936320323114
24,11,35,NaN
24,11,35,0.534054961478336
21,14,35,0.03025847703180226
27,8,35,0.24299412154726827
22,13,35,0.0021687453731708346
24,11,35,0.000471187524485945
23,12,35,3.153353168817428e-8
20,15,35,0.7659187175498298
25,10,35,0.8108055992861585
21,14,35,6.212163216410479e-12
21,14,35,0.5617273465301114
23,12,35,0.2890298297655636
27,8,35,0.161264881038212
22,13,35,0.14080710657571024
29,6,35,0.4389759442456205
22,13,35,0.6632238971162197
21,14,35,0.2146790740294867
28,7,35,0.7054144817363404
22,13,35,NaN
19,16,35,0.2770589453938832
25,10,35,0.8791469822960243
26,9,35,0.28776344359588374
31,4,35,0.46865215066724164
20,15,35,0.7659187175498298
24,11,35,0.6744316151635361
18,17,35,0.7659187175498298
23,12,35,0.4869472780660612
29,6,35,0.02606207935905843
26,9,35,0.00012800188291990555
18,17,35,0.1646711870074364
24,11,35,0.8204795116931126
18,17,35,0.8791469822960243
15,20,35,NaN
28,7,35,0.3240728307352289
23,12,35,0.3130212075606512
27,7,34,0.03429964801478936
18,16,34,8.787372396840606e-7
21,13,34,NaN
30,4,34,0.35163936320323114
22,12,34,0.24299412154726827
23,11,34,0.7825370315013224
28,6,34,0.6629394266610144
17,17,34,0.18561760226461765
24,10,34,0.8100756156141816
24,10,34,0.04579368116843111
26,8,34,0.4869472780660612
29,5,34,0.282883560112788
26,8,34,0.5331542305534713
32,2,34,0.1629732328475388
29,5,34,NaN
22,12,34,0.7127266474729902
24,10,34,1.6772669987128054e-5
27,7,34,0.5773495910338519
20,14,34,4.0869193022938485e-14
23,11,34,0.01569361664101994
28,6,34,0.9336743037628588
23,11,34,5.702917357014832e-7
21,13,34,NaN
25,9,34,0.2134130352888717
25,9,34,0.6777821836156805
22,12,34,0.8791469822960243
18,16,34,0.29839927006011874
19,15,34,0.8204795116931126
28,6,34,5.7242375705189065e-5
24,10,34,0.7605476425612694
25,9,34,0.05295374443847441
23,11,34,0.4869472780660612
18,16,34,0.00019671922154494332
26,8,34,0.9845924478014567
19,15,34,0.01974744846386414
27,7,34,0.5577710565655557
20,14,34,0.1452074904688197
23,11,34,NaN
13,21,34,NaN
16,18,34,0.6659283891055048
23,11,34,0.7659187175498298
24,10,34,0.534054961478336
30,4,34,0.862568860550395
26,8,34,0.6629394266610144
22,12,34,NaN
28,6,34,0.013584695640948361
22,12,34,2.988514340823125e-6
23,11,34,0.045946027748132785
25,9,34,0.0453218543565991
25,9,34,0.25704099543129966
26,8,34,0.8617097556108892
27,7,34,0.2770589453938832
23,11,34,0.0008081681743566132
20,14,34,0.35163936320323114
30,4,34,0.24299412154726827
29,5,34,0.05295374443847441
20,14,34,0.3945171698231298
27,7,34,0.36486083335205044
17,17,34,NaN
29,5,34,0.9488775250234286
28,6,34,0.01878621142699956
22,12,34,0.6629394266610144
23,11,34,0.05295374443847441
29,5,34,0.16157369480556577
24,10,34,5.059853831234298e-5
28,6,34,0.03973270879120916
22,12,34,4.688014901763196e-7
19,15,34,0.161264881038212
20,14,34,0.6126195294850018
15,19,34,NaN
24,10,34,0.7659187175498298
28,6,34,0.8757733754574404
24,10,34,0.3470108462612522
29,5,34,0.8527776682251641
24,10,34,NaN
24,10,34,NaN
30,4,34,0.20446980535606754
27,7,34,0.40889289850630045
28,6,34,NaN
29,5,34,0.2769715797332175
20,14,34,0.9444012070806406
20,14,34,0.7659187175498298
20,14,34,0.7081165133472421
26,8,34,0.35944974396699086
22,12,34,0.9198047111974613
25,9,34,3.1726707788320754e-6
23,11,34,0.5773495910338519
21,13,34,0.2747133616117744
26,8,34,0.06058247105517931
18,16,34,NaN
23,11,34,0.05295374443847441
23,11,34,0.002532103920408754
26,8,34,0.8418168267177661
22,12,34,0.00020843764065104926
26,8,34,0.9951312060241185
19,15,34,0.8293076182129262
20,14,34,1.9319109325161166e-6
17,17,34,3.317377648701767e-17
24,10,34,NaN
29,5,34,0.830812599345356
26,8,34,0.39365820288251563
16,18,34,0.6211047067208528
23,11,34,0.6892629491318503
22,12,34,2.3505108498541233e-5
20,14,34,0.3147278493122561
17,17,34,0.5773495910338519
29,5,34,0.9749834651108517
19,15,34,0.045946027748132785
28,6,34,0.019582362947367808
22,12,34,0.04723242022502121
21,13,34,0.4240488446174549
25,9,34,0.24299412154726827
23,11,34,0.6211047067208528
23,11,34,0.10396051519333134
24,10,34,0.09331494238381467
19,15,34,0.6534935670810487
30,4,34,0.895569059726496
24,10,34,NaN
21,13,34,0.4424194362070045
26,8,34,0.3586990356994355
16,18,34,NaN
27,7,34,0.06058247105517931
10,24,34,0.39453533282882225
19,15,34,0.08008606238419001
15,19,34,0.017207252990831517
25,9,34,0.09331494238381467
30,4,34,0.9768703260866719
19,15,34,0.13368302928826103
19,15,34,0.08115644780417555
19,15,34,0.045946027748132785
19,15,34,0.8048837258267777
23,11,34,0.25990850867455345
28,6,34,0.37350097492331436
19,15,34,NaN
21,13,34,0.2163576565447511
20,14,34,0.028803722299298604
20,14,34,0.00413632405351317
21,13,34,0.7351022872357142
19,15,34,0.922483585895465
23,11,34,0.4389759442456205
24,10,34,0.20430653309389402
15,19,34,0.014090746451150372
20,14,34,0.19321860294976503
8,26,34,0.003361570314584443
14,20,34,0.06988872661807305
18,15,33,0.0009331555282689127
27,6,33,0.9452512051460086
26,7,33,NaN
27,6,33,0.4389759442456205
22,11,33,0.5447104390716195
24,9,33,0.49999819866000444
16,17,33,0.019582362947367808
23,10,33,0.10926649289340501
20,13,33,0.4389759442456205
24,9,33,0.4869472780660612
27,6,33,0.6629394266610144
17,16,33,NaN
30,3,33,NaN
26,7,33,0.9976797567474804
22,11,33,0.5654933249461306
25,8,33,0.9097889372969507
22,11,33,0.4584457217856004
28,5,33,0.7351022872357142
21,12,33,0.12196444410581492
18,15,33,0.2238410187124574
19,14,33,1.4846097140495797e-5
21,12,33,0.022641636257990223
26,7,33,0.5299817961731534
24,9,33,0.00022637127397655607
19,14,33,0.4389759442456205
14,19,33,0.027165373453162698
27,6,33,0.021293619911580852
24,9,33,0.0017862830426515301
25,8,33,0.8949950374154003
21,12,33,0.95328855807451
22,11,33,0.6092144081708829
24,9,33,0.144293970593118
20,13,33,0.7659187175498298
23,10,33,0.8846978187839708
27,6,33,0.06058247105517931
24,9,33,7.611982953891501e-8
24,9,33,0.922483585895465
20,13,33,0.14080710657571024
23,10,33,0.43235100537574384
25,8,33,0.01449100872649787
19,14,33,0.267076808970113
29,4,33,0.4869472780660612
22,11,33,0.39365820288251563
26,7,33,0.7478500924108313
30,3,33,0.7008553584305408
21,12,33,0.10644627622097674
25,8,33,0.29261018119793003
22,11,33,NaN
22,11,33,0.003481850009558038
22,11,33,0.003762099059082099
24,9,33,0.730003875333469
24,9,33,0.030537819750840987
23,10,33,0.005551343561552023
29,4,33,0.6211047067208528
25,8,33,0.00370141767801897
23,10,33,0.8204795116931126
21,12,33,0.4298852326865989
26,7,33,6.977562184271395e-10
14,19,33,0.35089757629146806
25,8,33,1.4095180574811725e-5
10,23,33,NaN
24,9,33,0.0912277604928419
15,18,33,NaN
25,8,33,NaN
25,8,33,0.8204795116931126
26,7,33,0.2770589453938832
23,10,33,0.0005481663686998369
27,6,33,0.03973270879120916
18,15,33,0.7011851765667475
19,14,33,NaN
23,10,33,0.1202645963395898
26,7,33,0.08115644780417555
24,9,33,0.24299412154726827
21,12,33,0.161264881038212
26,7,33,0.022641636257990223
21,12,33,0.0005356357458865102
24,9,33,0.08115644780417555
20,13,33,0.9336743037628588
22,11,33,2.481260406775595e-6
21,12,33,0.6753958513502701
16,17,33,0.3147278493122561
15,18,33,0.4147543299564159
23,10,33,0.21187913375295056
24,9,33,0.1346043502708513
30,3,33,0.8952812754494395
19,14,33,0.6843243234992917
17,16,33,0.7351022872357142
21,12,33,NaN
22,11,33,0.33446847001120206
18,15,33,0.4186226610389962
27,6,33,0.4252562736645851
28,5,33,0.011303978443007314
24,9,33,0.21187913375295056
17,16,33,0.8304238141647158
21,12,33,0.08742711830164578
26,7,33,3.430777139464138e-7
22,11,33,0.663609022446614
20,13,33,0.3147278493122561
25,8,33,0.27642495306309905
27,6,33,0.09916630959171482
18,15,33,0.960314636418117
20,13,33,0.13316119865824727
24,9,33,0.6641581222413636
24,9,33,NaN
26,7,33,NaN
24,9,33,0.03973270879120916
22,11,33,0.17648333840657363
20,13,33,NaN
16,17,33,0.6211047067208528
22,11,33,NaN
27,6,33,0.6629394266610144
23,10,33,0.3214762360215206
19,14,33,NaN
20,13,33,0.39704602526603777
26,7,33,0.20480465333555942
28,5,33,0.349428066407448
27,6,33,0.0370903850277956
25,8,33,0.24299412154726827
28,5,33,NaN
23,10,33,0.010563457733757851
17,16,33,0.007947121717015284
23,10,33,0.00427341617790752
21,12,33,0.03973270879120916
26,7,33,NaN
23,10,33,NaN
20,13,33,0.4759523549756885
25,8,33,0.09331494238381467
25,8,33,7.294619541413732e-5
18,15,33,0.9920380325479227
18,15,33,0.02611284212389445
23,10,33,0.5240635936542386
23,10,33,0.9336743037628588
20,13,33,0.058717304057687866
20,13,33,0.12196444410581492
19,14,33,0.5694042567210529
23,10,33,0.004576054480457045
20,13,33,0.0004492995238503392
24,9,33,0.534054961478336
23,10,33,0.2513489220337205
26,7,33,0.7008553584305408
24,9,33,0.056550511450094335
20,13,33,0.3170408010337342
21,12,33,0.13220588571667705
10,23,33,NaN
19,14,33,0.39365820288251563
18,15,33,0.4389759442456205
20,13,33,0.7259404188577615
16,17,33,0.2613780117868508
21,12,33,0.03468779084967369
20,13,33,0.2783230055886928
19,14,33,NaN
22,11,33,0.8852226627838194
20,13,33,0.8126637065811377
18,15,33,0.9209900767257548
13,20,33,0.5773495910338519
19,14,33,0.036140933574490955
22,11,33,NaN
17,16,33,0.534054961478336
17,16,33,0.2770589453938832
17,16,33,7.56823163958634e-12
22,11,33,0.05295374443847441
12,21,33,0.7567225629842954
22,11,33,0.6893045160144052
17,16,33,0.5028184697867467
17,15,32,0.7351022872357142
24,8,32,0.922483585895465
16,16,32,0.011625908468073121
26,6,32,NaN
22,10,32,0.610991393372209
23,9,32,0.3842248939352226
21,11,32,0.5773495910338519
22,10,32,0.12941798093153112
18,14,32,0.5773495910338519
26,6,32,0.8044556635379461
20,12,32,NaN
17,15,32,0.9336743037628588
19,13,32,0.3147278493122561
21,11,32,0.12196444410581492
25,7,32,0.3876469610656903
19,13,32,NaN
16,16,32,0.5773495910338519
21,11,32,NaN
21,11,32,0.000595244068883917
20,12,32,0.4389759442456205
26,6,32,0.24939985355948122
27,5,32,0.01662981425087833
25,7,32,3.324233021953264e-11
22,10,32,0.7645163374294228
25,7,32,0.6629394266610144
11,21,32,NaN
22,10,32,0.3698346212405977
21,11,32,0.14033806303275126
22,10,32,0.534054961478336
20,12,32,0.4869472780660612
24,8,32,0.0007961424420260877
24,8,32,0.7383413498188052
20,12,32,NaN
22,10,32,0.7120588430681319
23,9,32,0.2770589453938832
22,10,32,0.3804720533963857
13,19,32,0.7943141978951035
23,9,32,0.4869472780660612
25,7,32,0.9845924478014567
25,7,32,0.00985911864811425
22,10,32,0.7008553584305408
16,16,32,NaN
21,11,32,0.7351022872357142
19,13,32,0.6211047067208528
18,14,32,0.06988872661807305
28,4,32,0.002144739130434723
22,10,32,0.6369374185740287
8,24,32,NaN
23,9,32,0.018251152795262952
24,8,32,0.00019562129431728014
26,6,32,0.5240772011930886
24,8,32,NaN
21,11,32,0.24392734741214941
20,12,32,0.8791469822960243
15,17,32,0.7008553584305408
16,16,32,0.7216200053829149
23,9,32,0.7008553584305408
28,4,32,0.3092716152491405
21,11,32,0.04630590810490103
29,3,32,0.19319956746367453
21,11,32,0.05483408403462693
20,12,32,0.4584957332891234
15,17,32,0.4869472780660612
27,5,32,0.012258458431948088
20,12,32,0.02327540678995769
15,17,32,0.0035067292490933632
19,13,32,0.399966046978733
13,19,32,0.032891976574472445
21,11,32,0.17960177214619563
28,4,32,0.8204795116931126
19,13,32,0.35163936320323114
24,8,32,0.3147278493122561
18,14,32,0.7351022872357142
18,14,32,0.7351022872357142
26,6,32,NaN
20,12,32,1.0529348812927986e-5
19,13,32,0.0038212748971975757
15,17,32,0.08962381727558796
20,12,32,0.000324931970540197
20,12,32,0.7943141978951035
25,7,32,0.19723116807318325
18,14,32,0.9392452782058407
22,10,32,0.039536058839489456
19,13,32,0.25420275489446115
18,14,32,0.05295374443847441
22,10,32,0.08115644780417555
17,15,32,0.4581299951219079
20,12,32,0.8418168267177661
19,13,32,NaN
25,7,32,0.5452734577228268
22,10,32,0.1263440049225468
22,10,32,0.8949950374154003
24,8,32,0.8791469822960243
21,11,32,NaN
28,4,32,0.003569618865994141
19,13,32,0.8690723627093473
21,11,32,0.19062026248553762
20,12,32,0.6555966664367578
28,4,32,0.9380451870751866
25,7,32,0.026724668497769114
20,12,32,0.10644627622097674
25,7,32,0.39365820288251563
17,15,32,0.027114245698385477
24,8,32,0.161264881038212
22,10,32,0.5773495910338519
17,15,32,0.010958071720850553
23,9,32,0.3597621658934384
25,7,32,0.05295374443847441
18,14,32,0.5651354533668165
25,7,32,0.9886670302743008
20,12,32,0.010806360708568784
22,10,32,0.7022376427024547
21,11,32,2.353213395262415e-5
20,12,32,0.7351022872357142
23,9,32,2.3416714811639213e-10
24,8,32,0.11415787097880935
17,15,32,0.045946027748132785
19,13,32,0.045946027748132785
23,9,32,0.002263172361760713
27,5,32,0.0005258985724353819
23,9,32,0.39365820288251563
17,15,32,0.7268475626707659
19,13,32,8.7851563048574e-6
23,9,32,0.7351022872357142
16,16,32,0.5051173885825689
26,6,32,0.013595179396091573
16,16,32,0.6617907114444935
21,11,32,0.6986953052131122
25,7,32,0.36083522346315205
18,14,32,0.02611284212389445
21,11,32,0.5773495910338519
20,12,32,0.3795513706390639
25,7,32,0.10839438610678613
22,10,32,0.7008553584305408
22,10,32,0.9579723130207045
19,13,32,0.7008553584305408
24,8,32,0.02611284212389445
16,16,32,0.7008553584305408
25,7,32,4.073817127830899e-5
22,10,32,0.029420854868141035
21,11,32,0.7295550623369758
15,17,32,0.07261011784217263
17,15,32,0.19188011019131884
23,9,32,0.534054961478336
21,11,32,0.24299412154726827
19,13,32,0.24299412154726827
18,14,32,0.8204795116931126
21,11,32,0.03025847703180226
22,10,32,NaN
25,7,32,0.18029256530857357
18,14,32,0.21187913375295056
17,15,32,0.14776578222731554
13,19,32,0.160376333187256
22,10,32,0.521122991699209
21,11,32,0.029364518048241875
19,13,32,6.5900917065086e-14
25,6,31,7.204536893592508e-9
21,10,31,0.39365820288251563
19,12,31,0.3614050448964482
25,6,31,0.08104748443829225
25,6,31,0.6629394266610144
17,14,31,0.8791469822960243
22,9,31,0.3147278493122561
21,10,31,0.9050972117330874
23,8,31,0.5773495910338519
26,5,31,0.8771521548948478
21,10,31,NaN
16,15,31,0.8791469822960243
24,7,31,0.07174535314354617
24,7,31,0.24299412154726827
17,14,31,0.020309649051152217
25,6,31,NaN
22,9,31,0.35163936320323114
24,7,31,9.832378383769436e-13
22,9,31,0.7943141978951035
23,8,31,0.06790422847555548
24,7,31,0.35163936320323114
22,9,31,0.8949950374154003
17,14,31,0.0008182568552167596
21,10,31,0.534054961478336
19,12,31,0.04423958300217717
25,6,31,0.030439865249778007
24,7,31,0.7943141978951035
16,15,31,0.1648652560446032
26,5,31,0.10747385113884145
23,8,31,0.21187913375295056
22,9,31,0.161264881038212
19,12,31,0.06058247105517931
18,13,31,0.161264881038212
22,9,31,0.583929127406625
26,5,31,0.21187913375295056
18,13,31,0.18561760226461765
17,14,31,0.016352394412106192
18,13,31,6.328075664513723e-5
21,10,31,0.555716174420008
25,6,31,0.6046394813026851
25,6,31,0.7659187175498298
25,6,31,0.2349000845341067
15,16,31,0.015678018775019908
29,2,31,0.6629394266610144
16,15,31,NaN
22,9,31,0.3668743241831786
22,9,31,NaN
22,9,31,0.002122326347565719
21,10,31,0.982355810611759
20,11,31,0.05604450956843387
28,3,31,0.5208172689929056
24,7,31,0.05295374443847441
20,11,31,0.18561760226461765
20,11,31,NaN
21,10,31,NaN
17,14,31,0.161264881038212
25,6,31,2.9504272429025014e-6
24,7,31,0.6653674959233236
22,9,31,0.3147278493122561
24,7,31,0.1481066262866954
23,8,31,0.8516098867321278
21,10,31,0.8418168267177661
28,3,31,0.39365820288251563
21,10,31,0.4869472780660612
23,8,31,0.35163936320323114
23,8,31,0.11954507957182348
26,5,31,0.534054961478336
20,11,31,0.7123663053729635
22,9,31,0.09331494238381467
23,8,31,0.05295374443847441
20,11,31,0.9097889372969507
16,15,31,0.07993411417738988
24,7,31,0.7659187175498298
22,9,31,0.00413632405351317
27,4,31,0.30908263001531683
25,6,31,0.9097889372969507
22,9,31,NaN
22,9,31,NaN
24,7,31,0.18729507620242022
18,13,31,0.0028839486214497357
24,7,31,0.022514392859242408
19,12,31,0.7284327884854811
14,17,31,0.7943141978951035
24,7,31,0.03025847703180226
27,4,31,NaN
20,11,31,3.8187349603389065e-6
24,7,31,0.24299412154726827
18,13,31,0.337185529650342
22,9,31,0.037902634282194085
20,11,31,0.3527665559421598
27,4,31,NaN
26,5,31,0.16454351396966263
20,11,31,0.1726570927450358
21,10,31,0.06646911551000721
22,9,31,0.038940779846123146
26,5,31,0.8204795116931126
29,2,31,0.5313916717021366
21,10,31,0.34942235726492604
23,8,31,0.3733991784997278
23,8,31,0.06421391934860791
21,10,31,0.06058247105517931
19,12,31,0.0033018008843801266
19,12,31,0.10644627622097674
21,10,31,0.005802234121757634
23,8,31,4.0018587255191496e-7
23,8,31,0.8418168267177661
17,14,31,0.8206228718408548
22,9,31,0.15135508618465984
12,19,31,NaN
21,10,31,0.04896342242359691
16,15,31,0.4665579291357937
13,18,31,0.6211047067208528
22,9,31,0.03973270879120916
20,11,31,0.4389759442456205
16,15,31,0.16103028685255863
20,11,31,0.35163936320323114
18,13,31,0.011669898061243801
27,4,31,0.7659187175498298
26,5,31,0.8791469822960243
20,11,31,0.07433338255585634
17,14,31,0.35163936320323114
26,5,31,NaN
18,13,31,0.4869472780660612
25,6,31,0.3147278493122561
18,13,31,0.045946027748132785
21,10,31,0.03025847703180226
22,9,31,0.09331494238381467
23,8,31,0.161264881038212
21,10,31,0.3171532315565639
18,13,31,0.8204795116931126
25,6,31,0.7659187175498298
27,4,31,0.008006490827543282
24,7,31,0.4389759442456205
25,6,31,0.161264881038212
22,9,31,0.2770589453938832
18,13,31,0.2770589453938832
21,10,31,NaN
23,8,31,0.03673242421966353
20,11,31,0.7008553584305408
24,7,31,0.4389759442456205
22,9,31,0.06906104792195204
19,12,31,0.6211047067208528
19,12,31,0.03468779084967369
19,12,31,5.333087296769305e-5
21,10,31,0.7008553584305408
20,11,31,0.5330813993733745
21,10,31,0.8435412346194492
21,10,31,1.6474643493533125e-20
17,14,31,0.0006502944275929125
23,8,31,0.2163177734249384
16,15,31,0.6373377864891838
18,13,31,0.3595852906364618
21,10,31,0.6629394266610144
27,4,31,0.14080710657571024
25,6,31,0.19981660038534568
13,18,31,0.24299412154726827
24,7,31,0.27085932366006027
25,6,31,0.14536793602824474
26,5,31,0.2625287975170444
18,13,31,0.9619562588045744
21,10,31,0.684762701660441
15,16,31,0.7297237013612011
21,10,31,0.06988872661807305
20,11,31,3.1294769099101847e-12
15,16,31,0.08033006487846078
24,7,31,0.9845924478014567
19,12,31,0.25388903204902447
16,15,31,0.5850075742506677
12,19,31,0.7943141978951035
19,12,31,0.056342475876232895
20,11,31,0.0649315005012658
19,12,31,0.4869472780660612
24,6,30,0.922483585895465
26,4,30,0.7008553584305408
22,8,30,0.18561760226461765
19,11,30,0.6908734907721377
23,7,30,0.02889911213770015
18,12,30,NaN
25,5,30,0.5773495910338519
18,12,30,0.21187913375295056
22,8,30,0.8037168589374863
25,5,30,0.8949950374154003
21,9,30,0.6211047067208528
21,9,30,NaN
20,10,30,9.935336016183723e-6
16,14,30,0.031658952055222817
15,15,30,0.3147278493122561
26,4,30,0.06972957377757448
22,8,30,NaN
18,12,30,0.02611284212389445
23,7,30,0.3440964413419125
20,10,30,0.05295374443847441
17,13,30,0.7626479976907465
24,6,30,0.4389759442456205
24,6,30,0.8815220240180948
22,8,30,NaN
22,8,30,NaN
19,11,30,0.0012769730716659811
28,2,30,0.03973270879120916
25,5,30,0.1951578778680689
20,10,30,0.4869472780660612
20,10,30,0.4389759442456205
21,9,30,2.5107882878274278e-5
15,15,30,0.0005358867667097031
17,13,30,0.534054961478336
20,10,30,0.1110151385093932
25,5,30,0.24031437482057857
18,12,30,NaN
22,8,30,0.6956834387744046
19,11,30,0.0019497952815493616
17,13,30,0.1307887231710454
27,3,30,0.534054961478336
17,13,30,0.6629394266610144
21,9,30,0.009145730368337806
23,7,30,0.7943141978951035
24,6,30,0.5624190893075987
19,11,30,0.10644627622097674
20,10,30,0.7260591152548667
17,13,30,0.4389759442456205
20,10,30,0.4869472780660612
25,5,30,0.5951104638416584
21,9,30,NaN
20,10,30,0.7710850589825053
18,12,30,0.9168476679448224
15,15,30,NaN
15,15,30,0.9560616233364441
19,11,30,0.4860405875488312
25,5,30,0.14080710657571024
21,9,30,0.9739406848487357
21,9,30,0.35163936320323114
20,10,30,0.5653668014620661
25,5,30,NaN
18,12,30,1.3594010077478586e-8
20,10,30,0.3829517018989791
23,7,30,0.18561760226461765
20,10,30,0.49245838468133296
17,13,30,0.534054961478336
26,4,30,0.6729497350367839
22,8,30,0.35163936320323114
21,9,30,0.007827960273527267
22,8,30,0.35163936320323114
17,13,30,0.8418168267177661
21,9,30,0.2770589453938832
25,5,30,0.00025611178668383467
22,8,30,0.0077571417942245285
26,4,30,0.4869472780660612
17,13,30,0.020827559697210923
17,13,30,0.22090922676450758
24,6,30,0.66488679013715
24,6,30,0.031010837681920193
22,8,30,0.14080710657571024
24,6,30,0.35163936320323114
20,10,30,8.666732431225929e-5
19,11,30,NaN
11,19,30,0.38878848159550583
24,6,30,0.065099674663107
20,10,30,0.5841141838524981
21,9,30,0.03973270879120916
21,9,30,0.00013615424609687707
22,8,30,2.810656535622721e-8
14,16,30,0.5130294619741689
24,6,30,0.5773495910338519
25,5,30,0.8791469822960243
27,3,30,0.16465187806228962
18,12,30,0.019904426005448034
26,4,30,NaN
26,4,30,0.04988791531202718
20,10,30,0.1281725536860188
20,10,30,NaN
25,5,30,0.12085179050288843
17,13,30,2.0158605813886993e-7
17,13,30,0.5109202794528883
20,10,30,0.05949644765689946
13,17,30,NaN
21,9,30,0.035287803914868895
20,10,30,0.07702258506002971
24,6,30,0.9336743037628588
16,14,30,0.17185163200591638
16,14,30,5.42179349664759e-5
24,6,30,0.00021449730088125398
16,14,30,0.8115589464514099
24,6,30,0.9434205412770146
21,9,30,0.15559885110203867
19,11,30,0.05295374443847441
21,9,30,0.964636231915083
17,13,30,0.20367897926209144
22,8,30,0.3869906848912906
27,3,30,0.6211047067208528
26,4,30,0.39365820288251563
25,5,30,0.13177404276194235
18,12,30,0.8303652279247185
23,7,30,0.026239850509076405
22,8,30,0.9097889372969507
20,10,30,0.001788009934573399
24,6,30,0.0045959702739534715
20,10,30,0.534054961478336
20,10,30,0.23714877576163565
24,6,30,0.045946027748132785
18,12,30,0.09858049866184654
23,7,30,0.827207058697329
20,10,30,NaN
20,10,30,0.4869472780660612
13,17,30,NaN
23,7,30,0.02017280454152729
23,7,30,0.04345036192007936
18,12,30,0.9966108842384054
22,8,30,0.0005352420014900207
21,9,30,2.7585097060810384e-6
20,10,30,0.5957112634287246
19,11,30,NaN
17,13,30,NaN
18,12,30,0.0002326637000174686
23,7,30,0.6843243234992917
22,8,30,0.009127190433641665
22,8,30,0.010105829832863308
17,13,30,0.09331494238381467
17,13,30,0.5773495910338519
23,7,30,0.7351022872357142
20,10,30,0.39974025287484216
16,14,30,0.962032138983051
21,9,30,0.6629394266610144
25,5,30,0.002530910351412222
22,8,30,0.922483585895465
17,13,30,0.1820195290278385
24,6,30,0.9097889372969507
19,11,30,0.39365820288251563
20,10,30,0.6211047067208528
24,6,30,0.40570904822898385
19,11,30,0.3147278493122561
22,8,30,0.3147278493122561
21,9,30,0.35163936320323114
20,10,30,0.14046388996195144
11,19,30,0.8667461462965582
18,12,30,0.8617097556108892
24,6,30,0.005530010855889106
24,6,30,0.045946027748132785
22,8,30,0.8400923014216433
23,7,30,NaN
12,18,30,NaN
19,11,30,0.06601885080425786
22,8,30,0.7015500707829976
20,10,30,0.2770589453938832
20,10,30,NaN
16,14,30,5.420116750958736e-6
17,13,30,0.043831870516674434
25,5,30,0.12466862193696687
24,6,30,0.9097889372969507
18,12,30,0.6855659158070188
13,17,30,0.4389759442456205
9,21,30,0.015536649153221555
9,21,30,0.5341720080026187
15,15,30,0.009675708215774802
19,11,30,0.8949950374154003
14,16,30,0.39936249141028995
17,13,30,0.3714315748550464
18,12,30,0.370403686802644
22,8,30,0.39365820288251563
16,14,30,0.0031437616460831368
4,26,30,NaN
4,26,30,NaN
24,5,29,0.6713148606042852
22,7,29,0.46566665006031405
23,6,29,0.09418293987522713
21,8,29,0.27275694729837346
15,14,29,0.7659187175498298
25,4,29,0.3735618210809025
17,12,29,0.33481638764131005
21,8,29,0.0002911234718487048
22,7,29,0.7659187175498298
21,8,29,0.481592501352233
18,11,29,0.2770589453938832
23,6,29,0.18561760226461765
20,9,29,0.21187913375295056
25,4,29,0.00045203895530370613
26,3,29,0.161264881038212
15,14,29,0.56541009089595
15,14,29,0.06058247105517931
15,14,29,0.7659187175498298
22,7,29,0.18455127487711268
20,9,29,0.08323291337565498
18,11,29,0.00413632405351317
20,9,29,0.009977997675389972
20,9,29,0.7683289005917749
22,7,29,0.46700742878621543
19,10,29,0.8637655571256273
24,5,29,0.8791469822960243
17,12,29,0.5773495910338519
23,6,29,0.9551542872188218
26,3,29,NaN
25,4,29,0.9690207992381747
15,14,29,0.008734810642162208
16,13,29,0.6211047067208528
21,8,29,0.999996
19,10,29,0.12196444410581492
16,13,29,0.10644627622097674
24,5,29,0.004717652659047982
19,10,29,0.8490391724781189
12,17,29,0.8617097556108892
17,12,29,0.6062098590930751
24,5,29,0.7008553584305408
13,16,29,0.3769573416053297
14,15,29,0.7534962314692407
26,3,29,0.023026070441278586
23,6,29,0.13278971278562796
19,10,29,0.0009970443745962265
17,12,29,0.20343077860800823
19,10,29,0.1464438650530609
17,12,29,0.06633714961656909
15,14,29,0.2770589453938832
20,9,29,0.06094192124374936
18,11,29,0.7813391750239842
25,4,29,0.09331494238381467
22,7,29,0.03973270879120916
25,4,29,NaN
12,17,29,0.04497710478755823
19,10,29,0.7008553584305408
18,11,29,0.6761675362193224
21,8,29,0.009253472366440764
17,12,29,0.7964328510989215
23,6,29,0.8204795116931126
21,8,29,0.06725385819455415
22,7,29,0.013240606438763857
18,11,29,NaN
24,5,29,0.32855986312682506
22,7,29,0.898681537587559
22,7,29,0.6349034264448001
17,12,29,NaN
22,7,29,0.05764291229470169
24,5,29,0.35163936320323114
15,14,29,0.7943141978951035
19,10,29,0.534054961478336
28,1,29,NaN
20,9,29,0.10141924876726308
20,9,29,0.3321178450596316
22,7,29,0.022641636257990223
13,16,29,0.008564091405141026
27,2,29,0.922483585895465
26,3,29,0.04824439427402888
23,6,29,0.8617097556108892
20,9,29,0.003057299036921626
18,11,29,0.013027430818593165
14,15,29,0.0033599906372644883
20,9,29,0.534054961478336
17,12,29,0.6518736368264249
19,10,29,0.9336743037628588
22,7,29,NaN
23,6,29,0.12196444410581492
20,9,29,0.009708197960407164
17,12,29,0.9534911290835386
21,8,29,NaN
21,8,29,0.8204795116931126
23,6,29,0.06058247105517931
21,8,29,0.39365820288251563
19,10,29,0.14080710657571024
18,11,29,0.0210512943669993
22,7,29,0.10976803245933639
16,13,29,NaN
20,9,29,0.8685281476023676
25,4,29,0.8791469822960243
18,11,29,0.016036129072671212
20,9,29,0.030439865249778007
20,9,29,0.7008553584305408
21,8,29,0.5636697539165813
21,8,29,0.6207424417961774
19,10,29,0.6629394266610144
22,7,29,6.118927791261472e-7
21,8,29,0.09198686793059106
22,7,29,0.31764382437607996
15,14,29,0.5537162359452259
25,4,29,0.006651793633421657
16,13,29,0.003069169852215
15,14,29,0.7351022872357142
17,12,29,0.39365820288251563
21,8,29,0.005464509261232125
15,14,29,0.534054961478336
16,13,29,0.09578417440791677
15,14,29,0.8204795116931126
25,4,29,0.2951502861178005
19,10,29,0.018554163527678233
21,8,29,0.39365820288251563
15,14,29,0.5773495910338519
23,6,29,0.24299412154726827
15,14,29,0.9266539249118523
17,12,29,0.0057149313959004465
24,5,29,0.4192731013873785
25,4,29,0.03359765610307059
25,4,29,0.03025847703180226
13,16,29,NaN
19,10,29,0.4869472780660612
22,7,29,0.0109668218068087
14,15,29,0.5951026065892566
21,8,29,0.19988678118768943
21,8,29,0.07426484335929112
15,14,29,0.3147278493122561
25,4,29,NaN
17,12,29,0.36959257766905407
21,8,29,0.5773495910338519
17,12,29,0.14080710657571024
21,8,29,0.04723242022502121
23,6,29,0.066125444142815
14,15,29,0.21120595600428663
19,10,29,0.6211047067208528
18,11,29,0.39211332654891057
12,17,29,0.12196444410581492
21,8,29,0.5703377336259339
18,11,29,0.03709859595809552
20,9,29,0.005100602238806189
11,18,29,0.28513344785253586
19,10,29,NaN
17,12,29,0.9288178077720664
19,10,29,0.5773495910338519
19,10,29,0.161264881038212
17,12,29,0.911715205305417
8,21,29,NaN
20,9,29,0.13795062285432416
20,9,29,0.6523142839453614
19,10,29,0.1471168036677326
26,3,29,0.20755028750438484
24,5,29,0.3147278493122561
16,13,29,0.6823358209832052
18,11,29,NaN
24,5,29,NaN
22,7,29,0.4389759442456205
18,11,29,0.14080710657571024
18,11,29,0.161264881038212
18,11,29,NaN
21,8,29,0.019413000008510182
27,2,29,0.09316642936947948
19,10,29,0.9534911290835386
22,7,29,8.427613390211611e-9
11,18,29,0.35163936320323114
23,6,29,3.9527630007732543e-10
22,7,29,0.534054961478336
19,10,29,0.05428682103897356
27,2,29,0.014191930156165213
23,6,29,0.8418168267177661
22,7,29,0.6680736625599046
14,15,29,0.7352646035689022
17,12,29,0.24584835447694134
21,8,29,NaN
22,7,29,NaN
14,15,29,0.008170536375079772
6,23,29,0.48413219901410276
20,9,29,0.8682730548982512
17,12,29,0.3769573416053297
18,11,29,7.633102659327793e-5
20,9,29,0.8617097556108892
17,12,29,0.9283924308778472
18,11,29,0.39365820288251563
22,7,29,0.0009498395746317897
19,10,29,0.35163936320323114
17,12,29,NaN
19,10,29,0.8204795116931126
20,9,29,0.385241609784536
16,13,29,NaN
21,8,29,0.4952171259372345
17,12,29,0.4389759442456205
21,8,29,0.06058247105517931
16,13,29,0.5773495910338519
20,9,29,0.10644627622097674
17,12,29,0.17947309547001247
16,13,29,1.4473421858079774e-8
15,14,29,0.4389759442456205
14,14,28,0.8204795116931126
19,9,28,0.08053451982338983
26,2,28,0.8764748003794078
14,14,28,0.6629394266610144
17,11,28,0.44896663857193236
19,9,28,0.11776706986889632
24,4,28,0.14080710657571024
17,11,28,0.07082669430942229
16,12,28,0.3113020350068427
20,8,28,0.08115644780417555
21,7,28,0.08333872554950877
26,2,28,0.39365820288251563
25,3,28,0.9799588626550771
22,6,28,0.8468157172579183
13,15,28,0.02524365772791835
12,16,28,0.7862510501580874
18,10,28,0.06058247105517931
23,5,28,0.922483585895465
14,14,28,0.3823019308100462
13,15,28,0.8418168267177661
20,8,28,0.6727979769795891
24,4,28,0.9886670302743008
19,9,28,NaN
20,8,28,0.8418168267177661
22,6,28,0.949874510964767
16,12,28,0.010266515782676513
16,12,28,0.9964070116523777
21,7,28,0.18561760226461765
19,9,28,0.00413632405351317
24,4,28,0.020473407672050022
19,9,28,0.2770589453938832
19,9,28,NaN
22,6,28,0.5711771554048322
23,5,28,0.161264881038212
26,2,28,0.8508496508809569
24,4,28,7.074469450484981e-5
17,11,28,0.2143535481426309
19,9,28,0.4193333680652672
21,7,28,0.886511527559384
23,5,28,0.8791469822960243
20,8,28,0.6629394266610144
16,12,28,0.2542124794757523
19,9,28,0.7659187175498298
13,15,28,NaN
21,7,28,0.7882773389583382
21,7,28,0.02629522496957629
14,14,28,0.3728575895887585
15,13,28,0.5773495910338519
20,8,28,0.9472560545109783
22,6,28,0.24299412154726827
22,6,28,0.161264881038212
24,4,28,0.8204795116931126
20,8,28,NaN
24,4,28,0.20606042398722393
20,8,28,0.7351022872357142
20,8,28,0.2770589453938832
21,7,28,NaN
22,6,28,0.4584957332891234
24,4,28,0.9189050873645203
10,18,28,0.1569075031147745
17,11,28,0.5773495910338519
22,6,28,0.06275343406208313
21,7,28,0.14080710657571024
23,5,28,0.3352658563507044
17,11,28,0.6211047067208528
16,12,28,0.006569283799210503
24,4,28,NaN
18,10,28,0.057999436222240304
19,9,28,0.33002089433384985
19,9,28,0.02440886183857676
20,8,28,0.8617097556108892
21,7,28,0.11540379446901289
22,6,28,0.008326330885743716
23,5,28,0.45885943191873046
16,12,28,NaN
21,7,28,0.0017999753742455494
17,11,28,0.534054961478336
21,7,28,0.1678785865557767
21,7,28,0.5817934617785496
16,12,28,0.6300830591603114
18,10,28,1.6022964983123634e-7
20,8,28,0.003442105670104662
16,12,28,0.6089267360264234
21,7,28,0.21187913375295056
20,8,28,0.7008553584305408
20,8,28,0.7351022872357142
18,10,28,0.14080710657571024
20,8,28,0.061856253821162735
18,10,28,NaN
19,9,28,0.3147278493122561
21,7,28,0.7674394494964111
20,8,28,0.004812768265524112
15,13,28,0.19385369063492225
23,5,28,0.6857857943574153
21,7,28,NaN
20,8,28,0.6211047067208528
17,11,28,0.35163936320323114
19,9,28,0.673901881384706
21,7,28,0.8791469822960243
22,6,28,0.6211047067208528
18,10,28,8.103533378842913e-11
22,6,28,0.962032138983051
22,6,28,0.7707541806034333
17,11,28,0.03922777552980901
12,16,28,0.05295374443847441
19,9,28,NaN
22,6,28,2.437907957966945e-10
20,8,28,0.284957002957702
22,6,28,0.9650292285471191
21,7,28,0.05964976084484961
18,10,28,0.7351022872357142
18,10,28,0.0007823503633807298
16,12,28,0.0717406540503554
22,6,28,0.06826996782855177
18,10,28,0.35163936320323114
15,13,28,0.9024414036283285
17,11,28,0.21187913375295056
12,16,28,NaN
22,6,28,0.7008553584305408
18,10,28,0.5431362260725822
18,10,28,0.5889906983149218
21,7,28,0.26064590585062447
19,9,28,0.018327605495427637
18,10,28,NaN
22,6,28,0.004319209467272749
17,11,28,NaN
13,15,28,0.24299412154726827
24,4,28,0.39365820288251563
16,12,28,0.6211047067208528
15,13,28,0.8425695495464519
21,7,28,0.06832945988858075
19,9,28,NaN
18,10,28,0.03025847703180226
15,13,28,NaN
12,16,28,NaN
25,3,28,0.41883506996221065
12,16,28,0.5664269693879813
24,4,28,0.21774351399940434
20,8,28,0.20863517315035018
22,6,28,0.01837345102615307
22,6,28,0.17997745792752107
18,10,28,0.916448430100527
16,12,28,0.2770589453938832
19,9,28,0.022641636257990223
23,5,28,0.31446254865538825
14,14,28,0.7943141978951035
20,8,28,NaN
17,11,28,0.481592501352233
15,13,28,0.3103570680766021
11,17,28,0.21187913375295056
18,10,28,NaN
20,8,28,0.30728168715621196
25,3,28,0.12196444410581492
10,18,28,0.2617484521386127
18,10,28,0.004031623673210792
15,13,28,0.5795772097732459
18,10,28,1.0404852327501388e-6
12,16,28,0.8326709489450306
18,10,28,0.09722409922445933
17,11,28,0.35163936320323114
18,10,28,0.8949950374154003
23,5,28,0.12196444410581492
24,4,28,0.02611284212389445
16,12,28,NaN
21,7,28,0.038984245145547554
17,11,28,0.7661394852356244
21,7,28,0.9737808622967871
10,18,28,NaN
13,15,28,0.6516018670740176
24,4,28,0.09331494238381467
17,11,28,0.011625908468073121
18,10,28,NaN
15,13,28,0.5962086583076605
24,4,28,0.06319923818172862
23,5,28,0.056550942077191746
19,9,28,NaN
15,13,28,NaN
21,7,28,3.75903475241561e-5
22,6,28,0.161264881038212
17,11,28,0.31215416913137395
22,6,28,0.010559086759130873
17,11,28,NaN
15,13,28,0.24299412154726827
18,10,28,0.0637567478510252
15,13,28,0.08171876199154206
13,15,28,NaN
17,11,28,NaN
16,12,28,0.9059306796045541
19,9,28,NaN
16,12,28,0.00893730376165194
14,14,28,NaN
17,11,28,0.05252343850284232
20,8,28,0.08115644780417555
13,15,28,0.9097889372969507
19,9,28,0.36803686836498495
17,11,28,1.221894585016878e-8
10,18,28,0.045946027748132785
17,11,28,0.21015491692485844
23,5,28,0.05295374443847441
13,15,28,0.4869472780660612
17,11,28,0.9992266848281778
18,10,28,NaN
11,17,28,0.4592557052246985
18,10,28,NaN
21,7,28,0.0003639640791275372
12,16,28,0.373985709943648
17,11,28,0.922483585895465
0,28,28,0.8418168267177661
21,6,27,0.07054430930866054
16,11,27,0.15646629837253703
16,11,27,0.8617097556108892
21,6,27,0.3147278493122561
19,8,27,0.39485615548978553
21,6,27,0.24299412154726827
12,15,27,NaN
21,6,27,5.176110669648309e-15
24,3,27,0.003526613806509083
17,10,27,0.4389759442456205
19,8,27,0.3147278493122561
22,5,27,0.11069117398204435
16,11,27,0.8418168267177661
16,11,27,0.09331494238381467
15,12,27,0.8286330826447241
17,10,27,NaN
20,7,27,NaN
17,10,27,0.0840318784317946
21,6,27,0.10644627622097674
17,10,27,NaN
26,1,27,0.0016896311641698882
16,11,27,NaN
19,8,27,0.03581178023080249
19,8,27,NaN
23,4,27,0.7351022872357142
17,10,27,0.4389759442456205
21,6,27,0.6629394266610144
20,7,27,0.8471929025823534
20,7,27,NaN
18,9,27,0.2770589453938832
23,4,27,0.14080710657571024
19,8,27,0.45745589791120894
12,15,27,0.9097889372969507
17,10,27,0.0060405177559343165
14,13,27,NaN
18,9,27,0.0022966799698562
19,8,27,0.19291188559555975
17,10,27,0.21187913375295056
20,7,27,0.8020805506574697
18,9,27,0.161264881038212
13,14,27,0.2770589453938832
18,9,27,0.4561149416217243
17,10,27,0.3727291238064636
15,12,27,0.21861959949107326
21,6,27,0.24299412154726827
21,6,27,6.472280124547494e-8
24,3,27,0.7351022872357142
16,11,27,0.9872994292252011
15,12,27,0.45611912655608244
20,7,27,0.18561760226461765
14,13,27,0.14080710657571024
15,12,27,0.17057632581554183
23,4,27,0.013595179396091573
17,10,27,0.1607706748733009
16,11,27,0.3094729979951609
18,9,27,0.5665795842734641
19,8,27,0.21187913375295056
15,12,27,0.2429530460713307
21,6,27,0.24299412154726827
17,10,27,0.785388766090572
18,9,27,0.7824825301729992
22,5,27,NaN
19,8,27,0.6211047067208528
15,12,27,0.7375624031985363
22,5,27,0.4389759442456205
19,8,27,0.10644627622097674
17,10,27,0.05612914029179596
20,7,27,0.14080710657571024
22,5,27,0.010901715636332635
22,5,27,0.10644627622097674
26,1,27,0.04508180620802915
19,8,27,0.07788172113631604
22,5,27,0.6211047067208528
24,3,27,0.3147278493122561
22,5,27,0.00013885862207010534
19,8,27,0.08115644780417555
15,12,27,0.8418168267177661
18,9,27,0.11162270576583075
20,7,27,0.0880718463747652
23,4,27,0.4869472780660612
20,7,27,0.9408510421614751
17,10,27,NaN
22,5,27,0.4869472780660612
16,11,27,0.6211047067208528
24,3,27,0.8204795116931126
12,15,27,0.03468779084967369
15,12,27,0.09646879179908359
17,10,27,0.029047618648067212
20,7,27,0.011068721285459368
20,7,27,0.6737972757990554
9,18,27,0.13396236365485525
19,8,27,0.8949950374154003
19,8,27,0.534054961478336
22,5,27,0.15297250216596528
20,7,27,0.9446102573771795
16,11,27,0.36580721280013206
15,12,27,0.06988872661807305
20,7,27,0.574446449367746
19,8,27,0.5942755847293761
21,6,27,0.3147278493122561
24,3,27,0.0016276465854361704
25,2,27,0.21080615985352677
21,6,27,0.21343992070319182
23,4,27,0.5210417691586329
12,15,27,0.3147278493122561
20,7,27,0.4869472780660612
15,12,27,0.0005273548947307331
12,15,27,0.8791469822960243
14,13,27,0.45885943191873046
23,4,27,1.4797386476712142e-5
17,10,27,0.005100602238806189
23,4,27,0.6138927413869057
22,5,27,0.6678649773444163
16,11,27,0.16469056225309853
23,4,27,NaN
19,8,27,0.018058651876135933
19,8,27,0.7008553584305408
17,10,27,0.5886418638258083
15,12,27,NaN
20,7,27,0.991808263676121
11,16,27,0.9097889372969507
18,9,27,2.5900898050695043e-6
21,6,27,0.14080710657571024
17,10,27,0.8617097556108892
21,6,27,0.886578124066172
17,10,27,0.14080710657571024
15,12,27,0.7659187175498298
21,6,27,0.33412613569862387
21,6,27,0.00023658631411821755
16,11,27,0.3147278493122561
14,13,27,0.39365820288251563
11,16,27,0.4771155081275721
23,4,27,0.35163936320323114
23,4,27,0.006010435936930229
20,7,27,0.39365820288251563
14,13,27,0.0019264626021844506
16,11,27,0.6577777566070123
23,4,27,0.08115644780417555
16,11,27,0.7659187175498298
19,8,27,0.8204795116931126
17,10,27,0.11286245488475705
14,13,27,0.39365820288251563
14,13,27,0.5146466263180557
21,6,27,0.4389759442456205
22,5,27,NaN
15,12,27,0.14080710657571024
20,7,27,NaN
24,3,27,0.6629394266610144
19,8,27,0.1837221127243133
23,4,27,0.003129088527671355
18,9,27,0.534054961478336
19,8,27,0.6624664906720489
11,16,27,0.47710146730939523
13,14,27,0.4443781206250345
21,6,27,0.7294369105740506
18,9,27,0.16039714852367123
18,9,27,0.604007320877563
15,12,27,0.005100602238806189
19,8,27,0.9097889372969507
16,11,27,0.03656264267112012
23,4,27,0.0023497355925389935
18,9,27,0.03901185838897358
19,8,27,0.9451172734378421
13,14,27,0.5846310885929272
19,8,27,0.7008553584305408
21,6,27,NaN
18,9,27,0.011625908468073121
18,9,27,6.027640111340753e-6
19,8,27,0.5079229036049455
21,6,27,0.12196444410581492
22,5,27,0.534054961478336
17,10,27,0.5748522377375577
16,11,27,0.6629394266610144
20,7,27,0.05295374443847441
19,8,27,0.00042409640005256345
22,5,27,1.7760790627493077e-5
12,15,27,0.751997803097459
15,12,27,0.3383233418403609
17,10,27,0.9097889372969507
17,10,27,0.4389759442456205
15,12,27,0.25632930986102864
19,8,27,0.9097889372969507
16,11,27,0.0467161518915243
19,8,27,0.3216487268067983
23,4,27,0.2770589453938832
15,12,27,0.09093953091612386
18,9,27,0.06058247105517931
16,11,27,0.0006172999850584944
20,7,27,4.7928121882030767e-5
20,7,27,0.2770589453938832
17,10,27,0.654989820513402
18,9,27,0.006254149858952197
17,10,27,0.7351022872357142
14,13,27,0.7331588584229703
16,11,27,0.35103612371974846
15,12,27,0.29941600571009785
21,6,27,0.42484311543208647
12,15,27,NaN
14,13,27,0.31610636917315843
24,3,27,0.21187913375295056
18,9,27,NaN
17,10,27,NaN
20,7,27,0.4869472780660612
17,10,27,0.7811931544235587
18,9,27,0.9050972117330874
16,11,27,0.8418168267177661
16,11,27,NaN
21,6,27,0.07277030002081401
16,11,27,0.2770589453938832
19,8,27,7.531730201829972e-14
12,15,27,0.19828104384363054
18,9,27,0.6629394266610144
20,7,27,0.503207504679513
15,12,27,0.9799588626550771
17,10,27,0.012364119639187128
16,11,27,0.6690464491515974
17,10,27,0.03970924633591704
13,14,27,0.010634495026093833
22,5,27,0.8204795116931126
17,10,27,0.3147278493122561
16,11,27,0.15135508618465984
20,7,27,0.8204795116931126
14,13,27,0.7778624643784646
14,13,27,0.26108816265709806
17,10,27,NaN
20,6,26,0.6919028561685525
16,10,26,NaN
24,2,26,0.06235860216643125
19,7,26,0.5332812536457215
16,10,26,NaN
19,7,26,0.005038566103179246
21,5,26,0.3044178538310099
20,6,26,NaN
19,7,26,0.17200256060949295
22,4,26,NaN
20,6,26,0.18561760226461765
23,3,26,0.009425486804446262
21,5,26,NaN
15,11,26,0.06058247105517931
18,8,26,0.0006756884543395928
20,6,26,0.18561760226461765
14,12,26,0.8791469822960243
17,9,26,0.5404463260390949
18,8,26,0.002876375286040075
18,8,26,NaN
19,7,26,0.5624190893075987
20,6,26,0.06988872661807305
15,11,26,0.9918701911745272
17,9,26,0.9115307187100604
21,5,26,0.011625908468073121
14,12,26,0.6062088914290844
20,6,26,7.919889450211184e-5
19,7,26,0.2770589453938832
19,7,26,NaN
20,6,26,1.0034877208780113e-17
23,3,26,0.2770589453938832
21,5,26,0.5309525376509296
17,9,26,0.7351022872357142
20,6,26,0.09331494238381467
18,8,26,0.013595179396091573
22,4,26,NaN
19,7,26,0.8204795116931126
17,9,26,0.09907141388789009
16,10,26,NaN
17,9,26,NaN
13,13,26,0.23918085380783613
16,10,26,0.5577710565655557
10,16,26,0.4698483071660168
15,11,26,1.6197273913549368e-5
23,3,26,0.9749834651108517
23,3,26,0.7478500924108313
19,7,26,0.7659187175498298
15,11,26,0.8196216846832672
21,5,26,0.03673242421966353
22,4,26,0.9411847454973163
19,7,26,0.8373297895596361
22,4,26,0.02129026003676261
21,5,26,0.9097889372969507
23,3,26,0.5383335941779187
19,7,26,0.000173778305419874
13,13,26,0.07887216292570513
19,7,26,NaN
20,6,26,0.025633427569233855
24,2,26,0.5773495910338519
17,9,26,0.161264881038212
18,8,26,0.9853706867891592
19,7,26,0.7135113077135574
18,8,26,0.922483585895465
14,12,26,NaN
22,4,26,0.8918075171143799
22,4,26,0.5773495910338519
22,4,26,0.3757093105109275
16,10,26,0.9097889372969507
19,7,26,0.209269079672123
18,8,26,0.01957871825762124
15,11,26,0.08115644780417555
18,8,26,2.211526284094214e-8
17,9,26,0.05295374443847441
17,9,26,0.13703574610822733
10,16,26,0.7691588768236528
16,10,26,0.03468779084967369
18,8,26,0.004523531374903136
20,6,26,NaN
20,6,26,1.1662706244147465e-5
18,8,26,0.06988872661807305
18,8,26,0.03468779084967369
20,6,26,0.045946027748132785
21,5,26,1.5320353499552376e-5
16,10,26,0.4869472780660612
21,5,26,0.8791469822960243
12,14,26,NaN
17,9,26,NaN
15,11,26,0.05655370765274719
21,5,26,0.6211047067208528
17,9,26,0.5808813602523217
21,5,26,0.18561760226461765
18,8,26,0.303225129431097
22,4,26,NaN
18,8,26,0.6629394266610144
16,10,26,0.10928021739753792
15,11,26,0.8027734904170467
18,8,26,0.3506855821414337
12,14,26,0.019582362947367808
19,7,26,0.24960624318461078
22,4,26,0.14080710657571024
14,12,26,6.532593926273398e-6
20,6,26,0.05937850421452495
21,5,26,0.3147278493122561
19,7,26,0.000595244068883917
17,9,26,0.7659187175498298
13,13,26,0.5721187314380903
20,6,26,0.09331494238381467
19,7,26,0.06892795360771325
17,9,26,NaN
15,11,26,0.12196444410581492
18,8,26,0.5365758946348785
22,4,26,0.006884847495036583
18,8,26,0.7351022872357142
21,5,26,NaN
20,6,26,0.7400720732027124
20,6,26,0.03973270879120916
20,6,26,0.05469267698118229
17,9,26,NaN
23,3,26,0.6211047067208528
13,13,26,0.8418168267177661
18,8,26,4.061211399881811e-15
18,8,26,0.7008553584305408
15,11,26,NaN
19,7,26,0.15434722857854702
18,8,26,0.7543798748675706
18,8,26,0.03475038408238837
21,5,26,0.6184670393434103
21,5,26,4.072994148127719e-5
13,13,26,0.35163936320323114
15,11,26,5.196309922479076e-5
22,4,26,0.35163936320323114
21,5,26,0.4391740871236818
23,3,26,0.6707995722734584
20,6,26,0.1026603746557786
14,12,26,0.723617976293547
19,7,26,0.21682531606789085
18,8,26,1.1073389813402022e-5
18,8,26,0.534054961478336
18,8,26,NaN
16,10,26,0.512118377907039
14,12,26,0.6211047067208528
21,5,26,0.16799529771067645
18,8,26,0.9444012070806406
16,10,26,0.23536142540512675
21,5,26,0.06425559420429772
22,4,26,0.8617097556108892
16,10,26,0.6516018670740176
18,8,26,0.014062693909241156
16,10,26,NaN
15,11,26,0.751997803097459
21,5,26,0.7351022872357142
21,5,26,0.9749834651108517
17,9,26,0.5624190893075987
12,14,26,NaN
18,8,26,0.5187277541390778
15,11,26,0.7578016749056843
9,17,26,0.058710595392006154
13,13,26,0.14080710657571024
18,8,26,0.00413632405351317
24,2,26,0.8418168267177661
11,15,26,0.5773495910338519
15,11,26,0.7120588430681319
15,11,26,0.18561760226461765
14,12,26,NaN
16,10,26,0.9336743037628588
13,13,26,0.005057607326701362
17,9,26,0.39453533282882225
14,12,26,0.08234965729410836
12,14,26,0.5978927295625293
17,9,26,0.009238450315088834
20,6,26,0.8791469822960243
23,3,26,0.2623748432231433
16,10,26,0.24299412154726827
15,11,26,0.9530700334294449
19,7,26,0.7659187175498298
10,16,26,0.06988872661807305
16,10,26,0.35163936320323114
19,7,26,0.0015893958881089342
16,10,26,0.8448049938867734
20,6,26,0.6765514811867923
22,4,26,0.03025847703180226
15,11,26,0.26311747084080456
21,5,26,0.9534911290835386
20,6,26,0.247571360636178
18,8,26,0.12196444410581492
11,15,26,0.26392008885066914
11,15,26,0.008462571382905132
11,15,26,0.6005930603319101
13,13,26,0.4525476461241711
21,5,26,0.8155150351049334
16,10,26,0.22274392868207069
18,8,26,0.08875441788053007
19,7,26,0.2354707533783371
17,9,26,0.00023269200779577108
20,6,26,0.6192520632047478
17,9,26,NaN
17,9,26,0.29088375680337497
20,6,26,NaN
20,6,26,NaN
20,6,26,2.0070487278574172e-11
19,7,26,2.081468431633994e-8
15,11,26,0.49846220243444933
19,7,26,1.0825027399318068e-10
20,6,26,0.017486648634340473
17,9,26,NaN
16,10,26,0.922483585895465
23,3,26,0.021245698271745314
17,9,26,0.0010237716922937103
20,6,26,0.468413374012446
15,11,26,0.7943141978951035
13,13,26,0.000899908586640966
9,17,26,NaN
20,6,26,0.03468779084967369
16,10,26,0.6211047067208528
18,8,26,0.7008553584305408
11,15,26,0.5567126509507047
20,6,26,0.7008553584305408
19,7,26,0.9473206352149053
10,16,26,0.9690207992381747
15,11,26,0.6257606324861232
17,9,26,0.21187913375295056
13,13,26,0.03973270879120916
17,9,26,0.2728390092096996
15,11,26,0.4952387725561592
17,9,26,0.9026597496974531
20,6,26,0.6211047067208528
15,11,26,0.8281470796777857
14,12,26,0.4869472780660612
20,6,26,0.8791469822960243
21,5,26,0.2937101988139895
20,6,26,0.6629394266610144
22,4,26,NaN
20,6,26,NaN
17,9,26,0.019904426005448034
17,9,26,NaN
15,11,26,3.66914598256753e-5
12,14,26,0.45592239203280516
18,8,26,0.6629394266610144
16,10,26,0.1650122423138452
16,10,26,0.24622944368848862
17,9,26,0.6713538420829913
16,10,26,0.035180749575074076
18,8,26,0.12941798093153112
8,18,26,NaN
13,13,26,0.5773495910338519
16,10,26,1.3053456153589304e-5
13,13,26,0.2770589453938832
21,5,26,0.6629394266610144
21,5,26,0.0002908190974842964
15,11,26,NaN
7,19,26,0.3055692734095933
12,14,26,0.534054961478336
10,16,26,0.05295374443847441
17,9,26,0.3611104505523925
15,11,26,0.4858837754394173
17,9,26,0.18561760226461765
18,8,26,0.9524244009533991
20,6,26,0.5075952835880712
10,16,26,NaN
19,6,25,0.06058247105517931
14,11,25,0.39912172990180855
21,4,25,0.4389759442456205
19,6,25,0.042679393307324724
20,5,25,0.003910924950553983
16,9,25,0.5773495910338519
17,8,25,NaN
18,7,25,0.07313359451857124
19,6,25,0.7943141978951035
17,8,25,0.3478942959105766
17,8,25,0.04661776819768742
15,10,25,NaN
17,8,25,0.35163936320323114
17,8,25,0.8949950374154003
17,8,25,3.1114764751271465e-5
17,8,25,0.0002308549953361208
19,6,25,0.922483585895465
18,7,25,0.2879483232079818
18,7,25,0.21187913375295056
18,7,25,0.10644627622097674
14,11,25,0.8166047472199134
11,14,25,0.4869472780660612
19,6,25,0.5597334370659051
19,6,25,NaN
18,7,25,0.39365820288251563
17,8,25,0.12196444410581492
20,5,25,0.8617097556108892
19,6,25,NaN
15,10,25,0.06188602376646765
11,14,25,0.5773495910338519
20,5,25,0.7943141978951035
18,7,25,0.5259750921354873
11,14,25,0.1020699181455067
17,8,25,NaN
16,9,25,0.21365415163132023
25,0,25,0.09331494238381467
21,4,25,0.051140694843464014
16,9,25,1.896371944506495e-5
15,10,25,0.534054961478336
20,5,25,0.4543132929558654
10,15,25,8.239454596702746e-11
15,10,25,NaN
17,8,25,0.5969052258025728
14,11,25,0.20343077860800823
16,9,25,0.008451336469393304
17,8,25,NaN
15,10,25,6.532593926273398e-6
14,11,25,0.7010081200075007
15,10,25,0.8418168267177661
16,9,25,0.3042043860398125
9,16,25,0.02611284212389445
13,12,25,0.8204795116931126
15,10,25,0.4869472780660612
24,1,25,0.39365820288251563
18,7,25,0.03973270879120916
17,8,25,0.009196898702869744
13,12,25,0.8418168267177661
18,7,25,0.10644627622097674
14,11,25,0.8617097556108892
17,8,25,0.12137090775132622
14,11,25,NaN
20,5,25,0.12196444410581492
10,15,25,0.39395452362261624
19,6,25,0.5065097917834575
16,9,25,0.2644909317151228
22,3,25,0.4798698846137716
9,16,25,0.18561760226461765
19,6,25,0.17096356085832448
14,11,25,0.8949950374154003
20,5,25,0.17798606585415486
17,8,25,0.991808263676121
20,5,25,0.534054961478336
15,10,25,0.00446911304029537
18,7,25,0.019906333834858986
20,5,25,NaN
14,11,25,NaN
11,14,25,0.748238555247677
19,6,25,0.06988872661807305
19,6,25,2.082991268148496e-7
14,11,25,0.06087122158494607
17,8,25,0.009729846910587552
16,9,25,0.317677561287093
19,6,25,0.03848098584101579
17,8,25,0.2473164486064297
20,5,25,0.5773495910338519
18,7,25,NaN
17,8,25,0.7659187175498298
25,0,25,0.8063345883498473
19,6,25,0.39365820288251563
19,6,25,0.8580628232871113
16,9,25,0.7351022872357142
16,9,25,0.15567300633394565
15,10,25,NaN
9,16,25,NaN
16,9,25,0.7892722968074509
16,9,25,0.8791469822960243
15,10,25,0.021454958105963977
22,3,25,0.13845672401193132
20,5,25,0.00787481465955577
20,5,25,0.8418168267177661
12,13,25,0.10644627622097674
15,10,25,0.7484410493768417
20,5,25,0.21669364834036206
17,8,25,0.0017998435204938427
18,7,25,0.16283493921702996
12,13,25,0.053749997327112296
16,9,25,0.008794896364526657
17,8,25,NaN
20,5,25,0.22581602431284992
17,8,25,0.2235176087258517
21,4,25,0.264236843821381
24,1,25,NaN
15,10,25,0.5754700631173558
20,5,25,0.03468779084967369
17,8,25,0.6753958513502701
18,7,25,0.07762593161417009
14,11,25,0.41603407824175287
15,10,25,0.9457754797808084
18,7,25,0.16375619891597243
17,8,25,NaN
19,6,25,0.7818225163719436
16,9,25,0.4292350045323649
18,7,25,0.017936939984917032
16,9,25,0.15200534469336516
17,8,25,0.34904208050824403
19,6,25,0.5657095353785133
16,9,25,NaN
17,8,25,0.26573124408698395
19,6,25,0.8918075171143799
22,3,25,NaN
18,7,25,0.0019164502578455469
17,8,25,0.6220986176538293
16,9,25,0.9097889372969507
15,10,25,0.32425162798996
21,4,25,0.9097889372969507
19,6,25,0.6629394266610144
16,9,25,NaN
17,8,25,0.7664652502331532
15,10,25,0.04133750381958033
21,4,25,NaN
22,3,25,0.7482691741747354
17,8,25,0.3725733575920213
18,7,25,0.005302228385029396
22,3,25,0.5773495910338519
20,5,25,NaN
23,2,25,0.4389759442456205
15,10,25,NaN
17,8,25,0.08115644780417555
20,5,25,0.21187913375295056
16,9,25,0.44548906757861556
15,10,25,0.20894721435983038
18,7,25,0.4015007685893176
21,4,25,0.000553095086567235
19,6,25,0.18561760226461765
17,8,25,NaN
13,12,25,0.4477375009590393
19,6,25,0.4362818310637738
22,3,25,0.8716908600998882
20,5,25,3.402314317980954e-5
22,3,25,0.006010435936930229
17,8,25,0.7659187175498298
19,6,25,0.7274222594362444
14,11,25,0.5457119719915697
16,9,25,0.8617097556108892
20,5,25,0.5695490620701075
13,12,25,0.03929278920244933
18,7,25,0.1890490677218434
12,13,25,0.4363123380656674
20,5,25,0.4869472780660612
15,10,25,0.7823087953753203
15,10,25,0.18561760226461765
17,8,25,0.8290752304125107
16,9,25,0.4081668360669657
15,10,25,0.21365415163132023
18,7,25,NaN
20,5,25,0.02017280454152729
10,15,25,0.8204795116931126
19,6,25,0.4362628537325964
14,11,25,0.2308115687159848
22,3,25,0.4389759442456205
18,7,25,0.9780311594221712
16,9,25,0.05119671414952171
12,13,25,0.09689685090269101
16,9,25,0.05563694124641707
13,12,25,4.166483087643408e-10
21,4,25,0.8468610561289805
17,8,25,0.016352394412106192
16,9,25,0.5624100504369717
10,15,25,0.10442260842003442
18,7,25,0.7659187175498298
13,12,25,0.5715930320690769
15,10,25,NaN
16,9,25,NaN
15,10,25,0.21187913375295056
13,12,25,0.922483585895465
19,6,25,0.6751200617386
15,10,25,0.39365820288251563
13,12,25,0.6629394266610144
21,4,25,NaN
19,6,25,0.6713148606042852
11,14,25,0.13196697578127106
14,11,25,0.8617097556108892
13,12,25,0.8684442116360133
22,3,25,NaN
18,7,25,0.5084290471085763
13,12,25,NaN
17,8,25,NaN
17,8,25,0.14080710657571024
18,7,25,0.24125664929492013
17,8,25,0.25343274303562374
19,6,25,0.3147278493122561
18,7,25,0.5439779729715323
19,6,25,0.5773495910338519
18,7,25,0.007827960273527267
19,6,25,0.9986742908773344
23,2,25,0.8291048176392135
17,8,25,0.6064695078470345
18,7,25,0.6211047067208528
14,11,25,0.5773495910338519
8,17,25,NaN
15,10,25,0.6211047067208528
15,10,25,0.00015749539702875914
18,7,25,0.3575303538105479
15,10,25,0.6051625277004925
16,9,25,0.4869472780660612
14,11,25,NaN
18,7,25,0.9666352250197866
13,12,25,0.1408979281262013
18,7,25,0.534054961478336
19,6,25,0.03025847703180226
14,11,25,0.018533029556369457
17,8,25,0.4869472780660612
19,6,25,0.06988872661807305
19,6,25,0.2956287271943929
19,6,25,0.6092144081708829
12,13,25,0.45867827495701363
17,8,25,0.4389759442456205
20,5,25,0.9452512051460086
16,9,25,0.24299412154726827
22,3,25,0.7008553584305408
19,6,25,0.21187913375295056
18,7,25,0.9097889372969507
17,8,25,0.48024432176284126
16,9,25,0.005397885574528963
16,9,25,0.7943141978951035
15,10,25,NaN
18,7,25,0.9097889372969507
16,9,25,0.21187913375295056
12,13,25,0.9097889372969507
11,14,25,0.4731625739329769
11,14,25,0.8617097556108892
24,1,25,0.010748417696972488
19,6,25,0.37370395520805655
14,11,25,0.39365820288251563
11,14,25,0.4869472780660612
19,6,25,0.4869472780660612
15,10,25,0.0032014632938496415
15,10,25,0.7943141978951035
16,9,25,NaN
2,23,25,NaN
7,18,25,NaN
20,4,24,0.5236032737652229
20,4,24,0.3147278493122561
16,8,24,0.21787155791242985
19,5,24,0.09331494238381467
17,7,24,NaN
18,6,24,0.1006772345058412
16,8,24,0.9097889372969507
17,7,24,0.10644627622097674
18,6,24,0.0033599906372644883
17,7,24,0.24299412154726827
18,6,24,NaN
19,5,24,0.15135508618465984
19,5,24,0.09331494238381467
14,10,24,0.7659187175498298
11,13,24,0.4587122117930773
14,10,24,0.0048651337821304505
8,16,24,NaN
17,7,24,0.19098883105180936
13,11,24,0.45850127094078297
14,10,24,0.5154727415284115
17,7,24,0.6629394266610144
18,6,24,0.4344741859498727
16,8,24,NaN
13,11,24,0.4800580558121258
10,14,24,0.3147278493122561
19,5,24,0.1525416506234708
18,6,24,0.14080710657571024
15,9,24,0.006781419125754895
16,8,24,0.31612019060202495
12,12,24,0.69264755569298
18,6,24,0.7008553584305408
22,2,24,0.7008553584305408
19,5,24,1.0723859571430023e-6
18,6,24,0.09331494238381467
16,8,24,0.906834866891316
11,13,24,0.14107547527436967
22,2,24,0.5773495910338519
17,7,24,0.1782377470260054
19,5,24,0.7685138385907934
16,8,24,0.009708197960407164
14,10,24,0.6579200374906828
14,10,24,NaN
14,10,24,0.4869472780660612
16,8,24,0.22263428589289497
14,10,24,0.9336743037628588
18,6,24,0.4389759442456205
9,15,24,0.3147278493122561
12,12,24,0.35163936320323114
18,6,24,0.45478934447063246
17,7,24,0.39365820288251563
19,5,24,0.18341591379803038
13,11,24,0.002483514077158873
15,9,24,0.5411228484275052
18,6,24,NaN
21,3,24,0.26188297932660726
13,11,24,0.18561760226461765
14,10,24,0.9444012070806406
18,6,24,0.7008553584305408
16,8,24,0.013595179396091573
17,7,24,0.33444683265217007
16,8,24,0.0040604040768072195
11,13,24,0.4389759442456205
20,4,24,0.24299412154726827
15,9,24,0.019582362947367808
15,9,24,0.10644627622097674
22,2,24,0.11898357003098883
16,8,24,0.06058247105517931
17,7,24,0.00024325555136244257
20,4,24,0.01723706005832074
22,2,24,0.534054961478336
15,9,24,NaN
19,5,24,2.478220644968521e-11
20,4,24,0.4389759442456205
17,7,24,NaN
16,8,24,0.14802617555432368
19,5,24,0.9690207992381747
18,6,24,NaN
10,14,24,0.8617097556108892
18,6,24,0.5773495910338519
14,10,24,0.12182343031210738
20,4,24,0.29028270788431604
16,8,24,0.06988872661807305
19,5,24,0.0009896124283736614
15,9,24,0.7943141978951035
16,8,24,0.6460099680304624
17,7,24,NaN
22,2,24,0.004353777626323645
17,7,24,0.8617097556108892
14,10,24,NaN
23,1,24,0.02611284212389445
17,7,24,0.10644627622097674
19,5,24,0.06058247105517931
17,7,24,0.0072330026911682456
19,5,24,NaN
21,3,24,NaN
18,6,24,0.9534911290835386
21,3,24,0.36408422730126994
15,9,24,0.5183463671063078
19,5,24,0.7357268120195378
17,7,24,0.4749149286338244
19,5,24,0.32759856200866433
16,8,24,0.4519440192284093
18,6,24,0.09790134737452709
18,6,24,1.394817899132294e-6
15,9,24,0.9336743037628588
14,10,24,NaN
20,4,24,0.36866048722538713
14,10,24,0.14080710657571024
15,9,24,NaN
16,8,24,0.9749834651108517
17,7,24,0.0027654964966649922
13,11,24,0.4869472780660612
13,11,24,0.04472074329737568
20,4,24,0.3508085270540326
21,3,24,0.08296704327121265
17,7,24,0.35163936320323114
12,12,24,0.8154385829807279
21,3,24,0.12196444410581492
20,4,24,0.10644627622097674
18,6,24,0.2881923608668463
9,15,24,0.5475016072980907
17,7,24,0.7659187175498298
19,5,24,0.21187913375295056
23,1,24,0.08464164254939958
18,6,24,0.2770589453938832
17,7,24,0.00031552497313303034
17,7,24,0.35163936320323114
17,7,24,0.08562928552551806
17,7,24,0.5490408605083255
14,10,24,0.35163936320323114
18,6,24,0.5519385663393943
18,6,24,0.033831094314231355
15,9,24,0.003526613806509083
20,4,24,0.24299412154726827
21,3,24,0.026240600104053595
17,7,24,0.8124954373059466
16,8,24,0.24299412154726827
20,4,24,0.39365820288251563
17,7,24,0.0005798169027874885
21,3,24,0.06988872661807305
16,8,24,0.6629394266610144
18,6,24,0.3783468517999524
20,4,24,0.8418168267177661
19,5,24,0.03455601342462397
12,12,24,NaN
14,10,24,NaN
12,12,24,0.15548323843575787
17,7,24,0.161264881038212
18,6,24,0.04708446614577672
20,4,24,0.788562040101956
18,6,24,0.0004985705575226261
21,3,24,0.161264881038212
16,8,24,0.7659187175498298
15,9,24,0.003522737356404461
17,7,24,0.3031416483216161
7,17,24,0.37915120853826695
17,7,24,0.653708156181962
17,7,24,0.14080710657571024
20,4,24,0.12747075101832725
18,6,24,NaN
17,7,24,0.2770589453938832
19,5,24,0.2585290386036633
15,9,24,0.09331494238381467
19,5,24,0.4869472780660612
18,6,24,0.18561760226461765
22,2,24,0.21758038236589158
16,8,24,0.04485212371974279
12,12,24,0.8204795116931126
18,6,24,0.15866643831721183
15,9,24,0.8418168267177661
12,12,24,0.3147278493122561
18,6,24,0.003828103568402507
12,12,24,0.17460017448333814
17,7,24,0.01632724068317037
11,13,24,0.4477896305468045
15,9,24,NaN
14,10,24,0.18561760226461765
12,12,24,0.3168451165950542
18,6,24,0.011625908468073121
13,11,24,0.16138819290655668
15,9,24,NaN
19,5,24,0.045956369967534196
14,10,24,0.7443675872208246
15,9,24,0.002658906539708349
19,5,24,0.004940497096437605
15,9,24,0.18821567133084163
20,4,24,NaN
21,3,24,0.8617097556108892
19,5,24,NaN
13,11,24,0.9444012070806406
17,7,24,NaN
19,5,24,NaN
16,8,24,0.18561760226461765
18,6,24,3.306890146582352e-5
18,6,24,0.4773020128658175
17,7,24,0.028416200145929108
10,14,24,0.0349858536920718
21,3,24,0.4869472780660612
17,7,24,0.8087982723554509
17,7,24,0.26787652200677237
13,11,24,0.5797923664363692
15,9,24,0.2973893276992108
13,11,24,0.2274422361206313
19,5,24,0.8617097556108892
19,5,24,0.534054961478336
17,7,24,0.14368364862997515
14,10,24,0.03468779084967369
14,10,24,NaN
18,6,24,0.7034798908330773
16,8,24,0.2787719472245347
13,11,24,0.26152217412972345
19,5,24,0.8791469822960243
15,9,24,0.08115644780417555
17,7,24,0.7943141978951035
18,6,24,0.4389759442456205
18,6,24,0.7943141978951035
14,10,24,NaN
13,11,24,NaN
19,5,24,0.10644627622097674
18,6,24,0.04988791531202718
21,3,24,0.03468779084967369
15,9,24,0.9097889372969507
7,17,24,NaN
14,10,24,0.05295374443847441
20,4,24,0.009815478427047272
11,13,24,0.09633116611662812
15,9,24,0.4606199590228377
15,9,24,0.39813136459816517
16,8,24,0.8759124819071504
18,6,24,0.0024929309343580206
17,7,24,0.01851733073561415
15,9,24,0.03471472046033005
17,7,24,0.35163936320323114
15,9,24,0.9753877485374818
12,12,24,0.534054961478336
12,12,24,0.0008430403999525831
15,9,24,NaN
21,3,24,0.9097889372969507
14,10,24,0.9315623258114717
13,11,24,0.35163936320323114
13,11,24,0.8418168267177661
10,14,24,0.8791469822960243
13,11,24,0.3147278493122561
13,11,24,NaN
17,7,24,0.6738540503418087
17,7,24,0.5290157735846319
17,7,24,0.03542120491142159
16,8,24,0.7008553584305408
10,14,24,0.6629394266610144
14,10,24,NaN
11,13,24,0.21187913375295056
12,12,24,0.29945770425556045
10,14,24,0.161264881038212
14,10,24,0.447653581625194
15,9,24,0.6629394266610144
17,7,24,0.8204795116931126
11,13,24,0.12196444410581492
16,8,24,0.00018151863800131525
15,9,24,0.015554031655579312
16,8,24,0.21187913375295056
16,8,24,0.486035105341003
21,3,24,0.17201560340663707
11,13,24,0.2770589453938832
9,15,24,0.534054961478336
13,11,24,0.24299412154726827
18,6,24,1.1934160364461963e-8
12,12,24,NaN
19,5,24,0.5587745388773285
13,11,24,NaN
16,8,24,NaN
17,7,24,0.7008553584305408
7,17,24,0.5790860314674875
14,10,24,0.8045964518525006
17,7,24,NaN
21,3,24,0.19476020773286298
13,11,24,0.008824089590690393
8,16,24,0.5148794483234438
20,4,24,0.006010435936930229
16,8,24,0.5419017527563905
11,13,24,0.8418168267177661
11,13,24,0.2770589453938832
12,12,24,0.7943141978951035
10,14,24,0.14080710657571024
15,9,24,0.02611284212389445
12,12,24,0.8791469822960243
14,10,24,0.9097889372969507
21,2,23,NaN
15,8,23,NaN
16,7,23,0.02970081314236876
17,6,23,0.3183843081278804
8,15,23,0.6338399653533078
20,3,23,0.7351022872357142
17,6,23,0.39365820288251563
18,5,23,0.00967499102875097
16,7,23,0.22044851893027595
18,5,23,0.5773495910338519
14,9,23,0.8876761216803597
14,9,23,0.8215298843666329
11,12,23,0.14080710657571024
13,10,23,0.0009158619759791773
15,8,23,0.011625908468073121
17,6,23,0.39365820288251563
14,9,23,NaN
13,10,23,5.970883124223782e-14
13,10,23,0.6629394266610144
19,4,23,0.7008553584305408
16,7,23,0.8141909583256643
18,5,23,NaN
17,6,23,0.5210827181635187
13,10,23,0.17683640738564296
17,6,23,0.35163936320323114
13,10,23,0.6211047067208528
13,10,23,0.6806345769266431
16,7,23,0.21187913375295056
20,3,23,0.00029636864080503326
16,7,23,0.5120959007352743
17,6,23,0.9411847454973163
12,11,23,0.29496407901018207
18,5,23,0.25254277796722463
11,12,23,0.9785957792131935
15,8,23,0.3745461074717461
18,5,23,0.00024923889670187843
19,4,23,0.4389759442456205
11,12,23,0.05085335807640349
18,5,23,0.06369546435864522
15,8,23,0.3103570680766021
18,5,23,0.023478970501129702
16,7,23,0.5110556911906341
15,8,23,NaN
16,7,23,0.4389759442456205
15,8,23,0.161264881038212
22,1,23,0.19456678202584296
17,6,23,0.4349598562938944
20,3,23,0.005016981397731832
15,8,23,0.3870878488493901
20,3,23,NaN
17,6,23,NaN
12,11,23,0.39365820288251563
13,10,23,0.922483585895465
17,6,23,0.12027197687553079
16,7,23,0.7351022872357142
18,5,23,0.8204795116931126
12,11,23,0.7074708433927323
18,5,23,0.8617097556108892
19,4,23,0.8418168267177661
14,9,23,0.7542940872977663
16,7,23,0.9534911290835386
18,5,23,0.9464318425259339
17,6,23,0.7120588430681319
18,5,23,0.4305690288677987
18,5,23,5.896217335391269e-12
15,8,23,0.751997803097459
13,10,23,NaN
21,2,23,0.03025847703180226
20,3,23,NaN
13,10,23,0.1927165282500205
16,7,23,0.31603071707292774
13,10,23,0.47243324663551184
13,10,23,0.5302934201535909
14,9,23,0.027121879474335326
18,5,23,0.8418168267177661
16,7,23,0.5773495910338519
18,5,23,0.0038573897344119997
17,6,23,0.09331494238381467
11,12,23,0.031043572853114685
18,5,23,NaN
13,10,23,0.204945742082661
16,7,23,6.047726750706448e-9
14,9,23,0.022641636257990223
16,7,23,0.6211047067208528
17,6,23,NaN
18,5,23,0.5311710609489976
14,9,23,0.03468779084967369
16,7,23,0.9799588626550771
17,6,23,NaN
9,14,23,NaN
18,5,23,0.36891451418999466
14,9,23,0.00011508699020621129
11,12,23,NaN
17,6,23,0.10431162890756365
12,11,23,0.11632221936891603
20,3,23,0.7351022872357142
16,7,23,NaN
13,10,23,NaN
18,5,23,0.4869472780660612
15,8,23,0.3422023334915514
11,12,23,0.4869472780660612
22,1,23,0.7351022872357142
17,6,23,0.01720277465515312
14,9,23,0.02307597172139169
12,11,23,0.08516312279080374
16,7,23,NaN
16,7,23,NaN
17,6,23,0.031791856601279
14,9,23,NaN
13,10,23,9.073481113822322e-6
19,4,23,0.17910026852234015
20,3,23,0.9690207992381747
20,3,23,0.5627532903649728
17,6,23,0.12196444410581492
20,3,23,0.7351022872357142
14,9,23,0.8791469822960243
19,4,23,0.5773495910338519
14,9,23,0.46978114440973207
17,6,23,0.07310736337816622
14,9,23,0.023478970501129702
16,7,23,NaN
13,10,23,0.056550511450094335
13,10,23,0.12491428306800186
15,8,23,0.013992022788063462
19,4,23,0.6632238971162197
17,6,23,0.8803422034747257
13,10,23,0.21187913375295056
18,5,23,0.4869472780660612
13,10,23,NaN
20,3,23,0.1983002680743168
18,5,23,0.5846310885929272
14,9,23,0.11534096245335677
18,5,23,0.20343077860800823
15,8,23,NaN
16,7,23,0.19385369063492225
10,13,23,NaN
17,6,23,0.18561760226461765
14,9,23,0.9885626115035703
21,2,23,0.10644627622097674
17,6,23,0.0800573460961153
19,4,23,0.06904267599164027
15,8,23,0.03025847703180226
15,8,23,0.07876365653364391
16,7,23,0.2914434063220595
16,7,23,0.8218181717593722
15,8,23,NaN
19,4,23,NaN
13,10,23,NaN
16,7,23,NaN
17,6,23,0.5773495910338519
12,11,23,0.01445149991775085
17,6,23,0.7659187175498298
15,8,23,NaN
17,6,23,0.07910318642284335
15,8,23,0.06058247105517931
13,10,23,0.4413576079669133
18,5,23,NaN
17,6,23,0.18561760226461765
14,9,23,0.005582606258165435
16,7,23,0.39365820288251563
17,6,23,0.005037445100523374
14,9,23,NaN
12,11,23,0.9444012070806406
17,6,23,0.26555176145540016
10,13,23,0.7659187175498298
14,9,23,NaN
19,4,23,0.2150716457121328
17,6,23,4.254559918900912e-5
16,7,23,0.08480173743228028
13,10,23,0.5773495910338519
15,8,23,0.48370148072744956
17,6,23,0.1967995873977739
14,9,23,0.0004297630779786533
15,8,23,0.6629394266610144
18,5,23,NaN
16,7,23,0.6629394266610144
15,8,23,0.5558101257768585
15,8,23,0.059394114116053956
19,4,23,NaN
14,9,23,0.00019478399247932187
15,8,23,0.045946027748132785
19,4,23,0.583929127406625
14,9,23,0.6211047067208528
18,5,23,0.7943141978951035
11,12,23,NaN
10,13,23,0.8828798592336683
17,6,23,0.02427985431148014
13,10,23,0.08328514459587477
16,7,23,0.9749834651108517
14,9,23,0.008694050174978691
11,12,23,0.0015791155778910266
16,7,23,0.9336743037628588
18,5,23,0.991808263676121
14,9,23,0.8791469822960243
13,10,23,0.8204795116931126
14,9,23,0.4389759442456205
18,5,23,0.03973270879120916
15,8,23,0.15378043297780347
19,4,23,0.05471506532194508
19,4,23,0.6332894109419442
15,8,23,0.5041657247895234
18,5,23,0.8936440367993538
18,5,23,0.002968611383877872
15,8,23,0.45885943191873046
14,9,23,0.11385320501254903
9,14,23,0.007422340128849088
15,8,23,0.6356719958659808
14,9,23,0.7351022872357142
14,9,23,0.12482090692950273
10,13,23,0.8949950374154003
17,6,23,0.8658455552731191
12,11,23,0.03025847703180226
13,10,23,0.6580542472008192
18,5,23,0.9072206816642377
15,8,23,0.9857542303402586
20,3,23,0.7351022872357142
13,10,23,0.2389618362139619
12,11,23,0.21187913375295056
20,3,23,0.8204795116931126
17,6,23,0.4869472780660612
15,8,23,NaN
17,6,23,0.25420275489446115
14,9,23,0.03973270879120916
10,13,23,0.30062488759997075
14,9,23,0.991808263676121
19,4,23,0.6310950420408327
14,9,23,0.0034221246233335605
14,9,23,0.35163936320323114
16,7,23,0.06264090244576889
12,11,23,0.02221587164430794
14,9,23,1.5747761138909716e-5
16,7,23,NaN
18,5,23,NaN
14,9,23,0.3147278493122561
20,3,23,0.036742342286870594
16,7,23,0.2825253045445408
14,9,23,0.6211047067208528
15,8,23,0.03738690860536393
14,9,23,0.35163936320323114
18,5,23,0.20518627888778335
13,10,23,0.8949950374154003
15,8,23,0.4143795104367167
17,6,23,0.955039725348873
13,10,23,0.22774905200253176
16,7,23,0.0004985705575226261
11,12,23,0.7395383499239009
14,9,23,0.12196444410581492
19,4,23,0.18387707301248576
18,5,23,0.6211047067208528
14,9,23,0.007827960273527267
13,10,23,0.4389759442456205
11,12,23,0.7659187175498298
11,12,23,0.09067544150263404
13,10,23,0.24299412154726827
20,3,23,0.39365820288251563
17,6,23,0.0828430377420991
16,7,23,0.03973270879120916
10,13,23,0.3108022944668418
9,14,23,0.2558174850752968
19,4,23,0.5608362525542638
10,13,23,0.2770589453938832
18,5,23,0.2787719472245347
12,11,23,0.6658960647738478
16,7,23,0.03973270879120916
19,4,23,0.027212834763826636
13,10,23,0.03025847703180226
17,6,23,0.09212677313546488
11,12,23,0.49804831204488964
17,6,23,0.9799588626550771
14,9,23,0.39365820288251563
10,13,23,0.6172886050135139
16,7,23,0.2770589453938832
19,4,23,0.45885943191873046
15,8,23,NaN
14,9,23,0.9749834651108517
12,11,23,NaN
13,10,23,0.11007426916133227
17,6,23,0.8617097556108892
16,7,23,0.01070208401904542
16,7,23,0.962032138983051
8,15,23,0.576215311731285
14,9,23,0.0005358867667097031
15,8,23,0.5308114173407454
16,7,23,0.0012359680431291598
14,9,23,0.4973426760584639
7,16,23,NaN
11,12,23,0.06797585934422325
19,3,22,0.7659187175498298
18,4,22,0.7351022872357142
16,6,22,1.6728233262491926e-5
10,12,22,0.6629394266610144
12,10,22,3.5170729014217445e-6
18,4,22,0.6984175326059647
18,4,22,0.6442394462930014
16,6,22,0.9481807702939609
15,7,22,NaN
17,5,22,0.00022292783756487693
15,7,22,0.534054961478336
16,6,22,0.09349257514103666
14,8,22,0.0857215459920684
18,4,22,0.4344741859498727
21,1,22,0.0005358867667097031
19,3,22,0.015200738455613176
14,8,22,0.8452831761697642
15,7,22,0.9336743037628588
10,12,22,0.0031435098316184877
16,6,22,0.10644627622097674
10,12,22,0.7408806507192637
16,6,22,0.7693964938216118
10,12,22,NaN
12,10,22,NaN
16,6,22,NaN
19,3,22,2.660561622261393e-6
11,11,22,0.12960961515849984
17,5,22,NaN
12,10,22,0.7943141978951035
12,10,22,0.4293876753982823
16,6,22,1.1900640590023797e-7
19,3,22,1.9498693124037245e-6
22,0,22,0.0001485811459613138
17,5,22,0.4869472780660612
16,6,22,0.5773495910338519
6,16,22,0.161264881038212
17,5,22,0.39365820288251563
14,8,22,NaN
15,7,22,0.0007354864106255121
15,7,22,0.7659187175498298
18,4,22,0.12196444410581492
16,6,22,0.5790554601536393
19,3,22,0.9336743037628588
15,7,22,0.7351022872357142
16,6,22,0.04816647927802874
15,7,22,0.8617097556108892
13,9,22,0.7943141978951035
16,6,22,0.7008553584305408
16,6,22,0.12196444410581492
15,7,22,0.8418168267177661
13,9,22,1.3752547003287272e-5
12,10,22,0.8617097556108892
17,5,22,0.0008832245609826019
18,4,22,0.720031751039516
12,10,22,0.15108605787408586
19,3,22,0.04477018850579075
16,6,22,0.06988872661807305
20,2,22,0.2972739543477194
17,5,22,0.8063201090419573
8,14,22,0.4423955834529127
17,5,22,0.0005358867667097031
19,3,22,0.35133602784209195
21,1,22,0.7008553584305408
19,3,22,2.0132631100901975e-14
18,4,22,0.13577113967916796
16,6,22,0.373711571225329
18,4,22,0.05528061343367532
21,1,22,0.1436155484815863
15,7,22,0.04054208372567989
16,6,22,0.7351022872357142
16,6,22,NaN
18,4,22,0.2770589453938832
16,6,22,NaN
18,4,22,0.25443750688355443
19,3,22,0.0012534891967512193
19,3,22,0.006020276270494736
19,3,22,0.10644627622097674
11,11,22,0.18561760226461765
8,14,22,0.7943141978951035
13,9,22,0.28748676534225376
17,5,22,0.08115644780417555
21,1,22,0.2513489220337205
14,8,22,0.18561760226461765
18,4,22,0.9534911290835386
16,6,22,0.922483585895465
15,7,22,0.11428753848189631
17,5,22,0.7659187175498298
12,10,22,0.8367508657912783
13,9,22,0.1997406542434403
16,6,22,0.6947847776989542
14,8,22,0.25514235121392825
17,5,22,0.5773495910338519
15,7,22,0.6211047067208528
11,11,22,0.9749834651108517
18,4,22,0.39365820288251563
13,9,22,NaN
17,5,22,0.2513489220337205
14,8,22,0.5624100504369717
20,2,22,NaN
18,4,22,0.6629394266610144
13,9,22,0.007827960273527267
11,11,22,0.08207858192835145
13,9,22,NaN
15,7,22,2.9261076146741846e-6
13,9,22,NaN
17,5,22,0.8418168267177661
20,2,22,0.922483585895465
11,11,22,0.8389696560031878
15,7,22,NaN
22,0,22,0.6211047067208528
16,6,22,0.09088328050463992
22,0,22,0.8204795116931126
16,6,22,0.03656264267112012
13,9,22,0.5695782513823785
9,13,22,0.4389759442456205
14,8,22,0.06058247105517931
15,7,22,NaN
9,13,22,0.7323222366592461
9,13,22,0.8617097556108892
17,5,22,0.8791469822960243
15,7,22,0.06999067949678063
7,15,22,0.6172258058419916
13,9,22,0.8826311673245095
12,10,22,NaN
17,5,22,0.629226700989438
19,3,22,0.018058651876135933
16,6,22,0.4480871195561708
17,5,22,0.9988144833964894
17,5,22,0.03468779084967369
17,5,22,0.05371790118680596
15,7,22,0.8949950374154003
16,6,22,0.5826292651157386
11,11,22,0.03349515299244257
13,9,22,0.36789015720835394
17,5,22,0.8204795116931126
19,3,22,1.0077672385752688e-8
15,7,22,0.7534962314692407
15,7,22,0.03025847703180226
14,8,22,0.10644627622097674
19,3,22,0.24299412154726827
18,4,22,0.4389759442456205
17,5,22,0.4362818310637738
16,6,22,1.475418026585766e-8
19,3,22,0.679827386915605
18,4,22,0.07309261941858289
15,7,22,NaN
19,3,22,NaN
18,4,22,0.8204795116931126
13,9,22,0.1199026714521969
18,4,22,0.03973270879120916
15,7,22,NaN
15,7,22,0.9490880875309908
11,11,22,0.4869472780660612
20,2,22,0.24299412154726827
22,0,22,0.3147278493122561
15,7,22,0.4389759442456205
16,6,22,NaN
11,11,22,0.028020034264144816
14,8,22,0.008086670277376144
9,13,22,NaN
15,7,22,0.7970650442331396
19,3,22,0.32163083143227106
13,9,22,NaN
11,11,22,0.40018607268441264
15,7,22,0.718130903438743
11,11,22,0.1319092276494392
12,10,22,NaN
15,7,22,0.5282193882420858
17,5,22,0.019582362947367808
15,7,22,0.6307351000753949
17,5,22,0.00652605236524742
14,8,22,0.5843078734122853
18,4,22,0.8418168267177661
11,11,22,0.8550448876647061
17,5,22,0.8949950374154003
15,7,22,0.06058247105517931
14,8,22,0.7554787319909606
15,7,22,0.028416200145929108
16,6,22,0.38440361211641755
14,8,22,NaN
12,10,22,0.002144739130434723
15,7,22,0.12747075101832725
16,6,22,0.6629394266610144
19,3,22,0.7943141978951035
16,6,22,0.9145555838841878
8,14,22,0.4362818310637738
20,2,22,0.6629394266610144
16,6,22,0.35163936320323114
13,9,22,0.9097889372969507
15,7,22,0.8418168267177661
18,4,22,0.5870368886779198
15,7,22,NaN
15,7,22,0.06988872661807305
15,7,22,0.8123444631103206
19,3,22,0.911715205305417
15,7,22,0.9071341384688076
15,7,22,0.32257234225601283
9,13,22,0.09816248290955543
16,6,22,NaN
17,5,22,0.3291243624087997
17,5,22,NaN
17,5,22,0.39365820288251563
17,5,22,0.6999681853654801
19,3,22,0.002876375286040075
16,6,22,0.8412172044005725
15,7,22,NaN
15,7,22,6.579069684628315e-6
15,7,22,0.6718660199933488
15,7,22,NaN
16,6,22,0.019582362947367808
12,10,22,0.6648446004808123
15,7,22,0.9799588626550771
10,12,22,0.7008553584305408
14,8,22,0.9336743037628588
22,0,22,0.06058247105517931
15,7,22,0.10644627622097674
15,7,22,0.5773495910338519
17,5,22,0.01148525432735412
15,7,22,0.8791469822960243
21,1,22,0.06938674118987288
10,12,22,NaN
18,4,22,0.7739474035654755
17,5,22,0.3356648173745397
18,4,22,0.012258458431948088
10,12,22,0.7943141978951035
12,10,22,NaN
13,9,22,0.05981675539235475
16,6,22,0.37622518311925746
17,5,22,0.7738266149868718
16,6,22,0.21187913375295056
18,4,22,0.45885943191873046
14,8,22,0.9949598711728668
14,8,22,0.5332959364810779
14,8,22,0.35163936320323114
15,7,22,0.5773495910338519
10,12,22,NaN
18,4,22,0.922483585895465
13,9,22,0.37912804479362977
8,14,22,0.16281361374062506
14,8,22,NaN
18,4,22,0.7351022872357142
14,8,22,NaN
10,12,22,NaN
19,3,22,0.4344741859498727
9,13,22,NaN
14,8,22,0.02048245362553361
14,8,22,0.11237694379439793
13,9,22,0.055508888876489325
20,2,22,0.013595179396091573
14,8,22,0.984405372244533
14,8,22,0.6629394266610144
11,11,22,0.03257219641561549
12,10,22,0.9493457216375778
12,10,22,0.4584957332891234
18,4,22,0.7074708433927323
15,7,22,0.35163936320323114
12,10,22,NaN
12,10,22,0.7588221526564694
18,4,22,0.15027521010058575
15,7,22,0.8418168267177661
14,8,22,0.03973270879120916
14,8,22,0.0453218543565991
14,8,22,NaN
15,7,22,6.9429953146613014e-9
16,6,22,0.0010212046475842158
12,10,22,0.011386458521484722
12,10,22,0.8617097556108892
17,5,22,0.6629394266610144
14,8,22,0.5826292651157386
13,9,22,0.922483585895465
10,12,22,NaN
13,9,22,0.06206413511008094
14,8,22,0.5695490620701075
15,7,22,0.019582362947367808
10,12,22,0.7943141978951035
8,14,22,0.10633907198401477
5,17,22,0.39704602526603777
15,7,22,0.008869721692739009
12,10,22,0.6456628897629174
12,10,22,0.12153804932005652
18,4,22,0.14080710657571024
12,10,22,0.14080710657571024
19,3,22,0.12562567154209703
13,9,22,0.9799588626550771
10,12,22,0.3147278493122561
17,5,22,0.21187913375295056
20,2,22,0.2770589453938832
19,3,22,0.639385789559539
17,5,22,0.01974744846386414
14,8,22,0.15194127567790958
14,8,22,0.7943141978951035
9,13,22,NaN
10,12,22,NaN
10,12,22,0.6752503328758317
13,9,22,0.7943141978951035
17,5,22,0.24963194006619804
10,12,22,0.962032138983051
11,11,22,0.19960069162195146
13,9,22,0.010508981978147909
15,7,22,0.1468979659889561
20,2,22,0.0061792202174379305
18,4,22,0.161264881038212
18,4,22,0.0024963315546867103
13,9,22,0.5195446384134886
16,6,22,0.02611284212389445
12,10,22,0.4869472780660612
17,5,22,0.14080710657571024
19,3,22,0.014472633861571941
15,7,22,0.6211047067208528
12,10,22,0.9097889372969507
15,7,22,0.525816860430935
13,9,22,NaN
6,16,22,0.8418168267177661
12,10,22,0.7061768761273239
13,9,22,0.6211047067208528
21,1,22,0.5504453658324506
14,8,22,NaN
13,9,22,NaN
12,10,22,0.0005358867667097031
9,13,22,0.5499511754622539
9,13,22,0.002551664588162831
17,5,22,0.7345285596521848
14,8,22,0.12196444410581492
9,13,22,NaN
12,9,21,NaN
16,5,21,0.045946027748132785
15,6,21,1.5049039981310788e-5
21,0,21,0.8204795116931126
13,8,21,0.6211047067208528
10,11,21,0.8423997352932866
12,9,21,0.7351022872357142
12,9,21,0.8752320744981904
17,4,21,0.9941692455764074
18,3,21,0.8617097556108892
12,9,21,0.8105362780015104
13,8,21,0.1867689374728283
20,1,21,0.8617097556108892
17,4,21,0.9972911154892551
17,4,21,0.10644627622097674
18,3,21,0.39365820288251563
19,2,21,0.6499573603380242
11,10,21,0.9324991336750846
10,11,21,0.7694771943336103
14,7,21,0.4389759442456205
18,3,21,0.7943141978951035
18,3,21,0.9444012070806406
18,3,21,0.534054961478336
8,13,21,0.35163936320323114
18,3,21,0.6629394266610144
20,1,21,0.9799588626550771
14,7,21,0.5773495910338519
14,7,21,0.6140931454948476
18,3,21,0.5554376351523436
17,4,21,2.73965702290947e-6
20,1,21,0.00413632405351317
12,9,21,0.09331494238381467
5,16,21,NaN
17,4,21,0.10644627622097674
13,8,21,0.4179707317708863
20,1,21,0.534054961478336
15,6,21,0.03025847703180226
14,7,21,0.8949950374154003
15,6,21,0.8204795116931126
9,12,21,0.8791469822960243
13,8,21,0.8791469822960243
12,9,21,0.8418168267177661
12,9,21,0.3274735024882267
13,8,21,0.5846310885929272
12,9,21,0.8617097556108892
14,7,21,NaN
12,9,21,0.2175130159636752
12,9,21,0.06058247105517931
19,2,21,0.5998120332790512
14,7,21,0.3147278493122561
19,2,21,NaN
18,3,21,0.08115644780417555
14,7,21,NaN
12,9,21,NaN
17,4,21,0.7008553584305408
11,10,21,0.12196444410581492
16,5,21,0.054614833123844686
11,10,21,NaN
19,2,21,0.9739537997229566
16,5,21,0.7008553584305408
16,5,21,0.019582362947367808
19,2,21,0.18561760226461765
14,7,21,NaN
9,12,21,0.06725385819455415
14,7,21,NaN
10,11,21,NaN
12,9,21,0.5532637354189326
16,5,21,0.3737978680939038
8,13,21,0.9211715502512243
21,0,21,0.5773495910338519
15,6,21,NaN
17,4,21,0.653021544727665
14,7,21,NaN
17,4,21,0.8617097556108892
16,5,21,0.2513489220337205
15,6,21,0.03468779084967369
13,8,21,0.026276295154686692
7,14,21,NaN
10,11,21,NaN
20,1,21,0.35046945702489835
11,10,21,0.045946027748132785
14,7,21,0.0010817339922674293
15,6,21,0.3747654801387347
14,7,21,NaN
13,8,21,0.5876419842861543
17,4,21,0.12196444410581492
15,6,21,0.7008553584305408
10,11,21,0.922483585895465
11,10,21,0.534054961478336
16,5,21,0.18561760226461765
16,5,21,0.583929127406625
18,3,21,0.10644627622097674
14,7,21,0.9444012070806406
18,3,21,8.363024640124594e-7
19,2,21,0.8198308034724631
13,8,21,0.5841773321702646
10,11,21,NaN
18,3,21,0.8617097556108892
13,8,21,0.8617097556108892
16,5,21,0.3009529786587096
18,3,21,NaN
16,5,21,0.534054961478336
16,5,21,0.5773495910338519
10,11,21,0.0019575942924920132
6,15,21,0.962032138983051
13,8,21,0.6108625481807485
11,10,21,0.962032138983051
16,5,21,0.06058247105517931
15,6,21,0.7351022872357142
11,10,21,0.0219360152197603
15,6,21,0.9690207992381747
12,9,21,0.9389456812951761
15,6,21,0.3147278493122561
16,5,21,0.06988872661807305
14,7,21,0.8115079324092558
14,7,21,0.12217480094574244
14,7,21,0.24685697913475074
17,4,21,0.5990412867104518
16,5,21,0.9534911290835386
14,7,21,NaN
14,7,21,0.00337893131001017
20,1,21,0.4389759442456205
19,2,21,0.24299412154726827
15,6,21,0.534054961478336
15,6,21,0.7182603459527541
14,7,21,0.03025847703180226
19,2,21,0.8198308034724631
11,10,21,0.10644627622097674
16,5,21,0.9336743037628588
14,7,21,0.21631006069717637
13,8,21,0.012272776452654965
12,9,21,0.773971212084
18,3,21,0.8569741801826241
15,6,21,0.31446254865538825
17,4,21,0.7943141978951035
15,6,21,NaN
11,10,21,0.3147278493122561
9,12,21,NaN
18,3,21,0.4440272192628485
16,5,21,0.8418168267177661
14,7,21,NaN
15,6,21,0.8791469822960243
18,3,21,0.922483585895465
16,5,21,0.5273932490265495
14,7,21,0.4149346795231446
8,13,21,0.35163936320323114
15,6,21,0.6317750881540142
14,7,21,0.12547934098225294
18,3,21,0.0022512320650247006
13,8,21,0.1451617447864586
14,7,21,0.03973270879120916
12,9,21,0.8204795116931126
16,5,21,0.6307351000753949
16,5,21,0.06147081611628614
17,4,21,0.3147278493122561
17,4,21,0.002245706259241102
15,6,21,0.8178869367320698
15,6,21,0.9444012070806406
13,8,21,0.142200984685383
13,8,21,NaN
17,4,21,0.534054961478336
12,9,21,0.4389759442456205
17,4,21,0.4363123380656674
18,3,21,0.18561760226461765
13,8,21,0.004304251026865785
12,9,21,0.9097889372969507
10,11,21,NaN
12,9,21,0.26253950900485323
12,9,21,0.3147278493122561
10,11,21,0.07549071471762002
17,4,21,0.7351022872357142
13,8,21,0.44090391440600535
16,5,21,NaN
13,8,21,0.584314008856446
16,5,21,0.534054961478336
14,7,21,0.6216110358288138
16,5,21,0.5773495910338519
12,9,21,0.7008553584305408
16,5,21,0.0016534978034837425
13,8,21,NaN
16,5,21,0.39365820288251563
14,7,21,6.61658446597558e-5
15,6,21,0.013595179396091573
14,7,21,0.06988872661807305
12,9,21,NaN
14,7,21,0.019243520608672696
15,6,21,0.2681586665820693
17,4,21,NaN
13,8,21,8.901445771746677e-20
20,1,21,0.7008553584305408
9,12,21,0.4584957332891234
16,5,21,0.004827878473724713
18,3,21,0.39365820288251563
9,12,21,0.7008553584305408
11,10,21,0.03468779084967369
14,7,21,0.9407314488316132
8,13,21,NaN
17,4,21,0.4546070424402494
16,5,21,NaN
13,8,21,0.8204795116931126
17,4,21,0.30006037093063037
16,5,21,0.5597334370659051
13,8,21,NaN
12,9,21,0.8418168267177661
15,6,21,0.03468779084967369
15,6,21,0.3399082013245906
16,5,21,2.9889271940859904e-5
12,9,21,0.6211047067208528
13,8,21,0.046695902754985634
20,1,21,0.12196444410581492
13,8,21,0.045946027748132785
19,2,21,0.589836060844829
15,6,21,0.5209026929169104
15,6,21,0.8055826540649281
9,12,21,0.6252515286590324
11,10,21,0.7943141978951035
17,4,21,0.006563041040074929
14,7,21,0.32816036055093234
12,9,21,NaN
13,8,21,0.6211047067208528
17,4,21,0.6629394266610144
15,6,21,0.7008553584305408
14,7,21,3.0428407505528773e-10
13,8,21,0.7087701448500087
14,7,21,0.07041803706521456
13,8,21,0.20768947646559982
18,3,21,NaN
12,9,21,0.06058247105517931
8,13,21,NaN
14,7,21,0.2770589453938832
13,8,21,0.3851016007040771
15,6,21,0.916126912141751
14,7,21,0.5299817961731534
15,6,21,0.0034928593456318596
18,3,21,NaN
13,8,21,0.8949950374154003
15,6,21,0.8949950374154003
15,6,21,0.35163936320323114
15,6,21,0.28353779290766884
10,11,21,0.18561760226461765
18,3,21,NaN
9,12,21,0.7659187175498298
13,8,21,0.8215298843666329
14,7,21,0.2770589453938832
17,4,21,0.2585428108551843
17,4,21,0.005323681931729782
16,5,21,0.2787408159234667
17,4,21,0.016352394412106192
14,7,21,0.9518623347116363
10,11,21,7.244356837125548e-7
17,4,21,0.01975770434239316
15,6,21,NaN
13,8,21,0.8204795116931126
16,5,21,0.6139055641988134
14,7,21,0.09331494238381467
11,10,21,0.712195631338888
19,2,21,0.12948862535557745
12,9,21,0.9690207992381747
15,6,21,0.24299412154726827
13,8,21,0.45885943191873046
17,4,21,0.03468779084967369
10,11,21,0.1123409458250274
15,6,21,0.18773782888116722
11,10,21,0.2105436223459478
15,6,21,0.14816989227681016
14,7,21,NaN
14,7,21,0.25745439517145613
12,9,21,0.6868640190290669
18,3,21,0.3147278493122561
16,5,21,0.20431283524563204
13,8,21,0.743023194572564
11,10,21,NaN
11,10,21,0.0008722530089458412
13,8,21,NaN
14,7,21,0.39365820288251563
12,9,21,NaN
7,14,21,0.7008553584305408
18,3,21,0.6211047067208528
11,10,21,0.18561760226461765
15,6,21,0.45570178425917024
15,6,21,0.33244921210196754
12,9,21,NaN
20,1,21,0.7659187175498298
14,7,21,0.7659187175498298
15,6,21,0.6629394266610144
15,6,21,NaN
13,8,21,0.03973270879120916
12,9,21,0.1022683109786813
18,3,21,0.20910678492517085
15,6,21,NaN
10,11,21,0.8215298843666329
7,14,21,0.21420860817926604
15,6,21,NaN
13,8,21,0.8949950374154003
17,4,21,NaN
15,6,21,0.38185098950790425
15,6,21,0.8418168267177661
12,9,21,0.161264881038212
14,7,21,0.3376811127069035
17,4,21,0.0001336245330659278
12,9,21,0.7516646415270763
14,7,21,0.14080710657571024
8,13,21,NaN
12,9,21,0.14519875999875803
19,2,21,0.892213323390017
9,12,21,0.0062258330831884996
14,7,21,0.2770589453938832
14,7,21,0.6486803746666516
12,9,21,NaN
10,11,21,0.9460488015062363
15,6,21,0.9444012070806406
12,9,21,NaN
12,9,21,0.3147278493122561
16,5,21,NaN
14,7,21,0.0007231157611332299
16,5,21,0.4389759442456205
11,10,21,0.35163936320323114
16,5,21,NaN
18,3,21,0.5723001476656467
17,4,21,0.03973270879120916
16,5,21,NaN
13,8,21,NaN
16,5,21,0.06369546435864522
13,8,21,0.3147278493122561
7,14,21,0.6090596615689611
10,11,21,0.3688746801158014
14,7,21,0.4869472780660612
16,5,21,0.8918792360992234
9,12,21,0.011743060240852018
15,6,21,0.35163936320323114
16,5,21,NaN
12,9,21,0.8617097556108892
19,2,21,NaN
12,9,21,0.5150436459718214
13,8,21,0.7351022872357142
14,7,21,0.21187913375295056
11,10,21,0.10700296533428104
9,12,21,0.39365820288251563
11,10,21,0.9444012070806406
14,7,21,0.49139693069913126
12,9,21,0.7351022872357142
12,9,21,0.13575945388040742
9,12,21,0.24455209595762184
17,4,21,0.13937768070207618
17,4,21,0.45592239203280516
11,10,21,0.9307363927585166
7,14,21,0.0033278231860756013
10,11,21,0.9534911290835386
14,7,21,0.015493877691672396
16,5,21,0.534054961478336
15,6,21,0.12196444410581492
14,7,21,0.09708841728248518
12,9,21,0.06058247105517931
15,6,21,0.9097889372969507
14,7,21,0.9807746883091891
8,13,21,1.941261027455266e-9
8,13,21,NaN
8,13,21,NaN
7,14,21,0.8791469822960243
16,5,21,0.253770503023528
12,9,21,0.6624664906720489
15,6,21,0.733210222267463
12,9,21,1.3594010077478586e-8
9,12,21,0.39118882159852514
12,9,21,0.18150356170540796
11,10,21,0.18942126953190724
8,13,21,0.8104021096682551
16,5,21,0.03973270879120916
15,6,21,0.3379573709023237
9,12,21,0.004328948066977928
14,6,20,0.2022514344439023
17,3,20,0.8791469822960243
13,7,20,NaN
17,3,20,0.070350671428433
18,2,20,NaN
18,2,20,0.31446254865538825
15,5,20,0.10644627622097674
18,2,20,0.9237982144818266
12,8,20,0.031658952055222817
14,6,20,0.7008553584305408
15,5,20,0.0064021996673820645
15,5,20,0.10644627622097674
11,9,20,0.019582362947367808
12,8,20,0.8204795116931126
17,3,20,0.00044380466135146297
16,4,20,0.18735165213415578
16,4,20,0.9799588626550771
13,7,20,0.39365820288251563
12,8,20,0.6563875518623467
11,9,20,0.9097889372969507
12,8,20,0.08115644780417555
18,2,20,NaN
15,5,20,0.9968181992567805
15,5,20,0.631832474374774
14,6,20,NaN
14,6,20,0.00017302867937046352
11,9,20,0.55414255799206
14,6,20,NaN
12,8,20,0.4389759442456205
16,4,20,0.8791469822960243
11,9,20,0.23599749462386466
18,2,20,0.3147278493122561
15,5,20,0.4671685422193084
14,6,20,0.4584957332891234
19,1,20,0.0008430403999525831
16,4,20,0.10570069866247125
12,8,20,0.27187611901531344
12,8,20,0.09331494238381467
9,11,20,NaN
13,7,20,0.022641636257990223
15,5,20,NaN
12,8,20,0.534054961478336
14,6,20,0.005057607326701362
14,6,20,0.045946027748132785
17,3,20,NaN
13,7,20,0.534054961478336
14,6,20,NaN
11,9,20,0.8617097556108892
12,8,20,0.5773495910338519
15,5,20,0.018562294028155926
9,11,20,0.022641636257990223
15,5,20,0.0013179445593967075
7,13,20,0.009708197960407164
15,5,20,0.2598990149452507
18,2,20,0.8429547747930012
16,4,20,NaN
14,6,20,0.534054961478336
14,6,20,0.12196444410581492
15,5,20,0.2811336952012275
12,8,20,0.0002459423264950338
16,4,20,0.5773495910338519
13,7,20,0.4869472780660612
17,3,20,0.0015001695971530982
9,11,20,0.39365820288251563
14,6,20,0.21283401647517744
18,2,20,0.4541352078557017
14,6,20,0.6629394266610144
10,10,20,0.6270327192116069
17,3,20,0.00227461371977045
17,3,20,0.02536421421143259
16,4,20,0.5056541084011934
17,3,20,9.288306254735474e-5
16,4,20,6.276332393856313e-6
16,4,20,NaN
18,2,20,NaN
8,12,20,0.019582362947367808
13,7,20,0.6383944387668825
12,8,20,0.5773495910338519
17,3,20,0.2701527756967449
16,4,20,0.7351022872357142
14,6,20,0.9127973194572108
14,6,20,NaN
11,9,20,NaN
15,5,20,0.4389759442456205
11,9,20,NaN
12,8,20,0.1693077881724804
10,10,20,0.6092144081708829
12,8,20,0.05295374443847441
17,3,20,0.8418168267177661
13,7,20,0.15839726554019218
13,7,20,0.002687125131724018
16,4,20,0.0010926589530716134
11,9,20,0.161264881038212
9,11,20,0.5773495910338519
13,7,20,0.6294812942187791
14,6,20,NaN
18,2,20,0.391493990649923
19,1,20,0.7842879526769774
17,3,20,0.7659187175498298
17,3,20,0.10762173316201708
12,8,20,0.8053310532878865
16,4,20,NaN
14,6,20,0.019413000008510182
10,10,20,0.4770332332130707
16,4,20,0.00035601661631126164
12,8,20,NaN
11,9,20,NaN
15,5,20,NaN
18,2,20,0.39464622595139676
16,4,20,0.0005358867667097031
18,2,20,0.06988872661807305
9,11,20,0.35163936320323114
11,9,20,0.4389759442456205
16,4,20,0.35163936320323114
13,7,20,0.012890431445965838
15,5,20,0.05295374443847441
18,2,20,0.7188057169525939
16,4,20,0.14080710657571024
17,3,20,0.8204795116931126
10,10,20,NaN
18,2,20,0.2228747875940001
14,6,20,0.029047618648067212
9,11,20,0.7351022872357142
13,7,20,0.0453218543565991
14,6,20,0.7751223578540856
10,10,20,0.06058247105517931
15,5,20,0.6629394266610144
16,4,20,0.4080797486391448
12,8,20,1.5754684554798253e-6
16,4,20,0.19164607667984646
13,7,20,0.8394060535951936
12,8,20,0.006344478254262107
18,2,20,0.03390128451140303
13,7,20,0.24299412154726827
13,7,20,0.10777546126974381
16,4,20,0.00045058508641276045
16,4,20,NaN
17,3,20,0.06982834342108897
13,7,20,0.4400077090791996
10,10,20,NaN
18,2,20,0.03468779084967369
10,10,20,NaN
16,4,20,NaN
15,5,20,0.011806237950297978
8,12,20,0.7529922418824272
15,5,20,0.7943141978951035
9,11,20,0.2915813915531111
12,8,20,0.007203791725018534
14,6,20,0.0007043109421442674
12,8,20,0.18561760226461765
12,8,20,0.05295374443847441
19,1,20,0.013595179396091573
19,1,20,0.7659187175498298
11,9,20,0.26498768947531093
15,5,20,0.6211047067208528
15,5,20,0.017162878215757606
17,3,20,0.9215971040081024
12,8,20,0.7943141978951035
10,10,20,0.7351022872357142
13,7,20,0.2770589453938832
12,8,20,0.2770589453938832
17,3,20,NaN
18,2,20,0.3147278493122561
8,12,20,0.3057816541399051
13,7,20,0.3537001903485088
15,5,20,0.3147278493122561
14,6,20,0.922483585895465
16,4,20,0.9097889372969507
16,4,20,0.7943141978951035
10,10,20,0.6289792301074335
15,5,20,NaN
12,8,20,0.5658556808588473
13,7,20,0.02329627184585329
15,5,20,9.19008627777182e-10
12,8,20,0.6730562951879014
9,11,20,0.9886670302743008
14,6,20,0.8617097556108892
18,2,20,0.03025847703180226
16,4,20,NaN
12,8,20,NaN
15,5,20,NaN
13,7,20,0.5930605701481655
13,7,20,NaN
15,5,20,0.1263440049225468
8,12,20,0.21746927652580472
12,8,20,0.4389759442456205
12,8,20,0.4389759442456205
14,6,20,0.4581991234357447
16,4,20,0.204756329954101
15,5,20,NaN
16,4,20,NaN
14,6,20,0.4389759442456205
13,7,20,0.022641636257990223
14,6,20,0.3711416743512997
16,4,20,0.17947309547001247
13,7,20,0.0011212462034124017
10,10,20,0.35600608284696245
17,3,20,0.6211047067208528
12,8,20,0.4869472780660612
11,9,20,0.9317797792898785
13,7,20,0.03973270879120916
18,2,20,0.8595985234181542
16,4,20,0.003526613806509083
13,7,20,0.45903405393228097
16,4,20,0.044157548936867894
9,11,20,NaN
14,6,20,NaN
18,2,20,0.6629394266610144
12,8,20,0.534054961478336
15,5,20,0.050741398673403396
13,7,20,0.0001936966375858315
16,4,20,0.045946027748132785
10,10,20,0.001851464381362323
13,7,20,0.03181842099493119
13,7,20,0.8617097556108892
17,3,20,NaN
15,5,20,0.6716678372530487
18,2,20,0.4572986290645654
9,11,20,0.39365820288251563
16,4,20,0.0037974886497443116
16,4,20,0.08115644780417555
13,7,20,0.18561760226461765
9,11,20,0.0297960724686276
9,11,20,0.2699428069038317
11,9,20,0.0918367794839533
10,10,20,0.751997803097459
13,7,20,0.35163936320323114
16,4,20,0.19586873389645038
12,8,20,0.35163936320323114
15,5,20,0.09666580186261813
13,7,20,0.9336743037628588
15,5,20,0.5808813602523217
15,5,20,0.6629394266610144
17,3,20,0.035509824938774505
16,4,20,0.4463194946335598
13,7,20,NaN
14,6,20,0.3202678435370539
12,8,20,5.083918494164281e-5
13,7,20,0.0005097601255855747
16,4,20,0.5773495910338519
12,8,20,0.03468779084967369
17,3,20,1.0108661479553314e-5
9,11,20,0.7424623650764653
13,7,20,NaN
12,8,20,3.5010584194285227e-10
11,9,20,0.6108999997325166
15,5,20,0.534054961478336
17,3,20,0.0005000095505376304
18,2,20,NaN
9,11,20,0.015464799758816957
8,12,20,0.534054961478336
10,10,20,NaN
10,10,20,0.458621761314087
14,6,20,0.2770589453938832
16,4,20,0.8418168267177661
15,5,20,0.8791469822960243
13,7,20,0.7008553584305408
14,6,20,0.8949950374154003
12,8,20,0.06390768201100173
7,13,20,0.18561760226461765
14,6,20,NaN
16,4,20,0.03486945785786532
12,8,20,0.8204795116931126
16,4,20,0.48308819632368477
11,9,20,0.8418168267177661
11,9,20,NaN
9,11,20,NaN
14,6,20,0.05703832467268293
17,3,20,0.534054961478336
10,10,20,0.8204795116931126
13,7,20,0.7943141978951035
19,1,20,2.777255047444765e-7
11,9,20,0.09331494238381467
13,7,20,0.18941105714929923
17,3,20,0.2804902409054183
13,7,20,0.9097889372969507
16,4,20,0.14073517769549806
12,8,20,0.4869472780660612
14,6,20,NaN
14,6,20,0.8204795116931126
17,3,20,0.21130430004994225
14,6,20,0.973682816002277
16,4,20,0.5773495910338519
11,9,20,0.9185624794231847
15,5,20,0.0018059452707486158
12,8,20,0.019885427373766782
17,3,20,0.5321419910916327
11,9,20,0.3147278493122561
12,8,20,0.004942181466099824
13,7,20,0.4072296758382856
18,2,20,0.8204795116931126
15,5,20,0.39365820288251563
15,5,20,NaN
12,8,20,0.6629394266610144
13,7,20,0.016352394412106192
13,7,20,0.0665351854594319
14,6,20,0.3323651894219759
15,5,20,0.1685770724783867
13,7,20,0.35163936320323114
13,7,20,0.7008553584305408
8,12,20,0.3147278493122561
15,5,20,0.3608194165692876
13,7,20,0.09331494238381467
12,8,20,0.161264881038212
18,2,20,0.922483585895465
15,5,20,0.9131039566109892
4,16,20,0.6211047067208528
12,8,20,0.026295674582926767
14,6,20,0.12196444410581492
13,7,20,0.9783672028949134
13,7,20,0.27616249731516485
11,9,20,0.3147278493122561
10,10,20,0.4869472780660612
15,5,20,0.7659187175498298
13,7,20,NaN
12,8,20,0.15770909757993323
8,12,20,NaN
15,5,20,0.08312650579588803
13,7,20,NaN
11,9,20,0.6937338877101215
12,8,20,0.24106797308530656
16,4,20,0.8791469822960243
16,4,20,0.001366518856823374
13,7,20,NaN
14,6,20,0.6629394266610144
13,7,20,NaN
14,6,20,0.8204795116931126
18,2,20,NaN
17,3,20,0.21682531606789085
12,8,20,0.06988872661807305
15,5,20,NaN
13,7,20,0.9336743037628588
10,10,20,NaN
12,8,20,0.6629394266610144
13,7,20,NaN
11,9,20,0.08211903913437503
15,5,20,0.011625908468073121
12,8,20,0.8418168267177661
11,9,20,0.011625908468073121
10,10,20,NaN
12,8,20,0.14080710657571024
15,5,20,0.10644627622097674
15,5,20,0.7351022872357142
14,6,20,NaN
13,7,20,0.7943141978951035
15,5,20,0.05831619108308864
10,10,20,0.7943141978951035
10,10,20,0.08173625970638693
14,6,20,0.922483585895465
14,6,20,0.06054594560456694
17,3,20,0.573050929871107
8,12,20,0.6211047067208528
15,5,20,0.4389759442456205
12,8,20,0.15865650484234076
9,11,20,0.5773495910338519
14,6,20,0.045946027748132785
13,7,20,0.7943141978951035
14,6,20,0.39365820288251563
13,7,20,0.18561760226461765
13,7,20,0.4869472780660612
14,6,20,0.12196444410581492
13,7,20,0.06203928216318488
14,6,20,0.6629394266610144
15,5,20,NaN
13,7,20,NaN
10,10,20,0.41736904662660274
16,4,20,0.03025847703180226
13,7,20,0.25990850867455345
10,10,20,NaN
12,8,20,0.5482162041037917
15,5,20,0.06058247105517931
12,8,20,0.6727979769795891
12,8,20,0.35163936320323114
10,10,20,0.04258516907530649
13,7,20,0.12984309095184327
13,7,20,0.05295374443847441
11,9,20,0.3147278493122561
9,11,20,0.06058247105517931
13,7,20,0.4869472780660612
16,4,20,0.14080710657571024
7,13,20,0.4869472780660612
13,7,20,0.14080710657571024
13,7,20,0.9097889372969507
15,5,20,0.6657755243819978
9,11,20,NaN
12,8,20,0.0453218543565991
14,6,20,0.37368834220367314
16,4,20,0.20928991907455943
15,5,20,0.39365820288251563
14,6,20,NaN
14,6,20,0.03877043423051386
16,4,20,0.534054961478336
13,7,20,0.4869472780660612
14,6,20,NaN
9,11,20,0.03845319444838563
14,6,20,0.5826292651157386
11,9,20,0.7088708373484851
15,5,20,0.7692179258650109
11,9,20,0.8204795116931126
14,6,20,0.5612315460861541
8,12,20,NaN
17,3,20,0.6644146315971413
13,7,20,0.8029982712614788
16,4,20,0.8924153381807747
12,8,20,0.36959257766905407
13,7,20,NaN
9,11,20,0.5773495910338519
17,3,20,0.2572925136693758
11,9,20,0.1582479713853901
9,11,20,0.4357084276605513
16,4,20,0.24299412154726827
11,9,20,0.02566654050462032
10,10,20,0.24299412154726827
9,11,20,NaN
12,8,20,0.12196444410581492
5,15,20,NaN
1,19,20,NaN
14,5,19,0.08115644780417555
13,6,19,NaN
14,5,19,0.8600842695345581
13,6,19,NaN
15,4,19,0.14080710657571024
12,7,19,0.038192059489052466
11,8,19,0.9307942035935882
11,8,19,NaN
11,8,19,0.04963071975887183
9,10,19,0.02729859940952053
11,8,19,0.7437664731845126
12,7,19,0.06058247105517931
10,9,19,0.7125519985208479
12,7,19,0.5074126719839351
11,8,19,0.022641636257990223
8,11,19,0.3469569207394677
14,5,19,0.01805880486082697
10,9,19,NaN
13,6,19,0.41093031083833753
14,5,19,0.18561760226461765
13,6,19,0.3147278493122561
14,5,19,0.4869472780660612
14,5,19,0.09331494238381467
16,3,19,0.4389759442456205
14,5,19,0.72052375733094
10,9,19,0.0017787052652705193
15,4,19,0.011625908468073121
14,5,19,0.7970650442331396
13,6,19,NaN
12,7,19,NaN
14,5,19,0.6629394266610144
14,5,19,0.05465683275204276
13,6,19,0.5370391776875331
13,6,19,0.14080710657571024
16,3,19,0.08115644780417555
8,11,19,0.6211047067208528
15,4,19,0.5208172689929056
11,8,19,0.6065220420168053
13,6,19,0.39365820288251563
12,7,19,0.4500735296922059
10,9,19,NaN
18,1,19,0.2770589453938832
9,10,19,0.7206370700902589
13,6,19,0.35163936320323114
12,7,19,0.00020829796023181924
12,7,19,NaN
10,9,19,0.13131488489199455
13,6,19,0.7351022872357142
13,6,19,0.28831858800050447
10,9,19,0.35163936320323114
15,4,19,0.5299817961731534
9,10,19,0.5511893178666042
13,6,19,0.23755182801699845
11,8,19,0.47905042547629434
11,8,19,NaN
17,2,19,0.0005653371341078144
10,9,19,0.4310700291468513
14,5,19,0.39365820288251563
18,1,19,0.42359090133642285
12,7,19,0.03382402996563314
18,1,19,0.1450477724603556
12,7,19,0.18561760226461765
10,9,19,7.956776594767563e-9
13,6,19,0.9185811047467078
13,6,19,NaN
10,9,19,0.08400606700080819
11,8,19,0.3420830680145371
12,7,19,0.2770589453938832
10,9,19,NaN
7,12,19,0.33444683265217007
10,9,19,0.8204795116931126
13,6,19,6.165574873894922e-5
16,3,19,9.545701860931147e-16
13,6,19,0.8418168267177661
11,8,19,0.8791469822960243
8,11,19,0.2513489220337205
12,7,19,NaN
15,4,19,0.4349598562938944
13,6,19,0.009708197960407164
15,4,19,0.2783230055886928
13,6,19,0.1835655872323737
15,4,19,2.0196127084070238e-5
17,2,19,0.39365820288251563
16,3,19,0.9190061624606286
13,6,19,0.09327122726387042
9,10,19,0.534054961478336
14,5,19,0.10644627622097674
17,2,19,0.17430411032813364
11,8,19,0.045946027748132785
16,3,19,0.8617097556108892
11,8,19,0.02393939649648019
15,4,19,0.21708422708834035
16,3,19,0.8617097556108892
10,9,19,NaN
14,5,19,0.21395042578515408
16,3,19,0.2791973974243575
14,5,19,0.7684045575706676
14,5,19,0.9749834651108517
16,3,19,0.013584695640948361
15,4,19,0.6629394266610144
15,4,19,0.11671944219413456
14,5,19,0.20419713508934273
17,2,19,0.45885943191873046
8,11,19,0.10644627622097674
11,8,19,NaN
16,3,19,0.8791469822960243
9,10,19,0.8204795116931126
16,3,19,0.045946027748132785
8,11,19,0.7008553584305408
12,7,19,0.045946027748132785
14,5,19,NaN
12,7,19,NaN
15,4,19,0.4869472780660612
12,7,19,0.18380677137059717
17,2,19,0.005100602238806189
18,1,19,NaN
14,5,19,8.490089524683643e-7
16,3,19,0.5773495910338519
11,8,19,0.8418168267177661
12,7,19,0.24299412154726827
18,1,19,0.5624190893075987
13,6,19,0.3971323967645095
16,3,19,0.14080710657571024
16,3,19,0.7511589307488591
12,7,19,0.3147278493122561
14,5,19,0.02744826119078516
12,7,19,0.7008553584305408
12,7,19,NaN
14,5,19,NaN
12,7,19,0.161264881038212
11,8,19,0.09855817328425676
11,8,19,0.6629394266610144
18,1,19,0.9444012070806406
11,8,19,5.660306303726207e-17
11,8,19,0.9444012070806406
16,3,19,0.9408510421614751
15,4,19,0.39365820288251563
13,6,19,0.3147278493122561
14,5,19,0.2770589453938832
9,10,19,0.39365820288251563
16,3,19,0.21490950053515423
14,5,19,0.6211047067208528
16,3,19,0.026017716639135085
15,4,19,0.04834383782959535
16,3,19,NaN
8,11,19,NaN
11,8,19,NaN
15,4,19,0.7008553584305408
9,10,19,0.8204795116931126
15,4,19,0.5086625676597156
12,7,19,4.893113723460606e-7
15,4,19,0.007908880972655893
11,8,19,NaN
10,9,19,NaN
17,2,19,0.09331494238381467
15,4,19,0.00042662529429440203
16,3,19,NaN
17,2,19,0.29258026723590735
9,10,19,NaN
17,2,19,0.7955803340324148
19,0,19,0.6211047067208528
11,8,19,0.010844466522709534
15,4,19,NaN
13,6,19,0.05600458539496626
14,5,19,0.7599112622518133
17,2,19,0.01974744846386414
10,9,19,0.5557933172031888
16,3,19,8.666732431225929e-5
14,5,19,0.6211047067208528
12,7,19,0.35163936320323114
13,6,19,4.971797892202514e-5
7,12,19,0.1539638952803468
17,2,19,0.4619125744206351
10,9,19,0.6211047067208528
12,7,19,0.5967406945174801
13,6,19,NaN
8,11,19,0.007526607238093863
14,5,19,0.01957866122722111
12,7,19,0.7362435391116359
16,3,19,0.09353688312259788
19,0,19,0.013584695640948361
9,10,19,0.5740971218021106
10,9,19,0.2770589453938832
16,3,19,0.2770589453938832
16,3,19,0.7008553584305408
14,5,19,0.015490759464877874
12,7,19,0.161264881038212
11,8,19,NaN
11,8,19,0.4537606653289016
12,7,19,0.3147278493122561
14,5,19,0.02611284212389445
18,1,19,0.8418168267177661
16,3,19,0.6629394266610144
8,11,19,0.000518916405910454
18,1,19,0.02039864223238967
10,9,19,0.03025847703180226
14,5,19,0.6211047067208528
17,2,19,0.0037289919791011904
8,11,19,0.35163936320323114
15,4,19,0.5388711130394107
15,4,19,0.03845612483019331
19,0,19,0.534054961478336
12,7,19,NaN
19,0,19,7.96084286488449e-5
14,5,19,NaN
13,6,19,0.4389759442456205
12,7,19,0.0654292318387745
13,6,19,NaN
13,6,19,0.9460727687119183
12,7,19,0.4869472780660612
15,4,19,0.08803487048171943
14,5,19,0.35163936320323114
12,7,19,0.24299412154726827
12,7,19,0.8269265105013369
13,6,19,0.24299412154726827
14,5,19,0.2770589453938832
11,8,19,0.0025644290010239084
10,9,19,0.9749834651108517
16,3,19,NaN
15,4,19,0.9350438486886468
13,6,19,0.6321026422651541
15,4,19,NaN
11,8,19,0.30006037093063037
17,2,19,0.2770589453938832
11,8,19,0.9413395326560872
15,4,19,0.6629394266610144
14,5,19,0.0031063196187324157
13,6,19,0.6361419358702586
16,3,19,0.6211047067208528
11,8,19,0.9097889372969507
15,4,19,NaN
10,9,19,0.7943141978951035
12,7,19,0.8791469822960243
8,11,19,0.027014468767314538
13,6,19,0.8617097556108892
12,7,19,0.06058247105517931
15,4,19,0.9799588626550771
17,2,19,0.14492385089875112
10,9,19,0.6211047067208528
11,8,19,0.35163936320323114
10,9,19,0.541391297941341
13,6,19,0.6869245844234979
15,4,19,0.008562567501741709
13,6,19,0.36959257766905407
11,8,19,0.7511589307488591
19,0,19,1.2988517403750156e-5
11,8,19,1.0352056673769318e-9
15,4,19,0.7008553584305408
17,2,19,NaN
13,6,19,0.35163936320323114
11,8,19,0.02202254088447591
15,4,19,0.03468779084967369
15,4,19,0.013595179396091573
17,2,19,0.040191757746828705
11,8,19,0.02611284212389445
12,7,19,0.9690207992381747
18,1,19,0.06985422508138914
12,7,19,0.2377671807522953
15,4,19,NaN
17,2,19,NaN
11,8,19,0.01987315418734652
17,2,19,0.049089469672124894
9,10,19,0.18561760226461765
13,6,19,0.35163936320323114
18,1,19,0.6924011358753125
14,5,19,0.017130411135922088
14,5,19,NaN
13,6,19,0.06633458454954033
12,7,19,0.8204795116931126
13,6,19,0.045946027748132785
12,7,19,NaN
13,6,19,0.10644627622097674
16,3,19,0.12868149757228856
12,7,19,0.7008553584305408
13,6,19,0.4389759442456205
14,5,19,0.33749854931437717
12,7,19,0.0033018008843801266
12,7,19,0.4191313704483155
5,14,19,NaN
15,4,19,0.07485920915830903
13,6,19,0.8617097556108892
7,12,19,0.4564515860336037
16,3,19,NaN
16,3,19,NaN
11,8,19,0.21187913375295056
15,4,19,0.7331237019665784
13,6,19,NaN
14,5,19,0.0006215823834623923
14,5,19,0.007827960273527267
11,8,19,0.44323444065541057
15,4,19,0.2770589453938832
12,7,19,0.3864896500598819
13,6,19,0.7008553584305408
13,6,19,0.30728168715621196
12,7,19,0.11406515607463821
11,8,19,6.9468552388424215e-12
14,5,19,0.702572769900052
13,6,19,0.5773495910338519
8,11,19,NaN
12,7,19,0.7351022872357142
6,13,19,NaN
10,9,19,0.4412293705556693
13,6,19,0.14395684743131962
13,6,19,0.6629394266610144
13,6,19,0.012528565690886978
14,5,19,0.003757525083694826
13,6,19,0.6333586749217408
19,0,19,0.4389759442456205
17,2,19,0.8504813652143813
10,9,19,0.4869472780660612
12,7,19,0.7322609943863844
13,6,19,0.03973270879120916
12,7,19,NaN
12,7,19,NaN
17,2,19,NaN
15,4,19,NaN
10,9,19,NaN
12,7,19,0.8617097556108892
14,5,19,0.6928924298259402
15,4,19,0.022641636257990223
14,5,19,0.10644627622097674
14,5,19,NaN
9,10,19,0.7321716628113829
15,4,19,0.045946027748132785
12,7,19,0.2770589453938832
16,3,19,0.18643931631329225
13,6,19,0.09573768412811594
12,7,19,0.4869472780660612
9,10,19,0.045946027748132785
14,5,19,0.8198308034724631
14,5,19,0.18561760226461765
10,9,19,NaN
17,2,19,0.3160960017010131
13,6,19,0.8617097556108892
12,7,19,0.022641636257990223
8,11,19,0.30640233601525574
14,5,19,0.527033699460646
12,7,19,NaN
11,8,19,0.12678677359781426
11,8,19,0.7127108861047162
8,11,19,0.8340691952868129
12,7,19,0.8204795116931126
14,5,19,0.9534911290835386
10,9,19,0.03973270879120916
18,1,19,NaN
13,6,19,0.045946027748132785
13,6,19,0.9444012070806406
16,3,19,0.20848937850705576
14,5,19,0.962032138983051
9,10,19,0.8286953672056603
16,3,19,0.35831165527842
10,9,19,0.14080710657571024
15,4,19,0.026321497156916465
13,6,19,0.0033013670264823974
10,9,19,NaN
14,5,19,0.0022512320650247006
13,6,19,0.25990850867455345
15,4,19,0.020566764512119085
11,8,19,0.9444012070806406
10,9,19,0.5773495910338519
17,2,19,0.3147278493122561
13,6,19,0.10644627622097674
13,6,19,0.18561760226461765
11,8,19,0.3716685756524492
15,4,19,0.7659187175498298
14,5,19,0.18561760226461765
16,3,19,0.6629394266610144
12,7,19,0.019582362947367808
15,4,19,0.5019954073651849
14,5,19,0.534054961478336
14,5,19,0.3226944749607946
10,9,19,0.33219274719584624
11,8,19,0.4869472780660612
5,14,19,0.0023177610332803075
10,9,19,0.6211047067208528
9,10,19,0.6713148606042852
13,6,19,0.0015724184797251996
14,5,19,0.7529777953011402
10,9,19,0.22663646407110755
13,6,19,0.7173282754632971
15,4,19,0.256838596961887
15,4,19,0.4869472780660612
15,4,19,0.8418168267177661
11,8,19,0.3470859344269743
9,10,19,0.6815298089118113
12,7,19,0.002144739130434723
18,1,19,0.11487452290165882
14,5,19,0.7812083825680031
11,8,19,0.751997803097459
14,5,19,0.6211047067208528
13,6,19,0.8204795116931126
16,3,19,0.7943141978951035
12,7,19,0.18561760226461765
10,9,19,0.8418168267177661
15,4,19,0.0007622891545541707
10,9,19,NaN
11,8,19,0.4363123380656674
11,8,19,0.3103570680766021
8,11,19,0.03973270879120916
13,6,19,0.4869472780660612
17,2,19,0.8309234468965002
13,6,19,0.001941216469384327
15,4,19,NaN
11,8,19,0.6120355188897478
15,4,19,NaN
14,5,19,0.24299412154726827
10,9,19,NaN
13,6,19,NaN
12,7,19,NaN
13,6,19,0.34065767366512034
6,13,19,0.3147278493122561
14,5,19,0.4869472780660612
11,8,19,0.4322517087959259
16,3,19,0.6211047067208528
14,5,19,0.3147278493122561
15,4,19,0.3147278493122561
7,12,19,0.4912513396111738
14,5,19,0.0009819531753788135
7,12,19,NaN
11,8,19,0.4869472780660612
10,9,19,0.33444683265217007
13,6,19,0.3591611343992021
11,8,19,0.336293140663665
10,9,19,0.12196444410581492
13,6,19,0.31603071707292774
10,9,19,0.2770589453938832
16,3,19,NaN
9,10,19,0.5053536332083965
14,5,19,0.14080710657571024
11,8,19,NaN
7,12,19,0.14985001062912598
9,10,19,0.204756329954101
10,9,19,0.2011849747806494
14,5,19,0.0001347625902924206
11,8,19,0.004072793580479668
6,13,19,0.6211047067208528
10,9,19,NaN
12,7,19,0.07460800400115163
11,8,19,NaN
1,18,19,NaN
12,6,18,0.14080710657571024
10,8,18,0.8617097556108892
13,5,18,0.4869472780660612
13,5,18,0.9633257639343179
13,5,18,NaN
12,6,18,0.10644627622097674
15,3,18,0.06022891381894695
14,4,18,0.8204795116931126
14,4,18,0.26757470214204276
9,9,18,0.3147278493122561
14,4,18,NaN
14,4,18,NaN
13,5,18,0.042854154073942066
16,2,18,0.41514553023001116
13,5,18,NaN
14,4,18,0.4584957332891234
14,4,18,0.14080710657571024
12,6,18,0.4869472780660612
12,6,18,0.9441079695081328
13,5,18,0.4389759442456205
10,8,18,0.1789386669067468
15,3,18,0.06488298464458234
11,7,18,0.21187913375295056
14,4,18,0.26823189417688936
16,2,18,0.4869472780660612
14,4,18,0.7478500924108313
16,2,18,0.12196444410581492
15,3,18,0.05779667151866751
14,4,18,0.12646626475446823
10,8,18,0.6629394266610144
13,5,18,0.4389759442456205
13,5,18,0.35163936320323114
15,3,18,0.8617097556108892
13,5,18,0.005100602238806189
11,7,18,0.08115644780417555
14,4,18,0.002950601277929661
11,7,18,0.5242731013189563
12,6,18,NaN
9,9,18,0.39365820288251563
12,6,18,NaN
9,9,18,0.003442105670104662
12,6,18,0.6211047067208528
11,7,18,0.8617097556108892
15,3,18,0.8969573738638359
12,6,18,NaN
10,8,18,0.8131908592957368
13,5,18,0.053081362499978926
16,2,18,NaN
10,8,18,0.7015081256899595
12,6,18,2.018205309082696e-17
14,4,18,0.38013133161544926
14,4,18,0.2770589453938832
9,9,18,0.8844779935634738
17,1,18,0.05345437248146011
13,5,18,NaN
11,7,18,0.10644627622097674
15,3,18,NaN
7,11,18,0.9534911290835386
15,3,18,0.32913164600628564
10,8,18,NaN
13,5,18,0.7081165133472421
13,5,18,0.2770589453938832
11,7,18,0.7659187175498298
11,7,18,0.7943141978951035
8,10,18,0.8418168267177661
14,4,18,0.5448498581440563
13,5,18,0.8791469822960243
16,2,18,0.8949950374154003
11,7,18,NaN
9,9,18,0.8949950374154003
15,3,18,0.004670959104434412
15,3,18,NaN
11,7,18,0.10644627622097674
10,8,18,0.0037719326180454668
13,5,18,0.19586873389645038
11,7,18,NaN
16,2,18,0.4389759442456205
17,1,18,0.4869472780660612
12,6,18,0.6629394266610144
14,4,18,0.22051247021144416
17,1,18,0.5737827491764148
13,5,18,0.7351022872357142
16,2,18,NaN
10,8,18,0.06058247105517931
12,6,18,NaN
12,6,18,0.023132414682228514
13,5,18,NaN
13,5,18,0.0038013339455899684
13,5,18,0.45885943191873046
13,5,18,0.18561760226461765
16,2,18,0.6629394266610144
18,0,18,0.6430003989484221
16,2,18,0.23502759029894102
14,4,18,0.3130265739516665
7,11,18,NaN
13,5,18,0.4869472780660612
11,7,18,0.8864296783639334
10,8,18,NaN
12,6,18,0.14080710657571024
12,6,18,0.6629394266610144
17,1,18,0.12196444410581492
15,3,18,0.10644627622097674
15,3,18,0.7659187175498298
16,2,18,0.1022683109786813
15,3,18,0.5768815593809412
11,7,18,NaN
11,7,18,0.022641636257990223
14,4,18,0.09791864788195274
9,9,18,NaN
16,2,18,0.161264881038212
12,6,18,0.0030230743710346693
14,4,18,0.0021231954535966655
14,4,18,0.6713148606042852
13,5,18,0.4504191294803041
12,6,18,0.34882582664394607
16,2,18,0.45338048693859656
12,6,18,0.161264881038212
10,8,18,0.6211047067208528
10,8,18,0.8949950374154003
12,6,18,0.9550421159677569
7,11,18,0.2770589453938832
13,5,18,NaN
16,2,18,0.7351022872357142
15,3,18,0.3318464990290132
12,6,18,0.39704602526603777
14,4,18,0.0027167830431163885
8,10,18,0.06988872661807305
10,8,18,0.14742968074943327
17,1,18,NaN
9,9,18,NaN
15,3,18,0.8791469822960243
14,4,18,0.534054961478336
11,7,18,0.37815637614042613
14,4,18,0.8791469822960243
12,6,18,8.702793359312713e-6
14,4,18,NaN
9,9,18,0.7943141978951035
17,1,18,0.8123841922732513
14,4,18,0.06988872661807305
13,5,18,NaN
15,3,18,0.18973496693929295
15,3,18,0.7351022872357142
14,4,18,0.020917431402639356
14,4,18,0.534054961478336
14,4,18,0.7008553584305408
11,7,18,0.8425664703786515
13,5,18,NaN
13,5,18,0.8617097556108892
15,3,18,0.7778624643784646
16,2,18,0.7778624643784646
13,5,18,NaN
16,2,18,0.12196444410581492
10,8,18,0.8617097556108892
15,3,18,NaN
13,5,18,0.00019785177384835123
11,7,18,0.24299412154726827
13,5,18,0.8949950374154003
11,7,18,0.24299412154726827
9,9,18,NaN
13,5,18,NaN
13,5,18,0.7639518006752107
15,3,18,0.032582612034687
16,2,18,0.534054961478336
11,7,18,NaN
14,4,18,NaN
16,2,18,0.4389759442456205
15,3,18,0.24299412154726827
8,10,18,NaN
12,6,18,0.4899041565315155
10,8,18,0.04470578578971025
11,7,18,0.7351022872357142
14,4,18,0.8204795116931126
15,3,18,0.8370751080502961
10,8,18,0.7717293413456501
13,5,18,NaN
11,7,18,0.39365820288251563
14,4,18,0.6211047067208528
10,8,18,0.9127274549972818
10,8,18,0.6185196902124115
13,5,18,0.6069199163567861
11,7,18,NaN
11,7,18,0.4360423136420149
12,6,18,0.7659187175498298
8,10,18,0.161264881038212
11,7,18,0.03786684630740569
12,6,18,0.20825479761707477
9,9,18,0.7008553584305408
8,10,18,0.9158150508975211
14,4,18,NaN
15,3,18,0.09331494238381467
12,6,18,NaN
12,6,18,0.0017848954938891389
13,5,18,0.4439154280765137
14,4,18,0.8204795116931126
16,2,18,NaN
15,3,18,0.022641636257990223
12,6,18,0.07993411417738988
9,9,18,0.1934606418545541
10,8,18,0.017088759633367753
15,3,18,0.21748697878657633
13,5,18,3.822281724955419e-11
15,3,18,0.14080710657571024
11,7,18,0.47938291621287304
12,6,18,NaN
13,5,18,0.24299412154726827
12,6,18,0.037558534207628134
14,4,18,0.12196444410581492
9,9,18,0.12196444410581492
10,8,18,0.5142227044376345
13,5,18,0.801374776455204
8,10,18,0.2770589453938832
13,5,18,0.47798406029595225
15,3,18,0.7008553584305408
15,3,18,0.9690207992381747
15,3,18,0.35163936320323114
10,8,18,NaN
14,4,18,0.2770589453938832
13,5,18,0.8791469822960243
13,5,18,0.9799588626550771
11,7,18,0.15365194615019578
13,5,18,0.0661330024587312
18,0,18,0.37139821898230496
11,7,18,0.4564515860336037
15,3,18,0.7943141978951035
14,4,18,0.8617097556108892
17,1,18,0.0171712270132219
14,4,18,0.19188011019131884
10,8,18,0.005919664369755246
15,3,18,0.05589840063741304
12,6,18,0.5773495910338519
13,5,18,0.1812366395759345
14,4,18,0.056405144673384575
11,7,18,0.978572770827927
14,4,18,0.7943141978951035
8,10,18,0.21187913375295056
17,1,18,0.06724939251790393
11,7,18,0.8949950374154003
14,4,18,NaN
7,11,18,0.4495275132267969
14,4,18,0.011625908468073121
13,5,18,0.36408720912680725
11,7,18,0.14080710657571024
12,6,18,0.7943141978951035
10,8,18,NaN
8,10,18,0.22644077940158927
11,7,18,0.0005925313522539429
15,3,18,0.18561760226461765
15,3,18,0.9498852581524714
13,5,18,0.24299412154726827
12,6,18,0.02019238254130099
12,6,18,4.499811635674678e-7
9,9,18,NaN
11,7,18,0.4045505539129416
13,5,18,0.1450477724603556
14,4,18,0.6629394266610144
14,4,18,NaN
17,1,18,0.8791469822960243
12,6,18,4.127828741780552e-5
10,8,18,0.534054961478336
13,5,18,0.6446685502974845
12,6,18,0.10644627622097674
15,3,18,0.6629394266610144
11,7,18,0.21187913375295056
15,3,18,0.025448336988473513
10,8,18,NaN
14,4,18,0.8617097556108892
13,5,18,0.5211613226629902
13,5,18,0.3261046852323083
12,6,18,NaN
17,1,18,NaN
12,6,18,0.161264881038212
15,3,18,0.5056865586172419
10,8,18,0.39365820288251563
13,5,18,0.8949950374154003
11,7,18,NaN
12,6,18,0.4869472780660612
14,4,18,NaN
8,10,18,NaN
9,9,18,0.4869472780660612
10,8,18,NaN
10,8,18,0.5122604971793715
14,4,18,NaN
14,4,18,0.3147278493122561
13,5,18,0.534054961478336
9,9,18,0.8204795116931126
15,3,18,NaN
17,1,18,0.29984952155407135
18,0,18,0.00013615424609687707
12,6,18,0.7659187175498298
13,5,18,NaN
13,5,18,0.3147278493122561
9,9,18,0.1960441599421445
11,7,18,5.951895024972801e-6
11,7,18,0.0005659372039789398
14,4,18,0.08823670369584499
15,3,18,0.7351022872357142
15,3,18,0.11121545874270854
14,4,18,0.7351022872357142
12,6,18,0.534054961478336
10,8,18,NaN
13,5,18,NaN
9,9,18,0.7943141978951035
12,6,18,0.06601885080425786
16,2,18,0.9097889372969507
13,5,18,0.18561760226461765
13,5,18,0.8292410308215455
12,6,18,0.6629394266610144
13,5,18,0.06781806603873601
9,9,18,0.019554055825999873
9,9,18,0.4389759442456205
14,4,18,8.961973261939855e-7
13,5,18,0.2770589453938832
7,11,18,0.4278811768978183
10,8,18,0.867169084156056
13,5,18,0.35163936320323114
13,5,18,0.2175130159636752
11,7,18,0.8473632970824033
5,13,18,5.169846534855451e-7
11,7,18,0.161264881038212
13,5,18,0.161264881038212
12,6,18,0.9749834651108517
15,3,18,0.9336743037628588
17,1,18,0.3577719474031233
14,4,18,0.2238410187124574
14,4,18,0.7351022872357142
8,10,18,0.3987569504182374
15,3,18,0.4372563210436522
10,8,18,NaN
11,7,18,0.3777498586123653
15,3,18,2.885990962024573e-5
17,1,18,0.18561760226461765
16,2,18,0.1022683109786813
14,4,18,0.8617097556108892
13,5,18,0.022948976673225343
8,10,18,4.894196203125461e-13
13,5,18,0.6211047067208528
9,9,18,0.04298226033771461
15,3,18,0.8101541009798807
15,3,18,0.1263440049225468
13,5,18,0.7572550614342746
14,4,18,0.35163936320323114
10,8,18,0.06147081611628614
11,7,18,0.649285109730448
13,5,18,0.4584457217856004
14,4,18,0.02323597671314239
14,4,18,0.33519552890187765
8,10,18,0.6570187020416813
5,13,18,NaN
13,5,18,0.17189372080722157
14,4,18,0.8452759028441256
7,11,18,2.902053626870017e-6
12,6,18,0.7008553584305408
9,9,18,0.4389759442456205
16,2,18,0.0009644003981254773
16,2,18,NaN
12,6,18,0.02967816830966861
16,2,18,NaN
13,5,18,0.7943141978951035
11,7,18,NaN
11,7,18,0.0016212684768344735
9,9,18,0.03025847703180226
11,7,18,0.9749834651108517
11,7,18,0.6211047067208528
17,1,18,0.24299412154726827
12,6,18,0.25896520357730235
10,8,18,0.35163936320323114
15,3,18,NaN
10,8,18,0.7663583757043315
12,6,18,0.5773495910338519
16,2,18,0.2770589453938832
12,6,18,0.04730618677271271
8,10,18,0.5773495910338519
11,7,18,0.5930605701481655
7,11,18,0.20518627888778335
7,11,18,0.877080648498839
14,4,18,0.03129529511988888
12,6,18,0.3395141132583721
12,6,18,0.8268493566391029
13,5,18,0.2770589453938832
6,12,18,0.161264881038212
12,6,18,NaN
13,5,18,0.21187913375295056
15,3,18,0.6181124193728761
9,9,18,0.9222265304059576
6,12,18,0.5548167140659116
9,9,18,0.04470578578971025
14,4,18,0.6304665473686122
14,4,18,0.534054961478336
12,6,18,0.6629394266610144
14,4,18,0.0034882726852733595
11,7,18,0.7008553584305408
13,5,18,0.7351022872357142
3,15,18,NaN
5,13,18,0.3865048930536215
16,2,18,0.908884201870921
13,5,18,1.7617691761163808e-5
9,9,18,0.4277236314453552
10,8,18,NaN
12,6,18,1.6559398121027082e-15
12,6,18,0.8204795116931126
10,8,18,0.07041803706521456
12,6,18,0.922483585895465
12,6,18,NaN
15,3,18,0.09331494238381467
9,9,18,0.7659187175498298
12,6,18,0.9845924478014567
9,9,18,0.24299412154726827
9,9,18,NaN
11,7,18,0.019737605324654173
11,7,18,0.962032138983051
15,3,18,0.00234414791019094
7,11,18,0.06988872661807305
7,11,18,0.3021857899155744
11,7,18,0.011625908468073121
8,10,18,NaN
8,10,18,0.4389759442456205
11,7,18,0.07803407266916362
11,7,18,0.00021853286700282057
12,6,18,0.922483585895465
13,5,18,NaN
10,8,18,0.23308611721621128
11,7,18,0.002254789422045526
14,4,18,0.7351022872357142
9,9,18,0.7861863906515791
9,9,18,NaN
15,3,18,0.534054961478336
12,6,18,0.06719847750296852
14,4,18,0.14080710657571024
11,7,18,0.01282939837581485
16,2,18,0.6629394266610144
13,5,18,0.7943141978951035
9,9,18,NaN
11,7,18,0.39365820288251563
14,4,18,0.08705099889557162
13,5,18,NaN
11,7,18,0.12196444410581492
13,5,18,0.10148772674921484
11,7,18,0.21187913375295056
9,9,18,0.31031428097030583
13,5,18,0.6211047067208528
6,12,18,NaN
13,5,18,2.561741122035514e-15
7,11,18,0.9215971040081024
13,5,18,0.013930664919512137
10,8,18,0.9886670302743008
10,8,18,NaN
13,5,18,0.9749834651108517
11,7,18,0.04525271756854329
12,6,18,NaN
12,6,18,0.840434121971327
8,10,18,NaN
11,7,18,0.2770589453938832
7,11,18,0.22663646407110755
7,11,18,0.10511159239539249
12,6,18,0.0072330026911682456
10,8,18,0.5627152197699155
9,9,18,0.9749834651108517
8,10,18,0.7778624643784646
10,8,18,0.9528766184323615
14,4,18,0.5773495910338519
12,6,18,0.0003158046439179911
15,3,18,0.21365415163132023
7,11,18,0.10644627622097674
15,3,18,0.7785161041160571
7,11,18,0.2770589453938832
13,5,18,0.7943141978951035
11,7,18,0.19645294090630752
13,5,18,0.9263607231923204
11,7,18,0.02492891836476929
11,7,18,0.4389759442456205
17,1,18,0.8706604604944679
17,1,18,0.10644627622097674
11,7,18,0.05058109518788236
12,6,18,0.07152200448004481
12,6,18,NaN
12,6,18,0.6629394266610144
16,2,18,0.24299412154726827
8,10,18,NaN
13,5,18,0.7351022872357142
9,9,18,0.6624664906720489
10,8,18,0.17947309547001247
11,7,18,0.11826634593736456
11,7,18,0.0004994850612148451
13,5,18,0.12747075101832725
5,13,18,0.045946027748132785
15,3,18,NaN
8,10,18,NaN
12,6,18,0.014780427054954502
11,7,18,0.4389759442456205
6,12,18,0.962032138983051
8,10,18,0.8204795116931126
13,4,17,0.534054961478336
14,3,17,0.8204795116931126
12,5,17,0.04321857724677906
10,7,17,8.664245528227121e-8
8,9,17,0.9438028690117923
12,5,17,0.8791469822960243
12,5,17,0.697679905440175
12,5,17,0.8256138125749558
13,4,17,0.709038326257493
14,3,17,NaN
15,2,17,NaN
11,6,17,0.09331494238381467
12,5,17,0.8204795116931126
13,4,17,0.6429141153709478
12,5,17,0.07736076670652509
12,5,17,0.9444012070806406
16,1,17,NaN
13,4,17,NaN
14,3,17,0.7586987460249822
13,4,17,0.39395452362261624
11,6,17,0.14080710657571024
14,3,17,0.14080710657571024
13,4,17,0.8204795116931126
11,6,17,0.6915291099540672
11,6,17,NaN
12,5,17,0.3113020350068427
12,5,17,0.4870331712221417
12,5,17,0.06058247105517931
10,7,17,NaN
12,5,17,0.0030138933553211667
13,4,17,0.6004960645423364
13,4,17,0.7008553584305408
13,4,17,0.6629394266610144
13,4,17,0.11212326449798977
15,2,17,0.6629394266610144
10,7,17,0.10644627622097674
12,5,17,0.6629394266610144
15,2,17,0.0067594648648421594
13,4,17,0.579049057228479
13,4,17,0.01237317264737344
3,14,17,0.7008553584305408
15,2,17,0.08115644780417555
15,2,17,0.05082012480865282
14,3,17,0.8204795116931126
16,1,17,0.6211047067208528
9,8,17,0.35163936320323114
12,5,17,0.534054961478336
11,6,17,0.4389759442456205
13,4,17,0.6629394266610144
13,4,17,0.4389759442456205
12,5,17,0.31446254865538825
8,9,17,0.2770589453938832
8,9,17,0.1354884320166079
13,4,17,0.44748064534904713
13,4,17,0.7943141978951035
10,7,17,0.161264881038212
10,7,17,0.7008553584305408
15,2,17,0.10644627622097674
15,2,17,0.9646968813913402
12,5,17,0.10446138696323905
10,7,17,0.7088060000962447
13,4,17,0.9336743037628588
16,1,17,0.9826426450527239
11,6,17,0.10266658815822764
12,5,17,0.7943141978951035
11,6,17,0.008253574304509322
11,6,17,0.5773495910338519
14,3,17,0.04466834443532992
11,6,17,0.16375619891597243
14,3,17,0.058782223477500936
12,5,17,0.39365820288251563
15,2,17,0.24299412154726827
14,3,17,0.39365820288251563
11,6,17,0.9970776095415316
14,3,17,0.9132348490511264
13,4,17,0.06348548526713992
11,6,17,NaN
6,11,17,0.8949950374154003
14,3,17,1.214238428212447e-6
12,5,17,0.4581299951219079
16,1,17,0.8527183594740179
13,4,17,0.43735224972278797
14,3,17,NaN
15,2,17,0.007827960273527267
13,4,17,0.161264881038212
13,4,17,0.049514829627054044
14,3,17,NaN
13,4,17,0.534054961478336
12,5,17,0.03025847703180226
15,2,17,0.24685788650085178
11,6,17,0.7569564324365056
11,6,17,NaN
14,3,17,0.8418168267177661
10,7,17,0.7120588430681319
15,2,17,0.5773495910338519
11,6,17,0.348059495839501
15,2,17,0.0030138933553211667
13,4,17,0.974892625327987
13,4,17,0.5105367427953501
8,9,17,0.1754050042689648
16,1,17,0.7659187175498298
11,6,17,0.9270684583418808
11,6,17,0.21187913375295056
10,7,17,NaN
12,5,17,0.9845924478014567
16,1,17,0.34532004438797215
10,7,17,0.00023146144524756454
11,6,17,0.0014445247274158758
14,3,17,NaN
15,2,17,NaN
14,3,17,0.8418168267177661
12,5,17,0.11584539482548935
16,1,17,0.5773495910338519
9,8,17,0.6629394266610144
11,6,17,0.08115644780417555
9,8,17,0.6211047067208528
9,8,17,0.4869472780660612
13,4,17,0.8791469822960243
9,8,17,0.6629394266610144
13,4,17,0.44382497372280405
15,2,17,0.28072895671387604
14,3,17,0.6753958513502701
13,4,17,NaN
11,6,17,0.4616942330339708
13,4,17,0.18561760226461765
14,3,17,0.945946740750378
10,7,17,0.4389759442456205
13,4,17,0.14080710657571024
11,6,17,0.3147278493122561
10,7,17,0.993842448176321
12,5,17,0.29946510822263206
13,4,17,0.8340711066454769
11,6,17,NaN
12,5,17,0.8418168267177661
7,10,17,0.9749834651108517
15,2,17,0.14080710657571024
10,7,17,NaN
12,5,17,0.4389759442456205
9,8,17,NaN
13,4,17,NaN
5,12,17,NaN
12,5,17,0.916448430100527
12,5,17,0.7943141978951035
12,5,17,0.007001359302340902
12,5,17,0.534054961478336
11,6,17,0.016352394412106192
13,4,17,0.39365820288251563
13,4,17,NaN
11,6,17,1.1601203463051802e-5
8,9,17,0.7008553584305408
7,10,17,0.4389759442456205
12,5,17,0.9534911290835386
9,8,17,0.2770589453938832
14,3,17,0.9822384758373088
11,6,17,0.7674394494964111
14,3,17,0.5460197875560119
12,5,17,0.32160884960093616
13,4,17,6.454343662252349e-5
12,5,17,0.997608072328767
12,5,17,NaN
9,8,17,0.8791469822960243
11,6,17,4.03912805781209e-8
16,1,17,NaN
8,9,17,0.034832392112591995
10,7,17,NaN
12,5,17,0.4480906524750578
6,11,17,NaN
13,4,17,0.3147278493122561
14,3,17,0.35163936320323114
12,5,17,0.5773495910338519
11,6,17,NaN
11,6,17,0.18561760226461765
14,3,17,0.37607960589107253
10,7,17,0.2770589453938832
11,6,17,0.7008553584305408
12,5,17,NaN
11,6,17,0.03973396771995235
10,7,17,0.027837162874749688
13,4,17,0.2770589453938832
13,4,17,0.3453078004170639
14,3,17,NaN
13,4,17,NaN
11,6,17,0.8215298843666329
15,2,17,0.0007750945703214208
11,6,17,0.2212184052386385
8,9,17,0.8791469822960243
10,7,17,0.0453218543565991
14,3,17,0.10780825690521935
13,4,17,NaN
10,7,17,0.016648573541880464
14,3,17,NaN
9,8,17,0.09331494238381467
14,3,17,0.8204795116931126
17,0,17,NaN
16,1,17,NaN
14,3,17,0.3977193492182451
13,4,17,NaN
16,1,17,0.017871933541767453
16,1,17,0.2770589453938832
14,3,17,NaN
8,9,17,0.03973270879120916
10,7,17,NaN
13,4,17,0.7163372696392085
13,4,17,0.6629394266610144
7,10,17,0.7287040245056824
13,4,17,0.9845924478014567
8,9,17,0.2906276312104283
10,7,17,NaN
14,3,17,0.6211047067208528
14,3,17,0.24299412154726827
12,5,17,0.03228251194194891
14,3,17,0.6629394266610144
9,8,17,0.4389759442456205
16,1,17,0.0007961424420260877
12,5,17,0.6211047067208528
7,10,17,0.06058247105517931
13,4,17,NaN
13,4,17,0.2770589453938832
16,1,17,0.7008553584305408
10,7,17,0.6211047067208528
17,0,17,NaN
11,6,17,0.75717278968109
12,5,17,0.9996186164405867
10,7,17,0.37796363349297835
11,6,17,NaN
15,2,17,0.0001347625902924206
9,8,17,0.08115644780417555
14,3,17,0.6211047067208528
12,5,17,0.006172260624392092
10,7,17,0.7943141978951035
15,2,17,NaN
12,5,17,0.18059275913587777
14,3,17,0.9342602388733661
12,5,17,0.10644627622097674
13,4,17,0.4389759442456205
13,4,17,0.5826292651157386
12,5,17,0.016036129072671212
16,1,17,0.12196444410581492
13,4,17,0.03928194627421857
10,7,17,0.534054961478336
11,6,17,NaN
8,9,17,0.8281470796777857
11,6,17,0.03025847703180226
10,7,17,0.8418168267177661
12,5,17,0.08115644780417555
10,7,17,NaN
14,3,17,0.962032138983051
11,6,17,0.045946027748132785
12,5,17,0.4389759442456205
9,8,17,0.18561760226461765
13,4,17,0.6211047067208528
8,9,17,0.5773495910338519
8,9,17,0.7120588430681319
16,1,17,0.5499434263598094
13,4,17,0.6438366491864992
13,4,17,0.5164194987623703
14,3,17,NaN
10,7,17,0.9908934246433347
10,7,17,0.21018289512811886
13,4,17,0.7362093737629527
8,9,17,0.7659187175498298
15,2,17,0.8418168267177661
12,5,17,0.3147278493122561
10,7,17,0.10644627622097674
10,7,17,0.08092796816024947
11,6,17,0.06988872661807305
10,7,17,0.011625908468073121
14,3,17,0.30728168715621196
10,7,17,0.14080710657571024
14,3,17,0.35163936320323114
14,3,17,0.4389759442456205
14,3,17,0.6211047067208528
12,5,17,NaN
9,8,17,0.2770589453938832
12,5,17,0.161264881038212
15,2,17,NaN
14,3,17,0.05295374443847441
15,2,17,0.001847614597639407
11,6,17,0.534054961478336
13,4,17,0.33444683265217007
9,8,17,0.06058247105517931
11,6,17,0.2770589453938832
13,4,17,0.7659187175498298
12,5,17,0.05295374443847441
14,3,17,0.10644627622097674
10,7,17,0.7791659686859053
12,5,17,0.7943141978951035
13,4,17,9.421948497972324e-5
15,2,17,NaN
10,7,17,NaN
14,3,17,0.39365820288251563
12,5,17,NaN
10,7,17,NaN
13,4,17,6.200267979357439e-10
14,3,17,0.25278804055247833
9,8,17,0.0310377492888347
12,5,17,0.9097889372969507
12,5,17,0.3147278493122561
12,5,17,0.5349577520490156
11,6,17,NaN
15,2,17,0.4869472780660612
14,3,17,0.962032138983051
13,4,17,0.8286953672056603
7,10,17,0.8418168267177661
12,5,17,0.534054961478336
10,7,17,0.008706527908823208
12,5,17,0.23136573777456157
7,10,17,0.6749190774859427
11,6,17,NaN
11,6,17,0.6743209703874008
11,6,17,NaN
13,4,17,0.01987315418734652
13,4,17,0.284957002957702
9,8,17,0.6629394266610144
14,3,17,0.02611284212389445
9,8,17,0.8617097556108892
15,2,17,0.35163936320323114
12,5,17,0.3147278493122561
6,11,17,NaN
11,6,17,0.7817500161135562
7,10,17,0.47087027488604694
11,6,17,0.8464926546600554
14,3,17,0.982355810611759
12,5,17,0.14666715706254058
14,3,17,0.24603115705892453
5,12,17,0.9749834651108517
10,7,17,0.9534911290835386
12,5,17,0.5794933485641853
16,1,17,0.14080710657571024
14,3,17,0.7287040245056824
14,3,17,NaN
10,7,17,0.18341591379803038
6,11,17,NaN
13,4,17,0.05248859612625234
12,5,17,0.02323597671314239
11,6,17,0.7351022872357142
12,5,17,0.534054961478336
7,10,17,0.4869472780660612
11,6,17,0.18561760226461765
12,5,17,0.3923554629692027
12,5,17,0.922483585895465
15,2,17,0.1944265043754557
13,4,17,4.716395435367886e-12
12,5,17,0.1247683923489799
16,1,17,0.7659187175498298
13,4,17,0.9458834083429057
11,6,17,NaN
10,7,17,0.05902267516686026
14,3,17,NaN
11,6,17,0.7550089000950867
13,4,17,0.3014288655946713
13,4,17,0.32468199628148864
11,6,17,0.20513829804563172
9,8,17,0.6211047067208528
12,5,17,0.9336743037628588
13,4,17,0.14080710657571024
13,4,17,0.9097889372969507
7,10,17,0.9749834651108517
9,8,17,0.4389759442456205
14,3,17,0.4869472780660612
12,5,17,0.8204795116931126
12,5,17,0.17331580875042638
16,1,17,0.7943141978951035
11,6,17,NaN
12,5,17,0.17261914933565872
8,9,17,0.4584457217856004
14,3,17,NaN
14,3,17,0.877670931561116
13,4,17,0.9444012070806406
10,7,17,0.35163936320323114
16,1,17,0.3147278493122561
9,8,17,0.21187913375295056
13,4,17,5.169846534855451e-7
13,4,17,NaN
12,5,17,NaN
8,9,17,0.4869472780660612
12,5,17,0.2770589453938832
8,9,17,0.5359473302878247
10,7,17,0.6365566611212286
8,9,17,NaN
10,7,17,NaN
12,5,17,NaN
11,6,17,0.6629394266610144
9,8,17,0.39365820288251563
11,6,17,0.35163936320323114
9,8,17,5.0856803403496405e-6
11,6,17,0.26088718812905376
8,9,17,0.0021722880617613266
13,4,17,0.04020826585208854
10,7,17,NaN
12,5,17,0.032954484430462325
13,4,17,0.7223528968302869
10,7,17,0.2770589453938832
13,4,17,0.13894348982263152
8,9,17,0.1608845024438886
12,5,17,0.005921188412624468
7,10,17,0.14039498403193568
6,11,17,0.15501337144112398
14,3,17,0.4869472780660612
12,5,17,0.3147278493122561
13,4,17,0.07277030002081401
4,13,17,0.4498486337203478
9,8,17,0.6211047067208528
10,7,17,0.9690207992381747
7,10,17,0.016801814087687383
12,5,17,0.26469093344340466
13,4,17,NaN
17,0,17,NaN
11,6,17,0.8617097556108892
10,7,17,0.35285566808868407
8,9,17,0.14080710657571024
14,3,17,0.9646968813913402
7,10,17,0.39120069361893817
15,2,17,0.35163936320323114
13,4,17,0.7659187175498298
10,7,17,0.9134507754229262
9,8,17,0.2976056086607927
10,7,17,0.39365820288251563
8,9,17,NaN
8,9,17,0.6425723266306169
16,1,17,0.03431303238668744
11,6,17,0.0621516079217303
13,4,17,0.534054961478336
14,3,17,0.08115644780417555
12,5,17,0.922483585895465
13,4,17,0.00230409139195632
15,2,17,0.045946027748132785
12,5,17,0.4150633823253158
11,6,17,0.35163936320323114
10,7,17,0.7351022872357142
13,4,17,0.5382366361042268
8,9,17,0.005151131013006806
13,4,17,NaN
7,10,17,0.204756329954101
13,4,17,0.9444012070806406
10,7,17,0.4647738016295647
14,3,17,0.2175130159636752
11,6,17,0.14080710657571024
11,6,17,NaN
13,4,17,0.9603077128656673
8,9,17,0.7008553584305408
11,6,17,0.6969067880906288
13,4,17,0.006648108580264931
11,6,17,0.4869472780660612
11,6,17,0.008767386500261603
13,4,17,NaN
11,6,17,0.4869472780660612
15,2,17,0.5773495910338519
13,4,17,0.06058247105517931
13,4,17,0.534054961478336
12,5,17,0.5221895389845433
14,3,17,0.09122473002499032
11,6,17,0.14493592731306262
10,7,17,0.4869472780660612
11,6,17,0.42688681634441733
9,8,17,0.922483585895465
9,8,17,0.06988872661807305
8,9,17,0.03788249141834337
8,9,17,0.35163936320323114
9,8,17,0.045946027748132785
12,5,17,0.09331494238381467
11,6,17,0.4002543139785958
12,5,17,0.534054961478336
12,5,17,0.03468779084967369
13,4,17,0.7943141978951035
13,4,17,NaN
10,7,17,0.8791469822960243
14,3,17,0.21187913375295056
11,6,17,NaN
11,6,17,0.21187913375295056
14,3,17,0.08115644780417555
10,7,17,0.7351022872357142
12,5,17,0.8418168267177661
11,6,17,0.9845924478014567
14,3,17,0.06058247105517931
8,9,17,0.39365820288251563
15,2,17,0.40534287839865685
11,6,17,0.21187913375295056
10,7,17,NaN
13,4,17,NaN
8,9,17,0.9749834651108517
9,8,17,0.005001638144407369
13,4,17,0.31523277197136185
17,0,17,0.015161224545368123
6,11,17,0.016352394412106192
13,4,17,NaN
5,12,17,0.8418168267177661
7,10,17,0.09480545865185101
12,5,17,0.02176169531284822
12,5,17,NaN
11,6,17,0.3032368774963376
16,1,17,0.09428783357135849
2,15,17,NaN
11,6,17,0.09331494238381467
12,5,17,0.14080710657571024
13,4,17,0.916448430100527
11,6,17,0.3745114956691378
15,2,17,0.03581178023080249
11,6,17,0.03973270879120916
8,9,17,0.14080710657571024
9,8,17,0.8791469822960243
9,8,17,0.05304621494372013
7,10,17,0.24299412154726827
11,6,17,0.9952338006889494
13,4,17,0.7943141978951035
9,8,17,0.00030736587083971
11,6,17,6.746340853301236e-14
13,4,17,NaN
8,9,17,0.045946027748132785
10,7,17,0.35163936320323114
13,4,17,0.35163936320323114
14,3,17,0.17778332628813656
10,7,17,0.32460337858646365
13,4,17,0.8791469822960243
2,15,17,0.5572063124086915
8,9,17,0.4837132095702423
12,5,17,0.00985911864811425
12,5,17,3.9933362906235416e-5
12,5,17,0.6211047067208528
9,8,17,0.14080710657571024
7,10,17,0.105415209952049
9,8,17,0.7659187175498298
14,3,17,0.4690097959028557
9,8,17,NaN
4,13,17,0.018110460371821784
16,1,17,0.39365820288251563
5,12,17,0.18561760226461765
10,7,17,0.08115644780417555
12,5,17,0.5574380919496814
12,5,17,0.18561760226461765
16,1,17,0.6629394266610144
11,6,17,0.6092144081708829
12,5,17,0.24299412154726827
12,5,17,0.7943141978951035
13,4,17,0.04923596612440136
12,5,17,0.45592239203280516
12,5,17,0.7659187175498298
12,5,17,0.4869472780660612
6,11,17,0.2770589453938832
10,7,17,0.8344099354421916
7,10,17,NaN
11,6,17,0.5209952332205388
15,2,17,0.10644627622097674
6,11,17,0.5912782792312838
13,4,17,0.7351022872357142
14,3,17,0.4344741859498727
10,7,17,0.2927015896638254
6,11,17,0.9218434801906469
5,12,17,0.24299412154726827
8,9,17,0.7351022872357142
10,7,17,0.2962356056848651
5,12,17,NaN
9,8,17,0.14080710657571024
10,7,17,NaN
8,9,17,NaN
10,7,17,0.0015661636123432178
8,9,17,NaN
9,8,17,0.055942513561441115
10,7,17,NaN
3,14,17,0.0006753692697932992
13,4,17,0.21187913375295056
8,9,17,NaN
0,17,17,NaN
11,5,16,0.2870877884699817
11,5,16,0.3147278493122561
7,9,16,0.4389759442456205
11,5,16,0.3147278493122561
11,5,16,0.8178713368765808
10,6,16,NaN
13,3,16,0.6189743069763716
11,5,16,0.30728168715621196
8,8,16,2.02942843256974e-12
8,8,16,0.21187913375295056
9,7,16,0.922483585895465
12,4,16,0.418460214005872
11,5,16,NaN
12,4,16,NaN
16,0,16,0.3132546165738488
13,3,16,0.0023693584098049537
12,4,16,0.9189404093972293
15,1,16,0.048990406887185645
7,9,16,0.8418168267177661
7,9,16,NaN
13,3,16,0.3147278493122561
9,7,16,0.4869472780660612
14,2,16,0.33811352781021287
13,3,16,0.7943141978951035
12,4,16,0.13054447303530614
12,4,16,NaN
8,8,16,NaN
11,5,16,0.9336743037628588
15,1,16,0.16465187806228962
11,5,16,NaN
10,6,16,0.6753958513502701
13,3,16,0.16133430607573868
10,6,16,0.39760175374311646
10,6,16,0.8719044429579209
11,5,16,0.9336743037628588
11,5,16,4.788693286753243e-7
13,3,16,0.9444012070806406
11,5,16,NaN
16,0,16,0.7943141978951035
12,4,16,NaN
12,4,16,0.18561760226461765
13,3,16,NaN
8,8,16,0.03973270879120916
9,7,16,0.9097889372969507
12,4,16,0.39365820288251563
12,4,16,0.056604946822712957
13,3,16,0.17200256060949295
12,4,16,0.6629394266610144
14,2,16,0.06058247105517931
11,5,16,0.2235176087258517
12,4,16,0.17339759233782406
6,10,16,0.2701527756967449
7,9,16,0.36554145841447433
11,5,16,0.06988872661807305
11,5,16,0.0023849590413177863
14,2,16,0.05295374443847441
9,7,16,0.08115644780417555
16,0,16,0.11994232315746549
12,4,16,0.4869472780660612
16,0,16,0.8717041900408031
8,8,16,NaN
13,3,16,0.26562088483998425
8,8,16,0.9822384758373088
12,4,16,0.026587683415196198
8,8,16,0.22687947929007388
16,0,16,NaN
10,6,16,NaN
13,3,16,0.02611284212389445
9,7,16,0.08742711830164578
13,3,16,NaN
11,5,16,0.0875850070945423
14,2,16,0.14080710657571024
10,6,16,0.6933642784273275
13,3,16,0.03973270879120916
12,4,16,0.006781419125754895
15,1,16,0.36803686836498495
12,4,16,NaN
16,0,16,NaN
11,5,16,NaN
11,5,16,0.4869472780660612
11,5,16,0.4869472780660612
12,4,16,0.9444012070806406
9,7,16,0.5716128046705276
16,0,16,NaN
13,3,16,0.161264881038212
14,2,16,0.9749834651108517
9,7,16,0.5613969972398019
12,4,16,0.7659187175498298
10,6,16,0.7491380859508011
12,4,16,NaN
10,6,16,NaN
11,5,16,NaN
8,8,16,0.00019478399247932187
12,4,16,0.24299412154726827
14,2,16,0.14080710657571024
12,4,16,0.39365820288251563
13,3,16,0.922483585895465
10,6,16,0.6030875338906709
14,2,16,0.3374661572819854
15,1,16,0.0675184371275124
12,4,16,NaN
9,7,16,NaN
15,1,16,0.35163936320323114
12,4,16,NaN
14,2,16,0.8221020107761067
7,9,16,0.7351022872357142
10,6,16,0.045946027748132785
12,4,16,0.24299412154726827
15,1,16,0.05802947729810935
13,3,16,0.006368971132242402
12,4,16,0.08355065125654011
13,3,16,0.8418168267177661
14,2,16,0.3735618210809025
7,9,16,0.4389759442456205
11,5,16,NaN
12,4,16,0.16024450013246616
9,7,16,0.9534911290835386
10,6,16,0.11747841880363043
14,2,16,0.9845924478014567
8,8,16,0.8949950374154003
15,1,16,0.3147278493122561
14,2,16,0.1197675794643248
11,5,16,NaN
13,3,16,0.05835621106595372
13,3,16,0.24299412154726827
8,8,16,0.24299412154726827
11,5,16,0.0019767794438217937
9,7,16,1.4600692244208195e-5
13,3,16,0.5773495910338519
13,3,16,0.7659187175498298
8,8,16,0.03025847703180226
7,9,16,0.6726384568999776
12,4,16,0.05295374443847441
10,6,16,0.03468779084967369
11,5,16,0.4389759442456205
11,5,16,0.18561760226461765
12,4,16,0.6175661439642194
14,2,16,0.08115644780417555
14,2,16,0.9749834651108517
9,7,16,0.4221524086157251
13,3,16,0.02622534150780151
11,5,16,0.18561760226461765
15,1,16,NaN
14,2,16,0.7351022872357142
15,1,16,0.7943141978951035
8,8,16,NaN
13,3,16,0.6629394266610144
10,6,16,0.030599434810405706
13,3,16,0.14080710657571024
11,5,16,0.003127796670440547
15,1,16,0.3147278493122561
14,2,16,NaN
13,3,16,0.5773495910338519
12,4,16,0.4869472780660612
12,4,16,0.07164857736204114
15,1,16,0.28552374255713886
13,3,16,0.8512424336795453
11,5,16,0.7943141978951035
7,9,16,0.7357362704635994
11,5,16,0.7659187175498298
11,5,16,0.5053536332083965
11,5,16,0.03973270879120916
13,3,16,0.008530106906362129
13,3,16,NaN
8,8,16,0.018408141288035935
5,11,16,0.048677627589980864
10,6,16,0.9603077128656673
10,6,16,0.2770589453938832
11,5,16,0.010048075095184465
9,7,16,0.14080710657571024
12,4,16,NaN
13,3,16,0.00020494619249001838
9,7,16,0.13608786208951776
9,7,16,NaN
13,3,16,0.35163936320323114
11,5,16,NaN
11,5,16,NaN
15,1,16,0.6629394266610144
6,10,16,NaN
9,7,16,0.8204795116931126
10,6,16,0.0022076796245007915
11,5,16,0.25704099543129966
8,8,16,0.6211047067208528
14,2,16,0.5883059248772218
10,6,16,0.31215416913137395
9,7,16,NaN
15,1,16,0.7351022872357142
9,7,16,NaN
11,5,16,0.41789553794913065
11,5,16,0.32861445532206474
8,8,16,0.22966362799704218
9,7,16,0.8653601395728225
14,2,16,NaN
12,4,16,0.0973004229955808
12,4,16,0.019582362947367808
10,6,16,0.4869472780660612
13,3,16,0.6300830591603114
10,6,16,NaN
9,7,16,0.25093437556207043
8,8,16,0.8949950374154003
10,6,16,0.24482534508738635
10,6,16,0.7008553584305408
11,5,16,NaN
12,4,16,0.27732984711541436
12,4,16,NaN
9,7,16,0.8204795116931126
16,0,16,0.21187913375295056
10,6,16,0.5773495910338519
6,10,16,0.7351022872357142
13,3,16,0.5773495910338519
12,4,16,0.8418168267177661
12,4,16,0.2328566854191839
11,5,16,0.8139967557273703
11,5,16,NaN
10,6,16,0.39365820288251563
8,8,16,NaN
14,2,16,0.7351022872357142
11,5,16,0.022641636257990223
10,6,16,0.4389759442456205
8,8,16,NaN
11,5,16,NaN
11,5,16,0.3399082013245906
11,5,16,0.6211047067208528
16,0,16,0.4389759442456205
12,4,16,0.6278555998552221
14,2,16,0.14536793602824474
12,4,16,NaN
13,3,16,0.962032138983051
10,6,16,0.22654979996868446
5,11,16,0.24544314815537577
10,6,16,0.4350742241281686
9,7,16,0.008788073258785336
11,5,16,0.35163936320323114
7,9,16,0.08115644780417555
8,8,16,0.04609631651356508
11,5,16,NaN
9,7,16,0.12196444410581492
9,7,16,0.24299412154726827
12,4,16,0.8791469822960243
9,7,16,NaN
12,4,16,0.3971323967645095
8,8,16,NaN
11,5,16,0.08115644780417555
14,2,16,NaN
13,3,16,0.8204795116931126
10,6,16,0.3147278493122561
5,11,16,0.9772969817489404
10,6,16,0.21187913375295056
12,4,16,0.8949950374154003
8,8,16,0.015739357409861005
12,4,16,0.5558101257768585
8,8,16,0.0941844755368357
11,5,16,0.39365820288251563
11,5,16,0.12469187363541644
11,5,16,0.49702194467135363
12,4,16,0.9799588626550771
9,7,16,0.007970893510159791
13,3,16,0.8418168267177661
12,4,16,0.5915475383468608
11,5,16,NaN
13,3,16,0.4389759442456205
10,6,16,NaN
10,6,16,NaN
8,8,16,NaN
7,9,16,0.30235585972310464
10,6,16,0.7792451244858153
10,6,16,0.09331494238381467
6,10,16,0.35163936320323114
7,9,16,0.8949950374154003
10,6,16,2.6561862606077146e-5
16,0,16,0.38204266826040545
15,1,16,0.07868717363828218
9,7,16,0.6629394266610144
14,2,16,0.39365820288251563
14,2,16,0.7943141978951035
11,5,16,0.9941692455764074
11,5,16,0.5773495910338519
12,4,16,0.1162162566948767
11,5,16,0.15297250216596528
11,5,16,0.9158150508975211
13,3,16,NaN
15,1,16,0.5695490620701075
13,3,16,0.15250111143255765
6,10,16,0.4869472780660612
12,4,16,0.18561760226461765
7,9,16,0.08115644780417555
13,3,16,0.21187913375295056
8,8,16,0.6629394266610144
10,6,16,NaN
11,5,16,0.34880515420918407
8,8,16,0.9034254426549368
13,3,16,0.241889816027818
13,3,16,0.6629394266610144
11,5,16,0.1451915729565239
11,5,16,0.24128753679446632
9,7,16,0.12196444410581492
10,6,16,0.7008553584305408
10,6,16,0.1373386738005266
9,7,16,NaN
9,7,16,NaN
12,4,16,0.5959761929247704
13,3,16,0.15211464861131327
8,8,16,0.06058247105517931
10,6,16,0.4869472780660612
7,9,16,0.7008553584305408
12,4,16,0.5778744707176054
7,9,16,0.09615135048540395
5,11,16,0.07514011489986097
10,6,16,0.005053086568012507
9,7,16,0.9025266275697447
12,4,16,3.0750465362303345e-7
12,4,16,NaN
6,10,16,0.3274735024882267
7,9,16,0.804419021008701
9,7,16,0.4440272192628485
13,3,16,1.0518777109611203e-6
14,2,16,0.9097889372969507
14,2,16,NaN
9,7,16,0.12747075101832725
12,4,16,0.26107472121947856
11,5,16,0.45181423131925824
7,9,16,NaN
12,4,16,0.3732919980602082
13,3,16,0.24299412154726827
12,4,16,0.6211047067208528
13,3,16,0.1518851642773466
13,3,16,0.4133736700629599
12,4,16,0.8473632970824033
4,12,16,NaN
10,6,16,0.6211047067208528
11,5,16,NaN
11,5,16,0.4670475676329104
9,7,16,0.013595179396091573
9,7,16,0.962032138983051
13,3,16,NaN
4,12,16,NaN
11,5,16,0.5773495910338519
11,5,16,NaN
14,2,16,0.661892732989435
10,6,16,0.4869472780660612
13,3,16,0.9336743037628588
13,3,16,NaN
9,7,16,NaN
12,4,16,0.7351022872357142
13,3,16,0.7659187175498298
10,6,16,0.18561760226461765
6,10,16,0.4869472780660612
7,9,16,0.4775540753038106
6,10,16,0.39365820288251563
6,10,16,0.14080710657571024
9,7,16,0.922483585895465
11,5,16,0.10834108191260952
14,2,16,0.008158234813773773
10,6,16,0.02611284212389445
11,5,16,0.8949950374154003
14,2,16,0.7351022872357142
9,7,16,0.001975684292139489
9,7,16,0.14080710657571024
10,6,16,0.00845056704731292
14,2,16,0.9097889372969507
9,7,16,0.0010312662919174122
10,6,16,0.38680953496358106
14,2,16,0.0058333041971637065
10,6,16,NaN
10,6,16,NaN
10,6,16,0.04484022823490823
8,8,16,NaN
7,9,16,0.045946027748132785
12,4,16,0.7659187175498298
12,4,16,0.8949950374154003
8,8,16,0.07571465946369119
9,7,16,0.9642094808459608
8,8,16,0.7943141978951035
9,7,16,NaN
7,9,16,0.6211047067208528
13,3,16,0.6629394266610144
7,9,16,0.12196444410581492
3,13,16,0.922483585895465
10,6,16,0.019582362947367808
8,8,16,0.161264881038212
13,3,16,NaN
7,9,16,0.8154385829807279
9,7,16,NaN
14,2,16,0.5416586371690197
12,4,16,NaN
13,3,16,NaN
12,4,16,NaN
15,1,16,0.3933108162722806
7,9,16,NaN
6,10,16,0.35163936320323114
13,3,16,0.05973754960152814
9,7,16,NaN
12,4,16,NaN
8,8,16,0.7351022872357142
16,0,16,0.962032138983051
10,6,16,NaN
12,4,16,0.01117770656854758
13,3,16,0.33444683265217007
9,7,16,0.9097889372969507
11,5,16,0.9336743037628588
8,8,16,0.10644627622097674
10,6,16,0.10644627622097674
14,2,16,0.06998849575326495
9,7,16,0.14551437756673102
10,6,16,0.6403801451596105
11,5,16,0.03973270879120916
10,6,16,0.2025958786917918
9,7,16,0.24299412154726827
10,6,16,NaN
13,3,16,NaN
13,3,16,0.15418892588682934
12,4,16,NaN
9,7,16,0.4389759442456205
8,8,16,0.7407490444866193
10,6,16,0.04581680352367893
9,7,16,0.09349257514103666
9,7,16,0.39365820288251563
5,11,16,NaN
10,6,16,0.009886583305940173
14,2,16,0.3987569504182374
14,2,16,NaN
7,9,16,0.8963886392059207
11,5,16,0.8401884009126244
9,7,16,0.6211047067208528
12,4,16,0.7757077766942313
9,7,16,0.7943141978951035
10,6,16,0.7943141978951035
11,5,16,0.5773495910338519
12,4,16,0.08115644780417555
8,8,16,0.9686279921497596
9,7,16,0.2770589453938832
13,3,16,0.12196444410581492
10,6,16,0.8045165280622155
12,4,16,0.03839451370937644
14,2,16,NaN
14,2,16,0.43235100537574384
11,5,16,0.006386134607275686
9,7,16,NaN
11,5,16,0.47972045904487076
9,7,16,NaN
12,4,16,0.39365820288251563
11,5,16,0.7008553584305408
10,6,16,0.9192340736178707
12,4,16,0.4389759442456205
13,3,16,NaN
10,6,16,0.8418168267177661
11,5,16,NaN
14,2,16,0.8617097556108892
12,4,16,0.4389759442456205
14,2,16,0.6735587837380349
11,5,16,0.9918701911745272
6,10,16,0.009145730368337806
11,5,16,0.7659187175498298
12,4,16,NaN
13,3,16,0.6146320767181594
12,4,16,0.39365820288251563
8,8,16,0.0008951052399045048
13,3,16,0.14269984854551185
9,7,16,0.4869472780660612
6,10,16,NaN
12,4,16,0.9097889372969507
12,4,16,0.4869472780660612
13,3,16,0.8418168267177661
13,3,16,0.5773495910338519
13,3,16,0.052356373545498144
13,3,16,NaN
9,7,16,NaN
11,5,16,0.0029184836725244883
14,2,16,0.2770589453938832
10,6,16,0.21125604629523465
11,5,16,0.534054961478336
10,6,16,0.39395452362261624
11,5,16,0.015864108286949643
13,3,16,0.019582362947367808
14,2,16,0.24299412154726827
8,8,16,0.4869472780660612
13,3,16,0.9097889372969507
11,5,16,0.38816228504050104
11,5,16,0.03973270879120916
14,2,16,0.011977131996695752
7,9,16,NaN
11,5,16,0.2787719472245347
9,7,16,0.02611284212389445
12,4,16,NaN
10,6,16,0.24299412154726827
14,2,16,0.9336743037628588
11,5,16,0.1841053267354121
13,3,16,0.24299412154726827
12,4,16,0.35163936320323114
11,5,16,0.534054961478336
12,4,16,NaN
12,4,16,0.534054961478336
14,2,16,NaN
11,5,16,0.9534911290835386
6,10,16,NaN
13,3,16,0.41446612641056335
12,4,16,0.21642991589613794
10,6,16,0.6211047067208528
7,9,16,NaN
14,2,16,0.0014850026481310564
10,6,16,0.14107547527436967
13,3,16,0.8949950374154003
10,6,16,0.534054961478336
11,5,16,0.48514350131399553
6,10,16,0.022641636257990223
11,5,16,0.019904426005448034
8,8,16,0.24299412154726827
8,8,16,0.8418168267177661
8,8,16,0.7351022872357142
11,5,16,0.05295374443847441
7,9,16,0.9444012070806406
10,6,16,NaN
13,3,16,0.35163936320323114
6,10,16,0.35163936320323114
10,6,16,0.6211047067208528
11,5,16,NaN
12,4,16,NaN
10,6,16,0.22742785348718866
12,4,16,0.12562205699076068
10,6,16,0.35163936320323114
15,1,16,0.6629394266610144
7,9,16,0.5846310885929272
13,3,16,0.02061293949824452
11,5,16,NaN
11,5,16,0.9796363762090049
9,7,16,NaN
13,3,16,0.5773495910338519
11,5,16,0.6761675362193224
12,4,16,0.7351022872357142
9,7,16,0.5535697164559091
7,9,16,0.8204795116931126
10,6,16,0.7008553584305408
9,7,16,NaN
10,6,16,NaN
9,7,16,0.8617097556108892
6,10,16,0.6629394266610144
11,5,16,0.9690207992381747
11,5,16,0.08115644780417555
8,8,16,0.2878905801770121
14,2,16,NaN
6,10,16,NaN
9,7,16,0.2770589453938832
13,3,16,NaN
12,4,16,0.012801873811285914
10,6,16,0.2878905801770121
8,8,16,0.05295374443847441
7,9,16,0.009587314052032456
12,4,16,0.3147278493122561
10,6,16,0.045946027748132785
15,1,16,0.4389759442456205
7,9,16,0.8644664056778361
9,7,16,0.8617097556108892
12,4,16,0.7778624643784646
10,6,16,NaN
9,7,16,0.0014419154817902062
2,14,16,NaN
6,10,16,NaN
11,5,16,0.20633728137631496
10,6,16,0.5439779729715323
7,9,16,0.32474044736567076
7,9,16,0.5773495910338519
8,8,16,NaN
12,4,16,0.6965641822358674
12,4,16,0.9845681032945389
11,5,16,0.6307351000753949
8,8,16,0.05281790731971948
10,6,16,0.7659187175498298
7,9,16,0.28516704897922374
12,4,16,NaN
10,6,16,0.534054961478336
11,5,16,NaN
9,7,16,0.06988872661807305
9,7,16,0.922483585895465
5,11,16,0.534054961478336
14,2,16,6.573951888811434e-9
5,11,16,0.39365820288251563
7,9,16,0.8060135169197541
9,7,16,0.000796850143955608
13,3,16,0.0017225665999999018
5,11,16,0.2044762117581738
5,11,16,0.9097889372969507
5,11,16,0.3409218466773342
10,6,16,NaN
7,9,16,0.2770589453938832
12,4,16,0.9749834651108517
5,11,16,0.9941692455764074
9,7,16,0.47710146730939523
9,7,16,NaN
10,6,16,NaN
7,9,16,NaN
14,1,15,0.05014307186825348
11,4,15,0.6211047067208528
9,6,15,0.7048704251015955
8,7,15,0.39365820288251563
10,5,15,NaN
10,5,15,0.7943141978951035
10,5,15,0.35163936320323114
12,3,15,NaN
10,5,15,0.4389759442456205
13,2,15,0.35944974396699086
8,7,15,0.00217832202086704
12,3,15,0.4869472780660612
11,4,15,0.7351022872357142
7,8,15,0.39365820288251563
10,5,15,0.32315066288369876
13,2,15,0.966379174289979
13,2,15,0.00413632405351317
8,7,15,0.16813591345540657
9,6,15,0.2770589453938832
8,7,15,0.0025644290010239084
10,5,15,0.2770589453938832
13,2,15,0.8418168267177661
15,0,15,0.5349934737290842
10,5,15,0.5439779729715323
10,5,15,0.5843368854103148
6,9,15,NaN
13,2,15,0.6629394266610144
11,4,15,0.6809844279227891
13,2,15,0.03973270879120916
6,9,15,NaN
12,3,15,2.9650577970837572e-8
12,3,15,NaN
13,2,15,0.9097889372969507
14,1,15,0.7943141978951035
11,4,15,NaN
12,3,15,0.19617541385364703
11,4,15,0.24299412154726827
11,4,15,0.10644627622097674
13,2,15,0.3147278493122561
8,7,15,0.1196224010199223
13,2,15,0.10644627622097674
11,4,15,0.09331494238381467
10,5,15,0.14080710657571024
10,5,15,NaN
12,3,15,0.8418168267177661
8,7,15,0.045946027748132785
6,9,15,NaN
6,9,15,0.6211047067208528
12,3,15,0.7351022872357142
12,3,15,0.06988872661807305
9,6,15,0.31625897298352507
13,2,15,0.18561760226461765
9,6,15,NaN
12,3,15,0.08718827392492391
15,0,15,0.17775712479826336
9,6,15,0.9097889372969507
11,4,15,NaN
13,2,15,0.02813072740446211
9,6,15,0.21836831553307084
9,6,15,0.5195446384134886
9,6,15,0.8418168267177661
10,5,15,NaN
7,8,15,0.5107915633384987
8,7,15,0.27616249731516485
9,6,15,0.1022683109786813
11,4,15,0.9690207992381747
12,3,15,7.532257780271026e-7
12,3,15,0.10504168716138743
13,2,15,NaN
9,6,15,0.4581991234357447
12,3,15,0.0007110179686360311
12,3,15,0.9799588626550771
9,6,15,0.24299412154726827
10,5,15,0.001782373715777207
12,3,15,NaN
13,2,15,0.045946027748132785
12,3,15,0.2157255539569741
12,3,15,0.9452512051460086
7,8,15,0.161264881038212
11,4,15,0.5482402451094076
11,4,15,0.6211047067208528
13,2,15,0.534054961478336
6,9,15,NaN
8,7,15,0.534054961478336
12,3,15,NaN
13,2,15,0.9341419838691439
7,8,15,0.5773495910338519
13,2,15,0.11458844739792497
5,10,15,0.7659187175498298
11,4,15,NaN
11,4,15,NaN
13,2,15,0.04414471393248462
7,8,15,0.6629394266610144
13,2,15,0.35163936320323114
9,6,15,0.03832813857117106
11,4,15,0.9306245247175399
11,4,15,0.35163936320323114
9,6,15,0.05323635181056375
13,2,15,0.09331494238381467
7,8,15,0.4389759442456205
8,7,15,0.2770589453938832
13,2,15,0.08507677969468999
13,2,15,0.7351022872357142
13,2,15,0.13316119865824727
8,7,15,0.0621516079217303
12,3,15,NaN
13,2,15,0.9417968985990162
11,4,15,NaN
14,1,15,NaN
7,8,15,0.9452512051460086
9,6,15,0.0013555547339324375
12,3,15,0.10339362190259636
10,5,15,0.7634141534326366
10,5,15,NaN
10,5,15,0.8949950374154003
13,2,15,0.06058247105517931
9,6,15,0.8791469822960243
8,7,15,0.010112360026436553
13,2,15,0.005746808877730253
10,5,15,0.004044113094665941
12,3,15,0.056405144673384575
7,8,15,0.8368151104128719
13,2,15,0.4389759442456205
10,5,15,0.06322947171482042
13,2,15,0.4237427017390893
10,5,15,0.8418168267177661
11,4,15,0.9031196674843806
11,4,15,0.12196444410581492
10,5,15,0.03973270879120916
7,8,15,NaN
9,6,15,0.9749834651108517
12,3,15,0.9336743037628588
10,5,15,0.534054961478336
12,3,15,0.7711154964759444
10,5,15,0.7351022872357142
11,4,15,NaN
12,3,15,0.8053310532878865
9,6,15,0.6629394266610144
11,4,15,0.161264881038212
12,3,15,0.5773495910338519
11,4,15,0.39365820288251563
14,1,15,0.06988872661807305
8,7,15,NaN
13,2,15,0.03973270879120916
13,2,15,NaN
13,2,15,0.9336743037628588
10,5,15,0.3959580244850012
8,7,15,NaN
8,7,15,0.00040319535385713453
10,5,15,0.9684547320912568
11,4,15,0.7859756326906212
10,5,15,0.8617097556108892
11,4,15,0.8698388722255683
11,4,15,0.4974333747400884
8,7,15,0.3126627542533495
8,7,15,NaN
7,8,15,0.25420275489446115
12,3,15,0.7008553584305408
10,5,15,0.06988872661807305
10,5,15,0.29875947887280413
10,5,15,NaN
11,4,15,0.4389759442456205
11,4,15,0.9097889372969507
12,3,15,0.7215360550076703
7,8,15,0.21187913375295056
8,7,15,0.22773816555547577
10,5,15,0.013595179396091573
13,2,15,NaN
9,6,15,0.7351022872357142
10,5,15,0.7351022872357142
13,2,15,0.922483585895465
11,4,15,0.6629394266610144
10,5,15,NaN
5,10,15,0.03385271322596606
8,7,15,0.036742342286870594
8,7,15,0.0008228690105754747
7,8,15,0.09331494238381467
10,5,15,3.2425174151527235e-7
10,5,15,0.626079719864563
4,11,15,0.4350742241281686
9,6,15,0.7581643065046536
8,7,15,8.924248139317963e-9
8,7,15,0.13719881971577216
10,5,15,0.4363123380656674
8,7,15,NaN
12,3,15,0.10644627622097674
12,3,15,0.07877475190442301
11,4,15,0.21036168162918792
9,6,15,0.5711771554048322
11,4,15,0.922483585895465
14,1,15,NaN
12,3,15,NaN
8,7,15,0.7351022872357142
9,6,15,0.7943141978951035
14,1,15,NaN
8,7,15,0.14080710657571024
10,5,15,0.4869472780660612
10,5,15,0.3147278493122561
8,7,15,0.6518736368264249
11,4,15,NaN
12,3,15,0.7659187175498298
12,3,15,0.045946027748132785
14,1,15,0.2770589453938832
8,7,15,0.7351022872357142
8,7,15,0.39365820288251563
9,6,15,NaN
6,9,15,0.6647344569969273
14,1,15,0.9690207992381747
8,7,15,0.7351022872357142
10,5,15,0.6211047067208528
6,9,15,0.39365820288251563
11,4,15,0.9097889372969507
6,9,15,5.2531292223306885e-8
12,3,15,NaN
9,6,15,0.12196444410581492
13,2,15,0.06988872661807305
9,6,15,0.045946027748132785
13,2,15,NaN
14,1,15,0.08066489099850212
11,4,15,0.006372337086428715
9,6,15,0.004222095109720416
14,1,15,NaN
4,11,15,0.3745179473663043
8,7,15,0.4389759442456205
7,8,15,NaN
8,7,15,0.9374040082765545
12,3,15,0.8717041900408031
13,2,15,0.4197241208259044
13,2,15,NaN
14,1,15,0.45885943191873046
13,2,15,0.009874091650380949
9,6,15,0.05400398785089825
13,2,15,0.9886670302743008
9,6,15,NaN
12,3,15,0.16196736277221394
9,6,15,0.6211047067208528
13,2,15,0.18561760226461765
11,4,15,0.24299412154726827
9,6,15,0.0013382566443662697
9,6,15,0.12196444410581492
7,8,15,NaN
11,4,15,0.7294421680815067
7,8,15,0.9411219610121818
13,2,15,0.0005957659086809834
10,5,15,NaN
14,1,15,0.36959257766905407
9,6,15,0.41547212352736573
11,4,15,NaN
8,7,15,0.05680289503806471
13,2,15,0.15675696422702134
8,7,15,0.5773495910338519
12,3,15,0.8567845828498181
11,4,15,0.060452491332406995
10,5,15,0.2770589453938832
13,2,15,0.9518448163701045
8,7,15,0.3147278493122561
7,8,15,0.8256138125749558
12,3,15,0.9310069185965686
6,9,15,2.5107882878274278e-5
10,5,15,0.14080710657571024
15,0,15,0.161264881038212
8,7,15,0.9004229274321459
13,2,15,NaN
9,6,15,0.35163936320323114
9,6,15,0.1298306573876215
10,5,15,0.9941692455764074
12,3,15,0.1450477724603556
10,5,15,0.08782357226538767
14,1,15,0.9447743928101461
6,9,15,0.06058247105517931
11,4,15,0.005100602238806189
10,5,15,NaN
10,5,15,0.034832392112591995
8,7,15,0.6211047067208528
11,4,15,0.3399082013245906
11,4,15,0.015465046784557929
12,3,15,0.0004361536503447034
11,4,15,0.6698830373832207
11,4,15,0.06511670295595576
8,7,15,0.8418168267177661
14,1,15,0.8422916154044185
11,4,15,NaN
9,6,15,0.6563875518623467
10,5,15,0.09331494238381467
10,5,15,NaN
14,1,15,0.21187913375295056
10,5,15,0.5154727415284115
9,6,15,NaN
9,6,15,0.013781172632951661
7,8,15,2.745722929245604e-6
10,5,15,NaN
8,7,15,0.5773495910338519
13,2,15,0.14080710657571024
12,3,15,0.021254623650974042
9,6,15,0.7351022872357142
10,5,15,0.6211047067208528
11,4,15,0.5773495910338519
10,5,15,0.25565464817440275
9,6,15,0.5836120253037347
7,8,15,0.06988872661807305
12,3,15,0.08115644780417555
9,6,15,0.5216973633391621
13,2,15,NaN
14,1,15,0.39365820288251563
11,4,15,0.20124626244875182
6,9,15,0.922483585895465
12,3,15,0.9534911290835386
14,1,15,0.161264881038212
14,1,15,NaN
11,4,15,0.39365820288251563
9,6,15,0.8204795116931126
9,6,15,0.35163936320323114
9,6,15,0.11155054081468473
9,6,15,0.12196444410581492
11,4,15,0.12203158658831269
11,4,15,0.23157739089047544
11,4,15,0.8198308034724631
14,1,15,0.09859856759902098
12,3,15,0.35163936320323114
11,4,15,0.6284374092699231
8,7,15,0.6716678372530487
9,6,15,0.6073154641709546
8,7,15,1.6772669987128054e-5
10,5,15,0.6211047067208528
9,6,15,NaN
14,1,15,NaN
12,3,15,0.7659187175498298
9,6,15,NaN
10,5,15,0.8215298843666329
9,6,15,0.17916842853398152
11,4,15,0.00037385185451120856
8,7,15,0.0014850026481310564
13,2,15,NaN
8,7,15,NaN
12,3,15,0.7659187175498298
8,7,15,0.35163936320323114
9,6,15,0.6629394266610144
7,8,15,0.02393939649648019
11,4,15,NaN
12,3,15,0.0012250054768362703
11,4,15,0.3516879470563412
5,10,15,0.027743747147522858
11,4,15,0.0005100309085773871
12,3,15,0.18561760226461765
11,4,15,0.00230409139195632
10,5,15,NaN
14,1,15,0.9723415523068809
7,8,15,NaN
11,4,15,0.4869472780660612
12,3,15,0.007827960273527267
10,5,15,0.5532407804862252
8,7,15,NaN
11,4,15,0.534054961478336
13,2,15,0.7659187175498298
13,2,15,0.4389759442456205
12,3,15,NaN
6,9,15,0.3147278493122561
11,4,15,0.534054961478336
8,7,15,0.7659187175498298
12,3,15,0.7484218491056744
13,2,15,0.6459136858084055
10,5,15,0.24622944368848862
13,2,15,0.8204795116931126
11,4,15,0.7679053644934727
12,3,15,0.3147278493122561
11,4,15,0.09331494238381467
8,7,15,1.358659291522562e-11
14,1,15,NaN
7,8,15,0.8949950374154003
9,6,15,0.7659187175498298
11,4,15,0.03973270879120916
8,7,15,0.5773495910338519
13,2,15,0.8949950374154003
6,9,15,NaN
11,4,15,0.349428066407448
7,8,15,NaN
6,9,15,0.21187913375295056
9,6,15,0.48230839750680765
7,8,15,NaN
13,2,15,0.021945987001383307
13,2,15,0.8204795116931126
14,1,15,0.026782157048660864
14,1,15,NaN
9,6,15,0.03973270879120916
8,7,15,0.962032138983051
12,3,15,0.05295374443847441
7,8,15,0.7943141978951035
11,4,15,0.9749834651108517
12,3,15,0.06058247105517931
13,2,15,0.5415254142073298
11,4,15,0.03973270879120916
9,6,15,0.00025334255518641175
10,5,15,0.8949950374154003
8,7,15,0.534054961478336
9,6,15,0.045946027748132785
9,6,15,0.1738618123053368
9,6,15,NaN
11,4,15,0.06250531847802236
5,10,15,0.8617097556108892
12,3,15,0.04988791531202718
10,5,15,0.6188607159178754
10,5,15,0.9678242550501184
12,3,15,0.7351022872357142
11,4,15,NaN
11,4,15,NaN
10,5,15,0.9279829141532513
12,3,15,0.7943141978951035
13,2,15,0.7659187175498298
9,6,15,0.5624190893075987
9,6,15,0.7145480389727201
7,8,15,NaN
10,5,15,NaN
13,2,15,0.7659187175498298
10,5,15,0.534054961478336
6,9,15,0.10644627622097674
11,4,15,0.6489693285397234
10,5,15,0.161264881038212
12,3,15,0.011648082260060937
13,2,15,4.073709494540083e-6
11,4,15,NaN
12,3,15,0.10644627622097674
9,6,15,0.8791469822960243
11,4,15,0.3459409634562465
11,4,15,NaN
11,4,15,0.2770589453938832
8,7,15,NaN
4,11,15,NaN
7,8,15,0.44445306706824717
12,3,15,0.6991920969136591
13,2,15,0.14080710657571024
7,8,15,0.8418168267177661
12,3,15,0.6745862165295345
12,3,15,0.061100495633263516
11,4,15,0.05098457777413827
13,2,15,NaN
13,2,15,0.534054961478336
9,6,15,NaN
9,6,15,0.12196444410581492
10,5,15,NaN
11,4,15,0.5773495910338519
6,9,15,0.35163936320323114
12,3,15,0.7120588430681319
8,7,15,0.03973270879120916
13,2,15,NaN
10,5,15,0.2770589453938832
8,7,15,0.35163936320323114
12,3,15,NaN
12,3,15,0.4389759442456205
12,3,15,0.694756336345858
9,6,15,0.3147278493122561
13,2,15,0.03468779084967369
8,7,15,0.08996870173914322
12,3,15,0.3147278493122561
13,2,15,0.7008553584305408
11,4,15,0.09331494238381467
12,3,15,0.2770589453938832
13,2,15,NaN
9,6,15,0.7483742881825629
13,2,15,0.8215298843666329
10,5,15,0.14080710657571024
11,4,15,0.2575044932796193
13,2,15,NaN
9,6,15,0.2770589453938832
9,6,15,0.9336743037628588
12,3,15,0.7008553584305408
14,1,15,0.2040911817292968
9,6,15,0.8791469822960243
12,3,15,0.05295374443847441
10,5,15,0.3591611343992021
6,9,15,0.44809840037593174
9,6,15,2.41102525930926e-6
9,6,15,0.39365820288251563
11,4,15,0.003442105670104662
4,11,15,0.16788566083366557
9,6,15,0.5773495910338519
12,3,15,0.001884090493442931
10,5,15,0.9170814198959021
15,0,15,NaN
8,7,15,0.030314753454913013
14,1,15,0.0006818939713857615
13,2,15,NaN
11,4,15,NaN
14,1,15,0.39365820288251563
10,5,15,0.26088718812905376
6,9,15,0.07531463946585376
9,6,15,0.6917942208678505
8,7,15,0.1263440049225468
10,5,15,NaN
11,4,15,0.18561760226461765
8,7,15,0.21187913375295056
12,3,15,0.0018737844340925255
8,7,15,0.31215416913137395
15,0,15,0.004971767082843719
6,9,15,0.7943141978951035
8,7,15,0.027014468767314538
10,5,15,0.036478794699760675
13,2,15,0.7351022872357142
9,6,15,0.001245177958206682
10,5,15,0.3147278493122561
8,7,15,0.9477518788986665
12,3,15,0.14080710657571024
14,1,15,0.21187913375295056
11,4,15,0.4389759442456205
10,5,15,0.922483585895465
10,5,15,NaN
8,7,15,NaN
8,7,15,0.7008553584305408
8,7,15,0.7659187175498298
14,1,15,0.28641621954277807
10,5,15,NaN
10,5,15,0.3591611343992021
12,3,15,0.07595898877601391
14,1,15,0.0018079392074663732
12,3,15,0.30007032477340345
6,9,15,NaN
12,3,15,0.9452512051460086
13,2,15,8.320665150989028e-5
10,5,15,0.09963898002270224
10,5,15,0.045946027748132785
14,1,15,0.014876840483630454
10,5,15,0.6211047067208528
14,1,15,NaN
11,4,15,0.922483585895465
11,4,15,0.14080710657571024
7,8,15,0.5525140998194786
13,2,15,0.446197708266588
12,3,15,0.3147278493122561
11,4,15,0.6629394266610144
12,3,15,NaN
7,8,15,0.18561760226461765
14,1,15,0.035565814146164595
9,6,15,0.4869472780660612
12,3,15,4.3374525537199486e-8
9,6,15,0.2189173741250094
11,4,15,0.4389759442456205
8,7,15,0.04426830835318924
13,2,15,0.07514011489986097
7,8,15,0.9097889372969507
12,3,15,NaN
7,8,15,NaN
11,4,15,0.6629394266610144
8,7,15,0.021618640901954683
8,7,15,0.1666364652403827
13,2,15,0.0015063721349720255
3,12,15,0.8204795116931126
10,5,15,0.962032138983051
5,10,15,0.3001621841426688
9,6,15,0.9534911290835386
9,6,15,0.008220370219626861
10,5,15,0.8204795116931126
4,11,15,NaN
10,5,15,0.1983002680743168
7,8,15,0.6629394266610144
3,12,15,0.9962513607499154
7,8,15,0.25979291782311403
13,2,15,0.08115644780417555
11,4,15,0.2535301380556551
11,4,15,0.9799588626550771
9,6,15,0.02611284212389445
4,11,15,0.8791469822960243
10,5,15,0.6211047067208528
11,4,15,0.08115644780417555
9,6,15,0.7792451244858153
13,2,15,0.161264881038212
12,3,15,0.6211047067208528
6,9,15,NaN
7,8,15,0.06988872661807305
10,5,15,NaN
9,6,15,0.598232825945869
11,4,15,0.9120031862220519
9,6,15,2.447147399777817e-7
10,5,15,0.2504181034720372
9,6,15,0.8204795116931126
10,5,15,NaN
8,7,15,0.5093441704645877
8,7,15,NaN
12,3,15,NaN
5,10,15,0.9680688588449007
9,6,15,0.23778884979562112
12,3,15,0.7351022872357142
5,10,15,0.7943141978951035
8,7,15,NaN
10,5,15,NaN
10,5,15,0.8617097556108892
10,5,15,0.23945891208138506
11,4,15,0.138164378387324
9,6,15,0.05501494125600114
10,5,15,NaN
8,7,15,NaN
11,4,15,NaN
10,5,15,0.24299412154726827
12,3,15,0.12196444410581492
12,3,15,0.008521154637528908
9,6,15,0.1626635854157354
6,9,15,0.01794408664788339
5,10,15,0.056301821019955074
10,5,15,NaN
10,5,15,NaN
8,7,15,NaN
9,6,15,NaN
11,4,15,0.7812945014108696
10,5,15,0.6332894109419442
11,4,15,NaN
8,7,15,0.11761781718413293
10,5,15,0.6629394266610144
11,4,15,0.5413035084788279
15,0,15,0.6205551484059275
11,4,15,2.6245162519490148e-5
12,3,15,0.7659187175498298
9,6,15,NaN
13,2,15,0.9097889372969507
11,4,15,0.9336743037628588
7,8,15,0.03973270879120916
8,7,15,0.7008553584305408
3,12,15,0.978962154453104
6,9,15,0.4869472780660612
6,9,15,NaN
6,9,15,0.7067828270152645
8,7,15,0.12196444410581492
11,4,15,0.534054961478336
11,4,15,0.9886670302743008
7,8,15,0.41473137108385877
7,8,15,0.21187913375295056
11,4,15,0.35163936320323114
8,7,15,0.09849346219273558
12,3,15,0.10644627622097674
6,9,15,0.20794784061982502
6,9,15,0.06058247105517931
10,5,15,0.6629394266610144
13,2,15,0.06988872661807305
7,8,15,0.8460987358318092
8,7,15,0.5773495910338519
10,5,15,0.8949950374154003
10,5,15,0.6211047067208528
7,8,15,0.040836586310592435
9,6,15,0.18872296175654307
10,5,15,0.026970288227190494
7,8,15,0.36186448362773044
9,6,15,NaN
2,13,15,0.538844211663694
7,8,15,0.18533332017963777
10,5,15,0.5886418638258083
9,6,15,0.2526878744997846
8,7,15,0.5773495910338519
11,4,15,NaN
11,4,15,0.09331494238381467
9,6,15,0.10644627622097674
8,7,15,0.09331494238381467
4,11,15,0.5554376351523436
9,6,15,0.04115608134893948
6,9,15,0.11772016628089775
5,10,15,0.6211047067208528
6,9,15,0.18561760226461765
2,13,15,NaN
11,3,14,0.8617097556108892
10,4,14,0.10644627622097674
11,3,14,0.24299412154726827
8,6,14,0.39365820288251563
8,6,14,0.5773495910338519
12,2,14,0.5135204956201115
11,3,14,0.022641636257990223
12,2,14,NaN
10,4,14,NaN
9,5,14,0.991808263676121
11,3,14,0.22598073649906208
7,7,14,0.6211047067208528
12,2,14,NaN
10,4,14,0.09331494238381467
5,9,14,NaN
11,3,14,0.0017876199974743191
14,0,14,0.583929127406625
11,3,14,0.23868938054402397
9,5,14,NaN
6,8,14,0.39365820288251563
11,3,14,0.534054961478336
13,1,14,0.24299412154726827
7,7,14,NaN
12,2,14,0.9534911290835386
14,0,14,0.5263562425219547
7,7,14,NaN
13,1,14,0.534054961478336
12,2,14,NaN
5,9,14,0.8617097556108892
8,6,14,0.534054961478336
10,4,14,0.12421906548042148
11,3,14,0.24299412154726827
12,2,14,0.7351022872357142
12,2,14,0.7659187175498298
6,8,14,0.06988872661807305
8,6,14,0.9452512051460086
8,6,14,NaN
9,5,14,0.908884201870921
5,9,14,0.4207415059989762
8,6,14,NaN
6,8,14,0.34259995770915513
5,9,14,0.45885943191873046
6,8,14,0.39365820288251563
11,3,14,0.4869472780660612
10,4,14,0.08115644780417555
13,1,14,NaN
11,3,14,0.4869472780660612
10,4,14,0.4869472780660612
7,7,14,0.24299412154726827
6,8,14,0.0002019723856656602
10,4,14,0.06944451794035625
12,2,14,0.5782697471524458
12,2,14,0.5773495910338519
11,3,14,NaN
10,4,14,0.7351022872357142
11,3,14,0.7943141978951035
11,3,14,0.10262846730390097
9,5,14,0.6629394266610144
13,1,14,0.4869472780660612
11,3,14,0.0017225665999999018
9,5,14,0.21187913375295056
9,5,14,0.31603071707292774
7,7,14,NaN
12,2,14,0.014620508289745498
10,4,14,NaN
13,1,14,0.6846560727695354
12,2,14,0.4300103795650414
10,4,14,0.7632820268945774
11,3,14,0.4869472780660612
8,6,14,0.35163936320323114
7,7,14,0.4869472780660612
10,4,14,0.9534911290835386
13,1,14,0.15934986550068783
12,2,14,0.0016251635285712649
9,5,14,NaN
12,2,14,0.12196444410581492
9,5,14,0.29232054276008584
10,4,14,0.3238360525545882
10,4,14,0.7966630042167662
9,5,14,0.8791469822960243
8,6,14,0.03973270879120916
14,0,14,0.4586374426287874
11,3,14,0.08996870173914322
7,7,14,NaN
11,3,14,0.0432245443233027
11,3,14,NaN
10,4,14,0.061856253821162735
14,0,14,NaN
11,3,14,NaN
12,2,14,0.6632404926358939
10,4,14,0.690871843765865
14,0,14,0.7008553584305408
11,3,14,NaN
9,5,14,0.015232467259165295
7,7,14,NaN
12,2,14,0.24299412154726827
7,7,14,NaN
11,3,14,0.018976917770642105
9,5,14,0.4233176626642227
11,3,14,0.39365820288251563
12,2,14,0.9571664249807366
9,5,14,NaN
11,3,14,0.38878848159550583
10,4,14,0.4869472780660612
9,5,14,NaN
9,5,14,0.44170910474011843
9,5,14,0.9749834651108517
11,3,14,NaN
9,5,14,0.6211047067208528
9,5,14,NaN
13,1,14,0.43620375551827467
10,4,14,0.18561760226461765
12,2,14,0.8204795116931126
12,2,14,0.7008553584305408
10,4,14,0.3731896981369198
7,7,14,0.26467896053434414
13,1,14,6.7334425004404086e-9
10,4,14,0.06058247105517931
10,4,14,NaN
9,5,14,NaN
12,2,14,0.07910318642284335
14,0,14,0.5355074150205354
9,5,14,0.18561760226461765
10,4,14,0.6211047067208528
12,2,14,NaN
11,3,14,NaN
9,5,14,NaN
11,3,14,0.2770589453938832
12,2,14,NaN
5,9,14,NaN
11,3,14,0.21187913375295056
11,3,14,0.6653674959233236
11,3,14,0.3055692734095933
8,6,14,NaN
10,4,14,NaN
10,4,14,0.03062803622536543
11,3,14,0.03468779084967369
9,5,14,0.546516202614039
12,2,14,NaN
12,2,14,NaN
14,0,14,0.14080710657571024
11,3,14,0.018293516184791508
12,2,14,0.7478500924108313
10,4,14,0.24299412154726827
9,5,14,0.07083440596038545
12,2,14,0.8949950374154003
9,5,14,0.6570187020416813
11,3,14,0.8418168267177661
12,2,14,0.35163936320323114
12,2,14,0.5990611812328681
11,3,14,0.018196683747197316
8,6,14,NaN
3,11,14,0.6211047067208528
13,1,14,0.03009520469865628
6,8,14,0.03468779084967369
9,5,14,0.6629394266610144
12,2,14,0.0018353994648486556
10,4,14,0.12196444410581492
12,2,14,0.7351022872357142
8,6,14,NaN
5,9,14,0.007827960273527267
7,7,14,0.40013184478534997
8,6,14,0.06058247105517931
13,1,14,0.09331494238381467
10,4,14,0.018251152795262952
13,1,14,0.8984129258665468
13,1,14,0.10633907198401477
9,5,14,0.36580721280013206
13,1,14,0.835745156132058
10,4,14,NaN
13,1,14,0.922483585895465
10,4,14,0.534054961478336
12,2,14,0.6629394266610144
11,3,14,0.055441685015847356
10,4,14,0.16616547058851125
12,2,14,0.8667461462965582
5,9,14,0.9444012070806406
14,0,14,NaN
10,4,14,NaN
8,6,14,0.9097889372969507
12,2,14,0.13176945822164213
9,5,14,0.7008553584305408
11,3,14,0.18561760226461765
11,3,14,0.21036168162918792
13,1,14,0.1263440049225468
9,5,14,NaN
8,6,14,0.21618929575964085
9,5,14,0.962032138983051
10,4,14,0.7249079117024487
13,1,14,0.23873681815462097
11,3,14,0.9701055626467832
9,5,14,0.4869472780660612
10,4,14,0.03973270879120916
12,2,14,0.8418168267177661
9,5,14,0.011386810454683207
13,1,14,0.0019575942924920132
7,7,14,0.003442105670104662
9,5,14,0.007827960273527267
11,3,14,0.6624664906720489
11,3,14,0.9097889372969507
9,5,14,0.002144739130434723
12,2,14,0.35163936320323114
12,2,14,0.1871972718951997
9,5,14,0.9888914220245766
11,3,14,NaN
11,3,14,0.10644627622097674
12,2,14,0.3147278493122561
10,4,14,0.4389759442456205
11,3,14,NaN
6,8,14,0.06988872661807305
7,7,14,0.6759234642119558
8,6,14,NaN
10,4,14,0.45885943191873046
9,5,14,0.7852101569209279
7,7,14,0.03973270879120916
8,6,14,0.06058247105517931
13,1,14,0.22223008053759952
12,2,14,0.4869472780660612
8,6,14,0.19586873389645038
10,4,14,0.8204795116931126
11,3,14,0.6211047067208528
10,4,14,0.14080710657571024
12,2,14,NaN
12,2,14,0.2770589453938832
9,5,14,0.12196444410581492
10,4,14,0.5587727403617719
4,10,14,0.7659187175498298
8,6,14,0.7659187175498298
13,1,14,0.02611284212389445
12,2,14,0.20389225013951995
13,1,14,0.12196444410581492
13,1,14,0.9690207992381747
12,2,14,0.4876779604987022
10,4,14,NaN
11,3,14,0.9431432041408098
12,2,14,0.534054961478336
13,1,14,NaN
5,9,14,NaN
10,4,14,0.5773495910338519
10,4,14,0.11301024888354134
11,3,14,0.39365820288251563
10,4,14,0.09030490551850928
7,7,14,0.3244150640744724
9,5,14,0.0021903510103783836
9,5,14,0.4807501956407166
7,7,14,0.18561760226461765
9,5,14,0.8949950374154003
12,2,14,0.5773495910338519
13,1,14,0.8418168267177661
11,3,14,0.7008553584305408
12,2,14,0.27577478850621767
8,6,14,0.12196444410581492
12,2,14,0.03025847703180226
10,4,14,NaN
12,2,14,NaN
8,6,14,0.035854017974550616
12,2,14,0.7351022872357142
12,2,14,0.47248692332919245
11,3,14,0.019796611237301778
12,2,14,NaN
11,3,14,0.9845924478014567
9,5,14,0.8949950374154003
12,2,14,0.18561760226461765
10,4,14,0.001851464381362323
7,7,14,NaN
11,3,14,0.4389759442456205
7,7,14,0.3642346147916237
8,6,14,0.8418168267177661
10,4,14,NaN
12,2,14,0.5681595031794388
11,3,14,NaN
9,5,14,0.5773495910338519
4,10,14,0.962032138983051
8,6,14,NaN
11,3,14,0.4389759442456205
9,5,14,NaN
7,7,14,0.8791469822960243
8,6,14,0.18410391185353114
12,2,14,NaN
12,2,14,0.011548859642466828
11,3,14,0.05295374443847441
7,7,14,0.7659187175498298
11,3,14,0.7637584083293147
8,6,14,0.022337155190517863
13,1,14,0.9749834651108517
12,2,14,NaN
10,4,14,0.1849304147572628
11,3,14,0.161264881038212
9,5,14,NaN
11,3,14,0.04649936375630396
11,3,14,0.39365820288251563
6,8,14,NaN
13,1,14,NaN
11,3,14,0.35163936320323114
8,6,14,0.004280987485936364
12,2,14,0.35163936320323114
9,5,14,0.8417423124888179
7,7,14,0.12345820904715851
10,4,14,0.18561760226461765
13,1,14,0.0032520693504544122
11,3,14,0.05295374443847441
10,4,14,NaN
10,4,14,NaN
8,6,14,NaN
12,2,14,0.7943141978951035
11,3,14,0.09658924184633927
7,7,14,0.6563875518623467
7,7,14,0.34900087447900685
12,2,14,0.5773495910338519
10,4,14,NaN
11,3,14,0.03025847703180226
10,4,14,0.9227163953427896
11,3,14,0.534054961478336
10,4,14,0.04664307061260462
8,6,14,NaN
9,5,14,NaN
11,3,14,0.6007604360598002
12,2,14,NaN
6,8,14,0.4869472780660612
8,6,14,0.006091701711492965
13,1,14,0.32149404304116785
10,4,14,0.02513805116454865
11,3,14,0.534054961478336
9,5,14,0.6629394266610144
11,3,14,0.161264881038212
7,7,14,NaN
11,3,14,NaN
11,3,14,NaN
8,6,14,0.24299412154726827
11,3,14,0.00413632405351317
8,6,14,NaN
11,3,14,0.017220954697833656
4,10,14,0.12196444410581492
6,8,14,0.3147278493122561
10,4,14,0.7351022872357142
7,7,14,NaN
9,5,14,NaN
11,3,14,0.183951776474452
12,2,14,NaN
14,0,14,0.7008553584305408
12,2,14,0.8204795116931126
8,6,14,0.032334477917913954
12,2,14,0.7659187175498298
12,2,14,0.3147278493122561
10,4,14,0.161264881038212
9,5,14,NaN
6,8,14,NaN
12,2,14,NaN
8,6,14,NaN
13,1,14,0.05411312634498792
11,3,14,0.03067712820743121
8,6,14,NaN
10,4,14,NaN
10,4,14,0.0049306026410736595
11,3,14,0.1065632526747256
8,6,14,0.7947345549461349
12,2,14,0.21187913375295056
9,5,14,0.06058247105517931
12,2,14,0.045946027748132785
8,6,14,0.04335102135452581
8,6,14,0.7057494352725447
7,7,14,0.8949950374154003
14,0,14,0.6211047067208528
9,5,14,NaN
11,3,14,0.5773495910338519
11,3,14,0.24299412154726827
6,8,14,0.4869472780660612
13,1,14,0.6629394266610144
8,6,14,0.015444497710432275
9,5,14,NaN
6,8,14,0.8791469822960243
10,4,14,0.3147278493122561
9,5,14,0.8493529215207565
13,1,14,0.1135094910315754
9,5,14,NaN
10,4,14,0.06058247105517931
12,2,14,0.8418168267177661
11,3,14,0.962473039317112
10,4,14,NaN
11,3,14,0.916742654817865
9,5,14,0.9097889372969507
10,4,14,NaN
12,2,14,0.19796500684132637
12,2,14,0.3147278493122561
12,2,14,0.11772016628089775
9,5,14,0.4389759442456205
11,3,14,1.3725240889609205e-7
6,8,14,0.249125667160881
10,4,14,0.6629394266610144
8,6,14,0.9749834651108517
12,2,14,NaN
13,1,14,0.6211047067208528
11,3,14,0.4869472780660612
11,3,14,0.16465187806228962
7,7,14,0.12196444410581492
12,2,14,0.10816594674663332
7,7,14,0.06004532271720884
11,3,14,0.7351022872357142
14,0,14,0.11975102882288077
9,5,14,0.527888044110362
8,6,14,0.24299412154726827
9,5,14,0.35163936320323114
11,3,14,0.7392109214513632
7,7,14,0.09331494238381467
10,4,14,0.02611284212389445
5,9,14,1.9227269808321166e-5
4,10,14,0.4869472780660612
8,6,14,NaN
8,6,14,0.8418168267177661
12,2,14,0.8446636752540467
11,3,14,0.2770589453938832
13,1,14,0.8968686531171463
8,6,14,0.022641636257990223
10,4,14,0.6579845604889245
10,4,14,0.14080710657571024
10,4,14,NaN
11,3,14,NaN
11,3,14,0.2770589453938832
12,2,14,0.12196444410581492
13,1,14,NaN
13,1,14,0.03749328925298923
12,2,14,0.534054961478336
11,3,14,0.36766228888764263
7,7,14,3.8847793809787545e-5
10,4,14,0.962032138983051
7,7,14,0.8204795116931126
13,1,14,0.08115644780417555
8,6,14,NaN
7,7,14,0.10644627622097674
6,8,14,NaN
10,4,14,0.7008553584305408
10,4,14,0.019421260827202445
9,5,14,0.05333175413188685
7,7,14,0.7351022872357142
7,7,14,0.4869472780660612
8,6,14,0.4869472780660612
10,4,14,0.25990850867455345
9,5,14,0.9839515160534376
9,5,14,0.7659187175498298
13,1,14,0.18561760226461765
9,5,14,0.2675223009265887
12,2,14,0.012345785291434725
9,5,14,NaN
6,8,14,0.10644627622097674
12,2,14,NaN
10,4,14,0.6629394266610144
10,4,14,0.9792398131722689
8,6,14,0.0004344633922898315
10,4,14,NaN
10,4,14,0.18561760226461765
11,3,14,NaN
7,7,14,0.3031656687406401
2,12,14,0.016749015938010137
12,2,14,NaN
7,7,14,0.6629394266610144
12,2,14,0.2678223528950912
9,5,14,0.7351022872357142
5,9,14,0.161264881038212
11,3,14,NaN
9,5,14,0.6211047067208528
7,7,14,0.7351022872357142
7,7,14,0.2926225168858763
10,4,14,0.007666122106497842
12,2,14,0.2040911817292968
12,2,14,0.0013382048050153911
10,4,14,0.4869472780660612
11,3,14,0.3049874246518596
9,5,14,0.24299412154726827
12,2,14,0.03973270879120916
12,2,14,0.6211047067208528
9,5,14,0.991808263676121
8,6,14,0.029082055192008082
9,5,14,NaN
10,4,14,0.8949950374154003
12,2,14,0.8791469822960243
8,6,14,0.08996870173914322
10,4,14,0.8949950374154003
13,1,14,0.2770589453938832
9,5,14,0.7351022872357142
8,6,14,0.41141431135352663
11,3,14,NaN
6,8,14,NaN
9,5,14,0.9629857967331996
11,3,14,0.14080710657571024
10,4,14,0.01600585791453141
11,3,14,0.6211047067208528
14,0,14,0.14080710657571024
10,4,14,0.01393608731366236
7,7,14,0.0815539312643708
12,2,14,0.18645640911310743
11,3,14,NaN
11,3,14,0.8617097556108892
11,3,14,0.6071735884202042
10,4,14,NaN
10,4,14,NaN
9,5,14,0.3812822181464904
9,5,14,0.06988872661807305
10,4,14,0.027823267736347405
9,5,14,0.10066277715400229
7,7,14,0.861018621750768
11,3,14,0.5299817961731534
6,8,14,0.03468779084967369
12,2,14,0.8204795116931126
12,2,14,0.7659187175498298
10,4,14,0.06058247105517931
7,7,14,0.8949950374154003
10,4,14,0.4389759442456205
7,7,14,NaN
10,4,14,0.5309308436321334
10,4,14,NaN
10,4,14,0.28165270491828115
7,7,14,0.7008553584305408
8,6,14,0.24299412154726827
9,5,14,0.039773888487817516
7,7,14,0.9970776095415316
5,9,14,NaN
7,7,14,0.07886416121594382
11,3,14,NaN
10,4,14,0.04899991530502719
10,4,14,0.8514188328863133
12,2,14,0.9097889372969507
4,10,14,NaN
11,3,14,0.0001984455295887633
6,8,14,NaN
8,6,14,NaN
9,5,14,0.08316088175897203
11,3,14,0.14080710657571024
7,7,14,1.3725240889609205e-7
7,7,14,NaN
7,7,14,0.9534911290835386
9,5,14,0.09331494238381467
7,7,14,1.979427063889876e-7
12,2,14,NaN
7,7,14,0.5208172689929056
10,4,14,0.7008553584305408
8,6,14,0.962032138983051
10,4,14,NaN
8,6,14,0.161264881038212
13,1,14,NaN
10,4,14,NaN
4,10,14,0.35163936320323114
11,3,14,0.10102459344180287
11,3,14,0.5773495910338519
8,6,14,NaN
12,2,14,0.24299412154726827
10,4,14,0.9845924478014567
11,3,14,0.006638695752690222
8,6,14,0.5773495910338519
10,4,14,0.12196444410581492
10,4,14,NaN
12,2,14,0.4869472780660612
8,6,14,0.4389759442456205
10,4,14,NaN
11,3,14,0.7943141978951035
7,7,14,0.6629394266610144
11,3,14,0.8617097556108892
12,2,14,0.8617097556108892
10,4,14,0.08040061945502085
13,1,14,0.9444012070806406
12,2,14,0.6402905730991075
6,8,14,0.24299412154726827
12,2,14,0.5606762847497944
12,2,14,0.18561760226461765
7,7,14,0.4869472780660612
7,7,14,0.39365820288251563
12,2,14,3.216743950219834e-5
8,6,14,NaN
10,4,14,0.534054961478336
7,7,14,0.9097889372969507
11,3,14,0.279242781579382
11,3,14,0.14080710657571024
11,3,14,0.08190897053960447
12,2,14,0.013595179396091573
11,3,14,0.12196444410581492
8,6,14,0.24299412154726827
9,5,14,NaN
6,8,14,0.12740842049772283
11,3,14,0.5423516600294921
10,4,14,0.46202580858669456
9,5,14,0.07243504116155684
9,5,14,0.06058247105517931
10,4,14,NaN
10,4,14,0.8617097556108892
7,7,14,0.001851464381362323
6,8,14,0.9097889372969507
8,6,14,0.2770589453938832
6,8,14,0.002500390209251536
11,3,14,NaN
8,6,14,NaN
11,3,14,0.9534911290835386
5,9,14,0.4389759442456205
8,6,14,0.06058247105517931
12,2,14,NaN
9,5,14,0.39365820288251563
10,4,14,0.73490864013557
7,7,14,0.238966046095233
11,3,14,0.35163936320323114
6,8,14,NaN
10,4,14,NaN
9,5,14,0.16375879283146516
10,4,14,NaN
11,3,14,0.8819637930910276
9,5,14,0.0066013726046558405
9,5,14,0.534054961478336
9,5,14,NaN
9,5,14,0.7008553584305408
10,4,14,0.3147278493122561
8,6,14,0.3939703786391909
11,3,14,0.14440316810075005
9,5,14,0.9534911290835386
9,5,14,0.01581160352596405
11,3,14,0.14882609011537778
9,5,14,4.20511874712317e-8
7,7,14,0.21187913375295056
11,3,14,0.3147278493122561
11,3,14,0.534054961478336
8,6,14,0.015678018775019908
10,4,14,0.16176629969724374
12,2,14,0.161264881038212
8,6,14,0.10644627622097674
9,5,14,NaN
11,3,14,NaN
11,3,14,NaN
10,4,14,0.8617097556108892
8,6,14,NaN
4,10,14,0.534054961478336
12,2,14,0.9534911290835386
4,10,14,0.10644627622097674
9,5,14,0.9749834651108517
10,4,14,0.016352394412106192
5,9,14,0.9444012070806406
9,5,14,0.03468779084967369
10,4,14,0.8791469822960243
8,6,14,0.8617097556108892
10,4,14,0.24299412154726827
10,4,14,NaN
9,5,14,0.30728168715621196
13,1,14,0.007827960273527267
6,8,14,0.9097889372969507
10,4,14,NaN
13,1,14,0.4389759442456205
11,3,14,NaN
11,3,14,0.8791469822960243
9,5,14,NaN
9,5,14,NaN
13,1,14,0.694756336345858
9,5,14,0.7351022872357142
9,5,14,0.8975341587495204
9,5,14,0.9336743037628588
13,1,14,0.10276832151156005
10,4,14,NaN
9,5,14,NaN
8,6,14,0.4389759442456205
4,10,14,0.5846310885929272
9,5,14,NaN
11,3,14,0.8418168267177661
4,10,14,0.09331494238381467
9,5,14,NaN
10,4,14,0.7943141978951035
10,4,14,0.8949950374154003
9,5,14,NaN
10,4,14,0.14080710657571024
9,5,14,NaN
7,7,14,0.35163936320323114
9,5,14,0.11751631315197505
7,7,14,0.922483585895465
6,8,14,0.18561760226461765
12,2,14,0.4344741859498727
8,6,14,NaN
7,7,14,0.39365820288251563
12,2,14,NaN
5,9,14,0.27453851903332965
7,7,14,NaN
7,7,14,0.21187913375295056
13,1,14,0.9534911290835386
10,4,14,0.7351022872357142
13,1,14,0.39365820288251563
9,5,14,0.40065544725367075
10,4,14,0.045946027748132785
6,8,14,0.470007512054653
8,6,14,NaN
8,6,14,0.9253181871307055
11,3,14,0.6659743343570399
12,2,14,0.3147278493122561
9,5,14,0.6629394266610144
7,7,14,0.8791469822960243
11,3,14,0.161264881038212
5,9,14,NaN
10,4,14,0.7534962314692407
8,6,14,0.10644627622097674
8,6,14,NaN
11,3,14,0.24299412154726827
8,6,14,0.03025847703180226
8,6,14,0.31215416913137395
10,4,14,0.06988872661807305
12,2,14,0.40299710601659844
6,8,14,0.045946027748132785
9,5,14,NaN
9,5,14,0.8154385829807279
11,3,14,0.4485078650713797
3,11,14,0.048317333087014996
4,10,14,0.5779932676051175
9,5,14,0.022641636257990223
7,7,14,0.3147278493122561
10,4,14,0.24299412154726827
10,4,14,0.922483585895465
10,4,14,NaN
4,10,14,0.9605470021287181
10,4,14,0.03025847703180226
10,4,14,NaN
7,7,14,0.8214170111709466
6,8,14,0.14080710657571024
7,7,14,NaN
12,2,14,0.10644627622097674
9,5,14,0.9845924478014567
8,6,14,NaN
12,2,14,0.7351022872357142
11,3,14,0.39365820288251563
12,2,14,0.4389759442456205
10,4,14,NaN
4,10,14,NaN
5,9,14,0.0834559705922893
6,8,14,0.4389759442456205
3,11,14,0.8418168267177661
6,8,14,0.29984952155407135
8,6,14,0.9097889372969507
12,2,14,0.4869472780660612
6,8,14,NaN
10,4,14,0.8791469822960243
10,4,14,0.4389759442456205
6,8,14,0.33333059084391203
8,6,14,0.161264881038212
13,1,14,0.161264881038212
10,4,14,0.7008553584305408
9,5,14,NaN
11,3,14,0.6211047067208528
8,6,14,0.4869472780660612
12,2,14,0.28540787298220494
5,9,14,0.6412949976139505
9,5,14,NaN
2,12,14,0.18561760226461765
7,7,14,NaN
9,5,14,0.8617097556108892
8,6,14,0.6629394266610144
8,6,14,0.31215416913137395
6,8,14,0.650378701365142
5,9,14,0.7367466053082687
10,4,14,0.7792451244858153
6,8,14,0.09331494238381467
8,6,14,NaN
9,5,14,NaN
6,8,14,0.47724213008549293
8,6,14,NaN
11,3,14,0.30728168715621196
4,10,14,0.8204795116931126
8,6,14,0.0009375461757262774
11,3,14,0.1252629089248614
6,8,14,0.534054961478336
7,7,14,NaN
6,8,14,0.6629394266610144
3,11,14,NaN
9,5,14,0.6697923960979868
9,5,14,NaN
7,7,14,0.4192470590242779
3,11,14,0.2705010082989501
11,3,14,0.6523142839453614
10,4,14,NaN
11,3,14,NaN
13,1,14,0.8617097556108892
6,8,14,0.3147278493122561
3,11,14,0.2770589453938832
3,11,14,0.534054961478336
10,4,14,0.9534911290835386
7,7,14,0.3650468698067386
8,6,14,0.21810674502117694
10,4,14,0.01593791581802408
3,11,14,0.2618071741076049
3,11,14,0.7008553584305408
11,3,14,0.7008553584305408
8,6,14,0.8949950374154003
7,7,14,NaN
7,7,14,0.1499846790362083
6,8,14,NaN
3,11,14,0.13327889983454866
8,6,14,0.7591053420677446
0,14,14,NaN
12,1,13,0.03973270879120916
10,3,13,0.7173282754632971
6,7,13,0.4480906524750578
12,1,13,0.1789386669067468
6,7,13,0.21187913375295056
11,2,13,0.8311766390248938
6,7,13,0.7582868430634206
7,6,13,0.08719142994208176
9,4,13,0.9690207992381747
10,3,13,0.4710500455780136
11,2,13,0.7008553584305408
8,5,13,0.8418168267177661
7,6,13,0.882379830996651
11,2,13,0.4480906524750578
13,0,13,0.30728168715621196
11,2,13,0.07886416121594382
9,4,13,NaN
8,5,13,0.011625908468073121
8,5,13,0.6629394266610144
9,4,13,0.4869472780660612
9,4,13,NaN
8,5,13,0.39365820288251563
10,3,13,NaN
11,2,13,0.534054961478336
8,5,13,0.39365820288251563
7,6,13,0.0005520714389672233
9,4,13,0.7659187175498298
7,6,13,0.4869472780660612
5,8,13,0.10644627622097674
9,4,13,0.21187913375295056
11,2,13,0.12196444410581492
12,1,13,NaN
12,1,13,0.6583028710095281
6,7,13,0.5624190893075987
8,5,13,0.8198308034724631
6,7,13,0.6211047067208528
10,3,13,NaN
10,3,13,0.9097889372969507
10,3,13,0.21187913375295056
6,7,13,0.3147278493122561
8,5,13,0.08115644780417555
12,1,13,0.5773495910338519
9,4,13,0.4869472780660612
12,1,13,0.7351022872357142
9,4,13,0.26799126977873233
8,5,13,0.1578237434919944
12,1,13,0.6700833162786793
10,3,13,3.83757277014229e-5
8,5,13,0.12196444410581492
9,4,13,0.7351022872357142
9,4,13,0.5773495910338519
6,7,13,0.17200256060949295
10,3,13,0.9336743037628588
11,2,13,NaN
7,6,13,0.8791469822960243
9,4,13,0.05295374443847441
6,7,13,NaN
10,3,13,0.2994358489234065
11,2,13,0.004991159991876296
7,6,13,0.8408759900472463
8,5,13,0.8617097556108892
12,1,13,NaN
8,5,13,0.24031437482057857
4,9,13,0.056550942077191746
13,0,13,0.22195216436888726
8,5,13,0.8113104065011121
10,3,13,0.9799588626550771
11,2,13,0.7943141978951035
6,7,13,0.4869472780660612
10,3,13,0.7351022872357142
11,2,13,0.6412854964086431
10,3,13,NaN
6,7,13,0.6296535702685647
12,1,13,0.6629394266610144
8,5,13,0.6211047067208528
7,6,13,0.962032138983051
5,8,13,0.5247431576480571
12,1,13,0.7008553584305408
11,2,13,NaN
4,9,13,0.08115644780417555
9,4,13,0.7659187175498298
8,5,13,0.8617097556108892
11,2,13,0.06058247105517931
8,5,13,0.14080710657571024
9,4,13,0.5624100504369717
11,2,13,0.7943141978951035
11,2,13,NaN
13,0,13,0.0013382566443662697
10,3,13,0.32160884960093616
8,5,13,0.3147278493122561
7,6,13,0.3147278493122561
9,4,13,0.579049057228479
9,4,13,0.7808465729371737
9,4,13,0.13834887017721506
11,2,13,0.12420105625854093
11,2,13,NaN
9,4,13,0.002950601277929661
11,2,13,0.9336743037628588
10,3,13,0.8418168267177661
9,4,13,NaN
12,1,13,3.3403246581840407e-6
8,5,13,0.2770589453938832
6,7,13,0.7943141978951035
11,2,13,0.6563875518623467
10,3,13,0.03025847703180226
11,2,13,0.023478970501129702
9,4,13,0.31805199591569794
8,5,13,NaN
12,1,13,NaN
8,5,13,NaN
7,6,13,0.06058247105517931
9,4,13,0.06058247105517931
9,4,13,0.21563027345939506
7,6,13,0.8418168267177661
11,2,13,0.534054961478336
9,4,13,0.08115644780417555
9,4,13,NaN
12,1,13,0.6617907114444935
11,2,13,0.8419316747504642
7,6,13,NaN
9,4,13,0.9745612489960854
10,3,13,0.045946027748132785
8,5,13,0.35944974396699086
9,4,13,0.4869472780660612
12,1,13,0.0047048811481857754
12,1,13,0.09705052906618594
11,2,13,1.277091809608146e-5
10,3,13,0.30610778460786414
7,6,13,0.26785662138336597
8,5,13,0.0015791155778910266
13,0,13,0.11722271252298676
10,3,13,0.8204795116931126
9,4,13,NaN
12,1,13,0.3147278493122561
10,3,13,0.35163936320323114
8,5,13,0.08115644780417555
10,3,13,0.7351022872357142
11,2,13,0.00033343630933685956
9,4,13,0.05295374443847441
11,2,13,0.2770589453938832
9,4,13,NaN
11,2,13,NaN
12,1,13,0.882667076629416
11,2,13,0.18561760226461765
11,2,13,0.2656100579357883
8,5,13,0.8617097556108892
7,6,13,0.17187554928029022
7,6,13,0.35163936320323114
9,4,13,0.54121964097866
6,7,13,NaN
10,3,13,0.5773495910338519
5,8,13,NaN
8,5,13,0.14080710657571024
12,1,13,0.10644627622097674
7,6,13,0.08370590389785965
9,4,13,0.14080710657571024
11,2,13,2.2197230099653825e-14
11,2,13,0.8791469822960243
9,4,13,0.4086147867281044
8,5,13,0.14080710657571024
10,3,13,0.10538055977628438
11,2,13,0.4676958495109365
5,8,13,0.21187913375295056
9,4,13,0.18561760226461765
12,1,13,0.6629394266610144
13,0,13,NaN
12,1,13,0.045946027748132785
12,1,13,0.036411748182285014
10,3,13,NaN
10,3,13,NaN
10,3,13,0.8555968485830636
8,5,13,0.4389759442456205
10,3,13,NaN
11,2,13,5.212202020762032e-6
11,2,13,0.9411847454973163
9,4,13,0.3923554629692027
10,3,13,0.962032138983051
11,2,13,0.8418168267177661
7,6,13,0.5808813602523217
11,2,13,0.030830702140535564
11,2,13,NaN
10,3,13,0.7597998355084672
11,2,13,NaN
10,3,13,0.004812768265524112
8,5,13,NaN
13,0,13,0.020456098959755118
9,4,13,0.10644627622097674
11,2,13,NaN
10,3,13,0.4869472780660612
11,2,13,0.9886670302743008
10,3,13,NaN
11,2,13,0.2770589453938832
11,2,13,0.39365820288251563
12,1,13,0.24457401186591002
11,2,13,0.0142415422731183
8,5,13,0.013584695640948361
9,4,13,0.07376797576157743
11,2,13,0.21187913375295056
11,2,13,1.338257962587628e-7
12,1,13,NaN
9,4,13,NaN
12,1,13,0.9799588626550771
9,4,13,0.7943141978951035
11,2,13,0.03727943502248963
9,4,13,0.7351022872357142
11,2,13,0.6211047067208528
9,4,13,0.3147278493122561
8,5,13,0.1666364652403827
10,3,13,0.35163936320323114
10,3,13,NaN
9,4,13,0.11212326449798977
11,2,13,0.24299412154726827
11,2,13,0.019582362947367808
9,4,13,NaN
12,1,13,0.0008902532710457464
8,5,13,NaN
10,3,13,0.9690207992381747
11,2,13,NaN
12,1,13,0.7659187175498298
9,4,13,0.4642803052932215
11,2,13,0.4616905337805666
6,7,13,0.16601997204332375
5,8,13,0.05465683275204276
9,4,13,0.7351022872357142
10,3,13,0.793104498869147
11,2,13,0.35163936320323114
10,3,13,0.27398823185029497
8,5,13,0.6595369372753315
11,2,13,0.8418168267177661
13,0,13,0.18561760226461765
11,2,13,0.8385913046812368
11,2,13,2.283327024407254e-5
8,5,13,0.00413632405351317
5,8,13,0.1517423627412155
13,0,13,0.35163936320323114
9,4,13,0.10644627622097674
10,3,13,NaN
10,3,13,0.5773495910338519
8,5,13,0.8617097556108892
7,6,13,0.003442105670104662
9,4,13,NaN
5,8,13,0.349428066407448
8,5,13,NaN
9,4,13,0.5893595730167072
8,5,13,NaN
8,5,13,0.43499628543970986
12,1,13,NaN
9,4,13,NaN
8,5,13,0.8345369129524817
9,4,13,0.13240953353600007
10,3,13,NaN
11,2,13,0.5893858055543852
8,5,13,0.22773816555547577
11,2,13,0.26824654735208353
10,3,13,0.4389759442456205
7,6,13,0.013584695640948361
9,4,13,0.18561760226461765
11,2,13,NaN
9,4,13,NaN
10,3,13,0.8791469822960243
6,7,13,0.09331494238381467
11,2,13,0.38659972049891433
9,4,13,NaN
6,7,13,0.21187913375295056
8,5,13,0.922483585895465
8,5,13,0.39365820288251563
7,6,13,0.6551828814978092
6,7,13,0.922483585895465
11,2,13,0.5773495910338519
10,3,13,0.7008553584305408
11,2,13,0.8949950374154003
8,5,13,0.5773495910338519
13,0,13,0.10644627622097674
8,5,13,0.7287040245056824
11,2,13,0.8791469822960243
8,5,13,0.8949950374154003
10,3,13,NaN
9,4,13,0.4389759442456205
10,3,13,0.8617097556108892
9,4,13,0.525816860430935
3,10,13,NaN
8,5,13,0.7008553584305408
6,7,13,0.39365820288251563
9,4,13,0.08115644780417555
7,6,13,NaN
9,4,13,0.03025847703180226
8,5,13,0.5773495910338519
11,2,13,0.05295374443847441
9,4,13,0.7351022872357142
9,4,13,NaN
8,5,13,0.7943141978951035
4,9,13,0.6713148606042852
11,2,13,NaN
8,5,13,0.962032138983051
10,3,13,0.8617097556108892
7,6,13,0.8204795116931126
11,2,13,0.44619071473359895
11,2,13,0.30728168715621196
10,3,13,0.8086788025246532
11,2,13,0.9097889372969507
7,6,13,0.13524690945167486
10,3,13,0.21187913375295056
11,2,13,0.39055064033139536
6,7,13,0.8418168267177661
7,6,13,0.3399082013245906
8,5,13,0.6211047067208528
10,3,13,0.161264881038212
10,3,13,0.534054961478336
10,3,13,3.9343272477015715e-5
13,0,13,NaN
10,3,13,NaN
10,3,13,0.9444012070806406
12,1,13,0.922483585895465
12,1,13,0.534054961478336
11,2,13,NaN
7,6,13,0.38082506219556356
8,5,13,0.6629394266610144
10,3,13,0.8418168267177661
12,1,13,0.7943141978951035
9,4,13,0.0012056797303181617
8,5,13,0.08115644780417555
11,2,13,0.962032138983051
10,3,13,0.7351022872357142
9,4,13,0.534054961478336
8,5,13,0.8304754056546917
12,1,13,NaN
7,6,13,0.004971767082843719
7,6,13,0.9097889372969507
10,3,13,0.2530409037440776
7,6,13,0.35163936320323114
12,1,13,NaN
8,5,13,NaN
9,4,13,NaN
13,0,13,0.12196444410581492
8,5,13,NaN
10,3,13,NaN
11,2,13,0.6211047067208528
10,3,13,NaN
9,4,13,0.534054961478336
9,4,13,0.001995604391263477
4,9,13,NaN
9,4,13,0.2770589453938832
8,5,13,0.3741261014255702
11,2,13,0.10472319085852155
8,5,13,NaN
12,1,13,0.8418168267177661
12,1,13,0.8370751080502961
6,7,13,1.849605083399927e-7
12,1,13,0.5219627114535066
6,7,13,0.7008553584305408
8,5,13,NaN
11,2,13,0.35163936320323114
12,1,13,0.922483585895465
7,6,13,0.3147278493122561
11,2,13,0.7008553584305408
8,5,13,NaN
6,7,13,0.12196444410581492
12,1,13,0.14080710657571024
9,4,13,0.06988872661807305
9,4,13,0.39365820288251563
7,6,13,9.429551272039178e-13
8,5,13,0.8617097556108892
10,3,13,0.022641636257990223
9,4,13,0.6629394266610144
11,2,13,NaN
9,4,13,0.03479206276461924
7,6,13,NaN
9,4,13,0.6629394266610144
11,2,13,0.9074458157465323
12,1,13,0.6211047067208528
10,3,13,0.534054961478336
7,6,13,0.7008553584305408
10,3,13,NaN
8,5,13,NaN
11,2,13,NaN
12,1,13,0.7351022872357142
8,5,13,NaN
7,6,13,0.3006805145247323
7,6,13,NaN
11,2,13,0.2228747875940001
9,4,13,0.21193345267086053
8,5,13,0.534054961478336
12,1,13,0.06988872661807305
8,5,13,0.8493299046206177
3,10,13,1.3725240889609205e-7
9,4,13,0.16920413262112016
6,7,13,0.39812611716746504
10,3,13,0.41600442801551046
5,8,13,0.761733647220129
9,4,13,NaN
8,5,13,NaN
10,3,13,0.05825015947339344
8,5,13,0.2770589453938832
10,3,13,0.015741103596036202
6,7,13,0.24299412154726827
12,1,13,0.06425559420429772
9,4,13,0.01878621142699956
11,2,13,0.7659187175498298
11,2,13,0.35163936320323114
12,1,13,0.24299412154726827
3,10,13,0.7659187175498298
10,3,13,0.3147278493122561
6,7,13,0.32131805647656736
9,4,13,NaN
7,6,13,NaN
13,0,13,0.013995690774923554
10,3,13,0.8791469822960243
10,3,13,0.8204795116931126
7,6,13,0.006764619686254196
8,5,13,0.09331494238381467
8,5,13,0.2085566618856682
5,8,13,0.23185095244458026
4,9,13,NaN
11,2,13,0.39365820288251563
11,2,13,NaN
11,2,13,0.39365820288251563
9,4,13,NaN
11,2,13,0.5773495910338519
10,3,13,0.7478500924108313
11,2,13,0.5735720016499335
9,4,13,NaN
12,1,13,NaN
6,7,13,0.39365820288251563
9,4,13,0.4581991234357447
11,2,13,0.7008553584305408
13,0,13,0.9952486174918348
12,1,13,NaN
10,3,13,0.446197708266588
10,3,13,0.1346043502708513
13,0,13,0.7351022872357142
8,5,13,NaN
8,5,13,0.5894286905826579
10,3,13,0.022642516494778057
7,6,13,0.0015309593677293972
11,2,13,0.9097889372969507
9,4,13,NaN
9,4,13,0.4584457217856004
5,8,13,0.3711416743512997
9,4,13,0.015835187342174307
13,0,13,0.962032138983051
10,3,13,0.14080710657571024
11,2,13,0.7008553584305408
10,3,13,0.03312822871847103
6,7,13,0.011852633862153824
7,6,13,NaN
7,6,13,0.39365820288251563
12,1,13,0.922483585895465
8,5,13,0.29617727712509334
12,1,13,NaN
8,5,13,0.00017573284153331176
9,4,13,0.5773495910338519
10,3,13,0.7659187175498298
11,2,13,0.8178713368765808
10,3,13,0.6629394266610144
8,5,13,NaN
10,3,13,0.4307171920685315
9,4,13,NaN
9,4,13,0.2770589453938832
7,6,13,NaN
9,4,13,NaN
11,2,13,0.8848082121258249
9,4,13,NaN
7,6,13,0.2770589453938832
11,2,13,0.5570852840439985
13,0,13,0.24299412154726827
11,2,13,0.7659187175498298
9,4,13,0.8617097556108892
7,6,13,0.04470578578971025
8,5,13,0.8418168267177661
11,2,13,0.09331494238381467
7,6,13,0.21187913375295056
8,5,13,0.7659187175498298
7,6,13,NaN
12,1,13,0.6629394266610144
10,3,13,0.09331494238381467
9,4,13,0.3147278493122561
9,4,13,0.5773495910338519
8,5,13,3.2544426773704465e-13
13,0,13,0.34339831371305546
11,2,13,0.6629394266610144
12,1,13,0.8443555463948681
9,4,13,0.00787481465955577
10,3,13,0.03973270879120916
7,6,13,0.4389759442456205
9,4,13,0.5019954073651849
7,6,13,0.8949950374154003
12,1,13,0.7008553584305408
9,4,13,NaN
7,6,13,0.7943141978951035
11,2,13,0.21842026176800627
6,7,13,NaN
11,2,13,NaN
7,6,13,0.21187913375295056
2,11,13,NaN
12,1,13,NaN
9,4,13,0.8418168267177661
9,4,13,0.9336743037628588
9,4,13,0.2552191183020092
8,5,13,0.898897817946266
10,3,13,0.4364418015128183
7,6,13,0.534054961478336
10,3,13,NaN
6,7,13,0.534054961478336
6,7,13,0.03973270879120916
10,3,13,0.004064164648756485
10,3,13,NaN
13,0,13,0.7008553584305408
5,8,13,NaN
7,6,13,0.2228747875940001
8,5,13,NaN
11,2,13,0.534054961478336
7,6,13,NaN
9,4,13,NaN
6,7,13,0.7008553584305408
10,3,13,0.9602332155856014
9,4,13,NaN
8,5,13,0.03332546233788336
10,3,13,0.39365820288251563
9,4,13,0.045946027748132785
9,4,13,0.018457025260090975
9,4,13,0.35163936320323114
8,5,13,0.3147278493122561
10,3,13,7.576200922112264e-7
12,1,13,0.8418168267177661
7,6,13,0.8949950374154003
7,6,13,NaN
12,1,13,1.3521191699309823e-5
6,7,13,0.667880042711059
10,3,13,0.18561760226461765
11,2,13,0.4869472780660612
13,0,13,0.7351022872357142
9,4,13,0.9941692455764074
10,3,13,0.962032138983051
10,3,13,NaN
11,2,13,0.05295374443847441
7,6,13,0.161264881038212
6,7,13,0.7943141978951035
6,7,13,0.0041749889310885475
13,0,13,0.10644627622097674
4,9,13,0.0012638456707856835
6,7,13,0.013595179396091573
7,6,13,NaN
8,5,13,NaN
7,6,13,0.013584695640948361
11,2,13,0.21187913375295056
10,3,13,NaN
6,7,13,NaN
10,3,13,0.9951876138181441
8,5,13,NaN
9,4,13,0.534054961478336
11,2,13,0.8791469822960243
10,3,13,0.009708197960407164
11,2,13,0.1106048836276365
11,2,13,0.05295374443847441
12,1,13,0.2586852970555855
8,5,13,NaN
9,4,13,0.6211047067208528
8,5,13,0.08115644780417555
7,6,13,0.21187913375295056
10,3,13,0.7382811959210285
12,1,13,NaN
9,4,13,0.35163936320323114
9,4,13,0.7008553584305408
9,4,13,0.3399943990288943
9,4,13,0.016352394412106192
12,1,13,0.5967406945174801
8,5,13,0.5257373201139917
12,1,13,0.7351022872357142
9,4,13,NaN
6,7,13,NaN
5,8,13,NaN
11,2,13,NaN
11,2,13,NaN
6,7,13,0.5332845787941136
11,2,13,NaN
9,4,13,0.24299412154726827
7,6,13,NaN
10,3,13,0.6686986463804714
9,4,13,0.7659187175498298
6,7,13,0.6296518923565885
9,4,13,NaN
7,6,13,0.6211047067208528
9,4,13,NaN
8,5,13,NaN
9,4,13,0.0030104017781420484
11,2,13,0.4869472780660612
8,5,13,0.4389759442456205
6,7,13,0.7943141978951035
11,2,13,0.1889139996532928
8,5,13,0.7351022872357142
11,2,13,NaN
8,5,13,0.7351022872357142
11,2,13,0.006076554075168823
10,3,13,0.3147278493122561
9,4,13,0.12196444410581492
9,4,13,0.922483585895465
10,3,13,0.9097889372969507
9,4,13,0.8473632970824033
11,2,13,NaN
13,0,13,0.3815436730712815
8,5,13,0.580697509322157
9,4,13,0.962032138983051
8,5,13,0.5372198015819529
10,3,13,0.8290752304125107
5,8,13,NaN
9,4,13,NaN
8,5,13,NaN
7,6,13,NaN
11,2,13,0.377425060602357
9,4,13,0.7351022872357142
11,2,13,0.6103087085990719
6,7,13,0.9677093210389013
9,4,13,0.534054961478336
8,5,13,0.7008553584305408
9,4,13,0.07026177230109285
10,3,13,0.9097889372969507
11,2,13,NaN
7,6,13,0.6035623631061047
4,9,13,0.24486288616974736
11,2,13,0.005919664369755246
8,5,13,0.7120588430681319
10,3,13,0.29916026432562987
11,2,13,0.06163641511800284
6,7,13,0.8204795116931126
5,8,13,0.10644627622097674
8,5,13,NaN
11,2,13,NaN
11,2,13,0.7659187175498298
5,8,13,0.16341181293552462
5,8,13,0.12930043735834987
10,3,13,0.001827603768507551
4,9,13,0.10692528549813168
10,3,13,0.29402129744606664
9,4,13,0.922483585895465
8,5,13,0.24299412154726827
6,7,13,0.982355810611759
11,2,13,0.161264881038212
7,6,13,NaN
7,6,13,0.8791469822960243
10,3,13,0.7008553584305408
10,3,13,NaN
7,6,13,NaN
10,3,13,NaN
8,5,13,0.2770589453938832
9,4,13,0.05711273024357762
9,4,13,0.06423769194919918
9,4,13,0.25343274303562374
7,6,13,0.45592239203280516
9,4,13,0.8972216213888053
10,3,13,0.007827960273527267
8,5,13,0.161264881038212
10,3,13,0.2947661282111415
8,5,13,0.7631660706860901
9,4,13,0.7659187175498298
10,3,13,0.18561760226461765
11,2,13,NaN
11,2,13,0.06058247105517931
8,5,13,NaN
9,4,13,NaN
8,5,13,0.8949950374154003
10,3,13,NaN
8,5,13,0.9751014011049584
8,5,13,0.8791469822960243
7,6,13,0.04690051246786249
3,10,13,0.39365820288251563
6,7,13,NaN
7,6,13,0.05204189123967086
12,1,13,NaN
6,7,13,0.5773495910338519
7,6,13,0.8617097556108892
6,7,13,0.10082142010577633
8,5,13,NaN
7,6,13,0.35842433833322523
9,4,13,0.8949950374154003
11,2,13,0.18561760226461765
7,6,13,0.0038965671395855975
6,7,13,0.06058247105517931
11,2,13,0.7943141978951035
8,5,13,0.5208172689929056
7,6,13,NaN
7,6,13,0.6210036869028521
12,1,13,NaN
8,5,13,0.033768604894950885
9,4,13,0.009708197960407164
7,6,13,0.70507362185476
9,4,13,0.45885943191873046
6,7,13,0.8580241182067966
7,6,13,0.4389759442456205
9,4,13,0.8418168267177661
8,5,13,0.023221349984300296
6,7,13,NaN
7,6,13,0.09232774522853207
7,6,13,0.6211047067208528
7,6,13,0.2513489220337205
8,5,13,0.534054961478336
6,7,13,NaN
8,5,13,0.5808813602523217
7,6,13,NaN
11,2,13,0.9213334078795685
10,3,13,0.026420720304872834
8,5,13,0.8617097556108892
6,7,13,0.12196444410581492
8,5,13,NaN
9,4,13,0.4869472780660612
13,0,13,0.03468779084967369
10,3,13,0.8418168267177661
6,7,13,NaN
8,5,13,0.40136464141984535
8,5,13,NaN
9,4,13,0.6654231837752108
11,2,13,0.4389759442456205
9,4,13,0.05209890782992926
10,3,13,0.8418168267177661
6,7,13,NaN
9,4,13,0.06988872661807305
4,9,13,NaN
7,6,13,0.6211047067208528
8,5,13,0.05295374443847441
8,5,13,NaN
10,3,13,0.4869472780660612
7,6,13,0.24299412154726827
8,5,13,0.46202580858669456
9,4,13,NaN
10,3,13,0.10644627622097674
6,7,13,0.09331494238381467
6,7,13,0.00027596663116838263
7,6,13,0.6211047067208528
6,7,13,NaN
6,7,13,0.5638145558921692
6,7,13,0.18561760226461765
12,1,13,0.6211047067208528
10,3,13,0.8418168267177661
6,7,13,0.6305336629429954
11,2,13,0.23185095244458026
11,2,13,0.7008553584305408
9,4,13,0.06988872661807305
8,5,13,0.9677449368446647
5,8,13,0.9886670302743008
11,2,13,NaN
9,4,13,NaN
7,6,13,0.7008553584305408
11,2,13,0.09816248290955543
5,8,13,NaN
8,5,13,0.6211047067208528
10,3,13,0.36959257766905407
7,6,13,NaN
9,4,13,NaN
12,1,13,0.21805357315650817
10,3,13,0.4389759442456205
8,5,13,0.1224711814299063
11,2,13,0.14395953450659268
8,5,13,1.3029820422572355e-5
9,4,13,NaN
10,3,13,0.09331494238381467
10,3,13,0.20794784061982502
10,3,13,0.5219627114535066
10,3,13,0.3034310391565438
9,4,13,0.021894987925233814
9,4,13,0.6629394266610144
9,4,13,0.5637473301680279
9,4,13,0.10644627622097674
7,6,13,0.7008553584305408
6,7,13,NaN
10,3,13,0.4389759442456205
9,4,13,0.18809615157639656
10,3,13,0.9336743037628588
10,3,13,NaN
11,2,13,NaN
8,5,13,0.3063568000275771
10,3,13,0.39365820288251563
11,2,13,0.39365820288251563
8,5,13,0.6629394266610144
6,7,13,NaN
10,3,13,0.1430384966678181
7,6,13,NaN
6,7,13,0.17208084510630536
9,4,13,0.922483585895465
11,2,13,0.6629394266610144
8,5,13,0.7851748406066483
8,5,13,NaN
6,7,13,0.4869472780660612
6,7,13,NaN
10,3,13,0.002561926801232548
9,4,13,0.8617097556108892
8,5,13,0.7351022872357142
10,3,13,0.3174694518288768
6,7,13,NaN
10,3,13,0.6716678372530487
6,7,13,0.3147278493122561
9,4,13,NaN
6,7,13,0.922483585895465
9,4,13,0.3274735024882267
10,3,13,0.5773495910338519
4,9,13,0.8204795116931126
7,6,13,0.35944974396699086
5,8,13,NaN
11,2,13,0.18078279411013473
9,4,13,0.8204795116931126
9,4,13,0.7055294931894466
7,6,13,0.7008553584305408
9,4,13,0.0011916531758814383
9,4,13,0.697679905440175
8,5,13,0.18561760226461765
8,5,13,0.7351022872357142
8,5,13,0.7008553584305408
9,4,13,0.5773495910338519
9,4,13,0.4389759442456205
9,4,13,0.9636131616021387
11,2,13,0.10644627622097674
3,10,13,0.5773495910338519
10,3,13,0.23185095244458026
8,5,13,0.9799588626550771
9,4,13,0.9054991790102049
7,6,13,0.7008553584305408
5,8,13,0.18561760226461765
6,7,13,0.7943141978951035
7,6,13,NaN
6,7,13,NaN
7,6,13,0.922483585895465
6,7,13,0.9452512051460086
6,7,13,NaN
7,6,13,0.6211047067208528
3,10,13,0.534054961478336
8,5,13,NaN
13,0,13,NaN
7,6,13,NaN
10,3,13,NaN
6,7,13,2.486358789966171e-5
5,8,13,0.922483585895465
6,7,13,0.06988872661807305
6,7,13,0.5773495910338519
4,9,13,0.12196444410581492
5,8,13,0.5754700631173558
5,8,13,NaN
6,7,13,0.6211047067208528
5,8,13,NaN
7,6,13,NaN
7,6,13,0.7351022872357142
5,8,13,NaN
4,9,13,NaN
9,4,13,0.6629394266610144
13,0,13,0.9336743037628588
7,6,13,0.6629394266610144
4,9,13,0.04045470763138387
3,10,13,0.013595179396091573
10,3,13,0.7659187175498298
9,4,13,NaN
9,4,13,NaN
5,8,13,NaN
3,10,13,0.5669454565913684
6,7,13,0.9336743037628588
2,11,13,NaN
10,3,13,0.3274735024882267
3,10,13,NaN
2,11,13,0.48110799219971945
3,10,13,NaN
5,7,12,0.9317947812924732
8,4,12,0.8204795116931126
10,2,12,0.39365820288251563
10,2,12,NaN
7,5,12,NaN
10,2,12,NaN
10,2,12,0.7872977167585564
7,5,12,NaN
9,3,12,NaN
7,5,12,0.09331494238381467
7,5,12,0.8617097556108892
8,4,12,0.5332845787941136
6,6,12,0.5154727415284115
7,5,12,0.9845924478014567
7,5,12,0.4869472780660612
8,4,12,0.6629394266610144
6,6,12,NaN
6,6,12,NaN
12,0,12,0.4869472780660612
9,3,12,0.9336743037628588
7,5,12,NaN
9,3,12,NaN
6,6,12,0.3147278493122561
8,4,12,NaN
6,6,12,0.39365820288251563
9,3,12,0.1906920696716894
11,1,12,0.04470578578971025
7,5,12,0.09331494238381467
11,1,12,0.18561760226461765
11,1,12,2.6256850138843997e-6
5,7,12,NaN
8,4,12,0.3356648173745397
7,5,12,0.7351022872357142
6,6,12,0.7008553584305408
11,1,12,NaN
9,3,12,0.5773495910338519
8,4,12,NaN
9,3,12,NaN
9,3,12,0.7008553584305408
8,4,12,0.3113020350068427
10,2,12,0.08115644780417555
11,1,12,0.21187913375295056
12,0,12,0.908884201870921
12,0,12,0.21187913375295056
8,4,12,0.161264881038212
7,5,12,NaN
9,3,12,0.00413632405351317
10,2,12,0.19385369063492225
8,4,12,0.09331494238381467
11,1,12,0.0019575942924920132
12,0,12,0.5632296527301194
5,7,12,0.003389030582843628
11,1,12,0.9097889372969507
9,3,12,NaN
7,5,12,0.12447199167675972
11,1,12,0.8418168267177661
12,0,12,0.026064159841923076
9,3,12,0.1263440049225468
10,2,12,0.161264881038212
10,2,12,0.5773495910338519
9,3,12,0.8617097556108892
7,5,12,0.3735618210809025
8,4,12,NaN
10,2,12,0.5256176415114011
9,3,12,NaN
10,2,12,NaN
10,2,12,NaN
10,2,12,0.010741834380551773
7,5,12,0.24183533931907628
10,2,12,NaN
9,3,12,0.9534911290835386
9,3,12,0.33444683265217007
9,3,12,0.6211047067208528
7,5,12,0.015739357409861005
9,3,12,5.144267616410606e-5
9,3,12,NaN
6,6,12,0.6700833162786793
7,5,12,0.02393939649648019
8,4,12,0.045946027748132785
10,2,12,0.7943141978951035
8,4,12,NaN
9,3,12,0.9749834651108517
6,6,12,0.534054961478336
8,4,12,NaN
12,0,12,0.9336743037628588
10,2,12,0.8617097556108892
8,4,12,0.18561760226461765
5,7,12,0.8617097556108892
10,2,12,0.013595179396091573
9,3,12,0.12196444410581492
10,2,12,0.14080710657571024
10,2,12,0.4389759442456205
7,5,12,NaN
10,2,12,0.4389759442456205
9,3,12,NaN
10,2,12,0.4389759442456205
7,5,12,0.9137887738644975
8,4,12,0.045946027748132785
3,9,12,NaN
7,5,12,NaN
7,5,12,0.821275048162974
8,4,12,0.5773495910338519
12,0,12,0.922483585895465
7,5,12,0.6629394266610144
11,1,12,0.8949950374154003
9,3,12,2.464200155184784e-7
9,3,12,0.22663646407110755
5,7,12,NaN
8,4,12,0.7511589307488591
8,4,12,0.14080710657571024
10,2,12,0.18561760226461765
7,5,12,0.161264881038212
6,6,12,0.06153932438663068
8,4,12,0.161264881038212
10,2,12,0.8617097556108892
11,1,12,0.26424777175204867
11,1,12,0.012429269747730537
10,2,12,0.6211047067208528
11,1,12,0.26925302584461874
6,6,12,NaN
11,1,12,0.6624664906720489
10,2,12,0.1689132027865782
8,4,12,0.10644627622097674
9,3,12,NaN
9,3,12,0.6399012393976493
5,7,12,0.7659187175498298
9,3,12,0.20235161244109334
9,3,12,0.4192470590242779
9,3,12,0.8916734320074627
9,3,12,0.161264881038212
8,4,12,NaN
8,4,12,0.14080710657571024
9,3,12,0.045946027748132785
8,4,12,0.7478500924108313
9,3,12,0.534054961478336
8,4,12,NaN
7,5,12,0.5773495910338519
11,1,12,0.6669063827412897
10,2,12,0.1355646338700262
11,1,12,0.6211047067208528
4,8,12,0.7943141978951035
8,4,12,0.3147278493122561
9,3,12,0.5216973633391621
7,5,12,0.7008553584305408
5,7,12,0.7659187175498298
5,7,12,0.9336743037628588
8,4,12,NaN
9,3,12,0.5886418638258083
11,1,12,0.03581178023080249
4,8,12,NaN
7,5,12,0.9845924478014567
8,4,12,0.4389759442456205
5,7,12,0.7351022872357142
9,3,12,0.480228407889684
11,1,12,0.39895743379219395
9,3,12,NaN
7,5,12,0.7685931580983806
5,7,12,0.36959257766905407
9,3,12,8.890269197729505e-6
9,3,12,NaN
10,2,12,NaN
7,5,12,0.058405949860255976
9,3,12,0.8053310532878865
7,5,12,NaN
5,7,12,0.9894226582851271
9,3,12,0.4389759442456205
7,5,12,0.7685307707925221
9,3,12,0.4869472780660612
11,1,12,0.00047133064075733717
12,0,12,NaN
9,3,12,0.8418168267177661
8,4,12,0.007827960273527267
10,2,12,NaN
9,3,12,0.011625908468073121
9,3,12,0.24299412154726827
9,3,12,5.942369895171747e-10
10,2,12,NaN
10,2,12,0.9336743037628588
9,3,12,0.03025847703180226
8,4,12,0.28466308348244973
10,2,12,0.18561760226461765
9,3,12,NaN
9,3,12,0.09331494238381467
7,5,12,NaN
9,3,12,0.08115644780417555
11,1,12,NaN
8,4,12,NaN
11,1,12,0.3223297448881017
9,3,12,0.9534911290835386
9,3,12,0.5773495910338519
7,5,12,0.161264881038212
12,0,12,NaN
11,1,12,NaN
8,4,12,0.1253947564441936
6,6,12,0.30728168715621196
5,7,12,3.6307654579282586e-5
5,7,12,0.26167841779545853
11,1,12,0.5100622876534542
7,5,12,NaN
8,4,12,NaN
6,6,12,0.4389759442456205
9,3,12,0.4389759442456205
12,0,12,0.8053310532878865
11,1,12,0.849064690391085
6,6,12,0.7851748406066483
10,2,12,0.821573703052922
10,2,12,0.570634396977487
9,3,12,0.01639309511299798
9,3,12,NaN
8,4,12,0.4869472780660612
8,4,12,0.534054961478336
10,2,12,NaN
11,1,12,0.01939053892037665
7,5,12,0.9097889372969507
5,7,12,0.6629394266610144
7,5,12,NaN
9,3,12,0.6716678372530487
7,5,12,0.8791469822960243
8,4,12,NaN
7,5,12,0.7008553584305408
10,2,12,0.7351022872357142
7,5,12,NaN
12,0,12,0.161264881038212
9,3,12,NaN
8,4,12,NaN
8,4,12,0.1594983210373493
8,4,12,0.12702841958533528
8,4,12,0.39365820288251563
6,6,12,NaN
10,2,12,0.15958455297475016
12,0,12,NaN
10,2,12,NaN
8,4,12,0.12196444410581492
8,4,12,0.9749834651108517
11,1,12,0.05295374443847441
9,3,12,0.8000218350692097
9,3,12,0.613518643856962
7,5,12,0.8617097556108892
11,1,12,0.4389759442456205
9,3,12,0.534054961478336
10,2,12,0.39365820288251563
6,6,12,0.0005004122285269049
9,3,12,0.6211047067208528
9,3,12,NaN
12,0,12,0.18788609644414792
5,7,12,0.05512578833776715
9,3,12,0.3147278493122561
11,1,12,0.08454050586459176
11,1,12,0.37997714855187203
12,0,12,0.922483585895465
10,2,12,0.3729084000274355
9,3,12,0.0019575942924920132
8,4,12,NaN
10,2,12,0.2770589453938832
10,2,12,NaN
8,4,12,0.6581346281864346
9,3,12,0.08115644780417555
7,5,12,0.534054961478336
6,6,12,NaN
9,3,12,0.7008553584305408
9,3,12,NaN
7,5,12,0.18561760226461765
7,5,12,0.03025847703180226
6,6,12,0.4869472780660612
11,1,12,0.5773495910338519
7,5,12,0.12740842049772283
8,4,12,NaN
8,4,12,0.6653674959233236
10,2,12,0.5773495910338519
8,4,12,0.11212326449798977
10,2,12,0.8452759028441256
7,5,12,0.8418168267177661
8,4,12,0.9690207992381747
6,6,12,0.7778624643784646
8,4,12,NaN
7,5,12,0.09331494238381467
10,2,12,0.36867616231742095
10,2,12,0.006419184434981586
7,5,12,NaN
8,4,12,NaN
7,5,12,0.016352394412106192
10,2,12,0.8418168267177661
11,1,12,NaN
11,1,12,0.7075703464230294
12,0,12,NaN
6,6,12,0.7351022872357142
10,2,12,0.0004208081984152354
7,5,12,0.7351022872357142
8,4,12,NaN
10,2,12,NaN
9,3,12,NaN
9,3,12,0.013595179396091573
11,1,12,0.8791469822960243
6,6,12,0.6211047067208528
4,8,12,0.004508598358580881
9,3,12,0.01805880486082697
8,4,12,0.0034606765704734074
8,4,12,0.35163936320323114
12,0,12,0.9799588626550771
9,3,12,0.5773495910338519
9,3,12,0.06058247105517931
7,5,12,0.3591611343992021
9,3,12,NaN
11,1,12,0.4869472780660612
7,5,12,0.016352394412106192
10,2,12,0.8791469822960243
9,3,12,0.7943141978951035
10,2,12,0.3147278493122561
6,6,12,0.9097889372969507
5,7,12,0.9750651913659001
9,3,12,NaN
9,3,12,NaN
10,2,12,NaN
7,5,12,0.9792398131722689
10,2,12,NaN
8,4,12,NaN
11,1,12,0.12949153089060308
8,4,12,NaN
9,3,12,0.9097889372969507
10,2,12,0.8949950374154003
9,3,12,0.6629394266610144
8,4,12,NaN
10,2,12,0.017265287010141427
5,7,12,0.04532000338651469
6,6,12,NaN
8,4,12,NaN
4,8,12,0.6963774463957356
8,4,12,0.06988872661807305
10,2,12,NaN
10,2,12,0.8204795116931126
8,4,12,0.6803820736225812
10,2,12,NaN
8,4,12,0.21187913375295056
11,1,12,NaN
9,3,12,0.045946027748132785
7,5,12,0.1022683109786813
9,3,12,0.08115644780417555
10,2,12,NaN
8,4,12,0.08115644780417555
12,0,12,NaN
8,4,12,NaN
6,6,12,0.7628208287827601
12,0,12,0.7489728012044626
12,0,12,0.03025847703180226
7,5,12,NaN
8,4,12,0.6629394266610144
9,3,12,NaN
8,4,12,NaN
9,3,12,0.7351022872357142
9,3,12,NaN
9,3,12,0.7659187175498298
4,8,12,0.5773495910338519
9,3,12,NaN
7,5,12,0.7182603459527541
10,2,12,0.534054961478336
10,2,12,0.14080710657571024
8,4,12,0.2702723043672871
4,8,12,NaN
10,2,12,0.6629394266610144
8,4,12,0.534054961478336
6,6,12,0.10644627622097674
8,4,12,0.9444012070806406
7,5,12,0.962032138983051
5,7,12,0.06058247105517931
9,3,12,0.4389759442456205
7,5,12,0.016352394412106192
7,5,12,0.39365820288251563
11,1,12,0.24299412154726827
11,1,12,0.43133205098640964
12,0,12,NaN
12,0,12,NaN
8,4,12,0.8204795116931126
11,1,12,0.10644627622097674
9,3,12,0.18561760226461765
9,3,12,0.5773495910338519
10,2,12,0.8617097556108892
6,6,12,0.9749834651108517
6,6,12,NaN
8,4,12,NaN
7,5,12,0.922483585895465
11,1,12,1.0772264947245984e-7
9,3,12,3.94593362263092e-5
5,7,12,0.35163936320323114
10,2,12,0.7684751025672732
5,7,12,NaN
6,6,12,NaN
7,5,12,0.6629394266610144
8,4,12,0.7473970725118168
11,1,12,0.045946027748132785
11,1,12,NaN
8,4,12,0.5829042800107557
9,3,12,0.03468779084967369
11,1,12,0.6027473911515838
7,5,12,NaN
7,5,12,0.011625908468073121
7,5,12,NaN
9,3,12,0.40172845223211257
9,3,12,0.4389759442456205
7,5,12,0.637472355559878
10,2,12,0.7943141978951035
11,1,12,NaN
8,4,12,0.7659187175498298
9,3,12,0.8949950374154003
9,3,12,0.48927284033303897
8,4,12,0.7659187175498298
11,1,12,NaN
6,6,12,0.11988338317478399
8,4,12,0.00042167045303237986
10,2,12,0.7351022872357142
7,5,12,NaN
10,2,12,0.42212005643508316
9,3,12,0.334363835508368
9,3,12,0.6629394266610144
5,7,12,NaN
7,5,12,0.4389759442456205
9,3,12,NaN
12,0,12,0.7351022872357142
8,4,12,0.8949950374154003
10,2,12,0.1263440049225468
8,4,12,0.00044381162431729785
7,5,12,0.7396087192683843
11,1,12,0.9749834651108517
9,3,12,0.3591611343992021
12,0,12,0.3552056961868932
6,6,12,0.09331494238381467
6,6,12,NaN
9,3,12,NaN
8,4,12,0.03973270879120916
9,3,12,0.21187913375295056
6,6,12,0.14080710657571024
8,4,12,0.161264881038212
8,4,12,0.18561760226461765
9,3,12,0.8949950374154003
4,8,12,0.7659187175498298
9,3,12,NaN
5,7,12,0.41257270764779286
10,2,12,NaN
8,4,12,0.45885943191873046
9,3,12,0.0030176696140368133
12,0,12,NaN
11,1,12,0.03973270879120916
11,1,12,0.3056309946139333
6,6,12,0.28466584873954104
10,2,12,NaN
8,4,12,0.6356728727407805
9,3,12,0.045946027748132785
11,1,12,0.6211047067208528
8,4,12,0.24299412154726827
5,7,12,0.6629394266610144
10,2,12,0.4389759442456205
10,2,12,0.3759340569851039
9,3,12,0.39365820288251563
7,5,12,0.4389759442456205
8,4,12,0.001851464381362323
11,1,12,NaN
8,4,12,0.7008553584305408
5,7,12,NaN
5,7,12,NaN
6,6,12,0.00120685997903669
10,2,12,0.9452512051460086
10,2,12,0.011147199929812897
10,2,12,0.22957779800824174
8,4,12,0.1602216100569728
8,4,12,0.24299412154726827
6,6,12,0.7943141978951035
6,6,12,0.7036948107532859
8,4,12,0.35163936320323114
8,4,12,0.9336743037628588
3,9,12,0.922483585895465
8,4,12,0.09331494238381467
7,5,12,0.7050018468050115
8,4,12,0.4389759442456205
11,1,12,0.8745826171318426
9,3,12,0.6211047067208528
10,2,12,NaN
6,6,12,0.7778624643784646
7,5,12,0.6629394266610144
8,4,12,0.534054961478336
9,3,12,NaN
9,3,12,0.5773495910338519
8,4,12,0.10794377058961013
9,3,12,0.6358944125820878
4,8,12,NaN
9,3,12,0.4389759442456205
8,4,12,0.7659187175498298
7,5,12,0.0001682166553278042
9,3,12,NaN
9,3,12,NaN
7,5,12,0.0016888242458461297
10,2,12,0.8418168267177661
5,7,12,0.2770589453938832
10,2,12,0.06058247105517931
9,3,12,0.21187913375295056
12,0,12,0.35163936320323114
5,7,12,NaN
8,4,12,0.7351022872357142
6,6,12,0.002917017372904141
7,5,12,0.8617097556108892
9,3,12,0.0003085070178292836
9,3,12,0.2770589453938832
10,2,12,0.7943141978951035
10,2,12,NaN
6,6,12,0.5773495910338519
9,3,12,0.6211047067208528
11,1,12,0.01980242917103843
8,4,12,0.010513768919312818
12,0,12,0.5230378915123713
9,3,12,0.3147278493122561
8,4,12,0.9452512051460086
10,2,12,0.075169175168743
9,3,12,0.011625908468073121
10,2,12,0.00010907870665644074
4,8,12,0.9336743037628588
9,3,12,0.05295374443847441
7,5,12,0.6211047067208528
9,3,12,0.534054961478336
5,7,12,0.3356648173745397
8,4,12,0.6653674959233236
10,2,12,0.03742867073795319
9,3,12,0.6211047067208528
8,4,12,NaN
8,4,12,0.5554376351523436
9,3,12,0.4869472780660612
7,5,12,0.7351022872357142
9,3,12,0.5944075970831858
10,2,12,0.31856961130884726
9,3,12,0.7469140503448933
9,3,12,0.8418168267177661
11,1,12,NaN
9,3,12,0.4869472780660612
8,4,12,0.8791469822960243
12,0,12,NaN
9,3,12,0.7351022872357142
10,2,12,0.8791469822960243
10,2,12,NaN
9,3,12,0.0015791155778910266
7,5,12,0.46862855960875033
7,5,12,0.016199276408402043
8,4,12,0.9097889372969507
7,5,12,0.3147278493122561
11,1,12,0.0006837920916819407
9,3,12,0.39365820288251563
5,7,12,0.7008553584305408
8,4,12,0.22051247021144416
9,3,12,0.6211047067208528
9,3,12,0.05295374443847441
9,3,12,0.7008553584305408
7,5,12,NaN
10,2,12,0.008651995246284442
8,4,12,0.4692816647270395
10,2,12,NaN
8,4,12,NaN
8,4,12,0.534054961478336
6,6,12,0.09331494238381467
3,9,12,0.6211047067208528
9,3,12,0.007178590337653962
9,3,12,NaN
8,4,12,0.23610466533826155
7,5,12,NaN
9,3,12,0.4389759442456205
9,3,12,NaN
7,5,12,0.922483585895465
9,3,12,0.04441608294986808
9,3,12,NaN
11,1,12,0.10644627622097674
8,4,12,0.3315627610632003
10,2,12,0.4869472780660612
8,4,12,0.9737808622967871
7,5,12,0.011625908468073121
9,3,12,0.334260153847635
7,5,12,0.9336743037628588
9,3,12,8.402301171752571e-6
9,3,12,0.22722688977579264
11,1,12,0.12196444410581492
9,3,12,0.7822103512781584
10,2,12,0.39365820288251563
8,4,12,1.3725240889609205e-7
8,4,12,NaN
4,8,12,0.13398354200664736
11,1,12,NaN
9,3,12,0.9970987255477752
9,3,12,0.25047685470822406
3,9,12,0.534054961478336
6,6,12,0.09331494238381467
5,7,12,0.5120959007352743
6,6,12,0.18561760226461765
7,5,12,0.06988872661807305
9,3,12,0.18561760226461765
8,4,12,NaN
10,2,12,NaN
8,4,12,NaN
9,3,12,NaN
8,4,12,0.13000275007838982
12,0,12,0.4363123380656674
7,5,12,0.8155691316026904
11,1,12,0.8617097556108892
7,5,12,0.22663646407110755
4,8,12,0.9461891841401381
9,3,12,0.1791151602137864
9,3,12,0.03468779084967369
9,3,12,NaN
8,4,12,0.21187913375295056
10,2,12,0.10644627622097674
12,0,12,0.9733086483490399
8,4,12,NaN
11,1,12,0.12740842049772283
8,4,12,0.3147278493122561
7,5,12,0.5773495910338519
8,4,12,NaN
10,2,12,0.5773495910338519
5,7,12,0.5773495910338519
7,5,12,0.14080710657571024
9,3,12,0.7943141978951035
8,4,12,0.0036952645313641504
5,7,12,0.21395042578515408
11,1,12,NaN
7,5,12,0.14080710657571024
6,6,12,0.21187913375295056
10,2,12,NaN
6,6,12,0.6928924298259402
6,6,12,0.4869472780660612
7,5,12,0.24299412154726827
10,2,12,0.4389759442456205
7,5,12,0.07218013416254995
9,3,12,4.721813991673564e-5
12,0,12,0.8418168267177661
10,2,12,0.14080710657571024
7,5,12,0.8340879585731945
9,3,12,0.6211047067208528
9,3,12,0.39365820288251563
7,5,12,0.05295374443847441
6,6,12,0.9097889372969507
9,3,12,0.3147278493122561
8,4,12,NaN
6,6,12,0.8418168267177661
2,10,12,NaN
9,3,12,0.5308114173407454
6,6,12,0.45203250950978263
8,4,12,0.03583819191465363
9,3,12,0.04408413162155264
10,2,12,0.008926502520679601
12,0,12,0.5367754686726396
7,5,12,0.278126225642767
10,2,12,NaN
8,4,12,0.35163936320323114
10,2,12,0.962032138983051
8,4,12,0.9749834651108517
5,7,12,0.08115644780417555
10,2,12,0.7896213030406075
7,5,12,NaN
8,4,12,NaN
6,6,12,0.8204795116931126
6,6,12,0.21187913375295056
8,4,12,NaN
11,1,12,0.5815662067087501
7,5,12,0.8617097556108892
8,4,12,0.4869472780660612
6,6,12,NaN
9,3,12,0.047464647101720776
9,3,12,0.3147278493122561
6,6,12,0.7659187175498298
8,4,12,0.10644627622097674
8,4,12,0.06058247105517931
7,5,12,0.6089267360264234
10,2,12,0.7351022872357142
6,6,12,0.0453218543565991
6,6,12,0.18821567133084163
10,2,12,NaN
7,5,12,0.02376303764042911
6,6,12,0.8949950374154003
7,5,12,0.284957002957702
10,2,12,0.8418168267177661
7,5,12,0.2235176087258517
9,3,12,5.3311983487361095e-5
7,5,12,0.6640365950986618
9,3,12,0.0015113869400890068
6,6,12,0.03468779084967369
4,8,12,0.0975482351578436
10,2,12,0.514154093463547
9,3,12,0.12196444410581492
12,0,12,0.4389759442456205
9,3,12,0.031909796349885736
11,1,12,0.6211047067208528
5,7,12,0.8617097556108892
10,2,12,0.21187913375295056
7,5,12,NaN
11,1,12,0.8949950374154003
7,5,12,0.23938202845460282
5,7,12,0.24299412154726827
12,0,12,0.24299412154726827
10,2,12,0.7943141978951035
10,2,12,0.06988872661807305
5,7,12,0.8204795116931126
10,2,12,NaN
4,8,12,NaN
9,3,12,0.12476784734385668
8,4,12,0.42212005643508316
7,5,12,0.24299412154726827
8,4,12,0.00699863645832289
11,1,12,0.6629394266610144
5,7,12,0.5667006204819055
12,0,12,0.8949950374154003
10,2,12,NaN
10,2,12,NaN
8,4,12,0.3147278493122561
9,3,12,0.9799588626550771
8,4,12,0.161264881038212
11,1,12,0.11533427666250003
8,4,12,0.4363123380656674
8,4,12,0.04885163849522347
8,4,12,NaN
9,3,12,0.009708197960407164
6,6,12,0.4765011481561768
11,1,12,NaN
6,6,12,0.09331494238381467
7,5,12,NaN
10,2,12,NaN
9,3,12,0.7659187175498298
8,4,12,NaN
6,6,12,0.24299412154726827
10,2,12,NaN
11,1,12,0.5624100504369717
9,3,12,0.09331494238381467
8,4,12,0.6629394266610144
4,8,12,0.3147278493122561
9,3,12,NaN
9,3,12,0.04505730690803227
10,2,12,0.5695490620701075
8,4,12,0.4252248782360527
7,5,12,NaN
10,2,12,0.7943141978951035
4,8,12,0.08115644780417555
10,2,12,0.8879470995281894
8,4,12,0.4389759442456205
9,3,12,NaN
8,4,12,0.5990564081606313
11,1,12,0.08115644780417555
11,1,12,0.8256138125749558
9,3,12,NaN
4,8,12,0.8617097556108892
7,5,12,0.045946027748132785
9,3,12,0.6211047067208528
8,4,12,NaN
8,4,12,0.14080710657571024
6,6,12,0.2770589453938832
8,4,12,0.07942871021298448
10,2,12,0.2927695118344476
10,2,12,NaN
8,4,12,0.7351022872357142
10,2,12,0.24603115705892453
8,4,12,0.18616712668300325
8,4,12,0.4869472780660612
9,3,12,0.7659187175498298
2,10,12,NaN
11,1,12,0.7778624643784646
8,4,12,0.8204795116931126
10,2,12,0.7351022872357142
4,8,12,0.6184670393434103
6,6,12,0.8791469822960243
9,3,12,NaN
5,7,12,0.006091701711492965
8,4,12,0.06988872661807305
8,4,12,0.45885943191873046
9,3,12,NaN
7,5,12,0.8791469822960243
9,3,12,0.013595179396091573
9,3,12,0.10504168716138743
8,4,12,0.6273302332461981
3,9,12,NaN
5,7,12,NaN
7,5,12,0.7008553584305408
7,5,12,0.5773495910338519
9,3,12,0.35163936320323114
7,5,12,NaN
7,5,12,NaN
11,1,12,0.8602575698845937
9,3,12,0.00040604076434388477
7,5,12,NaN
8,4,12,0.922483585895465
8,4,12,0.03973270879120916
8,4,12,0.35842433833322523
3,9,12,NaN
10,2,12,0.07437291912055444
6,6,12,0.026420720304872834
8,4,12,0.6629394266610144
8,4,12,0.3374661572819854
8,4,12,0.07174535314354617
9,3,12,NaN
11,1,12,NaN
9,3,12,NaN
5,7,12,0.03973270879120916
11,1,12,NaN
3,9,12,0.7943141978951035
8,4,12,0.35163936320323114
8,4,12,0.39365820288251563
8,4,12,NaN
8,4,12,0.9025210164754293
7,5,12,0.14080710657571024
6,6,12,0.0007060669825478474
7,5,12,0.6713148606042852
9,3,12,NaN
9,3,12,0.534054961478336
10,2,12,0.7008553584305408
11,1,12,NaN
6,6,12,0.002245706259241102
7,5,12,0.21187913375295056
5,7,12,NaN
8,4,12,NaN
10,2,12,0.4869472780660612
9,3,12,NaN
11,1,12,NaN
8,4,12,NaN
8,4,12,NaN
9,3,12,0.05655370765274719
9,3,12,0.09331494238381467
8,4,12,0.6007604360598002
9,3,12,NaN
12,0,12,NaN
8,4,12,0.6629394266610144
5,7,12,NaN
8,4,12,NaN
10,2,12,NaN
5,7,12,0.6211047067208528
8,4,12,NaN
9,3,12,0.9336743037628588
8,4,12,0.1539638952803468
9,3,12,0.03025847703180226
11,1,12,0.0020266927996083375
10,2,12,0.08115644780417555
7,5,12,0.5773495910338519
8,4,12,0.6963774463957356
6,6,12,0.8617097556108892
8,4,12,0.8972956207450288
6,6,12,0.5252025463738859
12,0,12,0.08115644780417555
8,4,12,0.8418168267177661
10,2,12,NaN
10,2,12,NaN
6,6,12,0.06944451794035625
7,5,12,0.4322772181981526
4,8,12,NaN
6,6,12,0.13495940254910427
9,3,12,0.21103289646917797
10,2,12,0.8424684383086711
6,6,12,0.47349434114217503
8,4,12,0.4869472780660612
4,8,12,0.08115644780417555
9,3,12,NaN
9,3,12,NaN
8,4,12,0.7534962314692407
10,2,12,NaN
11,1,12,0.7351022872357142
8,4,12,0.06058247105517931
6,6,12,0.284957002957702
10,2,12,0.7008553584305408
10,2,12,0.04354792758066144
8,4,12,0.7943141978951035
8,4,12,NaN
9,3,12,0.9336743037628588
9,3,12,0.8791469822960243
5,7,12,0.21187913375295056
11,1,12,0.8418168267177661
9,3,12,0.4869472780660612
8,4,12,0.9272377162237201
9,3,12,0.97311339616694
8,4,12,0.7008553584305408
5,7,12,0.2228747875940001
3,9,12,0.02650549849142768
7,5,12,0.14080710657571024
9,3,12,0.07757122777420258
5,7,12,0.21187913375295056
9,3,12,NaN
7,5,12,0.7964697943866628
5,7,12,0.0005358867667097031
10,2,12,NaN
4,8,12,0.0002542521920848519
7,5,12,0.043018950547170295
9,3,12,0.6049920087668555
8,4,12,0.5439779729715323
10,2,12,0.08115644780417555
8,4,12,NaN
9,3,12,0.5773495910338519
9,3,12,0.1197675794643248
11,1,12,0.9444012070806406
8,4,12,0.5209260532045532
9,3,12,0.43459363106785515
12,0,12,0.21187913375295056
7,5,12,NaN
8,4,12,0.3147278493122561
6,6,12,0.23589571837249743
9,3,12,0.02473163710008851
7,5,12,0.21187913375295056
6,6,12,0.8945113203740674
10,2,12,0.00028355887290655346
6,6,12,0.21948797317640623
9,3,12,0.9690207992381747
9,3,12,0.10644627622097674
7,5,12,NaN
6,6,12,0.06988872661807305
5,7,12,0.9833301898189462
5,7,12,0.6211047067208528
6,6,12,NaN
7,5,12,NaN
9,3,12,0.14060864977459142
9,3,12,0.9444012070806406
11,1,12,0.534054961478336
9,3,12,0.0013877614848179852
5,7,12,NaN
6,6,12,0.25493869341135916
7,5,12,0.5773495910338519
6,6,12,0.7351022872357142
7,5,12,0.5773495910338519
8,4,12,0.022641636257990223
5,7,12,0.8569741801826241
6,6,12,0.534054961478336
11,1,12,NaN
12,0,12,0.8342609360739257
11,1,12,0.17331580875042638
10,2,12,NaN
11,1,12,0.39365820288251563
6,6,12,0.962032138983051
8,4,12,NaN
9,3,12,0.9097889372969507
9,3,12,0.055562143813250815
11,1,12,0.5735720016499335
9,3,12,0.9690207992381747
6,6,12,0.02611284212389445
9,3,12,0.013122835987170916
8,4,12,0.962032138983051
9,3,12,0.7008553584305408
10,2,12,0.161264881038212
8,4,12,NaN
8,4,12,NaN
11,1,12,NaN
6,6,12,0.509676937326657
8,4,12,NaN
9,3,12,0.8617097556108892
7,5,12,0.4869472780660612
5,7,12,NaN
9,3,12,NaN
7,5,12,0.14785417417695562
6,6,12,NaN
11,1,12,0.8508440533944558
7,5,12,0.7763790396248098
11,1,12,NaN
11,1,12,0.08115644780417555
9,3,12,0.24299412154726827
9,3,12,0.2770589453938832
7,5,12,0.44167806903519213
8,4,12,0.7659187175498298
6,6,12,0.02611284212389445
8,4,12,NaN
7,5,12,0.7943141978951035
6,6,12,0.6892629491318503
8,4,12,NaN
9,3,12,0.8418168267177661
9,3,12,0.5349934737290842
5,7,12,0.7351022872357142
8,4,12,0.5773495910338519
8,4,12,0.8194598556567625
6,6,12,NaN
7,5,12,NaN
9,3,12,NaN
4,8,12,0.5209260532045532
10,2,12,NaN
6,6,12,0.948913696177208
7,5,12,0.3147278493122561
4,8,12,0.03468779084967369
2,10,12,0.26341845189497487
5,7,12,0.9691540909693154
4,8,12,NaN
9,3,12,0.922483585895465
9,3,12,0.4207415059989762
9,3,12,0.5009161411215545
9,3,12,0.534054961478336
5,7,12,NaN
4,8,12,NaN
6,6,12,0.36959257766905407
5,7,12,NaN
6,6,12,3.139029826535975e-8
5,7,12,NaN
7,5,12,0.7351022872357142
7,5,12,0.39365820288251563
11,1,12,0.4869472780660612
6,6,12,0.9097889372969507
5,7,12,0.9097889372969507
10,2,12,NaN
6,6,12,0.2770589453938832
9,3,12,0.4389759442456205
7,5,12,0.05295374443847441
8,4,12,0.12196444410581492
7,5,12,0.045946027748132785
7,5,12,NaN
6,6,12,0.05295374443847441
8,4,12,0.2000643147053023
10,2,12,0.002000193775553561
6,6,12,0.8204795116931126
11,1,12,NaN
7,5,12,NaN
7,5,12,0.35163936320323114
3,9,12,0.16984263462982307
6,6,12,0.02017280454152729
8,4,12,0.7943141978951035
4,8,12,0.3147278493122561
7,5,12,0.08920964398139193
9,3,12,0.6629394266610144
7,5,12,0.9457407647998927
10,2,12,0.6629394266610144
6,6,12,0.35163936320323114
9,3,12,0.009708197960407164
6,6,12,NaN
6,6,12,0.05835621106595372
4,8,12,0.18796570242908434
8,4,12,0.03581178023080249
6,6,12,0.9749834651108517
5,7,12,0.997608072328767
10,2,12,0.39365820288251563
10,2,12,NaN
3,9,12,0.10644627622097674
4,8,12,0.6816983089465296
5,7,12,0.631832474374774
10,2,12,0.948913696177208
8,4,12,NaN
9,3,12,0.011625908468073121
9,3,12,NaN
5,7,12,NaN
1,11,12,0.534054961478336
7,5,12,0.0010105186889829384
9,3,12,NaN
3,9,12,0.7008553584305408
6,6,12,0.45570178425917024
5,7,12,0.4389759442456205
7,5,12,NaN
9,3,12,0.7325983564160704
5,7,12,0.06988872661807305
7,5,12,0.161264881038212
7,5,12,0.8256138125749558
6,6,12,0.6211047067208528
8,4,12,0.4363123380656674
4,8,12,0.2770589453938832
5,7,12,0.8383209698695133
5,7,12,0.9072206816642377
4,8,12,0.5439779729715323
3,9,12,0.8617097556108892
5,7,12,0.7008553584305408
1,11,12,0.21187913375295056
1,11,12,0.5773495910338519
9,2,11,0.922483585895465
10,1,11,0.14080710657571024
7,4,11,0.6629394266610144
9,2,11,0.02126955611126622
8,3,11,NaN
8,3,11,0.09441484739998207
9,2,11,0.9598354805128073
6,5,11,NaN
7,4,11,NaN
5,6,11,0.10644627622097674
9,2,11,0.15135508618465984
10,1,11,NaN
6,5,11,0.10644627622097674
11,0,11,0.16448582730786343
8,3,11,0.195129996564533
5,6,11,0.7659187175498298
10,1,11,0.4869472780660612
9,2,11,0.4869472780660612
7,4,11,0.161264881038212
6,5,11,0.8418168267177661
8,3,11,0.8418168267177661
9,2,11,0.6211047067208528
5,6,11,NaN
11,0,11,0.161775391236183
4,7,11,NaN
8,3,11,0.005652034108925599
9,2,11,0.08115644780417555
5,6,11,0.4389759442456205
8,3,11,NaN
7,4,11,NaN
9,2,11,NaN
8,3,11,0.009886583305940173
7,4,11,0.35163936320323114
7,4,11,0.0017931112111302851
8,3,11,0.4869472780660612
8,3,11,NaN
10,1,11,0.5773495910338519
7,4,11,0.8617097556108892
9,2,11,0.5733887830436419
5,6,11,NaN
10,1,11,NaN
4,7,11,0.7943141978951035
11,0,11,0.9336743037628588
9,2,11,0.161264881038212
9,2,11,0.15184301546106196
6,5,11,NaN
4,7,11,0.031166483159488077
9,2,11,0.4389759442456205
6,5,11,0.06620915222805285
6,5,11,0.2770589453938832
11,0,11,0.3147278493122561
5,6,11,0.6211047067208528
11,0,11,NaN
10,1,11,0.7659187175498298
8,3,11,0.8254437983916496
7,4,11,0.4869472780660612
8,3,11,0.1294706255235388
7,4,11,0.06988872661807305
8,3,11,0.1774872217037549
10,1,11,0.922483585895465
5,6,11,0.0399058463967361
8,3,11,0.7008553584305408
8,3,11,0.5773495910338519
9,2,11,0.534054961478336
8,3,11,0.4869472780660612
10,1,11,0.10237917196204896
8,3,11,0.9886670302743008
6,5,11,NaN
11,0,11,0.14080710657571024
6,5,11,0.8617097556108892
3,8,11,0.39365820288251563
9,2,11,0.5483805871615207
8,3,11,0.06058247105517931
10,1,11,0.011611441582314279
6,5,11,0.03973270879120916
9,2,11,0.08562928552551806
8,3,11,0.161264881038212
4,7,11,NaN
9,2,11,0.962032138983051
4,7,11,0.35163936320323114
7,4,11,0.35163936320323114
6,5,11,0.2770589453938832
7,4,11,0.161264881038212
10,1,11,0.7351022872357142
8,3,11,0.8617097556108892
7,4,11,0.7659187175498298
4,7,11,0.9690207992381747
9,2,11,0.9444012070806406
8,3,11,NaN
7,4,11,0.21187913375295056
9,2,11,0.08256782987037131
8,3,11,0.8053310532878865
10,1,11,NaN
5,6,11,0.3147278493122561
9,2,11,0.161264881038212
7,4,11,NaN
5,6,11,NaN
9,2,11,0.6629394266610144
6,5,11,0.5773495910338519
8,3,11,0.7659187175498298
8,3,11,0.5947366436748257
6,5,11,NaN
9,2,11,0.4869472780660612
7,4,11,0.03025847703180226
5,6,11,0.7943141978951035
10,1,11,0.21187913375295056
7,4,11,0.24299412154726827
6,5,11,0.4869472780660612
10,1,11,0.0168143247035699
10,1,11,NaN
8,3,11,0.15297250216596528
11,0,11,NaN
9,2,11,0.08115644780417555
7,4,11,0.25218745171010276
7,4,11,0.7351022872357142
8,3,11,0.161264881038212
6,5,11,0.7659187175498298
10,1,11,0.022641636257990223
6,5,11,NaN
11,0,11,0.5773495910338519
6,5,11,NaN
9,2,11,NaN
8,3,11,NaN
8,3,11,NaN
9,2,11,0.49016760862158965
9,2,11,0.24299412154726827
7,4,11,0.6629394266610144
8,3,11,0.001851464381362323
5,6,11,0.18561760226461765
9,2,11,0.6211047067208528
11,0,11,0.7351022872357142
9,2,11,0.18561760226461765
10,1,11,0.20446980535606754
10,1,11,0.7943141978951035
8,3,11,0.6716678372530487
4,7,11,0.5773495910338519
7,4,11,0.5210417691586329
6,5,11,NaN
8,3,11,0.35163936320323114
8,3,11,NaN
5,6,11,0.7392109214513632
6,5,11,NaN
10,1,11,NaN
5,6,11,NaN
6,5,11,NaN
8,3,11,NaN
7,4,11,0.8791469822960243
7,4,11,0.7722666674301797
7,4,11,0.9749834651108517
8,3,11,0.06988872661807305
6,5,11,0.03704832131919486
8,3,11,NaN
9,2,11,NaN
8,3,11,NaN
10,1,11,NaN
9,2,11,0.016352394412106192
7,4,11,0.5682154940485659
6,5,11,NaN
7,4,11,NaN
6,5,11,0.7943141978951035
10,1,11,NaN
9,2,11,0.9576825766948235
11,0,11,0.3147278493122561
7,4,11,0.14080710657571024
5,6,11,NaN
7,4,11,0.000973982279995316
9,2,11,0.3817204096208113
9,2,11,0.06944451794035625
9,2,11,0.39365820288251563
9,2,11,0.5773495910338519
5,6,11,0.28352389087385826
11,0,11,0.39365820288251563
10,1,11,0.6211047067208528
8,3,11,0.0025030962273526434
6,5,11,NaN
10,1,11,0.9749834651108517
5,6,11,NaN
8,3,11,0.05014307186825348
9,2,11,0.6877772077494275
8,3,11,0.5773495910338519
6,5,11,NaN
11,0,11,0.03025847703180226
10,1,11,0.3147278493122561
4,7,11,NaN
8,3,11,NaN
9,2,11,0.6629394266610144
7,4,11,1.233100502391406e-5
6,5,11,0.8204795116931126
7,4,11,NaN
7,4,11,0.2573831998467013
10,1,11,0.46957861408754875
5,6,11,0.9504463955363219
9,2,11,NaN
8,3,11,0.161264881038212
10,1,11,0.534054961478336
7,4,11,0.5773495910338519
8,3,11,0.01878621142699956
8,3,11,0.8033599662201626
7,4,11,0.23261313481498608
10,1,11,0.4389759442456205
9,2,11,0.14080710657571024
9,2,11,0.5624100504369717
9,2,11,NaN
8,3,11,0.534054961478336
8,3,11,NaN
5,6,11,0.09331494238381467
7,4,11,NaN
7,4,11,NaN
8,3,11,0.9336743037628588
9,2,11,0.5365541393982348
6,5,11,NaN
10,1,11,0.4597644890428894
6,5,11,0.9550194266080863
8,3,11,9.881065196228109e-5
9,2,11,0.4681806746729485
4,7,11,0.8617097556108892
6,5,11,0.534054961478336
10,1,11,0.14080710657571024
9,2,11,0.3214417786880876
5,6,11,0.7196912842625229
7,4,11,0.4389759442456205
10,1,11,0.5862043935844937
6,5,11,0.9754008279036868
9,2,11,0.06058247105517931
5,6,11,0.7659187175498298
6,5,11,0.025624216895161693
8,3,11,0.2228747875940001
8,3,11,0.7008553584305408
10,1,11,0.9495883347108687
6,5,11,0.12172169480185827
8,3,11,0.6211047067208528
7,4,11,0.5773495910338519
6,5,11,0.5773495910338519
8,3,11,0.09331494238381467
5,6,11,0.0661330024587312
10,1,11,0.8204795116931126
7,4,11,0.534054961478336
9,2,11,NaN
10,1,11,NaN
10,1,11,0.6629394266610144
10,1,11,0.8791469822960243
8,3,11,0.7659187175498298
9,2,11,0.009145730368337806
9,2,11,2.6550196367666183e-6
5,6,11,0.0007666382805552546
9,2,11,0.42524277622464846
9,2,11,0.35163936320323114
8,3,11,0.43162047121395813
7,4,11,NaN
9,2,11,0.4841399943830888
8,3,11,0.3244150640744724
7,4,11,NaN
11,0,11,0.12196444410581492
9,2,11,0.10380746915651301
6,5,11,NaN
7,4,11,NaN
7,4,11,0.4266724864156741
9,2,11,NaN
7,4,11,0.534054961478336
7,4,11,NaN
8,3,11,0.3196887409177725
9,2,11,0.7351022872357142
6,5,11,NaN
9,2,11,0.6211047067208528
7,4,11,0.963406018248146
9,2,11,NaN
10,1,11,0.4389759442456205
8,3,11,0.35163936320323114
9,2,11,NaN
8,3,11,0.2770589453938832
8,3,11,5.5960492642278056e-6
11,0,11,0.5624190893075987
9,2,11,0.008220370219626861
7,4,11,0.8617097556108892
8,3,11,0.534054961478336
6,5,11,0.9534911290835386
4,7,11,0.08562928552551806
3,8,11,0.475160668703312
10,1,11,NaN
10,1,11,NaN
6,5,11,0.02611284212389445
4,7,11,NaN
10,1,11,0.1801733039617586
9,2,11,0.7351022872357142
7,4,11,0.7569564324365056
9,2,11,0.4389759442456205
10,1,11,NaN
9,2,11,NaN
10,1,11,NaN
7,4,11,0.9917350817940571
6,5,11,0.7943141978951035
8,3,11,NaN
6,5,11,0.161264881038212
10,1,11,0.0072532912082704714
10,1,11,NaN
9,2,11,0.21187913375295056
6,5,11,0.35163936320323114
8,3,11,NaN
7,4,11,0.10644627622097674
6,5,11,0.9799588626550771
7,4,11,0.21187913375295056
6,5,11,0.39365820288251563
6,5,11,0.6629394266610144
9,2,11,0.2770589453938832
10,1,11,NaN
11,0,11,NaN
5,6,11,NaN
7,4,11,0.39365820288251563
8,3,11,0.013584695640948361
4,7,11,0.9025266275697447
9,2,11,0.9336743037628588
7,4,11,NaN
9,2,11,0.25990850867455345
6,5,11,0.7351022872357142
11,0,11,0.6211047067208528
8,3,11,1.8637452307326492e-5
6,5,11,0.7898867369981513
4,7,11,0.22121299511092474
7,4,11,NaN
3,8,11,0.24299412154726827
9,2,11,NaN
9,2,11,NaN
6,5,11,0.6629394266610144
4,7,11,0.5444569057392953
8,3,11,0.5154727415284115
11,0,11,0.06988872661807305
5,6,11,0.743469080220377
8,3,11,0.39365820288251563
8,3,11,0.7008553584305408
7,4,11,NaN
11,0,11,NaN
10,1,11,0.9242527743427885
8,3,11,0.7659187175498298
10,1,11,NaN
7,4,11,0.12196444410581492
8,3,11,NaN
9,2,11,0.2770589453938832
8,3,11,0.0779687263734687
10,1,11,NaN
10,1,11,0.829484262636242
8,3,11,NaN
5,6,11,0.5773495910338519
11,0,11,0.6629394266610144
8,3,11,0.04716785689767463
9,2,11,0.6211047067208528
5,6,11,0.005016981397731832
5,6,11,0.3819293148268154
8,3,11,NaN
9,2,11,0.8204795116931126
9,2,11,0.6629394266610144
9,2,11,0.8791469822960243
9,2,11,NaN
6,5,11,0.9336743037628588
8,3,11,0.7008553584305408
7,4,11,0.24299412154726827
6,5,11,0.4869472780660612
8,3,11,NaN
7,4,11,0.4389759442456205
8,3,11,0.03973270879120916
11,0,11,7.762898467078307e-6
8,3,11,NaN
8,3,11,0.2577142443350496
5,6,11,NaN
4,7,11,0.2553563948226284
8,3,11,0.05589840063741304
11,0,11,0.14080710657571024
10,1,11,NaN
9,2,11,NaN
9,2,11,0.8418168267177661
6,5,11,0.9534911290835386
7,4,11,0.12196444410581492
9,2,11,0.5773495910338519
9,2,11,0.7351022872357142
8,3,11,0.7659187175498298
10,1,11,0.8418168267177661
9,2,11,0.03025847703180226
6,5,11,0.04549663607238828
9,2,11,NaN
9,2,11,0.8204795116931126
9,2,11,0.6211047067208528
7,4,11,NaN
7,4,11,0.5554376351523436
9,2,11,0.0076697605618532986
7,4,11,NaN
7,4,11,0.9690207992381747
6,5,11,0.7943141978951035
7,4,11,0.9799588626550771
6,5,11,0.1378985179308627
5,6,11,NaN
7,4,11,NaN
8,3,11,NaN
4,7,11,0.5011143998359492
7,4,11,0.03025847703180226
11,0,11,NaN
10,1,11,0.8204795116931126
8,3,11,0.713121198170499
10,1,11,0.7659187175498298
7,4,11,0.03973270879120916
7,4,11,NaN
6,5,11,0.681848434048679
8,3,11,0.534054961478336
11,0,11,NaN
9,2,11,0.8231074059925195
11,0,11,0.46202580858669456
7,4,11,0.14080710657571024
9,2,11,NaN
7,4,11,0.7351022872357142
7,4,11,0.881835356838084
8,3,11,0.7659187175498298
6,5,11,0.6629394266610144
7,4,11,0.21187913375295056
6,5,11,0.4389759442456205
7,4,11,0.5242731013189563
10,1,11,0.7597998355084672
7,4,11,NaN
7,4,11,0.534054961478336
5,6,11,0.6518736368264249
8,3,11,0.7032951755748369
7,4,11,NaN
11,0,11,NaN
5,6,11,0.9690207992381747
9,2,11,0.8204795116931126
10,1,11,0.7659187175498298
7,4,11,0.35163936320323114
6,5,11,NaN
9,2,11,0.6211047067208528
10,1,11,0.21264589413886079
4,7,11,0.6211047067208528
7,4,11,0.14080710657571024
7,4,11,0.5115719802921277
7,4,11,0.8949950374154003
6,5,11,0.4389759442456205
6,5,11,NaN
7,4,11,0.8367438476627512
8,3,11,0.21187913375295056
8,3,11,0.12747075101832725
11,0,11,0.5773495910338519
4,7,11,0.6211047067208528
10,1,11,0.39365820288251563
9,2,11,0.2770589453938832
5,6,11,0.9702480196564516
9,2,11,NaN
4,7,11,0.08115644780417555
6,5,11,0.9097889372969507
8,3,11,NaN
5,6,11,0.9444012070806406
10,1,11,NaN
10,1,11,0.21187913375295056
6,5,11,NaN
6,5,11,NaN
7,4,11,0.534054961478336
7,4,11,0.161264881038212
8,3,11,0.35163936320323114
10,1,11,0.5282193882420858
7,4,11,NaN
9,2,11,0.1197675794643248
8,3,11,0.922483585895465
8,3,11,0.025752086918974276
7,4,11,0.6211047067208528
6,5,11,0.15891083214252047
7,4,11,NaN
11,0,11,0.8791469822960243
8,3,11,0.03468779084967369
9,2,11,0.6438276775498917
11,0,11,NaN
8,3,11,0.7351022872357142
7,4,11,0.21187913375295056
8,3,11,0.01500707039990189
6,5,11,0.8791469822960243
11,0,11,NaN
8,3,11,0.18561760226461765
6,5,11,0.7206370700902589
6,5,11,0.03468779084967369
3,8,11,0.07639767069824827
9,2,11,NaN
7,4,11,0.10644627622097674
8,3,11,0.09855817328425676
6,5,11,0.03468779084967369
4,7,11,0.3898891553438145
5,6,11,NaN
9,2,11,0.514154093463547
8,3,11,2.9650577970837572e-8
2,9,11,NaN
6,5,11,0.4344741859498727
7,4,11,0.06988872661807305
8,3,11,NaN
7,4,11,0.03442239822170877
8,3,11,0.7351022872357142
8,3,11,NaN
6,5,11,NaN
5,6,11,0.008813371012149516
9,2,11,2.154342704525283e-5
7,4,11,0.7008553584305408
5,6,11,0.24299412154726827
10,1,11,0.4869472780660612
7,4,11,0.4389759442456205
6,5,11,0.03973270879120916
8,3,11,0.9690207992381747
8,3,11,0.019582362947367808
8,3,11,0.5967406945174801
7,4,11,0.5042252315666318
10,1,11,0.7008553584305408
9,2,11,0.7872977167585564
7,4,11,0.5735720016499335
6,5,11,0.5773495910338519
7,4,11,0.6211047067208528
9,2,11,0.7599474506437552
7,4,11,NaN
7,4,11,0.14080710657571024
6,5,11,0.4389759442456205
5,6,11,0.5773495910338519
9,2,11,NaN
9,2,11,0.18561760226461765
5,6,11,0.02611284212389445
7,4,11,NaN
9,2,11,0.35163936320323114
8,3,11,0.6211047067208528
7,4,11,NaN
9,2,11,0.01328484110938087
4,7,11,0.7173282754632971
11,0,11,0.24407720340221645
9,2,11,0.9690207992381747
9,2,11,0.8220813083458243
6,5,11,0.3147278493122561
7,4,11,0.9941692455764074
10,1,11,0.013390947018960028
8,3,11,0.5773495910338519
8,3,11,NaN
9,2,11,NaN
9,2,11,NaN
9,2,11,0.07243504116155684
6,5,11,NaN
10,1,11,0.7659187175498298
7,4,11,0.8204795116931126
11,0,11,0.7943141978951035
9,2,11,0.019582362947367808
7,4,11,0.8204795116931126
7,4,11,0.7351022872357142
8,3,11,0.699548274204653
4,7,11,0.150289654041569
6,5,11,0.9336743037628588
9,2,11,0.5773495910338519
8,3,11,0.2683530068653033
10,1,11,NaN
8,3,11,0.02611284212389445
8,3,11,0.7691588768236528
4,7,11,0.45885943191873046
5,6,11,0.18561760226461765
6,5,11,0.35944974396699086
4,7,11,0.327895686423966
7,4,11,NaN
4,7,11,0.6629394266610144
11,0,11,0.21130430004994225
7,4,11,0.534054961478336
7,4,11,NaN
9,2,11,0.99604904991201
8,3,11,0.9336743037628588
6,5,11,0.8918075171143799
8,3,11,0.2770589453938832
10,1,11,0.9411847454973163
11,0,11,0.7351022872357142
6,5,11,0.63925054073839
5,6,11,0.002824664784774301
11,0,11,NaN
7,4,11,0.35475159826619423
7,4,11,1.767999600474405e-5
10,1,11,0.08115644780417555
6,5,11,NaN
8,3,11,0.991808263676121
10,1,11,NaN
8,3,11,0.14080710657571024
10,1,11,NaN
8,3,11,0.6624664906720489
7,4,11,NaN
8,3,11,0.02287858357801518
5,6,11,0.7463427424377258
8,3,11,0.7943141978951035
8,3,11,0.6753958513502701
8,3,11,0.6629394266610144
7,4,11,0.3274735024882267
6,5,11,0.922483585895465
7,4,11,NaN
7,4,11,0.7347275673712633
8,3,11,0.39365820288251563
10,1,11,0.9848770071144298
7,4,11,NaN
7,4,11,0.24299412154726827
9,2,11,NaN
3,8,11,0.03704832131919486
5,6,11,0.37109647914460947
8,3,11,NaN
7,4,11,NaN
6,5,11,0.5826292651157386
7,4,11,0.43213141794611903
9,2,11,0.7008553584305408
9,2,11,0.4869472780660612
11,0,11,NaN
9,2,11,0.534054961478336
11,0,11,NaN
10,1,11,0.24299412154726827
8,3,11,0.7659187175498298
9,2,11,0.0025876891004082635
9,2,11,0.0018996785428319004
9,2,11,0.8949950374154003
9,2,11,0.10115297205514898
9,2,11,NaN
9,2,11,NaN
5,6,11,NaN
4,7,11,0.5252025463738859
8,3,11,NaN
6,5,11,NaN
3,8,11,0.6928924298259402
8,3,11,NaN
9,2,11,NaN
6,5,11,0.14080710657571024
7,4,11,0.2366586730463355
9,2,11,0.14080710657571024
7,4,11,0.7351022872357142
6,5,11,0.06058247105517931
8,3,11,0.10915495090414047
6,5,11,0.6211047067208528
7,4,11,0.3147278493122561
6,5,11,0.5242731013189563
8,3,11,0.7351022872357142
10,1,11,0.534054961478336
9,2,11,0.7659187175498298
7,4,11,NaN
4,7,11,0.699250015445187
7,4,11,0.2770589453938832
6,5,11,0.35163936320323114
6,5,11,0.023689099208655362
8,3,11,0.4516150969234808
11,0,11,NaN
6,5,11,0.9307363927585166
10,1,11,NaN
10,1,11,0.7943141978951035
9,2,11,0.8949950374154003
10,1,11,0.882667076629416
6,5,11,0.29916026432562987
7,4,11,0.5209026929169104
8,3,11,0.39365820288251563
7,4,11,0.39365820288251563
9,2,11,2.0238239220654565e-5
8,3,11,0.7008553584305408
8,3,11,0.22786738838189793
6,5,11,0.3724622074485336
10,1,11,0.8617097556108892
9,2,11,0.00021202410387399144
6,5,11,0.39365820288251563
5,6,11,0.8348688374807247
6,5,11,0.8617097556108892
6,5,11,0.336293140663665
2,9,11,NaN
5,6,11,0.35163936320323114
7,4,11,0.7943141978951035
7,4,11,0.005232942709551302
9,2,11,0.2770589453938832
10,1,11,0.8113104065011121
6,5,11,0.9749834651108517
10,1,11,0.8650237976961446
9,2,11,0.9336743037628588
7,4,11,0.8949950374154003
10,1,11,0.25514235121392825
7,4,11,0.019582362947367808
9,2,11,0.2770589453938832
6,5,11,0.6871190876035662
7,4,11,0.8418168267177661
8,3,11,NaN
9,2,11,0.7789450474821219
7,4,11,NaN
10,1,11,0.06988872661807305
6,5,11,0.2787719472245347
8,3,11,NaN
11,0,11,NaN
9,2,11,0.7008553584305408
10,1,11,0.5748522377375577
7,4,11,0.7029794519095245
8,3,11,NaN
7,4,11,0.7659187175498298
7,4,11,0.6211047067208528
5,6,11,NaN
7,4,11,0.7351022872357142
6,5,11,0.38878848159550583
4,7,11,NaN
8,3,11,0.534054961478336
9,2,11,0.03973270879120916
6,5,11,0.3444737977558963
10,1,11,0.03468779084967369
9,2,11,0.7008553584305408
5,6,11,NaN
10,1,11,0.23341227405651951
6,5,11,0.6629394266610144
9,2,11,NaN
11,0,11,NaN
8,3,11,0.4869472780660612
11,0,11,0.03468779084967369
6,5,11,NaN
5,6,11,0.0023523509546323094
7,4,11,0.41323423474686033
7,4,11,0.534054961478336
4,7,11,0.8418168267177661
5,6,11,NaN
10,1,11,0.751997803097459
6,5,11,0.7008553584305408
5,6,11,0.06058247105517931
10,1,11,0.161264881038212
8,3,11,0.3147278493122561
4,7,11,NaN
7,4,11,0.4389759442456205
8,3,11,0.6211047067208528
8,3,11,NaN
6,5,11,0.4564515860336037
6,5,11,NaN
7,4,11,0.13489141181826483
7,4,11,NaN
7,4,11,0.00012058458213125255
5,6,11,0.6211047067208528
5,6,11,0.4869472780660612
8,3,11,0.17038659197751907
9,2,11,0.8791469822960243
10,1,11,0.5773495910338519
7,4,11,0.6629394266610144
10,1,11,NaN
7,4,11,NaN
8,3,11,0.022514392859242408
3,8,11,0.8204795116931126
7,4,11,NaN
10,1,11,0.7659187175498298
7,4,11,NaN
7,4,11,NaN
7,4,11,0.39365820288251563
8,3,11,0.4584457217856004
11,0,11,NaN
2,9,11,NaN
7,4,11,NaN
9,2,11,0.013595179396091573
8,3,11,NaN
7,4,11,NaN
11,0,11,0.4564515860336037
9,2,11,NaN
10,1,11,NaN
10,1,11,0.534054961478336
10,1,11,0.1263440049225468
5,6,11,NaN
5,6,11,0.43354817433012754
9,2,11,0.8204795116931126
5,6,11,0.06058247105517931
6,5,11,NaN
6,5,11,0.8053310532878865
7,4,11,0.6629394266610144
10,1,11,NaN
8,3,11,0.08115644780417555
8,3,11,0.14080710657571024
7,4,11,NaN
9,2,11,0.534054961478336
9,2,11,0.21187913375295056
9,2,11,0.12196444410581492
7,4,11,0.4869472780660612
4,7,11,NaN
5,6,11,0.344094194833463
7,4,11,0.3886292175530884
6,5,11,NaN
9,2,11,0.12960961515849984
7,4,11,0.2539806398820645
5,6,11,0.922483585895465
8,3,11,NaN
6,5,11,0.21187913375295056
9,2,11,0.7351022872357142
5,6,11,0.8918075171143799
6,5,11,NaN
8,3,11,0.7659187175498298
10,1,11,0.21187913375295056
7,4,11,0.044034998370386595
9,2,11,NaN
6,5,11,0.2770589453938832
5,6,11,NaN
6,5,11,0.3727089866413835
11,0,11,0.9097889372969507
5,6,11,0.35163936320323114
8,3,11,0.6838274460820077
10,1,11,0.24299412154726827
10,1,11,0.06058247105517931
7,4,11,NaN
7,4,11,NaN
7,4,11,0.6581346281864346
7,4,11,NaN
6,5,11,0.6632238971162197
10,1,11,0.21187913375295056
8,3,11,0.8617097556108892
6,5,11,0.882667076629416
5,6,11,0.35163936320323114
5,6,11,NaN
7,4,11,0.06649732655403373
6,5,11,0.11632221936891603
10,1,11,0.9150030788328798
8,3,11,0.3727291238064636
8,3,11,NaN
6,5,11,0.09331494238381467
6,5,11,0.6886755651837161
7,4,11,0.9444012070806406
6,5,11,NaN
8,3,11,0.06976829949471877
10,1,11,NaN
7,4,11,NaN
7,4,11,0.6408756718394885
8,3,11,NaN
8,3,11,0.23508691838689158
8,3,11,0.4869472780660612
9,2,11,NaN
7,4,11,0.39365820288251563
9,2,11,NaN
8,3,11,NaN
8,3,11,NaN
6,5,11,0.10644627622097674
7,4,11,0.05295374443847441
7,4,11,0.0006741759964829697
9,2,11,0.962032138983051
10,1,11,0.45885943191873046
9,2,11,0.4869472780660612
11,0,11,0.5773495910338519
8,3,11,0.9336743037628588
8,3,11,0.08115644780417555
10,1,11,0.03468779084967369
7,4,11,NaN
6,5,11,0.4869472780660612
6,5,11,NaN
6,5,11,NaN
7,4,11,NaN
6,5,11,0.7659187175498298
6,5,11,0.9749834651108517
8,3,11,0.09331494238381467
6,5,11,0.8204795116931126
8,3,11,0.7943141978951035
10,1,11,0.8394060535951936
8,3,11,0.09697500936630535
7,4,11,0.37139821898230496
8,3,11,0.4869472780660612
8,3,11,0.5304663611940221
9,2,11,NaN
4,7,11,NaN
8,3,11,0.006520752025739906
8,3,11,NaN
10,1,11,0.9336743037628588
8,3,11,0.7008553584305408
6,5,11,0.8949950374154003
9,2,11,NaN
10,1,11,0.14080710657571024
6,5,11,0.39365820288251563
3,8,11,0.7008553584305408
6,5,11,0.6211047067208528
6,5,11,0.9970776095415316
7,4,11,0.8418168267177661
7,4,11,NaN
7,4,11,0.8960074462689752
7,4,11,0.6629394266610144
8,3,11,0.7008553584305408
7,4,11,NaN
6,5,11,0.39365820288251563
8,3,11,0.8949950374154003
7,4,11,0.4657807829694648
8,3,11,0.9690207992381747
11,0,11,0.534054961478336
8,3,11,0.39365820288251563
7,4,11,0.8418168267177661
4,7,11,0.39365820288251563
6,5,11,0.001851464381362323
2,9,11,0.39365820288251563
8,3,11,NaN
9,2,11,0.0828380587962524
5,6,11,0.161264881038212
8,3,11,NaN
10,1,11,0.7351022872357142
7,4,11,0.5612315460861541
9,2,11,0.09647507755142276
7,4,11,NaN
6,5,11,NaN
6,5,11,0.6629394266610144
6,5,11,6.26179517664963e-6
4,7,11,0.843806648043324
8,3,11,0.161264881038212
5,6,11,0.25681951177572515
7,4,11,0.10382651275754705
10,1,11,0.4389759442456205
7,4,11,0.6211047067208528
9,2,11,NaN
9,2,11,NaN
5,6,11,0.39365820288251563
8,3,11,0.8617097556108892
7,4,11,0.31881682442519205
9,2,11,0.1961762404586811
8,3,11,0.7659187175498298
5,6,11,0.6211047067208528
6,5,11,0.4389759442456205
8,3,11,0.7943141978951035
10,1,11,NaN
8,3,11,0.6211047067208528
7,4,11,0.4389759442456205
8,3,11,NaN
6,5,11,NaN
5,6,11,NaN
7,4,11,NaN
6,5,11,NaN
2,9,11,0.6563875518623467
6,5,11,0.534054961478336
6,5,11,0.7008553584305408
5,6,11,0.0009496021853410261
7,4,11,0.9444012070806406
9,2,11,0.35163936320323114
7,4,11,0.09708695764977768
6,5,11,0.14080710657571024
9,2,11,NaN
7,4,11,NaN
5,6,11,0.9097889372969507
7,4,11,NaN
8,3,11,0.03973270879120916
5,6,11,0.011625908468073121
8,3,11,0.4389759442456205
8,3,11,NaN
5,6,11,NaN
6,5,11,0.14080710657571024
7,4,11,NaN
5,6,11,0.962032138983051
8,3,11,0.161264881038212
7,4,11,0.03025847703180226
8,3,11,0.8186434889422699
4,7,11,0.35163936320323114
6,5,11,0.009425349767692949
9,2,11,0.7008553584305408
7,4,11,0.39365820288251563
8,3,11,NaN
8,3,11,0.0880718463747652
7,4,11,NaN
9,2,11,0.9534911290835386
7,4,11,0.3147278493122561
9,2,11,0.43235100537574384
5,6,11,NaN
7,4,11,0.9145555838841878
9,2,11,0.12196444410581492
11,0,11,NaN
9,2,11,NaN
7,4,11,0.002876375286040075
7,4,11,0.8418168267177661
10,1,11,0.14080710657571024
8,3,11,0.7008553584305408
11,0,11,0.2803934864364885
6,5,11,0.8418168267177661
7,4,11,0.4775144352251463
4,7,11,0.5681595031794388
11,0,11,0.9336743037628588
8,3,11,0.4869472780660612
7,4,11,0.7287040245056824
4,7,11,0.14080710657571024
9,2,11,0.00442314168304582
5,6,11,0.7351022872357142
4,7,11,0.08115644780417555
7,4,11,0.8791469822960243
5,6,11,0.24002779051199508
3,8,11,0.8418168267177661
6,5,11,0.161264881038212
9,2,11,0.5490408605083255
9,2,11,NaN
6,5,11,NaN
8,3,11,0.023478970501129702
9,2,11,0.610948315408089
11,0,11,0.8617097556108892
5,6,11,NaN
5,6,11,0.7351022872357142
10,1,11,NaN
11,0,11,NaN
8,3,11,0.14080710657571024
7,4,11,0.7882167177570535
3,8,11,0.6631902485295376
3,8,11,0.18616431976137507
9,2,11,0.09676011235404203
9,2,11,0.4098940136808668
7,4,11,NaN
7,4,11,NaN
8,3,11,NaN
6,5,11,0.8949950374154003
6,5,11,0.7351022872357142
5,6,11,0.8617097556108892
5,6,11,0.161264881038212
5,6,11,NaN
9,2,11,0.8418168267177661
6,5,11,0.5773495910338519
10,1,11,0.7943141978951035
7,4,11,0.7659187175498298
9,2,11,NaN
7,4,11,NaN
8,3,11,0.9200664646865419
4,7,11,0.005246060124330778
9,2,11,0.5773495910338519
6,5,11,0.161264881038212
3,8,11,0.013595179396091573
8,3,11,NaN
10,1,11,NaN
6,5,11,0.0008430403999525831
10,1,11,0.09331494238381467
5,6,11,0.6089267360264234
5,6,11,0.0027942136115787384
9,2,11,0.6629394266610144
7,4,11,0.10644627622097674
6,5,11,NaN
4,7,11,NaN
5,6,11,0.03468779084967369
5,6,11,0.6459136858084055
7,4,11,0.0025644290010239084
7,4,11,0.6629394266610144
7,4,11,0.3356648173745397
2,9,11,0.24299412154726827
5,6,11,0.2770589453938832
6,5,11,0.7182603459527541
10,1,11,0.15618250302597383
8,3,11,0.03973270879120916
10,1,11,0.4219814386852214
8,3,11,0.35163936320323114
5,6,11,NaN
5,6,11,0.14911962180399782
8,3,11,NaN
7,4,11,0.39365820288251563
9,2,11,0.7659187175498298
6,5,11,0.09331494238381467
6,5,11,0.2770589453938832
6,5,11,0.6332894109419442
7,4,11,0.534054961478336
5,6,11,0.12196444410581492
10,1,11,NaN
8,3,11,0.5773495910338519
6,5,11,0.39365820288251563
10,1,11,0.9749834651108517
2,9,11,0.12196444410581492
6,5,11,NaN
5,6,11,0.2770589453938832
5,6,11,NaN
9,2,11,0.2504181034720372
4,7,11,0.7008553584305408
7,4,11,0.7659187175498298
9,2,11,NaN
4,7,11,NaN
9,2,11,0.8791469822960243
5,6,11,NaN
7,4,11,NaN
9,2,11,NaN
9,2,11,0.016352394412106192
8,3,11,0.6722202986507064
6,5,11,0.05295374443847441
5,6,11,NaN
10,1,11,0.284957002957702
6,5,11,NaN
8,3,11,0.02611284212389445
9,2,11,0.022641636257990223
6,5,11,0.4869472780660612
4,7,11,NaN
5,6,11,0.05295374443847441
9,2,11,NaN
6,5,11,0.4389759442456205
6,5,11,0.001229131411212396
7,4,11,NaN
5,6,11,0.35163936320323114
9,2,11,0.019582362947367808
7,4,11,0.023946297372272767
7,4,11,0.4948054211014482
8,3,11,NaN
7,4,11,0.17051357097829675
11,0,11,NaN
9,2,11,0.4389759442456205
6,5,11,0.77439442420746
8,3,11,NaN
7,4,11,NaN
6,5,11,0.5963682346289482
9,2,11,0.3147278493122561
4,7,11,0.7943141978951035
7,4,11,0.3399082013245906
6,5,11,0.9799588626550771
5,6,11,0.05295374443847441
6,5,11,0.6629394266610144
7,4,11,0.7403107033676471
2,9,11,NaN
6,5,11,0.18561760226461765
6,5,11,0.06988872661807305
7,4,11,0.7008553584305408
4,7,11,7.979979538407392e-9
7,4,11,0.8185224033161663
8,3,11,0.4516550115720752
6,5,11,0.9457377618030892
8,3,11,0.016352394412106192
4,7,11,0.06058247105517931
3,8,11,0.1721339698253161
3,8,11,0.9336743037628588
4,7,11,0.3147278493122561
7,4,11,0.01878621142699956
5,6,11,0.18561760226461765
6,5,11,0.8418168267177661
6,5,11,0.39365820288251563
5,6,11,0.8418168267177661
4,7,11,NaN
4,7,11,NaN
6,5,11,0.995936660653057
7,4,11,0.8192863126470953
8,3,11,0.04038041435344787
5,6,11,NaN
3,8,11,NaN
8,3,11,0.004345943210504298
6,5,11,0.8418168267177661
6,5,11,0.5511909876992036
5,6,11,0.39365820288251563
6,5,11,0.1271711403858769
6,5,11,NaN
5,6,11,0.9744160890409531
8,3,11,0.03468779084967369
6,5,11,0.7008553584305408
5,6,11,NaN
5,6,11,0.922483585895465
4,7,11,0.8204795116931126
8,3,11,NaN
5,6,11,0.21187913375295056
4,7,11,0.3075545655543655
3,8,11,NaN
6,5,11,0.6629394266610144
6,5,11,NaN
6,5,11,NaN
3,8,11,NaN
6,5,11,NaN
2,9,11,NaN
6,5,11,0.2912165622372609
6,5,11,0.35163936320323114
11,0,11,0.534054961478336
3,8,11,0.7943141978951035
4,7,11,0.5175096737110214
5,6,11,0.03516617484531781
3,8,11,0.8708447742323755
4,7,11,NaN
2,9,11,0.7943141978951035
4,7,11,NaN
3,8,11,0.39365820288251563
1,10,11,NaN
3,8,11,0.8389655128199344
1,10,11,NaN
2,9,11,0.5773495910338519
0,11,11,NaN
9,1,10,0.20829951466081878
10,0,10,0.18561760226461765
8,2,10,NaN
8,2,10,0.534054961478336
4,6,10,0.9690207992381747
8,2,10,NaN
8,2,10,0.9097889372969507
6,4,10,0.5773495910338519
6,4,10,0.6613363799820114
6,4,10,NaN
7,3,10,0.4869472780660612
5,5,10,NaN
9,1,10,NaN
6,4,10,0.27616249731516485
10,0,10,0.12196444410581492
6,4,10,0.02915369916121367
8,2,10,0.02046990527508719
8,2,10,0.9444012070806406
9,1,10,0.016352394412106192
7,3,10,0.4389759442456205
7,3,10,NaN
7,3,10,0.7008553584305408
9,1,10,0.8949950374154003
7,3,10,0.8791469822960243
7,3,10,NaN
6,4,10,NaN
5,5,10,NaN
8,2,10,NaN
4,6,10,NaN
8,2,10,NaN
8,2,10,0.3147278493122561
9,1,10,0.6629394266610144
7,3,10,NaN
5,5,10,0.06988872661807305
9,1,10,NaN
6,4,10,0.6022670765821672
6,4,10,NaN
6,4,10,9.84092754540126e-5
9,1,10,NaN
5,5,10,0.0070674882934371065
10,0,10,0.8418168267177661
10,0,10,0.534054961478336
9,1,10,0.20446980535606754
8,2,10,0.9745612489960854
9,1,10,NaN
9,1,10,0.9025266275697447
9,1,10,0.03973270879120916
8,2,10,7.370890321599931e-9
9,1,10,NaN
9,1,10,0.08115644780417555
8,2,10,0.4389759442456205
7,3,10,0.8418168267177661
3,7,10,0.24299412154726827
10,0,10,NaN
8,2,10,0.8791469822960243
7,3,10,0.00857452584780425
9,1,10,0.8791469822960243
7,3,10,0.5851626137782551
6,4,10,0.09331494238381467
7,3,10,NaN
9,1,10,0.907149724844473
9,1,10,0.0035002013226525163
10,0,10,NaN
7,3,10,NaN
9,1,10,NaN
8,2,10,0.3147278493122561
7,3,10,0.5554376351523436
10,0,10,0.019582362947367808
7,3,10,0.7404600925842356
8,2,10,0.7008553584305408
10,0,10,0.05980175738179032
10,0,10,NaN
7,3,10,NaN
8,2,10,0.5866687926855916
8,2,10,NaN
4,6,10,0.9097889372969507
9,1,10,0.962032138983051
5,5,10,NaN
9,1,10,0.6629394266610144
6,4,10,NaN
5,5,10,0.6211047067208528
7,3,10,0.0941844755368357
8,2,10,0.8949950374154003
6,4,10,0.3147278493122561
7,3,10,0.5773495910338519
8,2,10,0.3304975038976709
9,1,10,0.021673359028872418
7,3,10,0.006010435936930229
9,1,10,0.3147278493122561
2,8,10,0.8791469822960243
9,1,10,0.0027107814941417833
6,4,10,NaN
7,3,10,NaN
9,1,10,0.534054961478336
6,4,10,0.24299412154726827
7,3,10,0.029491853296751344
7,3,10,0.4111981363498198
10,0,10,NaN
10,0,10,NaN
9,1,10,0.4389759442456205
5,5,10,0.534054961478336
9,1,10,0.922483585895465
9,1,10,0.12196444410581492
8,2,10,0.08115644780417555
5,5,10,0.962032138983051
7,3,10,0.7074708433927323
7,3,10,0.05295374443847441
7,3,10,0.035565814146164595
6,4,10,NaN
7,3,10,0.7339813567454061
10,0,10,NaN
6,4,10,NaN
8,2,10,0.6629394266610144
9,1,10,NaN
10,0,10,NaN
9,1,10,NaN
8,2,10,0.6211047067208528
10,0,10,0.7943141978951035
8,2,10,0.6211047067208528
9,1,10,NaN
5,5,10,0.10644627622097674
4,6,10,0.8418168267177661
5,5,10,0.5299817961731534
5,5,10,0.18561760226461765
9,1,10,0.056749336737165944
8,2,10,0.697679905440175
8,2,10,NaN
8,2,10,0.31625019821014533
8,2,10,0.35163936320323114
7,3,10,0.7025071216706376
7,3,10,0.3147278493122561
9,1,10,0.7943141978951035
5,5,10,0.9749834651108517
6,4,10,0.5773495910338519
7,3,10,0.8204795116931126
7,3,10,0.18561760226461765
10,0,10,0.686763771183408
6,4,10,0.2770589453938832
6,4,10,0.09331494238381467
5,5,10,0.534054961478336
9,1,10,0.14080710657571024
7,3,10,0.8617097556108892
7,3,10,0.0022418539032746784
7,3,10,0.08115644780417555
8,2,10,NaN
7,3,10,0.5773495910338519
8,2,10,0.9452512051460086
8,2,10,0.0933744704900267
8,2,10,0.8053310532878865
9,1,10,0.922483585895465
6,4,10,0.21187913375295056
8,2,10,0.03973270879120916
7,3,10,NaN
5,5,10,0.015363679308731839
6,4,10,0.7351022872357142
6,4,10,0.2528753473798945
8,2,10,0.6391455635042949
10,0,10,0.2513489220337205
10,0,10,0.7659187175498298
7,3,10,NaN
9,1,10,0.0007082124919489626
6,4,10,0.25726128267176834
9,1,10,NaN
5,5,10,0.534054961478336
9,1,10,0.09149698913623541
4,6,10,1.6772669987128054e-5
8,2,10,0.7943141978951035
7,3,10,NaN
8,2,10,0.684080773301375
6,4,10,NaN
9,1,10,0.03025847703180226
9,1,10,0.4362818310637738
8,2,10,0.8791469822960243
6,4,10,NaN
8,2,10,0.4870331712221417
7,3,10,0.057082966230026115
5,5,10,0.05295374443847441
8,2,10,NaN
9,1,10,NaN
7,3,10,NaN
6,4,10,0.24299412154726827
10,0,10,NaN
10,0,10,0.10644627622097674
7,3,10,NaN
8,2,10,0.18561760226461765
7,3,10,0.161264881038212
5,5,10,NaN
9,1,10,NaN
8,2,10,0.8418168267177661
6,4,10,0.2770589453938832
6,4,10,0.21964119618251549
8,2,10,0.0043605309481338506
8,2,10,0.013595179396091573
10,0,10,NaN
6,4,10,NaN
9,1,10,NaN
8,2,10,0.36959257766905407
6,4,10,0.3334971791483855
9,1,10,0.0021903510103783836
10,0,10,0.9765115209633303
7,3,10,NaN
7,3,10,0.6092144081708829
8,2,10,0.7659187175498298
8,2,10,0.4494030162857966
9,1,10,0.3147278493122561
7,3,10,0.21746927652580472
7,3,10,0.4389759442456205
6,4,10,0.8617097556108892
8,2,10,NaN
10,0,10,0.26467896053434414
5,5,10,0.8909818649286464
9,1,10,0.009002578638160653
9,1,10,0.7943141978951035
9,1,10,0.9097889372969507
6,4,10,0.534054961478336
8,2,10,0.5773495910338519
3,7,10,NaN
7,3,10,NaN
9,1,10,0.534054961478336
6,4,10,NaN
7,3,10,0.6211047067208528
4,6,10,0.24299412154726827
6,4,10,0.7008553584305408
10,0,10,0.4349598562938944
9,1,10,0.8418168267177661
10,0,10,NaN
7,3,10,0.4869472780660612
8,2,10,0.6629394266610144
8,2,10,NaN
8,2,10,3.531502287911592e-5
9,1,10,NaN
9,1,10,NaN
8,2,10,0.05295374443847441
5,5,10,0.4389759442456205
8,2,10,NaN
9,1,10,0.8182710151016758
5,5,10,0.3160960017010131
6,4,10,0.4389759442456205
4,6,10,0.013595179396091573
10,0,10,0.4869472780660612
8,2,10,0.8418168267177661
4,6,10,0.35944974396699086
9,1,10,NaN
8,2,10,0.007529458719736402
9,1,10,0.534054961478336
6,4,10,0.12196444410581492
6,4,10,0.3358808840613751
6,4,10,0.39365820288251563
6,4,10,NaN
9,1,10,0.7008553584305408
6,4,10,0.32916159982040333
8,2,10,0.534054961478336
8,2,10,0.03973270879120916
7,3,10,0.4389759442456205
5,5,10,0.534054961478336
5,5,10,0.39365820288251563
9,1,10,0.6629394266610144
5,5,10,0.024153269215131484
5,5,10,NaN
4,6,10,0.3340225583916242
7,3,10,NaN
10,0,10,0.005100602238806189
7,3,10,0.9984155236788264
9,1,10,0.5773495910338519
10,0,10,0.5570581048494536
5,5,10,NaN
7,3,10,0.03312822871847103
8,2,10,0.5624190893075987
8,2,10,NaN
7,3,10,0.09331494238381467
6,4,10,0.9749834651108517
8,2,10,0.03973270879120916
3,7,10,0.7943141978951035
7,3,10,0.8418168267177661
3,7,10,NaN
5,5,10,0.026761755413357353
7,3,10,0.24299412154726827
4,6,10,0.05295374443847441
9,1,10,NaN
10,0,10,0.35163936320323114
9,1,10,NaN
7,3,10,NaN
6,4,10,0.7008553584305408
4,6,10,NaN
8,2,10,NaN
10,0,10,0.21187913375295056
5,5,10,NaN
5,5,10,0.8418168267177661
8,2,10,NaN
6,4,10,NaN
8,2,10,0.5773495910338519
5,5,10,0.022997154201549852
5,5,10,NaN
6,4,10,0.09661311162551739
8,2,10,0.35163936320323114
9,1,10,NaN
8,2,10,0.18561760226461765
7,3,10,0.39974025287484216
5,5,10,NaN
5,5,10,NaN
9,1,10,NaN
6,4,10,0.04988791531202718
7,3,10,NaN
4,6,10,0.03025847703180226
5,5,10,0.2770589453938832
6,4,10,0.24299412154726827
6,4,10,0.9336743037628588
5,5,10,0.7659187175498298
8,2,10,0.4869472780660612
7,3,10,0.39365820288251563
8,2,10,0.8215298843666329
7,3,10,0.00018463093585787104
8,2,10,0.26088718812905376
7,3,10,NaN
9,1,10,0.4869472780660612
5,5,10,0.922483585895465
7,3,10,NaN
8,2,10,0.18561760226461765
8,2,10,NaN
9,1,10,0.9097889372969507
5,5,10,0.007960633945195783
9,1,10,0.3727291238064636
7,3,10,0.17234746463602837
8,2,10,0.2804902409054183
7,3,10,0.14080710657571024
9,1,10,0.7659187175498298
7,3,10,0.6629394266610144
8,2,10,0.03973270879120916
10,0,10,NaN
7,3,10,0.00015194282157994428
9,1,10,0.39365820288251563
6,4,10,0.6211047067208528
6,4,10,0.009886583305940173
5,5,10,0.4389759442456205
7,3,10,0.161264881038212
4,6,10,0.8791469822960243
7,3,10,0.14080710657571024
8,2,10,NaN
7,3,10,NaN
10,0,10,0.534054961478336
6,4,10,NaN
6,4,10,NaN
6,4,10,NaN
6,4,10,NaN
7,3,10,0.9020416379408894
5,5,10,0.6629394266610144
6,4,10,0.03973270879120916
9,1,10,0.7010375280737571
7,3,10,0.04477018850579075
9,1,10,0.05295374443847441
6,4,10,NaN
10,0,10,0.35163936320323114
7,3,10,0.4869472780660612
8,2,10,0.7034798908330773
10,0,10,0.03973270879120916
3,7,10,0.4383161001125588
7,3,10,0.9444012070806406
7,3,10,NaN
7,3,10,0.9641896408764264
10,0,10,0.9749834651108517
3,7,10,0.2770589453938832
5,5,10,0.05295374443847441
8,2,10,0.5773495910338519
8,2,10,0.00021487024186169835
10,0,10,0.04855642739987169
10,0,10,0.8204795116931126
9,1,10,0.24299412154726827
7,3,10,0.03327629771041577
5,5,10,NaN
8,2,10,NaN
7,3,10,0.09685828447477496
5,5,10,0.8617097556108892
9,1,10,NaN
6,4,10,0.241889816027818
7,3,10,0.18561760226461765
4,6,10,0.1755730016435965
8,2,10,NaN
7,3,10,0.45672646229025915
8,2,10,0.6581346281864346
5,5,10,NaN
9,1,10,0.8949950374154003
7,3,10,0.35959184658125337
7,3,10,NaN
9,1,10,0.451067138874469
7,3,10,0.0008276216871260705
8,2,10,NaN
6,4,10,0.09331494238381467
3,7,10,0.6629394266610144
6,4,10,0.7008553584305408
8,2,10,0.09349257514103666
10,0,10,NaN
6,4,10,0.7943141978951035
8,2,10,0.8204795116931126
8,2,10,0.4839776194992507
9,1,10,NaN
5,5,10,0.9690207992381747
10,0,10,0.5773495910338519
8,2,10,0.3147278493122561
8,2,10,0.37912804479362977
8,2,10,NaN
6,4,10,0.588011280292512
9,1,10,NaN
4,6,10,0.8204795116931126
8,2,10,NaN
7,3,10,0.08712562829655524
9,1,10,0.7797468991733355
8,2,10,NaN
7,3,10,0.06988872661807305
8,2,10,NaN
6,4,10,0.08130570000619265
9,1,10,0.5773495910338519
5,5,10,0.4389759442456205
6,4,10,0.09381862883821909
9,1,10,0.7659187175498298
10,0,10,NaN
7,3,10,0.03468779084967369
9,1,10,0.5527353880562436
7,3,10,0.7659187175498298
9,1,10,0.02611284212389445
4,6,10,0.39365820288251563
7,3,10,0.534054961478336
9,1,10,0.9654348555030692
8,2,10,NaN
10,0,10,0.9608286830178985
6,4,10,NaN
9,1,10,NaN
4,6,10,0.922483585895465
8,2,10,NaN
7,3,10,0.922483585895465
7,3,10,NaN
6,4,10,0.5632296527301194
8,2,10,0.24299412154726827
6,4,10,0.26038770039944276
8,2,10,0.5916661254727769
5,5,10,NaN
7,3,10,NaN
6,4,10,0.161264881038212
7,3,10,0.21187913375295056
8,2,10,0.4869472780660612
8,2,10,0.2770589453938832
9,1,10,0.6184670393434103
7,3,10,NaN
5,5,10,0.9025266275697447
4,6,10,0.1602527691362631
8,2,10,NaN
6,4,10,0.9097889372969507
4,6,10,0.07549071471762002
8,2,10,0.697679905440175
8,2,10,0.18561760226461765
4,6,10,0.0661330024587312
8,2,10,0.7351022872357142
7,3,10,0.7478500924108313
5,5,10,NaN
7,3,10,0.38977886006065965
10,0,10,0.06058247105517931
5,5,10,NaN
7,3,10,0.3147278493122561
8,2,10,NaN
4,6,10,NaN
8,2,10,0.3985367151993049
8,2,10,0.1107789900844119
5,5,10,NaN
6,4,10,NaN
5,5,10,0.43354817433012754
6,4,10,NaN
7,3,10,0.8617097556108892
4,6,10,NaN
8,2,10,0.8791469822960243
10,0,10,0.06988872661807305
7,3,10,0.5604538329734428
6,4,10,0.7659187175498298
6,4,10,0.0050797589073158554
7,3,10,0.6211047067208528
6,4,10,NaN
7,3,10,0.14080710657571024
9,1,10,0.13230786680958653
8,2,10,0.6211047067208528
6,4,10,0.7008553584305408
3,7,10,NaN
8,2,10,0.8743887481316611
8,2,10,0.04344946742249774
9,1,10,NaN
8,2,10,0.8617097556108892
5,5,10,NaN
9,1,10,0.8949950374154003
5,5,10,0.44962861254452385
2,8,10,NaN
9,1,10,0.6211047067208528
8,2,10,0.5794933485641853
9,1,10,NaN
10,0,10,0.8418168267177661
9,1,10,NaN
5,5,10,0.8791469822960243
8,2,10,0.240382051771719
9,1,10,0.18561760226461765
6,4,10,0.4584457217856004
9,1,10,NaN
7,3,10,0.6629394266610144
9,1,10,0.013584695640948361
4,6,10,0.534054961478336
7,3,10,0.1130505166626066
7,3,10,0.5917024414556068
8,2,10,NaN
8,2,10,NaN
6,4,10,NaN
6,4,10,NaN
6,4,10,0.6172258058419916
7,3,10,0.3186141606214606
5,5,10,NaN
9,1,10,0.4389759442456205
8,2,10,0.8791469822960243
5,5,10,0.4869472780660612
8,2,10,0.9690207992381747
8,2,10,NaN
10,0,10,0.5624100504369717
6,4,10,0.39365820288251563
7,3,10,NaN
8,2,10,NaN
9,1,10,0.028416200145929108
7,3,10,0.21187913375295056
8,2,10,0.08115644780417555
7,3,10,0.7351022872357142
6,4,10,0.21187913375295056
9,1,10,0.6629394266610144
2,8,10,0.8418168267177661
9,1,10,NaN
3,7,10,0.4683004398416632
5,5,10,0.7008553584305408
3,7,10,0.7008553584305408
7,3,10,0.7659187175498298
8,2,10,0.4869472780660612
8,2,10,0.18561760226461765
9,1,10,NaN
9,1,10,0.583929127406625
7,3,10,0.8204795116931126
8,2,10,0.35163936320323114
10,0,10,0.7101057160759637
3,7,10,0.26903641975607206
8,2,10,0.534054961478336
4,6,10,NaN
9,1,10,0.8617097556108892
6,4,10,0.7008553584305408
10,0,10,0.922483585895465
10,0,10,0.8949950374154003
3,7,10,0.7351022872357142
7,3,10,0.011386458521484722
4,6,10,0.02046990527508719
8,2,10,NaN
10,0,10,0.8418168267177661
5,5,10,NaN
10,0,10,0.5773495910338519
7,3,10,NaN
10,0,10,0.576215311731285
6,4,10,0.9096473665289808
9,1,10,0.5439779729715323
2,8,10,0.9444012070806406
10,0,10,0.8418168267177661
8,2,10,0.05295374443847441
7,3,10,NaN
8,2,10,0.7792451244858153
7,3,10,NaN
9,1,10,0.525816860430935
5,5,10,NaN
7,3,10,0.4389759442456205
3,7,10,NaN
8,2,10,0.0072330026911682456
7,3,10,0.7351022872357142
7,3,10,0.8418168267177661
8,2,10,0.8949950374154003
8,2,10,0.35163936320323114
7,3,10,NaN
8,2,10,0.5772530758979141
7,3,10,0.9970792613856009
9,1,10,NaN
5,5,10,0.24299412154726827
4,6,10,NaN
9,1,10,0.39365820288251563
7,3,10,0.12196444410581492
8,2,10,0.9534911290835386
10,0,10,0.5624100504369717
5,5,10,0.2770589453938832
6,4,10,NaN
8,2,10,0.07589461769874091
8,2,10,0.9336743037628588
9,1,10,NaN
4,6,10,0.39365820288251563
7,3,10,0.002876375286040075
8,2,10,NaN
6,4,10,0.08115644780417555
8,2,10,NaN
7,3,10,NaN
7,3,10,0.052410738306964036
7,3,10,0.6211047067208528
6,4,10,NaN
8,2,10,NaN
8,2,10,NaN
7,3,10,0.897135819240873
7,3,10,0.14080710657571024
7,3,10,0.962032138983051
7,3,10,0.0011799301729771422
7,3,10,NaN
8,2,10,NaN
9,1,10,0.7008553584305408
8,2,10,NaN
6,4,10,NaN
5,5,10,NaN
9,1,10,0.6211047067208528
5,5,10,0.7659187175498298
7,3,10,NaN
3,7,10,0.04988791531202718
9,1,10,NaN
6,4,10,0.7659187175498298
6,4,10,0.4389759442456205
6,4,10,0.8791469822960243
7,3,10,0.6753958513502701
6,4,10,0.7008553584305408
9,1,10,0.7008553584305408
10,0,10,NaN
8,2,10,0.9534911290835386
6,4,10,0.18561760226461765
9,1,10,0.9336743037628588
10,0,10,0.03468779084967369
8,2,10,NaN
10,0,10,NaN
5,5,10,0.05295374443847441
7,3,10,0.39365820288251563
8,2,10,0.2770589453938832
8,2,10,NaN
7,3,10,0.4389759442456205
7,3,10,0.7678802083296419
8,2,10,NaN
6,4,10,0.922483585895465
9,1,10,NaN
9,1,10,0.3864896500598819
6,4,10,0.15489540852789072
8,2,10,0.9618712959485
5,5,10,NaN
8,2,10,0.6428919829774867
4,6,10,0.12196444410581492
10,0,10,0.204756329954101
7,3,10,0.36997560015612524
5,5,10,0.1135094910315754
8,2,10,0.24299412154726827
7,3,10,0.9690207992381747
4,6,10,0.09289293941234132
7,3,10,NaN
7,3,10,0.5587745388773285
9,1,10,0.7569530940454013
7,3,10,0.02611284212389445
10,0,10,0.4869472780660612
7,3,10,NaN
7,3,10,0.018391328283172935
10,0,10,0.8791469822960243
7,3,10,NaN
8,2,10,0.08115644780417555
6,4,10,0.38979648083728136
4,6,10,0.4869472780660612
5,5,10,0.8166047472199134
8,2,10,0.3147278493122561
7,3,10,0.14080710657571024
7,3,10,0.9444012070806406
7,3,10,0.7659187175498298
8,2,10,1.4787434553794152e-6
7,3,10,0.8617097556108892
4,6,10,0.14080710657571024
7,3,10,0.7351022872357142
4,6,10,0.7795807337024551
6,4,10,0.6184670393434103
9,1,10,0.06988872661807305
8,2,10,0.8949950374154003
7,3,10,0.4389759442456205
7,3,10,0.7659187175498298
7,3,10,0.6278555998552221
8,2,10,0.8204795116931126
6,4,10,0.8791469822960243
3,7,10,NaN
10,0,10,0.8418168267177661
6,4,10,0.4869472780660612
8,2,10,0.6563875518623467
10,0,10,0.008628730494056477
7,3,10,0.161264881038212
9,1,10,0.534054961478336
6,4,10,0.18561760226461765
9,1,10,0.2574828015615489
4,6,10,0.9646968813913402
6,4,10,NaN
7,3,10,0.9470837696514067
8,2,10,NaN
9,1,10,0.013595179396091573
6,4,10,0.6713148606042852
3,7,10,0.10644627622097674
5,5,10,0.7659187175498298
4,6,10,0.35883275419202354
8,2,10,0.534054961478336
7,3,10,NaN
7,3,10,NaN
8,2,10,0.11064628629797046
8,2,10,NaN
7,3,10,0.10872650759007672
5,5,10,0.10644627622097674
9,1,10,0.908884201870921
8,2,10,0.39365820288251563
9,1,10,0.9097889372969507
4,6,10,0.8617097556108892
6,4,10,0.586965109129717
5,5,10,0.008436844294512934
3,7,10,NaN
7,3,10,0.5415254142073298
7,3,10,0.534054961478336
6,4,10,0.5132190767450795
3,7,10,NaN
10,0,10,NaN
9,1,10,0.35163936320323114
7,3,10,0.002950601277929661
4,6,10,0.4389759442456205
9,1,10,NaN
5,5,10,NaN
9,1,10,0.0064127919226025665
6,4,10,0.24299412154726827
6,4,10,0.5773495910338519
8,2,10,NaN
5,5,10,0.7351022872357142
10,0,10,0.8949950374154003
10,0,10,0.16465187806228962
3,7,10,0.4869472780660612
10,0,10,NaN
5,5,10,NaN
8,2,10,0.24299412154726827
6,4,10,0.862308617837598
5,5,10,0.002876375286040075
5,5,10,NaN
5,5,10,NaN
5,5,10,0.2770589453938832
9,1,10,NaN
5,5,10,NaN
8,2,10,NaN
7,3,10,NaN
8,2,10,NaN
5,5,10,0.9097889372969507
7,3,10,NaN
9,1,10,0.7008553584305408
8,2,10,0.6629394266610144
4,6,10,NaN
8,2,10,0.09331494238381467
6,4,10,NaN
7,3,10,NaN
4,6,10,0.881143991419024
8,2,10,0.11152938919004492
7,3,10,0.09209799421430827
6,4,10,0.9444012070806406
8,2,10,0.3980638840198827
7,3,10,0.10276718554990581
7,3,10,0.08996870173914322
6,4,10,0.8617097556108892
8,2,10,NaN
5,5,10,0.21187913375295056
3,7,10,0.879296355461084
9,1,10,0.8617097556108892
6,4,10,0.17574869161230647
6,4,10,0.6629394266610144
8,2,10,0.9690207992381747
9,1,10,0.33219032755590167
6,4,10,0.18561760226461765
6,4,10,0.10644627622097674
7,3,10,NaN
6,4,10,0.06988872661807305
9,1,10,0.3147278493122561
5,5,10,0.6629394266610144
5,5,10,0.39365820288251563
8,2,10,0.2770589453938832
8,2,10,0.8791469822960243
9,1,10,0.8418168267177661
6,4,10,0.9210082517143392
6,4,10,NaN
6,4,10,1.3091657557527553e-5
9,1,10,0.8791469822960243
8,2,10,0.6632238971162197
4,6,10,0.6211047067208528
9,1,10,0.06058247105517931
7,3,10,0.8390554675484226
8,2,10,0.21187913375295056
7,3,10,NaN
6,4,10,0.534054961478336
7,3,10,0.19586873389645038
5,5,10,0.0076916326759648036
9,1,10,0.4389759442456205
8,2,10,0.03973270879120916
6,4,10,0.6629394266610144
5,5,10,0.9389456812951761
8,2,10,0.7851748406066483
9,1,10,0.25218745171010276
6,4,10,0.9336743037628588
7,3,10,0.599815228024752
7,3,10,0.534054961478336
6,4,10,0.3147278493122561
9,1,10,NaN
9,1,10,0.8949950374154003
7,3,10,0.12196444410581492
6,4,10,NaN
6,4,10,0.697679905440175
8,2,10,0.6629394266610144
8,2,10,0.3147278493122561
8,2,10,0.21187913375295056
7,3,10,0.31603071707292774
7,3,10,0.7351022872357142
7,3,10,NaN
8,2,10,0.6629394266610144
6,4,10,NaN
9,1,10,NaN
6,4,10,0.342645371658605
9,1,10,0.4389759442456205
7,3,10,0.8418168267177661
5,5,10,0.023553723681064422
6,4,10,NaN
4,6,10,0.534054961478336
6,4,10,0.8869491384758869
7,3,10,0.9336743037628588
7,3,10,0.9347174635585465
9,1,10,0.534054961478336
6,4,10,NaN
6,4,10,0.00018588587545685477
5,5,10,0.23275111362596482
5,5,10,0.8617097556108892
9,1,10,0.009886583305940173
9,1,10,NaN
9,1,10,0.03468779084967369
8,2,10,NaN
6,4,10,0.4642718133381593
8,2,10,0.6623634647022867
9,1,10,0.05400398785089825
8,2,10,0.019413000008510182
7,3,10,0.7105885988814905
9,1,10,NaN
6,4,10,6.545486770260397e-10
10,0,10,0.9444012070806406
4,6,10,0.6629394266610144
4,6,10,0.9478461078213508
8,2,10,0.9690207992381747
4,6,10,NaN
10,0,10,NaN
8,2,10,0.010857540581071618
10,0,10,0.4389759442456205
6,4,10,NaN
10,0,10,NaN
7,3,10,0.6629394266610144
7,3,10,0.9444012070806406
3,7,10,NaN
9,1,10,0.006091701711492965
9,1,10,0.6629394266610144
5,5,10,NaN
10,0,10,NaN
5,5,10,NaN
5,5,10,NaN
10,0,10,NaN
7,3,10,0.3046067909527757
9,1,10,0.6629394266610144
7,3,10,NaN
9,1,10,0.35163936320323114
9,1,10,0.08115644780417555
5,5,10,0.3575489661916351
3,7,10,0.4389759442456205
6,4,10,NaN
8,2,10,0.3147278493122561
9,1,10,0.4344741859498727
6,4,10,0.7008553584305408
8,2,10,NaN
9,1,10,0.39365820288251563
9,1,10,0.8949950374154003
8,2,10,NaN
8,2,10,NaN
8,2,10,0.7659187175498298
8,2,10,0.02981843149687057
7,3,10,0.534054961478336
7,3,10,NaN
7,3,10,0.8819637930910276
9,1,10,0.04991830556857686
9,1,10,NaN
5,5,10,NaN
8,2,10,0.161264881038212
7,3,10,0.4071386868092582
6,4,10,0.7692179258650109
2,8,10,0.8123444631103206
9,1,10,0.14080710657571024
6,4,10,0.06988872661807305
8,2,10,0.02443891354270149
9,1,10,NaN
9,1,10,0.06988872661807305
5,5,10,0.12196444410581492
9,1,10,0.045946027748132785
8,2,10,0.534054961478336
6,4,10,0.7821868852436176
6,4,10,0.9312593716464758
6,4,10,0.24486288616974736
8,2,10,0.7351022872357142
10,0,10,0.17954862029845292
9,1,10,0.4870331712221417
6,4,10,0.7008553584305408
7,3,10,0.8204795116931126
8,2,10,0.8286953672056603
8,2,10,0.8734519849996528
7,3,10,0.9336743037628588
9,1,10,0.4389759442456205
6,4,10,0.4869472780660612
8,2,10,0.5773495910338519
8,2,10,0.6629394266610144
7,3,10,NaN
7,3,10,0.5355074150205354
7,3,10,0.2770589453938832
5,5,10,NaN
9,1,10,0.4389759442456205
6,4,10,0.4389759442456205
8,2,10,0.6629394266610144
8,2,10,0.18561760226461765
8,2,10,0.8418168267177661
9,1,10,0.007827960273527267
3,7,10,0.6211047067208528
3,7,10,NaN
6,4,10,NaN
6,4,10,0.018252283778958014
5,5,10,0.5773495910338519
5,5,10,0.8791469822960243
7,3,10,NaN
10,0,10,NaN
9,1,10,0.4584457217856004
7,3,10,NaN
7,3,10,0.05014307186825348
4,6,10,0.887233118375716
8,2,10,NaN
9,1,10,0.7943141978951035
7,3,10,0.9097889372969507
7,3,10,0.161264881038212
8,2,10,0.2770589453938832
5,5,10,0.001893506877719973
10,0,10,0.4389759442456205
5,5,10,0.2770589453938832
8,2,10,0.534054961478336
7,3,10,0.534054961478336
3,7,10,0.4389759442456205
5,5,10,0.7351022872357142
8,2,10,0.7943141978951035
10,0,10,0.6629394266610144
9,1,10,0.14080710657571024
3,7,10,0.7008553584305408
6,4,10,0.7659187175498298
6,4,10,0.08115644780417555
7,3,10,0.8791469822960243
4,6,10,NaN
8,2,10,0.24299412154726827
8,2,10,0.03973270879120916
6,4,10,0.9394001146461406
7,3,10,0.04090334494058306
4,6,10,0.39365820288251563
6,4,10,0.534054961478336
8,2,10,NaN
6,4,10,0.2573156724156886
8,2,10,NaN
8,2,10,0.6211047067208528
5,5,10,0.7351022872357142
7,3,10,0.016352394412106192
4,6,10,NaN
9,1,10,NaN
9,1,10,0.39365820288251563
8,2,10,0.962032138983051
8,2,10,0.5266222808941918
7,3,10,0.5773495910338519
7,3,10,0.06988872661807305
5,5,10,0.21187913375295056
9,1,10,0.06988872661807305
7,3,10,0.1197675794643248
4,6,10,0.991808263676121
6,4,10,0.963171029085636
9,1,10,0.7659187175498298
5,5,10,0.06058247105517931
9,1,10,0.7351022872357142
6,4,10,0.7943141978951035
7,3,10,NaN
6,4,10,0.03973270879120916
9,1,10,0.18561760226461765
10,0,10,0.4869472780660612
8,2,10,0.06058247105517931
7,3,10,0.3147278493122561
7,3,10,0.8418168267177661
5,5,10,0.7351022872357142
7,3,10,0.8204795116931126
7,3,10,NaN
5,5,10,0.07313359451857124
7,3,10,0.4389759442456205
4,6,10,0.6211047067208528
9,1,10,NaN
9,1,10,0.06058247105517931
6,4,10,0.21187913375295056
2,8,10,0.02933963209099404
9,1,10,0.9534911290835386
9,1,10,0.7260662833205251
8,2,10,0.06988872661807305
7,3,10,NaN
9,1,10,0.2770589453938832
6,4,10,NaN
8,2,10,0.7008553584305408
8,2,10,0.8949950374154003
5,5,10,NaN
8,2,10,0.6632238971162197
10,0,10,0.9097889372969507
7,3,10,0.3147278493122561
7,3,10,NaN
7,3,10,0.007487026346809114
8,2,10,NaN
8,2,10,0.06944451794035625
7,3,10,0.8949950374154003
7,3,10,NaN
1,9,10,0.7943141978951035
7,3,10,NaN
6,4,10,0.7008553584305408
8,2,10,0.10644627622097674
9,1,10,0.05942204865031715
5,5,10,0.39306511582000914
6,4,10,0.02239732987789892
3,7,10,0.33444683265217007
4,6,10,NaN
5,5,10,0.00019785177384835123
9,1,10,NaN
8,2,10,0.08115644780417555
6,4,10,0.25514235121392825
6,4,10,0.9097889372969507
5,5,10,0.14080710657571024
5,5,10,NaN
5,5,10,0.04988791531202718
8,2,10,NaN
6,4,10,0.25990850867455345
9,1,10,0.862308617837598
7,3,10,NaN
5,5,10,NaN
7,3,10,0.7351022872357142
9,1,10,7.994259486508076e-7
6,4,10,NaN
6,4,10,0.2683530068653033
7,3,10,0.39365820288251563
7,3,10,NaN
9,1,10,0.408381643098248
5,5,10,0.8753960451255497
5,5,10,NaN
7,3,10,0.21187913375295056
9,1,10,0.8949950374154003
6,4,10,0.4389759442456205
6,4,10,0.045946027748132785
7,3,10,0.8204795116931126
10,0,10,NaN
5,5,10,0.14080710657571024
7,3,10,0.534054961478336
6,4,10,0.534054961478336
6,4,10,0.7659187175498298
5,5,10,0.9097889372969507
7,3,10,0.534054961478336
9,1,10,NaN
7,3,10,0.5524949423867179
4,6,10,NaN
7,3,10,0.7943141978951035
6,4,10,0.35035692093661347
6,4,10,0.045946027748132785
5,5,10,0.18561760226461765
6,4,10,0.7943141978951035
6,4,10,0.39365820288251563
7,3,10,NaN
6,4,10,0.8498891714649047
8,2,10,0.0041749889310885475
4,6,10,0.3356648173745397
7,3,10,NaN
9,1,10,NaN
4,6,10,0.7660249874498992
5,5,10,NaN
4,6,10,NaN
8,2,10,0.9097889372969507
5,5,10,0.39365820288251563
7,3,10,0.02611284212389445
7,3,10,0.8949950374154003
4,6,10,0.7206370700902589
6,4,10,NaN
3,7,10,0.10644627622097674
6,4,10,0.35163936320323114
6,4,10,0.024149695544660316
6,4,10,0.8204795116931126
6,4,10,0.39365820288251563
6,4,10,0.0003872979368201545
9,1,10,0.9227528438111277
6,4,10,0.7120588430681319
10,0,10,0.3214762360215206
8,2,10,0.35163936320323114
4,6,10,0.161264881038212
4,6,10,0.9690207992381747
5,5,10,0.35163936320323114
5,5,10,0.45885943191873046
5,5,10,0.10633907198401477
8,2,10,NaN
8,2,10,0.04504222116163855
8,2,10,NaN
7,3,10,NaN
8,2,10,NaN
4,6,10,0.962032138983051
4,6,10,NaN
8,2,10,NaN
7,3,10,NaN
6,4,10,NaN
8,2,10,0.3147278493122561
7,3,10,0.7943141978951035
3,7,10,0.4052830057971707
7,3,10,NaN
6,4,10,1.1281666524410386e-6
7,3,10,0.6124302734466294
10,0,10,0.9799588626550771
5,5,10,0.9149476308808263
9,1,10,0.08115644780417555
4,6,10,0.8949950374154003
9,1,10,0.6670639432694784
5,5,10,4.9382412900026374e-5
10,0,10,0.3147278493122561
7,3,10,NaN
7,3,10,0.5135204956201115
4,6,10,0.5128966398626458
6,4,10,0.8418168267177661
4,6,10,0.6716678372530487
9,1,10,0.39365820288251563
8,2,10,0.3547295371878322
7,3,10,0.06058247105517931
8,2,10,0.6629394266610144
10,0,10,0.7008553584305408
4,6,10,NaN
5,5,10,0.7008553584305408
6,4,10,0.2040911817292968
9,1,10,NaN
4,6,10,0.22628292025139302
6,4,10,NaN
6,4,10,0.9605481734841328
9,1,10,0.7943141978951035
8,2,10,0.062282276466880906
8,2,10,0.03025847703180226
8,2,10,0.007348940640152561
8,2,10,0.7943141978951035
6,4,10,0.26785662138336597
7,3,10,0.39365820288251563
4,6,10,NaN
9,1,10,NaN
6,4,10,0.961949790717439
1,9,10,NaN
8,2,10,0.18561760226461765
7,3,10,0.7659187175498298
3,7,10,1.0936066702765016e-8
9,1,10,0.6211047067208528
6,4,10,0.5773495910338519
8,2,10,NaN
6,4,10,0.9690207992381747
8,2,10,0.8949950374154003
8,2,10,NaN
7,3,10,0.4869472780660612
10,0,10,0.4389759442456205
6,4,10,NaN
6,4,10,NaN
6,4,10,NaN
7,3,10,0.534054961478336
9,1,10,0.06988872661807305
7,3,10,NaN
7,3,10,NaN
9,1,10,0.6629394266610144
4,6,10,0.003442105670104662
6,4,10,0.534054961478336
6,4,10,0.39365820288251563
8,2,10,0.03344276015452864
7,3,10,0.1425190240058288
6,4,10,0.18561760226461765
5,5,10,0.617994640499783
7,3,10,0.1224711814299063
8,2,10,0.39365820288251563
7,3,10,NaN
4,6,10,0.09209799421430827
5,5,10,NaN
7,3,10,0.2770589453938832
9,1,10,0.6738540503418087
5,5,10,NaN
5,5,10,0.35163936320323114
4,6,10,0.39855289709982816
7,3,10,NaN
9,1,10,0.022641636257990223
5,5,10,NaN
7,3,10,NaN
6,4,10,NaN
8,2,10,0.8053310532878865
9,1,10,0.7943141978951035
9,1,10,0.5773495910338519
8,2,10,0.8418168267177661
7,3,10,NaN
4,6,10,0.35163936320323114
8,2,10,0.7287046964910007
5,5,10,0.35163936320323114
8,2,10,0.10644627622097674
4,6,10,0.6598671524075389
7,3,10,NaN
7,3,10,NaN
6,4,10,0.8949950374154003
8,2,10,0.8791469822960243
6,4,10,0.534054961478336
7,3,10,0.8418168267177661
10,0,10,0.45885943191873046
10,0,10,NaN
6,4,10,0.2786484571331827
6,4,10,0.7943141978951035
7,3,10,0.4869472780660612
6,4,10,0.45885943191873046
5,5,10,0.12915651047803478
7,3,10,0.08115644780417555
7,3,10,NaN
8,2,10,0.6629394266610144
8,2,10,NaN
8,2,10,NaN
9,1,10,NaN
6,4,10,0.7351022872357142
6,4,10,0.4869472780660612
3,7,10,0.001851464381362323
9,1,10,0.4869472780660612
6,4,10,0.08115644780417555
7,3,10,NaN
4,6,10,0.02611284212389445
9,1,10,0.0718277396351141
5,5,10,0.0006756884543395928
5,5,10,0.7943141978951035
10,0,10,0.02611284212389445
5,5,10,NaN
3,7,10,NaN
3,7,10,0.3147278493122561
3,7,10,0.7008553584305408
9,1,10,0.00015932422902989327
9,1,10,0.019582362947367808
7,3,10,0.9336743037628588
6,4,10,0.12196444410581492
8,2,10,0.35163936320323114
6,4,10,NaN
6,4,10,0.534054961478336
3,7,10,0.6629394266610144
7,3,10,0.0005633181412188986
5,5,10,NaN
6,4,10,0.6629394266610144
9,1,10,0.24299412154726827
6,4,10,0.0015309593677293972
9,1,10,NaN
3,7,10,0.7351022872357142
5,5,10,NaN
4,6,10,NaN
9,1,10,0.4389759442456205
7,3,10,2.88037654081377e-7
8,2,10,NaN
8,2,10,0.5554376351523436
8,2,10,0.015739357409861005
6,4,10,NaN
6,4,10,NaN
8,2,10,0.9336743037628588
6,4,10,0.7008553584305408
3,7,10,NaN
10,0,10,NaN
6,4,10,0.9999176395692245
4,6,10,0.022641636257990223
6,4,10,0.8949950374154003
4,6,10,0.8791469822960243
5,5,10,0.6725163387645186
7,3,10,0.39365820288251563
5,5,10,0.33481638764131005
7,3,10,NaN
2,8,10,NaN
4,6,10,NaN
5,5,10,0.8949950374154003
5,5,10,0.14080710657571024
7,3,10,0.6816983089465296
4,6,10,0.9690207992381747
10,0,10,0.24299412154726827
5,5,10,NaN
7,3,10,NaN
4,6,10,0.4828186755266923
4,6,10,0.7943141978951035
8,2,10,NaN
7,3,10,NaN
5,5,10,0.1022683109786813
5,5,10,0.07243504116155684
8,2,10,0.24423932877874902
5,5,10,NaN
5,5,10,NaN
6,4,10,0.04470578578971025
6,4,10,NaN
8,2,10,0.7008553584305408
5,5,10,0.4389759442456205
7,3,10,NaN
4,6,10,0.9690288191559193
5,5,10,0.534054961478336
10,0,10,0.161264881038212
5,5,10,NaN
7,3,10,NaN
5,5,10,0.022641636257990223
7,3,10,0.5773495910338519
2,8,10,0.3147278493122561
6,4,10,0.0005358867667097031
4,6,10,0.3063278192937033
4,6,10,0.10044181462674069
8,2,10,NaN
10,0,10,0.9886670302743008
6,4,10,NaN
6,4,10,0.12196444410581492
5,5,10,0.4869472780660612
6,4,10,0.7943141978951035
6,4,10,0.534054961478336
6,4,10,0.024296890267530905
3,7,10,0.35163936320323114
5,5,10,0.534054961478336
6,4,10,NaN
9,1,10,0.029447825236336957
6,4,10,NaN
6,4,10,0.036813572589244316
8,2,10,0.9737808622967871
8,2,10,0.11174524223419406
7,3,10,NaN
6,4,10,0.35558857367124785
9,1,10,0.7008553584305408
4,6,10,0.8204795116931126
5,5,10,NaN
1,9,10,NaN
7,3,10,0.4389759442456205
7,3,10,NaN
2,8,10,0.583929127406625
6,4,10,NaN
7,3,10,NaN
7,3,10,0.045946027748132785
8,2,10,0.9444012070806406
7,3,10,0.6928924298259402
9,1,10,NaN
4,6,10,0.05295374443847441
3,7,10,0.922483585895465
5,5,10,NaN
4,6,10,0.09209799421430827
4,6,10,0.922483585895465
7,3,10,0.3147278493122561
6,4,10,0.39365820288251563
4,6,10,NaN
8,2,10,0.002876375286040075
10,0,10,0.7959497224530031
7,3,10,0.7008553584305408
6,4,10,0.7047508237059398
6,4,10,0.8204795116931126
8,2,10,0.24486288616974736
4,6,10,0.01710570917635768
5,5,10,0.6629394266610144
3,7,10,0.019582362947367808
8,2,10,0.35163936320323114
6,4,10,NaN
8,2,10,0.4389759442456205
5,5,10,0.5388711130394107
6,4,10,0.3874240712165098
7,3,10,0.14080710657571024
8,2,10,0.6854874962625098
5,5,10,0.796284126030375
6,4,10,NaN
4,6,10,NaN
3,7,10,NaN
5,5,10,0.6211047067208528
7,3,10,0.7029794519095245
6,4,10,0.8472622199536575
5,5,10,0.6629394266610144
8,2,10,0.35163936320323114
4,6,10,0.2577041879030101
4,6,10,0.03973270879120916
5,5,10,0.09331494238381467
6,4,10,NaN
8,2,10,0.8204795116931126
6,4,10,0.03468779084967369
5,5,10,0.0286337857834804
7,3,10,0.9988438550211445
4,6,10,0.12196444410581492
5,5,10,0.14080710657571024
8,2,10,0.8949950374154003
4,6,10,0.9444012070806406
3,7,10,0.000692909759553061
3,7,10,0.35163936320323114
4,6,10,0.6300830591603114
1,9,10,0.8949950374154003
5,5,10,NaN
6,4,10,0.4389759442456205
5,5,10,NaN
5,5,10,0.7484410493768417
8,2,10,0.31603071707292774
5,5,10,0.8949950374154003
6,4,10,NaN
6,4,10,0.9336743037628588
8,2,10,0.9941692455764074
6,4,10,0.5773495910338519
4,6,10,NaN
9,1,10,0.7638535073747664
6,4,10,0.36210372449114003
7,3,10,6.287624070029477e-7
6,4,10,0.08115644780417555
4,6,10,0.852248959486196
4,6,10,0.1022683109786813
2,8,10,NaN
2,8,10,0.39395452362261624
3,7,10,0.7605476425612694
3,7,10,NaN
2,8,10,NaN
2,8,10,0.05295374443847441
6,4,10,0.24299412154726827
3,7,10,NaN
6,4,10,0.45885943191873046
1,9,10,NaN
8,2,10,0.7693964938216118
3,7,10,NaN
6,4,10,0.7351022872357142
5,5,10,0.7659187175498298
3,7,10,0.4869472780660612
6,4,10,0.4349598562938944
3,7,10,0.161264881038212
6,4,10,NaN
1,9,10,0.4869472780660612
2,8,10,0.9097889372969507
2,8,10,0.7659187175498298
4,6,10,0.24299412154726827
6,4,10,0.016352394412106192
4,6,10,NaN
3,7,10,0.35163936320323114
3,7,10,0.9845924478014567
2,8,10,NaN
3,7,10,0.0971165600873288
4,6,10,0.3727291238064636
4,6,10,0.09331494238381467
1,9,10,0.3147278493122561
5,5,10,0.7351022872357142
1,9,10,0.6211047067208528
0,10,10,NaN
0,10,10,NaN
9,0,9,0.09331494238381467
6,3,9,0.534054961478336
6,3,9,0.8949950374154003
7,2,9,0.2770589453938832
7,2,9,NaN
7,2,9,NaN
7,2,9,NaN
3,6,9,0.7584831795618928
7,2,9,NaN
4,5,9,0.14080710657571024
7,2,9,0.7008553584305408
9,0,9,NaN
9,0,9,0.922483585895465
7,2,9,0.8318323528501537
5,4,9,0.16448582730786343
6,3,9,0.12196444410581492
1,8,9,NaN
7,2,9,NaN
7,2,9,0.4869472780660612
7,2,9,0.06988872661807305
9,0,9,NaN
8,1,9,NaN
6,3,9,0.018251152795262952
6,3,9,0.6629394266610144
6,3,9,0.8418168267177661
9,0,9,0.8523259237046734
6,3,9,0.7351022872357142
5,4,9,0.39365820288251563
9,0,9,0.7008553584305408
7,2,9,0.9799588626550771
4,5,9,0.4389759442456205
4,5,9,0.35163936320323114
7,2,9,NaN
7,2,9,NaN
7,2,9,0.24299412154726827
2,7,9,0.6211047067208528
7,2,9,0.9534011944370343
8,1,9,0.08173625970638693
8,1,9,0.03973270879120916
8,1,9,NaN
6,3,9,0.8791469822960243
4,5,9,NaN
7,2,9,0.3147278493122561
5,4,9,0.08115644780417555
9,0,9,NaN
6,3,9,0.8943732311707926
4,5,9,0.18561760226461765
6,3,9,NaN
7,2,9,0.10644627622097674
9,0,9,0.534054961478336
5,4,9,0.3777649073746844
7,2,9,NaN
7,2,9,0.03468779084967369
7,2,9,0.028471516140602723
5,4,9,0.5773495910338519
6,3,9,0.7034798908330773
6,3,9,0.5678080179144097
8,1,9,NaN
7,2,9,NaN
4,5,9,0.2770589453938832
5,4,9,NaN
7,2,9,0.41906567795021477
4,5,9,0.03468779084967369
7,2,9,0.8418168267177661
5,4,9,0.4389759442456205
8,1,9,0.9534911290835386
9,0,9,0.922483585895465
7,2,9,0.30728168715621196
9,0,9,NaN
4,5,9,0.24299412154726827
4,5,9,0.7731878642292284
6,3,9,NaN
7,2,9,NaN
3,6,9,NaN
6,3,9,0.7905679493106953
7,2,9,0.14080710657571024
9,0,9,0.9799588626550771
7,2,9,NaN
6,3,9,NaN
6,3,9,NaN
6,3,9,0.5773495910338519
8,1,9,0.05295374443847441
8,1,9,0.06058247105517931
8,1,9,0.7659187175498298
9,0,9,0.8617097556108892
7,2,9,0.9131039566109892
8,1,9,0.8418168267177661
8,1,9,0.5553550931919783
5,4,9,NaN
8,1,9,NaN
5,4,9,0.534054961478336
4,5,9,0.03468779084967369
8,1,9,0.7008553584305408
6,3,9,0.962032138983051
8,1,9,0.6211047067208528
6,3,9,NaN
8,1,9,0.8204795116931126
9,0,9,4.612472686670317e-8
8,1,9,0.35035692093661347
7,2,9,NaN
4,5,9,0.0014480128353702329
7,2,9,NaN
8,1,9,NaN
8,1,9,0.4869472780660612
7,2,9,0.9097889372969507
7,2,9,NaN
4,5,9,0.9534911290835386
7,2,9,0.24299412154726827
5,4,9,0.3147278493122561
5,4,9,0.05295374443847441
6,3,9,0.002126387440545081
8,1,9,0.04988791531202718
6,3,9,0.13768108339302595
6,3,9,0.12196444410581492
8,1,9,NaN
6,3,9,NaN
7,2,9,NaN
8,1,9,0.39365820288251563
7,2,9,NaN
3,6,9,NaN
9,0,9,NaN
4,5,9,0.991808263676121
5,4,9,0.10644627622097674
5,4,9,NaN
7,2,9,NaN
7,2,9,0.9799588626550771
9,0,9,0.6716678372530487
7,2,9,NaN
8,1,9,0.06147081611628614
8,1,9,0.39365820288251563
4,5,9,0.9336743037628588
6,3,9,NaN
7,2,9,0.4869472780660612
8,1,9,NaN
8,1,9,0.5590822635152539
8,1,9,NaN
6,3,9,0.9651212531676648
8,1,9,NaN
6,3,9,0.013595179396091573
6,3,9,0.13278971278562796
4,5,9,0.0005358867667097031
4,5,9,0.23441773083672962
7,2,9,0.534054961478336
6,3,9,NaN
9,0,9,NaN
5,4,9,0.6138927413869057
8,1,9,NaN
8,1,9,0.21365415163132023
7,2,9,0.24299412154726827
8,1,9,0.6934061724897997
3,6,9,0.4869472780660612
6,3,9,0.6629394266610144
9,0,9,NaN
4,5,9,0.21187913375295056
8,1,9,0.05014307186825348
4,5,9,0.0007622891545541707
6,3,9,0.019582362947367808
6,3,9,0.7943141978951035
4,5,9,0.922483585895465
3,6,9,0.5773495910338519
9,0,9,0.14080710657571024
9,0,9,NaN
7,2,9,NaN
7,2,9,0.011527966670242333
9,0,9,0.07030780751483484
9,0,9,0.6211047067208528
5,4,9,0.5490408605083255
7,2,9,NaN
4,5,9,0.03758013306206751
6,3,9,NaN
8,1,9,0.7659187175498298
7,2,9,0.21365415163132023
7,2,9,0.3147278493122561
5,4,9,0.5773495910338519
8,1,9,0.9690207992381747
8,1,9,0.7351022872357142
8,1,9,0.24299412154726827
7,2,9,0.6211047067208528
6,3,9,0.9792398131722689
7,2,9,0.04740052257982461
4,5,9,NaN
6,3,9,0.14551437756673102
6,3,9,0.015739357409861005
3,6,9,NaN
9,0,9,0.6629394266610144
5,4,9,0.8418168267177661
6,3,9,NaN
7,2,9,0.4869472780660612
8,1,9,0.6816983089465296
6,3,9,NaN
5,4,9,NaN
9,0,9,0.2770589453938832
5,4,9,0.10042861338850305
5,4,9,0.35163936320323114
8,1,9,0.35163936320323114
5,4,9,NaN
8,1,9,0.30007032477340345
4,5,9,0.8204795116931126
6,3,9,NaN
6,3,9,0.011093021106396535
7,2,9,0.02470231578586086
7,2,9,0.019582362947367808
6,3,9,0.534054961478336
6,3,9,NaN
7,2,9,0.09331494238381467
8,1,9,0.7659187175498298
8,1,9,0.4382188978414752
6,3,9,0.7351022872357142
8,1,9,0.6629394266610144
5,4,9,NaN
7,2,9,0.7008553584305408
4,5,9,NaN
6,3,9,NaN
8,1,9,0.35163936320323114
5,4,9,0.10382651275754705
5,4,9,0.24299412154726827
5,4,9,0.546291200227111
6,3,9,0.7008553584305408
6,3,9,4.799254046648882e-7
8,1,9,0.6211047067208528
9,0,9,0.21187913375295056
8,1,9,0.4389759442456205
6,3,9,0.06988872661807305
9,0,9,0.9239733317925908
6,3,9,0.3147278493122561
9,0,9,NaN
1,8,9,0.9605470021287181
4,5,9,NaN
6,3,9,0.02560695648207559
5,4,9,0.09331494238381467
5,4,9,0.922483585895465
7,2,9,NaN
6,3,9,NaN
6,3,9,NaN
8,1,9,NaN
7,2,9,NaN
3,6,9,0.14080710657571024
5,4,9,0.20633728137631496
9,0,9,0.161264881038212
8,1,9,0.36082933575873405
5,4,9,0.8204795116931126
4,5,9,0.016352394412106192
8,1,9,0.1280658167010036
7,2,9,0.08115644780417555
8,1,9,NaN
5,4,9,NaN
8,1,9,0.2770589453938832
7,2,9,NaN
5,4,9,0.029919386916646577
9,0,9,0.6908996280603494
8,1,9,0.12747075101832725
2,7,9,0.0035002013226525163
4,5,9,0.8037636183832931
7,2,9,0.8791469822960243
8,1,9,0.35163936320323114
7,2,9,0.8791469822960243
7,2,9,NaN
9,0,9,0.14107547527436967
5,4,9,0.8949950374154003
8,1,9,NaN
8,1,9,0.991808263676121
8,1,9,0.06988872661807305
6,3,9,NaN
6,3,9,0.18561760226461765
6,3,9,0.11772016628089775
6,3,9,0.5773495910338519
6,3,9,NaN
8,1,9,0.5518866330896329
9,0,9,0.9097889372969507
7,2,9,0.21187913375295056
7,2,9,NaN
5,4,9,0.029185918811379153
6,3,9,0.48230839750680765
5,4,9,0.7659187175498298
4,5,9,NaN
7,2,9,0.05589840063741304
9,0,9,0.7659187175498298
6,3,9,0.6846334351523001
8,1,9,0.3621853735096586
7,2,9,NaN
6,3,9,NaN
9,0,9,0.14080710657571024
8,1,9,0.6211047067208528
4,5,9,0.7008553584305408
7,2,9,NaN
8,1,9,NaN
8,1,9,0.39365820288251563
5,4,9,NaN
7,2,9,0.00845056704731292
6,3,9,NaN
4,5,9,0.8204795116931126
5,4,9,NaN
4,5,9,0.534054961478336
7,2,9,0.024155818346279393
6,3,9,NaN
6,3,9,NaN
5,4,9,0.24299412154726827
9,0,9,0.1263440049225468
3,6,9,0.161264881038212
8,1,9,NaN
9,0,9,0.02611284212389445
8,1,9,0.0142415422731183
5,4,9,0.06988872661807305
6,3,9,0.6211047067208528
8,1,9,0.21842026176800627
8,1,9,0.922483585895465
7,2,9,NaN
6,3,9,NaN
6,3,9,0.4389759442456205
7,2,9,NaN
8,1,9,0.8617097556108892
6,3,9,0.31446254865538825
7,2,9,0.10644627622097674
6,3,9,0.12196444410581492
7,2,9,0.000988334912414789
7,2,9,0.6629394266610144
5,4,9,NaN
6,3,9,0.583929127406625
4,5,9,0.6211047067208528
8,1,9,NaN
6,3,9,0.922483585895465
4,5,9,0.9336743037628588
6,3,9,0.4584457217856004
6,3,9,0.0030176696140368133
8,1,9,NaN
9,0,9,NaN
5,4,9,NaN
7,2,9,0.0007012485778913875
6,3,9,NaN
7,2,9,NaN
8,1,9,NaN
8,1,9,0.0001199754930553679
6,3,9,0.03025847703180226
8,1,9,NaN
5,4,9,0.008343664781447982
7,2,9,0.06988872661807305
7,2,9,NaN
5,4,9,0.050866139425095894
6,3,9,0.42359090133642285
7,2,9,NaN
6,3,9,0.023786511691163973
6,3,9,0.5094916671068944
6,3,9,0.7120588430681319
6,3,9,0.03859859109656658
6,3,9,0.6629394266610144
8,1,9,NaN
5,4,9,NaN
6,3,9,0.2010153073308743
7,2,9,NaN
8,1,9,0.9444012070806406
7,2,9,0.04716785689767463
6,3,9,0.6629394266610144
9,0,9,0.9312593716464758
8,1,9,NaN
3,6,9,NaN
7,2,9,NaN
8,1,9,0.962032138983051
8,1,9,NaN
7,2,9,0.016352394412106192
9,0,9,NaN
4,5,9,0.7351022872357142
6,3,9,0.7943141978951035
7,2,9,0.12196444410581492
3,6,9,NaN
6,3,9,NaN
2,7,9,0.8617097556108892
4,5,9,0.4888521781157851
8,1,9,NaN
7,2,9,0.10644627622097674
4,5,9,0.7351022872357142
5,4,9,0.9534911290835386
6,3,9,NaN
7,2,9,NaN
4,5,9,NaN
8,1,9,0.534054961478336
6,3,9,NaN
5,4,9,0.06058247105517931
4,5,9,0.002968611383877872
7,2,9,NaN
6,3,9,NaN
7,2,9,0.9097889372969507
5,4,9,0.962032138983051
5,4,9,0.6211047067208528
8,1,9,0.4869472780660612
7,2,9,0.12196444410581492
8,1,9,NaN
6,3,9,0.5490408605083255
6,3,9,0.5773495910338519
8,1,9,0.35163936320323114
8,1,9,0.7943141978951035
9,0,9,NaN
7,2,9,0.6629394266610144
6,3,9,0.161264881038212
4,5,9,0.0015489899951748821
3,6,9,NaN
7,2,9,0.5439779729715323
6,3,9,0.045946027748132785
8,1,9,2.2596390294058214e-7
6,3,9,0.4389759442456205
6,3,9,0.6629394266610144
6,3,9,NaN
8,1,9,0.39395452362261624
7,2,9,0.24299412154726827
4,5,9,0.2770589453938832
3,6,9,0.5773495910338519
8,1,9,NaN
5,4,9,0.8418168267177661
6,3,9,0.7943141978951035
6,3,9,0.3147278493122561
8,1,9,0.08115644780417555
5,4,9,0.9097889372969507
8,1,9,NaN
7,2,9,NaN
8,1,9,NaN
6,3,9,0.6629394266610144
4,5,9,0.9097889372969507
6,3,9,0.9879582028482486
5,4,9,0.534054961478336
4,5,9,NaN
8,1,9,NaN
6,3,9,0.3864896500598819
5,4,9,NaN
5,4,9,NaN
7,2,9,NaN
8,1,9,0.17682461402204164
7,2,9,0.4869472780660612
5,4,9,0.4389759442456205
8,1,9,0.7659187175498298
6,3,9,0.05295374443847441
5,4,9,0.08115644780417555
7,2,9,0.4833129709436053
6,3,9,0.2228747875940001
6,3,9,0.08115644780417555
8,1,9,0.538148996587043
6,3,9,0.09331494238381467
7,2,9,NaN
4,5,9,NaN
6,3,9,0.0001307752805984445
8,1,9,NaN
4,5,9,NaN
9,0,9,0.18561760226461765
5,4,9,0.5773495910338519
4,5,9,0.03468779084967369
7,2,9,0.14551437756673102
7,2,9,0.026420720304872834
5,4,9,0.2770589453938832
6,3,9,0.3398002627373283
6,3,9,0.161264881038212
6,3,9,NaN
8,1,9,0.6648119066325948
4,5,9,NaN
6,3,9,0.24299412154726827
6,3,9,0.26830039247211157
9,0,9,0.35163936320323114
6,3,9,NaN
7,2,9,0.4778571112622411
7,2,9,0.4389759442456205
7,2,9,NaN
9,0,9,0.7659187175498298
7,2,9,0.24299412154726827
9,0,9,NaN
5,4,9,0.8204795116931126
6,3,9,NaN
7,2,9,0.922483585895465
3,6,9,NaN
5,4,9,0.534054961478336
6,3,9,0.8418168267177661
6,3,9,NaN
6,3,9,0.18561760226461765
8,1,9,0.4658498873984141
6,3,9,0.36652887789317257
4,5,9,0.7659187175498298
9,0,9,0.06058247105517931
6,3,9,NaN
8,1,9,NaN
8,1,9,0.06988872661807305
8,1,9,0.18561760226461765
7,2,9,NaN
5,4,9,0.2770589453938832
8,1,9,0.6211047067208528
8,1,9,0.007348940640152561
8,1,9,0.766608367263857
8,1,9,0.6629394266610144
9,0,9,NaN
7,2,9,NaN
8,1,9,0.4145480215933127
6,3,9,NaN
9,0,9,0.6629394266610144
8,1,9,NaN
8,1,9,NaN
6,3,9,0.4118340691805738
2,7,9,0.12196444410581492
7,2,9,0.10644627622097674
9,0,9,0.7986134014172275
8,1,9,0.7008553584305408
9,0,9,0.19586873389645038
9,0,9,NaN
8,1,9,0.6629394266610144
9,0,9,0.7943141978951035
4,5,9,0.8204795116931126
9,0,9,0.6089267360264234
8,1,9,NaN
3,6,9,0.8418168267177661
8,1,9,0.5826292651157386
3,6,9,NaN
7,2,9,NaN
9,0,9,NaN
6,3,9,0.4869472780660612
8,1,9,0.022769798924011358
8,1,9,0.8949950374154003
7,2,9,0.052139254037812395
8,1,9,NaN
8,1,9,NaN
7,2,9,0.5773495910338519
5,4,9,0.7351022872357142
8,1,9,NaN
7,2,9,NaN
4,5,9,0.03973270879120916
3,6,9,0.35163936320323114
9,0,9,0.534054961478336
5,4,9,0.962032138983051
6,3,9,0.525816860430935
5,4,9,NaN
7,2,9,0.03973270879120916
7,2,9,0.534054961478336
5,4,9,0.9227532560074253
4,5,9,NaN
6,3,9,0.03468779084967369
5,4,9,0.0018996785428319004
6,3,9,0.09331494238381467
8,1,9,0.534054961478336
3,6,9,0.0006058502124016047
6,3,9,NaN
9,0,9,0.006200628585880172
9,0,9,NaN
8,1,9,0.8343539212668347
4,5,9,0.5773495910338519
7,2,9,0.3735618210809025
6,3,9,0.534054961478336
6,3,9,NaN
9,0,9,0.161264881038212
4,5,9,NaN
7,2,9,0.9097889372969507
4,5,9,0.7950039337300592
8,1,9,0.7879311397101004
7,2,9,0.9097889372969507
6,3,9,0.7008553584305408
9,0,9,0.2770589453938832
4,5,9,0.7569564324365056
5,4,9,NaN
7,2,9,0.002876375286040075
8,1,9,NaN
4,5,9,0.45570178425917024
5,4,9,0.18561760226461765
7,2,9,0.35163936320323114
6,3,9,NaN
8,1,9,NaN
8,1,9,0.3491697978937488
5,4,9,2.610068975635086e-11
8,1,9,0.534054961478336
9,0,9,0.39365820288251563
2,7,9,0.6928924298259402
6,3,9,0.12196444410581492
5,4,9,0.35163936320323114
7,2,9,NaN
7,2,9,0.5773495910338519
6,3,9,NaN
8,1,9,0.1403175327529739
7,2,9,0.3147278493122561
4,5,9,0.14080710657571024
8,1,9,0.7659187175498298
6,3,9,NaN
5,4,9,0.9690207992381747
9,0,9,0.3147278493122561
7,2,9,0.4389759442456205
8,1,9,0.9610500511592238
7,2,9,0.6871190876035662
7,2,9,0.6563875518623467
6,3,9,0.8791469822960243
8,1,9,0.07397466284669206
6,3,9,0.045946027748132785
8,1,9,NaN
8,1,9,0.6516018670740176
9,0,9,NaN
9,0,9,0.2010153073308743
9,0,9,0.9690207992381747
6,3,9,0.881143991419024
8,1,9,0.05750493414621528
7,2,9,NaN
9,0,9,0.8617097556108892
7,2,9,NaN
6,3,9,0.02046990527508719
7,2,9,0.8418168267177661
9,0,9,0.018058651876135933
7,2,9,0.20928991907455943
9,0,9,0.922483585895465
6,3,9,0.02611284212389445
7,2,9,0.14080710657571024
8,1,9,0.9457407647998927
3,6,9,0.00478149840901157
8,1,9,0.9215971040081024
6,3,9,NaN
8,1,9,0.2770589453938832
8,1,9,0.9452512051460086
5,4,9,0.4389759442456205
7,2,9,NaN
5,4,9,0.08115644780417555
5,4,9,0.024982383569904162
6,3,9,0.2770589453938832
5,4,9,NaN
4,5,9,NaN
6,3,9,0.5773495910338519
7,2,9,NaN
2,7,9,0.15724618477073143
6,3,9,NaN
8,1,9,0.08115644780417555
6,3,9,0.6211047067208528
3,6,9,0.7659187175498298
4,5,9,NaN
7,2,9,0.6516018670740176
8,1,9,0.8418168267177661
6,3,9,0.266977739774428
5,4,9,0.10469497740417576
7,2,9,NaN
8,1,9,0.011806237950297978
7,2,9,0.9988438550211445
8,1,9,NaN
8,1,9,0.9795836591907296
8,1,9,0.05295374443847441
4,5,9,0.4389759442456205
6,3,9,0.534054961478336
7,2,9,0.9749834651108517
7,2,9,0.040433900309654026
6,3,9,0.8949950374154003
9,0,9,0.5587745388773285
8,1,9,0.8949950374154003
5,4,9,NaN
6,3,9,0.9336743037628588
4,5,9,NaN
8,1,9,NaN
8,1,9,NaN
8,1,9,0.161264881038212
7,2,9,0.4389759442456205
6,3,9,0.9097889372969507
5,4,9,NaN
8,1,9,0.03973270879120916
9,0,9,NaN
7,2,9,0.39365820288251563
9,0,9,0.045946027748132785
8,1,9,NaN
8,1,9,0.059365661203434436
4,5,9,NaN
3,6,9,0.966379174289979
5,4,9,0.4869472780660612
8,1,9,0.5535697164559091
6,3,9,0.2770589453938832
5,4,9,NaN
6,3,9,5.206155438484258e-7
9,0,9,NaN
7,2,9,0.8602575698845937
6,3,9,0.7351022872357142
3,6,9,NaN
5,4,9,0.7943141978951035
8,1,9,NaN
8,1,9,0.08935316656813577
6,3,9,0.18561760226461765
7,2,9,0.05295374443847441
6,3,9,NaN
9,0,9,0.7659187175498298
7,2,9,NaN
8,1,9,0.35163936320323114
7,2,9,0.5773495910338519
7,2,9,0.5773495910338519
6,3,9,0.73490864013557
9,0,9,0.39365820288251563
7,2,9,NaN
9,0,9,0.2770589453938832
6,3,9,0.9799588626550771
5,4,9,0.997608072328767
6,3,9,NaN
6,3,9,0.7351022872357142
6,3,9,NaN
7,2,9,NaN
5,4,9,0.8653601395728225
6,3,9,0.2235176087258517
5,4,9,0.6629394266610144
9,0,9,0.8653601395728225
7,2,9,0.6629394266610144
9,0,9,0.4056952135184947
6,3,9,0.8204795116931126
4,5,9,0.534054961478336
6,3,9,NaN
9,0,9,0.10633907198401477
7,2,9,0.0210512943669993
6,3,9,0.8256138125749558
6,3,9,0.39365820288251563
5,4,9,0.7659187175498298
6,3,9,0.7842194578071844
6,3,9,0.161264881038212
5,4,9,0.9799588626550771
7,2,9,0.6765097147450196
8,1,9,NaN
4,5,9,0.7351022872357142
4,5,9,0.35163936320323114
5,4,9,0.9874789477490541
7,2,9,0.9534911290835386
7,2,9,0.922483585895465
6,3,9,0.03973270879120916
6,3,9,0.12562205699076068
3,6,9,0.2770589453938832
6,3,9,NaN
5,4,9,NaN
6,3,9,NaN
7,2,9,0.6516018670740176
6,3,9,0.35163936320323114
7,2,9,0.10644627622097674
4,5,9,NaN
4,5,9,NaN
6,3,9,0.05295374443847441
8,1,9,NaN
5,4,9,0.976301178643847
8,1,9,0.7619683833061561
4,5,9,NaN
7,2,9,NaN
9,0,9,0.0061792202174379305
8,1,9,0.4389759442456205
7,2,9,0.5632911254500244
4,5,9,NaN
4,5,9,0.03025847703180226
8,1,9,0.14080710657571024
5,4,9,NaN
5,4,9,0.7008553584305408
7,2,9,0.35163936320323114
7,2,9,0.04516910601376622
6,3,9,0.012753397113633666
7,2,9,0.39365820288251563
4,5,9,0.534054961478336
7,2,9,NaN
7,2,9,0.7659187175498298
6,3,9,0.7008553584305408
9,0,9,0.05295374443847441
5,4,9,2.0333496023017633e-7
8,1,9,0.022641636257990223
9,0,9,NaN
7,2,9,NaN
6,3,9,NaN
8,1,9,NaN
8,1,9,0.9336743037628588
5,4,9,0.8617097556108892
6,3,9,0.36580721280013206
7,2,9,0.7659187175498298
6,3,9,NaN
6,3,9,NaN
8,1,9,0.022641636257990223
8,1,9,NaN
6,3,9,0.35944974396699086
7,2,9,0.922483585895465
6,3,9,0.9336743037628588
7,2,9,0.534054961478336
6,3,9,0.016801814087687383
7,2,9,0.06944451794035625
9,0,9,0.7008553584305408
6,3,9,NaN
8,1,9,2.3494637595507938e-5
7,2,9,NaN
7,2,9,NaN
7,2,9,0.3147278493122561
3,6,9,0.6211047067208528
8,1,9,0.2770589453938832
8,1,9,0.7008553584305408
8,1,9,0.5773495910338519
6,3,9,NaN
6,3,9,NaN
3,6,9,0.9444012070806406
2,7,9,0.161264881038212
3,6,9,NaN
2,7,9,NaN
8,1,9,0.9444012070806406
5,4,9,0.030211520374459132
4,5,9,0.0269133988928082
7,2,9,0.9452736117663113
9,0,9,NaN
9,0,9,NaN
9,0,9,NaN
6,3,9,NaN
7,2,9,0.9145555838841878
8,1,9,0.29860398926666637
9,0,9,NaN
4,5,9,0.08115644780417555
5,4,9,0.161264881038212
7,2,9,0.10633907198401477
9,0,9,NaN
3,6,9,0.5773495910338519
7,2,9,0.6919028561685525
6,3,9,0.18561760226461765
6,3,9,0.9025266275697447
4,5,9,NaN
7,2,9,NaN
6,3,9,NaN
5,4,9,0.7659187175498298
5,4,9,4.049933298982056e-5
6,3,9,0.12196444410581492
7,2,9,0.06988872661807305
9,0,9,0.8617097556108892
3,6,9,0.24299412154726827
7,2,9,0.24299412154726827
4,5,9,0.922483585895465
5,4,9,0.8418168267177661
8,1,9,0.9939446910231204
9,0,9,0.5613969972398019
3,6,9,NaN
6,3,9,0.4869472780660612
6,3,9,0.9444012070806406
8,1,9,0.06058247105517931
5,4,9,0.6629394266610144
7,2,9,0.8309234468965002
7,2,9,NaN
6,3,9,0.06058247105517931
9,0,9,0.08860124148921122
8,1,9,0.9745612489960854
6,3,9,NaN
8,1,9,0.8949950374154003
8,1,9,0.14080710657571024
7,2,9,NaN
7,2,9,0.9749834651108517
5,4,9,NaN
6,3,9,0.4389759442456205
7,2,9,0.008772497591828656
8,1,9,NaN
7,2,9,0.010702265547160578
5,4,9,0.8617097556108892
6,3,9,0.16136030339272575
7,2,9,0.4389759442456205
9,0,9,0.4362818310637738
2,7,9,0.35163936320323114
7,2,9,0.14080710657571024
6,3,9,0.39365820288251563
3,6,9,0.8617097556108892
6,3,9,0.08115644780417555
7,2,9,0.6211047067208528
8,1,9,NaN
7,2,9,0.03973270879120916
5,4,9,NaN
3,6,9,0.9097889372969507
4,5,9,0.001939365683749861
8,1,9,0.8418168267177661
3,6,9,NaN
4,5,9,2.610068975635086e-11
8,1,9,0.922483585895465
5,4,9,NaN
5,4,9,0.4869472780660612
8,1,9,0.549056001735688
7,2,9,0.10644627622097674
6,3,9,0.6211047067208528
6,3,9,0.583929127406625
2,7,9,0.18561760226461765
5,4,9,0.7351022872357142
6,3,9,0.7008553584305408
7,2,9,0.2770589453938832
4,5,9,NaN
3,6,9,0.5173941127509689
7,2,9,0.761987324572933
5,4,9,0.534054961478336
7,2,9,NaN
7,2,9,0.1523164662390315
5,4,9,0.7943141978951035
7,2,9,0.9913698102536881
8,1,9,0.9097889372969507
6,3,9,0.6629394266610144
8,1,9,NaN
7,2,9,0.6211047067208528
8,1,9,0.3147278493122561
7,2,9,0.5846310885929272
4,5,9,NaN
6,3,9,0.6313129733885312
6,3,9,0.349428066407448
8,1,9,NaN
7,2,9,0.21187913375295056
6,3,9,0.12196444410581492
4,5,9,NaN
5,4,9,NaN
5,4,9,0.6211047067208528
5,4,9,0.10644627622097674
3,6,9,NaN
6,3,9,NaN
7,2,9,0.18410391185353114
9,0,9,0.5773495910338519
3,6,9,0.09331494238381467
3,6,9,NaN
5,4,9,0.14080710657571024
5,4,9,NaN
7,2,9,0.10644627622097674
8,1,9,0.8204795116931126
9,0,9,0.4869472780660612
7,2,9,0.639385789559539
6,3,9,0.3147278493122561
9,0,9,0.8791469822960243
6,3,9,NaN
6,3,9,NaN
7,2,9,0.019582362947367808
4,5,9,0.25807804899482206
5,4,9,0.8418168267177661
3,6,9,0.004097529974875803
8,1,9,0.10644627622097674
7,2,9,0.6172258058419916
6,3,9,NaN
6,3,9,NaN
7,2,9,0.3147278493122561
7,2,9,NaN
7,2,9,NaN
8,1,9,0.4389759442456205
8,1,9,NaN
7,2,9,0.7875211621693744
3,6,9,0.4389759442456205
5,4,9,0.4869472780660612
7,2,9,0.5773495910338519
6,3,9,NaN
4,5,9,0.08332253996118219
6,3,9,0.534054961478336
7,2,9,0.6713807342885868
8,1,9,0.7943141978951035
6,3,9,0.08115644780417555
4,5,9,0.14080710657571024
6,3,9,NaN
5,4,9,NaN
9,0,9,0.6211047067208528
8,1,9,0.8949950374154003
3,6,9,NaN
6,3,9,0.8887281345682667
7,2,9,NaN
7,2,9,NaN
9,0,9,NaN
7,2,9,0.05835621106595372
5,4,9,0.09550345097161105
7,2,9,NaN
6,3,9,NaN
8,1,9,0.3147278493122561
8,1,9,NaN
8,1,9,0.9845924478014567
6,3,9,1.625963576917105e-8
4,5,9,0.1867694675566953
9,0,9,NaN
5,4,9,0.6629394266610144
3,6,9,NaN
6,3,9,NaN
7,2,9,NaN
8,1,9,0.8617097556108892
6,3,9,0.7943141978951035
8,1,9,0.9845924478014567
7,2,9,NaN
4,5,9,0.0005358867667097031
2,7,9,0.06988872661807305
6,3,9,0.9534911290835386
6,3,9,NaN
7,2,9,0.4389759442456205
5,4,9,6.918869024367805e-5
9,0,9,NaN
7,2,9,0.8617097556108892
9,0,9,NaN
2,7,9,0.08115644780417555
6,3,9,0.5624100504369717
5,4,9,NaN
7,2,9,NaN
9,0,9,0.4389759442456205
5,4,9,0.13390011550359984
7,2,9,0.03861193252755438
6,3,9,0.0621516079217303
7,2,9,0.534054961478336
8,1,9,0.6211047067208528
5,4,9,0.12196444410581492
4,5,9,0.26474988300187585
6,3,9,0.15439143412854328
5,4,9,NaN
4,5,9,0.10644627622097674
7,2,9,0.534054961478336
6,3,9,0.8617097556108892
4,5,9,0.8949950374154003
6,3,9,0.8516098867321278
9,0,9,0.3722817518677862
8,1,9,0.009708197960407164
5,4,9,0.8617097556108892
5,4,9,0.7008553584305408
6,3,9,NaN
7,2,9,0.06384459643850775
9,0,9,NaN
9,0,9,0.10644627622097674
5,4,9,NaN
8,1,9,0.922483585895465
8,1,9,NaN
6,3,9,NaN
6,3,9,0.35163936320323114
8,1,9,NaN
6,3,9,0.016036129072671212
5,4,9,0.34261004372229775
6,3,9,NaN
5,4,9,0.7943141978951035
4,5,9,0.14948148534407918
8,1,9,0.0009930032088228445
5,4,9,0.8204795116931126
8,1,9,0.9799588626550771
6,3,9,0.5773495910338519
4,5,9,0.09331494238381467
7,2,9,0.7351022872357142
9,0,9,NaN
6,3,9,NaN
8,1,9,0.2146171769254647
8,1,9,NaN
7,2,9,0.6211047067208528
5,4,9,0.9444012070806406
8,1,9,0.2860185158242085
7,2,9,0.8791469822960243
2,7,9,0.7008553584305408
6,3,9,NaN
8,1,9,NaN
3,6,9,0.3147278493122561
6,3,9,NaN
4,5,9,NaN
8,1,9,0.6947847776989542
7,2,9,0.3147278493122561
7,2,9,0.8791469822960243
6,3,9,0.03025847703180226
4,5,9,0.24685788650085178
8,1,9,0.06988872661807305
7,2,9,NaN
9,0,9,0.4869472780660612
5,4,9,NaN
9,0,9,0.35163936320323114
7,2,9,NaN
4,5,9,0.7351022872357142
4,5,9,0.7008553584305408
6,3,9,NaN
4,5,9,NaN
7,2,9,0.12196444410581492
4,5,9,0.4389759442456205
5,4,9,0.020566764512119085
7,2,9,0.008293551221884132
5,4,9,0.2787719472245347
7,2,9,NaN
6,3,9,0.39365820288251563
5,4,9,NaN
6,3,9,0.9690207992381747
4,5,9,NaN
9,0,9,NaN
6,3,9,0.6753958513502701
9,0,9,0.8791469822960243
5,4,9,0.9444012070806406
5,4,9,0.8062674347371256
6,3,9,NaN
7,2,9,NaN
7,2,9,0.2770589453938832
7,2,9,0.7943141978951035
7,2,9,0.09331494238381467
7,2,9,0.21187913375295056
6,3,9,0.9411847454973163
9,0,9,0.6211047067208528
4,5,9,0.8617097556108892
5,4,9,NaN
5,4,9,NaN
6,3,9,0.18341591379803038
5,4,9,0.24299412154726827
6,3,9,0.9544507464334517
4,5,9,0.4869472780660612
4,5,9,NaN
8,1,9,0.1210601713744495
3,6,9,NaN
8,1,9,0.161264881038212
6,3,9,NaN
7,2,9,0.5004059202329308
7,2,9,0.39365820288251563
8,1,9,NaN
9,0,9,0.36959257766905407
4,5,9,0.5773495910338519
5,4,9,0.35163936320323114
3,6,9,0.36017632999797705
6,3,9,NaN
5,4,9,NaN
8,1,9,NaN
9,0,9,NaN
6,3,9,0.9389456812951761
5,4,9,NaN
7,2,9,NaN
6,3,9,NaN
4,5,9,NaN
7,2,9,0.5942755847293761
9,0,9,0.7351022872357142
6,3,9,0.7351022872357142
8,1,9,NaN
6,3,9,0.6459136858084055
6,3,9,0.35163936320323114
4,5,9,0.03973270879120916
6,3,9,0.6211047067208528
8,1,9,0.6261959350927967
9,0,9,NaN
3,6,9,0.8791469822960243
8,1,9,0.6211047067208528
8,1,9,0.21187913375295056
6,3,9,NaN
6,3,9,NaN
4,5,9,0.4389759442456205
4,5,9,0.7659187175498298
6,3,9,0.9444012070806406
5,4,9,NaN
4,5,9,0.6211047067208528
4,5,9,NaN
8,1,9,NaN
3,6,9,0.6211047067208528
8,1,9,0.026761755413357353
6,3,9,NaN
8,1,9,0.7943141978951035
4,5,9,0.06058247105517931
5,4,9,NaN
6,3,9,NaN
6,3,9,0.8691418313653664
4,5,9,0.962032138983051
7,2,9,0.8204795116931126
8,1,9,NaN
7,2,9,0.161264881038212
7,2,9,NaN
7,2,9,0.3147278493122561
7,2,9,0.9097889372969507
9,0,9,0.6211047067208528
4,5,9,0.14080710657571024
6,3,9,0.24299412154726827
3,6,9,0.534054961478336
6,3,9,0.09331494238381467
7,2,9,NaN
8,1,9,0.7659187175498298
8,1,9,0.1798604476056658
8,1,9,0.7943141978951035
5,4,9,NaN
8,1,9,0.3147278493122561
6,3,9,NaN
6,3,9,0.9097889372969507
6,3,9,0.022358816056818248
3,6,9,NaN
6,3,9,NaN
6,3,9,NaN
7,2,9,NaN
7,2,9,NaN
8,1,9,0.8949950374154003
5,4,9,0.09331494238381467
4,5,9,0.21187913375295056
7,2,9,NaN
7,2,9,0.9444012070806406
7,2,9,0.991808263676121
6,3,9,0.4869472780660612
7,2,9,0.8204795116931126
4,5,9,0.5773495910338519
5,4,9,0.548665838413373
3,6,9,0.08115644780417555
4,5,9,NaN
5,4,9,NaN
8,1,9,0.031173224336069914
7,2,9,0.9988438550211445
5,4,9,0.4389759442456205
5,4,9,NaN
4,5,9,NaN
7,2,9,0.21187913375295056
7,2,9,0.6629394266610144
8,1,9,0.8949950374154003
5,4,9,0.4389759442456205
6,3,9,0.9097889372969507
8,1,9,0.161264881038212
5,4,9,0.4389759442456205
9,0,9,0.5773495910338519
6,3,9,NaN
5,4,9,0.534054961478336
5,4,9,0.18561760226461765
7,2,9,NaN
5,4,9,0.5773495910338519
5,4,9,NaN
5,4,9,NaN
9,0,9,NaN
1,8,9,0.534054961478336
6,3,9,0.22663646407110755
5,4,9,NaN
8,1,9,0.06988872661807305
6,3,9,0.01452287995975251
8,1,9,0.39365820288251563
5,4,9,0.1173615018474009
4,5,9,NaN
3,6,9,0.002981670010882222
5,4,9,0.5511909876992036
6,3,9,0.3147278493122561
5,4,9,0.01805880486082697
6,3,9,0.21187913375295056
8,1,9,NaN
6,3,9,0.5695490620701075
7,2,9,0.18561760226461765
6,3,9,0.5773495910338519
4,5,9,0.0005358867667097031
1,8,9,NaN
7,2,9,NaN
8,1,9,0.4363123380656674
7,2,9,NaN
6,3,9,0.8418168267177661
8,1,9,0.8204795116931126
7,2,9,0.09331494238381467
8,1,9,NaN
8,1,9,0.21187913375295056
9,0,9,0.8418168267177661
5,4,9,0.8418168267177661
3,6,9,NaN
8,1,9,NaN
6,3,9,0.8791469822960243
7,2,9,0.21187913375295056
7,2,9,0.7659187175498298
8,1,9,NaN
7,2,9,NaN
5,4,9,0.7351022872357142
4,5,9,0.39365820288251563
7,2,9,0.24299412154726827
3,6,9,0.8943732311707926
5,4,9,0.35163936320323114
5,4,9,NaN
6,3,9,0.18561760226461765
6,3,9,0.7351022872357142
9,0,9,NaN
4,5,9,NaN
4,5,9,0.0385433325173766
5,4,9,0.6629394266610144
7,2,9,NaN
6,3,9,NaN
3,6,9,NaN
6,3,9,NaN
8,1,9,0.026388771584627244
6,3,9,0.8617097556108892
8,1,9,0.022871038921968137
3,6,9,0.8521191763341024
4,5,9,0.534054961478336
8,1,9,0.33360372438586916
7,2,9,0.35163936320323114
3,6,9,NaN
8,1,9,0.00014365055700979107
7,2,9,0.8791469822960243
2,7,9,0.9749834651108517
7,2,9,0.19021540055167574
6,3,9,0.045946027748132785
7,2,9,0.8949950374154003
4,5,9,0.057560054304113525
9,0,9,0.8354235105124547
4,5,9,NaN
1,8,9,0.7943141978951035
7,2,9,0.6670986960248582
6,3,9,0.12196444410581492
3,6,9,0.022641636257990223
7,2,9,0.35163936320323114
5,4,9,0.9908387580277831
8,1,9,NaN
7,2,9,NaN
3,6,9,NaN
1,8,9,NaN
5,4,9,0.008781055400934209
8,1,9,NaN
8,1,9,NaN
6,3,9,0.8617097556108892
8,1,9,NaN
8,1,9,0.3421012301130988
6,3,9,0.03973270879120916
8,1,9,0.161264881038212
2,7,9,NaN
7,2,9,0.9788515649140388
2,7,9,0.962032138983051
8,1,9,0.6629394266610144
3,6,9,NaN
3,6,9,NaN
4,5,9,0.9690207992381747
8,1,9,NaN
5,4,9,0.03025847703180226
8,1,9,0.6211047067208528
3,6,9,NaN
7,2,9,NaN
4,5,9,NaN
9,0,9,0.7659187175498298
6,3,9,NaN
4,5,9,0.7805887277204823
3,6,9,0.39365820288251563
7,2,9,0.6629394266610144
8,1,9,0.17820388755102284
4,5,9,NaN
9,0,9,0.9566320123395633
3,6,9,0.8204795116931126
6,3,9,NaN
7,2,9,0.023835222550335218
4,5,9,NaN
9,0,9,0.7351022872357142
7,2,9,0.2770589453938832
9,0,9,0.8459448238441857
2,7,9,0.9534911290835386
5,4,9,0.534054961478336
6,3,9,0.10644627622097674
8,1,9,0.534054961478336
1,8,9,NaN
7,2,9,0.14080710657571024
9,0,9,NaN
7,2,9,0.8617097556108892
8,1,9,0.8418168267177661
6,3,9,0.09331494238381467
3,6,9,0.35163936320323114
5,4,9,0.161264881038212
8,1,9,0.030374941576822384
5,4,9,NaN
4,5,9,0.5258167984906955
4,5,9,0.024296890267530905
7,2,9,NaN
2,7,9,NaN
3,6,9,NaN
6,3,9,0.7008553584305408
6,3,9,NaN
7,2,9,0.8791469822960243
6,3,9,NaN
6,3,9,0.4565347258316978
6,3,9,NaN
8,1,9,NaN
7,2,9,0.9721415167166778
6,3,9,0.06988872661807305
6,3,9,NaN
3,6,9,0.534054961478336
5,4,9,0.908884201870921
7,2,9,NaN
7,2,9,0.161264881038212
8,1,9,NaN
4,5,9,0.3444737977558963
9,0,9,NaN
7,2,9,0.05835621106595372
8,1,9,NaN
7,2,9,0.35163936320323114
3,6,9,NaN
6,3,9,NaN
7,2,9,NaN
8,1,9,NaN
7,2,9,0.534054961478336
4,5,9,NaN
4,5,9,0.5773495910338519
6,3,9,0.24299412154726827
5,4,9,0.534054961478336
3,6,9,0.5773495910338519
7,2,9,0.534054961478336
4,5,9,0.09331494238381467
7,2,9,0.08115644780417555
6,3,9,NaN
4,5,9,NaN
7,2,9,0.8653601395728225
7,2,9,0.21187913375295056
5,4,9,NaN
7,2,9,0.8204795116931126
3,6,9,0.3420017061406469
6,3,9,0.10644627622097674
6,3,9,0.10644627622097674
3,6,9,0.535975218823262
7,2,9,0.03468779084967369
4,5,9,NaN
7,2,9,0.7943141978951035
5,4,9,0.9690207992381747
5,4,9,NaN
8,1,9,0.045946027748132785
7,2,9,0.39365820288251563
5,4,9,0.8418168267177661
6,3,9,0.006552327358270158
7,2,9,0.5773495910338519
2,7,9,NaN
4,5,9,0.6211047067208528
6,3,9,0.8617097556108892
8,1,9,0.5439779729715323
6,3,9,0.36017632999797705
8,1,9,0.10082142010577633
5,4,9,0.03782307706712439
6,3,9,0.881143991419024
9,0,9,NaN
6,3,9,0.8617097556108892
8,1,9,0.922483585895465
4,5,9,0.6629394266610144
5,4,9,0.12196444410581492
6,3,9,0.06815986722750245
7,2,9,NaN
9,0,9,0.5773495910338519
6,3,9,0.35163936320323114
7,2,9,0.33334044329219703
7,2,9,NaN
6,3,9,0.4240488446174549
8,1,9,0.4879529496369322
5,4,9,NaN
5,4,9,0.045946027748132785
5,4,9,NaN
7,2,9,0.5773495910338519
4,5,9,0.39365820288251563
5,4,9,NaN
7,2,9,0.08115644780417555
4,5,9,0.6211047067208528
5,4,9,0.6211047067208528
6,3,9,0.7008553584305408
9,0,9,0.03973270879120916
8,1,9,0.9148270544120672
7,2,9,0.2770589453938832
4,5,9,NaN
7,2,9,0.6629394266610144
3,6,9,NaN
8,1,9,0.4869472780660612
5,4,9,0.46490561271425396
5,4,9,0.13000275007838982
6,3,9,0.8418168267177661
3,6,9,0.9651552053530512
5,4,9,0.6211047067208528
3,6,9,0.8617097556108892
7,2,9,NaN
8,1,9,0.8791469822960243
2,7,9,0.7351022872357142
8,1,9,0.8418168267177661
4,5,9,0.9834099392585487
6,3,9,0.38847421607167315
9,0,9,NaN
7,2,9,0.06486631130975563
8,1,9,0.39365820288251563
6,3,9,0.9839967065127827
5,4,9,0.8418168267177661
5,4,9,0.7351022872357142
5,4,9,NaN
6,3,9,0.46993142081762346
8,1,9,NaN
6,3,9,0.534054961478336
7,2,9,NaN
4,5,9,0.5773495910338519
7,2,9,0.7659187175498298
6,3,9,0.8286953672056603
7,2,9,NaN
5,4,9,0.8949950374154003
5,4,9,0.9050972117330874
5,4,9,0.47175283186841144
6,3,9,0.39365820288251563
6,3,9,0.03709859595809552
6,3,9,NaN
8,1,9,0.9690207992381747
7,2,9,0.33360372438586916
8,1,9,0.8418168267177661
6,3,9,0.03468779084967369
7,2,9,0.4584957332891234
7,2,9,NaN
8,1,9,0.7008553584305408
7,2,9,0.133725605714702
2,7,9,NaN
9,0,9,0.00023146144524756454
5,4,9,0.6629394266610144
5,4,9,0.28268704642906034
4,5,9,0.9336743037628588
5,4,9,NaN
6,3,9,0.7690762270542714
7,2,9,NaN
4,5,9,0.6516018670740176
3,6,9,0.21187913375295056
6,3,9,0.35163936320323114
7,2,9,NaN
8,1,9,NaN
6,3,9,NaN
7,2,9,NaN
8,1,9,NaN
5,4,9,0.6629394266610144
5,4,9,0.009970280840378485
4,5,9,NaN
7,2,9,0.15736466751513878
6,3,9,NaN
8,1,9,NaN
7,2,9,NaN
6,3,9,NaN
7,2,9,NaN
7,2,9,0.39365820288251563
7,2,9,NaN
5,4,9,NaN
8,1,9,0.31957483322946484
5,4,9,0.47611757151596995
8,1,9,0.15135508618465984
7,2,9,0.8204795116931126
7,2,9,NaN
6,3,9,0.882532025549465
7,2,9,0.8204795116931126
9,0,9,0.08115644780417555
7,2,9,0.8949950374154003
4,5,9,0.05131754878908347
7,2,9,0.7943141978951035
2,7,9,0.08115644780417555
5,4,9,0.019582362947367808
6,3,9,0.8204795116931126
4,5,9,NaN
5,4,9,0.8791469822960243
6,3,9,0.05559076100995558
7,2,9,0.9097889372969507
8,1,9,0.534054961478336
5,4,9,0.8949950374154003
8,1,9,0.35163936320323114
7,2,9,0.6629394266610144
5,4,9,NaN
7,2,9,0.161264881038212
5,4,9,0.18561760226461765
7,2,9,0.7872977167585564
5,4,9,0.8949950374154003
6,3,9,NaN
6,3,9,0.35163936320323114
7,2,9,0.9097889372969507
4,5,9,NaN
7,2,9,0.3735618210809025
6,3,9,0.922483585895465
8,1,9,NaN
9,0,9,0.8204795116931126
5,4,9,NaN
3,6,9,0.9534911290835386
9,0,9,0.7943141978951035
4,5,9,NaN
8,1,9,0.5120959007352743
7,2,9,NaN
5,4,9,0.5773495910338519
6,3,9,0.06058247105517931
2,7,9,NaN
4,5,9,0.8418168267177661
5,4,9,0.9534911290835386
8,1,9,NaN
6,3,9,NaN
3,6,9,0.03973270879120916
6,3,9,NaN
9,0,9,0.8910757965808643
4,5,9,NaN
5,4,9,0.7751302170281055
5,4,9,0.18561760226461765
7,2,9,NaN
7,2,9,0.7351022872357142
4,5,9,NaN
6,3,9,NaN
6,3,9,NaN
3,6,9,NaN
8,1,9,0.7529922418824272
5,4,9,0.0005492565281246233
4,5,9,0.9534911290835386
8,1,9,0.14080710657571024
8,1,9,0.4869472780660612
5,4,9,0.505239010480789
9,0,9,NaN
4,5,9,NaN
5,4,9,0.09331494238381467
4,5,9,0.18561760226461765
8,1,9,0.7351022872357142
5,4,9,NaN
4,5,9,0.22476232304345942
7,2,9,0.7659187175498298
7,2,9,0.08115644780417555
6,3,9,0.013595179396091573
6,3,9,0.11406515607463821
3,6,9,0.02611284212389445
5,4,9,0.8617097556108892
5,4,9,0.7943141978951035
5,4,9,0.8078124435256908
4,5,9,NaN
8,1,9,NaN
4,5,9,NaN
7,2,9,0.02602121938576357
8,1,9,NaN
5,4,9,0.21187913375295056
6,3,9,0.06988872661807305
8,1,9,NaN
7,2,9,0.10644627622097674
4,5,9,NaN
5,4,9,0.18561760226461765
6,3,9,NaN
3,6,9,0.5773495910338519
7,2,9,0.6629394266610144
5,4,9,NaN
4,5,9,NaN
5,4,9,NaN
4,5,9,NaN
4,5,9,0.5613969972398019
1,8,9,0.534054961478336
8,1,9,0.7351022872357142
8,1,9,NaN
4,5,9,0.534054961478336
8,1,9,0.39365820288251563
6,3,9,0.6211047067208528
1,8,9,0.18467013677289226
4,5,9,0.9444012070806406
6,3,9,0.7008553584305408
5,4,9,0.6211047067208528
8,1,9,NaN
7,2,9,NaN
6,3,9,NaN
8,1,9,NaN
4,5,9,NaN
3,6,9,0.9998312681442629
5,4,9,0.723617976293547
5,4,9,0.21187913375295056
7,2,9,0.798549125141456
6,3,9,0.9690207992381747
4,5,9,0.8617097556108892
3,6,9,0.06944451794035625
8,1,9,0.12196444410581492
7,2,9,0.43279761434178227
4,5,9,0.4389759442456205
1,8,9,0.6211047067208528
7,2,9,0.026970288227190494
6,3,9,0.6211047067208528
3,6,9,0.39365820288251563
4,5,9,0.30007032477340345
7,2,9,0.22274984428714123
5,4,9,NaN
6,3,9,0.962032138983051
7,2,9,0.9845681032945389
4,5,9,0.534054961478336
7,2,9,NaN
7,2,9,0.6211047067208528
3,6,9,0.01246084055039638
8,1,9,0.9879763949964476
6,3,9,NaN
5,4,9,NaN
3,6,9,NaN
7,2,9,NaN
6,3,9,NaN
5,4,9,0.7351022872357142
3,6,9,0.7351022872357142
3,6,9,0.830746341523852
7,2,9,0.8204795116931126
5,4,9,NaN
5,4,9,NaN
3,6,9,0.3356648173745397
5,4,9,NaN
5,4,9,0.8791469822960243
4,5,9,0.6211047067208528
5,4,9,0.4389759442456205
5,4,9,0.8617097556108892
5,4,9,0.35163936320323114
4,5,9,0.922483585895465
3,6,9,0.7008553584305408
8,1,9,0.0001699165528580228
6,3,9,0.5860484797631718
5,4,9,0.7943141978951035
1,8,9,0.8949950374154003
4,5,9,NaN
6,3,9,NaN
4,5,9,0.14080710657571024
7,2,9,NaN
5,4,9,0.35163936320323114
5,4,9,NaN
4,5,9,0.10644627622097674
2,7,9,NaN
8,1,9,NaN
4,5,9,0.161264881038212
5,4,9,0.0651950340620042
6,3,9,0.6211047067208528
8,1,9,0.6928924298259402
6,3,9,0.019582362947367808
5,4,9,0.5773495910338519
8,1,9,0.161264881038212
7,2,9,NaN
6,3,9,0.5773495910338519
6,3,9,0.13672573290183662
4,5,9,0.15290427465618206
6,3,9,0.4389759442456205
6,3,9,NaN
2,7,9,0.3543060766087731
7,2,9,0.018251152795262952
5,4,9,0.9676646895921192
4,5,9,NaN
4,5,9,NaN
7,2,9,0.3023973146197639
5,4,9,NaN
5,4,9,0.46426376582958323
6,3,9,NaN
4,5,9,0.8473895613469807
3,6,9,0.2770589453938832
8,1,9,NaN
8,1,9,0.8791469822960243
3,6,9,0.04470578578971025
5,4,9,NaN
3,6,9,0.7659187175498298
7,2,9,NaN
8,1,9,NaN
5,4,9,0.35163936320323114
8,1,9,0.35163936320323114
7,2,9,0.161264881038212
7,2,9,0.6211047067208528
7,2,9,0.35163936320323114
6,3,9,0.161264881038212
4,5,9,0.35163936320323114
4,5,9,0.8198308034724631
6,3,9,0.7943141978951035
5,4,9,NaN
1,8,9,0.8204795116931126
4,5,9,NaN
3,6,9,NaN
2,7,9,NaN
4,5,9,NaN
2,7,9,0.09705052906618594
4,5,9,NaN
5,4,9,NaN
8,1,9,0.7659187175498298
3,6,9,0.4869472780660612
5,4,9,NaN
9,0,9,0.7990437264366912
4,5,9,0.4389759442456205
2,7,9,NaN
5,4,9,0.7008553584305408
4,5,9,0.9336743037628588
6,3,9,7.244356837125548e-7
4,5,9,NaN
7,2,9,NaN
4,5,9,NaN
6,3,9,NaN
3,6,9,0.08115644780417555
4,5,9,0.6629394266610144
1,8,9,0.39365820288251563
5,4,9,0.8204795116931126
5,4,9,0.10644627622097674
5,4,9,0.7694848282867324
5,4,9,NaN
7,2,9,NaN
4,5,9,NaN
5,4,9,0.161264881038212
5,4,9,0.12196444410581492
5,4,9,0.07174535314354617
2,7,9,NaN
3,6,9,NaN
2,7,9,0.10898313441714713
1,8,9,0.045946027748132785
4,5,9,NaN
4,5,9,NaN
5,4,9,NaN
9,0,9,NaN
5,4,9,0.9444012070806406
6,3,9,NaN
3,6,9,0.04741200458598938
6,3,9,0.36580721280013206
4,5,9,0.9690207992381747
3,6,9,NaN
6,3,9,NaN
4,5,9,0.881143991419024
3,6,9,2.0564234402915626e-8
3,6,9,NaN
6,3,9,NaN
4,5,9,0.016352394412106192
5,4,9,NaN
1,8,9,0.12747075101832725
4,5,9,0.5826292651157386
6,3,9,NaN
1,8,9,0.24299412154726827
5,4,9,NaN
4,5,9,0.14080710657571024
3,6,9,NaN
7,2,9,0.9690207992381747
7,2,9,0.922483585895465
8,1,9,0.39365820288251563
4,5,9,0.9749834651108517
2,7,9,0.9799588626550771
5,4,9,0.534054961478336
4,5,9,0.4389759442456205
1,8,9,0.35163936320323114
4,5,9,0.11064628629797046
2,7,9,0.7943141978951035
4,5,9,NaN
5,4,9,NaN
2,7,9,0.8418168267177661
4,5,9,0.7351022872357142
4,5,9,0.9145555838841878
2,7,9,NaN
3,6,9,0.16133430607573868
4,5,9,0.8617097556108892
3,6,9,0.4869472780660612
3,6,9,0.20343077860800823
8,1,9,0.18561760226461765
2,7,9,NaN
2,7,9,0.534054961478336
2,7,9,NaN
3,6,9,0.39365820288251563
2,7,9,NaN
5,4,9,0.3147278493122561
1,8,9,NaN
1,8,9,0.12196444410581492
0,9,9,0.5624190893075987
0,9,9,NaN
5,3,8,NaN
7,1,8,NaN
6,2,8,NaN
5,3,8,0.4869472780660612
8,0,8,0.6716678372530487
6,2,8,0.8204795116931126
7,1,8,0.7943141978951035
5,3,8,0.962032138983051
8,0,8,NaN
4,4,8,0.39365820288251563
6,2,8,NaN
3,5,8,0.03973270879120916
6,2,8,NaN
4,4,8,NaN
6,2,8,0.9097889372969507
7,1,8,0.7351022872357142
6,2,8,0.7351022872357142
8,0,8,NaN
7,1,8,0.00034502889178836873
7,1,8,NaN
3,5,8,0.3147278493122561
8,0,8,NaN
7,1,8,0.6919028561685525
6,2,8,NaN
8,0,8,0.922483585895465
5,3,8,NaN
4,4,8,0.8337856594239501
6,2,8,NaN
7,1,8,NaN
2,6,8,NaN
4,4,8,0.5773495910338519
6,2,8,0.9097889372969507
7,1,8,NaN
7,1,8,0.6211047067208528
6,2,8,0.9799588626550771
5,3,8,0.9690207992381747
6,2,8,0.7872977167585564
5,3,8,0.9690207992381747
7,1,8,NaN
6,2,8,0.12196444410581492
7,1,8,0.3147278493122561
8,0,8,0.2770589453938832
5,3,8,0.6629394266610144
6,2,8,0.4869472780660612
4,4,8,0.18561760226461765
5,3,8,0.8418168267177661
6,2,8,0.4389759442456205
8,0,8,0.898681537587559
8,0,8,0.21187913375295056
7,1,8,0.7943141978951035
4,4,8,0.24438456867660927
7,1,8,NaN
3,5,8,NaN
6,2,8,NaN
5,3,8,0.18410391185353114
5,3,8,NaN
6,2,8,NaN
8,0,8,0.24299412154726827
6,2,8,NaN
3,5,8,0.045946027748132785
4,4,8,0.6211047067208528
6,2,8,0.35163936320323114
7,1,8,0.12196444410581492
8,0,8,NaN
6,2,8,NaN
6,2,8,NaN
5,3,8,0.27616249731516485
8,0,8,0.33444683265217007
5,3,8,NaN
6,2,8,NaN
6,2,8,0.8949950374154003
6,2,8,0.06058247105517931
7,1,8,0.8617097556108892
5,3,8,NaN
5,3,8,0.3923554629692027
7,1,8,NaN
8,0,8,NaN
5,3,8,0.8692421113644985
4,4,8,0.8791469822960243
4,4,8,NaN
7,1,8,0.4869472780660612
8,0,8,NaN
7,1,8,0.21187913375295056
8,0,8,0.9444012070806406
7,1,8,NaN
6,2,8,0.14080710657571024
5,3,8,0.534054961478336
7,1,8,0.991808263676121
6,2,8,0.10644627622097674
8,0,8,0.9493845675723653
6,2,8,0.8204795116931126
4,4,8,NaN
5,3,8,0.10644627622097674
5,3,8,NaN
4,4,8,NaN
6,2,8,NaN
6,2,8,0.3356648173745397
8,0,8,0.8617097556108892
6,2,8,0.8617097556108892
5,3,8,0.374549414311948
7,1,8,0.7943141978951035
7,1,8,NaN
6,2,8,0.3864896500598819
5,3,8,NaN
6,2,8,0.5773495910338519
4,4,8,0.2770589453938832
7,1,8,NaN
5,3,8,0.1355646338700262
7,1,8,0.35163936320323114
8,0,8,0.7656656731928964
7,1,8,NaN
5,3,8,0.7351022872357142
5,3,8,NaN
4,4,8,0.015739357409861005
8,0,8,0.44428473659509227
5,3,8,0.05295374443847441
6,2,8,0.22663646407110755
6,2,8,0.6419307927155035
6,2,8,0.9550181567414787
3,5,8,0.35163936320323114
7,1,8,0.05295374443847441
7,1,8,0.3147278493122561
4,4,8,0.6195657374253047
8,0,8,NaN
8,0,8,0.24299412154726827
7,1,8,0.4389759442456205
5,3,8,0.24392979644362772
8,0,8,0.8418168267177661
5,3,8,0.045946027748132785
8,0,8,0.5773495910338519
6,2,8,NaN
7,1,8,0.06058247105517931
5,3,8,0.6211047067208528
3,5,8,NaN
8,0,8,NaN
5,3,8,NaN
5,3,8,NaN
5,3,8,NaN
7,1,8,0.39365820288251563
3,5,8,0.0064035938927519305
3,5,8,0.10644627622097674
7,1,8,0.5893595730167072
6,2,8,0.9749834651108517
7,1,8,0.5361596164309497
6,2,8,0.161264881038212
8,0,8,NaN
8,0,8,0.06988872661807305
6,2,8,0.6164716738334938
6,2,8,0.3356648173745397
8,0,8,0.08115644780417555
8,0,8,NaN
5,3,8,0.28186546436189985
8,0,8,NaN
6,2,8,NaN
8,0,8,NaN
5,3,8,0.2770589453938832
5,3,8,NaN
4,4,8,NaN
7,1,8,NaN
6,2,8,NaN
4,4,8,0.7120588430681319
3,5,8,0.18132610784349695
6,2,8,NaN
4,4,8,0.2226095302194001
6,2,8,0.8418168267177661
6,2,8,0.14080710657571024
2,6,8,0.583929127406625
6,2,8,0.8791469822960243
6,2,8,0.016352394412106192
5,3,8,NaN
6,2,8,0.6629394266610144
5,3,8,0.7943141978951035
5,3,8,0.668183648818487
7,1,8,0.10644627622097674
6,2,8,0.3055692734095933
4,4,8,0.8617097556108892
7,1,8,NaN
6,2,8,0.03468779084967369
7,1,8,NaN
8,0,8,NaN
6,2,8,NaN
4,4,8,0.922483585895465
5,3,8,0.6211047067208528
2,6,8,NaN
8,0,8,0.9336743037628588
6,2,8,0.6211047067208528
7,1,8,0.08279673425354254
7,1,8,NaN
7,1,8,NaN
4,4,8,0.002245706259241102
7,1,8,NaN
4,4,8,0.7693964938216118
4,4,8,0.0345242467642246
8,0,8,NaN
6,2,8,NaN
4,4,8,0.7659187175498298
5,3,8,NaN
6,2,8,0.534054961478336
5,3,8,0.9959929562355879
6,2,8,0.8195512462227561
6,2,8,NaN
4,4,8,NaN
6,2,8,0.7943141978951035
6,2,8,NaN
7,1,8,NaN
4,4,8,0.013595179396091573
7,1,8,NaN
8,0,8,0.4389759442456205
5,3,8,0.8949950374154003
2,6,8,0.7943141978951035
4,4,8,0.5208172689929056
4,4,8,0.6001005539957204
7,1,8,NaN
3,5,8,0.28467069317025867
5,3,8,NaN
8,0,8,0.7674394494964111
5,3,8,0.18561760226461765
5,3,8,0.534054961478336
7,1,8,NaN
7,1,8,0.5208172689929056
4,4,8,NaN
4,4,8,0.6211047067208528
6,2,8,0.39365820288251563
6,2,8,NaN
5,3,8,0.39365820288251563
6,2,8,NaN
8,0,8,0.7943141978951035
5,3,8,NaN
6,2,8,0.8204795116931126
5,3,8,0.004508598358580881
8,0,8,0.6483072209518189
8,0,8,0.09797666946145844
8,0,8,0.4389759442456205
5,3,8,0.05295374443847441
6,2,8,0.7351022872357142
5,3,8,0.35163936320323114
6,2,8,NaN
2,6,8,NaN
6,2,8,NaN
8,0,8,0.08115644780417555
7,1,8,NaN
7,1,8,0.06988872661807305
5,3,8,0.24699618487772856
5,3,8,0.3399082013245906
8,0,8,0.045946027748132785
4,4,8,0.39365820288251563
5,3,8,0.9534911290835386
6,2,8,0.8580685796731176
6,2,8,NaN
5,3,8,NaN
5,3,8,0.8182710151016758
7,1,8,0.8617097556108892
4,4,8,0.4389759442456205
4,4,8,0.8053310532878865
7,1,8,NaN
3,5,8,0.39365820288251563
7,1,8,0.6211047067208528
6,2,8,0.24299412154726827
5,3,8,NaN
8,0,8,0.10644627622097674
6,2,8,0.35163936320323114
7,1,8,0.9097889372969507
8,0,8,NaN
5,3,8,NaN
8,0,8,NaN
7,1,8,NaN
4,4,8,0.007827960273527267
5,3,8,0.03973270879120916
6,2,8,NaN
5,3,8,0.5773495910338519
4,4,8,0.5826292651157386
7,1,8,NaN
6,2,8,0.24299412154726827
8,0,8,NaN
7,1,8,0.8617097556108892
8,0,8,NaN
8,0,8,0.25704099543129966
6,2,8,0.3893779433653381
6,2,8,0.9336743037628588
7,1,8,0.796284126030375
7,1,8,NaN
6,2,8,0.7351022872357142
6,2,8,NaN
6,2,8,NaN
4,4,8,0.34262337556240713
4,4,8,0.09837434024570268
6,2,8,0.24299412154726827
4,4,8,0.05295374443847441
4,4,8,0.24299412154726827
6,2,8,NaN
6,2,8,0.14080710657571024
8,0,8,0.6629394266610144
5,3,8,NaN
4,4,8,0.44032579242708175
7,1,8,NaN
5,3,8,NaN
5,3,8,NaN
8,0,8,0.9097889372969507
3,5,8,NaN
4,4,8,NaN
4,4,8,0.534054961478336
8,0,8,0.7351022872357142
7,1,8,NaN
5,3,8,NaN
8,0,8,0.3787573908422757
7,1,8,0.4869472780660612
6,2,8,0.05295374443847441
6,2,8,0.03878253858353099
7,1,8,NaN
7,1,8,0.029205411143482123
6,2,8,NaN
5,3,8,0.9336743037628588
6,2,8,0.06988872661807305
3,5,8,0.8791469822960243
7,1,8,0.39365820288251563
4,4,8,0.22663646407110755
4,4,8,NaN
6,2,8,0.2770589453938832
6,2,8,0.14687700888377864
4,4,8,0.284957002957702
6,2,8,NaN
6,2,8,NaN
5,3,8,0.14080710657571024
7,1,8,1.4297617815043802e-6
7,1,8,0.534054961478336
7,1,8,NaN
3,5,8,0.9097889372969507
7,1,8,0.7943141978951035
7,1,8,NaN
3,5,8,0.6211047067208528
8,0,8,NaN
4,4,8,0.019582362947367808
5,3,8,0.9444012070806406
6,2,8,NaN
6,2,8,0.9336743037628588
6,2,8,NaN
8,0,8,0.39365820288251563
4,4,8,NaN
7,1,8,0.8949950374154003
6,2,8,0.1953998773262657
6,2,8,0.9816182601859956
5,3,8,NaN
3,5,8,NaN
2,6,8,0.6629394266610144
6,2,8,0.4344741859498727
6,2,8,NaN
4,4,8,0.7235157721107646
5,3,8,0.06058247105517931
7,1,8,NaN
5,3,8,0.9336743037628588
6,2,8,NaN
8,0,8,0.2145618828340094
6,2,8,NaN
8,0,8,NaN
7,1,8,0.14080710657571024
2,6,8,0.12196444410581492
5,3,8,NaN
6,2,8,0.9444012070806406
7,1,8,0.4349598562938944
5,3,8,NaN
8,0,8,0.3147278493122561
8,0,8,NaN
6,2,8,0.23185095244458026
7,1,8,0.8617097556108892
8,0,8,0.06988872661807305
7,1,8,NaN
6,2,8,NaN
4,4,8,NaN
4,4,8,0.14080710657571024
6,2,8,NaN
6,2,8,NaN
4,4,8,0.33444683265217007
6,2,8,NaN
6,2,8,0.12196444410581492
4,4,8,NaN
3,5,8,NaN
3,5,8,0.4545842917002178
6,2,8,NaN
6,2,8,0.9749834651108517
5,3,8,0.2175130159636752
6,2,8,0.18561760226461765
6,2,8,NaN
4,4,8,0.3147278493122561
6,2,8,NaN
7,1,8,0.6816983089465296
6,2,8,0.534054961478336
7,1,8,0.006091701711492965
4,4,8,0.8204795116931126
8,0,8,0.7351022872357142
8,0,8,0.1335006834806213
5,3,8,0.8418168267177661
5,3,8,0.24299412154726827
7,1,8,0.04581680352367893
7,1,8,NaN
5,3,8,6.001056021495709e-7
7,1,8,0.24299412154726827
6,2,8,NaN
7,1,8,0.14080710657571024
6,2,8,NaN
7,1,8,0.1839756674342853
6,2,8,0.5613969972398019
3,5,8,NaN
6,2,8,NaN
6,2,8,NaN
7,1,8,NaN
7,1,8,0.43312989377369154
5,3,8,0.39365820288251563
6,2,8,0.013595179396091573
6,2,8,NaN
6,2,8,0.922483585895465
6,2,8,0.6211047067208528
2,6,8,0.022641636257990223
7,1,8,NaN
7,1,8,NaN
8,0,8,0.8521191763341024
4,4,8,0.07459010836657934
5,3,8,NaN
7,1,8,NaN
6,2,8,0.534054961478336
7,1,8,NaN
7,1,8,0.6777017369805983
7,1,8,0.534054961478336
8,0,8,0.6211047067208528
6,2,8,0.44262180834454234
7,1,8,0.18561760226461765
5,3,8,0.7775984753998905
4,4,8,0.534054961478336
4,4,8,NaN
5,3,8,0.9097889372969507
6,2,8,NaN
8,0,8,NaN
6,2,8,0.045946027748132785
2,6,8,0.10644627622097674
5,3,8,0.47241257096850936
5,3,8,NaN
3,5,8,NaN
8,0,8,0.39365820288251563
4,4,8,NaN
8,0,8,0.3617562777788272
5,3,8,NaN
4,4,8,0.08115644780417555
8,0,8,0.7943141978951035
5,3,8,0.5242731013189563
5,3,8,NaN
6,2,8,0.10644627622097674
6,2,8,0.7008553584305408
5,3,8,0.4389759442456205
6,2,8,0.24299412154726827
5,3,8,NaN
5,3,8,NaN
5,3,8,0.8617097556108892
5,3,8,0.18561760226461765
5,3,8,NaN
8,0,8,NaN
7,1,8,NaN
5,3,8,NaN
8,0,8,0.6617907114444935
7,1,8,0.7008553584305408
5,3,8,NaN
8,0,8,NaN
6,2,8,0.045946027748132785
4,4,8,NaN
8,0,8,0.7659187175498298
6,2,8,NaN
6,2,8,NaN
6,2,8,0.35163936320323114
8,0,8,NaN
6,2,8,0.045946027748132785
6,2,8,NaN
7,1,8,NaN
4,4,8,0.6629394266610144
6,2,8,0.9534911290835386
7,1,8,NaN
4,4,8,0.445714691529999
5,3,8,NaN
6,2,8,0.7943141978951035
5,3,8,0.5773495910338519
8,0,8,0.8949950374154003
8,0,8,0.7351022872357142
6,2,8,NaN
7,1,8,0.022641636257990223
5,3,8,NaN
7,1,8,0.12409750416480478
6,2,8,0.0043876962603184855
5,3,8,0.2770589453938832
6,2,8,0.3864896500598819
6,2,8,NaN
6,2,8,0.010680298593933974
8,0,8,NaN
5,3,8,0.534054961478336
5,3,8,0.14080710657571024
5,3,8,NaN
7,1,8,0.6716678372530487
5,3,8,0.7008553584305408
6,2,8,0.3642346147916237
6,2,8,NaN
4,4,8,0.9534911290835386
7,1,8,0.1319092276494392
5,3,8,0.7071386268253849
2,6,8,NaN
3,5,8,NaN
7,1,8,0.9228310661533508
3,5,8,0.4869472780660612
6,2,8,NaN
7,1,8,0.6629394266610144
4,4,8,0.8418168267177661
6,2,8,NaN
7,1,8,0.8617097556108892
6,2,8,NaN
4,4,8,NaN
7,1,8,NaN
4,4,8,0.5773495910338519
7,1,8,NaN
7,1,8,NaN
8,0,8,0.9444012070806406
6,2,8,0.8418168267177661
5,3,8,0.161264881038212
4,4,8,0.9534911290835386
5,3,8,NaN
5,3,8,0.03468779084967369
7,1,8,0.08115644780417555
3,5,8,NaN
4,4,8,NaN
8,0,8,0.534054961478336
5,3,8,1.2523626791814008e-5
6,2,8,NaN
4,4,8,0.3147278493122561
6,2,8,0.8648960248319841
6,2,8,NaN
6,2,8,0.5773495910338519
7,1,8,0.7659187175498298
6,2,8,0.03025847703180226
7,1,8,0.12196444410581492
6,2,8,NaN
5,3,8,0.7008553584305408
8,0,8,0.12437640140846314
8,0,8,0.6130456671978034
5,3,8,0.5773495910338519
5,3,8,0.6629394266610144
6,2,8,0.18561760226461765
7,1,8,0.05295374443847441
7,1,8,NaN
7,1,8,NaN
5,3,8,0.39365820288251563
5,3,8,0.21187913375295056
6,2,8,0.161264881038212
7,1,8,NaN
7,1,8,0.004696501677392298
5,3,8,0.6516018670740176
5,3,8,NaN
6,2,8,0.013584695640948361
7,1,8,0.8617097556108892
7,1,8,NaN
4,4,8,0.8949950374154003
4,4,8,0.009708197960407164
6,2,8,0.4869472780660612
6,2,8,NaN
6,2,8,0.9845924478014567
5,3,8,0.35163936320323114
8,0,8,0.35163936320323114
4,4,8,NaN
7,1,8,0.8418168267177661
4,4,8,NaN
5,3,8,NaN
6,2,8,0.10644627622097674
2,6,8,NaN
5,3,8,NaN
5,3,8,NaN
7,1,8,NaN
8,0,8,NaN
7,1,8,0.9690207992381747
4,4,8,0.35163936320323114
7,1,8,NaN
7,1,8,0.5773495910338519
5,3,8,0.579049057228479
5,3,8,0.35163936320323114
7,1,8,0.45885943191873046
7,1,8,NaN
8,0,8,NaN
6,2,8,NaN
4,4,8,NaN
7,1,8,0.08115644780417555
6,2,8,0.6211047067208528
7,1,8,0.09965063381208783
4,4,8,0.6629394266610144
8,0,8,0.8949950374154003
7,1,8,NaN
7,1,8,NaN
5,3,8,0.12196444410581492
6,2,8,0.6211047067208528
6,2,8,NaN
6,2,8,NaN
4,4,8,0.37627523689796283
4,4,8,0.7943141978951035
8,0,8,0.9336743037628588
8,0,8,4.080818808595234e-5
5,3,8,NaN
7,1,8,0.24299412154726827
8,0,8,NaN
2,6,8,0.08115644780417555
5,3,8,0.881143991419024
8,0,8,0.7659187175498298
7,1,8,0.06058247105517931
7,1,8,0.6629394266610144
4,4,8,0.3591611343992021
8,0,8,0.9050972117330874
6,2,8,NaN
8,0,8,0.04129462415972545
7,1,8,0.7008553584305408
6,2,8,NaN
7,1,8,0.6211047067208528
4,4,8,NaN
8,0,8,NaN
3,5,8,0.6629394266610144
4,4,8,0.7008553584305408
6,2,8,NaN
4,4,8,NaN
7,1,8,NaN
4,4,8,0.2513489220337205
8,0,8,0.05400398785089825
4,4,8,NaN
8,0,8,NaN
8,0,8,0.6629394266610144
5,3,8,0.9336743037628588
5,3,8,0.8204795116931126
7,1,8,0.3147278493122561
5,3,8,0.751997803097459
4,4,8,0.4389759442456205
7,1,8,0.7943141978951035
5,3,8,NaN
6,2,8,0.21187913375295056
5,3,8,0.9618388540955167
7,1,8,0.35163936320323114
6,2,8,0.4389759442456205
7,1,8,0.668439151383277
8,0,8,0.9856846882638495
5,3,8,NaN
6,2,8,NaN
5,3,8,NaN
7,1,8,0.7943141978951035
5,3,8,0.0019575942924920132
5,3,8,0.6211047067208528
5,3,8,0.5773495910338519
6,2,8,0.7943141978951035
3,5,8,0.534054961478336
3,5,8,0.7008553584305408
6,2,8,0.9534911290835386
6,2,8,NaN
8,0,8,0.8370751080502961
4,4,8,NaN
6,2,8,0.5773495910338519
5,3,8,0.922483585895465
8,0,8,0.05295374443847441
8,0,8,0.7120588430681319
4,4,8,0.161264881038212
6,2,8,0.7521229909408121
5,3,8,0.8754297621531552
6,2,8,0.8204795116931126
6,2,8,0.8949950374154003
4,4,8,0.8949950374154003
6,2,8,0.8617097556108892
6,2,8,NaN
6,2,8,0.5415254142073298
5,3,8,NaN
8,0,8,NaN
7,1,8,0.8418168267177661
5,3,8,NaN
6,2,8,NaN
7,1,8,0.9097889372969507
3,5,8,NaN
6,2,8,0.7351022872357142
8,0,8,0.5773495910338519
5,3,8,NaN
7,1,8,NaN
7,1,8,NaN
5,3,8,0.009708197960407164
5,3,8,NaN
6,2,8,0.8204795116931126
8,0,8,5.586809850465041e-5
5,3,8,0.4869472780660612
5,3,8,0.7659187175498298
5,3,8,0.34261004372229775
4,4,8,0.6211047067208528
6,2,8,NaN
5,3,8,0.39365820288251563
5,3,8,0.2770589453938832
4,4,8,NaN
4,4,8,0.922483585895465
4,4,8,0.4869472780660612
6,2,8,0.9097889372969507
8,0,8,NaN
7,1,8,0.04474451810852936
8,0,8,NaN
7,1,8,NaN
7,1,8,0.9690207992381747
6,2,8,0.8791469822960243
7,1,8,0.18561760226461765
7,1,8,NaN
7,1,8,0.21187913375295056
6,2,8,0.39365820288251563
6,2,8,NaN
6,2,8,0.03025847703180226
8,0,8,NaN
7,1,8,NaN
8,0,8,0.8204795116931126
2,6,8,NaN
6,2,8,NaN
6,2,8,0.040806043884965816
6,2,8,NaN
4,4,8,0.14080710657571024
5,3,8,NaN
3,5,8,0.17729605404020943
7,1,8,0.2770589453938832
6,2,8,0.09331494238381467
5,3,8,NaN
7,1,8,0.23136573777456157
6,2,8,0.8791469822960243
3,5,8,NaN
7,1,8,0.06058247105517931
6,2,8,0.24755100352480078
5,3,8,0.6686854048098514
3,5,8,NaN
6,2,8,0.5773495910338519
5,3,8,0.4869472780660612
6,2,8,NaN
8,0,8,0.20233353782563374
7,1,8,0.09331494238381467
8,0,8,NaN
6,2,8,NaN
7,1,8,0.12196444410581492
7,1,8,NaN
6,2,8,0.5773495910338519
8,0,8,0.5164194987623703
3,5,8,0.8949950374154003
4,4,8,NaN
3,5,8,NaN
5,3,8,0.44243887705198853
5,3,8,0.30007032477340345
8,0,8,0.009708197960407164
3,5,8,NaN
6,2,8,0.7659187175498298
7,1,8,NaN
5,3,8,0.7351022872357142
8,0,8,NaN
6,2,8,0.08115644780417555
5,3,8,NaN
6,2,8,0.21187913375295056
4,4,8,0.21187913375295056
4,4,8,0.8791469822960243
6,2,8,0.4329378138533301
6,2,8,NaN
8,0,8,0.534054961478336
5,3,8,0.10644627622097674
4,4,8,NaN
6,2,8,0.997608072328767
7,1,8,NaN
7,1,8,0.8617097556108892
5,3,8,NaN
6,2,8,0.045946027748132785
7,1,8,0.5719283978112475
7,1,8,0.3147278493122561
7,1,8,0.4869472780660612
6,2,8,NaN
2,6,8,NaN
5,3,8,0.04344946742249774
6,2,8,0.14107547527436967
7,1,8,0.7351022872357142
6,2,8,0.3147278493122561
6,2,8,0.9389456812951761
7,1,8,NaN
5,3,8,0.6211047067208528
7,1,8,0.4869472780660612
4,4,8,NaN
5,3,8,0.922483585895465
3,5,8,0.21187913375295056
5,3,8,NaN
7,1,8,0.7943141978951035
6,2,8,0.8949950374154003
6,2,8,NaN
6,2,8,NaN
6,2,8,NaN
5,3,8,0.8178713368765808
4,4,8,0.02039864223238967
5,3,8,0.9336743037628588
7,1,8,0.9690207992381747
6,2,8,0.1263440049225468
7,1,8,NaN
6,2,8,0.35163936320323114
3,5,8,0.09331494238381467
5,3,8,0.8154385829807279
3,5,8,NaN
6,2,8,NaN
6,2,8,0.12196444410581492
8,0,8,NaN
4,4,8,NaN
7,1,8,NaN
7,1,8,NaN
4,4,8,0.09331494238381467
4,4,8,0.7659187175498298
5,3,8,0.4584957332891234
4,4,8,0.02611284212389445
8,0,8,NaN
6,2,8,NaN
7,1,8,0.653708156181962
3,5,8,0.3147278493122561
6,2,8,0.12196444410581492
7,1,8,0.6211047067208528
6,2,8,NaN
6,2,8,0.6211047067208528
5,3,8,0.18561760226461765
8,0,8,0.8719044429579209
8,0,8,0.14727423741156825
4,4,8,0.24299412154726827
6,2,8,0.045946027748132785
8,0,8,0.48689824221653066
7,1,8,0.06988872661807305
7,1,8,NaN
4,4,8,0.02611284212389445
5,3,8,0.31446254865538825
6,2,8,0.6629394266610144
4,4,8,NaN
6,2,8,6.483793560073877e-5
6,2,8,0.35163936320323114
3,5,8,0.8418168267177661
7,1,8,0.161264881038212
6,2,8,NaN
7,1,8,NaN
6,2,8,0.6391068581288003
7,1,8,0.08211903913437503
7,1,8,NaN
5,3,8,0.3399082013245906
6,2,8,0.09331494238381467
7,1,8,0.0007082124919489626
8,0,8,0.6629394266610144
6,2,8,0.1450477724603556
7,1,8,0.9336743037628588
4,4,8,0.5175331718140225
4,4,8,NaN
5,3,8,NaN
5,3,8,0.06058247105517931
4,4,8,0.24299412154726827
7,1,8,0.8949950374154003
6,2,8,NaN
8,0,8,NaN
4,4,8,NaN
6,2,8,NaN
7,1,8,0.6629394266610144
7,1,8,0.6629394266610144
5,3,8,0.24299412154726827
5,3,8,0.39365820288251563
6,2,8,0.6211047067208528
7,1,8,0.7351022872357142
6,2,8,0.004226988598133926
8,0,8,0.08115644780417555
8,0,8,0.962032138983051
5,3,8,0.12196444410581492
6,2,8,NaN
7,1,8,0.9097889372969507
5,3,8,NaN
6,2,8,0.6089267360264234
8,0,8,0.8514906385484986
7,1,8,0.2770589453938832
8,0,8,0.9215971040081024
4,4,8,0.24299412154726827
8,0,8,0.0459722696760284
5,3,8,0.4869472780660612
6,2,8,0.39365820288251563
6,2,8,NaN
2,6,8,NaN
4,4,8,NaN
4,4,8,0.08115644780417555
8,0,8,0.12813907281790618
5,3,8,0.8853210507999522
5,3,8,0.6211047067208528
6,2,8,NaN
6,2,8,NaN
8,0,8,0.9444012070806406
8,0,8,NaN
8,0,8,0.07781304237023615
6,2,8,0.3147278493122561
4,4,8,0.9444012070806406
8,0,8,NaN
3,5,8,0.0005358867667097031
7,1,8,0.10644627622097674
6,2,8,0.35163936320323114
7,1,8,NaN
5,3,8,NaN
4,4,8,0.9437103061369894
5,3,8,0.045946027748132785
8,0,8,NaN
6,2,8,0.534054961478336
4,4,8,0.35163936320323114
5,3,8,0.8082435211628998
3,5,8,NaN
6,2,8,NaN
4,4,8,0.9749834651108517
6,2,8,0.7659187175498298
4,4,8,0.922483585895465
8,0,8,0.534054961478336
8,0,8,0.6211047067208528
5,3,8,0.6211047067208528
8,0,8,0.6963774463957356
6,2,8,NaN
4,4,8,0.534054961478336
7,1,8,NaN
6,2,8,NaN
5,3,8,0.0059768908242891486
6,2,8,0.6232134025574843
4,4,8,NaN
4,4,8,0.9649255742954774
6,2,8,0.47484656337069314
7,1,8,0.06988872661807305
6,2,8,NaN
5,3,8,0.4307171920685315
5,3,8,0.8418168267177661
6,2,8,0.3147278493122561
2,6,8,0.16989313317969063
2,6,8,0.4329754550610314
5,3,8,0.3147278493122561
5,3,8,0.31829034917070653
7,1,8,0.7943141978951035
5,3,8,NaN
7,1,8,0.7351022872357142
3,5,8,NaN
5,3,8,0.2770589453938832
2,6,8,0.7659187175498298
4,4,8,0.7351022872357142
4,4,8,0.8949950374154003
5,3,8,NaN
4,4,8,0.4389759442456205
8,0,8,0.9866542400570127
6,2,8,0.4869472780660612
6,2,8,NaN
7,1,8,NaN
6,2,8,0.39365820288251563
6,2,8,0.9336743037628588
4,4,8,NaN
7,1,8,NaN
7,1,8,0.5773495910338519
6,2,8,0.6211047067208528
7,1,8,0.8617097556108892
6,2,8,NaN
4,4,8,0.9534911290835386
5,3,8,NaN
7,1,8,NaN
7,1,8,NaN
6,2,8,0.161264881038212
7,1,8,0.161264881038212
5,3,8,NaN
4,4,8,NaN
4,4,8,NaN
6,2,8,NaN
7,1,8,NaN
5,3,8,0.2770589453938832
8,0,8,0.8473895613469807
7,1,8,0.7670017207929423
5,3,8,0.204756329954101
8,0,8,0.3461623573274831
5,3,8,0.39365820288251563
8,0,8,NaN
6,2,8,0.2770589453938832
5,3,8,0.8371436270241043
1,7,8,NaN
8,0,8,0.45885943191873046
4,4,8,NaN
8,0,8,NaN
6,2,8,NaN
6,2,8,0.922483585895465
5,3,8,NaN
6,2,8,NaN
6,2,8,0.021673359028872418
8,0,8,0.63925054073839
2,6,8,0.6629394266610144
4,4,8,NaN
5,3,8,NaN
7,1,8,0.8204795116931126
6,2,8,0.09331494238381467
6,2,8,0.4389759442456205
6,2,8,0.007006929318819079
6,2,8,0.7351022872357142
4,4,8,NaN
3,5,8,0.004618501086978314
7,1,8,0.3147278493122561
7,1,8,0.03468779084967369
5,3,8,0.24299412154726827
4,4,8,0.161264881038212
7,1,8,0.534054961478336
6,2,8,0.11400008088568915
8,0,8,NaN
8,0,8,NaN
5,3,8,0.7351022872357142
4,4,8,NaN
7,1,8,0.16465187806228962
5,3,8,0.2787719472245347
6,2,8,NaN
7,1,8,NaN
4,4,8,NaN
7,1,8,0.5773495910338519
4,4,8,0.09331494238381467
7,1,8,0.6670986960248582
6,2,8,0.019413000008510182
8,0,8,NaN
5,3,8,0.0014937697818024735
4,4,8,NaN
5,3,8,0.7351022872357142
5,3,8,NaN
6,2,8,0.9050972117330874
8,0,8,0.4869472780660612
6,2,8,0.027984599893499752
5,3,8,0.02039864223238967
6,2,8,NaN
6,2,8,NaN
5,3,8,0.2954053482996923
8,0,8,0.8204795116931126
6,2,8,0.4869472780660612
4,4,8,0.4972483840428517
5,3,8,NaN
5,3,8,NaN
5,3,8,0.2770589453938832
5,3,8,NaN
7,1,8,0.4389759442456205
7,1,8,0.9749834651108517
5,3,8,0.4869472780660612
6,2,8,NaN
2,6,8,0.4389759442456205
7,1,8,0.5682154940485659
6,2,8,0.2465636028471538
7,1,8,0.18711278057067982
3,5,8,0.7659187175498298
7,1,8,NaN
7,1,8,0.10644627622097674
5,3,8,0.519860015167985
6,2,8,0.534054961478336
6,2,8,0.6211047067208528
5,3,8,0.3103570680766021
5,3,8,0.7779246656977588
5,3,8,NaN
8,0,8,0.035717832345483605
5,3,8,2.515637512129223e-5
8,0,8,NaN
5,3,8,0.076514914379593
7,1,8,0.7943141978951035
7,1,8,0.016036129072671212
5,3,8,0.5773495910338519
5,3,8,0.39365820288251563
6,2,8,NaN
4,4,8,NaN
5,3,8,NaN
7,1,8,0.10644627622097674
4,4,8,NaN
7,1,8,0.8511479565630584
7,1,8,0.4581299951219079
8,0,8,0.922483585895465
5,3,8,0.161264881038212
3,5,8,NaN
6,2,8,NaN
7,1,8,0.39365820288251563
5,3,8,NaN
8,0,8,NaN
7,1,8,0.4389759442456205
6,2,8,NaN
6,2,8,0.14080710657571024
7,1,8,0.922483585895465
4,4,8,NaN
8,0,8,0.3147278493122561
8,0,8,NaN
5,3,8,0.4869472780660612
7,1,8,NaN
7,1,8,0.046730280999109336
6,2,8,NaN
4,4,8,0.03973270879120916
8,0,8,NaN
7,1,8,0.35163936320323114
6,2,8,0.4389759442456205
7,1,8,0.39365820288251563
5,3,8,NaN
7,1,8,0.24299412154726827
7,1,8,0.8204795116931126
6,2,8,NaN
7,1,8,0.7351022872357142
6,2,8,0.7943141978951035
7,1,8,0.037716183091572174
8,0,8,NaN
3,5,8,0.31215416913137395
8,0,8,0.2770589453938832
5,3,8,NaN
6,2,8,0.8617097556108892
7,1,8,NaN
5,3,8,NaN
7,1,8,0.4389759442456205
6,2,8,0.35163936320323114
3,5,8,NaN
5,3,8,0.26219329428007215
8,0,8,0.4389759442456205
6,2,8,NaN
7,1,8,0.45885943191873046
3,5,8,NaN
6,2,8,NaN
6,2,8,0.5773495910338519
4,4,8,NaN
5,3,8,0.9129828561094095
3,5,8,NaN
4,4,8,0.9336743037628588
5,3,8,0.8617097556108892
7,1,8,NaN
3,5,8,NaN
5,3,8,0.31446254865538825
6,2,8,NaN
8,0,8,0.9799588626550771
6,2,8,0.0030671357445065466
5,3,8,NaN
8,0,8,0.534054961478336
7,1,8,NaN
6,2,8,0.24299412154726827
5,3,8,0.8602575698845937
7,1,8,0.06637076644237856
7,1,8,0.9749834651108517
4,4,8,0.7008553584305408
8,0,8,0.22136077401529367
5,3,8,NaN
5,3,8,0.057981820124175854
7,1,8,NaN
4,4,8,0.12196444410581492
5,3,8,NaN
5,3,8,0.6933642784273275
6,2,8,NaN
5,3,8,0.8418168267177661
6,2,8,0.8418168267177661
4,4,8,0.31957483322946484
4,4,8,NaN
3,5,8,NaN
4,4,8,0.009886583305940173
7,1,8,0.9511044861043061
2,6,8,0.1022683109786813
6,2,8,0.30728168715621196
8,0,8,0.6211047067208528
8,0,8,0.05295374443847441
4,4,8,0.8949950374154003
8,0,8,0.8204795116931126
5,3,8,0.05295374443847441
6,2,8,0.2770589453938832
7,1,8,0.7659187175498298
7,1,8,0.161264881038212
6,2,8,NaN
4,4,8,0.4237963291232431
7,1,8,NaN
5,3,8,0.534054961478336
1,7,8,NaN
3,5,8,NaN
4,4,8,0.6629394266610144
6,2,8,0.06058247105517931
4,4,8,0.7659187175498298
2,6,8,NaN
3,5,8,0.09331494238381467
4,4,8,0.9336743037628588
7,1,8,0.7659187175498298
7,1,8,0.24299412154726827
5,3,8,NaN
7,1,8,NaN
3,5,8,NaN
4,4,8,0.534054961478336
7,1,8,0.3147278493122561
6,2,8,0.6211047067208528
6,2,8,NaN
7,1,8,0.48837664449341256
7,1,8,0.5557933172031888
5,3,8,NaN
6,2,8,0.21187913375295056
4,4,8,NaN
6,2,8,NaN
6,2,8,0.39365820288251563
7,1,8,0.3147278493122561
7,1,8,0.7391725731893909
5,3,8,NaN
8,0,8,0.1754560945615442
7,1,8,8.879195050493485e-6
6,2,8,NaN
3,5,8,0.18410391185353114
6,2,8,0.20362540885860878
4,4,8,NaN
4,4,8,0.6629394266610144
4,4,8,0.8113104065011121
5,3,8,0.4869472780660612
7,1,8,0.35163936320323114
6,2,8,0.6948475631733328
5,3,8,NaN
3,5,8,NaN
2,6,8,NaN
7,1,8,0.20525479942796634
5,3,8,0.045946027748132785
4,4,8,0.7034798908330773
6,2,8,0.045946027748132785
7,1,8,0.7792451244858153
8,0,8,NaN
5,3,8,0.2770589453938832
6,2,8,NaN
6,2,8,0.7943141978951035
7,1,8,0.5773495910338519
5,3,8,NaN
7,1,8,NaN
6,2,8,0.39365820288251563
5,3,8,NaN
5,3,8,NaN
7,1,8,NaN
3,5,8,NaN
5,3,8,NaN
5,3,8,0.9097889372969507
8,0,8,0.922483585895465
5,3,8,NaN
6,2,8,0.6629394266610144
2,6,8,0.005823075186751596
7,1,8,0.9097889372969507
5,3,8,0.922483585895465
5,3,8,0.22443385311445926
5,3,8,0.8154385829807279
7,1,8,0.4581299951219079
6,2,8,0.8204795116931126
4,4,8,0.03468779084967369
5,3,8,NaN
6,2,8,0.2770589453938832
7,1,8,NaN
4,4,8,0.4869472780660612
5,3,8,0.4389759442456205
3,5,8,7.884597174752992e-5
6,2,8,NaN
6,2,8,NaN
5,3,8,0.7955078988809703
6,2,8,0.9690207992381747
7,1,8,NaN
7,1,8,0.7008553584305408
6,2,8,0.09705052906618594
3,5,8,NaN
5,3,8,NaN
8,0,8,NaN
3,5,8,0.39365820288251563
7,1,8,0.12196444410581492
5,3,8,0.8204795116931126
6,2,8,0.6211047067208528
3,5,8,0.7008553584305408
5,3,8,0.8281470796777857
4,4,8,0.09331494238381467
6,2,8,NaN
7,1,8,0.4389759442456205
8,0,8,0.8370751080502961
7,1,8,0.0011647473414083903
5,3,8,0.9444012070806406
2,6,8,NaN
7,1,8,0.4389759442456205
7,1,8,0.8791469822960243
7,1,8,0.9097889372969507
3,5,8,0.05295374443847441
8,0,8,NaN
5,3,8,0.08115644780417555
5,3,8,0.7115813206576251
6,2,8,0.6777017369805983
8,0,8,0.7008553584305408
4,4,8,NaN
6,2,8,0.5773495910338519
6,2,8,0.7351022872357142
8,0,8,0.0004478228613093492
8,0,8,0.7008553584305408
4,4,8,NaN
5,3,8,0.7008553584305408
5,3,8,NaN
6,2,8,0.6211047067208528
3,5,8,0.39365820288251563
7,1,8,NaN
4,4,8,0.7567730670611663
8,0,8,NaN
1,7,8,0.013595179396091573
5,3,8,NaN
4,4,8,0.4869472780660612
7,1,8,0.5153846560311418
8,0,8,0.009886583305940173
3,5,8,0.4869472780660612
7,1,8,0.7008553584305408
7,1,8,0.6211047067208528
5,3,8,NaN
4,4,8,NaN
7,1,8,0.8204795116931126
7,1,8,NaN
3,5,8,NaN
8,0,8,0.8617097556108892
6,2,8,0.24299412154726827
2,6,8,0.962032138983051
2,6,8,NaN
6,2,8,0.03975901154156857
5,3,8,0.7351022872357142
4,4,8,NaN
7,1,8,0.9749834651108517
5,3,8,0.5773495910338519
5,3,8,NaN
5,3,8,NaN
2,6,8,NaN
8,0,8,NaN
8,0,8,NaN
5,3,8,NaN
6,2,8,0.461518173605109
5,3,8,0.3147278493122561
7,1,8,NaN
5,3,8,0.24299412154726827
3,5,8,0.09331494238381467
6,2,8,0.7351022872357142
3,5,8,0.4869472780660612
7,1,8,0.24685788650085178
4,4,8,NaN
6,2,8,NaN
7,1,8,NaN
6,2,8,0.7351022872357142
5,3,8,NaN
7,1,8,0.2770589453938832
6,2,8,0.922483585895465
7,1,8,NaN
5,3,8,0.24299412154726827
5,3,8,0.4389759442456205
6,2,8,0.35163936320323114
6,2,8,0.7008553584305408
5,3,8,0.9444012070806406
6,2,8,0.7173282754632971
4,4,8,0.4869472780660612
7,1,8,NaN
4,4,8,0.06988872661807305
5,3,8,NaN
3,5,8,NaN
6,2,8,0.24299412154726827
8,0,8,0.8204795116931126
6,2,8,0.7351022872357142
7,1,8,NaN
2,6,8,0.9458834083429057
4,4,8,0.12196444410581492
5,3,8,NaN
5,3,8,0.18561760226461765
6,2,8,NaN
6,2,8,0.18643931631329225
5,3,8,0.07293615489644685
3,5,8,NaN
8,0,8,0.21187913375295056
7,1,8,0.12196444410581492
5,3,8,0.4389759442456205
6,2,8,0.6629394266610144
4,4,8,NaN
6,2,8,0.5209026929169104
5,3,8,NaN
6,2,8,0.18561760226461765
6,2,8,NaN
4,4,8,NaN
5,3,8,0.7008553584305408
5,3,8,NaN
8,0,8,0.5773495910338519
7,1,8,NaN
6,2,8,0.4918613481568423
6,2,8,0.3147278493122561
7,1,8,NaN
4,4,8,NaN
5,3,8,0.534054961478336
7,1,8,0.6629394266610144
4,4,8,NaN
5,3,8,NaN
8,0,8,0.7351022872357142
4,4,8,0.133725605714702
7,1,8,0.6211047067208528
6,2,8,NaN
6,2,8,0.12196444410581492
4,4,8,0.8204795116931126
7,1,8,0.7460101215455233
6,2,8,0.10644627622097674
1,7,8,0.21187913375295056
4,4,8,0.7943141978951035
8,0,8,NaN
4,4,8,NaN
6,2,8,0.9886670302743008
7,1,8,0.8418168267177661
8,0,8,0.18561760226461765
8,0,8,NaN
3,5,8,0.4869472780660612
7,1,8,NaN
7,1,8,NaN
4,4,8,NaN
4,4,8,0.35163936320323114
4,4,8,0.03468779084967369
4,4,8,0.9951871729402249
3,5,8,NaN
6,2,8,0.022641636257990223
5,3,8,0.045946027748132785
6,2,8,0.09331494238381467
6,2,8,0.4202833259358661
8,0,8,0.6211047067208528
8,0,8,0.40150162565491987
4,4,8,NaN
4,4,8,NaN
8,0,8,NaN
6,2,8,0.09331494238381467
6,2,8,0.03468779084967369
6,2,8,0.8418168267177661
8,0,8,0.3147278493122561
6,2,8,0.00043744616454762105
5,3,8,NaN
6,2,8,0.39365820288251563
1,7,8,0.05295374443847441
3,5,8,0.6953745908962781
5,3,8,NaN
6,2,8,NaN
5,3,8,NaN
4,4,8,NaN
7,1,8,NaN
5,3,8,NaN
4,4,8,0.8204795116931126
6,2,8,0.962032138983051
5,3,8,NaN
7,1,8,0.17200256060949295
4,4,8,0.8949950374154003
6,2,8,0.5316040234677895
5,3,8,0.7659187175498298
7,1,8,0.28628417553794655
3,5,8,0.4389759442456205
7,1,8,0.7008553584305408
4,4,8,0.21187913375295056
6,2,8,NaN
4,4,8,0.7008553584305408
5,3,8,NaN
5,3,8,NaN
3,5,8,0.5773495910338519
8,0,8,0.9758225360787158
7,1,8,0.022641636257990223
1,7,8,NaN
7,1,8,0.8949950374154003
3,5,8,0.47938291621287304
8,0,8,NaN
6,2,8,0.45885943191873046
4,4,8,0.8949950374154003
7,1,8,0.16199190760338342
5,3,8,0.9690207992381747
5,3,8,NaN
5,3,8,0.018072366357028753
6,2,8,0.3769573416053297
5,3,8,0.9336743037628588
5,3,8,0.7943141978951035
4,4,8,0.2535301380556551
7,1,8,NaN
5,3,8,0.18561760226461765
6,2,8,0.5115719802921277
7,1,8,NaN
5,3,8,0.10644627622097674
3,5,8,NaN
5,3,8,0.09331494238381467
6,2,8,0.534054961478336
4,4,8,NaN
2,6,8,NaN
6,2,8,0.30708827778253683
5,3,8,0.7008553584305408
6,2,8,NaN
6,2,8,0.8123444631103206
7,1,8,0.2785904030646549
7,1,8,0.016352394412106192
8,0,8,0.5773495910338519
8,0,8,0.8166047472199134
8,0,8,NaN
5,3,8,0.2770589453938832
4,4,8,0.3147278493122561
5,3,8,0.03468779084967369
3,5,8,0.39365820288251563
2,6,8,0.035854017974550616
3,5,8,0.5773495910338519
5,3,8,0.4869472780660612
7,1,8,0.10633907198401477
7,1,8,0.00973752073322309
6,2,8,0.006091701711492965
6,2,8,NaN
6,2,8,0.534054961478336
6,2,8,0.5773495910338519
6,2,8,0.28831834301238435
4,4,8,0.09331494238381467
6,2,8,0.6211047067208528
5,3,8,0.7943141978951035
6,2,8,0.8617097556108892
7,1,8,0.4389759442456205
6,2,8,0.8418168267177661
5,3,8,0.9534911290835386
6,2,8,0.9845924478014567
5,3,8,0.39306511582000914
4,4,8,0.2173463748560502
6,2,8,NaN
5,3,8,NaN
7,1,8,NaN
8,0,8,NaN
5,3,8,0.02162347649920689
7,1,8,0.4869472780660612
5,3,8,0.35163936320323114
7,1,8,NaN
4,4,8,NaN
7,1,8,NaN
5,3,8,0.7008553584305408
5,3,8,0.161264881038212
4,4,8,0.8791469822960243
3,5,8,0.6211047067208528
5,3,8,NaN
5,3,8,0.05295374443847441
8,0,8,0.9765115209633303
6,2,8,0.991808263676121
3,5,8,0.8617097556108892
5,3,8,0.9878783089141087
7,1,8,0.08115644780417555
4,4,8,NaN
4,4,8,NaN
7,1,8,NaN
3,5,8,0.035426555649218226
7,1,8,0.2770589453938832
5,3,8,0.962032138983051
4,4,8,0.6629394266610144
7,1,8,0.5484987183721639
7,1,8,0.11876336377092768
6,2,8,0.6632238971162197
1,7,8,0.161264881038212
6,2,8,0.9749834651108517
5,3,8,NaN
5,3,8,0.24299412154726827
4,4,8,0.055110549074995935
6,2,8,0.2770589453938832
5,3,8,0.045946027748132785
4,4,8,0.7439154008202187
8,0,8,0.8617097556108892
3,5,8,0.9534911290835386
6,2,8,0.8418168267177661
7,1,8,0.8949950374154003
7,1,8,0.9407314488316132
6,2,8,0.1930009496256104
6,2,8,0.568830638405531
4,4,8,0.2770589453938832
8,0,8,0.8323192744655723
5,3,8,NaN
4,4,8,NaN
7,1,8,NaN
7,1,8,NaN
8,0,8,0.9690207992381747
7,1,8,0.22732609633490602
5,3,8,0.013930664919512137
7,1,8,0.39365820288251563
3,5,8,0.0847793359542271
5,3,8,0.6211047067208528
5,3,8,0.9279933298514419
3,5,8,0.5248900706167812
7,1,8,0.007827960273527267
2,6,8,0.8208403125521414
6,2,8,NaN
7,1,8,NaN
6,2,8,NaN
6,2,8,0.060401375535717665
5,3,8,NaN
7,1,8,0.14080710657571024
2,6,8,0.24299412154726827
5,3,8,NaN
7,1,8,0.6211047067208528
5,3,8,0.005919664369755246
2,6,8,NaN
5,3,8,0.7071386268253849
5,3,8,0.9839515160534376
5,3,8,NaN
8,0,8,0.8204795116931126
4,4,8,NaN
6,2,8,NaN
2,6,8,NaN
5,3,8,0.5773495910338519
5,3,8,0.35163936320323114
2,6,8,NaN
6,2,8,0.8617097556108892
3,5,8,NaN
7,1,8,0.9886670302743008
1,7,8,0.08115644780417555
1,7,8,0.24299412154726827
6,2,8,0.8617097556108892
6,2,8,NaN
7,1,8,NaN
6,2,8,NaN
8,0,8,0.47937259529684006
3,5,8,NaN
5,3,8,0.21187913375295056
6,2,8,0.2843709046884738
5,3,8,0.21187913375295056
5,3,8,0.534054961478336
7,1,8,NaN
5,3,8,0.8204795116931126
4,4,8,0.09331494238381467
4,4,8,0.5773495910338519
4,4,8,NaN
3,5,8,0.639385789559539
4,4,8,NaN
1,7,8,0.39365820288251563
5,3,8,0.8949950374154003
7,1,8,NaN
5,3,8,0.534054961478336
6,2,8,0.20406901603537556
6,2,8,NaN
6,2,8,NaN
6,2,8,NaN
5,3,8,NaN
6,2,8,0.5773495910338519
5,3,8,NaN
3,5,8,0.7008553584305408
6,2,8,NaN
6,2,8,NaN
7,1,8,0.24299412154726827
6,2,8,0.534054961478336
6,2,8,0.045946027748132785
6,2,8,NaN
3,5,8,0.922483585895465
8,0,8,0.6211047067208528
5,3,8,0.8719044429579209
5,3,8,0.14291419056102944
5,3,8,NaN
7,1,8,0.8418168267177661
5,3,8,NaN
8,0,8,0.9799588626550771
3,5,8,NaN
6,2,8,0.4389759442456205
4,4,8,0.4869472780660612
6,2,8,NaN
6,2,8,0.8617097556108892
5,3,8,0.7659187175498298
4,4,8,0.013584695640948361
5,3,8,0.9749834651108517
5,3,8,NaN
1,7,8,0.4490972385807598
5,3,8,NaN
2,6,8,NaN
5,3,8,0.8713307588400667
4,4,8,0.10693967980283653
4,4,8,0.161264881038212
6,2,8,0.35163936320323114
6,2,8,0.06405076320807118
8,0,8,NaN
2,6,8,0.9690207992381747
3,5,8,NaN
7,1,8,NaN
3,5,8,0.06058247105517931
6,2,8,0.30728168715621196
8,0,8,0.35285566808868407
7,1,8,NaN
5,3,8,NaN
2,6,8,0.6629394266610144
6,2,8,NaN
7,1,8,0.8791469822960243
6,2,8,0.2770589453938832
6,2,8,0.4480906524750578
7,1,8,0.9799588626550771
7,1,8,0.8204795116931126
7,1,8,0.03025847703180226
5,3,8,NaN
5,3,8,0.16895246271802677
6,2,8,NaN
8,0,8,NaN
7,1,8,NaN
5,3,8,0.39365820288251563
5,3,8,0.4363123380656674
7,1,8,0.7943141978951035
5,3,8,0.007827960273527267
2,6,8,0.06988872661807305
5,3,8,0.4869472780660612
5,3,8,NaN
7,1,8,0.12196444410581492
7,1,8,0.8204795116931126
8,0,8,0.4389759442456205
3,5,8,NaN
8,0,8,0.922483585895465
8,0,8,0.21187913375295056
5,3,8,0.17187554928029022
3,5,8,NaN
6,2,8,0.7659187175498298
8,0,8,NaN
6,2,8,0.3864896500598819
5,3,8,0.8418168267177661
6,2,8,0.962032138983051
4,4,8,0.8791469822960243
4,4,8,0.6629394266610144
6,2,8,0.4869472780660612
7,1,8,0.45592239203280516
8,0,8,NaN
7,1,8,0.7659187175498298
6,2,8,NaN
4,4,8,0.34611245439307464
4,4,8,NaN
5,3,8,0.7659187175498298
8,0,8,0.7970650442331396
6,2,8,NaN
5,3,8,0.4389759442456205
5,3,8,0.9444012070806406
8,0,8,0.7008553584305408
5,3,8,NaN
7,1,8,0.5773495910338519
2,6,8,NaN
7,1,8,NaN
7,1,8,0.5773495910338519
8,0,8,NaN
8,0,8,NaN
7,1,8,0.8429547747930012
6,2,8,0.7008553584305408
7,1,8,0.9534911290835386
5,3,8,0.6629394266610144
6,2,8,0.2770589453938832
7,1,8,NaN
5,3,8,0.011984134957195625
6,2,8,NaN
6,2,8,NaN
4,4,8,0.45843276736150657
6,2,8,NaN
5,3,8,0.9994978448196823
5,3,8,0.32460262126973083
7,1,8,0.6211047067208528
4,4,8,NaN
7,1,8,NaN
5,3,8,NaN
7,1,8,NaN
5,3,8,0.15191283118105345
7,1,8,0.9451172734378421
7,1,8,NaN
3,5,8,0.6211047067208528
7,1,8,0.06510310047195925
4,4,8,0.2770589453938832
2,6,8,0.4869472780660612
4,4,8,0.8204795116931126
4,4,8,0.17194159580635393
3,5,8,0.35163936320323114
5,3,8,0.10644627622097674
6,2,8,0.6629394266610144
3,5,8,0.09331494238381467
4,4,8,0.39365820288251563
4,4,8,0.4581299951219079
6,2,8,NaN
5,3,8,NaN
5,3,8,NaN
7,1,8,0.39365820288251563
5,3,8,NaN
6,2,8,0.6624664906720489
6,2,8,0.9799588626550771
6,2,8,0.8204795116931126
4,4,8,0.24299412154726827
6,2,8,0.7008553584305408
4,4,8,NaN
5,3,8,0.7008553584305408
7,1,8,0.3731896981369198
4,4,8,NaN
6,2,8,0.013595179396091573
7,1,8,0.0001947440774858369
3,5,8,0.17200256060949295
5,3,8,0.8791469822960243
5,3,8,NaN
6,2,8,NaN
3,5,8,0.534054961478336
4,4,8,0.28748676534225376
7,1,8,0.3873151736542395
4,4,8,0.06988872661807305
3,5,8,0.3244150640744724
5,3,8,0.6211047067208528
6,2,8,3.203268596208376e-5
5,3,8,0.04609631651356508
5,3,8,0.6629394266610144
7,1,8,0.9799588626550771
5,3,8,0.03973270879120916
6,2,8,0.6611128426212204
7,1,8,0.18561760226461765
6,2,8,0.2770589453938832
7,1,8,0.7105304349768338
6,2,8,0.1260589098706651
7,1,8,0.29769997582315744
5,3,8,0.15238438516697575
8,0,8,NaN
7,1,8,NaN
6,2,8,NaN
8,0,8,0.21187913375295056
6,2,8,0.9550421159677569
5,3,8,NaN
4,4,8,NaN
6,2,8,0.35163936320323114
3,5,8,0.751997803097459
5,3,8,0.2770589453938832
7,1,8,0.4389759442456205
6,2,8,NaN
6,2,8,0.03025847703180226
4,4,8,NaN
6,2,8,0.24299412154726827
5,3,8,0.05014307186825348
6,2,8,NaN
8,0,8,NaN
2,6,8,0.2398738980684118
6,2,8,0.7521229909408121
8,0,8,0.7351022872357142
5,3,8,NaN
3,5,8,0.2465927996221587
8,0,8,0.7688414307948117
6,2,8,0.35163936320323114
3,5,8,0.09067544150263404
4,4,8,0.10905243537057872
7,1,8,NaN
5,3,8,0.534054961478336
2,6,8,0.9336743037628588
6,2,8,NaN
6,2,8,NaN
3,5,8,0.016352394412106192
4,4,8,0.33444683265217007
3,5,8,0.8204795116931126
5,3,8,0.09849346219273558
5,3,8,NaN
6,2,8,0.5963682346289482
5,3,8,0.922483585895465
1,7,8,NaN
7,1,8,NaN
3,5,8,0.21187913375295056
2,6,8,NaN
4,4,8,0.5507265523638527
5,3,8,0.06147081611628614
2,6,8,0.24299412154726827
5,3,8,0.8188404145668523
4,4,8,0.7659187175498298
6,2,8,0.8617097556108892
7,1,8,0.8949950374154003
8,0,8,0.3421012301130988
7,1,8,0.4869472780660612
8,0,8,NaN
5,3,8,0.3835837183729149
5,3,8,0.8356882282293647
4,4,8,0.9097889372969507
7,1,8,0.004845663410129505
5,3,8,0.684461764744727
3,5,8,0.045946027748132785
4,4,8,NaN
7,1,8,0.8617097556108892
6,2,8,NaN
1,7,8,NaN
7,1,8,0.39365820288251563
5,3,8,0.1403175327529739
6,2,8,0.06988872661807305
6,2,8,0.962032138983051
4,4,8,NaN
6,2,8,0.9336743037628588
6,2,8,0.0661330024587312
3,5,8,0.14080710657571024
5,3,8,0.2513703272219594
4,4,8,0.021673359028872418
8,0,8,0.3147278493122561
6,2,8,0.5773495910338519
5,3,8,NaN
4,4,8,0.161264881038212
6,2,8,NaN
8,0,8,NaN
4,4,8,0.4414500073101229
7,1,8,NaN
6,2,8,0.07560651198299144
6,2,8,0.5209026929169104
8,0,8,0.6629394266610144
7,1,8,NaN
4,4,8,NaN
5,3,8,NaN
5,3,8,NaN
7,1,8,NaN
8,0,8,NaN
4,4,8,0.13489141181826483
3,5,8,NaN
7,1,8,0.6716678372530487
3,5,8,0.7008553584305408
5,3,8,NaN
4,4,8,0.31603071707292774
7,1,8,0.5773495910338519
6,2,8,0.534054961478336
6,2,8,0.8791469822960243
7,1,8,0.09705052906618594
5,3,8,0.7351022872357142
6,2,8,0.35163936320323114
4,4,8,0.09331494238381467
3,5,8,0.6211047067208528
7,1,8,NaN
6,2,8,NaN
6,2,8,NaN
4,4,8,0.31446254865538825
6,2,8,NaN
3,5,8,NaN
1,7,8,0.09331494238381467
4,4,8,0.3147278493122561
6,2,8,0.9941692455764074
5,3,8,NaN
8,0,8,0.4869472780660612
7,1,8,NaN
4,4,8,0.14785529766489494
8,0,8,0.09331494238381467
4,4,8,NaN
6,2,8,NaN
2,6,8,0.6172258058419916
1,7,8,NaN
6,2,8,0.39365820288251563
7,1,8,0.534054961478336
7,1,8,0.3147278493122561
2,6,8,0.40065544725367075
7,1,8,0.3128640424032511
3,5,8,NaN
3,5,8,NaN
6,2,8,NaN
2,6,8,NaN
6,2,8,0.6629394266610144
4,4,8,0.16465187806228962
2,6,8,0.133725605714702
6,2,8,0.3103570680766021
3,5,8,0.03468779084967369
2,6,8,0.06988872661807305
5,3,8,0.12837148805405216
3,5,8,NaN
5,3,8,0.7659187175498298
5,3,8,0.534054961478336
6,2,8,0.39365820288251563
5,3,8,0.06058247105517931
5,3,8,0.8418168267177661
7,1,8,0.534054961478336
5,3,8,NaN
7,1,8,NaN
5,3,8,0.4869472780660612
5,3,8,0.18561760226461765
2,6,8,NaN
7,1,8,0.8692421113644985
3,5,8,0.03468779084967369
7,1,8,0.7659187175498298
6,2,8,NaN
4,4,8,NaN
6,2,8,0.35163936320323114
6,2,8,0.09331494238381467
8,0,8,NaN
6,2,8,0.6211047067208528
6,2,8,NaN
6,2,8,NaN
5,3,8,0.06147081611628614
5,3,8,NaN
4,4,8,NaN
3,5,8,0.9097889372969507
6,2,8,0.4389759442456205
8,0,8,0.8617097556108892
6,2,8,0.5773495910338519
5,3,8,0.062282276466880906
4,4,8,NaN
6,2,8,0.14080710657571024
6,2,8,NaN
5,3,8,0.0005358867667097031
5,3,8,NaN
4,4,8,NaN
4,4,8,1.0161118979206331e-8
4,4,8,NaN
8,0,8,NaN
5,3,8,0.24299412154726827
8,0,8,NaN
7,1,8,0.534054961478336
5,3,8,NaN
7,1,8,NaN
4,4,8,NaN
6,2,8,0.0034487348084146765
3,5,8,0.7659187175498298
4,4,8,NaN
4,4,8,0.534054961478336
6,2,8,0.7008553584305408
5,3,8,0.7943141978951035
4,4,8,0.09331494238381467
8,0,8,0.962032138983051
6,2,8,NaN
4,4,8,0.6211047067208528
4,4,8,0.7351022872357142
6,2,8,0.5773495910338519
3,5,8,0.7478500924108313
8,0,8,NaN
4,4,8,0.18561760226461765
8,0,8,NaN
3,5,8,NaN
7,1,8,NaN
5,3,8,0.5773495910338519
5,3,8,NaN
8,0,8,NaN
3,5,8,0.07041803706521456
3,5,8,NaN
5,3,8,NaN
6,2,8,0.99604904991201
3,5,8,0.534054961478336
5,3,8,NaN
4,4,8,NaN
8,0,8,0.35163936320323114
4,4,8,NaN
4,4,8,0.9444012070806406
7,1,8,0.36959257766905407
7,1,8,0.0735625739099231
5,3,8,NaN
4,4,8,0.4389759442456205
4,4,8,NaN
6,2,8,0.9097889372969507
2,6,8,0.16465187806228962
7,1,8,0.7659187175498298
2,6,8,0.9534911290835386
4,4,8,0.05014307186825348
3,5,8,0.4389759442456205
7,1,8,0.03973270879120916
7,1,8,NaN
8,0,8,0.7351022872357142
3,5,8,NaN
4,4,8,0.9642310265787069
4,4,8,0.7351022872357142
5,3,8,0.922483585895465
7,1,8,0.7351022872357142
6,2,8,0.16546001606710722
6,2,8,NaN
5,3,8,0.4869472780660612
5,3,8,0.4869472780660612
5,3,8,0.4389759442456205
6,2,8,0.06267783839664286
5,3,8,0.011147199929812897
2,6,8,0.05295374443847441
2,6,8,0.8949950374154003
6,2,8,0.06058247105517931
3,5,8,0.002253379094603625
6,2,8,NaN
5,3,8,NaN
6,2,8,NaN
6,2,8,NaN
2,6,8,0.7943141978951035
7,1,8,0.06988872661807305
3,5,8,0.6629394266610144
4,4,8,0.16440674566436028
5,3,8,0.10446138696323905
4,4,8,NaN
8,0,8,0.7659187175498298
8,0,8,NaN
2,6,8,NaN
6,2,8,0.2770589453938832
6,2,8,0.4869472780660612
6,2,8,NaN
2,6,8,NaN
6,2,8,0.02046990527508719
6,2,8,NaN
2,6,8,NaN
4,4,8,NaN
4,4,8,7.294619541413732e-5
7,1,8,NaN
4,4,8,0.3856005944267108
5,3,8,0.8791469822960243
3,5,8,0.07266853385711883
6,2,8,0.06250531847802236
4,4,8,0.583929127406625
4,4,8,0.9534911290835386
5,3,8,NaN
5,3,8,NaN
6,2,8,0.161264881038212
4,4,8,NaN
4,4,8,0.39365820288251563
6,2,8,NaN
6,2,8,0.4349598562938944
3,5,8,0.0070674882934371065
7,1,8,0.5154727415284115
4,4,8,0.3069014237436868
8,0,8,NaN
4,4,8,0.5299817961731534
7,1,8,NaN
5,3,8,0.8869491384758869
8,0,8,0.09331494238381467
6,2,8,NaN
6,2,8,0.431362935747785
2,6,8,NaN
4,4,8,0.8617097556108892
3,5,8,0.0005358867667097031
6,2,8,0.2595985497523925
1,7,8,0.14080710657571024
2,6,8,0.24299412154726827
4,4,8,NaN
7,1,8,0.7943141978951035
6,2,8,0.6007604360598002
7,1,8,0.7943141978951035
2,6,8,0.922483585895465
5,3,8,0.5643125829609805
5,3,8,0.06988872661807305
3,5,8,0.3147278493122561
4,4,8,NaN
1,7,8,NaN
4,4,8,0.10644627622097674
5,3,8,NaN
7,1,8,0.4869472780660612
4,4,8,0.2770589453938832
4,4,8,NaN
3,5,8,0.534054961478336
4,4,8,0.24299412154726827
4,4,8,NaN
5,3,8,0.9336743037628588
4,4,8,0.161264881038212
4,4,8,0.4389759442456205
5,3,8,0.18561760226461765
1,7,8,0.7351022872357142
6,2,8,0.09911483541077327
3,5,8,0.991808263676121
5,3,8,0.3056309946139333
3,5,8,0.6300830591603114
5,3,8,NaN
6,2,8,NaN
5,3,8,NaN
3,5,8,NaN
4,4,8,NaN
4,4,8,0.5773495910338519
8,0,8,0.9602332155856014
6,2,8,0.05295374443847441
6,2,8,0.7659187175498298
7,1,8,0.5773495910338519
6,2,8,0.9886670302743008
4,4,8,0.06058247105517931
4,4,8,0.12046913446977732
4,4,8,NaN
3,5,8,NaN
7,1,8,0.6685748226297303
3,5,8,NaN
1,7,8,0.8204795116931126
3,5,8,NaN
8,0,8,NaN
5,3,8,NaN
3,5,8,NaN
4,4,8,0.6280396894785539
3,5,8,0.05334368409114646
6,2,8,0.6300830591603114
7,1,8,0.8292708761562664
2,6,8,NaN
5,3,8,0.0023693584098049537
7,1,8,0.09331494238381467
3,5,8,NaN
6,2,8,0.8949950374154003
4,4,8,NaN
7,1,8,0.6211047067208528
4,4,8,NaN
3,5,8,NaN
5,3,8,0.8949950374154003
8,0,8,NaN
4,4,8,0.21187913375295056
4,4,8,NaN
5,3,8,0.6629394266610144
5,3,8,0.9690207992381747
5,3,8,3.4618815488230554e-6
4,4,8,NaN
6,2,8,0.8984129258665468
6,2,8,NaN
3,5,8,0.005038566103179246
2,6,8,0.2770589453938832
4,4,8,NaN
2,6,8,0.8204795116931126
3,5,8,0.019582362947367808
2,6,8,0.05295374443847441
2,6,8,0.8949950374154003
5,3,8,NaN
3,5,8,0.4869472780660612
8,0,8,NaN
6,2,8,NaN
2,6,8,0.018251152795262952
4,4,8,NaN
5,3,8,0.2770589453938832
4,4,8,NaN
6,2,8,0.534054961478336
7,1,8,0.011625908468073121
5,3,8,NaN
6,2,8,NaN
5,3,8,NaN
6,2,8,0.43903681937808225
3,5,8,0.10644627622097674
3,5,8,0.9534911290835386
2,6,8,NaN
4,4,8,0.5773495910338519
1,7,8,0.734929388314828
2,6,8,0.922483585895465
2,6,8,0.15626462291908416
8,0,8,0.4869472780660612
1,7,8,0.9534911290835386
1,7,8,0.10644627622097674
4,4,8,2.563641070331949e-7
5,3,8,NaN
3,5,8,0.009708197960407164
4,4,8,0.7659187175498298
4,4,8,NaN
6,2,8,NaN
2,6,8,NaN
2,6,8,0.003976959995911901
1,7,8,0.08115644780417555
8,0,8,NaN
2,6,8,NaN
5,3,8,NaN
2,6,8,0.2770589453938832
6,2,8,0.39365820288251563
4,4,8,0.8457876894815015
3,5,8,0.21187913375295056
7,1,8,NaN
2,6,8,NaN
5,3,8,0.013595179396091573
3,5,8,0.7008553584305408
3,5,8,NaN
3,5,8,NaN
4,4,8,NaN
4,4,8,0.6211047067208528
4,4,8,0.8418168267177661
1,7,8,NaN
5,3,8,0.09331494238381467
1,7,8,NaN
4,4,8,0.8101541009798807
5,3,8,0.8949950374154003
2,6,8,0.4389759442456205
3,5,8,0.09331494238381467
4,4,8,NaN
6,2,8,0.3147278493122561
5,3,8,NaN
4,4,8,NaN
4,4,8,NaN
2,6,8,0.8366978560601825
6,2,8,NaN
2,6,8,0.5678080179144097
2,6,8,0.045946027748132785
4,4,8,0.06469865292014125
5,3,8,NaN
3,5,8,NaN
6,2,8,0.35163936320323114
4,4,8,NaN
1,7,8,NaN
4,4,8,NaN
4,4,8,NaN
2,6,8,0.9306374203613786
2,6,8,0.6211047067208528
5,3,8,0.8791469822960243
2,6,8,0.20419713508934273
3,5,8,NaN
3,5,8,0.9799588626550771
2,6,8,NaN
5,3,8,0.24299412154726827
4,4,8,0.9749834651108517
4,4,8,0.6172258058419916
5,3,8,NaN
2,6,8,0.12196444410581492
3,5,8,NaN
4,4,8,0.6211047067208528
1,7,8,NaN
2,6,8,0.10898313441714713
5,3,8,0.5773495910338519
2,6,8,NaN
2,6,8,0.8617097556108892
5,3,8,0.8281470796777857
2,6,8,0.161264881038212
3,5,8,NaN
1,7,8,0.14080710657571024
3,5,8,0.35163936320323114
1,7,8,0.21187913375295056
4,4,8,1.3725240889609205e-7
3,5,8,0.8791469822960243
2,6,8,0.5846310885929272
8,0,8,0.3147278493122561
2,6,8,0.09705052906618594
1,7,8,0.161264881038212
1,7,8,0.30728168715621196
1,7,8,0.5447104390716195
3,5,8,0.9336743037628588
3,5,8,0.8949950374154003
1,7,8,0.8791469822960243
2,6,8,0.14080710657571024
2,6,8,NaN
3,5,8,0.4869472780660612
4,4,8,0.9336743037628588
2,6,8,NaN
2,6,8,0.782106310717001
8,0,8,NaN
1,7,8,0.6061458532812007
1,7,8,NaN
3,5,8,0.14080710657571024
4,4,8,0.7008553584305408
1,7,8,0.583929127406625
1,7,8,0.46700742878621543
2,6,8,0.962032138983051
2,6,8,NaN
1,7,8,0.0005358867667097031
1,7,8,NaN
1,7,8,0.8204795116931126
1,7,8,0.013595179396091573
1,7,8,0.05295374443847441
1,7,8,0.35163936320323114
0,8,8,NaN
0,8,8,NaN
0,8,8,0.2390838094044801
0,8,8,0.5773495910338519
0,8,8,0.24299412154726827
0,8,8,0.6211047067208528
0,8,8,NaN
0,8,8,0.6629394266610144
0,8,8,NaN
0,8,8,0.10405898825183996
7,0,7,0.161264881038212
5,2,7,0.922483585895465
5,2,7,NaN
7,0,7,NaN
5,2,7,0.5773495910338519
6,1,7,NaN
4,3,7,0.7008553584305408
5,2,7,0.6211047067208528
7,0,7,0.534054961478336
5,2,7,NaN
4,3,7,NaN
5,2,7,0.06058247105517931
4,3,7,0.161264881038212
4,3,7,0.5299817961731534
7,0,7,NaN
7,0,7,NaN
4,3,7,0.18105140517963306
7,0,7,0.045946027748132785
6,1,7,0.35163936320323114
5,2,7,0.8204795116931126
2,5,7,0.03468779084967369
5,2,7,0.7351022872357142
6,1,7,0.18561760226461765
3,4,7,0.8617097556108892
6,1,7,NaN
5,2,7,NaN
7,0,7,0.6629394266610144
5,2,7,0.4869472780660612
3,4,7,0.03468779084967369
4,3,7,0.922483585895465
6,1,7,NaN
6,1,7,NaN
4,3,7,NaN
4,3,7,NaN
6,1,7,0.05589840063741304
6,1,7,0.5773495910338519
4,3,7,0.35163936320323114
4,3,7,0.9215971040081024
2,5,7,NaN
6,1,7,NaN
5,2,7,NaN
7,0,7,NaN
7,0,7,0.18561760226461765
7,0,7,0.4869472780660612
5,2,7,NaN
4,3,7,NaN
3,4,7,0.6629394266610144
4,3,7,0.003442105670104662
6,1,7,4.080818808595234e-5
4,3,7,0.18561760226461765
5,2,7,0.35163936320323114
5,2,7,0.12196444410581492
5,2,7,NaN
7,0,7,NaN
3,4,7,NaN
4,3,7,NaN
5,2,7,0.5773495910338519
6,1,7,0.8949950374154003
7,0,7,0.18572758162125355
3,4,7,NaN
2,5,7,0.3334971791483855
7,0,7,NaN
4,3,7,NaN
6,1,7,NaN
5,2,7,0.2770589453938832
5,2,7,0.39365820288251563
6,1,7,0.04470578578971025
7,0,7,0.6211047067208528
5,2,7,NaN
6,1,7,NaN
6,1,7,0.8298958521248574
5,2,7,0.14080710657571024
7,0,7,0.4869472780660612
4,3,7,NaN
5,2,7,0.922483585895465
5,2,7,0.06058247105517931
6,1,7,0.35163936320323114
6,1,7,0.6211047067208528
5,2,7,0.016352394412106192
5,2,7,NaN
5,2,7,0.9336743037628588
7,0,7,NaN
2,5,7,NaN
5,2,7,0.922483585895465
7,0,7,0.9534911290835386
4,3,7,NaN
7,0,7,NaN
5,2,7,NaN
3,4,7,0.7008553584305408
7,0,7,0.4778571112622411
7,0,7,NaN
5,2,7,NaN
4,3,7,0.9941692455764074
7,0,7,0.7473970725118168
4,3,7,0.8067190097076409
5,2,7,0.7498859114658882
7,0,7,0.816738983830167
5,2,7,NaN
5,2,7,0.03468779084967369
6,1,7,0.08750608534809384
7,0,7,0.7943141978951035
4,3,7,NaN
4,3,7,NaN
5,2,7,0.08115644780417555
7,0,7,0.7351022872357142
7,0,7,0.6211047067208528
4,3,7,0.6629394266610144
7,0,7,NaN
7,0,7,NaN
6,1,7,NaN
6,1,7,0.5773495910338519
7,0,7,0.4389759442456205
5,2,7,NaN
6,1,7,0.35163936320323114
4,3,7,0.7659187175498298
6,1,7,NaN
3,4,7,NaN
6,1,7,0.3916613326839527
5,2,7,0.8949950374154003
4,3,7,0.39365820288251563
6,1,7,NaN
5,2,7,0.006010435936930229
5,2,7,NaN
7,0,7,0.8791469822960243
6,1,7,0.7097890989379574
6,1,7,NaN
5,2,7,0.9534911290835386
4,3,7,0.3804720533963857
4,3,7,0.534054961478336
5,2,7,0.21187913375295056
5,2,7,0.05295374443847441
5,2,7,0.03468779084967369
5,2,7,0.045946027748132785
7,0,7,NaN
6,1,7,NaN
2,5,7,0.39365820288251563
6,1,7,0.7351022872357142
7,0,7,0.21187913375295056
4,3,7,NaN
3,4,7,NaN
5,2,7,NaN
7,0,7,NaN
7,0,7,NaN
5,2,7,NaN
5,2,7,0.7739734049993346
7,0,7,NaN
4,3,7,NaN
4,3,7,NaN
4,3,7,0.9886670302743008
6,1,7,NaN
7,0,7,0.7659187175498298
5,2,7,NaN
5,2,7,0.7659187175498298
6,1,7,NaN
6,1,7,0.04470578578971025
7,0,7,0.4389759442456205
7,0,7,NaN
5,2,7,0.6658057144228062
7,0,7,0.8154385829807279
6,1,7,NaN
7,0,7,0.45885943191873046
3,4,7,NaN
6,1,7,0.03468779084967369
4,3,7,0.534054961478336
3,4,7,0.9444012070806406
6,1,7,NaN
5,2,7,NaN
3,4,7,NaN
5,2,7,0.6629394266610144
7,0,7,0.8418168267177661
7,0,7,0.6753958513502701
5,2,7,NaN
3,4,7,0.0019575942924920132
6,1,7,0.30728168715621196
4,3,7,0.022641636257990223
7,0,7,0.8791469822960243
7,0,7,0.8368151104128719
7,0,7,NaN
5,2,7,0.9444012070806406
4,3,7,0.2228747875940001
4,3,7,NaN
6,1,7,NaN
7,0,7,0.3250909399818681
6,1,7,0.009708197960407164
5,2,7,NaN
7,0,7,NaN
7,0,7,0.0027942136115787384
4,3,7,0.062282276466880906
4,3,7,0.06058247105517931
6,1,7,0.39365820288251563
6,1,7,NaN
7,0,7,0.8401554683949418
4,3,7,0.20493012970001898
6,1,7,0.3147278493122561
6,1,7,0.016352394412106192
5,2,7,NaN
5,2,7,0.35163936320323114
5,2,7,0.4869472780660612
7,0,7,0.7351022872357142
6,1,7,0.35163936320323114
3,4,7,0.963171029085636
5,2,7,NaN
5,2,7,0.6211047067208528
5,2,7,0.4389759442456205
7,0,7,NaN
3,4,7,0.8418168267177661
6,1,7,NaN
7,0,7,0.029738418947557625
4,3,7,0.7943141978951035
5,2,7,NaN
6,1,7,0.349428066407448
7,0,7,NaN
5,2,7,NaN
7,0,7,NaN
7,0,7,0.4869472780660612
5,2,7,0.014286127916130497
6,1,7,NaN
4,3,7,0.3147278493122561
7,0,7,0.9336743037628588
6,1,7,0.35944974396699086
7,0,7,NaN
7,0,7,NaN
4,3,7,0.35163936320323114
4,3,7,0.24299412154726827
6,1,7,NaN
6,1,7,NaN
7,0,7,NaN
2,5,7,0.12278000882625974
6,1,7,0.6211047067208528
7,0,7,0.21187913375295056
7,0,7,0.5773495910338519
7,0,7,0.02611284212389445
4,3,7,0.0017514481843457991
4,3,7,NaN
7,0,7,NaN
7,0,7,0.6629394266610144
5,2,7,NaN
6,1,7,NaN
4,3,7,NaN
7,0,7,NaN
5,2,7,NaN
6,1,7,0.6629394266610144
4,3,7,NaN
6,1,7,NaN
5,2,7,NaN
5,2,7,NaN
5,2,7,0.6629394266610144
6,1,7,0.018154760567316776
7,0,7,NaN
4,3,7,0.03973270879120916
7,0,7,NaN
7,0,7,0.284957002957702
2,5,7,NaN
7,0,7,0.2636049367013202
5,2,7,NaN
7,0,7,0.05134128926349395
5,2,7,0.19586873389645038
5,2,7,0.18561760226461765
5,2,7,NaN
6,1,7,NaN
6,1,7,0.534054961478336
5,2,7,0.7008553584305408
6,1,7,0.6211047067208528
5,2,7,NaN
3,4,7,0.3687833269166532
6,1,7,NaN
3,4,7,NaN
6,1,7,NaN
5,2,7,0.7943141978951035
6,1,7,0.2770589453938832
4,3,7,0.9534911290835386
5,2,7,0.3147278493122561
6,1,7,0.00022835371433179596
7,0,7,NaN
4,3,7,0.03468779084967369
6,1,7,0.14982028914859258
7,0,7,0.9845924478014567
5,2,7,NaN
6,1,7,0.03973270879120916
5,2,7,0.7943141978951035
5,2,7,NaN
5,2,7,0.2770589453938832
6,1,7,0.8949950374154003
6,1,7,NaN
6,1,7,0.7278211944730643
7,0,7,NaN
7,0,7,0.5773495910338519
4,3,7,NaN
7,0,7,0.7304243117157099
7,0,7,0.24299412154726827
4,3,7,0.2657263942775982
6,1,7,0.8204795116931126
4,3,7,NaN
6,1,7,0.63524945006711
5,2,7,NaN
7,0,7,NaN
7,0,7,0.2770589453938832
7,0,7,0.922483585895465
3,4,7,NaN
4,3,7,NaN
6,1,7,NaN
5,2,7,0.5773495910338519
7,0,7,NaN
6,1,7,0.6629394266610144
6,1,7,0.7659187175498298
4,3,7,NaN
3,4,7,NaN
6,1,7,NaN
6,1,7,NaN
5,2,7,0.14551437756673102
6,1,7,NaN
5,2,7,0.05624989453640237
6,1,7,0.7351022872357142
5,2,7,NaN
7,0,7,NaN
6,1,7,0.9336743037628588
6,1,7,0.5961306919957771
4,3,7,0.9534911290835386
6,1,7,NaN
5,2,7,0.14080710657571024
7,0,7,NaN
4,3,7,NaN
4,3,7,0.5773495910338519
7,0,7,0.8791469822960243
5,2,7,NaN
5,2,7,0.9845924478014567
6,1,7,NaN
5,2,7,0.9849837272910308
5,2,7,NaN
3,4,7,0.011625908468073121
4,3,7,0.45885943191873046
4,3,7,0.8791469822960243
6,1,7,NaN
5,2,7,0.161264881038212
7,0,7,0.39365820288251563
6,1,7,NaN
4,3,7,0.7659187175498298
5,2,7,1.6250469779950612e-6
7,0,7,NaN
7,0,7,0.21187913375295056
5,2,7,0.15135508618465984
6,1,7,0.24299412154726827
5,2,7,0.4389759442456205
5,2,7,0.8617097556108892
5,2,7,0.39365820288251563
7,0,7,0.4584457217856004
5,2,7,0.8418168267177661
4,3,7,0.9215971040081024
7,0,7,NaN
4,3,7,0.4830347577182527
2,5,7,NaN
6,1,7,0.1754050042689648
3,4,7,0.06058247105517931
3,4,7,NaN
5,2,7,0.8949950374154003
6,1,7,NaN
6,1,7,0.7351022872357142
6,1,7,NaN
6,1,7,NaN
7,0,7,NaN
6,1,7,NaN
2,5,7,0.3147278493122561
6,1,7,0.02329627184585329
6,1,7,0.3147278493122561
3,4,7,NaN
5,2,7,NaN
4,3,7,0.4869472780660612
6,1,7,0.06058247105517931
6,1,7,NaN
5,2,7,0.5773495910338519
5,2,7,0.8580628232871113
7,0,7,0.8617097556108892
7,0,7,NaN
6,1,7,0.7943141978951035
5,2,7,0.9534911290835386
7,0,7,0.4389759442456205
6,1,7,0.06988872661807305
6,1,7,0.6211047067208528
6,1,7,NaN
7,0,7,NaN
6,1,7,NaN
6,1,7,NaN
6,1,7,0.4869472780660612
5,2,7,NaN
4,3,7,0.9444012070806406
6,1,7,NaN
3,4,7,0.5148784091775228
7,0,7,0.7008553584305408
2,5,7,0.2770589453938832
6,1,7,0.08115644780417555
5,2,7,0.5624100504369717
3,4,7,0.2770589453938832
7,0,7,0.7008553584305408
4,3,7,0.8617097556108892
6,1,7,0.18561760226461765
6,1,7,0.7659187175498298
5,2,7,NaN
5,2,7,0.7943141978951035
5,2,7,0.8734519849996528
6,1,7,0.12196444410581492
6,1,7,NaN
6,1,7,0.24299412154726827
4,3,7,0.39365820288251563
7,0,7,NaN
7,0,7,0.026276295154686692
2,5,7,0.1801733039617586
7,0,7,0.21187913375295056
3,4,7,NaN
5,2,7,NaN
4,3,7,NaN
6,1,7,0.08115644780417555
7,0,7,0.21187913375295056
5,2,7,0.9097889372969507
6,1,7,0.06988872661807305
4,3,7,NaN
3,4,7,0.06988872661807305
6,1,7,0.4869472780660612
2,5,7,0.39365820288251563
5,2,7,NaN
6,1,7,NaN
6,1,7,0.09331494238381467
4,3,7,0.6629394266610144
7,0,7,NaN
6,1,7,0.21187913375295056
6,1,7,0.7008553584305408
2,5,7,NaN
5,2,7,0.3147278493122561
5,2,7,0.534054961478336
7,0,7,NaN
6,1,7,0.5773495910338519
6,1,7,NaN
5,2,7,0.22663646407110755
4,3,7,0.9097889372969507
5,2,7,0.18561760226461765
4,3,7,NaN
7,0,7,0.5624100504369717
6,1,7,NaN
7,0,7,0.015739357409861005
3,4,7,NaN
5,2,7,NaN
4,3,7,0.4133736700629599
4,3,7,NaN
6,1,7,0.14080710657571024
4,3,7,0.35163936320323114
5,2,7,NaN
4,3,7,0.050489193846061604
4,3,7,NaN
5,2,7,0.9336743037628588
7,0,7,3.8187349603389065e-6
7,0,7,0.161264881038212
5,2,7,0.19617172807996452
3,4,7,0.4869472780660612
6,1,7,0.7351022872357142
4,3,7,0.06952250037804814
6,1,7,NaN
7,0,7,NaN
3,4,7,NaN
5,2,7,NaN
4,3,7,0.7351022872357142
7,0,7,0.7943141978951035
7,0,7,0.30728168715621196
3,4,7,NaN
7,0,7,NaN
7,0,7,0.35163936320323114
5,2,7,0.31658026978128767
4,3,7,NaN
5,2,7,NaN
5,2,7,0.8418168267177661
6,1,7,0.2235176087258517
5,2,7,0.14080710657571024
3,4,7,NaN
6,1,7,0.8791469822960243
4,3,7,0.8617097556108892
5,2,7,0.7351022872357142
2,5,7,0.6211047067208528
7,0,7,0.6629394266610144
2,5,7,NaN
5,2,7,0.045946027748132785
5,2,7,0.7008553584305408
4,3,7,NaN
3,4,7,0.0004897058830095731
7,0,7,0.5535967328915757
6,1,7,0.8617097556108892
7,0,7,0.9534911290835386
4,3,7,0.5773495910338519
7,0,7,NaN
5,2,7,NaN
5,2,7,0.4389759442456205
4,3,7,NaN
5,2,7,0.9336743037628588
6,1,7,0.3952477910987882
6,1,7,NaN
5,2,7,NaN
6,1,7,0.9444012070806406
7,0,7,NaN
4,3,7,NaN
7,0,7,NaN
7,0,7,NaN
7,0,7,NaN
4,3,7,NaN
3,4,7,NaN
6,1,7,0.12196444410581492
4,3,7,0.7008553584305408
6,1,7,NaN
2,5,7,0.04645236434100619
6,1,7,0.2770589453938832
5,2,7,NaN
2,5,7,NaN
4,3,7,0.8791469822960243
6,1,7,NaN
5,2,7,0.47972045904487076
6,1,7,NaN
6,1,7,NaN
5,2,7,0.3147278493122561
4,3,7,0.8791469822960243
5,2,7,NaN
3,4,7,0.8418168267177661
6,1,7,0.9336743037628588
4,3,7,NaN
7,0,7,0.2770589453938832
6,1,7,0.534054961478336
7,0,7,NaN
6,1,7,0.5604352761583669
7,0,7,0.4869472780660612
5,2,7,0.07886416121594382
6,1,7,0.4869472780660612
7,0,7,0.4869472780660612
6,1,7,NaN
6,1,7,0.9886670302743008
5,2,7,0.962032138983051
7,0,7,NaN
7,0,7,NaN
5,2,7,0.24299412154726827
7,0,7,NaN
5,2,7,0.09122473002499032
7,0,7,NaN
5,2,7,0.9749834651108517
7,0,7,0.534054961478336
5,2,7,0.8113104065011121
6,1,7,NaN
6,1,7,0.8975322423117985
6,1,7,0.4087103199755411
5,2,7,0.8215298843666329
6,1,7,NaN
5,2,7,NaN
4,3,7,NaN
4,3,7,NaN
6,1,7,NaN
6,1,7,0.8418168267177661
3,4,7,0.4869472780660612
5,2,7,NaN
5,2,7,NaN
5,2,7,0.7134327616114138
7,0,7,0.7659187175498298
5,2,7,0.09349257514103666
5,2,7,0.161264881038212
5,2,7,NaN
3,4,7,NaN
3,4,7,NaN
7,0,7,NaN
6,1,7,NaN
6,1,7,0.03468779084967369
5,2,7,0.02611284212389445
6,1,7,0.3147278493122561
6,1,7,0.161264881038212
4,3,7,0.09331494238381467
4,3,7,NaN
4,3,7,0.1034706581744726
7,0,7,0.08115644780417555
5,2,7,0.3147278493122561
4,3,7,0.534054961478336
6,1,7,NaN
5,2,7,0.7351022872357142
6,1,7,NaN
5,2,7,0.7659187175498298
4,3,7,0.06988872661807305
5,2,7,0.008913237655113496
5,2,7,NaN
6,1,7,0.6007604360598002
6,1,7,0.36851628543749476
7,0,7,NaN
4,3,7,0.6356728727407805
5,2,7,0.534054961478336
5,2,7,NaN
6,1,7,NaN
6,1,7,0.6629394266610144
3,4,7,0.8234747994998594
7,0,7,NaN
6,1,7,0.7943141978951035
5,2,7,0.12196444410581492
5,2,7,0.2770589453938832
4,3,7,0.011625908468073121
6,1,7,0.15135508618465984
3,4,7,0.06988872661807305
6,1,7,NaN
5,2,7,0.019582362947367808
3,4,7,0.922483585895465
7,0,7,0.8418168267177661
4,3,7,NaN
7,0,7,0.03468779084967369
7,0,7,0.21187913375295056
6,1,7,NaN
4,3,7,0.39365820288251563
5,2,7,NaN
4,3,7,NaN
6,1,7,NaN
6,1,7,NaN
3,4,7,NaN
5,2,7,0.9444012070806406
4,3,7,0.10644627622097674
5,2,7,NaN
3,4,7,NaN
5,2,7,NaN
3,4,7,0.9097889372969507
6,1,7,0.2770589453938832
6,1,7,NaN
6,1,7,NaN
4,3,7,0.28745831257985377
6,1,7,0.9799588626550771
5,2,7,NaN
5,2,7,NaN
4,3,7,0.7659187175498298
7,0,7,NaN
7,0,7,NaN
7,0,7,0.3162831062218368
6,1,7,0.08115644780417555
6,1,7,0.7008553584305408
7,0,7,0.8791469822960243
4,3,7,NaN
4,3,7,NaN
5,2,7,0.001851464381362323
5,2,7,NaN
6,1,7,NaN
5,2,7,0.16347027608388912
4,3,7,NaN
6,1,7,0.21187913375295056
4,3,7,0.006091701711492965
6,1,7,NaN
5,2,7,0.21187913375295056
2,5,7,0.5773495910338519
3,4,7,0.3147278493122561
3,4,7,NaN
4,3,7,0.045946027748132785
6,1,7,0.8949950374154003
5,2,7,0.962032138983051
6,1,7,0.1263440049225468
6,1,7,NaN
4,3,7,0.8791469822960243
4,3,7,0.4869472780660612
4,3,7,0.3410307631692579
4,3,7,0.39365820288251563
5,2,7,0.991808263676121
6,1,7,1.0759156358290086e-5
6,1,7,0.5773495910338519
3,4,7,NaN
7,0,7,NaN
6,1,7,0.161264881038212
6,1,7,0.10446138696323905
5,2,7,NaN
3,4,7,NaN
3,4,7,0.3147278493122561
4,3,7,0.5499434263598094
5,2,7,0.7943141978951035
3,4,7,NaN
6,1,7,0.35163936320323114
7,0,7,0.534054961478336
4,3,7,0.534054961478336
6,1,7,NaN
4,3,7,NaN
5,2,7,0.3274735024882267
5,2,7,NaN
6,1,7,0.6711184188024222
5,2,7,0.4389759442456205
5,2,7,NaN
7,0,7,NaN
6,1,7,0.09331494238381467
7,0,7,0.7008553584305408
5,2,7,0.39365820288251563
7,0,7,0.2484356856098264
4,3,7,0.06058247105517931
2,5,7,NaN
6,1,7,0.8949950374154003
3,4,7,0.8625863529740089
4,3,7,0.21365415163132023
5,2,7,0.7029794519095245
5,2,7,NaN
7,0,7,0.8791469822960243
5,2,7,0.06058247105517931
3,4,7,NaN
4,3,7,0.08115644780417555
2,5,7,NaN
6,1,7,NaN
5,2,7,NaN
6,1,7,0.2770589453938832
4,3,7,0.6991074677560689
3,4,7,0.023478970501129702
6,1,7,NaN
6,1,7,0.20756713020033632
6,1,7,0.9690207992381747
5,2,7,NaN
3,4,7,0.3147278493122561
5,2,7,0.7351022872357142
3,4,7,NaN
7,0,7,0.4389759442456205
5,2,7,0.6122382473913085
2,5,7,0.161264881038212
6,1,7,NaN
7,0,7,0.8418168267177661
4,3,7,NaN
4,3,7,0.5773495910338519
5,2,7,0.5773495910338519
5,2,7,0.14551437756673102
3,4,7,0.026598075258698728
7,0,7,0.9845924478014567
3,4,7,0.8791469822960243
4,3,7,NaN
4,3,7,0.6428348398839941
6,1,7,0.10644627622097674
5,2,7,0.18561760226461765
6,1,7,NaN
5,2,7,0.9097889372969507
7,0,7,0.8617097556108892
6,1,7,0.05295374443847441
6,1,7,0.01795832553843163
6,1,7,0.8220813083458243
6,1,7,0.005951385869807037
4,3,7,NaN
5,2,7,NaN
6,1,7,NaN
5,2,7,0.7943141978951035
5,2,7,NaN
5,2,7,0.7351022872357142
3,4,7,0.9131039566109892
4,3,7,0.35163936320323114
4,3,7,NaN
7,0,7,0.03025847703180226
5,2,7,NaN
7,0,7,0.12196444410581492
5,2,7,NaN
7,0,7,0.0011831206757474115
5,2,7,NaN
5,2,7,0.8949950374154003
3,4,7,0.05014307186825348
4,3,7,0.6629394266610144
7,0,7,0.534054961478336
7,0,7,NaN
4,3,7,0.03025847703180226
4,3,7,0.3727291238064636
6,1,7,0.2770589453938832
6,1,7,0.39365820288251563
7,0,7,0.21187913375295056
4,3,7,0.6629394266610144
7,0,7,NaN
4,3,7,0.21187913375295056
4,3,7,0.8966071114389257
4,3,7,0.023478970501129702
6,1,7,0.7351022872357142
4,3,7,NaN
5,2,7,NaN
6,1,7,NaN
6,1,7,NaN
3,4,7,NaN
5,2,7,0.6629394266610144
5,2,7,0.4869472780660612
4,3,7,0.7008553584305408
6,1,7,0.161264881038212
6,1,7,0.534054961478336
3,4,7,NaN
7,0,7,NaN
7,0,7,0.6211047067208528
3,4,7,NaN
6,1,7,0.35163936320323114
6,1,7,NaN
6,1,7,NaN
6,1,7,0.013595179396091573
5,2,7,0.9336743037628588
6,1,7,NaN
5,2,7,NaN
6,1,7,0.798813986436901
5,2,7,0.39365820288251563
7,0,7,6.341040089922302e-5
4,3,7,NaN
7,0,7,0.9444012070806406
5,2,7,0.999408665347529
4,3,7,0.4869472780660612
6,1,7,0.5773495910338519
4,3,7,0.045946027748132785
2,5,7,NaN
5,2,7,NaN
5,2,7,NaN
4,3,7,NaN
7,0,7,NaN
5,2,7,0.04526568319994569
7,0,7,0.4191313704483155
6,1,7,NaN
6,1,7,0.4869472780660612
5,2,7,0.204756329954101
7,0,7,NaN
7,0,7,0.5299817961731534
6,1,7,0.9342963333029591
5,2,7,0.013595179396091573
5,2,7,0.2611170173684987
3,4,7,0.002144739130434723
4,3,7,NaN
6,1,7,0.4389759442456205
4,3,7,NaN
4,3,7,NaN
5,2,7,NaN
6,1,7,NaN
3,4,7,0.6211047067208528
4,3,7,NaN
5,2,7,0.778139771155509
7,0,7,0.10446138696323905
7,0,7,0.7206370700902589
4,3,7,0.3356648173745397
2,5,7,0.7351022872357142
7,0,7,NaN
3,4,7,NaN
5,2,7,0.8204795116931126
5,2,7,NaN
6,1,7,0.09331494238381467
7,0,7,0.6211047067208528
7,0,7,0.27088523047454494
6,1,7,0.7351022872357142
6,1,7,NaN
4,3,7,0.10644627622097674
5,2,7,0.2770589453938832
6,1,7,0.22136077401529367
5,2,7,NaN
4,3,7,NaN
5,2,7,NaN
6,1,7,NaN
5,2,7,0.8418168267177661
6,1,7,NaN
6,1,7,0.45885943191873046
5,2,7,NaN
7,0,7,NaN
6,1,7,0.9097889372969507
6,1,7,0.08115644780417555
4,3,7,0.2927015896638254
5,2,7,0.161264881038212
4,3,7,NaN
3,4,7,0.6629394266610144
5,2,7,NaN
7,0,7,NaN
4,3,7,0.3422023334915514
4,3,7,0.016352394412106192
5,2,7,0.12196444410581492
5,2,7,NaN
6,1,7,0.009708197960407164
6,1,7,NaN
4,3,7,NaN
7,0,7,NaN
6,1,7,NaN
4,3,7,0.06025742396987681
5,2,7,0.007458179668202838
7,0,7,0.9690207992381747
7,0,7,0.14080710657571024
6,1,7,NaN
5,2,7,0.010210778867209103
7,0,7,0.4389759442456205
7,0,7,NaN
7,0,7,NaN
7,0,7,0.4869472780660612
5,2,7,2.121553252907695e-10
5,2,7,0.03468779084967369
2,5,7,NaN
7,0,7,NaN
5,2,7,NaN
6,1,7,0.05295374443847441
7,0,7,NaN
5,2,7,0.0030230743710346693
3,4,7,NaN
4,3,7,0.12196444410581492
3,4,7,NaN
5,2,7,NaN
4,3,7,0.8719044429579209
6,1,7,0.583929127406625
6,1,7,0.3147278493122561
5,2,7,NaN
4,3,7,NaN
3,4,7,NaN
6,1,7,0.6629394266610144
4,3,7,0.7008553584305408
7,0,7,0.022641636257990223
7,0,7,0.39365820288251563
6,1,7,NaN
4,3,7,0.03025847703180226
7,0,7,NaN
5,2,7,0.7008553584305408
5,2,7,NaN
4,3,7,NaN
3,4,7,NaN
7,0,7,0.09331494238381467
6,1,7,0.001012309772019993
7,0,7,NaN
6,1,7,0.39365820288251563
6,1,7,0.35163936320323114
4,3,7,0.24299412154726827
3,4,7,0.39365820288251563
6,1,7,0.5773495910338519
4,3,7,0.18561760226461765
4,3,7,0.922483585895465
6,1,7,NaN
5,2,7,NaN
5,2,7,0.03025847703180226
6,1,7,0.045946027748132785
7,0,7,0.9097889372969507
6,1,7,NaN
5,2,7,0.7659187175498298
4,3,7,0.4869472780660612
6,1,7,0.14184628934188917
5,2,7,NaN
5,2,7,NaN
4,3,7,NaN
1,6,7,0.4440272192628485
6,1,7,0.8617097556108892
6,1,7,NaN
3,4,7,0.35163936320323114
6,1,7,NaN
6,1,7,NaN
3,4,7,0.6185196902124115
4,3,7,0.5773495910338519
6,1,7,0.534054961478336
5,2,7,NaN
5,2,7,0.3147278493122561
7,0,7,NaN
5,2,7,NaN
7,0,7,0.12196444410581492
6,1,7,0.02611284212389445
5,2,7,NaN
4,3,7,0.7943141978951035
4,3,7,0.3591611343992021
3,4,7,NaN
5,2,7,NaN
5,2,7,NaN
4,3,7,NaN
3,4,7,0.63925054073839
7,0,7,NaN
5,2,7,NaN
3,4,7,0.019582362947367808
5,2,7,0.35163936320323114
7,0,7,0.8418168267177661
6,1,7,NaN
6,1,7,0.0011996180409216096
6,1,7,0.3214762360215206
6,1,7,0.02611284212389445
4,3,7,0.922483585895465
4,3,7,0.18561760226461765
5,2,7,0.001851464381362323
7,0,7,0.8791469822960243
3,4,7,NaN
5,2,7,NaN
3,4,7,0.39365820288251563
6,1,7,NaN
4,3,7,NaN
3,4,7,0.004915283370286111
4,3,7,NaN
5,2,7,0.8418168267177661
6,1,7,NaN
3,4,7,0.2616306301619711
5,2,7,0.534054961478336
3,4,7,0.12196444410581492
5,2,7,0.7351022872357142
7,0,7,0.14192919835673995
6,1,7,NaN
6,1,7,NaN
4,3,7,0.6211047067208528
4,3,7,NaN
5,2,7,0.7943141978951035
6,1,7,0.9097889372969507
3,4,7,0.09331494238381467
4,3,7,0.0010219942212741835
5,2,7,0.21187913375295056
5,2,7,0.011625908468073121
6,1,7,0.37512418658143093
4,3,7,NaN
7,0,7,0.161264881038212
5,2,7,0.24299412154726827
5,2,7,NaN
7,0,7,0.7659187175498298
6,1,7,0.7659187175498298
6,1,7,NaN
6,1,7,0.5040441756161258
6,1,7,NaN
6,1,7,0.14727423741156825
4,3,7,NaN
7,0,7,0.4869472780660612
4,3,7,0.9773376028207867
5,2,7,0.8418168267177661
6,1,7,NaN
6,1,7,0.6348708257531778
7,0,7,0.8791469822960243
7,0,7,NaN
5,2,7,0.962032138983051
6,1,7,NaN
5,2,7,NaN
4,3,7,NaN
6,1,7,0.9097889372969507
7,0,7,0.3591611343992021
5,2,7,NaN
6,1,7,NaN
6,1,7,0.8204795116931126
3,4,7,0.0025953725951964437
4,3,7,0.534054961478336
6,1,7,NaN
5,2,7,0.21187913375295056
5,2,7,0.02611284212389445
7,0,7,0.21187913375295056
1,6,7,0.2770589453938832
4,3,7,0.8928446643299157
5,2,7,NaN
4,3,7,0.39464622595139676
7,0,7,0.31446254865538825
6,1,7,NaN
6,1,7,0.12196444410581492
6,1,7,0.03581178023080249
6,1,7,0.26785662138336597
5,2,7,0.39365820288251563
6,1,7,NaN
5,2,7,0.6211047067208528
3,4,7,0.39365820288251563
6,1,7,0.9444012070806406
6,1,7,0.7008553584305408
7,0,7,NaN
4,3,7,NaN
5,2,7,0.4389759442456205
7,0,7,NaN
7,0,7,NaN
7,0,7,0.534054961478336
5,2,7,NaN
5,2,7,NaN
6,1,7,0.7943141978951035
2,5,7,NaN
5,2,7,NaN
6,1,7,0.4869472780660612
4,3,7,NaN
6,1,7,NaN
5,2,7,0.4869472780660612
4,3,7,NaN
5,2,7,NaN
6,1,7,NaN
4,3,7,0.161264881038212
7,0,7,0.7943141978951035
7,0,7,NaN
5,2,7,0.534054961478336
7,0,7,NaN
4,3,7,0.3147278493122561
5,2,7,0.8418168267177661
5,2,7,NaN
7,0,7,NaN
2,5,7,0.0621516079217303
4,3,7,0.24299412154726827
3,4,7,0.35163936320323114
3,4,7,0.7659187175498298
5,2,7,0.4869472780660612
5,2,7,0.12196444410581492
3,4,7,0.9534911290835386
5,2,7,0.8204795116931126
7,0,7,0.022641636257990223
7,0,7,NaN
5,2,7,NaN
6,1,7,0.7351022872357142
5,2,7,0.3646273337864699
6,1,7,0.6629394266610144
3,4,7,NaN
6,1,7,0.9097889372969507
7,0,7,0.4389759442456205
2,5,7,0.5208172689929056
5,2,7,NaN
6,1,7,0.966379174289979
4,3,7,0.4869472780660612
3,4,7,0.019582362947367808
7,0,7,0.14080710657571024
6,1,7,0.17610913866468453
5,2,7,0.001851464381362323
6,1,7,NaN
7,0,7,NaN
3,4,7,0.8204795116931126
2,5,7,NaN
4,3,7,NaN
5,2,7,NaN
6,1,7,NaN
3,4,7,NaN
4,3,7,0.6211047067208528
6,1,7,NaN
5,2,7,0.4869472780660612
5,2,7,0.011625908468073121
6,1,7,0.21187913375295056
6,1,7,0.3147278493122561
5,2,7,NaN
6,1,7,0.4155822904743798
7,0,7,0.7659187175498298
5,2,7,0.534054961478336
5,2,7,0.161264881038212
6,1,7,0.0008873335546278657
5,2,7,NaN
6,1,7,NaN
6,1,7,0.8204795116931126
6,1,7,0.6211047067208528
5,2,7,0.6211047067208528
6,1,7,0.6211047067208528
7,0,7,0.6211047067208528
6,1,7,NaN
5,2,7,NaN
2,5,7,NaN
5,2,7,0.036411748182285014
5,2,7,0.168013013491237
6,1,7,0.24299412154726827
7,0,7,0.908884201870921
6,1,7,0.7659187175498298
5,2,7,0.39365820288251563
4,3,7,0.7351022872357142
5,2,7,0.0005756562022035418
3,4,7,NaN
6,1,7,0.003963573047821623
6,1,7,0.24299412154726827
3,4,7,0.6211047067208528
4,3,7,0.8949950374154003
4,3,7,0.6629394266610144
3,4,7,0.8204795116931126
2,5,7,NaN
4,3,7,NaN
4,3,7,0.6629394266610144
6,1,7,0.5773495910338519
4,3,7,NaN
5,2,7,NaN
4,3,7,NaN
3,4,7,0.9336743037628588
3,4,7,NaN
6,1,7,NaN
7,0,7,0.02524365772791835
7,0,7,0.8949950374154003
5,2,7,NaN
5,2,7,0.045946027748132785
5,2,7,NaN
4,3,7,0.4674199662468056
4,3,7,0.21187913375295056
2,5,7,NaN
2,5,7,0.14080710657571024
6,1,7,0.023835222550335218
6,1,7,NaN
4,3,7,NaN
5,2,7,0.7008553584305408
5,2,7,0.35163936320323114
5,2,7,NaN
5,2,7,0.09331494238381467
6,1,7,0.7034798908330773
7,0,7,0.161264881038212
4,3,7,NaN
4,3,7,0.7351022872357142
7,0,7,0.6211047067208528
2,5,7,NaN
4,3,7,0.5773495910338519
7,0,7,NaN
6,1,7,NaN
4,3,7,NaN
4,3,7,0.7008553584305408
3,4,7,NaN
5,2,7,0.39365820288251563
7,0,7,0.7659187175498298
6,1,7,NaN
7,0,7,0.14183755091820038
6,1,7,NaN
4,3,7,0.03468779084967369
4,3,7,0.7659187175498298
6,1,7,0.6629394266610144
6,1,7,0.8401554683949418
7,0,7,NaN
5,2,7,NaN
6,1,7,0.9749834651108517
5,2,7,0.5773495910338519
3,4,7,0.4869472780660612
7,0,7,0.06988872661807305
7,0,7,NaN
3,4,7,NaN
3,4,7,0.12196444410581492
7,0,7,NaN
2,5,7,0.24299412154726827
6,1,7,NaN
5,2,7,0.6211047067208528
2,5,7,NaN
4,3,7,0.6629394266610144
6,1,7,NaN
5,2,7,NaN
4,3,7,NaN
5,2,7,0.000242775668795657
2,5,7,0.05295374443847441
6,1,7,0.962032138983051
5,2,7,0.9097889372969507
5,2,7,0.009708197960407164
5,2,7,0.5773495910338519
5,2,7,0.39365820288251563
6,1,7,0.3087511627600609
6,1,7,NaN
6,1,7,0.12196444410581492
3,4,7,NaN
7,0,7,0.5264819891103203
5,2,7,NaN
5,2,7,0.2142396597838168
4,3,7,0.046730280999109336
5,2,7,0.534054961478336
4,3,7,0.21187913375295056
5,2,7,NaN
5,2,7,NaN
6,1,7,0.8418168267177661
5,2,7,0.24299412154726827
6,1,7,0.161264881038212
6,1,7,NaN
5,2,7,0.21187913375295056
6,1,7,0.35163936320323114
6,1,7,0.049222149862570216
6,1,7,0.8139967557273703
4,3,7,0.045946027748132785
5,2,7,0.6629394266610144
7,0,7,NaN
5,2,7,0.4869472780660612
5,2,7,0.5773495910338519
6,1,7,NaN
4,3,7,0.962032138983051
5,2,7,0.06988872661807305
6,1,7,0.6629394266610144
5,2,7,NaN
6,1,7,0.8418168267177661
6,1,7,0.12196444410581492
4,3,7,0.5773495910338519
4,3,7,0.3147278493122561
6,1,7,0.8791469822960243
7,0,7,0.6816983089465296
3,4,7,NaN
7,0,7,0.03973270879120916
4,3,7,0.5826292651157386
6,1,7,NaN
4,3,7,0.534054961478336
3,4,7,0.9991835691603552
5,2,7,0.39365820288251563
6,1,7,NaN
5,2,7,NaN
5,2,7,0.349428066407448
4,3,7,0.12740842049772283
6,1,7,0.7008553584305408
6,1,7,0.20521362905781879
4,3,7,0.3515134308807051
4,3,7,NaN
4,3,7,1.0588162470586031e-5
7,0,7,0.2770589453938832
5,2,7,0.8791469822960243
6,1,7,0.6211047067208528
5,2,7,0.08115644780417555
7,0,7,0.06988872661807305
5,2,7,NaN
7,0,7,NaN
6,1,7,0.07277030002081401
6,1,7,0.02933963209099404
5,2,7,0.14080710657571024
5,2,7,0.004170341766444186
6,1,7,0.3420017061406469
4,3,7,NaN
7,0,7,0.3147278493122561
7,0,7,NaN
4,3,7,NaN
6,1,7,NaN
6,1,7,0.016352394412106192
6,1,7,0.8791469822960243
7,0,7,0.317677561287093
6,1,7,0.7351022872357142
7,0,7,0.2513489220337205
5,2,7,NaN
7,0,7,0.09331494238381467
5,2,7,0.39365820288251563
5,2,7,0.8418168267177661
4,3,7,0.6629394266610144
3,4,7,NaN
5,2,7,0.4869472780660612
5,2,7,0.14536793602824474
3,4,7,0.8418168267177661
7,0,7,NaN
5,2,7,0.4389759442456205
7,0,7,0.9369052698142014
3,4,7,0.05295374443847441
5,2,7,0.3147278493122561
5,2,7,0.9097889372969507
4,3,7,0.21187913375295056
5,2,7,0.8617097556108892
5,2,7,NaN
5,2,7,0.18561760226461765
3,4,7,NaN
4,3,7,0.7351022872357142
5,2,7,0.18561760226461765
5,2,7,0.8949950374154003
5,2,7,NaN
3,4,7,0.39365820288251563
6,1,7,NaN
6,1,7,0.8178713368765808
6,1,7,0.7008553584305408
3,4,7,0.639385789559539
3,4,7,0.21187913375295056
6,1,7,NaN
6,1,7,0.9534911290835386
3,4,7,0.6211047067208528
4,3,7,0.39704602526603777
5,2,7,NaN
5,2,7,0.06988872661807305
5,2,7,NaN
7,0,7,0.6211047067208528
3,4,7,0.7659187175498298
3,4,7,NaN
3,4,7,0.004280193845140511
5,2,7,NaN
6,1,7,NaN
6,1,7,NaN
4,3,7,NaN
6,1,7,NaN
5,2,7,NaN
6,1,7,NaN
7,0,7,0.7351022872357142
6,1,7,NaN
7,0,7,NaN
7,0,7,NaN
5,2,7,0.056550511450094335
3,4,7,0.534054961478336
7,0,7,0.8077002972114956
7,0,7,0.042212456137526354
5,2,7,NaN
6,1,7,0.02611284212389445
7,0,7,0.21187913375295056
3,4,7,NaN
6,1,7,NaN
5,2,7,NaN
6,1,7,0.8087030262807339
6,1,7,NaN
7,0,7,NaN
6,1,7,0.8617097556108892
3,4,7,NaN
7,0,7,NaN
5,2,7,0.9515964626684844
5,2,7,NaN
6,1,7,0.7943141978951035
4,3,7,NaN
5,2,7,NaN
4,3,7,NaN
3,4,7,NaN
3,4,7,0.4389759442456205
5,2,7,NaN
6,1,7,NaN
7,0,7,NaN
6,1,7,0.031166483159488077
6,1,7,NaN
6,1,7,0.39365820288251563
6,1,7,0.06944451794035625
4,3,7,0.8791469822960243
7,0,7,0.6211047067208528
5,2,7,NaN
5,2,7,0.12196444410581492
2,5,7,0.47236296377790177
4,3,7,0.24299412154726827
6,1,7,0.7659187175498298
5,2,7,0.6629394266610144
5,2,7,NaN
5,2,7,NaN
2,5,7,NaN
5,2,7,NaN
7,0,7,0.9336743037628588
4,3,7,0.4869472780660612
7,0,7,NaN
5,2,7,0.8418168267177661
6,1,7,NaN
7,0,7,NaN
7,0,7,NaN
6,1,7,NaN
5,2,7,0.06988872661807305
6,1,7,0.4389759442456205
4,3,7,NaN
7,0,7,0.7008553584305408
5,2,7,NaN
4,3,7,0.06369546435864522
4,3,7,0.4888521781157851
6,1,7,0.7008553584305408
5,2,7,0.4389759442456205
5,2,7,NaN
5,2,7,NaN
4,3,7,0.534054961478336
5,2,7,0.6919028561685525
6,1,7,0.24299412154726827
5,2,7,NaN
5,2,7,NaN
2,5,7,0.06955183960749836
5,2,7,0.6629394266610144
6,1,7,0.7008553584305408
4,3,7,0.2770589453938832
5,2,7,0.7351022872357142
4,3,7,NaN
7,0,7,NaN
1,6,7,0.9097889372969507
3,4,7,0.18561760226461765
5,2,7,NaN
5,2,7,0.002876375286040075
5,2,7,0.534054961478336
3,4,7,NaN
2,5,7,NaN
6,1,7,0.08115644780417555
3,4,7,NaN
3,4,7,NaN
5,2,7,0.2770589453938832
6,1,7,0.7008553584305408
6,1,7,0.12196444410581492
7,0,7,0.5439779729715323
4,3,7,0.4946235533161753
3,4,7,NaN
3,4,7,NaN
6,1,7,0.7991759018541023
6,1,7,NaN
4,3,7,0.21187913375295056
4,3,7,0.20631808178455138
3,4,7,0.8683968928756535
6,1,7,NaN
4,3,7,0.9749834651108517
3,4,7,0.5285446790162517
5,2,7,0.8087030262807339
4,3,7,0.6822038611363767
5,2,7,NaN
7,0,7,NaN
3,4,7,0.9097889372969507
3,4,7,0.08115644780417555
6,1,7,NaN
6,1,7,0.8159623035092564
2,5,7,NaN
4,3,7,0.9799588626550771
6,1,7,0.015678018775019908
3,4,7,0.4389759442456205
5,2,7,0.35163936320323114
5,2,7,NaN
6,1,7,NaN
6,1,7,0.3147278493122561
5,2,7,0.2770589453938832
7,0,7,NaN
7,0,7,0.2770589453938832
4,3,7,0.8204795116931126
6,1,7,NaN
4,3,7,NaN
6,1,7,NaN
4,3,7,0.8418168267177661
5,2,7,NaN
5,2,7,0.7351022872357142
6,1,7,0.9444012070806406
7,0,7,0.161264881038212
6,1,7,0.7351022872357142
4,3,7,0.2366586730463355
5,2,7,NaN
7,0,7,0.5773495910338519
4,3,7,0.7943141978951035
3,4,7,0.24299412154726827
5,2,7,0.9336743037628588
5,2,7,0.7008553584305408
5,2,7,0.2010153073308743
5,2,7,0.7351022872357142
7,0,7,0.6211047067208528
4,3,7,NaN
5,2,7,0.35163936320323114
5,2,7,0.35163936320323114
4,3,7,NaN
2,5,7,NaN
7,0,7,NaN
3,4,7,0.24299412154726827
4,3,7,NaN
7,0,7,0.005100602238806189
7,0,7,0.6211047067208528
3,4,7,0.39365820288251563
3,4,7,0.9336743037628588
7,0,7,0.0006837920916819407
2,5,7,0.24299412154726827
5,2,7,NaN
7,0,7,NaN
5,2,7,0.5773495910338519
4,3,7,0.21187913375295056
4,3,7,0.9444012070806406
7,0,7,0.09331494238381467
4,3,7,0.2770589453938832
6,1,7,NaN
4,3,7,0.9307363927585166
7,0,7,0.9097889372969507
5,2,7,0.0030138933553211667
5,2,7,NaN
7,0,7,0.010413485705600828
6,1,7,0.7943141978951035
7,0,7,0.18561760226461765
3,4,7,0.161264881038212
1,6,7,0.5773495910338519
5,2,7,0.7659187175498298
6,1,7,0.3190622296879379
7,0,7,0.44809840037593174
6,1,7,0.8290752304125107
7,0,7,0.2770589453938832
3,4,7,0.7008553584305408
4,3,7,0.5439779729715323
2,5,7,NaN
5,2,7,0.8418168267177661
5,2,7,0.8166047472199134
6,1,7,NaN
4,3,7,0.00788246514860231
7,0,7,0.4584457217856004
6,1,7,0.4869472780660612
6,1,7,NaN
5,2,7,0.7943141978951035
5,2,7,NaN
6,1,7,NaN
7,0,7,NaN
6,1,7,0.18561760226461765
6,1,7,NaN
4,3,7,0.010940392572692241
6,1,7,0.7008553584305408
2,5,7,0.922483585895465
4,3,7,0.9097889372969507
6,1,7,0.4389759442456205
3,4,7,0.009708197960407164
6,1,7,0.7351022872357142
6,1,7,NaN
5,2,7,NaN
4,3,7,NaN
5,2,7,0.8791469822960243
4,3,7,NaN
3,4,7,NaN
5,2,7,NaN
7,0,7,0.0661330024587312
1,6,7,0.3591611343992021
6,1,7,0.14080710657571024
7,0,7,0.045946027748132785
6,1,7,0.4389759442456205
7,0,7,0.12196444410581492
5,2,7,NaN
7,0,7,0.534054961478336
6,1,7,NaN
5,2,7,0.8653601395728225
4,3,7,NaN
4,3,7,0.5773495910338519
5,2,7,0.2513489220337205
3,4,7,NaN
5,2,7,0.39365820288251563
5,2,7,0.35163936320323114
4,3,7,NaN
5,2,7,NaN
6,1,7,0.2770589453938832
2,5,7,0.8653601395728225
4,3,7,0.284957002957702
6,1,7,0.3113020350068427
5,2,7,0.963406018248146
4,3,7,0.2770589453938832
6,1,7,NaN
4,3,7,0.9744160890409531
6,1,7,0.7943141978951035
6,1,7,0.9337370311437395
5,2,7,0.08115644780417555
5,2,7,0.4362818310637738
3,4,7,NaN
6,1,7,0.5660263609614405
5,2,7,0.013584695640948361
5,2,7,NaN
5,2,7,NaN
5,2,7,NaN
5,2,7,NaN
6,1,7,NaN
2,5,7,NaN
4,3,7,NaN
7,0,7,0.6629394266610144
7,0,7,0.4869472780660612
5,2,7,NaN
4,3,7,0.7008553584305408
7,0,7,NaN
6,1,7,0.8418168267177661
5,2,7,0.9579294516360919
6,1,7,NaN
5,2,7,NaN
5,2,7,NaN
6,1,7,0.8617097556108892
6,1,7,0.7351022872357142
6,1,7,0.03468779084967369
7,0,7,0.8791469822960243
1,6,7,NaN
5,2,7,0.022641636257990223
3,4,7,0.3591611343992021
4,3,7,NaN
4,3,7,0.991808263676121
6,1,7,0.8949950374154003
6,1,7,0.004170341766444186
5,2,7,0.8949950374154003
4,3,7,0.09331494238381467
5,2,7,0.7008553584305408
4,3,7,NaN
2,5,7,0.24299412154726827
4,3,7,NaN
4,3,7,NaN
4,3,7,0.5773495910338519
3,4,7,NaN
7,0,7,0.4221524086157251
7,0,7,0.2770589453938832
5,2,7,0.8418168267177661
3,4,7,0.161264881038212
4,3,7,0.059046174721631074
2,5,7,NaN
7,0,7,NaN
3,4,7,0.8418168267177661
4,3,7,NaN
4,3,7,0.534054961478336
4,3,7,0.7659187175498298
7,0,7,0.12196444410581492
4,3,7,0.24299412154726827
7,0,7,0.7674394494964111
4,3,7,0.5773495910338519
6,1,7,0.5773495910338519
4,3,7,0.6629394266610144
5,2,7,0.6629394266610144
6,1,7,0.161264881038212
5,2,7,0.49065881647005705
4,3,7,NaN
4,3,7,0.3147278493122561
6,1,7,NaN
7,0,7,0.9941692455764074
1,6,7,0.8192734885359679
5,2,7,NaN
4,3,7,0.1123409458250274
5,2,7,0.6629394266610144
5,2,7,NaN
4,3,7,NaN
3,4,7,0.24299412154726827
5,2,7,0.3147278493122561
2,5,7,0.8418168267177661
5,2,7,0.9097889372969507
6,1,7,0.922483585895465
5,2,7,NaN
7,0,7,0.4389759442456205
4,3,7,0.6211047067208528
6,1,7,NaN
4,3,7,0.922483585895465
5,2,7,NaN
5,2,7,NaN
4,3,7,NaN
3,4,7,0.11632221936891603
6,1,7,0.7008553584305408
4,3,7,0.8617097556108892
3,4,7,NaN
4,3,7,NaN
7,0,7,NaN
6,1,7,0.8617097556108892
7,0,7,0.5209026929169104
3,4,7,0.08115644780417555
7,0,7,0.0005358867667097031
7,0,7,0.016352394412106192
5,2,7,0.5282193882420858
4,3,7,NaN
2,5,7,NaN
2,5,7,NaN
7,0,7,0.5490408605083255
5,2,7,0.6211047067208528
4,3,7,NaN
5,2,7,0.8489605067284038
7,0,7,0.6211047067208528
5,2,7,NaN
7,0,7,0.7943141978951035
6,1,7,0.06058247105517931
4,3,7,0.3147278493122561
7,0,7,0.9404085877594421
7,0,7,0.5554376351523436
3,4,7,0.7659187175498298
7,0,7,0.5773495910338519
7,0,7,0.39306511582000914
3,4,7,NaN
4,3,7,0.7943141978951035
7,0,7,0.03973270879120916
4,3,7,0.35163936320323114
7,0,7,NaN
6,1,7,NaN
4,3,7,NaN
5,2,7,0.7950039337300592
5,2,7,NaN
5,2,7,0.1647510473003622
5,2,7,0.7008553584305408
3,4,7,NaN
5,2,7,NaN
6,1,7,NaN
6,1,7,0.5773495910338519
7,0,7,0.14080710657571024
5,2,7,0.534054961478336
6,1,7,0.37223263871124523
5,2,7,0.18561760226461765
7,0,7,0.6246018780772661
6,1,7,0.8949950374154003
2,5,7,0.3356648173745397
2,5,7,NaN
5,2,7,0.7008553584305408
1,6,7,NaN
6,1,7,NaN
5,2,7,0.922483585895465
2,5,7,NaN
4,3,7,0.6211047067208528
4,3,7,0.161264881038212
7,0,7,NaN
3,4,7,NaN
3,4,7,0.12196444410581492
6,1,7,0.25239409323043654
7,0,7,0.9161513545350418
5,2,7,NaN
5,2,7,0.9690207992381747
6,1,7,0.4869472780660612
5,2,7,0.26795821756669086
7,0,7,0.9444012070806406
7,0,7,0.015232467259165295
2,5,7,0.7008553584305408
3,4,7,0.962032138983051
6,1,7,NaN
3,4,7,NaN
5,2,7,NaN
5,2,7,0.016352394412106192
3,4,7,0.02046990527508719
6,1,7,NaN
5,2,7,0.039097162992728765
6,1,7,0.02611284212389445
5,2,7,NaN
5,2,7,0.9799588626550771
4,3,7,0.11406515607463821
5,2,7,NaN
6,1,7,0.39170464981431513
5,2,7,0.015739357409861005
3,4,7,NaN
7,0,7,0.08425991872424532
4,3,7,0.39365820288251563
2,5,7,NaN
2,5,7,NaN
7,0,7,NaN
6,1,7,0.14080710657571024
2,5,7,0.08115644780417555
6,1,7,0.4503391500155773
7,0,7,NaN
4,3,7,0.8791469822960243
4,3,7,0.7351022872357142
6,1,7,0.7120588430681319
5,2,7,0.7943141978951035
4,3,7,0.7943141978951035
5,2,7,0.02611284212389445
6,1,7,0.24299412154726827
2,5,7,0.030439865249778007
5,2,7,NaN
3,4,7,2.1003946672365643e-5
6,1,7,0.12196444410581492
5,2,7,NaN
7,0,7,0.0006586145085851299
3,4,7,0.12196444410581492
4,3,7,0.3147278493122561
5,2,7,NaN
4,3,7,NaN
3,4,7,NaN
6,1,7,0.9749834651108517
5,2,7,NaN
5,2,7,NaN
3,4,7,NaN
6,1,7,0.12196444410581492
5,2,7,0.5773495910338519
4,3,7,NaN
4,3,7,NaN
3,4,7,0.8418168267177661
5,2,7,0.6211047067208528
3,4,7,0.8204795116931126
2,5,7,0.9097889372969507
5,2,7,0.9636131616021387
5,2,7,NaN
6,1,7,0.2770589453938832
5,2,7,0.4389759442456205
5,2,7,0.922483585895465
6,1,7,NaN
3,4,7,NaN
4,3,7,0.11772016628089775
7,0,7,0.022641636257990223
5,2,7,0.9534911290835386
4,3,7,0.2031596937217107
4,3,7,NaN
5,2,7,NaN
4,3,7,NaN
4,3,7,NaN
6,1,7,0.1798700393552891
3,4,7,0.019582362947367808
5,2,7,NaN
4,3,7,0.9444012070806406
6,1,7,NaN
5,2,7,0.8602575698845937
5,2,7,NaN
3,4,7,NaN
6,1,7,NaN
5,2,7,0.05465683275204276
5,2,7,0.9336743037628588
5,2,7,0.161264881038212
5,2,7,NaN
5,2,7,NaN
6,1,7,0.11876336377092768
7,0,7,0.5735720016499335
6,1,7,NaN
6,1,7,0.7304243117157099
4,3,7,NaN
6,1,7,0.8617097556108892
3,4,7,0.14080710657571024
4,3,7,0.03468779084967369
5,2,7,0.3147278493122561
3,4,7,0.034807168339314846
5,2,7,0.007827960273527267
4,3,7,0.06988872661807305
6,1,7,NaN
3,4,7,NaN
3,4,7,0.7008553584305408
6,1,7,0.2770589453938832
6,1,7,0.24299412154726827
4,3,7,NaN
1,6,7,NaN
7,0,7,0.045946027748132785
5,2,7,0.9097889372969507
5,2,7,NaN
5,2,7,0.019582362947367808
4,3,7,NaN
5,2,7,NaN
4,3,7,NaN
5,2,7,NaN
2,5,7,NaN
2,5,7,0.7008553584305408
7,0,7,0.161264881038212
7,0,7,0.36580721280013206
5,2,7,0.161264881038212
4,3,7,0.6629394266610144
5,2,7,NaN
7,0,7,0.011625908468073121
6,1,7,0.06421391934860791
6,1,7,0.28505249695413076
5,2,7,0.6629394266610144
5,2,7,0.922483585895465
3,4,7,0.5987951637237585
4,3,7,0.35163936320323114
5,2,7,0.9336743037628588
3,4,7,0.10644627622097674
5,2,7,NaN
4,3,7,0.0009896124283736614
5,2,7,0.06058247105517931
2,5,7,0.18561760226461765
6,1,7,0.9444012070806406
6,1,7,0.9744160890409531
4,3,7,0.10644627622097674
5,2,7,NaN
5,2,7,NaN
7,0,7,9.10371180286946e-5
5,2,7,NaN
7,0,7,0.06988872661807305
4,3,7,NaN
6,1,7,NaN
4,3,7,0.6198373326720539
4,3,7,0.35163936320323114
5,2,7,NaN
2,5,7,0.7736156055022062
4,3,7,0.8418168267177661
6,1,7,NaN
4,3,7,0.5773495910338519
7,0,7,0.2228747875940001
4,3,7,0.39365820288251563
7,0,7,NaN
4,3,7,NaN
7,0,7,NaN
3,4,7,0.9561746596596232
5,2,7,0.6211047067208528
5,2,7,NaN
4,3,7,NaN
5,2,7,NaN
6,1,7,NaN
5,2,7,0.12196444410581492
4,3,7,0.18561760226461765
3,4,7,0.2757278426345735
7,0,7,NaN
6,1,7,NaN
5,2,7,NaN
5,2,7,0.8429719635027352
2,5,7,0.5279940881316573
2,5,7,NaN
3,4,7,0.534054961478336
3,4,7,0.6629394266610144
5,2,7,0.5773495910338519
5,2,7,0.9376764570898071
3,4,7,0.07514011489986097
2,5,7,NaN
6,1,7,NaN
5,2,7,NaN
7,0,7,0.23707497157655208
1,6,7,NaN
6,1,7,0.6211047067208528
1,6,7,0.3147278493122561
5,2,7,0.0621516079217303
7,0,7,0.3147278493122561
6,1,7,0.00011509718566367897
4,3,7,0.016352394412106192
5,2,7,0.5773495910338519
5,2,7,0.7351022872357142
3,4,7,0.06988872661807305
4,3,7,NaN
6,1,7,NaN
3,4,7,NaN
5,2,7,NaN
5,2,7,NaN
4,3,7,NaN
2,5,7,0.39365820288251563
3,4,7,NaN
5,2,7,0.6629394266610144
3,4,7,0.011625908468073121
5,2,7,0.6726384568999776
6,1,7,NaN
4,3,7,NaN
5,2,7,0.5883059248772218
3,4,7,0.2040911817292968
4,3,7,NaN
5,2,7,0.8744066287156728
3,4,7,NaN
7,0,7,0.7008553584305408
5,2,7,0.9886670302743008
7,0,7,0.9534911290835386
5,2,7,0.21187913375295056
4,3,7,0.534054961478336
7,0,7,0.06884874391107731
5,2,7,NaN
5,2,7,0.9452736117663113
6,1,7,0.01381288687478966
2,5,7,0.8418168267177661
4,3,7,0.9749834651108517
4,3,7,0.3147278493122561
5,2,7,0.7351022872357142
7,0,7,NaN
7,0,7,NaN
3,4,7,0.4869472780660612
4,3,7,0.4869472780660612
5,2,7,NaN
5,2,7,NaN
7,0,7,NaN
6,1,7,NaN
1,6,7,NaN
5,2,7,0.7008553584305408
5,2,7,0.35163936320323114
6,1,7,NaN
3,4,7,0.3529014717215998
7,0,7,NaN
3,4,7,NaN
2,5,7,0.062282276466880906
4,3,7,NaN
6,1,7,0.6629394266610144
5,2,7,0.3356648173745397
1,6,7,NaN
5,2,7,NaN
3,4,7,0.161264881038212
7,0,7,NaN
7,0,7,0.7008553584305408
6,1,7,NaN
4,3,7,0.7659187175498298
6,1,7,NaN
3,4,7,0.006091701711492965
5,2,7,0.6211047067208528
6,1,7,NaN
5,2,7,NaN
4,3,7,0.9506434439883362
5,2,7,NaN
4,3,7,NaN
3,4,7,NaN
5,2,7,0.07400817939207505
4,3,7,0.30007032477340345
5,2,7,NaN
7,0,7,0.6753958513502701
5,2,7,0.10514960294115583
3,4,7,0.007868410601062035
5,2,7,0.04919696438731087
4,3,7,0.8791469822960243
7,0,7,NaN
5,2,7,0.7008553584305408
7,0,7,0.24299412154726827
5,2,7,0.4344741859498727
7,0,7,0.022641636257990223
3,4,7,NaN
3,4,7,NaN
6,1,7,NaN
5,2,7,0.962032138983051
5,2,7,0.8617097556108892
4,3,7,NaN
7,0,7,0.9444012070806406
6,1,7,NaN
5,2,7,NaN
4,3,7,0.3147278493122561
5,2,7,NaN
3,4,7,0.4389759442456205
2,5,7,0.05295374443847441
5,2,7,NaN
4,3,7,NaN
5,2,7,NaN
6,1,7,NaN
3,4,7,0.31603071707292774
7,0,7,NaN
4,3,7,0.8204795116931126
5,2,7,NaN
4,3,7,NaN
5,2,7,0.922483585895465
5,2,7,0.08115644780417555
6,1,7,NaN
3,4,7,0.4581299951219079
6,1,7,1.9188072534386535e-6
7,0,7,0.08115644780417555
5,2,7,NaN
4,3,7,0.24299412154726827
6,1,7,0.6211047067208528
3,4,7,0.161264881038212
5,2,7,0.12196444410581492
5,2,7,0.4126510818995535
1,6,7,0.6629394266610144
5,2,7,0.01177170511878588
5,2,7,NaN
7,0,7,0.06004532271720884
4,3,7,0.534054961478336
7,0,7,0.8204795116931126
1,6,7,NaN
6,1,7,NaN
4,3,7,0.39365820288251563
3,4,7,0.7943141978951035
2,5,7,0.7943141978951035
4,3,7,0.2770589453938832
5,2,7,0.0041749889310885475
4,3,7,NaN
6,1,7,0.7008553584305408
5,2,7,NaN
5,2,7,NaN
5,2,7,NaN
6,1,7,0.4869472780660612
6,1,7,0.007827960273527267
3,4,7,NaN
6,1,7,0.7659187175498298
2,5,7,0.0447799089965923
4,3,7,0.05295374443847441
6,1,7,NaN
6,1,7,0.8949950374154003
5,2,7,0.05295374443847441
5,2,7,NaN
5,2,7,0.7351022872357142
6,1,7,0.4869472780660612
7,0,7,NaN
6,1,7,0.3591611343992021
5,2,7,0.8872957787193816
6,1,7,NaN
6,1,7,0.21187913375295056
3,4,7,NaN
3,4,7,0.4869472780660612
5,2,7,0.4869472780660612
5,2,7,NaN
6,1,7,0.9941692455764074
2,5,7,0.08115644780417555
7,0,7,NaN
2,5,7,0.5439779729715323
6,1,7,0.7008553584305408
4,3,7,0.7659187175498298
7,0,7,0.23185095244458026
5,2,7,NaN
6,1,7,0.06058247105517931
6,1,7,NaN
6,1,7,0.6629394266610144
7,0,7,0.06058247105517931
3,4,7,0.003897455182951649
4,3,7,NaN
6,1,7,0.21187913375295056
6,1,7,0.4389759442456205
7,0,7,NaN
7,0,7,NaN
5,2,7,0.9411219610121818
6,1,7,0.7351022872357142
7,0,7,0.5773495910338519
5,2,7,0.6629394266610144
7,0,7,0.21759794761646076
6,1,7,NaN
5,2,7,0.5773495910338519
3,4,7,0.2770589453938832
4,3,7,0.6211047067208528
6,1,7,NaN
7,0,7,0.7351022872357142
4,3,7,NaN
4,3,7,NaN
4,3,7,0.15297250216596528
6,1,7,NaN
3,4,7,0.24299412154726827
3,4,7,0.4389759442456205
5,2,7,0.8418168267177661
7,0,7,0.9097889372969507
3,4,7,NaN
6,1,7,0.8204795116931126
4,3,7,0.3147278493122561
2,5,7,NaN
4,3,7,0.6291804176252508
4,3,7,0.6211047067208528
4,3,7,0.6211047067208528
7,0,7,0.35163936320323114
6,1,7,0.962032138983051
5,2,7,NaN
6,1,7,NaN
4,3,7,NaN
4,3,7,0.005100602238806189
4,3,7,0.8791469822960243
6,1,7,NaN
5,2,7,NaN
4,3,7,NaN
4,3,7,NaN
5,2,7,0.36017632999797705
7,0,7,NaN
4,3,7,0.6300830591603114
4,3,7,NaN
7,0,7,0.5773495910338519
2,5,7,NaN
6,1,7,0.5773495910338519
5,2,7,0.7601999525997007
3,4,7,0.7659187175498298
6,1,7,NaN
4,3,7,NaN
3,4,7,0.02611284212389445
2,5,7,NaN
5,2,7,0.8204795116931126
4,3,7,NaN
5,2,7,0.8617097556108892
5,2,7,0.39365820288251563
4,3,7,NaN
4,3,7,0.6211047067208528
7,0,7,0.9097889372969507
4,3,7,NaN
5,2,7,NaN
2,5,7,NaN
3,4,7,0.37087064986400603
4,3,7,NaN
4,3,7,0.4389759442456205
6,1,7,NaN
4,3,7,0.03025847703180226
5,2,7,0.02611284212389445
4,3,7,0.161264881038212
1,6,7,NaN
4,3,7,0.161264881038212
6,1,7,0.9097889372969507
4,3,7,0.6816983089465296
2,5,7,0.4389759442456205
5,2,7,0.962032138983051
5,2,7,0.35163936320323114
6,1,7,NaN
4,3,7,NaN
5,2,7,NaN
3,4,7,0.8791469822960243
5,2,7,NaN
5,2,7,0.35163936320323114
4,3,7,NaN
3,4,7,NaN
4,3,7,0.6629394266610144
4,3,7,0.534054961478336
7,0,7,0.005100602238806189
3,4,7,0.6211047067208528
6,1,7,0.534054961478336
7,0,7,0.009886583305940173
4,3,7,NaN
2,5,7,0.0001271240703732954
5,2,7,0.016352394412106192
4,3,7,NaN
6,1,7,NaN
7,0,7,0.03973270879120916
3,4,7,NaN
3,4,7,0.35163936320323114
6,1,7,0.962032138983051
1,6,7,0.9845924478014567
7,0,7,0.12196444410581492
4,3,7,NaN
6,1,7,NaN
5,2,7,NaN
6,1,7,0.8008359609239365
6,1,7,NaN
4,3,7,0.4389759442456205
1,6,7,NaN
4,3,7,0.05835621106595372
6,1,7,NaN
3,4,7,0.5773495910338519
5,2,7,0.8617097556108892
3,4,7,0.9444012070806406
2,5,7,0.9097889372969507
6,1,7,0.8418168267177661
5,2,7,0.5490408605083255
6,1,7,0.8204795116931126
4,3,7,0.8949950374154003
5,2,7,0.7659187175498298
4,3,7,NaN
3,4,7,0.2770589453938832
3,4,7,0.7659187175498298
3,4,7,NaN
2,5,7,0.7943141978951035
4,3,7,0.6211047067208528
5,2,7,NaN
6,1,7,0.8204795116931126
5,2,7,NaN
7,0,7,NaN
6,1,7,0.202892115552356
3,4,7,NaN
5,2,7,0.008293551221884132
4,3,7,NaN
6,1,7,0.3147278493122561
4,3,7,0.9534911290835386
3,4,7,NaN
6,1,7,0.5009161411215545
6,1,7,0.01805880486082697
2,5,7,0.9097889372969507
3,4,7,NaN
4,3,7,0.002586692873096401
3,4,7,0.26341845189497487
7,0,7,NaN
6,1,7,0.2770589453938832
6,1,7,NaN
5,2,7,NaN
4,3,7,0.25777852496743453
4,3,7,NaN
7,0,7,NaN
4,3,7,0.7351022872357142
3,4,7,NaN
4,3,7,0.12196444410581492
4,3,7,0.09331494238381467
6,1,7,0.9886670302743008
3,4,7,0.9444012070806406
4,3,7,NaN
5,2,7,0.18020132526580146
4,3,7,NaN
5,2,7,0.08115644780417555
4,3,7,NaN
4,3,7,0.03025847703180226
6,1,7,NaN
3,4,7,0.012975396762039458
5,2,7,0.5773495910338519
1,6,7,NaN
5,2,7,NaN
2,5,7,0.39365820288251563
4,3,7,NaN
7,0,7,NaN
3,4,7,NaN
1,6,7,NaN
4,3,7,0.534054961478336
4,3,7,0.6629394266610144
4,3,7,0.9799588626550771
6,1,7,NaN
6,1,7,0.6629394266610144
6,1,7,0.5773495910338519
5,2,7,NaN
4,3,7,0.3147278493122561
3,4,7,0.2770589453938832
5,2,7,NaN
6,1,7,0.18561760226461765
7,0,7,0.09331494238381467
2,5,7,0.4584457217856004
6,1,7,0.9941692455764074
5,2,7,NaN
5,2,7,0.03414836384656073
5,2,7,0.12196444410581492
5,2,7,NaN
6,1,7,NaN
3,4,7,0.9799588626550771
5,2,7,NaN
4,3,7,0.05295374443847441
3,4,7,NaN
2,5,7,0.21187913375295056
7,0,7,NaN
4,3,7,NaN
5,2,7,0.08115644780417555
4,3,7,0.24685788650085178
2,5,7,0.9097889372969507
5,2,7,NaN
7,0,7,NaN
4,3,7,NaN
4,3,7,0.11876336377092768
3,4,7,0.2536531401883183
4,3,7,0.7943141978951035
3,4,7,0.028416200145929108
4,3,7,NaN
6,1,7,NaN
3,4,7,0.019582362947367808
3,4,7,NaN
3,4,7,0.7008553584305408
5,2,7,NaN
4,3,7,0.8949950374154003
3,4,7,0.9097889372969507
4,3,7,0.8949950374154003
3,4,7,0.06605613633935173
4,3,7,0.6629394266610144
6,1,7,0.39365820288251563
2,5,7,0.5773495910338519
4,3,7,NaN
7,0,7,0.3147278493122561
6,1,7,0.04293702470444298
3,4,7,0.8617097556108892
2,5,7,NaN
6,1,7,NaN
1,6,7,NaN
5,2,7,NaN
6,1,7,0.4389759442456205
2,5,7,0.0953959911249286
5,2,7,0.534054961478336
4,3,7,NaN
4,3,7,NaN
3,4,7,NaN
4,3,7,NaN
3,4,7,NaN
5,2,7,0.7008553584305408
3,4,7,NaN
4,3,7,0.4362818310637738
6,1,7,0.5773495910338519
1,6,7,NaN
3,4,7,0.8719044429579209
5,2,7,0.7351022872357142
5,2,7,NaN
2,5,7,0.12196444410581492
3,4,7,0.5886418638258083
4,3,7,NaN
4,3,7,0.922483585895465
5,2,7,0.7659187175498298
5,2,7,0.8256138125749558
5,2,7,NaN
4,3,7,0.045946027748132785
3,4,7,NaN
3,4,7,NaN
6,1,7,0.2770589453938832
3,4,7,0.011625908468073121
5,2,7,0.5773495910338519
3,4,7,0.9534911290835386
5,2,7,0.39365820288251563
2,5,7,NaN
3,4,7,0.2770589453938832
4,3,7,0.03468779084967369
5,2,7,0.026276295154686692
3,4,7,0.08115644780417555
6,1,7,0.7943141978951035
1,6,7,NaN
3,4,7,0.0953959911249286
4,3,7,0.772604425040986
7,0,7,0.534054961478336
5,2,7,0.045946027748132785
6,1,7,NaN
5,2,7,0.9097889372969507
4,3,7,NaN
6,1,7,0.06058247105517931
6,1,7,NaN
2,5,7,7.833314588247998e-5
4,3,7,0.06058247105517931
4,3,7,NaN
4,3,7,0.4870331712221417
5,2,7,0.9336743037628588
6,1,7,0.08983608248612841
3,4,7,0.24685788650085178
6,1,7,0.7943141978951035
3,4,7,NaN
2,5,7,NaN
2,5,7,0.5604352761583669
7,0,7,0.09331494238381467
3,4,7,NaN
5,2,7,0.10644627622097674
5,2,7,0.4389759442456205
4,3,7,0.09331494238381467
5,2,7,0.09331494238381467
3,4,7,0.35163936320323114
2,5,7,NaN
4,3,7,0.535975218823262
3,4,7,0.534054961478336
6,1,7,0.14080710657571024
6,1,7,0.7943141978951035
4,3,7,0.6211047067208528
4,3,7,0.8617097556108892
3,4,7,0.08115644780417555
6,1,7,0.005919664369755246
5,2,7,0.9411219610121818
3,4,7,NaN
5,2,7,0.27268189730313336
3,4,7,0.9444012070806406
6,1,7,NaN
3,4,7,0.9739537997229566
6,1,7,0.8876761216803597
4,3,7,0.5773495910338519
4,3,7,0.000471187524485945
4,3,7,0.35163936320323114
6,1,7,NaN
5,2,7,0.7008553584305408
5,2,7,NaN
6,1,7,0.5773495910338519
5,2,7,NaN
5,2,7,2.7168838660152326e-5
3,4,7,0.39365820288251563
2,5,7,NaN
6,1,7,0.534054961478336
6,1,7,0.8309234468965002
5,2,7,0.534054961478336
7,0,7,NaN
2,5,7,0.3147278493122561
4,3,7,0.12196444410581492
4,3,7,NaN
7,0,7,0.2366586730463355
4,3,7,NaN
1,6,7,NaN
2,5,7,NaN
1,6,7,0.7659187175498298
2,5,7,0.4869472780660612
5,2,7,NaN
5,2,7,0.6629394266610144
7,0,7,0.4389759442456205
5,2,7,NaN
4,3,7,0.3147278493122561
3,4,7,NaN
4,3,7,0.161264881038212
3,4,7,NaN
4,3,7,NaN
2,5,7,NaN
6,1,7,0.7008553584305408
3,4,7,0.9336743037628588
4,3,7,NaN
4,3,7,0.9534911290835386
6,1,7,0.8949950374154003
6,1,7,NaN
4,3,7,0.35163936320323114
4,3,7,0.8617097556108892
3,4,7,0.8204795116931126
5,2,7,0.4584457217856004
6,1,7,NaN
7,0,7,0.3147278493122561
4,3,7,NaN
4,3,7,0.8949950374154003
3,4,7,NaN
5,2,7,NaN
5,2,7,NaN
3,4,7,NaN
5,2,7,0.35163936320323114
3,4,7,0.9845924478014567
2,5,7,0.3147278493122561
4,3,7,0.8087030262807339
4,3,7,NaN
3,4,7,0.579049057228479
5,2,7,0.11406515607463821
3,4,7,NaN
7,0,7,0.5773495910338519
7,0,7,0.9799588626550771
1,6,7,NaN
5,2,7,NaN
4,3,7,NaN
5,2,7,0.6211047067208528
4,3,7,NaN
2,5,7,NaN
4,3,7,0.8617097556108892
4,3,7,0.3147278493122561
6,1,7,0.4869472780660612
4,3,7,0.06988872661807305
4,3,7,NaN
1,6,7,0.7473970725118168
6,1,7,0.06058247105517931
4,3,7,NaN
6,1,7,NaN
2,5,7,NaN
3,4,7,0.8418168267177661
5,2,7,0.06988872661807305
3,4,7,NaN
7,0,7,0.7943141978951035
4,3,7,NaN
4,3,7,0.010272752666010828
4,3,7,0.3147278493122561
5,2,7,NaN
7,0,7,0.11383112010145144
3,4,7,NaN
6,1,7,0.922483585895465
6,1,7,NaN
7,0,7,NaN
6,1,7,0.39365820288251563
5,2,7,0.0030671357445065466
3,4,7,NaN
4,3,7,0.08115644780417555
2,5,7,NaN
2,5,7,0.4389759442456205
5,2,7,NaN
3,4,7,0.534054961478336
4,3,7,0.8418168267177661
6,1,7,NaN
5,2,7,NaN
2,5,7,0.7659187175498298
2,5,7,0.9534911290835386
6,1,7,0.39365820288251563
3,4,7,NaN
4,3,7,NaN
4,3,7,NaN
7,0,7,0.6629394266610144
5,2,7,0.09816248290955543
5,2,7,0.18561760226461765
5,2,7,0.9097889372969507
6,1,7,NaN
4,3,7,NaN
2,5,7,0.013983976781861194
4,3,7,0.14080710657571024
5,2,7,0.35163936320323114
5,2,7,0.7008553584305408
5,2,7,NaN
6,1,7,NaN
2,5,7,NaN
7,0,7,NaN
5,2,7,0.09331494238381467
1,6,7,0.6211047067208528
6,1,7,NaN
4,3,7,NaN
2,5,7,NaN
6,1,7,0.6716678372530487
6,1,7,3.8847793809787545e-5
3,4,7,NaN
5,2,7,0.01096113867898218
6,1,7,0.653708156181962
6,1,7,NaN
5,2,7,NaN
4,3,7,0.8791469822960243
5,2,7,NaN
6,1,7,NaN
2,5,7,NaN
3,4,7,0.40583285820030385
3,4,7,NaN
1,6,7,0.6629394266610144
4,3,7,0.6211047067208528
2,5,7,NaN
4,3,7,0.045946027748132785
3,4,7,NaN
1,6,7,0.922483585895465
5,2,7,0.9336743037628588
2,5,7,NaN
4,3,7,0.8617097556108892
5,2,7,NaN
5,2,7,0.9097889372969507
5,2,7,NaN
2,5,7,0.8617097556108892
4,3,7,0.39365820288251563
3,4,7,0.7943141978951035
3,4,7,0.02611284212389445
1,6,7,NaN
3,4,7,NaN
4,3,7,0.3673948131188915
4,3,7,NaN
5,2,7,0.534054961478336
6,1,7,0.12196444410581492
5,2,7,NaN
3,4,7,0.161264881038212
3,4,7,NaN
2,5,7,0.05295374443847441
3,4,7,NaN
5,2,7,0.18561760226461765
4,3,7,0.014062693909241156
5,2,7,NaN
3,4,7,NaN
2,5,7,0.7659187175498298
4,3,7,0.3591611343992021
5,2,7,NaN
6,1,7,NaN
1,6,7,NaN
3,4,7,NaN
1,6,7,NaN
3,4,7,0.8617097556108892
7,0,7,0.35163936320323114
6,1,7,0.6211047067208528
2,5,7,NaN
2,5,7,1.810337941835258e-5
3,4,7,0.4869472780660612
3,4,7,NaN
3,4,7,0.09331494238381467
1,6,7,NaN
4,3,7,0.2770589453938832
3,4,7,NaN
3,4,7,NaN
6,1,7,NaN
4,3,7,NaN
4,3,7,0.8204795116931126
3,4,7,NaN
5,2,7,0.5299817961731534
4,3,7,0.962032138983051
4,3,7,0.7351022872357142
6,1,7,NaN
4,3,7,NaN
2,5,7,0.7351022872357142
4,3,7,0.6211047067208528
2,5,7,0.8580628232871113
3,4,7,NaN
5,2,7,0.2770589453938832
5,2,7,NaN
3,4,7,NaN
3,4,7,NaN
7,0,7,0.2617484521386127
6,1,7,0.8204795116931126
2,5,7,0.9097889372969507
4,3,7,0.18561760226461765
3,4,7,0.35163936320323114
5,2,7,0.6629394266610144
3,4,7,NaN
2,5,7,NaN
5,2,7,NaN
2,5,7,NaN
4,3,7,0.6211047067208528
6,1,7,NaN
3,4,7,NaN
5,2,7,NaN
4,3,7,0.2770589453938832
2,5,7,NaN
3,4,7,NaN
5,2,7,0.534054961478336
3,4,7,NaN
2,5,7,0.534054961478336
5,2,7,0.06988872661807305
2,5,7,0.45885943191873046
7,0,7,NaN
4,3,7,NaN
4,3,7,NaN
5,2,7,NaN
3,4,7,NaN
6,1,7,0.534054961478336
1,6,7,0.962032138983051
4,3,7,0.8418168267177661
2,5,7,0.6629394266610144
2,5,7,0.4869472780660612
3,4,7,0.06058247105517931
2,5,7,0.9598784261290199
3,4,7,0.6768314847282486
2,5,7,NaN
3,4,7,0.8204795116931126
1,6,7,NaN
5,2,7,NaN
6,1,7,0.161264881038212
4,3,7,0.9444012070806406
5,2,7,0.7943141978951035
5,2,7,0.5773495910338519
2,5,7,0.0984257491243756
4,3,7,0.8949950374154003
2,5,7,0.8418168267177661
4,3,7,0.7008553584305408
5,2,7,0.03973270879120916
4,3,7,NaN
2,5,7,0.016352394412106192
4,3,7,NaN
4,3,7,0.0002919203259436596
2,5,7,NaN
5,2,7,NaN
4,3,7,0.5105367427953501
2,5,7,0.7943141978951035
6,1,7,0.639385789559539
1,6,7,0.24299412154726827
4,3,7,NaN
5,2,7,NaN
1,6,7,0.6211047067208528
1,6,7,NaN
3,4,7,0.4584957332891234
2,5,7,NaN
6,1,7,NaN
2,5,7,0.10644627622097674
4,3,7,0.534054961478336
4,3,7,0.6211047067208528
5,2,7,0.7943141978951035
3,4,7,NaN
2,5,7,NaN
6,1,7,0.045946027748132785
2,5,7,NaN
5,2,7,0.39365820288251563
6,1,7,0.8418168267177661
2,5,7,NaN
4,3,7,0.8791469822960243
3,4,7,0.7605476425612694
5,2,7,0.7351022872357142
4,3,7,NaN
5,2,7,NaN
5,2,7,0.9749834651108517
5,2,7,NaN
3,4,7,NaN
2,5,7,NaN
2,5,7,0.035924878625587554
1,6,7,NaN
3,4,7,NaN
1,6,7,NaN
4,3,7,NaN
4,3,7,0.08115644780417555
2,5,7,NaN
3,4,7,0.7008553584305408
3,4,7,0.6211047067208528
3,4,7,NaN
3,4,7,0.013595179396091573
3,4,7,0.2770589453938832
1,6,7,0.8617097556108892
3,4,7,NaN
3,4,7,0.08909333888050679
5,2,7,NaN
4,3,7,NaN
4,3,7,0.5773495910338519
3,4,7,NaN
3,4,7,0.8204795116931126
1,6,7,NaN
2,5,7,NaN
4,3,7,NaN
1,6,7,NaN
2,5,7,NaN
3,4,7,NaN
3,4,7,NaN
2,5,7,0.922483585895465
2,5,7,NaN
2,5,7,0.2857393694650618
3,4,7,0.5773495910338519
2,5,7,NaN
5,2,7,0.05295374443847441
1,6,7,0.35944974396699086
6,1,7,0.6211047067208528
3,4,7,0.3147278493122561
3,4,7,0.24299412154726827
2,5,7,0.4389759442456205
2,5,7,0.7659187175498298
1,6,7,NaN
2,5,7,0.06058247105517931
4,3,7,0.5773495910338519
2,5,7,0.6581346281864346
1,6,7,0.5773495910338519
2,5,7,NaN
1,6,7,NaN
1,6,7,0.7674394494964111
4,3,7,NaN
4,3,7,0.20643130297883366
1,6,7,NaN
5,2,7,0.8764875746657268
3,4,7,0.08410822129462314
1,6,7,0.6753958513502701
1,6,7,NaN
1,6,7,NaN
1,6,7,0.3591611343992021
3,4,7,0.7206370700902589
4,3,7,NaN
1,6,7,NaN
1,6,7,0.5773495910338519
1,6,7,NaN
2,5,7,NaN
1,6,7,0.4389759442456205
1,6,7,NaN
1,6,7,NaN
2,5,7,0.011625908468073121
1,6,7,0.03025847703180226
1,6,7,NaN
1,6,7,0.14080710657571024
1,6,7,NaN
0,7,7,NaN
0,7,7,NaN
0,7,7,0.14080710657571024
0,7,7,NaN
0,7,7,NaN
0,7,7,0.24299412154726827
0,7,7,NaN
0,7,7,NaN
0,7,7,NaN
0,7,7,0.0005358867667097031
0,7,7,0.4389759442456205
0,7,7,NaN
0,7,7,NaN
5,1,6,0.06988872661807305
5,1,6,NaN
2,4,6,0.21187913375295056
3,3,6,NaN
5,1,6,0.8617097556108892
3,3,6,NaN
2,4,6,0.7008553584305408
5,1,6,0.6211047067208528
5,1,6,NaN
4,2,6,0.9534911290835386
4,2,6,NaN
4,2,6,0.12196444410581492
4,2,6,0.4389759442456205
5,1,6,NaN
4,2,6,0.7943141978951035
6,0,6,NaN
5,1,6,0.6629394266610144
6,0,6,NaN
4,2,6,0.5773495910338519
5,1,6,0.4869472780660612
2,4,6,NaN
4,2,6,NaN
5,1,6,NaN
3,3,6,NaN
5,1,6,0.001851464381362323
6,0,6,NaN
6,0,6,0.2927015896638254
3,3,6,NaN
6,0,6,NaN
4,2,6,NaN
5,1,6,0.5717109329568222
4,2,6,0.34452004810572745
5,1,6,0.4389759442456205
4,2,6,0.881143991419024
6,0,6,0.009708197960407164
4,2,6,NaN
3,3,6,0.18561760226461765
5,1,6,0.24299412154726827
6,0,6,0.9097889372969507
3,3,6,NaN
5,1,6,4.971797892202514e-5
2,4,6,0.1135094910315754
2,4,6,NaN
5,1,6,NaN
3,3,6,NaN
5,1,6,0.6629394266610144
4,2,6,0.5773495910338519
6,0,6,NaN
3,3,6,NaN
5,1,6,NaN
5,1,6,0.534054961478336
6,0,6,0.962032138983051
5,1,6,0.21187913375295056
5,1,6,0.7008553584305408
6,0,6,0.2770589453938832
5,1,6,0.39365820288251563
4,2,6,0.6211047067208528
5,1,6,0.24299412154726827
6,0,6,NaN
5,1,6,NaN
6,0,6,NaN
6,0,6,0.09595498471738381
6,0,6,0.4389759442456205
4,2,6,0.7351022872357142
4,2,6,0.6211047067208528
5,1,6,NaN
5,1,6,0.18545436396056833
6,0,6,0.0005492565281246233
5,1,6,0.7351022872357142
2,4,6,0.4869472780660612
3,3,6,NaN
4,2,6,0.35163936320323114
6,0,6,0.7351022872357142
4,2,6,0.022641636257990223
4,2,6,0.24299412154726827
6,0,6,NaN
5,1,6,0.5773495910338519
6,0,6,0.7685931580983806
5,1,6,0.6211047067208528
6,0,6,NaN
3,3,6,0.0031923446104643446
4,2,6,0.4389759442456205
5,1,6,NaN
4,2,6,NaN
6,0,6,NaN
4,2,6,0.047464647101720776
6,0,6,0.6211047067208528
6,0,6,NaN
6,0,6,NaN
5,1,6,0.6629394266610144
5,1,6,0.7351022872357142
6,0,6,0.6629394266610144
5,1,6,0.24299412154726827
3,3,6,0.09331494238381467
4,2,6,NaN
2,4,6,0.7074708433927323
6,0,6,0.6629394266610144
6,0,6,NaN
3,3,6,0.06377133348910127
6,0,6,NaN
4,2,6,NaN
4,2,6,0.05295374443847441
4,2,6,0.11406515607463821
3,3,6,0.7008553584305408
6,0,6,NaN
3,3,6,0.034832392112591995
3,3,6,NaN
5,1,6,NaN
4,2,6,NaN
6,0,6,NaN
2,4,6,0.4389759442456205
3,3,6,0.451581547601489
5,1,6,0.05655370765274719
5,1,6,NaN
4,2,6,NaN
5,1,6,NaN
5,1,6,0.06988872661807305
4,2,6,NaN
4,2,6,0.39365820288251563
4,2,6,0.4389759442456205
5,1,6,0.8418168267177661
4,2,6,0.18561760226461765
3,3,6,NaN
5,1,6,0.9622898337111585
5,1,6,NaN
5,1,6,NaN
4,2,6,0.7008553584305408
6,0,6,0.7569530940454013
6,0,6,NaN
4,2,6,0.19021540055167574
5,1,6,NaN
4,2,6,0.09331494238381467
5,1,6,NaN
5,1,6,NaN
5,1,6,0.6713148606042852
5,1,6,0.016352394412106192
5,1,6,0.6629394266610144
2,4,6,0.034832392112591995
4,2,6,NaN
6,0,6,NaN
5,1,6,0.6211047067208528
5,1,6,0.03468779084967369
3,3,6,NaN
3,3,6,NaN
4,2,6,NaN
4,2,6,NaN
6,0,6,0.7659187175498298
5,1,6,0.39365820288251563
3,3,6,0.8791469822960243
5,1,6,0.45791906795923093
5,1,6,0.10644627622097674
5,1,6,0.14080710657571024
6,0,6,0.6629394266610144
4,2,6,NaN
3,3,6,0.09331494238381467
5,1,6,NaN
5,1,6,NaN
4,2,6,NaN
5,1,6,NaN
5,1,6,0.7351022872357142
4,2,6,0.8418168267177661
3,3,6,0.24299412154726827
5,1,6,0.5554376351523436
5,1,6,NaN
5,1,6,NaN
3,3,6,NaN
5,1,6,NaN
3,3,6,NaN
3,3,6,0.4869472780660612
4,2,6,NaN
5,1,6,0.7008553584305408
5,1,6,NaN
6,0,6,0.7351022872357142
5,1,6,0.06988872661807305
3,3,6,NaN
5,1,6,0.6629394266610144
4,2,6,0.9826426450527239
6,0,6,NaN
6,0,6,NaN
5,1,6,0.4389759442456205
6,0,6,NaN
6,0,6,NaN
3,3,6,NaN
6,0,6,0.9336743037628588
5,1,6,0.08115644780417555
5,1,6,0.9444012070806406
3,3,6,0.9444012070806406
6,0,6,0.4389759442456205
6,0,6,0.8743887481316611
6,0,6,0.731920575309468
6,0,6,0.09331494238381467
4,2,6,NaN
5,1,6,0.08115644780417555
3,3,6,NaN
4,2,6,0.35163936320323114
6,0,6,0.5624100504369717
5,1,6,0.07174535314354617
3,3,6,NaN
6,0,6,NaN
4,2,6,0.7943141978951035
6,0,6,0.9407451715964349
6,0,6,NaN
6,0,6,0.09331494238381467
3,3,6,0.8358842890123576
5,1,6,0.4349598562938944
6,0,6,1.9227269808321166e-5
5,1,6,NaN
5,1,6,0.6629394266610144
5,1,6,NaN
2,4,6,0.4389759442456205
4,2,6,0.30417482041160704
6,0,6,0.06058247105517931
5,1,6,0.8949950374154003
3,3,6,NaN
6,0,6,0.045946027748132785
5,1,6,0.3290366691782563
6,0,6,0.161264881038212
5,1,6,0.6211047067208528
4,2,6,NaN
4,2,6,0.10644627622097674
4,2,6,0.161264881038212
4,2,6,0.5773495910338519
5,1,6,0.5826292651157386
6,0,6,0.1930009496256104
5,1,6,NaN
4,2,6,NaN
5,1,6,0.062282276466880906
3,3,6,0.534054961478336
5,1,6,NaN
4,2,6,0.6252206812682931
4,2,6,0.7042141835713935
6,0,6,0.9749834651108517
5,1,6,0.03213596549953155
3,3,6,0.03973270879120916
4,2,6,0.7008553584305408
4,2,6,0.12196444410581492
2,4,6,NaN
5,1,6,0.2770589453938832
4,2,6,0.5773495910338519
5,1,6,NaN
5,1,6,0.06988872661807305
4,2,6,0.005100602238806189
3,3,6,NaN
2,4,6,0.0018574829424192775
4,2,6,NaN
6,0,6,0.8949950374154003
4,2,6,NaN
4,2,6,0.7659187175498298
6,0,6,NaN
4,2,6,0.6211047067208528
5,1,6,NaN
6,0,6,0.9534911290835386
3,3,6,0.8389655128199344
6,0,6,NaN
6,0,6,0.35163936320323114
5,1,6,0.06058247105517931
2,4,6,NaN
4,2,6,0.534054961478336
6,0,6,0.5773495910338519
6,0,6,NaN
6,0,6,0.18561760226461765
4,2,6,0.10644627622097674
4,2,6,NaN
5,1,6,0.14080710657571024
5,1,6,0.09480545865185101
5,1,6,NaN
3,3,6,NaN
5,1,6,NaN
4,2,6,0.35163936320323114
4,2,6,NaN
3,3,6,0.08115644780417555
6,0,6,NaN
6,0,6,0.161264881038212
5,1,6,0.14080710657571024
5,1,6,0.2228747875940001
4,2,6,0.03025847703180226
6,0,6,NaN
4,2,6,0.4389759442456205
6,0,6,0.14080710657571024
6,0,6,NaN
4,2,6,0.2770589453938832
5,1,6,NaN
4,2,6,0.161264881038212
5,1,6,NaN
6,0,6,NaN
5,1,6,NaN
5,1,6,0.7659187175498298
3,3,6,0.6211047067208528
5,1,6,NaN
5,1,6,0.7943141978951035
2,4,6,0.3147278493122561
6,0,6,NaN
6,0,6,NaN
5,1,6,0.4389759442456205
4,2,6,0.8204795116931126
4,2,6,0.6629394266610144
5,1,6,0.04470578578971025
4,2,6,0.3147278493122561
4,2,6,NaN
3,3,6,NaN
6,0,6,NaN
6,0,6,NaN
3,3,6,0.7008553584305408
4,2,6,0.6211047067208528
3,3,6,NaN
6,0,6,0.05295374443847441
6,0,6,0.9886670302743008
5,1,6,NaN
4,2,6,NaN
3,3,6,NaN
5,1,6,NaN
2,4,6,0.7659187175498298
4,2,6,0.14080710657571024
5,1,6,0.6629394266610144
6,0,6,0.5993822259927912
3,3,6,0.12013878273687387
4,2,6,0.8204795116931126
3,3,6,NaN
4,2,6,0.18561760226461765
4,2,6,0.7403107033676471
5,1,6,0.6629394266610144
4,2,6,0.8949950374154003
5,1,6,0.36959257766905407
4,2,6,0.9097889372969507
6,0,6,0.7659187175498298
5,1,6,0.31603071707292774
5,1,6,NaN
6,0,6,0.6211047067208528
4,2,6,NaN
6,0,6,NaN
4,2,6,NaN
5,1,6,0.534054961478336
6,0,6,0.21187913375295056
6,0,6,0.922483585895465
5,1,6,NaN
2,4,6,NaN
4,2,6,0.7008553584305408
6,0,6,0.25990850867455345
3,3,6,NaN
2,4,6,0.3147278493122561
3,3,6,0.1685608526608158
5,1,6,NaN
4,2,6,0.8418168267177661
4,2,6,NaN
6,0,6,0.06988872661807305
4,2,6,NaN
6,0,6,NaN
4,2,6,NaN
3,3,6,0.9749834651108517
6,0,6,NaN
6,0,6,0.7659187175498298
4,2,6,0.5695490620701075
4,2,6,NaN
3,3,6,0.9690207992381747
5,1,6,NaN
4,2,6,0.10644627622097674
3,3,6,0.001851464381362323
4,2,6,0.3991597392622456
6,0,6,0.03973270879120916
5,1,6,NaN
5,1,6,NaN
5,1,6,0.7351022872357142
5,1,6,0.6211047067208528
6,0,6,0.8617097556108892
6,0,6,0.534054961478336
4,2,6,NaN
5,1,6,NaN
6,0,6,0.7351022872357142
6,0,6,NaN
5,1,6,NaN
5,1,6,NaN
5,1,6,0.35163936320323114
4,2,6,0.8949950374154003
5,1,6,NaN
6,0,6,NaN
3,3,6,NaN
5,1,6,NaN
4,2,6,0.8418168267177661
4,2,6,NaN
6,0,6,0.4869472780660612
5,1,6,NaN
5,1,6,NaN
4,2,6,0.23136573777456157
4,2,6,0.5773495910338519
4,2,6,NaN
6,0,6,NaN
4,2,6,0.39365820288251563
3,3,6,0.35163936320323114
6,0,6,NaN
5,1,6,NaN
4,2,6,NaN
5,1,6,0.534054961478336
5,1,6,NaN
5,1,6,0.4584457217856004
2,4,6,0.2770589453938832
5,1,6,0.002245706259241102
4,2,6,0.7351022872357142
5,1,6,NaN
3,3,6,0.4389759442456205
2,4,6,0.02807156558671098
6,0,6,NaN
6,0,6,NaN
3,3,6,NaN
4,2,6,0.7659187175498298
4,2,6,0.6184670393434103
6,0,6,NaN
5,1,6,0.1961479391792563
6,0,6,0.7208581372656296
4,2,6,0.21187913375295056
3,3,6,0.7659187175498298
5,1,6,0.8949950374154003
5,1,6,NaN
4,2,6,NaN
6,0,6,NaN
4,2,6,0.962032138983051
3,3,6,0.02611284212389445
6,0,6,NaN
5,1,6,0.35163936320323114
5,1,6,0.35163936320323114
3,3,6,NaN
5,1,6,NaN
6,0,6,NaN
5,1,6,NaN
5,1,6,0.05295374443847441
5,1,6,0.017067814531827794
5,1,6,0.8949950374154003
5,1,6,0.8949950374154003
4,2,6,0.8204795116931126
3,3,6,0.9799588626550771
4,2,6,0.35163936320323114
4,2,6,0.7943141978951035
6,0,6,NaN
5,1,6,NaN
6,0,6,NaN
4,2,6,0.7943141978951035
5,1,6,NaN
6,0,6,0.4389759442456205
5,1,6,0.7659187175498298
4,2,6,NaN
3,3,6,0.9886670302743008
3,3,6,NaN
4,2,6,0.8204795116931126
3,3,6,0.35163936320323114
6,0,6,NaN
4,2,6,0.04198147262681646
5,1,6,NaN
6,0,6,NaN
4,2,6,NaN
4,2,6,0.586965109129717
4,2,6,NaN
3,3,6,NaN
6,0,6,0.852248959486196
4,2,6,0.161264881038212
6,0,6,0.5773495910338519
6,0,6,0.8791469822960243
3,3,6,0.0070674882934371065
5,1,6,NaN
6,0,6,0.4869472780660612
5,1,6,0.013595179396091573
6,0,6,0.6629394266610144
6,0,6,0.18561760226461765
4,2,6,NaN
3,3,6,NaN
6,0,6,0.8828798592336683
2,4,6,0.534054961478336
4,2,6,0.6716678372530487
2,4,6,NaN
6,0,6,0.06058247105517931
6,0,6,NaN
6,0,6,NaN
5,1,6,NaN
4,2,6,NaN
5,1,6,NaN
4,2,6,NaN
4,2,6,NaN
6,0,6,NaN
5,1,6,NaN
5,1,6,0.8204795116931126
5,1,6,NaN
3,3,6,NaN
4,2,6,NaN
6,0,6,NaN
6,0,6,0.6629394266610144
4,2,6,0.8418168267177661
6,0,6,NaN
5,1,6,0.9799588626550771
3,3,6,NaN
4,2,6,0.7278211944730643
3,3,6,0.9976421736640568
4,2,6,NaN
6,0,6,NaN
2,4,6,0.4389759442456205
5,1,6,0.022641636257990223
4,2,6,0.7008553584305408
6,0,6,0.9999176395692245
5,1,6,NaN
6,0,6,0.022641636257990223
5,1,6,0.922483585895465
4,2,6,0.06879133484859948
6,0,6,0.9336743037628588
6,0,6,0.2786484571331827
2,4,6,0.35163936320323114
6,0,6,0.39365820288251563
6,0,6,0.6629394266610144
3,3,6,NaN
6,0,6,NaN
6,0,6,0.3147278493122561
6,0,6,NaN
4,2,6,0.06058247105517931
4,2,6,0.7351022872357142
4,2,6,0.045946027748132785
3,3,6,0.39365820288251563
5,1,6,NaN
5,1,6,0.17239470229904152
5,1,6,NaN
6,0,6,NaN
6,0,6,0.4389759442456205
6,0,6,NaN
4,2,6,0.2577041879030101
5,1,6,NaN
5,1,6,0.962032138983051
5,1,6,0.6211047067208528
5,1,6,NaN
3,3,6,0.5624190893075987
6,0,6,0.07340056352677467
2,4,6,0.6211047067208528
4,2,6,NaN
4,2,6,0.7659187175498298
4,2,6,0.7351022872357142
4,2,6,0.4389759442456205
6,0,6,0.2770589453938832
6,0,6,NaN
4,2,6,NaN
6,0,6,NaN
5,1,6,0.3005245830204946
5,1,6,NaN
2,4,6,NaN
5,1,6,0.07689898521175582
5,1,6,0.9145555838841878
4,2,6,0.21130430004994225
3,3,6,0.8418168267177661
5,1,6,0.12592454021722627
3,3,6,0.39365820288251563
3,3,6,0.006434035616433754
3,3,6,NaN
3,3,6,NaN
3,3,6,0.5773495910338519
1,5,6,NaN
5,1,6,NaN
4,2,6,0.09331494238381467
5,1,6,0.7943141978951035
4,2,6,0.39365820288251563
6,0,6,0.06988872661807305
4,2,6,0.922483585895465
5,1,6,NaN
6,0,6,NaN
4,2,6,NaN
5,1,6,0.05295374443847441
5,1,6,NaN
6,0,6,NaN
2,4,6,0.0017999753742455494
3,3,6,NaN
5,1,6,NaN
2,4,6,NaN
5,1,6,NaN
4,2,6,NaN
5,1,6,NaN
5,1,6,0.8791469822960243
4,2,6,0.6211047067208528
3,3,6,NaN
3,3,6,NaN
4,2,6,NaN
4,2,6,0.8791469822960243
2,4,6,0.21187913375295056
6,0,6,0.051987345065264985
5,1,6,0.9534911290835386
5,1,6,NaN
2,4,6,NaN
4,2,6,NaN
6,0,6,NaN
6,0,6,0.6629394266610144
4,2,6,0.7659187175498298
5,1,6,NaN
6,0,6,0.6211047067208528
3,3,6,0.9845924478014567
3,3,6,NaN
2,4,6,0.4389759442456205
4,2,6,NaN
5,1,6,0.8791469822960243
5,1,6,0.12196444410581492
3,3,6,0.14080710657571024
5,1,6,NaN
6,0,6,0.8418168267177661
5,1,6,0.7008553584305408
6,0,6,0.6678709543094972
4,2,6,NaN
3,3,6,0.7943141978951035
2,4,6,0.045946027748132785
5,1,6,NaN
3,3,6,NaN
5,1,6,NaN
2,4,6,0.922483585895465
4,2,6,NaN
5,1,6,0.8617097556108892
4,2,6,NaN
5,1,6,NaN
5,1,6,NaN
3,3,6,NaN
4,2,6,0.04581680352367893
5,1,6,0.9097889372969507
5,1,6,NaN
6,0,6,NaN
6,0,6,0.27318622207918847
4,2,6,NaN
5,1,6,0.2770589453938832
4,2,6,0.05295374443847441
4,2,6,NaN
5,1,6,0.4389759442456205
5,1,6,NaN
2,4,6,0.9845924478014567
3,3,6,NaN
6,0,6,NaN
4,2,6,0.35163936320323114
4,2,6,0.9097889372969507
3,3,6,0.8452759028441256
3,3,6,0.0035002013226525163
3,3,6,NaN
6,0,6,0.3147278493122561
2,4,6,NaN
6,0,6,0.045946027748132785
3,3,6,0.35163936320323114
6,0,6,NaN
6,0,6,0.21187913375295056
6,0,6,0.7206370700902589
5,1,6,0.161264881038212
5,1,6,NaN
5,1,6,NaN
3,3,6,0.1684952431808502
5,1,6,0.18561760226461765
6,0,6,0.8949950374154003
6,0,6,NaN
6,0,6,NaN
3,3,6,0.9805597438903171
6,0,6,0.0070674882934371065
5,1,6,0.7008553584305408
3,3,6,0.21187913375295056
3,3,6,0.9534911290835386
5,1,6,NaN
3,3,6,0.8418168267177661
5,1,6,0.534054961478336
5,1,6,NaN
3,3,6,0.922483585895465
4,2,6,NaN
4,2,6,0.8791469822960243
4,2,6,0.962032138983051
6,0,6,0.7659187175498298
5,1,6,0.8204795116931126
5,1,6,0.6629394266610144
5,1,6,NaN
6,0,6,0.8204795116931126
4,2,6,0.12941798093153112
4,2,6,0.3399082013245906
4,2,6,NaN
5,1,6,NaN
5,1,6,0.6211047067208528
6,0,6,NaN
5,1,6,0.11406515607463821
6,0,6,0.7008553584305408
5,1,6,0.0014419154817902062
6,0,6,0.411011776119744
5,1,6,0.4869472780660612
2,4,6,0.9754008279036868
4,2,6,0.9534911290835386
3,3,6,0.6539221797901071
3,3,6,0.019582362947367808
4,2,6,0.06988872661807305
3,3,6,0.8204795116931126
6,0,6,NaN
6,0,6,NaN
6,0,6,NaN
5,1,6,NaN
4,2,6,0.8204795116931126
4,2,6,0.7659187175498298
5,1,6,NaN
3,3,6,NaN
5,1,6,0.922483585895465
6,0,6,NaN
3,3,6,0.6211047067208528
6,0,6,0.14080710657571024
5,1,6,0.7351022872357142
3,3,6,0.39365820288251563
6,0,6,0.06944451794035625
6,0,6,0.534054961478336
4,2,6,NaN
5,1,6,NaN
5,1,6,0.10644627622097674
5,1,6,0.013595179396091573
6,0,6,NaN
3,3,6,0.0031063196187324157
5,1,6,NaN
6,0,6,NaN
5,1,6,0.13316119865824727
5,1,6,NaN
5,1,6,0.9336743037628588
5,1,6,NaN
6,0,6,NaN
4,2,6,0.39365820288251563
5,1,6,0.35163936320323114
3,3,6,0.5033748896141214
5,1,6,NaN
2,4,6,0.534054961478336
3,3,6,0.00413632405351317
5,1,6,0.7351022872357142
6,0,6,0.21187913375295056
5,1,6,0.534054961478336
6,0,6,0.0022477996153736114
3,3,6,0.6211047067208528
4,2,6,NaN
6,0,6,0.6713148606042852
6,0,6,NaN
5,1,6,0.0006172999850584944
5,1,6,NaN
3,3,6,0.8204795116931126
3,3,6,0.3113020350068427
3,3,6,NaN
1,5,6,NaN
4,2,6,0.14080710657571024
5,1,6,0.6096591693619561
4,2,6,NaN
5,1,6,0.991808263676121
5,1,6,0.6419307927155035
6,0,6,NaN
5,1,6,NaN
6,0,6,0.7351022872357142
6,0,6,NaN
4,2,6,0.8166047472199134
4,2,6,0.8208057802686161
6,0,6,NaN
5,1,6,NaN
3,3,6,NaN
5,1,6,NaN
5,1,6,0.30728168715621196
5,1,6,0.534054961478336
6,0,6,NaN
1,5,6,NaN
5,1,6,NaN
4,2,6,0.6211047067208528
6,0,6,0.39365820288251563
3,3,6,0.7120588430681319
6,0,6,0.6629394266610144
5,1,6,0.4670475676329104
5,1,6,0.161264881038212
6,0,6,0.8204795116931126
6,0,6,NaN
2,4,6,0.05295374443847441
2,4,6,NaN
4,2,6,0.4389759442456205
2,4,6,NaN
6,0,6,NaN
6,0,6,NaN
6,0,6,NaN
5,1,6,NaN
3,3,6,NaN
4,2,6,NaN
3,3,6,0.10644627622097674
4,2,6,NaN
3,3,6,0.7351022872357142
3,3,6,0.023478970501129702
5,1,6,NaN
5,1,6,0.11212326449798977
5,1,6,0.7351022872357142
3,3,6,0.9749834651108517
4,2,6,0.6211047067208528
6,0,6,0.9336743037628588
5,1,6,0.5773495910338519
5,1,6,0.35163936320323114
3,3,6,0.045946027748132785
5,1,6,0.03973270879120916
5,1,6,0.21187913375295056
6,0,6,NaN
3,3,6,NaN
4,2,6,0.161264881038212
4,2,6,0.7351022872357142
5,1,6,0.8177054193005816
4,2,6,NaN
6,0,6,0.8791469822960243
4,2,6,0.005100602238806189
4,2,6,NaN
2,4,6,0.2346486150413795
1,5,6,NaN
6,0,6,0.4389759442456205
6,0,6,0.2770589453938832
5,1,6,NaN
5,1,6,0.9097889372969507
6,0,6,0.24299412154726827
6,0,6,NaN
4,2,6,NaN
5,1,6,0.023862577704613464
3,3,6,NaN
6,0,6,NaN
5,1,6,NaN
3,3,6,NaN
3,3,6,0.8389696560031878
5,1,6,NaN
3,3,6,0.44472499207422994
5,1,6,0.4698483071660168
6,0,6,0.6629394266610144
5,1,6,0.4869472780660612
3,3,6,NaN
4,2,6,0.04899991530502719
4,2,6,0.7351022872357142
5,1,6,0.534054961478336
5,1,6,0.03973270879120916
5,1,6,0.7943141978951035
1,5,6,0.12196444410581492
3,3,6,0.0014850026481310564
5,1,6,0.047506439957031375
6,0,6,0.39812611716746504
1,5,6,NaN
3,3,6,0.9690207992381747
6,0,6,0.02162347649920689
4,2,6,NaN
6,0,6,0.4869472780660612
5,1,6,NaN
5,1,6,0.7659187175498298
5,1,6,NaN
3,3,6,NaN
6,0,6,0.012569830130148714
4,2,6,0.3147278493122561
5,1,6,0.05295374443847441
6,0,6,0.33951016268765943
2,4,6,NaN
3,3,6,NaN
4,2,6,NaN
5,1,6,0.9690207992381747
4,2,6,0.922483585895465
6,0,6,NaN
6,0,6,0.18561760226461765
6,0,6,NaN
6,0,6,0.05014307186825348
5,1,6,0.7206370700902589
5,1,6,0.534054961478336
4,2,6,0.9845924478014567
5,1,6,NaN
4,2,6,NaN
5,1,6,NaN
6,0,6,NaN
3,3,6,0.10644627622097674
2,4,6,0.9027910810082875
4,2,6,0.013595179396091573
5,1,6,NaN
4,2,6,0.39365820288251563
6,0,6,0.17681314130673703
4,2,6,NaN
5,1,6,NaN
6,0,6,0.4389759442456205
5,1,6,NaN
4,2,6,0.9230006134394297
6,0,6,0.21395042578515408
6,0,6,0.4869472780660612
5,1,6,NaN
6,0,6,0.689064458705073
4,2,6,NaN
5,1,6,0.21187913375295056
4,2,6,NaN
6,0,6,0.008293551221884132
3,3,6,NaN
5,1,6,NaN
5,1,6,NaN
5,1,6,0.17947309547001247
5,1,6,0.4869472780660612
6,0,6,NaN
3,3,6,0.4869472780660612
4,2,6,0.1410605315925086
3,3,6,NaN
6,0,6,0.7755566302379986
4,2,6,NaN
6,0,6,NaN
5,1,6,NaN
5,1,6,NaN
5,1,6,NaN
3,3,6,0.00560177640824833
4,2,6,0.4389759442456205
4,2,6,NaN
4,2,6,0.8204795116931126
4,2,6,0.7351022872357142
5,1,6,0.9222273086329112
4,2,6,0.28307959117702786
6,0,6,0.6629394266610144
4,2,6,0.9886670302743008
5,1,6,0.8791469822960243
4,2,6,NaN
5,1,6,0.4389759442456205
5,1,6,0.05295374443847441
5,1,6,0.8029982712614788
3,3,6,NaN
5,1,6,NaN
6,0,6,NaN
4,2,6,NaN
5,1,6,NaN
5,1,6,NaN
6,0,6,0.03973270879120916
4,2,6,0.534054961478336
5,1,6,0.2770589453938832
4,2,6,0.3147278493122561
3,3,6,0.4869472780660612
5,1,6,NaN
3,3,6,NaN
3,3,6,0.2770589453938832
5,1,6,0.6211047067208528
5,1,6,NaN
4,2,6,0.21187913375295056
6,0,6,0.14107547527436967
6,0,6,NaN
6,0,6,0.430201265646171
3,3,6,0.18561760226461765
6,0,6,0.161264881038212
5,1,6,NaN
6,0,6,0.161264881038212
6,0,6,NaN
4,2,6,NaN
4,2,6,NaN
5,1,6,0.21187913375295056
6,0,6,NaN
5,1,6,NaN
2,4,6,0.11316137566900389
5,1,6,NaN
6,0,6,NaN
2,4,6,0.3147278493122561
4,2,6,0.7063459736741234
4,2,6,NaN
6,0,6,0.7659187175498298
4,2,6,0.35163936320323114
6,0,6,NaN
6,0,6,NaN
4,2,6,0.18821567133084163
6,0,6,NaN
6,0,6,NaN
6,0,6,NaN
1,5,6,0.12196444410581492
5,1,6,0.8617097556108892
4,2,6,0.8791469822960243
5,1,6,0.24299412154726827
3,3,6,0.03973270879120916
4,2,6,NaN
5,1,6,0.18561760226461765
3,3,6,NaN
4,2,6,0.5773495910338519
4,2,6,0.7008553584305408
5,1,6,0.9792398131722689
2,4,6,0.4869472780660612
5,1,6,0.18561760226461765
3,3,6,0.12587646972847963
6,0,6,NaN
5,1,6,NaN
3,3,6,NaN
6,0,6,NaN
5,1,6,0.6629394266610144
3,3,6,0.8418168267177661
4,2,6,0.21187913375295056
6,0,6,0.7351022872357142
2,4,6,NaN
5,1,6,0.0006672145362272866
4,2,6,NaN
5,1,6,NaN
6,0,6,0.7659187175498298
5,1,6,0.9336743037628588
6,0,6,0.3147278493122561
6,0,6,0.8204795116931126
4,2,6,NaN
6,0,6,0.2770589453938832
6,0,6,NaN
3,3,6,0.6211047067208528
6,0,6,0.39365820288251563
5,1,6,0.6629394266610144
4,2,6,0.3147278493122561
2,4,6,0.5057373099235668
4,2,6,NaN
6,0,6,0.4869472780660612
6,0,6,0.9097889372969507
5,1,6,0.39365820288251563
6,0,6,0.6211047067208528
6,0,6,0.7943141978951035
4,2,6,0.9937309690326298
5,1,6,NaN
5,1,6,NaN
4,2,6,NaN
3,3,6,0.2770589453938832
2,4,6,0.14080710657571024
5,1,6,NaN
6,0,6,0.5773495910338519
4,2,6,0.7008553584305408
3,3,6,NaN
4,2,6,0.6629394266610144
3,3,6,0.8204795116931126
5,1,6,0.35163936320323114
3,3,6,0.002144739130434723
6,0,6,0.4869472780660612
6,0,6,0.8418168267177661
6,0,6,NaN
6,0,6,NaN
4,2,6,0.09331494238381467
4,2,6,NaN
4,2,6,NaN
4,2,6,0.8791469822960243
6,0,6,0.02611284212389445
4,2,6,0.21187913375295056
3,3,6,0.2927015896638254
6,0,6,NaN
4,2,6,0.10644627622097674
6,0,6,0.534054961478336
3,3,6,0.0034429142315526478
4,2,6,NaN
4,2,6,0.05295374443847441
6,0,6,NaN
5,1,6,0.7943141978951035
5,1,6,NaN
4,2,6,NaN
6,0,6,NaN
6,0,6,NaN
6,0,6,NaN
4,2,6,0.7008553584305408
5,1,6,0.8791469822960243
4,2,6,NaN
5,1,6,0.24299412154726827
6,0,6,0.10644627622097674
3,3,6,NaN
4,2,6,NaN
4,2,6,0.534054961478336
4,2,6,NaN
5,1,6,0.21187913375295056
4,2,6,NaN
2,4,6,NaN
2,4,6,NaN
4,2,6,NaN
4,2,6,0.05295374443847441
5,1,6,NaN
4,2,6,NaN
4,2,6,0.6563875518623467
5,1,6,0.7034798908330773
5,1,6,0.9336743037628588
5,1,6,0.12747075101832725
6,0,6,0.534054961478336
4,2,6,0.35163936320323114
2,4,6,0.5773495910338519
5,1,6,0.8949950374154003
5,1,6,0.9097889372969507
4,2,6,0.12196444410581492
4,2,6,NaN
4,2,6,0.30728168715621196
6,0,6,0.8418168267177661
3,3,6,0.9690207992381747
5,1,6,0.09331494238381467
6,0,6,NaN
5,1,6,NaN
5,1,6,NaN
6,0,6,0.8949950374154003
6,0,6,NaN
5,1,6,0.05295374443847441
5,1,6,0.4869472780660612
4,2,6,0.7008553584305408
6,0,6,0.02611284212389445
4,2,6,NaN
4,2,6,0.9960543832909723
4,2,6,NaN
3,3,6,NaN
6,0,6,NaN
5,1,6,NaN
5,1,6,NaN
4,2,6,NaN
6,0,6,NaN
3,3,6,0.8791469822960243
6,0,6,0.3147278493122561
4,2,6,NaN
6,0,6,0.26341845189497487
5,1,6,NaN
3,3,6,0.8204795116931126
5,1,6,NaN
6,0,6,0.8949950374154003
5,1,6,0.12196444410581492
4,2,6,0.4389759442456205
4,2,6,0.21187913375295056
2,4,6,0.03468779084967369
3,3,6,NaN
5,1,6,0.3147278493122561
6,0,6,0.4869472780660612
4,2,6,NaN
3,3,6,0.5773495910338519
4,2,6,0.161264881038212
4,2,6,0.7943141978951035
6,0,6,NaN
3,3,6,0.3147278493122561
5,1,6,NaN
5,1,6,NaN
4,2,6,NaN
4,2,6,NaN
4,2,6,0.03025847703180226
4,2,6,0.9444012070806406
1,5,6,0.63524945006711
3,3,6,0.5848463239885973
6,0,6,NaN
6,0,6,0.3727291238064636
5,1,6,NaN
5,1,6,0.03729414336481393
5,1,6,0.10644627622097674
2,4,6,NaN
3,3,6,NaN
6,0,6,0.04702888506633837
3,3,6,0.9749834651108517
5,1,6,NaN
4,2,6,NaN
4,2,6,NaN
5,1,6,NaN
6,0,6,NaN
3,3,6,0.534054961478336
5,1,6,0.6563875518623467
3,3,6,NaN
6,0,6,0.3147278493122561
6,0,6,0.534054961478336
2,4,6,0.4205650813976078
4,2,6,0.18561760226461765
5,1,6,NaN
6,0,6,0.4389759442456205
4,2,6,NaN
3,3,6,NaN
4,2,6,0.9444012070806406
5,1,6,0.7351022872357142
5,1,6,NaN
6,0,6,0.6211047067208528
3,3,6,NaN
5,1,6,0.39464622595139676
4,2,6,0.7351022872357142
5,1,6,0.9799588626550771
5,1,6,NaN
5,1,6,0.4869472780660612
6,0,6,0.4869472780660612
5,1,6,0.7659187175498298
6,0,6,NaN
5,1,6,NaN
5,1,6,0.6928924298259402
2,4,6,NaN
6,0,6,0.06369546435864522
3,3,6,NaN
5,1,6,0.534054961478336
5,1,6,0.21187913375295056
2,4,6,NaN
5,1,6,0.3147278493122561
3,3,6,NaN
6,0,6,NaN
6,0,6,NaN
4,2,6,0.0005306294840308931
5,1,6,0.7659187175498298
4,2,6,NaN
3,3,6,NaN
4,2,6,0.7008553584305408
4,2,6,NaN
6,0,6,NaN
6,0,6,0.7351022872357142
4,2,6,0.7008553584305408
5,1,6,0.35163936320323114
6,0,6,0.24299412154726827
5,1,6,NaN
3,3,6,NaN
4,2,6,0.8949950374154003
4,2,6,0.7351022872357142
4,2,6,NaN
5,1,6,0.9551866379293957
5,1,6,0.21187913375295056
6,0,6,0.35163936320323114
3,3,6,NaN
6,0,6,0.7206370700902589
6,0,6,0.7351022872357142
5,1,6,0.8418168267177661
3,3,6,0.10644627622097674
5,1,6,NaN
2,4,6,0.022641636257990223
6,0,6,0.0035002013226525163
6,0,6,NaN
5,1,6,0.9097889372969507
3,3,6,0.7943141978951035
3,3,6,NaN
5,1,6,NaN
5,1,6,0.39365820288251563
4,2,6,0.8418168267177661
4,2,6,0.10644627622097674
5,1,6,0.35163936320323114
4,2,6,NaN
4,2,6,NaN
4,2,6,NaN
6,0,6,NaN
6,0,6,NaN
5,1,6,NaN
3,3,6,0.831993976777079
5,1,6,0.8688464140995596
4,2,6,0.9090413128056967
6,0,6,NaN
6,0,6,0.9336743037628588
6,0,6,NaN
5,1,6,0.16458004587090136
5,1,6,0.0006031958946682514
2,4,6,NaN
6,0,6,NaN
5,1,6,0.7569530940454013
6,0,6,NaN
4,2,6,NaN
4,2,6,NaN
2,4,6,NaN
6,0,6,0.2945119215422012
4,2,6,NaN
5,1,6,0.962032138983051
4,2,6,0.3343951413562902
6,0,6,NaN
3,3,6,0.05995484331820236
5,1,6,NaN
5,1,6,NaN
6,0,6,0.24299412154726827
4,2,6,0.35163936320323114
5,1,6,0.9444012070806406
5,1,6,NaN
2,4,6,0.6716678372530487
6,0,6,NaN
5,1,6,0.03973270879120916
6,0,6,0.5332959364810779
3,3,6,NaN
4,2,6,NaN
5,1,6,0.8617097556108892
5,1,6,0.5033250879380223
5,1,6,0.09331494238381467
4,2,6,NaN
5,1,6,0.4869472780660612
3,3,6,NaN
3,3,6,NaN
6,0,6,NaN
5,1,6,0.4584957332891234
5,1,6,0.039773888487817516
5,1,6,0.5773495910338519
6,0,6,NaN
3,3,6,NaN
3,3,6,NaN
5,1,6,0.7659187175498298
6,0,6,0.9097889372969507
4,2,6,NaN
4,2,6,NaN
6,0,6,0.2770589453938832
5,1,6,0.446197708266588
5,1,6,0.08115644780417555
3,3,6,0.5773495910338519
4,2,6,0.962032138983051
6,0,6,0.6629394266610144
5,1,6,0.7351022872357142
6,0,6,0.4869472780660612
6,0,6,NaN
3,3,6,NaN
4,2,6,NaN
3,3,6,0.24299412154726827
4,2,6,NaN
6,0,6,0.09331494238381467
4,2,6,NaN
6,0,6,0.8418168267177661
6,0,6,0.14080710657571024
6,0,6,NaN
4,2,6,NaN
4,2,6,NaN
5,1,6,NaN
5,1,6,0.7402398398099163
5,1,6,0.021512202070641074
4,2,6,0.08115644780417555
6,0,6,0.001229131411212396
5,1,6,0.8617097556108892
6,0,6,NaN
3,3,6,0.08115644780417555
5,1,6,0.7351022872357142
4,2,6,0.2770589453938832
4,2,6,0.0621516079217303
3,3,6,NaN
5,1,6,0.8563529610958541
1,5,6,0.24299412154726827
6,0,6,NaN
3,3,6,NaN
5,1,6,NaN
4,2,6,NaN
4,2,6,0.8617097556108892
3,3,6,0.204756329954101
4,2,6,NaN
4,2,6,0.7008553584305408
5,1,6,0.997608072328767
6,0,6,NaN
3,3,6,NaN
3,3,6,0.7943141978951035
4,2,6,NaN
5,1,6,NaN
4,2,6,0.7585630901794661
5,1,6,0.9799588626550771
4,2,6,0.002876375286040075
5,1,6,0.8949950374154003
5,1,6,NaN
5,1,6,NaN
4,2,6,0.028873987378990173
4,2,6,0.962032138983051
5,1,6,NaN
4,2,6,NaN
5,1,6,0.12196444410581492
6,0,6,NaN
4,2,6,NaN
5,1,6,0.08115644780417555
5,1,6,0.8734519849996528
6,0,6,0.8113104065011121
6,0,6,0.5499434263598094
2,4,6,NaN
4,2,6,0.37815637614042613
5,1,6,NaN
4,2,6,NaN
1,5,6,0.35163936320323114
4,2,6,0.7351022872357142
4,2,6,0.8617097556108892
3,3,6,0.3103570680766021
5,1,6,NaN
4,2,6,0.21187913375295056
4,2,6,0.14080710657571024
5,1,6,0.2770589453938832
5,1,6,0.9306374203613786
5,1,6,NaN
3,3,6,0.5826292651157386
5,1,6,NaN
2,4,6,NaN
5,1,6,NaN
6,0,6,NaN
5,1,6,0.534054961478336
4,2,6,0.9845924478014567
5,1,6,0.35163936320323114
4,2,6,NaN
3,3,6,0.991808263676121
5,1,6,NaN
6,0,6,0.6211047067208528
4,2,6,0.4389759442456205
6,0,6,NaN
5,1,6,NaN
5,1,6,0.36017632999797705
3,3,6,NaN
6,0,6,0.020629482621387356
5,1,6,0.5773495910338519
2,4,6,NaN
6,0,6,0.9845924478014567
3,3,6,NaN
3,3,6,NaN
4,2,6,0.7351022872357142
4,2,6,NaN
2,4,6,NaN
5,1,6,NaN
5,1,6,0.7351022872357142
3,3,6,0.7943141978951035
4,2,6,0.922483585895465
5,1,6,0.7659187175498298
6,0,6,NaN
5,1,6,0.09331494238381467
3,3,6,0.4869472780660612
4,2,6,0.8791469822960243
3,3,6,NaN
4,2,6,NaN
4,2,6,0.8418168267177661
5,1,6,0.5773495910338519
3,3,6,0.534054961478336
4,2,6,0.24685788650085178
4,2,6,NaN
5,1,6,NaN
5,1,6,0.534054961478336
6,0,6,0.29973320126138214
2,4,6,0.35163936320323114
5,1,6,0.07313359451857124
5,1,6,NaN
5,1,6,NaN
4,2,6,NaN
6,0,6,NaN
4,2,6,0.20928991907455943
6,0,6,NaN
3,3,6,0.037743751124576
2,4,6,NaN
3,3,6,NaN
6,0,6,0.2770589453938832
5,1,6,NaN
4,2,6,0.6629394266610144
5,1,6,0.045946027748132785
4,2,6,NaN
6,0,6,NaN
6,0,6,0.751997803097459
5,1,6,0.06058247105517931
5,1,6,0.09331494238381467
4,2,6,0.6431855630702918
4,2,6,0.9099463637963954
1,5,6,0.05295374443847441
5,1,6,NaN
3,3,6,NaN
6,0,6,NaN
5,1,6,NaN
6,0,6,NaN
5,1,6,0.8204795116931126
4,2,6,NaN
5,1,6,0.4869472780660612
5,1,6,NaN
6,0,6,0.8949950374154003
6,0,6,0.8269265105013369
6,0,6,NaN
6,0,6,0.7785158583827876
5,1,6,NaN
2,4,6,NaN
5,1,6,0.6211047067208528
6,0,6,0.4389759442456205
4,2,6,0.9845924478014567
4,2,6,0.05295374443847441
6,0,6,0.26071444621421086
6,0,6,0.16341181293552462
4,2,6,0.09333138838563726
6,0,6,NaN
5,1,6,0.6629394266610144
6,0,6,0.583929127406625
5,1,6,NaN
5,1,6,NaN
5,1,6,NaN
5,1,6,0.39365820288251563
1,5,6,0.9336743037628588
6,0,6,NaN
5,1,6,0.06058247105517931
6,0,6,NaN
3,3,6,0.7669724569055903
4,2,6,0.8949950374154003
5,1,6,0.8185224033161663
6,0,6,0.5773495910338519
6,0,6,NaN
6,0,6,NaN
6,0,6,0.6629394266610144
5,1,6,0.9097889372969507
5,1,6,0.29984325626863695
6,0,6,NaN
3,3,6,0.8204795116931126
4,2,6,NaN
5,1,6,0.002245706259241102
2,4,6,0.35163936320323114
6,0,6,NaN
6,0,6,0.5773495910338519
6,0,6,NaN
5,1,6,0.08115644780417555
5,1,6,NaN
6,0,6,NaN
6,0,6,0.5209026929169104
5,1,6,NaN
4,2,6,0.9780116796611077
2,4,6,NaN
5,1,6,0.39365820288251563
3,3,6,0.09331494238381467
6,0,6,0.009222240533018254
5,1,6,0.8949950374154003
4,2,6,NaN
4,2,6,0.7943141978951035
3,3,6,0.04470578578971025
3,3,6,0.4389759442456205
2,4,6,0.769100819549383
4,2,6,0.5579158840401912
5,1,6,0.7235157721107646
6,0,6,NaN
4,2,6,0.6211047067208528
1,5,6,NaN
5,1,6,0.8742961525070424
5,1,6,NaN
5,1,6,NaN
5,1,6,0.6211047067208528
6,0,6,0.7008553584305408
2,4,6,0.9799588626550771
5,1,6,0.7351022872357142
5,1,6,NaN
4,2,6,NaN
3,3,6,NaN
2,4,6,NaN
5,1,6,0.2770589453938832
3,3,6,NaN
6,0,6,NaN
2,4,6,0.05295374443847441
3,3,6,0.011625908468073121
3,3,6,0.7008553584305408
2,4,6,NaN
6,0,6,0.5773495910338519
6,0,6,NaN
4,2,6,0.7008553584305408
4,2,6,NaN
6,0,6,NaN
5,1,6,NaN
2,4,6,5.36180477510534e-5
5,1,6,0.0005358867667097031
4,2,6,NaN
5,1,6,0.12196444410581492
2,4,6,0.06988872661807305
4,2,6,NaN
4,2,6,0.4869472780660612
5,1,6,0.03025847703180226
3,3,6,NaN
3,3,6,NaN
6,0,6,NaN
3,3,6,0.7659187175498298
6,0,6,NaN
4,2,6,NaN
4,2,6,NaN
3,3,6,NaN
6,0,6,0.18561760226461765
4,2,6,0.8791469822960243
3,3,6,NaN
4,2,6,0.026970288227190494
5,1,6,0.2770589453938832
4,2,6,NaN
5,1,6,0.35163936320323114
3,3,6,NaN
5,1,6,NaN
6,0,6,0.7351022872357142
6,0,6,0.6629394266610144
5,1,6,0.10644627622097674
4,2,6,NaN
5,1,6,NaN
3,3,6,0.03468779084967369
4,2,6,0.8482140489564103
2,4,6,0.35163936320323114
3,3,6,0.33674384386282175
4,2,6,0.7351022872357142
6,0,6,0.26573124408698395
2,4,6,0.10420965863722148
3,3,6,0.5773495910338519
6,0,6,0.2770589453938832
6,0,6,NaN
3,3,6,0.36025301154808537
4,2,6,0.18561760226461765
6,0,6,NaN
5,1,6,NaN
3,3,6,0.9799588626550771
2,4,6,0.7943141978951035
6,0,6,0.881143991419024
4,2,6,0.9534911290835386
5,1,6,0.161264881038212
3,3,6,0.03468779084967369
3,3,6,NaN
3,3,6,0.3298650410173305
2,4,6,0.7802089643343069
3,3,6,NaN
3,3,6,0.010741834380551773
6,0,6,NaN
6,0,6,0.03973270879120916
6,0,6,NaN
4,2,6,NaN
4,2,6,0.7943141978951035
6,0,6,NaN
6,0,6,NaN
4,2,6,0.8617097556108892
5,1,6,NaN
2,4,6,0.39365820288251563
4,2,6,NaN
5,1,6,NaN
2,4,6,0.35133602784209195
3,3,6,0.06988872661807305
5,1,6,0.24299412154726827
5,1,6,0.03025847703180226
4,2,6,0.028759257868968074
6,0,6,NaN
6,0,6,0.9097889372969507
5,1,6,0.5042732639038533
3,3,6,0.8418168267177661
4,2,6,NaN
5,1,6,NaN
2,4,6,0.7759100191784861
6,0,6,NaN
3,3,6,NaN
4,2,6,NaN
6,0,6,NaN
5,1,6,0.3356648173745397
3,3,6,NaN
6,0,6,NaN
5,1,6,0.5773495910338519
2,4,6,NaN
2,4,6,NaN
2,4,6,0.962032138983051
3,3,6,0.8418168267177661
5,1,6,0.21187913375295056
6,0,6,0.6629394266610144
5,1,6,3.4977664377409526e-5
2,4,6,NaN
6,0,6,NaN
2,4,6,NaN
3,3,6,NaN
5,1,6,0.6211047067208528
3,3,6,NaN
5,1,6,0.4389759442456205
5,1,6,NaN
2,4,6,NaN
5,1,6,0.8949950374154003
6,0,6,0.3147278493122561
4,2,6,NaN
5,1,6,0.12196444410581492
1,5,6,NaN
5,1,6,0.6629394266610144
5,1,6,NaN
4,2,6,NaN
5,1,6,NaN
5,1,6,NaN
4,2,6,NaN
2,4,6,NaN
1,5,6,0.5009161411215545
5,1,6,0.9097889372969507
6,0,6,NaN
5,1,6,NaN
5,1,6,0.35163936320323114
6,0,6,0.3147278493122561
6,0,6,NaN
6,0,6,0.7943141978951035
5,1,6,0.2770589453938832
4,2,6,0.922483585895465
5,1,6,0.161264881038212
6,0,6,0.06058247105517931
2,4,6,NaN
4,2,6,0.06988872661807305
5,1,6,0.962032138983051
5,1,6,0.14080710657571024
4,2,6,NaN
4,2,6,NaN
5,1,6,0.06058247105517931
5,1,6,0.5773495910338519
3,3,6,0.12747075101832725
3,3,6,NaN
6,0,6,NaN
4,2,6,0.0005358867667097031
4,2,6,NaN
6,0,6,0.9690207992381747
5,1,6,0.5773495910338519
3,3,6,NaN
3,3,6,NaN
3,3,6,NaN
5,1,6,NaN
4,2,6,0.7351022872357142
2,4,6,0.8204795116931126
2,4,6,0.016036129072671212
5,1,6,NaN
3,3,6,0.08115644780417555
6,0,6,0.014062693909241156
5,1,6,0.06988872661807305
5,1,6,NaN
6,0,6,0.39365820288251563
4,2,6,NaN
6,0,6,0.4869472780660612
6,0,6,NaN
4,2,6,0.10644627622097674
6,0,6,NaN
2,4,6,NaN
5,1,6,NaN
6,0,6,0.8179318870746711
4,2,6,NaN
5,1,6,NaN
6,0,6,0.4869472780660612
4,2,6,0.24299412154726827
5,1,6,NaN
4,2,6,NaN
5,1,6,0.9914569581378953
2,4,6,NaN
4,2,6,0.35163936320323114
6,0,6,0.39365820288251563
6,0,6,0.5624190893075987
4,2,6,NaN
4,2,6,0.21187913375295056
2,4,6,0.09331494238381467
1,5,6,0.9336743037628588
5,1,6,0.6211047067208528
5,1,6,NaN
5,1,6,0.5773495910338519
5,1,6,NaN
5,1,6,NaN
4,2,6,NaN
6,0,6,0.027292777760252466
6,0,6,NaN
4,2,6,NaN
4,2,6,NaN
3,3,6,NaN
5,1,6,NaN
5,1,6,0.7659187175498298
5,1,6,NaN
3,3,6,0.7943141978951035
3,3,6,NaN
4,2,6,0.49804831204488964
6,0,6,0.08412227515610535
6,0,6,0.962032138983051
6,0,6,0.4389759442456205
6,0,6,0.4389759442456205
6,0,6,0.2770589453938832
5,1,6,NaN
4,2,6,0.7943141978951035
2,4,6,0.4584457217856004
4,2,6,0.3147278493122561
5,1,6,NaN
5,1,6,NaN
5,1,6,0.7351022872357142
5,1,6,0.7943141978951035
6,0,6,0.21187913375295056
2,4,6,0.6516018670740176
4,2,6,NaN
4,2,6,0.8617097556108892
2,4,6,NaN
3,3,6,0.7008553584305408
5,1,6,0.11212326449798977
2,4,6,NaN
4,2,6,NaN
4,2,6,0.7659187175498298
6,0,6,0.0002459423264950338
5,1,6,0.12196444410581492
5,1,6,NaN
5,1,6,NaN
2,4,6,0.7351022872357142
3,3,6,0.1738618123053368
5,1,6,0.24299412154726827
5,1,6,NaN
4,2,6,0.7659187175498298
4,2,6,NaN
6,0,6,NaN
4,2,6,0.8791469822960243
3,3,6,NaN
3,3,6,0.8996568585637369
6,0,6,0.9336743037628588
4,2,6,NaN
6,0,6,0.03025847703180226
5,1,6,0.8617097556108892
4,2,6,0.5624100504369717
5,1,6,0.9886670302743008
5,1,6,NaN
6,0,6,0.5773495910338519
5,1,6,0.5808813602523217
4,2,6,NaN
3,3,6,0.9799588626550771
3,3,6,0.9336743037628588
4,2,6,0.6211047067208528
4,2,6,0.534054961478336
4,2,6,0.001788009934573399
4,2,6,NaN
5,1,6,NaN
4,2,6,NaN
5,1,6,NaN
5,1,6,NaN
5,1,6,NaN
5,1,6,NaN
3,3,6,0.24299412154726827
6,0,6,0.4869472780660612
2,4,6,0.3147278493122561
6,0,6,NaN
6,0,6,0.2770589453938832
4,2,6,NaN
4,2,6,NaN
5,1,6,NaN
3,3,6,0.534054961478336
5,1,6,0.5349934737290842
4,2,6,NaN
5,1,6,NaN
3,3,6,0.14080710657571024
5,1,6,0.8166047472199134
5,1,6,0.24299412154726827
4,2,6,0.08115644780417555
3,3,6,NaN
3,3,6,0.7659187175498298
5,1,6,0.5349934737290842
1,5,6,0.7714896247057188
5,1,6,0.3147278493122561
4,2,6,NaN
4,2,6,0.009380913126229214
6,0,6,NaN
3,3,6,NaN
6,0,6,0.009708197960407164
2,4,6,0.022641636257990223
6,0,6,NaN
4,2,6,0.4389759442456205
6,0,6,0.12423109791225151
4,2,6,NaN
3,3,6,0.8949950374154003
6,0,6,0.2770589453938832
5,1,6,NaN
2,4,6,0.8791469822960243
5,1,6,0.7659187175498298
1,5,6,NaN
5,1,6,NaN
6,0,6,NaN
3,3,6,0.9749834651108517
5,1,6,0.8696920542569855
2,4,6,0.5773495910338519
6,0,6,0.8113173556829217
6,0,6,NaN
4,2,6,0.9690207992381747
4,2,6,0.14080710657571024
4,2,6,0.9307435081467119
6,0,6,NaN
4,2,6,0.9097889372969507
4,2,6,NaN
2,4,6,0.009708197960407164
4,2,6,NaN
6,0,6,0.9799588626550771
6,0,6,0.9941692455764074
6,0,6,0.06058247105517931
4,2,6,0.8204795116931126
5,1,6,NaN
6,0,6,0.6629394266610144
4,2,6,0.057999436222240304
3,3,6,NaN
2,4,6,0.9749834651108517
4,2,6,0.8418168267177661
3,3,6,0.3147278493122561
4,2,6,0.9407314488316132
4,2,6,NaN
5,1,6,0.09331494238381467
2,4,6,0.6868147128975066
4,2,6,NaN
4,2,6,0.0661330024587312
5,1,6,NaN
6,0,6,0.10644627622097674
4,2,6,NaN
5,1,6,0.4052830057971707
6,0,6,NaN
2,4,6,0.06347049979102455
3,3,6,NaN
3,3,6,NaN
4,2,6,NaN
5,1,6,0.030466847712185347
5,1,6,0.4869472780660612
6,0,6,NaN
5,1,6,NaN
3,3,6,0.7659187175498298
4,2,6,NaN
4,2,6,0.9690207992381747
6,0,6,0.21187913375295056
4,2,6,NaN
2,4,6,0.534054961478336
6,0,6,0.35163936320323114
1,5,6,NaN
4,2,6,0.05295374443847441
4,2,6,NaN
4,2,6,0.8204795116931126
6,0,6,0.6629394266610144
3,3,6,0.7008553584305408
5,1,6,0.4869472780660612
4,2,6,0.2770589453938832
6,0,6,NaN
5,1,6,NaN
5,1,6,NaN
4,2,6,NaN
6,0,6,0.8204795116931126
6,0,6,0.8290752304125107
6,0,6,0.5773495910338519
4,2,6,0.06058247105517931
4,2,6,0.12196444410581492
4,2,6,NaN
3,3,6,NaN
2,4,6,NaN
5,1,6,NaN
6,0,6,0.73490864013557
3,3,6,0.21187913375295056
6,0,6,0.24299412154726827
3,3,6,NaN
3,3,6,0.4869472780660612
1,5,6,NaN
6,0,6,0.35163936320323114
1,5,6,NaN
1,5,6,0.8949950374154003
1,5,6,NaN
5,1,6,0.8949950374154003
5,1,6,NaN
3,3,6,0.6629394266610144
2,4,6,NaN
3,3,6,NaN
3,3,6,0.3147278493122561
5,1,6,NaN
5,1,6,0.534054961478336
4,2,6,0.8418168267177661
6,0,6,0.8418168267177661
5,1,6,NaN
5,1,6,0.7029794519095245
5,1,6,0.24299412154726827
4,2,6,0.7008553584305408
4,2,6,NaN
5,1,6,0.876029631902659
3,3,6,0.6629394266610144
6,0,6,0.03468779084967369
6,0,6,0.8204795116931126
5,1,6,0.8418168267177661
4,2,6,0.3147278493122561
6,0,6,NaN
6,0,6,0.5773495910338519
5,1,6,NaN
4,2,6,NaN
4,2,6,NaN
6,0,6,0.03468779084967369
5,1,6,0.15509662652653305
3,3,6,0.161264881038212
4,2,6,NaN
5,1,6,0.24299412154726827
3,3,6,0.05014307186825348
3,3,6,NaN
2,4,6,0.3147278493122561
2,4,6,NaN
3,3,6,0.5208172689929056
3,3,6,0.39365820288251563
5,1,6,NaN
3,3,6,NaN
3,3,6,0.12196444410581492
4,2,6,NaN
6,0,6,0.12196444410581492
5,1,6,0.5773495910338519
5,1,6,0.14080710657571024
4,2,6,NaN
5,1,6,NaN
4,2,6,0.7659187175498298
6,0,6,NaN
5,1,6,0.5596810370861108
3,3,6,0.35163936320323114
3,3,6,NaN
3,3,6,NaN
5,1,6,NaN
5,1,6,0.2770589453938832
5,1,6,0.14080710657571024
3,3,6,0.06203928216318488
3,3,6,NaN
1,5,6,NaN
5,1,6,0.8092532091552165
6,0,6,0.161264881038212
5,1,6,NaN
3,3,6,0.4389759442456205
5,1,6,NaN
4,2,6,0.05295374443847441
3,3,6,NaN
5,1,6,NaN
2,4,6,NaN
3,3,6,0.6211047067208528
4,2,6,0.39365820288251563
4,2,6,NaN
5,1,6,NaN
6,0,6,0.7351022872357142
6,0,6,0.4389759442456205
6,0,6,0.7008553584305408
4,2,6,0.24299412154726827
5,1,6,0.6629394266610144
4,2,6,0.4869472780660612
4,2,6,NaN
2,4,6,0.1788360790655832
4,2,6,0.922483585895465
2,4,6,0.4389759442456205
4,2,6,0.08115644780417555
6,0,6,0.2770589453938832
2,4,6,0.0006736267488138987
3,3,6,0.7008553584305408
4,2,6,NaN
6,0,6,0.4869472780660612
6,0,6,NaN
4,2,6,0.77439442420746
4,2,6,NaN
5,1,6,0.7943141978951035
5,1,6,NaN
4,2,6,0.8418168267177661
6,0,6,NaN
6,0,6,NaN
5,1,6,0.12196444410581492
4,2,6,0.6629394266610144
5,1,6,0.00046250220553048884
4,2,6,NaN
6,0,6,0.35163936320323114
4,2,6,0.7351022872357142
3,3,6,0.8418168267177661
4,2,6,0.9799588626550771
3,3,6,0.35163936320323114
5,1,6,NaN
4,2,6,NaN
4,2,6,0.09705052906618594
3,3,6,NaN
6,0,6,0.31603071707292774
3,3,6,0.24299412154726827
6,0,6,0.7008553584305408
6,0,6,0.03025847703180226
5,1,6,0.8791469822960243
3,3,6,0.07705507702311457
6,0,6,0.14080710657571024
6,0,6,NaN
5,1,6,NaN
5,1,6,0.7544153438572178
3,3,6,NaN
4,2,6,0.962032138983051
2,4,6,NaN
6,0,6,0.21187913375295056
3,3,6,NaN
5,1,6,0.4869472780660612
5,1,6,0.9444012070806406
5,1,6,0.004226988598133926
5,1,6,NaN
3,3,6,0.7659187175498298
5,1,6,NaN
4,2,6,NaN
4,2,6,0.8791469822960243
4,2,6,0.534054961478336
5,1,6,NaN
2,4,6,0.7008553584305408
3,3,6,NaN
1,5,6,NaN
5,1,6,0.404086174289935
5,1,6,0.6211047067208528
4,2,6,NaN
6,0,6,0.2770589453938832
2,4,6,NaN
3,3,6,0.12196444410581492
5,1,6,0.21100327065933858
6,0,6,NaN
5,1,6,0.4389759442456205
4,2,6,NaN
4,2,6,NaN
5,1,6,0.7659187175498298
4,2,6,0.6419307927155035
5,1,6,0.00230409139195632
4,2,6,NaN
4,2,6,0.2770589453938832
6,0,6,NaN
4,2,6,0.28576789177454265
6,0,6,0.2770589453938832
2,4,6,0.12196444410581492
3,3,6,NaN
6,0,6,0.6211047067208528
5,1,6,NaN
2,4,6,NaN
2,4,6,0.6629394266610144
5,1,6,0.7008553584305408
6,0,6,0.25365605210876485
6,0,6,NaN
4,2,6,NaN
3,3,6,NaN
3,3,6,0.9690207992381747
3,3,6,NaN
5,1,6,0.8791469822960243
5,1,6,0.6629394266610144
3,3,6,0.21187913375295056
4,2,6,NaN
3,3,6,NaN
5,1,6,NaN
6,0,6,0.04581680352367893
6,0,6,NaN
4,2,6,NaN
4,2,6,0.8182710151016758
4,2,6,0.4869472780660612
5,1,6,NaN
4,2,6,NaN
6,0,6,NaN
5,1,6,0.39365820288251563
1,5,6,NaN
6,0,6,NaN
2,4,6,NaN
2,4,6,0.5393036867268688
5,1,6,0.922483585895465
5,1,6,3.3858589438824214e-5
6,0,6,0.6653674959233236
3,3,6,0.6211047067208528
4,2,6,NaN
5,1,6,NaN
2,4,6,0.204756329954101
2,4,6,NaN
5,1,6,NaN
4,2,6,0.0971165600873288
4,2,6,NaN
2,4,6,NaN
4,2,6,0.5826292651157386
3,3,6,0.24299412154726827
4,2,6,0.02611284212389445
6,0,6,NaN
4,2,6,NaN
5,1,6,0.2763274456538265
4,2,6,NaN
4,2,6,0.8492453306867164
6,0,6,NaN
5,1,6,NaN
3,3,6,0.8617097556108892
4,2,6,NaN
4,2,6,0.18561760226461765
5,1,6,0.09331494238381467
6,0,6,0.4389759442456205
4,2,6,0.005830318662278815
4,2,6,0.4869472780660612
4,2,6,0.5773495910338519
4,2,6,NaN
6,0,6,0.10644627622097674
4,2,6,0.04178170760141429
3,3,6,NaN
3,3,6,0.8204795116931126
4,2,6,NaN
5,1,6,0.06988872661807305
4,2,6,0.009708197960407164
4,2,6,NaN
2,4,6,NaN
3,3,6,NaN
4,2,6,0.5773495910338519
4,2,6,0.7008553584305408
3,3,6,NaN
5,1,6,NaN
4,2,6,NaN
5,1,6,NaN
4,2,6,0.17792994407872376
2,4,6,0.2770589453938832
4,2,6,0.7659187175498298
3,3,6,NaN
4,2,6,0.10644627622097674
4,2,6,NaN
6,0,6,NaN
6,0,6,0.002002571198991161
3,3,6,0.8617097556108892
3,3,6,0.2770589453938832
5,1,6,0.6211047067208528
6,0,6,0.07886416121594382
6,0,6,NaN
2,4,6,NaN
1,5,6,0.8204795116931126
6,0,6,0.01328484110938087
3,3,6,NaN
5,1,6,NaN
5,1,6,NaN
6,0,6,0.6713148606042852
4,2,6,0.9336743037628588
6,0,6,NaN
5,1,6,0.7351022872357142
4,2,6,NaN
3,3,6,0.9534911290835386
4,2,6,0.7351022872357142
4,2,6,0.9452736117663113
4,2,6,0.7943141978951035
4,2,6,0.05295374443847441
3,3,6,0.8949950374154003
5,1,6,NaN
5,1,6,0.6629394266610144
5,1,6,0.4869472780660612
5,1,6,0.6211047067208528
6,0,6,0.3147278493122561
4,2,6,NaN
3,3,6,0.4362818310637738
6,0,6,0.8617097556108892
6,0,6,0.534054961478336
5,1,6,NaN
3,3,6,0.03468779084967369
5,1,6,NaN
3,3,6,0.21187913375295056
1,5,6,NaN
5,1,6,0.7008553584305408
4,2,6,NaN
5,1,6,NaN
1,5,6,0.056550511450094335
3,3,6,0.0010817339922674293
5,1,6,NaN
4,2,6,NaN
6,0,6,NaN
6,0,6,0.06058247105517931
5,1,6,0.019582362947367808
4,2,6,0.45885943191873046
5,1,6,0.39365820288251563
4,2,6,NaN
3,3,6,NaN
5,1,6,0.3147278493122561
5,1,6,0.6629394266610144
5,1,6,NaN
4,2,6,NaN
4,2,6,0.5773495910338519
6,0,6,NaN
3,3,6,0.05295374443847441
5,1,6,0.7008553584305408
6,0,6,0.14080710657571024
3,3,6,NaN
5,1,6,0.7287040245056824
5,1,6,NaN
3,3,6,0.6211047067208528
6,0,6,NaN
3,3,6,0.013595179396091573
6,0,6,NaN
5,1,6,NaN
5,1,6,0.8418168267177661
3,3,6,NaN
5,1,6,NaN
4,2,6,0.010427439822066386
4,2,6,NaN
4,2,6,0.9534911290835386
5,1,6,0.4869472780660612
4,2,6,NaN
6,0,6,0.962032138983051
6,0,6,0.7943141978951035
6,0,6,0.21187913375295056
3,3,6,NaN
2,4,6,0.4869472780660612
3,3,6,0.05295374443847441
3,3,6,0.045946027748132785
6,0,6,NaN
2,4,6,0.4389759442456205
4,2,6,0.7008553584305408
5,1,6,NaN
6,0,6,NaN
6,0,6,0.4389759442456205
2,4,6,NaN
4,2,6,0.2770589453938832
2,4,6,0.6211047067208528
3,3,6,NaN
5,1,6,0.6629394266610144
6,0,6,NaN
6,0,6,NaN
4,2,6,NaN
2,4,6,NaN
2,4,6,0.03468779084967369
3,3,6,NaN
3,3,6,NaN
5,1,6,NaN
5,1,6,0.8617097556108892
3,3,6,0.7659187175498298
2,4,6,0.9097889372969507
2,4,6,0.7605476425612694
3,3,6,0.922483585895465
6,0,6,NaN
3,3,6,NaN
5,1,6,NaN
4,2,6,NaN
3,3,6,0.8204795116931126
5,1,6,NaN
5,1,6,0.8443555463948681
5,1,6,NaN
5,1,6,0.03468779084967369
3,3,6,0.05014307186825348
4,2,6,0.9336743037628588
5,1,6,0.07549071471762002
5,1,6,0.3147278493122561
4,2,6,0.9749834651108517
2,4,6,0.21187913375295056
5,1,6,0.6412854964086431
2,4,6,0.5773495910338519
2,4,6,0.7659187175498298
4,2,6,NaN
5,1,6,0.916448430100527
3,3,6,0.14080710657571024
4,2,6,NaN
2,4,6,0.005599906638524749
4,2,6,0.7659187175498298
4,2,6,NaN
4,2,6,NaN
5,1,6,NaN
6,0,6,0.7351022872357142
4,2,6,0.9749834651108517
2,4,6,NaN
3,3,6,0.7659187175498298
2,4,6,NaN
5,1,6,0.29560605192501727
3,3,6,0.2787719472245347
5,1,6,0.2770589453938832
3,3,6,0.8791469822960243
5,1,6,NaN
3,3,6,NaN
6,0,6,0.7846704908992663
5,1,6,NaN
6,0,6,NaN
3,3,6,0.8791469822960243
5,1,6,NaN
4,2,6,0.8256138125749558
5,1,6,NaN
6,0,6,NaN
4,2,6,0.24299412154726827
5,1,6,NaN
3,3,6,0.2770589453938832
2,4,6,0.0005358867667097031
5,1,6,0.1738618123053368
4,2,6,NaN
4,2,6,0.4389759442456205
4,2,6,0.7008553584305408
4,2,6,NaN
5,1,6,0.534054961478336
3,3,6,0.18561760226461765
4,2,6,0.9097889372969507
3,3,6,NaN
3,3,6,NaN
4,2,6,0.8263614935649422
4,2,6,0.08996870173914322
4,2,6,NaN
5,1,6,NaN
1,5,6,0.13951480679733197
3,3,6,0.6629394266610144
6,0,6,NaN
4,2,6,0.06058247105517931
5,1,6,0.8617097556108892
4,2,6,0.12196444410581492
2,4,6,0.5773495910338519
4,2,6,1.6262296118447215e-5
4,2,6,NaN
6,0,6,NaN
4,2,6,0.24299412154726827
5,1,6,0.7943141978951035
4,2,6,NaN
3,3,6,NaN
3,3,6,0.5773495910338519
6,0,6,0.21187913375295056
5,1,6,NaN
2,4,6,0.35163936320323114
4,2,6,NaN
6,0,6,NaN
5,1,6,0.7409332389158217
6,0,6,0.24299412154726827
3,3,6,0.5773495910338519
2,4,6,0.2770589453938832
5,1,6,2.8434348257833588e-5
6,0,6,0.6211047067208528
3,3,6,0.5773495910338519
4,2,6,NaN
2,4,6,0.21187913375295056
5,1,6,0.7008553584305408
5,1,6,0.09331494238381467
4,2,6,NaN
5,1,6,0.06058247105517931
5,1,6,0.7351022872357142
4,2,6,0.2366586730463355
4,2,6,NaN
6,0,6,0.6211047067208528
5,1,6,0.10644627622097674
4,2,6,0.7008553584305408
6,0,6,NaN
4,2,6,NaN
4,2,6,0.161264881038212
4,2,6,0.9336743037628588
5,1,6,0.03468779084967369
4,2,6,0.002144739130434723
4,2,6,NaN
4,2,6,NaN
3,3,6,NaN
2,4,6,NaN
5,1,6,0.0004022647907731376
6,0,6,0.7008553584305408
4,2,6,0.39365820288251563
6,0,6,0.9690207992381747
5,1,6,0.8204795116931126
4,2,6,NaN
5,1,6,NaN
6,0,6,NaN
5,1,6,0.39365820288251563
3,3,6,NaN
1,5,6,NaN
2,4,6,NaN
3,3,6,0.9218434801906469
4,2,6,0.06988872661807305
4,2,6,0.045946027748132785
5,1,6,0.03025847703180226
3,3,6,0.03973270879120916
3,3,6,NaN
4,2,6,NaN
4,2,6,0.03152077475856443
4,2,6,0.7008553584305408
4,2,6,0.35163936320323114
6,0,6,NaN
4,2,6,0.045946027748132785
5,1,6,0.12196444410581492
6,0,6,0.7659187175498298
1,5,6,NaN
3,3,6,0.5773495910338519
6,0,6,0.4389759442456205
5,1,6,0.5773495910338519
4,2,6,NaN
6,0,6,NaN
3,3,6,0.6355036568989935
5,1,6,0.2770589453938832
2,4,6,0.8791469822960243
6,0,6,0.6211047067208528
3,3,6,0.05295374443847441
3,3,6,0.39365820288251563
2,4,6,NaN
5,1,6,NaN
5,1,6,NaN
5,1,6,NaN
3,3,6,0.7943141978951035
5,1,6,0.4869472780660612
2,4,6,NaN
6,0,6,NaN
4,2,6,NaN
6,0,6,NaN
4,2,6,0.5773495910338519
4,2,6,0.0013632314584414132
6,0,6,NaN
5,1,6,NaN
4,2,6,0.12196444410581492
5,1,6,NaN
6,0,6,NaN
5,1,6,NaN
2,4,6,0.06058247105517931
3,3,6,0.08256782987037131
4,2,6,NaN
5,1,6,0.4389759442456205
3,3,6,NaN
4,2,6,0.6211047067208528
4,2,6,NaN
4,2,6,0.45885943191873046
5,1,6,0.7659187175498298
6,0,6,0.21187913375295056
6,0,6,NaN
4,2,6,0.922483585895465
5,1,6,NaN
4,2,6,0.8791469822960243
5,1,6,0.6459136858084055
2,4,6,NaN
3,3,6,0.911715205305417
4,2,6,0.9799588626550771
4,2,6,NaN
2,4,6,0.14080710657571024
4,2,6,0.18561760226461765
6,0,6,0.39365820288251563
5,1,6,NaN
4,2,6,0.534054961478336
5,1,6,0.8418168267177661
5,1,6,0.7721032767172837
5,1,6,0.694756336345858
5,1,6,0.23296322411789458
2,4,6,0.962032138983051
4,2,6,0.8617097556108892
6,0,6,NaN
4,2,6,0.9444012070806406
6,0,6,0.3042570773509131
3,3,6,0.03025847703180226
3,3,6,0.6172258058419916
5,1,6,0.4584457217856004
4,2,6,NaN
4,2,6,NaN
6,0,6,NaN
5,1,6,NaN
4,2,6,NaN
6,0,6,NaN
5,1,6,0.9534911290835386
4,2,6,0.882667076629416
5,1,6,NaN
4,2,6,NaN
6,0,6,NaN
4,2,6,NaN
4,2,6,NaN
6,0,6,0.21187913375295056
3,3,6,NaN
4,2,6,NaN
5,1,6,0.8791469822960243
4,2,6,0.161264881038212
6,0,6,NaN
3,3,6,0.03468779084967369
2,4,6,NaN
5,1,6,NaN
6,0,6,0.9444012070806406
2,4,6,NaN
4,2,6,NaN
2,4,6,NaN
3,3,6,NaN
1,5,6,NaN
5,1,6,NaN
3,3,6,NaN
4,2,6,NaN
5,1,6,0.39365820288251563
3,3,6,NaN
5,1,6,0.4389759442456205
3,3,6,0.7351022872357142
3,3,6,0.796284126030375
1,5,6,0.10644627622097674
6,0,6,NaN
5,1,6,NaN
3,3,6,0.06988872661807305
5,1,6,0.4869472780660612
6,0,6,NaN
4,2,6,NaN
4,2,6,0.9857245724857535
4,2,6,NaN
5,1,6,0.10644627622097674
3,3,6,NaN
3,3,6,0.9690207992381747
2,4,6,0.7008553584305408
5,1,6,NaN
6,0,6,NaN
4,2,6,NaN
4,2,6,NaN
3,3,6,NaN
6,0,6,NaN
3,3,6,NaN
5,1,6,NaN
6,0,6,0.7659187175498298
4,2,6,0.026598075258698728
2,4,6,NaN
3,3,6,0.03344276015452864
3,3,6,NaN
3,3,6,NaN
2,4,6,NaN
4,2,6,0.09331494238381467
5,1,6,NaN
4,2,6,0.9336743037628588
6,0,6,NaN
5,1,6,NaN
4,2,6,NaN
3,3,6,NaN
4,2,6,0.5773495910338519
2,4,6,0.5607484284724161
4,2,6,0.08115644780417555
4,2,6,NaN
5,1,6,0.18561760226461765
4,2,6,0.7659187175498298
4,2,6,NaN
2,4,6,NaN
5,1,6,NaN
3,3,6,NaN
3,3,6,0.0053542408422598605
1,5,6,0.8204795116931126
1,5,6,NaN
6,0,6,0.21187913375295056
3,3,6,0.962032138983051
5,1,6,NaN
4,2,6,0.35163936320323114
3,3,6,NaN
3,3,6,NaN
5,1,6,0.922483585895465
2,4,6,0.4869472780660612
6,0,6,0.8311453637242764
4,2,6,NaN
5,1,6,0.534054961478336
3,3,6,0.7008553584305408
3,3,6,0.9097889372969507
5,1,6,0.5945029641604209
3,3,6,NaN
3,3,6,NaN
5,1,6,NaN
4,2,6,0.9690207992381747
5,1,6,NaN
4,2,6,0.008244030721965374
4,2,6,NaN
3,3,6,0.045946027748132785
4,2,6,0.6629394266610144
5,1,6,0.8517550064355293
4,2,6,0.7943141978951035
3,3,6,0.18561760226461765
4,2,6,0.7659187175498298
5,1,6,0.30007032477340345
4,2,6,NaN
4,2,6,NaN
6,0,6,0.06865768600406169
4,2,6,0.22296286479861308
4,2,6,NaN
6,0,6,0.9071341384688076
6,0,6,NaN
3,3,6,NaN
5,1,6,0.019582362947367808
6,0,6,NaN
6,0,6,NaN
2,4,6,NaN
3,3,6,NaN
2,4,6,NaN
2,4,6,NaN
2,4,6,0.4869472780660612
3,3,6,0.2770589453938832
1,5,6,0.06988872661807305
6,0,6,0.991808263676121
5,1,6,NaN
5,1,6,0.7659187175498298
6,0,6,0.3040909911262741
3,3,6,NaN
5,1,6,NaN
3,3,6,0.534054961478336
4,2,6,NaN
4,2,6,0.922483585895465
5,1,6,NaN
2,4,6,0.9534911290835386
3,3,6,0.2787719472245347
5,1,6,NaN
4,2,6,0.39365820288251563
5,1,6,0.285806848329613
3,3,6,0.4389759442456205
6,0,6,NaN
3,3,6,NaN
4,2,6,0.2770589453938832
6,0,6,NaN
4,2,6,NaN
4,2,6,0.08115644780417555
6,0,6,NaN
5,1,6,0.9097889372969507
5,1,6,0.161264881038212
3,3,6,NaN
6,0,6,NaN
3,3,6,0.6690464491515974
5,1,6,NaN
6,0,6,0.4869472780660612
4,2,6,0.7842879526769774
2,4,6,NaN
3,3,6,0.24253773837748552
6,0,6,NaN
5,1,6,NaN
4,2,6,0.7008553584305408
6,0,6,NaN
5,1,6,0.00241469310295421
3,3,6,0.11406515607463821
5,1,6,0.06988872661807305
5,1,6,0.6211047067208528
4,2,6,0.02611284212389445
3,3,6,NaN
5,1,6,NaN
4,2,6,NaN
4,2,6,0.922483585895465
2,4,6,0.14080710657571024
5,1,6,0.7008553584305408
4,2,6,0.4389759442456205
5,1,6,0.3734928718281215
3,3,6,0.161264881038212
3,3,6,0.3147278493122561
4,2,6,0.7351022872357142
3,3,6,NaN
2,4,6,0.21187913375295056
3,3,6,NaN
2,4,6,NaN
4,2,6,NaN
3,3,6,0.2022704074733901
4,2,6,NaN
6,0,6,NaN
1,5,6,NaN
3,3,6,0.09331494238381467
5,1,6,0.7693964938216118
2,4,6,NaN
2,4,6,NaN
3,3,6,NaN
3,3,6,0.25777852496743453
3,3,6,0.4869472780660612
4,2,6,0.5554376351523436
3,3,6,0.35163936320323114
5,1,6,NaN
3,3,6,0.39365820288251563
4,2,6,NaN
6,0,6,NaN
4,2,6,NaN
2,4,6,NaN
1,5,6,NaN
2,4,6,NaN
3,3,6,0.8139967557273703
2,4,6,0.8418168267177661
4,2,6,0.73490864013557
4,2,6,NaN
6,0,6,NaN
5,1,6,NaN
3,3,6,0.8198308034724631
5,1,6,NaN
4,2,6,0.11876336377092768
5,1,6,0.06058247105517931
4,2,6,0.48364767086875377
6,0,6,0.12196444410581492
6,0,6,NaN
5,1,6,0.7659187175498298
5,1,6,NaN
6,0,6,NaN
4,2,6,0.010427439822066386
4,2,6,0.922483585895465
4,2,6,NaN
5,1,6,0.05295374443847441
6,0,6,NaN
6,0,6,NaN
3,3,6,0.6819034646104666
4,2,6,NaN
4,2,6,0.18561760226461765
5,1,6,NaN
6,0,6,NaN
5,1,6,NaN
5,1,6,NaN
5,1,6,NaN
4,2,6,NaN
4,2,6,0.2063496884962029
5,1,6,NaN
5,1,6,NaN
6,0,6,NaN
3,3,6,0.20928991907455943
2,4,6,0.21187913375295056
3,3,6,0.0897261663965732
4,2,6,0.06058247105517931
5,1,6,NaN
3,3,6,NaN
6,0,6,0.8949950374154003
4,2,6,NaN
5,1,6,0.7659187175498298
6,0,6,0.534054961478336
3,3,6,NaN
5,1,6,0.39365820288251563
5,1,6,0.4389759442456205
6,0,6,NaN
3,3,6,0.7943141978951035
6,0,6,NaN
4,2,6,0.12196444410581492
6,0,6,0.12196444410581492
3,3,6,0.161264881038212
6,0,6,NaN
6,0,6,0.32315066288369876
6,0,6,NaN
3,3,6,NaN
5,1,6,0.030439865249778007
4,2,6,0.18561760226461765
3,3,6,NaN
4,2,6,NaN
4,2,6,0.15297250216596528
5,1,6,NaN
2,4,6,0.09331494238381467
4,2,6,0.7120588430681319
4,2,6,0.39365820288251563
6,0,6,0.0019178462098102555
5,1,6,NaN
3,3,6,0.04899991530502719
3,3,6,NaN
6,0,6,0.05295374443847441
3,3,6,NaN
4,2,6,NaN
5,1,6,NaN
3,3,6,0.7008553584305408
5,1,6,0.8617097556108892
4,2,6,NaN
6,0,6,NaN
3,3,6,NaN
6,0,6,0.7351022872357142
4,2,6,NaN
3,3,6,NaN
4,2,6,NaN
3,3,6,NaN
5,1,6,NaN
5,1,6,NaN
4,2,6,NaN
1,5,6,0.001851464381362323
4,2,6,0.9534911290835386
4,2,6,0.24299412154726827
6,0,6,NaN
5,1,6,NaN
5,1,6,0.5773495910338519
3,3,6,NaN
4,2,6,NaN
6,0,6,0.2574828015615489
5,1,6,NaN
5,1,6,0.18561760226461765
3,3,6,0.39365820288251563
3,3,6,0.9336743037628588
6,0,6,NaN
3,3,6,0.4389759442456205
5,1,6,NaN
3,3,6,NaN
4,2,6,NaN
4,2,6,NaN
4,2,6,NaN
4,2,6,0.7351022872357142
2,4,6,0.866819438013127
5,1,6,0.09331494238381467
4,2,6,0.8617097556108892
5,1,6,NaN
4,2,6,0.4389759442456205
6,0,6,NaN
4,2,6,0.8791469822960243
4,2,6,0.018072366357028753
4,2,6,NaN
4,2,6,0.09331494238381467
5,1,6,0.8791469822960243
2,4,6,0.06988872661807305
4,2,6,0.43354817433012754
5,1,6,NaN
2,4,6,NaN
5,1,6,NaN
5,1,6,NaN
3,3,6,0.7008553584305408
5,1,6,NaN
4,2,6,NaN
4,2,6,NaN
5,1,6,NaN
3,3,6,0.4869472780660612
3,3,6,0.5773495910338519
5,1,6,0.7351022872357142
5,1,6,0.9886670302743008
4,2,6,NaN
5,1,6,NaN
6,0,6,NaN
2,4,6,0.5773495910338519
3,3,6,NaN
5,1,6,0.583929127406625
5,1,6,NaN
5,1,6,0.8949950374154003
6,0,6,0.4389759442456205
2,4,6,NaN
4,2,6,NaN
2,4,6,0.5120959007352743
4,2,6,0.21187913375295056
5,1,6,0.8617097556108892
5,1,6,NaN
4,2,6,0.12196444410581492
4,2,6,0.1451234832768592
5,1,6,0.03468779084967369
5,1,6,NaN
5,1,6,0.3334971791483855
3,3,6,0.08115644780417555
4,2,6,NaN
4,2,6,0.8155150351049334
6,0,6,0.20973311032643055
5,1,6,0.14080710657571024
3,3,6,0.3147278493122561
5,1,6,NaN
5,1,6,0.35163936320323114
4,2,6,0.21187913375295056
4,2,6,NaN
2,4,6,0.8256138125749558
5,1,6,0.9444012070806406
2,4,6,0.0025953725951964437
4,2,6,0.34569034171754254
3,3,6,NaN
5,1,6,0.20343077860800823
5,1,6,NaN
4,2,6,NaN
4,2,6,NaN
2,4,6,NaN
6,0,6,0.3147278493122561
4,2,6,NaN
4,2,6,0.39365820288251563
4,2,6,NaN
5,1,6,NaN
4,2,6,NaN
4,2,6,NaN
3,3,6,NaN
2,4,6,0.3147278493122561
4,2,6,NaN
5,1,6,0.7008553584305408
2,4,6,0.022641636257990223
6,0,6,0.35163936320323114
4,2,6,0.2787719472245347
6,0,6,NaN
6,0,6,NaN
2,4,6,0.8698388722255683
5,1,6,0.8617097556108892
2,4,6,NaN
3,3,6,NaN
4,2,6,0.5490408605083255
5,1,6,0.30736188182960106
4,2,6,NaN
3,3,6,NaN
6,0,6,0.39365820288251563
3,3,6,NaN
6,0,6,0.8418168267177661
4,2,6,0.8719044429579209
3,3,6,NaN
2,4,6,0.5846310885929272
3,3,6,NaN
6,0,6,NaN
6,0,6,NaN
2,4,6,NaN
3,3,6,NaN
4,2,6,0.161264881038212
5,1,6,0.9097889372969507
5,1,6,0.6211047067208528
3,3,6,0.08008606238419001
5,1,6,0.9444012070806406
3,3,6,0.9458249258131067
2,4,6,NaN
4,2,6,0.31215416913137395
6,0,6,NaN
6,0,6,NaN
5,1,6,NaN
4,2,6,0.4584457217856004
4,2,6,NaN
5,1,6,0.5773495910338519
5,1,6,0.8617097556108892
4,2,6,NaN
4,2,6,0.35163936320323114
5,1,6,NaN
3,3,6,0.5773495910338519
5,1,6,0.05295374443847441
4,2,6,0.39365820288251563
3,3,6,NaN
5,1,6,NaN
3,3,6,0.9845924478014567
4,2,6,0.18561760226461765
4,2,6,0.3274735024882267
4,2,6,NaN
4,2,6,0.5624190893075987
2,4,6,NaN
4,2,6,0.7304243117157099
3,3,6,0.18561760226461765
4,2,6,0.7008553584305408
5,1,6,NaN
6,0,6,0.5773495910338519
5,1,6,4.499602986515872e-7
4,2,6,0.2770589453938832
5,1,6,0.7462691083964934
6,0,6,NaN
6,0,6,NaN
2,4,6,0.007827960273527267
4,2,6,NaN
5,1,6,NaN
6,0,6,NaN
5,1,6,NaN
5,1,6,0.6211047067208528
6,0,6,NaN
3,3,6,0.27624541505367006
3,3,6,NaN
2,4,6,0.14080710657571024
1,5,6,NaN
4,2,6,NaN
6,0,6,0.9690207992381747
3,3,6,NaN
4,2,6,NaN
5,1,6,NaN
2,4,6,NaN
4,2,6,NaN
4,2,6,NaN
3,3,6,0.7659187175498298
4,2,6,NaN
5,1,6,0.18561760226461765
2,4,6,0.9534911290835386
5,1,6,NaN
6,0,6,0.9988438550211445
6,0,6,NaN
3,3,6,NaN
5,1,6,0.2770589453938832
4,2,6,NaN
3,3,6,0.23281524844165932
4,2,6,0.3718092223108326
2,4,6,0.7008553584305408
6,0,6,NaN
1,5,6,0.5043247074968245
6,0,6,NaN
4,2,6,0.06058247105517931
4,2,6,NaN
1,5,6,NaN
6,0,6,0.019582362947367808
2,4,6,0.8653601395728225
4,2,6,NaN
4,2,6,0.4869472780660612
3,3,6,0.9097889372969507
2,4,6,0.7943141978951035
3,3,6,0.9155208546264697
6,0,6,0.161264881038212
4,2,6,NaN
4,2,6,NaN
2,4,6,0.7659187175498298
5,1,6,0.006693786332522052
3,3,6,0.0005481663686998369
4,2,6,NaN
6,0,6,0.9336743037628588
5,1,6,0.8949950374154003
4,2,6,0.05295374443847441
3,3,6,NaN
5,1,6,NaN
4,2,6,0.9749834651108517
4,2,6,NaN
4,2,6,NaN
5,1,6,NaN
4,2,6,0.4869472780660612
6,0,6,0.24299412154726827
4,2,6,0.01177170511878588
3,3,6,NaN
3,3,6,NaN
4,2,6,NaN
3,3,6,0.7659187175498298
1,5,6,NaN
5,1,6,NaN
3,3,6,0.018623783873511268
2,4,6,0.019582362947367808
4,2,6,0.6211047067208528
3,3,6,0.2770589453938832
3,3,6,0.7533353959203953
2,4,6,NaN
2,4,6,0.6343306225252444
6,0,6,0.6211047067208528
4,2,6,0.7008553584305408
4,2,6,0.5624190893075987
6,0,6,0.9336743037628588
4,2,6,NaN
6,0,6,0.045946027748132785
5,1,6,0.534054961478336
3,3,6,0.5624190893075987
6,0,6,NaN
1,5,6,NaN
3,3,6,NaN
4,2,6,NaN
4,2,6,NaN
5,1,6,0.12196444410581492
4,2,6,0.4869472780660612
3,3,6,0.9097889372969507
5,1,6,0.01805880486082697
5,1,6,0.534054961478336
4,2,6,NaN
5,1,6,NaN
6,0,6,0.9097889372969507
2,4,6,NaN
4,2,6,0.9097889372969507
5,1,6,NaN
3,3,6,0.35163936320323114
5,1,6,0.03468779084967369
4,2,6,NaN
4,2,6,NaN
4,2,6,0.6629394266610144
4,2,6,0.4344741859498727
2,4,6,0.39365820288251563
3,3,6,0.2770589453938832
3,3,6,NaN
5,1,6,NaN
5,1,6,0.5499434263598094
1,5,6,NaN
3,3,6,NaN
3,3,6,NaN
4,2,6,0.9444012070806406
4,2,6,0.39365820288251563
1,5,6,0.6211047067208528
3,3,6,0.39365820288251563
5,1,6,NaN
1,5,6,NaN
4,2,6,NaN
3,3,6,0.21187913375295056
4,2,6,0.4389759442456205
3,3,6,0.03845612483019331
5,1,6,NaN
3,3,6,0.10644627622097674
4,2,6,NaN
6,0,6,0.8782320191738506
4,2,6,NaN
5,1,6,NaN
4,2,6,0.010251131824960121
1,5,6,0.9690207992381747
4,2,6,NaN
4,2,6,0.0035002013226525163
4,2,6,0.35944974396699086
5,1,6,0.08115644780417555
5,1,6,0.4389759442456205
5,1,6,NaN
2,4,6,NaN
6,0,6,0.9799588626550771
4,2,6,0.534054961478336
4,2,6,0.3147278493122561
6,0,6,0.10351796697424816
5,1,6,0.12196444410581492
3,3,6,0.39365820288251563
4,2,6,0.5773495910338519
5,1,6,0.7351022872357142
4,2,6,0.37815637614042613
2,4,6,NaN
6,0,6,NaN
5,1,6,0.37512418658143093
4,2,6,0.39365820288251563
5,1,6,0.18561760226461765
4,2,6,0.2770589453938832
4,2,6,0.8418168267177661
2,4,6,NaN
3,3,6,NaN
5,1,6,NaN
5,1,6,0.7943141978951035
3,3,6,0.20406901603537556
2,4,6,NaN
5,1,6,0.6243723324933098
4,2,6,0.8791469822960243
5,1,6,0.6629394266610144
3,3,6,NaN
5,1,6,0.05295374443847441
5,1,6,0.9234651311018252
2,4,6,0.18561760226461765
3,3,6,0.6629394266610144
4,2,6,0.21187913375295056
6,0,6,0.013506681540312218
6,0,6,NaN
4,2,6,0.35163936320323114
5,1,6,0.9845924478014567
3,3,6,0.6629394266610144
4,2,6,NaN
3,3,6,0.4389759442456205
2,4,6,NaN
3,3,6,NaN
4,2,6,NaN
6,0,6,NaN
6,0,6,NaN
1,5,6,NaN
2,4,6,0.5773495910338519
3,3,6,0.09331494238381467
5,1,6,NaN
1,5,6,NaN
3,3,6,0.33444683265217007
2,4,6,NaN
5,1,6,0.4389759442456205
2,4,6,NaN
6,0,6,0.7351022872357142
4,2,6,NaN
5,1,6,0.05155993749818642
6,0,6,0.2770589453938832
5,1,6,0.161264881038212
3,3,6,0.7659187175498298
3,3,6,0.24299412154726827
4,2,6,0.4389759442456205
2,4,6,0.7943141978951035
3,3,6,0.4869472780660612
3,3,6,0.24299412154726827
4,2,6,0.7256591557703307
3,3,6,0.7008553584305408
5,1,6,NaN
3,3,6,0.9097889372969507
3,3,6,0.7943141978951035
6,0,6,NaN
3,3,6,NaN
3,3,6,0.7659187175498298
3,3,6,NaN
6,0,6,0.8617097556108892
5,1,6,0.9534911290835386
2,4,6,0.020566764512119085
4,2,6,NaN
3,3,6,0.15130057458445034
3,3,6,0.6629394266610144
4,2,6,0.7008553584305408
2,4,6,0.38903179215923744
3,3,6,NaN
4,2,6,NaN
4,2,6,0.8791469822960243
2,4,6,NaN
4,2,6,0.18821567133084163
6,0,6,NaN
4,2,6,0.6629394266610144
5,1,6,NaN
5,1,6,0.045946027748132785
4,2,6,NaN
5,1,6,NaN
4,2,6,0.7674394494964111
3,3,6,NaN
3,3,6,0.3147278493122561
2,4,6,0.6211047067208528
6,0,6,NaN
1,5,6,0.6629394266610144
3,3,6,NaN
5,1,6,0.013337525095285113
4,2,6,0.9690207992381747
1,5,6,0.8671940942646764
6,0,6,0.8791469822960243
5,1,6,0.7351022872357142
3,3,6,NaN
3,3,6,0.18561760226461765
5,1,6,0.011625908468073121
5,1,6,0.09331494238381467
5,1,6,0.08115644780417555
3,3,6,0.007827960273527267
5,1,6,NaN
5,1,6,0.35163936320323114
5,1,6,0.9799588626550771
3,3,6,NaN
5,1,6,0.4869472780660612
4,2,6,NaN
3,3,6,NaN
6,0,6,NaN
3,3,6,NaN
5,1,6,0.6483072209518189
4,2,6,NaN
3,3,6,NaN
3,3,6,0.045946027748132785
1,5,6,0.8370751080502961
5,1,6,NaN
3,3,6,0.18561760226461765
3,3,6,0.3147278493122561
6,0,6,NaN
2,4,6,NaN
6,0,6,0.7008553584305408
4,2,6,NaN
3,3,6,NaN
6,0,6,NaN
5,1,6,NaN
2,4,6,NaN
3,3,6,0.7659187175498298
3,3,6,NaN
4,2,6,NaN
4,2,6,NaN
3,3,6,0.7659187175498298
4,2,6,0.35163936320323114
3,3,6,0.9511044861043061
1,5,6,0.06988872661807305
6,0,6,NaN
3,3,6,NaN
2,4,6,0.764831250693631
2,4,6,NaN
5,1,6,NaN
5,1,6,NaN
6,0,6,NaN
3,3,6,0.21187913375295056
5,1,6,0.5773495910338519
5,1,6,0.5554376351523436
1,5,6,NaN
3,3,6,NaN
5,1,6,0.09331494238381467
4,2,6,0.7659187175498298
6,0,6,0.962032138983051
1,5,6,NaN
3,3,6,0.6629394266610144
4,2,6,NaN
5,1,6,0.39464622595139676
6,0,6,NaN
3,3,6,NaN
1,5,6,NaN
2,4,6,NaN
5,1,6,0.4869472780660612
3,3,6,NaN
5,1,6,0.9407314488316132
5,1,6,NaN
2,4,6,0.7008553584305408
4,2,6,NaN
2,4,6,NaN
4,2,6,0.8791469822960243
6,0,6,0.7351022872357142
5,1,6,0.06988872661807305
3,3,6,NaN
3,3,6,NaN
5,1,6,NaN
3,3,6,0.3147278493122561
4,2,6,NaN
5,1,6,0.35163936320323114
4,2,6,NaN
5,1,6,0.5773495910338519
4,2,6,0.6753958513502701
5,1,6,NaN
6,0,6,0.4869472780660612
2,4,6,0.7071386268253849
2,4,6,NaN
1,5,6,0.9845924478014567
6,0,6,NaN
3,3,6,0.24299412154726827
3,3,6,0.534054961478336
4,2,6,NaN
3,3,6,NaN
5,1,6,0.8617097556108892
4,2,6,NaN
4,2,6,0.8348688374807247
4,2,6,0.00431436242921262
3,3,6,NaN
3,3,6,0.6211047067208528
3,3,6,NaN
5,1,6,0.962032138983051
6,0,6,0.9534911290835386
3,3,6,0.24299412154726827
4,2,6,0.7448236944393937
4,2,6,0.8949950374154003
4,2,6,NaN
5,1,6,0.6211047067208528
3,3,6,0.39365820288251563
3,3,6,0.46642049971035077
4,2,6,NaN
6,0,6,0.38165097180544283
5,1,6,0.7351022872357142
4,2,6,0.6629394266610144
2,4,6,NaN
2,4,6,0.9534911290835386
3,3,6,NaN
3,3,6,0.8474493323448731
5,1,6,NaN
4,2,6,0.7008553584305408
3,3,6,NaN
4,2,6,NaN
2,4,6,NaN
3,3,6,0.14107547527436967
3,3,6,NaN
3,3,6,0.06988872661807305
5,1,6,0.03973270879120916
1,5,6,0.4869472780660612
2,4,6,0.39365820288251563
3,3,6,0.21187913375295056
4,2,6,0.8617097556108892
3,3,6,0.5264819891103203
2,4,6,NaN
4,2,6,0.35163936320323114
3,3,6,0.35163936320323114
2,4,6,0.579049057228479
4,2,6,NaN
5,1,6,0.2770589453938832
4,2,6,NaN
2,4,6,0.4869472780660612
6,0,6,0.4869472780660612
2,4,6,0.8418168267177661
3,3,6,0.6735730338590177
1,5,6,NaN
4,2,6,0.8617097556108892
5,1,6,0.6629394266610144
5,1,6,0.35163936320323114
5,1,6,0.6629394266610144
5,1,6,0.04344946742249774
4,2,6,NaN
2,4,6,NaN
2,4,6,0.7008553584305408
5,1,6,0.7008553584305408
3,3,6,0.161264881038212
2,4,6,NaN
3,3,6,0.47484656337069314
5,1,6,0.4389759442456205
1,5,6,0.03136890375760639
6,0,6,0.8418168267177661
2,4,6,0.35163936320323114
5,1,6,NaN
4,2,6,NaN
5,1,6,0.35163936320323114
2,4,6,0.06988872661807305
1,5,6,0.026420720304872834
4,2,6,0.5773495910338519
5,1,6,NaN
5,1,6,NaN
4,2,6,0.0030671357445065466
3,3,6,0.7943141978951035
6,0,6,NaN
3,3,6,0.161264881038212
5,1,6,0.7659187175498298
4,2,6,0.1263440049225468
2,4,6,NaN
4,2,6,NaN
1,5,6,NaN
2,4,6,0.7990007675724174
5,1,6,NaN
2,4,6,NaN
4,2,6,NaN
2,4,6,0.8204795116931126
5,1,6,0.6211047067208528
2,4,6,0.33674384386282175
6,0,6,0.24299412154726827
1,5,6,0.7008553584305408
4,2,6,0.7351022872357142
4,2,6,NaN
3,3,6,0.0005358867667097031
2,4,6,0.21187913375295056
2,4,6,NaN
4,2,6,0.480228407889684
4,2,6,NaN
4,2,6,NaN
4,2,6,NaN
2,4,6,NaN
1,5,6,NaN
3,3,6,0.2770589453938832
2,4,6,0.7659187175498298
4,2,6,NaN
2,4,6,0.4389759442456205
4,2,6,0.9444012070806406
3,3,6,NaN
4,2,6,0.5826292651157386
3,3,6,0.922483585895465
3,3,6,0.39365820288251563
5,1,6,0.24299412154726827
5,1,6,NaN
4,2,6,NaN
4,2,6,NaN
4,2,6,0.35163936320323114
5,1,6,NaN
2,4,6,0.07274185885983805
3,3,6,0.003442105670104662
4,2,6,0.18561760226461765
2,4,6,NaN
2,4,6,0.6184670393434103
2,4,6,NaN
3,3,6,NaN
5,1,6,0.06988872661807305
2,4,6,0.12196444410581492
3,3,6,0.8204795116931126
3,3,6,NaN
5,1,6,0.09331494238381467
4,2,6,NaN
3,3,6,0.3727291238064636
4,2,6,NaN
3,3,6,NaN
2,4,6,0.02611284212389445
4,2,6,0.005100602238806189
4,2,6,0.35163936320323114
3,3,6,0.8418168267177661
4,2,6,0.6629394266610144
3,3,6,0.06058247105517931
5,1,6,0.6629394266610144
6,0,6,0.35163936320323114
3,3,6,0.06988872661807305
3,3,6,NaN
5,1,6,0.03973270879120916
4,2,6,NaN
2,4,6,NaN
3,3,6,NaN
5,1,6,0.4389759442456205
3,3,6,NaN
3,3,6,NaN
3,3,6,0.9690207992381747
4,2,6,0.6211047067208528
2,4,6,NaN
3,3,6,0.12196444410581492
4,2,6,0.009708197960407164
4,2,6,0.5554376351523436
1,5,6,NaN
3,3,6,NaN
3,3,6,0.2770589453938832
1,5,6,NaN
4,2,6,0.08917978296227803
2,4,6,NaN
4,2,6,0.5403922522020453
1,5,6,NaN
6,0,6,0.12196444410581492
4,2,6,0.9690207992381747
4,2,6,0.9444012070806406
2,4,6,0.7351022872357142
3,3,6,NaN
3,3,6,0.5773495910338519
3,3,6,0.8602575698845937
3,3,6,0.14107547527436967
3,3,6,0.2513703272219594
6,0,6,NaN
4,2,6,0.7008553584305408
2,4,6,0.12196444410581492
6,0,6,NaN
3,3,6,0.6629394266610144
2,4,6,NaN
3,3,6,0.4389759442456205
4,2,6,0.39365820288251563
6,0,6,NaN
6,0,6,NaN
3,3,6,0.7882770153608786
1,5,6,0.5773495910338519
2,4,6,NaN
2,4,6,0.7008553584305408
4,2,6,0.7943141978951035
5,1,6,0.8204795116931126
2,4,6,NaN
3,3,6,0.06058247105517931
3,3,6,0.534054961478336
2,4,6,0.9253702243545231
2,4,6,NaN
4,2,6,NaN
3,3,6,0.6629394266610144
5,1,6,0.7943141978951035
4,2,6,NaN
6,0,6,NaN
4,2,6,0.14080710657571024
2,4,6,0.922483585895465
3,3,6,NaN
6,0,6,NaN
3,3,6,0.23281524844165932
2,4,6,0.4869472780660612
4,2,6,0.03025847703180226
3,3,6,0.10644627622097674
4,2,6,NaN
3,3,6,0.6211047067208528
4,2,6,0.922483585895465
5,1,6,0.009708197960407164
1,5,6,0.534054961478336
4,2,6,2.3505635477171755e-5
1,5,6,NaN
1,5,6,NaN
5,1,6,NaN
2,4,6,0.9886670302743008
2,4,6,0.7943141978951035
3,3,6,0.35163936320323114
2,4,6,NaN
1,5,6,NaN
4,2,6,0.24299412154726827
2,4,6,NaN
6,0,6,NaN
4,2,6,0.2770589453938832
2,4,6,NaN
3,3,6,0.08328514459587477
5,1,6,0.09331494238381467
4,2,6,NaN
2,4,6,NaN
5,1,6,0.010316525916217885
5,1,6,NaN
2,4,6,NaN
3,3,6,NaN
4,2,6,0.4362818310637738
3,3,6,0.4869472780660612
5,1,6,0.39365820288251563
3,3,6,0.7120588430681319
2,4,6,0.6211047067208528
6,0,6,0.4869472780660612
2,4,6,0.9444012070806406
3,3,6,NaN
5,1,6,0.9749834651108517
3,3,6,NaN
3,3,6,0.7008553584305408
2,4,6,NaN
2,4,6,NaN
6,0,6,0.44310325059264744
4,2,6,NaN
3,3,6,NaN
3,3,6,0.7008553584305408
2,4,6,0.12196444410581492
3,3,6,0.8418168267177661
2,4,6,0.962032138983051
6,0,6,0.8791469822960243
3,3,6,0.6089267360264234
1,5,6,0.24299412154726827
5,1,6,0.05295374443847441
4,2,6,0.10644627622097674
5,1,6,NaN
3,3,6,0.6211047067208528
6,0,6,0.3147278493122561
3,3,6,0.45265420027725267
3,3,6,0.4389759442456205
3,3,6,0.4869472780660612
3,3,6,0.6870679066243368
4,2,6,NaN
2,4,6,0.8617097556108892
3,3,6,NaN
2,4,6,NaN
1,5,6,NaN
5,1,6,0.4389759442456205
2,4,6,NaN
1,5,6,NaN
2,4,6,0.35163936320323114
5,1,6,NaN
2,4,6,0.4753118804959349
5,1,6,0.5773495910338519
1,5,6,0.3147278493122561
2,4,6,NaN
2,4,6,NaN
4,2,6,0.39365820288251563
1,5,6,0.4999943686749854
2,4,6,0.09331494238381467
4,2,6,NaN
2,4,6,NaN
2,4,6,0.5299204210256977
4,2,6,NaN
2,4,6,0.7659187175498298
1,5,6,0.6629394266610144
2,4,6,NaN
4,2,6,0.2763274456538265
1,5,6,0.03025847703180226
2,4,6,0.35163936320323114
4,2,6,NaN
1,5,6,NaN
2,4,6,0.03973270879120916
3,3,6,0.3147278493122561
1,5,6,0.39365820288251563
3,3,6,0.9534911290835386
2,4,6,NaN
4,2,6,NaN
1,5,6,NaN
2,4,6,0.9886670302743008
4,2,6,NaN
2,4,6,NaN
4,2,6,NaN
2,4,6,0.08115644780417555
2,4,6,NaN
6,0,6,NaN
4,2,6,NaN
2,4,6,0.028416200145929108
3,3,6,0.8617097556108892
2,4,6,NaN
2,4,6,NaN
3,3,6,NaN
5,1,6,0.7008553584305408
1,5,6,NaN
3,3,6,0.5773495910338519
3,3,6,NaN
5,1,6,0.9845924478014567
6,0,6,0.7008553584305408
1,5,6,NaN
5,1,6,NaN
3,3,6,0.2867154210699222
6,0,6,0.5773495910338519
4,2,6,NaN
4,2,6,0.534054961478336
3,3,6,NaN
6,0,6,NaN
4,2,6,0.6211047067208528
4,2,6,NaN
1,5,6,0.39365820288251563
4,2,6,0.7659187175498298
2,4,6,NaN
3,3,6,NaN
2,4,6,0.17208084510630536
2,4,6,0.21365415163132023
4,2,6,0.39365820288251563
3,3,6,NaN
2,4,6,NaN
3,3,6,0.8949950374154003
3,3,6,NaN
2,4,6,NaN
2,4,6,NaN
1,5,6,NaN
4,2,6,0.00985911864811425
1,5,6,NaN
2,4,6,0.018251152795262952
3,3,6,0.18561760226461765
3,3,6,0.4869472780660612
1,5,6,0.4870331712221417
1,5,6,0.21187913375295056
1,5,6,NaN
1,5,6,0.7351022872357142
4,2,6,NaN
2,4,6,NaN
3,3,6,0.6005179018453487
5,1,6,NaN
3,3,6,0.8154385829807279
1,5,6,NaN
6,0,6,NaN
5,1,6,0.35163936320323114
5,1,6,NaN
2,4,6,0.7659187175498298
2,4,6,NaN
1,5,6,NaN
4,2,6,0.8949950374154003
2,4,6,6.338913421630026e-5
2,4,6,NaN
2,4,6,NaN
2,4,6,NaN
1,5,6,NaN
3,3,6,0.7008553584305408
2,4,6,0.35163936320323114
4,2,6,0.20957571850517484
1,5,6,0.5773495910338519
6,0,6,0.5773495910338519
3,3,6,NaN
2,4,6,0.9534911290835386
1,5,6,0.4389759442456205
2,4,6,NaN
3,3,6,NaN
2,4,6,NaN
3,3,6,0.9690207992381747
4,2,6,0.534054961478336
3,3,6,NaN
2,4,6,0.03973270879120916
1,5,6,0.001788009934573399
4,2,6,0.045946027748132785
1,5,6,NaN
3,3,6,0.6211047067208528
1,5,6,0.226313911876659
4,2,6,NaN
1,5,6,NaN
2,4,6,0.09331494238381467
2,4,6,0.8791469822960243
1,5,6,NaN
2,4,6,NaN
2,4,6,NaN
1,5,6,0.022641636257990223
4,2,6,NaN
3,3,6,NaN
2,4,6,0.019461483681576516
3,3,6,NaN
4,2,6,NaN
1,5,6,NaN
3,3,6,0.5773495910338519
2,4,6,NaN
3,3,6,0.7943141978951035
3,3,6,0.991808263676121
2,4,6,0.7008553584305408
1,5,6,0.8949950374154003
3,3,6,0.016352394412106192
2,4,6,0.922483585895465
2,4,6,0.3147278493122561
3,3,6,0.8204795116931126
2,4,6,0.5535967328915757
5,1,6,0.6629394266610144
3,3,6,0.6211047067208528
2,4,6,0.4389759442456205
2,4,6,0.1110151385093932
2,4,6,NaN
1,5,6,NaN
1,5,6,NaN
1,5,6,0.06058247105517931
2,4,6,0.9336743037628588
3,3,6,0.7008553584305408
1,5,6,0.5773495910338519
3,3,6,NaN
1,5,6,0.8390554675484226
4,2,6,NaN
1,5,6,0.026276295154686692
2,4,6,NaN
2,4,6,0.7351022872357142
3,3,6,NaN
2,4,6,0.9336743037628588
2,4,6,NaN
2,4,6,0.7659187175498298
1,5,6,NaN
2,4,6,0.922483585895465
3,3,6,0.35163936320323114
1,5,6,0.05295374443847441
2,4,6,NaN
1,5,6,0.3804720533963857
2,4,6,NaN
1,5,6,0.5773495910338519
1,5,6,0.9336743037628588
2,4,6,0.4389759442456205
1,5,6,NaN
1,5,6,0.9444012070806406
1,5,6,NaN
1,5,6,0.6172258058419916
1,5,6,0.3147278493122561
1,5,6,NaN
2,4,6,0.5120959007352743
1,5,6,NaN
1,5,6,NaN
1,5,6,NaN
1,5,6,NaN
1,5,6,NaN
1,5,6,NaN
1,5,6,0.0010734536399704194
1,5,6,NaN
1,5,6,NaN
2,4,6,NaN
1,5,6,NaN
1,5,6,NaN
1,5,6,NaN
1,5,6,0.6629394266610144
1,5,6,0.534054961478336
0,6,6,NaN
0,6,6,NaN
0,6,6,NaN
0,6,6,NaN
0,6,6,NaN
0,6,6,0.5490408605083255
0,6,6,NaN
0,6,6,NaN
0,6,6,NaN
0,6,6,NaN
0,6,6,0.8949950374154003
0,6,6,0.21187913375295056
0,6,6,NaN
0,6,6,NaN
0,6,6,0.02323597671314239
0,6,6,NaN
0,6,6,0.6211047067208528
0,6,6,0.24299412154726827
0,6,6,0.21187913375295056
0,6,6,NaN
0,6,6,NaN
0,6,6,0.09331494238381467
0,6,6,0.8791469822960243
0,6,6,0.6211047067208528
0,6,6,NaN
0,6,6,0.534054961478336
0,6,6,NaN
0,6,6,NaN
0,6,6,NaN
0,6,6,7.244356837125548e-7
0,6,6,NaN
0,6,6,0.8204795116931126
0,6,6,NaN
0,6,6,NaN
0,6,6,0.24299412154726827
0,6,6,NaN
0,6,6,NaN
0,6,6,NaN
0,6,6,0.8791469822960243
0,6,6,NaN
0,6,6,NaN
0,6,6,NaN
0,6,6,NaN
0,6,6,0.08328514459587477
0,6,6,0.534054961478336
0,6,6,0.922483585895465
0,6,6,0.8949950374154003
0,6,6,0.8418168267177661
0,6,6,NaN
0,6,6,0.9336743037628588
0,6,6,0.39365820288251563
0,6,6,NaN
0,6,6,NaN
0,6,6,NaN
0,6,6,0.11060594314484459
0,6,6,NaN
0,6,6,NaN
0,6,6,NaN
0,6,6,NaN
0,6,6,0.3147278493122561
0,6,6,NaN
0,6,6,0.24299412154726827
0,6,6,NaN
0,6,6,NaN
0,6,6,NaN
0,6,6,NaN
0,6,6,NaN
0,6,6,NaN
0,6,6,NaN
0,6,6,0.10644627622097674
0,6,6,0.9444012070806406
0,6,6,0.8617097556108892
0,6,6,NaN
0,6,6,NaN
0,6,6,0.5773495910338519
0,6,6,0.24299412154726827
0,6,6,NaN
0,6,6,NaN
0,6,6,NaN
3,2,5,0.24299412154726827
5,0,5,NaN
5,0,5,0.09331494238381467
4,1,5,NaN
2,3,5,NaN
3,2,5,NaN
3,2,5,0.03025847703180226
2,3,5,0.534054961478336
5,0,5,0.03583819191465363
4,1,5,NaN
4,1,5,0.7943141978951035
5,0,5,0.534054961478336
4,1,5,NaN
5,0,5,0.7351022872357142
4,1,5,0.7008553584305408
3,2,5,0.6211047067208528
5,0,5,0.6211047067208528
4,1,5,NaN
2,3,5,NaN
5,0,5,NaN
4,1,5,NaN
3,2,5,0.8617097556108892
5,0,5,NaN
3,2,5,NaN
5,0,5,NaN
2,3,5,0.8617097556108892
5,0,5,NaN
4,1,5,0.7573689796644424
4,1,5,0.3113020350068427
4,1,5,NaN
4,1,5,0.7008553584305408
5,0,5,NaN
2,3,5,NaN
5,0,5,NaN
2,3,5,0.2770589453938832
5,0,5,0.4869472780660612
4,1,5,0.06058247105517931
5,0,5,NaN
4,1,5,0.4869472780660612
3,2,5,NaN
5,0,5,NaN
5,0,5,NaN
5,0,5,0.14080710657571024
3,2,5,0.9444012070806406
2,3,5,NaN
4,1,5,NaN
4,1,5,0.8204795116931126
4,1,5,0.6313040216593364
3,2,5,0.161264881038212
4,1,5,NaN
5,0,5,0.0004662031146104878
4,1,5,0.7943141978951035
4,1,5,NaN
2,3,5,0.8617097556108892
3,2,5,NaN
2,3,5,0.9799588626550771
5,0,5,0.2770589453938832
3,2,5,NaN
4,1,5,0.33333059084391203
2,3,5,NaN
4,1,5,0.8791469822960243
4,1,5,0.39365820288251563
4,1,5,0.534054961478336
5,0,5,NaN
1,4,5,0.3147278493122561
3,2,5,NaN
5,0,5,NaN
2,3,5,NaN
3,2,5,0.534054961478336
5,0,5,NaN
4,1,5,0.12196444410581492
4,1,5,0.9951930465464588
5,0,5,NaN
5,0,5,0.05295374443847441
3,2,5,NaN
4,1,5,0.5794933485641853
3,2,5,NaN
5,0,5,NaN
5,0,5,NaN
4,1,5,NaN
5,0,5,NaN
4,1,5,NaN
4,1,5,0.1807182825251958
3,2,5,NaN
5,0,5,NaN
4,1,5,NaN
4,1,5,0.39365820288251563
1,4,5,NaN
4,1,5,NaN
4,1,5,NaN
2,3,5,0.7351022872357142
3,2,5,NaN
4,1,5,0.9799588626550771
4,1,5,0.2770589453938832
4,1,5,0.06058247105517931
3,2,5,0.37872206429728394
2,3,5,0.09095584036466085
4,1,5,0.7351022872357142
3,2,5,0.7351022872357142
4,1,5,0.4389759442456205
5,0,5,NaN
5,0,5,0.5773495910338519
4,1,5,NaN
3,2,5,NaN
4,1,5,NaN
5,0,5,0.14080710657571024
2,3,5,0.7008553584305408
4,1,5,0.39365820288251563
4,1,5,0.3147278493122561
3,2,5,0.24299412154726827
4,1,5,NaN
4,1,5,NaN
3,2,5,NaN
4,1,5,0.7943141978951035
3,2,5,NaN
5,0,5,NaN
4,1,5,NaN
3,2,5,0.7008553584305408
5,0,5,0.8204795116931126
3,2,5,0.7008553584305408
5,0,5,NaN
4,1,5,0.12196444410581492
5,0,5,0.6419307927155035
2,3,5,NaN
5,0,5,NaN
4,1,5,0.881143991419024
4,1,5,NaN
4,1,5,0.6211047067208528
5,0,5,NaN
4,1,5,NaN
4,1,5,0.39365820288251563
5,0,5,0.7659187175498298
5,0,5,0.39365820288251563
4,1,5,NaN
4,1,5,0.3147278493122561
5,0,5,NaN
5,0,5,0.24299412154726827
5,0,5,0.4389759442456205
4,1,5,0.39365820288251563
3,2,5,0.6629394266610144
5,0,5,0.33444683265217007
4,1,5,0.14080710657571024
3,2,5,NaN
4,1,5,NaN
5,0,5,0.026420720304872834
4,1,5,NaN
5,0,5,0.35163936320323114
5,0,5,NaN
4,1,5,0.005432060428272905
3,2,5,NaN
5,0,5,NaN
4,1,5,NaN
5,0,5,NaN
1,4,5,0.06988872661807305
3,2,5,0.06988872661807305
4,1,5,0.33444683265217007
5,0,5,0.18561760226461765
3,2,5,0.06058247105517931
2,3,5,NaN
5,0,5,NaN
5,0,5,0.4389759442456205
5,0,5,0.8204795116931126
4,1,5,NaN
4,1,5,NaN
2,3,5,NaN
5,0,5,NaN
3,2,5,0.0077233181991708715
3,2,5,0.05295374443847441
5,0,5,NaN
4,1,5,0.4349598562938944
4,1,5,0.12196444410581492
4,1,5,0.7351022872357142
3,2,5,0.9444012070806406
4,1,5,0.534054961478336
5,0,5,0.05014307186825348
3,2,5,0.3815436730712815
5,0,5,0.4389759442456205
2,3,5,0.9534911290835386
4,1,5,0.2770589453938832
4,1,5,0.7943141978951035
4,1,5,0.007307789698381175
5,0,5,NaN
4,1,5,NaN
3,2,5,0.10644627622097674
5,0,5,NaN
4,1,5,0.9749834651108517
5,0,5,0.8418168267177661
4,1,5,NaN
4,1,5,NaN
5,0,5,0.03973270879120916
5,0,5,NaN
3,2,5,NaN
2,3,5,NaN
3,2,5,0.09331494238381467
4,1,5,0.7008553584305408
3,2,5,0.2770589453938832
5,0,5,NaN
1,4,5,NaN
4,1,5,0.8949950374154003
3,2,5,0.7351022872357142
4,1,5,0.6629394266610144
4,1,5,NaN
3,2,5,NaN
4,1,5,NaN
2,3,5,NaN
4,1,5,0.3103570680766021
5,0,5,0.5773495910338519
5,0,5,NaN
3,2,5,0.4136636334960551
2,3,5,NaN
3,2,5,0.7008553584305408
3,2,5,NaN
5,0,5,0.8791469822960243
5,0,5,NaN
5,0,5,0.534054961478336
4,1,5,0.7943141978951035
3,2,5,NaN
5,0,5,0.9097889372969507
3,2,5,0.020344638877026963
3,2,5,0.9799588626550771
4,1,5,NaN
3,2,5,NaN
4,1,5,NaN
4,1,5,0.09331494238381467
4,1,5,0.6459136858084055
2,3,5,NaN
1,4,5,NaN
3,2,5,0.6629394266610144
3,2,5,NaN
5,0,5,0.2770589453938832
1,4,5,0.962032138983051
4,1,5,0.10644627622097674
5,0,5,NaN
5,0,5,0.161264881038212
5,0,5,NaN
5,0,5,0.6629394266610144
4,1,5,NaN
2,3,5,NaN
3,2,5,0.534054961478336
4,1,5,NaN
3,2,5,0.13558151249351424
3,2,5,0.1922181528739103
5,0,5,0.6629394266610144
5,0,5,0.8949950374154003
5,0,5,NaN
5,0,5,NaN
4,1,5,0.06058247105517931
3,2,5,NaN
4,1,5,NaN
3,2,5,0.045946027748132785
3,2,5,NaN
4,1,5,NaN
5,0,5,NaN
1,4,5,NaN
5,0,5,2.515637512129223e-5
2,3,5,NaN
3,2,5,0.9097889372969507
1,4,5,0.08115644780417555
3,2,5,NaN
4,1,5,0.534054961478336
3,2,5,0.3147278493122561
5,0,5,NaN
4,1,5,NaN
4,1,5,0.08115644780417555
5,0,5,0.8418168267177661
3,2,5,NaN
4,1,5,NaN
4,1,5,NaN
4,1,5,NaN
4,1,5,NaN
2,3,5,NaN
5,0,5,0.019582362947367808
5,0,5,NaN
4,1,5,NaN
5,0,5,NaN
5,0,5,0.8949950374154003
4,1,5,0.6507629081533092
4,1,5,NaN
5,0,5,0.2770589453938832
5,0,5,0.3147278493122561
3,2,5,NaN
2,3,5,NaN
3,2,5,0.21187913375295056
5,0,5,0.22663646407110755
4,1,5,0.35163936320323114
5,0,5,NaN
4,1,5,0.24299412154726827
4,1,5,NaN
5,0,5,0.962032138983051
5,0,5,0.5773495910338519
5,0,5,0.8949950374154003
5,0,5,0.35163936320323114
3,2,5,NaN
3,2,5,0.8617097556108892
3,2,5,0.06988872661807305
5,0,5,0.922483585895465
3,2,5,0.3147278493122561
5,0,5,0.2770589453938832
5,0,5,NaN
2,3,5,0.2770589453938832
3,2,5,NaN
3,2,5,NaN
3,2,5,NaN
3,2,5,0.14080710657571024
3,2,5,NaN
4,1,5,NaN
5,0,5,0.6211047067208528
2,3,5,0.8204795116931126
5,0,5,NaN
4,1,5,NaN
3,2,5,NaN
5,0,5,0.39365820288251563
5,0,5,0.9336743037628588
4,1,5,0.7659187175498298
1,4,5,NaN
4,1,5,0.7351022872357142
4,1,5,0.9444012070806406
4,1,5,0.35163936320323114
4,1,5,0.922483585895465
4,1,5,0.36017632999797705
4,1,5,0.21187913375295056
5,0,5,0.36304498012121394
5,0,5,NaN
5,0,5,0.018072366357028753
4,1,5,0.9799588626550771
4,1,5,0.03468779084967369
3,2,5,0.18561760226461765
3,2,5,0.2770589453938832
3,2,5,NaN
3,2,5,NaN
5,0,5,0.9227532560074253
3,2,5,0.7351022872357142
4,1,5,0.8617097556108892
5,0,5,0.12196444410581492
5,0,5,0.5773495910338519
5,0,5,0.005364392727843723
3,2,5,NaN
4,1,5,NaN
3,2,5,NaN
5,0,5,0.1820622810425774
3,2,5,0.7659187175498298
4,1,5,NaN
4,1,5,NaN
5,0,5,NaN
4,1,5,NaN
4,1,5,NaN
3,2,5,0.0035924867458309038
2,3,5,NaN
3,2,5,0.35163936320323114
4,1,5,NaN
4,1,5,NaN
4,1,5,0.4869472780660612
4,1,5,0.03973270879120916
3,2,5,NaN
3,2,5,0.02440886183857676
4,1,5,0.9749834651108517
5,0,5,0.6629394266610144
5,0,5,NaN
5,0,5,NaN
3,2,5,NaN
3,2,5,0.8204795116931126
5,0,5,0.6211047067208528
4,1,5,0.38878848159550583
5,0,5,NaN
2,3,5,NaN
3,2,5,0.535975218823262
5,0,5,NaN
5,0,5,NaN
3,2,5,0.4869472780660612
4,1,5,NaN
5,0,5,0.39365820288251563
3,2,5,NaN
1,4,5,0.8418168267177661
5,0,5,NaN
3,2,5,0.0621516079217303
5,0,5,NaN
4,1,5,0.6629394266610144
3,2,5,0.02988903408742029
3,2,5,0.14080710657571024
4,1,5,NaN
3,2,5,8.273467867586865e-5
5,0,5,NaN
5,0,5,0.6211047067208528
3,2,5,NaN
4,1,5,0.6211047067208528
5,0,5,NaN
3,2,5,NaN
3,2,5,0.2197606068639014
4,1,5,0.018959130438185253
3,2,5,0.19021540055167574
5,0,5,0.5889356311023861
5,0,5,NaN
4,1,5,0.9444012070806406
5,0,5,NaN
5,0,5,NaN
5,0,5,NaN
5,0,5,0.922483585895465
4,1,5,NaN
4,1,5,NaN
1,4,5,0.4869472780660612
5,0,5,0.10644627622097674
4,1,5,0.5773495910338519
4,1,5,0.6211047067208528
3,2,5,0.12196444410581492
5,0,5,0.6629394266610144
5,0,5,NaN
5,0,5,0.12196444410581492
5,0,5,NaN
4,1,5,0.8418168267177661
5,0,5,NaN
4,1,5,NaN
5,0,5,0.8719044429579209
4,1,5,0.7534962314692407
5,0,5,0.8617097556108892
4,1,5,NaN
3,2,5,NaN
4,1,5,NaN
5,0,5,0.21187913375295056
4,1,5,NaN
4,1,5,NaN
4,1,5,0.006091701711492965
5,0,5,NaN
3,2,5,0.12196444410581492
4,1,5,NaN
3,2,5,0.07346272242487095
4,1,5,0.9336743037628588
4,1,5,0.161264881038212
2,3,5,NaN
5,0,5,0.8617097556108892
4,1,5,NaN
3,2,5,0.9336743037628588
2,3,5,0.35163936320323114
4,1,5,0.10382651275754705
3,2,5,0.6071735884202042
3,2,5,NaN
4,1,5,NaN
4,1,5,NaN
3,2,5,0.21187913375295056
3,2,5,NaN
2,3,5,0.9749834651108517
1,4,5,NaN
3,2,5,NaN
5,0,5,0.8791469822960243
3,2,5,0.534054961478336
4,1,5,0.013595179396091573
5,0,5,0.7943141978951035
4,1,5,NaN
4,1,5,0.9534911290835386
5,0,5,0.9444012070806406
4,1,5,NaN
5,0,5,0.3147278493122561
4,1,5,NaN
3,2,5,0.5499394158762172
5,0,5,NaN
5,0,5,NaN
3,2,5,NaN
5,0,5,0.8418168267177661
5,0,5,0.5773495910338519
5,0,5,NaN
3,2,5,0.4389759442456205
4,1,5,0.8949950374154003
4,1,5,NaN
5,0,5,0.4869472780660612
1,4,5,0.25247576547328854
4,1,5,NaN
5,0,5,NaN
4,1,5,NaN
5,0,5,0.4869472780660612
3,2,5,0.8617097556108892
5,0,5,0.2770589453938832
5,0,5,NaN
5,0,5,NaN
5,0,5,NaN
5,0,5,NaN
5,0,5,NaN
3,2,5,0.06988872661807305
5,0,5,0.534054961478336
5,0,5,0.04988791531202718
4,1,5,NaN
3,2,5,NaN
4,1,5,0.9097889372969507
4,1,5,0.045946027748132785
2,3,5,0.7659187175498298
2,3,5,0.7659187175498298
4,1,5,0.06617301052001175
3,2,5,NaN
5,0,5,NaN
3,2,5,0.7511589307488591
3,2,5,NaN
2,3,5,0.4834332894696361
5,0,5,NaN
4,1,5,NaN
5,0,5,NaN
5,0,5,NaN
5,0,5,0.05295374443847441
3,2,5,NaN
5,0,5,NaN
2,3,5,NaN
4,1,5,NaN
3,2,5,NaN
4,1,5,0.9444012070806406
4,1,5,0.8617097556108892
3,2,5,NaN
5,0,5,NaN
5,0,5,NaN
3,2,5,0.006091701711492965
4,1,5,NaN
3,2,5,NaN
2,3,5,0.39365820288251563
5,0,5,0.8418168267177661
5,0,5,0.8753960451255497
4,1,5,0.534054961478336
4,1,5,0.9749834651108517
5,0,5,NaN
3,2,5,0.2770589453938832
4,1,5,NaN
3,2,5,0.8791469822960243
2,3,5,NaN
3,2,5,0.03025847703180226
3,2,5,NaN
3,2,5,NaN
4,1,5,0.8791469822960243
2,3,5,0.4389759442456205
5,0,5,0.6211047067208528
4,1,5,0.8949950374154003
5,0,5,NaN
4,1,5,NaN
3,2,5,NaN
5,0,5,0.06058247105517931
4,1,5,NaN
3,2,5,0.7693964938216118
3,2,5,NaN
5,0,5,0.8949950374154003
5,0,5,NaN
5,0,5,NaN
4,1,5,NaN
5,0,5,0.9131039566109892
2,3,5,NaN
5,0,5,NaN
5,0,5,0.7842879526769774
5,0,5,0.7008553584305408
2,3,5,0.7943141978951035
4,1,5,NaN
4,1,5,NaN
5,0,5,0.006060756977472563
3,2,5,0.7659187175498298
4,1,5,NaN
4,1,5,0.21187913375295056
4,1,5,0.161264881038212
5,0,5,0.6629394266610144
3,2,5,0.06988872661807305
5,0,5,NaN
5,0,5,0.39365820288251563
3,2,5,0.7120588430681319
5,0,5,NaN
4,1,5,NaN
3,2,5,NaN
4,1,5,NaN
4,1,5,NaN
4,1,5,NaN
2,3,5,0.2770589453938832
5,0,5,NaN
4,1,5,NaN
2,3,5,0.39365820288251563
5,0,5,0.5773495910338519
4,1,5,0.6617907114444935
4,1,5,0.751997803097459
3,2,5,NaN
5,0,5,0.06058247105517931
4,1,5,0.9097889372969507
5,0,5,0.8418168267177661
5,0,5,NaN
3,2,5,NaN
5,0,5,0.7008553584305408
2,3,5,0.4869472780660612
5,0,5,0.4869472780660612
3,2,5,NaN
4,1,5,NaN
5,0,5,NaN
2,3,5,0.8853210507999522
5,0,5,0.18561760226461765
3,2,5,0.962032138983051
5,0,5,0.2770589453938832
3,2,5,NaN
5,0,5,NaN
5,0,5,NaN
2,3,5,0.7659187175498298
5,0,5,NaN
1,4,5,0.4389759442456205
5,0,5,0.4389759442456205
5,0,5,0.39365820288251563
4,1,5,NaN
4,1,5,NaN
3,2,5,NaN
5,0,5,NaN
5,0,5,0.39464622595139676
2,3,5,NaN
4,1,5,0.18561760226461765
3,2,5,0.14080710657571024
3,2,5,NaN
4,1,5,NaN
2,3,5,NaN
4,1,5,NaN
5,0,5,NaN
4,1,5,0.7943141978951035
5,0,5,0.03973270879120916
2,3,5,0.06058247105517931
2,3,5,NaN
2,3,5,0.45885943191873046
4,1,5,0.14080710657571024
4,1,5,0.35163936320323114
4,1,5,NaN
4,1,5,0.4389759442456205
4,1,5,0.8418168267177661
5,0,5,NaN
3,2,5,0.18561760226461765
4,1,5,0.14080710657571024
5,0,5,0.09331494238381467
5,0,5,0.5208172689929056
3,2,5,NaN
5,0,5,0.7008553584305408
4,1,5,NaN
5,0,5,NaN
2,3,5,0.35163936320323114
5,0,5,0.5773495910338519
4,1,5,NaN
3,2,5,0.534054961478336
4,1,5,NaN
3,2,5,0.24299412154726827
2,3,5,0.4869472780660612
4,1,5,NaN
3,2,5,NaN
5,0,5,NaN
5,0,5,0.8949950374154003
4,1,5,0.009602330541216857
4,1,5,0.24299412154726827
4,1,5,0.7659187175498298
5,0,5,0.8418168267177661
5,0,5,NaN
3,2,5,2.924896497493982e-6
3,2,5,0.3147278493122561
3,2,5,0.204756329954101
4,1,5,NaN
4,1,5,0.7008553584305408
5,0,5,0.3147278493122561
5,0,5,0.7659187175498298
4,1,5,NaN
4,1,5,0.03973270879120916
4,1,5,NaN
4,1,5,0.045946027748132785
4,1,5,NaN
4,1,5,NaN
4,1,5,0.8949950374154003
4,1,5,NaN
3,2,5,0.962032138983051
5,0,5,NaN
5,0,5,NaN
5,0,5,0.9158150508975211
4,1,5,0.001229131411212396
5,0,5,NaN
4,1,5,NaN
5,0,5,NaN
5,0,5,0.18561760226461765
2,3,5,0.9845924478014567
5,0,5,NaN
3,2,5,NaN
3,2,5,0.08115644780417555
5,0,5,NaN
3,2,5,0.06988872661807305
4,1,5,NaN
3,2,5,0.21187913375295056
1,4,5,NaN
3,2,5,0.922483585895465
2,3,5,NaN
5,0,5,NaN
4,1,5,0.8949950374154003
5,0,5,0.8204795116931126
4,1,5,0.001287131655940433
3,2,5,0.44619071473359895
4,1,5,0.7943141978951035
5,0,5,0.2770589453938832
5,0,5,NaN
4,1,5,NaN
4,1,5,NaN
4,1,5,NaN
5,0,5,0.534054961478336
4,1,5,NaN
4,1,5,0.7008553584305408
3,2,5,NaN
1,4,5,0.5773495910338519
4,1,5,0.5773495910338519
3,2,5,NaN
2,3,5,0.18561760226461765
1,4,5,0.8418168267177661
4,1,5,NaN
4,1,5,NaN
5,0,5,NaN
5,0,5,0.9799588626550771
4,1,5,NaN
5,0,5,0.18561760226461765
4,1,5,NaN
5,0,5,0.8204795116931126
4,1,5,NaN
4,1,5,NaN
3,2,5,0.8617097556108892
2,3,5,NaN
3,2,5,NaN
4,1,5,NaN
4,1,5,0.3147278493122561
4,1,5,NaN
4,1,5,NaN
4,1,5,0.3399082013245906
3,2,5,NaN
3,2,5,0.7008553584305408
5,0,5,NaN
5,0,5,NaN
3,2,5,0.4389759442456205
5,0,5,NaN
4,1,5,NaN
4,1,5,0.16375619891597243
5,0,5,0.4389759442456205
3,2,5,NaN
1,4,5,0.8617097556108892
5,0,5,NaN
4,1,5,0.20115757019547983
5,0,5,0.6629394266610144
2,3,5,0.14551437756673102
3,2,5,NaN
5,0,5,0.7659187175498298
3,2,5,NaN
3,2,5,0.35163936320323114
3,2,5,NaN
4,1,5,NaN
4,1,5,NaN
3,2,5,NaN
3,2,5,NaN
5,0,5,NaN
4,1,5,0.962032138983051
4,1,5,NaN
3,2,5,0.10644627622097674
5,0,5,0.06058247105517931
5,0,5,NaN
5,0,5,NaN
5,0,5,0.534054961478336
2,3,5,NaN
3,2,5,NaN
5,0,5,0.3147278493122561
3,2,5,0.06058247105517931
2,3,5,NaN
2,3,5,NaN
4,1,5,0.18561760226461765
4,1,5,0.8617097556108892
5,0,5,NaN
5,0,5,NaN
2,3,5,NaN
4,1,5,NaN
2,3,5,NaN
5,0,5,0.9886670302743008
3,2,5,NaN
3,2,5,NaN
3,2,5,0.00037159015722946386
5,0,5,NaN
4,1,5,0.022641636257990223
3,2,5,0.6629394266610144
4,1,5,NaN
5,0,5,0.7943141978951035
4,1,5,NaN
2,3,5,NaN
4,1,5,0.24299412154726827
5,0,5,0.6629394266610144
5,0,5,0.6211047067208528
3,2,5,0.922483585895465
5,0,5,NaN
3,2,5,0.991808263676121
3,2,5,0.031166483159488077
2,3,5,NaN
3,2,5,0.05295374443847441
5,0,5,0.4869472780660612
5,0,5,NaN
4,1,5,0.03973270879120916
4,1,5,NaN
1,4,5,NaN
4,1,5,0.7351022872357142
3,2,5,0.3147278493122561
2,3,5,NaN
5,0,5,0.3147278493122561
3,2,5,0.4869472780660612
3,2,5,0.7943141978951035
4,1,5,0.6919028561685525
4,1,5,NaN
4,1,5,0.8204795116931126
4,1,5,0.39365820288251563
4,1,5,0.10644627622097674
4,1,5,0.3147278493122561
5,0,5,NaN
4,1,5,NaN
3,2,5,0.4869472780660612
5,0,5,0.8791469822960243
2,3,5,NaN
4,1,5,NaN
3,2,5,NaN
5,0,5,NaN
3,2,5,NaN
5,0,5,NaN
4,1,5,NaN
4,1,5,0.35163936320323114
4,1,5,0.7659187175498298
3,2,5,0.0002055633392232765
4,1,5,0.8204795116931126
3,2,5,NaN
5,0,5,0.7351022872357142
2,3,5,NaN
5,0,5,NaN
1,4,5,NaN
4,1,5,0.19456678202584296
3,2,5,0.161264881038212
5,0,5,NaN
2,3,5,NaN
4,1,5,0.022641636257990223
5,0,5,0.962032138983051
3,2,5,NaN
5,0,5,NaN
5,0,5,NaN
3,2,5,0.7943141978951035
4,1,5,NaN
2,3,5,0.3147278493122561
5,0,5,0.534054961478336
5,0,5,NaN
3,2,5,0.349428066407448
4,1,5,0.5135204956201115
5,0,5,0.6211047067208528
2,3,5,NaN
4,1,5,NaN
5,0,5,NaN
4,1,5,NaN
2,3,5,0.02611284212389445
4,1,5,NaN
3,2,5,NaN
5,0,5,NaN
5,0,5,0.9690207992381747
3,2,5,NaN
4,1,5,NaN
3,2,5,0.6211047067208528
5,0,5,0.8617097556108892
3,2,5,0.8204795116931126
3,2,5,NaN
3,2,5,NaN
4,1,5,0.534054961478336
3,2,5,0.019582362947367808
4,1,5,0.6211047067208528
5,0,5,NaN
3,2,5,0.24299412154726827
5,0,5,0.39365820288251563
4,1,5,NaN
3,2,5,0.7120588430681319
5,0,5,NaN
5,0,5,NaN
3,2,5,0.12196444410581492
2,3,5,NaN
4,1,5,0.4389759442456205
5,0,5,0.12196444410581492
2,3,5,NaN
2,3,5,0.006512443639538448
4,1,5,NaN
5,0,5,0.12196444410581492
4,1,5,NaN
5,0,5,NaN
3,2,5,NaN
4,1,5,0.8204795116931126
2,3,5,0.8617097556108892
4,1,5,0.697679905440175
4,1,5,0.991808263676121
4,1,5,0.9444012070806406
3,2,5,0.30087368305849727
5,0,5,NaN
5,0,5,NaN
3,2,5,NaN
3,2,5,0.18561760226461765
5,0,5,0.8949950374154003
3,2,5,0.7659187175498298
3,2,5,0.05295374443847441
4,1,5,0.7008553584305408
5,0,5,NaN
4,1,5,NaN
4,1,5,NaN
2,3,5,NaN
4,1,5,0.9322349591073497
4,1,5,NaN
4,1,5,NaN
4,1,5,0.18561760226461765
5,0,5,NaN
3,2,5,NaN
4,1,5,NaN
4,1,5,NaN
5,0,5,NaN
3,2,5,0.6211047067208528
3,2,5,0.045946027748132785
5,0,5,NaN
3,2,5,0.9097889372969507
4,1,5,NaN
5,0,5,NaN
5,0,5,NaN
3,2,5,0.35163936320323114
4,1,5,NaN
2,3,5,0.7659187175498298
2,3,5,0.8418168267177661
4,1,5,NaN
3,2,5,NaN
1,4,5,0.5773495910338519
5,0,5,0.161264881038212
5,0,5,0.10644627622097674
4,1,5,0.8204795116931126
4,1,5,NaN
4,1,5,NaN
5,0,5,NaN
4,1,5,0.9097889372969507
4,1,5,NaN
4,1,5,0.881143991419024
3,2,5,NaN
5,0,5,NaN
2,3,5,NaN
4,1,5,0.12196444410581492
3,2,5,NaN
2,3,5,0.7351022872357142
2,3,5,0.3103570680766021
5,0,5,0.0008333761672728279
5,0,5,0.7008553584305408
3,2,5,0.24299412154726827
3,2,5,NaN
5,0,5,0.9596985727555174
3,2,5,NaN
5,0,5,NaN
4,1,5,0.534054961478336
5,0,5,NaN
4,1,5,NaN
4,1,5,0.9411847454973163
3,2,5,NaN
3,2,5,0.7943141978951035
3,2,5,0.05295374443847441
5,0,5,0.7008553584305408
5,0,5,NaN
4,1,5,0.08115644780417555
5,0,5,0.161264881038212
5,0,5,NaN
4,1,5,0.922483585895465
3,2,5,0.9444012070806406
4,1,5,NaN
4,1,5,NaN
4,1,5,0.08585796420200104
5,0,5,NaN
3,2,5,4.314103525858574e-10
4,1,5,0.4869472780660612
4,1,5,0.8418168267177661
2,3,5,0.10644627622097674
5,0,5,0.6211047067208528
3,2,5,0.35163936320323114
2,3,5,NaN
1,4,5,0.534054961478336
4,1,5,0.6211047067208528
3,2,5,0.5773495910338519
3,2,5,0.922483585895465
5,0,5,NaN
4,1,5,NaN
4,1,5,0.21187913375295056
5,0,5,0.3147278493122561
5,0,5,0.8418168267177661
4,1,5,0.24299412154726827
4,1,5,NaN
3,2,5,0.9534911290835386
5,0,5,NaN
4,1,5,0.03973270879120916
4,1,5,NaN
4,1,5,0.16375879283146516
2,3,5,NaN
5,0,5,0.6211047067208528
4,1,5,0.6629394266610144
4,1,5,NaN
5,0,5,NaN
3,2,5,0.9371101956170366
5,0,5,NaN
5,0,5,0.18561760226461765
4,1,5,NaN
5,0,5,0.2770589453938832
5,0,5,NaN
4,1,5,NaN
4,1,5,0.534054961478336
4,1,5,NaN
5,0,5,0.03973270879120916
5,0,5,NaN
1,4,5,NaN
3,2,5,0.20343077860800823
5,0,5,0.14080710657571024
5,0,5,0.2235176087258517
2,3,5,0.6629394266610144
5,0,5,0.09331494238381467
3,2,5,0.2770589453938832
5,0,5,NaN
5,0,5,NaN
5,0,5,0.29916026432562987
5,0,5,NaN
3,2,5,0.02611284212389445
5,0,5,0.4869472780660612
2,3,5,0.4869472780660612
2,3,5,NaN
4,1,5,NaN
5,0,5,0.3147278493122561
4,1,5,0.013038088382755907
3,2,5,0.1944265043754557
3,2,5,0.911715205305417
4,1,5,0.4869472780660612
5,0,5,0.9799588626550771
3,2,5,NaN
5,0,5,0.6211047067208528
3,2,5,0.05295374443847441
4,1,5,0.2638026239976912
3,2,5,0.08115644780417555
4,1,5,0.7120588430681319
5,0,5,0.39365820288251563
4,1,5,NaN
4,1,5,NaN
3,2,5,NaN
3,2,5,0.8949950374154003
4,1,5,0.0008603391866700474
3,2,5,0.8949950374154003
4,1,5,NaN
3,2,5,NaN
4,1,5,NaN
3,2,5,NaN
5,0,5,NaN
3,2,5,NaN
3,2,5,0.7351022872357142
4,1,5,0.7659187175498298
4,1,5,0.14080710657571024
3,2,5,NaN
4,1,5,NaN
3,2,5,0.922483585895465
5,0,5,NaN
5,0,5,0.4218148450805122
4,1,5,0.2770589453938832
4,1,5,NaN
5,0,5,NaN
4,1,5,0.5439779729715323
5,0,5,0.4834332894696361
5,0,5,NaN
2,3,5,0.6629394266610144
5,0,5,0.9097889372969507
4,1,5,0.4389759442456205
4,1,5,0.7943141978951035
4,1,5,NaN
4,1,5,0.5773495910338519
1,4,5,NaN
4,1,5,0.018251152795262952
4,1,5,NaN
3,2,5,NaN
3,2,5,NaN
3,2,5,0.45592239203280516
3,2,5,0.2770589453938832
3,2,5,NaN
3,2,5,NaN
5,0,5,NaN
1,4,5,0.8791469822960243
4,1,5,0.7351022872357142
2,3,5,0.8791469822960243
5,0,5,NaN
2,3,5,NaN
3,2,5,NaN
4,1,5,NaN
5,0,5,NaN
5,0,5,NaN
5,0,5,0.9444012070806406
4,1,5,NaN
5,0,5,0.7943141978951035
4,1,5,0.534054961478336
4,1,5,0.2770589453938832
2,3,5,0.6629394266610144
3,2,5,NaN
2,3,5,0.1263440049225468
2,3,5,0.8418168267177661
3,2,5,NaN
5,0,5,NaN
4,1,5,NaN
4,1,5,0.5773495910338519
3,2,5,NaN
3,2,5,NaN
3,2,5,0.922483585895465
5,0,5,0.09331494238381467
5,0,5,0.4869472780660612
4,1,5,0.9354546420580792
5,0,5,0.06058247105517931
5,0,5,NaN
5,0,5,NaN
1,4,5,0.35163936320323114
4,1,5,0.08115644780417555
5,0,5,0.06058247105517931
4,1,5,NaN
5,0,5,NaN
3,2,5,0.8617097556108892
2,3,5,NaN
4,1,5,0.8949950374154003
2,3,5,0.21187913375295056
5,0,5,NaN
5,0,5,0.7008553584305408
4,1,5,0.5773495910338519
5,0,5,NaN
5,0,5,0.9444012070806406
4,1,5,NaN
2,3,5,NaN
4,1,5,0.18561760226461765
5,0,5,NaN
1,4,5,0.15934986550068783
3,2,5,NaN
4,1,5,0.6629394266610144
2,3,5,0.35163936320323114
5,0,5,NaN
3,2,5,0.8204795116931126
2,3,5,NaN
3,2,5,NaN
4,1,5,0.8204795116931126
4,1,5,0.9336743037628588
3,2,5,NaN
4,1,5,NaN
4,1,5,0.6629394266610144
3,2,5,NaN
4,1,5,NaN
4,1,5,0.7351022872357142
5,0,5,NaN
2,3,5,NaN
3,2,5,0.534054961478336
3,2,5,0.14080710657571024
5,0,5,NaN
3,2,5,0.2770589453938832
2,3,5,0.06058247105517931
5,0,5,0.8204795116931126
4,1,5,0.08115644780417555
5,0,5,NaN
5,0,5,NaN
3,2,5,0.8418168267177661
3,2,5,0.24299412154726827
4,1,5,NaN
2,3,5,NaN
4,1,5,NaN
5,0,5,0.21187913375295056
4,1,5,0.7970650442331396
4,1,5,0.18342760089507215
3,2,5,0.20343077860800823
3,2,5,0.9336743037628588
1,4,5,NaN
3,2,5,NaN
2,3,5,0.12196444410581492
5,0,5,0.9886670302743008
5,0,5,0.2770589453938832
3,2,5,NaN
4,1,5,0.03365976177913162
5,0,5,NaN
4,1,5,NaN
2,3,5,0.962032138983051
3,2,5,0.8344099354421916
3,2,5,NaN
5,0,5,NaN
5,0,5,NaN
5,0,5,0.6211047067208528
5,0,5,NaN
5,0,5,NaN
4,1,5,0.6629394266610144
2,3,5,NaN
4,1,5,0.161264881038212
4,1,5,NaN
5,0,5,0.35163936320323114
5,0,5,0.00046797089977602003
4,1,5,0.03468779084967369
2,3,5,NaN
5,0,5,0.7943141978951035
4,1,5,0.922483585895465
4,1,5,NaN
4,1,5,NaN
5,0,5,0.4869472780660612
5,0,5,NaN
4,1,5,0.9799588626550771
5,0,5,NaN
3,2,5,NaN
2,3,5,NaN
4,1,5,0.534054961478336
1,4,5,NaN
5,0,5,NaN
4,1,5,NaN
5,0,5,0.7943141978951035
2,3,5,NaN
4,1,5,NaN
5,0,5,0.3147278493122561
5,0,5,NaN
3,2,5,NaN
3,2,5,NaN
5,0,5,NaN
4,1,5,NaN
5,0,5,0.045946027748132785
3,2,5,NaN
4,1,5,0.09209799421430827
4,1,5,NaN
5,0,5,0.45885943191873046
3,2,5,0.4869472780660612
2,3,5,0.057560054304113525
4,1,5,NaN
5,0,5,NaN
3,2,5,NaN
3,2,5,NaN
4,1,5,NaN
3,2,5,NaN
3,2,5,0.852248959486196
4,1,5,NaN
4,1,5,NaN
4,1,5,0.39365820288251563
4,1,5,0.9991219805480698
4,1,5,0.534054961478336
1,4,5,0.9992627380670587
5,0,5,0.8653601395728225
3,2,5,NaN
5,0,5,0.03973270879120916
5,0,5,NaN
5,0,5,NaN
4,1,5,0.05295374443847441
5,0,5,0.007827960273527267
4,1,5,0.7659187175498298
1,4,5,NaN
4,1,5,0.7008553584305408
5,0,5,NaN
4,1,5,NaN
4,1,5,NaN
5,0,5,NaN
3,2,5,0.4869472780660612
4,1,5,0.7351022872357142
1,4,5,0.03475038408238837
4,1,5,0.9534911290835386
4,1,5,NaN
5,0,5,0.9336743037628588
2,3,5,0.6211047067208528
3,2,5,0.3557052691871041
5,0,5,NaN
4,1,5,NaN
5,0,5,NaN
3,2,5,NaN
2,3,5,NaN
3,2,5,0.03435454470774965
5,0,5,NaN
3,2,5,NaN
3,2,5,0.525816860430935
5,0,5,0.39365820288251563
2,3,5,NaN
5,0,5,0.24299412154726827
4,1,5,0.7943141978951035
4,1,5,0.39365820288251563
2,3,5,0.022641636257990223
3,2,5,NaN
4,1,5,NaN
5,0,5,0.003442105670104662
1,4,5,NaN
3,2,5,NaN
5,0,5,NaN
4,1,5,NaN
4,1,5,0.24299412154726827
5,0,5,0.9097889372969507
3,2,5,0.04004784625310379
4,1,5,0.9097889372969507
3,2,5,0.8418168267177661
1,4,5,NaN
4,1,5,0.019582362947367808
3,2,5,0.161264881038212
3,2,5,NaN
3,2,5,NaN
3,2,5,0.7659187175498298
3,2,5,0.8617097556108892
4,1,5,NaN
5,0,5,NaN
5,0,5,NaN
4,1,5,0.4869472780660612
5,0,5,0.39704602526603777
3,2,5,NaN
5,0,5,NaN
4,1,5,NaN
3,2,5,NaN
5,0,5,0.7896213030406075
4,1,5,0.8418168267177661
4,1,5,0.39365820288251563
4,1,5,NaN
5,0,5,NaN
3,2,5,0.9444012070806406
5,0,5,NaN
5,0,5,NaN
4,1,5,NaN
5,0,5,NaN
4,1,5,NaN
5,0,5,NaN
4,1,5,NaN
4,1,5,0.22530818461813143
2,3,5,0.047464647101720776
5,0,5,0.6211047067208528
5,0,5,0.7659187175498298
4,1,5,0.9875546193686333
4,1,5,0.534054961478336
4,1,5,0.8791469822960243
5,0,5,0.7659187175498298
3,2,5,0.534054961478336
1,4,5,0.06147081611628614
5,0,5,NaN
2,3,5,0.06058247105517931
2,3,5,NaN
3,2,5,0.4389759442456205
4,1,5,NaN
3,2,5,0.663206166970346
4,1,5,0.7008553584305408
5,0,5,NaN
4,1,5,NaN
4,1,5,NaN
5,0,5,0.12813907281790618
5,0,5,NaN
4,1,5,NaN
3,2,5,0.03973270879120916
5,0,5,NaN
3,2,5,0.0003665006470871582
2,3,5,0.06058247105517931
5,0,5,NaN
4,1,5,0.6211047067208528
5,0,5,NaN
4,1,5,0.3422023334915514
4,1,5,0.2770589453938832
5,0,5,0.534054961478336
4,1,5,0.8617097556108892
3,2,5,0.9336743037628588
4,1,5,NaN
4,1,5,0.583929127406625
5,0,5,0.3147278493122561
5,0,5,0.9452512051460086
3,2,5,0.8418168267177661
4,1,5,0.2366586730463355
5,0,5,0.8949950374154003
5,0,5,0.6629394266610144
2,3,5,NaN
4,1,5,0.38847421607167315
4,1,5,0.7659187175498298
5,0,5,NaN
3,2,5,NaN
4,1,5,NaN
3,2,5,0.7659187175498298
3,2,5,0.4389759442456205
1,4,5,NaN
3,2,5,0.11121545874270854
2,3,5,NaN
5,0,5,NaN
3,2,5,0.21187913375295056
3,2,5,0.9845924478014567
5,0,5,0.2770589453938832
4,1,5,NaN
3,2,5,0.6629394266610144
4,1,5,NaN
2,3,5,NaN
3,2,5,NaN
3,2,5,0.18796570242908434
4,1,5,0.7943141978951035
5,0,5,NaN
5,0,5,NaN
3,2,5,0.21187913375295056
5,0,5,NaN
3,2,5,0.8204795116931126
1,4,5,NaN
4,1,5,NaN
4,1,5,NaN
4,1,5,0.4869472780660612
5,0,5,0.39365820288251563
5,0,5,0.026711304941035387
4,1,5,NaN
5,0,5,0.10644627622097674
4,1,5,0.2770589453938832
5,0,5,NaN
4,1,5,0.6211047067208528
2,3,5,0.21187913375295056
3,2,5,0.5773495910338519
3,2,5,0.24299412154726827
5,0,5,NaN
2,3,5,NaN
5,0,5,NaN
5,0,5,0.161264881038212
4,1,5,NaN
4,1,5,NaN
4,1,5,0.39365820288251563
4,1,5,0.036411748182285014
4,1,5,0.9097889372969507
2,3,5,NaN
3,2,5,0.06988872661807305
5,0,5,NaN
3,2,5,0.08115644780417555
4,1,5,0.14080710657571024
4,1,5,NaN
3,2,5,NaN
3,2,5,0.3147278493122561
4,1,5,NaN
5,0,5,0.7943141978951035
5,0,5,NaN
1,4,5,0.35163936320323114
4,1,5,NaN
5,0,5,NaN
2,3,5,NaN
3,2,5,0.12196444410581492
3,2,5,0.2770589453938832
2,3,5,0.21187913375295056
4,1,5,NaN
4,1,5,NaN
5,0,5,0.18561760226461765
4,1,5,0.08115644780417555
5,0,5,0.6211047067208528
4,1,5,0.6629394266610144
5,0,5,0.09331494238381467
5,0,5,NaN
3,2,5,0.447653581625194
2,3,5,NaN
3,2,5,0.8791469822960243
5,0,5,0.39365820288251563
4,1,5,NaN
4,1,5,NaN
3,2,5,NaN
3,2,5,NaN
3,2,5,0.7008553584305408
5,0,5,NaN
3,2,5,NaN
5,0,5,NaN
3,2,5,NaN
2,3,5,NaN
5,0,5,NaN
3,2,5,NaN
4,1,5,NaN
3,2,5,NaN
5,0,5,0.534054961478336
5,0,5,0.7659187175498298
5,0,5,0.4869472780660612
4,1,5,0.6766064389381786
4,1,5,0.39365820288251563
5,0,5,NaN
3,2,5,0.6791808283764735
4,1,5,NaN
4,1,5,0.4389759442456205
4,1,5,0.09331494238381467
4,1,5,0.9025266275697447
4,1,5,NaN
5,0,5,NaN
4,1,5,0.35163936320323114
3,2,5,NaN
4,1,5,0.013595179396091573
4,1,5,NaN
3,2,5,NaN
5,0,5,0.4389759442456205
5,0,5,0.7008553584305408
3,2,5,NaN
5,0,5,0.7659187175498298
5,0,5,0.6211047067208528
3,2,5,0.7659187175498298
5,0,5,NaN
4,1,5,0.022641636257990223
5,0,5,NaN
4,1,5,NaN
3,2,5,NaN
4,1,5,0.01508654402198436
4,1,5,0.7943141978951035
5,0,5,0.6459136858084055
4,1,5,0.7943141978951035
5,0,5,0.8617097556108892
4,1,5,NaN
5,0,5,NaN
2,3,5,NaN
4,1,5,NaN
3,2,5,NaN
4,1,5,NaN
2,3,5,0.08115644780417555
4,1,5,0.6629394266610144
5,0,5,NaN
3,2,5,0.004438655489494533
4,1,5,NaN
4,1,5,NaN
3,2,5,NaN
2,3,5,NaN
5,0,5,NaN
4,1,5,NaN
2,3,5,0.14080710657571024
5,0,5,NaN
2,3,5,NaN
2,3,5,NaN
4,1,5,0.2770589453938832
5,0,5,NaN
4,1,5,NaN
2,3,5,NaN
3,2,5,0.45885943191873046
4,1,5,0.534054961478336
4,1,5,0.5773495910338519
4,1,5,0.8869491384758869
3,2,5,0.4389759442456205
5,0,5,0.0453218543565991
3,2,5,0.4869472780660612
2,3,5,0.7659187175498298
4,1,5,0.009708197960407164
5,0,5,0.8949950374154003
4,1,5,0.161264881038212
5,0,5,NaN
3,2,5,NaN
5,0,5,0.1448629629866643
3,2,5,0.9215971040081024
2,3,5,NaN
2,3,5,NaN
2,3,5,0.10644627622097674
5,0,5,0.7674394494964111
4,1,5,NaN
5,0,5,0.35944974396699086
5,0,5,NaN
4,1,5,NaN
5,0,5,NaN
5,0,5,0.39365820288251563
5,0,5,NaN
4,1,5,0.045946027748132785
2,3,5,NaN
5,0,5,NaN
3,2,5,0.08115644780417555
5,0,5,NaN
5,0,5,0.21187913375295056
1,4,5,NaN
4,1,5,NaN
5,0,5,0.08562928552551806
4,1,5,0.18561760226461765
3,2,5,NaN
5,0,5,0.7351022872357142
4,1,5,NaN
5,0,5,0.6629394266610144
3,2,5,NaN
4,1,5,0.1263440049225468
4,1,5,NaN
4,1,5,NaN
3,2,5,0.4389759442456205
5,0,5,NaN
2,3,5,0.5415254142073298
4,1,5,0.9534911290835386
4,1,5,NaN
5,0,5,NaN
3,2,5,NaN
5,0,5,0.45885943191873046
3,2,5,0.8418168267177661
4,1,5,NaN
5,0,5,NaN
4,1,5,0.10644627622097674
3,2,5,0.5447104390716195
2,3,5,0.6629394266610144
4,1,5,NaN
5,0,5,0.06058247105517931
3,2,5,NaN
5,0,5,NaN
4,1,5,0.4389759442456205
3,2,5,0.4869472780660612
5,0,5,NaN
2,3,5,0.21187913375295056
3,2,5,0.1086180659431981
3,2,5,0.6211047067208528
3,2,5,0.6211047067208528
3,2,5,0.7409332389158217
1,4,5,0.5773495910338519
5,0,5,0.6211047067208528
3,2,5,NaN
4,1,5,NaN
3,2,5,0.022641636257990223
5,0,5,0.7943141978951035
4,1,5,NaN
3,2,5,NaN
5,0,5,0.12196444410581492
3,2,5,0.9799588626550771
5,0,5,NaN
4,1,5,NaN
5,0,5,0.016108210639325694
5,0,5,NaN
4,1,5,NaN
4,1,5,NaN
3,2,5,0.3147278493122561
4,1,5,NaN
4,1,5,0.013828736948372744
5,0,5,0.7008553584305408
3,2,5,NaN
2,3,5,0.4389759442456205
5,0,5,NaN
4,1,5,0.7351022872357142
2,3,5,0.8617097556108892
3,2,5,0.8617097556108892
5,0,5,0.6685567585826855
3,2,5,NaN
4,1,5,0.4389759442456205
2,3,5,0.2770589453938832
4,1,5,NaN
3,2,5,NaN
2,3,5,NaN
4,1,5,0.45672646229025915
3,2,5,0.45885943191873046
3,2,5,NaN
3,2,5,NaN
3,2,5,0.7034798908330773
5,0,5,0.019582362947367808
3,2,5,NaN
2,3,5,NaN
3,2,5,NaN
4,1,5,0.6211047067208528
3,2,5,0.7008553584305408
3,2,5,NaN
3,2,5,NaN
5,0,5,NaN
4,1,5,0.6626766186859294
5,0,5,0.7351022872357142
5,0,5,0.4389759442456205
1,4,5,0.9444012070806406
5,0,5,0.7943141978951035
5,0,5,NaN
2,3,5,0.7351022872357142
4,1,5,0.8949950374154003
5,0,5,0.7339534447100552
3,2,5,0.9097889372969507
4,1,5,NaN
2,3,5,NaN
5,0,5,NaN
4,1,5,0.9336743037628588
3,2,5,0.03973270879120916
5,0,5,1.3145904952121456e-6
3,2,5,0.03975901154156857
2,3,5,0.24299412154726827
5,0,5,0.3147278493122561
5,0,5,NaN
5,0,5,NaN
5,0,5,NaN
3,2,5,0.6211047067208528
5,0,5,NaN
4,1,5,0.9534911290835386
5,0,5,0.21187913375295056
4,1,5,0.8791469822960243
5,0,5,0.7008553584305408
4,1,5,0.7008553584305408
4,1,5,NaN
5,0,5,0.7206370700902589
4,1,5,NaN
4,1,5,0.534054961478336
5,0,5,0.7351022872357142
2,3,5,NaN
3,2,5,NaN
3,2,5,0.7351022872357142
3,2,5,0.7008553584305408
4,1,5,NaN
5,0,5,0.2770589453938832
5,0,5,0.9444012070806406
3,2,5,0.5846310885929272
4,1,5,NaN
3,2,5,0.8418168267177661
3,2,5,0.534054961478336
3,2,5,NaN
4,1,5,NaN
2,3,5,NaN
4,1,5,NaN
5,0,5,NaN
4,1,5,8.46430322527319e-5
3,2,5,0.7943141978951035
4,1,5,0.18561760226461765
4,1,5,0.39365820288251563
4,1,5,0.35163936320323114
5,0,5,0.4869472780660612
4,1,5,0.14080710657571024
4,1,5,0.5773495910338519
3,2,5,NaN
5,0,5,0.8580628232871113
4,1,5,0.6211047067208528
4,1,5,NaN
3,2,5,0.7943141978951035
4,1,5,NaN
5,0,5,0.013584695640948361
5,0,5,0.7885878677288182
4,1,5,0.5773495910338519
3,2,5,0.7659187175498298
4,1,5,0.5773495910338519
4,1,5,0.8293917622293794
4,1,5,0.9690207992381747
4,1,5,0.8617097556108892
4,1,5,0.14080710657571024
5,0,5,NaN
4,1,5,NaN
3,2,5,NaN
4,1,5,0.922483585895465
3,2,5,NaN
3,2,5,0.18561760226461765
4,1,5,NaN
5,0,5,0.12196444410581492
3,2,5,NaN
1,4,5,NaN
4,1,5,0.12196444410581492
4,1,5,0.161264881038212
3,2,5,0.03468779084967369
3,2,5,NaN
3,2,5,0.09331494238381467
2,3,5,NaN
1,4,5,NaN
4,1,5,0.02611284212389445
2,3,5,0.12196444410581492
4,1,5,NaN
4,1,5,NaN
4,1,5,0.8791469822960243
5,0,5,0.35163936320323114
3,2,5,NaN
5,0,5,NaN
3,2,5,NaN
4,1,5,0.06239265782275263
1,4,5,NaN
4,1,5,NaN
2,3,5,NaN
5,0,5,0.2159117727557482
2,3,5,NaN
4,1,5,0.2770589453938832
4,1,5,NaN
2,3,5,NaN
3,2,5,NaN
4,1,5,NaN
3,2,5,NaN
4,1,5,NaN
3,2,5,0.9799588626550771
3,2,5,0.06058247105517931
3,2,5,NaN
3,2,5,0.7008553584305408
3,2,5,NaN
3,2,5,NaN
3,2,5,NaN
4,1,5,0.3591611343992021
4,1,5,NaN
5,0,5,0.3127235966597112
5,0,5,NaN
3,2,5,0.9434656163747794
4,1,5,0.9845924478014567
4,1,5,NaN
3,2,5,0.6629394266610144
3,2,5,0.7008553584305408
5,0,5,NaN
5,0,5,NaN
4,1,5,0.7943141978951035
4,1,5,NaN
5,0,5,0.39365820288251563
2,3,5,0.9534911290835386
2,3,5,0.8949950374154003
3,2,5,NaN
4,1,5,NaN
3,2,5,0.4869472780660612
3,2,5,0.39365820288251563
4,1,5,0.7008553584305408
3,2,5,0.963406018248146
3,2,5,NaN
4,1,5,NaN
4,1,5,NaN
3,2,5,NaN
5,0,5,NaN
3,2,5,0.6629394266610144
4,1,5,NaN
5,0,5,0.8418168267177661
2,3,5,0.3399082013245906
2,3,5,0.8418168267177661
4,1,5,NaN
4,1,5,0.7008553584305408
5,0,5,NaN
5,0,5,0.9799588626550771
4,1,5,0.3147278493122561
4,1,5,0.9452512051460086
5,0,5,0.05295374443847441
5,0,5,NaN
4,1,5,0.21187913375295056
4,1,5,0.8791469822960243
4,1,5,NaN
4,1,5,0.9444012070806406
5,0,5,0.2770589453938832
4,1,5,NaN
4,1,5,0.35163936320323114
2,3,5,1.3725240889609205e-7
3,2,5,0.39365820288251563
5,0,5,0.7351022872357142
4,1,5,NaN
4,1,5,0.14080710657571024
3,2,5,NaN
4,1,5,NaN
5,0,5,NaN
4,1,5,NaN
4,1,5,0.6629394266610144
5,0,5,0.4999750457501353
2,3,5,NaN
4,1,5,0.534054961478336
4,1,5,0.8742961525070424
5,0,5,NaN
2,3,5,0.534054961478336
5,0,5,0.14080710657571024
5,0,5,NaN
2,3,5,0.4389759442456205
3,2,5,NaN
3,2,5,3.423229019171721e-7
4,1,5,NaN
4,1,5,0.39365820288251563
4,1,5,NaN
4,1,5,0.24299412154726827
5,0,5,NaN
3,2,5,NaN
3,2,5,0.4869472780660612
4,1,5,0.7351022872357142
1,4,5,0.045946027748132785
4,1,5,NaN
4,1,5,0.8204795116931126
3,2,5,NaN
5,0,5,0.7943141978951035
4,1,5,0.5808813602523217
4,1,5,NaN
4,1,5,NaN
4,1,5,NaN
5,0,5,NaN
3,2,5,NaN
3,2,5,0.08115644780417555
3,2,5,NaN
5,0,5,NaN
3,2,5,NaN
3,2,5,0.8418168267177661
5,0,5,0.3147278493122561
5,0,5,0.7943141978951035
3,2,5,NaN
4,1,5,0.2770589453938832
5,0,5,0.02611284212389445
3,2,5,0.12196444410581492
3,2,5,NaN
5,0,5,0.2770589453938832
5,0,5,NaN
3,2,5,0.7351022872357142
3,2,5,NaN
4,1,5,NaN
3,2,5,NaN
3,2,5,0.8791469822960243
3,2,5,0.698323680064397
4,1,5,NaN
3,2,5,0.6211047067208528
3,2,5,NaN
3,2,5,NaN
2,3,5,0.7351022872357142
3,2,5,0.6211047067208528
3,2,5,NaN
3,2,5,0.8204795116931126
4,1,5,0.4389759442456205
5,0,5,0.00010106214611616966
4,1,5,0.06058247105517931
5,0,5,0.7943141978951035
3,2,5,NaN
3,2,5,0.03025847703180226
4,1,5,NaN
2,3,5,0.534054961478336
1,4,5,NaN
5,0,5,0.8617097556108892
3,2,5,NaN
2,3,5,NaN
5,0,5,NaN
5,0,5,NaN
5,0,5,NaN
4,1,5,NaN
4,1,5,NaN
4,1,5,NaN
5,0,5,NaN
3,2,5,0.10644627622097674
4,1,5,NaN
4,1,5,NaN
5,0,5,0.8418168267177661
2,3,5,NaN
5,0,5,NaN
1,4,5,NaN
2,3,5,NaN
4,1,5,0.026970288227190494
2,3,5,NaN
4,1,5,0.39365820288251563
5,0,5,NaN
2,3,5,NaN
5,0,5,0.579049057228479
5,0,5,NaN
3,2,5,NaN
3,2,5,0.6211047067208528
3,2,5,NaN
5,0,5,NaN
4,1,5,NaN
2,3,5,0.4389759442456205
3,2,5,NaN
2,3,5,0.161264881038212
4,1,5,NaN
5,0,5,NaN
4,1,5,NaN
4,1,5,NaN
5,0,5,0.39365820288251563
4,1,5,NaN
4,1,5,0.7943141978951035
2,3,5,NaN
4,1,5,0.15135508618465984
2,3,5,0.8945308033966113
1,4,5,0.6211047067208528
4,1,5,NaN
2,3,5,0.21187913375295056
5,0,5,NaN
4,1,5,0.05295374443847441
5,0,5,NaN
4,1,5,NaN
4,1,5,0.2770589453938832
5,0,5,0.4389759442456205
5,0,5,0.4869472780660612
5,0,5,NaN
5,0,5,0.2085566618856682
5,0,5,0.08115644780417555
4,1,5,0.4389759442456205
3,2,5,NaN
4,1,5,NaN
5,0,5,NaN
2,3,5,NaN
3,2,5,NaN
2,3,5,0.013595179396091573
3,2,5,NaN
2,3,5,NaN
2,3,5,0.7659187175498298
3,2,5,NaN
3,2,5,0.05295374443847441
4,1,5,0.9690207992381747
5,0,5,NaN
3,2,5,NaN
5,0,5,NaN
5,0,5,0.9534911290835386
5,0,5,0.06988872661807305
3,2,5,0.2770589453938832
4,1,5,NaN
4,1,5,NaN
4,1,5,0.8204795116931126
3,2,5,NaN
1,4,5,0.24299412154726827
4,1,5,0.4869472780660612
4,1,5,0.3147278493122561
2,3,5,NaN
4,1,5,0.38207477122840006
4,1,5,0.4869472780660612
2,3,5,0.9457377618030892
4,1,5,0.0070674882934371065
4,1,5,0.8617097556108892
5,0,5,NaN
5,0,5,0.8204795116931126
3,2,5,NaN
5,0,5,NaN
3,2,5,0.4869472780660612
5,0,5,0.21187913375295056
2,3,5,NaN
3,2,5,0.8791469822960243
5,0,5,NaN
2,3,5,0.35163936320323114
4,1,5,0.9336743037628588
2,3,5,0.6629394266610144
4,1,5,0.016352394412106192
4,1,5,NaN
4,1,5,0.06058247105517931
2,3,5,0.9067708918173806
4,1,5,NaN
2,3,5,NaN
3,2,5,0.9336743037628588
3,2,5,0.9218434801906469
2,3,5,0.9097889372969507
5,0,5,NaN
5,0,5,0.039097162992728765
5,0,5,0.022641636257990223
3,2,5,0.99604904991201
3,2,5,0.7008553584305408
4,1,5,0.06058247105517931
4,1,5,0.8949950374154003
2,3,5,0.0037019768938512604
4,1,5,0.534054961478336
3,2,5,NaN
4,1,5,0.025519069007409273
5,0,5,0.7008553584305408
4,1,5,0.7943141978951035
4,1,5,NaN
5,0,5,NaN
4,1,5,0.9534911290835386
3,2,5,0.8418168267177661
5,0,5,NaN
5,0,5,0.9161513545350418
5,0,5,0.6629394266610144
4,1,5,NaN
5,0,5,0.6211047067208528
4,1,5,NaN
4,1,5,0.17200256060949295
3,2,5,NaN
3,2,5,NaN
4,1,5,0.6629394266610144
5,0,5,0.14080710657571024
4,1,5,NaN
4,1,5,0.18561760226461765
3,2,5,0.7943141978951035
3,2,5,0.011806237950297978
3,2,5,NaN
5,0,5,NaN
5,0,5,0.8418168267177661
5,0,5,0.39365820288251563
4,1,5,NaN
5,0,5,0.39365820288251563
5,0,5,NaN
5,0,5,NaN
3,2,5,NaN
3,2,5,0.45672646229025915
3,2,5,NaN
4,1,5,NaN
4,1,5,0.4389759442456205
4,1,5,NaN
1,4,5,0.9444012070806406
4,1,5,0.39365820288251563
3,2,5,NaN
3,2,5,NaN
3,2,5,0.9690207992381747
2,3,5,0.013509762454251749
3,2,5,NaN
5,0,5,NaN
3,2,5,NaN
2,3,5,0.7008553584305408
3,2,5,NaN
3,2,5,0.005100602238806189
4,1,5,NaN
4,1,5,0.6629394266610144
5,0,5,NaN
4,1,5,0.09331494238381467
5,0,5,0.6211047067208528
3,2,5,0.6629394266610144
4,1,5,0.9090413128056967
4,1,5,NaN
3,2,5,NaN
4,1,5,0.7008553584305408
2,3,5,0.35163936320323114
4,1,5,0.161264881038212
3,2,5,NaN
2,3,5,0.06058247105517931
1,4,5,NaN
5,0,5,NaN
3,2,5,0.03468779084967369
3,2,5,0.3147278493122561
4,1,5,NaN
3,2,5,0.559640867477809
5,0,5,0.962032138983051
3,2,5,NaN
4,1,5,0.5773495910338519
2,3,5,0.6211047067208528
3,2,5,0.6211047067208528
2,3,5,NaN
4,1,5,0.9690207992381747
4,1,5,NaN
3,2,5,NaN
3,2,5,0.35163936320323114
3,2,5,0.9097889372969507
5,0,5,NaN
2,3,5,0.016352394412106192
4,1,5,NaN
4,1,5,NaN
3,2,5,0.8791469822960243
4,1,5,NaN
4,1,5,NaN
4,1,5,0.045946027748132785
4,1,5,0.06058247105517931
4,1,5,0.06058247105517931
4,1,5,NaN
5,0,5,0.7351022872357142
1,4,5,0.534054961478336
4,1,5,NaN
5,0,5,0.35163936320323114
2,3,5,0.12196444410581492
4,1,5,0.3147278493122561
3,2,5,0.962032138983051
4,1,5,NaN
3,2,5,0.8418168267177661
4,1,5,0.966379174289979
5,0,5,0.7659187175498298
5,0,5,0.2010153073308743
4,1,5,0.39365820288251563
3,2,5,0.03468779084967369
5,0,5,NaN
4,1,5,NaN
4,1,5,NaN
4,1,5,NaN
2,3,5,NaN
4,1,5,NaN
4,1,5,0.248959207969859
2,3,5,0.013595179396091573
3,2,5,0.2770589453938832
5,0,5,0.2770589453938832
2,3,5,NaN
5,0,5,NaN
3,2,5,0.35163936320323114
5,0,5,NaN
2,3,5,0.14080710657571024
5,0,5,NaN
4,1,5,0.08115644780417555
4,1,5,NaN
3,2,5,0.39365820288251563
5,0,5,NaN
3,2,5,NaN
4,1,5,NaN
4,1,5,NaN
3,2,5,0.09331494238381467
5,0,5,NaN
3,2,5,0.016893722800591704
4,1,5,NaN
4,1,5,0.05295374443847441
4,1,5,NaN
5,0,5,NaN
3,2,5,NaN
5,0,5,NaN
2,3,5,NaN
4,1,5,NaN
3,2,5,0.4869472780660612
5,0,5,0.7008553584305408
4,1,5,NaN
4,1,5,0.92796137091544
4,1,5,0.3591611343992021
3,2,5,NaN
2,3,5,NaN
4,1,5,NaN
5,0,5,0.07664456249423128
5,0,5,NaN
4,1,5,0.161264881038212
3,2,5,0.5773495910338519
5,0,5,NaN
3,2,5,NaN
5,0,5,NaN
5,0,5,0.6629394266610144
3,2,5,NaN
4,1,5,0.161264881038212
5,0,5,0.7064530294998876
4,1,5,0.1602216100569728
5,0,5,NaN
4,1,5,0.5892202512329886
5,0,5,0.21187913375295056
5,0,5,NaN
4,1,5,NaN
5,0,5,0.8617097556108892
5,0,5,0.922483585895465
1,4,5,0.3147278493122561
4,1,5,0.161264881038212
5,0,5,NaN
2,3,5,0.962032138983051
4,1,5,NaN
4,1,5,0.534054961478336
4,1,5,NaN
5,0,5,0.18561760226461765
5,0,5,NaN
4,1,5,0.39365820288251563
5,0,5,0.5773495910338519
3,2,5,NaN
4,1,5,0.4879529496369322
3,2,5,NaN
3,2,5,0.06988872661807305
5,0,5,NaN
4,1,5,NaN
3,2,5,0.8949950374154003
3,2,5,0.4389759442456205
3,2,5,0.05295374443847441
4,1,5,NaN
4,1,5,0.7351022872357142
4,1,5,NaN
5,0,5,NaN
5,0,5,NaN
4,1,5,NaN
4,1,5,NaN
2,3,5,NaN
2,3,5,NaN
4,1,5,NaN
3,2,5,NaN
5,0,5,0.5773495910338519
2,3,5,0.9534911290835386
4,1,5,NaN
3,2,5,0.9749834651108517
3,2,5,NaN
4,1,5,NaN
4,1,5,0.7034798908330773
4,1,5,NaN
3,2,5,0.12196444410581492
5,0,5,0.5773495910338519
3,2,5,0.8204795116931126
1,4,5,NaN
2,3,5,NaN
4,1,5,0.8418168267177661
3,2,5,NaN
5,0,5,NaN
3,2,5,0.4869472780660612
4,1,5,0.7351022872357142
2,3,5,0.8418168267177661
4,1,5,0.03468779084967369
5,0,5,NaN
3,2,5,0.8204795116931126
3,2,5,NaN
4,1,5,NaN
3,2,5,0.534054961478336
5,0,5,NaN
4,1,5,0.33333059084391203
4,1,5,NaN
3,2,5,NaN
5,0,5,NaN
3,2,5,0.10633907198401477
3,2,5,0.8819637930910276
4,1,5,0.7008553584305408
5,0,5,0.12196444410581492
4,1,5,0.8949950374154003
5,0,5,NaN
4,1,5,NaN
3,2,5,0.534054961478336
5,0,5,NaN
3,2,5,0.997608072328767
5,0,5,0.7659187175498298
4,1,5,NaN
4,1,5,0.02203495580042585
5,0,5,0.5039205662392152
3,2,5,0.6211047067208528
2,3,5,0.7351022872357142
3,2,5,NaN
4,1,5,NaN
4,1,5,NaN
4,1,5,0.18561760226461765
3,2,5,0.7008553584305408
2,3,5,NaN
5,0,5,NaN
3,2,5,NaN
4,1,5,NaN
2,3,5,NaN
2,3,5,NaN
4,1,5,0.45885943191873046
3,2,5,0.9097889372969507
5,0,5,NaN
5,0,5,0.4869472780660612
4,1,5,0.4389759442456205
3,2,5,NaN
4,1,5,NaN
3,2,5,NaN
3,2,5,NaN
3,2,5,0.06058247105517931
3,2,5,0.9439531044195425
2,3,5,NaN
4,1,5,0.14080710657571024
3,2,5,0.05295374443847441
4,1,5,0.2683530068653033
4,1,5,NaN
4,1,5,0.5773495910338519
5,0,5,NaN
5,0,5,0.7943141978951035
3,2,5,0.9336743037628588
5,0,5,0.10644627622097674
5,0,5,NaN
5,0,5,NaN
4,1,5,NaN
5,0,5,NaN
3,2,5,0.8617097556108892
4,1,5,0.08115644780417555
3,2,5,0.5773495910338519
3,2,5,0.6211047067208528
2,3,5,0.9845924478014567
3,2,5,NaN
1,4,5,0.05295374443847441
4,1,5,NaN
4,1,5,0.7659187175498298
4,1,5,0.8617097556108892
4,1,5,NaN
3,2,5,NaN
3,2,5,NaN
5,0,5,NaN
4,1,5,NaN
3,2,5,0.9875546193686333
5,0,5,NaN
3,2,5,0.6211047067208528
4,1,5,0.009708197960407164
3,2,5,NaN
5,0,5,0.4869472780660612
5,0,5,NaN
1,4,5,NaN
4,1,5,0.7943141978951035
3,2,5,0.9749834651108517
5,0,5,0.12196444410581492
4,1,5,NaN
4,1,5,NaN
5,0,5,0.14080710657571024
3,2,5,NaN
5,0,5,NaN
4,1,5,0.16465187806228962
3,2,5,NaN
4,1,5,NaN
3,2,5,NaN
5,0,5,NaN
4,1,5,0.8791469822960243
2,3,5,0.6211047067208528
2,3,5,0.06988872661807305
5,0,5,0.9097889372969507
3,2,5,0.9336743037628588
3,2,5,NaN
3,2,5,0.06988872661807305
5,0,5,NaN
5,0,5,0.8204795116931126
5,0,5,0.06058247105517931
4,1,5,0.653708156181962
5,0,5,0.7351022872357142
4,1,5,0.3727291238064636
4,1,5,0.8617097556108892
5,0,5,0.10644627622097674
2,3,5,0.534054961478336
5,0,5,NaN
3,2,5,NaN
1,4,5,NaN
2,3,5,0.26824654735208353
2,3,5,NaN
3,2,5,0.4807919208582191
5,0,5,0.8617097556108892
5,0,5,0.9444012070806406
4,1,5,0.4389759442456205
4,1,5,NaN
5,0,5,NaN
4,1,5,0.2770589453938832
5,0,5,NaN
3,2,5,NaN
2,3,5,NaN
3,2,5,NaN
4,1,5,0.7351022872357142
4,1,5,NaN
4,1,5,NaN
5,0,5,NaN
3,2,5,NaN
2,3,5,0.6211047067208528
4,1,5,NaN
4,1,5,0.3147278493122561
5,0,5,0.8418168267177661
2,3,5,0.5773495910338519
3,2,5,NaN
4,1,5,0.08115644780417555
5,0,5,NaN
3,2,5,0.11988338317478399
3,2,5,0.962032138983051
4,1,5,NaN
4,1,5,NaN
4,1,5,0.534054961478336
4,1,5,0.1355646338700262
3,2,5,NaN
2,3,5,0.7008553584305408
4,1,5,0.6184670393434103
2,3,5,NaN
2,3,5,NaN
4,1,5,0.8791469822960243
2,3,5,0.4869472780660612
5,0,5,NaN
5,0,5,NaN
4,1,5,0.922483585895465
3,2,5,NaN
3,2,5,NaN
4,1,5,0.045946027748132785
5,0,5,0.18561760226461765
3,2,5,0.10644627622097674
4,1,5,NaN
3,2,5,0.7943141978951035
4,1,5,0.2770589453938832
4,1,5,0.007827960273527267
4,1,5,NaN
5,0,5,NaN
2,3,5,NaN
5,0,5,NaN
3,2,5,NaN
3,2,5,NaN
4,1,5,NaN
3,2,5,0.6629394266610144
3,2,5,NaN
5,0,5,0.7351022872357142
3,2,5,NaN
4,1,5,NaN
4,1,5,NaN
1,4,5,NaN
4,1,5,0.4389759442456205
2,3,5,0.35163936320323114
3,2,5,0.10562782382715655
4,1,5,NaN
5,0,5,0.026458997051154523
3,2,5,NaN
3,2,5,0.4389759442456205
2,3,5,NaN
2,3,5,NaN
4,1,5,NaN
1,4,5,NaN
4,1,5,NaN
2,3,5,NaN
3,2,5,0.02611284212389445
4,1,5,0.4869472780660612
4,1,5,0.7008553584305408
4,1,5,0.8617097556108892
4,1,5,0.7351022872357142
4,1,5,NaN
2,3,5,NaN
2,3,5,0.9097889372969507
3,2,5,0.03025847703180226
5,0,5,0.534054961478336
5,0,5,0.534054961478336
5,0,5,0.18561760226461765
2,3,5,0.6632803969461277
3,2,5,NaN
3,2,5,NaN
3,2,5,NaN
5,0,5,NaN
2,3,5,NaN
2,3,5,NaN
4,1,5,NaN
2,3,5,0.4869472780660612
4,1,5,0.12196444410581492
5,0,5,NaN
3,2,5,0.03468779084967369
4,1,5,0.4389759442456205
5,0,5,0.9444012070806406
5,0,5,0.09331494238381467
3,2,5,NaN
4,1,5,0.14080710657571024
3,2,5,0.8949950374154003
3,2,5,NaN
5,0,5,NaN
2,3,5,0.583929127406625
4,1,5,NaN
4,1,5,0.7659187175498298
4,1,5,0.5529946089652678
4,1,5,0.39365820288251563
5,0,5,0.8791469822960243
4,1,5,0.7351022872357142
4,1,5,NaN
2,3,5,NaN
4,1,5,0.0006736267488138987
4,1,5,0.21187913375295056
3,2,5,NaN
3,2,5,NaN
4,1,5,NaN
4,1,5,0.3147278493122561
3,2,5,NaN
3,2,5,NaN
3,2,5,0.10644627622097674
4,1,5,0.8791469822960243
5,0,5,0.14080710657571024
4,1,5,0.8370751080502961
4,1,5,NaN
5,0,5,NaN
4,1,5,0.07609486489453422
5,0,5,0.8418168267177661
2,3,5,NaN
5,0,5,0.2770589453938832
3,2,5,0.1793926751216989
4,1,5,NaN
3,2,5,NaN
4,1,5,NaN
5,0,5,NaN
5,0,5,NaN
3,2,5,0.39464622595139676
5,0,5,NaN
5,0,5,0.8617097556108892
3,2,5,NaN
5,0,5,NaN
3,2,5,NaN
2,3,5,NaN
1,4,5,NaN
4,1,5,NaN
3,2,5,NaN
3,2,5,0.18561760226461765
4,1,5,0.8791469822960243
5,0,5,0.35163936320323114
2,3,5,NaN
3,2,5,0.0032106280858780574
5,0,5,NaN
4,1,5,NaN
4,1,5,0.9534911290835386
3,2,5,NaN
4,1,5,0.5773495910338519
4,1,5,0.8949950374154003
5,0,5,NaN
4,1,5,0.4389759442456205
5,0,5,0.6211047067208528
3,2,5,0.6629394266610144
5,0,5,NaN
2,3,5,0.08561274507853776
4,1,5,0.8418168267177661
5,0,5,NaN
5,0,5,0.8617097556108892
5,0,5,0.8418168267177661
5,0,5,NaN
5,0,5,0.7943141978951035
4,1,5,0.4869472780660612
3,2,5,NaN
4,1,5,NaN
3,2,5,0.05295374443847441
5,0,5,NaN
2,3,5,0.006091701711492965
5,0,5,0.8204795116931126
4,1,5,0.9787734803212237
3,2,5,NaN
3,2,5,NaN
3,2,5,0.4869472780660612
3,2,5,NaN
4,1,5,NaN
4,1,5,NaN
3,2,5,0.4389759442456205
4,1,5,NaN
5,0,5,NaN
4,1,5,NaN
3,2,5,NaN
5,0,5,NaN
3,2,5,NaN
4,1,5,NaN
4,1,5,NaN
3,2,5,NaN
3,2,5,0.11113282316896372
5,0,5,0.09816248290955543
3,2,5,0.4869472780660612
4,1,5,0.161264881038212
4,1,5,0.39365820288251563
4,1,5,NaN
4,1,5,NaN
2,3,5,0.2770589453938832
2,3,5,NaN
5,0,5,0.8204795116931126
3,2,5,NaN
5,0,5,0.5794933485641853
4,1,5,0.5773495910338519
4,1,5,NaN
4,1,5,NaN
5,0,5,NaN
3,2,5,0.0030671357445065466
4,1,5,0.24299412154726827
4,1,5,NaN
4,1,5,0.6854874962625098
2,3,5,0.6629394266610144
1,4,5,0.534054961478336
5,0,5,0.4869472780660612
4,1,5,NaN
5,0,5,0.7008553584305408
5,0,5,0.06988872661807305
5,0,5,0.38351064370233323
4,1,5,NaN
1,4,5,0.03025847703180226
5,0,5,NaN
2,3,5,0.05295374443847441
2,3,5,0.9749834651108517
2,3,5,0.8204795116931126
5,0,5,NaN
3,2,5,NaN
4,1,5,0.8204795116931126
3,2,5,NaN
4,1,5,NaN
5,0,5,0.7659187175498298
2,3,5,NaN
2,3,5,NaN
5,0,5,NaN
4,1,5,NaN
1,4,5,0.4869472780660612
3,2,5,0.751997803097459
4,1,5,0.6211047067208528
5,0,5,NaN
5,0,5,0.5773495910338519
3,2,5,0.534054961478336
4,1,5,0.03973270879120916
5,0,5,0.534054961478336
2,3,5,NaN
3,2,5,NaN
5,0,5,0.4099732603401391
5,0,5,0.7351022872357142
4,1,5,NaN
4,1,5,NaN
2,3,5,NaN
1,4,5,NaN
3,2,5,NaN
3,2,5,NaN
3,2,5,NaN
3,2,5,NaN
3,2,5,NaN
5,0,5,NaN
3,2,5,0.8949950374154003
3,2,5,NaN
4,1,5,NaN
5,0,5,NaN
5,0,5,NaN
5,0,5,0.8204795116931126
3,2,5,0.8617097556108892
5,0,5,NaN
4,1,5,NaN
4,1,5,NaN
3,2,5,NaN
5,0,5,NaN
4,1,5,NaN
4,1,5,NaN
5,0,5,NaN
2,3,5,0.022641636257990223
5,0,5,0.21187913375295056
3,2,5,0.6211047067208528
3,2,5,NaN
3,2,5,NaN
3,2,5,0.10644627622097674
5,0,5,NaN
4,1,5,0.21187913375295056
4,1,5,NaN
3,2,5,0.24299412154726827
4,1,5,NaN
2,3,5,NaN
2,3,5,NaN
4,1,5,0.39365820288251563
3,2,5,NaN
4,1,5,0.40507507434229056
4,1,5,0.01011138691101824
5,0,5,NaN
4,1,5,0.045946027748132785
4,1,5,NaN
3,2,5,NaN
4,1,5,NaN
4,1,5,0.09331494238381467
5,0,5,NaN
4,1,5,NaN
4,1,5,0.922483585895465
2,3,5,0.8949950374154003
5,0,5,0.8482140489564103
3,2,5,0.161264881038212
3,2,5,0.35163936320323114
2,3,5,NaN
4,1,5,0.35563302241556327
2,3,5,0.534054961478336
5,0,5,NaN
2,3,5,NaN
2,3,5,0.7351022872357142
4,1,5,0.5773495910338519
2,3,5,NaN
3,2,5,0.002041656710244024
4,1,5,0.8204795116931126
4,1,5,0.9336743037628588
4,1,5,0.7659187175498298
5,0,5,0.2770589453938832
1,4,5,NaN
4,1,5,NaN
4,1,5,NaN
4,1,5,0.922483585895465
4,1,5,0.8617097556108892
3,2,5,0.0001128669893841151
4,1,5,0.8791469822960243
4,1,5,NaN
2,3,5,0.12196444410581492
3,2,5,NaN
5,0,5,0.03468779084967369
3,2,5,0.3147278493122561
4,1,5,0.4389759442456205
3,2,5,NaN
3,2,5,NaN
5,0,5,NaN
4,1,5,NaN
4,1,5,0.7659187175498298
1,4,5,0.03025847703180226
4,1,5,0.7943141978951035
4,1,5,NaN
4,1,5,NaN
5,0,5,0.922483585895465
4,1,5,0.2040911817292968
2,3,5,0.06449485667634502
5,0,5,NaN
4,1,5,0.06058247105517931
3,2,5,NaN
2,3,5,0.7008553584305408
5,0,5,0.14080710657571024
4,1,5,NaN
3,2,5,NaN
3,2,5,0.4869472780660612
2,3,5,0.011625908468073121
2,3,5,NaN
5,0,5,NaN
2,3,5,0.06988872661807305
3,2,5,NaN
4,1,5,0.6624664906720489
2,3,5,0.8791469822960243
2,3,5,NaN
2,3,5,NaN
5,0,5,NaN
5,0,5,0.8791469822960243
5,0,5,0.6753958513502701
3,2,5,0.03973270879120916
5,0,5,NaN
3,2,5,0.4869472780660612
3,2,5,NaN
3,2,5,0.39365820288251563
5,0,5,0.7351022872357142
3,2,5,NaN
4,1,5,0.2770589453938832
5,0,5,NaN
4,1,5,0.9097889372969507
4,1,5,NaN
4,1,5,0.39365820288251563
3,2,5,0.0070674882934371065
3,2,5,NaN
3,2,5,0.24299412154726827
3,2,5,0.9097889372969507
4,1,5,0.8949950374154003
4,1,5,0.8617097556108892
4,1,5,NaN
4,1,5,0.10644627622097674
5,0,5,0.5773495910338519
2,3,5,NaN
5,0,5,NaN
5,0,5,0.7995855060364533
5,0,5,0.02611284212389445
3,2,5,NaN
2,3,5,NaN
3,2,5,NaN
1,4,5,0.9444012070806406
4,1,5,0.7943141978951035
1,4,5,0.7943141978951035
3,2,5,NaN
5,0,5,NaN
4,1,5,0.5773495910338519
2,3,5,NaN
5,0,5,0.39365820288251563
3,2,5,0.2770589453938832
5,0,5,NaN
4,1,5,NaN
5,0,5,4.641644332070422e-6
3,2,5,NaN
3,2,5,NaN
4,1,5,NaN
5,0,5,0.39365820288251563
4,1,5,NaN
2,3,5,0.03468779084967369
4,1,5,NaN
3,2,5,NaN
2,3,5,NaN
5,0,5,0.00413632405351317
2,3,5,0.4869472780660612
5,0,5,NaN
4,1,5,0.6629394266610144
3,2,5,0.09331494238381467
4,1,5,0.10905243537057872
3,2,5,0.3399082013245906
2,3,5,NaN
3,2,5,0.01148525432735412
5,0,5,NaN
4,1,5,NaN
4,1,5,0.4869472780660612
4,1,5,NaN
3,2,5,NaN
4,1,5,NaN
2,3,5,0.5773495910338519
5,0,5,0.9534911290835386
2,3,5,0.7351022872357142
1,4,5,0.2513489220337205
4,1,5,NaN
2,3,5,0.7943141978951035
3,2,5,NaN
4,1,5,0.8204795116931126
5,0,5,0.6994806970367745
3,2,5,NaN
5,0,5,NaN
2,3,5,0.7008553584305408
2,3,5,NaN
1,4,5,NaN
3,2,5,NaN
4,1,5,NaN
4,1,5,NaN
5,0,5,NaN
3,2,5,0.8791469822960243
5,0,5,NaN
4,1,5,NaN
3,2,5,NaN
3,2,5,NaN
5,0,5,0.5219627114535066
4,1,5,NaN
1,4,5,0.8644508451941336
5,0,5,0.39365820288251563
5,0,5,NaN
1,4,5,0.8692421113644985
2,3,5,NaN
4,1,5,NaN
5,0,5,NaN
5,0,5,NaN
3,2,5,NaN
4,1,5,0.002144739130434723
3,2,5,0.6211047067208528
3,2,5,NaN
2,3,5,NaN
4,1,5,NaN
4,1,5,0.8617097556108892
3,2,5,NaN
2,3,5,NaN
5,0,5,NaN
2,3,5,NaN
3,2,5,NaN
4,1,5,NaN
3,2,5,0.6629394266610144
4,1,5,NaN
3,2,5,NaN
2,3,5,0.2770589453938832
4,1,5,0.3147278493122561
2,3,5,0.8204795116931126
2,3,5,0.3147278493122561
3,2,5,0.161264881038212
3,2,5,NaN
4,1,5,NaN
3,2,5,0.7943141978951035
4,1,5,NaN
2,3,5,0.10644627622097674
5,0,5,NaN
4,1,5,0.9097889372969507
4,1,5,NaN
5,0,5,0.7351022872357142
4,1,5,NaN
5,0,5,0.4869472780660612
4,1,5,0.6629394266610144
4,1,5,NaN
4,1,5,NaN
4,1,5,0.7943141978951035
5,0,5,0.09331494238381467
3,2,5,0.534054961478336
4,1,5,0.9799588626550771
4,1,5,NaN
4,1,5,NaN
2,3,5,0.06058247105517931
4,1,5,0.39365820288251563
5,0,5,0.010474286754444138
5,0,5,0.7659187175498298
5,0,5,0.24603115705892453
3,2,5,0.9534911290835386
5,0,5,NaN
4,1,5,NaN
4,1,5,NaN
3,2,5,0.05295374443847441
3,2,5,0.9097889372969507
2,3,5,NaN
3,2,5,NaN
4,1,5,NaN
5,0,5,0.5773495910338519
5,0,5,0.09331494238381467
2,3,5,0.39365820288251563
2,3,5,NaN
4,1,5,0.011995666361928689
4,1,5,0.8949950374154003
4,1,5,0.005100602238806189
3,2,5,0.997608072328767
5,0,5,0.18561760226461765
3,2,5,0.3356648173745397
2,3,5,NaN
4,1,5,NaN
3,2,5,NaN
3,2,5,0.7943141978951035
3,2,5,0.03973270879120916
5,0,5,NaN
3,2,5,NaN
4,1,5,NaN
3,2,5,0.7351022872357142
3,2,5,NaN
5,0,5,NaN
4,1,5,0.7943141978951035
3,2,5,0.03973270879120916
2,3,5,0.6211047067208528
5,0,5,NaN
4,1,5,NaN
5,0,5,0.39365820288251563
3,2,5,NaN
5,0,5,0.14080710657571024
4,1,5,0.7659187175498298
5,0,5,0.8271465051377288
3,2,5,NaN
5,0,5,NaN
5,0,5,NaN
4,1,5,0.01024112549344065
3,2,5,NaN
5,0,5,NaN
4,1,5,0.4389759442456205
2,3,5,0.09331494238381467
4,1,5,NaN
2,3,5,NaN
3,2,5,0.30289159858243125
2,3,5,0.7970650442331396
2,3,5,0.39365820288251563
5,0,5,0.12196444410581492
4,1,5,0.6629394266610144
5,0,5,NaN
5,0,5,0.21187913375295056
5,0,5,NaN
4,1,5,NaN
4,1,5,NaN
4,1,5,NaN
3,2,5,0.9452512051460086
5,0,5,0.8617097556108892
3,2,5,0.6629394266610144
2,3,5,NaN
5,0,5,NaN
4,1,5,NaN
4,1,5,0.37815637614042613
4,1,5,0.21187913375295056
5,0,5,0.9749834651108517
5,0,5,NaN
3,2,5,NaN
1,4,5,NaN
1,4,5,NaN
5,0,5,NaN
5,0,5,0.816738983830167
4,1,5,0.24299412154726827
3,2,5,NaN
2,3,5,NaN
5,0,5,0.47525676779305903
4,1,5,NaN
3,2,5,0.962032138983051
4,1,5,NaN
3,2,5,NaN
5,0,5,NaN
5,0,5,NaN
4,1,5,NaN
2,3,5,NaN
5,0,5,0.5773495910338519
2,3,5,NaN
3,2,5,NaN
5,0,5,NaN
1,4,5,NaN
5,0,5,0.006091701711492965
3,2,5,NaN
4,1,5,0.6629394266610144
3,2,5,0.35163936320323114
3,2,5,NaN
5,0,5,NaN
4,1,5,0.39365820288251563
4,1,5,0.4869472780660612
3,2,5,0.47039860021207025
5,0,5,0.8418168267177661
4,1,5,NaN
5,0,5,0.3147278493122561
3,2,5,0.6629394266610144
5,0,5,NaN
2,3,5,0.30728168715621196
3,2,5,NaN
4,1,5,0.9097889372969507
3,2,5,NaN
4,1,5,NaN
3,2,5,0.6629394266610144
5,0,5,NaN
3,2,5,NaN
3,2,5,NaN
3,2,5,0.9336743037628588
5,0,5,NaN
3,2,5,0.06988872661807305
3,2,5,NaN
5,0,5,NaN
4,1,5,0.7351022872357142
1,4,5,NaN
4,1,5,NaN
4,1,5,0.18561760226461765
3,2,5,NaN
2,3,5,NaN
3,2,5,0.922483585895465
4,1,5,NaN
4,1,5,NaN
5,0,5,NaN
4,1,5,0.03973270879120916
4,1,5,0.2770589453938832
2,3,5,NaN
3,2,5,0.7034798908330773
5,0,5,0.161264881038212
2,3,5,0.14184628934188917
4,1,5,NaN
4,1,5,NaN
3,2,5,0.7943141978951035
4,1,5,NaN
4,1,5,NaN
5,0,5,NaN
2,3,5,NaN
5,0,5,NaN
3,2,5,0.4389759442456205
5,0,5,NaN
2,3,5,NaN
4,1,5,0.6629394266610144
1,4,5,0.4389759442456205
4,1,5,NaN
3,2,5,0.5773495910338519
4,1,5,0.7351022872357142
2,3,5,0.03468779084967369
5,0,5,NaN
2,3,5,NaN
4,1,5,0.8204795116931126
4,1,5,NaN
4,1,5,0.8617097556108892
2,3,5,NaN
2,3,5,NaN
4,1,5,NaN
4,1,5,0.18561760226461765
3,2,5,NaN
4,1,5,0.7659187175498298
5,0,5,NaN
5,0,5,0.2770589453938832
5,0,5,0.8286953672056603
4,1,5,0.6629394266610144
3,2,5,0.8617097556108892
2,3,5,0.4869472780660612
3,2,5,NaN
5,0,5,0.8949950374154003
3,2,5,0.7943141978951035
5,0,5,0.7008553584305408
4,1,5,NaN
4,1,5,0.3147278493122561
2,3,5,NaN
3,2,5,0.2770589453938832
1,4,5,0.7693964938216118
5,0,5,0.5773495910338519
5,0,5,0.35163936320323114
5,0,5,0.5773495910338519
5,0,5,NaN
2,3,5,0.03973270879120916
5,0,5,NaN
2,3,5,0.8949950374154003
2,3,5,NaN
4,1,5,0.11212326449798977
5,0,5,NaN
3,2,5,NaN
5,0,5,0.028759257868968074
4,1,5,0.161264881038212
5,0,5,NaN
5,0,5,NaN
2,3,5,0.8654801235919276
4,1,5,0.9336743037628588
5,0,5,0.9799588626550771
5,0,5,NaN
4,1,5,NaN
2,3,5,NaN
3,2,5,0.9799588626550771
5,0,5,NaN
4,1,5,0.10529111729736894
5,0,5,0.882667076629416
4,1,5,NaN
4,1,5,0.5773495910338519
4,1,5,NaN
4,1,5,0.534054961478336
4,1,5,0.6211047067208528
4,1,5,0.6007604360598002
1,4,5,0.08115644780417555
4,1,5,0.24299412154726827
5,0,5,0.21187913375295056
4,1,5,NaN
4,1,5,NaN
3,2,5,0.0597943448872525
4,1,5,NaN
3,2,5,NaN
3,2,5,0.39365820288251563
3,2,5,0.7529922418824272
5,0,5,NaN
4,1,5,0.7351022872357142
4,1,5,0.7943141978951035
2,3,5,0.9444012070806406
4,1,5,NaN
4,1,5,NaN
4,1,5,NaN
5,0,5,0.5773495910338519
3,2,5,0.6211047067208528
3,2,5,NaN
1,4,5,0.161264881038212
2,3,5,NaN
4,1,5,NaN
3,2,5,NaN
1,4,5,0.7008553584305408
4,1,5,NaN
2,3,5,NaN
5,0,5,NaN
5,0,5,NaN
4,1,5,NaN
3,2,5,NaN
3,2,5,NaN
2,3,5,NaN
5,0,5,0.9690207992381747
4,1,5,0.013205859606304144
5,0,5,0.534054961478336
5,0,5,NaN
3,2,5,NaN
5,0,5,NaN
2,3,5,NaN
1,4,5,NaN
4,1,5,0.8418168267177661
3,2,5,0.39365820288251563
2,3,5,0.2770589453938832
3,2,5,0.3147278493122561
5,0,5,NaN
1,4,5,0.35163936320323114
3,2,5,NaN
4,1,5,NaN
3,2,5,NaN
4,1,5,0.24299412154726827
2,3,5,NaN
5,0,5,0.2770589453938832
5,0,5,0.36959257766905407
2,3,5,0.7659187175498298
3,2,5,NaN
2,3,5,0.002144739130434723
4,1,5,0.35163936320323114
4,1,5,NaN
3,2,5,NaN
5,0,5,0.39365820288251563
4,1,5,NaN
3,2,5,NaN
3,2,5,NaN
2,3,5,0.9336743037628588
3,2,5,NaN
5,0,5,0.11876336377092768
2,3,5,0.14183755091820038
2,3,5,NaN
4,1,5,NaN
3,2,5,0.8418168267177661
4,1,5,NaN
2,3,5,0.5299817961731534
1,4,5,NaN
3,2,5,0.7351022872357142
4,1,5,0.10663066103535694
5,0,5,NaN
4,1,5,0.4389759442456205
1,4,5,0.15297250216596528
2,3,5,0.349428066407448
2,3,5,0.0030138933553211667
4,1,5,NaN
4,1,5,NaN
2,3,5,NaN
4,1,5,0.7659187175498298
4,1,5,0.4389759442456205
2,3,5,NaN
5,0,5,0.4869472780660612
2,3,5,NaN
5,0,5,NaN
4,1,5,0.14080710657571024
4,1,5,NaN
4,1,5,0.7008553584305408
2,3,5,0.8949950374154003
4,1,5,NaN
4,1,5,0.5773495910338519
2,3,5,0.4869472780660612
3,2,5,NaN
3,2,5,NaN
3,2,5,NaN
3,2,5,NaN
5,0,5,0.8286953672056603
2,3,5,0.5773495910338519
2,3,5,0.922483585895465
3,2,5,NaN
2,3,5,0.6629394266610144
5,0,5,NaN
4,1,5,NaN
4,1,5,0.6629394266610144
4,1,5,0.534054961478336
4,1,5,NaN
3,2,5,0.39365820288251563
3,2,5,0.06988872661807305
5,0,5,0.534054961478336
5,0,5,NaN
4,1,5,0.0007354864106255121
4,1,5,NaN
3,2,5,0.534054961478336
1,4,5,NaN
3,2,5,0.41093031083833753
4,1,5,NaN
5,0,5,0.10644627622097674
5,0,5,NaN
4,1,5,NaN
2,3,5,NaN
2,3,5,0.7331237019665784
2,3,5,0.9945016163582159
5,0,5,NaN
2,3,5,0.3147278493122561
5,0,5,NaN
4,1,5,0.00012800188291990555
5,0,5,NaN
5,0,5,0.5773495910338519
3,2,5,0.7351022872357142
2,3,5,0.8418168267177661
5,0,5,0.881143991419024
3,2,5,0.21187913375295056
4,1,5,0.991808263676121
4,1,5,0.2142396597838168
3,2,5,0.0002497965023849875
2,3,5,0.4389759442456205
3,2,5,NaN
4,1,5,0.8418168267177661
3,2,5,0.922483585895465
4,1,5,0.21187913375295056
1,4,5,0.5944075970831858
5,0,5,NaN
4,1,5,0.42930523370065615
5,0,5,NaN
4,1,5,NaN
4,1,5,NaN
3,2,5,NaN
3,2,5,0.4389759442456205
3,2,5,NaN
3,2,5,0.007827960273527267
4,1,5,NaN
2,3,5,0.35163936320323114
5,0,5,NaN
4,1,5,NaN
4,1,5,NaN
4,1,5,NaN
4,1,5,NaN
3,2,5,NaN
5,0,5,NaN
4,1,5,NaN
5,0,5,NaN
4,1,5,0.12196444410581492
3,2,5,NaN
5,0,5,0.045946027748132785
4,1,5,0.9690207992381747
4,1,5,NaN
4,1,5,NaN
4,1,5,0.7008553584305408
3,2,5,0.10482923213771425
4,1,5,NaN
4,1,5,0.922483585895465
1,4,5,NaN
2,3,5,NaN
4,1,5,NaN
4,1,5,0.21187913375295056
5,0,5,NaN
3,2,5,NaN
5,0,5,NaN
4,1,5,NaN
4,1,5,NaN
3,2,5,NaN
2,3,5,NaN
3,2,5,0.10644627622097674
2,3,5,0.8617097556108892
2,3,5,NaN
2,3,5,0.07299640320076817
3,2,5,0.09331494238381467
3,2,5,0.9444012070806406
3,2,5,NaN
2,3,5,NaN
3,2,5,0.6629394266610144
4,1,5,0.24299412154726827
5,0,5,0.4869472780660612
2,3,5,NaN
3,2,5,NaN
5,0,5,NaN
3,2,5,0.6629394266610144
3,2,5,0.09331494238381467
3,2,5,NaN
5,0,5,0.019582362947367808
3,2,5,0.5773495910338519
5,0,5,NaN
4,1,5,NaN
2,3,5,NaN
4,1,5,NaN
3,2,5,0.7351022872357142
2,3,5,0.024296890267530905
3,2,5,0.05295374443847441
3,2,5,0.8370751080502961
5,0,5,0.2770589453938832
2,3,5,NaN
4,1,5,0.534054961478336
4,1,5,NaN
5,0,5,NaN
5,0,5,0.8618573526905764
3,2,5,0.0006837920916819407
3,2,5,NaN
3,2,5,0.7659187175498298
4,1,5,NaN
3,2,5,NaN
3,2,5,NaN
3,2,5,NaN
5,0,5,0.09331494238381467
4,1,5,0.534054961478336
3,2,5,0.10644627622097674
4,1,5,NaN
3,2,5,NaN
4,1,5,NaN
3,2,5,0.06988872661807305
5,0,5,0.5773495910338519
3,2,5,0.05295374443847441
3,2,5,NaN
5,0,5,NaN
3,2,5,NaN
5,0,5,NaN
5,0,5,NaN
1,4,5,0.24299412154726827
2,3,5,NaN
3,2,5,0.019582362947367808
4,1,5,NaN
5,0,5,NaN
3,2,5,NaN
5,0,5,0.9336743037628588
5,0,5,NaN
5,0,5,0.34209897858231436
5,0,5,0.7943141978951035
4,1,5,NaN
4,1,5,9.86081755299182e-6
4,1,5,0.03973270879120916
4,1,5,0.8791469822960243
4,1,5,0.534054961478336
4,1,5,0.7008553584305408
4,1,5,0.8204795116931126
4,1,5,NaN
5,0,5,0.9955850884013786
3,2,5,0.8791469822960243
3,2,5,NaN
3,2,5,0.04950994793575972
5,0,5,0.7351022872357142
5,0,5,NaN
4,1,5,NaN
5,0,5,NaN
3,2,5,NaN
2,3,5,NaN
3,2,5,NaN
1,4,5,NaN
2,3,5,NaN
4,1,5,NaN
4,1,5,NaN
4,1,5,0.161264881038212
5,0,5,NaN
3,2,5,0.8949950374154003
4,1,5,NaN
5,0,5,NaN
4,1,5,NaN
4,1,5,0.5027215611346383
4,1,5,NaN
5,0,5,0.9579723130207045
4,1,5,NaN
1,4,5,NaN
4,1,5,0.8791469822960243
3,2,5,NaN
3,2,5,0.6629394266610144
2,3,5,NaN
4,1,5,0.06988872661807305
5,0,5,0.003442105670104662
4,1,5,0.7351022872357142
4,1,5,NaN
3,2,5,NaN
5,0,5,0.7351022872357142
1,4,5,0.5391281463014234
2,3,5,0.4389759442456205
5,0,5,0.08115644780417555
4,1,5,0.39365820288251563
2,3,5,NaN
2,3,5,NaN
2,3,5,NaN
2,3,5,0.7943141978951035
3,2,5,0.4389759442456205
3,2,5,0.8949950374154003
2,3,5,0.8791469822960243
3,2,5,0.06369546435864522
5,0,5,0.7008553584305408
3,2,5,NaN
5,0,5,0.6211047067208528
5,0,5,0.8949950374154003
4,1,5,0.4389759442456205
3,2,5,NaN
1,4,5,NaN
5,0,5,NaN
5,0,5,0.5773495910338519
3,2,5,NaN
3,2,5,0.534054961478336
3,2,5,0.03468779084967369
4,1,5,0.8791469822960243
3,2,5,NaN
3,2,5,NaN
2,3,5,NaN
4,1,5,NaN
4,1,5,NaN
3,2,5,NaN
5,0,5,0.782106310717001
4,1,5,0.4869472780660612
3,2,5,0.9749834651108517
1,4,5,0.5219627114535066
2,3,5,NaN
4,1,5,0.06988872661807305
4,1,5,0.4389759442456205
3,2,5,0.9886670302743008
3,2,5,0.534054961478336
4,1,5,NaN
1,4,5,NaN
2,3,5,0.18561760226461765
5,0,5,NaN
1,4,5,NaN
3,2,5,0.39365820288251563
3,2,5,NaN
2,3,5,0.21187913375295056
1,4,5,0.4869472780660612
3,2,5,0.3147278493122561
5,0,5,NaN
4,1,5,0.7120588430681319
3,2,5,0.8753960451255497
4,1,5,NaN
2,3,5,NaN
4,1,5,NaN
3,2,5,0.9839515160534376
3,2,5,0.0015661636123432178
1,4,5,NaN
3,2,5,NaN
4,1,5,NaN
2,3,5,0.9806053974593216
5,0,5,NaN
4,1,5,0.5613969972398019
5,0,5,0.39365820288251563
2,3,5,NaN
2,3,5,0.7351022872357142
4,1,5,NaN
4,1,5,0.12196444410581492
4,1,5,0.161264881038212
4,1,5,0.10562782382715655
3,2,5,NaN
5,0,5,0.5773495910338519
4,1,5,NaN
3,2,5,NaN
3,2,5,0.9837383852243682
5,0,5,0.35163936320323114
4,1,5,0.7351022872357142
2,3,5,0.534054961478336
1,4,5,NaN
3,2,5,NaN
1,4,5,0.8949950374154003
5,0,5,0.9690207992381747
3,2,5,0.8204795116931126
3,2,5,NaN
2,3,5,NaN
5,0,5,0.9444012070806406
5,0,5,NaN
3,2,5,0.534054961478336
3,2,5,0.8052687035144666
4,1,5,0.5773495910338519
4,1,5,NaN
3,2,5,NaN
3,2,5,0.5773495910338519
4,1,5,0.3147278493122561
2,3,5,NaN
4,1,5,NaN
5,0,5,NaN
4,1,5,0.7351022872357142
5,0,5,0.5773495910338519
5,0,5,NaN
3,2,5,NaN
3,2,5,NaN
3,2,5,0.8204795116931126
4,1,5,NaN
4,1,5,0.7674394494964111
3,2,5,NaN
2,3,5,0.7351022872357142
4,1,5,0.06988872661807305
4,1,5,0.1967336593596705
4,1,5,NaN
4,1,5,0.8949950374154003
5,0,5,NaN
5,0,5,0.962032138983051
2,3,5,NaN
3,2,5,NaN
2,3,5,0.08115644780417555
5,0,5,NaN
3,2,5,0.6211047067208528
4,1,5,0.21419505591017596
2,3,5,0.18561760226461765
4,1,5,NaN
3,2,5,0.2352238936685458
3,2,5,NaN
2,3,5,NaN
5,0,5,0.031166483159488077
5,0,5,NaN
4,1,5,NaN
4,1,5,NaN
4,1,5,NaN
5,0,5,NaN
5,0,5,NaN
5,0,5,NaN
4,1,5,0.9444012070806406
4,1,5,0.21365415163132023
4,1,5,NaN
1,4,5,NaN
4,1,5,NaN
3,2,5,NaN
3,2,5,NaN
3,2,5,NaN
4,1,5,0.6629394266610144
2,3,5,NaN
1,4,5,0.7351022872357142
4,1,5,0.09331494238381467
1,4,5,0.8617097556108892
3,2,5,0.39365820288251563
5,0,5,0.6211047067208528
4,1,5,0.3147278493122561
3,2,5,NaN
5,0,5,NaN
2,3,5,NaN
3,2,5,NaN
5,0,5,NaN
5,0,5,NaN
3,2,5,0.46265644709608067
4,1,5,0.4869472780660612
5,0,5,NaN
5,0,5,NaN
5,0,5,0.8949950374154003
5,0,5,0.12196444410581492
2,3,5,0.7008553584305408
2,3,5,0.6211047067208528
2,3,5,0.8936440367993538
4,1,5,NaN
1,4,5,0.3727291238064636
4,1,5,NaN
3,2,5,0.045946027748132785
3,2,5,NaN
2,3,5,NaN
5,0,5,NaN
3,2,5,0.12241845923651498
5,0,5,0.5773495910338519
5,0,5,0.5855527996445994
3,2,5,0.7351022872357142
5,0,5,0.21187913375295056
1,4,5,0.6629394266610144
5,0,5,0.05295374443847441
3,2,5,0.13554515031424938
3,2,5,0.4389759442456205
4,1,5,0.00413632405351317
3,2,5,0.35163936320323114
5,0,5,NaN
2,3,5,NaN
5,0,5,NaN
3,2,5,NaN
2,3,5,NaN
5,0,5,NaN
5,0,5,0.534054961478336
3,2,5,NaN
3,2,5,0.26167841779545853
5,0,5,NaN
2,3,5,NaN
2,3,5,NaN
4,1,5,NaN
4,1,5,0.3356648173745397
2,3,5,NaN
5,0,5,0.7351022872357142
2,3,5,NaN
3,2,5,NaN
5,0,5,NaN
3,2,5,0.0019575942924920132
4,1,5,0.2770589453938832
3,2,5,0.6211047067208528
2,3,5,NaN
5,0,5,0.42168317657525817
5,0,5,0.21187913375295056
4,1,5,0.003068702327390561
3,2,5,0.161264881038212
3,2,5,NaN
3,2,5,0.5783293118659721
5,0,5,0.7659187175498298
2,3,5,NaN
3,2,5,0.8692421113644985
5,0,5,NaN
4,1,5,NaN
1,4,5,0.161264881038212
3,2,5,0.12196444410581492
3,2,5,0.5773495910338519
5,0,5,NaN
3,2,5,0.21187913375295056
4,1,5,NaN
4,1,5,0.034832392112591995
2,3,5,NaN
3,2,5,NaN
5,0,5,NaN
3,2,5,0.9097889372969507
3,2,5,0.7351022872357142
3,2,5,0.6211047067208528
5,0,5,0.35163936320323114
2,3,5,0.022641636257990223
4,1,5,NaN
2,3,5,0.9690207992381747
4,1,5,0.8791469822960243
3,2,5,0.2770589453938832
3,2,5,0.9886670302743008
2,3,5,0.7008553584305408
3,2,5,0.7478500924108313
3,2,5,0.03973270879120916
3,2,5,NaN
2,3,5,0.6211047067208528
5,0,5,NaN
3,2,5,0.2770589453938832
5,0,5,0.24299412154726827
4,1,5,0.534054961478336
5,0,5,0.18561760226461765
4,1,5,0.3147278493122561
3,2,5,NaN
4,1,5,NaN
4,1,5,0.6629394266610144
1,4,5,NaN
4,1,5,NaN
4,1,5,NaN
5,0,5,NaN
5,0,5,NaN
2,3,5,NaN
4,1,5,0.06988872661807305
2,3,5,0.1332520980354848
4,1,5,NaN
4,1,5,0.09331494238381467
4,1,5,NaN
4,1,5,NaN
1,4,5,NaN
5,0,5,0.09331494238381467
5,0,5,NaN
2,3,5,0.3147278493122561
5,0,5,0.1849304147572628
4,1,5,0.7943141978951035
4,1,5,0.6211047067208528
2,3,5,0.922483585895465
3,2,5,NaN
3,2,5,0.21187913375295056
3,2,5,0.34156253961235067
4,1,5,0.03973270879120916
4,1,5,0.583929127406625
3,2,5,0.4869472780660612
5,0,5,NaN
3,2,5,0.24299412154726827
5,0,5,NaN
5,0,5,NaN
2,3,5,0.9762628665658539
3,2,5,NaN
2,3,5,NaN
2,3,5,NaN
3,2,5,NaN
4,1,5,0.9141272875879193
5,0,5,0.35944974396699086
4,1,5,NaN
5,0,5,NaN
3,2,5,NaN
3,2,5,NaN
3,2,5,NaN
2,3,5,0.11632221936891603
3,2,5,NaN
1,4,5,NaN
3,2,5,0.21365415163132023
2,3,5,NaN
4,1,5,0.9534911290835386
5,0,5,0.03638428859756971
3,2,5,0.6211047067208528
2,3,5,NaN
1,4,5,0.534054961478336
3,2,5,0.8418168267177661
4,1,5,0.10644627622097674
4,1,5,NaN
2,3,5,0.24299412154726827
3,2,5,NaN
2,3,5,NaN
5,0,5,NaN
3,2,5,0.04988791531202718
4,1,5,0.7008553584305408
4,1,5,NaN
3,2,5,0.002530910351412222
3,2,5,0.045946027748132785
4,1,5,0.3147278493122561
3,2,5,0.09331494238381467
3,2,5,7.585677444187464e-5
2,3,5,0.35163936320323114
2,3,5,0.8949950374154003
1,4,5,NaN
3,2,5,NaN
1,4,5,NaN
4,1,5,NaN
3,2,5,NaN
3,2,5,NaN
4,1,5,NaN
5,0,5,NaN
3,2,5,0.21187913375295056
1,4,5,NaN
4,1,5,0.7659187175498298
3,2,5,NaN
1,4,5,0.9444012070806406
4,1,5,NaN
1,4,5,NaN
4,1,5,0.161264881038212
4,1,5,NaN
4,1,5,0.8791469822960243
4,1,5,NaN
5,0,5,NaN
4,1,5,0.7659187175498298
3,2,5,0.6629394266610144
4,1,5,NaN
3,2,5,NaN
3,2,5,0.7351022872357142
2,3,5,0.9336743037628588
4,1,5,0.5773495910338519
3,2,5,0.8204795116931126
1,4,5,NaN
1,4,5,0.39365820288251563
2,3,5,0.8617097556108892
4,1,5,0.161264881038212
3,2,5,0.6570187020416813
2,3,5,NaN
5,0,5,NaN
4,1,5,0.9690207992381747
4,1,5,0.992411820768678
3,2,5,NaN
3,2,5,0.4389759442456205
5,0,5,0.05835621106595372
4,1,5,0.21187913375295056
2,3,5,0.6211047067208528
1,4,5,0.7659187175498298
5,0,5,NaN
5,0,5,0.39365820288251563
4,1,5,0.10644627622097674
5,0,5,0.5773495910338519
4,1,5,NaN
3,2,5,NaN
3,2,5,0.5773495910338519
4,1,5,0.534054961478336
1,4,5,0.35163936320323114
3,2,5,NaN
5,0,5,NaN
4,1,5,0.6563875518623467
2,3,5,0.8418168267177661
2,3,5,NaN
3,2,5,0.9749834651108517
5,0,5,NaN
5,0,5,NaN
5,0,5,0.24299412154726827
2,3,5,0.12196444410581492
2,3,5,NaN
4,1,5,NaN
1,4,5,NaN
3,2,5,NaN
4,1,5,0.6211047067208528
3,2,5,0.5773495910338519
5,0,5,0.06058247105517931
5,0,5,NaN
3,2,5,NaN
4,1,5,NaN
2,3,5,0.8791469822960243
2,3,5,0.03973270879120916
4,1,5,0.9941692455764074
5,0,5,NaN
3,2,5,0.7351022872357142
4,1,5,0.0021903510103783836
3,2,5,0.08838419241475717
3,2,5,NaN
3,2,5,NaN
3,2,5,0.63925054073839
4,1,5,0.7351022872357142
5,0,5,NaN
4,1,5,0.2894636189583042
3,2,5,0.39365820288251563
2,3,5,NaN
2,3,5,NaN
2,3,5,0.7943141978951035
5,0,5,0.03973270879120916
5,0,5,NaN
3,2,5,NaN
3,2,5,0.751997803097459
3,2,5,0.9941692455764074
5,0,5,NaN
3,2,5,NaN
3,2,5,0.24299412154726827
3,2,5,NaN
3,2,5,NaN
4,1,5,0.3147278493122561
3,2,5,0.18561760226461765
4,1,5,0.06988872661807305
3,2,5,0.4344741859498727
4,1,5,NaN
4,1,5,NaN
4,1,5,0.0007739261193528489
3,2,5,NaN
3,2,5,0.001044946795645325
3,2,5,0.12182343031210738
5,0,5,0.18561760226461765
1,4,5,0.008131077389744827
3,2,5,NaN
2,3,5,0.21490950053515423
4,1,5,NaN
3,2,5,0.14080710657571024
3,2,5,0.08328514459587477
2,3,5,NaN
3,2,5,0.005100602238806189
5,0,5,NaN
4,1,5,NaN
2,3,5,0.9215971040081024
5,0,5,NaN
1,4,5,NaN
2,3,5,NaN
3,2,5,NaN
5,0,5,0.35163936320323114
3,2,5,NaN
3,2,5,NaN
1,4,5,NaN
5,0,5,NaN
5,0,5,NaN
4,1,5,NaN
3,2,5,0.5208172689929056
4,1,5,NaN
2,3,5,NaN
3,2,5,NaN
4,1,5,NaN
3,2,5,NaN
5,0,5,NaN
4,1,5,0.7943141978951035
2,3,5,0.29601128053710046
4,1,5,0.7008553584305408
5,0,5,0.9690207992381747
4,1,5,0.2770589453938832
4,1,5,0.6629394266610144
5,0,5,0.7206370700902589
2,3,5,0.6629394266610144
2,3,5,0.005100602238806189
4,1,5,NaN
3,2,5,NaN
3,2,5,NaN
4,1,5,NaN
2,3,5,NaN
3,2,5,NaN
5,0,5,NaN
3,2,5,NaN
4,1,5,0.24299412154726827
3,2,5,0.05295374443847441
3,2,5,NaN
5,0,5,NaN
1,4,5,NaN
2,3,5,NaN
4,1,5,NaN
4,1,5,NaN
4,1,5,NaN
4,1,5,NaN
4,1,5,0.5826292651157386
2,3,5,NaN
4,1,5,NaN
2,3,5,NaN
2,3,5,0.8204795116931126
5,0,5,NaN
2,3,5,0.9097889372969507
4,1,5,NaN
1,4,5,0.8204795116931126
3,2,5,NaN
3,2,5,NaN
1,4,5,0.2228747875940001
5,0,5,0.0019042583330216069
5,0,5,0.12196444410581492
3,2,5,0.6211047067208528
3,2,5,0.3854679705845291
5,0,5,0.12196444410581492
3,2,5,0.4389759442456205
2,3,5,0.8418168267177661
3,2,5,0.7008553584305408
2,3,5,0.534054961478336
2,3,5,0.09331494238381467
5,0,5,NaN
2,3,5,NaN
4,1,5,0.05295374443847441
4,1,5,NaN
3,2,5,0.9690207992381747
2,3,5,NaN
5,0,5,NaN
2,3,5,0.10644627622097674
2,3,5,NaN
2,3,5,NaN
4,1,5,0.10644627622097674
4,1,5,NaN
3,2,5,0.7943141978951035
2,3,5,NaN
3,2,5,NaN
3,2,5,0.08115644780417555
2,3,5,0.5773495910338519
4,1,5,0.21187913375295056
3,2,5,NaN
3,2,5,0.5773495910338519
1,4,5,0.8418168267177661
4,1,5,NaN
4,1,5,0.14080710657571024
3,2,5,NaN
3,2,5,NaN
1,4,5,NaN
4,1,5,NaN
5,0,5,NaN
4,1,5,0.8418168267177661
2,3,5,NaN
3,2,5,NaN
4,1,5,0.9690207992381747
3,2,5,0.2770589453938832
5,0,5,NaN
2,3,5,0.30866302682045793
2,3,5,0.18561760226461765
1,4,5,0.6211047067208528
4,1,5,0.5773495910338519
2,3,5,NaN
3,2,5,0.908884201870921
4,1,5,0.0109668218068087
4,1,5,NaN
2,3,5,NaN
5,0,5,0.005100602238806189
3,2,5,0.8617097556108892
5,0,5,NaN
2,3,5,NaN
3,2,5,NaN
5,0,5,NaN
3,2,5,0.4389759442456205
3,2,5,0.18561760226461765
3,2,5,0.0003085070178292836
2,3,5,NaN
3,2,5,0.9636131616021387
2,3,5,0.21187913375295056
2,3,5,NaN
3,2,5,0.8418168267177661
4,1,5,0.9215971040081024
4,1,5,NaN
4,1,5,0.6629394266610144
3,2,5,0.922483585895465
5,0,5,0.3023973146197639
1,4,5,NaN
1,4,5,0.042022198175001774
4,1,5,0.4869472780660612
3,2,5,0.9336743037628588
3,2,5,NaN
2,3,5,NaN
4,1,5,0.0012764078659617927
5,0,5,0.6737538772362489
5,0,5,NaN
3,2,5,NaN
3,2,5,0.7120588430681319
5,0,5,NaN
4,1,5,NaN
4,1,5,0.8791469822960243
3,2,5,0.3147278493122561
4,1,5,0.3147278493122561
4,1,5,NaN
3,2,5,NaN
4,1,5,NaN
4,1,5,0.39365820288251563
3,2,5,0.8418168267177661
4,1,5,NaN
4,1,5,NaN
3,2,5,NaN
4,1,5,NaN
4,1,5,0.06988872661807305
4,1,5,0.9444012070806406
3,2,5,NaN
5,0,5,0.10644627622097674
5,0,5,0.39365820288251563
3,2,5,0.0029728312781869184
4,1,5,0.8204795116931126
1,4,5,0.2770589453938832
2,3,5,0.8204795116931126
3,2,5,0.7008553584305408
2,3,5,0.005247026686130267
4,1,5,NaN
3,2,5,NaN
5,0,5,NaN
3,2,5,NaN
5,0,5,NaN
4,1,5,NaN
4,1,5,NaN
5,0,5,0.161264881038212
3,2,5,0.8418168267177661
4,1,5,0.3147278493122561
4,1,5,0.05295374443847441
4,1,5,0.18561760226461765
3,2,5,NaN
3,2,5,NaN
5,0,5,NaN
5,0,5,NaN
1,4,5,NaN
2,3,5,0.39365820288251563
2,3,5,NaN
4,1,5,NaN
4,1,5,NaN
3,2,5,NaN
3,2,5,NaN
5,0,5,NaN
2,3,5,NaN
4,1,5,0.05631088355874986
3,2,5,0.4362818310637738
4,1,5,NaN
4,1,5,NaN
5,0,5,NaN
1,4,5,0.7402398398099163
4,1,5,NaN
4,1,5,NaN
5,0,5,0.35163936320323114
4,1,5,0.06988872661807305
4,1,5,0.5773495910338519
4,1,5,0.8613630561222859
3,2,5,NaN
4,1,5,NaN
3,2,5,NaN
5,0,5,NaN
1,4,5,0.7008553584305408
2,3,5,9.757498550721716e-7
3,2,5,NaN
2,3,5,0.6211047067208528
2,3,5,0.6211047067208528
2,3,5,0.1196224010199223
3,2,5,0.3147278493122561
3,2,5,0.000137425873151007
5,0,5,NaN
3,2,5,0.534054961478336
2,3,5,NaN
4,1,5,0.534054961478336
1,4,5,0.4869472780660612
5,0,5,0.7351022872357142
3,2,5,NaN
2,3,5,0.09331494238381467
4,1,5,NaN
3,2,5,0.39365820288251563
2,3,5,0.8617097556108892
3,2,5,0.024021238481916618
2,3,5,0.002245706259241102
3,2,5,NaN
3,2,5,0.8281470796777857
3,2,5,0.21187913375295056
3,2,5,0.9097889372969507
3,2,5,NaN
4,1,5,0.9097889372969507
3,2,5,NaN
3,2,5,0.5773495910338519
3,2,5,NaN
1,4,5,NaN
1,4,5,0.9886670302743008
4,1,5,NaN
4,1,5,0.001137754401366853
4,1,5,0.991808263676121
5,0,5,NaN
5,0,5,0.534054961478336
3,2,5,NaN
1,4,5,0.10644627622097674
3,2,5,0.21187913375295056
4,1,5,0.7595853518735745
2,3,5,0.12196444410581492
1,4,5,0.4389759442456205
4,1,5,NaN
3,2,5,0.9143847928640491
1,4,5,NaN
2,3,5,0.8418168267177661
3,2,5,0.0011179206400492915
5,0,5,0.9690207992381747
5,0,5,NaN
5,0,5,0.897135819240873
3,2,5,0.2770589453938832
5,0,5,NaN
3,2,5,0.09331494238381467
5,0,5,0.39365820288251563
1,4,5,NaN
5,0,5,0.12196444410581492
5,0,5,NaN
5,0,5,NaN
4,1,5,0.6629394266610144
3,2,5,NaN
2,3,5,NaN
5,0,5,NaN
4,1,5,NaN
3,2,5,0.9336743037628588
3,2,5,0.7071386268253849
4,1,5,NaN
1,4,5,0.2770589453938832
3,2,5,NaN
4,1,5,0.8204795116931126
2,3,5,NaN
2,3,5,NaN
4,1,5,0.9097889372969507
5,0,5,NaN
2,3,5,NaN
3,2,5,0.7351022872357142
5,0,5,0.9336743037628588
3,2,5,0.10644627622097674
2,3,5,0.9534911290835386
1,4,5,NaN
4,1,5,0.6629394266610144
3,2,5,0.7793075871826041
3,2,5,NaN
4,1,5,0.6653674959233236
5,0,5,NaN
1,4,5,0.7659187175498298
1,4,5,0.22663646407110755
3,2,5,0.534054961478336
4,1,5,0.534054961478336
3,2,5,NaN
1,4,5,0.6617907114444935
4,1,5,0.14080710657571024
5,0,5,NaN
4,1,5,0.6629394266610144
2,3,5,NaN
5,0,5,0.7943141978951035
1,4,5,NaN
3,2,5,0.8370751080502961
4,1,5,NaN
3,2,5,NaN
3,2,5,0.22703760501329398
5,0,5,NaN
3,2,5,0.05295374443847441
4,1,5,NaN
3,2,5,NaN
2,3,5,NaN
4,1,5,NaN
5,0,5,NaN
2,3,5,0.7659187175498298
3,2,5,0.8617097556108892
2,3,5,0.5773495910338519
4,1,5,NaN
3,2,5,NaN
3,2,5,NaN
2,3,5,0.8791469822960243
3,2,5,0.7409332389158217
1,4,5,0.6629394266610144
5,0,5,0.9444012070806406
5,0,5,NaN
2,3,5,NaN
3,2,5,0.161264881038212
4,1,5,NaN
3,2,5,0.7659187175498298
1,4,5,NaN
2,3,5,0.7351022872357142
4,1,5,0.05295374443847441
3,2,5,0.6629394266610144
4,1,5,0.5826292651157386
3,2,5,0.9997225086006035
2,3,5,0.8204795116931126
5,0,5,NaN
4,1,5,NaN
4,1,5,0.18561760226461765
5,0,5,0.37815637614042613
3,2,5,NaN
4,1,5,0.6025407653719632
3,2,5,0.24299412154726827
3,2,5,NaN
3,2,5,0.6211047067208528
2,3,5,NaN
3,2,5,0.08115644780417555
2,3,5,0.9444012070806406
4,1,5,NaN
5,0,5,NaN
3,2,5,NaN
5,0,5,0.6211047067208528
4,1,5,0.776222464496603
3,2,5,0.2526994239525373
3,2,5,NaN
4,1,5,NaN
1,4,5,NaN
2,3,5,0.7008553584305408
3,2,5,0.5773495910338519
1,4,5,0.8949950374154003
4,1,5,0.4830347577182527
2,3,5,0.7526742239784748
5,0,5,0.5605992531628874
3,2,5,NaN
1,4,5,NaN
2,3,5,NaN
3,2,5,NaN
3,2,5,0.7351022872357142
4,1,5,0.6211047067208528
1,4,5,NaN
4,1,5,NaN
3,2,5,NaN
4,1,5,0.4932343082472245
2,3,5,0.39365820288251563
2,3,5,NaN
3,2,5,0.03025847703180226
5,0,5,0.5773495910338519
2,3,5,NaN
5,0,5,NaN
4,1,5,0.9097889372969507
4,1,5,0.8418161455321783
5,0,5,NaN
5,0,5,0.04477018850579075
4,1,5,NaN
4,1,5,NaN
3,2,5,0.21760700719529236
4,1,5,0.2770589453938832
3,2,5,0.8949950374154003
2,3,5,NaN
3,2,5,NaN
4,1,5,NaN
3,2,5,NaN
4,1,5,NaN
3,2,5,0.02162347649920689
4,1,5,NaN
3,2,5,NaN
4,1,5,NaN
3,2,5,0.007178590337653962
4,1,5,0.4869472780660612
2,3,5,0.9690207992381747
5,0,5,NaN
3,2,5,NaN
3,2,5,0.8617097556108892
5,0,5,0.1022683109786813
1,4,5,NaN
5,0,5,0.14080710657571024
5,0,5,0.910305151944844
1,4,5,NaN
3,2,5,NaN
5,0,5,0.4396798194697258
3,2,5,0.29601128053710046
2,3,5,0.4389759442456205
3,2,5,0.24299412154726827
5,0,5,NaN
1,4,5,NaN
4,1,5,NaN
3,2,5,NaN
2,3,5,0.7351022872357142
2,3,5,NaN
3,2,5,NaN
2,3,5,0.6629394266610144
3,2,5,0.9097889372969507
3,2,5,0.4344741859498727
2,3,5,0.6211047067208528
4,1,5,0.1869823092543452
3,2,5,NaN
4,1,5,NaN
3,2,5,NaN
3,2,5,0.39365820288251563
1,4,5,NaN
3,2,5,NaN
2,3,5,0.07977801758463435
4,1,5,NaN
4,1,5,NaN
4,1,5,NaN
2,3,5,0.7409332389158217
2,3,5,0.8949950374154003
3,2,5,NaN
5,0,5,0.39365820288251563
1,4,5,NaN
5,0,5,0.7008553584305408
3,2,5,0.04988791531202718
2,3,5,0.8617097556108892
5,0,5,0.39365820288251563
4,1,5,0.006091701711492965
5,0,5,NaN
2,3,5,0.161264881038212
1,4,5,0.8949950374154003
2,3,5,0.534054961478336
2,3,5,NaN
4,1,5,0.019582362947367808
2,3,5,NaN
4,1,5,NaN
3,2,5,NaN
2,3,5,NaN
5,0,5,NaN
4,1,5,NaN
3,2,5,0.9534911290835386
5,0,5,NaN
4,1,5,NaN
4,1,5,0.12196444410581492
4,1,5,NaN
2,3,5,0.8204795116931126
3,2,5,0.9811313618180413
5,0,5,0.7071386268253849
4,1,5,NaN
3,2,5,NaN
4,1,5,NaN
2,3,5,NaN
3,2,5,NaN
3,2,5,0.12196444410581492
4,1,5,NaN
4,1,5,0.7351022872357142
3,2,5,0.022429838902144214
1,4,5,0.39365820288251563
3,2,5,NaN
3,2,5,NaN
5,0,5,NaN
1,4,5,NaN
4,1,5,0.06058247105517931
1,4,5,0.2770589453938832
4,1,5,NaN
3,2,5,0.10644627622097674
5,0,5,NaN
1,4,5,0.002144739130434723
2,3,5,NaN
4,1,5,NaN
4,1,5,0.7008553584305408
3,2,5,NaN
3,2,5,NaN
1,4,5,0.35163936320323114
2,3,5,NaN
2,3,5,NaN
4,1,5,0.10082142010577633
3,2,5,NaN
3,2,5,NaN
2,3,5,0.8617097556108892
5,0,5,0.5773495910338519
2,3,5,NaN
2,3,5,0.35944974396699086
3,2,5,NaN
3,2,5,NaN
3,2,5,0.033768604894950885
3,2,5,0.013595179396091573
2,3,5,0.23136573777456157
2,3,5,0.35163936320323114
2,3,5,0.8753960451255497
3,2,5,0.4389759442456205
3,2,5,0.11114993551649412
1,4,5,NaN
4,1,5,0.7351022872357142
1,4,5,NaN
2,3,5,NaN
2,3,5,0.018959130438185253
4,1,5,0.8791469822960243
2,3,5,0.6873635192950729
3,2,5,0.4389759442456205
2,3,5,NaN
2,3,5,NaN
2,3,5,NaN
2,3,5,0.39365820288251563
3,2,5,0.011625908468073121
5,0,5,0.19156227243571283
4,1,5,0.962032138983051
1,4,5,NaN
5,0,5,NaN
3,2,5,NaN
1,4,5,NaN
4,1,5,0.534054961478336
5,0,5,0.12196444410581492
2,3,5,0.06147081611628614
1,4,5,NaN
3,2,5,0.76788285867874
4,1,5,NaN
2,3,5,0.21187913375295056
4,1,5,0.39365820288251563
3,2,5,0.39365820288251563
3,2,5,0.12196444410581492
4,1,5,NaN
2,3,5,0.997608072328767
4,1,5,0.08115644780417555
2,3,5,0.8853439517435048
4,1,5,NaN
4,1,5,0.8418168267177661
1,4,5,0.5773495910338519
4,1,5,0.10644627622097674
2,3,5,0.12196444410581492
3,2,5,0.8210261767420777
2,3,5,0.8204795116931126
2,3,5,NaN
2,3,5,NaN
3,2,5,NaN
4,1,5,NaN
4,1,5,NaN
1,4,5,NaN
3,2,5,NaN
1,4,5,NaN
4,1,5,NaN
3,2,5,0.0005053982580526653
5,0,5,NaN
4,1,5,0.35163936320323114
5,0,5,0.962032138983051
3,2,5,0.14080710657571024
4,1,5,0.6629394266610144
3,2,5,0.8617097556108892
2,3,5,0.7943141978951035
5,0,5,0.8204795116931126
4,1,5,NaN
2,3,5,0.4389759442456205
5,0,5,0.031193002612503615
2,3,5,NaN
4,1,5,0.14080710657571024
4,1,5,0.015739357409861005
2,3,5,NaN
2,3,5,NaN
5,0,5,NaN
5,0,5,0.8204795116931126
2,3,5,0.6211047067208528
4,1,5,0.5808813602523217
2,3,5,NaN
4,1,5,NaN
3,2,5,0.15095426130965384
4,1,5,0.4869472780660612
1,4,5,0.24603115705892453
1,4,5,0.7008553584305408
2,3,5,0.3147278493122561
3,2,5,0.5490408605083255
5,0,5,NaN
3,2,5,NaN
3,2,5,0.4389759442456205
2,3,5,0.534054961478336
1,4,5,NaN
1,4,5,0.36190824481571265
3,2,5,0.10644627622097674
4,1,5,0.8617097556108892
3,2,5,0.6211047067208528
4,1,5,0.09331494238381467
1,4,5,0.8418168267177661
3,2,5,0.922483585895465
3,2,5,0.8949950374154003
2,3,5,0.24299412154726827
3,2,5,NaN
1,4,5,0.08115644780417555
3,2,5,0.14080710657571024
4,1,5,NaN
2,3,5,NaN
2,3,5,0.5773495910338519
4,1,5,NaN
2,3,5,NaN
3,2,5,0.007518851291777831
4,1,5,NaN
2,3,5,0.7008553584305408
1,4,5,0.06058247105517931
3,2,5,0.09136812904950267
3,2,5,0.39365820288251563
4,1,5,0.7351022872357142
5,0,5,NaN
2,3,5,NaN
2,3,5,NaN
5,0,5,0.6629394266610144
4,1,5,0.02611284212389445
1,4,5,0.8949950374154003
3,2,5,NaN
4,1,5,NaN
3,2,5,NaN
3,2,5,0.7008553584305408
2,3,5,NaN
1,4,5,NaN
2,3,5,0.7008553584305408
2,3,5,0.740432674698442
3,2,5,NaN
4,1,5,NaN
2,3,5,NaN
2,3,5,0.534054961478336
4,1,5,NaN
4,1,5,NaN
4,1,5,NaN
1,4,5,NaN
2,3,5,NaN
4,1,5,0.991808263676121
4,1,5,0.5120959007352743
1,4,5,NaN
2,3,5,NaN
2,3,5,NaN
5,0,5,NaN
2,3,5,NaN
2,3,5,NaN
3,2,5,0.06058247105517931
3,2,5,0.9608286830178985
3,2,5,0.8734519849996528
5,0,5,0.5773495910338519
3,2,5,NaN
3,2,5,0.8418168267177661
2,3,5,NaN
4,1,5,0.4389759442456205
4,1,5,NaN
4,1,5,NaN
3,2,5,0.7008553584305408
5,0,5,NaN
4,1,5,0.8418168267177661
4,1,5,NaN
4,1,5,0.3815436730712815
4,1,5,0.3665332789708946
3,2,5,0.12196444410581492
4,1,5,NaN
2,3,5,NaN
2,3,5,0.2559968884350913
3,2,5,NaN
3,2,5,NaN
4,1,5,0.9336743037628588
4,1,5,0.5299817961731534
3,2,5,0.9452736117663113
3,2,5,0.7008553584305408
3,2,5,0.21119014712066597
1,4,5,NaN
3,2,5,NaN
3,2,5,NaN
1,4,5,NaN
3,2,5,0.8617097556108892
1,4,5,0.3735618210809025
2,3,5,NaN
2,3,5,0.12196444410581492
3,2,5,0.01647977399392152
5,0,5,NaN
5,0,5,0.21187913375295056
5,0,5,NaN
1,4,5,NaN
4,1,5,NaN
1,4,5,0.4869472780660612
1,4,5,NaN
4,1,5,0.3147278493122561
3,2,5,0.8204795116931126
3,2,5,NaN
3,2,5,NaN
3,2,5,0.7008553584305408
4,1,5,NaN
3,2,5,0.7206370700902589
5,0,5,NaN
3,2,5,0.6211047067208528
2,3,5,NaN
2,3,5,0.4237427017390893
1,4,5,0.922483585895465
3,2,5,0.08464164254939958
2,3,5,0.4869472780660612
4,1,5,NaN
2,3,5,NaN
5,0,5,NaN
3,2,5,0.4389759442456205
2,3,5,NaN
3,2,5,NaN
4,1,5,NaN
5,0,5,NaN
2,3,5,NaN
3,2,5,NaN
2,3,5,NaN
3,2,5,0.8418168267177661
2,3,5,NaN
5,0,5,NaN
4,1,5,0.09331494238381467
1,4,5,0.6629394266610144
4,1,5,0.7462691083964934
2,3,5,0.9097889372969507
3,2,5,0.01710570917635768
4,1,5,0.5773495910338519
3,2,5,0.8215298843666329
4,1,5,0.6211047067208528
3,2,5,NaN
3,2,5,0.08115644780417555
2,3,5,0.35163936320323114
2,3,5,NaN
4,1,5,0.8418168267177661
2,3,5,0.9342963333029591
4,1,5,NaN
5,0,5,0.8204795116931126
2,3,5,NaN
2,3,5,NaN
4,1,5,NaN
3,2,5,NaN
4,1,5,0.08948066264505447
3,2,5,0.7351022872357142
1,4,5,NaN
3,2,5,0.24299412154726827
3,2,5,0.35944974396699086
3,2,5,0.908884201870921
4,1,5,0.9534911290835386
4,1,5,NaN
1,4,5,0.5773495910338519
1,4,5,NaN
5,0,5,0.8617097556108892
5,0,5,0.7659187175498298
2,3,5,0.7351022872357142
3,2,5,0.9755082344463593
2,3,5,0.6629394266610144
2,3,5,0.8204795116931126
4,1,5,0.12747075101832725
2,3,5,NaN
4,1,5,NaN
3,2,5,0.4869472780660612
3,2,5,0.12941798093153112
2,3,5,NaN
2,3,5,NaN
4,1,5,NaN
1,4,5,0.6211047067208528
1,4,5,NaN
4,1,5,0.011625908468073121
1,4,5,NaN
1,4,5,4.3467044014676394e-5
5,0,5,0.3147278493122561
3,2,5,NaN
5,0,5,NaN
1,4,5,NaN
3,2,5,NaN
5,0,5,NaN
3,2,5,NaN
3,2,5,NaN
5,0,5,NaN
2,3,5,NaN
2,3,5,NaN
4,1,5,NaN
3,2,5,NaN
4,1,5,NaN
3,2,5,0.24299412154726827
1,4,5,0.8418168267177661
3,2,5,0.8617097556108892
4,1,5,NaN
4,1,5,NaN
1,4,5,0.7852101569209279
1,4,5,NaN
4,1,5,0.05295374443847441
2,3,5,NaN
2,3,5,0.26707594766828885
3,2,5,0.9097889372969507
1,4,5,0.8204795116931126
1,4,5,0.9749834651108517
3,2,5,NaN
2,3,5,0.9336743037628588
2,3,5,0.022641636257990223
1,4,5,NaN
2,3,5,NaN
5,0,5,NaN
1,4,5,0.7351022872357142
2,3,5,0.24299412154726827
5,0,5,0.2770589453938832
2,3,5,0.4869472780660612
4,1,5,NaN
2,3,5,NaN
2,3,5,NaN
2,3,5,0.06058247105517931
4,1,5,NaN
1,4,5,NaN
3,2,5,NaN
4,1,5,NaN
2,3,5,NaN
3,2,5,0.7659187175498298
3,2,5,0.9534911290835386
3,2,5,NaN
1,4,5,NaN
3,2,5,NaN
4,1,5,0.6211047067208528
3,2,5,0.8204795116931126
2,3,5,NaN
2,3,5,0.14080710657571024
4,1,5,NaN
1,4,5,0.6211047067208528
3,2,5,NaN
3,2,5,0.00413632405351317
3,2,5,NaN
3,2,5,0.23136573777456157
2,3,5,0.8418168267177661
4,1,5,NaN
4,1,5,0.2770589453938832
4,1,5,NaN
3,2,5,NaN
2,3,5,NaN
4,1,5,NaN
1,4,5,NaN
3,2,5,0.25262821165007515
4,1,5,0.24299412154726827
4,1,5,0.03025847703180226
5,0,5,0.2770589453938832
1,4,5,NaN
3,2,5,0.3147278493122561
1,4,5,0.2776475685241931
1,4,5,NaN
4,1,5,0.10644627622097674
4,1,5,0.8791469822960243
3,2,5,0.9336743037628588
3,2,5,0.21187913375295056
3,2,5,0.35163936320323114
2,3,5,0.0006508293157170339
3,2,5,NaN
4,1,5,0.8204795116931126
5,0,5,0.5773495910338519
2,3,5,NaN
2,3,5,NaN
4,1,5,NaN
2,3,5,NaN
3,2,5,0.8418168267177661
1,4,5,NaN
2,3,5,NaN
4,1,5,0.6629394266610144
4,1,5,NaN
3,2,5,0.09816248290955543
4,1,5,0.24299412154726827
4,1,5,NaN
3,2,5,0.7659187175498298
4,1,5,0.2770589453938832
3,2,5,0.6211047067208528
2,3,5,NaN
3,2,5,0.35163936320323114
3,2,5,NaN
2,3,5,0.03973270879120916
1,4,5,NaN
2,3,5,NaN
3,2,5,0.4349801535856134
3,2,5,NaN
1,4,5,0.2770589453938832
5,0,5,0.9336743037628588
5,0,5,NaN
3,2,5,NaN
5,0,5,0.14080710657571024
3,2,5,NaN
2,3,5,NaN
4,1,5,0.5773495910338519
5,0,5,NaN
4,1,5,NaN
3,2,5,0.21187913375295056
3,2,5,0.6629394266610144
3,2,5,0.12196444410581492
3,2,5,NaN
4,1,5,0.534054961478336
3,2,5,NaN
2,3,5,0.8617097556108892
5,0,5,NaN
3,2,5,NaN
2,3,5,0.8617097556108892
3,2,5,NaN
4,1,5,0.7008553584305408
3,2,5,0.12196444410581492
4,1,5,NaN
2,3,5,0.09331494238381467
4,1,5,NaN
3,2,5,NaN
2,3,5,0.043018950547170295
2,3,5,NaN
3,2,5,0.13512834715007485
1,4,5,0.08115644780417555
2,3,5,NaN
2,3,5,0.31446254865538825
2,3,5,0.8103707771094575
2,3,5,0.9749834651108517
1,4,5,NaN
3,2,5,NaN
4,1,5,0.8204795116931126
2,3,5,0.18561760226461765
1,4,5,NaN
4,1,5,0.4389759442456205
4,1,5,NaN
3,2,5,0.06988872661807305
5,0,5,0.06988872661807305
2,3,5,NaN
3,2,5,0.534054961478336
3,2,5,0.06988872661807305
2,3,5,0.5154727415284115
1,4,5,NaN
1,4,5,0.6211047067208528
5,0,5,NaN
2,3,5,NaN
3,2,5,0.8949950374154003
3,2,5,NaN
2,3,5,0.7008553584305408
2,3,5,NaN
2,3,5,NaN
2,3,5,0.14080710657571024
1,4,5,NaN
2,3,5,0.9336743037628588
4,1,5,NaN
3,2,5,0.39365820288251563
3,2,5,0.9097889372969507
1,4,5,0.028416200145929108
2,3,5,NaN
3,2,5,0.6629394266610144
2,3,5,NaN
2,3,5,0.08115644780417555
3,2,5,NaN
4,1,5,NaN
2,3,5,0.06988872661807305
4,1,5,NaN
2,3,5,NaN
2,3,5,NaN
1,4,5,NaN
3,2,5,NaN
1,4,5,NaN
5,0,5,0.7008553584305408
4,1,5,NaN
4,1,5,NaN
2,3,5,0.4389759442456205
2,3,5,NaN
2,3,5,NaN
2,3,5,0.6211047067208528
3,2,5,NaN
4,1,5,0.9749834651108517
5,0,5,NaN
1,4,5,0.7351022872357142
5,0,5,0.8418168267177661
3,2,5,NaN
2,3,5,NaN
2,3,5,NaN
1,4,5,NaN
5,0,5,0.7351022872357142
4,1,5,NaN
2,3,5,NaN
3,2,5,0.1319092276494392
3,2,5,0.534054961478336
1,4,5,NaN
3,2,5,0.161264881038212
2,3,5,0.6211047067208528
1,4,5,0.7659187175498298
3,2,5,0.045946027748132785
1,4,5,NaN
3,2,5,NaN
2,3,5,0.12196444410581492
5,0,5,NaN
3,2,5,0.8791469822960243
3,2,5,0.3055692734095933
2,3,5,0.534054961478336
2,3,5,NaN
2,3,5,0.12196444410581492
3,2,5,0.6629394266610144
1,4,5,NaN
2,3,5,NaN
3,2,5,0.18694105945648112
1,4,5,NaN
2,3,5,0.3274735024882267
2,3,5,0.6211047067208528
2,3,5,NaN
2,3,5,NaN
5,0,5,NaN
2,3,5,NaN
3,2,5,0.2770589453938832
3,2,5,0.962032138983051
3,2,5,NaN
4,1,5,0.9336743037628588
2,3,5,NaN
3,2,5,0.03973270879120916
4,1,5,0.7034798908330773
4,1,5,0.7008553584305408
2,3,5,NaN
4,1,5,0.4359234640031067
4,1,5,0.7943141978951035
3,2,5,NaN
3,2,5,0.8418168267177661
2,3,5,NaN
3,2,5,0.01723706005832074
2,3,5,NaN
1,4,5,NaN
4,1,5,NaN
1,4,5,NaN
2,3,5,0.534054961478336
4,1,5,NaN
2,3,5,NaN
4,1,5,0.8418168267177661
1,4,5,0.3147278493122561
3,2,5,0.5773495910338519
2,3,5,0.18561760226461765
4,1,5,NaN
2,3,5,NaN
1,4,5,0.7659187175498298
2,3,5,0.9336743037628588
2,3,5,0.14885618459021888
1,4,5,0.161264881038212
5,0,5,0.7351022872357142
2,3,5,0.08115644780417555
2,3,5,NaN
2,3,5,0.9444012070806406
2,3,5,NaN
2,3,5,0.10644627622097674
1,4,5,0.7008553584305408
3,2,5,NaN
2,3,5,NaN
2,3,5,NaN
1,4,5,NaN
2,3,5,NaN
2,3,5,NaN
1,4,5,NaN
4,1,5,NaN
2,3,5,NaN
3,2,5,0.18410391185353114
1,4,5,0.6516018670740176
1,4,5,0.39365820288251563
2,3,5,0.7351022872357142
1,4,5,NaN
2,3,5,0.10644627622097674
2,3,5,0.5773495910338519
3,2,5,0.534054961478336
1,4,5,0.161264881038212
3,2,5,0.7659187175498298
2,3,5,NaN
2,3,5,0.922483585895465
1,4,5,0.7351022872357142
5,0,5,NaN
2,3,5,0.14080710657571024
1,4,5,0.4869472780660612
2,3,5,NaN
4,1,5,NaN
2,3,5,0.39365820288251563
4,1,5,0.8949950374154003
2,3,5,NaN
4,1,5,NaN
2,3,5,0.161264881038212
3,2,5,NaN
1,4,5,0.023655065084265785
5,0,5,0.8204795116931126
2,3,5,NaN
5,0,5,0.7943141978951035
1,4,5,NaN
2,3,5,0.534054961478336
2,3,5,0.7943141978951035
3,2,5,NaN
2,3,5,0.6211047067208528
1,4,5,NaN
1,4,5,0.011625908468073121
3,2,5,0.8204795116931126
1,4,5,NaN
4,1,5,NaN
2,3,5,0.6629394266610144
3,2,5,0.9336743037628588
1,4,5,NaN
4,1,5,0.3147278493122561
2,3,5,0.05232945279565082
2,3,5,0.8418168267177661
1,4,5,NaN
2,3,5,NaN
2,3,5,NaN
2,3,5,NaN
4,1,5,NaN
2,3,5,0.9768724866692187
3,2,5,NaN
2,3,5,0.09331494238381467
2,3,5,0.8389655128199344
1,4,5,NaN
1,4,5,0.05295374443847441
1,4,5,0.9886670302743008
1,4,5,0.016352394412106192
1,4,5,NaN
4,1,5,NaN
1,4,5,NaN
3,2,5,0.922483585895465
1,4,5,NaN
4,1,5,0.3103570680766021
2,3,5,NaN
4,1,5,NaN
1,4,5,NaN
1,4,5,0.0717219327371697
2,3,5,0.7659187175498298
3,2,5,0.2770589453938832
2,3,5,0.8198308034724631
2,3,5,NaN
1,4,5,0.7351022872357142
2,3,5,NaN
2,3,5,0.24299412154726827
2,3,5,NaN
2,3,5,NaN
3,2,5,0.7008553584305408
2,3,5,0.4389759442456205
4,1,5,NaN
2,3,5,0.35944974396699086
3,2,5,NaN
4,1,5,0.9690207992381747
1,4,5,0.922483585895465
1,4,5,0.8791469822960243
3,2,5,NaN
2,3,5,0.10644627622097674
4,1,5,0.9312593716464758
3,2,5,0.14080710657571024
1,4,5,0.9799588626550771
4,1,5,0.6726384568999776
5,0,5,NaN
1,4,5,NaN
1,4,5,0.2770589453938832
2,3,5,NaN
3,2,5,0.8418168267177661
2,3,5,NaN
1,4,5,0.7351022872357142
4,1,5,0.7351022872357142
1,4,5,0.2770589453938832
4,1,5,NaN
1,4,5,NaN
3,2,5,0.5773495910338519
2,3,5,0.7943141978951035
2,3,5,0.6211047067208528
2,3,5,0.10644627622097674
3,2,5,0.6629394266610144
1,4,5,0.8791469822960243
2,3,5,NaN
2,3,5,0.10644627622097674
3,2,5,0.21187913375295056
1,4,5,0.7659187175498298
2,3,5,0.4869472780660612
1,4,5,0.9097889372969507
1,4,5,NaN
1,4,5,NaN
1,4,5,0.8617097556108892
1,4,5,NaN
3,2,5,0.06058247105517931
2,3,5,0.4869472780660612
1,4,5,0.7943141978951035
1,4,5,0.7943141978951035
4,1,5,NaN
1,4,5,NaN
3,2,5,NaN
1,4,5,0.7659187175498298
2,3,5,0.7351022872357142
1,4,5,NaN
1,4,5,0.6629394266610144
3,2,5,NaN
2,3,5,NaN
1,4,5,0.6089267360264234
3,2,5,NaN
2,3,5,NaN
3,2,5,NaN
2,3,5,0.39365820288251563
1,4,5,NaN
1,4,5,0.0005358867667097031
2,3,5,NaN
1,4,5,NaN
2,3,5,0.24299412154726827
1,4,5,0.21187913375295056
2,3,5,NaN
1,4,5,0.4389759442456205
1,4,5,0.03468779084967369
1,4,5,0.6300830591603114
2,3,5,NaN
1,4,5,0.9753471025968105
1,4,5,0.7943141978951035
1,4,5,0.18561760226461765
1,4,5,0.9097889372969507
1,4,5,0.7008553584305408
3,2,5,NaN
2,3,5,NaN
1,4,5,NaN
2,3,5,0.6211047067208528
3,2,5,0.7008553584305408
1,4,5,NaN
1,4,5,0.5826292651157386
1,4,5,0.8791469822960243
1,4,5,NaN
1,4,5,0.5773495910338519
1,4,5,0.05797389120419328
2,3,5,0.005934524119869026
1,4,5,0.7659187175498298
1,4,5,0.39365820288251563
1,4,5,NaN
1,4,5,0.9097889372969507
1,4,5,NaN
2,3,5,NaN
1,4,5,0.8791469822960243
1,4,5,0.534054961478336
2,3,5,0.4389759442456205
1,4,5,0.045946027748132785
1,4,5,NaN
3,2,5,NaN
1,4,5,NaN
1,4,5,0.03973270879120916
1,4,5,NaN
1,4,5,NaN
1,4,5,NaN
1,4,5,0.534054961478336
2,3,5,NaN
2,3,5,0.7659187175498298
1,4,5,NaN
1,4,5,0.4389759442456205
1,4,5,NaN
1,4,5,0.4363123380656674
1,4,5,0.39365820288251563
1,4,5,NaN
1,4,5,0.161264881038212
3,2,5,0.09331494238381467
4,1,5,NaN
2,3,5,0.6211047067208528
2,3,5,NaN
1,4,5,0.8791469822960243
1,4,5,NaN
1,4,5,0.06988872661807305
1,4,5,0.02611284212389445
2,3,5,NaN
1,4,5,NaN
2,3,5,NaN
1,4,5,NaN
2,3,5,0.24299412154726827
1,4,5,0.05295374443847441
2,3,5,NaN
2,3,5,0.32160884960093616
2,3,5,0.7351022872357142
1,4,5,0.4389759442456205
1,4,5,0.39365820288251563
1,4,5,NaN
2,3,5,0.47236296377790177
1,4,5,NaN
2,3,5,NaN
1,4,5,NaN
2,3,5,NaN
1,4,5,NaN
1,4,5,NaN
1,4,5,NaN
1,4,5,0.7943141978951035
1,4,5,0.8949950374154003
1,4,5,NaN
1,4,5,0.6629394266610144
0,5,5,0.4869472780660612
0,5,5,0.7351022872357142
0,5,5,NaN
0,5,5,NaN
0,5,5,0.39365820288251563
0,5,5,NaN
0,5,5,0.9444012070806406
0,5,5,NaN
0,5,5,NaN
0,5,5,0.5773495910338519
0,5,5,0.24299412154726827
0,5,5,NaN
0,5,5,0.07313359451857124
0,5,5,NaN
0,5,5,NaN
0,5,5,NaN
0,5,5,NaN
0,5,5,NaN
0,5,5,0.9097889372969507
0,5,5,NaN
0,5,5,0.8617097556108892
0,5,5,0.007001359302340902
0,5,5,0.15567300633394565
0,5,5,NaN
0,5,5,0.7943141978951035
0,5,5,NaN
0,5,5,0.8418168267177661
0,5,5,NaN
0,5,5,0.2770589453938832
0,5,5,NaN
0,5,5,NaN
0,5,5,0.39365820288251563
0,5,5,NaN
0,5,5,0.4389759442456205
0,5,5,NaN
0,5,5,0.5773495910338519
0,5,5,NaN
0,5,5,0.161264881038212
0,5,5,NaN
0,5,5,0.08115644780417555
0,5,5,NaN
0,5,5,0.7659187175498298
0,5,5,NaN
0,5,5,0.8418168267177661
0,5,5,0.9211848590541657
0,5,5,NaN
0,5,5,0.4389759442456205
0,5,5,NaN
0,5,5,NaN
0,5,5,0.24299412154726827
0,5,5,0.009752897763835797
0,5,5,NaN
0,5,5,NaN
0,5,5,NaN
0,5,5,NaN
0,5,5,0.7351022872357142
0,5,5,NaN
0,5,5,NaN
0,5,5,NaN
0,5,5,NaN
0,5,5,NaN
0,5,5,NaN
0,5,5,NaN
0,5,5,NaN
0,5,5,0.1602216100569728
0,5,5,NaN
0,5,5,NaN
0,5,5,NaN
0,5,5,NaN
0,5,5,0.24299412154726827
0,5,5,NaN
0,5,5,0.05295374443847441
0,5,5,1.0203740528934541e-5
0,5,5,NaN
0,5,5,NaN
0,5,5,NaN
0,5,5,0.5661858459756439
0,5,5,NaN
0,5,5,NaN
0,5,5,NaN
0,5,5,NaN
0,5,5,0.9690207992381747
0,5,5,0.14551437756673102
0,5,5,0.8204795116931126
0,5,5,0.2770589453938832
0,5,5,NaN
0,5,5,0.0059157410543019045
0,5,5,NaN
0,5,5,NaN
0,5,5,NaN
0,5,5,0.4869472780660612
0,5,5,NaN
0,5,5,NaN
0,5,5,0.8053310532878865
0,5,5,NaN
0,5,5,NaN
0,5,5,NaN
0,5,5,0.35163936320323114
0,5,5,NaN
0,5,5,0.6211047067208528
0,5,5,0.10644627622097674
0,5,5,0.9444012070806406
0,5,5,NaN
0,5,5,NaN
0,5,5,0.03025847703180226
0,5,5,0.8949950374154003
0,5,5,0.8791469822960243
0,5,5,0.8204795116931126
0,5,5,NaN
0,5,5,NaN
0,5,5,0.534054961478336
0,5,5,NaN
0,5,5,0.7970650442331396
0,5,5,NaN
0,5,5,0.7395383499239009
0,5,5,0.21187913375295056
0,5,5,NaN
0,5,5,NaN
1,3,4,NaN
4,0,4,NaN
2,2,4,0.7943141978951035
4,0,4,0.534054961478336
3,1,4,0.8949950374154003
4,0,4,NaN
2,2,4,NaN
1,3,4,0.8791469822960243
3,1,4,0.3147278493122561
4,0,4,NaN
2,2,4,NaN
4,0,4,NaN
4,0,4,NaN
4,0,4,NaN
2,2,4,0.7659187175498298
4,0,4,NaN
3,1,4,NaN
3,1,4,NaN
3,1,4,0.4869472780660612
4,0,4,NaN
3,1,4,NaN
3,1,4,0.12196444410581492
2,2,4,0.03973270879120916
3,1,4,NaN
4,0,4,NaN
1,3,4,NaN
2,2,4,0.8949950374154003
4,0,4,0.4869472780660612
3,1,4,NaN
2,2,4,NaN
4,0,4,NaN
4,0,4,0.09331494238381467
4,0,4,NaN
3,1,4,NaN
4,0,4,0.0012434011156564385
4,0,4,NaN
3,1,4,NaN
4,0,4,0.022641636257990223
2,2,4,0.4869472780660612
3,1,4,NaN
4,0,4,NaN
4,0,4,NaN
1,3,4,0.3147278493122561
4,0,4,NaN
4,0,4,NaN
3,1,4,NaN
4,0,4,NaN
2,2,4,0.7008553584305408
4,0,4,0.10644627622097674
3,1,4,0.8418168267177661
2,2,4,0.06250531847802236
2,2,4,NaN
4,0,4,NaN
3,1,4,0.8204795116931126
3,1,4,0.07705507702311457
3,1,4,0.4869472780660612
3,1,4,NaN
2,2,4,NaN
3,1,4,NaN
4,0,4,NaN
4,0,4,0.9799588626550771
4,0,4,0.7659187175498298
3,1,4,NaN
3,1,4,0.161264881038212
3,1,4,0.7659187175498298
3,1,4,0.10446138696323905
2,2,4,0.06988872661807305
2,2,4,NaN
3,1,4,NaN
2,2,4,NaN
4,0,4,NaN
2,2,4,NaN
4,0,4,NaN
2,2,4,NaN
3,1,4,0.3147278493122561
3,1,4,NaN
4,0,4,0.5243615668105663
3,1,4,NaN
4,0,4,0.24299412154726827
1,3,4,0.7659187175498298
4,0,4,NaN
2,2,4,0.09331494238381467
2,2,4,0.03468779084967369
4,0,4,0.14080710657571024
3,1,4,NaN
4,0,4,NaN
4,0,4,0.7943141978951035
3,1,4,0.8791469822960243
4,0,4,0.6629394266610144
3,1,4,0.24299412154726827
4,0,4,NaN
4,0,4,0.3147278493122561
4,0,4,0.8204795116931126
3,1,4,NaN
3,1,4,0.8418168267177661
4,0,4,0.7008553584305408
3,1,4,NaN
2,2,4,0.2366586730463355
4,0,4,0.161264881038212
2,2,4,0.962032138983051
1,3,4,NaN
1,3,4,NaN
2,2,4,NaN
2,2,4,NaN
2,2,4,0.534054961478336
3,1,4,NaN
3,1,4,0.7008553584305408
3,1,4,NaN
4,0,4,0.7943141978951035
2,2,4,NaN
2,2,4,NaN
2,2,4,NaN
3,1,4,NaN
4,0,4,NaN
4,0,4,NaN
4,0,4,NaN
3,1,4,NaN
3,1,4,NaN
4,0,4,NaN
4,0,4,0.6653674959233236
1,3,4,0.18561760226461765
4,0,4,0.8961933312591177
4,0,4,0.14080710657571024
4,0,4,NaN
1,3,4,NaN
3,1,4,NaN
4,0,4,NaN
3,1,4,0.9444012070806406
4,0,4,0.12196444410581492
2,2,4,0.882667076629416
4,0,4,NaN
4,0,4,0.35163936320323114
3,1,4,NaN
4,0,4,NaN
4,0,4,0.21187913375295056
2,2,4,0.9534911290835386
2,2,4,NaN
3,1,4,NaN
3,1,4,NaN
4,0,4,NaN
4,0,4,NaN
3,1,4,0.6211047067208528
4,0,4,NaN
4,0,4,NaN
3,1,4,0.39365820288251563
2,2,4,NaN
3,1,4,0.2085566618856682
4,0,4,6.483793560073877e-5
2,2,4,0.06988872661807305
3,1,4,NaN
4,0,4,0.019582362947367808
4,0,4,0.4869472780660612
4,0,4,NaN
2,2,4,0.8256138125749558
2,2,4,NaN
3,1,4,NaN
2,2,4,0.21187913375295056
4,0,4,NaN
4,0,4,NaN
3,1,4,0.011625908468073121
4,0,4,NaN
3,1,4,NaN
3,1,4,0.8617097556108892
3,1,4,0.9690207992381747
4,0,4,NaN
3,1,4,NaN
3,1,4,0.8617097556108892
3,1,4,NaN
4,0,4,NaN
4,0,4,NaN
4,0,4,0.30728168715621196
4,0,4,0.6629394266610144
3,1,4,NaN
4,0,4,NaN
4,0,4,NaN
2,2,4,0.8791469822960243
4,0,4,NaN
4,0,4,NaN
4,0,4,NaN
1,3,4,NaN
4,0,4,NaN
4,0,4,NaN
4,0,4,0.5208172689929056
4,0,4,0.05295374443847441
4,0,4,0.161264881038212
4,0,4,NaN
3,1,4,NaN
3,1,4,0.8418168267177661
4,0,4,0.922483585895465
3,1,4,NaN
4,0,4,0.2770589453938832
4,0,4,NaN
4,0,4,NaN
4,0,4,NaN
3,1,4,0.7351022872357142
4,0,4,0.9886670302743008
3,1,4,0.5773495910338519
2,2,4,0.7008553584305408
4,0,4,0.8418168267177661
3,1,4,NaN
4,0,4,NaN
3,1,4,0.21187913375295056
3,1,4,0.8139967557273703
4,0,4,0.4869472780660612
3,1,4,0.3147278493122561
4,0,4,NaN
4,0,4,NaN
4,0,4,0.777548695970422
3,1,4,NaN
2,2,4,NaN
4,0,4,0.5773495910338519
4,0,4,NaN
3,1,4,NaN
2,2,4,NaN
4,0,4,NaN
3,1,4,0.161264881038212
2,2,4,NaN
4,0,4,NaN
4,0,4,NaN
3,1,4,0.161264881038212
4,0,4,0.8791469822960243
4,0,4,0.9444012070806406
3,1,4,NaN
4,0,4,NaN
4,0,4,NaN
4,0,4,NaN
4,0,4,NaN
4,0,4,0.21187913375295056
3,1,4,NaN
4,0,4,0.10780825690521935
4,0,4,0.6211047067208528
4,0,4,NaN
4,0,4,NaN
3,1,4,NaN
4,0,4,NaN
4,0,4,0.9571437162815485
4,0,4,NaN
1,3,4,NaN
4,0,4,NaN
3,1,4,0.4389759442456205
4,0,4,NaN
1,3,4,NaN
4,0,4,NaN
4,0,4,NaN
3,1,4,NaN
4,0,4,NaN
3,1,4,0.7659187175498298
4,0,4,0.35163936320323114
4,0,4,0.03468779084967369
3,1,4,NaN
4,0,4,0.4869472780660612
3,1,4,NaN
2,2,4,NaN
2,2,4,NaN
3,1,4,0.011625908468073121
3,1,4,0.9444012070806406
2,2,4,NaN
4,0,4,0.922483585895465
4,0,4,NaN
4,0,4,0.39365820288251563
4,0,4,NaN
3,1,4,0.6629394266610144
3,1,4,0.7351022872357142
2,2,4,0.7659187175498298
4,0,4,NaN
4,0,4,NaN
3,1,4,NaN
4,0,4,NaN
2,2,4,NaN
3,1,4,NaN
3,1,4,NaN
4,0,4,NaN
3,1,4,NaN
4,0,4,NaN
2,2,4,NaN
4,0,4,NaN
4,0,4,NaN
4,0,4,NaN
4,0,4,NaN
3,1,4,NaN
4,0,4,0.05295374443847441
4,0,4,0.534054961478336
3,1,4,NaN
3,1,4,0.6211047067208528
3,1,4,NaN
3,1,4,NaN
4,0,4,NaN
4,0,4,NaN
4,0,4,NaN
4,0,4,NaN
4,0,4,NaN
4,0,4,NaN
4,0,4,NaN
3,1,4,0.161264881038212
4,0,4,NaN
4,0,4,0.6211047067208528
3,1,4,0.8418168267177661
4,0,4,NaN
3,1,4,NaN
4,0,4,0.7659187175498298
3,1,4,NaN
3,1,4,0.5422764978823376
3,1,4,NaN
3,1,4,0.886578124066172
3,1,4,NaN
4,0,4,NaN
4,0,4,0.10644627622097674
4,0,4,NaN
3,1,4,NaN
4,0,4,NaN
3,1,4,NaN
4,0,4,NaN
2,2,4,NaN
3,1,4,NaN
4,0,4,0.8418168267177661
2,2,4,NaN
4,0,4,0.7659187175498298
4,0,4,NaN
4,0,4,0.7478500924108313
2,2,4,0.8370751080502961
3,1,4,NaN
4,0,4,NaN
4,0,4,NaN
3,1,4,NaN
3,1,4,0.9097889372969507
4,0,4,0.7409332389158217
3,1,4,0.39365820288251563
2,2,4,NaN
4,0,4,0.39365820288251563
1,3,4,NaN
4,0,4,0.9886670302743008
4,0,4,NaN
3,1,4,0.045946027748132785
4,0,4,0.6211047067208528
3,1,4,0.8617097556108892
4,0,4,NaN
4,0,4,NaN
3,1,4,NaN
3,1,4,NaN
4,0,4,NaN
4,0,4,NaN
4,0,4,0.5613969972398019
4,0,4,0.3399082013245906
2,2,4,0.534054961478336
2,2,4,0.534054961478336
4,0,4,NaN
3,1,4,NaN
3,1,4,0.962032138983051
3,1,4,NaN
4,0,4,0.03973270879120916
4,0,4,NaN
4,0,4,4.2392575343807736e-8
3,1,4,0.10644627622097674
4,0,4,0.7511589307488591
3,1,4,0.8791469822960243
4,0,4,NaN
1,3,4,NaN
4,0,4,0.9097889372969507
2,2,4,NaN
2,2,4,NaN
2,2,4,NaN
1,3,4,0.9690207992381747
4,0,4,0.9336743037628588
2,2,4,NaN
4,0,4,0.39365820288251563
3,1,4,0.5773495910338519
4,0,4,NaN
4,0,4,NaN
4,0,4,0.21187913375295056
2,2,4,NaN
2,2,4,0.7659187175498298
4,0,4,0.14080710657571024
4,0,4,NaN
4,0,4,NaN
4,0,4,0.24299412154726827
3,1,4,NaN
2,2,4,NaN
4,0,4,0.8617097556108892
4,0,4,0.7351022872357142
3,1,4,NaN
2,2,4,NaN
1,3,4,0.8418168267177661
4,0,4,0.8791469822960243
4,0,4,0.8198308034724631
2,2,4,NaN
4,0,4,NaN
3,1,4,0.9760584029970937
4,0,4,NaN
3,1,4,0.9336743037628588
3,1,4,NaN
4,0,4,NaN
4,0,4,NaN
4,0,4,0.5773495910338519
3,1,4,NaN
3,1,4,0.922483585895465
4,0,4,0.4389759442456205
3,1,4,NaN
3,1,4,0.7351022872357142
4,0,4,NaN
4,0,4,0.39365820288251563
1,3,4,0.8418168267177661
1,3,4,NaN
4,0,4,0.6211047067208528
3,1,4,0.6653674959233236
3,1,4,NaN
4,0,4,NaN
3,1,4,NaN
4,0,4,0.6629394266610144
3,1,4,NaN
4,0,4,0.8204795116931126
2,2,4,0.18561760226461765
4,0,4,0.4869472780660612
4,0,4,NaN
4,0,4,NaN
4,0,4,NaN
4,0,4,NaN
4,0,4,NaN
3,1,4,NaN
3,1,4,0.01733195328371829
4,0,4,0.0070674882934371065
1,3,4,NaN
2,2,4,NaN
3,1,4,0.18561760226461765
2,2,4,NaN
4,0,4,0.2770589453938832
3,1,4,0.5773495910338519
4,0,4,NaN
4,0,4,0.39365820288251563
4,0,4,0.009708197960407164
4,0,4,0.7351022872357142
2,2,4,NaN
4,0,4,NaN
4,0,4,0.6366801211344747
4,0,4,NaN
4,0,4,NaN
3,1,4,0.8791469822960243
4,0,4,0.06781806603873601
1,3,4,NaN
4,0,4,0.8418168267177661
4,0,4,0.2770589453938832
2,2,4,NaN
4,0,4,NaN
4,0,4,0.962032138983051
4,0,4,NaN
4,0,4,0.4869472780660612
4,0,4,0.6211047067208528
1,3,4,0.032781975442458214
4,0,4,NaN
3,1,4,NaN
4,0,4,0.5773495910338519
4,0,4,NaN
1,3,4,NaN
4,0,4,NaN
2,2,4,NaN
4,0,4,0.9097889372969507
1,3,4,NaN
3,1,4,NaN
3,1,4,0.4869472780660612
4,0,4,NaN
3,1,4,0.8949950374154003
4,0,4,NaN
4,0,4,NaN
4,0,4,NaN
4,0,4,NaN
4,0,4,NaN
3,1,4,NaN
2,2,4,NaN
2,2,4,0.7478500924108313
4,0,4,NaN
3,1,4,NaN
3,1,4,NaN
4,0,4,NaN
2,2,4,0.21187913375295056
3,1,4,NaN
3,1,4,NaN
4,0,4,NaN
3,1,4,NaN
3,1,4,NaN
4,0,4,0.10644627622097674
4,0,4,0.7659187175498298
4,0,4,0.14080710657571024
2,2,4,NaN
4,0,4,NaN
3,1,4,0.7659187175498298
4,0,4,0.24299412154726827
4,0,4,0.013595179396091573
3,1,4,0.161264881038212
4,0,4,0.8791469822960243
4,0,4,NaN
3,1,4,0.14080710657571024
4,0,4,NaN
2,2,4,0.6211047067208528
4,0,4,NaN
3,1,4,0.05295374443847441
4,0,4,0.9941692455764074
3,1,4,NaN
4,0,4,NaN
2,2,4,0.9534911290835386
4,0,4,0.8034807554726957
3,1,4,0.5004752144061054
4,0,4,NaN
4,0,4,NaN
4,0,4,NaN
3,1,4,0.6195657374253047
3,1,4,0.16835177364948872
3,1,4,NaN
3,1,4,NaN
2,2,4,0.09331494238381467
4,0,4,NaN
3,1,4,NaN
1,3,4,NaN
4,0,4,NaN
3,1,4,NaN
2,2,4,NaN
4,0,4,NaN
3,1,4,NaN
3,1,4,0.4869472780660612
4,0,4,NaN
3,1,4,NaN
3,1,4,0.6924011358753125
3,1,4,0.19617541385364703
3,1,4,NaN
4,0,4,NaN
4,0,4,0.2770589453938832
2,2,4,0.01116233418487497
3,1,4,NaN
2,2,4,0.03025847703180226
3,1,4,0.12196444410581492
2,2,4,NaN
4,0,4,NaN
4,0,4,NaN
4,0,4,0.21187913375295056
3,1,4,0.2770589453938832
4,0,4,NaN
4,0,4,0.04563205966480173
4,0,4,NaN
4,0,4,NaN
4,0,4,NaN
3,1,4,NaN
4,0,4,NaN
2,2,4,0.18561760226461765
3,1,4,NaN
3,1,4,0.06058247105517931
1,3,4,0.03704832131919486
4,0,4,NaN
3,1,4,NaN
3,1,4,NaN
4,0,4,NaN
4,0,4,0.05295374443847441
3,1,4,NaN
3,1,4,0.4869472780660612
4,0,4,NaN
4,0,4,0.161264881038212
4,0,4,0.9690207992381747
1,3,4,NaN
1,3,4,NaN
3,1,4,0.35163936320323114
3,1,4,0.6211047067208528
4,0,4,0.2770589453938832
3,1,4,0.03973270879120916
4,0,4,0.06058247105517931
2,2,4,0.5681595031794388
3,1,4,0.8192734885359679
2,2,4,0.12196444410581492
4,0,4,0.886578124066172
2,2,4,0.6211047067208528
2,2,4,NaN
2,2,4,NaN
4,0,4,0.922483585895465
3,1,4,NaN
2,2,4,NaN
2,2,4,NaN
4,0,4,NaN
3,1,4,NaN
4,0,4,NaN
3,1,4,NaN
3,1,4,NaN
2,2,4,NaN
4,0,4,NaN
4,0,4,0.6629394266610144
3,1,4,NaN
4,0,4,0.4389759442456205
4,0,4,0.5773495910338519
2,2,4,NaN
4,0,4,0.09331494238381467
3,1,4,NaN
4,0,4,0.9749834651108517
4,0,4,NaN
4,0,4,0.7008553584305408
4,0,4,NaN
3,1,4,0.6211047067208528
3,1,4,0.21187913375295056
3,1,4,0.534054961478336
4,0,4,0.9336743037628588
4,0,4,0.013595179396091573
2,2,4,0.8791469822960243
3,1,4,0.8204795116931126
4,0,4,NaN
4,0,4,NaN
3,1,4,0.08115644780417555
4,0,4,NaN
4,0,4,0.003442105670104662
2,2,4,0.8617097556108892
4,0,4,0.8949950374154003
3,1,4,0.35163936320323114
4,0,4,0.7659187175498298
4,0,4,NaN
3,1,4,0.161264881038212
4,0,4,NaN
3,1,4,0.608096077610823
4,0,4,0.9444012070806406
3,1,4,0.4870331712221417
4,0,4,NaN
3,1,4,0.6629394266610144
3,1,4,NaN
2,2,4,NaN
2,2,4,NaN
4,0,4,NaN
4,0,4,NaN
4,0,4,0.03468779084967369
3,1,4,0.9758225360787158
3,1,4,0.8154385829807279
2,2,4,0.18561760226461765
3,1,4,0.6211047067208528
3,1,4,0.14080710657571024
4,0,4,NaN
4,0,4,NaN
4,0,4,0.6211047067208528
4,0,4,0.8418168267177661
4,0,4,0.009708197960407164
4,0,4,NaN
4,0,4,NaN
2,2,4,NaN
3,1,4,NaN
4,0,4,0.4869472780660612
2,2,4,0.18561760226461765
2,2,4,0.005100602238806189
4,0,4,NaN
2,2,4,NaN
4,0,4,NaN
4,0,4,NaN
4,0,4,0.20928991907455943
4,0,4,NaN
4,0,4,0.003442105670104662
4,0,4,NaN
4,0,4,0.8791469822960243
3,1,4,0.5624100504369717
4,0,4,NaN
4,0,4,NaN
2,2,4,0.4389759442456205
2,2,4,NaN
4,0,4,0.5773495910338519
2,2,4,0.4869472780660612
4,0,4,0.7943141978951035
4,0,4,NaN
4,0,4,NaN
3,1,4,NaN
4,0,4,0.8617097556108892
3,1,4,NaN
3,1,4,NaN
4,0,4,NaN
3,1,4,0.35163936320323114
4,0,4,NaN
4,0,4,NaN
2,2,4,NaN
2,2,4,NaN
3,1,4,0.12196444410581492
3,1,4,NaN
2,2,4,NaN
4,0,4,NaN
4,0,4,0.9534911290835386
4,0,4,NaN
4,0,4,NaN
3,1,4,NaN
4,0,4,NaN
3,1,4,0.06988872661807305
4,0,4,0.7943141978951035
2,2,4,NaN
4,0,4,NaN
4,0,4,0.04885163849522347
4,0,4,NaN
1,3,4,NaN
4,0,4,NaN
3,1,4,0.019582362947367808
4,0,4,NaN
4,0,4,0.2770589453938832
2,2,4,NaN
3,1,4,NaN
2,2,4,NaN
3,1,4,NaN
4,0,4,0.9799588626550771
3,1,4,NaN
4,0,4,NaN
3,1,4,NaN
2,2,4,0.2770589453938832
4,0,4,NaN
2,2,4,0.4389759442456205
2,2,4,NaN
4,0,4,NaN
4,0,4,NaN
4,0,4,NaN
4,0,4,NaN
4,0,4,NaN
4,0,4,NaN
4,0,4,0.5135204956201115
4,0,4,0.12196444410581492
2,2,4,0.06988872661807305
3,1,4,NaN
4,0,4,NaN
4,0,4,0.03468779084967369
4,0,4,NaN
2,2,4,NaN
3,1,4,0.06058247105517931
2,2,4,NaN
4,0,4,0.14080710657571024
3,1,4,0.7659187175498298
4,0,4,NaN
3,1,4,NaN
3,1,4,0.24299412154726827
4,0,4,0.6629394266610144
2,2,4,0.2770589453938832
3,1,4,0.7351022872357142
3,1,4,NaN
3,1,4,0.0004610401947958468
3,1,4,0.6211047067208528
3,1,4,NaN
2,2,4,NaN
3,1,4,0.6629394266610144
3,1,4,NaN
4,0,4,NaN
3,1,4,NaN
3,1,4,NaN
4,0,4,NaN
2,2,4,NaN
4,0,4,NaN
4,0,4,NaN
3,1,4,NaN
2,2,4,NaN
4,0,4,0.7008553584305408
4,0,4,NaN
2,2,4,NaN
3,1,4,NaN
3,1,4,0.18561760226461765
2,2,4,NaN
4,0,4,0.18561760226461765
4,0,4,NaN
4,0,4,NaN
3,1,4,NaN
4,0,4,NaN
4,0,4,NaN
4,0,4,0.8949950374154003
2,2,4,0.9534911290835386
3,1,4,0.18561760226461765
2,2,4,NaN
4,0,4,NaN
2,2,4,0.4389759442456205
2,2,4,NaN
2,2,4,NaN
4,0,4,0.8791469822960243
3,1,4,0.7659187175498298
4,0,4,NaN
4,0,4,NaN
3,1,4,NaN
4,0,4,NaN
4,0,4,NaN
3,1,4,0.6629394266610144
3,1,4,0.6653674959233236
3,1,4,NaN
4,0,4,0.11121545874270854
2,2,4,NaN
3,1,4,NaN
4,0,4,NaN
4,0,4,NaN
4,0,4,0.06988872661807305
4,0,4,0.8791469822960243
4,0,4,0.6211047067208528
3,1,4,0.3147278493122561
4,0,4,NaN
3,1,4,0.35487529645938626
3,1,4,NaN
4,0,4,0.7943141978951035
4,0,4,0.534054961478336
3,1,4,NaN
4,0,4,NaN
4,0,4,NaN
3,1,4,0.99604904991201
3,1,4,0.8617097556108892
2,2,4,NaN
1,3,4,NaN
4,0,4,0.7943141978951035
2,2,4,0.08115644780417555
3,1,4,0.045946027748132785
4,0,4,NaN
3,1,4,NaN
2,2,4,0.8949950374154003
2,2,4,NaN
4,0,4,NaN
3,1,4,NaN
2,2,4,NaN
3,1,4,NaN
4,0,4,NaN
3,1,4,NaN
4,0,4,0.2770589453938832
4,0,4,NaN
4,0,4,NaN
3,1,4,0.5773495910338519
4,0,4,NaN
3,1,4,NaN
3,1,4,NaN
3,1,4,0.8617097556108892
3,1,4,NaN
4,0,4,0.4389759442456205
1,3,4,NaN
3,1,4,NaN
2,2,4,NaN
4,0,4,0.9336743037628588
2,2,4,0.7659187175498298
4,0,4,0.7659187175498298
4,0,4,NaN
4,0,4,NaN
2,2,4,NaN
4,0,4,0.24299412154726827
4,0,4,NaN
2,2,4,NaN
4,0,4,NaN
4,0,4,0.534054961478336
4,0,4,NaN
4,0,4,NaN
3,1,4,NaN
3,1,4,0.8949950374154003
2,2,4,NaN
3,1,4,NaN
1,3,4,NaN
4,0,4,0.03973270879120916
4,0,4,0.43235100537574384
3,1,4,NaN
3,1,4,0.24299412154726827
3,1,4,0.6211047067208528
2,2,4,0.35163936320323114
3,1,4,NaN
4,0,4,0.9749834651108517
4,0,4,0.6629394266610144
3,1,4,NaN
1,3,4,NaN
4,0,4,NaN
1,3,4,0.7351022872357142
3,1,4,0.9145555838841878
2,2,4,0.09331494238381467
2,2,4,NaN
4,0,4,NaN
3,1,4,NaN
4,0,4,NaN
4,0,4,NaN
2,2,4,0.03468779084967369
4,0,4,NaN
3,1,4,0.534054961478336
4,0,4,0.8204795116931126
2,2,4,0.10644627622097674
2,2,4,NaN
4,0,4,NaN
2,2,4,NaN
4,0,4,0.534054961478336
4,0,4,0.8791469822960243
3,1,4,0.2770589453938832
4,0,4,0.34336507990227566
3,1,4,NaN
4,0,4,NaN
4,0,4,NaN
4,0,4,NaN
4,0,4,0.962032138983051
4,0,4,NaN
3,1,4,0.583929127406625
4,0,4,NaN
4,0,4,0.6629394266610144
3,1,4,0.018098067274175483
2,2,4,NaN
4,0,4,0.3356648173745397
4,0,4,NaN
1,3,4,0.24299412154726827
3,1,4,0.7943141978951035
4,0,4,NaN
4,0,4,0.8949950374154003
2,2,4,0.8791469822960243
4,0,4,NaN
3,1,4,0.8949950374154003
3,1,4,NaN
4,0,4,NaN
2,2,4,0.133725605714702
3,1,4,NaN
4,0,4,0.8204795116931126
2,2,4,0.9690207992381747
3,1,4,0.25990850867455345
4,0,4,NaN
3,1,4,NaN
3,1,4,0.5040694951136206
4,0,4,0.21187913375295056
4,0,4,0.7659187175498298
4,0,4,0.7008553584305408
3,1,4,NaN
4,0,4,NaN
3,1,4,NaN
2,2,4,0.08115644780417555
4,0,4,0.45885943191873046
3,1,4,0.8418168267177661
3,1,4,NaN
2,2,4,0.6211047067208528
1,3,4,NaN
3,1,4,NaN
4,0,4,0.045946027748132785
2,2,4,NaN
4,0,4,NaN
2,2,4,NaN
1,3,4,0.534054961478336
1,3,4,NaN
4,0,4,0.9113384662423561
3,1,4,NaN
4,0,4,NaN
4,0,4,NaN
3,1,4,0.029491853296751344
4,0,4,NaN
3,1,4,NaN
4,0,4,NaN
3,1,4,0.06988872661807305
3,1,4,0.0453218543565991
3,1,4,0.7008553584305408
3,1,4,0.534054961478336
4,0,4,NaN
2,2,4,0.7008553584305408
4,0,4,NaN
3,1,4,0.6419307927155035
1,3,4,0.0013632314584414132
4,0,4,0.9998312681442629
3,1,4,NaN
4,0,4,0.6629394266610144
4,0,4,NaN
2,2,4,NaN
2,2,4,0.18561760226461765
4,0,4,0.8204795116931126
4,0,4,NaN
4,0,4,NaN
3,1,4,NaN
3,1,4,NaN
1,3,4,0.4869472780660612
4,0,4,NaN
4,0,4,0.6211047067208528
4,0,4,0.2770589453938832
4,0,4,NaN
3,1,4,0.7008553584305408
3,1,4,NaN
2,2,4,0.7659187175498298
4,0,4,0.9336743037628588
2,2,4,NaN
3,1,4,0.8418168267177661
4,0,4,NaN
4,0,4,NaN
3,1,4,0.21187913375295056
2,2,4,NaN
3,1,4,0.14269984854551185
3,1,4,0.6211047067208528
2,2,4,0.5624100504369717
1,3,4,NaN
4,0,4,0.39365820288251563
4,0,4,NaN
3,1,4,0.3147278493122561
4,0,4,NaN
3,1,4,NaN
4,0,4,NaN
4,0,4,0.8791469822960243
4,0,4,0.4584457217856004
2,2,4,NaN
3,1,4,NaN
4,0,4,NaN
3,1,4,0.6629394266610144
3,1,4,NaN
2,2,4,0.4869472780660612
3,1,4,NaN
2,2,4,NaN
3,1,4,NaN
4,0,4,NaN
4,0,4,NaN
4,0,4,0.39365820288251563
2,2,4,NaN
4,0,4,0.045946027748132785
4,0,4,NaN
4,0,4,NaN
4,0,4,NaN
4,0,4,0.7351022872357142
4,0,4,NaN
1,3,4,0.73490864013557
3,1,4,NaN
3,1,4,0.534054961478336
2,2,4,0.12196444410581492
3,1,4,NaN
2,2,4,NaN
4,0,4,NaN
3,1,4,NaN
4,0,4,0.7008553584305408
4,0,4,NaN
2,2,4,NaN
4,0,4,NaN
3,1,4,NaN
4,0,4,NaN
4,0,4,NaN
4,0,4,0.7008553584305408
1,3,4,0.18561760226461765
3,1,4,0.24299412154726827
2,2,4,0.005208096183648685
4,0,4,NaN
3,1,4,0.8418168267177661
3,1,4,0.2770589453938832
3,1,4,0.5624100504369717
3,1,4,0.9749834651108517
4,0,4,0.2770589453938832
3,1,4,NaN
4,0,4,NaN
3,1,4,0.18561760226461765
3,1,4,0.9534911290835386
4,0,4,NaN
2,2,4,NaN
4,0,4,NaN
4,0,4,NaN
4,0,4,NaN
3,1,4,0.4389759442456205
4,0,4,NaN
3,1,4,0.03025847703180226
4,0,4,0.8949950374154003
4,0,4,NaN
1,3,4,0.8949950374154003
4,0,4,NaN
4,0,4,0.8204795116931126
1,3,4,0.013584695640948361
3,1,4,0.983189675590533
4,0,4,NaN
4,0,4,NaN
4,0,4,NaN
4,0,4,NaN
4,0,4,NaN
3,1,4,0.7008553584305408
4,0,4,NaN
4,0,4,0.8418168267177661
4,0,4,0.08115644780417555
3,1,4,NaN
4,0,4,NaN
4,0,4,0.5773495910338519
4,0,4,NaN
4,0,4,NaN
4,0,4,NaN
1,3,4,0.534054961478336
3,1,4,0.8617097556108892
2,2,4,0.14080710657571024
4,0,4,NaN
3,1,4,0.8418168267177661
4,0,4,0.8185224033161663
4,0,4,NaN
4,0,4,0.9137887738644975
3,1,4,0.8791469822960243
3,1,4,NaN
4,0,4,NaN
4,0,4,NaN
1,3,4,NaN
4,0,4,0.534054961478336
2,2,4,NaN
3,1,4,0.6211047067208528
2,2,4,0.02611284212389445
4,0,4,NaN
4,0,4,0.8286953672056603
4,0,4,0.4869472780660612
4,0,4,NaN
4,0,4,0.8791469822960243
3,1,4,NaN
3,1,4,NaN
1,3,4,NaN
1,3,4,NaN
2,2,4,0.8617097556108892
4,0,4,NaN
3,1,4,0.10644627622097674
4,0,4,NaN
4,0,4,NaN
4,0,4,NaN
4,0,4,NaN
1,3,4,NaN
3,1,4,NaN
2,2,4,NaN
4,0,4,NaN
4,0,4,0.534054961478336
4,0,4,NaN
4,0,4,NaN
2,2,4,NaN
4,0,4,NaN
2,2,4,NaN
3,1,4,0.00013615424609687707
3,1,4,NaN
4,0,4,NaN
1,3,4,NaN
4,0,4,NaN
4,0,4,0.020498691603195906
3,1,4,0.962032138983051
3,1,4,0.4869472780660612
4,0,4,0.03973270879120916
3,1,4,0.7008553584305408
3,1,4,NaN
3,1,4,NaN
3,1,4,0.6629394266610144
4,0,4,NaN
2,2,4,0.5846310885929272
2,2,4,0.4389759442456205
3,1,4,0.08115644780417555
4,0,4,NaN
3,1,4,0.20343077860800823
4,0,4,NaN
4,0,4,NaN
4,0,4,NaN
4,0,4,NaN
4,0,4,NaN
4,0,4,NaN
1,3,4,0.24299412154726827
1,3,4,NaN
4,0,4,0.4869472780660612
2,2,4,NaN
1,3,4,NaN
3,1,4,0.7659187175498298
4,0,4,NaN
3,1,4,0.9097889372969507
3,1,4,NaN
4,0,4,NaN
4,0,4,0.5773495910338519
3,1,4,0.7659187175498298
4,0,4,NaN
1,3,4,NaN
2,2,4,0.5242731013189563
4,0,4,0.005038566103179246
1,3,4,NaN
4,0,4,NaN
3,1,4,NaN
4,0,4,0.8418168267177661
3,1,4,NaN
4,0,4,NaN
3,1,4,0.12196444410581492
3,1,4,NaN
4,0,4,NaN
4,0,4,0.6690755659360029
2,2,4,NaN
2,2,4,NaN
4,0,4,0.6680736625599046
4,0,4,NaN
4,0,4,0.14080710657571024
2,2,4,NaN
4,0,4,0.8791469822960243
4,0,4,0.8617097556108892
4,0,4,NaN
3,1,4,NaN
2,2,4,0.4389759442456205
4,0,4,NaN
4,0,4,NaN
3,1,4,0.9749834651108517
2,2,4,NaN
2,2,4,NaN
3,1,4,NaN
4,0,4,NaN
4,0,4,0.8204795116931126
2,2,4,NaN
2,2,4,NaN
4,0,4,NaN
3,1,4,NaN
3,1,4,NaN
4,0,4,NaN
4,0,4,NaN
3,1,4,NaN
2,2,4,NaN
2,2,4,0.9808529835000244
4,0,4,NaN
2,2,4,NaN
4,0,4,0.940432185446791
3,1,4,NaN
4,0,4,0.6211047067208528
4,0,4,NaN
2,2,4,0.006569283799210503
4,0,4,NaN
3,1,4,0.39365820288251563
4,0,4,NaN
2,2,4,0.8956171557459451
4,0,4,NaN
4,0,4,NaN
4,0,4,0.24299412154726827
4,0,4,0.10644627622097674
3,1,4,NaN
4,0,4,NaN
4,0,4,NaN
2,2,4,NaN
2,2,4,NaN
4,0,4,0.8691418313653664
2,2,4,NaN
4,0,4,NaN
4,0,4,NaN
2,2,4,0.05295374443847441
4,0,4,NaN
2,2,4,0.7659187175498298
4,0,4,NaN
3,1,4,0.3103570680766021
4,0,4,NaN
4,0,4,0.6629394266610144
3,1,4,NaN
4,0,4,0.4389759442456205
3,1,4,0.8949950374154003
4,0,4,NaN
3,1,4,NaN
4,0,4,NaN
2,2,4,0.00023146144524756454
3,1,4,0.10644627622097674
3,1,4,NaN
4,0,4,0.7943141978951035
2,2,4,0.10025831448108039
4,0,4,NaN
4,0,4,NaN
4,0,4,0.18561760226461765
4,0,4,0.8418168267177661
1,3,4,NaN
2,2,4,0.962032138983051
3,1,4,NaN
4,0,4,0.8418168267177661
4,0,4,0.2770589453938832
4,0,4,0.9886670302743008
4,0,4,0.062282276466880906
3,1,4,0.39365820288251563
2,2,4,0.534054961478336
2,2,4,NaN
3,1,4,NaN
4,0,4,NaN
3,1,4,NaN
4,0,4,NaN
3,1,4,NaN
3,1,4,NaN
4,0,4,0.7351022872357142
2,2,4,NaN
4,0,4,NaN
3,1,4,0.534054961478336
3,1,4,0.4389759442456205
4,0,4,0.35163936320323114
4,0,4,0.9845924478014567
3,1,4,NaN
2,2,4,0.8791469822960243
4,0,4,0.7351022872357142
4,0,4,NaN
4,0,4,NaN
4,0,4,0.7351022872357142
2,2,4,0.6211047067208528
4,0,4,NaN
4,0,4,0.4389759442456205
3,1,4,NaN
2,2,4,0.03468779084967369
3,1,4,0.8204795116931126
4,0,4,NaN
3,1,4,NaN
3,1,4,NaN
2,2,4,NaN
4,0,4,NaN
4,0,4,NaN
3,1,4,NaN
4,0,4,0.161264881038212
3,1,4,NaN
4,0,4,NaN
3,1,4,NaN
3,1,4,NaN
4,0,4,NaN
2,2,4,NaN
4,0,4,NaN
1,3,4,NaN
4,0,4,NaN
4,0,4,0.09289293941234132
4,0,4,0.0026517441980597922
2,2,4,0.8949950374154003
4,0,4,NaN
3,1,4,NaN
3,1,4,0.3147278493122561
2,2,4,NaN
4,0,4,NaN
4,0,4,NaN
4,0,4,NaN
4,0,4,NaN
3,1,4,NaN
4,0,4,NaN
3,1,4,NaN
3,1,4,NaN
3,1,4,NaN
4,0,4,NaN
4,0,4,NaN
3,1,4,NaN
3,1,4,0.02611284212389445
3,1,4,0.6873635192950729
4,0,4,NaN
3,1,4,NaN
2,2,4,NaN
3,1,4,0.8949950374154003
4,0,4,NaN
3,1,4,NaN
3,1,4,NaN
4,0,4,NaN
2,2,4,0.05371790118680596
3,1,4,NaN
2,2,4,NaN
3,1,4,NaN
1,3,4,NaN
4,0,4,0.7008553584305408
4,0,4,NaN
4,0,4,0.14080710657571024
2,2,4,0.7351022872357142
2,2,4,NaN
4,0,4,0.4389759442456205
2,2,4,0.39365820288251563
2,2,4,NaN
3,1,4,0.39365820288251563
4,0,4,NaN
3,1,4,NaN
4,0,4,0.10644627622097674
4,0,4,NaN
3,1,4,NaN
4,0,4,0.8215298843666329
4,0,4,NaN
2,2,4,0.21187913375295056
1,3,4,NaN
4,0,4,NaN
4,0,4,NaN
3,1,4,NaN
4,0,4,NaN
3,1,4,NaN
2,2,4,0.922483585895465
2,2,4,NaN
3,1,4,NaN
4,0,4,0.7351022872357142
4,0,4,NaN
4,0,4,0.7351022872357142
4,0,4,NaN
4,0,4,NaN
4,0,4,0.08115644780417555
3,1,4,NaN
4,0,4,NaN
3,1,4,NaN
3,1,4,0.8617097556108892
3,1,4,NaN
2,2,4,NaN
2,2,4,0.6172258058419916
2,2,4,NaN
4,0,4,NaN
4,0,4,NaN
3,1,4,0.6629394266610144
3,1,4,NaN
4,0,4,0.2770589453938832
1,3,4,NaN
4,0,4,0.35163936320323114
1,3,4,NaN
4,0,4,0.9749834651108517
4,0,4,0.09331494238381467
4,0,4,NaN
2,2,4,NaN
4,0,4,NaN
4,0,4,0.997608072328767
4,0,4,0.9097889372969507
3,1,4,NaN
4,0,4,0.39365820288251563
2,2,4,NaN
4,0,4,NaN
4,0,4,NaN
2,2,4,0.019582362947367808
2,2,4,NaN
4,0,4,NaN
2,2,4,NaN
4,0,4,NaN
2,2,4,NaN
3,1,4,NaN
3,1,4,NaN
4,0,4,0.7943141978951035
3,1,4,0.24299412154726827
3,1,4,0.2770589453938832
4,0,4,NaN
4,0,4,NaN
4,0,4,0.7943141978951035
4,0,4,NaN
3,1,4,0.06058247105517931
3,1,4,0.39365820288251563
3,1,4,0.21187913375295056
3,1,4,0.2770589453938832
4,0,4,0.8204795116931126
2,2,4,0.1979049861750773
4,0,4,NaN
3,1,4,0.2513489220337205
3,1,4,NaN
2,2,4,NaN
4,0,4,0.5415254142073298
2,2,4,0.2770589453938832
4,0,4,0.09331494238381467
1,3,4,NaN
4,0,4,NaN
3,1,4,NaN
1,3,4,0.7659187175498298
4,0,4,0.534054961478336
1,3,4,0.00413632405351317
4,0,4,3.15689227341411e-7
4,0,4,0.2513489220337205
3,1,4,NaN
2,2,4,0.4869472780660612
1,3,4,0.5773495910338519
1,3,4,0.9336743037628588
3,1,4,NaN
3,1,4,NaN
4,0,4,NaN
3,1,4,0.7008553584305408
4,0,4,NaN
2,2,4,NaN
4,0,4,NaN
2,2,4,NaN
3,1,4,NaN
4,0,4,0.9778011595050622
4,0,4,NaN
4,0,4,NaN
2,2,4,0.14080710657571024
3,1,4,NaN
3,1,4,NaN
3,1,4,0.6610800417003907
4,0,4,NaN
4,0,4,NaN
3,1,4,0.35163936320323114
3,1,4,NaN
4,0,4,0.4869472780660612
4,0,4,NaN
3,1,4,NaN
4,0,4,0.14080710657571024
2,2,4,NaN
4,0,4,NaN
4,0,4,NaN
4,0,4,NaN
3,1,4,NaN
1,3,4,0.72052375733094
3,1,4,NaN
2,2,4,0.534054961478336
4,0,4,0.5773495910338519
4,0,4,0.19572676164615846
3,1,4,NaN
3,1,4,0.09331494238381467
4,0,4,NaN
2,2,4,0.02824026240787037
4,0,4,0.9799588626550771
4,0,4,NaN
4,0,4,NaN
3,1,4,NaN
3,1,4,NaN
2,2,4,0.7943141978951035
1,3,4,0.022641636257990223
3,1,4,0.7351022872357142
4,0,4,0.08115644780417555
4,0,4,NaN
3,1,4,0.8113104065011121
4,0,4,0.18561760226461765
3,1,4,0.6629394266610144
4,0,4,0.10644627622097674
4,0,4,0.8791469822960243
4,0,4,NaN
2,2,4,0.6211047067208528
4,0,4,0.8617097556108892
2,2,4,0.24299412154726827
4,0,4,NaN
4,0,4,NaN
4,0,4,NaN
4,0,4,0.24299412154726827
3,1,4,NaN
2,2,4,NaN
1,3,4,NaN
2,2,4,NaN
3,1,4,NaN
2,2,4,NaN
3,1,4,0.7943141978951035
3,1,4,NaN
3,1,4,NaN
3,1,4,0.04716785689767463
3,1,4,NaN
3,1,4,NaN
4,0,4,NaN
4,0,4,NaN
3,1,4,NaN
2,2,4,NaN
2,2,4,NaN
4,0,4,NaN
3,1,4,0.21187913375295056
3,1,4,NaN
4,0,4,NaN
3,1,4,0.12196444410581492
4,0,4,NaN
3,1,4,NaN
4,0,4,NaN
4,0,4,0.962032138983051
1,3,4,NaN
3,1,4,NaN
3,1,4,NaN
3,1,4,0.24299412154726827
3,1,4,0.10644627622097674
3,1,4,NaN
2,2,4,0.20419713508934273
3,1,4,NaN
3,1,4,NaN
4,0,4,NaN
4,0,4,0.8418168267177661
4,0,4,0.39365820288251563
4,0,4,0.4869472780660612
4,0,4,NaN
4,0,4,NaN
4,0,4,0.4869472780660612
4,0,4,NaN
3,1,4,NaN
3,1,4,NaN
4,0,4,0.534054961478336
4,0,4,NaN
3,1,4,0.962032138983051
4,0,4,0.03468779084967369
2,2,4,0.8204795116931126
3,1,4,0.00413632405351317
4,0,4,0.8617097556108892
3,1,4,0.7351022872357142
4,0,4,NaN
4,0,4,0.6211047067208528
3,1,4,NaN
2,2,4,NaN
3,1,4,0.3147278493122561
3,1,4,NaN
2,2,4,NaN
2,2,4,0.9534911290835386
2,2,4,0.002876375286040075
3,1,4,0.6211047067208528
1,3,4,0.7351022872357142
3,1,4,NaN
3,1,4,NaN
3,1,4,0.35163936320323114
3,1,4,NaN
2,2,4,0.14080710657571024
3,1,4,NaN
4,0,4,NaN
4,0,4,NaN
3,1,4,NaN
3,1,4,NaN
3,1,4,0.5773495910338519
3,1,4,0.35163936320323114
3,1,4,0.9845924478014567
4,0,4,NaN
1,3,4,0.9097889372969507
2,2,4,0.08328514459587477
4,0,4,0.14080710657571024
2,2,4,NaN
2,2,4,0.3147278493122561
3,1,4,NaN
3,1,4,0.2770589453938832
4,0,4,NaN
4,0,4,NaN
2,2,4,NaN
4,0,4,0.10644627622097674
4,0,4,0.03468779084967369
2,2,4,0.8139967557273703
4,0,4,0.35944974396699086
4,0,4,NaN
2,2,4,0.6211047067208528
1,3,4,0.35163936320323114
2,2,4,NaN
2,2,4,NaN
3,1,4,0.7659187175498298
3,1,4,0.2770589453938832
2,2,4,0.5773495910338519
2,2,4,0.21187913375295056
3,1,4,0.5773495910338519
4,0,4,NaN
2,2,4,NaN
3,1,4,0.2770589453938832
3,1,4,0.7351022872357142
3,1,4,NaN
3,1,4,0.9097889372969507
3,1,4,0.962032138983051
3,1,4,NaN
1,3,4,NaN
2,2,4,0.534054961478336
3,1,4,NaN
4,0,4,NaN
3,1,4,NaN
3,1,4,0.9444012070806406
3,1,4,NaN
4,0,4,NaN
3,1,4,NaN
3,1,4,NaN
4,0,4,NaN
2,2,4,NaN
4,0,4,NaN
4,0,4,NaN
4,0,4,2.905228334845344e-7
2,2,4,0.9690207992381747
2,2,4,0.8204795116931126
1,3,4,NaN
4,0,4,NaN
2,2,4,0.5773495910338519
3,1,4,0.8204795116931126
4,0,4,NaN
2,2,4,0.18561760226461765
4,0,4,0.5773495910338519
2,2,4,NaN
4,0,4,NaN
3,1,4,0.4869472780660612
3,1,4,0.6629394266610144
4,0,4,NaN
3,1,4,NaN
4,0,4,NaN
3,1,4,0.5794933485641853
4,0,4,0.8949950374154003
4,0,4,0.03025847703180226
3,1,4,0.7008553584305408
3,1,4,0.7659187175498298
4,0,4,0.10644627622097674
3,1,4,NaN
2,2,4,0.4389759442456205
4,0,4,NaN
1,3,4,0.39365820288251563
3,1,4,0.14317223022090975
4,0,4,0.8139967557273703
4,0,4,NaN
3,1,4,0.5613969972398019
3,1,4,NaN
4,0,4,NaN
2,2,4,0.6716678372530487
2,2,4,NaN
4,0,4,NaN
2,2,4,0.03025847703180226
4,0,4,0.06058247105517931
4,0,4,0.4869472780660612
4,0,4,0.09331494238381467
2,2,4,NaN
4,0,4,0.534054961478336
4,0,4,0.6211047067208528
3,1,4,NaN
4,0,4,NaN
3,1,4,0.18561760226461765
4,0,4,0.7659187175498298
4,0,4,NaN
2,2,4,0.24299412154726827
3,1,4,0.18561760226461765
4,0,4,NaN
3,1,4,0.7351022872357142
2,2,4,0.8617097556108892
3,1,4,NaN
2,2,4,0.8791469822960243
2,2,4,NaN
4,0,4,0.39365820288251563
4,0,4,NaN
3,1,4,NaN
2,2,4,NaN
3,1,4,0.9336743037628588
3,1,4,NaN
4,0,4,0.24299412154726827
3,1,4,0.8418168267177661
3,1,4,NaN
4,0,4,0.35163936320323114
4,0,4,NaN
3,1,4,NaN
4,0,4,NaN
4,0,4,NaN
3,1,4,NaN
4,0,4,NaN
2,2,4,NaN
4,0,4,0.534054961478336
3,1,4,0.8204795116931126
1,3,4,NaN
4,0,4,NaN
3,1,4,0.4389759442456205
3,1,4,0.02446929244585396
2,2,4,NaN
3,1,4,NaN
1,3,4,NaN
2,2,4,0.05295374443847441
1,3,4,NaN
4,0,4,NaN
4,0,4,NaN
4,0,4,NaN
3,1,4,0.7351022872357142
3,1,4,NaN
4,0,4,NaN
1,3,4,NaN
3,1,4,NaN
4,0,4,0.3147278493122561
3,1,4,NaN
3,1,4,0.02611284212389445
2,2,4,NaN
3,1,4,0.14080710657571024
3,1,4,NaN
4,0,4,0.5773495910338519
2,2,4,NaN
4,0,4,NaN
3,1,4,NaN
4,0,4,0.39365820288251563
4,0,4,NaN
2,2,4,NaN
2,2,4,NaN
4,0,4,0.5282193882420858
2,2,4,NaN
4,0,4,NaN
1,3,4,0.30728168715621196
3,1,4,0.3147278493122561
4,0,4,0.6211047067208528
2,2,4,0.8791469822960243
4,0,4,NaN
4,0,4,NaN
3,1,4,0.6629394266610144
2,2,4,0.03025847703180226
1,3,4,NaN
2,2,4,0.6629394266610144
3,1,4,NaN
3,1,4,NaN
2,2,4,NaN
4,0,4,NaN
4,0,4,0.0014110838592599237
4,0,4,0.02611284212389445
4,0,4,NaN
4,0,4,NaN
4,0,4,NaN
4,0,4,NaN
3,1,4,NaN
4,0,4,NaN
4,0,4,NaN
3,1,4,NaN
2,2,4,NaN
4,0,4,0.06058247105517931
3,1,4,0.0005358867667097031
4,0,4,0.8949950374154003
2,2,4,NaN
3,1,4,0.9534911290835386
4,0,4,NaN
3,1,4,NaN
4,0,4,NaN
4,0,4,NaN
3,1,4,0.1556482451844874
4,0,4,NaN
4,0,4,NaN
4,0,4,0.9097889372969507
3,1,4,0.07434929296575404
3,1,4,NaN
3,1,4,0.8949950374154003
4,0,4,0.9444012070806406
2,2,4,NaN
4,0,4,0.6629394266610144
4,0,4,NaN
4,0,4,0.6629394266610144
2,2,4,NaN
4,0,4,NaN
3,1,4,NaN
2,2,4,0.24299412154726827
4,0,4,0.7943141978951035
4,0,4,0.9845924478014567
4,0,4,NaN
3,1,4,NaN
4,0,4,0.8418168267177661
4,0,4,NaN
2,2,4,0.7659187175498298
4,0,4,0.8617097556108892
3,1,4,0.161264881038212
4,0,4,0.4581991234357447
4,0,4,NaN
4,0,4,NaN
3,1,4,NaN
3,1,4,0.991808263676121
4,0,4,0.03468779084967369
4,0,4,0.03025847703180226
2,2,4,0.7943141978951035
3,1,4,NaN
4,0,4,NaN
3,1,4,NaN
3,1,4,NaN
4,0,4,NaN
4,0,4,NaN
3,1,4,NaN
3,1,4,0.4869472780660612
1,3,4,0.24299412154726827
4,0,4,NaN
3,1,4,NaN
4,0,4,NaN
4,0,4,NaN
4,0,4,NaN
4,0,4,NaN
4,0,4,NaN
4,0,4,NaN
3,1,4,NaN
3,1,4,0.8949950374154003
3,1,4,0.013595179396091573
3,1,4,NaN
4,0,4,NaN
2,2,4,0.12196444410581492
2,2,4,0.9336743037628588
3,1,4,NaN
2,2,4,NaN
3,1,4,0.7970650442331396
3,1,4,0.39365820288251563
4,0,4,0.0031680529632544473
4,0,4,NaN
4,0,4,NaN
2,2,4,NaN
4,0,4,NaN
4,0,4,0.05295374443847441
3,1,4,NaN
2,2,4,0.2770589453938832
2,2,4,0.9690207992381747
4,0,4,0.5773495910338519
3,1,4,0.3147278493122561
3,1,4,NaN
4,0,4,NaN
4,0,4,NaN
4,0,4,0.14080710657571024
4,0,4,NaN
4,0,4,0.5773495910338519
3,1,4,NaN
4,0,4,0.2770589453938832
4,0,4,NaN
3,1,4,NaN
3,1,4,NaN
4,0,4,NaN
4,0,4,0.8949950374154003
3,1,4,NaN
2,2,4,0.7351022872357142
4,0,4,0.6211047067208528
4,0,4,0.12196444410581492
2,2,4,0.8791469822960243
4,0,4,0.010080334992415979
4,0,4,NaN
4,0,4,NaN
2,2,4,NaN
2,2,4,NaN
3,1,4,NaN
4,0,4,0.534054961478336
4,0,4,NaN
4,0,4,0.8791469822960243
4,0,4,0.4389759442456205
2,2,4,NaN
3,1,4,0.6629394266610144
4,0,4,NaN
4,0,4,NaN
4,0,4,0.21187913375295056
2,2,4,0.6211047067208528
2,2,4,NaN
2,2,4,0.7008553584305408
3,1,4,NaN
4,0,4,0.18561760226461765
3,1,4,NaN
4,0,4,NaN
4,0,4,0.2484356856098264
4,0,4,0.6007604360598002
4,0,4,NaN
4,0,4,NaN
1,3,4,0.161264881038212
4,0,4,NaN
4,0,4,NaN
4,0,4,NaN
2,2,4,0.06147081611628614
3,1,4,0.7008553584305408
4,0,4,NaN
2,2,4,0.991808263676121
3,1,4,NaN
3,1,4,0.45570178425917024
1,3,4,NaN
4,0,4,NaN
4,0,4,0.12196444410581492
3,1,4,0.39365820288251563
4,0,4,0.4584957332891234
2,2,4,NaN
3,1,4,0.534054961478336
4,0,4,NaN
4,0,4,NaN
2,2,4,NaN
3,1,4,0.12196444410581492
1,3,4,NaN
4,0,4,0.12196444410581492
4,0,4,0.2770589453938832
2,2,4,0.39365820288251563
4,0,4,0.5299144792814309
4,0,4,0.8617097556108892
3,1,4,NaN
3,1,4,NaN
3,1,4,NaN
4,0,4,0.8418168267177661
3,1,4,0.02611284212389445
4,0,4,NaN
3,1,4,0.5773495910338519
4,0,4,0.6211047067208528
4,0,4,NaN
1,3,4,NaN
3,1,4,0.09331494238381467
3,1,4,NaN
3,1,4,0.7008553584305408
3,1,4,0.008801484156580237
4,0,4,0.12196444410581492
3,1,4,0.534054961478336
4,0,4,0.009655283845960178
2,2,4,0.2235176087258517
2,2,4,0.5797923664363692
3,1,4,0.7008553584305408
4,0,4,NaN
4,0,4,NaN
4,0,4,NaN
2,2,4,NaN
4,0,4,NaN
3,1,4,0.8949950374154003
4,0,4,0.6403801451596105
3,1,4,0.8418168267177661
4,0,4,NaN
4,0,4,0.35163936320323114
2,2,4,0.39365820288251563
3,1,4,0.6211047067208528
3,1,4,0.2770589453938832
3,1,4,0.6211047067208528
4,0,4,NaN
2,2,4,0.7008553584305408
3,1,4,0.24299412154726827
4,0,4,0.5773495910338519
2,2,4,NaN
4,0,4,NaN
4,0,4,NaN
4,0,4,0.39365820288251563
4,0,4,NaN
4,0,4,0.8204795116931126
2,2,4,NaN
2,2,4,0.6211047067208528
4,0,4,NaN
4,0,4,NaN
3,1,4,0.3168089409668882
3,1,4,NaN
1,3,4,NaN
4,0,4,NaN
4,0,4,NaN
2,2,4,NaN
4,0,4,NaN
1,3,4,0.7351022872357142
4,0,4,0.03025847703180226
1,3,4,NaN
4,0,4,0.4412132431247999
2,2,4,0.39365820288251563
3,1,4,NaN
4,0,4,NaN
4,0,4,NaN
4,0,4,NaN
1,3,4,0.18561760226461765
3,1,4,0.016352394412106192
1,3,4,NaN
1,3,4,0.08115644780417555
3,1,4,0.5773495910338519
4,0,4,NaN
3,1,4,0.8204795116931126
4,0,4,NaN
2,2,4,NaN
4,0,4,NaN
4,0,4,NaN
4,0,4,0.08115644780417555
4,0,4,NaN
4,0,4,NaN
4,0,4,NaN
4,0,4,NaN
3,1,4,NaN
2,2,4,0.4869472780660612
3,1,4,NaN
3,1,4,NaN
4,0,4,NaN
3,1,4,0.03973270879120916
4,0,4,NaN
4,0,4,0.8204795116931126
4,0,4,NaN
4,0,4,NaN
3,1,4,NaN
1,3,4,0.02810870039678428
4,0,4,0.3147278493122561
4,0,4,NaN
4,0,4,0.9097889372969507
4,0,4,NaN
3,1,4,0.10633907198401477
2,2,4,0.5490408605083255
3,1,4,0.7659187175498298
4,0,4,NaN
4,0,4,NaN
3,1,4,NaN
4,0,4,NaN
2,2,4,NaN
1,3,4,0.03973270879120916
3,1,4,NaN
4,0,4,0.9534911290835386
1,3,4,NaN
4,0,4,NaN
4,0,4,NaN
4,0,4,0.39395452362261624
2,2,4,NaN
4,0,4,NaN
3,1,4,0.8418168267177661
3,1,4,0.35163936320323114
4,0,4,0.8617097556108892
4,0,4,NaN
3,1,4,0.161264881038212
4,0,4,NaN
3,1,4,0.2770589453938832
4,0,4,NaN
3,1,4,NaN
2,2,4,NaN
2,2,4,0.08454050586459176
3,1,4,NaN
4,0,4,NaN
3,1,4,0.24685697913475074
2,2,4,NaN
4,0,4,NaN
3,1,4,NaN
4,0,4,0.9875157714277755
3,1,4,NaN
2,2,4,0.5773495910338519
4,0,4,NaN
3,1,4,NaN
4,0,4,0.39365820288251563
2,2,4,0.5773495910338519
3,1,4,NaN
4,0,4,NaN
2,2,4,0.12196444410581492
4,0,4,0.8617097556108892
4,0,4,0.39365820288251563
4,0,4,NaN
3,1,4,0.7351022872357142
1,3,4,NaN
3,1,4,0.8204795116931126
4,0,4,NaN
4,0,4,0.8204795116931126
4,0,4,NaN
4,0,4,NaN
3,1,4,0.3147278493122561
4,0,4,NaN
3,1,4,0.011795050728989032
2,2,4,0.08115644780417555
4,0,4,0.8617097556108892
4,0,4,0.8949950374154003
4,0,4,0.12562567154209703
4,0,4,0.5773495910338519
4,0,4,NaN
4,0,4,0.019554055825999873
3,1,4,0.8418168267177661
3,1,4,0.05295374443847441
4,0,4,NaN
2,2,4,NaN
3,1,4,NaN
4,0,4,NaN
2,2,4,NaN
4,0,4,NaN
4,0,4,NaN
3,1,4,0.7659187175498298
3,1,4,NaN
3,1,4,0.06988872661807305
4,0,4,0.7943141978951035
4,0,4,NaN
3,1,4,NaN
1,3,4,NaN
1,3,4,NaN
2,2,4,NaN
3,1,4,0.7008553584305408
4,0,4,NaN
3,1,4,NaN
4,0,4,NaN
1,3,4,NaN
4,0,4,0.6211047067208528
4,0,4,NaN
4,0,4,0.7351022872357142
2,2,4,NaN
4,0,4,NaN
2,2,4,NaN
4,0,4,NaN
4,0,4,NaN
3,1,4,0.534054961478336
2,2,4,NaN
4,0,4,NaN
1,3,4,NaN
4,0,4,0.962032138983051
3,1,4,NaN
2,2,4,NaN
4,0,4,0.6211047067208528
1,3,4,0.6629394266610144
2,2,4,0.7659187175498298
4,0,4,NaN
3,1,4,0.8418168267177661
3,1,4,0.06988872661807305
3,1,4,0.7351022872357142
3,1,4,0.2770589453938832
4,0,4,NaN
1,3,4,0.04950994793575972
2,2,4,0.06988872661807305
2,2,4,0.583929127406625
3,1,4,NaN
2,2,4,0.009708197960407164
4,0,4,NaN
3,1,4,NaN
3,1,4,NaN
4,0,4,0.9336743037628588
3,1,4,NaN
3,1,4,0.12196444410581492
4,0,4,NaN
4,0,4,0.8418168267177661
1,3,4,NaN
2,2,4,NaN
3,1,4,0.3147278493122561
4,0,4,0.7943141978951035
3,1,4,NaN
3,1,4,NaN
4,0,4,0.6211047067208528
3,1,4,NaN
3,1,4,NaN
2,2,4,0.7659187175498298
2,2,4,0.0015657867896912677
2,2,4,0.8617097556108892
1,3,4,NaN
2,2,4,NaN
4,0,4,0.4869472780660612
4,0,4,NaN
3,1,4,NaN
4,0,4,NaN
4,0,4,0.7351022872357142
3,1,4,NaN
2,2,4,NaN
2,2,4,NaN
4,0,4,0.5773495910338519
4,0,4,0.9534911290835386
3,1,4,0.7351022872357142
3,1,4,0.06058247105517931
3,1,4,NaN
4,0,4,0.4869472780660612
3,1,4,NaN
4,0,4,NaN
4,0,4,0.7008553584305408
1,3,4,NaN
3,1,4,0.6211047067208528
4,0,4,NaN
3,1,4,0.0005358867667097031
3,1,4,0.39365820288251563
4,0,4,NaN
3,1,4,0.35163936320323114
4,0,4,NaN
3,1,4,0.7008553584305408
4,0,4,NaN
3,1,4,NaN
3,1,4,0.9690207992381747
4,0,4,NaN
4,0,4,0.534054961478336
4,0,4,NaN
1,3,4,0.06275343406208313
4,0,4,NaN
2,2,4,0.14080710657571024
4,0,4,NaN
3,1,4,0.8385913046812368
4,0,4,NaN
4,0,4,0.14080710657571024
4,0,4,NaN
3,1,4,0.24299412154726827
4,0,4,NaN
4,0,4,0.3147278493122561
4,0,4,NaN
3,1,4,0.14080710657571024
3,1,4,NaN
2,2,4,NaN
3,1,4,NaN
2,2,4,0.18561760226461765
4,0,4,NaN
3,1,4,0.09331494238381467
4,0,4,NaN
4,0,4,NaN
2,2,4,0.03973270879120916
4,0,4,0.18643931631329225
4,0,4,NaN
4,0,4,NaN
4,0,4,0.24299412154726827
2,2,4,NaN
3,1,4,NaN
4,0,4,NaN
4,0,4,NaN
4,0,4,NaN
3,1,4,0.6629394266610144
3,1,4,0.4389759442456205
3,1,4,0.6629394266610144
3,1,4,NaN
2,2,4,NaN
4,0,4,NaN
3,1,4,0.21187913375295056
4,0,4,0.534054961478336
3,1,4,NaN
4,0,4,0.8418168267177661
3,1,4,0.39365820288251563
3,1,4,NaN
4,0,4,NaN
4,0,4,NaN
4,0,4,NaN
4,0,4,0.4869472780660612
3,1,4,NaN
4,0,4,NaN
2,2,4,0.18561760226461765
4,0,4,NaN
4,0,4,NaN
3,1,4,0.7659187175498298
2,2,4,NaN
3,1,4,0.6307351000753949
4,0,4,NaN
4,0,4,0.06988872661807305
3,1,4,NaN
2,2,4,NaN
4,0,4,NaN
4,0,4,0.9097889372969507
4,0,4,NaN
3,1,4,NaN
2,2,4,NaN
3,1,4,NaN
4,0,4,0.922483585895465
3,1,4,0.7659187175498298
4,0,4,NaN
2,2,4,NaN
3,1,4,NaN
4,0,4,0.9336743037628588
2,2,4,0.18561760226461765
3,1,4,NaN
3,1,4,NaN
3,1,4,0.45885943191873046
4,0,4,0.39365820288251563
4,0,4,NaN
3,1,4,NaN
1,3,4,0.6629394266610144
3,1,4,NaN
2,2,4,NaN
2,2,4,NaN
2,2,4,NaN
4,0,4,0.5773495910338519
2,2,4,0.534054961478336
2,2,4,NaN
4,0,4,NaN
4,0,4,NaN
4,0,4,NaN
4,0,4,0.4869472780660612
4,0,4,0.997608072328767
3,1,4,0.4389759442456205
3,1,4,0.4389759442456205
3,1,4,0.583929127406625
3,1,4,NaN
3,1,4,NaN
2,2,4,0.33219032755590167
4,0,4,0.12196444410581492
2,2,4,0.35163936320323114
3,1,4,0.03704832131919486
4,0,4,NaN
1,3,4,0.08115644780417555
4,0,4,0.5490408605083255
4,0,4,NaN
4,0,4,0.5773495910338519
3,1,4,NaN
4,0,4,NaN
4,0,4,0.8791469822960243
3,1,4,NaN
3,1,4,0.534054961478336
2,2,4,NaN
3,1,4,NaN
4,0,4,0.4389759442456205
4,0,4,0.14080710657571024
4,0,4,0.9097889372969507
3,1,4,NaN
3,1,4,0.4362818310637738
1,3,4,NaN
3,1,4,0.7287040245056824
4,0,4,0.18561760226461765
4,0,4,0.24299412154726827
4,0,4,NaN
4,0,4,0.9749834651108517
3,1,4,0.7659187175498298
2,2,4,0.534054961478336
4,0,4,0.18561760226461765
2,2,4,0.922483585895465
1,3,4,NaN
1,3,4,NaN
3,1,4,0.016352394412106192
3,1,4,0.6629394266610144
4,0,4,NaN
4,0,4,NaN
4,0,4,0.18561760226461765
4,0,4,NaN
4,0,4,NaN
3,1,4,0.6629394266610144
4,0,4,NaN
4,0,4,0.4389759442456205
4,0,4,0.24299412154726827
2,2,4,0.5773495910338519
4,0,4,NaN
2,2,4,0.7008553584305408
4,0,4,0.8791469822960243
4,0,4,0.24299412154726827
4,0,4,NaN
4,0,4,NaN
4,0,4,NaN
2,2,4,NaN
4,0,4,NaN
3,1,4,0.03973270879120916
3,1,4,0.8418168267177661
1,3,4,0.9444012070806406
1,3,4,NaN
2,2,4,NaN
4,0,4,0.5773495910338519
2,2,4,0.4564515860336037
3,1,4,0.39365820288251563
3,1,4,NaN
2,2,4,3.681517706451198e-10
4,0,4,NaN
4,0,4,0.8949950374154003
3,1,4,NaN
2,2,4,0.4389759442456205
4,0,4,0.14080710657571024
2,2,4,NaN
4,0,4,NaN
4,0,4,NaN
3,1,4,NaN
4,0,4,0.5120959007352743
3,1,4,0.39365820288251563
3,1,4,NaN
4,0,4,0.4389759442456205
4,0,4,NaN
4,0,4,0.7008553584305408
4,0,4,NaN
2,2,4,0.8418168267177661
4,0,4,0.8617097556108892
3,1,4,0.21187913375295056
3,1,4,0.8204795116931126
2,2,4,0.21187913375295056
4,0,4,0.14080710657571024
4,0,4,NaN
4,0,4,NaN
4,0,4,NaN
3,1,4,0.2770589453938832
4,0,4,NaN
4,0,4,0.14080710657571024
3,1,4,NaN
4,0,4,NaN
4,0,4,NaN
4,0,4,0.6629394266610144
4,0,4,0.8949950374154003
4,0,4,0.5773495910338519
4,0,4,0.21187913375295056
2,2,4,NaN
4,0,4,NaN
3,1,4,NaN
4,0,4,NaN
4,0,4,0.007827960273527267
3,1,4,NaN
4,0,4,NaN
3,1,4,0.10644627622097674
4,0,4,NaN
3,1,4,0.08115644780417555
1,3,4,NaN
4,0,4,0.7008553584305408
4,0,4,NaN
4,0,4,NaN
2,2,4,NaN
3,1,4,0.7659187175498298
4,0,4,0.7351022872357142
3,1,4,NaN
4,0,4,NaN
2,2,4,0.9444012070806406
2,2,4,NaN
2,2,4,NaN
4,0,4,0.045946027748132785
3,1,4,NaN
4,0,4,0.003526613806509083
2,2,4,NaN
4,0,4,0.8949950374154003
4,0,4,NaN
2,2,4,NaN
3,1,4,0.09331494238381467
2,2,4,NaN
4,0,4,0.35163936320323114
3,1,4,NaN
3,1,4,NaN
4,0,4,0.9749834651108517
4,0,4,0.8791469822960243
4,0,4,NaN
3,1,4,0.24299412154726827
2,2,4,NaN
4,0,4,NaN
3,1,4,NaN
2,2,4,NaN
2,2,4,0.9444012070806406
4,0,4,0.6211047067208528
4,0,4,0.7008553584305408
3,1,4,NaN
4,0,4,NaN
3,1,4,NaN
4,0,4,NaN
4,0,4,NaN
1,3,4,0.35163936320323114
4,0,4,NaN
4,0,4,NaN
1,3,4,NaN
4,0,4,0.9749834651108517
2,2,4,NaN
3,1,4,0.011625908468073121
2,2,4,NaN
4,0,4,0.4344741859498727
3,1,4,NaN
4,0,4,NaN
4,0,4,NaN
2,2,4,0.35163936320323114
4,0,4,0.4389759442456205
2,2,4,0.161264881038212
3,1,4,NaN
3,1,4,0.4869472780660612
3,1,4,0.35163936320323114
2,2,4,0.02611284212389445
2,2,4,0.9336743037628588
4,0,4,NaN
1,3,4,0.7943141978951035
2,2,4,NaN
2,2,4,NaN
4,0,4,0.019582362947367808
2,2,4,NaN
4,0,4,NaN
2,2,4,0.022641636257990223
4,0,4,0.7943141978951035
4,0,4,NaN
4,0,4,NaN
3,1,4,NaN
3,1,4,NaN
3,1,4,NaN
4,0,4,NaN
4,0,4,NaN
4,0,4,0.03468779084967369
4,0,4,NaN
3,1,4,NaN
4,0,4,NaN
4,0,4,0.2770589453938832
1,3,4,NaN
4,0,4,0.9534911290835386
3,1,4,NaN
3,1,4,0.7337082873695057
3,1,4,0.7008553584305408
2,2,4,0.7659187175498298
4,0,4,NaN
4,0,4,0.6629394266610144
4,0,4,NaN
2,2,4,0.534054961478336
4,0,4,0.9799588626550771
3,1,4,NaN
4,0,4,0.8204795116931126
3,1,4,NaN
3,1,4,NaN
4,0,4,NaN
3,1,4,NaN
4,0,4,NaN
2,2,4,0.0024772214037608645
4,0,4,0.23185095244458026
2,2,4,NaN
3,1,4,NaN
4,0,4,NaN
3,1,4,NaN
2,2,4,0.6629394266610144
3,1,4,0.39365820288251563
3,1,4,0.12196444410581492
4,0,4,0.09331494238381467
4,0,4,0.8617097556108892
3,1,4,NaN
4,0,4,NaN
4,0,4,0.6211047067208528
4,0,4,0.39365820288251563
4,0,4,NaN
2,2,4,NaN
4,0,4,NaN
3,1,4,NaN
2,2,4,0.21187913375295056
2,2,4,0.7008553584305408
4,0,4,0.9690207992381747
4,0,4,NaN
4,0,4,NaN
3,1,4,0.03468779084967369
3,1,4,NaN
4,0,4,NaN
3,1,4,0.7659187175498298
4,0,4,NaN
4,0,4,NaN
3,1,4,0.8617097556108892
4,0,4,0.8791469822960243
3,1,4,NaN
3,1,4,0.7943141978951035
4,0,4,NaN
4,0,4,NaN
4,0,4,NaN
2,2,4,NaN
4,0,4,NaN
2,2,4,NaN
3,1,4,0.7351022872357142
3,1,4,NaN
3,1,4,0.3147278493122561
4,0,4,NaN
2,2,4,NaN
4,0,4,0.7943141978951035
4,0,4,NaN
4,0,4,NaN
4,0,4,NaN
4,0,4,NaN
4,0,4,0.4389759442456205
4,0,4,0.9097889372969507
3,1,4,0.25601380387161804
3,1,4,0.08115644780417555
1,3,4,NaN
2,2,4,NaN
4,0,4,NaN
2,2,4,NaN
4,0,4,NaN
2,2,4,0.8617097556108892
4,0,4,NaN
3,1,4,NaN
3,1,4,0.5975349818182839
2,2,4,0.3147278493122561
2,2,4,NaN
3,1,4,0.18561760226461765
4,0,4,0.24299412154726827
4,0,4,NaN
2,2,4,0.6211047067208528
1,3,4,NaN
3,1,4,NaN
4,0,4,NaN
4,0,4,NaN
4,0,4,NaN
2,2,4,NaN
4,0,4,0.27642495306309905
3,1,4,NaN
2,2,4,NaN
3,1,4,NaN
4,0,4,0.9336743037628588
4,0,4,NaN
2,2,4,NaN
4,0,4,NaN
4,0,4,NaN
4,0,4,NaN
3,1,4,NaN
2,2,4,NaN
2,2,4,0.8617097556108892
4,0,4,0.14080710657571024
2,2,4,NaN
1,3,4,0.15135508618465984
4,0,4,0.022641636257990223
4,0,4,0.7659187175498298
2,2,4,0.21187913375295056
1,3,4,NaN
3,1,4,NaN
3,1,4,NaN
4,0,4,NaN
3,1,4,NaN
4,0,4,NaN
3,1,4,0.568501032796117
3,1,4,NaN
2,2,4,0.10644627622097674
4,0,4,NaN
4,0,4,NaN
2,2,4,0.7351022872357142
2,2,4,0.0019575942924920132
2,2,4,NaN
4,0,4,NaN
3,1,4,0.204756329954101
4,0,4,0.9336743037628588
4,0,4,0.35163936320323114
2,2,4,0.18561760226461765
3,1,4,0.6211047067208528
4,0,4,NaN
4,0,4,0.9444012070806406
4,0,4,0.8949950374154003
2,2,4,0.161264881038212
3,1,4,0.161264881038212
4,0,4,0.10644627622097674
3,1,4,0.8949950374154003
3,1,4,0.045946027748132785
3,1,4,NaN
2,2,4,NaN
4,0,4,0.08115644780417555
3,1,4,NaN
2,2,4,0.349428066407448
4,0,4,NaN
2,2,4,0.8418168267177661
4,0,4,NaN
1,3,4,NaN
2,2,4,NaN
4,0,4,NaN
3,1,4,NaN
3,1,4,NaN
2,2,4,NaN
4,0,4,NaN
4,0,4,0.3047841140696091
4,0,4,0.3147278493122561
2,2,4,0.05589840063741304
4,0,4,0.8949950374154003
2,2,4,NaN
4,0,4,0.6629394266610144
1,3,4,NaN
4,0,4,0.03025847703180226
4,0,4,NaN
4,0,4,0.8617097556108892
3,1,4,NaN
2,2,4,NaN
4,0,4,0.03973270879120916
3,1,4,NaN
2,2,4,NaN
2,2,4,0.8949950374154003
3,1,4,0.8617097556108892
4,0,4,0.6629394266610144
2,2,4,NaN
4,0,4,NaN
3,1,4,NaN
4,0,4,NaN
2,2,4,0.03025847703180226
2,2,4,0.8617097556108892
4,0,4,NaN
4,0,4,NaN
2,2,4,0.4869472780660612
4,0,4,NaN
3,1,4,NaN
4,0,4,NaN
4,0,4,NaN
2,2,4,0.14080710657571024
4,0,4,0.9749834651108517
4,0,4,0.22624954780965242
3,1,4,0.15804894523921204
2,2,4,NaN
4,0,4,NaN
4,0,4,0.9886670302743008
4,0,4,0.10644627622097674
3,1,4,NaN
4,0,4,NaN
1,3,4,0.12196444410581492
2,2,4,NaN
3,1,4,NaN
3,1,4,NaN
3,1,4,0.7008553584305408
4,0,4,NaN
2,2,4,0.9444012070806406
4,0,4,NaN
2,2,4,NaN
4,0,4,NaN
3,1,4,0.7351022872357142
4,0,4,NaN
3,1,4,NaN
2,2,4,NaN
3,1,4,NaN
4,0,4,0.9534911290835386
3,1,4,0.8949950374154003
3,1,4,NaN
4,0,4,NaN
3,1,4,NaN
4,0,4,0.7008553584305408
2,2,4,0.35163936320323114
4,0,4,0.4869472780660612
3,1,4,NaN
4,0,4,0.9097889372969507
4,0,4,NaN
3,1,4,NaN
4,0,4,0.21187913375295056
4,0,4,0.2770589453938832
3,1,4,0.8617097556108892
1,3,4,NaN
1,3,4,NaN
3,1,4,0.7008553584305408
4,0,4,0.05295374443847441
2,2,4,0.30728168715621196
4,0,4,NaN
4,0,4,0.017961865699895326
4,0,4,0.045946027748132785
4,0,4,0.0941844755368357
4,0,4,0.12196444410581492
3,1,4,0.25365605210876485
3,1,4,0.5773495910338519
1,3,4,NaN
3,1,4,0.5624190893075987
2,2,4,0.019582362947367808
4,0,4,0.534054961478336
4,0,4,0.12281994431848116
3,1,4,NaN
4,0,4,0.9690207992381747
2,2,4,NaN
4,0,4,NaN
4,0,4,NaN
4,0,4,NaN
3,1,4,NaN
4,0,4,0.8418168267177661
4,0,4,NaN
2,2,4,NaN
3,1,4,NaN
4,0,4,NaN
4,0,4,0.006091701711492965
2,2,4,NaN
3,1,4,0.06988872661807305
3,1,4,NaN
3,1,4,NaN
4,0,4,NaN
3,1,4,0.35163936320323114
2,2,4,NaN
4,0,4,0.35163936320323114
3,1,4,0.7008553584305408
4,0,4,NaN
3,1,4,0.7943141978951035
3,1,4,0.06988872661807305
1,3,4,0.3147278493122561
4,0,4,NaN
4,0,4,NaN
4,0,4,NaN
3,1,4,0.9690207992381747
4,0,4,0.8418168267177661
4,0,4,NaN
4,0,4,NaN
2,2,4,NaN
2,2,4,0.18561760226461765
1,3,4,0.7351022872357142
3,1,4,0.7008553584305408
4,0,4,0.8204795116931126
3,1,4,NaN
2,2,4,NaN
3,1,4,0.7351022872357142
4,0,4,NaN
2,2,4,NaN
2,2,4,NaN
3,1,4,0.6181124193728761
3,1,4,NaN
3,1,4,NaN
2,2,4,0.9749834651108517
4,0,4,NaN
2,2,4,NaN
4,0,4,NaN
3,1,4,NaN
3,1,4,NaN
4,0,4,0.35163936320323114
3,1,4,NaN
3,1,4,0.4389759442456205
4,0,4,NaN
3,1,4,NaN
3,1,4,0.8791469822960243
3,1,4,NaN
3,1,4,0.2770589453938832
4,0,4,0.21187913375295056
2,2,4,NaN
3,1,4,0.08115644780417555
3,1,4,0.9097889372969507
2,2,4,0.8204795116931126
4,0,4,NaN
4,0,4,NaN
3,1,4,NaN
4,0,4,0.7943141978951035
4,0,4,0.991808263676121
3,1,4,0.21187913375295056
2,2,4,NaN
4,0,4,0.8204795116931126
4,0,4,NaN
3,1,4,NaN
4,0,4,NaN
4,0,4,NaN
3,1,4,NaN
4,0,4,NaN
4,0,4,0.09331494238381467
4,0,4,0.8617097556108892
2,2,4,NaN
4,0,4,NaN
2,2,4,NaN
3,1,4,0.18561760226461765
3,1,4,0.8617097556108892
3,1,4,0.7008553584305408
3,1,4,0.5773495910338519
4,0,4,NaN
4,0,4,NaN
3,1,4,0.08115644780417555
2,2,4,NaN
4,0,4,0.8443555463948681
3,1,4,NaN
3,1,4,NaN
4,0,4,NaN
4,0,4,0.12196444410581492
3,1,4,0.017067814531827794
3,1,4,NaN
4,0,4,NaN
4,0,4,0.8617097556108892
1,3,4,NaN
4,0,4,0.39365820288251563
3,1,4,0.3147278493122561
2,2,4,0.534054961478336
2,2,4,0.24299412154726827
4,0,4,NaN
3,1,4,NaN
4,0,4,0.534054961478336
1,3,4,NaN
3,1,4,0.21187913375295056
3,1,4,0.3147278493122561
3,1,4,0.10644627622097674
4,0,4,NaN
4,0,4,0.39365820288251563
3,1,4,0.9690207992381747
2,2,4,NaN
4,0,4,NaN
4,0,4,NaN
2,2,4,NaN
3,1,4,0.12196444410581492
4,0,4,0.9690207992381747
4,0,4,NaN
4,0,4,NaN
3,1,4,0.7008553584305408
3,1,4,NaN
4,0,4,0.9097889372969507
3,1,4,NaN
3,1,4,0.6629394266610144
3,1,4,NaN
3,1,4,NaN
4,0,4,0.4869472780660612
2,2,4,0.161264881038212
3,1,4,0.4698483071660168
2,2,4,0.8791469822960243
2,2,4,NaN
3,1,4,0.18561760226461765
4,0,4,NaN
3,1,4,NaN
4,0,4,0.35163936320323114
3,1,4,0.045946027748132785
4,0,4,0.3147278493122561
4,0,4,0.922483585895465
3,1,4,0.9097889372969507
3,1,4,0.3147278493122561
4,0,4,NaN
4,0,4,NaN
4,0,4,NaN
3,1,4,0.39365820288251563
3,1,4,0.8617097556108892
4,0,4,NaN
4,0,4,0.9886670302743008
3,1,4,NaN
4,0,4,NaN
4,0,4,NaN
2,2,4,NaN
3,1,4,NaN
1,3,4,0.019582362947367808
3,1,4,0.24299412154726827
4,0,4,NaN
3,1,4,NaN
4,0,4,NaN
3,1,4,NaN
3,1,4,NaN
4,0,4,0.5773495910338519
4,0,4,NaN
2,2,4,0.688100758533317
3,1,4,NaN
3,1,4,NaN
3,1,4,NaN
2,2,4,NaN
2,2,4,NaN
4,0,4,NaN
3,1,4,0.05295374443847441
2,2,4,NaN
3,1,4,NaN
4,0,4,NaN
4,0,4,0.4389759442456205
4,0,4,NaN
2,2,4,NaN
2,2,4,NaN
3,1,4,0.4344741859498727
4,0,4,NaN
3,1,4,0.9444012070806406
1,3,4,0.35163936320323114
4,0,4,NaN
3,1,4,NaN
3,1,4,0.39365820288251563
1,3,4,0.8791469822960243
3,1,4,NaN
4,0,4,0.5773495910338519
4,0,4,0.6629394266610144
2,2,4,0.6211047067208528
3,1,4,NaN
3,1,4,NaN
2,2,4,0.21187913375295056
3,1,4,NaN
4,0,4,0.4869472780660612
4,0,4,0.5773495910338519
2,2,4,0.3591611343992021
1,3,4,0.14080710657571024
4,0,4,NaN
4,0,4,NaN
4,0,4,NaN
3,1,4,0.7351022872357142
4,0,4,NaN
4,0,4,NaN
4,0,4,NaN
3,1,4,NaN
2,2,4,0.18561760226461765
4,0,4,NaN
4,0,4,0.3399082013245906
3,1,4,NaN
4,0,4,NaN
4,0,4,NaN
4,0,4,0.7351022872357142
4,0,4,NaN
3,1,4,NaN
4,0,4,NaN
3,1,4,0.18561760226461765
1,3,4,NaN
3,1,4,0.4389759442456205
3,1,4,0.8053310532878865
4,0,4,NaN
4,0,4,0.8949950374154003
4,0,4,0.3147278493122561
3,1,4,0.14080710657571024
4,0,4,0.7659187175498298
4,0,4,0.07174535314354617
4,0,4,0.06988872661807305
2,2,4,NaN
4,0,4,NaN
3,1,4,NaN
3,1,4,NaN
4,0,4,0.534054961478336
2,2,4,0.5773495910338519
1,3,4,NaN
3,1,4,NaN
1,3,4,0.39365820288251563
2,2,4,0.8617097556108892
2,2,4,0.10644627622097674
2,2,4,0.3817204096208113
2,2,4,NaN
4,0,4,0.10427321150824485
4,0,4,0.5349934737290842
4,0,4,NaN
3,1,4,NaN
4,0,4,NaN
4,0,4,NaN
4,0,4,0.7943141978951035
3,1,4,0.39365820288251563
4,0,4,0.24031437482057857
4,0,4,NaN
4,0,4,0.18561760226461765
4,0,4,NaN
3,1,4,NaN
4,0,4,0.14080710657571024
4,0,4,NaN
2,2,4,NaN
3,1,4,0.18561760226461765
4,0,4,NaN
3,1,4,NaN
3,1,4,NaN
4,0,4,NaN
4,0,4,NaN
3,1,4,NaN
2,2,4,NaN
4,0,4,0.39365820288251563
3,1,4,0.03025847703180226
4,0,4,NaN
4,0,4,NaN
3,1,4,0.045946027748132785
2,2,4,NaN
3,1,4,0.2770589453938832
2,2,4,NaN
4,0,4,0.2770589453938832
3,1,4,NaN
3,1,4,NaN
2,2,4,0.8791469822960243
4,0,4,0.161264881038212
2,2,4,NaN
4,0,4,NaN
2,2,4,NaN
4,0,4,NaN
3,1,4,NaN
3,1,4,0.9799588626550771
3,1,4,0.4389759442456205
4,0,4,NaN
4,0,4,NaN
3,1,4,NaN
3,1,4,NaN
3,1,4,NaN
4,0,4,NaN
3,1,4,NaN
1,3,4,0.024842749351674274
3,1,4,NaN
2,2,4,NaN
4,0,4,NaN
2,2,4,NaN
4,0,4,NaN
4,0,4,NaN
2,2,4,0.9941692455764074
3,1,4,0.534054961478336
2,2,4,0.8617097556108892
3,1,4,NaN
2,2,4,0.7659187175498298
2,2,4,NaN
2,2,4,NaN
4,0,4,NaN
3,1,4,0.7659187175498298
1,3,4,0.045946027748132785
4,0,4,0.161264881038212
4,0,4,NaN
3,1,4,NaN
3,1,4,NaN
2,2,4,0.10351796697424816
3,1,4,0.922483585895465
4,0,4,NaN
3,1,4,0.005100602238806189
1,3,4,NaN
1,3,4,NaN
4,0,4,NaN
4,0,4,NaN
2,2,4,0.6644146315971413
3,1,4,0.4389759442456205
4,0,4,0.9336743037628588
2,2,4,0.20852083515948724
4,0,4,NaN
1,3,4,0.35163936320323114
4,0,4,NaN
1,3,4,NaN
2,2,4,NaN
4,0,4,NaN
4,0,4,0.7351022872357142
2,2,4,NaN
3,1,4,0.3147278493122561
3,1,4,NaN
3,1,4,NaN
1,3,4,NaN
4,0,4,0.24299412154726827
2,2,4,NaN
4,0,4,NaN
2,2,4,0.1450477724603556
3,1,4,NaN
2,2,4,0.18561760226461765
4,0,4,0.534054961478336
2,2,4,NaN
2,2,4,0.7008553584305408
3,1,4,NaN
4,0,4,0.9336743037628588
3,1,4,NaN
4,0,4,NaN
3,1,4,0.4869472780660612
4,0,4,NaN
4,0,4,NaN
4,0,4,NaN
4,0,4,NaN
3,1,4,0.005100602238806189
3,1,4,0.5208172689929056
3,1,4,NaN
4,0,4,NaN
3,1,4,NaN
3,1,4,NaN
2,2,4,0.9336743037628588
3,1,4,NaN
3,1,4,0.7351022872357142
4,0,4,0.8949950374154003
4,0,4,NaN
4,0,4,0.39365820288251563
3,1,4,NaN
2,2,4,0.534054961478336
4,0,4,0.21187913375295056
4,0,4,NaN
3,1,4,NaN
2,2,4,NaN
3,1,4,0.4869472780660612
3,1,4,0.08115644780417555
4,0,4,NaN
4,0,4,NaN
1,3,4,NaN
2,2,4,0.7602026940028741
2,2,4,2.0892408875618e-6
4,0,4,0.03468779084967369
4,0,4,0.8418168267177661
3,1,4,0.39365820288251563
4,0,4,0.7008553584305408
2,2,4,0.39365820288251563
3,1,4,0.534054961478336
4,0,4,0.3147278493122561
3,1,4,0.4869472780660612
4,0,4,NaN
4,0,4,0.534054961478336
4,0,4,NaN
3,1,4,NaN
3,1,4,0.6211047067208528
3,1,4,NaN
2,2,4,0.4021833628240249
2,2,4,NaN
2,2,4,NaN
3,1,4,NaN
4,0,4,NaN
4,0,4,NaN
3,1,4,NaN
4,0,4,NaN
2,2,4,NaN
4,0,4,NaN
2,2,4,NaN
4,0,4,NaN
3,1,4,NaN
3,1,4,NaN
2,2,4,0.8617097556108892
3,1,4,0.7008553584305408
3,1,4,NaN
3,1,4,0.3147278493122561
3,1,4,NaN
3,1,4,0.7008553584305408
2,2,4,0.17947309547001247
4,0,4,NaN
3,1,4,NaN
3,1,4,NaN
4,0,4,NaN
2,2,4,NaN
2,2,4,0.8418168267177661
3,1,4,NaN
4,0,4,NaN
4,0,4,0.03468779084967369
4,0,4,0.39365820288251563
3,1,4,0.7351022872357142
4,0,4,0.8791469822960243
3,1,4,0.4325411798364789
2,2,4,0.3103570680766021
4,0,4,NaN
4,0,4,NaN
3,1,4,0.6211047067208528
4,0,4,NaN
3,1,4,NaN
4,0,4,0.6629394266610144
3,1,4,NaN
4,0,4,0.7351022872357142
4,0,4,NaN
4,0,4,NaN
2,2,4,0.3147278493122561
3,1,4,NaN
3,1,4,NaN
1,3,4,NaN
4,0,4,0.39365820288251563
4,0,4,NaN
3,1,4,NaN
4,0,4,NaN
4,0,4,NaN
2,2,4,NaN
3,1,4,NaN
4,0,4,0.0109200606942206
2,2,4,0.013584695640948361
2,2,4,NaN
3,1,4,NaN
3,1,4,0.534054961478336
4,0,4,NaN
3,1,4,0.7351022872357142
3,1,4,NaN
3,1,4,0.7659187175498298
3,1,4,0.6459136858084055
2,2,4,NaN
4,0,4,NaN
2,2,4,0.08115644780417555
4,0,4,NaN
4,0,4,0.4869472780660612
4,0,4,0.8204795116931126
4,0,4,0.31446254865538825
4,0,4,NaN
3,1,4,NaN
4,0,4,0.21187913375295056
3,1,4,0.015678018775019908
4,0,4,0.4869472780660612
4,0,4,0.9534911290835386
3,1,4,0.9845924478014567
3,1,4,0.7659187175498298
4,0,4,NaN
4,0,4,NaN
2,2,4,0.4389759442456205
2,2,4,0.7351022872357142
4,0,4,0.18561760226461765
3,1,4,NaN
4,0,4,0.5826292651157386
2,2,4,NaN
1,3,4,0.9444012070806406
1,3,4,NaN
2,2,4,0.24299412154726827
4,0,4,NaN
4,0,4,NaN
3,1,4,0.4389759442456205
3,1,4,NaN
2,2,4,0.5773495910338519
3,1,4,0.01805880486082697
4,0,4,0.02046990527508719
4,0,4,0.5773495910338519
4,0,4,NaN
3,1,4,0.2770589453938832
1,3,4,0.5164194987623703
2,2,4,0.534054961478336
3,1,4,0.8949950374154003
4,0,4,NaN
2,2,4,NaN
3,1,4,0.5773495910338519
4,0,4,0.24299412154726827
2,2,4,0.5243615668105663
2,2,4,0.3591611343992021
4,0,4,0.6629394266610144
3,1,4,NaN
4,0,4,NaN
3,1,4,0.3147278493122561
2,2,4,0.10644627622097674
3,1,4,0.8617097556108892
2,2,4,NaN
4,0,4,NaN
3,1,4,0.25990850867455345
4,0,4,NaN
2,2,4,NaN
4,0,4,0.7351022872357142
4,0,4,0.5299817961731534
2,2,4,NaN
4,0,4,NaN
3,1,4,NaN
4,0,4,0.7943141978951035
2,2,4,0.03973270879120916
3,1,4,0.35163936320323114
3,1,4,0.7943141978951035
2,2,4,NaN
3,1,4,0.7943141978951035
4,0,4,NaN
4,0,4,NaN
4,0,4,NaN
2,2,4,NaN
4,0,4,NaN
3,1,4,NaN
3,1,4,NaN
3,1,4,0.7008553584305408
1,3,4,NaN
2,2,4,NaN
3,1,4,NaN
3,1,4,NaN
4,0,4,0.5773495910338519
4,0,4,NaN
3,1,4,NaN
3,1,4,0.7351022872357142
3,1,4,NaN
4,0,4,NaN
4,0,4,0.8692421113644985
4,0,4,0.08115644780417555
4,0,4,NaN
3,1,4,0.7008553584305408
3,1,4,0.02611284212389445
3,1,4,0.9097889372969507
3,1,4,NaN
4,0,4,NaN
1,3,4,NaN
4,0,4,NaN
4,0,4,NaN
3,1,4,NaN
4,0,4,0.9799588626550771
4,0,4,NaN
4,0,4,0.03025847703180226
2,2,4,0.922483585895465
4,0,4,NaN
3,1,4,NaN
4,0,4,NaN
2,2,4,NaN
3,1,4,NaN
4,0,4,NaN
2,2,4,NaN
4,0,4,0.9097889372969507
4,0,4,NaN
2,2,4,0.06058247105517931
4,0,4,0.3274735024882267
3,1,4,NaN
1,3,4,NaN
4,0,4,NaN
3,1,4,NaN
3,1,4,NaN
4,0,4,0.8617097556108892
4,0,4,NaN
3,1,4,0.3147278493122561
4,0,4,0.35163936320323114
3,1,4,NaN
2,2,4,NaN
3,1,4,0.8791469822960243
2,2,4,0.7711154964759444
4,0,4,NaN
4,0,4,NaN
3,1,4,0.7943141978951035
1,3,4,NaN
3,1,4,0.7659187175498298
2,2,4,0.39365820288251563
3,1,4,0.8949950374154003
4,0,4,0.9886670302743008
2,2,4,NaN
2,2,4,NaN
3,1,4,NaN
3,1,4,0.006004769472903173
4,0,4,0.4389759442456205
4,0,4,0.09331494238381467
3,1,4,0.4869472780660612
4,0,4,NaN
3,1,4,NaN
2,2,4,NaN
4,0,4,0.1086180659431981
2,2,4,NaN
4,0,4,NaN
3,1,4,NaN
4,0,4,NaN
3,1,4,NaN
3,1,4,0.161264881038212
4,0,4,NaN
3,1,4,NaN
2,2,4,0.37627523689796283
2,2,4,0.7659187175498298
3,1,4,0.6629394266610144
4,0,4,NaN
4,0,4,NaN
3,1,4,NaN
3,1,4,NaN
4,0,4,NaN
2,2,4,NaN
2,2,4,0.9336743037628588
3,1,4,NaN
4,0,4,0.8791469822960243
2,2,4,NaN
2,2,4,0.39365820288251563
3,1,4,NaN
2,2,4,NaN
2,2,4,0.9097889372969507
3,1,4,NaN
3,1,4,0.8286953672056603
3,1,4,0.12941798093153112
1,3,4,0.24299412154726827
3,1,4,0.35163936320323114
4,0,4,NaN
3,1,4,NaN
3,1,4,NaN
3,1,4,0.09349257514103666
3,1,4,0.06988872661807305
4,0,4,NaN
3,1,4,0.1403175327529739
4,0,4,NaN
2,2,4,NaN
4,0,4,NaN
4,0,4,NaN
3,1,4,NaN
4,0,4,NaN
4,0,4,0.534054961478336
3,1,4,0.2010153073308743
2,2,4,0.8418168267177661
4,0,4,NaN
2,2,4,NaN
3,1,4,0.8617097556108892
4,0,4,0.019582362947367808
3,1,4,NaN
2,2,4,0.534054961478336
2,2,4,0.31603071707292774
4,0,4,0.9534911290835386
3,1,4,NaN
4,0,4,NaN
4,0,4,NaN
3,1,4,NaN
4,0,4,NaN
4,0,4,NaN
4,0,4,0.8949950374154003
3,1,4,0.3147278493122561
1,3,4,NaN
4,0,4,0.8204795116931126
2,2,4,0.14080710657571024
4,0,4,0.0007685587887126191
3,1,4,0.39365820288251563
3,1,4,0.8204795116931126
3,1,4,NaN
3,1,4,0.36580721280013206
4,0,4,NaN
2,2,4,NaN
2,2,4,NaN
3,1,4,0.14080710657571024
4,0,4,NaN
2,2,4,0.534054961478336
2,2,4,0.3147278493122561
3,1,4,NaN
4,0,4,0.8791469822960243
4,0,4,NaN
3,1,4,0.7008553584305408
1,3,4,NaN
4,0,4,NaN
4,0,4,0.08115644780417555
3,1,4,NaN
2,2,4,NaN
4,0,4,NaN
3,1,4,0.09209799421430827
2,2,4,NaN
2,2,4,NaN
2,2,4,0.5773495910338519
4,0,4,0.39365820288251563
3,1,4,NaN
3,1,4,0.7008553584305408
1,3,4,0.3147278493122561
4,0,4,0.4389759442456205
4,0,4,0.03468779084967369
4,0,4,0.9690207992381747
3,1,4,NaN
4,0,4,NaN
3,1,4,0.2770589453938832
3,1,4,NaN
3,1,4,NaN
1,3,4,0.9097889372969507
4,0,4,0.161264881038212
4,0,4,NaN
2,2,4,0.10504168716138743
2,2,4,NaN
3,1,4,NaN
4,0,4,NaN
3,1,4,0.6629394266610144
3,1,4,0.6071735884202042
4,0,4,0.39365820288251563
3,1,4,NaN
4,0,4,NaN
2,2,4,0.13297945363725258
4,0,4,NaN
4,0,4,NaN
1,3,4,0.07705507702311457
3,1,4,0.9097889372969507
3,1,4,NaN
2,2,4,0.18199387714094603
3,1,4,0.39365820288251563
2,2,4,0.3147278493122561
3,1,4,0.8949950374154003
3,1,4,0.21187913375295056
3,1,4,0.7943141978951035
2,2,4,NaN
2,2,4,NaN
2,2,4,NaN
4,0,4,NaN
4,0,4,0.6211047067208528
4,0,4,NaN
3,1,4,NaN
3,1,4,0.7351022872357142
3,1,4,NaN
4,0,4,0.6211047067208528
4,0,4,0.35163936320323114
4,0,4,NaN
2,2,4,NaN
4,0,4,0.7659187175498298
4,0,4,NaN
3,1,4,NaN
4,0,4,NaN
4,0,4,NaN
4,0,4,NaN
4,0,4,NaN
2,2,4,0.781942763009312
3,1,4,NaN
4,0,4,0.6629394266610144
2,2,4,NaN
3,1,4,NaN
4,0,4,NaN
4,0,4,NaN
3,1,4,NaN
3,1,4,NaN
3,1,4,NaN
3,1,4,NaN
3,1,4,NaN
2,2,4,NaN
3,1,4,0.06988872661807305
2,2,4,0.24299412154726827
3,1,4,0.5773495910338519
3,1,4,NaN
3,1,4,0.14080710657571024
3,1,4,NaN
2,2,4,0.9964515290261217
4,0,4,0.7008553584305408
4,0,4,0.14080710657571024
3,1,4,0.6211047067208528
3,1,4,NaN
4,0,4,0.6211047067208528
1,3,4,0.8617097556108892
3,1,4,NaN
3,1,4,NaN
4,0,4,0.6211047067208528
4,0,4,NaN
3,1,4,NaN
2,2,4,0.534054961478336
4,0,4,0.9690207992381747
4,0,4,0.8204795116931126
4,0,4,NaN
3,1,4,NaN
4,0,4,NaN
3,1,4,NaN
4,0,4,0.6211047067208528
4,0,4,0.8617097556108892
4,0,4,NaN
4,0,4,NaN
2,2,4,0.4389759442456205
3,1,4,NaN
4,0,4,NaN
4,0,4,NaN
4,0,4,0.7659187175498298
2,2,4,NaN
4,0,4,NaN
1,3,4,0.4389759442456205
2,2,4,NaN
2,2,4,0.5773495910338519
3,1,4,0.922483585895465
1,3,4,0.4389759442456205
3,1,4,0.8617097556108892
4,0,4,0.7008553584305408
4,0,4,0.3444737977558963
3,1,4,NaN
2,2,4,0.7534962314692407
3,1,4,NaN
4,0,4,0.045946027748132785
4,0,4,0.5773495910338519
4,0,4,NaN
4,0,4,0.3147278493122561
4,0,4,0.6563875518623467
4,0,4,NaN
3,1,4,NaN
4,0,4,NaN
3,1,4,0.7008553584305408
3,1,4,NaN
1,3,4,0.08115644780417555
3,1,4,NaN
4,0,4,NaN
3,1,4,0.04923596612440136
4,0,4,NaN
3,1,4,0.06058247105517931
2,2,4,0.7351022872357142
3,1,4,0.045946027748132785
4,0,4,0.5773495910338519
3,1,4,NaN
3,1,4,NaN
3,1,4,NaN
3,1,4,0.8791469822960243
2,2,4,NaN
3,1,4,NaN
2,2,4,NaN
4,0,4,0.3591611343992021
4,0,4,NaN
4,0,4,NaN
4,0,4,0.8204795116931126
2,2,4,0.5306564704034025
4,0,4,NaN
4,0,4,NaN
2,2,4,0.7008553584305408
3,1,4,0.7008553584305408
3,1,4,NaN
4,0,4,NaN
3,1,4,0.9721415167166778
3,1,4,0.7351022872357142
3,1,4,0.922483585895465
3,1,4,NaN
4,0,4,0.05295374443847441
3,1,4,0.8204795116931126
1,3,4,0.7659187175498298
3,1,4,0.24299412154726827
1,3,4,NaN
3,1,4,NaN
1,3,4,0.24685697913475074
1,3,4,0.3420017061406469
3,1,4,NaN
4,0,4,NaN
2,2,4,0.5773495910338519
3,1,4,NaN
2,2,4,0.7943141978951035
4,0,4,NaN
4,0,4,0.161264881038212
4,0,4,NaN
4,0,4,NaN
4,0,4,0.045946027748132785
3,1,4,NaN
4,0,4,NaN
3,1,4,NaN
3,1,4,0.161264881038212
2,2,4,NaN
3,1,4,0.24299412154726827
4,0,4,0.7008553584305408
3,1,4,NaN
4,0,4,0.534054961478336
3,1,4,NaN
2,2,4,0.4389759442456205
3,1,4,NaN
4,0,4,NaN
4,0,4,NaN
3,1,4,NaN
3,1,4,0.4869472780660612
3,1,4,NaN
2,2,4,0.5773495910338519
2,2,4,NaN
3,1,4,0.161264881038212
2,2,4,0.24085761632649752
4,0,4,0.9690207992381747
4,0,4,0.08256782987037131
4,0,4,0.24299412154726827
1,3,4,0.2770589453938832
4,0,4,NaN
4,0,4,0.09331494238381467
3,1,4,0.9444012070806406
3,1,4,NaN
1,3,4,NaN
4,0,4,0.7943141978951035
2,2,4,NaN
4,0,4,0.09331494238381467
3,1,4,0.9941692455764074
3,1,4,NaN
2,2,4,NaN
2,2,4,NaN
4,0,4,NaN
4,0,4,NaN
1,3,4,0.045946027748132785
4,0,4,0.20343077860800823
3,1,4,NaN
4,0,4,NaN
4,0,4,NaN
2,2,4,0.7008553584305408
4,0,4,0.5773495910338519
2,2,4,0.39365820288251563
4,0,4,0.18561760226461765
4,0,4,NaN
2,2,4,NaN
4,0,4,NaN
3,1,4,NaN
3,1,4,0.6629394266610144
2,2,4,0.24031437482057857
3,1,4,NaN
4,0,4,NaN
3,1,4,NaN
4,0,4,0.9886670302743008
4,0,4,NaN
2,2,4,NaN
4,0,4,0.5906262535677771
2,2,4,0.9534911290835386
2,2,4,NaN
2,2,4,NaN
3,1,4,NaN
2,2,4,0.008112294723981719
3,1,4,NaN
3,1,4,NaN
4,0,4,0.8949950374154003
4,0,4,0.922483585895465
3,1,4,0.7008553584305408
4,0,4,0.008801484156580237
2,2,4,0.016352394412106192
3,1,4,0.2770589453938832
2,2,4,0.8949950374154003
4,0,4,NaN
4,0,4,0.7008553584305408
3,1,4,NaN
2,2,4,NaN
2,2,4,0.14184628934188917
4,0,4,0.6629394266610144
3,1,4,NaN
4,0,4,NaN
2,2,4,NaN
4,0,4,0.14080710657571024
4,0,4,0.5773495910338519
3,1,4,0.4869472780660612
4,0,4,NaN
3,1,4,NaN
4,0,4,NaN
4,0,4,NaN
4,0,4,0.8418168267177661
3,1,4,0.8602575698845937
4,0,4,0.10644627622097674
4,0,4,NaN
3,1,4,0.3147278493122561
4,0,4,NaN
2,2,4,0.18561760226461765
2,2,4,NaN
1,3,4,0.17361926262506358
2,2,4,NaN
4,0,4,NaN
2,2,4,0.7569530940454013
3,1,4,0.4869472780660612
4,0,4,NaN
2,2,4,NaN
1,3,4,NaN
1,3,4,NaN
3,1,4,NaN
4,0,4,NaN
4,0,4,NaN
4,0,4,NaN
2,2,4,NaN
3,1,4,NaN
3,1,4,NaN
3,1,4,0.9336743037628588
3,1,4,NaN
3,1,4,NaN
3,1,4,0.583929127406625
2,2,4,NaN
2,2,4,0.03973270879120916
4,0,4,NaN
4,0,4,NaN
4,0,4,NaN
3,1,4,0.962032138983051
4,0,4,NaN
3,1,4,0.03468779084967369
4,0,4,NaN
4,0,4,0.08115644780417555
4,0,4,NaN
3,1,4,NaN
4,0,4,NaN
4,0,4,0.35163936320323114
4,0,4,NaN
3,1,4,0.8949950374154003
2,2,4,NaN
2,2,4,0.8949950374154003
4,0,4,0.4869472780660612
4,0,4,0.4869472780660612
2,2,4,0.6211047067208528
2,2,4,NaN
2,2,4,NaN
3,1,4,0.39365820288251563
3,1,4,0.03973270879120916
1,3,4,NaN
3,1,4,0.534054961478336
3,1,4,NaN
4,0,4,NaN
3,1,4,NaN
4,0,4,0.14080710657571024
3,1,4,NaN
4,0,4,NaN
3,1,4,NaN
1,3,4,0.09331494238381467
3,1,4,0.016352394412106192
4,0,4,NaN
4,0,4,NaN
2,2,4,NaN
3,1,4,NaN
4,0,4,NaN
4,0,4,NaN
3,1,4,0.962032138983051
4,0,4,0.45885943191873046
4,0,4,NaN
4,0,4,NaN
3,1,4,NaN
3,1,4,0.534054961478336
2,2,4,0.7351022872357142
3,1,4,NaN
3,1,4,NaN
4,0,4,NaN
2,2,4,0.4389759442456205
4,0,4,NaN
2,2,4,NaN
4,0,4,0.7659187175498298
3,1,4,NaN
4,0,4,NaN
3,1,4,NaN
2,2,4,NaN
4,0,4,0.7351022872357142
2,2,4,NaN
3,1,4,NaN
2,2,4,0.5584295579427393
4,0,4,0.8204795116931126
1,3,4,0.12941798093153112
2,2,4,0.7943141978951035
4,0,4,0.2770589453938832
4,0,4,0.2770589453938832
4,0,4,0.1979049861750773
1,3,4,NaN
4,0,4,0.7943141978951035
4,0,4,0.8418168267177661
2,2,4,0.10644627622097674
3,1,4,NaN
3,1,4,NaN
3,1,4,NaN
2,2,4,0.21187913375295056
4,0,4,NaN
2,2,4,0.7351022872357142
4,0,4,NaN
4,0,4,0.005100602238806189
2,2,4,0.10644627622097674
2,2,4,0.46202580858669456
4,0,4,NaN
4,0,4,0.28159015813976995
4,0,4,NaN
2,2,4,NaN
1,3,4,0.015739357409861005
3,1,4,NaN
3,1,4,0.05295374443847441
4,0,4,NaN
3,1,4,0.40507507434229056
3,1,4,0.7008553584305408
3,1,4,NaN
4,0,4,NaN
2,2,4,0.4584457217856004
3,1,4,NaN
2,2,4,0.09331494238381467
4,0,4,0.39365820288251563
2,2,4,0.3012275686168217
2,2,4,0.39365820288251563
4,0,4,NaN
3,1,4,0.030211520374459132
3,1,4,NaN
2,2,4,0.05295374443847441
3,1,4,NaN
3,1,4,0.8204795116931126
4,0,4,NaN
4,0,4,NaN
4,0,4,0.9097889372969507
4,0,4,NaN
1,3,4,NaN
1,3,4,NaN
3,1,4,0.08115644780417555
4,0,4,NaN
4,0,4,0.2770589453938832
3,1,4,NaN
4,0,4,NaN
2,2,4,NaN
3,1,4,0.39365820288251563
1,3,4,NaN
3,1,4,NaN
4,0,4,NaN
4,0,4,0.7351022872357142
4,0,4,0.534054961478336
4,0,4,NaN
4,0,4,0.0717406540503554
4,0,4,NaN
1,3,4,0.21187913375295056
3,1,4,NaN
4,0,4,0.019582362947367808
4,0,4,NaN
2,2,4,0.922483585895465
3,1,4,NaN
3,1,4,NaN
4,0,4,0.9336743037628588
4,0,4,NaN
2,2,4,0.9336743037628588
3,1,4,0.03025847703180226
3,1,4,NaN
4,0,4,0.6629394266610144
3,1,4,NaN
4,0,4,0.7287040245056824
3,1,4,0.8617097556108892
4,0,4,NaN
3,1,4,0.02611284212389445
3,1,4,NaN
3,1,4,NaN
4,0,4,NaN
4,0,4,0.161264881038212
2,2,4,NaN
3,1,4,0.6211047067208528
2,2,4,NaN
4,0,4,NaN
4,0,4,NaN
4,0,4,NaN
3,1,4,0.10644627622097674
4,0,4,NaN
4,0,4,0.003442105670104662
3,1,4,NaN
3,1,4,0.27616249731516485
4,0,4,NaN
2,2,4,NaN
3,1,4,NaN
4,0,4,NaN
4,0,4,0.08115644780417555
3,1,4,NaN
3,1,4,NaN
2,2,4,NaN
4,0,4,0.8753960451255497
2,2,4,NaN
2,2,4,0.7351022872357142
3,1,4,NaN
4,0,4,0.534054961478336
2,2,4,NaN
3,1,4,NaN
3,1,4,NaN
4,0,4,0.8204795116931126
3,1,4,0.045946027748132785
2,2,4,0.00413632405351317
2,2,4,NaN
3,1,4,NaN
4,0,4,NaN
3,1,4,0.21187913375295056
4,0,4,NaN
4,0,4,NaN
3,1,4,0.9444012070806406
4,0,4,NaN
4,0,4,NaN
1,3,4,0.534054961478336
2,2,4,0.03581178023080249
4,0,4,NaN
2,2,4,0.9097889372969507
4,0,4,0.06469865292014125
3,1,4,0.534054961478336
4,0,4,NaN
4,0,4,0.03468779084967369
4,0,4,NaN
4,0,4,NaN
4,0,4,NaN
3,1,4,0.7008553584305408
4,0,4,NaN
1,3,4,0.09331494238381467
3,1,4,0.8204795116931126
4,0,4,NaN
4,0,4,0.016352394412106192
3,1,4,NaN
3,1,4,0.6629394266610144
4,0,4,NaN
1,3,4,0.004233776944145077
4,0,4,NaN
3,1,4,NaN
3,1,4,0.12196444410581492
4,0,4,0.7659187175498298
4,0,4,NaN
2,2,4,0.9749834651108517
3,1,4,0.7659187175498298
2,2,4,NaN
4,0,4,NaN
4,0,4,NaN
4,0,4,NaN
3,1,4,NaN
3,1,4,0.18561760226461765
4,0,4,NaN
4,0,4,NaN
3,1,4,NaN
4,0,4,NaN
1,3,4,NaN
4,0,4,NaN
4,0,4,NaN
3,1,4,NaN
3,1,4,NaN
3,1,4,NaN
3,1,4,NaN
3,1,4,NaN
4,0,4,NaN
4,0,4,0.6629394266610144
2,2,4,NaN
3,1,4,0.3147278493122561
3,1,4,0.534054961478336
3,1,4,NaN
1,3,4,NaN
3,1,4,NaN
2,2,4,NaN
4,0,4,NaN
2,2,4,NaN
4,0,4,NaN
4,0,4,0.18561760226461765
3,1,4,NaN
2,2,4,0.09331494238381467
4,0,4,NaN
4,0,4,NaN
4,0,4,NaN
2,2,4,0.534054961478336
4,0,4,NaN
3,1,4,0.5773495910338519
2,2,4,NaN
4,0,4,NaN
2,2,4,NaN
4,0,4,NaN
2,2,4,NaN
4,0,4,NaN
4,0,4,0.8949950374154003
4,0,4,NaN
2,2,4,0.9690207992381747
4,0,4,NaN
4,0,4,NaN
4,0,4,NaN
4,0,4,NaN
1,3,4,0.14080710657571024
4,0,4,NaN
4,0,4,0.4869472780660612
3,1,4,NaN
2,2,4,0.39365820288251563
3,1,4,NaN
2,2,4,NaN
2,2,4,0.6211047067208528
4,0,4,NaN
4,0,4,NaN
1,3,4,0.10644627622097674
3,1,4,NaN
3,1,4,NaN
3,1,4,NaN
3,1,4,NaN
4,0,4,0.9444012070806406
4,0,4,0.4389759442456205
3,1,4,0.9444012070806406
2,2,4,NaN
3,1,4,NaN
2,2,4,NaN
3,1,4,NaN
1,3,4,0.6629394266610144
3,1,4,0.03441545692141435
2,2,4,0.8791469822960243
3,1,4,0.9594745555073949
3,1,4,0.7722666674301797
1,3,4,0.015235538734421962
2,2,4,NaN
4,0,4,NaN
4,0,4,NaN
4,0,4,NaN
4,0,4,NaN
3,1,4,NaN
2,2,4,0.8949950374154003
4,0,4,NaN
2,2,4,0.05295374443847441
3,1,4,0.3147278493122561
2,2,4,NaN
2,2,4,NaN
3,1,4,0.4389759442456205
3,1,4,NaN
4,0,4,0.161264881038212
3,1,4,0.7659187175498298
4,0,4,0.4389759442456205
4,0,4,NaN
4,0,4,NaN
3,1,4,NaN
3,1,4,NaN
2,2,4,NaN
3,1,4,0.010050653313270522
2,2,4,0.06058247105517931
4,0,4,NaN
3,1,4,NaN
3,1,4,0.3274735024882267
2,2,4,NaN
2,2,4,0.10644627622097674
1,3,4,0.005067886032590186
3,1,4,0.855768079759908
2,2,4,0.7943141978951035
1,3,4,NaN
4,0,4,0.05295374443847441
3,1,4,0.9690207992381747
4,0,4,NaN
4,0,4,0.7351022872357142
3,1,4,NaN
2,2,4,NaN
3,1,4,NaN
4,0,4,0.8204795116931126
2,2,4,NaN
2,2,4,NaN
2,2,4,NaN
3,1,4,0.9749834651108517
4,0,4,0.4389759442456205
4,0,4,NaN
3,1,4,0.022641636257990223
4,0,4,0.08115644780417555
4,0,4,0.10644627622097674
4,0,4,NaN
3,1,4,0.39365820288251563
4,0,4,NaN
2,2,4,NaN
4,0,4,0.8204795116931126
3,1,4,NaN
3,1,4,0.7659187175498298
4,0,4,NaN
4,0,4,NaN
4,0,4,NaN
4,0,4,NaN
3,1,4,NaN
2,2,4,NaN
3,1,4,NaN
4,0,4,NaN
3,1,4,0.18561760226461765
4,0,4,0.4869472780660612
4,0,4,NaN
4,0,4,NaN
3,1,4,NaN
3,1,4,0.022641636257990223
3,1,4,0.7008553584305408
1,3,4,NaN
3,1,4,0.922483585895465
4,0,4,NaN
4,0,4,NaN
4,0,4,0.9444012070806406
3,1,4,0.002245706259241102
3,1,4,0.7943141978951035
2,2,4,0.7659187175498298
4,0,4,0.7008553584305408
1,3,4,0.9534911290835386
2,2,4,NaN
4,0,4,NaN
3,1,4,NaN
3,1,4,0.10644627622097674
4,0,4,NaN
4,0,4,NaN
4,0,4,NaN
4,0,4,NaN
2,2,4,0.922483585895465
3,1,4,0.7943141978951035
3,1,4,NaN
1,3,4,NaN
2,2,4,0.9646968813913402
2,2,4,0.8077002972114956
4,0,4,0.4869472780660612
4,0,4,0.4389759442456205
2,2,4,0.5773495910338519
2,2,4,0.6753958513502701
3,1,4,NaN
2,2,4,NaN
4,0,4,0.6629394266610144
2,2,4,0.534054961478336
3,1,4,NaN
2,2,4,0.03973270879120916
2,2,4,0.8791469822960243
4,0,4,NaN
4,0,4,NaN
4,0,4,NaN
2,2,4,NaN
4,0,4,0.5773495910338519
2,2,4,NaN
1,3,4,NaN
4,0,4,NaN
4,0,4,NaN
4,0,4,NaN
3,1,4,0.9097889372969507
3,1,4,NaN
4,0,4,NaN
4,0,4,NaN
3,1,4,NaN
2,2,4,0.8389696560031878
4,0,4,0.9690207992381747
3,1,4,0.962032138983051
3,1,4,NaN
4,0,4,NaN
3,1,4,0.11876336377092768
2,2,4,0.8617097556108892
2,2,4,0.7659187175498298
2,2,4,0.8204795116931126
2,2,4,NaN
4,0,4,0.7943141978951035
2,2,4,NaN
4,0,4,0.8617097556108892
2,2,4,NaN
3,1,4,NaN
4,0,4,NaN
4,0,4,NaN
4,0,4,NaN
3,1,4,NaN
3,1,4,0.9365054117487212
3,1,4,0.022642516494778057
3,1,4,0.06988872661807305
4,0,4,0.4389759442456205
4,0,4,NaN
3,1,4,0.6629394266610144
3,1,4,NaN
3,1,4,0.06988872661807305
2,2,4,NaN
2,2,4,NaN
3,1,4,NaN
2,2,4,NaN
3,1,4,0.03468779084967369
2,2,4,NaN
4,0,4,0.204756329954101
4,0,4,0.05295374443847441
4,0,4,0.016352394412106192
2,2,4,NaN
1,3,4,0.7659187175498298
4,0,4,NaN
4,0,4,0.534054961478336
4,0,4,NaN
3,1,4,0.8418168267177661
2,2,4,NaN
2,2,4,0.7659187175498298
4,0,4,NaN
4,0,4,0.9749834651108517
4,0,4,0.7659187175498298
3,1,4,NaN
2,2,4,0.8791469822960243
2,2,4,0.7943141978951035
4,0,4,NaN
3,1,4,NaN
1,3,4,0.8418168267177661
3,1,4,NaN
3,1,4,NaN
2,2,4,0.045946027748132785
2,2,4,0.8204795116931126
4,0,4,0.534054961478336
1,3,4,NaN
3,1,4,NaN
3,1,4,NaN
4,0,4,NaN
3,1,4,NaN
4,0,4,NaN
4,0,4,0.21187913375295056
4,0,4,NaN
3,1,4,0.7943141978951035
1,3,4,NaN
1,3,4,0.05295374443847441
2,2,4,0.03025847703180226
3,1,4,NaN
4,0,4,NaN
3,1,4,NaN
3,1,4,0.534054961478336
1,3,4,NaN
4,0,4,NaN
2,2,4,0.0017999753742455494
3,1,4,0.5445367296896592
4,0,4,NaN
4,0,4,NaN
4,0,4,NaN
4,0,4,NaN
4,0,4,0.4869472780660612
2,2,4,0.35163936320323114
1,3,4,0.022641636257990223
4,0,4,NaN
4,0,4,0.7008553584305408
3,1,4,NaN
1,3,4,NaN
1,3,4,NaN
1,3,4,0.9312593716464758
4,0,4,NaN
2,2,4,NaN
3,1,4,NaN
4,0,4,0.12196444410581492
2,2,4,NaN
4,0,4,NaN
2,2,4,0.06988872661807305
3,1,4,NaN
4,0,4,NaN
3,1,4,NaN
4,0,4,0.8949950374154003
2,2,4,NaN
4,0,4,NaN
2,2,4,NaN
3,1,4,0.9336743037628588
4,0,4,0.24299412154726827
4,0,4,NaN
4,0,4,0.962032138983051
3,1,4,NaN
3,1,4,NaN
3,1,4,NaN
3,1,4,0.05295374443847441
2,2,4,NaN
4,0,4,NaN
2,2,4,NaN
4,0,4,0.10644627622097674
2,2,4,NaN
3,1,4,NaN
2,2,4,NaN
4,0,4,NaN
2,2,4,NaN
2,2,4,NaN
3,1,4,NaN
2,2,4,NaN
3,1,4,NaN
1,3,4,NaN
4,0,4,0.18561760226461765
3,1,4,NaN
2,2,4,NaN
2,2,4,NaN
2,2,4,NaN
3,1,4,NaN
4,0,4,0.9097889372969507
3,1,4,NaN
2,2,4,NaN
3,1,4,0.03973270879120916
2,2,4,0.8617097556108892
4,0,4,NaN
1,3,4,0.9690207992381747
4,0,4,0.534054961478336
4,0,4,NaN
2,2,4,0.1354884320166079
2,2,4,0.9845924478014567
3,1,4,NaN
4,0,4,NaN
4,0,4,NaN
2,2,4,NaN
2,2,4,NaN
4,0,4,NaN
2,2,4,0.10644627622097674
2,2,4,NaN
2,2,4,0.7120588430681319
4,0,4,NaN
3,1,4,0.1930009496256104
3,1,4,NaN
2,2,4,0.06058247105517931
3,1,4,NaN
4,0,4,NaN
4,0,4,NaN
3,1,4,0.7943141978951035
4,0,4,0.12196444410581492
4,0,4,0.03468779084967369
4,0,4,NaN
3,1,4,0.5773495910338519
4,0,4,0.4389759442456205
4,0,4,NaN
1,3,4,NaN
3,1,4,NaN
2,2,4,NaN
4,0,4,NaN
2,2,4,NaN
3,1,4,NaN
4,0,4,NaN
3,1,4,NaN
2,2,4,0.15121474397890958
3,1,4,0.3147278493122561
4,0,4,NaN
4,0,4,0.39365820288251563
2,2,4,0.8617097556108892
3,1,4,NaN
4,0,4,NaN
4,0,4,NaN
3,1,4,0.14080710657571024
3,1,4,NaN
4,0,4,NaN
1,3,4,0.4498486337203478
3,1,4,NaN
3,1,4,NaN
4,0,4,0.21187913375295056
3,1,4,NaN
3,1,4,0.7008553584305408
4,0,4,0.18561760226461765
4,0,4,0.6629394266610144
1,3,4,0.534054961478336
1,3,4,0.39365820288251563
2,2,4,NaN
3,1,4,0.2770589453938832
4,0,4,0.9444012070806406
1,3,4,NaN
2,2,4,0.4869472780660612
2,2,4,NaN
4,0,4,NaN
4,0,4,NaN
3,1,4,NaN
3,1,4,NaN
2,2,4,NaN
3,1,4,NaN
4,0,4,NaN
4,0,4,0.39365820288251563
3,1,4,NaN
1,3,4,0.5773495910338519
4,0,4,0.9336743037628588
1,3,4,NaN
3,1,4,NaN
2,2,4,NaN
3,1,4,0.35163936320323114
4,0,4,0.3727085746465145
4,0,4,NaN
4,0,4,NaN
4,0,4,NaN
3,1,4,0.9754008279036868
2,2,4,NaN
1,3,4,0.045946027748132785
2,2,4,0.9444012070806406
4,0,4,0.7943141978951035
2,2,4,0.7943141978951035
4,0,4,NaN
4,0,4,0.3103570680766021
4,0,4,0.8204795116931126
4,0,4,NaN
4,0,4,NaN
3,1,4,NaN
4,0,4,0.8418168267177661
3,1,4,NaN
4,0,4,NaN
2,2,4,0.24299412154726827
2,2,4,NaN
4,0,4,NaN
4,0,4,NaN
3,1,4,NaN
4,0,4,0.922483585895465
3,1,4,0.7008553584305408
3,1,4,NaN
3,1,4,NaN
2,2,4,0.6211047067208528
1,3,4,NaN
3,1,4,0.6211047067208528
4,0,4,0.24299412154726827
4,0,4,0.7008553584305408
3,1,4,0.3147278493122561
4,0,4,0.2770589453938832
4,0,4,0.7008553584305408
4,0,4,0.7659187175498298
3,1,4,0.007827960273527267
2,2,4,0.24299412154726827
3,1,4,0.8617097556108892
4,0,4,NaN
4,0,4,NaN
4,0,4,0.09331494238381467
4,0,4,NaN
4,0,4,NaN
4,0,4,0.6211047067208528
3,1,4,0.09331494238381467
4,0,4,NaN
3,1,4,0.08115644780417555
2,2,4,NaN
4,0,4,0.6629394266610144
3,1,4,NaN
3,1,4,NaN
4,0,4,0.4869472780660612
3,1,4,NaN
4,0,4,NaN
4,0,4,0.7659187175498298
3,1,4,NaN
2,2,4,NaN
4,0,4,NaN
3,1,4,NaN
3,1,4,NaN
3,1,4,0.8418168267177661
2,2,4,0.4869472780660612
2,2,4,NaN
3,1,4,0.8204795116931126
4,0,4,NaN
2,2,4,NaN
3,1,4,0.6211047067208528
1,3,4,0.8418168267177661
4,0,4,0.4389759442456205
2,2,4,0.04581680352367893
3,1,4,NaN
4,0,4,0.284957002957702
4,0,4,0.8617097556108892
4,0,4,NaN
3,1,4,NaN
4,0,4,NaN
3,1,4,0.09331494238381467
3,1,4,NaN
4,0,4,0.7943141978951035
4,0,4,NaN
4,0,4,0.03468779084967369
1,3,4,0.5773495910338519
3,1,4,0.7351022872357142
3,1,4,0.4389759442456205
4,0,4,0.5624100504369717
3,1,4,0.4389759442456205
3,1,4,NaN
1,3,4,0.4869472780660612
2,2,4,NaN
3,1,4,NaN
3,1,4,NaN
2,2,4,NaN
3,1,4,0.4584457217856004
2,2,4,0.14080710657571024
2,2,4,NaN
3,1,4,NaN
4,0,4,NaN
2,2,4,NaN
2,2,4,NaN
1,3,4,0.045946027748132785
4,0,4,NaN
3,1,4,0.8791469822960243
3,1,4,NaN
1,3,4,NaN
1,3,4,NaN
4,0,4,NaN
2,2,4,0.9336743037628588
4,0,4,NaN
2,2,4,0.8617097556108892
3,1,4,NaN
4,0,4,0.9749834651108517
3,1,4,NaN
4,0,4,0.8617097556108892
4,0,4,0.7943141978951035
3,1,4,0.8492453306867164
3,1,4,0.39365820288251563
1,3,4,NaN
1,3,4,NaN
2,2,4,NaN
2,2,4,0.9534911290835386
1,3,4,NaN
3,1,4,NaN
4,0,4,NaN
3,1,4,NaN
3,1,4,NaN
1,3,4,NaN
2,2,4,0.4389759442456205
3,1,4,0.408381643098248
3,1,4,NaN
4,0,4,NaN
1,3,4,NaN
4,0,4,NaN
4,0,4,NaN
2,2,4,NaN
1,3,4,NaN
2,2,4,NaN
3,1,4,0.4869472780660612
4,0,4,NaN
1,3,4,0.03973270879120916
3,1,4,NaN
3,1,4,NaN
4,0,4,NaN
3,1,4,0.39365820288251563
4,0,4,NaN
2,2,4,NaN
4,0,4,NaN
2,2,4,NaN
4,0,4,0.34164329098780444
3,1,4,NaN
3,1,4,NaN
2,2,4,NaN
2,2,4,NaN
3,1,4,NaN
3,1,4,NaN
2,2,4,NaN
4,0,4,0.8204795116931126
2,2,4,NaN
3,1,4,NaN
4,0,4,0.8204795116931126
1,3,4,NaN
4,0,4,NaN
3,1,4,NaN
4,0,4,0.3147278493122561
4,0,4,NaN
3,1,4,NaN
2,2,4,0.7943141978951035
3,1,4,NaN
4,0,4,0.35163936320323114
3,1,4,NaN
3,1,4,0.3727089866413835
3,1,4,NaN
2,2,4,0.14080710657571024
3,1,4,NaN
3,1,4,NaN
2,2,4,NaN
4,0,4,NaN
4,0,4,0.7943141978951035
1,3,4,0.02611284212389445
3,1,4,0.16375619891597243
3,1,4,0.9444012070806406
4,0,4,NaN
3,1,4,0.03468779084967369
3,1,4,0.06988872661807305
4,0,4,0.005793935989611192
4,0,4,0.5773495910338519
2,2,4,0.5846310885929272
3,1,4,0.7351022872357142
3,1,4,0.9444012070806406
3,1,4,0.24299412154726827
4,0,4,0.7943141978951035
3,1,4,NaN
4,0,4,NaN
3,1,4,NaN
4,0,4,0.8617097556108892
1,3,4,NaN
2,2,4,NaN
4,0,4,0.9097889372969507
3,1,4,NaN
2,2,4,0.056550511450094335
3,1,4,NaN
3,1,4,NaN
3,1,4,0.35163936320323114
4,0,4,NaN
1,3,4,NaN
4,0,4,NaN
4,0,4,NaN
2,2,4,0.18561760226461765
3,1,4,0.9845924478014567
1,3,4,NaN
3,1,4,0.2770589453938832
3,1,4,0.18561760226461765
2,2,4,NaN
2,2,4,0.06058247105517931
3,1,4,NaN
4,0,4,NaN
3,1,4,NaN
1,3,4,NaN
4,0,4,0.09331494238381467
4,0,4,0.991808263676121
4,0,4,NaN
3,1,4,0.24299412154726827
4,0,4,NaN
4,0,4,NaN
4,0,4,0.161264881038212
4,0,4,0.6629394266610144
4,0,4,NaN
2,2,4,NaN
1,3,4,NaN
4,0,4,0.21187913375295056
1,3,4,0.35163936320323114
1,3,4,0.7351022872357142
3,1,4,NaN
3,1,4,0.8791469822960243
3,1,4,NaN
2,2,4,NaN
2,2,4,NaN
2,2,4,0.7659187175498298
4,0,4,0.06058247105517931
3,1,4,NaN
4,0,4,NaN
3,1,4,0.161264881038212
4,0,4,0.7008553584305408
2,2,4,NaN
3,1,4,0.12196444410581492
4,0,4,NaN
4,0,4,0.7351022872357142
2,2,4,0.8949950374154003
3,1,4,0.2770589453938832
3,1,4,NaN
3,1,4,0.5773495910338519
3,1,4,NaN
2,2,4,0.6629394266610144
3,1,4,NaN
2,2,4,NaN
3,1,4,NaN
4,0,4,0.21187913375295056
4,0,4,NaN
2,2,4,NaN
3,1,4,NaN
2,2,4,NaN
4,0,4,NaN
3,1,4,NaN
1,3,4,0.018072366357028753
4,0,4,NaN
3,1,4,NaN
3,1,4,0.5773495910338519
3,1,4,NaN
3,1,4,NaN
2,2,4,NaN
2,2,4,0.534054961478336
3,1,4,NaN
3,1,4,NaN
4,0,4,NaN
4,0,4,0.4389759442456205
4,0,4,NaN
4,0,4,NaN
1,3,4,NaN
4,0,4,0.8204795116931126
4,0,4,NaN
3,1,4,NaN
3,1,4,NaN
3,1,4,NaN
4,0,4,NaN
3,1,4,0.3103570680766021
2,2,4,0.35163936320323114
3,1,4,0.9064891401847417
2,2,4,NaN
3,1,4,0.6629394266610144
1,3,4,NaN
2,2,4,NaN
4,0,4,NaN
4,0,4,NaN
4,0,4,0.39365820288251563
2,2,4,0.8418168267177661
2,2,4,NaN
1,3,4,NaN
2,2,4,NaN
2,2,4,0.21187913375295056
2,2,4,0.8204795116931126
3,1,4,NaN
1,3,4,NaN
4,0,4,NaN
3,1,4,NaN
4,0,4,0.8204795116931126
4,0,4,NaN
1,3,4,NaN
3,1,4,NaN
2,2,4,0.6629394266610144
3,1,4,NaN
3,1,4,NaN
3,1,4,NaN
3,1,4,0.7943141978951035
3,1,4,NaN
2,2,4,NaN
3,1,4,0.7659187175498298
1,3,4,0.7351022872357142
4,0,4,NaN
3,1,4,NaN
1,3,4,NaN
4,0,4,NaN
3,1,4,NaN
2,2,4,NaN
1,3,4,NaN
4,0,4,0.06988872661807305
4,0,4,NaN
3,1,4,0.3147278493122561
3,1,4,NaN
3,1,4,0.7351022872357142
4,0,4,0.24299412154726827
4,0,4,NaN
2,2,4,NaN
2,2,4,0.161264881038212
2,2,4,0.0006837920916819407
3,1,4,0.6629394266610144
3,1,4,0.18561760226461765
2,2,4,0.534054961478336
2,2,4,NaN
4,0,4,NaN
4,0,4,NaN
4,0,4,0.3147278493122561
4,0,4,0.06988872661807305
1,3,4,NaN
4,0,4,NaN
2,2,4,0.035717832345483605
4,0,4,NaN
4,0,4,NaN
4,0,4,0.24299412154726827
3,1,4,NaN
2,2,4,0.5773495910338519
4,0,4,NaN
2,2,4,NaN
2,2,4,0.21187913375295056
4,0,4,NaN
4,0,4,NaN
1,3,4,NaN
4,0,4,NaN
3,1,4,NaN
4,0,4,NaN
2,2,4,NaN
3,1,4,NaN
4,0,4,0.6629394266610144
4,0,4,NaN
4,0,4,NaN
4,0,4,0.7943141978951035
4,0,4,NaN
4,0,4,0.991808263676121
3,1,4,0.05334368409114646
2,2,4,0.02611284212389445
2,2,4,NaN
3,1,4,NaN
2,2,4,0.9534911290835386
3,1,4,NaN
2,2,4,0.35163936320323114
2,2,4,0.9690207992381747
3,1,4,0.7008553584305408
1,3,4,0.6211047067208528
2,2,4,NaN
4,0,4,0.2770589453938832
2,2,4,NaN
4,0,4,NaN
4,0,4,NaN
4,0,4,0.05182540309173794
4,0,4,NaN
1,3,4,NaN
3,1,4,0.6211047067208528
4,0,4,NaN
4,0,4,0.06988872661807305
2,2,4,NaN
4,0,4,0.7659187175498298
2,2,4,0.4389759442456205
3,1,4,NaN
2,2,4,NaN
2,2,4,NaN
4,0,4,NaN
3,1,4,0.4389759442456205
2,2,4,0.7351022872357142
4,0,4,NaN
4,0,4,0.24299412154726827
4,0,4,0.7008553584305408
3,1,4,0.5624100504369717
2,2,4,0.4389759442456205
4,0,4,0.6629394266610144
4,0,4,NaN
3,1,4,0.4869472780660612
2,2,4,NaN
2,2,4,NaN
3,1,4,NaN
4,0,4,0.09828686656213133
3,1,4,NaN
3,1,4,0.7351022872357142
4,0,4,NaN
4,0,4,0.7008553584305408
2,2,4,0.06058247105517931
3,1,4,0.9336743037628588
4,0,4,NaN
3,1,4,0.5773495910338519
4,0,4,NaN
4,0,4,NaN
3,1,4,0.3851151610360631
2,2,4,NaN
2,2,4,0.5773495910338519
3,1,4,NaN
4,0,4,NaN
1,3,4,0.7351022872357142
3,1,4,0.5773495910338519
4,0,4,NaN
1,3,4,NaN
4,0,4,NaN
3,1,4,NaN
4,0,4,0.9690207992381747
4,0,4,0.7008553584305408
4,0,4,NaN
3,1,4,0.39365820288251563
2,2,4,NaN
2,2,4,NaN
3,1,4,0.8791469822960243
2,2,4,0.8204795116931126
4,0,4,NaN
3,1,4,NaN
3,1,4,0.06988872661807305
3,1,4,0.12196444410581492
4,0,4,NaN
4,0,4,0.161264881038212
2,2,4,NaN
2,2,4,0.4389759442456205
3,1,4,NaN
3,1,4,NaN
3,1,4,0.5624190893075987
3,1,4,NaN
3,1,4,0.21187913375295056
2,2,4,NaN
2,2,4,0.7351022872357142
1,3,4,NaN
1,3,4,NaN
2,2,4,0.4869472780660612
4,0,4,0.3147278493122561
4,0,4,0.6629394266610144
3,1,4,NaN
3,1,4,NaN
3,1,4,NaN
1,3,4,NaN
4,0,4,0.06275343406208313
2,2,4,NaN
4,0,4,0.7943141978951035
3,1,4,NaN
4,0,4,0.534054961478336
4,0,4,NaN
4,0,4,NaN
4,0,4,NaN
3,1,4,NaN
4,0,4,0.6629394266610144
4,0,4,NaN
2,2,4,0.8617097556108892
4,0,4,NaN
3,1,4,0.922483585895465
2,2,4,NaN
3,1,4,NaN
3,1,4,NaN
3,1,4,0.8418168267177661
4,0,4,NaN
3,1,4,0.5773495910338519
4,0,4,NaN
3,1,4,0.8418168267177661
4,0,4,NaN
3,1,4,0.0003053707984270688
4,0,4,NaN
2,2,4,NaN
2,2,4,0.8418168267177661
3,1,4,NaN
4,0,4,NaN
2,2,4,0.8949950374154003
3,1,4,NaN
3,1,4,0.05465683275204276
3,1,4,0.8617097556108892
2,2,4,NaN
4,0,4,0.7008553584305408
2,2,4,0.9749834651108517
4,0,4,0.7351022872357142
2,2,4,0.21187913375295056
1,3,4,NaN
3,1,4,0.08328514459587477
3,1,4,NaN
2,2,4,0.35163936320323114
4,0,4,NaN
4,0,4,0.4869472780660612
3,1,4,NaN
2,2,4,0.39365820288251563
4,0,4,NaN
2,2,4,0.03973270879120916
3,1,4,NaN
4,0,4,NaN
4,0,4,0.04344946742249774
2,2,4,NaN
4,0,4,NaN
3,1,4,0.9534911290835386
3,1,4,NaN
3,1,4,NaN
2,2,4,NaN
3,1,4,NaN
4,0,4,NaN
3,1,4,0.4869472780660612
4,0,4,NaN
3,1,4,0.08115644780417555
4,0,4,NaN
1,3,4,0.2770589453938832
2,2,4,0.4389759442456205
2,2,4,0.06058247105517931
4,0,4,NaN
3,1,4,0.9799588626550771
4,0,4,NaN
4,0,4,0.161264881038212
4,0,4,NaN
1,3,4,NaN
3,1,4,NaN
3,1,4,0.9677093210389013
1,3,4,0.6563875518623467
4,0,4,0.534054961478336
3,1,4,0.6211047067208528
3,1,4,NaN
4,0,4,0.9749834651108517
1,3,4,NaN
4,0,4,NaN
3,1,4,0.534054961478336
3,1,4,NaN
3,1,4,0.962032138983051
1,3,4,NaN
4,0,4,NaN
4,0,4,0.9799588626550771
4,0,4,0.8617097556108892
4,0,4,NaN
2,2,4,0.2770589453938832
4,0,4,NaN
2,2,4,0.6211047067208528
2,2,4,0.8791469822960243
4,0,4,0.3147278493122561
3,1,4,0.2770589453938832
3,1,4,0.8791469822960243
4,0,4,NaN
3,1,4,NaN
4,0,4,NaN
3,1,4,0.006091701711492965
4,0,4,NaN
1,3,4,NaN
4,0,4,NaN
4,0,4,NaN
3,1,4,NaN
4,0,4,NaN
3,1,4,NaN
1,3,4,0.0019575942924920132
4,0,4,NaN
2,2,4,0.3147278493122561
4,0,4,NaN
3,1,4,0.18561760226461765
3,1,4,NaN
3,1,4,NaN
4,0,4,NaN
4,0,4,0.39365820288251563
3,1,4,0.10644627622097674
3,1,4,NaN
3,1,4,NaN
3,1,4,NaN
2,2,4,NaN
3,1,4,0.09349257514103666
4,0,4,0.8949950374154003
3,1,4,NaN
4,0,4,0.24299412154726827
3,1,4,0.35163936320323114
4,0,4,NaN
2,2,4,0.08996870173914322
3,1,4,NaN
3,1,4,0.9097889372969507
2,2,4,0.33219032755590167
3,1,4,NaN
3,1,4,NaN
4,0,4,0.5773495910338519
3,1,4,0.35163936320323114
3,1,4,0.06211061314308075
2,2,4,NaN
2,2,4,NaN
4,0,4,0.8791469822960243
3,1,4,0.9097889372969507
4,0,4,NaN
4,0,4,NaN
4,0,4,NaN
3,1,4,NaN
2,2,4,NaN
2,2,4,NaN
2,2,4,0.4389759442456205
4,0,4,0.14080710657571024
4,0,4,0.6629394266610144
3,1,4,NaN
1,3,4,0.5773495910338519
1,3,4,NaN
1,3,4,NaN
3,1,4,0.8418168267177661
1,3,4,NaN
4,0,4,0.568830638405531
1,3,4,NaN
4,0,4,NaN
4,0,4,NaN
3,1,4,NaN
4,0,4,0.9336743037628588
4,0,4,NaN
2,2,4,0.6629394266610144
4,0,4,NaN
3,1,4,NaN
4,0,4,0.8204795116931126
3,1,4,0.8182710151016758
2,2,4,NaN
1,3,4,NaN
2,2,4,0.4869472780660612
3,1,4,NaN
4,0,4,0.4389759442456205
2,2,4,0.21187913375295056
4,0,4,NaN
1,3,4,NaN
4,0,4,0.4869472780660612
3,1,4,NaN
1,3,4,0.10644627622097674
3,1,4,NaN
4,0,4,0.922483585895465
1,3,4,0.17947309547001247
3,1,4,0.26785662138336597
2,2,4,0.011625908468073121
2,2,4,0.7659187175498298
4,0,4,0.023222040005292648
2,2,4,NaN
3,1,4,0.04090055542345464
2,2,4,0.7008553584305408
3,1,4,NaN
4,0,4,NaN
4,0,4,NaN
3,1,4,NaN
4,0,4,0.161264881038212
3,1,4,0.5773495910338519
3,1,4,NaN
4,0,4,NaN
4,0,4,0.02611284212389445
2,2,4,NaN
4,0,4,NaN
3,1,4,0.161264881038212
3,1,4,NaN
4,0,4,0.6211047067208528
2,2,4,0.8949950374154003
4,0,4,0.7008553584305408
1,3,4,0.39365820288251563
4,0,4,NaN
3,1,4,0.35163936320323114
2,2,4,NaN
4,0,4,0.7659187175498298
2,2,4,0.9336743037628588
4,0,4,0.5490408605083255
4,0,4,NaN
2,2,4,NaN
2,2,4,0.8701084395212196
3,1,4,NaN
4,0,4,NaN
3,1,4,NaN
1,3,4,0.12196444410581492
4,0,4,0.14080710657571024
3,1,4,NaN
1,3,4,NaN
4,0,4,0.2717389154853098
2,2,4,0.8204795116931126
4,0,4,NaN
2,2,4,NaN
4,0,4,0.7008553584305408
3,1,4,0.142200984685383
2,2,4,NaN
2,2,4,0.03025847703180226
3,1,4,NaN
2,2,4,NaN
4,0,4,NaN
4,0,4,0.09331494238381467
3,1,4,0.21187913375295056
4,0,4,NaN
2,2,4,NaN
3,1,4,0.5604352761583669
3,1,4,0.6629394266610144
4,0,4,0.922483585895465
4,0,4,NaN
4,0,4,NaN
1,3,4,NaN
4,0,4,NaN
4,0,4,NaN
3,1,4,NaN
4,0,4,0.03025847703180226
2,2,4,7.789840678844741e-5
4,0,4,NaN
2,2,4,NaN
2,2,4,0.5773495910338519
3,1,4,0.019582362947367808
2,2,4,0.8204795116931126
4,0,4,NaN
4,0,4,0.9444012070806406
3,1,4,NaN
3,1,4,NaN
2,2,4,NaN
1,3,4,NaN
3,1,4,0.6629394266610144
3,1,4,0.9336743037628588
3,1,4,NaN
4,0,4,0.2770589453938832
2,2,4,0.09331494238381467
4,0,4,0.39365820288251563
3,1,4,NaN
3,1,4,NaN
4,0,4,0.35163936320323114
4,0,4,NaN
2,2,4,NaN
1,3,4,0.534054961478336
3,1,4,NaN
2,2,4,0.7008553584305408
4,0,4,0.022641636257990223
3,1,4,NaN
1,3,4,NaN
2,2,4,NaN
3,1,4,0.35163936320323114
4,0,4,NaN
1,3,4,0.045946027748132785
3,1,4,0.08115644780417555
4,0,4,0.35163936320323114
2,2,4,0.45885943191873046
3,1,4,0.019582362947367808
4,0,4,0.06988872661807305
3,1,4,NaN
3,1,4,NaN
4,0,4,NaN
3,1,4,NaN
3,1,4,0.14080710657571024
1,3,4,NaN
4,0,4,0.08115644780417555
4,0,4,NaN
4,0,4,NaN
4,0,4,0.4869472780660612
3,1,4,0.4389759442456205
3,1,4,NaN
3,1,4,0.12941798093153112
3,1,4,NaN
2,2,4,0.5826292651157386
4,0,4,NaN
4,0,4,0.5773495910338519
3,1,4,0.6629394266610144
2,2,4,NaN
2,2,4,NaN
4,0,4,0.39365820288251563
3,1,4,0.9444012070806406
4,0,4,0.7792451244858153
3,1,4,0.35163936320323114
3,1,4,0.02611284212389445
1,3,4,0.09331494238381467
4,0,4,0.9336743037628588
3,1,4,0.9336743037628588
3,1,4,0.7659187175498298
4,0,4,NaN
3,1,4,0.6211047067208528
3,1,4,0.922483585895465
3,1,4,0.534054961478336
4,0,4,NaN
4,0,4,0.7351022872357142
4,0,4,NaN
3,1,4,NaN
4,0,4,NaN
3,1,4,0.2770589453938832
3,1,4,0.7008553584305408
3,1,4,NaN
2,2,4,NaN
4,0,4,0.962032138983051
3,1,4,NaN
3,1,4,NaN
4,0,4,NaN
4,0,4,NaN
4,0,4,0.6629394266610144
4,0,4,NaN
4,0,4,NaN
3,1,4,0.997915735043097
4,0,4,NaN
3,1,4,0.39365820288251563
3,1,4,0.23185095244458026
2,2,4,0.2770589453938832
2,2,4,NaN
3,1,4,NaN
4,0,4,0.4389759442456205
2,2,4,0.06988872661807305
3,1,4,NaN
4,0,4,0.534054961478336
4,0,4,0.7351022872357142
4,0,4,NaN
2,2,4,0.18561760226461765
3,1,4,0.8949950374154003
3,1,4,NaN
4,0,4,NaN
3,1,4,0.2770589453938832
4,0,4,NaN
2,2,4,0.6629394266610144
1,3,4,NaN
1,3,4,0.7351022872357142
4,0,4,0.05295374443847441
3,1,4,0.4869472780660612
3,1,4,NaN
4,0,4,0.8204795116931126
4,0,4,0.7351022872357142
4,0,4,NaN
3,1,4,0.534054961478336
2,2,4,0.8617097556108892
3,1,4,NaN
4,0,4,0.39365820288251563
4,0,4,0.9097889372969507
1,3,4,NaN
4,0,4,NaN
4,0,4,0.922483585895465
2,2,4,NaN
3,1,4,NaN
4,0,4,NaN
3,1,4,0.8617097556108892
2,2,4,0.7659187175498298
4,0,4,NaN
4,0,4,0.7659187175498298
4,0,4,NaN
4,0,4,NaN
3,1,4,0.09095584036466085
2,2,4,NaN
4,0,4,NaN
2,2,4,0.009145730368337806
3,1,4,NaN
4,0,4,NaN
3,1,4,0.4807919208582191
2,2,4,NaN
4,0,4,0.534054961478336
4,0,4,0.7659187175498298
4,0,4,NaN
2,2,4,0.3147278493122561
2,2,4,0.011625908468073121
4,0,4,NaN
4,0,4,NaN
1,3,4,0.534054961478336
4,0,4,0.14080710657571024
3,1,4,NaN
4,0,4,0.962032138983051
2,2,4,NaN
4,0,4,NaN
3,1,4,0.01704956825510802
2,2,4,0.4869472780660612
4,0,4,0.922483585895465
3,1,4,0.7351022872357142
3,1,4,NaN
4,0,4,NaN
4,0,4,NaN
3,1,4,NaN
4,0,4,NaN
3,1,4,0.7943141978951035
2,2,4,0.05295374443847441
4,0,4,NaN
4,0,4,0.8418168267177661
3,1,4,0.8691418313653664
2,2,4,NaN
4,0,4,NaN
3,1,4,0.534054961478336
3,1,4,0.9690207992381747
4,0,4,0.18561760226461765
4,0,4,0.8204795116931126
3,1,4,NaN
4,0,4,NaN
2,2,4,NaN
2,2,4,NaN
3,1,4,NaN
4,0,4,NaN
2,2,4,NaN
3,1,4,NaN
3,1,4,NaN
1,3,4,NaN
3,1,4,NaN
4,0,4,0.045946027748132785
2,2,4,0.8166047472199134
4,0,4,0.40150162565491987
2,2,4,0.8204795116931126
4,0,4,NaN
3,1,4,NaN
3,1,4,NaN
4,0,4,NaN
4,0,4,NaN
4,0,4,0.7943141978951035
4,0,4,0.6211047067208528
2,2,4,NaN
3,1,4,NaN
2,2,4,0.7351022872357142
4,0,4,0.0007180430123898192
2,2,4,0.05295374443847441
4,0,4,NaN
2,2,4,0.9444012070806406
2,2,4,0.14080710657571024
3,1,4,NaN
4,0,4,NaN
4,0,4,0.7351022872357142
2,2,4,0.7008553584305408
3,1,4,0.045946027748132785
3,1,4,NaN
3,1,4,0.534054961478336
4,0,4,NaN
4,0,4,NaN
4,0,4,NaN
1,3,4,0.5773495910338519
4,0,4,NaN
1,3,4,0.5773495910338519
2,2,4,NaN
3,1,4,0.7943141978951035
3,1,4,NaN
4,0,4,0.35163936320323114
4,0,4,0.0019575942924920132
3,1,4,NaN
3,1,4,0.08115644780417555
1,3,4,NaN
1,3,4,0.4389759442456205
4,0,4,0.5843078734122853
3,1,4,NaN
3,1,4,NaN
3,1,4,0.09331494238381467
2,2,4,0.9534911290835386
1,3,4,NaN
4,0,4,NaN
2,2,4,NaN
3,1,4,NaN
2,2,4,NaN
4,0,4,NaN
3,1,4,0.8154385829807279
4,0,4,0.962032138983051
3,1,4,NaN
2,2,4,0.4869472780660612
3,1,4,NaN
4,0,4,NaN
2,2,4,NaN
4,0,4,NaN
3,1,4,0.5773495910338519
2,2,4,0.39365820288251563
2,2,4,0.6211047067208528
2,2,4,NaN
3,1,4,NaN
3,1,4,NaN
3,1,4,NaN
4,0,4,NaN
4,0,4,0.8791469822960243
3,1,4,0.09331494238381467
2,2,4,NaN
4,0,4,0.4389759442456205
3,1,4,0.6140931454948476
3,1,4,NaN
3,1,4,0.4389759442456205
4,0,4,NaN
1,3,4,NaN
4,0,4,NaN
2,2,4,0.5624190893075987
3,1,4,NaN
3,1,4,NaN
3,1,4,0.12196444410581492
3,1,4,NaN
3,1,4,0.922483585895465
4,0,4,0.8204795116931126
4,0,4,0.6211047067208528
3,1,4,NaN
3,1,4,NaN
4,0,4,0.05288785208827601
3,1,4,NaN
2,2,4,0.534054961478336
1,3,4,NaN
4,0,4,0.161264881038212
2,2,4,0.045946027748132785
2,2,4,NaN
4,0,4,NaN
4,0,4,0.7659187175498298
3,1,4,NaN
4,0,4,NaN
1,3,4,0.09331494238381467
4,0,4,0.14184628934188917
3,1,4,NaN
1,3,4,0.5992162217937147
3,1,4,NaN
4,0,4,0.06058247105517931
2,2,4,0.3147278493122561
2,2,4,NaN
3,1,4,0.39464622595139676
3,1,4,NaN
4,0,4,NaN
2,2,4,NaN
4,0,4,NaN
4,0,4,0.7351022872357142
3,1,4,0.4389759442456205
4,0,4,NaN
4,0,4,NaN
2,2,4,NaN
4,0,4,0.05295374443847441
3,1,4,NaN
3,1,4,0.9749834651108517
3,1,4,0.7659187175498298
3,1,4,NaN
1,3,4,0.008293551221884132
2,2,4,NaN
4,0,4,0.161264881038212
2,2,4,0.36017632999797705
4,0,4,0.7659187175498298
2,2,4,0.36415189267943365
4,0,4,NaN
4,0,4,NaN
1,3,4,0.09331494238381467
1,3,4,0.24299412154726827
4,0,4,0.08115644780417555
3,1,4,NaN
4,0,4,NaN
3,1,4,NaN
2,2,4,0.06988872661807305
4,0,4,NaN
4,0,4,0.06988872661807305
2,2,4,NaN
4,0,4,0.8949950374154003
4,0,4,0.39365820288251563
4,0,4,0.045946027748132785
2,2,4,NaN
3,1,4,0.7659187175498298
4,0,4,NaN
4,0,4,0.4869472780660612
3,1,4,0.4869472780660612
4,0,4,NaN
3,1,4,0.35163936320323114
4,0,4,NaN
3,1,4,NaN
3,1,4,0.604700570929494
2,2,4,0.07174535314354617
2,2,4,NaN
2,2,4,0.161264881038212
4,0,4,0.9336743037628588
2,2,4,0.9336743037628588
3,1,4,NaN
2,2,4,0.9097889372969507
4,0,4,0.18561760226461765
3,1,4,NaN
2,2,4,0.002950601277929661
2,2,4,0.631832474374774
1,3,4,NaN
3,1,4,0.8617097556108892
2,2,4,0.35163936320323114
4,0,4,0.08115644780417555
2,2,4,NaN
3,1,4,NaN
4,0,4,NaN
2,2,4,NaN
2,2,4,0.03025847703180226
2,2,4,0.5773495910338519
4,0,4,NaN
2,2,4,0.534054961478336
2,2,4,0.7351022872357142
2,2,4,NaN
2,2,4,NaN
3,1,4,NaN
2,2,4,0.2770589453938832
3,1,4,NaN
2,2,4,NaN
2,2,4,NaN
4,0,4,0.7331237019665784
2,2,4,NaN
2,2,4,0.8949950374154003
3,1,4,NaN
2,2,4,0.35163936320323114
3,1,4,0.35163936320323114
4,0,4,NaN
3,1,4,NaN
3,1,4,0.9311229801461444
2,2,4,NaN
2,2,4,0.3147278493122561
1,3,4,NaN
2,2,4,NaN
4,0,4,NaN
4,0,4,0.962032138983051
3,1,4,0.2770589453938832
4,0,4,NaN
2,2,4,NaN
4,0,4,NaN
1,3,4,NaN
4,0,4,NaN
3,1,4,0.09331494238381467
3,1,4,NaN
2,2,4,NaN
1,3,4,NaN
4,0,4,NaN
4,0,4,NaN
2,2,4,0.32589468684703526
2,2,4,0.9097889372969507
4,0,4,NaN
3,1,4,0.10644627622097674
4,0,4,0.534054961478336
1,3,4,NaN
2,2,4,NaN
4,0,4,NaN
3,1,4,0.10644627622097674
3,1,4,NaN
2,2,4,0.5773495910338519
3,1,4,0.35163936320323114
3,1,4,NaN
4,0,4,0.6211047067208528
1,3,4,0.7943141978951035
1,3,4,0.38134124787445295
4,0,4,NaN
4,0,4,NaN
2,2,4,0.4389759442456205
4,0,4,NaN
4,0,4,NaN
3,1,4,0.14080710657571024
4,0,4,NaN
4,0,4,0.7351022872357142
4,0,4,NaN
4,0,4,NaN
3,1,4,0.9534911290835386
3,1,4,NaN
4,0,4,0.5773495910338519
2,2,4,0.6629394266610144
3,1,4,NaN
2,2,4,NaN
2,2,4,NaN
4,0,4,NaN
2,2,4,0.8949950374154003
3,1,4,NaN
4,0,4,NaN
2,2,4,NaN
4,0,4,0.2142396597838168
3,1,4,0.8949950374154003
2,2,4,0.4389759442456205
3,1,4,0.009708197960407164
2,2,4,NaN
4,0,4,NaN
4,0,4,NaN
3,1,4,NaN
3,1,4,NaN
4,0,4,0.534054961478336
3,1,4,NaN
1,3,4,NaN
2,2,4,NaN
2,2,4,0.06058247105517931
1,3,4,0.019582362947367808
2,2,4,0.05295374443847441
3,1,4,NaN
3,1,4,0.8617097556108892
1,3,4,0.02611284212389445
2,2,4,0.05295374443847441
3,1,4,NaN
2,2,4,NaN
2,2,4,NaN
3,1,4,NaN
4,0,4,NaN
2,2,4,NaN
2,2,4,NaN
2,2,4,NaN
4,0,4,0.9799588626550771
4,0,4,NaN
2,2,4,NaN
4,0,4,NaN
4,0,4,NaN
2,2,4,NaN
1,3,4,NaN
1,3,4,NaN
2,2,4,NaN
3,1,4,0.24299412154726827
4,0,4,NaN
4,0,4,0.7659187175498298
1,3,4,0.24299412154726827
4,0,4,NaN
3,1,4,NaN
4,0,4,NaN
1,3,4,NaN
4,0,4,NaN
4,0,4,NaN
1,3,4,0.9690207992381747
2,2,4,NaN
4,0,4,NaN
4,0,4,NaN
4,0,4,NaN
2,2,4,0.7008553584305408
3,1,4,NaN
4,0,4,NaN
3,1,4,NaN
4,0,4,NaN
3,1,4,0.7351022872357142
3,1,4,0.8617097556108892
3,1,4,0.23261665116216051
4,0,4,0.12196444410581492
3,1,4,0.06058247105517931
4,0,4,NaN
4,0,4,0.534054961478336
2,2,4,0.39365820288251563
2,2,4,NaN
3,1,4,NaN
2,2,4,NaN
3,1,4,NaN
1,3,4,0.7943141978951035
2,2,4,0.962032138983051
2,2,4,0.534054961478336
4,0,4,0.7943141978951035
4,0,4,0.7351022872357142
2,2,4,NaN
2,2,4,0.24299412154726827
4,0,4,NaN
1,3,4,0.5773495910338519
2,2,4,0.8298958521248574
3,1,4,0.9444012070806406
4,0,4,NaN
3,1,4,NaN
1,3,4,NaN
2,2,4,NaN
2,2,4,0.6089267360264234
2,2,4,NaN
2,2,4,NaN
3,1,4,NaN
3,1,4,NaN
4,0,4,NaN
2,2,4,0.8949950374154003
3,1,4,0.7008553584305408
1,3,4,NaN
4,0,4,0.39365820288251563
4,0,4,NaN
3,1,4,0.6211047067208528
2,2,4,0.534054961478336
3,1,4,0.9845924478014567
3,1,4,NaN
2,2,4,NaN
2,2,4,0.7008553584305408
4,0,4,0.6211047067208528
3,1,4,NaN
3,1,4,NaN
2,2,4,NaN
4,0,4,NaN
2,2,4,0.24299412154726827
3,1,4,0.4869472780660612
1,3,4,NaN
3,1,4,0.9758225360787158
3,1,4,3.7765045604280644e-6
4,0,4,0.5773495910338519
4,0,4,0.18561760226461765
2,2,4,NaN
4,0,4,NaN
3,1,4,NaN
3,1,4,NaN
4,0,4,0.7659187175498298
4,0,4,NaN
1,3,4,0.7943141978951035
2,2,4,NaN
4,0,4,0.03441545692141435
3,1,4,NaN
4,0,4,0.5912782792312838
4,0,4,NaN
3,1,4,NaN
1,3,4,0.002302367630906169
2,2,4,0.9336743037628588
3,1,4,0.8617097556108892
2,2,4,NaN
4,0,4,NaN
4,0,4,0.6629394266610144
3,1,4,NaN
2,2,4,0.9886670302743008
1,3,4,NaN
3,1,4,NaN
4,0,4,0.03468779084967369
4,0,4,NaN
2,2,4,0.2770589453938832
4,0,4,NaN
3,1,4,NaN
3,1,4,0.6563875518623467
2,2,4,NaN
4,0,4,NaN
2,2,4,NaN
2,2,4,0.4389759442456205
3,1,4,0.7943141978951035
3,1,4,0.5773495910338519
4,0,4,NaN
1,3,4,0.8617097556108892
4,0,4,0.5773495910338519
3,1,4,NaN
4,0,4,0.4584957332891234
2,2,4,0.12196444410581492
3,1,4,0.35163936320323114
3,1,4,NaN
3,1,4,NaN
2,2,4,0.8418168267177661
4,0,4,NaN
4,0,4,NaN
3,1,4,NaN
4,0,4,0.43746607288788303
4,0,4,0.10644627622097674
3,1,4,0.6211047067208528
3,1,4,NaN
4,0,4,0.18561760226461765
1,3,4,NaN
4,0,4,0.2770589453938832
1,3,4,NaN
4,0,4,0.10644627622097674
3,1,4,NaN
2,2,4,NaN
2,2,4,NaN
4,0,4,NaN
4,0,4,NaN
3,1,4,NaN
2,2,4,NaN
3,1,4,NaN
4,0,4,NaN
2,2,4,NaN
2,2,4,0.03973270879120916
3,1,4,NaN
2,2,4,NaN
3,1,4,0.8418168267177661
1,3,4,NaN
2,2,4,NaN
3,1,4,0.6629394266610144
4,0,4,NaN
3,1,4,NaN
3,1,4,NaN
4,0,4,0.4869472780660612
2,2,4,0.6211047067208528
2,2,4,NaN
3,1,4,0.03973270879120916
4,0,4,0.019582362947367808
3,1,4,0.08115644780417555
2,2,4,NaN
4,0,4,NaN
4,0,4,0.7008553584305408
2,2,4,NaN
4,0,4,0.7659187175498298
1,3,4,NaN
3,1,4,0.03025847703180226
3,1,4,NaN
4,0,4,NaN
1,3,4,0.0014117442156778798
3,1,4,NaN
3,1,4,0.11530272019976968
4,0,4,NaN
2,2,4,0.8617097556108892
4,0,4,NaN
1,3,4,NaN
3,1,4,NaN
3,1,4,NaN
2,2,4,NaN
4,0,4,NaN
1,3,4,NaN
2,2,4,NaN
2,2,4,0.21187913375295056
3,1,4,0.9336743037628588
2,2,4,NaN
3,1,4,NaN
1,3,4,NaN
2,2,4,NaN
4,0,4,NaN
1,3,4,NaN
2,2,4,NaN
3,1,4,NaN
2,2,4,NaN
2,2,4,NaN
3,1,4,NaN
2,2,4,NaN
2,2,4,NaN
3,1,4,NaN
4,0,4,NaN
4,0,4,0.3711416743512997
3,1,4,0.8617097556108892
2,2,4,0.12196444410581492
2,2,4,0.06988872661807305
3,1,4,0.534054961478336
3,1,4,NaN
2,2,4,NaN
3,1,4,NaN
2,2,4,0.534054961478336
4,0,4,NaN
4,0,4,0.6211047067208528
4,0,4,NaN
4,0,4,NaN
3,1,4,0.5613969972398019
2,2,4,0.922483585895465
2,2,4,0.5963682346289482
4,0,4,NaN
3,1,4,0.6211047067208528
2,2,4,NaN
3,1,4,NaN
4,0,4,0.8204795116931126
4,0,4,0.6629394266610144
2,2,4,NaN
2,2,4,0.00220345984618851
3,1,4,NaN
2,2,4,NaN
2,2,4,0.3147278493122561
3,1,4,NaN
3,1,4,0.011625908468073121
4,0,4,0.21187913375295056
3,1,4,NaN
3,1,4,0.8791469822960243
4,0,4,0.7943141978951035
3,1,4,NaN
4,0,4,NaN
2,2,4,NaN
4,0,4,NaN
4,0,4,NaN
3,1,4,NaN
2,2,4,0.0017999753742455494
3,1,4,NaN
3,1,4,0.39365820288251563
1,3,4,NaN
2,2,4,NaN
3,1,4,0.2770589453938832
4,0,4,0.8949950374154003
3,1,4,0.20343077860800823
4,0,4,NaN
4,0,4,0.02611284212389445
2,2,4,NaN
4,0,4,0.9336743037628588
2,2,4,0.1403175327529739
4,0,4,NaN
4,0,4,NaN
4,0,4,0.6211047067208528
4,0,4,NaN
2,2,4,0.06058247105517931
4,0,4,NaN
4,0,4,NaN
3,1,4,NaN
2,2,4,NaN
4,0,4,NaN
4,0,4,NaN
3,1,4,NaN
4,0,4,NaN
4,0,4,NaN
2,2,4,0.8949950374154003
3,1,4,NaN
3,1,4,0.39365820288251563
3,1,4,NaN
4,0,4,NaN
3,1,4,NaN
3,1,4,0.4869472780660612
4,0,4,NaN
4,0,4,NaN
3,1,4,NaN
2,2,4,NaN
2,2,4,0.2770589453938832
4,0,4,NaN
2,2,4,NaN
1,3,4,NaN
1,3,4,0.534054961478336
3,1,4,NaN
2,2,4,NaN
4,0,4,NaN
3,1,4,0.7008553584305408
3,1,4,NaN
2,2,4,NaN
4,0,4,NaN
4,0,4,0.7943141978951035
3,1,4,0.881143991419024
2,2,4,0.5773495910338519
4,0,4,NaN
4,0,4,NaN
4,0,4,NaN
4,0,4,NaN
4,0,4,NaN
2,2,4,0.001788009934573399
2,2,4,NaN
4,0,4,0.24299412154726827
4,0,4,0.25050889836975243
1,3,4,NaN
2,2,4,NaN
2,2,4,NaN
4,0,4,NaN
2,2,4,0.6211047067208528
3,1,4,NaN
3,1,4,0.9097889372969507
4,0,4,NaN
4,0,4,NaN
4,0,4,0.5773495910338519
3,1,4,0.03441545692141435
3,1,4,0.6211047067208528
3,1,4,0.161264881038212
1,3,4,0.007827960273527267
3,1,4,0.6791808283764735
2,2,4,NaN
3,1,4,NaN
3,1,4,0.8617097556108892
2,2,4,NaN
3,1,4,0.24299412154726827
3,1,4,NaN
2,2,4,NaN
1,3,4,NaN
1,3,4,0.9131039566109892
4,0,4,0.08115644780417555
1,3,4,0.013584695640948361
3,1,4,0.374549414311948
3,1,4,0.6211047067208528
3,1,4,NaN
2,2,4,NaN
3,1,4,NaN
2,2,4,NaN
1,3,4,NaN
4,0,4,NaN
3,1,4,NaN
1,3,4,0.9690207992381747
4,0,4,NaN
2,2,4,0.5773495910338519
2,2,4,NaN
2,2,4,NaN
1,3,4,NaN
4,0,4,NaN
4,0,4,NaN
2,2,4,NaN
2,2,4,NaN
2,2,4,0.161264881038212
3,1,4,NaN
1,3,4,0.9941692455764074
4,0,4,NaN
3,1,4,0.534054961478336
4,0,4,NaN
2,2,4,0.14080710657571024
4,0,4,0.8949950374154003
2,2,4,NaN
4,0,4,0.35163936320323114
1,3,4,NaN
3,1,4,NaN
3,1,4,0.6713148606042852
4,0,4,NaN
3,1,4,0.7008553584305408
4,0,4,NaN
3,1,4,NaN
3,1,4,NaN
4,0,4,NaN
4,0,4,NaN
3,1,4,NaN
2,2,4,0.9336743037628588
3,1,4,0.10644627622097674
4,0,4,NaN
3,1,4,NaN
4,0,4,0.3147278493122561
4,0,4,NaN
4,0,4,NaN
2,2,4,NaN
3,1,4,0.4869472780660612
3,1,4,0.161264881038212
2,2,4,NaN
3,1,4,NaN
3,1,4,0.133725605714702
4,0,4,0.8617097556108892
3,1,4,0.18561760226461765
2,2,4,0.161264881038212
3,1,4,0.534054961478336
3,1,4,0.18561760226461765
4,0,4,NaN
3,1,4,0.23136573777456157
4,0,4,NaN
4,0,4,0.9444012070806406
4,0,4,NaN
4,0,4,NaN
3,1,4,NaN
4,0,4,0.21187913375295056
3,1,4,0.39365820288251563
4,0,4,0.011625908468073121
1,3,4,0.5773495910338519
4,0,4,NaN
4,0,4,NaN
4,0,4,0.35163936320323114
3,1,4,0.28273275094969785
1,3,4,NaN
2,2,4,NaN
3,1,4,NaN
3,1,4,0.35163936320323114
4,0,4,0.08115644780417555
3,1,4,NaN
2,2,4,0.05295374443847441
3,1,4,NaN
1,3,4,NaN
4,0,4,NaN
3,1,4,NaN
2,2,4,0.011625908468073121
2,2,4,NaN
2,2,4,0.35163936320323114
3,1,4,0.9336743037628588
2,2,4,0.011625908468073121
3,1,4,0.7008553584305408
3,1,4,NaN
2,2,4,0.24299412154726827
3,1,4,0.4389759442456205
3,1,4,0.21187913375295056
3,1,4,0.35163936320323114
4,0,4,NaN
2,2,4,0.12196444410581492
2,2,4,0.03025847703180226
4,0,4,0.02611284212389445
3,1,4,0.9845924478014567
4,0,4,0.09331494238381467
3,1,4,NaN
3,1,4,NaN
4,0,4,NaN
2,2,4,NaN
3,1,4,NaN
2,2,4,NaN
3,1,4,0.7351022872357142
3,1,4,0.7008553584305408
3,1,4,0.2770589453938832
4,0,4,0.7659187175498298
3,1,4,0.5773495910338519
4,0,4,NaN
4,0,4,NaN
3,1,4,NaN
2,2,4,NaN
2,2,4,0.3147278493122561
2,2,4,0.7008553584305408
4,0,4,NaN
2,2,4,NaN
2,2,4,NaN
1,3,4,NaN
4,0,4,NaN
1,3,4,NaN
3,1,4,NaN
3,1,4,NaN
4,0,4,NaN
4,0,4,NaN
2,2,4,0.6629394266610144
3,1,4,NaN
4,0,4,0.02611284212389445
4,0,4,NaN
3,1,4,NaN
1,3,4,NaN
1,3,4,0.7008553584305408
3,1,4,NaN
3,1,4,NaN
3,1,4,0.4869472780660612
3,1,4,0.8791469822960243
4,0,4,0.579049057228479
4,0,4,0.8418168267177661
3,1,4,NaN
4,0,4,NaN
3,1,4,NaN
3,1,4,NaN
2,2,4,0.4389759442456205
3,1,4,NaN
4,0,4,NaN
2,2,4,NaN
4,0,4,NaN
2,2,4,0.09331494238381467
4,0,4,NaN
4,0,4,0.06058247105517931
4,0,4,0.9097889372969507
1,3,4,NaN
1,3,4,NaN
4,0,4,0.9097889372969507
2,2,4,NaN
3,1,4,0.21187913375295056
3,1,4,0.2770589453938832
3,1,4,0.21187913375295056
3,1,4,0.6211047067208528
4,0,4,NaN
4,0,4,0.8166047472199134
3,1,4,NaN
3,1,4,NaN
2,2,4,0.21187913375295056
2,2,4,0.9336743037628588
3,1,4,NaN
4,0,4,NaN
1,3,4,NaN
2,2,4,NaN
4,0,4,NaN
2,2,4,NaN
4,0,4,NaN
3,1,4,NaN
1,3,4,0.39365820288251563
4,0,4,0.5773495910338519
2,2,4,0.8418168267177661
4,0,4,NaN
4,0,4,0.08115644780417555
4,0,4,NaN
3,1,4,NaN
1,3,4,0.011625908468073121
3,1,4,NaN
3,1,4,0.9097889372969507
1,3,4,NaN
4,0,4,NaN
4,0,4,NaN
3,1,4,NaN
4,0,4,0.7351022872357142
4,0,4,NaN
1,3,4,NaN
2,2,4,NaN
2,2,4,NaN
3,1,4,NaN
3,1,4,NaN
2,2,4,NaN
3,1,4,0.019582362947367808
3,1,4,NaN
4,0,4,NaN
4,0,4,NaN
2,2,4,NaN
2,2,4,0.7351022872357142
4,0,4,NaN
4,0,4,0.5415254142073298
3,1,4,NaN
2,2,4,0.14080710657571024
3,1,4,NaN
4,0,4,0.8791469822960243
1,3,4,0.03468779084967369
4,0,4,NaN
3,1,4,0.09331494238381467
3,1,4,0.18561760226461765
4,0,4,0.14080710657571024
3,1,4,0.09331494238381467
4,0,4,NaN
2,2,4,NaN
2,2,4,NaN
3,1,4,0.14080710657571024
4,0,4,NaN
2,2,4,0.7659187175498298
3,1,4,NaN
3,1,4,0.7008553584305408
3,1,4,NaN
4,0,4,NaN
3,1,4,0.045946027748132785
4,0,4,NaN
4,0,4,NaN
3,1,4,0.21187913375295056
3,1,4,NaN
2,2,4,NaN
3,1,4,0.9845924478014567
2,2,4,NaN
2,2,4,0.8418168267177661
4,0,4,NaN
3,1,4,0.055441685015847356
2,2,4,NaN
3,1,4,NaN
3,1,4,NaN
1,3,4,0.4389759442456205
2,2,4,0.31215416913137395
3,1,4,NaN
3,1,4,0.12196444410581492
2,2,4,NaN
4,0,4,NaN
4,0,4,NaN
1,3,4,0.8791469822960243
4,0,4,NaN
3,1,4,NaN
4,0,4,0.922483585895465
4,0,4,0.21239486853232076
2,2,4,0.8791469822960243
4,0,4,NaN
1,3,4,NaN
1,3,4,NaN
4,0,4,NaN
4,0,4,0.045946027748132785
2,2,4,0.7351022872357142
3,1,4,0.35163936320323114
3,1,4,0.8949950374154003
1,3,4,0.3147278493122561
3,1,4,NaN
4,0,4,0.4389759442456205
2,2,4,0.09209799421430827
4,0,4,0.016352394412106192
1,3,4,NaN
4,0,4,NaN
2,2,4,NaN
3,1,4,NaN
4,0,4,0.23281524844165932
3,1,4,NaN
4,0,4,NaN
4,0,4,NaN
1,3,4,0.8617097556108892
3,1,4,0.4869472780660612
1,3,4,NaN
1,3,4,NaN
4,0,4,NaN
4,0,4,0.06058247105517931
3,1,4,NaN
3,1,4,NaN
2,2,4,0.6211047067208528
3,1,4,NaN
1,3,4,NaN
2,2,4,0.6211047067208528
2,2,4,NaN
3,1,4,NaN
1,3,4,0.06058247105517931
2,2,4,NaN
1,3,4,0.7351022872357142
4,0,4,NaN
3,1,4,0.24299412154726827
2,2,4,0.2235176087258517
3,1,4,NaN
4,0,4,0.7287040245056824
4,0,4,NaN
4,0,4,NaN
4,0,4,NaN
3,1,4,0.7351022872357142
2,2,4,NaN
1,3,4,NaN
3,1,4,NaN
4,0,4,0.5773495910338519
3,1,4,NaN
3,1,4,0.05295374443847441
4,0,4,NaN
2,2,4,NaN
3,1,4,NaN
3,1,4,NaN
4,0,4,0.3147278493122561
3,1,4,NaN
3,1,4,NaN
2,2,4,NaN
2,2,4,NaN
2,2,4,0.35163936320323114
4,0,4,NaN
3,1,4,NaN
3,1,4,NaN
2,2,4,0.14727423741156825
4,0,4,NaN
4,0,4,NaN
2,2,4,NaN
4,0,4,NaN
3,1,4,0.037716183091572174
2,2,4,0.03025847703180226
1,3,4,0.35163936320323114
3,1,4,0.24299412154726827
2,2,4,0.5773495910338519
3,1,4,NaN
4,0,4,NaN
4,0,4,0.05295374443847441
3,1,4,0.4389759442456205
4,0,4,0.4389759442456205
3,1,4,NaN
2,2,4,0.18561760226461765
3,1,4,NaN
3,1,4,NaN
2,2,4,NaN
2,2,4,NaN
2,2,4,0.21130430004994225
4,0,4,0.6211047067208528
1,3,4,NaN
4,0,4,0.06058247105517931
2,2,4,0.045946027748132785
2,2,4,0.6211047067208528
4,0,4,NaN
4,0,4,0.35163936320323114
2,2,4,NaN
4,0,4,NaN
4,0,4,0.8617097556108892
4,0,4,0.7943141978951035
2,2,4,0.6211047067208528
3,1,4,0.045946027748132785
3,1,4,0.7659187175498298
2,2,4,0.534054961478336
3,1,4,NaN
1,3,4,NaN
4,0,4,NaN
1,3,4,0.10644627622097674
4,0,4,0.4389759442456205
2,2,4,0.7351022872357142
3,1,4,NaN
3,1,4,0.534054961478336
3,1,4,NaN
2,2,4,NaN
3,1,4,0.21187913375295056
4,0,4,NaN
4,0,4,NaN
4,0,4,0.11334069620814952
3,1,4,NaN
3,1,4,0.015490759464877874
4,0,4,NaN
4,0,4,NaN
4,0,4,0.21187913375295056
3,1,4,0.019582362947367808
4,0,4,0.534054961478336
3,1,4,NaN
3,1,4,0.06988872661807305
3,1,4,0.8617097556108892
3,1,4,0.0025019507285881535
3,1,4,0.2770589453938832
2,2,4,0.6211047067208528
1,3,4,0.7351022872357142
1,3,4,NaN
2,2,4,0.7351022872357142
4,0,4,0.06058247105517931
4,0,4,NaN
4,0,4,NaN
2,2,4,NaN
4,0,4,0.7008553584305408
3,1,4,0.922483585895465
1,3,4,NaN
1,3,4,NaN
4,0,4,NaN
1,3,4,0.18561760226461765
2,2,4,NaN
1,3,4,NaN
4,0,4,NaN
1,3,4,NaN
2,2,4,0.6211047067208528
2,2,4,0.9336743037628588
4,0,4,NaN
3,1,4,NaN
2,2,4,NaN
4,0,4,NaN
3,1,4,0.7008553584305408
3,1,4,NaN
3,1,4,NaN
3,1,4,NaN
3,1,4,0.47367400631336753
4,0,4,0.8949950374154003
3,1,4,0.06058247105517931
3,1,4,NaN
4,0,4,NaN
1,3,4,0.9799588626550771
4,0,4,NaN
4,0,4,NaN
2,2,4,0.7008553584305408
3,1,4,0.8949950374154003
4,0,4,NaN
1,3,4,NaN
4,0,4,NaN
1,3,4,0.39365820288251563
4,0,4,NaN
2,2,4,0.03468779084967369
1,3,4,NaN
3,1,4,0.21187913375295056
4,0,4,0.4869472780660612
2,2,4,0.8281470796777857
4,0,4,NaN
3,1,4,0.4869472780660612
2,2,4,NaN
3,1,4,0.8204795116931126
3,1,4,0.4389759442456205
2,2,4,NaN
3,1,4,0.7659187175498298
3,1,4,0.10644627622097674
2,2,4,0.7659187175498298
1,3,4,NaN
3,1,4,NaN
4,0,4,NaN
1,3,4,NaN
4,0,4,0.9336743037628588
3,1,4,0.3147278493122561
4,0,4,NaN
3,1,4,NaN
4,0,4,0.019582362947367808
3,1,4,NaN
4,0,4,NaN
3,1,4,NaN
1,3,4,NaN
2,2,4,NaN
2,2,4,0.4869472780660612
3,1,4,NaN
4,0,4,NaN
2,2,4,NaN
4,0,4,NaN
3,1,4,NaN
2,2,4,NaN
3,1,4,NaN
3,1,4,0.7008553584305408
3,1,4,NaN
2,2,4,NaN
2,2,4,0.8617097556108892
1,3,4,0.21187913375295056
2,2,4,NaN
3,1,4,NaN
3,1,4,NaN
3,1,4,NaN
3,1,4,0.08115644780417555
4,0,4,NaN
4,0,4,0.21187913375295056
3,1,4,0.7659187175498298
4,0,4,NaN
4,0,4,0.14080710657571024
4,0,4,NaN
3,1,4,0.9097889372969507
2,2,4,0.5773495910338519
2,2,4,0.7659187175498298
2,2,4,NaN
3,1,4,NaN
4,0,4,0.9336743037628588
3,1,4,NaN
3,1,4,0.006091701711492965
4,0,4,0.8949950374154003
3,1,4,0.9737808622967871
4,0,4,0.7008553584305408
4,0,4,0.5377851675465394
2,2,4,0.7008553584305408
4,0,4,0.9534911290835386
2,2,4,NaN
2,2,4,0.534054961478336
4,0,4,0.8655390833957742
1,3,4,0.18561760226461765
4,0,4,NaN
3,1,4,NaN
3,1,4,NaN
4,0,4,0.6629394266610144
2,2,4,0.922483585895465
2,2,4,0.7351022872357142
4,0,4,NaN
2,2,4,NaN
2,2,4,0.6629394266610144
4,0,4,NaN
4,0,4,0.6211047067208528
3,1,4,NaN
4,0,4,NaN
4,0,4,NaN
2,2,4,0.9097889372969507
2,2,4,NaN
3,1,4,NaN
4,0,4,0.045946027748132785
1,3,4,0.5773495910338519
4,0,4,0.8418168267177661
3,1,4,NaN
2,2,4,0.21187913375295056
2,2,4,NaN
2,2,4,0.027539659549719986
3,1,4,0.03973270879120916
1,3,4,NaN
3,1,4,NaN
4,0,4,0.2770589453938832
3,1,4,0.21187913375295056
1,3,4,0.9690207992381747
3,1,4,NaN
4,0,4,NaN
1,3,4,NaN
3,1,4,0.6629394266610144
1,3,4,0.144293970593118
3,1,4,0.534054961478336
1,3,4,NaN
1,3,4,0.14080710657571024
3,1,4,NaN
3,1,4,NaN
3,1,4,0.9444012070806406
3,1,4,0.09331494238381467
3,1,4,NaN
4,0,4,0.9763387146102952
2,2,4,NaN
4,0,4,NaN
1,3,4,NaN
4,0,4,NaN
3,1,4,NaN
1,3,4,NaN
4,0,4,NaN
4,0,4,NaN
3,1,4,NaN
1,3,4,NaN
3,1,4,0.2156021058805192
3,1,4,NaN
4,0,4,NaN
2,2,4,0.5624100504369717
2,2,4,0.6629394266610144
3,1,4,0.8617097556108892
4,0,4,0.01591477998056655
4,0,4,NaN
3,1,4,NaN
3,1,4,0.639385789559539
1,3,4,NaN
2,2,4,NaN
4,0,4,NaN
4,0,4,NaN
2,2,4,0.4581991234357447
2,2,4,NaN
2,2,4,0.6211047067208528
3,1,4,NaN
4,0,4,NaN
3,1,4,0.8204795116931126
4,0,4,0.24299412154726827
1,3,4,0.08115644780417555
2,2,4,NaN
1,3,4,0.161264881038212
1,3,4,NaN
4,0,4,0.06988872661807305
2,2,4,NaN
4,0,4,NaN
4,0,4,0.4389759442456205
3,1,4,0.161264881038212
2,2,4,0.18561760226461765
1,3,4,NaN
4,0,4,0.08115644780417555
3,1,4,NaN
2,2,4,NaN
1,3,4,0.6211047067208528
1,3,4,0.08115644780417555
2,2,4,NaN
4,0,4,0.09331494238381467
2,2,4,NaN
2,2,4,NaN
3,1,4,NaN
2,2,4,NaN
2,2,4,0.3147278493122561
4,0,4,NaN
2,2,4,NaN
2,2,4,0.4389759442456205
4,0,4,NaN
4,0,4,NaN
4,0,4,NaN
4,0,4,NaN
4,0,4,NaN
4,0,4,0.18561760226461765
1,3,4,NaN
1,3,4,NaN
4,0,4,0.8617097556108892
1,3,4,0.017845136052198004
3,1,4,0.02392045370718906
2,2,4,0.18561760226461765
4,0,4,NaN
2,2,4,0.002144739130434723
1,3,4,0.5773495910338519
2,2,4,0.38847421607167315
2,2,4,NaN
3,1,4,NaN
3,1,4,NaN
3,1,4,0.6629394266610144
3,1,4,0.5773495910338519
2,2,4,NaN
1,3,4,0.9845924478014567
1,3,4,0.7659187175498298
2,2,4,NaN
2,2,4,NaN
4,0,4,NaN
4,0,4,NaN
3,1,4,NaN
3,1,4,0.6629394266610144
2,2,4,NaN
1,3,4,NaN
3,1,4,0.7943141978951035
4,0,4,NaN
4,0,4,0.6211047067208528
4,0,4,NaN
3,1,4,0.39365820288251563
2,2,4,0.6211047067208528
2,2,4,NaN
4,0,4,0.8418168267177661
3,1,4,NaN
4,0,4,NaN
3,1,4,NaN
2,2,4,NaN
4,0,4,0.21187913375295056
2,2,4,0.2235176087258517
3,1,4,0.39365820288251563
1,3,4,0.534054961478336
3,1,4,0.8204795116931126
4,0,4,NaN
1,3,4,NaN
4,0,4,NaN
4,0,4,NaN
2,2,4,0.6891595071476236
3,1,4,0.8418168267177661
3,1,4,0.5624190893075987
4,0,4,0.24299412154726827
3,1,4,NaN
2,2,4,NaN
4,0,4,NaN
1,3,4,NaN
2,2,4,0.21187913375295056
4,0,4,NaN
4,0,4,NaN
1,3,4,0.21187913375295056
2,2,4,0.7943141978951035
4,0,4,0.9336743037628588
2,2,4,NaN
2,2,4,NaN
1,3,4,NaN
2,2,4,0.6629394266610144
4,0,4,NaN
1,3,4,NaN
2,2,4,NaN
4,0,4,NaN
4,0,4,0.14080710657571024
2,2,4,NaN
1,3,4,NaN
3,1,4,NaN
1,3,4,NaN
1,3,4,0.18561760226461765
2,2,4,NaN
1,3,4,NaN
3,1,4,NaN
3,1,4,0.12196444410581492
3,1,4,NaN
2,2,4,NaN
4,0,4,NaN
3,1,4,NaN
3,1,4,9.461006753592768e-6
4,0,4,0.7351022872357142
4,0,4,NaN
2,2,4,NaN
2,2,4,0.24299412154726827
3,1,4,0.39365820288251563
2,2,4,0.009708197960407164
3,1,4,0.7351022872357142
4,0,4,0.6653674959233236
4,0,4,0.6211047067208528
2,2,4,0.03973270879120916
1,3,4,NaN
1,3,4,NaN
2,2,4,NaN
3,1,4,NaN
2,2,4,0.534054961478336
3,1,4,0.35163936320323114
3,1,4,0.7778624643784646
2,2,4,0.24299412154726827
3,1,4,NaN
3,1,4,0.4869472780660612
4,0,4,NaN
4,0,4,NaN
1,3,4,NaN
3,1,4,NaN
2,2,4,0.3147278493122561
2,2,4,NaN
1,3,4,0.45885943191873046
2,2,4,NaN
2,2,4,NaN
3,1,4,NaN
2,2,4,NaN
3,1,4,NaN
2,2,4,NaN
4,0,4,0.5773495910338519
1,3,4,NaN
4,0,4,NaN
4,0,4,0.10644627622097674
1,3,4,0.9097889372969507
2,2,4,0.6629394266610144
4,0,4,NaN
3,1,4,0.8204795116931126
3,1,4,0.10421485998186113
3,1,4,NaN
1,3,4,0.7943141978951035
2,2,4,NaN
4,0,4,0.7008553584305408
1,3,4,0.14080710657571024
4,0,4,NaN
2,2,4,NaN
2,2,4,NaN
3,1,4,0.6629394266610144
4,0,4,NaN
3,1,4,NaN
4,0,4,NaN
3,1,4,0.3147278493122561
3,1,4,NaN
4,0,4,NaN
2,2,4,0.6629394266610144
3,1,4,0.06988872661807305
2,2,4,0.6629394266610144
4,0,4,NaN
1,3,4,0.991808263676121
2,2,4,NaN
3,1,4,NaN
4,0,4,NaN
4,0,4,NaN
3,1,4,0.9097889372969507
4,0,4,NaN
4,0,4,0.18096854630570802
1,3,4,0.4869472780660612
2,2,4,0.03749328925298923
2,2,4,NaN
3,1,4,0.9690207992381747
4,0,4,0.922483585895465
4,0,4,NaN
1,3,4,NaN
3,1,4,0.7351022872357142
2,2,4,NaN
4,0,4,0.010564790011316471
1,3,4,NaN
4,0,4,NaN
3,1,4,NaN
2,2,4,NaN
4,0,4,0.6629394266610144
2,2,4,0.008986323035084596
3,1,4,0.10644627622097674
2,2,4,NaN
2,2,4,0.2770589453938832
4,0,4,0.4389759442456205
3,1,4,NaN
3,1,4,0.08115644780417555
2,2,4,0.8123444631103206
4,0,4,NaN
2,2,4,0.8418168267177661
2,2,4,NaN
1,3,4,0.8949950374154003
1,3,4,NaN
4,0,4,0.4869472780660612
3,1,4,NaN
3,1,4,0.4389759442456205
3,1,4,0.3727291238064636
2,2,4,0.3147278493122561
2,2,4,0.39365820288251563
2,2,4,0.4389759442456205
4,0,4,NaN
2,2,4,NaN
3,1,4,NaN
3,1,4,0.7008553584305408
2,2,4,NaN
1,3,4,NaN
2,2,4,0.10644627622097674
2,2,4,0.39365820288251563
4,0,4,0.39365820288251563
4,0,4,NaN
2,2,4,NaN
2,2,4,0.19456678202584296
3,1,4,NaN
2,2,4,NaN
2,2,4,NaN
3,1,4,NaN
2,2,4,0.8257332469077237
2,2,4,NaN
1,3,4,0.3147278493122561
4,0,4,0.8204795116931126
4,0,4,NaN
3,1,4,NaN
4,0,4,NaN
3,1,4,NaN
4,0,4,NaN
2,2,4,NaN
4,0,4,NaN
3,1,4,NaN
1,3,4,NaN
4,0,4,NaN
1,3,4,NaN
3,1,4,NaN
4,0,4,NaN
1,3,4,NaN
4,0,4,NaN
4,0,4,NaN
4,0,4,0.35163936320323114
3,1,4,NaN
4,0,4,0.991808263676121
3,1,4,NaN
4,0,4,0.8617097556108892
1,3,4,NaN
1,3,4,0.8617097556108892
4,0,4,NaN
4,0,4,NaN
3,1,4,0.4869472780660612
4,0,4,NaN
2,2,4,0.7008553584305408
2,2,4,NaN
4,0,4,NaN
4,0,4,NaN
1,3,4,NaN
3,1,4,0.4349598562938944
2,2,4,3.681517706451198e-10
2,2,4,NaN
3,1,4,NaN
1,3,4,NaN
4,0,4,NaN
1,3,4,0.9452512051460086
4,0,4,0.7943141978951035
2,2,4,0.534054961478336
4,0,4,0.6713148606042852
2,2,4,NaN
2,2,4,0.08115644780417555
2,2,4,NaN
3,1,4,0.0313816279878028
3,1,4,0.7659187175498298
2,2,4,NaN
4,0,4,NaN
2,2,4,NaN
1,3,4,NaN
1,3,4,0.8617097556108892
2,2,4,NaN
1,3,4,0.03973270879120916
4,0,4,NaN
1,3,4,NaN
2,2,4,NaN
4,0,4,NaN
1,3,4,NaN
4,0,4,0.35163936320323114
1,3,4,NaN
1,3,4,0.7206370700902589
3,1,4,0.39365820288251563
3,1,4,NaN
2,2,4,NaN
2,2,4,0.7351022872357142
4,0,4,NaN
4,0,4,NaN
4,0,4,NaN
4,0,4,NaN
4,0,4,NaN
3,1,4,0.534054961478336
3,1,4,0.9690207992381747
3,1,4,NaN
2,2,4,NaN
2,2,4,0.161264881038212
3,1,4,NaN
3,1,4,NaN
2,2,4,0.45885943191873046
3,1,4,0.10644627622097674
1,3,4,NaN
1,3,4,0.18561760226461765
1,3,4,NaN
3,1,4,NaN
2,2,4,0.08115644780417555
4,0,4,0.3147278493122561
1,3,4,NaN
4,0,4,0.10644627622097674
3,1,4,NaN
3,1,4,NaN
1,3,4,NaN
2,2,4,NaN
4,0,4,NaN
1,3,4,0.02611284212389445
1,3,4,0.39365820288251563
4,0,4,NaN
4,0,4,0.03025847703180226
2,2,4,NaN
3,1,4,NaN
4,0,4,0.24299412154726827
3,1,4,NaN
1,3,4,0.6629394266610144
4,0,4,NaN
3,1,4,NaN
3,1,4,NaN
1,3,4,NaN
3,1,4,0.39464622595139676
1,3,4,0.8418168267177661
1,3,4,0.922483585895465
2,2,4,0.019582362947367808
4,0,4,NaN
1,3,4,0.7008553584305408
3,1,4,0.007827960273527267
2,2,4,0.39365820288251563
3,1,4,0.4869472780660612
3,1,4,NaN
4,0,4,NaN
3,1,4,NaN
3,1,4,NaN
3,1,4,NaN
1,3,4,0.35163936320323114
4,0,4,0.7008553584305408
1,3,4,NaN
4,0,4,NaN
2,2,4,0.3147278493122561
4,0,4,0.18561760226461765
2,2,4,0.6419307927155035
3,1,4,0.9336743037628588
3,1,4,0.21187913375295056
1,3,4,0.016352394412106192
2,2,4,0.8053310532878865
4,0,4,NaN
4,0,4,NaN
2,2,4,NaN
1,3,4,NaN
3,1,4,0.9886670302743008
4,0,4,NaN
1,3,4,0.7287040245056824
2,2,4,NaN
4,0,4,0.4869472780660612
1,3,4,NaN
2,2,4,0.05295374443847441
4,0,4,NaN
3,1,4,0.12196444410581492
4,0,4,NaN
3,1,4,0.6211047067208528
1,3,4,NaN
4,0,4,NaN
3,1,4,0.03973270879120916
3,1,4,0.7659187175498298
2,2,4,0.534054961478336
4,0,4,NaN
4,0,4,NaN
2,2,4,NaN
2,2,4,0.35163936320323114
4,0,4,NaN
3,1,4,NaN
2,2,4,0.39365820288251563
4,0,4,0.12196444410581492
2,2,4,NaN
2,2,4,NaN
4,0,4,0.09331494238381467
1,3,4,0.5773495910338519
2,2,4,NaN
4,0,4,NaN
4,0,4,NaN
2,2,4,NaN
2,2,4,NaN
4,0,4,0.18561760226461765
2,2,4,NaN
3,1,4,0.5773495910338519
3,1,4,NaN
3,1,4,NaN
2,2,4,0.5242731013189563
2,2,4,0.8949950374154003
1,3,4,0.4389759442456205
2,2,4,0.03468779084967369
2,2,4,0.4869472780660612
4,0,4,0.022641636257990223
4,0,4,0.7659187175498298
4,0,4,NaN
2,2,4,0.7943141978951035
1,3,4,NaN
3,1,4,NaN
4,0,4,NaN
4,0,4,0.18561760226461765
3,1,4,NaN
1,3,4,NaN
3,1,4,NaN
1,3,4,0.24299412154726827
4,0,4,0.6629394266610144
4,0,4,0.9444012070806406
2,2,4,NaN
3,1,4,NaN
2,2,4,NaN
1,3,4,NaN
2,2,4,NaN
2,2,4,NaN
3,1,4,NaN
2,2,4,0.8204795116931126
1,3,4,0.21187913375295056
4,0,4,NaN
4,0,4,0.39365820288251563
4,0,4,0.29601128053710046
3,1,4,0.4869472780660612
3,1,4,0.35163936320323114
4,0,4,NaN
3,1,4,NaN
4,0,4,NaN
3,1,4,NaN
4,0,4,NaN
4,0,4,NaN
3,1,4,0.12196444410581492
2,2,4,0.02611284212389445
3,1,4,NaN
4,0,4,0.992808132399964
4,0,4,0.7287040245056824
2,2,4,NaN
2,2,4,NaN
4,0,4,NaN
2,2,4,0.045946027748132785
2,2,4,NaN
3,1,4,NaN
2,2,4,NaN
1,3,4,0.10644627622097674
4,0,4,NaN
3,1,4,NaN
1,3,4,NaN
2,2,4,NaN
3,1,4,0.35944974396699086
3,1,4,NaN
1,3,4,0.005016981397731832
4,0,4,0.9534911290835386
1,3,4,NaN
4,0,4,0.6629394266610144
1,3,4,NaN
3,1,4,NaN
2,2,4,0.7659187175498298
4,0,4,NaN
4,0,4,NaN
2,2,4,0.5624100504369717
2,2,4,0.5415254142073298
2,2,4,NaN
4,0,4,NaN
3,1,4,NaN
4,0,4,NaN
3,1,4,0.6629394266610144
4,0,4,NaN
3,1,4,0.7659187175498298
4,0,4,0.4389759442456205
2,2,4,NaN
2,2,4,0.991808263676121
1,3,4,0.8370751080502961
3,1,4,NaN
4,0,4,0.019582362947367808
2,2,4,0.6629394266610144
3,1,4,NaN
2,2,4,NaN
2,2,4,0.7351022872357142
2,2,4,0.7008553584305408
2,2,4,0.45592239203280516
3,1,4,NaN
2,2,4,NaN
2,2,4,0.8204795116931126
4,0,4,0.06058247105517931
4,0,4,0.019582362947367808
4,0,4,NaN
3,1,4,0.10795116947875855
2,2,4,NaN
4,0,4,0.7943141978951035
2,2,4,NaN
2,2,4,0.014090746451150372
3,1,4,0.161264881038212
3,1,4,0.9749834651108517
2,2,4,0.922483585895465
1,3,4,0.8617097556108892
4,0,4,NaN
4,0,4,NaN
1,3,4,NaN
3,1,4,NaN
2,2,4,NaN
4,0,4,NaN
4,0,4,NaN
3,1,4,NaN
2,2,4,0.6629394266610144
3,1,4,0.8791469822960243
3,1,4,0.10644627622097674
1,3,4,0.8204795116931126
2,2,4,NaN
2,2,4,0.534054961478336
1,3,4,NaN
3,1,4,NaN
3,1,4,0.9690207992381747
4,0,4,NaN
3,1,4,NaN
3,1,4,NaN
4,0,4,0.9690207992381747
3,1,4,NaN
4,0,4,NaN
2,2,4,0.7659187175498298
2,2,4,NaN
4,0,4,0.4869472780660612
2,2,4,0.24299412154726827
3,1,4,NaN
2,2,4,NaN
3,1,4,NaN
4,0,4,0.06058247105517931
4,0,4,0.21187913375295056
1,3,4,NaN
2,2,4,NaN
4,0,4,NaN
1,3,4,NaN
4,0,4,NaN
4,0,4,NaN
3,1,4,0.8204795116931126
4,0,4,NaN
3,1,4,NaN
2,2,4,0.4389759442456205
4,0,4,NaN
3,1,4,0.9845924478014567
3,1,4,0.24299412154726827
2,2,4,0.8791469822960243
4,0,4,0.7943141978951035
2,2,4,0.6629394266610144
2,2,4,NaN
2,2,4,NaN
4,0,4,NaN
3,1,4,NaN
2,2,4,NaN
4,0,4,NaN
3,1,4,0.6629394266610144
2,2,4,0.6211047067208528
4,0,4,NaN
4,0,4,NaN
3,1,4,0.3147278493122561
1,3,4,NaN
1,3,4,0.4389759442456205
3,1,4,NaN
4,0,4,0.161264881038212
1,3,4,0.0779687263734687
2,2,4,NaN
4,0,4,0.3147278493122561
3,1,4,0.5773495910338519
3,1,4,0.5126717265248069
3,1,4,0.21187913375295056
1,3,4,0.009708197960407164
4,0,4,0.35163936320323114
2,2,4,NaN
2,2,4,NaN
1,3,4,NaN
4,0,4,0.5773495910338519
4,0,4,NaN
3,1,4,0.8418168267177661
3,1,4,NaN
1,3,4,NaN
4,0,4,0.534054961478336
3,1,4,0.18561760226461765
3,1,4,NaN
4,0,4,0.2878905801770121
4,0,4,NaN
1,3,4,NaN
3,1,4,NaN
4,0,4,NaN
2,2,4,NaN
3,1,4,NaN
1,3,4,0.09331494238381467
4,0,4,0.7659187175498298
4,0,4,NaN
1,3,4,NaN
2,2,4,NaN
4,0,4,0.8418168267177661
2,2,4,NaN
3,1,4,0.3147278493122561
1,3,4,0.4389759442456205
2,2,4,NaN
2,2,4,0.534054961478336
2,2,4,0.7008553584305408
3,1,4,NaN
3,1,4,0.8640422549338148
3,1,4,0.7659187175498298
3,1,4,NaN
3,1,4,NaN
1,3,4,0.8617097556108892
2,2,4,0.045946027748132785
3,1,4,0.6211047067208528
3,1,4,0.8791469822960243
3,1,4,0.4389759442456205
3,1,4,NaN
3,1,4,0.013595179396091573
4,0,4,NaN
2,2,4,NaN
1,3,4,0.9534911290835386
2,2,4,NaN
1,3,4,0.8949950374154003
2,2,4,0.8617097556108892
3,1,4,0.882667076629416
1,3,4,NaN
2,2,4,0.24299412154726827
3,1,4,NaN
4,0,4,0.18561760226461765
1,3,4,NaN
4,0,4,NaN
1,3,4,0.9534911290835386
4,0,4,NaN
3,1,4,NaN
2,2,4,NaN
2,2,4,0.9364332083263879
4,0,4,NaN
2,2,4,NaN
4,0,4,NaN
3,1,4,0.041901355123336204
2,2,4,NaN
3,1,4,NaN
4,0,4,NaN
2,2,4,0.2770589453938832
3,1,4,0.6629394266610144
1,3,4,0.8204795116931126
3,1,4,0.8418168267177661
1,3,4,NaN
2,2,4,0.7351022872357142
1,3,4,NaN
4,0,4,0.161264881038212
4,0,4,0.8791469822960243
3,1,4,0.5773495910338519
3,1,4,0.39365820288251563
3,1,4,NaN
2,2,4,NaN
3,1,4,0.8418168267177661
3,1,4,NaN
4,0,4,0.922483585895465
1,3,4,0.6629394266610144
3,1,4,0.922483585895465
4,0,4,NaN
3,1,4,0.4869472780660612
4,0,4,NaN
1,3,4,0.3147278493122561
3,1,4,0.9444012070806406
3,1,4,NaN
3,1,4,0.3147278493122561
1,3,4,0.922483585895465
3,1,4,0.5623131961894107
3,1,4,NaN
3,1,4,NaN
4,0,4,0.011625908468073121
2,2,4,NaN
1,3,4,0.161264881038212
3,1,4,0.3147278493122561
1,3,4,NaN
4,0,4,NaN
4,0,4,NaN
1,3,4,0.161264881038212
3,1,4,0.09331494238381467
1,3,4,0.9598784261290199
2,2,4,0.03468779084967369
1,3,4,0.9097889372969507
1,3,4,NaN
3,1,4,NaN
4,0,4,NaN
2,2,4,0.8178713368765808
3,1,4,NaN
1,3,4,0.77439442420746
2,2,4,NaN
3,1,4,NaN
2,2,4,0.8617097556108892
2,2,4,0.06988872661807305
4,0,4,0.2770589453938832
2,2,4,0.03025847703180226
4,0,4,0.7659187175498298
4,0,4,NaN
3,1,4,0.4389759442456205
3,1,4,0.35163936320323114
4,0,4,NaN
4,0,4,NaN
3,1,4,NaN
4,0,4,NaN
1,3,4,NaN
4,0,4,NaN
3,1,4,NaN
3,1,4,NaN
3,1,4,NaN
4,0,4,NaN
3,1,4,NaN
4,0,4,NaN
1,3,4,0.4389759442456205
4,0,4,NaN
1,3,4,0.02611284212389445
4,0,4,0.5362655154854534
3,1,4,NaN
2,2,4,NaN
2,2,4,NaN
2,2,4,NaN
2,2,4,0.4389759442456205
3,1,4,NaN
4,0,4,0.24299412154726827
3,1,4,0.18768093248248227
4,0,4,0.013595179396091573
4,0,4,NaN
2,2,4,0.39365820288251563
2,2,4,0.8617097556108892
2,2,4,NaN
4,0,4,NaN
2,2,4,NaN
1,3,4,NaN
2,2,4,0.03025847703180226
3,1,4,0.6629394266610144
4,0,4,NaN
1,3,4,NaN
2,2,4,NaN
1,3,4,0.9097889372969507
3,1,4,0.03025847703180226
2,2,4,0.03468779084967369
2,2,4,NaN
3,1,4,0.2763274456538265
2,2,4,NaN
1,3,4,0.7008553584305408
4,0,4,NaN
3,1,4,0.3147278493122561
2,2,4,NaN
2,2,4,0.6629394266610144
2,2,4,NaN
4,0,4,NaN
1,3,4,NaN
4,0,4,NaN
1,3,4,NaN
2,2,4,0.03973270879120916
2,2,4,NaN
1,3,4,0.6629394266610144
4,0,4,NaN
2,2,4,NaN
2,2,4,0.8204795116931126
1,3,4,NaN
3,1,4,0.9749834651108517
4,0,4,NaN
3,1,4,NaN
1,3,4,0.6632803969461277
4,0,4,NaN
1,3,4,NaN
2,2,4,NaN
2,2,4,0.10644627622097674
2,2,4,NaN
3,1,4,NaN
3,1,4,NaN
4,0,4,0.534054961478336
1,3,4,NaN
4,0,4,0.4389759442456205
2,2,4,NaN
3,1,4,0.2770589453938832
2,2,4,NaN
1,3,4,0.610948315408089
3,1,4,0.922483585895465
4,0,4,NaN
3,1,4,NaN
4,0,4,0.5773495910338519
2,2,4,0.6172258058419916
2,2,4,0.9444012070806406
2,2,4,0.16460031099842182
3,1,4,0.09331494238381467
2,2,4,0.21187913375295056
1,3,4,NaN
3,1,4,0.6211047067208528
2,2,4,NaN
3,1,4,0.9749834651108517
4,0,4,NaN
3,1,4,0.06058247105517931
2,2,4,0.7659187175498298
2,2,4,NaN
2,2,4,0.35163936320323114
4,0,4,NaN
3,1,4,0.12196444410581492
2,2,4,NaN
4,0,4,0.24299412154726827
4,0,4,0.8418168267177661
2,2,4,NaN
4,0,4,NaN
3,1,4,NaN
4,0,4,NaN
4,0,4,0.6629394266610144
1,3,4,0.35163936320323114
2,2,4,0.3147278493122561
3,1,4,NaN
2,2,4,0.6346425118405232
2,2,4,NaN
2,2,4,NaN
1,3,4,0.7008553584305408
3,1,4,NaN
2,2,4,NaN
3,1,4,0.161264881038212
2,2,4,NaN
2,2,4,0.14080710657571024
3,1,4,0.8949950374154003
2,2,4,NaN
1,3,4,NaN
2,2,4,NaN
2,2,4,NaN
4,0,4,NaN
2,2,4,0.05014307186825348
4,0,4,0.24755100352480078
4,0,4,NaN
4,0,4,0.534054961478336
3,1,4,0.922483585895465
3,1,4,NaN
2,2,4,NaN
4,0,4,NaN
2,2,4,NaN
2,2,4,0.6211047067208528
4,0,4,NaN
4,0,4,NaN
3,1,4,NaN
3,1,4,0.7008553584305408
3,1,4,2.5824291181752537e-6
1,3,4,NaN
3,1,4,NaN
3,1,4,0.35163936320323114
2,2,4,NaN
3,1,4,0.8343345685607544
3,1,4,0.534054961478336
4,0,4,NaN
2,2,4,0.4869472780660612
1,3,4,NaN
1,3,4,0.03973270879120916
2,2,4,0.9444012070806406
2,2,4,NaN
4,0,4,NaN
1,3,4,0.9311229801461444
1,3,4,0.39365820288251563
4,0,4,0.5773495910338519
4,0,4,0.962032138983051
3,1,4,NaN
2,2,4,0.4362818310637738
3,1,4,0.8418168267177661
3,1,4,NaN
1,3,4,NaN
1,3,4,NaN
2,2,4,NaN
1,3,4,NaN
1,3,4,NaN
1,3,4,0.8281470796777857
2,2,4,NaN
4,0,4,0.03973270879120916
2,2,4,0.000998538431483835
3,1,4,0.7943141978951035
3,1,4,NaN
3,1,4,NaN
2,2,4,NaN
3,1,4,NaN
1,3,4,0.5773495910338519
2,2,4,0.24299412154726827
2,2,4,NaN
1,3,4,0.26797024116953627
4,0,4,0.4869472780660612
2,2,4,NaN
1,3,4,NaN
1,3,4,NaN
2,2,4,NaN
2,2,4,NaN
4,0,4,NaN
1,3,4,0.05295374443847441
2,2,4,0.5055945682233323
3,1,4,0.18561760226461765
3,1,4,0.39365820288251563
2,2,4,0.1403175327529739
4,0,4,NaN
3,1,4,NaN
4,0,4,0.8204795116931126
4,0,4,0.08115644780417555
1,3,4,0.7659187175498298
2,2,4,0.7659187175498298
3,1,4,NaN
1,3,4,NaN
2,2,4,NaN
2,2,4,NaN
1,3,4,NaN
2,2,4,NaN
4,0,4,NaN
4,0,4,NaN
2,2,4,NaN
3,1,4,0.6629394266610144
3,1,4,0.2770589453938832
2,2,4,0.006091701711492965
2,2,4,NaN
2,2,4,NaN
3,1,4,0.31446254865538825
4,0,4,0.2770589453938832
4,0,4,0.1450477724603556
1,3,4,0.6766064389381786
2,2,4,NaN
4,0,4,NaN
2,2,4,0.22663646407110755
3,1,4,NaN
3,1,4,0.922483585895465
3,1,4,NaN
2,2,4,0.8079265356043168
3,1,4,0.8949950374154003
4,0,4,NaN
3,1,4,NaN
1,3,4,0.7351022872357142
4,0,4,NaN
1,3,4,NaN
2,2,4,0.18561760226461765
1,3,4,0.14192927350120504
2,2,4,NaN
2,2,4,NaN
3,1,4,NaN
2,2,4,0.06058247105517931
3,1,4,NaN
2,2,4,NaN
2,2,4,0.9444012070806406
2,2,4,0.009708197960407164
1,3,4,NaN
1,3,4,NaN
3,1,4,NaN
1,3,4,NaN
1,3,4,NaN
2,2,4,NaN
3,1,4,NaN
4,0,4,0.9799588626550771
2,2,4,NaN
4,0,4,NaN
1,3,4,NaN
1,3,4,NaN
4,0,4,0.8617097556108892
4,0,4,NaN
1,3,4,0.3147278493122561
1,3,4,NaN
4,0,4,0.161264881038212
3,1,4,0.3147278493122561
3,1,4,0.7659187175498298
2,2,4,0.5597334370659051
2,2,4,NaN
2,2,4,0.161264881038212
3,1,4,0.08115644780417555
1,3,4,0.4584457217856004
3,1,4,NaN
3,1,4,0.06988872661807305
2,2,4,NaN
1,3,4,NaN
1,3,4,NaN
3,1,4,0.08561274507853776
3,1,4,0.4869472780660612
2,2,4,NaN
3,1,4,0.161264881038212
4,0,4,0.7008553584305408
4,0,4,NaN
2,2,4,NaN
2,2,4,0.2770589453938832
3,1,4,NaN
3,1,4,0.11406515607463821
2,2,4,NaN
4,0,4,NaN
4,0,4,NaN
2,2,4,NaN
3,1,4,NaN
1,3,4,0.4480906524750578
4,0,4,NaN
2,2,4,NaN
4,0,4,0.6211047067208528
3,1,4,NaN
2,2,4,NaN
3,1,4,0.8204795116931126
4,0,4,NaN
2,2,4,0.1849304147572628
2,2,4,0.3385926706141735
4,0,4,0.9969055107429277
1,3,4,0.4869472780660612
1,3,4,0.4869472780660612
4,0,4,NaN
3,1,4,NaN
2,2,4,NaN
2,2,4,NaN
4,0,4,NaN
4,0,4,NaN
3,1,4,0.016352394412106192
1,3,4,NaN
2,2,4,NaN
2,2,4,NaN
3,1,4,0.4869472780660612
4,0,4,0.3147278493122561
3,1,4,0.6629394266610144
1,3,4,NaN
3,1,4,NaN
1,3,4,NaN
2,2,4,NaN
2,2,4,0.8791469822960243
1,3,4,NaN
2,2,4,NaN
4,0,4,0.9605470021287181
3,1,4,NaN
4,0,4,NaN
2,2,4,NaN
4,0,4,0.21187913375295056
2,2,4,NaN
1,3,4,0.7351022872357142
4,0,4,0.9534911290835386
4,0,4,NaN
2,2,4,0.6629394266610144
1,3,4,0.35163936320323114
3,1,4,0.7351022872357142
1,3,4,0.24685788650085178
3,1,4,NaN
4,0,4,NaN
2,2,4,NaN
2,2,4,NaN
3,1,4,NaN
2,2,4,0.03025847703180226
1,3,4,NaN
1,3,4,NaN
3,1,4,NaN
2,2,4,0.12747075101832725
2,2,4,NaN
2,2,4,0.09331494238381467
4,0,4,0.10644627622097674
4,0,4,NaN
3,1,4,0.6211047067208528
2,2,4,NaN
2,2,4,0.03973270879120916
3,1,4,0.5773495910338519
1,3,4,0.7008553584305408
4,0,4,NaN
2,2,4,NaN
4,0,4,0.7008553584305408
2,2,4,0.9097889372969507
2,2,4,0.7659187175498298
2,2,4,NaN
1,3,4,NaN
2,2,4,0.39365820288251563
2,2,4,0.9534911290835386
3,1,4,0.05295374443847441
4,0,4,0.9097889372969507
1,3,4,NaN
4,0,4,0.9534911290835386
4,0,4,NaN
3,1,4,NaN
3,1,4,NaN
4,0,4,NaN
2,2,4,NaN
2,2,4,NaN
2,2,4,0.09331494238381467
2,2,4,0.01319112065575505
2,2,4,NaN
1,3,4,0.023835222550335218
2,2,4,0.4869472780660612
4,0,4,0.7659187175498298
2,2,4,NaN
3,1,4,0.8949950374154003
2,2,4,NaN
3,1,4,0.020528371555778763
2,2,4,NaN
4,0,4,NaN
1,3,4,0.2770589453938832
2,2,4,0.8617097556108892
1,3,4,NaN
2,2,4,NaN
4,0,4,0.4869472780660612
2,2,4,NaN
1,3,4,NaN
2,2,4,NaN
3,1,4,NaN
4,0,4,NaN
1,3,4,0.7659187175498298
3,1,4,NaN
2,2,4,0.6211047067208528
2,2,4,NaN
4,0,4,NaN
4,0,4,0.922483585895465
1,3,4,NaN
1,3,4,0.10644627622097674
1,3,4,0.4869472780660612
2,2,4,0.0019575942924920132
4,0,4,NaN
4,0,4,0.8204795116931126
3,1,4,NaN
3,1,4,NaN
1,3,4,NaN
1,3,4,0.8418168267177661
1,3,4,0.24299412154726827
4,0,4,NaN
2,2,4,0.8418168267177661
3,1,4,0.09331494238381467
4,0,4,NaN
1,3,4,0.7351022872357142
1,3,4,NaN
2,2,4,0.39365820288251563
4,0,4,NaN
2,2,4,0.9952338006889494
2,2,4,0.92010639721202
1,3,4,NaN
2,2,4,0.8204795116931126
4,0,4,NaN
2,2,4,NaN
1,3,4,NaN
4,0,4,0.7659187175498298
1,3,4,NaN
1,3,4,NaN
3,1,4,NaN
1,3,4,NaN
3,1,4,0.8617097556108892
2,2,4,NaN
1,3,4,0.5282193882420858
2,2,4,0.24299412154726827
2,2,4,0.7693964938216118
2,2,4,NaN
1,3,4,0.02611284212389445
3,1,4,0.14080710657571024
1,3,4,0.8869491384758869
1,3,4,NaN
2,2,4,NaN
4,0,4,0.534054961478336
2,2,4,0.5773495910338519
3,1,4,NaN
2,2,4,NaN
1,3,4,0.8617097556108892
1,3,4,NaN
3,1,4,NaN
3,1,4,0.7943141978951035
4,0,4,0.534054961478336
4,0,4,0.05295374443847441
3,1,4,NaN
4,0,4,NaN
1,3,4,NaN
4,0,4,0.011625908468073121
2,2,4,NaN
3,1,4,NaN
3,1,4,0.534054961478336
3,1,4,0.21187913375295056
1,3,4,NaN
2,2,4,NaN
2,2,4,NaN
4,0,4,NaN
4,0,4,0.03973270879120916
4,0,4,NaN
2,2,4,NaN
2,2,4,NaN
2,2,4,0.17833337737509072
2,2,4,0.7970650442331396
4,0,4,NaN
4,0,4,NaN
2,2,4,NaN
2,2,4,0.03468779084967369
3,1,4,0.8204795116931126
2,2,4,NaN
2,2,4,NaN
2,2,4,NaN
1,3,4,0.44230668803406453
1,3,4,0.011625908468073121
4,0,4,NaN
3,1,4,NaN
2,2,4,NaN
1,3,4,NaN
2,2,4,0.34418545547521456
3,1,4,NaN
3,1,4,NaN
1,3,4,NaN
3,1,4,NaN
1,3,4,NaN
2,2,4,0.5773495910338519
2,2,4,NaN
3,1,4,NaN
1,3,4,0.4389759442456205
3,1,4,0.21187913375295056
1,3,4,NaN
4,0,4,NaN
2,2,4,0.6629394266610144
2,2,4,NaN
4,0,4,0.9690207992381747
3,1,4,NaN
1,3,4,0.7943141978951035
3,1,4,0.8204795116931126
3,1,4,0.7351022872357142
1,3,4,NaN
3,1,4,NaN
1,3,4,0.922483585895465
2,2,4,0.35163936320323114
1,3,4,0.6726384568999776
2,2,4,NaN
4,0,4,NaN
2,2,4,0.161264881038212
1,3,4,NaN
1,3,4,NaN
3,1,4,0.922483585895465
4,0,4,0.534054961478336
2,2,4,0.8617097556108892
2,2,4,NaN
2,2,4,0.7943141978951035
1,3,4,NaN
1,3,4,0.8204795116931126
1,3,4,NaN
3,1,4,0.9690207992381747
4,0,4,0.10644627622097674
4,0,4,0.18561760226461765
1,3,4,NaN
3,1,4,0.8204795116931126
3,1,4,0.9097889372969507
1,3,4,NaN
3,1,4,NaN
3,1,4,0.8204795116931126
1,3,4,0.9336743037628588
3,1,4,0.7351022872357142
3,1,4,0.3147278493122561
3,1,4,0.7943141978951035
2,2,4,0.9097889372969507
2,2,4,NaN
2,2,4,NaN
4,0,4,NaN
2,2,4,0.7351022872357142
2,2,4,0.8791469822960243
1,3,4,NaN
1,3,4,NaN
1,3,4,NaN
1,3,4,0.7351022872357142
1,3,4,NaN
3,1,4,0.3147278493122561
1,3,4,NaN
2,2,4,NaN
1,3,4,NaN
1,3,4,NaN
2,2,4,NaN
3,1,4,NaN
3,1,4,NaN
1,3,4,0.14080710657571024
2,2,4,0.18561760226461765
4,0,4,0.019582362947367808
4,0,4,NaN
4,0,4,NaN
2,2,4,NaN
2,2,4,NaN
1,3,4,NaN
1,3,4,0.045946027748132785
3,1,4,0.18561760226461765
2,2,4,NaN
1,3,4,0.7351022872357142
3,1,4,NaN
1,3,4,NaN
1,3,4,NaN
2,2,4,0.6211047067208528
1,3,4,0.013595179396091573
4,0,4,0.06058247105517931
1,3,4,NaN
4,0,4,NaN
3,1,4,NaN
1,3,4,NaN
2,2,4,NaN
3,1,4,NaN
4,0,4,0.922483585895465
2,2,4,0.24299412154726827
1,3,4,0.022379054118502998
3,1,4,NaN
3,1,4,0.922483585895465
1,3,4,NaN
4,0,4,0.161264881038212
1,3,4,0.8204795116931126
2,2,4,0.5773495910338519
4,0,4,NaN
1,3,4,0.09705052906618594
4,0,4,NaN
3,1,4,0.24299412154726827
2,2,4,NaN
2,2,4,NaN
1,3,4,0.4869472780660612
2,2,4,NaN
4,0,4,0.534054961478336
1,3,4,NaN
2,2,4,NaN
1,3,4,NaN
1,3,4,0.14184628934188917
3,1,4,NaN
4,0,4,0.7008553584305408
2,2,4,NaN
3,1,4,NaN
3,1,4,NaN
4,0,4,NaN
4,0,4,NaN
2,2,4,NaN
4,0,4,NaN
3,1,4,0.7008553584305408
4,0,4,NaN
2,2,4,NaN
1,3,4,NaN
3,1,4,0.01377464448102256
4,0,4,NaN
3,1,4,NaN
4,0,4,0.4869472780660612
2,2,4,NaN
2,2,4,0.06988872661807305
1,3,4,0.21187913375295056
1,3,4,0.9336743037628588
1,3,4,NaN
4,0,4,0.4869472780660612
4,0,4,0.7943141978951035
1,3,4,0.03468779084967369
1,3,4,0.01723584758514089
1,3,4,NaN
3,1,4,NaN
2,2,4,0.09331494238381467
3,1,4,NaN
4,0,4,NaN
1,3,4,0.46265644709608067
3,1,4,NaN
3,1,4,NaN
2,2,4,NaN
2,2,4,0.14080710657571024
2,2,4,0.4869472780660612
2,2,4,NaN
1,3,4,NaN
2,2,4,NaN
1,3,4,NaN
1,3,4,0.12196444410581492
2,2,4,NaN
4,0,4,0.009708197960407164
3,1,4,NaN
4,0,4,NaN
1,3,4,0.6653674959233236
2,2,4,NaN
2,2,4,0.6211047067208528
2,2,4,NaN
4,0,4,NaN
3,1,4,NaN
4,0,4,0.1775826811851638
1,3,4,NaN
1,3,4,NaN
2,2,4,0.161264881038212
4,0,4,NaN
1,3,4,NaN
2,2,4,NaN
2,2,4,0.14080710657571024
1,3,4,0.8418168267177661
1,3,4,NaN
3,1,4,0.45885943191873046
4,0,4,0.9799588626550771
2,2,4,0.21187913375295056
1,3,4,0.9749834651108517
2,2,4,0.7943141978951035
4,0,4,0.4389759442456205
3,1,4,0.007827960273527267
3,1,4,NaN
3,1,4,0.013595179396091573
1,3,4,0.6336932166278625
2,2,4,0.8204795116931126
4,0,4,0.3739451099976784
2,2,4,NaN
1,3,4,NaN
2,2,4,0.24299412154726827
1,3,4,0.24299412154726827
2,2,4,0.14080710657571024
4,0,4,NaN
1,3,4,NaN
4,0,4,NaN
1,3,4,0.9845924478014567
2,2,4,NaN
1,3,4,0.35163936320323114
1,3,4,NaN
4,0,4,0.06058247105517931
3,1,4,NaN
2,2,4,NaN
3,1,4,0.17200256060949295
2,2,4,0.8418168267177661
1,3,4,0.06369546435864522
1,3,4,0.6736239499402665
4,0,4,0.6211047067208528
4,0,4,NaN
1,3,4,0.991808263676121
4,0,4,NaN
3,1,4,0.7943141978951035
2,2,4,0.4869472780660612
1,3,4,0.18410391185353114
1,3,4,NaN
2,2,4,NaN
1,3,4,NaN
1,3,4,0.12196444410581492
1,3,4,NaN
1,3,4,0.7943141978951035
1,3,4,0.09331494238381467
2,2,4,NaN
2,2,4,0.35163936320323114
2,2,4,0.5773495910338519
4,0,4,0.534054961478336
3,1,4,NaN
1,3,4,0.4389759442456205
1,3,4,NaN
1,3,4,0.6211047067208528
4,0,4,0.9690207992381747
2,2,4,NaN
1,3,4,NaN
4,0,4,NaN
4,0,4,0.39365820288251563
1,3,4,0.03973270879120916
1,3,4,NaN
1,3,4,NaN
4,0,4,NaN
1,3,4,NaN
4,0,4,NaN
3,1,4,0.6629394266610144
1,3,4,0.18561760226461765
4,0,4,0.6211047067208528
4,0,4,0.9336743037628588
2,2,4,NaN
1,3,4,0.4869472780660612
4,0,4,0.9444012070806406
2,2,4,NaN
1,3,4,NaN
1,3,4,NaN
3,1,4,0.12196444410581492
1,3,4,0.9444012070806406
1,3,4,0.7659187175498298
2,2,4,NaN
2,2,4,0.8753960451255497
2,2,4,NaN
2,2,4,NaN
1,3,4,0.2770589453938832
2,2,4,0.7659187175498298
1,3,4,NaN
1,3,4,0.7943141978951035
2,2,4,NaN
2,2,4,NaN
2,2,4,0.9336743037628588
1,3,4,0.06058247105517931
3,1,4,NaN
3,1,4,0.6211047067208528
1,3,4,NaN
1,3,4,NaN
4,0,4,NaN
1,3,4,0.9336743037628588
1,3,4,NaN
1,3,4,0.6629394266610144
1,3,4,NaN
1,3,4,0.5164194987623703
3,1,4,0.534054961478336
1,3,4,0.922483585895465
2,2,4,NaN
4,0,4,0.534054961478336
1,3,4,NaN
4,0,4,NaN
2,2,4,0.21187913375295056
1,3,4,0.7351022872357142
4,0,4,NaN
2,2,4,0.7943141978951035
3,1,4,0.2770589453938832
1,3,4,0.14080710657571024
2,2,4,NaN
2,2,4,NaN
1,3,4,0.24299412154726827
2,2,4,NaN
2,2,4,0.14080710657571024
1,3,4,0.21187913375295056
2,2,4,NaN
3,1,4,NaN
2,2,4,0.534054961478336
2,2,4,NaN
2,2,4,NaN
2,2,4,NaN
2,2,4,NaN
1,3,4,0.39365820288251563
3,1,4,NaN
4,0,4,0.7351022872357142
4,0,4,0.9050972117330874
2,2,4,0.8418168267177661
4,0,4,NaN
2,2,4,NaN
2,2,4,NaN
2,2,4,NaN
4,0,4,NaN
1,3,4,0.0018763804107325142
1,3,4,NaN
1,3,4,0.6211047067208528
1,3,4,0.9411219610121818
3,1,4,NaN
4,0,4,0.7351022872357142
2,2,4,NaN
2,2,4,0.534054961478336
2,2,4,NaN
3,1,4,NaN
1,3,4,0.4389759442456205
2,2,4,NaN
1,3,4,0.12196444410581492
2,2,4,0.03973270879120916
2,2,4,0.18561760226461765
1,3,4,NaN
1,3,4,NaN
1,3,4,0.5257759542067934
1,3,4,NaN
1,3,4,NaN
2,2,4,0.12196444410581492
4,0,4,NaN
3,1,4,NaN
1,3,4,NaN
2,2,4,NaN
4,0,4,NaN
2,2,4,0.4389759442456205
1,3,4,NaN
1,3,4,0.03973270879120916
2,2,4,NaN
4,0,4,0.6629394266610144
2,2,4,NaN
2,2,4,0.922483585895465
1,3,4,0.05295374443847441
3,1,4,NaN
1,3,4,NaN
3,1,4,NaN
2,2,4,NaN
2,2,4,0.12196444410581492
2,2,4,NaN
3,1,4,NaN
3,1,4,0.4869472780660612
1,3,4,0.7351022872357142
1,3,4,NaN
1,3,4,NaN
4,0,4,0.7008553584305408
3,1,4,0.9690207992381747
4,0,4,NaN
1,3,4,NaN
1,3,4,0.534054961478336
1,3,4,NaN
2,2,4,NaN
1,3,4,0.922483585895465
2,2,4,NaN
2,2,4,0.8204795116931126
4,0,4,0.24299412154726827
2,2,4,0.751997803097459
2,2,4,NaN
2,2,4,NaN
3,1,4,0.9336743037628588
1,3,4,NaN
1,3,4,NaN
1,3,4,0.22136077401529367
1,3,4,0.161264881038212
3,1,4,NaN
1,3,4,NaN
2,2,4,NaN
2,2,4,NaN
4,0,4,NaN
2,2,4,0.6629394266610144
2,2,4,0.9097889372969507
3,1,4,NaN
2,2,4,NaN
3,1,4,NaN
2,2,4,0.39365820288251563
3,1,4,NaN
4,0,4,NaN
4,0,4,0.9690207992381747
2,2,4,0.99604904991201
3,1,4,NaN
2,2,4,NaN
1,3,4,0.7943141978951035
2,2,4,NaN
2,2,4,0.7943141978951035
2,2,4,0.03973270879120916
2,2,4,NaN
4,0,4,0.3147278493122561
1,3,4,0.7659187175498298
3,1,4,NaN
4,0,4,0.3147278493122561
3,1,4,0.9097889372969507
2,2,4,NaN
1,3,4,NaN
3,1,4,0.161264881038212
4,0,4,NaN
4,0,4,0.3147278493122561
2,2,4,0.24299412154726827
3,1,4,NaN
1,3,4,NaN
2,2,4,NaN
1,3,4,NaN
1,3,4,0.7008553584305408
2,2,4,NaN
1,3,4,0.9845924478014567
1,3,4,NaN
2,2,4,NaN
2,2,4,NaN
1,3,4,NaN
4,0,4,0.009708197960407164
3,1,4,NaN
1,3,4,NaN
1,3,4,0.18561760226461765
1,3,4,0.5773495910338519
1,3,4,0.06058247105517931
1,3,4,0.8617097556108892
1,3,4,0.7943141978951035
3,1,4,0.7351022872357142
2,2,4,NaN
3,1,4,0.2770589453938832
2,2,4,0.03468779084967369
2,2,4,0.3147278493122561
2,2,4,NaN
1,3,4,NaN
3,1,4,NaN
1,3,4,NaN
3,1,4,NaN
4,0,4,NaN
2,2,4,0.4869472780660612
2,2,4,NaN
2,2,4,NaN
4,0,4,NaN
1,3,4,NaN
3,1,4,NaN
3,1,4,0.534054961478336
3,1,4,0.045946027748132785
2,2,4,NaN
2,2,4,NaN
2,2,4,NaN
2,2,4,NaN
3,1,4,NaN
1,3,4,NaN
2,2,4,NaN
1,3,4,0.8617097556108892
2,2,4,NaN
2,2,4,0.03973270879120916
4,0,4,0.35163936320323114
1,3,4,NaN
1,3,4,0.2770589453938832
2,2,4,NaN
1,3,4,0.9690207992381747
2,2,4,NaN
1,3,4,NaN
1,3,4,NaN
3,1,4,0.161264881038212
1,3,4,NaN
1,3,4,NaN
2,2,4,0.922483585895465
1,3,4,NaN
1,3,4,NaN
1,3,4,0.161264881038212
1,3,4,NaN
2,2,4,NaN
3,1,4,NaN
2,2,4,NaN
1,3,4,NaN
3,1,4,NaN
3,1,4,NaN
4,0,4,NaN
2,2,4,0.10644627622097674
2,2,4,0.4051252950196333
1,3,4,0.8918075171143799
1,3,4,0.7659187175498298
2,2,4,NaN
1,3,4,NaN
1,3,4,0.019582362947367808
1,3,4,NaN
1,3,4,NaN
1,3,4,NaN
2,2,4,0.4869472780660612
1,3,4,NaN
2,2,4,0.7008553584305408
3,1,4,0.06058247105517931
2,2,4,NaN
1,3,4,0.6629394266610144
3,1,4,0.7008553584305408
1,3,4,0.4389759442456205
1,3,4,0.9690207992381747
2,2,4,0.35163936320323114
1,3,4,NaN
2,2,4,0.9097889372969507
1,3,4,NaN
2,2,4,NaN
2,2,4,NaN
1,3,4,0.14080710657571024
3,1,4,NaN
2,2,4,0.06988872661807305
2,2,4,NaN
2,2,4,NaN
4,0,4,NaN
1,3,4,0.07041803706521456
2,2,4,0.9444012070806406
1,3,4,NaN
2,2,4,0.013595179396091573
2,2,4,0.9336743037628588
2,2,4,0.02611284212389445
2,2,4,0.3147278493122561
2,2,4,0.915591886164412
1,3,4,0.8418168267177661
2,2,4,0.045946027748132785
1,3,4,NaN
2,2,4,NaN
4,0,4,NaN
3,1,4,0.8204795116931126
2,2,4,0.6629394266610144
3,1,4,0.06058247105517931
4,0,4,NaN
1,3,4,NaN
1,3,4,0.5773495910338519
1,3,4,NaN
2,2,4,NaN
4,0,4,NaN
4,0,4,NaN
3,1,4,NaN
2,2,4,0.6563875518623467
1,3,4,0.8791469822960243
2,2,4,0.161264881038212
1,3,4,NaN
1,3,4,NaN
2,2,4,NaN
1,3,4,NaN
4,0,4,0.8617097556108892
2,2,4,0.35163936320323114
2,2,4,NaN
3,1,4,0.7351022872357142
1,3,4,NaN
4,0,4,0.12196444410581492
4,0,4,NaN
2,2,4,0.35163936320323114
2,2,4,NaN
2,2,4,NaN
2,2,4,0.12196444410581492
1,3,4,0.7351022872357142
1,3,4,NaN
1,3,4,0.022641636257990223
1,3,4,NaN
1,3,4,0.7659187175498298
3,1,4,NaN
1,3,4,NaN
4,0,4,NaN
2,2,4,0.8157383068822491
2,2,4,0.4869472780660612
1,3,4,0.39365820288251563
3,1,4,NaN
1,3,4,NaN
2,2,4,NaN
2,2,4,0.534054961478336
1,3,4,0.1252989628083312
2,2,4,NaN
1,3,4,NaN
4,0,4,0.7351022872357142
1,3,4,NaN
2,2,4,NaN
2,2,4,NaN
1,3,4,0.24299412154726827
1,3,4,NaN
2,2,4,0.534054961478336
1,3,4,NaN
4,0,4,0.534054961478336
1,3,4,NaN
2,2,4,0.2770589453938832
2,2,4,NaN
1,3,4,0.2906276312104283
4,0,4,NaN
1,3,4,0.045946027748132785
2,2,4,0.9389456812951761
3,1,4,0.9336743037628588
2,2,4,NaN
1,3,4,NaN
1,3,4,0.7008553584305408
2,2,4,0.7659187175498298
2,2,4,0.36959257766905407
1,3,4,NaN
1,3,4,0.21187913375295056
2,2,4,NaN
2,2,4,NaN
4,0,4,NaN
4,0,4,NaN
1,3,4,0.17262273752817672
2,2,4,NaN
2,2,4,0.6211047067208528
2,2,4,NaN
1,3,4,NaN
1,3,4,0.8617097556108892
1,3,4,0.7943141978951035
2,2,4,0.534054961478336
4,0,4,NaN
3,1,4,NaN
1,3,4,NaN
1,3,4,NaN
2,2,4,0.022641636257990223
1,3,4,NaN
1,3,4,NaN
1,3,4,0.6211047067208528
1,3,4,0.8949950374154003
2,2,4,NaN
2,2,4,0.9534911290835386
1,3,4,0.5773495910338519
2,2,4,0.0035002013226525163
4,0,4,NaN
2,2,4,NaN
1,3,4,NaN
1,3,4,0.3923554629692027
2,2,4,0.8791469822960243
1,3,4,0.005100602238806189
1,3,4,NaN
1,3,4,NaN
2,2,4,0.005100602238806189
2,2,4,0.534054961478336
1,3,4,0.24299412154726827
3,1,4,NaN
1,3,4,NaN
2,2,4,0.14080710657571024
1,3,4,0.5773495910338519
1,3,4,0.12196444410581492
2,2,4,0.8694281895446939
1,3,4,NaN
1,3,4,NaN
1,3,4,NaN
2,2,4,0.6629394266610144
1,3,4,0.35163936320323114
1,3,4,0.10644627622097674
1,3,4,NaN
1,3,4,0.14080710657571024
1,3,4,0.7287040245056824
1,3,4,NaN
1,3,4,0.10644627622097674
1,3,4,0.7008553584305408
1,3,4,NaN
1,3,4,NaN
4,0,4,0.6629394266610144
2,2,4,0.4389759442456205
1,3,4,NaN
1,3,4,NaN
2,2,4,NaN
1,3,4,0.7511589307488591
1,3,4,NaN
3,1,4,0.3864896500598819
2,2,4,0.21187913375295056
1,3,4,0.39365820288251563
1,3,4,NaN
2,2,4,NaN
4,0,4,NaN
2,2,4,0.24299412154726827
4,0,4,NaN
1,3,4,NaN
1,3,4,NaN
1,3,4,NaN
1,3,4,0.6211047067208528
1,3,4,0.8791469822960243
2,2,4,NaN
4,0,4,NaN
1,3,4,NaN
1,3,4,0.4389759442456205
1,3,4,NaN
2,2,4,NaN
2,2,4,0.534054961478336
1,3,4,0.14080710657571024
1,3,4,NaN
1,3,4,NaN
1,3,4,NaN
2,2,4,NaN
1,3,4,0.2770589453938832
1,3,4,NaN
2,2,4,0.5624100504369717
1,3,4,0.022641636257990223
1,3,4,0.2770589453938832
1,3,4,NaN
4,0,4,NaN
4,0,4,0.7529922418824272
1,3,4,NaN
1,3,4,NaN
1,3,4,NaN
1,3,4,NaN
1,3,4,NaN
1,3,4,NaN
4,0,4,NaN
2,2,4,NaN
2,2,4,0.9799588626550771
1,3,4,0.6629394266610144
1,3,4,0.4869472780660612
1,3,4,0.4869472780660612
2,2,4,NaN
1,3,4,0.534054961478336
4,0,4,NaN
4,0,4,0.8949950374154003
1,3,4,NaN
1,3,4,NaN
3,1,4,0.21187913375295056
1,3,4,0.161264881038212
1,3,4,NaN
2,2,4,NaN
1,3,4,0.06988872661807305
1,3,4,0.7943141978951035
1,3,4,0.6629394266610144
2,2,4,0.5893595730167072
1,3,4,0.7008553584305408
1,3,4,NaN
1,3,4,NaN
1,3,4,NaN
1,3,4,0.045946027748132785
1,3,4,NaN
3,1,4,NaN
1,3,4,NaN
1,3,4,0.25946422430211424
1,3,4,NaN
1,3,4,NaN
1,3,4,0.5773495910338519
1,3,4,0.39365820288251563
1,3,4,NaN
1,3,4,0.14080710657571024
1,3,4,0.534054961478336
1,3,4,NaN
2,2,4,0.18561760226461765
1,3,4,0.7351022872357142
1,3,4,NaN
1,3,4,0.534054961478336
1,3,4,NaN
1,3,4,0.18561760226461765
2,2,4,0.18561760226461765
1,3,4,0.06058247105517931
1,3,4,NaN
1,3,4,0.39365820288251563
1,3,4,NaN
1,3,4,NaN
2,2,4,0.14080710657571024
1,3,4,NaN
1,3,4,0.922483585895465
1,3,4,0.09816248290955543
1,3,4,0.022641636257990223
1,3,4,0.02611284212389445
1,3,4,NaN
1,3,4,NaN
1,3,4,NaN
1,3,4,0.7659187175498298
1,3,4,NaN
4,0,4,NaN
1,3,4,NaN
1,3,4,NaN
1,3,4,NaN
2,2,4,0.4389759442456205
1,3,4,NaN
1,3,4,NaN
1,3,4,0.015678018775019908
1,3,4,0.14080710657571024
1,3,4,NaN
1,3,4,0.7659187175498298
1,3,4,NaN
1,3,4,NaN
1,3,4,NaN
1,3,4,NaN
1,3,4,NaN
2,2,4,NaN
1,3,4,NaN
1,3,4,0.06988872661807305
1,3,4,0.8418168267177661
1,3,4,0.534054961478336
2,2,4,NaN
1,3,4,NaN
1,3,4,NaN
1,3,4,0.004280193845140511
1,3,4,NaN
1,3,4,NaN
1,3,4,NaN
1,3,4,NaN
1,3,4,NaN
1,3,4,0.8215298843666329
0,4,4,NaN
0,4,4,0.12196444410581492
0,4,4,NaN
0,4,4,NaN
0,4,4,NaN
0,4,4,0.06988872661807305
0,4,4,NaN
0,4,4,NaN
0,4,4,NaN
0,4,4,NaN
0,4,4,NaN
0,4,4,NaN
0,4,4,NaN
0,4,4,NaN
0,4,4,NaN
0,4,4,0.4869472780660612
0,4,4,NaN
0,4,4,NaN
0,4,4,NaN
0,4,4,NaN
0,4,4,NaN
0,4,4,NaN
0,4,4,0.7659187175498298
0,4,4,0.161264881038212
0,4,4,NaN
0,4,4,NaN
0,4,4,NaN
0,4,4,NaN
0,4,4,NaN
0,4,4,NaN
0,4,4,0.24299412154726827
0,4,4,0.21365415163132023
0,4,4,0.8204795116931126
0,4,4,0.045946027748132785
0,4,4,NaN
0,4,4,NaN
0,4,4,0.6211047067208528
0,4,4,NaN
0,4,4,NaN
0,4,4,0.12196444410581492
0,4,4,NaN
0,4,4,NaN
0,4,4,0.8791469822960243
0,4,4,NaN
0,4,4,NaN
0,4,4,0.6211047067208528
0,4,4,NaN
0,4,4,NaN
0,4,4,0.9534911290835386
0,4,4,NaN
0,4,4,0.7943141978951035
0,4,4,0.045946027748132785
0,4,4,NaN
0,4,4,NaN
0,4,4,0.005100602238806189
0,4,4,0.7943141978951035
0,4,4,0.161264881038212
0,4,4,NaN
0,4,4,NaN
0,4,4,NaN
0,4,4,NaN
0,4,4,NaN
0,4,4,0.39365820288251563
0,4,4,NaN
0,4,4,NaN
0,4,4,NaN
0,4,4,NaN
0,4,4,NaN
0,4,4,NaN
0,4,4,NaN
0,4,4,0.8204795116931126
0,4,4,NaN
0,4,4,NaN
0,4,4,NaN
0,4,4,0.14080710657571024
0,4,4,NaN
0,4,4,NaN
0,4,4,NaN
0,4,4,NaN
0,4,4,NaN
0,4,4,0.2770589453938832
0,4,4,0.35163936320323114
0,4,4,NaN
0,4,4,NaN
0,4,4,0.4389759442456205
0,4,4,0.8418168267177661
0,4,4,NaN
0,4,4,0.6516018670740176
0,4,4,0.24299412154726827
0,4,4,0.8617097556108892
0,4,4,NaN
0,4,4,0.02611284212389445
0,4,4,NaN
0,4,4,NaN
0,4,4,NaN
0,4,4,0.8418168267177661
0,4,4,NaN
0,4,4,NaN
0,4,4,NaN
0,4,4,NaN
0,4,4,NaN
0,4,4,NaN
0,4,4,0.881143991419024
0,4,4,NaN
0,4,4,0.3147278493122561
0,4,4,NaN
0,4,4,0.7351022872357142
0,4,4,NaN
0,4,4,NaN
0,4,4,NaN
0,4,4,NaN
0,4,4,NaN
0,4,4,0.09331494238381467
0,4,4,NaN
0,4,4,NaN
0,4,4,NaN
0,4,4,0.4869472780660612
0,4,4,NaN
0,4,4,NaN
0,4,4,0.08115644780417555
0,4,4,0.8123444631103206
0,4,4,NaN
0,4,4,NaN
0,4,4,0.962032138983051
0,4,4,NaN
0,4,4,NaN
0,4,4,NaN
0,4,4,0.7008553584305408
0,4,4,0.4389759442456205
0,4,4,NaN
0,4,4,NaN
0,4,4,NaN
0,4,4,NaN
0,4,4,0.06058247105517931
0,4,4,NaN
0,4,4,NaN
0,4,4,NaN
0,4,4,0.161264881038212
0,4,4,NaN
0,4,4,NaN
0,4,4,0.06988872661807305
0,4,4,0.39365820288251563
0,4,4,0.24299412154726827
0,4,4,NaN
0,4,4,NaN
0,4,4,NaN
0,4,4,NaN
0,4,4,NaN
0,4,4,NaN
0,4,4,0.6629394266610144
0,4,4,NaN
0,4,4,0.9845924478014567
0,4,4,0.8949950374154003
0,4,4,0.14080710657571024
0,4,4,NaN
0,4,4,0.5773495910338519
0,4,4,NaN
0,4,4,0.991808263676121
0,4,4,0.4389759442456205
0,4,4,NaN
0,4,4,0.6211047067208528
0,4,4,NaN
0,4,4,0.21187913375295056
0,4,4,0.8617097556108892
0,4,4,NaN
0,4,4,NaN
0,4,4,NaN
0,4,4,NaN
0,4,4,NaN
0,4,4,NaN
0,4,4,NaN
0,4,4,NaN
0,4,4,NaN
0,4,4,NaN
0,4,4,NaN
0,4,4,NaN
0,4,4,0.08115644780417555
0,4,4,NaN
0,4,4,0.02323597671314239
0,4,4,0.9444012070806406
0,4,4,NaN
0,4,4,0.1570721579954449
0,4,4,0.056550511450094335
0,4,4,0.7008553584305408
0,4,4,NaN
0,4,4,NaN
0,4,4,NaN
0,4,4,NaN
0,4,4,0.39365820288251563
0,4,4,0.8648960248319841
0,4,4,NaN
0,4,4,NaN
0,4,4,NaN
0,4,4,0.5680169620616218
0,4,4,NaN
0,4,4,NaN
0,4,4,0.3147278493122561
0,4,4,NaN
0,4,4,NaN
0,4,4,0.7659187175498298
0,4,4,0.7659187175498298
0,4,4,NaN
0,4,4,NaN
0,4,4,NaN
0,4,4,NaN
0,4,4,NaN
0,4,4,NaN
0,4,4,NaN
0,4,4,0.007827960273527267
0,4,4,NaN
0,4,4,0.8617097556108892
0,4,4,0.08115644780417555
0,4,4,NaN
0,4,4,NaN
0,4,4,NaN
0,4,4,NaN
0,4,4,NaN
0,4,4,NaN
0,4,4,NaN
0,4,4,NaN
0,4,4,NaN
0,4,4,0.24299412154726827
0,4,4,NaN
0,4,4,NaN
0,4,4,0.9097889372969507
0,4,4,NaN
0,4,4,NaN
0,4,4,NaN
0,4,4,NaN
0,4,4,NaN
0,4,4,NaN
0,4,4,NaN
0,4,4,NaN
0,4,4,NaN
0,4,4,0.9336743037628588
0,4,4,0.9534911290835386
0,4,4,0.05295374443847441
0,4,4,NaN
0,4,4,NaN
0,4,4,NaN
0,4,4,NaN
0,4,4,NaN
0,4,4,NaN
0,4,4,NaN
0,4,4,NaN
0,4,4,0.06988872661807305
0,4,4,NaN
0,4,4,NaN
0,4,4,NaN
0,4,4,0.7659187175498298
0,4,4,NaN
0,4,4,NaN
0,4,4,0.8418168267177661
0,4,4,NaN
0,4,4,NaN
0,4,4,0.6211047067208528
0,4,4,NaN
0,4,4,NaN
0,4,4,NaN
0,4,4,NaN
0,4,4,0.734929388314828
0,4,4,NaN
0,4,4,NaN
0,4,4,NaN
0,4,4,NaN
0,4,4,NaN
0,4,4,NaN
0,4,4,NaN
0,4,4,NaN
0,4,4,0.6211047067208528
0,4,4,NaN
0,4,4,0.90704025542623
0,4,4,NaN
0,4,4,NaN
0,4,4,NaN
0,4,4,NaN
0,4,4,NaN
0,4,4,NaN
0,4,4,NaN
0,4,4,NaN
0,4,4,0.9097889372969507
0,4,4,0.35163936320323114
0,4,4,NaN
0,4,4,0.03973270879120916
0,4,4,NaN
0,4,4,NaN
0,4,4,NaN
0,4,4,NaN
0,4,4,NaN
0,4,4,NaN
0,4,4,NaN
0,4,4,0.922483585895465
0,4,4,NaN
0,4,4,NaN
0,4,4,NaN
0,4,4,0.9444012070806406
0,4,4,0.35163936320323114
0,4,4,NaN
0,4,4,NaN
0,4,4,0.534054961478336
0,4,4,NaN
0,4,4,0.08115644780417555
0,4,4,NaN
0,4,4,0.21187913375295056
0,4,4,NaN
0,4,4,NaN
0,4,4,NaN
0,4,4,0.7008553584305408
0,4,4,NaN
0,4,4,NaN
0,4,4,0.534054961478336
0,4,4,NaN
0,4,4,NaN
0,4,4,0.18561760226461765
0,4,4,NaN
0,4,4,NaN
0,4,4,0.161264881038212
0,4,4,0.4389759442456205
0,4,4,NaN
0,4,4,NaN
0,4,4,NaN
0,4,4,NaN
0,4,4,NaN
0,4,4,NaN
0,4,4,NaN
0,4,4,NaN
0,4,4,0.022641636257990223
0,4,4,NaN
0,4,4,NaN
0,4,4,NaN
0,4,4,NaN
0,4,4,NaN
0,4,4,NaN
0,4,4,0.8791469822960243
0,4,4,NaN
0,4,4,0.39365820288251563
0,4,4,NaN
0,4,4,0.8791469822960243
0,4,4,NaN
0,4,4,NaN
0,4,4,NaN
0,4,4,NaN
0,4,4,0.4389759442456205
0,4,4,NaN
0,4,4,0.8618573526905764
0,4,4,0.35824444283245577
0,4,4,NaN
0,4,4,0.39365820288251563
0,4,4,NaN
0,4,4,0.045946027748132785
0,4,4,NaN
0,4,4,NaN
0,4,4,NaN
0,4,4,NaN
0,4,4,0.35163936320323114
0,4,4,NaN
0,4,4,0.016352394412106192
0,4,4,0.4389759442456205
0,4,4,0.9845924478014567
0,4,4,0.7659187175498298
0,4,4,NaN
0,4,4,0.21187913375295056
0,4,4,NaN
0,4,4,NaN
0,4,4,0.9097889372969507
0,4,4,NaN
0,4,4,NaN
0,4,4,NaN
0,4,4,NaN
0,4,4,NaN
0,4,4,NaN
0,4,4,NaN
0,4,4,NaN
0,4,4,NaN
0,4,4,0.8204795116931126
0,4,4,NaN
0,4,4,0.8846775689119276
0,4,4,NaN
0,4,4,NaN
0,4,4,0.24299412154726827
0,4,4,NaN
0,4,4,NaN
0,4,4,0.008253574304509322
0,4,4,0.9799588626550771
0,4,4,NaN
0,4,4,NaN
0,4,4,0.5773495910338519
0,4,4,NaN
0,4,4,NaN
0,4,4,NaN
0,4,4,NaN
0,4,4,NaN
0,4,4,NaN
0,4,4,NaN
0,4,4,NaN
0,4,4,0.35163936320323114
0,4,4,0.03973270879120916
0,4,4,NaN
0,4,4,0.016352394412106192
0,4,4,NaN
0,4,4,NaN
0,4,4,NaN
0,4,4,NaN
0,4,4,0.8418168267177661
0,4,4,NaN
0,4,4,NaN
0,4,4,0.5773495910338519
0,4,4,0.5558101257768585
0,4,4,NaN
0,4,4,0.7351022872357142
0,4,4,NaN
0,4,4,0.8949950374154003
0,4,4,0.10644627622097674
0,4,4,NaN
0,4,4,0.9845924478014567
0,4,4,NaN
0,4,4,0.5773495910338519
0,4,4,0.09331494238381467
0,4,4,0.8791469822960243
0,4,4,NaN
0,4,4,NaN
0,4,4,NaN
0,4,4,NaN
0,4,4,NaN
0,4,4,0.534054961478336
0,4,4,0.8418168267177661
0,4,4,0.39365820288251563
0,4,4,NaN
0,4,4,NaN
0,4,4,NaN
0,4,4,NaN
0,4,4,NaN
0,4,4,NaN
0,4,4,0.4389759442456205
0,4,4,NaN
0,4,4,NaN
0,4,4,NaN
0,4,4,NaN
0,4,4,NaN
0,4,4,0.6629394266610144
0,4,4,0.7943141978951035
0,4,4,0.161264881038212
0,4,4,0.7943141978951035
0,4,4,NaN
0,4,4,NaN
0,4,4,NaN
0,4,4,0.7659187175498298
0,4,4,0.6211047067208528
0,4,4,NaN
0,4,4,NaN
0,4,4,NaN
0,4,4,NaN
0,4,4,0.7659187175498298
0,4,4,0.10644627622097674
0,4,4,NaN
0,4,4,NaN
0,4,4,NaN
0,4,4,NaN
0,4,4,NaN
0,4,4,NaN
0,4,4,NaN
0,4,4,NaN
0,4,4,NaN
0,4,4,NaN
0,4,4,NaN
0,4,4,NaN
0,4,4,NaN
0,4,4,NaN
0,4,4,0.7008553584305408
0,4,4,0.8791469822960243
0,4,4,0.10644627622097674
0,4,4,NaN
0,4,4,0.2770589453938832
0,4,4,NaN
0,4,4,NaN
0,4,4,0.3147278493122561
0,4,4,NaN
0,4,4,NaN
0,4,4,0.7659187175498298
0,4,4,NaN
0,4,4,0.6629394266610144
0,4,4,NaN
0,4,4,0.009431380161635968
0,4,4,0.2770589453938832
0,4,4,0.161264881038212
0,4,4,NaN
0,4,4,NaN
0,4,4,0.13695339715739177
0,4,4,NaN
0,4,4,NaN
0,4,4,NaN
0,4,4,NaN
0,4,4,NaN
0,4,4,0.8204795116931126
0,4,4,0.5773495910338519
0,4,4,0.8791469822960243
0,4,4,NaN
0,4,4,NaN
0,4,4,NaN
0,4,4,0.21187913375295056
0,4,4,NaN
0,4,4,NaN
0,4,4,0.35163936320323114
0,4,4,0.3147278493122561
0,4,4,0.8113104065011121
0,4,4,NaN
0,4,4,0.18561760226461765
0,4,4,NaN
0,4,4,NaN
0,4,4,NaN
0,4,4,NaN
0,4,4,0.5773495910338519
0,4,4,NaN
0,4,4,NaN
0,4,4,0.02611284212389445
0,4,4,0.24299412154726827
0,4,4,0.7943141978951035
0,4,4,0.35163936320323114
0,4,4,NaN
0,4,4,0.09331494238381467
0,4,4,NaN
0,4,4,NaN
0,4,4,NaN
0,4,4,NaN
0,4,4,NaN
0,4,4,NaN
0,4,4,NaN
0,4,4,NaN
0,4,4,0.2770589453938832
0,4,4,NaN
0,4,4,NaN
0,4,4,0.7351022872357142
0,4,4,NaN
0,4,4,NaN
0,4,4,NaN
0,4,4,NaN
0,4,4,NaN
0,4,4,NaN
0,4,4,0.8949950374154003
0,4,4,NaN
0,4,4,NaN
0,4,4,NaN
0,4,4,0.12196444410581492
0,4,4,NaN
0,4,4,NaN
0,4,4,NaN
0,4,4,NaN
0,4,4,NaN
0,4,4,0.21187913375295056
0,4,4,NaN
0,4,4,0.7351022872357142
0,4,4,NaN
0,4,4,0.0003085070178292836
0,4,4,NaN
0,4,4,NaN
0,4,4,0.21187913375295056
0,4,4,NaN
0,4,4,NaN
0,4,4,NaN
0,4,4,NaN
0,4,4,NaN
0,4,4,NaN
0,4,4,0.9444012070806406
0,4,4,0.8418168267177661
0,4,4,NaN
0,4,4,NaN
0,4,4,0.161264881038212
0,4,4,0.6211047067208528
0,4,4,NaN
0,4,4,NaN
0,4,4,NaN
0,4,4,NaN
0,4,4,NaN
0,4,4,NaN
0,4,4,NaN
0,4,4,NaN
0,4,4,0.24299412154726827
0,4,4,NaN
0,4,4,0.6211047067208528
0,4,4,NaN
0,4,4,0.8949950374154003
0,4,4,0.4869472780660612
0,4,4,NaN
0,4,4,NaN
0,4,4,NaN
0,4,4,0.06058247105517931
0,4,4,0.7008553584305408
0,4,4,NaN
0,4,4,NaN
0,4,4,NaN
0,4,4,NaN
0,4,4,NaN
0,4,4,0.7943141978951035
0,4,4,NaN
0,4,4,NaN
0,4,4,0.4869472780660612
0,4,4,NaN
0,4,4,NaN
0,4,4,NaN
0,4,4,NaN
0,4,4,NaN
0,4,4,0.9336743037628588
0,4,4,0.39365820288251563
0,4,4,NaN
0,4,4,NaN
0,4,4,NaN
0,4,4,0.8791469822960243
0,4,4,0.8617097556108892
0,4,4,NaN
0,4,4,NaN
0,4,4,0.00021377253783244358
0,4,4,0.4869472780660612
0,4,4,NaN
0,4,4,0.4389759442456205
0,4,4,0.8029982712614788
0,4,4,NaN
0,4,4,NaN
0,4,4,NaN
0,4,4,NaN
0,4,4,0.8418168267177661
0,4,4,NaN
0,4,4,0.8949950374154003
0,4,4,NaN
0,4,4,NaN
0,4,4,NaN
0,4,4,NaN
0,4,4,NaN
0,4,4,NaN
0,4,4,NaN
0,4,4,NaN
0,4,4,0.8204795116931126
0,4,4,NaN
0,4,4,NaN
0,4,4,NaN
0,4,4,0.7008553584305408
0,4,4,NaN
0,4,4,0.8949950374154003
0,4,4,0.09331494238381467
0,4,4,NaN
0,4,4,NaN
0,4,4,0.534054961478336
0,4,4,NaN
0,4,4,NaN
0,4,4,NaN
0,4,4,NaN
0,4,4,NaN
0,4,4,NaN
0,4,4,0.14080710657571024
0,4,4,0.5773495910338519
0,4,4,NaN
0,4,4,0.6629394266610144
0,4,4,NaN
0,4,4,NaN
0,4,4,NaN
0,4,4,NaN
0,4,4,NaN
0,4,4,NaN
0,4,4,0.08115644780417555
0,4,4,0.3147278493122561
0,4,4,0.6629394266610144
0,4,4,NaN
0,4,4,0.7008553584305408
0,4,4,NaN
0,4,4,0.8949950374154003
0,4,4,0.8204795116931126
0,4,4,NaN
0,4,4,NaN
0,4,4,NaN
0,4,4,NaN
0,4,4,NaN
0,4,4,NaN
0,4,4,0.7008553584305408
0,4,4,NaN
0,4,4,NaN
0,4,4,NaN
0,4,4,NaN
0,4,4,NaN
0,4,4,NaN
3,0,3,NaN
3,0,3,NaN
3,0,3,NaN
3,0,3,0.03973270879120916
2,1,3,NaN
3,0,3,NaN
3,0,3,NaN
2,1,3,NaN
3,0,3,0.4869472780660612
3,0,3,NaN
3,0,3,NaN
2,1,3,NaN
2,1,3,0.35163936320323114
3,0,3,0.10644627622097674
3,0,3,NaN
1,2,3,0.09816248290955543
3,0,3,NaN
3,0,3,NaN
2,1,3,NaN
3,0,3,NaN
1,2,3,0.8617097556108892
3,0,3,NaN
3,0,3,NaN
2,1,3,0.9452512051460086
3,0,3,0.9097889372969507
3,0,3,NaN
2,1,3,NaN
3,0,3,0.14080710657571024
3,0,3,NaN
1,2,3,NaN
3,0,3,0.10644627622097674
3,0,3,NaN
2,1,3,0.9121298765507543
3,0,3,NaN
3,0,3,NaN
2,1,3,NaN
3,0,3,NaN
3,0,3,NaN
3,0,3,NaN
1,2,3,NaN
1,2,3,0.7351022872357142
3,0,3,0.7409332389158217
3,0,3,NaN
3,0,3,NaN
3,0,3,0.39365820288251563
3,0,3,NaN
3,0,3,NaN
3,0,3,NaN
2,1,3,NaN
3,0,3,NaN
3,0,3,NaN
1,2,3,0.9690207992381747
3,0,3,NaN
3,0,3,NaN
3,0,3,0.39365820288251563
3,0,3,0.161264881038212
3,0,3,NaN
2,1,3,0.8113104065011121
3,0,3,NaN
1,2,3,NaN
3,0,3,NaN
3,0,3,NaN
2,1,3,0.534054961478336
3,0,3,NaN
3,0,3,NaN
2,1,3,0.161264881038212
3,0,3,0.4389759442456205
2,1,3,0.08115644780417555
3,0,3,NaN
1,2,3,0.21187913375295056
1,2,3,0.8617097556108892
3,0,3,0.08115644780417555
1,2,3,0.9444012070806406
3,0,3,NaN
3,0,3,0.7008553584305408
3,0,3,0.10644627622097674
2,1,3,0.5135204956201115
3,0,3,NaN
3,0,3,NaN
3,0,3,NaN
2,1,3,NaN
2,1,3,0.534054961478336
3,0,3,NaN
3,0,3,NaN
1,2,3,NaN
1,2,3,0.05295374443847441
2,1,3,NaN
3,0,3,0.05295374443847441
3,0,3,NaN
3,0,3,NaN
2,1,3,0.8204795116931126
3,0,3,NaN
2,1,3,NaN
1,2,3,NaN
3,0,3,NaN
3,0,3,NaN
2,1,3,NaN
3,0,3,0.09331494238381467
3,0,3,NaN
2,1,3,NaN
3,0,3,NaN
2,1,3,NaN
2,1,3,NaN
3,0,3,NaN
2,1,3,NaN
3,0,3,NaN
3,0,3,0.6629394266610144
2,1,3,0.9312593716464758
3,0,3,NaN
3,0,3,0.7943141978951035
3,0,3,0.08115644780417555
2,1,3,NaN
3,0,3,NaN
3,0,3,NaN
1,2,3,NaN
2,1,3,NaN
3,0,3,NaN
2,1,3,NaN
1,2,3,0.6581346281864346
2,1,3,NaN
2,1,3,0.022641636257990223
3,0,3,NaN
1,2,3,NaN
3,0,3,NaN
3,0,3,0.35163936320323114
3,0,3,NaN
2,1,3,0.045946027748132785
1,2,3,NaN
3,0,3,NaN
3,0,3,NaN
3,0,3,0.14080710657571024
3,0,3,NaN
3,0,3,NaN
3,0,3,0.35163936320323114
3,0,3,NaN
3,0,3,NaN
3,0,3,0.08115644780417555
2,1,3,0.10644627622097674
3,0,3,NaN
1,2,3,NaN
3,0,3,NaN
3,0,3,0.12196444410581492
1,2,3,0.8401884009126244
3,0,3,0.9097889372969507
1,2,3,NaN
3,0,3,0.6629394266610144
3,0,3,NaN
1,2,3,0.35163936320323114
2,1,3,0.39365820288251563
3,0,3,NaN
1,2,3,0.019582362947367808
3,0,3,NaN
3,0,3,NaN
3,0,3,NaN
3,0,3,NaN
2,1,3,0.9336743037628588
3,0,3,NaN
3,0,3,NaN
3,0,3,NaN
3,0,3,NaN
3,0,3,0.9452736117663113
2,1,3,0.4362818310637738
1,2,3,NaN
3,0,3,0.9336743037628588
2,1,3,NaN
3,0,3,NaN
3,0,3,0.003442105670104662
1,2,3,NaN
3,0,3,0.7008553584305408
2,1,3,NaN
1,2,3,NaN
3,0,3,0.8791469822960243
3,0,3,NaN
3,0,3,NaN
2,1,3,NaN
3,0,3,0.14080710657571024
3,0,3,NaN
3,0,3,0.2692424355749709
3,0,3,0.8617097556108892
3,0,3,NaN
3,0,3,NaN
3,0,3,0.18561760226461765
3,0,3,0.8617097556108892
3,0,3,NaN
3,0,3,NaN
3,0,3,NaN
3,0,3,NaN
3,0,3,NaN
2,1,3,NaN
3,0,3,0.6629394266610144
2,1,3,0.12196444410581492
3,0,3,NaN
2,1,3,NaN
3,0,3,NaN
1,2,3,0.8290752304125107
3,0,3,NaN
3,0,3,0.4389759442456205
2,1,3,0.18561760226461765
3,0,3,NaN
2,1,3,NaN
2,1,3,NaN
3,0,3,0.8204795116931126
3,0,3,NaN
3,0,3,NaN
3,0,3,NaN
3,0,3,NaN
3,0,3,NaN
3,0,3,0.9336743037628588
3,0,3,0.4869472780660612
3,0,3,NaN
3,0,3,NaN
3,0,3,NaN
3,0,3,NaN
2,1,3,0.7351022872357142
3,0,3,0.14080710657571024
3,0,3,NaN
3,0,3,NaN
3,0,3,NaN
3,0,3,NaN
3,0,3,0.922483585895465
3,0,3,NaN
2,1,3,NaN
3,0,3,0.7943141978951035
3,0,3,NaN
3,0,3,0.6211047067208528
3,0,3,NaN
3,0,3,NaN
3,0,3,NaN
3,0,3,NaN
3,0,3,1.650458545807456e-5
1,2,3,NaN
2,1,3,NaN
3,0,3,0.03973270879120916
1,2,3,NaN
2,1,3,NaN
1,2,3,NaN
2,1,3,NaN
2,1,3,NaN
2,1,3,NaN
3,0,3,NaN
3,0,3,0.24603115705892453
3,0,3,NaN
3,0,3,NaN
2,1,3,NaN
3,0,3,NaN
3,0,3,NaN
3,0,3,0.5773495910338519
2,1,3,NaN
3,0,3,NaN
2,1,3,NaN
3,0,3,NaN
3,0,3,0.534054961478336
2,1,3,0.5773495910338519
1,2,3,NaN
2,1,3,NaN
2,1,3,NaN
1,2,3,0.4389759442456205
3,0,3,NaN
2,1,3,NaN
2,1,3,NaN
3,0,3,NaN
3,0,3,0.08115644780417555
3,0,3,NaN
3,0,3,NaN
3,0,3,NaN
1,2,3,NaN
3,0,3,NaN
3,0,3,NaN
3,0,3,NaN
3,0,3,0.8204795116931126
3,0,3,0.7659187175498298
2,1,3,NaN
1,2,3,0.10644627622097674
3,0,3,NaN
3,0,3,0.03468779084967369
2,1,3,0.24299412154726827
3,0,3,NaN
3,0,3,NaN
2,1,3,NaN
3,0,3,NaN
3,0,3,NaN
3,0,3,NaN
3,0,3,0.4389759442456205
3,0,3,0.03973270879120916
3,0,3,0.39365820288251563
3,0,3,NaN
2,1,3,NaN
2,1,3,NaN
3,0,3,0.8791469822960243
3,0,3,NaN
3,0,3,NaN
2,1,3,NaN
2,1,3,NaN
3,0,3,NaN
3,0,3,NaN
3,0,3,NaN
3,0,3,NaN
3,0,3,0.922483585895465
3,0,3,NaN
3,0,3,NaN
3,0,3,NaN
3,0,3,NaN
1,2,3,NaN
3,0,3,NaN
3,0,3,0.6211047067208528
1,2,3,NaN
2,1,3,NaN
3,0,3,0.7008553584305408
1,2,3,NaN
3,0,3,0.01636753597101559
2,1,3,0.161264881038212
3,0,3,NaN
3,0,3,NaN
3,0,3,NaN
3,0,3,NaN
2,1,3,NaN
2,1,3,NaN
3,0,3,NaN
2,1,3,NaN
3,0,3,NaN
3,0,3,NaN
3,0,3,NaN
2,1,3,NaN
3,0,3,NaN
3,0,3,NaN
1,2,3,0.045946027748132785
3,0,3,NaN
3,0,3,NaN
3,0,3,0.6211047067208528
2,1,3,NaN
2,1,3,NaN
1,2,3,0.7351022872357142
3,0,3,NaN
1,2,3,0.534054961478336
3,0,3,NaN
3,0,3,NaN
3,0,3,NaN
3,0,3,NaN
3,0,3,NaN
3,0,3,NaN
3,0,3,NaN
3,0,3,NaN
3,0,3,0.7351022872357142
3,0,3,0.7351022872357142
3,0,3,0.7943141978951035
2,1,3,0.05295374443847441
2,1,3,0.963406018248146
3,0,3,0.7351022872357142
3,0,3,NaN
2,1,3,0.6211047067208528
2,1,3,NaN
3,0,3,0.6211047067208528
2,1,3,0.534054961478336
2,1,3,NaN
3,0,3,NaN
3,0,3,0.8949950374154003
3,0,3,0.5490408605083255
2,1,3,NaN
3,0,3,NaN
3,0,3,NaN
3,0,3,NaN
3,0,3,NaN
3,0,3,NaN
2,1,3,NaN
2,1,3,NaN
3,0,3,NaN
3,0,3,NaN
3,0,3,NaN
3,0,3,NaN
3,0,3,NaN
3,0,3,NaN
3,0,3,NaN
3,0,3,NaN
3,0,3,0.4869472780660612
3,0,3,NaN
2,1,3,0.6211047067208528
3,0,3,0.03973270879120916
3,0,3,NaN
1,2,3,0.0005358867667097031
3,0,3,NaN
1,2,3,0.4389759442456205
2,1,3,NaN
2,1,3,0.3147278493122561
3,0,3,NaN
3,0,3,NaN
3,0,3,0.35163936320323114
3,0,3,NaN
2,1,3,NaN
3,0,3,NaN
3,0,3,NaN
1,2,3,0.8418168267177661
3,0,3,NaN
3,0,3,0.06058247105517931
1,2,3,NaN
1,2,3,NaN
3,0,3,NaN
3,0,3,NaN
2,1,3,0.962032138983051
3,0,3,0.35944974396699086
3,0,3,NaN
2,1,3,NaN
3,0,3,NaN
3,0,3,0.4389759442456205
2,1,3,NaN
3,0,3,NaN
2,1,3,0.06058247105517931
3,0,3,NaN
1,2,3,NaN
3,0,3,0.21187913375295056
3,0,3,0.12196444410581492
2,1,3,NaN
3,0,3,0.6563875518623467
3,0,3,0.8418168267177661
1,2,3,0.3817204096208113
2,1,3,0.24299412154726827
2,1,3,NaN
3,0,3,NaN
3,0,3,0.7008553584305408
2,1,3,NaN
3,0,3,NaN
1,2,3,NaN
3,0,3,NaN
2,1,3,NaN
3,0,3,NaN
3,0,3,NaN
2,1,3,0.7659187175498298
3,0,3,NaN
3,0,3,NaN
3,0,3,0.9097889372969507
2,1,3,0.579049057228479
3,0,3,NaN
3,0,3,0.00044663296139045566
3,0,3,NaN
2,1,3,NaN
3,0,3,0.8204795116931126
3,0,3,0.7351022872357142
3,0,3,0.6629394266610144
2,1,3,NaN
3,0,3,0.5773495910338519
3,0,3,NaN
2,1,3,NaN
1,2,3,NaN
1,2,3,NaN
3,0,3,0.73490864013557
3,0,3,0.37512418658143093
3,0,3,NaN
2,1,3,0.12747075101832725
1,2,3,NaN
2,1,3,NaN
3,0,3,0.2770589453938832
3,0,3,0.534054961478336
3,0,3,NaN
3,0,3,NaN
3,0,3,0.3147278493122561
2,1,3,NaN
1,2,3,NaN
3,0,3,NaN
3,0,3,NaN
3,0,3,NaN
2,1,3,NaN
3,0,3,NaN
2,1,3,NaN
3,0,3,NaN
3,0,3,NaN
2,1,3,NaN
1,2,3,0.5773495910338519
2,1,3,NaN
2,1,3,NaN
3,0,3,NaN
2,1,3,0.534054961478336
3,0,3,NaN
2,1,3,NaN
3,0,3,NaN
3,0,3,NaN
2,1,3,NaN
3,0,3,0.9534911290835386
3,0,3,NaN
2,1,3,0.045946027748132785
2,1,3,NaN
3,0,3,NaN
3,0,3,0.5773495910338519
3,0,3,NaN
1,2,3,NaN
3,0,3,0.03468779084967369
3,0,3,NaN
3,0,3,NaN
3,0,3,NaN
2,1,3,0.5126586812115792
3,0,3,NaN
3,0,3,0.7659187175498298
3,0,3,NaN
3,0,3,NaN
3,0,3,0.12196444410581492
3,0,3,NaN
3,0,3,NaN
2,1,3,0.3147278493122561
3,0,3,0.5773495910338519
3,0,3,NaN
3,0,3,NaN
3,0,3,NaN
3,0,3,NaN
2,1,3,0.21187913375295056
3,0,3,0.21187913375295056
2,1,3,NaN
3,0,3,0.12196444410581492
2,1,3,0.6332894109419442
3,0,3,0.7943141978951035
3,0,3,NaN
3,0,3,NaN
2,1,3,NaN
2,1,3,0.11107671803555849
3,0,3,0.4869472780660612
3,0,3,0.007827960273527267
2,1,3,NaN
2,1,3,NaN
2,1,3,NaN
3,0,3,NaN
3,0,3,NaN
3,0,3,0.1556482451844874
3,0,3,NaN
3,0,3,0.39365820288251563
3,0,3,NaN
3,0,3,0.02611284212389445
3,0,3,NaN
2,1,3,NaN
3,0,3,0.7659187175498298
1,2,3,NaN
2,1,3,NaN
2,1,3,NaN
3,0,3,NaN
2,1,3,NaN
2,1,3,0.991808263676121
2,1,3,NaN
3,0,3,NaN
2,1,3,NaN
3,0,3,NaN
1,2,3,0.7711154964759444
3,0,3,NaN
3,0,3,NaN
3,0,3,NaN
3,0,3,NaN
2,1,3,NaN
3,0,3,0.962032138983051
3,0,3,0.9845924478014567
1,2,3,NaN
3,0,3,0.8286953672056603
3,0,3,0.161264881038212
2,1,3,NaN
2,1,3,NaN
3,0,3,0.35163936320323114
2,1,3,NaN
3,0,3,NaN
3,0,3,NaN
3,0,3,NaN
2,1,3,0.7943141978951035
3,0,3,NaN
3,0,3,0.4389759442456205
3,0,3,NaN
3,0,3,NaN
2,1,3,0.7008553584305408
2,1,3,0.6211047067208528
3,0,3,NaN
2,1,3,NaN
3,0,3,NaN
3,0,3,0.36580721280013206
3,0,3,NaN
3,0,3,0.08115644780417555
2,1,3,0.6629394266610144
2,1,3,NaN
3,0,3,NaN
3,0,3,0.9534911290835386
3,0,3,NaN
2,1,3,NaN
3,0,3,NaN
3,0,3,NaN
2,1,3,0.7659187175498298
3,0,3,NaN
3,0,3,0.24299412154726827
3,0,3,0.039178038526981776
3,0,3,NaN
3,0,3,0.5773495910338519
2,1,3,0.534054961478336
3,0,3,NaN
3,0,3,NaN
1,2,3,NaN
3,0,3,0.3147278493122561
3,0,3,NaN
1,2,3,NaN
2,1,3,0.1451234832768592
3,0,3,0.2770589453938832
2,1,3,NaN
2,1,3,NaN
3,0,3,NaN
3,0,3,NaN
3,0,3,NaN
3,0,3,NaN
3,0,3,0.016352394412106192
2,1,3,NaN
3,0,3,NaN
3,0,3,0.36959257766905407
3,0,3,NaN
3,0,3,NaN
3,0,3,NaN
2,1,3,NaN
2,1,3,NaN
2,1,3,0.9399757026466128
3,0,3,NaN
1,2,3,NaN
1,2,3,0.05295374443847441
2,1,3,0.019582362947367808
3,0,3,NaN
3,0,3,NaN
3,0,3,NaN
3,0,3,0.7351022872357142
3,0,3,NaN
3,0,3,0.013595179396091573
1,2,3,NaN
2,1,3,NaN
2,1,3,NaN
3,0,3,NaN
3,0,3,NaN
3,0,3,NaN
1,2,3,0.7943141978951035
1,2,3,NaN
3,0,3,NaN
3,0,3,NaN
3,0,3,0.7351022872357142
2,1,3,0.5773495910338519
2,1,3,NaN
3,0,3,NaN
1,2,3,0.534054961478336
2,1,3,NaN
1,2,3,NaN
2,1,3,0.08115644780417555
2,1,3,0.12196444410581492
2,1,3,0.8204795116931126
2,1,3,0.7351022872357142
3,0,3,NaN
3,0,3,NaN
3,0,3,NaN
3,0,3,0.9444012070806406
3,0,3,NaN
2,1,3,NaN
2,1,3,NaN
3,0,3,NaN
3,0,3,NaN
2,1,3,NaN
1,2,3,0.10644627622097674
3,0,3,NaN
3,0,3,NaN
3,0,3,NaN
3,0,3,NaN
3,0,3,NaN
2,1,3,NaN
3,0,3,NaN
3,0,3,NaN
3,0,3,0.03025847703180226
3,0,3,NaN
3,0,3,NaN
2,1,3,NaN
3,0,3,0.3147278493122561
1,2,3,0.2770589453938832
3,0,3,NaN
3,0,3,NaN
2,1,3,NaN
3,0,3,0.03973270879120916
3,0,3,NaN
3,0,3,NaN
2,1,3,NaN
3,0,3,NaN
2,1,3,0.009708197960407164
3,0,3,NaN
2,1,3,NaN
3,0,3,NaN
3,0,3,NaN
3,0,3,NaN
3,0,3,NaN
3,0,3,NaN
2,1,3,0.12196444410581492
3,0,3,0.24299412154726827
3,0,3,NaN
3,0,3,NaN
3,0,3,0.8949950374154003
3,0,3,NaN
3,0,3,0.6629394266610144
2,1,3,NaN
3,0,3,NaN
3,0,3,0.908884201870921
3,0,3,0.9749834651108517
3,0,3,NaN
3,0,3,NaN
2,1,3,0.2770589453938832
3,0,3,NaN
3,0,3,0.1774872217037549
2,1,3,0.9561746596596232
3,0,3,NaN
1,2,3,NaN
2,1,3,0.5773495910338519
3,0,3,NaN
1,2,3,NaN
1,2,3,NaN
3,0,3,NaN
2,1,3,0.8617097556108892
3,0,3,NaN
3,0,3,NaN
3,0,3,NaN
3,0,3,0.04988791531202718
3,0,3,0.6629394266610144
3,0,3,NaN
3,0,3,0.35163936320323114
3,0,3,NaN
1,2,3,NaN
1,2,3,0.35163936320323114
2,1,3,NaN
3,0,3,NaN
1,2,3,0.2770589453938832
2,1,3,0.7008553584305408
3,0,3,0.4869472780660612
2,1,3,0.4389759442456205
2,1,3,NaN
3,0,3,0.12196444410581492
2,1,3,NaN
3,0,3,NaN
3,0,3,NaN
3,0,3,NaN
2,1,3,0.8949950374154003
3,0,3,NaN
3,0,3,0.7008553584305408
3,0,3,NaN
2,1,3,NaN
3,0,3,0.022641636257990223
2,1,3,0.35163936320323114
2,1,3,0.8949950374154003
3,0,3,NaN
3,0,3,NaN
2,1,3,0.03973270879120916
2,1,3,NaN
3,0,3,0.6629394266610144
3,0,3,NaN
2,1,3,NaN
1,2,3,0.6211047067208528
3,0,3,NaN
3,0,3,NaN
3,0,3,NaN
2,1,3,NaN
3,0,3,NaN
3,0,3,NaN
3,0,3,0.534054961478336
3,0,3,NaN
2,1,3,0.14080710657571024
2,1,3,0.032582612034687
2,1,3,NaN
2,1,3,0.0867627331326878
3,0,3,NaN
1,2,3,NaN
3,0,3,0.7659187175498298
3,0,3,0.8617097556108892
3,0,3,NaN
2,1,3,NaN
3,0,3,0.12196444410581492
1,2,3,NaN
3,0,3,0.06988872661807305
3,0,3,0.9444012070806406
3,0,3,0.7943141978951035
1,2,3,NaN
2,1,3,0.14080710657571024
3,0,3,NaN
3,0,3,NaN
3,0,3,NaN
3,0,3,NaN
3,0,3,NaN
3,0,3,NaN
3,0,3,NaN
3,0,3,0.0022313495331405257
2,1,3,0.12196444410581492
3,0,3,0.018739304966585057
1,2,3,NaN
2,1,3,NaN
2,1,3,NaN
2,1,3,NaN
3,0,3,NaN
3,0,3,NaN
3,0,3,NaN
3,0,3,NaN
3,0,3,0.06988872661807305
3,0,3,0.4869472780660612
3,0,3,0.9845924478014567
3,0,3,0.35163936320323114
3,0,3,NaN
1,2,3,0.8949950374154003
3,0,3,0.534054961478336
1,2,3,0.9994978448196823
3,0,3,NaN
2,1,3,NaN
2,1,3,0.7008553584305408
3,0,3,NaN
2,1,3,0.6211047067208528
3,0,3,NaN
3,0,3,NaN
2,1,3,NaN
3,0,3,NaN
1,2,3,0.3147278493122561
3,0,3,0.161264881038212
3,0,3,0.7008553584305408
2,1,3,NaN
2,1,3,0.7943141978951035
2,1,3,NaN
3,0,3,NaN
2,1,3,0.6211047067208528
3,0,3,0.534054961478336
2,1,3,NaN
3,0,3,NaN
3,0,3,0.019582362947367808
3,0,3,0.3103570680766021
3,0,3,NaN
2,1,3,NaN
2,1,3,0.22663646407110755
3,0,3,NaN
2,1,3,NaN
3,0,3,NaN
3,0,3,0.14080710657571024
2,1,3,NaN
1,2,3,NaN
2,1,3,NaN
3,0,3,NaN
2,1,3,0.6629394266610144
3,0,3,NaN
3,0,3,NaN
2,1,3,NaN
3,0,3,0.06988872661807305
2,1,3,0.9749834651108517
3,0,3,NaN
3,0,3,NaN
3,0,3,NaN
3,0,3,0.3147278493122561
3,0,3,NaN
2,1,3,NaN
3,0,3,NaN
2,1,3,NaN
3,0,3,0.8204795116931126
2,1,3,0.2770589453938832
3,0,3,0.7351022872357142
3,0,3,NaN
3,0,3,NaN
3,0,3,NaN
2,1,3,0.7008553584305408
3,0,3,0.026276295154686692
1,2,3,0.3147278493122561
3,0,3,0.18561760226461765
2,1,3,0.7659187175498298
3,0,3,0.8418168267177661
2,1,3,0.161264881038212
2,1,3,NaN
2,1,3,NaN
3,0,3,NaN
3,0,3,NaN
3,0,3,NaN
3,0,3,NaN
2,1,3,NaN
3,0,3,NaN
3,0,3,NaN
3,0,3,NaN
3,0,3,NaN
3,0,3,NaN
3,0,3,0.6211047067208528
3,0,3,NaN
3,0,3,0.6211047067208528
3,0,3,0.21187913375295056
1,2,3,NaN
3,0,3,NaN
3,0,3,NaN
3,0,3,0.7659187175498298
3,0,3,NaN
2,1,3,0.019582362947367808
3,0,3,0.6211047067208528
3,0,3,NaN
3,0,3,NaN
3,0,3,NaN
3,0,3,NaN
2,1,3,NaN
3,0,3,NaN
3,0,3,NaN
1,2,3,0.9444012070806406
2,1,3,NaN
3,0,3,NaN
3,0,3,NaN
3,0,3,NaN
3,0,3,NaN
3,0,3,NaN
3,0,3,0.9097889372969507
3,0,3,0.05295374443847441
3,0,3,NaN
2,1,3,NaN
3,0,3,NaN
3,0,3,NaN
3,0,3,0.5624190893075987
3,0,3,0.07277030002081401
2,1,3,0.003442105670104662
2,1,3,NaN
2,1,3,NaN
2,1,3,0.4869472780660612
2,1,3,NaN
2,1,3,NaN
3,0,3,0.534054961478336
2,1,3,NaN
3,0,3,0.7351022872357142
3,0,3,NaN
1,2,3,0.908884201870921
3,0,3,0.7351022872357142
2,1,3,NaN
3,0,3,NaN
3,0,3,0.24299412154726827
2,1,3,NaN
3,0,3,NaN
3,0,3,NaN
2,1,3,NaN
3,0,3,NaN
3,0,3,NaN
2,1,3,NaN
3,0,3,0.6629394266610144
2,1,3,0.4869472780660612
3,0,3,NaN
3,0,3,NaN
3,0,3,NaN
3,0,3,0.35163936320323114
3,0,3,NaN
3,0,3,NaN
3,0,3,NaN
3,0,3,NaN
3,0,3,NaN
3,0,3,0.8617097556108892
2,1,3,NaN
3,0,3,NaN
3,0,3,NaN
3,0,3,NaN
3,0,3,0.7943141978951035
3,0,3,NaN
2,1,3,NaN
3,0,3,NaN
3,0,3,NaN
3,0,3,NaN
3,0,3,NaN
2,1,3,0.05295374443847441
1,2,3,0.8418168267177661
2,1,3,NaN
3,0,3,0.534054961478336
2,1,3,NaN
2,1,3,NaN
3,0,3,0.9097889372969507
3,0,3,NaN
3,0,3,NaN
3,0,3,0.05295374443847441
2,1,3,0.011625908468073121
3,0,3,0.8418168267177661
3,0,3,NaN
3,0,3,NaN
2,1,3,NaN
3,0,3,NaN
1,2,3,0.5773495910338519
3,0,3,NaN
1,2,3,NaN
3,0,3,NaN
2,1,3,NaN
3,0,3,NaN
1,2,3,0.4869472780660612
3,0,3,NaN
3,0,3,NaN
2,1,3,NaN
1,2,3,NaN
2,1,3,NaN
3,0,3,NaN
3,0,3,NaN
2,1,3,NaN
3,0,3,0.161264881038212
3,0,3,NaN
2,1,3,NaN
2,1,3,NaN
2,1,3,NaN
3,0,3,NaN
3,0,3,0.016352394412106192
2,1,3,NaN
2,1,3,NaN
3,0,3,0.161264881038212
3,0,3,NaN
1,2,3,NaN
2,1,3,0.4869472780660612
3,0,3,NaN
3,0,3,NaN
1,2,3,0.8418168267177661
2,1,3,NaN
3,0,3,NaN
3,0,3,NaN
2,1,3,NaN
3,0,3,NaN
1,2,3,0.18561760226461765
3,0,3,NaN
3,0,3,NaN
3,0,3,0.766608367263857
2,1,3,0.3147278493122561
2,1,3,NaN
3,0,3,NaN
3,0,3,NaN
3,0,3,NaN
3,0,3,NaN
2,1,3,0.8791469822960243
3,0,3,NaN
2,1,3,NaN
2,1,3,NaN
3,0,3,NaN
3,0,3,0.18561760226461765
1,2,3,0.4389759442456205
3,0,3,NaN
3,0,3,NaN
3,0,3,NaN
3,0,3,0.1403175327529739
3,0,3,0.15297250216596528
3,0,3,NaN
3,0,3,NaN
3,0,3,NaN
1,2,3,NaN
3,0,3,NaN
1,2,3,NaN
2,1,3,NaN
3,0,3,0.001044946795645325
3,0,3,NaN
3,0,3,NaN
2,1,3,NaN
3,0,3,NaN
3,0,3,NaN
2,1,3,NaN
3,0,3,NaN
3,0,3,NaN
1,2,3,NaN
1,2,3,NaN
3,0,3,0.9444012070806406
3,0,3,0.7659187175498298
2,1,3,NaN
1,2,3,NaN
3,0,3,NaN
3,0,3,NaN
3,0,3,NaN
2,1,3,0.2770589453938832
3,0,3,0.39365820288251563
3,0,3,NaN
3,0,3,NaN
3,0,3,NaN
3,0,3,NaN
3,0,3,0.7659187175498298
3,0,3,0.2770589453938832
1,2,3,0.7659187175498298
1,2,3,NaN
3,0,3,0.7659187175498298
3,0,3,NaN
3,0,3,NaN
3,0,3,NaN
2,1,3,0.39365820288251563
3,0,3,NaN
3,0,3,NaN
2,1,3,NaN
2,1,3,NaN
3,0,3,NaN
3,0,3,NaN
2,1,3,0.9631244249519287
2,1,3,0.6211047067208528
1,2,3,NaN
3,0,3,NaN
3,0,3,NaN
3,0,3,NaN
3,0,3,NaN
3,0,3,NaN
3,0,3,NaN
3,0,3,NaN
3,0,3,NaN
3,0,3,0.7008553584305408
3,0,3,NaN
3,0,3,0.534054961478336
3,0,3,NaN
2,1,3,NaN
3,0,3,NaN
3,0,3,0.8204795116931126
2,1,3,NaN
3,0,3,0.7659187175498298
3,0,3,NaN
3,0,3,0.21187913375295056
3,0,3,0.4869472780660612
3,0,3,NaN
2,1,3,NaN
3,0,3,NaN
3,0,3,0.03025847703180226
3,0,3,NaN
3,0,3,0.6629394266610144
2,1,3,0.534054961478336
3,0,3,NaN
3,0,3,NaN
2,1,3,NaN
2,1,3,NaN
2,1,3,0.4389759442456205
2,1,3,0.7659187175498298
2,1,3,NaN
3,0,3,NaN
3,0,3,NaN
2,1,3,0.12196444410581492
3,0,3,NaN
1,2,3,NaN
2,1,3,NaN
3,0,3,NaN
2,1,3,NaN
2,1,3,NaN
3,0,3,0.18561760226461765
3,0,3,NaN
3,0,3,NaN
3,0,3,NaN
3,0,3,0.4869472780660612
3,0,3,NaN
3,0,3,NaN
3,0,3,NaN
3,0,3,NaN
3,0,3,NaN
2,1,3,NaN
3,0,3,NaN
2,1,3,NaN
3,0,3,NaN
3,0,3,NaN
3,0,3,0.5773495910338519
3,0,3,NaN
3,0,3,NaN
2,1,3,NaN
3,0,3,NaN
3,0,3,NaN
3,0,3,0.7943141978951035
3,0,3,NaN
3,0,3,NaN
3,0,3,NaN
3,0,3,NaN
2,1,3,0.14551437756673102
2,1,3,NaN
3,0,3,NaN
3,0,3,0.21187913375295056
2,1,3,0.8418168267177661
3,0,3,0.7351022872357142
3,0,3,0.9612802816371875
2,1,3,NaN
3,0,3,NaN
2,1,3,NaN
3,0,3,0.016352394412106192
1,2,3,0.05295374443847441
3,0,3,0.09959077566266682
3,0,3,0.39365820288251563
3,0,3,0.24299412154726827
3,0,3,0.002245706259241102
3,0,3,NaN
3,0,3,NaN
2,1,3,NaN
2,1,3,NaN
3,0,3,0.0019575942924920132
3,0,3,NaN
3,0,3,0.4869472780660612
2,1,3,NaN
2,1,3,0.7943141978951035
3,0,3,0.40507507434229056
2,1,3,0.2770589453938832
3,0,3,0.39365820288251563
3,0,3,NaN
1,2,3,NaN
3,0,3,NaN
3,0,3,NaN
3,0,3,NaN
3,0,3,NaN
3,0,3,0.18561760226461765
2,1,3,NaN
2,1,3,0.4869472780660612
3,0,3,NaN
1,2,3,0.5773495910338519
3,0,3,0.06988872661807305
2,1,3,NaN
3,0,3,NaN
3,0,3,0.4389759442456205
3,0,3,0.8791469822960243
3,0,3,NaN
2,1,3,NaN
3,0,3,0.534054961478336
3,0,3,NaN
3,0,3,NaN
3,0,3,NaN
3,0,3,NaN
1,2,3,NaN
3,0,3,NaN
3,0,3,NaN
3,0,3,NaN
3,0,3,NaN
2,1,3,NaN
3,0,3,NaN
2,1,3,NaN
3,0,3,NaN
2,1,3,NaN
3,0,3,NaN
3,0,3,NaN
1,2,3,NaN
3,0,3,NaN
3,0,3,0.08115644780417555
3,0,3,NaN
2,1,3,NaN
3,0,3,0.06058247105517931
3,0,3,NaN
2,1,3,NaN
3,0,3,NaN
2,1,3,NaN
3,0,3,0.8418168267177661
3,0,3,NaN
3,0,3,0.3147278493122561
2,1,3,NaN
3,0,3,NaN
3,0,3,NaN
2,1,3,0.852248959486196
3,0,3,NaN
3,0,3,NaN
3,0,3,0.962032138983051
3,0,3,NaN
3,0,3,NaN
3,0,3,0.12196444410581492
3,0,3,NaN
2,1,3,0.10644627622097674
3,0,3,NaN
1,2,3,NaN
3,0,3,NaN
3,0,3,NaN
2,1,3,NaN
3,0,3,0.3147278493122561
3,0,3,0.8204795116931126
3,0,3,0.2770589453938832
2,1,3,0.5773495910338519
3,0,3,0.7659187175498298
3,0,3,NaN
3,0,3,0.33444683265217007
3,0,3,NaN
3,0,3,NaN
2,1,3,NaN
3,0,3,NaN
2,1,3,NaN
1,2,3,NaN
1,2,3,0.12196444410581492
2,1,3,0.161264881038212
3,0,3,0.06988872661807305
2,1,3,NaN
3,0,3,NaN
3,0,3,NaN
3,0,3,NaN
3,0,3,NaN
3,0,3,NaN
3,0,3,NaN
3,0,3,NaN
3,0,3,NaN
2,1,3,NaN
3,0,3,NaN
3,0,3,NaN
2,1,3,0.8204795116931126
2,1,3,0.21187913375295056
3,0,3,NaN
2,1,3,NaN
2,1,3,0.4389759442456205
3,0,3,NaN
3,0,3,NaN
2,1,3,NaN
3,0,3,NaN
3,0,3,NaN
3,0,3,NaN
2,1,3,NaN
2,1,3,NaN
3,0,3,0.6211047067208528
3,0,3,NaN
3,0,3,0.8949950374154003
2,1,3,0.30728168715621196
3,0,3,NaN
3,0,3,NaN
1,2,3,0.5208172689929056
2,1,3,NaN
3,0,3,NaN
2,1,3,NaN
3,0,3,NaN
1,2,3,0.7351022872357142
3,0,3,NaN
2,1,3,NaN
3,0,3,0.07797577634069393
2,1,3,NaN
3,0,3,0.35163936320323114
2,1,3,NaN
3,0,3,NaN
2,1,3,0.7008553584305408
3,0,3,NaN
2,1,3,0.6211047067208528
3,0,3,NaN
2,1,3,NaN
3,0,3,0.9097889372969507
3,0,3,NaN
3,0,3,NaN
2,1,3,0.24299412154726827
3,0,3,NaN
1,2,3,NaN
2,1,3,NaN
3,0,3,NaN
1,2,3,NaN
1,2,3,NaN
3,0,3,NaN
3,0,3,NaN
3,0,3,0.5773495910338519
2,1,3,NaN
3,0,3,NaN
3,0,3,NaN
2,1,3,NaN
3,0,3,NaN
1,2,3,NaN
3,0,3,NaN
3,0,3,NaN
3,0,3,NaN
3,0,3,NaN
3,0,3,NaN
2,1,3,NaN
3,0,3,NaN
2,1,3,0.7943141978951035
2,1,3,NaN
1,2,3,NaN
3,0,3,0.5773495910338519
2,1,3,NaN
2,1,3,0.161264881038212
3,0,3,NaN
3,0,3,0.05295374443847441
2,1,3,NaN
3,0,3,0.9534911290835386
1,2,3,0.14080710657571024
2,1,3,NaN
3,0,3,NaN
3,0,3,NaN
3,0,3,NaN
3,0,3,0.08115644780417555
3,0,3,0.4869472780660612
2,1,3,0.7008553584305408
3,0,3,0.24299412154726827
3,0,3,0.9097889372969507
3,0,3,NaN
2,1,3,0.9845924478014567
3,0,3,NaN
3,0,3,NaN
2,1,3,NaN
3,0,3,NaN
3,0,3,NaN
2,1,3,0.8617097556108892
3,0,3,NaN
1,2,3,0.8204795116931126
1,2,3,NaN
2,1,3,NaN
3,0,3,NaN
2,1,3,0.7351022872357142
3,0,3,NaN
2,1,3,0.12196444410581492
1,2,3,0.6653674959233236
2,1,3,NaN
1,2,3,NaN
2,1,3,NaN
2,1,3,NaN
2,1,3,0.21187913375295056
3,0,3,NaN
3,0,3,0.7659187175498298
1,2,3,0.8204795116931126
3,0,3,NaN
3,0,3,NaN
3,0,3,0.7659187175498298
2,1,3,0.6419307927155035
3,0,3,NaN
2,1,3,0.8976951835173568
3,0,3,NaN
2,1,3,NaN
3,0,3,0.4869472780660612
3,0,3,NaN
2,1,3,NaN
3,0,3,0.14080710657571024
2,1,3,0.8418168267177661
3,0,3,NaN
3,0,3,0.9336743037628588
3,0,3,0.9336743037628588
2,1,3,NaN
2,1,3,NaN
2,1,3,NaN
3,0,3,NaN
3,0,3,NaN
3,0,3,NaN
3,0,3,NaN
3,0,3,NaN
2,1,3,NaN
3,0,3,NaN
2,1,3,NaN
3,0,3,NaN
3,0,3,0.0019575942924920132
3,0,3,NaN
2,1,3,0.2770589453938832
3,0,3,NaN
3,0,3,0.4869472780660612
2,1,3,NaN
1,2,3,0.05295374443847441
2,1,3,0.35163936320323114
3,0,3,NaN
3,0,3,NaN
2,1,3,NaN
1,2,3,NaN
3,0,3,0.4389759442456205
3,0,3,0.534054961478336
2,1,3,NaN
3,0,3,0.6629394266610144
3,0,3,0.7351022872357142
3,0,3,0.8204795116931126
3,0,3,NaN
2,1,3,NaN
3,0,3,NaN
3,0,3,0.14080710657571024
3,0,3,NaN
3,0,3,NaN
3,0,3,NaN
3,0,3,NaN
3,0,3,NaN
2,1,3,NaN
3,0,3,NaN
3,0,3,NaN
3,0,3,0.9534911290835386
2,1,3,0.06058247105517931
3,0,3,NaN
2,1,3,NaN
3,0,3,NaN
3,0,3,NaN
3,0,3,0.7943141978951035
3,0,3,0.9749834651108517
2,1,3,0.6211047067208528
3,0,3,NaN
3,0,3,NaN
3,0,3,NaN
3,0,3,NaN
2,1,3,NaN
3,0,3,NaN
3,0,3,0.534054961478336
3,0,3,0.21187913375295056
3,0,3,NaN
3,0,3,NaN
3,0,3,0.974892625327987
2,1,3,NaN
3,0,3,NaN
3,0,3,NaN
3,0,3,0.10644627622097674
3,0,3,0.7943141978951035
3,0,3,NaN
2,1,3,NaN
3,0,3,NaN
3,0,3,NaN
3,0,3,NaN
3,0,3,NaN
2,1,3,NaN
2,1,3,0.009708197960407164
2,1,3,0.39365820288251563
3,0,3,NaN
3,0,3,NaN
2,1,3,NaN
3,0,3,0.39365820288251563
2,1,3,NaN
3,0,3,NaN
2,1,3,NaN
1,2,3,0.4389759442456205
3,0,3,NaN
3,0,3,NaN
3,0,3,NaN
3,0,3,NaN
3,0,3,0.4389759442456205
3,0,3,NaN
2,1,3,NaN
3,0,3,NaN
2,1,3,0.7008553584305408
3,0,3,NaN
3,0,3,NaN
1,2,3,NaN
2,1,3,NaN
3,0,3,NaN
3,0,3,0.7008553584305408
3,0,3,NaN
3,0,3,NaN
2,1,3,0.21187913375295056
2,1,3,0.7116002926020761
2,1,3,NaN
2,1,3,NaN
3,0,3,NaN
3,0,3,NaN
3,0,3,0.7008553584305408
3,0,3,NaN
3,0,3,NaN
3,0,3,NaN
1,2,3,NaN
2,1,3,0.05295374443847441
1,2,3,0.8204795116931126
2,1,3,0.045946027748132785
3,0,3,NaN
3,0,3,NaN
3,0,3,NaN
3,0,3,0.05295374443847441
1,2,3,NaN
3,0,3,0.697679905440175
2,1,3,NaN
1,2,3,NaN
3,0,3,NaN
3,0,3,NaN
3,0,3,NaN
2,1,3,0.534054961478336
2,1,3,NaN
3,0,3,0.922483585895465
2,1,3,0.7351022872357142
3,0,3,0.8204795116931126
3,0,3,0.4237427017390893
3,0,3,NaN
3,0,3,NaN
2,1,3,NaN
2,1,3,NaN
3,0,3,NaN
3,0,3,NaN
3,0,3,NaN
3,0,3,NaN
1,2,3,NaN
3,0,3,NaN
1,2,3,0.36017632999797705
2,1,3,NaN
3,0,3,0.7008553584305408
3,0,3,0.21187913375295056
3,0,3,0.9534911290835386
2,1,3,0.0005687180148585598
3,0,3,0.4869472780660612
3,0,3,NaN
2,1,3,0.21187913375295056
3,0,3,0.8791469822960243
3,0,3,0.21187913375295056
2,1,3,NaN
3,0,3,NaN
3,0,3,0.03973270879120916
3,0,3,NaN
2,1,3,NaN
3,0,3,NaN
3,0,3,NaN
2,1,3,NaN
3,0,3,NaN
2,1,3,NaN
3,0,3,0.6629394266610144
2,1,3,NaN
3,0,3,NaN
3,0,3,NaN
1,2,3,NaN
3,0,3,0.8791469822960243
2,1,3,NaN
1,2,3,0.4869472780660612
3,0,3,0.7659187175498298
3,0,3,NaN
3,0,3,NaN
1,2,3,0.6629394266610144
3,0,3,NaN
2,1,3,NaN
3,0,3,NaN
1,2,3,0.5773495910338519
3,0,3,0.5826292651157386
2,1,3,0.7351022872357142
3,0,3,NaN
3,0,3,0.3147278493122561
3,0,3,NaN
3,0,3,NaN
2,1,3,NaN
3,0,3,NaN
1,2,3,NaN
2,1,3,0.7351022872357142
3,0,3,NaN
3,0,3,NaN
3,0,3,NaN
3,0,3,NaN
3,0,3,NaN
2,1,3,NaN
2,1,3,0.4389759442456205
3,0,3,NaN
2,1,3,NaN
3,0,3,NaN
2,1,3,NaN
2,1,3,NaN
2,1,3,NaN
2,1,3,0.8791469822960243
3,0,3,NaN
2,1,3,NaN
3,0,3,NaN
3,0,3,0.9097889372969507
3,0,3,0.5773495910338519
3,0,3,NaN
2,1,3,NaN
3,0,3,0.05295374443847441
2,1,3,NaN
2,1,3,0.6629394266610144
3,0,3,NaN
2,1,3,NaN
3,0,3,NaN
3,0,3,0.06058247105517931
1,2,3,NaN
3,0,3,0.8791469822960243
3,0,3,0.4869472780660612
3,0,3,NaN
1,2,3,0.6629394266610144
2,1,3,NaN
3,0,3,NaN
1,2,3,NaN
2,1,3,NaN
3,0,3,NaN
2,1,3,NaN
3,0,3,0.8204795116931126
1,2,3,NaN
2,1,3,0.161264881038212
2,1,3,0.03973270879120916
3,0,3,0.8103707771094575
3,0,3,0.922483585895465
1,2,3,0.6211047067208528
3,0,3,NaN
2,1,3,NaN
2,1,3,NaN
2,1,3,0.6629394266610144
3,0,3,NaN
2,1,3,NaN
3,0,3,NaN
2,1,3,NaN
1,2,3,0.534054961478336
3,0,3,0.39365820288251563
3,0,3,NaN
3,0,3,0.045946027748132785
2,1,3,NaN
3,0,3,NaN
3,0,3,NaN
2,1,3,NaN
3,0,3,0.7526742239784748
3,0,3,NaN
3,0,3,NaN
3,0,3,NaN
3,0,3,NaN
3,0,3,0.8418168267177661
1,2,3,NaN
3,0,3,NaN
1,2,3,NaN
3,0,3,NaN
3,0,3,0.12196444410581492
2,1,3,0.8949950374154003
3,0,3,NaN
3,0,3,0.7008553584305408
3,0,3,NaN
3,0,3,NaN
2,1,3,NaN
2,1,3,0.14080710657571024
1,2,3,0.18561760226461765
3,0,3,NaN
2,1,3,0.18561760226461765
3,0,3,0.14080710657571024
3,0,3,0.6629394266610144
1,2,3,NaN
1,2,3,NaN
3,0,3,0.10644627622097674
1,2,3,NaN
3,0,3,0.8949950374154003
3,0,3,NaN
1,2,3,0.4879529496369322
3,0,3,NaN
3,0,3,NaN
3,0,3,NaN
3,0,3,0.6629394266610144
2,1,3,0.9988438550211445
2,1,3,0.05295374443847441
3,0,3,0.8791469822960243
3,0,3,NaN
3,0,3,NaN
3,0,3,NaN
3,0,3,NaN
2,1,3,NaN
2,1,3,NaN
3,0,3,NaN
3,0,3,NaN
3,0,3,0.9444012070806406
1,2,3,0.18561760226461765
3,0,3,NaN
1,2,3,NaN
3,0,3,NaN
1,2,3,NaN
3,0,3,NaN
3,0,3,0.10644627622097674
3,0,3,NaN
3,0,3,NaN
3,0,3,NaN
3,0,3,0.8204795116931126
3,0,3,0.18561760226461765
3,0,3,NaN
3,0,3,NaN
3,0,3,NaN
1,2,3,0.2770589453938832
3,0,3,NaN
3,0,3,0.8949950374154003
2,1,3,NaN
2,1,3,0.010564683538447566
3,0,3,NaN
2,1,3,0.4389759442456205
2,1,3,0.24299412154726827
2,1,3,0.14080710657571024
3,0,3,0.161264881038212
2,1,3,NaN
3,0,3,0.8617097556108892
3,0,3,NaN
3,0,3,0.7008553584305408
3,0,3,0.011625908468073121
3,0,3,NaN
1,2,3,NaN
3,0,3,NaN
3,0,3,0.019582362947367808
3,0,3,0.8791469822960243
2,1,3,NaN
3,0,3,NaN
3,0,3,NaN
3,0,3,NaN
2,1,3,0.6211047067208528
3,0,3,NaN
2,1,3,NaN
3,0,3,NaN
1,2,3,NaN
3,0,3,NaN
3,0,3,NaN
2,1,3,NaN
2,1,3,NaN
2,1,3,NaN
3,0,3,NaN
3,0,3,NaN
2,1,3,NaN
3,0,3,0.7943141978951035
3,0,3,NaN
2,1,3,NaN
1,2,3,0.534054961478336
3,0,3,NaN
2,1,3,NaN
1,2,3,0.0053542408422598605
3,0,3,0.997608072328767
3,0,3,0.24299412154726827
3,0,3,NaN
3,0,3,NaN
3,0,3,NaN
3,0,3,0.06058247105517931
3,0,3,NaN
3,0,3,NaN
3,0,3,NaN
3,0,3,NaN
2,1,3,NaN
3,0,3,NaN
1,2,3,0.14107547527436967
3,0,3,NaN
3,0,3,NaN
3,0,3,NaN
2,1,3,NaN
3,0,3,NaN
3,0,3,0.5773495910338519
2,1,3,0.7943141978951035
3,0,3,0.8617097556108892
3,0,3,NaN
3,0,3,NaN
3,0,3,0.7943141978951035
3,0,3,NaN
3,0,3,NaN
3,0,3,NaN
3,0,3,0.4389759442456205
1,2,3,NaN
3,0,3,NaN
3,0,3,NaN
3,0,3,0.9534911290835386
1,2,3,NaN
3,0,3,NaN
3,0,3,0.6629394266610144
3,0,3,NaN
3,0,3,NaN
2,1,3,NaN
2,1,3,0.7659187175498298
2,1,3,NaN
3,0,3,NaN
2,1,3,NaN
3,0,3,NaN
3,0,3,NaN
3,0,3,NaN
3,0,3,NaN
3,0,3,NaN
3,0,3,NaN
2,1,3,0.7943141978951035
2,1,3,NaN
3,0,3,NaN
2,1,3,NaN
3,0,3,0.6211047067208528
3,0,3,NaN
3,0,3,NaN
3,0,3,0.026970288227190494
3,0,3,NaN
1,2,3,0.5963682346289482
3,0,3,NaN
3,0,3,0.3147278493122561
3,0,3,0.161264881038212
2,1,3,0.39365820288251563
2,1,3,NaN
2,1,3,NaN
2,1,3,0.12196444410581492
3,0,3,NaN
3,0,3,NaN
1,2,3,0.19725955609462906
2,1,3,0.8617097556108892
3,0,3,NaN
3,0,3,NaN
3,0,3,NaN
2,1,3,NaN
3,0,3,NaN
3,0,3,NaN
3,0,3,NaN
2,1,3,NaN
1,2,3,NaN
1,2,3,NaN
3,0,3,NaN
3,0,3,NaN
3,0,3,NaN
3,0,3,0.2770589453938832
3,0,3,NaN
3,0,3,NaN
3,0,3,0.9988438550211445
2,1,3,0.10644627622097674
3,0,3,0.7008553584305408
3,0,3,0.14080710657571024
3,0,3,NaN
3,0,3,NaN
3,0,3,0.12196444410581492
1,2,3,NaN
3,0,3,NaN
2,1,3,0.09331494238381467
3,0,3,NaN
2,1,3,0.7351022872357142
2,1,3,NaN
2,1,3,0.5893595730167072
3,0,3,NaN
3,0,3,0.8309234468965002
2,1,3,NaN
3,0,3,NaN
3,0,3,NaN
2,1,3,NaN
3,0,3,NaN
2,1,3,NaN
3,0,3,0.7008553584305408
1,2,3,NaN
2,1,3,NaN
2,1,3,0.35163936320323114
1,2,3,0.10644627622097674
3,0,3,0.7008553584305408
3,0,3,NaN
2,1,3,0.26795821756669086
1,2,3,0.7008553584305408
3,0,3,NaN
3,0,3,NaN
2,1,3,NaN
3,0,3,NaN
3,0,3,0.14080710657571024
3,0,3,NaN
1,2,3,NaN
2,1,3,NaN
3,0,3,0.4869472780660612
3,0,3,NaN
2,1,3,NaN
3,0,3,NaN
3,0,3,0.5773495910338519
3,0,3,NaN
1,2,3,NaN
2,1,3,NaN
2,1,3,0.8617097556108892
2,1,3,NaN
3,0,3,NaN
3,0,3,0.8791469822960243
3,0,3,0.24299412154726827
2,1,3,0.8949950374154003
2,1,3,NaN
3,0,3,0.5773495910338519
3,0,3,NaN
2,1,3,NaN
3,0,3,NaN
2,1,3,NaN
3,0,3,NaN
3,0,3,NaN
1,2,3,NaN
2,1,3,NaN
3,0,3,NaN
2,1,3,0.5773495910338519
2,1,3,NaN
1,2,3,NaN
3,0,3,NaN
2,1,3,0.9749834651108517
1,2,3,NaN
3,0,3,0.14080710657571024
3,0,3,NaN
1,2,3,0.4869472780660612
2,1,3,0.534054961478336
3,0,3,NaN
3,0,3,NaN
2,1,3,0.33444683265217007
3,0,3,0.03468779084967369
2,1,3,0.4363123380656674
2,1,3,NaN
2,1,3,NaN
3,0,3,0.6629394266610144
1,2,3,0.39365820288251563
1,2,3,0.02611284212389445
3,0,3,0.2770589453938832
2,1,3,NaN
3,0,3,NaN
3,0,3,NaN
3,0,3,NaN
2,1,3,NaN
3,0,3,NaN
3,0,3,NaN
2,1,3,0.09067544150263404
3,0,3,0.06058247105517931
3,0,3,NaN
3,0,3,0.161264881038212
3,0,3,NaN
3,0,3,0.4869472780660612
3,0,3,0.7008553584305408
3,0,3,NaN
3,0,3,NaN
1,2,3,0.39365820288251563
3,0,3,0.24299412154726827
3,0,3,NaN
3,0,3,0.06988872661807305
3,0,3,NaN
3,0,3,0.8791469822960243
1,2,3,0.35163936320323114
3,0,3,0.24299412154726827
3,0,3,NaN
3,0,3,NaN
2,1,3,NaN
1,2,3,NaN
2,1,3,NaN
3,0,3,NaN
1,2,3,NaN
2,1,3,0.8791469822960243
3,0,3,NaN
3,0,3,NaN
1,2,3,NaN
3,0,3,NaN
2,1,3,0.962032138983051
2,1,3,0.8204795116931126
3,0,3,0.6629394266610144
3,0,3,NaN
2,1,3,0.39365820288251563
2,1,3,NaN
3,0,3,0.10644627622097674
3,0,3,NaN
2,1,3,NaN
2,1,3,0.12196444410581492
3,0,3,0.4869472780660612
3,0,3,0.9941692455764074
3,0,3,0.9336743037628588
3,0,3,NaN
2,1,3,0.6629394266610144
2,1,3,0.2770589453938832
3,0,3,0.5135204956201115
2,1,3,NaN
2,1,3,0.161264881038212
3,0,3,0.6629394266610144
2,1,3,NaN
1,2,3,NaN
3,0,3,0.20446980535606754
3,0,3,0.4389759442456205
3,0,3,NaN
3,0,3,NaN
2,1,3,0.2770589453938832
2,1,3,NaN
3,0,3,0.6629394266610144
3,0,3,0.02611284212389445
3,0,3,0.7659187175498298
3,0,3,0.7008553584305408
3,0,3,NaN
1,2,3,NaN
2,1,3,NaN
3,0,3,0.5773495910338519
3,0,3,NaN
3,0,3,0.02323597671314239
3,0,3,NaN
3,0,3,NaN
2,1,3,0.9444012070806406
3,0,3,NaN
3,0,3,0.09331494238381467
3,0,3,NaN
3,0,3,0.18561760226461765
3,0,3,0.7351022872357142
2,1,3,NaN
3,0,3,0.7943141978951035
3,0,3,0.07854931348280306
2,1,3,NaN
3,0,3,NaN
2,1,3,0.39365820288251563
2,1,3,NaN
3,0,3,0.9097889372969507
3,0,3,0.4869472780660612
3,0,3,NaN
3,0,3,0.6629394266610144
2,1,3,0.3147278493122561
3,0,3,0.8204795116931126
2,1,3,NaN
3,0,3,NaN
3,0,3,NaN
3,0,3,0.9336743037628588
2,1,3,NaN
2,1,3,NaN
3,0,3,NaN
3,0,3,NaN
3,0,3,NaN
3,0,3,NaN
1,2,3,NaN
3,0,3,0.21187913375295056
3,0,3,0.922483585895465
2,1,3,NaN
3,0,3,0.8204795116931126
2,1,3,NaN
3,0,3,NaN
2,1,3,0.06058247105517931
3,0,3,NaN
3,0,3,0.3147278493122561
3,0,3,0.08115644780417555
3,0,3,0.14080710657571024
3,0,3,0.4389759442456205
1,2,3,0.8617097556108892
1,2,3,0.7943141978951035
2,1,3,0.9097889372969507
3,0,3,0.7351022872357142
3,0,3,0.6211047067208528
3,0,3,NaN
3,0,3,NaN
2,1,3,NaN
3,0,3,NaN
3,0,3,0.03025847703180226
3,0,3,NaN
2,1,3,NaN
3,0,3,NaN
2,1,3,NaN
2,1,3,NaN
3,0,3,NaN
3,0,3,NaN
2,1,3,NaN
2,1,3,0.21187913375295056
3,0,3,NaN
3,0,3,NaN
1,2,3,0.922483585895465
3,0,3,NaN
2,1,3,NaN
2,1,3,NaN
3,0,3,0.2770589453938832
1,2,3,NaN
3,0,3,0.009708197960407164
2,1,3,NaN
3,0,3,NaN
2,1,3,NaN
3,0,3,0.5682154940485659
2,1,3,NaN
2,1,3,NaN
3,0,3,0.3147278493122561
2,1,3,NaN
3,0,3,NaN
3,0,3,NaN
3,0,3,0.7351022872357142
3,0,3,0.9336743037628588
3,0,3,NaN
1,2,3,NaN
3,0,3,NaN
1,2,3,0.06058247105517931
3,0,3,NaN
3,0,3,NaN
3,0,3,0.9097889372969507
3,0,3,0.8204795116931126
2,1,3,0.05295374443847441
3,0,3,0.7659187175498298
3,0,3,0.7008553584305408
3,0,3,0.05295374443847441
3,0,3,NaN
3,0,3,NaN
3,0,3,0.8418168267177661
3,0,3,NaN
3,0,3,NaN
2,1,3,NaN
3,0,3,NaN
3,0,3,NaN
2,1,3,NaN
3,0,3,NaN
3,0,3,NaN
2,1,3,NaN
3,0,3,NaN
2,1,3,NaN
3,0,3,NaN
3,0,3,NaN
2,1,3,NaN
2,1,3,0.21187913375295056
3,0,3,NaN
3,0,3,NaN
2,1,3,0.9452736117663113
3,0,3,NaN
3,0,3,NaN
1,2,3,NaN
3,0,3,NaN
2,1,3,0.7597998355084672
2,1,3,NaN
1,2,3,NaN
3,0,3,0.9097889372969507
3,0,3,0.39365820288251563
2,1,3,NaN
3,0,3,NaN
2,1,3,NaN
3,0,3,0.4869472780660612
2,1,3,0.7659187175498298
2,1,3,NaN
3,0,3,0.9886670302743008
3,0,3,NaN
3,0,3,0.534054961478336
3,0,3,NaN
3,0,3,0.7008553584305408
3,0,3,NaN
3,0,3,NaN
3,0,3,NaN
2,1,3,0.03025847703180226
2,1,3,NaN
3,0,3,0.30708827778253683
3,0,3,NaN
2,1,3,NaN
3,0,3,0.8418168267177661
3,0,3,NaN
3,0,3,NaN
1,2,3,0.022641636257990223
1,2,3,0.4869472780660612
3,0,3,0.8418168267177661
1,2,3,NaN
2,1,3,0.5773495910338519
3,0,3,NaN
3,0,3,NaN
2,1,3,0.284957002957702
3,0,3,NaN
2,1,3,NaN
2,1,3,0.8418168267177661
2,1,3,NaN
3,0,3,NaN
3,0,3,NaN
3,0,3,NaN
3,0,3,NaN
3,0,3,0.7943141978951035
3,0,3,NaN
3,0,3,0.7659187175498298
1,2,3,0.9097889372969507
3,0,3,NaN
3,0,3,0.161264881038212
3,0,3,NaN
3,0,3,NaN
3,0,3,NaN
1,2,3,NaN
3,0,3,NaN
3,0,3,NaN
3,0,3,NaN
3,0,3,NaN
3,0,3,0.06988872661807305
3,0,3,NaN
3,0,3,0.12196444410581492
2,1,3,0.534054961478336
3,0,3,NaN
2,1,3,0.003442105670104662
3,0,3,NaN
2,1,3,NaN
2,1,3,0.8290752304125107
2,1,3,NaN
1,2,3,NaN
3,0,3,0.5773495910338519
2,1,3,NaN
3,0,3,0.24299412154726827
3,0,3,NaN
2,1,3,NaN
3,0,3,0.35163936320323114
2,1,3,NaN
3,0,3,0.6629394266610144
3,0,3,0.19319956746367453
1,2,3,0.7659187175498298
3,0,3,0.14080710657571024
3,0,3,NaN
2,1,3,0.6629394266610144
3,0,3,NaN
3,0,3,NaN
1,2,3,0.534054961478336
2,1,3,0.5773495910338519
3,0,3,NaN
3,0,3,NaN
2,1,3,NaN
3,0,3,0.9799588626550771
3,0,3,0.39365820288251563
3,0,3,NaN
3,0,3,NaN
2,1,3,NaN
3,0,3,NaN
2,1,3,NaN
3,0,3,0.8204795116931126
2,1,3,0.8204795116931126
3,0,3,0.4389759442456205
2,1,3,0.09331494238381467
3,0,3,NaN
3,0,3,NaN
3,0,3,NaN
2,1,3,NaN
3,0,3,0.10644627622097674
3,0,3,NaN
3,0,3,NaN
3,0,3,NaN
2,1,3,NaN
2,1,3,NaN
3,0,3,NaN
2,1,3,NaN
2,1,3,NaN
2,1,3,0.7008553584305408
3,0,3,0.3147278493122561
3,0,3,NaN
1,2,3,NaN
3,0,3,NaN
3,0,3,0.5773495910338519
3,0,3,0.14080710657571024
1,2,3,0.06988872661807305
3,0,3,0.14080710657571024
2,1,3,NaN
3,0,3,NaN
2,1,3,NaN
3,0,3,NaN
3,0,3,NaN
3,0,3,NaN
3,0,3,NaN
3,0,3,NaN
3,0,3,0.3147278493122561
1,2,3,0.10644627622097674
3,0,3,NaN
3,0,3,0.4389759442456205
3,0,3,NaN
3,0,3,0.8204795116931126
2,1,3,0.8418168267177661
2,1,3,0.5773495910338519
3,0,3,NaN
3,0,3,0.12196444410581492
3,0,3,NaN
3,0,3,NaN
3,0,3,NaN
1,2,3,NaN
3,0,3,NaN
2,1,3,NaN
3,0,3,0.3147278493122561
3,0,3,0.03468779084967369
3,0,3,0.12196444410581492
3,0,3,NaN
3,0,3,0.8204795116931126
3,0,3,0.8418168267177661
3,0,3,NaN
3,0,3,NaN
3,0,3,NaN
1,2,3,0.534054961478336
3,0,3,NaN
3,0,3,NaN
3,0,3,0.7351022872357142
3,0,3,NaN
3,0,3,NaN
3,0,3,0.2770589453938832
3,0,3,NaN
3,0,3,NaN
3,0,3,0.4389759442456205
3,0,3,NaN
3,0,3,NaN
2,1,3,NaN
1,2,3,NaN
3,0,3,NaN
3,0,3,NaN
2,1,3,0.18561760226461765
3,0,3,NaN
1,2,3,0.6629394266610144
3,0,3,0.12196444410581492
3,0,3,0.8418168267177661
3,0,3,NaN
3,0,3,0.8949950374154003
3,0,3,NaN
3,0,3,NaN
2,1,3,NaN
1,2,3,NaN
3,0,3,NaN
3,0,3,NaN
3,0,3,NaN
3,0,3,0.8617097556108892
3,0,3,NaN
3,0,3,NaN
2,1,3,NaN
2,1,3,NaN
3,0,3,NaN
3,0,3,0.6644146315971413
3,0,3,NaN
3,0,3,NaN
1,2,3,0.99604904991201
3,0,3,NaN
3,0,3,0.6629394266610144
3,0,3,NaN
2,1,3,NaN
3,0,3,0.4389759442456205
3,0,3,NaN
2,1,3,0.7351022872357142
3,0,3,0.14080710657571024
3,0,3,NaN
1,2,3,NaN
2,1,3,NaN
3,0,3,NaN
3,0,3,NaN
3,0,3,NaN
2,1,3,NaN
2,1,3,NaN
1,2,3,0.8370751080502961
3,0,3,NaN
3,0,3,NaN
3,0,3,NaN
3,0,3,NaN
2,1,3,0.7659187175498298
3,0,3,NaN
3,0,3,NaN
3,0,3,NaN
3,0,3,NaN
2,1,3,NaN
3,0,3,0.06988872661807305
1,2,3,0.03973270879120916
3,0,3,NaN
3,0,3,NaN
3,0,3,0.8204795116931126
1,2,3,NaN
3,0,3,NaN
2,1,3,NaN
2,1,3,NaN
2,1,3,NaN
2,1,3,NaN
2,1,3,NaN
3,0,3,0.003963573047821623
3,0,3,NaN
3,0,3,NaN
3,0,3,NaN
3,0,3,0.39365820288251563
3,0,3,0.10644627622097674
3,0,3,0.24299412154726827
3,0,3,0.8418168267177661
3,0,3,NaN
2,1,3,NaN
3,0,3,NaN
3,0,3,NaN
3,0,3,NaN
3,0,3,0.10644627622097674
2,1,3,NaN
3,0,3,NaN
3,0,3,NaN
3,0,3,0.6629394266610144
3,0,3,NaN
3,0,3,NaN
3,0,3,NaN
2,1,3,NaN
3,0,3,0.9097889372969507
2,1,3,0.8791469822960243
3,0,3,NaN
3,0,3,0.7659187175498298
3,0,3,NaN
3,0,3,0.4362818310637738
3,0,3,0.33920391447442283
3,0,3,NaN
3,0,3,0.8617097556108892
3,0,3,0.6629394266610144
2,1,3,NaN
2,1,3,0.8791469822960243
3,0,3,0.4869472780660612
1,2,3,0.21187913375295056
3,0,3,0.14080710657571024
2,1,3,0.8791469822960243
2,1,3,NaN
3,0,3,0.03973270879120916
2,1,3,0.24603115705892453
3,0,3,NaN
3,0,3,NaN
1,2,3,NaN
3,0,3,NaN
3,0,3,NaN
3,0,3,0.7008553584305408
3,0,3,NaN
3,0,3,0.8418168267177661
3,0,3,0.8791469822960243
2,1,3,NaN
3,0,3,0.18561760226461765
3,0,3,NaN
3,0,3,NaN
3,0,3,NaN
2,1,3,NaN
2,1,3,NaN
3,0,3,NaN
3,0,3,0.10644627622097674
2,1,3,NaN
3,0,3,0.37730061537382553
3,0,3,NaN
2,1,3,NaN
3,0,3,NaN
2,1,3,NaN
3,0,3,0.7008553584305408
2,1,3,NaN
3,0,3,NaN
3,0,3,NaN
1,2,3,NaN
3,0,3,NaN
3,0,3,0.6629394266610144
3,0,3,0.35163936320323114
1,2,3,NaN
3,0,3,NaN
3,0,3,NaN
2,1,3,NaN
3,0,3,NaN
1,2,3,NaN
2,1,3,NaN
1,2,3,0.7008553584305408
2,1,3,0.7008553584305408
3,0,3,0.4389759442456205
1,2,3,NaN
2,1,3,NaN
2,1,3,NaN
3,0,3,NaN
3,0,3,NaN
3,0,3,0.5846310885929272
3,0,3,NaN
3,0,3,NaN
3,0,3,NaN
3,0,3,NaN
3,0,3,NaN
1,2,3,NaN
2,1,3,NaN
3,0,3,0.6629394266610144
3,0,3,NaN
3,0,3,NaN
3,0,3,NaN
3,0,3,0.6629394266610144
1,2,3,0.8617097556108892
3,0,3,NaN
3,0,3,NaN
3,0,3,0.004508598358580881
3,0,3,0.7008553584305408
3,0,3,NaN
3,0,3,0.35163936320323114
3,0,3,0.35163936320323114
3,0,3,NaN
3,0,3,NaN
3,0,3,0.009808444624270852
3,0,3,0.24299412154726827
3,0,3,NaN
2,1,3,NaN
3,0,3,NaN
3,0,3,0.7659187175498298
3,0,3,0.4389759442456205
3,0,3,NaN
2,1,3,NaN
3,0,3,NaN
2,1,3,NaN
2,1,3,NaN
3,0,3,NaN
3,0,3,0.8418168267177661
2,1,3,NaN
3,0,3,NaN
2,1,3,NaN
3,0,3,NaN
3,0,3,NaN
3,0,3,0.8204795116931126
3,0,3,NaN
3,0,3,NaN
3,0,3,NaN
3,0,3,NaN
1,2,3,0.4869472780660612
2,1,3,NaN
3,0,3,NaN
3,0,3,NaN
1,2,3,0.7351022872357142
2,1,3,NaN
3,0,3,NaN
2,1,3,0.8418168267177661
3,0,3,NaN
3,0,3,NaN
3,0,3,NaN
3,0,3,NaN
3,0,3,NaN
3,0,3,NaN
1,2,3,0.09331494238381467
2,1,3,NaN
3,0,3,0.4869472780660612
1,2,3,NaN
3,0,3,0.534054961478336
3,0,3,0.04944002680241572
2,1,3,0.6211047067208528
2,1,3,0.7659187175498298
3,0,3,NaN
2,1,3,0.002876375286040075
3,0,3,0.7351022872357142
3,0,3,NaN
3,0,3,0.14080710657571024
1,2,3,NaN
3,0,3,NaN
3,0,3,0.5773495910338519
3,0,3,NaN
1,2,3,NaN
3,0,3,NaN
3,0,3,NaN
3,0,3,NaN
2,1,3,0.8418168267177661
2,1,3,NaN
3,0,3,NaN
3,0,3,NaN
2,1,3,0.4869472780660612
3,0,3,0.991808263676121
1,2,3,0.7008553584305408
3,0,3,0.6172258058419916
2,1,3,NaN
3,0,3,NaN
2,1,3,0.0661330024587312
3,0,3,NaN
3,0,3,NaN
3,0,3,NaN
2,1,3,NaN
2,1,3,0.8617097556108892
2,1,3,NaN
3,0,3,0.6629394266610144
3,0,3,0.7659187175498298
2,1,3,NaN
2,1,3,NaN
3,0,3,NaN
3,0,3,NaN
1,2,3,0.35163936320323114
3,0,3,0.161264881038212
3,0,3,0.8949950374154003
2,1,3,0.6211047067208528
3,0,3,0.7008553584305408
3,0,3,NaN
3,0,3,0.4869472780660612
3,0,3,0.2770589453938832
2,1,3,0.8949950374154003
3,0,3,NaN
2,1,3,0.4869472780660612
2,1,3,NaN
3,0,3,0.4869472780660612
3,0,3,NaN
3,0,3,0.11632221936891603
3,0,3,NaN
3,0,3,NaN
3,0,3,NaN
1,2,3,NaN
3,0,3,NaN
3,0,3,NaN
3,0,3,0.8791469822960243
3,0,3,0.05295374443847441
3,0,3,0.7008553584305408
3,0,3,NaN
2,1,3,0.8204795116931126
3,0,3,NaN
2,1,3,NaN
2,1,3,0.534054961478336
2,1,3,0.922483585895465
3,0,3,0.3147278493122561
3,0,3,NaN
2,1,3,NaN
3,0,3,NaN
3,0,3,0.8418168267177661
3,0,3,0.7943141978951035
3,0,3,NaN
2,1,3,NaN
3,0,3,NaN
3,0,3,NaN
2,1,3,NaN
2,1,3,NaN
3,0,3,0.9799588626550771
3,0,3,NaN
3,0,3,0.09331494238381467
3,0,3,NaN
3,0,3,0.7943141978951035
3,0,3,NaN
3,0,3,0.5415254142073298
3,0,3,0.4389759442456205
3,0,3,NaN
2,1,3,NaN
3,0,3,NaN
2,1,3,NaN
3,0,3,0.06988872661807305
3,0,3,0.06988872661807305
2,1,3,NaN
3,0,3,NaN
3,0,3,NaN
3,0,3,NaN
3,0,3,NaN
1,2,3,NaN
3,0,3,NaN
3,0,3,0.2770589453938832
2,1,3,0.7008553584305408
2,1,3,0.8949950374154003
2,1,3,NaN
2,1,3,0.10644627622097674
2,1,3,0.3147278493122561
3,0,3,NaN
2,1,3,NaN
3,0,3,NaN
2,1,3,0.35163936320323114
2,1,3,0.9336743037628588
3,0,3,NaN
3,0,3,NaN
3,0,3,0.2770589453938832
3,0,3,NaN
2,1,3,0.24299412154726827
1,2,3,0.8617097556108892
3,0,3,NaN
3,0,3,NaN
3,0,3,NaN
2,1,3,NaN
3,0,3,NaN
3,0,3,0.8215298843666329
3,0,3,0.6629394266610144
3,0,3,0.6629394266610144
2,1,3,NaN
3,0,3,NaN
3,0,3,0.9690207992381747
2,1,3,NaN
3,0,3,NaN
2,1,3,0.5773495910338519
1,2,3,0.4389759442456205
3,0,3,NaN
3,0,3,NaN
3,0,3,NaN
2,1,3,0.7008553584305408
2,1,3,0.161264881038212
3,0,3,0.00012800188291990555
2,1,3,NaN
3,0,3,0.8949950374154003
2,1,3,NaN
2,1,3,NaN
1,2,3,NaN
3,0,3,0.39365820288251563
2,1,3,0.7008553584305408
2,1,3,0.7008553584305408
3,0,3,NaN
2,1,3,NaN
3,0,3,NaN
3,0,3,NaN
3,0,3,NaN
3,0,3,NaN
3,0,3,0.21187913375295056
3,0,3,0.8791469822960243
3,0,3,0.6211047067208528
3,0,3,NaN
3,0,3,0.6629394266610144
2,1,3,0.2770589453938832
3,0,3,0.6211047067208528
2,1,3,0.35163936320323114
3,0,3,NaN
3,0,3,0.534054961478336
3,0,3,NaN
3,0,3,NaN
2,1,3,NaN
3,0,3,NaN
1,2,3,NaN
3,0,3,0.534054961478336
2,1,3,NaN
3,0,3,0.6211047067208528
3,0,3,NaN
3,0,3,NaN
3,0,3,NaN
2,1,3,NaN
3,0,3,NaN
3,0,3,NaN
2,1,3,NaN
1,2,3,NaN
2,1,3,0.3147278493122561
2,1,3,NaN
2,1,3,NaN
3,0,3,0.02611284212389445
2,1,3,NaN
2,1,3,NaN
1,2,3,0.7674394494964111
3,0,3,NaN
2,1,3,NaN
1,2,3,NaN
3,0,3,NaN
3,0,3,NaN
2,1,3,0.39365820288251563
3,0,3,NaN
3,0,3,0.8791469822960243
3,0,3,NaN
3,0,3,NaN
3,0,3,NaN
1,2,3,NaN
1,2,3,NaN
3,0,3,0.4389759442456205
3,0,3,0.9336743037628588
3,0,3,NaN
3,0,3,0.7943141978951035
3,0,3,0.4389759442456205
2,1,3,NaN
3,0,3,NaN
3,0,3,NaN
1,2,3,NaN
3,0,3,0.7659187175498298
2,1,3,NaN
3,0,3,0.4869472780660612
2,1,3,NaN
3,0,3,NaN
3,0,3,NaN
3,0,3,NaN
2,1,3,NaN
2,1,3,NaN
3,0,3,0.922483585895465
2,1,3,0.3147278493122561
1,2,3,NaN
2,1,3,NaN
3,0,3,NaN
3,0,3,0.39365820288251563
3,0,3,NaN
3,0,3,NaN
3,0,3,NaN
3,0,3,0.8791469822960243
3,0,3,0.002876375286040075
3,0,3,NaN
3,0,3,NaN
1,2,3,NaN
2,1,3,NaN
3,0,3,NaN
1,2,3,NaN
1,2,3,NaN
3,0,3,0.18561760226461765
1,2,3,0.08115644780417555
1,2,3,NaN
2,1,3,0.8418168267177661
3,0,3,NaN
3,0,3,0.8204795116931126
1,2,3,NaN
3,0,3,NaN
2,1,3,NaN
3,0,3,NaN
3,0,3,NaN
3,0,3,NaN
2,1,3,0.4389759442456205
3,0,3,NaN
2,1,3,0.6211047067208528
3,0,3,0.2770589453938832
3,0,3,NaN
2,1,3,NaN
3,0,3,0.2770589453938832
3,0,3,NaN
1,2,3,NaN
3,0,3,0.9295586990845066
3,0,3,0.9097889372969507
3,0,3,NaN
3,0,3,NaN
2,1,3,0.013595179396091573
2,1,3,NaN
2,1,3,0.35163936320323114
3,0,3,NaN
1,2,3,0.6629394266610144
2,1,3,NaN
3,0,3,NaN
3,0,3,NaN
3,0,3,NaN
3,0,3,NaN
3,0,3,NaN
2,1,3,0.31446254865538825
3,0,3,0.045946027748132785
3,0,3,NaN
3,0,3,0.534054961478336
3,0,3,0.09331494238381467
3,0,3,NaN
3,0,3,0.9799588626550771
2,1,3,0.05295374443847441
2,1,3,NaN
3,0,3,NaN
3,0,3,0.922483585895465
1,2,3,0.3147278493122561
3,0,3,0.6211047067208528
2,1,3,NaN
3,0,3,NaN
3,0,3,NaN
1,2,3,0.6140931454948476
3,0,3,NaN
2,1,3,NaN
3,0,3,NaN
3,0,3,NaN
2,1,3,NaN
3,0,3,NaN
3,0,3,0.7659187175498298
3,0,3,NaN
2,1,3,NaN
3,0,3,NaN
2,1,3,NaN
1,2,3,NaN
3,0,3,NaN
3,0,3,NaN
3,0,3,NaN
3,0,3,0.3147278493122561
3,0,3,NaN
3,0,3,NaN
3,0,3,NaN
3,0,3,NaN
3,0,3,NaN
3,0,3,NaN
3,0,3,0.02611284212389445
3,0,3,0.534054961478336
3,0,3,NaN
3,0,3,NaN
3,0,3,NaN
3,0,3,0.5773495910338519
2,1,3,NaN
3,0,3,NaN
2,1,3,NaN
2,1,3,0.24299412154726827
2,1,3,0.8791469822960243
2,1,3,NaN
3,0,3,NaN
1,2,3,NaN
2,1,3,0.7008553584305408
3,0,3,0.39365820288251563
3,0,3,0.7008553584305408
3,0,3,0.6211047067208528
3,0,3,NaN
3,0,3,0.002876375286040075
2,1,3,0.3591611343992021
2,1,3,NaN
3,0,3,NaN
2,1,3,NaN
2,1,3,NaN
3,0,3,NaN
3,0,3,0.03973270879120916
3,0,3,0.6211047067208528
3,0,3,NaN
3,0,3,NaN
1,2,3,0.8210261767420777
3,0,3,NaN
3,0,3,NaN
2,1,3,0.8617097556108892
3,0,3,NaN
3,0,3,0.35163936320323114
3,0,3,0.06058247105517931
3,0,3,NaN
3,0,3,NaN
3,0,3,NaN
3,0,3,NaN
3,0,3,0.2770589453938832
2,1,3,0.8418168267177661
3,0,3,0.963171029085636
3,0,3,NaN
2,1,3,0.9749834651108517
1,2,3,0.21130430004994225
3,0,3,NaN
2,1,3,NaN
3,0,3,NaN
3,0,3,0.35163936320323114
3,0,3,NaN
1,2,3,NaN
3,0,3,NaN
1,2,3,0.6211047067208528
3,0,3,NaN
1,2,3,NaN
3,0,3,0.7659187175498298
2,1,3,0.8617097556108892
3,0,3,NaN
3,0,3,NaN
3,0,3,0.21187913375295056
2,1,3,0.8617097556108892
3,0,3,0.9799588626550771
3,0,3,NaN
1,2,3,NaN
3,0,3,NaN
2,1,3,0.8617097556108892
3,0,3,0.5773495910338519
3,0,3,0.045946027748132785
3,0,3,0.5773495910338519
2,1,3,NaN
3,0,3,NaN
3,0,3,NaN
2,1,3,NaN
3,0,3,NaN
3,0,3,0.7473970725118168
3,0,3,0.8204795116931126
2,1,3,0.18561760226461765
3,0,3,0.534054961478336
3,0,3,NaN
2,1,3,NaN
2,1,3,NaN
3,0,3,NaN
3,0,3,NaN
2,1,3,NaN
2,1,3,0.9690207992381747
2,1,3,NaN
3,0,3,NaN
1,2,3,NaN
3,0,3,NaN
3,0,3,0.6332894109419442
2,1,3,0.1403175327529739
3,0,3,0.2770589453938832
3,0,3,NaN
3,0,3,NaN
2,1,3,0.9097889372969507
3,0,3,NaN
3,0,3,0.8204795116931126
3,0,3,NaN
3,0,3,NaN
3,0,3,NaN
3,0,3,NaN
2,1,3,0.8204795116931126
2,1,3,NaN
3,0,3,NaN
2,1,3,NaN
3,0,3,NaN
3,0,3,NaN
3,0,3,NaN
2,1,3,0.1450477724603556
1,2,3,0.534054961478336
3,0,3,0.922483585895465
2,1,3,NaN
2,1,3,0.4389759442456205
3,0,3,NaN
3,0,3,NaN
2,1,3,0.013595179396091573
1,2,3,0.39365820288251563
3,0,3,NaN
2,1,3,0.4389759442456205
3,0,3,NaN
3,0,3,NaN
3,0,3,NaN
1,2,3,0.6211047067208528
3,0,3,NaN
2,1,3,0.03468779084967369
1,2,3,0.8791469822960243
2,1,3,NaN
3,0,3,0.4869472780660612
3,0,3,NaN
3,0,3,NaN
3,0,3,0.00413632405351317
3,0,3,NaN
3,0,3,NaN
3,0,3,NaN
3,0,3,NaN
3,0,3,NaN
3,0,3,NaN
3,0,3,NaN
3,0,3,NaN
3,0,3,NaN
3,0,3,NaN
3,0,3,NaN
3,0,3,NaN
3,0,3,NaN
2,1,3,NaN
3,0,3,NaN
3,0,3,NaN
3,0,3,NaN
3,0,3,0.5773495910338519
2,1,3,NaN
3,0,3,NaN
3,0,3,NaN
3,0,3,NaN
3,0,3,NaN
3,0,3,NaN
3,0,3,0.24299412154726827
3,0,3,0.21187913375295056
3,0,3,0.5773495910338519
3,0,3,NaN
2,1,3,NaN
2,1,3,NaN
2,1,3,NaN
3,0,3,0.03973270879120916
3,0,3,0.7008553584305408
3,0,3,NaN
3,0,3,NaN
2,1,3,0.8791469822960243
3,0,3,NaN
2,1,3,0.03973270879120916
3,0,3,0.39365820288251563
3,0,3,0.007827960273527267
3,0,3,NaN
3,0,3,NaN
3,0,3,0.4869472780660612
3,0,3,0.39365820288251563
3,0,3,NaN
3,0,3,NaN
2,1,3,NaN
3,0,3,NaN
3,0,3,NaN
3,0,3,NaN
3,0,3,NaN
3,0,3,NaN
2,1,3,NaN
3,0,3,0.9097889372969507
2,1,3,NaN
2,1,3,0.8949950374154003
3,0,3,NaN
3,0,3,NaN
1,2,3,0.24299412154726827
2,1,3,0.8452759028441256
3,0,3,NaN
3,0,3,NaN
3,0,3,NaN
1,2,3,NaN
3,0,3,NaN
3,0,3,NaN
3,0,3,NaN
3,0,3,NaN
3,0,3,NaN
1,2,3,NaN
3,0,3,NaN
2,1,3,NaN
1,2,3,0.045946027748132785
3,0,3,0.7008553584305408
3,0,3,NaN
3,0,3,NaN
1,2,3,NaN
3,0,3,NaN
3,0,3,NaN
2,1,3,0.21187913375295056
1,2,3,0.4869472780660612
3,0,3,NaN
2,1,3,NaN
3,0,3,NaN
3,0,3,NaN
2,1,3,NaN
3,0,3,NaN
1,2,3,NaN
3,0,3,0.922483585895465
1,2,3,0.534054961478336
1,2,3,NaN
2,1,3,0.9690207992381747
2,1,3,0.2770589453938832
3,0,3,NaN
3,0,3,NaN
3,0,3,NaN
2,1,3,NaN
3,0,3,0.4869472780660612
1,2,3,0.10644627622097674
3,0,3,NaN
2,1,3,NaN
3,0,3,0.9690207992381747
2,1,3,NaN
2,1,3,0.7659187175498298
3,0,3,0.4869472780660612
1,2,3,NaN
3,0,3,0.5773495910338519
2,1,3,0.7943141978951035
3,0,3,NaN
3,0,3,NaN
2,1,3,0.6211047067208528
3,0,3,NaN
2,1,3,NaN
3,0,3,NaN
3,0,3,NaN
3,0,3,NaN
3,0,3,NaN
2,1,3,NaN
2,1,3,0.0005358867667097031
3,0,3,0.8949950374154003
3,0,3,NaN
3,0,3,NaN
3,0,3,NaN
3,0,3,NaN
3,0,3,NaN
3,0,3,NaN
1,2,3,NaN
3,0,3,NaN
3,0,3,0.9659775321541172
3,0,3,0.3147278493122561
3,0,3,NaN
1,2,3,0.8791469822960243
3,0,3,0.5332959364810779
3,0,3,NaN
3,0,3,0.6629394266610144
3,0,3,NaN
1,2,3,0.4869472780660612
1,2,3,0.6629394266610144
3,0,3,0.5773495910338519
3,0,3,NaN
3,0,3,NaN
1,2,3,0.35163936320323114
3,0,3,0.08115644780417555
3,0,3,NaN
3,0,3,NaN
3,0,3,0.00015320098721914217
1,2,3,NaN
2,1,3,NaN
2,1,3,NaN
3,0,3,NaN
1,2,3,NaN
2,1,3,NaN
2,1,3,0.9690207992381747
2,1,3,NaN
3,0,3,NaN
2,1,3,0.013595179396091573
1,2,3,0.6629394266610144
2,1,3,0.02611284212389445
3,0,3,0.39365820288251563
2,1,3,NaN
2,1,3,0.2770589453938832
3,0,3,NaN
3,0,3,0.35163936320323114
2,1,3,NaN
3,0,3,0.8949950374154003
3,0,3,NaN
3,0,3,NaN
1,2,3,NaN
3,0,3,NaN
1,2,3,NaN
3,0,3,NaN
2,1,3,0.6211047067208528
2,1,3,0.019582362947367808
3,0,3,0.7943141978951035
3,0,3,0.06988872661807305
3,0,3,NaN
2,1,3,0.8418168267177661
3,0,3,0.39365820288251563
2,1,3,NaN
3,0,3,NaN
3,0,3,NaN
3,0,3,0.35163936320323114
3,0,3,NaN
3,0,3,0.962032138983051
3,0,3,0.06058247105517931
3,0,3,NaN
3,0,3,NaN
2,1,3,NaN
3,0,3,NaN
3,0,3,NaN
2,1,3,NaN
2,1,3,NaN
2,1,3,0.12196444410581492
3,0,3,NaN
2,1,3,NaN
3,0,3,NaN
3,0,3,NaN
3,0,3,NaN
2,1,3,NaN
3,0,3,NaN
2,1,3,NaN
1,2,3,NaN
3,0,3,NaN
2,1,3,0.6629394266610144
3,0,3,0.4869472780660612
3,0,3,NaN
3,0,3,NaN
2,1,3,0.4389759442456205
2,1,3,NaN
3,0,3,NaN
2,1,3,0.7659187175498298
3,0,3,NaN
3,0,3,NaN
2,1,3,NaN
3,0,3,NaN
3,0,3,0.9444012070806406
1,2,3,NaN
2,1,3,NaN
2,1,3,NaN
3,0,3,NaN
2,1,3,NaN
3,0,3,0.45885943191873046
3,0,3,NaN
3,0,3,NaN
1,2,3,0.43735224972278797
1,2,3,NaN
3,0,3,NaN
3,0,3,NaN
3,0,3,NaN
3,0,3,0.10644627622097674
2,1,3,0.2770589453938832
2,1,3,NaN
1,2,3,NaN
3,0,3,NaN
3,0,3,0.6211047067208528
3,0,3,NaN
3,0,3,NaN
2,1,3,NaN
3,0,3,NaN
2,1,3,NaN
2,1,3,0.05295374443847441
3,0,3,9.613780646467519e-6
3,0,3,NaN
3,0,3,NaN
3,0,3,0.8215298843666329
3,0,3,NaN
2,1,3,0.14080710657571024
2,1,3,0.8617097556108892
2,1,3,0.44809840037593174
3,0,3,NaN
3,0,3,NaN
3,0,3,NaN
3,0,3,NaN
3,0,3,NaN
1,2,3,0.39365820288251563
2,1,3,NaN
3,0,3,NaN
3,0,3,0.7351022872357142
1,2,3,0.8418168267177661
3,0,3,NaN
2,1,3,0.8418168267177661
3,0,3,0.9444012070806406
2,1,3,0.161264881038212
2,1,3,0.7659187175498298
3,0,3,NaN
1,2,3,NaN
3,0,3,0.39365820288251563
3,0,3,NaN
2,1,3,NaN
2,1,3,NaN
3,0,3,NaN
3,0,3,NaN
3,0,3,0.7659187175498298
3,0,3,NaN
3,0,3,NaN
2,1,3,NaN
3,0,3,NaN
3,0,3,NaN
1,2,3,NaN
2,1,3,NaN
2,1,3,NaN
3,0,3,0.18561760226461765
3,0,3,NaN
3,0,3,0.08115644780417555
3,0,3,0.39365820288251563
3,0,3,NaN
3,0,3,NaN
3,0,3,NaN
2,1,3,NaN
3,0,3,NaN
3,0,3,NaN
1,2,3,NaN
3,0,3,0.21187913375295056
3,0,3,NaN
3,0,3,NaN
3,0,3,0.5773495910338519
3,0,3,NaN
2,1,3,NaN
2,1,3,0.8418168267177661
2,1,3,NaN
3,0,3,NaN
2,1,3,0.07030780751483484
3,0,3,0.49192668194386613
1,2,3,0.24299412154726827
3,0,3,NaN
2,1,3,NaN
2,1,3,NaN
2,1,3,0.06058247105517931
3,0,3,NaN
3,0,3,0.3147278493122561
2,1,3,NaN
2,1,3,NaN
3,0,3,NaN
3,0,3,NaN
2,1,3,0.7943141978951035
3,0,3,NaN
2,1,3,NaN
3,0,3,NaN
3,0,3,NaN
3,0,3,0.2770589453938832
3,0,3,NaN
2,1,3,0.8653601395728225
2,1,3,0.7008553584305408
2,1,3,NaN
3,0,3,NaN
3,0,3,0.6211047067208528
1,2,3,NaN
3,0,3,NaN
3,0,3,NaN
3,0,3,NaN
2,1,3,0.962032138983051
3,0,3,NaN
2,1,3,NaN
3,0,3,NaN
3,0,3,0.7008553584305408
3,0,3,NaN
3,0,3,NaN
1,2,3,0.10644627622097674
3,0,3,NaN
3,0,3,0.4389759442456205
3,0,3,NaN
2,1,3,NaN
2,1,3,0.962032138983051
3,0,3,NaN
3,0,3,0.9097889372969507
2,1,3,NaN
2,1,3,NaN
3,0,3,NaN
1,2,3,NaN
2,1,3,0.20233353782563374
3,0,3,NaN
3,0,3,0.03468779084967369
3,0,3,NaN
1,2,3,NaN
3,0,3,NaN
2,1,3,0.9749834651108517
2,1,3,NaN
2,1,3,NaN
3,0,3,NaN
2,1,3,0.9336743037628588
3,0,3,NaN
3,0,3,NaN
3,0,3,NaN
1,2,3,NaN
3,0,3,NaN
2,1,3,NaN
1,2,3,NaN
3,0,3,0.14080710657571024
2,1,3,NaN
3,0,3,0.39365820288251563
3,0,3,NaN
3,0,3,0.6629394266610144
3,0,3,NaN
3,0,3,0.06988872661807305
3,0,3,NaN
3,0,3,0.534054961478336
3,0,3,NaN
2,1,3,0.14080710657571024
3,0,3,NaN
2,1,3,0.7351022872357142
3,0,3,NaN
2,1,3,0.6629394266610144
2,1,3,NaN
2,1,3,NaN
2,1,3,NaN
3,0,3,NaN
3,0,3,0.534054961478336
3,0,3,NaN
3,0,3,NaN
3,0,3,NaN
2,1,3,NaN
2,1,3,0.8791469822960243
2,1,3,NaN
2,1,3,NaN
3,0,3,NaN
3,0,3,0.7351022872357142
2,1,3,0.962032138983051
3,0,3,NaN
3,0,3,NaN
3,0,3,NaN
3,0,3,NaN
3,0,3,NaN
2,1,3,0.6211047067208528
3,0,3,NaN
2,1,3,NaN
3,0,3,NaN
2,1,3,NaN
3,0,3,NaN
2,1,3,NaN
2,1,3,NaN
2,1,3,NaN
2,1,3,NaN
3,0,3,NaN
3,0,3,NaN
2,1,3,NaN
2,1,3,NaN
3,0,3,NaN
3,0,3,NaN
3,0,3,0.8791469822960243
3,0,3,NaN
2,1,3,NaN
3,0,3,0.06988872661807305
2,1,3,NaN
3,0,3,NaN
2,1,3,0.4389759442456205
3,0,3,0.4869472780660612
2,1,3,NaN
2,1,3,NaN
3,0,3,NaN
3,0,3,0.8617097556108892
3,0,3,NaN
1,2,3,NaN
3,0,3,0.007827960273527267
3,0,3,0.2235176087258517
1,2,3,NaN
3,0,3,NaN
2,1,3,0.8617097556108892
3,0,3,0.03025847703180226
3,0,3,NaN
3,0,3,NaN
3,0,3,NaN
2,1,3,NaN
2,1,3,NaN
1,2,3,NaN
3,0,3,0.5773495910338519
3,0,3,NaN
2,1,3,0.7943141978951035
2,1,3,0.5773495910338519
3,0,3,NaN
3,0,3,0.8791469822960243
2,1,3,0.8418168267177661
3,0,3,0.7351022872357142
3,0,3,NaN
3,0,3,NaN
3,0,3,NaN
3,0,3,NaN
3,0,3,NaN
3,0,3,NaN
2,1,3,NaN
1,2,3,NaN
2,1,3,0.6211047067208528
3,0,3,NaN
1,2,3,0.6629394266610144
3,0,3,NaN
2,1,3,NaN
2,1,3,NaN
2,1,3,NaN
3,0,3,NaN
3,0,3,0.4389759442456205
2,1,3,0.44721153971573574
3,0,3,NaN
3,0,3,NaN
3,0,3,NaN
1,2,3,NaN
2,1,3,NaN
3,0,3,NaN
3,0,3,NaN
3,0,3,NaN
2,1,3,NaN
2,1,3,NaN
3,0,3,NaN
2,1,3,NaN
3,0,3,0.534054961478336
2,1,3,NaN
1,2,3,NaN
3,0,3,NaN
2,1,3,NaN
3,0,3,NaN
3,0,3,NaN
3,0,3,0.05295374443847441
2,1,3,0.6211047067208528
3,0,3,NaN
2,1,3,NaN
3,0,3,0.03025847703180226
2,1,3,NaN
3,0,3,NaN
3,0,3,NaN
3,0,3,NaN
3,0,3,NaN
2,1,3,0.7659187175498298
3,0,3,NaN
2,1,3,NaN
3,0,3,NaN
2,1,3,NaN
3,0,3,0.5773495910338519
2,1,3,NaN
3,0,3,NaN
3,0,3,NaN
3,0,3,NaN
2,1,3,0.8791469822960243
3,0,3,0.4869472780660612
3,0,3,NaN
3,0,3,NaN
3,0,3,0.6211047067208528
1,2,3,NaN
3,0,3,NaN
3,0,3,NaN
3,0,3,0.022641636257990223
3,0,3,0.7659187175498298
3,0,3,NaN
3,0,3,NaN
2,1,3,NaN
3,0,3,NaN
3,0,3,NaN
2,1,3,NaN
3,0,3,NaN
3,0,3,0.8791469822960243
3,0,3,NaN
3,0,3,NaN
3,0,3,NaN
3,0,3,NaN
3,0,3,0.09331494238381467
2,1,3,0.4389759442456205
3,0,3,NaN
3,0,3,0.12196444410581492
1,2,3,NaN
3,0,3,0.7008553584305408
3,0,3,0.21187913375295056
3,0,3,NaN
3,0,3,NaN
2,1,3,NaN
3,0,3,NaN
3,0,3,0.18561760226461765
3,0,3,NaN
2,1,3,NaN
2,1,3,0.6211047067208528
3,0,3,NaN
3,0,3,NaN
3,0,3,NaN
3,0,3,0.7659187175498298
3,0,3,NaN
2,1,3,0.022641636257990223
3,0,3,NaN
1,2,3,NaN
2,1,3,0.6629394266610144
2,1,3,NaN
2,1,3,NaN
3,0,3,NaN
2,1,3,0.7351022872357142
2,1,3,0.7659187175498298
3,0,3,NaN
3,0,3,NaN
3,0,3,NaN
3,0,3,0.4869472780660612
3,0,3,NaN
3,0,3,0.9769315155024068
2,1,3,0.6310439434702898
3,0,3,NaN
3,0,3,NaN
3,0,3,0.8791469822960243
3,0,3,NaN
2,1,3,NaN
3,0,3,0.6629394266610144
2,1,3,NaN
2,1,3,NaN
3,0,3,NaN
2,1,3,NaN
2,1,3,0.18561760226461765
1,2,3,0.12196444410581492
3,0,3,NaN
3,0,3,0.7214142643793029
3,0,3,0.8791469822960243
3,0,3,NaN
2,1,3,0.8204795116931126
3,0,3,0.8617097556108892
3,0,3,NaN
3,0,3,NaN
2,1,3,NaN
3,0,3,NaN
3,0,3,NaN
3,0,3,0.5773495910338519
3,0,3,0.12196444410581492
2,1,3,0.35163936320323114
3,0,3,0.2770589453938832
3,0,3,NaN
3,0,3,NaN
2,1,3,NaN
3,0,3,NaN
1,2,3,NaN
2,1,3,NaN
2,1,3,NaN
3,0,3,0.03468779084967369
2,1,3,NaN
2,1,3,NaN
3,0,3,NaN
2,1,3,NaN
1,2,3,NaN
3,0,3,NaN
3,0,3,NaN
3,0,3,NaN
2,1,3,0.21187913375295056
3,0,3,NaN
2,1,3,0.36017632999797705
3,0,3,NaN
1,2,3,NaN
1,2,3,0.5773495910338519
1,2,3,NaN
3,0,3,NaN
2,1,3,NaN
3,0,3,0.2770589453938832
2,1,3,NaN
3,0,3,NaN
1,2,3,NaN
3,0,3,NaN
2,1,3,NaN
3,0,3,NaN
2,1,3,0.7659187175498298
2,1,3,NaN
1,2,3,NaN
3,0,3,NaN
3,0,3,0.5773495910338519
3,0,3,0.26038770039944276
3,0,3,NaN
3,0,3,NaN
1,2,3,NaN
2,1,3,NaN
3,0,3,0.8791469822960243
3,0,3,NaN
2,1,3,NaN
3,0,3,NaN
3,0,3,NaN
1,2,3,NaN
2,1,3,NaN
3,0,3,NaN
3,0,3,0.35163936320323114
2,1,3,0.8734519849996528
2,1,3,NaN
3,0,3,NaN
3,0,3,0.013595179396091573
2,1,3,0.991808263676121
3,0,3,NaN
3,0,3,0.6211047067208528
3,0,3,0.8791469822960243
2,1,3,0.7008553584305408
3,0,3,NaN
1,2,3,NaN
3,0,3,NaN
3,0,3,NaN
2,1,3,0.29916026432562987
1,2,3,0.6071735884202042
3,0,3,0.4869472780660612
3,0,3,NaN
3,0,3,NaN
2,1,3,NaN
3,0,3,NaN
3,0,3,0.7008553584305408
3,0,3,0.284957002957702
3,0,3,0.7008553584305408
3,0,3,0.18561760226461765
2,1,3,NaN
2,1,3,0.534054961478336
2,1,3,NaN
3,0,3,NaN
3,0,3,0.6629394266610144
3,0,3,NaN
2,1,3,NaN
3,0,3,NaN
3,0,3,NaN
2,1,3,0.04470578578971025
2,1,3,NaN
3,0,3,NaN
2,1,3,0.9097889372969507
3,0,3,NaN
3,0,3,NaN
2,1,3,0.21187913375295056
3,0,3,0.7943141978951035
3,0,3,NaN
2,1,3,NaN
2,1,3,0.8791469822960243
1,2,3,0.8418168267177661
1,2,3,NaN
3,0,3,0.7943141978951035
3,0,3,NaN
2,1,3,0.9988438550211445
2,1,3,NaN
1,2,3,0.08115644780417555
3,0,3,0.8949950374154003
3,0,3,NaN
3,0,3,NaN
3,0,3,NaN
2,1,3,NaN
3,0,3,NaN
2,1,3,NaN
3,0,3,NaN
2,1,3,NaN
3,0,3,0.7659187175498298
3,0,3,NaN
3,0,3,0.8949950374154003
1,2,3,NaN
3,0,3,0.4869472780660612
1,2,3,0.161264881038212
2,1,3,NaN
1,2,3,NaN
2,1,3,NaN
3,0,3,NaN
2,1,3,NaN
3,0,3,NaN
2,1,3,NaN
1,2,3,NaN
3,0,3,0.0005358867667097031
3,0,3,0.9690207992381747
3,0,3,NaN
2,1,3,0.36959257766905407
3,0,3,NaN
3,0,3,NaN
3,0,3,NaN
3,0,3,NaN
2,1,3,0.8204795116931126
3,0,3,NaN
1,2,3,NaN
2,1,3,NaN
2,1,3,NaN
3,0,3,NaN
3,0,3,NaN
3,0,3,NaN
2,1,3,NaN
3,0,3,NaN
2,1,3,NaN
1,2,3,NaN
2,1,3,0.7659187175498298
3,0,3,NaN
1,2,3,0.09331494238381467
3,0,3,NaN
2,1,3,NaN
3,0,3,NaN
3,0,3,0.6629394266610144
1,2,3,NaN
2,1,3,0.9336743037628588
3,0,3,0.922483585895465
3,0,3,0.6629394266610144
3,0,3,0.3147278493122561
1,2,3,NaN
2,1,3,NaN
3,0,3,0.06988872661807305
3,0,3,NaN
1,2,3,NaN
3,0,3,NaN
3,0,3,0.827186221904835
3,0,3,NaN
1,2,3,NaN
3,0,3,0.10644627622097674
1,2,3,0.525816860430935
2,1,3,NaN
3,0,3,NaN
3,0,3,NaN
2,1,3,NaN
3,0,3,NaN
2,1,3,NaN
3,0,3,NaN
3,0,3,NaN
3,0,3,NaN
3,0,3,NaN
3,0,3,NaN
1,2,3,NaN
3,0,3,NaN
3,0,3,NaN
3,0,3,0.7659187175498298
1,2,3,NaN
3,0,3,0.2770589453938832
2,1,3,0.9097889372969507
3,0,3,NaN
3,0,3,NaN
3,0,3,NaN
2,1,3,0.03973270879120916
3,0,3,0.7008553584305408
1,2,3,NaN
3,0,3,NaN
1,2,3,0.3103570680766021
3,0,3,0.8204795116931126
3,0,3,NaN
3,0,3,0.09331494238381467
2,1,3,0.8791469822960243
3,0,3,NaN
3,0,3,NaN
2,1,3,NaN
1,2,3,NaN
3,0,3,NaN
1,2,3,NaN
1,2,3,NaN
2,1,3,0.8418168267177661
2,1,3,0.8949950374154003
3,0,3,0.4869472780660612
2,1,3,NaN
2,1,3,NaN
2,1,3,NaN
3,0,3,NaN
3,0,3,NaN
1,2,3,NaN
2,1,3,NaN
2,1,3,NaN
2,1,3,NaN
2,1,3,NaN
3,0,3,NaN
3,0,3,NaN
2,1,3,0.8617097556108892
3,0,3,NaN
3,0,3,0.6211047067208528
3,0,3,NaN
3,0,3,NaN
2,1,3,NaN
3,0,3,0.7659187175498298
3,0,3,0.7351022872357142
3,0,3,NaN
3,0,3,0.12196444410581492
2,1,3,NaN
2,1,3,0.534054961478336
3,0,3,NaN
3,0,3,NaN
2,1,3,NaN
3,0,3,NaN
3,0,3,NaN
1,2,3,NaN
3,0,3,NaN
2,1,3,0.15135508618465984
3,0,3,NaN
3,0,3,NaN
1,2,3,NaN
3,0,3,NaN
2,1,3,0.35163936320323114
3,0,3,NaN
3,0,3,NaN
3,0,3,0.10644627622097674
3,0,3,NaN
3,0,3,0.7659187175498298
3,0,3,NaN
1,2,3,NaN
3,0,3,NaN
3,0,3,0.3147278493122561
3,0,3,0.9886670302743008
3,0,3,0.04536469048465143
2,1,3,0.7008553584305408
2,1,3,NaN
1,2,3,NaN
3,0,3,NaN
3,0,3,0.08115644780417555
3,0,3,0.4389759442456205
3,0,3,3.2505657893221175e-6
3,0,3,0.06058247105517931
3,0,3,0.0024961184750992476
3,0,3,NaN
3,0,3,NaN
3,0,3,NaN
1,2,3,NaN
3,0,3,NaN
3,0,3,NaN
3,0,3,0.8791469822960243
3,0,3,NaN
3,0,3,0.21187913375295056
3,0,3,NaN
3,0,3,0.7943141978951035
3,0,3,0.9336743037628588
3,0,3,NaN
3,0,3,NaN
3,0,3,NaN
1,2,3,NaN
3,0,3,0.8204795116931126
2,1,3,NaN
2,1,3,NaN
2,1,3,NaN
3,0,3,NaN
3,0,3,NaN
2,1,3,0.06988872661807305
3,0,3,NaN
3,0,3,0.14184628934188917
1,2,3,NaN
3,0,3,0.7351022872357142
2,1,3,NaN
2,1,3,NaN
3,0,3,NaN
3,0,3,NaN
3,0,3,NaN
3,0,3,0.3147278493122561
3,0,3,0.4389759442456205
3,0,3,NaN
2,1,3,NaN
3,0,3,NaN
3,0,3,NaN
3,0,3,NaN
2,1,3,NaN
1,2,3,0.9158150508975211
3,0,3,NaN
2,1,3,0.8791469822960243
3,0,3,0.6211047067208528
3,0,3,NaN
2,1,3,NaN
2,1,3,NaN
3,0,3,0.922483585895465
2,1,3,0.5773495910338519
3,0,3,0.922483585895465
3,0,3,0.8617097556108892
1,2,3,NaN
2,1,3,0.5773495910338519
3,0,3,NaN
3,0,3,0.011625908468073121
3,0,3,NaN
2,1,3,NaN
3,0,3,NaN
1,2,3,0.35163936320323114
1,2,3,NaN
2,1,3,NaN
3,0,3,NaN
3,0,3,NaN
3,0,3,NaN
3,0,3,NaN
2,1,3,NaN
3,0,3,NaN
2,1,3,NaN
3,0,3,NaN
3,0,3,NaN
1,2,3,NaN
3,0,3,NaN
3,0,3,NaN
3,0,3,0.7351022872357142
2,1,3,0.8204795116931126
2,1,3,NaN
3,0,3,NaN
3,0,3,0.6629394266610144
3,0,3,0.35163936320323114
3,0,3,0.14080710657571024
3,0,3,NaN
3,0,3,NaN
3,0,3,NaN
3,0,3,NaN
2,1,3,NaN
1,2,3,NaN
3,0,3,0.006091701711492965
2,1,3,0.9444012070806406
2,1,3,0.24299412154726827
3,0,3,NaN
2,1,3,NaN
2,1,3,NaN
3,0,3,0.6629394266610144
1,2,3,0.24299412154726827
3,0,3,NaN
3,0,3,NaN
3,0,3,0.534054961478336
3,0,3,NaN
1,2,3,NaN
3,0,3,NaN
2,1,3,NaN
3,0,3,0.9444012070806406
2,1,3,NaN
1,2,3,NaN
3,0,3,NaN
3,0,3,NaN
2,1,3,NaN
3,0,3,0.03581178023080249
3,0,3,NaN
1,2,3,NaN
3,0,3,0.18561760226461765
2,1,3,NaN
3,0,3,0.9534911290835386
3,0,3,0.21187913375295056
2,1,3,0.922483585895465
2,1,3,0.6211047067208528
3,0,3,NaN
2,1,3,NaN
2,1,3,NaN
1,2,3,0.8617097556108892
2,1,3,0.6629394266610144
3,0,3,NaN
3,0,3,NaN
1,2,3,NaN
3,0,3,NaN
3,0,3,NaN
3,0,3,0.12196444410581492
3,0,3,0.02611284212389445
3,0,3,NaN
3,0,3,0.001287131655940433
3,0,3,0.6211047067208528
2,1,3,NaN
3,0,3,NaN
3,0,3,0.4869472780660612
3,0,3,NaN
3,0,3,0.24299412154726827
1,2,3,NaN
2,1,3,0.7008553584305408
3,0,3,NaN
3,0,3,NaN
3,0,3,NaN
3,0,3,NaN
3,0,3,0.39365820288251563
2,1,3,0.8204795116931126
2,1,3,0.06058247105517931
2,1,3,NaN
3,0,3,0.4869472780660612
1,2,3,NaN
3,0,3,0.9444012070806406
3,0,3,NaN
2,1,3,0.7008553584305408
3,0,3,NaN
3,0,3,NaN
3,0,3,NaN
2,1,3,0.161264881038212
3,0,3,0.8949950374154003
3,0,3,NaN
3,0,3,NaN
3,0,3,NaN
3,0,3,NaN
3,0,3,NaN
3,0,3,NaN
3,0,3,NaN
1,2,3,NaN
2,1,3,NaN
3,0,3,NaN
3,0,3,NaN
3,0,3,0.06988872661807305
2,1,3,NaN
1,2,3,0.3147278493122561
3,0,3,0.05295374443847441
3,0,3,NaN
1,2,3,0.534054961478336
2,1,3,0.35163936320323114
3,0,3,NaN
3,0,3,NaN
3,0,3,0.7943141978951035
3,0,3,NaN
2,1,3,NaN
3,0,3,0.6629394266610144
1,2,3,NaN
1,2,3,0.03025847703180226
2,1,3,NaN
3,0,3,0.10644627622097674
3,0,3,NaN
3,0,3,0.39365820288251563
1,2,3,0.054806751673105905
3,0,3,NaN
3,0,3,0.161264881038212
2,1,3,NaN
2,1,3,NaN
3,0,3,NaN
3,0,3,0.7943141978951035
3,0,3,NaN
3,0,3,0.03973270879120916
2,1,3,NaN
2,1,3,0.3147278493122561
2,1,3,0.06988872661807305
3,0,3,0.3147278493122561
1,2,3,NaN
3,0,3,NaN
2,1,3,0.7351022872357142
3,0,3,NaN
2,1,3,0.534054961478336
1,2,3,NaN
3,0,3,NaN
3,0,3,NaN
3,0,3,0.6629394266610144
3,0,3,NaN
3,0,3,NaN
3,0,3,NaN
3,0,3,0.7351022872357142
3,0,3,0.18561760226461765
3,0,3,NaN
2,1,3,0.21187913375295056
3,0,3,NaN
2,1,3,0.45592239203280516
1,2,3,NaN
3,0,3,0.8617097556108892
3,0,3,NaN
3,0,3,NaN
3,0,3,NaN
3,0,3,0.045946027748132785
3,0,3,NaN
2,1,3,NaN
2,1,3,0.534054961478336
3,0,3,0.922483585895465
2,1,3,0.922483585895465
2,1,3,0.7008553584305408
2,1,3,NaN
2,1,3,NaN
3,0,3,0.4869472780660612
3,0,3,0.922483585895465
1,2,3,NaN
3,0,3,0.8617097556108892
3,0,3,NaN
3,0,3,0.9097889372969507
3,0,3,0.5430778580905834
2,1,3,0.4869472780660612
3,0,3,0.34261004372229775
2,1,3,NaN
3,0,3,NaN
2,1,3,NaN
3,0,3,NaN
3,0,3,NaN
3,0,3,0.161264881038212
3,0,3,NaN
3,0,3,0.6629394266610144
2,1,3,0.35163936320323114
2,1,3,NaN
2,1,3,0.011625908468073121
1,2,3,0.14080710657571024
3,0,3,0.7351022872357142
2,1,3,0.8791469822960243
1,2,3,NaN
3,0,3,NaN
3,0,3,NaN
3,0,3,NaN
2,1,3,0.18561760226461765
1,2,3,0.3147278493122561
3,0,3,0.7659187175498298
2,1,3,NaN
2,1,3,NaN
3,0,3,NaN
3,0,3,NaN
2,1,3,NaN
2,1,3,0.8949950374154003
3,0,3,0.015449147746089026
1,2,3,NaN
3,0,3,0.35163936320323114
3,0,3,NaN
1,2,3,0.9690207992381747
3,0,3,0.7351022872357142
1,2,3,NaN
3,0,3,0.2770589453938832
2,1,3,1.2418695546152182e-5
3,0,3,NaN
3,0,3,NaN
2,1,3,NaN
3,0,3,0.05295374443847441
3,0,3,NaN
2,1,3,NaN
2,1,3,0.35163936320323114
2,1,3,0.534054961478336
2,1,3,NaN
3,0,3,NaN
2,1,3,NaN
3,0,3,0.24031437482057857
3,0,3,NaN
3,0,3,NaN
3,0,3,0.3147278493122561
3,0,3,NaN
1,2,3,NaN
1,2,3,NaN
3,0,3,NaN
1,2,3,0.09331494238381467
1,2,3,NaN
3,0,3,0.07041803706521456
3,0,3,0.7659187175498298
2,1,3,0.9799588626550771
3,0,3,NaN
3,0,3,NaN
3,0,3,0.009708197960407164
3,0,3,NaN
3,0,3,NaN
2,1,3,NaN
2,1,3,NaN
1,2,3,NaN
3,0,3,NaN
2,1,3,0.24299412154726827
3,0,3,0.007827960273527267
1,2,3,0.8617097556108892
3,0,3,NaN
3,0,3,NaN
3,0,3,NaN
3,0,3,NaN
3,0,3,NaN
3,0,3,NaN
3,0,3,NaN
2,1,3,0.4869472780660612
2,1,3,NaN
2,1,3,0.3147278493122561
2,1,3,0.09331494238381467
2,1,3,0.7351022872357142
3,0,3,NaN
3,0,3,NaN
3,0,3,0.06058247105517931
3,0,3,NaN
3,0,3,NaN
1,2,3,0.8949950374154003
2,1,3,0.8949950374154003
1,2,3,0.583929127406625
3,0,3,0.5773495910338519
3,0,3,0.006200628585880172
3,0,3,0.15567300633394565
1,2,3,NaN
3,0,3,NaN
1,2,3,0.4389759442456205
3,0,3,0.39365820288251563
3,0,3,NaN
3,0,3,0.922483585895465
3,0,3,NaN
3,0,3,NaN
3,0,3,NaN
3,0,3,0.18561760226461765
3,0,3,0.35163936320323114
3,0,3,NaN
2,1,3,NaN
3,0,3,NaN
3,0,3,NaN
2,1,3,0.12196444410581492
3,0,3,NaN
3,0,3,NaN
2,1,3,NaN
2,1,3,0.09331494238381467
3,0,3,NaN
3,0,3,NaN
1,2,3,0.18561760226461765
2,1,3,0.6629394266610144
3,0,3,0.5773495910338519
2,1,3,NaN
1,2,3,NaN
1,2,3,NaN
3,0,3,NaN
1,2,3,0.013584695640948361
2,1,3,0.3147278493122561
3,0,3,0.2770589453938832
3,0,3,NaN
3,0,3,NaN
3,0,3,NaN
3,0,3,0.4389759442456205
3,0,3,0.39365820288251563
3,0,3,NaN
3,0,3,0.7943141978951035
3,0,3,0.08115644780417555
2,1,3,0.7351022872357142
1,2,3,NaN
2,1,3,NaN
3,0,3,0.21187913375295056
3,0,3,NaN
2,1,3,NaN
2,1,3,NaN
3,0,3,0.31262238618437943
3,0,3,0.8418168267177661
3,0,3,0.8418168267177661
1,2,3,0.02611284212389445
3,0,3,NaN
3,0,3,NaN
3,0,3,NaN
2,1,3,NaN
3,0,3,NaN
2,1,3,NaN
1,2,3,NaN
1,2,3,NaN
3,0,3,2.7434397067870996e-5
2,1,3,NaN
3,0,3,NaN
3,0,3,NaN
2,1,3,0.962032138983051
2,1,3,0.534054961478336
3,0,3,NaN
2,1,3,NaN
2,1,3,NaN
3,0,3,NaN
3,0,3,NaN
2,1,3,0.9749834651108517
3,0,3,0.5773495910338519
3,0,3,NaN
3,0,3,NaN
3,0,3,0.8617097556108892
3,0,3,0.7008553584305408
3,0,3,NaN
3,0,3,0.5773495910338519
3,0,3,NaN
3,0,3,0.24299412154726827
3,0,3,0.2770589453938832
3,0,3,NaN
3,0,3,NaN
3,0,3,NaN
2,1,3,0.05295374443847441
3,0,3,NaN
3,0,3,NaN
3,0,3,NaN
1,2,3,NaN
3,0,3,0.6629394266610144
3,0,3,0.39365820288251563
3,0,3,NaN
2,1,3,NaN
2,1,3,NaN
2,1,3,NaN
3,0,3,0.6211047067208528
3,0,3,NaN
2,1,3,NaN
3,0,3,NaN
3,0,3,0.4869472780660612
3,0,3,0.922483585895465
3,0,3,NaN
3,0,3,0.7351022872357142
3,0,3,NaN
3,0,3,0.39365820288251563
3,0,3,NaN
2,1,3,NaN
1,2,3,0.12196444410581492
3,0,3,NaN
2,1,3,NaN
2,1,3,0.9444012070806406
1,2,3,NaN
3,0,3,NaN
1,2,3,NaN
3,0,3,NaN
3,0,3,0.9845924478014567
3,0,3,NaN
3,0,3,0.6629394266610144
3,0,3,NaN
3,0,3,NaN
3,0,3,0.4389759442456205
3,0,3,NaN
3,0,3,NaN
2,1,3,0.9444012070806406
3,0,3,NaN
2,1,3,0.534054961478336
3,0,3,NaN
2,1,3,NaN
3,0,3,NaN
3,0,3,NaN
3,0,3,0.39365820288251563
3,0,3,NaN
3,0,3,NaN
2,1,3,0.8949950374154003
1,2,3,0.21187913375295056
3,0,3,NaN
2,1,3,NaN
3,0,3,NaN
3,0,3,NaN
1,2,3,NaN
3,0,3,NaN
3,0,3,NaN
2,1,3,NaN
3,0,3,NaN
3,0,3,0.06988872661807305
3,0,3,NaN
3,0,3,NaN
2,1,3,NaN
3,0,3,NaN
3,0,3,NaN
1,2,3,NaN
3,0,3,NaN
3,0,3,0.39365820288251563
3,0,3,0.7351022872357142
3,0,3,NaN
2,1,3,0.2770589453938832
2,1,3,0.24299412154726827
3,0,3,NaN
3,0,3,0.5773495910338519
3,0,3,NaN
3,0,3,NaN
3,0,3,0.14080710657571024
2,1,3,NaN
2,1,3,0.045946027748132785
3,0,3,NaN
2,1,3,NaN
3,0,3,0.7534962314692407
3,0,3,NaN
3,0,3,0.31446254865538825
1,2,3,0.9444012070806406
3,0,3,0.9444012070806406
3,0,3,NaN
3,0,3,NaN
1,2,3,NaN
1,2,3,NaN
2,1,3,NaN
3,0,3,0.06058247105517931
3,0,3,NaN
2,1,3,NaN
3,0,3,NaN
1,2,3,NaN
3,0,3,NaN
3,0,3,NaN
2,1,3,NaN
2,1,3,NaN
3,0,3,NaN
3,0,3,0.0453218543565991
2,1,3,0.7351022872357142
2,1,3,NaN
3,0,3,NaN
3,0,3,0.6211047067208528
1,2,3,NaN
3,0,3,NaN
2,1,3,0.9994978448196823
2,1,3,NaN
2,1,3,0.0019575942924920132
2,1,3,0.2770589453938832
2,1,3,NaN
2,1,3,NaN
3,0,3,NaN
2,1,3,NaN
2,1,3,NaN
2,1,3,NaN
2,1,3,NaN
3,0,3,NaN
3,0,3,NaN
3,0,3,0.9097889372969507
1,2,3,0.9097889372969507
2,1,3,NaN
2,1,3,0.6211047067208528
2,1,3,0.8418168267177661
1,2,3,NaN
3,0,3,NaN
2,1,3,NaN
3,0,3,NaN
2,1,3,0.6629394266610144
2,1,3,NaN
2,1,3,0.03468779084967369
2,1,3,0.6211047067208528
2,1,3,0.4389759442456205
3,0,3,NaN
3,0,3,NaN
3,0,3,NaN
2,1,3,NaN
3,0,3,NaN
1,2,3,0.2770589453938832
3,0,3,0.35163936320323114
2,1,3,NaN
2,1,3,0.6629394266610144
1,2,3,NaN
3,0,3,NaN
3,0,3,0.9336743037628588
3,0,3,0.4869472780660612
3,0,3,NaN
3,0,3,NaN
3,0,3,NaN
1,2,3,NaN
3,0,3,0.03973270879120916
3,0,3,NaN
3,0,3,0.24299412154726827
3,0,3,NaN
3,0,3,0.4389759442456205
2,1,3,NaN
1,2,3,NaN
3,0,3,NaN
3,0,3,0.5773495910338519
2,1,3,NaN
3,0,3,NaN
2,1,3,0.8204795116931126
2,1,3,0.6629394266610144
2,1,3,NaN
3,0,3,NaN
3,0,3,0.35163936320323114
3,0,3,NaN
3,0,3,NaN
2,1,3,NaN
1,2,3,0.21187913375295056
1,2,3,NaN
3,0,3,NaN
3,0,3,NaN
1,2,3,NaN
3,0,3,NaN
3,0,3,0.4869472780660612
3,0,3,NaN
3,0,3,NaN
2,1,3,NaN
3,0,3,0.4869472780660612
3,0,3,0.06058247105517931
3,0,3,NaN
2,1,3,0.7659187175498298
3,0,3,0.18410391185353114
3,0,3,NaN
2,1,3,NaN
3,0,3,NaN
2,1,3,0.5773495910338519
2,1,3,0.35163936320323114
2,1,3,NaN
3,0,3,0.12196444410581492
3,0,3,NaN
3,0,3,0.05295374443847441
3,0,3,0.39365820288251563
3,0,3,NaN
1,2,3,0.09331494238381467
2,1,3,NaN
3,0,3,NaN
3,0,3,0.7173282754632971
3,0,3,0.8617097556108892
1,2,3,NaN
3,0,3,NaN
1,2,3,0.8418168267177661
3,0,3,0.09705052906618594
2,1,3,NaN
2,1,3,NaN
3,0,3,NaN
2,1,3,0.3356648173745397
2,1,3,NaN
3,0,3,0.35163936320323114
2,1,3,0.8791469822960243
3,0,3,0.4869472780660612
3,0,3,NaN
2,1,3,0.14080710657571024
3,0,3,NaN
3,0,3,0.35163936320323114
3,0,3,NaN
3,0,3,NaN
2,1,3,NaN
3,0,3,0.03973270879120916
2,1,3,NaN
1,2,3,0.962032138983051
2,1,3,NaN
2,1,3,NaN
3,0,3,NaN
1,2,3,0.6211047067208528
1,2,3,0.886578124066172
3,0,3,0.4869472780660612
3,0,3,NaN
1,2,3,NaN
2,1,3,0.022641636257990223
3,0,3,NaN
3,0,3,0.14080710657571024
3,0,3,NaN
1,2,3,NaN
3,0,3,NaN
3,0,3,NaN
3,0,3,NaN
3,0,3,0.21187913375295056
3,0,3,0.35163936320323114
3,0,3,NaN
2,1,3,NaN
1,2,3,NaN
3,0,3,NaN
2,1,3,0.9097889372969507
3,0,3,NaN
1,2,3,0.161264881038212
2,1,3,NaN
3,0,3,0.4389759442456205
3,0,3,NaN
3,0,3,0.7659187175498298
3,0,3,NaN
2,1,3,0.6295991247591435
2,1,3,NaN
3,0,3,NaN
2,1,3,NaN
3,0,3,0.7351022872357142
3,0,3,NaN
3,0,3,NaN
3,0,3,0.03704832131919486
3,0,3,NaN
3,0,3,NaN
3,0,3,NaN
3,0,3,NaN
3,0,3,0.7943141978951035
3,0,3,NaN
3,0,3,NaN
3,0,3,0.6629394266610144
3,0,3,0.24299412154726827
3,0,3,0.6629394266610144
2,1,3,0.8204795116931126
3,0,3,NaN
3,0,3,0.9064891401847417
2,1,3,NaN
3,0,3,0.6211047067208528
3,0,3,NaN
3,0,3,NaN
2,1,3,0.7943141978951035
2,1,3,NaN
3,0,3,0.962032138983051
3,0,3,NaN
3,0,3,0.161264881038212
3,0,3,0.056828400303693134
3,0,3,0.9452512051460086
2,1,3,NaN
2,1,3,0.7659187175498298
3,0,3,NaN
3,0,3,NaN
3,0,3,NaN
3,0,3,NaN
3,0,3,NaN
2,1,3,NaN
3,0,3,NaN
2,1,3,0.8204795116931126
3,0,3,NaN
3,0,3,0.4389759442456205
2,1,3,NaN
3,0,3,NaN
3,0,3,NaN
3,0,3,NaN
1,2,3,NaN
1,2,3,0.4389759442456205
2,1,3,0.05295374443847441
2,1,3,NaN
2,1,3,NaN
3,0,3,NaN
2,1,3,0.3147278493122561
1,2,3,0.7943141978951035
2,1,3,NaN
2,1,3,NaN
2,1,3,NaN
2,1,3,0.04299524926508405
3,0,3,0.4389759442456205
3,0,3,NaN
3,0,3,0.7659187175498298
3,0,3,NaN
3,0,3,NaN
2,1,3,NaN
3,0,3,NaN
3,0,3,NaN
2,1,3,NaN
2,1,3,NaN
3,0,3,0.9690207992381747
2,1,3,0.6211047067208528
1,2,3,0.8617097556108892
3,0,3,NaN
3,0,3,NaN
3,0,3,NaN
2,1,3,0.4869472780660612
2,1,3,0.9690207992381747
3,0,3,NaN
3,0,3,NaN
2,1,3,NaN
3,0,3,NaN
3,0,3,NaN
2,1,3,0.12196444410581492
1,2,3,NaN
3,0,3,NaN
1,2,3,NaN
2,1,3,NaN
3,0,3,0.8949950374154003
2,1,3,0.7351022872357142
3,0,3,0.8791469822960243
3,0,3,0.3147278493122561
3,0,3,0.4389759442456205
2,1,3,NaN
2,1,3,NaN
2,1,3,NaN
2,1,3,NaN
3,0,3,NaN
3,0,3,NaN
2,1,3,0.0019575942924920132
2,1,3,NaN
2,1,3,NaN
2,1,3,NaN
2,1,3,NaN
3,0,3,NaN
3,0,3,NaN
3,0,3,NaN
2,1,3,0.7236429989147577
2,1,3,NaN
2,1,3,NaN
3,0,3,NaN
2,1,3,NaN
3,0,3,NaN
3,0,3,NaN
2,1,3,NaN
2,1,3,0.5773495910338519
3,0,3,NaN
3,0,3,NaN
1,2,3,0.8949950374154003
3,0,3,0.7008553584305408
1,2,3,NaN
2,1,3,NaN
3,0,3,NaN
3,0,3,NaN
1,2,3,NaN
1,2,3,0.36580721280013206
2,1,3,NaN
3,0,3,0.7659187175498298
3,0,3,NaN
2,1,3,0.5773495910338519
1,2,3,NaN
1,2,3,NaN
2,1,3,NaN
3,0,3,NaN
3,0,3,NaN
2,1,3,NaN
3,0,3,NaN
3,0,3,NaN
1,2,3,0.3147278493122561
2,1,3,0.6629394266610144
3,0,3,0.05295374443847441
3,0,3,NaN
2,1,3,NaN
3,0,3,NaN
3,0,3,0.25343274303562374
3,0,3,0.7351022872357142
3,0,3,NaN
2,1,3,NaN
3,0,3,NaN
2,1,3,NaN
3,0,3,NaN
3,0,3,NaN
3,0,3,NaN
2,1,3,NaN
1,2,3,0.6211047067208528
3,0,3,0.06988872661807305
1,2,3,NaN
1,2,3,NaN
1,2,3,0.7008553584305408
3,0,3,NaN
3,0,3,0.8949950374154003
3,0,3,0.8385913046812368
2,1,3,NaN
2,1,3,NaN
1,2,3,NaN
2,1,3,NaN
3,0,3,0.9998312681442629
1,2,3,NaN
3,0,3,NaN
3,0,3,NaN
2,1,3,0.05295374443847441
2,1,3,NaN
3,0,3,NaN
3,0,3,0.4389759442456205
3,0,3,NaN
3,0,3,NaN
1,2,3,0.10644627622097674
3,0,3,0.7659187175498298
3,0,3,0.8791469822960243
3,0,3,0.4389759442456205
2,1,3,NaN
3,0,3,NaN
2,1,3,NaN
3,0,3,NaN
3,0,3,NaN
2,1,3,NaN
3,0,3,NaN
2,1,3,0.6629394266610144
2,1,3,NaN
2,1,3,0.14080710657571024
3,0,3,0.8204795116931126
2,1,3,0.7943141978951035
3,0,3,NaN
2,1,3,NaN
2,1,3,0.9097889372969507
3,0,3,NaN
2,1,3,0.7008553584305408
3,0,3,0.5525140998194786
3,0,3,0.7008553584305408
3,0,3,0.6343497103293031
2,1,3,NaN
1,2,3,0.6211047067208528
3,0,3,NaN
3,0,3,NaN
3,0,3,NaN
2,1,3,NaN
3,0,3,NaN
3,0,3,NaN
2,1,3,NaN
3,0,3,NaN
3,0,3,NaN
2,1,3,NaN
2,1,3,0.4389759442456205
1,2,3,NaN
3,0,3,NaN
3,0,3,0.02611284212389445
3,0,3,NaN
2,1,3,0.6629394266610144
3,0,3,NaN
3,0,3,NaN
3,0,3,NaN
3,0,3,NaN
3,0,3,NaN
3,0,3,NaN
3,0,3,NaN
1,2,3,0.8418168267177661
1,2,3,NaN
3,0,3,NaN
2,1,3,NaN
2,1,3,0.12196444410581492
3,0,3,NaN
3,0,3,NaN
2,1,3,0.4389759442456205
2,1,3,NaN
3,0,3,0.05295374443847441
3,0,3,NaN
3,0,3,NaN
1,2,3,NaN
3,0,3,NaN
3,0,3,NaN
3,0,3,NaN
2,1,3,NaN
2,1,3,0.8617097556108892
3,0,3,NaN
3,0,3,0.8617097556108892
3,0,3,NaN
3,0,3,NaN
3,0,3,0.9452736117663113
3,0,3,NaN
2,1,3,NaN
3,0,3,NaN
3,0,3,NaN
3,0,3,NaN
3,0,3,NaN
3,0,3,NaN
2,1,3,NaN
3,0,3,NaN
2,1,3,NaN
2,1,3,0.06058247105517931
1,2,3,0.7351022872357142
3,0,3,NaN
2,1,3,NaN
3,0,3,NaN
2,1,3,0.1263440049225468
3,0,3,NaN
1,2,3,NaN
2,1,3,0.8418168267177661
2,1,3,0.6211047067208528
2,1,3,NaN
2,1,3,0.8949950374154003
3,0,3,NaN
1,2,3,0.02611284212389445
3,0,3,NaN
3,0,3,0.4389759442456205
3,0,3,NaN
3,0,3,NaN
3,0,3,NaN
2,1,3,0.8949950374154003
2,1,3,NaN
2,1,3,NaN
1,2,3,NaN
1,2,3,0.08115644780417555
3,0,3,NaN
3,0,3,0.7659187175498298
3,0,3,NaN
2,1,3,0.161264881038212
3,0,3,NaN
2,1,3,0.6211047067208528
1,2,3,NaN
3,0,3,NaN
2,1,3,0.8949950374154003
3,0,3,NaN
3,0,3,NaN
3,0,3,NaN
3,0,3,0.0661330024587312
3,0,3,0.9749834651108517
2,1,3,0.18561760226461765
3,0,3,0.9690207992381747
3,0,3,NaN
3,0,3,NaN
2,1,3,0.8204795116931126
2,1,3,0.35163936320323114
3,0,3,0.962032138983051
2,1,3,0.2770589453938832
1,2,3,0.3113020350068427
3,0,3,NaN
2,1,3,NaN
3,0,3,NaN
3,0,3,0.24299412154726827
3,0,3,NaN
2,1,3,0.534054961478336
3,0,3,0.161264881038212
3,0,3,0.9845924478014567
3,0,3,NaN
2,1,3,NaN
2,1,3,NaN
3,0,3,0.534054961478336
2,1,3,0.24299412154726827
2,1,3,NaN
2,1,3,0.39365820288251563
3,0,3,0.10644627622097674
2,1,3,NaN
3,0,3,0.6928924298259402
3,0,3,0.7351022872357142
3,0,3,NaN
3,0,3,0.8204795116931126
3,0,3,NaN
3,0,3,0.2770589453938832
2,1,3,NaN
3,0,3,0.6761675362193224
3,0,3,NaN
3,0,3,NaN
2,1,3,NaN
3,0,3,0.9749834651108517
3,0,3,NaN
2,1,3,NaN
3,0,3,NaN
3,0,3,NaN
2,1,3,0.204756329954101
2,1,3,NaN
3,0,3,NaN
3,0,3,NaN
3,0,3,NaN
1,2,3,0.35163936320323114
3,0,3,NaN
2,1,3,NaN
1,2,3,NaN
3,0,3,0.8418168267177661
3,0,3,0.7943141978951035
3,0,3,0.4389759442456205
3,0,3,NaN
3,0,3,0.8204795116931126
3,0,3,NaN
3,0,3,NaN
2,1,3,NaN
2,1,3,0.03973270879120916
2,1,3,0.12196444410581492
3,0,3,NaN
1,2,3,NaN
2,1,3,0.6464958174382397
3,0,3,0.3147278493122561
3,0,3,0.9749834651108517
1,2,3,0.9444012070806406
3,0,3,0.7659187175498298
3,0,3,NaN
2,1,3,NaN
3,0,3,NaN
2,1,3,NaN
3,0,3,0.9097889372969507
3,0,3,0.21187913375295056
2,1,3,NaN
3,0,3,NaN
2,1,3,NaN
3,0,3,NaN
3,0,3,0.4869472780660612
3,0,3,0.8418168267177661
2,1,3,NaN
3,0,3,NaN
2,1,3,NaN
3,0,3,0.7943141978951035
2,1,3,NaN
1,2,3,NaN
2,1,3,0.07549071471762002
2,1,3,NaN
3,0,3,0.7659187175498298
3,0,3,0.2770589453938832
3,0,3,NaN
2,1,3,NaN
2,1,3,0.5773495910338519
3,0,3,NaN
2,1,3,NaN
3,0,3,NaN
2,1,3,NaN
1,2,3,0.8204795116931126
3,0,3,0.10644627622097674
3,0,3,NaN
2,1,3,0.534054961478336
3,0,3,NaN
3,0,3,NaN
3,0,3,NaN
3,0,3,0.6629394266610144
3,0,3,NaN
2,1,3,NaN
1,2,3,0.6629394266610144
3,0,3,NaN
2,1,3,0.2770589453938832
3,0,3,NaN
3,0,3,0.9336743037628588
1,2,3,NaN
3,0,3,0.35163936320323114
3,0,3,NaN
2,1,3,NaN
3,0,3,NaN
2,1,3,NaN
3,0,3,NaN
3,0,3,0.5773495910338519
3,0,3,NaN
2,1,3,0.4869472780660612
3,0,3,NaN
2,1,3,NaN
2,1,3,0.5624100504369717
3,0,3,0.24299412154726827
2,1,3,NaN
1,2,3,NaN
3,0,3,0.6629394266610144
1,2,3,0.2770589453938832
2,1,3,NaN
3,0,3,0.6211047067208528
3,0,3,0.9097889372969507
3,0,3,NaN
3,0,3,NaN
2,1,3,NaN
3,0,3,NaN
2,1,3,NaN
3,0,3,0.6629394266610144
3,0,3,NaN
2,1,3,NaN
1,2,3,NaN
2,1,3,NaN
3,0,3,0.007391648530662273
1,2,3,0.8617097556108892
2,1,3,NaN
3,0,3,NaN
3,0,3,NaN
3,0,3,0.18561760226461765
1,2,3,NaN
2,1,3,0.534054961478336
3,0,3,NaN
3,0,3,NaN
3,0,3,NaN
3,0,3,NaN
1,2,3,NaN
2,1,3,0.7008553584305408
2,1,3,NaN
3,0,3,NaN
3,0,3,NaN
3,0,3,NaN
3,0,3,NaN
2,1,3,NaN
3,0,3,NaN
2,1,3,NaN
2,1,3,NaN
2,1,3,0.31446254865538825
3,0,3,NaN
2,1,3,NaN
3,0,3,0.12196444410581492
3,0,3,NaN
3,0,3,0.3147278493122561
3,0,3,NaN
2,1,3,NaN
3,0,3,NaN
3,0,3,NaN
3,0,3,NaN
3,0,3,NaN
3,0,3,NaN
1,2,3,0.6211047067208528
2,1,3,0.9845924478014567
3,0,3,NaN
2,1,3,0.3539831637535881
3,0,3,NaN
2,1,3,NaN
3,0,3,NaN
3,0,3,NaN
3,0,3,0.8418168267177661
1,2,3,0.09331494238381467
3,0,3,0.9690207992381747
3,0,3,NaN
3,0,3,0.3147278493122561
3,0,3,NaN
2,1,3,0.2770589453938832
3,0,3,NaN
3,0,3,0.14080710657571024
3,0,3,NaN
3,0,3,0.21187913375295056
2,1,3,0.30728168715621196
3,0,3,NaN
2,1,3,0.0001984455295887633
2,1,3,NaN
2,1,3,0.39365820288251563
3,0,3,NaN
2,1,3,0.534054961478336
3,0,3,NaN
2,1,3,0.7659187175498298
2,1,3,0.045946027748132785
3,0,3,NaN
2,1,3,NaN
3,0,3,0.9336743037628588
3,0,3,NaN
3,0,3,NaN
2,1,3,NaN
3,0,3,0.9336743037628588
1,2,3,0.21187913375295056
3,0,3,NaN
2,1,3,0.9642310265787069
2,1,3,NaN
2,1,3,NaN
3,0,3,NaN
1,2,3,NaN
3,0,3,NaN
3,0,3,NaN
3,0,3,NaN
3,0,3,0.7008553584305408
3,0,3,0.8617097556108892
2,1,3,0.4869472780660612
3,0,3,0.7351022872357142
2,1,3,0.7943141978951035
1,2,3,NaN
3,0,3,0.6211047067208528
3,0,3,NaN
1,2,3,NaN
3,0,3,NaN
3,0,3,NaN
3,0,3,0.8949950374154003
3,0,3,NaN
3,0,3,NaN
3,0,3,0.6843243234992917
3,0,3,NaN
3,0,3,NaN
3,0,3,NaN
2,1,3,NaN
2,1,3,NaN
3,0,3,NaN
3,0,3,0.7043648530579318
2,1,3,0.922483585895465
2,1,3,NaN
3,0,3,NaN
1,2,3,0.7008553584305408
3,0,3,NaN
2,1,3,0.39365820288251563
2,1,3,NaN
1,2,3,NaN
3,0,3,NaN
3,0,3,NaN
3,0,3,NaN
2,1,3,0.7943141978951035
2,1,3,NaN
3,0,3,0.9690207992381747
3,0,3,NaN
2,1,3,NaN
3,0,3,0.14183755091820038
2,1,3,0.9534911290835386
3,0,3,NaN
2,1,3,0.9690207992381747
3,0,3,NaN
2,1,3,NaN
3,0,3,NaN
3,0,3,NaN
2,1,3,NaN
2,1,3,0.2770589453938832
3,0,3,NaN
2,1,3,NaN
3,0,3,NaN
3,0,3,NaN
2,1,3,NaN
1,2,3,NaN
3,0,3,NaN
3,0,3,NaN
3,0,3,NaN
3,0,3,NaN
2,1,3,0.18561760226461765
3,0,3,0.4869472780660612
3,0,3,NaN
3,0,3,0.9097889372969507
3,0,3,0.00035601661631126164
2,1,3,0.8949950374154003
2,1,3,0.6211047067208528
1,2,3,0.7943141978951035
3,0,3,NaN
3,0,3,0.39365820288251563
3,0,3,NaN
3,0,3,NaN
3,0,3,NaN
3,0,3,0.8791469822960243
3,0,3,0.991808263676121
3,0,3,NaN
3,0,3,NaN
3,0,3,NaN
3,0,3,NaN
3,0,3,NaN
1,2,3,NaN
1,2,3,NaN
3,0,3,NaN
2,1,3,0.7351022872357142
2,1,3,NaN
2,1,3,NaN
3,0,3,NaN
1,2,3,0.06988872661807305
3,0,3,NaN
2,1,3,NaN
3,0,3,0.21187913375295056
3,0,3,NaN
2,1,3,0.4389759442456205
3,0,3,NaN
2,1,3,NaN
3,0,3,NaN
1,2,3,NaN
1,2,3,NaN
1,2,3,0.08070267912959703
1,2,3,0.5773495910338519
2,1,3,0.8452405203055304
2,1,3,NaN
2,1,3,0.6629394266610144
3,0,3,NaN
2,1,3,NaN
2,1,3,0.6629394266610144
3,0,3,0.016893722800591704
2,1,3,0.21187913375295056
2,1,3,0.7008553584305408
3,0,3,0.14080710657571024
3,0,3,NaN
3,0,3,NaN
3,0,3,NaN
2,1,3,0.0007060669825478474
1,2,3,0.35163936320323114
2,1,3,NaN
3,0,3,NaN
3,0,3,NaN
3,0,3,0.161264881038212
3,0,3,0.8204795116931126
2,1,3,0.7659187175498298
2,1,3,0.7351022872357142
3,0,3,0.8418168267177661
2,1,3,NaN
2,1,3,0.534054961478336
2,1,3,0.045946027748132785
3,0,3,NaN
3,0,3,0.5135204956201115
2,1,3,NaN
3,0,3,NaN
3,0,3,NaN
2,1,3,NaN
3,0,3,0.4389759442456205
2,1,3,NaN
2,1,3,0.7659187175498298
2,1,3,0.6629394266610144
1,2,3,NaN
1,2,3,0.6629394266610144
3,0,3,NaN
2,1,3,NaN
1,2,3,0.12196444410581492
3,0,3,NaN
1,2,3,0.006275277575596156
3,0,3,NaN
3,0,3,NaN
3,0,3,0.39365820288251563
3,0,3,NaN
2,1,3,NaN
2,1,3,0.21187913375295056
2,1,3,0.5773495910338519
1,2,3,0.7659187175498298
2,1,3,NaN
3,0,3,NaN
3,0,3,0.21187913375295056
3,0,3,NaN
3,0,3,0.7351022872357142
3,0,3,NaN
3,0,3,NaN
2,1,3,NaN
2,1,3,0.1197675794643248
2,1,3,NaN
1,2,3,NaN
2,1,3,NaN
3,0,3,NaN
2,1,3,0.8418168267177661
2,1,3,NaN
3,0,3,NaN
3,0,3,NaN
3,0,3,0.06058247105517931
1,2,3,0.8949950374154003
1,2,3,NaN
3,0,3,NaN
3,0,3,NaN
1,2,3,0.6629394266610144
3,0,3,0.24299412154726827
1,2,3,0.18561760226461765
2,1,3,NaN
2,1,3,NaN
3,0,3,NaN
3,0,3,NaN
2,1,3,0.4389759442456205
3,0,3,NaN
3,0,3,NaN
3,0,3,NaN
3,0,3,0.06988872661807305
1,2,3,NaN
2,1,3,NaN
1,2,3,NaN
3,0,3,0.21187913375295056
3,0,3,NaN
1,2,3,NaN
3,0,3,0.8617097556108892
3,0,3,NaN
3,0,3,NaN
2,1,3,0.09331494238381467
3,0,3,NaN
3,0,3,NaN
3,0,3,NaN
1,2,3,NaN
1,2,3,NaN
3,0,3,NaN
3,0,3,0.4869472780660612
2,1,3,NaN
3,0,3,NaN
2,1,3,NaN
3,0,3,NaN
3,0,3,NaN
3,0,3,NaN
3,0,3,NaN
3,0,3,0.8791469822960243
2,1,3,NaN
3,0,3,NaN
3,0,3,NaN
3,0,3,NaN
2,1,3,0.8418168267177661
3,0,3,0.8204795116931126
3,0,3,NaN
3,0,3,NaN
2,1,3,NaN
3,0,3,NaN
2,1,3,0.7659187175498298
3,0,3,NaN
2,1,3,NaN
3,0,3,NaN
3,0,3,0.39365820288251563
3,0,3,NaN
3,0,3,0.29973320126138214
2,1,3,0.5299817961731534
3,0,3,NaN
1,2,3,NaN
2,1,3,NaN
2,1,3,NaN
3,0,3,NaN
1,2,3,NaN
3,0,3,0.7659187175498298
2,1,3,0.8418168267177661
3,0,3,0.922483585895465
3,0,3,NaN
1,2,3,0.9097889372969507
3,0,3,NaN
3,0,3,0.39365820288251563
2,1,3,0.02611284212389445
1,2,3,0.4389759442456205
3,0,3,NaN
1,2,3,NaN
3,0,3,NaN
3,0,3,0.10644627622097674
1,2,3,NaN
3,0,3,NaN
1,2,3,0.7206370700902589
3,0,3,NaN
3,0,3,NaN
2,1,3,NaN
3,0,3,NaN
3,0,3,NaN
3,0,3,NaN
3,0,3,NaN
2,1,3,0.03468779084967369
3,0,3,NaN
3,0,3,NaN
1,2,3,0.21187913375295056
1,2,3,NaN
3,0,3,0.7659187175498298
3,0,3,0.4389759442456205
3,0,3,0.2770589453938832
3,0,3,NaN
1,2,3,0.39365820288251563
1,2,3,NaN
3,0,3,NaN
2,1,3,NaN
3,0,3,NaN
2,1,3,0.4389759442456205
3,0,3,NaN
3,0,3,0.7943141978951035
1,2,3,NaN
2,1,3,0.39365820288251563
3,0,3,NaN
3,0,3,NaN
3,0,3,NaN
3,0,3,NaN
3,0,3,NaN
2,1,3,0.09331494238381467
1,2,3,0.6629394266610144
3,0,3,0.4389759442456205
2,1,3,0.24299412154726827
3,0,3,NaN
3,0,3,NaN
2,1,3,0.8949950374154003
2,1,3,NaN
2,1,3,NaN
2,1,3,0.12747075101832725
3,0,3,0.15333423038314858
2,1,3,0.534054961478336
3,0,3,NaN
2,1,3,NaN
2,1,3,0.9444012070806406
3,0,3,0.4389759442456205
3,0,3,0.2770589453938832
1,2,3,0.06988872661807305
2,1,3,0.7943141978951035
3,0,3,NaN
3,0,3,NaN
3,0,3,0.9534911290835386
2,1,3,NaN
2,1,3,0.14080710657571024
3,0,3,NaN
2,1,3,0.9690207992381747
3,0,3,0.6211047067208528
3,0,3,0.5773495910338519
3,0,3,0.045946027748132785
3,0,3,NaN
3,0,3,NaN
3,0,3,0.3147278493122561
3,0,3,NaN
2,1,3,NaN
3,0,3,0.962032138983051
3,0,3,NaN
3,0,3,NaN
3,0,3,NaN
2,1,3,NaN
2,1,3,NaN
3,0,3,NaN
1,2,3,0.5846310885929272
2,1,3,NaN
2,1,3,NaN
2,1,3,NaN
3,0,3,NaN
3,0,3,NaN
2,1,3,0.8617097556108892
2,1,3,NaN
3,0,3,NaN
3,0,3,NaN
3,0,3,0.7943141978951035
3,0,3,0.6211047067208528
2,1,3,NaN
2,1,3,0.6629394266610144
1,2,3,0.4869472780660612
3,0,3,NaN
3,0,3,NaN
2,1,3,NaN
2,1,3,0.06058247105517931
2,1,3,NaN
2,1,3,0.8791469822960243
3,0,3,NaN
3,0,3,NaN
2,1,3,0.39365820288251563
3,0,3,NaN
3,0,3,NaN
3,0,3,NaN
3,0,3,0.8949950374154003
3,0,3,NaN
1,2,3,NaN
3,0,3,NaN
2,1,3,NaN
3,0,3,NaN
1,2,3,NaN
3,0,3,NaN
3,0,3,NaN
2,1,3,NaN
2,1,3,0.8418168267177661
2,1,3,0.11632221936891603
2,1,3,0.002046340929733362
1,2,3,0.2770589453938832
2,1,3,NaN
1,2,3,NaN
1,2,3,NaN
3,0,3,0.21187913375295056
3,0,3,NaN
2,1,3,0.4869472780660612
3,0,3,0.534054961478336
3,0,3,NaN
3,0,3,NaN
1,2,3,0.39365820288251563
1,2,3,0.7351022872357142
2,1,3,0.03025847703180226
1,2,3,NaN
1,2,3,NaN
3,0,3,NaN
3,0,3,NaN
2,1,3,NaN
3,0,3,NaN
3,0,3,NaN
1,2,3,NaN
3,0,3,0.3147278493122561
3,0,3,NaN
1,2,3,0.3147278493122561
2,1,3,NaN
3,0,3,NaN
2,1,3,NaN
2,1,3,NaN
2,1,3,NaN
3,0,3,NaN
1,2,3,0.14447503118479854
2,1,3,NaN
3,0,3,NaN
3,0,3,NaN
3,0,3,NaN
3,0,3,NaN
2,1,3,0.6211047067208528
3,0,3,0.5121642980254933
3,0,3,0.2228747875940001
2,1,3,NaN
2,1,3,NaN
3,0,3,NaN
3,0,3,0.35163936320323114
2,1,3,0.8617097556108892
3,0,3,0.5773495910338519
3,0,3,NaN
3,0,3,NaN
3,0,3,NaN
3,0,3,NaN
3,0,3,0.35163936320323114
2,1,3,0.6579200374906828
3,0,3,NaN
2,1,3,NaN
1,2,3,0.534054961478336
3,0,3,0.12196444410581492
1,2,3,0.8418168267177661
1,2,3,0.12196444410581492
2,1,3,NaN
2,1,3,0.8354235105124547
2,1,3,0.9690207992381747
3,0,3,NaN
3,0,3,0.35163936320323114
2,1,3,0.12196444410581492
2,1,3,0.4869472780660612
3,0,3,0.12196444410581492
2,1,3,NaN
3,0,3,NaN
3,0,3,NaN
3,0,3,NaN
3,0,3,NaN
3,0,3,NaN
2,1,3,0.534054961478336
1,2,3,0.534054961478336
2,1,3,NaN
2,1,3,NaN
2,1,3,NaN
3,0,3,NaN
2,1,3,0.12196444410581492
3,0,3,NaN
3,0,3,NaN
3,0,3,NaN
3,0,3,0.4581299951219079
3,0,3,0.4869472780660612
3,0,3,NaN
3,0,3,0.14080710657571024
2,1,3,NaN
3,0,3,NaN
3,0,3,NaN
3,0,3,NaN
1,2,3,NaN
3,0,3,NaN
2,1,3,0.922483585895465
2,1,3,NaN
3,0,3,0.7659187175498298
2,1,3,NaN
3,0,3,NaN
3,0,3,NaN
2,1,3,0.4869472780660612
2,1,3,NaN
2,1,3,0.9336743037628588
2,1,3,0.24299412154726827
2,1,3,0.8791469822960243
2,1,3,0.4869472780660612
3,0,3,NaN
3,0,3,NaN
3,0,3,NaN
3,0,3,NaN
2,1,3,0.7008553584305408
3,0,3,NaN
3,0,3,NaN
3,0,3,NaN
3,0,3,NaN
3,0,3,NaN
3,0,3,NaN
2,1,3,NaN
3,0,3,NaN
3,0,3,NaN
3,0,3,NaN
3,0,3,NaN
2,1,3,NaN
1,2,3,0.7529922418824272
3,0,3,NaN
3,0,3,0.05295374443847441
3,0,3,NaN
2,1,3,NaN
3,0,3,NaN
2,1,3,NaN
3,0,3,NaN
3,0,3,NaN
3,0,3,NaN
3,0,3,NaN
3,0,3,NaN
2,1,3,NaN
3,0,3,NaN
3,0,3,NaN
2,1,3,0.7943141978951035
3,0,3,NaN
3,0,3,NaN
3,0,3,NaN
3,0,3,0.8521191763341024
2,1,3,0.04344946742249774
2,1,3,NaN
3,0,3,0.8696920542569855
3,0,3,NaN
3,0,3,NaN
3,0,3,NaN
3,0,3,NaN
1,2,3,0.922483585895465
1,2,3,0.7008553584305408
2,1,3,NaN
3,0,3,0.6211047067208528
2,1,3,NaN
3,0,3,NaN
3,0,3,0.6211047067208528
3,0,3,NaN
1,2,3,NaN
3,0,3,0.7943141978951035
3,0,3,NaN
1,2,3,NaN
3,0,3,NaN
2,1,3,NaN
3,0,3,0.6211047067208528
3,0,3,NaN
2,1,3,NaN
3,0,3,0.39365820288251563
3,0,3,NaN
3,0,3,NaN
3,0,3,NaN
3,0,3,0.24299412154726827
2,1,3,NaN
3,0,3,0.16375619891597243
2,1,3,NaN
3,0,3,NaN
1,2,3,0.9097889372969507
2,1,3,NaN
3,0,3,NaN
2,1,3,NaN
3,0,3,NaN
2,1,3,NaN
2,1,3,0.9444012070806406
2,1,3,0.03973270879120916
2,1,3,0.06147081611628614
2,1,3,NaN
3,0,3,0.4389759442456205
3,0,3,0.03973270879120916
2,1,3,NaN
2,1,3,NaN
3,0,3,NaN
1,2,3,0.08115644780417555
2,1,3,NaN
2,1,3,NaN
3,0,3,0.24299412154726827
3,0,3,NaN
3,0,3,NaN
2,1,3,NaN
3,0,3,0.3147278493122561
1,2,3,NaN
3,0,3,NaN
3,0,3,0.7659187175498298
2,1,3,NaN
3,0,3,NaN
1,2,3,NaN
2,1,3,NaN
3,0,3,NaN
3,0,3,0.10644627622097674
3,0,3,NaN
3,0,3,0.9534911290835386
2,1,3,NaN
3,0,3,NaN
1,2,3,NaN
2,1,3,NaN
3,0,3,NaN
1,2,3,NaN
3,0,3,NaN
2,1,3,NaN
3,0,3,NaN
3,0,3,0.06988872661807305
3,0,3,0.39365820288251563
2,1,3,NaN
2,1,3,0.9097889372969507
3,0,3,NaN
1,2,3,NaN
3,0,3,0.4389759442456205
3,0,3,NaN
3,0,3,NaN
2,1,3,NaN
3,0,3,NaN
2,1,3,0.8204795116931126
3,0,3,NaN
3,0,3,NaN
3,0,3,NaN
2,1,3,0.03468779084967369
1,2,3,0.7659187175498298
3,0,3,NaN
3,0,3,0.5613969972398019
3,0,3,NaN
3,0,3,0.7659187175498298
2,1,3,0.534054961478336
3,0,3,NaN
2,1,3,0.12196444410581492
3,0,3,0.534054961478336
2,1,3,0.2770589453938832
2,1,3,0.534054961478336
3,0,3,NaN
3,0,3,0.7008553584305408
3,0,3,0.6211047067208528
3,0,3,0.6629394266610144
3,0,3,NaN
3,0,3,NaN
2,1,3,NaN
2,1,3,0.35163936320323114
1,2,3,NaN
3,0,3,NaN
3,0,3,NaN
2,1,3,NaN
2,1,3,NaN
3,0,3,0.9336743037628588
2,1,3,NaN
3,0,3,NaN
3,0,3,0.09331494238381467
3,0,3,NaN
3,0,3,NaN
2,1,3,0.26795821756669086
3,0,3,NaN
2,1,3,0.6459136858084055
2,1,3,0.7943141978951035
2,1,3,NaN
2,1,3,0.2770589453938832
2,1,3,NaN
3,0,3,0.18561760226461765
3,0,3,NaN
3,0,3,0.06449485667634502
3,0,3,NaN
3,0,3,NaN
3,0,3,NaN
3,0,3,0.8949950374154003
3,0,3,NaN
3,0,3,0.3147278493122561
3,0,3,NaN
2,1,3,NaN
3,0,3,NaN
3,0,3,NaN
3,0,3,NaN
2,1,3,NaN
2,1,3,0.08115644780417555
3,0,3,NaN
3,0,3,NaN
1,2,3,NaN
3,0,3,NaN
3,0,3,NaN
2,1,3,NaN
2,1,3,NaN
3,0,3,NaN
2,1,3,NaN
3,0,3,NaN
1,2,3,NaN
3,0,3,NaN
2,1,3,NaN
3,0,3,NaN
3,0,3,NaN
2,1,3,NaN
2,1,3,NaN
3,0,3,NaN
2,1,3,0.7659187175498298
3,0,3,NaN
3,0,3,NaN
2,1,3,0.24299412154726827
3,0,3,NaN
3,0,3,NaN
1,2,3,NaN
2,1,3,0.9336743037628588
3,0,3,NaN
3,0,3,0.6629394266610144
2,1,3,0.8204795116931126
2,1,3,NaN
2,1,3,NaN
3,0,3,NaN
2,1,3,0.4869472780660612
3,0,3,0.08115644780417555
2,1,3,NaN
2,1,3,0.35163936320323114
3,0,3,NaN
3,0,3,NaN
3,0,3,NaN
3,0,3,NaN
3,0,3,0.022514392859242408
3,0,3,0.3147278493122561
2,1,3,0.022641636257990223
2,1,3,0.35163936320323114
3,0,3,NaN
3,0,3,NaN
2,1,3,0.6211047067208528
3,0,3,NaN
3,0,3,NaN
3,0,3,NaN
2,1,3,NaN
3,0,3,NaN
1,2,3,0.7480209814809362
3,0,3,NaN
1,2,3,0.39365820288251563
3,0,3,0.6629394266610144
3,0,3,NaN
3,0,3,NaN
3,0,3,NaN
3,0,3,NaN
3,0,3,0.7008553584305408
3,0,3,NaN
2,1,3,NaN
3,0,3,NaN
3,0,3,NaN
3,0,3,0.03468779084967369
2,1,3,NaN
3,0,3,NaN
3,0,3,NaN
3,0,3,NaN
2,1,3,NaN
1,2,3,NaN
2,1,3,0.24299412154726827
3,0,3,NaN
2,1,3,NaN
2,1,3,NaN
3,0,3,0.8949950374154003
3,0,3,NaN
1,2,3,NaN
3,0,3,NaN
1,2,3,0.12196444410581492
3,0,3,NaN
3,0,3,0.6211047067208528
2,1,3,0.8617097556108892
3,0,3,NaN
3,0,3,0.6816983089465296
3,0,3,0.8791469822960243
3,0,3,NaN
3,0,3,NaN
2,1,3,NaN
3,0,3,NaN
3,0,3,0.8418168267177661
3,0,3,NaN
1,2,3,NaN
3,0,3,NaN
3,0,3,NaN
3,0,3,NaN
3,0,3,0.05295374443847441
1,2,3,0.6211047067208528
3,0,3,0.8204795116931126
3,0,3,NaN
3,0,3,0.6629394266610144
2,1,3,0.161264881038212
3,0,3,NaN
3,0,3,0.7659187175498298
2,1,3,NaN
3,0,3,0.06058247105517931
2,1,3,0.08115644780417555
3,0,3,0.8949950374154003
3,0,3,0.7351022872357142
2,1,3,0.5773495910338519
3,0,3,0.8949950374154003
3,0,3,NaN
1,2,3,NaN
3,0,3,NaN
2,1,3,NaN
2,1,3,0.09331494238381467
3,0,3,NaN
3,0,3,0.4869472780660612
1,2,3,NaN
2,1,3,0.18341591379803038
3,0,3,NaN
3,0,3,NaN
3,0,3,0.4389759442456205
1,2,3,NaN
1,2,3,NaN
3,0,3,NaN
3,0,3,NaN
1,2,3,NaN
3,0,3,NaN
2,1,3,NaN
3,0,3,NaN
2,1,3,0.922483585895465
2,1,3,0.5773495910338519
3,0,3,NaN
2,1,3,0.0005358867667097031
3,0,3,NaN
2,1,3,NaN
3,0,3,NaN
2,1,3,NaN
1,2,3,NaN
3,0,3,NaN
2,1,3,NaN
3,0,3,0.161264881038212
3,0,3,NaN
2,1,3,0.02810870039678428
3,0,3,0.8418168267177661
1,2,3,NaN
2,1,3,0.7008553584305408
2,1,3,0.35163936320323114
3,0,3,NaN
3,0,3,0.9886670302743008
3,0,3,NaN
3,0,3,NaN
3,0,3,NaN
2,1,3,0.5773495910338519
3,0,3,0.4344741859498727
3,0,3,0.06058247105517931
3,0,3,NaN
3,0,3,NaN
2,1,3,0.4389759442456205
3,0,3,NaN
3,0,3,NaN
3,0,3,NaN
3,0,3,NaN
1,2,3,NaN
2,1,3,0.4869472780660612
3,0,3,NaN
1,2,3,NaN
3,0,3,0.30278474492425805
3,0,3,0.39365820288251563
3,0,3,NaN
2,1,3,0.9690207992381747
2,1,3,NaN
3,0,3,0.7351022872357142
2,1,3,0.39365820288251563
3,0,3,NaN
1,2,3,0.06988872661807305
3,0,3,NaN
3,0,3,NaN
1,2,3,0.5773495910338519
3,0,3,NaN
2,1,3,NaN
3,0,3,NaN
3,0,3,0.39365820288251563
3,0,3,NaN
3,0,3,NaN
3,0,3,NaN
2,1,3,NaN
1,2,3,NaN
3,0,3,0.7351022872357142
3,0,3,NaN
3,0,3,0.0008182568552167596
3,0,3,NaN
2,1,3,NaN
3,0,3,NaN
2,1,3,0.7659187175498298
2,1,3,0.9636131616021387
3,0,3,NaN
2,1,3,NaN
3,0,3,NaN
3,0,3,NaN
3,0,3,NaN
2,1,3,NaN
3,0,3,NaN
1,2,3,0.3147278493122561
2,1,3,NaN
3,0,3,NaN
3,0,3,NaN
3,0,3,NaN
3,0,3,NaN
2,1,3,NaN
3,0,3,NaN
2,1,3,0.8418168267177661
2,1,3,NaN
3,0,3,NaN
3,0,3,0.4389759442456205
2,1,3,0.7711154964759444
2,1,3,NaN
2,1,3,NaN
2,1,3,NaN
3,0,3,NaN
3,0,3,NaN
3,0,3,0.2770589453938832
3,0,3,0.6211047067208528
3,0,3,0.4362818310637738
3,0,3,NaN
1,2,3,0.8617097556108892
1,2,3,0.06988872661807305
3,0,3,NaN
2,1,3,0.10644627622097674
3,0,3,NaN
3,0,3,NaN
3,0,3,0.4389759442456205
3,0,3,NaN
1,2,3,NaN
3,0,3,NaN
2,1,3,NaN
3,0,3,NaN
3,0,3,NaN
2,1,3,NaN
2,1,3,NaN
3,0,3,NaN
1,2,3,0.9749834651108517
3,0,3,0.8204795116931126
2,1,3,0.7351022872357142
2,1,3,NaN
2,1,3,0.8617097556108892
2,1,3,0.18561760226461765
3,0,3,NaN
3,0,3,NaN
3,0,3,NaN
3,0,3,NaN
2,1,3,0.4869472780660612
3,0,3,NaN
3,0,3,NaN
3,0,3,NaN
2,1,3,NaN
2,1,3,0.5773495910338519
3,0,3,NaN
3,0,3,NaN
3,0,3,NaN
2,1,3,NaN
3,0,3,0.21187913375295056
3,0,3,NaN
3,0,3,0.7970650442331396
3,0,3,0.8791469822960243
3,0,3,NaN
3,0,3,NaN
3,0,3,0.8617097556108892
3,0,3,0.9097889372969507
2,1,3,NaN
3,0,3,0.39365820288251563
2,1,3,NaN
3,0,3,0.99604904991201
3,0,3,NaN
3,0,3,0.2770589453938832
3,0,3,0.9444012070806406
3,0,3,NaN
3,0,3,NaN
3,0,3,0.7943141978951035
2,1,3,NaN
2,1,3,NaN
3,0,3,0.6629394266610144
3,0,3,NaN
3,0,3,NaN
2,1,3,NaN
3,0,3,0.09331494238381467
3,0,3,0.03468779084967369
3,0,3,0.4869472780660612
3,0,3,NaN
1,2,3,0.534054961478336
1,2,3,0.7943141978951035
3,0,3,NaN
3,0,3,NaN
2,1,3,0.9336743037628588
1,2,3,0.534054961478336
3,0,3,NaN
3,0,3,NaN
3,0,3,NaN
3,0,3,NaN
2,1,3,NaN
3,0,3,NaN
1,2,3,0.24299412154726827
2,1,3,0.8918075171143799
3,0,3,NaN
2,1,3,0.4389759442456205
3,0,3,NaN
3,0,3,0.45885943191873046
2,1,3,NaN
3,0,3,NaN
2,1,3,NaN
3,0,3,NaN
3,0,3,0.022641636257990223
3,0,3,NaN
1,2,3,NaN
3,0,3,0.7943141978951035
3,0,3,NaN
2,1,3,NaN
3,0,3,NaN
3,0,3,NaN
2,1,3,NaN
2,1,3,NaN
3,0,3,NaN
3,0,3,NaN
3,0,3,NaN
2,1,3,0.9951930465464588
2,1,3,0.534054961478336
3,0,3,NaN
2,1,3,NaN
3,0,3,0.8791469822960243
3,0,3,NaN
2,1,3,NaN
3,0,3,0.9845924478014567
2,1,3,NaN
2,1,3,NaN
3,0,3,NaN
3,0,3,0.03468779084967369
3,0,3,0.7659187175498298
3,0,3,NaN
2,1,3,NaN
2,1,3,NaN
2,1,3,NaN
2,1,3,0.7351022872357142
3,0,3,NaN
2,1,3,NaN
2,1,3,NaN
3,0,3,NaN
3,0,3,0.3147278493122561
2,1,3,0.7008553584305408
3,0,3,0.8617097556108892
3,0,3,NaN
3,0,3,NaN
2,1,3,NaN
2,1,3,NaN
2,1,3,NaN
3,0,3,0.7351022872357142
2,1,3,NaN
3,0,3,NaN
2,1,3,NaN
3,0,3,NaN
3,0,3,NaN
3,0,3,NaN
3,0,3,0.06058247105517931
2,1,3,0.3147278493122561
1,2,3,0.5773495910338519
3,0,3,NaN
3,0,3,NaN
3,0,3,NaN
3,0,3,NaN
3,0,3,NaN
3,0,3,NaN
2,1,3,0.24299412154726827
2,1,3,NaN
3,0,3,NaN
3,0,3,NaN
2,1,3,0.35163936320323114
3,0,3,NaN
3,0,3,NaN
3,0,3,NaN
3,0,3,NaN
2,1,3,NaN
2,1,3,NaN
3,0,3,NaN
3,0,3,0.8204795116931126
3,0,3,NaN
2,1,3,0.7008553584305408
1,2,3,0.019582362947367808
1,2,3,0.14080710657571024
3,0,3,NaN
1,2,3,0.7943141978951035
3,0,3,0.21187913375295056
1,2,3,NaN
2,1,3,NaN
1,2,3,NaN
3,0,3,NaN
2,1,3,0.9690207992381747
3,0,3,0.5773495910338519
3,0,3,NaN
3,0,3,0.8949950374154003
1,2,3,NaN
3,0,3,NaN
3,0,3,0.8617097556108892
3,0,3,NaN
3,0,3,NaN
3,0,3,NaN
3,0,3,0.7351022872357142
2,1,3,0.023478970501129702
3,0,3,NaN
1,2,3,NaN
3,0,3,NaN
3,0,3,NaN
2,1,3,0.8791469822960243
1,2,3,NaN
3,0,3,0.03025847703180226
2,1,3,NaN
3,0,3,NaN
1,2,3,NaN
3,0,3,NaN
1,2,3,NaN
3,0,3,0.7008553584305408
3,0,3,0.000971087762670934
3,0,3,NaN
3,0,3,NaN
3,0,3,NaN
2,1,3,NaN
3,0,3,0.03973270879120916
2,1,3,0.9690207992381747
2,1,3,NaN
3,0,3,NaN
3,0,3,NaN
3,0,3,NaN
2,1,3,0.9534911290835386
2,1,3,NaN
3,0,3,0.4389759442456205
3,0,3,NaN
3,0,3,NaN
2,1,3,NaN
3,0,3,0.2770589453938832
3,0,3,0.4869472780660612
3,0,3,0.6211047067208528
1,2,3,0.019582362947367808
3,0,3,NaN
3,0,3,NaN
3,0,3,0.4389759442456205
3,0,3,NaN
3,0,3,NaN
3,0,3,NaN
1,2,3,NaN
3,0,3,0.8617097556108892
3,0,3,NaN
3,0,3,NaN
2,1,3,NaN
3,0,3,0.39365820288251563
2,1,3,NaN
3,0,3,NaN
1,2,3,0.8418168267177661
2,1,3,0.12196444410581492
3,0,3,NaN
3,0,3,NaN
1,2,3,NaN
3,0,3,0.8791469822960243
2,1,3,NaN
2,1,3,0.011625908468073121
3,0,3,0.9690207992381747
3,0,3,NaN
2,1,3,NaN
2,1,3,NaN
3,0,3,0.24299412154726827
1,2,3,NaN
3,0,3,NaN
3,0,3,0.4389759442456205
3,0,3,NaN
2,1,3,0.8617097556108892
2,1,3,0.534054961478336
1,2,3,0.9336743037628588
3,0,3,NaN
3,0,3,NaN
2,1,3,0.9336743037628588
3,0,3,NaN
2,1,3,NaN
2,1,3,NaN
3,0,3,NaN
3,0,3,NaN
3,0,3,NaN
3,0,3,NaN
1,2,3,NaN
2,1,3,0.7659187175498298
2,1,3,NaN
3,0,3,NaN
3,0,3,NaN
2,1,3,NaN
2,1,3,NaN
2,1,3,NaN
2,1,3,NaN
2,1,3,NaN
3,0,3,0.2770589453938832
3,0,3,NaN
2,1,3,NaN
2,1,3,0.14080710657571024
2,1,3,NaN
1,2,3,NaN
3,0,3,0.6211047067208528
3,0,3,0.6629394266610144
3,0,3,0.6629394266610144
3,0,3,0.2770589453938832
3,0,3,NaN
3,0,3,NaN
3,0,3,NaN
1,2,3,NaN
2,1,3,0.09331494238381467
2,1,3,NaN
3,0,3,NaN
3,0,3,0.7351022872357142
2,1,3,NaN
3,0,3,NaN
3,0,3,NaN
3,0,3,0.35163936320323114
3,0,3,NaN
3,0,3,0.39365820288251563
2,1,3,0.9534911290835386
2,1,3,0.06988872661807305
2,1,3,NaN
3,0,3,NaN
3,0,3,0.09331494238381467
3,0,3,NaN
2,1,3,0.20419713508934273
1,2,3,NaN
1,2,3,0.06988872661807305
1,2,3,NaN
3,0,3,0.6211047067208528
1,2,3,0.39365820288251563
2,1,3,NaN
3,0,3,NaN
1,2,3,NaN
3,0,3,0.9097889372969507
3,0,3,0.534054961478336
3,0,3,0.8791469822960243
2,1,3,NaN
3,0,3,0.7008553584305408
2,1,3,NaN
1,2,3,NaN
3,0,3,NaN
3,0,3,NaN
2,1,3,NaN
2,1,3,NaN
2,1,3,0.39365820288251563
2,1,3,NaN
2,1,3,NaN
3,0,3,NaN
3,0,3,0.21187913375295056
3,0,3,NaN
3,0,3,NaN
1,2,3,NaN
1,2,3,0.5773495910338519
1,2,3,NaN
1,2,3,NaN
2,1,3,NaN
3,0,3,NaN
1,2,3,NaN
3,0,3,NaN
3,0,3,NaN
2,1,3,NaN
3,0,3,0.39365820288251563
2,1,3,NaN
3,0,3,0.534054961478336
2,1,3,NaN
2,1,3,NaN
2,1,3,0.14080710657571024
2,1,3,NaN
2,1,3,0.881143991419024
3,0,3,0.2770589453938832
3,0,3,NaN
3,0,3,NaN
3,0,3,0.7008553584305408
3,0,3,NaN
3,0,3,0.2770589453938832
2,1,3,NaN
3,0,3,NaN
3,0,3,NaN
2,1,3,NaN
3,0,3,NaN
2,1,3,0.8418168267177661
2,1,3,NaN
3,0,3,0.6629394266610144
1,2,3,NaN
2,1,3,0.35163936320323114
3,0,3,0.751997803097459
2,1,3,NaN
2,1,3,NaN
3,0,3,0.2683530068653033
3,0,3,NaN
2,1,3,NaN
3,0,3,NaN
1,2,3,NaN
3,0,3,NaN
3,0,3,NaN
3,0,3,0.7943141978951035
1,2,3,0.10644627622097674
3,0,3,NaN
3,0,3,0.10644627622097674
3,0,3,NaN
1,2,3,NaN
2,1,3,NaN
3,0,3,NaN
3,0,3,0.09331494238381467
3,0,3,NaN
3,0,3,0.962032138983051
2,1,3,0.21187913375295056
3,0,3,0.006091701711492965
3,0,3,NaN
1,2,3,NaN
3,0,3,0.9534911290835386
3,0,3,NaN
3,0,3,NaN
3,0,3,NaN
1,2,3,0.7943141978951035
2,1,3,NaN
1,2,3,NaN
3,0,3,0.21187913375295056
3,0,3,NaN
2,1,3,0.39365820288251563
3,0,3,0.922483585895465
3,0,3,0.8418168267177661
3,0,3,0.7659187175498298
1,2,3,0.0005358867667097031
2,1,3,NaN
1,2,3,NaN
3,0,3,0.8204795116931126
2,1,3,NaN
3,0,3,NaN
2,1,3,NaN
1,2,3,NaN
3,0,3,NaN
3,0,3,0.03468779084967369
3,0,3,0.6211047067208528
2,1,3,NaN
3,0,3,0.7943141978951035
3,0,3,0.8204795116931126
2,1,3,NaN
3,0,3,0.7659187175498298
3,0,3,0.922483585895465
2,1,3,NaN
3,0,3,0.6211047067208528
2,1,3,NaN
1,2,3,0.24299412154726827
3,0,3,NaN
2,1,3,NaN
3,0,3,NaN
1,2,3,NaN
2,1,3,NaN
3,0,3,0.14080710657571024
3,0,3,0.4869472780660612
3,0,3,NaN
2,1,3,NaN
2,1,3,NaN
3,0,3,0.9336743037628588
3,0,3,NaN
3,0,3,NaN
3,0,3,0.39365820288251563
2,1,3,NaN
3,0,3,NaN
3,0,3,NaN
3,0,3,0.4869472780660612
1,2,3,NaN
3,0,3,NaN
1,2,3,NaN
2,1,3,NaN
2,1,3,0.8617097556108892
3,0,3,NaN
1,2,3,NaN
2,1,3,NaN
2,1,3,NaN
3,0,3,0.922483585895465
2,1,3,0.9534911290835386
3,0,3,NaN
1,2,3,NaN
2,1,3,0.2010153073308743
3,0,3,NaN
1,2,3,0.6629394266610144
1,2,3,0.7659187175498298
3,0,3,NaN
3,0,3,NaN
3,0,3,0.08752052631849039
2,1,3,0.8204795116931126
2,1,3,0.8418168267177661
1,2,3,0.24685788650085178
3,0,3,NaN
3,0,3,NaN
2,1,3,1.817379143933628e-6
2,1,3,NaN
3,0,3,NaN
2,1,3,0.7659187175498298
3,0,3,0.1425190240058288
3,0,3,0.8617097556108892
3,0,3,0.21187913375295056
3,0,3,0.8418168267177661
2,1,3,0.4869472780660612
2,1,3,NaN
3,0,3,0.9534911290835386
1,2,3,NaN
3,0,3,0.9336743037628588
3,0,3,NaN
2,1,3,NaN
3,0,3,NaN
3,0,3,NaN
2,1,3,NaN
3,0,3,NaN
2,1,3,0.4389759442456205
1,2,3,NaN
1,2,3,0.6629394266610144
2,1,3,0.10644627622097674
3,0,3,NaN
3,0,3,NaN
1,2,3,NaN
3,0,3,0.6211047067208528
3,0,3,0.7943141978951035
3,0,3,0.6172258058419916
2,1,3,NaN
3,0,3,NaN
3,0,3,NaN
3,0,3,0.8418168267177661
3,0,3,0.06988872661807305
1,2,3,0.5773495910338519
3,0,3,0.24299412154726827
2,1,3,0.8791469822960243
3,0,3,0.21187913375295056
3,0,3,NaN
3,0,3,NaN
3,0,3,0.7008553584305408
2,1,3,NaN
3,0,3,NaN
2,1,3,NaN
2,1,3,NaN
2,1,3,NaN
3,0,3,NaN
3,0,3,NaN
3,0,3,NaN
3,0,3,NaN
3,0,3,0.8617097556108892
2,1,3,NaN
2,1,3,NaN
3,0,3,9.104613299242032e-7
3,0,3,NaN
2,1,3,NaN
2,1,3,0.4096069208465153
3,0,3,NaN
2,1,3,0.4869472780660612
3,0,3,NaN
3,0,3,NaN
3,0,3,NaN
3,0,3,NaN
3,0,3,NaN
2,1,3,NaN
1,2,3,NaN
2,1,3,NaN
3,0,3,0.9444012070806406
3,0,3,NaN
2,1,3,NaN
1,2,3,0.09331494238381467
3,0,3,NaN
3,0,3,NaN
3,0,3,NaN
3,0,3,0.161264881038212
2,1,3,NaN
1,2,3,NaN
2,1,3,NaN
2,1,3,NaN
3,0,3,NaN
1,2,3,NaN
2,1,3,0.5773495910338519
2,1,3,NaN
3,0,3,0.12196444410581492
3,0,3,NaN
2,1,3,0.35163936320323114
2,1,3,NaN
2,1,3,NaN
3,0,3,NaN
2,1,3,0.2770589453938832
2,1,3,0.3147278493122561
3,0,3,NaN
2,1,3,NaN
3,0,3,NaN
2,1,3,0.12196444410581492
3,0,3,NaN
2,1,3,NaN
3,0,3,NaN
1,2,3,NaN
2,1,3,0.7659187175498298
2,1,3,0.045946027748132785
3,0,3,NaN
2,1,3,NaN
2,1,3,0.7351022872357142
3,0,3,NaN
3,0,3,NaN
2,1,3,NaN
2,1,3,0.21187913375295056
2,1,3,0.8617097556108892
2,1,3,0.9749834651108517
3,0,3,NaN
3,0,3,NaN
3,0,3,NaN
2,1,3,0.4869472780660612
3,0,3,NaN
2,1,3,NaN
2,1,3,NaN
3,0,3,NaN
3,0,3,NaN
3,0,3,NaN
3,0,3,NaN
3,0,3,0.18561760226461765
3,0,3,0.916448430100527
2,1,3,0.7943141978951035
2,1,3,0.962032138983051
2,1,3,NaN
3,0,3,NaN
3,0,3,0.8617097556108892
3,0,3,NaN
2,1,3,NaN
3,0,3,NaN
2,1,3,NaN
2,1,3,NaN
2,1,3,NaN
2,1,3,0.8791469822960243
3,0,3,NaN
2,1,3,0.7008553584305408
2,1,3,NaN
3,0,3,NaN
1,2,3,NaN
1,2,3,NaN
1,2,3,0.8418168267177661
2,1,3,0.21601098608336594
3,0,3,NaN
3,0,3,0.8204795116931126
3,0,3,NaN
3,0,3,NaN
2,1,3,0.9886670302743008
3,0,3,NaN
2,1,3,NaN
2,1,3,NaN
2,1,3,NaN
3,0,3,0.5773495910338519
2,1,3,0.6211047067208528
3,0,3,NaN
2,1,3,0.8617097556108892
3,0,3,NaN
1,2,3,NaN
2,1,3,NaN
2,1,3,0.06988872661807305
3,0,3,NaN
2,1,3,NaN
2,1,3,NaN
1,2,3,0.6211047067208528
2,1,3,0.922483585895465
3,0,3,NaN
3,0,3,NaN
1,2,3,NaN
2,1,3,NaN
3,0,3,NaN
3,0,3,NaN
1,2,3,NaN
2,1,3,0.10644627622097674
1,2,3,NaN
1,2,3,0.5851626137782551
2,1,3,NaN
1,2,3,0.2770589453938832
3,0,3,NaN
3,0,3,NaN
1,2,3,0.02611284212389445
3,0,3,NaN
2,1,3,NaN
3,0,3,0.7351022872357142
3,0,3,NaN
1,2,3,0.4389759442456205
3,0,3,NaN
3,0,3,NaN
3,0,3,NaN
3,0,3,0.7943141978951035
3,0,3,NaN
3,0,3,NaN
3,0,3,NaN
3,0,3,NaN
2,1,3,NaN
1,2,3,0.4869472780660612
3,0,3,NaN
2,1,3,NaN
3,0,3,NaN
2,1,3,NaN
2,1,3,0.05295374443847441
3,0,3,NaN
3,0,3,0.8617097556108892
3,0,3,NaN
1,2,3,NaN
2,1,3,NaN
3,0,3,0.4389759442456205
3,0,3,NaN
3,0,3,NaN
3,0,3,0.35163936320323114
3,0,3,NaN
3,0,3,NaN
3,0,3,0.011625908468073121
1,2,3,NaN
2,1,3,0.8418168267177661
3,0,3,NaN
2,1,3,0.03973270879120916
3,0,3,NaN
3,0,3,0.35163936320323114
3,0,3,0.35163936320323114
3,0,3,NaN
3,0,3,0.8949950374154003
2,1,3,NaN
2,1,3,0.161264881038212
3,0,3,0.534054961478336
3,0,3,0.06988872661807305
3,0,3,0.7008553584305408
1,2,3,NaN
1,2,3,0.8791469822960243
1,2,3,NaN
3,0,3,NaN
3,0,3,NaN
3,0,3,NaN
3,0,3,NaN
2,1,3,0.534054961478336
2,1,3,NaN
3,0,3,NaN
2,1,3,0.9749834651108517
2,1,3,NaN
3,0,3,NaN
3,0,3,NaN
3,0,3,NaN
3,0,3,NaN
2,1,3,NaN
2,1,3,NaN
3,0,3,0.35163936320323114
3,0,3,NaN
2,1,3,0.9690207992381747
1,2,3,NaN
2,1,3,NaN
3,0,3,NaN
1,2,3,NaN
3,0,3,0.7008553584305408
2,1,3,NaN
3,0,3,NaN
3,0,3,0.4389759442456205
2,1,3,0.8617097556108892
3,0,3,0.8949950374154003
2,1,3,NaN
1,2,3,NaN
2,1,3,0.9799588626550771
3,0,3,NaN
2,1,3,0.06988872661807305
1,2,3,NaN
1,2,3,0.534054961478336
3,0,3,NaN
1,2,3,NaN
2,1,3,NaN
3,0,3,0.534054961478336
2,1,3,0.6629394266610144
3,0,3,NaN
3,0,3,NaN
3,0,3,NaN
1,2,3,NaN
2,1,3,NaN
2,1,3,NaN
1,2,3,NaN
3,0,3,NaN
1,2,3,0.7659187175498298
3,0,3,0.7351022872357142
1,2,3,0.007827960273527267
2,1,3,NaN
3,0,3,NaN
1,2,3,NaN
2,1,3,NaN
3,0,3,NaN
2,1,3,NaN
2,1,3,0.19021540055167574
2,1,3,0.922483585895465
3,0,3,NaN
3,0,3,0.6211047067208528
3,0,3,NaN
3,0,3,NaN
3,0,3,NaN
3,0,3,NaN
2,1,3,0.2770589453938832
1,2,3,NaN
3,0,3,0.4389759442456205
1,2,3,NaN
2,1,3,0.8204795116931126
3,0,3,NaN
3,0,3,NaN
2,1,3,NaN
3,0,3,0.14107547527436967
3,0,3,NaN
3,0,3,0.6629394266610144
3,0,3,NaN
3,0,3,NaN
3,0,3,NaN
3,0,3,NaN
1,2,3,NaN
3,0,3,NaN
3,0,3,0.21187913375295056
3,0,3,NaN
1,2,3,NaN
1,2,3,0.35163936320323114
3,0,3,0.7659187175498298
3,0,3,NaN
3,0,3,0.4389759442456205
2,1,3,NaN
2,1,3,NaN
3,0,3,0.7008553584305408
2,1,3,NaN
1,2,3,NaN
2,1,3,0.922483585895465
3,0,3,NaN
1,2,3,NaN
3,0,3,0.8791469822960243
3,0,3,NaN
3,0,3,NaN
3,0,3,NaN
2,1,3,NaN
3,0,3,NaN
2,1,3,NaN
3,0,3,NaN
1,2,3,0.39365820288251563
2,1,3,NaN
1,2,3,0.9336743037628588
3,0,3,0.7943141978951035
2,1,3,NaN
3,0,3,NaN
3,0,3,NaN
2,1,3,NaN
3,0,3,0.962032138983051
3,0,3,0.8204795116931126
3,0,3,0.8949950374154003
3,0,3,NaN
3,0,3,NaN
2,1,3,0.1426324010164483
1,2,3,NaN
2,1,3,NaN
3,0,3,0.06058247105517931
3,0,3,NaN
1,2,3,NaN
2,1,3,NaN
1,2,3,0.08115644780417555
2,1,3,0.8418168267177661
3,0,3,0.2770589453938832
3,0,3,0.9886670302743008
3,0,3,NaN
1,2,3,NaN
2,1,3,NaN
1,2,3,NaN
2,1,3,0.09331494238381467
2,1,3,0.7008553584305408
2,1,3,NaN
2,1,3,NaN
2,1,3,0.6629394266610144
3,0,3,0.7943141978951035
3,0,3,NaN
3,0,3,0.12196444410581492
3,0,3,0.161264881038212
3,0,3,0.8418168267177661
3,0,3,0.6211047067208528
3,0,3,NaN
3,0,3,NaN
3,0,3,NaN
2,1,3,NaN
1,2,3,NaN
3,0,3,NaN
3,0,3,NaN
3,0,3,NaN
3,0,3,0.09331494238381467
1,2,3,0.8791469822960243
2,1,3,0.8791469822960243
2,1,3,NaN
3,0,3,NaN
3,0,3,0.8204795116931126
3,0,3,NaN
3,0,3,NaN
1,2,3,0.39365820288251563
3,0,3,NaN
2,1,3,0.8204795116931126
2,1,3,0.12196444410581492
3,0,3,0.004233776944145077
3,0,3,NaN
2,1,3,0.12196444410581492
3,0,3,NaN
3,0,3,0.18561760226461765
2,1,3,NaN
3,0,3,NaN
2,1,3,0.9444012070806406
3,0,3,NaN
3,0,3,0.9845924478014567
3,0,3,NaN
3,0,3,0.9444012070806406
3,0,3,NaN
2,1,3,NaN
2,1,3,NaN
3,0,3,NaN
3,0,3,NaN
3,0,3,0.9690207992381747
3,0,3,NaN
3,0,3,0.8204795116931126
2,1,3,0.7351022872357142
3,0,3,NaN
3,0,3,NaN
1,2,3,NaN
3,0,3,NaN
1,2,3,NaN
3,0,3,0.5773495910338519
2,1,3,0.6629394266610144
1,2,3,NaN
3,0,3,NaN
3,0,3,NaN
2,1,3,NaN
3,0,3,0.05295374443847441
1,2,3,NaN
1,2,3,NaN
2,1,3,NaN
2,1,3,0.7008553584305408
2,1,3,NaN
1,2,3,NaN
3,0,3,NaN
3,0,3,0.922483585895465
2,1,3,NaN
2,1,3,NaN
2,1,3,NaN
1,2,3,NaN
3,0,3,0.7008553584305408
2,1,3,0.00985911864811425
3,0,3,NaN
3,0,3,NaN
3,0,3,NaN
2,1,3,NaN
3,0,3,NaN
3,0,3,NaN
3,0,3,NaN
3,0,3,0.4389759442456205
3,0,3,0.6629394266610144
3,0,3,NaN
2,1,3,NaN
3,0,3,NaN
3,0,3,NaN
1,2,3,NaN
2,1,3,0.4869472780660612
2,1,3,NaN
1,2,3,NaN
3,0,3,NaN
3,0,3,NaN
1,2,3,NaN
1,2,3,0.8791469822960243
2,1,3,0.5773495910338519
2,1,3,0.02611284212389445
2,1,3,NaN
2,1,3,NaN
2,1,3,0.4869472780660612
3,0,3,NaN
3,0,3,0.15135508618465984
3,0,3,NaN
3,0,3,NaN
3,0,3,NaN
1,2,3,NaN
3,0,3,NaN
2,1,3,0.10644627622097674
2,1,3,NaN
3,0,3,NaN
3,0,3,NaN
2,1,3,NaN
2,1,3,0.9336743037628588
2,1,3,NaN
2,1,3,0.7008553584305408
1,2,3,NaN
3,0,3,NaN
3,0,3,NaN
3,0,3,0.7659187175498298
3,0,3,NaN
2,1,3,0.21187913375295056
2,1,3,NaN
3,0,3,NaN
3,0,3,NaN
2,1,3,NaN
2,1,3,NaN
3,0,3,0.03973270879120916
3,0,3,NaN
3,0,3,NaN
3,0,3,NaN
2,1,3,NaN
2,1,3,NaN
3,0,3,NaN
2,1,3,0.7351022872357142
1,2,3,0.002245706259241102
3,0,3,NaN
2,1,3,0.7351022872357142
2,1,3,0.7943141978951035
3,0,3,NaN
1,2,3,NaN
3,0,3,0.6629394266610144
3,0,3,NaN
3,0,3,NaN
1,2,3,0.35163936320323114
3,0,3,NaN
3,0,3,NaN
2,1,3,0.6211047067208528
3,0,3,NaN
3,0,3,NaN
3,0,3,0.8617097556108892
2,1,3,NaN
2,1,3,NaN
3,0,3,NaN
2,1,3,0.39365820288251563
1,2,3,NaN
3,0,3,NaN
3,0,3,NaN
3,0,3,0.003442105670104662
2,1,3,0.9799588626550771
3,0,3,0.9749834651108517
2,1,3,NaN
2,1,3,NaN
2,1,3,NaN
3,0,3,0.35163936320323114
1,2,3,NaN
2,1,3,NaN
2,1,3,NaN
3,0,3,NaN
3,0,3,NaN
3,0,3,NaN
3,0,3,0.6629394266610144
3,0,3,NaN
2,1,3,NaN
3,0,3,NaN
3,0,3,NaN
3,0,3,0.8949950374154003
3,0,3,0.9336743037628588
2,1,3,NaN
2,1,3,NaN
3,0,3,0.8791469822960243
3,0,3,0.06988872661807305
2,1,3,NaN
3,0,3,0.016352394412106192
2,1,3,0.4389759442456205
2,1,3,0.10644627622097674
3,0,3,NaN
2,1,3,NaN
1,2,3,0.6211047067208528
2,1,3,NaN
3,0,3,NaN
3,0,3,0.6211047067208528
3,0,3,0.5773495910338519
1,2,3,NaN
1,2,3,NaN
2,1,3,0.7351022872357142
2,1,3,NaN
3,0,3,NaN
1,2,3,NaN
2,1,3,0.7659187175498298
2,1,3,0.39365820288251563
3,0,3,NaN
2,1,3,NaN
3,0,3,0.21187913375295056
1,2,3,NaN
2,1,3,NaN
3,0,3,NaN
3,0,3,NaN
1,2,3,NaN
3,0,3,0.7351022872357142
3,0,3,NaN
1,2,3,NaN
1,2,3,NaN
2,1,3,NaN
3,0,3,NaN
3,0,3,NaN
2,1,3,NaN
2,1,3,NaN
2,1,3,NaN
2,1,3,0.7943141978951035
3,0,3,0.5773495910338519
1,2,3,NaN
2,1,3,NaN
2,1,3,NaN
2,1,3,NaN
1,2,3,NaN
1,2,3,NaN
2,1,3,NaN
3,0,3,NaN
3,0,3,0.3147278493122561
3,0,3,0.9749834651108517
1,2,3,NaN
2,1,3,NaN
2,1,3,0.9444012070806406
1,2,3,NaN
3,0,3,NaN
3,0,3,NaN
2,1,3,0.161264881038212
3,0,3,NaN
3,0,3,NaN
3,0,3,NaN
3,0,3,NaN
2,1,3,NaN
3,0,3,NaN
2,1,3,NaN
3,0,3,0.35163936320323114
3,0,3,NaN
3,0,3,NaN
2,1,3,NaN
1,2,3,0.14551437756673102
3,0,3,NaN
3,0,3,NaN
3,0,3,NaN
3,0,3,NaN
3,0,3,NaN
3,0,3,0.7659187175498298
1,2,3,NaN
3,0,3,NaN
3,0,3,0.5773495910338519
2,1,3,NaN
1,2,3,0.8139967557273703
1,2,3,NaN
3,0,3,0.6629394266610144
3,0,3,0.013595179396091573
3,0,3,NaN
2,1,3,NaN
1,2,3,0.3147278493122561
3,0,3,NaN
2,1,3,NaN
3,0,3,NaN
3,0,3,0.5735720016499335
3,0,3,NaN
3,0,3,NaN
1,2,3,NaN
3,0,3,NaN
2,1,3,NaN
2,1,3,NaN
3,0,3,0.73490864013557
3,0,3,NaN
3,0,3,0.10644627622097674
3,0,3,NaN
1,2,3,0.8204795116931126
3,0,3,NaN
3,0,3,NaN
1,2,3,NaN
3,0,3,NaN
2,1,3,0.7008553584305408
3,0,3,NaN
2,1,3,NaN
3,0,3,0.6211047067208528
3,0,3,0.21187913375295056
1,2,3,NaN
3,0,3,NaN
3,0,3,0.5773495910338519
1,2,3,0.8204795116931126
1,2,3,NaN
3,0,3,NaN
3,0,3,NaN
3,0,3,NaN
2,1,3,0.1135094910315754
3,0,3,NaN
2,1,3,NaN
3,0,3,NaN
3,0,3,0.06058247105517931
3,0,3,NaN
2,1,3,0.45940855368805567
3,0,3,NaN
3,0,3,NaN
2,1,3,0.6211047067208528
2,1,3,0.6211047067208528
2,1,3,NaN
2,1,3,NaN
3,0,3,NaN
1,2,3,0.8617097556108892
3,0,3,NaN
1,2,3,NaN
3,0,3,NaN
2,1,3,0.12196444410581492
2,1,3,NaN
3,0,3,NaN
3,0,3,NaN
2,1,3,0.7659187175498298
2,1,3,0.161264881038212
2,1,3,0.7351022872357142
3,0,3,NaN
3,0,3,NaN
3,0,3,NaN
3,0,3,NaN
1,2,3,NaN
3,0,3,0.8949950374154003
2,1,3,0.3147278493122561
3,0,3,NaN
2,1,3,NaN
2,1,3,0.534054961478336
3,0,3,NaN
1,2,3,NaN
3,0,3,NaN
2,1,3,NaN
2,1,3,NaN
3,0,3,NaN
2,1,3,NaN
3,0,3,NaN
3,0,3,0.4869472780660612
1,2,3,NaN
2,1,3,0.8791469822960243
2,1,3,0.9336743037628588
2,1,3,NaN
3,0,3,NaN
3,0,3,NaN
1,2,3,0.7943141978951035
3,0,3,0.24299412154726827
3,0,3,NaN
2,1,3,NaN
2,1,3,NaN
3,0,3,NaN
3,0,3,NaN
3,0,3,0.3147278493122561
2,1,3,NaN
3,0,3,0.4389759442456205
3,0,3,0.9690207992381747
3,0,3,0.9749834651108517
3,0,3,NaN
2,1,3,NaN
3,0,3,NaN
3,0,3,0.3162831062218368
3,0,3,NaN
3,0,3,NaN
1,2,3,NaN
3,0,3,0.013595179396091573
3,0,3,0.5773495910338519
3,0,3,NaN
3,0,3,0.35163936320323114
3,0,3,NaN
3,0,3,0.5773495910338519
3,0,3,NaN
2,1,3,NaN
1,2,3,NaN
3,0,3,NaN
3,0,3,0.39365820288251563
3,0,3,NaN
2,1,3,NaN
3,0,3,0.09331494238381467
3,0,3,NaN
2,1,3,NaN
2,1,3,0.7008553584305408
3,0,3,0.12196444410581492
3,0,3,NaN
3,0,3,NaN
2,1,3,0.5299817961731534
3,0,3,NaN
2,1,3,0.4389759442456205
3,0,3,NaN
2,1,3,0.6629394266610144
3,0,3,NaN
3,0,3,NaN
2,1,3,0.4869472780660612
1,2,3,0.10644627622097674
3,0,3,NaN
2,1,3,0.7659187175498298
2,1,3,NaN
3,0,3,NaN
3,0,3,0.7659187175498298
2,1,3,NaN
2,1,3,NaN
1,2,3,NaN
3,0,3,NaN
3,0,3,0.7008553584305408
3,0,3,NaN
2,1,3,0.9336743037628588
2,1,3,NaN
3,0,3,0.12196444410581492
2,1,3,NaN
3,0,3,0.045946027748132785
3,0,3,NaN
1,2,3,NaN
1,2,3,NaN
1,2,3,NaN
2,1,3,NaN
3,0,3,NaN
3,0,3,NaN
3,0,3,NaN
2,1,3,NaN
2,1,3,0.4869472780660612
2,1,3,NaN
3,0,3,NaN
3,0,3,NaN
1,2,3,NaN
3,0,3,NaN
3,0,3,NaN
3,0,3,NaN
1,2,3,0.05295374443847441
2,1,3,0.8949950374154003
3,0,3,0.9444012070806406
1,2,3,NaN
1,2,3,0.4389759442456205
1,2,3,NaN
2,1,3,NaN
3,0,3,NaN
3,0,3,NaN
3,0,3,0.12196444410581492
2,1,3,NaN
3,0,3,0.9690207992381747
3,0,3,0.7943141978951035
3,0,3,NaN
3,0,3,NaN
1,2,3,0.18561760226461765
3,0,3,0.23644816994905588
2,1,3,0.12196444410581492
3,0,3,NaN
3,0,3,0.9947154605721257
3,0,3,0.8617097556108892
3,0,3,NaN
2,1,3,0.21187913375295056
3,0,3,NaN
2,1,3,NaN
2,1,3,NaN
2,1,3,NaN
2,1,3,NaN
2,1,3,0.8204795116931126
3,0,3,0.8617097556108892
3,0,3,NaN
3,0,3,NaN
3,0,3,0.9097889372969507
3,0,3,NaN
3,0,3,NaN
3,0,3,NaN
3,0,3,0.534054961478336
3,0,3,0.21187913375295056
2,1,3,NaN
2,1,3,NaN
3,0,3,NaN
3,0,3,0.3147278493122561
2,1,3,0.39365820288251563
1,2,3,NaN
1,2,3,NaN
3,0,3,NaN
1,2,3,NaN
3,0,3,NaN
2,1,3,NaN
3,0,3,NaN
3,0,3,NaN
2,1,3,NaN
1,2,3,0.7659187175498298
3,0,3,0.688100758533317
3,0,3,NaN
3,0,3,0.10644627622097674
2,1,3,0.962032138983051
2,1,3,NaN
2,1,3,NaN
3,0,3,NaN
3,0,3,NaN
2,1,3,0.7008553584305408
2,1,3,NaN
3,0,3,NaN
3,0,3,NaN
2,1,3,3.635133133319117e-7
2,1,3,NaN
3,0,3,NaN
3,0,3,NaN
2,1,3,0.4389759442456205
1,2,3,0.7008553584305408
3,0,3,0.39365820288251563
3,0,3,NaN
2,1,3,NaN
2,1,3,0.4869472780660612
3,0,3,NaN
3,0,3,NaN
3,0,3,0.4869472780660612
1,2,3,0.5967406945174801
2,1,3,NaN
3,0,3,NaN
3,0,3,NaN
3,0,3,0.35163936320323114
3,0,3,NaN
2,1,3,NaN
3,0,3,NaN
3,0,3,0.161264881038212
3,0,3,NaN
2,1,3,NaN
1,2,3,NaN
3,0,3,NaN
2,1,3,NaN
3,0,3,NaN
3,0,3,0.5773495910338519
3,0,3,NaN
3,0,3,0.08115644780417555
2,1,3,0.2142396597838168
3,0,3,NaN
3,0,3,NaN
2,1,3,NaN
2,1,3,NaN
1,2,3,NaN
3,0,3,NaN
2,1,3,NaN
3,0,3,NaN
2,1,3,NaN
1,2,3,NaN
3,0,3,0.7943141978951035
3,0,3,0.5773495910338519
3,0,3,NaN
3,0,3,NaN
2,1,3,NaN
2,1,3,NaN
2,1,3,0.8204795116931126
3,0,3,NaN
1,2,3,NaN
2,1,3,NaN
3,0,3,NaN
3,0,3,NaN
3,0,3,0.8418168267177661
2,1,3,0.4869472780660612
3,0,3,NaN
3,0,3,NaN
2,1,3,NaN
3,0,3,0.6629394266610144
3,0,3,NaN
1,2,3,NaN
3,0,3,NaN
3,0,3,NaN
2,1,3,NaN
3,0,3,0.7943141978951035
1,2,3,NaN
2,1,3,0.14080710657571024
3,0,3,NaN
3,0,3,0.4389759442456205
3,0,3,NaN
1,2,3,NaN
3,0,3,NaN
3,0,3,NaN
2,1,3,NaN
3,0,3,NaN
3,0,3,NaN
2,1,3,0.39365820288251563
1,2,3,0.4389759442456205
1,2,3,0.5773495910338519
3,0,3,0.023862577704613464
3,0,3,NaN
3,0,3,0.7008553584305408
2,1,3,0.03468779084967369
2,1,3,NaN
3,0,3,0.007827960273527267
3,0,3,0.022642516494778057
2,1,3,NaN
3,0,3,NaN
2,1,3,NaN
2,1,3,NaN
3,0,3,NaN
2,1,3,0.06058247105517931
2,1,3,NaN
3,0,3,NaN
3,0,3,0.4389759442456205
3,0,3,0.8204795116931126
3,0,3,NaN
2,1,3,NaN
2,1,3,NaN
3,0,3,0.4869472780660612
3,0,3,NaN
2,1,3,NaN
2,1,3,0.03973270879120916
3,0,3,NaN
2,1,3,NaN
3,0,3,NaN
3,0,3,NaN
2,1,3,0.4389759442456205
2,1,3,NaN
2,1,3,0.18561760226461765
2,1,3,0.7351022872357142
2,1,3,NaN
2,1,3,0.9097889372969507
3,0,3,NaN
2,1,3,NaN
2,1,3,NaN
2,1,3,NaN
1,2,3,NaN
3,0,3,NaN
2,1,3,NaN
3,0,3,NaN
2,1,3,NaN
2,1,3,0.6211047067208528
1,2,3,0.5773495910338519
3,0,3,0.7943141978951035
3,0,3,NaN
1,2,3,NaN
1,2,3,NaN
3,0,3,NaN
3,0,3,NaN
2,1,3,0.39365820288251563
2,1,3,NaN
2,1,3,NaN
3,0,3,NaN
3,0,3,NaN
2,1,3,NaN
3,0,3,NaN
3,0,3,NaN
3,0,3,NaN
1,2,3,NaN
2,1,3,NaN
2,1,3,NaN
3,0,3,0.2770589453938832
3,0,3,NaN
2,1,3,0.03025847703180226
2,1,3,NaN
3,0,3,0.7943141978951035
2,1,3,0.9444012070806406
2,1,3,0.9749834651108517
1,2,3,NaN
1,2,3,NaN
3,0,3,NaN
3,0,3,NaN
2,1,3,NaN
2,1,3,NaN
3,0,3,NaN
1,2,3,NaN
1,2,3,0.3147278493122561
2,1,3,0.8791469822960243
3,0,3,NaN
1,2,3,0.35163936320323114
2,1,3,0.9845924478014567
1,2,3,NaN
1,2,3,0.06988872661807305
3,0,3,0.3147278493122561
3,0,3,NaN
3,0,3,0.7008553584305408
2,1,3,NaN
2,1,3,0.9145555838841878
2,1,3,NaN
1,2,3,NaN
2,1,3,NaN
3,0,3,0.7659187175498298
3,0,3,NaN
2,1,3,NaN
1,2,3,NaN
2,1,3,NaN
3,0,3,NaN
3,0,3,NaN
3,0,3,0.5963682346289482
2,1,3,0.6629394266610144
2,1,3,0.6211047067208528
3,0,3,NaN
3,0,3,NaN
2,1,3,NaN
2,1,3,0.6629394266610144
3,0,3,0.7008553584305408
1,2,3,0.4389759442456205
1,2,3,0.6629394266610144
2,1,3,NaN
1,2,3,0.39365820288251563
2,1,3,NaN
2,1,3,NaN
3,0,3,0.12196444410581492
3,0,3,NaN
3,0,3,NaN
2,1,3,0.7008553584305408
3,0,3,0.45885943191873046
1,2,3,0.7943141978951035
3,0,3,0.3147278493122561
1,2,3,0.06275343406208313
2,1,3,NaN
2,1,3,NaN
2,1,3,NaN
3,0,3,0.06988872661807305
3,0,3,0.2770589453938832
2,1,3,0.06058247105517931
3,0,3,NaN
3,0,3,0.6211047067208528
3,0,3,0.7943141978951035
1,2,3,NaN
1,2,3,NaN
3,0,3,NaN
2,1,3,NaN
1,2,3,NaN
2,1,3,0.6211047067208528
2,1,3,NaN
3,0,3,NaN
2,1,3,0.2927015896638254
1,2,3,NaN
2,1,3,NaN
2,1,3,NaN
2,1,3,NaN
2,1,3,0.940432185446791
1,2,3,0.6211047067208528
3,0,3,0.7351022872357142
3,0,3,NaN
3,0,3,NaN
3,0,3,0.2770589453938832
1,2,3,0.922483585895465
3,0,3,0.6211047067208528
2,1,3,NaN
2,1,3,0.7943141978951035
2,1,3,NaN
3,0,3,NaN
3,0,3,NaN
2,1,3,0.21187913375295056
3,0,3,NaN
3,0,3,NaN
1,2,3,0.03025847703180226
1,2,3,NaN
3,0,3,0.39365820288251563
2,1,3,NaN
3,0,3,NaN
1,2,3,0.8617097556108892
2,1,3,NaN
2,1,3,0.6629394266610144
2,1,3,NaN
3,0,3,NaN
2,1,3,0.8617097556108892
1,2,3,0.008788073258785336
3,0,3,NaN
3,0,3,NaN
3,0,3,NaN
2,1,3,0.5773495910338519
3,0,3,NaN
3,0,3,0.5773495910338519
2,1,3,0.05295374443847441
2,1,3,0.7511589307488591
2,1,3,NaN
3,0,3,0.161264881038212
3,0,3,NaN
3,0,3,0.18561760226461765
2,1,3,0.8791469822960243
3,0,3,NaN
2,1,3,NaN
2,1,3,NaN
2,1,3,0.6007604360598002
3,0,3,0.18561760226461765
2,1,3,NaN
2,1,3,0.00019785177384835123
2,1,3,NaN
2,1,3,0.14080710657571024
3,0,3,NaN
2,1,3,NaN
3,0,3,0.6629394266610144
1,2,3,0.161264881038212
3,0,3,0.14080710657571024
3,0,3,0.6211047067208528
3,0,3,NaN
2,1,3,0.161264881038212
3,0,3,NaN
1,2,3,0.4389759442456205
2,1,3,0.9749834651108517
3,0,3,NaN
3,0,3,0.8418168267177661
2,1,3,NaN
3,0,3,NaN
3,0,3,NaN
2,1,3,NaN
3,0,3,NaN
3,0,3,NaN
3,0,3,NaN
3,0,3,NaN
3,0,3,0.045946027748132785
3,0,3,0.12196444410581492
2,1,3,0.8791469822960243
2,1,3,0.03025847703180226
1,2,3,NaN
3,0,3,NaN
3,0,3,NaN
2,1,3,NaN
1,2,3,0.9444012070806406
3,0,3,0.8791469822960243
3,0,3,NaN
3,0,3,0.7008553584305408
3,0,3,NaN
3,0,3,0.4389759442456205
3,0,3,0.35163936320323114
3,0,3,0.8204795116931126
2,1,3,NaN
2,1,3,0.5773495910338519
2,1,3,0.9799588626550771
1,2,3,NaN
1,2,3,NaN
1,2,3,0.18561760226461765
2,1,3,NaN
3,0,3,NaN
3,0,3,0.7008553584305408
3,0,3,NaN
3,0,3,NaN
3,0,3,0.3147278493122561
3,0,3,NaN
2,1,3,NaN
3,0,3,0.4389759442456205
3,0,3,0.21187913375295056
2,1,3,0.02611284212389445
3,0,3,NaN
3,0,3,0.10644627622097674
1,2,3,0.6211047067208528
3,0,3,0.6629394266610144
3,0,3,0.6629394266610144
3,0,3,NaN
1,2,3,NaN
1,2,3,0.8418168267177661
3,0,3,0.06058247105517931
1,2,3,NaN
2,1,3,NaN
1,2,3,NaN
3,0,3,NaN
1,2,3,0.011625908468073121
3,0,3,NaN
2,1,3,NaN
3,0,3,NaN
3,0,3,NaN
3,0,3,0.21187913375295056
3,0,3,0.161264881038212
2,1,3,NaN
2,1,3,NaN
2,1,3,0.4869472780660612
2,1,3,NaN
3,0,3,NaN
1,2,3,NaN
2,1,3,0.8204795116931126
3,0,3,0.12196444410581492
3,0,3,0.7659187175498298
3,0,3,0.6629394266610144
3,0,3,NaN
1,2,3,NaN
3,0,3,0.35163936320323114
2,1,3,NaN
3,0,3,0.24299412154726827
3,0,3,0.4869472780660612
1,2,3,0.05295374443847441
1,2,3,NaN
1,2,3,NaN
3,0,3,NaN
2,1,3,0.8791469822960243
3,0,3,0.4869472780660612
3,0,3,NaN
2,1,3,0.045946027748132785
3,0,3,NaN
3,0,3,0.35163936320323114
3,0,3,NaN
3,0,3,NaN
2,1,3,NaN
2,1,3,0.5773495910338519
3,0,3,NaN
2,1,3,0.9799588626550771
3,0,3,NaN
3,0,3,NaN
1,2,3,NaN
2,1,3,NaN
2,1,3,NaN
2,1,3,NaN
2,1,3,NaN
2,1,3,0.7943141978951035
1,2,3,0.18561760226461765
2,1,3,0.8204795116931126
2,1,3,NaN
3,0,3,NaN
3,0,3,0.8204795116931126
1,2,3,0.7351022872357142
3,0,3,NaN
3,0,3,NaN
3,0,3,NaN
2,1,3,NaN
3,0,3,0.35163936320323114
2,1,3,NaN
3,0,3,NaN
2,1,3,0.922483585895465
1,2,3,NaN
3,0,3,NaN
3,0,3,NaN
1,2,3,NaN
2,1,3,NaN
1,2,3,NaN
3,0,3,0.9534911290835386
3,0,3,0.10644627622097674
2,1,3,NaN
3,0,3,0.7943141978951035
3,0,3,NaN
2,1,3,0.4389759442456205
3,0,3,0.18561760226461765
3,0,3,NaN
3,0,3,0.10644627622097674
1,2,3,0.24299412154726827
3,0,3,NaN
2,1,3,NaN
3,0,3,NaN
3,0,3,NaN
2,1,3,NaN
3,0,3,0.6211047067208528
2,1,3,NaN
2,1,3,NaN
1,2,3,0.026420720304872834
3,0,3,0.2770589453938832
2,1,3,NaN
2,1,3,NaN
2,1,3,NaN
3,0,3,NaN
3,0,3,NaN
3,0,3,NaN
2,1,3,0.02933963209099404
3,0,3,0.922483585895465
2,1,3,NaN
2,1,3,0.6300830591603114
3,0,3,NaN
3,0,3,0.39974025287484216
2,1,3,0.21187913375295056
2,1,3,NaN
3,0,3,0.7351022872357142
2,1,3,0.7351022872357142
3,0,3,NaN
2,1,3,0.8215298843666329
2,1,3,NaN
3,0,3,0.7351022872357142
2,1,3,0.8204795116931126
3,0,3,NaN
3,0,3,NaN
3,0,3,0.5773495910338519
1,2,3,0.21187913375295056
1,2,3,0.016352394412106192
3,0,3,NaN
3,0,3,NaN
2,1,3,NaN
3,0,3,0.03973270879120916
1,2,3,NaN
2,1,3,NaN
2,1,3,0.6211047067208528
2,1,3,NaN
1,2,3,NaN
3,0,3,NaN
2,1,3,NaN
2,1,3,0.922483585895465
2,1,3,0.639385789559539
3,0,3,NaN
3,0,3,NaN
2,1,3,0.9097889372969507
3,0,3,NaN
2,1,3,NaN
3,0,3,0.4389759442456205
1,2,3,NaN
2,1,3,NaN
1,2,3,0.2770589453938832
2,1,3,NaN
3,0,3,NaN
2,1,3,NaN
3,0,3,NaN
3,0,3,NaN
3,0,3,0.161264881038212
3,0,3,NaN
1,2,3,0.005841019882579776
3,0,3,NaN
2,1,3,0.8204795116931126
3,0,3,NaN
2,1,3,NaN
3,0,3,NaN
3,0,3,0.7943141978951035
2,1,3,NaN
2,1,3,NaN
1,2,3,NaN
3,0,3,NaN
2,1,3,NaN
3,0,3,NaN
2,1,3,0.8204795116931126
3,0,3,NaN
3,0,3,NaN
2,1,3,NaN
3,0,3,NaN
1,2,3,0.007827960273527267
3,0,3,NaN
2,1,3,NaN
1,2,3,0.8791469822960243
3,0,3,NaN
1,2,3,0.922483585895465
3,0,3,NaN
3,0,3,NaN
3,0,3,NaN
2,1,3,NaN
2,1,3,NaN
3,0,3,0.7008553584305408
3,0,3,NaN
2,1,3,0.534054961478336
2,1,3,NaN
3,0,3,0.9097889372969507
2,1,3,NaN
3,0,3,NaN
3,0,3,NaN
2,1,3,0.045946027748132785
2,1,3,0.12196444410581492
3,0,3,NaN
2,1,3,0.24755100352480078
2,1,3,NaN
3,0,3,NaN
1,2,3,0.03468779084967369
1,2,3,NaN
1,2,3,NaN
2,1,3,NaN
1,2,3,0.5490408605083255
2,1,3,NaN
3,0,3,NaN
2,1,3,NaN
2,1,3,0.35163936320323114
3,0,3,0.8204795116931126
3,0,3,NaN
3,0,3,0.4869472780660612
2,1,3,NaN
2,1,3,0.9749834651108517
3,0,3,0.9097889372969507
2,1,3,NaN
3,0,3,0.4389759442456205
3,0,3,NaN
3,0,3,NaN
3,0,3,NaN
3,0,3,NaN
1,2,3,NaN
3,0,3,0.3591611343992021
1,2,3,NaN
3,0,3,NaN
3,0,3,0.24299412154726827
2,1,3,NaN
3,0,3,0.8617097556108892
3,0,3,0.922483585895465
3,0,3,NaN
2,1,3,0.5773495910338519
2,1,3,NaN
2,1,3,NaN
1,2,3,NaN
2,1,3,0.2770589453938832
3,0,3,0.8204795116931126
2,1,3,NaN
3,0,3,NaN
3,0,3,NaN
1,2,3,0.08115644780417555
1,2,3,NaN
2,1,3,0.21088384570926988
2,1,3,0.9394001146461406
3,0,3,NaN
3,0,3,NaN
3,0,3,0.7943141978951035
3,0,3,0.06988872661807305
2,1,3,NaN
3,0,3,NaN
3,0,3,0.8791469822960243
3,0,3,NaN
2,1,3,NaN
2,1,3,NaN
3,0,3,0.39365820288251563
2,1,3,NaN
3,0,3,0.05295374443847441
2,1,3,NaN
1,2,3,0.09331494238381467
3,0,3,0.4389759442456205
2,1,3,0.06058247105517931
3,0,3,NaN
3,0,3,0.8617097556108892
3,0,3,0.6211047067208528
3,0,3,0.534054961478336
1,2,3,NaN
2,1,3,NaN
1,2,3,0.9534911290835386
2,1,3,0.6211047067208528
3,0,3,0.8204795116931126
2,1,3,NaN
3,0,3,NaN
2,1,3,0.39974025287484216
2,1,3,NaN
3,0,3,NaN
3,0,3,NaN
3,0,3,NaN
3,0,3,NaN
1,2,3,NaN
3,0,3,0.5773495910338519
1,2,3,0.3147278493122561
3,0,3,NaN
2,1,3,0.23157739089047544
3,0,3,0.18561760226461765
2,1,3,NaN
3,0,3,NaN
1,2,3,0.8418168267177661
1,2,3,0.45885943191873046
1,2,3,NaN
3,0,3,NaN
2,1,3,NaN
2,1,3,NaN
3,0,3,0.8617097556108892
3,0,3,NaN
3,0,3,NaN
2,1,3,0.9097889372969507
3,0,3,NaN
3,0,3,NaN
2,1,3,NaN
2,1,3,NaN
2,1,3,0.6629394266610144
2,1,3,NaN
3,0,3,NaN
3,0,3,0.3356648173745397
1,2,3,NaN
3,0,3,NaN
2,1,3,0.05295374443847441
2,1,3,NaN
3,0,3,0.6211047067208528
3,0,3,NaN
3,0,3,0.8791469822960243
3,0,3,NaN
3,0,3,NaN
2,1,3,NaN
3,0,3,NaN
2,1,3,0.4389759442456205
3,0,3,NaN
3,0,3,NaN
2,1,3,0.9444012070806406
2,1,3,NaN
2,1,3,0.24299412154726827
2,1,3,NaN
2,1,3,0.4389759442456205
2,1,3,NaN
2,1,3,0.922483585895465
2,1,3,0.7659187175498298
3,0,3,NaN
2,1,3,NaN
2,1,3,NaN
3,0,3,NaN
3,0,3,NaN
1,2,3,0.06369546435864522
3,0,3,NaN
3,0,3,NaN
3,0,3,0.35163936320323114
2,1,3,0.002217805760821841
3,0,3,0.6629394266610144
2,1,3,NaN
3,0,3,NaN
2,1,3,NaN
2,1,3,0.08115644780417555
3,0,3,0.9097889372969507
1,2,3,0.534054961478336
3,0,3,0.9452512051460086
2,1,3,0.6629394266610144
3,0,3,0.7943141978951035
3,0,3,0.9534911290835386
2,1,3,0.7943141978951035
3,0,3,0.06988872661807305
3,0,3,NaN
3,0,3,NaN
3,0,3,NaN
3,0,3,0.3147278493122561
2,1,3,NaN
3,0,3,NaN
1,2,3,0.4389759442456205
3,0,3,NaN
3,0,3,0.9336743037628588
3,0,3,0.3147278493122561
3,0,3,NaN
1,2,3,NaN
3,0,3,NaN
2,1,3,0.7351022872357142
1,2,3,0.6629394266610144
3,0,3,0.2770589453938832
1,2,3,NaN
2,1,3,NaN
3,0,3,NaN
3,0,3,NaN
3,0,3,NaN
2,1,3,0.4869472780660612
3,0,3,0.9534911290835386
3,0,3,NaN
1,2,3,NaN
1,2,3,NaN
2,1,3,0.8418168267177661
2,1,3,NaN
2,1,3,NaN
3,0,3,0.06988872661807305
3,0,3,NaN
3,0,3,0.4869472780660612
3,0,3,NaN
2,1,3,NaN
3,0,3,NaN
3,0,3,NaN
3,0,3,NaN
1,2,3,NaN
2,1,3,NaN
3,0,3,0.9799588626550771
3,0,3,0.8949950374154003
3,0,3,NaN
2,1,3,0.022641636257990223
2,1,3,NaN
2,1,3,NaN
1,2,3,NaN
2,1,3,NaN
3,0,3,NaN
2,1,3,0.534054961478336
2,1,3,NaN
3,0,3,0.24299412154726827
3,0,3,0.8791469822960243
3,0,3,NaN
3,0,3,0.10644627622097674
3,0,3,NaN
1,2,3,NaN
3,0,3,NaN
1,2,3,NaN
3,0,3,0.5773495910338519
3,0,3,NaN
2,1,3,NaN
1,2,3,NaN
3,0,3,NaN
3,0,3,NaN
3,0,3,0.4389759442456205
2,1,3,NaN
3,0,3,0.9845924478014567
2,1,3,NaN
2,1,3,NaN
2,1,3,NaN
2,1,3,0.8949950374154003
2,1,3,NaN
3,0,3,0.7659187175498298
3,0,3,NaN
2,1,3,0.03973270879120916
2,1,3,NaN
3,0,3,0.08115644780417555
3,0,3,0.4869472780660612
1,2,3,NaN
3,0,3,NaN
3,0,3,NaN
3,0,3,0.8791469822960243
2,1,3,NaN
2,1,3,NaN
2,1,3,0.4869472780660612
1,2,3,NaN
3,0,3,NaN
3,0,3,0.7659187175498298
2,1,3,NaN
2,1,3,NaN
3,0,3,0.9845924478014567
3,0,3,NaN
3,0,3,NaN
3,0,3,0.4869472780660612
1,2,3,NaN
3,0,3,NaN
2,1,3,NaN
2,1,3,NaN
1,2,3,0.534054961478336
3,0,3,NaN
3,0,3,NaN
2,1,3,NaN
3,0,3,NaN
2,1,3,NaN
2,1,3,NaN
3,0,3,NaN
3,0,3,NaN
1,2,3,NaN
3,0,3,0.7943141978951035
1,2,3,NaN
3,0,3,0.2770589453938832
2,1,3,NaN
3,0,3,NaN
3,0,3,NaN
3,0,3,0.35163936320323114
1,2,3,0.39365820288251563
3,0,3,NaN
1,2,3,NaN
1,2,3,0.5773495910338519
2,1,3,NaN
3,0,3,NaN
1,2,3,0.03973270879120916
1,2,3,0.7008553584305408
2,1,3,NaN
3,0,3,0.9594745555073949
3,0,3,0.06988872661807305
3,0,3,0.9799588626550771
3,0,3,0.4869472780660612
3,0,3,NaN
3,0,3,NaN
3,0,3,0.534054961478336
3,0,3,0.8204795116931126
3,0,3,NaN
3,0,3,NaN
3,0,3,NaN
3,0,3,NaN
3,0,3,NaN
2,1,3,NaN
3,0,3,NaN
3,0,3,0.35163936320323114
3,0,3,NaN
1,2,3,NaN
2,1,3,NaN
3,0,3,NaN
3,0,3,NaN
2,1,3,NaN
2,1,3,0.5773495910338519
2,1,3,0.6211047067208528
1,2,3,NaN
1,2,3,NaN
2,1,3,NaN
3,0,3,NaN
2,1,3,NaN
2,1,3,NaN
2,1,3,0.2770589453938832
3,0,3,NaN
1,2,3,NaN
1,2,3,NaN
2,1,3,NaN
1,2,3,NaN
2,1,3,NaN
2,1,3,NaN
1,2,3,0.8791469822960243
3,0,3,0.7351022872357142
1,2,3,NaN
2,1,3,NaN
2,1,3,NaN
2,1,3,NaN
2,1,3,NaN
3,0,3,NaN
3,0,3,NaN
3,0,3,NaN
3,0,3,NaN
1,2,3,0.36959257766905407
3,0,3,0.4389759442456205
2,1,3,NaN
3,0,3,NaN
2,1,3,NaN
2,1,3,NaN
3,0,3,0.9444012070806406
3,0,3,NaN
3,0,3,NaN
1,2,3,NaN
1,2,3,0.4869472780660612
3,0,3,NaN
2,1,3,0.6629394266610144
2,1,3,0.35163936320323114
2,1,3,NaN
2,1,3,0.4389759442456205
2,1,3,NaN
1,2,3,0.4389759442456205
2,1,3,0.8791469822960243
3,0,3,NaN
3,0,3,NaN
1,2,3,0.6629394266610144
3,0,3,0.21187913375295056
2,1,3,NaN
3,0,3,0.7659187175498298
2,1,3,NaN
2,1,3,0.8949950374154003
1,2,3,NaN
3,0,3,NaN
3,0,3,NaN
3,0,3,NaN
3,0,3,NaN
3,0,3,NaN
3,0,3,0.4869472780660612
2,1,3,0.24299412154726827
1,2,3,0.7034798908330773
3,0,3,NaN
1,2,3,NaN
3,0,3,0.9336743037628588
2,1,3,NaN
3,0,3,NaN
3,0,3,0.4869472780660612
3,0,3,NaN
3,0,3,NaN
3,0,3,NaN
3,0,3,NaN
3,0,3,NaN
3,0,3,NaN
3,0,3,0.8204795116931126
3,0,3,0.922483585895465
2,1,3,NaN
2,1,3,NaN
1,2,3,NaN
2,1,3,NaN
2,1,3,NaN
3,0,3,NaN
3,0,3,NaN
2,1,3,0.09331494238381467
2,1,3,NaN
2,1,3,NaN
3,0,3,NaN
3,0,3,NaN
3,0,3,NaN
3,0,3,NaN
3,0,3,NaN
2,1,3,0.4344741859498727
3,0,3,0.4389759442456205
3,0,3,NaN
3,0,3,NaN
2,1,3,0.3147278493122561
3,0,3,NaN
2,1,3,0.39365820288251563
2,1,3,NaN
2,1,3,0.5773495910338519
1,2,3,0.6713148606042852
2,1,3,NaN
3,0,3,NaN
2,1,3,0.06449485667634502
1,2,3,0.4389759442456205
2,1,3,NaN
3,0,3,NaN
1,2,3,NaN
2,1,3,0.161264881038212
2,1,3,0.3147278493122561
3,0,3,NaN
2,1,3,NaN
1,2,3,NaN
3,0,3,NaN
3,0,3,NaN
1,2,3,NaN
3,0,3,0.39365820288251563
3,0,3,NaN
3,0,3,0.005100602238806189
1,2,3,NaN
3,0,3,0.06058247105517931
2,1,3,NaN
1,2,3,0.962032138983051
3,0,3,0.10243016501108679
3,0,3,NaN
3,0,3,NaN
3,0,3,0.03025847703180226
3,0,3,NaN
1,2,3,NaN
1,2,3,NaN
2,1,3,NaN
1,2,3,NaN
3,0,3,NaN
3,0,3,NaN
3,0,3,NaN
3,0,3,0.9886670302743008
3,0,3,NaN
3,0,3,NaN
2,1,3,NaN
3,0,3,0.03468779084967369
3,0,3,NaN
1,2,3,NaN
2,1,3,0.7351022872357142
3,0,3,NaN
1,2,3,NaN
3,0,3,NaN
2,1,3,0.8418168267177661
2,1,3,NaN
3,0,3,NaN
3,0,3,NaN
3,0,3,0.6629394266610144
1,2,3,NaN
3,0,3,NaN
3,0,3,NaN
3,0,3,NaN
2,1,3,0.8204795116931126
3,0,3,NaN
3,0,3,0.5773495910338519
2,1,3,NaN
2,1,3,NaN
3,0,3,NaN
2,1,3,0.21187913375295056
3,0,3,NaN
3,0,3,NaN
3,0,3,NaN
2,1,3,0.9161513545350418
3,0,3,0.534054961478336
2,1,3,NaN
1,2,3,NaN
2,1,3,0.14080710657571024
3,0,3,NaN
1,2,3,NaN
2,1,3,NaN
1,2,3,NaN
1,2,3,NaN
2,1,3,NaN
3,0,3,NaN
2,1,3,0.6211047067208528
3,0,3,NaN
3,0,3,NaN
1,2,3,NaN
1,2,3,NaN
2,1,3,NaN
3,0,3,NaN
2,1,3,NaN
2,1,3,NaN
3,0,3,0.7975120912818462
3,0,3,NaN
1,2,3,0.4389759442456205
3,0,3,0.6211047067208528
3,0,3,NaN
2,1,3,NaN
2,1,3,NaN
3,0,3,0.4389759442456205
2,1,3,NaN
2,1,3,0.922483585895465
3,0,3,NaN
3,0,3,NaN
3,0,3,NaN
3,0,3,0.4869472780660612
3,0,3,0.21187913375295056
1,2,3,NaN
2,1,3,NaN
3,0,3,NaN
3,0,3,NaN
3,0,3,NaN
3,0,3,NaN
3,0,3,NaN
3,0,3,0.8617097556108892
3,0,3,NaN
3,0,3,NaN
3,0,3,NaN
3,0,3,0.7008553584305408
3,0,3,NaN
3,0,3,0.8791469822960243
3,0,3,NaN
3,0,3,NaN
3,0,3,0.6211047067208528
2,1,3,0.12196444410581492
2,1,3,NaN
2,1,3,NaN
1,2,3,NaN
3,0,3,NaN
1,2,3,0.6211047067208528
3,0,3,NaN
3,0,3,0.8949950374154003
3,0,3,NaN
3,0,3,NaN
3,0,3,0.9096473665289808
2,1,3,0.007827960273527267
2,1,3,0.922483585895465
2,1,3,NaN
3,0,3,NaN
3,0,3,NaN
3,0,3,0.4869472780660612
3,0,3,NaN
3,0,3,0.05295374443847441
1,2,3,NaN
1,2,3,0.4869472780660612
2,1,3,NaN
2,1,3,NaN
2,1,3,0.6753958513502701
3,0,3,0.9444012070806406
3,0,3,NaN
3,0,3,0.8791469822960243
2,1,3,NaN
3,0,3,NaN
2,1,3,0.3147278493122561
2,1,3,0.02729859940952053
1,2,3,NaN
3,0,3,0.14080710657571024
2,1,3,NaN
1,2,3,NaN
2,1,3,NaN
1,2,3,NaN
3,0,3,0.8204795116931126
1,2,3,NaN
3,0,3,NaN
2,1,3,NaN
3,0,3,0.5773495910338519
3,0,3,NaN
3,0,3,NaN
2,1,3,0.8204795116931126
3,0,3,NaN
3,0,3,NaN
2,1,3,NaN
2,1,3,NaN
3,0,3,NaN
1,2,3,NaN
2,1,3,0.35163936320323114
2,1,3,0.21187913375295056
3,0,3,NaN
3,0,3,NaN
1,2,3,NaN
3,0,3,NaN
3,0,3,NaN
3,0,3,NaN
3,0,3,0.7943141978951035
3,0,3,NaN
3,0,3,NaN
1,2,3,NaN
3,0,3,NaN
3,0,3,NaN
3,0,3,NaN
3,0,3,0.7351022872357142
2,1,3,NaN
3,0,3,NaN
2,1,3,NaN
2,1,3,NaN
3,0,3,0.005934524119869026
3,0,3,NaN
3,0,3,NaN
2,1,3,NaN
2,1,3,0.39365820288251563
3,0,3,NaN
3,0,3,0.4869472780660612
2,1,3,NaN
3,0,3,NaN
1,2,3,NaN
3,0,3,NaN
1,2,3,0.5893595730167072
2,1,3,NaN
3,0,3,NaN
3,0,3,0.9941692455764074
3,0,3,NaN
3,0,3,NaN
3,0,3,NaN
3,0,3,0.922483585895465
1,2,3,NaN
3,0,3,0.6211047067208528
3,0,3,0.7943141978951035
2,1,3,0.005100602238806189
2,1,3,NaN
2,1,3,NaN
1,2,3,0.4869472780660612
2,1,3,NaN
3,0,3,NaN
3,0,3,NaN
2,1,3,0.7008553584305408
3,0,3,NaN
3,0,3,NaN
1,2,3,0.5773495910338519
3,0,3,NaN
3,0,3,0.023478970501129702
3,0,3,0.21187913375295056
2,1,3,0.24299412154726827
3,0,3,0.12196444410581492
1,2,3,0.9452512051460086
3,0,3,0.39365820288251563
3,0,3,NaN
3,0,3,0.03973270879120916
3,0,3,NaN
3,0,3,NaN
2,1,3,NaN
3,0,3,NaN
3,0,3,NaN
2,1,3,0.09331494238381467
1,2,3,NaN
3,0,3,NaN
3,0,3,0.962032138983051
3,0,3,NaN
3,0,3,0.7351022872357142
3,0,3,0.922483585895465
3,0,3,NaN
3,0,3,NaN
3,0,3,0.5135204956201115
3,0,3,NaN
3,0,3,NaN
3,0,3,0.5773495910338519
3,0,3,NaN
2,1,3,0.7943141978951035
2,1,3,NaN
3,0,3,0.4389759442456205
2,1,3,NaN
3,0,3,0.022641636257990223
3,0,3,NaN
3,0,3,NaN
2,1,3,NaN
2,1,3,0.06988872661807305
2,1,3,NaN
2,1,3,0.7351022872357142
3,0,3,0.2770589453938832
3,0,3,0.4869472780660612
1,2,3,NaN
2,1,3,NaN
3,0,3,0.045946027748132785
3,0,3,0.7943141978951035
1,2,3,0.034832392112591995
3,0,3,NaN
2,1,3,NaN
2,1,3,0.35163936320323114
1,2,3,NaN
3,0,3,0.6211047067208528
3,0,3,0.6211047067208528
2,1,3,0.02611284212389445
3,0,3,NaN
3,0,3,0.7351022872357142
3,0,3,0.9444012070806406
1,2,3,0.8418168267177661
3,0,3,NaN
2,1,3,NaN
3,0,3,NaN
2,1,3,0.9336743037628588
2,1,3,NaN
2,1,3,NaN
3,0,3,NaN
3,0,3,NaN
2,1,3,NaN
2,1,3,NaN
2,1,3,0.6211047067208528
3,0,3,NaN
2,1,3,NaN
2,1,3,NaN
3,0,3,NaN
3,0,3,NaN
3,0,3,0.7943141978951035
2,1,3,NaN
3,0,3,0.045946027748132785
3,0,3,NaN
3,0,3,NaN
3,0,3,NaN
2,1,3,0.6211047067208528
3,0,3,NaN
1,2,3,0.4869472780660612
3,0,3,0.18561760226461765
3,0,3,NaN
3,0,3,NaN
3,0,3,NaN
3,0,3,0.922483585895465
2,1,3,0.12196444410581492
3,0,3,NaN
1,2,3,NaN
3,0,3,NaN
2,1,3,NaN
1,2,3,NaN
2,1,3,0.005100602238806189
3,0,3,NaN
2,1,3,0.10644627622097674
1,2,3,0.534054961478336
3,0,3,NaN
2,1,3,NaN
3,0,3,NaN
1,2,3,NaN
2,1,3,NaN
2,1,3,NaN
3,0,3,0.24685697913475074
3,0,3,NaN
2,1,3,NaN
3,0,3,0.02611284212389445
2,1,3,NaN
2,1,3,0.6629394266610144
1,2,3,0.21187913375295056
1,2,3,NaN
2,1,3,NaN
3,0,3,0.8617097556108892
3,0,3,0.6629394266610144
2,1,3,NaN
1,2,3,0.8521191763341024
1,2,3,NaN
3,0,3,NaN
2,1,3,0.8949950374154003
1,2,3,NaN
2,1,3,0.6211047067208528
2,1,3,NaN
1,2,3,0.03468779084967369
1,2,3,0.161264881038212
2,1,3,0.7659187175498298
3,0,3,0.8791469822960243
3,0,3,NaN
3,0,3,NaN
2,1,3,0.534054961478336
3,0,3,NaN
3,0,3,0.35163936320323114
2,1,3,NaN
3,0,3,NaN
2,1,3,0.8949950374154003
2,1,3,NaN
3,0,3,0.9336743037628588
2,1,3,0.7659187175498298
1,2,3,NaN
2,1,3,NaN
3,0,3,NaN
2,1,3,NaN
3,0,3,0.35163936320323114
2,1,3,0.6629394266610144
2,1,3,0.7659187175498298
3,0,3,NaN
1,2,3,NaN
3,0,3,NaN
3,0,3,0.9988438550211445
3,0,3,0.35163936320323114
2,1,3,NaN
1,2,3,NaN
2,1,3,NaN
3,0,3,NaN
3,0,3,0.4869472780660612
3,0,3,NaN
3,0,3,NaN
1,2,3,NaN
2,1,3,NaN
2,1,3,NaN
3,0,3,0.4869472780660612
1,2,3,0.8791469822960243
2,1,3,NaN
3,0,3,NaN
3,0,3,NaN
3,0,3,0.7659187175498298
2,1,3,NaN
1,2,3,0.8791469822960243
1,2,3,NaN
1,2,3,NaN
3,0,3,0.962032138983051
3,0,3,NaN
3,0,3,NaN
2,1,3,NaN
3,0,3,0.08115644780417555
3,0,3,NaN
1,2,3,0.21187913375295056
1,2,3,0.534054961478336
3,0,3,NaN
1,2,3,0.8791469822960243
3,0,3,0.24299412154726827
3,0,3,NaN
1,2,3,NaN
2,1,3,0.4344741859498727
3,0,3,NaN
1,2,3,NaN
3,0,3,NaN
3,0,3,0.045946027748132785
3,0,3,0.9097889372969507
3,0,3,NaN
3,0,3,NaN
2,1,3,NaN
2,1,3,NaN
3,0,3,NaN
2,1,3,0.6629394266610144
3,0,3,NaN
2,1,3,NaN
3,0,3,0.8617097556108892
2,1,3,NaN
1,2,3,NaN
1,2,3,NaN
3,0,3,NaN
2,1,3,0.7943141978951035
3,0,3,0.005067886032590186
2,1,3,NaN
3,0,3,NaN
3,0,3,0.7008553584305408
2,1,3,0.19606463645048705
3,0,3,NaN
3,0,3,0.00038208754168531014
1,2,3,0.39365820288251563
2,1,3,NaN
2,1,3,NaN
2,1,3,NaN
3,0,3,0.6211047067208528
3,0,3,NaN
2,1,3,0.12196444410581492
3,0,3,NaN
3,0,3,NaN
3,0,3,NaN
3,0,3,NaN
2,1,3,NaN
3,0,3,NaN
3,0,3,0.14080710657571024
2,1,3,NaN
2,1,3,0.4869472780660612
3,0,3,NaN
2,1,3,0.003442105670104662
2,1,3,NaN
2,1,3,NaN
1,2,3,0.9749834651108517
3,0,3,NaN
2,1,3,0.05067375829057923
3,0,3,NaN
3,0,3,NaN
3,0,3,NaN
3,0,3,NaN
3,0,3,NaN
3,0,3,NaN
1,2,3,0.39365820288251563
1,2,3,0.922483585895465
1,2,3,NaN
3,0,3,NaN
1,2,3,NaN
3,0,3,0.7659187175498298
3,0,3,NaN
2,1,3,NaN
2,1,3,0.9097889372969507
1,2,3,0.898681537587559
2,1,3,NaN
2,1,3,NaN
2,1,3,NaN
2,1,3,0.39365820288251563
3,0,3,0.7659187175498298
1,2,3,NaN
3,0,3,0.4389759442456205
1,2,3,0.4869472780660612
2,1,3,0.10644627622097674
3,0,3,NaN
2,1,3,NaN
3,0,3,NaN
3,0,3,NaN
3,0,3,NaN
3,0,3,NaN
2,1,3,0.045946027748132785
2,1,3,0.8418168267177661
3,0,3,0.2770589453938832
3,0,3,NaN
2,1,3,NaN
3,0,3,NaN
2,1,3,NaN
1,2,3,NaN
2,1,3,NaN
3,0,3,NaN
3,0,3,NaN
2,1,3,0.8204795116931126
3,0,3,NaN
3,0,3,NaN
2,1,3,0.7659187175498298
2,1,3,0.5773495910338519
3,0,3,NaN
3,0,3,NaN
1,2,3,0.2770589453938832
2,1,3,0.36017632999797705
2,1,3,NaN
3,0,3,NaN
3,0,3,0.5773495910338519
2,1,3,NaN
3,0,3,NaN
3,0,3,0.534054961478336
2,1,3,0.4363123380656674
3,0,3,NaN
2,1,3,0.9452736117663113
2,1,3,NaN
1,2,3,NaN
3,0,3,NaN
3,0,3,0.6211047067208528
1,2,3,NaN
2,1,3,NaN
3,0,3,0.10644627622097674
1,2,3,NaN
3,0,3,0.9534911290835386
3,0,3,0.09331494238381467
3,0,3,NaN
1,2,3,NaN
3,0,3,NaN
3,0,3,NaN
3,0,3,NaN
3,0,3,NaN
3,0,3,NaN
1,2,3,NaN
3,0,3,0.6211047067208528
2,1,3,0.05295374443847441
3,0,3,0.7659187175498298
1,2,3,0.12196444410581492
1,2,3,0.6629394266610144
3,0,3,0.9336743037628588
3,0,3,NaN
2,1,3,0.019582362947367808
3,0,3,NaN
3,0,3,0.7659187175498298
3,0,3,NaN
2,1,3,0.922483585895465
1,2,3,NaN
1,2,3,NaN
1,2,3,NaN
3,0,3,NaN
2,1,3,NaN
2,1,3,0.39365820288251563
1,2,3,NaN
1,2,3,0.03973270879120916
1,2,3,0.534054961478336
2,1,3,NaN
3,0,3,NaN
2,1,3,NaN
3,0,3,NaN
3,0,3,NaN
2,1,3,0.161264881038212
2,1,3,NaN
3,0,3,NaN
3,0,3,NaN
2,1,3,NaN
3,0,3,0.03973270879120916
2,1,3,NaN
3,0,3,NaN
3,0,3,NaN
2,1,3,0.4869472780660612
3,0,3,0.5177248213713475
2,1,3,0.21187913375295056
3,0,3,0.4869472780660612
3,0,3,NaN
1,2,3,NaN
3,0,3,NaN
2,1,3,0.24299412154726827
2,1,3,NaN
3,0,3,NaN
1,2,3,NaN
1,2,3,NaN
2,1,3,0.4389759442456205
3,0,3,NaN
3,0,3,NaN
3,0,3,0.6211047067208528
2,1,3,0.9886670302743008
3,0,3,0.922483585895465
3,0,3,NaN
2,1,3,NaN
2,1,3,0.9336743037628588
2,1,3,NaN
3,0,3,NaN
1,2,3,NaN
2,1,3,NaN
3,0,3,NaN
2,1,3,NaN
2,1,3,0.7943141978951035
3,0,3,NaN
2,1,3,NaN
2,1,3,NaN
2,1,3,NaN
3,0,3,NaN
2,1,3,0.03025847703180226
2,1,3,0.36959257766905407
3,0,3,0.39365820288251563
3,0,3,0.6629394266610144
2,1,3,NaN
3,0,3,NaN
3,0,3,NaN
3,0,3,NaN
2,1,3,NaN
2,1,3,0.3147278493122561
2,1,3,NaN
1,2,3,0.9336743037628588
3,0,3,NaN
2,1,3,0.7351022872357142
3,0,3,NaN
3,0,3,NaN
3,0,3,NaN
3,0,3,NaN
3,0,3,0.08115644780417555
3,0,3,NaN
1,2,3,0.7659187175498298
1,2,3,0.8166047472199134
3,0,3,NaN
3,0,3,NaN
3,0,3,0.9444012070806406
3,0,3,0.011625908468073121
3,0,3,NaN
2,1,3,NaN
3,0,3,0.9444012070806406
3,0,3,NaN
3,0,3,NaN
1,2,3,NaN
3,0,3,NaN
1,2,3,NaN
3,0,3,0.7943141978951035
3,0,3,0.8418168267177661
2,1,3,NaN
3,0,3,NaN
3,0,3,NaN
3,0,3,NaN
1,2,3,NaN
3,0,3,0.24299412154726827
3,0,3,NaN
3,0,3,NaN
3,0,3,NaN
3,0,3,NaN
3,0,3,NaN
2,1,3,NaN
1,2,3,NaN
3,0,3,0.8204795116931126
1,2,3,NaN
3,0,3,0.8949950374154003
3,0,3,NaN
3,0,3,0.534054961478336
3,0,3,NaN
3,0,3,NaN
3,0,3,NaN
3,0,3,NaN
3,0,3,0.9799588626550771
1,2,3,0.8617097556108892
3,0,3,NaN
3,0,3,0.7008553584305408
2,1,3,NaN
3,0,3,NaN
3,0,3,NaN
3,0,3,NaN
2,1,3,NaN
3,0,3,NaN
3,0,3,NaN
3,0,3,NaN
2,1,3,NaN
3,0,3,NaN
3,0,3,NaN
2,1,3,NaN
1,2,3,0.9799588626550771
3,0,3,0.5773495910338519
3,0,3,NaN
3,0,3,NaN
3,0,3,0.8617097556108892
2,1,3,NaN
3,0,3,NaN
3,0,3,NaN
3,0,3,NaN
3,0,3,NaN
3,0,3,0.009708197960407164
3,0,3,NaN
3,0,3,NaN
2,1,3,NaN
3,0,3,0.3147278493122561
3,0,3,0.9845924478014567
3,0,3,0.534054961478336
3,0,3,NaN
1,2,3,NaN
3,0,3,NaN
3,0,3,NaN
3,0,3,NaN
2,1,3,NaN
1,2,3,NaN
2,1,3,NaN
3,0,3,NaN
3,0,3,NaN
3,0,3,NaN
2,1,3,NaN
2,1,3,NaN
3,0,3,NaN
2,1,3,NaN
1,2,3,NaN
2,1,3,NaN
2,1,3,NaN
2,1,3,NaN
1,2,3,NaN
1,2,3,0.21187913375295056
3,0,3,NaN
3,0,3,NaN
3,0,3,NaN
3,0,3,0.4389759442456205
3,0,3,NaN
3,0,3,0.7008553584305408
3,0,3,NaN
2,1,3,NaN
2,1,3,NaN
1,2,3,NaN
1,2,3,NaN
2,1,3,NaN
2,1,3,0.21187913375295056
3,0,3,NaN
2,1,3,0.5773495910338519
3,0,3,NaN
1,2,3,NaN
2,1,3,NaN
2,1,3,0.08115644780417555
3,0,3,NaN
2,1,3,NaN
1,2,3,0.7008553584305408
3,0,3,0.7659187175498298
3,0,3,NaN
1,2,3,0.8949950374154003
3,0,3,0.8617097556108892
3,0,3,0.4869472780660612
1,2,3,NaN
3,0,3,NaN
2,1,3,NaN
2,1,3,NaN
2,1,3,0.11853304164355541
3,0,3,NaN
3,0,3,0.24299412154726827
1,2,3,0.7943141978951035
2,1,3,0.161264881038212
2,1,3,NaN
1,2,3,0.7659187175498298
3,0,3,NaN
3,0,3,NaN
2,1,3,NaN
2,1,3,NaN
1,2,3,NaN
3,0,3,NaN
2,1,3,0.05589840063741304
2,1,3,NaN
2,1,3,NaN
1,2,3,NaN
2,1,3,NaN
3,0,3,NaN
2,1,3,0.8949950374154003
3,0,3,NaN
2,1,3,0.7659187175498298
1,2,3,NaN
3,0,3,NaN
2,1,3,0.8791469822960243
2,1,3,NaN
2,1,3,NaN
3,0,3,NaN
2,1,3,NaN
3,0,3,0.3147278493122561
3,0,3,NaN
3,0,3,NaN
3,0,3,NaN
1,2,3,NaN
3,0,3,0.5773495910338519
2,1,3,0.8281470796777857
2,1,3,NaN
3,0,3,0.6211047067208528
2,1,3,NaN
2,1,3,NaN
1,2,3,0.5773495910338519
3,0,3,NaN
1,2,3,0.7943141978951035
3,0,3,0.9097889372969507
3,0,3,NaN
1,2,3,NaN
3,0,3,NaN
3,0,3,NaN
2,1,3,0.9097889372969507
3,0,3,NaN
3,0,3,NaN
3,0,3,0.3147278493122561
3,0,3,NaN
3,0,3,NaN
3,0,3,0.9444012070806406
3,0,3,NaN
3,0,3,NaN
3,0,3,NaN
2,1,3,0.9050972117330874
3,0,3,0.8204795116931126
2,1,3,0.922483585895465
2,1,3,NaN
2,1,3,NaN
3,0,3,0.7659187175498298
3,0,3,NaN
3,0,3,NaN
3,0,3,NaN
2,1,3,NaN
2,1,3,NaN
3,0,3,NaN
3,0,3,0.6211047067208528
1,2,3,NaN
2,1,3,NaN
2,1,3,NaN
3,0,3,NaN
2,1,3,0.24299412154726827
3,0,3,NaN
1,2,3,NaN
3,0,3,NaN
3,0,3,0.05014307186825348
3,0,3,0.03468779084967369
2,1,3,0.36580721280013206
2,1,3,0.011625908468073121
1,2,3,NaN
2,1,3,NaN
3,0,3,NaN
2,1,3,NaN
2,1,3,0.881143991419024
2,1,3,NaN
3,0,3,0.8617097556108892
3,0,3,0.14080710657571024
2,1,3,NaN
3,0,3,NaN
3,0,3,NaN
1,2,3,NaN
3,0,3,NaN
2,1,3,NaN
3,0,3,NaN
3,0,3,NaN
3,0,3,0.161264881038212
1,2,3,0.8418168267177661
3,0,3,0.013595179396091573
2,1,3,0.2142396597838168
3,0,3,NaN
1,2,3,0.39365820288251563
3,0,3,NaN
3,0,3,NaN
2,1,3,NaN
1,2,3,NaN
3,0,3,NaN
3,0,3,NaN
2,1,3,NaN
3,0,3,NaN
3,0,3,0.7351022872357142
2,1,3,NaN
3,0,3,NaN
1,2,3,NaN
3,0,3,NaN
1,2,3,NaN
3,0,3,NaN
2,1,3,0.6629394266610144
3,0,3,NaN
2,1,3,0.161264881038212
3,0,3,NaN
3,0,3,NaN
3,0,3,NaN
2,1,3,NaN
2,1,3,NaN
2,1,3,NaN
2,1,3,NaN
3,0,3,NaN
3,0,3,NaN
3,0,3,0.35163936320323114
1,2,3,NaN
3,0,3,NaN
3,0,3,NaN
3,0,3,0.922483585895465
2,1,3,NaN
3,0,3,NaN
2,1,3,NaN
3,0,3,NaN
3,0,3,NaN
2,1,3,NaN
1,2,3,0.12196444410581492
3,0,3,NaN
1,2,3,NaN
2,1,3,0.8418168267177661
3,0,3,NaN
1,2,3,0.10644627622097674
2,1,3,0.3147278493122561
2,1,3,NaN
3,0,3,NaN
1,2,3,NaN
2,1,3,NaN
3,0,3,NaN
2,1,3,NaN
2,1,3,NaN
1,2,3,NaN
3,0,3,NaN
2,1,3,NaN
2,1,3,NaN
2,1,3,NaN
3,0,3,0.7703468733265897
1,2,3,0.09331494238381467
3,0,3,NaN
1,2,3,0.534054961478336
3,0,3,NaN
1,2,3,0.9845924478014567
1,2,3,0.7351022872357142
1,2,3,0.14080710657571024
2,1,3,NaN
3,0,3,NaN
3,0,3,0.6629394266610144
3,0,3,NaN
1,2,3,0.8617097556108892
2,1,3,NaN
1,2,3,NaN
3,0,3,NaN
3,0,3,NaN
3,0,3,NaN
1,2,3,NaN
3,0,3,0.7008553584305408
3,0,3,NaN
2,1,3,NaN
2,1,3,NaN
2,1,3,NaN
2,1,3,NaN
2,1,3,0.06988872661807305
2,1,3,NaN
2,1,3,0.9097889372969507
2,1,3,NaN
1,2,3,NaN
3,0,3,0.009708197960407164
1,2,3,NaN
1,2,3,NaN
1,2,3,0.6629394266610144
2,1,3,0.8418168267177661
3,0,3,NaN
3,0,3,NaN
3,0,3,NaN
3,0,3,NaN
3,0,3,NaN
3,0,3,0.24299412154726827
1,2,3,0.6629394266610144
2,1,3,NaN
2,1,3,NaN
2,1,3,NaN
2,1,3,NaN
3,0,3,NaN
3,0,3,NaN
2,1,3,NaN
2,1,3,NaN
3,0,3,NaN
3,0,3,NaN
3,0,3,0.6211047067208528
3,0,3,NaN
3,0,3,NaN
3,0,3,NaN
2,1,3,0.5164194987623703
3,0,3,NaN
3,0,3,0.7943141978951035
1,2,3,0.4869472780660612
2,1,3,NaN
3,0,3,NaN
2,1,3,NaN
3,0,3,NaN
2,1,3,0.04477018850579075
3,0,3,NaN
1,2,3,NaN
2,1,3,NaN
3,0,3,NaN
1,2,3,NaN
3,0,3,NaN
3,0,3,NaN
1,2,3,NaN
3,0,3,0.9444012070806406
1,2,3,NaN
1,2,3,NaN
1,2,3,NaN
1,2,3,NaN
2,1,3,NaN
2,1,3,NaN
1,2,3,0.8418168267177661
2,1,3,0.6629394266610144
3,0,3,NaN
3,0,3,NaN
2,1,3,NaN
2,1,3,NaN
3,0,3,NaN
2,1,3,NaN
1,2,3,NaN
1,2,3,0.6211047067208528
3,0,3,0.5773495910338519
1,2,3,0.5053536332083965
2,1,3,NaN
2,1,3,NaN
3,0,3,NaN
1,2,3,0.39365820288251563
3,0,3,0.6629394266610144
3,0,3,NaN
3,0,3,NaN
2,1,3,NaN
3,0,3,NaN
2,1,3,NaN
2,1,3,0.5208172689929056
2,1,3,NaN
2,1,3,NaN
3,0,3,NaN
2,1,3,NaN
3,0,3,NaN
2,1,3,NaN
2,1,3,NaN
2,1,3,0.24685788650085178
2,1,3,NaN
1,2,3,NaN
2,1,3,0.062282276466880906
2,1,3,NaN
2,1,3,0.09331494238381467
1,2,3,NaN
1,2,3,NaN
1,2,3,NaN
3,0,3,NaN
3,0,3,NaN
3,0,3,NaN
2,1,3,NaN
3,0,3,NaN
2,1,3,NaN
2,1,3,0.18561760226461765
1,2,3,NaN
2,1,3,NaN
2,1,3,NaN
3,0,3,NaN
2,1,3,NaN
3,0,3,0.09331494238381467
3,0,3,NaN
3,0,3,NaN
2,1,3,NaN
3,0,3,NaN
3,0,3,NaN
1,2,3,0.9444012070806406
1,2,3,NaN
3,0,3,NaN
3,0,3,NaN
3,0,3,0.35163936320323114
3,0,3,NaN
3,0,3,NaN
1,2,3,0.8204795116931126
3,0,3,NaN
1,2,3,NaN
3,0,3,NaN
3,0,3,0.4389759442456205
3,0,3,NaN
3,0,3,0.3147278493122561
3,0,3,NaN
3,0,3,NaN
1,2,3,0.000998538431483835
3,0,3,0.24299412154726827
1,2,3,0.005100602238806189
3,0,3,NaN
2,1,3,0.39365820288251563
2,1,3,NaN
3,0,3,NaN
1,2,3,NaN
2,1,3,NaN
1,2,3,NaN
1,2,3,0.161264881038212
1,2,3,NaN
2,1,3,0.6629394266610144
2,1,3,NaN
2,1,3,0.6629394266610144
3,0,3,NaN
2,1,3,NaN
3,0,3,0.35163936320323114
3,0,3,0.0004478228613093492
3,0,3,NaN
3,0,3,0.7008553584305408
3,0,3,NaN
1,2,3,0.7659187175498298
1,2,3,NaN
3,0,3,NaN
2,1,3,0.4389759442456205
3,0,3,NaN
3,0,3,NaN
3,0,3,NaN
3,0,3,0.8949950374154003
3,0,3,0.18561760226461765
2,1,3,NaN
2,1,3,NaN
2,1,3,0.04470578578971025
2,1,3,0.6211047067208528
3,0,3,NaN
2,1,3,NaN
1,2,3,NaN
3,0,3,NaN
3,0,3,NaN
3,0,3,NaN
2,1,3,NaN
2,1,3,0.09331494238381467
2,1,3,0.35163936320323114
2,1,3,NaN
2,1,3,NaN
1,2,3,NaN
3,0,3,NaN
3,0,3,0.1197675794643248
2,1,3,NaN
2,1,3,0.8791469822960243
2,1,3,NaN
3,0,3,NaN
3,0,3,NaN
2,1,3,NaN
2,1,3,NaN
1,2,3,0.4389759442456205
1,2,3,0.8819637930910276
2,1,3,NaN
3,0,3,0.4389759442456205
2,1,3,NaN
1,2,3,0.7008553584305408
2,1,3,0.7351022872357142
3,0,3,0.4869472780660612
2,1,3,0.8617097556108892
3,0,3,0.39365820288251563
3,0,3,NaN
3,0,3,NaN
2,1,3,NaN
3,0,3,NaN
1,2,3,NaN
2,1,3,NaN
2,1,3,0.7659187175498298
2,1,3,NaN
3,0,3,NaN
3,0,3,NaN
3,0,3,0.39365820288251563
2,1,3,0.026420720304872834
3,0,3,NaN
1,2,3,0.6211047067208528
3,0,3,NaN
3,0,3,NaN
2,1,3,0.09331494238381467
2,1,3,NaN
1,2,3,NaN
3,0,3,0.4869472780660612
3,0,3,NaN
3,0,3,0.18561760226461765
2,1,3,0.72052375733094
3,0,3,NaN
3,0,3,NaN
3,0,3,NaN
2,1,3,NaN
2,1,3,0.922483585895465
3,0,3,NaN
3,0,3,NaN
2,1,3,NaN
3,0,3,NaN
2,1,3,0.922483585895465
2,1,3,NaN
2,1,3,0.03973270879120916
1,2,3,NaN
2,1,3,NaN
2,1,3,0.8418168267177661
2,1,3,NaN
1,2,3,NaN
1,2,3,0.7008553584305408
2,1,3,0.4869472780660612
3,0,3,0.022641636257990223
3,0,3,0.9534911290835386
3,0,3,0.06058247105517931
2,1,3,NaN
2,1,3,NaN
1,2,3,NaN
3,0,3,NaN
3,0,3,NaN
2,1,3,NaN
3,0,3,NaN
3,0,3,0.8853210507999522
3,0,3,NaN
3,0,3,0.24299412154726827
3,0,3,NaN
2,1,3,NaN
2,1,3,NaN
1,2,3,NaN
1,2,3,0.35163936320323114
2,1,3,NaN
3,0,3,NaN
1,2,3,NaN
1,2,3,NaN
3,0,3,NaN
2,1,3,NaN
3,0,3,0.534054961478336
3,0,3,NaN
3,0,3,NaN
3,0,3,0.4869472780660612
2,1,3,NaN
2,1,3,0.6629394266610144
3,0,3,0.14080710657571024
3,0,3,NaN
3,0,3,NaN
3,0,3,NaN
3,0,3,NaN
3,0,3,NaN
2,1,3,0.8791469822960243
1,2,3,0.05295374443847441
2,1,3,NaN
2,1,3,0.14080710657571024
1,2,3,0.14080710657571024
3,0,3,NaN
2,1,3,0.3147278493122561
3,0,3,NaN
2,1,3,NaN
2,1,3,0.3147278493122561
2,1,3,NaN
2,1,3,NaN
2,1,3,0.8949950374154003
3,0,3,NaN
1,2,3,NaN
3,0,3,0.014472633861571941
3,0,3,0.6211047067208528
2,1,3,0.5624190893075987
2,1,3,NaN
3,0,3,NaN
2,1,3,0.284957002957702
3,0,3,NaN
1,2,3,NaN
2,1,3,NaN
3,0,3,0.6211047067208528
2,1,3,0.7008553584305408
2,1,3,0.24299412154726827
2,1,3,NaN
1,2,3,NaN
1,2,3,0.5587745388773285
3,0,3,NaN
2,1,3,0.6211047067208528
3,0,3,0.09959077566266682
3,0,3,0.002144739130434723
3,0,3,NaN
3,0,3,NaN
2,1,3,0.6211047067208528
2,1,3,NaN
2,1,3,NaN
2,1,3,0.5773495910338519
3,0,3,NaN
2,1,3,NaN
2,1,3,NaN
3,0,3,NaN
3,0,3,0.6211047067208528
3,0,3,0.9749834651108517
2,1,3,0.022641636257990223
3,0,3,0.8949950374154003
2,1,3,NaN
3,0,3,NaN
2,1,3,NaN
3,0,3,NaN
3,0,3,NaN
2,1,3,NaN
3,0,3,NaN
3,0,3,0.21187913375295056
3,0,3,0.9845924478014567
2,1,3,0.35163936320323114
2,1,3,0.39365820288251563
2,1,3,NaN
1,2,3,0.8617097556108892
2,1,3,0.35163936320323114
2,1,3,NaN
3,0,3,NaN
3,0,3,NaN
2,1,3,0.7351022872357142
3,0,3,0.06988872661807305
3,0,3,NaN
2,1,3,NaN
3,0,3,0.534054961478336
2,1,3,NaN
1,2,3,0.4389759442456205
2,1,3,0.24299412154726827
2,1,3,0.3147278493122561
2,1,3,NaN
2,1,3,0.8418168267177661
2,1,3,NaN
1,2,3,NaN
1,2,3,NaN
2,1,3,NaN
2,1,3,NaN
2,1,3,NaN
2,1,3,0.7943141978951035
3,0,3,0.3147278493122561
3,0,3,NaN
1,2,3,NaN
3,0,3,NaN
3,0,3,NaN
2,1,3,NaN
3,0,3,NaN
2,1,3,0.8204795116931126
2,1,3,NaN
2,1,3,NaN
2,1,3,0.022641636257990223
1,2,3,NaN
2,1,3,0.2770589453938832
3,0,3,NaN
3,0,3,NaN
2,1,3,NaN
3,0,3,NaN
2,1,3,NaN
2,1,3,NaN
2,1,3,0.1578237434919944
3,0,3,NaN
3,0,3,NaN
1,2,3,0.8791469822960243
2,1,3,0.9988438550211445
1,2,3,0.6629394266610144
1,2,3,NaN
3,0,3,0.02611284212389445
1,2,3,0.8791469822960243
2,1,3,NaN
2,1,3,0.019582362947367808
3,0,3,0.10644627622097674
3,0,3,NaN
2,1,3,NaN
2,1,3,0.922483585895465
2,1,3,0.09331494238381467
1,2,3,0.40270066229711016
3,0,3,NaN
2,1,3,NaN
3,0,3,NaN
3,0,3,0.5773495910338519
2,1,3,NaN
3,0,3,NaN
3,0,3,NaN
3,0,3,NaN
2,1,3,0.8748598340486954
2,1,3,0.8617097556108892
3,0,3,NaN
2,1,3,0.9399757026466128
3,0,3,0.12196444410581492
1,2,3,NaN
3,0,3,0.06988872661807305
3,0,3,0.8949950374154003
2,1,3,NaN
3,0,3,NaN
2,1,3,NaN
3,0,3,NaN
3,0,3,NaN
2,1,3,NaN
3,0,3,NaN
2,1,3,0.7008553584305408
2,1,3,NaN
2,1,3,NaN
3,0,3,NaN
2,1,3,0.7872977167585564
1,2,3,NaN
3,0,3,NaN
3,0,3,NaN
2,1,3,NaN
2,1,3,NaN
1,2,3,NaN
3,0,3,0.7511589307488591
2,1,3,NaN
3,0,3,NaN
1,2,3,0.7943141978951035
1,2,3,NaN
1,2,3,NaN
3,0,3,NaN
3,0,3,NaN
2,1,3,NaN
2,1,3,NaN
1,2,3,NaN
2,1,3,0.06988872661807305
3,0,3,NaN
3,0,3,0.4869472780660612
3,0,3,0.019588300139728027
1,2,3,0.12196444410581492
3,0,3,NaN
3,0,3,0.8949950374154003
2,1,3,NaN
2,1,3,0.9534911290835386
2,1,3,0.8949950374154003
3,0,3,NaN
2,1,3,0.8617097556108892
3,0,3,NaN
3,0,3,0.7351022872357142
1,2,3,NaN
3,0,3,NaN
2,1,3,NaN
3,0,3,0.045946027748132785
3,0,3,NaN
3,0,3,0.12196444410581492
1,2,3,NaN
2,1,3,0.7943141978951035
1,2,3,0.161264881038212
2,1,3,NaN
3,0,3,NaN
1,2,3,NaN
1,2,3,NaN
3,0,3,0.8617097556108892
1,2,3,0.740432674698442
3,0,3,NaN
2,1,3,NaN
2,1,3,NaN
3,0,3,0.045946027748132785
2,1,3,4.22711101150018e-5
2,1,3,0.4389759442456205
3,0,3,0.18561760226461765
2,1,3,0.10644627622097674
3,0,3,NaN
3,0,3,NaN
3,0,3,NaN
3,0,3,NaN
1,2,3,0.8418168267177661
2,1,3,0.6629394266610144
3,0,3,NaN
3,0,3,0.7659187175498298
2,1,3,0.4830347577182527
1,2,3,0.03025847703180226
2,1,3,NaN
3,0,3,NaN
2,1,3,NaN
3,0,3,NaN
2,1,3,0.161264881038212
3,0,3,NaN
3,0,3,NaN
3,0,3,NaN
3,0,3,0.922483585895465
2,1,3,NaN
3,0,3,0.4389759442456205
1,2,3,NaN
3,0,3,NaN
1,2,3,NaN
2,1,3,NaN
2,1,3,NaN
1,2,3,NaN
3,0,3,NaN
2,1,3,NaN
3,0,3,0.9799588626550771
2,1,3,NaN
2,1,3,NaN
3,0,3,NaN
3,0,3,0.4389759442456205
2,1,3,0.161264881038212
2,1,3,0.18643931631329225
2,1,3,NaN
1,2,3,0.9886670302743008
3,0,3,0.2770589453938832
2,1,3,NaN
3,0,3,0.7943141978951035
3,0,3,NaN
3,0,3,NaN
3,0,3,NaN
3,0,3,NaN
3,0,3,NaN
2,1,3,NaN
3,0,3,NaN
3,0,3,0.0027779776500632797
3,0,3,0.18561760226461765
1,2,3,0.7943141978951035
1,2,3,NaN
1,2,3,0.8204795116931126
3,0,3,NaN
3,0,3,NaN
3,0,3,NaN
3,0,3,NaN
3,0,3,NaN
2,1,3,NaN
2,1,3,NaN
1,2,3,NaN
3,0,3,0.161264881038212
1,2,3,0.06988872661807305
1,2,3,NaN
2,1,3,NaN
3,0,3,NaN
2,1,3,0.39365820288251563
3,0,3,0.7943141978951035
2,1,3,NaN
3,0,3,NaN
1,2,3,NaN
3,0,3,NaN
2,1,3,NaN
2,1,3,0.9690207992381747
2,1,3,NaN
3,0,3,0.7351022872357142
2,1,3,NaN
3,0,3,0.35163936320323114
3,0,3,NaN
3,0,3,NaN
3,0,3,NaN
1,2,3,0.4389759442456205
1,2,3,NaN
3,0,3,NaN
2,1,3,NaN
2,1,3,NaN
2,1,3,NaN
3,0,3,NaN
3,0,3,NaN
3,0,3,NaN
3,0,3,NaN
2,1,3,0.7778624643784646
3,0,3,NaN
2,1,3,NaN
3,0,3,NaN
3,0,3,0.5773495910338519
3,0,3,NaN
3,0,3,NaN
3,0,3,NaN
2,1,3,0.9534911290835386
3,0,3,0.9534911290835386
3,0,3,0.24299412154726827
2,1,3,NaN
2,1,3,NaN
1,2,3,NaN
1,2,3,NaN
2,1,3,NaN
2,1,3,NaN
1,2,3,NaN
2,1,3,NaN
3,0,3,NaN
3,0,3,NaN
2,1,3,NaN
2,1,3,0.21187913375295056
2,1,3,0.03025847703180226
1,2,3,NaN
3,0,3,NaN
1,2,3,NaN
2,1,3,NaN
2,1,3,NaN
3,0,3,NaN
2,1,3,NaN
3,0,3,NaN
3,0,3,0.3421012301130988
2,1,3,0.4869472780660612
2,1,3,0.9097889372969507
2,1,3,0.8791469822960243
2,1,3,0.007827960273527267
1,2,3,0.5773495910338519
3,0,3,NaN
3,0,3,0.9749834651108517
2,1,3,0.7008553584305408
1,2,3,NaN
3,0,3,NaN
2,1,3,NaN
3,0,3,NaN
3,0,3,NaN
2,1,3,0.10644627622097674
2,1,3,NaN
3,0,3,NaN
2,1,3,0.6211047067208528
2,1,3,0.009886583305940173
3,0,3,0.14080710657571024
3,0,3,NaN
2,1,3,NaN
2,1,3,0.24299412154726827
3,0,3,0.5773495910338519
2,1,3,NaN
3,0,3,NaN
3,0,3,NaN
1,2,3,NaN
3,0,3,NaN
3,0,3,NaN
3,0,3,NaN
3,0,3,NaN
1,2,3,NaN
2,1,3,0.5773495910338519
3,0,3,NaN
3,0,3,0.9444012070806406
3,0,3,NaN
2,1,3,NaN
2,1,3,NaN
3,0,3,NaN
3,0,3,0.9534911290835386
1,2,3,NaN
3,0,3,NaN
1,2,3,NaN
3,0,3,NaN
3,0,3,0.002876375286040075
2,1,3,0.8418168267177661
1,2,3,0.8418168267177661
1,2,3,0.35163936320323114
2,1,3,NaN
3,0,3,NaN
3,0,3,NaN
2,1,3,0.7659187175498298
3,0,3,NaN
3,0,3,NaN
2,1,3,NaN
2,1,3,0.4869472780660612
1,2,3,NaN
3,0,3,NaN
3,0,3,0.24299412154726827
3,0,3,NaN
3,0,3,NaN
1,2,3,NaN
2,1,3,NaN
3,0,3,NaN
1,2,3,NaN
2,1,3,NaN
1,2,3,NaN
1,2,3,NaN
2,1,3,0.24685788650085178
3,0,3,NaN
3,0,3,NaN
3,0,3,NaN
3,0,3,0.14080710657571024
3,0,3,0.8949950374154003
1,2,3,NaN
3,0,3,0.4389759442456205
3,0,3,0.8765592290012908
3,0,3,NaN
2,1,3,0.10644627622097674
1,2,3,0.10644627622097674
2,1,3,NaN
2,1,3,0.03468779084967369
2,1,3,NaN
2,1,3,0.3147278493122561
1,2,3,NaN
2,1,3,NaN
2,1,3,0.7659187175498298
3,0,3,NaN
3,0,3,NaN
3,0,3,NaN
2,1,3,NaN
1,2,3,NaN
2,1,3,NaN
2,1,3,NaN
2,1,3,NaN
2,1,3,0.11406515607463821
3,0,3,0.03468779084967369
1,2,3,NaN
3,0,3,NaN
3,0,3,NaN
1,2,3,0.6629394266610144
3,0,3,NaN
1,2,3,NaN
3,0,3,NaN
3,0,3,NaN
3,0,3,NaN
2,1,3,0.06988872661807305
3,0,3,NaN
1,2,3,0.9690207992381747
3,0,3,NaN
2,1,3,0.3147278493122561
2,1,3,NaN
1,2,3,NaN
1,2,3,0.7943141978951035
1,2,3,NaN
2,1,3,NaN
1,2,3,NaN
3,0,3,0.7659187175498298
2,1,3,NaN
3,0,3,0.6629394266610144
3,0,3,NaN
2,1,3,NaN
2,1,3,NaN
2,1,3,NaN
3,0,3,NaN
1,2,3,0.18470133186455243
2,1,3,0.8204795116931126
2,1,3,0.8215298843666329
1,2,3,0.12196444410581492
1,2,3,NaN
1,2,3,NaN
3,0,3,NaN
3,0,3,0.03468779084967369
2,1,3,NaN
3,0,3,NaN
2,1,3,NaN
2,1,3,NaN
3,0,3,0.9336743037628588
3,0,3,0.161264881038212
2,1,3,NaN
1,2,3,NaN
1,2,3,0.9336743037628588
2,1,3,0.534054961478336
1,2,3,NaN
1,2,3,NaN
3,0,3,NaN
2,1,3,NaN
1,2,3,0.12196444410581492
1,2,3,NaN
3,0,3,NaN
1,2,3,0.7008553584305408
3,0,3,NaN
2,1,3,NaN
2,1,3,NaN
1,2,3,NaN
3,0,3,NaN
3,0,3,NaN
3,0,3,NaN
2,1,3,NaN
2,1,3,0.8617097556108892
3,0,3,NaN
1,2,3,NaN
2,1,3,0.24299412154726827
2,1,3,NaN
3,0,3,0.14080710657571024
1,2,3,0.001851464381362323
3,0,3,0.7659187175498298
3,0,3,NaN
1,2,3,0.7008553584305408
3,0,3,NaN
1,2,3,NaN
2,1,3,0.39365820288251563
3,0,3,NaN
2,1,3,NaN
3,0,3,0.7943141978951035
2,1,3,0.7351022872357142
2,1,3,NaN
3,0,3,NaN
1,2,3,0.4389759442456205
2,1,3,NaN
2,1,3,NaN
3,0,3,0.6563875518623467
3,0,3,0.9799588626550771
3,0,3,0.534054961478336
3,0,3,NaN
3,0,3,0.08115644780417555
2,1,3,NaN
3,0,3,NaN
2,1,3,NaN
2,1,3,NaN
3,0,3,0.3147278493122561
2,1,3,NaN
2,1,3,NaN
1,2,3,0.12196444410581492
2,1,3,0.534054961478336
3,0,3,NaN
3,0,3,NaN
2,1,3,0.9444012070806406
2,1,3,0.7008553584305408
3,0,3,0.9444012070806406
3,0,3,NaN
3,0,3,NaN
3,0,3,0.4869472780660612
3,0,3,0.6629394266610144
3,0,3,NaN
3,0,3,NaN
3,0,3,NaN
2,1,3,NaN
3,0,3,NaN
2,1,3,NaN
2,1,3,NaN
2,1,3,NaN
2,1,3,NaN
3,0,3,0.00020439522983779616
3,0,3,NaN
2,1,3,NaN
2,1,3,0.7659187175498298
2,1,3,0.39365820288251563
3,0,3,0.9097889372969507
3,0,3,NaN
1,2,3,NaN
3,0,3,NaN
3,0,3,NaN
1,2,3,NaN
1,2,3,0.24299412154726827
2,1,3,0.09331494238381467
3,0,3,0.08115644780417555
1,2,3,NaN
2,1,3,0.7659187175498298
2,1,3,0.7659187175498298
3,0,3,NaN
3,0,3,NaN
2,1,3,NaN
1,2,3,0.6629394266610144
1,2,3,NaN
3,0,3,0.9444012070806406
1,2,3,NaN
3,0,3,NaN
1,2,3,NaN
3,0,3,NaN
3,0,3,NaN
1,2,3,NaN
2,1,3,NaN
3,0,3,NaN
1,2,3,NaN
2,1,3,0.7351022872357142
2,1,3,NaN
2,1,3,0.4389759442456205
2,1,3,NaN
2,1,3,NaN
2,1,3,NaN
2,1,3,NaN
3,0,3,0.06058247105517931
3,0,3,0.8617097556108892
3,0,3,NaN
3,0,3,NaN
1,2,3,NaN
2,1,3,NaN
3,0,3,0.6211047067208528
2,1,3,NaN
3,0,3,NaN
2,1,3,NaN
3,0,3,NaN
3,0,3,0.4869472780660612
3,0,3,NaN
3,0,3,NaN
3,0,3,0.922483585895465
3,0,3,NaN
3,0,3,NaN
3,0,3,NaN
3,0,3,NaN
2,1,3,0.18561760226461765
3,0,3,NaN
3,0,3,0.6211047067208528
3,0,3,NaN
3,0,3,NaN
3,0,3,NaN
3,0,3,1.1756191768855093e-6
2,1,3,NaN
1,2,3,NaN
3,0,3,0.7351022872357142
1,2,3,0.7351022872357142
3,0,3,NaN
2,1,3,NaN
3,0,3,NaN
2,1,3,NaN
2,1,3,0.2770589453938832
3,0,3,0.005100602238806189
2,1,3,0.9097889372969507
3,0,3,NaN
1,2,3,NaN
2,1,3,NaN
3,0,3,NaN
2,1,3,0.06988872661807305
3,0,3,0.21187913375295056
2,1,3,NaN
1,2,3,NaN
1,2,3,NaN
2,1,3,0.6629394266610144
1,2,3,NaN
3,0,3,0.05295374443847441
2,1,3,NaN
2,1,3,0.8418168267177661
2,1,3,NaN
3,0,3,NaN
3,0,3,NaN
3,0,3,NaN
1,2,3,NaN
2,1,3,NaN
2,1,3,0.39365820288251563
1,2,3,NaN
2,1,3,NaN
3,0,3,0.12196444410581492
2,1,3,0.2197606068639014
1,2,3,NaN
3,0,3,0.2770589453938832
1,2,3,NaN
3,0,3,0.4389759442456205
3,0,3,NaN
3,0,3,NaN
2,1,3,0.35163936320323114
3,0,3,0.21187913375295056
2,1,3,NaN
3,0,3,NaN
3,0,3,NaN
2,1,3,0.3147278493122561
2,1,3,NaN
1,2,3,0.534054961478336
2,1,3,NaN
3,0,3,NaN
2,1,3,NaN
2,1,3,NaN
3,0,3,NaN
3,0,3,0.10644627622097674
2,1,3,0.4389759442456205
2,1,3,NaN
3,0,3,NaN
3,0,3,NaN
3,0,3,NaN
3,0,3,NaN
3,0,3,NaN
3,0,3,0.2770589453938832
3,0,3,0.9690207992381747
2,1,3,NaN
3,0,3,NaN
2,1,3,0.24299412154726827
2,1,3,0.9399757026466128
3,0,3,NaN
2,1,3,0.991808263676121
3,0,3,NaN
3,0,3,NaN
3,0,3,NaN
3,0,3,NaN
3,0,3,0.24299412154726827
3,0,3,NaN
2,1,3,NaN
2,1,3,NaN
1,2,3,0.09331494238381467
3,0,3,NaN
2,1,3,NaN
3,0,3,0.004023465110502976
2,1,3,NaN
3,0,3,NaN
1,2,3,NaN
3,0,3,NaN
3,0,3,NaN
2,1,3,NaN
2,1,3,0.11156509987085238
3,0,3,NaN
3,0,3,NaN
3,0,3,NaN
3,0,3,0.002144739130434723
2,1,3,NaN
2,1,3,0.4869472780660612
1,2,3,NaN
1,2,3,NaN
2,1,3,NaN
3,0,3,0.8949950374154003
2,1,3,NaN
3,0,3,0.3147278493122561
1,2,3,NaN
3,0,3,0.012801873811285914
1,2,3,0.4389759442456205
2,1,3,NaN
3,0,3,0.8617097556108892
3,0,3,0.6629394266610144
2,1,3,0.8204795116931126
1,2,3,NaN
3,0,3,NaN
1,2,3,NaN
1,2,3,0.05295374443847441
1,2,3,0.6046438527602658
2,1,3,NaN
3,0,3,0.3147278493122561
3,0,3,NaN
2,1,3,NaN
3,0,3,NaN
3,0,3,NaN
1,2,3,NaN
1,2,3,NaN
3,0,3,NaN
2,1,3,NaN
3,0,3,0.6629394266610144
3,0,3,NaN
2,1,3,0.0453218543565991
2,1,3,0.8418168267177661
2,1,3,NaN
2,1,3,0.7943141978951035
3,0,3,NaN
1,2,3,NaN
2,1,3,0.8418168267177661
3,0,3,0.8204795116931126
2,1,3,0.12196444410581492
2,1,3,0.21187913375295056
3,0,3,0.39365820288251563
3,0,3,NaN
3,0,3,NaN
1,2,3,NaN
1,2,3,0.2770589453938832
2,1,3,NaN
1,2,3,NaN
2,1,3,NaN
1,2,3,NaN
3,0,3,0.06058247105517931
3,0,3,NaN
1,2,3,NaN
2,1,3,0.6211047067208528
3,0,3,0.8617097556108892
3,0,3,NaN
1,2,3,NaN
1,2,3,0.25420275489446115
2,1,3,NaN
3,0,3,NaN
3,0,3,NaN
1,2,3,0.8418168267177661
2,1,3,NaN
3,0,3,NaN
1,2,3,NaN
3,0,3,NaN
3,0,3,NaN
1,2,3,0.7943141978951035
2,1,3,NaN
2,1,3,0.10644627622097674
1,2,3,0.7659187175498298
3,0,3,NaN
2,1,3,NaN
2,1,3,NaN
3,0,3,NaN
2,1,3,NaN
3,0,3,0.011625908468073121
2,1,3,NaN
3,0,3,NaN
1,2,3,NaN
3,0,3,NaN
1,2,3,NaN
2,1,3,NaN
3,0,3,0.8204795116931126
2,1,3,0.06988872661807305
1,2,3,0.4584457217856004
2,1,3,NaN
3,0,3,NaN
2,1,3,0.7659187175498298
2,1,3,0.0008446336893587136
1,2,3,NaN
1,2,3,NaN
1,2,3,NaN
3,0,3,NaN
3,0,3,NaN
2,1,3,NaN
1,2,3,NaN
1,2,3,0.21187913375295056
2,1,3,NaN
3,0,3,0.06058247105517931
3,0,3,NaN
2,1,3,NaN
3,0,3,0.5773495910338519
2,1,3,NaN
2,1,3,0.7351022872357142
2,1,3,NaN
2,1,3,0.21187913375295056
3,0,3,NaN
1,2,3,NaN
3,0,3,0.9218434801906469
2,1,3,NaN
1,2,3,NaN
2,1,3,NaN
1,2,3,0.8418168267177661
2,1,3,0.35163936320323114
1,2,3,NaN
2,1,3,NaN
2,1,3,NaN
3,0,3,NaN
2,1,3,NaN
3,0,3,NaN
1,2,3,0.7943141978951035
3,0,3,0.022641636257990223
3,0,3,NaN
3,0,3,NaN
3,0,3,NaN
2,1,3,NaN
3,0,3,NaN
2,1,3,0.9749834651108517
2,1,3,NaN
3,0,3,NaN
3,0,3,NaN
2,1,3,NaN
2,1,3,NaN
2,1,3,NaN
3,0,3,NaN
3,0,3,NaN
2,1,3,NaN
3,0,3,0.39365820288251563
3,0,3,NaN
3,0,3,NaN
1,2,3,NaN
2,1,3,NaN
1,2,3,NaN
1,2,3,0.4389759442456205
1,2,3,NaN
3,0,3,NaN
1,2,3,NaN
3,0,3,NaN
2,1,3,0.8791469822960243
3,0,3,0.8418168267177661
2,1,3,NaN
2,1,3,0.25990850867455345
3,0,3,NaN
3,0,3,NaN
3,0,3,0.7351022872357142
2,1,3,NaN
2,1,3,NaN
2,1,3,NaN
1,2,3,0.35163936320323114
3,0,3,NaN
2,1,3,NaN
2,1,3,0.534054961478336
2,1,3,0.9097889372969507
2,1,3,0.7943141978951035
3,0,3,NaN
3,0,3,0.7351022872357142
2,1,3,0.35163936320323114
2,1,3,0.922483585895465
3,0,3,0.21187913375295056
3,0,3,0.7351022872357142
1,2,3,NaN
3,0,3,NaN
3,0,3,NaN
3,0,3,0.6629394266610144
1,2,3,NaN
3,0,3,NaN
1,2,3,0.24299412154726827
3,0,3,NaN
2,1,3,NaN
1,2,3,0.6629394266610144
1,2,3,NaN
1,2,3,NaN
2,1,3,0.7008553584305408
3,0,3,NaN
3,0,3,NaN
3,0,3,NaN
3,0,3,NaN
1,2,3,0.8791469822960243
3,0,3,NaN
3,0,3,0.5624190893075987
2,1,3,NaN
2,1,3,NaN
1,2,3,NaN
3,0,3,0.9158150508975211
2,1,3,NaN
3,0,3,0.8791469822960243
3,0,3,NaN
3,0,3,NaN
1,2,3,NaN
3,0,3,NaN
3,0,3,0.3147278493122561
3,0,3,NaN
1,2,3,NaN
2,1,3,0.03468779084967369
3,0,3,NaN
1,2,3,0.10644627622097674
2,1,3,NaN
3,0,3,NaN
2,1,3,NaN
2,1,3,NaN
2,1,3,NaN
1,2,3,NaN
2,1,3,NaN
3,0,3,NaN
2,1,3,NaN
1,2,3,NaN
3,0,3,0.8791469822960243
1,2,3,NaN
3,0,3,0.8617097556108892
3,0,3,NaN
3,0,3,0.6211047067208528
3,0,3,NaN
2,1,3,0.161264881038212
1,2,3,NaN
3,0,3,NaN
2,1,3,NaN
2,1,3,0.6211047067208528
2,1,3,NaN
1,2,3,NaN
2,1,3,NaN
2,1,3,NaN
3,0,3,NaN
3,0,3,NaN
2,1,3,NaN
3,0,3,NaN
2,1,3,0.8617097556108892
3,0,3,0.2770589453938832
2,1,3,0.4389759442456205
1,2,3,0.8452759028441256
3,0,3,0.8204795116931126
2,1,3,0.8791469822960243
3,0,3,0.05295374443847441
3,0,3,NaN
2,1,3,NaN
1,2,3,NaN
1,2,3,NaN
2,1,3,NaN
3,0,3,NaN
3,0,3,NaN
3,0,3,NaN
2,1,3,0.09331494238381467
3,0,3,NaN
1,2,3,0.5773495910338519
3,0,3,0.6211047067208528
3,0,3,NaN
3,0,3,NaN
2,1,3,NaN
1,2,3,NaN
3,0,3,0.6211047067208528
2,1,3,NaN
2,1,3,NaN
2,1,3,NaN
3,0,3,0.7659187175498298
2,1,3,0.14080710657571024
1,2,3,NaN
2,1,3,NaN
3,0,3,0.161264881038212
1,2,3,0.4869472780660612
2,1,3,NaN
1,2,3,NaN
2,1,3,NaN
3,0,3,NaN
2,1,3,NaN
2,1,3,0.1263440049225468
2,1,3,NaN
3,0,3,0.35163936320323114
3,0,3,0.06058247105517931
1,2,3,0.9845924478014567
2,1,3,0.534054961478336
2,1,3,NaN
3,0,3,NaN
2,1,3,0.2770589453938832
2,1,3,0.21187913375295056
2,1,3,NaN
3,0,3,0.05295374443847441
2,1,3,0.06058247105517931
2,1,3,NaN
3,0,3,NaN
3,0,3,0.7659187175498298
1,2,3,NaN
1,2,3,0.05295374443847441
3,0,3,NaN
3,0,3,NaN
3,0,3,NaN
1,2,3,NaN
2,1,3,NaN
3,0,3,NaN
3,0,3,NaN
3,0,3,0.6629394266610144
1,2,3,NaN
2,1,3,NaN
1,2,3,NaN
3,0,3,NaN
3,0,3,NaN
1,2,3,NaN
2,1,3,0.9941692455764074
1,2,3,NaN
2,1,3,NaN
2,1,3,NaN
3,0,3,NaN
2,1,3,0.07206820140401721
2,1,3,0.4584957332891234
2,1,3,NaN
2,1,3,0.8204795116931126
3,0,3,NaN
2,1,3,NaN
3,0,3,NaN
1,2,3,NaN
2,1,3,NaN
3,0,3,NaN
3,0,3,NaN
2,1,3,NaN
1,2,3,0.013584695640948361
1,2,3,0.02611284212389445
3,0,3,NaN
3,0,3,NaN
1,2,3,NaN
2,1,3,NaN
3,0,3,NaN
1,2,3,NaN
3,0,3,NaN
1,2,3,0.02611284212389445
1,2,3,0.9444012070806406
3,0,3,NaN
2,1,3,NaN
2,1,3,NaN
3,0,3,0.21187913375295056
2,1,3,NaN
2,1,3,0.8949950374154003
2,1,3,NaN
3,0,3,NaN
3,0,3,NaN
3,0,3,NaN
2,1,3,NaN
2,1,3,NaN
2,1,3,NaN
3,0,3,NaN
3,0,3,NaN
1,2,3,0.11064628629797046
2,1,3,NaN
3,0,3,NaN
3,0,3,NaN
2,1,3,NaN
3,0,3,0.8617097556108892
1,2,3,0.24685788650085178
2,1,3,NaN
2,1,3,NaN
3,0,3,0.8617097556108892
3,0,3,NaN
3,0,3,NaN
1,2,3,NaN
2,1,3,NaN
2,1,3,0.7659187175498298
3,0,3,NaN
1,2,3,NaN
3,0,3,NaN
1,2,3,NaN
2,1,3,NaN
2,1,3,0.8791469822960243
1,2,3,NaN
3,0,3,NaN
2,1,3,NaN
2,1,3,0.534054961478336
3,0,3,NaN
3,0,3,0.7008553584305408
3,0,3,NaN
1,2,3,0.39365820288251563
2,1,3,NaN
2,1,3,NaN
3,0,3,0.0006736267488138987
3,0,3,NaN
1,2,3,NaN
1,2,3,0.7943141978951035
3,0,3,NaN
2,1,3,0.10644627622097674
1,2,3,NaN
1,2,3,0.7008553584305408
2,1,3,0.10644627622097674
1,2,3,NaN
3,0,3,NaN
3,0,3,0.7943141978951035
3,0,3,0.24299412154726827
3,0,3,NaN
2,1,3,0.4389759442456205
3,0,3,NaN
2,1,3,NaN
3,0,3,0.009708197960407164
2,1,3,NaN
3,0,3,0.24299412154726827
2,1,3,0.7008553584305408
2,1,3,NaN
2,1,3,0.4584957332891234
3,0,3,NaN
1,2,3,NaN
3,0,3,0.022429838902144214
3,0,3,0.18561760226461765
2,1,3,0.6211047067208528
2,1,3,0.24299412154726827
3,0,3,NaN
3,0,3,NaN
1,2,3,NaN
1,2,3,0.7008553584305408
3,0,3,NaN
2,1,3,0.03468779084967369
3,0,3,0.8791469822960243
1,2,3,NaN
1,2,3,0.9336743037628588
3,0,3,NaN
3,0,3,NaN
3,0,3,NaN
2,1,3,NaN
2,1,3,NaN
2,1,3,0.8791469822960243
3,0,3,0.7659187175498298
1,2,3,NaN
3,0,3,NaN
3,0,3,NaN
2,1,3,NaN
3,0,3,NaN
2,1,3,0.6211047067208528
3,0,3,NaN
3,0,3,NaN
2,1,3,NaN
3,0,3,0.6629394266610144
3,0,3,NaN
2,1,3,0.7943141978951035
1,2,3,NaN
3,0,3,0.24299412154726827
3,0,3,NaN
3,0,3,NaN
3,0,3,0.2770589453938832
1,2,3,0.4389759442456205
1,2,3,NaN
2,1,3,NaN
3,0,3,NaN
3,0,3,0.6632803969461277
1,2,3,NaN
2,1,3,NaN
3,0,3,NaN
2,1,3,0.6211047067208528
3,0,3,NaN
2,1,3,0.0005358867667097031
2,1,3,NaN
3,0,3,0.6629394266610144
2,1,3,NaN
2,1,3,NaN
3,0,3,0.960283223464072
2,1,3,0.9534911290835386
3,0,3,0.6419307927155035
1,2,3,0.5773495910338519
3,0,3,NaN
3,0,3,NaN
1,2,3,NaN
2,1,3,NaN
3,0,3,0.4389759442456205
2,1,3,0.6211047067208528
2,1,3,NaN
2,1,3,NaN
3,0,3,NaN
3,0,3,NaN
1,2,3,0.8204795116931126
3,0,3,NaN
1,2,3,NaN
3,0,3,NaN
1,2,3,0.8204795116931126
3,0,3,NaN
3,0,3,NaN
1,2,3,0.534054961478336
3,0,3,NaN
2,1,3,NaN
2,1,3,NaN
2,1,3,0.06058247105517931
1,2,3,NaN
3,0,3,NaN
3,0,3,NaN
2,1,3,0.21187913375295056
2,1,3,NaN
1,2,3,NaN
3,0,3,NaN
2,1,3,NaN
2,1,3,NaN
2,1,3,0.9534911290835386
3,0,3,NaN
2,1,3,0.7008553584305408
3,0,3,NaN
1,2,3,0.7943141978951035
2,1,3,NaN
2,1,3,NaN
1,2,3,0.21187913375295056
2,1,3,NaN
2,1,3,0.6629394266610144
3,0,3,NaN
3,0,3,NaN
3,0,3,NaN
3,0,3,0.7659187175498298
3,0,3,NaN
1,2,3,NaN
1,2,3,NaN
2,1,3,NaN
2,1,3,NaN
3,0,3,NaN
3,0,3,0.7943141978951035
3,0,3,NaN
1,2,3,0.7008553584305408
3,0,3,0.39365820288251563
1,2,3,0.06988872661807305
2,1,3,NaN
2,1,3,NaN
3,0,3,NaN
2,1,3,NaN
3,0,3,0.7943141978951035
1,2,3,NaN
3,0,3,NaN
2,1,3,NaN
3,0,3,NaN
2,1,3,NaN
2,1,3,0.7943141978951035
1,2,3,NaN
2,1,3,NaN
2,1,3,NaN
2,1,3,NaN
1,2,3,0.14080710657571024
3,0,3,NaN
3,0,3,NaN
3,0,3,NaN
2,1,3,NaN
1,2,3,NaN
3,0,3,NaN
3,0,3,NaN
3,0,3,NaN
3,0,3,NaN
2,1,3,0.8949950374154003
3,0,3,NaN
1,2,3,NaN
1,2,3,NaN
1,2,3,NaN
3,0,3,NaN
3,0,3,NaN
3,0,3,NaN
3,0,3,0.8949950374154003
2,1,3,NaN
2,1,3,NaN
3,0,3,0.21187913375295056
2,1,3,NaN
2,1,3,NaN
1,2,3,NaN
3,0,3,NaN
2,1,3,0.36017632999797705
3,0,3,NaN
3,0,3,0.35163936320323114
3,0,3,NaN
1,2,3,0.14080710657571024
3,0,3,0.4869472780660612
3,0,3,0.9444012070806406
3,0,3,0.4869472780660612
3,0,3,NaN
2,1,3,NaN
2,1,3,NaN
2,1,3,NaN
3,0,3,0.6211047067208528
2,1,3,NaN
1,2,3,NaN
3,0,3,0.8166047472199134
2,1,3,NaN
2,1,3,NaN
1,2,3,0.10644627622097674
2,1,3,0.5773495910338519
2,1,3,NaN
1,2,3,0.4869472780660612
3,0,3,NaN
2,1,3,0.9097889372969507
3,0,3,NaN
3,0,3,NaN
2,1,3,0.6211047067208528
2,1,3,NaN
1,2,3,NaN
3,0,3,0.5773495910338519
2,1,3,NaN
1,2,3,NaN
3,0,3,0.962032138983051
3,0,3,NaN
3,0,3,NaN
3,0,3,0.9336743037628588
2,1,3,NaN
3,0,3,NaN
2,1,3,0.9097889372969507
3,0,3,0.7659187175498298
2,1,3,NaN
3,0,3,NaN
3,0,3,NaN
3,0,3,NaN
3,0,3,NaN
1,2,3,NaN
1,2,3,NaN
1,2,3,0.24299412154726827
3,0,3,NaN
1,2,3,NaN
3,0,3,NaN
3,0,3,NaN
3,0,3,0.7351022872357142
2,1,3,NaN
3,0,3,0.0971165600873288
3,0,3,NaN
1,2,3,NaN
2,1,3,NaN
1,2,3,NaN
2,1,3,0.534054961478336
1,2,3,0.9097889372969507
3,0,3,NaN
3,0,3,0.045946027748132785
3,0,3,NaN
2,1,3,0.7659187175498298
3,0,3,NaN
2,1,3,NaN
3,0,3,NaN
3,0,3,NaN
2,1,3,0.35163936320323114
1,2,3,0.7008553584305408
3,0,3,0.5773495910338519
3,0,3,0.0010817339922674293
2,1,3,0.10644627622097674
3,0,3,NaN
2,1,3,NaN
2,1,3,0.14080710657571024
3,0,3,NaN
3,0,3,NaN
2,1,3,NaN
3,0,3,NaN
2,1,3,0.8949950374154003
2,1,3,NaN
3,0,3,NaN
3,0,3,NaN
3,0,3,NaN
1,2,3,NaN
2,1,3,NaN
3,0,3,0.9444012070806406
3,0,3,NaN
2,1,3,0.8791469822960243
1,2,3,NaN
2,1,3,NaN
3,0,3,NaN
2,1,3,NaN
2,1,3,NaN
2,1,3,0.12196444410581492
2,1,3,NaN
3,0,3,NaN
3,0,3,NaN
2,1,3,NaN
3,0,3,0.4389759442456205
3,0,3,NaN
1,2,3,NaN
3,0,3,NaN
3,0,3,NaN
3,0,3,NaN
3,0,3,0.3147278493122561
3,0,3,0.39365820288251563
3,0,3,NaN
3,0,3,0.9336743037628588
2,1,3,0.922483585895465
3,0,3,NaN
1,2,3,NaN
2,1,3,0.3147278493122561
1,2,3,NaN
2,1,3,NaN
2,1,3,0.4389759442456205
2,1,3,NaN
2,1,3,0.9336743037628588
1,2,3,NaN
3,0,3,NaN
2,1,3,NaN
1,2,3,0.7008553584305408
2,1,3,0.08332253996118219
2,1,3,0.39365820288251563
3,0,3,NaN
1,2,3,0.5773495910338519
1,2,3,NaN
2,1,3,0.7351022872357142
3,0,3,NaN
1,2,3,NaN
2,1,3,NaN
2,1,3,NaN
3,0,3,NaN
2,1,3,0.39365820288251563
1,2,3,NaN
3,0,3,0.9336743037628588
1,2,3,0.18561760226461765
2,1,3,NaN
3,0,3,NaN
1,2,3,NaN
3,0,3,7.370890321599931e-9
3,0,3,0.2770589453938832
1,2,3,NaN
3,0,3,NaN
3,0,3,NaN
1,2,3,NaN
3,0,3,NaN
3,0,3,NaN
1,2,3,0.534054961478336
2,1,3,NaN
3,0,3,NaN
1,2,3,NaN
2,1,3,NaN
2,1,3,0.4389759442456205
3,0,3,NaN
2,1,3,0.3147278493122561
3,0,3,NaN
3,0,3,NaN
3,0,3,0.6629394266610144
3,0,3,NaN
1,2,3,NaN
2,1,3,0.012894068341670527
1,2,3,NaN
3,0,3,NaN
2,1,3,NaN
3,0,3,NaN
3,0,3,NaN
3,0,3,NaN
3,0,3,NaN
1,2,3,NaN
2,1,3,NaN
2,1,3,0.6211047067208528
2,1,3,NaN
3,0,3,NaN
3,0,3,NaN
3,0,3,0.8617097556108892
3,0,3,NaN
1,2,3,NaN
3,0,3,NaN
3,0,3,NaN
1,2,3,0.9097889372969507
2,1,3,NaN
3,0,3,NaN
2,1,3,NaN
2,1,3,NaN
3,0,3,0.9698913235392193
1,2,3,0.8949950374154003
2,1,3,0.35163936320323114
3,0,3,NaN
1,2,3,NaN
3,0,3,NaN
3,0,3,NaN
3,0,3,NaN
3,0,3,NaN
1,2,3,0.4389759442456205
3,0,3,NaN
3,0,3,NaN
3,0,3,0.21187913375295056
2,1,3,0.14080710657571024
3,0,3,0.5773495910338519
3,0,3,NaN
1,2,3,0.18561760226461765
3,0,3,NaN
3,0,3,NaN
2,1,3,NaN
2,1,3,NaN
1,2,3,NaN
3,0,3,0.161264881038212
1,2,3,0.7659187175498298
1,2,3,0.4389759442456205
1,2,3,NaN
3,0,3,0.7351022872357142
3,0,3,0.0007970678503495607
1,2,3,0.09331494238381467
2,1,3,0.8949950374154003
3,0,3,0.161264881038212
3,0,3,0.4363123380656674
2,1,3,0.39365820288251563
1,2,3,NaN
3,0,3,0.17792994407872376
3,0,3,NaN
3,0,3,NaN
3,0,3,NaN
2,1,3,NaN
2,1,3,0.24299412154726827
3,0,3,0.35163936320323114
1,2,3,NaN
1,2,3,0.10644627622097674
3,0,3,0.962032138983051
2,1,3,NaN
3,0,3,NaN
1,2,3,NaN
2,1,3,0.03468779084967369
2,1,3,NaN
2,1,3,0.7943141978951035
1,2,3,NaN
1,2,3,NaN
1,2,3,NaN
3,0,3,0.35163936320323114
3,0,3,NaN
3,0,3,NaN
2,1,3,NaN
2,1,3,NaN
1,2,3,NaN
2,1,3,0.7659187175498298
1,2,3,NaN
3,0,3,NaN
2,1,3,NaN
2,1,3,NaN
1,2,3,NaN
1,2,3,NaN
1,2,3,0.5773495910338519
1,2,3,NaN
1,2,3,NaN
1,2,3,NaN
2,1,3,NaN
3,0,3,NaN
3,0,3,0.6629394266610144
1,2,3,NaN
3,0,3,0.24299412154726827
1,2,3,0.6211047067208528
2,1,3,0.9941692455764074
2,1,3,NaN
2,1,3,NaN
3,0,3,NaN
2,1,3,NaN
3,0,3,NaN
3,0,3,NaN
1,2,3,NaN
3,0,3,NaN
1,2,3,NaN
2,1,3,0.6211047067208528
2,1,3,NaN
2,1,3,NaN
1,2,3,NaN
3,0,3,NaN
3,0,3,NaN
3,0,3,0.922483585895465
3,0,3,NaN
1,2,3,NaN
1,2,3,NaN
2,1,3,NaN
2,1,3,NaN
3,0,3,NaN
1,2,3,NaN
2,1,3,NaN
3,0,3,NaN
3,0,3,NaN
3,0,3,0.7659187175498298
1,2,3,NaN
3,0,3,NaN
1,2,3,NaN
3,0,3,NaN
3,0,3,NaN
3,0,3,NaN
2,1,3,0.881143991419024
3,0,3,0.39365820288251563
2,1,3,0.39365820288251563
2,1,3,NaN
3,0,3,NaN
2,1,3,0.10644627622097674
3,0,3,NaN
2,1,3,NaN
1,2,3,NaN
3,0,3,NaN
3,0,3,NaN
2,1,3,NaN
2,1,3,NaN
2,1,3,0.7659187175498298
2,1,3,NaN
2,1,3,NaN
2,1,3,0.03973270879120916
3,0,3,NaN
3,0,3,0.7008553584305408
3,0,3,NaN
2,1,3,0.9749834651108517
3,0,3,NaN
2,1,3,0.7008553584305408
3,0,3,0.7351022872357142
3,0,3,NaN
3,0,3,NaN
2,1,3,0.4389759442456205
1,2,3,0.4389759442456205
2,1,3,NaN
1,2,3,0.7943141978951035
1,2,3,NaN
2,1,3,0.2770589453938832
1,2,3,0.007827960273527267
3,0,3,0.09331494238381467
1,2,3,NaN
2,1,3,0.8949950374154003
2,1,3,NaN
3,0,3,NaN
3,0,3,NaN
2,1,3,NaN
3,0,3,NaN
3,0,3,NaN
2,1,3,0.4584457217856004
3,0,3,0.8580628232871113
1,2,3,NaN
2,1,3,NaN
3,0,3,NaN
2,1,3,NaN
3,0,3,NaN
2,1,3,0.6629394266610144
3,0,3,NaN
2,1,3,0.534054961478336
2,1,3,NaN
3,0,3,NaN
3,0,3,NaN
3,0,3,NaN
2,1,3,NaN
2,1,3,0.8418168267177661
3,0,3,NaN
3,0,3,NaN
2,1,3,0.04408413162155264
3,0,3,NaN
2,1,3,0.7659187175498298
3,0,3,0.5209260532045532
3,0,3,NaN
2,1,3,0.2770589453938832
3,0,3,NaN
3,0,3,NaN
3,0,3,NaN
2,1,3,0.2770589453938832
1,2,3,NaN
3,0,3,0.161264881038212
2,1,3,NaN
3,0,3,NaN
3,0,3,0.6629394266610144
1,2,3,NaN
1,2,3,0.24299412154726827
2,1,3,NaN
3,0,3,0.2228747875940001
1,2,3,NaN
3,0,3,NaN
2,1,3,0.10644627622097674
2,1,3,0.9444012070806406
1,2,3,0.022641636257990223
1,2,3,0.161264881038212
3,0,3,NaN
3,0,3,0.9746345569338907
3,0,3,0.35163936320323114
3,0,3,0.10644627622097674
1,2,3,0.05295374443847441
3,0,3,NaN
3,0,3,0.03845612483019331
2,1,3,NaN
1,2,3,NaN
2,1,3,NaN
1,2,3,NaN
1,2,3,NaN
3,0,3,0.8418168267177661
3,0,3,NaN
2,1,3,0.09331494238381467
2,1,3,0.09331494238381467
2,1,3,NaN
3,0,3,0.35163936320323114
2,1,3,0.10644627622097674
2,1,3,NaN
3,0,3,NaN
3,0,3,NaN
2,1,3,0.14080710657571024
2,1,3,0.10644627622097674
2,1,3,0.045946027748132785
1,2,3,NaN
3,0,3,NaN
3,0,3,NaN
2,1,3,0.534054961478336
1,2,3,NaN
3,0,3,0.8869491384758869
2,1,3,0.7008553584305408
3,0,3,NaN
2,1,3,NaN
3,0,3,NaN
3,0,3,NaN
2,1,3,NaN
1,2,3,0.3147278493122561
3,0,3,0.7351022872357142
3,0,3,0.5773495910338519
3,0,3,NaN
1,2,3,0.12196444410581492
1,2,3,0.6211047067208528
3,0,3,0.21187913375295056
2,1,3,0.35163936320323114
1,2,3,NaN
1,2,3,NaN
3,0,3,0.6441026418157726
1,2,3,NaN
2,1,3,NaN
2,1,3,0.962032138983051
3,0,3,NaN
2,1,3,NaN
2,1,3,NaN
2,1,3,0.39365820288251563
1,2,3,0.8617097556108892
2,1,3,NaN
3,0,3,NaN
3,0,3,NaN
2,1,3,NaN
1,2,3,NaN
3,0,3,0.019582362947367808
1,2,3,NaN
1,2,3,NaN
3,0,3,NaN
3,0,3,NaN
3,0,3,NaN
1,2,3,0.24299412154726827
3,0,3,0.12196444410581492
3,0,3,NaN
1,2,3,NaN
1,2,3,NaN
2,1,3,0.4869472780660612
2,1,3,NaN
3,0,3,NaN
3,0,3,NaN
2,1,3,NaN
3,0,3,NaN
3,0,3,NaN
3,0,3,0.6001005539957204
3,0,3,NaN
3,0,3,0.8791469822960243
3,0,3,0.8949950374154003
2,1,3,0.03468779084967369
3,0,3,0.8204795116931126
3,0,3,NaN
2,1,3,NaN
3,0,3,NaN
1,2,3,NaN
2,1,3,NaN
2,1,3,0.534054961478336
1,2,3,NaN
3,0,3,0.9336743037628588
3,0,3,NaN
3,0,3,0.534054961478336
2,1,3,0.39365820288251563
3,0,3,0.21187913375295056
2,1,3,NaN
2,1,3,0.7659187175498298
2,1,3,NaN
2,1,3,NaN
1,2,3,0.161264881038212
1,2,3,0.9845924478014567
3,0,3,NaN
2,1,3,0.962032138983051
3,0,3,0.08115644780417555
1,2,3,NaN
3,0,3,NaN
3,0,3,NaN
2,1,3,NaN
3,0,3,NaN
3,0,3,NaN
3,0,3,0.5773495910338519
3,0,3,NaN
2,1,3,NaN
3,0,3,0.24299412154726827
1,2,3,NaN
3,0,3,NaN
1,2,3,NaN
3,0,3,NaN
2,1,3,NaN
2,1,3,NaN
1,2,3,NaN
2,1,3,NaN
1,2,3,NaN
2,1,3,NaN
3,0,3,NaN
2,1,3,0.45592239203280516
1,2,3,NaN
2,1,3,NaN
1,2,3,NaN
1,2,3,NaN
1,2,3,NaN
1,2,3,NaN
1,2,3,0.9690207992381747
2,1,3,0.7943141978951035
3,0,3,NaN
2,1,3,NaN
2,1,3,NaN
3,0,3,NaN
1,2,3,NaN
3,0,3,NaN
2,1,3,0.7351022872357142
2,1,3,0.21187913375295056
2,1,3,0.8204795116931126
1,2,3,0.12596639526941872
3,0,3,0.09331494238381467
2,1,3,NaN
1,2,3,0.962032138983051
1,2,3,0.6211047067208528
1,2,3,NaN
3,0,3,NaN
2,1,3,0.7659187175498298
2,1,3,NaN
2,1,3,0.2513489220337205
3,0,3,NaN
1,2,3,NaN
1,2,3,NaN
2,1,3,NaN
3,0,3,NaN
2,1,3,NaN
2,1,3,NaN
3,0,3,NaN
3,0,3,0.6211047067208528
3,0,3,NaN
3,0,3,NaN
2,1,3,0.18561760226461765
2,1,3,NaN
3,0,3,NaN
3,0,3,NaN
1,2,3,0.9161513545350418
3,0,3,0.4869472780660612
1,2,3,0.0005358867667097031
2,1,3,0.9336743037628588
1,2,3,0.12196444410581492
1,2,3,0.8949950374154003
2,1,3,0.8791469822960243
1,2,3,NaN
2,1,3,NaN
1,2,3,NaN
2,1,3,NaN
1,2,3,NaN
2,1,3,NaN
3,0,3,NaN
3,0,3,0.06988872661807305
3,0,3,NaN
3,0,3,0.9690207992381747
2,1,3,0.7659187175498298
3,0,3,NaN
1,2,3,NaN
1,2,3,NaN
1,2,3,NaN
3,0,3,NaN
3,0,3,NaN
2,1,3,NaN
1,2,3,NaN
2,1,3,NaN
3,0,3,NaN
3,0,3,NaN
3,0,3,0.7943141978951035
2,1,3,0.8617097556108892
1,2,3,0.6211047067208528
1,2,3,NaN
2,1,3,NaN
3,0,3,NaN
1,2,3,NaN
1,2,3,NaN
1,2,3,NaN
3,0,3,NaN
2,1,3,NaN
1,2,3,NaN
1,2,3,0.03025847703180226
3,0,3,NaN
1,2,3,NaN
1,2,3,NaN
3,0,3,NaN
2,1,3,NaN
3,0,3,NaN
1,2,3,0.534054961478336
2,1,3,NaN
2,1,3,0.534054961478336
1,2,3,NaN
2,1,3,0.2770589453938832
2,1,3,0.14080710657571024
1,2,3,NaN
3,0,3,NaN
1,2,3,0.8418168267177661
2,1,3,0.4389759442456205
3,0,3,0.161264881038212
1,2,3,NaN
3,0,3,0.4869472780660612
3,0,3,NaN
2,1,3,NaN
2,1,3,NaN
3,0,3,0.39365820288251563
3,0,3,NaN
1,2,3,NaN
2,1,3,0.534054961478336
2,1,3,0.7029794519095245
3,0,3,0.14080710657571024
1,2,3,NaN
1,2,3,NaN
2,1,3,NaN
3,0,3,NaN
2,1,3,0.922483585895465
3,0,3,NaN
2,1,3,NaN
1,2,3,0.18561760226461765
3,0,3,NaN
3,0,3,NaN
2,1,3,NaN
3,0,3,0.8337856594239501
1,2,3,NaN
3,0,3,NaN
1,2,3,NaN
3,0,3,NaN
3,0,3,0.03973270879120916
1,2,3,NaN
2,1,3,0.2770589453938832
1,2,3,NaN
3,0,3,NaN
2,1,3,0.9444012070806406
3,0,3,NaN
1,2,3,NaN
1,2,3,0.045946027748132785
2,1,3,0.8418168267177661
2,1,3,0.21187913375295056
2,1,3,NaN
2,1,3,NaN
3,0,3,NaN
2,1,3,NaN
2,1,3,0.9778011595050622
2,1,3,NaN
3,0,3,0.8617097556108892
2,1,3,NaN
1,2,3,0.3147278493122561
3,0,3,NaN
3,0,3,NaN
2,1,3,0.4389759442456205
3,0,3,NaN
1,2,3,0.8617097556108892
1,2,3,NaN
1,2,3,NaN
1,2,3,NaN
2,1,3,0.39365820288251563
1,2,3,NaN
3,0,3,0.03973270879120916
3,0,3,NaN
1,2,3,NaN
2,1,3,NaN
1,2,3,NaN
3,0,3,0.8949950374154003
3,0,3,NaN
2,1,3,0.6629394266610144
1,2,3,0.3147278493122561
3,0,3,NaN
2,1,3,0.9694140897548729
2,1,3,0.534054961478336
2,1,3,NaN
2,1,3,NaN
3,0,3,NaN
3,0,3,NaN
3,0,3,NaN
3,0,3,NaN
3,0,3,NaN
2,1,3,0.8418168267177661
1,2,3,0.9097889372969507
3,0,3,NaN
3,0,3,NaN
3,0,3,NaN
1,2,3,NaN
3,0,3,NaN
1,2,3,NaN
1,2,3,NaN
3,0,3,NaN
3,0,3,0.4389759442456205
1,2,3,NaN
2,1,3,0.09816248290955543
3,0,3,0.35163936320323114
2,1,3,0.9444012070806406
2,1,3,NaN
3,0,3,0.6211047067208528
2,1,3,NaN
2,1,3,NaN
2,1,3,0.8182710151016758
3,0,3,NaN
1,2,3,NaN
2,1,3,NaN
1,2,3,NaN
1,2,3,NaN
1,2,3,NaN
1,2,3,NaN
2,1,3,NaN
1,2,3,NaN
1,2,3,0.05014307186825348
3,0,3,NaN
1,2,3,0.991808263676121
3,0,3,NaN
2,1,3,NaN
3,0,3,NaN
2,1,3,0.4389759442456205
3,0,3,NaN
3,0,3,NaN
1,2,3,0.18561760226461765
3,0,3,0.24299412154726827
1,2,3,NaN
2,1,3,0.2770589453938832
2,1,3,NaN
3,0,3,NaN
1,2,3,NaN
3,0,3,NaN
2,1,3,NaN
3,0,3,0.7008553584305408
3,0,3,NaN
2,1,3,NaN
1,2,3,0.21187913375295056
2,1,3,NaN
2,1,3,NaN
2,1,3,NaN
3,0,3,NaN
1,2,3,NaN
2,1,3,NaN
3,0,3,NaN
2,1,3,NaN
2,1,3,0.3147278493122561
2,1,3,NaN
3,0,3,0.5773495910338519
2,1,3,NaN
3,0,3,NaN
3,0,3,0.4389759442456205
3,0,3,NaN
3,0,3,NaN
3,0,3,NaN
1,2,3,NaN
3,0,3,NaN
3,0,3,NaN
3,0,3,0.161264881038212
3,0,3,NaN
2,1,3,NaN
1,2,3,0.10644627622097674
2,1,3,0.8617097556108892
3,0,3,NaN
1,2,3,NaN
3,0,3,NaN
2,1,3,0.4389759442456205
3,0,3,NaN
2,1,3,NaN
2,1,3,NaN
1,2,3,NaN
2,1,3,0.03025847703180226
3,0,3,NaN
2,1,3,NaN
2,1,3,NaN
3,0,3,NaN
2,1,3,0.21187913375295056
3,0,3,NaN
2,1,3,NaN
3,0,3,0.4389759442456205
3,0,3,NaN
1,2,3,NaN
2,1,3,NaN
2,1,3,0.0005358867667097031
3,0,3,0.06058247105517931
1,2,3,0.8791469822960243
3,0,3,0.534054961478336
1,2,3,0.13558151249351424
2,1,3,NaN
2,1,3,0.013595179396091573
1,2,3,NaN
3,0,3,NaN
2,1,3,NaN
2,1,3,0.9444012070806406
3,0,3,NaN
3,0,3,NaN
3,0,3,NaN
2,1,3,0.7351022872357142
1,2,3,0.2770589453938832
2,1,3,0.14184628934188917
3,0,3,0.2228747875940001
2,1,3,NaN
3,0,3,NaN
1,2,3,NaN
2,1,3,NaN
3,0,3,NaN
2,1,3,0.922483585895465
2,1,3,NaN
2,1,3,0.534054961478336
1,2,3,0.12196444410581492
2,1,3,NaN
3,0,3,0.18561760226461765
3,0,3,NaN
1,2,3,NaN
2,1,3,NaN
3,0,3,0.4389759442456205
3,0,3,NaN
3,0,3,NaN
3,0,3,NaN
1,2,3,NaN
3,0,3,NaN
3,0,3,NaN
1,2,3,0.4362818310637738
3,0,3,NaN
1,2,3,NaN
3,0,3,NaN
1,2,3,NaN
2,1,3,NaN
3,0,3,0.5773495910338519
3,0,3,NaN
1,2,3,0.39365820288251563
1,2,3,NaN
2,1,3,NaN
1,2,3,NaN
1,2,3,NaN
3,0,3,NaN
2,1,3,0.161264881038212
1,2,3,0.8949950374154003
3,0,3,NaN
1,2,3,NaN
2,1,3,NaN
1,2,3,NaN
2,1,3,NaN
1,2,3,0.6211047067208528
2,1,3,NaN
3,0,3,0.6211047067208528
1,2,3,NaN
3,0,3,NaN
2,1,3,NaN
2,1,3,NaN
2,1,3,NaN
1,2,3,0.10644627622097674
3,0,3,NaN
3,0,3,NaN
2,1,3,NaN
3,0,3,NaN
1,2,3,0.03025847703180226
1,2,3,NaN
3,0,3,NaN
1,2,3,NaN
1,2,3,NaN
2,1,3,NaN
2,1,3,NaN
2,1,3,NaN
3,0,3,NaN
3,0,3,NaN
3,0,3,NaN
3,0,3,0.9690207992381747
1,2,3,0.7970650442331396
3,0,3,NaN
3,0,3,NaN
3,0,3,NaN
3,0,3,0.9336743037628588
3,0,3,NaN
2,1,3,NaN
2,1,3,NaN
3,0,3,NaN
2,1,3,0.8204795116931126
3,0,3,NaN
3,0,3,NaN
3,0,3,NaN
3,0,3,0.8204795116931126
2,1,3,NaN
3,0,3,0.9534911290835386
3,0,3,NaN
2,1,3,NaN
3,0,3,NaN
3,0,3,0.4869472780660612
2,1,3,NaN
3,0,3,NaN
3,0,3,NaN
3,0,3,NaN
2,1,3,NaN
1,2,3,NaN
3,0,3,NaN
1,2,3,0.9534911290835386
3,0,3,NaN
2,1,3,0.12196444410581492
3,0,3,NaN
2,1,3,NaN
3,0,3,NaN
2,1,3,NaN
3,0,3,NaN
2,1,3,NaN
3,0,3,NaN
2,1,3,0.991808263676121
1,2,3,NaN
2,1,3,NaN
2,1,3,NaN
3,0,3,NaN
3,0,3,NaN
3,0,3,0.022641636257990223
1,2,3,NaN
2,1,3,NaN
3,0,3,0.2770589453938832
1,2,3,0.7008553584305408
3,0,3,0.4869472780660612
2,1,3,NaN
2,1,3,NaN
3,0,3,NaN
2,1,3,0.6629394266610144
1,2,3,NaN
2,1,3,NaN
3,0,3,0.12196444410581492
3,0,3,NaN
1,2,3,NaN
1,2,3,0.08115644780417555
3,0,3,0.4389759442456205
3,0,3,NaN
3,0,3,NaN
1,2,3,0.7008553584305408
2,1,3,NaN
2,1,3,NaN
3,0,3,NaN
3,0,3,NaN
2,1,3,0.09331494238381467
1,2,3,NaN
1,2,3,0.6211047067208528
3,0,3,NaN
2,1,3,NaN
3,0,3,0.24299412154726827
3,0,3,0.03025847703180226
1,2,3,NaN
1,2,3,NaN
1,2,3,NaN
3,0,3,0.06058247105517931
3,0,3,NaN
2,1,3,NaN
3,0,3,0.24299412154726827
2,1,3,0.10644627622097674
3,0,3,NaN
3,0,3,NaN
2,1,3,NaN
3,0,3,NaN
1,2,3,0.21187913375295056
3,0,3,NaN
2,1,3,NaN
1,2,3,NaN
2,1,3,0.03468779084967369
2,1,3,0.2770589453938832
1,2,3,NaN
3,0,3,0.534054961478336
2,1,3,NaN
2,1,3,NaN
3,0,3,NaN
3,0,3,NaN
1,2,3,NaN
2,1,3,0.5773495910338519
3,0,3,0.534054961478336
2,1,3,NaN
2,1,3,0.06058247105517931
3,0,3,0.9336743037628588
3,0,3,0.534054961478336
3,0,3,NaN
2,1,3,NaN
2,1,3,0.9457407647998927
1,2,3,NaN
3,0,3,NaN
3,0,3,NaN
3,0,3,0.8949950374154003
2,1,3,NaN
3,0,3,NaN
3,0,3,NaN
2,1,3,0.922483585895465
3,0,3,0.4869472780660612
3,0,3,NaN
3,0,3,NaN
3,0,3,NaN
2,1,3,NaN
2,1,3,NaN
1,2,3,NaN
1,2,3,NaN
2,1,3,0.161264881038212
1,2,3,NaN
2,1,3,NaN
3,0,3,NaN
2,1,3,0.6629394266610144
2,1,3,0.6211047067208528
1,2,3,NaN
1,2,3,NaN
3,0,3,0.9444012070806406
2,1,3,0.12196444410581492
3,0,3,NaN
3,0,3,0.03025847703180226
2,1,3,0.9534911290835386
2,1,3,NaN
2,1,3,0.019582362947367808
3,0,3,0.7008553584305408
2,1,3,NaN
2,1,3,NaN
3,0,3,NaN
2,1,3,NaN
3,0,3,NaN
1,2,3,NaN
1,2,3,NaN
2,1,3,NaN
3,0,3,0.09331494238381467
1,2,3,NaN
3,0,3,0.4498486337203478
3,0,3,0.6211047067208528
1,2,3,NaN
1,2,3,NaN
2,1,3,NaN
3,0,3,0.6629394266610144
3,0,3,NaN
3,0,3,NaN
2,1,3,0.8791469822960243
2,1,3,0.18561760226461765
3,0,3,0.5846310885929272
3,0,3,NaN
1,2,3,0.005100602238806189
2,1,3,NaN
3,0,3,NaN
1,2,3,0.07266853385711883
2,1,3,NaN
3,0,3,NaN
2,1,3,0.24299412154726827
2,1,3,0.5041657247895234
2,1,3,NaN
1,2,3,0.001287131655940433
3,0,3,NaN
1,2,3,NaN
2,1,3,0.962032138983051
3,0,3,NaN
3,0,3,NaN
3,0,3,0.8949950374154003
1,2,3,NaN
3,0,3,NaN
2,1,3,NaN
3,0,3,NaN
3,0,3,NaN
1,2,3,NaN
2,1,3,NaN
3,0,3,NaN
2,1,3,NaN
2,1,3,NaN
3,0,3,0.922483585895465
2,1,3,0.08115644780417555
2,1,3,NaN
1,2,3,NaN
3,0,3,NaN
1,2,3,NaN
3,0,3,NaN
2,1,3,NaN
3,0,3,NaN
2,1,3,0.12196444410581492
3,0,3,0.8617097556108892
2,1,3,NaN
2,1,3,NaN
2,1,3,NaN
2,1,3,NaN
1,2,3,NaN
2,1,3,0.7351022872357142
2,1,3,NaN
1,2,3,NaN
1,2,3,0.5773495910338519
2,1,3,NaN
3,0,3,NaN
3,0,3,NaN
3,0,3,NaN
2,1,3,0.5773495910338519
1,2,3,0.8949950374154003
2,1,3,NaN
3,0,3,NaN
2,1,3,NaN
2,1,3,NaN
2,1,3,0.6629394266610144
1,2,3,NaN
3,0,3,0.35163936320323114
1,2,3,NaN
2,1,3,NaN
1,2,3,0.25420275489446115
2,1,3,NaN
3,0,3,NaN
1,2,3,NaN
3,0,3,NaN
2,1,3,0.8791469822960243
1,2,3,0.9534911290835386
1,2,3,NaN
2,1,3,NaN
1,2,3,NaN
2,1,3,0.24299412154726827
1,2,3,NaN
2,1,3,NaN
3,0,3,0.09331494238381467
3,0,3,NaN
2,1,3,NaN
3,0,3,NaN
2,1,3,0.09289293941234132
2,1,3,0.6629394266610144
3,0,3,NaN
3,0,3,NaN
3,0,3,NaN
3,0,3,NaN
1,2,3,NaN
1,2,3,NaN
1,2,3,0.05295374443847441
1,2,3,0.21187913375295056
2,1,3,NaN
2,1,3,NaN
2,1,3,NaN
3,0,3,0.7008553584305408
2,1,3,NaN
2,1,3,0.7943141978951035
2,1,3,NaN
2,1,3,NaN
3,0,3,NaN
2,1,3,NaN
2,1,3,NaN
2,1,3,NaN
1,2,3,0.6211047067208528
2,1,3,NaN
1,2,3,0.03468779084967369
2,1,3,0.14080710657571024
1,2,3,0.24299412154726827
1,2,3,NaN
3,0,3,NaN
3,0,3,NaN
1,2,3,0.8617097556108892
1,2,3,0.6211047067208528
2,1,3,NaN
3,0,3,NaN
3,0,3,0.7659187175498298
1,2,3,NaN
1,2,3,NaN
3,0,3,NaN
1,2,3,NaN
3,0,3,NaN
2,1,3,NaN
1,2,3,NaN
3,0,3,NaN
2,1,3,0.6629394266610144
3,0,3,0.10644627622097674
2,1,3,NaN
3,0,3,NaN
1,2,3,0.4389759442456205
2,1,3,0.7351022872357142
2,1,3,NaN
2,1,3,NaN
2,1,3,NaN
2,1,3,0.14184628934188917
2,1,3,NaN
1,2,3,0.7008553584305408
2,1,3,NaN
2,1,3,0.9511046423005125
3,0,3,NaN
3,0,3,0.8220813083458243
3,0,3,0.9749834651108517
1,2,3,0.8418168267177661
2,1,3,NaN
2,1,3,NaN
3,0,3,0.4869472780660612
3,0,3,NaN
2,1,3,NaN
3,0,3,NaN
2,1,3,NaN
1,2,3,0.7943141978951035
3,0,3,NaN
2,1,3,NaN
1,2,3,NaN
1,2,3,0.4389759442456205
3,0,3,NaN
2,1,3,0.18561760226461765
1,2,3,NaN
2,1,3,NaN
3,0,3,NaN
3,0,3,0.4869472780660612
3,0,3,NaN
3,0,3,NaN
1,2,3,NaN
1,2,3,NaN
2,1,3,0.7008553584305408
3,0,3,NaN
2,1,3,0.9097889372969507
3,0,3,NaN
1,2,3,NaN
1,2,3,NaN
2,1,3,NaN
1,2,3,NaN
1,2,3,NaN
2,1,3,NaN
3,0,3,NaN
3,0,3,NaN
2,1,3,NaN
2,1,3,0.6629394266610144
3,0,3,NaN
2,1,3,NaN
3,0,3,NaN
3,0,3,NaN
2,1,3,NaN
3,0,3,NaN
1,2,3,0.6211047067208528
3,0,3,0.4869472780660612
3,0,3,0.9336743037628588
1,2,3,NaN
2,1,3,0.4584457217856004
1,2,3,NaN
3,0,3,NaN
1,2,3,NaN
3,0,3,NaN
2,1,3,NaN
1,2,3,NaN
1,2,3,NaN
2,1,3,NaN
3,0,3,0.2770589453938832
1,2,3,0.6211047067208528
2,1,3,0.013595179396091573
1,2,3,0.8418168267177661
3,0,3,NaN
1,2,3,0.24603115705892453
3,0,3,0.6629394266610144
1,2,3,0.8418168267177661
3,0,3,NaN
2,1,3,NaN
2,1,3,NaN
2,1,3,0.6300830591603114
3,0,3,NaN
2,1,3,0.534054961478336
3,0,3,0.7351022872357142
1,2,3,NaN
3,0,3,NaN
2,1,3,NaN
2,1,3,0.10644627622097674
1,2,3,0.7008553584305408
3,0,3,0.6211047067208528
1,2,3,0.9097889372969507
2,1,3,NaN
2,1,3,0.7943141978951035
1,2,3,0.9602332155856014
3,0,3,NaN
3,0,3,NaN
2,1,3,0.05295374443847441
2,1,3,0.2770589453938832
2,1,3,NaN
3,0,3,0.8418168267177661
2,1,3,NaN
2,1,3,NaN
3,0,3,NaN
1,2,3,NaN
3,0,3,NaN
3,0,3,0.09331494238381467
3,0,3,NaN
3,0,3,NaN
2,1,3,NaN
3,0,3,NaN
3,0,3,NaN
1,2,3,NaN
2,1,3,0.7659187175498298
1,2,3,0.2770589453938832
2,1,3,0.011625908468073121
3,0,3,NaN
2,1,3,NaN
2,1,3,0.4389759442456205
3,0,3,NaN
1,2,3,NaN
3,0,3,NaN
1,2,3,NaN
1,2,3,NaN
3,0,3,0.962032138983051
1,2,3,NaN
3,0,3,NaN
3,0,3,NaN
1,2,3,0.9534911290835386
1,2,3,NaN
1,2,3,NaN
1,2,3,NaN
1,2,3,0.7008553584305408
1,2,3,0.8166047472199134
2,1,3,0.534054961478336
1,2,3,NaN
3,0,3,0.6629394266610144
3,0,3,0.012345785291434725
2,1,3,NaN
2,1,3,NaN
2,1,3,NaN
2,1,3,0.3147278493122561
1,2,3,NaN
1,2,3,0.7659187175498298
1,2,3,NaN
2,1,3,NaN
2,1,3,0.06058247105517931
3,0,3,NaN
2,1,3,NaN
2,1,3,0.8949950374154003
1,2,3,NaN
1,2,3,NaN
1,2,3,NaN
3,0,3,0.7008553584305408
3,0,3,NaN
2,1,3,NaN
3,0,3,0.6629394266610144
2,1,3,NaN
2,1,3,0.525816860430935
3,0,3,NaN
3,0,3,0.8791469822960243
3,0,3,0.6629394266610144
3,0,3,NaN
1,2,3,0.534054961478336
2,1,3,NaN
3,0,3,0.3147278493122561
1,2,3,NaN
2,1,3,NaN
1,2,3,0.9097889372969507
2,1,3,NaN
2,1,3,NaN
2,1,3,NaN
1,2,3,NaN
2,1,3,0.5773495910338519
2,1,3,NaN
1,2,3,0.2770589453938832
1,2,3,NaN
3,0,3,NaN
2,1,3,0.9307942035935882
1,2,3,NaN
1,2,3,NaN
2,1,3,0.8204795116931126
3,0,3,NaN
3,0,3,NaN
2,1,3,NaN
2,1,3,NaN
3,0,3,NaN
2,1,3,NaN
3,0,3,NaN
3,0,3,NaN
2,1,3,0.06058247105517931
2,1,3,0.39365820288251563
1,2,3,0.6172258058419916
1,2,3,0.9336743037628588
1,2,3,NaN
2,1,3,NaN
1,2,3,NaN
2,1,3,NaN
1,2,3,NaN
2,1,3,NaN
3,0,3,0.6211047067208528
1,2,3,NaN
1,2,3,NaN
1,2,3,NaN
2,1,3,NaN
1,2,3,NaN
2,1,3,NaN
2,1,3,NaN
3,0,3,NaN
3,0,3,NaN
2,1,3,0.161264881038212
3,0,3,NaN
3,0,3,NaN
1,2,3,NaN
2,1,3,NaN
3,0,3,NaN
3,0,3,NaN
3,0,3,NaN
2,1,3,NaN
3,0,3,0.7943141978951035
3,0,3,NaN
2,1,3,NaN
3,0,3,NaN
1,2,3,0.16133430607573868
2,1,3,NaN
3,0,3,NaN
3,0,3,NaN
1,2,3,NaN
1,2,3,NaN
3,0,3,NaN
3,0,3,NaN
1,2,3,NaN
3,0,3,0.9534911290835386
2,1,3,0.6211047067208528
2,1,3,NaN
3,0,3,NaN
3,0,3,NaN
3,0,3,NaN
2,1,3,NaN
2,1,3,NaN
2,1,3,NaN
3,0,3,NaN
3,0,3,NaN
3,0,3,NaN
2,1,3,0.4389759442456205
2,1,3,NaN
1,2,3,NaN
1,2,3,NaN
2,1,3,NaN
2,1,3,0.9677093210389013
1,2,3,0.24299412154726827
1,2,3,0.7351022872357142
3,0,3,0.9137887738644975
1,2,3,0.7943141978951035
1,2,3,NaN
2,1,3,NaN
2,1,3,NaN
2,1,3,NaN
1,2,3,0.991808263676121
2,1,3,NaN
2,1,3,NaN
2,1,3,NaN
3,0,3,NaN
2,1,3,NaN
2,1,3,0.8204795116931126
3,0,3,0.8418168267177661
3,0,3,0.7659187175498298
2,1,3,NaN
3,0,3,0.5773495910338519
3,0,3,0.06058247105517931
1,2,3,0.7659187175498298
1,2,3,NaN
1,2,3,0.03468779084967369
2,1,3,0.39365820288251563
3,0,3,NaN
3,0,3,0.24299412154726827
2,1,3,NaN
2,1,3,NaN
3,0,3,NaN
2,1,3,0.8204795116931126
3,0,3,NaN
2,1,3,NaN
3,0,3,NaN
2,1,3,NaN
2,1,3,NaN
1,2,3,NaN
2,1,3,NaN
3,0,3,NaN
1,2,3,0.9336743037628588
2,1,3,0.6211047067208528
1,2,3,NaN
2,1,3,NaN
1,2,3,0.9336743037628588
1,2,3,0.534054961478336
2,1,3,0.161264881038212
1,2,3,0.35163936320323114
3,0,3,0.3147278493122561
1,2,3,0.534054961478336
2,1,3,NaN
1,2,3,0.534054961478336
2,1,3,NaN
1,2,3,NaN
1,2,3,NaN
1,2,3,NaN
2,1,3,0.24299412154726827
2,1,3,NaN
3,0,3,0.35163936320323114
2,1,3,NaN
2,1,3,NaN
2,1,3,0.39365820288251563
1,2,3,NaN
3,0,3,NaN
2,1,3,NaN
2,1,3,NaN
1,2,3,NaN
2,1,3,0.534054961478336
2,1,3,0.03025847703180226
2,1,3,0.4389759442456205
3,0,3,0.7008553584305408
2,1,3,NaN
2,1,3,0.2770589453938832
1,2,3,NaN
3,0,3,0.06058247105517931
1,2,3,NaN
3,0,3,NaN
1,2,3,NaN
3,0,3,NaN
3,0,3,0.35163936320323114
2,1,3,0.24299412154726827
3,0,3,NaN
2,1,3,0.4389759442456205
1,2,3,0.05295374443847441
1,2,3,NaN
3,0,3,NaN
2,1,3,NaN
3,0,3,0.8418168267177661
3,0,3,NaN
2,1,3,NaN
1,2,3,0.7943141978951035
3,0,3,0.4389759442456205
3,0,3,0.4389759442456205
2,1,3,NaN
2,1,3,NaN
1,2,3,0.534054961478336
1,2,3,NaN
2,1,3,NaN
1,2,3,NaN
2,1,3,NaN
3,0,3,NaN
2,1,3,NaN
2,1,3,NaN
3,0,3,0.5773495910338519
3,0,3,NaN
2,1,3,NaN
2,1,3,NaN
1,2,3,NaN
3,0,3,NaN
1,2,3,NaN
2,1,3,NaN
1,2,3,NaN
3,0,3,NaN
1,2,3,NaN
3,0,3,NaN
2,1,3,0.35163936320323114
3,0,3,NaN
2,1,3,0.8617097556108892
2,1,3,NaN
3,0,3,0.5624190893075987
2,1,3,NaN
1,2,3,0.7008553584305408
1,2,3,NaN
2,1,3,0.7659187175498298
1,2,3,NaN
3,0,3,0.8204795116931126
2,1,3,NaN
3,0,3,0.14080710657571024
2,1,3,0.39365820288251563
2,1,3,NaN
3,0,3,NaN
2,1,3,NaN
3,0,3,NaN
2,1,3,0.10644627622097674
3,0,3,0.8617097556108892
1,2,3,NaN
1,2,3,0.24299412154726827
1,2,3,NaN
3,0,3,0.8617097556108892
2,1,3,NaN
2,1,3,NaN
3,0,3,NaN
1,2,3,0.0019575942924920132
2,1,3,NaN
2,1,3,NaN
3,0,3,NaN
1,2,3,NaN
3,0,3,NaN
3,0,3,NaN
1,2,3,NaN
1,2,3,NaN
1,2,3,NaN
2,1,3,NaN
1,2,3,NaN
3,0,3,0.39365820288251563
3,0,3,NaN
1,2,3,NaN
3,0,3,0.9753471025968105
1,2,3,NaN
3,0,3,0.5773495910338519
2,1,3,NaN
3,0,3,NaN
1,2,3,NaN
1,2,3,NaN
1,2,3,NaN
2,1,3,0.7659187175498298
1,2,3,NaN
1,2,3,NaN
2,1,3,NaN
2,1,3,0.08024337474943695
2,1,3,0.5773495910338519
1,2,3,0.8204795116931126
1,2,3,NaN
2,1,3,NaN
3,0,3,0.6211047067208528
2,1,3,0.5154727415284115
1,2,3,NaN
2,1,3,NaN
2,1,3,0.8949950374154003
1,2,3,NaN
1,2,3,NaN
1,2,3,NaN
2,1,3,NaN
1,2,3,NaN
2,1,3,0.9762628665658539
3,0,3,0.25990850867455345
2,1,3,NaN
1,2,3,NaN
2,1,3,NaN
1,2,3,NaN
1,2,3,NaN
2,1,3,0.05295374443847441
3,0,3,NaN
3,0,3,NaN
3,0,3,0.1716569655649793
2,1,3,NaN
2,1,3,NaN
2,1,3,0.6211047067208528
2,1,3,0.6332894109419442
3,0,3,0.06058247105517931
2,1,3,0.4869472780660612
2,1,3,0.12196444410581492
2,1,3,0.030684199627719764
2,1,3,NaN
1,2,3,NaN
1,2,3,0.09349257514103666
3,0,3,NaN
1,2,3,NaN
3,0,3,NaN
2,1,3,NaN
3,0,3,NaN
2,1,3,0.8949950374154003
3,0,3,NaN
3,0,3,NaN
3,0,3,NaN
2,1,3,NaN
2,1,3,0.09331494238381467
2,1,3,NaN
2,1,3,0.161264881038212
2,1,3,NaN
1,2,3,NaN
2,1,3,NaN
3,0,3,NaN
3,0,3,0.8204795116931126
2,1,3,0.39365820288251563
2,1,3,NaN
1,2,3,NaN
3,0,3,NaN
3,0,3,0.39365820288251563
3,0,3,NaN
2,1,3,NaN
3,0,3,0.5773495910338519
1,2,3,NaN
2,1,3,0.21187913375295056
3,0,3,NaN
3,0,3,NaN
1,2,3,0.9690207992381747
1,2,3,NaN
2,1,3,NaN
2,1,3,0.7351022872357142
3,0,3,0.35163936320323114
1,2,3,NaN
1,2,3,NaN
3,0,3,NaN
2,1,3,0.6211047067208528
3,0,3,NaN
3,0,3,NaN
1,2,3,0.8087030262807339
3,0,3,NaN
3,0,3,NaN
2,1,3,0.534054961478336
2,1,3,NaN
3,0,3,NaN
1,2,3,NaN
2,1,3,NaN
1,2,3,NaN
3,0,3,NaN
3,0,3,NaN
1,2,3,0.6211047067208528
1,2,3,NaN
3,0,3,0.8819637930910276
1,2,3,NaN
2,1,3,NaN
1,2,3,0.5773495910338519
2,1,3,NaN
2,1,3,0.8204795116931126
3,0,3,0.6629394266610144
1,2,3,0.005067886032590186
1,2,3,NaN
2,1,3,0.2770589453938832
1,2,3,0.6629394266610144
1,2,3,0.8949950374154003
1,2,3,NaN
2,1,3,NaN
1,2,3,0.06058247105517931
2,1,3,0.24299412154726827
1,2,3,0.21187913375295056
3,0,3,0.7008553584305408
1,2,3,NaN
1,2,3,NaN
3,0,3,NaN
2,1,3,NaN
2,1,3,NaN
3,0,3,NaN
2,1,3,0.7008553584305408
1,2,3,NaN
2,1,3,0.03468779084967369
3,0,3,0.9845924478014567
2,1,3,0.8618573526905764
2,1,3,0.4869472780660612
2,1,3,0.06058247105517931
2,1,3,NaN
2,1,3,0.7674394494964111
2,1,3,NaN
1,2,3,NaN
2,1,3,NaN
3,0,3,NaN
3,0,3,0.7008553584305408
1,2,3,NaN
3,0,3,0.6211047067208528
1,2,3,NaN
3,0,3,NaN
2,1,3,0.7351022872357142
3,0,3,0.0018574829424192775
1,2,3,NaN
2,1,3,NaN
1,2,3,0.3147278493122561
2,1,3,NaN
2,1,3,0.10644627622097674
2,1,3,NaN
2,1,3,NaN
1,2,3,NaN
2,1,3,0.21187913375295056
3,0,3,NaN
3,0,3,0.8204795116931126
1,2,3,NaN
3,0,3,NaN
1,2,3,0.21187913375295056
1,2,3,NaN
2,1,3,NaN
3,0,3,NaN
2,1,3,0.12196444410581492
3,0,3,NaN
3,0,3,0.4192470590242779
2,1,3,NaN
3,0,3,NaN
1,2,3,NaN
1,2,3,NaN
2,1,3,NaN
2,1,3,NaN
2,1,3,NaN
1,2,3,0.7351022872357142
1,2,3,0.011625908468073121
3,0,3,0.5773495910338519
1,2,3,NaN
1,2,3,0.7351022872357142
2,1,3,NaN
1,2,3,NaN
2,1,3,0.5695490620701075
3,0,3,0.6211047067208528
1,2,3,0.12747075101832725
3,0,3,0.14080710657571024
2,1,3,NaN
1,2,3,NaN
3,0,3,NaN
1,2,3,0.6629394266610144
1,2,3,0.10644627622097674
1,2,3,0.9097889372969507
3,0,3,NaN
1,2,3,0.751997803097459
1,2,3,0.4389759442456205
3,0,3,0.7450782079390723
2,1,3,0.2770589453938832
1,2,3,0.534054961478336
2,1,3,NaN
3,0,3,0.8204795116931126
1,2,3,NaN
2,1,3,0.23136573777456157
1,2,3,NaN
1,2,3,NaN
2,1,3,NaN
2,1,3,0.03025847703180226
1,2,3,0.03973270879120916
3,0,3,NaN
3,0,3,0.534054961478336
2,1,3,NaN
2,1,3,NaN
3,0,3,NaN
2,1,3,0.009708197960407164
3,0,3,0.01308846582383128
1,2,3,NaN
3,0,3,NaN
3,0,3,NaN
3,0,3,NaN
3,0,3,NaN
2,1,3,NaN
1,2,3,NaN
3,0,3,0.161264881038212
1,2,3,NaN
2,1,3,NaN
1,2,3,0.6629394266610144
2,1,3,0.8949950374154003
3,0,3,NaN
1,2,3,NaN
3,0,3,0.4389759442456205
1,2,3,NaN
1,2,3,NaN
3,0,3,NaN
1,2,3,NaN
3,0,3,NaN
1,2,3,NaN
3,0,3,NaN
1,2,3,0.6211047067208528
2,1,3,NaN
1,2,3,0.7351022872357142
1,2,3,0.30728168715621196
2,1,3,0.06988872661807305
1,2,3,NaN
3,0,3,0.39365820288251563
2,1,3,NaN
3,0,3,NaN
1,2,3,NaN
1,2,3,NaN
2,1,3,0.06058247105517931
3,0,3,NaN
3,0,3,0.9799588626550771
2,1,3,NaN
2,1,3,NaN
2,1,3,NaN
3,0,3,0.35163936320323114
2,1,3,NaN
2,1,3,0.022641636257990223
3,0,3,0.2770589453938832
2,1,3,0.7659187175498298
2,1,3,0.10644627622097674
2,1,3,NaN
2,1,3,NaN
3,0,3,NaN
2,1,3,0.24299412154726827
2,1,3,NaN
2,1,3,0.7008553584305408
1,2,3,NaN
2,1,3,NaN
2,1,3,NaN
1,2,3,NaN
2,1,3,0.09331494238381467
3,0,3,NaN
2,1,3,NaN
1,2,3,0.08115644780417555
1,2,3,0.09331494238381467
3,0,3,0.8418168267177661
3,0,3,NaN
3,0,3,0.9749834651108517
2,1,3,NaN
1,2,3,NaN
3,0,3,NaN
2,1,3,NaN
2,1,3,NaN
2,1,3,0.4869472780660612
1,2,3,0.9097889372969507
2,1,3,0.4389759442456205
2,1,3,0.06058247105517931
1,2,3,NaN
1,2,3,NaN
1,2,3,NaN
2,1,3,0.006091701711492965
2,1,3,0.2770589453938832
2,1,3,0.9161513545350418
1,2,3,NaN
2,1,3,NaN
2,1,3,0.8418168267177661
2,1,3,0.2770589453938832
1,2,3,NaN
2,1,3,NaN
2,1,3,NaN
3,0,3,0.8204795116931126
1,2,3,NaN
1,2,3,0.7008553584305408
1,2,3,0.8791469822960243
1,2,3,NaN
3,0,3,NaN
2,1,3,NaN
3,0,3,0.9097889372969507
2,1,3,NaN
3,0,3,NaN
3,0,3,0.5419017527563905
1,2,3,NaN
1,2,3,NaN
3,0,3,NaN
3,0,3,NaN
2,1,3,NaN
3,0,3,NaN
1,2,3,NaN
3,0,3,NaN
3,0,3,NaN
1,2,3,0.06988872661807305
2,1,3,0.12196444410581492
1,2,3,NaN
2,1,3,NaN
3,0,3,NaN
2,1,3,NaN
2,1,3,0.7943141978951035
1,2,3,NaN
1,2,3,NaN
1,2,3,NaN
3,0,3,0.534054961478336
2,1,3,NaN
2,1,3,NaN
1,2,3,0.011625908468073121
1,2,3,NaN
3,0,3,0.05295374443847441
3,0,3,0.21187913375295056
3,0,3,NaN
1,2,3,0.09331494238381467
2,1,3,0.7943141978951035
2,1,3,NaN
2,1,3,NaN
1,2,3,NaN
1,2,3,0.9690207992381747
2,1,3,NaN
1,2,3,0.4869472780660612
1,2,3,NaN
1,2,3,NaN
2,1,3,NaN
2,1,3,NaN
1,2,3,NaN
1,2,3,NaN
2,1,3,0.8653601395728225
3,0,3,NaN
2,1,3,0.09331494238381467
1,2,3,NaN
2,1,3,NaN
2,1,3,NaN
3,0,3,0.6629394266610144
3,0,3,0.03973270879120916
2,1,3,NaN
1,2,3,NaN
3,0,3,NaN
1,2,3,NaN
2,1,3,NaN
3,0,3,NaN
1,2,3,0.8617097556108892
1,2,3,0.9690207992381747
3,0,3,NaN
1,2,3,NaN
2,1,3,NaN
2,1,3,NaN
2,1,3,0.9444012070806406
1,2,3,0.0006227335694369438
3,0,3,NaN
1,2,3,NaN
1,2,3,NaN
2,1,3,NaN
2,1,3,NaN
1,2,3,NaN
3,0,3,0.12196444410581492
3,0,3,0.4869472780660612
2,1,3,0.7008553584305408
1,2,3,NaN
2,1,3,NaN
3,0,3,NaN
2,1,3,NaN
1,2,3,NaN
2,1,3,0.24253773837748552
1,2,3,0.05295374443847441
1,2,3,0.18561760226461765
3,0,3,NaN
2,1,3,0.8791469822960243
3,0,3,NaN
3,0,3,NaN
3,0,3,NaN
1,2,3,NaN
1,2,3,NaN
3,0,3,0.8791469822960243
1,2,3,NaN
3,0,3,0.9444012070806406
1,2,3,NaN
3,0,3,NaN
2,1,3,0.9097889372969507
1,2,3,NaN
2,1,3,NaN
2,1,3,0.7008553584305408
2,1,3,NaN
3,0,3,0.006091701711492965
2,1,3,0.9799588626550771
3,0,3,0.534054961478336
2,1,3,NaN
3,0,3,NaN
3,0,3,0.6629394266610144
3,0,3,0.2770589453938832
2,1,3,0.7351022872357142
2,1,3,NaN
2,1,3,0.9097889372969507
3,0,3,NaN
3,0,3,0.14080710657571024
1,2,3,0.922483585895465
2,1,3,NaN
1,2,3,NaN
2,1,3,NaN
1,2,3,NaN
1,2,3,NaN
1,2,3,NaN
2,1,3,NaN
3,0,3,0.13390011550359984
2,1,3,0.36580721280013206
3,0,3,NaN
1,2,3,NaN
2,1,3,NaN
3,0,3,NaN
3,0,3,0.35163936320323114
3,0,3,NaN
3,0,3,NaN
2,1,3,0.7351022872357142
1,2,3,NaN
1,2,3,NaN
2,1,3,0.6629394266610144
2,1,3,NaN
3,0,3,NaN
1,2,3,NaN
3,0,3,0.35163936320323114
2,1,3,NaN
3,0,3,NaN
2,1,3,NaN
2,1,3,NaN
1,2,3,NaN
1,2,3,0.991808263676121
1,2,3,0.6482712246011344
1,2,3,NaN
3,0,3,0.35163936320323114
3,0,3,0.2770589453938832
1,2,3,0.5773495910338519
2,1,3,NaN
3,0,3,NaN
3,0,3,0.7008553584305408
3,0,3,0.4389759442456205
3,0,3,NaN
2,1,3,NaN
2,1,3,NaN
1,2,3,0.18561760226461765
2,1,3,NaN
3,0,3,0.8418168267177661
3,0,3,NaN
3,0,3,NaN
3,0,3,0.3147278493122561
1,2,3,0.5773495910338519
3,0,3,0.2770589453938832
1,2,3,NaN
1,2,3,NaN
2,1,3,0.7659187175498298
3,0,3,0.3711416743512997
2,1,3,NaN
1,2,3,0.6629394266610144
2,1,3,0.03973270879120916
1,2,3,0.0005358867667097031
1,2,3,NaN
2,1,3,NaN
2,1,3,0.9799588626550771
3,0,3,0.09331494238381467
3,0,3,NaN
3,0,3,0.7351022872357142
1,2,3,NaN
1,2,3,0.877080648498839
1,2,3,NaN
2,1,3,NaN
2,1,3,NaN
3,0,3,NaN
1,2,3,0.7659187175498298
3,0,3,NaN
1,2,3,NaN
1,2,3,0.03025847703180226
1,2,3,0.045946027748132785
2,1,3,NaN
2,1,3,NaN
3,0,3,0.4869472780660612
3,0,3,0.3147278493122561
1,2,3,NaN
2,1,3,NaN
3,0,3,NaN
2,1,3,NaN
1,2,3,0.7351022872357142
2,1,3,NaN
2,1,3,NaN
2,1,3,0.39365820288251563
2,1,3,NaN
3,0,3,NaN
3,0,3,0.4389759442456205
1,2,3,0.24299412154726827
3,0,3,NaN
3,0,3,0.5773495910338519
3,0,3,NaN
2,1,3,NaN
2,1,3,0.4389759442456205
3,0,3,NaN
2,1,3,0.3147278493122561
2,1,3,NaN
3,0,3,NaN
1,2,3,NaN
2,1,3,0.09331494238381467
3,0,3,0.8204795116931126
3,0,3,NaN
3,0,3,NaN
1,2,3,0.6172258058419916
3,0,3,NaN
1,2,3,NaN
3,0,3,NaN
2,1,3,NaN
1,2,3,0.5773495910338519
2,1,3,0.9845924478014567
3,0,3,0.8791469822960243
2,1,3,NaN
3,0,3,0.4869472780660612
1,2,3,NaN
2,1,3,NaN
3,0,3,0.4869472780660612
3,0,3,0.1403175327529739
3,0,3,NaN
2,1,3,NaN
3,0,3,NaN
1,2,3,0.045946027748132785
1,2,3,NaN
3,0,3,0.35163936320323114
3,0,3,NaN
1,2,3,0.6211047067208528
2,1,3,NaN
1,2,3,0.534054961478336
2,1,3,NaN
2,1,3,NaN
2,1,3,NaN
2,1,3,NaN
1,2,3,NaN
3,0,3,0.6629394266610144
2,1,3,NaN
1,2,3,NaN
1,2,3,NaN
1,2,3,NaN
2,1,3,0.8949950374154003
2,1,3,0.6211047067208528
3,0,3,NaN
2,1,3,0.4869472780660612
3,0,3,NaN
3,0,3,0.777548695970422
1,2,3,0.2770589453938832
1,2,3,0.6211047067208528
1,2,3,0.7351022872357142
2,1,3,0.8617097556108892
2,1,3,NaN
1,2,3,NaN
2,1,3,NaN
1,2,3,0.6211047067208528
1,2,3,NaN
1,2,3,0.9690207992381747
1,2,3,NaN
2,1,3,NaN
2,1,3,NaN
2,1,3,NaN
3,0,3,NaN
3,0,3,NaN
3,0,3,0.922483585895465
1,2,3,NaN
3,0,3,NaN
2,1,3,NaN
1,2,3,0.09331494238381467
1,2,3,NaN
2,1,3,0.2770589453938832
1,2,3,0.6211047067208528
1,2,3,NaN
1,2,3,NaN
3,0,3,0.24299412154726827
3,0,3,NaN
3,0,3,0.045946027748132785
1,2,3,NaN
1,2,3,NaN
3,0,3,NaN
2,1,3,0.35163936320323114
2,1,3,0.7943141978951035
3,0,3,NaN
1,2,3,NaN
2,1,3,NaN
2,1,3,0.08115644780417555
1,2,3,NaN
2,1,3,NaN
2,1,3,NaN
3,0,3,NaN
1,2,3,NaN
1,2,3,NaN
2,1,3,0.03468779084967369
3,0,3,NaN
1,2,3,NaN
3,0,3,0.6629394266610144
3,0,3,NaN
1,2,3,0.05295374443847441
2,1,3,0.35163936320323114
1,2,3,NaN
3,0,3,0.2085566618856682
2,1,3,0.9097889372969507
3,0,3,NaN
2,1,3,0.4869472780660612
3,0,3,0.9336743037628588
3,0,3,0.9799588626550771
3,0,3,NaN
3,0,3,NaN
1,2,3,0.35163936320323114
2,1,3,0.4869472780660612
1,2,3,NaN
1,2,3,0.9477518788986665
3,0,3,0.2770589453938832
3,0,3,0.8617097556108892
3,0,3,NaN
1,2,3,0.08115644780417555
3,0,3,0.7008553584305408
3,0,3,NaN
1,2,3,NaN
3,0,3,NaN
2,1,3,0.06988872661807305
3,0,3,NaN
2,1,3,0.2770589453938832
1,2,3,NaN
1,2,3,0.7351022872357142
1,2,3,NaN
1,2,3,0.33333059084391203
2,1,3,0.6211047067208528
1,2,3,NaN
2,1,3,NaN
1,2,3,NaN
2,1,3,0.6211047067208528
2,1,3,0.06058247105517931
3,0,3,NaN
1,2,3,0.019582362947367808
2,1,3,NaN
1,2,3,NaN
2,1,3,NaN
2,1,3,0.4869472780660612
1,2,3,0.08115644780417555
3,0,3,0.14080710657571024
1,2,3,NaN
1,2,3,0.9534911290835386
3,0,3,0.6629394266610144
1,2,3,NaN
2,1,3,NaN
1,2,3,0.8791469822960243
2,1,3,NaN
3,0,3,0.4389759442456205
2,1,3,NaN
2,1,3,NaN
2,1,3,NaN
1,2,3,NaN
3,0,3,NaN
1,2,3,NaN
2,1,3,NaN
3,0,3,NaN
3,0,3,NaN
1,2,3,NaN
2,1,3,NaN
2,1,3,NaN
3,0,3,0.6563875518623467
3,0,3,NaN
3,0,3,NaN
1,2,3,NaN
1,2,3,0.8347894428263847
1,2,3,NaN
3,0,3,0.10644627622097674
2,1,3,0.9336743037628588
2,1,3,NaN
3,0,3,NaN
2,1,3,NaN
1,2,3,NaN
1,2,3,0.06058247105517931
3,0,3,NaN
2,1,3,0.39365820288251563
1,2,3,0.2770589453938832
1,2,3,0.6629394266610144
1,2,3,NaN
1,2,3,NaN
1,2,3,0.9749834651108517
2,1,3,0.7659187175498298
1,2,3,NaN
1,2,3,NaN
3,0,3,NaN
2,1,3,NaN
3,0,3,NaN
3,0,3,NaN
1,2,3,NaN
1,2,3,NaN
1,2,3,NaN
1,2,3,0.6211047067208528
2,1,3,NaN
1,2,3,NaN
2,1,3,NaN
1,2,3,0.21187913375295056
1,2,3,NaN
3,0,3,NaN
1,2,3,0.8949950374154003
1,2,3,NaN
3,0,3,NaN
3,0,3,NaN
2,1,3,0.6211047067208528
1,2,3,0.08115644780417555
2,1,3,NaN
3,0,3,0.9097889372969507
3,0,3,0.8204795116931126
1,2,3,0.03468779084967369
3,0,3,NaN
2,1,3,NaN
1,2,3,NaN
1,2,3,NaN
1,2,3,NaN
1,2,3,NaN
2,1,3,0.9097889372969507
2,1,3,NaN
1,2,3,NaN
3,0,3,NaN
2,1,3,NaN
2,1,3,0.7659187175498298
3,0,3,NaN
3,0,3,0.8418168267177661
1,2,3,0.6211047067208528
1,2,3,NaN
1,2,3,0.14080710657571024
2,1,3,NaN
2,1,3,0.6629394266610144
1,2,3,0.35163936320323114
3,0,3,NaN
1,2,3,NaN
3,0,3,NaN
2,1,3,NaN
3,0,3,NaN
3,0,3,NaN
3,0,3,NaN
2,1,3,NaN
2,1,3,0.18561760226461765
2,1,3,NaN
2,1,3,0.03025847703180226
1,2,3,0.8204795116931126
1,2,3,NaN
2,1,3,0.022641636257990223
2,1,3,NaN
3,0,3,0.9336743037628588
2,1,3,0.14080710657571024
3,0,3,NaN
3,0,3,0.9444012070806406
3,0,3,0.35163936320323114
1,2,3,NaN
2,1,3,0.12196444410581492
1,2,3,0.9336743037628588
1,2,3,NaN
1,2,3,NaN
1,2,3,NaN
3,0,3,NaN
2,1,3,0.4389759442456205
1,2,3,0.6629394266610144
1,2,3,NaN
3,0,3,NaN
1,2,3,0.3147278493122561
1,2,3,NaN
1,2,3,0.534054961478336
1,2,3,NaN
3,0,3,0.02611284212389445
1,2,3,0.03973270879120916
2,1,3,0.39365820288251563
1,2,3,NaN
1,2,3,NaN
1,2,3,NaN
3,0,3,0.022641636257990223
1,2,3,0.06620915222805285
1,2,3,NaN
2,1,3,NaN
2,1,3,NaN
2,1,3,NaN
1,2,3,NaN
2,1,3,NaN
3,0,3,NaN
1,2,3,NaN
1,2,3,0.7659187175498298
2,1,3,NaN
2,1,3,NaN
1,2,3,0.04740052257982461
1,2,3,NaN
1,2,3,NaN
1,2,3,0.7008553584305408
2,1,3,NaN
3,0,3,NaN
1,2,3,NaN
1,2,3,NaN
3,0,3,NaN
1,2,3,NaN
1,2,3,NaN
3,0,3,0.2770589453938832
1,2,3,NaN
1,2,3,NaN
3,0,3,NaN
3,0,3,NaN
1,2,3,0.922483585895465
1,2,3,NaN
3,0,3,NaN
3,0,3,0.12196444410581492
1,2,3,NaN
2,1,3,NaN
3,0,3,0.12196444410581492
1,2,3,NaN
1,2,3,NaN
3,0,3,0.045946027748132785
3,0,3,NaN
1,2,3,0.3147278493122561
1,2,3,NaN
3,0,3,NaN
3,0,3,NaN
3,0,3,0.8791469822960243
3,0,3,NaN
2,1,3,0.8166047472199134
1,2,3,NaN
3,0,3,NaN
1,2,3,NaN
1,2,3,NaN
3,0,3,NaN
3,0,3,NaN
1,2,3,NaN
3,0,3,NaN
3,0,3,0.14080710657571024
3,0,3,NaN
2,1,3,0.4389759442456205
2,1,3,0.39365820288251563
3,0,3,NaN
3,0,3,NaN
2,1,3,0.5773495910338519
1,2,3,NaN
2,1,3,NaN
3,0,3,0.21187913375295056
3,0,3,NaN
3,0,3,0.2770589453938832
3,0,3,0.9799588626550771
1,2,3,0.18561760226461765
1,2,3,NaN
2,1,3,0.534054961478336
1,2,3,0.06988872661807305
1,2,3,NaN
2,1,3,0.39365820288251563
2,1,3,0.39365820288251563
1,2,3,NaN
2,1,3,NaN
2,1,3,NaN
2,1,3,0.14080710657571024
2,1,3,0.535975218823262
1,2,3,NaN
3,0,3,NaN
2,1,3,NaN
2,1,3,NaN
1,2,3,0.35163936320323114
1,2,3,NaN
2,1,3,0.7351022872357142
1,2,3,NaN
3,0,3,NaN
3,0,3,0.06988872661807305
1,2,3,NaN
1,2,3,NaN
1,2,3,NaN
3,0,3,0.35163936320323114
1,2,3,NaN
2,1,3,0.5773495910338519
1,2,3,0.2770589453938832
3,0,3,NaN
2,1,3,NaN
1,2,3,NaN
1,2,3,NaN
2,1,3,NaN
3,0,3,0.7008553584305408
3,0,3,0.991808263676121
1,2,3,0.8791469822960243
1,2,3,0.08115644780417555
1,2,3,0.8204795116931126
2,1,3,NaN
2,1,3,NaN
2,1,3,0.4869472780660612
3,0,3,NaN
3,0,3,NaN
3,0,3,NaN
1,2,3,NaN
2,1,3,0.7480209814809362
1,2,3,NaN
1,2,3,0.534054961478336
2,1,3,0.11406515607463821
1,2,3,0.5773495910338519
3,0,3,0.12196444410581492
3,0,3,NaN
1,2,3,0.39365820288251563
1,2,3,NaN
2,1,3,NaN
1,2,3,NaN
3,0,3,0.2683530068653033
1,2,3,0.5278740202920688
2,1,3,NaN
1,2,3,NaN
2,1,3,0.997608072328767
1,2,3,0.7659187175498298
2,1,3,NaN
2,1,3,NaN
1,2,3,0.922483585895465
2,1,3,NaN
2,1,3,NaN
2,1,3,NaN
2,1,3,NaN
2,1,3,0.39365820288251563
2,1,3,0.21187913375295056
2,1,3,NaN
1,2,3,NaN
1,2,3,NaN
1,2,3,NaN
1,2,3,NaN
1,2,3,0.2770589453938832
2,1,3,NaN
2,1,3,0.06058247105517931
3,0,3,NaN
1,2,3,0.10644627622097674
2,1,3,NaN
2,1,3,0.9534911290835386
2,1,3,0.6211047067208528
3,0,3,NaN
3,0,3,NaN
1,2,3,NaN
1,2,3,NaN
1,2,3,0.8791469822960243
1,2,3,NaN
2,1,3,NaN
1,2,3,NaN
3,0,3,NaN
3,0,3,NaN
3,0,3,NaN
2,1,3,0.4869472780660612
1,2,3,NaN
3,0,3,NaN
3,0,3,0.05295374443847441
2,1,3,0.5773495910338519
1,2,3,NaN
3,0,3,NaN
1,2,3,NaN
1,2,3,NaN
3,0,3,NaN
3,0,3,NaN
3,0,3,NaN
1,2,3,NaN
1,2,3,NaN
1,2,3,NaN
2,1,3,NaN
2,1,3,NaN
1,2,3,NaN
1,2,3,NaN
1,2,3,NaN
1,2,3,NaN
1,2,3,NaN
1,2,3,NaN
3,0,3,NaN
1,2,3,NaN
1,2,3,NaN
1,2,3,NaN
2,1,3,NaN
1,2,3,0.534054961478336
2,1,3,NaN
3,0,3,0.5773495910338519
1,2,3,NaN
1,2,3,NaN
2,1,3,NaN
3,0,3,0.579049057228479
3,0,3,NaN
1,2,3,0.18561760226461765
2,1,3,NaN
2,1,3,NaN
1,2,3,0.8418168267177661
2,1,3,NaN
1,2,3,NaN
2,1,3,0.2770589453938832
2,1,3,NaN
2,1,3,0.0001373676533119511
1,2,3,NaN
3,0,3,0.9097889372969507
1,2,3,NaN
1,2,3,NaN
1,2,3,NaN
1,2,3,NaN
3,0,3,0.8617097556108892
3,0,3,NaN
3,0,3,NaN
1,2,3,NaN
3,0,3,NaN
2,1,3,NaN
1,2,3,NaN
2,1,3,0.7351022872357142
1,2,3,0.4879529496369322
1,2,3,0.7659187175498298
1,2,3,0.7351022872357142
2,1,3,0.366074171362223
1,2,3,NaN
2,1,3,NaN
3,0,3,NaN
3,0,3,NaN
2,1,3,NaN
1,2,3,NaN
1,2,3,0.06988872661807305
1,2,3,NaN
2,1,3,0.4389759442456205
1,2,3,NaN
3,0,3,NaN
1,2,3,NaN
1,2,3,0.5041657247895234
1,2,3,NaN
1,2,3,NaN
2,1,3,NaN
2,1,3,NaN
1,2,3,NaN
2,1,3,NaN
2,1,3,0.7943141978951035
1,2,3,0.4389759442456205
2,1,3,NaN
2,1,3,NaN
1,2,3,NaN
2,1,3,NaN
3,0,3,0.21187913375295056
3,0,3,0.4869472780660612
3,0,3,NaN
1,2,3,0.5554376351523436
2,1,3,NaN
2,1,3,NaN
2,1,3,NaN
1,2,3,NaN
1,2,3,NaN
1,2,3,NaN
1,2,3,NaN
2,1,3,0.4389759442456205
2,1,3,0.8949950374154003
1,2,3,0.09331494238381467
2,1,3,NaN
1,2,3,NaN
1,2,3,NaN
1,2,3,0.35163936320323114
2,1,3,NaN
2,1,3,NaN
1,2,3,0.14080710657571024
2,1,3,NaN
1,2,3,NaN
3,0,3,NaN
2,1,3,NaN
3,0,3,0.6211047067208528
2,1,3,0.35163936320323114
1,2,3,NaN
1,2,3,NaN
1,2,3,0.6629394266610144
2,1,3,NaN
2,1,3,NaN
3,0,3,NaN
1,2,3,0.06988872661807305
1,2,3,0.4389759442456205
1,2,3,NaN
3,0,3,0.7351022872357142
2,1,3,0.7693964938216118
2,1,3,0.6629394266610144
1,2,3,NaN
1,2,3,0.9444012070806406
1,2,3,NaN
1,2,3,0.7402398398099163
3,0,3,0.7008553584305408
1,2,3,NaN
1,2,3,0.161264881038212
1,2,3,0.161264881038212
2,1,3,0.10644627622097674
2,1,3,NaN
2,1,3,NaN
1,2,3,NaN
1,2,3,0.21187913375295056
1,2,3,0.5808813602523217
3,0,3,0.5773495910338519
1,2,3,NaN
2,1,3,0.09331494238381467
2,1,3,NaN
1,2,3,0.6172258058419916
1,2,3,0.4869472780660612
2,1,3,0.6629394266610144
3,0,3,NaN
3,0,3,0.005918331217027707
2,1,3,NaN
3,0,3,NaN
1,2,3,0.24299412154726827
2,1,3,NaN
3,0,3,NaN
2,1,3,0.9145555838841878
1,2,3,NaN
1,2,3,NaN
2,1,3,0.35163936320323114
1,2,3,0.4389759442456205
3,0,3,NaN
2,1,3,NaN
1,2,3,NaN
1,2,3,NaN
3,0,3,NaN
2,1,3,NaN
2,1,3,0.8791469822960243
3,0,3,0.2770589453938832
2,1,3,0.9444012070806406
3,0,3,0.6211047067208528
1,2,3,NaN
1,2,3,0.688100758533317
1,2,3,0.21365415163132023
2,1,3,0.7659187175498298
1,2,3,NaN
2,1,3,NaN
1,2,3,NaN
3,0,3,0.4389759442456205
1,2,3,NaN
3,0,3,0.4389759442456205
2,1,3,NaN
2,1,3,NaN
3,0,3,NaN
1,2,3,NaN
2,1,3,NaN
2,1,3,0.35163936320323114
1,2,3,NaN
2,1,3,NaN
1,2,3,NaN
3,0,3,NaN
3,0,3,NaN
2,1,3,NaN
1,2,3,0.9097889372969507
1,2,3,NaN
3,0,3,0.9690207992381747
1,2,3,NaN
3,0,3,NaN
2,1,3,NaN
1,2,3,NaN
1,2,3,NaN
2,1,3,NaN
1,2,3,NaN
3,0,3,NaN
3,0,3,0.8791469822960243
3,0,3,NaN
1,2,3,NaN
3,0,3,0.0009767287184344162
2,1,3,0.5808813602523217
2,1,3,NaN
2,1,3,0.7008553584305408
1,2,3,0.6629394266610144
1,2,3,0.4869472780660612
2,1,3,NaN
2,1,3,NaN
1,2,3,NaN
1,2,3,NaN
3,0,3,NaN
1,2,3,NaN
1,2,3,0.39365820288251563
1,2,3,NaN
2,1,3,NaN
1,2,3,NaN
1,2,3,NaN
1,2,3,NaN
2,1,3,0.6211047067208528
1,2,3,0.05295374443847441
1,2,3,NaN
1,2,3,NaN
3,0,3,0.4869472780660612
3,0,3,NaN
2,1,3,NaN
1,2,3,0.8853210507999522
2,1,3,0.15135508618465984
3,0,3,NaN
2,1,3,0.8617097556108892
2,1,3,NaN
3,0,3,0.35163936320323114
3,0,3,NaN
2,1,3,NaN
1,2,3,NaN
3,0,3,NaN
2,1,3,NaN
1,2,3,0.14080710657571024
2,1,3,NaN
3,0,3,0.7008553584305408
3,0,3,0.012345785291434725
2,1,3,NaN
2,1,3,0.8204795116931126
3,0,3,0.8418168267177661
3,0,3,NaN
1,2,3,NaN
1,2,3,NaN
3,0,3,NaN
2,1,3,0.7008553584305408
1,2,3,NaN
1,2,3,NaN
1,2,3,NaN
1,2,3,NaN
2,1,3,0.6629394266610144
2,1,3,NaN
1,2,3,NaN
2,1,3,NaN
1,2,3,NaN
3,0,3,NaN
1,2,3,NaN
3,0,3,NaN
1,2,3,NaN
2,1,3,NaN
1,2,3,NaN
1,2,3,NaN
1,2,3,NaN
1,2,3,NaN
3,0,3,NaN
2,1,3,0.922483585895465
1,2,3,NaN
1,2,3,NaN
2,1,3,NaN
2,1,3,NaN
3,0,3,0.9444012070806406
2,1,3,NaN
1,2,3,0.24299412154726827
3,0,3,0.6629394266610144
1,2,3,0.9690207992381747
2,1,3,NaN
1,2,3,NaN
3,0,3,NaN
1,2,3,0.011625908468073121
1,2,3,0.7008553584305408
1,2,3,NaN
1,2,3,0.14080710657571024
2,1,3,NaN
3,0,3,0.8791469822960243
3,0,3,0.7521229909408121
2,1,3,NaN
2,1,3,NaN
2,1,3,NaN
1,2,3,NaN
1,2,3,NaN
1,2,3,0.39365820288251563
1,2,3,0.9799588626550771
1,2,3,NaN
3,0,3,NaN
1,2,3,0.8949950374154003
1,2,3,0.001044946795645325
2,1,3,0.9534911290835386
3,0,3,NaN
2,1,3,NaN
2,1,3,0.8791469822960243
1,2,3,0.39365820288251563
3,0,3,NaN
2,1,3,NaN
2,1,3,NaN
1,2,3,NaN
2,1,3,NaN
1,2,3,0.161264881038212
2,1,3,NaN
2,1,3,NaN
1,2,3,NaN
2,1,3,NaN
1,2,3,NaN
2,1,3,NaN
3,0,3,NaN
1,2,3,NaN
1,2,3,NaN
2,1,3,0.534054961478336
1,2,3,NaN
1,2,3,NaN
1,2,3,0.7943141978951035
2,1,3,0.6629394266610144
1,2,3,NaN
3,0,3,NaN
2,1,3,NaN
1,2,3,0.8949950374154003
2,1,3,NaN
1,2,3,NaN
2,1,3,0.4869472780660612
1,2,3,NaN
1,2,3,NaN
2,1,3,0.3147278493122561
2,1,3,0.8791469822960243
2,1,3,NaN
1,2,3,0.8418168267177661
1,2,3,0.7008553584305408
1,2,3,NaN
2,1,3,NaN
2,1,3,0.4389759442456205
1,2,3,0.24299412154726827
3,0,3,NaN
2,1,3,NaN
1,2,3,NaN
3,0,3,0.6089267360264234
2,1,3,NaN
3,0,3,NaN
2,1,3,0.7659187175498298
1,2,3,NaN
2,1,3,0.9097889372969507
1,2,3,NaN
2,1,3,NaN
3,0,3,NaN
1,2,3,NaN
1,2,3,NaN
2,1,3,NaN
3,0,3,NaN
1,2,3,NaN
1,2,3,NaN
2,1,3,NaN
1,2,3,NaN
3,0,3,NaN
1,2,3,NaN
2,1,3,NaN
1,2,3,0.14080710657571024
1,2,3,NaN
1,2,3,NaN
2,1,3,NaN
2,1,3,NaN
1,2,3,0.9336743037628588
1,2,3,0.6629394266610144
2,1,3,NaN
2,1,3,0.045946027748132785
1,2,3,NaN
2,1,3,NaN
1,2,3,0.10644627622097674
1,2,3,0.7351022872357142
1,2,3,NaN
3,0,3,0.8949950374154003
1,2,3,NaN
1,2,3,0.3055692734095933
1,2,3,NaN
1,2,3,0.7960025998239373
3,0,3,NaN
1,2,3,NaN
3,0,3,NaN
2,1,3,0.045946027748132785
1,2,3,0.9444012070806406
2,1,3,NaN
3,0,3,NaN
1,2,3,0.5597334370659051
1,2,3,NaN
1,2,3,NaN
1,2,3,NaN
1,2,3,NaN
2,1,3,NaN
1,2,3,0.8362946899611402
1,2,3,0.7008553584305408
1,2,3,0.6629394266610144
2,1,3,NaN
2,1,3,NaN
1,2,3,NaN
1,2,3,NaN
1,2,3,0.21187913375295056
1,2,3,NaN
2,1,3,0.03973270879120916
3,0,3,NaN
3,0,3,NaN
1,2,3,0.7008553584305408
2,1,3,NaN
3,0,3,0.8949950374154003
2,1,3,NaN
1,2,3,NaN
1,2,3,0.9097889372969507
1,2,3,NaN
1,2,3,NaN
3,0,3,NaN
1,2,3,NaN
2,1,3,NaN
2,1,3,0.9534911290835386
3,0,3,NaN
2,1,3,NaN
1,2,3,NaN
2,1,3,0.7351022872357142
2,1,3,0.10644627622097674
1,2,3,0.7008553584305408
3,0,3,0.39365820288251563
2,1,3,NaN
1,2,3,NaN
1,2,3,NaN
3,0,3,0.7659187175498298
3,0,3,NaN
2,1,3,0.161264881038212
1,2,3,NaN
1,2,3,NaN
1,2,3,NaN
1,2,3,NaN
3,0,3,0.027539659549719986
1,2,3,0.8617097556108892
1,2,3,NaN
1,2,3,NaN
1,2,3,NaN
1,2,3,NaN
1,2,3,NaN
3,0,3,0.7351022872357142
2,1,3,NaN
1,2,3,0.8949950374154003
2,1,3,0.9097889372969507
3,0,3,NaN
2,1,3,0.922483585895465
3,0,3,NaN
3,0,3,NaN
1,2,3,NaN
1,2,3,NaN
1,2,3,0.2763274456538265
1,2,3,NaN
2,1,3,0.14184628934188917
3,0,3,NaN
1,2,3,0.4869472780660612
1,2,3,0.4869472780660612
2,1,3,NaN
1,2,3,0.8791469822960243
1,2,3,NaN
2,1,3,NaN
1,2,3,NaN
2,1,3,0.21239486853232076
1,2,3,NaN
2,1,3,0.3147278493122561
1,2,3,NaN
1,2,3,NaN
2,1,3,NaN
2,1,3,NaN
2,1,3,NaN
2,1,3,NaN
1,2,3,0.29973320126138214
1,2,3,0.9097889372969507
1,2,3,NaN
1,2,3,NaN
1,2,3,NaN
1,2,3,0.5773495910338519
1,2,3,0.9444012070806406
1,2,3,NaN
1,2,3,NaN
2,1,3,0.9336743037628588
1,2,3,NaN
1,2,3,NaN
1,2,3,NaN
1,2,3,0.009708197960407164
1,2,3,NaN
1,2,3,0.39365820288251563
2,1,3,NaN
1,2,3,NaN
1,2,3,NaN
3,0,3,NaN
3,0,3,NaN
1,2,3,0.922483585895465
2,1,3,NaN
1,2,3,NaN
2,1,3,0.39365820288251563
1,2,3,NaN
1,2,3,NaN
1,2,3,0.9336743037628588
1,2,3,0.06988872661807305
1,2,3,0.08115644780417555
1,2,3,NaN
2,1,3,NaN
1,2,3,NaN
2,1,3,NaN
1,2,3,0.7943141978951035
2,1,3,0.534054961478336
1,2,3,NaN
1,2,3,NaN
3,0,3,NaN
1,2,3,NaN
2,1,3,NaN
1,2,3,0.12196444410581492
2,1,3,NaN
1,2,3,0.35163936320323114
1,2,3,0.23938202845460282
1,2,3,0.6629394266610144
1,2,3,0.161264881038212
3,0,3,NaN
3,0,3,0.8617097556108892
1,2,3,NaN
2,1,3,NaN
1,2,3,NaN
1,2,3,0.7659187175498298
1,2,3,NaN
1,2,3,NaN
1,2,3,NaN
1,2,3,0.7943141978951035
1,2,3,NaN
2,1,3,NaN
2,1,3,0.011625908468073121
2,1,3,NaN
1,2,3,NaN
3,0,3,NaN
1,2,3,0.4869472780660612
1,2,3,NaN
3,0,3,0.019582362947367808
1,2,3,NaN
1,2,3,NaN
2,1,3,NaN
1,2,3,NaN
1,2,3,NaN
2,1,3,0.8617097556108892
1,2,3,NaN
1,2,3,NaN
1,2,3,NaN
1,2,3,NaN
3,0,3,0.8949950374154003
1,2,3,0.8949950374154003
2,1,3,0.3147278493122561
1,2,3,NaN
1,2,3,0.5773495910338519
1,2,3,0.7008553584305408
1,2,3,0.161264881038212
1,2,3,NaN
1,2,3,NaN
1,2,3,0.7008553584305408
2,1,3,0.7943141978951035
2,1,3,NaN
1,2,3,0.8418168267177661
2,1,3,NaN
1,2,3,0.013983976781861194
1,2,3,0.8617097556108892
2,1,3,NaN
3,0,3,NaN
1,2,3,0.8791469822960243
2,1,3,0.6629394266610144
1,2,3,NaN
2,1,3,NaN
1,2,3,0.009708197960407164
2,1,3,0.7008553584305408
1,2,3,NaN
1,2,3,0.5773495910338519
1,2,3,0.9444012070806406
2,1,3,0.045946027748132785
1,2,3,0.9799588626550771
1,2,3,0.2770589453938832
1,2,3,0.22920152809967792
2,1,3,NaN
1,2,3,NaN
1,2,3,NaN
1,2,3,0.1443539398959319
1,2,3,0.18561760226461765
2,1,3,0.3147278493122561
1,2,3,0.7351022872357142
1,2,3,NaN
1,2,3,0.9749834651108517
3,0,3,NaN
1,2,3,NaN
1,2,3,NaN
1,2,3,0.6211047067208528
1,2,3,0.6211047067208528
1,2,3,0.8949950374154003
3,0,3,NaN
2,1,3,NaN
1,2,3,NaN
3,0,3,0.631832474374774
1,2,3,0.24299412154726827
3,0,3,NaN
2,1,3,0.15715640800873198
2,1,3,NaN
1,2,3,0.5773495910338519
1,2,3,0.24299412154726827
1,2,3,0.04988791531202718
3,0,3,NaN
1,2,3,NaN
1,2,3,NaN
2,1,3,NaN
2,1,3,NaN
1,2,3,NaN
1,2,3,NaN
1,2,3,0.022642516494778057
1,2,3,0.8791469822960243
1,2,3,NaN
3,0,3,0.9099842280931664
1,2,3,NaN
1,2,3,0.13316119865824727
2,1,3,0.21187913375295056
1,2,3,NaN
1,2,3,NaN
1,2,3,0.922483585895465
1,2,3,NaN
1,2,3,NaN
2,1,3,0.09331494238381467
2,1,3,NaN
2,1,3,0.09331494238381467
1,2,3,NaN
1,2,3,0.8949950374154003
1,2,3,NaN
2,1,3,NaN
1,2,3,0.5221895389845433
1,2,3,NaN
2,1,3,0.10644627622097674
1,2,3,0.5624100504369717
1,2,3,NaN
1,2,3,0.09331494238381467
2,1,3,0.7943141978951035
2,1,3,NaN
1,2,3,NaN
2,1,3,0.7943141978951035
1,2,3,NaN
3,0,3,NaN
3,0,3,NaN
1,2,3,NaN
1,2,3,NaN
1,2,3,NaN
1,2,3,0.00013615424609687707
1,2,3,0.6629394266610144
2,1,3,0.03973270879120916
3,0,3,0.21187913375295056
1,2,3,0.0005358867667097031
3,0,3,NaN
1,2,3,0.06988872661807305
1,2,3,NaN
2,1,3,0.9749834651108517
2,1,3,0.6211047067208528
1,2,3,0.016352394412106192
2,1,3,0.06058247105517931
1,2,3,0.7008553584305408
2,1,3,0.7659187175498298
2,1,3,NaN
3,0,3,0.922483585895465
1,2,3,0.6211047067208528
1,2,3,0.10644627622097674
1,2,3,NaN
1,2,3,NaN
2,1,3,NaN
2,1,3,0.8204795116931126
3,0,3,NaN
2,1,3,NaN
1,2,3,NaN
1,2,3,NaN
2,1,3,0.18561760226461765
2,1,3,NaN
2,1,3,0.03468779084967369
1,2,3,NaN
1,2,3,NaN
1,2,3,NaN
2,1,3,NaN
3,0,3,NaN
2,1,3,NaN
2,1,3,0.9097889372969507
2,1,3,NaN
1,2,3,0.6629394266610144
2,1,3,NaN
1,2,3,NaN
1,2,3,NaN
1,2,3,NaN
2,1,3,0.6629394266610144
1,2,3,NaN
1,2,3,NaN
1,2,3,NaN
2,1,3,0.6629394266610144
1,2,3,0.03973270879120916
1,2,3,NaN
1,2,3,0.7659187175498298
2,1,3,0.6211047067208528
3,0,3,NaN
1,2,3,NaN
1,2,3,NaN
3,0,3,NaN
1,2,3,0.4389759442456205
1,2,3,0.12196444410581492
2,1,3,0.8617097556108892
2,1,3,NaN
1,2,3,NaN
1,2,3,NaN
1,2,3,NaN
1,2,3,NaN
2,1,3,NaN
2,1,3,NaN
2,1,3,0.534054961478336
1,2,3,NaN
1,2,3,NaN
1,2,3,0.21187913375295056
1,2,3,NaN
3,0,3,0.7351022872357142
1,2,3,0.8418168267177661
3,0,3,NaN
1,2,3,0.534054961478336
1,2,3,NaN
1,2,3,NaN
2,1,3,NaN
1,2,3,NaN
3,0,3,NaN
1,2,3,NaN
1,2,3,NaN
2,1,3,NaN
2,1,3,NaN
1,2,3,0.6211047067208528
1,2,3,NaN
2,1,3,0.9336743037628588
1,2,3,NaN
1,2,3,NaN
1,2,3,NaN
1,2,3,NaN
1,2,3,0.2770589453938832
1,2,3,0.7008553584305408
1,2,3,0.08115644780417555
1,2,3,0.9534911290835386
2,1,3,NaN
1,2,3,NaN
1,2,3,NaN
1,2,3,NaN
1,2,3,0.882667076629416
1,2,3,0.7943141978951035
2,1,3,NaN
1,2,3,NaN
3,0,3,NaN
1,2,3,NaN
1,2,3,0.6816983089465296
1,2,3,NaN
1,2,3,NaN
1,2,3,0.03468779084967369
1,2,3,NaN
1,2,3,NaN
1,2,3,NaN
1,2,3,0.7008553584305408
1,2,3,NaN
2,1,3,NaN
2,1,3,NaN
1,2,3,NaN
1,2,3,0.161264881038212
1,2,3,NaN
2,1,3,NaN
1,2,3,NaN
1,2,3,NaN
1,2,3,0.7659187175498298
2,1,3,NaN
1,2,3,0.2770589453938832
1,2,3,0.24299412154726827
1,2,3,NaN
2,1,3,0.06944451794035625
1,2,3,NaN
2,1,3,NaN
1,2,3,NaN
3,0,3,0.03025847703180226
2,1,3,NaN
1,2,3,NaN
1,2,3,NaN
1,2,3,NaN
1,2,3,0.9444012070806406
2,1,3,0.39365820288251563
1,2,3,0.9534911290835386
1,2,3,NaN
1,2,3,0.8204795116931126
1,2,3,NaN
1,2,3,NaN
1,2,3,NaN
1,2,3,NaN
2,1,3,NaN
1,2,3,0.6629394266610144
1,2,3,0.8204795116931126
1,2,3,0.22663646407110755
2,1,3,NaN
1,2,3,NaN
2,1,3,NaN
1,2,3,NaN
2,1,3,NaN
1,2,3,NaN
2,1,3,0.5773495910338519
1,2,3,0.9336743037628588
1,2,3,NaN
1,2,3,NaN
1,2,3,NaN
2,1,3,NaN
1,2,3,NaN
2,1,3,0.5773495910338519
2,1,3,NaN
1,2,3,0.10644627622097674
1,2,3,NaN
2,1,3,0.8918075171143799
1,2,3,NaN
1,2,3,0.7659187175498298
1,2,3,NaN
3,0,3,0.35163936320323114
2,1,3,NaN
2,1,3,0.4869472780660612
3,0,3,NaN
2,1,3,NaN
1,2,3,0.8204795116931126
2,1,3,NaN
2,1,3,NaN
1,2,3,NaN
1,2,3,NaN
3,0,3,0.8204795116931126
2,1,3,0.9845924478014567
1,2,3,NaN
1,2,3,NaN
1,2,3,0.5773495910338519
2,1,3,0.7008553584305408
1,2,3,NaN
1,2,3,0.7659187175498298
1,2,3,NaN
1,2,3,NaN
1,2,3,0.05295374443847441
1,2,3,NaN
1,2,3,NaN
1,2,3,NaN
1,2,3,NaN
1,2,3,NaN
1,2,3,NaN
1,2,3,0.8617097556108892
1,2,3,NaN
1,2,3,NaN
1,2,3,NaN
1,2,3,NaN
2,1,3,0.06058247105517931
1,2,3,NaN
3,0,3,0.2770589453938832
1,2,3,NaN
1,2,3,NaN
1,2,3,NaN
2,1,3,NaN
1,2,3,NaN
1,2,3,0.3147278493122561
2,1,3,0.7943141978951035
1,2,3,0.09331494238381467
1,2,3,0.4389759442456205
1,2,3,NaN
1,2,3,0.6629394266610144
2,1,3,0.06988872661807305
1,2,3,NaN
1,2,3,0.6629394266610144
1,2,3,0.161264881038212
2,1,3,NaN
2,1,3,0.5773495910338519
1,2,3,0.7008553584305408
1,2,3,0.9444012070806406
1,2,3,0.4869472780660612
1,2,3,NaN
1,2,3,NaN
2,1,3,0.5773495910338519
1,2,3,NaN
1,2,3,NaN
2,1,3,0.6211047067208528
2,1,3,NaN
2,1,3,NaN
1,2,3,NaN
2,1,3,NaN
1,2,3,NaN
1,2,3,NaN
1,2,3,NaN
1,2,3,0.39365820288251563
1,2,3,NaN
1,2,3,NaN
1,2,3,NaN
1,2,3,NaN
1,2,3,NaN
1,2,3,NaN
1,2,3,0.4389759442456205
1,2,3,NaN
1,2,3,0.8418168267177661
1,2,3,0.7351022872357142
1,2,3,NaN
1,2,3,0.9534911290835386
2,1,3,0.7659187175498298
1,2,3,NaN
1,2,3,NaN
2,1,3,NaN
2,1,3,NaN
3,0,3,NaN
3,0,3,NaN
1,2,3,NaN
1,2,3,NaN
1,2,3,0.161264881038212
1,2,3,NaN
1,2,3,NaN
2,1,3,NaN
1,2,3,NaN
1,2,3,NaN
1,2,3,NaN
1,2,3,NaN
1,2,3,NaN
1,2,3,NaN
1,2,3,NaN
1,2,3,NaN
1,2,3,0.9020788812147835
1,2,3,0.7008553584305408
2,1,3,NaN
1,2,3,NaN
2,1,3,0.9534911290835386
2,1,3,0.35163936320323114
2,1,3,NaN
2,1,3,NaN
1,2,3,0.4869472780660612
2,1,3,NaN
1,2,3,NaN
3,0,3,0.7008553584305408
1,2,3,NaN
2,1,3,NaN
1,2,3,NaN
1,2,3,NaN
1,2,3,0.4363123380656674
1,2,3,NaN
3,0,3,NaN
1,2,3,NaN
1,2,3,NaN
2,1,3,NaN
1,2,3,0.39365820288251563
1,2,3,0.7008553584305408
1,2,3,NaN
1,2,3,0.2770589453938832
1,2,3,NaN
1,2,3,0.04899991530502719
1,2,3,0.997608072328767
1,2,3,0.7943141978951035
1,2,3,0.8204795116931126
1,2,3,NaN
1,2,3,NaN
2,1,3,0.022641636257990223
1,2,3,0.5773495910338519
3,0,3,NaN
1,2,3,NaN
1,2,3,0.7008553584305408
1,2,3,NaN
3,0,3,0.7351022872357142
1,2,3,0.6629394266610144
1,2,3,NaN
1,2,3,0.7943141978951035
1,2,3,NaN
1,2,3,NaN
1,2,3,NaN
1,2,3,NaN
1,2,3,NaN
1,2,3,NaN
1,2,3,NaN
1,2,3,0.10644627622097674
2,1,3,NaN
3,0,3,NaN
1,2,3,NaN
1,2,3,NaN
1,2,3,0.9444012070806406
2,1,3,0.03468779084967369
1,2,3,NaN
1,2,3,NaN
1,2,3,0.7851748406066483
1,2,3,0.8418168267177661
2,1,3,NaN
1,2,3,0.21187913375295056
1,2,3,0.2770589453938832
2,1,3,NaN
1,2,3,0.24299412154726827
3,0,3,NaN
1,2,3,NaN
2,1,3,NaN
2,1,3,0.5773495910338519
1,2,3,0.14080710657571024
1,2,3,0.39365820288251563
1,2,3,NaN
1,2,3,NaN
1,2,3,NaN
1,2,3,0.534054961478336
1,2,3,NaN
1,2,3,0.21187913375295056
1,2,3,0.922483585895465
1,2,3,0.7351022872357142
2,1,3,NaN
2,1,3,NaN
1,2,3,NaN
1,2,3,NaN
1,2,3,NaN
2,1,3,0.3147278493122561
1,2,3,0.022641636257990223
1,2,3,0.4389759442456205
1,2,3,NaN
1,2,3,0.6291411078583002
3,0,3,NaN
3,0,3,0.4869472780660612
1,2,3,NaN
2,1,3,NaN
1,2,3,0.8204795116931126
1,2,3,0.7943141978951035
1,2,3,NaN
2,1,3,0.534054961478336
1,2,3,0.21187913375295056
1,2,3,7.456466442985821e-8
1,2,3,0.39306511582000914
1,2,3,NaN
1,2,3,NaN
1,2,3,NaN
1,2,3,NaN
2,1,3,NaN
1,2,3,0.6629394266610144
2,1,3,0.7008553584305408
1,2,3,NaN
1,2,3,NaN
1,2,3,NaN
1,2,3,NaN
1,2,3,NaN
1,2,3,NaN
1,2,3,NaN
1,2,3,0.9534911290835386
1,2,3,NaN
1,2,3,NaN
1,2,3,0.18561760226461765
1,2,3,0.9411847454973163
1,2,3,NaN
1,2,3,NaN
1,2,3,NaN
1,2,3,NaN
1,2,3,0.7029794519095245
1,2,3,NaN
2,1,3,NaN
2,1,3,0.534054961478336
2,1,3,0.7008553584305408
1,2,3,NaN
1,2,3,NaN
1,2,3,NaN
1,2,3,NaN
1,2,3,NaN
3,0,3,NaN
1,2,3,NaN
1,2,3,NaN
1,2,3,NaN
1,2,3,0.016352394412106192
1,2,3,NaN
1,2,3,NaN
1,2,3,NaN
1,2,3,NaN
2,1,3,NaN
1,2,3,NaN
1,2,3,0.4869472780660612
1,2,3,NaN
1,2,3,NaN
3,0,3,NaN
1,2,3,NaN
1,2,3,NaN
1,2,3,NaN
2,1,3,0.21187913375295056
1,2,3,0.21187913375295056
1,2,3,0.03973270879120916
3,0,3,NaN
1,2,3,NaN
1,2,3,NaN
1,2,3,NaN
2,1,3,NaN
1,2,3,0.9097889372969507
1,2,3,0.8418168267177661
1,2,3,NaN
1,2,3,NaN
1,2,3,NaN
2,1,3,NaN
1,2,3,NaN
1,2,3,NaN
2,1,3,NaN
2,1,3,NaN
1,2,3,0.10644627622097674
1,2,3,NaN
1,2,3,0.24299412154726827
2,1,3,0.019582362947367808
1,2,3,0.5773495910338519
2,1,3,0.6629394266610144
1,2,3,NaN
1,2,3,0.7008553584305408
1,2,3,0.7351022872357142
1,2,3,0.4389759442456205
1,2,3,NaN
1,2,3,NaN
3,0,3,NaN
1,2,3,0.534054961478336
1,2,3,NaN
1,2,3,NaN
1,2,3,NaN
1,2,3,NaN
1,2,3,0.4389759442456205
1,2,3,0.013595179396091573
1,2,3,0.5773495910338519
1,2,3,NaN
1,2,3,0.7008553584305408
1,2,3,0.4869472780660612
1,2,3,NaN
1,2,3,NaN
1,2,3,NaN
1,2,3,NaN
1,2,3,NaN
1,2,3,0.06988872661807305
1,2,3,NaN
1,2,3,NaN
2,1,3,NaN
1,2,3,0.6211047067208528
1,2,3,0.6211047067208528
1,2,3,NaN
1,2,3,NaN
1,2,3,NaN
1,2,3,0.7008553584305408
1,2,3,NaN
1,2,3,NaN
1,2,3,NaN
1,2,3,NaN
2,1,3,NaN
1,2,3,0.7851748406066483
1,2,3,0.8418168267177661
2,1,3,NaN
2,1,3,0.534054961478336
1,2,3,NaN
1,2,3,0.24299412154726827
1,2,3,NaN
1,2,3,NaN
1,2,3,NaN
1,2,3,NaN
1,2,3,NaN
2,1,3,NaN
1,2,3,NaN
2,1,3,NaN
1,2,3,NaN
1,2,3,NaN
1,2,3,NaN
1,2,3,0.8791469822960243
1,2,3,0.6629394266610144
1,2,3,NaN
1,2,3,0.005038566103179246
1,2,3,NaN
1,2,3,NaN
1,2,3,NaN
1,2,3,0.5773495910338519
1,2,3,NaN
2,1,3,NaN
1,2,3,NaN
2,1,3,0.21187913375295056
1,2,3,NaN
1,2,3,NaN
1,2,3,NaN
1,2,3,NaN
1,2,3,NaN
2,1,3,0.7351022872357142
1,2,3,0.6211047067208528
1,2,3,NaN
1,2,3,0.7659187175498298
1,2,3,NaN
1,2,3,0.7008553584305408
1,2,3,NaN
1,2,3,NaN
1,2,3,0.5773495910338519
1,2,3,NaN
1,2,3,NaN
1,2,3,0.9175617550825657
2,1,3,NaN
1,2,3,NaN
1,2,3,0.24299412154726827
1,2,3,NaN
1,2,3,0.12196444410581492
1,2,3,NaN
1,2,3,NaN
1,2,3,NaN
1,2,3,0.2770589453938832
1,2,3,NaN
1,2,3,NaN
1,2,3,NaN
1,2,3,NaN
1,2,3,0.7008553584305408
2,1,3,NaN
1,2,3,NaN
1,2,3,NaN
1,2,3,NaN
1,2,3,NaN
1,2,3,NaN
1,2,3,0.08115644780417555
1,2,3,0.009708197960407164
1,2,3,NaN
2,1,3,0.9097889372969507
1,2,3,0.5624100504369717
1,2,3,NaN
1,2,3,0.7943141978951035
0,3,3,NaN
0,3,3,NaN
0,3,3,0.217050164247512
0,3,3,NaN
0,3,3,0.7659187175498298
0,3,3,NaN
0,3,3,NaN
0,3,3,NaN
0,3,3,NaN
0,3,3,NaN
0,3,3,NaN
0,3,3,NaN
0,3,3,NaN
0,3,3,NaN
0,3,3,NaN
0,3,3,NaN
0,3,3,NaN
0,3,3,NaN
0,3,3,NaN
0,3,3,NaN
0,3,3,0.09331494238381467
0,3,3,0.08115644780417555
0,3,3,NaN
0,3,3,NaN
0,3,3,NaN
0,3,3,NaN
0,3,3,NaN
0,3,3,NaN
0,3,3,NaN
0,3,3,0.4389759442456205
0,3,3,NaN
0,3,3,0.7008553584305408
0,3,3,NaN
0,3,3,NaN
0,3,3,NaN
0,3,3,NaN
0,3,3,0.9131039566109892
0,3,3,NaN
0,3,3,0.06058247105517931
0,3,3,NaN
0,3,3,NaN
0,3,3,NaN
0,3,3,NaN
0,3,3,0.7943141978951035
0,3,3,NaN
0,3,3,NaN
0,3,3,NaN
0,3,3,NaN
0,3,3,NaN
0,3,3,NaN
0,3,3,NaN
0,3,3,0.9739537997229566
0,3,3,NaN
0,3,3,NaN
0,3,3,NaN
0,3,3,0.21187913375295056
0,3,3,0.8286953672056603
0,3,3,NaN
0,3,3,NaN
0,3,3,0.14080710657571024
0,3,3,NaN
0,3,3,NaN
0,3,3,NaN
0,3,3,NaN
0,3,3,NaN
0,3,3,NaN
0,3,3,NaN
0,3,3,NaN
0,3,3,NaN
0,3,3,NaN
0,3,3,0.08115644780417555
0,3,3,NaN
0,3,3,NaN
0,3,3,NaN
0,3,3,NaN
0,3,3,0.6629394266610144
0,3,3,0.6629394266610144
0,3,3,NaN
0,3,3,NaN
0,3,3,NaN
0,3,3,NaN
0,3,3,0.04633833396486739
0,3,3,0.4869472780660612
0,3,3,NaN
0,3,3,0.922483585895465
0,3,3,0.9444012070806406
0,3,3,NaN
0,3,3,0.9097889372969507
0,3,3,NaN
0,3,3,NaN
0,3,3,NaN
0,3,3,0.7659187175498298
0,3,3,NaN
0,3,3,NaN
0,3,3,NaN
0,3,3,NaN
0,3,3,0.9444012070806406
0,3,3,NaN
0,3,3,NaN
0,3,3,NaN
0,3,3,NaN
0,3,3,0.5773495910338519
0,3,3,NaN
0,3,3,0.35163936320323114
0,3,3,NaN
0,3,3,NaN
0,3,3,0.8791469822960243
0,3,3,NaN
0,3,3,NaN
0,3,3,NaN
0,3,3,NaN
0,3,3,NaN
0,3,3,NaN
0,3,3,NaN
0,3,3,NaN
0,3,3,0.8617097556108892
0,3,3,NaN
0,3,3,NaN
0,3,3,NaN
0,3,3,0.4389759442456205
0,3,3,NaN
0,3,3,NaN
0,3,3,NaN
0,3,3,NaN
0,3,3,NaN
0,3,3,NaN
0,3,3,NaN
0,3,3,0.534054961478336
0,3,3,NaN
0,3,3,NaN
0,3,3,0.7569530940454013
0,3,3,NaN
0,3,3,0.6326650082757775
0,3,3,NaN
0,3,3,NaN
0,3,3,NaN
0,3,3,NaN
0,3,3,NaN
0,3,3,NaN
0,3,3,NaN
0,3,3,NaN
0,3,3,NaN
0,3,3,NaN
0,3,3,NaN
0,3,3,NaN
0,3,3,NaN
0,3,3,NaN
0,3,3,NaN
0,3,3,0.8418168267177661
0,3,3,0.8418168267177661
0,3,3,0.7008553584305408
0,3,3,NaN
0,3,3,NaN
0,3,3,NaN
0,3,3,NaN
0,3,3,NaN
0,3,3,NaN
0,3,3,NaN
0,3,3,0.534054961478336
0,3,3,NaN
0,3,3,0.8791469822960243
0,3,3,NaN
0,3,3,NaN
0,3,3,NaN
0,3,3,NaN
0,3,3,NaN
0,3,3,NaN
0,3,3,0.7943141978951035
0,3,3,0.161264881038212
0,3,3,NaN
0,3,3,NaN
0,3,3,NaN
0,3,3,0.10644627622097674
0,3,3,NaN
0,3,3,NaN
0,3,3,0.00845056704731292
0,3,3,NaN
0,3,3,NaN
0,3,3,NaN
0,3,3,NaN
0,3,3,0.7008553584305408
0,3,3,NaN
0,3,3,NaN
0,3,3,NaN
0,3,3,NaN
0,3,3,NaN
0,3,3,NaN
0,3,3,0.14080710657571024
0,3,3,NaN
0,3,3,NaN
0,3,3,NaN
0,3,3,NaN
0,3,3,0.21187913375295056
0,3,3,NaN
0,3,3,NaN
0,3,3,NaN
0,3,3,NaN
0,3,3,NaN
0,3,3,NaN
0,3,3,0.8617097556108892
0,3,3,NaN
0,3,3,NaN
0,3,3,NaN
0,3,3,NaN
0,3,3,0.35163936320323114
0,3,3,NaN
0,3,3,NaN
0,3,3,0.8949950374154003
0,3,3,NaN
0,3,3,0.3147278493122561
0,3,3,NaN
0,3,3,NaN
0,3,3,NaN
0,3,3,NaN
0,3,3,NaN
0,3,3,NaN
0,3,3,NaN
0,3,3,0.4869472780660612
0,3,3,NaN
0,3,3,NaN
0,3,3,NaN
0,3,3,NaN
0,3,3,0.14261592974341325
0,3,3,NaN
0,3,3,0.6211047067208528
0,3,3,NaN
0,3,3,NaN
0,3,3,NaN
0,3,3,NaN
0,3,3,0.4389759442456205
0,3,3,NaN
0,3,3,0.019582362947367808
0,3,3,NaN
0,3,3,NaN
0,3,3,NaN
0,3,3,NaN
0,3,3,NaN
0,3,3,NaN
0,3,3,NaN
0,3,3,NaN
0,3,3,0.9534911290835386
0,3,3,NaN
0,3,3,NaN
0,3,3,NaN
0,3,3,NaN
0,3,3,NaN
0,3,3,NaN
0,3,3,0.18561760226461765
0,3,3,NaN
0,3,3,NaN
0,3,3,NaN
0,3,3,0.3147278493122561
0,3,3,0.7659187175498298
0,3,3,0.2770589453938832
0,3,3,NaN
0,3,3,NaN
0,3,3,0.8418168267177661
0,3,3,NaN
0,3,3,NaN
0,3,3,NaN
0,3,3,NaN
0,3,3,0.05295374443847441
0,3,3,NaN
0,3,3,0.6211047067208528
0,3,3,NaN
0,3,3,NaN
0,3,3,NaN
0,3,3,NaN
0,3,3,NaN
0,3,3,NaN
0,3,3,0.019582362947367808
0,3,3,NaN
0,3,3,NaN
0,3,3,NaN
0,3,3,NaN
0,3,3,NaN
0,3,3,NaN
0,3,3,NaN
0,3,3,NaN
0,3,3,NaN
0,3,3,0.922483585895465
0,3,3,NaN
0,3,3,NaN
0,3,3,NaN
0,3,3,NaN
0,3,3,NaN
0,3,3,NaN
0,3,3,NaN
0,3,3,0.39365820288251563
0,3,3,0.9444012070806406
0,3,3,NaN
0,3,3,NaN
0,3,3,NaN
0,3,3,NaN
0,3,3,NaN
0,3,3,NaN
0,3,3,0.35163936320323114
0,3,3,NaN
0,3,3,NaN
0,3,3,NaN
0,3,3,NaN
0,3,3,NaN
0,3,3,0.6211047067208528
0,3,3,NaN
0,3,3,NaN
0,3,3,NaN
0,3,3,0.161264881038212
0,3,3,NaN
0,3,3,NaN
0,3,3,NaN
0,3,3,NaN
0,3,3,NaN
0,3,3,NaN
0,3,3,NaN
0,3,3,NaN
0,3,3,NaN
0,3,3,NaN
0,3,3,NaN
0,3,3,NaN
0,3,3,0.534054961478336
0,3,3,NaN
0,3,3,NaN
0,3,3,NaN
0,3,3,NaN
0,3,3,NaN
0,3,3,NaN
0,3,3,NaN
0,3,3,NaN
0,3,3,NaN
0,3,3,NaN
0,3,3,NaN
0,3,3,NaN
0,3,3,NaN
0,3,3,0.24299412154726827
0,3,3,NaN
0,3,3,NaN
0,3,3,NaN
0,3,3,NaN
0,3,3,NaN
0,3,3,NaN
0,3,3,NaN
0,3,3,NaN
0,3,3,0.5773495910338519
0,3,3,NaN
0,3,3,NaN
0,3,3,NaN
0,3,3,NaN
0,3,3,0.9444012070806406
0,3,3,NaN
0,3,3,0.8791469822960243
0,3,3,NaN
0,3,3,NaN
0,3,3,0.4869472780660612
0,3,3,NaN
0,3,3,NaN
0,3,3,NaN
0,3,3,NaN
0,3,3,NaN
0,3,3,NaN
0,3,3,0.8949950374154003
0,3,3,NaN
0,3,3,NaN
0,3,3,NaN
0,3,3,0.9444012070806406
0,3,3,NaN
0,3,3,NaN
0,3,3,NaN
0,3,3,0.35163936320323114
0,3,3,0.8418168267177661
0,3,3,0.534054961478336
0,3,3,NaN
0,3,3,0.6211047067208528
0,3,3,NaN
0,3,3,0.4389759442456205
0,3,3,NaN
0,3,3,NaN
0,3,3,NaN
0,3,3,NaN
0,3,3,NaN
0,3,3,0.8617097556108892
0,3,3,NaN
0,3,3,NaN
0,3,3,0.2770589453938832
0,3,3,NaN
0,3,3,0.10644627622097674
0,3,3,0.7659187175498298
0,3,3,NaN
0,3,3,NaN
0,3,3,NaN
0,3,3,0.24299412154726827
0,3,3,0.045946027748132785
0,3,3,NaN
0,3,3,NaN
0,3,3,NaN
0,3,3,NaN
0,3,3,NaN
0,3,3,NaN
0,3,3,NaN
0,3,3,0.022641636257990223
0,3,3,0.7943141978951035
0,3,3,0.534054961478336
0,3,3,NaN
0,3,3,NaN
0,3,3,NaN
0,3,3,NaN
0,3,3,0.7351022872357142
0,3,3,NaN
0,3,3,NaN
0,3,3,NaN
0,3,3,NaN
0,3,3,NaN
0,3,3,NaN
0,3,3,NaN
0,3,3,0.2770589453938832
0,3,3,NaN
0,3,3,NaN
0,3,3,NaN
0,3,3,NaN
0,3,3,NaN
0,3,3,NaN
0,3,3,0.5773495910338519
0,3,3,NaN
0,3,3,NaN
0,3,3,NaN
0,3,3,NaN
0,3,3,0.6211047067208528
0,3,3,NaN
0,3,3,NaN
0,3,3,0.35163936320323114
0,3,3,NaN
0,3,3,NaN
0,3,3,NaN
0,3,3,NaN
0,3,3,NaN
0,3,3,NaN
0,3,3,0.019582362947367808
0,3,3,NaN
0,3,3,NaN
0,3,3,0.161264881038212
0,3,3,0.39365820288251563
0,3,3,0.4389759442456205
0,3,3,0.8418168267177661
0,3,3,0.35163936320323114
0,3,3,NaN
0,3,3,NaN
0,3,3,NaN
0,3,3,NaN
0,3,3,NaN
0,3,3,NaN
0,3,3,NaN
0,3,3,NaN
0,3,3,NaN
0,3,3,NaN
0,3,3,NaN
0,3,3,0.4389759442456205
0,3,3,0.8204795116931126
0,3,3,NaN
0,3,3,NaN
0,3,3,0.24299412154726827
0,3,3,NaN
0,3,3,NaN
0,3,3,NaN
0,3,3,NaN
0,3,3,NaN
0,3,3,NaN
0,3,3,NaN
0,3,3,NaN
0,3,3,NaN
0,3,3,0.5773495910338519
0,3,3,NaN
0,3,3,NaN
0,3,3,NaN
0,3,3,NaN
0,3,3,NaN
0,3,3,NaN
0,3,3,NaN
0,3,3,0.7351022872357142
0,3,3,0.8791469822960243
0,3,3,0.18561760226461765
0,3,3,NaN
0,3,3,NaN
0,3,3,0.6629394266610144
0,3,3,NaN
0,3,3,NaN
0,3,3,NaN
0,3,3,NaN
0,3,3,NaN
0,3,3,NaN
0,3,3,NaN
0,3,3,0.010715748412665371
0,3,3,0.8791469822960243
0,3,3,0.14080710657571024
0,3,3,NaN
0,3,3,NaN
0,3,3,0.4869472780660612
0,3,3,NaN
0,3,3,NaN
0,3,3,NaN
0,3,3,NaN
0,3,3,NaN
0,3,3,NaN
0,3,3,NaN
0,3,3,NaN
0,3,3,0.8617097556108892
0,3,3,NaN
0,3,3,0.4389759442456205
0,3,3,NaN
0,3,3,0.7008553584305408
0,3,3,NaN
0,3,3,NaN
0,3,3,0.4584957332891234
0,3,3,NaN
0,3,3,NaN
0,3,3,NaN
0,3,3,NaN
0,3,3,NaN
0,3,3,0.09331494238381467
0,3,3,NaN
0,3,3,NaN
0,3,3,NaN
0,3,3,0.39365820288251563
0,3,3,NaN
0,3,3,0.3147278493122561
0,3,3,NaN
0,3,3,NaN
0,3,3,NaN
0,3,3,NaN
0,3,3,0.6211047067208528
0,3,3,NaN
0,3,3,0.9444012070806406
0,3,3,NaN
0,3,3,NaN
0,3,3,NaN
0,3,3,0.9534911290835386
0,3,3,NaN
0,3,3,NaN
0,3,3,0.7943141978951035
0,3,3,NaN
0,3,3,NaN
0,3,3,0.3147278493122561
0,3,3,NaN
0,3,3,NaN
0,3,3,NaN
0,3,3,NaN
0,3,3,NaN
0,3,3,NaN
0,3,3,NaN
0,3,3,NaN
0,3,3,0.9336743037628588
0,3,3,NaN
0,3,3,NaN
0,3,3,0.7351022872357142
0,3,3,0.922483585895465
0,3,3,NaN
0,3,3,NaN
0,3,3,NaN
0,3,3,0.9444012070806406
0,3,3,NaN
0,3,3,NaN
0,3,3,NaN
0,3,3,0.21187913375295056
0,3,3,NaN
0,3,3,NaN
0,3,3,NaN
0,3,3,NaN
0,3,3,NaN
0,3,3,NaN
0,3,3,NaN
0,3,3,NaN
0,3,3,NaN
0,3,3,NaN
0,3,3,NaN
0,3,3,0.24299412154726827
0,3,3,NaN
0,3,3,0.4389759442456205
0,3,3,NaN
0,3,3,NaN
0,3,3,NaN
0,3,3,NaN
0,3,3,NaN
0,3,3,NaN
0,3,3,0.5773495910338519
0,3,3,NaN
0,3,3,0.7659187175498298
0,3,3,NaN
0,3,3,0.21187913375295056
0,3,3,NaN
0,3,3,NaN
0,3,3,NaN
0,3,3,NaN
0,3,3,NaN
0,3,3,NaN
0,3,3,NaN
0,3,3,0.8791469822960243
0,3,3,NaN
0,3,3,NaN
0,3,3,NaN
0,3,3,NaN
0,3,3,NaN
0,3,3,NaN
0,3,3,NaN
0,3,3,NaN
0,3,3,NaN
0,3,3,NaN
0,3,3,NaN
0,3,3,NaN
0,3,3,0.39365820288251563
0,3,3,NaN
0,3,3,0.7351022872357142
0,3,3,0.21187913375295056
0,3,3,NaN
0,3,3,0.7943141978951035
0,3,3,NaN
0,3,3,NaN
0,3,3,NaN
0,3,3,NaN
0,3,3,0.534054961478336
0,3,3,NaN
0,3,3,0.7008553584305408
0,3,3,NaN
0,3,3,0.18561760226461765
0,3,3,NaN
0,3,3,NaN
0,3,3,NaN
0,3,3,0.02611284212389445
0,3,3,0.3147278493122561
0,3,3,0.9534911290835386
0,3,3,NaN
0,3,3,NaN
0,3,3,NaN
0,3,3,NaN
0,3,3,0.9336743037628588
0,3,3,0.534054961478336
0,3,3,0.4869472780660612
0,3,3,NaN
0,3,3,0.14080710657571024
0,3,3,NaN
0,3,3,NaN
0,3,3,NaN
0,3,3,NaN
0,3,3,NaN
0,3,3,NaN
0,3,3,NaN
0,3,3,NaN
0,3,3,NaN
0,3,3,NaN
0,3,3,0.22846665232725852
0,3,3,NaN
0,3,3,NaN
0,3,3,NaN
0,3,3,NaN
0,3,3,NaN
0,3,3,NaN
0,3,3,NaN
0,3,3,NaN
0,3,3,0.35163936320323114
0,3,3,0.2235176087258517
0,3,3,0.08115644780417555
0,3,3,NaN
0,3,3,0.9444012070806406
0,3,3,NaN
0,3,3,NaN
0,3,3,NaN
0,3,3,NaN
0,3,3,NaN
0,3,3,NaN
0,3,3,NaN
0,3,3,0.8418168267177661
0,3,3,NaN
0,3,3,NaN
0,3,3,NaN
0,3,3,NaN
0,3,3,NaN
0,3,3,NaN
0,3,3,0.06058247105517931
0,3,3,NaN
0,3,3,0.9845924478014567
0,3,3,NaN
0,3,3,NaN
0,3,3,NaN
0,3,3,NaN
0,3,3,0.9452512051460086
0,3,3,NaN
0,3,3,NaN
0,3,3,0.39365820288251563
0,3,3,0.922483585895465
0,3,3,NaN
0,3,3,NaN
0,3,3,NaN
0,3,3,NaN
0,3,3,NaN
0,3,3,NaN
0,3,3,NaN
0,3,3,0.24299412154726827
0,3,3,NaN
0,3,3,NaN
0,3,3,NaN
0,3,3,NaN
0,3,3,NaN
0,3,3,NaN
0,3,3,0.4389759442456205
0,3,3,0.3147278493122561
0,3,3,NaN
0,3,3,NaN
0,3,3,0.8418168267177661
0,3,3,NaN
0,3,3,NaN
0,3,3,NaN
0,3,3,0.7943141978951035
0,3,3,NaN
0,3,3,NaN
0,3,3,NaN
0,3,3,NaN
0,3,3,NaN
0,3,3,0.10644627622097674
0,3,3,NaN
0,3,3,NaN
0,3,3,NaN
0,3,3,NaN
0,3,3,NaN
0,3,3,NaN
0,3,3,NaN
0,3,3,0.8418168267177661
0,3,3,NaN
0,3,3,NaN
0,3,3,NaN
0,3,3,NaN
0,3,3,0.6211047067208528
0,3,3,NaN
0,3,3,NaN
0,3,3,NaN
0,3,3,0.24299412154726827
0,3,3,NaN
0,3,3,NaN
0,3,3,NaN
0,3,3,NaN
0,3,3,0.8617097556108892
0,3,3,NaN
0,3,3,NaN
0,3,3,0.39365820288251563
0,3,3,NaN
0,3,3,NaN
0,3,3,NaN
0,3,3,NaN
0,3,3,NaN
0,3,3,NaN
0,3,3,NaN
0,3,3,NaN
0,3,3,NaN
0,3,3,NaN
0,3,3,NaN
0,3,3,NaN
0,3,3,0.7943141978951035
0,3,3,NaN
0,3,3,NaN
0,3,3,NaN
0,3,3,NaN
0,3,3,NaN
0,3,3,NaN
0,3,3,NaN
0,3,3,NaN
0,3,3,NaN
0,3,3,NaN
0,3,3,NaN
0,3,3,NaN
0,3,3,0.24299412154726827
0,3,3,NaN
0,3,3,0.9749834651108517
0,3,3,NaN
0,3,3,NaN
0,3,3,NaN
0,3,3,0.12196444410581492
0,3,3,NaN
0,3,3,NaN
0,3,3,0.2770589453938832
0,3,3,NaN
0,3,3,NaN
0,3,3,NaN
0,3,3,NaN
0,3,3,NaN
0,3,3,NaN
0,3,3,NaN
0,3,3,NaN
0,3,3,NaN
0,3,3,0.5773495910338519
0,3,3,NaN
0,3,3,NaN
0,3,3,NaN
0,3,3,NaN
0,3,3,0.922483585895465
0,3,3,NaN
0,3,3,0.4389759442456205
0,3,3,NaN
0,3,3,NaN
0,3,3,NaN
0,3,3,NaN
0,3,3,NaN
0,3,3,0.6629394266610144
0,3,3,NaN
0,3,3,0.8791469822960243
0,3,3,NaN
0,3,3,NaN
0,3,3,0.39365820288251563
0,3,3,NaN
0,3,3,NaN
0,3,3,NaN
0,3,3,NaN
0,3,3,0.4869472780660612
0,3,3,NaN
0,3,3,0.5210417691586329
0,3,3,NaN
0,3,3,NaN
0,3,3,NaN
0,3,3,0.6211047067208528
0,3,3,0.9444012070806406
0,3,3,NaN
0,3,3,NaN
0,3,3,NaN
0,3,3,NaN
0,3,3,NaN
0,3,3,NaN
0,3,3,NaN
0,3,3,NaN
0,3,3,0.6211047067208528
0,3,3,NaN
0,3,3,NaN
0,3,3,NaN
0,3,3,NaN
0,3,3,NaN
0,3,3,NaN
0,3,3,NaN
0,3,3,0.5773495910338519
0,3,3,NaN
0,3,3,NaN
0,3,3,NaN
0,3,3,0.39365820288251563
0,3,3,0.10644627622097674
0,3,3,NaN
0,3,3,0.4869472780660612
0,3,3,NaN
0,3,3,0.8418168267177661
0,3,3,NaN
0,3,3,NaN
0,3,3,NaN
0,3,3,NaN
0,3,3,0.4389759442456205
0,3,3,NaN
0,3,3,NaN
0,3,3,NaN
0,3,3,NaN
0,3,3,0.39365820288251563
0,3,3,0.3147278493122561
0,3,3,NaN
0,3,3,NaN
0,3,3,NaN
0,3,3,NaN
0,3,3,NaN
0,3,3,NaN
0,3,3,0.14080710657571024
0,3,3,NaN
0,3,3,NaN
0,3,3,NaN
0,3,3,NaN
0,3,3,0.7008553584305408
0,3,3,NaN
0,3,3,0.03025847703180226
0,3,3,NaN
0,3,3,0.7008553584305408
0,3,3,NaN
0,3,3,0.8617097556108892
0,3,3,NaN
0,3,3,0.35163936320323114
0,3,3,0.4869472780660612
0,3,3,NaN
0,3,3,NaN
0,3,3,NaN
0,3,3,0.8617097556108892
0,3,3,NaN
0,3,3,NaN
0,3,3,NaN
0,3,3,NaN
0,3,3,0.8204795116931126
0,3,3,0.7943141978951035
0,3,3,NaN
0,3,3,NaN
0,3,3,NaN
0,3,3,0.21187913375295056
0,3,3,NaN
0,3,3,NaN
0,3,3,NaN
0,3,3,NaN
0,3,3,NaN
0,3,3,NaN
0,3,3,0.5219627114535066
0,3,3,NaN
0,3,3,NaN
0,3,3,0.7534962314692407
0,3,3,0.06988872661807305
0,3,3,NaN
0,3,3,0.161264881038212
0,3,3,NaN
0,3,3,NaN
0,3,3,NaN
0,3,3,NaN
0,3,3,NaN
0,3,3,NaN
0,3,3,NaN
0,3,3,NaN
0,3,3,NaN
0,3,3,NaN
0,3,3,NaN
0,3,3,NaN
0,3,3,NaN
0,3,3,NaN
0,3,3,NaN
0,3,3,0.35163936320323114
0,3,3,NaN
0,3,3,NaN
0,3,3,NaN
0,3,3,NaN
0,3,3,NaN
0,3,3,NaN
0,3,3,0.019582362947367808
0,3,3,0.4389759442456205
0,3,3,NaN
0,3,3,NaN
0,3,3,NaN
0,3,3,NaN
0,3,3,NaN
0,3,3,NaN
0,3,3,NaN
0,3,3,NaN
0,3,3,NaN
0,3,3,NaN
0,3,3,NaN
0,3,3,NaN
0,3,3,NaN
0,3,3,NaN
0,3,3,NaN
0,3,3,NaN
0,3,3,NaN
0,3,3,NaN
0,3,3,0.35163936320323114
0,3,3,NaN
0,3,3,NaN
0,3,3,NaN
0,3,3,NaN
0,3,3,NaN
0,3,3,NaN
0,3,3,NaN
0,3,3,NaN
0,3,3,NaN
0,3,3,NaN
0,3,3,NaN
0,3,3,NaN
0,3,3,NaN
0,3,3,NaN
0,3,3,NaN
0,3,3,NaN
0,3,3,0.35163936320323114
0,3,3,NaN
0,3,3,NaN
0,3,3,NaN
0,3,3,NaN
0,3,3,NaN
0,3,3,NaN
0,3,3,NaN
0,3,3,NaN
0,3,3,0.9097889372969507
0,3,3,0.8617097556108892
0,3,3,NaN
0,3,3,NaN
0,3,3,NaN
0,3,3,NaN
0,3,3,0.6211047067208528
0,3,3,NaN
0,3,3,0.35163936320323114
0,3,3,0.4869472780660612
0,3,3,0.7287040245056824
0,3,3,NaN
0,3,3,NaN
0,3,3,0.9534911290835386
0,3,3,NaN
0,3,3,NaN
0,3,3,NaN
0,3,3,NaN
0,3,3,NaN
0,3,3,0.5773495910338519
0,3,3,NaN
0,3,3,NaN
0,3,3,0.4389759442456205
0,3,3,0.9097889372969507
0,3,3,NaN
0,3,3,NaN
0,3,3,NaN
0,3,3,NaN
0,3,3,NaN
0,3,3,0.04474451810852936
0,3,3,NaN
0,3,3,NaN
0,3,3,0.06058247105517931
0,3,3,NaN
0,3,3,NaN
0,3,3,NaN
0,3,3,0.39365820288251563
0,3,3,NaN
0,3,3,NaN
0,3,3,NaN
0,3,3,NaN
0,3,3,NaN
0,3,3,NaN
0,3,3,0.3147278493122561
0,3,3,NaN
0,3,3,0.4869472780660612
0,3,3,0.14080710657571024
0,3,3,NaN
0,3,3,NaN
0,3,3,0.4389759442456205
0,3,3,NaN
0,3,3,NaN
0,3,3,NaN
0,3,3,0.8204795116931126
0,3,3,NaN
0,3,3,0.15135508618465984
0,3,3,NaN
0,3,3,NaN
0,3,3,NaN
0,3,3,NaN
0,3,3,NaN
0,3,3,NaN
0,3,3,NaN
0,3,3,NaN
0,3,3,NaN
0,3,3,NaN
0,3,3,NaN
0,3,3,NaN
0,3,3,0.21187913375295056
0,3,3,0.7008553584305408
0,3,3,NaN
0,3,3,0.9097889372969507
0,3,3,NaN
0,3,3,NaN
0,3,3,NaN
0,3,3,NaN
0,3,3,NaN
0,3,3,NaN
0,3,3,NaN
0,3,3,NaN
0,3,3,NaN
0,3,3,NaN
0,3,3,NaN
0,3,3,NaN
0,3,3,NaN
0,3,3,NaN
0,3,3,NaN
0,3,3,NaN
0,3,3,NaN
0,3,3,NaN
0,3,3,NaN
0,3,3,NaN
0,3,3,NaN
0,3,3,NaN
0,3,3,NaN
0,3,3,NaN
0,3,3,NaN
0,3,3,NaN
0,3,3,NaN
0,3,3,NaN
0,3,3,NaN
0,3,3,NaN
0,3,3,NaN
0,3,3,0.7351022872357142
0,3,3,NaN
0,3,3,NaN
0,3,3,NaN
0,3,3,NaN
0,3,3,0.47710146730939523
0,3,3,0.4389759442456205
0,3,3,NaN
0,3,3,NaN
0,3,3,0.045946027748132785
0,3,3,NaN
0,3,3,NaN
0,3,3,NaN
0,3,3,NaN
0,3,3,NaN
0,3,3,0.922483585895465
0,3,3,NaN
0,3,3,NaN
0,3,3,NaN
0,3,3,NaN
0,3,3,NaN
0,3,3,NaN
0,3,3,NaN
0,3,3,NaN
0,3,3,0.8696920542569855
0,3,3,NaN
0,3,3,0.6211047067208528
0,3,3,NaN
0,3,3,NaN
0,3,3,NaN
0,3,3,NaN
0,3,3,0.08115644780417555
0,3,3,NaN
0,3,3,NaN
0,3,3,NaN
0,3,3,NaN
0,3,3,NaN
0,3,3,NaN
0,3,3,0.7659187175498298
0,3,3,NaN
0,3,3,0.39365820288251563
0,3,3,NaN
0,3,3,NaN
0,3,3,NaN
0,3,3,NaN
0,3,3,0.9661692740417832
0,3,3,0.534054961478336
0,3,3,NaN
0,3,3,NaN
0,3,3,NaN
0,3,3,NaN
0,3,3,NaN
0,3,3,0.06058247105517931
0,3,3,NaN
0,3,3,0.8418168267177661
0,3,3,NaN
0,3,3,NaN
0,3,3,NaN
0,3,3,NaN
0,3,3,NaN
0,3,3,NaN
0,3,3,NaN
0,3,3,0.7351022872357142
0,3,3,0.2770589453938832
0,3,3,NaN
0,3,3,NaN
0,3,3,NaN
0,3,3,NaN
0,3,3,NaN
0,3,3,NaN
0,3,3,NaN
0,3,3,NaN
0,3,3,0.7659187175498298
0,3,3,NaN
0,3,3,NaN
0,3,3,NaN
0,3,3,0.8418168267177661
0,3,3,NaN
0,3,3,NaN
0,3,3,NaN
0,3,3,NaN
0,3,3,NaN
0,3,3,0.39365820288251563
0,3,3,0.9097889372969507
0,3,3,NaN
0,3,3,NaN
0,3,3,NaN
0,3,3,NaN
0,3,3,0.9097889372969507
0,3,3,NaN
0,3,3,NaN
0,3,3,0.10644627622097674
0,3,3,NaN
0,3,3,NaN
0,3,3,0.7008553584305408
0,3,3,0.3444737977558963
0,3,3,NaN
0,3,3,0.09331494238381467
0,3,3,NaN
0,3,3,NaN
0,3,3,NaN
0,3,3,NaN
0,3,3,NaN
0,3,3,NaN
0,3,3,NaN
0,3,3,NaN
0,3,3,NaN
0,3,3,NaN
0,3,3,0.8204795116931126
0,3,3,NaN
0,3,3,0.5773495910338519
0,3,3,NaN
0,3,3,NaN
0,3,3,NaN
0,3,3,NaN
0,3,3,0.8791469822960243
0,3,3,0.7351022872357142
0,3,3,NaN
0,3,3,NaN
0,3,3,0.9444012070806406
0,3,3,NaN
0,3,3,NaN
0,3,3,NaN
0,3,3,NaN
0,3,3,NaN
0,3,3,0.534054961478336
0,3,3,NaN
0,3,3,NaN
0,3,3,NaN
0,3,3,NaN
0,3,3,0.9534911290835386
0,3,3,NaN
0,3,3,NaN
0,3,3,0.14080710657571024
0,3,3,NaN
0,3,3,NaN
0,3,3,0.9097889372969507
0,3,3,0.9534911290835386
0,3,3,NaN
0,3,3,NaN
0,3,3,NaN
0,3,3,NaN
0,3,3,NaN
0,3,3,NaN
0,3,3,0.019582362947367808
0,3,3,NaN
0,3,3,NaN
0,3,3,NaN
0,3,3,0.6629394266610144
0,3,3,NaN
0,3,3,NaN
0,3,3,NaN
0,3,3,NaN
0,3,3,NaN
0,3,3,0.7008553584305408
0,3,3,0.9534911290835386
0,3,3,NaN
0,3,3,NaN
0,3,3,NaN
0,3,3,0.009708197960407164
0,3,3,NaN
0,3,3,NaN
0,3,3,NaN
0,3,3,0.35163936320323114
0,3,3,NaN
0,3,3,NaN
0,3,3,NaN
0,3,3,NaN
0,3,3,0.35163936320323114
0,3,3,NaN
0,3,3,NaN
0,3,3,NaN
0,3,3,NaN
0,3,3,NaN
0,3,3,NaN
0,3,3,0.18561760226461765
0,3,3,NaN
0,3,3,0.4869472780660612
0,3,3,NaN
0,3,3,NaN
0,3,3,NaN
0,3,3,NaN
0,3,3,NaN
0,3,3,NaN
0,3,3,NaN
0,3,3,NaN
0,3,3,NaN
0,3,3,NaN
0,3,3,0.09331494238381467
0,3,3,NaN
0,3,3,NaN
0,3,3,NaN
0,3,3,NaN
0,3,3,NaN
0,3,3,0.4869472780660612
0,3,3,0.8791469822960243
0,3,3,NaN
0,3,3,0.534054961478336
0,3,3,NaN
0,3,3,0.001287131655940433
0,3,3,0.8204795116931126
0,3,3,NaN
0,3,3,NaN
0,3,3,NaN
0,3,3,0.9799588626550771
0,3,3,NaN
0,3,3,NaN
0,3,3,NaN
0,3,3,NaN
0,3,3,NaN
0,3,3,0.6629394266610144
0,3,3,0.8791469822960243
0,3,3,0.161264881038212
0,3,3,NaN
0,3,3,NaN
0,3,3,NaN
0,3,3,NaN
0,3,3,NaN
0,3,3,NaN
0,3,3,0.7943141978951035
0,3,3,NaN
0,3,3,NaN
0,3,3,NaN
0,3,3,0.8617097556108892
0,3,3,0.7659187175498298
0,3,3,NaN
0,3,3,NaN
0,3,3,NaN
0,3,3,NaN
0,3,3,NaN
0,3,3,NaN
0,3,3,NaN
0,3,3,NaN
0,3,3,NaN
0,3,3,NaN
0,3,3,NaN
0,3,3,NaN
0,3,3,NaN
0,3,3,NaN
0,3,3,NaN
0,3,3,NaN
0,3,3,NaN
0,3,3,NaN
0,3,3,0.4869472780660612
0,3,3,NaN
0,3,3,NaN
0,3,3,NaN
0,3,3,NaN
0,3,3,NaN
0,3,3,NaN
0,3,3,NaN
0,3,3,NaN
0,3,3,NaN
0,3,3,NaN
0,3,3,0.4869472780660612
0,3,3,0.4389759442456205
0,3,3,0.161264881038212
0,3,3,NaN
0,3,3,NaN
0,3,3,NaN
0,3,3,NaN
0,3,3,NaN
0,3,3,NaN
0,3,3,0.12196444410581492
0,3,3,0.534054961478336
0,3,3,NaN
0,3,3,0.35163936320323114
0,3,3,0.4869472780660612
0,3,3,NaN
0,3,3,0.161264881038212
0,3,3,NaN
0,3,3,NaN
0,3,3,NaN
0,3,3,NaN
0,3,3,NaN
0,3,3,0.6632238971162197
0,3,3,0.6211047067208528
0,3,3,NaN
0,3,3,NaN
0,3,3,NaN
0,3,3,0.7943141978951035
0,3,3,0.8949950374154003
0,3,3,NaN
0,3,3,NaN
0,3,3,NaN
0,3,3,0.7659187175498298
0,3,3,NaN
0,3,3,NaN
0,3,3,NaN
0,3,3,NaN
0,3,3,NaN
0,3,3,NaN
0,3,3,NaN
0,3,3,NaN
0,3,3,0.7659187175498298
0,3,3,NaN
0,3,3,NaN
0,3,3,NaN
0,3,3,NaN
0,3,3,NaN
0,3,3,NaN
0,3,3,NaN
0,3,3,NaN
0,3,3,NaN
0,3,3,0.4869472780660612
0,3,3,NaN
0,3,3,0.7351022872357142
0,3,3,NaN
0,3,3,0.35163936320323114
0,3,3,NaN
0,3,3,NaN
0,3,3,0.7008553584305408
0,3,3,NaN
0,3,3,NaN
0,3,3,0.5773495910338519
0,3,3,NaN
0,3,3,0.7659187175498298
0,3,3,NaN
0,3,3,NaN
0,3,3,NaN
0,3,3,NaN
0,3,3,NaN
0,3,3,NaN
0,3,3,NaN
0,3,3,NaN
0,3,3,0.18561760226461765
0,3,3,NaN
0,3,3,NaN
0,3,3,NaN
0,3,3,NaN
0,3,3,NaN
0,3,3,NaN
0,3,3,0.022641636257990223
0,3,3,NaN
0,3,3,NaN
0,3,3,NaN
0,3,3,NaN
0,3,3,0.9336743037628588
0,3,3,NaN
0,3,3,NaN
0,3,3,0.4389759442456205
0,3,3,NaN
0,3,3,NaN
0,3,3,0.7943141978951035
0,3,3,NaN
0,3,3,NaN
0,3,3,NaN
0,3,3,NaN
0,3,3,NaN
0,3,3,NaN
0,3,3,0.18561760226461765
0,3,3,NaN
0,3,3,NaN
0,3,3,NaN
0,3,3,NaN
0,3,3,NaN
0,3,3,NaN
0,3,3,NaN
0,3,3,0.4584957332891234
0,3,3,NaN
0,3,3,0.4389759442456205
0,3,3,0.08115644780417555
0,3,3,NaN
0,3,3,0.9211848590541657
0,3,3,NaN
0,3,3,0.9097889372969507
0,3,3,0.18561760226461765
0,3,3,NaN
0,3,3,0.8418168267177661
0,3,3,NaN
0,3,3,NaN
0,3,3,NaN
0,3,3,NaN
0,3,3,NaN
0,3,3,NaN
0,3,3,NaN
0,3,3,NaN
0,3,3,NaN
0,3,3,NaN
0,3,3,0.21187913375295056
0,3,3,NaN
0,3,3,NaN
0,3,3,NaN
0,3,3,NaN
0,3,3,0.9097889372969507
0,3,3,NaN
0,3,3,NaN
0,3,3,NaN
0,3,3,NaN
0,3,3,0.5773495910338519
0,3,3,NaN
0,3,3,NaN
0,3,3,NaN
0,3,3,NaN
0,3,3,0.4389759442456205
0,3,3,NaN
0,3,3,0.09331494238381467
0,3,3,0.5773495910338519
0,3,3,NaN
0,3,3,0.39365820288251563
0,3,3,NaN
0,3,3,NaN
0,3,3,NaN
0,3,3,NaN
0,3,3,NaN
0,3,3,0.534054961478336
0,3,3,NaN
0,3,3,NaN
0,3,3,NaN
0,3,3,0.14080710657571024
0,3,3,NaN
0,3,3,NaN
0,3,3,NaN
0,3,3,NaN
0,3,3,NaN
0,3,3,NaN
0,3,3,NaN
0,3,3,NaN
0,3,3,NaN
0,3,3,NaN
0,3,3,NaN
0,3,3,0.24299412154726827
0,3,3,NaN
0,3,3,0.14080710657571024
0,3,3,NaN
0,3,3,0.21187913375295056
0,3,3,NaN
0,3,3,NaN
0,3,3,NaN
0,3,3,0.022641636257990223
0,3,3,NaN
0,3,3,0.7351022872357142
0,3,3,NaN
0,3,3,NaN
0,3,3,NaN
0,3,3,0.09331494238381467
0,3,3,NaN
0,3,3,NaN
0,3,3,NaN
0,3,3,NaN
0,3,3,NaN
0,3,3,NaN
0,3,3,NaN
0,3,3,NaN
0,3,3,NaN
0,3,3,NaN
0,3,3,0.35163936320323114
0,3,3,NaN
0,3,3,NaN
0,3,3,0.6629394266610144
0,3,3,NaN
0,3,3,0.8617097556108892
0,3,3,NaN
0,3,3,NaN
0,3,3,NaN
0,3,3,NaN
0,3,3,NaN
0,3,3,0.3147278493122561
0,3,3,NaN
0,3,3,NaN
0,3,3,NaN
0,3,3,NaN
0,3,3,NaN
0,3,3,0.9336743037628588
0,3,3,0.922483585895465
0,3,3,0.05486146185728831
0,3,3,NaN
0,3,3,NaN
0,3,3,0.019582362947367808
0,3,3,NaN
0,3,3,0.9097889372969507
0,3,3,NaN
0,3,3,NaN
0,3,3,0.6629394266610144
0,3,3,0.06058247105517931
0,3,3,0.002144739130434723
0,3,3,NaN
0,3,3,0.9336743037628588
0,3,3,NaN
0,3,3,NaN
0,3,3,NaN
0,3,3,NaN
0,3,3,NaN
0,3,3,NaN
0,3,3,NaN
0,3,3,0.14080710657571024
0,3,3,NaN
0,3,3,NaN
0,3,3,NaN
0,3,3,0.8418168267177661
0,3,3,NaN
0,3,3,NaN
0,3,3,NaN
0,3,3,NaN
0,3,3,NaN
0,3,3,NaN
0,3,3,NaN
0,3,3,0.9336743037628588
0,3,3,NaN
0,3,3,NaN
0,3,3,0.06988872661807305
0,3,3,NaN
0,3,3,NaN
0,3,3,NaN
0,3,3,NaN
0,3,3,0.24299412154726827
0,3,3,NaN
0,3,3,0.8204795116931126
0,3,3,0.8204795116931126
0,3,3,NaN
0,3,3,NaN
0,3,3,0.4389759442456205
0,3,3,NaN
0,3,3,NaN
0,3,3,0.7351022872357142
0,3,3,NaN
0,3,3,NaN
0,3,3,NaN
0,3,3,NaN
0,3,3,NaN
0,3,3,0.4389759442456205
0,3,3,NaN
0,3,3,NaN
0,3,3,NaN
0,3,3,NaN
0,3,3,NaN
0,3,3,0.8791469822960243
0,3,3,0.39365820288251563
0,3,3,0.35163936320323114
0,3,3,NaN
0,3,3,0.6211047067208528
0,3,3,NaN
0,3,3,NaN
0,3,3,NaN
0,3,3,NaN
0,3,3,NaN
0,3,3,NaN
0,3,3,NaN
0,3,3,NaN
0,3,3,NaN
0,3,3,0.05295374443847441
0,3,3,0.46202580858669456
0,3,3,NaN
0,3,3,0.5773495910338519
0,3,3,NaN
0,3,3,NaN
0,3,3,NaN
0,3,3,NaN
0,3,3,NaN
0,3,3,NaN
0,3,3,NaN
0,3,3,NaN
0,3,3,0.5773495910338519
0,3,3,NaN
0,3,3,0.001847614597639407
0,3,3,NaN
0,3,3,0.8791469822960243
0,3,3,NaN
0,3,3,0.06058247105517931
0,3,3,0.08115644780417555
0,3,3,NaN
0,3,3,NaN
0,3,3,0.4389759442456205
0,3,3,NaN
0,3,3,NaN
0,3,3,NaN
0,3,3,0.6629394266610144
0,3,3,NaN
0,3,3,NaN
0,3,3,NaN
0,3,3,0.4869472780660612
0,3,3,NaN
0,3,3,NaN
0,3,3,0.8204795116931126
0,3,3,NaN
0,3,3,0.06988872661807305
0,3,3,0.922483585895465
0,3,3,0.18561760226461765
0,3,3,NaN
0,3,3,NaN
0,3,3,0.21187913375295056
0,3,3,NaN
0,3,3,NaN
0,3,3,NaN
0,3,3,NaN
0,3,3,NaN
0,3,3,NaN
0,3,3,NaN
0,3,3,0.7008553584305408
0,3,3,NaN
0,3,3,NaN
0,3,3,NaN
0,3,3,0.39365820288251563
0,3,3,NaN
0,3,3,0.3147278493122561
0,3,3,NaN
0,3,3,0.06312346629108583
0,3,3,NaN
0,3,3,NaN
0,3,3,NaN
0,3,3,0.7659187175498298
0,3,3,0.8617097556108892
0,3,3,NaN
0,3,3,NaN
0,3,3,NaN
0,3,3,NaN
0,3,3,0.21187913375295056
0,3,3,0.6629394266610144
0,3,3,NaN
0,3,3,0.05295374443847441
0,3,3,NaN
0,3,3,NaN
0,3,3,NaN
0,3,3,NaN
0,3,3,NaN
0,3,3,NaN
0,3,3,NaN
0,3,3,NaN
0,3,3,NaN
0,3,3,0.4389759442456205
0,3,3,NaN
0,3,3,NaN
0,3,3,0.045946027748132785
0,3,3,NaN
0,3,3,NaN
0,3,3,NaN
0,3,3,NaN
0,3,3,NaN
0,3,3,NaN
0,3,3,NaN
0,3,3,NaN
0,3,3,0.016352394412106192
0,3,3,NaN
0,3,3,NaN
0,3,3,0.39365820288251563
0,3,3,NaN
0,3,3,NaN
0,3,3,NaN
0,3,3,0.03973270879120916
0,3,3,NaN
0,3,3,NaN
0,3,3,NaN
0,3,3,NaN
0,3,3,NaN
0,3,3,0.35163936320323114
0,3,3,NaN
0,3,3,NaN
0,3,3,0.12196444410581492
0,3,3,NaN
0,3,3,0.6629394266610144
0,3,3,0.7008553584305408
0,3,3,NaN
0,3,3,0.14080710657571024
0,3,3,NaN
0,3,3,NaN
0,3,3,0.7478500924108313
0,3,3,NaN
0,3,3,NaN
0,3,3,0.7943141978951035
0,3,3,NaN
0,3,3,NaN
0,3,3,NaN
0,3,3,NaN
0,3,3,0.4164417145464612
0,3,3,NaN
0,3,3,NaN
0,3,3,NaN
0,3,3,NaN
0,3,3,NaN
0,3,3,NaN
0,3,3,NaN
0,3,3,0.3147278493122561
0,3,3,NaN
0,3,3,NaN
0,3,3,NaN
0,3,3,0.7659187175498298
0,3,3,0.8617097556108892
0,3,3,NaN
0,3,3,NaN
0,3,3,NaN
0,3,3,NaN
0,3,3,0.6629394266610144
0,3,3,NaN
0,3,3,NaN
0,3,3,NaN
0,3,3,NaN
0,3,3,NaN
0,3,3,NaN
0,3,3,NaN
0,3,3,NaN
0,3,3,NaN
0,3,3,NaN
0,3,3,NaN
0,3,3,NaN
0,3,3,NaN
0,3,3,0.7351022872357142
0,3,3,NaN
0,3,3,NaN
0,3,3,NaN
0,3,3,NaN
0,3,3,NaN
0,3,3,NaN
0,3,3,0.9941692455764074
0,3,3,0.6629394266610144
0,3,3,0.35163936320323114
0,3,3,NaN
0,3,3,NaN
0,3,3,NaN
0,3,3,NaN
0,3,3,NaN
0,3,3,NaN
0,3,3,NaN
0,3,3,0.8204795116931126
0,3,3,NaN
0,3,3,0.10644627622097674
0,3,3,NaN
0,3,3,NaN
0,3,3,NaN
0,3,3,NaN
0,3,3,0.21187913375295056
0,3,3,NaN
0,3,3,0.24299412154726827
0,3,3,0.24299412154726827
0,3,3,NaN
0,3,3,NaN
0,3,3,NaN
0,3,3,0.534054961478336
0,3,3,NaN
0,3,3,NaN
0,3,3,NaN
0,3,3,NaN
0,3,3,NaN
0,3,3,0.2770589453938832
0,3,3,0.35163936320323114
0,3,3,NaN
0,3,3,NaN
0,3,3,0.9534911290835386
0,3,3,NaN
0,3,3,NaN
0,3,3,NaN
0,3,3,NaN
0,3,3,NaN
0,3,3,0.8617097556108892
0,3,3,0.9336743037628588
0,3,3,NaN
0,3,3,NaN
0,3,3,0.4389759442456205
0,3,3,NaN
0,3,3,NaN
0,3,3,0.9097889372969507
0,3,3,NaN
0,3,3,NaN
0,3,3,NaN
0,3,3,NaN
0,3,3,0.9799588626550771
0,3,3,NaN
0,3,3,NaN
0,3,3,0.08115644780417555
0,3,3,NaN
0,3,3,NaN
0,3,3,0.9444012070806406
0,3,3,NaN
0,3,3,0.6629394266610144
0,3,3,NaN
0,3,3,NaN
0,3,3,NaN
0,3,3,0.534054961478336
0,3,3,NaN
0,3,3,NaN
0,3,3,NaN
0,3,3,NaN
0,3,3,NaN
0,3,3,0.019582362947367808
0,3,3,NaN
0,3,3,NaN
0,3,3,0.045946027748132785
0,3,3,NaN
0,3,3,0.8204795116931126
0,3,3,NaN
0,3,3,NaN
0,3,3,NaN
0,3,3,0.2770589453938832
0,3,3,NaN
0,3,3,NaN
0,3,3,0.7351022872357142
0,3,3,NaN
0,3,3,NaN
0,3,3,0.7008553584305408
0,3,3,NaN
0,3,3,NaN
0,3,3,NaN
0,3,3,NaN
0,3,3,NaN
0,3,3,NaN
0,3,3,NaN
0,3,3,NaN
0,3,3,NaN
0,3,3,0.8617097556108892
0,3,3,NaN
0,3,3,NaN
0,3,3,NaN
0,3,3,NaN
0,3,3,NaN
0,3,3,NaN
0,3,3,NaN
0,3,3,NaN
0,3,3,NaN
0,3,3,0.7008553584305408
0,3,3,0.08115644780417555
0,3,3,NaN
0,3,3,NaN
0,3,3,NaN
0,3,3,NaN
0,3,3,NaN
0,3,3,NaN
0,3,3,NaN
0,3,3,NaN
0,3,3,0.06988872661807305
0,3,3,NaN
0,3,3,NaN
0,3,3,0.9097889372969507
0,3,3,NaN
0,3,3,NaN
0,3,3,NaN
0,3,3,NaN
0,3,3,0.03468779084967369
0,3,3,0.534054961478336
0,3,3,NaN
0,3,3,NaN
0,3,3,NaN
0,3,3,NaN
0,3,3,NaN
0,3,3,NaN
0,3,3,NaN
0,3,3,NaN
0,3,3,NaN
0,3,3,NaN
0,3,3,NaN
0,3,3,NaN
0,3,3,NaN
0,3,3,NaN
0,3,3,0.3147278493122561
0,3,3,0.03025847703180226
0,3,3,NaN
0,3,3,0.14080710657571024
0,3,3,0.23775516925726875
0,3,3,NaN
0,3,3,0.5773495910338519
0,3,3,NaN
0,3,3,NaN
0,3,3,NaN
0,3,3,0.03025847703180226
0,3,3,NaN
0,3,3,NaN
0,3,3,NaN
0,3,3,NaN
0,3,3,NaN
0,3,3,NaN
0,3,3,NaN
0,3,3,NaN
0,3,3,NaN
0,3,3,NaN
0,3,3,NaN
0,3,3,NaN
0,3,3,NaN
0,3,3,NaN
0,3,3,0.03025847703180226
0,3,3,NaN
0,3,3,NaN
0,3,3,0.08115644780417555
0,3,3,NaN
0,3,3,NaN
0,3,3,NaN
0,3,3,NaN
0,3,3,NaN
0,3,3,0.6629394266610144
0,3,3,0.1789386669067468
0,3,3,0.4869472780660612
0,3,3,0.9444012070806406
0,3,3,0.24299412154726827
0,3,3,NaN
0,3,3,NaN
0,3,3,NaN
0,3,3,NaN
0,3,3,NaN
0,3,3,NaN
0,3,3,NaN
0,3,3,NaN
0,3,3,0.03973270879120916
0,3,3,NaN
0,3,3,NaN
0,3,3,NaN
0,3,3,0.10644627622097674
0,3,3,NaN
0,3,3,NaN
0,3,3,0.9845924478014567
0,3,3,NaN
0,3,3,NaN
0,3,3,NaN
0,3,3,NaN
0,3,3,NaN
0,3,3,NaN
0,3,3,NaN
0,3,3,0.14080710657571024
0,3,3,0.161264881038212
0,3,3,NaN
0,3,3,NaN
0,3,3,NaN
0,3,3,0.6629394266610144
0,3,3,NaN
0,3,3,0.6629394266610144
0,3,3,NaN
0,3,3,NaN
0,3,3,0.21187913375295056
0,3,3,NaN
0,3,3,NaN
0,3,3,NaN
0,3,3,0.8418168267177661
0,3,3,NaN
0,3,3,NaN
0,3,3,0.03468779084967369
0,3,3,NaN
0,3,3,NaN
0,3,3,NaN
0,3,3,NaN
0,3,3,NaN
0,3,3,NaN
0,3,3,NaN
0,3,3,0.35163936320323114
0,3,3,0.534054961478336
0,3,3,NaN
0,3,3,NaN
0,3,3,0.5797923664363692
0,3,3,NaN
0,3,3,NaN
0,3,3,0.7943141978951035
0,3,3,NaN
0,3,3,NaN
0,3,3,0.9097889372969507
0,3,3,0.8617097556108892
0,3,3,NaN
0,3,3,NaN
0,3,3,NaN
0,3,3,NaN
0,3,3,NaN
0,3,3,0.4389759442456205
0,3,3,NaN
0,3,3,NaN
0,3,3,NaN
0,3,3,NaN
0,3,3,NaN
0,3,3,NaN
0,3,3,0.962032138983051
0,3,3,NaN
0,3,3,0.8791469822960243
0,3,3,NaN
0,3,3,NaN
0,3,3,NaN
0,3,3,NaN
0,3,3,0.6629394266610144
0,3,3,NaN
0,3,3,0.4389759442456205
0,3,3,0.18561760226461765
0,3,3,NaN
0,3,3,NaN
0,3,3,NaN
0,3,3,NaN
0,3,3,NaN
0,3,3,0.39365820288251563
0,3,3,0.6211047067208528
0,3,3,NaN
0,3,3,NaN
0,3,3,NaN
0,3,3,NaN
0,3,3,NaN
0,3,3,0.8418168267177661
0,3,3,0.908124974584773
0,3,3,0.7659187175498298
0,3,3,NaN
0,3,3,NaN
0,3,3,0.4389759442456205
0,3,3,NaN
0,3,3,NaN
0,3,3,NaN
0,3,3,NaN
0,3,3,0.03468779084967369
0,3,3,NaN
0,3,3,NaN
0,3,3,NaN
0,3,3,NaN
0,3,3,0.559640867477809
0,3,3,NaN
0,3,3,NaN
0,3,3,NaN
0,3,3,NaN
0,3,3,NaN
0,3,3,0.7659187175498298
0,3,3,NaN
0,3,3,0.9336743037628588
0,3,3,NaN
0,3,3,0.922483585895465
0,3,3,0.18561760226461765
0,3,3,NaN
0,3,3,NaN
0,3,3,NaN
0,3,3,NaN
0,3,3,NaN
0,3,3,0.922483585895465
0,3,3,0.8204795116931126
0,3,3,NaN
0,3,3,0.922483585895465
0,3,3,0.39365820288251563
0,3,3,NaN
0,3,3,NaN
0,3,3,NaN
0,3,3,0.922483585895465
0,3,3,NaN
0,3,3,NaN
0,3,3,NaN
0,3,3,NaN
0,3,3,NaN
0,3,3,NaN
0,3,3,NaN
0,3,3,NaN
0,3,3,NaN
0,3,3,NaN
0,3,3,NaN
0,3,3,NaN
0,3,3,NaN
0,3,3,NaN
0,3,3,NaN
0,3,3,NaN
0,3,3,NaN
0,3,3,0.3147278493122561
0,3,3,NaN
0,3,3,NaN
0,3,3,NaN
0,3,3,0.6211047067208528
0,3,3,NaN
0,3,3,NaN
0,3,3,NaN
0,3,3,NaN
0,3,3,NaN
0,3,3,NaN
0,3,3,NaN
0,3,3,NaN
0,3,3,NaN
0,3,3,NaN
0,3,3,NaN
0,3,3,NaN
0,3,3,NaN
0,3,3,0.8418168267177661
0,3,3,NaN
0,3,3,NaN
0,3,3,NaN
0,3,3,NaN
0,3,3,0.7943141978951035
0,3,3,NaN
0,3,3,0.534054961478336
0,3,3,NaN
0,3,3,NaN
0,3,3,NaN
0,3,3,NaN
0,3,3,NaN
0,3,3,0.7351022872357142
0,3,3,0.7409332389158217
0,3,3,NaN
0,3,3,0.03973270879120916
0,3,3,0.35163936320323114
0,3,3,NaN
0,3,3,NaN
0,3,3,0.991808263676121
0,3,3,NaN
